Spatial Output/patch_out_check_00031.asc
NCOLS 155
NROWS 192
XLLCORNER 196769.923733
YLLCORNER 449719.875193
CELLSIZE 27.603701
NODATA_VALUE NaN
[rows 46 to 68 of 192, columns 53 to 105 of 155]
70.3144835993 70.3144835993 45.662586398 46.3855274066 45.7207636462 45.6086704946 46.3238195527 45.4994668941 45.6024191718 45.2725097738 45.2077763141 45.7971826783 45.9161530973 45.5420958311 45.024190626 46.2836780801 45.0667562252 45.4490613406 45.2567895731 45.3548292053 45.5272945026 46.1081568025 45.7954499298 45.1737310197 45.7843897012 46.1298871022 45.2659515464 45.8192414779 46.2017590623 45.871547832 46.3190246165 45.2758455495 45.7179028981 45.1429081736 45.8909926956 46.0826289373 45.529778913 45.3071479291 46.3516154932 45.0860998803 45.7483999957 46.1768498462 45.3586587354 46.02651582 45.027088189 45.7587670177 46.39517858 45.4326743855 45.317771037 45.877273332 46.0959846121 45.6380940482 45.2199776797
70.3144835993 46.2905981267 46.341327729 45.3512104766 46.2802510186 45.8001353031 45.6865773053 45.5599312715 45.609554785 45.6628252123 46.1547976463 45.1064792596 45.477414219 46.2179446815 45.3639989158 45.5932376284 46.0662167378 45.9453184671 45.2492626109 45.6053353434 46.1238093207 46.1725380802 45.4586351633 46.1984874854 45.1732823493 46.3275242644 46.1029918831 46.2919738913 46.181228134 45.2025290863 45.3026653072 46.1406239275 45.0063247736 45.8845992795 45.8858548064 45.2258652092 45.6730925323 45.9962043738 45.0714826091 45.996558485 45.4117871007 45.7010758373 46.3211917226 45.472480663 46.2329331709 45.9276883172 46.0428634141 45.2324158469 45.0774372948 45.8420717618 45.9599047647 45.3549918466 46.1963053138
45.1863007809 45.7498494729 45.1057577209 45.0292880625 45.4674445409 46.1777855078 46.4053782162 45.3946359762 45.3634403832 45.2703179277 45.4022813722 45.9930363418 45.6043063231 45.6017048145 45.6104928941 45.4297156946 45.1372262194 45.0910880649 45.4110800412 45.3770667573 45.4138673027 45.2226416868 45.0190936351 45.8087726437 45.0552523327 45.249676425 46.2558511779 46.4138423767 45.0496748782 46.2083504635 45.1116215688 45.7786218179 46.1051878031 45.4760434509 45.8339084663 45.5996457279 45.718280687 45.4966367786 45.8036417487 46.2344504387 45.075820047 46.1437484359 45.5738340351 45.3594509597 45.2270435147 45.9167808736 45.1618049464 45.3314145295 45.9155099201 45.4443022739 46.3093341655 45.5768473866 45.420442481
46.280978808 45.0168789466 45.686751937 45.8673101158 45.0132370922 46.3205362177 45.7412895194 45.5393505328 45.8383612167 46.1569133577 46.4072081634 45.6304525939 46.030611235 45.088293592 46.2821558248 45.9840106428 45.3317435374 46.0767580416 46.06844452 46.2232663846 45.9175635252 45.5128663481 45.9207979675 45.4818683963 45.568823564 45.2937980942 46.2173889105 45.7543252517 45.2921948134 45.4077649334 45.3746307703 45.8472378077 46.1303434254 45.0121638534 45.4410061563 45.4085978464 45.4223386722 45.5850948577 45.7828751469 45.0676968552 46.1685040629 46.2147494412 45.6627230294 45.4415883418 45.8888288416 45.1965166748 45.4441255197 45.8296245686 45.8813620949 45.1675743708 45.4268556029 45.0850253869 46.1016418209
45.227835862 46.0828284598 45.3947795781 45.4788190238 45.839753572 45.5660021307 45.6070027682 46.366630518 46.1686015348 45.1686705029 45.2459296352 45.6534163377 45.9724094733 46.1476695507 45.1772142695 45.3869828166 45.2054499917 45.041232097 45.2225171993 45.4407128103 45.9755084128 45.5737849938 45.9440207619 46.3541877398 46.0175494453 46.1264072966 45.722348502 45.5519585433 45.9738140338 46.0394330096 45.9101193702 45.3856218126 45.7020706348 46.3548080865 45.5483396923 46.1541581357 45.4166791304 45.3456212597 45.2641525664 45.0081625121 45.9401566281 45.6486859766 46.1130875085 45.8374168409 45.2001845194 45.615174178 45.9316061909 45.3484794444 46.0026077449 45.8526859994 45.4044775277 45.6621500647 46.4088464763
45.1399722202 45.1998399412 45.1123821992 46.1305841522 45.5659857896 45.8694110093 45.5308899983 45.8150350023 45.8499401404 46.0617013981 45.0755236592 46.4053817063 45.3554606373 45.7819444923 46.0518913201 45.0431032965 46.3869642561 46.2697795254 45.4202809894 46.1860275984 45.9400240508 45.0440812352 45.0281786769 45.5691457062 46.1767030415 46.2253074679 45.6776713211 45.321168034 45.4293366662 45.684111116 45.1641811348 45.8583841709 45.2444135647 46.1002216906 45.3624411395 45.3953619474 45.540745909 45.6768762456 45.9716926024 45.0378079779 46.0683377049 45.3717391206 46.3935924728 46.1486752916 46.3726680458 45.3153866048 45.1677170753 45.9534515711 45.2268093518 45.9934086432 45.4508791698 46.2542576078 45.4193583044
45.7067480101 46.0112074433 45.5855064449 45.7510637286 65.9766381461 45.7505518141 45.8774122031 46.2172304131 45.2973189399 46.2517731131 46.3582883828 45.9417994327 45.4493412262 45.5111802025 45.8222951023 45.4819470894 45.247633404 46.4129049357 46.1711121578 45.9344553646 45.1558732035 45.2528468941 46.2401109232 46.202697912 45.3034794574 45.8433294155 45.4597463835 46.1123393944 45.553981852 45.2981164834 46.1487306963 46.0627508786 45.5468232136 46.2598752486 45.7521713087 46.0726039182 45.4309659039 45.27350091 46.2476647324 45.3790424697 45.3557246163 45.1350349114 46.1483165832 45.0182454567 46.2332814538 45.3766212673 45.6782130757 45.0037371848 45.660639015 45.9982245054 45.4101547699 45.5820189343 45.018919325
45.5506412624 46.0549085067 46.238964709 46.0342247103 45.7454401455 45.4835397231 45.2837142763 46.2507147043 45.4904209654 45.8791108754 45.2327892061 45.618348573 45.0941760366 45.3673368372 46.3624720661 45.9543191978 45.8390401079 45.0421154854 45.0264680978 46.1931744269 45.4036071097 45.0321045255 45.8255971542 45.2828782093 46.348189037 45.7877123766 45.0896299199 45.8201076542 45.7851675119 46.2632801725 45.6555491492 45.9608593284 45.3171850952 45.5203677766 46.0688930252 45.7308923601 45.552921543 45.8093157403 45.0891363281 45.358508022 46.3369797483 45.8318406855 45.7906451572 45.1870420642 45.9888504301 45.0919884462 46.2857878422 45.4229630836 45.5849377388 45.6999809807 46.3086619769 45.4102609623 58.1839091555
45.6661345769 45.8434371671 45.30686409 45.3941743565 90.3820717263 90.3820717263 90.3820717263 45.3615211946 45.4219938151 45.7538761031 45.9216483333 46.0589452845 45.4669224297 45.9178201523 45.0797277329 45.8780089146 45.4567322665 45.5037164517 45.0957623784 46.2122434942 46.356227869 46.0263987809 46.1138307115 45.963284312 45.0455917029 46.0389080841 45.1944690898 46.0026771045 45.7183960909 46.1924044982 45.0350955928 46.1611130147 46.3332084439 45.1404899709 45.6334317648 46.2486304539 46.2873137617 46.1805897296 45.9580722511 45.2562951821 45.6211319527 46.3224516676 45.318940148 45.7470764349 46.1228099554 46.1927510148 45.1459301118 45.7241256048 45.6061940275 45.4864244134 45.7588573174 46.0203730406 58.1839091555
45.0100236239 45.4755572024 45.3318425426 45.1690889531 46.1829852859 46.0104558888 45.806965818 46.2620600529 45.9334397298 45.8615487642 46.4110612098 45.0862959939 45.8433046156 46.3616918479 45.4429767164 46.2583085404 45.9980943734 46.1353824453 46.3384154988 45.3798821523 45.8803954312 45.1344454166 46.2247355739 46.1133524534 45.7536531083 46.1493385605 46.2646198214 45.7731593548 45.7758876453 45.3781926181 45.986705426 45.9699577977 45.6515850432 46.3936966813 45.0348344536 45.0456252637 46.1103645224 46.1552803859 45.6174632568 46.3122936926 45.8148774418 46.1407329379 45.9748719321 45.4746536386 45.4539750193 46.0756608209 46.3299060249 45.5368035324 46.3789530567 45.1581818559 45.6639909144 62.9745641738 62.9745641738
46.0888509189 45.9640874236 45.3618699984 45.8613024537 45.5790403379 45.7651955563 45.5743092672 46.2637362564 45.2660451317 45.6610373292 46.1549141955 45.0543753393 45.3918081415 45.667050701 46.0867283708 86.711506576 86.711506576 86.711506576 45.2922217613 46.3871394164 46.0618727624 45.0427615645 45.8370047185 45.2392519942 45.7619654471 45.4534748141 45.4027676099 46.0117154562 46.2667801612 45.6598220301 46.0889537431 45.4327876479 46.1265020219 45.7324564332 45.34037895 45.736840776 46.1388957151 46.1285499817 45.9866317929 46.2996911651 46.4105302383 46.0161646175 45.0555338791 45.2663686134 45.4106957849 45.299256582 45.0823832743 45.5955697284 45.2368496622 45.4330491733 45.2944087889 45.7767483082 45.8553851943
45.8801717385 45.2872354275 46.2791987313 45.4593343294 46.3336605625 46.0859711726 46.1580259864 45.3807102092 45.5317252488 46.108264867 45.3962272318 45.9227867543 46.2662583652 45.9480675554 45.2211887982 86.711506576 86.711506576 46.3753553367 45.7608854372 45.6713902599 45.1810925989 45.7231987343 45.4000556215 45.5212297483 45.0419885246 45.7869844741 45.5363799098 46.3751299249 46.0581653372 45.4190420301 45.088979162 45.9942223241 46.3078245397 46.2431433951 45.5244219931 45.9883128607 45.3050781358 46.259020995 45.7304597891 45.1496940191 45.4490396999 46.1660964645 45.5573344355 46.0591926172 45.0522719947 45.9580906922 45.4626202803 45.1553453966 45.3940555808 45.6094455015 46.032274747 46.1119016387 67.4747185776
46.0062392065 45.2367886508 45.5489517255 45.2509884018 45.4274261092 46.3702059285 46.2324386054 45.6388939324 45.2000095225 45.0664732692 46.0148656757 45.9040351833 46.1878806625 46.0080356553 45.223046068 65.1078698207 45.1881245196 46.3657805258 46.0467616004 46.304963985 46.0792946596 46.1209451008 45.2493882734 45.0112511248 45.3773453202 46.1314433729 45.1438652441 45.9451849468 45.0515424562 46.0580458138 45.1133456026 45.5677295236 45.9822392854 45.8378583329 45.1499665802 45.5119570871 45.3463892242 46.3001955343 45.2888675521 45.4921361414 45.2555231713 45.7557755401 45.855419148 46.0759506883 45.09737424 45.1749667399 45.366375249 46.0185217099 45.0572009853 45.8215925868 45.6444736162 67.4747185776 67.4747185776
46.275256106 45.8582725642 45.3552372992 45.6294078373 45.4182464143 45.6322733146 45.2735189307 45.2776045259 46.3747266305 45.590041064 45.6650722874 46.0272677595 45.5389165523 45.9786292929 45.2417009413 65.1078698207 46.3425610933 45.2873251965 46.3135627828 45.7891649915 46.0759997033 46.2331778993 45.8114043275 45.4714389049 46.0981381671 45.4144469298 45.2038056482 45.0789309682 46.2555553614 45.9157625231 45.4352909214 45.8735153355 45.6123708289 45.1210432182 45.6146589888 45.1021335138 45.7138019975 45.1181308634 45.3397378107 46.0029669749 46.2239843992 45.0502291828 46.1604559297 45.5871958798 45.2325047226 45.5120397107 46.0976388599 45.3655576178 45.758513012 46.0027130109 45.15627557 46.1945660989 67.4747185776
45.6244406712 46.0599878131 45.705376348 46.2126743964 46.3512681499 46.1816394883 45.0275796179 45.1615562268 45.5198332298 46.302343451 45.7938114076 45.9421816143 46.1563753108 54.6768519597 54.5458070353 46.1914840946 45.1174075886 45.6184858696 45.4993336963 45.7793602856 45.4771280483 45.8920636594 45.0637028881 46.3328712225 45.9558440381 45.1043343889 45.7013364331 45.574068716 45.6022948831 45.6628429934 45.3517543285 45.6995527569 46.1144072819 45.2839964339 46.0237226804 45.8038398164 45.5864482168 45.4429247488 45.8485475719 45.9353853287 46.3738596977 46.1012561946 45.159909521 45.0830124053 45.1244456446 45.2773572358 45.7639748907 45.5016152748 45.7309431141 45.9427557102 45.4124944367 45.8199144309 45.8870208154
45.3102390312 45.0377834787 45.3980508339 45.1632153379 46.0075845599 46.1142219794 45.1189975617 46.2789708524 46.0064127244 45.5863359615 45.132520094 46.1531474829 54.6768519597 54.5458070353 54.5458070353 76.9309765741 76.9309765741 46.3279395256 46.1528029241 45.2956274182 45.2333551 45.0610977629 45.423542084 45.8781077481 45.3195267047 45.4101212224 45.9875407114 45.576772842 45.629093034 46.1122841886 45.7009847123 45.7919794161 46.2513544699 45.2807281368 46.1568532836 45.3607491481 46.381943907 45.1526710603 45.2577797924 46.3430712452 45.5966516767 45.6023490557 45.2119346782 46.2858479484 45.083104536 45.9553250585 46.3205607067 45.1839922593 45.8986977384 45.8754706145 45.0937590576 45.4645871655 46.0167895219
45.1015123243 45.5950761677 45.556120674 45.133954517 45.6936720171 45.7157838368 45.2569981124 45.5642070838 45.5138435183 45.4332364033 46.0541326864 45.0909810482 45.4564160106 54.5458070353 54.5458070353 76.9309765741 45.1789758926 45.8846352997 45.220641509 46.0957875629 45.0404706858 46.1949035574 45.3151513097 45.315514697 45.9193139094 46.2184289826 45.5155128276 45.5074697857 46.0069078394 45.3677972124 46.2360178068 45.3548704674 45.3596750474 45.688233546 45.3327747386 45.1504164311 45.5251818049 46.1188429906 45.7173758287 45.7916466974 46.0429118546 45.4218439489 45.3200517667 45.9581642005 45.7546731915 45.000508719 45.5400636027 45.4473044364 45.3624583616 45.0845947654 45.4679090741 45.5820300406 61.1611547966
45.4817646392 46.0573111695 46.3074739969 46.2339597314 45.5769076746 45.7741846518 46.0511695527 45.3087597783 45.5458437315 46.2791641113 45.0403643453 45.6444550561 45.670199314 46.3640689284 45.1852770255 45.9613004301 46.301777529 46.0959338036 45.6254452874 45.1967037235 45.7640698479 45.542433636 46.1369548447 45.9698907478 45.0381343629 46.1265938959 45.16859493 45.143410503 45.8626715684 45.7884191231 45.6853827809 45.9154533247 45.4987905515 45.8136655225 45.2696743768 46.1576205161 45.9510576858 45.3659488138 45.1612262831 46.0258533084 45.616927484 45.8917335705 45.069946987 46.005492555 46.175674987 45.4548460179 45.8438537008 45.8460570326 45.595200081 45.9175812259 45.601287867 46.1431119001 45.6938040993
46.3393682222 45.9001366427 46.3807086694 45.055843457 46.2574235317 45.6140660194 45.1897078841 46.1551672038 45.69851726 46.3695308154 45.9011823547 46.1185558892 45.2402410587 45.7759291489 46.2681788769 46.1185848109 46.2841389938 45.863056727 45.5481350433 46.0136791501 45.5382520495 46.2963718544 45.3534239989 46.3224696328 45.5781172639 45.6768072051 45.4467086895 45.9800927937 45.0144880247 45.6471154617 45.4176047728 46.2842461089 46.1000913882 45.6434763866 45.1806605485 45.4228932754 46.398067997 46.000706238 46.2813460331 45.0477415673 45.5987089967 45.9533568964 45.8854797357 45.7019759595 45.6613484101 45.2713034352 45.0555607193 45.6772101893 45.7416131045 45.6155894458 46.3236480042 46.1792005858 45.2781916205
45.5031143863 45.0002416158 45.7475370843 45.2542481951 45.1595764519 46.1812865776 45.1596657885 45.2910273509 45.8307259576 45.0770237869 45.5328427909 45.0233090032 45.8822528079 46.1201944931 45.8805936488 45.2767759862 46.265053669 45.157197809 45.0790802801 45.6737074525 45.6773169756 46.1394508851 45.825925508 45.0363384481 46.3897157414 45.8081395839 45.3514866669 45.0552987194 45.9482187438 45.2281275329 46.2576064999 46.2542336673 45.9830299112 45.2256404585 45.7350035614 46.3475255971 45.8874148173 45.0900075989 45.9939190654 46.353571535 46.1602297268 45.5082774336 46.2796787016 45.2956287514 45.4605928373 46.0489500597 45.24358354 45.0386186029 46.135556339 45.8013305283 45.6393240248 45.1032693138 60.364410135
46.2582252679 45.0464520846 45.4333519497 45.5733863932 46.312566366 46.0188284915 45.3402674183 46.0028975348 45.389932071 45.1907058154 46.2117650349 45.5855773239 45.811150583 46.0774109494 46.0087401021 45.1056825004 45.5257189678 88.8166495244 88.8166495244 45.0219477798 46.3376304833 45.9091145874 45.5999286211 45.3690479258 46.0195699956 46.0973397529 45.5128581531 45.5800904904 46.3721189374 46.0336452623 45.0238522553 45.1703073291 45.6515948642 46.2700374551 45.9788628664 45.7765845296 45.2886739549 45.6779846354 46.0371861453 45.0258882535 45.4150530054 46.0179255958 45.7947183794 45.7209293916 45.3363472093 46.1294520049 45.2329518626 45.8731401827 45.2105999611 46.4007742931 45.1456370214 45.6563458547 73.5198326745
46.1844376161 45.4774511233 45.5462996134 46.2581705246 46.294896056 45.5302881067 46.3654072897 45.0189269662 45.7581951395 46.2759327702 45.6810570177 46.3962350371 45.1252988374 45.0783282524 46.2939194831 45.5363260145 45.6339526333 63.6973735353 63.6973735353 63.6973735353 45.1114328408 45.133383088 45.93723756 45.8223992858 45.0163713149 45.4271718957 45.0068912933 45.7818260704 45.5300004086 45.2268626164 45.3637277456 45.7124884074 46.2284199282 45.6881715909 45.8570090708 45.8088931171 45.0009680645 45.2796862124 46.1747072481 46.3446690417 45.1183952507 45.7400801832 66.8323338387 45.7130838775 46.0915533251 46.2501731554 45.5193372099 46.3332016675 45.1004271404 45.6915546988 46.1487415296 46.3196514179 59.1681440643
46.2520647845 45.7579722829 45.6405665299 46.2767914054 45.9984125402 45.3033851071 46.016793524 45.5669998906 45.8568243883 46.3652829168 46.0361604609 45.0718576361 45.8029543255 45.6901151364 46.3483935512 46.3785870664 45.424339986 71.1664739558 71.1664739558 71.1664739558 45.3686113459 46.2517402819 72.519511869 45.0184946461 45.4530287369 45.1110235085 46.34582784 45.0908770965 45.6968252143 45.3292319517 46.2560859408 45.0383995983 45.5462757438 46.320224389 46.3131067696 45.0838161104 45.6587502983 45.6580996614 46.1264682202 45.2907163671 45.2491746477 66.8323338387 66.8323338387 69.6201884896 46.2540200037 45.220483938 45.0339420408 46.258520579 46.0341400459 45.3236363145 45.2227426022 46.0204296052 45.624586917
