Spatial Output/patch_out_check_00138.asc
NCOLS 155
NROWS 192
XLLCORNER 196769.923733
YLLCORNER 449719.875193
CELLSIZE 27.603701
NODATA_VALUE NaN
[rows 69 to 91 of 192, columns 53 to 105 of 155]
44.7310366392 44.6839638822 45.0083801202 45.2011223562 44.8896084562 44.7919377498 44.537035785 44.9408034261 77.4751199482 45.1615837985 44.7085873321 45.1422673898 44.9654418872 45.1489325564 44.6128603966 44.6588436314 45.0423306024 60.7087063418 60.7087063418 60.7087063418 45.0248934903 44.5883854468 77.3819905163 45.1292152685 44.8693437489 44.5580558855 44.8438245239 45.1549117413 44.6347341318 44.867743484 44.50740355 44.515195215 45.1210152333 72.4982939343 44.5772918524 44.820609905 72.3977217273 83.7024789837 44.9960611959 62.6935607767 64.5898893605 53.7194955121 51.0617901326 51.0617901326 50.9621950407 51.0678219055 45.1942693182 44.7180028972 45.1765549833 44.7598169928 44.6906887527 44.9754923765 44.5697932268
45.1155473583 45.1270073575 44.5577981449 44.5633424896 45.1217875354 44.7279828937 44.5758955187 64.297365161 64.297365161 44.9576890312 45.0447376039 44.912828827 45.1067947196 44.8712479906 44.7389553285 44.8488956339 44.9690123891 74.1812261614 60.7087063418 60.7087063418 44.5809910563 77.3819905163 77.3819905163 44.8630426425 44.6687468452 44.6438592097 45.0855470123 44.5550191615 44.5847137785 44.7876061467 45.1633869222 66.2324148369 66.2324148369 66.2324148369 44.7588240567 44.5456674695 44.7411062077 44.5896318494 44.6465430382 45.0194511953 44.8678936319 45.0078423908 51.0617901326 50.9621950407 44.8567953468 70.7097815378 70.7097815378 44.8171898057 44.9250584865 44.7705265932 44.6677758752 45.1721522063 44.7567329719
44.7293310009 44.6378687961 45.0970463622 44.6340301082 44.7314893638 44.6886189932 45.0781878868 64.297365161 64.297365161 64.297365161 44.8456804517 44.8365709636 44.8982200658 45.0775789706 44.95834507 45.0645607081 44.6364520133 44.9360288403 45.0378533101 72.4892928347 72.4892928347 45.1763727842 44.9389091299 44.8524537874 44.8926108863 45.0606005061 44.9539564924 44.8091464602 44.5529257568 44.9988099807 44.9517537046 44.5749521756 66.2324148369 44.5215299992 44.6938457162 45.0256304632 45.1563955674 45.0253245204 44.9791939626 44.7876510559 44.5020840885 44.7734744383 44.5994477388 44.7422364086 51.0678219055 70.7097815378 70.7097815378 45.0238603022 68.4252787673 68.4045316382 45.0135553152 45.1668081191 44.893201648
44.6062615021 44.7568214329 44.5875868371 44.8326047171 45.1979165819 45.0531681621 44.8455452431 44.5019062807 44.5037584416 45.194867836 44.8234947581 44.9278350454 44.5504175882 44.6638993207 44.5837380674 45.0749751234 44.8778765485 45.0986580076 44.7741352871 45.0597337002 72.4892928347 44.6923827139 44.8031750334 44.9671060782 44.7500350609 45.1034349491 44.7909675417 44.7096564102 44.7070728407 44.5077246697 44.6209373963 44.5499533789 80.7259557384 80.6676545009 44.6463127048 45.0792781991 44.9905456837 45.1379930751 44.9876492211 44.8791739559 45.2057345182 44.6190562922 45.0077933087 44.8158926475 44.9580129639 70.7097815378 44.9829758526 68.4252787673 68.4045316382 68.4045316382 44.9124974124 44.9833604748 44.5002776125
45.1024188655 45.1226013188 44.9166896574 44.9211246609 45.1065323382 45.1630423781 44.7789790584 44.7380839773 44.7473732019 44.6430823098 44.5537241742 44.5082096373 45.0900957194 44.7114910994 44.910214038 44.5057758664 45.1976478283 44.7620562313 45.088153989 44.9926265271 44.9631530103 45.1559148261 44.8415276843 44.8376736453 44.9568160139 44.833670707 45.0042378589 45.0598459637 44.9334971329 45.1540637865 45.1627003989 44.8937606268 45.2035460763 80.6586523221 80.6676545009 44.9454375479 45.0769534896 44.9598722828 44.6604503447 44.7621783907 45.0679902246 44.903646532 44.6795773304 44.7329892316 44.8751892305 45.1428622036 45.0878417392 44.587839462 68.4045316382 68.4045316382 45.0733186497 45.0266354824 68.9047137538
44.7089279164 44.532080576 45.0969532014 44.7610963389 45.1489502563 44.8036297308 44.7001038058 45.1197494211 44.8314898076 44.9351572931 44.697815892 44.9995047889 44.952456696 44.9176713677 44.7635678845 44.535841478 44.8908642171 44.856815503 44.7994747088 45.1954855491 44.7100185538 45.1914088789 44.70544994 44.5981377306 45.1968342624 44.8823485648 44.9888761343 44.5595001311 45.0503416994 45.0094524758 44.743737234 44.6864404891 80.6586523221 80.6586523221 80.6586523221 44.5001122775 44.8376181141 45.0840336553 45.088335578 44.9699638287 45.163084567 44.5225178143 44.6327721675 44.7387989409 45.1980660264 45.0567645139 44.8639950157 44.7814553897 44.5043419052 44.7384923645 44.9270219159 44.8988616151 68.9047137538
44.7577087057 75.0809817626 45.0256092611 44.9378982182 69.6425139892 69.6425139892 44.6009866261 45.0413806054 54.1089438779 45.1508580964 44.8928063124 44.9491256972 44.931217672 44.7392450352 44.8584289437 44.6811494157 45.1887195153 44.9738736881 45.0851226142 44.7810295885 44.5336997153 44.8727090235 44.5147671601 45.0052252727 44.7998431291 44.6005012765 44.7674927204 45.1545029698 44.6679289822 45.1736372853 44.605545342 45.0236149267 44.6648604286 80.6586523221 44.7903596462 44.7758135296 44.6147318602 44.5649476699 44.581019573 44.6713742626 44.6330733087 44.86799002 45.1685938 44.5411431672 44.7580727775 44.8853976867 44.5373519572 45.0745820185 44.8306531118 44.8983953807 45.0289709286 44.90575247 68.9047137538
44.7170461568 44.9210362436 69.4853326931 44.7766220221 69.6425139892 69.6425139892 58.6060060018 58.5489801348 58.5489801348 44.61938984 45.181567898 44.7673949458 44.9982308745 44.5559117015 44.509642627 44.6276860487 44.733010968 45.0791164322 44.605104551 44.6397592343 69.5773918882 69.5773918882 69.5773918882 44.6407016473 44.7545661364 44.7181835677 44.9437725295 44.7585209908 45.0294790883 45.1940655625 45.1871222026 44.6262196523 45.168183555 44.7354454513 45.0175308132 45.0465438417 44.8574501518 44.8262282822 45.1898344639 45.0156534947 44.71305788 44.8412812973 44.8077941062 45.1594724927 44.7499455839 44.5431670212 44.6040301673 45.0118123552 45.169977996 45.0619229123 44.9389259317 44.5958459394 45.1391631183
44.6744913723 45.0888145096 75.0809817626 45.0591831338 69.6425139892 74.9201592941 44.5884855371 58.5489801348 58.5489801348 44.6277691724 45.1378758977 44.6273930776 44.83866371 44.8284101412 44.5581484992 44.6839046203 44.9922481916 44.6586901288 45.0580936468 44.5003330062 69.5773918882 69.5773918882 53.6964601861 45.0543930002 44.8597055102 44.5844752367 44.5298523823 45.0600971819 45.0481968299 44.895810637 44.7268204629 44.740979 44.6691143576 55.5643775627 44.9695149739 55.5643775627 45.0989059755 44.5928271064 44.8652557984 45.1688912623 44.7170484975 45.0320550357 44.7073631231 44.9961280235 45.1173158548 45.1434338536 44.6253134981 44.8915866003 44.8146268135 45.1904633835 44.9692242798 44.6803548613 44.9499000255
44.6871205666 44.9889878067 45.0786631292 44.9853256259 44.9525891927 44.9684667006 44.8296493223 44.9158046898 58.5489801348 44.5101693402 44.6540631419 44.5240548106 44.743563248 45.1336606452 44.8599275449 44.6369664609 44.8733143728 44.7161308508 44.9810098528 44.5832773984 53.6964601861 53.6964601861 53.7555789987 44.5146780304 44.6722374085 44.7680420916 44.5556508833 44.7110087392 44.9885466608 44.7152178929 44.8768584477 44.5387624111 44.7503479183 55.5643775627 55.5643775627 44.6386105447 44.8358732981 44.564594165 44.7869209563 44.5942736612 44.5465670135 45.1709904172 44.7842382272 44.7265882375 44.5898434823 44.5406024622 44.5385820116 44.5868329945 44.5137599974 44.7353598483 45.1923312254 44.8748397527 44.8367030496
45.1406629294 44.9150914394 44.5485263176 45.200880746 44.9883333826 44.57700545 44.6894137606 45.0843395594 44.5907925292 44.7475891267 44.8441104195 44.8249527795 44.8371837369 45.0418106648 45.0825441746 44.8953194314 44.8788572444 44.7146364353 44.9413049405 44.7548403627 44.6835054632 44.7334884584 44.9832717345 44.8777465909 44.8280219369 45.0539679826 45.0278583282 44.6621629704 44.7497594823 45.0497100366 44.984650578 44.5765849529 45.0168151685 44.9434696776 62.768029994 62.768029994 44.6525867867 44.8444082015 45.0724674892 44.6110046766 45.2033280628 44.6572488979 44.5101492271 44.951252137 45.0259807002 44.7862485288 44.9442848627 44.8579441286 44.7995163652 44.5067277492 45.1849498332 45.0691534909 45.1336208593
45.1730108183 45.020819558 44.5785442234 44.6892291267 45.1212435517 44.9166845777 44.9077751096 45.1318524637 44.9498048503 44.5483194534 44.6977009157 45.0492960139 44.6943051923 45.0189274908 44.6796105837 44.5833570646 44.8667077355 45.1136026909 44.892457641 44.9577617029 45.1316873296 44.9748373917 79.8930682597 44.9640780404 45.0041337058 44.6068580564 45.2048531188 44.5274338865 44.5833434823 44.8009889433 44.6330188152 44.7658115016 45.1747059119 62.768029994 62.768029994 62.768029994 44.653613465 44.8720066522 44.8567567532 44.6290126458 44.6674619546 44.8444656999 44.8282358708 44.558424597 44.9651818639 44.9474264704 44.8989360903 44.5918475391 44.5811502148 44.5902285121 44.5712593771 44.8705393764 44.7737593691
45.1706277211 44.8211849164 44.6631951996 45.037886172 44.8144887971 44.9781298184 45.189372475 44.6485370658 44.5982188905 44.9602203373 45.2042663215 44.5559579456 44.9787670062 44.8086685454 45.014430182 45.0715523295 45.0005323532 44.7585577341 44.6262002588 44.9944606865 45.0663879726 45.155427374 44.8088557139 44.9494363877 44.9974947211 44.9246177807 44.763724516 45.1499853076 44.9086149039 44.9045960128 44.7450089211 44.6886180872 44.5979038054 44.7284467368 44.7153800213 45.0016044458 44.5751963843 44.8588568988 44.5580566856 44.7839450091 45.1281449293 44.5814390385 44.5597176893 44.6579439717 45.0710173582 44.7303126071 45.0384146138 44.6003442507 44.6088370401 44.8761498089 45.1383624563 44.8758020957 44.6372237464
44.5685910249 44.745268014 44.5586276105 45.0508206784 45.0921660648 44.6411221175 44.9782040051 44.94520402 44.5789394061 44.8266975867 44.6543463117 44.5050664134 44.8923009404 44.9751240364 44.5871111601 44.8713893568 45.0666983367 44.9382316309 44.8164483 44.742281217 44.652565029 44.9124242533 67.4253665591 44.6577058422 44.7471160648 44.894810766 44.9379047145 44.8112563107 45.1562261187 44.5109300891 44.5320810109 44.6930437124 44.7895330108 44.775468594 93.0582121546 93.0582121546 93.0582121546 45.0792669707 44.9873194297 45.0261134024 45.1706294958 45.1250957117 45.1023313904 44.8837128367 44.5187954635 44.5428475605 44.7848076074 44.9010251942 44.7962443598 45.0968883991 44.7589430071 45.043917208 45.1642698371
44.5595178221 45.0617706794 44.8009400615 44.8889673683 45.16399037 45.0100647855 44.6869996216 44.8268630617 45.1184331492 45.1802314681 45.0245449369 45.0093649176 44.8927668965 44.5722867297 44.5314553911 44.6249166177 45.2059942634 44.9322077706 44.9569667406 44.6387464617 45.1741874468 44.6249751695 44.9104238296 67.4253665591 44.9720846752 44.8432333159 44.553351202 45.0632657767 45.1315833731 45.0968180875 45.1888719844 44.6514798458 45.1196031777 45.0888514881 93.0582121546 93.0582121546 44.9747781004 45.0346530289 44.6552183936 45.0085529299 45.1571069564 44.7329209602 44.727429404 44.5121083311 44.6326908738 44.7154468222 45.1408710209 45.1902796766 44.5804239673 44.7358345838 44.9691708997 44.5127956231 45.1530499179
44.7349891608 44.7972303715 44.5103344753 44.741207856 44.642841808 44.9862233642 44.6856862085 45.0297901208 45.061003484 44.7046397551 44.6711436675 44.8502463327 44.5790236636 45.1885450571 44.7210150636 45.1945943555 45.0104362515 45.1906685173 44.9495276531 45.0883807677 44.6920296365 44.5606652207 45.0009988268 44.6769045049 44.9720225592 44.5557887889 44.7287835896 44.6349773687 45.1323323958 44.9246410001 44.9515048841 44.5032044567 44.6390651676 44.9316738883 45.0724516494 44.8934305717 45.1413238214 44.7099148528 44.6968500215 44.9574468435 44.9960322576 44.8100300941 44.9690431536 44.920198109 44.6513337695 45.0763857149 44.7675363882 44.6815910544 45.1349978276 44.5273818449 44.7864661445 44.637320199 44.6951099883
45.0020446215 45.1148685212 44.6245098057 44.5229596324 44.8309116029 45.1142335163 44.7581207619 44.7287370938 44.9454722601 44.560390688 44.8826107207 44.7821562917 44.7552926092 44.8402681032 44.9561871581 44.6741788504 45.177518763 44.5548125017 44.866349382 44.7730421176 44.9591090187 44.535082817 45.0152077925 45.0219181528 44.681224944 44.5806766875 45.0215503316 44.6883952185 44.9834567869 45.1640517322 45.1066990509 44.5743095421 44.9166826676 44.7108858809 45.1915995107 44.8389792376 44.8148154866 44.8610261888 45.162265878 44.8465526732 44.9874876766 45.0425707549 44.9854883573 44.5654362336 45.1907792546 44.7284806799 44.9257000371 44.6788273462 44.9819620908 44.5995309871 44.9712743189 45.0052095113 45.0906342487
44.5067962479 44.7958389665 44.8982743107 44.6996162729 44.6739212252 44.9003506169 44.6852880516 44.8436921453 44.5241986256 45.1957056213 44.5953537439 45.0192759091 44.5924214495 44.8497787553 45.0835577092 45.1169924666 44.887325804 45.0008416392 44.8365317813 45.0016916152 44.7701459721 44.8761002841 44.7440808643 44.746624918 44.5676249498 44.731212099 45.1066329907 44.6899099909 44.5270419919 44.951949386 44.7002933571 45.0478311211 44.6578890736 45.1864507283 44.8826118424 44.603128718 45.1177120543 44.6476167407 44.7367925474 44.8171956475 44.8765777961 45.1553908679 44.7895476454 44.8215992527 45.0401881898 45.0614389696 44.8195033926 44.7373325506 45.1384633993 44.7125246741 44.8142301761 45.0996264716 44.5263109324
44.9048546663 45.1554338966 44.876813667 44.9729453853 44.817527114 45.0764398619 44.6208116832 44.5933742794 45.0637607694 45.1729845504 44.6156660299 44.6332213517 45.1864167546 45.203209124 44.6236655228 44.9374445508 44.7604342192 44.803315414 44.8725678855 45.0216925661 45.012736043 44.6158228533 44.6652326922 44.617866628 44.8409729951 44.5531663913 45.1150185517 45.0313428452 45.1498499092 44.7175039364 44.6316224201 44.7191644748 44.6872016439 44.7109029079 44.9447065381 45.065065587 45.1993990306 44.607276529 44.640516123 45.1756525623 44.5810644633 45.1003696237 45.0465975241 44.5571382975 45.1077727234 44.9621543935 45.1221989845 45.1668333842 45.1450440822 45.0098008587 44.8172160088 44.8431506485 44.82010116
45.1247789887 44.8860346804 45.0827061405 44.55611191 44.9176087282 45.0802345222 44.9879883906 44.5583419379 45.1227621362 44.5526149225 45.1516326194 44.8590895272 44.8749267645 44.7073819535 44.9940168549 44.9580464196 45.0060917848 44.99303162 44.5924542532 44.9487795063 44.5852233329 44.5124133332 44.5913286135 44.9793956521 44.9025197992 44.9535564542 75.4566271682 44.525297716 55.4433266635 55.4433266635 59.7635239671 55.7792691937 44.7071632208 44.7899871482 45.0792715559 45.176825185 45.1435635654 44.7297866067 44.588445496 45.1335395517 44.9251562398 45.0606301436 44.7783420654 44.7439497894 45.0445708766 44.7624009837 44.8664805746 45.1214230599 45.2065137769 44.5788409733 45.155273211 44.7109245451 44.6624551005
45.0016390144 44.851703613 44.7827812224 44.6760513213 44.5175586158 44.649281525 44.6076781812 45.083857715 45.0223940031 44.9183918676 44.7414326475 45.2026954757 44.9399538482 44.7798572864 44.8561730713 44.7083927452 44.6472573249 45.0995731989 44.9405402294 44.631067297 45.2031587435 45.1383651522 45.0591869009 44.5944583475 45.0204162495 44.9351132039 75.4566271682 75.4566271682 55.4433266635 55.4433266635 44.81989687 55.7792691937 55.7792691937 45.0970001043 45.0778213336 44.6676355847 67.6236261644 67.6236261644 67.6236261644 44.897436734 44.7957914582 44.5172652706 45.127812259 44.5104327563 44.6813350612 44.7458574281 45.1478193583 44.5358325427 45.138448039 45.1425508339 45.1473495356 44.5457358786 44.5708867347
45.0795494468 44.6010292588 45.0817659529 44.6487244457 44.8379261953 44.7903734119 44.6531226222 45.2061339565 45.1828706353 44.6342007108 44.9946159725 44.8685590986 45.1077514358 44.875712286 44.6880556405 45.1077838037 45.182793952 45.190717133 44.7291338911 44.6810123185 45.0637721062 44.5770298174 44.8615348199 44.6721407133 44.5922788247 44.8287580477 75.4566271682 44.7460221207 82.8341597835 45.0949980265 44.8977909714 44.6699291106 44.9520564846 45.1499133128 44.7970009499 44.783011604 67.6236261644 67.6236261644 45.0912033019 44.7257464648 44.7042449662 45.0989617026 44.6570320982 44.8547003544 44.5712360533 44.8269676346 45.0726187337 44.7567343462 44.8314491885 44.7373827637 45.0889443856 44.7651294063 44.6155747657
44.6143781106 45.1672372261 44.7600369006 44.9621153599 44.8427802858 44.6259784879 44.5250748863 44.742823564 45.1640659417 44.6018764803 45.1683326373 45.080871025 44.7649920853 44.9752601113 44.5293313045 45.135364944 44.8801483023 44.5074770271 44.5338945956 45.1221729914 45.0595852448 44.6659419498 45.0897926726 45.0114633113 44.6912529954 45.1129777856 44.8208828779 44.877683011 44.7031109809 44.6802019697 44.5665810523 44.8873451557 44.9073298596 44.5756653686 44.6314163646 44.5586338655 45.2068475089 44.5484872381 45.0996940065 44.7902246714 44.6382412422 45.1729466258 44.6415887103 44.7906039867 44.6476543004 44.8048361546 45.1812448395 44.6553771254 45.0777611494 44.7084042652 44.8802326017 44.9169206103 44.8459637473
