Spatial Output/patch_out_check_00137.asc
NCOLS 155
NROWS 192
XLLCORNER 196769.923733
YLLCORNER 449719.875193
CELLSIZE 27.603701
NODATA_VALUE NaN
[rows 161 to 183 of 192, columns 53 to 105 of 155]
44.9791729677 44.7509860005 44.7226219322 44.9457714353 44.5558029994 45.0772118374 44.6148375184 44.9813291102 45.0182645352 32.7615232116 32.7615232116 32.7615232116 44.6950329625 44.538964005 44.8861058301 44.9256721176 44.6741867055 44.9338818981 44.9576709932 44.7798124935 44.6460937657 45.0334696477 45.2052913941 44.9839285406 44.7324236665 44.9712826759 44.7966981093 45.1251388384 44.7487891382 44.5020010673 44.9888746155 44.684113506 44.7352804164 45.1561123049 44.7499736088 45.1081306572 44.6750713936 45.1055707202 45.0694079284 45.1194728286 45.1813223598 44.8084949824 66.8117246602 60.9429987033 64.5975048178 64.5975048178 44.656511672 44.7925445124 45.0318597051 45.1769512546 44.9024226734 45.0265251044 44.6595519084
44.8519060717 45.1707861244 45.0171515525 45.1545179524 44.5240584583 44.9073919079 45.1200310014 44.9441643786 44.7867610158 32.7615232116 32.7615232116 45.1130765087 44.865445734 45.1404333067 44.7688657398 45.1458273737 44.8878095164 44.5781902256 44.8357120334 44.7471152751 45.0010134358 44.7518938343 44.8972044986 44.851705383 45.1986471664 45.1812184763 44.7428807359 44.5556344165 44.7992236977 44.7318514078 45.1890734834 44.9092003077 44.7649157999 44.8464265306 44.5252312509 45.2031943499 45.1626354743 45.1175558311 44.8131590053 44.7203804465 44.7228864143 45.0279505997 60.9429987033 64.5975048178 64.5975048178 44.5837882908 45.0776338042 44.9684274813 44.5857076456 44.652030597 44.6499348108 44.8548533268 44.9679442592
0 45.0935644604 45.1751125087 44.6788012751 45.0164284146 45.1449480128 45.0653049956 45.1917498508 45.032506476 44.6555829005 44.5040500901 45.0475535134 45.0917454907 45.0170736205 45.1331082249 44.7281037333 44.6632460627 44.7600606338 44.5488620104 44.9643995891 44.6576632156 44.8593515836 45.1530914397 44.8676904167 44.8744084674 44.7917369311 44.9583738668 44.7129378038 45.0121361921 45.142631658 44.9599179941 45.0682905452 44.9264408988 44.5880416113 44.8454507522 45.0824408327 44.9068452053 44.9257880526 44.5255910962 45.0957545017 44.852065589 44.8753559827 44.7451229048 44.5201960827 60.5916604135 44.511000856 44.9679437478 44.6976370183 44.6048807738 44.9679004652 44.5879381361 45.0693666902 45.152496478
0 0 0 44.7937486031 44.6513816703 44.8724986822 44.6871765599 45.0141651031 45.1022571944 45.1036214191 45.0631912335 44.7406944882 44.6811160828 44.5631474419 44.6483792384 44.7320380769 44.9357316347 44.9825070264 44.9362141351 44.8837436588 45.0734394208 44.887265128 45.1882895348 44.9588736036 44.6516551102 44.7104399909 44.5225595458 45.007151186 44.8111799005 44.8732744465 44.8772623096 45.0736687065 44.6596838834 44.5067262292 44.751691106 45.1128407543 44.5539222501 44.904493841 45.202877955 44.8493013124 44.5417835566 44.5723904559 45.1130265472 84.1964443941 44.8704142838 44.5877103589 44.8587996051 44.9332191163 45.1711491527 45.0875758975 44.7693414621 45.099877567 44.6602796073
0 0 0 0 0 0 44.9710544238 45.1682533811 44.8740113725 44.549839142 44.6764005798 44.7271046193 44.9998220542 44.7936142658 45.1861766626 44.7273811303 45.1234726206 44.6114131048 45.0894493956 45.2033835478 45.1100384359 44.840825757 44.8119768765 44.5002361825 45.0042029605 45.0388409065 45.0910763369 44.7293799473 44.7286702225 44.5675795216 45.0001820757 44.5488855345 45.1552002527 44.7928662123 44.5188925493 44.6546703604 45.1771864928 44.5361090056 44.7316690181 44.705391821 44.7373545558 44.5228440935 45.0425383148 44.5637882472 44.7846585648 82.5513173687 82.5513173687 76.1975318236 45.1541672537 44.7221803666 44.7442705315 44.5595067335 45.1475848
0 0 0 0 0 0 0 0 33.1293903955 44.8667454061 44.6610241382 45.0680590407 44.8541294353 44.9189487138 45.1940307807 45.1751589791 45.1377072782 0 44.9211543385 45.1317659961 44.9418375513 44.8722626773 44.7999553728 45.1216329645 44.5338409626 45.0097184407 44.5686026356 45.1156201731 45.0987067389 44.8172592675 44.7396864689 44.9505736082 44.5918597859 44.5626076451 44.5183155233 44.8036871289 44.9587035251 44.6791666384 45.0436350106 44.7948966455 44.9422672849 44.5351734641 44.5790400512 45.169626071 44.5775713654 82.5513173687 82.5513173687 45.0293246281 45.1793946888 44.9324022437 45.1642807974 45.0014002834 45.0812420602
0 0 0 0 0 0 0 0 0 33.1293903955 84.1598463243 44.8197331597 45.0879079406 44.5448159314 44.7305753719 44.662352669 0 0 0 44.8841645986 44.9494544641 44.5648799118 44.8231643693 45.011143397 45.2003503421 44.5808880721 44.754286676 44.8999990353 44.7117915606 44.8357572188 44.6440783139 44.6410429465 44.8092388124 44.815895184 44.9291939646 44.5216345738 44.5378407119 45.1397689207 44.7302244002 45.0947306656 45.1896352269 44.6408975483 44.5473681227 45.0663561429 44.822942767 44.8989009465 82.4097258668 44.7224776035 45.1163149995 44.8529785113 44.8410499692 44.6385135129 44.8191306118
0 0 0 0 0 0 0 0 0 0 0 69.1446069999 69.1446069999 69.1446069999 70.0595216096 0 0 0 0 0 45.122387904 45.0445006763 44.6561799863 44.8588506151 44.9223396447 44.8614993298 44.6547706371 45.0224637061 45.1961313923 44.5139509458 44.5384035862 44.9483757187 44.8785703552 44.5494088346 45.1304888586 44.9510732703 44.9729816498 44.5547487716 45.1111634891 45.1750232808 45.134418622 44.7646074259 44.503683728 44.9164482178 45.0906384799 44.5258448655 44.9057119388 44.735014728 44.8030139545 45.1605238863 44.9106411863 44.5504606555 44.6994760404
0 0 0 0 0 0 0 0 0 0 0 0 66.3887930637 68.5383469084 67.701595324 0 0 0 0 0 45.1862353236 44.5626004963 44.7613633601 44.5573460859 44.7767006398 44.5159317889 44.7134494491 45.1960161411 44.7996964788 44.8838381371 44.9112855718 44.9741694741 44.9322752309 45.0802822687 44.6759189531 44.8427077429 44.8027409216 45.0635963016 44.8577958359 44.9126846321 45.069239476 44.6111199548 45.1041917518 44.9829181147 45.0899149545 44.6620188419 53.6699624551 78.0668537959 78.0668537959 45.1288654052 44.7696746978 45.2001597781 45.1771070982
0 0 0 0 0 0 0 0 0 0 0 0 60.5834882009 68.0381241313 59.4521047407 69.7736087148 0 0 0 0 0 44.701952645 44.837425325 44.7315011367 44.5458884055 44.711767754 44.7149092136 44.7373559314 44.7752189672 45.1640254316 45.0913875172 44.6752109746 44.7341397764 44.7941494275 44.5735927533 44.5853036313 44.8972777839 44.8361272749 44.9739271086 45.0840508136 45.0742566092 45.0416423659 45.0622171521 44.7452648709 44.962142144 45.1540161411 78.0668537959 78.0668537959 32.8529976481 32.8529976481 44.7945032428 45.1947309072 44.7775577489
0 0 0 0 0 0 0 0 0 0 0 0 60.4356604742 66.1522111289 58.8669705278 0 0 0 0 0 0 0 44.8038859659 44.7794983126 45.0532618933 44.807840322 44.6293937766 45.1237600348 44.857613958 44.8121430726 44.6863278999 44.6623055587 45.0844309964 44.8787090514 45.1420373983 45.1638698588 44.6256280095 44.5348432779 45.0817978084 44.9692005051 45.193552378 44.6990609334 44.8057907026 45.0366873988 45.0253916586 44.8426804541 44.8742295145 32.8529976481 32.8529976481 32.8529976481 32.8515256106 44.5033802497 44.5619224657
0 0 0 0 0 0 0 0 0 0 0 0 0 0 0 0 0 0 0 0 0 0 0 44.9902088781 44.7729505372 44.5939878576 44.5339186206 44.9400117795 44.6989309623 44.7762344795 44.6975345742 45.1693453734 44.799798533 45.1521711264 44.5889106022 44.9160658159 44.5181834964 44.9704956176 44.5091607569 44.6100087752 44.762033785 44.9780282059 45.1650424094 45.1149035707 44.7384568498 44.8099486657 44.690066525 32.8515256106 32.6397308498 32.6397308498 61.3242108152 44.5128617201 44.5504543597
0 0 0 0 0 0 0 0 0 0 0 0 0 0 0 0 0 0 0 0 0 0 0 0 45.091271924 44.863038186 44.9130657507 45.0693711334 44.9890949466 45.1486907725 44.6521000375 44.5624523237 44.8778000343 44.9183415768 44.6838972189 44.8143267408 45.0713776328 45.0465707661 44.5229104693 45.158364312 44.5803042388 44.9816158641 44.736271476 44.5482138587 44.5717807419 44.9443780549 45.1876277547 45.0796859958 61.3242108152 32.8515256106 61.3242108152 44.7373913222 44.5024582328
0 0 0 0 0 0 0 0 0 0 0 0 0 0 0 0 0 0 0 0 0 0 0 0 0 0 0 0 0 0 44.6257492587 44.9676477201 45.0060405271 44.9830052876 44.5989492296 44.9608620212 44.562273374 45.0477397778 44.9245341754 44.9424855905 44.7601099393 44.944338102 44.9805920935 44.5716632633 45.1739870384 44.6872947611 44.606633592 44.7768508379 32.6829119091 32.7121700407 32.7121700407 32.7121700407 44.761583108
0 0 0 0 0 0 0 0 0 0 0 0 0 0 0 0 0 0 0 0 0 0 0 0 0 0 0 0 0 0 0 0 0 0 44.5323176577 44.7101691547 45.0818103194 45.1454394918 44.6012985624 44.985142667 44.9547387691 45.1823526142 44.5152054846 44.8489677711 45.1728204428 45.0062084347 45.1776851928 44.7469866606 32.7121700407 32.7121700407 32.7121700407 45.0962645696 45.0878285888
0 0 0 0 0 0 0 0 0 0 0 0 0 0 0 0 0 0 0 0 0 0 0 0 0 0 0 0 0 0 0 0 0 0 0 45.1997195223 45.0181431962 44.807684962 44.6524558848 44.9749291943 44.8540726281 44.9921137434 45.0395806095 45.0324988401 44.7201472754 44.7490895131 44.8992259228 44.8211356244 45.2065355125 56.2506010701 32.7121700407 32.502334217 44.6483993367
0 0 0 0 0 0 0 0 0 0 0 0 0 0 0 0 0 0 0 0 0 0 0 0 0 0 0 0 0 0 0 0 0 0 0 0 45.0711106621 44.7190468328 44.929845398 44.7576703926 45.1454100304 45.0029735689 44.5510389999 44.7536931944 44.8225732709 44.9780292769 44.9227439977 44.5813027871 44.6810704006 32.502334217 32.502334217 77.9001828119 77.9001828119
0 0 0 0 0 0 0 0 0 0 0 0 0 0 0 0 0 0 0 0 0 0 0 0 0 0 0 0 0 0 0 0 0 0 0 0 0 45.0710276768 45.0636553671 44.9630780169 44.667250029 44.9699274114 44.6321038952 44.8281382156 44.960218133 44.8581793035 44.510994072 44.5086229738 44.9864670419 44.5131844964 77.9001828119 77.9001828119 77.9001828119
0 0 0 0 0 0 0 0 0 0 0 0 0 0 0 0 0 0 0 0 0 0 0 0 0 0 0 0 0 0 0 0 0 0 0 0 0 0 44.6625455275 45.1907269666 45.0155559926 44.744820679 45.0445706501 44.7622753251 45.1284546118 44.8979509686 45.0728126308 45.106744491 44.559201612 44.64464931 32.7029470663 32.7029470663 77.9001828119
0 0 0 0 0 0 0 0 0 0 0 0 0 0 0 0 0 0 0 0 0 0 0 0 0 0 0 0 0 0 0 0 0 0 0 0 0 0 0 44.6293301807 45.0417501305 44.878216911 44.9362375691 45.0562415392 44.945049943 45.16203494 44.9420818824 44.9808839284 44.7323821404 44.8097553522 69.9445166792 70.8204391543 83.9622398514
0 0 0 0 0 0 0 0 0 0 0 0 0 0 0 0 0 0 0 0 0 0 0 0 0 0 0 0 0 0 0 0 0 0 0 0 0 0 0 0 45.2009484212 44.7451153432 44.7252043188 44.878159343 45.0895624807 45.2036874378 44.5421317962 45.1643009615 45.136347348 44.6998132352 45.0058767884 45.1376022012 32.5768183009
0 0 0 0 0 0 0 0 0 0 0 0 0 0 0 0 0 0 0 0 0 0 0 0 0 0 0 0 0 0 0 0 0 0 0 0 0 0 0 0 0 44.8960298647 44.9259182252 44.7740838206 44.8475089175 44.6795213746 44.8542497816 44.6849505576 44.5098137446 44.6842487843 44.8747917664 32.5768183009 32.8364098719
0 0 0 0 0 0 0 0 0 0 0 0 0 0 0 0 0 0 0 0 0 0 0 0 0 0 0 0 0 0 0 0 0 0 0 0 0 0 0 0 0 0 44.7157492047 44.7205372871 44.6207148634 44.8327785425 44.8153280646 44.6405866326 45.0018446845 44.8573241874 44.7342143941 44.5345159042 32.8364098719
