Spatial Output/patch_out_check_00062.asc
NCOLS 155
NROWS 192
XLLCORNER 196769.923733
YLLCORNER 449719.875193
CELLSIZE 27.603701
NODATA_VALUE NaN
[rows 0 to 22 of 192, columns 0 to 52 of 155]
0 0 0 0 0 0 0 0 0 0 0 0 0 0 0 0 0 0 0 0 0 0 0 0 0 0 0 0 0 0 0 0 0 0 0 0 0 0 0 0 0 0 0 0 0 0 45.7339234764 43.0287232572 45.1058276735 43.9511212869 45.7664919006 44.581936815 44.4645681054
0 0 0 0 0 0 0 0 0 0 0 0 0 0 0 0 0 0 0 0 0 0 0 0 0 0 0 0 0 0 0 0 0 0 0 0 0 0 0 0 0 0 0 43.8488696363 45.4862814185 43.1620919134 44.7230561312 45.2211176673 44.0380422422 45.7140077631 43.7951002744 43.0489629075 43.1146258464
0 0 0 0 57.0104070164 78.6292413348 78.6292413348 65.0150738945 0 0 0 0 0 0 0 0 0 0 0 0 0 0 0 0 0 0 0 0 0 0 0 0 0 0 0 0 0 0 0 0 0 43.0968600822 45.758697384 43.4048619633 44.331372595 45.4398560903 43.293421756 45.69964278 43.7713082304 43.763680962 43.575513816 43.6451273765 44.2857752745
0 0 0 0 57.0104070164 78.6292413348 78.6292413348 50.5497117404 50.5497117404 0 0 0 0 0 0 0 0 0 0 0 0 0 0 0 0 0 0 0 0 0 0 0 0 0 0 0 0 0 0 45.5652436922 44.6383787902 45.0467167302 44.0055491907 43.8424620175 44.7356992131 45.6330506841 43.2140772891 43.1991052938 44.8577857749 45.4851016581 43.175381051 45.4985539305 43.0731281818
0 0 0 0 0 78.6292413348 50.5497117404 79.3569560521 79.3569560521 49.9700961523 0 0 0 0 0 0 0 0 0 0 0 0 0 0 0 0 0 0 0 0 0 0 0 0 0 0 0 45.5771867403 43.6029235462 45.3912707041 45.4662501109 44.9791042787 43.8467480755 45.3950439984 44.8188263863 45.1282202467 43.9912290209 44.6491035503 43.6551391286 43.7577165487 45.8015341437 45.6385585076 45.2165925289
0 0 0 0 0 0 50.5497117404 79.3569560521 77.5252984648 77.5252984648 67.9733424953 0 0 0 0 0 0 0 0 0 0 0 0 0 0 0 0 0 0 0 0 0 0 0 44.5109264287 45.0798734913 43.2920784795 45.6175831047 43.0229964592 43.3249225704 44.8868236786 44.8548824653 43.5835744082 45.729675629 43.7231208698 43.4803228677 45.0360696059 43.1324720123 43.3694377959 45.0988458048 45.0487722881 44.377344668 43.9208468382
0 0 0 0 0 0 0 65.0369664589 77.5252984648 77.5252984648 66.2686989199 66.2686989199 69.3251295904 0 0 0 0 0 0 0 0 0 0 0 0 0 0 0 0 0 0 0 44.6918015134 44.3540113228 43.7922740884 44.0727666943 43.8985662483 44.1230824516 44.6802663851 45.0288832441 43.1347015647 45.7318566978 45.72161981 45.5389873319 45.5009107646 45.5726800232 45.7798757384 45.2373179275 44.888809886 45.2862476111 43.9926246078 44.9701284131 45.3025393825
0 0 0 0 0 0 0 0 50.8644235415 66.2686989199 66.2686989199 73.5804632608 66.6769447016 66.6769447016 44.2581496204 43.9823615192 43.8880230599 45.2803341743 43.3516733835 43.8158592296 45.6951717127 45.415628156 45.4488228764 43.0953585578 43.9358148117 44.986364767 43.1322813378 45.1966654475 43.2294188003 44.8728293217 43.9698115234 45.1616475554 45.43542178 45.7326752692 44.740517183 44.9438252766 44.2510620288 45.4557985056 44.2100382803 45.2210031328 43.4012149448 43.2072952058 45.809932981 45.4574252363 45.723760825 43.92832549 45.7931217446 43.1542223649 43.2716564215 44.8094925387 45.6951711975 43.8469247641 44.6691399125
0 0 0 0 0 0 0 0 0 61.8556649969 54.252547399 55.0155678337 66.6769447016 69.926675937 71.1976850612 44.544925268 44.2444653933 43.4915428964 45.2869985884 45.196931208 44.3470383382 43.620684871 45.425630443 44.1084562922 43.1110346958 45.6687278636 45.5747749947 45.6497938765 45.5259968695 45.4815858255 45.5401434447 45.7154692164 45.2894772253 44.8287578663 44.1585571794 43.0364639536 43.4714441484 43.7568559738 45.4224792196 44.0382864463 45.7006493606 43.9893800747 45.1675071778 44.644300488 45.6539333726 43.1814978906 44.8550556109 45.7475075478 43.9941139619 44.2225275839 44.6522977656 44.499847229 44.5146675053
0 0 0 0 0 0 0 0 0 58.7171790864 62.9645043378 56.2830790806 66.6769447016 69.926675937 43.0351579501 44.0257807681 43.4379897437 43.4147257562 44.1962567142 45.3750986982 44.8875713916 43.2101741379 43.7824729411 43.6145913923 44.8512064829 45.162911743 45.7929074405 43.3757510043 43.1753390686 43.0557212501 43.9003303991 45.6042361406 43.1629040454 45.4212637542 45.2481648888 43.9761932931 45.5609172921 45.2270050042 45.5847452753 44.1399994125 45.7117954791 43.8466255594 43.0739949511 43.2265654282 45.2931646853 43.037899522 44.3704075463 43.0870279656 44.4930038591 43.7938005911 43.270752856 43.5140337396 44.510893551
0 0 0 0 0 0 0 0 0 62.8955618355 61.0736001284 62.2619589081 71.1976850612 43.8363392909 31.4764928686 31.4764928686 32.5344998707 43.984898995 43.5469001359 44.7646535325 45.0059140519 43.1895721477 44.5744251258 45.0840737586 43.5410784086 44.82590554 44.6267440943 45.7070992102 44.7794826938 44.7488616983 44.6620096228 43.0758249461 44.3602061893 44.1665740177 45.7827834604 43.2955096839 45.7037749735 43.7883680679 43.3709641569 43.9061048252 43.9890900871 43.7209880421 44.6459889286 43.5045352759 44.1608060127 44.8901247813 44.0960803046 45.0160784538 43.7354836664 45.257962075 43.1454038375 43.7606323684 45.6918695456
0 0 0 0 0 0 0 0 43.1400179696 44.0366543675 43.0572380382 45.0297890874 44.3978135684 45.074378304 31.4764928686 31.4764928686 63.9681642287 63.9681642287 44.262037521 44.6947094857 44.1355452999 45.6235576677 45.4305087731 45.1622187182 44.251641182 44.648580718 43.6437778207 45.8047355612 45.437705662 45.3761345557 43.5399784799 44.9491071879 45.2852065013 44.1634205981 43.0137199697 45.812502474 44.9436782231 43.8992300521 43.678622369 44.6246902641 43.1243679502 44.6680711933 43.5271165862 43.7977018173 45.5646779727 44.9537037758 43.15987088 43.9470677677 45.3906766584 45.0019034457 45.5252302669 43.3867426853 43.7177607633
0 0 0 0 0 0 0 0 43.7912279017 45.5310072535 44.023554558 44.8891984975 43.6909172872 44.5319795745 31.4764928686 31.4764928686 63.5232474225 65.3941077582 65.3941077582 45.1914680774 45.3047889393 45.757962699 45.534201328 44.0996619938 45.5887737603 44.4752427199 44.5037724583 45.3506369668 45.6991486119 44.1734504159 44.0641041749 44.3443687416 44.5051120075 45.2254942219 45.6994757625 44.9078919214 45.7645687808 44.1805407151 43.9003548383 43.2025997388 43.2656606048 43.9385169537 43.7996499631 44.9618081625 44.0567215974 44.3823533095 45.3627033538 45.5155639479 43.8247278861 45.3746587458 45.546769979 44.0419664217 45.6006612156
0 0 0 0 0 55.4831555928 58.4765010586 63.0170890853 45.1407405547 44.936311151 45.5348867983 43.8423335983 44.7823888079 43.7745185016 44.8108891909 44.4361557515 63.5232474225 65.3941077582 65.3941077582 75.4547329621 45.7631838833 44.9749123059 45.6012313405 45.0793153137 45.792001255 43.0658116555 44.6218437305 44.2680894823 45.7929219078 43.6303151077 43.3344393069 44.1479023172 45.5538673365 44.6615297362 44.2125029879 43.9719671019 44.9243980894 44.769859182 43.1415302809 43.7074659418 45.5010136292 43.3329158925 43.4093754994 43.4320730239 44.0834713337 44.4061020108 43.3899427778 43.6844321874 44.0131430479 43.5414647853 44.3622092212 44.2182275455 45.3081517419
0 0 0 0 0 54.2130523652 53.6796114305 62.6056868614 83.7352159473 43.807323336 43.1201487447 44.3882626816 43.4674856775 43.987699678 44.9139584193 45.8071830154 63.5232474225 65.3941077582 67.6928666808 83.4065567275 83.4065567275 83.4065567275 43.5190872406 45.6901599971 44.4987269199 43.495706924 45.3251939635 43.2604082475 45.1618521568 43.0058271062 44.5413692776 43.4450301272 43.2005435507 45.75762206 45.1782101239 43.8960826128 45.6602793004 44.383425751 45.8202501402 44.625508488 43.3046854849 43.0353928205 43.4815178454 43.4332101369 44.388904713 44.9719582869 44.3310261937 45.6325601445 44.8505680858 43.9562622144 44.0709089204 43.8613962061 44.7203473916
0 0 0 0 43.9201061635 58.8044003599 55.0674816287 54.1533091623 44.8791623531 44.9642440466 45.0624615225 44.8301820297 44.0188312533 43.8754881702 44.6031039067 43.9598083991 45.6320959098 43.7598941937 60.2647604463 94.8587902112 83.4065567275 63.5082050182 63.5082050182 43.7687380695 43.3068046056 45.284841314 44.1528548244 45.4376267375 44.1322204028 43.6172321196 45.7487788296 43.4141846439 44.4955829355 43.7665332124 45.3880179218 44.2811261083 45.2191419367 44.9665488423 45.0138812836 43.9095422656 45.7986160341 45.7725295209 43.2448453329 44.3017221344 44.5660860364 43.1269611927 44.4407334058 44.3006032682 45.2597597184 44.89487708 44.9814883441 44.9414625229 45.368761645
0 0 0 45.4684940485 44.1777963695 45.1913553975 83.7352159473 83.7352159473 45.3530314346 45.1509068433 43.7241561341 43.9684202686 44.1093247266 43.107569394 45.6046345011 44.9907733549 44.8045193597 43.9994093195 44.5540682901 44.5539354743 83.4065567275 63.5082050182 63.5082050182 61.7310418041 44.1426136433 43.2938573684 44.6146596478 43.2989156246 45.6115747575 43.8004701576 45.1407553297 44.8346170565 44.9064155055 44.6653014846 44.4827083043 43.0313929396 44.5379541427 44.1030207352 43.105358522 43.6288629389 44.3198873435 43.0043821535 44.4018210933 45.4072704198 44.1585217845 45.2397901748 45.8111755496 45.4517393013 44.3404428109 44.2853913924 45.0162810413 44.8005584981 44.6243243971
0 0 44.4594105273 45.0726192162 43.8524084961 44.0466909323 44.8322573325 43.7732335386 81.4064023866 81.4064023866 43.7057258727 45.3506693542 45.1336283611 44.5543561698 43.9053377125 43.338779476 43.0369588637 44.2434065141 43.0351421154 43.0040462884 44.3330057326 55.3921293506 55.3921293506 60.9475415761 60.9475415761 45.4885514032 44.9943382362 45.2426770087 44.3034397242 45.7989793775 43.6772802132 45.4260005116 45.1161423452 44.9391004625 45.6123555056 44.4393734448 44.7035614299 43.4261233819 45.0773819291 44.9417264602 44.2125938555 44.280645026 43.5118299418 43.7490175289 43.7637615783 44.734073839 45.2386847523 43.2364781059 44.0855695977 43.8251041894 43.8321530753 45.1633738992 43.6743997671
0 0 43.599856616 45.5508530321 44.8579197212 44.1546631479 45.648767336 88.7703955782 81.4064023866 81.4064023866 91.5136450768 43.5973865991 43.2407654562 45.5417031248 45.6785859673 43.0056805788 45.3921621589 44.6602158379 45.1938694834 44.0656001355 44.9731890781 44.4924423871 43.1329148431 76.6298506671 76.6298506671 76.6298506671 52.432352701 43.5219681881 44.409890458 44.196488414 44.4338820054 43.8579995161 44.9934664073 44.6795231047 43.0180770346 45.3282356925 43.8976161193 45.7695244034 45.5815783363 45.6945928802 45.3803526463 43.5097158788 44.279234684 44.8750491135 43.0521433865 45.2834207545 44.8888477273 43.0827072681 44.3975432413 44.8822846118 44.4037499887 45.0106166283 45.6871376777
0 0 44.0874024366 44.7017306483 44.6297596478 45.1187296919 43.0416317724 44.9743559286 67.4901605411 43.3459417047 45.6560872148 44.9620114842 45.454926094 44.3699911648 43.1507440409 43.8575958849 43.6076712243 45.3012175544 45.1932500918 44.1907064306 44.7908221273 45.7556642163 44.8589431362 60.9475415761 76.6298506671 72.67695727 72.67695727 45.4983100514 45.7281869969 44.8528665428 43.195634265 45.0830393709 44.7083771256 44.3522236035 44.213374828 43.5273415333 44.7736112244 43.5901774708 45.3721752192 43.7617884901 45.3001735215 44.7517867556 43.5259369616 45.7296439079 44.5883917066 43.5350094307 43.3085114766 45.3184866248 43.7557652658 45.2444177662 43.2832533744 44.07480973 44.1639390243
0 0 43.8002854244 45.6538534915 45.3876970317 43.7074504623 43.6148887913 44.0524769492 43.9942596488 45.0468412432 45.3885576501 55.002865522 55.002865522 44.6652477548 44.1170525355 43.505982691 43.5912373391 45.0595246871 44.8025753994 44.4663228404 45.327441912 44.1417403779 43.5854937098 43.9321701133 52.432352701 44.7549218501 60.6232489738 60.6232489738 76.9089363882 43.7235008462 45.5736763765 43.1457411738 45.5097634236 43.8790529768 43.7112905704 45.5812362589 44.3771662569 43.217428069 44.7139502846 43.0189254492 45.0014974963 45.2405716274 45.1969105246 43.7715857064 43.006081092 45.7931429066 44.9285746454 43.8649728869 43.9177303308 43.1356306169 43.0847117353 43.2024084184 44.4823825475
0 0 44.5994370834 44.0753004062 45.0929164893 44.8338978703 45.3473698373 45.5996834208 44.907011808 43.1910766137 45.072724516 55.002865522 55.002865522 56.9999105281 45.2230066304 43.5959003532 43.4384557043 45.2032285874 45.7327856198 43.5582339618 43.4878241512 43.4263473041 45.053352684 43.9844894751 45.7587336718 43.5688724367 60.6232489738 60.6232489738 43.1159705923 43.2677505301 44.9222075415 44.7909197372 45.5440135397 44.9488486176 43.4609598614 45.0374823588 45.7087292155 44.7255308427 45.1233115986 45.3585712476 44.2403827999 44.0133797701 44.2061896247 44.582873472 45.630161213 44.7167176461 44.3808007747 45.0378040375 43.3424683509 43.9989424721 45.6680652271 43.1059074964 43.0457163026
0 0 43.4397152797 45.3248802186 43.0933667628 44.7200143221 44.2132779331 45.0811054082 43.9529923134 45.1052041269 43.1898059553 55.002865522 45.0115722999 44.2016125651 68.9036851305 68.9036851305 64.3639492572 44.1335964053 44.0646633183 43.2836010767 44.4476677658 43.8230037222 45.2995763249 45.3093351837 45.2103693016 44.7692696488 82.8040125909 82.8040125909 82.8040125909 44.5544066244 45.5421203139 44.2600711443 43.5285017422 43.4883813594 45.231632951 43.6181915378 45.042993927 43.1947154703 45.7951755416 45.3074104342 43.7216092085 43.9947544116 45.5199030312 44.1647293 43.9520889007 44.571495456 44.8673004768 43.6630601206 43.7658692192 44.9643966057 44.0330215602 44.6275954793 45.2483911292
