Spatial Output/patch_out_check_00061.asc
NCOLS 155
NROWS 192
XLLCORNER 196769.923733
YLLCORNER 449719.875193
CELLSIZE 27.603701
NODATA_VALUE NaN
[rows 23 to 45 of 192, columns 0 to 52 of 155]
0 44.4688826413 44.6626677314 44.1806739687 43.3668497209 44.0637076852 44.8815487104 44.998160868 45.1386628195 43.2286255979 43.5083068765 43.8856250001 43.5980526811 43.475646569 45.0269014686 64.3639492572 64.3639492572 45.0198825811 43.7945882365 45.8120695207 45.6311767428 43.8569326696 43.5927702165 43.8126120211 44.9894049046 44.0289149763 72.2339388851 57.787833888 72.2339388851 44.9488067523 45.3635519299 45.0022043835 43.3624007635 44.9487188479 43.0836695613 45.2599319802 44.4346639661 43.3977737407 45.0446102078 43.7907302611 43.958737396 43.8075729604 45.6457830047 44.5497606254 44.932395041 44.1846880966 44.7748026582 44.5109690209 43.0163023477 44.7322944491 43.2821412907 44.6141191004 43.6691528208
44.8799112862 44.066100048 45.5812572614 43.5259471499 43.4159320685 45.3926219323 43.9427362262 45.7862121896 43.948596913 43.795697068 45.7396321935 43.8420978757 45.3957504708 45.8142131572 43.5763414475 70.844167805 44.4934090051 43.0384610158 43.1295482996 43.366389147 43.5321585871 43.2270166127 44.40354971 44.6237589287 44.7395854688 44.8288905234 57.787833888 57.787833888 57.787833888 43.8988689897 45.1679623689 45.5138436667 44.4927249042 44.3450117438 44.6417596717 45.1944569062 44.3941087324 45.8000772159 45.557360334 43.2949116509 44.4802118868 45.7164666053 44.5396729965 45.3761371743 43.1356766049 43.840892566 43.3172901459 44.1317291082 45.4917072172 43.1094639183 44.8863790856 44.1238016883 45.038648366
44.2721025889 43.3886953799 43.6494551978 45.7999566083 43.0487811274 43.8193172534 44.9986696226 43.1680304915 44.4650372425 43.0541170573 45.1234030072 44.9077620048 45.4218699415 45.7542915268 44.8311268011 43.5687144504 45.783356484 44.6488067598 71.0647751173 43.3847399434 45.6564542961 44.9546084128 44.9209812959 43.9745790126 43.2855628518 45.1613034044 57.787833888 57.787833888 57.787833888 44.9690836759 44.0722791558 43.7628310504 45.5318172685 43.0816054454 44.7446118482 44.8535911536 44.3795547053 43.8156346692 45.3571007574 44.9022432051 44.1096276059 43.9114320804 43.7474189521 44.467414791 44.7434716565 44.8853720446 45.744350406 43.4003238067 45.0153288517 45.4509974357 44.2571670102 44.7165490495 43.6446531329
45.01046169 43.6435617142 43.5953743139 45.6061672079 44.1802877089 45.0827378688 44.0433504375 45.726213184 45.8159602251 43.3475102743 45.0319148269 45.0667909822 45.386594363 43.2843358472 44.9396259366 45.1294916148 44.4241825634 45.5801082856 45.5344498046 44.3090482863 44.0136505574 44.959338459 44.0898386803 45.3123895239 43.838992452 43.9404057359 69.3288645441 45.6817534692 61.0544125356 61.0544125356 61.0544125356 43.3080837783 43.2475874547 43.9148985832 45.5541013151 43.3885437674 44.5572150667 44.5208831212 44.0808125055 45.6933099592 43.6331329682 43.4389255354 44.9569917391 45.6061797771 45.6493360143 43.550217409 43.9016024219 45.7592650969 43.2473175598 43.771908405 43.2918216887 45.646171945 45.4550262676
44.2467269805 43.4122779626 43.2976677525 45.7172620441 45.4341357027 43.8511878641 43.6574840211 43.6138942915 44.9759996031 44.1961354414 44.3702224886 44.5459132884 45.1423727076 43.3655608872 45.5856046738 43.8351028143 43.8714211416 45.0224124263 44.7743592328 45.0338606283 45.0750051977 44.8124911042 44.4035527494 45.5353575903 45.0142498364 43.3394286428 44.8082799483 60.6976114329 61.0544125356 61.0544125356 62.7034333045 62.7034333045 44.4567504032 44.1119356959 43.3379094883 44.8466181223 44.3616438753 44.1850958797 45.319452944 44.6450607743 45.1128128023 45.1723154304 44.1756236571 45.2186869016 45.0364732298 45.1196955651 43.1850159936 44.3686053171 44.7179734129 44.7821625168 43.9713949906 44.5341041802 45.4535211316
45.0513629458 45.1253593718 43.6120245281 45.1378861403 43.9144025457 45.0222747622 44.008592023 44.8141899001 43.3271430623 44.3501910733 45.3222066619 43.6169465859 44.0545782312 43.2282943508 44.5774647538 43.0146451571 45.7767252222 43.4628870766 43.2048008744 45.6855810151 44.0263373989 44.1391595583 43.8458429924 45.5261757829 45.2598305885 45.6282559876 45.3765303699 45.2813149233 45.7746751735 62.7034333045 78.5065911191 78.5065911191 78.5065911191 45.2805167501 44.8364145622 45.0762875523 44.33217571 44.6150025012 44.577492784 44.0615350319 45.348044651 44.6256595919 44.1377563445 45.4773574892 44.5685373268 44.8982422342 44.1506916719 43.3440806479 43.4647851792 43.8672042673 45.5476853689 43.5099228907 44.6455000496
43.5431851466 45.321808103 43.6405306313 43.1896257956 44.4629347531 43.4772825811 43.5756428374 45.0349021311 45.0648408145 43.8762039616 44.4456942886 43.4170204916 43.219684838 43.6715128297 45.2839733243 45.1639649248 43.141151862 43.6173449132 44.4635518502 44.9139127354 45.7139425546 45.6038081657 45.2545647401 43.4039359471 43.2297441162 44.7152870874 44.7932043286 44.1580554657 43.8008900096 45.046591809 78.5065911191 78.5065911191 44.6655570586 43.1228118321 45.5944148719 43.7654765068 44.0007234472 45.2568360131 45.608177334 45.3324004374 43.9012722241 44.6234768073 43.5382662573 43.3144211899 45.4783030274 43.3420784295 45.7382912267 43.729757691 44.3941629735 44.5238240846 44.6176174034 43.9886723311 44.0851936114
45.6231358864 45.2463126778 44.9215659717 45.5950207544 43.1725251897 43.1417570744 43.1460958906 45.6119193747 44.5249377765 43.6020417534 43.5353558698 44.2262362279 43.1926525745 44.8538060368 45.7661926799 44.0044351165 44.6744350803 44.4529043437 43.4930889312 45.5487566765 44.9947648621 45.6239588844 43.6573985473 43.4199339874 44.6663897538 45.6165385546 43.4083729431 43.985505817 44.5205425146 45.7581157045 78.5065911191 68.6114605978 44.7842966533 43.8019985379 45.4908093613 44.9553561824 43.2139530358 43.0070564119 43.8439743944 45.0415922427 45.3170373027 45.473122171 45.2876285391 43.5888566379 43.614974652 45.5069495073 44.6344257476 45.6078854938 44.7363272041 45.1465813656 45.2093304306 43.9672831229 45.6933769793
44.4807331722 44.6218367281 43.6177221923 44.8756868823 44.4640408291 43.1688876788 45.5341124945 45.4523588399 45.2887053931 44.462518708 43.7223941254 44.4992207772 45.4795809949 44.3360252664 44.925286325 45.4844693687 44.7589117599 43.5994161049 43.5978416364 43.5342448495 45.5494952669 45.2627284622 45.1723476375 44.519488101 45.6551778709 44.7290319183 43.6239098581 43.0648490531 45.4289432706 44.6443450672 62.4699445258 81.9079126001 68.6114605978 43.2628305476 43.2667326089 43.4243377518 43.4952904027 45.0518671169 45.4848546866 44.0879200785 43.8729214889 43.5281026251 43.9874074422 44.642975082 43.7242322218 45.8128255726 44.1216722601 45.31968144 43.1054903932 43.680473793 44.3818376293 43.7392955286 44.320961955
45.5723922922 44.4382857143 44.0994157648 45.3089949146 44.3453117831 44.5093880668 45.4195275825 45.0524701983 44.7889195796 43.7530087154 44.7364553819 45.154403712 43.7391363586 43.0266869359 44.3265456235 43.1612683223 43.4169803971 45.2686188878 44.4518202077 45.1498307407 81.2722933192 81.2722933192 44.2223207783 43.9486782518 44.532504496 43.7852653452 45.8097089258 44.7811148655 45.8281792019 62.4699445258 62.4699445258 62.4699445258 45.0645345481 44.0136866509 43.3697687054 45.5754225628 44.4149415344 43.2341576416 43.2975254618 43.0030520179 45.2579808911 45.6252745081 45.4327122128 43.588077741 44.8301041691 44.7666287662 43.7848462477 44.5764410406 44.0386491244 44.8926266004 43.3482453139 44.1926141437 44.9057935435
44.4039588259 44.7945992931 45.2801831658 44.2603444873 45.2710116769 44.0865046258 43.648007581 43.0147614681 44.2264103471 43.6007391797 45.1742263412 43.072927326 44.7872320205 43.4348980691 44.9929079765 43.3120318547 44.4832557953 45.2909269754 45.3916769221 81.2722933192 81.2722933192 81.2722933192 45.6820202502 44.3007921866 44.4578470904 45.4331086033 45.5033975964 93.6294564664 93.6294564664 68.1748979231 68.1748979231 62.4699445258 44.5837234869 44.1342730513 45.6191271238 44.5064230064 44.2857877206 43.1141858232 45.022482422 43.2103881126 43.840965631 43.9835836278 44.747284361 45.6131008915 43.2489669255 44.2707214067 44.7787663482 45.3606998443 43.4010231034 45.2069072021 45.1881853228 44.9088416985 45.5529343712
45.1927223871 44.9158060857 43.1795187443 43.6697106423 43.4827886387 45.4004895147 43.0787570122 43.5937394017 43.1909659892 45.415841228 44.7540938522 43.9652423763 44.4556637881 44.8820481349 45.6174382197 43.2607903952 45.1325122586 44.9576571823 45.2297838194 45.2910077845 43.4385177904 43.2493605031 45.5918135863 45.5138261503 45.7344522496 45.2364759853 44.8296093885 44.9828484565 93.6294564664 68.1748979231 68.1748979231 43.8293321777 45.4464258623 45.2710918036 43.6593549198 43.9669759184 43.792223999 44.5620969747 45.2384487301 43.9209454544 44.2542053183 44.6647241054 43.6153411414 44.1189167308 44.4035705834 44.7110288795 44.0118480678 44.8570595241 45.4030213801 43.4719866728 45.3515679485 43.7500459595 45.2335871113
43.4381292002 45.4602737288 45.500107236 45.3856211006 45.1434183085 43.47952571 43.8405602327 44.2998356526 43.6446097618 45.4130309584 45.6947156812 45.5312579191 44.4699184066 44.4830947282 43.8040854021 44.9900766744 44.1748552906 43.65506668 44.4442655105 43.0554604123 45.4223261858 61.4229843801 53.0054863989 44.5650918486 45.0522608792 44.3574622874 43.4093602477 43.5572838066 93.6294564664 63.809140883 63.809140883 63.809140883 45.5258057623 43.5401168663 45.7069183588 43.3842330216 44.4912801057 43.1087480902 45.596454656 44.4167459469 43.4643942323 44.1014100532 45.6607576172 44.7992389592 44.0610039648 44.5973708803 44.3983471341 45.2518053299 45.7408265913 43.1268555516 45.2145572958 45.4256210022 43.8027339025
43.3809200313 44.4016497888 44.9866690425 45.723132805 45.1417896619 44.9416621477 43.8358125819 43.1723752891 43.5909743377 44.9509672529 45.0636476068 43.1825070147 44.3263721115 45.8138877548 43.5685826636 44.1429893209 44.7053434087 44.4839386521 44.1002614802 45.173195355 61.4229843801 61.4229843801 61.4229843801 43.6410555945 43.5000055281 44.0319971523 45.1396096866 43.7967305137 45.0213492711 63.809140883 67.1969458732 76.0994002689 43.6953534119 43.5829839025 43.943242846 45.4182999653 44.8544193709 44.8776100809 45.3101425914 44.9600716254 44.5877299563 43.993808021 44.2618866581 45.6465042811 45.4971390125 45.2730817291 44.5015399356 43.1391412751 45.2256076004 43.336261183 44.1401145058 44.4189763247 43.8596949886
43.7079071383 44.992217114 43.2257791185 45.2813928924 45.6945388267 43.8920377527 45.5366453058 43.8910554119 45.2145871024 44.1765247969 44.7778072532 44.8444515645 45.0298835285 44.8987064447 45.2829879104 43.7111698915 45.1811429036 45.5197349671 43.6358852881 66.283394832 66.283394832 64.0730724544 45.5675801202 63.2166182346 45.0131674887 43.5045337721 43.1537665356 44.6965269686 45.4884054767 45.2182605013 67.1969458732 67.1969458732 43.4001765097 43.6843137501 43.4286764399 43.5443927447 44.7064952803 44.6943260015 44.7032614725 43.5205233196 43.6713204645 43.6634375919 44.0477229972 43.1532891445 44.239670291 43.125535618 44.3261221057 43.8364059629 44.4782215283 44.7597032615 45.1403602094 44.1012552261 43.2437379029
43.1460261062 43.198203464 45.6140558513 43.1496607832 45.6799676316 45.0511891845 44.7070309472 43.9664581561 45.7750591956 43.3885535317 44.5838861643 44.9347286441 44.9892116375 43.9811076445 44.1477430142 45.4199668181 43.3199631115 43.7328382764 44.5368427649 66.283394832 66.283394832 64.0730724544 64.0730724544 43.6984034768 75.6880884937 75.6880884937 45.8142771299 44.2158511858 43.7913605357 67.2829473981 67.1969458732 67.2829473981 44.9244952814 43.455707651 43.3220014728 43.4532067594 45.3477855742 43.9305442375 43.1318466193 44.7750785836 44.2102055607 43.7933913625 43.1406971099 43.0521925323 44.2390810703 43.6661921359 43.8257803407 44.9526014595 45.288545726 43.6093346719 43.3427250539 43.865005362 43.8934356451
43.7584705358 44.3562434081 45.1645592097 44.7161910589 44.606570174 43.6138280877 44.7341421472 45.7070101216 44.0450244239 44.3843304436 43.9027292819 45.0902437896 43.8468350355 44.0932299052 43.914361026 45.4917456701 43.4106469547 43.9358216997 44.5157007261 43.9184197253 45.0708856408 64.0730724544 81.2223813899 63.2166182346 43.6894576251 75.6880884937 53.4428990941 44.2409674357 45.3324349515 45.7820345141 45.4942235692 62.8761073553 45.6569871549 43.6107062011 43.1047294738 45.0767047732 43.6407453495 43.2014395772 45.6263280972 44.2721937511 45.7594275123 45.6724927658 45.4582331283 44.2175643768 45.3922235309 45.0758573899 43.0797060528 45.5239628276 45.5493598196 45.8013180807 44.8445574737 45.2640921999 44.633147855
44.2105410714 45.0523459084 44.0286818779 43.0088653785 44.888694895 45.0706073614 43.1844369461 43.8062062957 44.1698181532 45.1275743223 43.9366954806 44.2458964043 44.9242698935 44.3283452506 44.4064397201 43.6506668251 45.0884233196 43.824118732 45.4376296694 43.3298201255 43.2750865152 43.7474036932 72.580933713 43.3098791618 43.3101808769 45.7013075103 44.6602782144 44.9486259062 45.7319825329 44.0872202468 43.5179389914 44.2303962851 43.7446076446 43.0092969794 43.7817725509 45.2631747523 43.6507966821 44.7435667128 45.5138672935 45.5459131534 45.4019080382 43.8516961773 45.6471871198 44.527369729 43.0565228872 43.2147913558 45.01992768 44.3889716535 43.4066123346 43.4203863932 44.9600524441 43.000739275 43.1847172132
43.950445863 43.5392786994 43.9138417572 44.7807851978 45.391159522 44.3847588165 44.3986238058 43.2351826662 44.8371706914 45.3960175871 44.1044545436 43.8165169854 44.2897764997 43.903715853 44.3342859271 44.9042557136 43.9593533059 43.5297097996 43.1149977778 43.7248805386 44.531609004 60.9603104744 60.9603104744 44.7213728109 44.9003693183 45.2245107472 44.9874625105 45.3118310766 45.7246913606 53.3661594101 44.2509407484 45.0861312918 43.0226682711 45.3512144203 43.7480466458 45.8041150787 45.2352960704 43.2720711022 43.1378906156 43.6123900314 45.7915149115 43.5435293008 44.2819773229 44.8736825829 43.4833536866 45.7331542877 43.8480038094 43.0298849416 43.0372620761 43.2269930335 44.5384894773 43.8592996899 44.3635599022
44.9306753748 43.9835204286 44.3146479702 43.2917552818 43.4971067936 43.7776225298 43.2552311284 43.3352753201 44.6539107669 45.5184332158 44.894456335 43.0248620129 44.4479253006 43.2845419865 44.4305283134 44.6572662031 45.0066944257 44.692387945 45.8023682485 43.89925736 60.9603104744 60.9603104744 60.9603104744 44.3908656435 67.7032602522 65.0781294481 45.5141850201 45.2994343464 53.3661594101 53.3661594101 53.3661594101 53.3084753196 43.8819335061 43.0272735896 45.7927591339 43.1063849728 43.1070270435 44.3505585061 44.1041811997 44.2871124537 45.814213567 43.9252030191 45.6726699792 44.1059776134 44.7653165703 43.5756899832 43.4803268239 44.2448736389 44.5167927107 45.4046156042 44.110935444 45.6671776371 43.9855777552
43.4285748621 45.2337724105 44.3126543033 44.5488863482 43.4304855595 43.5718693102 44.5307916016 43.9205595967 44.1403517069 44.6192306559 45.3718251386 43.8319061219 43.9857046422 45.4570573114 44.7017992551 43.8857817724 43.7638381977 44.5594386459 43.9992927476 43.9781901047 45.2706846889 44.0604156025 43.5337931834 67.7032602522 67.7032602522 65.0781294481 65.0781294481 44.1540469589 44.769641313 43.2888033325 43.0165478226 43.6770728403 43.2677445853 45.6905847748 43.5489536737 58.0019850236 59.9186961437 59.9186961437 44.4785094698 45.5315436255 67.655429431 43.0638188272 45.6102266175 44.7048033356 68.649742319 68.649742319 45.6960386031 43.1140034597 43.7364557663 44.1695939707 45.0391321895 44.6719701742 45.2468397781
44.1936239379 45.3367367972 44.4684806946 44.7842617969 44.4608563826 44.7354381018 45.6581072387 45.5694807167 44.1551955452 45.0955562562 43.3389984827 44.4257192332 43.9029489754 43.0964838794 45.7201062867 45.0355902063 44.382312033 43.4746867634 44.9265150959 43.5611552839 45.0647486646 43.3108988368 43.804422602 67.7032602522 67.7032602522 65.0781294481 65.0781294481 44.7321646423 45.82221875 66.2760929848 45.7776469006 43.0850637322 44.2369228649 43.6108368106 45.6021902929 58.0019850236 58.0019850236 43.8221939065 44.7518689646 43.4326438749 67.655429431 43.3178669891 44.8016893756 45.747817522 68.649742319 68.649742319 45.6407784366 44.2235780975 77.894755365 77.894755365 45.2651292962 74.2768502361 43.040599815
44.4870996992 45.504080235 44.9172799755 44.2696014785 44.9494804189 44.5080301356 43.1774495353 44.8802021967 43.8482066434 44.6854019021 43.6784504702 43.0945627361 43.3349105652 44.7822933564 45.1045702024 44.8150610512 45.5254436579 44.2752240384 44.1698059411 43.5427794922 44.7799967409 45.5382547037 45.1644257732 44.1922124506 44.7126112273 44.5661228795 43.3038642543 44.0398395444 44.4484361352 44.5916248884 44.1887219125 45.0338633358 43.8522386106 43.7930546137 43.8767014983 58.0019850236 58.0019850236 59.9186961437 44.8234076977 44.0006243995 43.2033749363 44.6790079468 43.5850017963 44.5238538661 68.649742319 44.9535267229 44.9068818484 44.8291013721 45.5074364307 43.8254805471 75.4614228507 74.2768502361 74.2768502361
