Spatial Output/patch_out_check_00104.asc
NCOLS 155
NROWS 192
XLLCORNER 196769.923733
YLLCORNER 449719.875193
CELLSIZE 27.603701
NODATA_VALUE NaN
[rows 115 to 137 of 192, columns 53 to 105 of 155]
43.9490908224 44.3108898558 45.0971975077 45.5727635867 43.5650283687 44.6991839298 43.9731428268 69.5323145421 69.5323145421 45.7796167344 44.332674048 45.1867954801 45.3150416274 43.6568851501 44.4703902077 43.9701734772 43.981622306 44.483704328 43.3919733312 43.2906215537 43.4685062033 43.0611949922 43.4870451316 56.0144192428 45.8269175412 56.0144192428 56.3289925193 56.3289925193 43.3899018298 43.7466596208 43.4816722729 45.0709297043 43.557673321 43.0736068195 45.6432215058 44.9720402995 43.3788018582 44.1096163463 44.3421606791 45.0453824235 44.3292650245 44.0099798783 44.6201167877 44.7348447479 45.3949549599 43.8338145608 45.2263280259 45.1046303463 45.0326564106 43.2432686199 45.6654168539 44.9491379817 44.1155167901
43.5464777982 44.6527431357 43.077566716 45.0347246747 44.5411594697 44.4241515988 44.5332246577 77.5948824312 43.9980070664 44.8101032713 44.3941470213 43.5102070222 43.1983475624 44.5172858963 43.2174173501 44.4351058669 45.6759578916 45.3563896919 43.0481212539 45.372919855 44.2229664846 44.2218602261 43.2692539603 45.5132010102 44.3393231629 44.4268770941 43.7594158194 44.3225931581 44.7916948463 44.9741298869 45.4610602362 43.379952045 73.9032268431 43.6812858499 43.2906330648 45.7205575426 45.1689063246 44.4752863216 43.8136874758 44.3941909286 43.2679598486 43.0133981331 45.4915951932 43.8372480995 44.9071610094 44.4232743276 44.0036445021 43.8148469305 43.1622624925 44.7592503415 45.6232410078 45.3534409884 43.907564149
44.163867499 45.4106406241 45.6726194056 43.4111009888 44.0845593056 44.4498850657 44.4946233424 44.8752383178 43.2548106334 44.5965116909 45.2374608185 43.1586067428 43.1536616725 43.516180781 45.8202901491 44.0558133591 43.3309008078 43.3784258629 44.9679426603 44.3698466253 44.5283808351 44.9410329225 44.3814034908 45.2415673327 44.9714778411 43.0804924601 43.6095998652 43.4992212839 44.8832245496 45.4347769087 43.3100967639 43.9780716236 43.4734653935 43.0896462122 45.0331765331 43.6109794987 45.2623153175 43.119489758 43.9721156468 44.219981817 43.2614491434 44.8384549983 43.1133876695 44.6699896018 45.1490544734 43.577515169 44.7192934693 45.5760782793 43.1243084322 43.2677106812 45.5635692426 43.3416869868 45.1509880615
44.4209474651 43.2406012376 44.4564947149 45.4246649548 45.7153040416 45.0191987454 45.0577590324 43.419067146 43.678139639 45.6972853736 45.7718006663 43.9671120835 43.0123363172 43.5879529656 44.6239690164 45.7461051492 45.4339657914 43.3365312732 43.6687912358 43.6035892475 44.4258438552 43.1744440706 45.4637781558 44.7385973864 43.7176976907 44.9369700981 45.1973930461 45.4818022065 45.5052242601 44.7337999453 43.5281699477 45.0362145837 44.7154610864 43.583238608 43.1065754309 45.5555430883 44.2681135018 44.4643167643 45.7725884751 43.3685160829 43.1823930179 45.7144775927 43.2027735812 43.6927829339 45.4555771306 44.7774274956 45.185018226 45.0874732397 45.4898209534 44.081359267 43.7569475658 43.6574250029 44.2904746362
45.5392507607 43.966663315 43.1437766163 45.7596709621 43.6553445695 45.6728178972 45.341997088 45.6137906753 74.1460294958 45.3754853925 45.7602092171 43.2341589025 44.8047671702 43.0523420745 43.0915806659 43.38045106 44.9156742319 43.4708783593 45.4536217028 43.3142864008 44.5333291069 43.1097740254 44.4678474672 43.9005115313 44.5418079081 45.5811725064 43.5840868333 45.6444814974 44.9580773997 44.854876305 64.1258644139 43.0471215408 84.5761774158 75.9455409929 43.8016016798 45.2390690877 43.0966687499 44.5926495777 43.721546893 43.3898213188 43.7090651704 44.9861786828 45.3221610624 45.8013106087 43.4930791623 43.5056504601 43.6996469278 45.2152766855 45.2411431708 44.8563301042 44.8469942878 44.3347523122 44.6898173511
43.7185973588 44.4333723909 45.4165639953 43.6714713578 45.5679505271 43.9906395171 44.4556686264 43.0564022745 43.4484521296 44.9735633627 44.1843441412 45.6434551588 44.9414542904 44.2680681423 44.3893501311 44.2564931484 43.0943415882 45.2057568081 45.4865071943 43.8758696193 44.2124698451 44.7255917054 44.3730658694 43.5840303407 43.8522172786 44.6681834462 45.6219524668 45.7006622811 62.194964721 44.9826441926 64.1258644139 43.8223721492 43.4956223241 43.7588985001 75.9455409929 43.9112207309 44.1448889776 44.3651542149 44.9290638894 44.1073374655 67.4098273967 45.4832687651 45.6839722363 44.5794051934 45.6313139484 45.4394656863 44.9809341481 44.7701814467 45.0530632603 43.4345292151 45.5331438048 44.3547690922 43.8968717781
44.8292443945 45.1163551292 43.9725230982 45.0860386436 44.0839844747 44.6015487317 44.1733456091 43.8391838055 43.7251675563 44.5538099087 43.6280038975 45.4973747504 44.1261052013 43.1468003733 44.1664678029 44.2282485018 44.886866071 43.408133252 44.7039099 45.7232677209 45.0665629662 43.0662187307 43.0052720547 44.5807887841 43.8972115507 44.5884412128 44.0621596528 45.2833299558 45.5808133593 62.194964721 64.1258644139 44.1806197308 43.3357862952 75.9455409929 44.4198739958 43.6268965025 45.3665992427 43.7751579575 67.8521119748 67.8521119748 64.8972354855 64.8972354855 43.6675933825 44.9059304697 45.6405150125 45.6413270431 43.9759712617 45.5484444083 44.2262389396 44.9353832987 44.4953632482 45.2245852516 44.22823558
65.0509995484 45.2282907187 57.2034058577 57.2034058577 43.4123961808 45.8061334847 43.0114171619 43.698109532 44.592777886 44.4361693978 45.2046774388 43.9992788225 44.196783452 45.050862559 45.7363628343 43.6533962814 43.9166695713 43.619215576 44.4469906671 45.5815683199 45.33520559 45.7054460628 45.4784946967 43.2417710246 43.0758051637 43.7736534648 45.6772496506 43.7189993629 43.6355350238 43.0354624316 43.5893670826 44.3184138848 43.9499588457 44.5579748504 44.9892629303 43.2104279652 44.2405179016 44.3859196676 45.6187216625 43.8767368047 64.8972354855 64.8972354855 45.7299075487 45.7429505688 44.4031592096 43.139513748 43.5216625296 45.1020397717 43.3131614429 44.639487232 43.5848723186 43.2835624014 44.576334884
45.4151852804 65.0509995484 57.2034058577 57.2034058577 44.7431943934 44.5599181634 45.2611604244 54.6990904776 45.4212261603 44.2906910938 44.5318171044 43.19840433 45.2496158165 43.0790547782 43.6885927164 45.5518802182 44.3933157571 44.05267873 44.23415568 44.2556625747 43.7297085813 43.9461098122 45.2464205257 43.8113752369 44.7157394385 43.9217072991 43.4729618464 44.1287100918 43.6555366021 43.7119844775 44.7088570258 43.8940012973 45.0945903929 45.7116108216 44.0997039719 45.5904690616 43.8409551959 45.1148292199 43.623865148 45.0882418535 67.5540068082 67.5540068082 67.5540068082 44.1456481182 44.9841280377 44.0149029259 44.9692126696 43.5638805419 44.555850108 45.2841533109 43.5767454464 44.0093948206 44.0831336901
71.4391260861 45.1336861195 44.1528126059 57.2034058577 45.7736019754 43.6668698197 45.4067182041 45.6952367679 44.2199435754 43.5377828307 45.5548512049 45.3973221653 45.4278124857 44.0816788631 44.6162132981 44.8750765551 45.0541959976 43.524113766 43.2085081612 43.4719506518 43.8310529846 45.6847599262 43.9558641741 45.7032333067 44.7521686998 45.7631377291 45.7714658086 45.801044679 44.2849989981 44.745378921 45.5514720085 44.9717927886 44.0770303683 45.6094183702 43.6806698919 44.9531810612 45.5091345941 44.2730701839 45.0761907998 45.7929114719 44.5306157539 67.5540068082 44.557236487 43.9492286829 43.9186279386 43.7972498348 43.2719351151 45.3538690839 45.1900310624 43.7190713457 45.0051201373 44.6258647173 44.819773896
71.4391260861 45.4626428441 45.4651598191 43.8184137347 45.300435682 44.9320418299 44.8847891871 44.9824655149 43.1553343104 45.2968478273 43.0792210082 45.3562048269 45.5881747974 45.326813408 43.8132348086 43.134344779 45.1810901098 43.1839839616 44.6589374254 45.7941924075 44.9882936037 44.8837024938 43.5725527157 43.3301038725 44.8723163622 43.9568552477 45.5479502601 44.9208100679 43.0288935464 44.4964448743 43.4686825341 43.4051857028 43.146609123 43.4902753695 44.6270364333 45.5529887022 45.5004652104 44.6635187184 45.6349364103 45.1712745143 72.6828812039 72.6828812039 72.6828812039 44.4938582267 45.6694806749 45.2938210705 44.8046089365 45.4856021893 43.0193567853 45.2449354151 45.5728674511 44.0388052415 45.8007854858
64.9736774514 64.9736774514 44.3608075433 43.600586222 45.6308156397 44.1937629761 45.257777249 43.2895422388 43.5196260946 43.4913470493 44.2806922087 43.0632841173 44.5024210124 44.19210303 43.614316132 44.4605338858 44.3602162467 43.523591521 44.3665444366 43.1352421898 44.5121324985 45.6027452883 45.624404692 44.9171321358 44.4518196471 44.7369468113 43.5190638409 44.6547876662 54.2034077129 45.5769287331 44.9410892488 45.1817046141 43.2022064436 45.1279828678 44.5007480656 45.5812864628 43.9693904676 43.6285739251 43.4715850237 44.5034257989 72.6828812039 72.6828812039 72.6828812039 43.0934688376 43.5021891508 44.3959311652 43.929331378 44.4817398831 43.3450045449 45.0532147532 44.3913789676 44.072706884 44.1179212458
64.9736774514 64.9736774514 43.7789968231 45.4072644166 44.5224252955 45.2967570024 43.732346667 44.4251877065 44.2534028172 43.1387229091 43.1724986259 44.3893991333 45.6655212676 45.3196394248 45.4782501954 45.4097172718 44.265456089 44.2079128239 44.4264218347 43.9496743496 44.5340724113 43.1166634415 45.3166013528 43.7106894406 43.1209287142 45.3829071027 45.3524604607 45.557193579 44.6154539883 45.6865858475 45.5359898779 43.2182748017 44.1689473677 44.4384692867 44.4443283963 44.1804370351 45.8104732071 45.5417347355 44.2114431707 45.7249110539 43.0395138984 67.2574507913 43.3595078486 44.7640810932 45.2969815485 45.1010403247 43.5410581572 44.6101275376 44.2217437955 45.5777370587 44.3956885795 45.7674691049 45.5265416193
43.9039289133 44.1300370953 44.7960690292 45.284231343 43.543201966 45.5993528356 45.2595593941 45.7161690983 45.6115741823 44.1838891779 44.0807004969 43.7397247872 43.32199866 45.2130927566 45.4065006508 43.570437185 43.8944879855 44.4274687721 43.3744053818 43.5950075495 45.7054960491 44.7149485426 43.6278622806 43.531854594 45.0055697302 45.1857315075 44.9653109849 44.0649853196 43.0692035112 45.0802217088 45.2185036353 44.1297372524 45.5933193995 44.940563841 44.3166773293 45.1499145309 43.8211667105 45.5215228545 43.0100316327 45.1578360461 43.5111347315 43.0083276187 51.943678023 43.3558988409 43.4517639717 45.5005926938 45.1911929571 44.3235062965 44.9765298049 43.7945162122 43.6245266924 44.7596521521 43.2185146169
45.0286352435 43.6738239887 44.013940232 45.3646517945 43.6320758703 44.2494542051 45.7260662943 45.2428086503 45.3787329412 45.7770878474 44.0460547674 43.6561665965 44.6060383379 45.5000514831 44.3886965077 45.7735592508 44.5102630491 44.3577809606 43.6148056301 43.6568819045 45.347789217 44.3702377147 45.4749663569 45.3510951461 45.6071797634 43.8441856391 45.4486569867 45.2323337697 74.9033966886 45.094372468 43.6636593161 44.5695632903 43.5857858784 43.0755471565 43.8220287856 44.7172516302 45.5672779368 44.7109431771 45.1641374898 45.146402812 72.9135582002 72.9135582002 72.9135582002 80.2695648667 43.2426944939 43.7729638167 43.2625613639 44.7563202432 43.6362649196 44.0795158759 43.0236646679 43.1852707724 43.1740014256
44.4283115988 44.2714538913 44.0206799177 74.156363962 43.2351593989 43.3254534294 44.1807614462 45.3930943142 45.660115939 44.1215015693 45.7914563136 45.1628067377 44.2023498626 45.0532974894 45.0145460987 44.9404324086 44.5860452887 43.3277501202 43.3442415263 43.6988707805 45.5181393544 44.6800480458 44.7419709784 43.0601152468 44.8903322311 44.5978552806 45.2868890516 44.4178052379 62.3684580339 74.9033966886 44.9396319355 43.8027166143 43.2829784702 45.4034996668 43.8851272812 43.1515901339 44.2540105606 44.4282102711 43.6481603817 45.7220922957 74.5767536593 72.9135582002 72.9135582002 58.7545302846 43.0310183954 44.3486175264 44.4835750071 44.4078554167 44.8091792203 43.4370098079 45.789398943 43.6895041114 44.4900685373
43.7284808703 44.8390554817 45.4433336361 43.2811760458 44.3308094514 74.156363962 44.1186827155 43.373581496 44.4322086617 43.0898530217 45.6322003978 45.800671308 43.977702939 44.2377929674 44.9031361977 43.6930315611 43.5728610564 43.9095350799 43.4047775734 44.2843583667 44.609599769 45.1854087105 44.5974202129 44.2466898445 45.4351536328 44.2074044311 44.0735385396 62.3684580339 62.3684580339 62.3684580339 45.7236314455 44.511807743 44.3476834926 45.3009347276 43.1740716158 43.3097867244 45.5049617626 44.9056413018 44.0678601768 43.7834788833 45.6539009155 58.7545302846 58.7545302846 69.657349211 43.8562183304 45.0877565246 44.3896512949 44.6054516524 44.7986914139 44.0280949696 45.3216541763 71.1511352744 58.9308258806
44.8799161209 43.5811295766 43.9275038147 43.9821479132 45.3962004984 43.680792957 44.4660404748 43.7607284919 43.1687397624 43.0510912117 43.0404676726 43.6010054654 43.8466354873 43.3722565527 43.1734628246 43.0745971002 43.2242311893 43.7688521776 44.3664611989 43.0874089617 44.2929559136 45.6724301796 43.2813144381 45.1315507357 43.6605352884 45.3630052664 43.1171114227 45.4925909862 60.8711254667 60.8711254667 44.3017082576 45.3124367229 43.9209947488 44.8240931335 45.2984175016 45.7369803409 44.5024988617 45.4499663941 45.0561417324 43.5785754857 44.0329998493 44.0938592377 69.657349211 57.6566134556 43.4969328154 45.2383991295 44.3036265595 68.5207407002 72.1804479665 98.8248713816 70.8374918501 71.1511352744 71.1511352744
44.8191043293 44.3698601326 43.7582604567 43.9166608447 44.0892737212 44.3383598537 43.0410535139 45.8156858501 43.8695777558 43.5464272996 43.9659999586 45.1609538794 43.1332214642 45.3231622197 44.4800064768 44.1151950051 43.1089484876 44.8931631453 43.2784852324 45.6698209142 44.4695843007 43.2843486674 44.3903654548 44.1867589072 43.2982825939 45.1412600551 60.6836869993 60.8711254667 60.8711254667 60.8711254667 44.8505546946 73.1802679742 44.809112644 45.3473912737 44.584781553 44.9431860369 44.7636890538 43.1788208575 45.3057327612 43.2635082599 43.727460977 57.6566134556 57.6566134556 74.5403915114 50.7146175684 45.7565289928 71.2102239198 65.5296024169 65.5296024169 44.4241752192 44.1308155847 71.1511352744 71.1511352744
44.703388213 43.4554678513 44.2104672278 45.3498277511 43.6164347859 45.5037798964 44.8399871383 44.6603599741 44.3072081202 44.983123419 44.8916112495 43.5670691449 43.4233248288 43.1347483033 45.1048617848 45.6627661595 44.7783726401 45.4811287137 69.3168366165 44.2313283115 91.2363777807 43.3186109208 45.2230274891 43.1291026052 87.9806286997 44.0992205863 60.6836869993 60.6836869993 60.6836869993 74.7058471509 73.1802679742 73.1802679742 43.4123260886 44.4834278774 43.317725666 45.087961303 43.1741126563 60.5112882235 60.5112882235 55.2504261414 44.2104386702 43.2573561678 60.2767894204 60.2767894204 50.7146175684 86.2351801617 68.5207407002 65.5296024169 65.5296024169 65.7573807961 43.0591246897 44.3241667688 45.0002247146
44.2292247873 44.1507234223 45.0961237837 43.0600448653 43.9346897374 45.3021174512 43.8742674781 44.1269633481 43.6866895306 44.1176836513 49.1826559887 44.1068739561 59.3775319978 73.0045109993 93.4701974579 72.7544261839 57.7761760389 57.7761760389 69.4849688928 91.2363777807 91.2363777807 45.0668265277 44.4270041153 45.3355144487 87.9806286997 87.9806286997 60.6836869993 60.6836869993 45.2057195316 80.5480191048 44.0434900265 73.1802679742 45.0974511475 43.9543318253 43.1683744169 45.7315151192 45.2510537955 60.5112882235 55.2504261414 55.2504261414 45.1841453809 45.1572308394 60.2767894204 60.2767894204 50.7146175684 50.7146175684 86.2351801617 44.0470247939 43.1426463118 44.7844497593 45.2024819685 45.2326100545 44.1450313427
45.7744424597 44.3533704119 43.2449250512 45.7137599515 44.9855028668 45.7722483234 44.0001575856 50.9829849081 58.3325294884 43.0312899808 94.2584086188 57.6369795795 73.0045109993 93.4701974579 93.4701974579 59.1674700391 57.7761760389 57.7761760389 45.3642845043 91.2363777807 91.2363777807 43.1163483768 45.2350252654 44.8158788253 45.574210634 87.9806286997 44.3422147858 43.2537802294 56.8883146241 45.3182299139 44.6255600942 45.613819959 43.4568922252 43.2586389034 60.9688236419 44.787575352 43.6904103799 45.4001613083 60.5112882235 55.2504261414 44.0787729441 45.2432176183 60.2767894204 43.9007864251 44.7849004107 44.1970156713 43.9419141364 43.9508405724 45.2135216658 43.0020121655 45.6692062231 43.6389613474 44.0691837724
43.1432397572 44.7542559761 44.1859565099 44.2472305818 44.2760645526 43.5760889372 45.6641700341 45.1943893876 58.3325294884 49.1826559887 49.1826559887 44.0480324777 73.0045109993 73.0045109993 93.4701974579 59.1674700391 72.2090037638 57.7761760389 44.0494359215 45.4494055819 43.0636439615 44.8050575808 44.3876561132 45.1435565991 43.8739093807 43.2786537146 43.1774971795 45.5914830768 44.787671437 45.7167395572 66.1753938713 43.2279563845 44.7430332114 44.37161396 43.4161889552 44.9526521897 44.236389536 44.53238907 45.261649965 45.3329790078 45.6037914398 45.4431191797 43.4059052911 43.2578738669 45.383240598 44.4979768082 44.1177694568 44.1336499618 44.6938122259 44.1511086502 44.0889914459 43.1040938873 44.6417099376
