Spatial Output/patch_out_check_00149.asc
NCOLS 155
NROWS 192
XLLCORNER 196769.923733
YLLCORNER 449719.875193
CELLSIZE 27.603701
NODATA_VALUE NaN
[rows 138 to 160 of 192, columns 53 to 105 of 155]
45.1255693505 45.1621545397 44.8228701029 44.7940970921 45.1710016718 66.4144916315 66.4144916315 66.4144916315 70.1867966605 44.7880661282 63.5331158165 44.8370658293 44.9231161669 44.8980746207 45.0665728825 44.934899711 44.6851164071 44.8012611853 45.0011785202 45.0644609552 45.1670068565 44.7550926741 45.1700972006 44.6266553275 44.5193644653 44.8407541582 45.1360971919 44.6641172141 67.4547570941 75.9912234444 75.9912234444 44.9171316808 66.1162692386 53.6885754034 44.7163946699 45.1209961858 44.8936995028 44.7850451857 44.7734293277 44.6204037392 44.8543426105 45.0380699073 44.9099614773 44.5014025434 44.7705029545 44.6947900997 44.5785582819 45.1741637259 44.8117925084 45.0065551223 44.876409646 44.6047435717 45.0025987479
44.5998152524 53.3928139311 44.5389903342 45.0454941699 68.1912636009 68.1912636009 66.4144916315 66.4144916315 44.7275959684 45.0170398281 44.6747757843 44.9984004047 45.0160691071 44.9820149507 44.5482189313 44.7833137887 44.9548781544 44.9215519514 44.8651872023 44.7007150024 44.5256446003 45.0499614203 44.9928919301 44.6994384288 44.9115780066 45.0489342273 44.8028577147 44.7071952412 45.1023237603 44.6760951482 44.7805960667 66.1162692386 53.6885754034 53.6885754034 53.5095715554 44.748622035 44.6984793869 44.5785268053 44.5327596945 44.7285664967 45.2046822182 45.1899374981 44.5603958066 44.8086898457 44.9185047377 44.6507401489 44.6095350404 45.003914138 44.8769672078 44.8517864819 44.9746521428 45.1121632228 45.1411790185
79.2303316386 53.3928139311 53.3928139311 44.7242111661 44.595823256 44.6697141162 72.9663758424 72.9663758424 72.9663758424 45.1941170608 45.0470440824 44.7545889223 44.5348911705 45.0162652092 45.1854860454 44.7941670149 44.6476008234 44.7723474665 45.0421953878 44.7883508663 44.7214965695 45.0790342297 44.8621033326 44.527902941 44.5720121738 44.6027528633 44.5505142191 44.6598753602 44.8250028473 44.9143746812 44.9897721009 66.1162692386 53.6885754034 53.6885754034 53.5095715554 66.9183106132 66.9183106132 44.7288305609 45.2044409981 45.0911816185 44.600515555 45.0488435483 44.5189720115 44.6503479633 44.6563799584 44.6042934385 45.1546282594 44.5585046762 44.7178565534 44.9333927088 44.5530419865 44.5663053795 44.9126919104
53.3928139311 53.3928139311 53.3928139311 44.777089759 44.8327003486 44.5805642709 55.5598054169 72.9663758424 55.5598054169 45.1281448247 44.906917962 44.7824076404 45.1103157416 44.8484039503 44.9230701756 44.5279244252 45.1342099704 44.7423844683 45.1124466104 44.5715257784 45.0380143767 44.8872499425 44.745098304 45.1275316092 44.9298707082 44.9648572361 44.829311965 44.923138187 44.9930633467 44.8976518628 44.7548869845 44.5511552188 45.0493825037 45.0270654874 66.9183106132 66.9183106132 67.3353630306 67.3353630306 68.9003459294 44.7637924687 45.1382386264 45.1298396068 45.1474335666 44.7152199622 44.599321977 44.9920337166 44.6568985482 44.5152192073 44.613465555 44.6939756531 44.5323170504 44.5151579776 44.8430390166
45.1350482513 79.2303316386 45.0093802675 44.9676544062 44.5608181521 44.7551767978 44.7856632926 84.0867465899 84.0867465899 84.0867465899 45.1857297787 44.8589786163 44.6296718813 44.8716529182 44.561887457 45.1348820494 45.0787801176 44.6479522311 45.1162935568 44.7005346012 44.5077155786 44.6078795587 44.9505396286 44.893357889 45.1751631905 45.1940965445 44.8914330424 44.8799705143 45.0878503408 44.6622195816 45.0667161927 45.0633063684 44.8087259099 44.7530937917 44.8789649566 67.3353630306 67.3353630306 67.3353630306 44.6578328414 44.6651032542 45.1814129212 44.6746799002 44.6832674508 44.9361788248 44.562592516 45.1140819485 44.5774595503 44.5259608848 44.5741370221 44.6643739368 44.7827583223 44.7139569535 45.0011137288
45.0864955174 44.5587725392 44.9152676003 44.5330560362 45.139907294 44.9580191833 45.1842998184 44.686660061 66.2431799926 66.2431799926 66.2431799926 45.1809715184 44.9355074415 44.9816990986 45.0836190089 45.1761118062 44.5160202139 45.0296765961 45.1811598706 44.6135395983 45.1071970555 44.933457536 44.8708778506 44.7555504945 45.1029447777 44.5501406874 44.8695117634 45.0721414972 44.7572349401 45.1353528978 44.8816141115 45.1935329753 44.7293521388 44.8972478588 44.6691167046 45.1987066134 45.094978598 68.9003459294 60.1283136717 60.1283136717 44.5493701417 44.8541165803 44.6991654347 44.9236549689 44.8146542917 44.6495862367 45.0615084966 44.8948375138 44.5969473098 45.0971750248 44.6525423724 44.9603791776 44.7778890952
45.1351739976 45.1596408182 44.9442213626 45.1535774462 45.1619671907 44.5084340177 45.0367854249 66.2431799926 66.2431799926 66.2431799926 58.4167015464 44.8033729338 45.1711435515 44.8608050623 44.6227818019 44.8115213547 44.6376703989 44.9008493378 44.5379673677 44.7992904498 45.0673876186 44.5620504858 44.6944443065 44.9309235632 44.9093324855 44.7982459026 44.8072628577 44.9183445546 44.6599594809 44.756809637 45.0900279947 44.5004811225 44.9857171519 44.8765051061 44.993946755 44.9904983366 45.086167997 68.1175517587 68.1175517587 68.1175517587 45.1577926668 44.9786507036 44.7426331141 44.5705346769 44.5279460574 45.1116486326 44.7743320225 44.545043037 44.5288715005 44.6664486392 44.7900541567 44.8325610167 44.526433471
45.1229717358 44.8804152646 44.8082596081 45.1466472619 44.5080752152 44.706555046 44.5684404638 44.6987122313 58.4167015464 66.2431799926 45.1772038796 45.11262213 44.6633584697 44.9541229721 45.1976362361 44.7556604997 44.7899205554 45.206833517 45.1658857872 45.0234790047 45.0835964807 45.0733477416 44.806108131 44.547801647 45.0619616493 44.5903824375 44.5226472135 44.7737493648 44.956989826 45.117547504 45.1459163375 45.1869938636 44.6717441139 44.6323941228 44.9356830313 45.137908403 44.6923637538 45.0392998153 71.0592801365 71.0592801365 44.9175053579 44.5937544818 44.6197183708 44.9892435068 44.65278299 44.7824916804 44.5956783936 44.8138432231 44.9014481161 45.0262440675 44.593361859 44.9082526325 45.1097794503
45.1863576191 44.9616012902 44.6940652259 45.0251535739 45.1739259338 44.6474271193 44.578749303 45.0436127981 80.8803365615 80.8803365615 80.8803365615 44.8214751135 44.8623452315 44.6548485449 45.0805841024 44.5917769685 44.5454839612 44.9208181699 44.8055994609 44.955273406 44.798277867 45.0564382614 44.9830260552 45.0846674559 44.7482293508 44.9296216213 45.0366045231 44.604708624 44.8599545472 44.9772361332 44.7781506226 44.921612356 45.1636551329 44.5400773475 45.1542211359 44.7870258587 44.8987078036 71.0592801365 71.0592801365 71.0592801365 44.7461895625 44.6001237672 44.6100967586 45.189017419 44.6874366432 44.9445607953 44.6616893149 45.0111290756 45.1408277978 45.0722160139 44.9104423499 44.6868804975 44.9921315635
44.9147117104 44.7910938523 44.9271617246 45.0221288865 44.8153470457 44.8120067582 44.9024689875 44.9809507428 82.9124566254 80.8803365615 80.8803365615 44.6612352861 45.1711106406 45.0909723856 44.5002461499 44.9514438585 44.923611491 45.0423270973 44.768948798 44.8000557469 45.171053439 44.678978841 45.1186053534 44.8928961788 44.7966281776 45.1623716802 45.0278671249 45.1344792715 44.5742170233 44.7404018011 45.1416728992 44.664067172 45.2053609095 44.7164306396 44.9813223422 45.000340134 44.8336787892 44.6365353207 45.0827433935 45.182385212 45.1235081343 44.9582827884 44.8101754724 44.6906371613 44.6165557108 44.8186813772 45.0611430597 44.8116163843 45.0117723834 45.0150598042 44.8558571021 44.6700684748 44.9287779071
44.7970785572 45.1257009757 44.5557724288 44.5691632469 44.8178176046 44.8414284283 44.7311040602 44.7604878647 44.6546300988 58.7354209429 58.7354209429 58.7354209429 44.879674308 45.0538409381 45.0125286616 45.187815025 44.7443624072 45.0667686553 44.5063709336 44.9806031658 44.5705693726 44.896914252 44.6705422455 44.9595570653 45.1588774881 44.8672135483 44.5534612788 44.518130266 44.7080682884 45.1677104962 44.9862011889 45.0828012127 44.7690590378 45.0449969624 44.7107068845 44.9865910669 44.9142944775 44.5463472447 44.5291508468 72.3079992423 44.8244538972 44.5993923146 44.9264401926 45.0196925598 44.5904662059 45.2022049527 44.6009124691 45.1277560188 44.5355692969 44.5648163013 44.7988157784 44.5162443092 44.6962326563
44.5014405928 44.6198518418 44.9190809388 44.6217038816 44.7659091953 45.0641259635 44.770121638 44.5217918142 44.8379439544 58.7354209429 58.7354209429 44.9435757285 44.9609953385 45.0045107194 44.6521226545 44.6604400592 44.6639454775 45.0875273012 45.0754691766 44.7135173561 44.7598245744 44.9614824081 44.6908558885 45.0740679722 45.1818044044 44.9830655912 44.7595871724 44.6626245999 44.7020867605 45.1525506321 44.7635643028 44.6002603368 44.5195275167 45.0567622661 44.659483418 44.8312117748 45.1221002232 44.7395145057 44.6906969236 66.8403656276 66.8403656276 45.0226829017 45.1399127805 45.0637711332 44.5307891982 44.995579215 44.514358991 44.7394962732 45.0903164862 44.7406548194 44.770905228 44.7903340735 44.9500095493
45.1096433195 44.824409557 45.0815633302 44.6336559756 45.0985947011 45.1627229916 44.5315758395 44.6746425462 45.0105641012 80.6035157581 80.6035157581 44.684719436 44.9217965632 44.538219155 44.6408682409 44.7572434994 44.7849334505 44.7350610572 44.9184712621 44.9966546974 44.9965725078 45.0729077264 44.5654496728 44.5005845527 45.0564101807 44.9561631138 44.802504346 44.6484497627 45.0889967404 45.0684583308 45.1757735343 44.6884926904 45.1200716163 44.8820785014 44.9872900943 45.1935136738 44.8369102086 44.5978646539 66.8403656276 66.8403656276 66.8403656276 45.1019983406 44.8032390944 45.2008017779 44.5539714355 45.104767535 44.9442653065 44.5997969478 44.8883503649 44.8006851881 45.0016153922 44.5383505868 44.565706936
45.1776951738 45.0147066476 44.5281506403 44.9279183605 45.1949952994 45.0439313366 45.0788909496 44.6571593563 44.9903246143 80.6035157581 65.6605513479 80.6035157581 44.6600760805 44.5146675024 44.8308102716 44.8122217937 45.1552204018 45.1731960477 44.944246138 44.7128069291 45.0388932572 44.731889672 44.694784625 44.7344251721 45.1835554912 44.5759552483 44.8174197026 44.792247173 45.009296214 44.796470872 44.9122285389 44.5202332127 44.74947428 44.8973780511 45.0187857252 44.7007613689 44.9516297419 45.194257084 44.7877511086 66.8403656276 73.5217113284 73.5217113284 45.141487066 44.7327470609 45.0730627806 44.6819092802 45.0736395454 44.9971322387 44.9720852037 44.6943533554 45.0365744232 44.9282598491 44.8373505206
45.1312340788 44.6470511724 45.0363207203 44.9012167053 44.5331685184 44.6649773789 45.0701777958 44.776023606 44.9552322186 65.6605513479 65.6605513479 65.6605513479 45.130694597 44.7234973933 44.6397374722 44.7238850104 45.0450019304 45.0184144958 44.5343154393 45.1161481355 44.939842347 44.8093400297 44.9110798711 45.1152920353 44.8511735286 44.8560391209 44.8736033416 44.8225057132 45.1477503476 45.0813752058 44.6908955075 44.9922869675 44.9540435328 45.0246351717 44.5977967459 44.7337446663 45.0473049243 45.0942424431 44.6074006923 55.5490276025 55.5490276025 55.5490276025 44.9224417449 44.7244247135 44.714162316 45.0894277334 44.7990566857 44.6771183385 44.9769479129 44.575429665 44.5283719268 44.6293054804 44.8594194352
44.9264065471 44.7251089355 44.896921101 44.6574592989 44.8695669313 44.5732427495 45.1474192967 44.5388224375 44.9167580874 60.5175889516 65.6605513479 44.8414686345 45.1902005197 44.8233418504 44.739130146 44.9126230581 44.6988890571 45.1177480128 45.036276515 44.5651153334 44.6413836961 44.997162496 44.8454571355 44.9091845037 44.5248283364 44.7821684459 44.6161392246 44.9069652686 44.6357511191 44.882644974 44.8508623696 45.0073840243 45.0694452652 44.5964612807 45.0906155454 44.8058321343 44.9667297341 44.8545968359 44.905968119 55.5490276025 55.5490276025 70.1574139521 44.6827418889 44.7063108488 44.9303965175 44.5085804411 44.5421127269 45.048675128 44.5770079547 45.0789446472 44.7865767245 44.6203520177 45.1372689346
44.6839237527 44.5837831303 45.0350993079 44.922997957 44.6265039048 45.1469354012 44.6483805128 45.0703480237 45.1868265805 60.5175889516 60.5175889516 60.5175889516 44.5495368496 44.75369186 44.5581928888 44.7776320795 44.7964572166 44.830851077 44.7297891316 45.1944641312 45.1488469872 45.0015463596 44.8880341516 44.700909574 44.9442387062 44.596547683 44.8874008072 44.8610593582 45.1878899552 44.7355724658 44.6918049636 45.0078335381 44.7349480017 45.2035139776 44.8208211576 45.1330153453 45.1968063141 44.6561295112 44.5269815586 70.1574139521 70.1574139521 70.1574139521 65.76371975 45.1134134059 44.8678368798 44.7692951293 44.7919205339 45.0360682511 44.6162713774 45.1682296743 44.922276081 44.6940225632 45.0133472317
44.5933076804 44.8900093568 44.7542544546 44.9011677151 44.6545239204 44.5972261315 44.9905944405 45.080834228 44.5404227388 32.5933333538 32.5933333538 45.1024767626 44.5197457329 44.8295913105 44.7302853893 45.0232140649 45.1739029637 45.1227411334 44.611243108 44.6036785957 45.2004311987 45.0185123439 44.9705750527 45.1205123791 44.7921082783 45.0227922319 44.9311983143 44.7364795858 44.6040482096 44.5587737398 44.6538113122 44.8550284234 45.0137907147 44.8692164981 44.8033835948 45.1204024205 45.1048934149 45.0979114547 44.8185974585 65.76371975 64.4591837702 64.4591837702 64.4591837702 45.176002919 44.80719986 44.8586983131 45.175925305 45.0850050408 44.8652392602 45.1072277849 45.072055028 44.9006235095 44.7769560672
44.5030601839 45.1507784315 44.9303804865 44.6934764515 44.8836090942 44.8367512067 45.1784744656 44.9683230142 44.5002755015 45.1611442002 32.6747449875 44.8638634159 44.7284350431 44.6342058514 45.1506215408 44.6008928108 44.8137556949 44.6610579071 44.9634418099 44.8568201398 44.5640841685 45.1973591567 44.759476865 44.6242370532 44.7835839325 44.5715626889 44.9334206597 44.7662027554 44.637041868 44.7826130605 44.8515709522 45.1279257116 44.5718144521 44.962001761 45.1656521442 44.6453852666 44.636399101 44.9902842091 45.1729351077 44.5112785668 69.4871404451 70.6567318777 70.6567318777 44.9749742761 44.5658864272 44.8099629672 45.0785982198 44.900837792 44.9838568899 45.1022536079 44.5885910814 44.6030030576 44.6625062911
45.1161685507 45.152496233 44.8403801342 45.0337335394 44.658080876 44.6993599397 45.1306704317 45.1908241726 45.1157576567 32.7249831043 32.7249831043 32.7249831043 45.0875705959 45.1721827732 44.7013371867 44.9718505095 44.9559994615 45.0358158803 44.5513870747 44.7969060907 44.6061275062 44.6547619769 44.8290867569 45.1059172116 44.5397367346 44.5209383606 44.6596214799 44.8723378905 45.1998398547 44.8042107839 45.1706567659 44.69110006 44.7739195195 44.6530653178 44.7550386698 45.1318999006 45.1695118626 44.5474260639 44.9580272169 44.5142980885 70.6567318777 70.6567318777 70.6567318777 44.81528513 44.9262237112 44.7931562556 44.555929335 45.001890862 45.0672469803 44.8610653792 44.9191286849 45.0026727868 44.5405737559
44.6948261667 44.7031220944 44.8848892859 45.0931251887 44.9273409894 45.0139664511 44.7093551638 45.1412271913 45.1791078432 32.7249831043 32.7249831043 44.9256748493 45.0126465011 44.6919364778 44.9546213668 45.1772672636 44.9862178387 44.7989945403 45.1243787239 44.534561823 44.9997386833 45.0247710871 44.9675081519 44.7418509713 44.6197388301 45.1558914924 44.9899830238 45.1554703051 45.1568960688 44.8977982915 44.5528845578 45.1564723553 44.7627513796 44.8827556313 44.6632363617 44.5813435025 44.6468145314 44.9988167842 44.8615869489 45.1286418726 44.8511656942 75.9146160238 75.9146160238 75.9146160238 44.8231624038 44.5559681145 44.9311463424 44.7020834746 44.5791021481 44.7330177041 44.9450037972 45.1039250216 45.0549712853
44.6285770563 44.8149595359 44.9885117527 44.6417263469 45.0120563815 44.5167425883 45.1063517014 44.6043413184 44.9185277018 32.8700584753 44.8719130331 44.5540995062 44.5170588868 45.0391566322 44.6168734393 44.6758902995 44.539205862 44.8528889617 44.5842923872 44.5621788111 44.5651974762 45.2036686389 44.7955097133 44.7215154226 44.5730303271 44.5034915933 44.7930859811 44.7114856969 44.6116504727 45.0406548552 44.9450486249 45.1260935944 44.693374602 45.0595227752 44.8557570625 44.5003425059 44.6128341066 44.6781899924 44.926005709 44.7335612387 44.6797056533 75.9146160238 75.9146160238 75.9146160238 59.1199570264 44.9767673952 45.1768941102 44.7465693249 44.9315253651 44.8161470547 44.9776058592 44.8209585552 44.624652632
44.7013266337 44.5995707855 44.8879891651 44.862417457 44.9657899685 44.6283138203 45.1355875623 44.8282144328 32.5594140801 32.5594140801 32.5594140801 32.5594140801 44.7174808537 45.1144423891 45.1683292243 44.5026855009 44.6478626345 45.1942812205 45.1265606745 44.9944645389 44.7422885737 44.6785260271 44.6394546792 44.9489317733 45.1207945477 44.8886391954 44.6590881985 44.9161082471 44.815398438 44.662361903 45.1413254605 44.7807088084 44.8213765879 45.017998665 44.5441758974 44.8450268739 45.0744599442 44.7097058666 44.5279514389 44.8761198872 44.676450192 44.9059609706 63.7534669723 63.7534669723 63.7534669723 45.1262633221 44.9371397222 44.9314396882 44.8347219863 44.8028926646 45.1177487083 44.8110176158 44.5610721463
