Spatial Output/patch_out_check_00044.asc
NCOLS 155
NROWS 192
XLLCORNER 196769.923733
YLLCORNER 449719.875193
CELLSIZE 27.603701
NODATA_VALUE NaN
[rows 92 to 114 of 192, columns 0 to 52 of 155]
0 0 0 0 0 0 0 45.5522844605 45.0293286148 45.0330661725 45.5054881208 45.8969850019 45.7403999556 45.256348197 45.8204342528 45.9138286275 45.1123427867 45.5498307243 45.3751794294 46.3968778289 46.2132905733 45.2390185125 46.3502075538 46.1040790781 45.5731997773 46.2756029995 45.7479399983 46.363816133 45.556320172 45.8129030309 45.4433885642 45.3882095373 45.9700412335 45.8244641667 46.1375791714 45.8590814215 45.3931619439 45.3611990088 45.7834231054 45.5012966775 46.1420026851 66.7109907849 56.3318359057 56.3318359057 45.6712378316 46.3112806578 45.6406176198 45.8827245604 45.3687069919 45.8488463849 46.28360524 45.2960030486 45.0577958848
0 0 0 0 0 0 0 0 45.7385178831 45.3547783051 45.01994241 45.0247434326 46.4035816392 45.4409726278 45.692585391 45.4922370972 45.2023627648 45.9223029822 45.8055217741 45.4413280849 46.1600990264 45.38991811 46.38200644 45.2380297705 46.1584587676 46.0975511368 45.2297929956 45.587610384 45.7729684169 45.8313329761 45.7763705159 46.0219072449 46.0881021861 46.3238280595 45.3865747319 45.2364089718 45.4566054643 46.2265243441 45.9473248657 46.3187738483 46.1370735308 75.9639362963 66.7109907849 75.9639362963 45.4938079874 45.4950627957 45.2823505547 46.1768923406 46.369874375 45.0949207507 45.5706580627 45.6337301854 45.7406123389
0 0 0 0 0 0 0 0 0 0 45.0927346668 46.0596056223 45.2976672382 45.5865539249 45.9748506979 45.9071028566 45.9983556845 45.341019541 45.8743070842 45.181102135 45.2660713971 45.9535608238 45.6581896262 45.0757971046 45.1225504448 45.9474185553 46.0004222379 46.2547543574 46.0316547359 45.4274184449 45.7830490544 45.8575252477 45.7206867723 45.8785079727 45.7943612773 45.7866582485 45.6950329377 45.698954499 45.8444637278 46.0328825608 45.1262502947 58.516377801 58.516377801 58.516377801 45.2383420999 46.167496268 45.5594035793 46.2299122554 46.2247339429 46.3296248447 45.7642519994 46.2422867789 45.3755104087
0 0 0 0 0 0 0 0 0 0 45.3157085503 45.8054935397 45.6301639948 46.0741966131 46.249155022 45.2068321202 45.9591980313 45.3264114455 45.4280372624 45.7834958322 46.4044366264 45.8136660177 46.1426048332 45.7865252898 45.8414766607 45.5548523393 45.6414758412 45.6490799698 45.6090628981 45.2885556982 45.1811708115 46.0791039002 45.9495702638 45.6404826409 45.5412502461 45.8559301393 46.0502442976 45.0962846229 45.0050096769 46.0136113189 46.3927717198 46.008280456 58.516377801 45.8973001884 45.0219531123 45.9994292413 45.9307560834 46.2208711873 45.0578207819 46.2362195915 45.6837397323 45.4641635466 46.3102365819
0 0 0 0 0 0 0 0 0 0 45.391015991 45.7557680306 46.3685813243 45.2181977628 45.8442340745 46.0078310032 45.1254351372 45.0497475898 46.3913559184 45.9990471552 46.3528976375 46.2169093786 46.3536638495 46.032926157 45.0788968258 45.6489200927 45.836211992 46.2851970382 46.2954463993 46.0324515092 46.1259694205 45.0789806949 46.3096862479 45.7298215579 45.3438146061 45.118768226 45.7447229594 45.3993731757 45.6634199611 46.2771379373 46.342367059 68.3820406417 68.3820406417 68.3820406417 45.2649128328 46.3837783264 46.0862869018 45.7523184021 45.9463347063 45.2833560415 45.0997346458 45.8754280839 46.0168715191
0 0 0 0 0 0 0 0 45.8917517517 46.1682728096 46.1576369551 45.3854761818 45.2046847063 45.7932581496 45.8547892632 46.0240845034 45.1436117798 46.0083019564 46.2564155389 46.3104440948 45.5949318067 45.6595993095 45.4995587584 45.43683886 45.245705837 45.6772270181 45.5030343296 45.1274436591 45.3548444964 45.5391702639 45.5011273558 45.2808159086 45.4117980512 59.8603103053 68.6884641708 45.2179344052 66.8897224873 46.1685993513 45.701580103 45.3104243864 46.2756387041 68.3820406417 68.3820406417 68.3820406417 45.3361881994 45.5282218129 62.0383727236 62.0383727236 74.7501223126 45.2464403393 45.2604428256 88.1506545033 79.1648515532
0 0 0 0 0 0 0 45.7738179848 45.547366611 45.1879723463 45.097495908 45.9448992491 45.3611690272 45.200403357 45.8610430421 46.008745115 46.0975099277 46.2990701501 46.2303234726 45.0025348182 45.2063847391 45.2939650714 46.1188039724 45.8405795645 45.6308198268 46.2473475386 46.0955468355 45.3248323548 45.2744088532 46.2125799239 46.1717425105 45.1896248702 59.8603103053 59.8603103053 59.8603103053 68.6884641708 66.8897224873 66.8897224873 45.3609448352 64.7028458918 45.4333400853 79.5324594973 79.5324594973 99.4144461422 45.5394226572 62.0383727236 62.0383727236 62.0383727236 46.2276999307 45.0529942151 88.1506545033 88.1506545033 88.1506545033
0 0 0 0 0 0 0 45.043349622 45.2445051998 46.3308475428 45.5392379854 46.1189042985 45.6998290102 45.9926416817 45.5645963761 46.3821086906 45.9869424888 45.5480684316 46.1678116372 46.0489866199 45.076473566 46.1618915895 46.0173899416 45.7332307305 45.662567316 45.8767117881 45.590981977 46.0825412603 46.1909888776 46.334711823 45.3231081559 46.2264765716 45.8724453296 59.8603103053 68.6884641708 68.6884641708 66.8897224873 59.8502249578 57.546388064 45.7814056571 46.3247394745 45.4118139423 72.6276844327 72.6276844327 72.6276844327 45.5707379636 62.0383727236 62.0383727236 45.4802006508 79.1155135129 46.2928514976 88.1506545033 79.1648515532
0 0 0 0 0 0 0 0 46.3428692135 46.3952154645 46.2457784126 45.1553875623 45.7749481187 45.253394509 45.515903265 46.1210354942 45.935268302 45.1284128235 45.032928878 46.2787266879 45.023421643 45.183832283 46.2329930326 45.9224054714 45.1675643663 46.1429314325 45.4750035441 45.0831448434 45.6856183392 45.6104058212 45.2229311516 45.5816346603 46.1579425465 45.0523073693 45.030115011 45.3442935315 45.5902081153 45.2817341331 46.1487432512 45.7534029293 45.548544129 45.1227212348 45.2728324666 72.6276844327 64.9646387243 45.8048281246 45.6748826218 45.69416804 45.573234495 46.3139581382 46.1106477399 45.2348192325 45.863390099
0 0 0 0 0 0 0 0 0 45.2497507126 46.0407293674 45.0974792943 45.4821843872 45.781070755 45.6979464848 45.0488146525 45.070936855 46.3686717942 45.9345778632 45.8653336548 46.23838559 45.0098953942 45.781456915 45.1661426656 46.353634174 45.1385448281 45.5962339063 46.0486175175 45.1767059462 46.3687213229 45.9949269373 46.3686375404 45.5441302992 45.7839366729 46.2766488832 45.6324095888 46.0699287463 46.0124734137 45.433042805 45.7739256006 45.3533315961 45.9951719203 45.1968135094 45.6071365862 45.5407191491 45.1727834528 45.9355516871 46.0357386218 45.6679933006 46.3012049244 45.5333409117 45.1827967579 45.5895399314
0 0 0 0 0 0 0 0 0 0 0 46.2175400373 46.1954122626 45.5317584537 45.7785360564 45.4126456372 45.3804047968 45.3065765416 45.3828759163 46.3420504483 46.0293090318 45.3663263027 45.5244541596 46.3043639863 45.7083945457 45.5426125494 46.316113838 45.532927594 45.4155202404 45.1127801174 46.3242869687 45.7513615284 45.0399835812 46.1924665374 46.1223550909 45.0893227321 45.2139401459 45.4232368263 45.1381286105 45.4523239169 45.3026078434 46.3506959184 73.0924212646 45.8376242502 45.4487304034 46.1048627436 45.7607253611 45.0510581692 46.1216813257 46.0505687834 45.4538832814 45.2696529805 45.1927824206
0 0 0 0 0 0 0 0 0 0 0 0 0 0 45.475406032 45.0290215204 46.0599631137 45.2165375007 45.472264947 45.2369917353 45.1393260646 45.0714069884 45.5979644788 45.8318764675 45.9455173905 45.3440700247 45.0025176636 45.5825945344 45.0200559068 45.1402401309 45.0055682255 45.7366673283 46.223843015 45.0612649908 45.6721395838 46.3420468397 45.3019794499 46.2783593557 45.5431754256 45.5524921497 46.0553643402 45.3196687854 68.8937365489 45.7470851213 45.002684273 46.0991535993 46.2597594026 46.407728526 45.9777925354 46.2405032019 45.6874179302 45.533939279 46.3665560783
0 0 0 0 0 0 0 0 0 0 0 0 0 0 0 45.8399806438 45.8507160754 46.0156763364 46.1042866371 46.3655892891 45.8214806635 46.0511005758 46.1826453505 45.7166713387 46.4035051013 45.450715877 45.6964038941 45.635163475 46.2582186734 45.2682212324 45.312227705 46.192182269 46.2875801695 45.8765212807 45.3059498269 45.4140403651 45.7879374405 46.3918266458 45.9829654278 45.4145986321 46.0979128126 45.9395635757 79.9047936711 45.3595619569 46.04919981 45.8510634177 45.0428211859 45.2228954613 45.8552979097 45.8751317012 45.3435986083 46.1901364399 46.2542275621
0 0 0 0 0 0 0 0 0 0 0 0 0 0 0 45.4578120712 45.7550262603 45.3130489078 73.4276434923 46.1863890452 45.0444055534 45.7350160458 45.1276972622 45.5096826468 45.2434650676 46.0948111658 45.9302022846 45.7905379285 45.6898108278 45.7536392533 46.2985265764 45.2734379486 45.4178569959 45.4099348154 45.5989254595 45.9786420772 45.8120645816 45.2524974241 45.6589061213 46.1162488452 46.3663992861 45.0443282975 45.4200122853 83.5796652639 45.0505187637 45.0467762825 45.8043787901 46.2237757031 45.2763417097 45.7534767469 45.180517985 45.6871360339 46.2215208464
0 0 0 0 0 0 0 0 0 0 0 0 0 0 0 0 46.0682858127 45.1923756402 46.0482072438 45.4566509018 46.1014343545 45.5466721861 46.2390711736 46.3591696141 46.0442501275 45.0559897073 46.1092674849 45.8973127302 45.8431770858 45.4998139911 45.6402836363 45.04172479 45.4374004059 46.2115268205 46.3728599915 45.3428424185 45.420701088 46.0568695824 45.2405979001 45.4525857636 45.1565529402 45.3271703297 83.5796652639 83.5796652639 83.5796652639 45.6253830982 46.1911608563 45.0997979555 45.7779963373 45.5580427305 45.8310596074 45.8375342051 45.8981234699
0 0 0 0 0 0 0 0 0 0 0 0 0 0 0 53.563306949 54.2055615731 61.8386407195 45.4304387463 45.1450788747 45.5309598583 45.7931106449 45.3089787572 45.7605020249 45.9393720025 46.1401090229 45.862501094 45.7705640333 45.1735538743 45.4607656775 45.3838538567 46.2248941846 45.6243846499 46.0943957648 45.168027941 46.0350832544 45.2961232115 46.0569590733 45.9597026494 45.9139656725 45.5126355237 45.4538756074 61.7200629217 61.7200629217 61.7200629217 45.6196679495 46.3829693277 45.253575903 45.3140458211 45.7632374395 45.116644968 45.1138017029 46.3080737527
0 0 0 0 0 0 0 0 0 0 0 0 0 0 0 56.2422348404 62.7273284532 59.7476460309 45.6033246276 46.3116537897 46.0387061856 45.8479744762 45.8100592758 45.2950848322 46.1342243504 45.2396302156 45.1248620507 45.133547557 45.4244397797 45.4645870541 45.2347094832 46.1101139891 45.2707942033 45.4020741247 45.3235184735 45.1691774121 45.1550757015 45.0102520079 45.8418197418 45.1478862253 45.8403441842 45.8844812495 45.1886069095 63.10201996 63.10201996 45.1628648313 45.5511587286 46.3635626213 45.5572067043 45.0242866315 45.7401918026 45.5319613111 45.5431107336
0 0 0 0 0 0 0 0 0 0 0 0 0 0 0 63.5681790309 59.8976827612 54.1802447775 45.6441136762 45.8287017629 45.6126882206 46.3023371989 46.0533249956 46.3284709346 46.2176398553 45.2527090409 45.2054691744 45.1476317594 46.2135110417 45.7760239767 46.2225683222 45.8431777009 45.6216514657 45.4431957454 46.0165254922 45.1793555505 45.1318005918 45.2511778171 45.0239804239 45.725899891 46.3012929225 46.0978270652 63.10201996 63.10201996 63.10201996 63.10201996 45.4753159168 45.6706743364 45.624100913 45.4277891964 45.2439391675 45.4204997947 45.3413354423
0 0 0 0 0 0 0 0 0 0 0 0 0 0 0 0 0 45.6876483914 45.9507221137 45.390736332 45.0752402034 45.8572239354 45.8344702593 45.8600632064 46.2558792459 45.3090039379 46.3830379852 45.4736291299 45.4853682826 46.1533237607 45.6674379722 45.5840027706 45.4335673207 46.2397046873 46.2814634084 46.3127780211 45.0901605679 45.3284000938 45.9256282661 45.7454459294 45.2139212316 45.0177488693 45.8716399451 45.3543398685 46.2004782548 45.0492634712 46.2612536654 45.981715851 45.5082838506 45.9580495692 45.6524695599 46.0367503612 45.7887502212
0 0 0 0 0 0 0 0 0 0 0 0 0 0 0 0 0 46.3448118784 45.2532869853 46.1961652498 45.4313628321 45.9481809819 45.8864470883 45.0747375838 46.3444142731 45.0903863034 45.422552674 45.0559654766 45.7165121844 45.7825647889 45.6734538512 45.2442158063 46.1163714659 45.4084218387 46.2565320447 45.116628281 45.734233239 45.2174901904 45.4094349227 45.8559924634 45.3171579339 46.3858756051 83.0286748017 83.0286748017 83.0286748017 46.0477296439 45.9468763553 46.373844724 45.8572518241 45.3874044182 46.2349349637 45.2028593418 45.1255518287
0 0 0 0 0 0 0 0 0 0 0 0 0 0 0 0 0 0 46.1301743137 46.1243039116 45.0925124197 46.0827992418 45.1267176707 45.3550200196 45.9070262322 45.9103612936 45.829777281 46.3683036369 45.5221737413 46.2396851076 45.3566311873 45.348656334 45.543769334 45.8250412749 45.7190754805 45.5920805617 46.3254001922 45.1954760533 45.8982899592 45.0648794556 46.0934719584 45.26881252 82.9869919367 83.0286748017 45.9066729615 45.0955710376 45.4211733447 46.0069605375 46.2591075427 45.144641716 45.4046889847 46.2700829987 45.4167677186
0 0 0 0 0 0 0 0 0 0 0 0 0 0 0 0 0 0 45.9866812775 45.9351001627 45.9616324545 45.7456688948 46.1580258637 45.4919258546 45.1191892167 46.0361889878 45.6209375165 46.3007500907 45.0798534817 45.7831184351 45.4430929749 45.5166547584 45.2428202865 45.4577275536 46.2119125314 45.6442967623 45.0532896235 45.1602156363 45.2250130826 46.1329806226 46.3190687297 46.2094463045 45.1636847999 82.9869919367 82.9869919367 45.3493232685 45.1445561751 45.3683212392 45.0736999932 45.5042157013 45.9145123055 45.1297175027 46.3245619732
0 0 0 0 0 0 0 0 0 0 0 0 0 0 0 0 0 0 0 45.2149154716 45.5587271121 45.0749309229 45.3895876092 45.1668197709 45.4270745369 46.2577799376 46.3252327618 45.6825188675 46.1868763594 45.3823856764 45.3337411316 46.1149643886 45.7486890163 45.4206611976 45.0986939154 45.1156737577 45.8677863518 45.0653735387 46.2121140011 45.9372628065 45.4465612385 45.2059088711 45.6715364969 46.3532665122 46.240176662 45.2956843647 45.0902929773 45.2806374826 46.0013856956 46.0385460281 45.983894194 45.4853319614 46.1695425801
