Spatial Output/patch_out_check_00021.asc
NCOLS 155
NROWS 192
XLLCORNER 196769.923733
YLLCORNER 449719.875193
CELLSIZE 27.603701
NODATA_VALUE NaN
[rows 115 to 137 of 192, columns 53 to 105 of 155]
45.8368776548 45.8576661433 45.4143885463 45.0487293707 45.8840795893 46.3533732063 45.6615070644 67.0477053384 67.0477053384 46.3420886892 45.4989229372 45.4414442976 55.283265711 55.283265711 60.7377804126 60.7377804126 80.1624968978 80.1624968978 68.0476457315 68.0476457315 45.4341606956 46.0928700021 58.7958772372 58.7958772372 45.5755343969 45.2710117829 45.6865928968 45.4961253428 45.9242934274 60.9947046047 60.9947046047 45.3717804079 45.7775961784 46.0160345807 45.0260324985 45.0530527497 45.8330641961 45.60873311 45.7041642948 45.9318507626 46.3073919803 45.1318952159 45.2150773024 45.7764035092 45.5313236806 45.8300762486 45.7624955266 45.3702265634 45.5206060162 45.4152377754 46.140500205 45.9270077819 46.2607990626
45.0585746643 45.1090126943 45.2010734048 45.2704981192 45.7853485793 45.0673371745 65.278654342 61.4234041791 61.4234041791 45.2556630051 45.1600373137 45.6407738217 45.4810247476 55.283265711 60.7377804126 60.6265247261 80.1624968978 60.7746646696 68.0476457315 46.0971846539 45.1622517738 46.1290873901 45.584264235 46.0918747634 45.8240536597 46.0334038655 45.094530632 45.9203242231 45.3234751859 45.3663086429 45.1539487438 45.3156366491 45.2549532979 45.9123787774 45.8095566943 45.3269581871 45.6622477994 45.8774479315 45.8437166468 45.5346668469 45.3061098142 45.8214245813 45.5250837236 45.223513123 45.2430174687 45.3192395729 45.1303853385 45.2045672273 45.1542257647 45.5291999182 45.6460115918 45.3329475767 45.8513687958
46.1775383438 45.547115162 46.0146182056 45.3992715264 45.9536764366 45.4282423732 45.8891796556 61.4234041791 61.4234041791 61.4234041791 45.0446932726 45.0134812326 45.6002859917 45.168229602 46.3261731961 45.8890772115 46.3771101588 45.5623212845 45.0737173438 45.6438586975 45.5909147516 45.4924874419 45.1172095588 45.6976321804 64.5091168751 46.1128596993 45.474821475 45.321096548 46.3165098284 45.5830397294 45.5078793742 45.7341637737 45.0986175301 45.5919987181 45.5975575288 45.023455594 45.9780495305 46.2569342442 45.728471593 45.2446894082 45.8085000956 46.3458448324 45.4176893737 45.5849335201 45.7335342572 45.8839418794 45.9193509933 45.5175378905 46.2994564518 46.3310340672 45.6365499627 45.4494150271 45.8799315961
45.9058391299 45.5993361985 45.8835056548 45.5441690222 45.8757704427 45.278521447 66.4398457294 45.7773684757 61.4234041791 91.692968777 45.0136299505 45.7354590524 45.01635901 45.3140030577 45.1766054612 45.31608525 45.840611926 45.7722141464 46.3338842151 45.1163886668 45.0604966947 45.9105228953 45.8361920521 64.5091168751 45.4632845286 64.5091168751 45.5246339564 45.0506327509 45.6216945453 45.3667320623 45.5944894301 45.0677021674 45.5465286734 46.1704922411 46.3347515106 45.1290249882 46.2442404865 45.9037332146 45.5494494613 45.7418102445 45.0892950631 45.3465521535 45.0286594998 45.2786552272 46.3068345796 46.0653120155 46.206127423 45.1491648161 45.3768643932 45.5662377969 45.4995043884 45.5620345505 46.1548910228
45.5038367046 45.4967171201 45.2841815117 46.2338022539 45.8567722066 45.8233963864 56.6922745296 73.815782775 73.815782775 45.2651417495 46.1937532818 46.3977920199 45.1518198223 45.4253776355 45.4050398394 45.4010892766 46.3798257863 45.5548080936 45.3814822118 46.374546934 45.7981979736 45.8370355913 45.0932488517 45.7953860658 49.8748112416 45.229574683 45.7950933058 46.1193339004 45.6849186794 45.4781593689 45.7714181814 45.6348678758 45.1598815942 45.8246483723 46.1399149257 45.3887408915 45.5859103254 45.8748847415 45.8562114464 46.2821109162 45.043849349 46.0137235051 45.5255560649 46.3559992889 45.6411234013 45.0490293788 45.1523905789 45.2955486351 46.2381884063 45.1118087655 46.0361056594 46.2754608319 45.0999228609
45.5558330646 46.1985802537 45.0118884343 46.2716738704 45.2270779478 46.0712382786 73.815782775 73.815782775 73.815782775 45.2091753928 45.627645864 45.6113459838 45.1832215961 45.0459455714 46.2074111626 46.2945784443 46.353938422 46.1727643757 45.4294355188 45.9615020716 45.8771734416 45.3477535132 45.5364826064 49.8748112416 49.8748112416 49.8748112416 45.1249586551 45.9528534134 45.2546223243 45.5060919963 46.1617511611 45.2286252166 45.9739739439 45.6771188986 46.0662296089 45.1537648295 45.9570657581 45.3970741949 45.1475481631 45.8211826055 46.3357622446 45.5064967305 45.7020271155 46.2379360542 45.0351775048 46.0539747145 45.4608305906 46.3134715252 45.5173274415 46.1825102006 46.2928411303 45.9291215806 45.4486093055
46.1449750366 46.070057336 45.933369221 45.3539032935 45.8635977466 45.7898611087 45.5475086394 67.540481203 46.3377460432 45.8181965662 45.2920757211 46.1522598646 45.9815128287 46.2119708654 46.0696851858 45.3367906236 45.1447026226 46.1725647845 45.2594075596 45.4584404943 46.3891750814 45.1457621222 45.6845032556 49.8748112416 49.8748112416 49.8748112416 46.1179182324 45.9894010723 45.3419971159 46.0050408622 45.0866422228 46.1805117224 45.892536722 45.5575754189 45.3481453668 45.3234510764 45.5931686795 45.5130418226 46.3944689552 45.0609935364 45.3977571139 45.5241951691 45.2663653239 45.2580508498 45.5423185394 45.166132875 46.2246185485 45.2148601252 46.0522910552 45.5433521881 46.0205370373 45.2085670695 45.8696391217
45.6446517807 73.0541729876 89.6711630258 71.4564331746 45.2242454877 46.1373302454 45.1727164533 45.1775100788 45.8617150491 45.1798095644 45.3317403905 45.4029524626 46.0553253881 45.5647847899 45.4967162754 45.3799439473 46.1003746842 45.9674368873 45.7634668402 45.526886889 45.5492077916 46.2544440648 46.3715694832 46.1238402781 45.9649729232 45.7265679864 46.0038153004 45.4210829921 46.3759131625 45.2926967057 46.3623593284 46.2406560408 45.3140074252 45.066888106 45.5570877915 45.298411407 45.9209250178 45.9665940164 45.5179838503 46.3568829399 45.3611198988 46.0520188147 46.4003850682 45.0926243443 45.3356021209 45.7257053623 45.6325178127 45.9006965978 45.88727048 46.0245822318 45.2355717186 45.9661787858 46.0371070212
45.1531797169 45.3275230737 71.4564331746 71.4564331746 45.1847312758 58.2873550879 45.7276952312 45.8073216176 45.4621003358 46.3041611579 45.5250853126 45.8145174708 45.4219917391 46.1658569773 45.7250550831 46.0699463905 45.7454169213 45.3137766042 45.0571020602 45.6802762604 46.2013639743 45.21564548 45.9362064598 45.595665488 45.3722616302 45.7916814322 45.8715653456 45.7554181709 45.7133302294 45.7721851747 45.5478284804 46.2551905797 45.1185794219 45.7684628958 45.3652512231 46.1307690993 46.1955954498 46.0697624583 45.8310413024 46.1420804848 46.1211968903 45.965711426 45.6857189777 45.0594555813 45.7618076296 46.30780758 46.1355635361 45.3683429896 45.9426189442 45.0740749159 46.1097956948 46.3050256955 46.3270486886
45.4578616432 73.0541729876 45.422376157 71.4564331746 45.9231669178 63.0048451536 63.0048451536 45.3471888803 45.8500652623 46.36365627 46.0682095657 45.5838740592 46.4103209217 45.0767883488 45.0547320708 46.1951145304 45.0758703963 45.8237600766 46.1304244906 45.5708461661 45.7571819111 45.0898054131 45.9087732338 45.3105423798 45.9497501329 46.016903476 45.8673135318 46.3805156981 46.1592938244 45.0466859052 45.6831972124 46.2250886908 45.2833374533 46.365497738 45.4094287592 45.2079678373 46.3854008291 45.8192239288 45.7790569436 45.2892905859 46.0966144844 45.4199042625 45.267496927 45.3561510679 46.1346365057 45.6138429755 46.0397148398 46.2598783888 45.4336603654 46.3214252876 46.3183091447 45.8259600873 46.1293099551
46.2868091609 67.3492919948 45.5165786593 46.2353088805 46.253819943 74.6142463643 46.1145626018 46.1673752837 46.3068364823 46.0282347311 46.0919343075 46.0541614352 46.1775036242 46.1734202411 46.2164682272 45.3180574253 45.6179986228 46.3813243399 45.4998665648 45.8018451683 45.5366659314 46.1431811606 45.8650003959 45.117907328 45.6759839382 46.3447511086 45.6402191745 46.2254573175 45.8045794619 45.3435804088 45.3209911331 45.8589493855 46.4095671864 45.5364248252 45.493241374 45.716975754 46.0286363923 46.0549220484 45.3175875801 45.169734878 46.3125170378 45.5558060013 45.7359412506 45.4164345165 45.4749556815 45.51402837 46.1794613919 45.9552330019 45.8957603966 46.3805223817 46.0549823643 45.5322895386 45.7290218071
78.3044051466 78.3044051466 45.7729663351 45.3639213932 45.3903311087 73.4199022735 63.0048451536 45.5923668697 46.1632940539 45.2954315567 46.0425627734 46.2665201531 46.213306546 45.6121607519 45.1982780736 45.4605937471 45.8076414111 45.1882270158 46.1429138468 46.2607599041 45.035520834 46.1182801903 45.9120452436 45.3047263057 46.0120077196 46.3713817564 45.0360821384 46.3045821047 45.6067629014 45.9285794678 45.0911630213 45.3446383492 45.3074780868 45.3681228297 45.2590734528 45.9604233826 46.1805211982 45.658015324 45.9888701967 45.2201314873 45.3345124541 45.4229427516 45.9931397615 46.0615329717 46.0847663924 45.1386026485 46.252864512 45.0429761509 45.8421846715 45.6653685935 45.2864122958 45.2768440173 45.1072347889
78.3044051466 78.3044051466 66.7388427059 45.2043949992 54.2019859311 73.4199022735 73.4199022735 73.4199022735 45.3424320854 46.2984229436 46.0092801429 45.4517036279 46.1597386601 46.0614980044 45.288162548 45.6451354421 45.2893767275 45.3455701777 45.6529401265 45.6927650156 45.7560052134 46.1020885399 46.2845700628 46.0696287677 45.5058619811 46.2787751997 45.0888924536 46.1784303042 46.3064997995 45.0944468681 45.8088910772 45.5506246808 45.1928241439 45.8608139191 45.626148944 45.2708029342 45.7355131219 45.6676516996 45.5474754042 45.8905054193 45.7496251898 45.4553273408 45.5480363638 45.432853183 45.6295476472 45.6788680676 46.2391684099 45.7200017523 46.287984931 45.7942785229 46.1440205446 45.8643487384 45.0336633899
66.7388427059 66.7388427059 46.190554524 45.7460233164 68.5461370844 73.4199022735 69.529792041 46.035786498 45.997708809 45.8984282539 45.9445513586 45.1901503274 45.6620293259 45.9861016121 45.7367032736 45.5164259383 45.8043075477 45.0034169787 46.3289241371 45.0008537618 45.8196468172 45.3221284642 45.6770623837 45.8753341868 45.3074014248 45.2507160944 45.0279649735 45.3303806781 45.6877700069 45.418323605 45.4627551169 45.4260026283 46.1232161399 46.2621755962 45.3240836794 46.070646891 45.1534543915 45.7584677419 46.3651831212 46.1883229161 45.7451964327 46.0663506659 45.8401986 46.2792173084 45.0987252649 45.696798713 45.9773121893 45.8306988279 45.673641161 46.1818078381 45.7156968252 45.4366662448 45.2969170256
45.3017144556 70.0671618692 45.0121588469 61.9819627386 68.5461370844 68.5461370844 68.5461370844 45.5242111681 45.6112748624 45.7294932272 46.1303241154 45.3139082644 45.8427057618 46.2492315452 45.6830448056 46.3119212119 45.5945762671 45.0139348766 45.0143489959 45.6476976354 45.5416435089 45.396107674 45.3486889065 45.9996503236 45.1493095313 46.2723595432 45.8765692427 45.6804297083 46.0671580824 45.4866896942 45.2813789142 45.4538361673 46.2321255644 45.7610746953 45.0308957344 46.1036288521 46.1178634035 45.6232383715 45.8740716351 45.5599768675 46.2861044812 45.1678627386 46.1511624593 45.7714492559 46.0649960787 45.9232054424 46.3192748859 45.847113368 46.0491117381 45.2857347565 46.0889785647 46.3528672935 45.8904165583
45.2821233908 72.7636994962 46.1999274477 45.6163061387 61.9819627386 45.2245407309 45.7554605857 46.0404688676 46.1142003568 45.4274693592 46.357139353 45.9143196772 46.1292617787 45.3809487598 45.400789156 46.0635117568 45.1261454045 46.139024883 45.8593267049 45.2961416407 45.7846331554 45.2374181233 45.8738016026 45.4945127561 45.5547850578 45.2344385154 45.4718774497 45.5275121118 45.0743455336 45.6954250403 45.5672894324 46.046685565 45.7143232929 46.3778342492 45.9024166832 45.5274383186 45.9909131465 45.960196728 46.2967423991 45.8019330125 45.4737841243 45.5245023044 46.1546095774 45.1177912546 45.1849526892 45.5086908687 45.3894018477 46.1871234122 45.04829555 45.0384396427 45.4594918197 45.8800942102 46.3438529614
45.3378021893 45.7386049495 76.6245525937 61.9819627386 46.3059126303 46.0524947219 46.4061213275 45.6467085531 46.2489475068 45.5603883689 46.2206472396 45.3634854376 46.1321336657 46.1436059805 45.7771029307 46.1967419018 46.1379761074 45.8132819603 45.690141091 45.4347352309 45.1995958327 46.3457935275 45.5084964851 45.7814290165 45.9557157754 45.2361331352 46.1992217414 45.0752481038 45.4704678556 45.8057203158 45.3180583324 45.2320956821 46.2056595099 45.004348537 45.3821047222 46.0428007529 45.5447766062 45.7407038618 45.9766289109 45.0325388182 45.0088976073 46.0020728176 45.7417188144 46.3296737862 45.8020379347 46.2759461732 46.0149119664 45.6259707595 45.557734925 46.2356304778 78.3635208419 46.2532988405 45.6639422947
45.5695340701 46.1136303739 55.0039129616 55.0039129616 45.2698300538 67.9088681721 45.6096795118 45.7538040487 46.370955326 45.3888172154 46.3280271028 45.1179277282 46.1756503383 46.2980064757 45.1797017505 45.0755488918 46.1359736014 46.0315908166 45.4399202358 45.5915934395 46.2666647554 45.0933470115 45.9321894598 46.2314383795 45.5320791857 45.681016538 45.5536716482 45.0028565997 69.2582661912 45.9756932061 46.1027877057 46.3969807328 45.626019991 45.7738886663 45.6404523287 46.3385014306 45.6421325567 45.991388647 45.9579448737 45.2026212508 46.1145221339 45.5877505944 46.2987062442 46.039956084 46.0129452427 45.2329345964 45.5816440978 45.213173816 45.1971466231 45.6141712734 78.3635208419 78.3635208419 78.3635208419
45.0055074105 55.0039129616 55.0039129616 55.0039129616 45.6436206562 45.141650243 46.0039189422 46.3272898601 46.2797775464 46.3986569733 45.360705319 46.0189831802 45.2294609337 45.370221364 46.2150504964 45.849909156 46.2014230983 46.1195902023 45.9726124384 46.384506528 45.8028414415 45.5841895882 45.8675743164 45.7874191569 45.6276604158 45.3606459504 45.439755294 45.8912295275 45.0275097774 46.3919696002 72.4975053473 45.8785703049 45.4316656283 45.3659446604 45.1532026105 45.0211382408 45.6013161296 46.1579192773 45.3327323695 45.2485595292 45.5226057448 46.0299306434 45.7987877105 45.3869344476 45.7530975868 46.2490458944 46.1250869514 46.0944901597 46.3311313807 45.716521477 78.3635208419 78.3635208419 71.245251849
45.7032997332 45.2730145722 54.9281039752 55.0039129616 45.6582105677 58.1786063711 58.1786063711 45.4589322485 45.108560856 45.4370123147 45.0182051318 45.4951727473 45.9976253542 46.4027437409 45.010818204 45.9453275457 45.6523450973 45.7256653124 45.904987392 45.7942682941 45.4273147995 45.0612490334 45.8006943085 45.8592709983 45.0039799446 45.6214842387 45.2654396943 45.2449632902 45.4699618117 85.6951037055 72.4975053473 72.4975053473 46.2937424066 73.1609938564 45.3702226951 46.1113800686 45.7764106158 45.5791474538 45.0230868629 45.1581763835 45.4104379136 45.303448183 46.0242689783 45.22491146 45.2305118041 45.4969810667 46.2272841256 45.2374021677 45.2908112072 45.1648657204 45.3705140669 45.0655144018 45.4006288687
46.0382123815 45.926346249 46.2948133275 46.3271464579 45.3569880497 73.0304641015 45.5883415218 45.1175977881 45.6853367314 64.4283699262 68.9938171103 46.2391085788 56.0232770139 52.1557648014 45.6596445877 46.3312140699 45.3227336571 46.1582380838 45.0781087896 45.6423808738 46.088058348 46.1980287169 45.4448056261 45.5989722775 45.9759608625 45.2777640438 45.6726335218 45.2645273159 68.9398182781 68.9398182781 72.4975053473 73.0238350523 73.0238350523 45.6815123355 45.073521061 46.0789693299 45.4995549415 45.851021432 45.4983757433 46.3374821682 45.7910069514 46.2281959952 45.4135520013 45.7912111879 46.0154035266 45.4269897798 45.7472769983 45.7903305468 45.3370536539 45.1927295195 45.5576303664 45.9674143553 45.6341371348
45.4913947777 45.6303336288 45.8536960777 45.1124576045 69.3536670229 46.1434205677 64.6748453265 64.6748453265 45.1674113741 45.2494448416 58.7826691567 56.0232770139 52.1557648014 52.1557648014 45.2162547988 45.1404705747 46.1726763013 45.2046438133 45.1078610902 46.3801674124 45.1632921263 45.3465391372 45.6495632384 46.2444038035 45.23757263 45.7209985487 45.8146192295 45.996950789 45.9704666637 68.9398182781 45.2410842946 45.6495139824 73.1609938564 46.3407422575 46.0826463915 64.6544330081 46.2691603775 45.7640084088 45.6942086665 46.077666337 46.3346490912 45.7336116391 45.8636957946 45.656044169 45.8254854501 45.2620985323 46.3547311486 45.5225125192 46.3138719867 45.3909236402 45.5491379544 45.7758774132 45.3077178241
46.3186409334 45.6642145701 46.1960996719 45.3600475093 46.3840676129 64.6748453265 64.6748453265 64.6748453265 45.4199194434 45.35036458 58.7826691567 58.7826691567 56.0232770139 52.1557648014 45.6557344084 45.8248875283 45.4053342128 45.5258970973 45.9483690567 46.2199579969 45.4125184406 45.3274782137 45.9266920385 45.7013471001 45.8367510017 45.1008249942 45.5969780986 45.8476793626 45.9675627106 45.9714645643 45.0766132007 46.0126812885 45.8266119299 45.230623623 45.4446206961 45.962268717 46.4122832752 46.0180273813 45.9199740698 45.3631386931 45.9198408909 45.1323580497 45.0336802098 45.9804243638 45.1821453379 46.0799954969 45.4459004735 45.5738589522 46.2435594751 45.1846916406 45.0009904317 46.1007166455 45.5824718451
