Spatial Output/patch_out_check_00026.asc
NCOLS 155
NROWS 192
XLLCORNER 196769.923733
YLLCORNER 449719.875193
CELLSIZE 27.603701
NODATA_VALUE NaN
[rows 23 to 45 of 192, columns 0 to 52 of 155]
0 45.9071339525 45.8811455461 45.2034085654 46.1067844716 46.3727390856 45.1448677838 45.6003261688 46.2380797607 45.4091280292 45.214050537 46.1208566159 45.624380495 45.2902842125 45.1873159934 45.8570154421 45.4759148996 45.3885814019 46.371281838 46.0083080542 45.5813666131 45.1244989571 45.2773547844 45.8776843499 46.339322194 46.1648148101 56.6828861795 65.0970656459 45.9456896981 45.8720444537 45.6613842108 45.8579059037 46.2633442495 45.8385848501 45.6554891391 45.0150280961 46.358532625 45.5615519966 45.1104754358 45.4152824694 46.3621656901 46.2192165263 46.3049810525 45.5892211622 45.0191799469 45.8600884071 45.9331135124 46.1312436465 45.0971877594 46.2694552052 45.6826689051 45.8360604034 45.1170590733
45.2388939821 45.289792461 45.3157202667 46.3935418293 46.0044179169 45.7347321984 46.0368570799 45.3426605743 45.3052032797 46.3777829699 46.1905722128 45.2918290586 46.324208565 45.6860701954 45.9481805433 46.1009786072 46.23825281 45.2647018003 45.7099227603 45.9145240187 45.9980376054 45.5217178264 46.1244494676 45.718076481 45.2379511507 45.2113378196 65.0970656459 60.076206009 65.0970656459 45.6377348254 45.4331057065 46.0282310217 45.2014414755 45.6705292515 46.4118308246 45.6842526406 45.1439682982 46.2665377964 45.8682231376 45.5991430894 45.8159319765 45.3961940743 46.2735730513 45.9722812457 46.3072601106 46.1786679722 45.4711083604 45.3165952899 45.3729481604 45.6356802814 45.5052373213 45.9175149563 45.3590711221
45.8360522627 45.7060828131 45.5082480042 46.3936032866 46.0929203018 45.822798616 46.1250933675 45.2534990957 45.8914506551 45.8431857732 45.8759413138 45.3938686678 45.5069897019 45.7040331226 45.0338753727 45.4600186243 45.9519726921 46.1664419521 46.4095387183 45.2259015046 46.099474025 45.0860426003 45.2196533666 45.3304744709 46.2341242304 45.5450273037 45.1726564968 73.6590581181 73.6590581181 73.6590581181 45.6296356237 45.1948853275 45.5759341137 45.4543349821 45.2199256702 45.8055179565 46.3813600055 45.6126713368 45.803507385 45.7023769421 45.3301482259 45.6321115143 46.2815414489 45.6497699475 46.1821178611 45.4128493041 45.7231740862 45.078843889 45.8023949183 45.4324720773 45.7104313998 45.8110377446 45.1660671896
45.7229194932 46.1796358903 46.0602492809 45.3574798572 45.4083891602 45.3379950739 45.98433734 46.2226929032 45.8187379676 45.4855438814 45.8164171558 46.006184753 45.3684201088 45.9216825023 45.7584509616 45.9247099981 45.7977477779 45.410034491 46.2091021365 45.5602131179 45.7593201263 45.3760463269 45.8797378184 45.6498295014 45.5553218095 45.576572877 46.2270215763 73.6590581181 73.6590581181 70.7367759731 95.2747253956 45.708694108 45.2917585837 46.1019334267 45.4645768608 46.2930708366 45.7462171862 45.2535717994 45.4958961402 45.1907640329 45.2332184977 45.744725248 45.6423865418 45.1463696016 45.9858329938 45.9313114799 45.0374630819 45.5251693615 46.2687782027 45.7873269564 45.8120931568 45.8399424828 46.2695696783
45.544880251 45.2058316119 46.0846439911 46.381057902 45.7286159241 46.1632948014 46.347084616 45.2858619707 46.3456813266 45.2875244504 45.1926038472 45.8806992372 45.4777882982 45.3750925868 45.3625470705 45.1678439362 45.28859274 45.7883146647 45.1517315226 46.369737213 45.0135847067 45.602519264 46.2158043632 45.2391365802 46.0168368287 46.1940969816 46.2063567887 70.7367759731 70.7367759731 95.2747253956 95.2747253956 51.7149888121 45.7566023277 46.3201038621 45.0826086316 45.0398277631 46.4069044409 45.8348834018 46.3893839832 45.6638456075 45.8984473581 45.0279493762 45.1819026952 46.2063030051 45.2955427952 45.7432242053 45.4573866134 46.0064725791 45.7705222342 45.2091677573 45.2268961358 46.2572128873 45.5225639065
45.1641171248 45.3085123478 46.2141878719 46.3373578152 45.3808166009 45.2919008195 45.6179904467 45.6208569855 45.7714420094 45.0530754783 46.1917509984 45.8995403254 46.2281414858 45.2944265022 45.775261155 46.0250427214 46.073275994 46.1872599931 46.2147970876 45.4066378103 46.2922028507 45.6666160583 45.2772203068 45.5697323003 45.5009481805 45.7630340836 46.3779917 46.2081997282 95.2747253956 51.7149888121 51.7149888121 45.6104325323 45.7979877098 45.466125001 45.5493468448 45.307447795 45.3672408629 45.8854299318 45.6166873486 45.8292857716 45.2805823 45.4948545894 45.4854919608 45.1102403435 45.8212647657 45.7272975343 46.1254766965 46.007131204 45.1259758503 45.2612711908 45.263820929 45.0064246016 45.0627551294
46.3428239579 45.4533692686 46.4135945881 46.011100239 45.2030721063 46.3818013112 45.134251498 45.0922445818 45.4811694771 45.6510983874 45.9634466872 45.2464358413 45.6004870659 46.3757766874 45.7911415312 46.1959784298 46.2452153194 46.3956076778 46.2484966094 45.4710446595 45.5007485449 45.7709634463 45.9324098499 46.1094741292 45.37733676 46.3921798268 45.4714947517 45.1947288661 46.0013259559 45.3934293743 66.4574247515 66.4574247515 66.4574247515 45.5949139334 45.3312763807 45.5434797149 45.851733688 46.2145554889 46.0195581743 46.0118294829 45.0871898536 45.4109205669 45.9096326878 45.3368932436 46.2555767259 45.3029321405 45.4800206088 46.2091108126 45.5186450747 46.3662062263 46.3259376204 45.7880219379 46.1688065183
46.3817352422 45.5551955753 45.9527199279 46.269855512 45.2170486696 45.440382642 46.2827283292 45.7854315819 45.2955585513 46.01592162 46.0038820104 46.3800011123 46.0473242102 46.2676878579 46.0650635836 45.5645359785 45.2751820087 45.3995790584 45.4716434713 46.2310902619 45.567779546 45.434502696 45.8164969266 45.5929409646 46.2893003381 45.8912482521 45.0044556895 45.8952352573 45.2157539132 45.7666484813 66.4574247515 67.5463581301 66.4574247515 45.694115991 46.391321714 45.4568169678 45.8979470775 45.082608714 45.1186397194 45.9534082406 45.9212552579 46.151224244 45.5540356029 45.8244441974 45.1337633538 45.1781077019 46.2733748433 46.3114028719 45.2453638382 46.3528928067 45.6057350411 45.5516608957 45.7929402587
45.1011358801 45.7449999223 45.4544552631 46.2411941998 45.6708475284 45.3725134764 45.3828715209 45.5507424504 46.1751775675 45.3683525809 45.910755762 46.3360143537 45.7619590373 46.3110046953 45.012318786 45.8589580595 46.20671036 45.7755394729 46.143151049 66.0123879826 66.0123879826 66.0123879826 45.7336804493 46.2050566756 46.0093131754 45.6647766074 45.1421477941 45.5529830769 45.7349486056 45.7582117673 67.5463581301 67.5463581301 67.5463581301 45.7558360996 45.8144890512 46.092077127 45.2816397457 45.9574261595 46.2152361705 45.3631385176 45.4913808115 45.4493442796 46.1772296996 45.5360125632 45.7004861258 46.104458332 45.8154521957 45.7716246757 45.8667646266 45.7060005062 45.5827527763 45.0137471301 45.4389939859
45.3911833931 45.2233243002 45.2107653818 45.9883087352 46.2408364099 45.3455947054 45.1849979858 45.6846671759 45.9221790811 45.9728832686 45.4879383992 45.6888264747 45.8948833188 45.0731583215 45.9527433252 46.0317497143 45.6064944612 45.0841785011 46.2901522488 66.0123879826 66.0123879826 46.374794886 45.6403494628 45.0914259049 45.565688907 46.194196513 45.9202144353 45.1544480824 45.9769158981 45.5880937378 45.0720822248 45.7372862839 45.1472625961 45.8984403856 46.320689216 45.4048933524 45.9940543184 45.2958610311 45.3839432169 46.0817799475 45.6881652722 46.1639182448 45.3433353116 45.5747345003 45.2077702462 45.844204144 45.1727701318 45.2179253732 45.9829793974 46.0855075788 45.1476965435 46.3667922146 45.0961858314
46.2812368903 46.1982002584 46.2890476919 46.1723965934 45.2945692433 46.3277816103 46.3405779394 45.7673312733 45.8853352224 45.181762027 45.6675652032 46.1886358562 45.9366317818 46.2762428737 45.0429011302 46.0121204353 46.1398911237 45.2503283335 45.1802116235 45.6766250928 66.0123879826 72.0301551132 45.5728690235 45.2539076796 46.2496036465 46.00142387 45.7838524217 45.4467169405 57.2566841952 59.9447656594 59.9447656594 46.2165606928 46.2292910526 46.3991832246 45.1779257864 46.0829814125 46.347575854 45.4230790596 45.6640398874 46.1210021346 45.0186788348 46.4131355933 46.3533816656 45.3271443815 45.6373436325 46.2734070035 45.5653571927 45.1416054537 45.7457556799 45.2886097238 46.3037535999 45.3901305479 45.828043273
45.9836566105 45.7140647595 45.8052127522 46.0875691052 45.0998902852 45.7347877304 46.2252737836 45.4708028297 45.9260178659 46.3503392248 46.0350464436 45.3018775786 45.3788766977 45.4028250061 45.2252642572 46.3166750558 45.9322454877 45.7565250816 45.2987385838 72.0301551132 72.0301551132 72.0301551132 45.3284823527 46.1572631712 46.0066556712 45.2565832015 45.0944286608 45.5890553066 59.9447656594 59.9447656594 59.9447656594 45.4092353742 45.9555586983 45.4855970777 45.0696283821 45.4159724979 45.2330086268 45.3084212249 45.4909791477 45.3724163127 45.4877044617 45.5844689924 45.768703079 45.203160246 45.2824390323 45.4422689271 45.9698665701 45.544230037 45.424567419 45.0713268905 46.0381042125 45.9535328508 46.1502487274
45.2594152574 46.2431652792 46.3374575157 45.4553566223 45.1912999716 45.2592896187 46.0589447357 46.3266091237 45.0039341665 45.2034359839 45.9931225926 45.3753588809 45.2112985893 45.2729221909 45.4440072336 45.9405154974 46.371908476 45.8247000703 45.8609852263 45.6346849148 45.7494199569 45.9083680216 46.1095973485 45.1039708059 45.5313521529 46.0295236496 88.9010633835 88.9010633835 88.9010633835 58.1742920211 58.1742920211 45.9420773101 45.5630974623 45.0357998777 45.8885929784 46.3357847734 46.0859807216 45.0000211099 45.1599536338 45.6415858393 45.2275733745 45.473180808 45.8781269332 45.3726458445 46.3381710375 45.4023127577 45.2536971626 46.1180692133 46.3863797495 45.6298179074 45.1712327555 45.9304645673 45.2952373403
45.0630875743 45.687740875 46.1788008816 45.4768160944 46.3876269335 46.053600492 45.2569409939 46.0618947963 45.8960180042 45.216173942 45.1778039684 45.617248928 45.3195836446 45.3048344414 45.1849546509 46.4136964274 45.2831316436 45.5408227492 46.2811562955 46.2630656682 76.5182084145 76.5182084145 76.5182084145 45.5608767357 45.7863222878 46.0738131636 46.175699371 88.9010633835 88.9010633835 46.0761805704 71.5076227576 83.7133985713 45.2076287576 45.4172072004 46.2431745556 45.6706203906 45.3501488717 45.015284291 46.0326455444 45.1736045704 45.8405563593 45.4529459571 46.216471358 45.2446125466 45.7393771872 45.1053010337 46.153956167 45.8704741405 45.236954535 45.5561693165 46.2980691518 45.5857537823 45.5256382785
45.5400944968 45.8010434245 45.2743365653 45.8288523599 45.8935985643 45.8833762415 45.2532346161 45.6324279155 45.9401486162 46.2734468823 45.6642465888 46.0270648492 45.7188627294 45.4055141285 45.9343476654 45.2946989132 45.7560977548 46.0939790578 46.2151842891 45.7590340312 64.614319641 76.5182084145 45.5579911224 46.0639895738 45.038313057 46.3351532124 46.0026132126 46.173158461 46.3403671743 71.5076227576 71.5076227576 71.5076227576 46.0368198713 46.1421532979 45.7806972037 45.1856867245 46.2800252958 46.1573993607 45.0917225189 46.0655696289 45.6150175421 45.1145939513 46.2612562009 45.3444396568 45.7534325151 45.5329123334 45.2379780504 46.2745290828 45.4094823148 45.1787579199 45.3660296947 45.6599358763 46.3900349812
46.0477507992 46.3279457154 45.3035481156 45.429281514 45.4393393469 46.3654862352 46.2322330881 45.4597540304 45.9592718853 45.5204073411 45.6014214201 45.2456920399 46.0236385927 45.5823500049 45.3555055131 45.0307426298 45.2528627439 45.2475955638 46.1904190092 45.8962363981 64.614319641 64.614319641 45.9215635171 46.0562057615 45.1702727138 45.9319978424 45.1317938122 45.3073742155 46.3644811099 45.2226751169 86.8793490594 86.8793490594 45.4822335422 45.894624062 45.0482593457 46.2152941054 46.0038305608 45.7781663976 46.3629162508 46.2605495462 45.059554781 46.2668171939 45.3304195107 46.0349500665 45.5703899045 45.2049445608 45.8650232915 46.1313765027 46.3808271634 45.9499307739 45.4219070067 45.4537828253 46.3824020017
45.7456453569 45.1159833822 45.4031075993 46.2643196363 45.2486374427 45.9640635698 45.2744561292 45.0019977869 46.0520054754 45.9507722443 45.188792069 45.7485471618 46.2878456324 45.1195811672 45.8090616379 45.8367923733 45.3883928035 46.1733877788 45.0020193581 45.2615467644 45.8921318931 45.0220839317 46.1141131998 45.448487955 45.8258747691 45.2901184514 46.1490983356 45.7458410251 46.3653275841 86.8793490594 86.8793490594 86.8793490594 45.4946624259 45.8972975042 45.99752226 46.1007269846 46.0864492828 45.1214115349 46.0778304184 46.2610188289 45.1511141766 46.0642726822 45.2031469161 45.6431804744 46.3931368037 45.2659617456 45.0897314083 45.5858796513 45.5522464185 45.7203037525 46.1780750019 46.0633073597 45.3385214974
46.0072277408 46.0437019985 45.5499171062 45.0488515928 45.8923418421 45.4155911525 46.0185204296 45.207166898 45.9153098618 45.6299198919 45.7550836083 45.2331041687 45.4372892284 46.3692991905 46.2929794046 45.8531087717 45.3367825898 45.1767907056 45.2292183431 46.2465240291 45.7488366619 45.8272537277 69.1656917014 46.3684338939 46.0130881387 46.4110310622 45.1185479521 46.3392950938 46.0924089732 45.968496769 46.0125594633 45.0065930092 45.8044344863 45.3011400785 45.9332872013 46.2402857767 45.2943700763 45.0646257683 46.2296740224 45.9096866009 45.7306655415 45.2658259499 45.8309180085 46.1052424031 46.3160461146 45.2389367007 45.8555766949 46.2463536008 45.9641868139 45.6211992 45.771709633 45.4947975672 45.1418215938
45.3432671903 45.9874969258 46.0311137457 45.8156882815 46.3112665884 45.9398580739 45.6622438629 45.2066019683 45.3081701545 45.8676623922 46.1809597678 45.6294509084 45.634690561 45.0559266845 45.0386035891 45.7230785381 46.2684269928 45.1993567644 46.1882533558 46.0677943844 69.1656917014 68.9614716578 68.9614716578 69.1656917014 45.5471176793 45.7032783184 46.0805889533 45.6117710757 46.0414913701 45.0568098365 45.4610723054 45.4454708343 45.9255969756 45.4280631093 46.2717308904 46.0399398305 46.0882770532 46.3450726263 45.4036733468 45.3223349422 46.2817618428 46.3579296855 45.6508568848 45.5927448792 46.3046234711 45.2272233192 46.1495855024 46.2419785862 46.1862292373 45.7670220309 45.8483328554 46.0717602696 45.3121775797
46.327490666 45.2948069669 46.0077399993 46.2120736944 45.6720057756 45.7098681163 45.2539995539 46.0379991946 45.6623540913 45.3477410531 46.4141661529 45.4494936745 45.6021737615 46.217119952 45.1609114735 45.6183406813 45.5812121553 46.251573869 45.9754270711 46.207771806 68.9614716578 68.9614716578 68.9614716578 68.9614716578 46.4019489181 45.7501649878 46.3014316444 45.161686122 45.6467158435 45.6145398386 46.2744992402 45.0733373923 45.267621702 45.8106207693 45.2409667188 45.5664075609 45.9795958424 45.1821018284 45.4448875495 46.0196150496 46.1677906415 45.4591908509 46.1067239319 45.3360303626 45.4033262072 45.7204067923 45.4793952549 46.3227178779 46.199995711 45.1655668375 45.8886990106 45.6910291604 45.7778985266
45.1791979409 46.0772575049 46.2760927298 46.1699958677 46.3518706154 45.5976955711 46.3463694123 45.8422001244 46.011865784 45.115987532 45.8479792101 45.400929729 46.1699911427 46.0389112572 46.3821472401 45.0975546699 46.0120549808 45.7749671243 46.0737844063 45.8036131274 45.2462946976 45.1995641131 46.2162231211 46.0198935333 45.7364080027 46.2790998853 45.9363390825 60.4129822235 45.0741467641 46.163991105 45.2218816321 45.6718989245 45.582589489 46.3796453519 45.5187210851 46.3416068998 46.070896909 45.8728016536 45.9241706352 45.2363568253 46.1052050194 45.9221887003 45.8593759578 59.0754246511 59.0754246511 46.157073137 92.4280818585 45.8088442355 45.5174259592 57.497620135 45.1455791513 57.497620135 46.1898831935
45.3326563917 45.0226419129 45.437036393 45.5663687722 46.28273898 46.408005303 46.1423862471 46.2626178365 46.342478313 45.2699529001 46.4104609141 45.4578466223 45.6508178623 45.9415952901 45.9561474173 45.268995806 45.0392951481 46.1726447395 45.7484345467 45.984077084 46.3019764357 45.9539500934 45.4883092485 45.1477203972 45.5516982887 45.895261948 45.8428621608 60.4129822235 46.0282215385 45.2010440324 45.1892498452 45.7003063688 45.058403268 45.9746376814 45.2859383037 45.4172775645 45.9951930563 45.246598793 46.034138746 46.3136455397 45.1169841398 45.4234148628 45.3344598868 59.0754246511 59.0754246511 45.2434056848 45.321258657 45.2437065176 45.2056270404 45.8017949615 45.1262605747 45.0782559014 45.7269309666
45.0363875439 45.5592558646 45.1114010694 46.110977039 45.7927706735 45.2531724251 45.1034045056 45.766884105 46.2468254146 45.8044149363 45.8675521111 46.1753106964 46.1781030964 45.4517937008 46.1525347188 46.253483587 46.1859563322 45.0004039182 45.8006320404 46.1761152494 45.6979444424 45.2980385696 46.3461809779 46.3644008135 45.4678746877 45.1837878598 45.1538966775 45.0361761304 45.6296926949 45.7403436639 45.6732470489 46.0911282108 46.0004950195 45.0758654793 45.5772660858 45.0440936826 46.1895942301 45.2370601109 45.9910757612 45.9714808964 46.3274257899 46.0712287449 46.1145339472 46.2672193741 46.0655522128 46.2379621775 46.205616781 92.4280818585 46.3319332155 46.1918163328 58.2143892271 58.2143892271 45.2326205028
