Spatial Output/patch_out_check_00131.asc
NCOLS 155
NROWS 192
XLLCORNER 196769.923733
YLLCORNER 449719.875193
CELLSIZE 27.603701
NODATA_VALUE NaN
[rows 69 to 91 of 192, columns 53 to 105 of 155]
44.7339371854 44.5387849631 45.0044324794 45.0492218385 44.8580975695 45.1190395326 44.8094092144 44.576110925 44.8033719946 44.5774706198 44.8849777278 44.7667477148 44.9281716498 45.0984603879 44.6805462634 45.008367354 44.7639610312 45.0947328023 45.0850493043 44.7452191358 45.1230146498 44.535276497 72.0866632842 72.0866632842 79.8488879913 79.8488879913 79.8488879913 58.2789400986 58.2789400986 78.3872555374 78.3872555374 44.9054418025 96.4106431585 44.6532926879 84.7643496124 84.7643496124 45.0434861823 44.6558392831 44.7066400126 44.5464494197 45.1455664027 44.9595923392 44.5948583665 45.1384256503 44.6949647756 44.6460194878 44.6260064327 45.1160000688 44.6327590306 45.1480227474 44.9868721324 45.1812185284 45.0163749473
44.5076345208 44.5394006969 44.7777243551 45.0305872769 44.9790310622 45.0380615604 45.089487371 45.1091138929 44.9739300847 44.8473738023 44.7242419521 45.0632037211 44.584904476 44.9853780289 44.6561712244 44.6842599565 45.0884859168 45.1766741445 45.1842878409 58.4204583581 44.6795491935 44.6253151382 72.0866632842 72.0866632842 45.2029274676 79.8488879913 82.0648035733 58.2789400986 58.2789400986 78.3872555374 78.3872555374 44.8013112946 44.5198695855 44.6025938355 84.7643496124 44.8641172436 44.6118194764 44.9019377136 45.0056773223 44.814946968 44.6786864429 44.5306842939 44.9985784696 45.0198442925 44.6614908378 44.6801918243 44.5807872306 44.6761091408 45.1822635463 44.6584225053 45.0930912018 44.6290056632 44.6785353448
44.5220194654 44.9084286698 44.5688105402 44.6900783493 45.0481520185 44.7445964695 45.0087482117 44.562991243 45.0088111399 45.0518600113 44.8118637849 44.8453409624 44.9643946146 44.5901114482 44.8185041189 44.5289501016 44.6948048769 45.0522545697 88.4254781044 45.1906235349 45.0462914386 58.4204583581 55.8224617637 68.1966551001 45.1395310847 45.0800805432 44.5190547185 82.0648035733 44.6654000707 45.1183883029 45.1446332592 44.6981193539 44.8846123018 44.7287449338 44.7335009062 44.9391898477 44.5928354692 44.8918488798 45.0896313965 44.8415295726 44.6921641753 45.1098723275 45.0458741814 44.8317702436 45.1749461082 44.8452657933 44.9900835268 68.2127262672 68.2127262672 45.0130923209 44.9212339581 44.999286722 45.1586385292
45.0917357293 44.9230619383 45.1577264164 44.7252787509 44.6562187744 44.9782487337 44.6369160404 44.9681974837 44.6248776275 45.2021216189 44.8601359373 44.585738385 45.2025120026 44.9085708543 44.5372595841 44.5822364667 44.694745288 44.567689568 44.745077851 44.748301274 58.4204583581 44.725696706 44.9118783684 44.9129690238 44.9064916976 45.1863573755 45.1722485913 44.9751223623 44.7126154152 44.7276349864 44.8126964052 44.6828110907 44.9158619477 44.9252297964 44.5370992475 44.5296998637 44.5106008908 45.0064810513 44.5903386871 45.0946801753 44.9691015584 44.9171226101 45.0899125585 45.1928126414 44.9996283006 44.5362791838 44.851032342 68.2127262672 68.2127262672 56.9028497982 68.0098638841 74.4480378701 44.8260459815
45.0350839979 44.6198656288 44.575088233 44.9520250924 44.8432693779 45.2001402462 45.0261195213 44.6791635656 44.5484273777 45.1071393046 45.0766326754 44.6017120619 45.1756481752 44.550928894 44.5274476035 44.8513040653 44.8903461783 45.0601510449 44.531664545 88.4254781044 44.8901426267 44.6708783585 45.1196957231 45.1465884653 44.8431511028 45.138740343 44.9154715911 44.7031141161 44.6673110078 44.8030262129 44.8416571583 44.737439992 45.0190540335 45.1798623431 44.7615330534 45.1617245422 44.7376459246 44.5958225127 44.5502692752 45.1305007723 44.6255615406 44.8317732645 44.8010413456 44.5828639278 44.5013779676 45.084366323 44.580123347 56.9028497982 44.7426037508 68.0098638841 74.4480378701 44.6263314951 66.2404290594
76.839626324 45.0522241667 44.5631207362 45.0029249598 45.1193266988 44.8976879763 44.6389107569 44.8141472944 44.5892818999 44.7378959024 44.9111510397 44.5693803879 67.3289324028 67.3289324028 44.7127470462 45.0614615264 44.7404053978 44.9093638937 44.8740969332 44.5544196316 44.5967582616 44.9234756155 45.1476499746 45.0067774192 45.0465939182 45.1587725329 44.818591523 44.9176408158 44.5565579966 45.0223392213 44.5523488401 44.6487435187 45.1232070515 45.1031218165 44.8747821215 44.519197293 44.9213296193 44.5873927331 44.9713113594 45.1964393003 44.6736201387 44.9188954585 44.7873461265 44.7540405984 45.1368950509 44.5097514711 44.7541478901 44.8236011507 44.7226097915 68.0098638841 44.6674758446 66.2404290594 66.2404290594
76.839626324 45.0134909178 44.5826899786 53.0315517829 53.0315517829 44.679320199 70.1379664858 44.6934426361 44.7533907053 44.605531589 44.6774138057 95.6046928096 95.6046928096 67.3289324028 67.3289324028 45.1081332884 44.5914491815 44.9374364006 44.6649816187 44.7348414476 44.5626107873 44.5445147525 45.0042179455 45.0221609504 44.8257493693 45.0003662823 44.8068174106 44.870997956 45.1595551314 45.0662959014 44.9301979168 45.1135391348 44.7494218887 45.1187135076 44.9009583111 44.8545545768 44.9239299783 45.1677319236 45.0150192083 44.887237117 44.6409238738 44.9064533245 44.6194673531 44.8950530534 44.6429226467 45.1299117022 44.5480482707 44.912026481 44.6774130591 45.1103835434 44.6352514155 66.2404290594 44.8875988075
44.8923394879 45.1652253321 45.1550925594 53.0315517829 53.0315517829 70.1379664858 70.1379664858 44.5044268012 44.5936821382 44.9207249322 44.663933681 95.6046928096 95.6046928096 67.3289324028 44.9864513389 44.5441007926 44.5283779258 44.8859696392 44.5946872926 45.0742678988 45.0557094893 79.6030669444 79.6030669444 44.7274713968 44.5391282161 44.6680874431 45.2009086327 45.0680207136 44.6228407449 45.0953251881 44.8850613073 45.1925881323 44.5613495892 44.6233639906 44.5394203927 44.8579351536 44.7272579793 44.7715409764 45.1740977216 44.7529175905 45.0503957329 44.6526967294 44.5612602208 45.0561643297 44.7577476242 45.025047799 44.5172091478 45.096242734 45.125607147 45.0430332532 45.0406095184 44.5896679686 44.5097691963
44.6256151793 45.0271649537 44.6554167815 45.1148046263 44.6265341187 45.0697702682 70.1379664858 45.0811650493 44.8501837114 44.7469827264 44.8849172638 44.9669486422 45.1444330064 44.9617031416 45.1297152109 44.6528325351 44.6088793379 44.6856025073 44.718752266 44.7570660104 79.6030669444 44.7031072214 44.8790974144 44.9013534514 44.8303289588 44.8038857864 44.5914991568 45.0831964002 44.9806067188 44.608795142 45.1701119829 44.7702898318 44.8858904575 45.0798033714 44.6694233789 45.1266853362 44.9356139115 44.5290889218 45.1499726433 44.6135240378 44.8299378617 44.971636579 44.7946202715 45.116172164 44.7706220494 44.8142786955 44.5677136975 44.8232991771 44.7531232657 45.1384975161 44.6116389291 44.9563048756 44.9294337371
44.576898981 45.1173983306 44.7018443081 44.945918945 44.6992733973 44.5670018011 44.7751675698 45.1364576585 44.6928112452 44.8621522637 44.7539111965 45.1472844087 45.0807669738 44.5523706109 45.2011046074 45.0762570556 45.1990258675 44.9850370287 45.1652213375 45.1824592304 44.655983131 89.7964284981 89.7964284981 44.8389357045 44.8686964603 44.8722903427 44.8495126402 45.1976352912 44.7931543343 44.6754753795 45.1740238724 44.9618607831 44.7258848786 44.7598001753 45.1240255473 44.6253867431 44.611342378 44.8361482194 44.5386007167 44.6073127254 44.9490667628 45.0790138451 45.0830012218 44.6513151342 44.5715644202 44.9626171029 45.0413233683 45.1014072008 44.6564173623 44.9919404058 44.5338579803 45.0643516875 44.8794526472
44.8834508865 44.9835724334 45.0162929649 44.5141093248 44.8571394653 44.703435714 44.5730222313 44.8806018993 45.0768430005 44.5825812832 44.53014456 44.6143471875 44.9539696351 44.7537357053 45.1504502815 44.7571318852 44.5651370745 45.1497687204 44.9462132498 44.7539449223 89.7964284981 89.7868166163 89.7868166163 44.872633591 45.0788497405 45.1698580345 44.5502369653 44.9287907026 44.6324337281 44.8337394534 45.1888367621 44.5195605512 45.0119861741 45.1247041176 44.5830909356 44.9238719075 45.1719930929 45.1099441634 44.9918971137 44.9413506745 45.1578283593 45.0409741696 44.5065214061 44.7135753023 44.5473150112 44.5962492334 45.1892349655 45.1283439505 44.9286713786 45.0686080562 45.0444606684 44.524228761 44.6622083764
44.6828282472 45.129398208 44.9423633735 44.6828865849 45.1381712526 44.8751331782 44.9719266947 45.0462945878 44.8393269207 44.7570760405 44.8429287375 45.1439042004 44.8551559186 44.9518373823 44.6808271475 44.7504110023 44.6685839497 44.6844522565 44.8490253482 45.161189213 44.5282187102 89.7868166163 89.7868166163 44.9093653451 44.5740307317 45.1232190789 44.5002616094 44.5019255208 44.8681485944 44.7702799046 44.507663831 44.6762419996 44.6631450355 44.7982584937 45.1498082595 44.6441393851 45.0333708364 45.0071898941 44.5989123733 44.8198769965 45.1568487968 44.9810290332 44.8938755675 44.9371175409 44.6001084029 44.6620672049 45.1657521479 45.1307237976 44.7574680177 44.7420314293 44.8097247578 44.9420113152 44.691398375
45.0442662059 44.9532035417 44.8393971014 44.5655147603 44.8208756079 44.5085706032 44.7227887121 44.6252876073 44.5308389458 44.5357420585 45.0969051375 44.5053970847 44.839125106 44.6666296435 45.1057902096 44.9063857725 44.9526402579 44.8255915973 44.6007085776 44.9177591174 44.5176239355 44.8891194075 44.5642348293 44.5679038294 45.0248237504 45.1182674207 44.5692033915 44.9033905241 45.0567759927 45.1613625247 44.6456018578 45.1169555502 44.6195572363 44.6049849108 44.8793532259 45.0725804072 44.6122910093 44.8553607189 44.8311136897 44.7236301981 44.9317774054 45.1408919926 44.6397774347 44.8334213836 44.9419400085 45.1166612303 44.5955060528 44.7838547636 44.5698197204 44.9284842821 45.0479308408 45.111746656 45.158313791
44.8507675392 44.6095594493 44.6483312193 44.9250967523 44.8588433718 44.7458526875 44.9733805242 44.593210317 45.1290330368 44.8838954613 44.6030178928 44.5476018069 44.5791862169 44.8611811917 44.9794290117 45.0257619139 45.0012173724 44.8973977933 44.7075929235 44.5386271876 44.8062431262 45.0611982815 44.9252588952 45.1838850089 45.1192599925 45.0929786638 44.9830726853 44.7184974855 44.7687025557 44.8856613054 45.106923712 44.6114256934 44.590492962 44.906325858 44.9662665286 45.0799127304 44.9344199445 44.9040689453 44.7281755195 44.652785713 44.9397595059 44.7326065474 44.7979810778 44.8748021239 44.7704008505 44.6357118869 44.9153684296 44.6962223757 45.1242429705 44.599586149 44.7087677166 45.1213744203 44.8782273966
44.9629230645 45.0241471777 44.6991173101 44.77622896 44.9244161935 44.8121767647 44.6335773097 45.1027560881 45.0501195041 67.9120840539 44.9556220938 45.1457025479 44.6969929793 44.7193098648 44.7683144816 44.675528672 44.5157992419 44.8141915473 45.0622737664 44.7422760843 44.5306702161 45.0122062762 44.5253704951 44.7888215198 44.9369655109 44.7439679318 44.8981117404 45.1475850308 45.1465731083 45.0582501997 44.6720602497 44.9035653292 45.0147718209 44.6122067787 44.5213371176 44.8987148631 44.9956584719 45.0656606378 44.8854322351 44.7927615146 44.6196648786 44.6919143446 44.6712810201 44.8263165776 45.1140629365 44.7816521507 45.1897447776 45.0013468407 44.6774851798 45.1705245332 44.7146299865 44.9004514657 44.8554484458
45.0400711115 44.9466148129 45.108246556 45.0298850451 45.0974012887 45.1320636618 45.000975477 44.7091852545 67.9120840539 67.9120840539 67.9120840539 44.9887393643 44.6293122751 44.7538347314 44.6073666819 45.1228626807 44.9554745639 44.5828210969 44.7095868049 45.0300751613 44.9463759704 44.7568721313 44.7867516299 44.6513031163 45.1083906774 44.8691338473 45.107096306 44.8520649429 44.910735962 44.5718010904 44.6637843096 45.1479016513 45.1081699131 44.5553486178 57.611351622 57.611351622 57.611351622 57.5631866861 44.9343463016 44.9813907278 44.8132429323 45.16340973 44.6212597664 44.76861793 44.5649564742 45.20620093 45.1499427504 45.0275238844 44.873079207 44.8807290187 44.6762206292 45.1974448564 45.0539771746
45.0639257588 45.1902078073 44.5036813772 44.5050575795 44.7808489529 44.9601756893 44.7411518167 44.6130293878 44.6746850138 67.9120840539 44.7504471846 45.0096468835 44.7864974091 44.8548359477 45.0579510437 44.8538048245 44.8153474132 44.8370666167 44.5077107081 45.0797974368 45.00460742 45.0395228575 45.1236160553 45.0911099973 44.9663578565 44.6222231749 44.9560425294 45.1604278966 44.7457935261 45.1839383824 44.7588537989 45.0070880469 44.9193730059 44.8751481618 44.9003653985 57.611351622 57.611351622 44.6467824441 45.0132863527 44.5701127701 44.7350369014 44.9496560031 44.6615476629 45.1522457674 44.6023443853 45.1349884071 45.1501531665 44.9772123933 44.7159836987 45.0730167366 44.6892969066 44.6272602381 45.0222092403
45.0043759305 45.0644082941 45.1213704859 45.0351039387 44.5945672119 45.0360550877 44.5198115506 45.0986784843 55.4300144829 55.4300144829 45.1789074123 45.1606435407 44.5015417221 44.6845403874 44.5458362688 44.503082511 45.1083102091 44.910552393 44.6383194189 44.8376416721 45.0079555738 44.7957794034 44.5213963691 44.8243373118 45.1209154328 44.7035003586 44.5124189535 45.2034593058 44.7458439714 45.1571282635 44.684965222 44.9823492668 44.5675833682 45.0610812307 44.8616557517 64.5560625989 64.7923993081 44.6059063382 44.9454970302 44.8956488122 45.0429276789 45.1800203101 44.5910141947 44.8613728535 45.163068323 44.7698972382 44.5848569951 45.037666427 44.5337940566 44.6393004189 44.7346993644 44.6333072444 45.0127648328
44.6639541085 44.7203412316 44.5235396802 44.6640568937 44.888910537 44.55340393 44.9142492628 44.5785420887 55.6622100724 55.4300144829 44.5669788749 44.9729183237 44.9977763499 45.128566776 45.0986054499 44.8731860777 44.5633948899 45.0580571635 44.9660546282 44.948773329 44.9284118263 44.5946268446 44.6512084794 45.0378833583 44.7225290765 44.9338542527 44.5662055984 45.0745843323 44.6755590404 44.7695858642 44.6362039303 44.8678226447 45.1415481741 44.9387502198 44.9249265597 64.7923993081 63.2556244929 63.2556244929 44.6079625391 44.8691366135 44.7304812392 44.6381775844 44.8267610697 44.7028515707 44.8204682362 45.1756000462 45.0179196443 44.6359274812 44.7137738293 45.0971348512 44.6460464373 44.7572087534 44.59270619
44.8701333519 44.8941052795 44.877810522 44.7817604547 44.9036576666 45.0445789762 44.5188731121 44.6728726469 45.1110568903 55.6622100724 45.0467756783 45.0966169548 44.5760650652 44.6130492168 44.9304721883 45.1970918822 45.1426155259 44.5971648205 44.8485582576 44.6362905988 45.1889795052 45.0528060159 45.051772475 44.5977497952 44.6737137793 44.593564813 44.6465200122 45.1478972063 58.0713445405 58.0713445405 44.8793882266 44.5689066389 58.2611178822 44.6489193038 45.0375297121 63.2556244929 63.2556244929 63.2556244929 44.592720756 44.6388278103 44.8735651091 44.6698224407 44.6928602551 45.1770127707 45.1578462524 45.1944689053 44.9804475186 44.5742112946 44.6934386759 44.8562015238 44.6724344864 44.9050936187 45.1980276468
44.5868724472 44.5084614393 44.9890017554 45.2042000457 44.848045592 44.6894978241 44.7194595178 44.8909794703 44.8854487123 44.8033216943 45.0055393693 44.8373441992 44.5517919022 45.1408613768 44.7384597584 44.9369833491 44.8290648251 44.567745371 44.864474425 44.5097289405 44.7546462371 44.925839246 44.6820156932 44.713996984 44.6566778222 44.8600373587 44.7873780532 45.2000955091 58.0713445405 58.0713445405 44.6325450516 44.6967767048 58.2611178822 45.0040121955 44.9893568552 44.9976389147 65.7927122245 44.8360850006 52.4579043755 44.9431667335 44.7657942249 44.7947630652 44.9270018457 45.1118442444 45.042775276 44.8019273839 45.1631559087 44.896491526 44.627978109 44.969477162 45.1570396491 44.6525949194 44.927841961
44.5574064973 44.588700006 45.1288983944 44.5858686515 44.7400458822 44.7504666935 44.6283523096 44.7690336463 45.1350093677 45.1258357198 44.997493103 45.0976326083 45.083825146 45.1627399211 45.1316081025 44.7877274227 44.7976186832 44.7641200743 44.514856519 45.0742069301 44.5520511465 45.1066983069 44.5973904153 45.0404404411 44.8440888399 44.8498487446 44.745693668 44.7781105895 44.7531391953 44.6367515722 44.6174793096 44.5033213084 44.7403249917 45.0433096628 45.1880985665 44.7077957211 44.9663500904 44.656171111 44.9046417984 44.7916354762 44.8835480375 44.7388139075 44.9982630516 44.673320895 44.7028833117 44.6748984215 44.8971029264 44.6801816278 44.5373161478 44.8087610432 44.7953500076 45.0872829496 44.6595091982
44.8204015129 44.7446660024 44.9868986762 44.9064566868 44.9006146479 45.0103984582 44.8241775574 45.0107680367 45.1896527195 44.7634872941 44.9054243552 45.0288099596 44.5705034652 45.193432486 44.5636032193 45.1276207429 45.1320164336 44.5358224218 45.0479827969 45.128220684 44.8563678903 44.9276036016 45.1028418838 61.6669793297 44.9563138396 44.6969538907 44.9407194961 44.9079234449 44.8780018615 44.6772083637 44.7825756552 44.9496866585 44.8823933735 44.6416474303 45.0308270143 44.9222129575 44.7954917692 44.6699192671 44.612540646 45.0559660893 44.9959745697 44.8769872735 44.5882094013 44.7771321989 44.7206805032 44.7376212392 44.5903971592 45.2047263108 44.9832097767 45.0878453566 44.7479660556 45.0036297555 44.7077649366
