Spatial Output/patch_out_check_00047.asc
NCOLS 155
NROWS 192
XLLCORNER 196769.923733
YLLCORNER 449719.875193
CELLSIZE 27.603701
NODATA_VALUE NaN
[rows 161 to 183 of 192, columns 53 to 105 of 155]
45.5712349693 46.1459916156 45.080482357 46.1371108735 45.6154541988 45.2012889208 45.5923999862 45.4978283551 45.1697108179 33.563353294 33.563353294 45.8913789543 45.3042403682 46.2464658384 45.0384876308 45.3396610734 45.8057828532 45.0020995771 46.2962910322 45.8467637185 45.4653791217 46.3596866844 46.1996287141 45.8515141932 45.2252621858 45.5568917094 46.0476713171 45.3174963469 45.607006152 45.4770457759 45.8118806611 45.4017546131 45.1471022211 45.9326393867 46.1459347536 45.774381438 45.1518646799 45.3624105523 45.1174060757 45.7458448161 45.7580990975 45.2622401633 45.4822069398 65.4052105093 65.4052105093 45.6086316399 45.3590560592 45.8188574452 45.2689988227 45.1975309781 45.5648138617 46.07833194 45.67471535
46.0150071778 45.4854753096 45.1726811383 45.5993795402 45.4478849526 45.1362192795 45.6824867839 45.4821137948 46.2417215641 45.0591165952 45.3679665893 33.5144127316 45.5318799212 45.7914817289 45.1822928766 45.3394513231 45.1682873349 45.2665456121 45.6248894899 45.5872846701 45.4406655199 45.429125561 45.9398748619 45.5951457247 45.896349273 45.6837266131 45.6478334692 45.1574880856 45.9966597442 46.2392846388 45.6293945669 45.412203076 45.543995025 45.1353079318 45.5717395684 45.5356537762 45.6433294236 46.1407818577 45.6958850176 46.2563207755 45.174525435 46.0423639911 45.3176516941 65.4052105093 65.4052105093 73.1173951502 45.7220011415 46.3987191107 46.0607697341 45.0489563413 46.3529322349 45.9494202409 46.0625197129
0 45.9629241647 45.9822968631 46.2222557181 46.2200213795 45.0000164806 45.0158067579 46.2577455495 33.1400862581 33.1400862581 33.1400862581 33.1400862581 45.0722590795 45.9516795335 46.0527797137 46.0613766959 46.3716544138 45.6562272443 45.3762425331 45.3917261494 45.4411095005 45.3138959 45.1901686403 46.3312079785 45.3336484356 46.2138468311 45.7758472437 46.2675805119 45.4542193815 46.1336920441 45.2240870515 45.0790096503 45.7808569449 45.7127503075 45.3810374963 45.1440970945 46.2608603594 45.7105821352 45.3994566472 45.4962208531 45.1287115635 46.0881946833 45.4094162613 73.1173951502 73.1173951502 73.1173951502 45.9297163536 45.8648358134 45.0809076299 46.201755245 45.8475314189 45.956713357 46.2030980682
0 0 0 45.7157577017 45.1701351428 46.2371686443 46.0360537807 46.0789717905 45.6028399065 33.1400862581 33.1400862581 45.9583871396 45.1547960768 45.1616841141 46.1559286956 45.5485106062 46.0455758675 45.1284287992 46.33516628 45.5313856632 45.8502217805 45.8597054815 45.8244577084 45.3082131977 45.0147298612 45.8826110187 45.0855673107 45.2470120117 45.482130286 46.2432251904 45.2056641731 45.3972648382 45.1970087325 45.9456971135 45.4023218829 45.0330236794 45.6120132329 45.2332809344 45.3806412457 45.0588414544 46.135518246 46.2182486377 45.3474349055 72.9475722761 45.6070460576 70.6566989685 70.6566989685 46.3487679693 45.5194058085 45.6398399148 45.9307566398 45.3504079769 45.6361300315
0 0 0 0 0 0 46.4079396574 46.2476697826 46.2574609897 45.9098395725 45.4125830236 46.0820812301 45.1683428562 45.0483677869 45.7759583919 45.8713364278 45.8409734575 45.2756073546 46.178701173 45.097936215 46.2302978154 46.1954868735 45.7054814114 45.5645173918 46.331340432 46.3560428128 46.2984538474 45.3162590238 45.5078075603 45.1453836075 45.0260923994 45.5939031748 46.0798100858 45.2754264251 46.2761775622 45.0621197969 46.1247965103 45.2975400626 46.1006423415 45.9344899974 45.5999015088 45.1118481054 45.562815508 46.4072344377 70.6566989685 70.6566989685 70.6566989685 46.2636429259 45.5742698184 46.0283074932 46.0136176779 45.8325276251 45.003503598
0 0 0 0 0 0 0 0 0 33.6004801916 45.2943070443 45.8995738682 46.2818355288 46.2840666532 45.0646323995 45.7870331072 46.0350299657 0 45.2252131018 46.2220476411 45.188551889 45.2951194743 45.23552776 45.3159997598 45.5185779841 45.5289765328 45.287635036 45.5157601091 45.2167808263 46.133295377 45.0362668004 45.0315295477 45.6978958098 45.9768470882 46.321560253 45.6768203343 45.0721290577 46.1519478937 45.3983012944 45.2854843571 46.1662400706 46.0207363652 45.587166966 45.4771492724 45.4563032078 79.4020713229 79.4020713229 79.4020713229 45.0579921514 46.1174743918 45.5927920404 46.0300336078 46.1972767046
0 0 0 0 0 0 0 0 0 33.4586524659 33.4586524659 46.2145281174 45.2163179487 46.2312112274 45.4622203645 45.3216384277 0 0 0 46.2207526064 45.492777024 46.0901692579 46.0399277983 45.1911715833 45.364450737 46.339529321 45.9379688017 46.1931368483 45.6257437048 45.4354392075 45.2599566387 45.0537589574 45.0851011397 45.2301189027 45.212999037 45.2987592542 45.0805414581 45.6682076378 45.3343441578 45.1329261774 45.2483228339 45.2264619375 46.3899529591 45.1902912334 45.360324135 46.0196378114 79.4020713229 53.1107140386 46.0356155224 46.1002371515 45.7235941498 45.3378987304 45.8304464674
0 0 0 0 0 0 0 0 0 0 0 0 0 0 0 0 0 0 0 0 45.7973981776 45.8270719465 45.866493734 45.6248129158 46.034550328 45.364071211 45.2485407625 45.4073329911 45.4602065748 45.569725947 46.0416765937 45.2408562822 45.9212133183 45.1309233601 45.7103480139 45.3689927005 46.002941147 45.3154893516 46.0765031311 45.4706374768 45.5938208801 45.2425717353 45.5424973987 45.4047721846 45.1067260842 73.0073889607 71.8111356319 71.8111356319 71.8111356319 45.0012335687 45.1296673821 45.1074708001 45.2091986922
0 0 0 0 0 0 0 0 0 0 0 0 54.1305314388 59.6462473647 54.3505509533 0 0 0 0 0 46.3472401547 45.8416700443 45.8114052482 45.7020419007 46.3702657785 46.2340096511 46.005425167 45.9901380874 46.0416020738 46.0689309876 45.3986478395 46.2887185734 45.1733932161 46.266163679 45.5296997517 45.2686240142 45.8292923387 46.2075955856 45.4695697504 46.1095161543 46.4111385474 45.113389543 46.0402639739 46.2916373261 46.3211972487 46.2351173623 71.8111356319 71.8111356319 54.3822278336 80.9702032881 45.1341110346 45.4994145645 45.0079338505
0 0 0 0 0 0 0 0 0 0 0 0 65.1104800239 56.0158718703 56.6726614507 0 0 0 0 0 0 45.6439303436 46.2938158316 45.4821526099 45.4478415451 45.4022054633 45.8246478641 45.9339860318 45.874228054 45.6949752037 46.0249223075 45.833397154 45.5575971841 45.3843547812 45.6877415623 45.176661493 46.0658822301 45.361994478 46.4038041589 45.7091110262 45.8008715935 45.1503281715 45.2544057434 45.2682868469 45.4595237731 45.7219140393 45.5872246576 54.3822278336 54.3822278336 45.679072662 46.0900244661 45.024570875 45.4348564322
0 0 0 0 0 0 0 0 0 0 0 0 55.0274803179 54.8502025401 64.8368791277 0 0 0 0 0 0 0 46.2478348642 45.7434431363 45.5810798058 45.2339852677 45.0984058128 45.7156041191 46.2853809515 45.2565942067 46.3907233241 45.1700239652 45.396191422 45.3231558438 45.9102331624 45.0760760058 45.1245092293 46.1930480195 46.2513081996 45.0900724617 45.5979034258 45.7623155541 45.029444226 45.5939168202 45.9848218822 45.1349855409 46.2364342248 33.5485099068 71.0271722342 71.0271722342 33.0543255852 46.1897006218 45.7932190711
0 0 0 0 0 0 0 0 0 0 0 0 0 0 0 0 0 0 0 0 0 0 0 46.0406984814 45.7955663987 45.060707216 45.1645357903 45.3812088059 46.030118966 46.3196967759 45.3496592575 45.7665382065 45.5552622225 45.6639305951 45.0867612929 46.2526720591 45.5464558231 45.0569314708 45.8416590772 46.3886763012 45.3578044995 46.2614021466 45.9959304014 46.3832684896 45.0919870363 45.8098128672 46.3843894622 71.0271722342 71.0271722342 71.0271722342 58.5485968375 45.1571855823 46.0605414359
0 0 0 0 0 0 0 0 0 0 0 0 0 0 0 0 0 0 0 0 0 0 0 0 45.7242993127 46.1264952265 45.1198059359 45.3663367182 45.9200308523 46.3701165011 45.3941976626 45.9599795383 46.0298798354 45.333417711 45.0149255966 46.06760765 46.4097523984 46.1522201369 45.7265868503 45.9617612717 45.029791644 45.4963660719 45.6243656882 45.6013423813 45.9431165654 45.8452886298 45.7631322832 46.1451862915 58.5485968375 33.4770066445 33.4770066445 45.3502961993 45.4224000591
0 0 0 0 0 0 0 0 0 0 0 0 0 0 0 0 0 0 0 0 0 0 0 0 0 0 0 0 0 0 45.0880375365 45.9610118515 45.3290422018 46.0277090256 45.3018370995 45.2758904648 45.6109472369 45.0866907277 45.1089952672 45.5864381237 46.000145547 45.8401218993 45.0713595664 45.1504359609 45.4105780689 45.7087011796 45.9377480715 46.3462491067 33.4770066445 33.4770066445 33.4770066445 76.1327137425 45.7077606474
0 0 0 0 0 0 0 0 0 0 0 0 0 0 0 0 0 0 0 0 0 0 0 0 0 0 0 0 0 0 0 0 0 0 45.2170601585 45.2745318494 45.660506759 45.3010684695 46.2584234245 45.470120787 45.318173885 45.7535402886 45.9348950331 45.6886526071 45.5977895271 46.0032822304 46.0043942046 45.2792124 45.1574960156 76.1327137425 76.1327137425 66.4497898319 45.9153134064
0 0 0 0 0 0 0 0 0 0 0 0 0 0 0 0 0 0 0 0 0 0 0 0 0 0 0 0 0 0 0 0 0 0 0 46.2582254048 45.5712058828 45.424350151 45.1893012234 46.1336613523 46.412145979 46.0911746393 46.1926147448 45.8090438033 45.3062488274 46.1578012571 45.3151737061 45.837224035 45.5701712184 46.2957959073 66.4497898319 66.4497898319 58.3047720987
0 0 0 0 0 0 0 0 0 0 0 0 0 0 0 0 0 0 0 0 0 0 0 0 0 0 0 0 0 0 0 0 0 0 0 0 46.2065251221 45.3697896588 45.8472445493 45.1982747242 46.158669617 46.2680746357 45.6935203079 45.3927499166 45.6603245897 46.2013881025 46.3800510562 45.7509277451 45.4434059172 32.8593854 33.6286616738 33.6286616738 33.6286616738
0 0 0 0 0 0 0 0 0 0 0 0 0 0 0 0 0 0 0 0 0 0 0 0 0 0 0 0 0 0 0 0 0 0 0 0 0 45.1257183637 46.0904839271 45.5673558955 45.5556831062 45.7804089052 45.643127855 45.9917269957 45.5873741112 46.0018847198 46.0661975987 45.9377492737 45.6272002073 45.2587843586 33.6286616738 33.6286616738 93.1819223427
0 0 0 0 0 0 0 0 0 0 0 0 0 0 0 0 0 0 0 0 0 0 0 0 0 0 0 0 0 0 0 0 0 0 0 0 0 0 45.5124688703 46.3056481491 46.4119092372 45.9277756756 45.6333791918 45.9075526102 45.6124576292 46.2519082447 45.6094718506 45.9808544881 45.710651874 45.1437696599 33.7389441171 93.1819223427 93.1819223427
0 0 0 0 0 0 0 0 0 0 0 0 0 0 0 0 0 0 0 0 0 0 0 0 0 0 0 0 0 0 0 0 0 0 0 0 0 0 0 45.2166345004 45.5764209113 46.2497994674 45.8209968692 45.777596719 46.1867314848 45.8886087069 46.2805895304 45.4148881655 45.3603808487 45.6076957502 45.3040661021 93.4188045595 93.4188045595
0 0 0 0 0 0 0 0 0 0 0 0 0 0 0 0 0 0 0 0 0 0 0 0 0 0 0 0 0 0 0 0 0 0 0 0 0 0 0 0 45.5679740255 46.2402389811 45.8535314086 45.0655627449 45.5456194189 45.8664433596 45.6086614975 45.4722734832 46.2439737172 45.9105800583 46.1239100293 45.44208973 33.8403906547
0 0 0 0 0 0 0 0 0 0 0 0 0 0 0 0 0 0 0 0 0 0 0 0 0 0 0 0 0 0 0 0 0 0 0 0 0 0 0 0 0 45.6037734824 46.3465329616 45.8541425082 45.8261771227 45.2338008466 46.3707364346 45.8939653887 45.249621502 45.3549912739 46.0187047295 33.8403906547 33.8403906547
0 0 0 0 0 0 0 0 0 0 0 0 0 0 0 0 0 0 0 0 0 0 0 0 0 0 0 0 0 0 0 0 0 0 0 0 0 0 0 0 0 0 46.3164088862 46.2275852127 45.3398520514 45.2539260672 45.5611841476 46.32943687 45.4296694176 46.17636621 45.4171297113 45.3359811108 33.3862433534
