Spatial Output/patch_out_check_00133.asc
NCOLS 155
NROWS 192
XLLCORNER 196769.923733
YLLCORNER 449719.875193
CELLSIZE 27.603701
NODATA_VALUE NaN
[rows 115 to 137 of 192, columns 53 to 105 of 155]
44.915482114 44.8598231289 45.0239263366 44.5998110101 45.0008401308 44.763716484 44.5466406562 44.5553313702 45.0227299045 45.1605449815 44.7996366011 44.5085952716 45.0271408412 44.5908595219 45.0604046166 44.864176403 44.8032241272 44.5108081301 44.6534324754 44.9644822857 44.9865876522 44.5784842321 44.6447613131 59.0942773736 59.0942773736 59.0942773736 64.1371400544 44.8851755265 44.9734121538 44.7430116521 75.3303141635 44.7603839596 44.6923780968 44.7294258471 44.7463622876 44.9266207721 94.2201057473 54.8648920505 75.9876983038 66.6693805567 44.9969807057 76.4166797539 44.5515299707 44.7195513346 44.5900259847 44.5449884166 44.8529052882 44.5663555556 45.1955640529 44.618690894 44.9086271899 44.9879288545 44.5266694246
45.0632390455 45.154239306 45.1567679087 45.0894987185 45.1000571932 44.9019591896 44.501876769 44.7581337859 44.5676919487 44.6080063441 44.7117241226 44.535974163 44.6023899432 45.0678473496 44.8099091458 44.8305199896 44.7210659016 44.6640538159 44.784810674 44.5029040834 44.6123090425 45.0276460676 44.6088840048 79.3978962082 83.8076612678 44.6555761488 45.0115494436 44.6838829872 44.6819896683 44.9187892316 45.1185217296 44.8330872079 44.5610730057 44.8347454854 44.6938117994 44.6568880254 45.1762028515 44.940255831 44.5743266917 45.0057095072 44.9768002081 44.8319722433 44.9363015459 44.8070532577 44.8131438128 44.5750397985 45.1920408884 44.7826892402 44.957427626 44.8314901279 44.5678376257 44.5966762215 45.0737785637
44.7427758686 45.032825387 44.8575760834 44.6467520295 44.5693196441 45.0626190502 44.7103685003 44.8993071006 44.761162257 44.6364553829 44.6717702232 44.8766619032 44.5968397756 44.9874156961 45.1975222866 44.7334112867 45.0555386204 44.9955326531 45.1158378536 44.7010896497 44.8868709166 44.8760294673 44.8254213834 83.8076612678 83.8076612678 83.8076612678 44.9688647409 44.9501179765 44.9680658227 44.8870685643 45.0439292788 67.7271495691 45.0211229007 44.680400482 44.6013031618 44.6328009997 44.9277793699 44.7791108269 44.9058818446 44.5690732943 66.7146140518 66.7146140518 44.8139174075 44.9641199436 44.6624262003 45.0242141255 44.699718628 44.8318028603 44.665663418 44.5151631361 44.8099526506 44.8009571279 44.5381885669
44.7259144287 44.5362388136 44.51937295 44.981286842 44.9910051831 44.8916026404 44.6927278334 44.5119608963 45.0285925891 44.5476941899 45.0395761798 44.5488081291 44.5538883894 44.7342816827 45.1245740727 44.7344688841 44.673247853 44.7797061504 45.059530192 44.8407488335 45.0885664846 44.5420407041 44.6407420481 65.9066971443 83.8076612678 65.9066971443 44.6635141253 44.7019458719 44.889026243 44.8574344317 67.7271495691 67.7271495691 67.7271495691 44.9722245366 44.9546654562 44.5720595714 44.7509202433 44.6708237632 45.1103615127 66.7146140518 66.7146140518 66.7146140518 44.9236328079 44.6388698554 45.1034612457 45.0949195448 44.5200149494 44.871363691 45.0045112963 44.7417359037 44.7122809466 45.1617544074 45.1148426521
44.7611075564 45.0828568974 45.1853631819 44.7110999854 44.5600823528 44.9000581557 44.830040222 44.8202854558 44.959952627 44.7852375469 45.1829012281 44.5770719174 44.679977332 44.7772489855 45.0840585245 44.7180008385 44.6431479863 44.8582445979 44.6899168057 45.0928124153 45.1765203325 44.7175195498 45.2035034086 45.0168606371 44.651147745 59.1604694659 44.5295564899 45.1917541917 44.847230553 67.9228519128 67.9228519128 67.7271495691 44.5279750948 56.0777698578 44.5998980005 44.8256997862 44.5824939918 45.0197304433 44.8540558165 44.9416104852 44.8212523799 44.7771878997 45.1451997351 44.8269192519 44.5211300648 44.9617818241 44.5361332421 44.9082827512 45.1925525704 45.1386935985 45.066749143 45.0577305936 44.8539420166
44.7416907417 44.7973453294 44.7042805391 45.0611372611 44.6577587493 44.6586458675 44.8721990535 44.9525568178 45.1991736861 44.8302926579 44.8908819059 44.8944997056 44.7808467373 44.8171274434 45.0098230865 45.0164959392 45.1777808631 44.8974869679 45.1374228098 45.0211351299 45.101385669 44.8050847232 44.7039243493 72.3631286036 72.3631286036 44.8556056184 44.8825512492 44.5162083497 45.1827730445 67.9228519128 67.9228519128 83.7147247612 83.7147247612 56.0777698578 56.0777698578 56.0817466213 56.0817466213 44.5630172268 44.9301101625 44.8418479488 69.5346861048 69.5346861048 69.5346861048 44.5241484302 44.5402660675 45.1369732906 45.014781787 44.6501569276 45.1273424143 44.5493059141 44.538220863 44.8109010745 45.1028270979
44.8450160917 44.9560675884 44.6428530716 45.1367800476 44.8683527612 45.1147088661 44.931261561 44.8323613 44.6053956279 45.0274244186 44.8621101308 44.6859092115 45.1654367282 44.6972226374 45.1393552202 44.6807244155 44.9151898651 44.7451107453 45.2010832703 45.1740942454 44.6034169527 45.1186177627 45.1402384251 72.3631286036 72.3631286036 72.3631286036 45.0351648671 44.9294684206 44.9394545165 67.9228519128 60.6107748845 83.7147247612 56.0777698578 56.0777698578 44.9420615587 56.0817466213 56.0817466213 45.1570804765 45.1952242993 44.9310005813 69.5346861048 69.5346861048 44.6621432947 44.5252191206 44.957597748 45.1464884204 44.9195469872 44.6023156676 56.1216224125 63.2173368364 44.5745961971 65.105720702 44.8370419034
44.8482229844 44.8795873239 44.5661417439 44.898038059 44.8810379277 44.9454010202 45.1790649883 70.4146646896 44.930311729 44.8344910327 44.6748404252 44.9487184723 45.1565398532 44.5934178664 44.7987477926 44.9335136574 44.9135920056 45.1004840961 44.6280992094 44.9480163653 44.806869385 44.661128225 44.7810377467 44.5077794091 64.4650704301 64.4650704301 64.4650704301 45.1483589249 45.149040488 45.1717743358 44.8285185764 44.5910891749 44.5266021665 44.5829263273 45.0936590362 56.0817466213 44.5545876365 44.5045281327 45.129554978 45.171727535 70.4653027324 70.4653027324 70.4653027324 44.6166216327 44.7648627105 45.0039398566 45.0073971355 44.5815905858 56.1216224125 56.1216224125 45.1072064112 44.760647147 44.6967335494
45.0046817282 44.7246744156 45.0596046653 44.6378239052 44.9586315093 44.9277529435 70.4146646896 70.4146646896 44.5253429865 44.8282198446 44.7237200497 45.1527087716 44.6926651101 44.5202412057 44.5065221728 44.5526458316 44.5500229044 44.9674784423 45.1923115255 44.8192930229 44.6307860919 44.5732070147 45.0719811754 44.9419816869 64.4650704301 64.4650704301 45.0100611056 45.1978269091 44.6437617898 44.9884259246 44.7367684512 45.1743329962 44.5223033443 45.1197574803 45.0408899365 44.935162476 45.1943960556 44.671350927 44.9296857477 44.7571018272 70.4653027324 70.4653027324 44.8836449521 44.9076326079 45.1844049377 44.6774637193 44.8625928313 45.1201557326 56.1216224125 56.1216224125 44.7740647846 44.6420642086 44.6489258748
44.7701687581 44.775054132 44.9255777887 45.0146790619 44.5019576681 45.1517814411 44.5164172561 44.5000194146 44.5606420174 44.8475539918 44.9311512697 45.0437340582 44.9713433934 44.923991044 44.7910858494 44.5827634956 44.5926496934 44.8006443116 44.9186310659 44.9233204231 45.0906987842 45.1517762778 45.0265237475 44.8580467865 44.7466897646 45.0472147292 45.1774606797 44.9454415019 44.6747419073 45.141048967 44.7943839056 44.6828790819 44.8989492154 44.6626889285 45.0703855642 44.7468568016 44.9584757806 44.5365331578 44.7590334461 44.830857704 44.532832365 70.4653027324 45.0585296482 44.8681686927 44.5396068561 45.0791712621 45.0938243023 44.7355791747 45.0781231743 45.1101267359 44.5851183171 45.0451712183 44.7178491977
44.9688684865 44.6928650289 44.6453926201 45.1385027698 45.1729138089 44.8757433695 44.5218021021 45.1548978815 44.7450446012 44.5122617504 44.6701675544 44.6349290314 45.0350286817 44.5600809364 45.0795741039 44.574552283 44.9155575029 44.9158945462 44.9467146155 44.7443923345 44.5160102774 44.9162323271 45.1473927538 45.1162360478 45.142081516 44.754078429 44.5156195911 72.6211937977 44.5177043061 45.171699036 44.928535432 44.6883542405 44.9179924433 45.0273276452 44.9802986262 45.1522033505 44.5662276971 45.187792793 45.078630448 44.8784113636 61.9770242738 61.9770242738 61.9770242738 45.0071291325 45.0467445596 44.503892009 44.5283123431 44.8780176951 44.6311182314 44.910282126 45.1686651769 44.869873948 44.5756117397
66.203777392 45.1336937873 45.0544832205 44.8742393891 44.8141807643 44.9861020142 44.6177878409 44.6212065504 45.1710836055 44.9421970161 45.1196210645 44.8955955689 44.5202824086 44.5992322146 44.6903444015 45.1200418147 44.7835774505 45.1470037781 44.5086197389 44.6633988448 44.5025063119 44.9157743729 44.9253293231 44.808560311 44.9227534765 72.6211937977 72.6211937977 72.6211937977 44.6643704478 44.7198019672 44.8903490717 45.0071196544 45.1493296999 44.9785503324 44.7698630133 45.2054290766 44.8970729595 44.5418409724 45.1306792994 44.6787206857 61.9770242738 45.0298654836 44.9736451087 44.8508889962 44.9579862995 45.1264871365 45.1841742866 44.701163883 44.6126565454 44.9256491257 44.5748465322 44.9842255055 44.9549711583
65.2248177814 65.2248177814 44.6393338256 45.1272485792 44.8031431958 44.7835679292 44.7027592652 45.113456703 45.1071135349 44.8644551822 44.867143833 45.029496588 44.5191651276 45.0810532276 44.7252575045 44.9080390141 45.1076004189 44.9614420503 44.9763527541 45.0361104964 44.5104812959 45.0775834851 44.504993187 44.8422828986 44.6259782002 44.5820280026 44.6749157724 72.8554343675 72.8554343675 72.8554343675 45.1027668134 44.5304999077 44.7271828361 44.5257446828 44.767456793 45.1606238131 45.1309466932 44.7111087632 44.5226332126 44.5476950006 44.7832969039 77.3725129467 77.3725129467 44.9531766312 44.7723528086 44.5229877831 44.9550852757 45.1846534358 45.0407480142 44.9946600648 44.6674539933 44.5706708268 44.6971541844
65.2248177814 65.2248177814 44.7488288577 44.6662929536 45.003869368 44.6006938071 45.0402265449 44.5963091935 44.8599313643 44.6862861524 44.698367802 44.5978219772 44.6055350201 44.793643527 44.6772048226 44.6183518414 45.0992804407 44.5531071706 44.8297242357 44.581576536 44.921089202 45.0497213792 44.9340912157 45.1351054373 44.6183198809 45.1081793855 44.89270911 69.7664515825 69.7664515825 69.7664515825 44.7863335948 44.9239660727 44.8804729582 45.1092543041 45.0073401467 44.8628284228 44.9777774746 45.0165364045 45.0045523205 44.5724488775 77.3725129467 77.3725129467 77.3725129467 45.0947550088 44.7552652784 44.6783316217 44.8209336469 44.8252895845 45.1180335053 44.9026314068 45.0631669459 44.9819752335 44.8387235567
44.9037114403 45.0156571711 70.2193694972 70.2193694972 44.6437239296 44.8614031127 44.6236125759 44.7234289833 44.509440853 44.60553962 45.0537181308 44.627438767 44.7756494974 45.0826827509 44.8458314075 44.6260103108 44.7593482153 44.6412307546 44.5661770938 45.0050930069 44.9400418974 44.8021786747 45.1244905866 44.5604004529 44.8824435367 45.0061602578 44.7050223772 69.7664515825 69.7664515825 45.0495276093 44.6040810906 44.6043168332 45.0956600073 44.8328257471 45.1020916006 44.6235402463 44.6564479014 44.6517062427 44.7857394634 45.1757707543 76.9115497507 44.8058871875 44.9403800757 44.7528301705 44.7168973525 44.8035270979 44.9562363472 44.7820510786 45.0589109692 45.1799613414 44.80921902 44.8199547858 44.6180672921
45.1145237351 70.2193694972 45.0511455458 70.2193694972 58.8555883482 44.8617044343 44.7308513254 44.8975513317 44.9622250692 44.6289526326 44.7547416252 45.0362145353 45.0699376033 44.5889764208 44.5816615911 44.9634533715 45.1313322664 45.1550077759 44.6796545677 44.7164190358 45.1669456982 45.0432787504 44.9245024844 44.8082667294 44.9265776579 44.9484821456 44.5963902757 76.7859935483 44.8695251856 76.7859935483 44.9047514808 44.6644557508 44.7369621101 44.9959528086 44.78578164 44.9255079899 45.0857139574 45.1608022916 44.5492756265 44.8948791103 45.0516178188 76.9115497507 44.5004402849 44.5334271879 44.8275821922 44.9983122318 45.1653365745 44.5669597419 44.8214863748 44.8488025436 44.5835820937 44.5575421537 44.8246581582
45.0783465526 44.8284939887 58.2211956508 63.0019204925 65.9206151305 65.9206151305 44.974631861 44.6862441738 44.8480255189 44.9215472278 44.7482102647 45.0889819843 45.0002688842 44.9464365722 44.9970414492 44.5498194886 44.7184437063 45.0197453328 44.8750542654 45.1442026305 45.0009793731 44.95248139 45.0697173383 45.1712897607 45.0426402799 45.0664838977 44.5423590808 68.8471640991 68.8471640991 68.8471640991 45.1001911638 44.9794016899 44.6025590557 44.8052410578 44.7055698709 44.9855852672 44.7032064344 44.8944063493 44.7313861521 45.1660016164 44.5904749264 63.1025317968 63.1025317968 63.1025317968 45.0592437708 44.6392712277 44.7028684726 45.1304528251 44.890800906 45.0271888532 45.1461687292 45.0997828072 44.9030894723
45.0932815122 45.050199912 44.5432931525 65.9206151305 65.9206151305 45.1415546265 45.1034009917 44.5490467732 45.1170327409 44.8141178407 44.771854911 45.1892642063 44.6884131533 44.813859747 44.5785552351 44.9469063755 44.6953289693 45.0444543017 45.0687310844 45.0791439399 45.1723742818 45.0853836399 44.5277140512 45.0595185314 44.9835945799 44.6243208344 44.7630830113 76.9183610848 68.8471640991 76.9183610848 45.046089533 45.0483102064 44.8002102645 44.5924814499 44.9071802556 44.9581595012 44.7569205986 44.5504065162 44.7527377831 44.6273047998 45.0177987544 63.1025317968 63.1025317968 70.5039244752 44.8664611238 45.1293660003 57.0457713241 44.5998518734 44.525728969 45.1186581762 45.1188560096 44.870658827 44.6478150839
58.672362466 58.672362466 76.7113368751 76.7113368751 65.9206151305 45.038515208 44.8683494641 45.0656891997 44.6828049564 44.7262950963 45.1165376848 44.9448682983 44.9543728311 45.0977451965 44.7533751671 44.5418677067 44.8429815661 44.9239564313 44.844563721 45.0489548808 44.9755937452 44.7425954074 44.6080134144 44.7341088248 44.7612298743 61.9704910215 44.6963799009 96.6337220459 68.5676466428 68.5676466428 44.9504524108 80.1933271825 80.1933271825 44.6548943191 44.5234943262 44.8994812009 44.5662161803 44.7757089632 44.6449995751 45.1795465216 45.1211375976 70.5039244752 70.5039244752 63.423886152 57.8701896036 65.0624455848 44.779978591 44.5599180675 44.8047271921 44.7185932766 44.5128920374 44.8005871661 44.9596681396
58.672362466 45.1629137455 45.0302755784 76.7113368751 75.6354318891 75.6354318891 45.1600406426 45.1678830763 44.6663205473 44.6536368944 44.6955449711 45.0132634051 44.9299243297 45.0520897284 44.5245780372 44.6012332144 44.6558003239 90.4284493593 44.7678824401 44.6057356823 44.5098461085 44.873395041 44.8488157223 45.1839311164 44.7540559334 82.1219533578 82.1219533578 81.2807044753 68.5676466428 68.5676466428 80.1933271825 80.1933271825 80.1933271825 44.7271392412 45.1828817962 45.0576808505 44.6489786515 45.1284285931 44.7321092432 45.0968014359 77.5341958794 77.5341958794 63.423886152 63.423886152 57.8701896036 57.8701896036 65.0624455848 57.0457713241 44.8028681654 44.7100986995 44.6545559458 44.6796705901 44.6414438892
58.672362466 44.7845161344 45.1606969264 45.1627018137 75.6354318891 75.6354318891 44.7762305569 44.7731578165 44.5526159584 44.8021767654 44.9148007967 45.1299666289 44.7529652828 45.1589466681 44.6624927667 45.1540613228 45.0323144401 44.7152084618 60.73484019 60.73484019 44.716081163 44.5692803426 44.9089998577 44.7532018598 45.0942864157 82.1219533578 82.1219533578 61.9792799989 65.2482066582 68.5676466428 100.7090403543 80.1933271825 80.1933271825 44.7153621295 44.8142411885 45.0230746618 44.8808342324 44.5574563881 45.0399343702 45.1085258315 77.5341958794 77.5341958794 63.423886152 63.423886152 57.8701896036 57.8701896036 65.0624455848 44.7038086543 45.1893107116 44.9505111564 44.5210815762 44.7130470642 45.0434091757
44.7670479517 45.1970219896 44.8876179581 44.9676385503 44.6025750584 44.5588017397 44.5615461441 44.9129714749 45.0918409573 45.0115859157 44.7617306801 44.5349717432 45.0381379105 44.994831701 44.6072710976 44.7616676186 45.1297994991 44.9093713564 60.73484019 60.73484019 45.0204636477 44.5576771714 44.9115284542 45.1570803063 45.0618686603 61.7293562337 67.0823439609 44.6348642255 73.2252318891 55.3908530924 44.8661155425 45.0370017523 44.7222108289 44.640940936 44.9323243248 44.9809072847 44.7696609299 45.1447824206 44.6827712391 44.8794159529 77.5341958794 77.5341958794 58.5555736417 63.423886152 57.1065982074 44.7806617742 44.5253156647 44.9436644574 44.5125862686 44.5900411941 44.6810179269 44.7261054891 44.6356974815
45.1281897921 45.2020041166 44.982126053 44.9385746163 44.9024082476 44.9787674935 44.8514706971 44.5698663853 44.9580642751 44.9557282593 44.9834291048 44.5962831119 44.8795969866 44.7723853717 44.5716968357 45.0988445889 44.9303165813 90.4284493593 44.6718818449 44.8655177549 44.8495518528 44.8536295648 45.0758395612 44.9531588549 44.8353442771 44.7876458064 45.2013832379 45.1176357692 55.3908530924 55.3908530924 55.3908530924 44.840455725 44.5110496681 44.6707483746 44.890608765 44.6340785708 45.1761844578 44.7764575365 44.5827665115 44.9071717274 44.6679817445 45.0551282908 44.8876470936 44.7189234797 45.0720305045 44.7789124174 45.0638527082 44.8343355439 44.7251863784 44.8084129568 44.785529849 44.8384410242 45.0952805578
