Spatial Output/patch_out_check_00015.asc
NCOLS 155
NROWS 192
XLLCORNER 196769.923733
YLLCORNER 449719.875193
CELLSIZE 27.603701
NODATA_VALUE NaN
[rows 115 to 137 of 192, columns 53 to 105 of 155]
46.1402476489 68.4270496747 65.236356683 65.236356683 65.236356683 55.3619481321 63.0490024306 45.3828257288 45.5902203235 45.6260926431 70.0608982393 57.9560026138 57.9560026138 61.649513832 61.649513832 69.2351259022 69.2351259022 45.5138047466 46.3084666141 45.4675218646 45.1177373785 45.0252944243 46.0530282269 45.9051516175 46.0831143108 45.1888512309 45.9774869091 45.2680040698 46.3796554665 45.6612993548 62.2766108829 46.2979336515 45.0531685826 45.8333920053 45.9807970893 45.7831417912 46.2090322525 45.2159264902 45.362450373 45.0058725342 46.2042838333 46.3198676276 45.4278352498 45.480157554 46.3709599188 45.3560502847 46.3596770354 45.4855095041 45.1966950235 45.4764433037 45.1347073311 45.8295239022 45.8950468545
46.3070769573 46.0371328152 68.4270496747 65.236356683 65.4382874007 55.3619481321 45.6931505525 45.6791856209 45.4593043786 45.4993566404 45.6726120275 57.9560026138 45.4006395253 61.649513832 46.1753660203 69.2351259022 62.0804182476 45.86156803 45.6641206884 46.0544809003 45.3608475856 45.8843865441 46.0835088784 45.3509008945 45.8236815472 45.6965972691 46.2841178584 46.3676602709 45.3132150921 46.1073009642 46.2288023353 45.429967318 46.3499150173 46.3705113059 45.5518360456 45.0489091184 45.507485786 45.7824224676 45.8513580603 45.112474207 46.3124631265 46.1079978725 45.2870894065 45.2713212273 45.593682026 46.2865257519 45.6832370825 45.7677279571 46.0702325204 45.4138832757 46.2556532101 45.7627408931 45.0536401473
45.8479003347 45.8698822507 45.0384262849 45.0852419025 45.520100828 46.0209785094 46.3261365594 46.1677379713 46.4060127111 45.1180988203 45.9860647762 46.0569501308 46.3179131565 45.9949515849 45.7502703519 45.2249476942 46.1282709631 45.6894974913 45.7813760371 45.247302038 45.8166988531 45.2517973369 45.4809494326 45.2372562525 45.9013330272 45.2855283363 45.2097236831 45.0968595365 45.8721648485 46.0925960001 46.3085783789 45.6914039177 46.1934180221 46.4140240151 45.4197565529 45.4630842558 45.5166139009 45.1476683592 46.3474900775 45.7080610802 46.4008208207 46.0605872609 45.2079154008 45.9897994195 45.4432912542 45.8489907461 46.2814999161 45.0528816733 46.1132258232 45.6862184352 45.7316965762 45.7019808234 46.217231578
45.4908182832 45.6551434521 45.5289900429 46.1058517218 45.8337090285 45.0431848564 45.70591225 45.694887391 45.7536714083 45.3253204731 45.8644065119 46.2231202838 45.6041578182 46.0051477345 45.06191868 45.0501564332 45.3540448793 45.7053368317 45.7776256534 45.2146273521 45.0726271254 46.3278935041 45.7323397489 46.0133303303 45.934152266 45.677526527 46.0260095645 45.4478398793 46.3468764564 45.8919034525 45.8171186626 45.3556939583 46.196348238 46.1879716473 46.1847953121 45.2173076246 46.1932745692 45.4523453648 45.4634773386 45.5288258154 46.0791448824 46.1753392683 45.5093250648 45.097492865 45.9953596939 45.8366124293 45.409079699 45.24545267 46.2701484229 45.3934995481 45.5716955247 45.6203983215 45.9733594432
45.0981266991 45.6478324373 46.0895312656 45.096181727 45.631263705 45.9369439158 45.0966443097 45.9979266851 45.4868074769 46.1198966071 45.6475475156 46.0976242771 46.38049486 45.67025614 45.1794628073 46.3379860796 45.5841255122 45.5213672602 45.4987782929 46.0319803516 45.2899584349 46.255764362 45.0203568126 45.6911917484 45.1919272678 46.3877774075 46.0463093203 45.3365136658 45.704932233 45.954955581 45.4488856687 45.3564345044 45.7998215708 45.226621752 46.0033292813 46.2794047046 46.3321648655 45.9319737931 45.8997063716 45.5004807098 45.4379910041 45.3713245906 45.816431733 45.9968214958 45.5489486837 46.3455643015 45.7934308269 45.8431148675 45.8340991388 46.2960713663 46.0693012377 45.7214238785 45.0954083297
45.0883129287 45.62490166 45.029259607 45.5587641004 45.633811635 45.1672390151 45.5503119523 45.8164623455 45.7303239107 46.1916531429 45.0578175787 46.3954971191 45.3665297975 45.2511341029 45.1191425335 45.7875700603 45.8584406374 45.2769027643 45.6599912585 46.2055094336 45.3135839274 45.9429878378 45.7344943412 45.0255144597 45.7516989194 45.0388645967 45.7819039277 46.0384206592 45.5350563535 45.3241606649 45.8663855796 45.213063016 45.8345286328 45.0014674988 45.8012716413 45.1640588042 57.0910978935 57.0910978935 45.1522317473 45.2088946643 45.1910257943 45.0454588265 46.2628967106 45.0505988315 45.9494912632 45.1506783577 45.3738102984 45.5897073947 46.2390608647 45.0250280183 46.071445967 45.5946070632 45.9187069199
46.2756011564 45.1798526136 46.3162133168 45.6826055386 45.910726558 45.0859513187 45.4447109515 45.3201701107 46.2790004185 45.0780202873 45.4141555732 45.8025345257 45.8999439632 45.2564381256 46.1428568642 46.0156922463 46.1176769995 45.7795980255 45.0050177491 45.9856181891 45.9346633864 46.2035119226 46.067704517 45.9471075351 67.540430861 67.540430861 46.3998969053 45.8585387277 46.3588198797 46.1051119227 45.6174892656 46.3344688494 45.0860236589 46.2548198952 46.2407375364 45.5699924476 57.0910978935 57.0910978935 45.6928870732 69.3520704208 69.3520704208 59.5754434297 59.5754434297 45.9385016349 59.8223532448 59.8223532448 45.2398937803 46.3211416125 46.0728017549 45.0237948658 45.9704017555 45.8927823391 45.8208573226
45.5544264701 45.7084919108 45.6996429159 46.1963927952 46.2181928247 45.0720343765 46.3479128006 45.9174702344 45.1627779884 45.4432631357 45.501732322 46.1571843501 45.5970033355 45.3412494546 45.8415922758 46.4125893219 45.0899111014 45.4406970037 46.0689435212 46.3465769833 46.3326776816 45.3779497751 46.304343477 67.540430861 58.3722414661 58.3722414661 46.2337275896 45.7910732737 46.2421020657 45.95240296 45.0757780708 45.0665494872 45.4789440192 45.8228118221 45.1320404313 45.8567907635 57.0910978935 45.4495396218 46.0469250769 69.3520704208 69.3520704208 45.7453301473 59.5754434297 45.3999726983 59.8223532448 59.8223532448 45.7355837751 46.3260835612 46.2089164629 46.0109142096 46.3489756406 45.5985804344 45.2810012493
45.3490470476 45.8237800218 45.373737422 46.367623559 45.7677206324 45.0635424811 45.2145817909 46.0173277273 45.2127742621 45.7930396927 45.4596394367 45.7901612652 45.133092505 45.9979370233 45.8717534574 45.4422322286 45.4109234614 45.4526885033 45.0034086401 45.6142247234 45.4913600648 45.9903743134 45.7539808538 45.9724461153 58.3722414661 58.3722414661 45.3461242735 45.303217326 45.2052409767 45.8574851495 45.5738278441 46.3682925829 45.3904928163 46.1231242278 45.1755284669 45.9916460491 45.4393304371 45.8949519529 45.7635869235 45.7627166731 69.4083267059 45.730109697 45.4627188325 45.7226139382 46.349848297 59.8223532448 45.3174836295 46.3659979715 45.848276311 45.3526925237 45.9638664945 45.3766440208 45.8081946769
46.3806186675 45.903990957 46.0265882958 46.2923160838 46.1105972413 46.0268711249 45.5422836701 69.2846194763 46.3158537269 45.2904017977 46.0790622814 45.7018245686 45.4333886659 46.3615135771 45.9577486443 45.7565907203 45.0226966132 45.2826588812 45.3814407452 45.6269313856 45.9723123204 45.3775315307 46.4113389759 45.2856429766 45.5158507402 45.2227234489 45.2784845418 45.2303314343 45.2086425477 45.5952792091 46.0150501787 45.1678621218 45.0914133494 45.3350656938 46.2561032085 46.2486422807 45.0856767998 45.0383815737 45.1047898971 45.5721938458 46.2637253422 45.7099393028 45.0795048997 46.3442413282 45.5003514124 45.1334431301 46.0374800787 45.263766884 45.2836423824 46.160835452 45.866856359 45.8381105927 45.9230950251
78.8818220962 46.1424562218 45.942961016 46.3737906728 46.2862559998 58.9942658799 45.8662860094 45.5898717516 45.2089144557 45.4739622844 45.344110327 46.406372439 45.2344309648 45.9557173651 45.2055280641 45.7546715953 45.5664911961 45.5804485642 45.4587795155 45.9831184641 45.8987418239 45.9725262452 45.2357169937 46.3291172802 45.7682802539 45.2383556841 45.4531666914 45.2891822783 45.1247061706 45.4331364719 45.7272501055 45.41668871 45.8496996561 45.7441929877 45.6617600494 45.1306485163 45.6111832706 45.6554975946 46.325502735 45.2577530324 46.3364357696 46.3178392439 46.000575724 45.438185402 46.3527771946 45.6632442261 45.5746909139 45.4255033678 45.753374237 45.3312016087 46.2284181481 46.2010210288 45.230758982
45.5424320409 84.3374127642 45.8641978253 46.0096269678 45.8513875578 58.9942658799 58.9942658799 58.9942658799 45.6766266735 45.5871217549 45.5138237684 46.018176718 45.3227680879 45.7909301288 45.0003548669 45.6348229184 46.0048354828 45.5578314914 45.6350534437 45.2885191106 46.0654751769 45.3458918933 45.6862208584 46.0538508911 46.0798354718 45.0867908752 46.2515251747 45.2521505299 46.2018065857 45.0663842831 45.988426634 46.2759398372 45.9149564677 46.2462069612 45.9081064993 45.4144803796 45.9290631747 46.3982448157 45.0235513622 46.0522132274 45.5086024591 45.4164090536 45.4324787018 45.4208401716 45.35750677 46.3983033327 45.7607464577 45.261764308 45.5815875236 45.1921500235 46.4097390513 46.3550317109 45.7513864534
45.7604797409 46.2319874832 45.5068202359 45.7723977901 83.7789196782 46.2869447536 45.6455646245 46.0058785898 45.3304949136 45.8337625423 45.2752857656 46.3682890538 45.9843651166 46.1601201138 46.1793527166 46.1747361165 46.3800340725 45.8924847268 45.2820786145 45.5801013194 45.9982191603 45.7708674388 46.0944937228 45.7096192255 45.892887287 45.4463329764 45.7890896978 45.6750288314 45.4408462087 45.597772221 45.5410254752 45.2431282078 45.0111229736 46.2222379873 45.3209123973 45.295194008 45.8432431171 46.0890089428 45.4567588468 46.2815426416 45.8122560826 45.8692565349 45.2858434145 46.0236388343 45.8925231396 45.3307667804 45.4801800568 45.4056049765 46.1570526193 46.2582521084 45.894899922 45.7341791016 45.2320835255
45.2584947817 46.1253004047 45.4160836345 46.3047706652 45.8738127289 46.1269514491 45.9381122372 46.3386279854 46.3884041343 45.4786398093 46.0595494261 45.3437627598 46.1028448488 45.2523287476 45.5295578631 46.3993639592 45.3546545742 45.2837925686 45.9413665745 45.3287486771 45.233813511 45.1900024953 46.3776473398 45.5534832527 46.3882327162 45.5570876713 45.0282714914 45.4248352083 45.5728578415 46.0838889728 46.1225407254 45.4007442269 46.0312934758 45.3182703226 45.313121357 46.3666349173 46.3748335406 45.3492255613 45.638795551 45.3275926223 45.7296749242 46.3791512541 45.5432532795 46.3480213568 45.7865855837 45.8501132782 46.2213386297 46.3027709962 45.7856651697 46.3173352662 46.3442562734 45.4597473219 45.1804937445
46.3483165144 58.6323185215 46.0619863118 45.5249603605 45.9145022943 45.1204541645 45.6524480749 45.1153823886 46.3019415567 45.1353197575 46.3090906489 45.0802428926 46.0312347894 45.4676317209 45.2201544039 45.0796389973 45.296750228 46.2401459378 45.1520610309 46.3515805195 45.1842012568 45.4946968905 45.1009447573 45.5030541591 46.3004913722 46.3179269421 45.1339674581 46.0507597381 45.9150553277 45.9491718253 46.0617311945 45.0101853641 45.998060792 45.4793947891 46.2330992252 46.3498591877 46.2599198308 45.0367923604 46.0435541363 45.4403320714 45.2295305507 45.9617813156 46.3545430179 46.3988898776 45.1827321001 45.2752375436 45.4162119532 45.0699693457 45.3418231569 45.106529925 45.905347276 45.8886173016 46.1550670949
45.2639933007 64.9392499511 45.9277385474 69.3080171604 45.2117778722 46.1662061659 45.1849660778 45.2602084549 45.3914731183 45.6359329301 45.1352171797 45.9196329703 46.0551671547 46.1783234674 46.1582117013 45.3248126292 45.4276415239 45.0746600606 45.2697303786 45.1587429622 45.6919495724 45.6479610258 45.4059506275 45.1522598122 46.0928309296 45.5948128163 45.392067812 45.8087382293 45.6639549661 46.3108181584 45.8220393378 45.6438196091 45.499215039 45.4827454643 46.1299186271 45.4498096906 45.7115171207 46.2593000169 45.3539464322 46.1544372622 45.1700868801 45.7181219326 46.0358385764 46.3454234808 46.0697857795 45.0466973923 46.1943820122 45.5271769818 45.3008658558 46.2751402436 45.9331235829 45.2528284104 45.8314320315
45.717188853 46.1785375107 69.3080171604 59.4625754438 46.0360192964 45.4000206264 45.1012086593 46.2328865978 45.9205760916 46.3520482962 45.4796618546 46.0512632326 46.1153045885 45.1225484058 46.2372652369 46.138644301 45.5981764861 45.8357737361 46.351102428 45.6946931233 45.8824859978 45.936045962 45.7804240321 45.7125962519 45.1501323812 45.783386139 45.630941278 45.1641147234 46.0876424866 45.1235646751 45.1504255017 46.0278872521 45.6892594476 45.0292836704 45.0603464539 45.4179090892 45.1295656167 45.9697469744 45.8548913789 45.2579531168 46.285929017 46.0516932257 46.3394201565 45.5806634509 46.0052307431 45.5583052201 45.6636238505 46.0941873165 45.9908689534 45.6376454607 46.0057278047 46.2475370757 45.7516516643
45.4481206079 45.6419343679 45.1478548144 45.3609498232 45.4379867239 45.4221380373 45.0997240499 45.2568018581 45.1276832525 45.9185224082 46.040534782 46.1903434362 45.6618587601 46.1832539701 45.023414027 45.8141649511 46.2099274023 45.8023459027 45.5148919682 45.9353195926 45.9898110722 46.0027580606 45.385638402 45.9304857284 46.2049375503 45.9539655869 45.2831132013 52.2491352884 52.2491352884 52.2491352884 45.178424861 45.5606254816 46.0019206313 45.0395793252 45.8311563644 45.9432698849 45.0930728586 45.9820428641 45.8210103206 46.3633369601 46.4066456511 45.9147813258 45.9573371934 45.5408728092 45.2143940071 45.4003284626 46.329114697 46.3002998011 45.1103587737 45.5457411319 46.1439957233 45.2623160061 45.3565824148
46.2069855242 45.2942890961 45.658965972 45.145190819 59.4625754438 45.3167041056 45.4018806838 45.2490472576 45.7668224607 45.7590452009 46.0539529442 45.3634164861 45.6512053951 45.1987430915 45.4027298693 45.8736593621 45.5319667418 45.1009553552 45.6566923225 46.0204022039 45.4639868845 45.1471563984 45.4762562612 45.0020109433 46.1296473165 45.1025893155 45.5102712045 59.8846232892 52.2491352884 52.2491352884 75.5165297084 46.0330034878 45.1649226447 45.6431558286 45.2456735559 46.2577559565 45.6155097764 45.1100880255 45.5975450204 46.2090570255 45.818708646 46.2508154768 45.8274120601 46.3008530415 45.3258984449 45.310893699 45.8391608485 45.2308336946 46.3051643875 46.3043514377 46.2171592684 45.3964935236 45.484921994
45.818747521 45.7666330764 45.7368238319 45.6623605924 46.0135111381 45.958585869 45.0505112475 46.3629936664 46.3351542514 45.8477980531 46.0514344711 46.2092976733 45.5365556641 45.145990943 46.3883999404 45.9910127602 45.2454373762 46.0476994751 45.4230486906 80.9772972804 45.6128998019 55.056201553 55.056201553 67.1458476597 53.9034511773 53.9034511773 45.685669452 79.3471554339 61.2763556509 75.5165297084 75.5165297084 75.5165297084 45.1805177923 46.3818746389 45.6787247603 45.2063286861 46.1502824493 46.3115297989 46.0632082922 45.2371048607 46.1984151229 46.2103140407 46.1428187558 45.4731374788 45.7568306505 45.8145774556 45.278224757 45.0274409179 45.4216610598 45.0488687221 45.6301772671 45.8618137475 46.238460955
46.3576496755 46.2468484918 45.2502387476 45.1666667028 46.0299058681 45.4838106885 46.3785702223 45.0578573081 45.586989956 45.3254930896 68.1947332318 46.3497509708 45.2411036557 45.8591902535 60.7614845287 46.2378052622 45.1674566316 56.5666930363 56.5666930363 46.3692395362 80.9772972804 55.056201553 55.056201553 67.1458476597 53.9034511773 53.9034511773 46.4115444533 46.338124791 61.9481815839 45.6530501071 75.5165297084 75.5165297084 45.9621343175 46.2701229068 46.0456936503 45.9994543932 45.954045172 45.4173160811 46.202713585 46.2092548476 45.9104445036 46.1508822328 45.8647717877 45.1857256094 45.5066966216 45.1903700731 45.9460729081 46.0190509583 46.2890179798 45.5509689291 46.1503894438 45.601738916 45.8462843289
45.3723827763 46.3287878801 46.2126890546 45.9007296115 45.153519053 45.3590920479 45.8717201339 45.7691479157 45.4124061551 45.6607851018 45.5919882037 45.6929266546 60.110885471 60.7614845287 60.7614845287 60.9722426957 60.9722426957 56.5666930363 56.5666930363 45.4723492148 45.674215107 55.056201553 55.056201553 46.0826177692 67.1458476597 53.9034511773 45.8050738012 58.5245892181 46.0599035095 61.9481815839 46.3948356418 45.1342179327 45.2747280506 45.4631183093 45.5385513395 45.8692963869 45.6580699136 45.5218805779 45.2637348114 45.1149794949 46.067048645 45.0337038362 45.8855510982 45.614678001 45.7236474587 45.6928446815 45.702143426 46.3830116505 46.4128983915 45.5189186837 45.0592969162 45.7022299285 45.0033649277
46.1763927558 45.3060075526 45.3724933979 45.565322951 45.2781983055 46.284023305 45.6856239593 45.0715809779 45.8975986222 45.0423550939 45.9768849774 68.1947332318 46.0349759027 60.110885471 60.7614845287 60.9722426957 45.4177773062 45.8287868169 56.5666930363 45.9360945252 45.8017538795 46.3225601176 45.0224061102 46.0586102347 45.5867128303 45.6334514235 45.0305068665 46.0407189478 46.385370544 45.06070967 45.5718301502 45.5686079137 45.954898791 45.9058141518 45.5776790269 46.0588030969 46.3941751822 45.931767112 45.9182975621 45.2058668677 45.5068258954 45.1312742164 45.9943732249 45.0465406207 45.2999488997 45.3950052168 45.4593112364 46.1347801328 45.8169112331 45.7635353968 45.6883296848 46.3191614083 45.4374308295
