Spatial Output/patch_out_check_00136.asc
NCOLS 155
NROWS 192
XLLCORNER 196769.923733
YLLCORNER 449719.875193
CELLSIZE 27.603701
NODATA_VALUE NaN
[rows 0 to 22 of 192, columns 0 to 52 of 155]
73.37623354 64.3938409211 94.3813438648 94.3813438648 94.3813438648 0 0 0 0 0 0 0 0 0 0 0 0 0 0 0 0 0 0 0 0 0 0 0 0 0 0 0 0 0 0 0 0 0 0 0 0 0 0 0 0 0 44.9341353597 44.6773211664 44.5668120903 44.683058752 44.822034495 44.9430053896 45.0775843719
0 80.4158022754 94.3813438648 94.3813438648 74.5067920271 74.4612964002 88.9320508162 0 0 0 0 0 0 0 0 0 0 0 0 0 0 0 0 0 0 0 0 0 0 0 0 0 0 0 0 0 0 0 0 0 0 0 0 45.1754872972 44.8228907218 44.6691703203 44.8187928692 44.5119176679 44.7382587691 44.6016591932 44.5397227659 44.7857026781 44.6968479516
0 0 79.3012054648 74.5067920271 74.4612964002 74.4612964002 79.2793579102 75.6378370124 0 0 0 0 0 0 0 0 0 0 0 0 0 0 0 0 0 0 0 0 0 0 0 0 0 0 0 0 0 0 0 0 0 44.9009523351 44.5668830844 44.8650406334 44.8691964958 44.7892035008 44.746658886 44.5098851452 44.5944083293 44.6540131997 44.8834088845 45.0479836636 45.1030237461
0 0 0 58.0381429585 74.4612964002 74.4612964002 65.6816762232 65.6816762232 88.9197086041 0 0 0 0 0 0 0 0 0 0 0 0 0 0 0 0 0 0 0 0 0 0 0 0 0 0 0 0 0 0 44.6476815516 44.5221798094 44.9305933024 45.0108940626 44.7010375443 45.1468237307 44.6436339388 44.7145228482 45.1245477813 44.8200053544 44.7277547642 45.0733596064 45.1466132123 44.7592475483
0 0 0 0 0 75.6378370124 65.6816762232 65.6816762232 57.1477477647 89.0889962156 0 0 0 0 0 0 0 0 0 0 0 0 0 0 0 0 0 0 0 0 0 0 0 0 0 0 0 45.1257681069 44.59782184 44.9455565012 44.9430483915 44.5074761643 44.8392786532 44.7111564146 45.0770031233 44.7675915605 45.0025818065 44.5715742122 44.5765985569 44.6891803862 45.0358556878 44.887585979 44.9230326594
0 0 0 0 0 0 88.9197086041 57.1477477647 57.1477477647 57.9734699784 58.1998894929 0 0 0 0 0 0 0 0 0 0 0 0 0 0 0 0 0 0 0 0 0 0 0 44.9409459946 45.0555694619 44.7501913341 44.8346788208 44.9715863098 44.7658454281 45.0905340546 45.013395237 44.7744148899 44.9035197571 44.6960508753 45.2022118179 45.0265817519 45.1153400554 45.1683976035 44.8511252701 44.8256723829 44.6717632211 44.5789254505
0 0 0 0 0 0 0 73.6942992705 57.9734699784 77.8632322264 52.7903478211 52.7903478211 78.2346278382 0 0 0 0 0 0 0 0 0 0 0 0 0 0 0 0 0 0 0 44.9828028231 44.6099077099 44.8456679557 45.1953873716 44.706470822 44.8333713862 44.7373516909 44.8231481699 44.8059440865 44.6126122607 44.9705298158 44.84645843 44.8114362574 44.6054861499 44.8324689469 44.5324953228 44.9589920964 44.719008642 44.5229582802 44.667876029 44.7061116283
0 0 0 0 0 0 0 0 73.4579978506 75.0703840505 52.7903478211 52.7903478211 58.2689393478 45.0226976731 44.6846075979 44.7387337093 44.5949946497 44.8089796285 44.9224227387 44.8109082991 44.9148696487 44.5758309591 44.7503200074 44.6141114056 44.7643354287 44.6501434632 44.6955901092 45.1407172386 44.731325037 44.6075942489 44.6072552926 44.6756834711 44.7535044482 44.8589942796 44.7453285994 44.9294874022 44.8320328957 44.9488636995 45.130301399 44.9661533357 44.8003016066 45.1544281509 44.5342988332 44.9414590443 45.1109661901 44.5574338366 44.9267607521 44.9946891296 44.5219957589 44.5900599846 45.0975823153 45.1293685063 44.572534655
0 0 0 0 0 0 0 0 0 60.8360156292 67.3468461793 58.9050552207 92.2275356402 58.9428441728 44.8109160431 44.7526630309 45.1982288212 44.8111792954 44.7851170022 45.1910453706 44.6125110132 44.5305284369 44.7896251712 44.5784275201 45.1521448906 45.1815352872 44.6172281791 44.6389133218 45.1326228355 45.0426568281 44.6973914209 44.5597068684 44.8755637032 44.5148214679 44.9925085216 44.7873027 44.9239643403 44.5004400371 44.7397466071 45.182590733 45.1372008141 44.8565525645 45.0185987087 45.1804857939 44.7339005637 44.9802253666 44.6335141511 44.554535999 45.0413044039 45.021784145 44.6952294763 45.0742184506 45.2065168736
0 0 0 0 0 0 0 0 0 71.4464372473 71.7191700912 64.1684503297 58.9428441728 58.9428441728 53.6303771835 45.1941649875 44.7242973546 45.1009551944 44.680289648 45.055931298 44.5156819346 44.5791588149 44.9033095955 45.0437274209 44.9059788235 44.6965914597 45.0568102905 45.142566907 44.5712921607 44.7188732852 44.6188187384 45.1440963778 44.9848795203 44.8989766186 45.1157867692 44.7991323662 44.9241784074 44.8204425674 44.6526817335 44.9191026545 44.5985831966 44.7005495866 45.1697423726 44.987058074 45.135549509 45.1820094886 45.1808404405 45.0084217426 44.9006247777 44.6183720915 44.7621590011 44.6213765442 44.6213985957
0 0 0 0 0 0 0 0 0 70.7141331096 71.9055966054 66.1385675802 58.9428441728 58.9428441728 32.8210862485 32.8210862485 59.0724887915 44.9738064324 45.0920822941 44.7561643132 45.1299965638 44.9308402064 45.1855553732 44.653313595 44.6793739658 44.8901505909 44.710184441 45.0907763128 45.0229143695 44.7340559152 44.6767855617 44.6746819169 44.665162072 44.9026657676 44.620924346 44.6608842575 45.0377768492 45.0701021021 45.1952996532 44.8695078648 44.7194292051 44.5690007887 45.1146192685 45.0316623315 44.7413106115 44.6082766631 44.558797925 44.6323746867 44.7592534235 44.8123919569 45.1282406351 45.0636756275 44.7652969499
0 0 0 0 0 0 0 0 44.9857702353 45.0916995682 44.7859871917 44.7241691647 44.5755882458 61.1904772849 32.8210862485 32.8210862485 51.8314517435 44.7972494819 44.602095601 44.8118681866 45.1953457091 44.7386500293 44.7329546003 44.7587912972 44.8313071282 45.0331127347 45.1322080119 44.6185100435 45.0072493133 44.9540705354 44.9603250353 44.6293225696 44.505684849 45.0605850487 44.764502424 45.0513526692 44.9253546371 45.005973783 44.6512707871 44.9895092766 45.1397370119 44.6497953642 44.9276553294 44.895061503 44.6645620195 44.6404146656 44.8713352666 44.9770382047 45.1708784805 45.0216088967 44.994115836 44.9077221405 45.1691041675
0 0 0 0 0 0 0 0 44.9649469907 44.8954305578 44.9026609776 45.0014161059 44.8086602596 45.1437514814 32.8210862485 32.8210862485 51.8314517435 68.7360166161 68.7360166161 56.3778417864 45.1863417657 45.0487925382 44.8938168778 45.0337714741 44.7920628766 44.504274945 45.0944869856 44.5384388149 44.931896585 44.5721662865 45.0883850941 44.8158771809 44.9179111717 44.575930699 44.7905407351 44.8378233576 45.0567138605 44.5705290788 45.0177252109 44.921591902 45.0920044369 45.1205190978 44.5340807385 44.9389304204 44.5077012347 44.6394569803 45.1803436015 44.5001999824 45.1611802408 45.110378819 45.0624116705 44.5831032938 44.9221855204
0 0 0 0 0 64.5604145263 69.8400237572 60.5631130917 44.8604708378 44.9543638485 44.6758885806 44.5176632484 44.7131218338 44.7652040122 44.8399367706 51.8314517435 51.8314517435 68.7360166161 61.8167929443 61.8167929443 67.0633362409 45.0574598313 45.0569936814 44.5312437486 44.901404536 44.7360157118 45.0940216548 44.5628922397 44.5950440531 44.8418447344 44.9257532257 44.5870128247 45.1662632715 44.9600024593 45.013156677 44.9474040695 44.9099548811 44.9055537912 44.524462278 44.6920135779 44.6540804106 44.6628803471 44.5198665993 45.0214153132 45.160676203 44.9354493985 45.022240734 44.5286232882 44.9124134476 44.9044089836 44.6909077214 44.9506925617 44.5066771296
0 0 0 0 0 63.2013719332 64.5752025632 60.6992545477 44.8835469196 44.6321963946 44.9879480599 44.8901412051 44.8790646601 44.543628839 44.7854677664 45.0114433193 59.964663263 81.7071750163 61.8167929443 61.8167929443 67.0633362409 44.7973787857 45.0460902666 44.9202018887 44.6912479747 45.169360732 44.847801771 45.1459012714 45.0720052411 45.0875458193 44.5600196397 45.1013535638 45.1675692528 44.6906421724 44.5268363366 44.9848711418 45.1239962562 44.5024879156 45.0970431937 45.125629355 45.1603870629 44.8561456868 44.6247677015 45.0468943111 44.805907026 45.0919394263 44.9357340623 44.9374487102 44.983080785 44.9136570453 44.5260406278 44.543880492 44.6773822003
0 0 0 0 44.6501679164 60.4805425343 58.6577124096 70.3345052048 44.9655721753 44.5042659526 45.1024588068 44.9207870202 44.7862198085 44.7313682682 44.9501693812 44.9295172751 45.0727492064 44.7089592261 61.8167929443 67.0633362409 66.757557566 66.757557566 77.1787283894 45.0983930338 44.8605091115 45.0340798608 45.0047984999 44.6945860914 45.0046000967 44.5811089311 45.0060158441 44.9195631625 44.9259081641 44.7451993461 44.6398669778 44.7301733141 44.6519311208 44.8939897321 44.6401355532 45.1745431775 44.6712598848 44.5172607977 45.0760625779 44.593723156 44.6368885644 44.9021984761 45.0746182292 44.6207619968 45.0883043262 44.5257148334 44.9357249041 45.1690176938 44.9742181297
0 0 0 44.7399437545 44.9528693851 44.7775189306 44.5973098443 44.5950045855 44.944784592 44.8047202768 44.6512943689 44.6137499745 44.5429112227 44.6714825329 44.5548713022 45.0483710105 44.6048705807 44.9691848563 45.159070062 44.554488848 66.757557566 66.757557566 45.0987256095 44.808692719 45.1067668507 44.8025488602 45.0406997134 45.17923462 44.7417186844 45.1968943683 44.6523283036 44.5376555643 45.0392196862 45.0992752684 45.1080334665 44.5711716222 44.7366464738 45.1119167963 45.190043238 44.9262757046 44.9935493359 45.2070112288 44.8852137396 44.860238118 44.7191875605 44.6539019361 45.0247008485 45.1417375421 44.9040758927 44.5089554096 44.6819714139 44.7946155436 44.6995587526
0 0 44.7282957181 44.9024136096 44.7494929125 45.167652851 45.1272350006 45.0065122749 44.5330223886 45.1028831809 44.8625772317 44.5924579505 45.0568325043 44.9937860487 44.853449574 44.8903083817 45.0893265485 45.0651822459 45.1656418577 44.876119893 45.1254614119 62.1392312677 60.963903011 68.7590134846 68.7590134846 68.7590134846 45.1960925486 45.173911527 44.5361438082 44.6819960917 44.7131424773 45.0287676434 44.9657590579 45.1467796814 45.0133395227 44.704075024 44.894096395 45.139758156 44.6230388397 45.1169861215 44.6632276436 45.1403171708 45.1431452606 44.7306960573 45.1257162439 44.929111574 44.7763645439 44.9219335924 44.9004886492 44.6769765062 44.82719888 44.5955478747 44.7849644961
0 0 44.6876858881 45.1249546747 44.8580406858 44.6961994225 44.8185033838 45.1660035821 45.1136808071 44.5604191485 44.7902592679 44.5584369852 45.0495586155 44.699246909 44.6875770414 44.6055001171 45.0905119462 45.0280378805 44.8487590027 44.7203259127 44.8096277424 44.8038151145 60.963903011 68.7590134846 68.7590134846 62.3571209873 81.5964443356 44.7027493758 44.5412738456 44.5461736118 44.7562115993 44.8476077536 44.8202343224 44.7216606891 45.0453587614 45.1211442686 44.6278785567 44.6178845009 44.9908807898 44.7505910041 44.8256985851 44.8059269399 45.0863268207 44.8148462432 45.1686472727 45.2042789075 44.930673407 45.1076914965 44.7067127938 44.5410127732 44.8515260212 44.6263423147 44.8637218437
0 0 45.1244907476 44.6584245725 44.9909897477 44.6684391118 44.8516197257 44.6416654985 45.1604530403 45.1150202844 44.709542632 45.0922902245 44.9911012444 44.7340639092 45.1928805314 45.138881627 45.0922530996 44.9617229572 44.9242327966 44.5603775625 45.1415165073 45.1138756449 44.6537916655 68.7590134846 68.7590134846 80.2851449388 80.2851449388 80.2851449388 44.6575250312 44.9839842939 44.6369781001 44.7240917456 44.9660694977 44.9730022036 44.6687718812 44.9978228533 44.5343119559 44.7978609427 45.007490804 45.1006382405 45.0527219938 45.1106310337 44.8748594912 44.7279308872 44.7504444525 44.7013606355 44.7900027357 44.76640351 44.9195013582 44.855122153 44.6693503259 45.0331711067 45.0922443572
0 0 44.6957823749 44.9071899874 44.5911438388 44.5201531734 44.6755601145 44.5073098052 45.07711331 45.1712937053 44.9681015216 44.6071730387 61.5660919839 45.2002436832 44.750484453 45.0180451884 44.7857745163 44.7464622991 44.9895398933 45.1192937617 44.5340261225 44.6519741516 44.6357246259 44.9852825202 81.5964443356 80.2851449388 80.2851449388 80.2851449388 44.6444125144 44.8637705008 45.0095634786 45.1413017942 45.169813757 44.610949785 45.1489147566 45.0741703713 44.7435657996 44.7905821088 44.6246514387 44.9270535027 44.9973874495 45.2003931795 44.7763495419 44.9607868224 44.9244720359 44.5235028964 44.760871703 44.8985607874 45.1695366154 45.0421805336 44.9618490948 44.8295090757 45.0954512814
0 0 44.7750844742 45.1689178932 44.500255413 45.1538852441 45.0507362755 45.0997162573 45.025422708 44.8794395349 44.9507026282 61.5660919839 61.5660919839 62.3818213901 59.839786068 44.7127822133 45.1559395294 44.6814024211 45.0361490707 44.7334807495 44.7034820588 45.1668076117 44.5073024426 44.6617237971 44.5427527897 45.0912217666 80.2851449388 65.3335056197 65.3335056197 44.9257469347 44.7893394171 44.828431401 44.9566684268 44.7146083322 45.1781942698 44.7539067598 44.9010322109 44.9538729116 45.1911617396 45.1970219374 44.6128188139 44.5970424898 44.6939800653 44.9275196334 45.0358279436 45.0959683664 44.8414733251 44.5010387476 45.0007413738 44.5542266458 45.0889248069 44.709496047 44.5259101268
0 0 44.961320103 44.5860621126 45.1328015608 45.0212198198 45.1841496763 44.9592448647 44.83038149 45.1416418841 44.9151904354 61.5660919839 62.3818213901 59.839786068 59.839786068 44.5362747256 58.1594801563 58.1594801563 44.8202434533 44.7035682989 45.1989417497 45.1874199122 45.0515854951 44.6041974395 45.0758479396 44.7023019406 44.7884089815 65.3335056197 65.3335056197 45.0710830211 45.0075467631 44.7314571127 44.9811090471 44.9272469995 44.5057647143 45.1191067575 44.5282662567 44.7889016489 44.7640786129 45.0342483064 45.1837298996 45.2062565641 44.7821811678 45.1267664145 44.5712114486 44.8589451064 44.635974829 44.7881156831 45.0580226995 44.8229599956 44.5666896069 44.997696366 44.579803443
