Spatial Output/patch_out_check_00101.asc
NCOLS 155
NROWS 192
XLLCORNER 196769.923733
YLLCORNER 449719.875193
CELLSIZE 27.603701
NODATA_VALUE NaN
[rows 0 to 22 of 192, columns 53 to 105 of 155]
45.418264483 44.0737351636 43.825349774 43.3424272909 44.2373529414 44.1309626561 43.7427619747 56.19298736 63.085793048 60.0029226975 44.6005733897 0 0 0 0 0 0 0 0 0 0 0 0 0 0 0 0 0 0 0 0 0 0 0 0 0 0 0 0 0 0 0 0 0 0 0 0 0 0 0 0 0 0
45.4164879008 43.8335327012 45.3726462843 43.0316581329 44.7513630915 45.4930607596 45.0705572552 55.0061871106 62.9829589926 64.5845582876 43.8164531553 44.7696327324 0 0 0 0 0 0 0 0 0 0 0 0 0 0 0 0 0 0 0 0 0 0 0 0 0 0 0 0 0 0 0 0 0 0 0 0 0 0 0 0 0
44.6356524677 43.9726754051 43.0881175457 43.6666220152 44.6494864432 43.3688074574 44.3728239979 57.531305753 55.4052477389 63.1173521872 44.0250315799 43.3734012366 0 0 0 0 0 0 0 0 0 0 0 0 0 0 0 0 0 0 0 0 0 0 0 0 0 0 0 0 0 0 0 0 0 0 0 0 0 0 0 0 0
45.0711570987 43.7700517224 44.206574674 44.8028633709 43.3568486093 43.4187288865 43.1325990619 44.0819753076 44.9157854772 44.5281055941 44.2639800686 45.2226054724 44.3676695974 0 0 0 0 0 0 0 0 0 0 0 0 0 0 0 0 0 0 0 0 0 0 0 0 0 0 0 0 0 0 0 0 0 0 0 0 0 0 0 0
44.8648691627 43.1668648864 43.0585317635 45.3255177864 43.1939935057 43.6374005969 43.046039013 43.5978020673 44.9262329457 44.6775227113 43.1641884341 44.4016655664 44.0179244566 43.5324846166 44.4789352007 0 0 0 0 0 0 0 0 0 0 0 0 0 0 0 0 0 0 0 0 0 0 0 0 0 0 0 0 0 0 0 0 0 0 0 0 0 0
44.0400825083 43.2290059182 45.3293654807 43.4645535441 43.7147165701 43.1533969699 44.875402123 45.0435868936 43.9761909031 44.5838021069 43.0935427963 43.4020848425 45.3641072275 43.0086255948 45.7037600027 45.6865329298 0 0 0 0 0 0 0 0 0 0 0 0 0 0 0 0 0 0 0 0 0 0 0 0 0 0 0 0 0 0 0 0 0 0 0 0 0
43.31905447 43.9243037061 43.3908868091 43.3711940837 44.1193999589 44.4069565029 44.1433258457 45.613191275 45.5623700272 45.0579853042 43.4243500946 43.4919310661 44.5649090284 45.0596714921 43.8897967313 44.1220236937 44.3757471483 44.0993268725 0 0 0 0 0 0 0 0 0 0 0 0 0 0 0 0 0 0 0 0 0 0 0 0 0 0 0 0 0 0 0 0 0 0 0
45.201470643 45.1107123046 44.7561364954 45.1331227011 44.777193741 43.7276393949 45.573285276 48.9467016643 43.7194879374 63.6315861284 43.3017655847 43.7896983353 43.7444293164 43.5142998852 43.9578993651 43.8677183673 43.9913595856 43.9114776086 45.8049962213 0 0 0 0 0 0 0 0 0 0 0 0 0 0 0 0 0 0 0 0 0 0 0 0 0 0 0 0 0 0 0 0 0 0
45.4783927847 44.4119500848 45.0245053016 45.4318980724 43.3134647963 43.2442575506 45.4003182311 68.2506142168 48.9467016643 63.6315861284 63.6315861284 45.3066547151 44.2436956185 44.2439917713 43.1242267047 44.2013596996 43.5579513076 43.3302824022 45.7383015812 44.0476582693 45.2318354865 0 0 0 0 0 0 0 0 0 0 0 0 0 0 0 0 0 0 0 0 0 0 0 0 0 0 0 0 0 0 0 0
43.0327615082 44.6670274461 43.7345384172 45.4124088523 33.3182303202 33.3182303202 68.2506142168 68.2506142168 45.1308311362 63.6315861284 63.6315861284 45.2243956178 44.2984628543 44.0315968839 43.1667007796 45.3099961374 44.0493211693 43.6877095064 44.0108626213 44.8960166273 43.3504727737 44.7588557222 44.6098948933 45.7704772189 0 0 0 0 0 0 0 0 0 0 0 0 0 0 0 0 0 0 0 0 0 0 0 0 0 0 0 0 0
44.1552150683 44.4629521662 43.1873084889 33.3182303202 33.3182303202 33.3182303202 68.2506142168 68.2506142168 44.7988580743 43.3389967939 69.575291808 69.575291808 43.0579139128 43.7139756719 45.4578716553 43.3317955609 44.2979825821 43.7329856091 43.4337913981 45.2349779431 45.0682086054 43.1523592335 44.6756936801 43.8672616297 45.4996088449 45.3668784612 44.6921681011 45.0125451249 44.7246240848 0 0 0 0 0 0 0 0 0 0 0 0 0 0 0 0 0 0 0 44.2481526604 45.3649471149 44.4407669653 45.1888343618 44.3966823494
45.7670448919 45.3222174412 43.6307553774 43.6361368456 45.5152609559 44.5534975462 45.1410817098 66.2089977617 43.8827121638 43.0864870208 73.2496875402 73.2496875402 73.2496875402 43.8980589526 44.2391382689 44.148333825 45.7529046296 45.104966145 45.4464407453 43.2887440204 44.2141977765 45.0591364688 43.2846230934 44.9153509933 44.9987755721 44.5237165244 44.1363817034 44.3488594129 43.4850346048 43.4649073786 43.5023221849 0 0 0 0 0 0 43.5257302148 45.294105085 44.3449414895 44.0897762385 43.752229584 0 0 0 0 0 0 43.4353182835 44.9605482559 44.5803119541 44.2216194049 45.0644476478
45.0491458769 44.8506570563 44.0223528496 45.5961625959 44.2974363338 45.5166659262 66.2089977617 66.2089977617 61.7891187103 43.9533678851 73.2496875402 73.2496875402 70.3030606966 45.6172867121 45.3104682287 45.5943277548 45.429679715 44.3819417509 43.0681389629 45.0265042419 45.4938530519 44.5988946901 44.9169944196 43.1389685904 44.8988488587 43.1948552157 44.7824146038 43.8232880091 44.1106062575 44.0885602233 44.6788422596 0 0 0 0 0 0 43.342660089 44.6181722645 45.5288089531 43.6088886675 43.4072277321 43.4638752862 44.0766058346 43.3571317078 0 0 43.3250052137 45.2635691376 43.8098581169 45.7365138714 45.0013255858 45.2214979054
44.2073360303 43.0329223744 43.6719724918 45.1783703304 45.4347367363 63.2935741148 66.2089977617 66.2089977617 61.7891187103 85.6794104117 85.6794104117 82.0755553912 82.0755553912 82.0755553912 43.3600402522 43.9996221158 44.5668034788 44.1931429094 45.6375433144 44.4303384822 43.2283781314 43.6031787625 44.5180840529 44.6197750787 45.5542502523 44.6879032456 44.7487874155 44.9036892423 43.9376860361 44.6604132343 44.4615032776 43.0223083033 45.2194011974 43.0983055976 44.5519761575 45.2585299785 45.3867638371 43.8206439279 43.658723137 44.0197405263 44.5087872694 43.4479853064 45.6900607954 45.4341163048 44.2212087497 43.9656246097 43.5107369169 43.3646353199 45.6290972198 45.6115332159 45.3317914052 44.4771543725 44.4787082312
43.5790025879 44.9498453098 44.6279265056 43.1279458829 44.4909783724 44.4230138688 43.9041644177 44.1762483038 85.6794104117 85.6794104117 44.5004142259 82.0755553912 95.2350146154 95.2350146154 95.2350146154 43.8326077059 43.7318281269 45.2078551245 44.3717336008 43.2020403854 44.0128833276 45.6711305618 43.7990887685 43.4330949164 43.0291318964 44.3447354626 44.4751804621 44.0352396658 44.3518792711 43.2333097795 43.0369611304 45.669680069 43.9162727257 45.7133278046 44.5119588808 44.8193753725 43.9963605475 44.7454792055 45.2258640833 43.2191509041 44.6061520232 45.2345412191 44.7684897883 43.3134149653 43.3759127748 45.815041983 43.2325233722 44.3078444073 43.1408250003 43.1140465139 45.5578448874 45.1497354537 43.5913348767
43.436778154 43.4009271391 44.0388834344 43.165117842 60.3162919918 60.3162919918 43.7992332807 45.6687599196 44.6543277467 44.5922554769 45.6970446182 62.9634374418 95.2350146154 95.2350146154 62.0158187428 44.1817314191 44.1618773555 43.1431320576 44.5237239219 44.5419769966 44.231550552 45.0063206255 44.7620210373 44.9790682289 44.8520429619 44.993038464 43.2838974951 45.5876812259 44.4120884122 45.5334588658 45.2389092022 45.5509932643 43.2760793791 44.5988135477 44.672169951 45.0055305172 43.3077035239 43.8332738868 45.6955033528 45.4887733898 44.6899288292 45.6111686879 45.1264062472 44.5170553956 44.9776535154 43.2307047005 44.30578514 43.5719984914 44.9836661322 45.4553115329 44.0850804352 45.0697507757 43.490443635
45.3041250674 44.2997479555 45.2448709381 44.4452218547 60.3162919918 60.3162919918 60.3162919918 45.02415346 45.6337656174 44.5136782951 75.5001352468 75.5001352468 62.0158187428 58.2410581205 52.2840012261 43.1974521357 44.1287012203 43.6899330168 43.7704233134 44.4721520436 44.3285720241 44.5018123668 43.1176683446 45.4696326026 45.2848959759 45.4501114678 44.2726575596 45.1512278082 43.4738852682 45.7042826085 44.0489081289 43.8508401179 44.9058865988 45.6677875023 44.4058991367 43.6892553724 45.5603118346 45.3956334737 45.5580581036 44.4710056211 44.990010871 44.9085874875 45.4018338944 43.8797935324 43.957766072 44.8800993781 45.7231783161 43.0508323391 44.3538076604 44.6731946398 43.8259218157 43.7616174188 45.3491369966
43.1247947765 45.7444984981 45.7160794593 45.359008733 43.9115086855 69.9700117723 64.9373243432 64.9373243432 44.110133619 43.3006402143 75.5001352468 75.5001352468 45.7690485913 45.5347426484 43.9805859888 43.7579575153 43.5566881741 44.1043828496 44.0544370794 44.1347911506 45.6551443997 45.1187844143 43.0451076101 43.966938523 43.4051874774 44.1302571903 44.5445150201 44.255385647 44.8283225724 44.9646850552 43.4929232873 44.3647541129 43.0046491409 44.0750440231 45.5819771713 44.50223004 44.1510173495 44.3234406153 44.6151581209 44.093303122 43.2152258872 44.7333964216 45.7140736341 44.0553465778 45.2974949321 43.4734148882 43.1295573552 44.3323739751 44.5289651552 45.2268299255 44.8678009789 44.7192566051 45.5015220237
44.2956716349 44.8312232057 44.6070828142 43.1271922272 44.7342877555 43.7248229854 64.9373243432 71.0819487763 71.0819487763 43.269984687 45.5959005058 75.5001352468 43.636559267 45.5543032819 43.8272025194 43.8125918691 45.8183366622 44.0915405697 44.5782637805 43.8767552615 43.7749090858 44.5763974225 44.1631091441 44.5892040755 43.5884910519 45.6933789737 45.5667224147 43.1753798738 45.4810329942 44.2266742677 45.5362203991 44.6876849413 43.6890612657 44.3692058408 44.9629007042 43.8931010733 45.6800140293 45.2707111388 44.6588856197 44.5596964957 45.0373778661 44.4909258592 43.9209050379 44.6751817878 44.8864352523 44.5056808393 44.6794331714 44.7861040826 45.093140742 43.3736612276 45.0255971062 43.9109824135 44.0454470914
43.1380367653 45.3494809454 44.8256537838 43.9119840622 44.8298523449 44.8573866366 71.0819487763 71.0819487763 71.0819487763 44.7586099862 43.7270871712 45.4468013805 43.9861513199 44.7549470826 45.6281567246 44.5579740227 43.0065320865 45.6985743559 43.4752809477 43.7195965556 44.6436076794 43.652030383 45.1728083869 44.2591434381 44.9803635942 43.5517636541 43.180258632 45.1195497849 44.3704913079 45.0275489307 44.416268793 43.814190498 44.6654169838 44.821645692 44.4216379566 45.6943867316 43.8432744447 43.4436420609 43.3269765362 45.1802147896 43.2588372987 43.8655090462 43.0935517845 45.8072655152 45.6403737375 44.1786094151 44.3956832585 43.1706360539 44.5861098111 45.0229818341 43.3501471384 44.9163468341 43.9363610694
45.0872773659 45.5415545042 44.0883315704 45.443841157 44.9959862436 43.0490908118 71.0819487763 64.1756922234 58.8810056895 44.746122313 45.2731399303 43.0041195802 44.2233556235 45.4194689537 43.0295413966 45.4781676837 45.6553589824 44.4380184386 44.9235903158 45.2877100921 43.0300136756 45.6849019421 45.1616368985 44.0168477006 44.9589238001 44.177942515 44.587257643 44.8879933848 43.064520272 44.0199489342 43.3432144172 43.949367526 44.5545857687 43.1288429698 43.2642321037 44.4548670509 44.0075725127 43.0983481695 45.800565582 43.0332437243 45.3851572429 45.6867637249 43.9098903386 44.2419629483 44.4142301068 43.3810811736 44.4877933875 43.8940367559 43.0007838415 44.1679256641 45.40462153 43.9537109577 43.5846994689
44.2968230117 45.3900345532 43.3051428373 43.8612705595 44.5725095871 43.1638384815 43.7230225563 58.8810056895 58.8810056895 58.8810056895 45.1978896463 44.4332049432 44.5113488047 44.8233681886 44.5433886347 44.5558047459 45.6442386019 44.6470711052 45.1279035458 44.3622181455 43.0668201723 43.4920137662 43.9686120028 45.2365048519 43.686253778 43.9754116545 43.6606689666 43.1580887275 44.4041774689 43.5751744778 43.7423514444 44.7338118192 43.985606571 45.2543136554 45.403914569 43.1726106001 45.6572261649 44.7598058862 43.8878619939 45.266219404 44.7188742956 45.0594517934 43.6591505249 44.378658625 44.2411374274 44.9435605378 44.1789045962 45.2614373305 44.6057192457 45.5891901515 44.2120287365 45.3505902016 45.7689128976
44.363803091 45.273361926 43.8144174378 43.9720469116 44.1353159829 44.5634871461 44.9100253734 69.2265571875 63.1811406463 43.8488155951 43.4863935569 44.892746959 44.7739590351 45.1811647901 43.7898398432 45.2178778149 45.4196798833 45.1706231323 44.5381148223 43.1796235382 44.4770928695 43.7857967621 44.3636020831 43.3724517363 44.527095682 45.6605301111 43.6466574468 45.1324437621 45.5445522461 44.3559792246 43.7638207631 43.8209536277 43.5910017275 45.6834179836 43.9889979421 43.5548560935 45.4743157709 45.4040583313 44.4397241585 44.1751891989 43.0538890489 44.505708241 43.523634262 43.1057023897 45.4341610244 45.4524464553 45.1692526854 44.7397785268 45.1514361824 44.4536702281 45.3504022896 44.5385445411 43.2175952996
