Spatial Output/patch_out_check_00005.asc
NCOLS 155
NROWS 192
XLLCORNER 196769.923733
YLLCORNER 449719.875193
CELLSIZE 27.603701
NODATA_VALUE NaN
[rows 115 to 137 of 192, columns 0 to 52 of 155]
0 0 0 0 0 0 0 0 0 0 0 0 0 0 0 0 0 0 0 0 45.7259260712 45.0568642016 45.6684849275 45.8386262069 46.2630117138 45.1664632824 45.3465780569 45.3817358752 45.9998018431 45.3600379175 45.7613422987 46.034206593 45.2293206539 46.1417226158 46.0209525344 45.3461274501 46.1472812238 45.3672335348 46.0585828811 46.3978045654 46.1895854775 46.215536898 46.1992846729 68.8297773531 45.9163867314 46.0646961811 45.4573660298 45.141988862 45.4448324379 45.6254575153 45.610346546 45.8735366576 46.0657885415
0 0 0 0 0 0 0 0 0 0 0 0 0 0 0 0 0 0 0 0 46.2293376933 45.7931238607 45.6845279605 45.2485029319 45.9541743975 46.2826891727 46.317165456 46.1552955875 45.3017165208 45.1166531058 46.0391668601 45.5103736588 45.4032278755 45.2070186854 45.1567724362 45.7856054791 46.2633879906 45.3715527461 45.7836943737 45.7340948583 45.9352148867 46.071329922 45.7718841927 68.3469395587 68.3469395587 45.8820993227 46.2857177882 45.8292073371 45.241108066 46.2975288691 45.7537535486 45.4668599217 46.0556181258
0 0 0 0 0 0 0 0 0 0 0 0 0 0 0 0 0 0 0 0 0 45.6988915818 45.326557076 45.2321985058 45.9112741162 45.1771979083 45.3345479325 46.3752865659 45.9266797745 45.7431217096 46.4102621501 45.3085800471 45.2612043253 45.5825878431 45.3618795156 46.1423370416 45.7004949018 45.2706340897 45.3341317951 45.1951943042 45.3743408795 45.2227984789 45.6297257539 68.3469395587 68.3469395587 45.8697969057 45.033347156 45.6453815251 46.357332953 45.3934187466 45.2081393478 46.2442317586 45.0591414132
0 0 0 0 0 0 0 0 0 0 0 0 0 0 0 0 0 0 0 0 0 45.0163141768 45.1890969733 45.0009025307 45.3698482862 46.1521330463 45.7206345687 45.7297697452 46.2545133986 46.0940320586 45.5562865454 46.0480351648 45.8183418415 46.1788183315 45.341196245 45.7086772363 45.1164082902 45.7212064469 46.3684082666 45.4004906865 45.9068689632 45.3385167572 45.7546321729 65.2131040799 45.3456928618 45.5346396966 46.3153158543 45.1294361495 45.1193834477 45.0861071482 45.6324474075 45.0092056623 45.0868005228
0 0 0 0 0 0 0 0 0 0 0 0 0 0 0 0 0 0 0 0 0 0 45.8720303237 45.345444716 45.8045280126 45.3853799817 46.2896661377 45.6757677167 45.6972906111 45.6769378459 46.1717816334 45.1111738993 45.4318552972 45.7212067164 45.1488354409 45.3425977844 46.2506325982 45.7337515712 45.069144352 46.0022183201 46.2765966801 45.0679175178 46.3588567718 45.6968229189 61.6323902858 61.6323902858 46.3392222961 45.7649023311 45.8410671332 45.7400967892 45.7871693088 45.4536349741 45.7602032159
0 0 0 0 0 0 0 0 0 0 0 0 0 0 0 0 0 0 0 0 0 0 46.3363297633 46.1669891731 45.4871519726 45.3806364021 45.4349242529 45.5041638499 45.6109705526 46.3798792851 45.7769921702 45.3545698944 46.0327966916 45.7381103196 45.9724997761 46.1974030542 45.9024455005 45.6113878222 45.7317175867 45.3422222101 46.0692786395 45.361763245 46.2314897678 45.7461310661 45.2907389406 46.2618224483 61.6323902858 46.039554026 45.3501505222 46.3315494779 45.6754531269 45.2804718302 45.9687849794
0 0 0 0 0 0 0 0 0 0 0 0 0 0 0 0 0 0 0 0 0 0 0 46.3519784607 45.5219973366 45.9700148562 45.5798234513 46.2812622023 46.2573181381 45.9202953282 45.8993899797 45.1546558625 46.132997487 46.0812553061 46.1409029715 45.587875686 45.2637470632 45.1425640783 46.189346503 45.4893732352 46.0827376434 45.1104432095 46.3334150172 45.0981352176 45.5678957526 45.1302889309 46.165949294 46.2242244699 45.3989951777 59.9095247772 59.9095247772 45.5391339803 45.5978539993
0 0 0 0 0 0 0 0 0 0 0 0 0 0 0 0 0 0 0 0 0 0 0 0 45.0266385634 45.1736948288 45.1215963643 46.2041319051 46.2243842042 46.0365880394 45.9394600677 45.9209341219 45.2345461957 45.0478402822 45.5023994357 46.0753491002 45.6887926737 45.0952244434 45.6330392992 45.2450815961 45.4853870481 87.5065528168 87.5065528168 45.5008173996 45.0139142464 45.6335565532 45.9148071391 45.2901694866 59.9095247772 72.5802267481 59.9095247772 73.8247242791 33.7759632586
0 0 0 0 0 0 0 0 0 0 0 0 0 0 0 0 0 0 0 0 0 0 0 0 46.1739144187 45.8925621793 46.3158531052 45.1199850351 45.5877910287 45.8332597043 45.8597420748 46.1294478617 46.1606332906 45.79448271 45.6256141502 45.2138127337 45.3637565541 45.7391146551 45.1502278044 77.2250413022 45.4585759372 87.5065528168 87.5065528168 45.8420609843 45.4587271731 45.9364413192 45.3880554006 46.389774939 46.4119350702 72.5802267481 73.8247242791 73.8247242791 61.8329570719
0 0 0 0 0 0 0 0 0 0 0 0 0 0 0 0 0 0 0 0 0 0 0 0 0 46.0964562881 45.6151978779 46.3799441824 45.7669696881 46.2249919742 45.2836901628 45.3979393416 45.3525475406 45.9454552552 46.1539914685 45.2453497808 45.7419499088 45.3443773274 77.2250413022 77.2250413022 77.2250413022 45.6707263337 87.5065528168 45.6260847523 45.8772186177 45.6467191277 46.3115958912 45.50677426 45.7786893279 72.5802267481 73.8247242791 73.8247242791 33.022823402
0 0 0 0 0 0 0 0 0 0 0 0 0 0 0 0 0 0 0 0 0 0 0 0 0 45.9654756569 45.590561729 45.9743898891 45.1792141027 46.036223276 46.2337290569 45.7066101633 45.7176453712 45.3198814647 46.0495681257 45.5419084377 45.4076957426 45.2060615796 45.2317637495 77.2250413022 77.2250413022 45.6056479563 45.3850538105 45.0654341028 46.0972881337 46.2239567035 45.7320927813 45.9564212233 45.0741498318 45.9720822094 45.4864104896 33.022823402 33.022823402
0 0 0 0 0 0 0 0 0 0 0 0 0 0 0 0 0 0 0 0 0 0 0 0 0 0 45.759783312 45.820117783 45.4989405586 45.0469335249 45.4415263492 45.5268101634 45.7193456156 45.9433866138 45.1840717269 45.5328389614 45.0181690658 45.6781112071 45.3794788198 45.4401268287 45.2676944008 45.9309807076 45.998944992 45.7463223439 45.2749352631 45.6643428085 45.1220203763 46.353222918 45.8906855519 45.7374294294 45.1188489741 45.4236589764 58.2529624234
0 0 0 0 0 0 0 0 0 0 0 0 0 0 0 0 0 0 0 0 0 0 0 0 0 0 45.8912581761 45.4662313232 45.9657115186 45.1116696268 45.7530626309 45.4902600994 45.2885125747 45.0916208959 46.3942514463 45.1443934673 45.496150681 46.2597801052 46.0247682688 45.8281704786 46.3814549206 45.1268821338 45.6503501568 46.1493093696 45.8566695922 45.0281891086 45.9080582578 45.0872197662 45.779110414 45.2423237823 45.6129145197 45.0519965964 58.2529624234
0 0 0 0 0 0 0 0 0 0 0 0 0 0 0 0 0 0 0 0 0 0 0 0 0 0 0 45.2042106127 45.4593298454 46.3941187414 46.0043604506 45.5166412077 45.5758317329 45.738991723 46.3901917622 45.4232684127 45.0967200913 45.7417647931 45.8773677952 45.4371489881 45.4830444375 46.1630513004 46.0032770151 45.2249379699 45.6565502648 45.6639948981 45.2035983593 45.9246185096 45.2586141565 46.3431930512 46.3767844735 46.1438192971 46.0883466813
0 0 0 0 0 0 0 0 0 0 0 0 0 0 0 0 0 0 0 0 0 0 0 0 0 0 0 0 45.6768927087 45.8024187745 45.400267569 45.9971841495 45.382513751 46.3925315632 45.0087755773 45.0844274109 45.7788920207 45.8409487639 45.5494216549 46.1135529561 46.3461464838 46.1961342202 45.2896155556 45.731295683 45.2189033628 46.2692577639 46.007818955 45.260533294 46.0283678518 46.1641738654 45.3544433798 45.8845775724 45.6557878338
0 0 0 0 0 0 0 0 0 0 0 0 0 0 0 0 0 0 0 0 0 0 0 0 0 0 0 0 45.5911258355 45.3517169393 45.8590835354 46.3253848576 45.6151902917 45.6274246715 45.5826134255 45.2774164955 45.7360971702 45.7715058842 45.7272155073 45.8058623 45.621670468 45.6388801873 46.0692558511 46.2515290963 46.1037035344 45.0703405086 45.3491926827 45.0196662063 45.0464443251 45.2047925198 45.6250146505 46.1192309731 45.0164873996
0 0 0 0 0 0 0 0 0 0 0 0 0 0 0 62.9903156317 58.857102703 61.6450066256 0 0 0 0 0 0 0 0 0 0 0 46.2588148665 45.0014840212 46.3770978425 46.3441643543 45.1761958431 45.1645967126 46.0252537889 45.261634542 45.9506983962 45.9990809552 46.039855726 45.4388110444 45.9169482907 45.4692739041 45.6704996666 45.3241169431 45.9327565141 46.3869748405 45.7308855561 45.5753571037 45.6855487431 45.7023323484 45.1225102787 46.0185292894
0 0 0 0 0 0 0 0 0 0 0 0 0 0 0 59.5289893111 64.6531915379 55.8407430929 0 0 0 0 0 0 0 0 0 0 0 0 46.4140623825 46.1148354544 45.1457720041 46.1601649016 45.8576017729 45.8965031264 45.2347241868 46.2046384782 45.9361486166 45.4602585166 46.2695152624 45.9251060249 45.5734682573 45.2466871697 45.6494879947 45.8910229946 45.218661741 45.2539431149 45.1496145588 45.4802440792 45.9478535239 46.1065991305 45.6488939563
0 0 0 0 0 0 0 0 0 0 0 0 0 0 0 66.6427802935 63.5580320791 53.5826595015 0 0 0 0 0 0 0 0 0 0 0 0 45.9539607477 46.3128803098 45.7250085298 46.2236013467 46.187875774 45.0765789358 45.4131448388 46.0670406672 45.9642380265 45.0948164927 46.1229056715 46.196314058 46.3914071574 46.0956540634 45.6549290667 46.0204216778 46.4029795864 45.4320668241 46.2056794947 45.5696873762 45.0999006383 45.6154462028 46.2413961951
0 0 0 0 0 0 0 0 0 0 0 0 0 0 0 0 0 0 0 0 0 0 0 0 0 0 0 0 0 0 0 46.2400519837 46.2955418412 45.8417586591 45.8129101509 45.2035358205 45.4871692352 45.9825266429 45.2823767282 45.7402547444 45.3031671897 46.0014145036 46.1225317053 45.6530490793 45.8027885498 46.0664523822 46.1483099195 46.0794530886 46.3103872447 45.7690974135 46.0395587383 45.2543275095 46.1735086659
0 0 0 0 0 0 0 0 0 0 0 0 0 0 0 0 0 0 0 0 0 0 0 0 0 0 0 0 0 0 0 0 45.1782495755 46.2045630006 45.9565902068 45.2015108017 46.2047420775 46.0844584357 45.8847922513 45.0143182517 45.9571145032 45.6486514102 45.2071657204 45.8936545904 45.6149787197 45.7657911749 45.2308865852 45.6393314393 46.1558437518 46.09316055 45.318458822 45.6125417166 45.822114641
0 0 0 0 0 0 0 0 0 0 0 0 0 0 0 0 0 0 0 0 0 0 0 0 0 0 0 0 0 0 0 0 0 45.7432291717 45.3561432718 46.1450263144 45.3831222048 45.786061024 45.4379389072 45.6168392338 45.5393128383 45.2595796568 46.030881377 46.3678955247 45.0128178169 45.5933859821 45.158685513 46.1867461021 45.1071636744 45.8590204886 45.3098243982 46.1602013167 46.202283215
0 0 0 0 0 0 0 0 0 0 0 0 0 0 0 0 0 0 0 0 0 0 0 0 0 0 0 0 0 0 0 0 0 45.4815767814 45.0647836393 45.7843520909 46.1584467469 45.7584676737 45.2429785082 45.6457201198 45.1570959562 45.5007425786 45.500791291 45.5869286234 46.2613609285 45.0510914441 45.6842917259 46.1139434637 45.8299129047 46.1699025056 45.4401914963 46.2786906412 46.4036929241
