Spatial Output/patch_out_check_00114.asc
NCOLS 155
NROWS 192
XLLCORNER 196769.923733
YLLCORNER 449719.875193
CELLSIZE 27.603701
NODATA_VALUE NaN
[rows 138 to 160 of 192, columns 53 to 105 of 155]
43.3051514047 43.2610156257 45.1056456375 45.2443350045 65.9830599284 66.4393037499 66.4393037499 66.4393037499 43.0954598602 44.3560955292 88.6391280377 44.5172190111 45.7024786164 43.1031199813 45.6618186597 44.6379047509 45.1146683224 45.7346960092 43.4256071378 44.8888627609 44.7554180139 44.8145044865 43.9963759943 43.6099909426 43.8084119945 43.7903856926 43.6784478403 43.6030382782 44.3285955308 43.0490447207 59.5965125014 43.81964091 45.2016805647 51.5344700725 44.2112584869 44.1645703036 44.3575293239 43.8899770283 45.2695400683 43.1102582964 44.8334477636 43.8826066892 43.8554235561 44.0651897528 43.5411395015 45.1318374714 44.2672105857 44.7163071238 43.5449875195 45.7574391281 45.1143459254 43.6125391431 45.3596457032
44.4616832766 43.799987695 43.6583442031 76.783018221 76.783018221 65.9830599284 73.8434063007 73.8434063007 73.8434063007 45.7073533177 44.9995521909 44.8063960521 43.8685884826 43.7450066784 43.4188723158 43.2104696361 43.8505356089 43.8884176431 43.6882132795 45.4097787313 45.3473136113 45.5199905696 45.0332023245 44.9697279017 43.5085998489 44.1262223003 45.5950740238 44.2040446001 44.4056399559 59.5965125014 59.5965125014 59.5965125014 58.702896902 51.5344700725 56.8832333724 66.1897013266 44.9839014186 43.6800009588 45.088351989 45.0530876584 44.6565824368 45.4705257665 43.485253096 45.0609460321 45.4250491076 43.5039765166 44.3584697401 44.2569600917 43.9372200637 44.2155791898 44.868592974 43.3731276833 45.5772972734
67.9736674392 67.9736674392 45.4839669962 76.783018221 76.783018221 43.3894652516 73.8434063007 73.8434063007 91.996307296 44.266057291 43.1896939857 43.007979704 45.2939679734 45.6656166355 44.7648726506 43.601273709 45.445434845 43.1250970919 45.2701371085 45.4970894524 44.5557520507 44.1689853048 43.6571223212 44.5332399183 43.3436582365 44.4357241632 43.1753392606 43.4859091246 44.2999441421 44.514255813 45.0615935264 58.702896902 45.1988616095 56.8832333724 66.1897013266 66.1897013266 74.4055964322 44.8566989371 44.9139451817 43.8725885508 43.6151783539 44.8471091538 44.8945752918 43.6643425843 43.6822695121 43.9803327935 43.9002774198 43.0099890739 43.2687567729 44.8723766647 43.8661685423 43.4823827228 43.9788714474
67.9736674392 67.9736674392 44.6410626281 45.0821190472 76.783018221 44.2378455118 44.9831027042 62.158736327 61.6426402554 61.6426402554 45.2631682709 45.2572277036 45.6560188654 43.0430372823 44.2850281666 45.246449207 44.8873624138 44.0560063753 45.2187161231 44.5209308574 44.1777505945 44.9468705402 45.6117064186 43.1766648544 44.0990559194 43.7585564752 45.6367900454 43.3982809964 45.5562078388 43.2489823991 43.1027955848 44.2340884984 44.0698137519 66.1897013266 66.1897013266 66.1897013266 74.4055964322 71.3768493134 43.4203433619 43.0076539696 43.2073166298 43.5810695617 45.2493166663 44.1898893047 44.0712836409 44.901365377 44.8456611615 44.6003189747 43.6830692335 44.8778114713 43.0984030037 45.3047208631 44.8468076572
44.0077247152 67.9736674392 43.4590140845 44.4181078508 44.2919311194 44.267484542 64.2333584435 61.6426402554 61.6426402554 45.1562013293 44.4559667963 43.2870495621 44.260824199 43.1116113061 45.503820994 45.2070031959 43.8931303201 43.8666978055 43.8108119662 44.5365958618 44.6764945187 44.0646874497 45.3839605587 45.771269457 45.1882620387 43.3556840627 43.4999463246 45.4575972623 45.2485432944 45.5084003469 43.0701399593 44.7274690162 45.2325124517 44.6210637151 43.4652265736 71.3768493134 71.3768493134 68.3645164883 68.3645164883 43.6873235187 45.7990112871 43.2582499583 44.3967981463 45.1760954022 44.5988821438 44.9641038351 43.1074065287 43.3860737284 43.4852617127 45.0111592138 44.7391453117 45.1940941502 44.4684018044
43.3564527393 45.4366043592 44.6917124472 45.422639374 44.4567745789 44.8171286197 43.861557306 44.6650002027 61.6426402554 84.0485600873 44.0367683562 43.8370888243 45.2783611191 43.3194296993 43.5168425279 44.6516040859 43.4705557729 43.1635809378 44.1532407654 44.3067949436 43.7171192261 44.4063766306 43.6595071224 44.3695763873 45.4556562708 43.8846237251 45.4405586142 44.1231755295 45.5070627119 44.7630835751 45.6349665549 43.0051971571 43.9667194327 45.1978135084 44.5867993474 43.9225671952 68.3645164883 68.3645164883 68.3645164883 43.868899941 44.6931591939 44.278645567 43.4642792623 44.5769520506 44.7966999049 44.9374512139 44.2419406305 45.5238392055 45.5481297388 44.944643494 43.6563798941 45.6887389706 43.8235076489
45.1227884513 43.6283406883 45.3323340864 44.2626391522 44.4833391341 45.1376352574 44.5834645102 45.3879012361 62.9706714669 62.9706714669 62.9706714669 44.8894352222 44.0676945103 44.479216595 43.7729667447 44.1546355916 44.6571645696 45.6133847447 43.1928575319 43.2956459577 44.288285918 43.4787407756 43.8313751458 45.4496057379 45.2471829332 44.5481671111 43.165059369 45.6507966824 43.2273869496 43.8909799964 43.7183666542 45.1842120107 45.2415993576 44.7228131254 43.339332475 43.5237369398 44.5276880015 44.8913422908 45.7202779601 44.1834520651 43.9210705462 45.3429616134 43.0137494256 44.9671185811 44.7936134387 44.9634595536 43.8184141435 43.543494815 44.6687206127 45.5458308914 44.0720375579 43.9214437848 45.6924380064
44.9296200602 45.4420499159 44.6855394176 45.6191890314 45.1838735817 44.819361875 43.9486773556 45.4634312607 62.9706714669 62.9706714669 67.631142893 43.0122504819 45.6850184491 45.6707058377 43.8209715877 43.8846505485 44.1223652269 43.5911657053 43.5108688312 45.0857611307 44.892280373 43.2885709735 43.8467688374 43.9268412659 43.9200506705 43.1479517956 45.1932382805 43.0824350333 43.6836955267 44.2598751537 43.4302831095 45.353974764 43.0964190376 45.3984526654 43.8296799234 45.7273515373 43.5431690854 79.3235605672 79.3235605672 44.6535968016 79.1997165674 45.8213791849 45.4764367109 43.7751735501 45.5070376405 44.8088049812 43.102374588 44.0388318797 43.4249041268 45.2489737168 44.6786357041 43.8250612472 45.6095443665
43.408766183 43.0438956694 44.9859053276 43.9035646274 44.0857248131 45.8103709145 45.2701387576 43.4822514897 44.8518824182 62.9706714669 74.5979064452 43.2038394731 44.4468759226 44.627414609 44.1375991678 45.191107405 43.1608798264 44.8401712741 43.713817028 44.8879256469 43.4293161183 44.1075814024 44.9084315547 43.3581124029 45.7010223332 44.9779533003 43.1412534061 43.6751367744 43.3723480685 43.1357844866 43.0141715086 45.3163832506 44.3429799013 43.5157187278 43.3842974285 44.3709186663 44.0387343795 44.4747287716 59.5760021502 59.5760021502 59.5760021502 43.291879645 44.3571412078 44.0533565598 43.3433650777 45.5704228089 45.2327301881 45.1448939117 43.8174135178 43.6592505523 45.0551292348 44.9347230796 45.0004864878
44.6524997799 43.6141757034 44.5046168739 44.936819156 44.1332419142 44.1896887354 43.9685591555 44.7735546913 74.5979064452 44.9466464074 45.3512880559 43.4815363027 45.7712273086 43.6249798179 43.876524642 44.0636071886 44.002568889 44.613948258 45.7542244777 45.2181914886 45.6194155938 44.3246874696 43.0491423443 44.9788809617 43.6632041982 44.667138927 45.2284395578 44.314913942 45.5871232048 45.7922114018 44.4605678962 44.0105589429 43.2573978397 45.3837505167 44.3359290058 44.297949868 43.9262842652 44.8231668253 59.5760021502 59.5760021502 44.575929595 43.5254641207 43.1481100749 43.7261369585 43.1315793433 45.0430732871 43.3071747288 45.381913311 45.473052103 43.6577692975 45.4889173493 44.181747074 43.5376749013
43.1112544097 44.612730507 44.848756923 45.0154471363 43.3335559651 45.5391358294 44.4866102073 44.8252756066 44.5816486551 45.4268743651 62.4269343667 45.3122678667 45.223363662 43.5996737677 43.6553735379 44.2465570666 44.9225477097 43.9483540609 45.4621155736 44.5294838234 45.345871272 44.9137307204 44.6683991293 45.2035365632 44.8917671474 45.1259261515 45.2617774753 45.1741578839 43.8868079767 44.5255579622 43.4352200076 43.8217118394 45.6967366632 44.8693146457 44.0278242749 44.5965018859 44.9643534266 44.2452296969 44.7076185513 43.2249924632 44.7173417041 44.6516858321 45.5267031272 45.271037288 44.3613696316 45.6511873441 44.492635468 44.8889669433 43.3113189904 43.888419941 45.4735580154 45.2428995747 43.122153302
44.3050559589 43.189524536 45.0884956693 43.705483016 43.4298409392 43.0249729804 43.6665996036 45.4444352849 44.6267082671 62.4269343667 62.4269343667 62.4269343667 43.9905989044 43.7953848693 44.1620753307 45.3180597753 45.0487606756 43.8681047237 43.267674421 45.1467407931 43.006705141 43.9784454888 43.5891953144 43.4629011571 43.6343386434 43.5173880286 43.1233049041 44.4116671546 45.5092958441 43.2776755256 43.7383221292 44.4539439482 45.1152960796 43.2928792773 45.7066717485 43.4408283763 44.2259659908 44.8296292681 45.6123935458 44.4098557124 44.8742748442 43.6336990393 43.488695245 44.8774403037 44.1942744415 44.2752819394 43.7420693346 43.2364219966 43.518076231 45.0079363467 45.3477260717 45.2547208108 43.3657472995
45.22700579 44.8068044001 45.0617614904 44.2490535414 43.8318014979 45.7313001621 43.4065429904 45.6767651168 44.4495278946 67.5290447488 62.4269343667 67.5290447488 45.5114045572 43.4340983976 44.8633496185 44.9182143788 44.4990688497 43.410156056 45.3085559716 45.5946162169 43.5780712419 44.1547536735 44.2142004549 44.5219812478 43.2387119441 45.0987504247 45.6810395452 44.2673478758 43.6818023371 44.8245373218 43.3278943732 43.2751852099 44.334176568 45.6703473814 44.7526858644 43.9897872548 43.9060079508 44.3314938202 45.4465041798 63.4406710293 63.4406710293 43.6880706852 43.414471904 45.3739413016 45.0635411264 44.3193959414 45.5725840377 45.1588616533 45.3332497568 45.2712795542 43.0363812211 43.1584870824 43.7018081263
44.1074767412 45.200636303 44.3611678007 45.231443259 43.5183332746 45.7437773613 43.2808980241 43.2614493546 44.134282669 44.4487689698 67.5290447488 43.8842654223 45.4714166099 44.9069117216 44.2439415557 43.8796011228 45.5170426691 44.8786789856 43.0565950136 44.6730838183 44.5748739479 45.3211683438 45.2591792062 44.0570077354 44.5507918827 43.4124515981 44.7002924755 43.6449522719 44.4723275244 43.3064980879 45.4652676368 44.4473538487 44.9348180932 44.3019614324 43.1547617125 45.3435313606 44.5054945661 43.4334058393 43.8555638055 63.4406710293 88.9313155739 44.5952828642 44.7211799009 43.3177774568 45.7429672381 44.2968616792 44.6727480223 45.1318007158 45.7244826554 44.2226847723 44.7553776957 45.6496265004 45.0134726478
43.6410641771 44.0585151398 45.7340764681 44.5475860436 45.4006597367 43.893003967 45.0948610359 44.1768509128 43.8708456532 45.5082263551 60.1786480515 69.6549453422 44.5427689512 44.8781224689 43.3317050155 45.1225247501 43.1188883927 43.1974750571 45.5768564513 44.6952833977 44.7193630798 44.6904860229 44.6027394166 45.1928308315 44.5761952605 43.5699134604 43.7217503501 44.9081115847 44.7584882251 45.3162058367 45.6140951314 43.825138949 45.1585767215 43.4900037615 43.3649851897 45.3521478784 43.6393313597 45.7903808044 44.0666240845 45.0998160057 53.1671803831 53.1671803831 45.4301130248 45.5277131077 44.4186486293 44.8209214121 44.1461816912 44.5179800541 43.3150039537 44.6283782887 44.994092803 44.1402239173 44.3716534273
43.5726458406 44.5577375602 44.3897517586 45.4239155235 43.8888159727 45.5907517089 43.497027776 43.7335320911 45.6846352489 60.1786480515 60.1786480515 60.1786480515 45.8185430076 43.2306928617 44.7241236598 45.2587548453 43.9263085779 45.1796411974 44.2837609399 43.1784307325 44.0637077066 43.6866284788 45.5977459887 44.5448905463 43.1545768729 44.0699346564 45.200888131 43.0918456923 44.209119427 43.5271347094 45.4342982242 44.7692156038 45.4629785348 43.2402970243 43.7476593727 45.6427305332 45.6384860226 44.2123015711 45.529054003 53.1671803831 53.1671803831 53.1671803831 44.5652203028 45.1667218966 45.3776369102 45.6655921511 43.5104502341 44.0940617528 44.4040005123 43.3139034787 45.5429329044 45.0109807849 45.7171480303
44.9174854263 43.6311304767 43.9405618301 44.3442602171 43.7748123318 43.5525094744 45.0502687949 45.7734038905 44.4017200923 45.4003589339 60.1786480515 32.8948535082 44.3160628412 43.2508039918 44.1760096999 45.0868958368 44.0616700126 45.110157364 44.588205487 45.7563228653 45.5462102409 45.6633467812 44.7470439253 43.6303944266 43.5597560782 45.5701840235 43.5199972881 43.7609902656 45.0395643473 43.2744271625 43.1130219553 43.3917322283 45.5648692587 45.2088112245 43.3458273197 43.5893128549 45.1751427666 44.4562012933 43.2753132627 44.826911187 53.1671803831 45.7449096413 45.4777063455 45.3537548493 43.9379954871 44.5079573778 44.5791976841 44.1553559614 44.139798872 43.8352579241 43.0022273736 43.7761758619 45.426539885
43.9985329547 43.3090897581 45.4011439278 43.7586558273 45.4647988826 45.306891952 44.0900012612 44.5157943275 43.6115273456 45.8022615694 45.805639968 44.3941369392 45.7851345123 44.6377384095 43.1592748276 45.1098532887 44.724590419 45.5170517034 44.5648444438 44.9490843558 44.8822153213 44.4212234723 43.9264704399 43.505478593 43.0969017604 45.4579689028 45.826214162 44.7460442553 45.0678725794 43.0339396978 44.9368249328 45.804806691 44.9926937002 43.3318800756 45.5333583119 45.3756900822 45.1779981014 43.9405129098 45.6652421729 43.5474632557 71.8905008191 44.1665157863 71.8905008191 44.4532753288 43.9381736874 43.8937812342 45.5778032364 45.3134899463 44.5655131312 45.8002666389 44.0568042998 43.9358575841 45.0948046982
44.1598442059 43.9149921603 43.6804966391 44.1486784642 43.0122200484 44.409905814 44.658102376 43.9913427709 31.4191337642 31.4191337642 31.4191337642 31.4191337642 43.2410877586 43.7135760774 45.4304942429 44.4635003518 44.4980953621 45.2778605926 43.4793255055 43.6134484885 43.6741434292 44.4860930694 45.4561574416 43.8912648335 45.067251578 44.7541947771 44.4816499199 45.1036821959 45.0349086894 45.7304044862 43.4882277818 44.359360235 43.7014582133 44.3696495178 44.7394505607 45.3799844466 44.5424420048 45.5730809002 45.7345440921 44.7065256613 70.6432741008 66.558612123 66.558612123 45.8268417267 45.6967398083 44.1279672377 44.0670673714 44.8104212426 43.6891321899 43.2031571519 45.3188854168 44.3946102712 45.1145700644
45.3913760525 45.2952418822 44.7320620434 44.3875556704 44.1786334962 44.1155874488 44.543544762 45.4743500922 32.5840115778 32.5840115778 32.5840115778 32.5840115778 45.8158182242 43.1917935466 44.258001814 43.8141941427 43.3754497738 43.2226366674 44.45945214 44.8483365246 44.6142491536 43.4254132077 44.6857404544 43.1940915095 43.5678669131 45.0784153892 43.7685720698 44.2075393097 43.1069726483 43.4345666075 43.9086338803 43.825247659 44.9888336322 44.8229490624 44.1030665703 45.0572540527 45.6879954533 44.0491810968 43.5481960105 43.6706719985 66.558612123 66.558612123 66.558612123 44.3095862129 43.3093535978 44.1420952645 45.6631900375 44.882431391 44.0263982165 44.3807962048 44.6326644451 45.2143083073 45.1291440803
45.4105702817 44.4954022548 43.4205205012 43.4040916442 44.4924351903 44.4974363283 44.3821333059 44.8295895808 45.2153931567 32.5840115778 32.5840115778 86.9424552067 43.7439752318 43.1757273959 45.0924686428 44.9583648595 43.6139258268 43.7251019679 44.0490940389 43.1586235706 45.1313163707 44.2449834742 45.5392858816 44.597861979 45.5372492425 44.4686737914 45.0383579028 45.4064051571 43.4051108284 44.7129908899 45.3702227506 45.4053744872 45.1438754212 44.6869718824 44.7354013455 44.2515848955 44.2044836468 43.0178316798 45.7818661924 44.1167389959 44.8649879312 66.8779358908 75.5953959612 75.5953959612 44.4934327539 44.6037925437 44.300316705 44.2826864171 45.4284891295 43.2399519774 45.3428152546 43.5176768969 44.285313592
45.0511075035 43.9528377673 43.6294309033 44.1028867271 43.2131815257 43.4102516964 44.6576604075 44.5238691303 33.3163382517 32.5303995507 32.5303995507 32.5303995507 43.0650144356 44.0778790994 45.3607166326 45.7624730037 45.3660961116 44.4339520116 43.7084895157 43.6290817944 43.1657648302 43.3833770727 44.0814429668 45.7394544288 44.3592020304 45.1656116837 44.5347027376 45.6197456141 43.2138410517 45.1928924658 43.4732811713 45.5647776253 43.7934377127 43.0224213318 43.0750555847 43.4088667396 45.4341813189 43.3580778505 45.4314100519 43.6209947976 44.9612694077 75.5953959612 75.5953959612 75.5953959612 57.4457092192 43.1446489599 44.5404666571 44.3188408333 45.0942396952 45.149124058 45.3678648437 44.3287455734 45.7999104758
45.0756189866 43.6354052725 45.823870881 44.8590050766 43.4868767406 43.9051304196 44.9619070059 44.654275691 31.4958806456 31.4958806456 31.4958806456 31.4958806456 44.6934913349 43.1175216812 44.645463981 43.8642652711 45.1558713171 45.7676350262 45.1123592315 44.8815786928 43.1043028354 45.0189912678 45.1754766756 43.0043226738 44.7884708649 44.7482924963 44.1767628881 43.6088294028 44.8622805461 43.5425490782 43.2843933493 45.2655854252 44.9094091166 45.6295357916 43.6794626571 43.7141254844 43.2848818959 44.8653329172 44.0769735006 43.0950240176 43.3271123079 43.6853066761 57.4457092192 44.1294495153 43.4474074447 43.2682825324 44.4853155408 43.3126990624 43.3993993149 45.0777223918 43.9336047013 43.0534709026 44.8181943099
