Spatial Output/patch_out_check_00040.asc
NCOLS 155
NROWS 192
XLLCORNER 196769.923733
YLLCORNER 449719.875193
CELLSIZE 27.603701
NODATA_VALUE NaN
[rows 92 to 114 of 192, columns 53 to 105 of 155]
45.5164147745 45.7592473721 46.3470017911 45.377217479 45.1058848476 46.2264613903 45.813062699 46.2829672037 66.5475802306 66.5475802306 66.5475802306 46.2361346744 45.8784798648 45.929851203 46.1887664111 46.3256970249 45.4659721199 46.2931233846 45.4653616569 46.1376389427 45.760673198 45.2379002339 46.4032582821 72.761698244 72.761698244 72.761698244 45.3718195846 45.7600910681 45.4529842548 46.2447901097 46.3072439127 45.8423583663 45.144287528 45.2151782831 45.9363814088 45.4355619716 45.4051682602 45.714254774 45.7090375896 46.2669293117 46.3173460631 45.243937653 45.3637654583 45.113228131 46.262226686 45.9409138906 45.7902359224 45.1666264862 46.322677971 45.0483197699 46.2528799771 46.1041693549 46.0557589817
45.0887132669 46.128414651 45.4079294507 45.7074452906 45.1293674165 45.4446827945 45.342141742 46.3071850916 45.2853536725 65.0350539899 65.0350539899 46.0132511395 45.4524047492 45.7482661965 45.3119984718 45.9186011815 45.6411080238 45.122390278 46.4112682424 46.0279770151 45.1766211926 45.9417584243 45.9963294358 46.0665429054 46.0859504928 45.9201366937 46.0449826441 45.1804324643 45.8270632509 45.6526835047 45.9870163189 45.2273146238 45.6463030643 45.7046906374 45.819182488 45.6959468816 46.1118347442 46.3419001739 46.0777891707 45.733219999 45.4052513753 46.2893533923 45.0418210353 45.0698426617 45.3472826402 46.2358782825 45.5693277117 45.0542561662 46.0025132935 46.1135557954 45.3507783925 45.6057567876 45.7111686679
46.0813284975 45.9881109136 46.3584467073 45.3259401163 45.6614715692 45.2993402987 46.3835433397 46.1620329269 77.7160916923 65.0350539899 65.0350539899 46.0452834174 45.0891423557 45.2042254712 46.1411731094 45.5713740884 46.3077436379 46.2048832487 45.5039665523 46.1495854959 46.2692357384 46.0241643016 45.5250212699 46.0438842317 45.414658502 45.5064234525 45.8215559628 45.8984932252 45.2527804554 45.1968913903 45.7564437549 45.660454186 46.3537559168 46.3912446193 46.0114193393 45.1653193405 46.0613561883 45.4450154004 45.8087848739 45.9703843205 45.2476328793 45.0476146563 45.014964264 45.8422113566 45.0632048986 45.4140950905 46.0702904801 45.4741024925 46.320589489 46.3081157288 45.3594667216 45.5640065046 46.1688201328
45.6928465065 45.9889427953 45.2981473898 45.7297296431 46.1393385787 46.2842991239 45.1115453573 45.2590841997 45.2306928324 46.411960213 45.6473901341 45.9434845794 45.5471072878 46.0066491034 45.1073916928 45.9495232983 45.478740076 45.5799757964 46.2856492722 46.3478012738 45.6370360357 45.9008219339 45.058395203 45.5125956318 45.0067926385 45.0783960275 46.351524644 46.1587542701 45.6406475337 45.9560659977 45.0156307882 45.1946956421 46.289931454 45.8321133477 46.3743891988 45.8353882856 45.2600462207 45.7692831867 45.6587559363 45.8286990467 45.5521179048 46.3181590285 46.2105780213 46.2007711328 45.9024673325 45.8342910899 46.3254880027 46.0454732882 45.004720858 45.2462762891 46.2021216456 45.2975059108 46.0179153303
45.8936044465 46.0057208561 45.1726702005 45.2852411483 46.39217232 45.0853817734 46.2302780281 45.6296530663 45.1200446017 45.3234607633 45.2884677114 45.8633538197 45.4139972925 45.0092364064 45.4239272069 45.0261421716 45.3663878096 45.19129099 45.0482563928 46.2566460788 45.3420222125 45.3138283776 46.1656213904 45.3391682488 45.9946163893 45.9303015533 45.2400687905 46.1706242923 45.8246812033 46.2477941286 45.1996025521 45.8213334956 46.2627843677 62.6462809439 45.1384724331 76.0485334901 59.934783596 54.1644652216 46.2300230953 46.3868594906 57.952508592 75.2470528962 75.2470528962 46.204508713 45.589671266 45.9451590041 75.4728272992 45.3352617651 45.8033508091 45.3578973352 45.3596840285 46.3237329543 76.8914769296
45.0716892205 45.3683010007 46.2845394237 45.8539735229 45.4662935331 45.7615729884 45.2678183228 45.3400243565 45.1843317762 45.0851769485 45.7748368903 45.1795658777 45.7762020714 45.81214558 45.8055846498 45.681687841 45.5701435645 45.1135811529 46.2795563465 45.5779948762 46.0249803006 45.216848738 46.2807861474 46.1263333975 46.2078896645 46.2788534208 45.0339815584 45.54629989 45.7751505076 46.2875571972 46.2125426198 45.092656524 45.0700832516 62.6462809439 62.6462809439 76.0485334901 76.0485334901 59.934783596 45.0350302505 65.8612852098 57.952508592 57.952508592 75.2470528962 75.2470528962 57.6411827499 75.4728272992 75.4728272992 45.6044328851 45.9519795811 46.4120314026 45.0755593668 45.1816248096 46.2652785173
45.0768010168 45.4093954493 45.7122952717 45.8821818779 45.867260086 46.1185422233 45.4817620165 45.6721673094 45.2294117953 45.0061489353 45.64399751 46.3524835457 45.8875378357 46.2757772003 46.200126168 45.3734824568 45.1619675163 45.6265928213 46.1394552064 45.2517204333 45.7601322551 46.0669523927 45.1084509361 46.139742904 46.1414919493 45.4883269818 46.1692601959 45.6038293045 46.3567932626 45.8685524353 45.5262814855 45.5153619316 46.1194751984 62.6462809439 62.6462809439 76.0485334901 76.0485334901 54.1644652216 45.0093424255 46.367246987 57.952508592 57.952508592 75.2470528962 57.6411827499 45.8901895479 45.883556596 45.8844305898 45.6533114555 45.4953692109 45.6682746399 45.086089572 45.0883903184 46.402419109
45.4756819654 45.1533545146 45.4838685547 46.124201357 45.4480993656 46.2549266043 45.8860200357 45.7566714792 46.0977713293 45.6159712249 45.0095956916 45.0430514426 45.5488643809 46.0680588972 46.2420301905 46.0506740534 45.7789288752 45.737765614 45.6447389782 45.8632848336 45.3498561867 46.325237668 45.4265018209 46.0292507089 45.1165353086 46.2862263865 46.1720946934 45.6910462985 45.0160118013 46.0241200255 45.12113265 46.0737424707 45.9895941754 45.5434307003 45.9026904237 76.0485334901 59.934783596 45.9815954644 45.4999822138 45.3299469747 45.1367772434 45.7867001227 45.9864341971 45.459860199 46.3758170837 45.9260446255 45.3005515292 45.9476438676 46.2830635959 45.2416180929 46.2774292397 45.7308883199 45.122742339
45.5818772455 46.1636376572 45.2015072202 46.0223343847 45.0849726847 45.1257159908 45.7317727676 46.0170939447 45.8509336033 45.9361181323 46.0825174275 46.1178493424 46.1608739291 45.389515085 46.1311211884 46.0221856105 45.7166007776 46.0593753118 45.3117594138 46.213912578 45.2726293585 45.8116880923 46.0547832548 45.7973946899 45.7130980551 45.701597039 46.1698914273 45.1154645634 45.3310577685 45.0420764445 46.1625264789 45.1390765837 45.9609915653 45.5062173307 45.4332615502 45.0500446967 45.2230627977 45.1056829286 72.0822851488 72.0822851488 45.5252465216 45.5508517446 45.8319035121 46.3237950722 46.1968895184 45.1508877058 45.8264898262 46.1589430075 45.7069695668 45.5975528996 46.0018210784 46.2972450344 45.9147078609
45.6183752076 46.3879091364 45.0380636914 45.1805012487 45.6687990703 45.8012532067 46.3056744149 45.2853401962 45.940455218 45.5065639719 45.1613665531 46.3502697037 45.0522727336 45.2418906076 45.1027246175 45.61241236 45.0581530748 46.3901835462 46.2371633923 45.6807383664 45.5221206642 46.1727070863 45.3231087719 45.6490501689 45.0723158759 45.5500723247 45.7767193015 45.2267094645 45.4834396489 45.1075083719 46.2755675534 46.3119710105 45.367523372 46.1603315618 45.5156839059 46.3544192893 45.47650671 45.3870148638 46.2147684184 72.0822851488 46.0852437909 45.1543036958 46.1936883008 45.8140830623 46.2004616466 45.8886468492 45.0289704599 45.7427261088 46.2707866242 45.4885806557 45.4834731312 45.8267232911 46.0325396972
45.9627618227 46.3501693881 45.4171246702 45.1101356853 45.9397693814 45.340411369 45.8449669451 46.3437164093 45.1326401725 45.6299911283 45.5932730741 45.4364282633 45.5882591699 46.0554015188 45.5613317885 46.3961325395 45.2128597056 46.3224360966 45.7267638883 45.5891953148 45.8494957623 46.0874858412 46.3707630075 46.1793502826 45.3263497343 46.179276373 46.4109284404 45.9880054228 46.2204153561 45.9341567405 45.9147915937 45.3955236404 45.4648201107 45.0892963599 45.3731016801 45.7495084178 45.2382636971 45.9501828535 45.3414792868 46.1490622988 45.1569169156 46.1057072156 45.5997621294 45.6838905715 45.2537073619 45.5955800066 45.3804342866 46.0128009357 46.2948653254 45.7161222971 45.7715544889 45.1761091032 46.0708871847
46.1881794254 46.1262846345 46.1748722739 45.1885250439 45.7824900404 45.6174627585 46.0728005945 45.194740518 46.1155649418 45.2674057103 45.1181299676 45.3359821434 45.5503044741 45.9270792186 46.1109743169 46.3449519393 46.1984575063 46.3760098479 45.5301525452 45.2930096992 45.0996434363 46.0177095075 45.2427596363 46.2159679531 45.50185142 45.8880008003 46.2804373693 45.1021068019 45.5930819686 45.7619871486 46.3786135939 45.2232838102 46.0198931943 45.8053564104 45.1473847911 45.511562809 45.0936165758 45.6241240021 45.0433616359 75.7685716217 46.2801739667 45.2748308397 46.3006477617 46.0562859744 45.2885430826 45.8587567146 46.1751074468 45.5172725649 45.6813725437 45.1879205177 45.8500019377 45.7895534208 45.7029908837
46.148209348 46.2620130715 46.0856681271 45.7977963302 45.8942608338 45.2705566763 45.7578147703 45.841072312 46.3047216205 46.0939591602 45.6485170071 45.0142089035 61.5468563991 45.8468721726 45.1726762146 45.041179643 45.5615441452 46.0057491563 45.8751437272 45.9095492607 46.0685320825 45.5200692232 45.7933464824 45.0951185118 45.53929496 45.7231210848 45.6540117356 45.2523340789 46.1392954823 45.0676870119 45.9067080763 46.0646267029 45.2288655695 46.2426960157 45.985973494 46.3978846743 45.5161841635 45.0133035773 75.7685716217 75.7685716217 75.7685716217 45.4110059212 46.0150521009 45.5607890342 45.2791385958 45.4179096828 61.3897436095 45.8746319419 46.1017523261 45.013605903 63.4217662892 45.8847991748 45.4582913902
45.8014640283 45.9561524236 46.038034221 46.0410117992 45.3280123662 45.2602053344 45.4644674997 60.3067156912 60.3067156912 60.3067156912 60.3067156912 45.7862002933 46.405016863 61.6077199413 61.6077199413 61.3585440723 61.3585440723 45.3746713177 45.041348605 45.912655894 45.0189995336 45.5674381282 46.3423777796 46.0735229029 45.0565485179 46.1646665107 45.4338926127 45.7377196728 46.2041487206 46.1664600363 46.2499193232 46.4045585214 45.7432867282 45.5275627241 45.8526835232 45.3868908814 45.1650673113 45.8796201577 46.148842973 46.0212975046 46.2283599395 45.5214458693 45.4450226067 58.3060635074 45.3071533242 54.7986683357 61.3897436095 61.3897436095 45.0297737747 63.4217662892 63.4217662892 63.4217662892 45.1848015765
45.3598693748 45.7592785761 45.6726094143 46.2729000815 46.0224198421 45.8295678543 46.0130006187 60.583741572 60.3067156912 60.583741572 45.9851425499 45.7585599406 45.9093808273 45.3906743686 61.6077199413 61.3585440723 61.3585440723 45.3989340268 71.1918210814 71.1918210814 45.651160293 45.5267606786 45.6891473617 45.1886631089 45.5805050557 58.5402215473 45.7108682368 45.915469326 96.8229108032 46.2041442238 45.8525918809 64.1949766428 75.0614832021 63.7952055531 46.0629929043 45.914063181 45.2279755101 46.100470405 45.6827988419 45.5365806238 46.1723982894 45.0304581614 45.1499408273 58.3060635074 58.3060635074 45.5184732697 61.3897436095 61.3897436095 45.7425943325 63.4217662892 46.3586476846 60.1732742173 45.5565582765
45.1026837315 45.5489728066 45.3432182872 45.8821104697 45.9826843849 45.1486359763 45.718532305 60.9291285304 60.583741572 45.0362235252 45.763854194 46.301193385 45.689085001 46.0577199653 45.2064647525 61.3585440723 45.1954644175 45.5377981983 71.1918210814 71.1918210814 45.7893592048 46.1874599285 45.8024267669 46.1030277735 58.5402215473 58.5402215473 45.1247251583 96.8229108032 96.8229108032 45.0757773294 45.75103299 64.1949766428 64.1949766428 45.7528579378 60.2884574633 46.1998308045 45.2286833938 45.3073250091 45.8579273528 45.2681280162 45.2646116221 45.382952506 45.4336029686 58.3060635074 45.5291483566 45.8642923911 45.7198494933 45.2072219448 45.1254744846 45.6350161247 45.124549073 46.0823620244 46.3237789822
45.6480968128 46.0577955535 45.8224537628 45.4711849905 45.145703144 45.0571954911 45.208666091 46.1941379105 46.3064429062 45.8489846469 45.6023902981 45.737518832 45.0414414726 45.0733154838 45.0297593315 45.7235774152 45.8254304429 45.5180191096 71.1918210814 45.4030565322 46.2503696271 85.1541173464 45.0967733756 46.2840234091 83.4243747167 45.9094043353 45.1292807206 46.0905206856 96.8229108032 45.2649254187 45.157633774 64.1949766428 75.0614832021 45.1992853902 45.4541241816 46.2852545546 46.3179446171 46.2282422349 45.3022392353 46.0434102727 45.2953787489 45.002842772 45.6065123885 46.0058729583 46.2354815734 46.0345842122 45.3497792311 45.8391735414 46.0866749793 45.7297628833 46.3306392977 46.2111309421 45.3411012906
45.2379245443 45.5777245843 45.6029579694 45.9117493819 45.9103475847 45.5131631464 46.1606707489 45.1224890592 45.7542873896 45.5267282749 46.1913139369 45.4805635034 45.4132814119 45.942715777 45.2886917916 45.3691029014 45.3154267943 45.8263358746 45.0477566557 46.1546804136 46.2233046958 45.3271795296 45.0984055245 83.4243747167 45.8322821305 45.3169752493 46.1048481014 46.2276417252 46.3556086453 45.2034566653 45.7843331745 45.9271848783 45.2794065592 45.8042241762 45.8604561983 45.2424979998 45.1260816152 45.5391230148 46.1770618995 45.3437114763 46.3988992301 45.6037221377 45.697432447 45.19718196 45.1883832106 46.195031321 45.4961488762 45.605955885 46.2339375793 45.1688860006 46.347925899 45.3159515281 46.1051525268
45.9524452932 45.5236002614 45.9440784984 45.1937152395 45.2654434209 45.6679566718 45.4778893629 45.1240285306 46.2773842615 45.3730393138 46.2196441671 45.9243719948 45.5979150715 46.3982121614 45.9470504414 45.039883784 45.5236800149 45.9200078782 45.8998902107 45.8014354651 46.1361254544 46.4055318139 45.2676649023 45.2649976426 45.7973361027 45.9244072345 46.3133517202 45.7989053917 45.7763025989 45.197701715 46.0609000583 46.0368422533 46.0745436112 45.8342484672 46.1512358342 45.2824029312 45.4085077437 45.7753567361 45.5325808632 45.801790546 45.9108138566 46.3545365791 45.8161094563 45.595719838 45.4118571651 45.0326102876 46.2537246281 45.5633896267 46.1516472956 45.6204697328 46.0151756925 45.1391285399 46.0315047132
45.0506575782 45.0309252916 45.6624693582 45.9312810265 45.4533938202 45.631952757 46.160543597 45.2443987841 45.9373859355 45.2068870256 45.8319876718 45.8475409867 45.7021064278 46.0771855999 45.0746900244 46.1444512859 46.1608284772 46.3725589094 45.9292460322 45.2255008954 45.4029903033 46.1864320477 46.2639991304 45.636479349 45.1797218875 46.347798411 45.2877208753 45.2304882437 45.2399093987 45.7737533119 45.6640122173 45.4222523617 46.1827904984 45.1290818244 45.1989134795 46.1262960403 45.6319333081 46.0758299165 45.3106428727 45.7586026884 45.4164037438 45.4887765244 46.3525535915 45.4454139351 45.5463363658 45.4737148118 46.402403467 45.4402395586 45.9596279376 45.2784480569 46.3845023663 45.7371676212 45.5613503889
45.5580181984 46.1281785987 45.8912592278 45.406725232 45.4301409798 46.2658319959 45.0338419868 45.7212630143 45.8846451869 46.1949609111 45.4578269636 45.7658561542 45.5150100741 45.2026894591 45.6682627475 46.1326433711 46.3715144642 45.9166132112 45.785057723 46.2651005634 45.9065369784 45.3109120661 45.5037113444 77.9711505451 77.9711505451 45.4395689253 46.2352323943 46.0866876917 46.400025625 45.8251280056 57.1717397372 45.2829633919 45.2765609754 45.104181622 45.8516953871 46.0625554103 45.0254960514 45.8444079793 46.0026281268 45.4754579662 45.179511525 45.419655074 46.364508419 66.8692620522 45.6773453923 46.0736137984 45.8227040691 46.3411121309 45.905201866 45.499333088 45.6717639298 46.3444987841 46.3175269095
45.6401607271 45.4766991598 46.2223008162 46.2179542107 45.4614594671 45.4817763749 45.0232254381 45.4381520388 45.837942467 45.0191634097 45.8902739235 45.4989541301 45.6059354905 46.3446787215 46.1545703002 71.639319773 53.3289545199 45.3159385483 45.4317794337 75.4180253799 45.0920547691 45.6250922762 77.9711505451 77.9711505451 77.9711505451 77.9711505451 45.5648123913 45.9545335162 45.9100559659 45.513988322 45.5044174493 45.6999582184 45.2464192365 46.2875696581 45.2732178056 45.7014601919 71.0993651068 71.0993651068 59.3128396737 59.3128396737 54.7592280877 45.317152554 66.8692620522 66.8692620522 66.8692620522 45.0657207265 45.0000315923 45.253509274 45.283209022 45.3740903646 45.0347752358 45.5659807758 45.0430992812
45.182297993 45.7114766178 45.3470745199 46.3185530083 45.6243012121 46.0196683908 45.746952097 46.3954943452 45.751699927 46.4013518094 45.452765217 75.97056685 75.6871777099 75.6871777099 45.908989064 53.3289545199 53.3289545199 79.5907116305 75.4180253799 75.4180253799 65.2793454277 65.2793454277 45.0522377465 45.7127625693 45.0953669201 45.9554260826 45.7455283435 45.2527894315 45.4063352861 46.2997627833 74.7870755228 57.0953755277 74.7870755228 46.0014736104 45.9933900855 45.2099288537 71.0993651068 71.0993651068 58.9666329038 59.3128396737 54.7592280877 46.0252790729 45.3914998235 66.8692620522 46.257157073 45.7593435238 45.470470583 45.9503656188 45.3533248771 45.4756621571 45.9946685523 45.6533545312 46.2203073367
