Spatial Output/patch_out_check_00142.asc
NCOLS 155
NROWS 192
XLLCORNER 196769.923733
YLLCORNER 449719.875193
CELLSIZE 27.603701
NODATA_VALUE NaN
[rows 92 to 114 of 192, columns 53 to 105 of 155]
45.0985856826 44.8317780014 45.1488724194 44.9856130319 45.1440784137 44.957134829 45.0639041322 45.0273467302 44.6448884627 44.7825430876 44.5315351654 44.9561620056 44.9369826992 45.1394601892 44.7127505552 44.9630792382 44.8972070797 44.7876657305 44.7569167507 44.59486914 44.5716108466 45.0119730008 44.5262116639 75.501463621 72.7244371999 75.501463621 44.633512607 45.016551211 44.8195477324 44.5478341917 44.8387004324 44.5631621444 44.5682855253 44.5437642593 45.172878504 45.1427361439 44.9550650777 44.5072338451 44.6588633985 45.1878416547 44.5598675236 45.1698610133 44.6223355845 44.5075614065 45.0758197366 44.9127978275 44.5929730447 45.1305014949 45.0069496587 45.0211842917 44.730555237 44.5056200758 44.52134
44.7351446816 45.1414120669 45.1158420011 44.9050400741 44.9918142614 44.6418323481 44.6175617394 44.8746080724 44.6886068455 45.1868972067 44.548023796 45.0758151854 45.07609607 45.0905625961 44.8799264682 45.1587484709 44.5137219037 44.9345275552 44.8421140611 45.1959431715 44.8783604955 45.1554286207 45.003744459 72.7244371999 72.7244371999 72.7244371999 44.5845794777 44.5830277206 45.0974397695 45.166961906 44.9553358231 44.9968795719 44.6329276527 45.1810900582 44.7138811259 44.6864962999 44.6774524824 44.6060068185 44.9954649568 44.6463755385 44.5266325158 44.8021096844 45.0521960029 44.9224426041 45.0798667181 44.8873679678 44.7273809296 44.579487574 44.6870266053 44.6932534851 45.1890127186 45.0219478656 44.5772211081
44.6130852431 44.7232621654 44.9463758493 44.5647175064 44.5394553141 44.8783958282 45.0697639166 44.7341841766 44.9813918733 44.7748565522 44.7951649292 44.8156301636 44.7531059267 44.9859072221 44.6693135061 44.658999599 44.9996319916 45.136505286 44.8236369097 44.5116045869 44.7748003826 44.5913603757 44.6996682604 45.0587770929 59.9111928926 79.7686575426 44.9820187483 45.1299802717 45.2009011607 44.5646450578 45.1441873022 45.008449271 44.9887697638 44.5882198327 44.6683858071 44.9331261996 44.9546907865 45.0513907625 45.0307674437 44.5532532785 44.6392172751 45.1330747809 44.8030842579 44.5432597756 45.129103618 44.7617898347 44.6938368362 44.7495029744 44.6633376061 45.1778177601 44.8842001881 44.5263696599 45.1507421428
45.017539962 45.1225588861 44.9532402242 44.8886653948 44.7737565499 44.714656597 44.6046607298 44.8267294661 44.8469879635 44.8253354627 45.191234683 44.9282419572 44.5393839504 44.8960177815 44.7263606405 44.7036739272 44.6771483146 44.8489927883 45.0410072577 44.7121337266 44.536059817 44.9496325846 44.9268439318 59.9111928926 59.9111928926 59.9111928926 44.562961073 44.7396019305 44.945589315 44.8549290197 44.949815351 44.8467899973 44.536303619 45.016027583 45.109657675 44.6199937688 44.6632949576 44.7617564261 44.8095067291 44.6525582393 44.5757813689 44.5377198121 45.1928992578 44.6513738266 44.5914100998 44.8116755131 45.0726973879 44.7353198544 45.0490343776 44.7824693463 71.108028448 44.7984572056 66.7194804151
44.5070542828 44.7398672888 44.7398200927 44.7154627777 44.5967241418 45.1446021888 44.8519496631 45.131988382 44.7249437893 45.0385865741 44.7634681398 44.8038867549 44.5259940478 44.9505774144 44.562541583 44.9884456099 44.5381687963 44.5073246325 45.0493999648 44.767558609 44.7790311277 44.6253931089 45.1945080197 65.3070903103 65.3070903103 65.3070903103 44.7558250367 45.1511023439 44.9335168525 44.5544076607 45.0511073549 44.5049624217 45.0179929763 73.7278141184 45.1627585617 44.945837531 44.7301123048 44.7228032675 44.798029054 69.9680353418 69.9680353418 74.6241070834 44.5526682921 44.9703760311 44.5538095905 45.1668717636 44.7521962689 69.2171085154 44.7816011678 71.108028448 71.108028448 85.0872066617 66.7194804151
44.7508471133 45.0182478773 44.5335579855 45.1629839212 44.5324586402 44.6626430419 44.6934548188 44.7083796657 44.8706203524 44.6990451506 44.6461451797 45.1078819461 69.0134946769 69.0134946769 44.7473628043 44.5318889942 65.3265573174 65.3265573174 65.3397442179 45.1784393218 45.1543140693 44.5616388381 44.5950900872 44.9405680144 45.0073015182 44.5169975087 44.7111207256 78.6061604437 44.6186771054 93.1657608345 93.1657608345 44.6572838493 73.7278141184 73.7278141184 44.5393767204 54.9524121634 54.9524121634 44.6275169078 64.0718652145 69.9680353418 69.9680353418 69.9680353418 44.7335602997 45.1669626112 44.6355188282 44.7832092758 69.2171085154 45.1262750598 45.0774267584 71.108028448 71.108028448 85.0872066617 66.7194804151
44.767452874 44.6858016639 45.1804529453 44.815299775 44.5986722531 44.8474338249 44.7254419791 44.8423527038 44.6385096385 45.1106869651 44.7946758353 45.0780157934 69.0134946769 69.0134946769 69.0134946769 44.9619677314 65.3265573174 65.3265573174 65.3265573174 65.3397442179 44.9079425839 84.6618005673 84.6618005673 44.5781482428 44.5803814675 44.9264106338 78.6061604437 44.5826517144 45.0893658437 44.5439295911 93.1657608345 44.658989138 73.7278141184 73.7278141184 44.9701053 54.9524121634 54.9524121634 64.0718652145 64.0718652145 69.9680353418 69.9680353418 74.6241070834 45.2068695109 44.9487557595 44.6122878255 44.5890454811 44.727356309 69.2171085154 45.0075571028 44.7798289052 71.108028448 44.6419824734 66.7194804151
45.1796078672 44.9463473558 44.7031078387 45.167168081 44.5900472941 44.5619428782 44.7458528851 44.706624829 45.0433849351 44.6720623713 44.9957220849 44.5065998488 69.0134946769 69.0134946769 45.0666340926 45.0242659084 65.3265573174 65.3265573174 65.3397442179 65.3397442179 45.2002153466 44.7875805351 44.878858534 45.0535944927 44.5175556388 44.5227369555 44.9418102568 45.1280049759 45.1489989868 93.1657608345 44.6943098612 45.1984816331 44.6737703128 73.7278141184 45.0757013842 44.7560113166 45.1548595198 45.1835258813 44.9649689867 44.5942967124 44.6365235571 44.6875855954 45.179634423 45.0190153639 44.7123186977 44.8262232976 45.0238883312 45.145807952 44.7559713817 45.0324609606 44.9505532364 45.1883687842 45.093205719
45.1477715392 44.963319702 44.8761237568 44.6233123886 44.7926716599 45.2042360551 45.0027778555 45.1455470032 44.6440719374 45.1748323945 45.0417514432 45.1655830864 44.8276504363 44.5415433666 44.9812432537 45.1251506456 44.7103151697 44.6703859551 45.1577445191 44.8107411042 45.1540539256 44.6495852862 44.690563862 44.7422087783 45.0981453918 45.1938013785 44.6181824487 45.0341135321 45.0650768215 44.7495551198 44.5341801084 44.7074437127 44.9122653294 44.6041446066 45.1814425394 45.1207695232 44.5749849471 44.7476329765 44.6758514154 45.0482562963 44.9984151084 45.0663441588 44.776425369 44.9222559426 44.5186957273 44.7879109891 44.7500055967 44.8723375366 45.1747807938 44.5560162361 44.9313164608 44.5200164876 45.1069983615
44.8951433476 45.0629774879 44.96952569 44.6327843917 44.8759428126 44.884575032 45.2010125838 44.5338888905 44.8788183499 44.6497824721 44.9760085632 45.1832063322 45.1271953151 44.8142684988 45.1205838045 45.1795765501 44.7809047582 44.9158014031 44.5922148841 44.774512448 44.8507092513 44.5741682156 45.1303485038 44.8237224245 44.6430801824 44.6824018826 45.1353571792 44.6614787389 44.7747115142 44.8638003228 44.5156217917 45.1989680556 44.8718968762 45.1976129794 44.6012116708 45.1402106676 44.5338310808 44.8507223454 44.9886486811 44.9434239518 44.9979603746 44.5403591168 44.6210979174 44.8842405105 45.1549579678 45.0146011629 44.9245404734 45.1769593581 44.6927612634 45.0836627747 44.8962864761 44.5008293525 44.5801696142
44.5721770352 45.0177576832 44.628336554 44.5155354757 44.8985895958 44.8495271765 45.0921951097 44.7116263161 44.5336475301 44.5359474202 44.5215194109 45.0880052196 44.7346501662 44.8754796071 44.6080606636 44.8159515249 44.8419743594 45.0485051508 45.0262940548 44.5303847826 44.808483406 45.1008904509 44.9712750842 45.0391791742 44.5451442232 45.1392163746 45.1104898394 44.9418310555 45.0356255976 44.7449834844 44.8287741862 45.0847155759 45.1303450825 45.2037072971 44.6147338488 45.0025350175 45.1568749599 45.0370720986 44.69235263 44.7541999732 44.9369048692 44.6457975522 44.6251320073 44.8378011943 44.9549737843 45.183821209 45.100205717 44.9448985748 44.6388600007 44.9593190277 45.1751944717 45.1853879523 44.7769435421
44.8970292246 44.9244125205 44.5686367761 44.9606583402 44.5586253266 44.8892484679 44.7870198771 45.1074599305 44.8706285527 59.6980842419 75.36805435 44.7889085052 45.0312356938 44.8044947048 45.1520315135 44.5772183429 45.0397002605 44.5431042621 44.6383086765 45.0305758664 44.8671424089 44.6024531281 44.9849529773 44.517205498 86.1807031111 45.1494419684 45.0214297954 44.7630327704 44.7655371856 44.899144417 44.8177521206 44.9692089044 45.1968398453 44.6689261358 44.9133438483 44.5448419854 44.9857512839 44.9457860204 44.8503706134 44.6142118574 45.087914972 45.067024751 44.512871459 45.1306870831 45.1419853467 44.5998576506 44.6414576311 44.9519449123 45.0115905393 44.9303690851 45.0943340996 44.8991664273 44.715316993
44.9594620077 45.1035483702 45.0035161827 45.0100427597 44.7963313269 44.8170855707 44.929017946 44.5502636419 45.1327002935 75.36805435 75.36805435 63.0041629862 63.0041629862 62.7950047502 45.0387515035 45.1357213231 44.8458684254 44.7547280777 44.8605140381 44.6037608571 45.1375128228 44.7622346601 45.1237476329 44.6992663649 70.2242367672 45.0723550078 44.9518010745 45.1270296944 44.6066556385 44.8168562211 44.9735086169 44.7010497745 44.5876558038 44.6121084695 44.653074223 45.1626374046 44.9418805169 45.1957721168 44.7277163788 44.5726385847 44.5318310405 45.1816813306 45.1815483693 44.7648416298 44.8546587739 44.6019413281 57.4993757861 65.3877907243 45.0137125847 67.3530297775 73.4805500608 45.052425958 44.6189844958
44.857047193 44.5502295499 45.1101476998 44.5519628854 44.9421435261 44.7639300292 44.898684614 89.7151743458 89.7151743458 89.7151743458 75.36805435 63.0041629862 63.0041629862 75.2956114084 44.5526618238 44.9017354941 45.0784368345 44.9138430297 44.7480508518 45.0327722304 44.8834901365 45.0234765404 44.6522447797 45.1861177572 70.2242367672 45.1245002418 44.5584022925 44.8948030788 45.1738184722 44.6994217883 44.7546807757 44.7805332581 44.6321423474 44.9049303741 45.054551907 45.0076123131 45.1810802536 45.1523222037 45.0492569903 44.565485356 44.7301536608 44.5099755346 45.060087455 44.7118090036 45.120767349 44.8998338982 57.4993757861 65.3877907243 65.3877907243 44.9196487647 73.4805500608 73.4805500608 45.1258457376
45.1204229998 44.739845999 44.9629435246 44.513157752 44.9305117941 45.0772803102 44.5300291911 60.7037145293 60.7037145293 60.7037145293 44.6493884203 63.0041629862 62.7950047502 62.7950047502 44.6847690152 44.7492319958 44.7350895299 44.6136558779 44.6398475656 45.1809779347 44.775709002 44.5666360545 45.0956763202 70.2242367672 70.2242367672 45.0676986414 44.694732646 45.1165160819 44.7100940931 44.7942661553 45.1644581477 44.6227838806 45.0277736797 44.6974342908 45.0954075378 45.0399936508 44.8317564609 45.0662597921 44.5916551486 44.9880082677 45.100000805 44.9879231586 44.8560568679 44.6711738911 45.1471269518 45.0997545636 57.4993757861 65.3877907243 65.3877907243 44.9233529999 73.4805500608 72.8071478534 72.7010438604
44.5279318358 44.7338158138 44.6300984513 44.8976254202 44.8709162473 44.739368699 44.7516027639 44.619259543 60.7037145293 44.6190562116 44.5543029146 44.9792297189 45.2065980485 45.117247586 44.7560338903 44.8871134395 44.7281393854 44.6413620176 44.9042517617 44.5653360447 45.0611059745 44.5886198832 45.0288831177 44.6568544919 44.882795468 45.171360109 44.8348436112 44.6296687384 45.080453925 78.0704613797 69.7016359172 69.7016359172 44.6681844829 44.8885293985 44.6762686566 45.0972342766 44.772991605 44.6951926644 45.1434620459 44.7609460139 44.6054595605 44.9059987262 44.6586774467 44.859402177 45.0609798698 44.6175580856 57.4993757861 58.4060051652 44.8310531138 44.6934631283 45.0948810558 44.8378422078 44.5099952552
44.9875931443 44.8759402429 44.8839814017 44.5319190194 44.8212486417 45.0772762817 45.1510248055 44.7783890651 45.008564969 74.3436645578 44.873590756 44.8052597525 44.8655131641 44.6759733982 44.58088033 44.9466128889 44.6347811612 45.1219052992 44.9828549563 44.6572920088 44.9031613985 44.6614765268 44.9973828852 44.5091324556 44.7942068245 44.6333272217 44.5890898587 45.0462599213 44.93278347 69.7016359172 69.7016359172 44.6630416448 44.8297888448 44.6500934079 45.1419543917 44.9477568636 44.5105915479 44.964637004 45.1693783898 44.5419316411 44.7998935705 45.1239239386 44.9519138916 44.6599835297 44.9889917029 45.0164104302 45.2052755761 44.5551247931 45.0707499354 44.7385879212 44.7106262513 45.0937159059 44.8113875551
44.5826121787 44.7610042718 45.0504740754 44.8596447801 44.6315862169 44.5614020672 45.084584239 74.3436645578 74.3436645578 74.3436645578 44.8284311154 44.6706801283 45.0793709981 45.136616549 44.6442824495 45.1849889921 44.6144380222 45.0235858806 44.7239225334 44.9161920554 44.5657847309 44.8476537365 45.1319115939 44.7513314216 45.0133774789 45.120553241 44.6505855154 44.8420704765 44.7903921424 44.7330352855 63.4126639544 44.5432920763 45.0652911229 44.6168673267 44.7946101953 45.0840136495 44.5989760624 44.7198070014 44.8438333409 44.6508055724 44.7409476291 45.002430037 44.7587283492 44.8059218772 44.6188763371 44.6014438109 45.096893342 45.0583178659 45.0274411648 45.0339989205 44.7036241266 44.5294586692 44.8822153611
44.5535843882 44.667563524 44.8159133397 44.9377495434 44.6373107953 44.7140874156 44.9706226925 44.947340977 74.3436645578 44.5443432454 44.7437953174 44.5885979653 45.1676143885 44.9121101388 44.5431545267 44.6421412806 44.8652673731 44.6314984263 44.9857108335 44.8294733912 44.5825637988 44.7658934612 44.6771435827 76.6747402559 45.0646870185 45.1498135643 44.6235710196 44.6106665502 45.1002015526 45.1375010182 44.560857519 44.5517018169 44.7938906932 44.6154215021 44.936330217 44.6892573464 45.1608008325 45.1861522147 44.651101488 44.558170953 44.8329148198 45.1903396467 44.8017479471 45.1088844082 45.1322458663 44.9685789391 44.8806319329 44.9250233854 44.7623940073 45.0998769371 44.8272545759 45.1920916134 44.7395897564
44.5269687252 44.5971427319 45.1160970812 45.0354369526 45.0148577951 44.6423451485 44.8262465577 65.7742943826 44.9149304588 44.5546287713 44.9635218921 45.025567832 44.9719894344 44.643622216 44.7126816822 44.7980660182 45.1309664326 45.0330620289 44.6653136056 44.640328609 45.1744938482 45.1711562057 44.9536946107 44.7438792737 45.1966045988 44.8252249516 44.7803624377 45.0850782276 45.1833909667 45.0592086815 44.8275028724 45.1805254053 44.527684478 45.0423759867 44.5807657843 44.7231539947 44.8695472197 45.191586914 44.9545563554 44.7882127246 44.8200767809 45.0101798194 45.0786866751 44.7597897302 45.1037806386 44.6415575227 44.7485582837 45.0437722609 44.7143620606 44.9678676482 45.1368239214 45.0671981815 45.0104293065
44.6714560321 44.9310346542 44.862460872 45.1830375299 44.7098655742 45.0735210724 44.8491388179 65.7742943826 65.823277083 45.1773223539 44.8912183748 44.8052588071 44.6418417548 44.7613315857 44.5429271581 44.5090826307 44.9110115584 44.9192344079 45.1744689088 44.8549936628 44.5370755529 44.6489389595 44.8701552969 44.9767872255 69.4072412236 44.9186664274 44.9488931121 44.9624016541 44.5669287616 44.6110881987 45.2026390255 45.1830246979 44.8168662205 44.635242917 44.76196337 44.8187991368 44.9686110995 44.7211309716 45.1571203524 44.7711619822 44.5628098909 45.1104842475 44.7045321439 44.9470328253 57.7341175013 44.9139541836 73.7925782373 44.9568544051 72.2917863928 44.9258994796 44.7401766528 44.8383440488 45.0509590316
45.1224324655 44.5405043378 44.7477299728 45.0623119532 45.163989724 44.9996350125 44.6975108227 65.823277083 44.8776698676 44.5370951916 44.9859328018 45.0419641215 45.16334876 44.6388729144 45.173448777 44.8565883902 44.9923306523 44.757135079 44.7571393203 44.6420205805 44.9789662872 44.9656642016 44.6920693462 45.1487586459 44.7103057252 69.4072412236 44.8636840186 44.6170595263 44.8572864087 44.7508646667 63.1875565328 45.1091382863 44.8230007526 44.7765379571 44.7865528479 44.6810621437 44.6536399145 52.8079441217 44.7580623413 78.3252776016 44.7272105756 45.0283633335 44.6694468589 45.169993784 57.7341175013 57.7341175013 73.7925782373 45.0091937475 72.2917863928 44.7029447089 44.5067631926 45.0307525528 44.8019422884
44.7591907678 67.590343594 70.6080808829 44.5630113778 44.8432774681 85.6211740707 44.8365255984 44.5270244336 65.9852634599 65.9852634599 44.9937459851 75.0973893711 45.1760393258 88.5648267068 88.5648267068 45.1374028221 62.6638867268 62.6638867268 77.5480784859 77.5480784859 62.7930448723 45.1133265825 44.6313233973 44.8187816562 44.7120030454 45.1696327228 44.9700840829 44.9975183543 44.9855144085 44.7020793373 44.6036293647 44.9047150356 45.1865722118 45.1593100482 45.1234660097 86.4076718856 44.7696615357 52.8079441217 52.8079441217 44.7088649343 78.3252776016 44.7396994727 44.7065060482 44.9926132389 57.7341175013 44.7089710332 73.7925782373 73.7925782373 44.5665866864 45.0520799493 44.698442829 44.7211562506 45.0939321676
