Spatial Output/patch_out_check_00018.asc
NCOLS 155
NROWS 192
XLLCORNER 196769.923733
YLLCORNER 449719.875193
CELLSIZE 27.603701
NODATA_VALUE NaN
[rows 92 to 114 of 192, columns 53 to 105 of 155]
46.1968081369 45.0795112072 45.7775801289 45.0801123955 45.1362889898 45.2977143502 45.9762528643 45.1665952034 46.1849783183 77.1688732611 77.1688732611 45.2596518954 45.9299594708 45.1843322822 46.1237588519 45.0109846446 45.6135130477 45.9454883254 45.5947609206 46.3656140096 45.2448351557 46.1359563382 45.1044214896 45.1536104126 46.3100039391 45.4812436106 46.188504916 45.6756132234 46.4024294112 45.4516836885 46.2983422458 45.09733264 45.3880712959 45.3723903745 45.58972987 45.1948475899 45.4502621349 45.420665542 46.3132944347 46.0928898384 45.80005942 45.2409736209 46.3990964471 46.2827998748 45.0494325373 45.6391060896 45.5140833618 46.2634351626 45.0751402072 46.2464113095 45.8644263813 46.3482062161 46.0464163468
45.8384954913 45.07742987 45.2300123266 46.1878334715 45.9180599771 46.082284735 45.9033318762 46.0044942211 45.5992508669 77.1688732611 77.1688732611 45.8042753963 46.4073256902 45.6747247455 45.4275387515 46.3501585665 45.8082666582 46.3518527324 46.2325882217 46.2202485358 46.186349063 45.3127659887 45.237678412 45.5456315639 45.6361292794 46.2816976547 45.8484783719 45.6356303633 45.5428765407 45.6248837606 45.2039909645 45.1614331542 45.5604989793 46.2718617992 45.3364167727 45.5470358496 45.0652399233 65.7179165054 45.287063032 46.3105899244 45.1975089704 45.9863059228 45.8451890169 45.2237570049 45.7498592389 45.0958906409 45.6482408405 45.6332541168 45.1543745281 46.3737491164 45.5699385885 45.0402928453 46.0926557863
45.4187105791 45.3438746427 45.7349496315 46.3678696744 45.9171112723 46.0729736102 45.3446583351 45.865710185 46.3545542118 46.1299419002 45.2940300759 45.4786148587 46.3185603951 46.0261651317 45.7409419336 45.5806950913 45.9936891877 46.194197061 45.6237781501 45.0851410972 45.867693641 45.1581255087 45.9989976431 45.0440076995 45.3563588973 46.2306825365 45.2303853232 45.5908593748 45.1142932653 45.6602754696 45.4923530747 45.3903792609 45.0094216149 46.0523101973 45.3427454482 46.3104941311 45.5366203997 65.7179165054 65.7179165054 45.0620310035 45.5811122348 45.949402669 45.1882388053 45.3384539411 46.0775966621 45.8359080707 45.1053979124 46.0902647723 45.2120692726 45.6498922924 46.3090134666 46.1149681985 46.1597535174
45.1902615589 46.3691121648 46.1422920722 46.1178728621 45.9654653536 45.6475300585 46.0343729584 46.1708233563 45.5234050748 45.8031529395 45.7610195328 45.1247716397 45.7425930564 45.7040634306 45.2662179732 45.8210705619 45.9778619086 46.1829200536 45.452776592 45.3177224179 46.2544523114 45.656252229 45.9356231887 45.9347014974 45.3800696632 45.5286471365 45.3698991649 45.6073110031 45.0596658839 46.3894764207 46.1130080972 46.3931167409 46.2499747553 45.3445188191 45.1517655602 45.3263581614 45.6441778955 90.7217922612 45.4853657491 45.144191128 45.1397924567 45.8279550428 46.0695881786 46.2186946693 45.7467991482 45.5853300277 45.850837544 46.1623413471 45.0807319708 45.432260294 46.4004275062 46.2952183113 45.0656327682
46.086395486 45.5692192296 45.9600886808 45.3069246616 45.9170967093 45.8442651049 45.2485177593 46.2648451158 46.304138526 45.2576158888 46.0167012153 45.0255761499 45.9141150556 45.1318944952 45.9381334682 45.9229247823 46.3053606663 46.1678780749 45.4816533976 45.4541878531 46.2669373396 45.6708456494 46.3220494077 45.1959534397 45.6640762023 46.1154342777 46.0408284882 45.7350528723 45.8187488057 46.0166949834 46.3118303009 46.2316594411 45.7382461261 46.3155792617 45.2619642599 45.3467731551 46.1983372252 46.3198176715 90.7217922612 45.0744622393 45.8385819426 78.4282135765 78.4282135765 71.0429731875 74.4457173907 45.6375857724 56.9805730451 72.1508480164 45.31827721 45.4178057434 45.4872465827 45.4000511362 45.7368382197
77.4899060006 45.5067545589 45.0135672208 45.8917474684 45.3279956979 45.90785047 45.0494123341 66.9085686107 46.0394320622 45.1649574601 45.7845965914 45.6136170877 45.7738075765 46.2592889974 46.1180863926 45.5838821586 45.0958632882 45.6173223618 46.1330458529 45.0668523431 45.9138689089 45.0486190722 46.2619846931 45.8407999194 46.0321158849 45.4452090053 46.4026402345 46.1237852467 46.2100115914 45.9055970112 45.9598514783 65.6351363597 65.6351363597 66.0237821078 45.4227202474 46.289324052 46.3995086362 45.824230172 46.0748761382 46.1024396369 46.1068888495 78.4282135765 78.4282135765 78.4282135765 71.0429731875 45.9122009769 56.9805730451 56.9805730451 45.6506668727 45.4991085745 45.0528695377 45.8411676119 46.3893558266
65.132734053 64.4819159186 75.7147869448 75.7147869448 75.7147869448 45.7194173837 66.9085686107 66.9085686107 45.6044210126 45.0082358713 45.6085523537 45.4756941269 45.9468072358 45.8319953643 46.3988177958 45.192461407 46.1823210199 45.032833545 45.8081522268 45.4416419048 46.2359637037 45.9022218945 45.0738527553 45.8915308474 45.24826534 45.5411967463 45.6016481971 45.0718298677 45.1539592421 46.0072023691 45.7907473847 65.6351363597 65.6351363597 45.7269410226 45.000057992 46.1273841784 45.9994287916 45.3563914678 45.6406731628 45.3831283257 46.011871687 78.4282135765 78.4282135765 71.0429731875 45.0872323686 45.1072329181 56.9805730451 45.8401403641 45.9408159429 46.3419111621 45.6967285005 45.6390928299 45.1513934613
45.5869120565 46.034876254 75.5151239696 75.7147869448 75.7147869448 45.3301062344 66.9085686107 66.9085686107 58.2811705713 58.2811705713 56.3294527249 46.3171284502 45.5160052666 46.2136807205 46.0846467632 46.1720621456 45.3596270842 46.0064795638 45.5287679292 46.0362003425 46.073556373 45.1694424676 45.4480153544 46.2115486547 45.297839305 45.5663953702 45.2593641734 45.4925106054 45.8860465222 45.4197605783 46.1493915226 46.3535990019 45.163075602 45.7377001071 45.9020207133 45.8772212801 45.1805119751 46.1671072086 45.8774037765 45.6293045933 46.3946441158 45.4617879847 45.1860987966 45.5134368127 45.2948625313 45.9959814569 45.9638632881 45.8156519654 45.6996748566 45.4851188458 45.4600022996 45.8762073391 46.0872041678
46.0481078432 46.0934882285 45.6495565233 45.1381773787 45.9442355316 46.3729715221 45.3709180189 63.4355030028 63.4355030028 63.4355030028 63.4355030028 45.2714259727 45.3031051881 46.1512389796 46.4054805946 45.6629056588 45.4711657059 45.0234084905 45.1609871002 45.3307319272 45.6160496443 45.668986211 45.8537098303 45.807133725 45.6714866862 45.3550386079 45.0027860746 45.3714573038 45.5585131894 45.9944279655 45.2455905676 45.7493405956 46.0834987037 45.9427690897 45.4301538026 45.1162408232 45.4840429786 45.0417323062 45.2744294125 45.6448003993 46.325624285 45.6547701178 45.5545390244 45.5634646711 46.1923665458 45.1657552324 45.4714001333 45.9260412592 45.2029912435 45.3654726093 45.5432698856 46.0034059273 45.7909338423
45.1453060759 46.2339606159 46.0889269575 46.3603836029 46.1178782195 45.4746615752 46.1304099716 45.2407333149 69.6048607234 69.6048607234 69.6048607234 45.4316499868 45.6957835919 45.5521188891 46.0603176558 45.1252676497 46.1098362939 46.1102893236 46.0167884523 45.4899718541 45.7085092932 45.2036460368 45.5301096082 45.673781616 46.3388718856 46.1152194519 46.1274962899 45.8204183305 45.3332875623 45.9234369578 46.1543015925 45.5280636514 45.6116975303 46.2118300781 46.1072614015 46.0106849109 46.2705470709 45.8115186889 46.2132492583 45.8723677981 45.6946661323 46.3709776873 46.1140364055 46.2672744961 45.8182567575 45.0158051254 45.3820806061 45.9278030407 45.4662310038 45.9368403668 45.2965227495 45.6823731372 45.5578918713
45.559490717 45.3631450649 45.6873557161 45.8674086112 45.6526513064 46.3511934714 46.1410276355 58.4830344727 58.4830344727 58.4830344727 45.2499253489 45.2563937424 45.4917473832 45.2864727558 45.4558499775 46.3571776545 45.7988122023 45.0421479802 45.7316387361 46.319042383 45.771850845 45.2174894024 45.7401607767 46.2249255665 45.484296465 45.7676908366 45.4753563003 46.303373569 45.0244371593 45.2892368372 46.1770495378 45.4164711599 45.9139638458 45.2969571311 45.9449813892 45.9984941704 45.5634638765 46.3280520409 45.9451938408 45.0715025416 45.4226135315 46.0729715207 45.3099678769 45.7304231202 46.3314847799 45.6189426395 45.1229720132 45.7058369886 46.0831300798 45.3494327204 46.3484366885 46.1557348461 45.6669457001
46.2793495432 45.4959688569 45.9661407551 45.8222256559 45.1454876981 46.1505328209 45.3468297289 65.6905428216 58.4830344727 58.4830344727 65.6905428216 45.7418873952 45.8176788033 45.956356583 45.4620883161 46.201830853 45.7481665187 45.031666604 46.1193805214 45.2567231567 45.6173849799 46.2673636236 46.1158851574 45.1702640875 46.1565635489 45.6761674396 45.9507691302 45.4376635391 45.6263967126 45.1783432694 46.1279029928 45.4937746848 45.3410559358 45.9061976639 45.3579625726 46.0371053384 46.211176653 45.709217596 45.2020714613 45.5897488233 45.7718132479 45.2054067723 45.7370732534 46.1447522837 45.2110221079 46.0692001603 45.7435263376 45.263716391 45.9635079544 45.5540392263 45.5734999663 46.1179331669 45.9182107995
45.0140144995 45.1980659824 45.6960193591 45.0309185771 46.2798575248 45.1583644483 45.2067378009 55.8963891717 65.6905428216 65.6905428216 45.4534821176 45.4266327662 45.5646035422 46.3980373106 66.1308203544 45.334881955 45.8620768372 45.457711141 45.1000000329 46.0581826878 46.2653401399 46.0743108035 46.1874863187 46.1928578264 45.377660875 45.7999854277 45.3951853613 45.0554152486 45.0601058866 45.0824572226 45.6550168125 45.8229992872 46.2336743571 45.5712310868 46.1981379261 45.8803570128 46.3458424498 45.6544523963 45.4612670968 56.1172962643 56.4732138445 45.2882728949 45.7033654714 45.3838851398 45.7423234417 45.5032515605 46.0730016347 45.9964048659 45.9821801286 45.8869014591 46.1259114094 45.8455986747 45.2387437013
45.1299466687 46.0073307271 45.7118515563 45.055932713 45.4169927312 45.2112951999 45.1571794134 60.3149405935 60.3149405935 60.3149405935 45.612426665 45.9269069769 46.1475715671 66.1308203544 66.1308203544 45.6049668631 45.6198550025 45.5621050386 46.0196080604 45.5236903132 46.2829027122 46.2294149286 46.1074006722 45.097104785 45.7002265882 45.112304768 45.9073245284 46.3519004703 45.0316113387 45.7049576493 46.108283669 45.5519606716 46.2719005632 45.8481209986 46.002260288 45.6178193175 46.122732033 84.9144147801 56.1172962643 56.1172962643 55.8395629849 66.8864702068 46.188938666 45.6192656432 45.2597812937 45.3763690568 45.9750019452 45.610821534 45.0979870892 45.654642891 46.1793103641 45.2313330894 46.0078955682
45.3130301036 45.4415996326 46.2186285688 45.4066986675 46.3689526613 46.1114685017 46.2234986801 81.9638233471 60.3149405935 60.3149405935 46.1512946325 45.0294579076 45.0692776433 66.1308203544 66.1308203544 46.1446215477 45.7861610695 45.6752230182 45.5444294199 45.2262745835 45.2089838017 45.0731421332 46.1747840722 45.1683836764 45.573193553 45.5971554783 45.5636017169 45.4543941196 45.8785151539 45.1889335182 45.850006932 45.6799814287 46.1308454125 45.2941835373 45.9951954218 45.6913908277 45.4893198792 84.9144147801 84.9144147801 55.8395629849 55.8395629849 55.8395629849 46.1486531635 85.8467094849 45.8236006418 45.860211989 45.2020720986 46.3558398028 45.9592778963 45.4220084604 46.2096994449 45.4382999906 45.6743258898
46.1156661481 45.800803832 45.5596987693 46.181354148 45.7280200379 45.1023432898 45.6662155273 60.8411886006 81.9638233471 81.9638233471 45.8357021681 45.1729977313 46.3370195271 45.2498332835 45.335696848 46.3573792924 46.1726150767 46.1827283842 45.1286554294 45.0495780596 45.5548418139 46.162171462 45.1912697284 45.7647300655 45.9887965192 46.1899931873 45.8226407839 46.3894866319 46.3213820482 46.3910353303 45.2011332666 46.1238949978 45.2215322421 45.1847736191 45.6113320432 45.5459312629 46.0438681054 84.9144147801 45.4136903199 45.5213740241 55.8395629849 66.8864702068 46.4117190926 46.1323402687 46.019206611 45.1329499173 46.1785596178 46.2819058323 46.3870325487 46.3940174722 45.6382961131 45.8264680883 45.9493976495
46.1022244195 45.5732559352 45.127880423 45.2445505451 45.6320347931 45.8095527444 45.9423200054 89.2860332232 81.9638233471 60.8411886006 46.1551111972 46.1697039996 45.1664892496 45.9345156081 45.9314539878 45.0088486126 45.233324585 46.2471779695 45.7649008053 45.7136250978 45.2685278367 45.5259174556 45.871822878 46.3200431914 45.1659279609 45.8359051536 45.8942046252 45.3490854495 45.6383586321 45.7986629366 45.1284067136 45.1917045901 46.3703050449 45.519671401 45.0653064885 45.7516446283 45.8599585766 84.9144147801 45.8610755578 45.0944596482 45.528847515 45.8215559982 45.2729883314 46.3421169831 45.7071186797 45.4150496916 45.6194061038 46.2447357362 46.1422386187 46.2079116884 45.1498784594 45.2702354903 45.0375215412
46.2238824998 45.698901148 45.4042068844 45.1509088197 46.0314817562 45.0046674223 45.4191442381 45.9847697878 73.1871181715 46.0480631901 45.378738706 45.7331791673 45.7606880942 45.5476932516 45.4729406341 46.2698049835 45.1621629591 45.9723085834 45.3833892838 45.9468892377 45.3574866254 45.895704454 46.1106360951 45.23328628 46.2095873868 46.4040467661 45.4616120271 45.4414532038 45.4738577382 63.9065051359 63.9065051359 63.9065051359 45.9629296262 45.6538344159 45.4050169625 45.8767092476 46.1807378584 46.3139605351 45.202717438 45.4903226535 45.9732383974 45.7403694113 45.0713828714 45.0808073885 45.2555588953 45.76774121 45.2054176983 45.5140788439 46.3859143519 46.2094373915 45.9104551298 45.8058644684 45.9631138549
46.0033518969 45.1132540453 45.3307706351 45.7854303883 45.931218502 46.1580864691 45.7775897897 100.8414400131 100.8414400131 100.8414400131 45.8962383607 45.2436475153 45.6494751638 46.2234330696 45.1701368447 45.3507200191 45.6428045706 45.1076703114 45.3961947525 46.0434660974 45.2745053306 45.6887406757 45.4373511369 46.1865961873 45.3957102959 46.0972090727 46.1646394812 45.9186084418 45.6647685826 45.7789338662 63.9065051359 63.9065051359 45.5408627345 46.0089392472 45.8401457261 45.8812781816 45.3760991553 45.3839856161 45.8597622656 45.281128537 45.7787218963 45.0213742407 46.092734995 46.0655123654 45.598249065 45.4100305083 45.6401910261 45.2575451994 45.5588711278 45.9342400903 45.6420955187 45.5955012657 45.7335185174
46.4052834093 45.7799862982 45.4541657975 45.913027806 45.7772852908 46.0315314917 45.97175712 78.6684807228 100.8414400131 54.1100141765 45.0754935048 46.3970537694 45.7679678206 45.8064302915 45.6118393803 46.3028758642 45.5932133189 45.5332584657 46.2106634334 45.8845874721 45.8687960079 46.2738055903 46.2273826942 45.6670127804 45.2606345117 45.2015838185 45.5142160121 45.5401112573 45.7906527131 76.1192953184 76.1192953184 46.3149248926 76.1192953184 45.8576264385 46.2385658039 46.3564252632 46.0173563576 46.1612104626 46.2374390597 45.0554471585 45.2742277215 45.9224628316 45.6608935133 45.2443672556 45.0090924635 45.0977777247 45.8517146652 46.3714393265 45.773321608 46.2894358023 45.1201431645 46.1538886116 46.1055726325
45.4877949466 45.1492123394 45.8239569827 46.0989424932 45.8131709781 45.5074948217 45.0469200287 54.1100141765 54.1100141765 54.1100141765 45.5149784016 45.5372104623 45.4759524297 46.06131061 45.9193341866 46.2980918578 46.0937851031 45.9703537726 45.6277208492 45.4412643728 45.6007950673 45.8480077562 46.057467426 45.4605632546 45.1024549255 45.8854414183 45.4061315533 45.909265056 45.8703269047 46.4086550496 46.0857307813 45.3709571596 45.9069855543 45.4937699033 46.2038523251 45.1930546144 45.4592403561 45.0096797554 46.293946623 45.979497787 45.0513364315 46.1030582979 46.2503143701 45.2596450455 73.6648816832 45.8804314108 45.9539058993 45.6283110236 46.042326848 45.4580285449 45.2636348712 45.3944607196 45.8726366617
45.5725439841 46.0986761122 45.0682390277 45.1759934396 45.1617956525 45.6172540747 45.8701761052 45.2292817042 54.1100141765 75.5884161302 45.4168992102 46.0250327626 45.5028328435 45.4433600672 46.3248696828 45.9259858555 45.9907376593 45.9863248665 46.1486730017 45.4181311159 60.5284894058 45.8629431091 60.1592199609 60.1592199609 60.1592199609 60.1592199609 45.8992001389 74.7869424197 74.3904770648 46.1040186347 45.6378333814 73.474693376 45.1135933827 45.8290437555 46.0821611527 46.2342870899 45.3728497479 45.9641579139 45.2314011316 45.9975517664 46.3000052263 78.8593556391 73.258410271 73.6648816832 73.6648816832 45.5589095178 46.1832355705 46.0773482106 46.1448036696 45.9714634528 46.0946276536 45.6329873367 77.3010736576
45.4018158011 45.1742575568 46.0677795079 64.8312184094 45.328868006 46.2490379786 45.0007025722 52.520631454 81.6155541115 45.2924306436 66.831137947 63.0936739888 63.0936739888 62.8209019123 46.371808074 79.7148708259 79.7148708259 46.197782937 45.6993036696 45.2993105722 60.5284894058 60.5284894058 46.2094918101 60.1592199609 60.1592199609 57.2402845223 74.7869424197 74.7869424197 74.7869424197 46.1743233014 46.2261847859 73.474693376 45.0038318794 45.6690754583 45.8375687542 45.9399483011 45.5447325619 46.226147824 45.1689995149 45.193446894 45.6277796161 45.9758343516 46.1372962488 73.6648816832 73.6648816832 46.2640061776 45.8685151448 46.0335696423 45.4153665734 46.3041685482 45.5774154319 45.8371602276 46.3687532965
