Spatial Output/patch_out_check_00002.asc
NCOLS 155
NROWS 192
XLLCORNER 196769.923733
YLLCORNER 449719.875193
CELLSIZE 27.603701
NODATA_VALUE NaN
[rows 161 to 183 of 192, columns 53 to 105 of 155]
45.5525794522 46.0376753747 45.8613861683 46.3789347128 45.3109875709 45.6779102892 46.3979099476 46.3613065823 45.6086912805 33.4000697609 33.4000697609 45.7808361012 45.212760493 46.3406741863 45.020431646 45.0069553473 45.873044375 45.1919137505 45.2276757057 45.0852039345 45.3087267592 46.2538544991 45.8947494549 46.151662252 45.9824486089 45.1217697454 45.5267790505 45.1132524585 45.3366779326 45.9713256738 45.3061029692 45.6839544622 45.7217018974 45.3032150896 45.9783267373 45.2971498749 45.4559881747 46.2348992519 45.8657047859 45.7238165969 46.169888171 46.2213632172 45.6804226014 45.1547080406 46.369228863 45.648078877 46.4099116137 45.7159950651 46.0441199325 45.3559321727 45.0519307204 45.0187519166 46.2142231729
46.1386625464 45.6857238118 45.6821988232 46.3297969926 45.1113106533 45.2872637779 45.5062285491 45.4504957625 45.6057352154 46.2909571162 45.5295586654 46.16590789 46.0035147454 45.585792613 45.2189136908 45.8614009627 45.2264686152 45.5961211433 45.7854355382 45.5156128611 45.5884031489 45.5778513488 46.3414539547 46.2692952924 45.644924129 45.0439195657 46.1300294483 46.3345695376 45.7683302345 46.1134174052 46.0202864027 46.2110123966 45.3948537986 45.538795605 45.3862255707 45.7423678891 45.0457393095 45.4164284959 45.7743211254 45.0713899942 45.8621180524 45.9518101975 45.5533822552 45.5329364637 45.9409073453 45.5501412566 45.9757117919 45.2189790281 46.3495457262 45.8029834988 45.3907605613 46.185460561 46.0660256607
0 45.8983936086 45.6360758509 46.1155568457 45.4771101827 46.1619826431 45.7751859687 46.2960859855 46.2908667413 45.297439266 45.7957336748 45.2445827677 45.2931460501 45.9482074619 45.1011185633 45.7097118329 45.4202380503 45.4413537363 45.7584836513 46.0146024109 46.3579669164 46.3530031637 45.2981107201 46.2148485627 45.3612995473 45.1505615575 45.1654598516 45.7571607484 46.0628849067 45.5935275508 45.0913246311 46.33468503 45.1051389966 46.368350166 45.2795948544 46.0549432732 45.9621880323 46.1649416974 45.774106331 45.4240755557 45.4496539571 45.0166807079 45.0064060855 45.0893287285 46.1013913564 45.6448068742 45.9931550037 45.7559953741 45.3181353796 45.7518899941 46.2709949594 45.6827504181 45.443863489
0 0 0 46.0467423552 45.8933651296 45.0288866678 46.3932928147 45.1656836206 45.7912112041 45.8381565353 45.1517354542 45.6253285936 45.2107153847 46.3403823494 45.2148212681 45.4149976448 45.5436607074 46.0502540756 45.3123201238 45.4257910221 45.4275253399 45.2208021035 46.0613611933 46.0145379001 46.2653619243 45.3684445441 45.1506225639 45.275849653 45.9387578079 45.369756996 45.0653881426 46.0270807022 46.0034303809 46.3156253817 45.1788732586 45.969226781 45.4115856386 45.3614285653 45.0246202562 45.2297008098 45.6874233589 45.7285551758 46.1773028529 45.3349637338 46.317816392 45.4518267824 45.5280867983 45.5731961663 45.52133268 46.0064656751 45.5153422021 45.7193488918 46.1878554257
0 0 0 0 0 0 45.0543938612 45.9149337357 46.3865501193 45.3685295656 45.6804145829 45.6125758297 45.8427916214 46.2818329688 45.893743228 45.1301652321 45.5469710799 46.0322439647 46.0301516986 45.8828323619 46.3496592342 45.4600579614 45.1209455141 45.3537106692 45.8151446012 45.9267260549 45.5018806384 46.3291062088 45.6966570282 46.1346137386 45.5262539315 45.5827551108 46.0484262048 46.3797808752 45.2685220195 45.7141566161 45.0597596058 45.2779933595 46.4045498317 45.3681964091 45.508123357 45.4114909618 45.3343280544 45.4151805576 45.1413465604 46.3312980807 45.6063256214 46.3664892074 45.1989398771 45.8367599275 45.6179333764 46.3710866081 46.3051130859
0 0 0 0 0 0 0 0 0 46.0640662418 45.5598843392 45.5325887969 46.2359068977 46.2362542549 46.2148651969 45.7902987213 45.9650157367 0 45.8069428181 46.2306689156 46.2614736828 45.5032558922 45.9701047286 46.2501615604 45.3725593454 46.1806059861 45.6054123215 46.310260588 46.3508510311 45.1047286275 45.7402412125 46.2862404481 45.0887353087 45.7162130097 45.5992349235 46.0128509253 45.1189372647 46.3680181143 45.082708781 46.2838743009 45.7321049066 46.2399366097 45.1821830326 45.5498091614 46.0572558161 45.4460525745 45.6598910687 45.4433975795 46.0048418027 46.2968274298 46.3569327428 45.8341913699 45.9383191408
0 0 0 0 0 0 0 0 0 0 0 45.7439026773 45.3238351123 45.2061691869 45.4120981062 45.0836631917 0 0 0 45.7998746239 45.1578186019 45.2546825117 45.2957108711 45.3240158474 45.273437823 45.792710272 45.0346344514 45.8530578674 46.2627387697 46.3942306418 45.5770451965 45.1710229853 45.1162804285 46.1265929075 45.0334687051 45.8254565062 46.202102367 46.006596745 45.87664869 45.9914051179 45.3895464928 45.4249651204 46.0762357867 45.9878762324 46.0343503562 45.3136958997 45.9327612811 46.3473191884 46.1117253019 45.2902126436 45.2043555041 45.7303807447 45.7504472272
0 0 0 0 0 0 0 0 0 0 0 0 0 0 0 0 0 0 0 0 45.9879017209 45.4130260044 45.1392189377 45.0442337125 45.7628123117 46.247973217 45.679198259 45.5602634007 45.7220319203 45.0773557111 45.2707214068 45.7110871907 46.3291119851 45.9581644067 45.8843178686 45.6834576601 45.3119407246 46.2269379037 45.4150196968 45.8554265933 45.1761612808 45.2549371795 45.0493805849 45.7667394761 45.7272732385 45.7563188672 45.4654167097 46.279821256 45.1084097358 46.0417091582 46.3974332882 45.3943545755 46.0236133076
0 0 0 0 0 0 0 0 0 0 0 0 58.9339594238 57.2992601084 64.4967519358 0 0 0 0 0 45.0409244178 46.2349427213 46.3934440365 46.1417088843 46.303142883 45.6012308226 45.9636136231 45.6841977921 45.7997193279 45.1989044297 45.3451749592 45.9142659276 45.6506674468 45.9901184772 46.3449854925 45.9940893266 45.2947625805 46.1782001282 45.5555622879 45.641229677 45.1360489056 45.3389537742 46.3811441864 45.069280544 45.1054408562 46.0154857952 45.5982652435 46.3261439046 45.8307070938 46.0354095468 45.8091739175 45.2671653883 45.2051256711
0 0 0 0 0 0 0 0 0 0 0 0 60.1925247486 62.4302883893 55.3747291191 0 0 0 0 0 0 46.0908605706 45.0432742132 46.2326128263 45.0131864868 45.5623894008 45.0427352845 45.4050165998 45.7967803132 45.1039694916 45.417914593 45.715362245 45.3324926487 45.618602706 46.3800699626 45.4723275323 45.0655052288 45.4881622827 45.4520491427 46.3572866853 45.3996001957 45.1695227995 46.0380323381 45.8522005504 46.0415407383 45.9427174052 45.4609747932 45.4317407536 45.3986462273 45.6801000519 46.285508243 45.0462086816 45.2250550158
0 0 0 0 0 0 0 0 0 0 0 0 60.9299059755 62.7075219947 56.1385785094 0 0 0 0 0 0 0 46.1767930022 45.9899129118 46.1876158777 45.4889620072 45.6621308693 46.3217476295 46.0326684496 46.3547830858 45.1777298339 45.4425666061 45.1843955474 45.083118825 45.9803793985 46.3106260459 45.8504738182 45.0259404685 45.887838734 46.0636968027 46.168423992 45.8896279296 46.3773379763 45.5686349262 45.1495666713 45.6975025358 45.3504252855 45.5680971121 45.4850672684 45.7877782312 45.1508651152 45.1678445349 45.0714590276
0 0 0 0 0 0 0 0 0 0 0 0 0 0 0 0 0 0 0 0 0 0 0 45.6729448766 46.0677288549 46.062669866 46.1009285125 45.7269644336 46.0439174021 46.097344146 45.1584446088 45.7200374779 45.4820141221 45.2061127252 45.0526311693 45.2227672636 46.1823329446 45.5341301372 45.6819758929 46.2890775952 45.649089585 46.3222640962 45.6693003829 45.2718528782 45.701262503 45.8928337272 45.0810709046 46.1058911596 66.6502433304 66.6502433304 66.6502433304 45.3965924276 45.4907264853
0 0 0 0 0 0 0 0 0 0 0 0 0 0 0 0 0 0 0 0 0 0 0 0 45.3019324075 45.1918777175 45.2176208051 45.9542412542 45.5649318772 45.2038531203 45.5710926493 45.7598407439 45.8806849814 45.3948962573 45.5867576115 45.8328983524 45.7298191094 45.8979531147 46.2617015753 45.2415609768 45.9880259464 45.8657367963 45.8312934597 45.7337982495 45.0837684553 45.3933385877 45.9596942736 45.7594341961 33.4753699453 33.4753699453 33.4753699453 45.0854018052 46.13609434
0 0 0 0 0 0 0 0 0 0 0 0 0 0 0 0 0 0 0 0 0 0 0 0 0 0 0 0 0 0 45.9600659212 46.2032470345 45.2219932837 45.2144606676 45.8877988232 45.9474471694 45.8121192249 45.7464083932 45.6331794634 45.4742513831 45.1786848655 45.404018894 45.8074082171 45.5982012674 45.472832359 46.2813967278 46.2423841448 46.2335564517 33.0154769892 33.4753699453 33.0154769892 45.6554844949 45.3723608983
0 0 0 0 0 0 0 0 0 0 0 0 0 0 0 0 0 0 0 0 0 0 0 0 0 0 0 0 0 0 0 0 0 0 45.838492546 46.3831874137 45.5199860833 46.2057748426 46.0829016497 45.5759541701 45.3426082508 46.0977716564 45.3095501863 46.2500189546 46.3159248692 46.0232451409 45.2772799411 46.360685464 45.3961612188 45.8292676934 45.0067591918 45.5161222091 45.4026405651
0 0 0 0 0 0 0 0 0 0 0 0 0 0 0 0 0 0 0 0 0 0 0 0 0 0 0 0 0 0 0 0 0 0 0 45.2621363385 46.3704285582 46.0104111345 45.1857233791 46.0849548456 46.3334181069 45.7561412941 45.9329414485 45.2916683472 46.3337529884 45.3008305111 45.7935764222 45.5782875551 45.1858741858 46.3545142642 45.5488881072 45.5131324439 46.307263894
0 0 0 0 0 0 0 0 0 0 0 0 0 0 0 0 0 0 0 0 0 0 0 0 0 0 0 0 0 0 0 0 0 0 0 0 46.2675615732 46.1218906982 46.3960892523 46.3428373108 45.0355736828 46.3416124178 45.6992683883 46.2349514238 46.2797160489 45.7588247217 45.2517825164 46.3730719804 45.5468340412 45.838468303 45.6994545994 45.9334149424 45.1303930959
0 0 0 0 0 0 0 0 0 0 0 0 0 0 0 0 0 0 0 0 0 0 0 0 0 0 0 0 0 0 0 0 0 0 0 0 0 46.2551138425 45.5352173852 45.6340511425 45.1145037335 46.2017561063 46.1036405352 46.3785691325 45.2475449562 46.126296604 45.7117530547 45.8450194825 45.1807968792 45.9836835314 46.1241546614 45.1961210992 45.3646843823
0 0 0 0 0 0 0 0 0 0 0 0 0 0 0 0 0 0 0 0 0 0 0 0 0 0 0 0 0 0 0 0 0 0 0 0 0 0 45.5416450389 46.1525840775 45.0490722899 45.4359690225 45.9487497486 45.5645901479 46.2857096495 45.212744376 46.0267596148 45.1537517624 46.2185139125 45.9760273053 45.7211937091 45.9931808206 33.519566128
0 0 0 0 0 0 0 0 0 0 0 0 0 0 0 0 0 0 0 0 0 0 0 0 0 0 0 0 0 0 0 0 0 0 0 0 0 0 0 46.3266244415 45.9533084655 45.7257285985 45.0756919311 45.9491505131 45.4353308472 45.3239341399 46.329200352 45.9501152747 45.999645197 46.1694151427 33.519566128 33.519566128 33.519566128
0 0 0 0 0 0 0 0 0 0 0 0 0 0 0 0 0 0 0 0 0 0 0 0 0 0 0 0 0 0 0 0 0 0 0 0 0 0 0 0 45.9672566414 46.3448166559 45.9466327935 46.3048760875 45.1054299869 45.2327851829 45.561798651 45.5486694946 46.1181264359 45.9794194218 46.3480057632 45.277451206 33.519566128
0 0 0 0 0 0 0 0 0 0 0 0 0 0 0 0 0 0 0 0 0 0 0 0 0 0 0 0 0 0 0 0 0 0 0 0 0 0 0 0 0 46.1592357216 45.6956545331 45.8219748051 45.6518625548 45.3464572308 45.1154060311 46.3957819472 45.917650679 45.6949175828 45.7307848355 45.007115902 46.1440208192
0 0 0 0 0 0 0 0 0 0 0 0 0 0 0 0 0 0 0 0 0 0 0 0 0 0 0 0 0 0 0 0 0 0 0 0 0 0 0 0 0 0 46.3420186703 45.1002933072 45.1927585646 46.3373426804 46.4054527651 45.755182702 45.1270615097 45.3519015124 46.2457342387 45.3426945044 46.0513324547
