Spatial Output/patch_out_check_00146.asc
NCOLS 155
NROWS 192
XLLCORNER 196769.923733
YLLCORNER 449719.875193
CELLSIZE 27.603701
NODATA_VALUE NaN
[rows 69 to 91 of 192, columns 0 to 52 of 155]
45.0489059735 44.8036705706 44.8985154862 44.5132494713 44.8467535181 45.0354800874 44.8867393143 44.8173991502 45.0013664088 44.8661030256 44.5879564859 45.1127600687 44.5379528337 44.7136765769 44.7947702505 45.0113006756 44.8743895186 45.014788113 45.1469332435 44.7660092896 44.8811151333 44.5735904103 44.6097599503 44.5113846957 44.6306934571 44.7768600804 44.8813425927 45.0795751288 44.5087009655 44.8546710228 44.8217530015 44.8968666785 44.8873208533 45.0386660151 45.0589721352 45.1962137134 44.8371552905 44.5172154766 44.8806805225 44.6065786379 44.9483432588 45.1203723756 45.1868979592 44.845418107 44.6459694495 44.940913037 44.6989616027 45.0252562999 45.1632674269 44.9152865601 61.8905068077 61.6542928395 61.8905068077
45.1033882796 44.9609562918 45.1274785414 44.70050115 45.1664922829 44.5790287869 45.1447136752 44.8664412769 44.9998123469 44.5322098312 45.1049997818 45.1725302323 44.5088332718 44.8702767418 45.139123864 44.6776324993 44.8495315296 45.0326698642 45.0580060494 44.971801414 45.1197411608 44.7287313752 45.0111448898 45.1618251199 44.5575501705 44.7635967891 44.8498818236 44.9360928136 44.9324735291 44.9246294608 44.8278729941 44.6220001829 44.6915109002 44.8411843726 44.8756065416 44.7276331067 45.0074320988 44.7709695932 45.160288891 44.8126700343 44.6625545247 44.6389779996 44.5254831738 44.613424155 44.5422149022 44.6700805729 45.1470909814 44.9275728135 44.5239473384 44.8243071145 61.6542928395 61.6542928395 61.6542928395
44.7552652 44.9479625938 44.6709367121 45.0251066901 44.9081825913 45.1263734493 44.587275708 44.7043107095 44.9383655587 45.0651628707 44.7668877744 45.112987071 44.5033939785 44.5779506227 44.7684969166 44.8922450098 44.9137794262 44.8924862185 45.0083369122 44.6416758208 45.037733063 45.0103053957 44.9999850545 44.5642175377 44.860297175 44.7352826476 44.8207694205 45.0959413436 44.6083139102 45.1360262893 44.5551871116 45.2060983682 44.5746140403 44.775884884 45.056206767 44.5147102754 45.0120214447 44.5685852216 44.6479941447 44.7927228642 44.5343624632 44.9983313536 44.5752052793 44.5481248376 44.5216587892 44.9406724636 45.1523914055 44.9731830658 44.9661376434 45.2037147662 65.3743061961 64.9645466176 62.2924581535
44.7954812789 44.8820713287 44.6004163318 44.5940684148 45.1811495392 44.880582786 44.9801320044 44.8760334519 44.7655686594 45.0706164592 44.6809562324 45.1363200835 45.0117085489 44.9547062197 45.1201763558 45.0447637502 45.1247211808 44.9898082387 44.949898563 44.9553489384 44.6176440873 44.6332979809 44.5079454857 44.5665449922 44.9537916956 44.6977259993 45.143516162 45.1175329919 62.910817684 62.910817684 62.910817684 44.7694948268 45.2020146988 44.985997425 45.2036365454 44.9640765359 44.7876005046 44.9214003305 44.9394187362 44.7687024311 45.1046926805 44.5273987956 44.522950938 45.1074381535 44.8752434205 45.1617363775 44.8814909266 45.0962796886 44.9609632068 44.6903323462 64.9645466176 64.9645466176 64.9645466176
44.5148691605 44.7186925556 45.0522341764 44.8030342823 44.864684012 44.6830270542 44.644079224 44.736806696 44.7626332714 44.8746841535 44.9789883302 44.6870950704 44.8771544913 44.9519256348 44.5183664739 44.860283886 44.8725482539 65.6572649286 65.6572649286 65.6572649286 44.5783199102 45.1784611647 44.762297754 44.9935219987 44.7274288722 45.0413817934 44.7619043172 44.6149953944 62.910817684 62.910817684 44.7283561623 44.9924880945 45.1571594773 44.6899669149 44.8611969344 44.5669332787 44.6241649255 44.8554169715 44.8316566099 44.6343234092 44.9029959517 44.6438544378 45.1976658435 45.0990769916 45.0973154277 44.7561297255 45.0211635775 45.1548495075 44.9316394356 44.8319864495 44.7422056654 64.9645466176 64.9645466176
45.0206422641 44.9569322001 44.8191495507 44.6283918017 44.5898265158 45.0623151846 44.972064333 44.6344750264 44.653745399 44.8339786341 44.563630371 44.6342675068 44.8604293179 44.7342635352 44.5747200625 44.7830652429 45.092204029 93.4974843599 82.0743295556 82.0743295556 45.115238099 45.0642920407 44.9538711714 44.8214887049 44.9764950884 45.01356409 45.1613912926 49.1219032561 49.1219032561 66.732862509 69.2163391847 45.15196437 75.1263769583 44.8053471373 44.810201234 44.5198141745 44.9104589474 45.1995343409 44.9930027371 44.9283179646 44.8516481287 45.1971438485 45.0515146275 45.1023987954 44.7619768227 45.1804393929 44.9169568194 44.8011600175 45.0864700874 44.9725015969 44.9417494217 79.3898000478 44.9292360021
44.9891339082 45.0014471713 44.9851011057 45.0356388587 45.1281881095 44.9106559971 44.996502019 44.6787866418 44.6919785519 44.5567835066 44.7318437805 45.0095121254 44.9224186693 45.184987499 45.0965049337 45.057096547 62.7372088333 93.4974843599 82.0743295556 82.0743295556 74.6089677487 45.1769764237 45.1381241951 44.9347546087 45.0914362873 44.8413041134 44.811989147 49.1219032561 66.732862509 66.732862509 66.732862509 75.1263769583 75.1263769583 44.8549992928 44.9062786151 44.6368926562 45.0635106045 45.1396798174 44.7823108158 45.1435645224 45.089948378 54.6968880514 88.2220942736 75.7193872022 75.7193872022 74.3645085565 44.8793642374 45.1133430619 44.6425329215 44.9186782856 44.6553764363 45.1798367162 44.5543233725
45.1635662633 44.5307813588 44.5329613245 45.1407197086 44.8608562906 44.8156743948 44.9019486268 44.7270206714 44.7673249964 44.9234815491 44.8448016495 44.8392530392 45.1608015627 45.0260927864 45.1614367915 44.9535567178 86.9943623883 93.4974843599 93.4974843599 93.4974843599 44.7665473585 44.8773608397 45.0701127335 44.867401888 45.1196132539 44.5523286514 44.9983327648 49.1219032561 49.1219032561 66.732862509 69.2163391847 75.1263769583 75.1263769583 44.6061909402 45.1231720691 44.6555465991 44.6745982378 44.9476108317 44.7262164509 44.5457802257 44.8869653396 54.6968880514 54.6968880514 75.7193872022 75.7193872022 74.3645085565 44.7892570493 44.8025069322 44.7861122647 45.0402932367 44.5758428489 71.4012047838 44.7722133769
45.1665262574 45.0568706909 44.5104666487 44.5831635079 45.1019103521 44.7006984519 44.7654595581 44.6067423068 44.5634225611 44.9753061867 44.8985277216 44.9319834195 45.1799578654 44.5516056487 44.9884102453 44.7844320786 86.9943623883 86.9943623883 44.813766551 44.7792893073 44.8170172463 45.1989383502 44.7500218425 45.057605757 44.6553159734 45.13724412 44.949487977 45.0617350446 44.9046017659 45.1445231436 77.2915456203 44.7463292641 44.6910824998 45.1992896929 44.9589529046 44.9737966083 44.8463485354 45.0006903332 44.5676776953 45.0974687091 56.3271169381 54.6968880514 70.3283593485 56.3271169381 75.7193872022 74.3645085565 45.1318469072 44.9930982191 44.9322539007 44.524798666 44.9648569008 45.0138503983 44.5215225773
44.7449018708 44.9994663534 45.1706152581 44.5465587548 45.1460680795 44.8064505477 44.934804994 44.7654615068 45.1967961347 44.6605932493 44.9168783754 44.7839552185 44.9738614315 44.8121262766 67.4811944128 67.4811944128 67.4811944128 45.0319129486 45.1335750857 44.544415445 44.9743227007 44.8768926739 45.1814435231 44.9858821403 44.8127679491 44.7345702369 44.7616555705 44.6745722004 45.0675871792 45.1738024577 44.5447005818 45.1465745239 45.0568526537 45.0826406382 44.7206078752 44.9556609914 44.7889552325 44.7355632866 44.5520081101 45.1611357992 67.9780350247 67.7866562564 67.7866562564 44.8335056274 45.0385938172 44.8386216887 44.9245656484 45.0483341603 45.089827243 45.1698937987 45.1762874902 45.1282803761 44.7401203892
44.9712121915 44.8696323058 44.6617939063 44.6509263405 44.858364825 44.5787462905 44.9645125066 44.870196755 44.8308264527 45.074222885 44.9911283699 45.1543463661 44.5597910875 67.5000864243 44.8457376187 67.4811944128 44.5434087801 45.1320412691 44.8413618024 44.7311735719 44.5154524099 44.5931398709 44.7323306553 45.1144026947 45.1141754395 44.8118466086 44.8753070979 44.8475626627 44.7664877285 44.543373886 45.1603609891 45.0953969902 45.0154757065 44.7342718733 45.1372745867 45.0396092297 45.1839305716 44.8575920826 44.7501854247 44.6631717709 44.6135106127 67.7866562564 67.7866562564 67.9780350247 45.0490177724 44.6646917008 45.0434141727 44.6576950598 44.6299412232 44.5182131673 44.5112708193 44.6573579367 44.5088899573
45.1112423769 45.1274853664 44.7120842428 44.5729764425 45.1861031569 45.1432551069 44.9432391211 44.6721039185 45.2040677627 44.7465769236 44.6739807856 87.0930925967 44.5938680573 44.7319601692 45.0971839986 44.6899659599 44.5866014208 44.6525507128 44.5304958105 45.0220862254 45.1194793831 44.881350732 44.9309095154 44.5797973027 44.7016557488 44.5840602881 45.1420675194 44.611491536 45.1997532664 45.1322031402 44.9450073331 44.8319651694 44.656983241 44.7957125131 45.1332440297 44.9327908392 45.1218466197 44.5010034849 44.9497695092 44.7769999297 54.4778422007 54.4778422007 54.4778422007 44.8092462218 44.7485471225 44.7459316065 44.8064925681 44.8670379602 44.6998866346 44.7021546729 44.5405837696 44.953544724 45.1482981485
44.6615017469 45.1158799439 44.6570375174 44.8939610014 44.9181034755 44.7749902336 44.9347100754 44.581901661 56.3521032874 56.3521032874 87.0930925967 87.0930925967 44.7855877064 44.9111373282 45.1799023504 44.8656096984 44.8513426237 44.6018331378 44.5812383062 44.5142346673 44.8995147806 44.5382837903 45.012106914 44.6398838694 45.0099795965 45.2021494418 44.5902906546 45.1661272428 44.8193874327 45.0456903473 44.5358672535 44.8722961513 45.1470647149 44.6613963008 45.1469541448 44.7625975148 44.5609824767 45.0674416249 45.0250699861 44.9624428742 44.8166809712 81.468906339 62.862739064 45.2037183973 44.5343339586 44.8934954701 44.5488610703 45.0835798827 45.1354732338 45.0099373424 45.088456193 45.0469699751 44.6879805555
44.9177207581 45.0215947398 44.8297934752 44.7835088349 45.0902341125 44.5440305449 44.7151989058 45.0957037983 44.9455183207 44.7788039313 87.0930925967 87.0930925967 45.0849956653 44.5654473858 44.7029553401 44.5360369236 45.1854443537 44.6555098474 45.1260589046 45.1648282495 45.1363355602 44.5910320375 44.5490533024 44.9264482493 44.6490806852 44.5909466097 44.8644395264 45.1291782886 45.1070580697 45.1520640526 44.7280089395 44.7282328812 44.5504468346 44.827024298 45.0611918833 44.8190837851 45.1201426712 44.6248807457 45.1679071347 44.9670926847 44.7776978876 44.7325851187 44.6769111462 44.8809939589 44.793178099 44.9806898032 44.59419726 44.6588168933 44.7027111847 44.7224187189 44.9926067724 44.5574937622 44.6405521983
0 45.1186462254 45.0853704607 45.1840882561 45.191670032 44.8943644932 64.6536145728 44.8023136843 64.6536145728 56.3521032874 44.680591962 44.9595967746 45.1085686843 44.7301189663 45.1849448751 45.0355193146 44.6828217688 44.6646719577 45.1963624398 44.5701315886 44.5609264928 44.641085093 44.8067914739 45.0847081999 44.6366000008 45.078518795 45.0032944584 44.7677697666 44.6224754669 45.1694169696 44.8482681749 44.889774212 45.0828516684 45.1187075434 44.6851707012 44.5836791558 44.7994476853 44.8880741059 45.0379347867 44.9975426687 45.1215330545 75.0838150194 75.0838150194 44.6771701361 45.0087549752 45.1018837408 44.5604763339 45.0470653915 45.0309694841 44.5207266487 45.1262653126 44.9237562929 44.6353618463
0 44.6012796814 44.8231570027 44.6595504704 44.6167174186 44.9375382525 44.7315658967 64.6536145728 45.1357940717 45.0031495056 44.6586516449 45.1675437515 44.9401338513 45.0765664159 44.5496943357 44.9771259082 44.5864562887 44.8264925386 44.8184683633 45.0328479549 44.6648338375 44.7023982718 44.5899260415 44.9438824759 44.5257058697 45.2017945055 45.0387958946 44.9019278544 44.9751596377 44.9805869937 44.9922058856 44.8593795021 44.9874456493 44.9476178236 44.718500125 44.6989578828 44.591249956 44.6178124444 44.686836306 45.0869940409 45.0148592323 75.0838150194 75.0838150194 44.8712436595 44.5813946642 44.9706217713 45.0525771001 44.7797657019 44.6097947544 44.6662863531 44.816972 44.9746545348 44.771298529
0 45.0905367669 45.0242627119 44.6558622846 45.1078413112 45.0262961358 44.8393004462 44.5528055329 44.5355054699 45.1625088231 44.6151218773 44.990800646 44.7409765708 44.8559480837 44.6046298008 45.0272903544 44.593863722 44.5608313175 45.0293063142 45.1031062533 44.6473132407 45.1525773821 44.709070639 45.1148920441 45.0886890544 44.6267975785 45.1035756852 44.7162839731 44.8178377895 45.1437575442 44.9734643119 45.0234116992 45.1648270603 44.6269967516 44.8996577407 44.5598028871 44.6995386375 45.1846392183 44.8953777397 44.5357664313 44.9497359741 44.7191629625 44.8644868365 45.128026914 45.0891146949 44.8757992757 44.5721790732 44.6526474777 44.7729505041 45.0925577504 45.1871185121 44.8347849403 44.5196217859
0 0 44.5196079535 62.4093699577 45.0199138438 44.798391502 44.8065483886 45.2023406168 44.5487506566 44.8132771865 45.1816733033 44.8782236276 44.5014230237 45.1369612005 44.5661426091 44.5970601802 44.8878044924 44.8017325624 45.0925753279 45.0643778987 44.7433143611 45.1841119222 44.59685334 44.5120776695 44.9852173089 44.9702691528 44.8669899932 44.976887554 44.5078376917 45.1726322555 44.9621346797 45.1231303315 45.0955758884 44.6215686664 44.5741598579 45.0983958859 44.5341960132 44.5435517588 45.1230407076 44.9818774826 45.1690471898 44.7294847032 44.5599368711 45.0473606331 44.9942318603 44.9065594167 44.7638376256 44.6172618538 44.7739812388 44.9488268475 44.8798351907 44.8860232763 45.021731285
0 0 53.4534793826 62.4093699577 62.4093699577 44.8972291737 44.8342941178 44.5438116368 44.7876330507 45.1668760613 44.5057572782 44.6985347954 45.1495206099 44.8069814774 44.519171845 44.7251817462 44.5518670805 44.8117782117 45.1465168049 44.6965379519 44.8771391503 44.6089572806 45.0494300102 44.9245984539 44.7680595515 44.5506243313 45.1339982845 45.0198749695 44.9887761899 44.9108934843 44.9857119114 44.7953867386 45.0391029865 44.7271330049 44.6781606842 45.070017772 44.6562398687 45.1200867913 44.6404834111 44.8694967851 44.8218567958 44.8885328661 44.6625344355 44.6919635056 44.7599319743 45.1840384796 44.8688639286 45.0214536437 44.6831903852 44.6466823937 44.7540940413 44.8149482502 44.9359600587
63.8272659047 71.189678065 69.6359289632 62.4093699577 62.4093699577 44.6390377217 45.0896750422 44.5413689732 44.9714707498 45.1574978957 44.5768873258 44.7599968078 44.7544386839 44.8568671767 44.7042453301 44.5924171497 44.5859759827 44.7987696651 45.0138971762 44.7901788473 44.7743501327 44.8847315389 45.0533489197 44.8012586131 44.7797402382 45.1525780741 45.1134550885 44.5327528989 44.7379821899 44.9631138532 44.514611103 44.5850236664 44.7740392473 45.1596301467 44.7271602597 44.9650773399 44.7009880479 45.0891576484 44.5299165916 45.1333799533 44.8228504622 45.0647397155 44.5090994899 44.6160115357 44.8993572845 45.0467084037 44.9687069627 44.8251377931 44.6380082609 44.7288931587 45.0024658306 44.7656927396 44.5642741466
61.4195945217 71.6804726256 64.9105336947 58.2626071335 66.0882006531 0 45.1128650493 44.5311654242 44.8263797374 45.140870897 45.0590186784 44.6339136273 44.635298253 44.8467268147 45.203159104 44.5873249431 45.0821921731 45.1427443406 44.8432328595 45.0305473399 44.5691523683 45.0839009099 44.5881768762 45.0648714579 45.0951522985 44.7014948266 44.5698144723 45.1229492777 44.6695654865 44.5864610009 45.2031323133 44.8660366774 44.8901554483 44.5929546231 44.9330698893 44.8082791875 44.5596835384 45.0695114958 45.1741706225 45.1234744114 45.1803131451 45.0446818775 44.6700784165 45.1176576757 45.0828305518 44.9434945517 45.083491457 45.1963747955 44.7341945377 45.1187343809 44.784459126 45.0368192559 44.8745023214
69.2945550268 64.5970971709 70.1756052668 81.0366140293 0 0 45.17657607 44.7432424541 44.5495852891 44.5713621887 45.1051216435 45.1111669355 44.9443169556 44.5726674487 44.7628533114 45.1247641893 44.7896814938 44.9430767435 44.851310978 44.9061882578 44.5331150502 44.7718374585 44.9596412622 44.9330645429 45.008247387 44.6489894543 45.1279654633 44.528260389 44.605402376 44.6685824895 44.6329906377 44.7838880653 45.129583017 45.0042486891 45.1782277385 44.9206038537 44.6882826749 44.9473360101 44.9581948424 44.8890529733 44.5017799773 44.7703067578 44.7364579654 45.0538549576 45.1901043337 45.1188547212 44.929311556 44.9661214275 44.6489119139 44.9256999628 45.0976512809 44.7710304727 44.8174397677
0 0 0 0 0 0 44.9183772902 44.6152562935 45.1258050179 44.8082119521 44.6548907612 44.7425243649 44.9489807067 44.8615942926 45.0635096687 44.695450774 44.5452392675 44.8389731689 44.6250582564 44.9835304348 44.8665855137 45.0534683936 44.8743109318 44.9874049605 44.951189972 44.9220668008 45.1899361429 44.9583061516 45.1678537457 44.6580673613 44.732346082 44.7708243467 44.6652236788 44.9584974202 44.8323441974 44.6785593916 44.956639461 44.6403868335 45.1113560319 44.5018651687 44.9063800136 44.8764664392 44.588284779 44.9988777988 44.7083244676 44.8440637514 44.7580905084 45.0873886264 44.5327843206 45.2021392912 44.7120984341 44.5615411432 44.8270822396
