Spatial Output/patch_out_check_00115.asc
NCOLS 155
NROWS 192
XLLCORNER 196769.923733
YLLCORNER 449719.875193
CELLSIZE 27.603701
NODATA_VALUE NaN
[rows 69 to 91 of 192, columns 53 to 105 of 155]
45.5759994196 43.2225562806 43.6970155833 45.7319268497 43.9406445178 43.7476968624 43.6583766108 44.1585624013 44.6956316004 43.5688948086 43.9885791479 44.2576860052 43.5818939909 44.1562749126 44.566908865 43.3233443731 44.5064377758 43.0867288793 49.2263330946 45.1493571348 44.7468453496 62.1528634508 45.0112150266 43.3045155713 43.9218521431 70.4352267674 70.4352267674 43.4735613716 63.100083954 54.1502845852 54.1502845852 55.7559214313 80.9668895097 68.0153281778 53.1249596677 53.1249596677 52.7713086931 69.585695668 43.1128614262 43.439156994 44.7435360974 43.3207579325 44.5002065294 44.0710235141 60.6330853308 60.6330853308 45.5233059019 43.7259788558 44.8389549111 45.3425069437 45.2409362889 43.7052160176 43.8244152749
44.9508787108 45.0816148395 44.4965346257 43.5618255407 43.6172205424 44.0041364945 45.1009199522 43.7831672779 45.4938410058 45.4995701641 45.2876351178 44.2122600542 44.2688241968 43.8016233067 43.2862487257 43.3721821994 45.1852399251 43.898684383 50.1932890724 50.1932890724 45.7206642149 44.8332305002 45.4874368525 43.2677624615 43.9500282766 70.4352267674 70.4352267674 43.2009311224 44.096963786 59.4097064202 55.7559214313 55.7559214313 69.9163202224 68.0153281778 68.0153281778 53.1249596677 44.3791808121 44.115970043 44.2282084735 43.8022038234 45.0958342935 45.162356291 43.2504915087 43.6199415194 60.6330853308 60.6330853308 43.1862731648 60.8366552153 44.0792462356 45.2703319444 44.3938413573 45.3973955681 44.0901404853
44.8033241465 43.3391452707 44.2127518631 44.8318335558 45.798519996 45.2836467309 45.7479168845 43.8476316517 44.4860980881 45.332036932 43.8676916406 44.6259251551 44.833389005 45.7749537437 44.3112822005 44.9475578147 43.8268897743 43.4052438482 45.2885623102 64.54842215 45.133763021 43.075514733 45.2888594625 44.2582617339 44.9916668666 44.2150108253 44.5760359213 43.4781139705 45.0780044481 43.6023420743 45.2600172244 67.6325307635 69.9163202224 69.9163202224 69.9163202224 43.321512487 43.3039973626 45.5122086907 45.2464850158 43.5495918337 45.0408951223 44.6788876843 43.3720275866 43.8990010219 43.6888955068 43.6962278097 60.8366552153 45.3702923865 43.513172274 44.3063608449 44.9452981059 45.6255481244 45.5507411851
45.496708135 44.5879833761 43.6691890396 45.8208587301 43.3066477269 43.4582138619 45.4618140034 45.4813242927 45.5090572237 43.9170571782 44.2507033281 44.8657700276 44.1802271868 44.7797760104 43.3117075331 43.8750921389 43.3692151247 73.1892895012 45.7082142056 48.7923252959 48.7923252959 44.3686795767 43.2657416607 44.8825226776 45.4326876505 45.3826118034 45.4134057197 44.5811490631 45.7478289553 43.8165996206 45.4532911445 45.1762471011 69.9163202224 64.0586995657 44.7662074372 43.6277913261 44.9137347253 44.9549000239 45.0674178367 45.0521850065 44.6674580455 44.5727185784 45.5300009673 44.4771764953 44.250603214 43.9907389993 45.2112218154 60.8366552153 45.3845549708 60.4616129268 45.4523644881 44.2476750503 44.2934686208
44.793977105 43.3114647381 44.4022731643 44.9118336797 45.2960898034 43.654593341 44.0423532257 45.2931224194 45.5327681082 45.0726878892 44.9082483021 45.1579263415 43.7689416669 44.4259038584 77.4823793004 77.4823793004 77.4823793004 45.2289979394 73.1892895012 48.7923252959 71.6985450246 48.7923252959 43.037554274 44.7006051473 45.052607537 44.4307243523 44.6028698861 43.7776434523 43.7275237365 43.0086063344 44.0581165329 43.1254479228 64.0586995657 64.0586995657 64.0586995657 45.4982579009 44.4415591915 45.2054609544 44.2750732446 44.9719354611 43.5491662167 43.9508374926 45.4345148591 45.6233701485 45.6987106996 43.730107072 45.5306980648 45.8197745451 44.283570694 43.9416353013 43.1548699259 44.5462131143 43.6074113128
45.1755505521 102.0656554658 45.2745850938 83.3226821689 44.5388328308 43.534479094 44.7630216486 44.9684256409 44.9779640166 43.4633367668 43.2258049465 45.1054192798 45.1656612403 44.319433527 77.4823793004 77.4823793004 43.6779410405 43.4823821305 44.5048462192 71.6985450246 71.6985450246 71.6985450246 43.2819593491 44.6742758604 45.4081570319 44.5545154007 43.0972720778 44.4219223007 44.1758553781 44.4792300122 43.2103506513 45.8278767783 44.4020561833 59.6384615667 59.6384615667 44.6523319881 44.3720248523 43.5901545371 43.2165380105 45.2616288544 43.935443292 44.5143018279 45.6822005811 43.5664453146 45.181327853 44.1499628478 45.3893370511 43.1516772274 45.3414950843 43.3972812648 44.3648064572 43.7327699809 43.7801541346
44.1469942932 45.2863933369 83.3226821689 83.3226821689 56.0646623487 56.0646623487 44.2429559671 43.0250970297 44.0636877925 45.3615528128 45.4986255446 44.5711244179 44.8627235339 45.3942570893 45.7435868633 77.4823793004 43.9570922332 44.6515284988 43.8178751652 71.6985450246 71.6985450246 78.6598433192 43.2415950405 45.7220586543 45.49178863 43.5298389709 43.1442222635 44.6092848484 43.0050725908 44.8459197161 43.0219290923 43.0719388554 59.6384615667 59.6384615667 59.6384615667 44.7698478577 45.4298592115 43.3283223319 43.1137504529 43.6175511555 43.7859685077 43.6078169439 43.3998459478 45.3262057154 45.5736503121 45.3347361742 45.4284731496 45.7367519967 43.4691985798 44.1373124372 44.2498758707 45.3061216205 43.4959725782
45.7623489164 102.4252022103 83.3226821689 83.3226821689 56.0646623487 56.0646623487 45.3955013636 44.7286070689 44.154759301 44.9953544514 45.1222554282 44.1907319496 45.2243917766 45.6088824536 43.0673042277 45.4048389662 44.583152528 44.2857918786 43.6607234981 44.9482649252 78.6598433192 64.9619011795 78.6598433192 44.0393685137 43.8544354542 45.3624336707 43.7029070461 44.8387814872 43.7554129618 43.2792955965 44.9239709751 44.6317231769 45.1179151175 43.3640730614 44.2594445004 45.1469711596 45.2187116653 45.2421258139 44.2461687308 43.5785919886 44.5651238304 45.7931870561 43.4077603935 45.0289141541 45.0941240769 43.7038637895 44.3094484649 44.7604049401 43.5549029725 44.3704432196 43.9058053365 44.1564628102 44.1916095696
44.6350429996 43.0522185646 44.5027448191 54.1440185101 43.6698928282 56.0646623487 43.4848657685 43.0466710419 44.0683929587 45.2730022907 43.1303724713 45.1385531405 44.7883136627 44.805547003 44.7711676144 45.3076767898 43.352542456 43.3994375623 43.4182859232 44.3365627633 64.9619011795 64.9619011795 64.9619011795 44.3814140501 43.6580982917 43.9584281835 43.0448537612 43.4436531767 43.5141501903 44.286307174 43.8156220932 44.9936721835 44.5342634068 43.180600703 44.3431073291 44.2034391444 43.4558482819 43.4587643497 45.4955213954 45.4943745848 44.18673816 45.7018985535 45.0056011498 45.0689344949 45.6485523465 44.1702068054 45.1292096801 45.4579029513 43.1223622924 43.0055279067 43.7840050592 43.3732210394 43.5476751641
44.12423777 45.0731634134 43.8165423409 43.6287707935 44.1343017167 43.9901453278 44.5069870768 45.1747777523 45.2295746516 44.706357018 44.3051065271 45.5307616709 44.8614129844 44.3295563643 43.8576849193 45.3546383294 44.7928148217 44.1488761958 43.9534979816 44.904753549 44.5909342042 45.1950980922 45.4337309837 44.8055734785 45.7290532862 44.4232860894 43.892111222 45.3929071194 44.125676693 44.2691705429 45.0691857009 43.1982407095 43.7324400499 44.4702517361 43.5270411959 44.2469278638 45.5082179675 44.3375184926 43.4067360964 44.2658323915 45.294735481 45.024399934 43.1778327552 43.1209284013 43.86917458 45.7866115842 43.6758263023 45.5657009007 43.0220810502 44.3864943217 45.1583133444 43.7873844758 43.3104645909
43.8392476224 43.2772329868 44.2097270189 45.7947120467 43.3267997923 45.2000184061 43.4453829008 44.0195403932 45.620839628 44.1845752659 45.4614921715 44.0721587011 45.3305526626 43.7331766753 45.485800744 43.819150271 45.6238529803 43.073345588 43.3023589057 44.3590708977 43.122687432 43.0738496586 45.2398932127 44.282252945 44.2463490331 43.1155044252 43.8339977006 45.0713370598 45.2458246074 43.289584645 44.3665855594 44.6200900879 43.4330830843 43.7488734914 45.8050536259 44.6663229258 45.1100780568 44.4729656285 45.0421850397 44.2867240477 43.9688179635 44.5283644022 45.0362886152 45.6370783274 44.7499907581 45.2826389262 45.7904197177 44.4902212165 44.5787235149 44.3218628616 44.6413930654 43.1338730885 44.7412946901
45.2865190541 45.0880506161 43.0910884778 43.9691228338 45.2278613546 44.4550520665 43.4849428602 43.8144294306 43.1683345592 43.0928674236 43.9234780607 43.3419987319 45.8256285333 45.2732997884 43.2990623655 44.3909000313 43.6237156569 44.6875021322 44.3826673616 44.8787531019 45.3937732988 44.7215067081 73.7103060495 73.7103060495 44.9832956736 44.8551907544 43.9299917531 44.2143053108 44.786481208 43.494222578 44.3189116066 44.3189579278 44.2347602206 44.5025417232 43.2777686993 43.4429008866 45.5307899778 45.013036859 44.1629540404 43.7716202461 43.6412310533 44.0084012508 43.7981064395 44.6808508203 43.1809612597 45.2861703579 45.4346492209 45.5883286072 44.5158661031 45.6920862128 45.5470664192 45.1438040542 45.7902753885
44.9627765356 44.7921515878 45.2582131885 44.5250185021 43.0210361949 43.8942001589 44.7813156375 44.8798973093 43.6492459979 44.3503694403 45.8007289185 44.232054684 43.5443123558 44.8982210108 44.571052265 43.2995950361 44.8028858383 43.7195722927 45.443690247 45.6180501505 45.4123689611 73.7103060495 66.3122639428 66.3122639428 43.2727382487 45.1831394938 43.3845828399 43.9105471778 44.1203252925 43.4701233302 43.7838458877 43.3825435932 45.7756570925 44.2399904604 43.2332993147 44.8943187417 45.5659311818 43.6986988513 43.9617734909 43.9273174997 45.7088336598 45.8161571501 45.3988875874 44.4171236009 44.9994819167 44.183681796 43.4802550276 43.7133174327 44.3589999202 44.5878210953 45.5327222046 43.938750365 43.5394854487
45.5343586511 44.0893405935 45.7363247357 43.1678848404 43.6402204233 45.5534569117 45.3225244059 44.5864916997 45.7082271355 44.6319801289 45.7662803045 43.3188252109 43.7531591347 44.9988940003 43.0745542679 44.981632205 45.4555484088 43.4536197735 45.1130163983 44.2995552193 43.2593134262 66.3122639428 66.3122639428 66.3122639428 44.9748724079 43.8736102945 45.140275655 45.321238171 44.4099723667 45.0381830392 44.3032827551 44.3058855134 45.52111735 44.6339282921 43.9540685401 45.6381164721 43.0625894103 45.5743779909 44.0003908065 44.5320972976 45.7214433204 43.1747958606 44.3405376626 44.4501379226 44.702427511 44.5966741035 44.7959898704 43.2314873532 45.4837480301 44.8326942425 45.4679978526 44.982013202 44.3957540917
45.7022892976 43.3959480677 45.785225827 43.6442852798 45.0948928817 45.4413335786 45.5704297321 43.4796319069 43.1560669863 45.0317221483 44.0314599521 45.7198900953 43.6129713685 45.7695437762 43.6386693344 43.7279405629 44.3373073604 43.4364172469 43.4980531911 43.5583578979 43.0764838305 45.3852664637 44.5274134003 43.207949335 45.0926287591 44.6931820205 44.7714034371 45.7551271701 44.4407234304 45.6420843209 43.7510165404 44.1871255038 45.3353202274 45.3212382773 43.5785004842 43.2823603089 44.3999214011 45.1779890342 45.4465881077 44.7760458682 43.3824021426 44.9420711606 44.5000895423 44.7725634866 44.4972995856 43.4883396187 44.1461487605 43.2755854184 43.464659437 44.9325984615 44.913849411 44.7594372827 44.9022496632
43.2815338 44.0109560617 43.8823053039 44.5242804558 44.7609783871 44.6140340486 43.0380534445 44.4317043809 44.6802272468 45.1989374442 44.8050304835 45.4632562606 43.289991952 43.3748791541 44.4388908509 44.5076616351 43.041967104 43.1493996602 44.7530314855 44.3674847615 44.3077386026 43.2616008567 45.4951977586 58.4288587431 58.4288587431 58.4288587431 45.1196822506 43.8141451233 43.9185129587 45.7223031531 44.6424746589 45.6919084612 44.6138427199 43.1577169324 44.8353308567 65.7228281521 43.3503662198 44.2145234685 45.7916283018 45.333453111 43.9460981962 43.9665029159 44.3725064001 44.1786234026 43.0989961007 43.5067724985 44.4990300357 44.5101402107 43.357557622 44.6131555989 43.6629646726 45.2345593713 45.2412691561
45.7801401086 43.9845330932 44.9435702496 43.8213459296 43.5849006855 45.778044285 44.8456838884 44.053405527 43.3542968188 44.5848664238 45.6403470262 44.5120962334 43.4941296245 44.1394029886 45.7101979979 43.0668833178 43.9732430733 45.7328749665 44.3480737626 43.0501564608 43.87972007 44.1051372559 43.8378245754 60.347298194 43.1642084351 43.7773749154 45.3119387144 45.4999544564 43.257504072 44.7165780142 45.0882836666 43.7530948859 44.8753551801 45.3199212429 45.0252343211 65.7228281521 65.7228281521 65.7228281521 45.1867295773 45.6936375414 43.6020015207 43.1118564318 43.0596289236 44.5513593951 44.6433659536 44.7778228648 43.6206768849 45.6140064059 45.6774632772 44.5055755042 43.1321319344 44.5992043588 43.2875854705
43.1469362594 43.670411536 45.5100653251 44.2751717103 43.3023368901 43.8493139741 43.557816777 43.8807966727 44.1455425282 43.1332265899 44.2061404709 44.4122468631 43.9816461963 44.3234966416 44.1802767442 45.1461623711 44.8358886848 44.9027062579 43.6642321304 45.0791514509 45.3984132025 43.8708446215 45.2643859141 44.5047393166 43.5338651329 45.3008205785 44.0010272965 43.3421774552 44.1483504586 44.788820231 44.1684445011 45.1205197961 44.4757755973 45.791103009 43.5196668573 64.8506533497 64.8506533497 64.8506533497 43.2518977633 44.2680410393 43.7263456221 43.9947684651 43.0152827859 43.1541351075 44.9491414933 44.9291688962 43.0487593412 44.2512384563 43.1140038189 43.0052466778 44.719542713 44.7687748773 45.5443082695
43.1975340219 43.5858540468 45.3211126917 44.6265279335 43.3900913897 44.44024827 45.7046166761 45.708969189 44.8566527935 43.1707514381 45.1185956069 43.9348908946 44.4608936243 44.103866478 44.1308535809 45.2696767731 44.0608125059 45.0377557559 44.9794197258 44.4475052646 45.0182435371 44.4515116409 44.3980452738 82.8978314264 45.2510171133 43.6567951412 44.7454181538 44.425529494 44.4735153293 44.7551698829 57.0939715414 62.3016577236 44.8086071803 45.4886179174 44.6486762289 64.8506533497 64.8506533497 64.8506533497 44.5402576037 43.5842890008 44.3458881438 44.6306409139 43.8411660147 45.7870867449 44.7744553188 45.4930315139 44.7778204915 44.8072893161 43.2548839052 43.1357347932 43.2319731852 44.1338824345 44.4417618386
43.4540417603 44.6811788223 43.873942413 44.1809954453 44.3705965342 44.717711234 44.8036290618 43.7980126444 45.1937093708 43.4419607015 43.3070955389 45.1465394754 43.2434462483 43.6167797189 45.6682864034 45.6828144611 45.1630781416 45.2105198004 44.168881896 44.9729561227 44.0593432933 45.0598873928 45.7213974165 44.3972691843 43.8146953464 82.8978314264 69.7914895026 69.7914895026 44.9525252121 62.7895481212 62.7895481212 77.262892951 77.262892951 67.1901334123 43.6485184652 64.9965764426 44.5781494038 88.1122746991 44.1332337481 45.1064073348 43.937598975 45.2230434996 44.0432768341 43.9162864871 45.6952065272 43.3404171906 43.3328258263 43.5662347627 44.1515253846 44.7212478428 43.7125547903 43.4377337347 43.9400780586
45.5881988819 43.883500775 44.2553835762 44.3390816677 44.2781505096 45.7386587498 43.4164571158 44.2947985 44.1190136347 43.2781752363 44.8143367245 43.3697521079 45.614662155 43.024537571 44.7914908836 43.8026674565 43.4640135405 45.3135889272 45.0713966384 43.7778640227 44.2738310742 45.7267754125 45.3305928213 43.1228682164 43.0743508122 44.3994569459 69.7914895026 69.7914895026 44.1267406706 62.7895481212 62.7895481212 77.262892951 77.262892951 44.835527261 44.8357792033 43.6998806877 44.5414921032 45.4153252655 44.126792157 45.7357904215 43.2819179056 44.7901576484 44.6419773365 43.217086786 43.4018100677 44.1351766195 45.5872455751 44.7626698912 43.606387546 43.1689937275 43.1194848595 44.4023346147 44.054463937
43.3798775053 44.7044412754 43.3361866124 43.955714595 43.8842403799 43.1614714991 44.8651221386 43.5531561977 44.4599150749 44.324853801 62.1049309057 45.3354225376 44.433724589 44.6821009707 44.3769175943 44.3883512821 43.6869938431 43.0377972495 45.6476228209 44.070117099 44.3103661792 43.3293944904 44.5350871513 44.9134800832 45.4901554745 76.4946540115 44.1799624962 66.8434930866 66.6500470796 44.9039771097 57.0939715414 62.3016577236 69.799603469 43.7957039398 43.0028869826 45.1022666561 74.0376149234 74.0376149234 74.0376149234 44.1016766118 43.794413752 45.1923990931 44.4534393706 45.7429611318 45.4516315952 43.5534813883 43.3320743004 44.272086171 44.7226187852 45.6264289442 45.6474026885 44.8485497325 44.8755923078
43.1855988031 43.2811948448 43.1710014313 44.8499631096 45.6946716569 45.1671385473 43.092713553 44.0713780696 45.413003853 45.6091101656 44.885671666 44.1700895807 45.0046595754 45.3069482805 43.3939065105 44.9019863789 45.6919258474 43.57316912 45.6052898583 44.794233082 45.2558996797 43.2262697803 45.4653752988 45.7740088443 76.4946540115 76.4946540115 44.075775171 44.1613256549 44.9110677358 44.8379194495 44.1153441455 44.0856812468 45.5158738604 43.8413713595 45.5857723465 45.4305370907 74.0376149234 74.0376149234 74.8922810049 43.2729734546 44.7275914865 44.3677056167 44.9172731684 43.7132516551 43.0985849538 43.8251800399 45.6473948975 44.2430530221 45.0549424764 45.7514234886 45.3363384436 45.4804855456 44.2462735162
