Spatial Output/patch_out_check_00007.asc
NCOLS 155
NROWS 192
XLLCORNER 196769.923733
YLLCORNER 449719.875193
CELLSIZE 27.603701
NODATA_VALUE NaN
[rows 92 to 114 of 192, columns 53 to 105 of 155]
45.9751477112 45.5551465549 45.3171337307 45.831824912 46.0326405651 45.3250579453 46.1651246805 46.0759812628 45.2334432319 45.5586254412 46.3267041968 45.6117348154 46.4066036376 45.749062278 45.4158646683 45.9686670248 46.265913155 45.5714021098 45.1090315348 45.8320936353 45.3093583864 45.0245748078 46.1134367467 46.136776656 45.1631765527 45.3670244619 45.9303946612 46.1384391523 45.2764630828 45.5948386237 45.0528214171 46.2964947123 45.2900091861 45.5374868064 45.7986932411 45.9958423947 45.4865018204 45.6112569811 46.174548423 45.6522546216 45.789013786 45.1122396403 45.5495949256 45.906717121 46.4041918265 45.0442204113 45.8303951073 45.610887325 45.0496055743 45.0813801557 45.7391873221 46.3294159553 46.2620677914
45.9092899565 45.4047384904 45.0990951848 46.3721487908 45.2421051939 45.2891920519 45.0485055055 46.0381054297 46.0742431375 46.0840355784 72.8544735544 45.2594713077 45.5576198231 46.0505627755 45.7996246689 46.1072575931 45.829950415 46.3552041991 45.3598650091 46.0676964328 45.1630233372 45.3262602458 45.3275229639 45.5644665432 45.3332770971 45.9178046517 46.0986829725 45.5386940296 45.6980738778 45.7675013164 45.9695877378 45.5517792271 46.2882568896 45.4036258093 45.3976460789 45.054738879 45.3623794668 45.1708969979 45.4513448629 45.2122040488 45.1143587613 45.1462497192 45.7250950291 45.0783804829 45.9407584583 45.7270643463 45.3481674507 46.2980192578 45.3942553837 46.3233108355 45.7612291908 45.1057485673 45.2132138248
45.2666906877 45.671463498 45.6607577895 46.3779640507 46.1694706435 46.017373997 45.5074946024 45.4587959796 45.3748705347 68.2363956733 68.2363956733 45.7136434138 46.1477193158 45.1081504159 45.3695352672 45.0397956205 45.4678605009 45.5733729978 45.7415246572 46.1261696335 45.639495211 46.2280477483 45.2271031204 45.1780377076 45.6843373898 45.8340279033 45.1573751404 45.9461080627 46.1413158008 45.7929066664 45.0955555652 45.5649469621 45.2854976532 45.4863532878 45.781309051 45.0900486261 45.0651169746 73.5526286499 73.5526286499 73.5526286499 45.8713579199 45.9963661272 45.2722772687 45.2707099103 46.0685733113 45.6965864702 46.2569817878 45.3557908845 45.1037540418 46.337113741 45.5704610352 46.3667144348 45.1128874254
45.5374081538 45.8040565439 45.3209104191 45.7897272742 45.8377340868 46.2044940438 45.7617324763 45.3654526738 68.2363956733 68.2400524339 68.2400524339 45.9997262464 46.3116403643 46.1265879885 45.3852365093 45.0268055053 45.4512847134 45.7130732473 46.403720882 45.6446334231 46.0761626408 45.6661192751 45.4276975547 46.3064762954 45.5452694398 45.7487007687 45.5013315417 45.9465039335 45.7211223785 45.778580792 45.6668354217 45.0182786137 45.1306024781 45.906513799 45.1561895262 45.358806804 45.4914108582 73.5526286499 73.5526286499 45.8386283462 45.177588359 45.4527138049 45.7540816445 45.2616939754 45.3355437685 45.3747358398 45.8216317838 46.0231705149 46.2051115219 45.7436533285 45.892190442 46.1977408219 45.8055611223
45.333334641 46.034677718 45.4143246287 45.672505375 45.2598455494 46.2082287939 45.6314076846 46.0443423905 68.2400524339 68.2400524339 68.2400524339 46.1066740457 46.2422731183 45.3810695986 46.2961063933 46.2338213474 45.8467147663 45.2645817901 46.3263047422 46.3673744987 46.0892088087 46.136040311 45.3073543612 45.3879445634 45.678116058 45.7293301866 45.2908449464 45.9622799622 45.0926675463 45.6434475989 45.2809630718 45.4755891574 45.4542096777 45.611509734 46.2408043963 45.946631056 45.0035550789 45.3920633467 45.9927496614 45.4778487577 45.4021126005 45.2406331167 46.2369182813 46.1322959831 45.8410715887 46.142805996 45.1592036623 45.7183249729 45.593186264 45.6318867875 45.3166743213 45.7890014837 45.152337851
45.3486882343 45.2820789794 46.3282630702 45.2546492606 45.2940049222 45.4859499957 45.8956141612 45.7226600639 45.6839324352 45.3042183019 45.2708115792 45.4247457309 45.9742322245 45.8879133156 72.3146750747 45.88236322 45.7671296598 71.0067589924 45.6376438444 45.8630696048 45.4128607446 69.2082090481 69.2082090481 78.0912406594 45.0611512299 45.6341856442 45.9736909729 46.3431119506 45.6984411175 45.0323718049 45.5384471737 45.4389462657 45.5593746246 46.0161896624 45.7503628701 45.842877218 45.0625084308 45.345224748 45.4275889816 45.0170244562 45.7364733835 45.6720604021 46.1135757602 45.4213742396 45.6956587996 45.3917193604 45.9655673928 45.497174345 45.491708557 45.1239265012 45.5523604846 45.1293680485 45.1529684914
45.0911016173 46.2850534628 46.0615472675 45.0634147914 46.1117623789 45.5040564913 45.6640363632 46.1723813162 45.1475746303 45.3306245666 45.7727794036 75.4021280049 75.4021280049 75.4021280049 72.3146750747 72.3146750747 45.842720612 71.9132123029 45.9193423827 45.274446813 69.2082090481 69.2082090481 78.0912406594 78.0912406594 46.222597789 45.6612678117 45.8816023654 45.2760007505 45.585274505 46.1410047645 45.2638039675 45.7728881004 45.5259826652 46.0930901836 45.9165711301 45.5743418602 46.3620464888 45.946110403 46.1807918361 45.563042419 46.3413120337 45.1661591706 45.2630719673 46.2862645919 45.8606245318 45.9220677577 46.2401633592 45.090094528 45.3284450008 45.9304329276 46.0323737693 45.8555706559 46.2420947316
46.3102933554 45.91190334 45.5041976659 45.0208964854 45.3025008202 45.1486578655 45.892735367 45.8899141836 45.0836349823 46.117469104 53.2710810338 46.0396886078 46.0338098848 46.3994081202 72.3146750747 72.3146750747 71.9132123029 45.5733267012 45.1818901537 68.9343005015 46.3027327425 69.2082090481 78.0912406594 78.0912406594 45.0146303578 45.909998833 46.2354342128 45.350374185 46.0755409705 46.1416478597 45.3609854882 46.2000318966 45.4210488608 45.1972792147 46.3414483407 45.6058761603 46.3482519828 45.6339010089 45.7794599536 45.3909065431 46.2785962819 46.2542246951 45.6011508793 45.9377620709 46.123245747 45.1298021652 45.027536152 45.2746519223 45.2559004914 45.3511370406 45.609704209 46.277865634 45.0433841682
45.2408370266 46.1568900473 46.0357871651 46.1566043494 45.1156233789 45.3369982476 45.8555276681 45.4635292171 45.2551716398 46.3147810309 46.1797670735 45.5378841053 45.6224208856 45.6281026003 45.5424348678 46.156868158 45.560194559 46.233007022 45.8403397714 45.8343729319 45.9302789479 46.1612225516 45.2511933494 46.054125631 45.7686660783 45.495489226 45.8465068518 45.161751158 45.6293765606 45.9654152761 46.2282051828 45.1861895589 46.1855264352 45.6399953814 45.5745055065 45.4228121833 46.3443782718 46.0182555762 45.9575252092 45.2789600907 45.5285545845 45.735561214 45.2458263419 46.3392255241 45.5268215914 45.725641102 45.6436982608 45.8265478087 46.0031051884 45.6151577009 45.4924819625 45.8215779552 45.1439013848
45.6946176771 45.946403695 46.1660162988 45.5475417903 45.4115051227 46.2666411611 46.2021366329 46.2950384441 46.2343163162 46.0310803443 45.9743243715 46.4093016168 46.0539837608 46.4118492415 45.4078576012 45.1964132242 45.4920891561 45.9881161475 45.1386620245 46.2187696845 45.6281180388 45.1952872321 45.6100794757 60.4470562937 60.4470562937 60.4470562937 45.516966908 45.3550515118 45.0754885128 45.7175558791 45.9596018003 46.1144948779 45.3505496632 46.0818396327 45.2238303241 45.4538308468 45.6437781438 45.5482766741 45.7389171019 46.3951790631 46.4129485673 45.7006842309 45.3804446305 46.2270074874 46.1430505229 45.1505426559 45.0758884407 45.034997361 46.1615080624 46.3499198598 45.5370287516 46.3948033296 46.0551013247
45.4818333146 45.1387986244 45.771102997 45.2422571317 45.6848878975 46.1195422896 45.0088510453 46.411397188 45.5419953875 46.1540954867 45.062563962 45.9164209181 45.5479443848 46.0528617152 45.2283098795 45.3377473908 45.558396235 45.1610786096 46.1224591911 45.006000176 45.8378059025 45.9495093286 46.3859312165 45.3210463888 45.7466283323 45.1993998132 46.3148042615 45.9426206801 45.7045079979 45.9043808972 46.0528700402 45.110288962 45.2169917476 45.9954963011 45.8348000847 45.4952179447 45.4045186784 46.2162458729 46.1746414844 45.7452263001 45.2664430064 46.2577623564 45.9215884666 45.301609166 45.2771905346 45.9893256978 46.2153050645 46.2636424794 45.3283525028 45.8923639306 45.5968073361 45.8372265441 45.3558271191
45.492470125 45.0295629161 45.1150997067 45.7374055116 45.7737930095 45.1853870175 46.2679342623 45.8140182076 45.4885924137 45.7010515044 45.9893756877 46.3846562721 45.5378869099 45.4423651978 45.4952799801 45.8971863932 45.7999123554 46.3594433206 45.8136962815 45.9518719713 46.141807962 45.9451651218 45.5882054567 45.9870737893 46.326421606 45.0470442492 45.3582267999 45.8821711091 46.1843838001 45.0981952755 45.0312867624 45.9598375261 46.0459446179 45.9734474703 45.4771434046 45.5321520448 45.3519948373 46.3457182564 45.3712724013 45.5113695765 45.9873604662 46.0172318561 45.1490406022 45.9877514633 46.1712056343 45.6389824231 46.3728989491 46.3121766432 45.8279067043 45.928742246 45.0720806926 46.0851477449 45.287386783
45.8563938934 45.4324045448 45.2527863121 45.5554772708 46.0768500885 45.8127703678 46.3659031831 45.3107098854 45.8877257817 45.7882519479 45.7280064509 45.0820655684 69.2992872304 69.2992872304 45.9868916453 62.8445573539 45.4792057206 45.4156414691 46.0185165755 45.7858437166 46.0386134996 46.2004501625 45.9361205415 46.2116045185 45.14113896 46.2260786388 45.4944880111 46.409259998 45.4123416338 45.8711633652 46.3861984843 45.7811433739 45.9591394482 45.6607702772 46.3016661894 45.2104584543 45.8789489443 46.1769154449 45.4068643492 45.9417216621 46.1986526615 45.7417229446 45.5428776463 45.7079765845 45.4523447718 46.1649331872 45.6053635291 45.82266762 45.2297863619 45.9065505444 45.3934970035 45.991217865 46.3624411048
45.7943014086 46.0869523834 46.261822338 46.0711714936 45.818702252 45.8059336568 45.4036898152 66.0198711537 46.1207605192 45.1885673996 45.0395493922 62.1037060269 69.2992872304 69.2992872304 46.0187536272 62.8445573539 79.8421806259 79.8421806259 79.7931982661 46.0217073552 45.4166205917 45.5276129778 45.4457020578 46.1746457182 46.1864870816 46.2156649483 45.9860793365 45.0369282994 46.1908912377 45.3977248282 46.0881229493 45.7898671733 45.2272831114 46.1928450309 45.9221213027 45.7369141465 45.8912321098 45.7069058252 45.3143646157 45.1601891298 46.3228760037 45.1834097124 45.7682803514 45.8923079685 46.3427754322 46.1559047905 69.2159890651 69.2159890651 45.6036858796 46.0229285438 45.3812517389 45.7210707499 45.4406033244
45.8840902495 45.7835922001 45.4792002898 46.4043027529 45.2628606146 45.6712528907 45.1675092111 45.5811483967 45.9024603028 66.0198711537 45.9912430199 62.1037060269 69.2992872304 69.5301920001 62.8445573539 62.8445573539 46.0050611378 79.7931982661 79.7931982661 96.8789905303 56.7345718252 46.2562937334 57.1686162152 45.8831416676 45.4690730948 45.5079585935 45.1743894613 67.1906901493 67.3430026837 45.546489003 45.1983572918 45.1191631789 45.2902299098 45.4841313154 45.8187530968 46.3056042148 45.0643710431 46.2816594534 45.8252639358 45.9769732169 86.559437754 45.5125951548 45.6946669257 46.2360278111 45.0233927244 46.2646915803 69.2159890651 69.2159890651 46.0413632456 45.9705602485 45.8897929073 46.2768646345 45.9307028277
45.9585488409 45.1380187246 45.3265536823 45.7938640516 46.3740019871 45.8239666032 45.1499198028 45.3602102926 45.5397606118 66.1205826078 45.0796019044 45.6310158151 45.6049031704 45.310720703 45.127738368 45.4602479707 45.9463156131 79.7931982661 79.7931982661 96.8789905303 56.7345718252 57.1686162152 57.1686162152 46.096706183 45.0140451316 45.1172241994 33.6138961671 67.3430026837 67.3430026837 45.1874026312 45.0095793309 45.8468944122 45.6425734321 96.1937420037 45.0868704938 46.069843377 45.7467098429 46.2860496361 45.1821048054 46.3721714735 45.3786615558 45.7923151328 45.3760869394 46.0970604691 45.6940364625 45.8395718984 46.0155786378 45.6360477826 45.0738913613 45.0296949504 46.2377131097 45.0853903246 45.3068899119
45.1096817444 46.0735500216 45.7929456751 46.2286977695 46.1698554875 45.5387922153 45.056264528 45.2492293177 45.4653511736 45.4689516208 46.296832654 46.0023472251 46.1570279356 45.4046687995 45.3407185213 45.6601784236 45.8998493734 45.5208591689 96.8789905303 45.5333603467 46.0196160167 45.7148937033 57.1686162152 45.1650545102 45.4009734286 33.6138961671 33.6138961671 46.157643087 45.5651803698 46.0707836226 45.3067878642 46.0072413047 46.1572642581 46.1176052596 45.123592139 45.2843596711 46.3391456974 45.2174451671 45.5478858347 45.0023321444 45.381593416 46.109438151 46.1256215433 45.3682673281 45.4162294227 45.8751643394 46.0535050798 45.9879702792 45.166731279 46.1177398081 45.8640126172 45.6103745911 45.0194323135
45.1184015976 45.839008483 45.4681075891 45.247469037 46.0963690964 46.1070287535 46.098411072 46.0065298843 45.1993496848 46.2750560719 45.0460704981 46.0061419002 45.8276567989 45.2911749146 45.9912708783 45.8408199775 45.9860264141 46.1180477506 45.419143034 45.8294936843 45.7242634022 45.2790632786 45.2110220136 62.8281485684 46.1916393378 45.4961734287 45.4707290355 45.6897070715 45.4382027367 46.2316168345 45.940764592 45.7518102387 45.4119662017 45.9073568794 46.0155254949 46.3092343715 45.6989308003 45.7947942121 45.9782884684 46.1985608149 45.023959906 45.5390476941 45.9103321507 45.8127954845 45.0235367426 46.3890626347 45.3591943936 45.0934676659 45.9482960332 46.1614543853 45.3099658331 45.8248334413 45.3371725701
45.7643668487 45.5222946356 45.9318234793 45.3776230044 46.3072421571 46.0106417066 45.2107481354 45.9954500799 45.1343480176 45.5369498612 45.8368435762 46.3618335794 45.1145495454 45.9848388751 45.6626850614 45.9888005759 45.415853598 46.1876484511 45.6239469505 45.1538533582 45.6985220819 45.1758561398 46.1043834372 46.1956004353 45.5911680217 62.8281485684 45.5805828397 45.1704468228 45.9938225757 45.7654361332 45.3969511141 45.6202889835 45.0133621048 45.9663611384 45.653473327 45.8237875162 45.5733316059 45.0436999578 45.7196087997 45.982674694 45.4707540077 45.0917774664 46.2519532773 46.0148056935 46.3590875868 45.9549035252 46.0726277095 45.0928285378 45.2921090463 45.4588713798 45.7687926338 45.3070936965 45.3376156741
45.4857123813 45.5735144981 45.7057967967 45.9078029548 46.0026774443 45.1016593603 46.1454372205 46.0087844911 45.4772736726 45.5779010179 46.1596115005 46.1709033751 45.8515446473 46.2813565917 45.5585755179 46.1670237381 45.8622236259 45.3205125585 45.5838377373 45.9203504033 45.2477589709 46.252109534 46.1462933656 52.9346803542 46.0933994504 46.2614369556 45.7472553409 45.5852649028 45.2863581147 45.5994723797 45.2744341688 46.1518081032 45.7570614156 45.3972890825 45.0615343669 45.9737816379 45.9066417996 45.8902968731 45.0501889922 45.9629176474 45.1843196304 46.3876475401 46.0451208675 46.3142824747 45.0954243767 45.2995916752 45.7541153722 45.6511852965 45.9202048057 45.675813761 45.9092650037 45.9366499234 45.1980701518
46.0663450594 45.4654758845 45.0700304765 45.5899027366 46.352892249 45.8195349391 45.3750528878 45.5615422967 46.0116064854 45.1256167196 46.2088679808 45.4792597961 45.1487886452 45.6353587864 46.1007279616 45.7531752949 45.1317392696 46.2130756897 45.1506004968 45.8406993706 45.1774414076 45.5619738886 45.5904220277 45.2714199655 57.9161005971 45.539961896 45.1108364175 46.0725277426 45.4666696669 45.1101252498 46.2777914589 45.580236297 45.4252209194 45.5931309351 46.3653907071 46.2710574272 46.3347568511 46.233450051 45.6121116843 45.2919823689 45.0107536185 45.5814503466 45.9697391994 45.4830848823 45.1647254769 45.1488825302 45.9354568188 45.5294747325 46.1834969645 46.2426302624 45.3377915292 45.582583719 45.7863863169
45.1371931128 45.5860330717 45.6271428016 45.5518654952 45.5695480495 45.4335481453 45.6855058863 46.3357328041 45.9990078633 45.2648446338 45.7613238956 46.3958998452 67.6479478584 45.2099185849 45.9542039231 45.0282929853 45.288220598 45.9889088255 45.3001832686 45.5318282594 45.0992782801 75.9921856408 45.5452774109 63.4802968297 63.4802968297 45.0510888407 46.3247035158 33.4454581715 46.2074413039 89.9192780864 45.5356184523 46.2364456774 45.5927247395 45.9129381842 70.7453542849 45.461818688 45.5811039426 45.9893147284 45.1606093322 45.0116886922 45.4545083444 46.2805451414 45.0242411919 46.0071064656 45.4569897182 45.6656696629 45.1640783376 45.5412450004 46.3580434354 46.0204958329 46.0860230284 45.1615138858 46.0926502852
46.1798268079 46.0582371837 46.3777239486 45.1201144686 46.2634099433 45.6360246598 46.2024698824 46.1255889106 45.4992561576 45.1096474413 46.3071410158 46.3346726474 67.6479478584 67.6479478584 67.6201509262 75.0735218432 75.1672122454 45.9221599987 70.0211030253 73.697580239 46.2583115229 75.9921856408 75.9921856408 45.2222826567 45.9694975651 46.0879217324 46.3175405264 33.4454581715 89.9192780864 89.9192780864 89.9192780864 56.6716870384 56.6716870384 58.270564439 70.7453542849 45.3383233189 45.8148034143 46.3338418353 46.338860145 45.7409812177 45.3926205378 45.4903606774 45.2092940014 45.196439554 46.1218582528 45.0581463991 45.456735648 45.9200653738 45.3306699001 45.5873289435 46.3177836628 45.3257609556 45.8148679716
