Spatial Output/patch_out_check_00126.asc
NCOLS 155
NROWS 192
XLLCORNER 196769.923733
YLLCORNER 449719.875193
CELLSIZE 27.603701
NODATA_VALUE NaN
[rows 46 to 68 of 192, columns 0 to 52 of 155]
44.6390650908 44.7014812894 45.1138136253 45.020880516 44.7627811436 44.7154349857 44.5635046641 44.9808472241 44.553429448 45.1226154156 44.99969796 45.1023763762 59.087126679 50.8619876781 44.8751077672 44.7154627176 45.1105867803 44.9672534956 45.0073440977 44.6117024111 68.1710751503 68.1710751503 68.1710751503 68.4354014254 44.6904744182 44.5560803677 44.9738493346 44.7732215601 44.9689214561 44.9865348533 44.837875533 45.1703711335 44.9338604979 44.7100636523 44.8249486898 44.5137440147 44.8046357701 45.1022529593 45.1203482703 44.5813795781 44.9119079149 44.5796752945 44.6546940851 44.5574461828 45.1949066175 44.7169113499 45.0462276867 45.1778214687 44.6920110105 44.7687845102 44.9761868634 44.6416862777 45.1357462599
44.8107545255 44.6882587249 44.7576018793 44.7183271521 44.8777981263 44.9175715051 44.573922089 44.8251779038 44.8578720842 44.7607917502 44.5336838482 44.612916211 64.6172493267 45.1431804777 44.5551164755 44.6343639003 45.0542043867 44.8731566308 45.0090394165 45.1981522893 44.7159421193 68.4354014254 68.1710751503 44.6094907253 45.1641870557 44.8334068722 44.5619595942 44.6203893216 44.8762629613 44.6478082441 45.2036479415 44.6761908504 44.9434008547 44.8271849562 44.5440635378 44.8049524169 44.7795483688 44.8912619764 44.6764878463 45.1775624812 44.9067571185 44.5366267638 44.5663710504 45.0631519118 44.5220672511 45.1450619651 44.5382309259 44.6733113098 44.7029870255 44.5456319567 44.7811393845 44.772836765 45.0010963623
44.9940034535 45.157947761 45.0253483004 44.6242470758 44.6126065821 44.6489941094 45.0928891089 44.9885231917 44.6247110419 44.9603728806 45.1921511044 44.814102161 64.6172493267 64.6172493267 64.6172493267 44.6754997499 44.5134301101 44.5175687877 45.1428115916 44.8983901624 44.62661971 44.6308906356 68.4354014254 55.6421025008 45.115379531 44.5423013172 44.6548636035 45.0846488072 44.8975804125 44.7025989536 44.9778026847 45.0913946691 45.0181251374 44.7745840323 44.6671572255 44.9121835152 44.9165979662 44.816904751 44.9462490929 45.0619352592 44.708434395 44.5571568373 44.6853263937 44.9294240642 44.507989385 45.0876243355 44.8935767626 45.1572803476 44.5317331071 45.1749149996 44.6924380446 44.7977165899 44.702488611
44.5801164462 45.0227460769 44.6204170947 44.5469693727 44.9162286905 44.9483879923 44.6286192599 45.1784495266 45.0488247883 44.6094276151 44.5242382077 44.7749618331 64.6172493267 64.6172493267 44.9583280741 44.9359148466 44.7691850821 45.1182815802 44.6856355541 45.1971521672 44.816066339 44.7841191665 45.1775258728 44.8145974113 44.7834226742 45.1564221285 44.8412858076 44.7895829627 44.7150461783 45.1677670084 44.8831512786 44.5561610066 45.024719581 44.5804107549 45.1236146355 45.0385096023 44.9377475113 45.0301835701 45.0342512155 44.645195536 45.1757762417 44.7665353441 44.8251940065 44.8147214531 44.9084535231 44.7669933055 45.0780354583 45.0730960443 45.144150942 44.6029078188 44.5260533761 44.9394600952 44.7575008113
45.1120922004 44.6149411909 44.8464702124 44.7348678557 45.0041951416 45.0911483137 44.7641076961 44.5434533064 45.0208086844 44.9425494764 45.1371313361 45.0654086229 44.5381066483 44.892714449 44.9208358902 44.6701000689 44.6253611706 44.5672236561 45.0648244179 45.0560265732 44.7009700488 44.9410323299 44.8636328928 44.8059161983 82.463497374 44.9027411668 45.2062528883 44.9302426647 44.8629827346 44.5002950962 44.6123424199 59.2538491586 44.9765284423 45.1924269279 45.0175239001 45.1875901956 44.892852045 44.9460945996 44.7108307496 44.7736018429 44.5426852912 44.9149799707 44.8287311065 44.8404666697 44.8473294665 44.9815217865 44.5160244281 44.9697957063 45.0965747237 45.0438640805 44.7714022878 44.699409684 44.9663085766
44.8774602905 45.175960041 45.0532564572 44.5644128123 44.5427696403 45.0821543986 45.0554166304 44.6450933859 44.7235945902 44.7006092791 44.5888158131 44.7092591155 45.1414716535 44.9272866835 44.5916815123 44.6623631676 45.1218220148 44.8930180853 44.698511141 44.6798764242 45.2019282983 44.8599296544 44.8260775557 44.8654033311 70.0754739726 45.1549261436 44.866591255 76.1476038107 76.1476038107 44.5633407845 45.1322967326 59.2538491586 59.2538491586 44.7254184562 44.6648455808 44.6253520128 44.8598009444 44.5397800128 44.5321271123 45.002623058 45.0141250086 44.7964008136 44.9085231217 44.8130985164 44.6769884209 44.8710143729 44.8000180006 44.5337542134 45.0941511998 44.5240894813 44.6438990963 44.5568414796 44.7177953056
44.9972427147 44.6231149696 45.1244140358 44.934910934 44.856402511 44.8950652815 44.7298593708 44.9641937428 44.5128501146 44.9950266451 44.7818873751 44.872810441 45.0784538482 44.8552608259 45.0636032412 45.0310526638 44.7750834348 65.174922487 44.6212978977 44.5058552132 45.1835093937 44.8184273196 44.5791855377 70.0754739726 70.0754739726 44.7720582226 44.5040255468 45.1312376942 44.7876543871 44.6783288421 45.1756072018 59.2538491586 59.2538491586 45.1675802033 45.0064139155 45.1823737234 44.7318683744 44.6806573808 44.5126973944 45.0817041749 44.8482377385 44.7631079932 44.6609561594 45.0576331414 44.6323844463 44.6650477008 44.9660155664 45.0243265865 44.5728031325 45.0576945387 44.8670275834 44.8590085858 58.9916223296
44.6737804249 44.8763608982 44.6903392633 44.9766323235 44.6975108386 44.8829241574 44.5740623211 45.0089271428 45.1765512855 44.7224003845 44.9332330749 44.6628918016 45.0578742888 44.7329212144 44.6830649685 44.541535784 45.0292622705 65.174922487 65.174922487 82.6382634932 44.7392016001 45.0602240476 44.7027340705 44.9188314397 44.5819737459 44.9239970507 44.6170352704 44.9673293942 76.1476038107 44.79518127 44.8210490166 44.8757778194 45.0185556758 45.1186833155 45.1131839847 44.6476069109 45.1764943837 44.9995174258 44.9423660699 44.9918079036 44.8188519196 44.6810995807 45.1416441416 45.0133053421 44.8919334656 44.9656893171 44.6704758022 44.5249528251 44.9712421218 44.6683847974 44.581091757 45.1595466333 44.6147840793
45.0301093104 44.9378233842 44.6202074082 44.6399239359 45.203346672 45.1641128004 44.6508147238 45.0828387654 44.8495588243 44.5672716398 44.7433308512 45.1814614636 44.7650518404 45.042851512 44.8783167592 44.8428543474 44.6464818349 65.174922487 65.174922487 44.9690926757 44.9454029222 44.9723661718 45.1889842595 59.4343332241 44.9141132299 59.4343332241 45.0572833658 44.5204836532 44.8759468833 44.5647126553 45.2003498618 44.9353087674 44.8780187097 44.6196828689 44.6733192668 45.0640569347 45.1883246736 44.8287863336 45.0173017706 44.6983963706 44.8715021651 44.5853878438 44.8057318769 44.6374570418 45.0836447647 44.7215576167 44.8172966362 45.0106407245 44.7234402448 44.5150764304 44.9613776535 45.1577485708 59.7589839997
44.5718838982 45.1242324756 45.0513890575 44.5895314709 44.6681960744 44.7211990932 45.0239871771 44.6173485955 44.6758248425 44.60937886 44.9823831589 45.0070012651 44.6748718839 45.0601784662 45.1752625965 44.9697272732 44.7199130686 44.5098712715 45.1254947667 44.8651708963 45.045145712 44.9465103702 44.6044241397 44.536615636 44.7911002248 44.8514317469 44.649709473 45.0815787854 44.7490457097 45.1437813887 45.1574913242 45.162025136 44.9791930428 44.710242097 45.1962725992 45.2060249999 45.1073446453 45.1449221608 44.9475955493 44.713693695 45.1325945179 44.8630959863 44.5421746201 44.9692167375 44.9544354055 44.5513788141 44.7882942383 45.1925845656 44.6975380228 44.791566074 44.6612768922 45.1198106776 44.6500951802
44.7659388109 44.9023889852 45.0814430876 44.5581699519 44.6879585368 44.9222261245 44.5471789575 45.0112901718 45.0507920797 44.8030704909 44.7661260974 44.8969352132 45.1981794866 45.1911813154 45.0483648797 44.9214725616 44.8539922907 44.6389270792 45.062887339 44.8622642174 44.9035232815 44.5147454511 44.5566360766 44.622144182 44.6866858746 44.5894532183 44.7731024311 44.8233179621 44.9095367763 44.9662979864 44.833325144 44.5031491377 44.7529419084 44.9442713679 44.8524652464 44.8816063433 45.0380616998 45.1199943629 44.8347813722 45.128494162 44.5895469669 44.7571235844 44.9644769308 44.7262648923 44.730523997 45.0060302131 45.2019606069 44.823537564 45.0863264474 45.0279447972 44.6916363395 81.3336722689 45.1295947054
44.9509110768 44.5531567656 44.6049533978 44.7601899377 45.1632111124 44.8386927255 44.9133349643 45.0429088369 44.8262031567 45.0837926195 45.0666271326 44.6343129082 44.9061201951 45.0366395903 44.7867926612 44.580712087 45.0419170101 44.6115108035 44.8515216038 45.0209094346 45.0097309277 45.0262396581 45.02149125 44.5604361447 44.7265132336 44.6514603381 45.0841425798 44.8930020533 44.9979128619 45.1312957643 45.1567117747 44.6395741385 44.8581751657 44.5532424697 44.5990897062 44.8223392872 44.797399722 44.7279087745 44.8704328684 44.7337491971 44.5068449125 44.5063993013 45.1822134309 45.025732369 45.0307891216 44.6324332451 44.636426965 44.9292088851 44.7054219051 44.6912006433 45.016554717 81.3336722689 57.7269323779
44.9824789178 45.1519894059 44.5093171558 45.0430579589 45.1837897816 44.7212196457 44.7764676869 44.8844964912 45.1032425462 45.1687660703 44.8106235459 45.2021222364 45.065421988 44.9392475924 45.1467698944 45.1267342902 45.079867136 44.8851046384 45.0888027161 45.0381811947 45.0975944462 45.0243493397 45.1535626634 44.8313156676 44.8425860287 45.1702879382 45.0723039249 45.042722994 44.806037881 44.6176386941 45.1615396486 45.1092329424 44.9473905631 44.5072687978 45.1883921307 45.139575216 45.0606263054 44.8486459924 45.0766016897 44.86210765 45.0215864061 44.6367062968 44.8998320531 44.6773261533 44.7237262205 44.814746476 45.1332504671 44.5274721245 44.7622218082 44.8430459314 45.1472861776 81.3336722689 45.2069170738
44.9159716561 44.8732972146 44.847430361 44.7524911329 45.1584200495 44.6958709018 44.9423113158 44.6273823317 45.1073283476 45.0479019462 44.8431232672 44.8450056033 45.093980476 44.7326274471 44.8011625505 44.9576160493 44.8268171923 44.5953546124 45.133315406 44.5166662345 44.9566199485 44.5534433375 44.6853850025 44.6106118802 44.701515413 44.7861143616 58.1367888802 45.0836525903 44.9923756492 44.658673338 44.7713868634 45.1437643286 44.7015127989 60.9446814224 44.5221342171 45.1940843468 45.1256667611 44.6180850669 44.9178862298 45.0825100268 44.9740736765 45.1458170107 44.5855610817 44.6942921396 45.0957972714 45.1002893143 44.6327672016 44.6178998396 45.1494309839 45.0545977207 45.1246441205 45.1699871132 74.7561891355
44.6784405299 45.1448677241 44.9783041284 44.958841962 44.9349418001 44.9978374827 44.8263418833 45.1414908702 45.078623928 44.869157238 45.0080381082 44.8995290693 44.7316242592 44.9638550049 44.7605453939 44.6414665208 44.5579813691 44.6607011511 44.8260462956 44.589338842 44.7234820095 44.6544627716 44.9048980785 44.9810938528 54.8533941102 54.8533941102 90.8367108392 45.1477442765 44.9741347128 45.1711394359 44.740196157 89.8879998917 60.9446814224 60.9446814224 60.9446814224 44.7133252653 45.1503852939 44.9152417199 44.5123621462 44.7754611843 44.7366083016 45.1457437924 44.7917191157 44.9831916197 44.5049113496 44.8501409874 44.5730434697 44.8821844006 44.8613339227 45.0324898123 44.7551837833 70.6383921926 45.0862891187
44.5394301191 44.5644915292 44.5044482594 45.1619414363 45.0965521025 44.5325080299 44.7956194181 44.5465226448 44.9777699102 44.6178698681 45.1420179324 45.0312790903 44.8936988024 44.6098887108 45.0203485545 45.1611844966 44.9112798956 44.8717905282 44.8989936174 44.971535023 44.60903063 44.6165441381 44.670354274 44.9154838207 54.8533941102 71.0579523288 71.0579523288 44.9937142284 44.834381135 44.7769541758 44.7343685915 44.9572900174 63.4943100789 60.9446814224 63.4943100789 44.9254361259 45.1675582001 44.7015022164 44.8830958171 44.6839143599 45.0959978021 44.8682258588 44.6804584933 45.204402684 44.7716125615 44.7934606062 45.1528592189 45.0121627066 44.9498039604 44.8710779648 44.5241976973 60.0376858011 44.6016259015
44.6467588595 45.0297193433 44.8413701755 44.79691561 44.693526442 44.95318511 44.6823005594 44.9020843464 44.6592447937 44.993038192 45.1255120986 45.0464805276 44.6058510992 44.6743975435 44.8751550807 44.9994372712 44.8468032032 44.809050057 44.8019185902 44.500684487 44.527618918 44.9178075922 44.7081576101 44.9428121295 71.0579523288 71.0579523288 71.0579523288 45.0756912652 44.7350284512 44.9369912393 44.9340252997 45.0892263912 63.4943100789 60.727446949 76.5458825056 45.1303844512 44.8678042305 44.9697876745 44.6545556289 44.5798042804 44.6700513133 45.1704492096 44.6929854798 45.0857581477 45.1952153831 44.8919208635 44.9693465465 44.7427353614 44.5035243058 44.543890144 44.6293192376 60.0376858011 44.7733101269
44.7568253301 44.7907597959 44.8464769589 44.8724343902 44.7503088702 44.8167308464 45.1127546923 44.8062916341 44.9670725716 45.0258980872 44.8223025703 44.6227843747 44.9981585796 45.0451436605 44.8297160451 44.5143175847 44.699480168 45.1157590956 45.1624866903 45.067607632 45.1085095974 44.8090256017 44.8620845625 44.86039167 44.7099929643 44.7455284834 45.0200292144 45.0777447991 44.5890976193 44.5967728753 44.9606883011 45.1978899832 60.727446949 60.727446949 60.727446949 45.0980094945 44.9732035548 45.0906903291 44.5477553198 44.9775183799 45.069958452 44.8803692422 44.5709395747 44.7567854409 45.0783537286 45.0136668087 44.9060695128 44.7624129894 44.8658638744 44.8642163943 65.45240064 84.6577943731 65.45240064
44.8007621467 44.5905398397 44.7422778535 45.0650946164 45.1269854426 45.0776775583 44.9813397684 45.2063406294 44.756372684 44.9842901545 44.7804231061 45.0301639179 44.7891535191 44.5839909388 44.9195705967 44.8208348772 44.8439383803 44.6876418943 44.6926556002 44.8989903801 45.1108931966 44.7264730352 44.531567545 44.555559335 45.126734328 44.939400296 44.6680287382 44.835969849 44.9971405188 44.6855012073 45.0021146102 44.8923090538 60.9462276379 45.2065957239 44.8814675825 45.1180187962 44.6322574942 44.8761258662 44.9340881336 45.1121976909 45.0831315066 45.0594466589 44.5206605229 44.8999492961 45.1312668296 44.8786423111 45.0415038674 44.9225689826 44.7814844094 45.1612930299 84.6577943731 67.9518212184 84.6577943731
44.5148119303 44.7034248463 44.7532665776 45.0282766495 44.5763807344 44.8878170219 44.6464847092 44.999605217 45.2021233517 44.8645480204 44.6547691915 44.7987572098 45.0993202823 44.6079380943 45.0310799341 44.8536828225 44.7729829247 44.7938825268 44.5100898185 45.0437224449 45.1120314275 44.5768159135 44.7477318821 44.9379036162 44.6845456226 44.586932277 45.0242001415 44.7631778278 44.6053353025 45.1499702265 44.9028286135 44.791964524 44.796057378 44.7937035524 45.0464220095 44.9510452399 44.6208661377 44.779220052 45.1141600635 45.0663315878 44.6917428819 44.9963788977 44.6186514331 45.1924097225 45.0801738109 44.6578766743 44.9697403316 44.7278866559 44.7134572514 44.7075240356 67.9518212184 67.9518212184 67.9518212184
44.7208452009 44.8716995831 44.6835705534 45.0983230198 44.5364588753 44.8870653467 44.7761531159 44.8125564776 45.160686724 44.5670891915 45.0958907677 45.1283900593 44.5480809289 44.6205190295 45.1571389963 44.7070523269 44.9833005175 44.5913647824 44.8128070434 44.7536051788 45.0752038925 44.7934808785 44.7133444255 45.052928179 44.8332991632 45.1904023228 44.6566106122 44.7857847659 44.8905221509 45.02861979 45.1465593344 44.8158784825 45.1921694663 45.0669087751 44.8624142141 44.9723386617 44.8101742381 44.5602983928 44.8417438927 44.9688068786 44.5263200414 45.1214304218 45.0659254466 44.7921093832 44.6133898755 44.7358080418 44.7462071476 44.8542155203 44.8300873551 45.0265071731 45.1943205092 44.6332774067 45.0507273076
45.1349178253 45.000430326 45.1479948112 44.5734145248 44.9295320463 45.1650638483 44.6736866259 44.6123905734 45.1239103475 44.8132097221 44.7129142151 44.6387171918 45.1222497079 44.7219787428 44.7935864867 44.8782297774 44.7100678994 44.8159462785 44.7458095827 44.9312302073 44.5312913048 44.5605364672 44.5688306008 44.7820243491 44.671422807 44.8359324814 45.1252861694 45.1204310443 44.7506945161 44.6819979087 45.1169201976 44.6932043509 44.9385821963 44.9047164616 44.5868411117 45.0445211866 44.5141299476 44.848626737 45.189086879 44.9054731581 44.8648782863 44.6551118895 44.5688903217 44.9980256625 44.922795337 44.8098127176 44.80106731 44.9158068952 44.8866673409 44.8369886923 76.743020169 76.743020169 76.743020169
44.9749740473 44.6195734972 44.806866673 45.0819317517 44.89727551 45.1770634233 45.0562961793 44.9234248621 44.9776371659 44.6178279675 44.9267694155 44.8468850976 44.6751421204 45.0660236217 44.9070352584 44.6918478513 45.1012928123 44.7210408533 89.976953778 89.976953778 44.9567143031 45.017000868 44.7916005127 44.9455357536 44.6016836514 45.132484767 45.0188137303 44.8026885769 45.0394835149 44.8147619371 44.5242658512 44.7606695001 45.0840181583 45.0065261735 44.6761384904 45.0786251902 44.7323114619 44.7873469609 44.7580637955 44.6446946153 44.8431150087 44.8477807984 44.742187183 45.1485735307 45.0337276466 44.5026184374 44.5359980096 44.8270430786 44.9772144064 44.5613729619 76.743020169 76.743020169 76.743020169
