Spatial Output/patch_out_check_00034.asc
NCOLS 155
NROWS 192
XLLCORNER 196769.923733
YLLCORNER 449719.875193
CELLSIZE 27.603701
NODATA_VALUE NaN
[rows 0 to 22 of 192, columns 0 to 52 of 155]
0 0 0 0 0 0 0 0 0 0 0 0 0 0 0 0 0 0 0 0 0 0 0 0 0 0 0 0 0 0 0 0 0 0 0 0 0 0 0 0 0 0 0 0 0 0 45.3028452804 45.3456743527 45.3637284721 45.3357167817 46.3067206695 45.8441505227 45.8768273181
0 0 0 0 0 0 0 0 0 0 0 0 0 0 0 0 0 0 0 0 0 0 0 0 0 0 0 0 0 0 0 0 0 0 0 0 0 0 0 0 0 0 0 45.5409623722 46.332494809 45.8807104692 45.7556140928 45.8938313474 45.1526972231 45.3360153729 45.1546125376 46.3887942594 45.5220461008
0 0 0 0 0 0 0 0 0 0 0 0 0 0 0 0 0 0 0 0 0 0 0 0 0 0 0 0 0 0 0 0 0 0 0 0 0 0 0 0 0 46.2109600312 46.2231601729 45.0820629211 45.2547594673 46.1698287702 46.342079684 46.0738706536 45.4912581876 46.3514190287 45.0608274121 46.1277782177 45.4858272051
0 0 0 0 0 0 55.7224738393 55.7224738393 0 0 0 0 0 0 0 0 0 0 0 0 0 0 0 0 0 0 0 0 0 0 0 0 0 0 0 0 0 0 0 46.3792626036 46.1606552918 46.0348627149 45.015207611 46.0915399478 45.1807305681 45.1804561149 45.6777362274 46.1042489737 45.3391397913 46.2124054093 45.5289409794 45.1339854931 45.7964901921
0 0 0 0 0 0 55.7224738393 55.7224738393 0 0 0 0 0 0 0 0 0 0 0 0 0 0 0 0 0 0 0 0 0 0 0 0 0 0 0 0 0 45.8525014909 45.3379103925 45.7360115723 46.1269001983 45.0227007627 45.1977966611 45.328916029 45.7509349366 45.9730976164 45.0447501915 45.7106871414 46.0935524807 45.685660888 45.9904417204 45.7278138722 46.1496985335
0 0 0 0 0 0 55.7224738393 0 54.3005814826 54.3005814826 54.3005814826 0 0 0 0 0 0 0 0 0 0 0 0 0 0 0 0 0 0 0 0 0 0 0 45.2653073753 45.5796744412 45.2278178418 46.3807092225 45.7862728956 45.882676925 45.0348823607 46.1045205445 45.7585316203 45.0775839543 45.0153121732 45.9783279938 46.1034541018 46.3615960501 46.3120800312 46.2904698363 45.4061523081 45.1271026477 45.0115806333
0 0 0 0 0 0 0 0 54.3005814826 54.3005814826 54.3005814826 0 0 0 0 0 0 0 0 0 0 0 0 0 0 0 0 0 0 0 0 0 45.4483165483 46.1193512654 45.7287702787 45.0618731756 46.0024239011 45.4703629113 45.4041777915 45.1416510317 45.5542789635 45.5035183247 45.8316975037 46.285576782 45.6567678209 45.4516045437 46.0041995329 45.0252115376 45.6623227025 45.9429841792 46.2125872545 46.0540966005 46.1968941089
0 0 0 0 0 0 0 0 54.3005814826 54.3005814826 56.3162890369 56.3162890369 45.3674725102 45.7791039718 45.4710363782 45.3464798573 45.3259327139 45.8548820058 45.5179675213 45.100720928 45.070929714 45.8827610783 45.0890437993 45.7119760734 46.3485868067 45.96500175 45.348868438 45.8881101042 45.6034423621 45.9773826804 45.2220175632 45.8904496108 45.2959480816 45.0196198039 45.3402098676 45.1144254673 45.1975984994 45.2175982998 45.9758560214 45.2088659079 46.1295648822 46.3008048376 45.4839653419 46.3329071463 46.2968154652 45.0111958977 45.8292098182 45.8389075689 45.4539502603 45.8755072375 45.0126796599 46.2443597872 45.5851544546
0 0 0 0 0 0 0 0 0 63.4987020314 57.9517329433 59.9968098142 45.7298265746 45.0981555541 45.8118337994 46.3612749658 46.3614793431 45.8946835247 45.234165889 45.9670232417 45.5875041021 45.2440922267 45.5784287399 46.3370717779 45.0002494307 45.2292982767 46.4023994948 45.5249228574 46.1310821071 45.7364931277 45.1714285376 45.2867513875 45.7654978762 45.9519844557 45.2398004456 45.5549336345 46.3252228321 45.5065102129 45.6192200015 45.8389658039 45.0731649104 45.508369963 45.0902741847 46.2831993426 45.0770106276 45.174487017 45.7054509295 46.1729223352 45.5492968701 45.0637202466 46.2195519887 45.585040865 45.7343988364
0 0 0 0 0 0 0 0 0 63.0638324131 65.4335246592 60.1512239245 70.9934473789 45.81569437 70.9934473789 45.4184961453 46.3157512733 45.6408512168 45.7932691322 46.1918538049 45.1157056216 45.5798548026 45.173287554 46.0445520082 45.5404032261 46.3649632936 45.1833832251 45.5765783745 45.3914127383 45.2512270177 46.2466006498 45.2479841841 45.7284523067 45.1032049457 45.2117921693 45.9030070792 45.504503452 46.1470279155 45.5943843392 45.1763062778 45.3580067011 45.3446928181 46.1145412755 45.5962393761 45.6310425969 45.8865227042 46.3589320583 45.5063718922 45.1999335299 46.2394712555 46.1607048636 45.3515399468 45.1437906164
0 0 0 0 0 0 0 0 0 64.9269575952 56.2303493672 64.8916036435 45.0392136204 71.0332956502 71.0332956502 71.0332956502 66.4861971439 45.7394851034 45.2728851545 46.3386929023 46.0162803368 45.4553780249 45.9042218667 46.1333275655 45.3507359248 46.1583380359 45.0045372296 45.8965651007 45.693085326 45.7513494416 45.9095232679 45.564290135 45.8754983605 45.4245859572 46.4110370825 45.6414029058 46.1955434209 45.3762347335 46.3039462667 46.1962214923 45.5730845425 45.0949396693 45.4801562948 46.3556061275 45.7127995122 45.0939897629 45.3374981157 46.2395867411 45.309494827 46.4035439162 45.228328652 45.4783635084 45.0068470274
0 0 0 0 0 0 0 0 46.4026863776 45.4883991834 45.1617075023 45.4716151025 46.160090279 71.0332956502 71.0332956502 74.0842618584 74.0842618584 64.7006801349 45.1190076933 46.0372305026 45.1868811588 46.0145965591 45.0982102975 45.4068400409 45.7699403441 45.8764268305 46.1824256268 46.0530096768 45.7839854866 45.4052366248 45.4199437523 45.4514621478 45.7146473925 45.8225656127 45.8203113126 45.1706794389 45.9242450248 45.8487974504 45.7873207542 45.7322232026 45.6585999155 45.7818225121 45.3555436187 45.2769842025 45.2850957169 45.0605972435 45.0326786008 46.1931949874 46.1167482948 45.8109429094 46.1217791815 46.3485885888 45.1791603095
0 0 0 0 0 0 0 0 46.1717421652 46.1139876551 45.9893533771 45.1410847198 46.3502283349 46.0495470432 32.9185787912 74.0842618584 52.720696936 72.1858389328 72.1858389328 66.0622950385 45.4955356623 46.1931412109 45.7182711697 45.8517260751 45.6640298834 45.7119603266 45.4981138636 46.2399170848 46.085076367 45.2802310441 46.340093115 45.4686722077 45.054509805 45.0847546749 46.2312713642 46.3715753788 45.6809034783 46.1611751466 45.7642886244 45.7289890414 45.4876283205 45.0299517321 45.8705178946 45.0584772942 45.7763582542 46.1793754419 46.3934014328 45.4834629085 46.0532101271 45.9880375067 45.0319157584 45.1073841559 45.7601189633
0 0 0 0 0 61.1734863565 66.7601055889 57.3554627353 45.8475594927 45.0259172259 46.3021605349 45.8897095902 46.2228504643 45.9343007778 45.0058453859 80.3972609766 52.720696936 88.7628950906 88.7628950906 66.0622950385 59.2151239545 46.3682280825 45.3352279501 45.3910317925 45.7762296342 46.4032373583 46.3640574853 45.9877279405 45.029765178 45.8494911608 46.1339216706 45.683842168 45.7433790572 45.0898143007 45.827002936 45.1351555982 46.096287425 45.8845211499 46.2179793249 45.9764920413 46.3081227245 45.4858390718 45.5467363598 45.5412796844 46.1432053508 45.5479957504 46.2253534398 46.2817846535 45.013017889 46.3300628213 45.1243120706 45.8762269095 45.5522175515
0 0 0 0 0 57.0133986224 61.656896741 55.2473093034 46.1837808751 46.3819165316 46.3139307907 45.0594729004 45.7013372828 45.6142330883 46.3758637851 46.2076361697 52.720696936 88.7628950906 88.7628950906 54.7589842694 59.2151239545 71.0312932692 45.1238414846 45.3230626722 45.8758863113 46.2145102228 46.0686632753 45.4081355736 45.7291763998 45.5865428397 46.2571362002 45.5108133435 45.6015333083 45.8497878803 45.4725461302 45.007857733 45.657374373 46.1614663354 45.5027073041 45.9272306044 45.8681135126 46.2067077105 45.9567824636 45.1981128102 46.3655424346 45.7415727775 45.0939861276 45.3496092213 45.7366882839 46.2585652742 45.0957203973 45.6595134708 46.2247043711
0 0 0 0 45.0100585287 63.4076718135 55.8675145695 55.5805844164 46.0932696021 45.5239134845 45.7762361811 45.3615173733 45.7115624214 45.4606188424 45.2719214476 45.0458153934 46.1664631931 88.7628950906 49.4267922212 59.2151239545 66.4727329416 66.4727329416 66.4727329416 46.077377589 45.3484329977 45.8128327529 45.3360833019 46.3803976462 45.5697358586 46.0901209019 46.000019937 45.9848863997 45.6966918445 45.1242741874 46.400537024 45.1839195742 45.9662539458 45.6293916346 45.1489889958 45.6178532307 46.1035609457 45.3866973396 45.9804956306 46.0829014152 45.9635622449 45.5722745088 45.1338237956 45.7859722782 46.1222309158 45.8973098464 45.2243811668 45.2783277658 45.3033258977
0 0 0 46.0321630021 45.237295378 46.0184512942 45.5086197353 45.7934622768 45.3263400901 46.2215606399 45.5757921317 45.1081107251 45.3565238064 45.7524774854 45.4999398091 45.146645246 45.9587206339 45.4919787695 45.6271688866 45.8592050881 66.4727329416 66.4727329416 64.3636023605 64.3636023605 46.199794876 45.8634680709 46.1174713056 45.7549632607 45.868471043 45.5138710862 45.8835826916 45.2719630827 46.2106109167 46.2508761798 45.5048368083 45.1801027423 46.0280687343 46.0609969389 45.7175354718 45.9715045585 45.3994969742 45.1415609776 45.9398863876 46.0770009507 45.6375835677 45.9229681158 45.5946656322 46.2923964205 45.839176458 46.0237865153 46.2896530969 45.5125519009 45.9044152251
0 0 45.3286955975 45.1985264339 45.4277837341 45.3822785017 45.160768475 45.6492612901 46.2415328025 46.3728094665 45.2863890961 46.1482712938 45.3220575209 45.0584450343 45.2594020468 45.4965732009 45.8199052125 45.1800985553 45.7610531938 45.9704054388 66.4727329416 82.5945703948 64.3636023605 64.3636023605 45.4719032665 68.9233679325 45.6327052525 45.3654210294 45.5545457336 45.1983332775 45.9426195184 46.3247530187 46.3555570059 45.1592424592 45.3444819855 45.545963487 45.0844126647 46.0552602823 45.0677269806 46.1727144433 45.8300574301 46.1898902814 45.0371096175 46.0553039639 45.503204717 45.4580557993 46.100737862 45.9556655206 45.7300526972 45.1313467627 45.7799125939 45.1800496233 45.4652159864
0 0 45.8087368101 46.4004715385 46.4036333564 45.7338098373 45.068667073 46.3987839615 45.7001866924 45.9470931019 45.209125931 45.937924033 46.3532858388 45.3938067987 46.1133774271 45.025911165 46.3174474985 45.2578894069 45.4223844624 46.0772149042 46.1232930453 45.4094234742 64.3636023605 46.3131844051 61.8101829229 61.8101829229 45.7088990838 45.4855175928 45.5710065304 46.0586863743 45.8822937925 45.2948178119 45.4596986196 46.3364472848 45.6368281782 45.7537375054 45.2854955436 46.3021211297 45.5989653515 46.0004362526 46.1836762765 45.0506471749 45.1733963457 46.2771176166 45.8139564909 45.8734092244 45.9202727424 45.158918394 45.2922841205 45.9171555595 46.3405780083 45.822003632 45.3914850991
0 0 45.4968345629 45.0044959733 45.5612567016 45.3159915003 45.8576389536 46.0259049717 45.3837726963 45.3504277587 45.9847975249 68.4119009878 45.0073878865 46.1240479579 45.9672232727 45.2911348253 45.4328523038 45.1907259948 46.3054636594 45.8360292047 45.5296726261 46.0806795348 45.7503325853 45.2619271879 61.8101829229 61.8101829229 77.3809693179 77.3809693179 45.8282055458 46.0266214196 46.1343771263 45.89441668 45.8921757566 45.7511827392 45.9382655564 45.0307120941 46.2041256125 46.3574848197 45.4214532183 45.4840311858 46.1430235672 46.2809097673 45.5905926007 45.9197791742 45.5205182717 45.3328697144 45.6937186084 45.5663527079 46.3394037912 45.791220709 46.3909015338 45.2442791426 45.060974212
0 0 46.1243674429 46.2307486199 45.0136611663 46.0335981139 45.0531979481 46.3030005413 45.0443035222 45.8845836659 68.4119009878 68.4119009878 45.1995706043 45.2662069249 45.4798487144 46.1068934436 45.5441261328 46.0392472081 46.0408474464 45.9892940722 45.1190981639 45.1279539226 46.0788858649 46.2767180335 45.3039838565 46.1663025503 77.3809693179 77.3809693179 88.8735353758 46.2219175988 45.2303408134 45.2671080772 45.8490463412 46.2353661695 45.4938647201 45.4601067399 45.3243325673 45.7823274903 45.3731252473 46.2308564153 46.3603097129 46.1263332279 45.4305013429 45.7051831144 46.1945631351 46.0015783285 45.6842379793 45.6750332974 45.5460275374 45.3982392868 46.1802632602 46.2105832194 45.9515251636
0 0 45.9071943587 45.5428634223 45.6015667541 45.4265882741 45.2178218136 46.320864408 45.0358362358 45.7781433692 68.4119009878 68.4119009878 45.0796431909 67.3686632727 67.3686632727 45.130733392 45.8425011233 46.4031407922 46.2544139197 45.676267193 45.4524778993 45.6532100288 46.1511220722 46.0747477465 45.4450119839 77.3844781984 77.3809693179 63.4282129671 88.8735353758 45.2879706581 46.148576287 45.9168296743 45.9237493597 46.3227140468 46.1997601274 45.040733477 45.2389776474 45.0256042975 46.1294163634 45.8821025535 45.7769195575 45.5647490962 45.0396490311 46.0457814094 46.3885995432 46.2264682721 46.0203389848 46.1088818659 45.0309722001 45.4923352157 46.2120476536 46.1069148615 45.0723035684
0 0 45.8367560552 45.0407944094 45.6737485176 45.4218939601 45.081444786 45.7765494022 45.4169031688 45.021581715 46.1036283977 45.1016226243 45.0282140088 67.3686632727 67.3686632727 77.6737860323 45.0597559667 45.9190015667 46.1102316892 45.8841697999 45.3718305846 45.6742418085 45.804290061 45.7982588339 45.6618080084 46.4083172476 45.028357089 68.0984579019 63.4282129671 45.9392401848 46.0718556448 46.232419412 45.5737275609 45.4943237855 46.1588261985 45.2090200982 46.0143857222 46.2994129129 45.5074742024 45.6025386581 46.030670924 45.3041866211 45.3454286529 45.0932682038 45.4919645445 45.3293823511 46.0175752082 45.1420608884 45.4511720879 45.541875282 46.390959913 45.8205252889 45.8790819691
