Spatial Output/patch_out_check_00076.asc
NCOLS 155
NROWS 192
XLLCORNER 196769.923733
YLLCORNER 449719.875193
CELLSIZE 27.603701
NODATA_VALUE NaN
[rows 46 to 68 of 192, columns 0 to 52 of 155]
43.5912006816 44.6272808218 43.3243357307 44.3106465661 44.9695917065 43.8176315281 45.425056665 45.6848050108 45.2067565651 45.7908884685 43.9991944285 62.9636681708 62.9636681708 70.9739363876 44.5986756695 43.2327242207 43.72673106 44.0353362004 45.5836177071 44.5539158471 45.35509449 44.5220946843 43.2906418204 43.7485813854 43.3343871818 44.1771315076 45.5903709163 43.4501861929 43.0093529159 43.7908672177 44.9807473716 90.4629902399 90.4629902399 54.7464796307 90.4629902399 44.6085549601 44.3921524765 43.9906082914 45.8085578993 43.0687054013 43.6167682195 45.2181961467 45.2374288594 43.2060361578 45.8255449453 44.4493470992 45.3327157735 43.4470974134 45.257474992 44.5583617788 43.0182321969 43.3962892064 44.743162198
44.2379271876 45.1231738505 45.4180265365 45.4068441861 43.7841771192 43.1931191974 44.785605694 45.5020582483 44.3383072887 44.1837764821 45.7968541507 62.9636681708 62.9636681708 62.9636681708 43.4834387019 43.5826600785 43.9645338769 45.1827148735 43.920294762 43.448761321 44.7347541972 44.5099935397 44.5066297525 44.8084368715 44.7021108171 44.7760616292 44.9948134953 43.2235100863 43.5660274912 44.1276612719 45.6006851682 43.546609948 69.6855604672 69.6855604672 45.161974155 43.8744206399 43.1558776914 43.4218012308 45.1444656902 43.0091389236 44.7476606736 44.051570918 44.7064536278 44.1880608807 43.9137072845 45.7796882031 44.8232517522 44.8651873252 44.3853913381 43.5506513749 45.1832526306 45.7695740353 43.2051118824
45.0248015948 43.5906562709 44.9877094396 43.754766998 45.6701663677 44.0774476079 44.2080843335 45.6951914489 44.496245136 43.468269301 43.8962099056 44.6355174401 67.8390592414 43.3347110821 67.8390592414 45.5214510962 44.5028335103 43.2292901851 43.9509396169 43.2466522788 45.6398334402 45.0435452747 43.795614787 44.0953197213 44.7158854039 43.2128359231 43.0170675286 45.5387489089 44.0438725062 43.4170662431 43.7586030564 69.6855604672 69.6855604672 69.6855604672 69.6855604672 44.0530896281 43.4022332233 44.8862150134 45.2019591608 43.2191268801 43.4847980529 44.165849206 43.6907864326 45.7749200668 43.3356309648 44.4409163648 44.9041524799 43.9815629019 45.6635351628 45.3993869817 44.615780555 45.5933725728 44.5106554906
45.1302143092 44.6342046283 45.8105972886 43.9265281048 43.9941319733 45.4861146711 44.098028103 44.3999957153 44.6922118154 44.1716542648 45.6774441014 45.7390647571 45.7931752236 45.5646729557 74.8438487377 43.474180986 45.4414261911 45.6099148335 43.0378122993 43.6640161767 43.2334740709 45.7100549227 45.5200339983 43.0419769641 45.7474951509 44.9298692314 43.8396203737 43.7674569048 45.1300291941 43.6543170345 44.4660121945 44.9303466399 43.201254031 64.7780669094 45.3596663716 45.5396953382 43.5860492389 44.7362175542 45.6098988325 43.5444671834 43.7857415293 44.0990053324 44.3462311643 43.1155443647 44.8390509859 43.594718304 44.247822518 43.0583455745 43.0931808604 45.6229087279 45.3510552663 45.748066791 44.1361284676
43.2864441503 44.6109763772 43.3733082046 45.0096598151 44.34201333 44.4360138892 43.7202232252 44.6961170543 44.1479025367 44.7444607446 45.541539043 44.8720434099 44.6069674133 44.8609729334 65.9366910111 65.9366910111 43.0194665584 45.5796479556 43.2857526429 43.13693046 43.6676134948 44.9379691296 45.5270734156 45.0874189601 45.4900928681 45.3455824401 44.275297101 44.7898212603 44.0662677694 45.6152840457 45.038297454 43.9956298322 44.3806583259 44.4493093191 43.9310227481 43.5846869837 44.9461628553 45.313617027 44.385248493 44.6752187249 44.8401452159 45.6378242977 44.8702091138 44.015154833 45.7279845185 43.9191804517 43.927655418 43.2723557606 44.2165308867 43.0654767985 44.5264487803 45.1658109117 44.9010802945
45.4426956107 44.0426296254 44.6883299061 45.2792941147 44.0357336993 43.0917914496 45.3063433788 45.7308435901 43.6806732349 45.8018117751 45.1078840169 44.323940786 44.7735650093 74.8438487377 65.9366910111 65.9366910111 44.2412291333 44.1580714267 43.7393027205 45.3624637473 45.183322613 43.8160593209 45.2708469679 43.6048769642 72.3856649444 43.6814967975 43.7074984509 73.8644489498 65.5067392084 63.8088841278 63.8088841278 43.315212824 43.3381185331 43.7562760617 44.1031563658 45.7325880321 45.2494837434 43.4704832658 43.7418014407 44.9166568656 44.083932287 43.2948197338 44.6223833028 45.0328510358 43.2650275161 44.6193075365 45.5742280826 45.8135771379 43.5872162074 44.4572621285 44.818171691 45.3335726362 44.6800508465
44.7079459982 43.5822097201 45.7223617677 43.8738475155 44.5843482084 44.3151847927 45.4737563126 43.6572060777 45.3725359801 45.1711926679 43.5949197706 45.3696565076 44.0746864468 45.6834877893 44.4960793289 43.7949245943 44.026320607 43.8313420199 45.5637466738 44.3309328864 45.6626444662 45.2721682694 43.7802719687 45.3864398425 72.3856649444 72.3856649444 52.3037123606 73.8644489498 73.8644489498 65.5067392084 63.8088841278 71.9696943776 71.9696943776 43.6712600111 45.2410431148 45.3605573253 43.6550714673 45.8075106717 43.482333775 45.6838141206 44.1129471329 45.7430649235 44.914168976 44.0491347946 44.9456101677 44.1183999944 45.5176360506 44.4516453905 43.5103143374 45.6259408822 45.7455159413 43.1783559184 43.7366338208
44.1386469582 44.261721361 44.3983532767 45.1588015979 44.2626612637 45.1089134565 45.1515305467 43.7908873178 44.3574441326 44.1590512818 45.1375979611 44.8163686965 44.0933340655 44.7294446207 45.3473307557 45.525340029 43.9276967387 43.2182027087 44.490893906 45.4478361128 45.5863127806 44.588358782 44.4163029446 44.5848469233 72.3856649444 72.3856649444 45.191654975 73.8644489498 73.8644489498 44.4055214936 43.2341249045 67.0927766292 71.9696943776 67.0927766292 45.0623561524 43.9402665948 44.7528305417 44.1997600802 43.4386932856 45.6722097857 44.5737504176 43.1182052429 45.2422641079 44.5870915564 43.0636400927 45.0788185697 44.3030411904 45.7472691888 44.9959341875 43.5399005804 43.972951762 43.4396826384 43.3655023669
43.4237360131 45.7113736505 44.8948629639 44.8550735208 43.7826979714 43.8496941775 45.2138476447 44.4965132929 44.4399371127 44.6053470045 44.6253600632 44.9527913337 45.2561432406 44.8440700832 43.579351966 43.3047055994 45.4546256247 44.3722072416 45.0809261025 45.1236346862 43.8385597763 43.7229505126 43.9815156179 45.5016174797 72.3856649444 45.3857201531 43.1522727997 43.9580559446 45.0648778798 44.2366413404 43.9185506159 73.758282743 43.8286161222 67.0927766292 73.758282743 44.9446417957 45.0640955516 43.3969395548 43.07069842 45.6253056349 44.5239182787 43.9952455462 45.3553898645 44.396059482 45.6574034774 44.8292206667 43.6433544246 43.9562903694 44.2095369633 43.6402795069 45.1947533306 44.8706160389 64.9348406298
43.7924538806 43.6998062555 43.4003549584 43.6163462746 43.7610880912 44.6169777632 43.3221466808 44.7682002036 44.6611828692 44.2463720541 44.0159100838 43.6837260382 45.5681992954 44.7178297241 45.6719077844 45.0895237309 45.4411293165 43.4326270884 43.2395057474 44.754619005 44.0768383756 44.7077413726 43.4824631091 44.3049097648 43.8761318792 45.3378235465 44.4887326176 44.1168137284 44.8029128551 44.0467885215 45.6341293403 43.7423575082 73.758282743 73.758282743 43.8112543786 45.5104656188 44.4474099651 43.3100894989 44.6503479591 43.5088870151 45.53009274 44.1829270215 43.8016785775 44.0529504839 45.1447074195 44.9348043368 43.4775500548 45.2193432633 43.5765795286 43.1382831193 43.6681577613 43.8305252585 43.0515867573
45.687701809 44.0404263889 45.3426394108 43.4029224672 43.809814893 45.4205687801 45.0656967784 43.0620304515 45.1645259022 44.9888045468 43.7958995475 44.5942830132 43.3005429375 43.6326865856 43.8298522917 43.8328503686 44.1437431394 45.5151187177 43.1114352784 45.5296991186 44.6760938743 45.57905832 45.5112270608 44.4416836184 43.9263732441 43.8935895352 43.5811042491 43.0735450304 43.1204702775 43.8180504688 44.5046285632 43.169916731 44.8563662964 66.5048492071 43.2795602169 43.9098705974 44.0141542042 45.3386688303 44.2429389525 44.805521086 43.0006280843 45.8034933336 43.3201003991 44.0011780122 45.6635507969 43.5457437155 43.8334291127 44.8553527065 44.0134611137 44.8485754313 44.0899037143 43.1675333102 43.0674081283
45.7094209284 45.1108993054 45.6454546038 45.082466297 44.7498003983 45.3421290381 43.1408341682 43.1839819749 45.6850490621 44.6836751284 43.2172099615 45.2840335809 44.2428107424 45.253958108 43.8421795442 45.6988664284 45.5170343831 45.5374049055 45.0440270007 44.9458510319 43.1590910968 44.058703344 44.1533757856 45.2916907423 44.9880081532 45.7114952213 44.0470470732 45.5236023077 44.1749671791 45.4618573529 43.1128880824 44.0502982722 43.6422489003 45.0107300537 45.145851132 43.8342365565 43.1520335405 45.1052126508 43.0786861409 43.1281713627 43.0357205469 45.8167234992 45.7164248558 43.7890067106 45.3380536408 45.4466809847 44.7218437012 45.4112547148 45.588569117 44.5157440926 44.7688422555 43.8837510852 70.4058386839
45.4568974662 43.9577581201 45.3138341773 44.8188664223 43.6265862873 43.9088640121 43.7485198692 45.0593868731 44.0876046057 43.2916769012 45.323678043 43.5305104794 43.5852489947 44.4001559926 43.3422153604 45.8007450235 45.3937897003 44.319372134 43.5367530227 44.9488437243 45.1229694545 43.1498743468 43.7240764967 43.4983935313 45.0978316978 44.262008248 43.5283780834 43.2972318116 43.5763695353 44.9439564069 45.2518835546 44.3394730415 43.2260702427 43.2973606008 45.2581847227 45.6939846586 43.7324122991 43.6478722845 43.4197795843 44.8248473098 43.7091593431 43.773681425 45.7921419176 45.2419091917 45.2618627573 43.3037022022 45.484286447 44.7994275667 45.126891939 44.7283939183 44.0047242202 43.7473890399 43.7570249409
45.458712154 44.2184026933 45.4729146547 45.41414656 43.4305262287 45.6751671783 43.0136207217 44.6608887614 45.6575119741 44.0594501987 43.4358701855 44.7390609064 45.2218597903 44.1843901083 45.3950117502 44.742456798 43.3341497169 44.3070005588 44.9707830617 43.5013854499 43.7511304796 43.8567867082 45.0678927077 45.7815797925 45.5839905065 44.7418815149 43.4868027626 45.3182754011 45.0705806649 44.5638593872 43.6266733562 44.1327637762 43.9768599377 43.5206696642 44.1353976495 44.7769417878 45.5374182151 45.1920311565 43.6888716729 44.4640173457 44.0655925657 45.6916386306 44.3388360961 44.9232759941 44.4448476202 43.0571017805 44.3864458015 44.2174289524 43.5780076688 44.5997664805 43.8631123759 44.3681965517 43.5002014541
43.8998813814 43.5372213791 43.070506075 45.7730469996 45.3909509851 44.471515346 43.6369056476 43.8755813773 43.2848748424 43.54706323 44.9864738862 43.4140850132 43.6702066101 45.1031224148 45.7218861309 43.701955417 65.7226460729 44.0385771927 43.2767619568 45.4929838312 44.8232596582 44.2017114043 44.80188445 43.6744477658 43.0691955303 44.4419555884 44.6891974211 43.9892691261 44.7818548084 70.9085911144 45.6475488068 44.4367695463 44.7970084602 44.1334328482 43.1197962252 45.1578661652 43.2802637093 43.8838623583 43.7526548753 45.6019991667 44.7635080971 45.2896847004 44.2398227976 43.0080385694 43.0009719031 44.4249488866 44.8037312903 44.7873718314 43.4123664165 43.2711586674 45.7183732732 43.0986930174 43.0895867437
45.5648984922 45.1935210781 43.6900912764 43.0440526504 45.0275939886 44.2628574952 43.9094762632 45.2556994432 45.5411620847 43.1045450102 45.0754466915 45.5992847773 45.0458191089 43.3187510989 45.2915747136 65.7226460729 65.7226460729 65.7226460729 45.6273806351 44.7148140205 43.2774481014 45.2162854484 44.555782574 43.0221818076 45.3406621162 44.8565737295 44.1608382394 44.9001959895 45.4103269062 70.9085911144 70.9085911144 44.3263926426 45.3782654917 54.2392054474 57.6250492038 45.293697468 43.4543109767 43.063376062 44.1100384031 44.7246418312 44.9555575925 43.5362823009 45.709760826 43.810817846 44.252470765 45.0439770164 44.4668718992 44.7525226374 44.1570060834 45.095003705 43.1721058117 43.6516615537 44.0580806921
43.255799317 43.2863559977 45.7044393046 43.1024665213 44.4530885434 45.4690597884 43.8151336314 44.1088916753 44.4422125681 43.4981494467 43.5177780059 43.4358256517 43.6835571918 43.8487568647 44.3498365118 45.6299941359 65.7226460729 43.494523329 44.6791531092 43.7704297709 45.0275489868 44.5334120552 44.9911667608 43.2631666006 45.0799604474 43.5640348431 43.3867552322 45.1885315665 45.3302543675 70.9085911144 43.5140430943 43.0699235443 54.2392054474 54.2392054474 54.2392054474 44.5114879695 43.3447745982 43.2936924125 43.8637139267 45.275001535 43.4070034473 43.6541957874 43.0816960127 44.6007316584 45.7294889822 44.4150561425 45.1510524595 43.2883495831 45.0319709617 45.0978170892 44.6663898212 43.477160951 45.259519017
44.4075448745 44.6318855485 45.4715046415 44.9908653673 44.442328404 45.3258583105 45.8001140784 45.3414049292 43.1221582518 45.4653453448 44.111209292 44.404371182 45.0831680551 43.7475935389 43.457003305 44.5084437163 45.8092941494 43.255782516 43.7260651396 43.5187688356 45.0203402554 45.1029845214 44.757758366 45.5983619443 45.8186837686 73.4767857545 73.4767857545 73.4767857545 43.4980896814 43.7537794212 44.5867563782 44.4909585431 43.1938993247 43.7565025899 44.4965368533 43.1868877769 45.1807882147 43.6056180416 44.1218740037 44.3726174741 43.3962456653 44.7746361461 43.64127417 44.1091769464 44.9573773535 43.9759240487 44.1273224758 44.7987567353 43.6083545473 45.375907303 43.1274482554 44.5843972641 45.5545758101
44.2138055152 44.5112094358 43.4585352836 44.6040781716 43.6100194255 44.2492837838 44.9005632672 44.0408590239 43.1513739748 44.6683572408 43.8191891312 44.3815484022 45.0918641397 44.3250853669 45.77805174 44.3753925183 43.3670375865 44.1863240656 43.8125086286 43.3610237405 43.4699978714 43.9405403687 43.6910690643 45.6601102703 44.093814021 63.2738379318 63.2738379318 63.2738379318 43.3759854558 45.6305569774 45.3326960477 45.1760020728 44.9179779198 43.8480563003 44.068995478 45.816307709 45.7619066797 44.2403292631 44.9503343796 43.7516155795 45.5749394195 44.6990570032 43.0573148612 44.3277423708 44.9437734955 45.4691774357 45.1706368394 44.6383317354 45.8231683568 44.2746545169 45.4159578962 43.2142789652 43.5571000935
44.0639297864 44.5768358976 44.4829142416 44.0168225914 45.2393360291 45.6673835426 44.0046906602 45.3156490062 43.8844857641 44.8183998148 45.0807736712 45.6073877029 45.6884549155 43.3918575384 43.543380382 44.0170907247 45.3247323433 43.6505129823 43.3935479561 43.2701747758 44.364097041 45.0971673905 44.65617156 45.1128196516 44.5764540285 63.2738379318 63.2738379318 44.8297058135 44.7255920071 43.7883802251 43.2650550103 45.7164136296 44.1964788127 45.7948283111 43.8830612401 44.3220888172 44.0836701618 43.7103035402 45.4699211272 45.4606209066 45.6159225944 44.4653456628 43.3784320759 44.6938231641 44.010241947 45.7721950144 45.3063306619 45.2598408445 44.65630003 44.9349960496 45.0299495552 45.1606429649 43.9494646127
44.1794457392 45.5783974932 44.3962670467 45.4726140304 43.2933535254 45.1914578025 43.9810599487 44.269803964 44.5633174363 45.4819379451 44.768615491 43.6464929694 45.1667605207 45.5878922833 45.0953926037 45.1876448594 43.2204572931 44.3901991627 43.1037159374 44.8306134529 43.9449141443 45.3973540136 44.3872506769 43.3111382507 43.4488340087 44.9014939656 45.3785433029 45.0051348131 44.4938342743 43.2327656556 43.667361024 45.1410168648 43.5300757552 43.2162735766 43.4262481484 44.6964676198 43.2788958998 44.1355803805 44.6224198854 43.4004407755 44.1647521244 44.9933733707 44.4840147853 44.453841988 45.8085082992 45.7605621485 43.1855799072 43.6311628629 43.0339764083 44.30365067 44.2921907304 43.975923295 44.7117872015
43.8664271807 45.392386581 43.2990518698 43.9289124949 45.0833067373 44.3165919907 44.9254490033 45.1369917982 45.2366676863 43.7339295509 45.1662015796 45.0366890693 44.3973822301 43.3640577722 44.7925620125 44.1668033234 44.167723492 43.7708769365 43.4268241351 44.7032950455 43.0882393636 45.3978135446 43.5549561421 45.5431357195 45.3069062072 45.6524284912 43.1400286597 44.070197972 43.5571164561 45.2998796364 43.8602403574 44.8172684984 45.4348068163 45.7201024914 44.2349631981 45.1994356193 43.5873833631 43.372323271 44.3444585289 44.6439266327 44.1386638085 44.5084146108 44.2773102006 44.038045225 43.2502489534 44.5351756366 43.2770439908 43.5522507936 44.5020737963 45.8012364507 44.4798533905 43.1547345182 45.2835562175
44.5524927588 44.7918408108 44.2008199074 45.7182420441 43.5957845566 43.6363621375 44.2381562476 45.4800348806 44.882611285 44.2971468663 44.0522508049 44.9510669385 45.2341097846 44.617330901 43.4670880284 44.9436654901 43.0809635171 43.734534174 44.7617446845 43.1944602388 43.4797059191 43.1322374114 45.2887227388 44.9407109853 43.4560080201 45.1878388504 51.8840236649 68.1541747487 68.1541747487 45.1878959909 44.9979861562 44.6855966645 43.1277772033 44.6883496427 43.1876201183 45.1960217998 45.5005370409 43.5674102608 45.1278105259 45.5859834343 45.2617665081 45.4345001128 45.7717778509 43.9806319835 44.2983315342 44.7350892878 43.3373498207 43.7579013778 43.6428986676 43.4340177344 43.5842599869 45.2901380096 45.5711493351
