Spatial Output/patch_out_check_00022.asc
NCOLS 155
NROWS 192
XLLCORNER 196769.923733
YLLCORNER 449719.875193
CELLSIZE 27.603701
NODATA_VALUE NaN
[rows 92 to 114 of 192, columns 0 to 52 of 155]
0 0 0 0 0 0 0 46.2769701539 45.6354186728 46.4078390446 45.8726617737 45.6695716498 45.2326932104 45.4556269217 46.2528001931 45.3350019726 45.3768278667 45.2792167993 46.3180611014 45.6794862301 45.3394074812 45.0031516214 45.482280527 46.2066845528 45.7230955962 45.2195574378 45.9536187763 46.0033712147 46.030074741 45.8254408445 46.1707479874 46.110873125 46.3158978089 45.4154797401 46.2834402816 45.5440865423 46.158326224 45.5213902725 46.4128903401 45.8029477427 45.2202362622 46.3074678913 46.0626137653 46.0429143053 46.2519068633 46.1507864529 45.9981028673 46.3746728784 45.1757723893 46.1170711102 45.1603775562 45.4177937241 45.3546798724
0 0 0 0 0 0 0 0 46.1278586016 46.1128542709 45.3914524712 45.282286545 45.4506976532 45.6973764363 46.0003877013 46.1683636707 45.4298724729 45.5481271518 45.3040527642 46.056684547 45.3223897353 45.9387858176 46.2607925737 45.4750010361 45.8368697722 46.0493094716 45.957107829 46.0445175669 45.2553923143 45.0517903225 45.0674609092 45.9422330183 45.6685809014 45.0420187918 45.9378033603 45.9807521465 45.9529067132 45.5647543842 46.3702681996 45.8057626133 45.4110678024 45.0146408108 45.5515919732 45.0537631823 45.155933904 45.35461069 45.1001052299 45.5433407433 45.9420951665 45.7154860037 45.273343301 45.1346231565 45.2930752591
0 0 0 0 0 0 0 0 0 0 45.2029721808 45.4834293838 45.1001850202 45.7713727749 45.7177468893 45.8743977917 45.8974758324 45.506629228 45.7676508554 45.5253291204 45.0387155272 45.5463956937 45.2864919599 46.0332909345 46.1874931348 46.3041454937 45.8107304357 45.4497070227 45.2039958763 46.0098027746 45.7847878446 46.0752867194 45.7355000057 45.1042495895 46.2292840923 45.8836069954 45.5180511059 45.7768186379 46.393587351 45.7218070876 45.6836933604 45.3300814864 60.9835365125 60.9835365125 46.0946276536 46.3001618077 45.7866281178 45.1874128383 45.1370065474 45.85975347 45.4678921436 45.0227281913 45.6790583025
0 0 0 0 0 0 0 0 0 0 45.5667464526 45.912659647 46.2558879778 46.1818478053 45.9212327547 46.3549284832 46.0176755108 45.4100099334 45.9626203953 45.8987164582 45.7813331825 45.8477383423 45.1720601407 45.5679793899 46.3780871336 46.2451732744 46.3107513841 46.2166753868 46.2185493995 45.4982900887 45.4081043774 45.4164448384 46.2512835895 45.0388782617 45.6793724773 45.5179780946 46.1240867534 46.15396542 46.2449239144 45.6721243887 45.0255831281 60.9835365125 60.9835365125 60.9835365125 45.6700913313 46.0494678553 45.0395232365 45.8742306965 46.1869815819 45.3322388075 45.640738953 45.0818043631 45.1074457438
0 0 0 0 0 0 0 0 0 0 46.3460709179 46.3313094423 46.2368501547 46.341605053 45.1439653747 45.3555675519 46.3397048881 45.417592414 45.3575386614 45.3534127929 45.1564317879 45.0778188848 46.240058612 45.4314761637 45.7408723605 45.9319497295 45.1971724674 45.6759520479 46.3190493137 46.1660750605 46.3259897598 45.7562660783 45.7292168558 45.6461896012 46.3756929115 46.2178207492 45.6760440868 46.1681125299 45.864323887 45.407749742 46.2475483197 45.4064423296 45.8847963832 46.2152763184 46.3779889314 46.4111623823 45.0157762875 45.3283028382 45.8586613027 45.4112469468 45.1230002545 45.7568042756 46.3908313702
0 0 0 0 0 0 0 0 46.0947892171 45.6977389242 45.353728168 46.3627677579 45.8727176624 45.774185249 45.4892760747 45.3149670718 45.482905877 45.2683380632 45.0057679257 45.9794337251 45.7727312896 46.3751156626 45.3660000933 46.117907738 45.5562957606 46.269890313 45.8669109084 46.1407123945 45.65805776 46.3489360428 46.2535954946 46.0949172064 45.1765816823 46.2208885518 45.6396056622 45.4176173833 45.4510069332 45.0934909783 45.0120908134 45.7761478867 45.1950662601 45.3544660287 45.2916133795 45.7609715008 46.0094230927 46.1033110516 46.0586346893 45.2486370897 45.3104081477 45.7742212395 45.3214236197 46.4012555948 46.3599791708
0 0 0 0 0 0 0 45.5097395575 45.268148599 45.7136498416 46.1991515155 45.1885562062 45.4991337446 45.1376153133 45.3234156078 45.342036706 45.7607818933 45.8841769778 45.6914940881 45.685468691 46.0755538762 45.2337925308 45.1555216493 45.6360705051 45.0154384222 45.1268861044 46.3420359759 46.175487873 46.1355701069 45.8907680791 45.6693267904 46.1771032016 46.1289330824 46.2970752224 45.4937405285 45.5171928805 45.1519549706 45.1419731553 45.6418446952 45.2067746506 45.8457929555 45.35906974 45.2807419912 45.8682388133 45.6334400044 45.5628873461 45.0718333308 45.6350104022 46.1046414605 45.8777121556 45.4585582979 45.7959716864 46.3111095199
0 0 0 0 0 0 0 46.17091896 45.8026515775 46.3701763964 45.2054409437 46.2537855657 46.3601084231 46.3145121459 45.1729307493 45.9097508831 46.3138324411 45.7446081045 45.4471122258 45.9256234222 45.8912934801 45.3190701267 45.6582357286 45.9751632537 45.4198964153 46.3991620585 45.8219355339 45.4289595924 46.3878847367 45.3251213081 45.7187550279 45.3759192383 45.5814021934 45.7493298561 45.8314168094 45.7407889774 45.0239962069 46.2771448365 45.7689220733 45.1732433234 45.4458427638 45.9817636661 45.9812512889 45.8443344708 45.071141936 45.0434688654 45.428346441 45.8952834306 45.8449765955 45.0662636974 45.7420607316 45.384987148 45.2279280164
0 0 0 0 0 0 0 0 45.4529916221 46.285637698 45.5377210674 46.1882576477 45.6481530711 45.2533636645 46.0556973963 45.8208096198 45.6167799961 45.9078923122 46.4048825077 46.0673784502 45.8304508062 45.6271421531 46.3425977021 45.2223459427 45.8335410424 45.23990749 45.3709096641 45.934541447 46.1120320887 45.3086317285 45.1131388742 45.3587330586 45.3615310095 45.6260341333 46.0419227327 45.8015174085 45.6843020218 45.8571290604 45.208547057 46.1072224156 46.3878185648 45.9024160412 45.6041142511 45.3076752531 45.6911561789 46.2226926777 45.1328040239 46.3999548318 45.2229352398 45.4345256652 45.5312590738 46.0845586737 46.2676960718
0 0 0 0 0 0 0 0 0 45.6569358524 45.8204658411 46.1568155732 46.0491888308 46.2981810267 45.8269707805 45.6129924596 46.1736087779 45.136215943 45.5397281193 45.4750698706 45.7301789341 45.2461124987 45.0707658432 45.491619644 45.7549770024 45.4910075134 46.0706451264 45.3680372901 45.7003456165 45.3664006812 46.0761494414 46.0762958929 46.3061692972 45.3957579935 45.4665687094 45.9761328937 46.0725087051 46.0973879534 46.2284882939 45.2395268558 45.9593081484 46.065537503 45.6090396815 45.5395712186 45.3060019527 45.5132766148 45.8719848585 45.9092643855 45.4043824332 45.2505924428 46.3541307317 46.2640477357 45.7864261877
0 0 0 0 0 0 0 0 0 0 0 45.4626837189 45.6490634525 46.3143354854 45.445935746 45.2115661376 45.4606564414 45.1106995723 46.1261533435 46.3852311422 45.7330679633 45.7147000852 46.3992434019 46.3090340454 45.779282506 46.3588269815 45.1282679268 45.1587528139 45.3824261653 46.1230474323 45.726652721 46.1407780525 45.9581969072 45.5076723505 45.8038296447 45.3863235858 45.2954795429 45.4572192758 45.3648723224 46.0911770163 45.7174371834 46.3805910344 45.6991912251 45.5937103374 45.9089457095 46.1541780939 45.3220554569 45.5079597056 45.2069090472 45.8068408096 46.4049798727 45.6652528531 45.9112176641
0 0 0 0 0 0 0 0 0 0 0 0 0 0 45.3480690679 46.0263343068 45.9802305475 46.1233528563 46.0915605043 46.3390410766 45.2456618829 46.0802691672 45.7203792054 45.4056266724 46.3752994592 45.8411631108 45.6460643452 46.01415189 45.7069840512 45.9040485675 46.3853045895 45.0087666983 45.46021258 45.1587701908 45.1975018191 45.1036582202 45.9128837103 45.5896654695 45.6436821321 45.7015628434 45.619992066 46.1620879064 45.8888524237 45.7284813054 46.0202481465 45.1886472422 46.0194194855 45.4940821093 46.0020633591 45.3535556357 45.7030300188 46.2583062332 45.1950790204
0 0 0 0 0 0 0 0 0 0 0 0 0 0 0 45.3364465384 45.474867628 46.3145651686 45.7834870724 45.6506061349 45.1349518408 45.8253193229 46.2309261796 45.823973381 45.1865902044 45.3177054197 45.6366690537 45.5618714842 45.2787285104 46.3352063222 45.652835598 45.7997791033 45.9216999709 45.1325698212 46.2216662468 45.4280295813 46.2758001913 46.2330230818 45.6745693507 45.7358480027 46.1502781447 46.1645216151 46.1157464276 59.0509731708 59.0509731708 45.5968458999 45.9046605754 45.8352186878 45.6822240471 45.853409734 46.1304284529 46.0089003995 45.0283624442
0 0 0 0 0 0 0 0 0 0 0 0 0 0 0 45.2229824166 45.6200582046 46.0360887444 46.1377867112 45.8639082538 45.3602342306 45.3790272586 45.1651849372 45.1209278572 46.3470718929 45.7173794425 45.6971831954 45.2043089594 46.1180457892 45.5463665218 45.9441757099 45.4917288501 45.7759639731 45.7816906607 45.0249938031 46.071683441 45.605901867 45.9844278733 46.1589762494 45.8902646351 46.0991945793 45.9083036213 59.0509731708 59.0509731708 59.0509731708 45.3227367112 45.2957685641 46.2830927151 45.7844828302 46.3668615102 45.44391743 45.0976083605 46.2641027447
0 0 0 0 0 0 0 0 0 0 0 0 0 0 0 0 45.7283091988 45.3040951812 45.3789837682 45.9694285831 45.0775149337 45.7572740481 45.7247371956 45.7491675967 45.7713644129 46.265929167 45.1485735553 45.0436696212 45.4530908081 46.2381851377 45.8594909673 45.1877651499 46.0909209608 46.1357604894 46.1911895242 45.2676089078 45.7662176157 46.1719129588 45.7463661958 45.3998392425 46.0160760435 46.2671326498 61.9288292743 59.0509731708 45.0705422735 45.8772948543 45.0563262768 45.5207116272 45.3943672295 45.310195702 45.596021252 46.2671679282 45.1697134571
0 0 0 0 0 0 0 0 0 0 0 0 0 0 0 58.9569922355 59.8584511464 63.8156702632 45.4708732228 46.0436925846 46.0568167482 46.1209556723 45.2086914318 45.1352398865 45.559405048 45.1328581165 45.6245615143 45.5125460103 45.4712770288 45.9012314163 45.8563804969 45.5009718567 46.0614745115 46.1033368928 46.2769105872 45.6827414869 45.9783400847 45.2907687007 45.075345619 46.3050499303 46.3523171815 45.2181499247 79.3818357186 79.3818357186 79.3818357186 45.1192359554 46.0487119191 45.2843033608 45.1137913955 45.4122865596 45.9642584964 46.3750231206 45.5800865055
0 0 0 0 0 0 0 0 0 0 0 0 0 0 0 60.625053501 55.2873199936 57.4094528866 46.1674191961 46.3868842943 45.1606434892 46.0933626117 45.9166462001 45.4247851219 45.6780364639 46.2469558333 45.8282708793 45.3202453548 46.2889498537 46.2805178287 46.2438267523 46.3679394932 45.3444490776 46.3017872389 46.2282867413 45.3779796534 45.3096174017 45.2654987254 45.5421085808 45.2976857011 45.209999206 45.6203590798 45.7151736993 79.3818357186 79.3818357186 45.4277133875 46.2710398803 46.3022853936 45.1260194766 45.0122120815 45.3019747154 45.6913262532 45.3056983132
0 0 0 0 0 0 0 0 0 0 0 0 0 0 0 63.6176099761 60.3876300083 62.7977054091 46.1402444602 46.2888573328 46.2623030283 45.6201242645 46.2624711598 45.2907627599 46.0958473479 45.24754564 45.5570049861 45.0157553178 46.1150742739 45.8264639937 46.3774401068 46.2929011413 45.4902058704 46.1423214699 45.5708988547 46.1659695354 46.0924319987 45.6419618094 45.0316575427 45.2699756476 45.908679956 45.1137396646 45.3771863101 46.2966785891 45.0534028695 45.2116867466 45.2842612345 45.488251335 45.4117447384 46.271760683 46.3007202572 45.9404516559 45.0474878813
0 0 0 0 0 0 0 0 0 0 0 0 0 0 0 0 0 45.036371438 45.4786613759 45.1924415277 45.8405283571 45.7522323943 45.2362842019 45.6869506116 45.2956346439 45.8819440328 45.0845742942 45.2572180199 45.940650634 45.6813983525 45.7918174723 45.938275014 45.195375039 45.0958878158 45.9581417258 46.0699882805 45.0539401068 46.26916931 45.4927490362 45.8216611963 45.770988871 45.774138515 45.2792901151 46.0755329743 46.1373892952 45.3962481589 46.1873185475 45.8923561662 45.3698967349 45.0162749428 45.8583462699 45.6550759022 46.1505626419
0 0 0 0 0 0 0 0 0 0 0 0 0 0 0 0 0 45.456020897 45.509070673 45.8647167525 45.2785071731 45.0888300479 45.3774430759 45.9421110425 46.0143854512 45.7631724535 45.4812726612 45.7940657967 45.3504565449 45.3660663524 46.3599459035 45.6275579704 45.2439107951 46.097289722 45.2550588919 45.2829998215 45.0213395242 46.1731580175 45.4041969438 46.0635311948 45.3588090189 45.5028949863 45.3915252415 45.9991230871 45.2022631073 69.3361489341 45.5191518172 45.6130765918 45.3007654575 45.8154929707 45.5268451316 46.2140743491 45.0022867374
0 0 0 0 0 0 0 0 0 0 0 0 0 0 0 0 0 0 45.2336925413 46.3151076475 46.0659874766 45.0609628949 46.342995564 45.6926297594 45.5576087905 46.3851836986 45.7931771011 45.3314187028 45.0083501051 45.3861732376 45.4423265789 45.7609540151 45.072686017 46.3049424436 45.832975288 45.2796019921 45.4030532393 45.5101196499 45.7123620204 45.2706166231 45.84547484 45.8927045988 45.2285739945 45.1220714539 46.14042057 46.0919614034 45.5637044208 46.2067064853 45.6057884144 46.3670943784 45.0393801837 45.9528865251 46.0893012366
0 0 0 0 0 0 0 0 0 0 0 0 0 0 0 0 0 0 45.661471957 45.9097246054 45.0218283695 45.6006910929 45.5427935636 46.2663112589 46.3073391352 45.3671651174 46.2530478588 45.8394174321 46.349344115 45.3878039064 45.9578038125 45.599259022 45.3107272805 46.055878917 45.5260865048 46.3211502336 45.3449151445 45.4309987817 46.1668192837 45.6027003258 45.6590052855 45.7682934215 45.9440289433 45.5287499352 45.1093115404 45.4697662865 45.5613918954 46.322070695 45.7567062721 45.504794124 46.1582535332 45.257483078 45.8549559314
0 0 0 0 0 0 0 0 0 0 0 0 0 0 0 0 0 0 0 46.2337318832 45.5769312262 46.2801636374 45.1406499018 46.076064177 46.3009819863 45.4889973614 46.1187227772 45.9408382935 46.0128041006 45.8296625193 45.123380216 46.408805168 45.9270669477 45.7862828246 45.2393991118 45.1670719529 45.9473485827 45.1891335371 45.6745634624 45.7752802271 45.6951548954 45.0046887445 45.6032391444 45.7132671846 45.3047868896 45.7279728073 45.7384232653 45.9913300323 46.1215054928 45.6203999927 45.4549636124 46.3518789638 56.7116203802
