Spatial Output/patch_out_check_00068.asc
NCOLS 155
NROWS 192
XLLCORNER 196769.923733
YLLCORNER 449719.875193
CELLSIZE 27.603701
NODATA_VALUE NaN
[rows 115 to 137 of 192, columns 0 to 52 of 155]
0 0 0 0 0 0 0 0 0 0 0 0 0 0 0 0 0 0 0 0 45.7710230945 43.2122215097 45.2331139028 45.5288998794 44.0214390627 45.5889532891 44.1044394535 45.029462788 44.6976448932 44.1467256235 44.1528655947 44.3095198029 45.2040820395 44.2057673652 44.4180050265 45.5309464942 43.3318303282 45.1333974359 43.0660913593 44.8062433361 45.4279776815 45.5295013147 43.4744947985 44.8988987795 44.1520381653 43.3881747106 45.5349367562 44.6241322916 44.7773145585 44.3011023006 44.3982014295 44.3818890353 45.7164272649
0 0 0 0 0 0 0 0 0 0 0 0 0 0 0 0 0 0 0 0 44.5878494402 44.0727548418 45.7236646502 43.9916202173 44.6372358827 44.1293493163 45.0695502524 43.4465179533 44.7375095041 44.1976607924 44.110662048 45.6749014364 43.8635835073 45.1979396451 43.5143344887 43.3420185759 43.4888158354 45.3883857032 44.3288316725 43.5996035972 43.0648108482 44.1032618798 44.6806149843 44.2612597912 45.4492276326 44.0782312595 44.0978274441 45.8012297393 43.5118787091 43.8551664314 44.4339974078 44.2947552324 43.5396834932
0 0 0 0 0 0 0 0 0 0 0 0 0 0 0 0 0 0 0 0 0 45.5196175716 45.7706044445 44.9532484538 43.0815515362 43.8088945553 44.503930754 44.3293389469 45.0235093224 44.2630270312 43.1822466097 44.1002291579 44.2911591152 43.0845792794 43.7802823356 44.035805389 44.6951178883 43.4698612703 44.5631966823 45.5924625809 43.8956745182 43.2126961361 45.6360663776 45.7424841663 43.9623828987 43.4470705519 43.5234240464 43.9855025082 82.1830913417 45.3950847551 45.7121488399 43.032835168 44.9748817999
0 0 0 0 0 0 0 0 0 0 0 0 0 0 0 0 0 0 0 0 0 43.3069016702 44.0844799065 43.7140008236 44.0040690325 44.3423515291 45.6147169228 44.4501073338 44.3974540271 43.8796616372 45.3041066456 43.4136405147 43.8839354966 44.8397027734 43.0622255503 43.852321561 44.0995705849 45.6872214468 44.8887579277 43.2532543344 43.2916591829 44.5522914164 43.4452486306 43.7621766568 44.662667199 43.4042558913 44.243257388 82.1830913417 82.1830913417 82.1830913417 43.7529161005 45.280090115 45.3648992891
0 0 0 0 0 0 0 0 0 0 0 0 0 0 0 0 0 0 0 0 0 0 44.8194336625 43.5451562968 43.0318591462 45.1685429543 44.6134131733 44.5037147313 45.5508220152 44.7873890476 44.6320343657 44.1111872531 44.7224122225 43.8403358822 43.2935977018 44.2253554356 43.7245959725 44.4637528639 45.4611406808 43.6408814254 45.5145994018 43.8054984727 44.4588225004 45.3014601416 44.8546594717 44.1766745324 44.4232922926 44.4340830283 44.2102598913 82.1830913417 44.5073712349 43.3271273952 44.3355033787
0 0 0 0 0 0 0 0 0 0 0 0 0 0 0 0 0 0 0 0 0 0 44.003244193 44.7310945064 43.2719206591 45.0978874176 43.6393459896 44.0313243291 45.0684356015 43.0214764771 43.8577770639 44.4995432769 44.5355722226 45.3278973712 43.2647592116 43.4963330534 45.4182665257 44.2648964313 44.5399515616 45.4695752714 45.6309021226 44.5619970652 45.3438145752 43.6773647868 43.0718229961 43.0275142774 44.0587434556 44.7135935548 43.8571593199 43.8131583497 43.6748958485 45.4397417065 45.63938056
0 0 0 0 0 0 0 0 0 0 0 0 0 0 0 0 0 0 0 0 0 0 0 44.1376641837 43.667087503 45.2104057725 44.8801637171 44.123331834 43.6840441132 43.8162522055 45.4975583369 44.0279500321 44.4997096176 44.8184114809 44.1828980611 43.2668086268 44.3857021995 44.7024933945 44.4534342404 43.8890019384 43.000545205 43.3239801921 44.5193150569 43.5459076373 44.7936131408 43.5723312426 44.5697867348 44.874943788 45.7631908642 44.327864094 44.1158081739 43.8770417122 43.2811265273
0 0 0 0 0 0 0 0 0 0 0 0 0 0 0 0 0 0 0 0 0 0 0 0 45.5766367556 43.6812575649 44.0333121451 44.367069979 43.8751073102 43.3744635315 43.6687550225 43.940098761 43.8202057228 45.5420046328 45.4487036112 44.8813132757 43.6216685426 43.2734108426 43.999251086 45.6218728105 43.917558375 43.4129160535 43.0994858078 43.6643755344 44.3400302943 45.0787861251 44.7613568298 44.5198011021 44.4990342094 44.3418551426 45.1487971729 45.3814950556 44.696753157
0 0 0 0 0 0 0 0 0 0 0 0 0 0 0 0 0 0 0 0 0 0 0 0 44.0701234238 44.0399133359 45.4847224121 45.3755267269 44.6199719427 44.9110373891 44.0325108877 43.8342393685 45.177666212 45.3708504702 44.7543122244 44.1908968433 43.0876900206 44.9711402729 43.4056282714 45.4793497817 43.8912716298 45.6939653028 45.1566132362 45.1948516269 45.4382792046 44.2350148503 45.6031898023 44.1567742872 44.2265307061 45.6196706345 45.0345663679 45.0936522649 44.0079982838
0 0 0 0 0 0 0 0 0 0 0 0 0 0 0 0 0 0 0 0 0 0 0 0 0 45.0692799036 43.1021795644 44.5727734001 44.3891251211 44.0256223511 45.4756383194 45.0588676898 45.1920839576 43.6481010289 43.3317303786 45.4815920751 43.6169418832 43.3966737195 44.9240792607 43.2848518213 43.7663403379 45.5554360288 43.8595261474 45.8043241227 43.319977248 43.8708848119 43.4754056378 44.0212598571 43.5101107878 44.9530394653 45.1047248313 43.4648332683 68.0726709642
0 0 0 0 0 0 0 0 0 0 0 0 0 0 0 0 0 0 0 0 0 0 0 0 0 44.4708483397 45.3111127811 45.5861267607 43.3064160366 43.9255630899 43.4639969528 44.7537574763 44.9384806088 44.184207369 44.4410948323 45.6577793058 44.7299690454 44.358991456 44.7244943734 44.9667310118 44.8336127015 43.3397442971 44.2241463241 43.5907065228 45.0182698203 44.4296017056 44.5575174145 43.9460422059 43.2974756598 45.1828349984 45.2558356 68.0726709642 68.0726709642
0 0 0 0 0 0 0 0 0 0 0 0 0 0 0 0 0 0 0 0 0 0 0 0 0 0 44.4828924789 43.692945791 44.4470403998 43.2047499377 43.6835136664 44.9214623687 43.9359720998 45.8164633775 44.6767753529 44.8949980707 45.2250336516 44.9706801157 43.4709073632 43.6334843427 45.5902826903 44.1256119566 44.578883565 45.0348604478 44.4563691318 44.1507006107 45.4442727195 43.7317458685 45.4220248417 43.2351086549 43.931663253 44.3307181057 43.0069949829
0 0 0 0 0 0 0 0 0 0 0 0 0 0 0 0 0 0 0 0 0 0 0 0 0 0 43.6629609451 44.0279892601 44.4463897843 43.0403343405 45.0646365713 44.1625521344 44.5266421528 45.8229029873 45.7518073082 43.6086845141 45.4323134821 45.7310863456 43.7729749596 44.6646608839 44.3486907728 44.7604346959 43.3463912526 44.7387446861 43.3211128211 44.9603944327 44.854809318 43.1707545885 43.4101764253 45.2592243901 44.7474497335 45.4709019369 43.483881334
0 0 0 0 0 0 0 0 0 0 0 0 0 0 0 0 0 0 0 0 0 0 0 0 0 0 0 43.3619123752 44.6283323365 45.326816708 45.7013861696 43.9945219762 44.9735224242 43.5331333159 44.7583938673 44.9121882494 43.1240381016 44.6156049238 43.2960294784 45.5068250541 44.0331479192 44.0242412306 44.3719612453 43.6868173902 43.1234298905 44.9752005943 45.3822831811 45.6961202911 45.5577373585 43.0024857549 44.5734187579 43.2264652428 43.9137236862
0 0 0 0 0 0 0 0 0 0 0 0 0 0 0 0 0 0 0 0 0 0 0 0 65.2196859984 65.2196859984 0 65.641957782 43.8377130381 45.2280416138 44.0573335069 43.2522762541 45.8281871838 45.265701017 43.9730941397 45.1731049303 43.2287627985 44.4901577896 43.7200632329 43.1465312584 43.8727381222 43.7959482461 44.4305400009 43.4027180172 44.3494272276 43.7461578494 44.8325558531 44.9424123904 45.2209339645 43.5311335764 44.7938737904 44.4049824917 44.9620568349
0 0 0 0 0 0 0 0 0 0 0 0 0 0 0 0 0 0 0 0 0 0 0 0 65.2196859984 65.2196859984 0 65.641957782 44.7511639545 43.2099758467 43.3804821281 44.5579332089 45.5137869983 44.7615966729 45.1720063418 43.1972332873 44.7063831638 44.2134846556 44.9732244981 45.2753893718 43.2127012858 43.2030358892 44.862747949 45.2504955215 43.1656324332 45.5439245186 45.4397750829 44.8605104791 45.0770751454 44.3417834643 44.2351710383 43.6581730567 43.3741644785
0 0 0 0 0 0 0 0 0 0 0 0 0 0 0 56.740837341 59.5560980328 55.2924573013 0 0 0 0 0 0 0 0 0 0 0 43.6687821993 44.6377651951 44.4629897585 45.2488062831 44.3115055747 44.1971907855 44.4098331935 45.2502097555 44.0866235103 43.3620250118 45.2289266306 44.5205072455 45.4341912058 45.758531309 45.4614569467 45.5782470225 44.5125973727 43.4159904875 44.8810454249 45.021279884 45.309950162 44.1419142062 43.2337680879 44.3838109886
0 0 0 0 0 0 0 0 0 0 0 0 0 0 0 57.9171396934 56.6352773214 64.6404620601 0 0 0 0 0 0 0 0 0 0 0 0 45.4345059761 45.1376608074 43.2999354581 44.5929984372 45.2535082642 44.9894129652 45.52293025 43.6301332816 43.2201991769 44.8725066995 43.651250274 43.9983301595 44.040476084 45.5992131512 45.2804572868 45.4451477121 43.2335847096 43.670586983 44.3955944995 43.1805551246 45.1535066549 45.2015540107 43.1260212166
0 0 0 0 0 0 0 0 0 0 0 0 0 0 0 54.2103259795 53.5534493475 60.3629322855 0 0 0 0 0 0 0 0 0 0 0 0 45.4033399518 44.0450963122 44.7997941432 45.1506360968 44.5194816849 43.7578492793 43.2086389027 43.3159725228 44.6439125322 44.6345519591 43.2049672256 43.7191987746 44.4091020901 43.9647899171 45.0781101478 44.5004261564 43.8622637717 44.3086463578 43.6891997984 44.0231644181 44.0569420781 44.1165255865 44.0586089456
0 0 0 0 0 0 0 0 0 0 0 0 0 0 0 0 0 0 0 0 0 0 0 0 0 0 0 0 0 0 0 43.5178459905 45.8216691346 44.0788520856 45.5028266943 45.8040529267 44.5450369235 44.49287336 43.9184125719 44.8821796971 43.2586080087 44.1986160681 43.1345009838 45.502507383 43.4593430483 69.937563548 44.3448713976 44.4909821357 45.5933332145 43.8519786634 43.5272515669 43.9642269302 44.1082128595
0 0 0 0 0 0 0 0 0 0 0 0 0 0 0 0 0 0 0 0 0 0 0 0 0 0 0 0 0 0 0 0 45.2556470813 45.6212993874 43.03744263 43.6594796602 43.2232010685 43.5966760829 44.6302071016 45.2341668248 45.1600472761 45.2372556979 45.6226397003 64.5590284685 69.937563548 69.937563548 69.937563548 44.98523244 44.9675449541 55.5709897855 45.5054595759 45.0280611746 45.7525667558
0 0 0 0 0 0 0 0 0 0 0 0 0 0 0 0 0 0 0 0 0 0 0 0 0 0 0 0 0 0 0 0 0 43.9345036613 43.6900797971 44.6572071144 43.6924182078 43.9113853169 69.0395748135 69.0395748135 69.0395748135 43.3334864488 45.6925925838 64.5590284685 64.5590284685 69.937563548 79.3002858936 70.3163660575 55.5709897855 43.0369368956 45.1941627182 45.2796498959 45.4679304922
0 0 0 0 0 0 0 0 0 0 0 0 0 0 0 0 0 0 0 0 0 0 0 0 0 0 0 0 0 0 0 0 0 44.429647021 44.6229678 44.585243608 43.941944279 45.2540577809 69.0395748135 78.4374482694 78.4374482694 44.9236297814 45.1810863329 44.4859957804 45.1350252647 44.1648007145 43.0506502609 44.9881042009 45.3995734263 44.4028803968 43.100312549 44.6234149539 44.6082523624
