Spatial_Output/BAU/BAU_0450.asc
NCOLS 155
NROWS 192
XLLCORNER 196769.923733
YLLCORNER 449719.875193
CELLSIZE 27.603701
NODATA_VALUE NaN
[rows 46 to 68 of 192, columns 0 to 52 of 155]
30.5143452718 30.5246098834 30.5195775005 30.9759160204 30.5760343667 30.9090930767 30.6983316003 31.0670648944 30.8547463305 31.1676053542 31.1200833486 30.8677786656 67.7658055543 30.6001694549 30.8880427351 31.0290105168 30.8485672551 31.0145705947 31.0287421699 30.7367028692 30.5793958939 30.9221000188 30.6301873288 30.8088828896 30.512306203 30.9972895235 30.5272168329 30.849766857 31.0719098736 47.3760185634 30.9436759267 70.3596878828 70.3596878828 70.3596878828 42.7417816143 63.7951835438 30.6083872675 31.0242586813 31.1548756422 30.85887002 30.8862134851 30.501121048 31.0700923194 30.558367085 30.9334844135 31.1075004778 31.0009218429 30.9317593615 60.4371486256 52.0575194929 46.4633950923 46.4633950923 74.734873494
30.9088159763 30.6397989279 30.8560587505 31.186233128 31.1625450158 30.9622913398 30.5227641211 30.9199213061 30.6230589077 30.742419304 31.0673951682 31.0333533738 31.0692674643 30.648159422 31.1435946105 30.8567392098 31.1659972451 31.1709368495 31.0489746254 30.9340805022 30.5960730021 30.6180966365 30.6406317986 31.088755339 30.5713317618 30.6044940725 31.0281081174 31.0040926153 30.7844796419 30.8929623349 30.8205265104 30.516656653 70.3596878828 70.3596878828 31.0131590055 30.9860056183 30.6368441411 30.5685888821 30.9467551493 31.086575006 30.5003878325 31.0527241008 30.8326374303 31.0118938586 30.5258501437 30.7810946322 31.1204599956 30.9251258409 30.679746537 31.0575183803 31.0566199936 31.129658611 30.661315367
30.7968184585 30.540389413 31.0955466204 31.0473574425 30.7457071743 30.5107495208 30.6830698776 30.9607994269 30.777024895 30.7016379816 30.860435074 31.0830564863 75.7118932411 75.7118932411 31.0864728635 31.1585898201 31.0822662527 30.6603878739 30.9416122607 31.0837572447 30.9023395047 30.5342696367 30.9707998401 30.9921376579 31.0611490902 31.1888920976 30.7310977254 30.9736139165 30.565203245 31.0797191605 31.1583682036 65.1382657722 65.1382657722 65.1382657722 30.8101951548 30.6896811998 30.6519627678 31.1734473482 31.0437142681 30.9485301248 30.8611824512 31.1972538169 30.7121196574 31.0127322504 30.5548388291 30.7335567942 30.50010817 30.9177320642 30.8637310353 30.6017081251 30.6191145864 31.0532452478 46.4677954672
30.9617528308 30.7728330585 31.1733539518 30.6696712816 30.7981336371 31.0898856576 30.7112095739 31.0350087513 30.8928849721 30.6608403577 31.0677589934 30.921711097 30.6151285838 46.4356720111 31.1139274241 46.4356720111 30.6017003949 30.7913428023 30.7374107994 31.0706082575 30.7263916358 30.5636362678 30.5447352595 30.8201158021 31.188499384 31.0681929451 30.7994691229 30.9515313528 30.8641077661 30.9268063949 30.7019838759 30.9501878852 65.1382657722 65.1382657722 31.0684320586 30.6430141747 30.7237996232 30.9558313108 30.9923868765 30.8629989825 30.7989448906 30.5976984838 30.8965062697 30.6005783269 31.0007624796 31.0987119515 31.1882510336 30.8631894373 30.8305563813 30.5364269226 30.9615761582 30.9306430841 65.7223956398
31.1575420137 30.6556898655 31.1006843471 30.8368774455 30.5631396604 30.6383571742 30.7386199599 30.9197085315 30.9053380499 30.5168149279 30.8876115968 31.0839919738 30.6485742834 31.184234786 50.607024028 50.607024028 30.8609239043 31.2004974096 30.9729390777 31.1830212402 30.6527062866 30.947651464 30.7324806799 30.702092883 30.7945748962 30.8892261462 30.714899624 31.2027576646 31.1840148168 31.0493360023 30.6083847826 56.1889081646 50.4531216033 30.8684994425 31.0561654018 30.6679141088 31.0498395373 30.6054002426 30.6248496163 30.8559557773 30.680115677 31.1244632734 30.5903688726 30.709561684 31.1304151772 30.5168802517 30.7240081949 30.8286915507 30.7613449832 30.9473960007 30.5825725601 31.1444268436 43.3001179789
31.107573289 30.6489945787 30.6729542527 30.5959884048 30.9884518851 30.6446910801 30.8336570165 30.5261513239 31.0678201539 30.5814774411 30.7608829131 31.0122898387 30.5312136882 31.0659684433 50.607024028 50.607024028 31.2037261051 30.8494646551 30.5866628331 30.6831778852 31.1726960528 30.652420801 30.810387447 31.0276071697 46.9387325326 30.9178121605 49.4909209002 30.7004464903 30.7049489094 31.0432378756 56.1889081646 56.1889081646 50.4531216033 60.4724621761 60.4724621761 30.5415599744 30.8553303081 30.8380995705 30.8850674436 30.7581807005 31.0253530288 30.9899328448 31.0775823221 30.660510396 30.8546053202 31.0704355047 31.1018542824 30.8317542031 31.0897841498 30.9439322883 31.022080742 31.0461340249 30.9779139497
30.9605844101 30.6421530906 30.515771498 30.5242624885 30.6703737506 31.152339414 30.8351831694 31.2007946257 30.739005975 30.9956884485 31.1543951873 30.6895325655 30.5110360719 31.167080317 31.2068419935 31.0780846641 30.5859081009 31.1960680269 31.0774985101 30.7530215489 52.7508426428 31.0363129318 30.6698187926 46.9387325326 62.0415029582 62.0415029582 49.4909209002 49.4909209002 73.7843029531 31.05436459 30.9411438764 56.1889081646 64.2774610352 64.2774610352 60.4724621761 31.113473154 31.1560704759 30.7869750932 30.5683959231 30.5566559698 31.1636986347 31.1238533109 30.6423210408 30.8379162559 30.629626542 30.5345102236 30.7777431955 30.7383010275 30.7720020043 31.0922820968 31.1093285019 30.52714866 54.2863260404
31.1740006493 30.5640314371 31.0816324796 30.9538128558 30.6095545439 30.8090650075 31.1795233333 31.1189604743 31.0157947494 31.0363991313 30.9246954755 30.5247195322 31.011825702 30.9884486525 30.5356326426 30.6833861088 30.8320644097 30.5580587033 31.1335517413 30.6624112564 31.1365235577 30.8144505331 30.5893759103 49.0724195273 62.0415029582 62.0415029582 49.4909209002 49.4909209002 30.8750420676 73.7843029531 30.5539495783 31.0017338513 64.2774610352 64.2774610352 30.7463685257 30.9322205135 30.662430842 31.1535355666 30.6394336427 30.6230369152 30.7230058561 30.8816978073 30.7247677968 31.1891047696 31.0331116442 30.5120217767 31.2006942704 30.6918634294 30.5618945191 30.5988596933 31.0294376696 30.5547072724 48.931753258
30.8436340742 30.9261860083 31.0241120532 30.6937228849 30.81160312 30.7741137861 30.7798547145 30.6990814557 30.9268556928 30.5822115511 30.8866966055 31.1747771718 30.8743495046 30.8920534603 31.1217666724 31.009611994 30.8068006025 30.7884171055 30.8994212608 30.9807216162 31.1338556843 30.5732394718 30.938007814 30.8379875243 30.5885215122 30.9090430686 55.162575075 31.072949394 30.8238137007 30.7666098009 30.6817389431 66.1422211293 66.1422211293 66.1422211293 66.1422211293 31.0815573301 30.6576436779 30.9501559887 30.8603652405 31.1338212035 30.5063171579 30.9005748076 30.6934462162 31.1627440068 31.065424362 30.6852844134 30.7556392947 30.6021493394 30.6982758421 30.6515932755 30.7597855876 31.1477611872 30.7832568638
30.542097526 30.9312515048 30.707804948 31.1186029293 30.7659098738 30.7558435109 30.6212077826 31.0535125558 30.7118612111 30.8689394652 30.8493590978 31.1080593375 30.9150844593 30.9783840829 30.9965804005 56.8978224147 56.8978224147 56.8978224147 30.5199205283 30.9787330153 31.1423806828 30.7334268553 30.8265222744 30.6355867246 30.9172854947 30.8511350956 31.0914644246 31.0504369692 30.5933748949 30.7530768377 30.940178359 55.8717061023 66.1422211293 66.1422211293 55.8717061023 30.5295882231 30.6281004924 30.5001279045 31.1093640687 30.8808210302 30.5018708142 31.1144877371 31.0953780812 30.6560581183 30.9491293277 31.0317286047 31.0672672452 31.1321956206 31.1577870534 30.5374119956 31.0839339398 30.9997790688 61.2797022797
31.1952580646 31.1707883274 30.7555768627 30.6263417903 31.1288922697 30.5964268084 30.8401325528 30.5040818779 30.737684541 30.7384652082 30.6294504274 31.0314268365 30.583920033 30.5301412366 30.5055281236 30.5017209992 56.8978224147 57.326336032 30.5494004831 30.6173848913 30.8333052375 30.599533714 30.8894043468 30.7991205853 30.5169790827 30.9839307802 30.986467279 30.5516992839 31.2033089965 30.7253778911 30.6326213003 30.6785936037 55.8717061023 55.8717061023 30.921618384 30.8030265365 30.5710843356 30.8766110941 31.020854239 30.7424786234 30.5224197779 30.8253012325 31.185570514 31.0199043419 31.1755508721 30.6389763099 31.0715423432 30.9860391026 30.6632314436 30.7894289762 30.667635214 30.6436313718 58.3799789144
30.6111420277 31.2054312428 30.9464510321 30.902874271 30.8704788317 30.8628426491 31.1833612894 30.8167206066 31.1480111456 30.7487013014 30.8378531083 30.5493771735 30.5952812641 30.8507493683 31.0555218557 63.1010733288 63.1010733288 63.1010733288 30.9240855525 30.6115034437 30.736164589 31.1964301479 30.8325829345 59.6870039988 59.6870039988 59.6870039988 59.6870039988 30.7964587544 30.7632077496 30.9197755669 30.653119013 30.5176951868 41.3317065414 41.3317065414 41.3317065414 31.1629530875 31.0370157957 31.0098318599 30.9666916315 30.7576825607 30.8486718999 30.919112939 30.9180153376 30.5192283817 31.0060042901 31.079940745 31.0687262839 31.1442162677 31.116168315 31.1559153679 31.1469518882 31.100537218 31.1935712276
30.8407246768 31.1042375674 31.1277843597 30.6850053696 30.8874113049 30.6616944821 30.8971287129 30.7122261421 31.1124385779 30.5684672103 30.9674564518 30.7549585667 31.2068639914 30.7810720136 30.5038444317 30.7876276928 63.1010733288 55.1667493972 31.170812985 30.5043791499 30.7132970328 31.1025543232 30.9967374645 31.1152971521 59.6870039988 59.6870039988 30.5444227027 30.5960252705 31.095045945 30.695919655 30.6364377545 31.1702846363 41.3317065414 41.3317065414 30.7918073875 30.8281824137 31.2036009345 30.6079109442 31.0321224791 30.8912671246 31.0085859912 30.7339227017 30.9807237092 30.7067384289 30.6217917565 31.1138701345 30.6081553221 30.6199790476 31.0163671531 30.6792731754 30.9987002412 30.7777011796 31.0765177066
30.973478382 30.8246639518 30.6050080582 31.1925141793 31.0423519908 30.6843608778 30.8717075238 30.9908602192 30.8767219114 30.5682176854 30.6877689973 30.9531504738 31.0708318558 30.560622993 30.9208730107 31.137917187 51.8545979405 30.9719983534 30.9791837474 30.910967268 30.9218022742 31.127137411 30.8075154099 30.6781408088 68.7124211767 31.138218709 68.7124211767 30.6492253564 30.6136031749 30.7428830959 30.758705369 30.7559693385 31.1708521606 30.542209713 30.6956501283 30.8433464647 30.999907258 30.6025934071 30.6582509249 30.8642808449 30.8675537845 30.6057559185 30.5548841007 30.5858744951 30.5075681647 30.9049910271 30.7712618813 31.0739083364 30.5640345822 30.9344698427 31.1020309006 30.6297571836 30.9861332017
30.7888620469 30.9624922125 31.1274515944 30.8332032954 30.5081792219 30.9503217151 30.7846523778 30.6159110063 30.7212598483 30.6217617383 31.161421734 30.9693099361 30.5937850934 30.6308576685 84.79790425 30.5187212323 30.5330894928 30.6619792824 67.239766908 67.239766908 63.0552135645 53.9461497346 53.9461497346 52.8374027767 53.1057065167 53.1057065167 44.1358090852 30.6301123634 59.5206344909 59.5206344909 30.8412477074 30.8725949583 30.7515235804 72.7140578544 30.70854764 30.9360318441 30.9163268247 30.6010650048 31.1967046565 31.1496918954 30.7970089668 30.6619186245 30.6230371258 31.1679161442 30.8495477739 30.837905225 30.5327233854 30.6168871766 31.1959369888 30.6684879462 30.5252499822 30.8979573802 30.6138098129
30.8594655307 30.5084810977 31.0599082191 31.1316977624 30.7087424279 31.1090741134 30.9333150754 30.8973300634 31.1973236098 31.1709058699 31.1381664062 31.1734132444 30.6916190628 30.970607862 31.1110712951 30.6829741548 30.6269946372 31.1552946374 67.239766908 67.239766908 63.0552135645 53.9461497346 53.9461497346 64.1821004779 53.1057065167 49.8623960916 44.1358090852 59.5206344909 59.5206344909 59.5206344909 55.630115298 72.7140578544 30.7246395541 31.0520611387 31.1454689093 31.0480879987 31.1936575588 30.7604189859 30.5985131261 30.8165034005 30.8052704202 31.1095410101 30.5093242539 30.5178378199 30.6962772172 30.9757928666 30.9923183048 30.8806874793 31.1730882059 30.5629207474 30.5036920688 30.9314783387 31.1723365013
30.5537707002 31.1117950497 31.1027895398 30.8668461127 30.8843395887 31.0136594654 31.1805916519 31.0850138699 30.5216036889 30.5366856288 30.7685818167 31.0720390272 30.5404372588 30.7854592416 30.5614556064 30.5247879632 43.9120222305 30.6337247855 67.239766908 30.9031542665 63.0552135645 49.5819281173 53.9461497346 52.8374027767 49.8623960916 49.8623960916 49.8623960916 31.0889448618 59.5206344909 55.630115298 31.1878362027 30.775197412 30.6571761225 30.9807181972 30.8001933442 30.8476132357 30.5152924507 30.6080825381 30.9653030319 31.1873213998 30.6358370916 30.9625337715 30.7962021223 30.8506337817 31.0415695246 30.7144541694 31.1129930978 30.8943062328 30.9603012277 30.9148602692 58.4564334706 58.4564334706 58.4564334706
30.8301163951 30.6749526267 30.7524690154 30.8401587324 30.9965062721 30.6414392092 30.9115235482 31.1998190739 30.6720527882 30.6995563152 30.720860132 30.8236045597 31.1183957134 31.1206850084 30.6708765918 30.6695249942 52.0736828572 30.7760622314 30.6010988286 30.9143643171 30.5073097604 30.6759885488 30.8378426136 30.5932747692 30.7760713577 49.8623960916 30.9828217036 30.9157442167 31.20039879 30.7155815446 31.1421037909 30.9627761399 30.5815133137 30.8166558923 30.9077198356 30.6693010075 31.0665878519 31.1642090984 30.7887794926 30.6905532029 30.5523664796 30.5740873307 30.5535382678 30.5988685356 31.0172035857 31.1308580576 30.5680282672 30.6590170751 31.1773792551 31.0082960399 31.0383628508 58.4564334706 58.4564334706
31.1412081614 31.0331064852 31.1646171041 30.6593627305 30.8561006606 31.1025742311 30.8403953293 30.9152482677 30.7898404949 30.5388330885 30.8814932184 30.9185098566 31.082743503 30.6450632782 30.9349780672 30.5535953931 52.0736828572 30.5434484423 30.9854150211 30.8002264876 31.0310814186 31.1157670094 30.8000426418 30.9224925341 31.138006396 64.8932039594 64.8932039594 64.8932039594 31.0398597211 31.0311353239 30.6804154555 30.7951892145 30.9640482379 30.8126813167 31.0007166852 30.6787544908 30.8123833622 31.0445635017 30.7750632115 31.0003083517 30.7537373483 30.9169705643 30.9977741129 30.5259246448 30.5296693519 31.0734117659 30.5433297894 31.1211238598 30.6045297665 31.1361351065 30.6012919662 63.1191945985 30.9853813825
31.0485363227 30.8990444437 30.5034493876 31.1571055874 31.2048939054 30.5023306983 30.6778718503 30.9397628821 31.0322691647 31.0918821966 30.7768890105 30.8918382484 31.0122988678 30.8147848435 31.1401551447 31.0486503795 30.7539818798 30.727728239 30.7144376663 31.1977440774 31.1947405778 30.5422232753 31.1479798027 30.860218408 31.0418736758 64.8932039594 64.8932039594 50.1916932868 31.1226972306 30.6178281452 31.1046824337 30.5317351878 30.5238295498 51.5006290285 30.9695659024 30.6276120864 30.5711692075 30.5738547293 30.6668319054 31.1403559533 30.8129737261 31.2018928009 31.185895042 30.7262480839 30.5263541377 30.8218915479 31.0439472371 30.5512791393 30.6897031386 31.1629324279 47.4158348817 47.4158348817 47.4158348817
31.1667729216 30.728669267 31.1397723486 30.5631889615 30.8751581655 31.1821395678 31.2054175146 31.1800393315 31.2056594915 31.0914147287 30.5385421545 30.6189386179 30.7828409315 30.9589544484 30.8322641874 31.0798703515 30.6248104219 31.1584505332 31.1433330069 30.7074156616 30.5842563916 30.7274786225 30.686571891 31.0177606187 30.8239249812 30.7116624106 76.4133590181 76.4133590181 31.1110285597 31.1274622076 30.5676294422 31.1225645808 30.7440873734 30.5415072022 30.9779986076 30.995245831 31.0890854366 30.7610611539 30.638494534 31.1157816846 30.5206772809 31.1650515481 30.8193267178 30.9775366322 31.187982839 30.9067626653 31.0022253035 30.5401687069 30.9610637937 30.6231433843 67.0423918534 47.4158348817 47.4158348817
31.0430970087 30.9181641915 30.7790037614 31.1148053198 30.7362260796 30.862189073 31.0934875193 30.9336223994 31.1665764635 30.5843000877 30.5859098672 31.1842072875 30.6658038954 31.1442575089 31.034927701 31.0094808533 30.6190506665 30.7823665446 30.6721455645 31.0246808458 78.2789370595 30.6525073315 30.9188806683 30.9948082708 31.0569485328 30.6464512781 76.4133590181 76.4133590181 76.4133590181 30.9353287796 31.0125430846 30.552241013 31.0058043357 31.0986894511 30.8167646013 31.0088298199 30.9607441316 31.1210439974 31.0618894709 31.1981140833 30.9115411896 30.5485379325 30.6798721809 30.8781980679 30.7905425118 30.6523050069 30.8885920647 31.0695763952 30.8070304346 31.0356817784 67.235784366 67.0423918534 30.6668823589
30.7297381222 30.6766645658 30.9715707871 30.6968104101 30.5839670098 31.0109950568 30.7278831242 30.7147717902 31.0709750097 31.0392141619 30.516610766 30.9869475788 30.6522267321 31.1079340025 30.7589947821 30.7231112577 30.59553619 31.0462262261 30.8632019505 73.7208839588 30.7289822789 30.6045749349 30.7576690788 30.9273863955 31.1267465239 31.0558998907 30.9925797143 30.68771358 31.1451294619 30.5109339432 31.0856917021 30.7203488415 30.6138746899 31.0748267901 30.9110595077 31.1406780086 31.0390841297 30.9042327116 30.5372900532 30.5506634242 31.0797793206 31.1468113563 30.913188744 30.5476459517 30.5503678663 30.5395558608 31.1234774314 30.9798944706 30.8142010429 31.1856217005 75.1780797821 75.1780797821 75.1780797821
