Spatial_Output/BAU/BAU_0922.asc
NCOLS 155
NROWS 192
XLLCORNER 196307.867259
YLLCORNER 449144.565805
CELLSIZE 33.573938
NODATA_VALUE NaN
[rows 108 to 143 of 192, columns 0 to 82 of 155]
0 0 0 0 0 0 0 0 0 0 0 0 0 0 0 0 0 0 0 0 0 0 0 30.6949916754 30.6949916754 30.6949916754 39.7746066647 42.1207062396 19 19 19 19 19 19 19 19 19 19 19 19 19 19 19 19 19 19 19 19 56.0730272472 56.0730272472 56.0730272472 47.7492882406 19 19 40.2996592537 58.0863441194 36.5191099741 19 19 19 19 19 19 47.8030670665 47.8030670665 19 19 19 19 19 19 19 19 19 19 19 67.9189272124 67.9189272124 67.9189272124 19 19 19 19
0 0 0 0 0 0 0 0 0 0 0 0 0 0 0 0 0 0 0 0 0 0 0 50.37929478 50.37929478 0 0 0 19 19 19 19 19 19 19 19 19 19 19 19 19 19 19 19 19 19 19 19 19 56.0730272472 56.0730272472 19 19 19 50.8572814979 50.8572814979 51.4313083711 19 19 19 19 19 19 19 19 19 19 19 19 19 19 19 19 19 19 19 19 47.1245583092 19 19 19 19 19
0 0 0 0 0 0 0 0 0 0 0 0 0 0 0 0 0 0 0 0 0 0 50.37929478 50.37929478 50.37929478 0 0 0 0 19 19 19 19 19 19 19 19 19 19 19 19 19 19 19 19 19 19 19 43.0014164669 64.9528959129 35.410194032 19 19 80.0545523734 50.8572814979 50.8572814979 50.8572814979 19 19 19 19 19 19 19 19 19 19 41.9776494248 59.2970841112 34.4961487605 19 37.7402205002 19 67.7080233014 49.8887035979 19 19 19 46.6430458946 19 19 43.5003947125 49.9209882976
0 0 0 0 0 0 0 0 0 0 0 0 0 0 0 0 0 0 0 0 0 50.37929478 50.37929478 50.37929478 0 0 0 0 0 19 19 19 19 19 19 19 19 19 19 19 19 19 19 19 19 19 19 19 64.9528959129 64.9528959129 64.9528959129 35.410194032 80.0545523734 80.0545523734 80.0545523734 51.4313083711 50.2797931935 46.1051945648 46.1051945648 74.3358667175 19 50.2797931935 19 19 19 19 41.9776494248 41.9776494248 34.4961487605 34.4961487605 49.8887035979 37.7402205002 67.7080233014 49.8887035979 49.8887035979 64.0338564166 19 37.7800581044 19 19 43.5003947125 43.5003947125 49.9209882976
0 0 0 0 0 0 0 0 0 0 0 0 0 0 0 0 0 0 0 0 0 50.37929478 50.37929478 0 0 0 0 0 0 0 19 19 19 19 19 19 19 19 19 19 19 19 19 19 19 19 19 19 19 64.9528959129 64.9528959129 19 80.0545523734 80.0545523734 48.3462106608 34.1799947469 50.2797931935 46.1051945648 46.1051945648 74.3358667175 19 50.2797931935 19 19 48.5740494797 19 19 41.9776494248 59.2970841112 34.4961487605 19 37.7402205002 67.7080233014 49.8887035979 49.8887035979 65.1702197205 49.427939297 49.427939297 19 19 19 43.5003947125 49.9209882976
0 0 0 0 0 0 0 0 0 0 0 0 0 0 0 0 0 0 0 0 0 0 0 0 0 0 0 0 0 0 0 19 19 19 19 19 19 19 19 19 19 19 19 19 19 19 19 19 19 19 19 19 19 19 19 34.1799947469 19 47.1282174011 53.5334351173 19 19 19 19 48.5740494797 48.5740494797 19 19 19 19 19 19 19 19 19 19 19 49.427939297 19 19 19 19 19 19
0 0 0 0 0 0 0 0 0 0 0 0 0 0 0 0 0 0 0 0 0 0 0 0 0 0 0 0 0 0 0 19 19 19 19 19 19 19 19 19 19 19 19 19 19 19 19 19 19 19 19 19 19 19 19 19 19 19 19 19 19 19 19 19 19 19 19 19 19 19 19 19 19 19 19 19 49.668425293 19 49.668425293 19 19 19 49.4670141714
0 0 0 0 0 0 0 0 0 0 0 0 0 0 0 0 0 0 0 0 0 0 0 0 0 0 0 0 0 0 0 0 19 19 19 19 19 19 19 19 19 19 19 19 19 19 19 19 19 19 19 19 19 19 19 19 19 19 19 19 19 19 19 43.6957760827 19 19 19 19 19 19 19 19 19 19 19 19 41.5969960374 41.5969960374 44.7977944797 19 19 19 19
0 0 0 0 0 0 0 0 0 0 0 0 0 0 0 0 0 0 0 0 0 0 0 0 0 0 0 0 0 0 0 0 19 19 19 19 19 19 19 19 19 19 19 19 19 19 19 19 45.2263056749 45.2263056749 45.2263056749 19 19 19 19 19 19 19 19 19 19 19 19 19 19 19 19 19 19 19 19 19 19 19 19 19 41.5969960374 41.5969960374 41.5969960374 19 19 19 19
0 0 0 0 0 0 0 0 0 0 0 0 0 0 0 0 0 0 0 0 0 0 0 0 0 0 0 0 0 0 0 0 0 19 19 19 19 19 19 19 19 19 19 19 19 19 77.1038029002 77.1038029002 45.2899046487 45.2899046487 43.090113245 19 19 42.1590278731 53.5130908945 53.5130908945 44.7763950711 19 19 19 19 39.5269268607 19 19 19 19 19 19 19 19 19 19 19 19 19 19 19 19 19 19 19 19 19
0 0 0 0 0 0 0 0 0 0 0 0 0 0 0 0 0 0 0 0 0 0 0 0 0 0 0 0 0 0 0 0 0 19 19 19 19 19 19 19 19 19 19 19 19 41.7556574058 77.1038029002 77.1038029002 45.2899046487 45.2899046487 43.090113245 44.2700957152 66.1312976087 66.1312976087 19 58.686490773 19 19 19 39.5269268607 39.8320344248 39.8320344248 19 19 19 19 19 19 19 19 19 19 19 19 19 19 19 19 19 85.6797865876 19 19 19
0 0 0 0 0 0 0 0 0 0 0 0 0 0 0 0 0 0 0 0 0 0 0 0 0 0 0 0 0 0 0 0 0 0 19 19 19 19 19 19 19 19 19 19 19 41.7556574058 77.1038029002 77.1038029002 45.2899046487 43.090113245 43.090113245 43.090113245 66.1312976087 66.1312976087 42.1590278731 58.686490773 19 66.0272782325 19 19 39.8320344248 39.8320344248 19 19 19 19 19 19 19 19 19 19 19 19 19 19 19 85.6797865876 85.6797865876 85.6797865876 19 19 19
0 0 0 0 0 0 0 0 0 0 0 0 0 0 0 0 0 0 0 0 0 0 0 0 0 0 0 0 0 0 0 0 0 0 0 19 19 19 19 19 19 19 19 19 19 73.1804566364 41.7556574058 52.0770242342 52.0770242342 52.0770242342 19 46.5829096633 66.1312976087 19 19 66.0272782325 19 19 19 19 39.5269268607 39.8320344248 19 19 19 19 19 19 19 19 19 19 19 19 19 19 19 19 37.7114334741 37.7114334741 37.7114334741 19 19
0 0 0 0 0 0 0 0 0 0 0 0 0 0 0 0 0 0 0 0 0 0 0 0 0 0 0 0 0 0 0 0 0 0 0 19 19 19 19 19 19 19 19 19 19 19 19 19 37.946180342 19 19 19 19 19 19 19 84.5776093004 84.5776093004 42.7991406214 42.7991406214 19 19 19 19 19 19 19 19 19 19 19 19 19 19 19 19 19 19 37.7114334741 37.7114334741 37.7114334741 19 19
0 0 0 0 0 0 0 0 0 0 0 0 0 0 0 0 0 0 0 0 0 0 0 0 0 0 0 0 0 0 0 0 0 36.6976416792 47.6272260171 43.6984127257 19 19 19 19 19 19 19 19 19 19 19 19 37.946180342 19 19 19 19 19 19 19 19 42.7991406214 63.6488241448 63.6488241448 63.6488241448 19 19 19 19 19 19 19 19 19 19 19 19 19 19 19 19 19 19 42.6185761749 44.2662211134 44.2662211134 19
0 0 0 0 0 0 0 0 0 0 0 0 0 0 0 0 0 0 0 0 0 0 0 0 0 0 0 0 0 0 50.3760559484 40.4301407631 35.8909381944 40.2109078534 38.5591362203 47.6272260171 19 19 19 19 19 19 19 19 19 19 19 19 19 19 19 19 19 19 19 19 19 19 63.6488241448 63.6488241448 63.6488241448 56.5166545213 19 19 19 19 19 19 19 19 19 19 19 19 19 19 19 19 19 44.2662211134 44.2662211134 44.2662211134 19
0 0 0 0 0 0 0 0 0 0 0 0 0 0 0 0 0 0 0 0 0 0 0 0 0 0 0 0 58.0115917969 62.5558646622 42.1741765039 50.1666644559 37.6665075175 28.1269066258 31.6834361987 47.6272260171 43.6984127257 19 19 19 19 19 19 19 19 19 19 19 19 19 19 19 19 19 19 19 19 19 63.6488241448 19 56.5166545213 56.5166545213 56.5166545213 19 19 19 19 19 19 19 19 19 19 19 19 19 19 19 19 34.4077101589 56.1252517312 56.1252517312 19
0 0 0 0 0 0 0 0 0 0 0 0 0 0 0 0 0 0 0 0 0 0 0 0 0 42.8988405735 50.6741216216 49.5871154865 62.5558646622 62.5558646622 42.1741765039 50.3760559484 37.4663352613 28.9188284468 34.530301569 54.7063549248 0 0 19 19 19 19 19 19 19 19 19 19 19 19 19 19 19 19 19 19 19 19 19 39.2806476111 44.9996111589 56.5166545213 56.5166545213 19 19 19 19 19 19 19 19 19 19 19 19 19 19 19 19 56.1252517312 56.1252517312 56.1252517312 19
0 0 0 0 0 0 0 0 0 0 0 0 0 0 0 0 0 0 0 0 0 0 0 0 0 42.8988405735 50.6741216216 49.5871154865 62.5558646622 62.5558646622 42.1741765039 50.3760559484 40.1334576828 45.1332057357 0 0 0 0 19 19 19 19 19 19 19 19 19 19 19 19 19 19 19 19 19 47.4948461931 41.7473444365 48.2938947162 39.2806476111 39.2806476111 54.2607034158 54.2607034158 42.2528793281 19 19 19 19 19 19 19 19 19 19 19 19 19 19 19 19 41.0727397302 50.6772536769 50.6772536769 19
0 0 0 0 0 0 0 0 0 0 0 0 0 0 0 0 0 0 0 0 0 0 0 0 0 57.1963571753 42.8988405735 49.5871154865 49.5871154865 50.6089134352 0 0 0 0 0 0 0 0 0 19 19 19 19 19 19 19 19 19 19 19 19 19 49.6417597531 19 19 47.4948461931 47.4948461931 48.2938947162 48.2938947162 39.2806476111 54.2607034158 54.2607034158 42.2528793281 19 19 19 19 19 19 19 19 51.2122175853 19 47.3138969765 64.7250746075 37.0901993886 46.3263519207 19 19 43.9039761874 50.6772536769 50.6772536769 50.6772536769
0 0 0 0 0 0 0 0 0 0 0 0 0 0 0 0 0 0 0 0 0 0 0 0 0 0 0 0 0 0 0 0 0 0 0 0 0 0 0 0 19 19 19 19 19 19 19 19 19 19 32.537844349 32.537844349 19 19 41.7473444365 47.4948461931 47.4948461931 19 48.2938947162 19 19 42.2528793281 49.2748534811 54.2607034158 33.7836222185 42.1246610848 19 42.1246610848 19 19 19 51.2122175853 51.2122175853 33.2009670721 64.7250746075 64.7250746075 37.0901993886 67.7398571327 19 43.9039761874 38.9163076964 38.9163076964 46.3506565436
0 0 0 0 0 0 0 0 0 0 0 0 0 0 0 0 0 0 0 0 0 0 0 0 0 0 0 0 0 0 0 0 0 0 0 0 0 0 0 0 0 19 19 19 19 19 19 47.5399668225 47.5399668225 47.5399668225 19 32.537844349 19 19 19 19 19 19 19 19 19 45.8689114718 49.2748534811 49.2748534811 42.1246610848 42.1246610848 42.1246610848 42.1246610848 42.1246610848 19 19 51.2122175853 51.2122175853 47.3138969765 64.7250746075 64.7250746075 46.3263519207 46.3263519207 19 30.9116358233 38.9163076964 38.9163076964 49.7861404256
0 0 0 0 0 0 0 0 0 0 0 0 0 0 0 0 0 0 0 0 0 0 0 0 0 0 0 0 0 0 0 0 0 0 0 0 0 0 0 0 0 19 19 19 19 19 19 19 47.5399668225 19 19 19 19 19 19 19 19 19 19 19 53.2484662961 19 49.2748534811 49.2748534811 19 42.1246610848 33.7836222185 42.1246610848 19 19 19 19 19 19 19 19 19 19 19 19 19 33.8505432815 33.8505432815
0 0 0 0 0 0 0 0 0 0 0 0 0 0 0 0 0 0 0 0 0 0 0 0 0 0 0 0 0 0 0 0 0 0 0 0 0 0 0 0 0 0 19 19 19 19 19 19 19 19 19 19 19 19 19 19 19 19 19 19 53.2484662961 53.2484662961 49.2748534811 19 59.3666186461 19 19 19 19 19 19 19 19 19 19 19 19 19 19 19 19 33.8505432815 49.9864864824
0 0 0 0 0 0 0 0 0 0 0 0 0 0 0 0 0 0 0 0 0 0 0 0 0 0 0 0 0 0 0 0 0 0 0 0 0 0 0 0 0 0 0 19 19 40.5583634026 40.5583634026 40.5583634026 19 19 19 19 19 19 19 19 19 47.4236852434 19 53.2484662961 53.2484662961 53.2484662961 41.8874359216 41.8874359216 41.8874359216 19 19 19 19 19 19 19 19 19 19 19 19 19 19 19 19 19 48.8246321966
0 0 0 0 0 0 0 0 0 0 0 0 0 0 0 0 0 0 0 0 0 0 0 0 0 0 0 0 0 0 0 0 0 0 0 0 0 0 0 0 0 0 0 19 19 40.5583634026 40.5583634026 19 19 19 19 19 19 62.6188684997 62.6188684997 37.302998072 37.302998072 47.4236852434 19 19 19 19 41.8874359216 52.6055146469 52.6055146469 19 19 19 19 19 19 19 19 19 19 19 19 19 19 19 19 19 19
0 0 0 0 0 0 0 0 0 0 0 0 0 0 0 0 0 0 0 0 0 0 0 0 0 0 0 0 0 0 0 0 0 0 0 0 0 0 0 0 0 0 0 0 19 46.5410002243 46.5410002243 19 19 19 19 19 19 62.6188684997 62.6188684997 62.6188684997 37.302998072 19 19 19 19 19 59.3666186461 52.6055146469 52.6055146469 19 19 19 19 19 19 19 19 19 19 19 19 19 19 19 19 19 19
0 0 0 0 0 0 0 0 0 0 0 0 0 0 0 0 0 0 0 0 0 0 0 0 0 0 0 0 0 0 0 0 0 0 0 0 0 0 0 0 0 0 0 0 19 46.5410002243 46.5410002243 43.4578391311 19 19 19 19 52.5900161835 62.6188684997 19 37.302998072 19 19 19 19 19 19 19 42.4572293009 59.3666186461 59.3666186461 19 19 19 19 19 19 19 19 19 19 19 19 19 19 19 19 19
0 0 0 0 0 0 0 0 0 0 0 0 0 0 0 0 0 0 0 0 0 0 0 0 0 0 0 0 0 0 0 0 0 0 0 0 0 0 0 0 0 0 0 0 19 43.4578391311 43.4578391311 43.4578391311 19 19 19 19 52.5900161835 19 19 19 19 19 19 19 19 19 19 59.3666186461 59.3666186461 54.4675275398 54.4675275398 19 19 19 19 19 19 19 19 19 19 19 19 19 19 19 19
0 0 0 0 0 0 0 0 0 0 0 0 0 0 0 0 0 0 0 0 0 0 0 0 0 0 0 0 0 0 0 0 0 0 0 0 0 0 0 0 0 0 0 0 0 19 19 33.8117248079 19 19 19 50.4752235237 19 52.5900161835 19 19 19 19 19 19 19 19 19 19 50.4346081393 50.5174683892 50.4346081393 19 19 19 19 19 19 19 19 19 19 19 19 19 19 19 19
0 0 0 0 0 0 0 0 0 0 0 0 0 0 0 0 0 0 0 0 0 0 0 0 0 0 0 0 0 0 0 0 0 0 0 0 0 0 0 0 0 0 0 0 0 19 33.8117248079 33.8117248079 33.8117248079 19 19 19 50.4752235237 19 19 19 19 19 19 19 19 19 19 19 50.4346081393 50.5174683892 50.5174683892 19 19 19 19 19 19 19 19 19 19 19 19 19 19 19 19
0 0 0 0 0 0 0 0 0 0 0 0 0 0 0 0 0 0 0 0 0 0 0 0 0 0 0 0 0 0 0 0 0 0 0 0 0 0 0 0 0 0 0 0 0 19 34.7313251541 48.0772140425 48.0772140425 19 19 19 19 19 19 19 19 19 19 19 19 19 19 19 50.5174683892 50.5174683892 46.9634971165 19 19 19 19 19 19 19 19 19 19 19 19 19 19 19 19
0 0 0 0 0 0 0 0 0 0 0 0 0 0 0 0 0 0 0 0 0 0 0 0 0 0 0 0 0 0 0 0 0 0 0 0 0 0 0 0 0 0 0 49.0233473424 41.8746315095 41.8746315095 34.7313251541 40.7783751455 40.7783751455 19 19 19 19 19 19 19 19 19 19 19 19 19 19 19 19 44.3674615077 44.3674615077 44.3674615077 19 19 19 19 19 19 19 19 19 19 19 19 19 19 19
0 0 0 0 0 0 0 0 0 0 0 0 0 0 0 0 0 0 0 0 0 0 0 0 0 0 0 0 0 0 0 0 0 0 0 0 0 0 0 0 0 49.7799919651 61.3331361187 44.5395591023 41.8746315095 41.8746315095 19 46.5922879669 46.5922879669 40.7783751455 19 19 19 19 19 19 19 19 19 19 19 19 19 19 19 37.3593740899 37.3593740899 19 19 19 19 19 19 19 19 19 19 19 19 19 19 19 19
0 0 0 0 0 0 0 0 0 0 0 0 0 0 0 0 0 0 0 0 0 0 0 0 0 0 0 0 0 0 0 0 0 0 0 0 0 0 0 37.9252888101 58.4284217325 58.4284217325 61.3331361187 44.5395591023 44.5395591023 41.8746315095 19 46.5922879669 46.5922879669 19 19 19 19 19 19 19 19 19 19 19 19 19 19 19 40.8184657314 37.3593740899 37.3593740899 19 19 19 19 19 19 19 19 19 19 19 19 19 19 19 19
0 0 0 0 0 0 0 0 0 0 0 0 0 0 0 0 0 0 0 0 0 0 0 0 0 0 0 0 0 0 0 0 0 0 0 0 0 0 47.7902347133 47.7902347133 58.4284217325 58.4284217325 61.3331361187 61.3331361187 44.5395591023 0 0 19 19 19 19 19 19 19 19 19 19 19 19 19 19 19 19 19 58.53632508 58.53632508 58.53632508 19 19 19 19 19 19 19 19 19 19 19 19 19 19 19 19
