Spatial_Output/BAU/BAU_0662.asc
NCOLS 155
NROWS 192
XLLCORNER 196307.867259
YLLCORNER 449144.565805
CELLSIZE 33.573938
NODATA_VALUE NaN
[rows 150 to 174 of 192, columns 57 to 113 of 155]
26.9865507521 27.5810837996 28.9229335155 28.7279536306 26.9754671175 27.2146657692 27.3894962017 26.0343066968 38.8177440734 48.7505703458 36.7420556016 27.3967954602 28.7202523678 25.6125123216 25.8265905483 27.1971614411 27.3506590811 28.503701358 28.2756348593 27.2138400439 25.2513683176 25.6081452138 28.6936061415 28.8528800961 26.0294057647 26.6110295453 27.5037480647 28.4892113989 28.0527895341 26.834705809 25.3612756479 26.3854557466 25.3563763083 25.280027307 25.1170050518 43.0037056836 53.9096842811 43.0037056836 25.8335957278 27.8649994556 27.8308006739 26.5251586624 27.1804031119 25.5799775468 26.6338270567 28.231835479 25.4875780778 27.3351223025 26.2501086969 29.1218159915 26.3601603825 25.6692384527 26.6638319412 27.0959027646 27.2649223023 28.114872738 27.8761371859
0 25.9759228841 27.7883414585 27.6077987902 27.4986780884 26.9129324109 26.3024721971 41.8529626784 36.5168899585 42.769634315 39.6645686196 27.8405163092 28.5028248937 29.0074325583 27.8213809576 26.7958275276 29.0206674501 27.3450354728 27.1495173778 25.8947577296 29.0347040515 25.6114957661 25.191348635 27.6085857365 26.2958032434 25.768957904 25.1269291834 25.5251851069 28.0736383725 25.5447922874 28.2437658751 25.8077978468 25.2738407051 28.7684866541 28.7617393446 43.0724424011 47.7815990727 47.7815990727 47.7815990727 27.6159373271 26.3878821709 25.8393392549 26.7541775 25.9370003047 27.8624453048 25.6124042842 26.3631133961 29.2139510554 25.5772338849 25.0493408295 26.2084492083 28.4357365438 26.8104901891 26.7744192589 28.3699353026 27.0207888972 29.0906272283
0 0 0 0 27.8753601894 27.9555068118 29.1417890709 28.2394263163 45.0443689343 34.8749857909 43.5999803361 26.4392478203 27.2360628476 27.7273696496 25.3335841527 27.9952679562 28.1208796342 27.8562344813 26.2999763338 28.6404741409 25.0440262689 26.4339802216 25.6046238736 26.1188782162 26.8212543259 26.0679067467 28.8880036989 26.1932323157 27.3265514013 25.7109843888 25.7517057963 26.3160314927 27.9808711432 25.5442421538 26.3678434503 27.6848062297 47.7815990727 47.7815990727 42.9276100738 26.8503975908 25.2187643622 27.3895376539 27.9898208246 25.0629857861 28.501607183 27.6451264295 27.8396504608 25.3651198291 28.6543965387 27.7841195925 25.3384417765 25.9096333272 28.0493729476 27.3354853498 25.9357194955 27.0110082668 27.7401212207
0 0 0 0 0 0 26.6841915914 29.2243558088 50.524542419 55.3652948648 55.3652948648 55.3652948648 26.9770068527 27.4062722136 26.263552945 25.1438128824 26.7229316723 28.884606789 29.1919107716 25.9550716574 25.6816010007 28.2442388797 25.2513109046 26.2184460174 25.9152851278 28.2057921235 25.8723333835 25.1880556019 28.9408568118 27.4889073245 27.4894620363 27.3672470336 28.8870663784 25.1910162416 28.9642638711 29.134477048 27.5404620549 53.5772956033 53.5772956033 53.5772956033 26.1976852878 26.8309031815 27.2372923117 28.327059879 25.033706042 25.404032052 28.321693032 25.1653793058 28.6909726084 26.6420218355 27.2145143499 28.5124106692 27.3044473211 26.5922799108 26.6225409026 27.3151852925 27.6097153454
0 0 0 0 0 0 0 0 55.3652948648 55.3652948648 55.3652948648 27.7125894301 26.3453833099 27.3314045262 0 0 28.2426919273 26.5342051921 28.4881066527 25.3984484414 26.6572812139 27.0902359028 27.124706897 27.865026474 25.9610235282 27.2596068637 25.9252229635 28.833331669 25.3056740087 26.3671492081 26.9089921117 25.0606173164 27.4495893859 25.2008969131 27.373801854 29.0896192158 28.6968907678 53.5772956033 53.5772956033 28.9507037044 28.1236965118 26.5543408644 27.2281905287 25.769932873 29.1290279557 25.2964452898 25.1777172852 27.7133260653 29.0209099069 26.9681912169 27.7517180959 29.1416646325 26.1408254033 25.8061976565 26.7963014199 27.2095162085 28.4594175487
0 0 0 0 0 0 0 0 0 72.1119938259 41.8118205232 42.875868919 41.8118205232 0 0 0 25.5543906203 28.5047084223 26.728879437 25.9904260082 26.5003191484 25.9605823796 26.4483805697 25.6400724304 27.0969345048 25.0865536909 28.5202627725 27.1158915393 28.6153173933 27.0275485112 27.1726596282 25.0001017357 27.7093759259 27.1391108124 26.177853767 25.1029354082 26.6813225002 25.9505740582 43.2387030453 63.2072830441 63.2072830441 25.8230043051 26.3263862741 27.0548300997 26.8035239483 28.8635124673 25.6297399926 26.1226120413 28.8016141051 26.4551069985 26.3463385421 27.5635237597 27.5516283527 26.3626873527 25.7020367045 28.1790365818 28.7700801443
0 0 0 0 0 0 0 0 0 47.1463193062 42.875868919 42.875868919 42.875868919 0 0 0 0 28.4400161521 26.5765853027 25.2811274841 26.1467290307 27.304930133 25.6877350987 26.3581325274 26.4598388848 26.7683601323 27.6113895661 27.8719389936 27.8773662624 25.2161849298 29.0601849033 28.6770713277 25.6032733144 26.6566780031 26.3983790069 26.2237434499 27.8682147499 25.2140776121 63.2072830441 63.2072830441 63.2072830441 64.2796583418 28.6434592185 29.1772953001 26.3316658614 28.651685757 28.2414811476 26.7169374632 25.9431720294 26.4323464747 29.0218304215 26.9884063103 28.2950288529 25.6528518941 26.9743762292 25.3936831525 27.2830710002
0 0 0 0 0 0 0 0 0 0 42.875868919 42.875868919 54.7162835791 54.8824471028 0 0 0 0 26.4412537354 26.2074798571 26.2563467643 27.6449193537 26.6534699559 27.5124758578 28.3140185665 26.8784435542 27.1233647155 25.0088723088 28.2546602614 27.2728889181 28.987222884 28.2243590942 26.1700534903 26.5439788521 25.062886247 28.9520108018 25.2049171802 29.091081353 28.1285989536 75.8203741129 44.8000257196 44.8000257196 28.8530261467 25.4884784227 26.5991061581 26.0483885308 27.3634036711 25.2479656747 28.8962971431 26.5898643514 27.6512548349 28.766330734 28.1333172666 28.3659188193 27.5153589332 29.1788975377 26.3162542859
0 0 0 0 0 0 0 0 0 0 57.2077462402 54.7162835791 54.7162835791 0 0 0 0 0 0 29.0265443691 26.5331259557 26.1042906437 28.2827665261 26.2941484688 26.8759323316 25.7629077109 27.8520396121 27.7925938601 27.5793488132 27.2586713447 25.4347866175 28.1842590889 25.8075512229 27.6455286087 26.5512631839 28.2702535914 25.8196097479 25.0564528479 27.0049856234 44.8000257196 44.8000257196 44.8000257196 27.5755695305 27.6690169345 27.6008145873 28.6393006079 25.531336127 26.7972395815 25.038662775 26.8600226629 27.2878229089 25.3679279105 25.0947942406 28.9356229821 28.6494159437 25.5058379935 26.3109538751
0 0 0 0 0 0 0 0 0 0 0 0 0 0 0 0 0 0 0 0 25.1620177997 26.9034969123 27.3924789474 28.4671068789 29.0603863635 27.1053912761 27.4474450785 27.3817272234 25.4629306783 28.3451732447 28.6908734546 27.915641866 26.6712465566 25.1804868465 27.5322545811 26.3937450468 25.2574408458 27.9958435951 27.0607040917 26.9324394541 38.8574287451 38.8574287451 82.3656228572 28.6412535284 26.4362909861 28.4851087579 28.6257795821 25.8899762847 26.3038359439 27.1663029971 25.736114569 26.4077235252 26.9708616538 26.7281849669 27.4113437189 27.5858552614 28.2594769115
0 0 0 0 0 0 0 0 0 0 0 0 0 0 0 0 0 0 0 0 0 0 0 0 27.5437810697 25.4605212148 28.1898543088 26.6982382388 28.7173045445 26.2232085983 26.1422124336 25.6613159751 26.0303215004 28.4325813526 27.818198869 27.9434896414 28.4827686757 27.0368480582 27.9383626695 25.17743253 38.8574287451 38.8574287451 54.2899753056 26.1418017787 25.4867335882 29.1338064615 28.473617023 26.5418509347 28.0654162776 28.4617521259 28.4125160959 28.6636606324 28.3968632441 26.5918948624 27.9977148356 25.0373379503 29.0864018749
0 0 0 0 0 0 0 0 0 0 0 0 0 0 0 0 0 0 0 0 0 0 0 0 0 0 0 0 28.455534668 25.0342941065 26.3481077577 26.9670419383 25.4854271222 26.7375609683 25.5588148544 25.8399570969 28.8695872762 27.5193281169 25.2960040967 27.7412647119 49.9316321141 54.2899753056 43.0059589369 27.640917107 25.9781155946 27.616486225 25.638721296 25.5039822767 28.3990002263 28.7020806891 26.6329401949 28.0295608046 26.0569311305 28.4479251581 27.221816448 25.6105236144 0
0 0 0 0 0 0 0 0 0 0 0 0 0 0 0 0 0 0 0 0 0 0 0 0 0 0 0 0 0 26.6919030522 25.4030952506 27.8447440386 26.3444306222 28.2363052548 27.0419432777 26.8452280632 29.0940135131 27.0114298569 28.6950823092 29.1620963121 44.3347017419 72.0896073818 72.0896073818 72.0896073818 28.5244601232 25.356135796 27.0645295925 26.065734245 28.6095102496 25.2127679797 27.507560559 25.7094038225 28.2691418662 28.178779217 27.1066013954 0 0
0 0 0 0 0 0 0 0 0 0 0 0 0 0 0 0 0 0 0 0 0 0 0 0 0 0 0 0 0 0 29.228311661 28.4725847263 26.7812374718 25.8750848706 27.2423012429 28.376842691 28.051717559 26.045422389 27.3940513363 26.2583308987 25.7889619322 72.0896073818 72.0896073818 54.3289594649 54.3289594649 25.6428855352 27.2188960031 26.142684699 28.5736761568 27.2119525665 26.1078489472 28.8443680194 26.8671106888 26.1403253928 28.7953344797 0 0
0 0 0 0 0 0 0 0 0 0 0 0 0 0 0 0 0 0 0 0 0 0 0 0 0 0 0 0 0 0 0 25.5813897179 27.1546354665 26.4646207445 25.1656059074 27.6453478292 27.9058291366 25.316406555 28.0968054802 28.3061326212 26.2419188988 27.5348695008 54.3289594649 54.3289594649 54.3289594649 29.1173412607 26.2902165258 28.3196828575 29.232930504 26.1898302323 27.8018130428 25.5945436633 27.720313323 28.8495155123 25.4548525272 0 0
0 0 0 0 0 0 0 0 0 0 0 0 0 0 0 0 0 0 0 0 0 0 0 0 0 0 0 0 0 0 0 0 0 26.4471274533 27.0224085176 28.5397970678 27.94643021 28.29233306 26.6004749137 28.3174553563 29.1673404572 26.0401251972 28.9943362076 54.3289594649 26.4405134903 26.3118248826 28.7935400787 25.3089561406 28.0709895011 25.4082819789 26.7655537376 26.9435616022 25.6899194629 28.0243806758 0 0 0
0 0 0 0 0 0 0 0 0 0 0 0 0 0 0 0 0 0 0 0 0 0 0 0 0 0 0 0 0 0 0 0 0 0 25.5313039155 28.1636645024 25.5078291195 27.3055048351 27.4953290493 25.9099910012 28.8751124696 25.3699581925 29.1603855623 57.701165432 52.342181634 52.342181634 27.1572487326 28.9325869306 25.3025450722 0 0 0 28.8439555021 25.6178188533 0 0 0
0 0 0 0 0 0 0 0 0 0 0 0 0 0 0 0 0 0 0 0 0 0 0 0 0 0 0 0 0 0 0 0 0 0 28.1832036218 26.7556973088 25.1441934326 26.2900770305 27.9662310806 25.7779499412 26.0072736216 27.7091296873 25.0231635147 48.6767358355 48.6767358355 52.342181634 27.499180497 26.6662903486 0 0 0 0 0 0 0 0 0
0 0 0 0 0 0 0 0 0 0 0 0 0 0 0 0 0 0 0 0 0 0 0 0 0 0 0 0 0 0 0 0 0 0 0 28.8405088211 27.0578232233 26.6784311295 26.7958047936 26.13888613 26.2452710671 27.5536903051 28.4271565523 48.6767358355 48.6767358355 48.6767358355 49.8487426888 0 0 0 0 0 0 0 0 0 0
0 0 0 0 0 0 0 0 0 0 0 0 0 0 0 0 0 0 0 0 0 0 0 0 0 0 0 0 0 0 0 0 0 0 0 0 28.1541518102 28.2900202428 25.713189926 27.4792324101 28.3626059502 27.2248460383 27.5962362013 26.801089438 53.9945956393 53.9945956393 48.6440026024 48.6440026024 0 0 0 0 0 0 0 0 0
0 0 0 0 0 0 0 0 0 0 0 0 0 0 0 0 0 0 0 0 0 0 0 0 0 0 0 0 0 0 0 0 0 0 0 0 0 27.9130707596 27.5793883102 28.5569478655 25.5096972478 29.0625003013 25.9204933107 25.7636745573 26.2547042694 38.542903803 36.3905907667 42.6081807061 0 0 0 0 0 0 0 0 0
0 0 0 0 0 0 0 0 0 0 0 0 0 0 0 0 0 0 0 0 0 0 0 0 0 0 0 0 0 0 0 0 0 0 0 0 0 0 26.8955803375 25.7541828226 26.4428330292 25.6233801148 28.6846678817 26.6973512105 25.7569883365 42.7542247642 35.9663410498 48.6685021599 53.1832185837 0 0 0 0 0 0 0 0
0 0 0 0 0 0 0 0 0 0 0 0 0 0 0 0 0 0 0 0 0 0 0 0 0 0 0 0 0 0 0 0 0 0 0 0 0 0 0 27.1462586115 27.7379216808 25.0405389341 27.6952393579 28.5997856835 27.3579142873 47.6903264205 42.8173212175 46.4190069076 19.3331991613 60.1844434132 0 0 0 0 0 0 0
0 0 0 0 0 0 0 0 0 0 0 0 0 0 0 0 0 0 0 0 0 0 0 0 0 0 0 0 0 0 0 0 0 0 0 0 0 0 0 28.9627774098 25.4137452993 25.2573694353 27.6363287041 27.0600540139 0 0 18.4353670953 46.6083822816 46.6083822816 51.2160711549 44.3286941832 0 0 0 0 0 0
0 0 0 0 0 0 0 0 0 0 0 0 0 0 0 0 0 0 0 0 0 0 0 0 0 0 0 0 0 0 0 0 0 0 0 0 0 0 0 0 25.4919031488 0 0 0 0 0 43.2470021843 46.6083822816 46.6083822816 51.2160711549 45.4264438775 0 0 0 0 0 0
