Spatial_Output/BAU/BAU_0181.asc
NCOLS 155
NROWS 192
XLLCORNER 196307.867259
YLLCORNER 449144.565805
CELLSIZE 33.573938
NODATA_VALUE NaN
[rows 75 to 99 of 192, columns 57 to 113 of 155]
46.5753056938 46.1320570544 46.0623552662 47.4059890369 46.3044827917 46.437552322 46.8947269441 46.4777084576 46.7458217789 46.232784124 46.8506309441 47.143039722 46.9885158088 47.0479838992 80.274867904 61.8666359864 66.2937478699 66.2937478699 46.3746430769 47.1722410667 46.994822519 46.9254968766 46.0901900044 46.1911026866 46.4252008555 46.6617957398 47.0474934785 47.2054948924 47.2577461774 47.076572569 46.6216476849 46.4807579298 47.3909300327 46.3733757069 46.984932209 46.3223377761 46.7853353187 46.6539098054 72.6411394568 72.6411394568 71.2086957857 46.8951432427 46.8002021223 47.261524919 46.8732858414 46.0803763099 46.9350859521 46.3901667496 46.4147652322 46.6662335122 46.4908236696 47.0465891625 47.3468173142 47.27682634 46.855324791 46.1893317101 47.3820995023
46.8798645443 47.4067555581 46.1550160044 46.1523788927 47.3186577197 47.243373537 46.2387889045 46.4891882068 46.9796350323 47.2620674753 47.0279604053 46.912076872 46.40374631 73.7184281746 72.0085639713 66.2937478699 66.2937478699 66.2937478699 47.3176752432 46.1394986938 47.001114271 46.0186816371 46.8511734258 46.7830273169 46.570631174 47.2748725358 46.2570665414 46.3342104565 46.2554806302 46.8717712403 46.9289652317 46.962889318 47.1169217221 46.9294062295 47.0057573296 46.7966952856 46.0464489844 64.4625232237 72.6411394568 72.6411394568 71.2086957857 46.1431397592 46.0094689607 46.0720012001 47.0082517907 46.5622116414 47.2725223438 47.2471473221 46.9574839237 46.0421388125 46.8126043868 46.1294179983 47.380169079 47.232205446 46.0515831732 46.9385079527 46.2301604107
95.2081864149 46.6558808664 46.9315688286 46.5124429249 46.638112485 46.0210148223 46.2405359197 46.7421490196 46.8828114337 46.9729637643 46.0553020858 74.8783566041 65.3927232387 65.1070957704 73.7184281746 46.0962479848 66.2937478699 76.187855319 46.6287704131 47.1557355183 47.4100552316 47.406094709 47.095515278 46.2221461167 47.1896490503 46.0026214783 46.9652931613 47.2358218164 46.0104916314 46.5352732282 47.1348748253 47.2384079421 47.414086535 46.4195366768 46.6056529204 46.547636178 46.1350226743 46.445320591 67.7369552584 46.230263283 71.013945668 46.3842232887 61.413558197 61.2860418105 61.2860418105 91.9246533034 91.9246533034 46.6381953103 46.8010462318 47.114286821 47.0613231926 46.8021734815 46.8817710542 47.1178871164 47.289319782 46.6607299603 66.1110034683
66.316068775 47.4052170902 46.3176306364 47.0084003908 46.9370931908 47.0334818119 47.1824993748 46.8270009532 46.6578254703 47.1628583499 46.5614031461 76.5526941691 69.2251049754 64.1153252661 73.7184281746 46.0612413177 76.187855319 76.187855319 46.4190637104 46.1858804383 46.9914092476 47.2601587616 47.2926224452 46.8154765687 46.5497854753 46.8096696372 46.0336039364 47.1226331181 47.0663850155 47.0615283161 46.1591293579 46.9445470388 46.7540615777 46.7208124502 46.4339443552 46.9867833732 47.1340520998 47.2427510693 47.0320943806 47.3570923503 46.1672740985 61.413558197 61.413558197 61.2860418105 91.9246533034 91.9246533034 91.9246533034 46.8516600525 46.4144004847 46.498477431 46.4048444235 46.4928532821 46.9927574722 46.4635588059 46.43873616 47.0179507854 66.1110034683
46.6749812669 46.9172190994 47.2659652975 46.4174950001 46.2602737062 47.4023249857 46.7324084566 47.3899948218 46.7541737421 47.012032629 47.1481439858 67.9221077071 71.9468878272 78.0150984895 46.8324297877 47.0269405254 46.3584292534 46.8079526344 47.2461299921 46.7922903126 47.2055778593 47.1539364292 46.9054732161 47.0830720075 47.3967989136 46.6640760163 47.327652055 47.3198825293 46.4390341076 47.3146601778 46.2487090278 46.3749337789 46.9705809109 46.6073337092 46.0884792348 47.2837702116 47.3448903299 46.2051806334 46.9136414571 46.8295534133 46.9771751835 46.5047539221 47.2126408809 47.0573512219 46.6042434805 46.5784021741 46.726976178 46.2159562153 46.5613896932 46.8851961579 46.4734392506 47.1836741583 46.1587266562 47.1250788933 47.2045129936 47.3618787107 66.1110034683
46.1008696724 46.4014318365 46.6680827214 47.1109491173 46.0688418915 46.8195071022 46.5780877141 46.9012205985 47.304056606 47.1061219157 46.6493562275 46.618349335 46.9286061309 46.1412555345 46.6102291953 47.4041831179 46.8460446563 46.863726812 46.9146518061 47.1633749286 47.0702318575 46.8575490711 46.3138749006 46.3544662226 46.3706413535 46.5381241783 47.0159999986 46.1751227252 47.3050702892 46.1088752417 46.0662133002 46.8940242646 47.4072017069 46.1558892503 46.9524413462 47.1311367118 47.3229539802 47.384034427 46.3919498241 46.2024099221 46.5542522909 46.1473480658 46.1577841252 46.3717332558 46.3794839898 47.3463845386 46.36041608 46.4160344329 46.8785222699 46.2283982788 46.2330021448 47.0164786725 46.7397370377 46.7243901263 47.4097309406 46.5920175036 46.8094450304
47.0587807898 47.3266144066 46.9870068581 47.1252437281 46.5431223863 46.6860116754 46.4784731621 47.3458543953 47.2181219008 46.7905467052 46.045938025 47.1619596149 46.0713134775 46.2601488536 47.0752805927 46.1071546799 46.2570658112 46.6860998701 47.3018823404 46.418898368 46.986469467 46.0759597698 46.090123101 46.8087557524 46.8816745772 46.3391656187 46.5122621591 46.6748525565 46.8460815097 46.9213899998 47.228650613 47.0722100532 46.9213283015 46.9230656478 47.070787681 46.4261839796 46.0567209039 46.887364016 46.8449441497 46.8116336759 47.3830789508 46.21065452 46.5485870657 46.5245030158 46.202207068 46.0799388758 47.0615709281 46.4691714471 46.7374158808 46.2433261438 46.2079611728 47.3553138614 47.273701371 46.9041582692 47.2297925366 47.1017014728 46.5628029135
46.2700178286 46.4431984323 47.3975858897 46.9526983055 46.6114517054 46.9873137357 46.992334776 47.3322570123 46.7314721901 46.1882228627 46.0329298189 46.200497916 46.6865582109 46.3496082036 46.8847145603 46.2635798348 47.334324046 47.1268636133 46.7517495314 56.7417614826 47.3088082537 46.986544396 46.3855417254 46.668250267 46.4507314797 47.3127596354 46.6422390211 47.1132388403 62.9270645092 46.1502366772 46.2335269278 46.6488575044 47.250083844 46.3117384613 46.5440449232 47.096357101 46.6715601904 47.3609550417 47.2182386701 46.054273405 46.6106407077 47.0785457583 47.3204334094 46.3445602351 47.3386905163 46.6200909548 46.7293472112 46.7909725869 46.6887391382 46.8992355554 46.8182034813 46.978584834 46.9729329597 46.0940738385 47.3717868147 46.9000403763 46.3724703999
46.9156344003 46.699944714 46.2834673275 47.3533660451 47.2781829336 46.4789857691 46.0967297537 46.336342451 46.1052202599 46.6668312249 47.1572452944 47.3018525837 46.1971222116 46.2002881435 47.1698342655 47.4082797684 46.2408654691 56.7417614826 56.7417614826 56.7417614826 52.76585295 46.2546497595 46.6831668361 46.565125945 46.6942593044 46.344155921 46.0152302019 46.6761957464 46.700687032 47.2245963858 46.9694932231 46.5097599407 46.2005491797 46.5286751164 47.2283775943 46.2027036628 47.2633613205 46.6124453051 46.2151346125 46.3008783942 46.7482078813 46.8866196128 47.372521445 47.2074351021 46.8802896957 46.5026506272 46.8282340605 46.6922860884 46.9005543417 46.9372169445 46.4877450559 46.0678847832 46.9584488957 46.8524482098 46.3798374507 47.0463706683 46.7279483021
46.645565532 46.3579466277 46.6345702946 46.7151303134 46.5228686166 46.27403853 47.4091727985 63.0179488639 63.0179488639 63.0179488639 46.1165562742 46.0449589991 46.9116108272 46.5814821467 46.376805748 46.8364082776 46.2712240237 47.0391704757 56.7417614826 56.7417614826 46.9336872135 46.4267585193 46.2312566368 47.1375234595 47.2182138993 46.3311884968 46.7501206818 46.3277479455 71.925757127 46.732626307 47.2740858351 47.3390273826 46.2637731056 46.8660276275 46.390385867 47.3958600084 46.7430933518 46.0526776093 47.3547083528 47.2559354995 46.3830958196 46.4072046749 46.9165263883 46.8543497353 46.5438812939 46.3995467594 46.8192200946 46.3357458481 47.0465641619 47.2952550871 46.5572067535 46.9045716344 47.1452059771 46.7158706989 47.1108232426 46.8778033839 46.9462347663
47.0019961329 47.2955882868 46.7141152428 46.5379829239 47.0972766329 46.5541038224 46.018309008 63.0179488639 63.0179488639 46.5859959873 46.66571974 46.0984947729 46.3259990406 47.1865023741 47.3395212453 46.7030988205 46.3480602533 46.4949449566 47.3146256211 52.76585295 46.7835554335 66.8092172135 47.3941204378 46.6006885331 47.2133144999 46.3909481802 46.5361245801 47.2616864926 47.1585527018 47.2151541531 73.133045906 46.0181185889 46.6296142055 46.3107105188 47.278772597 46.3771954575 46.1939742664 46.5845060985 46.7499480023 46.8280477262 46.9264842583 46.0269321808 46.2364876011 47.3897583742 47.3619029758 47.2942249866 47.1240668272 47.1331597548 47.1503478321 46.6430066472 46.0422228118 47.0350190178 47.2259790715 47.0793717962 47.1474550048 46.01953607 46.8436820999
46.177927028 46.3447821265 46.8683067622 47.1363096123 47.263277995 46.0580644175 47.2408112946 62.0437779539 46.5139047327 47.058240987 47.3273455199 46.0876363609 46.9231687876 46.8536180839 46.7507600953 46.2000747247 47.174483209 47.2907357405 69.9164497089 46.8031332723 46.1686488052 46.5407785788 46.3978540877 46.9723011872 46.0859483891 46.8311887346 46.416894967 47.1102586857 46.2722657156 59.0651195251 59.0651195251 46.3128260231 46.3234761261 47.1914309812 46.0229393707 46.111358892 46.3458154995 46.5168621859 47.0440661436 46.1470845829 46.3316398961 46.71414199 46.3212316597 47.2141705968 47.2481578778 47.1244156945 46.7793434885 46.9592505905 46.9821167655 46.2740309776 46.0146877966 47.2943696758 46.2992099443 47.2842826366 46.42094313 46.1905538672 46.2619722513
47.0497858258 47.0289739046 47.3214165642 47.007577439 46.7687505898 46.2526400205 46.7012248077 46.831835225 47.2983863813 46.1041144615 46.5986051917 46.0612469146 46.3504991507 47.2857953834 47.2707267177 46.4599027094 46.3802850982 46.0643819306 47.0998178003 46.8331867457 46.2274798047 71.0773140985 46.1291818651 46.6828069066 46.0493551048 46.4079716428 46.4713144913 46.2424265444 71.7449663416 59.0651195251 59.0651195251 46.7962571811 46.129761423 46.1439344599 46.1377706715 46.6534455658 46.3765542561 46.4324799757 47.1774003704 46.0552143471 46.3832746557 47.2134339588 46.3158759438 46.2858329929 47.4066755521 47.2532072778 47.1585638828 47.0980139039 46.2530861305 46.7589186724 46.8283520937 46.9430803156 46.3092481389 47.1723554672 63.7580094738 62.8090974551 71.7683800985
47.262757007 46.2484383836 47.0261995475 46.2379383139 46.9596647252 46.925071944 46.7595933822 59.0677698265 59.0677698265 46.6548416783 46.3309280692 46.0381117846 46.1376939406 46.4084193399 47.2574106662 46.2830981213 46.1080952944 46.2440228884 46.4277692755 47.3625655493 71.0773140985 46.3047040971 47.1328214291 46.3920011273 46.213686882 46.2761963066 47.0693072484 46.6421744422 47.2501026013 46.8831647116 47.102826662 46.4163122901 47.0146899409 46.7474527737 46.8337337291 47.2249535012 46.0517316616 46.7546421762 46.8320190799 46.2925139359 47.196990901 46.6098917983 46.2033472759 46.9416781417 46.0031717586 47.3465788953 46.1523006951 46.9021480505 47.2317390968 47.1365525431 46.3638888249 46.2950996704 46.5512533286 46.6904922803 63.7580094738 63.7580094738 71.7683800985
46.3394666449 46.9754445689 46.477430879 46.8244618121 46.7636081759 46.439674266 46.3184591271 59.0677698265 59.0677698265 46.425394085 46.1382050197 46.2665227936 46.2358122585 46.0872063283 46.9578276737 46.1512508892 46.1986860608 47.0251505569 47.0499571712 46.1179413369 46.3675302873 46.6167310591 82.3431302004 46.2762776394 47.0900895584 46.9637490999 46.5315277561 53.3697065662 46.4006995028 47.3287366199 46.0241941957 46.9737813124 46.0115150119 46.8672134219 46.1564690748 47.1568185827 46.5024202967 47.1337604038 46.4440403234 46.8025947576 46.9526055179 47.0221315778 46.8914607121 46.1488420859 46.4131209846 46.1614236108 47.3623055126 47.1111935708 47.0635947735 46.434528393 47.0284932867 47.3147727841 47.2011090311 46.1101680511 63.7580094738 62.8090974551 46.698922507
46.9722909628 47.3085948446 47.1172060456 46.1016396874 47.3763914411 46.5855841312 46.7316867445 81.0937854234 59.0677698265 81.0937854234 46.7345386263 46.7520820683 46.9766795579 46.4900081023 46.8674531295 46.3700568263 47.3614740859 46.6768056651 46.6217480065 46.7155129513 46.1025686172 46.9960753239 82.3431302004 82.3431302004 46.3675545432 53.2477575519 46.7294779671 46.936436604 46.3617557927 46.6739835477 47.1894797952 46.0689188792 46.7733169873 46.7726302632 46.96565258 46.2421976295 46.6295479412 46.328701235 46.7685860852 46.3963752475 47.3173724829 46.5467389166 46.0189492388 47.0570536791 46.5730473132 46.7480770731 46.7419880899 47.4103676984 46.9100259888 47.3546531504 47.1121150954 46.3063489477 46.0856017539 46.8950885554 46.5983613114 46.6964378613 47.2614254673
46.9065525193 46.4209824735 46.2942276677 46.3162392998 47.3375283845 46.9599751685 46.2607929045 47.3379895258 81.0937854234 46.9788995908 46.5874304012 46.281393622 46.693112577 46.7728325809 46.5921543897 46.0840901765 46.9967838741 46.9567347623 46.655211941 46.1442618221 46.0966142763 46.8843459749 82.3431302004 46.0664847521 53.2477575519 46.8408616586 47.1302989407 47.0666537862 46.6791678134 46.049155712 60.9505695849 47.3240296265 60.9505695849 46.6083036058 46.0056763384 47.0326903124 46.2726730363 46.9620161034 46.1085690592 46.716300443 47.2145067505 46.5249333113 46.7702466034 47.1965049787 47.409308956 46.6180210137 46.5864468779 47.3035474737 47.355898701 46.7283585988 47.1482667846 46.6253945883 46.9354382016 46.1094194886 46.4845983547 46.2425553471 46.3013654142
46.9748074373 47.1120159347 46.7341470075 47.28817484 47.3796080912 47.0172760388 46.6663463807 46.6257881338 46.6147612105 46.0620331937 46.632835119 46.796037227 46.2957459246 46.3150308044 47.2908262472 47.0372420411 46.6414070574 46.0011182531 46.1913548035 46.0979350298 46.1302707003 46.8135188325 46.1039562906 47.3916005068 47.1840002975 46.5118312013 47.0059797172 46.9214321243 47.3051568151 46.1889306884 60.9505695849 46.9725586306 46.8853052555 46.0109709365 46.0356585396 46.3124330681 46.524928168 47.098909056 47.2865448114 47.0946450773 46.4724860779 47.1081523194 47.2758170523 46.7059393561 47.121594604 46.7744804275 47.1150320377 46.4313894631 46.0729893141 47.2660256771 46.2386255756 46.8640681526 46.7286755612 46.0255044559 46.300967227 46.2757247397 46.6385191825
47.311382765 47.2113317217 46.4145120031 46.5508769342 47.1310991056 46.8767657312 46.6498543687 75.4803741014 47.0085186874 46.0690704671 46.4395718774 46.2491564608 47.0909542831 46.7596145346 47.2793690412 46.7183816643 46.0260859308 46.0469432409 46.4446881397 46.4764644427 46.5592979492 61.1757484362 47.0631384634 46.7943436261 46.6795903195 47.2506607454 47.0041060459 46.7685184637 46.9979305752 46.1412448798 46.4313597169 73.0699916129 47.2246376241 46.805798424 46.9086513592 46.3172224292 47.2013434237 46.5408874292 46.0198468221 46.5670595758 46.9356223932 46.8073712238 47.3917756386 46.3541736149 47.1877274681 63.133078438 63.133078438 63.133078438 46.2038331407 46.7618756456 46.6980698893 47.2965161822 46.8159881451 46.9967746481 47.1424869856 46.2687754646 46.822938794
46.7763996607 47.3194529486 47.0995112233 47.2425213162 46.2039798182 46.5046746944 46.3283650402 46.4921648948 46.5524305855 71.0513388013 47.2778397363 46.2301006343 46.9578454546 46.4950712648 46.6156593848 46.2645420466 47.0463133159 46.4689545055 46.9900523117 46.5486588741 60.9419332592 46.0270827469 46.3420802983 46.5645745097 46.9750289277 46.5934506415 46.6588694263 46.4846894186 46.9376048973 47.3960122778 46.9366434215 73.5424817665 73.5424817665 73.5424817665 46.6275043575 46.7491810928 47.2305432779 47.1220628575 46.3854579233 47.2794896028 46.4618656779 47.3224750106 47.4117656749 46.8753808637 46.3461005619 46.8423534092 63.133078438 63.133078438 46.4330092577 46.0685665331 74.4244258333 73.0011196514 46.9192868144 46.6036500509 84.6817915631 46.4551414877 64.0940054957
46.9651576249 46.9245078009 46.2814424539 47.2262862871 47.0980935824 46.5230695068 46.444129306 47.3239639639 46.6068601901 46.2562459312 46.3006781669 46.6292715063 46.7576624904 47.4137912606 46.2992767451 46.618960136 46.6537385185 46.2798633515 46.12682966 60.9419332592 70.710141802 60.9419332592 47.3174311552 46.5293253019 46.9621597786 47.1686103664 46.6035221408 46.699134613 47.1765912665 46.2494373271 75.0551309036 73.5424817665 73.5424817665 61.076309152 46.4407340956 46.7684549365 46.5487046314 47.3786963837 47.3361392946 46.0039883599 46.7526124743 46.1037892569 88.0001747625 46.4564810585 62.4372429642 72.3803299016 72.3803299016 65.3583031612 46.9588449633 47.011732967 74.4244258333 74.4244258333 46.49851994 47.361661692 84.6817915631 84.6817915631 65.4022183364
47.3735588993 47.0889553004 47.0284542165 46.7690641315 47.3303395566 46.4217073059 46.6376129763 57.2940914702 57.2940914702 46.6858447742 46.8249600371 75.2278196309 46.7816355458 47.409315065 69.5807585781 69.4187968374 46.1317538758 46.7003996065 47.221808188 70.710141802 70.710141802 70.710141802 46.1959454573 46.6072886137 46.467531743 47.3321112703 46.3636630123 47.0167439327 47.0107286715 47.0809680884 70.6782339136 81.1017407124 74.0361915829 94.701892978 68.9170827431 68.9170827431 68.1176357811 68.1176357811 47.1576061326 46.6421745871 46.7822767933 88.0001747625 88.0001747625 88.0001747625 62.4372429642 62.4372429642 62.4372429642 72.3803299016 67.7331382532 46.821802719 74.4244258333 74.4244258333 73.0011196514 46.0493779924 84.6817915631 84.6817915631 65.4022183364
46.8413636185 46.1576964472 46.3541153459 46.0870597777 46.6817866038 46.3190214556 47.0837571448 57.2940914702 57.2940914702 57.2940914702 47.342459726 75.2278196309 75.2278196309 46.3162715355 69.5807585781 69.5807585781 46.6157287298 47.0359397168 46.9671007561 54.9373984602 70.710141802 46.6709689632 46.8918031493 46.7217672972 47.226154505 46.9485434024 46.8290418609 46.1065822802 46.3039167249 46.5430964137 70.6782339136 81.1017407124 94.701892978 94.701892978 68.9170827431 68.9170827431 68.1176357811 68.1176357811 46.7386874371 47.2381064362 46.7012818663 47.148817074 88.0001747625 46.8769232322 62.4372429642 62.4372429642 72.3803299016 67.7331382532 47.227920262 47.3480550565 74.4244258333 72.0205350035 47.1067633546 47.1351132014 46.166595663 46.2897010864 46.0351862828
47.2887736878 46.6142538663 46.310597878 46.4242816388 46.3276141795 47.1712304017 46.4327783047 46.6573080789 46.9222058199 46.4532509841 47.2978879789 75.2278196309 75.2278196309 46.7408840491 69.5807585781 47.146251735 46.1709646251 47.2904972232 54.9373984602 54.9373984602 47.2787243721 47.1334119018 46.4737886393 46.0139885958 47.360464954 46.9437486881 47.1824312031 46.2323143088 46.1195193071 46.1912329188 70.6782339136 81.1017407124 74.0361915829 56.213450644 46.7026739268 68.9170827431 46.0216463846 46.2805787627 46.9080163373 47.0393584278 46.4094734791 46.6104040697 47.397664834 46.1431405857 46.8135640302 46.4211856851 77.5676832477 77.5676832477 77.5676832477 46.0389425722 46.7320866983 46.0800623328 46.8682433187 46.9943756162 47.0069776617 46.3264547392 46.9042621491
46.4977140923 46.0138876364 46.9473997974 46.9225788693 46.0993315789 47.0955688505 46.3280302625 47.2987193415 46.1455525701 46.9606848181 46.9040745471 75.2278196309 46.9438676268 46.1882098773 69.5807585781 69.4187968374 46.7754797606 46.2986705744 46.1823351759 54.9373984602 77.4662858546 47.0287497439 46.2731359177 47.3988270848 47.0735775057 46.521726273 46.559815783 46.767731095 46.2357868922 47.1592404618 47.0398761187 46.5158362197 56.213450644 46.1321862889 47.1433137681 46.9717693759 46.2815022038 47.3021825485 46.8537038478 46.2190068154 47.1417694934 47.2757803865 46.3770928259 46.2061754689 46.5045950766 46.5550742267 77.5676832477 77.5676832477 47.3442381577 46.9267224154 46.9791431324 47.1046838179 46.4561985566 46.4997771283 46.9314399101 46.5433374664 46.0290235203
