Spatial_Output/BAU/BAU_1428.asc
NCOLS 155
NROWS 192
XLLCORNER 196307.867259
YLLCORNER 449144.565805
CELLSIZE 33.573938
NODATA_VALUE NaN
[rows 75 to 99 of 192, columns 56 to 111 of 155]
32.5343144126 33.0031739745 32.5813594105 32.8246834474 33.0699130152 32.6138083201 33.1217799809 32.8090721977 32.7360613555 32.8417307198 32.6694786864 32.5160600756 32.7549987778 33.035926218 32.7749989349 32.6901014627 33.1344239692 32.6229164101 32.7667712422 32.6188918684 32.8693618785 32.7806643271 32.7222270857 33.1504457922 32.8858430178 51.4506761242 33.131346221 64.6402348316 32.9617924966 33.0374448568 80.2604974573 32.8770426097 33.0347042206 32.5274059457 33.1627285288 33.0686894364 32.9690357538 33.0742900729 65.0583359723 65.0583359723 83.9348011348 83.9348011348 32.5113431014 33.0978881448 32.5318309095 63.0210136834 63.0210136834 32.8532737305 32.6283343564 32.6917257959 32.5783361404 33.0047200708 33.1928971025 32.76194952 32.9297202754 32.8136295062
32.9240645906 33.0289338978 32.7714066565 32.6899283251 33.0379872803 33.1436041514 32.5226420099 32.6839732915 32.5548488804 32.5602281769 32.9240864908 32.7330092432 32.8251300856 32.9540883276 32.7206702331 58.396838784 32.5303724729 33.1273043351 33.1358188133 33.0132026454 33.0629473671 33.09431135 33.1912859542 32.5414109859 32.5460714594 33.0509263564 33.1285199726 33.1719224304 32.8268875414 32.7806548929 32.5982079209 32.7797002682 32.5748299565 33.1164787502 32.8961836266 32.5994223814 32.5251981791 33.0179121407 32.8146460493 32.5085575251 83.9348011348 83.9348011348 65.0112946693 64.2972580232 32.8039111255 33.0775679993 32.5873859144 32.9976196291 33.0530807877 33.1340941084 32.9539117669 32.6514342997 32.6322335471 32.6335386099 32.8176954012 32.7070527105
32.9078411466 32.5468243327 32.8627996238 32.9547443123 32.57362874 32.9870983699 33.0869648519 33.200495343 33.1978298633 33.0419109545 32.6464410854 32.7602136787 47.957983111 51.3525700517 43.3957890526 33.1540434801 58.4707135529 32.6029968749 33.1623954645 32.8123942338 32.9780158237 32.8867620734 32.5097128928 33.1588821167 33.1849478878 32.8366651104 33.0329381275 32.9481117648 33.1524905369 32.7989309249 32.5074239664 32.8111190042 32.9632050114 32.8087339588 32.6032709694 33.0065329697 32.8251042857 32.6663030151 32.6964709206 32.8086321377 83.9348011348 32.5156631524 64.2972580232 64.2972580232 32.5929830237 32.9461611244 32.9147110103 32.5658460164 32.5600169985 33.1681021917 33.1702923808 32.6569724514 33.204910506 32.9717043445 32.5291066445 56.7018624394
32.7642684842 32.5795143984 33.0064662839 32.6295903987 33.0479163224 32.9164699113 33.0841370863 33.1425715314 32.8459175698 33.1002064913 32.8889674245 33.1828837178 49.7495008819 43.0152365418 47.0535019699 32.9670083769 32.5473868543 32.8596499422 32.7467339826 33.1800092777 33.202364779 32.9335995675 32.6541491487 32.5484350438 32.9515572451 32.8947285494 33.0520844101 32.9030287887 32.6271946318 32.7735738152 32.714580017 32.7301332776 32.5185266697 32.8037177666 33.135880989 33.1848792139 33.1209172429 32.8380323224 32.6927549259 32.5506005881 33.0758784165 32.6718787657 64.2972580232 32.554179095 32.7214701746 32.737755925 32.5175153766 33.0637566833 32.8161095781 32.9473140628 33.0823060215 32.6100571875 45.2182067189 33.1838711016 32.6017654453 56.7018624394
33.1468997412 33.1062415239 32.6849003246 32.8560847526 32.9206738517 32.8687895949 32.620253945 32.8921588913 32.8194100303 32.9536841533 32.8810656568 33.1839847052 46.9656334267 42.5199221917 41.2421754995 32.940505362 32.5022332019 33.1736263962 32.9594402226 33.099919838 32.5151417059 32.8248128602 32.8976047492 32.5336801968 33.1759440617 33.1804970613 32.9800236472 32.5101968401 33.1637757995 32.632792882 33.1203277205 32.8460988861 33.0635906186 32.7638531938 32.7521231093 32.895049956 33.0439996636 32.6880354953 32.9096696083 32.7889324514 32.6510904591 33.1539621363 32.6604091898 32.5405981537 32.807658953 33.1198150981 64.6210878647 32.8777023557 32.9009604331 33.0226626988 32.6419346869 45.2182067189 45.2182067189 33.1679501094 32.8846690351 56.7018624394
33.0455265824 33.0601214641 32.5011312604 32.7328669328 33.0579681315 32.7279059368 33.1430521556 33.1573469216 32.6261356354 32.7768177745 33.16704464 32.5713376661 33.018757063 32.8845165421 32.5650535012 32.6433254995 32.7038240159 33.0777212642 32.8960551534 32.8833166986 32.693888358 32.872881778 32.8978343272 32.9536148668 33.0317298836 33.204763356 32.6977774099 33.080137335 33.1538566252 32.6743142938 32.7783431722 33.0162748296 32.6209978149 32.9725546863 32.5418919976 33.0361613551 32.8059540031 32.9181877088 32.8221668778 32.8369273333 33.1157853862 33.0922523709 32.7640612921 32.6947558913 32.7340949018 33.0770556113 32.6474011162 32.6660242012 32.835731452 33.1206660179 32.5641469425 33.1746177321 45.2182067189 32.7711695031 32.8995086367 33.1025500179
33.1396420315 32.7215372355 32.7718255515 32.8613512928 32.6984877294 33.1459146961 32.9071682972 32.9601758302 32.7397565223 32.7490152033 32.561654305 32.5478338316 32.7359578872 32.8335608884 32.7819795126 32.9905775942 32.5864203716 33.1326296788 32.7638509849 61.2073381665 61.2073381665 33.1851836732 33.1859779533 32.7782768097 33.1641902483 33.1452520027 32.6939191428 32.943907903 32.839850261 32.8663815589 32.6767416939 32.7478695642 33.098052438 32.884942833 33.0202717416 33.1529407411 32.9282009282 32.5138000673 33.1265340784 32.6040202628 33.1643496877 33.1919050244 32.7745652963 33.0059687189 33.0275478585 33.1486327201 32.5610341519 32.7128272665 32.7266353626 32.8801110594 32.6225337051 33.1710132009 32.7700446078 32.8551015852 32.9505626662 33.0998316361
32.6378915977 32.7127446507 33.1464221657 33.185047394 32.991282496 33.0615735127 33.0004258353 32.5201768098 33.100742167 32.6701448635 32.5329148578 33.0662367241 33.1463006918 32.9136204357 32.7599781873 33.1867093628 32.7087875225 32.5278316876 61.2073381665 61.2073381665 61.2073381665 32.613867842 32.8255580082 32.7489462343 32.9054732085 33.0739009717 33.1328424531 33.0166251733 33.1274107704 32.5921456365 33.0124679997 32.5093055702 32.5695827177 32.7470439394 32.5250472754 33.0234663233 32.7080069548 32.5975833999 33.1921313802 32.539240248 32.855863343 32.7254476763 32.7604931161 33.1544084124 32.9072381329 32.5560935874 33.0151501342 32.7053473272 32.9728509886 33.1101259995 33.139741258 32.5036905061 32.82908479 33.0789823395 32.9350769225 32.6520873524
32.7751400644 32.5043245327 32.7658370591 33.1517887887 32.7867749412 32.6485187733 32.7286271984 33.1225059341 32.7085951859 32.6188749827 32.564227535 32.8828503256 32.6713388276 32.6682615202 33.1129344034 32.8196185396 33.0107885829 32.9364870064 33.1769074358 61.2073381665 32.5087880843 32.7312298209 32.5064759841 33.0898609855 33.1827722509 32.6585533019 33.1017649234 33.1770755221 32.637264705 32.525843994 33.0954023754 32.7527709184 32.8236783909 32.5405692507 33.1379374183 33.1937992988 32.8851721841 33.178505321 32.6987147847 33.1769650237 33.0590813729 33.0398466623 33.0328953889 33.0395409261 33.0596407101 32.5572408593 33.1672521498 32.7553640707 32.6148306489 32.5071558882 32.9491919077 32.7779874772 32.7208813413 33.0248194801 32.7628442353 32.6551535683
32.9098607563 32.9035668236 32.9937357828 33.1340641018 32.925809479 32.8880230321 32.6050479735 32.7643388686 32.5724286999 32.5119179635 33.0830312476 32.7670001337 33.0453517718 32.5036862732 33.1022268477 32.6472053185 33.1645436829 33.1511228597 32.9027430325 54.1159413993 54.1159413993 54.1159413993 32.531621786 32.7364221836 32.8162686494 32.7051657887 32.9245598245 32.5060622987 32.5861614893 32.8476471022 32.8054118907 32.7306626667 32.9952708933 33.1966851203 33.1173334855 32.5234180147 32.7826463995 32.6861331896 33.1052396132 32.6201873458 32.729913919 33.1513796643 32.5559504339 32.9037720544 32.960123073 32.9832116232 33.1179755903 32.8491129915 32.7693280911 33.1118284129 33.1661535407 32.826099464 32.7568194799 32.9989042212 32.5820509078 32.6501336061
32.5917875139 32.6571270065 32.7363427801 32.873440073 32.5915105628 32.9311801887 33.016715157 32.8683359274 32.7981869172 32.6546441074 32.8434262243 32.812282986 33.1823958747 33.0962925131 32.5204069115 32.6089452332 32.5837172327 33.1797078168 33.0913531175 54.1159413993 54.1159413993 69.5390462153 32.6794597161 32.8793779195 32.7764612047 32.7075463488 32.7089965461 33.0699021407 33.0421683769 32.8225048684 33.1116185281 32.7999360467 33.0941306909 32.928050647 32.5946639584 32.7882173279 32.7466121869 32.9366446998 32.9836454334 32.6260694538 32.7617594506 33.1113383514 32.5370536033 32.5976651738 32.5036101341 32.7658158642 32.5441025684 32.887587789 32.608956102 32.704681307 32.6877008165 32.8133343531 33.0525986367 32.692089189 32.6481492148 33.1845291696
32.6140076874 32.7439173461 32.5454172645 32.6792009008 32.544437312 32.680616381 33.0605831021 33.1955118554 32.8797497384 32.5097457229 33.0457472233 32.869378841 32.6289551972 32.6053149919 33.0069639689 33.0124440851 32.603781075 32.9037411613 32.9625011862 33.1122610395 69.5390462153 69.5390462153 69.5390462153 33.1063397286 32.6844110461 32.9361226902 32.6825568024 32.5874357419 32.6184989018 32.5627930835 32.993221878 33.0733855269 33.0739045607 32.643662368 33.0765778788 32.6683862068 33.0060159359 32.5241486764 32.8130786817 32.576574421 32.8015439687 32.7180750456 32.9574633508 32.7435404583 32.5748065148 33.1195364159 33.1039425501 33.1427889125 32.9655363267 32.6094604368 32.5441996387 33.0991028931 32.8955617604 33.0719511398 32.7291980199 32.9151847744
32.9321165406 33.08763461 32.7735057765 32.8297123531 32.767770434 33.0898736602 32.7905562582 32.6426221842 32.6531699573 33.2052378524 33.0940892271 33.1081490834 32.8136953614 32.613386011 32.7558975729 33.0931127667 33.1837359055 33.1669396234 33.0512882503 32.9737609912 45.9690578196 69.5390462153 45.9690578196 45.9690578196 33.0302715507 33.0447599728 33.0040660094 32.5676063688 32.9450399486 33.1147774999 32.7589349337 32.8586202996 32.6651664466 33.1750583612 32.8678439076 32.6063326015 32.5403119849 32.8696863135 33.0664600645 32.8218684462 32.7819265019 32.857761082 32.9402561271 32.8614825808 32.5892662517 32.7024583217 32.5054999504 32.7413987146 32.8467582987 32.9981149013 33.1563391364 32.9553429417 32.8034907277 32.7095170109 33.1587651565 32.9049382982
32.6744143859 32.7948106356 32.535032003 32.8033594067 33.0356466525 33.0559006904 32.6739424848 33.0217673431 32.7095927385 32.5550256528 32.6319415125 33.2023505974 33.0243021024 32.672372815 32.6875802385 32.9366375369 32.9344466273 32.712534462 33.1238594078 32.6512659442 32.9839434733 77.3963274635 77.3963274635 32.6811607102 32.7594480352 32.9634277373 55.1198469346 32.6213272358 32.8309462811 33.0277580859 33.0626095041 32.5027419321 32.7530146175 32.6970662658 32.7173791319 32.6138144183 33.0988271546 32.8423486526 32.9680306946 32.9806311381 32.5842806946 32.9555561704 32.8689318735 32.7229417653 33.1218782058 32.8018009311 33.1946089785 32.9792587763 32.8355033497 33.113412411 32.6593360154 32.6514769522 32.8402709125 32.5759670964 32.8876907479 32.9407448014
32.658967982 32.5959092688 32.6711674401 32.5040858453 32.515075427 33.0869216049 32.9595371391 33.0644402394 32.8684960934 33.1851788888 32.690042086 32.9551174218 32.6323625568 32.8236353516 32.5858152885 33.1191669047 32.7548864043 32.8465480114 32.6210837627 32.9338640503 32.558566855 77.3963274635 77.3963274635 33.1847412238 32.7534149456 60.2311208037 54.8748497614 54.8748497614 32.5659987906 32.7169078962 33.1382456987 33.1906752995 33.155167658 33.0441961907 33.2043620179 32.6082196937 32.6410952893 33.0197072536 33.1422973407 33.0624326491 32.6689567713 32.836956908 32.5703206585 32.8688336311 33.0314568063 32.8401377052 33.1847738746 32.552680598 32.9495170422 33.1506216419 32.7500607382 32.6215311355 33.0555333508 32.7816592684 32.9742504249 32.8339352719
32.9563767618 33.0211240742 33.1385722754 32.5092759035 32.5957802814 32.8199464807 32.6828390345 32.8420046012 32.6729536533 32.7708168391 33.1779652495 32.5451739814 33.1961921246 32.5501142641 32.9027281554 32.9384438169 33.1399241089 32.8893686628 32.5321612151 32.9389735896 57.6306584122 32.625473252 57.6306584122 63.2127765605 80.1966367567 70.3176489108 54.8748497614 54.8748497614 33.0790404168 32.9357069504 33.1396540022 32.5898405448 33.0058780007 33.0441509034 33.1864108561 33.0028849129 32.8687269289 32.9877362629 33.0087200565 32.6390851152 32.517316082 32.9647176267 32.8409986449 32.6943134745 32.546184404 33.1195734666 32.6174459093 32.9234070316 33.1783386408 32.9987266345 32.6484757444 32.6441410094 33.0550762234 33.1592958808 33.1150732583 33.0788532112
33.1923440554 33.1744337602 32.7861471512 33.1394961224 33.0413506548 33.1416196787 32.5688093909 32.5578437 32.9675982125 32.6551201644 32.7241565158 32.9139670232 33.1745567015 32.8258168931 33.0509498386 33.1317842929 32.8367124729 32.6322008268 33.0515082305 32.6937366538 62.8883476186 62.8883476186 62.8883476186 32.6510155038 32.8459683877 80.1966367567 70.3176489108 54.8748497614 32.9802719983 32.6430789779 32.8386592693 33.0350298027 33.1900258842 33.0415609892 33.1195092878 32.5886817971 32.896249972 33.0443691178 32.8003271469 32.7686041853 32.9477189317 32.8326542713 32.6994275347 32.8918147261 33.0143867746 32.7348468312 33.1092548681 33.1520945463 32.5131765467 33.0337882724 32.9070447151 32.9445582002 33.141766238 32.7863676436 32.6600673149 32.6709507229
33.0664391372 33.1390293286 32.7635935078 33.1212144251 33.163459578 32.7699046242 33.0537600437 32.6176166903 32.5112023335 32.6139531877 32.5026626467 33.0759481542 32.7607488076 32.9465086439 32.6664889392 32.9139934119 32.6263670775 33.0578062851 32.6051312457 32.8786842271 53.364686963 53.5732129139 62.8883476186 33.0387543003 33.160897667 32.5040416633 32.7901081316 32.749450557 33.0093801529 32.8955940285 32.8697124839 32.9449315008 33.0812942601 32.6929593936 32.7447596425 32.9658797547 32.6324833685 32.9811783099 33.0555041021 33.1874569215 32.7600552102 32.9165321276 32.761537513 32.6395869216 32.8738535901 32.7209271548 32.633208779 32.5749389186 33.1804895883 33.0573887863 32.7490002202 32.6471190769 32.6502282051 33.1715537909 33.1391386197 33.2002497914
32.9140248234 32.7281551735 32.8894299392 33.0568502189 32.6141828533 32.9138481509 32.7725490303 33.198987422 32.8881344048 32.7456074237 32.8965380442 33.0243487771 33.0151227109 32.7377155741 32.7378899232 33.1506764204 32.5631346065 33.0571678376 33.065681487 32.8299461415 53.5732129139 53.5732129139 33.2031785983 32.8522352714 32.6547553373 33.0954077508 33.17071408 32.6036937967 33.2006403246 32.7396269877 32.7751249982 33.0657336373 32.9079153553 32.6557967112 32.7626724366 32.5438014422 32.9201181166 32.6569593065 32.9293374408 32.8506661217 32.7789238598 32.6293077847 32.8032056514 33.0818801201 33.0779757903 33.1416531557 32.7097329216 33.1113422325 33.0860558494 32.9126720371 32.6148054428 33.0418632633 33.0743096713 32.7146669579 32.6992046289 32.682471417
33.1071438199 32.8581127004 32.5313199018 32.5466108731 33.0201103477 32.5761415277 32.6877639069 32.970346802 33.0882535766 32.5999332387 32.6290490479 32.5719869959 32.7170418481 33.2037837773 32.8402600946 32.9159554594 33.0547268901 32.9727675067 32.7131639068 32.8165707759 53.5732129139 53.5732129139 53.5732129139 33.0435824523 32.9493328979 33.0679848832 33.1798699029 32.5450871957 32.7626176535 32.6377816587 33.1983690487 32.5573351043 32.8548727458 32.9666148833 32.6041213008 32.6555329579 33.1745545951 32.5718329047 32.5943449057 33.1878670654 33.1539615849 33.1386488273 33.0716909383 32.7499244623 32.7920878785 33.0194497773 32.6251574072 32.6330204845 33.1165160733 32.7732313583 33.1721047198 33.1103332356 32.984758663 33.1857944684 32.5472684998 32.5994696526
32.7162807538 33.1558089813 32.7983382504 33.0678884778 32.7083641027 32.5083087679 32.6894989718 32.9148081609 54.4212848961 54.4212848961 54.4212848961 32.6082418281 32.9232049105 33.0330321392 33.0004647818 32.591071249 32.6283878933 32.6376228974 33.0118712769 33.1765425094 54.6790162482 54.6790162482 54.6790162482 32.9534341209 33.1418062013 32.9013810673 32.6536834431 32.6671695872 32.9717503771 32.5277411791 32.5237845186 32.5544302144 32.9509278502 32.9085592222 32.8408956859 33.154055938 33.043599619 58.2230506397 60.6458753424 47.1083622758 32.6531782067 33.19688161 32.5746644993 32.5918901278 33.0274743497 32.9654390601 32.8415409807 32.9273976697 32.8069576132 57.4824682827 33.1169886993 32.9402340934 32.969240545 50.4872064514 33.0589875629 50.6621973642
33.1327121633 32.7064076333 32.9201907953 58.8389829665 33.0752858495 32.8927406091 32.887727023 32.7853294995 54.4212848961 54.4212848961 33.0778154405 32.8532501436 33.011477164 32.5319334961 53.6542566486 32.8381886132 32.743524769 32.8521546972 32.9354683459 32.6463373193 64.5244720103 60.9658966794 64.5244720103 32.8404653781 32.6695141955 33.1912612217 32.6945591703 32.5330797755 33.0972086431 33.1321207547 32.9419228325 87.6764782807 87.6764782807 87.6991257068 51.9777550725 62.6139265077 66.7915475286 66.7915475286 60.6458753424 57.690469312 57.690469312 33.0436116767 32.8986115522 32.9366854614 33.0742898647 32.7967744735 33.1817610827 32.6923598666 32.6483318377 33.0435011468 33.0178051659 32.9955088646 33.1680561492 32.5993204686 32.5243047891 32.722017165
32.9418461446 83.7361903494 83.7361903494 58.8389829665 58.8389829665 32.9782274237 32.9409593679 32.645967584 41.2778488738 62.110156718 32.9993838432 33.025687423 33.1727103801 53.6542566486 53.6542566486 32.8492643728 32.5490461424 33.1434268852 33.0974186085 33.0291062721 60.9658966794 60.9658966794 60.9658966794 32.7416697841 32.9999714511 32.6464568944 33.1607752964 33.1105410149 32.6226252085 32.630465108 33.1231398001 87.6764782807 87.6764782807 87.6764782807 87.6991257068 32.7316438535 66.7915475286 66.7915475286 60.6458753424 57.690469312 57.690469312 32.7043054751 33.1357043197 32.7889143277 33.1421725855 32.8587596219 32.9106416036 32.9083267486 33.1452064387 32.6206239137 33.115726873 32.6856552374 33.1789367945 32.75162247 50.4872064514 32.5221655779
51.1552227762 83.7361903494 83.7361903494 58.8389829665 58.8389829665 59.2297975868 32.8765266426 59.8175940322 59.8175940322 59.8175940322 32.707380781 95.3908473151 32.9707680723 53.6542566486 53.6542566486 32.6303362593 33.0011241385 32.6666781716 33.006502335 32.8224704194 55.8978914879 60.9658966794 55.8978914879 32.8732945791 32.7026154894 32.5932744754 32.9699042707 32.673792414 32.8300372432 32.5749609429 33.1759380104 33.138590365 87.6764782807 87.6991257068 51.9777550725 32.5086406605 32.8845313125 58.2230506397 32.9511119277 32.9780636582 32.9939369461 32.7988741916 33.0115926563 32.6064459411 33.0850938411 33.0417031527 32.7503242547 32.6389037094 33.0239760858 32.7334052248 32.6825919301 32.6746386349 32.9477368455 32.9282069445 33.1582537568 33.2066808256
32.7125827732 83.7361903494 33.2003947788 58.8389829665 32.5075273234 59.2297975868 32.5908099815 32.8909171096 59.8175940322 59.8175940322 32.9512926727 32.5489796877 33.0831393514 33.038156278 32.8708336762 32.8412191264 32.9037116849 32.6088311048 33.0524911826 32.9945813963 49.4785856007 49.4785856007 49.4785856007 32.5534532371 32.910798567 32.9598589587 32.8385730402 32.7393269517 32.7474983827 33.0899791213 32.8787255259 33.1071803269 32.7328691081 33.0680577968 64.6276689502 32.6444937092 32.8423811842 32.5434746755 32.580504853 32.8845719714 33.0021103477 33.0590884812 32.6383069808 32.567640394 33.0685457974 32.5790396515 32.5330250517 32.7882137032 32.68729577 32.6199725561 33.0094799188 33.0077177523 32.7074222674 33.1387506266 32.6459425028 32.6514922235
