Spatial_Output/BAU/BAU_0510.asc
NCOLS 155
NROWS 192
XLLCORNER 196769.923733
YLLCORNER 449719.875193
CELLSIZE 27.603701
NODATA_VALUE NaN
[rows 138 to 160 of 192, columns 53 to 105 of 155]
28.1718638236 27.8120001366 27.1721822048 28.2293559751 28.3993722697 48.9099462707 49.6259161341 49.6259161341 74.2279783321 27.9256391226 28.2763763297 47.2714033558 27.0431210014 28.2947366326 27.4204963383 27.3033190742 28.1837575838 27.4106808351 27.8018002985 27.7130379302 27.8665271327 27.0471077345 27.0785798639 27.0309091424 27.890102944 28.2771036187 27.1468495379 27.0233973887 27.9696310084 52.9526019701 27.1499205103 27.8099059714 58.5681466609 27.9480108955 27.0166374075 28.1124695172 27.2985537223 27.2180230312 27.7266049405 27.6527474561 27.320169497 27.9087292923 28.4113597876 28.3959744416 28.3985287567 28.1980998629 27.6388413135 27.1952316699 28.3075307532 28.3611064336 28.0733973313 27.3857779895 27.2591548791
27.6278797353 27.9048209709 27.5543034661 27.0769479509 28.3347967956 28.2532113165 49.6259161341 49.6259161341 54.8913030803 27.4024255508 27.0696671083 27.4527352198 27.6088866654 27.0692214698 27.2460363859 27.7388366954 27.8961732536 28.084681676 27.5253724153 27.895266865 27.7716270047 27.3479896291 28.1605948442 28.1639147464 27.4309886756 27.1072595884 27.3507451354 28.3240678447 27.2260909539 27.4323012363 27.5995687507 58.5681466609 58.5681466609 27.3814610554 61.6978000055 60.1313237738 27.01860437 27.3384221492 28.0661270049 27.2498657722 27.3506835327 28.2504290497 27.8232689969 27.090523885 28.2244183728 27.6259889718 27.3684822709 27.6974657266 27.188700295 27.4318887284 28.0350988398 27.8200924112 28.1469962301
51.0955242611 27.0463884171 27.5057820623 27.9353907935 27.3175476161 28.1352647834 54.8913030803 54.8913030803 54.8913030803 27.6731212648 27.2696908019 27.1254905712 28.2761487115 27.2993575797 27.8987009668 28.1643908725 27.7371450023 27.1772761026 27.8421207967 28.0351536012 27.5508917192 27.8763355466 27.4070964458 27.7140123698 27.0929461529 28.3691871842 27.4763538594 27.3825689046 27.7959957579 27.6004794863 65.6015178501 65.6015178501 58.5681466609 61.6978000055 61.6978000055 61.6978000055 27.1633749062 27.2159030126 27.6438347744 28.094063449 27.8971802708 28.0201689888 27.9910677473 27.7366219826 28.2690486364 27.4363456068 27.2386688994 27.3424539245 27.9355697843 28.0796499182 27.3534009932 27.2147299238 27.7427310523
51.0955242611 51.0955242611 27.8599765528 28.3108877171 27.0467659029 27.4173256936 27.7030645037 28.0858491503 39.6009184595 28.2148327952 27.7138785286 27.6532030654 28.0737741343 27.4646972907 27.8158342487 27.4291070227 27.9097794505 28.3811582284 28.1407489734 27.5787582302 28.1613447633 27.996362437 28.3207691403 28.0979756347 27.8385841633 27.2575617023 27.2552499965 28.2137550043 27.1293818324 65.6015178501 65.6015178501 65.6015178501 27.52953776 61.6978000055 61.6978000055 27.241141833 40.0280952399 40.0280952399 28.4115645258 28.2194914278 27.6892741724 27.530197357 28.392223823 28.0831060789 27.8075563635 27.2472357437 27.6951208103 27.2185598319 28.1943462579 27.9474028686 27.8892188372 28.3192828527 27.242123313
27.3166311692 51.0955242611 27.2946415836 27.3226477149 28.0609227767 27.349379123 27.8293080526 41.9450254445 41.9450254445 41.9450254445 27.1580528757 27.551357164 27.0515038075 28.3264379056 28.0068748108 27.2404241016 28.0003721724 28.2937390863 28.0176294349 27.2198874382 27.5287655244 27.6512057583 27.4416801316 28.1610799395 27.1928102217 28.101610924 28.2467185783 28.1389331811 28.3952220855 28.1938821878 28.1338969148 28.0616308573 27.4484075705 27.232268684 28.2436280507 40.0280952399 40.0280952399 59.9004339298 59.9004339298 56.0884394905 27.9537299582 27.042602312 28.1297156487 28.1417751348 28.0381629573 27.5902333347 27.49922446 27.1415542828 27.4615070985 27.228305924 27.8053616479 28.2026298012 28.3468347631
28.3203539615 27.4703698802 28.3071462743 27.8622846549 27.9398378172 27.5598627637 28.3458534024 41.9450254445 41.9450254445 60.2639052247 28.2127763537 28.2991234574 27.7772123327 28.0807352527 27.1010699678 27.6783383286 27.8268335671 27.5737383935 28.2819867974 28.2925241292 27.0064804476 27.3028228235 27.413318166 27.1242332526 27.9160848879 28.1442858361 27.0626208764 28.3394540837 27.9811555638 27.1805760218 27.3885999407 27.1965903822 27.8962236198 27.3518700175 28.3082986361 27.0472071646 59.9004339298 59.9004339298 59.9004339298 27.2345278317 27.0878746025 27.5813034254 27.7925135624 28.1845731397 28.2305281248 28.3718213257 27.6905358849 27.2768508664 27.6889019243 27.7980797803 27.2193284416 27.9110642488 27.2641531711
27.7280525826 27.683896483 27.8427571303 27.0507107141 28.3898877799 28.3116801266 27.4059665681 27.6929863828 60.2639052247 27.4736831131 27.5542116998 28.1368437162 28.3400656127 27.1551243518 28.3044488459 27.1839663872 27.2905198115 27.3105460037 27.8005112448 27.0721955967 27.122500644 27.4616715813 27.7416646597 27.2823537728 27.4527187365 27.7125828559 28.3367179259 28.0121825336 27.157821587 27.4859365633 27.5320563896 28.3606049556 27.4353555419 28.0559412836 27.1496985719 27.5505139187 27.8516803068 49.521007113 49.521007113 49.521007113 27.0806774316 28.2491689443 28.2299133748 27.9097772139 27.5488574519 28.0946266788 27.053988935 27.3341823542 27.1132063999 27.0906978273 28.1226725425 27.5492886458 27.5753741381
27.97256978 27.848281782 27.9806592964 27.2584715226 27.075660595 27.8388254479 27.7014995265 27.0803878428 60.1608420614 60.1608420614 60.1608420614 27.5812062735 27.1098756576 27.9591450577 28.3689571606 27.1531023263 27.6968747251 28.3213200256 28.3966271559 28.3682669679 27.630335237 27.000612536 27.917020764 27.7645141454 27.2476260642 27.9248694265 27.2471818268 27.9673644668 27.1547991152 28.0706409711 27.4633333673 27.8565655653 28.1802400756 27.8689600556 27.01837011 28.0425340391 27.6646609594 27.3782966553 49.521007113 49.521007113 28.0343316018 27.4803613978 28.4139269986 27.1756936843 28.065844284 27.6289973536 27.3941677448 27.7382254224 28.3611481003 27.4772355857 28.2355499517 27.6158099694 28.0452071322
27.3531742104 27.6373769401 27.611698044 27.8228609313 27.2086004149 27.3417853061 27.9070480903 27.3302224573 60.1608420614 60.1608420614 27.7471914365 27.0942772054 27.870129426 27.6105823109 28.3734903571 27.3335143056 27.86493345 27.193870008 27.1529495614 27.019689101 28.1615112363 28.1979612439 28.2951733216 27.5661326851 27.5247245993 27.5710993559 27.9870236377 27.1015132637 28.1983641582 27.5271192757 27.1904572696 27.7483455 28.0628381969 27.8075898348 28.039752755 28.2691864677 28.1799909338 28.1755796183 45.5893004047 45.5893004047 45.5893004047 27.7502268718 27.4221486738 27.23474756 27.8149222184 27.3763602558 27.3901139597 27.1049426242 27.9561908735 28.2734419165 28.3268855495 28.2462764341 27.0848395145
27.7277522168 27.6299899945 28.0454089544 28.3627217312 27.8716400711 27.4415043128 27.37636068 27.720246108 28.234828264 28.2133880627 46.7813048302 27.4729782732 27.6667647978 27.9887112872 27.4115127564 28.0973751481 27.675810284 27.7440706623 27.116246147 27.7748615951 27.0972549656 27.9447657016 27.2045078223 27.9897218447 28.201208197 28.1644235268 27.7627697825 27.3813506572 27.9463839428 27.1567763834 27.6522327272 28.2867438589 28.056105312 27.3065523992 28.0212410216 27.4995364811 28.3927916837 27.7458975786 45.5893004047 45.5893004047 27.3268220212 28.0095670448 28.326569696 27.5695774002 27.9381599301 28.4077888895 28.315595561 27.2866558925 27.1822566349 28.3744340011 28.0457624934 27.7995383685 27.2479720942
28.1976391478 28.1032072689 28.3901628445 27.4366941977 27.0060630066 28.1573881803 27.3346253844 27.5085357322 28.287691969 27.2829367447 27.561363702 46.7813048302 27.7767359923 27.8113295663 27.7942035669 27.3682219844 28.0094716744 28.0056140327 28.3999517903 27.7901165571 27.7877562891 28.0339430484 27.3017579665 27.1405558175 27.3010206586 27.331457938 27.9532207998 27.2127157818 27.1093822108 27.6440430278 28.0012987613 27.2361105197 27.7916572108 27.4961150597 28.0977637858 27.3559923106 27.1131340608 28.2167829743 28.2236176419 27.7489763993 27.1644042437 27.0403002973 28.2158126484 27.2087593459 27.8546633128 28.1824458289 27.6669189403 27.3677084692 28.3507534842 27.8321608312 27.4159855336 27.399892035 27.5429731491
28.2602527707 27.3805114741 27.9482664589 27.4482380049 28.2335942601 27.4724749329 27.6852127407 27.3098313324 27.0735600568 27.8642343378 46.7813048302 28.3118873265 27.5514274646 27.639376396 27.7781162224 27.338798062 27.8976437429 28.0747849606 28.1162531993 27.3405541203 27.3147146236 27.8563465612 27.3162058942 28.0812622829 27.5090453279 27.9567350254 27.2835692707 28.3274392186 28.2999496206 28.0543433745 27.6059517845 27.3023348588 28.3855932313 27.6370736143 27.3679572854 27.9683878863 27.8568741146 28.1846602258 28.1779199656 27.0272359857 45.3556796355 28.0843858627 27.7359304109 27.5739114694 27.4897790299 27.8316569098 27.5669442914 27.2840052893 27.1431367735 27.5987187591 27.5053559873 27.6908138923 27.574437496
27.4693273168 27.9681125031 27.5096681975 27.3927281087 28.0951788622 28.1962443763 28.2431099317 27.8702573514 27.8029377559 27.4198159212 27.1532155157 27.9953925033 27.8866240136 27.0789547887 27.7630499988 27.2205445877 27.653295769 27.3792903942 27.2813003704 27.856416837 27.9525860279 27.8919001287 27.8114809036 27.6657657627 27.6276569774 27.1972118293 27.5003277225 27.036076397 27.7969205277 27.3399926998 27.2461971134 27.3654061658 27.5163504422 27.9560226382 28.3360498181 28.3251962718 28.1819679178 27.5905949472 27.2599801278 27.5305627092 51.5866843039 27.5025503986 27.9215009697 27.1356963519 27.0792810191 28.2986308252 27.310538763 27.9701771324 28.1709455077 27.7252062239 27.9323190077 27.3006901303 28.3974323805
27.6968161784 27.261806712 27.1402055814 27.4224387996 27.1659593477 27.3601604307 28.1190149826 28.1520450647 28.3468674961 27.7644131382 27.60036843 28.0289211049 27.6693732122 28.1206122542 28.1558301149 27.8822553163 28.224017716 27.8536455718 28.1276342264 27.6913609137 27.2544592266 28.3113519749 28.3364252095 27.4117333208 27.0159175758 27.6773930376 28.3785048906 28.4050872535 27.7405335113 28.2906546538 27.3627981014 27.2611857825 27.2177610098 27.0277590332 27.0224975154 27.4076069937 28.098312514 27.8852941297 60.619355947 60.619355947 60.619355947 27.3121430669 27.4056887108 27.0438256362 27.2455612135 27.0063598399 28.2635970551 27.6438028795 27.5315688244 27.6155770872 27.4324836965 27.5705838404 28.0676196149
27.9528314635 27.01836378 27.3061703136 27.2507156108 28.2716682378 27.1834295539 27.2571424816 27.0777090226 28.0346724377 67.4110988995 67.4110988995 67.4110988995 27.6394901488 27.820442115 28.3598334269 27.1570271028 27.0300564904 28.1427005661 28.2510055249 27.1836362765 27.5828366018 28.0359480648 27.2275901287 27.9452442295 27.9082614078 27.1340473949 28.3454655652 27.2603556833 27.1372471378 28.2422060885 27.5476909672 27.9422661237 27.2051053324 27.6934448224 27.0290200412 27.2482746349 28.3756097594 27.6695135389 59.3068004994 60.619355947 60.619355947 60.1252321496 28.0149077055 27.1461422143 28.3701967912 27.5216292682 28.0572181607 27.4412976002 27.522986183 27.165648189 27.627867575 27.0075599846 27.5338799074
27.5052780022 27.7917104356 27.3894075366 28.0602609813 28.0345546918 27.5978687522 27.987249407 28.1436797842 28.2709117427 67.4110988995 67.4110988995 27.5234504569 28.3812662094 27.3645386949 27.498291868 27.3491418066 28.1421768437 27.6957997287 28.0773257308 27.4569840876 27.7723824687 28.0463451983 27.6699143629 28.1432616597 27.9997388446 28.0664988307 27.3978771854 27.1456183211 27.9528240459 27.5028580679 27.8075110379 27.9499571365 28.2470372004 28.38677823 27.024330245 28.1155930303 27.3394937217 27.6143900679 27.4619178159 60.1252321496 61.1994095486 28.0632016576 27.5581748222 27.336521847 27.9299077403 28.0090451381 27.321195396 28.0902312365 27.4149682641 27.4761382818 27.1648391976 28.0230476245 27.6412085856
27.7971254441 27.9999940741 27.650793085 27.7751904296 28.1900732443 28.0171269943 28.3338043312 27.3893046471 27.367045761 28.2091277931 28.0731809074 27.1738720823 27.4476410029 27.1087920436 28.1376359399 27.3440408787 27.7905254598 27.287901735 27.8012722885 27.3941484535 28.1421898671 28.0092128488 28.0640919438 27.4101979489 27.9226184404 27.0873261286 27.8083176165 27.4519491565 28.0234345878 27.0695600226 27.6271644249 27.401248548 27.5510389142 27.560586127 28.3580151735 28.3814333838 28.3963195924 28.1476507121 27.2903398908 27.6624799833 46.1141566349 46.1141566349 46.1141566349 27.5095565641 27.1707625974 27.7990870941 27.8177689727 28.3785962719 27.3507600859 28.3221092366 27.2212228493 27.0476804385 28.0843664587
27.8423365895 28.0156774344 28.1636310274 27.3347174911 27.1950640335 28.1355345695 27.7993310372 27.9385610683 28.1895684449 69.8698464462 69.8698464462 27.8649080707 27.5167717975 27.2022054542 27.1398411662 27.9837279397 28.2002546655 27.2897296175 27.1342482255 28.1574946773 27.4696825871 27.9580860166 27.1819600179 27.2043930569 27.9066498031 28.0347914001 27.2264894899 27.6540665649 27.1531295559 27.2592374309 27.1233203654 28.091576646 27.834903957 27.028058716 28.1187639844 27.008359352 27.5774252916 27.212475729 27.5571272015 46.1141566349 46.1141566349 46.1141566349 27.4095831167 28.2063978295 27.479501071 27.8335329437 27.4632761006 27.256809227 28.3240235001 27.253021036 27.6239259902 27.537256712 27.6214539396
27.1773203202 27.8556760985 27.9522762525 27.5374468762 28.0505178237 27.6551766975 27.0341575962 27.339806547 28.3149794758 27.2711687585 39.0928317227 27.4971838453 27.4469579956 27.1000193481 28.0266561517 28.0983994781 28.3576276154 27.3797099867 27.2344947599 27.455531573 27.6947131877 27.6138086499 27.1380210679 28.0420135154 27.6130079893 27.6175741392 27.1603863234 27.4698638735 28.2048946332 27.3724199937 28.2552137221 27.2299376414 27.1620735418 28.1000262695 27.7820611721 27.2890395488 27.8270474859 27.0177586574 28.3198546394 27.0498850852 62.0832996973 46.1141566349 56.9942906318 28.0201388617 27.0134091019 27.6845449536 27.9409504393 27.1136627118 28.0549623165 27.6080129461 27.7074569068 28.2661436569 27.7044919769
28.1329403431 27.1408768095 28.1518099297 27.1780271838 27.4047440066 27.7068461833 27.3538719502 27.6030592317 53.6174379354 39.0928317227 39.0928317227 39.0928317227 27.3068443006 27.6500780808 27.0330546437 27.8209357604 27.6065173139 28.1593493757 27.2035434046 27.8381232414 27.5841181244 28.2054058186 28.0960268503 27.3993888368 28.3063171855 27.6374525688 27.9711214339 28.3168033629 27.2204539918 28.1373354891 27.9147611974 28.2942228556 27.7105176756 28.1760324477 27.6822963514 27.5625453131 27.837571459 28.0781914674 28.1628146959 27.3885754552 56.9942906318 56.9942906318 52.6996077304 52.4754642927 28.1613895145 27.0680068133 27.7227237293 27.1045268453 28.2078248344 28.0112811909 27.6724771855 28.3701556919 28.3476282882
27.016799744 28.4104261354 27.3189382995 27.105023679 28.1862511331 27.0219800156 28.0522488705 27.4369884599 28.2033498872 53.6174379354 53.6174379354 76.8193960831 27.1249702155 27.3642387203 27.1394283016 28.2181783365 27.0353369542 28.1611597577 27.4364039741 27.8139217963 28.0922347944 27.052803 27.3709402464 28.3039433868 27.1962589583 27.3677157244 27.9880570034 27.3853818171 27.1628318931 27.3045125269 28.2773848562 27.0525668598 27.6442342377 27.3497350829 28.0268111569 27.9702677233 27.3479547175 28.1502393577 27.4294507187 27.8798876346 28.224487654 52.6996077304 52.6996077304 52.6996077304 28.3463472367 28.2160180209 27.7068331235 27.4099967122 27.2399914945 28.0217098027 27.0917507088 27.2810692118 28.3114115693
27.6115467432 27.8558139447 27.3514962415 27.2892359243 27.0041130364 27.666281084 28.161262559 28.2574114774 27.2797153881 41.5789427041 41.5789427041 27.1379531154 27.0589822293 28.3722462888 28.1087731187 27.9532118362 27.5499611351 27.3124256803 27.2034110331 28.0534240679 27.5406796047 27.2281222945 27.8871921027 28.2916909746 28.3275356462 27.1865101406 27.0422623914 27.6486568641 28.3904217305 28.0032164852 27.2062146795 27.4439864074 27.329925388 28.285974787 28.0602129138 28.3589582338 28.2876472223 27.2616393552 27.7288796912 28.3569814682 28.3432205957 27.560226318 52.4754642927 52.4497072153 27.4348112809 27.6238360176 28.210007773 27.0528815975 27.6213219355 27.8527170065 27.0061558409 28.1511355381 27.0262922275
28.2589889155 27.2303328878 27.2543701541 27.6228891322 27.9693490911 28.2533718326 27.144182917 27.5972876505 41.5789427041 41.5789427041 76.3842644171 41.5789427041 27.421348161 27.6500254448 28.1747777413 28.0507421695 27.6907297319 28.0601062193 27.1934914698 27.7262100446 27.2597934168 27.0459171575 27.6564514527 28.0788153163 27.5273100052 27.6111774126 28.2265722704 28.1881834177 27.9644822479 28.3800347006 27.3094317806 27.8825975636 28.2244773661 27.5176174439 27.6273908117 27.7082480022 27.7965594174 28.1683131231 28.2696807698 27.0347537285 28.3855844399 27.0195498013 34.8058980122 34.8058980122 34.8058980122 27.1871408108 27.6475716072 28.2498025725 28.3212120716 28.3781389624 27.8921899178 27.2619597375 28.0518694099
