Spatial_Output/BAU/BAU_0572.asc
NCOLS 155
NROWS 192
XLLCORNER 196769.923733
YLLCORNER 449719.875193
CELLSIZE 27.603701
NODATA_VALUE NaN
[rows 92 to 114 of 192, columns 0 to 52 of 155]
0 0 0 0 0 0 0 27.8214026113 27.3767836412 28.0962387535 27.0229403296 27.2693063658 26.8936120245 26.6052247382 27.0534533701 26.6659740415 26.8048503375 27.898915707 26.6103862839 27.9712399155 28.5688888083 28.2070268032 28.4785028815 28.5489533073 27.5248240094 26.6015270493 26.5104525613 28.0339437091 27.686766569 28.2220048941 28.6127762363 26.8413237745 28.3154699194 28.2978311494 28.4282795784 27.0145305328 27.3971759903 28.3632487835 28.1413511161 27.5404344673 28.0210420235 65.2721517019 65.2721517019 65.2721517019 28.5293767748 27.693124998 27.5061479598 26.5079585365 28.1680709487 26.8520033073 27.5129710915 26.9630698225 27.9142881124
0 0 0 0 0 0 0 0 26.583880679 27.4503991504 28.2138720118 26.9331972253 27.5769728834 27.7617887884 27.870928705 27.7658540252 28.5004355784 27.7622399213 28.118140351 27.7319041947 28.2686119365 27.2338475616 28.3411825571 26.7345291679 28.0893093424 28.2100290055 27.3745496503 26.8032752492 26.9014161712 26.5377847552 28.5640177866 27.4587919166 28.2187576374 27.6578314262 28.4366515948 28.1312102489 27.0553294823 28.1045563124 27.798645797 28.5878852858 28.347689465 27.7623231749 27.4498036022 44.8433062806 44.8433062806 28.5508514187 28.3487036899 27.110377916 27.9200232937 28.0851614161 27.3279780872 28.4063846 27.4509697754
0 0 0 0 0 0 0 0 0 0 28.1274416447 26.6647826943 28.4053911415 26.5340748677 27.6472405936 26.6053832291 28.1390828427 27.2372500349 28.4604574895 26.6738078829 27.5896375743 28.3171368378 27.5449424329 28.2556440426 28.131834407 27.3793812412 27.2595771244 27.2111506646 27.7501334261 27.0661563681 27.9763617365 27.9106191819 28.1597479261 27.447104709 26.5399811542 26.653828314 27.4533682127 26.6392273551 28.0162157029 27.3853119966 27.581298446 27.6123615401 28.3189120315 44.8433062806 44.8433062806 27.1862933243 28.5417355857 27.4325374438 26.5044971197 27.1883097786 28.4681226925 28.2450697968 28.3179288049
0 0 0 0 0 0 0 0 0 0 27.9636017234 26.6425239204 27.8321127357 27.9097398863 28.4202105308 26.558036335 27.588624758 27.1286770594 26.838228664 26.7574894958 26.6126326758 26.8020899327 26.7797909902 28.5492896031 28.6062642573 27.3951799503 28.0807442574 27.2452766416 26.6994670209 27.8730299724 27.2458626654 28.29888423 27.8191998468 27.0461790412 26.594840533 28.1104894656 26.6559286652 27.327381761 28.0861117643 28.0046576067 26.9959044557 27.3837925851 27.8988755259 28.0679422392 28.0455856479 26.6798943624 27.2178567928 28.6038071995 27.4339171961 28.5053697416 28.2426630814 26.7827793517 27.6469932693
0 0 0 0 0 0 0 0 0 0 27.9595819365 28.131388334 27.2870335268 27.9463348663 26.8871961767 28.3399031085 27.0391479188 27.5940790286 27.280310141 27.7099857435 28.2116770062 28.0735789264 27.1678573329 28.4309728883 27.5999655259 27.7318334301 27.4047925811 26.6393247395 28.5016211177 27.2447353091 26.9433184485 28.362538137 27.8393973892 27.2686661837 28.3415754129 27.5597985679 26.7741312949 27.8221706555 28.1493541777 28.5495630617 27.870176674 27.7441779012 28.4288339684 27.1691908531 27.1278189222 28.1519504397 28.0080806689 26.9514124756 28.1088368329 26.8151507488 49.2504284976 28.5436597854 26.9894538598
0 0 0 0 0 0 0 0 27.0953069603 27.9792437441 28.1972231983 26.5065636061 27.1272471483 26.8437201754 27.3841869128 27.9363963286 28.3855984613 28.5824746632 27.125976431 27.1814155948 27.9913175406 26.7599491145 27.2040403379 27.321130213 26.6903326882 27.0706508747 26.5013970703 27.7833257973 28.1211380383 28.6103166753 80.9604867426 28.351423607 28.2247575811 26.887791621 41.0011385809 85.4145589527 65.8306353879 72.3662375665 49.6796011606 61.894870157 28.5375272385 75.442569909 27.7443834517 27.0440064308 26.5015976987 28.4080563396 27.6664842358 80.6195534373 80.6195534373 27.0078707493 49.7965104451 49.2504284976 68.4388677636
0 0 0 0 0 0 0 28.0183354816 28.2497891883 27.6042948861 28.3740104106 26.7946097962 28.4912875824 27.2778360935 27.261262134 27.2502950482 27.9272241745 28.5460088289 28.0764923343 27.7725232542 27.1650969324 26.7764155749 28.2080031274 26.6833723439 27.6739032559 65.3474345441 63.0134637244 28.0335991714 28.3076800151 27.6119236117 80.9604867426 80.9604867426 28.2136035724 51.2296805166 41.0011385809 41.0011385809 65.8306353879 65.8306353879 61.894870157 61.894870157 75.442569909 75.442569909 27.0971678046 28.0969046862 27.7329274523 27.2356445828 26.6225131986 80.6195534373 80.6195534373 80.6195534373 49.7965104451 49.7965104451 68.4388677636
0 0 0 0 0 0 0 26.7675142273 26.5040039392 27.4203905266 27.8604635298 26.6834682099 27.9876159567 27.0166814597 26.7231368396 28.5896193246 28.1849088415 27.0293194968 26.7776963757 28.0835476793 26.5308029056 28.3887141391 28.5897761678 28.6195486505 27.0375093402 65.3474345441 65.3474345441 63.0134637244 26.6275233294 27.3262505382 80.9604867426 27.9391459257 27.5537412371 51.2296805166 41.0011385809 41.0011385809 65.8306353879 65.8306353879 61.894870157 61.894870157 26.5648769323 75.442569909 57.9606997084 57.9606997084 57.9606997084 27.5915125257 26.5568354524 80.6195534373 80.6195534373 49.7965104451 43.0823788567 43.0823788567 68.4388677636
0 0 0 0 0 0 0 0 26.9791019014 28.4950257002 27.0030601826 27.8343540377 27.6514433208 27.7037464766 26.836947691 28.2258148109 26.5954071816 28.028670027 27.143520256 27.6379399457 28.4093598202 28.4401780238 56.6173488661 58.752833744 28.3167344185 65.3474345441 65.3474345441 27.3842489491 28.2303900806 27.8873142617 28.3230691799 26.6680158869 27.5782087328 27.232546556 27.3214550292 28.2417237126 27.8798608094 27.986647678 49.6796011606 27.5853002368 27.7918630355 27.3109311081 27.0100085623 57.9606997084 27.258856463 28.5450190808 28.3146949142 28.3742525715 27.2344791578 43.0823788567 43.0823788567 43.0823788567 43.0823788567
0 0 0 0 0 0 0 0 0 28.3552392786 27.6943103109 28.4433006156 27.096988858 26.7506576016 27.6048552602 27.6445048999 28.417387009 27.4871631731 28.5590618101 28.2036316746 26.9962838273 56.0620171312 56.6173488661 27.8837410835 58.752833744 28.3249041861 28.0506096887 27.5900776594 26.9313292953 26.703511363 26.7649675056 26.658121965 28.1319949271 28.5965651712 27.3625597766 28.5444415516 28.5926550238 27.6553990887 27.039319715 27.2598452946 28.2533062008 28.5360862193 28.0526593619 27.9934669471 26.9047847866 27.9023792677 26.8311124466 26.5211118123 26.7815709861 70.4545796869 70.4545796869 70.4545796869 28.4198098722
0 0 0 0 0 0 0 0 0 0 0 28.2522493527 26.619395492 27.0806980717 28.458722121 28.4906492198 26.750262158 28.0331817894 28.4875390812 26.5461061555 28.0900724586 56.0620171312 56.0620171312 56.6173488661 27.8516220316 28.0911820326 28.2438564499 26.6898428156 27.4895187631 26.8385792205 28.4087812215 26.5027530218 27.8911588499 28.4365671415 28.5242426171 28.1322838408 28.0233998743 26.775528472 27.7128567388 26.563313788 28.4775184055 28.5718194929 56.6625343269 45.9717404952 45.9717404952 27.1687731642 27.1690102732 26.6369758279 26.5016895745 27.547044612 70.4545796869 70.4545796869 28.0409625585
0 0 0 0 0 0 0 0 0 0 0 0 0 0 28.4660551393 28.1806724753 28.4987317981 26.7239304164 26.9724658432 54.3770223747 54.3770223747 56.0620171312 56.0620171312 56.0620171312 26.6734705059 27.060821561 26.8425755923 27.2366334674 26.6919520683 28.1470477995 28.3545898504 27.7715138073 27.9714119492 26.9541215847 27.8060963347 27.2972392298 27.0923659978 26.6646576885 27.1620337426 26.6657089603 28.2514164255 27.0582107661 45.9717404952 45.9717404952 45.9717404952 28.368295111 26.5306525107 28.0924104327 27.7647229157 51.5412074478 51.5412074478 28.2877395771 26.9296724303
0 0 0 0 0 0 0 0 0 0 0 0 0 0 0 26.8349162008 27.1073910727 28.1283621338 26.5307782776 54.3770223747 54.3770223747 27.4667927096 27.6523608974 27.206195277 28.6173624228 26.5220964037 27.5405114635 27.5783544628 28.0197284444 27.9304619437 26.6059209162 27.0278241425 28.3712221516 27.985866893 28.2940828516 28.0640365316 27.0227739947 27.6366026373 28.6124653797 28.260743925 26.8403073391 26.6686865732 54.5369060068 61.9852432987 26.5782036407 27.2780720346 27.9507296654 27.7982693971 27.2711966525 60.4071561018 60.4071561018 60.4071561018 27.9868906073
0 0 0 0 0 0 0 0 0 0 0 0 0 0 0 27.1791694769 27.123826992 28.4966789377 28.2602371423 28.1356495887 54.3770223747 27.8007513026 27.8135031264 28.2039878648 27.7504650295 27.8588556069 26.744578615 28.0989947707 27.7141660743 26.6880602685 27.708890313 27.5917000896 28.2379854475 27.3833896845 27.969660362 26.5163478227 27.7944260361 26.7315751012 27.7121271611 26.8933629522 27.0903734231 26.9880240056 61.9852432987 61.9852432987 61.9852432987 28.4336065498 28.234697712 28.152465163 27.4823848289 64.0201451784 64.0201451784 64.0201451784 27.4985597366
0 0 0 0 0 0 0 0 0 0 0 0 0 0 0 0 27.8700514207 26.6925085239 27.4056376519 27.7880985469 26.9459238791 26.6679495715 27.6378349574 26.6560115171 27.3015366294 26.6985851882 27.3887176724 27.3138433862 26.5264339988 28.2909579572 27.710319553 27.4681611835 27.0953473055 28.2708715119 27.9693236326 28.0221311345 26.8779414607 28.2215611885 28.3259240146 27.3325345272 26.7233388228 26.8051698934 20.6782995378 20.4079452026 26.6586876085 26.9957928752 27.2152803783 28.4091207945 27.2218010113 26.7507093899 64.0201451784 27.1560993065 27.4913664001
0 0 0 0 0 0 0 0 0 0 0 0 0 0 0 52.1874928638 52.4043834588 54.4062655223 28.0932907595 27.909648158 26.7698964601 28.4419859096 28.2899628902 26.535294114 27.6778041058 27.7961735961 28.1842889182 27.4619780284 27.547712324 27.155901771 28.0763427191 27.5766561889 27.8423211835 27.2363704427 26.9317658441 28.1333911898 28.5121313872 27.5357499454 28.3492898163 28.4269099351 27.0645177218 27.995786526 20.4079452026 20.4079452026 20.4079452026 27.6061311369 28.2056898358 28.5772509063 28.1908385792 27.634416256 27.2736265667 26.8661672039 26.7915436437
0 0 0 0 0 0 0 0 0 0 0 0 0 0 74.3448679699 42.1730966533 46.3806559248 39.542177734 27.8617298681 28.3838427325 27.0789726305 26.754464257 27.4218712612 26.8523564721 27.871899905 26.9345234662 27.7965216495 28.1172646892 28.4713981855 27.2011796441 27.987998474 26.7965741598 27.1230663653 27.219627574 27.1078411425 28.4070600672 27.9445809036 28.3983576286 28.117957409 26.9949892922 28.387409841 28.594022312 28.2588955589 20.4079452026 20.4079452026 27.3462726995 27.0033790681 27.118679411 26.5054882359 65.423249055 27.9959594404 65.423249055 27.4318679684
0 0 0 0 0 0 0 0 0 0 0 0 0 0 57.6235635843 42.451115524 49.9509385282 49.7596170491 27.6444124192 26.8872707231 27.1857782855 26.7830050737 28.0572285031 27.8880151118 27.2418927641 28.3161481546 28.4001654307 28.2782354695 26.6482335146 28.5797329922 26.9600689964 27.8695562885 27.8761297486 26.7712761384 27.1279118878 28.511556947 27.405817729 28.4369756647 28.4072124413 27.4177358084 27.6353934665 28.4455546538 27.8823119438 51.9600040218 51.9600040218 28.1149557515 28.3883049959 28.0228005333 27.8674648364 26.6817998696 65.423249055 65.423249055 26.6892387664
0 0 0 0 0 0 0 0 0 0 0 0 0 0 0 57.6235635843 57.6235635843 27.3788326708 27.0441296022 27.4019313508 27.6273618455 27.257998326 28.2256683111 28.2385156712 28.5957182737 27.9287881202 26.6737418043 28.2274313857 27.608803591 27.1202319153 27.6722061923 26.8979040457 27.3033663937 27.4753934365 26.509299051 26.7627491806 28.285513358 28.3680559044 27.2514949646 26.5820156149 28.5633168185 27.0534996429 51.9600040218 51.9600040218 51.9600040218 26.9110091578 27.609554167 27.1860754163 27.6492854484 27.7492829358 65.423249055 28.490171748 27.6465956145
0 0 0 0 0 0 0 0 0 0 0 0 0 0 0 0 0 27.4257363507 26.7490720468 27.3122165429 28.1666843814 27.3424435387 27.4211167197 27.8087006852 27.1998398586 26.809264254 28.2265165273 28.2239967108 27.6708555911 28.1292524601 27.6929141724 26.8549428607 28.2359879585 27.1683570333 26.887178155 27.5940438124 28.5769891385 28.1974904346 27.7719671613 27.5625986345 27.9198670363 27.5133552703 26.6184446983 27.8890396694 26.5647751917 27.5873973946 27.5885742712 26.963454376 26.6548146911 26.6358176432 27.8231609537 28.1277358361 27.8904764257
0 0 0 0 0 0 0 0 0 0 0 0 0 0 0 0 0 0 27.9579183297 26.8689989956 27.4407870647 27.6272043471 27.4758364555 28.2016286458 26.8075894048 28.4233887551 27.5502615638 26.8637022829 27.4288210345 28.5741420354 27.9192154598 26.9516930718 27.8057097788 26.813074078 28.4935059496 26.5968003308 27.3832994424 26.8118017151 27.9709279009 27.1070084573 27.2722800233 27.2909569045 26.5618631995 27.5381583836 28.0082324734 28.1036651725 27.9101071672 28.3547357106 27.1265344215 27.6934190542 26.6160026873 27.1025802121 26.5495932866
0 0 0 0 0 0 0 0 0 0 0 0 0 0 0 0 0 0 27.6583893833 28.3649485001 27.9118573628 28.3769065881 28.5367731008 27.0535233445 26.814651466 28.3955267811 28.0999807501 28.1287454826 27.0785037041 27.9198583799 28.1994804261 28.6140737482 27.7384874912 27.0541054544 28.5833691698 28.1682374287 27.2308621365 27.9202235141 28.2899997012 26.8548856482 28.3885829852 27.7173564302 28.2955680763 20.1934002641 27.4389584254 26.6681522514 27.8945615539 27.9401489005 27.5922051721 49.8054446938 49.8054446938 28.4611307239 27.7986805792
0 0 0 0 0 0 0 0 0 0 0 0 0 0 0 0 0 0 0 28.121819337 27.1161403379 27.4191491981 27.4464208525 27.7521640903 26.6224685228 28.1148922905 28.5773157608 27.4390031885 26.7313005632 28.2792908125 28.3855488079 27.4982538991 26.673593286 26.8910530671 26.6644886767 26.6897882122 28.3363053302 26.977000777 28.0031051477 28.5508241323 27.9655879798 27.8671650542 27.4135633475 26.6427998095 28.4779022912 28.5304761553 26.5554908624 26.9125182913 26.6664729615 49.8054446938 49.8054446938 49.8054446938 27.0731007143
