Spatial_Output/BAU/BAU_1116.asc
NCOLS 155
NROWS 192
XLLCORNER 196769.923733
YLLCORNER 449719.875193
CELLSIZE 27.603701
NODATA_VALUE NaN
[rows 138 to 160 of 192, columns 53 to 105 of 155]
29.623225528 28.6107973719 31.0144200086 28.5806762463 40.3298830459 30.7080733156 29.1932076888 29.2719356282 28.8838346855 30.3962269141 28.729390868 30.0637280484 29.7079234774 29.1396944985 29.0650844107 31.8703127866 30.6018921798 29.4432842834 29.2960789502 29.4053382388 30.7808730076 28.7691760439 29.6347246199 28.9873592508 28.6615086743 31.9809185972 29.2522069939 28.5464986853 45.2857293349 63.6924151572 48.8165431401 48.8165431401 48.8165431401 56.0331382655 30.7236492165 30.5538987563 29.2783094965 29.6913004706 29.5305768087 28.8803248177 29.2681698848 30.8301031198 30.9655841012 30.7835256697 31.5773029315 30.8413720094 29.205690054 31.2433708955 29.9094099267 28.6867397446 31.2931752164 30.2602396112 29.7088233167
29.9332011659 32.0150474891 39.4190799469 40.3298830459 40.3298830459 40.3298830459 68.5415920814 29.8434497785 29.87576823 29.0322638638 29.0073139092 31.9827863287 31.6123451593 30.0758605604 30.2295370965 28.9763802357 29.7601934824 30.3361630944 30.9758761938 29.9099227011 31.3553348225 29.7036714189 30.1185987907 28.756690904 31.019859789 30.5524984359 31.186115099 30.7423114257 31.9769727166 63.6924151572 48.8165431401 48.8165431401 46.5689171713 46.5689171713 31.5742638808 28.5290540347 28.5779588678 30.5608457936 30.2123849769 31.0464397532 28.9308873495 31.0889873696 31.2131398755 30.8027154086 31.7435635256 32.0110470928 31.8092200825 30.5747675399 29.404797211 31.0824623932 29.9988809405 29.2952418976 28.8734569249
28.5239965705 30.1564594621 39.4190799469 31.3762350496 40.3298830459 40.3298830459 29.9383251863 31.091381685 28.8186714746 28.6252612545 28.7626792799 30.1278905773 31.3939278511 31.7165374421 31.0441194629 30.2984054739 31.5436692848 29.4684058316 28.8684046975 29.9136553965 30.4698396734 29.0418622773 28.9462236421 29.9889779919 31.9751836201 29.256993164 29.351839189 31.7112720486 28.963680181 30.7049844667 48.8165431401 71.2496343974 46.5689171713 46.5689171713 52.7770297133 29.5613662921 31.4315112556 29.1654983247 29.6947662418 31.1819248937 29.5499444652 30.2585019202 28.502481676 31.8654498654 31.714912177 31.8059428396 31.4017722849 28.5862557271 28.7817760224 30.639977584 30.2425428409 31.7792939579 28.7692936967
47.3532213291 30.8940229233 31.1594706979 39.4190799469 31.7801603604 30.0772319561 30.3923764308 29.0615411444 29.9624028673 29.620007311 31.0115297265 31.9741047029 30.3304737707 31.5845628152 30.1769078631 30.8460486746 29.0137530063 29.4857587381 29.6620515541 28.7558354108 30.9921335172 30.055953453 28.7961417347 31.9446851987 29.8912717311 30.6193732947 30.3119834847 29.9866425269 31.9175865628 30.8260265518 30.4288498134 45.0251701005 30.1851599742 51.8587841077 31.3630025473 49.9837793893 49.9837793893 28.8292306352 31.2243844725 31.1823102996 31.566907455 28.6345272409 29.128371828 29.7992197271 29.6594648417 29.1800671929 29.8607813295 30.3409709633 31.4309254423 29.177418901 30.400741135 31.6013933162 31.989582154
47.3532213291 56.6112725482 28.7472272797 29.4116177658 29.3059330091 29.5031681143 30.2559823722 30.1282555877 30.8299836497 31.8275843991 29.6675127476 31.5758775789 29.9592514477 28.8363775311 31.4141889076 31.7568128083 30.6822307098 31.3037675716 31.4406115874 30.6665483018 31.0051374441 30.1598748741 30.5117822335 29.6861570877 31.4275769139 28.6176606446 31.5280201111 29.7470238622 31.9405742188 28.8542574654 29.157395687 31.2025804614 31.7974726326 31.7065214788 28.7206615391 31.1790088401 49.9837793893 29.0109342554 29.6712906857 29.5778534166 30.1341556204 29.6004034207 28.8334890129 30.2179573978 31.3214430502 29.8071045792 30.0859205237 30.9893374437 30.7245638113 29.7329062613 29.9379718059 28.7939317821 30.3361930556
30.8768739469 30.8431639471 30.3616524917 31.3297155229 30.1089035831 31.0336393692 30.5464678401 29.7368231624 30.0484592924 29.2761140652 29.669692819 31.0597841563 29.4432545888 30.0746347781 28.9772172014 30.5447424693 29.8023956799 31.998757419 31.4461301058 28.6386025607 31.403580156 28.7071770446 31.2984418778 31.0835468132 29.6305536354 30.4604346428 29.0024903488 29.8995914584 30.0983771285 30.9783253872 29.4044610656 29.5257490634 28.66550738 31.2742492384 31.2486741526 31.068081817 31.7261317663 28.9306833478 31.8761568277 29.4561447844 31.0559567516 30.3928991317 29.0029705752 29.7658419245 29.4135849936 31.8662741583 30.8995775044 28.9410617129 29.834445455 31.6774193719 30.7160288891 29.9139719718 29.3237566253
30.1735332803 28.5769992835 28.6537810366 31.2021715455 30.6645942468 29.2942548019 31.9782413261 28.6018232814 45.724990504 45.724990504 30.4369212999 29.3373464612 30.4114166239 31.3153024353 30.430863176 28.7744895998 28.6048814263 31.0362960716 28.6108291089 29.8410990426 29.1019606005 31.2567681659 29.0048385528 28.6501246087 31.0870899094 30.8457652637 29.0229381812 31.0959705126 30.4713523146 29.6577416939 31.5019346994 31.9585177221 30.274859176 32.0159560426 30.6690948218 29.8955621774 30.4130204529 31.6638107192 30.3858922463 29.3745324924 28.5280380452 28.9322502375 29.402672094 29.0266988479 28.9676497023 28.501623098 29.8491852508 30.8567594201 29.9045002595 30.6065999094 29.8818491495 30.2266581188 28.7777683025
30.4562609309 31.57476575 29.7814104127 28.8492406926 31.0881037732 30.072400736 31.6818666377 31.8456322137 45.724990504 45.724990504 75.5398233849 30.1573253783 30.3402258239 29.7235061733 30.324931464 29.9499132478 28.5306182126 30.1672943151 30.8906061103 31.32610173 28.6756077153 30.540830533 31.4748626549 30.0368546594 29.5676185895 30.0928738489 29.2338936841 31.0542868486 30.7230186787 28.9629920429 31.772591694 31.1087458228 30.6106376151 29.5183397245 31.9080682822 29.3829437342 28.8460852618 29.528686398 29.2259066053 30.3574427933 31.4063189986 30.6166852887 29.4762401118 28.6768101861 30.7389956609 29.2089919208 32.0174783974 29.879052707 31.4465242308 31.8790475187 31.1538439209 31.161833889 30.0557480777
31.5099670601 30.3524008143 28.7434607046 29.9809490206 29.3594680534 32.0279411925 31.6614778606 29.1928975299 37.7740152594 30.6103810819 42.1509814776 53.323332149 30.9626559905 28.63548018 30.4656595233 29.523261603 31.7971148503 31.5826961643 28.8798731686 31.8829013213 31.3274004976 30.8528532177 31.8574537719 30.2410385188 30.8478491406 28.5699559252 31.7961212359 30.5986239397 29.4365825399 31.8744463197 31.0829092637 30.4993104254 29.4332602541 28.7930099786 31.0020580989 31.090907806 31.6160881463 31.8836933069 31.9462304947 31.9946906998 29.7024713963 31.0211828741 30.4640590092 31.767129014 29.4674521318 28.9668074085 30.9686279987 29.8552571768 29.9665746597 29.448970471 31.0537980454 28.7898541117 30.4074373862
31.1771470223 31.9536793727 30.8006670474 29.8366619377 31.5988523116 31.755610178 32.0160472808 31.541779655 42.1509814776 28.9753078429 28.7431624128 31.1717277201 31.5134789432 31.6651179349 29.4864174806 31.3551916297 31.8866604759 31.1981573135 29.1443570992 30.7228362862 31.3664369061 28.9434145203 31.5613209197 29.6745719399 32.0007029994 30.8027991126 31.3091383092 31.1938737086 31.1814271442 31.2848852743 30.3016285801 31.1382121151 30.8692879454 30.0213943036 30.6948715368 31.3482297031 29.2051632305 29.2288331843 46.8378556623 46.8378556623 46.8378556623 30.2780727463 32.0258831464 31.8432294615 31.6212597622 29.8238748068 31.0224249703 31.5409025953 29.6557955599 31.4689618318 29.450213051 29.7258550466 30.1909056964
31.5457392323 30.5275950264 29.7350240935 29.5517225944 31.9982129105 30.1831417917 29.2746085801 31.6939543746 29.7185357704 68.9316943376 68.9316943376 30.2781810134 29.8049686512 31.067256569 30.1832264502 30.6581198033 30.3483283229 30.5942762591 29.2505910092 31.7777180179 30.690588765 28.7322471392 30.3866748289 29.6851125626 30.8272186104 30.7050346603 30.652977498 29.5699769699 31.053755302 31.3789535744 30.1524238863 30.9864130039 31.9164165934 29.1248260112 31.8087499304 28.5095268921 29.8030950911 28.8718162007 46.8378556623 46.8378556623 28.5108327814 28.9162566332 29.7620932962 30.7347002566 29.1697277787 32.0240087134 29.8930638387 31.8376081412 29.0815836419 30.2971224941 29.88887226 29.0190296819 29.1696040728
31.9592104358 31.5625669194 29.7767732741 29.6519408706 31.9227051408 31.8980859847 31.9523178231 30.0259511477 28.5108566458 68.9316943376 68.9316943376 68.9316943376 31.7220880012 28.6065092038 29.1600877627 29.2665672802 30.5560899097 29.3689090605 28.5554990539 31.9264745776 30.8405816564 29.0039564062 28.7992145305 30.3213411112 31.9032798948 30.0934810458 28.9940326227 31.8212230231 28.8992127575 30.6582493829 29.2020899303 31.3622223291 29.5930287265 31.5482679918 29.3085583005 29.2703860334 30.4353167234 30.6158550411 58.4555665946 46.8378556623 58.4555665946 31.1599181032 29.2200321087 31.3312749305 31.6093124262 29.1529725255 28.8902509193 31.2235071303 31.2721374958 30.0921971048 29.8460248092 29.7455879567 28.7571217903
30.4310010535 31.0782574063 31.364095194 30.1781193762 30.6119428634 30.1141823716 30.5162414085 31.1375010357 29.2340538278 67.8457184756 67.8457184756 67.8457184756 30.0875604365 31.8397919893 30.6576131907 30.4853285585 28.6621813454 30.331249502 30.855335778 30.5225861382 30.6827291207 30.5596590905 31.9597679488 29.3756261432 30.0809786629 31.4883230653 30.181799164 30.7432378213 31.8014137824 29.0547302354 31.1348705817 30.6068085668 30.5191294896 30.4550347393 31.2460198016 30.436402064 29.2374396108 30.8555897355 31.8528903186 64.3550430408 64.3550430408 29.9278554062 30.0794352581 29.4879684614 29.8300783917 30.5299896957 30.6593689609 30.4564064237 29.866884545 29.7016549173 31.2235117072 29.3573846781 29.595227439
31.7444056745 31.3708536864 32.0064784269 29.7693572465 29.4974848299 28.8840740616 31.2706555418 29.3967152716 29.1255248685 62.7135566825 67.8457184756 62.7135566825 31.3682526002 30.8167410848 30.6640957029 30.5738611525 30.7551659271 31.4529718493 30.6777147493 31.7534311686 28.6774919882 29.7878971562 28.8732966399 30.0953503646 28.6317256038 29.862219502 30.6569786439 29.8124695568 30.3173211453 29.1507110982 29.7224803835 28.7216981147 28.5885378462 31.7066820537 30.3257232331 28.690481963 30.6205910451 29.112939752 29.6161409935 64.3550430408 64.3550430408 49.8983707509 29.7419164705 31.1263766951 31.9709239169 31.3556752759 31.3703137652 31.7126331899 28.8192288468 30.5127739378 28.5906198926 29.6650909042 28.8164020492
30.0680281609 30.0001762115 31.6268748846 29.3680817186 30.2312598704 28.9054544632 31.564460687 29.1876869167 28.7771662348 61.2058223427 61.2058223427 61.2058223427 31.13765937 30.2574364272 30.1345738249 29.8667407355 29.6285385399 30.6124448755 31.3339002851 31.068715796 31.3204086582 29.2880880411 29.1119127248 30.1225263701 31.7084329258 31.9319713242 31.0936826319 29.6928635721 30.5082449764 28.5957689693 30.1269506662 30.9634833621 31.1733412643 28.5467997719 30.8378181993 29.1449998795 28.7398198536 29.6053134812 57.8916013085 57.8916013085 57.8916013085 29.0547625479 30.7368259444 32.0345425131 31.9092108269 31.1122442691 29.7837914647 29.3339818896 30.3824130714 29.9010774278 30.7270274222 29.4011925228 30.6219059091
30.2215307729 29.6517506317 31.178456606 30.8876315809 31.1847161031 28.6126945578 30.6524144726 29.7133847116 31.990347553 66.4423882276 66.4423882276 66.4423882276 30.8644343823 29.1570431291 30.3535822769 28.7514585231 30.9733922718 31.8363064672 29.9120913607 28.8280636536 31.0489740144 30.8644066542 30.5947383241 30.7383308172 29.1479078045 30.8965862447 29.6556142485 28.7986118663 30.3989328777 29.1921687684 30.34483295 30.0367240732 31.2146670842 29.3127694406 30.0151640432 30.4059957617 31.088733555 30.536508481 31.9876610374 30.9149528371 57.8916013085 44.5858259049 28.6457360589 29.3531332996 30.2040090935 30.7091921013 31.287297731 31.3051276589 29.4923863271 29.3581156823 31.2014486083 31.3959546218 30.0575653838
31.1663964309 29.1674919306 29.0747151293 30.7070162016 28.8736326601 30.1164171644 29.6227439165 30.1370251314 30.3335248253 30.4020273021 66.4423882276 30.8623560325 32.0165560982 31.3718441791 30.0417637487 31.4127395082 29.0159387337 29.3029634514 31.6103645976 31.7980239888 29.676974382 29.1881685132 29.5297357205 30.1291462369 28.9548825105 29.6256754902 28.5872048759 30.9241254995 28.5478868992 30.222680031 28.5051947514 29.8094012486 28.8758731851 29.5658116645 29.1689789627 31.2241321681 30.015840639 31.3699156412 30.823331637 44.5858259049 44.5858259049 44.5858259049 28.9720232261 30.7802763263 31.2904585681 30.4330068481 31.5618589501 30.0578269799 28.6949009477 30.9221247948 28.6262347819 31.2361390755 31.4198700062
30.2508329456 29.5535002526 31.4733184936 30.5473602519 30.5721787345 29.1949278377 31.4982213567 29.109941209 29.2496787909 29.0913163138 29.4809854036 30.6750217073 30.3743447411 30.6813870278 29.3537432372 31.4300750428 30.1563355358 29.4262447618 31.8751530472 28.9325181864 28.5565791217 29.7833621442 30.0608327403 29.6718039414 28.8930234793 30.3243409711 28.8669694093 31.3918037582 28.5599561832 29.067988092 29.2428440839 31.3289541504 28.5101288192 31.1411716558 28.8245641364 31.9502247119 30.9354370469 30.0956829585 29.586804663 31.2281195664 28.6186035953 31.1248589779 28.9152637697 30.664536854 31.4556305427 30.1790780468 28.6471688299 28.7171836823 30.3103761518 30.5812909512 30.2663543167 29.8616926245 31.9458506042
29.6807254613 31.5330123351 31.1324962183 31.7165836203 31.2262453405 29.3511388221 31.7717876665 29.8136891609 28.5136818158 30.8680928733 31.203154585 52.7081570652 31.4636883961 31.0350694511 30.1825238323 30.1457835585 31.1506759857 28.8999889879 29.5858152207 31.979394267 30.3877007225 30.2144843058 31.0639982826 28.6167723307 29.0602069694 29.2721188767 29.7317495953 30.8674916467 30.6939156105 29.7105116081 31.6746044324 30.6996797886 30.5438430083 31.2121681837 29.404069405 29.8015346256 31.9118587832 30.6006623027 28.7965482255 29.3519902703 42.4641299295 42.4641299295 60.430896966 29.28064212 28.8806014854 31.0287686868 31.7403496451 28.7659557367 30.5923243465 30.5946040333 30.0913834286 31.8727948572 31.6679101812
28.5533983442 29.8693939286 28.6519088347 30.3189117708 31.3756907484 30.3541046932 31.2564803635 31.4956586623 29.7007741023 31.0038188989 31.4843908621 29.1592428203 29.8745718132 30.7968310035 29.7617241264 29.3189907578 29.3696549043 29.1456423795 28.7045470589 29.0711338431 31.7181072218 29.2043165556 31.3989510868 28.5221545445 30.1849472483 31.6034457518 28.7978576713 31.5941255495 29.8538871949 28.659807145 29.3439364678 28.7699666831 29.9679005059 29.5466009777 32.0104724214 31.4352247841 28.8010197919 28.6014687868 29.1762693777 31.1987152464 60.430896966 31.9779777189 31.8115079557 31.9675705923 31.0056735254 29.1840379481 28.9018177778 31.0983808785 30.6839486596 30.636730456 29.0167359974 29.5373826911 30.7172822287
30.6641327133 30.5867225598 29.6135041939 28.7508615071 30.7130983712 30.2236824674 30.9284484702 30.9413159715 29.9905275267 29.6059086524 29.9887457813 30.5028012447 31.5484171136 31.6121516443 31.3880934714 29.7786518336 31.9801095005 29.2612221143 31.9742422529 29.7076121535 29.136495912 30.1790166298 30.5154144684 30.9842169773 29.8649075301 30.2122822439 31.9968354899 28.8026569245 31.0883659082 29.8137852876 30.8590802924 28.5783814341 28.7847004877 31.277808152 28.9472870383 29.788256844 31.4049521596 29.6697923766 28.9982359165 32.0236325728 30.6331125689 31.4206141299 29.1000213286 30.5206919235 29.8817099475 30.2732341066 28.7095520024 31.2427933006 30.4149969524 31.3453066385 31.8359527651 30.3379695292 31.9353613582
29.2040758549 28.5440447209 31.6532133967 29.9150064665 31.7847735441 30.1576624256 29.5898084246 31.3174208052 32.01344475 29.2786627972 29.6051737965 29.4005363839 29.1473916902 29.5283829498 30.109974652 32.0072899393 28.8102798767 31.6345182869 31.7485181025 31.1507625374 30.5437109845 31.3872788604 29.1676610729 30.8060467616 29.0400471308 31.4151606086 30.9812906849 30.6718150875 31.2585137421 30.5239460085 29.3901757479 29.6780172056 31.0901443173 30.1221994439 32.0174207643 30.6396295966 29.0960908988 29.4241099707 29.2768029436 28.9020037144 29.4238275967 28.9120973628 65.8826316764 65.8826316764 30.8910202101 30.7577098835 30.5467264928 31.3245208151 29.9011475141 30.9576338791 30.3254311627 31.9776137785 31.8374869117
30.5995442246 31.1001672097 29.6975971045 31.6993803751 30.284773838 30.8360675176 30.8214214516 30.0978844438 29.6469322581 31.1450093326 48.8268598988 31.484109148 31.6849179321 29.1020225306 31.2556171403 31.4903452326 30.7235950782 29.6912681431 29.1124798267 29.7463093875 29.1996302365 30.5867267841 31.0454795552 28.5154360727 28.6073995986 29.7435134927 30.0326720266 29.9387740683 31.2736332957 29.1875024888 31.387206006 29.5790423687 31.516986078 29.2468114451 31.5799473784 30.7676350965 30.4715807125 29.5643077016 30.9573850652 31.0099655046 28.6729887561 29.5831408643 65.8826316764 65.8826316764 64.2045652463 29.7785474943 30.7068928686 31.5853911029 28.8295150737 30.526614339 29.9936599633 28.6247128661 29.2090390884
