Spatial_Output/BAU/BAU_1142.asc
NCOLS 155
NROWS 192
XLLCORNER 196769.923733
YLLCORNER 449719.875193
CELLSIZE 27.603701
NODATA_VALUE NaN
[rows 46 to 68 of 192, columns 53 to 105 of 155]
49.847647431 27.8345368059 27.9821426623 27.9964319821 27.6859286347 55.7306257267 27.9649848619 27.8535527524 28.1463082028 27.6796784335 28.0772117933 27.6910958036 27.8342817731 27.6953872454 27.6155531515 27.6255424693 28.1315054339 27.776885579 27.6194943325 27.7409357473 27.811871298 27.8428230643 27.6590677687 27.9433133979 27.889204044 27.8163310458 27.9033872138 28.0579293263 28.054451611 27.6861931641 27.8129718697 27.9955088292 28.1877307111 27.9904387467 28.0551060796 27.5640439206 27.5206436081 27.7274763735 27.6595260332 28.0358112223 27.8653464076 27.8348096035 27.9726435259 27.9031845289 28.1278277452 27.7008032251 27.5041656081 27.6544502417 27.9659007757 27.9649582355 28.1400159047 27.6446746124 27.6982975649
49.847647431 46.1736432959 28.0145579228 28.0000495359 27.7701174089 38.9203075021 38.9203075021 50.247949811 28.1082697063 27.9213500608 27.9488513988 27.993285373 28.1253922999 27.5194251363 27.6097749012 27.8684402572 42.1074177755 27.6200139554 28.0110589321 28.0426011834 28.1418515796 27.7659364813 27.8752285758 27.927265146 28.175710924 27.9238799373 27.8662481207 28.125797552 28.1110563662 27.568146999 28.0856876105 28.1569196063 27.5373347123 27.8346279237 27.6667224368 27.7588119515 28.0533846489 28.1077343779 27.7654947898 28.086291522 28.2043812766 27.6143716225 27.8251271873 27.818272649 27.5850098024 27.7334388105 27.9662248193 28.0547306119 27.82998071 27.8236672276 27.9832852456 27.9661762648 27.8473150605
46.1736432959 27.6349804496 27.6542788692 27.879460768 27.8545285685 38.9203075021 38.9203075021 38.9203075021 27.9940858563 28.1455249742 27.7106937244 28.072755601 27.6250339717 27.5306202896 27.5557388974 42.1074177755 27.9785010514 42.1074177755 28.0502872169 27.994613566 28.1936072981 28.0684732836 27.9773241006 27.8135945109 28.1255674096 28.1711384329 27.6365306385 28.0690507404 28.0552121759 28.0782953197 27.7237764194 27.5268616237 27.6351442799 28.0102659816 27.9349439433 28.0888541408 27.5608498433 28.1092815373 27.727165642 28.1951781548 27.720581042 27.6897302971 28.033190632 27.7335079651 27.8614948316 28.0617128352 27.9770505293 28.0306776179 27.6414643958 27.8617563852 28.0081459858 27.7814916124 28.0868824088
55.009695931 55.009695931 28.1407958906 28.0820621042 52.5649238348 52.5649238348 38.9203075021 28.0932994393 27.8810918519 28.1362878213 28.0659665805 28.1704572639 28.1279118612 27.7022958384 27.7422756315 56.6363166487 56.6363166487 56.6363166487 27.5101540645 28.1458553147 27.8672563864 28.2003583751 28.0006827919 28.148871996 27.5550588838 27.5700325129 27.6765552461 27.9556683617 27.7251683924 28.0590445589 28.1958780709 27.9785717155 27.7806669973 27.680358177 27.6758821922 28.1252677507 27.6243980895 27.7757413299 27.9611379165 27.5213309127 27.5895821725 28.1327349796 27.7971339373 27.8212111568 27.7529188306 27.9762192772 27.9464854194 27.8804484618 27.9250165108 27.9558939727 27.8523747604 28.0986252406 27.9076854039
55.009695931 55.009695931 46.9293808624 41.8911717837 52.5649238348 52.5649238348 52.5649238348 27.7851312095 27.5169539027 27.7415187905 27.8448174858 27.5986166308 27.8648797412 27.7948949578 27.9643130477 56.6363166487 56.6363166487 55.2623695249 27.8828390718 28.027772467 28.0561563446 27.7011665936 28.1295000732 28.0290770712 28.1425504783 27.5972274945 27.6608679753 27.6167772262 27.7011972842 27.827294423 28.1934628258 28.0576103234 28.0828294854 28.0549327239 28.1657596273 27.931718717 27.7192593908 27.5135797643 27.8410871997 28.1772242334 28.1004738565 27.8904546547 28.1273314326 27.586429934 28.1446005914 28.1993615918 27.6604679422 27.6222898418 27.9438373423 27.793370966 27.8615561228 27.5993596477 27.9964168437
55.7102999612 55.7102999612 57.9218527174 52.9418592172 52.9418592172 27.9964732494 27.6499676352 27.9765488624 27.7493113632 28.0895929635 27.6695511177 27.5733998663 28.1028348799 28.1083868155 27.5916934842 27.6036150325 28.0416245833 27.5207888732 27.6405907804 27.6747341638 27.9463485731 28.0808904128 27.9722444913 28.0121136077 28.127810087 27.7611666408 27.8479763501 27.6058001388 27.5399800799 28.0152589436 27.9475409076 27.5233489793 27.6412481777 28.117410964 28.1424935759 27.8862300471 27.5249384246 27.7213173147 27.9217547987 27.9010794585 27.8534026564 27.9368905002 27.6576432198 27.5936433706 27.5988773844 27.592142331 27.799525544 27.6386752636 27.6566260825 28.0901537117 27.899294119 27.5716696838 28.1017650447
74.8889983991 38.5171235767 27.9398263439 52.9418592172 71.2574217019 71.2574217019 27.6197616158 27.6858170293 27.8271422102 27.9546007724 27.7492909174 27.5851158861 27.8843849104 27.9610731173 27.5911093333 28.1136156973 50.8317630192 27.966400166 27.6548742097 28.2037842018 27.6545104902 27.7316999374 28.0783431182 28.072689937 28.0623486882 27.5089588991 27.989292605 27.579194386 28.1374028554 27.8110902967 27.6811447565 27.6039693131 27.505285486 28.0549436524 27.9952399231 28.0180736551 28.1967955629 27.7416386029 27.5996724443 28.1140816765 27.5443272392 27.8403561945 27.9010111826 27.5709955863 28.1456195586 28.0630823503 28.0355857418 27.5704374428 27.6853225558 27.7031441769 27.942833967 27.8095477045 28.0956575035
74.8889983991 74.8889983991 72.4548337659 71.2574217019 71.2574217019 54.2222799419 27.8854232488 27.8999725611 27.7447060229 27.9401437085 27.7470703371 27.7300277916 28.0808097344 27.5742070754 28.0494482788 48.8353774578 27.6650500664 27.6141480257 27.9282399092 28.1349618616 28.1863945428 27.9189906959 27.7741967974 27.6510888654 27.6958378576 28.0329696652 27.5884618617 27.6160500406 28.0594630273 27.8575451389 27.5394471992 27.7113571308 27.8378697468 28.2031800553 27.748472455 27.5950286722 27.6856940449 27.7811315934 27.5547582945 27.9489111987 27.9787065553 27.7802893149 27.99133479 28.0852931161 28.140121768 27.5894377689 27.7260205758 28.0917880658 28.1419116973 27.5202234898 27.6657571913 27.9799318306 27.5391796345
28.144241042 28.0439262257 28.1463815448 27.9193069863 76.7706658581 76.7706658581 28.0134300292 46.7314091953 46.7314091953 46.7314091953 27.9206233431 27.8893157879 27.5506942154 28.2039844417 28.0605384181 61.5235217619 61.5235217619 61.5235217619 28.0940306018 27.7215401289 27.7082359812 27.6306438824 28.0072082385 27.8340974725 28.1687950131 27.7059752864 27.8534047675 28.1283020878 27.746743459 28.1751761783 27.6671903948 27.5622906097 27.7512839731 27.8157383763 28.0659334346 27.5783443298 28.0267245984 27.589215385 27.9462987081 27.9650635445 27.9215380027 27.5020924986 28.157667333 27.6841347535 27.8527305356 28.1535150039 27.9880026964 27.5235944249 28.1236164175 27.6677568239 27.636939947 27.652479381 28.197603339
48.2095067102 27.8242189841 72.4548337659 27.5872627803 76.7706658581 76.7706658581 63.7041675527 46.7314091953 46.7314091953 46.7314091953 27.7497764848 27.9970375678 27.9101415438 27.6033534964 28.1166865802 59.8747923737 59.8747923737 28.0166273007 27.7889019319 28.1554502203 28.0768001223 27.7210231424 27.8558632686 27.8704185659 27.7577784789 28.0990350316 28.1890865576 27.9875337192 27.8154137633 27.7315499712 28.1818729121 27.9769158541 28.0468166639 27.658255341 27.7040179539 27.9986855625 27.8797330075 27.6477852174 27.9228718317 27.7913613079 27.7602741047 27.828649961 27.7923220842 28.0401583614 27.8723734959 27.8103349447 28.0593791908 27.9094650051 27.9378623178 27.9655945007 27.7958871785 51.3408762204 51.3408762204
54.6097774067 54.6097774067 27.7464094827 27.5806116895 27.5201689879 65.1783439667 44.9854150342 65.1783439667 27.6135392407 27.6291028494 27.8249551988 27.8126849451 27.9350110112 28.1887370181 27.6292574012 59.8747923737 59.8747923737 59.8747923737 27.9442364043 27.7500526788 27.6042540423 28.022889057 28.196768253 27.5058184624 27.7359801502 27.5589878223 27.8619610952 27.6667519956 27.94384406 27.9586959831 27.9616362649 27.8756170917 28.0976131997 28.0156754994 27.9822498865 28.1966493913 27.5778027384 27.5958820374 27.9315496504 27.5907401564 27.9631089943 28.1189377243 27.5403729263 28.1943828815 28.192580452 28.19778513 28.172852453 27.9982849274 27.537563851 27.8213575718 27.8047746793 51.3408762204 51.3408762204
54.6097774067 27.7131063062 28.0846390589 28.1746239003 27.6715458356 44.9854150342 44.9854150342 77.1045223941 77.1045223941 27.7878493762 28.1234725525 27.7319991653 27.712663145 28.1699040002 27.602833398 61.7784871434 61.7784871434 27.7192516421 27.7922109993 27.8361061976 27.6407477682 28.1709012346 28.1632336807 28.1583471316 27.7716237221 28.0942443782 28.154587005 27.8007151952 28.2047618886 27.8665514623 27.8876683555 27.9141821572 27.5049279254 28.0264393696 27.856446746 28.190866191 27.5486350807 28.0951127986 28.0291677647 27.7765336864 27.563988021 28.1189120374 28.1728479148 27.6652132275 27.5106332878 27.5394928408 27.6379850063 27.5060917347 27.9722680824 28.125085605 28.1998342418 27.8333002842 27.9833126544
27.7708201302 58.5127850031 43.3228312642 38.2559271349 56.0276288811 44.9854150342 44.9854150342 57.9024769801 61.9413320665 77.1045223941 28.0118651658 27.9461375811 27.917082167 28.1208320104 27.618519153 27.5856934292 27.6881794992 27.5788793818 27.6095956859 27.9890468447 27.5763567192 28.0725949697 28.040375567 27.796539388 27.6804728836 28.1987436481 28.2017897369 27.845122017 27.6725624862 28.1035664936 27.5254420506 27.8653227837 27.8117610359 28.0576818294 28.0757455621 27.5166067853 27.6784093522 27.8764959758 28.0948117495 28.1621792938 28.0453950593 27.7409233931 27.5676754925 27.8814588882 27.5984320317 27.9691722522 28.0659609591 28.0802805971 27.9933744218 28.0058974681 27.8685469974 27.7630957402 27.890487619
75.5743620749 58.5127850031 58.5127850031 56.0276288811 56.0276288811 57.9024769801 57.9024769801 61.9413320665 57.1594323975 27.5628405745 28.094558648 28.0583374243 28.1091575619 28.1221653393 27.6782766919 27.6336028665 27.5621811741 28.1643588992 27.6265528974 27.9073126688 27.973728072 27.8706360416 27.8301594899 27.9085474543 27.706142166 27.8752814263 27.6806442298 27.963968358 28.0759501697 27.7834167152 28.2060359723 27.9130570091 28.0102891791 28.1295366285 27.7962445833 28.1220497883 27.5837336153 27.883592667 28.060969496 27.9501253174 27.8864948989 28.1041214481 27.6410138712 27.5694274467 28.0226105804 28.0481245277 27.9660970586 27.9041015433 27.9785169921 28.2030091793 27.8459843971 27.7185425473 27.6505629122
48.5094368264 58.5127850031 43.3228312642 56.0276288811 56.0276288811 62.4289619211 57.1594323975 50.5980439 50.5980439 54.7936358759 66.969206394 39.5708826021 45.6987925013 43.2344193767 47.3594056054 27.7094579485 28.1319078558 27.9173854776 27.7354802401 27.7407048644 27.7404347241 77.1559878605 77.1559878605 27.7570114002 28.1069862598 47.9852548219 50.9026126161 27.7674148628 27.955373108 45.3963594826 27.8639726425 27.5950940909 27.5704996935 27.7629289398 28.0082716482 27.9582507219 27.8298929843 28.1851491002 28.0451531656 27.6739022003 27.623976623 28.0023902985 28.0545947138 27.5722638173 27.9147116141 28.1493973605 27.9435496484 28.0219998313 27.6095335481 27.7060312955 27.9870187255 27.6590818841 27.6963829134
27.8998159804 28.1383729273 27.9370847408 56.0276288811 62.4289619211 45.0073283219 45.0073283219 50.5980439 50.5980439 46.6074963543 66.969206394 45.6987925013 45.6987925013 47.3594056054 55.3102625067 55.3102625067 42.1971671193 28.0312926688 27.8853655611 28.0895794935 77.1559878605 51.6085125448 51.6085125448 27.6622646906 28.1205608231 50.9026126161 50.9026126161 28.0357263757 28.1456987712 27.9324776204 45.3963594826 27.7758991836 28.1370227144 27.5800952634 28.1113457762 28.1761569613 28.0144480589 27.761147561 27.5857504779 27.8815771207 28.1114377678 27.9471087294 27.6630836717 27.5444866553 28.0790440028 28.0395489086 27.6467791833 27.5749915523 27.5325564073 27.6597011386 28.1994058202 27.7813545708 27.5278749001
58.963528091 27.6067390924 27.7934782379 27.9690054895 27.5584206798 45.5809739583 45.5809739583 46.5026880832 46.6074963543 27.7380685789 66.969206394 60.4592339526 45.6987925013 27.7576353366 55.3102625067 55.3102625067 42.1971671193 27.8756778231 27.7970784449 28.0618474123 51.6085125448 51.6085125448 51.6085125448 27.6576869053 27.8268609111 50.9026126161 50.9026126161 27.8881790862 28.1427124238 28.175853267 27.800249765 27.901582917 28.1126400027 27.5100554227 27.8077936472 27.5389665584 28.0642377695 28.0478216973 28.1571132676 27.6543336903 28.1314110683 28.0209393808 27.6892162635 27.5318924995 28.119367013 27.9848322994 27.5919225248 27.5029555262 27.9035360479 27.8250939641 27.9898596746 27.579713737 28.1749309995
27.7961237135 27.6033716778 27.6620059802 28.0994039959 27.8952830207 27.5523037585 74.7277095312 74.7277095312 56.1666854218 28.1925156499 27.8805627338 28.0677521362 27.8213104667 27.6606734633 55.3102625067 59.275887683 59.275887683 59.275887683 28.1177992509 27.8435147044 28.0510516043 52.2022378328 27.8711635336 27.6922639315 28.1577685722 47.9852548219 27.8509044458 27.5093707784 53.1191992223 53.1191992223 53.1191992223 28.1052625132 27.9645103165 27.5673204048 28.1477558023 27.5962491651 27.9661698317 27.9164128516 27.9927335203 27.759749116 28.091656538 27.6616595759 27.5316568582 27.8273156358 27.7300765175 27.8335962464 27.951941495 28.1751541625 28.1398481114 27.5708381981 27.937396303 27.6527447397 45.7539158079
28.0327336058 28.1983230616 28.09922226 27.7414061959 28.1513546456 74.7277095312 74.7277095312 74.7277095312 74.7277095312 27.9467709507 28.148583609 27.6452796144 27.7539333362 27.6032391077 27.7437211876 27.9822819807 59.275887683 59.275887683 60.7622807592 27.7351670667 52.2022378328 52.2022378328 52.2022378328 27.9492166696 27.9819684385 27.8864509839 27.7508878088 28.1821147839 28.0821780619 53.1191992223 27.5905570857 27.5688311795 27.5376071062 27.5187747003 27.693911968 27.9636437878 27.9651477299 27.6547216532 28.0537316723 27.573658301 28.1925587477 28.0979675176 28.1152229857 28.1670413284 27.6525508782 27.9622698304 27.6817653672 28.0111769835 27.6100144483 27.7440333304 27.6601490969 27.6498748662 28.0790175852
28.1673277606 28.1382763763 27.849232488 27.9672675154 27.8658626731 76.1543117773 76.1543117773 76.1543117773 27.6846401912 27.8492007359 27.8259850725 28.1921125364 28.1190231499 27.85032884 27.8777233323 27.9654741481 27.7085587721 27.5229501317 83.6886736733 27.8928126409 55.0300123042 52.234943598 55.0300123042 28.1953719951 27.7916882257 27.8263053874 28.1500044845 28.1846960301 27.8058300072 57.3321435846 28.0375544951 27.8147514664 27.8519115739 27.6662234296 28.0900518343 27.7260918966 27.6693146791 28.0702582162 27.5290899161 27.8613809422 27.5563820938 27.5391805265 27.7044113451 27.6856385434 27.8101258898 27.8043645578 28.0219534563 27.8288062928 28.1885794491 27.9090088811 28.1685176304 27.6986822338 56.8737312773
27.8377956463 27.55556853 27.5146092616 27.8637049646 27.9115663186 28.1924766541 76.1543117773 44.9130710446 52.2325184998 27.6103885241 27.8343460503 28.0520076143 27.8221264163 28.194308698 28.1661470699 28.0559150779 27.7272422131 54.8070041418 54.4232869915 28.1913885281 52.234943598 52.234943598 52.234943598 28.172826182 28.11609386 28.2014563334 28.1551864853 28.1888576067 51.3334111136 51.3334111136 51.3334111136 27.8809039487 27.8449281063 28.0611942903 27.5499582917 28.1858502494 28.1543135882 28.1914936459 28.0245581062 27.9951624995 28.1577769677 27.9090660512 27.8600381735 27.5891299027 27.9020664238 28.1180865413 28.0910708279 28.177642447 27.8516405148 27.5863963522 28.0206741514 27.9698171139 44.6886456206
27.9555712362 28.1461003513 27.8166384299 27.8390853637 27.9388511956 28.0693961682 27.6406480632 52.4023533641 52.4023533641 27.5954031382 27.8236686557 27.942609074 27.9229058072 27.6890994434 27.8992578548 27.882614875 54.4232869915 54.8070041418 54.8070041418 54.8070041418 28.1511232974 52.234943598 27.9651379794 28.1564573058 28.0527283764 27.7431905373 27.9625854473 27.8834057643 59.555430672 59.555430672 46.5161028634 27.5707399691 27.5203114786 27.8459856517 28.0222443591 27.5964040378 47.0359277116 58.3201002071 28.1997429992 55.5648457765 55.5648457765 45.290212231 45.290212231 27.8358025198 27.5116060027 28.1844043088 27.7814637531 27.9247934716 27.7397620714 27.7711763089 27.9877435888 27.5854427442 28.0674504099
28.0689217758 27.5502237202 28.1797609947 27.7509146519 28.1729322687 27.669039691 52.4023533641 52.4023533641 52.4023533641 27.9309451919 27.7001078028 28.1025763118 27.5421447871 27.783227049 27.8162664934 27.8007423011 27.6811724285 54.8070041418 52.1647690382 52.1647690382 27.9837947449 80.5812484067 80.5812484067 28.1056873574 28.1586281623 27.7943663795 28.0225835542 73.2458889077 59.555430672 59.555430672 45.1794575125 43.6796134276 43.6796134276 37.2450497295 27.6723288942 63.432743212 63.432743212 27.6317239793 55.5648457765 55.5648457765 45.290212231 45.290212231 45.290212231 53.5540531973 67.8545653615 28.0094661787 28.1355172431 27.7399637244 28.1601313693 27.5701616599 28.1367933589 27.6040080461 28.165155884
