Spatial_Output/BAU/BAU_0486.asc
NCOLS 155
NROWS 192
XLLCORNER 196769.923733
YLLCORNER 449719.875193
CELLSIZE 27.603701
NODATA_VALUE NaN
[rows 92 to 114 of 192, columns 0 to 52 of 155]
0 0 0 0 0 0 0 27.1118510767 27.7337470123 27.240822672 27.401247145 27.4964166547 27.2800874309 27.9949633568 27.6766585578 28.1103189214 27.3551624834 27.1012074669 28.377819363 27.2055688687 27.9817867363 27.5450630569 27.86989924 27.9137646613 27.5471295168 27.6188693506 27.6265368574 27.7534395789 27.5411127449 28.4062848853 28.2566657477 27.6532712561 27.8827604878 27.3400711789 27.2846478967 27.514900592 27.9759186871 27.7508019655 27.7742242812 27.7032268295 27.2232705051 27.627416811 51.9305599513 47.0009782978 47.0009782978 47.0009782978 27.0307232999 27.2644720556 27.5266472394 27.4416683114 27.4304400492 27.1439026404 27.637160221
0 0 0 0 0 0 0 0 27.7375062708 27.2652215234 27.1078464725 27.4154444419 28.1433000545 27.3666327633 27.2776492668 27.0631022411 27.4688741309 27.7588440279 27.2156880067 27.4400794746 27.5183666464 28.3110837122 28.2436908142 27.0519342797 27.9429329556 28.354376786 27.0651024186 27.9794290267 28.3249526801 27.5608711636 27.8943373934 27.4800802091 27.5055394767 27.5563728794 27.0690387235 27.4764421719 27.9530960747 27.5178502729 27.5659257613 28.0986820703 28.3996064954 51.9305599513 51.9305599513 51.9305599513 64.4801367648 64.4801367648 27.7058833342 28.3712976251 27.3010040918 27.1614443727 27.2927167395 27.6869601113 28.4005474404
0 0 0 0 0 0 0 0 0 0 27.9036325889 28.245254357 28.3394518798 28.0885273142 28.2555917011 27.2382216003 27.6476790505 27.6044784107 28.3602825599 27.9344025014 27.2418060555 27.299973475 27.6029865792 27.4047792735 27.8667863319 27.1543999429 27.8270100456 27.1957056739 27.2556249551 27.3035088318 28.0056558888 27.1497656906 27.2190725176 27.8776224681 27.2091711981 27.454691343 28.2607292063 27.5664325266 27.4066138385 28.1459388709 27.0459219267 27.9835715454 46.4413643298 64.4801367648 64.4801367648 46.4413643298 28.3102694262 27.7663348694 27.982704113 27.8974494689 27.609793223 27.4355913814 27.1575244231
0 0 0 0 0 0 0 0 0 0 27.1114934428 27.5560525699 27.8908353235 28.2203899211 28.0086359913 27.9282478783 27.5093307452 28.2706102552 27.0174959506 28.080733583 28.0176230389 27.1742705191 27.514562471 28.1201222554 28.095184759 27.4802207887 27.6446411084 27.2732776702 27.1033607919 27.7941169367 27.8164056136 27.4484952286 28.2987005023 27.4128842466 27.6982960847 27.4940605485 27.5299171395 27.2131041688 27.6765233811 27.6891945695 27.6840483323 27.4877800665 28.1443739815 50.3975986745 50.3975986745 50.3975986745 28.0243338698 28.3639867444 28.0227305962 27.1811539453 27.9752180488 28.211177706 28.2725873981
0 0 0 0 0 0 0 0 0 0 28.1038495434 27.2135100697 27.7369269122 28.2855547237 27.8455487464 27.5787002569 27.8885615897 28.0922086337 27.8630083295 27.5158067668 27.1266555655 27.4009550316 27.2639267845 27.07893219 27.9646718413 27.1160052249 27.2336795187 28.0774089365 27.4785154585 27.6150653628 27.4447101133 28.2896487741 27.2981706565 27.999444143 28.316115605 28.2701965856 28.1172239063 27.3306081482 28.090421075 27.3526384384 27.1818970218 45.802675213 49.9830772025 49.9830772025 50.3975986745 50.3975986745 27.0800443726 27.5472543573 27.1786660119 27.7664402275 27.1488823158 27.5842907182 27.1263768991
0 0 0 0 0 0 0 0 27.2977947712 27.520635871 27.4213368727 27.0085347876 27.7905680545 28.1227731231 27.6039726452 27.7975476425 28.110709797 27.6172087719 27.4873530067 27.6652023207 27.9846384165 27.0108756204 28.3532798894 28.3897782149 27.9693260411 27.2669018514 83.9477997433 27.4204996621 45.1713237406 27.2437131528 44.9246426711 28.0461664545 60.0509603882 27.9310764314 27.4187252075 27.8363992221 27.9936667556 28.0662078987 28.3251395837 27.1688558315 27.6922185884 49.9830772025 54.3617350555 54.3617350555 27.7731483666 72.7923854038 54.0802619778 27.6015472445 46.1536403412 28.3901387598 27.6023007413 27.0847433815 27.0498685457
0 0 0 0 0 0 0 28.393415789 28.2896213429 27.3810921649 28.2084751663 27.0994183947 28.0533908978 27.1648031067 28.3950408142 27.8827743162 27.4606539846 28.1887815197 27.8248100207 28.0066224087 28.0940625071 27.1191709027 27.3817906768 27.5167549953 27.7299086361 27.5643329899 83.9477997433 83.9477997433 45.1713237406 28.3276169833 44.9246426711 60.0509603882 60.0509603882 60.0509603882 28.3404478014 27.2250611722 27.4827698006 28.0956081789 27.9736611387 28.2404190227 28.1724440843 40.7238294386 54.3617350555 54.3617350555 54.3617350555 54.0802619778 54.0802619778 46.1536403412 46.1536403412 27.6560670067 28.1564939686 27.9726748831 28.0058977239
0 0 0 0 0 0 0 27.5675213157 27.6730693715 27.1413196682 27.7343833766 28.088266661 27.2634846077 28.3745107809 28.2408304585 27.4941200667 27.4096811228 28.1596663524 28.4023065862 28.2195162799 28.1135582035 28.2354095157 27.2942892755 27.2820185883 27.7233130386 27.047422447 83.9477997433 27.230723576 28.0065731033 45.1713237406 27.7164315222 27.079346581 60.0509603882 60.0509603882 28.1891784761 28.3720488661 28.2248474972 28.2598962424 27.0392759386 27.7453568145 27.4588352226 40.7238294386 66.5871383034 54.3617350555 63.4780376918 63.4780376918 54.0802619778 27.8822330973 46.1536403412 28.1493547854 27.415870696 27.7859548319 27.7651537844
0 0 0 0 0 0 0 0 28.1695064422 27.3448033757 27.8689063918 27.1156264923 27.7181102883 27.8512984254 27.2009431336 27.4850506952 27.3723799229 27.727655643 27.8705277675 27.9337525786 28.2803857867 28.1668906149 55.5756062538 27.414204447 27.9853949707 28.13235876 28.3567958893 28.2524304305 27.8239119069 27.1252692732 27.9551044364 28.4138705595 27.522553311 27.3446217443 27.1805168681 27.0313169815 28.32245138 27.5666046367 27.0699665193 28.0310313695 27.8457239689 40.7238294386 66.5871383034 63.4780376918 63.4780376918 27.8212712916 27.1294254908 27.8330381604 27.1083881289 27.8137832415 28.1674848167 27.1862143345 27.8780496467
0 0 0 0 0 0 0 0 0 28.216876566 27.7059987348 27.5319096142 27.3433282129 27.8820941127 28.4120604542 27.6553260199 27.2567184029 27.4529895927 27.4955662639 28.0435780291 27.7625736848 27.2361454297 27.1372700136 28.1792501947 27.837474927 28.2100127752 27.5186730532 28.1916143104 28.4021385879 27.6637519777 27.7290330498 28.238534478 27.2835789927 28.1993889083 27.4550180362 27.6770038918 27.7127132288 27.3235374271 28.1678263114 28.2810085125 27.426955593 28.2618310513 50.1592904989 50.1592904989 50.1592904989 28.2665930808 27.4934205149 28.3415917783 28.1794166027 66.3751758909 66.3751758909 66.3751758909 27.6178373515
0 0 0 0 0 0 0 0 0 0 0 27.3337858271 27.6274652145 27.3544020613 27.2230941335 28.2502044543 27.8398988542 27.4514349195 27.3824669984 28.3837371923 27.9379381091 28.0163789619 58.6332024596 55.5756062538 28.1225894217 27.8438911835 27.5063435341 28.2008546716 27.4511253534 27.4196380354 27.43111099 28.0756222713 27.0330928156 28.0224961407 28.0010133312 27.3108568745 27.1568933999 27.9014854177 27.0905525843 28.2915936994 27.2470507984 27.3898672424 27.6662970535 50.1592904989 28.2117339003 27.8752865267 27.2572773309 27.2233856207 28.3583574406 27.3343828996 66.3751758909 27.5578958957 27.360659358
0 0 0 0 0 0 0 0 0 0 0 0 0 0 27.4241543758 27.6797635131 27.4124761355 27.4433342818 27.8736263966 27.1181916548 58.3279179237 58.3279179237 27.6043529596 28.1668618318 27.7804706222 28.0389316884 27.7341551525 27.002264242 28.3774315037 27.3748753562 27.5109351242 27.9777400071 28.0151920149 27.6251796509 27.2160804689 27.3478287993 27.085448373 28.3922840032 28.0292586888 27.2735261621 27.1694529992 27.7989560441 27.3339503965 47.7890322154 47.7890322154 27.6775092564 28.254644795 27.3065847672 28.2556170075 27.7683845477 28.1761119892 27.3174661745 28.1630906461
0 0 0 0 0 0 0 0 0 0 0 0 0 0 0 28.1903255925 27.2138630333 27.5680031551 28.3583299343 27.1877387962 58.3279179237 58.3279179237 27.0208887471 28.3553368838 27.3885496741 27.1101236244 27.8306841105 28.3772075189 27.989898986 28.3482570113 27.1225988526 28.0445239535 28.2998462626 28.2172473306 27.3923829387 27.7510082568 27.681044685 28.3359248039 28.319366741 27.136741825 27.2604275262 27.775906917 27.8032373865 27.8984926009 48.227391906 27.8795819846 27.6527662981 28.1723206224 27.4698684174 27.1131592591 27.3197034491 28.0454718934 27.4007205036
0 0 0 0 0 0 0 0 0 0 0 0 0 0 0 27.2095152965 28.2102627863 27.5354510745 28.1453365623 28.1497763823 27.0997365237 27.2831406212 27.0326559389 27.6048517889 28.2549052318 27.3209078065 27.1985673601 27.3667744865 28.0729612937 27.3750856291 27.1233497515 27.9891488447 27.3726109847 27.691759726 28.0741590895 27.7524207887 28.2862455356 28.3661877054 27.2034338964 27.3970336925 28.2375993503 28.3799573427 28.3284204713 28.1881026118 28.3167701406 27.680795839 27.8344293539 28.3130094451 27.1657641357 27.3196581291 27.6658892525 27.0115811492 28.1159835122
0 0 0 0 0 0 0 0 0 0 0 0 0 0 0 0 28.339452006 27.6658391961 27.4351932875 27.2993249471 27.1614966258 27.2160555491 28.2190742936 27.3384046761 27.2111028353 28.0586230095 27.0780235346 28.0030476325 27.0585248758 27.8373177054 28.2567738365 27.5162015837 27.3112751237 28.2360180468 27.868431508 27.4890760512 28.2868917598 28.3491994843 27.805293092 28.3612722571 27.3759922014 28.0780961688 27.9877235634 27.0915341562 28.3794909354 27.6406041032 27.3262202437 27.9600860371 28.180179206 27.5819307679 27.2282578685 27.046765535 27.2033104472
0 0 0 0 0 0 0 0 0 0 0 0 0 0 0 49.9768275583 50.1581119863 50.8867515102 27.4153810824 28.2987906276 27.349247243 27.1479026475 28.3121037345 28.2806994292 27.5138273843 27.724766426 27.3935706504 28.19416398 27.8901739089 27.068106856 27.9980191157 28.278900178 27.8018782708 28.0382872616 27.5572505989 28.4013293101 27.0373411721 28.316488317 28.2311445498 27.9441205664 27.2974665217 28.2438663372 27.206169725 27.2966170855 27.3774413907 27.2079971476 28.1760998101 28.2517313677 27.9905869038 27.8397123975 27.2798629544 27.2113621235 27.7996814834
0 0 0 0 0 0 0 0 0 0 0 0 0 0 76.0163762178 38.9158368682 40.9864749502 48.2132638691 27.3605031192 27.3741215479 27.969007631 27.4752425763 27.9239249024 27.0637505878 27.5506827621 27.8938350138 28.0081516451 27.9708555901 27.9827393632 28.3023573651 27.5697759166 28.231476897 28.2487412531 27.3035179027 28.0798458069 27.6791427381 27.6946442014 27.3002361689 27.5202908628 28.1453371114 27.2697095898 27.328016566 27.4113305218 28.4141440767 27.8439451312 28.319815445 27.9041921827 28.2739677372 27.0503306179 27.5473069198 27.4747233383 27.1955407926 27.2148506212
0 0 0 0 0 0 0 0 0 0 0 0 0 0 0 43.6197323301 51.3592935044 54.3572332448 27.0555323797 27.5562288767 28.1214871625 28.2087056638 28.052434265 28.175318381 27.016205582 27.0285400546 28.3460005763 28.130563078 28.0962425345 27.1542920925 27.1196825749 27.1861827891 27.2456154337 27.4114640421 27.0660378904 27.3003935894 28.3195402076 27.3667788191 28.3060996817 27.2404970206 27.7989610715 27.2473574501 27.3243404198 27.929990258 28.4060713097 27.4066267299 27.8835389182 27.0979541265 27.3730510716 27.4742838125 27.4957262183 27.7724124998 28.1556045658
0 0 0 0 0 0 0 0 0 0 0 0 0 0 0 0 0 27.4831002214 27.755589318 28.0638343689 27.6873929586 27.9938640305 27.630115139 27.283917855 27.1852075353 27.9767362455 28.3788557971 28.3932930931 27.9997839106 27.9271537518 27.4567466937 28.021202976 27.9686254647 27.3468976232 27.2275068981 28.1917821404 27.6411939114 27.205014789 27.1304125406 27.532646403 27.3084962444 27.9201468199 28.0700183426 28.2714589292 27.6018098254 27.6292254893 27.176850463 27.0393941331 27.114831074 28.0462279489 27.46295069 27.2267176149 28.3721382481
0 0 0 0 0 0 0 0 0 0 0 0 0 0 0 0 0 27.2296223839 28.4045719833 27.7432743332 27.0699622793 27.6908333475 28.3527270755 27.1640387221 27.9381869326 28.0329000339 27.8793900324 27.7310956761 27.2988858747 27.6801721064 27.4049451477 27.9549185359 27.4554360867 27.4536498077 27.6986665311 28.2509525621 27.8488370165 27.7952303065 27.115433096 27.4193401297 27.6952669702 27.7164112351 27.9572668108 27.221260014 27.8991823438 28.1490477989 27.7954306461 27.525627948 28.14614256 27.8206183435 27.2666333247 27.7258347094 27.541404935
0 0 0 0 0 0 0 0 0 0 0 0 0 0 0 0 0 0 27.8231917935 27.6352520976 27.981512628 28.4021301268 27.8227130185 27.748876294 28.219079526 27.0832518084 27.1731753639 27.7921553902 27.5753089777 27.3969589793 28.3035783029 27.1105735261 27.0988740183 27.1316694212 27.7367331314 27.9515756003 27.1519455205 27.3128878576 27.4845579575 27.2412786159 28.2588782294 28.0108135092 27.6215429764 28.2352517758 27.7920143049 27.8781261684 28.0684256326 27.5389923635 27.5954627936 27.172637977 27.0698936472 27.1331989612 28.266655415
0 0 0 0 0 0 0 0 0 0 0 0 0 0 0 0 0 0 27.8647552213 27.3629427841 27.5178848356 28.0947828696 27.0057876497 28.3952195037 27.3402757984 28.3698706195 27.1659156127 27.2608180426 27.7660360853 27.2916082503 27.5804912052 28.3167590618 28.0100164074 27.3936049463 28.126298152 27.7524928926 27.0826435319 27.5322118428 28.1284495497 28.1182188923 27.4183775399 27.7345560306 27.0248994023 27.4138408594 27.2538446086 28.3218771374 28.2721698824 27.3337634178 28.0146035978 27.9183945485 28.0603269645 27.3336402262 27.416908762
0 0 0 0 0 0 0 0 0 0 0 0 0 0 0 0 0 0 0 28.2719897313 27.8224882843 27.5503271105 27.4704372086 27.5084980608 27.5813352072 28.4059079317 28.2732607904 27.5856773002 27.0686388662 27.8284617864 27.4957615327 27.4638857716 27.6647295529 28.3656147141 28.0954794899 27.7307303615 27.3126127284 27.9478745518 28.2901272121 28.3123414966 28.1154257902 27.3888100245 27.1183512364 27.7007207834 28.2692398531 27.028187886 28.1781656534 28.0909299587 27.5246349302 27.1227110897 27.3744176932 27.5565473681 28.3332080157
