Spatial_Output/BAU/BAU_1272.asc
NCOLS 155
NROWS 192
XLLCORNER 196307.867259
YLLCORNER 449144.565805
CELLSIZE 33.573938
NODATA_VALUE NaN
[rows 105 to 139 of 192, columns 77 to 153 of 155]
29 62.2333496198 62.2333496198 64.51297149 52.9156424469 52.9156424469 58.5186919235 58.5186919235 42.5779517005 42.5779517005 29 76.4029431552 48.9029165752 48.9029165752 63.4059788255 29 53.3612502744 56.7798023354 47.4128911384 29 29 29 29 29 29 29 29 47.5685622358 29 29 29 29 29 29 29 29 29 49.3144332508 49.3144332508 29 29 29 29 29 29 29 29 29 29 29 29 29 29 29 29 29 48.5175373444 48.5175373444 29 0 0 0 0 0 0 0 0 0 0 0 0 0 0 0 0 0 0
29 29 62.2333496198 29 52.9156424469 52.9156424469 58.350652122 58.5186919235 77.0904270833 42.5779517005 82.9339618344 29 56.9747707863 48.9029165752 29 29 29 29 29 29 29 29 29 29 29 29 29 29 29 29 29 29 29 29 29 29 29 48.4749646178 48.4749646178 48.4749646178 29 29 29 29 29 29 29 29 29 29 29 29 29 29 29 29 29 48.5175373444 29 0 0 0 0 0 0 0 0 0 0 0 0 0 0 0 0 0 0
29 29 29 29 53.50814777 53.50814777 29 29 29 29 29 29 56.9747707863 53.5605474329 56.9747707863 29 29 29 29 29 29 29 29 29 29 29 29 29 44.8294639074 29 29 29 29 29 29 29 29 29 48.4749646178 48.4749646178 29 29 29 29 29 29 29 29 29 29 29 29 29 29 29 29 29 29 29 0 0 0 0 0 0 0 0 0 0 0 0 0 0 0 0 0 0
29 29 29 29 29 53.50814777 29 29 29 29 29 29 53.5605474329 53.5605474329 53.5605474329 29 29 29 29 29 29 29 29 29 29 29 62.2587242671 62.2587242671 62.2587242671 62.2587242671 29 49.2279678315 29 29 29 63.8544980191 63.8544980191 29 29 40.8369000218 29 58.0731032185 54.1921693743 47.699381748 47.699381748 29 29 29 29 29 29 29 29 29 67.5816162259 29 67.3865252755 29 0 0 0 0 0 0 0 0 0 0 0 0 0 0 0 0 0 0 0
61.5282564343 29 29 29 63.0204847575 63.0204847575 63.0204847575 63.0204847575 52.2398813836 29 58.1555577976 29 29 57.1621518875 55.2806254378 87.3180434708 87.3180434708 29 67.4845712641 60.8224503336 29 74.6541875379 29 29 29 29 29 56.653394354 56.653394354 29 29 49.2279678315 29 29 63.8544980191 63.8544980191 63.8544980191 29 29 40.8369000218 40.8369000218 58.0731032185 47.699381748 47.699381748 47.699381748 61.463905813 61.463905813 61.6106653092 48.0888638951 29 29 29 29 29 67.5816162259 67.5816162259 29 29 0 0 0 0 0 0 0 0 0 0 0 0 0 0 0 0 0 0 0
63.0175146302 42.4760008161 44.8442683887 29 48.5382612359 48.5382612359 57.214278187 57.214278187 52.2398813836 72.0222984271 58.1555577976 58.1555577976 64.4291349209 55.2806254378 55.2806254378 57.1621518875 87.3180434708 29 29 67.4845712641 74.6541875379 74.6541875379 29 29 29 29 56.653394354 56.653394354 56.653394354 56.653394354 29 29 29 29 29 29 29 50.6183594769 50.6183594769 50.6183594769 50.6183594769 29 29 47.699381748 47.699381748 61.463905813 61.463905813 48.0888638951 48.0888638951 47.4428033684 47.4428033684 47.1363313611 50.572759821 29 29 67.5816162259 29 29 0 0 0 0 0 0 0 0 0 0 0 0 0 0 0 0 0 0 0
63.0175146302 63.0175146302 29 48.5382612359 48.5382612359 48.5382612359 57.214278187 57.214278187 52.2398813836 72.0222984271 58.1555577976 58.1555577976 29 55.2806254378 55.2806254378 61.1045836686 87.3180434708 53.4311711495 67.4845712641 29 29 74.6541875379 29 29 29 29 29 29 29 29 29 29 29 29 29 29 29 40.8033418356 50.6183594769 50.6183594769 40.8033418356 29 29 29 29 61.463905813 61.6106653092 47.479030758 48.0888638951 47.4428033684 47.4428033684 50.572759821 50.572759821 59.388308307 59.388308307 29 29 29 52.1488716001 40.7781986634 0 0 0 0 0 0 0 0 0 0 0 0 0 0 0 0 0
77.9162334932 44.2749884687 29 29 48.5382612359 55.8251784372 55.8251784372 55.8251784372 52.2398813836 29 29 29 64.8902748408 61.766862442 61.766862442 29 29 29 29 29 29 29 29 29 29 29 29 48.3032950717 48.3032950717 48.3032950717 29 29 29 29 29 29 29 29 29 29 29 29 29 29 29 29 29 29 29 47.4428033684 29 29 87.1119511489 59.388308307 59.388308307 29 29 52.1488716001 52.1488716001 52.1488716001 40.7781986634 0 40.7781986634 0 0 0 0 0 0 0 0 0 0 0 0 0 0
77.9162334932 77.9162334932 29 29 29 29 55.8251784372 29 29 29 29 29 61.766862442 61.766862442 61.766862442 55.435477674 29 29 29 29 29 29 29 29 29 29 29 50.4362519887 61.3601967697 50.4362519887 29 29 29 29 29 29 29 29 55.2916551416 55.2916551416 55.2916551416 29 29 29 29 29 29 29 29 44.1130898975 44.1130898975 44.1130898975 87.1119511489 59.388308307 87.1119511489 29 29 52.1488716001 52.1488716001 40.7781986634 40.7781986634 0 40.7781986634 40.7781986634 0 0 0 0 0 0 0 0 0 0 0 0 0
70.7454131937 43.4855616781 29 29 50.1679001644 43.5792256504 45.6315228018 29 29 29 29 29 53.1245540688 53.1245540688 53.1245540688 53.1245540688 29 29 29 29 29 29 29 29 29 29 29 61.3601967697 61.3601967697 61.3601967697 29 29 29 29 29 29 29 29 55.2916551416 55.2916551416 55.2916551416 29 29 29 29 29 64.464380081 29 29 29 44.1130898975 65.8937481959 65.8937481959 65.8937481959 29 29 29 0 0 0 0 0 40.7781986634 40.7781986634 0 0 0 0 0 0 0 0 0 0 0 0 0
43.4855616781 52.6908485206 51.5625179013 29 62.2016310036 43.5792256504 43.5792256504 29 57.8688941833 57.8688941833 77.1784566668 29 53.1245540688 81.2159032809 81.2159032809 53.1245540688 29 29 29 29 29 29 29 29 29 29 29 61.3601967697 61.3601967697 61.3601967697 29 29 29 49.2950936576 49.2950936576 45.0249193867 54.8064084044 29 47.1228861107 63.6871237424 63.6871237424 29 29 29 29 56.3785888833 56.3785888833 29 29 44.1130898975 29 29 65.8937481959 65.8937481959 29 29 57.736153207 37.2637924353 57.3874499766 57.3874499766 0 0 0 0 0 0 0 0 0 0 0 0 0 0 0 0 0
43.4855616781 43.4855616781 52.6908485206 62.2016310036 62.2016310036 47.8601711057 47.8601711057 29 57.8688941833 57.8688941833 63.3649343418 48.3821079973 48.3821079973 81.2159032809 81.2159032809 70.6368348102 66.5861809902 60.0456019089 60.0456019089 60.2109626228 29 29 63.0365492514 29 47.639450798 29 68.3701635763 78.5234454284 78.5234454284 48.5843393955 81.3820351087 29 29 49.2950936576 45.0249193867 54.8064084044 54.8064084044 47.1228861107 47.1228861107 63.6871237424 46.6727207908 29 29 29 29 56.3785888833 56.3785888833 64.464380081 29 44.1130898975 44.1130898975 29 29 29 29 29 57.736153207 37.2637924353 37.2637924353 57.3874499766 0 0 0 0 0 0 0 0 0 0 0 0 0 0 0 0 0
56.254012716 52.6908485206 52.6908485206 29 62.2016310036 47.8601711057 47.8601711057 47.8601711057 57.8688941833 29 29 48.3821079973 48.3821079973 29 70.6368348102 70.6368348102 66.5861809902 60.0456019089 60.0456019089 60.2109626228 60.2109626228 63.0365492514 63.0365492514 29 47.639450798 68.3701635763 68.3701635763 78.5234454284 78.5234454284 60.9916333361 81.3820351087 29 29 49.2950936576 45.0249193867 45.0249193867 54.8064084044 47.1228861107 47.1228861107 29 46.6727207908 29 29 29 29 29 56.3785888833 29 29 29 29 60.8697138805 29 29 29 29 57.736153207 37.2637924353 57.3874499766 0 0 0 0 0 0 0 0 0 0 0 0 0 0 0 0 0 0
29 61.8079308727 29 29 29 29 29 29 29 29 29 29 48.3821079973 29 70.6368348102 70.6368348102 66.5861809902 60.0456019089 60.0456019089 60.2109626228 60.2109626228 63.0365492514 63.0365492514 29 47.639450798 29 68.3701635763 78.5234454284 78.5234454284 51.2388920394 81.3820351087 29 29 49.2950936576 29 45.0249193867 29 29 29 65.4098424764 29 29 29 29 29 59.1250418978 29 66.3837829688 66.3837829688 61.1483847382 29 60.8697138805 29 29 29 66.9575347672 0 0 0 0 0 0 0 0 0 0 0 0 0 0 0 0 0 0 0 0 0
44.6795810682 63.3418494754 63.3418494754 63.3418494754 29 29 29 29 29 29 29 29 29 67.536520223 52.0945313671 52.0945313671 29 29 29 60.2109626228 29 29 63.0365492514 29 29 29 29 51.2388920394 51.2388920394 51.2388920394 29 29 29 29 29 29 29 29 29 42.6827183002 29 64.4413163174 29 29 59.1250418978 59.1250418978 66.3837829688 66.3837829688 66.3837829688 61.1483847382 57.8982520087 47.085511745 29 29 29 0 0 0 0 0 0 0 0 0 0 0 0 0 0 0 0 0 0 0 0 0 0
29 63.3418494754 63.3418494754 56.254012716 29 29 29 29 29 29 29 29 29 52.0945313671 52.0945313671 52.0945313671 29 29 29 29 29 29 29 29 29 29 29 29 29 29 29 29 29 29 29 29 29 70.5712315269 70.5712315269 29 52.7022290828 29 29 29 82.0391419645 59.1250418978 29 58.4616450671 29 29 48.1323431346 48.1323431346 48.1323431346 29 29 0 0 0 0 0 0 0 0 0 0 0 0 0 0 0 0 0 0 0 0 0 0
29 29 29 70.7808889449 29 29 29 29 29 29 29 29 29 29 52.0945313671 58.2955967949 29 29 29 29 29 29 29 29 29 29 29 29 29 29 29 29 29 29 74.8518175311 48.0466804486 70.5712315269 70.5712315269 70.5712315269 70.5712315269 29 29 29 29 29 29 29 29 29 52.7826168152 52.7826168152 52.7826168152 65.3592745551 29 0 0 0 0 0 0 0 0 0 0 0 0 0 0 0 0 0 0 0 0 0 0 0
29 29 70.7808889449 70.7808889449 70.7808889449 29 29 29 29 29 29 29 29 56.8165441832 56.8165441832 56.8165441832 29 29 29 29 29 29 29 29 29 29 29 29 29 60.9781939737 29 61.8366199336 29 74.8518175311 74.8518175311 48.0466804486 48.0466804486 70.5712315269 70.5712315269 70.5712315269 29 29 29 29 29 29 29 29 29 61.0423719088 52.7826168152 52.7826168152 29 29 0 0 0 0 0 0 0 0 0 0 0 0 0 0 0 0 0 0 0 0 0 0 0
29 29 70.7808889449 70.7808889449 64.0114938109 29 29 29 29 29 29 29 29 29 58.2955967949 58.2955967949 29 29 29 29 29 29 29 29 29 29 29 55.5390213927 29 50.7713748932 61.8366199336 61.8366199336 61.8366199336 74.8518175311 74.8518175311 48.0466804486 29 29 58.0738227542 29 29 29 29 29 29 29 29 29 29 29 38.0298050569 51.4440844924 29 29 0 0 0 0 0 0 0 0 0 0 0 0 0 0 0 0 0 0 0 0 0 0 0
29 29 64.0114938109 64.0114938109 64.0114938109 29 29 29 29 29 29 29 29 58.2955967949 58.2955967949 58.2955967949 58.2955967949 29 29 29 29 29 29 29 64.4152464167 64.8604639331 69.0957878289 44.7895255794 44.7895255794 50.7713748932 50.7713748932 61.8366199336 29 29 29 29 29 29 29 66.0792791246 66.0792791246 66.0792791246 29 29 29 29 29 29 65.6056235809 47.4724035987 47.4724035987 29 29 0 0 0 0 0 0 0 0 0 0 0 0 0 0 0 0 0 0 0 0 0 0 0 0
29 29 29 29 29 29 29 29 29 29 29 29 29 76.3400503273 44.5428158614 44.5428158614 48.043214624 29 29 29 29 54.1131516472 29 29 64.4152464167 69.0957878289 69.0957878289 44.7895255794 55.5390213927 45.0544197387 50.7713748932 29 29 29 29 29 29 29 29 66.0792791246 51.2493590562 29 29 29 29 29 29 29 47.4724035987 47.4724035987 47.4724035987 29 29 0 0 0 0 0 0 0 0 0 0 0 0 0 0 0 0 0 0 0 0 0 0 0 0
29 59.6839786336 41.4042449 57.2409525973 57.2409525973 57.2354994412 29 57.2354994412 29 29 29 29 29 29 29 76.3400503273 29 29 54.4881849725 54.4881849725 54.1131516472 29 42.5211154393 29 64.4152464167 64.4152464167 50.5483276694 44.7895255794 45.0544197387 29 29 29 29 29 29 29 29 29 29 51.2493590562 51.2493590562 51.2493590562 29 29 29 29 29 48.0455995755 48.0455995755 29 61.0423719088 29 29 0 0 0 0 0 0 0 0 0 0 0 0 0 0 0 0 0 0 0 0 0 0 0 0
29 41.4042449 69.7145646811 43.1300559427 43.1300559427 43.1300559427 57.2354994412 29 29 29 51.1141832905 51.1141832905 46.2575692919 29 29 52.0669787895 52.0669787895 63.2051939184 54.4881849725 29 29 29 29 29 29 29 29 29 29 29 29 29 29 29 29 29 29 29 29 56.9007262405 56.9007262405 56.9007262405 29 29 29 29 29 29 66.9556841148 48.0455995755 48.0455995755 29 0 0 0 0 0 0 0 0 0 0 0 0 0 0 0 0 0 0 0 0 0 0 0 0 0
29 41.4042449 41.4042449 43.1300559427 43.1300559427 57.2354994412 29 29 29 56.093719831 51.1141832905 51.1141832905 46.2575692919 53.0773148457 29 52.0669787895 52.0669787895 29 29 29 29 29 29 29 29 29 29 29 29 29 29 29 29 29 29 29 29 29 29 56.9007262405 56.9007262405 29 29 29 29 29 29 66.9556841148 66.9556841148 66.9556841148 29 29 0 0 0 0 0 0 0 0 0 0 0 0 0 0 0 0 0 0 0 0 0 0 0 0 0
29 59.6839786336 41.4042449 45.1146753115 29 73.8774046512 29 29 29 29 51.1141832905 29 46.2575692919 53.0773148457 29 29 63.2051939184 29 29 29 29 29 29 29 29 29 29 29 29 29 29 29 29 29 29 29 29 29 29 29 44.418967179 51.1144962545 29 29 29 29 29 39.8211940714 66.9556841148 66.9556841148 29 29 0 0 0 0 0 0 0 0 0 0 0 0 0 0 0 0 0 0 0 0 0 0 0 0 0
29 29 29 29 60.5177130453 60.5177130453 29 29 29 29 29 29 29 29 29 29 29 29 29 29 29 29 29 29 29 29 29 29 29 29 29 29 29 29 29 29 29 29 29 40.7723975443 44.418967179 40.7723975443 29 29 29 29 39.8211940714 39.8211940714 39.8211940714 29 29 0 0 0 0 0 0 0 0 0 0 0 0 0 0 0 0 0 0 0 0 0 0 0 0 0 0
29 29 29 29 60.5177130453 60.5177130453 29 68.2468087232 68.2468087232 29 29 29 29 29 29 29 29 29 29 29 29 29 29 29 29 29 29 29 29 29 29 29 29 29 29 29 29 29 29 44.418967179 44.418967179 44.418967179 29 29 29 29 63.0124271351 39.8211940714 63.0124271351 29 29 0 0 0 0 0 0 0 0 0 0 0 0 0 0 0 0 0 0 0 0 0 0 0 0 0 0
29 29 29 29 47.6319844536 47.6319844536 29 68.2468087232 68.2468087232 57.533610704 57.533610704 29 29 29 29 29 29 29 29 29 29 29 29 29 29 29 29 29 29 29 29 29 29 29 29 29 29 29 29 44.2099035498 44.2099035498 44.2099035498 29 29 29 29 63.9342229523 46.2661438391 46.2661438391 46.2661438391 29 0 0 0 0 0 0 0 0 0 0 0 0 0 0 0 0 0 0 0 0 0 0 0 0 0 0
29 29 29 29 29 29 29 29 68.2468087232 57.533610704 57.533610704 29 50.7137753445 29 29 29 29 29 29 29 29 29 29 29 29 29 29 29 29 29 29 29 29 29 29 29 29 29 29 29 58.7563224269 54.6743654332 29 49.6111564098 49.6111564098 55.2908915076 58.0491278961 46.2661438391 46.2661438391 29 29 0 0 0 0 0 0 0 0 0 0 0 0 0 0 0 0 0 0 0 0 0 0 0 0 0 0
29 29 29 29 29 29 29 29 29 57.533610704 50.7137753445 50.7137753445 50.7137753445 29 29 29 29 29 29 29 29 29 29 29 29 29 29 29 29 29 29 29 29 29 29 29 29 29 29 29 58.7563224269 58.7563224269 29 49.6111564098 49.6111564098 29 73.7949395832 73.7949395832 69.2080068727 29 41.4452590076 41.4452590076 43.6057423047 48.2995619474 0 0 0 0 0 0 0 0 0 0 0 0 0 0 0 0 0 0 0 0 0 0 0
29 29 29 29 29 29 29 29 29 29 29 50.7137753445 55.8385389723 55.8385389723 29 29 29 29 29 29 29 29 29 29 29 29 29 29 29 29 29 29 29 29 29 29 29 29 29 54.9392249922 58.7563224269 54.9392249922 29 29 49.6111564098 29 29 69.2080068727 69.2080068727 69.2080068727 41.4452590076 48.8366953058 48.8366953058 29 51.4579509686 51.4093329249 0 0 0 0 0 0 0 0 0 0 0 0 0 0 0 0 0 0 0 0 0
29 29 29 29 29 29 29 29 29 29 29 55.8385389723 55.8385389723 55.8385389723 29 29 29 29 29 29 29 29 29 29 29 29 29 29 29 29 29 29 29 29 29 29 29 29 29 29 29 29 29 49.6111564098 29 29 29 29 29 41.4452590076 29 48.8366953058 48.8366953058 56.8878580738 56.8878580738 51.4093329249 0 0 0 0 0 0 0 0 0 0 0 0 0 0 0 0 0 0 0 0 0
29 29 29 29 29 29 29 29 29 29 29 55.8385389723 70.15638756 29 29 29 29 29 29 29 29 29 29 29 29 29 29 29 29 29 29 29 29 29 29 29 29 29 29 29 29 29 29 29 29 29 29 29 29 29 29 48.8366953058 56.8878580738 56.8878580738 59.2543997864 68.8229765531 0 0 0 0 0 0 0 0 0 0 0 0 0 0 0 0 0 0 0 0 0
29 29 29 29 29 29 29 29 29 29 29 70.15638756 50.2763209622 70.15638756 29 29 29 29 29 29 29 29 29 29 29 29 29 29 29 29 29 29 29 29 29 29 29 29 29 29 29 29 29 29 29 29 29 29 29 29 29 29 56.8878580738 56.8878580738 59.2543997864 68.8229765531 73.7118815877 0 0 0 0 0 0 0 0 0 0 0 0 0 0 0 0 0 0 0 0
29 29 29 29 29 29 29 29 29 29 29 29 50.2763209622 50.2763209622 50.2763209622 29 29 29 29 29 29 29 29 29 29 29 29 29 29 29 29 29 29 29 29 29 29 29 29 29 29 29 29 29 29 29 29 29 29 29 29 29 29 29 68.8229765531 73.7118815877 73.7118815877 73.7118815877 0 0 0 0 0 0 0 0 0 0 0 0 0 0 0 0 0 0 0
