Spatial_Output/BAU/BAU_0620.asc
NCOLS 155
NROWS 192
XLLCORNER 196769.923733
YLLCORNER 449719.875193
CELLSIZE 27.603701
NODATA_VALUE NaN
[rows 92 to 114 of 192, columns 0 to 52 of 155]
0 0 0 0 0 0 0 28.961798674 26.2946834983 25.8327220296 27.7946974576 25.9794399025 28.570859518 25.6642014586 27.586586375 25.1135256522 27.2620020692 27.2565496141 29.4144656344 29.2058382629 27.2987519646 29.378880773 26.7060563289 26.4673306794 28.4018867435 28.4688665582 27.5983762621 26.8014015456 28.809959741 26.558490711 26.7223705581 25.6251423629 28.9197679819 28.7594341994 25.2130582034 26.473353912 27.6547138997 26.4348610127 29.3414482879 27.1334281624 27.5518967518 38.1758561946 54.0849481051 29.0697475427 27.3651909182 24.5587048794 24.6732434345 27.3432041498 26.4563264556 25.2534436972 25.4245804545 26.0585213607 25.0885839378
0 0 0 0 0 0 0 0 28.6807426472 26.1435952948 27.461072471 25.0572431699 27.0978605328 25.1160138838 27.2526418845 28.1123786007 25.558478997 27.3838221692 25.3685339614 26.4922994084 28.0060486854 24.5236340452 28.7295869686 28.7848814891 27.5473411407 27.1618576967 26.0977842029 26.8012549174 25.57050074 25.9370983603 25.4927519188 28.5107593299 28.8012484532 25.5653465007 25.1862186622 27.9399620986 28.0713354873 27.5674042131 25.7706674427 27.1184989092 28.6817167355 51.2734683257 51.2734683257 26.8913712892 27.9239220528 25.3953120836 29.0268949742 26.447857021 28.8473519851 24.6968896259 24.7927508554 25.6929446529 26.2733119797
0 0 0 0 0 0 0 0 0 0 26.8256730789 28.7508126572 25.8263306494 25.1741761006 25.2794406242 26.5023180572 27.5150572273 25.4674090198 25.4234826426 25.6390390753 24.9837408748 25.501972925 28.3373009278 26.9704809684 25.072543285 29.1843623814 26.9950632788 27.9332555915 26.4968362134 29.3428946546 27.6681559878 27.1977189296 28.5535122153 29.3058946419 27.3478063438 28.8369703553 27.466147622 26.7471833273 26.2253173065 24.7525118355 26.1530467181 62.2060240912 62.2060240912 62.2060240912 28.7649555276 24.6036182877 26.705377235 28.2047338983 28.2840712629 25.9536569992 25.8847372842 26.4671872054 25.0113368944
0 0 0 0 0 0 0 0 0 0 25.4528659268 25.2150082445 26.5483188485 24.743543006 24.8462542608 27.2936883571 27.7829484917 28.8345991591 26.4392002795 25.0117361971 25.9227712576 28.036190823 27.4482275209 27.9962650363 25.3542986669 29.0122470763 27.4349921734 28.8036990342 25.8769128018 28.1564656162 25.3768838307 24.6740291979 25.4068326301 29.0571527963 26.3655515317 26.4818368295 25.5020154543 26.9665609093 28.1259721061 28.9332006241 27.045540554 62.2060240912 62.2060240912 62.2060240912 28.8706392968 28.7274317276 29.0136000224 28.104469305 28.7779796267 28.2373538007 24.6761775008 27.2348433565 29.2883272214
0 0 0 0 0 0 0 0 0 0 24.6236693312 27.4901777029 29.0285161114 25.4339312962 24.887713429 27.3753823578 25.0681375258 26.4825839064 25.8072388974 24.6389435977 25.9081301576 28.8345604126 28.0205607874 27.8001104537 24.6638353546 26.0290584669 27.5665675444 24.8608646132 25.2846687625 28.9027774401 28.9673046894 29.3254601565 28.3400324396 25.7546381629 28.208759529 27.8970642349 27.5135154449 27.0206445019 24.8671102424 25.6001932978 27.3104931282 55.724452735 62.2060240912 25.0007683368 29.0435762359 25.2313153789 26.4537958026 26.8571489682 26.4249890159 29.134606135 26.300080606 28.40987899 27.7505984007
0 0 0 0 0 0 0 0 27.8746112534 29.1281522632 27.2016066306 28.8964730054 27.5975878754 25.2061614596 25.1156647146 28.6920187568 27.9661739107 25.1147592584 25.2726946179 27.3361295695 26.24699262 26.4337434029 26.606189898 26.3541691329 26.2306705351 25.8718090755 27.928641733 24.8604429922 28.2884399747 26.248668432 24.9986086672 25.6312709322 25.0015693352 56.1314611813 25.2917499755 25.9559646376 40.3713887465 65.0056760332 25.893986166 26.1624194395 24.6707866953 27.7433442454 28.3313538903 26.8295197964 27.5990865674 25.6635709318 25.3252258408 26.297580517 55.8521712069 29.4319118858 27.7177348636 27.0115199638 28.1210724506
0 0 0 0 0 0 0 25.4645827151 26.5654793327 25.9263371265 25.6652959563 25.5577201462 27.3369597385 25.1090242602 24.5144017035 27.6749529728 29.2636527348 27.9600566652 25.2294437043 27.3195467621 26.1202038413 27.7702937919 27.4124981095 26.4420523904 24.883852763 28.7083164769 29.3426921334 27.2162652402 25.9668341859 77.5375417151 28.6116212309 25.4071118923 56.1314611813 56.1314611813 56.1314611813 25.1559070938 40.3713887465 65.0056760332 65.0056760332 62.3267730905 27.5447977639 24.5520833097 52.4870276586 24.6888439416 52.4870276586 26.4655810416 25.1996475604 55.8521712069 55.8521712069 55.8521712069 29.3925321609 25.6293729702 61.2360334636
0 0 0 0 0 0 0 26.8537524992 26.94278249 26.7351089477 27.5560994289 25.3833616854 25.0301603508 24.848401035 28.4022783109 26.9319934577 27.4060446125 27.1311471197 28.7515405162 26.2863410424 27.7481582167 25.6477299927 29.3187835433 29.1664669148 29.1597333953 25.6764612767 27.232781656 27.4813473801 26.7221331564 29.0377881932 25.6473810511 52.9260746456 54.5899690956 56.1314611813 56.1314611813 25.9801900058 40.3713887465 65.0056760332 65.0056760332 63.233499112 25.4366466468 58.0892916963 58.0471737143 29.4373769799 26.7510314251 27.771236293 29.1643459888 28.5161738212 55.8521712069 26.7487347223 27.3355050614 24.9519796442 61.2360334636
0 0 0 0 0 0 0 0 26.0529132039 27.1317778473 27.8208023204 27.5971823368 28.2963215419 26.0961504853 25.3513939988 25.8731351088 28.774220357 27.224356428 24.8324140434 27.5183839227 27.6228991232 26.040405578 24.9452265501 28.4894020343 25.533201593 27.7185012048 26.3934052079 26.3280440451 26.0627266896 25.4398453919 29.2559390408 27.8914102761 26.6921203057 27.2779017165 28.6802423234 26.3845651563 26.8424617154 65.0056760332 28.7916833766 24.5225042855 24.8653431906 27.3972789261 74.0236862809 74.0236862809 74.0236862809 29.2866120104 24.6085513887 26.6102533248 25.932962575 25.3195553164 27.9004875693 25.8522635761 25.6953146319
0 0 0 0 0 0 0 0 0 28.7177354878 25.6082443437 29.193470446 28.3952125074 24.9497661737 25.4756299865 25.2042584509 29.3798220194 28.4901448925 26.5168376721 29.2223183274 27.377172583 28.7660864193 24.7529906482 28.8944880929 27.6156731547 27.6496924976 27.4270274966 27.7526001092 26.6457529874 28.0400167123 28.9863093139 25.9720573586 28.1347380342 25.1111921897 27.2864053681 29.4116201418 26.2172105488 27.733244284 26.5351458851 26.7004326547 28.7612318345 25.5966267428 74.0236862809 74.0236862809 74.0236862809 27.8449794224 24.6173244643 28.9831690548 26.4321235785 24.9646961254 25.310617446 28.2916613103 25.716321458
0 0 0 0 0 0 0 0 0 0 0 28.9581082959 24.7340729699 29.3185781752 28.8279116385 24.7284803711 28.7682929047 26.9771807508 26.54686159 27.6953284161 28.7225671109 25.5697473387 25.0481760246 28.6285577955 28.7199695832 27.1036105225 27.4936954643 26.7480888417 29.3133206671 27.3265026809 28.4886888297 24.6698975561 25.7593620815 25.9925382356 27.536505168 26.8096095869 27.5603241793 27.3547047989 29.1193042512 27.636597852 28.1907309246 27.8384668548 40.2833702413 74.0236862809 28.9320660874 29.4092970177 28.6775437957 25.501103212 27.1563835707 27.7087027824 29.1325056076 25.4493648212 27.0433157311
0 0 0 0 0 0 0 0 0 0 0 0 0 0 29.3876531556 26.2186451711 27.7874155364 25.4449129717 28.204895973 26.6290617038 24.9473932787 29.1028632216 24.875668374 27.4643608876 26.8795309417 26.9663471437 26.935246275 28.070005274 29.0541954587 25.9926903921 29.2783840208 27.4528681543 27.7681498103 25.7869329923 25.5331715648 25.1339113176 24.8903256063 28.5419923259 28.1262127403 25.6426351527 29.2765203425 24.8290158428 28.2270685414 47.6474343467 26.7624383196 25.3991947416 26.175508247 26.0175594101 26.0451999429 29.1579073964 27.527645595 26.8085677004 25.4333132437
0 0 0 0 0 0 0 0 0 0 0 0 0 0 0 24.947136484 26.8595008077 25.913684704 27.207234313 24.9083674772 24.8485538227 27.8349751977 26.0935109184 26.4604142594 28.4195863045 29.1908018532 28.5799971712 28.3133804217 26.0319152156 28.0752958848 27.902293135 25.0469292644 27.8886273897 27.3151449636 25.6997598979 25.2164269361 27.8690147789 26.2660288638 27.1275087623 29.0838572728 25.2682648992 24.6355343901 47.6474343467 47.6474343467 47.6474343467 28.1338045644 29.3564064881 29.2106238741 26.4449506965 28.0906119611 25.2294090757 28.671445728 26.3951192391
0 0 0 0 0 0 0 0 0 0 0 0 0 0 0 27.3419427631 26.4201921258 27.9260119133 26.8533912997 28.5372957836 27.698105003 27.4827396789 28.0008427662 25.1813451938 27.9051322801 28.8649525833 24.5934031301 26.4196027434 26.2704333031 26.0052705083 24.6398855751 25.9208020273 25.1932015321 26.6601439082 26.8063292701 25.6198090112 26.5602910034 28.7786929784 26.7039788275 28.5797735522 27.4535780311 25.7965439973 47.6474343467 47.6474343467 47.6474343467 26.3896392647 24.9871470141 28.3295846648 24.5001230937 26.2943512741 28.9753088689 28.0154725963 26.973145251
0 0 0 0 0 0 0 0 0 0 0 0 0 0 0 0 28.9981562668 28.009833928 25.7656698825 28.2252624212 28.6132696845 25.568585345 26.0851073192 26.0277829673 25.4922121809 25.5175699837 28.2514193384 25.1800669479 29.098212161 29.4441804729 29.0064050934 26.1476194348 25.5743901226 26.0430721097 28.2419814671 26.2585515923 26.980511555 27.9927524054 29.4214590908 24.7406252551 26.865185263 26.8813197427 28.4279645495 50.8731605999 27.5067416932 28.806222727 27.9019982198 27.9471722159 25.4199277312 27.0524723831 28.5016707694 26.8745977056 25.9124178237
0 0 0 0 0 0 0 0 0 0 0 0 0 0 0 50.1602489714 45.8787143782 45.4147118011 28.3964368588 27.0744955708 29.2150117925 28.6504220495 25.9043252351 28.0616408782 26.7621195308 27.8512535997 25.2418136112 26.7280706526 26.2672420528 28.540999351 27.0889561806 26.0535455396 28.0438204253 28.1064892912 25.9687947236 24.943398697 26.1464779463 26.0797274847 26.911325037 27.857692506 25.067464044 25.1013266528 45.9132242527 45.9132242527 45.9132242527 28.0414235785 27.9957144733 28.0287139204 28.4858582079 26.3908427095 25.9364274747 28.4162409222 26.5184325452
0 0 0 0 0 0 0 0 0 0 0 0 0 0 74.3448679699 39.5013467876 48.0070974192 50.4908973576 28.9034504128 29.2263608896 25.1747760386 26.9153531728 27.6761048315 28.2748562551 26.0464169703 26.9143241487 25.4949609782 25.2736495128 26.2635921916 26.7191801733 28.9244621649 24.8295733639 29.0198747692 28.0911419936 28.9084344757 26.7194139707 28.0124968774 25.5708694596 27.5085987516 28.4021713975 26.1578266819 24.6412140412 57.989147337 45.9132242527 45.9132242527 25.3125052987 25.2653468169 29.2557377235 26.5054369295 27.0727410917 29.3505579741 27.7403009476 26.7581764567
0 0 0 0 0 0 0 0 0 0 0 0 0 0 57.6235635843 45.9388178989 49.5660605755 43.8750867249 28.2194000967 27.3665052185 27.9911848841 28.0758837101 28.0391991979 24.8428738495 28.0796095377 26.9644959789 26.2132788063 24.5621277617 24.9147569154 24.7783079357 25.0492278063 28.0427985098 28.0149615509 27.7616325494 27.8596542304 26.6661798556 27.7556743515 29.3487836338 25.4552301375 28.7196238877 27.7600922152 24.593401481 64.7297961918 28.2830303518 27.6007302642 27.1487400753 25.1224107556 27.6891140221 24.9471351535 27.5295565265 28.7104011191 25.8860111276 25.5196977947
0 0 0 0 0 0 0 0 0 0 0 0 0 0 0 57.6235635843 57.6235635843 28.432656669 27.6571907287 26.9897976241 26.7199682335 27.445669215 25.6352755585 27.847072353 26.6549498802 28.4054363908 25.6460716081 24.6927837771 25.2077724934 28.7186304848 24.8910781552 26.6860735631 24.7325618609 27.8771728867 29.0621603611 25.4715958489 26.3853810307 26.0880626085 28.6355196367 25.71209857 27.4807039193 24.8981939618 28.2448244201 61.665154252 61.665154252 26.1650558707 29.0483595917 27.9530928505 26.4198709458 29.4472955525 24.9286929377 29.1653521569 28.2583178519
0 0 0 0 0 0 0 0 0 0 0 0 0 0 0 0 0 24.6666890365 27.5777396372 27.3916629602 25.4425933727 28.8174016412 25.6335938784 25.6666045944 24.6075794922 28.8173826879 24.6413205109 29.0798066272 28.1263134493 24.9947443696 27.3211746759 26.1177557746 29.3250193512 25.0637046631 27.5117622863 25.7335896439 29.1637125801 25.8132889778 29.1522610429 24.7030122519 28.9594169703 27.0817345279 61.665154252 61.665154252 61.665154252 28.5122799471 27.6454444223 29.3120495808 25.7956159636 25.3814042499 29.4156304661 25.886696381 26.7365038858
0 0 0 0 0 0 0 0 0 0 0 0 0 0 0 0 0 0 28.7299133909 28.4202998879 28.3764112456 27.1289015941 26.1546107838 25.644549314 26.8651467289 24.7926449368 26.067132957 25.4596704623 26.8487231132 28.9657330771 27.3538543296 24.898380808 24.6624005964 26.1940179419 25.1538058146 28.955023471 26.8152999953 27.2844089488 25.5187949086 26.6445686065 28.4927393277 25.6251831255 44.0583887761 69.623313873 69.623313873 44.0583887761 25.2640255614 24.6392298223 25.0374729239 26.5265429996 28.0168511879 24.9264178918 26.5749378618
0 0 0 0 0 0 0 0 0 0 0 0 0 0 0 0 0 0 26.1927700998 24.8827965116 28.7852519524 28.5513710844 25.3355032628 27.959742783 26.3279494662 24.947433641 29.1405289022 24.5898945847 25.2322503129 27.5434501401 28.6216288838 28.9274575942 28.4962174986 26.0035344866 26.6988335067 28.9271814472 26.9179079945 25.9768590277 26.3842132511 26.0045456755 28.2223868443 27.3801026052 27.319345971 27.9254207653 70.2954033955 29.3369608075 27.8599334375 25.0265826622 29.3498302941 28.2769818215 26.2846137293 27.5459054336 25.8911211444
0 0 0 0 0 0 0 0 0 0 0 0 0 0 0 0 0 0 0 27.094857118 28.2021790074 27.3355530581 27.011965763 28.7646479593 27.9907359636 27.3302818258 28.2759278905 27.1600294339 25.1021763394 29.3153225645 28.7077886588 27.4417265597 25.354486198 25.2966111933 27.1866412154 26.3052256184 27.5707116527 28.7788811003 27.288537042 27.5396172129 27.6314394701 24.8770469318 24.8600144505 26.9383057743 27.5262068055 29.1360981369 28.189330775 28.6118178347 26.4856362008 26.8336439157 27.3338216299 28.8823719362 27.2121167013
