Spatial_Output/BAU/BAU_1198.asc
NCOLS 155
NROWS 192
XLLCORNER 196307.867259
YLLCORNER 449144.565805
CELLSIZE 33.573938
NODATA_VALUE NaN
[rows 100 to 124 of 192, columns 56 to 111 of 155]
52.8924294354 27.9886450292 27.7403842608 27.9708658922 28.187239236 28.0315272603 27.5632177623 55.6989484002 55.6989484002 55.6989484002 27.7128052258 28.1219937884 28.0822237594 28.1936825356 27.5481083943 27.5907672317 27.9287718702 27.8156478694 28.034710032 27.9293482004 67.8610922609 43.3264339414 43.3264339414 27.9093317862 28.0988793038 28.0190499097 27.5691399477 27.828035722 27.833107257 27.7979403417 27.6673474778 27.7224468737 76.941048387 55.1349823613 55.1349823613 27.8605723601 27.5703626496 27.8108312396 28.0171028843 27.9690694507 28.0674759448 28.0680270928 28.1525527577 27.556124263 27.9682260858 27.7743272644 28.0932507204 56.8139963148 28.1604375123 56.8139963148 27.5591847028 27.6163519477 45.6101375888 49.040649101 53.262381079 53.262381079
59.5060314393 27.6840987025 28.0237058548 28.1482309833 27.860870795 27.9359975934 27.7410126979 54.815360903 55.6989484002 54.815360903 28.0500647441 27.5524860239 28.1768420083 27.848295557 27.6952119224 27.5753126134 27.7422566407 28.1196395188 27.5207125077 27.8034336928 43.3264339414 43.3264339414 43.3264339414 27.6212151286 28.1051488467 27.9945021363 27.994074864 28.1406250872 27.6200243755 27.6728108732 27.7252972443 27.5188971321 28.0097073278 28.0193497496 53.4880331877 27.8206723167 27.8753312696 28.0031059978 28.0996136227 28.0663606572 27.9672095278 27.7559604516 28.0945057033 27.9189509552 27.7968738633 27.9027667534 27.9584288209 27.6559567774 27.7500162474 80.5565102439 27.5594541923 59.3312531443 45.6101375888 45.6101375888 53.262381079 53.262381079
27.8740631866 27.8080336245 27.8096020734 28.0152907838 27.5773856647 27.5931178816 27.8124780861 58.4861801194 54.815360903 58.3634844013 27.7606192736 56.0845002804 27.9548387204 27.5780289627 27.947058639 27.9350766638 27.5734678103 28.2021533998 27.5856135066 28.1275502542 72.2136804664 56.2005749609 72.2136804664 27.7803383194 27.6447570719 27.5573910335 27.7758898868 27.8315970412 28.2052211866 28.0202954072 27.900712094 27.9594297463 27.671100532 27.5290773136 27.7851709214 27.5095638622 27.8742312176 27.9510680974 27.5076572157 60.3042206065 27.9758332051 53.7900000532 49.3168575751 48.4980840806 28.2035364291 27.9013496344 27.9152018458 28.0489931641 52.4999710316 80.5565102439 80.5565102439 59.3312531443 45.6101375888 45.6101375888 49.040649101 53.262381079
61.6730303334 27.5438128472 27.7375907602 27.6946242698 27.7504830092 27.5578876023 27.5217989761 65.1335705603 65.1335705603 65.1335705603 56.0845002804 56.0845002804 27.7228509667 40.2510685594 40.2510685594 74.3715097686 47.543390073 28.0221237518 57.743808882 27.9107144175 72.2136804664 72.2136804664 72.2136804664 27.6360595095 27.6111738934 27.7355088666 27.9054272327 27.9351248314 27.5651668782 28.05154793 27.6570197102 27.8054225715 51.8082811036 27.7068535107 69.8705695036 58.7574505896 28.1269148889 42.4748364179 42.4748364179 60.3042206065 60.3042206065 58.0240707447 53.7900000532 48.4980840806 48.4980840806 27.9966322294 28.1797469622 28.047496744 27.8516715167 80.5565102439 80.5565102439 59.3312531443 27.6977580638 43.1838807013 27.5533625535 27.941185755
27.9303986194 27.6985138594 28.0905306944 28.1122768976 27.9200169142 27.5664157878 28.1247034051 67.3867340302 65.1335705603 28.1202072383 56.0845002804 56.0845002804 74.3678009927 40.2510685594 40.2510685594 40.2510685594 47.543390073 57.743808882 57.743808882 49.5324301208 52.8590198463 56.1801701638 52.8590198463 27.8438519941 27.853615451 53.6654246863 51.8730517875 45.0249575992 45.0249575992 27.7395407065 27.7151382008 28.130710243 51.8082811036 49.5222675913 49.5222675913 58.7574505896 42.4748364179 42.4748364179 42.4748364179 60.3042206065 60.3042206065 58.0240707447 53.7900000532 48.4980840806 27.8833989871 28.1448687782 27.8378296525 59.5871116079 59.5871116079 27.6064340577 27.7883849787 28.0939840276 27.5414840229 28.0996606309 28.086464402 28.0636854191
27.8785356409 27.5017653587 27.5095525413 27.8033954344 27.5995337592 27.7090877093 27.7129907183 27.6177308543 67.3867340302 68.728898193 27.836102017 28.1732593225 28.0828263799 40.2510685594 74.3715097686 47.543390073 47.543390073 57.743808882 49.5324301208 49.5324301208 49.5324301208 56.1801701638 56.1801701638 27.6457727499 60.6108721767 51.8730517875 51.8730517875 51.8730517875 45.0249575992 27.6059971696 59.8051073771 59.8051073771 51.8082811036 69.0184429736 69.0184429736 69.0184429736 27.6136132098 53.9802719799 42.4748364179 27.7656123247 28.0115006195 27.9608375684 27.6267027683 28.0098068447 28.0452737137 27.509534505 27.6504331579 56.8631129918 56.8631129918 56.8631129918 27.7247769983 28.0606962875 28.0962042932 28.0035944722 28.017527415 27.5641629668
27.6175689827 27.6297977377 28.0898309354 27.9470302137 27.7196027633 28.132837863 27.9203794121 47.7226646068 27.8740885526 47.7226646068 27.8794067157 27.6082701386 27.5398838104 27.5697244247 27.61645327 28.1982089521 27.7974457041 57.743808882 27.5261394511 49.5324301208 57.8524934036 57.8524934036 57.8524934036 27.6831495943 27.5153702095 53.6654246863 51.8730517875 45.0249575992 28.1470420202 27.9182190017 27.9070056019 27.8952047197 27.6431849109 69.0184429736 69.0184429736 36.894937531 27.6335302907 27.6582665322 28.1341587869 27.7234716175 27.898039077 27.875575047 28.074372734 27.7499998104 27.9495620319 27.8181095374 27.606361893 27.7554188124 65.3739215231 65.3739215231 65.3739215231 27.5328383063 27.571423403 27.7831253708 27.6456349503 27.6729326018
52.9931760687 27.8821912977 27.6743942998 28.2067962013 27.6870788703 27.9611429221 27.8234384423 47.7226646068 51.3522941509 47.2914625639 28.0339016526 28.1948675803 27.7008960739 27.9377106338 27.9015510791 27.9062422911 28.1202486595 27.7059713301 28.1893981321 28.0899960768 56.4995895827 56.4995895827 74.6362606721 28.1361438871 28.0566662783 72.7211920539 72.7211920539 72.7211920539 28.1558568158 27.6377333337 27.6247223124 27.8393406038 27.5609344013 69.1743666067 27.6789536004 27.8465369329 28.1824689903 28.1024028662 27.7059071356 27.5568570769 27.9907549689 27.6523757448 27.9100753643 28.1650832565 27.9608665636 28.0975473083 27.7710582975 28.0492408902 65.3739215231 65.3739215231 27.522410929 27.5343296421 27.6102390106 27.6319794921 27.7513343912 28.1983912667
42.6878164975 27.8678713655 28.0739256978 27.8093071739 27.7401684083 27.6572204475 27.6433653565 27.9550584177 27.9272349874 27.9935474512 28.0595177267 27.5798740496 27.6455092585 27.7237977142 27.7362440255 27.7546159687 27.5273483567 28.0698155491 28.055552824 28.1356434218 56.4995895827 56.4995895827 56.4995895827 27.8146181338 27.6784655802 89.8161473634 89.8161473634 89.8161473634 27.6225649221 27.6147141801 28.1522023184 27.942563884 28.0620061754 50.1270272069 27.6712345522 27.5691079799 27.9456433543 28.0484157826 27.9877065719 27.7455268643 27.9331443729 28.0386358951 28.1517783796 28.0761711005 56.2652545503 50.2161572257 27.6617507157 27.7547709575 54.1459912307 54.1459912307 27.9404286806 28.1219044531 28.0608703651 42.3151501956 42.3151501956 28.0252151629
55.2850615943 28.0653641918 27.5934119758 27.9452884594 27.9434929173 27.8622608156 27.7429630157 63.6580960907 63.6580960907 63.6580960907 27.5027795931 27.5626765467 28.1317276552 28.1442041593 27.8567510166 28.0950157142 28.1374370443 27.6428919971 27.5430476825 27.8834013279 53.484893933 27.5892683901 53.484893933 27.7563678257 27.9108404282 53.0948202328 89.8161473634 89.8161473634 53.0948202328 27.78195168 28.0283572261 27.7575325857 27.7048423771 28.0739351449 72.1829097471 72.1829097471 27.9006365373 59.0219444784 62.3290810971 54.5586072392 54.5586072392 71.7884872116 74.9818481081 84.34476885 54.0142476977 54.0142476977 50.2161572257 53.7166409441 64.5719055992 64.5719055992 54.1459912307 28.0032566802 28.1695471623 42.3151501956 42.3151501956 56.7024154404
27.9798661312 49.4708262349 27.7496377247 43.9419390602 80.9953332773 27.501799241 58.3687234057 63.6580960907 67.5648925845 46.281733163 62.2066154293 27.8210441425 27.5799402515 28.1029950291 28.0707997692 54.4854468924 27.6167002214 48.0885093077 49.1520217013 59.5413642324 52.1734282258 27.7830068406 48.4843942779 27.6144091434 27.8869747122 56.6914699796 56.6914699796 58.3646151486 58.3646151486 46.2975234924 46.2975234924 62.6445832486 27.6770841754 72.1829097471 72.1829097471 72.1829097471 59.0219444784 62.3290810971 62.3290810971 62.3290810971 54.5586072392 71.7884872116 71.7884872116 56.2652545503 54.0142476977 54.0142476977 50.2161572257 64.5719055992 64.5719055992 64.5719055992 64.5719055992 27.5029377962 28.1824247286 42.3151501956 42.3151501956 27.9630073233
48.4974575836 48.4974575836 49.4708262349 43.9419390602 73.3931142866 53.0518674116 58.3687234057 67.5648925845 67.5648925845 67.5648925845 46.281733163 27.7781662546 27.9475773714 53.914272171 54.4854468924 54.4854468924 49.1874665573 49.1520217013 49.1520217013 49.1520217013 52.1734282258 52.1734282258 48.4843942779 28.0096457624 56.6914699796 56.6914699796 56.6914699796 58.3646151486 58.3646151486 46.2975234924 46.2975234924 62.6445832486 27.5813438908 62.4595590537 72.1829097471 28.1302573526 27.7335758013 59.0219444784 62.3290810971 54.5586072392 54.5586072392 71.7884872116 27.6491268706 27.8241626808 56.2652545503 54.0142476977 27.9815337838 67.1019463282 27.545683282 28.1108491426 67.1019463282 28.1481566796 28.0059883146 27.6790773144 27.5480765574 27.6076734759
48.4974575836 48.4974575836 49.4708262349 43.9419390602 73.3931142866 53.0518674116 58.3687234057 58.3687234057 67.5648925845 50.8969349355 46.281733163 27.5441390847 27.5601794206 53.914272171 27.8389319966 54.4854468924 28.0661102504 48.0885093077 49.1520217013 49.1520217013 52.1734282258 64.4055284032 48.4843942779 27.5173623268 28.1651200102 56.6914699796 56.3002956645 39.9365439798 58.3646151486 27.9441618916 27.9884347189 27.9735194911 27.6784681212 42.9614587272 66.0069835529 54.0371950167 28.0862815762 27.9812517228 28.1645611542 27.7389192485 27.7359558605 27.6905826968 27.9083974362 27.6623139604 27.7702829151 28.0038779302 27.9944126538 28.0699668299 58.321090227 58.321090227 58.321090227 27.9021358452 27.6189631184 28.0382138315 27.6906236676 27.9740159488
53.0826713025 49.4708262349 27.5734391102 43.9419390602 28.0507206652 28.1087961471 58.3687234057 64.1713863893 64.1713863893 43.8046117486 27.5610147065 27.663518637 27.6350592055 28.179120701 28.1304643896 27.700369218 27.5167755311 28.075377131 28.1857291209 27.6337853471 27.8696131765 28.00812585 27.6420514265 27.7515258486 28.0030983551 27.8232110365 39.9365439798 39.9365439798 65.1118590473 27.5593974326 27.8127685653 27.849563682 27.6146103428 66.0069835529 47.8752713471 47.8752713471 66.0069835529 27.9013939234 27.8418596824 27.8474090654 27.9600169697 27.5462987339 28.0325766353 27.7050443319 28.1666573547 27.9241848498 27.7768560013 27.8985865591 44.0894426279 59.3485058069 27.711498829 28.2033081299 27.8331694505 27.9111951149 27.5760994182 27.7715641607
27.9750767828 27.6940916397 27.8635627412 27.628506066 27.7315781971 28.2056170491 70.7231439261 64.1713863893 64.1713863893 64.1713863893 28.1693482205 28.0983765358 27.689322025 27.5000783995 27.8826211806 27.8439102157 27.9996471765 27.6823896132 28.0938156992 27.673340897 27.8198041484 28.1540810416 27.7145839105 27.6082938118 27.7064423198 65.8157737079 54.08386104 52.6297347243 28.1805869096 27.7186467181 27.696153121 27.9548454632 27.599657729 68.9756826049 47.8752713471 47.8752713471 70.2870330824 27.5044401325 27.6675688079 27.5541188053 28.0409145064 27.7870123937 27.5256523932 28.0258332865 27.8890336648 27.9576622431 27.7556375156 27.7813016206 59.3485058069 59.3485058069 59.3485058069 27.8654883772 27.940541526 27.6042026868 27.9945772796 27.5778184657
27.6937179763 28.2028185641 27.5707787854 27.6377997355 27.6224089297 27.8811665684 41.7266166759 64.1713863893 70.7231439261 28.0156795814 28.088123412 27.9533420868 27.8742682304 27.8827179518 27.5342219427 27.8270795438 28.1671176204 27.6116716587 27.7542917099 27.7482648807 28.0397687932 28.1683711409 27.9681788357 28.1233947731 27.5205606632 65.8157737079 78.9176579243 78.9176579243 27.7397659999 62.0913358529 38.0390772324 27.9489860352 27.5177493153 27.6497107337 70.2870330824 28.040475882 28.134836933 28.0751403105 28.0063153502 27.585275352 28.0681783593 27.9632622993 27.6267911305 27.8531089283 27.5058565772 27.7202507429 27.8327719458 27.5480560176 55.1844251825 55.1844251825 55.1844251825 27.6354315457 27.8949740893 37.8163731009 27.5183335908 56.1564636164
27.5008034773 27.9020770504 27.9203470447 28.0423751659 27.9188344373 27.5751105789 27.5086406081 27.8473783595 27.7495643597 27.620148852 27.6125035587 27.6453274692 28.1837824986 27.536235968 27.6311095677 27.5494020359 27.5023695922 27.5355956895 27.5372715524 27.9458620702 27.5280414328 50.9400055402 50.9400055402 27.5844445547 27.8991493705 78.9176579243 78.9176579243 78.9176579243 78.9176579243 62.0913358529 62.0913358529 38.0390772324 27.9615438672 27.5789822363 60.3508649706 60.3508649706 60.3508649706 54.6139266942 28.0264016136 27.5436071894 75.7293871552 28.1596151624 28.0335061128 53.905625281 27.5292885115 27.7211270462 45.6467723034 56.1183323295 55.1844251825 55.1844251825 55.1844251825 44.2735224795 66.4823120422 80.1994168799 80.1994168799 56.486105623
48.2595129757 27.8537904512 28.1022523787 52.1240484159 27.8083532129 28.1522595633 27.6600595833 28.1135925209 27.9646487963 28.0818210084 27.9044663279 27.7811648351 28.0356811421 28.0464549678 27.9497280079 27.7778761544 28.1740995536 27.6763124483 27.8917497036 27.9783355052 50.9400055402 50.9400055402 50.9400055402 27.5431168883 28.1269516486 28.0724728 65.8157737079 27.8093794748 27.8887030419 62.0913358529 38.0390772324 27.9479996316 63.4966277872 27.7068328906 54.4794848182 54.4794848182 54.4794848182 54.6139266942 58.293213678 27.8963676354 75.7293871552 75.7293871552 53.905625281 53.905625281 53.905625281 45.6467723034 45.6467723034 45.6467723034 46.5500674937 46.5500674937 46.5500674937 44.2735224795 44.2735224795 80.1994168799 80.1994168799 56.486105623
64.5754044611 63.8748189201 48.3889434065 52.1240484159 52.1240484159 60.0479921952 60.0479921952 49.6883653305 27.8260571514 28.1665674477 27.6102468755 27.7641995792 27.9902173999 27.5907993995 27.7399937473 27.924569842 27.5131816612 27.8912566653 27.7701456983 28.1139611026 71.2430042739 60.4881021316 27.5571175664 27.5867822187 27.6539222504 28.1466492792 28.0991660898 28.0878986533 27.6941571224 27.8591290746 27.6046962789 28.1909837043 27.5164610828 68.6513710965 54.4794848182 54.4794848182 54.6139266942 27.9011053386 28.1670856887 27.7335330339 75.7293871552 49.3938089256 27.9318142077 53.905625281 53.905625281 42.1705973197 45.6467723034 45.6467723034 46.5500674937 46.5500674937 46.5500674937 44.2735224795 66.4823120422 37.8163731009 28.0809188096 28.0251907644
64.5754044611 51.4149004142 28.1859239393 52.1240484159 52.1240484159 60.0479921952 60.0479921952 57.6669621145 57.6669621145 27.9270162538 28.1521478384 27.8348410307 28.0534404702 27.6202487355 28.0421916228 27.993930008 27.5084101354 27.8962203937 27.7291831678 27.7502372018 27.749436136 28.113266824 51.2351610321 51.2351610321 28.0267750826 27.5334616995 28.1625994747 27.7276023219 28.1614167191 27.9294821344 27.9869043874 27.8923324389 28.199243474 28.1081266263 51.6708547932 51.6708547932 51.6708547932 27.5906691409 28.1408487976 28.0752013137 27.6718669098 27.6349481796 27.8156680564 27.8743685363 28.0241404181 28.0973173843 28.0434728487 28.1771419407 27.8104910874 53.7252342821 53.7252342821 27.6283548312 28.1695065724 27.8103222143 27.9801678351 27.5865403158
28.0511895737 28.1190466176 27.9473752762 27.7014865085 27.6842250637 60.0479921952 67.1839271328 67.1839271328 57.6669621145 27.7350168699 28.0655400595 27.8982366618 28.1443783533 27.8285393611 27.8985117304 28.2051014445 27.7493047015 28.0375552466 28.1250617371 27.6624314804 27.8269553787 51.2351610321 51.2351610321 61.3278564151 61.3278564151 27.6895721063 28.0272900459 27.8538229997 27.5534006384 28.0495058141 27.907325582 27.5160911723 27.7358285993 27.9347000657 46.9588265154 51.6708547932 46.9588265154 28.0524213702 27.6221525656 28.0231619141 28.1408024907 28.1692522113 27.7805959357 27.5551581637 27.9761842005 27.9823550959 27.8799902693 27.5953105347 53.7252342821 51.1803806151 51.1803806151 28.0221317537 27.5081018381 27.8838330096 27.7519632554 27.5478215057
27.7406970018 49.7703091492 49.7703091492 28.1904209132 28.1904406444 47.3053101417 67.1839271328 27.6880264471 27.5132573518 27.85618824 27.8432173455 27.6998211969 27.8078640197 27.5115064776 28.1876776997 27.5596550428 28.099067185 28.0381564435 27.8943288304 27.7205406307 27.7070894906 27.6054660022 61.3278564151 61.3278564151 68.2177531194 27.9669540568 27.7326124626 27.759614619 28.1758794222 27.964621649 27.8653037814 28.0437796248 27.596208117 27.5589777815 62.5863926142 55.0556881455 55.0556881455 27.5015988695 28.1057172669 27.8448664658 27.6811966454 27.5159722883 27.8408186679 27.6965487824 28.1899326021 27.6424447806 27.6331991221 27.6878161415 27.5199995019 51.9629499669 51.9629499669 28.1264267567 27.8651470837 27.5127930567 27.7628178055 67.1989488031
27.6897948447 27.7360258823 49.8313643687 49.8313643687 51.1486220992 53.792279154 47.3053101417 47.3053101417 27.9781984463 27.8828010007 27.979292481 27.9302238141 28.1533345581 28.1683816143 27.8218096754 27.7067286622 27.6220972448 28.1683598592 28.1261936702 28.0639081089 27.7647817237 27.8496953739 27.7687838201 28.0973461541 56.3017991403 56.3017991403 27.9989256473 27.6295569374 27.6614601689 27.7272645072 27.5966859012 28.0318092763 28.0991952725 27.8259327943 55.0556881455 55.0556881455 55.0556881455 27.6125447307 27.5305688619 27.5886911195 27.9327288112 28.1257052314 27.9644394729 27.6408782973 27.5812056153 27.9176086522 27.5158079694 28.0330943049 50.588578617 51.9629499669 51.9629499669 68.4357208265 43.4083303282 56.1884567824 56.1884567824 43.187035152
27.9062393949 28.0234794826 49.8313643687 49.8313643687 51.1486220992 53.792279154 53.792279154 27.7693829516 27.7759309498 27.6626669335 27.9974355975 27.9522444848 28.0381425679 27.8938220649 27.9257897898 27.7526342041 27.785446243 27.772936799 28.1696993667 27.7136632196 27.6008376094 28.1896689827 27.734533974 56.3017991403 54.9244137086 54.9244137086 27.5884319729 28.1425150559 28.1655686066 28.0423426175 27.9444316652 27.8683417458 27.5036399587 27.6103760879 53.9207488818 53.9207488818 53.9207488818 71.681646863 28.0677671816 27.6076259889 27.6053222332 27.706198273 27.7246320025 27.7175975181 27.5968674749 28.0617062532 27.6891684204 28.1045005449 50.7160811532 62.9060042475 62.9060042475 54.7623579998 54.7623579998 56.1884567824 56.1884567824 67.1989488031
28.0982600558 27.7257154047 52.3091690003 51.900361798 51.900361798 51.900361798 53.792279154 27.7502533533 27.6700491978 28.1850073918 28.0291740092 27.6570615689 27.900838091 27.735147653 28.0714671204 27.5609844652 27.9552681168 27.5286120871 27.6799114761 27.7599622268 28.1304272795 28.0524038798 28.1206295656 54.9244137086 54.9244137086 54.9244137086 27.5560015581 28.1308292493 27.5355046107 27.6499881346 27.5747484683 27.8083534856 28.1943094013 27.8821816963 55.9566327957 65.327756853 65.327756853 27.504460199 27.840142181 28.0708082624 27.9663996991 28.1280354676 27.6538670227 28.0483916469 27.8610922152 28.0589379688 73.9101020668 73.9101020668 50.5395827906 62.9060042475 62.9060042475 54.7623579998 27.603002247 54.1313961562 56.1884567824 27.5045413205
