Spatial_Output/BAU/BAU_0815.asc
NCOLS 155
NROWS 192
XLLCORNER 196307.867259
YLLCORNER 449144.565805
CELLSIZE 33.573938
NODATA_VALUE NaN
[rows 108 to 143 of 192, columns 0 to 81 of 155]
0 0 0 0 0 0 0 0 0 0 0 0 0 0 0 0 0 0 0 0 0 0 0 0 48.2964592555 15.33 45.2232996296 54.180881817 21 21 21 21 21 21 21 21 21 21 21 21 21 21 21 21 21 21 21 21 69.3524470096 69.3524470096 69.3524470096 21 21 53.0789022199 21 21 21 21 21 21 21 21 21 21 55.3136953352 21 21 21 21 21 21 21 21 21 21 21 59.6039903843 59.6039903843 59.6039903843 21 21 46.2242861176
0 0 0 0 0 0 0 0 0 0 0 0 0 0 0 0 0 0 0 0 0 0 0 0 0 0 0 0 21 21 21 21 21 21 21 21 21 21 21 21 21 21 21 21 21 21 21 21 21 55.4668455188 57.2557845203 21 21 21 52.5960310646 52.5960310646 52.5960310646 21 21 21 21 21 21 44.556899293 44.556899293 44.556899293 21 21 21 21 21 21 21 21 21 21 51.8376299395 51.8376299395 51.8376299395 21 21 21
0 0 0 0 0 0 0 0 0 0 0 0 0 0 0 0 0 0 0 0 0 0 0 0 0 0 0 0 0 21 21 21 21 21 21 21 21 21 21 21 21 21 21 21 21 21 21 21 55.4668455188 55.4668455188 55.4668455188 21 21 56.6926952204 52.5960310646 52.5960310646 37.4990725183 48.7524570033 43.69728606 46.746296431 21 21 59.4564968001 58.2029365639 41.153515679 59.0990961982 21 21 35.6476440352 36.5474195642 37.627908672 63.2210981968 21 21 63.7919746172 70.1726146886 70.1726146886 54.2056493947 38.336897515 66.8414474223 21 21
0 0 0 0 0 0 0 0 0 0 0 0 0 0 0 0 0 0 0 0 0 0 0 0 0 0 0 0 0 21 21 21 21 21 21 21 21 21 21 21 21 21 21 21 21 21 21 21 21 55.4668455188 21 21 56.6926952204 56.6926952204 56.6926952204 63.0736122775 37.4990725183 37.4990725183 48.7524570033 43.69728606 44.5512396405 59.4564968001 58.2029365639 58.2029365639 41.153515679 76.933386379 35.6476440352 35.6476440352 36.5474195642 36.5474195642 37.627908672 37.627908672 21 50.0823108836 63.7919746172 70.1726146886 70.1726146886 70.1726146886 54.2056493947 66.8414474223 21 21
0 0 0 0 0 0 0 0 0 0 0 0 0 0 0 0 0 0 0 0 0 0 0 0 0 0 0 0 0 0 21 21 21 21 21 21 21 21 21 21 21 21 21 21 21 21 21 21 56.6678114193 56.3053097004 56.3053097004 21 56.6926952204 56.6926952204 64.3373716623 63.0736122775 37.4990725183 37.4990725183 48.7524570033 43.69728606 21 59.4564968001 58.2029365639 58.2029365639 41.153515679 76.933386379 21 35.6476440352 35.6476440352 36.5474195642 37.627908672 37.627908672 21 21 63.7919746172 70.1726146886 70.1726146886 54.2056493947 38.336897515 66.8414474223 21 21
0 0 0 0 0 0 0 0 0 0 0 0 0 0 0 0 0 0 0 0 0 0 0 0 0 0 0 0 0 0 0 21 21 21 21 21 21 21 21 21 21 21 21 21 21 21 21 21 21 21 21 21 44.511655945 41.4962161327 41.3666932651 63.0736122775 37.4990725183 48.7524570033 43.69728606 46.746296431 21 21 59.4564968001 58.2029365639 39.7883978189 21 21 21 21 21 21 21 21 21 21 21 39.6836027881 39.6836027881 21 21 21 21
0 0 0 0 0 0 0 0 0 0 0 0 0 0 0 0 0 0 0 0 0 0 0 0 0 0 0 0 0 0 0 21 21 21 21 21 21 21 21 21 21 21 21 21 21 21 21 21 21 21 21 54.6391953553 57.4348947909 57.4348947909 21 21 21 21 21 21 21 21 21 53.8285850486 53.8285850486 21 21 21 21 21 21 21 21 21 21 21 21 21 21 21 21 21
0 0 0 0 0 0 0 0 0 0 0 0 0 0 0 0 0 0 0 0 0 0 0 0 0 0 0 0 0 0 0 0 21 21 21 21 21 21 21 21 21 21 21 21 21 21 21 21 21 21 21 54.6391953553 57.4348947909 57.4348947909 57.4348947909 21 21 21 21 21 21 21 36.8483887849 36.8483887849 45.7582589464 21 21 21 21 21 21 21 21 21 21 21 21 21 21 21 21 21
0 0 0 0 0 0 0 0 0 0 0 0 0 0 0 0 0 0 0 0 0 0 0 0 0 0 0 0 0 0 0 0 21 21 21 21 21 21 21 21 21 21 21 21 21 21 21 21 21 21 21 21 21 21 40.3882666022 21 21 21 21 21 21 21 36.8483887849 36.8483887849 36.8483887849 21 21 21 21 21 21 21 21 21 21 21 21 21 45.0297066316 21 21 21
0 0 0 0 0 0 0 0 0 0 0 0 0 0 0 0 0 0 0 0 0 0 0 0 0 0 0 0 0 0 0 0 0 21 21 21 21 21 21 21 21 21 21 21 21 21 21 21 21 21 21 21 21 21 21 66.3835415468 21 52.2567920049 68.0905895373 21 21 21 53.2608616592 36.8483887849 52.7094546435 21 21 21 21 21 21 21 21 21 21 21 21 21 21 21 21 21
0 0 0 0 0 0 0 0 0 0 0 0 0 0 0 0 0 0 0 0 0 0 0 0 0 0 0 0 0 0 0 0 0 21 21 21 21 21 21 21 21 21 21 21 21 21 21 21 21 21 21 21 21 21 21 21 21 68.0905895373 68.0905895373 51.1917357562 56.2224597633 56.2224597633 53.5080146222 53.5080146222 53.5080146222 21 21 21 21 21 21 21 21 21 21 21 21 21 61.6161082061 61.6161082061 21 21
0 0 0 0 0 0 0 0 0 0 0 0 0 0 0 0 0 0 0 0 0 0 0 0 0 0 0 0 0 0 0 0 0 0 21 21 21 21 21 21 21 21 21 21 21 21 21 21 21 21 21 21 21 21 21 21 21 68.0905895373 68.0905895373 21 56.2224597633 56.2224597633 49.847944602 53.5080146222 53.5080146222 21 21 21 21 21 21 21 21 21 21 21 21 61.6161082061 61.6161082061 61.6161082061 21 21
0 0 0 0 0 0 0 0 0 0 0 0 0 0 0 0 0 0 0 0 0 0 0 0 0 0 0 0 0 0 0 0 0 0 0 21 21 21 21 21 21 21 21 21 21 21 21 21 21 21 21 21 21 21 21 21 21 42.2821755369 42.2821755369 21 21 52.6256243245 49.847944602 36.1553550398 21 21 21 21 21 21 21 21 21 21 21 21 21 21 21 21 49.3421047609 21
0 0 0 0 0 0 0 0 0 0 0 0 0 0 0 0 0 0 0 0 0 0 0 0 0 0 0 0 0 0 0 0 0 0 0 21 37.5431130669 21 45.7410147773 21 40.3405835775 40.3405835775 21 21 21 21 21 21 21 21 21 21 21 21 21 21 42.2821755369 42.2821755369 42.2821755369 21 21 79.4808097491 79.4808097491 21 21 21 21 21 21 21 21 21 21 21 21 21 21 21 21 21 21 21
0 0 0 0 0 0 0 0 0 0 0 0 0 0 0 0 0 0 0 0 0 0 0 0 0 0 0 0 0 0 0 0 0 62.764025694 69.8177287769 73.6013598073 37.5431130669 37.5431130669 37.5431130669 45.7410147773 40.3405835775 40.3405835775 21 21 21 21 21 21 21 21 21 21 21 21 21 21 21 42.2821755369 54.2388982929 35.0047089221 35.0047089221 79.4808097491 79.4808097491 21 21 21 21 21 21 21 21 21 21 21 21 21 21 21 21 21 21 21
0 0 0 0 0 0 0 0 0 0 0 0 0 0 0 0 0 0 0 0 0 0 0 0 0 0 0 0 0 0 37.7344170153 38.0838197666 30.281303641 34.0908111275 35.6652510161 69.8177287769 37.5431130669 37.5431130669 41.9019262089 45.7410147773 21 21 21 21 21 21 21 21 21 21 21 21 21 21 21 21 21 21 44.1933514952 35.0047089221 35.0047089221 44.1933514952 21 21 21 21 21 21 21 21 21 21 21 21 21 21 21 21 21 21 36.7873853114 21
0 0 0 0 0 0 0 0 0 0 0 0 0 0 0 0 0 0 0 0 0 0 0 0 0 0 0 0 47.7789428376 45.9707545371 37.7344170153 37.7344170153 40.6453410073 31.8162652754 39.5834541321 69.8177287769 73.6013598073 37.5431130669 21 21 21 21 21 21 21 21 51.913710217 21 51.913710217 21 21 21 21 21 21 21 21 21 36.6030836513 36.6030836513 35.0047089221 21 21 21 21 21 21 21 21 21 21 21 21 21 21 21 21 21 21 21 36.7873853114 36.7873853114
0 0 0 0 0 0 0 0 0 0 0 0 0 0 0 0 0 0 0 0 0 0 0 0 0 40.3674955343 69.1107326267 60.8954813382 47.5751706875 84.9410908 37.7344170153 37.7344170153 42.3325148293 41.6281086877 33.3026898546 54.7063549248 0 0 21 21 21 21 21 21 21 21 70.8806161075 21 21 21 21 21 21 21 21 21 21 21 36.6030836513 36.6030836513 33.8274624355 33.8274624355 21 21 21 21 21 21 21 21 21 21 21 21 21 21 21 21 21 36.7873853114 36.7873853114 36.7873853114
0 0 0 0 0 0 0 0 0 0 0 0 0 0 0 0 0 0 0 0 0 0 0 0 0 40.3674955343 69.1107326267 60.8954813382 60.8954813382 84.9410908 84.9410908 45.1180240296 48.8378919018 55.145741716 0 0 0 0 21 21 21 21 21 21 21 70.8806161075 70.8806161075 70.8806161075 21 21 21 21 21 21 38.1090208396 38.1090208396 47.5033286603 47.5033286603 54.4541246293 54.4541246293 55.238676015 45.0745440243 21 21 21 21 21 21 21 21 21 21 21 21 21 21 21 21 21 21 44.3384804729 51.9294906043
0 0 0 0 0 0 0 0 0 0 0 0 0 0 0 0 0 0 0 0 0 0 0 0 0 48.7952647989 45.9904683735 60.8954813382 60.8954813382 50.6089134352 0 0 0 0 0 0 0 0 0 21 21 21 21 21 21 41.5289471695 70.8806161075 70.8806161075 21 21 21 21 21 21 38.1090208396 38.1090208396 47.5033286603 47.5033286603 47.5033286603 54.4541246293 21 32.5802067642 32.5802067642 45.0745440243 21 21 21 21 21 21 46.2921132107 51.6203839216 21 37.3487039854 67.3893990362 60.2677934568 60.2677934568 59.3932091866 36.6653736033 40.9980744129 51.9294906043 51.9294906043
0 0 0 0 0 0 0 0 0 0 0 0 0 0 0 0 0 0 0 0 0 0 0 0 0 0 0 0 0 0 0 0 0 0 0 0 0 0 0 0 21 21 21 21 21 21 21 53.2745651035 21 21 21 21 21 21 51.9274210957 38.1090208396 43.171486925 47.5033286603 21 21 21 32.5802067642 38.3753223043 21 51.9589368645 21 53.7147794581 47.7551120165 47.7551120165 21 46.2921132107 51.6203839216 51.6203839216 37.3487039854 37.3487039854 60.2677934568 60.2677934568 21 36.6653736033 40.9980744129 51.9294906043 52.1532340758
0 0 0 0 0 0 0 0 0 0 0 0 0 0 0 0 0 0 0 0 0 0 0 0 0 0 0 0 0 0 0 0 0 0 0 0 0 0 0 0 0 21 21 21 37.0119413275 51.1079470878 51.1079470878 21 21 21 21 21 21 21 21 21 21 21 21 21 21 38.3753223043 38.3753223043 38.3753223043 33.6870818563 21 21 47.7551120165 47.7551120165 46.2921132107 46.2921132107 51.6203839216 51.6203839216 37.3487039854 37.3487039854 60.2677934568 60.2677934568 21 21 36.6653736033 52.1532340758 46.6042069808
0 0 0 0 0 0 0 0 0 0 0 0 0 0 0 0 0 0 0 0 0 0 0 0 0 0 0 0 0 0 0 0 0 0 0 0 0 0 0 0 0 21 21 21 21 55.3697826126 55.3697826126 55.3697826126 21 21 21 21 21 21 21 21 21 21 21 21 21 38.3753223043 38.3753223043 21 33.6870818563 21 21 21 47.7551120165 46.2921132107 21 53.9436696839 21 21 21 21 21 21 21 21 46.6042069808 46.6042069808
0 0 0 0 0 0 0 0 0 0 0 0 0 0 0 0 0 0 0 0 0 0 0 0 0 0 0 0 0 0 0 0 0 0 0 0 0 0 0 0 0 0 21 21 21 55.3697826126 55.3697826126 40.6899831948 21 21 21 21 21 21 21 21 21 21 67.1341043024 67.1341043024 58.6736324946 21 21 21 21 21 21 21 21 21 21 21 21 21 21 21 21 21 21 21 21 50.4884228408
0 0 0 0 0 0 0 0 0 0 0 0 0 0 0 0 0 0 0 0 0 0 0 0 0 0 0 0 0 0 0 0 0 0 0 0 0 0 0 0 0 0 0 21 21 21 40.6899831948 21 21 21 21 21 21 21 21 21 21 53.8309858345 53.8309858345 67.1341043024 21 21 21 21 21 21 21 21 21 21 21 21 21 21 21 21 21 21 21 21 21 50.4884228408
0 0 0 0 0 0 0 0 0 0 0 0 0 0 0 0 0 0 0 0 0 0 0 0 0 0 0 0 0 0 0 0 0 0 0 0 0 0 0 0 0 0 0 21 21 21 21 21 21 21 21 21 21 21 21 21 21 53.8309858345 53.8309858345 67.1341043024 21 21 21 59.7014382349 59.7014382349 59.7014382349 21 21 21 21 21 21 21 21 21 21 21 21 21 21 21 21
0 0 0 0 0 0 0 0 0 0 0 0 0 0 0 0 0 0 0 0 0 0 0 0 0 0 0 0 0 0 0 0 0 0 0 0 0 0 0 0 0 0 0 0 21 21 21 21 21 21 21 21 21 41.2587006754 41.2587006754 41.2587006754 21 45.9428601287 53.8309858345 21 21 21 21 59.7014382349 59.7014382349 74.0961592554 21 21 21 21 21 21 21 21 21 21 21 21 21 21 21 21
0 0 0 0 0 0 0 0 0 0 0 0 0 0 0 0 0 0 0 0 0 0 0 0 0 0 0 0 0 0 0 0 0 0 0 0 0 0 0 0 0 0 0 0 21 21 21 21 21 21 21 21 21 40.5912197562 41.2587006754 21 21 21 21 21 21 21 21 21 59.7014382349 59.7014382349 21 21 21 21 21 21 21 21 21 21 21 21 21 21 21 21
0 0 0 0 0 0 0 0 0 0 0 0 0 0 0 0 0 0 0 0 0 0 0 0 0 0 0 0 0 0 0 0 0 0 0 0 0 0 0 0 0 0 0 0 21 47.1525703196 47.1525703196 47.1525703196 21 21 21 40.5912197562 40.5912197562 40.5912197562 21 21 21 21 21 21 21 21 21 59.7014382349 59.7014382349 53.6421725768 66.4488470802 21 21 21 21 21 21 21 21 21 21 21 21 21 21 21
0 0 0 0 0 0 0 0 0 0 0 0 0 0 0 0 0 0 0 0 0 0 0 0 0 0 0 0 0 0 0 0 0 0 0 0 0 0 0 0 0 0 0 0 0 21 47.1525703196 46.0650861398 46.0650861398 21 21 40.5912197562 40.5912197562 40.5912197562 21 21 21 21 21 21 21 21 21 21 53.6421725768 44.420082054 53.6421725768 21 21 21 21 21 21 21 21 21 21 21 21 21 21 21
0 0 0 0 0 0 0 0 0 0 0 0 0 0 0 0 0 0 0 0 0 0 0 0 0 0 0 0 0 0 0 0 0 0 0 0 0 0 0 0 0 0 0 0 0 21 46.0650861398 46.0650861398 46.0650861398 42.641673687 42.641673687 21 40.5912197562 21 21 21 21 21 21 21 21 21 21 21 21 44.420082054 44.420082054 21 21 21 21 21 21 21 21 21 21 21 21 21 21 21
0 0 0 0 0 0 0 0 0 0 0 0 0 0 0 0 0 0 0 0 0 0 0 0 0 0 0 0 0 0 0 0 0 0 0 0 0 0 0 0 0 0 0 0 0 21 38.2853183151 46.0650861398 46.1396560433 42.641673687 42.641673687 42.641673687 21 21 21 21 21 21 21 21 21 21 21 21 44.420082054 44.420082054 21 21 21 21 21 21 21 21 21 21 21 21 21 21 21 21
0 0 0 0 0 0 0 0 0 0 0 0 0 0 0 0 0 0 0 0 0 0 0 0 0 0 0 0 0 0 0 0 0 0 0 0 0 0 0 0 0 0 0 50.7586919371 67.4855728408 67.4855728408 38.2853183151 38.2853183151 46.1396560433 46.8710207563 42.641673687 21 21 21 21 21 21 21 21 21 21 21 21 21 21 21 37.8305816431 21 21 21 21 21 21 21 21 21 21 21 21 21 21 21
0 0 0 0 0 0 0 0 0 0 0 0 0 0 0 0 0 0 0 0 0 0 0 0 0 0 0 0 0 0 0 0 0 0 0 0 0 0 0 0 0 42.057436624 51.6839720565 51.6839720565 69.9214308253 67.4855728408 67.4855728408 38.2853183151 46.2854096487 39.5333617604 21 21 21 21 21 21 21 21 21 21 21 21 21 21 37.8305816431 37.8305816431 37.8305816431 21 21 21 21 21 21 21 21 21 21 21 21 21 21 21
0 0 0 0 0 0 0 0 0 0 0 0 0 0 0 0 0 0 0 0 0 0 0 0 0 0 0 0 0 0 0 0 0 0 0 0 0 0 0 43.7105864251 42.8111075375 42.057436624 51.6839720565 51.6839720565 52.4603648983 67.4855728408 46.2854096487 21 46.2854096487 46.2854096487 21 21 21 21 21 21 21 21 21 21 21 21 21 21 21 21 21 21 21 21 21 21 21 21 21 21 21 21 21 21 21 21
0 0 0 0 0 0 0 0 0 0 0 0 0 0 0 0 0 0 0 0 0 0 0 0 0 0 0 0 0 0 0 0 0 0 0 0 0 0 42.057436624 42.057436624 42.057436624 42.8111075375 60.7532660202 51.6839720565 52.4603648983 0 0 21 21 21 21 21 21 21 21 21 21 21 21 21 21 21 21 21 21 21 21 21 21 21 21 21 21 21 21 21 21 21 21 21 21 21
