Spatial_Output/BAU/BAU_0130.asc
NCOLS 155
NROWS 192
XLLCORNER 196307.867259
YLLCORNER 449144.565805
CELLSIZE 33.573938
NODATA_VALUE NaN
[rows 75 to 99 of 192, columns 0 to 56 of 155]
0 0 0 0 0 68.3628347603 73.051214216 73.051214216 0 68.4415294122 73.1149948076 73.1149948076 68.0773435481 44.5255049812 45.2061770805 44.8128801521 44.833775782 44.6406950226 44.9306944123 44.8799317485 44.6870066014 45.0350066314 44.5515848485 44.5955528114 44.6443164541 44.5122654751 44.9966166379 44.769613574 44.6008948869 44.8529546061 54.4509379189 54.4509379189 70.5764876601 44.896424885 44.7995071751 44.7970553231 48.890482268 48.890482268 44.5705517699 44.9802973315 93.9018948022 93.9018948022 93.9018948022 93.9018948022 44.5615861788 45.161948914 44.5592860914 44.8493905194 44.5078800697 45.1106730184 44.5993742828 45.0498799904 44.6377771084 44.7310058515 44.5918389802 70.7348054652 70.7348054652
0 0 0 0 0 68.3628347603 73.051214216 73.051214216 68.4415294122 73.1149948076 73.1149948076 73.1149948076 68.0773435481 71.2059478447 71.2059478447 81.7608667569 45.1105520279 81.81433205 44.9277290427 59.654420237 45.0633006297 59.6726770543 65.1230147856 83.6428296558 45.0651987361 44.8522924156 53.5024177848 93.5105093133 93.5105093133 93.5105093133 93.5105093133 70.5764876601 70.5764876601 44.9884579456 44.8578484631 44.9463408054 44.5219773785 44.6409749905 44.5342698319 44.9646422483 44.6790794918 44.8914537452 44.9786001928 44.6859186985 44.6292650719 44.7317237168 45.0343565664 44.5503669203 44.5371597464 44.8891482575 44.8896340002 44.9420835998 44.8702169697 44.7701623435 44.7272280585 70.7348054652 44.9490020977
0 0 0 0 0 0 68.3628347603 73.051214216 0 68.4415294122 73.1149948076 73.1149948076 68.0773435481 71.2059478447 71.2059478447 81.7608667569 81.81433205 81.81433205 59.654420237 45.1005263465 59.6726770543 65.1230147856 65.1230147856 65.1230147856 90.639319045 72.2445562896 72.2445562896 71.0913825488 74.4640576382 71.0913825488 55.7809212983 76.1463789566 45.0307317023 44.9582668893 45.1851112999 44.6870142617 44.5036577468 44.8029930855 44.547549119 44.5746852902 44.5315977201 44.5274063542 44.822799719 44.531524431 44.6650386485 45.1772934467 44.6550280599 44.9004880873 44.7183871195 44.5619882354 44.693338776 44.6239012709 45.1167591871 44.7431020457 44.6504044214 44.5593174815 44.6236138313
0 0 0 0 0 0 0 0 0 0 0 0 0 44.88925141 44.5926031202 45.1976781727 44.7006928818 81.81433205 44.9451669088 59.654420237 59.6726770543 59.6726770543 65.1230147856 90.639319045 90.639319045 72.2445562896 72.2445562896 72.4547202447 74.4640576382 74.4640576382 76.1463789566 76.1463789566 67.5686039865 45.0874750931 44.5160955671 44.9877445701 44.5067210979 45.1192603291 44.8563191973 45.122577416 44.7536578905 45.2047796583 44.8412453183 44.7418245578 44.6009435277 45.1732326121 45.1493708122 44.9925873665 44.6960600701 44.7059234851 44.6367003507 62.2875603091 44.7231788512 61.5241097646 59.4518008794 89.1734001749 89.1734001749
0 0 0 0 0 0 0 0 0 0 0 0 0 44.7728228158 44.589674076 45.1012292739 44.5573776628 45.1984357475 45.0395218574 44.965206811 44.7539926735 45.0750781384 44.7164560856 45.0337676622 44.7099090902 45.087741172 77.1217386664 72.4547202447 74.4640576382 74.4640576382 74.4640576382 76.1463789566 45.15984888 45.0935549088 51.003664872 44.5540010494 44.5508647804 74.1270136052 45.0067837916 45.1119846079 44.579604968 44.8417813457 44.7172563108 45.0293715118 44.8212184757 44.5982133001 45.1649495204 44.9465053907 44.6533775497 44.8346190236 62.2875603091 62.2875603091 44.7255963544 61.5241097646 61.5241097646 45.1097309233 89.1734001749
0 0 0 0 0 0 0 0 0 0 0 0 0 44.9702278668 45.0887703996 44.6036682523 44.6828945797 44.5018832891 45.1962834212 45.123407467 44.9593993829 44.8349203623 45.0309373896 44.6998307417 44.6306034958 44.986752181 71.281579228 72.4547202447 72.4547202447 72.4547202447 44.514861193 44.8477109434 45.1511645301 44.6630766254 44.8995067045 51.003664872 51.003664872 44.8562373075 44.8678996851 44.5023664872 44.9767334679 44.5746082753 44.9073022511 44.6375575058 45.1488609048 44.7130231196 44.9540847891 44.5405687052 44.5939047709 44.8651004927 44.5956283243 45.0056050095 45.1668238847 61.5241097646 44.7321088908 44.6157967104 44.79929757
0 0 0 0 0 0 0 0 0 0 0 0 0 0 44.9981453121 44.7387567546 44.6769363655 44.5954371297 44.6700662382 44.7661983075 44.5279892113 44.9861355921 44.67784367 44.9888749564 45.1954760519 78.6139376403 78.6139376403 71.281579228 77.1217386664 56.3408537545 45.1832954408 45.0797115456 44.8274179074 44.5810668052 45.036243197 44.5627915559 44.9747542759 44.7388219051 45.1176722868 44.8182558646 44.8741324788 45.0938929991 44.8827617225 44.6476302024 44.8921382912 44.9589786318 44.5717021622 44.7124272394 44.5094907333 45.0695348452 44.8175614709 45.0850085565 44.8340159479 45.1603547373 44.5798051136 44.6883819811 44.6031241772
0 0 0 0 0 0 0 0 0 0 0 0 0 0 44.8608307234 44.5835189345 44.5268110535 44.7840952514 44.7736786891 44.7783590082 44.585862748 44.9170355057 45.0413625946 64.3807375148 92.1895349481 78.6139376403 78.6139376403 71.281579228 45.031334857 44.8181090908 45.1579002193 44.8519607041 45.011996499 44.8448012051 44.801344494 44.9505648297 44.7895040893 44.8507482782 44.9635149537 44.7503003219 44.8125159071 45.0648495154 45.0964350554 44.5519940441 44.8692071039 44.5407386925 45.0816191443 44.5621287551 44.7376357779 44.8828356193 44.8900744282 45.0961734109 44.8507844863 44.5899841322 45.1536318642 44.7385033281 45.2048807604
0 0 0 0 0 0 0 0 0 0 0 0 0 0 44.9704277436 44.883678232 44.8444298901 44.6791062027 44.5016669243 44.8447642374 69.1021619228 75.0160320087 69.1912199347 64.3807375148 64.3807375148 92.1895349481 59.1618726189 44.5813362622 44.6182452934 44.5772342792 44.9367024721 45.2045361448 44.8202802672 44.6986372192 44.7697657694 44.7260240221 44.6626690081 44.845409052 45.1771764505 44.5918564322 44.9105185416 44.7665065886 44.9042306098 44.8204087825 45.0352824789 44.8282015327 45.1275939469 44.5075147989 44.6086901837 45.0832894907 45.0954217085 44.6842849709 45.0350435229 44.6786642117 44.7281620093 44.5411453343 44.9654298268
0 0 0 0 0 0 0 0 0 0 0 0 0 0 44.8427040404 44.6513017733 44.5530218732 44.5080945846 45.1940028187 65.4967244397 53.3927016246 69.1021619228 64.3807375148 64.3807375148 64.3807375148 92.1895349481 44.6172243109 45.0526954186 44.5497660101 44.7834286563 44.6900021338 44.7236735603 44.7510824428 44.8615497841 44.7648209027 44.9932162887 44.9923964011 44.8008474284 45.1231770147 44.7652343746 44.5572886547 45.1728765389 45.0990363054 44.9682193809 44.9134675843 45.0056614801 44.6852134061 80.8308108281 80.8308108281 80.8308108281 45.0982586817 45.0604636073 44.7296745722 44.5903054247 44.6129618293 44.7697936696 44.626099964
0 0 0 0 0 0 0 0 0 0 0 0 0 0 44.6018905161 44.9922574261 45.1149796339 44.7263443614 74.7082598301 62.2456225747 62.2456225747 53.3927016246 69.1912199347 69.1912199347 66.1994548411 44.6918191297 45.0152712534 44.765010495 44.9364032571 44.5251618302 44.970502453 44.7957236469 44.6962185831 44.9308649967 45.1243078708 44.6723160621 44.6778310259 44.9015673312 44.7851979787 45.1145826343 44.5742046173 44.7033141203 44.6850578887 45.2042274076 44.788193818 44.7118673137 44.9263929986 80.8308108281 80.8308108281 70.6238227135 45.1680064575 44.7793478612 45.0319586699 44.824517779 45.0731843658 44.7491419646 45.0128062178
0 0 0 0 0 0 0 0 0 0 0 0 0 0 45.1697005262 44.6967985331 44.7319091709 74.2835206949 65.6993678836 62.2456225747 62.2456225747 44.7768215219 44.9611998654 44.9848374303 44.7397076667 45.0992512304 44.5507406526 44.7895690478 44.5789852957 45.0317860334 44.6943013017 44.9700486082 44.5456600521 44.5381776027 44.8506866631 44.7909771999 44.8962784918 44.972443432 44.9205515995 44.550540412 44.943636458 45.1898356202 44.6719948144 45.0651961555 44.8600754427 45.0787132007 45.1930790488 70.6238227135 69.0663119053 69.0663119053 69.0663119053 45.0920453504 44.909175914 44.6806834512 45.1149177369 44.9007885931 45.0174192087
0 0 0 0 0 0 0 0 0 0 0 0 0 0 0 44.8646500729 66.2482214918 74.2835206949 65.6993678836 65.6993678836 45.0609614388 44.7374972514 44.8826466977 44.5117663109 44.5195462722 44.5670661246 44.5965917151 44.5169834727 44.7622480865 44.7971841385 44.9211277728 44.9346643016 45.0458209816 45.0454999707 45.1117399946 45.0485208267 44.9764041149 45.1368907904 44.6020837171 45.1464649173 44.9888286127 45.0832054756 44.8019635598 44.6902311048 44.9489768463 45.0479872123 44.9245606248 44.7794806059 70.6238227135 69.0663119053 69.0663119053 44.6113778922 45.1458925906 44.6603994757 45.0630005253 45.0992395929 44.5932506878
0 0 0 0 0 0 0 0 0 0 0 0 0 0 0 56.9074553859 84.1095595762 84.1095595762 44.8617979346 44.6064633427 45.0577014662 45.0880794729 45.0177599768 45.015307495 44.8236784976 45.137071414 44.6851612176 44.5668607452 44.6663694199 44.6711172607 44.7016245343 44.8633070661 44.6581667154 44.621957142 45.0500191957 44.5743217706 45.1744182784 44.6443051139 44.8360164518 45.1051176816 45.0387011535 44.5016051342 45.157060056 44.6294236083 44.625020889 44.7962633069 44.7830878637 87.0214853403 78.8433584048 78.8433584048 78.8433584048 44.6275586584 45.2049300718 44.8384291979 45.027459759 44.5936878084 45.1342584918
0 0 0 0 0 0 0 0 0 0 0 0 0 0 66.2227567656 56.9074553859 56.9074553859 84.1095595762 44.6155988487 44.8351683044 44.6344613496 45.2058039697 44.5005560453 45.2001732542 45.0058652417 44.7874125311 45.0460860387 44.625349433 44.8369501338 44.7660597668 44.6908106941 44.734280401 45.0945416596 45.0096973384 45.1284757427 45.1240320747 44.5084649401 44.5367983322 44.8017684288 44.8867453936 44.6614890562 45.1561659023 45.1192269007 44.8720601341 44.6637461213 45.1661585355 44.6024873293 77.7135148445 77.7135148445 77.7135148445 44.7067763733 45.1345004364 45.036773666 45.0652350801 44.923252819 45.0699862687 44.9080011532
0 0 0 0 0 0 0 0 0 0 0 0 32.9981895569 32.9981895569 32.9981895569 56.9074553859 56.9074553859 70.5272314305 44.6930821266 44.8337160283 44.5299909491 44.5498890524 44.5852999372 44.8935282414 45.014497911 44.8376907679 44.7212820937 44.9559142503 44.5086926363 44.6412053721 44.886929277 45.0286340515 44.6063515954 45.0078698257 44.5589115461 45.0172441008 45.058263471 45.1982224293 45.0365245259 44.5717845045 44.6893163327 44.8995604687 44.5948999774 45.1560336207 44.8758499172 44.6935936705 44.9450809592 44.5513430408 77.7135148445 77.7135148445 58.0030774506 44.6311593802 44.5548676183 44.7118850881 44.8986862131 44.8982251907 44.5878102962
0 0 0 0 0 0 0 0 0 0 0 69.5794076467 56.9478671887 32.9981895569 61.5017242254 61.5017242254 55.6013063811 0 0 44.7718573672 45.0540600428 44.8099182794 44.5623327418 44.9240261355 45.1121162486 44.7199208145 44.8230950549 44.948715064 44.7742319781 44.9490627112 45.2048297765 44.9212331764 44.5125488729 44.8976171656 45.1733725153 44.5556995645 44.9920769035 45.0288369265 45.1751738196 45.1391010003 44.6856182654 44.6590024661 44.9193806758 44.875362826 44.9584574817 45.1508556234 44.6269242256 44.8080469616 44.7449994709 66.1935878632 66.1935878632 44.7768285065 45.1052205828 45.1905161203 44.9779767801 45.0534784628 45.0000642583
0 0 0 0 0 0 0 0 0 0 64.0522000836 56.9864534138 56.9478671887 32.9981895569 71.5455285315 66.2224820868 0 0 0 45.1854175653 45.0562367601 45.1401724197 44.9654025024 44.7134570016 45.1889971364 44.5197778585 44.5591195208 44.9410721945 44.9326074186 45.0925399979 44.5792880085 44.9252344395 44.6830382158 44.6033137266 44.6388921908 44.9825407474 45.1255984924 44.8319992532 44.6518893031 44.6696900884 44.7350466714 44.6033939992 45.0506521606 44.9548718686 44.539360567 44.598553929 44.6167133473 67.5988663983 66.1935878632 66.1935878632 66.1935878632 66.1935878632 45.0925637063 44.9397793136 44.5638154223 45.0613870819 44.7416004209
0 0 0 0 0 0 0 0 0 56.8406311105 64.9105985358 56.9864534138 56.9864534138 69.5794076467 0 0 0 0 0 0 45.0669959875 45.187724745 45.0597309143 45.1276320767 44.7557163184 44.74112014 44.8295062246 44.5162009156 45.1161681502 45.1476664436 44.8557292018 44.7338169578 45.0285355321 45.0561510137 44.9896201292 44.9796292823 44.9246046291 45.1373337285 45.1609901295 45.2008003814 44.8925172094 44.8063532784 44.8176854699 44.5418829772 45.0227696858 45.0355849877 45.1812934959 45.1386288565 66.2177214674 44.8762185271 70.8960092921 44.8606337221 44.5331181194 44.8129242218 44.6609193684 44.8029781241 45.0404755271
0 0 0 0 0 0 0 0 68.8933493782 56.8406311105 56.8406311105 64.9105985358 64.9105985358 0 0 0 0 0 0 0 0 0 44.5199278589 45.1235976881 44.8792536729 44.5930319067 44.7387092342 45.0739333244 44.6164568285 44.5288741465 44.8824558784 44.7640524436 44.9768945728 44.7037087472 45.0968226582 45.1289859638 44.8438856527 44.9614929678 44.9000021335 45.1226589873 44.9270414793 44.9697936379 44.8320033785 44.5786054957 45.0027952292 45.1975759774 44.7947004907 66.2177214674 66.2177214674 66.2177214674 70.8960092921 44.8231041003 44.5366751735 44.7061712224 45.1867350657 44.6164421548 44.7503086993
0 0 0 0 0 0 0 0 68.8933493782 56.8406311105 56.8406311105 67.0373508753 0 0 0 0 0 0 0 0 0 0 44.9475319109 44.8371772942 44.9383483714 44.9803011571 44.5884955975 44.9031649233 44.5709442248 45.0880172177 44.5276774354 44.8990101664 44.7936143928 44.7537139203 45.0975100906 45.0678989372 44.610184786 44.8995031501 44.7391509356 45.1309132766 44.7428641065 44.6536894977 45.0074938679 44.9965077407 44.9200666387 44.936204376 45.1643794753 45.0585766088 44.7406041233 44.6989013317 71.6159296629 44.9222761722 44.8956408872 44.9708690927 44.9273869031 45.0640527116 45.1506309679
0 0 0 0 0 0 0 67.3651589034 0 0 68.8933493782 0 0 0 0 0 0 0 0 0 0 44.5638706643 44.6324405729 45.0201499113 45.1393484941 44.533167111 45.035181384 45.1004191391 44.9697977125 44.8784216737 44.510611396 44.8614798186 44.714289681 44.9478771057 44.7315679583 44.5926009551 45.0040762984 60.083894377 70.6970376404 44.9937605245 45.0431661102 44.7977921189 44.5801469239 75.0657196637 44.9241263465 44.7736895456 44.558928537 44.6784054136 52.8471405842 71.5512106572 71.5512106572 44.5496217578 44.9888645411 44.9664173886 45.0949437956 44.7710918482 44.913385328
0 0 0 0 0 0 0 67.3651589034 67.3651589034 0 0 0 0 0 0 0 0 0 0 0 44.7368130813 45.0001022024 44.783071288 44.63277203 44.9233837642 44.654122579 44.8014677912 45.1562796319 44.6807520154 44.9336917454 45.1648661773 45.1898432203 45.0605183672 44.9170447811 83.7215106267 44.6243186464 57.0791972128 57.0791972128 63.0377438329 63.0377438329 67.3739529442 67.3739529442 75.0657196637 75.0657196637 59.6198560813 63.4845084605 63.4845084605 52.8471405842 52.8471405842 71.5512106572 71.5512106572 45.1320096966 44.9830816697 45.0059735139 45.004338029 45.0347485103 45.1382617429
0 0 0 0 0 0 0 0 0 0 0 0 0 0 0 0 0 0 0 44.9837572237 44.9584733481 44.8282879802 45.089631726 44.5448245383 44.9704618548 44.807064287 44.713281408 45.1154010509 44.7802088419 44.8760876983 45.1290057537 45.1005828509 44.8383589502 80.2294394015 83.7215106267 83.7215106267 57.0791972128 57.0791972128 63.0377438329 63.0377438329 73.3230903309 67.3739529442 75.0657196637 59.6198560813 59.6198560813 59.6198560813 44.7717239304 89.6239201136 89.6239201136 71.7036282355 69.938393351 44.9684651433 72.9427681431 72.9427681431 45.1198154734 44.8025221334 45.0347567722
0 0 0 0 0 0 0 0 0 0 0 0 0 0 0 0 0 0 0 0 44.6052593804 44.85911098 44.5835096872 45.065807235 44.895765374 44.5768991115 44.5515119155 45.0731167808 44.6549872882 44.6544077094 44.5826421373 44.8383792058 60.400516962 60.400516962 61.7015892318 83.7215106267 44.9633469002 44.98119724 70.6970376404 63.0377438329 45.1028539382 45.0207966436 44.5657129892 75.0657196637 59.6198560813 63.4845084605 58.9279907409 44.6118829421 89.6239201136 45.1097102119 44.9834124517 44.5816438167 45.0793255495 44.6112017258 45.0957178433 45.0549602556 45.0012243845
