Spatial_Output/BAU/BAU_1094.asc
NCOLS 155
NROWS 192
XLLCORNER 196769.923733
YLLCORNER 449719.875193
CELLSIZE 27.603701
NODATA_VALUE NaN
[rows 23 to 45 of 192, columns 53 to 105 of 155]
31.1502658848 30.2924006084 29.7150100834 31.306367513 31.4991222393 28.9378655652 29.4336383293 31.7469822184 31.3866220098 31.3098138248 28.704531018 31.0812355882 30.8033673644 29.8328469812 31.6010523354 29.5031148289 30.9481086492 28.6820807582 29.3020960878 31.6428699173 28.6839397029 30.1885816715 29.8156037393 30.9973899427 31.7449422285 29.701618762 30.8625674436 28.7467065048 28.9001922661 28.8890240083 28.6591906193 31.6202198713 30.2951811811 32.0162214123 29.4671760146 30.221974584 30.5403513818 28.5230083143 30.9413584408 31.2126444428 28.7651068519 30.7139435299 28.8520971684 30.1601561105 30.3998483863 29.3436022088 30.4485733247 31.177147578 29.6936273438 30.8359567306 29.1950757853 31.2601806421 31.4256999026
30.6184769156 29.5516082847 29.0278597132 30.0230597975 28.6988482163 29.0799140118 28.9128330852 31.8954062587 31.3079845492 29.1516260182 31.1978624658 31.2835285564 28.5040298553 31.0591964471 30.3776636451 31.9905483707 31.5711241135 28.6074558625 31.8025997349 31.9967847993 28.8313833593 29.5349234357 31.1804234139 28.7909648662 29.6606282891 31.7992793235 31.2234623254 30.4845094369 29.663584173 30.3467853607 30.8861647629 31.2129254601 28.8477728483 31.702082036 29.0618355882 31.0252839478 29.799182163 31.5246063469 30.3462493693 29.4472278954 29.6330973787 30.358168904 30.5140482999 29.2721248365 29.6149206868 29.6562009107 29.1935523967 29.6559508686 29.9039261739 30.6853642124 30.3825771119 30.574069657 30.1131629822
28.891062625 29.8062226721 29.2717113935 29.6473715266 32.0053779372 29.2462649278 30.3550253609 31.8466227676 28.965283904 28.8451531466 31.4986591182 31.7794361905 31.6571421496 31.5455001633 30.1290485644 30.3985528785 30.9447831773 28.9664839381 29.8064184323 32.0014220017 31.2857486205 31.8410492757 30.1810673375 28.529769062 30.9934587001 29.3216909359 29.7394114589 31.225327964 30.4517486275 31.9748717728 30.0871493138 28.6447534023 31.1673893527 28.8952323616 30.5807100147 28.9824568276 28.5246714048 30.8506232534 28.7071118042 29.3789113978 31.6537988322 29.4920548905 31.6740242324 31.3708647237 31.730027115 31.6533548015 31.1863062281 30.1649887661 28.5876067614 30.0964398282 29.3015795083 30.3164079965 29.9069956531
28.9378725142 32.0196097948 31.5230626292 31.4131033371 31.3016044115 29.1945314541 30.6667096184 29.8336319389 31.1448521975 30.4072476062 30.7855523407 30.7427648038 30.9565347443 31.5389622546 31.481766454 31.0526157912 28.8018532854 31.6320247949 30.7143077154 30.9878648062 30.4443036752 29.4084616966 28.7246119233 30.9002875388 28.7215941128 28.7636743197 29.9995182464 28.9756784713 29.7383467012 30.8175503929 30.0277083585 29.1314725305 31.8453280153 31.9977761506 31.4959599034 29.3614128723 28.9552861201 30.7470051744 30.7908650227 31.8175547823 30.9825089829 30.1055729325 28.7072013292 29.6727094659 29.3623318245 30.7360730044 29.8041549898 31.0477061454 29.1998415878 29.8639140761 28.686783237 28.7843128093 30.1098157174
29.7162001949 29.007330265 30.5125604733 30.4147020517 32.0007253497 31.8880498736 29.2286663761 30.6081927355 29.3674695755 29.0513387175 61.8932278133 61.8932278133 31.4906708521 31.1625037885 31.0556964326 30.0029365986 29.7496838542 28.7038723854 30.7841894447 29.8448609555 28.6666192544 30.2962075576 29.8937258847 30.6152783816 28.5679777455 29.0856785851 30.9423084766 30.8584697353 30.7453286737 31.7716663152 29.7420581872 29.5051597607 30.7823321865 29.5411393465 29.0425407184 29.0422425163 31.4711455112 31.3430998922 28.8844164396 29.1240281461 31.8136472898 31.412242925 29.9853460686 31.0771582525 29.7103784886 31.853486022 29.8032388704 29.8724589853 28.8006738067 32.0278471868 30.8575521306 31.3663432835 28.5211500812
31.0276968448 31.4189934347 31.2515735294 28.5670137331 30.9658837239 31.6578638173 29.1646471716 30.7634217847 54.5144895909 61.8932278133 61.8932278133 61.8932278133 29.9115979498 28.6829133177 29.203755671 31.0522779859 30.663496255 31.2773077221 30.9936745234 29.7916559826 31.0737835327 31.5608984939 30.0306697274 31.6729723172 29.6581544654 30.1151045885 31.2297407868 28.515946156 31.1330068032 30.3581817181 28.8292746834 30.928337534 31.9280142744 31.3177984463 31.8540964573 31.1989049364 30.9655314137 30.6831933795 30.4400646486 28.6744750014 30.8202195819 28.5180446252 31.647097749 28.5667810509 30.1252096622 30.2669922528 31.4626581401 31.4315183558 30.1753579052 28.8289853951 31.7133858375 31.1252558346 28.6594955035
29.6843671605 31.8963290195 30.6526115546 29.2668647953 30.5102634271 29.936050422 31.9531443304 30.274629788 29.7554826928 54.5144895909 73.3516399372 73.3516399372 73.3516399372 29.4306056202 31.2736041228 30.5125340577 30.8186305737 29.9442078489 31.5242919749 31.8486410522 29.6150160767 28.8723049995 31.7820844999 30.9865896336 29.926603201 29.2069292544 29.6366989503 28.8349543266 30.0668685453 30.6472325794 31.1283675229 29.485898053 28.97668678 31.6632201134 29.0585474087 31.9572936088 29.9812835223 28.91969806 29.3999346951 30.2899893457 30.2959023171 30.1268239183 30.1101384782 30.8934127171 28.8756483913 29.0233433469 28.694230323 31.0653980788 30.473402137 31.9747726242 30.7069305814 30.661121589 28.9267398596
31.8946387194 30.4157080429 30.5926589146 30.4254754247 31.4982023799 31.0614678784 28.5175007466 30.5596509736 31.9194453879 54.5144895909 31.6752070759 29.9769874 30.3765204618 30.9948232564 29.8673243627 29.4175206281 28.8422196485 29.8558545015 29.4830932216 29.6077467442 29.6091591906 29.1319620541 30.5169127303 29.5327803174 29.8476389309 28.9089612613 29.6176789468 31.4553360595 31.2100494805 29.9684632447 31.8347504343 31.7436588655 31.8606572979 29.7588673965 31.2141075235 31.7484551469 31.1553848227 31.1282909101 28.9579397353 31.81540971 28.9121803986 32.0096244934 30.4684402437 28.5883782121 29.9603230466 30.2901917337 30.2875751145 28.6855365561 31.0780112065 29.9192908857 30.2209792818 31.6683138902 29.819787984
30.2575077801 29.9933107348 29.0044073589 29.2948515767 28.5757743623 28.8640349402 29.4596882243 30.5264412589 30.8193393719 29.8444288714 31.6280165233 30.5901693704 31.0210124821 31.1854311013 28.7164557052 30.1120880842 60.3553603132 28.8877024047 31.4930594948 31.7362349302 30.5841334317 31.7564094164 30.2591925179 30.2065947233 29.1146038919 29.6044383506 29.0154212579 29.5797309958 31.1534244905 31.0098279684 30.1597812763 30.615916741 30.3890569845 29.4669989336 29.0617110914 31.0516552068 29.4749668375 30.7113786764 31.8361978823 29.2949634289 30.3450764263 31.8163675842 29.2103613941 31.364767093 29.332361044 31.575257055 30.7607513264 28.8730244699 30.5792614291 29.8680929849 31.8614460943 28.9389176789 29.8610653378
31.8248221458 28.5670184629 30.7560212138 30.3101151798 30.4285726924 29.3728450479 55.1813656648 31.3806475182 28.6059705525 29.6230211119 30.6846427424 30.7473902936 29.2540613784 30.8524650713 32.0222270843 60.3553603132 60.3553603132 30.9969583721 29.1780054477 31.7286006517 30.0287207996 28.5223585924 30.5105454901 29.0198837885 28.7183481704 32.014419412 28.9059163891 30.8854915058 30.4308362205 31.0626323556 31.5823368108 31.7164254996 29.1797789343 29.4767974886 30.6554545738 31.7984685712 30.5990145167 30.8951465556 29.1129181344 30.5184056017 31.9563439498 30.1699120937 28.6537555768 30.3672926518 31.0927036737 29.0742421324 30.1579299897 29.4716866506 29.6565511665 31.9030675344 29.597795424 30.06785505 30.4204959262
31.9872472059 30.6005797934 31.7066941003 30.0801908334 59.001694288 59.001694288 59.001694288 28.9809230102 31.4295683231 30.2797068496 30.1300354435 31.1357762573 29.4255204313 30.9881799049 29.1625430255 60.3553603132 60.3553603132 29.6825800541 29.8676152011 31.2998654246 29.821721245 30.1147777079 30.0513387077 29.034303322 30.374254467 30.3737589353 31.0520501443 30.1117533371 29.3489539203 29.6058828591 31.3875093634 31.6131051355 31.6162646475 30.3156713159 29.5768973707 31.0911203972 30.493079358 29.6755685208 30.5500202664 28.9402632485 31.9391144045 29.5622226286 30.4365394116 31.4164782634 30.0002156691 30.1404970499 30.8467145235 29.5124065379 29.9214948638 29.7307412637 31.6069440169 29.7031720631 30.7118698825
31.6419373359 28.7426205341 29.2602947401 32.0349358099 59.001694288 59.001694288 30.671932894 30.4927270249 31.5816894566 29.0683380341 31.2241897678 31.3387452889 29.4540398063 28.8802386831 30.8307307987 29.8570208638 30.3190035803 29.6219601015 60.7660508973 29.6764248631 29.5296287996 29.2154148808 31.0020209533 28.5869618865 30.072603454 29.2470393897 30.5240852439 30.2109427767 31.2949210191 30.1836702578 31.7409663341 29.2047143638 30.6520116777 29.420663784 31.9441359466 30.2071845546 30.3476312088 28.724387266 31.3291686348 30.7280480563 30.9016523874 31.8776705225 30.6371292176 30.7098053169 29.5908489238 31.3233500622 30.3724942365 31.6299181933 28.6633613328 30.1693168779 31.2814726087 30.4296826892 30.6997649152
31.9623062382 28.5767860919 28.9148518381 29.6645812553 54.8447572449 54.8447572449 54.8447572449 51.3228614894 29.7120141031 30.151147384 31.1160536103 31.9931200719 31.0499959075 31.3636784426 29.7644886843 28.7449917038 30.1330507546 30.4321235737 60.7660508973 30.0004417732 30.2946896937 29.6842411468 28.6297154443 29.585268909 31.3480643088 31.1640163743 31.9930649118 30.4977312733 31.2093185012 31.3961427146 30.9827498549 29.5094952929 31.9490889474 30.5324415095 31.7429257677 29.3298326436 30.368432386 30.0066295489 31.6790212877 31.9321822582 29.2886974006 30.4685767084 28.7913798947 29.7243436571 28.7366882655 28.8380405704 30.8746139991 29.4737498126 31.7336333244 28.9145907378 30.648183121 30.4498032821 31.7734119044
28.7345654278 29.9897384142 30.8672965757 29.627868396 60.8118982335 54.8447572449 54.8447572449 29.6889762752 30.146921007 31.0992370397 30.7992303217 29.7546580266 31.180222043 28.6633589577 30.4822781084 30.647188814 60.4642419624 60.4642419624 29.9586142942 30.0706707844 31.036623315 30.8157847645 29.3206919919 30.9789883241 31.1223686076 31.3777731337 30.2781197227 29.0133458865 30.7347515301 31.9137735665 30.6238940506 31.8507847217 29.6271477162 29.8144581489 29.4953590535 31.6894158607 29.2091323345 30.2291676804 30.4565068638 31.5021919915 29.0614596777 32.0312114262 31.7746933761 29.2441110455 30.826162169 28.7792439701 29.3439270481 29.256784616 28.6656391443 29.2491578791 30.3440265018 31.4136548986 28.7413914968
31.3801146773 31.6546079566 28.6670035926 29.4996269516 29.528559226 28.7599998919 51.3228614894 29.301111838 29.0568529313 29.7317730808 28.5046572719 31.4062877348 31.3924086991 29.9266991258 29.2975989044 47.368675416 60.4642419624 60.4642419624 45.9555085988 29.1915012762 28.6854757031 29.0758584738 30.5751169626 31.9428904022 31.086858414 29.2112379848 30.9064797078 30.3899519896 31.8657339774 31.1508790831 31.878254849 30.3754250485 28.7256640025 31.2951162145 28.9902690619 29.0720300394 29.7624423577 30.9672011335 30.2107340779 29.2466648162 31.3448458779 31.7439538055 30.1291268152 31.6277694847 28.5964323863 31.7424223292 29.7851302586 30.759258461 30.5956585084 29.1744744086 28.7812000839 29.4573435136 29.8616449226
28.5556680372 28.8911275471 31.3208559795 32.0048285728 30.3701153241 58.4135793793 58.4135793793 58.4135793793 30.9116076354 28.5926535783 29.9551611507 29.7422758709 31.1679947832 30.8729823119 28.7712001526 74.6824470635 29.7913986981 74.6824470635 29.9939401398 30.8618206842 30.6949528685 31.1874613185 29.5161519599 30.6783972838 31.8049750309 29.1749547964 30.2961641176 29.4617537983 31.8350951932 30.9025735117 29.7029756678 30.5067782338 30.8312906887 28.541877173 29.1553119003 29.6819758565 30.3360624578 30.3177601305 31.3181156958 29.9165353121 30.1467129861 28.7441177441 31.9941646641 28.8094697332 29.3877957408 29.8587607657 31.5616751761 29.2998729053 28.6479207431 31.5968762442 31.7670675247 28.9772213478 31.4139551262
31.0544359164 30.7765418206 32.0299227642 30.3618066281 29.1353439723 28.7331729395 58.4135793793 58.4135793793 29.7843297551 30.5034568347 28.5333304591 28.7555233637 31.8258751224 28.6147530079 28.9248854366 41.1557167527 41.1557167527 41.1557167527 30.7140798618 28.6058377363 31.6981220771 30.2010823683 29.5171588861 28.7747349902 29.8374646441 28.5076968805 30.4345624512 31.2157663225 31.2842458897 28.7084953606 31.443615339 30.2117426435 29.8305372673 31.9385277643 31.1780240996 29.7950666225 29.2549159606 29.2881740328 30.2414268431 30.3946210419 30.0585058233 31.5425981313 28.9542781624 31.2618319381 29.4341581867 31.4814566375 31.4368888123 29.4807397933 30.0461472265 30.5849328699 31.027760518 29.5959396315 30.8859666508
29.8981680966 30.6194706016 31.8837713571 29.1621315202 29.6422877931 29.232708141 28.8856113789 31.2443581378 29.1270939736 31.9387125459 28.872934941 30.967641373 29.6191048856 29.2296089796 31.3107640078 45.9711592048 41.1557167527 46.1106808271 28.7894971956 29.2430092557 29.0415011481 30.0514245459 30.3914352996 30.4831410836 30.7435742282 31.6749327158 31.1440996284 31.6344643292 29.9791030612 30.0767341802 29.9620428312 31.6306513394 29.1469504757 29.2184296216 29.0931939242 31.9441106632 29.3217984469 28.7129094271 29.1573915603 31.575972348 29.2207776602 30.7821855661 28.6502174193 31.2824970808 31.4801236356 28.9124227491 30.5566167466 28.5722258475 31.3742605757 31.4888968909 30.7652017288 30.7210327762 30.6599460867
31.7033477244 31.7965831113 29.4557980902 30.1488753388 32.02989211 31.6567460797 32.0001764925 29.7964092091 31.5949320375 29.1078606949 31.9549984602 30.6806822317 28.7934963322 28.9893977044 28.7190228817 29.8444074648 45.9711592048 30.871249774 30.6840935806 31.8508288698 30.6886173104 29.928242485 30.5038323981 29.9036820642 29.178894221 29.39952604 30.8806154156 30.1416045605 29.2288346575 31.7622115202 30.4833812645 29.5694341923 31.0909413535 29.1130989829 28.7166700271 30.3476026984 31.8404334506 31.8528114166 31.4882005727 28.8636056057 31.1628468848 31.6623046076 28.8041346015 30.9014575985 29.1492197593 31.7085855841 30.4408485536 31.9203223038 30.0725084398 31.2657040777 30.519409466 28.8752406045 31.8729192448
29.7714162999 31.7154003986 28.8977725874 51.7260121872 79.944247158 49.3140884853 29.4649140766 29.4440312729 30.1015504198 31.7351066488 29.1983804428 28.8298817429 29.9835007708 29.3038817951 31.148429049 73.2057831624 73.2057831624 73.2057831624 28.6452676972 29.1374808222 29.7839297782 30.0581398509 30.9678688822 30.121866537 30.3208983952 30.7099642675 29.5763341033 29.0198176379 30.0771821044 29.4631450324 29.7727070085 30.6529766432 31.9106673214 30.3968746204 29.8734143789 31.3427879295 30.3056685611 29.9429086662 29.9152863507 28.9185749511 31.6086390799 31.0432357741 31.2302489804 31.881276871 29.2063776546 29.5112811104 28.6326653143 28.6412074796 28.9305035509 31.1456610526 30.0012583468 30.9583526466 31.3615365279
52.0444907616 29.8945716106 30.1298279194 31.2511075493 49.3140884853 49.3140884853 29.0989367844 31.7767265844 29.4786580995 31.5915437731 29.1117192658 30.7605408832 29.0980915431 31.6215531599 29.5776251434 30.6506476658 73.2057831624 31.4395402416 30.6694422518 29.7086507125 31.9750889466 28.8058613813 30.026858698 30.6900119333 31.7784202564 28.5646519718 30.0977598238 31.431637764 30.5691146369 31.408978003 31.5858357426 30.7906060826 28.6904083814 29.732088786 30.9645044221 31.368239519 30.8448633089 30.4883131854 29.3470026014 29.8776264807 29.1169859474 28.669480094 29.7305237096 31.2595007149 29.2444571461 30.4733659255 28.6200894418 31.680816596 31.1002995834 28.7384342866 31.7431564882 30.0334746107 30.7596953148
43.1318871824 56.566122205 56.566122205 31.5443894092 31.8066055173 49.3140884853 31.5096039366 30.6587381241 30.9581060368 31.806316081 29.1513271905 31.7596265418 31.6264163887 30.9800969763 31.2663122336 29.9107036385 29.1071514569 29.4694936012 29.0948575877 31.052085686 30.350403881 28.519612941 31.0315341401 29.5798838505 28.9602894603 30.8780704456 30.4145221737 31.0786257458 31.2158153506 30.1059071294 29.5863263757 29.0264697179 31.3175517895 29.9485591627 30.8399142571 29.9284759711 31.8023000429 30.3577587436 30.9541530536 29.6933825861 30.7454522047 31.2281029974 31.2638378197 29.9900949007 30.6688360162 31.4105315036 29.0536277561 31.4316062913 31.9629561256 31.7321785784 30.3807033827 31.0289954239 28.6488417993
28.9303638321 30.7229761478 30.1487488599 30.5125594902 31.6289562915 30.0199750724 31.7869404617 28.5875280128 31.3228324355 29.2410045894 30.341498843 28.8793634425 30.1195916865 31.5852644222 29.6909147126 60.4181646507 60.4181646507 60.4181646507 31.8737034236 30.2837565736 30.6089950061 30.8926401518 31.2050379967 31.4662432392 30.1518147878 30.5315410174 30.7547098696 31.2669990744 31.8152173919 30.4334796354 28.5999457095 30.3611220965 30.2709121078 31.8000469182 29.1450129761 30.7797392498 30.0899522215 30.2582069347 28.835019061 31.3849231182 29.2796611769 31.6931583614 29.0579395841 29.5901911263 30.0074688514 29.2579817052 31.1055238495 30.0494816551 30.804446731 29.3882484191 30.2614968675 30.4136299661 29.1151448707
