Spatial_Output/BAU/BAU_0034.asc
NCOLS 155
NROWS 192
XLLCORNER 196769.923733
YLLCORNER 449719.875193
CELLSIZE 27.603701
NODATA_VALUE NaN
[rows 69 to 91 of 192, columns 53 to 105 of 155]
46.1695488159 45.0805852296 45.910960621 45.7121420075 45.0580758859 45.4658346296 46.2364578557 45.9942785899 45.8384357938 46.2284356531 45.356745107 46.0001059219 46.3975548295 45.2227994362 45.6076199873 45.7909254346 46.3825622061 45.6798427134 45.4269763814 46.1466277647 45.2731245687 45.8823320735 46.3751758492 46.1760465015 46.0347096987 45.5507149112 45.635196225 45.2080468736 46.2452212633 59.2350530036 45.4020869669 46.3671835327 56.2042948789 56.2042948789 45.5883378435 73.6347811352 73.6347811352 58.4994151892 58.4994151892 45.6732882727 84.3873121771 45.4155670924 45.2718694068 45.3553851165 45.0390870531 66.8699537083 46.2128883121 45.0290916432 45.4584078855 46.2669440538 45.7185319645 45.9327559116 46.1865327352
45.6390605171 45.3609177742 45.8298565717 45.7576690248 45.8134925532 46.0015721263 45.4576861485 45.3854988124 45.1987588887 45.2827799247 45.5549905064 45.3410849972 45.0052913089 46.3132197823 45.5315637519 45.565716217 46.2146441415 45.2572723009 45.9465517303 45.8154353068 45.1992842025 45.561364768 45.85072116 45.7867716083 45.9454584551 46.1332921392 45.2359501096 45.8426034807 45.2398690653 45.0357643668 46.3371934487 45.358477809 45.967538656 56.2042948789 46.3020517378 56.4900491246 45.1174768894 74.0206058872 45.5056457343 45.1281983211 46.3676523458 45.6101022738 77.55415828 77.55415828 66.8699537083 66.8699537083 66.8699537083 46.0229030278 45.4324792162 46.0355791772 45.7882713921 45.6041986272 45.0960744682
45.6368511509 46.146657959 45.8253001017 46.2291437374 46.1851728194 45.3709748297 45.1348295944 45.4190331104 46.1268433125 45.4040874761 45.3915762077 45.0726170323 45.373379468 45.3731304237 46.2120653037 45.0447409201 46.1643411173 45.4155850807 45.5983656559 46.2504781736 46.1974817803 46.2516398883 45.8585337596 46.0394647103 45.8643141916 46.1654785733 46.3008553973 46.138805183 46.3278427054 45.7514266179 45.0194149985 45.9856201704 46.1749353992 45.6685744072 45.9372770794 45.575927902 46.2693597063 45.6989179756 45.830116158 46.3738052368 45.7410871608 46.1056341812 45.3338517516 46.2489462508 66.8699537083 66.8699537083 45.5438839551 66.6501028458 81.9615599428 56.6843708377 45.7978164193 45.8734666597 45.2123747856
45.283863044 45.1668989622 45.5009382147 45.4098176436 46.1878145981 45.7502058108 45.5041384297 45.4993299032 45.3663181527 45.7879838124 45.4297723534 46.0532766298 45.1735999907 45.2266372888 45.6571847573 46.0145143852 46.3065570337 46.2848173545 45.9279783764 45.385398269 45.3177572642 46.4034623267 45.6545020289 46.3131676073 45.8391087961 46.1434434534 45.9082124344 45.4618570194 45.1263261609 45.8952946849 45.3555477686 45.5942882557 45.7783572821 45.1886997728 45.9496947877 45.2235473874 45.6317726111 45.3752326208 45.1805204222 46.0827494545 45.9476032937 45.1706745898 45.4606375275 46.0730541483 45.8256037144 45.6333075293 45.2109926838 81.9615599428 81.9615599428 81.9615599428 65.9906900284 65.9906900284 46.0516393011
46.046810062 45.7202262024 45.7316071088 46.0472203277 45.1026768069 45.4235887151 45.1056409294 45.5180124747 45.9252895375 45.651231662 45.0122286329 45.450612191 45.8497875044 45.0965048404 70.2713102677 46.2475576392 45.7440054099 45.1333402405 45.8310429697 45.9626200481 45.1654304031 45.6448158933 45.9651507164 46.3434294561 45.4694658931 45.4281246571 45.5065371235 46.1040833615 45.8956800711 45.7007870333 46.0340536092 45.0215299306 45.6726528558 45.4494400357 45.9171341087 45.3501501033 45.9086899171 45.099055919 46.2280759424 45.3248231661 45.7809661872 46.3090521753 45.9721430878 45.3304777824 46.2922936205 45.8172333398 45.5660490873 81.9615599428 56.6843708377 46.0684540668 65.9906900284 65.9906900284 72.2714223026
46.0934506206 67.2773669464 45.4830255754 45.0602394067 45.5762140904 45.566408598 46.2759803815 46.1574176622 45.6475721351 45.3332416397 45.3571923881 45.4455449821 45.7303398464 70.200862178 70.200862178 70.2713102677 45.9868822304 46.3660215232 45.9254531454 46.3867145967 46.1946528016 45.3246084922 45.6025537086 46.1553298665 45.8845183938 45.9515775261 45.4703929863 46.0342670417 46.4032952475 45.1267992292 45.4681086369 45.0653123545 69.8203908963 69.8203908963 69.8203908963 46.0821419001 45.3310501273 46.3170288846 46.1483971069 45.6225900457 45.2280348195 45.5135058771 45.8888485627 45.1532416079 45.624021644 45.4461712426 45.9608632013 45.7651488929 46.1984007459 45.2457644465 65.9906900284 72.2714223026 72.2714223026
67.2773669464 67.2773669464 67.2773669464 46.3093556363 45.6769769135 45.566319264 45.9875552662 83.7425440909 71.2799419331 71.2799419331 71.2799419331 45.1859731841 57.180676403 70.200862178 70.200862178 70.2713102677 46.1399374679 46.1907091248 46.3050425792 45.4212017614 45.5948253606 46.1861960655 46.2698163344 45.4824072343 45.291298091 45.6848889669 45.9078295893 45.9102478481 46.3278661561 46.38174328 46.0139395402 45.2061610071 45.0168789949 69.8203908963 74.6620842807 45.9469074641 46.3576347916 45.4061141664 46.4017971735 46.1841229144 45.5542276725 46.0058682444 46.2885567482 45.4649432844 45.543643338 45.4414486561 45.634057336 46.1519790925 45.2456777405 46.409106466 45.5190698808 68.6468653114 45.7805451547
45.0531280384 67.2773669464 46.0582566278 45.909813419 45.7610763794 45.6552348004 46.1789511526 83.7425440909 83.7425440909 71.2799419331 45.2762610642 45.7559155781 69.8342739145 45.0150275449 70.200862178 45.0612490024 46.015691792 46.2672867079 45.2363886932 45.1831358676 46.0959134977 45.4007470633 46.1579369435 45.7870456692 45.5476349508 45.6693670839 45.9229612323 46.0756222589 45.3789726838 45.0636285818 46.1699539831 46.3553520335 45.9362841381 74.6620842807 45.6616579802 45.1142397477 46.159804265 45.5455495585 45.0393037313 45.650533086 45.354113442 46.1312321842 45.1149546711 45.6976808525 46.3637946015 45.9311079684 45.4177450836 46.2002877006 45.6679316332 46.1305963928 45.8654848791 45.1058027881 45.9850714183
46.0580132978 46.1859681904 45.9495785676 45.2541275748 45.3003417562 45.7182120886 46.2478170769 83.7425440909 83.7425440909 45.2463400835 46.2629495748 69.8342739145 45.9444604285 45.7385512603 45.6949305976 46.1726156308 46.2284710751 45.6687816223 45.8177806573 45.2924780431 46.2541322445 67.1935324697 67.1935324697 45.1421176679 45.3236989078 45.7934986649 46.3900767671 46.115333784 45.8809065902 46.0947475578 45.5778382306 46.330940894 46.0521855301 46.0663760535 46.0270163395 46.1246944938 45.1532971347 45.7097496737 45.0803462241 45.774430669 45.0164063327 46.0465700014 45.6365737122 45.2049586852 45.5698632288 45.6548641748 46.3203699298 45.2805046162 45.4434085433 45.0171557113 46.0472186022 45.8173307862 45.68130591
45.421582558 46.2875886711 46.0452208503 45.0286274197 45.377770686 46.2908760912 45.315648326 83.7425440909 46.3606310215 45.2852864435 45.9685165989 45.145105579 45.0277815608 45.2244595457 45.8614551276 45.9339338023 45.1692592574 46.1835241342 45.2728507231 45.5666264411 45.2776589885 46.1741780145 67.1935324697 45.6169733638 46.3981882077 45.538242901 45.3326720526 46.3639042133 45.5013115408 45.6243419801 45.2013687887 45.7215659179 45.6372439845 45.5978663363 45.2459298943 45.8325991163 45.2320495217 45.684604065 45.482326704 45.1193561761 45.7417936245 45.0227791563 46.0186895106 45.8085952446 45.9426445722 45.3187460187 45.6022359471 45.8468766765 45.9006972032 46.2488461781 46.1527485278 45.4573330957 45.4442883373
45.8236877964 45.1468139023 46.393801115 46.0092488747 45.462473413 45.0052538971 45.9077040766 45.9862600816 45.0370240027 45.9604448363 45.4431434947 46.3254337638 46.050384325 45.4645485902 45.2371494912 46.1648184848 45.0837361243 46.4013508448 45.5101735092 45.0970488969 45.6613328633 45.4265823041 87.7367450319 45.628358531 45.5454621481 45.1147571595 46.3110752319 46.1506180822 46.0646851055 45.018037175 45.38867967 45.3091868896 45.5920160175 45.6711829745 60.4547155 45.4197568315 45.2505314645 45.7430127319 45.8393971602 46.1537799858 46.321195114 45.0989050056 45.5995512202 45.419312517 46.1972161984 45.6352802541 45.8555747028 46.2122828648 45.6426062979 45.0682421586 45.6457057723 45.813934416 45.0714174048
46.1922558508 45.7559837888 45.3141369278 46.1206368428 45.0823374177 45.475271104 45.2415171804 45.0465928268 45.1731303967 45.2415493547 45.141707145 46.154941917 45.0166669199 46.0320032099 45.0993133151 45.3840765192 46.2534929949 45.5865459829 45.0703998133 45.1376702233 45.1517068828 45.5266934906 61.1019742704 45.6018624839 46.1120697996 45.8159324904 45.1476172883 45.6424021227 46.2933687484 46.3655055597 46.0766148214 46.1708243305 45.58703456 45.5694397147 45.1492945688 45.0118680253 46.0618462751 45.465216731 45.5324698229 45.6993787118 45.0279112827 45.0548236556 45.8084577116 45.2998111459 45.3997024829 46.2573144473 45.7616095058 45.6352030032 45.1896148243 45.7210385486 46.3554051619 45.5870566479 46.1264331049
45.2930670279 46.2791554131 45.4314841966 45.82465189 45.8198452561 45.2355503459 45.8413920583 45.4848834361 45.6079555939 45.6522792908 45.011686358 45.8491561173 45.6956430878 46.2819342688 46.4067013804 45.6947162112 45.249385474 45.4117451813 45.158004753 45.9687263881 45.1037276605 46.3198916844 61.1019742704 61.1019742704 45.3003665671 45.3969133856 45.1839524892 45.9890371933 45.0007167848 46.2910866753 45.1549602972 45.0605692419 45.8553914671 45.9005824011 45.3975441311 46.0312466016 45.0896293632 45.9852523496 46.3789081884 45.9485839052 45.2787004957 46.1264502352 45.5027484849 46.4098849342 45.5435848093 45.1628773146 45.6853947305 45.5819588034 46.2311829435 46.1118164262 45.7779154991 45.0096899186 46.1938229706
45.8356001437 45.7732422868 45.5426688015 46.2513174191 45.3490326576 45.0994035264 45.0168897043 45.2773978604 45.3170900876 45.387491743 46.2477529615 45.7058015819 46.2775180622 46.0784665821 45.2618437748 45.7944001359 45.4297441696 45.6080621631 45.4872437857 46.4103958892 45.5180496381 61.1019742704 61.1019742704 46.1670896154 45.6679506403 45.4740812981 45.531791459 45.6509118067 46.3897080608 45.8449450618 45.7423030693 45.469773018 46.2417042289 46.0286820046 45.8659909179 45.3857850696 46.1657492979 46.3249013108 45.0219528988 46.2561974668 46.0976541584 46.0447367274 46.1861750471 45.0770769959 46.3673252477 45.8378968509 46.254488354 46.3742703662 45.8643212598 45.4152340914 46.1580730534 45.7914730666 46.3584429732
46.2950185713 45.4939507409 45.7328716685 46.2184130824 46.0645148821 45.0628813883 45.6372461979 45.8057696447 45.8261911111 46.3953433937 46.1475269581 46.1754797272 46.1398642034 45.6486533935 45.8097608138 45.8148328102 46.1969799401 45.4249822497 46.0003833606 45.0502940501 46.1403593872 45.9630524734 45.9213478755 46.3223824981 45.4147141847 45.5854002943 45.5164646356 45.5189958854 45.8940270411 45.6235165614 45.3399330187 45.1635435712 46.0866146118 45.9780845706 46.2327287178 46.2465537919 45.1240380378 45.1799809344 46.1688376927 46.1082817034 46.3929091311 46.3798890048 45.8917532602 45.8489677958 45.2610927997 45.5730045218 45.6369087717 45.4613125312 45.3999956185 45.575005297 45.8623880993 45.4937195426 45.8289242079
46.2746748864 45.3353907442 45.2364250741 45.5389695508 45.0819695566 46.2696033598 45.1191528345 45.3542630559 46.0700563319 46.2356897314 45.084965956 46.2223125143 45.6184854513 45.2684255102 45.76844678 45.917390191 45.0774678261 45.5263776091 45.4177636366 45.4504643286 46.0604699587 45.4566625156 45.3609303796 85.1931331007 85.1931331007 85.1931331007 46.0157073274 45.6550926434 46.3559420142 45.4172652837 45.9908123616 45.1901209398 45.1434820788 45.1269484857 45.9660730569 45.7102479431 46.030366567 45.6361824657 46.03447297 45.2123976742 45.5280571393 46.3187503581 45.7492399707 45.3520711361 45.8942908458 45.0350585092 45.6963649287 45.2278292906 45.0598919638 45.2190657408 45.8903779264 46.2575979242 45.7707202953
46.3424551434 45.7200261646 45.8110768371 45.3687540815 45.990246151 46.1416837213 45.3523272404 45.3305514584 45.1784759267 45.8778988818 45.6692178336 45.9761536884 46.31090194 45.8343941306 46.1373381991 45.200738918 45.5675999679 45.615440714 45.1373628589 45.7394996869 45.433259945 46.169689526 45.7461179159 85.1931331007 85.1931331007 46.0410003353 46.2393159371 45.0906415806 45.013929338 45.8785865102 46.1759867057 46.1387450885 45.170969096 45.3465834111 45.0377771067 45.0044666274 46.0999560364 45.5793238299 45.0846328896 46.1095241673 45.8016000168 46.2367255281 45.8785441481 45.2834547857 45.9629855935 45.6199256986 45.2925867129 45.5937530935 45.9991555665 45.7487723393 45.0495897648 45.8354817083 45.8177689976
46.0348989079 45.8049390065 46.1317353113 45.7740547019 45.5389506416 46.0176285242 45.8451350466 45.9875803803 45.7605143917 46.2367511715 45.7697336758 46.215651159 45.4254217015 46.2589307398 45.7073209627 46.033092346 45.3439388631 45.3473283274 45.3876618571 45.0551902598 46.2282893368 45.4116077604 45.1380503827 46.0398919084 46.2857467544 46.0977606072 46.0266490884 46.4122986588 46.1412277932 45.0566690388 46.071926239 45.9005454367 46.2102003145 45.6056100494 45.0870291131 45.9316707099 46.0858996522 45.118729975 45.2234868307 45.3057115581 45.2789204262 45.4497211275 45.2348138349 45.8223584446 45.1842051927 45.2500546649 45.4795901025 45.2606921608 45.0729731353 46.2664065188 46.0513743158 45.8332513254 45.470051288
45.7574901061 46.3721186339 46.3391211148 45.5606795963 46.2179244056 45.8209832093 45.344536315 45.4485191596 45.1625705623 45.9751408571 45.5323478546 45.6068428763 45.312522545 45.3517393521 46.2097356689 46.1251526915 46.2497072501 45.1109927821 45.8039295219 45.9104685029 45.3574878468 45.7172015683 46.0863874434 45.7168930535 45.0308404005 45.7164759702 45.5827940042 45.2000117992 45.8772094417 45.6554754125 45.5802995939 45.7544556113 46.2367548442 45.9077711306 45.9342756062 69.4514168736 45.2957028716 45.8887294997 45.9599225789 45.1794267583 45.517161998 45.6683359682 45.6938765565 45.8306880487 46.196228851 46.2793117267 46.1721137439 45.0571005579 46.132235928 45.519433973 46.0856566373 45.6770507318 46.0696319664
45.7427624748 45.4394092907 45.3455830286 45.8138698779 45.8774635912 45.6590249146 45.6440669989 45.5413446907 45.3523115617 45.8612300931 45.1471968625 46.1564386665 45.5959392428 45.0385194233 45.7899767954 46.4120466655 46.1911512239 45.1128244761 45.5045412226 45.5766466163 45.9603167555 45.1416262248 46.1064569686 45.2048771285 45.8433935669 45.6470337191 46.0112984867 45.5839359098 45.386537666 95.0173740332 45.2830760533 94.7992172897 45.742784652 45.4537339571 69.4514168736 69.4514168736 45.3723453283 46.0491013645 45.1387801683 45.2354288451 46.1379212398 45.1523069142 45.7969639558 45.2727898376 45.2683644963 45.465459097 45.7260885639 46.2041661742 45.4729029504 45.9889471049 45.555584202 45.9633134589 46.3721913943
45.059084503 45.788532752 46.2506588746 45.4968293997 45.3610590986 45.6160740054 45.2417873628 45.0673632956 45.4036931213 45.0191638033 45.0216343998 45.8536272747 45.640858484 46.0462004567 46.4027980973 45.4544153907 46.4118589146 45.0868607308 45.7553054981 46.39444168 46.3175231583 46.0523694206 45.5111139141 45.7749235303 45.3091957532 45.2202392259 45.0685512017 45.2971669181 45.0953844417 45.5114133251 94.7992172897 94.7992172897 45.4638853159 45.6382213653 69.4514168736 69.4514168736 45.5081203078 45.4175782639 45.2586095785 45.3339868414 45.6810633608 46.1695882002 45.782689375 45.7858166449 45.1465470701 45.6433020855 45.8559930527 45.2667069568 45.4304739478 46.1802024784 45.9161920273 45.4275550547 46.1240924943
45.8038523246 45.7625196545 45.5410509331 45.3579322009 45.0233073907 45.8483812918 46.2166957491 45.9136246747 45.7496446418 45.6110252113 46.1095849631 46.1891448174 45.162854673 46.2271411077 45.3063388065 45.6012528331 46.3219216037 45.9723979217 45.6415049777 45.2461888308 45.7973740738 45.2907027955 45.7854676844 46.2300647254 46.1034960609 58.5261835432 45.3441766866 46.3968589258 45.6741742326 45.5449073682 45.3560761017 45.8966024842 45.5018093898 45.461511583 46.2890698359 69.4514168736 45.6452749716 45.0679399587 45.144770642 45.8813958173 45.8838999666 45.8751242324 45.5411998009 46.3765766877 45.21140112 45.8715454021 45.1772509428 45.4118900296 45.7180939159 45.3968444443 45.6671053343 45.6173028499 45.8623864945
45.6690930789 45.7314435855 45.2667565117 45.0140614785 45.0606544666 46.1685591374 45.3071565913 45.6121905368 46.0337540997 45.5427275489 45.1725113582 46.3033962518 46.220268134 46.3899943448 45.0528132435 45.8759711735 45.9169924231 45.3024891996 45.9071172124 46.0087682422 45.2925553073 45.5672186107 45.0396584975 45.0133554084 46.0025700152 45.9734630591 46.1232204858 45.7833873173 45.7322849942 45.5737910288 45.5452251519 46.1759833053 45.3365787356 45.2444627783 46.1955958839 46.1195220864 45.0320277644 45.3064619869 45.4062293831 45.6655374595 46.3726420563 45.2826652792 45.976830892 46.3550646756 45.1101715091 46.2933210691 46.1167303627 46.0316349372 46.0866181659 45.9306517548 46.1956697109 46.0925336371 45.6614239629
