Spatial_Output/BAU/BAU_1330.asc
NCOLS 155
NROWS 192
XLLCORNER 196769.923733
YLLCORNER 449719.875193
CELLSIZE 27.603701
NODATA_VALUE NaN
[rows 23 to 45 of 192, columns 0 to 52 of 155]
0 33.7219609085 33.1336433912 33.6365755491 33.5532628976 34.0841418559 33.8591628669 34.2184203151 34.1035628437 34.3085276674 33.4204753172 34.0019062915 33.5400248045 33.7103167128 69.6761435571 69.6761435571 55.0449588022 55.0449588022 34.3010530092 33.6903325973 34.367162146 33.2354252137 33.3823682183 34.0318604332 34.1318360289 33.5386999093 44.5626848349 44.5626848349 44.5626848349 33.652558557 33.0147714478 33.9905727955 33.7804354385 34.2898245586 33.5841616657 33.3673246999 33.0062563467 34.0299605361 33.161549881 34.13510968 34.0752295096 34.2035410298 33.0578596053 33.4955893494 34.1553750646 34.3451146399 33.8536185722 34.3968173263 34.047886459 33.1028252546 33.2324781365 34.1632661988 34.2506387379
33.7556083697 34.2727419564 34.387354573 33.2897885859 34.1726227301 33.0975980947 34.0159941515 33.3209277318 33.2933821764 33.7035832988 34.0243855755 33.6996259918 34.146231148 33.3868455279 33.6230362899 34.3421362579 33.4843599168 33.88834959 33.316272761 33.6768304006 33.2845117666 33.5879632281 34.1785077586 33.8099698594 33.7521451927 34.0305057719 44.5626848349 44.5626848349 44.5626848349 33.3623760646 33.9300248886 33.245382901 33.5550298102 33.6391085028 34.0409689204 34.2062333508 34.1420280872 34.3266305519 34.2829440307 33.6985476747 34.4095665495 33.5165838016 33.0619472508 33.5407088156 33.9119790263 33.6392043364 33.1153102367 34.2366972348 33.3386677556 34.0691181349 33.8952090563 34.1727894977 33.6448412294
33.7501300658 33.197342791 33.9349645938 33.5452289775 33.1171168139 34.3829896357 34.1195967062 33.1502000972 33.6042567056 33.2814018384 34.3753119816 33.0283076468 33.2134081535 33.1335210401 33.3362881891 33.6914842776 33.387449752 33.1788688361 33.7359308465 33.2866614137 33.777548008 33.8981849661 34.406642106 33.899402179 33.1646129292 33.7425619438 33.9265278339 34.0139337573 51.589432848 52.1165973363 34.1974459025 33.9662404272 33.32758573 33.4668963635 34.3636030511 33.4465652843 33.7289198878 34.0527198833 33.2993165111 33.368029389 34.1682040673 34.1146763813 33.3730618171 33.5149338965 34.397643345 33.6948079519 33.6891724917 33.9185846238 33.5070532628 33.8484227695 34.3973197132 33.3607681838 33.261127237
33.7948930603 34.2161967668 33.6114194106 33.7409427096 33.9727703157 34.0245735026 33.8629268021 33.0273477416 34.0538495136 33.0490049269 34.1457797047 33.3832714495 33.0871092163 33.3152022246 33.6109067094 33.7649866524 33.0578072572 46.5827108552 51.9031532047 33.3161987241 33.219302448 33.8960776695 33.7971096132 34.1730247744 34.0830159543 34.2329666529 33.6086103713 51.589432848 51.589432848 51.589432848 63.7393042688 33.6292994094 33.1327805636 34.3339763721 33.7451208345 34.0048596088 33.9261291008 33.692976169 33.3645918411 33.5242507504 34.060498396 33.6531898565 34.3020361818 33.6458174584 34.1725089819 33.7951691932 34.0752431053 33.3160794198 33.1204385905 34.0943070483 34.0450927689 33.772961624 34.2503478823
33.0882502024 34.0416016387 33.8035723626 34.3174758829 33.9396021656 34.3838447703 33.7240644002 33.6085136365 33.8381647757 33.8713954097 33.0950040471 33.2161775907 33.7775797723 34.1872328032 33.3333217215 33.9811627113 33.3794730606 33.46612309 51.9031532047 51.9031532047 51.9031532047 33.0010016527 33.9155809499 33.7071430589 34.0261592591 33.6977850485 33.0223057629 51.589432848 51.589432848 63.7393042688 63.7393042688 61.0611580465 33.0439475498 34.1411021565 34.181269235 33.2305610127 33.623463602 34.0160911566 33.5984908867 34.1158945613 33.5066236058 33.3259660075 33.5590838668 34.2374552059 33.4251329144 33.6740268843 33.3834675426 34.3405458634 33.0023658654 33.9866502087 34.0599750179 33.4765867889 33.5645662222
33.4866039838 33.8341055098 33.360264302 34.3594863509 33.048247634 33.8332692879 33.4502926893 34.2874802361 33.2386714319 33.0535608654 33.1966918391 33.7416462755 33.070936955 33.8815112772 33.8935702962 33.7874622824 33.3511881006 34.0309980533 51.9031532047 33.7873757368 42.6194607146 33.4622232138 33.6072848187 34.3403690938 34.0930913299 33.3547718309 33.898938311 33.2307003164 83.1741595531 61.0611580465 75.9755513507 33.2151169328 33.2711524045 33.0504124586 34.1033420047 34.2662574721 33.9889268224 34.3540782554 33.2706224706 33.0746472499 33.1850916133 34.0442084015 33.0091433434 33.2614681996 34.1472737923 33.2860818383 33.6946611205 33.9107431314 33.1552224095 34.1819061916 33.0680886268 34.1854539414 33.5113995079
33.6414933782 33.6472920202 34.0829744937 33.161651021 33.7180053888 34.2316974306 33.364317191 34.030667044 33.5711194139 33.0945389961 34.3001347133 33.4557204729 33.3044508546 34.3728927302 34.0624061022 33.6507142919 33.6176604417 34.2241111712 34.2158335463 33.0930781628 33.2821515996 33.9563855449 34.4085341327 34.3030785328 33.9429063673 33.958858533 34.0086526887 33.2150553108 34.19084877 61.0611580465 75.9755513507 75.9755513507 75.9755513507 33.0802404449 33.5227483435 34.0235796861 34.2749560355 33.9182060945 33.6378933118 33.7539191194 34.2154201596 33.656900656 33.8182360132 34.1912823486 33.8163120322 33.935000227 34.0541889747 33.8297239972 34.2470309597 33.3989326635 33.5139943382 33.0613213486 33.9195383761
34.1354000483 33.01828122 33.24513417 33.1894161838 34.4116014089 33.2874044133 33.9138181423 33.7143973374 34.3910747632 33.455065067 33.9354139207 33.2301616886 34.0790119428 33.2413471768 33.8152378359 33.6235643777 33.529937709 33.2630148192 50.8949475688 33.3137602727 50.8949475688 34.107510434 33.1687018244 34.3753269636 33.9899050611 34.0791384631 33.9398742167 33.7979801616 34.156717454 60.7090333388 60.7090333388 60.7090333388 34.156701396 33.023354903 33.7450180259 33.2807121734 34.2004631466 33.1693044342 33.2491391353 33.0075271282 33.33135429 33.994075648 33.3044378751 34.0404078688 33.2127706983 34.170370623 33.1844229194 34.0378386602 33.7683436695 33.6400925239 33.9027445244 33.6145568854 33.2863931748
34.1692892197 33.9428007394 34.3545158925 33.8936229381 34.1411870561 33.5648161329 33.5783797718 33.5787841894 33.9526960791 34.2153223728 33.3335780371 33.6657495907 33.7108184408 33.3476639703 34.3362188738 33.3483211895 33.1008740153 33.6343642371 34.3462842111 58.4162129242 58.4162129242 58.4162129242 33.7386023192 33.1981958815 33.5565662506 33.9274408168 34.1511149439 33.6584868579 34.3896746121 59.5204180867 60.7090333388 60.7090333388 60.7090333388 33.5640075369 34.2906333636 33.4168315595 33.8073216835 33.060112629 33.323790634 34.1560322099 33.9895953651 33.1881280918 33.4739719191 34.1036606808 34.0991122903 34.2584742232 33.7019994604 33.8804565853 33.0115695518 33.5560445595 33.6893974493 34.126640915 33.934614907
34.0732438896 33.3884773063 33.5910281061 34.1488711407 33.1001067214 33.5253370492 34.1823491949 34.0366796414 33.1474337054 34.2143916043 33.3638032044 33.2455517897 33.5970504819 34.0620319633 34.2836314334 33.5721928441 33.096616576 33.8786895922 33.5924947103 42.8191953789 42.8191953789 42.8191953789 33.5957275855 33.0571120778 33.6199779997 33.7252608078 34.0987805937 33.2928900485 33.2502919769 49.3149925135 49.3149925135 95.1178903296 33.1778273166 33.0030010229 34.1750808356 33.6813274725 33.9064311939 34.1585037923 34.3609356857 33.8128312503 34.0389574969 33.2276661061 33.260479822 33.1597203454 33.3422058855 34.0910432774 33.196187343 33.5145086455 33.6040699852 33.1038244551 33.0355574668 34.1169260907 33.0614273456
34.2859169224 33.2137641281 34.3824270282 34.3898036415 33.8323270078 34.0826590161 34.0285759537 33.9430706494 33.7438294213 33.3358072956 33.0654573602 33.3626964419 33.8660367026 33.3342189472 33.9757652379 34.0653243782 33.883149821 33.2872733586 33.2436133761 42.8191953789 42.8191953789 34.1980213314 34.0811458852 33.940677445 34.027659511 33.3012749732 33.0742437787 33.2618785542 49.6192276169 49.3149925135 49.3149925135 49.3149925135 33.1121741352 33.6085786448 33.2380737481 33.5820247045 33.530519698 33.146871352 33.9517816945 34.0087167303 33.0265533886 34.0207703777 33.3387926616 33.5063546572 34.3767945151 33.2745611725 33.7738968967 34.1669277247 33.6950903011 34.3679973122 33.6017890172 33.8475789536 33.5604720128
34.0167354742 33.9143014816 33.8541677204 34.0497632987 33.9042223657 33.6029034739 34.1539305957 33.9095135093 34.4063297579 33.3865965206 33.0167413826 34.0037612573 34.4075991891 33.0196183653 33.4023567495 33.7606784615 34.2947829696 33.9389257907 33.1050260747 34.0627670557 34.3427471154 33.425148252 48.6589379043 33.4005580081 33.4796403347 33.9309013271 33.094266736 34.4078155361 33.8451079762 63.7086027464 63.7086027464 63.7086027464 33.1674862384 33.45509553 34.0407467957 34.012337423 33.9722553954 33.1525382421 34.1880006398 33.4484122249 33.5248349403 34.3471688269 34.3693940243 33.2647478318 33.0848868457 33.9668049344 34.0333668624 34.1673871216 33.2598236515 34.1736394058 33.2947794899 33.363364523 33.4482918395
34.355833762 33.4794655916 33.8480359704 34.3077586081 33.5353724701 34.0849439653 34.1913795911 33.853307032 34.2078140831 33.0800504458 33.0977961517 33.461911888 33.7447510916 33.950488129 34.2531599225 34.245982983 33.2698800442 33.7364376292 34.0804899688 33.4610195089 33.4590399767 48.6589379043 34.1134337415 33.3896023646 34.014138831 33.4427594228 54.2444419214 54.2444419214 33.0589105997 63.7086027464 63.7086027464 66.2649889712 33.1792727376 33.4056527972 33.6778552157 33.7230106496 33.5491424907 33.8946874419 34.0058480822 34.4098969806 33.4226077942 33.6861165246 33.4987433393 33.9518231052 33.1263579994 33.3353281038 34.0273886934 33.6577578666 33.6249377621 33.4648025499 34.3451007663 33.0620419434 34.2334697391
33.8662160545 33.7686181239 33.1471942011 33.2534934646 33.3314398257 34.1752143989 33.0629190502 34.1580458842 33.628932116 33.1281295958 33.6764595046 33.6393511789 33.9293640339 34.3920656469 33.8985154737 33.3268737393 33.5527502013 34.1285586396 33.3684497101 34.2208323157 48.5505731971 33.5970951014 34.0577686266 33.7277662933 34.4136747403 34.1001740366 71.1541631437 68.8647213262 54.2444419214 66.2649889712 66.2649889712 57.4544558434 57.4544558434 33.0941195567 34.1052864426 33.5469721332 33.5659582376 33.5483529092 33.9907053286 33.3252268342 33.7810844499 34.1539254498 33.3497865052 34.1885847141 34.1830985156 34.16261499 33.0521982163 33.6103068547 34.4120551104 33.1874253887 34.1816931901 33.0650260201 33.9189597252
34.3251987646 33.6650520236 33.39639055 34.2548672594 33.7793297873 34.063209819 33.8660803765 33.4316276749 34.1577703144 33.5046905337 33.6739076337 33.5729001665 34.065379988 33.5309919388 34.3472521569 34.1624870158 33.9389138843 33.5777009044 33.0303825292 33.4035529618 33.9003308732 44.9637077767 33.7421091962 33.4905194925 55.5450916103 68.8647213262 68.8647213262 68.8647213262 71.1541631437 49.9191116874 57.4544558434 49.9191116874 33.406297657 33.0652068157 33.4857986576 33.2796177858 34.2835037046 33.4587240141 33.5189822742 33.5792559231 34.3729278761 33.6290356262 33.0136037247 33.1851243652 34.1867232316 33.1548650179 33.2477890714 33.6053969181 33.2288201097 33.7459683482 33.7568658777 33.6565019536 33.5004021151
33.4963528813 33.9368579692 33.722769155 33.1169576666 33.7493278946 34.4043605979 33.6540710737 34.1289739445 33.7554991322 34.3987223676 33.7952884183 33.2015468878 33.4377702128 34.1120695741 33.3773548418 34.3098536261 33.3608791383 34.2331803001 33.2818984177 34.0799229127 56.9889669524 33.5530622667 64.2317348933 64.2317348933 64.2317348933 81.0518217666 68.8647213262 68.8647213262 33.0648896057 58.3956026368 53.5371790307 53.5371790307 34.3139445281 33.7409618683 33.2425121561 33.8470991432 34.3981002348 34.289517599 33.1787038732 34.0290938206 33.0515879098 34.3724874677 34.0871026217 33.2623124818 33.5557661802 33.7387951765 34.3035118379 33.0382872361 33.6983653394 33.8552420307 34.0911273303 33.7555476665 33.993486542
33.5394816587 34.0135897944 33.2737204613 34.4010051042 33.3942149746 33.6816883323 33.7470707145 33.8666990261 33.73732685 33.4809981241 33.3548002653 33.702293619 34.0954967312 34.3887118248 33.9104146177 34.2417573325 33.2225240869 33.2638801206 33.3356025136 34.0927510787 78.2294994681 66.6041174297 66.6041174297 64.2317348933 64.2317348933 55.5450916103 33.1841672666 81.0518217666 33.8272853896 53.5371790307 53.5371790307 53.5371790307 33.1338534045 33.5707737167 33.9685300187 33.851897799 34.255992864 33.7365277414 34.0698671138 34.0690546109 33.1073827128 34.1207112167 34.1885341696 33.8240125807 34.1257550639 34.3996056792 34.205058078 34.1045638146 33.5060190317 33.96912658 33.3374354787 33.8346695122 33.9584099509
34.0767698141 33.0811135977 33.8065075962 34.3925546414 34.1487139792 33.2529011978 34.1648282127 33.1843403643 34.3535731033 33.1607454331 34.1636826621 33.0736406935 34.235536762 33.0516323144 34.3630193823 33.9926481531 34.1937428873 34.3686728053 33.6656275899 33.5371866947 66.6041174297 66.6041174297 66.6041174297 64.2317348933 34.1677903276 33.3834727649 33.0394461931 33.9278356976 33.9450775689 62.1987688329 62.1987688329 33.933049106 34.1589601989 33.671392261 34.1760477845 33.3377242934 33.388519882 34.0326662468 33.4528213763 34.1606998372 33.2172052476 33.0219962377 34.1073151947 33.2469766036 33.7900664621 33.6393079713 33.6329919818 33.7188204467 33.2057649168 34.3890464638 33.5207570451 33.0551335294 34.0273777571
33.4877188958 33.0263355649 33.4181874884 33.7257262287 33.3025338334 33.3682697582 33.2243864606 33.2214631823 33.2046494717 33.6074912423 33.708739544 33.3105542526 33.9654941573 50.5886129833 34.2508178145 34.2336786225 57.4075311414 33.3981548231 34.1031551045 34.2333373232 33.9746701182 53.2060073491 34.1621812748 69.8534851982 33.5481115079 33.4427324007 33.7242505815 34.093299472 49.9230953603 59.826160769 63.044606626 62.1987688329 33.8387824992 33.360219561 33.0811448121 33.8857498285 33.5572699625 33.2228833853 34.2574660308 34.1599419146 33.8014065298 33.2333962219 33.5592989243 33.4195638909 33.6077429556 34.0397619649 33.0412350265 33.6611833895 33.7135933304 33.454439141 33.7880749512 33.8322924753 34.0008866024
34.0971220837 34.3505234866 33.6851891649 34.3956660687 34.3267892678 33.8350093196 33.9991119787 33.2275973455 33.5731806148 33.0136218675 33.4270782239 34.0183912934 34.0308841176 50.5886129833 50.5886129833 34.3713451203 57.4075311414 57.8180372184 57.8180372184 33.7437341874 34.3705629815 66.7035004243 49.4804163185 78.3222014533 78.3222014533 64.918148709 54.710975063 33.2115993272 48.4045386667 59.826160769 59.826160769 59.826160769 33.4101657777 33.3201876666 33.5541176059 33.9259398623 33.8351177872 33.3145977544 34.4060723491 49.3905686832 33.2619494055 33.3830254471 59.4307995407 33.3089367599 33.2790802106 33.5036180286 34.1094050478 33.7435755692 33.013185442 33.2380651748 34.4060656487 79.8093976978 79.8093976978
33.0176685395 34.3251222209 33.2696582124 33.9929912871 33.032786174 33.7799778207 33.0022198895 33.7267804835 33.5977068651 33.0258372952 33.6270324644 33.1030956629 33.3922887938 50.5886129833 33.2708618587 57.4075311414 57.4075311414 57.8180372184 57.8180372184 76.8891805732 63.4235547097 63.4235547097 63.4235547097 49.4804163185 78.3222014533 54.710975063 54.710975063 48.4045386667 48.4045386667 59.826160769 59.826160769 55.892611911 33.6223936154 50.582053248 34.103990039 61.0570613478 56.8848252649 56.8848252649 64.295440703 64.295440703 49.3905686832 59.4307995407 59.4307995407 33.6840093032 34.1826060725 33.6601107848 34.0060239509 33.8724808305 34.1549707554 53.9819591934 53.9819591934 79.8093976978 79.8093976978
33.2658326421 34.0050654646 34.3944704182 34.3301486081 33.4070548729 33.4218072963 33.5979663468 34.3585522709 33.0703070016 33.0548964666 33.7628296429 48.5573389855 48.5573389855 48.5573389855 33.2504907526 33.0053852298 33.2815552132 34.1297802252 76.8891805732 33.9968941167 71.6376637029 63.4235547097 70.3459766657 70.3459766657 78.3222014533 54.710975063 54.710975063 48.4045386667 48.4045386667 84.4285812463 84.4285812463 33.8006589972 50.582053248 63.9227081155 63.9227081155 33.1239982386 56.8848252649 56.8848252649 64.295440703 64.295440703 49.3905686832 63.3841256263 59.4307995407 34.2577260258 33.3268427587 33.1418727983 33.9798817528 33.1919326439 53.9819591934 53.9819591934 53.9819591934 79.8093976978 79.8093976978
33.4879869087 33.8133688623 34.3728863715 33.769237111 33.8018719608 33.7936921344 33.8654148171 33.6887817959 33.0528159217 33.0711055382 34.3140942731 48.5573389855 48.5573389855 33.6942263315 33.1283761208 34.2081066794 33.2963273486 33.0755792064 33.2396315131 34.0447292884 33.6339844559 63.4235547097 70.3459766657 33.4180077884 33.6928659005 64.918148709 33.5460972295 33.9794866031 48.4045386667 84.4285812463 84.4285812463 33.9784560273 50.582053248 63.9227081155 63.9227081155 61.0570613478 50.0098561666 56.8848252649 33.9232816547 64.295440703 34.1103801796 34.1010092685 34.0817746631 33.912972108 33.6534179389 33.4840675441 34.0397906178 33.5711097725 53.9819591934 70.551073084 33.3920605153 56.4698465771 56.4698465771
