Spatial_Output/BAU/BAU_0962.asc
NCOLS 155
NROWS 192
XLLCORNER 196307.867259
YLLCORNER 449144.565805
CELLSIZE 33.573938
NODATA_VALUE NaN
[rows 25 to 49 of 192, columns 56 to 111 of 155]
23.5635851718 25.0320209969 23.7273101816 23.5133855062 24.7552931142 24.1379972907 24.804347151 44.6486985381 24.0100077438 42.4649618449 42.4649618449 24.930347064 24.4136055367 24.9860042838 24.9258210583 25.0660782807 23.7996106536 25.3366747641 24.4019484613 23.5165639556 24.3996036296 23.6903646867 23.9384944857 25.1603122559 23.7504407614 0 0 0 0 0 0 0 0 0 0 0 0 0 0 0 0 25.2441111707 25.5035870089 25.1072825288 23.6057464474 24.121990681 24.2975211966 24.407793269 24.7112575677 25.6122763719 23.9347868744 23.5380247493 25.4502464561 24.825671708 24.6137004936 25.3460752218
25.4964845258 24.1421234778 24.1254798477 24.6671526447 24.8762918331 23.79699343 50.8945394666 50.8945394666 43.9635397558 42.4649618449 42.4649618449 23.7485867113 24.1788649738 25.3581199385 24.8913645834 24.5582207076 25.4928023772 24.1954163287 24.1155531698 24.415747837 25.2807263574 24.4814532929 24.0242107123 23.5394160777 25.1764877142 23.9070224785 25.0832790287 0 0 0 0 0 25.3316573006 25.5762293607 24.16300984 25.2468465844 23.9340574282 0 0 0 0 23.706694027 25.0652882039 24.7679870629 24.6445440193 25.088621301 24.276622275 25.1275971264 24.6976211886 25.1186306959 25.0755720865 24.3604027243 25.5625105274 23.588538746 25.0094126644 24.6101771828
24.1076680129 24.062661283 24.5132263076 23.6034436275 23.6390459181 49.2277426381 49.2277426381 43.9635397558 43.9635397558 60.0526913122 24.6648916904 24.1782715528 23.72498928 25.03553437 23.7074706867 24.5652441782 23.9314603108 23.8038162372 24.8422234092 25.3605131704 25.3780420575 25.0315776761 24.5047497569 24.226926985 25.2968882306 23.6662455076 24.7316239463 24.3388074014 24.6325461055 24.5644798458 23.9979667642 24.8126300475 24.7404249522 25.5265625414 25.4619310434 25.1181673822 24.3927312742 23.8979053969 25.5894306422 0 25.3843361987 24.7964044605 24.9868136022 24.2708319417 25.2343887619 23.5529363808 24.0220877357 25.1302790994 24.5165874312 24.6548423654 23.6436916934 24.0158695715 23.9965308088 24.801134981 23.8997896776 24.2269596899
23.6420254557 24.2806115376 25.4885486229 24.5783430664 49.2277426381 49.2277426381 49.2277426381 43.9635397558 60.0526913122 41.6549338256 60.0526913122 23.7281584616 23.5744108862 25.4955302238 23.8264200108 24.1031587665 25.2364892614 25.1183960259 23.5638007984 24.7664091426 24.0594398764 25.4389125475 25.4026950224 24.9707608749 24.1104990738 24.3541300709 23.5161653663 24.3636091085 23.9849636955 25.5642552266 23.9359036908 24.0709117602 24.3533170539 25.6177700082 23.5183530625 24.9190500399 25.1118250267 24.7084602816 24.6467862042 25.6191431477 24.8673053881 24.9428236718 25.3177021976 24.956335501 24.932831309 23.539240643 25.4229654554 23.5473098817 24.5784949909 24.2882685815 24.2530091097 25.2879208639 23.971633187 24.1611055713 24.648144091 25.5589715135
25.3063423526 24.8368592929 24.256903849 24.7933332696 49.5816975107 49.5816975107 49.5816975107 41.8765581651 41.6549338256 41.6549338256 25.4209192878 24.4040774616 47.5374169573 49.1711042017 24.5565272583 25.3019721156 25.5486588933 23.7150491816 25.609700208 23.7042186589 24.5485366375 25.2531362524 23.7721432302 24.0100934269 24.3868094957 23.7286436284 24.0990424981 25.3976215229 25.472771613 25.5400526073 25.2647908785 24.8664609635 23.901356549 25.3416016767 25.1519714319 25.3084573688 25.1159066586 25.5854421654 23.6394150758 24.6992045324 24.0033486926 23.8760494114 25.4019090507 23.8118914128 23.8398151197 25.282305188 25.3104991636 24.4729561154 25.1527131586 23.8071229032 24.1282720786 24.2792285772 24.0861184591 24.1922322559 25.0900792257 23.5706795334
23.7736319813 24.3867315028 24.8587724733 24.3924215065 24.3727549552 49.5816975107 49.5816975107 58.413629224 41.6549338256 41.6549338256 39.2505192019 39.2505192019 25.5407195283 23.8823134038 25.510472495 23.7900410162 23.887308807 25.2691857663 23.8276742194 24.5878175513 24.6466414117 24.687776098 25.5625485605 25.2571992626 24.6628965174 24.3844973267 23.596428702 23.5397181007 25.0279553011 24.4825211338 24.0462645857 24.6428594011 24.0981704015 25.1592970975 23.678711007 23.590225225 25.4895659753 25.0370027799 25.6051365994 25.1248981892 23.9655254143 25.0224660253 23.6193044969 24.0121803934 24.2288804116 24.2506763233 24.0823230012 24.0815273925 23.8196893569 23.7612409861 23.7830716322 24.8128798632 24.060701315 24.5898469458 24.5588034769 23.6740590485
24.9001705753 23.6561468 24.9198867233 25.5869042583 24.2788664882 24.8341904966 24.1344082615 24.5557692921 24.8272710275 24.8203589815 39.2505192019 39.2505192019 24.4399391148 24.5666158546 24.7045012699 25.0389198374 24.7666127278 25.4296435472 24.1649090629 25.2602983038 25.1738575484 24.149051364 25.6000722089 23.8323990083 23.6368866594 23.7827698841 25.0199984008 24.3248739043 25.3906674962 24.6486578264 24.2237089389 23.9300144333 24.9847862724 24.2610916884 23.7698123654 24.6596862197 25.3892714989 24.6375074653 25.2458446896 23.6658442784 24.3677439342 24.7638013355 25.1640104874 24.3293109935 24.5853241231 25.6172630549 24.8488081679 24.6589180351 25.2614999172 24.8092855909 24.839840511 24.1338351399 24.4548924612 23.5872958047 24.9321764559 23.8612120075
25.1203409889 24.0329508059 24.7316350395 23.8473886607 24.3997412735 24.6975188152 25.2852491919 55.0457354912 55.0457354912 24.0277364897 25.2726269792 25.6000721301 25.3493477572 23.7573810168 24.8688756447 25.5746130532 25.2875786161 25.2171476089 25.5783706661 23.7481825219 24.5176845669 24.7224526587 24.7398773078 24.3332114367 25.4933409063 23.7053500086 25.1800187829 25.233150494 24.3506833019 23.5663964051 25.4710703612 23.9087692953 23.7124079023 25.58466142 24.7144704996 24.9584173466 23.9825661363 24.6361347356 24.2454409838 24.241095376 25.2561184366 23.5879977386 24.6926776859 25.3359135549 24.7277399687 25.3036663295 25.606706545 25.3873250774 24.9996010414 24.4641006329 24.6327192567 25.0466743271 24.7037415163 25.1626891483 24.9506942232 24.2127959517
24.9765276173 24.0245867515 24.2328961827 25.6153095392 24.5085600902 24.1172349893 23.6792453729 55.0457354912 55.0457354912 55.0457354912 23.6798190988 25.576043425 23.7642845472 24.1672705863 25.5184048625 24.4713531933 25.1346886929 24.4478038274 24.559822098 24.888563328 23.6493987653 25.3636320231 24.7083434887 24.5017608882 24.8588169854 23.5261269791 24.0700284965 25.0903141705 24.2525549062 24.9693452381 24.2060737891 25.3514626352 24.2002152868 23.60166625 23.8167191068 25.0741912845 24.1510627827 25.6025002392 23.5973484101 23.9714377917 25.1143535144 24.4459032879 23.9738198709 24.1464292145 23.7845664623 25.3663200364 25.1674778121 24.8790451527 24.0311397943 25.3291200974 24.3942503317 24.5270369915 25.3559348315 24.3804156716 24.6578163588 24.2547719119
25.344729074 25.2077545339 23.9740200591 24.2340613909 25.5619298716 23.8767941265 25.4564588672 54.6285265445 65.1522737549 65.1522737549 24.1829573733 25.3164834083 24.6494007151 25.323140885 23.9520937274 24.3285615893 25.2449245002 23.8821898837 24.2098595394 24.8900632986 24.9434354548 25.2366525923 24.1285147203 24.1340496984 23.9601591477 25.1913192182 25.2168428348 24.180529199 23.6014883195 25.3925767067 23.8152284242 25.179660714 24.9405083623 25.3978063022 23.5851915052 23.9484022272 23.5587044386 24.6471317932 25.3892893667 23.8995953504 24.556515409 25.5039025724 24.7854978339 24.8921861424 24.3500662381 24.9632303334 25.5192805822 24.0586513629 24.0941019716 23.9872326152 24.0886700562 24.2409842511 24.9272958522 25.4790178554 23.9051751789 23.7726508542
25.2815969635 24.6825227271 23.7164301116 24.5690275391 24.0286283204 23.9507967267 34.0760952548 55.2029784819 65.1522737549 65.1522737549 24.658857924 24.1495012755 25.3317229992 23.645160337 24.0829087332 25.5414235544 25.4496077877 24.4187760738 24.2927868023 25.0079531868 23.7887589629 24.2249414649 25.5350196477 24.7304014971 25.5552557162 25.4745782499 23.7634979702 24.0950152321 25.0880610433 23.7031124993 23.6469493832 24.7452473693 24.569774019 24.5313334514 24.1335688792 24.8069299769 24.3647730808 24.5527296431 25.0059335988 24.7292795778 25.3875141536 24.8745789035 24.3457424774 25.4755511014 24.7905052248 23.7787230617 25.3584033653 25.302973465 23.5134550526 24.4695748649 25.5412253811 24.9227526897 25.4394358735 23.7960628131 23.8186243886 24.4507459664
25.4892579963 25.0257507838 25.1438740389 24.894940331 25.2603892701 64.9348912881 54.2348827413 43.2043020078 34.0760952548 23.8092542082 25.1010329357 25.3796664903 24.1190258698 24.411967939 24.3646869164 24.6785463141 25.1618571117 25.3420958357 24.4955542314 23.7211675612 23.9524249295 24.3099475804 24.6838098747 23.9088876281 25.3138470445 25.5499719972 24.072645827 23.5814656512 24.0588656005 25.0734170141 24.8803971713 23.801372353 23.9024886017 25.5216728727 24.5456343559 24.4852156584 24.9674726486 24.4099863421 25.235025724 23.8149181992 23.5594454443 25.18182861 25.1535914555 24.7793893382 23.9233384473 25.295936565 24.2866636202 25.3317888514 24.4201168724 25.1293161075 25.3073646724 24.3573638439 24.4202201337 23.6297529443 24.4898021735 23.981812721
23.8545027961 24.8188880791 24.4963884804 24.8333365405 38.9460355847 64.9348912881 54.2348827413 54.2348827413 43.2043020078 24.0336880469 25.5902253554 23.7228710918 25.2993266489 24.2258469265 24.9633849012 25.5535191993 25.206924123 23.716146279 25.1287168648 24.9806241575 25.370777401 24.2295394502 23.6453051803 23.7426465765 25.1990804672 23.7769520721 25.308790902 24.2411196633 23.6354379004 25.0099244549 24.793274796 24.7956651692 23.5849559821 24.4730656823 25.1624261322 24.024817435 24.5221801741 24.2618047105 23.7369625818 25.067804246 25.5463146452 24.3093891686 23.6976330131 25.4484276075 23.5978769906 25.0365395376 23.88866689 24.5704556282 23.8780733542 24.8665987793 24.580363752 25.4686465248 24.28532925 25.4444241113 24.3185643229 23.7625371413
24.5651428801 25.5114105744 24.523657537 24.8901047322 64.5519488728 64.5519488728 64.5519488728 23.592389358 24.0179354315 24.6797266651 23.6765306231 25.3365623397 25.3570471991 23.7826076106 25.2193725378 23.5797776263 23.9616620514 25.2540444423 24.161625291 25.3330014809 23.9350339867 24.5635224089 24.9988547296 25.6086831941 25.4067820652 24.7967005618 24.4076261349 23.5419322251 23.6668028232 23.7844576752 25.5887519193 24.6414509622 24.8623720386 24.6003891798 24.067782083 24.5407093004 25.1387361426 24.0801987931 24.249071618 25.4479254127 25.3221982317 25.2248205512 25.5147602533 24.8839559979 24.6192690242 24.6253964131 25.4150552298 23.9356172459 24.1129949676 25.0759243263 25.5915901569 24.067387541 24.630440546 23.6971615403 25.3992642141 25.4562275892
24.2047925719 24.8450306676 24.2264674003 24.8520260284 23.7023485319 64.5519488728 47.9340059281 24.0760593214 34.4359303651 74.7820856125 50.5615381091 53.346682502 23.8187764474 24.6430515822 24.0214050607 24.0799280418 25.6185550081 23.6480852954 24.0919487681 24.2420375545 24.3062254349 23.9641882606 24.0291131959 24.0840300939 24.5171868773 23.632090822 25.4597835429 24.7299806092 24.1615631123 23.9047822961 24.8379563454 25.2896663734 24.8780266348 24.8964809967 25.5680613121 24.734661082 23.8584401729 24.7161324252 24.8379643197 23.830681156 25.0077999463 23.7601615787 24.3367591739 25.3541297967 23.7396204682 24.896294416 25.2914537606 24.1665321264 23.6076071823 23.8835449696 23.6799915174 25.2730346025 23.898270528 23.8182270532 23.5230288955 23.6863991491
25.3825180568 23.530929543 24.6687491499 25.0102623733 81.2111751411 81.2111751411 81.2111751411 81.2111751411 57.1026174885 76.8867651988 53.346682502 53.346682502 53.346682502 24.1487582769 23.5269926971 25.3608932365 24.827767676 24.6079003045 24.3158250167 25.2345812031 24.9640988664 24.6579613758 24.229953285 23.7485788667 25.1561534164 23.9243476781 24.785630965 25.0889279882 25.2088329782 24.7022859795 23.6907049917 25.5134663633 24.1339744913 24.9884063578 25.4696756158 25.5920992828 24.4961156092 25.327795829 24.8033559925 24.9994576849 24.7513403965 23.6968439744 24.8045347208 24.4230059978 24.9331408037 24.3076370941 24.8271646303 24.2214367393 24.8334666521 25.2486713656 24.6484137939 24.8170290537 23.6236611853 23.6394100021 24.3584848016 23.7593596618
25.5503368422 23.5749947423 24.8227096655 25.4603044235 64.3767955285 81.2111751411 81.2111751411 24.0267505271 76.8867651988 76.8867651988 76.8867651988 52.4666871603 53.346682502 25.2300573718 23.822205338 24.3518992113 23.9300211966 23.6624305966 24.35374758 24.3425404866 25.0251160069 24.8941896172 25.3346870537 24.7605588234 24.1524075231 25.0131940803 25.5078314471 24.2007174889 24.255534794 25.1518660777 23.6188896711 23.6296706813 24.1567537435 24.7094971379 24.2170123953 23.9567950245 25.1558687139 24.8602438203 24.6871882651 24.9252794125 23.6588003052 24.5225665302 25.6206214248 25.1243636889 23.969805392 24.8175136918 24.3053165809 23.6433948564 25.4943486973 23.8317953381 23.6971375335 24.5758558562 25.0560908639 25.0118049573 24.0283001906 23.5474083033
25.1763648138 24.4272837417 24.169997276 25.3988427983 49.463026436 46.8723915066 46.8723915066 46.8723915066 57.1026174885 57.1026174885 65.0548958699 65.0548958699 25.0714136161 25.4756688612 25.3665407398 24.0293427671 25.2415041854 24.5503083314 23.9414733276 24.7108004047 24.5176406225 25.1748167489 24.3756432944 25.5982622292 25.4351151705 24.8182849896 24.3598153479 24.030847869 23.8448893495 25.5406012848 25.5032884599 24.1248377194 24.1820584811 23.6603650129 25.3597012958 25.0119004952 24.0665464736 24.3514016712 25.3300031642 25.0795262661 23.8267300309 24.1149606567 24.6362335653 25.1506293183 25.0873466157 23.8113399397 23.9706700671 25.2190928474 25.6032297088 24.5440667569 24.005604586 25.5460142188 23.8893633261 25.1841471874 25.3267889899 25.1778922341
24.9288945012 23.7129471797 24.6371553614 24.9381532493 24.2196653925 48.6698640375 48.6698640375 24.2493620969 35.1260885182 65.0548958699 65.0548958699 65.0548958699 65.0548958699 25.5039782069 56.6236321626 56.6236321626 25.136811972 25.1124197344 25.111867477 23.8794165215 23.8906663046 24.1239222087 23.761322097 23.9036218203 25.1570172964 24.3300032595 24.5405523016 24.5346397256 23.7374204896 23.8172662732 25.0404112706 25.5623608565 24.8288346017 24.3345994082 24.8641435519 25.4976512118 25.269815926 24.9280600063 24.5318346311 24.9261682149 24.5161714217 24.9629568657 25.3634508426 25.3139853095 25.0010169364 25.0913295001 24.982767802 24.2906599524 25.0482974797 25.1068334934 23.5190788559 24.3323949824 24.0462642653 24.3311366811 24.8704174158 24.9543213067
25.5110129645 25.0582248367 23.6402299983 24.4949174344 67.7987344555 48.6698640375 48.6698640375 24.3147033818 23.7965966259 25.539926183 45.2669305167 24.2175812523 45.2669305167 24.0004458738 56.6236321626 56.6236321626 24.8090441202 24.4890493834 24.4985087235 24.5629347579 25.5132265839 25.2612821695 24.7985562653 25.5186839682 23.510966169 23.9837568098 25.4574530843 23.5674092703 24.5007040046 25.0532719558 23.816885886 24.5236480054 23.558962033 25.0526929523 24.0883332883 24.6851763124 25.3220759387 24.8096929752 25.1651667866 23.8085100492 25.1050882263 24.4074769298 25.149931324 23.7926985312 24.948320509 24.618846529 24.8191184022 23.8525363246 25.0512577774 23.5247380012 24.0098618452 24.6713312227 23.6223139435 24.7840302274 24.0567345285 24.3416780767
24.9018196614 23.7646676668 23.6897853046 24.9979978975 25.282610028 67.7987344555 23.9638082757 25.4763389609 25.2833969185 25.3298137729 45.2669305167 25.3751216031 24.9660938614 23.8641514964 56.6236321626 24.0688666692 24.0742122693 23.8187946997 24.0020768956 24.9810730563 24.9436246464 23.8334634575 24.92585323 25.206290726 24.5260466324 25.0005082622 25.4030686856 23.6009503524 25.4217781641 24.397928419 24.1966282238 23.9518904279 24.5044607251 24.8729289644 23.9674459333 25.3575093927 24.9244280512 25.5346904479 24.6861141897 23.7115010998 24.0627725252 25.3488619276 24.1935253658 25.010720435 25.4069276825 24.6650587616 24.9518462162 24.8947913135 24.9782240115 24.6348883599 24.3722092007 25.6073893565 25.5386854407 24.8052209977 24.5244564484 23.7715815843
24.287706767 25.2367655329 25.3818158786 23.6055734893 44.9338836623 24.8759851617 23.9960659855 25.2737235634 24.342807392 23.6420139391 23.9065450645 23.6356281428 25.2657950397 24.0064541656 24.4525686725 23.7188094704 25.1471314239 25.1680852695 24.8892242596 25.5877507704 23.996896247 25.1833639366 24.7628352987 25.2736466901 24.5015520191 24.348879757 24.3684040108 23.7794620664 24.6599781374 25.100969619 23.9826073245 25.1050891487 25.29002766 24.4082398845 23.5128519968 23.8429135717 23.6938569963 25.2645467596 24.2041679696 25.4527537621 24.02270446 24.5661813703 23.7645701779 25.0868221796 24.9500430711 25.355494451 23.5295511497 23.6946263141 23.9593037773 25.5137430064 24.8792996624 25.6021040845 24.3784796423 23.6587941786 24.2875709727 24.1702835797
24.8674810109 25.2477622124 24.6672242276 24.1614982553 25.0987029166 25.2462559837 24.5342200648 25.3013680162 25.4205328702 23.8822300762 24.8812218211 24.5488976931 24.6424039625 25.2593059517 25.553152217 25.5264768263 23.9839856794 23.7614698286 24.4751653157 24.7585145182 23.885515163 24.24089067 25.3821453092 24.8465055987 23.6434624638 25.5136115271 25.1856899617 23.921985323 24.2366101144 24.6712264603 25.0896002105 25.1767584616 24.6557131571 24.4564739585 23.5839474923 24.7882283664 24.3755818374 24.4793245601 25.5848889376 24.9087689 25.612770762 23.687638245 25.0929827514 23.6978052 24.718332077 25.5600054932 25.4144640773 25.2535135543 23.9526510672 25.2187962344 24.251562583 25.3928553822 25.4896823662 25.2635309964 24.2921510395 24.5787490429
24.2913399194 24.9196682637 23.5657961068 24.1552987474 24.0694054308 23.6135492185 76.6581224077 76.6581224077 24.1620778817 24.4190203894 25.2712299021 24.0057442643 24.7431011799 25.5705840886 24.2282525076 25.0582193652 24.3088456968 24.0095228391 25.1122253779 25.5133471791 23.6482948103 23.5669462115 23.5400559132 23.823939194 25.3308397554 23.9876703558 24.5768479759 24.920827337 24.6402579672 23.9831990842 25.5013737542 23.5282942163 25.3729779292 25.2762879709 24.3962621758 25.1670448437 25.6149212632 24.3533932383 23.9240610408 24.4096452866 24.6086836636 23.852320003 24.5635219818 25.3068199474 25.2795903044 25.5638116799 23.5567390179 24.3599401222 24.2516585431 24.878341251 24.8806137391 24.2450161116 24.6515200645 25.0084039344 25.5639352637 41.6068647796
24.1416182185 25.2817433043 23.7241552942 25.153101977 24.4716407788 24.8716308066 76.6581224077 23.9842935016 24.8908167877 25.2646310828 24.5569639431 23.7392353959 24.5218545989 24.2199224544 24.000485543 24.0399683525 24.8108505439 23.6591643998 25.0507199764 25.615902554 23.6725347828 25.5685906131 23.5028486201 24.646471308 25.5094693326 24.9647182624 24.2766857878 25.6099702052 24.8196810707 24.5967870141 24.6792747838 24.7668845709 24.0412957262 23.8067643243 23.8411643272 25.1258417401 24.9594135621 24.8858137963 24.1252249953 24.612597917 23.5379085787 25.5456736701 25.0447299406 24.0436493665 25.492913498 23.9835232388 25.1857629179 25.5523224112 25.2525387385 23.6025434289 25.0907537564 23.8994988546 25.4079819264 24.6642317806 24.0188525202 41.6068647796
