Spatial_Output/BAU/BAU_0281.asc
NCOLS 155
NROWS 192
XLLCORNER 196769.923733
YLLCORNER 449719.875193
CELLSIZE 27.603701
NODATA_VALUE NaN
[rows 46 to 68 of 192, columns 53 to 105 of 155]
45.2049496489 44.9657396312 44.6521960916 44.6189239695 65.5754985182 65.5754985182 65.5754985182 65.5754985182 44.5257343937 44.6305180347 44.5267268386 45.1799068539 45.1292491606 44.5763501303 45.0170846763 44.7024174793 44.8262666253 44.7580415458 44.743892122 44.7397489155 44.5350852724 44.8883314644 45.0446972262 44.5456172048 45.0597690039 44.7921951977 45.0175478725 45.0771739987 44.5445227 44.7235724386 44.9218133878 44.9828532437 44.5995361758 44.7712196777 44.6179564439 44.7667061956 45.0370928528 45.0600813477 44.9393710928 44.5638549395 45.0592411502 44.8613231858 45.1631918848 45.1942449068 44.5374716213 44.7077187151 44.6832929884 44.9741933771 44.8516323762 44.7077371451 44.9603701704 44.6071167633 44.7069094311
45.1415860691 44.6087376431 44.7850632221 44.8764913624 45.0335401663 65.5754985182 65.5754985182 44.590172199 44.8669129767 44.6146599777 44.6996050109 44.7429799336 44.7488927295 45.0327657224 44.8286875828 45.0485872081 44.7807571139 44.8081735124 45.1197560172 44.5205399892 44.8356248944 44.7437120624 44.8514841282 45.0014811903 45.1275773392 44.6309201692 44.9946514023 44.8630410313 44.5136468515 45.0980441823 44.9871706658 44.5979787508 45.0825459382 44.5983377663 44.8745256308 44.9987092808 44.5497331048 44.8872008047 44.5495109473 44.8465771426 44.8053298481 44.8988307031 44.5300454869 44.866792805 44.695234285 44.5194254393 44.8426425824 44.9654693131 44.687542769 44.7028587304 44.5496528346 44.60305285 44.5065377638
44.9577677262 44.5172893373 44.6012088705 44.6299085457 44.7744324961 44.5088901343 44.5162440059 66.4235598549 44.9465304965 44.6096037466 45.1637403661 45.0057658217 44.9894633374 44.6351854779 44.9260286064 44.7622614707 44.601391551 44.6524739518 44.7890020562 44.586342818 44.7764336053 44.5462218413 45.0620821946 45.188151044 44.8912114531 45.0431407672 44.7142474688 44.5285232028 44.7787593524 45.1021933587 45.0906604272 44.9592995319 44.7507583946 44.9496510003 44.9095236365 44.8074806126 44.6200360664 44.8144072924 44.6585865139 44.6490786718 44.8435014972 44.5028628266 44.8525444116 44.7037143165 44.994391025 44.8464926397 44.6973878016 44.8523383073 45.1478382368 45.0975023544 45.0046298133 44.8777746859 44.681911789
45.0289579434 45.1230233845 44.6475341155 44.7120857715 76.3303944089 44.9115562298 44.7915543138 44.6972340728 44.6075304478 44.7737720189 44.707865303 45.0846963795 45.1700919369 44.9377947155 45.1520958597 69.8017192393 69.8017192393 44.8978996262 44.8432584009 44.5732827718 44.6024010039 44.695106044 44.5184348556 44.6773046328 45.1897780368 45.1374721688 44.5130001507 44.9305199337 44.7613524512 44.8486212002 44.6896637325 44.643040998 45.0108061464 44.8253427565 44.5279477584 44.7706097357 45.1407128852 44.7685359359 45.0690495499 45.1078938161 44.9624209642 44.9597213391 44.7406968257 44.6587906147 45.012272459 44.7678721278 45.0201567083 44.5138724935 45.186086084 44.6223567267 44.8735661673 44.9991187766 45.0823045867
44.7560043271 68.3517673839 44.8150589918 44.5947557468 44.8580886118 44.8156654946 45.1602631203 44.8897454005 44.8334703599 45.0186324286 45.0508738174 45.12063187 44.6042170255 44.978932158 45.0186925944 44.5218949761 67.2878252598 44.9107163915 44.9911653289 45.1599295757 45.1325091248 44.6161955015 44.53965348 44.8490093345 44.9951507488 44.6327129474 44.6641501625 45.0916902963 44.5003310427 44.904596553 44.9407435522 44.7204320326 44.6463967281 45.0777984646 44.8427438741 44.9854418415 44.9296182854 45.0628009698 44.5764062054 44.6361050788 44.5026940969 44.6564646933 44.6736798393 44.6422608661 45.0906887201 44.5401204264 45.0842899255 45.0419837009 44.9699537816 45.0637535527 44.5293953452 44.8878654375 45.0073484473
64.9978889779 65.212396999 44.7398164147 44.9338006068 44.7748834893 45.1724224554 44.6477136609 45.1479302795 44.8063461692 44.8984282312 44.8504628653 44.5291914599 44.8220262587 44.8582608272 45.1368287411 67.2878252598 67.2878252598 67.2878252598 45.1342769104 44.9375614042 44.8795629471 45.0649493656 44.9187008995 45.1819726446 45.1187409688 45.0710835099 45.0557132793 45.1861794701 44.514835201 44.506810903 45.050771519 44.5950678306 44.9472747203 45.0053564199 45.0103607279 44.5291180755 44.9373250295 44.8747776821 44.5542867942 45.0055870311 45.1066682626 44.7837861023 44.6163155299 44.7157907833 44.9089930604 44.7344523954 44.5537827868 44.6575484374 45.1013817461 45.0824705452 45.0997757964 44.8905045608 45.0770291599
64.9978889779 64.9978889779 62.6478942997 62.6478942997 62.6478942997 45.1335842982 44.9747223442 44.5784727546 44.6893345645 44.5951471393 44.5808425147 44.8242821846 45.0506641212 44.6224708329 45.1888096708 44.9155536548 67.2878252598 44.8615831954 44.7956086283 44.5888934232 44.6269632127 44.9354293012 45.1742675415 44.5716513937 44.5703737526 45.1552664176 45.1367405094 44.5584809419 44.7519926341 44.6054876884 44.5688208683 45.0192476978 45.0585981887 44.8734490545 45.1039474039 44.7800312591 44.6544449593 44.8803565622 44.57151851 44.5296932491 44.7393885858 44.5923597909 44.6459439554 44.9793731505 45.0975232776 44.5473753288 44.6083084663 45.1715800066 44.7975894453 44.5618148522 44.6123396348 44.7420232685 45.1750666213
64.9978889779 64.9978889779 62.6478942997 62.6478942997 62.6478942997 44.855853384 44.681134606 44.8317382086 44.7460151498 44.7326003022 44.7735462486 44.8373964136 44.6361641911 44.6486334579 44.6682478728 44.8690278321 44.6168395781 79.2236101158 44.8673571825 45.075949554 44.673598553 44.7818326817 44.6729392495 44.8900560445 44.5903357897 44.9715716294 45.0158096545 44.6806456693 44.8623127795 44.9180833397 45.1618797031 45.1812508215 44.6245653604 45.0733117689 44.9194259049 44.688279329 44.990916933 44.7836788416 44.7099010111 44.7952229655 44.6934544427 45.030563992 44.5260957113 44.8268691813 44.916278347 45.1967140261 44.7505961334 44.665401947 44.8716089101 45.0279608502 45.0155600033 44.5859459608 64.4336501951
63.0878110179 63.0878110179 44.7135343949 44.7891376666 45.0328517374 61.6707432754 45.0387739512 44.9537355038 44.9472672495 44.666002615 45.0031228198 44.6080407515 45.1994144667 44.8416717533 45.0026040638 61.9145743669 61.9145743669 44.6451237115 44.5322248696 44.9094518701 44.6567966035 44.5310526278 44.6412831032 44.6458818854 44.6472797225 45.1866720277 44.8720505638 44.6373538938 44.8648063312 44.5621616122 45.1603196777 44.7468105388 44.80057191 45.0392129721 44.7816289521 44.7918642656 44.9472370585 44.6398930118 45.1383229542 45.1266069383 44.6271737698 44.7165554937 44.7213749376 44.5184238906 45.1379369783 44.7394362266 44.825859257 44.7318010327 44.7159665467 44.7862851566 44.7692688366 45.0459806273 64.4336501951
44.5672339936 44.6786807023 67.8999508545 44.9502389354 45.0988223382 85.651508364 85.651508364 45.1019755461 44.8156944428 44.5971294067 45.0579863746 44.8670137303 45.100340161 44.9978573108 44.5848624996 61.3816096403 61.3816096403 44.6534153973 44.8162749378 45.1873843336 45.1599992602 44.7527273419 44.9858662263 44.9376355447 44.5368676863 44.5402783851 44.639227507 44.9322919084 45.1364675663 44.8121023966 44.7489165175 44.8410445631 44.8580514657 44.867648052 45.1547269317 45.2028197779 44.5804883356 44.7607968766 44.5630978781 44.6228934045 44.8848564759 45.0675966952 44.6257002309 44.8376007563 44.5633541369 44.5135717794 45.0760247484 44.5694747392 44.877809517 44.5397699552 45.0692381842 45.093425794 86.7900497275
45.130130563 44.650299955 44.6837667986 44.8458182913 85.651508364 85.651508364 85.651508364 45.0663230998 45.203047795 44.8411010986 44.6880433869 44.5371842335 44.8332562639 44.530958197 44.6892695363 61.3816096403 61.3816096403 61.3816096403 44.7487142863 44.9120558067 44.5856172124 44.7123064479 44.8952673352 44.609456719 44.5878288659 44.9644771065 44.6732655913 45.1228647434 44.6648289778 44.5805202985 44.781471783 45.1932987351 44.5914812171 44.9146216735 44.9887634461 44.5036190962 44.6802494177 44.9422491107 45.123797956 44.9613884702 44.5599735643 45.1818418913 45.0576133096 44.7286962407 44.9947061358 45.0567608296 44.727314666 44.5332133043 44.7724143051 44.5136212625 44.5996971126 45.0863922683 44.7218341708
44.8194329674 44.6465090113 44.8584302431 44.6982715771 61.0800617157 79.6804762599 67.0765749649 67.0765749649 45.0251163676 44.6857168237 45.0328163759 44.9447853089 44.6638121021 45.1472354606 44.742102921 70.9580285852 70.9580285852 70.9580285852 44.965445777 45.0497366631 44.8517718105 44.5691420665 45.0087697922 45.0207228911 44.992095456 44.9952420041 44.6501833508 45.1002864153 44.5942376623 44.6757908659 44.5911186663 44.5178624672 45.1887119239 44.9177233412 44.7806713943 44.7357606809 45.0688626815 44.978807298 45.014814065 44.5077860841 45.1248837477 44.9442267086 44.5293291136 44.7396413262 44.878393649 44.5302393303 44.6300508293 44.6105499877 44.9990615594 45.1064122996 44.9406922588 45.0396922081 44.536061068
45.1358993165 45.112986929 44.9351881195 44.6574761338 65.5843975854 63.5509203666 67.0765749649 67.0765749649 52.0242528217 52.0242528217 44.7223824628 44.7067914557 45.107181695 44.664841564 73.2852416952 73.2852416952 44.8305681364 73.2852416952 44.7184895385 44.9044748302 44.6151697444 45.1605504458 45.1986363074 44.5076125492 44.5333356735 44.5822403451 44.882534984 45.062220513 44.6021998816 44.882663809 44.7272137791 44.8849323045 44.5226728762 44.951421875 44.6686986301 45.0899432121 45.1547140541 44.7539710669 44.633179815 45.0318613291 45.0447779164 45.0468218396 44.8351325942 44.8864875841 44.8137701719 44.6225177728 45.1949356315 44.6817364238 44.6676685562 44.7411002274 44.9289375694 44.6003977698 44.7423056205
44.9042159542 44.6559064067 45.0676174392 65.5843975854 65.5843975854 59.3994029568 56.9178437862 64.5476717966 59.2646750598 44.8497166945 44.9020735609 44.6129176435 45.1091584192 44.8351986869 45.0107649792 45.1660379681 44.6772889901 44.5069436961 44.858425655 44.5782114468 44.8836212209 45.2001742396 44.5949514868 44.5184608882 44.7619039624 44.5102537376 44.651840691 45.1404447188 44.7915435951 45.1131649968 45.1606744401 44.9659771661 44.6839274787 44.5030155211 44.8449029815 44.7393657614 44.5018252998 44.5300938259 44.5775489006 44.5232949829 44.9406492217 44.9852123372 45.1787516315 44.5819824829 44.6683119131 44.7886848573 44.7247435057 45.0660794898 45.1228833408 44.7482948726 45.0743030834 44.7197378655 44.7684696894
45.0321763367 45.0446482548 44.7796290634 65.5843975854 65.5843975854 63.1819001384 61.2125020912 61.2125020912 61.2125020912 64.5476717966 77.5649979918 44.836862532 44.641525564 44.7159763874 44.9667734896 69.3731084627 69.3731084627 44.7236286132 44.6904500798 44.836855236 44.6253610917 44.8271282486 54.4050212241 44.8856952325 63.2048095977 44.7191495512 44.8020067156 45.1129994263 44.72068674 44.8490319027 45.0241389946 74.7783377734 44.6934654228 44.6276450139 44.9983020509 45.103317908 45.0450234055 45.1343925325 44.8954197022 44.8442957151 45.00065472 44.7703837961 45.1062872843 44.641330891 44.5651327482 44.7940209749 45.1604739317 44.6222630774 44.8867411948 44.9665301309 45.0119669793 44.5991636591 64.1830035584
44.9935346581 44.906988096 45.0321149552 77.3684177824 45.0967886887 78.4740653378 70.9929217341 61.2125020912 70.9929217341 77.5649979918 77.5649979918 44.6875325661 45.0097386537 44.6940154495 69.3731084627 69.3731084627 69.3731084627 69.3731084627 44.8845309289 44.7465818108 45.0922398807 45.0192365422 54.4050212241 54.4050212241 63.2048095977 63.2048095977 45.1176510142 44.539696746 76.4363597462 45.1754292574 74.7783377734 44.734601887 45.0608673881 44.7630086561 45.166895194 44.6102565498 44.9641903707 45.1923357211 45.1994158792 44.9613509555 44.6215555711 45.0330837087 44.5702218717 45.0799077412 44.7419003887 44.9949653737 44.9742988469 44.9324304714 44.7395627373 45.1349792612 44.9726017829 44.5742465869 63.8437573028
44.7554647769 44.6868332868 44.5204664999 44.8370012817 44.885906033 78.4740653378 45.1048887967 70.9929217341 85.358951006 77.5649979918 63.1088119282 44.8761673174 45.0049986845 44.7218171248 44.545854703 44.8790492942 45.0343113481 45.0957296803 44.8395662755 44.7730147103 44.5074167513 44.573310089 54.4050212241 54.4050212241 63.2048095977 44.9815690141 44.7385900729 44.7999315787 44.9840284566 57.8908430112 44.8976980231 74.7783377734 44.7447773091 44.8237158899 45.0191397435 44.6353347016 45.1211578655 44.5835116586 44.6913588572 44.9581102104 45.1485374727 44.5884661198 44.7132354115 44.8700436581 44.9078386245 44.8789779898 45.0788636034 44.6814603116 44.5973432503 45.158882357 44.6323517913 44.5393660202 63.8437573028
45.196562091 44.5369920026 45.0580173006 45.0840099052 44.7367740448 44.7868754242 72.3801022842 72.3801022842 44.64684623 45.0469543009 45.1592173693 45.090778706 44.5770924821 44.8809323226 44.632365111 44.8317916714 44.7518151258 44.6557438514 44.8682298855 45.0925248872 44.8126124032 44.5702368651 44.527864539 45.1377881408 44.7685549852 44.9192306413 45.1208044353 45.1065661021 57.8908430112 57.8908430112 57.8908430112 44.9092335439 45.0942510488 44.8734819341 44.8253570665 45.0278484258 45.0216256786 44.5512852887 45.0933658713 44.9246502818 44.7663579736 44.7491103233 44.9957853245 44.5860428928 44.6804315311 44.791073442 44.6914299085 45.1072016987 45.1999657793 44.762319969 44.9119012176 45.1634227009 64.1603024195
44.9785617989 44.8358118172 44.911642545 44.8051813911 44.7606424122 72.3801022842 72.3801022842 72.3801022842 72.3801022842 44.6863370243 44.735286362 44.9014395897 44.7107404656 44.980539075 44.7151534382 44.9180643563 44.8569507171 44.5018074845 44.5384334381 45.0780538447 44.5030474661 44.7780889064 44.9123295276 45.1836419836 44.6814913281 44.7767529633 44.8752462201 44.7394962606 63.6485407057 63.6485407057 63.6485407057 44.8387706327 44.603484926 44.7978087751 45.1338198262 44.7273652643 44.9863702423 44.6202383972 44.8443918834 44.6314854344 44.6461481629 44.7552528251 44.7243950824 44.7702774674 44.743206632 44.7371177124 45.0915403462 44.5465510358 44.6737541203 44.6229003193 44.8774064599 44.5848372369 45.1568865963
44.7280975512 44.5897243801 45.1306671108 45.2014241445 45.1277978129 44.8627121535 44.6847917288 44.726721535 44.8490347027 44.5549254578 44.7087833554 44.970241789 44.9021939202 44.7048141235 44.8520937221 45.1133307152 44.7340500327 44.5442078116 44.6417425684 44.8599238318 45.0583771315 45.0303288241 44.9581542982 45.2050798771 45.1636470638 44.9232917732 44.8182955244 45.1170450569 80.0238055439 50.8574295039 45.2064686815 44.5177984421 44.5193461407 44.8962844601 45.0919544132 44.5555135602 44.9503930964 44.8988733423 44.9784745564 44.5022525146 44.7318214412 45.1455432537 44.5509418258 45.1004998977 44.7373982072 45.018482648 44.6326769864 44.6022667314 44.8619618393 44.9448463436 44.7948345835 45.0086665255 45.1769125199
45.0587015597 44.5652253441 44.8746006207 45.1999965283 44.6762865906 45.1595650327 64.3823637569 56.2053302602 64.3823637569 45.087064485 45.1114057303 44.9273539253 44.6310882543 45.0181321643 44.6621499863 44.9830286551 44.8536662461 44.6134990884 45.0325011887 44.5619041897 44.6919885194 44.7901777941 44.6033619664 45.1280452881 44.5805162095 45.0794639423 44.9692401276 44.5086906084 50.8574295039 50.8574295039 50.8574295039 44.7370372593 44.9509906161 44.6781461142 44.9959453986 44.8995457592 44.8353203501 44.8041523894 44.6712186108 45.0765609793 44.5499024783 44.8167520786 44.8694929319 44.9148514958 44.9229576309 44.8308644458 44.5733311948 45.0584175991 45.1988373511 45.1817198327 44.9746599117 44.5449934748 63.9768366472
45.0619035583 45.0683108332 44.8328265488 44.6323123154 45.1813238237 44.9073008357 45.1925671104 64.3823637569 44.9763598033 44.7573060267 44.5296874503 44.7359458808 44.9315527595 44.8787128583 45.0173587325 44.6928801659 44.7415954289 44.6829584626 45.1879406285 45.127190217 45.0339890616 45.0585063755 44.588943251 45.0723959377 45.2012209691 45.1720082037 45.0543623643 44.7266136298 45.13899007 44.6941080046 80.8649543835 44.7541818106 44.7939713504 45.1486409311 44.7723262821 45.1222681065 44.7435640703 44.9381469273 45.0548429969 45.1261778366 45.0223445164 44.9415021333 61.1336029754 44.8046650584 44.7299316497 44.5606398827 44.8944844293 45.0946387249 45.0614602301 45.1239326562 45.1552560055 44.6969700421 45.1333314831
45.0636708524 44.6647672814 44.9080751989 45.0251733347 44.6495426359 44.9589033715 45.1456407637 44.6617431786 44.927360617 45.1685914821 44.9005722847 45.1040819672 45.1105793095 44.6293860236 44.6568231058 44.6436053887 45.0112065052 44.5728250832 44.7583705442 45.0088094747 44.5523384725 44.6124812241 44.6299260906 44.5797654272 44.5443330705 44.7787462748 44.9840600775 44.6393307001 44.9607349801 44.9590097363 44.6421187993 45.0120351227 44.7893333341 44.5081396563 44.6346376368 45.0076920946 44.5601433292 44.9316796089 44.9489698707 45.0883755377 71.9582126182 72.7873335089 72.7873335089 72.7873335089 45.0878828762 45.1560237559 45.2034431996 44.8460557147 45.1208771996 45.0537475938 44.7972968554 45.0361582399 45.1420584253
