Spatial_Output/BAU/BAU_0996.asc
NCOLS 155
NROWS 192
XLLCORNER 196769.923733
YLLCORNER 449719.875193
CELLSIZE 27.603701
NODATA_VALUE NaN
[rows 46 to 68 of 192, columns 0 to 52 of 155]
23.712018463 23.8381060577 24.8922212847 24.7123993736 24.0303400249 23.5817184465 25.0640609886 23.6314273672 25.5894706276 25.301960881 24.4764371476 24.8068940305 44.5645073833 24.816425131 24.7547461526 23.716655377 24.4080639327 24.868169562 24.6004421052 25.5583297599 61.3724560486 61.3724560486 61.3724560486 24.6434415168 25.5111846908 25.3029324517 25.5437461716 24.0355345929 24.3827989474 23.8755899745 24.2546377798 25.4443426571 51.6825489122 65.2846264237 72.2208744768 24.1851719159 23.9342764814 23.6161307024 24.7017287184 24.5785930172 24.9362574264 25.1799473421 25.1967279137 25.0593704316 25.5794797395 23.5674032884 24.068174271 24.5457488606 23.6562428667 23.8329517406 25.4719113006 23.6429995149 25.3898556747
25.4285106498 24.0229079946 23.51163408 25.1404296313 24.7491026607 23.5691168164 25.3042871755 23.5196256286 24.2214088231 23.6007742727 24.6208316206 44.5645073833 44.5645073833 44.5645073833 24.8379955348 24.7239856799 25.3722073572 24.6615806793 25.0555453437 24.7517200912 23.7423279365 46.8518048944 46.8518048944 56.0976576964 23.5254146388 25.6023355953 25.4551018777 25.4456487238 24.0624315282 23.6366894575 24.562922451 47.6910590105 51.6825489122 51.6825489122 23.5789355358 23.5159756003 25.5960925918 23.5116211973 24.6310155721 25.0141946294 24.1520397697 24.6970922897 24.2147045375 25.3160065637 24.3665546331 25.08697932 24.3487686485 24.7901599883 24.5910646527 23.959159615 24.5766016282 24.070855889 41.1030154867
25.029637724 24.4198624453 24.1392456005 25.0929884506 25.0002610254 25.3355438114 25.6109847677 24.7043473691 24.0339136729 25.2893281112 24.0725131546 24.4111758649 23.6552376672 23.6950383163 24.731361634 25.3482764107 24.2458363116 23.9534006461 24.5697705871 23.892602555 25.5786800638 46.8518048944 46.8518048944 71.1743618837 71.1743618837 24.5622123522 23.8745396978 25.4582036881 25.0086924797 24.8003055279 24.7124956379 24.6465831119 23.6566335258 25.3503228388 23.783277297 24.7737641692 25.4914927608 24.9786342346 25.5070628849 24.4984107752 24.1955657863 24.5238362602 23.7598330657 25.1548137665 25.6115936063 24.6327826597 25.0788986575 23.7641060883 25.2701272054 24.998645869 23.804239767 23.9637406185 41.1030154867
25.1518946952 24.1965525302 25.4474642049 23.7344889027 23.7588952624 25.3542175417 24.9902616773 23.7686004994 23.9988153801 25.4730099637 24.9276779053 25.4408389451 25.5640004314 24.4372189832 23.9127855287 25.2744073501 24.0373601054 25.0181074259 25.5387792079 24.5960682876 24.1898274186 71.1743618837 71.1743618837 71.1743618837 23.6982184253 24.95530456 23.8994945209 23.7032952797 24.358065956 24.6267657488 25.1085499076 23.7239837852 24.0397255504 24.1458889337 25.1484605759 24.0458240405 24.675118123 24.634202281 25.4367565486 25.3999188784 24.3839937241 23.6665419059 23.5894735573 24.3838215955 23.9714521586 25.5392980072 24.6291226827 25.1907947942 25.4818331335 25.0437212596 25.4892514431 25.4109592232 24.1730182739
23.6203044031 23.7976838074 24.9958552679 24.417584299 25.3746261231 23.527629921 24.6492637582 24.6183798647 24.1756425191 24.8873426337 24.755550665 25.5683087501 23.8004297097 42.8614364028 25.231822272 42.8614364028 23.5906237064 24.6899000639 23.9313041009 25.05117777 24.8566730045 24.2010486684 24.6122321519 24.1575279001 25.102409788 25.0726845415 23.9345270393 23.5721479771 23.8335952199 24.183972312 24.7379104663 23.6653356582 24.2474808084 23.6288036267 24.2951447008 23.545222917 25.3385276806 24.2509891748 24.9900934775 24.231604893 24.0656433459 24.650728098 25.072612041 24.9789045697 24.3547490372 24.1433805458 24.9019614558 23.6521017456 25.0913424363 25.1303464022 24.2081116886 24.513096087 24.4239585097
25.562170588 24.4305485004 23.5818435061 24.5101957497 24.0226275088 23.9179744204 24.0012704669 25.4369358306 23.8421442614 25.2118779388 25.0890578808 24.1381635136 24.8921628034 42.8614364028 23.5320743543 23.5887929967 24.540105622 25.498458221 24.643110007 24.4201188551 24.7210419748 24.434604189 24.6880463694 25.3690351479 24.1056296457 25.4903702836 54.6876191451 37.3870056296 37.3870056296 62.62581895 24.8850169034 51.1240834367 51.1240834367 23.650420144 25.4517266889 23.6817943717 24.2985468401 25.4920231188 25.5338869163 24.3703072863 24.3559244874 23.7487065125 24.7426655341 24.0732783966 25.4975106311 23.8000444015 25.0107962541 25.3837742687 23.6785528727 25.4808188658 25.059995666 23.8569688115 56.885067338
23.5942803869 23.9031940108 25.019837223 24.6996443948 25.0150462406 24.6301161918 24.5277207992 24.8045341667 24.2271132416 23.6131033051 25.2419401646 24.5203162206 25.1683040969 24.6707945265 25.5652815342 25.1341393192 71.6527219958 25.0832470798 25.5322589564 63.4449904613 24.8689408394 25.1788492325 24.4269719741 54.2191237702 40.7477951023 61.3464607229 54.6876191451 37.3870056296 37.3870056296 54.3839015723 51.1429443871 51.1240834367 51.1240834367 25.3825404596 25.2548682239 24.8071381316 24.5545108343 24.6414813879 25.5594677023 24.297739701 25.3199069037 25.4895304836 23.7915028782 24.5349306829 23.8657235935 25.4833063829 24.6246990246 23.8614725917 23.9687671319 23.692871095 25.1588830934 24.8968488611 39.9237934589
24.2223076222 24.4638118121 25.3596461387 25.3898800774 24.2116433003 23.9270089805 25.0615808671 25.5307291251 23.6675481143 24.5344395134 24.2384765768 24.2801356843 24.830724949 24.7888716988 25.1294640709 24.9580560926 71.6527219958 24.4957452487 71.6527219958 24.2225868141 24.3774294256 25.4030696411 25.1836084181 25.1430701401 25.6048965937 40.7477951023 54.6876191451 37.3870056296 37.3870056296 24.1909311467 23.6455799119 24.2521024496 25.602676681 25.0047349755 25.2625306295 25.2496385853 25.5866757811 23.9931603135 24.6462223407 25.0298015468 24.6329668494 24.2445358399 24.0983558604 24.0013450879 23.8978136836 24.9430744237 25.4600401567 25.2944597025 24.3090293869 24.6542396956 25.3904386153 24.7238500105 23.7787630504
24.4519950495 24.4910004265 23.8491649425 23.619235632 23.7066937667 25.5050812447 25.5630219927 24.3123075888 25.3829115814 23.9904996845 24.8150109102 24.4861840064 23.8451867239 23.8415176675 23.6921424364 42.0739289908 42.0739289908 42.0739289908 62.4925389723 62.4925389723 24.6551252029 24.4156212977 25.093563627 25.5994153004 23.6998044531 40.7477951023 24.4642059622 23.8609562191 25.4381462743 24.5760839634 24.155388228 24.9694635286 57.6816161961 73.4888358523 24.6337137313 24.6280327284 24.1926490498 24.3987183373 24.9995635106 24.3886999424 23.8736988749 24.7076670491 25.5093980499 25.3304556463 24.583873113 24.904414458 24.841681772 24.7012710925 25.0745238394 23.8159036283 24.2278104054 24.829839761 49.5637774472
23.5790315193 25.3886204994 25.0339313522 23.9114013838 25.5176411943 23.817930709 24.5253671588 24.0077829482 25.245948579 24.0260778006 24.5865785501 23.6039886653 24.4458342234 23.6944862627 23.9018192474 42.0739289908 42.0739289908 25.177597026 24.143731705 24.2870263701 24.0026774375 24.8469902477 24.9332869223 25.4326639765 23.7934636218 54.3080343015 25.6212831066 24.0550515817 24.0272457257 23.9521168548 25.4933773311 67.6824428946 73.4888358523 73.4888358523 24.0488531704 24.2760950369 24.2478732685 25.2501748547 24.707024111 24.6726460212 23.5187230624 23.6285158071 23.7069322824 24.956921176 25.3187159841 23.8128004008 25.3925184878 25.0977090202 23.7262557244 24.146606832 24.201944092 52.0183761497 49.5637774472
24.6503073459 23.9954978008 24.0626873229 23.7417518604 24.5882645922 23.8024947391 23.5985701929 25.3422416977 24.8859254606 25.416324176 25.2418661043 25.0731420565 24.9920879043 25.3057544133 25.5783048349 24.9911581148 42.0739289908 52.6060952323 25.5701584636 24.4085562051 23.7633940368 25.0316259499 24.8337311788 25.3531360114 25.2299127892 24.7125151511 24.5544832664 24.2514983368 23.9684622582 24.7294686732 25.6009330525 24.2842737206 58.2021816843 58.2021816843 25.6014355801 23.545126224 24.6103215038 24.8888109493 23.5037988836 24.6476951015 24.3313615733 25.1673792642 23.8038661086 24.9565041106 25.4371942301 24.2613567804 25.10008744 24.218577474 24.988429494 25.5862063722 25.3152288438 25.2630081299 49.5637774472
24.0281161444 24.3501702539 24.8390280846 23.9947783818 25.5476160442 24.3502366 23.7465437701 23.7395901252 24.5068345029 23.7246995031 25.257559414 23.6496476531 24.9614073044 23.9771968343 25.5609846803 25.4890024695 52.6060952323 25.1501403511 25.5980734233 25.2500569135 23.7085826406 24.851497493 25.0825857803 23.7442396352 23.883942884 25.2129806711 25.2310158657 24.9958506329 25.0193223186 23.9173796494 24.068842783 58.2021816843 58.2021816843 58.2021816843 58.2021816843 24.8757784435 24.4960715042 25.6150865596 24.6405613306 23.6053456975 23.6498930958 24.3077785076 23.5020916394 25.4718440578 23.583793609 25.5663926538 24.3808142159 24.0125442798 25.114523326 24.97823971 25.2389234642 24.6883989673 78.165008006
25.6211615799 24.3187113038 23.7937247807 24.4357027461 23.9601703778 25.323155184 24.3854614014 24.9646194819 24.2459783759 24.9763762263 25.0902136501 23.9850197979 24.1617584036 24.6931613035 24.4353380135 25.3623508128 24.2153288627 24.8710343494 24.4554962565 23.7907556335 24.0002357177 23.6853993887 25.584709596 23.9548887651 53.5407992303 53.5407992303 53.5407992303 23.9225043544 24.8678024658 24.7146551055 24.8152840727 25.076500237 23.6865382205 24.8827499098 24.7048354617 24.8146509938 24.6319188907 23.5347243644 23.6149444161 25.5263721831 25.1387637747 23.9977580024 24.7324534282 24.1590426906 24.5261019656 23.7022857078 25.0397664813 24.8075569192 25.3731519889 25.5068130269 24.797293843 78.165008006 78.165008006
23.5315896674 24.0102215119 24.9004232831 25.0486014356 23.8805863127 24.3249162609 23.9644727159 24.4542274915 24.8625704506 23.8467851264 23.9931065408 23.5028260069 25.3894764448 23.5309182879 25.3700207993 24.0600469279 24.5452826196 25.1580190557 24.8076773183 24.4747913205 23.725324327 24.279636338 25.4452146459 25.2990398632 53.5407992303 52.5709489815 52.5709489815 24.6920430501 24.4754358632 24.3349855058 24.7680215608 23.609580106 25.2143765068 41.9485440143 25.5481405002 24.5735642151 24.5196610318 23.9196147393 25.0491766151 25.2006696041 24.5546921943 25.3209639285 23.7398782152 23.6673632182 23.6775596632 25.0858774601 25.4927353336 23.9214832382 24.806827729 25.6049110371 23.9446830635 24.6921428272 52.8131096605
24.4899125582 23.5430221931 24.7385297459 25.0083554352 24.0579097142 23.5990360286 24.7544695484 24.3870985286 23.6013430582 24.1989001852 24.0470871856 24.3787239844 24.7196948622 25.1022204661 25.5411907864 23.8529979648 56.1030961502 63.5701990348 24.9010256223 47.9230049433 50.9928614778 61.6483095675 52.9015688549 52.9015688549 58.7435739658 52.5709489815 48.0216378673 48.0216378673 58.9374734584 58.9374734584 51.4276843349 51.4276843349 24.2012731301 24.4883835045 25.4950138165 23.8652930885 24.7271037104 25.0562123166 23.5864933949 24.9277925538 24.7092459745 24.0619139618 24.8828366945 25.3219542486 25.228188347 25.611156355 25.5343376356 25.5747087561 25.6129379099 25.1072897455 23.7488371815 64.8522478009 64.8522478009
24.5256728649 24.5880115331 24.7133814752 23.9624277979 25.1169865049 25.3629014145 23.8255001923 25.1430180792 25.4943014628 24.2548914544 24.817459642 24.9956706838 24.5601614702 24.4813882758 24.6827345588 25.0666616194 25.2361590576 63.5701990348 63.5701990348 47.9230049433 47.9230049433 61.6483095675 52.9015688549 52.9015688549 52.9015688549 52.5709489815 48.0216378673 48.0216378673 58.9374734584 58.9374734584 51.4276843349 51.4276843349 23.7489214332 25.4109937698 24.741425258 23.9267007541 25.1636563658 24.5200653857 24.0313908404 24.0307330858 24.7550222006 24.3323824303 23.8069540251 25.4335061449 24.0992404137 25.514816178 23.6604197126 25.0686996873 24.5034016032 25.5972523233 24.5617629069 67.6989402061 67.6989402061
23.6086352455 25.2746739817 23.7707508618 24.4659581434 25.2917811689 23.8101150526 24.9217202008 25.2094257829 25.1233017487 25.5352523028 24.878897985 23.7387389194 24.2749520128 24.521017741 25.2697797218 24.1877290935 25.1994205047 63.5701990348 50.1036676349 47.9230049433 23.6817692165 61.6483095675 43.4560203096 52.9015688549 25.5198753459 68.8238650305 84.3832046816 48.0216378673 25.2907836213 58.9374734584 51.4276843349 51.4276843349 24.2099277791 24.6815979047 25.3292154217 24.4452949947 23.6566959535 24.1424436652 24.8754287117 24.239625529 25.2950389765 25.2448280956 25.4082841033 24.3588891451 25.1461549591 24.0826448654 24.7985112649 23.8860242468 23.7057252817 25.3142987786 23.8711344049 63.9374560475 24.1800004528
24.2631629378 23.8102048577 23.7865527761 25.4179644694 23.6258611454 24.0612195044 25.5247607002 23.7347331366 23.5006756141 24.8368542085 25.3363034427 23.764621278 24.841072025 24.1858869356 24.9316356368 24.0542696512 50.1036676349 50.1036676349 50.1036676349 23.744013439 23.544854878 25.2507478459 24.1795375776 25.5221887622 23.8929395361 68.8238650305 68.8238650305 68.8238650305 24.6997606052 24.9705982837 23.9698963514 24.8504864445 24.3170188083 23.8659280987 24.7092819945 24.1220993125 25.4318581302 24.1369563847 24.8908900257 25.4932835645 24.8612815139 23.8489381069 25.5029117195 24.8417377017 25.1489957706 24.0958572274 23.9320140504 25.4618210861 24.5389742435 23.8813841671 23.8047319294 69.2915332667 69.2915332667
24.0385351577 23.5878740191 24.6564008259 24.6366876189 24.3034704959 24.7689815452 23.9914519545 23.9512226491 23.843707477 23.9378807959 25.5795660095 24.9896614611 24.7478054191 24.8019206492 23.7100691808 24.2799804287 50.1036676349 50.1036676349 25.5594423102 23.5106775342 25.046703646 23.9520782122 24.7319785023 25.2452513568 23.6409161602 50.6844403528 50.6844403528 50.6844403528 24.6583586949 23.5631951189 24.2058919626 25.0125211986 24.040265543 24.0334204213 23.5656590243 24.3374022925 23.7074885973 24.4171120375 25.169100146 24.6661960657 24.763607024 24.6458109064 23.8019663989 23.6108515847 24.4613558994 24.7978336455 23.6935156607 25.523474961 24.1134442324 24.8846706588 24.9462623738 69.2915332667 25.5184403834
23.8611458683 24.7966436992 24.491036311 24.7186947648 24.2162754944 23.8129743678 25.4535522934 24.846545262 24.0030486365 24.188762937 24.3607624917 23.9675471261 24.9862632171 25.4492954871 25.1232782956 25.4436905282 24.7005934614 24.8881807646 46.6095736619 24.8251774504 24.2823446285 25.2034595573 23.8785365751 24.7441678153 23.5403483632 23.8133119665 25.3589923592 23.8995872888 23.9848755249 23.5021943693 24.3252376017 25.2318153652 25.1020536525 23.8018787765 24.2627496329 24.5635498379 25.5892377573 25.4383334726 24.9597832372 24.9126822425 23.8776876482 25.0662362396 24.3515883681 25.5613139958 23.9443268092 24.4014314745 25.3990144337 24.8940431089 24.4345548556 24.9916383288 24.9450119385 24.1005329536 48.8342564792
25.2082284848 25.0790066211 23.8399657276 24.9697219378 25.5654986825 24.0504635777 24.808247812 23.5539106181 25.1906508158 24.0427566767 24.751818835 25.2453639892 24.447462636 25.1307781016 24.0564301806 25.1345406666 24.7834082728 25.0182937465 46.6095736619 46.6095736619 46.6095736619 24.600408682 25.28209613 23.7207009794 25.1576958095 24.6456657903 23.8992940805 24.4562833666 23.638826586 24.2425777912 24.4635429522 25.010300945 25.6069673012 25.5222778344 49.3237639369 24.267283649 24.829294842 24.9864920575 24.7066308311 24.4309238757 25.1229959586 24.793673293 24.2007371206 25.0249281927 25.2238013619 24.6012075931 23.5332916625 25.1315579605 25.5145371275 25.4703152404 23.8971586863 23.6785693319 48.8342564792
25.2881067045 24.0938156465 25.5205234419 25.2037403628 24.7518659496 23.8713900338 24.6520307483 24.554511478 25.5092953889 24.7887688826 24.265650388 24.9783749837 25.4408125312 24.5836445992 25.4158119808 23.8445832095 23.5772401697 25.097184521 46.6095736619 46.6095736619 24.9963549808 24.304337804 24.856531363 23.9654620637 24.680617293 24.703687518 24.5225561413 24.8788840053 24.1422014364 24.6541639409 25.0823601073 23.7101417532 39.9846871071 52.2626603825 52.2626603825 24.5128007641 25.2893139933 25.1371172041 25.554731239 25.1710197185 25.6203727886 24.0042854025 23.5656664577 24.0841539602 23.9060567865 25.5020467708 23.5048272367 25.1437438159 23.9486411899 24.9815055484 25.6057015192 23.925772071 24.37355248
24.5559999571 25.2033412844 25.4715591737 25.0662771167 24.1623899975 24.8748269937 25.3318799025 24.1567620884 24.2184500458 24.9063720895 23.8064613654 23.7440295281 24.6503065148 24.4303613572 24.6024068626 25.1842429403 25.4731400603 25.481454883 55.7934744317 55.7934744317 24.554733646 24.2798477602 24.2787754976 24.0006070102 24.7464131809 23.8944725438 25.2944981961 23.840864259 23.741464171 24.9572832986 25.2392478536 24.0118654827 52.6593687004 63.2957058662 63.2957058662 43.7619837914 25.5666272261 25.5268055838 24.2728512075 24.2733612406 25.1174162975 23.6727183508 24.5647713236 24.3154838208 24.8366783483 24.9763932128 25.3441882942 23.6533419126 25.5799442023 24.3297498004 23.7349370902 24.2289977304 25.5718484426
