Spatial_Output/BAU/BAU_1145.asc
NCOLS 155
NROWS 192
XLLCORNER 196769.923733
YLLCORNER 449719.875193
CELLSIZE 27.603701
NODATA_VALUE NaN
[rows 69 to 91 of 192, columns 0 to 52 of 155]
27.7787630452 27.808087514 28.1112648402 28.0316972084 28.0797445928 27.7702904451 27.7121984268 27.5775532938 27.8207391579 27.8846984746 27.7395222222 27.5401225769 28.1408499364 27.9031188859 27.5706886792 27.6433455632 27.5640410889 56.8468405454 56.8468405454 56.8468405454 27.6484237731 27.8283554122 27.5846705049 28.0999692921 27.9857577028 28.1049136549 54.6582600179 55.2773210009 77.9162183155 27.8029973524 28.1031733305 27.8415267351 27.6301472005 27.5189683354 27.7831222601 27.665014599 27.6268856206 27.6558635015 27.7408399769 27.8957836238 27.6344375216 27.6010125271 27.8022741615 27.6595634291 27.9699216685 27.5281059048 27.7292463773 27.6334454446 28.0574616381 27.7049508617 46.0188486113 46.0188486113 46.0188486113
27.5122533415 27.8422077975 27.7850453825 27.9721608293 27.7296407545 28.0034742263 27.7741998618 27.7148374486 28.1756467523 27.8994490348 27.8447623942 27.9902896938 28.0351214965 27.6404494245 27.5507833282 28.0611778261 27.8541708609 27.8040642895 56.8468405454 56.8468405454 28.1902233567 27.8057901305 28.0886435148 27.957429685 27.961509313 28.0013884647 27.5129611401 77.9162183155 77.9162183155 77.9162183155 27.5957115735 27.8469438291 28.0698465049 47.0059519744 52.2108970519 47.0059519744 28.1715499246 28.1774179995 27.9867368879 27.8045847413 28.1110597228 28.0098846546 27.7342844285 28.1997328002 28.1742161179 27.7921102648 27.6765169596 28.1423617274 27.5543122327 27.6944394119 27.7525908813 27.6774145891 27.6925078071
27.5625716177 27.8623427253 27.5170983138 28.1516687939 28.1493212272 27.8588535599 27.6172609182 28.1432549078 28.1667581437 27.8146285111 27.9427055104 27.5838398142 27.8400116658 27.5856892707 27.5697550335 27.6596019139 28.0686700308 42.0265432388 54.9332613921 54.2393165976 28.0220365319 28.1391376321 27.5490741092 27.6622498571 28.1905439407 27.8600205112 27.5443034732 28.1777795443 39.9489993055 79.5490711415 28.1141801553 28.1652551804 27.7429196519 52.2108970519 52.2108970519 52.2108970519 27.9143117574 27.6471245186 28.027377898 28.1687403852 28.0212887977 27.8281323409 28.1128829752 27.6183690602 27.5895892545 27.5397195889 27.8115837396 27.6749775516 28.1747204694 28.1662574161 57.3970626118 57.3970626118 57.3970626118
27.5071475476 27.9066321942 27.7772744941 28.1888975465 27.8168018561 27.5757643526 27.8204748028 28.0248107478 27.7010783322 27.7199592576 27.9134284725 27.785654261 27.6603176772 28.0636261498 27.5982935899 27.6952753612 27.5265591715 64.0558679959 64.0558679959 54.9332613921 27.9298260358 27.5554835618 27.7102411009 27.983070338 28.1835370942 27.7763345037 27.779567555 27.5889556393 43.4934865797 28.1653297425 43.4934865797 27.5263643199 27.9614642609 59.9182708195 52.2108970519 59.9182708195 27.8033627986 27.629449669 27.947248469 27.9027027635 27.5237763048 28.150002621 27.8512337372 28.1508785291 27.5839280502 28.1695469789 27.9719664352 28.0959232321 27.9661202896 27.734739979 27.6994660825 57.3970626118 27.5946401931
27.7873999256 28.1757644664 27.9628016806 27.5676431358 27.9734181125 27.5051215882 27.6853920507 27.9384317459 27.8616310452 28.0343747443 27.5848508226 27.9896126355 27.6401073075 28.0104928635 28.1635773832 27.5724548288 27.7652720718 64.0558679959 64.0558679959 64.0558679959 66.149345164 27.5921687381 27.6430222055 27.7308558108 27.8743029952 51.253861071 27.7860838469 27.6720551001 55.5018723112 55.5018723112 55.5018723112 27.6847975332 27.8448211507 27.9082023654 59.9182708195 59.9182708195 28.0881605193 27.6428403002 27.926216136 27.5863062568 28.1231083238 27.772595172 27.8890241642 27.6352164058 28.1148938732 27.568927475 28.0668879018 27.6411865994 27.9230731268 27.9158595709 51.3318588925 51.3318588925 51.3318588925
27.9890484615 27.7088489441 27.9338295789 28.157192561 27.8845898397 27.5408036012 28.0419285011 28.0261999289 27.5496107183 27.8709435085 27.7896089801 28.0069246257 27.9326275208 27.7902161046 28.1963637514 27.6450784761 27.9213016047 27.7141806332 44.3352683328 59.4364317525 59.4364317525 66.149345164 58.4928389765 47.7431653111 51.253861071 51.253861071 69.9995620301 27.59506785 55.5018723112 55.5018723112 27.632760134 65.8590671336 55.9296689749 27.9647776327 28.1329523078 27.8856983887 27.8511042594 27.598796371 28.0146096392 27.9919914783 27.8588065518 28.156522064 59.1190010836 59.1190010836 28.1890624094 27.8451742644 28.0054245081 54.3573340228 27.5076419544 27.5280060371 27.6474639504 51.3318588925 77.398907919
28.0244303676 27.8154846676 28.03985686 28.0835829703 27.7711893619 27.6420592763 27.5082568234 27.8461426624 27.9082957115 27.7922492076 28.1085628962 27.900956532 28.1777042469 27.7196993466 27.9654863326 28.0600208048 53.6114756543 47.1347683873 47.1347683873 59.4364317525 59.4364317525 66.149345164 27.8559075093 58.4928389765 51.253861071 51.253861071 27.5494011861 44.1857439529 44.1857439529 44.1857439529 52.2477882226 65.8590671336 55.9296689749 44.849553933 44.849553933 37.3000821194 37.3000821194 74.7864878819 38.752867844 38.752867844 61.7728107277 62.4183842198 59.1190010836 42.1515355365 52.5018933466 39.9424812433 53.3859388915 53.3859388915 48.2477617154 48.2477617154 27.5010633006 73.1313609121 73.1313609121
27.7161757164 27.8374159583 27.6607829878 27.553106371 27.8402535628 28.172344467 27.5728994569 27.9436614266 27.6173940215 27.9774493234 27.6024807955 27.7958621725 27.7298844555 28.168202493 27.6459166684 28.0495215573 47.1347683873 47.1347683873 47.1347683873 59.4364317525 66.149345164 27.8713345429 27.5194748806 27.7658623455 28.0802280606 51.253861071 69.9995620301 44.1857439529 44.1857439529 52.2477882226 65.8590671336 65.8590671336 55.9296689749 44.849553933 44.849553933 37.3000821194 37.3000821194 74.7864878819 38.752867844 38.752867844 61.7728107277 62.4183842198 62.4183842198 52.5018933466 58.1538820125 58.1538820125 53.3859388915 53.3859388915 53.3859388915 48.2477617154 73.1244320275 73.1313609121 73.1313609121
27.5098864889 27.8199603394 27.9113257159 28.1781241897 27.9174267884 27.8174826947 27.7530458438 27.9054232299 27.5814320261 28.0393850627 27.6704391916 28.1110413287 27.6650813247 28.0055294918 51.0543293863 37.7087631117 37.7087631117 65.3432079857 65.3432079857 65.3432079857 27.5789972518 27.5675618333 27.7352556135 28.1949902943 27.5471200774 27.9852021159 28.1752237024 28.0049155851 27.865709717 28.2033147345 27.9898563802 61.9596788465 27.6469951429 44.849553933 27.8279339675 27.9316268644 27.9290013931 74.7864878819 54.5364142537 38.752867844 61.7728107277 62.4183842198 56.1805614723 27.8862107395 58.1538820125 58.1538820125 60.2939881549 39.9424812433 27.9710019101 48.2477617154 28.037520017 27.8231417414 28.1247152192
27.5118510406 27.5286348842 27.6803724875 27.8548612725 27.5124958687 27.5690343133 27.7378144298 27.60574591 27.8669073566 27.6281398949 27.5694295746 27.7839010781 27.9484019931 43.2172627746 50.8942790416 37.7087631117 37.7087631117 27.9947649316 28.1725075267 27.857452236 28.1920643868 27.9614585241 27.818447767 28.009101881 27.7399671903 27.5128664749 28.1032506692 27.5882381021 27.5623885368 28.0450320318 27.8791308827 27.6318835001 27.9228435595 27.9635241883 27.8444961795 27.7864791473 27.7300233916 27.6942568498 27.9737323721 28.2028711176 54.7381737218 54.7381737218 41.896837958 48.4193758913 69.5255300685 58.1538820125 27.883982229 28.1341999794 27.930935156 27.5896591577 27.8764896578 27.8362081211 27.739528753
27.6362755745 27.8085273122 27.9427483587 27.6774002276 27.6276315262 28.1337367335 27.8261795399 27.9701328808 28.0962120542 28.0682115425 27.9495626125 28.0106804888 27.7215183909 43.2172627746 43.2172627746 50.8942790416 45.5594662442 27.681732172 27.5201997179 27.9841496329 28.004936131 27.9590497508 27.5141896528 28.0035401905 27.6141610648 27.6796617325 27.5823415057 27.8122362048 27.6289292737 27.9256924763 28.0952475278 27.9387716609 27.8294591238 28.1419859354 27.5257684921 28.1632316926 27.6058077682 28.0387759178 28.0566294121 27.8819173061 54.7381737218 54.3105655327 54.3105655327 48.8547653946 28.0629122163 27.8211440033 27.9245211306 27.6118176731 27.7211728093 27.7561339632 27.7879712873 27.6126727958 28.0265738575
27.9163895961 27.7904757966 27.848797489 27.612958565 27.6189770663 28.0097537134 28.0765651677 27.9760961394 27.9175404012 28.1256861855 27.7755432174 45.7682584612 45.7682584612 53.2498741789 43.2172627746 43.2172627746 27.577246718 27.8724000034 27.6676617413 28.0503018028 27.7808857101 28.1716172087 27.8407630599 27.9684338332 27.922417373 28.0803235227 27.7230449602 28.1704283908 27.61897566 27.9604487812 27.7389579843 27.9095063326 27.8723780941 27.8371425364 27.6829558721 27.6038172898 27.5849294759 27.7630993353 27.9764431951 27.6793105149 28.017047481 47.6509027106 59.0397605888 59.0397605888 74.6908863171 27.5069295613 27.5575837484 28.152267458 27.8232157849 27.8811125452 27.6099046587 28.2007935571 27.6517822893
28.0718267727 28.2062034623 27.9746996672 28.0671977509 28.1162460816 28.0417875945 27.7247829658 66.2915228881 27.8877064353 65.3513710923 48.8436707158 48.8436707158 48.8436707158 45.7682584612 52.9814001628 27.6179041611 27.7835175621 27.8454719403 27.6812764506 27.7324694206 27.5587055334 28.0687461743 27.7373896383 28.1341897667 27.5478624194 28.176679553 28.1853031377 27.9746050763 27.8139743942 27.7019231042 27.5319564476 27.7636375837 28.1686710554 27.5553509338 27.6321532076 27.8863520827 28.0585071656 27.7108640509 27.9652875864 28.1490149045 55.6669974323 53.9063919859 59.0397605888 59.0397605888 54.4379428989 27.8085660625 27.5136213899 28.1151902558 27.8714984758 28.0357533955 27.5062730388 27.5130598111 27.8096165668
28.0342237542 27.5258242059 27.6977054283 28.0967175322 27.8762129836 27.8608487727 27.8713898805 53.3587818872 53.3587818872 65.3513710923 48.8436707158 48.8436707158 27.8048460285 45.7682584612 28.0532572454 28.08108991 27.7447059693 27.8101349074 27.5551453826 27.9484340726 28.1230649545 27.7078009486 27.9101050096 28.1253300631 27.7450983284 27.6638700476 27.8743181522 27.5295654031 27.6317778985 28.1342232264 27.6187985448 28.0294094288 27.8045180448 27.6945930547 28.0311234723 27.9056071706 27.7794778409 27.9449200901 28.1134688786 27.6896136305 28.1218838897 53.9063919859 54.1521216518 54.1521216518 54.1521216518 27.7460451904 27.528831813 27.7625398593 27.6860946452 27.5299303162 27.7138845011 27.9647073207 28.1099089002
0 28.1988203198 27.7936436868 27.6262973881 27.5402611914 27.9190379996 27.5689953448 66.2915228881 53.3587818872 27.9348794685 65.3513710923 28.1561970166 27.8021184131 27.8468920603 27.5712047571 27.7376830079 27.8598305126 28.082486826 27.7348162628 28.1514471858 27.5184568212 27.5819694715 27.7538084826 27.5235507866 27.5862334588 27.9093932801 28.0286765705 28.0242588755 27.5938397887 28.0002418804 28.0503874136 27.9883918857 27.8933440303 27.7247709292 27.7356211827 27.5751909056 27.552596144 27.8482372211 28.0298580373 27.7356207485 45.021381641 56.4659645533 56.4659645533 54.1521216518 54.1521216518 28.1284676676 28.0991862869 28.1586050036 27.5573920083 27.8322478383 27.5603588932 28.1582003399 28.2004124482
0 27.9000476731 28.202927566 27.7443857757 27.8232991857 28.1873402312 28.0412321187 28.0606885877 66.2915228881 27.7603468406 27.92834415 27.5524447519 27.5476684289 27.5596238564 27.5963071157 27.9469634267 27.526805397 27.7624962984 27.7503090359 27.9279599876 28.1518140177 27.7635842228 27.9741878441 27.5982710981 27.6874220211 28.188566029 28.1354795954 27.7742908365 28.1760536013 27.822798221 27.5564130912 27.8055193367 27.9774851211 27.6532246554 27.5796218257 27.8608707897 28.0006435185 27.6384500539 28.0689447514 27.6863123356 27.51466512 56.4659645533 56.4659645533 56.4659645533 59.6320190726 27.6407058939 27.5419299763 28.0074724888 27.8356009012 27.8344716956 27.7984824102 27.9983806703 27.9357354279
0 28.0694423545 27.6411563154 27.8062905686 28.1592434407 50.2520710708 27.5516241217 27.9262645782 28.1610795416 27.7625710948 27.7802440212 27.9314460874 27.7017823527 27.8194942969 27.8760949959 28.1385078711 27.5083501279 27.6387216213 28.058530821 28.117522447 27.6895012248 27.7290849173 28.0386193456 27.9015519206 28.1367777492 27.898522673 27.800944659 28.1150790039 27.5537913758 27.5143527093 27.9396053913 28.1616196396 27.5472574185 27.6106534842 27.6236718211 27.7504125549 27.6840483917 27.9057187222 27.905353908 27.5143005559 28.1995143408 51.0574769446 51.0574769446 44.8398120472 27.7101877248 44.6978041374 27.9902902119 28.143211418 27.6403860372 28.1064325711 28.1965382597 27.6289330633 27.8058449536
0 0 28.1778367837 50.2520710708 50.2520710708 50.2520710708 27.6907421356 27.889758635 27.5492780667 27.6830829983 28.174958092 28.1805906823 27.9460190192 28.1713010316 27.7920844278 28.1060649264 28.0490898484 27.9650144336 28.0729427582 28.0905199478 27.5323293874 28.1239230005 27.5132592734 27.593363102 27.7085940567 27.8989491947 28.1952904661 27.5265022705 28.0730165106 27.7952383101 27.5089236265 27.6478644849 27.9719708257 27.5792513545 28.0093993429 27.8539971681 28.2063426478 27.8867311566 28.1971022663 27.7702724889 28.0149472841 51.0574769446 51.0574769446 51.0574769446 62.0231953842 27.8974650144 27.9284827943 27.9527975369 27.9785490142 28.1956560077 28.1954500608 27.5917278822 27.5833361672
0 0 42.2466862087 42.2466862087 42.2466862087 27.7712573445 28.0067862333 28.1235439229 27.9896013438 27.5225239404 27.5933771632 27.5931830401 27.5537805237 27.6671039689 27.9823911543 27.530671568 27.9869076674 27.7634763551 27.8107076682 27.8047151108 27.5638903466 28.1124739514 28.050528861 27.819162575 28.1183132346 28.198734425 28.0249331486 27.6930884084 27.530065795 27.6935255336 27.8947700702 27.8271711322 27.869945452 27.9144488839 27.5797627912 27.9252619553 27.8373993459 27.9485688465 27.5035194371 27.8292640715 27.887043906 40.5031219563 52.1295815447 62.0231953842 62.0231953842 27.8327245119 27.6145256668 27.8328940186 28.1837583565 28.0070989735 27.9761666578 28.0355069288 27.8393931888
17.8990880065 27.3505771427 33.1590023359 42.2466862087 42.2466862087 27.7490080688 27.8793254474 27.7730474835 27.6702533409 28.1882342078 27.6154721119 28.0947053327 28.0018147524 28.0001177595 27.9217369639 27.9437572403 27.5372223838 27.7448203759 27.6165560496 28.1163165979 27.9909311769 27.5405576171 27.7635045548 27.6838104976 27.6251721894 27.5491968669 27.9533931211 27.8576370961 28.0288515933 27.6528093524 28.0125576014 28.045677612 27.6898857178 27.6517315545 27.5273362459 28.0979318121 27.9719805178 27.6988991345 27.8736939681 27.7833038963 27.8006660357 52.1295815447 64.5018891258 64.5018891258 64.5018891258 64.5018891258 28.0526355372 27.7567835407 27.6523900811 28.1901200363 27.591123789 27.8819177089 27.9455911526
35.5457569229 20.6233470415 21.6137399085 43.1458903687 46.1782534601 0 27.7523762578 27.8318269126 27.6592190077 27.8366107381 27.9137686738 28.1990040431 27.6310530651 27.5974242579 27.6102854504 27.7152157979 27.6046003961 27.977115369 27.8044417421 28.1554588037 27.7489427247 27.5224039156 27.9593878151 27.8875719033 27.7370248571 28.0043155375 27.5303133465 27.6371104751 28.0212346061 28.1812980952 27.7243992839 28.0429633341 27.8229714185 27.9907422743 27.5019270178 28.1313778703 27.9632218955 27.8095717679 28.1289818109 27.6507334613 28.0996496507 51.6795421603 48.8147671495 28.0356554992 27.7516054471 28.0283934901 28.1052260534 27.9700802131 28.0403245583 28.177702399 27.9614804123 27.8681550941 27.9599860633
16.8621672286 9.8563373212 11.4696080824 48.4494960558 0 0 27.817240456 27.5966143542 28.0866564199 27.8871460323 28.0162570146 28.1892551927 27.9435532286 28.068794377 27.8086644282 28.0212286922 27.6402712345 27.5855046092 27.9352541741 27.7392501471 27.9862193656 28.0576520657 27.5753238706 27.9424552303 27.9464381284 27.7118216992 27.9022811913 27.9305136437 27.56253235 27.8779068174 27.783801399 27.5895253435 27.7204924113 28.1139164876 27.5328380482 27.7561208659 28.0523919153 27.7446656568 27.8369853228 27.5772617847 27.8961345072 48.8147671495 48.8147671495 48.8147671495 62.3024170139 52.4334576711 28.1064549243 28.1943889251 27.7473134167 28.0747696518 27.6758455892 28.0916920002 27.8714222734
56.9541040511 48.4429867836 48.4429867836 0 0 0 27.8021568328 28.1871471477 27.6170977149 28.0899366664 27.964422348 27.7734701795 28.020517311 28.0241703485 27.8992755443 27.8658998148 27.8059321377 27.9825883409 27.7735688921 27.6652640295 27.9772606762 27.697898783 27.7713994262 27.7525448258 28.1771943655 28.1385502958 27.6681334305 28.1878949838 27.8323437612 28.030359666 27.8728525394 28.1488073105 28.1091389994 27.8394428904 27.6668596062 27.7244184196 27.777433248 27.9154734714 27.7452073459 27.8276016294 27.5240520832 49.848473875 49.848473875 49.848473875 51.3623216174 27.7549087724 27.7564930661 27.813991246 27.6410450473 27.5434326602 27.7546773139 27.7225787822 27.5503876071
