Spatial_Output/BAU/BAU_0391.asc
NCOLS 155
NROWS 192
XLLCORNER 196769.923733
YLLCORNER 449719.875193
CELLSIZE 27.603701
NODATA_VALUE NaN
[rows 23 to 45 of 192, columns 53 to 105 of 155]
32.3610571444 33.8351055988 34.274313346 31.7299990597 33.9421048358 32.5863244626 32.8075636088 52.6170600585 52.6170600585 33.7475119484 33.2102344303 34.9470981036 34.0077487783 31.5459523767 34.2619119925 31.5005660549 33.7180927569 32.9296810462 35.0157919797 33.5864262837 32.4968259955 32.5476809356 35.0279385598 34.2396965072 34.5885289866 34.2552489019 34.9339943334 32.2174720481 32.33335328 31.725330488 34.8574695979 32.67827209 33.8246803931 31.9882745217 33.1393728926 32.8694579348 34.9370092459 34.1698066868 34.4658041549 33.0164553549 33.0212180971 33.6342512085 34.0058461986 33.5534525597 34.0897494049 35.0234384727 33.4172207646 31.6436841301 34.3319507057 32.3012282025 33.2641844341 31.7734177115 32.8466263564
31.9030864024 32.929044582 34.4374879034 31.9894399615 47.3484390674 71.8587203333 71.8587203333 31.9803008641 33.8990831684 34.706576994 31.7435991658 31.5527122451 31.9364273416 34.8903143053 33.8275944505 33.8865464889 34.1162403242 34.6238397588 33.4471998837 33.4716531004 31.741086565 32.6432424426 34.9876919355 34.7522343063 34.2009518293 33.0671050954 34.0866702296 34.1975823196 34.1116651989 31.5009525161 31.6311732383 33.2849807365 34.1455538224 31.8327350525 34.7086590831 34.9375115313 32.0450632812 32.6211398239 31.8900193158 34.6227540469 33.7811343611 31.9589166155 33.6254711989 32.4748168543 34.6554792669 31.8905128902 34.4655409318 34.186548586 31.6198553809 32.8332657781 32.8203634155 32.6044337948 33.8093651347
34.6972994404 32.3104101001 32.362107523 32.3445680713 62.7670128615 62.7670128615 62.7670128615 32.1781180039 31.8026877597 33.1448669918 31.8188227901 33.6221958471 33.6971748476 32.6157117001 33.6986753124 31.5447284445 34.1947415126 32.3508662018 34.8337178654 33.7344365442 33.6592407865 34.6373153666 33.1195666366 33.5531832135 33.0696234641 32.0843995994 32.9976223912 34.3649864986 31.6787438649 32.0402591585 32.7641083308 33.5127419415 33.0981404039 33.7855036713 32.8275321115 34.9036211534 31.7682038083 34.6298078709 34.4516005861 31.755746059 31.686164734 33.9254488469 33.9424783232 31.7777785962 32.9334804735 32.4127562045 34.5216670057 32.569701025 34.6993280843 32.4542272074 31.9318722659 33.0213429864 32.5219316995
32.7945229139 34.1476942308 33.396230384 32.3854189513 34.909957495 62.7670128615 62.7670128615 31.5959460236 31.7502722433 33.380696856 34.6637755696 34.2205786173 33.1395002886 33.1308661141 33.4646953075 33.9011447496 33.9368078879 34.3165522914 31.5407835538 34.3597290289 34.5953296357 32.9171074618 33.4750773044 34.4686142639 31.5645574211 32.3757786934 32.6212693171 34.6286219829 34.1383057342 34.3850463287 33.5676736201 34.1948439261 32.4518672121 33.6616781383 33.7900489465 33.9527480442 32.8599615517 33.5880808301 34.03146786 31.5848468749 31.8163278472 33.6355550302 33.7626643443 33.9938651066 31.7486472013 35.0230595397 34.2227494036 33.3803942047 34.3837923276 33.6871385848 33.3730719323 34.309300726 34.4129431065
34.9564973619 33.6781249109 34.8023640571 57.8646954838 57.8646954838 57.8646954838 31.5682705056 33.1890280656 33.2297585027 33.3349148059 33.2946433296 62.0371821438 62.0371821438 32.0906317505 32.827504401 32.904569963 34.7790927045 32.2309541484 33.0113153314 33.9325770682 34.1166452366 32.0408348861 32.7353799748 33.0039903466 31.6361763808 34.1221804899 34.4630846569 33.3393006456 32.7977459795 32.2968510157 33.8482304083 32.5492590536 32.9311416703 34.534332014 32.4439522934 32.5372608501 34.109738719 33.6378410084 34.0793686319 32.1480960471 33.6300925362 33.7482622212 33.9441338175 33.2241805855 32.8644826337 31.5419113901 32.4654030388 31.6664023726 33.0111325613 32.8896006986 34.6559558911 32.6762845515 34.8689313223
34.2005029063 32.7296320277 32.7445320435 33.1805282481 57.8646954838 66.4473936647 34.9906447999 34.9774798393 51.2103776661 32.327311712 81.7236718632 62.0371821438 62.0371821438 34.3525880145 31.7541142343 32.7667167674 34.1052890121 32.4642771114 32.5643413357 33.9496597407 33.7634066803 31.522814777 34.8705494805 34.4109078281 33.1097851203 34.1785152949 33.7657458514 32.2778906028 33.2818477486 34.2466922008 34.0685427881 33.169141778 31.7823944635 33.2008210655 34.8991706417 33.0841127313 32.3223807751 32.7420765711 32.483309764 34.1752377023 32.0691951016 34.8510356041 31.6447349771 32.7486441617 33.2319631333 31.8323925515 33.4365193635 33.4439509471 31.8004649817 32.4372599161 31.7316689766 34.5344758083 31.6319949755
32.9088518344 31.5815153283 34.2197746366 33.8403178604 66.4473936647 66.4473936647 66.4473936647 48.6490300361 51.4572583506 51.4572583506 67.301809925 65.9031308213 62.0371821438 32.9834409946 31.6937870333 33.3256726162 31.8802874713 34.239735257 34.6240038728 34.1921073401 32.7527138379 34.1045798401 33.7503263511 33.8369667755 34.629146233 32.8017686224 34.9395272423 33.3392156276 32.0942763359 32.5638912739 33.3834982934 32.0105436689 32.1610212921 33.5460950202 34.5375762978 34.6436812259 32.2187449179 31.5146289223 33.1942427862 34.0103183436 34.2230875026 34.8668103963 32.384259641 33.5203126817 34.7477610478 32.7274588544 32.2477884207 32.4860506533 32.8458599485 34.3015782201 33.9599973303 31.6928223422 32.3460322764
32.6031008454 32.0977643059 33.3735692138 34.2465382078 32.6841013963 62.3696492157 62.3696492157 48.6490300361 51.4572583506 51.4572583506 34.3050304636 65.9031308213 65.9031308213 32.6871962965 34.6275513343 34.2870811725 33.7562247979 32.872002035 34.3929439386 33.8509285096 32.4246122298 32.5329525354 31.747560669 33.3148367836 33.7819296259 31.5875757699 31.926418858 32.1918967736 33.368443153 32.8843752789 31.9656694785 32.728422355 32.6243609733 33.2130342794 31.6371168497 34.6370632266 33.6775650025 31.9573339719 34.9806877492 33.349191035 31.6191136139 33.5021358346 33.2688100517 33.8031974864 34.1469688005 34.3236328134 32.6998178143 31.5333172945 34.7356850026 32.4616485148 34.449170674 34.8770581751 32.6495364382
32.8971521189 32.2977782202 32.286772585 51.6799798621 58.8962255131 34.9308366737 33.0800123361 48.6490300361 33.1675982219 32.2494573249 33.7881613331 65.9031308213 65.1977160894 34.0449863798 70.545478557 56.1131039403 33.834842733 33.7299994929 33.0796520433 34.358311321 34.8322993536 34.8562696618 32.5135704997 34.5485671008 34.2227175273 31.9122797387 32.1712705266 33.9633279895 32.8297468578 34.1339792485 33.5361493954 31.981247333 31.8616024466 34.4761158428 34.0196058898 31.7327303778 33.4677068106 34.7612856034 33.9035312091 34.863340909 33.9557013614 33.3756838258 34.3948045375 34.1461763118 33.0887481839 33.7120150488 34.0563838807 33.485676504 31.6918765605 32.3719661532 32.0928558508 33.5961795342 32.7610915541
34.7743625887 32.4872945705 32.0910743517 33.0403599772 58.8962255131 34.326925763 62.3696492157 31.5713239843 32.2374535517 33.5400413251 33.6763557023 65.2592464661 65.2592464661 65.2592464661 56.1131039403 56.1131039403 64.8117334285 63.4478158413 63.4478158413 34.8735441675 31.8087897062 34.7256146961 32.0497541399 33.4281310917 34.9532845643 32.8727384125 32.1588495555 32.6599629868 33.8311217256 32.0193164151 32.3473556749 31.8816718569 33.3890566646 34.0792070194 34.8984153289 32.9736444316 32.2996066641 32.2114438952 31.7671631226 34.4467578481 34.8586867128 31.7815997371 32.8504445647 33.2016537598 33.4238424091 34.0607243846 32.805779309 33.4943088084 34.7735963293 34.1958140131 34.8695286039 34.3479847975 31.7534595696
31.9206004669 34.6163512038 31.6398339866 31.5242771017 33.4723858257 33.111669607 34.1058557569 33.9311362657 34.8738469013 34.9068452448 65.2592464661 65.2592464661 65.2592464661 33.3090346743 56.1131039403 56.1131039403 64.8117334285 63.4478158413 63.4478158413 63.4478158413 31.749698567 31.5582518224 34.8233063824 34.7397788083 34.8099130163 32.0468424085 31.6403335248 34.7097818227 32.6573276934 32.5360804779 32.3113435325 32.1200857846 34.966677279 34.627783097 33.7608598764 34.0102212338 32.1345126565 32.8635035602 32.5139371448 34.2265240455 33.0789798043 33.4426129297 33.7311700699 34.1301793772 33.1422841176 33.3214126429 33.1487389728 35.0188656387 34.1775962124 32.0192677329 34.9396531718 33.092850059 34.5869856957
31.8702242696 34.8377748209 32.8704024223 31.9339720219 32.398686895 32.0477685698 32.6956052857 33.4758802128 34.0680620804 34.1829355277 33.811541965 32.8597341349 32.7574088746 32.4581020534 34.3800830302 32.6911088691 34.4142009641 58.8777732352 63.4478158413 51.1898249457 33.0809618104 34.8920120445 34.6481615795 32.7452953754 34.0558813887 33.8801387571 33.8788549824 32.5299671811 32.5040134641 33.3325697786 33.4283680456 33.4467398733 32.5279873066 32.2517606075 32.720003284 32.7715432681 32.6696904035 32.2752248545 32.4697835904 31.926393301 33.2728529915 31.9945011759 31.9625119853 34.6559215561 34.6969186948 34.0962234648 33.5109611649 33.5294039957 32.9387370736 33.2181199639 33.303896171 33.9724948639 33.1818689483
32.2977847045 34.3423539374 32.3348763943 34.3141513446 54.9394195111 54.9394195111 54.9394195111 34.387766087 31.8293372949 34.7142731776 32.2549409868 31.8133058633 33.4662396904 32.6100839354 34.2307612526 33.5676588048 32.1328486616 32.4297222002 47.4888887061 32.3009288933 31.7814703301 33.6467189706 34.6560711062 32.7645093981 33.2389573185 33.7210482376 32.4601313148 34.824570517 32.3587483517 34.788843445 33.9132630832 32.9340335562 33.8062281212 32.6957671645 34.6434219474 32.1990135993 34.730991826 33.7889738112 32.1057730279 34.8317949519 32.0088050578 33.1783643008 33.3841078522 31.7391264498 33.9774483266 32.7441118263 33.7138950629 33.5662912131 33.2919717724 33.0019549869 34.4606198158 32.634881389 33.2852014325
34.3841851 34.8479569267 33.7842898502 34.0127497971 54.9394195111 54.9394195111 54.9394195111 33.7996956031 34.7157347408 32.8257329592 33.659413169 33.5811113367 32.5151532275 32.1714482284 34.9766503812 32.165296536 60.2678543778 60.2678543778 60.2703489833 34.6993403588 31.9582617817 32.539677052 34.0582485754 34.9099286821 32.6607930168 34.4134977775 32.633468656 33.0081003216 33.7856198498 33.7141201225 32.35613072 34.7406625394 31.8130185055 32.4209831746 34.6287679708 32.457421137 34.2445063004 32.4264232568 33.7005079802 33.8526063464 33.6572754944 34.9672871866 34.2038884073 34.0450568988 33.3321050588 32.3474621709 32.2548188646 32.4994200246 32.7447107781 33.0567050344 32.5953086826 32.7934024543 32.8530931783
32.8500821721 33.0590064238 33.1224981469 32.228862279 33.2699354714 31.6665208177 60.4040386286 62.6489051276 34.0378042507 32.3027251969 32.187019879 34.140537732 34.166230973 33.5757992882 32.8108062876 32.1647622811 60.2678543778 60.2678543778 60.2678543778 33.8198775204 33.6478688268 32.8002225499 34.6195470288 34.0730395732 31.7529517471 32.9039845531 32.7754236295 32.5034623365 31.5257002725 32.9681392147 31.7896233838 33.0072199784 34.3010128503 32.1965809846 34.3837452686 32.7248212293 31.5330343837 34.8207351532 33.7526784743 34.2101284506 34.1148149042 34.6025730692 33.498699165 33.2347122112 34.8410987311 34.1706528467 34.5678827067 32.459686537 31.9455854522 31.6707085361 32.9042535807 34.4032863473 34.5846591346
33.3906294198 33.3859008766 33.3936920698 34.4215989899 34.9880116153 62.6489051276 60.4040386286 60.4040386286 33.3218817715 33.3164784866 33.6388085917 33.6407697829 34.3559408053 34.5432715058 34.1627888993 64.0289502502 64.0289502502 64.0289502502 33.2149353803 34.4127455159 31.5930219379 34.2329190216 33.2119888695 33.9523912337 32.182230802 33.2181763484 33.4197811166 34.3455321462 33.7991742243 34.9745340354 32.8205088156 32.0668595869 34.5689784119 34.4042948559 32.9736518114 33.2745302787 31.5879814179 33.7488018131 32.0073124387 34.7398840935 31.5597738846 31.7582187375 31.587720173 34.7306657671 32.6053205147 33.0467907561 34.7045139829 34.4436438475 34.9423397397 32.9118340204 33.2168778883 33.6262026433 32.6118917655
32.5004688875 33.3289894642 31.6717746632 32.9318957979 31.7401103198 33.6555222821 60.4040386286 35.0003629398 32.6261643901 32.0874199279 33.091069031 34.5543022438 34.3143964304 33.2783512 32.6675039577 48.7587570348 64.0289502502 64.0289502502 33.8855490837 34.2486963686 34.3820002566 33.8772707464 33.7732769262 33.9785390714 34.9462248611 33.9529459513 33.4078863788 32.5496344764 34.3582021092 33.5663335603 33.5640198189 33.0356709504 33.144631534 31.9774369795 31.5591824929 33.3143726424 32.9260497277 34.0403484433 34.3691554926 33.7654534367 33.3349991557 33.0870808151 31.8131561459 33.6627007862 34.8891464692 31.8024401072 33.988937105 33.6237247378 34.5688353838 35.0285659125 32.8777039836 33.9718705713 33.1035504108
33.5785355713 31.6909118311 33.7510867694 32.0920115979 33.6125142723 33.7883658939 34.0638192516 31.8502390942 34.6369707739 33.6521759753 33.1412850681 34.1393799722 32.0733565293 32.1611616969 34.4846534258 64.3866203844 64.3866203844 32.4170946152 32.4719317403 34.7593139817 33.8969316547 32.5421123722 31.8060259813 31.6120637581 32.1567782296 33.3481001655 31.5748007151 31.718834086 32.0461597422 34.7425117188 34.7340660447 33.1954267052 32.7742608964 34.666598788 31.6646922188 34.3615716548 35.0246419235 32.8408715135 33.6380989173 33.4481304664 32.9214149644 32.1421933024 33.3451296116 32.6780309486 33.5389744773 32.7530274066 32.076660813 34.5804963316 34.7419344895 34.0113595744 34.7102543616 33.3523042056 32.6663977692
35.0091783763 33.98735121 34.8528852696 33.7074877307 33.3025598083 33.0542896701 32.9475934913 32.7958654051 34.6000306512 33.778523259 33.6815274084 33.759913898 31.9985631205 33.4034103067 33.7626395917 48.4392124031 48.4392124031 48.4392124031 32.1948701571 31.9622385248 32.7188490644 32.5096129339 33.8719186327 34.1618419817 32.6494810637 32.5699947426 33.7552094868 32.5228468122 33.260298256 32.2727105459 33.4307098256 34.0130248633 34.3775307873 32.0950406532 32.7212427174 32.8901476497 34.2719929135 33.1177410818 33.5918641525 34.0064450033 34.3640226417 33.8132357045 32.3516977196 34.6108179273 32.7722860265 34.2111036689 34.2901974333 33.734569812 32.4056793298 33.0564088816 32.6915028555 32.6682685369 31.5471191581
63.3921128377 33.7422324438 32.3723898214 34.9093257966 31.5814500895 32.7390523272 55.2045082054 34.4717340659 33.1887425105 33.8831272337 34.9505332507 33.5573407818 34.8954748379 32.382543207 32.3728157304 48.4392124031 48.4392124031 48.4392124031 32.3889224253 31.8758169683 31.6985282347 34.0363207608 32.9079214359 34.6690264098 33.9622658839 31.6792706597 34.2361974667 34.8588665148 31.6836435886 34.4673661857 34.348931746 34.0184938463 31.9682872932 33.0904846127 34.5026223768 34.0048076713 32.4076341619 33.8953517102 33.2353499432 34.8651845178 33.5170973067 34.0677560366 35.027815529 32.8999689327 32.0542186891 33.671457425 32.3884353098 33.9929954758 34.9121466749 32.6166970187 32.1063435789 34.1790494932 31.566222567
33.7093470509 34.9868968142 32.6174230294 34.9504116476 31.7121491126 55.2468929198 55.2468929198 31.8843173375 32.9712355163 31.7350889704 31.9084722351 34.5707800443 31.6110295166 33.8081088196 32.7385828067 33.6629097533 48.4392124031 33.8341575871 33.2347922896 34.9906187608 34.6537793131 34.8356157886 33.797259551 33.132376344 34.1381160086 34.8085098034 33.5600981987 34.6817489119 34.8376383777 32.5101852815 32.1978215959 34.5220704938 33.7614469865 34.7738244308 32.5783219093 34.9023394422 34.4796158813 31.6586187689 34.166779551 31.5933222488 33.8639612202 31.8162021301 34.6866940081 32.6274118826 32.0565352091 31.6064311793 33.8163139588 33.3045860015 34.631865247 34.8468008907 33.0998910897 34.5719832527 32.6811218493
32.9780482604 34.0024719031 31.995320627 32.0321171232 32.338379254 31.5098641388 55.2468929198 32.26357161 32.4714541847 31.6910938135 32.2447024617 33.9945935359 32.464172967 33.4766330669 31.9388984182 57.8916468807 57.8916468807 66.930294671 34.786712171 33.3299790841 33.6779651595 32.4127556758 34.0414431577 31.9772281993 34.6005282159 32.5276428425 32.7074184864 33.8392828569 31.7249441197 33.3022560364 34.3972058883 34.1752098577 34.5698049745 32.440327512 32.3334434817 34.4043961138 31.816887792 34.8002697147 34.8424154809 31.617422136 31.5069951331 32.2776471686 33.3706952855 34.4985829694 34.711889529 34.8214719677 34.1147067868 34.9971290605 34.4245729753 34.6094359102 32.1412093441 35.0133888952 33.6423549374
33.961448095 32.8240171676 33.0924566342 33.2643673207 64.8253117051 34.9318160048 64.8253117051 64.8253117051 34.3622163257 34.4374999202 32.6931043266 32.8455294365 33.1035668718 34.4821095281 33.4648668442 57.8916468807 57.8916468807 57.8916468807 33.0097494072 33.3318238172 31.8201603892 31.8311600552 33.311740825 33.4052035756 34.1880332853 31.6000984389 34.0516857879 33.9446804703 32.0547752696 32.0587586641 31.8876533267 32.7862781815 32.351709286 33.3808457258 33.6946759082 32.386627461 34.0997395898 32.5573293126 32.8210417781 32.2231367899 32.2998106163 33.8026521661 32.4531441366 32.8056460073 34.1184490804 34.6784621606 33.6316626787 31.9443290363 32.3090709491 32.3799580633 32.698824939 34.7160987627 32.456562557
