Spatial_Output/BAU/BAU_0483.asc
NCOLS 155
NROWS 192
XLLCORNER 196769.923733
YLLCORNER 449719.875193
CELLSIZE 27.603701
NODATA_VALUE NaN
[rows 115 to 137 of 192, columns 0 to 52 of 155]
0 0 0 0 0 0 0 0 0 0 0 0 0 0 0 0 0 0 0 0 28.2238576135 27.7840909258 28.0263234175 27.9630318201 27.8226765166 27.3902411412 28.2130669867 28.3595620638 27.7857322187 28.0764808998 27.6730771639 28.2390086923 27.0586351054 27.6314861792 28.0481037725 27.1254859013 27.5531812908 28.2092024156 27.487022435 27.0651299755 27.4892351015 27.3952082306 50.8733691651 62.7698714664 27.6630965459 28.1633051388 27.6205415767 27.8758634526 27.5193582793 28.3502703777 66.6681145267 72.9971733393 45.6719605614
0 0 0 0 0 0 0 0 0 0 0 0 0 0 0 0 0 0 0 0 27.169307948 27.5634059143 28.0897191622 27.5365754855 27.4574947426 27.283359374 28.3730540838 27.8494027888 27.0920097487 27.4477785488 27.4531528659 27.1837987251 27.9501911701 28.4092053828 28.4037286525 27.5680371138 27.4743962045 27.0026238314 27.8974459967 28.2455841077 27.8285901752 27.6028285982 62.7698714664 62.7698714664 62.7698714664 27.1575624133 27.7134269336 27.4353432958 48.7305417291 28.1211819536 66.6681145267 72.9971733393 59.1194473898
0 0 0 0 0 0 0 0 0 0 0 0 0 0 0 0 0 0 0 0 0 27.9323104107 27.9828156333 27.9137055013 27.4032397464 27.5250049519 27.2569161425 27.9442686876 28.3076752956 27.7468318334 28.3874426688 28.3643145131 27.0267355969 27.8733309169 27.6575177184 27.7687745055 27.0136584997 27.1452430426 27.915704348 27.6600967696 27.8668086308 27.5527190095 28.2108583899 50.4220601322 50.4220601322 27.7614062038 27.3073438863 58.0891250445 74.3330460567 43.4708842383 27.4388677281 27.1695826967 27.7446476845
0 0 0 0 0 0 0 0 0 0 0 0 0 0 0 0 0 0 0 0 0 27.9775403154 27.2723431957 27.4325957052 27.7285441276 28.0361339304 27.3656127419 27.465255193 27.2422937635 28.2791813066 27.7555594712 28.0552275643 27.5690040876 27.3317841738 28.4011440414 27.4035075413 27.843041281 27.0912974667 28.1554238879 27.8147936743 28.3715310121 28.0631530002 47.1687321577 50.4220601322 50.4220601322 73.2606476128 73.2606476128 74.3330460567 74.3330460567 74.3330460567 27.125588373 28.3555741361 28.1843928695
0 0 0 0 0 0 0 0 0 0 0 0 0 0 0 0 0 0 0 0 0 0 28.3346693456 28.1150050882 27.3636606623 28.2408927791 27.1016714751 28.1597544073 27.0072053215 27.3539979711 28.1062946238 27.6694932493 28.4004402734 27.5416272421 27.4127774753 27.6445529509 27.3563105908 28.3900539344 28.0002085375 28.1447802923 28.3377816066 27.5408637779 27.6782501168 27.2350368561 27.2799006235 73.2606476128 53.2765969566 53.2765969566 74.3330460567 60.4398500568 27.1687492617 27.8411541765 27.8458735357
0 0 0 0 0 0 0 0 0 0 0 0 0 0 0 0 0 0 0 0 0 0 27.8154291919 27.4561889554 27.856343834 27.1926818581 27.0723687843 27.644158148 28.1019714298 27.5908939749 27.3394215043 28.1993532715 27.9266358021 27.1644794955 28.2731394223 27.1097439626 27.0959237056 28.2050648209 28.1160928648 27.6244458899 27.7514357753 27.408206689 27.4387741153 27.301525262 27.2261839099 73.2606476128 60.6303907042 53.2765969566 53.2765969566 60.4398500568 66.6115313984 27.3478053847 27.2602406322
0 0 0 0 0 0 0 0 0 0 0 0 0 0 0 0 0 0 0 0 0 0 0 27.3909071081 27.6711088888 27.019010015 27.649304377 27.0455056755 27.2309554732 27.2029169738 27.7789528013 27.1854135998 27.5071222945 27.6213764921 28.006684521 28.1508646324 27.2697820226 27.834303805 27.2340382762 27.394766245 28.2376104334 28.3496500718 28.0106346158 27.3528513133 28.2617866378 28.2399056661 28.4114713938 28.409065797 40.3210066407 68.7673288637 68.7673288637 68.7673288637 28.2647821838
0 0 0 0 0 0 0 0 0 0 0 0 0 0 0 0 0 0 0 0 0 0 0 0 27.9310880322 28.0443383925 28.1098069219 28.3211191416 27.4228289357 27.3673306905 28.1435362191 28.2932878776 28.1317689633 27.9428582696 28.3195572627 27.9819883215 28.365247727 28.2337664608 27.2905050226 27.8000618632 27.9212795945 28.337475104 27.0583675941 27.1578991207 28.1958793483 27.8460757049 28.0359647113 27.8762638465 27.3029449262 68.7673288637 68.7673288637 28.2954881315 27.8855471285
0 0 0 0 0 0 0 0 0 0 0 0 0 0 0 0 0 0 0 0 0 0 0 0 27.1412236867 28.0779191812 28.046998749 27.4225542984 27.2131328423 27.1346391941 27.4780931837 28.2411961967 27.1599511585 27.0611269884 28.0506336728 27.3957313359 28.2340245233 27.2157174328 27.9159183584 27.95371286 27.4189491451 27.3810176793 28.3731382199 27.8826117256 28.4133420696 73.8478570686 27.3908556855 47.3228255563 27.1558473749 68.7673288637 27.5894510049 46.9415572568 27.303398028
0 0 0 0 0 0 0 0 0 0 0 0 0 0 0 0 0 0 0 0 0 0 0 0 0 27.8475354072 27.8834423798 27.4887914415 27.5920507062 27.2325105747 27.4135250215 27.5621340421 27.0254400298 27.5879599973 28.413042014 28.2750363275 27.5158542815 27.9688083372 27.5734946132 27.8762262137 27.8965966131 38.3902501637 38.3902501637 37.9599191679 73.8478570686 73.8478570686 73.8478570686 47.3228255563 27.5985213658 74.6818632075 28.285689469 27.0628463312 46.9415572568
0 0 0 0 0 0 0 0 0 0 0 0 0 0 0 0 0 0 0 0 0 0 0 0 0 28.2863011516 27.9111943251 28.0675534729 28.0897477731 28.001272498 27.1936373955 27.6864419765 27.7125959903 28.1923609588 39.3036073861 39.3036073861 48.5543645282 48.5543645282 28.3820441182 27.6651382765 27.0353308961 28.386371299 38.3902501637 38.3902501637 27.7442603889 73.8478570686 61.3527697635 47.3228255563 28.1029954563 27.1563430829 27.5047316102 27.1781252646 27.5453185499
0 0 0 0 0 0 0 0 0 0 0 0 0 0 0 0 0 0 0 0 0 0 0 0 0 0 27.6472039776 27.3208368414 27.2987780311 28.2070232526 28.1166577 27.4680620343 28.0028660933 27.5923705347 39.3036073861 39.3036073861 39.3036073861 27.5818611106 27.9527969775 27.916239702 27.6870084549 27.4091727225 27.0102181921 27.2098301405 27.3298157836 27.9056939818 27.2537852677 27.9260167712 27.3986460489 27.2741213643 28.2591396754 27.2578868683 27.4142838072
0 0 0 0 0 0 0 0 0 0 0 0 0 0 0 0 0 0 0 0 0 0 0 0 0 0 27.0654600531 72.9415984705 27.919433133 50.7713178332 60.6915325904 60.6915325904 70.4051761451 27.5192988089 56.9334078714 39.3036073861 27.7396625069 28.141988378 28.2785317907 27.1025001547 27.5838843751 27.6003081902 28.0142270257 28.2122474491 27.4730254609 27.7987736346 27.3833595548 27.8694016925 27.6608823152 27.687830345 27.4538035393 27.4584230971 28.1565673433
0 0 0 0 0 0 0 0 0 0 0 0 0 0 0 0 0 0 0 0 0 0 0 0 61.9461764311 55.1102232965 54.2861080674 27.6196889171 50.7713178332 50.7713178332 60.6915325904 60.6915325904 70.4051761451 28.0645906425 27.2218098169 28.1576577457 28.3798996962 27.6266891036 28.2940675819 27.696702727 27.0397515483 27.9313935858 27.0773952008 27.0615722191 28.3784091186 27.4629025362 27.1950046846 27.2700202366 27.7223523361 27.8710990757 27.9773483968 27.5319238482 27.0633247453
0 0 0 0 0 0 0 0 0 0 0 0 0 0 0 0 0 0 0 0 0 0 49.1502222016 57.1288272509 38.9995838863 54.1521811079 54.1521811079 54.2861080674 51.5244833397 50.7713178332 28.1438571078 60.6915325904 27.7058083301 27.9117271476 27.3946085713 28.0842204875 27.6797834852 28.1930123207 27.6921354814 27.6235326345 27.5715473458 27.0830881864 27.6074595192 27.5143913361 27.0186575698 27.7125245034 28.1180346964 27.6338179994 27.1637313238 28.1375686226 28.0849413327 27.0400952219 27.0431093116
0 0 0 0 0 0 0 0 0 0 0 0 0 0 0 0 0 0 71.1799600804 84.5830306755 56.9342799797 74.6449795062 53.2816909863 53.2816909863 56.7487245024 54.1521811079 56.7487245024 55.2214469559 27.8089807179 27.7367023286 27.3214827596 28.1829418885 27.2732761495 27.9629364473 28.4122073083 28.33134357 27.6015493143 27.6698676207 27.8578940689 27.0005010271 27.2911648535 27.259602707 27.7344882123 27.4466950904 27.8164184559 27.181304134 27.3212312048 27.827819117 27.8728130431 28.0136401684 27.524292634 28.3989173775 27.2178778824
0 0 0 0 0 0 0 0 0 0 0 0 0 0 0 52.5036663409 40.1645219674 42.5976303698 48.9928020073 56.9342799797 56.9342799797 56.9342799797 74.6449795062 53.2816909863 53.2816909863 38.9995838863 58.3494605592 0 0 27.7624518753 27.9017354803 27.6134065769 27.8112554029 27.3548558896 27.1554918566 27.7784003055 27.4300996432 27.2409487594 27.1133549083 27.9535399888 27.1625458057 27.5582487223 28.1377987173 27.2632612298 27.7085578449 27.2300376778 28.0592002888 27.7896481224 27.7743279655 28.3074588563 27.2875770404 28.0549355169 28.3048849578
0 0 0 0 0 0 0 0 0 0 0 0 0 0 0 41.0681074199 43.0904903931 39.1684610345 69.0696104477 48.9928020073 56.9342799797 56.9342799797 74.6449795062 39.20994422 59.0262563568 67.0462773359 0 0 0 0 27.8757321434 27.4396665507 27.541039409 27.4946196625 28.3880612093 27.7069095253 27.1650960612 27.3920059378 28.3387577735 27.8784897822 27.9219722077 27.6099766612 28.1678226944 27.9069072509 27.31924509 27.5553937945 27.5954039663 27.7495462469 27.1831286795 27.9426867876 28.3910724104 27.2900270272 27.4159228867
0 0 0 0 0 0 0 0 0 0 0 0 0 0 0 52.9162172252 53.9906383431 51.3421294349 46.325457803 48.9928020073 84.5830306755 0 0 0 0 0 0 0 0 0 28.1950563022 28.1086690254 28.2111746435 28.1491973088 27.0341393652 27.621815809 27.1000404216 27.7045230678 27.0605264261 27.1032063922 27.9877872425 27.2100960471 27.6688807849 27.1551048297 28.1192896113 27.6368572693 28.188314209 27.7552293018 27.4130933804 81.0010708802 81.3159321758 27.5921351298 66.2167887385
0 0 0 0 0 0 0 0 0 0 0 0 0 0 0 54.9298290747 46.0031411957 69.0696104477 76.3557584598 0 0 0 0 0 0 0 0 0 0 0 0 28.2904439071 27.6699080562 28.275072924 27.2121641156 27.4156864898 28.4067604969 27.5904574592 28.1088218534 27.8145481865 27.8485003257 28.2354419687 27.3145673315 27.2802904252 28.4141030393 46.2106870649 27.5757198653 46.3510853728 27.1755964713 81.3159321758 81.3159321758 81.3159321758 27.2088440521
0 0 0 0 0 0 0 0 0 0 0 0 0 0 0 0 0 0 0 0 0 0 0 0 0 0 0 0 0 0 0 0 27.4248530721 28.1022577836 27.1154288468 27.8198644772 27.2110947884 28.0436563046 28.3463210931 27.4033717943 28.1386506099 27.2289292334 27.5897730575 28.1533809474 38.4704335033 46.2106870649 46.2106870649 27.4818764922 27.3206883262 28.0123309818 81.3159321758 81.3159321758 27.0577919521
0 0 0 0 0 0 0 0 0 0 0 0 0 0 0 0 0 0 0 0 0 0 0 0 0 0 0 0 0 0 0 0 0 27.7898094478 27.0227441434 27.4031014469 28.2293798318 27.5988870283 27.5054997186 52.3397470411 52.3397470411 49.4021504899 49.4021504899 75.3228407236 38.4704335033 46.2106870649 46.2106870649 27.0947919127 27.5339630129 27.5735485829 27.4576511175 27.8886112547 27.0883105738
0 0 0 0 0 0 0 0 0 0 0 0 0 0 0 0 0 0 0 0 0 0 0 0 0 0 0 0 0 0 0 0 0 27.5077840932 28.1304713363 27.1869755011 27.4828787284 27.1569741829 27.2749175759 52.3397470411 52.3397470411 52.3397470411 49.4021504899 28.0682740228 28.0586509433 38.4704335033 27.3671819148 28.2622641086 27.0650450745 27.3258826046 27.5005172135 28.2936585958 28.3726058326
