Spatial_Output/BAU/BAU_1170.asc
NCOLS 155
NROWS 192
XLLCORNER 196307.867259
YLLCORNER 449144.565805
CELLSIZE 33.573938
NODATA_VALUE NaN
[rows 75 to 99 of 192, columns 0 to 55 of 155]
69.2314019752 45.4291857032 43.2357644943 43.2357644943 43.3590544435 43.3590544435 58.1193782535 58.1193782535 43.1493072925 43.1493072925 43.0017820988 54.4132794622 27.86600019 27.5429788897 27.5325119838 27.9259900581 28.092248339 27.8247899866 28.0365849659 27.7263696275 27.5580425485 27.9019707326 27.736189777 27.8729523286 28.0663637126 28.0773656417 27.6607494046 27.9907740685 68.2557907989 68.2557907989 27.9725566457 27.9045289514 27.8402587268 28.0182557514 28.1311861767 27.9483661327 79.8613874421 38.0746857834 79.8613874421 27.6461643283 37.2320397214 37.2320397214 37.2320397214 50.2218561106 28.0806693505 28.0687539921 52.9853994029 52.9853994029 52.9853994029 52.9853994029 27.8973769313 28.0298569494 27.7208917786 27.8322668622 28.0393421979 47.4488826382
0 45.4291857032 43.2357644943 43.2357644943 43.3590544435 43.3590544435 58.1193782535 43.1493072925 43.1493072925 43.0017820988 43.0017820988 43.2710678794 27.6641488723 27.7481887536 27.6287556246 27.9307316537 27.7096781303 27.6951925065 27.9095383089 28.1452964 27.9156538729 28.0207770603 27.6867929188 27.9241227196 27.5641891143 28.0101588806 27.8808899142 41.3789603612 68.2557907989 68.2557907989 68.2557907989 28.1955332994 27.8853577565 27.7818401668 28.180554732 28.113171714 38.0746857834 38.0746857834 38.0746857834 27.6301250789 44.9247100474 53.9913654507 53.9913654507 48.754192532 27.6742753612 27.9238049839 28.0350669745 28.0940040054 28.1176639539 27.9394221843 27.5250311021 27.585176996 27.7118083402 27.5213061463 28.1683221627 27.535656578
0 0 68.9333533432 0 58.3068292644 43.7452679597 58.1193782535 44.7119450624 43.1493072925 59.9807727217 43.0017820988 55.2681097471 27.7616948041 27.5294127315 27.7303188695 27.8311983027 27.6185628709 27.7972281005 27.7224238571 28.0699925576 28.102151306 27.5576763694 27.9663090582 28.0310742696 27.5261256123 28.1778540843 27.5164761954 27.5424432575 85.6057032107 41.3789603612 85.6057032107 55.3786961163 43.4641288173 62.4600029943 27.5834344679 73.9850607588 66.7230819824 38.0746857834 51.6797440773 27.6479225518 27.710683357 53.9913654507 53.9913654507 50.2657248858 27.7976346569 27.8225456574 27.5359383449 28.1178353361 28.0730948562 27.7193238734 27.7536623879 27.8791467683 27.8225771282 28.0007313661 27.6557065317 27.6297963099
0 0 0 0 43.7452679597 43.7452679597 44.7119450624 50.2615269702 43.9272737416 43.6663901563 44.3688634245 43.4996787868 73.1104034245 27.8783607281 28.0844734498 27.778138934 27.7551223807 27.5731255125 27.8545967872 27.8293060099 28.1292737754 27.863676316 27.7822267243 28.1760054832 27.5937959259 27.5863229171 28.050144321 40.7608544427 60.8111012206 60.8111012206 55.3786961163 55.3786961163 55.3786961163 61.9909870658 61.9909870658 61.9909870658 66.7230819824 83.0176755637 50.0657665603 66.883391654 50.5424724903 67.8198651427 56.3267267136 58.9226699879 27.8609334256 61.8155049724 48.3006317625 27.5972041618 57.3611208422 54.4588207309 27.7998291206 52.4284306716 28.0011852198 60.8656899186 28.1625500414 67.0756151431
0 0 0 0 44.9185358791 43.7452679597 44.7119450624 50.2615269702 43.9272737416 43.6663901563 44.3688634245 43.4996787868 43.4996787868 27.9914880897 28.1632758896 27.8947966978 27.5529754834 27.7981284146 27.9169871414 28.0295916325 27.8402508995 27.9786115763 28.052177329 28.2039454819 28.1104748767 27.6369777987 27.6095132088 56.4707353413 60.8111012206 60.8111012206 65.8663175066 55.3786961163 43.4641288173 61.6615093278 61.9909870658 61.9909870658 66.7230819824 46.4118556512 46.4118556512 50.5424724903 50.5424724903 67.8198651427 58.9226699879 58.9226699879 27.746467732 48.3006317625 57.2673921218 57.3611208422 64.9103519915 64.9103519915 64.9103519915 52.4284306716 60.8656899186 60.8656899186 67.0756151431 67.0756151431
0 0 0 0 0 44.9185358791 0 0 60.3958482826 59.9807727217 52.498118026 62.365364434 52.8193304746 27.9772856027 27.7780488488 28.0880410327 28.1200319528 27.8253282491 27.7342593246 27.7127093632 27.7954930224 28.1645549962 28.0031847463 27.6132003319 28.0305154877 27.743150232 68.0528658051 40.0415738787 60.8111012206 56.4707353413 27.9461754981 27.7018874965 27.7242233882 63.3754974498 27.636691768 27.5729874943 27.5974452519 46.4118556512 46.4118556512 66.883391654 50.5424724903 67.8198651427 58.9226699879 58.9226699879 27.6699092096 57.2673921218 57.2673921218 57.3611208422 64.9103519915 64.9103519915 57.4318959595 52.4284306716 27.571064336 60.8656899186 27.8572501086 67.0756151431
0 0 0 0 0 0 0 0 0 0 0 0 0 0 27.9623519319 27.6881078755 27.8194404539 27.5173120145 27.7950443684 27.7650958329 27.6824401933 28.0908103585 27.8142360792 27.8086964688 65.6187237806 65.6187237806 65.6187237806 40.0415738787 40.0415738787 28.074832703 27.50722779 27.8616012522 27.5600578136 27.6286740504 28.1618019743 27.9657228875 27.8211762385 27.8581117056 27.8139743092 27.7050052446 28.1341359015 60.5254416458 28.1575164679 60.5524891511 27.7394252805 28.163955957 55.5787051566 56.8681833174 56.8681833174 41.3730261882 41.3730261882 28.1466317066 28.0782290853 28.0129602271 27.7243730655 27.6642986352
0 0 0 0 0 0 0 0 0 0 0 0 0 0 27.5717038122 27.9757090751 28.1422215946 27.5414859814 27.526568148 28.012352526 27.6601543132 27.7813289756 27.6522144407 28.1592778805 77.3754283937 65.6187237806 65.6187237806 27.6218471374 27.9052786043 27.6291952926 27.500925706 27.7187788174 27.6472597174 27.8732151544 28.0623467702 28.0787365243 27.8301731654 27.8119016551 28.1525590695 28.1951900366 27.7958778826 28.141807212 27.6688219947 27.6010728122 28.1838401509 27.884324796 28.0780203759 56.8681833174 51.6162358779 41.3730261882 41.3730261882 28.111427254 27.7378005228 28.014072057 27.6551123306 27.5324029522
0 0 0 0 0 0 0 0 0 0 0 0 0 0 27.7524000968 27.6253832125 28.1472324636 28.0310890268 28.0186737606 27.6565157902 27.7185311788 27.9493412942 58.627105405 58.627105405 58.627105405 77.3754283937 65.6187237806 27.7653632936 28.0434629235 27.8575568363 27.5384161205 27.5562145977 28.1902647969 27.8923910327 27.7522459255 27.8611418757 27.6455243119 27.9946899024 27.8523766909 27.6610779604 27.7442782819 27.5089855109 50.2362717481 27.9584008906 27.8643607493 27.8089530551 27.96854906 82.4066979945 51.6162358779 51.6162358779 51.6162358779 27.8489035586 28.0114015254 28.156129231 27.8291022173 27.545101309
0 0 0 0 0 0 0 0 0 0 0 0 0 0 28.0350204891 27.7366994281 28.0375720169 27.7360738639 68.6779938861 50.9231080113 50.9231080113 48.5595664651 41.7831784893 58.627105405 58.627105405 27.5829611862 28.0059498441 27.6914645695 27.7862105001 28.1360178621 27.7084035562 27.7723979303 27.6802020153 27.7686459508 27.9732206882 27.9108442507 28.0598084005 28.0891004146 28.0455644525 27.8053858454 27.8942460405 50.2362717481 50.2362717481 50.2362717481 27.5750071371 27.5684014758 27.6455106229 67.4511169897 67.4511169897 52.0336687074 50.9653620112 27.5614398435 27.7148064745 27.69392431 28.1653207824 28.1220898417
0 0 0 0 0 0 0 0 0 0 0 0 0 0 27.8300283383 27.6379652629 27.6209736367 27.842371042 45.0244478819 50.9231080113 50.9231080113 48.5595664651 41.7831784893 72.5293061808 58.627105405 28.0616362548 27.7687046629 28.0229099851 27.8678371788 27.8689155772 27.5441060027 27.6419553356 27.864867063 27.7180892888 28.0342725836 27.8114151132 27.9757799141 28.0213703499 28.1331702894 28.2042106486 27.7057853463 27.7261005607 27.821387186 50.3061888845 27.8397609383 27.6051137571 28.1780347058 67.4511169897 67.4511169897 67.4511169897 55.7734756221 27.783325825 28.130914782 27.8076217836 28.1636543293 27.911755636
0 0 0 0 0 0 0 0 0 0 0 0 0 0 27.9079080941 27.7772378364 27.6291951044 47.7165500051 52.1552074164 52.1552074164 50.9231080113 47.961068818 27.9679575219 28.0103141744 27.9397180169 27.706713663 28.1365778857 27.5736694038 27.6208904211 27.8007161954 27.9047996221 27.8830312456 27.7943707872 27.9011512559 28.0658449281 27.6315398441 27.6800921068 27.736291222 27.6242472339 27.8711057988 27.8898949904 43.2961020548 43.2961020548 43.2961020548 27.9782947607 27.8911832578 27.9974195755 50.041601708 47.5290832902 55.7734756221 55.7734756221 28.0380875262 27.9378554698 27.9954220114 28.0557677456 27.550966559
0 0 0 0 0 0 0 0 0 0 0 0 0 0 0 27.8373891279 72.662702979 49.8395323689 52.1552074164 52.1552074164 27.7396127142 27.8443158851 27.7816771202 27.8627284459 27.6454216237 28.0853662583 27.8318890428 28.0037547978 27.8970426162 27.6820692055 28.0606413281 28.056310691 28.0421053897 28.1874922386 27.540677672 28.0299679371 28.1495831756 27.8388937219 27.844208627 27.8386521517 27.5158300214 27.6514907629 43.2961020548 27.770030393 27.8514636888 27.5559072779 28.1350009882 47.5290832902 47.5290832902 47.5290832902 71.8625517306 27.973388452 27.6809124286 28.1853093482 27.5893034136 27.8828848506
0 0 0 0 0 0 0 0 0 0 0 0 0 0 0 47.4686390646 59.8146407029 49.8395323689 49.8395323689 54.8014364205 27.7278799909 27.5070070334 27.6527136084 27.9307453162 27.9150293777 27.9682462403 27.7515557905 27.625156213 27.652301235 27.6762483438 27.8836858463 28.1054239195 27.9226454447 27.6369040945 27.7026726055 27.9295972004 28.0349534353 28.1438629127 28.0553933585 27.6454967615 28.044670043 28.1848504414 28.1441589354 27.5782333928 27.5546109926 27.551011122 28.1858804055 46.3285150425 46.3285150425 71.8625517306 71.8625517306 27.8880765873 27.5810302205 27.8911257004 28.1235118292 27.635560018
0 0 0 0 0 0 0 0 0 0 0 0 0 55.2546119818 64.072257144 47.6719143564 59.8146407029 59.8146407029 80.6789340143 27.9735240513 28.008228557 27.8541713088 28.1257359253 27.9247812095 27.561615565 27.7781306023 28.074183924 27.9123046199 28.1841511974 27.9400793449 28.0261299698 28.1059615367 27.6062699088 27.5653419691 28.1740763419 28.1746054669 27.7215818705 27.6462963307 27.8756945203 27.5105999935 27.9411572515 27.5333398862 27.9311958918 27.5179908441 27.9738801419 27.7563091147 28.0448687715 56.3198032481 46.3285150425 51.5639999591 51.5639999591 27.9777020494 27.6013193279 27.6352372878 28.0105952658 27.6129555439
0 0 0 0 0 0 0 0 0 0 0 0 53.7020202791 71.8746734341 51.6292499931 51.6292499931 47.6719143564 50.0498502437 27.7824601585 27.7924218501 28.1796408125 27.7577831242 27.5488826179 28.1469551946 28.1449834236 27.8274617104 27.7809455804 27.5501200448 27.7636670599 27.5441230109 28.0973367337 28.1848918437 27.9620874255 27.5927141895 27.7079873899 28.0256482349 27.9077297783 27.5171050747 27.895687635 28.1241631905 27.6845608334 27.9838194845 27.6867187319 27.6347239294 27.8833399964 27.5478161561 27.7401557767 56.3198032481 51.5639999591 51.5639999591 51.5639999591 28.0147161443 28.1203560304 27.9458852602 27.9070540606 27.9205657125
0 0 0 0 0 0 0 0 0 0 0 53.0230016906 22.9357856242 71.8746734341 51.6292499931 51.6292499931 89.2802903548 0 0 27.9459360102 27.8827669429 28.1749681857 27.5846251345 27.8595512393 27.6533728013 28.0217282243 27.5236833007 27.5603615164 27.9860250757 27.5877125528 27.8295945995 27.5446662575 28.0981291553 27.7096402209 27.7252716992 27.9112100227 28.1168147236 28.1268737792 27.6980603777 27.877661456 28.1161029938 28.1625245741 28.1402764852 27.6580694987 27.8267503382 28.2050095913 28.0464024183 47.4031142929 57.4235412426 53.5951955964 53.5951955964 44.7233100034 28.0770077482 28.0986786396 27.8007765695 27.6295319457
0 0 0 0 0 0 0 0 0 0 56.8006358188 32.9068527181 56.8726139433 71.8746734341 80.297005171 64.9496157999 0 0 0 27.905061449 27.6823684116 27.8616856817 27.7677367025 28.0587675028 28.0806860941 27.9210154709 27.8251571121 27.7782721856 27.9599214412 27.5956343408 28.0744816601 27.9427402915 27.6918893228 27.6804907646 27.6454132234 28.1420891191 27.8564587038 28.1197341014 28.1319634333 27.5003639229 28.0055808004 27.9972575662 27.7265847966 27.8466420391 27.6802928425 27.9471414255 27.9690771365 39.8252573099 53.5951955964 53.5951955964 53.5951955964 53.5951955964 27.5945805748 27.9540223028 27.6889422016 27.9285857613
0 0 0 0 0 0 0 0 0 50.1121363676 56.9109009515 32.9068527181 32.9068527181 56.8726139433 0 0 0 0 0 0 27.9465025371 28.088847687 27.502646422 28.1654697135 28.1906677968 27.5715722764 27.6278027802 28.1026190233 27.5515914774 28.142504545 27.8150746882 28.044619895 27.850007741 28.0395068422 27.6377740031 27.6977369456 27.69322664 28.1090870929 27.9683663499 27.701132721 28.0028639872 27.9575889326 27.9734839689 27.6072053375 28.032655962 27.9737061528 27.9583124765 28.0289243913 39.8252573099 39.8252573099 65.3628375026 65.3628375026 27.8149562625 28.0407833398 27.8352827308 27.9316470734
0 0 0 0 0 0 0 0 56.8934725666 56.8934725666 32.9068527181 32.9068527181 32.9068527181 0 0 0 0 0 0 0 0 0 28.1111650293 28.2003604256 28.0761152042 28.0487729304 27.847178176 27.7894729417 28.1649476594 28.0960796271 27.6290256856 27.9412322788 27.6329944523 27.7227593455 27.8631089656 28.090896138 27.788950936 28.0277574069 28.1852176774 27.983146156 28.1759684466 27.7624592924 27.9101758568 27.5792482855 28.1925836822 27.5261693453 27.7888690578 27.5468083183 56.3944692213 46.6035978921 46.6035978921 46.6035978921 27.5589623936 28.0879968612 28.0069613422 27.9905074413
0 0 0 0 0 0 0 47.6932804037 56.8934725666 56.8934725666 50.1121363676 50.1121363676 0 0 0 0 0 0 0 0 0 0 27.6733042216 27.5271840244 27.8611214994 27.6536267611 27.8886839169 27.6768213617 27.919246799 27.8232182885 28.1447968324 28.0619311572 27.845110822 28.0313441815 27.5927509501 27.9953045431 27.6731048087 28.0249329512 28.0078816259 27.6268632781 27.6226267202 27.7124721347 28.0465329299 27.907055478 28.1550292873 28.1616977407 27.5970046222 56.3944692213 56.3944692213 56.3944692213 46.6035978921 27.8195805997 27.8371625599 27.6090881589 27.8378946712 27.6016326541
0 0 0 0 0 0 47.6932804037 47.6932804037 56.8934725666 56.8934725666 56.8934725666 0 0 0 0 0 0 0 56.5999185671 0 56.5999185671 27.6105335339 28.0971827302 27.9243003003 27.8964716219 27.6253481677 27.5741281337 28.0544611396 27.8151284654 27.615392255 28.078895998 27.6237921549 27.936350271 28.1169720543 28.1308808475 58.0384509043 27.6355179229 46.9823432296 28.0567431329 27.9652479163 79.9432737194 27.9962891784 27.8063499531 76.6136099142 28.1382738711 27.7527952529 27.8534509555 61.930025548 56.1595040082 56.3944692213 45.6409177236 58.390428176 28.127529666 28.1723112627 53.8005860068 28.1615204226
0 0 0 0 0 42.4616432375 47.6932804037 47.6932804037 47.6932804037 0 0 0 0 0 0 0 0 56.5999185671 56.5999185671 56.5999185671 27.656499167 27.9249465532 27.6574954969 28.2067625116 27.7085486836 28.0158878441 27.5615700683 27.6667650328 27.6439301862 27.9065745404 27.7679887995 28.0304850043 27.7204692503 28.1466679187 62.4986968024 62.4986968024 66.5883460456 66.5883460456 60.1929980165 66.7494140911 42.8475089063 79.9432737194 28.1966373615 69.0547645552 69.0547645552 53.4999440481 50.6551185159 56.1595040082 56.1595040082 56.1595040082 48.5938999038 58.390428176 58.390428176 27.6286815627 37.2995622353 48.9144129091
0 0 0 0 0 42.4616432375 42.4616432375 42.4616432375 47.6932804037 0 0 0 0 0 0 0 0 56.5999185671 56.5999185671 28.2023100058 27.5290849621 27.5890523124 27.7223438646 28.1697104688 27.5296477094 28.1889182328 27.7662666851 27.9669481662 28.1223987342 27.7667246102 27.8410257112 27.7790593229 27.5618188207 27.5226257616 62.4986968024 62.4986968024 62.4986968024 60.1929980165 60.1929980165 27.9120296817 42.8475089063 42.8475089063 27.9898677245 69.0547645552 69.0547645552 69.0547645552 50.6551185159 50.6551185159 56.1595040082 66.6542794633 66.6542794633 58.390428176 58.390428176 53.8005860068 37.2995622353 48.9144129091
0 0 0 0 0 0 0 0 0 0 0 0 0 0 0 0 46.2433281802 46.2433281802 56.5999185671 47.1594175295 28.1023272283 27.5731162835 28.1675254577 27.7357048578 27.9034996662 28.0737003863 27.7893867482 27.9210006804 27.9682724398 28.1558964623 27.722018323 27.8568017499 61.9870392278 61.9870392278 59.1294694007 62.4986968024 62.4986968024 64.0776491156 60.1929980165 28.0032771852 42.8475089063 52.3855965312 27.9271753944 76.6136099142 44.2098142649 28.1276599483 50.6551185159 50.6551185159 57.0392560639 66.6542794633 66.6542794633 27.5860471825 27.6524920962 27.7521461133 43.3218187542 43.3218187542
