Spatial_Output/BAU/BAU_0061.asc
NCOLS 155
NROWS 192
XLLCORNER 196307.867259
YLLCORNER 449144.565805
CELLSIZE 33.573938
NODATA_VALUE NaN
[rows 78 to 103 of 192, columns 0 to 56 of 155]
0 0 0 0 0 0 0 0 0 0 0 0 0 45.129487803 44.8113615827 44.9846280884 45.6347826213 45.6627939536 44.2599237968 43.2500617671 45.0947367062 45.6837701534 43.6675240855 43.7901210861 43.4784309442 44.9790881976 43.0581401788 45.2527427137 43.8900517132 61.9419865264 61.9419865264 64.9819521009 64.9819521009 50.7268721122 43.0582605117 43.3071020725 66.5018330566 66.5018330566 44.2263455767 45.5185658554 44.4212604645 43.043317722 43.2346026303 43.5985854932 65.0807954312 43.5963614168 43.6726607254 44.2353158518 43.9634280724 54.8971795414 45.358722631 44.8155170082 44.875635919 45.0420591446 45.0977899035 45.1126616642 45.5919754158
0 0 0 0 0 0 0 0 0 0 0 0 0 45.1231282334 44.3549211042 43.1961152562 43.0176668521 44.094966411 43.9198116325 44.8301755863 43.2941510922 45.3368907927 45.7383450774 45.5337309002 43.8255631446 43.7375853969 44.7175005289 95.1080442693 95.1080442693 61.9419865264 61.9419865264 64.9819521009 64.9819521009 44.9907824607 44.3409011583 44.6412706436 44.4858607103 44.7803252693 45.1609946891 45.0762997233 44.9172980421 80.8725632328 44.5425307807 43.0112345408 44.2454290128 45.1333323597 44.2003507487 45.7306376083 43.7879632213 45.5277536261 67.8513074631 44.189469549 44.8482363975 44.6001212407 45.2788044138 43.4184715967 45.4849183049
0 0 0 0 0 0 0 0 0 0 0 0 0 45.5546643951 43.6783840804 43.05642804 44.9773877618 45.438987091 44.019620774 45.4399700026 45.269855154 45.7338017156 44.6899050874 43.4253119817 43.29765681 55.8552410706 66.4551533086 66.4551533086 95.1080442693 44.602089342 44.5594054128 44.0808439037 43.8703609209 44.5868958 43.7238019304 45.1741243746 44.6041729377 43.3387739367 45.4239310764 58.8534189859 43.8623082721 45.3793898921 45.3080791318 65.0807954312 43.5418692152 43.4540543688 43.2001770846 43.8829765736 45.4243496825 43.3714179855 67.8513074631 43.1443779506 44.6368027955 44.1448998602 44.7966889613 44.2728210679 43.5954586143
0 0 0 0 0 0 0 0 0 0 0 0 0 0 43.6696211825 43.4598329486 45.7836345304 45.824017237 44.9394411095 44.4844604692 45.0302938592 45.0635801819 44.7107437399 43.2074714649 45.3992010886 56.9055084206 66.4551533086 66.4551533086 66.4551533086 44.025756518 43.6531757156 43.3847515418 45.463542112 43.3758334514 43.1998343415 43.4919621828 43.0249030218 58.8534189859 58.8534189859 45.7533380031 44.1468709661 45.5494513053 45.2016330037 44.1679572367 44.7999021764 43.3274462581 43.1068751013 43.729410122 56.892138375 67.7025053897 43.6485745854 45.7908538348 44.1255354699 43.1244114188 43.2349201344 43.759521352 43.0145823534
0 0 0 0 0 0 0 0 0 0 0 0 0 0 44.3258372534 44.3959862778 45.5238861407 45.2371733604 43.8568748086 43.0101531987 44.3001674293 43.0965288969 44.2979212604 59.2191441461 63.8949425841 59.4063593747 56.9055084206 55.8552410706 43.6962034937 44.7409461664 43.6417890364 45.2192735519 45.2398662534 43.3578780537 43.237205641 44.356272844 43.5629099022 45.2510503093 45.1624913634 44.7602425828 43.0771804292 43.0614965672 45.0756849204 43.7569387369 45.7673302244 44.9851414691 43.0390950302 56.892138375 56.892138375 56.892138375 43.6702444906 43.4144388048 45.7128673337 44.8115921188 45.6615985281 44.8553809388 43.5364216375
0 0 0 0 0 0 0 0 0 0 0 0 0 0 45.3565164153 44.4892788819 43.3116127738 43.1993000781 45.2264141912 45.2884519942 43.7673342675 55.1353912945 45.2113010471 59.2191441461 59.2191441461 63.8949425841 44.2879224676 44.5753109595 44.5809138879 45.1942758874 44.9624600508 43.7131658665 43.4807647526 43.2530307175 45.2129257618 45.2156291721 43.1568697307 44.8362773889 43.0434743609 45.0887423269 43.4221546698 45.7264326165 44.4047650748 44.0128884101 44.6336014182 43.0786171826 44.2219403736 43.2489552644 56.892138375 64.4686679992 66.2307985255 43.9449482308 43.4791085712 45.2484345759 45.282800822 45.7560826965 45.2199183805
0 0 0 0 0 0 0 0 0 0 0 0 0 0 44.4651487192 43.192889024 43.8118847758 44.2890951245 43.2315853644 61.2836843264 61.2311849048 55.1353912945 59.2191441461 59.2191441461 59.2191441461 63.8949425841 45.4701893615 44.5211399495 44.7947320889 43.5959165771 44.6718322362 45.5493210843 45.2041759798 44.5163944105 45.1594673232 43.2558184193 43.2933532331 43.5005878898 45.1121435417 44.1271528003 45.3979458401 44.7260509908 43.6512987103 43.1381971668 44.9753104061 45.5942855677 45.5428187703 64.4686679992 64.4686679992 44.207071362 66.2307985255 44.9810340946 43.2970408833 43.5992968972 43.9690754046 43.002462109 43.9194302718
0 0 0 0 0 0 0 0 0 0 0 0 0 0 43.1694031058 43.5521135255 43.5811312178 43.6809679532 69.9033159909 69.9033159909 61.2836843264 55.1353912945 55.1353912945 43.8351460867 45.0528490087 45.4244818859 43.6813490973 44.4891961715 45.0617560755 45.732716086 45.4866141848 45.373261808 44.0749204163 44.4298501135 43.0844881806 43.9578710893 43.387198754 44.7347458709 43.1283586388 43.025854914 43.2253094972 45.560066379 45.1293833632 43.8971253769 43.1669709476 43.2331988325 43.6430013992 44.2088268492 67.0886187456 67.0886187456 67.0886187456 44.0088352941 43.1915601924 44.851576712 45.4870702073 43.6548536556 44.3790130052
0 0 0 0 0 0 0 0 0 0 0 0 0 0 44.7138858498 45.5329935568 44.5715728455 68.6439215638 69.9033159909 69.9033159909 69.9033159909 77.2996533167 43.4547200619 45.4518540266 43.3118612392 43.6808506481 43.4773679325 45.212817372 45.6458622175 43.7725693022 45.2738151533 44.6941262329 44.8243429372 43.4242053746 45.7668572434 44.720376199 43.7451295562 43.6954768919 44.6212078233 44.450683479 45.1640419286 43.4893749672 44.5797586087 45.7275124626 44.976842718 43.4620061941 44.7008785737 44.5395817654 43.6874612395 67.0886187456 44.9134829107 45.4503509536 44.1889312388 45.0321927003 43.6448746684 44.2237107927 45.261079372
0 0 0 0 0 0 0 0 0 0 0 0 0 0 0 44.354450745 44.8730471887 68.6439215638 58.7126622915 58.7126622915 43.6764424741 44.7820094684 45.1736158053 44.0672939869 44.2150820555 43.2128199701 43.4509831697 44.3453805373 43.5940318457 44.7457695943 45.6107979251 45.0770819229 43.4616977531 44.9811416436 45.3956712665 45.1931511867 45.7207340883 45.4190563548 45.2690139553 43.4772669381 45.6262365062 43.7745143862 43.7955325081 44.842635067 43.3328620554 43.3106985618 44.5364703897 44.7599261965 44.1498246886 67.8237421178 44.820969868 44.5935123762 44.8142764476 44.1812213664 44.3452669655 44.7855305333 45.1308361868
0 0 0 0 0 0 0 0 0 0 0 0 0 0 0 63.0209813654 63.0209813654 68.6439215638 68.6439215638 68.6439215638 43.5167361603 43.4227474817 43.5777145295 43.9791202215 43.4334632707 43.841773677 45.6618325485 43.605917418 43.4431347278 44.5844284638 45.2523002926 44.8787016987 44.0059998286 44.1462826713 44.0680314368 44.5466076456 45.1164016369 43.0601797163 45.6622681748 43.7506388014 44.5120887254 45.7935697551 43.7552074854 44.6271084353 43.5556734194 45.4214845082 45.4205591269 43.587137384 43.1886013292 44.6478752255 44.5135934169 44.8806618145 44.1909658561 45.1458976167 44.4736216311 45.5336962082 45.1467021767
0 0 0 0 0 0 0 0 0 0 0 0 0 0 64.3740327477 63.0209813654 63.0209813654 68.6323314092 54.0427498334 44.6854488743 44.4259968871 43.6161871919 43.0101293172 45.7022397889 44.323494279 44.168823963 44.7322304417 43.5738550706 45.5504060615 44.1951149499 44.2833158734 44.153879027 44.5621116877 43.3471642041 44.252648972 44.7834189631 45.2557515918 44.3863987602 44.2985495101 44.3392241672 45.2336329217 43.5173294866 43.8832920133 44.4243166563 45.8002211794 45.7025273618 44.613080683 43.9869582102 45.0942217977 65.965835335 65.965835335 69.7838717754 44.5255061252 43.584660126 45.4777946843 45.4978869619 43.015736986
0 0 0 0 0 0 0 0 0 0 0 0 57.635670964 31.4775572645 31.4775572645 63.0209813654 63.0209813654 63.0209813654 44.5578368654 44.5597861408 43.2490901537 44.1288598641 43.6623094307 45.423485892 43.4829772748 44.2031986988 44.8392286719 45.6130657779 45.2128456893 44.9077179593 43.2700837152 45.1735392819 45.6665016393 44.6541015848 45.1376944433 43.25780696 44.5155515221 44.8895087349 43.3321595781 43.530230817 45.001092206 45.7421190136 43.7609116254 44.6833129313 45.0562287857 45.7407685829 43.9847626265 43.0549517887 67.114257745 65.965835335 65.965835335 67.114257745 44.7175604133 43.0801042523 44.1442596007 44.245842727 43.5930845441
0 0 0 0 0 0 0 0 0 0 0 72.4111818037 66.8898278733 31.4775572645 31.4775572645 52.5432646488 61.0836874976 0 0 43.809492397 43.420298316 44.5251663075 44.6891994235 44.0089708024 45.3954480803 45.6553421794 44.4426489289 45.1124498042 44.363538202 44.5162907821 45.2018982082 45.4212545597 45.5199711446 45.2664217733 43.292747094 43.7577287277 45.0464572776 44.8765037131 43.5683334172 45.6574092783 43.9403055541 44.0368533008 43.5945524485 44.102782903 44.821630064 44.559549046 44.6962433652 44.7356824879 45.5339568851 77.4652715839 77.4652715839 45.418919326 45.3783500208 44.6840615356 43.0213791472 43.6781030193 45.5881590865
0 0 0 0 0 0 0 0 0 0 64.0522000836 67.1356545951 66.8898278733 65.5409902023 65.5409902023 64.7788943012 0 0 0 45.5112861965 44.6707335259 45.7559229764 43.7760220581 44.7118518761 45.3587807517 44.8257875693 43.3876716532 43.7475275522 45.3963407991 43.061587614 43.851627556 45.3037769496 45.0941132638 45.09726635 44.6564598151 45.7278135315 43.3015664289 43.0077274413 44.1905194122 45.3780725804 45.0381696698 45.6871789111 45.0391681354 45.7675189217 43.1649860354 43.7394803679 44.7057619767 44.9168934901 77.4652715839 77.4652715839 77.4652715839 77.4652715839 43.0505693428 44.2434812381 43.6516259147 44.4831804032 44.9736114696
0 0 0 0 0 0 0 0 0 62.6119392033 66.6911498977 66.7718899297 66.7718899297 66.7718899297 0 0 0 0 0 0 45.3030262714 45.3417090844 45.6383167518 45.3928003534 44.3730852356 44.750364939 44.2888336028 44.4150843198 44.5439523386 43.6374159571 44.0311638295 44.2659539148 43.419038713 43.8909773184 45.686953604 44.765894838 44.1328415925 44.7514078633 43.7359133498 44.9976161625 43.0765363048 43.6287212582 43.3592059099 43.5017938049 44.7394026267 45.6622376169 43.7320033766 44.5696445639 43.6733730739 54.8023498571 43.5845797227 43.8724975434 44.729476577 44.2439368231 43.5087539125 44.3625531345 43.2572715708
0 0 0 0 0 0 0 0 0 66.839247256 66.6911498977 67.1356545951 67.1356545951 0 0 0 0 0 0 0 0 0 43.7760023144 44.7662442732 43.3596898806 44.1922772039 43.7964367349 43.1305248025 45.1218919116 45.0415050643 44.8366894001 44.8801119775 45.5084851886 45.5061790987 44.5627484979 43.773437199 43.0320739606 43.4691677944 43.2565009925 44.5002930606 44.1673806255 43.3747571469 44.2256107558 44.069890719 43.8783166151 45.0596226811 45.5785945583 44.3538343532 43.0543227236 54.8023498571 45.1582885399 54.8023498571 45.4604056538 45.4877916594 44.5997243366 45.2442959658 43.8377502015
0 0 0 0 0 0 0 0 0 66.839247256 66.839247256 62.6119392033 0 0 0 0 0 0 0 0 0 0 44.5720868578 43.9068481877 45.1868195614 43.7183081713 45.6239665261 45.2252760735 43.8593585703 43.1211158586 44.1199662994 44.49252301 45.3739699127 43.5091185666 44.7273376943 45.4368646597 43.5948523882 43.7760125535 43.9918325962 43.8010649177 43.4454468295 44.8447801721 45.025814076 44.8281086755 45.1385768892 44.6796519978 43.4388781863 45.4836755435 45.1371341444 43.4730964727 44.0172793287 45.2590394459 44.6189485587 43.6052596099 45.6083481413 43.6071209866 45.2181643156
0 0 0 0 0 0 0 67.3651589034 0 0 0 0 0 0 0 0 0 0 0 0 0 44.2609081563 43.7583533144 45.6155144375 45.8266293748 44.879177807 43.3581022389 45.5677430505 43.5464780912 44.1713431783 45.5439907193 43.6786938898 43.248694017 43.5177841944 44.5227742997 44.815399274 45.2414939424 73.508624875 45.4079714966 44.7388235787 43.9814971705 67.171472337 45.7948074835 43.0965837098 69.1523277373 45.4978836162 43.8453065106 45.4547870626 45.4454979069 57.0082094284 57.0082094284 44.5587144215 43.107019556 44.6979331558 54.0622475899 54.0622475899 73.3969438913
0 0 0 0 0 0 0 67.3651589034 67.3651589034 0 0 0 0 0 0 0 0 0 0 0 43.5878260119 44.9345586692 44.4123158386 43.6014692528 43.8260477493 43.2786737099 45.2856189232 45.7956296757 44.7655206111 44.3193585926 43.6138068829 43.9119437111 43.3626752233 57.7987697246 44.1239118996 44.0879394895 73.508624875 73.508624875 77.8358364672 62.4513567069 62.4513567069 63.9687218464 63.9687218464 69.1523277373 45.6926850648 43.9077007717 56.1612872621 56.1612872621 71.0604662548 57.0082094284 57.0082094284 43.923451965 43.9859533276 73.8582548616 73.8582548616 73.3969438913 66.895683884
0 0 0 0 0 0 0 0 0 0 0 0 0 0 0 0 0 0 0 43.8396963046 45.116599793 44.1082789267 44.8360875542 45.1886443267 43.5862701173 44.551666778 45.4526179388 43.6946898738 45.3016904372 43.3350732256 44.1946480383 43.1208782173 45.0822789329 65.891118005 65.891118005 57.7987697246 73.508624875 73.508624875 77.8358364672 62.4513567069 62.4513567069 63.9687218464 63.9687218464 43.4994928938 69.1523277373 56.1612872621 56.1612872621 56.1612872621 71.0604662548 71.0604662548 45.1025242227 43.3567788364 44.6778509767 73.8582548616 73.8582548616 73.3969438913 66.895683884
0 0 0 0 0 0 0 0 0 0 0 0 0 0 0 0 0 0 0 0 44.3584748304 45.025800059 44.0062174529 45.5329862663 45.1459792629 43.2219054707 45.2533817359 44.6381885452 44.2227890928 45.6880149031 43.68365197 44.4385770044 87.8629740775 65.891118005 65.891118005 45.2052220872 43.7079449462 43.2201008126 43.0707284213 77.8358364672 44.0914426959 44.5906844829 45.2769353236 66.3149840276 69.1523277373 43.084387509 56.1612872621 58.0264566058 71.0604662548 43.1329709026 44.9845270131 43.7914514023 45.5042720251 45.3955542486 45.1067668186 43.87531336 73.3969438913
0 0 0 0 0 0 0 0 0 0 0 0 0 0 0 0 0 0 0 0 0 44.2560677533 44.3488997751 45.0992368007 43.4355205853 44.2128449305 45.3296481594 45.5538077857 43.2519200702 43.7505009182 43.260508253 44.4332649571 69.3003399517 81.1485733723 65.891118005 65.891118005 43.9174453428 44.1858473673 43.3495632678 43.9403324417 45.233794034 43.0677843651 44.9054620083 43.7068929988 44.7501779174 45.306176687 43.9738315365 43.4465740755 44.3319675009 45.2907793872 43.8375193866 45.4300044388 44.0233532381 43.7343036171 44.5389680382 45.3967191512 45.7123037812
0 0 0 0 0 0 0 0 0 0 0 0 0 0 0 0 0 0 0 0 0 0 0 44.2833938369 45.0086765587 44.4926842937 45.5800209336 45.4052165708 43.3337235348 45.1456673832 89.6485127384 89.6485127384 69.3003399517 69.3003399517 43.7578318422 45.4688960363 45.5641892866 43.0708406195 43.811137681 43.510803299 43.3672161064 43.6640158994 44.8858829369 43.4719158766 43.00409182 43.3931501707 45.0510973812 44.0766064949 44.1030048123 45.0781645072 45.0185401088 43.9355314776 44.6813584299 45.2561067824 43.8502266051 45.7232360242 43.7007587756
0 0 0 0 0 0 0 0 0 0 0 0 0 0 0 0 0 0 0 0 0 0 0 0 0 44.7069977374 45.1648520599 45.6787698585 43.1640198354 81.1942231115 89.6485127384 89.6485127384 58.6712695228 43.2681198017 44.1196474244 43.0195289899 43.3836681015 43.544948824 45.1183673931 43.4997769512 43.6461724676 43.0909255082 43.1934978008 44.1886455773 45.4903917047 43.7540595962 44.3554333612 43.3085815984 45.1892791495 43.4768047229 43.1018836868 45.3101777112 45.3898158609 43.7672878334 43.8269036519 43.8629807697 43.3709530931
0 0 0 0 0 0 0 0 0 0 0 0 0 0 0 0 0 0 0 0 0 0 0 0 0 0 45.8262878516 43.6726509482 73.5684532999 43.7042315244 81.1942231115 44.0612681194 45.7133601281 43.8950418162 44.5261188929 45.6201264268 44.6895530816 43.5313842624 43.9930840126 45.0438586843 45.5887872594 43.4831389045 43.1197522758 45.0930838209 44.2870737622 43.6267260675 44.9786714779 44.1123450261 43.4901965951 45.2932998337 44.9480197 44.7683929608 44.7460899628 44.9446273566 43.6993304594 44.4741080964 43.1898664039
