Spatial_Output/BAU/BAU_0440.asc
NCOLS 155
NROWS 192
XLLCORNER 196307.867259
YLLCORNER 449144.565805
CELLSIZE 33.573938
NODATA_VALUE NaN
[rows 25 to 49 of 192, columns 0 to 56 of 155]
0 0 0 0 0 0 0 0 0 0 0 0 0 0 0 0 0 0 61.7286848938 66.5868188686 22.438460452 22.720049131 22.720049131 22.606484269 55.8678823638 55.8678823638 55.8678823638 66.8351239812 30.5780541066 30.8750288844 30.904092948 30.8412769379 30.9648909519 30.7537607891 31.0668945033 31.0709303798 30.7576482661 30.9429318965 30.7928463335 30.8377679225 30.6574474491 30.5093424073 30.5751889626 31.1181791775 31.1265917285 30.6372409781 30.6872538974 30.7503465221 30.8283206895 30.9298676199 30.9045056179 30.7342228913 30.6107697811 31.1913982216 30.8386823374 31.0447697373 31.1524216372
0 0 0 0 0 0 0 0 0 0 0 0 0 0 0 0 0 0 0 0 0 30.981603526 30.8587125907 30.8628440423 51.8713326093 55.8678823638 55.8678823638 52.8476619882 78.762921277 30.5923358605 30.5263303751 30.733243884 31.1580505919 31.1321719339 30.7455074798 30.7719796757 30.6373885692 30.5413939959 30.8147489579 31.1399722981 30.8430479699 30.6839937624 30.6530212182 30.5574338767 31.1210345949 31.120287949 30.7340162627 31.1356614451 30.6385182196 30.6127486141 30.5031411254 30.9379083245 30.9871498453 30.9358013641 30.7634206988 31.1598930803 31.0472347507
0 0 0 0 0 0 0 0 0 0 0 0 0 0 0 0 0 0 83.736513865 30.5902788086 30.9704669954 31.1371429742 30.9033471404 30.8717756022 30.8108602521 48.5141150711 66.8351239812 52.8476619882 64.9371574272 49.8332242675 31.0775328195 30.507071557 30.5721994523 30.6388918223 30.8646589642 30.7838338931 31.1268644888 30.7244506239 30.8566661214 30.8395055581 30.6098288056 31.1132690002 31.0661319315 30.9603780619 31.0341653094 30.6589729626 30.8009730755 30.9599632619 30.9372635151 30.9584672827 31.1171488031 30.5050734177 30.5978848186 30.7926169421 31.1897550368 30.986526597 31.0821526385
0 0 0 0 0 0 0 0 0 0 0 0 0 0 0 0 0 83.736513865 30.7249641904 30.9936656681 30.543814223 30.515289215 30.6947873462 30.7487323861 31.1467047677 30.9308877367 30.5217097799 64.9371574272 64.9371574272 77.0214766631 56.9300945234 53.6926119144 30.9029859334 31.100889708 30.7105597067 31.1598557983 30.8474028029 30.7073649985 30.9207936965 30.7883353389 30.647804288 31.0999921344 30.8624125636 30.6484482089 30.7021729203 31.186313913 30.7085519285 30.8635463145 30.596066703 30.6670133328 30.8613417189 30.9524850691 31.0362759024 30.6738540535 31.0886486333 31.0306476538 31.0504185337
0 0 0 0 0 0 0 0 0 0 0 0 0 0 0 0 0 30.6823185688 30.9743546857 56.7361337344 56.073917601 57.0780135875 30.9663579785 30.9603386596 31.054074315 30.8369507255 31.1302114661 30.5217206218 51.0441281067 53.6926119144 53.6926119144 53.6926119144 48.1284325172 31.0468170126 30.8850281233 31.0228967719 30.6530770406 30.7650121238 31.053325202 31.1696165937 30.5745273931 30.8959650772 30.534879696 31.1085038786 30.5017631309 30.5579325425 31.0014349337 30.5545124809 30.5590771233 30.6305370359 30.829070511 30.592767764 30.8432206291 30.5819283973 31.0855470954 31.1911296404 30.7095255665
0 0 0 0 0 0 0 0 0 0 0 0 0 0 0 0 30.9582273546 30.714761354 31.1989504899 53.9691034557 50.2196154753 47.8606576976 31.0704110775 30.6242698197 30.6162580493 31.0397112921 31.1433492881 31.2034846324 30.5811063823 61.9465317649 53.6926119144 61.9465317649 60.9844356395 56.4757272802 30.7941903089 30.9478073829 30.9847243672 31.0605582854 30.6479847368 30.5721232141 31.1807870005 30.5310541891 31.1538332487 30.9021138225 30.7936544318 30.8986109217 30.9535888991 30.7568478964 30.7832794334 30.8074117874 30.8817512051 31.1098426739 30.9732927002 31.14113769 30.6122800095 30.5887382717 31.1805172615
0 0 0 0 0 0 0 0 0 0 0 0 0 0 0 30.7401847349 30.599200332 30.9565781872 31.0527514484 47.294827251 56.2618130608 50.6135216469 45.3687042412 30.7775919686 30.8887787036 31.1575570288 31.1540041204 30.9452403124 31.0084246055 30.8765293197 55.4119045228 60.9844356395 60.9844356395 50.7543766059 50.7543766059 30.6382216589 30.6166438353 30.5361014978 30.9366047216 30.9164356075 30.6293993523 30.5182997884 30.718897956 30.6424040301 30.9660065947 30.5095409395 30.8765210308 30.6510324018 30.7780568802 30.9294137938 30.8256156652 30.7583424603 30.8034543454 30.5724699598 31.0224901383 30.7684166828 31.0198626756
0 0 0 0 0 0 0 0 0 0 0 0 0 0 0 30.5656955685 31.0676224463 30.739737268 31.0205265613 58.333205382 59.8203452479 56.3059042997 53.3083914828 30.9166893125 30.894025334 30.5192979945 30.6578085084 31.0665909318 31.0425571057 31.203901353 30.8390628068 31.1936029086 64.5280362701 50.7543766059 50.7543766059 63.1359787119 63.1359787119 31.1903428152 30.8012909412 30.8052483925 30.5199699027 30.5133354377 30.9085361289 30.5580007233 31.0720683889 30.6332337474 31.1224159262 30.8199899238 30.6539657839 30.6273711736 30.8584372747 30.6526812145 31.1712843479 30.832160082 31.1310427777 30.657474518 31.0546172813
0 0 0 0 0 0 0 0 0 0 0 0 0 0 0 30.684056584 30.7907830905 30.5496502682 30.7873323135 30.7596530377 59.3301900661 54.2338021192 53.8637947917 30.8619241112 30.9763082777 30.9638860908 30.904233003 31.0562093921 31.0755801099 30.5266012844 30.7972593322 30.5071441209 30.5967753802 50.7543766059 63.1359787119 85.3038513592 85.3038513592 30.9171853309 31.1359314087 31.1831173337 31.0675292667 30.8133882747 30.648433501 30.535138022 30.874178257 30.5804747968 31.0381533707 30.8190868385 30.9878145309 31.0169033281 31.1200834089 30.9180535052 30.7407096099 30.9664836058 30.6443985694 30.7874288895 30.7617977291
0 0 0 0 0 0 0 0 0 0 0 0 0 0 0 30.7648791725 30.7389348081 30.7862603366 30.6012240287 30.7333637113 30.8569767661 30.9894936196 30.9183893586 30.7839772614 30.7700884233 31.1070028517 30.8248010321 31.1670277658 30.8098648831 30.8013092777 30.8273631768 30.5391162033 30.7336065527 30.9976409299 63.1359787119 85.3038513592 85.3038513592 58.3157767475 31.2011061644 30.7430239392 30.9061479204 30.7640780284 30.8745053413 30.8104472556 30.6151548561 30.8725498044 30.8345473255 30.5350106209 30.8611542611 30.5347172851 30.9438960705 30.6087309467 31.1215864713 30.8235262868 30.8327304562 31.1125502022 30.5818222071
0 0 0 0 0 0 0 0 0 0 0 0 0 0 0 30.8432729979 31.0043552375 31.1739091908 30.9625153948 31.066027741 30.8836066046 30.5171968349 30.7859402841 31.2006116482 30.8323786961 30.5330051851 30.9867165435 31.003805653 31.1103123168 30.957650471 30.916443228 30.7871363158 30.5797192522 31.145407205 31.0420519352 62.1587901054 58.3157767475 58.3157767475 30.9064580743 30.92219399 31.0480945375 30.67533207 30.5919316471 31.0256865983 30.9715771706 31.1901903004 30.6308506535 30.7788419274 31.0802046262 31.0879569651 31.0541697161 30.7821661107 31.2033014037 30.7223312902 30.8211643835 31.0155038467 30.5450058812
0 0 0 0 0 0 0 0 0 0 0 0 0 0 30.6766403765 30.7301159708 30.6902760655 31.2014007304 31.1697441438 30.5442189137 30.8493514836 31.0686315802 31.04288176 30.6169301058 30.7362750255 30.5652658971 31.0587891757 30.7247109574 30.6312108049 30.5304861241 31.0629763199 31.1196714042 30.6691789516 30.6186477664 30.929867043 44.1492878006 44.1492878006 44.1492878006 30.6113645982 30.8723780311 30.9718843913 31.0346056182 30.5191374432 30.9923445049 31.0289855863 30.8493780022 30.9586710693 30.9070032166 30.9260813888 30.9654272433 30.7434662631 30.8080961282 30.5104947308 30.7485575314 30.9539513937 30.9904157808 31.0002188821
0 0 0 0 0 0 0 0 0 0 0 0 0 0 30.9429079271 30.5099757253 30.8496962874 30.7248531547 30.7626951831 30.751583643 30.9684715586 30.7477185776 30.7900792333 30.797740353 30.8517493841 31.0443891658 30.7441025092 30.7577081173 30.525995448 30.8127966734 31.127317499 30.9595858904 30.6114498189 31.0836855002 31.1934016278 50.770322661 50.770322661 50.770322661 69.3042132902 30.7537816942 31.1323975582 30.6174110455 30.5768145969 31.0943670936 30.8583700083 30.8133308521 31.0802534889 31.1645468761 30.5526852328 30.9569626909 30.8306275916 31.1783903923 30.6149032033 30.7974815039 31.0273974296 31.1698431771 31.1576197463
0 0 0 0 0 0 0 0 0 0 0 0 0 30.8542634361 30.8079696603 30.5187946095 31.097663726 30.6091477173 30.6928863647 31.1014884223 31.1302518808 31.1305888815 30.6281931764 30.8300865885 30.6565589683 30.7629695918 30.6604899775 30.7405898422 30.6959462033 30.89527665 31.1951876901 30.8409452582 31.2057957409 31.1845705859 31.1088871076 50.770322661 50.770322661 50.770322661 69.5904652641 31.1568397674 30.9229022904 31.08221451 30.7709864324 30.875140722 31.2019148054 31.1285953075 30.7507040884 30.6828572207 31.023920753 30.5597891139 31.102390163 30.693273039 30.8356700812 31.0628002335 30.7255746812 30.9902096785 30.9110750879
0 0 0 0 0 0 0 0 0 0 0 0 30.7067541894 30.8593152671 30.7841611005 30.5092914863 30.9008726931 30.8077098498 30.7661423442 30.5282484252 30.8912267074 30.850012402 30.5479866725 31.0901020797 31.1646789147 31.0132722064 30.9997332894 30.5026150676 45.2738453004 51.7493214196 53.6967252153 30.9369781554 30.9539978758 30.9116889708 30.5230893484 31.0292485953 69.5904652641 42.8794702815 42.8794702815 42.8794702815 30.5875653421 30.5302604647 31.0828344607 31.0982265192 30.7066614201 30.7367142777 31.074236318 30.7775721984 30.5574919545 30.8763361295 31.0729540708 30.5692348576 30.8877463386 31.1498268471 30.7684989542 30.8202913279 30.623028804
0 0 0 0 0 0 0 0 0 0 0 31.1044660082 30.9780298497 30.5202436963 30.8055057829 30.8955083705 30.8129695908 31.0067463863 30.7609823809 30.9462353565 31.1798391465 30.8481533304 31.0844842112 30.945437701 30.8004667743 30.6633003713 30.7303320407 31.1571020228 45.3479368505 55.7012639081 58.6655570172 30.8375351558 31.1217057489 30.5093181089 30.8765062571 30.7189711936 30.5418478764 42.8794702815 42.8794702815 51.1542844077 53.1793522996 30.7258068416 30.9868624238 30.657022077 30.6964040576 30.7025481371 30.5057444069 30.6790354064 30.6425425556 30.8764394731 30.5556500271 31.1736104811 30.8394651402 30.7238294236 31.0861007368 30.9988790103 31.1689485295
0 0 0 0 0 0 0 0 0 0 30.9619356088 30.6527259896 30.8661938921 31.1195962645 30.9424325598 30.634600091 30.7833332208 30.8276413852 31.0802686756 30.6602817186 30.6157012697 31.0609555712 30.8667517183 31.2010183029 30.9134142359 30.8019923841 30.7499223234 30.8028863992 50.5151294261 48.0557834503 53.8144620544 73.1591092562 31.0766402816 30.8527813779 31.1752528912 30.6993131914 31.1815932499 30.816850524 58.9665364783 58.9665364783 58.9665364783 30.8066660039 30.7115884913 30.7617402837 31.1843359783 31.0581743956 30.5381497345 30.5043519561 30.5452511363 30.5402868764 30.791812484 30.5245730573 30.518919236 30.903735847 30.7012950624 30.9644869756 30.9163467695
0 0 0 0 0 0 0 0 0 0 31.0821059767 30.7467361201 31.1512159227 30.6269846038 30.8573785378 30.7452557842 30.8968669011 30.6459146002 30.8003056214 30.6899990126 31.1755439228 30.7841131207 30.9129937166 31.1862233469 31.0651848432 31.1739599476 30.8940017656 31.0081935995 59.9987347251 59.8258954592 54.4079662692 31.1726085383 30.6642110986 30.8409700585 30.9825603262 30.5277274957 30.8939799097 56.9417200895 56.9417200895 58.9665364783 51.6186761069 30.8965064542 30.7414959926 30.7302495179 30.5204276567 30.7759250654 30.964025059 31.0706418273 30.9699044125 30.7708039043 30.6102311273 31.1308035413 30.7458829535 30.8410477176 30.7275083031 31.1625923639 30.9086358368
0 0 0 0 0 0 0 0 31.0717065729 30.9272757165 30.9194391744 30.5942554053 30.7153025786 30.8320442765 31.1657527718 30.7819392363 31.0946187097 30.9646219327 31.0133962562 30.6278390769 30.7407891733 30.9102728819 30.9879839289 30.5859198114 30.7849778012 31.105148502 31.0394776738 30.5708779814 30.7436348394 65.9786756215 65.9786756215 65.9786756215 30.8147079733 30.9769108752 30.6288803368 30.65785562 30.6334821113 52.5195407295 56.5964524714 61.7801394608 63.6842076209 30.9023897031 30.7849787967 31.0335861936 30.9615168078 30.5053185316 30.5105169549 30.593735427 30.9385530886 30.8608122438 30.9249135477 30.6519299337 31.0570823745 30.895343049 31.2023460889 30.6393487827 30.576468869
0 0 0 0 0 30.8951449583 31.147840443 31.011168987 31.1856690902 30.6014540395 30.7529891242 30.792698218 30.798402097 30.6294820694 30.9761673055 31.0350658593 31.1777625099 30.7694870539 30.9447452357 30.7715290865 30.5031515151 31.075119402 30.6150476075 31.1477111855 30.5271437692 31.1483321127 30.7982834085 30.7513958102 30.5205288165 31.0556755768 65.9786756215 67.1710543314 67.1710543314 30.9638706902 30.6099223438 30.657981065 45.9859495915 56.5964524714 56.5964524714 56.5964524714 39.4258641577 30.8487315936 30.8901140642 31.1917848689 30.9770789006 30.8627316106 31.0677901595 30.7813984254 30.8016122552 30.6785474429 30.6652131837 31.2019583822 30.7468132235 30.6083395706 30.6764128035 31.1999558314 30.9914512023
0 0 30.8421886952 30.6594821253 30.7641380691 31.0471341069 30.628291704 31.1090009581 30.75436051 30.7671879301 31.1062412875 30.9814601354 30.6292296361 30.5794561658 31.1076870238 30.8737303451 30.5404374167 30.8444307128 30.9760875285 30.9154529767 30.5794314692 30.9258447002 30.9830012336 30.7593179453 30.5533003944 30.7298249702 30.6541587678 30.5948544498 31.1634438838 31.1317444527 67.1710543314 67.1710543314 57.9780744358 31.0205925789 30.7012142614 30.757436222 45.9859495915 45.7247181678 45.7247181678 45.7247181678 31.0570660766 30.512652704 30.6722520317 30.551048426 30.6152961322 30.9534728936 30.9656801042 31.1943951103 31.0020565866 30.8564226676 31.0736928065 31.0856982266 30.6565777411 31.2054699946 30.7872354336 31.1383634086 31.169465325
0 30.5294087015 30.7652920062 30.9893645334 31.059608998 30.7278763662 30.6823361531 30.9084938185 31.0534291398 30.8805060514 30.6109263376 30.6191392398 30.7806856386 30.8307884987 30.6943541924 31.1909771016 31.1462358711 30.6274461566 31.0421364934 30.9439384171 30.8525972731 31.1715272338 30.919252564 30.6725158512 30.6795450798 30.8839200518 30.7008608277 30.9302429762 31.2063880489 30.6990274971 57.9780744358 57.9780744358 30.9956477362 30.6173089456 30.6835849342 47.9345961972 67.6300142558 45.9859495915 67.6300142558 71.9066490149 30.879445892 30.718845916 30.8236766757 30.8885624731 31.1840412337 30.7744865479 30.9997700676 30.9092946608 31.188130963 31.2026706987 31.0689816859 31.0716051432 30.6789443243 30.6815418148 31.1668933602 31.0026859457 30.7243256936
30.9588075174 30.6324210007 31.0166915073 30.9495718308 30.6397832374 30.824271944 30.534879408 30.9946404929 31.0999988999 31.0183099249 30.8372283918 30.9562265853 30.5794593403 31.0551944501 30.5775639763 30.705269187 31.0434296631 30.6651243515 30.5490655757 31.0195289799 30.91139539 30.9063949325 30.9940214345 30.9898579062 30.9849846687 30.6103845748 30.7254395705 30.6612433853 30.6750227833 30.9305243821 48.5673556133 48.5673556133 60.3120261991 52.1522473563 30.6696813689 63.8747082476 47.9345961972 40.2560386354 63.4551862634 63.4551862634 48.1520044369 30.9049591855 30.7053454192 30.6796627671 31.1876690841 30.7329612245 30.6084395001 31.013937764 31.0712110675 30.9987546862 30.8302518281 31.0803508189 30.5135544323 30.7754356985 30.6177195524 30.6113275082 30.7365184224
30.957527766 30.7635637468 30.6460465583 30.5244411747 30.7689154011 30.8864883167 30.6620482461 31.0002074234 31.1860700758 31.1834505707 31.106904213 30.5421819733 30.5077579747 31.0289393578 30.6813924137 30.5116243227 30.6005924114 31.1787251926 31.152097626 30.8364982265 30.8741225045 30.7030326101 30.6686362324 30.5403072616 30.7054723897 31.1072848882 31.1592114611 30.5714211088 30.7532651469 56.644196473 56.644196473 48.5673556133 60.3120261991 60.3120261991 63.8747082476 50.7923637694 50.7923637694 50.7923637694 31.1548228963 30.7252768757 60.802451158 30.8514170586 31.0526391211 30.8461201753 30.8025370335 31.0251028636 30.5488367786 31.0845992501 31.0709012533 30.9869604658 31.161549499 30.8231159181 30.5016259903 30.7119139321 30.5612214713 30.75245155 31.0381102186
30.784729692 31.1870518089 30.7824548759 30.9369511918 30.8244037814 31.1684829385 31.0288547858 30.6495674541 31.0263638468 30.6714200254 30.9847513173 30.6968769337 30.7883366047 31.1706339364 31.158867614 30.9499158068 30.9529338532 30.5440806339 31.1262851961 31.0621319121 30.9088681517 30.5241753635 31.0846614306 31.180611424 30.8014638939 30.5093595134 31.1963703933 30.7903213255 30.9724155824 30.7656649663 31.0955964644 65.7587906626 60.3120261991 60.3120261991 82.6120746728 63.8747082476 50.7923637694 30.6468625291 60.802451158 30.9128595423 30.6204414613 30.9493785875 31.0116653723 30.7910466686 30.7123975575 31.0634755388 30.9532866325 31.0807013298 31.0774685374 31.0129924276 30.6316630973 31.0440229832 30.7895901999 30.7371704343 30.7010257019 30.8075693935 30.8514438998
