Spatial_Output/BAU/BAU_0567.asc
NCOLS 155
NROWS 192
XLLCORNER 196307.867259
YLLCORNER 449144.565805
CELLSIZE 33.573938
NODATA_VALUE NaN
[rows 75 to 99 of 192, columns 0 to 56 of 155]
69.2314019752 80.1236992038 80.1236992038 58.3068292644 58.3068292644 80.4101538359 58.1193782535 58.1193782535 82.7754590203 72.2813109616 80.1200983016 58.3681737716 28.6166504678 27.1697016855 28.1555312142 28.3002740505 27.749917923 27.7040866988 27.9087906636 28.5510780608 28.0235325915 27.456942523 27.3012537772 26.8848668588 27.77734544 28.5503626397 26.6215791244 48.1529408397 48.1529408397 48.1529408397 46.6691172498 28.0971021246 26.7355625552 28.1782452109 27.3401121147 26.9404040742 89.9202560471 54.527914118 46.7420671341 26.6163598166 77.9121613255 46.5431075734 46.5431075734 28.0149713454 27.6116089054 27.4174995566 27.0179822292 27.7069486121 27.4410365195 28.100351534 28.3385712193 26.7546938746 27.9583895635 26.5828358962 27.1361667985 65.1706111609 26.6731488898
0 80.1236992038 80.1236992038 58.3068292644 58.3068292644 58.1193782535 58.1193782535 58.1193782535 72.2813109616 80.1200983016 79.9143645716 79.9143645716 26.9973679793 27.0932424717 26.5571051473 26.6994455298 27.2602700963 26.5683801541 26.8081790467 27.4631025367 26.6025586282 27.9768454154 28.387784229 28.2513416126 27.1017401359 27.9666699147 27.6864063851 49.777112001 49.777112001 49.777112001 26.9578304201 27.6195564933 28.4430785902 26.6370441475 27.1597182643 27.7030427787 54.527914118 56.6509013604 54.527914118 26.9184692609 44.3136139244 46.5431075734 46.5431075734 73.5844669578 26.5885479898 28.0067737164 26.5982025536 27.5785822698 26.5009548344 26.6894085085 28.2208234701 27.343108436 27.1570532031 28.5652394364 27.1679738457 26.8970315618 27.7294230521
0 0 68.9333533432 0 58.3068292644 44.9185358791 58.1193782535 44.7119450624 60.3958482826 59.9807727217 55.9609285815 55.6547330766 28.5599409954 26.8592741331 28.1307879238 27.5211474243 27.4193168892 28.3029421703 27.2699856515 28.5509800887 26.5988506936 26.9078551314 26.8954769612 27.7274783758 28.490715879 27.7861786287 27.2877957055 27.836450846 49.777112001 49.777112001 26.7092426858 27.3977147791 51.9225074911 49.2677255725 27.0972289666 53.5262294448 56.6509013604 56.6509013604 56.6509013604 26.8882267361 28.295188291 44.7802530495 44.7802530495 44.7802530495 43.1728953077 27.1359532181 27.2931041295 27.2202048234 26.5947902475 28.434381084 28.5335581694 27.0159720996 26.7139427376 28.1693156746 28.0452853888 57.5144033227 57.5144033227
0 0 0 0 44.9185358791 44.9185358791 44.7119450624 44.7119450624 45.4804516169 55.9609285815 55.6547330766 56.9331459551 67.3349176484 67.3349176484 56.9690879854 28.1803139628 45.1025073728 45.1025073728 27.5745107839 60.0367902301 55.1331411251 60.3396289569 27.2407278751 45.3363205974 45.3363205974 65.2538529699 65.2538529699 68.3720085557 68.3720085557 68.3720085557 44.0619002036 51.9225074911 49.2677255725 49.2677255725 53.5262294448 62.1921942041 62.1921942041 50.8381077364 50.8381077364 62.8572625653 57.3822437156 69.0661254711 44.7802530495 69.0661254711 27.5707319873 26.7013736205 27.8504893808 27.847873028 27.6831002394 28.0738552262 46.089504388 28.3404759515 28.0577370728 26.7577192037 57.5144033227 57.5144033227 28.4724036528
0 0 0 0 44.9185358791 44.9185358791 44.7119450624 44.7119450624 45.4804516169 55.9609285815 55.6547330766 56.9331459551 67.3349176484 67.3349176484 56.9690879854 27.0884113649 45.1025073728 45.1025073728 27.8647089622 55.1331411251 55.1331411251 60.3396289569 26.6933517412 45.3363205974 45.3363205974 65.2538529699 65.2538529699 50.0050530449 40.9052670229 27.9959391066 27.3355540222 27.7302607711 26.9465107485 49.2677255725 53.5262294448 62.1921942041 62.1921942041 67.360345056 67.360345056 50.8381077364 57.3822437156 57.3822437156 62.6743516834 62.6743516834 62.6743516834 51.8032259867 28.3204955969 27.2776498885 27.7890950426 26.5564189713 27.1539851256 27.0328451815 53.5283139711 27.2159763033 27.84810043 37.1327067469 27.9794281837
0 0 0 0 0 44.9185358791 0 0 60.3958482826 59.9807727217 55.9609285815 55.6547330766 60.6413929037 26.9210234544 56.9690879854 28.4087504002 27.1576515123 27.5103742562 27.4774557969 27.4417020734 55.1331411251 27.939870465 60.3396289569 27.5202596566 45.3363205974 65.2538529699 68.4586161242 50.0050530449 50.0050530449 27.8741276308 27.4170910237 26.6023887565 27.8264832492 26.8611688056 26.9241888653 49.263803327 62.1921942041 67.360345056 67.360345056 67.360345056 57.3822437156 51.3605892935 51.3605892935 62.6743516834 62.6743516834 51.8032259867 28.3315817025 63.2277291114 26.7534478736 27.7848738328 27.7238439285 48.4246731829 27.2984426511 27.6523324078 28.3884328907 26.7525533808 37.1327067469
0 0 0 0 0 0 0 0 0 0 0 0 0 0 26.7948240631 26.8334629975 26.8316179319 27.1222998098 26.8114141107 28.044055799 28.50025179 28.4835292982 26.732809852 28.063095741 27.7101284542 48.0077769849 48.0077769849 50.0050530449 50.0050530449 27.750980995 26.8179427738 28.3263742968 27.6677858471 27.6883184902 27.9333014516 27.5191464838 26.8807363964 52.2449984874 52.2449984874 28.1472705723 28.4145818812 51.3605892935 51.3605892935 51.3605892935 28.1973240531 27.1891498268 27.5131487077 58.3930604154 27.0647112431 27.1700951722 48.4246731829 26.6248032453 26.5243544742 28.4336191896 28.6058943435 26.8075780076 27.1450174963
0 0 0 0 0 0 0 0 0 0 0 0 0 0 27.6658349961 27.2719944392 27.8705164274 27.371714794 26.7041636601 27.1847535378 27.3733927969 26.6086478118 28.5755491281 52.3453276081 52.3453276081 48.0077769849 48.0077769849 68.4586161242 27.9406802099 27.9723502895 28.4229716854 28.3393920909 28.0099127141 28.2266099719 27.1282009838 28.4806570545 27.0494501752 28.4027903329 27.3316476568 28.213173505 27.2317795246 27.3280738048 28.3155126055 28.2663487269 26.69612565 26.6297807423 27.5209851605 28.2463283154 27.661615806 26.7876777696 27.1201273623 66.5727960829 28.2962222408 28.334877031 27.2638564435 26.6199511539 26.7328196499
0 0 0 0 0 0 0 0 0 0 0 0 0 0 27.7099631633 28.4101029575 27.3894051672 26.8870375872 26.6604709625 27.3211977672 27.520981976 56.7915232878 57.9259728688 52.3453276081 52.3453276081 52.3453276081 27.6630681043 27.4166425341 28.1713273169 28.4050192769 27.2412464874 27.7563382765 27.4966257523 27.7143654303 26.760558992 26.9961483185 28.5133907282 27.4798155672 27.0174020963 27.7668992747 28.3443292873 27.805099736 27.5331536872 27.6632666835 26.8216129116 28.5758758851 26.6813008419 28.4302949215 45.3987273027 27.8953671484 28.4431975916 28.5657170319 28.2479623329 26.5146797687 26.7732329431 27.1632962851 26.8851345892
0 0 0 0 0 0 0 0 0 0 0 0 0 0 27.6134731235 28.4431060942 27.9407964406 26.6026382716 57.8427828808 61.4007890603 49.5880715805 63.3432052604 63.3432052604 27.632367192 52.3453276081 52.3453276081 26.9997339198 27.2814489538 26.9986782139 27.8777271379 28.1699968975 27.7444752291 28.3668142573 26.7159566636 28.5828990928 27.919703495 27.4943872453 28.39300931 28.0579972146 26.6373647977 28.3117234482 28.4755823755 26.5584832918 27.6516423613 27.5484050279 28.4620203282 27.718328732 34.806718251 34.806718251 34.806718251 26.5412684378 27.9561809225 27.8138523907 28.2779637374 28.4652917386 26.8782699124 27.1614170684
0 0 0 0 0 0 0 0 0 0 0 0 0 0 27.83613158 26.8066310263 27.2552944011 26.8877333704 57.8427828808 57.8427828808 49.5880715805 49.5880715805 63.3432052604 28.035776691 57.9259728688 27.7095513211 28.5560430199 27.7271856022 26.9702685984 27.2550731537 26.7010985557 28.58347503 26.5490393168 26.5427855532 26.6299440354 27.5700958868 26.9835017059 27.6552730899 27.1773402679 28.1666245944 27.0832510916 26.6393033521 27.6847377262 28.5462348696 27.5225458969 27.1190312993 28.3108640076 27.6947388948 72.8337157957 27.3734089409 28.4293499995 27.9704585248 26.8280796139 27.3372428167 27.2042607612 27.8663128344 26.7774237412
0 0 0 0 0 0 0 0 0 0 0 0 0 0 26.519142568 27.7938052978 28.5727307983 66.8310725538 66.8310725538 57.8427828808 61.4007890603 79.6328133516 28.146691097 27.0153094553 27.7420346012 27.4612896684 27.3050727476 27.1988237382 27.9438805862 27.7109355092 28.172803869 28.1013514747 27.2117195964 27.2309623241 27.9470686163 27.5652476967 26.8455808498 26.5302953323 27.568423501 27.1542742215 26.9459059356 26.9085453317 27.6435882516 27.1635798735 27.5116645132 27.416785156 27.5633863735 72.8337157957 72.8337157957 72.8337157957 50.9217766542 27.9525703578 26.822922649 28.386504905 27.1714641434 28.0462153266 26.9597682137
0 0 0 0 0 0 0 0 0 0 0 0 0 0 0 26.5005205148 50.4979287448 66.8310725538 66.8310725538 59.1489590161 27.7593947611 28.5179566476 27.3487296518 27.3181483566 28.2865474842 27.7103314163 28.2057785776 26.6945065412 27.5325486465 26.7795576531 28.5876902422 26.8426778894 27.5444589134 27.3960069776 27.1144786513 26.869330704 28.1929811179 28.3450273732 28.4092709639 27.1594857945 26.8732528619 28.2616332311 27.2063366521 27.0182230111 26.7220082201 27.5589061866 26.7353705088 47.3987296997 72.8337157957 47.3987296997 50.9217766542 28.387578167 28.4227474945 28.3053990289 27.6627130386 28.5362312519 26.7164662697
0 0 0 0 0 0 0 0 0 0 0 0 0 0 0 63.1752964203 50.4979287448 50.4979287448 66.8310725538 26.583958556 26.7403271449 26.8628980129 27.6026846538 26.7121754755 28.5706914501 27.495025644 27.4569043531 26.9056994126 27.8851975197 28.3729863056 27.9941788235 27.8329567748 28.0497803382 27.1617655382 27.2056816862 26.811670406 26.9588436234 27.199867085 26.6063961508 27.8482626434 28.4590497311 26.925706229 28.3361528159 26.9577943485 28.5992055032 28.1934970508 26.9102497626 47.3987296997 47.3987296997 38.1990787601 55.5275767901 27.9778050724 27.6381490688 28.5016925294 28.3043812724 27.8839019026 28.1135772701
0 0 0 0 0 0 0 0 0 0 0 0 0 68.3048298922 57.679551373 63.1752964203 63.1752964203 50.4979287448 50.4979287448 27.9581889266 27.3029830958 27.7986083484 26.5322570886 27.3042355408 27.437351932 27.0081156353 28.483774416 26.7706520227 26.9432942744 28.2826922904 26.8882039025 27.5077880022 27.0833973896 28.3741831117 27.6683772258 26.8723436372 27.9433194913 26.9037420206 27.6538584495 28.3680051332 26.6272855241 27.3157149608 26.9670280247 26.8155905169 26.9754386257 27.8145728269 27.2504421094 27.8708206715 38.1990787601 38.1990787601 38.1990787601 50.4998782576 28.0750917452 28.0527047646 27.4452705351 28.3698987038 27.237362678
0 0 0 0 0 0 0 0 0 0 0 0 20.3449690714 19.3674718885 19.3674718885 63.1752964203 63.1752964203 63.1752964203 26.7986338392 26.5333736166 27.2104809754 27.3571015489 27.0569573869 26.7562079809 28.0479127188 27.7199297374 28.4411029838 27.7505673295 27.7971848651 27.0087393424 26.6465439874 27.1448230456 28.394509652 27.9771282538 28.5655712266 27.9874428619 28.3762604892 27.0441865093 28.0408247931 27.6448037303 27.4256843077 27.2247242932 28.4348299324 27.4074339023 26.9372388297 27.9588715596 28.235128346 28.3217413293 27.1696326369 60.8841310529 60.8841310529 27.0714545254 27.7192463034 28.0959076141 26.5862057075 27.7898346638 26.5143094386
0 0 0 0 0 0 0 0 0 0 0 47.7812287714 47.3593208992 19.3674718885 19.3674718885 59.5310818858 57.679551373 0 0 27.7656282268 27.7143478534 28.5906602884 27.0096923893 27.0527716077 27.4730235076 28.0643503556 26.5704918666 27.6301455318 26.8876484763 27.1729982833 26.8060536972 28.0356657179 27.5785501745 28.1786725613 26.9006151131 28.0222653575 28.4087987995 27.2938952665 27.6022467962 28.5405548499 26.9869281407 28.167708843 28.3822077587 27.8077688364 28.1503035781 28.0013746073 27.02496266 51.4945073312 60.8841310529 54.2401680114 54.2401680114 27.79560557 27.4380384672 28.0682165752 27.532399372 26.8061036743 27.4119715659
0 0 0 0 0 0 0 0 0 0 64.0522000836 47.7812287714 47.3593208992 67.8628400107 80.6690392214 47.7492009431 0 0 0 26.6050148784 27.0850045091 27.8001629853 28.5042718269 27.5645669358 28.06854908 28.1030663773 26.9055820341 27.1968410177 27.086836327 27.5943815134 26.8376382578 26.660632637 27.4402075932 27.220341642 27.2873264631 28.3858044347 28.4609410156 26.6668743549 28.3849002416 26.7288457665 28.3483536091 27.2450890582 26.5046705522 27.4339439113 27.5892334998 26.9411876676 27.7857799517 48.2317289813 54.2401680114 54.2401680114 54.2401680114 54.2401680114 27.8245163137 27.9140998993 26.6456805384 28.1583851246 27.2227696515
0 0 0 0 0 0 0 0 0 50.1255155763 49.8058965772 47.7812287714 47.7812287714 47.3593208992 0 0 0 0 0 0 27.0415411176 27.7105092465 28.1589351961 28.0903601211 26.7948683038 27.7554068665 28.292295303 28.4730031067 28.3876485087 26.9807075536 28.1810833537 28.3075912335 26.8662368024 28.1534004266 27.9490759853 27.5328730011 26.6063837673 27.3302280894 27.0332316855 26.6977076942 27.6196896079 27.2298672332 28.4334779535 27.2442351002 27.5674849852 28.5598656702 27.4654418433 26.9698252235 48.2317289813 48.2317289813 44.7644655593 26.5113657016 27.519707076 28.508129931 26.8877881672 28.0488747278 28.1664423924
0 0 0 0 0 0 0 0 68.8933493782 50.1255155763 50.1255155763 49.8058965772 49.8058965772 0 0 0 0 0 0 0 0 0 26.7171988888 28.2397771193 28.4788306553 28.3380215427 27.9124749573 26.6729195653 28.1071571029 28.2876685422 27.8331366965 27.1139639996 28.592025943 26.5477117953 28.3542476227 26.5557351582 27.6404636147 26.796954662 28.5203767794 28.4721035953 28.2611486737 28.1886414489 27.0612784814 27.0607575943 27.026207113 28.0620020263 27.0812388786 39.2084865227 39.2084865227 39.2084865227 46.3518951246 27.7520617931 27.7247829401 28.0035094286 26.7517174607 27.8982544906 27.5595021063
0 0 0 0 0 0 0 0 68.8933493782 50.1255155763 50.1255155763 67.0373508753 0 0 0 0 0 0 0 0 0 0 27.3756834868 26.9083860287 27.3561313888 28.1659166486 27.4137467776 28.3537637389 28.3191071288 27.2003751627 26.8144376151 26.7889456064 28.0460300151 27.0360140794 27.4534805601 27.9316479231 27.8898259217 28.2208874467 28.4737314132 28.2456591717 26.5626897372 28.5702305525 27.1617024853 27.1316372167 26.7928178129 27.1037381787 28.0458627213 53.7116208291 39.2084865227 44.9410399793 75.1445451948 46.3518951246 28.4130610252 27.7703132836 26.5538211541 26.7057197099 27.6328392222
0 0 0 0 0 0 0 67.3651589034 0 0 68.8933493782 0 0 0 0 0 0 0 0 0 0 26.7573929571 27.6361603922 27.4500818889 27.3368093308 28.1061130259 26.8332489921 27.5997514815 27.9075138969 28.2103059983 28.3438804658 26.8984748806 28.4439793385 28.5489919729 26.7570930889 27.594059223 44.2785763429 26.7086855218 42.7869377353 57.8289370507 27.4034462158 26.620315668 27.4964687958 69.5555746368 26.6388714418 26.5330580519 26.6568752351 53.7116208291 44.9410399793 44.9410399793 44.9410399793 75.1445451948 45.364243438 53.6206236365 27.3468422634 47.0507123458 28.3891614409
0 0 0 0 0 0 0 67.3651589034 67.3651589034 0 0 0 0 0 0 0 0 0 0 0 28.2332502517 28.5034576117 26.949237294 27.5919573786 27.8092418635 27.0018456125 28.1394556815 27.0663607748 26.8847573462 27.976279064 26.5210619909 28.246786697 26.6405240066 27.2234823477 44.6323644289 60.5858232026 44.2785763429 44.2785763429 57.8289370507 57.8289370507 57.5416767688 57.5416767688 57.2187785612 57.2187785612 49.4976105354 42.2844999729 54.4285412361 74.1094935144 49.8517533423 69.2394403103 69.2394403103 53.8196554979 64.4197213699 64.4197213699 59.2260309016 64.3346443732 58.570646592
0 0 0 0 0 0 0 0 0 0 0 0 0 0 0 0 0 46.2433281802 0 27.5082559024 27.221289163 27.1941341851 26.5434247351 28.5092602787 26.9948336406 26.8145685194 28.2779404647 26.7400828015 27.0148132341 27.0278518824 27.8292284552 28.5983040391 27.4908083949 52.7386214471 52.7386214471 44.2785763429 44.2785763429 44.2785763429 57.8289370507 57.8289370507 28.1900587074 57.5416767688 57.2187785612 57.2187785612 42.2844999729 42.2844999729 54.4285412361 27.0508234794 52.2153537413 69.2394403103 69.2394403103 53.8196554979 64.4197213699 64.4197213699 64.3346443732 64.3346443732 64.3346443732
0 0 0 0 0 0 0 0 0 0 0 0 0 0 0 0 46.2433281802 46.2433281802 46.1376829441 47.1594175295 27.0026026942 27.4903752269 26.7845299936 26.8452330438 27.8495248102 27.0234123538 27.9694951037 28.4110646001 27.3801054369 27.0215641497 26.726061262 27.1569511008 28.182575548 52.7386214471 52.7386214471 52.7386214471 27.6765364362 44.2785763429 42.7869377353 57.8289370507 44.0805973509 57.5416767688 56.4773351403 57.2187785612 44.3675363188 42.2844999729 54.4285412361 53.6150676351 65.3326314545 65.3326314545 65.3326314545 26.5465686304 64.4197213699 53.6206236365 59.2260309016 64.3346443732 43.3371371325
