Spatial_Output/BAU/BAU_0472.asc
NCOLS 155
NROWS 192
XLLCORNER 196307.867259
YLLCORNER 449144.565805
CELLSIZE 33.573938
NODATA_VALUE NaN
[rows 25 to 49 of 192, columns 57 to 113 of 155]
30.7327402734 30.8447212813 30.6740846897 64.4295241157 64.4295241157 71.6640500882 70.9227882546 60.6352333061 55.0496138033 55.0496138033 55.0496138033 30.5516274392 30.6165060568 30.8056908236 30.6176864067 31.0248190581 30.6465127507 30.5232450474 30.8656845651 30.9039567734 30.5556905161 30.8775689856 30.959878204 31.0046362981 0 0 0 0 0 0 0 0 0 0 0 0 0 0 0 0 30.6999056748 30.9199178645 30.6701487349 31.2004432635 30.6910229161 31.120178535 30.9609040463 30.7661334428 30.9491640607 30.8909560907 30.9550671036 31.1351921441 30.8188590486 30.856198703 31.0265987679 31.0384656113 30.6183779677
30.6941989775 30.5638682745 30.9779549738 30.8369865997 71.6640500882 85.91816997 54.3300029109 58.6639042672 55.0496138033 55.0496138033 57.4473786986 72.2452877169 30.7916110315 30.8441881407 30.7617331996 30.6866142475 30.6366453558 30.5777137853 31.1420280522 30.9820476888 30.7739649105 30.9715003168 30.7806842678 31.1951402644 30.8191919169 30.8398311197 0 0 0 0 0 31.0884208127 31.0956282837 30.7033324551 31.1746765115 30.596113772 0 0 0 0 31.0688598484 30.5284430211 30.6009969225 30.5919106855 31.0786965565 31.0907872264 30.5453129468 31.1642670442 30.8220239389 30.9116743439 31.163012293 31.002486499 30.810264096 31.0634524864 30.8707485178 30.56666208 30.7725064141
30.8956026806 30.847165864 30.5742157399 30.681972076 85.91816997 85.91816997 41.7323508605 41.7323508605 41.7323508605 30.7158419166 52.5203508102 63.5365335297 30.6915611275 31.1012103302 30.8345643801 31.1215304477 31.1261471077 30.8598749528 30.8273814878 30.8590301074 30.6715607953 30.7577468636 30.6956011655 30.6705939318 30.6475048956 31.1830412352 30.5098564126 30.7296193249 30.8782196914 30.8130361305 31.2037955027 30.6636588847 31.0949982824 30.5050476973 31.1397798103 30.8969041269 30.6083759339 30.6592570202 0 31.1320695266 30.7368334253 30.9798184093 30.9789745958 30.699748525 30.6069038594 30.8747585686 31.0969630224 31.0025856346 30.6903651719 31.0638312675 30.936901095 31.0567602369 30.7374463503 30.9277839972 31.0454527581 30.8269701412 31.1836182654
30.5734029007 30.5470177165 30.5539434261 31.1668448138 85.91816997 54.3300029109 41.7323508605 41.7323508605 30.9410484259 52.5203508102 52.5203508102 52.5203508102 51.18272286 30.5726169322 31.1607692305 31.0422305249 30.5846398995 30.8755822552 30.918620028 31.0006777062 30.6206013476 30.5050588054 31.0495668389 30.7280502565 30.662094852 30.551472257 30.6404170754 30.620938034 30.9182169692 31.1572796526 30.9467468157 30.5177044147 31.2013940595 30.728495209 31.0925397955 30.993750285 30.5234513503 30.5155281006 31.1214460893 30.6430750812 30.5627785574 30.5608962796 30.574586218 30.8840863018 30.623095899 30.5835321809 30.7888954178 30.5836466535 31.1352640156 31.2016878294 30.9166117279 30.8547070214 30.9717576392 30.7763306535 30.5730955299 30.6128487587 30.5747570664
30.799481895 30.6556747042 30.8730095346 47.525368349 47.525368349 47.525368349 30.5802359377 60.1751994164 42.0050310258 52.5203508102 52.5203508102 51.18272286 73.8106675341 30.630185698 30.8598088802 30.6858478583 30.7725064035 30.6816965324 30.5186975685 30.5382556135 30.7268897398 30.6642664713 30.5809112284 30.8831315746 31.0892361944 30.8726798072 30.701083493 31.0111294888 30.629024726 30.734124276 30.9006863644 31.1430728288 31.1536634833 30.6915900875 31.0119154873 31.0586694693 31.1227835486 31.1206374387 30.5218574944 30.7169564436 31.0453387942 30.7708727568 30.5255608107 30.7524462988 30.6997180288 30.5591465224 30.7678329177 30.5149670865 31.0287678556 31.0808558226 30.7177654637 31.0381554821 30.5699214301 30.9545323808 30.6789933513 30.6865626077 30.9442393104
31.0668849416 30.9688828187 31.2006552846 31.0664030928 47.525368349 47.525368349 31.1629072624 49.4810402925 30.5166164667 71.3039360198 71.3039360198 48.6986413628 48.6986413628 30.9043921891 30.7331386488 30.7870548482 30.7501592543 30.543834279 30.7024549589 30.6140657835 31.0662690929 30.892464791 30.6685934025 30.7959932597 30.651476722 30.7671018998 30.8354565498 30.8825874819 30.9657765157 31.1157822495 30.5287086461 30.9760108053 30.5152627613 30.7901945239 31.1875538505 30.9857310945 31.1446839952 30.8039592356 30.6594104981 31.1377371285 31.1669441431 30.6257436722 30.9628493569 30.7043680988 30.5226979693 31.1976170466 30.743063081 31.1303151057 31.0219648675 30.6096346099 30.7201050017 30.5724225482 31.1570639947 30.7044157878 30.5466238392 30.5545731434 30.8893671685
30.6650124643 31.0026851752 30.9927590657 58.087320605 58.087320605 72.1569233341 72.1569233341 72.1569233341 30.7953450208 71.3039360198 71.3039360198 71.3039360198 30.6811019764 30.8594101843 30.6288456658 30.5594143375 30.8249277343 30.7600803179 31.1276138709 30.6959808207 30.9717795744 31.0373383612 30.9253116629 31.1464105232 30.9476066992 30.6597958296 31.1160636793 31.0101173904 31.1037380622 30.5029997818 31.1639943953 30.9902695628 31.1298523387 31.1282649316 31.1726030774 30.5449201155 30.632710697 30.8576268509 30.5368386151 30.5953090962 30.6425327889 30.8621745717 30.8893582016 30.5641718508 30.7552185907 30.8109902307 30.6480014025 31.0237377399 31.0960973834 30.8543527868 30.7581333892 30.5941557651 30.68138679 30.5008053393 31.1560272645 31.0122967723 30.9614793552
31.0636299136 30.7549827972 30.663680534 31.0200691326 30.684033494 72.1569233341 72.1569233341 51.0618772074 56.5386090516 30.8130007082 30.6265191351 30.680610143 30.971080356 30.8607696423 30.5181076314 30.6372468787 30.8393234526 30.6530865678 30.6293541441 30.9562322281 31.1341820176 31.177403355 31.1392678841 31.0729421903 30.7727489862 30.5462986568 31.0741417041 30.7125489674 30.6265627992 31.1566650185 30.557304208 30.8253829557 30.5547647054 30.6336522515 30.910339524 30.9482423386 30.8650300232 30.6468723507 30.8688438823 30.6837901035 31.110593863 30.6966213449 30.758180995 30.7544391662 30.6683427991 30.748773403 30.8491421551 30.9064144475 30.8922449386 30.691686937 30.5566238166 30.7765498604 30.8022840025 31.1804383796 30.931369244 31.0809641205 31.1796576001
31.0091223669 30.9419120964 30.9863667395 30.9272973015 30.7073463129 72.1569233341 49.2247877747 49.2247877747 49.2247877747 31.0811380603 30.8234574567 31.0064483225 31.0704833029 31.171757944 31.0847069751 31.0867839841 31.1939431787 30.5098172758 31.0681602805 30.9882559807 31.0896770061 30.8106493241 30.8877850108 30.9723797189 31.0596970219 30.5425495789 30.8076220464 30.6658651535 31.021884698 30.8804429479 31.1654879284 31.0758063585 31.0841143742 30.9075044517 31.1724396224 30.987813452 30.9091315755 30.5524145456 30.5721650323 30.5057810638 30.5109420773 30.6709641946 30.8123454644 30.7366390632 30.5761841963 31.1805721663 30.8604415315 31.0107221569 30.5168543599 31.134238691 30.5562016428 30.8322511543 31.0038461746 31.0269916725 30.7014509278 30.5061422096 31.0857531437
30.634207644 30.8196676317 30.7537128323 30.73443413 30.6557885167 30.7172263346 62.486834763 52.19013153 52.19013153 31.18175018 30.5634493977 30.6947057359 30.6749659057 30.6388713418 30.7576056833 30.7791525368 30.6198680953 30.5985059751 31.1200143412 30.8727223521 30.54240522 30.7756555723 30.7051216011 30.8376897105 30.9210310135 31.0742078995 31.1140376853 30.7727885333 30.6125734043 30.7490225274 30.5150407037 31.0749482949 30.8384445092 31.1872383013 30.5187965163 30.7674812982 30.7881415055 30.7218651163 30.6690052493 30.964908641 30.9958581802 30.7035725347 30.666074511 31.1598936685 31.160588975 31.0593073725 31.1277560508 30.7362368041 30.7470344559 30.6900812909 30.7108902325 30.6585806306 30.6290587021 31.0908583278 30.8313354739 31.0641145117 30.5940537095
30.5735197584 30.9096069603 30.5782853704 31.1123684312 30.8591445293 66.0092468674 66.0595070842 66.0595070842 52.19013153 30.566418848 30.8204856272 30.5237282466 31.0755497894 30.981587188 31.1358476034 31.0410018664 30.8419706695 30.9189100173 30.5369906508 30.974914169 30.8508268753 30.7779617422 30.7310512272 30.9994933404 30.5687797332 30.601161222 31.0156980272 30.5290864845 30.8877591396 30.8927209439 30.7247573292 30.6832496133 30.8061208433 31.1352030071 30.6033449577 30.5941045495 30.615904348 31.0956560272 31.072001594 31.0833700322 30.8142088897 30.9645661298 31.0149534281 30.8421903005 30.5391362183 31.20162352 30.5439224018 30.5747870224 30.6912425777 31.1805014304 30.8787716154 30.7894359425 30.8846535697 30.9684652395 30.7333601976 30.8416414064 30.5897087556
30.8862238924 30.7904704723 30.9985196576 30.9549855016 84.0191239473 84.0191239473 66.0595070842 66.0595070842 66.0595070842 30.8212712065 31.0440688177 30.6948856267 30.6315119358 30.5701157335 30.5674809722 30.689261672 31.1315623788 30.7105413511 30.9479057745 31.1039583619 30.6318249572 31.1959700184 30.8320597096 30.9744855187 30.9292489561 30.7053026495 30.7460738486 30.7581671129 31.1051204332 31.0346805299 30.5863752758 31.0718004049 30.7687007743 30.6169258461 30.8539752267 30.9104796381 31.0397939034 31.0389920804 31.020470198 30.8681986574 31.0842200858 30.5505996135 30.5847366809 31.158009492 31.1931941746 30.6002047808 30.9159205812 30.948709529 30.7145549208 30.9203844901 31.2069252848 30.6773202925 30.8823586118 30.8128197417 30.5867240935 30.5339622434 30.5144489538
30.6639956409 30.9121785665 31.1492534921 30.8618149643 84.0191239473 84.0191239473 84.0191239473 59.2583438265 59.2583438265 30.7170951438 30.9658567321 30.800503811 30.7563185734 30.5510971052 30.6661369019 30.7641143265 30.8453525841 30.5318199319 31.1144446231 30.6082858691 30.5750282306 31.1213155278 30.9390149623 30.9860746645 31.040770424 30.8841787409 30.8058635214 31.1289223411 31.2033501907 30.7833699773 31.1802044579 31.1570475224 31.1895448908 30.5034122106 30.9278710137 31.0156636008 30.6943898908 30.6996370947 30.5314645412 30.7209116333 30.8497594349 30.94132021 30.8503694291 30.7490459458 31.180943388 30.642744151 31.0888231136 30.8796880836 30.8451463367 30.8881917174 31.0050907827 30.9446626055 30.7287890735 31.0674102721 30.82266297 31.0018636203 30.7451107096
31.1326335204 30.7444550484 30.5461202258 81.8141359091 81.8141359091 81.8141359091 31.0155767206 30.6155525404 30.8818345753 30.6740355309 30.8478795908 31.006524557 30.5728575603 30.5088996628 30.860220002 31.0383938057 31.0711602905 30.9569617028 31.0361622354 30.9425291339 30.7814427022 30.7486014981 31.0919687577 30.8524936907 30.8695903186 30.5882876409 30.6721368001 30.9549065892 30.9501378233 30.7262871881 30.5203489558 30.6901192109 31.0723870717 30.5964786773 30.9337823927 30.9896903211 30.9142768687 31.1583142757 30.6879570551 31.0488133198 30.8762687049 30.8887005719 30.7059988525 30.7690692619 31.0014038963 31.0927345588 31.0048704866 30.7549486766 30.8524849192 30.9420673448 30.6617302692 31.1536277691 30.8769733416 30.9801587799 30.6549483175 30.8414938181 31.099294832
31.1919893591 30.94784728 30.6949658913 81.8141359091 81.8141359091 81.8141359091 30.6916222243 30.6003682654 30.7694542675 59.8720224739 50.5300520902 30.5090833462 30.7871857617 30.8246075642 31.0815309072 31.084995117 30.944823219 31.046783656 31.022821012 31.1901516956 31.1959263854 30.8468700073 30.5855551497 30.8930406348 30.5429272626 31.0197315761 31.1524334327 30.5962900853 30.7833396215 30.5141555833 31.1177213858 31.1152144064 30.7557578918 31.1369229983 31.0008832904 30.9522037686 31.0228913713 30.7858867722 30.8613924375 30.9505620552 30.5231114193 31.0682649544 30.6444831722 31.0676412037 30.6151850802 31.0650162528 30.7950671183 31.1728798676 30.6667373988 30.9123394982 31.1009224137 30.8750515411 30.8295814544 31.1791888257 30.9150606096 31.0388198931 30.7252556863
30.9638823822 31.0939119812 30.5455128746 30.8657108769 70.9566360704 31.1890655547 30.5823238339 30.5558896987 59.8720224739 50.5300520902 50.5300520902 50.5300520902 30.5571828428 30.6390320908 30.6441542774 30.7800578708 30.8049538826 31.1397445911 30.6668307046 30.8649154972 30.8498639953 31.1179619971 30.9053826793 30.5867333522 30.7237891225 30.519670452 30.7792576777 30.502277994 30.8245829149 30.9561464678 30.7653611818 30.7976800282 30.9101308361 31.1432930009 30.6880896771 30.8809345788 30.5267657529 30.8669841969 31.0697062671 31.1958959795 30.5556356396 31.1927089079 31.1454985815 30.8478218845 30.5257042604 30.5136703882 30.6339625795 30.5969179912 30.9847397092 30.5364594412 30.5244909569 31.0723023806 31.1567196909 31.123757234 30.7301385145 30.8805754433 30.5205237875
30.7525551359 30.8866419467 30.7086709369 70.9566360704 67.5994115761 67.5994115761 30.7063866281 31.1446901175 59.8720224739 59.8720224739 60.9621706788 30.7217003284 63.4042953924 30.7080404165 30.8142831236 30.5164295741 30.8060945489 31.1928024334 30.6231339717 30.7524545783 31.1992447104 30.8899099972 31.1362504406 30.8042300055 31.0846147905 30.787453976 31.1849878261 30.9723607138 30.5894169421 30.9025526687 30.5511114705 30.8482034262 30.6457915725 30.9037511373 30.694792832 31.1615665244 30.9810704027 30.6311089466 30.986133392 30.8616799838 30.8680379836 30.862065838 30.9761476117 31.0617838953 31.1094374865 30.8257096769 30.6523509798 30.9028500652 30.9256005452 30.9370110588 30.5954383334 31.0457432356 30.8820672321 30.5277228225 30.6922237932 30.8334590213 30.7937699049
31.1646914884 31.0641979589 30.763238338 67.5994115761 67.5994115761 67.5994115761 47.615870469 51.9386382366 58.2110340251 73.1965031503 73.1965031503 46.3097115156 51.3318875118 51.3318875118 31.149425546 30.9581444255 30.7144038327 31.1779277042 30.932853342 30.5531080511 31.0561153599 30.5623997664 30.5136345189 30.8497147185 31.2027024134 31.0118324232 31.0566334912 31.017461031 31.1789026988 31.1988961785 30.7800977018 31.154550888 30.937182269 30.9643730077 31.0779993667 30.5192199264 31.0432510483 30.6627658161 31.0235839373 30.7310939712 30.9978304629 30.671762019 31.0650090723 30.6746462448 30.8800641953 30.926445572 30.7124428437 31.1915087738 30.5612714499 30.8147687299 30.7458977558 31.0925778412 31.0713557273 30.9483816083 30.6512281997 30.7021762769 31.0725000746
30.9674014679 31.0720902028 30.5808223852 31.1590326847 48.8790904816 48.8790904816 30.9405400122 30.8276263261 73.1965031503 73.1965031503 73.1965031503 63.4042953924 51.3318875118 46.566525529 48.4441210289 48.4441210289 30.9878340874 31.0301753026 30.5101295372 30.9789200807 30.9859670038 30.6528271098 30.7466966677 30.601282685 31.0830126949 30.7499702747 30.7607961581 30.7832995107 30.6582028751 30.6739631789 31.1371993789 30.552235358 30.7940578508 30.9463014067 30.9063025034 31.1915035759 30.6897513292 30.6736110465 31.1048404064 30.8592194819 30.804962688 30.7593566717 30.5934459672 30.5119844544 30.5507701024 30.8195442542 31.1538212294 30.9354093739 31.1703261737 30.9595678337 30.9879188271 30.8962010262 30.8902966837 31.0915942556 31.1878659783 31.0609383879 30.7428011646
30.7824187709 30.7365307997 30.6949649575 30.938215935 30.7473183615 51.8894263556 30.9967366886 30.5507408849 31.1664953301 53.1489563056 31.1856856028 51.3318875118 51.3318875118 46.566525529 48.4441210289 48.4441210289 48.4441210289 31.021610973 30.9253170073 30.7216771002 31.1888531227 30.944202345 30.9862661241 30.894758443 30.6358339427 30.9456072286 31.1183194969 30.9265680138 31.1483055028 31.1595108336 30.8029139111 30.9260005794 30.7089821021 31.0711764319 30.7382266719 30.6876292774 30.8543582334 30.9256169065 30.8778389504 30.5835548774 30.6489322682 31.1992040908 31.0811513292 31.1624566315 30.9179982398 30.7667371306 30.9277456073 30.5292702561 31.0713121318 30.6641635714 30.7652106755 31.1513857466 30.5768911856 30.5775871886 30.777263209 30.9722435607 30.5934576428
31.1687389914 30.5908434452 30.6192562118 56.3388805032 52.499480972 57.6420676874 30.5740639444 30.5161125752 30.8030821301 30.7670760619 30.6648129938 30.8471435957 31.1639503229 30.9418187198 30.7510850975 48.4441210289 31.0820353059 30.5331881099 30.8783370503 30.8761862057 30.5275987106 31.1363469441 30.5892753611 30.5250356728 31.1405569006 30.6938127228 30.9149522724 30.5379759027 30.8212254826 30.8203448063 30.8667178105 30.6106851778 30.9900652835 31.069304465 31.1808981841 30.8047277167 31.048594931 30.682517516 30.7638616683 30.7908609714 30.8467977438 30.588637458 30.6508526358 30.792616678 30.5555190259 30.9966614607 31.1649230679 30.5272850807 30.7824716952 30.9785739367 30.7040378524 31.118022276 30.7726776308 30.685872904 30.8643991765 31.0745492897 30.5998319813
31.079535915 30.8888206686 30.8188076901 52.499480972 52.499480972 52.499480972 56.7543779078 30.9348911311 31.1481322462 31.1025582001 30.7452648892 31.1155889826 30.8126518993 60.7306177041 60.5182318166 30.6191099175 41.7242906424 30.8231936825 30.5007303128 30.7682132313 31.0706156235 30.8120281276 30.7785402369 30.5851170779 30.6877040462 31.1025346416 30.6655858228 30.5609094696 31.0214391307 30.604908972 30.6171645135 30.9907431648 30.7464498229 30.6526756757 30.6698166519 30.6595034779 30.5293184021 31.1365215086 31.1033191401 31.2036994981 31.0213179695 31.0516826792 30.9314057993 31.0746746729 30.5291929348 30.5752220297 31.1949345308 31.0167691384 31.00400247 31.0700644549 30.8194440522 31.1510205913 31.0709409205 30.5411942801 31.1799756347 30.5844381855 30.9866750802
30.8219713578 31.0413694094 30.8451750544 30.8038493407 52.499480972 44.5298894809 56.7543779078 30.7767523725 31.0978405014 30.632022107 30.530303809 31.1979197247 30.8401789243 60.5182318166 60.5182318166 60.5182318166 31.1036895136 30.5332568349 31.1293673979 30.9715193949 31.0629459823 31.0377271491 30.7713288448 31.11643373 30.9335265519 30.5042424948 30.5858338472 31.15243325 30.681117702 31.0950325405 30.5710034569 31.0061973736 30.8043100519 30.7450791159 31.0428951115 30.9171902666 30.9469453494 31.16266833 31.0385910708 30.9527802736 30.7963431377 31.018839262 30.5520453745 31.0733958366 30.7897185869 30.8390440722 31.1960534153 30.8998841994 30.8983180185 31.0736785718 30.9743179268 31.1601180923 31.0447664925 31.0463451609 31.1611907106 31.1295621594 31.1157786883
30.579428797 30.9079690399 30.911784222 31.1069835756 73.9231742924 44.5298894809 44.5298894809 44.5298894809 31.0290926202 30.8036469344 30.5141195705 30.6923928632 68.5719044989 71.1090349464 60.5182318166 60.5182318166 31.0078634444 30.5489645661 30.6766103894 31.1033324079 30.5081693497 30.5890462802 30.7049470216 30.5290469918 30.9260285774 30.6838526718 30.6813351376 30.5783416552 30.997296062 30.5597326546 30.8040512159 30.6476163881 30.8891874079 30.9160051548 30.5269221155 30.5731068303 30.746106794 30.5119143385 31.127055813 30.7851539512 31.0519506722 30.9301455315 30.7573868695 30.7899342487 30.7943925684 30.5260199881 31.1952175258 30.7282982163 30.6116635813 30.6904802435 31.1246493303 30.6023869862 31.0884569197 68.5467094662 68.5467094662 50.6204033332 54.3625433989
30.5418510417 30.6693915632 30.911171198 30.6691457741 30.6409835925 44.5298894809 44.5298894809 30.7025161125 30.931905641 30.6562446087 30.5710858379 30.9037927588 30.949215951 62.7075905884 71.1090349464 30.7455113337 30.6342246432 30.8923359529 31.1197871411 30.5262095368 31.1194831158 30.9505510435 30.5635054432 30.6788777303 30.9970362119 30.5780418357 30.6633912787 30.5519659332 30.8648387691 30.6631629412 30.9173590959 31.1430336992 30.6624376365 30.5754621215 30.8384553857 30.8791947091 30.5778951204 30.894374322 30.9756234894 30.9382672903 30.9063106816 31.1831086284 31.1217615753 31.1112874578 30.9801466631 30.7599455226 31.1554651042 31.1889296639 30.5097231761 31.2025301936 30.6869767811 31.1621215888 31.0266340943 69.5789289254 68.5467094662 56.4582327089 50.5694954181
