Spatial_Output/BAU/BAU_0087.asc
NCOLS 155
NROWS 192
XLLCORNER 196769.923733
YLLCORNER 449719.875193
CELLSIZE 27.603701
NODATA_VALUE NaN
[rows 115 to 137 of 192, columns 53 to 105 of 155]
44.6634480198 45.0667342544 44.685389982 44.669048384 43.4799756697 43.1292874579 43.5504916112 44.1367612079 44.8125990428 62.7426688753 43.6088727481 44.9502759927 43.7061750426 43.6309331794 44.9662721954 43.2894570924 45.7379521385 44.1227105748 45.7630553425 45.8123473981 45.2125462122 44.3725650961 57.4291860608 57.4291860608 59.3521319085 59.3521319085 45.7363325393 45.4769643001 43.554743136 44.9791731547 45.5617309263 45.0608703543 67.4112536716 44.1523913337 44.098035628 43.7745003561 43.1026830797 43.474910288 44.9687962868 55.594497168 55.594497168 55.594497168 45.0794543339 43.0034044135 44.5506742934 43.4997397747 45.5422105122 44.0302631965 43.2618201511 44.38474968 45.7954220174 43.4343368803 44.9643003534
43.0060795264 45.5769063301 43.1607224646 44.5916597763 44.2221254458 44.70719913 43.5492488653 43.2970021919 43.9946093132 43.6572976072 43.8415809762 44.1528133759 45.5660133578 43.7131335748 44.6667909564 45.5450007673 44.8859694738 44.1159807678 45.1511893907 44.9176487782 43.443095177 44.4601485341 44.1868767237 75.9146184122 45.0912135475 43.0687969367 44.044019845 44.2920701745 44.999562365 43.6017578427 44.1036452018 43.7288457399 43.5729951042 45.649503909 43.853749301 43.8805358395 43.8949270836 44.8241273442 44.8243353202 55.2893629591 45.1371561364 67.0598335145 43.3554749474 44.3427182722 44.1704325596 45.742624685 44.6229892577 44.6278026394 43.2269720335 44.723756102 44.747983699 44.291203624 43.4639696973
43.1311535841 44.3359789652 45.038692582 44.9117947865 44.9793213543 45.1391839617 43.0166650557 43.1747580678 43.9330131018 43.5765690228 44.1243433072 44.6191340926 45.4262009361 43.9812703397 44.3189072625 43.9172435525 45.5358598381 43.5300459214 44.5959441078 43.4174474594 43.2201901366 44.2430169181 43.8616652852 45.0606272836 75.9146184122 45.4594338438 43.9520596204 45.5826313539 45.7851956903 44.9901344641 44.9052546342 44.6646254813 43.9909858376 44.1344366984 44.2967695341 44.4057287031 44.4125648742 45.6415509366 43.133913783 67.0598335145 67.0598335145 67.0598335145 43.6550752649 45.7142918156 45.5840331481 43.194913832 45.1132389129 44.256675028 43.4555098543 45.1592496518 44.4613618 45.7144933891 45.3149239992
43.4173681999 45.4220348898 45.237139354 43.3484333158 43.3576029069 43.4367522332 43.4816790843 71.9146630663 71.9146630663 71.9146630663 44.5911329513 45.791638855 43.6210849602 43.8272333795 44.7514164834 44.1645148035 43.046358733 44.5143748739 43.8144661647 45.3456328731 45.5453026026 44.154422937 45.7921506962 74.2489555408 59.5418713455 44.7410517393 45.1556687458 45.3635581779 44.6498694869 43.1055536454 43.3158058876 43.5673721628 45.3176087163 43.5244458088 45.6536586159 45.7279491105 43.6687652394 43.9301581211 44.7400438419 44.0883158716 67.0598335145 43.2516269333 43.3159876521 43.7223273361 44.9383624132 45.1418317939 43.7427253021 45.4145046529 43.2670807886 44.520480047 45.723233432 43.0270969738 44.3753625532
44.7784179896 44.9013582492 43.6198170707 43.6840664886 45.4770312705 44.2848460283 45.3430736534 71.9146630663 71.9146630663 45.7060484502 44.8164535623 45.397179998 45.8211070888 43.8645055337 43.9633842607 44.6624233402 45.3034534691 43.4908542438 44.8647777362 43.5016235398 44.3252122576 43.9046307105 43.091747323 59.5418713455 59.5418713455 59.5418713455 43.1784298548 67.227938866 44.519381483 86.3365898946 45.0449391266 43.7384014533 45.0977824036 43.5072937186 44.5976645268 43.3733681108 45.0409102467 43.6247084567 44.9790692919 45.5980502065 43.0563859201 45.0624616899 43.5618898385 44.1700952944 45.5468303066 44.5992029698 44.3466074545 43.5956479207 44.0987489697 44.6187577041 43.3836179987 43.5849587519 45.1979165671
44.697595477 43.9132077459 44.8245419503 43.5971648837 43.1272488621 44.6790888199 43.1524378889 43.2901593865 44.5109490006 45.1322650192 45.4798297445 43.0181058 45.0016416826 44.2691490118 45.0913228147 45.2798750488 45.5705685671 43.9152914476 44.1203129409 44.2750279445 43.2409248008 45.0514577366 45.409495799 59.5418713455 59.5418713455 54.5356631816 44.9234876158 67.227938866 45.4828753485 86.3365898946 86.3365898946 43.5244158058 43.1826791393 45.0638989222 44.1546772657 43.8634382725 43.436491154 43.3958573349 45.3521322281 43.6579516194 75.8495520993 75.8495520993 75.8495520993 44.8416006208 44.7763934085 44.1291758622 45.3895565225 43.1706750172 43.5436217793 45.6296758133 44.7102204506 44.8871983082 43.1723327142
45.654944118 43.2417944056 43.8479608751 44.2958602107 45.1982668254 45.3830341914 44.4369637131 43.0713520125 45.4492387986 44.0449752189 44.5891590943 45.6072208846 44.0774211002 45.3439887316 44.0683928752 45.4578651737 44.6543172982 43.8107069064 45.4831404492 43.0126780225 45.759716637 44.6707761026 44.1843054293 44.6005135422 45.6718889196 45.437591857 67.227938866 67.227938866 67.227938866 45.6078581885 86.3365898946 45.4075811969 45.6372570743 45.3878705176 43.275524804 43.9346185219 44.7403914595 43.9833012415 43.3328104768 45.4960537801 75.8495520993 75.8495520993 76.098226519 43.8205609939 44.61897491 43.3657945686 45.5052930206 45.6522042113 72.8087930257 44.9677620198 44.2581187812 63.9421592077 44.8287916431
44.0577468492 44.2148876756 75.8701376885 75.8701376885 77.9561634493 43.8074173645 45.3668638825 43.5797739492 45.7398789066 43.7878987509 45.0781621177 44.4713820478 45.7011164492 45.6757279024 43.88820163 43.5423924089 45.6338299557 43.3808544068 44.0636902246 43.7807851578 45.5470579572 44.8984403171 45.4242901023 43.4454709587 44.5614433555 43.0561870715 44.3680767221 45.012936597 44.8937254426 44.1256978382 44.9897050019 43.5084278595 44.0516629076 44.7189765576 45.4363321632 44.3040727436 45.0057158184 44.822814252 43.528710277 45.148662023 76.098226519 44.4470095509 44.3824659583 45.0763329245 85.8638001853 85.8638001853 44.399683285 72.8087930257 72.8087930257 72.8087930257 63.9421592077 63.9421592077 45.3913069776
44.9471463601 45.4604815802 75.8701376885 75.8701376885 77.9561634493 44.8513825769 44.6214121414 71.4666616347 44.4009424259 45.0542929011 45.6686912576 43.4709149057 43.3815776216 44.5793822689 43.8688310834 44.6133733991 43.5402477078 43.058029638 43.5657160788 44.2520301944 43.3548689148 44.3392967148 45.323274828 43.2043904183 43.4547961432 43.1795680368 45.1934456761 44.9510750938 45.1002428649 44.8800528674 44.6234674501 43.3751789308 44.3069975265 43.5007415369 43.4047023148 43.6605375371 43.6952089312 43.9801611978 43.2492475288 44.8037533529 71.0367149965 71.0367149965 71.0367149965 45.4340180336 43.0380003639 85.8638001853 44.9883425186 44.0430433739 72.8087930257 44.8931982673 43.3815918943 63.9421592077 44.7803367183
54.1881591298 45.1643028526 45.3890438966 43.360851928 45.6944603665 61.5928109642 43.660432585 82.0151988781 45.3205296531 44.9246138439 45.4335557514 43.7247471083 43.729365865 45.756926674 43.7864995543 43.2662341204 43.2998294927 43.9131273918 45.4209739837 43.0714320652 43.0154698319 44.9070606255 45.2270559726 43.687628721 45.1371743364 43.8424410327 43.3938464207 43.2445315067 44.316337152 43.3487470722 45.2963111199 43.2393613124 44.7397359896 44.3717582674 45.4918797255 43.7344613426 44.0382294312 44.0799968761 44.3129240538 44.3609998656 71.0367149965 71.0367149965 44.2699871026 44.442474856 45.7731543015 43.7053038975 44.7577975986 44.0788312388 43.6168975085 43.1013612321 43.6227763823 45.0538299463 45.2464704411
78.7995887435 79.1475051811 45.5731216281 45.6194539524 43.2292949628 61.5928109642 45.1876319126 44.6117077981 44.7090734193 44.9457665887 43.4745016851 45.1296383578 44.9285647208 43.4540921828 43.5316739952 45.2364260056 43.7577419217 45.783613528 45.6387605805 45.2683913056 44.6165068384 44.5542911338 45.0986122791 43.7648849997 45.2661471963 43.8247205525 43.706467177 45.3683807481 43.3584892373 45.5029215931 43.7190660145 44.8507863177 43.4733486109 44.6541296691 43.6552538853 45.1105557665 44.0049637505 43.202856647 44.0109272148 44.2011676388 85.3882092334 71.0367149965 44.1408439709 44.0528777028 45.3120749301 43.5741157159 43.2728370095 44.576544612 45.7933371641 45.1207545029 44.3298153267 43.0245739789 43.8090112302
78.7995887435 78.7995887435 44.464421509 44.4794841129 43.9988577548 44.2388979251 43.9850303862 44.1749258844 45.7732255249 43.0664306576 44.2533746767 43.6201915074 45.5419967431 45.1869185665 44.8742519141 45.5428980666 44.6196564778 45.2672252354 44.6081308901 43.572891747 45.6292399887 44.0745482217 45.3981145742 44.0268860946 45.7494095706 44.6383909514 45.437758859 44.362592206 44.796531275 45.7649194398 44.2475206148 43.5781056501 45.7278426557 43.5225700026 44.7057753187 44.1627583875 45.1467828763 43.2543300219 44.8921822409 43.6314334166 70.9964041368 70.9964041368 45.6520054509 43.0537508568 44.4398944045 43.3575633478 44.794365506 44.6119498371 43.9897935389 45.1170406966 43.2930005316 44.5391710777 43.2269728861
78.7995887435 43.2291829015 43.3224626167 44.2086444386 45.8261616804 44.448180428 45.7393704389 63.4146590904 44.1867643855 44.4837860537 44.5163121793 43.8917131457 43.3540729399 44.3165493463 45.1005571612 45.4581998283 45.177826261 45.498757725 44.5101725008 44.9853958638 44.3355918448 44.3805562756 45.3867564699 44.4641750925 45.3162759431 45.1035542273 45.406638066 45.3858542814 44.1230860069 44.1272467384 43.65064797 43.4123049762 45.4009125008 45.3083618836 44.7117428511 44.6531855218 43.3923529052 45.3452728773 44.0675544869 45.2072399843 44.2283990143 45.7729398578 44.5715566133 43.5252885448 44.9851415811 43.2997973592 43.8228117353 43.912859653 43.040794488 44.5509725265 45.3887273454 43.8275357234 44.3145236592
43.1780993662 44.8737889284 43.5157785153 43.1832116873 44.2076811947 43.2956732926 45.6976564193 43.7098015221 44.5187135102 45.5673966931 44.7021255647 44.0376475852 43.0925132585 44.0732215137 45.7120374642 45.0001898762 44.2379777021 45.5609701874 45.6762381297 45.3939472632 45.7374329668 44.6133607872 43.5794594393 44.0012297752 44.4960539945 44.3468964643 43.4448648497 44.1776339502 45.34099584 43.9596369632 45.296995436 44.5687279014 44.8313509511 44.2483039776 44.9192160033 43.9021654101 43.9515331941 44.0065011481 43.428397676 44.409130628 43.873903106 44.5956818698 43.8482762872 43.9832335682 44.503641018 44.506564745 44.2741981959 44.4091147797 44.3736877406 45.302923028 43.1324299406 43.896628955 45.5242792547
44.7701376833 43.8937315774 43.5592558338 44.4642858577 74.4529178994 74.4529178994 43.3253170468 43.6790881899 43.4602043348 44.7275121954 45.6030189863 44.7678276472 43.8130349358 44.1706956018 45.0817545979 45.3148248969 44.3393814903 43.3911349175 44.7241695738 44.212229882 43.1814718839 44.7728006547 44.2000622348 43.8827134667 45.3421083589 43.802366585 44.0906835615 44.3190160412 45.5044570497 44.2478417771 45.4462003214 45.1530820845 43.7281569848 45.5247203572 44.4566592784 43.8301686742 43.7954928298 44.2996337135 45.5456832282 45.1905602323 45.0337060744 85.2629824498 85.2629824498 43.7238285461 44.8756523129 43.166895074 44.7439003803 43.2823549246 43.113420737 43.3136814047 45.4386169614 43.8437550229 45.3195669143
44.7812887228 44.853354109 44.805868155 43.2829834574 74.4529178994 74.4529178994 44.438663432 43.8219043996 43.2076966213 45.4832954214 43.8548416999 45.4344372792 44.7524627255 43.8625875896 43.5155103607 44.2920444407 43.3621909248 43.9010350182 43.9650949081 43.8759439485 44.1979631383 44.4396208375 43.2325883088 45.2924955715 44.4999490924 44.4770458342 43.3870237038 45.53219166 44.7531183959 43.6381795715 45.7099672144 43.5446995505 45.4863753379 44.5997134368 44.8736511042 44.1934401916 43.5592691232 44.9951083806 45.1652831933 45.743381038 43.7250992567 85.2629824498 85.2629824498 45.4738664264 43.1034326281 43.1105950491 44.1883301599 44.4576419873 43.3958976392 45.1933587274 44.3319669013 45.3382881422 45.4571328783
44.4133141358 45.6329541404 44.0163952112 43.0586966169 53.404151674 43.6387418528 45.6783902256 44.5912315727 44.4119120104 43.0074959153 45.3197750618 44.596471245 44.9354310544 43.6436828689 44.7621407285 44.5291533378 43.9340383475 43.8748368413 43.0594909451 44.8414902109 43.2177159564 44.5522749097 44.064469994 45.0898741324 45.494755123 44.1101519688 45.4595941148 44.518356234 44.2505302832 45.2429632976 43.7097546636 43.4579858605 44.9212979223 44.1177017555 44.7544125258 43.2582536239 45.5077945722 43.5443072734 43.5537961795 45.1310689217 44.4509922905 63.7905551761 63.7905551761 44.5363811393 43.80962492 45.3351520705 43.9123461758 43.7036023951 45.6107710829 45.2313395465 72.3248790442 65.3977742285 44.3750771004
43.0365800791 44.4149372343 45.5675411876 45.6258016167 72.9012463249 72.9012463249 44.5464965906 43.0106147148 44.7504957954 43.6348535675 45.4565291639 45.5875712563 43.7848912789 43.0357515418 44.3516824096 43.97798173 45.0365035356 44.9199377668 45.6804635076 43.1343964867 43.1860426775 44.0978105268 45.7961225643 43.1181669595 44.4611214639 43.0279892793 45.2234126824 59.5889836636 59.5889836636 44.2515078025 45.0409177063 44.3893999754 45.7018676445 45.0514672976 45.6411355438 44.8103059462 45.5389464901 44.7069657269 45.1242627923 44.1783856263 45.6173413905 45.3209183646 43.7912691095 44.6642912625 45.5328419506 45.3745407559 43.4004875418 45.080537136 60.8570080803 43.9226335212 72.3248790442 72.3248790442 76.458138142
43.9574759447 43.859525476 72.4168809772 72.9012463249 72.9012463249 72.9012463249 43.4554928695 44.4698485432 43.6553691463 45.3615902191 44.6617928449 43.2550336449 43.280831509 43.1784100397 44.6935202643 44.32574372 45.464433028 43.7090244118 43.0652103172 43.4581504962 43.7364523893 44.1973478753 44.6042018555 44.3009196534 43.5721325222 43.2473619239 62.1125575807 74.5828741752 59.2820288849 99.9359303515 99.9359303515 71.5684390763 62.954903759 43.2027712384 44.5458759051 43.8942321149 44.3502687479 43.988458778 45.2562282629 45.6687914477 44.896638858 45.4104065467 44.8814342414 44.190226663 44.1920596092 45.7741672838 45.14072851 45.685020783 60.8570080803 60.8570080803 72.3248790442 72.3248790442 45.3555453733
44.2079740005 43.1671749425 44.8560318339 44.8789836938 44.8059061571 43.3270365791 67.1825613966 43.2597601236 43.7652881753 45.2196179342 44.1879642104 44.3626028681 44.4241237722 44.7656269684 43.8856948569 44.9861245294 56.5610096543 43.5652162448 45.2409669315 43.9808093826 78.4043792076 68.6755011901 44.4504074107 67.8329437263 61.3328913421 73.6553088263 57.7709327997 57.7709327997 59.2820288849 59.2820288849 99.9359303515 62.954903759 62.954903759 57.9095313103 65.9849867928 73.4648152226 45.4208380246 44.3082537298 68.0262258779 44.032311403 43.6936218816 45.0855661652 44.5443837617 45.5546096946 44.0397649605 43.2153766642 44.3377036956 45.2644314679 60.8570080803 60.8570080803 45.2336478751 43.4210227703 45.5944166654
75.479610207 44.1515929055 44.9066758309 43.4051521858 43.0071736259 67.1825613966 44.8544754987 43.0624521558 61.5155063068 45.8265306351 71.6804919741 62.8596650272 69.5009948269 44.0335408596 54.6504787016 54.6504787016 56.5610096543 55.7443371608 55.7443371608 43.342920952 78.4043792076 78.4043792076 44.4281483093 67.8329437263 61.3328913421 61.3328913421 73.6553088263 57.7709327997 59.2820288849 59.2820288849 58.4928835504 58.4928835504 62.954903759 43.462523783 65.9849867928 65.9849867928 73.4648152226 68.0262258779 44.4571234037 44.8817771995 45.5343773634 44.9334759227 45.5931196781 43.5246505946 44.9686683065 44.9399116244 44.5291937342 43.4829716941 43.6035485783 44.6075072856 44.9297955867 43.2982518664 45.5484551424
44.9247143552 43.2781336206 44.6805557478 43.8129065251 44.0288161481 74.4020699736 45.5774960578 44.3294448179 44.3947111358 45.3912602092 60.6106479857 60.6106479857 62.8596650272 54.6504787016 54.6504787016 56.5610096543 56.5610096543 55.7443371608 55.7443371608 88.4704305198 78.4043792076 78.4043792076 68.6755011901 67.8329437263 61.3328913421 43.8257983867 73.6553088263 57.7709327997 70.2335339251 70.2335339251 45.2428263042 43.5175607995 44.7005608179 57.9095313103 65.9849867928 44.5268329438 45.3277473512 44.9069956044 45.0980879617 45.6884735805 44.1847584835 45.561779046 44.3355837691 43.6066463149 45.5164491615 45.0428323386 44.8845009072 44.3453762433 43.0089340844 44.4743141136 45.7725543781 43.5140124918 44.7797230738
45.1685516928 43.5092479995 45.1097288149 44.6971332399 44.9577785612 74.4020699736 45.2232096489 82.5338008544 61.5155063068 45.0885048335 60.6106479857 60.6106479857 62.8596650272 44.4618540985 54.6504787016 54.6504787016 56.5610096543 45.6855389339 43.7985525301 43.0047322233 44.3881616049 44.3713428361 44.389199096 44.0187541979 45.0072766602 43.0306857525 44.0171542271 43.2378448969 44.8561889635 70.2335339251 66.8585692999 43.1099602444 45.1223903221 43.2125009251 45.0456430716 43.6616662838 43.3205453908 43.4884040242 44.0346662746 44.7305782351 44.9888558359 45.5006922082 43.9726333107 43.8116010355 45.5140807159 43.1055265687 43.3177650119 43.1231527456 44.8903351482 43.2047069595 43.3055885807 45.7342069913 43.6771372679
