Spatial_Output/BAU/BAU_0171.asc
NCOLS 155
NROWS 192
XLLCORNER 196307.867259
YLLCORNER 449144.565805
CELLSIZE 33.573938
NODATA_VALUE NaN
[rows 50 to 74 of 192, columns 57 to 113 of 155]
45.1675331171 44.5139869717 45.1651572738 45.0616225881 44.6972814334 53.3009964861 45.1071763121 44.6695520334 44.8038405294 45.0367862702 44.5887250382 44.6193087483 45.0991872178 80.5977346322 80.5977346322 44.5261947919 44.927732597 44.6064700343 45.0728612015 44.9509977576 45.0812747738 45.0012052969 45.0629519054 44.9216279005 44.5885466879 44.9127861424 45.0280626743 44.8352349073 44.5420416827 44.5703046904 44.7437023815 44.9944176708 44.6648220752 45.1647657141 44.7562388267 44.6690056112 44.8362166735 45.0141462059 45.0744481297 45.110205451 44.8252085243 44.5385962295 44.5181618389 44.6254423489 44.8871867988 44.7407107738 45.0912683564 45.1072550968 44.6614908389 44.5629243523 45.1920625918 45.0535434768 44.8636417284 44.6484041453 60.8609279692 60.3998030724 65.6946140471
45.1672446446 72.0970039293 77.9635334769 44.8931396731 53.3009964861 75.1607174348 53.3009964861 45.061453636 44.5251079343 44.949074309 45.1419500121 44.9158655285 44.7461796087 80.5977346322 80.5977346322 44.7508334686 45.1952638377 44.9967707835 45.1195245214 45.0122972253 44.8110068747 44.6174648216 44.7969893134 44.8039136263 44.9077264715 44.790238517 44.5065345483 44.8025000213 45.1568460309 45.1692812162 44.9150664016 44.8216742863 45.0480500159 44.7490669059 44.88246259 44.6328225549 44.7026990339 44.7278955672 45.1598419306 44.9803464665 45.011822492 44.8389544724 44.5334613328 45.1807595671 45.1232394096 44.587710654 45.1923843949 44.9056222769 44.5519831287 44.9812319942 44.657311047 44.8782865774 44.8224130473 61.2341942344 61.2341942344 45.117260525 44.7623047797
72.0970039293 72.0970039293 72.0970039293 44.7885933456 75.1607174348 75.1607174348 75.1607174348 45.1768148067 44.5106399599 44.7924169743 44.8601183593 44.8841569436 69.7598680414 80.5977346322 44.811925511 44.585484394 44.9092444583 44.9305386674 45.1117120071 44.508631766 44.5870012778 45.0250548665 44.8293095886 44.6783616371 45.1966178219 44.8626922933 44.9957987939 44.8561577376 45.0582151466 44.8773320599 45.159748532 44.7174517312 45.1857781618 45.1954835605 45.0655106754 45.0188211834 44.6961572326 44.7442667383 45.0124084747 45.1086082369 44.8255582849 44.7806045065 45.096945933 44.6834395836 45.0745059136 44.5706837807 44.6378329789 44.8445596103 44.8469906292 44.9700706471 45.1744498097 44.6761540681 45.1146413736 44.9961920218 44.6808783947 44.6030074831 44.8190826609
75.4599229334 72.0970039293 77.9635334769 45.1265464361 65.8568533638 44.7866554197 65.8568533638 45.0266635649 44.9106200178 44.9520508627 44.9902575651 45.0813208617 44.7442931683 51.7243543509 51.7243543509 44.8993590513 45.1808064449 44.7619234193 44.9372716281 45.0207225952 44.7922983022 45.0186014751 45.0153889847 45.0712469751 44.5980026528 44.9765066209 44.6173947474 44.6284095361 44.7031806302 44.5642566903 44.8591216711 44.9544627322 45.1329339127 44.7024688072 45.173426775 44.8776142604 45.0236122201 44.6622011824 44.5399808678 45.1441888635 44.9040039469 44.559131531 44.9213899462 44.6105961868 45.1091952081 44.9894054421 45.1532439415 44.556306495 44.6570345402 45.198253064 45.176029384 44.9402882039 44.5917798086 45.0411338473 44.7833483985 44.8302665647 55.6711736615
69.0522949455 71.9368617869 44.922405997 44.5974319641 44.6323518553 65.8568533638 44.8901711188 44.6777208711 45.0210716103 44.970027911 44.6018781578 44.5259094223 59.0765359489 59.0765359489 59.0765359489 45.2012869894 44.7698043041 45.1617309082 44.6793376688 45.030062347 45.10272455 45.0152461869 44.715740168 44.884498488 44.8136239034 45.1581402047 45.0193612827 44.5236338064 45.0792338664 44.7219291079 44.850624121 44.8221832649 44.6537616382 45.0876335378 45.060962157 44.5212337646 44.9058613076 44.9265289667 44.8971249038 44.9593702117 45.1341199152 44.5161717443 44.9607547313 45.0806379458 45.0331701554 44.8350765108 45.0310561202 44.6986082427 44.6058070729 44.6807081188 44.5076635155 44.7461817537 44.8888266175 44.5122296126 45.1628034266 44.9888198403 45.1499421199
105.2708643662 105.2708643662 45.1587342259 44.6064625915 72.6911040907 57.967516153 44.6908957461 44.5186951286 44.8888609505 44.9860410966 44.7430646583 44.7850305889 44.8509079109 59.0765359489 59.0765359489 99.2793433326 44.6355919429 44.7066361508 44.9924674077 44.7186207228 44.9638673151 44.9564736117 44.6266728528 45.0439703473 45.1016579963 44.9528217083 44.8622934809 45.0575199115 44.8087877248 44.5096025731 45.1934214017 44.9823299398 45.1303041739 44.8801366651 44.8510147109 44.9603952914 44.8918604726 45.188625461 45.1262919014 44.6209609883 45.1011108824 44.7025896524 44.7920835986 44.8062715594 44.6170182835 44.8347185254 44.8020533925 44.9348355143 53.1352096954 53.1352096954 53.1352096954 44.8157811113 44.8060672662 44.9188942318 44.9665690825 45.1572039231 44.6768061678
105.2708643662 105.2708643662 52.5797992188 44.845647125 44.6295382826 57.967516153 57.967516153 44.9700100678 45.0374021308 44.6678821584 45.0238178505 44.7821007071 44.7514819163 99.2793433326 99.2793433326 44.7149081711 44.9170221228 45.0197656831 45.0184016313 45.0212209776 45.0916259527 44.6093413091 45.0979526423 44.6439520623 44.9197622385 44.8646546286 45.1367259221 44.9154830151 44.5117480364 45.1749343226 44.5014158126 44.5468543355 44.7785430145 44.7395120685 44.9095725422 45.1936451334 45.0899293316 44.557720461 44.7591197722 44.6485540872 45.1330673588 44.7233611109 44.597464411 44.5187128256 44.939704855 44.7556557309 44.9306281632 44.5738121805 65.6150223225 53.1352096954 53.1352096954 45.1241053378 44.7135839973 44.8086856695 44.887525211 44.8032680346 45.0465727895
105.2708643662 52.5797992188 44.9309760258 44.8921097553 57.8599448678 57.967516153 57.967516153 45.1542100347 44.8657874437 45.0591869705 45.1442632924 44.6402981996 44.7878259514 45.0195025289 61.1687684845 44.6906597694 45.0240580454 44.6531323227 44.7540193248 45.1644091661 44.7598642883 44.6355376039 44.7544627528 45.1842189422 45.1406118062 44.5084104728 44.9772976251 45.1173459715 44.6155252674 44.7997112716 45.1625816391 45.1182850974 44.8391362498 44.9047619064 44.6717379198 44.7230191174 45.1524765898 44.6481735842 44.6657735784 44.6373201584 44.7107323311 45.1110748334 45.1739569108 44.576669489 44.8029913545 45.0571876983 45.0683146483 45.0303404541 65.6150223225 44.5211386565 44.6585076019 44.7063979231 44.8445127058 45.1690881794 44.9432523317 44.5206819695 44.6536650536
79.0628535504 79.0628535504 45.1638281101 44.5686174172 44.6979414859 45.1017635624 45.0549406277 44.89948953 44.9151454639 44.78540707 45.0338499998 45.2070654184 44.8390783327 44.9414207834 44.5871386493 44.9838321152 45.0780085515 45.0497631757 45.0538792791 45.0271986635 44.8329140635 44.8992689644 45.0551840722 44.7038167584 45.0346377759 45.1577543145 44.5092284019 45.1991448922 44.999624687 45.063238024 44.7502543189 44.5133515453 44.750498875 44.5458624259 45.1218451969 44.9253312201 45.0436961554 44.5292094641 44.7332955618 44.8167250369 45.1631275181 44.8972045581 44.5221008395 45.1676080825 44.5527115664 44.8036021677 61.0268131287 61.0268131287 45.2043204166 45.0047065803 44.5442280717 44.9548551154 44.8565136905 44.6157404795 44.658328715 45.038730672 44.5370712124
79.0628535504 79.0628535504 79.0628535504 66.8507255488 44.7496428372 45.1928069754 44.9065342128 44.736143689 44.9912790329 45.1589371204 44.7468746327 44.5540292759 44.7088069371 44.7173155274 45.1137486758 44.9194710235 44.9441201951 44.8522371278 44.7759963091 44.5433228661 44.8468075156 44.8443831674 44.9636970057 44.853784135 45.0207825851 45.154414593 44.7223760564 45.0080683058 45.1671633062 44.6264104824 44.6985236719 44.6953434448 45.0596629001 44.9205286046 45.1148032639 45.1339310783 45.1856240794 44.6766265351 45.0515072348 45.0698004003 45.0870256048 44.8379369248 44.5419709635 44.6041593066 44.5335504306 45.2050063265 45.074851252 61.0268131287 45.0657265405 44.7983623882 44.9785873878 45.1897708472 44.9172672302 45.1082942661 45.041397341 44.759070867 44.9502963716
44.5038833296 44.7397636561 45.121505212 44.7917854037 44.5026941239 78.6711550609 44.602630863 44.8538350531 44.5370647181 44.9667838526 44.6196497802 44.528195632 44.8170492994 45.0436051529 44.7989860046 44.5378674013 44.7553078461 44.9782434457 44.8283148025 44.7809425243 44.8849903836 44.8778476619 44.5558567502 44.5844037601 44.82063528 45.0964351632 45.1078612979 44.9167284716 45.2027913802 44.5195933726 45.172263338 44.8801409447 44.8541985421 45.1480554372 44.9100427591 44.784368605 44.6882359064 44.6562002118 45.0240539917 44.5892741746 44.7436505149 45.0961430378 44.6058949806 45.0687705556 44.6607899376 44.5237153089 45.1924628286 44.7540332704 44.5882743618 44.8497242401 45.1428010689 44.5013491178 44.5081816712 44.5589981042 44.8194062115 45.2056061416 45.1565358514
44.889988142 63.7921357775 44.981658371 76.8203449375 76.8203449375 45.1930444116 45.0705318473 45.1477636161 44.8787333383 44.683946444 44.8540264456 44.5809967406 73.2705163252 73.2705163252 73.2705163252 45.0850514239 44.7684820739 44.7594902765 44.6910339097 44.7377399474 44.892094249 45.0420020125 45.0520058599 44.8522084783 44.5416738064 44.5580270102 44.5140375245 44.9056201203 45.1435942322 44.8604784711 44.5923174635 44.8485211462 44.7350663418 44.7529287361 44.7863397101 45.1763510834 44.9118042524 44.9442208735 44.9846503196 45.0906247087 45.1212457031 44.5056756675 44.9920121578 44.5919210314 45.1479619282 44.9667090192 45.0699904367 44.9534153489 45.0137678205 44.5992765796 45.0113858025 44.5148461743 44.9932072532 44.7501470308 44.616350391 44.6912958257 45.0529890769
44.7349606201 44.9140402612 44.7179334803 76.8203449375 76.8203449375 58.7023534038 44.5046688368 45.0909336523 44.5199668011 44.6126530952 44.5078527933 45.1185429586 44.532903074 73.2705163252 73.2705163252 44.7493546581 45.0357096294 45.105199716 45.110126737 44.7668342211 44.8674797655 44.5295444036 44.983740751 45.116174748 44.9226875726 44.5663565056 45.0454266324 44.5813172768 44.6017732988 44.7885185805 44.5538391987 44.5176769424 45.1580535307 45.0051440251 45.0414578936 45.0434861643 45.0175378386 45.0168822953 45.1086118161 44.6550901549 44.6192280897 44.9329649172 45.0413145081 59.2851283427 59.2851283427 45.0150524456 44.5106446015 44.760551552 45.0522295542 44.8143364458 45.0290233201 44.9443567137 44.7278198656 45.1108628589 45.0575195098 44.7268188914 44.839051321
45.198485316 44.6629822925 44.5804066493 58.7023534038 58.7023534038 58.7023534038 55.9924769503 44.8265200965 44.6226216836 45.1589470527 45.1685500567 44.5267060444 44.7587962662 44.6227076947 44.9281549268 44.6393656366 44.5557842978 45.0190999938 44.5661344037 44.6163703662 44.6194449125 44.6573170642 44.6010860194 44.5854030266 44.8334393313 44.5898828676 45.20477271 44.8724889198 44.8641497619 44.8063826533 44.9798981356 44.8789966907 44.9507560918 44.606680902 44.6491765312 44.6809712197 44.5507244155 45.2005658909 44.619897622 44.9190695959 44.5751773448 44.6078543294 44.7414021464 44.5785501751 44.6900099424 45.1675922179 45.1523639023 44.6286829868 44.7049846 44.5203922794 44.8080301981 44.5260486181 44.5984904298 44.5669621886 44.9511967082 44.8417136058 44.5480537814
44.6003511339 74.7842362336 73.2136908506 44.6560660899 55.9924769503 59.0171999749 59.0171999749 59.0171999749 45.1417556605 45.1192230604 45.0970852072 44.7055822473 59.9487118861 59.9487118861 59.9487118861 45.1599081895 45.1569194971 45.0898435066 44.5052099746 45.0180980944 45.1987262726 44.7944700915 44.5728078915 45.0038215488 44.9133537119 44.7983745224 45.0417301405 44.6799811923 45.1554242363 44.9946739573 44.8011641863 44.6410178 45.0660838544 45.1533812812 44.9878713055 44.7989173876 44.6589799104 44.8594373144 44.88542327 45.1058545717 44.5999366685 44.945631285 44.5366080629 44.7512046295 44.7780508702 44.8738301956 44.7175914189 44.858335071 45.0614366789 44.6564755349 44.5656113977 44.5319960515 44.646966173 45.1292312509 44.9563710425 44.8838040078 45.0263109712
44.7547349145 44.8017314347 73.2136908506 73.2136908506 64.6684307566 74.1627500308 59.0171999749 59.0171999749 44.7372586145 44.8299706369 45.092922106 44.9446551954 70.653326516 70.653326516 70.653326516 44.8437500725 44.8783039507 44.6196468382 44.6002461721 44.5419815999 45.0560368258 45.1644824416 45.1913280978 45.0150363847 44.6025852045 44.7872291748 44.7374794479 45.1630220956 44.5480757067 44.7675773219 44.7407204682 44.7736706906 44.8525559993 44.8478235601 45.0368959026 44.7402227568 44.9362973158 45.1299680158 44.569102311 44.946957568 44.5955334202 44.5435806517 45.0945189868 45.0444064726 44.6082699322 44.7127327659 44.7099146635 44.8505549667 45.1567817107 44.7226133863 45.0408357682 45.1974889916 44.9485527892 44.7287881013 44.533606714 44.8261382243 44.5887568547
44.5231800506 45.1711812195 73.2136908506 73.2136908506 44.5738337196 67.86592803 59.0171999749 60.3647380365 65.4213092624 80.8735107671 54.0874527624 45.1209551424 55.7396592499 70.653326516 86.4035137097 45.0997330169 72.1510760226 44.6469352668 44.634115983 44.5264673975 44.8017808476 44.999647017 44.9622397739 44.8972367845 44.8492416206 44.9898731451 45.1370186342 44.6594989251 44.854030635 44.669055877 45.1098951008 45.0487797444 44.9899662294 44.8894771795 44.760617031 44.6265073945 44.9462258756 44.6451798092 44.7325672254 45.0441482146 44.9674405797 44.7425004602 44.5246206987 44.9093507688 45.1292701132 44.6084633969 44.5339010436 45.0392561609 44.5200960634 44.8013637553 44.6906867723 44.7419028313 45.0700190829 44.7892969896 44.9831856223 45.0527443476 44.7476275219
44.6660375368 44.6225824708 44.681387832 85.185943007 64.6684307566 67.86592803 65.6007898658 67.86592803 65.4213092624 65.4213092624 74.5514910419 77.5672126963 77.5672126963 69.0058070567 64.7091115971 51.1860863526 72.1510760226 72.1510760226 44.6840643658 44.6039963644 45.1596631665 44.7272960856 44.6840500153 44.999757441 45.1718596209 44.8669562902 44.7367692823 45.0671724989 45.1536331448 44.7517549619 44.5469275624 44.627098997 45.0561505676 44.6667601621 44.8056615844 44.583983468 44.8766275909 45.0423888404 44.5303967784 44.8170600355 44.7974270615 44.5935521804 44.8759576291 44.6126843218 44.8747810347 44.8789477882 44.6256143726 44.9404466985 44.6936089438 45.0132700011 45.0991870491 44.8748590229 44.7837056943 45.1236864644 44.8794629738 45.2000318431 44.6159942871
45.138608525 44.7777613211 44.6536104062 44.527305197 64.6684307566 65.6007898658 65.6007898658 65.6007898658 65.4213092624 80.8735107671 54.0874527624 44.8373861031 77.5672126963 69.0058070567 69.0058070567 69.0058070567 72.1510760226 72.1510760226 44.785390479 44.6331688894 44.6006005602 45.1097627536 45.0034908632 44.9984134252 44.5749403281 44.569773819 44.6809191011 45.1925426155 44.6345101895 44.8244226947 44.7416815803 44.6152719974 44.835169182 44.5513961174 44.5227970562 44.6112731382 45.088674017 44.7768353143 44.9412230624 44.9896860661 44.7492299035 44.8439507355 45.1331822551 44.7248468542 44.6627813495 44.9415143415 44.7680887581 45.0265142545 44.5950853267 44.9183431559 44.5445529609 45.1558424511 44.6494340301 44.5977021214 44.8400915053 44.8789157979 44.55235607
45.1421558079 44.9668454044 44.9454946592 44.7091773154 44.8203493879 62.6436820579 62.6436820579 44.9898629222 44.5498240568 44.896319689 44.6089248241 45.1860167662 73.3376506444 69.0058070567 64.7091115971 64.7091115971 44.8471301925 44.564630555 44.617655722 44.7258906413 45.0901835176 45.0228570683 45.0921193695 45.0840877213 44.8647019025 44.8178182286 44.8524768297 44.8873894632 44.9141678372 44.9284469753 44.5360927349 44.9540015116 44.6493242253 45.054794171 44.8563553558 45.0780270592 44.6164552663 45.0551680129 44.9825888591 44.7461138416 44.7733244846 44.9331811302 44.5046048536 44.9265193189 67.3375679051 44.8146069112 44.655542297 44.5097183245 45.0128429059 45.1898390533 45.1304864531 44.5045565011 44.9235181197 44.6568335019 44.60841422 44.8140581691 45.0753194721
44.5561040468 44.8499073255 44.5673625256 45.0531155497 62.6436820579 62.6436820579 62.6436820579 44.9210991504 44.5041865661 44.6875753271 45.1455682277 44.7818903465 52.6231263625 59.0972327937 45.0607689032 61.3555537421 44.9047487739 45.1754471246 44.562542307 45.0124236372 44.5415235371 44.5298790685 44.5836282032 45.1716918751 44.5524057745 44.6273522079 44.9325911547 44.7229023233 44.6149555625 45.1445124356 44.9084500288 44.9018366324 45.0709298198 44.9882768923 45.0582191485 45.11841368 45.1397452081 44.6314831124 44.5358563915 45.1406976386 44.9323314052 44.9254448901 44.7689732796 44.7241727316 45.1877179168 44.9896644865 44.7369232503 45.1349052655 44.6189016615 44.5785645028 45.1010874765 44.9896635434 44.6050756478 44.5445170712 44.9000130652 44.7200575179 44.629376028
45.0201868418 44.7692390688 45.0300706164 45.032681285 44.87624609 44.8425729128 44.7422278275 44.5723542844 45.1395802773 45.102398955 44.8977600126 44.8598725907 44.6516336469 45.0597642182 45.1192814461 44.5048175793 44.5165574045 44.9801631724 65.4253347543 44.8307725301 44.7741525039 44.9356186169 44.8148586936 45.0542349368 44.8476401128 45.1326026534 44.809620717 44.9793204244 44.7615034554 45.0073227586 44.6835255116 44.6476084441 44.9399423875 44.6131946198 44.9750515033 44.5554681031 44.797642194 44.9359346847 44.6659625509 45.1147182834 44.5390639213 44.6804937447 45.1691883749 44.6880580857 45.0361699227 45.1685745453 44.7155790505 45.011430798 45.0109618477 45.1223273898 44.5225647541 45.1094668833 45.09659289 45.0305386597 44.6325385527 44.8277595061 44.9099736102
44.7483380443 44.8792012515 44.9845393735 44.5026276659 44.921440525 57.2499771711 68.9950966726 68.9950966726 45.0699208594 44.858552569 44.8997602908 44.8090284124 45.0751719433 45.0748769321 44.8004187377 67.2253762669 44.7478018034 62.7090226784 62.7090226784 62.7090226784 44.9509795001 45.1012127511 45.1397096716 44.6934872307 44.8223434039 44.7755700698 44.765556353 44.946333048 68.4513680637 45.2039483024 60.8478572135 44.5730136155 44.6185489367 45.0869791461 44.9329678359 44.9334945139 44.8549198927 45.136002974 45.106587913 44.7574153226 44.6597161583 45.0214066922 44.5952622551 44.8806671989 64.680747541 44.5341256446 44.6772415331 44.7986689394 44.9585206591 44.9033838501 45.135195717 45.0965344926 44.6799164898 44.5478006829 45.2045255736 44.7618667944 44.6301146132
55.6949177816 45.0055732618 44.5320902536 44.9072682711 44.9507174129 68.9950966726 68.9950966726 68.9950966726 44.7824024359 45.1148303036 44.8485027146 44.7954088453 44.9394482179 45.0928638521 67.2253762669 60.7041435654 67.2253762669 62.7090226784 62.7090226784 45.1173854508 60.295862888 60.2915922304 82.3706619467 82.3706619467 45.1867566478 45.1981478359 44.6641984564 44.555456825 68.4513680637 68.4513680637 44.773365584 44.9675740643 45.1268249983 45.177641276 44.9416418934 45.1813597025 45.0498515627 44.6575510957 44.5288516215 44.8176148835 45.1027205297 45.0329610396 44.7010890253 64.680747541 44.882981961 44.8091050712 59.5378801657 44.8871678731 44.570317392 44.5660995579 44.8321817318 44.6233589705 45.1203447553 44.9708116951 44.6295702603 44.8841268715 45.0217292027
63.5885357327 44.5920763463 44.9033084549 44.846243444 45.0700603518 44.9847147571 64.9549410718 64.9549410718 44.687050189 44.6669766917 44.6533928323 45.1666270525 44.648001362 45.1422305191 44.7329290487 60.7041435654 60.7041435654 60.7041435654 44.5652155985 71.3788205969 60.2915922304 60.2915922304 82.3706619467 82.3706619467 44.6549094988 44.8731670465 45.2071048183 44.7439573989 68.4513680637 44.6402844263 45.0317145906 44.9704227931 45.0107858849 44.9318047183 44.8658921217 44.8661703496 44.7418254772 45.1594753607 44.637482002 44.5214666778 44.5551827263 45.1009823808 44.501659728 45.0767765613 44.7798830705 59.5378801657 44.6116237356 44.6957581868 44.7286258547 44.59671855 44.7311878356 45.1426143378 44.6605840538 44.7981440573 44.6224038623 44.7386562276 44.5687619573
