Spatial_Output/BAU/BAU_0008.asc
NCOLS 155
NROWS 192
XLLCORNER 196769.923733
YLLCORNER 449719.875193
CELLSIZE 27.603701
NODATA_VALUE NaN
[rows 0 to 22 of 192, columns 0 to 52 of 155]
0 0 0 0 0 0 0 0 0 0 0 0 0 0 0 0 0 0 0 0 0 0 0 0 0 0 0 0 0 0 0 0 0 0 0 0 0 0 0 0 0 0 0 0 0 0 45.5130800285 45.2304773492 45.6254170459 45.8562638793 46.1948865222 46.1334910412 45.7036736756
0 0 0 0 0 0 0 0 0 0 0 0 0 0 0 0 0 0 0 0 0 0 0 0 0 0 0 0 0 0 0 0 0 0 0 0 0 0 0 0 0 0 0 46.4056260058 46.2809238496 45.837637441 45.2338547905 46.0690119235 45.8912671575 45.5895030577 46.3549677402 45.5802694007 45.3488871022
0 0 0 0 0 0 0 0 0 0 0 0 0 0 0 0 0 0 0 0 0 0 0 0 0 0 0 0 0 0 0 0 0 0 0 0 0 0 0 0 0 45.5461963155 45.8161049326 46.1273302283 45.4077385928 45.9949299869 45.3010812706 45.5095756851 45.7921965231 45.1416694043 45.2724777312 45.9021207355 45.3466512867
0 0 0 0 0 0 0 0 0 0 0 0 0 0 0 0 0 0 0 0 0 0 0 0 0 0 0 0 0 0 0 0 0 0 0 0 0 0 0 45.3539505308 46.130980865 46.1846832789 45.8536155877 45.7916252169 45.3521810658 46.4009900956 46.1726118837 45.9122891175 46.3906930822 46.0709449278 46.3147989912 45.2053509562 45.3932517741
0 0 0 0 0 0 0 0 0 0 0 0 0 0 0 0 0 0 0 0 0 0 0 0 0 0 0 0 0 0 0 0 0 0 0 0 0 45.0413818666 46.4103433889 45.956508618 45.6143798745 45.4760678098 46.3681267035 46.2155630483 45.586718803 46.1232218401 45.0357438199 46.0435939467 46.3856616931 45.5250794376 46.0919507557 46.0876618164 45.4568875881
0 0 0 0 0 0 0 0 0 0 0 0 0 0 0 0 0 0 0 0 0 0 0 0 0 0 0 0 0 0 0 0 0 0 45.2765306517 45.8660983694 45.701926207 45.0136836204 45.4362365991 46.2192909002 45.8431106208 45.2757946409 45.9791158193 45.9900830928 45.9960775716 45.8560259347 45.8314757596 45.8533980951 45.5805719642 46.1707673851 46.2098638748 45.9405541462 45.5499553546
0 0 0 0 0 0 0 0 0 0 0 0 0 0 0 0 0 0 0 0 0 0 0 0 0 0 0 0 0 0 0 0 45.982474529 45.5744172743 46.3399480215 45.5960302086 45.0031364143 46.354059335 45.2011924592 45.8169806483 46.157938729 46.2506492544 45.1770637308 45.1736467595 45.6891271429 45.6790651282 45.1254738785 46.1761921954 45.0605532711 45.4084086645 45.5960195557 45.5838661843 45.9161311473
0 0 0 0 0 0 0 0 0 0 0 0 45.2390297587 45.8610349169 45.3139174327 46.231535406 46.0844030751 46.3711568494 45.8770889881 46.0321973935 46.0890485701 45.6338092897 45.8177978652 45.4181904198 45.9932614999 45.7903821768 45.8402818218 45.4876570737 45.4222375144 45.0000478496 45.6525181753 45.0282190012 45.202972374 46.1082015281 45.5749168801 46.319893258 45.0279542429 45.3898843538 46.0365633135 45.5421999134 46.3117190816 45.6584045172 46.3608200441 46.0671143544 45.7385819603 46.0100077023 45.1387184188 45.2166350414 45.6307990658 45.1805378322 45.7473982328 45.5218152615 45.2575470217
0 0 0 0 0 0 0 0 0 57.6538529111 58.5054706001 60.1317950897 45.8003715645 46.4134131701 45.0375927048 46.3849698259 45.3264940899 45.10651821 45.0196440249 45.5060562922 45.7645098258 46.1208382627 45.5048023021 46.2332017392 46.2028289021 46.2614280422 45.5984476351 46.3443814043 45.1958524779 46.2209673402 46.1676167521 45.9084404893 45.2308071462 45.257571318 45.2800633941 45.4815563006 46.3772438142 45.9953266543 46.0626721015 46.225942193 45.4314895877 45.404603636 45.9382707296 45.6488643648 45.8308368405 45.3815997044 45.7239085907 46.0833912758 45.286592063 45.7463629971 45.3018389588 46.2796280042 45.0938575149
0 0 0 0 0 0 0 0 0 55.4016444988 63.2250926924 53.8538690944 46.0394810389 72.8048531594 72.8048531594 45.0940729261 46.2247258 45.0524253094 46.3559398579 46.0330931056 45.8395122749 45.8964706832 45.5239767932 45.7917803535 46.075542812 45.3406415447 45.651242949 45.0560925382 45.7448984858 45.9712805779 45.5563052767 45.2773735228 46.3456589829 45.2692656213 46.0519895602 45.9758490769 46.303065155 46.3490199798 46.2233697255 46.1299447411 45.2162826046 46.2754680255 45.9413517222 46.0868811109 45.2623909154 45.1199081358 45.0432562659 46.3537241779 46.3696740347 46.1616133978 46.0924022644 45.5839434786 46.1229408182
0 0 0 0 0 0 0 0 0 56.4210118544 56.9300103995 63.0353828252 45.1132994504 72.8048531594 72.8048531594 45.2798858662 45.7794706872 46.3997525784 45.283772373 45.0084938849 45.0955897602 45.3098390181 45.0106830646 45.4780093525 45.0586137507 45.3685467458 45.975118098 45.1747225327 45.0175932834 45.3791585564 45.7005980508 45.3643772169 46.3974609511 45.7088042258 46.091438189 46.3143704291 46.3620489617 45.7302411419 45.0665517554 45.2384408636 46.094439163 45.6462809508 45.5806685197 45.0163611036 45.0695205918 45.7799777894 45.0919061313 45.2023386826 45.581992099 45.9009086057 45.2273233105 45.9976805301 45.2897601409
0 0 0 0 0 0 0 0 45.3620241791 46.0097664857 45.463864695 45.3521988939 45.4729111074 72.8048531594 33.0867420411 61.998292622 61.998292622 45.2792190668 45.739722994 45.6395123104 45.5511177736 45.8083824855 46.3793531629 45.4405480731 45.3105549764 45.0657806417 45.2289820601 46.2558140979 46.2789340284 45.5110289738 45.5102748485 45.5395971294 46.229093385 45.1460489905 46.2497204305 45.1654204084 46.1274728785 45.7930630764 45.6629496262 46.188670063 45.1556859345 45.6827439244 45.0142808331 45.4676340894 45.6721311075 45.0279318929 45.4640734072 45.9756735049 45.9259407009 46.176467574 45.3200671304 45.1991952223 45.2771775345
0 0 0 0 0 0 0 0 45.8187197564 46.0730868988 45.0452149892 45.6442082516 45.022160931 45.983223204 45.7077712572 61.998292622 61.998292622 76.1974622436 76.064232655 46.2818427835 45.9491559664 45.2934078577 45.2939462586 45.655120179 45.3729586992 45.6619751969 45.5124211142 45.6721742454 45.8518500202 45.772574365 45.8061621645 45.4718061552 45.8425920498 45.264255749 46.1962424693 45.1143187793 46.3145707915 45.7409086815 45.5363097144 45.8646772032 46.1532992786 45.6765581512 46.4051787585 45.9595512526 45.1237012268 45.6522875848 45.2170256139 45.1173050189 45.9159345402 45.9930848987 45.1520894199 45.1633044738 45.0818818117
0 0 0 0 0 56.7148686152 53.5662276448 53.8909835509 45.7159571634 45.8067421608 45.1933521239 46.3295081473 45.5963026162 46.3689278875 45.0901304993 45.1210762972 45.3769285511 80.7145727244 80.7145727244 80.7145727244 45.112251545 45.7239937475 45.7561588365 45.455705788 46.2126579223 46.0604180924 45.2216763922 45.7263716089 46.2961906513 45.3651496359 45.7955542384 45.7955924219 45.0583273308 45.8446140982 46.0356470325 46.3272157191 45.3826701177 46.1082100935 45.6055758439 45.4647078426 45.0633146991 46.0220308893 45.7923622194 45.2368561865 45.6225653967 45.6243660951 45.6507961346 45.4448756257 45.3571170471 46.2184237318 46.3306305999 45.1597179084 46.3859230071
0 0 0 0 0 55.2891821298 58.6363740809 55.6246115449 46.4103937656 45.407105814 45.3911870029 45.8353333205 45.6197884492 45.7732276181 45.8515780911 46.2582690299 45.875105685 90.3059207865 80.7145727244 80.7145727244 45.9005735583 46.1364709624 46.039941646 45.2209199237 45.8514629782 45.7769127336 45.6023436413 46.1632554519 45.3173009312 46.0899229298 45.5620350607 45.3148878886 45.9324455197 45.2593347673 46.0540376007 45.6446183188 45.9081752338 45.7676406298 46.1409290522 45.1673545705 45.363026488 45.3045327638 45.0595785881 45.4269434268 45.423255809 45.4233865846 46.1116150584 45.5103472949 45.9588476969 45.2452184529 45.1361736088 46.2204639299 45.9570743016
0 0 0 0 45.4359560084 61.0212695078 60.3568774881 54.5419819007 45.644162134 45.273811135 45.8625996366 45.4639643547 45.5669760791 45.9167854205 45.1517102691 45.2725982597 46.3582719082 45.1177919317 80.7145727244 45.4591118021 45.2697034741 46.074248355 45.3414134643 45.4996341561 46.106811128 45.0778005649 46.0739588348 45.136036493 45.3325518179 45.6587359066 45.3930678061 45.7506802492 45.861129748 45.4179867133 46.237245241 46.0200351074 45.4397583815 45.8656195816 45.1172198943 45.2129408373 45.3018821239 46.310069784 46.1971907 45.6506194677 45.3707944852 45.1887969847 45.6944960297 45.8085330513 45.1139930699 45.9583399138 45.7419791323 45.3326284937 46.2245172493
0 0 0 45.7165482148 45.4789218291 45.0670140872 46.3527133505 45.4183735015 45.6738134672 45.6194540654 45.8020018103 45.8535358452 46.0032002484 45.8063793235 46.177675442 45.7879552426 45.7632007671 45.8294189947 46.0366693381 45.2103749194 45.0205460615 45.7260063532 45.6176960506 106.2541545753 46.0597575688 45.1520762933 45.7050558124 45.0141478272 45.016957999 45.1879492942 46.2134759833 45.120334428 46.1541911334 46.0565408317 45.4995833412 45.6326613454 46.3109137403 45.1173233258 45.1234739264 45.1937334834 45.6864850264 46.1655930913 46.3762194674 45.1156694781 45.7672256705 45.2282073856 46.2872618385 45.8266207247 45.9341459146 45.7065225657 46.2024228256 46.3072276937 46.1771552679
0 0 46.004970075 45.9786044333 45.3062022771 46.0595550393 46.2164661966 46.2972079553 45.8240844263 45.5129775732 46.1369479218 45.8653899126 46.2819966842 45.6640324421 46.1755214556 45.3134781571 46.1398177222 45.8907310639 46.2667672071 45.0350390215 63.4381407486 60.3958325796 106.2541545753 106.2541545753 45.4563434015 46.2929652595 45.6486843768 45.0198855764 45.672691285 46.2934911169 45.1921843532 45.346672113 45.135232255 46.0220752749 45.5029530559 46.2413577764 46.1544392754 46.1019390131 45.0576346565 46.0708645918 45.4373940539 46.2730102981 45.3249126335 45.0856925107 46.0478298872 46.388287894 45.0760646487 45.8822116244 45.7337430168 45.9307988866 45.0798842876 45.7994486354 45.1933405387
0 0 45.4470640234 45.4033948707 45.019010692 45.0024289478 46.2731593738 45.2596837014 45.4970848436 46.1750723891 45.6672258391 45.7281771265 45.7252236831 45.2052454274 45.9189315808 45.167703007 46.3866509489 45.9264035574 45.8068446183 45.4180765821 45.5011676617 45.9910153155 106.2541545753 106.2541545753 68.593316361 68.593316361 60.2688037465 45.1946854056 45.4060150138 45.391424595 45.2850148949 45.2368399398 46.2065796488 46.3795214065 45.4214042094 45.1844694232 45.1146128006 45.0300277789 46.0332335454 46.152668918 45.8716648331 45.8126773535 45.6070104798 45.2721148602 45.4285319554 45.6469526723 45.286881462 45.2995899574 45.4659794698 45.9209764753 46.2935103181 45.3362875937 45.3986519921
0 0 45.0084805296 45.1531694914 45.0009286329 46.0638193126 45.6680469191 45.5297400253 45.8288095858 46.2246891551 45.2740210235 45.9139640882 45.5781736376 45.063412057 45.9317078776 46.0301294836 45.0846547419 45.2095404506 46.1890433524 45.1640942841 45.3291884866 45.3720288034 46.0151667002 45.0097616409 60.2688037465 60.2688037465 60.2688037465 69.0006101375 45.2865799066 45.9337663829 45.5227453198 45.2231252249 45.9474638357 45.7353193422 45.6467046183 45.7270192703 45.9297396565 45.861074878 45.8053278725 46.1519134007 46.005377596 45.4026329489 45.4076254077 46.1300002753 46.2571374248 45.7692042342 45.0767436537 45.1060648984 45.686128975 45.8248716111 45.7325039915 46.0092024886 45.9370255556
0 0 46.0404664356 45.5599869403 46.0048825185 45.3989051104 45.5265305258 45.4032372795 46.1499684051 45.6734508727 45.4878245459 46.2652943437 45.3349665948 45.4757567031 46.3433701329 45.0700793271 45.7825960741 46.3667472937 45.7323422995 45.1879419079 45.1754379908 45.7187846414 45.4539654631 46.0661728358 46.0617328644 60.2688037465 69.0006101375 69.0006101375 46.2768468756 45.9849470283 45.3634557955 45.5609212334 45.4955386515 45.5373367067 46.2793589681 45.6975007002 45.1626911254 45.0750757855 45.6308978591 46.2174246569 45.8570209129 45.8391604439 46.0393153692 45.5803334391 46.1245228961 45.7806540374 45.7491513643 45.9696674245 46.4062923333 45.0921506968 45.4923162889 46.3650943842 46.1076656186
0 0 45.1246231255 45.1679224013 45.0261881739 45.0091224754 46.2928191651 46.3183933632 45.6835046649 46.3722705577 45.65720652 46.0946573226 45.260149925 46.2352747563 45.5670268794 45.496003753 45.7915630767 45.9497305529 45.2630039282 45.9118946339 46.0208582443 45.4649512809 45.4336624691 45.0103001531 45.6009015857 45.9171874598 69.0006101375 60.1427024748 60.1427024748 46.1504733576 45.5663120457 46.1306955085 46.01088478 45.7736387559 46.2750232622 46.14394064 45.4821825174 45.3999734259 45.9382903226 45.216908991 45.6847797545 45.5047591205 46.1341042728 45.0703485263 45.1831887142 45.9853281779 45.520155577 46.2804747264 45.0252041419 45.8883941964 45.8180186204 45.5995644236 46.3459540846
0 0 46.3361261376 46.1392525636 45.8191969017 46.2761347595 46.3852001764 46.1583099975 45.7159670682 45.9657631848 45.6654899674 46.4067414151 45.894715045 45.4408498343 45.0861165296 45.7182950751 45.6589548426 45.6066870346 45.3011434344 45.1020271865 45.1917862544 45.659436022 46.0701081578 45.5919109549 45.7129031412 45.2993661856 46.192506539 65.3964026321 45.5694238631 46.3596368739 45.365004365 46.3224232306 45.3353479434 45.70175137 45.0569160946 46.0324378503 45.5124863415 46.3629290114 45.8216630372 45.1856187917 45.5686862671 45.636103092 45.7175534836 45.1474009396 45.4848789125 45.8961384951 45.6639675466 45.7507490762 45.8715416145 46.3407252142 45.8643310404 45.0768474543 45.7305029008
