Spatial_Output/BAU/BAU_0693.asc
NCOLS 155
NROWS 192
XLLCORNER 196307.867259
YLLCORNER 449144.565805
CELLSIZE 33.573938
NODATA_VALUE NaN
[rows 75 to 99 of 192, columns 57 to 113 of 155]
63.9388967393 25.3985128862 25.0197683673 25.90639653 27.938294064 26.6591460867 25.901915857 42.5758889903 28.4928615134 28.016138117 27.4441169584 26.6286821638 26.7773073348 25.4455447862 28.605573536 51.2515869149 51.2515869149 51.2515869149 47.8377281416 46.2666081665 42.0163513966 28.9879219558 26.587551888 26.2844798662 25.0752164179 27.141540524 27.5154115201 48.575157389 25.0158536993 25.8161644752 28.145869456 25.4644529055 25.6739214412 27.1222715451 27.0348389015 66.9414515937 47.152302309 47.152302309 47.152302309 75.6090890303 47.6446202824 28.8679779199 25.9717350492 26.7568562618 62.1367790837 62.1367790837 62.1367790837 27.1398969435 26.9301244677 25.4159636067 26.8408833698 26.0391218586 25.0874803681 27.9378302399 27.8468412821 27.6014288267 26.8526986501
54.3783561112 26.0034241123 28.6656404217 26.9594716677 25.3250205895 26.8072842535 42.5758889903 42.5758889903 42.5758889903 26.9027455468 29.0461030166 25.5805887439 25.2728486535 26.3364599704 54.7882226538 51.2515869149 57.4521439723 57.4521439723 46.2946373983 26.096733769 27.0549435336 26.7167646164 27.2782300791 26.1274799492 29.1235811405 27.4495062587 48.575157389 44.0841108144 44.0841108144 26.986177619 26.2405424577 28.3176863456 28.6523145197 27.3528139103 28.6064285719 26.3165765703 26.4876086677 56.4305784924 75.6090890303 75.6090890303 47.6446202824 25.3467292813 25.4728765008 28.7473181808 27.6477433848 27.7828494645 26.2698677974 26.4472138118 27.1433032373 27.0786456378 28.5114417726 27.1692600175 28.1075844763 29.1477554482 25.1672534178 25.420001501 28.652780587
64.2402731629 28.2823954108 28.4023262192 28.3743602158 27.8659108735 27.8020525314 42.5758889903 42.5758889903 63.4106453115 29.1598047956 26.9944085131 43.4412228059 46.304132842 38.6699783762 54.7882226538 67.0276409382 65.9126635546 55.7691649851 65.9126635546 28.991352931 28.7187300443 25.64498577 25.8727135287 25.7342940708 26.518745381 26.6717991445 25.3881489129 26.5993675558 26.939047215 25.580674612 28.286917197 28.8868790662 27.0992781556 29.1173607761 25.2407326395 27.822948362 25.1554086911 26.2745670546 26.8324516006 47.6446202824 26.7321229462 28.1801212259 27.5911545726 26.3470888775 28.1171012815 27.0558748602 28.5201495774 25.6668508186 28.4514262979 28.7674120825 25.3550232837 25.6437597433 28.6475372096 27.5276308152 28.4605713145 26.5842593728 38.3476099313
25.7241263186 42.9919137971 29.2158021543 65.8849677434 38.1419921986 50.8323992528 57.8115959458 55.8685802711 56.8322410448 55.8685802711 60.1699910702 37.3634023901 47.8726864772 41.3483725498 25.1183860792 26.0436979165 55.7691649851 55.7691649851 39.4721894541 27.484308634 26.3607252265 26.97611097 27.6124306936 26.8862728916 25.5610390762 28.3815556574 28.0550962716 68.1221966298 68.1221966298 68.1221966298 27.579028863 27.8894771546 25.5400018398 28.8037829822 29.1046724851 28.2106251225 27.9392498105 27.7984116929 28.2193003382 25.1609188969 27.4631775791 26.4597624399 28.0736896713 25.3600626935 25.4037533956 25.3203371253 61.0370703381 61.0370703381 27.1941875886 27.7642341177 27.5734500656 28.0655522238 53.6253800337 27.1625257454 55.6858675069 38.3476099313 38.3476099313
28.1998066234 42.9919137971 42.9919137971 38.1419921986 38.1419921986 26.3135162792 25.4964766602 56.8322410448 56.8322410448 56.8322410448 25.6721322553 36.1010481638 38.0144552185 38.046332519 25.1262927165 26.992996518 39.4721894541 55.7691649851 27.5456841543 25.9125922506 28.9987547243 25.4307860097 27.5683290162 26.0121629337 25.1669704439 27.4312074891 26.9453945487 68.1221966298 68.1221966298 26.2857810902 27.9541043837 28.4396627004 26.8139995581 27.1390484861 25.367852432 27.147583061 25.4236283551 25.0151992029 27.7982621307 25.0720785326 29.185261016 27.9522084221 25.5362984829 28.7286278635 56.6975837682 26.918916591 61.0370703381 61.0370703381 61.0370703381 25.7428269338 26.4209061765 26.5527062484 53.6253800337 53.6253800337 55.6858675069 27.5487463652 38.3476099313
26.5581080363 42.9919137971 26.8663166041 38.1419921986 38.1419921986 26.1735768899 41.0803232015 41.0803232015 41.0803232015 28.8818603002 60.1699910702 26.6830896629 26.5881582289 28.9280287976 25.4317694168 26.3582108967 44.3803776738 44.3803776738 28.746773174 26.6189209497 25.2036969431 26.1974041553 26.0049869934 27.4418031126 27.7139772781 29.0146774647 26.6896120409 25.73751668 68.1221966298 27.0510031057 26.2615179883 25.703176453 28.9259444468 27.2308596429 25.699722108 27.9512974749 25.4437580856 27.9791914211 28.9482317153 28.0932392161 25.5308573502 27.3608795901 27.8099374435 26.7393668725 25.2080255623 28.3782680684 28.7357833513 61.0370703381 26.6561006638 27.2379568766 26.5297095695 26.6317553507 25.7711445814 28.3716170574 26.1184868028 27.5453039085 27.2906663598
28.7006227243 25.9196883285 26.0064245231 26.7330285281 28.7493971616 26.4547425055 25.2008829823 45.2647314658 45.2647314658 45.2647314658 26.3938332467 29.2063114895 27.1224414733 28.3960610113 28.6765096059 27.547429425 26.3181573951 41.8439724161 41.8439724161 41.8439724161 25.0885120472 27.1068862018 25.9826456742 25.5357787494 28.9868206801 29.0963747082 26.0508170461 25.7789546647 69.5496971155 69.5496971155 28.8546768816 27.2142529019 25.7569559216 27.0874637031 26.5778556193 26.3599269353 28.2269364402 28.7780697407 27.4536398703 26.8679472568 26.5953334834 28.3481030493 25.9328545167 26.1734137273 47.7368119074 46.2267992213 46.2267992213 46.2267992213 27.5269041197 25.526955393 26.0792237961 26.4455826015 26.4119402204 25.6026809329 28.5956946568 28.8487710244 27.5641503015
26.7682215908 28.746329049 25.2675577467 27.371691842 25.4220581701 27.2639950613 28.7411031959 25.1722779744 45.2647314658 27.7856542564 28.0813375816 28.2676287372 26.5592850969 27.0769115881 25.2611231084 26.3144324152 26.4846260071 41.8439724161 41.8439724161 25.9739821584 29.0892223845 27.5581480784 27.6738637092 25.7720477532 25.0487597684 25.8277795382 25.8527852397 25.6259618374 57.234678865 57.234678865 57.234678865 28.6312223332 27.2724086039 28.1295957675 28.1955692283 25.906368247 26.4067639085 27.9642488875 29.0934139735 25.4333478389 27.132240854 27.7411967018 28.0884411943 25.1818904949 25.821238515 46.2267992213 46.2267992213 68.8645400651 25.6877483895 28.6751483451 26.6559958269 25.5761721922 26.5180878975 25.6889428097 25.8817072851 28.21778218 28.5400286562
27.2267325065 28.1081540741 25.6685326186 28.1940535719 28.5682096808 26.252244249 27.8967410756 51.925856735 51.925856735 28.2906497656 28.2822422446 27.773446003 26.9125363507 25.0656999358 27.1077042999 28.6415578104 29.0239134158 25.5283347589 28.6773079178 26.9785582072 28.091452961 25.4374108766 28.8648336741 27.1139324091 28.1032098676 27.1382270496 29.2069651384 27.1366642525 57.234678865 57.234678865 25.263643555 28.3787796113 26.2789349457 26.1453143043 27.2603504975 27.7754080599 26.6005357253 27.38453816 29.0655537473 29.0370131901 26.2584259121 26.8951770688 26.7334650382 25.5548723666 26.0229623408 68.8645400651 68.8645400651 27.1979746036 27.2121903447 25.8712125662 25.0965688049 27.1884000662 25.6129138522 26.4777647836 28.6089217612 27.0320364466 28.0095687036
27.4555759306 26.3247381439 27.5825822598 25.9880686771 28.5764919027 28.1947035039 51.925856735 25.2286917938 51.925856735 26.6245861121 25.5083011702 26.7507084984 27.11178559 25.326093606 28.0090554302 26.9221382376 29.024019225 41.8414189882 25.5953343454 28.1290632501 27.7105561371 27.6593678299 29.2024512655 29.2071966612 26.7556587557 26.4754383109 28.6864546988 28.0595679281 25.4326285505 29.2221378434 56.6334796015 27.8658578483 28.8542238232 26.0216367658 28.5368519252 28.8634324653 27.0273441255 25.4061752097 25.4570398534 28.6104324923 27.4086806812 26.143045108 29.0841478579 26.2058960609 27.3700637871 69.4191618299 68.8645400651 69.4191618299 25.8024048595 25.6320940467 25.1441762317 27.8362766378 27.4299299653 28.947753955 28.4528627753 25.0466747801 27.8305015323
28.4526809601 28.7896462663 27.8495775509 29.180475054 26.9026571832 26.3965522342 27.7661722852 50.4863259578 50.4863259578 50.4863259578 26.9832026405 26.0053765727 28.3804324427 29.050921856 27.5899159425 25.1282600151 27.186083836 27.9136610038 25.9488414372 26.0990721647 26.9149155165 27.49253095 25.6807287256 28.4278706315 28.5826266998 26.0616382907 28.8638176809 25.6825733367 56.6334796015 26.9912814414 28.7017615388 29.0645632485 25.8324449755 28.0145141981 26.0639666376 26.4145221142 27.1420777265 27.494633699 25.9927619852 27.7325971983 28.69553829 26.9646053755 25.9611251323 25.071401155 25.4691137038 49.6179412812 69.4191618299 27.8245299338 25.3905764228 26.9750825382 28.8934185656 28.1725526205 26.3244538042 27.6875820833 26.5720169013 28.9010264033 26.733781213
25.8461233636 26.6295393514 27.2615239161 26.5231990173 27.4115429705 25.3453163254 26.8645752967 50.4863259578 50.4863259578 26.344739236 28.4929971126 26.0285121556 25.5207647433 29.1438056547 28.3678168983 27.8702379094 28.0575797197 26.017887729 25.8063840035 27.9355771541 25.9104621875 26.900132056 25.3938675246 27.6350854524 28.8210330777 25.9777846667 25.8371351943 26.916500377 25.4248667459 27.4567126908 25.5914063316 27.3311600748 25.1036530457 28.3550351362 28.1793052021 29.1241088856 28.3953463145 27.5633483176 27.8106473015 28.9303250758 27.4438134271 28.4253534637 25.488346793 26.2814641417 26.9730153913 25.7730345036 60.4409169173 60.4409169173 27.7718831887 37.5541810488 53.2835110665 47.9738767448 50.2961949113 26.3834893239 46.5384799093 25.8052753758 55.7880976697
27.6975059311 26.2842979376 28.1428470611 26.6553567913 27.6369317133 26.9520343862 50.4940945371 50.4940945371 50.4940945371 50.4940945371 29.1065061455 27.579730294 29.2227851827 25.6320847015 28.8447984705 26.8125608563 27.7372641463 26.7574821222 28.2764480449 28.626683314 53.7831994779 25.3026723974 25.2546592442 27.2488234938 25.7874140931 26.1172633736 28.7515074751 25.7898593758 26.8761854086 25.4587747061 25.1378113016 25.0552784143 27.285355855 29.2006872748 26.4115310007 26.4212659278 27.9602605818 26.9934656164 27.3010830257 26.7817871953 27.9433075961 28.8848244927 27.3612451415 28.1344531701 29.0095206269 60.4409169173 60.4409169173 60.4409169173 37.5541810488 37.5541810488 47.9738767448 47.9738767448 47.9738767448 60.4725050752 49.4014159992 61.0677506168 55.7880976697
26.6793559312 25.5838912167 27.3861066412 28.0468701417 28.5844770438 26.1132692919 27.2831729889 28.0208483212 50.4940945371 25.364034728 27.5682214146 26.7535277965 25.6976753513 26.1113107678 28.4648272352 29.172516717 28.4701201237 25.0076475434 25.5802427374 25.7489610725 25.0874310037 26.1324744521 25.9430195052 27.5161870396 27.7831988804 27.3304771712 70.6947919928 26.0243391559 27.5359341755 28.7545193858 25.4650933793 26.0079833637 27.5081242843 26.649858491 29.0558373601 28.9756434115 29.0700078877 27.6071067939 25.2139131534 27.0451033793 25.1371669391 26.7461849368 26.5926632771 25.9942815796 26.0738153964 45.5656662015 45.5656662015 45.5656662015 29.1329129732 37.5541810488 69.2252186842 47.9738767448 60.4725050752 49.4014159992 49.4014159992 61.0677506168 55.7880976697
26.4407753515 28.2418392579 27.8321237885 25.4438037612 25.1226942813 28.1642309238 25.9512846563 55.9214787162 55.9214787162 55.9214787162 25.4207383309 26.8227069529 27.0164720354 26.2548702052 27.9403360666 26.3626340273 25.9959305001 27.8254961028 26.0808653476 26.1515205926 28.4551990297 48.7090603208 25.3672562827 55.1792778755 44.4478230873 70.2661079757 70.6947919928 70.6947919928 25.1282902447 63.5111854616 25.3264665583 26.5408364931 26.2237877379 26.8624506381 27.9325252484 28.1484651553 28.1645121879 27.256833787 27.3825139623 26.5003710567 26.9966707451 26.6762386312 25.2956023322 25.6784674443 25.0027972861 27.691777581 45.5656662015 25.3383184759 29.2275025949 25.4281569811 27.2137928456 28.6701152127 26.0644726513 52.9206922058 49.4014159992 58.7285576542 55.7880976697
27.3993347332 28.2468037696 26.847103864 28.5724374723 27.6489287251 28.4719424106 25.5697776869 55.9214787162 55.9214787162 27.8566287032 25.7487639845 26.3626816556 25.7781012797 27.8399851505 25.5604778334 27.8548554966 27.9000562937 27.4809749821 25.4812759015 28.1792508792 48.7090603208 48.7090603208 48.7090603208 25.0914059333 55.1792778755 70.2661079757 70.2661079757 70.6947919928 63.5111854616 63.5111854616 55.7450749076 26.1573431778 26.6421962306 25.4770367084 26.1475104408 25.728532878 29.1336897268 26.4441179396 26.0951013194 29.1940642951 26.3073224136 26.545124342 25.1544570211 26.979463691 29.0994530088 28.4171809403 46.0542686804 46.0542686804 25.8599967093 26.4035855215 25.5262158047 28.0351240368 26.5052488352 28.2620975678 28.919681962 26.3175666182 25.2053607866
26.4015768742 26.4159880239 27.4924938593 28.8722544934 28.1240451604 28.7858797955 26.28890372 29.1634631004 53.5274876396 61.0848787336 25.4510614916 28.9398033442 26.6109290271 28.3207136682 26.6650526194 26.1139565537 25.4316525333 25.5887115184 26.8336561941 28.7626380295 27.7649747697 28.790687942 27.0517984561 26.2351397911 26.5635640049 70.2661079757 70.6947919928 27.6981431909 29.0049257135 67.0592309334 67.0592309334 67.0592309334 56.4009099924 28.3718352877 25.7735794562 26.7866781082 29.2106130962 26.5999576403 27.8384724675 27.3628615222 26.8294411747 26.4133314059 27.9751126893 25.8042452476 27.1345159021 46.0542686804 46.0542686804 46.0542686804 46.0542686804 25.8599878494 29.1701078013 28.3168482966 26.6658970417 25.6410159303 28.4682381546 26.3126339467 60.9000006142
28.8953851443 28.2447939299 28.8806718734 28.6073668798 27.9417081698 25.8888491494 28.7010203659 28.1017088214 25.9412920159 26.3768722507 28.8686034975 27.7590167319 25.3808389877 26.1172567104 27.6394105352 25.0809610235 27.6265262135 27.1512377804 27.1886430892 28.9664572842 26.8897218686 26.318756355 25.8966816165 26.5191162732 28.2563828747 26.4864007229 25.6999444059 27.7100634083 25.7700040415 54.480372839 56.4009099924 67.0592309334 66.0708095475 26.1524410616 28.7654636551 28.9118676759 26.1122811641 27.8660002306 28.5437470851 27.7345519035 28.2573278917 25.6476538438 28.6057953215 27.2676512633 26.3757726902 26.917089669 87.0892901857 87.0892901857 25.1418029775 26.3507870214 27.5979167069 28.8553273732 27.3448397409 26.6732182425 28.3633095354 28.3400366823 27.3748417624
27.8143371542 26.3031126897 28.7721855017 25.2772898254 25.1126519164 26.2641846364 29.1880133962 25.4814003019 26.1632787696 28.0882753571 27.1199039246 27.2846186684 25.8682312898 28.0931818195 27.5542533144 28.4522782275 27.0064586099 26.5656865968 28.798876058 42.3696129705 42.3696129705 42.3696129705 27.1340928796 25.4269232559 28.6531807856 27.588224 26.7643457635 25.5532532911 27.4745809131 28.365717695 25.3444103753 56.4009099924 25.6039307995 28.6418843091 27.2191233368 25.4446653142 25.0676708062 26.6749485499 27.4581439192 25.7930810607 25.6982363268 25.6676583426 27.7446666566 26.9856401876 25.0280785306 87.0892901857 87.0892901857 87.0892901857 87.0892901857 25.2756352929 28.757297789 27.7018777483 25.0146443843 28.4421527326 27.3844679178 28.3871347321 26.8247217058
26.1436731742 28.1153844876 25.1585083893 28.9284097777 27.0656382051 26.8115642802 28.5156559038 26.5888539785 45.7784238828 28.6590327591 25.2245386141 28.8201307996 27.0599767611 25.2467065327 25.6119297536 28.7484399559 27.5153506074 27.8575969856 27.1588041275 42.3696129705 42.3696129705 42.3696129705 25.7118127113 25.9097836858 26.4273076854 25.9953516762 27.8407454295 26.4269637191 28.6560623037 27.4796893244 67.699290609 58.6565176538 58.6565176538 26.1417843141 28.2555934881 28.1229921274 26.9537187254 25.510038224 27.807390552 29.1138314801 26.7507611758 27.1814371179 28.7222859131 29.1018687747 26.9931432439 28.5395118112 40.4890314711 40.4890314711 40.4890314711 27.2694480073 62.1524232277 41.0814470784 27.7674562134 26.4144886984 70.2935420311 27.8937766508 25.9308229994
27.5566918808 27.1165766281 26.7862618312 27.6150923276 26.5189763993 27.7817143702 28.252820922 45.7784238828 45.7784238828 45.7784238828 28.5045310888 28.5501871699 29.1879036721 25.0153872275 25.5638359924 27.0595134427 27.9984586365 25.7693787589 28.8390017541 27.8978462931 55.2474379034 54.7409843104 25.6514873618 28.5630880614 26.2538560117 28.1195696761 26.7532512655 26.6186914779 27.0449559996 26.3322412604 58.6565176538 58.6565176538 64.8098809348 60.5743512785 27.7363859744 26.9846992409 28.1199874449 26.4480520965 25.0500311245 25.1300011212 26.4030617534 70.2141447142 28.5996336899 50.9697779844 68.4244514969 68.4244514969 72.8930199102 72.8930199102 67.0966376836 54.6692860365 40.4591202231 40.4591202231 41.0814470784 63.6455912885 70.2935420311 70.2935420311 45.8551271788
25.2019354679 28.5913659428 28.7542147404 28.1877100448 28.8856303804 28.6412983366 26.6916595473 28.7601610676 62.9407153703 27.7524686632 25.1651830787 25.8523596387 26.6666077813 26.1798794115 27.0019874518 25.5429545582 28.1574426033 56.2250091692 28.1944957206 55.2474379034 55.2474379034 55.2474379034 26.0917645951 29.1120427549 25.7683670618 27.8631804818 52.5052630849 26.35943043 29.0739391749 48.9539394097 49.5948157301 49.5948157301 64.8098809348 64.8098809348 55.0106816864 55.0106816864 50.9164235734 50.9164235734 25.3600589709 69.2390545413 70.2141447142 70.2141447142 50.9697779844 50.9697779844 68.4244514969 68.4244514969 72.8930199102 72.8930199102 25.2516480853 54.6692860365 40.4591202231 40.4591202231 41.0814470784 63.6455912885 70.2935420311 70.2935420311 27.0974559638
63.6965874939 63.422895045 63.422895045 28.4230956816 26.8136690138 27.5426920971 27.2370099239 62.9407153703 62.9407153703 62.9407153703 27.4737613461 28.43450213 27.9402099304 73.7640080378 73.7640080378 25.784528334 56.2250091692 56.2250091692 53.0352401923 56.8339435767 29.0992817453 25.4479019128 27.5131385021 65.8261487268 60.8440924341 60.8440924341 60.8440924341 52.5052630849 62.7093311383 48.9539394097 49.5948157301 49.5948157301 49.5948157301 51.4673333721 55.0106816864 55.0106816864 50.9164235734 50.9164235734 25.2307124985 26.9670390014 70.2141447142 70.2141447142 40.167348784 50.9697779844 68.4244514969 68.4244514969 45.7738655274 26.893299011 28.4821392315 25.192146606 40.4591202231 27.582290883 25.9384888507 27.4008959499 28.4493118674 27.892076939 25.6801102665
26.3706711157 63.422895045 63.422895045 29.0586913442 27.5052454927 27.2746014579 26.2251485541 25.5228760531 27.5576992707 25.3532125823 28.1419436473 25.8568557646 29.1096820406 73.7640080378 73.7640080378 61.7617891418 56.2250091692 56.2250091692 53.0352401923 55.8255051154 55.8255051154 55.8255051154 28.3639454365 65.8261487268 60.8440924341 60.8440924341 52.5052630849 52.2922897244 26.9745590092 48.9539394097 27.6965809964 49.5948157301 25.4829088471 26.1947953362 27.9722030231 55.0106816864 63.8059852219 28.5679563187 26.5497588173 26.7244007672 29.1383550924 28.5943656717 27.7902795769 28.4393407443 28.6911908929 28.743820252 45.1088997365 45.1088997365 45.1088997365 25.4751131241 26.2158157642 25.8353747313 25.9300507912 25.8418271481 25.8611024829 25.8273651518 27.3285027119
27.0674947904 63.422895045 25.4990266554 65.2980692415 28.604618181 25.6597233439 27.1894797181 46.2859147179 46.2859147179 26.3937878655 25.3800531932 25.6831795561 27.9776643031 27.6637261393 26.7573602742 26.754792404 27.5386190672 56.2250091692 53.0352401923 56.3347204802 55.8255051154 55.8255051154 28.5852162166 28.8325220353 26.0195805465 27.3956385183 28.0946576233 27.3774646724 25.6852781252 26.4344920737 25.7975050718 26.520674946 47.5962850778 27.2912282423 26.7355868471 25.0956847111 28.8285796899 28.6368680716 28.2061835122 28.2941423845 28.4690616145 26.5075035724 28.3872444711 28.4130120247 28.6144525009 26.4717328299 57.4472529492 57.2863363407 57.2863363407 28.9650305983 26.4412189082 27.6401536647 28.7906416645 26.9398499549 28.6214456768 25.2868690281 27.6776876109
