Spatial_Output/BAU/BAU_0166.asc
NCOLS 155
NROWS 192
XLLCORNER 196307.867259
YLLCORNER 449144.565805
CELLSIZE 33.573938
NODATA_VALUE NaN
[rows 100 to 124 of 192, columns 57 to 113 of 155]
44.9459399444 45.0812269264 44.7967179034 44.5536429043 45.1485040978 44.799171102 45.0536728158 44.9940664747 44.5295992379 45.1400198746 44.5361531709 44.6560479045 44.6896192151 44.6609367296 45.0329894515 45.1386743056 45.0963939525 44.7641024552 44.5845251618 44.7794673171 44.6925140548 45.096946503 45.1824099035 45.1171613344 44.9598988922 45.1977881987 44.7636546023 44.7492304894 44.8446133745 44.95627254 44.9396099203 44.7476698446 44.9766049057 44.9301661261 44.793593844 45.0152271665 44.772474566 45.0504871452 44.5960111734 44.6219490276 44.7518236279 44.5713771295 44.9097541729 44.5623397273 44.6756848103 44.5865164819 44.8827256255 44.8452936621 44.6892013728 44.7165457316 45.0675266964 44.6564903678 44.5873437526 45.0446770819 45.1150097029 44.5047705351 44.6842317012
44.7366788233 44.6311112682 44.7738177325 45.0357526377 44.8013008212 44.8063800152 44.7544852749 45.1316730277 44.971756016 45.0208532805 44.6468632324 44.5810097093 44.5119298857 44.5756366145 45.1706437971 45.0055820779 45.1567400533 44.9471175346 44.7975403167 44.8691600533 44.8718324827 44.839677646 44.6158458275 44.8422723526 44.9359852289 44.9133538546 45.1640919119 44.9636431021 45.029642196 44.5711763488 44.713415528 44.5594410994 45.1296242897 44.830578694 44.9433336032 44.7086702132 45.119168412 45.1330774017 45.0504226663 44.7556234803 44.9932476713 45.0788737199 44.7068635322 44.8561460568 44.7600614842 45.0697336644 44.5732686267 45.027385865 62.7225294127 44.8219549632 44.9614744126 44.8309233162 44.5789696804 44.5674224631 44.5539237366 45.1585613031 44.7260524419
44.9550686504 44.5160384168 44.7237751236 45.1701791867 44.8453144651 44.6205169211 44.7710446213 44.5861289877 44.9119168505 44.910758264 44.6839449093 44.6883168647 44.7812405577 45.0010786331 44.7947584172 44.8358929034 44.7015545151 45.1206898905 44.5268871228 44.897325137 44.5298497732 44.5891936915 44.8966044964 44.8700956524 44.6876404039 45.0470513307 45.073832476 44.6994751095 44.511032519 45.1842418235 44.9894299309 44.8463045326 44.5403503773 44.948699217 44.7072078147 44.7519952911 44.7507867966 45.1076339471 45.0628840839 44.9974735299 45.0105559411 45.1510861499 45.1647584136 44.7762769455 45.1049615371 66.2645469931 66.2645469931 44.9795736567 62.7225294127 62.7225294127 45.1720129684 44.8563176498 44.7382987289 44.9696854799 44.8949072986 45.1320731326 44.6895038523
44.7909233164 45.0440655205 44.8694200085 44.6702031209 44.6683677368 45.0926415139 44.9846512103 44.808508683 44.7367415014 44.5082736102 44.939344484 45.1102826275 44.8807388059 45.0167372353 44.9396679016 44.8826720741 44.5473734863 44.9852721398 44.5606961196 44.703172376 44.9492022983 44.9761415881 44.6700324895 44.758351833 44.7338134408 44.6497333051 44.7847577189 45.1391975152 44.983517775 44.5408963667 44.8168633645 44.5377179701 44.5739260079 44.7320084249 45.0810392717 44.6799874872 44.6934064814 45.044051248 44.953636653 45.0364362332 45.1887360543 45.1550347828 44.8684953864 44.7273780719 44.558115138 66.2645469931 66.2645469931 58.306042904 62.7225294127 62.7225294127 44.9017577141 44.7564576247 44.6132485648 44.5962745063 44.8707795311 44.598541539 44.7157775575
44.6511682317 44.9401117406 44.5182921029 44.6319610351 45.125572758 44.6124687538 45.0756257464 44.7551886447 44.6908019268 44.6792206032 45.1056975952 44.9871145572 45.2000367446 44.5039087909 45.1932017649 44.7424317485 44.7026829556 59.0228868898 58.6270466681 58.5073518399 44.5498139165 44.5273000973 45.0403487412 44.8906848734 45.1330003763 45.0910660377 44.6786878064 45.1671251643 45.1702416008 45.196085777 44.5526886001 45.0690019026 45.1661264572 44.9133020117 44.7111055942 44.8887084447 45.0798815853 44.5692235251 44.5859562718 44.8645293358 44.5231277362 44.9895372417 44.7310010876 45.1190229975 45.0587644455 66.2645469931 66.2645469931 58.306042904 58.306042904 58.306042904 44.719872236 44.971092601 44.7752869157 45.1720125247 44.6778405772 44.5125417505 45.187593731
44.5172775328 44.5537653814 44.58968806 44.7960433922 44.5566695208 45.1303630199 45.014899023 44.5292666219 44.5903607927 44.6201743831 45.198886275 44.7835562563 44.526498219 44.5058771283 44.8505594031 44.5424562096 44.5836334142 44.7965305618 58.5073518399 58.5073518399 44.7411271282 44.5331067408 44.7575271466 44.8140336766 44.6990467609 44.681737736 44.505460093 44.5131686324 45.0901536544 44.8060573576 44.7044977776 45.0865265001 68.9197677996 68.9197677996 68.9197677996 45.0689556098 44.7803442359 44.8774340339 45.2035946669 44.6168672698 44.7980982284 44.7681228561 45.0043621278 45.1380742788 44.5105481265 44.7603584437 44.9848542287 44.851559573 44.8255397151 44.8517552903 44.6444887652 44.5926429596 45.0829933657 44.7309909089 45.138095137 44.9459180393 45.0111846329
45.1906956889 44.5727415988 45.031585621 44.6966857924 45.0971876881 44.6201624856 44.6523474399 45.0795027097 44.929855652 44.8115873001 44.6015272393 44.6754141276 44.8486450007 44.8981972921 44.7096475955 45.0071598269 44.9591873532 44.5499235445 58.6270466681 58.5073518399 77.8834687376 44.5863335417 44.651549473 44.8938937581 44.5694439546 44.7780295533 45.0666020709 44.6748625469 44.5830518936 45.1053709713 44.9372652287 77.2584930692 77.2584930692 77.2584930692 77.2584930692 45.1073288853 45.0715084301 44.6166185317 45.1974217627 44.9478519241 44.8686869486 44.9332300106 45.1702762634 44.8332832433 44.7818357005 44.604953818 44.6110351275 45.1243525712 44.8114489161 44.9692178172 44.7267109039 44.6538385563 45.1528892818 45.0954412757 44.8825595453 44.7555652663 44.6287740895
44.6597821283 44.7416132054 45.1981553649 45.048610587 44.8215549649 44.6552768472 44.6218378267 44.6887219941 44.5962643436 44.5134956225 45.065607675 44.9117249801 44.7502146099 44.6555766556 44.9959886995 45.0462809114 45.114028958 45.1287270561 44.8005381979 77.8834687376 77.8834687376 77.8834687376 44.8308951881 44.7872845061 44.6838164539 45.0293929923 44.8701764054 44.8103631104 45.0030711376 45.1620561487 44.7794803382 44.6606445832 44.9084464711 77.2584930692 44.7864894321 44.5206736853 45.1488569994 45.0697827117 44.521985554 45.1386957553 44.9016039756 44.614820552 45.0133244318 44.5282538484 44.9600685721 44.9022570513 44.8682852565 44.9711100253 45.1590828714 44.767442596 45.1436675613 44.8721663511 45.0940227894 44.6786999249 45.004096218 44.6023420295 44.5045104469
44.5301640752 44.9514872526 44.7053354305 45.0751741485 45.1138124703 45.196994241 44.9452588693 44.5412590209 45.1284686319 44.7544012158 44.7068599474 44.8882418259 44.8955467413 45.1262559293 45.0702162194 45.1035658325 44.6565262897 45.0285012326 44.9469002472 44.6323990086 77.8834687376 44.9693390398 44.9096262204 45.0564876953 44.9303519371 44.5351267602 44.9933146027 44.6212761059 45.0686240913 45.1640608119 44.7486510586 44.5601571748 44.7514856433 45.1118143105 61.9661342244 45.0431010064 45.1307635572 44.9857993586 44.7839205105 45.1704019872 44.6707177698 44.9363447158 44.9692616609 68.7275343277 44.6063183549 45.0427702757 44.8100817461 44.8101746624 44.8104659635 44.6992457752 82.0550475479 64.6870550435 64.6870550435 63.3809360122 66.8219209081 63.6431304035 44.7266707925
45.0153868634 45.0342449379 45.150500214 44.813701883 44.7816942359 44.8855345523 45.0486980564 44.7370634793 44.534357472 44.5790874321 45.1414385314 45.1462698241 44.7811996137 45.1697403077 44.9349377036 44.7131636354 44.5894148933 44.5340371859 44.5982943666 44.7286722086 45.0453297325 44.7040394648 44.5846930793 44.8403052362 45.1132238064 44.9989197429 44.5468026331 45.1540179203 44.9976603614 44.9108891238 44.9987401251 56.4746114077 56.6104364656 53.6546047522 69.8980413837 62.6996227596 70.1278868928 44.9897243515 44.6794223315 66.3140037193 45.1858371385 44.8504346602 68.7275343277 68.7275343277 44.8547650246 45.1928073278 45.1444125729 45.0794480209 45.1701542503 44.9706008121 82.0550475479 64.6870550435 64.6870550435 64.6870550435 66.8219209081 63.6431304035 63.6431304035
45.1288256604 44.8188517329 44.8804413176 45.141389592 45.2047157472 45.0174444167 45.0561036436 54.5102273911 45.1424938151 66.5590546993 45.0523747928 44.8969408756 44.9845736647 45.1903301821 45.1064300084 69.4453293513 44.5050271695 44.7632826025 59.409480671 44.8483824929 77.9207596499 44.7218490432 45.0950252643 44.8375316106 78.0579283703 45.1098332527 61.2081059641 61.2081059641 58.008551687 58.008551687 45.0113142543 44.8640568769 56.6104364656 56.6104364656 69.8980413837 69.8980413837 44.6428838722 70.1278868928 66.3140037193 66.3140037193 66.3140037193 81.4426427767 68.7275343277 68.7275343277 44.5283765069 44.8037411903 45.0199130027 44.7787128646 45.0442013702 44.5639841677 82.0550475479 64.6870550435 64.6870550435 63.3809360122 56.9386577518 63.6431304035 44.5975242333
45.0896793896 44.5420419215 45.0300768113 54.7872386745 54.7872386745 44.5555709205 54.5102273911 54.5102273911 66.5590546993 66.5590546993 44.5838574229 44.9694308128 44.6955466714 45.0942275244 44.8088001425 69.4453293513 69.4453293513 45.0717238829 44.742090535 77.9207596499 45.0165455974 67.3710133146 44.7602630953 78.0579283703 78.0579283703 44.6715383552 61.2081059641 61.2081059641 58.008551687 58.008551687 44.6915113304 44.5192628057 56.6104364656 56.6104364656 69.8980413837 69.8980413837 70.1278868928 44.541921713 45.1316736358 44.6519812687 44.9371332491 44.6834581704 81.4426427767 68.7275343277 44.8615362089 44.5715185587 44.8907287042 44.5802109013 44.9766115181 45.0507407199 44.6849331962 44.7494937059 44.5459226979 45.1645839731 44.6477968311 44.7177175344 44.9829797832
44.8822190896 45.0168904145 54.8631024425 54.7872386745 54.7872386745 44.643529172 54.5102273911 54.5102273911 63.5603855385 66.5590546993 44.9552265155 44.9858011866 44.8039846465 44.7356617484 44.7300747988 69.4453293513 44.8751869908 44.5865003707 59.409480671 70.6759398351 45.0263947868 44.8483780373 44.6134942557 45.0841198717 78.0579283703 45.0167063927 45.0913150926 61.2081059641 58.008551687 44.8201354172 45.1815200112 44.8023132051 57.2423090346 57.2423090346 57.2423090346 45.0775371873 44.7512737136 45.1438999056 44.6476299938 44.5479025578 44.9666834122 45.1379597943 44.6909364667 44.9276247903 44.655816554 44.8978173785 45.0080147611 44.5535912615 44.5709021073 44.580515316 45.0762260596 44.80993223 44.5394262128 44.54252116 44.5123887128 44.8647460584 45.0257242597
44.7259026511 45.0158636135 44.9133256035 54.8631024425 44.5407031703 44.78711112 44.6174382856 45.2068998761 44.6516206032 44.7907127397 44.6843695346 44.7300691107 44.8192304389 45.1147234009 44.5056930297 44.720332826 44.9283999332 44.6214525897 44.6145538431 44.7395596458 44.8138590368 44.8830413395 44.7066198567 44.8232570241 44.9584089795 45.0882872894 44.9282328918 44.9177043099 44.7342071685 44.6893515068 44.6326886769 45.0476081804 45.0900480411 57.2423090346 57.2423090346 72.1684274148 45.1758514254 45.1380470499 44.7616774892 45.1535255044 45.1670857464 44.8210505418 45.2038880927 44.5174348001 44.5318160643 44.6700995052 44.6076038861 44.9119920528 45.1996219229 45.1352829132 44.9576040891 45.1594039313 44.895548984 45.1814571335 45.1016354954 45.1993329511 44.9052002832
44.986288232 45.1493812018 44.6061397937 44.9999994724 45.0293716148 45.0333246556 44.7116639289 45.0816121564 45.1705843203 44.7363843437 45.0017129385 44.828795057 45.1623892779 44.5718150783 44.5972776417 45.2014197964 44.928071702 44.5216715692 45.0164170939 44.9377071553 44.9826293656 45.003103918 45.0201785737 45.1176743814 44.5636478249 45.1641218471 71.5211326874 69.690522196 44.5667818813 44.7392551772 44.8806276868 45.1693965342 44.6857465885 44.9261468498 44.5543878651 44.9213265271 45.0820603504 44.8170258427 44.7179705145 45.2066549484 44.5977887273 44.9791622022 44.559211802 44.9845940319 45.0794808368 44.9065814705 44.7454743708 44.512245546 45.0819373613 45.0895627395 44.7405551627 44.5868458043 44.7323675006 44.6546334916 44.636998991 44.7004663614 45.1082609676
44.6170910597 44.6817311581 45.0595183019 44.7250259252 44.8008490227 45.1081175268 45.0277983188 45.1058649085 44.9659564447 44.6086100544 44.6026541827 44.538033092 44.6134920167 44.6970382769 45.1192643281 44.849192867 45.0185983636 44.9493217737 44.7050822434 44.7740927492 44.5195230097 45.1683157912 45.0292795637 45.0325315604 44.6676141986 71.5211326874 71.5211326874 44.9948909902 44.5928366716 44.9220205484 45.0703747277 44.917189682 45.1184086555 45.1473652867 45.0389919078 44.8021787482 44.957219562 44.712308511 44.5673412902 45.0102358866 45.1391700812 44.8544857782 44.8204245462 44.858219846 45.0047947642 44.6299921018 44.8854759109 44.896324892 44.8002028193 44.7782982642 44.6978038339 44.6285964853 45.1321183021 44.7441660366 44.5265816581 44.5530752595 45.0380582734
44.9544513802 44.5708200082 44.9465919378 44.8749842208 44.5215480514 45.1377689783 44.5437084744 45.162512438 45.1457688801 44.9050105723 45.150589756 44.6796170904 44.7403982351 45.1050677864 44.9187470305 45.0839040651 44.9110237505 44.7624261475 44.5629455776 44.9793732513 44.8307911017 44.6611846742 44.5578632387 44.9004826268 44.5929089961 71.5211326874 71.5211326874 89.0458794948 44.7671527483 44.6953106635 45.1554800316 44.7369293126 44.5701696493 57.1847374765 82.8399421785 67.4177488049 67.4177488049 44.655509207 61.4422169379 67.5453370713 44.5163889158 44.5891407288 44.5099216996 69.2460592833 44.9973333557 69.3291676668 69.3291676668 44.7768648648 44.7340996013 45.0779211758 62.8257198211 44.7350495156 45.0840750409 68.0827603635 68.0827603635 44.7847721301 44.9011943651
44.9872044214 44.9373091747 73.4048399173 64.3193947371 76.7797957761 71.167525097 71.167525097 45.1808246272 45.1696688043 44.7024787976 45.1289721957 44.5424987647 45.0029403656 44.9393258004 45.0925522424 44.7481399566 44.729529409 44.8622794447 45.1591800823 44.7680193433 44.6314755259 44.9477126875 44.5848040943 44.6174270112 45.0064540504 44.8612457136 45.1053313681 44.7040057183 44.7424364161 44.5852285519 44.948379337 44.6474807398 57.1847374765 57.1847374765 57.1847374765 67.4177488049 67.4177488049 61.4422169379 61.4422169379 61.4422169379 44.8500063663 44.8292660875 44.5202556028 44.5479692242 69.2460592833 69.3291676668 69.3291676668 44.7181494213 44.6746549417 44.7131935165 62.8257198211 62.8257198211 44.8596777423 44.8566588173 68.0827603635 44.6669457126 44.7029314291
71.0610913385 71.0610913385 76.7797957761 76.7797957761 78.5659903117 78.5659903117 78.5659903117 78.5659903117 45.0997803264 44.5932076629 44.8717849671 44.5447798146 44.9852781905 45.1356320668 44.9061857807 45.009145807 44.6726916467 45.1023659754 44.5270565182 44.6333264346 45.0842460572 44.8351054584 44.6265384227 44.5130839881 44.5006933637 44.9092038168 44.7017972524 44.9665498358 45.1047234643 44.9893874354 45.1761812071 44.9338410616 44.7873613875 57.1847374765 82.8143450794 67.4177488049 75.5226021582 44.7879602127 61.4422169379 44.8412078122 75.4301089943 45.0254644922 44.8617788678 44.676943 69.2460592833 69.3291676668 69.3291676668 68.0283864459 68.0283864459 68.0283864459 62.8257198211 44.8880265125 45.1380452044 45.0026432035 44.651116285 44.7601317515 45.1626375296
45.0185762987 45.1830856606 71.0610913385 76.7797957761 64.6550408381 78.5659903117 78.5659903117 45.1397359567 44.7924214717 44.6696147023 44.8754044957 45.1165965486 44.7065715296 44.9083403905 44.6317382564 44.5562290585 44.6194460294 45.1990974324 44.627368225 45.046847635 44.5792965817 44.5180238353 67.131614449 67.131614449 44.8988316277 45.0706830376 44.8938995958 45.106122884 45.0430252661 45.1306028384 44.8979567774 44.546290814 44.8963708649 82.5301613032 60.698001537 44.6459346629 45.0082124041 45.1514627184 45.0145248076 45.1474724655 45.1750516766 44.8319281304 44.6643926735 44.8786448494 44.9156890906 45.0618509995 45.091662989 76.2898147042 68.0283864459 68.0283864459 44.6652273139 45.1890279739 45.1502147191 44.6453468091 44.7751317869 44.5953348213 44.9062536573
59.2983312579 59.2983312579 44.5972181681 76.7797957761 44.547786882 64.6550408381 64.6550408381 45.1565344549 44.9099098017 45.0835982063 44.9606378855 45.1463652311 44.675925004 45.1580455979 44.6471220928 44.8241480356 44.8897369449 44.7471763606 44.5082033078 44.7388838575 44.9770550527 67.131614449 67.131614449 44.7687167059 44.6117719789 44.9299433152 45.1631136241 44.8244481049 44.8894136639 44.9362926752 44.5758450825 45.1542642262 44.8203355073 60.698001537 60.698001537 60.698001537 44.703157778 44.9455392886 44.7577411137 44.8695462931 45.1243033813 44.8398789492 45.0535512375 45.062545707 44.6308592852 44.5213113263 44.6130098688 66.0304523926 66.0304523926 66.0304523926 66.0304523926 44.5969398091 44.9244458096 44.5874014717 45.0466160639 44.9500154541 45.0350232209
45.0474068947 44.7598319398 89.9465076172 44.6639594632 44.863673945 44.9425333897 78.3161754408 44.7269750094 44.8536429743 44.5383058521 45.0386603197 45.0321889452 44.5093689879 44.5498802963 45.0187915194 44.9472891326 44.841365886 45.056078917 44.5086083282 44.5856310861 45.1707526699 45.1590921736 67.131614449 63.8827326467 63.8827326467 44.8259180703 44.8197740409 44.5503760082 45.1961283442 44.922759658 45.0983214103 44.9496925425 44.874928487 45.1452437811 44.5862893123 44.5108555168 45.0083329549 44.6282046467 45.0693651134 44.6970587323 44.5584551201 44.5489362448 44.5059985832 44.6908018065 44.8288674692 44.9927671533 45.0426871336 45.1642813491 66.0304523926 66.0304523926 45.1986590039 44.6967589559 44.9989403452 83.4495163338 45.1449891829 69.7603104557 69.7603104557
44.7892880278 51.7174289644 89.9465076172 44.6103836614 44.9898613911 44.9755453958 44.5770867135 45.2056050342 44.616612711 44.75264048 44.862476935 44.7895110297 44.9198744004 45.0873750966 45.0243843695 45.1872733544 44.5490236679 45.1626968174 44.5369613063 44.8450994576 44.9688549095 44.7604757468 63.8827326467 63.8827326467 78.9271302293 44.612525004 44.7567164647 44.5590259821 44.7301891158 45.130892692 44.6446792695 44.7046403012 44.9854186791 44.5858307688 45.0964964915 44.9730751139 44.7570878782 44.5127600816 45.0820824536 45.1952299751 44.8450086029 44.6441143381 44.7837592404 45.0763687547 44.6958200989 44.6278436847 44.6376130482 62.3796554975 64.484990362 64.484990362 61.4088682342 57.1176974798 70.0593016968 61.3392531259 94.9014151906 69.7603104557 69.7603104557
45.0030309926 45.0279223337 45.1100231592 85.2583650411 78.615129819 78.615129819 44.6982800928 45.0532985328 44.8676359611 45.0349598971 44.7214319138 44.9146880157 45.0044816596 44.9902853407 44.8662831219 44.7165781012 44.9338439534 44.9123611197 44.9924631272 44.8206046838 45.1591456823 44.5198069729 55.6887485552 63.8827326467 55.6887485552 44.9847770191 44.5225050492 45.1646067353 44.7293801144 44.8306016844 45.0354647092 45.1156959408 45.097191419 45.0056523444 44.9827595627 44.5982591953 44.5229578308 44.8054533581 45.0627041561 45.0643442634 44.9945539449 44.5287509352 44.5555179373 44.6736006991 45.1843558162 44.8050827152 56.0515810952 64.8558420747 64.8558420747 64.484990362 93.7675681614 93.7675681614 70.0593016968 61.3392531259 61.3392531259 94.9014151906 69.7603104557
45.1904546578 44.7444078416 85.2583650411 45.1059986982 44.9136150115 44.6553083361 45.181190696 44.9751375952 44.9140708773 44.8356363307 45.2021770837 44.8482930245 44.5237303504 44.9170945612 44.8848634471 44.9019804209 45.1880598605 44.9380729722 44.6621048048 45.0197285481 44.5211619482 44.9741286663 69.9650558108 55.6887485552 69.9650558108 44.7704570591 44.6803179119 44.556264526 45.1434539115 44.9836276178 44.6432875204 44.8410149531 45.1705235704 44.8672033009 44.770247237 44.8451479626 44.6645056002 44.7463911564 44.6663714544 44.7058502318 44.5116517744 44.7787403648 74.1891414962 44.6169818295 64.399262312 64.399262312 56.0515810952 64.8558420747 66.1208523844 66.1208523844 93.7675681614 93.7675681614 70.0593016968 78.5574248344 83.4495163338 44.7948363905 45.090235113
