Spatial_Output/BAU/BAU_0118.asc
NCOLS 155
NROWS 192
XLLCORNER 196769.923733
YLLCORNER 449719.875193
CELLSIZE 27.603701
NODATA_VALUE NaN
[rows 161 to 183 of 192, columns 53 to 105 of 155]
44.3110480421 44.4175542956 44.023123992 45.0435763572 43.8531631395 43.8465922078 44.7935433929 45.7747049496 44.9681288006 31.4297091837 31.4297091837 67.1027002051 44.5532406161 43.1695009642 43.3270774864 44.6794559148 44.4865865483 43.8855192586 45.2346234808 44.1423725284 43.1116914497 45.7315208429 44.108447825 45.2027961716 43.201481835 45.1181459601 43.0377048075 45.4798832311 45.286843629 45.1112904003 45.3825057637 43.1231089444 43.1386160299 44.307047624 43.1994924602 44.6911825228 44.9083609702 43.2379194082 45.2800619238 43.1218103788 45.4621508464 43.0541373537 74.1757778669 74.1757778669 59.3775495659 59.3775495659 44.2213432254 43.3258612884 45.8017933839 44.1404637937 44.1406058622 44.9353346997 45.0281777019
45.4020627564 45.1364980878 43.8154084223 43.6538198647 44.6378058064 44.2365564247 44.596112055 45.4869973071 43.8493972868 31.4297091837 31.4297091837 43.7443813291 44.8253274183 44.3388591365 45.1606358654 43.8714734151 43.1805628388 43.3439603798 43.530143591 45.5887649534 44.2867494823 43.945803958 45.3397033802 44.1201480285 44.5240480561 44.1091286554 44.8578545018 44.3190604367 43.0170639214 44.6629293003 45.1754875955 43.6969971132 43.514550983 43.4958954559 43.3197793211 44.1014695381 44.0533342216 44.7848053015 44.0136285655 43.3088323011 44.2571794377 44.242137701 43.8819088512 59.3775495659 62.1632965505 62.1632965505 45.6853192633 44.2783777662 45.247951774 43.7054799081 44.5965867097 43.840046523 43.3043335986
0 43.3466479845 43.4932857037 43.7759148622 44.4021915788 43.5750295578 45.4984935974 44.9736768473 43.8462900891 43.7055547042 55.2293912574 45.0265605503 44.5611646399 45.0038268604 44.1884109 45.4563211304 45.536470888 44.0390378078 43.3008179352 43.9318955319 44.0015866995 45.1015335347 44.5819843306 43.8916356167 45.7882336036 45.4652801623 43.0600561583 44.553719506 45.3088052643 44.021975727 45.5198114309 44.37618361 45.2477277158 45.7680864643 43.9250344067 44.9351449511 44.8741451713 45.0313190047 43.2259119466 43.5481341401 45.7477521537 43.1156103836 44.6838617556 62.1632965505 62.1632965505 62.1632965505 43.0428684702 45.8134145572 43.9041435302 43.2548796529 43.7646086554 44.5015766523 43.5992290232
0 0 0 45.3346816845 45.7570287847 45.0613191054 44.2958208386 44.1964074028 44.3254120889 55.2293912574 55.2293912574 55.2293912574 44.4009352386 45.5899623622 45.638230024 45.5846840611 44.2057595093 43.9025040416 43.5126056477 45.7057965819 45.5161414608 44.0832250789 44.330263387 44.1069195704 44.0916114324 45.5788777108 44.3912100644 45.7421600421 45.28278264 45.0817693036 45.6114249069 44.1285384905 45.5301965048 45.6998929072 44.4487608478 43.5854642742 44.7936141711 44.4250400026 43.876029164 43.946850896 45.4421546506 45.1634013223 43.7526534059 43.9591039607 44.8242986224 74.2662310791 74.2662310791 44.0439025948 44.9804069521 44.0300514528 45.3092089448 45.522446683 43.1798569942
0 0 0 0 0 0 43.4722442923 44.3078404359 45.3827949083 43.0734968263 55.2293912574 43.4042642036 44.9291920956 43.3508898981 45.4241273663 45.2736929214 44.0994738106 43.6554168531 45.3145048785 43.7476221146 43.3809137229 43.611228366 45.0896708494 45.8153595663 43.0114600211 45.592504127 43.0467836928 43.7890235004 43.7518255539 44.7868894986 43.2475307718 45.6542709687 45.7257364457 45.5996610225 44.5895827563 45.4167038548 44.1916640858 44.6842417246 43.0300188675 43.4764750334 43.3608295684 43.707808669 44.5503443754 45.3601064648 74.2662310791 74.2662310791 74.2662310791 44.4894325505 44.3625917076 43.7409310635 44.3221197674 44.342190739 44.0878614461
0 0 0 0 0 0 0 0 32.5583406518 43.2318220983 43.8869873723 44.6436309544 45.0704649866 43.6178766357 44.8327960118 44.9609156418 43.8293105414 0 43.2042984033 44.3842997276 45.6072004001 43.633770221 44.8295175312 44.7789237739 43.9838218436 44.8220605932 45.6415215841 43.1971390754 43.231588314 45.8208557498 43.4473073853 45.4875807294 45.5678723747 44.0021929178 45.8109935913 44.3441349513 43.8070737033 45.4280525354 44.5165421644 45.7576966779 45.134914943 43.4833252135 44.0841016224 45.3268915979 44.6616294294 71.2385844506 71.2385844506 45.6443463326 44.8080057832 45.4039909264 44.2064674768 43.8233084208 44.0096605261
0 0 0 0 0 0 0 0 32.1732379795 33.3048338383 33.3048338383 44.8009334043 44.8537245964 44.559748027 44.5928015625 45.5490891456 0 0 0 45.2696076916 44.0350550302 45.6873695579 43.8357796276 45.0251078574 43.7752449132 44.1002947462 45.3515934771 44.2883775424 43.6522844971 43.6695537456 43.9523698535 43.3165789151 45.4116991222 43.0141025259 43.4973635228 43.6111305664 44.6388907275 45.3079372757 43.1962948573 45.3092870431 44.7584324111 44.7191836565 44.0024326376 44.0010342629 43.4693697536 45.2843950134 58.514421539 58.514421539 67.8895224846 44.2037887169 44.8006016327 43.8296666307 44.5716768033
0 0 0 0 0 0 0 0 31.6594262528 32.5052879051 32.5052879051 57.9865208862 81.5595352787 81.0934121484 0 0 0 0 0 0 43.8341054332 44.0178499586 45.096634266 44.4223622995 45.0280181659 43.1046657282 43.1549325022 45.3124412224 44.4099612763 45.6337292507 45.1103530891 43.0779737618 43.2748919616 45.4358920894 45.610573817 44.5243905804 44.8257909139 43.5321593706 44.5730448348 43.6273672303 43.8738823652 44.2800564106 43.2724077059 43.8067947004 44.6311285544 58.514421539 58.514421539 58.514421539 73.8159633296 44.1380424545 44.3258651813 43.4267411729 45.715559113
0 0 0 0 0 0 0 0 31.8422852387 31.8422852387 31.8422852387 31.8422852387 62.4833404995 58.0665585356 56.2629188762 0 0 0 0 0 43.025963456 43.0389733571 44.3207814224 43.3205784934 44.9240667818 43.4724473858 44.3287777509 43.3400887933 44.6788554314 44.0232357032 44.0864224684 43.9944091729 45.7623916575 45.4411981906 45.309895328 45.473394865 44.6697369502 45.8182364744 45.1174795638 45.2307266108 43.9591793097 43.8984527494 45.3023493792 43.2025987612 44.5418527428 43.8162410244 73.8159633296 73.8159633296 73.8159633296 43.0513363668 44.8986273956 44.9081900945 44.393950758
0 0 0 0 0 0 0 0 33.1053174013 33.1053174013 33.1053174013 33.1053174013 55.1443411788 60.0068407255 58.338206496 66.029014929 0 0 0 0 0 44.0671878538 43.763340156 44.2989882301 44.1827017242 44.9957982276 43.6160200245 45.2626993942 43.3423861764 45.5251656509 45.1776411278 45.608892359 45.0538882589 43.9650684363 43.009863494 44.6520286634 43.0990872566 44.3995525232 44.9809385106 45.6241495839 43.7881845584 44.2065612723 44.7249280912 44.9235345904 45.1221408611 45.661300969 43.5452618779 45.4237840015 68.4463565149 68.4463565149 44.3656216917 44.9524440665 43.9162597806
0 0 0 0 0 0 0 0 33.4440733413 33.1053174013 33.1053174013 33.4440733413 59.4516344859 56.6800966926 62.3304371278 0 0 0 0 0 0 0 43.210943885 45.2204556222 43.3635212052 45.014486337 43.3858835693 45.272716273 43.4629569713 45.8193293366 43.3081798688 43.0676591036 43.034428168 44.5832053053 43.884887171 45.4864251132 43.5109819613 45.4208997356 43.629554106 45.5896996894 45.1881429004 44.6638580785 45.8239223901 45.1438454033 45.472509522 43.2261143732 44.2328917093 68.4463565149 32.7035689116 32.7035689116 32.7035689116 43.5727044476 45.5595551905
0 0 0 0 0 0 0 0 0 32.7419858549 32.7419858549 0 0 0 0 0 0 0 0 0 0 0 0 44.8624146335 45.7261418785 45.1863438082 43.4117838814 44.4199923883 43.5733035183 43.9818880892 43.9366652543 43.0898844119 44.0947275348 44.2930821277 43.3569899823 43.4081908127 43.2751981403 44.7587062533 44.7071403635 44.1108446564 43.7443530211 44.7112591276 45.3405443571 44.0947525321 43.5998702984 43.9710932347 44.6724720286 32.7035689116 54.2430435164 54.2430435164 54.2430435164 44.3090854793 43.0270580997
0 0 0 0 0 0 0 0 33.4001845529 32.7419858549 32.7419858549 33.4001845529 0 0 0 0 0 0 0 0 0 0 0 0 45.4863347729 43.7792391397 44.3953155094 44.3256057108 45.2762970021 45.7660608625 45.4824779328 44.9896362997 44.2370714145 44.0937571263 44.0142596391 45.7844214748 45.0415977262 44.8956493339 43.6194588299 44.7122978172 45.3607340011 44.4945550151 43.5278635852 44.0224582021 45.3501312301 43.8683871325 43.3982530051 44.9470893676 54.2430435164 31.4267435242 31.4267435242 68.150910778 43.5481867017
0 0 0 0 0 0 0 0 0 33.4001845529 33.4001845529 0 0 0 0 0 0 0 0 0 0 0 0 0 0 0 0 0 0 0 44.7922666936 44.8483383814 43.5487591094 43.5644840075 45.6841215015 45.1873749976 43.7864043818 45.7982455475 45.564702902 45.2208442177 45.291909387 45.6739961114 44.8562243173 44.6057405395 43.0039943837 45.2391010187 43.6262687383 44.1956636938 31.4267435242 31.4267435242 31.4267435242 31.7589200113 45.5544514992
0 0 0 0 0 0 0 0 31.9209637752 31.9209637752 31.9209637752 31.9209637752 0 0 0 0 0 0 0 0 0 0 0 0 0 0 0 0 0 0 0 0 0 0 45.0749172052 44.1169096216 43.8195897904 44.1471325234 45.1072103048 45.5093827222 45.778252528 44.6100092505 45.5748937208 43.6061199843 43.0647824795 43.2909255867 44.3571358504 43.7115014429 45.5609277507 43.0270095387 53.095314536 43.9507249627 44.7795203002
0 0 0 0 0 0 0 0 0 31.9209637752 31.9209637752 0 0 0 0 0 0 0 0 0 0 0 0 0 0 0 0 0 0 0 0 0 0 0 0 45.0131090183 44.8825900734 44.5706614984 43.1698407682 44.7428466426 45.4511815469 45.225308583 44.4629303913 45.3032186328 45.4253551075 43.7730374976 43.8037278983 43.2899734807 44.5244291922 53.095314536 53.095314536 53.095314536 86.361913328
0 0 0 0 0 0 0 0 0 33.2789968721 33.2789968721 0 0 0 0 0 0 0 0 0 0 0 0 0 0 0 0 0 0 0 0 0 0 0 0 0 44.1236264146 43.1730457146 44.8333783308 44.2125549128 43.1556463507 45.128146493 43.9309577452 44.9244587411 45.6223106391 45.4808777465 45.5801934566 45.2980362847 44.5812376133 43.797088822 32.5045034087 53.095314536 44.0768264398
0 0 0 0 0 0 0 0 0 33.2789968721 33.2789968721 0 0 0 0 0 0 0 0 0 0 0 0 0 0 0 0 0 0 0 0 0 0 0 0 0 0 43.7134395113 44.9261777253 45.6547922224 45.4430602826 45.3129916656 44.0644243687 43.9019280853 45.5848493647 45.8191653234 43.8659064452 44.0676052503 45.6423177736 43.3771690732 32.7793032392 32.7793032392 32.7793032392
0 0 0 0 0 0 0 0 0 0 0 0 0 0 0 0 0 0 0 0 0 0 0 0 0 0 0 0 0 0 0 0 0 0 0 0 0 0 45.450338635 45.1629975408 43.9456033204 43.5605727438 45.3980184866 45.3582988419 43.071404201 45.419872416 43.9967573077 45.6564345386 44.3730433867 43.2423187822 32.7793032392 32.7793032392 32.9703656305
0 0 0 0 0 0 0 0 0 0 0 0 0 0 0 0 0 0 0 0 0 0 0 0 0 0 0 0 0 0 0 0 0 0 0 0 0 0 0 45.018673227 44.8334324812 45.2404224341 45.5468699894 45.0382251055 43.7648627094 44.3241519064 44.2551607319 45.2847470703 45.7910340478 44.9509260999 32.9703656305 32.9703656305 73.4879211945
0 0 0 0 0 0 0 0 0 0 0 0 0 0 0 0 0 0 0 0 0 0 0 0 0 0 0 0 0 0 0 0 0 0 0 0 0 0 0 0 43.5868458739 44.5668703489 43.6655986202 44.1698932716 45.2450728263 43.0163015037 45.6125213486 45.6248176231 44.0630958155 43.1459687747 44.9713100545 32.6087814661 73.4879211945
0 0 0 0 0 0 0 0 0 0 0 0 0 0 0 0 0 0 0 0 0 0 0 0 0 0 0 0 0 0 0 0 0 0 0 0 0 0 0 0 0 45.1123926119 44.9120756928 44.4421471294 44.9914007837 44.127234927 43.2610878921 43.4332873168 43.3348648005 44.7863923853 44.2678487083 32.8489612926 32.6087814661
0 0 0 0 0 0 0 0 0 0 0 0 0 0 0 0 0 0 0 0 0 0 0 0 0 0 0 0 0 0 0 0 0 0 0 0 0 0 0 0 0 0 44.2612840148 43.3505578779 44.0945847924 45.0940225296 43.8256396322 44.5500178464 44.9415755702 44.7769287927 43.48114659 45.3676688834 55.4570960362
