Spatial_Output/BAU/BAU_0721.asc
NCOLS 155
NROWS 192
XLLCORNER 196769.923733
YLLCORNER 449719.875193
CELLSIZE 27.603701
NODATA_VALUE NaN
[rows 138 to 160 of 192, columns 53 to 105 of 155]
24.3349327239 26.7852555528 24.1431481185 26.3331126135 23.0089568596 54.3525196654 55.0591360584 55.0591360584 26.7446999481 24.6467079015 54.0659316721 25.5616912454 23.5424349427 23.0947353958 25.1784067405 24.4908228458 25.9190775495 24.1027075876 27.0731209699 23.5553736949 25.6502303616 24.1266648689 25.1310940765 25.4446483265 25.8103378456 24.7817541094 23.3438314412 24.0232224579 57.7606169007 57.7606169007 25.2018948668 24.2434106747 25.7686615833 67.6784913043 26.8124288483 23.3588632898 23.3491550388 23.0106336892 26.7754841442 26.1275038409 24.3512038287 23.2093177902 23.9128613441 23.8704449433 24.0864665334 23.718537251 27.0473125247 25.1221057529 26.974475729 24.6197529247 26.3892029366 25.5624044165 27.235616991
24.2807127276 23.2713592143 24.7237953911 45.9289470793 26.3251279297 44.0730098595 55.0591360584 55.0591360584 50.9317632364 26.256020342 24.0927159977 23.1877791172 23.1120517258 25.8262152122 24.738494739 24.8438823971 24.8802707361 25.8735556773 23.5006963572 24.4143993461 24.5266130575 23.1344442611 24.0063437326 23.6156876712 25.2179462846 23.1907347971 24.594163024 23.2506116114 24.8105509293 27.0493282679 26.4850051457 59.9342627603 67.6784913043 67.6784913043 26.1443587695 24.7056661954 24.8215839244 24.4832537424 26.4721177407 24.515573354 23.6790490654 25.1144142079 25.8118755931 23.8249081318 23.9845106886 26.0193780042 24.9811798238 25.1369309005 26.4831480095 26.6314893719 26.9502726321 24.7625281697 23.838916083
52.3964355006 57.953736362 57.953736362 45.9289470793 71.0270334195 24.444380219 50.9317632364 50.9317632364 50.9317632364 23.5611452145 23.1909121003 24.6475427815 25.6148210314 25.9712071826 26.61640382 23.4443198703 23.1411562521 26.4163893405 27.0878717367 26.8064192334 23.9892279752 24.9994227561 25.2797081911 23.3472101785 24.8681346183 24.4283174302 27.2395282022 23.4921257598 23.2879381334 26.729564715 23.8209831208 24.4155737132 67.6784913043 67.6784913043 26.165108487 68.3594999873 24.839909138 26.6241726327 26.5973134159 24.8252293568 23.8863578189 26.5849356951 26.9785626598 24.8307291701 25.9593497983 26.9382576535 25.291649304 26.5395024446 24.1579704494 24.6723054755 24.5509259311 24.3661435524 24.2945455439
52.3964355006 52.3964355006 24.6782845969 45.9289470793 25.93114477 24.4411107423 58.8499736719 50.9317632364 58.8499736719 24.5169602635 23.4170466475 23.4251974193 24.8922007966 23.7495222695 25.5838785716 24.3329068029 24.1675288605 25.0669858431 25.9646854782 26.0345091426 25.7586952635 25.004781513 26.1789275546 25.5869254567 26.8597378099 24.4856253527 24.2791654624 24.0590396941 24.6145182918 23.4194335823 26.9383903591 23.2021540143 23.6815572685 23.5578643754 26.5840829597 68.3594999873 68.3594999873 26.4421349997 23.3168763287 23.994427011 26.5910112663 23.5737700328 24.3778889096 26.9464114496 23.0442167987 24.51408046 25.8306020428 23.777924696 25.0211975739 25.5954333561 24.6204773204 23.257763057 25.2991296688
52.3964355006 26.7847586428 24.8009045505 26.3450334332 24.2776853555 23.0243863534 23.4740736661 25.2771907916 58.8499736719 58.8303842714 24.5456290679 26.6055190316 24.1718354128 24.6036539127 24.457837067 26.8750407879 24.2841771704 27.0653728265 23.8924989544 25.4367260988 24.2964048597 25.4248850249 25.9380698636 25.1724265949 24.6775662155 25.2771493367 27.1090933158 24.5656326544 26.760705141 26.9380514971 25.8187370741 24.2662787809 25.500527702 24.7995802344 25.9795489175 48.7292645912 25.4555896536 25.8328502342 63.3353142137 23.4559652513 26.8872078979 26.7715452859 25.2402415114 24.3003185521 27.2211558692 24.6431450069 23.65406042 26.0251022193 26.4699386517 26.5221842187 26.6707572122 24.6504922844 23.4723728026
26.4887131629 23.7331987348 25.5933588529 26.2932223905 24.9784102613 24.9679008173 26.5168994655 58.9358781567 58.9358781567 58.9358781567 36.5486928041 25.9545819657 26.6319193768 24.5221680346 23.5409800958 24.8385701034 26.3761827097 24.4816025175 26.5061585023 24.0946171622 25.9156511446 23.4235250389 23.0381186321 24.7253270492 24.5751341812 24.5468156529 24.1339180376 24.4690162205 26.3845692305 25.7271566463 27.0190061878 24.9500189545 23.0029927429 23.4148001639 26.388443775 25.4019133378 26.059087644 63.3353142137 63.3353142137 23.3866662858 25.0427251536 26.4227182079 26.1018175782 25.0407971662 25.2530920555 25.8766093972 26.8795997915 24.0913874707 24.9243957966 24.3430546367 25.2929629548 23.1033846809 26.5507294177
25.6760114994 24.9464974039 26.2688556538 23.7893029847 23.9120477069 23.8864362345 23.9845985977 36.5486928041 58.9358781567 36.5486928041 24.3638697624 25.8770156352 26.9052042858 25.674957006 23.1477505222 25.7662504983 25.1969238531 26.014619653 26.7038230563 26.7425381193 23.998834277 26.2197916436 26.916720449 23.8704156925 26.5059623812 25.7308738591 26.2887635412 24.236988081 25.1003453818 24.891956507 26.6482900176 25.412992678 27.0352059602 26.6693975354 25.5032318071 24.1224899025 23.9353643186 39.9201314166 39.9201314166 39.9201314166 25.1378198489 26.6085568144 25.371861131 25.8326148994 24.9892912261 24.9707096507 23.3813429947 23.4589703006 24.4399438782 23.6773517381 24.9948851768 25.920606906 24.4879365903
27.1347344025 26.4194288758 24.1068906411 26.8215154432 26.2659655933 25.2029694716 23.911846641 24.3011474583 51.0173711324 27.2337112321 25.3778118472 24.0513238688 23.3511037488 25.6593612703 23.7069539529 26.0471075594 25.0652606877 23.2624969715 25.909880613 23.4386726607 24.2049217756 26.5677729727 24.0172363135 26.8248165282 26.4410919232 26.0378434045 24.1688870077 26.3889032085 25.0356720064 23.1721034576 26.7314351326 23.2182786487 24.8406415716 26.6324068995 23.952513823 27.042232892 23.6556803759 23.4043552117 39.9201314166 24.3854668947 57.5591194719 25.8037082072 27.1707028879 24.7889673317 27.1953696564 24.825823046 23.2835983403 26.1615960459 24.7108276828 27.2260541183 26.3931296677 23.9566632809 24.3061267035
25.2734157267 24.647724134 24.6711893856 24.1237849949 27.063468093 23.6474590963 23.072387299 26.0960628888 65.7390042522 24.7236166752 27.1881873755 23.685603555 23.8924166141 23.5289068493 26.650859044 24.8099259096 25.929778996 24.6810113301 25.6359258666 23.7183473115 24.098234493 25.2438139518 25.7580105932 24.5995791346 23.1816661502 25.6323812662 23.9463412092 25.1784914051 25.8835414287 24.9301285124 25.5813638382 24.8562159453 24.9641701361 27.2072324113 27.0822428341 24.4829287662 26.6985331062 42.5855172015 36.6991441569 36.6991441569 36.6991441569 26.5178364752 26.324069476 25.0049798711 23.1956809327 25.762901637 26.8296309606 23.7155928194 24.30314166 24.7023785975 26.5829346646 24.496011052 23.9589685045
23.7310101767 25.4469198745 23.8933656828 23.4490789511 23.6280408102 23.8861378632 23.9648923295 23.6166390135 24.9841078374 25.7651761779 24.3415021082 26.3088815354 24.8973870332 24.7085848809 23.8243138507 24.4073843516 23.0881584935 25.8899635095 25.4852659042 25.3806239355 23.433990317 24.7317606298 25.6937738081 24.9331156485 25.1361349448 23.6697224558 26.7216252267 25.7725985879 24.004368871 26.1911829649 25.1855395435 23.2145232215 23.1321291397 25.8025693739 23.1818188471 25.9726721242 25.7623737254 23.7857992321 36.6991441569 36.6991441569 26.1924394644 25.6176147695 27.148671646 23.54735276 23.0261355835 26.6760385408 24.6530987291 25.9585407006 23.491449053 24.551850328 24.1749299649 23.0012559627 26.8295226767
27.1967598937 23.1665344571 24.8120797583 23.3027444272 24.7347521646 25.6804173789 26.6833335279 27.0130458854 24.765410124 47.2373592007 47.2373592007 47.2373592007 25.5785877434 23.4395055252 26.5249036259 23.0279087035 24.8257849522 26.4705493812 26.8307391484 24.9915196998 25.0809652085 25.4967858795 23.1006281817 25.508082789 23.9646815732 24.3177997742 24.6074564664 25.1276619228 26.1838630822 24.6785185589 23.1497696398 24.9801664687 23.1653832801 24.6117260546 26.9418873089 25.9497478988 24.2594121669 25.3970087459 25.8218486412 46.9368491954 27.0817988462 25.7520823326 26.8102733553 23.3846731424 23.1428334557 25.022811564 25.0885854779 24.225867359 26.4863217255 24.1814605423 27.0103664201 23.6187104357 23.8852314088
25.6104067939 23.8152742165 24.47165452 27.1190715132 23.4333228925 26.9548373839 23.7396614326 26.632288696 23.3670125747 39.4774649733 39.4774649733 39.4774649733 26.5245376559 23.3137680532 26.6620371075 23.7134054647 24.9914776127 26.9128802861 24.4134489048 26.5580875318 27.1502058586 25.66815718 23.5411581085 27.1839996877 25.2641689561 26.2841104625 24.0308394704 23.1810776851 25.8531036245 23.9714021756 25.9852844128 24.7537012524 23.3402884966 24.2713745548 25.7425943103 23.3745473458 24.8314181275 25.3998221963 46.9368491954 46.6407561762 46.1442172034 24.9275546663 26.1842799413 23.4981659308 24.3297567905 23.7293877105 27.0375220477 25.3936916316 23.9132463621 23.7975990053 25.2567129392 25.3266343088 26.4073671441
26.1127749576 26.3454974889 23.4812404792 26.9552642404 23.9997309528 26.9177907919 26.645675925 24.3727801758 26.4580975638 40.2778459162 56.9226116837 25.288338735 26.9909121846 24.7815851273 24.273420137 27.1660915475 25.6540681166 26.5803254331 25.7772652456 23.5610538233 27.1602432906 23.5694666776 25.6134164139 24.9522697172 24.5178793889 27.1574142134 26.0192558683 26.6881338125 23.4186372588 23.154136012 24.3541428846 23.8115856342 24.1684128983 25.3275921225 23.0987302308 25.4497682731 25.7467829292 25.2362801341 46.1442172034 46.6407561762 46.6407561762 24.6045948311 24.1546421654 26.840046995 25.7390230513 26.1502551241 26.5944386368 26.2280192798 25.9957544027 25.0099660051 25.7872289522 25.2762559395 23.0432683888
24.370064784 23.678497356 24.1454351388 25.5032097508 26.0459459564 26.2242211462 26.7327846728 24.6265922109 25.4374935 56.9226116837 56.9226116837 56.9226116837 25.5654410877 24.1596002962 23.6098723053 26.2308919154 25.4031229732 23.9513372486 26.6239542457 23.4650287396 25.8153371076 25.0071371745 24.5580501388 25.9807522132 23.6411593793 25.1675888295 26.3105621173 26.7761611796 25.224148716 24.4059078767 25.3845038714 25.4272478247 24.0247004384 26.7385088908 23.9764427421 26.7679618531 24.5109530826 27.0702146928 46.6407561762 46.6407561762 46.6407561762 63.3193768792 24.0084795044 24.9600195849 23.6962606732 27.2089697614 27.0774100033 25.4242826684 26.8603985527 24.2766616809 26.1528179566 26.6457653627 26.097027705
24.1354640487 26.5849728033 24.9310927154 24.2880116022 24.5218931752 25.6380846024 24.6839261019 26.3581680536 24.5466315174 60.3482264097 56.9226116837 60.3482264097 25.3075276265 26.0639533326 26.2278780283 24.8648376521 23.3598850155 23.503558684 25.3640136484 23.7581129232 27.240104817 26.360776692 24.2932630076 26.8671305361 23.3662463617 24.4289421838 25.2111757496 24.2980842002 23.0087445446 24.2225172422 24.4683139172 25.6915589483 24.1276620795 24.9704773092 24.2807779381 23.8729664937 26.0461445283 25.1674391942 65.4170376034 65.4170376034 37.7452166443 37.7452166443 26.3444034167 26.8740025271 23.2500874376 26.6576984279 23.2232399776 24.7782088855 26.9975820758 26.6371216545 26.7958748021 24.7384228624 23.4750673187
25.3223756232 26.9384111502 25.5995879696 26.8723921686 24.8881228281 25.2296982938 27.2100764278 25.4737016129 23.6184730107 64.0608318425 25.3148805985 64.0608318425 25.187667365 25.9464014116 26.0849895168 24.4350644554 25.114448967 23.737628778 25.2510047929 24.5481383711 25.8935136193 27.0928011845 27.171039658 25.2545122756 25.4323820653 25.3226337582 24.0092376961 25.4252552477 23.2269577995 26.9856517623 24.5399852935 24.3764561179 24.159538661 24.4184127186 23.614158563 25.2633371996 25.3109975323 26.8767278702 23.5166137968 37.7452166443 37.7452166443 37.7452166443 23.8671260782 26.0796717116 26.0206547572 26.4378509978 26.0602201261 27.1685471539 27.038412331 26.8444669946 24.0019621292 26.6369303377 26.8486514206
24.0241605384 26.9184394302 25.5566009034 24.9248852996 23.6290381105 23.5783571578 26.3695391184 23.5432028755 19.1436333655 62.2172067712 62.2172067712 62.2172067712 25.2155531548 23.1240205184 25.4058477811 25.4857215116 26.8131772425 25.7165161197 25.8124800175 24.5994592793 23.4920490713 26.212732172 25.5673184408 26.4020835662 26.1880270106 24.4067784661 23.2653310895 24.5738636844 23.1321380562 25.8014325888 24.4883397761 24.3061329592 25.7700719484 26.5044841324 24.8352885774 27.0893429005 25.905422596 26.5854149473 24.454332694 27.0261179129 37.7452166443 46.3882732731 46.3882732731 23.458683427 25.8727876953 25.8790611967 23.9346839458 27.0748237175 24.2201067657 26.4567472902 27.0139542294 26.0708468964 24.5352977867
23.9703797442 25.9434479947 26.262887511 24.9494982196 23.301932269 24.6760832821 25.8506673807 24.4917347581 26.8680458681 62.2172067712 62.2172067712 26.8933140456 24.2546797632 25.2634779198 24.2401884248 27.1683878511 26.7094605858 24.9431299853 26.0117444263 24.9339121202 23.941706388 23.6677025426 24.0110109988 23.2373658199 25.09936346 24.1788759968 23.9593402696 23.6479683409 23.4580733487 25.5506963893 23.1758748629 23.1787550568 25.1735006813 23.0361186132 26.4571165245 24.9718747295 26.8883863208 24.2637297575 24.2724170526 46.3882732731 46.3882732731 46.3882732731 38.7350420177 23.0843902991 25.3779653935 23.0772031781 26.2430080307 25.281622535 23.9900676849 26.9365740548 26.6963053287 23.2563657047 24.1097520975
26.6911727682 26.7902008428 23.0137193324 25.5217445586 26.0345107897 24.5318361234 25.4650184568 25.1198528784 25.5013999022 18.7959485707 18.7959485707 18.7959485707 23.3921334716 24.9392533053 24.8700643673 25.93822248 23.3790235854 24.6795236097 27.0944288607 23.0120347418 26.4510569816 26.754224348 24.717269825 26.1548592357 25.0388962241 26.4967124732 24.6431123787 24.0185871062 26.2902166232 26.6133453555 26.8452440532 26.2048978128 23.6632677001 25.6850058707 25.2197636421 26.2187980718 26.4401616047 23.978011237 24.4285960051 23.0766505204 39.6668099752 50.4700520686 50.4700520686 25.10230954 26.8441562605 27.1620551432 24.978123402 25.4991723803 23.6899986081 24.4840267026 23.8154041068 23.7104542761 25.9181846588
26.4740244954 26.5746061974 26.493796576 23.9376669309 26.3525787791 26.1318265267 23.7304267036 25.4047271406 20.8455015294 26.6682250196 18.7959485707 20.8455015294 25.3399358733 23.1875023142 23.0295321409 26.09108255 23.2087012069 23.6893033977 25.051740531 23.3427936831 25.6536837933 23.9277840686 25.7333602304 26.0095837147 23.0450108758 25.2178734466 25.9806599805 24.0656585667 26.2449084571 24.1158899923 26.0613415092 26.4564789116 23.3985714523 26.2105893473 23.5724328835 27.1031306528 25.1944074136 27.1557801036 26.4840976575 26.3479471525 50.4700520686 50.4700520686 50.4700520686 48.2299749733 24.2949714235 24.0237750077 26.595487033 25.104279431 23.9120947107 26.3571255461 27.2178428089 25.6396063258 24.8179265975
25.4515308764 23.7744293316 25.590390565 27.0023013893 27.0791039925 25.9041711879 23.8806440561 23.7764569025 25.5365321297 17.5548420284 17.5548420284 17.5548420284 24.3751493123 25.4265040175 25.840043381 25.1806727827 24.6737773406 24.9296569864 25.9208729571 23.2986896283 27.2116715579 23.1070754316 23.3077847319 26.7185097749 24.4105224934 25.5160682626 25.1060414738 23.5145901213 23.1492223918 25.0968675037 25.061111075 26.9259273514 26.3523697348 25.3911632982 27.1685771531 25.7919070615 23.655168153 23.7855154407 23.9562285855 23.0797493841 23.5517367973 48.2299749733 48.2299749733 48.2299749733 25.1722401268 26.6689450207 25.8973476809 26.9687126872 23.3011942695 25.632434557 23.875166801 25.3236071551 27.2244807574
23.0030517151 26.095236666 23.3675577605 26.7244813229 26.2869374481 26.7777323193 26.0821911329 26.5232298676 18.4737708716 17.5548420284 17.5548420284 42.4021800063 24.7163930519 26.5639175 26.2142982487 25.459923036 26.3472259728 23.6883916492 25.4297580759 26.7920966773 23.4761369079 25.5444577244 24.3433793542 27.1030895004 23.9510019437 23.8165897795 23.287935067 23.6384663594 23.1530196082 25.5350403101 23.979088452 24.3848705078 23.0861733019 24.4683127458 23.4692946938 26.6586956405 26.4794698492 26.2969816896 23.4429198673 25.1928758947 24.4590540441 26.870033438 43.8617350327 43.8617350327 75.4829816804 24.1985476551 25.9246685927 23.3396063252 24.2256146861 26.238181155 25.3844646489 25.728837469 25.4827676582
23.4724733862 25.8571781199 26.8550792421 25.6667058577 23.3958012733 24.4961410238 24.8963805027 24.5647745264 17.0323219843 17.0323219843 17.0323219843 17.0323219843 23.9548433288 25.1905384908 23.6358722953 24.4811850388 26.1869767234 25.0888135294 25.5318774402 25.6995441124 24.7504532875 25.8510009423 24.6962850876 26.603968006 25.5940071044 27.1726660494 25.4326723866 23.774728713 27.0111160622 25.8055454696 23.8922431815 24.2591406717 24.1594345841 25.9882794941 26.4762541375 24.0898146222 25.5866920206 26.1520918986 23.5465274425 23.8551519491 25.948163346 43.8617350327 43.8617350327 43.8617350327 49.8170891709 27.0297610525 24.6292754689 23.2765312978 23.1201668541 25.2107098823 26.2284925801 25.9819840335 26.7288145218
