Spatial_Output/BAU/BAU_0799.asc
NCOLS 155
NROWS 192
XLLCORNER 196307.867259
YLLCORNER 449144.565805
CELLSIZE 33.573938
NODATA_VALUE NaN
[rows 111 to 147 of 192, columns 0 to 82 of 155]
0 0 0 0 0 0 0 0 0 0 0 0 0 0 0 0 0 0 0 0 0 0 0 0 0 0 0 0 0 21 21 21 21 21 21 21 21 21 21 21 21 21 21 21 21 21 21 21 42.5770543655 42.5770543655 42.5770543655 21 21 21 42.1520243561 42.1520243561 42.1520243561 21 74.6947341072 21 21 41.2537786172 41.2537786172 21 51.9931523237 51.9931523237 21 54.7875619397 21 77.5016640993 34.2836702235 34.2836702235 21 58.2957868858 58.2957868858 21 50.0297617373 30.499292748 30.499292748 21 21 21 21
0 0 0 0 0 0 0 0 0 0 0 0 0 0 0 0 0 0 0 0 0 0 0 0 0 0 0 0 0 0 21 21 21 21 21 21 21 21 21 21 21 21 21 21 21 21 21 21 41.2606929054 65.8231189397 65.8231189397 21 21 21 21 21 34.8248364611 74.6947341072 21 74.6947341072 41.2537786172 41.2537786172 41.2537786172 21 51.9931523237 51.9931523237 21 21 54.7875619397 21 34.2836702235 21 63.6990087486 49.7324006386 58.2957868858 21 50.0297617373 21 66.062054009 21 21 53.1503939858 21
0 0 0 0 0 0 0 0 0 0 0 0 0 0 0 0 0 0 0 0 0 0 0 0 0 0 0 0 0 0 0 21 21 21 21 21 21 21 21 21 21 21 21 21 21 21 21 21 55.9634446415 65.8231189397 65.8231189397 21 40.487595265 21 21 21 21 21 21 21 52.0834587871 41.2537786172 41.2537786172 21 21 21 21 21 21 21 21 21 21 21 21 21 66.062054009 21 21 21 21 21 21
0 0 0 0 0 0 0 0 0 0 0 0 0 0 0 0 0 0 0 0 0 0 0 0 0 0 0 0 0 0 0 21 21 21 21 21 21 21 21 21 21 21 21 21 21 21 21 21 21 21 57.6530128372 21 21 21 41.6471249834 21 21 21 21 21 21 21 58.4514419543 58.4514419543 58.4514419543 21 21 21 21 21 21 21 21 21 21 21 21 38.7053114181 21 21 21 21 21
0 0 0 0 0 0 0 0 0 0 0 0 0 0 0 0 0 0 0 0 0 0 0 0 0 0 0 0 0 0 0 0 21 21 21 21 21 21 21 21 21 21 21 21 21 21 21 21 57.6530128372 21 21 21 21 21 54.5155480334 54.5155480334 21 21 21 21 21 21 21 58.4514419543 58.4514419543 21 21 21 21 21 21 21 21 21 21 21 38.7053114181 40.0864066663 38.7053114181 61.2850351819 46.3502886304 21 21
0 0 0 0 0 0 0 0 0 0 0 0 0 0 0 0 0 0 0 0 0 0 0 0 0 0 0 0 0 0 0 0 21 21 21 21 21 21 21 21 21 21 21 21 21 21 21 21 21 21 21 21 21 21 21 21 21 21 21 21 21 21 51.6030177144 51.6030177144 51.6030177144 21 21 21 21 21 21 21 21 21 21 21 69.2234048287 69.2234048287 69.2234048287 61.2850351819 61.2850351819 46.3502886304 21
0 0 0 0 0 0 0 0 0 0 0 0 0 0 0 0 0 0 0 0 0 0 0 0 0 0 0 0 0 0 0 0 0 21 21 21 21 21 21 21 21 21 21 21 21 21 21 21 21 37.5907090562 21 21 21 21 21 61.9626970006 40.6847784892 21 21 21 50.0766454397 39.9991053354 39.9991053354 39.9991053354 56.8304842431 21 21 21 21 21 21 21 21 21 21 21 69.2234048287 69.2234048287 51.1367728822 61.2850351819 61.2850351819 46.3502886304 21
0 0 0 0 0 0 0 0 0 0 0 0 0 0 0 0 0 0 0 0 0 0 0 0 0 0 0 0 0 0 0 0 0 21 21 21 21 21 21 21 21 21 21 21 21 21 21 45.073339942 32.5033541945 32.5033541945 21 21 21 21 21 54.8470107388 40.6847784892 40.6847784892 21 21 50.0766454397 50.0766454397 39.9991053354 39.9991053354 52.3025448352 21 21 21 21 21 21 21 21 21 21 21 21 21 43.6077107041 21 21 21 21
0 0 0 0 0 0 0 0 0 0 0 0 0 0 0 0 0 0 0 0 0 0 0 0 0 0 0 0 0 0 0 0 0 0 21 21 21 21 21 21 21 21 76.9359557026 21 76.9359557026 21 21 21 54.697620238 54.697620238 32.5033541945 21 21 21 21 21 40.6847784892 56.2853149122 21 21 50.0766454397 50.0766454397 62.7376835066 62.7376835066 21 21 21 21 21 21 21 21 21 21 21 21 21 21 21 21 21 21 21
0 0 0 0 0 0 0 0 0 0 0 0 0 0 0 0 0 0 0 0 0 0 0 0 0 0 0 0 0 0 0 0 0 0 0 21 21 21 21 21 21 21 76.9359557026 21 21 21 21 21 54.697620238 54.697620238 21 21 21 21 21 21 40.6847784892 21 21 21 50.0258647592 39.1538921054 57.4399347187 62.7376835066 56.852926851 21 21 21 21 21 21 21 21 21 21 21 21 21 21 69.2234048287 21 21 21
0 0 0 0 0 0 0 0 0 0 0 0 0 0 0 0 0 0 0 0 0 0 0 0 0 0 0 0 0 0 0 0 0 0 0 21 56.4896932346 59.4046720197 48.1181580601 44.1226427732 44.1226427732 21 21 21 21 21 21 50.1849515204 50.1849515204 50.1849515204 21 21 21 21 21 21 21 21 21 21 21 57.4399347187 38.3244750944 57.4399347187 21 21 21 21 21 21 21 21 21 21 21 21 21 21 21 51.5465866433 51.5465866433 51.5465866433 21
0 0 0 0 0 0 0 0 0 0 0 0 0 0 0 0 0 0 0 0 0 0 0 0 0 0 0 0 0 0 0 0 0 38.7821816355 38.7821816355 38.7821816355 56.4896932346 56.4896932346 59.4046720197 48.1181580601 44.1226427732 21 21 21 21 21 56.4778365444 50.1849515204 50.1849515204 47.3778308529 21 21 21 21 21 21 21 21 45.2375340727 50.5264939617 50.5264939617 38.3244750944 38.3244750944 57.4399347187 21 21 21 21 21 21 21 21 21 21 21 21 21 21 21 51.5465866433 51.5465866433 53.1777016617 21
0 0 0 0 0 0 0 0 0 0 0 0 0 0 0 0 0 0 0 0 0 0 0 0 0 0 0 0 0 0 57.1518353551 38.0838197666 44.1253977366 30.4404654161 42.1584054092 38.7821816355 56.4896932346 56.4896932346 59.4046720197 48.1181580601 21 21 21 21 21 21 21 56.2974473916 56.4778365444 21 21 21 21 21 21 21 21 21 50.5264939617 50.5264939617 48.2821518333 48.2821518333 48.2821518333 21 21 21 21 21 21 21 21 21 21 21 21 21 21 21 21 21 21 21 21
0 0 0 0 0 0 0 0 0 0 0 0 0 0 0 0 0 0 0 0 0 0 0 0 0 0 0 0 54.5851266794 54.5851266794 43.4283721128 38.0838197666 37.3880924736 38.5142599393 42.0044851613 38.7821816355 47.2766597796 21 21 21 21 21 21 21 21 21 56.2974473916 56.2974473916 56.2974473916 21 21 21 21 21 21 21 21 21 21 21 41.8323218594 41.8323218594 48.2821518333 21 21 21 21 21 21 21 21 21 21 21 21 21 21 21 21 21 21 21 21
0 0 0 0 0 0 0 0 0 0 0 0 0 0 0 0 0 0 0 0 0 0 0 0 0 40.3674955343 40.3674955343 55.1769757107 54.5851266794 43.4283721128 43.4283721128 38.0838197666 42.3693839969 38.7500954217 43.3271240363 54.7063549248 0 0 21 21 21 21 21 21 21 21 45.1629095858 21 45.1629095858 21 21 21 21 21 21 21 21 21 42.2839230437 41.8323218594 41.8323218594 41.8323218594 21 21 21 21 21 21 21 21 21 21 21 21 21 21 21 21 21 21 21 21 21
0 0 0 0 0 0 0 0 0 0 0 0 0 0 0 0 0 0 0 0 0 0 0 0 0 40.3674955343 40.3674955343 40.3674955343 43.4283721128 54.5851266794 43.4283721128 51.8962545045 48.8378919018 55.145741716 0 0 0 0 21 21 21 21 21 21 21 21 21 21 21 21 21 21 21 79.8223386127 21 44.9736818422 44.9736818422 21 42.2839230437 21 21 21 21 21 21 21 21 21 21 21 21 21 21 21 21 21 21 21 21 21 49.5032935572 21 51.9401652341
0 0 0 0 0 0 0 0 0 0 0 0 0 0 0 0 0 0 0 0 0 0 0 0 0 48.7952647989 40.3674955343 55.1769757107 68.4228946082 65.3654410333 0 0 0 0 0 0 0 0 0 21 21 21 21 21 21 21 21 68.49523671 21 21 21 21 21 79.8223386127 21 44.9736818422 44.9736818422 21 42.2839230437 42.2839230437 21 21 21 21 21 21 21 21 21 21 21 21 21 21 21 21 21 21 21 21 49.5032935572 21 21
0 0 0 0 0 0 0 0 0 0 0 0 0 0 0 0 0 0 0 0 0 0 0 0 0 0 0 0 0 0 0 0 0 0 0 0 0 0 0 0 21 21 21 21 21 21 21 21 21 21 21 79.8223386127 79.8223386127 79.8223386127 79.8223386127 21 44.9736818422 21 21 21 21 21 21 21 21 21 21 21 21 21 21 21 21 21 21 21 21 21 21 21 21 35.0232679986 21
0 0 0 0 0 0 0 0 0 0 0 0 0 0 0 0 0 0 0 0 0 0 0 0 0 0 0 0 0 0 0 0 0 0 0 0 0 0 0 0 0 21 21 21 21 21 21 21 21 21 21 21 21 21 21 21 21 21 21 21 21 21 21 47.1305984453 21 21 21 21 21 21 21 21 21 21 21 21 21 21 21 21 21 42.9074698228 42.9074698228
0 0 0 0 0 0 0 0 0 0 0 0 0 0 0 0 0 0 0 0 0 0 0 0 0 0 0 0 0 0 0 0 0 0 0 0 0 0 0 0 0 21 21 21 21 21 21 54.243484822 21 21 21 21 21 21 21 21 21 21 21 21 46.3802369388 21 21 21 21 21 21 21 21 21 21 21 21 21 21 21 21 21 21 21 42.9074698228 42.9074698228 64.0996148348
0 0 0 0 0 0 0 0 0 0 0 0 0 0 0 0 0 0 0 0 0 0 0 0 0 0 0 0 0 0 0 0 0 0 0 0 0 0 0 0 0 0 21 21 21 21 21 21 21 21 21 21 21 21 21 21 21 21 66.7821381515 21 21 21 21 21 21 21 21 21 21 21 21 21 21 21 21 21 21 21 21 21 21 21 64.0996148348
0 0 0 0 0 0 0 0 0 0 0 0 0 0 0 0 0 0 0 0 0 0 0 0 0 0 0 0 0 0 0 0 0 0 0 0 0 0 0 0 0 0 0 21 21 21 21 21 21 21 21 21 21 21 21 41.2585502147 51.0844635345 56.3221039494 56.3221039494 21 21 21 21 21 21 21 21 21 21 21 21 21 21 21 21 21 21 21 21 21 21 21 44.0265883288
0 0 0 0 0 0 0 0 0 0 0 0 0 0 0 0 0 0 0 0 0 0 0 0 0 0 0 0 0 0 0 0 0 0 0 0 0 0 0 0 0 0 0 21 21 21 21 21 21 21 21 21 21 21 21 21 21 56.3221039494 56.3221039494 66.7821381515 21 21 21 21 21 21 21 21 21 21 21 21 21 21 21 21 21 21 21 21 21 21 21
0 0 0 0 0 0 0 0 0 0 0 0 0 0 0 0 0 0 0 0 0 0 0 0 0 0 0 0 0 0 0 0 0 0 0 0 0 0 0 0 0 0 0 0 21 21 21 21 21 21 21 21 21 21 21 41.2585502147 21 21 56.3221039494 21 21 21 21 47.1744857786 47.1744857786 47.1744857786 21 21 21 21 21 21 21 21 21 21 21 21 21 21 21 21 21
0 0 0 0 0 0 0 0 0 0 0 0 0 0 0 0 0 0 0 0 0 0 0 0 0 0 0 0 0 0 0 0 0 0 0 0 0 0 0 0 0 0 0 0 21 21 21 21 21 21 21 21 21 21 21 21 21 21 21 21 21 21 21 21 81.6655996617 81.6655996617 21 21 21 21 21 21 21 21 21 21 21 21 21 21 21 21 21
0 0 0 0 0 0 0 0 0 0 0 0 0 0 0 0 0 0 0 0 0 0 0 0 0 0 0 0 0 0 0 0 0 0 0 0 0 0 0 0 0 0 0 0 21 21 21 21 21 21 21 21 21 21 21 21 21 21 21 21 21 21 21 81.6655996617 81.6655996617 81.6655996617 21 21 21 21 21 21 21 21 21 21 21 21 21 21 21 21 21
0 0 0 0 0 0 0 0 0 0 0 0 0 0 0 0 0 0 0 0 0 0 0 0 0 0 0 0 0 0 0 0 0 0 0 0 0 0 0 0 0 0 0 0 0 21 33.507914196 44.1785961506 21 21 21 21 21 21 21 21 21 21 21 21 21 21 21 21 69.5786873736 81.6655996617 69.5786873736 21 21 21 21 21 21 21 21 21 21 21 21 21 21 21 21
0 0 0 0 0 0 0 0 0 0 0 0 0 0 0 0 0 0 0 0 0 0 0 0 0 0 0 0 0 0 0 0 0 0 0 0 0 0 0 0 0 0 0 0 0 21 44.1785961506 51.3961509257 51.7930064466 51.6109235599 62.5682607923 21 21 21 21 21 21 21 21 21 21 21 21 21 69.5786873736 69.5786873736 69.5786873736 21 21 21 21 21 21 21 21 21 21 21 21 21 21 21 21
0 0 0 0 0 0 0 0 0 0 0 0 0 0 0 0 0 0 0 0 0 0 0 0 0 0 0 0 0 0 0 0 0 0 0 0 0 0 0 0 0 0 0 0 0 43.6057756133 38.1151487396 51.7930064466 51.7930064466 51.3961509257 62.5682607923 21 21 21 21 21 21 21 21 21 21 21 21 21 21 49.4857746019 21 21 21 21 21 21 21 21 21 21 21 21 21 21 21 21 21
0 0 0 0 0 0 0 0 0 0 0 0 0 0 0 0 0 0 0 0 0 0 0 0 0 0 0 0 0 0 0 0 0 0 0 0 0 0 0 0 0 0 0 51.7769958375 43.7105864251 43.6057756133 43.6057756133 38.3752942067 51.7930064466 51.7930064466 62.5682607923 21 21 21 21 21 21 21 21 21 21 21 21 21 59.8978173791 59.8978173791 21 21 21 21 21 21 21 21 21 21 21 21 21 21 21 21 21
0 0 0 0 0 0 0 0 0 0 0 0 0 0 0 0 0 0 0 0 0 0 0 0 0 0 0 0 0 0 0 0 0 0 0 0 0 0 0 0 0 53.5590002182 53.5590002182 55.4309149626 43.7105864251 43.6057756133 43.6057756133 38.3752942067 38.3752942067 38.3752942067 21 21 21 21 21 21 21 21 21 21 21 21 21 21 21 59.8978173791 59.8978173791 21 21 21 21 21 21 21 21 21 21 21 21 21 21 21 21
0 0 0 0 0 0 0 0 0 0 0 0 0 0 0 0 0 0 0 0 0 0 0 0 0 0 0 0 0 0 0 0 0 0 0 0 0 0 0 41.150075614 53.3185212987 53.5590002182 53.5590002182 53.5590002182 43.7105864251 43.7105864251 51.1353652091 38.3752942067 55.3849118956 55.3849118956 21 21 21 21 21 21 21 21 21 21 21 21 21 21 21 21 21 21 21 21 21 21 21 21 21 21 21 21 21 21 21 21 21
0 0 0 0 0 0 0 0 0 0 0 0 0 0 0 0 0 0 0 0 0 0 0 0 0 0 0 0 0 0 0 0 0 0 0 0 0 0 48.6314742538 41.150075614 53.3185212987 53.5590002182 53.5590002182 53.5590002182 43.6057756133 0 0 63.2558852277 21 21 21 21 21 21 21 21 21 21 21 21 21 21 21 21 21 21 21 21 21 21 21 21 21 21 21 21 21 21 21 21 21 21 21
0 0 0 0 0 0 0 0 0 0 0 0 0 0 0 0 0 0 0 0 0 0 0 0 0 0 0 0 0 0 0 0 0 0 0 0 0 0 49.6573458316 41.150075614 53.3185212987 53.3185212987 56.1053150068 0 0 0 0 21 21 21 21 21 21 21 21 21 21 21 21 21 21 21 21 21 21 21 21 21 21 21 21 21 21 21 21 21 21 21 21 21 21 21 21
0 0 0 0 0 0 0 0 0 0 0 0 0 0 0 0 0 0 0 0 0 0 0 0 0 0 0 0 0 0 0 0 0 0 0 0 0 0 49.6573458316 48.6314742538 49.6573458316 0 0 0 0 0 0 21 21 21 21 21 21 21 21 21 21 21 21 21 21 21 21 21 21 21 21 21 21 21 21 21 21 21 21 21 21 21 21 21 21 21 21
0 0 0 0 0 0 0 0 0 0 0 0 0 0 0 0 0 0 0 0 0 0 0 0 0 0 0 0 0 0 0 0 0 0 0 0 0 0 0 0 0 0 0 0 0 0 0 0 21 21 21 21 21 21 21 21 21 21 21 21 21 21 21 21 21 21 21 21 21 21 21 21 21 21 21 21 21 21 21 21 21 21 21
0 0 0 0 0 0 0 0 0 0 0 0 0 0 0 0 0 0 0 0 0 0 0 0 0 0 0 0 0 0 0 0 0 0 0 0 0 0 0 0 0 0 0 0 0 0 0 0 0 0 21 21 21 21 21 21 21 21 21 21 21 21 21 21 21 21 21 21 21 21 21 21 21 21 21 21 21 21 21 21 21 21 21
