Spatial_Output/BAU/BAU_1160.asc
NCOLS 155
NROWS 192
XLLCORNER 196769.923733
YLLCORNER 449719.875193
CELLSIZE 27.603701
NODATA_VALUE NaN
[rows 0 to 22 of 192, columns 53 to 105 of 155]
27.6748140116 28.0197451618 27.5216515439 28.0270043861 27.9158624198 28.1367745378 27.8416306111 18.5393879756 11.4823915434 15.6703627446 28.0474221639 0 0 0 0 0 0 0 0 0 0 0 0 0 0 0 0 0 0 0 0 0 0 0 0 0 0 0 0 0 0 0 0 0 0 0 0 0 0 0 0 0 0
27.7133460902 27.5874748482 27.5352937693 28.0030718057 27.7773362909 27.7492681905 27.8745917853 25.8337113987 22.0921304089 14.3341699579 27.7454749476 27.7837027939 0 0 0 0 0 0 0 0 0 0 0 0 0 0 0 0 0 0 0 0 0 0 0 0 0 0 0 0 0 0 0 0 0 0 0 0 0 0 0 0 0
27.5336898016 27.7370207207 27.9217122107 28.0937407128 28.0978109157 28.053115064 27.61602222 14.372278739 25.9641068336 27.6166603296 27.9690477832 27.6122930662 0 0 0 0 0 0 0 0 0 0 0 0 0 0 0 0 0 0 0 0 0 0 0 0 0 0 0 0 0 0 0 0 0 0 0 0 0 0 0 0 0
28.0332214649 27.7944340018 27.6430624375 28.1942908638 28.0212117997 27.6087596202 27.6290344932 27.5638411018 27.8065639756 27.828237018 28.0779004489 28.2052657587 28.1180796054 0 0 0 0 0 0 0 0 0 0 0 0 0 0 0 0 0 0 0 0 0 0 0 0 0 0 0 0 0 0 0 0 0 0 0 0 0 0 0 0
27.8879587319 28.0278218051 27.6863006908 27.9740881196 27.7832929 27.8310645727 27.5890601926 27.9346007572 28.100119146 27.5423778462 27.7039863443 27.7949516922 27.6053070997 27.945527984 27.546547959 0 0 0 0 0 0 0 0 0 0 0 0 0 0 0 0 0 0 0 0 0 0 0 0 0 0 0 0 0 0 0 0 0 0 0 0 0 0
27.9757369171 27.5890845041 27.7203089591 27.875343326 27.5850230615 28.0391516727 28.1628751651 27.8914223281 27.8441641973 27.5007999412 27.91460009 27.948561702 27.7319688533 27.7434403892 27.9065909284 27.5954515844 0 0 0 0 0 0 0 0 0 0 0 0 0 0 0 0 0 0 0 0 0 0 0 0 0 0 0 0 0 0 0 0 0 0 0 0 0
27.984665118 27.7353889914 27.6548163688 28.0830666666 46.9529110009 46.9529110009 27.6805838895 27.5250719669 27.5079238883 28.0493952313 28.0240643677 27.9080638375 27.8679809323 27.8221475568 27.6653220696 27.9804885588 27.6297854344 27.9712341918 0 0 0 0 0 0 0 0 0 0 0 0 0 0 0 0 0 0 0 0 0 0 0 0 0 0 0 0 0 0 0 0 0 0 0
28.0934369448 27.7995254602 27.6334594338 46.9529110009 46.9529110009 46.9529110009 28.1069895868 27.7270302195 41.6484715229 41.6484715229 68.9304898993 28.1913169419 27.5315642782 27.9668499915 27.9701631869 28.1579212546 28.102421854 27.7211393736 27.7442971074 0 0 0 0 0 0 0 0 0 0 0 0 0 0 0 0 0 0 0 0 0 0 0 0 0 0 0 0 0 0 0 0 0 0
28.0414553779 27.6308000682 28.1440208461 56.3142179716 46.9529110009 27.8176100553 27.9889840003 41.6484715229 41.6484715229 41.6484715229 59.7036320277 27.9406132671 27.755340809 28.1018063145 28.1088919013 28.0548858685 27.5550101044 27.6162804139 27.5810885397 27.9698197016 27.6013769102 0 0 0 0 0 0 0 0 0 0 0 0 0 0 0 0 0 0 0 0 0 0 0 0 0 0 0 0 0 0 0 0
27.8690056902 27.8706108157 27.8235005041 79.8770721603 79.8770721603 28.1260019953 27.9354427871 52.4264163816 68.9304898993 68.9304898993 49.0140784052 49.0140784052 27.7465551954 27.7262251988 27.6009531615 27.5076533479 27.8096169072 27.7881117017 27.9639564945 28.1468415331 28.1142782656 27.5158503639 27.6034476797 27.6998512321 0 0 0 0 0 0 0 0 0 0 0 0 0 0 0 0 0 0 0 0 0 0 0 0 0 0 0 0 0
28.2001155303 27.6488162837 28.1813446267 79.8770721603 79.8770721603 68.1054461905 68.1054461905 28.102745582 27.5410319545 49.0140784052 49.0140784052 49.6002291025 27.7667284345 28.0500075223 28.1284346928 28.0933157789 27.7700376709 27.5376110587 27.9116616244 27.8212128678 27.6594419083 27.9710525567 28.1420134681 28.0629701644 27.739043635 27.5577355862 28.0768408468 28.0037397318 27.9038848571 0 0 0 0 0 0 0 0 0 0 0 0 0 0 0 0 0 0 0 27.8836654514 27.6005779656 27.6961909926 27.6101325367 27.7076571019
27.583286205 27.8684038975 27.9356608812 27.7343401187 79.8770721603 68.1054461905 27.6936629798 28.0839576169 27.8242640835 27.7403506721 27.9310962368 73.5556741666 73.5556741666 28.0759575033 27.6214404604 27.7188640017 28.1147503284 27.5401051876 27.9660886934 28.1779583862 27.6563478793 28.0176957136 28.1469961373 28.1235907325 27.7387487066 28.1850680155 27.6291490416 27.6094731048 28.1660413749 27.6271518476 28.060470841 0 0 0 0 0 0 28.2045299799 27.6644018643 27.6667424608 27.898238352 27.5959670838 0 0 0 0 0 0 28.1232965884 27.5568721077 28.0285549666 27.5397130653 27.5602117705
27.815592848 28.1521263614 27.529720105 27.7755934324 27.9469269355 28.1051812337 27.5660268704 71.6912907001 71.6912907001 27.8405168368 73.5556741666 73.5556741666 40.1961372454 27.7278194665 27.9766005588 27.7319699032 27.7006890117 27.6680600993 27.5214590219 28.0754420974 27.552438098 27.5247614682 27.6507510797 27.8559824911 27.7901168398 28.2021887884 27.665189034 27.8081748101 27.7621705674 28.0398005489 27.9066266026 0 0 0 0 0 0 27.5746475236 28.1940572448 28.0913376803 28.1763474975 28.0541185809 27.6819299362 27.7358590649 27.9192576599 0 0 27.9417480341 27.7587010083 27.8424300735 27.6798992251 28.1377982286 27.7219089989
27.7753937667 27.5616161585 27.5737408415 27.6918403496 27.6044354127 27.8161023563 27.5344817714 71.6912907001 71.6912907001 28.1023179208 51.3666514166 27.8758227389 68.2536686733 27.592540719 27.641131791 28.0774028809 28.1744673646 27.6327243476 27.5461671565 27.8618425688 27.9882419071 28.2018779224 27.9136627975 27.5074389806 27.9952830595 27.7743545059 28.0744686129 28.0383162621 27.8189285636 28.0084348271 27.6873363004 28.1525024617 27.7581125072 28.1194386798 28.1490556706 28.0877696003 28.1864594535 27.9132474885 27.8086087569 27.798865729 28.092827751 27.750151494 27.9498381786 27.5788781422 28.1845140574 27.7929669665 28.1100202667 28.1969190695 28.1043083417 28.1491808262 27.7842534433 27.644093992 27.698073342
27.6684415119 27.990502597 27.6426768741 27.86581817 28.0237704776 27.8584168167 27.5531424001 27.8094227654 71.6912907001 27.7751900049 27.5948017031 28.158641892 68.2536686733 68.2536686733 27.6413639528 27.8902561422 28.0597366379 27.5700521247 27.5008630985 27.5702494758 28.0839064317 27.650615676 28.0006081304 28.1500863504 28.0093451176 27.687105694 28.1532010689 27.9618215747 28.109036448 28.098470126 27.9993973744 27.8883524697 28.1863384584 28.0844980839 28.0517326444 28.0919699121 27.9627208943 27.9536596199 28.0585605864 27.7024813099 27.7069315818 27.7034352598 27.8579696886 27.8644157004 27.988806954 27.8053927502 27.9142132235 27.9677396821 27.5985777452 28.0577230461 27.8048339181 28.0789849047 27.5394787722
28.0400218053 27.7707777348 27.5448238775 27.8988219878 27.9347685858 27.9959876617 27.593073669 28.1885016827 27.7081586345 27.783636796 27.6059474855 68.2536686733 68.2536686733 27.6196587347 47.4661994068 28.1517274457 27.6498109318 28.0395504411 27.8844632801 27.5184941058 27.8171050314 27.8889721803 27.9581308375 27.7355907381 27.8522692967 27.610009671 27.8677907547 27.9156144465 27.5996748282 27.7867324323 27.8421025177 28.0328623572 27.5514428004 27.7345522322 27.5487615463 27.8347588004 27.5367340258 28.171759929 28.0598687041 27.6694396788 27.910653523 28.0466255302 27.820492315 27.5116761757 28.0906665919 27.9696911681 27.5892469811 27.7080391372 27.7579314557 28.1107469616 27.8239079145 27.9815927689 27.575052728
27.7992723736 27.7972024696 27.7167187204 27.6911885612 47.3949483735 27.9579964841 28.115689643 27.9590134774 27.5148317624 27.6014854601 27.720147141 46.0314116034 46.0314116034 46.0314116034 27.5343025775 28.1002528476 27.6005981398 27.9764104874 27.640943845 27.5600907153 28.0783952425 27.5388798373 28.081760069 27.6384275892 28.1070402926 27.6147325035 28.0952255588 28.1896681195 27.8616958009 27.9271572048 27.5227869666 27.7681642536 28.1430446026 27.7489531089 27.7419191384 27.8875438156 27.7860326904 28.0161051723 27.7384646878 27.6856838593 27.681733609 27.7118118633 28.1316645234 28.1737402263 27.531476213 27.669876984 27.6945690898 27.9307645334 27.7777112634 28.1107250813 28.1295680666 27.5586373909 28.0137902936
27.8397063146 28.1917447575 28.127101553 27.8852904942 27.9460999879 28.0968905617 27.5888176275 27.7223785965 28.0897856083 27.8669743899 27.8704504596 46.0314116034 46.0314116034 46.0314116034 28.1826817553 27.8091528467 27.7214105672 27.8191623283 27.9841643253 27.678651998 27.5376657279 27.7996500118 27.6045079103 28.0078856541 27.5862197683 27.5718864947 27.8833658512 27.8490779073 27.7377983775 27.9245985802 27.8580195267 27.9556770303 27.756347074 27.7499183942 27.9639144879 27.621167888 28.1444213177 27.6451951753 27.8060141581 28.1000725931 27.6498695602 27.7098732109 27.5290346823 27.9373405902 27.7566138897 27.8395386836 27.9257956678 27.7314963002 27.8557504232 27.5367373048 28.1976687227 27.5371081977 28.1694642932
27.9803450006 27.9401218813 27.7754268046 27.9119919501 27.806140963 28.0560083829 28.1858820059 28.0484253415 27.9767626208 28.175454464 28.0549540246 27.7761841596 27.5565125689 28.1662655047 27.6902315959 27.8051215864 27.7354052663 27.7533831286 28.1895452267 27.7839505622 27.9079128413 28.1790937225 27.6467625896 28.1071934157 27.8338625719 28.0317470259 27.9047989604 28.0943316523 28.160776648 27.7201730703 28.0950733889 27.891916232 28.003814127 27.9770780094 27.7658256649 27.7016184889 28.2021948245 28.1822922932 28.0389653537 28.0652453543 27.5036828826 27.5678819537 27.5340656064 27.9016746852 27.5624275136 27.7101119283 27.5510109264 28.0851887965 27.5571063849 27.8001437376 27.7418326212 27.6833621811 27.7296799307
27.7988577454 27.7132832884 28.0815007673 27.9698138116 28.0633723697 27.8104231205 28.0149861185 28.1036947006 27.8984956727 27.7099131324 27.5179513812 27.9664552616 27.6027716219 27.5774719823 27.7847546661 27.8729902884 27.8494623463 27.6591589632 28.0094040103 27.8019832089 27.7741416204 27.5321410984 27.9688450187 27.6778605806 27.5881141124 27.9020610962 28.0673012598 27.5518996318 27.5740420271 28.0220214878 28.1900790838 28.0926899242 27.7982221469 27.6091395566 27.6467353214 27.665634205 28.0589316881 27.9424287786 28.1033470356 27.9991834377 27.706179637 27.9249297604 27.7892624023 27.8881609173 27.6135513371 27.85997426 27.8938687305 27.5965142305 28.0023448765 27.8091688668 27.8604828065 28.0436181444 27.6401962863
27.5358615586 27.6898322735 27.9348515908 28.0846398462 27.5854174982 27.8219775305 27.7201757936 27.6185399807 27.9440273569 28.1517081471 27.9052584077 28.0103070658 27.5600559703 27.6900568449 27.7544654402 27.8682473334 27.7157902532 27.7766616194 28.0955117003 28.0248105832 27.7258720791 28.0502315319 27.931944146 27.6604556973 28.1514520025 27.8057822386 27.7033413572 28.0856380287 28.1792231363 27.7509264914 27.8336705705 27.7558316669 27.7895996942 28.0828836953 28.1702532745 27.7439428387 27.7232425444 27.8647282862 28.0929281298 28.0947106959 27.8257777452 27.8131260211 28.1277358697 28.0287915851 28.1086918425 27.6583311161 27.9758458364 28.1325212929 28.2019927123 27.7971365477 28.0541930831 27.8982466971 28.1670584226
27.7867720395 27.7434208872 27.7802050662 27.6877558845 28.155952457 27.6356222287 27.9589918845 27.6790343337 27.7337840918 27.5173258086 27.9823017984 27.7864861174 27.6979772906 27.7954588316 27.5790633475 27.8313801062 28.0682319916 27.9619663367 28.1642649546 27.6221682543 27.9195417637 27.5362041875 27.7599658436 27.9622264668 27.9044300999 28.1836248221 27.8553773197 28.129024961 28.0854507233 27.6977905938 27.7282671896 27.7692072654 27.6357335615 28.0311116821 28.0297547183 27.98474741 27.5995169685 27.8692346884 27.6385142579 27.9771922991 27.5487772814 27.5602927326 27.9202447674 27.9124779747 27.8684899727 28.1197331856 28.0832348672 27.7166893638 27.8644672461 28.046826368 27.8281398376 27.6383682366 27.6650673988
27.6304058974 27.5937516388 28.0129937803 27.6641447498 27.7347109518 28.2002057251 27.9872961613 28.1443077656 27.6263870983 27.6884396109 27.5514020049 28.1684833033 27.9754805419 27.7127103237 27.6149174736 28.1080507317 27.9902076969 28.1259455348 27.7772425722 27.5785779925 27.7412361624 28.0350338711 27.8051516422 27.8463410581 28.170550238 27.7624297588 27.5472363993 27.9288958285 27.6027561934 28.0465143254 27.9660125526 28.1577950401 27.704276659 27.9499758649 27.6263815443 27.8647320974 27.5316940666 27.7985817785 27.7355631685 28.0196511448 27.8556946839 27.9834222986 28.013120628 27.727881362 27.9899214169 27.6741852472 27.6444754468 28.1539975919 27.7707922208 28.0217090934 27.5635399494 27.8296935565 28.0169473193
