Spatial_Output/BAU/BAU_0386.asc
NCOLS 155
NROWS 192
XLLCORNER 196769.923733
YLLCORNER 449719.875193
CELLSIZE 27.603701
NODATA_VALUE NaN
[rows 0 to 22 of 192, columns 53 to 105 of 155]
32.5461575796 33.9963205483 31.9166967986 34.6266748409 34.2933023177 32.0182868389 33.3137280132 59.9558479581 56.6011984121 59.2287286878 32.0594122841 0 0 0 0 0 0 0 0 0 0 0 0 0 0 0 0 0 0 0 0 0 0 0 0 0 0 0 0 0 0 0 0 0 0 0 0 0 0 0 0 0 0
31.9878815358 31.6446214407 33.7175027927 33.6413915546 32.6294598543 31.6404048477 34.3155567247 62.0547155147 67.4293679747 66.1054533744 33.3133056209 34.7529306251 0 0 0 0 0 0 0 0 0 0 0 0 0 0 0 0 0 0 0 0 0 0 0 0 0 0 0 0 0 0 0 0 0 0 0 0 0 0 0 0 0
33.2729234272 32.5931953481 33.3364151399 33.1161840931 31.6307227513 34.6294237123 32.1919637189 55.1293983595 64.6904510713 69.3591815669 33.4744919565 34.4608317668 0 0 0 0 0 0 0 0 0 0 0 0 0 0 0 0 0 0 0 0 0 0 0 0 0 0 0 0 0 0 0 0 0 0 0 0 0 0 0 0 0
33.1978086987 33.7662695596 34.0596286468 31.8922697244 34.7611130631 34.3945276889 31.9048957419 43.9037495899 43.9037495899 34.2238216235 34.5084709921 33.1934528313 33.7992621214 0 0 0 0 0 0 0 0 0 0 0 0 0 0 0 0 0 0 0 0 0 0 0 0 0 0 0 0 0 0 0 0 0 0 0 0 0 0 0 0
33.2804522547 32.7692051183 33.8152897258 32.0448523588 33.5282508023 33.1642910059 32.2101166077 32.1458623613 34.6310175744 34.0636014671 33.321532583 34.3246992387 32.5270460508 32.9706711911 31.9623127468 0 0 0 0 0 0 0 0 0 0 0 0 0 0 0 0 0 0 0 0 0 0 0 0 0 0 0 0 0 0 0 0 0 0 0 0 0 0
33.7748080429 33.2007197683 33.406474705 32.8703473611 32.4876799503 33.172379054 32.903095418 34.7373266451 34.2958407685 32.7620252918 34.0471295452 34.3767963033 31.7716268361 33.2898483739 34.4546622137 32.9686757945 0 0 0 0 0 0 0 0 0 0 0 0 0 0 0 0 0 0 0 0 0 0 0 0 0 0 0 0 0 0 0 0 0 0 0 0 0
34.3959757272 33.9891527515 32.1368460092 59.2936445138 59.2936445138 57.3292826773 57.3292826773 32.4937917188 34.6338060921 32.6057634977 32.5632479322 32.6932905505 33.4001752139 32.6637789488 34.6557109142 33.8302300327 34.5117835686 32.1967553984 0 0 0 0 0 0 0 0 0 0 0 0 0 0 0 0 0 0 0 0 0 0 0 0 0 0 0 0 0 0 0 0 0 0 0
33.7551003814 32.9586406342 32.0265506612 59.2936445138 59.2936445138 57.3292826773 57.3292826773 50.7666890932 79.9118922764 32.7975135564 48.1419923705 34.8923093801 31.6818818789 32.5696109025 34.1829566927 33.8303349015 32.68069469 31.7202030538 35.0140608877 0 0 0 0 0 0 0 0 0 0 0 0 0 0 0 0 0 0 0 0 0 0 0 0 0 0 0 0 0 0 0 0 0 0
34.7905380837 34.9477729893 34.3964945523 33.4916155373 32.6103034558 32.8805198342 34.4434306308 50.7666890932 58.397252742 48.1419923705 48.1419923705 31.7268920103 31.8171214661 31.7022059931 34.2177573381 33.817445307 32.3377216825 32.072361689 33.5742213077 34.716760396 34.2796912578 0 0 0 0 0 0 0 0 0 0 0 0 0 0 0 0 0 0 0 0 0 0 0 0 0 0 0 0 0 0 0 0
33.5225823652 32.8786432007 31.9614828699 33.7788566432 23.3327227716 23.3327227716 50.7666890932 50.7666890932 50.7666890932 47.6829503375 47.6829503375 47.6829503375 31.938491739 32.2018352482 33.4389334141 32.1870455559 32.4464690723 34.3797571943 34.9660849172 33.8320067501 32.9666595724 34.9094182294 34.116689796 33.0007049913 0 0 0 0 0 0 0 0 0 0 0 0 0 0 0 0 0 0 0 0 0 0 0 0 0 0 0 0 0
33.292688709 33.8511583582 31.6865903299 23.3327227716 23.3327227716 23.3327227716 48.7167478773 34.6279499244 34.7954927752 47.6829503375 47.6829503375 58.8231753688 32.7754597621 32.6272338628 34.358427433 34.4439499642 34.5293102518 32.7284842913 34.3578520889 31.778470951 34.3835234347 33.4567989974 33.4466933886 32.4559892704 33.0096441121 32.2649142382 33.7017307551 34.6853741679 33.1741220701 0 0 0 0 0 0 0 0 0 0 0 0 0 0 0 0 0 0 0 34.4320429736 32.7055530955 33.5607410585 35.0069701722 32.4533875802
32.1635346095 32.5734246601 33.1047144097 33.9876112118 31.9229561247 34.0995227216 33.0768950917 50.6602895733 31.5165325995 51.185984263 58.8231753688 58.8231753688 33.9474058437 32.1708181037 34.2264133222 32.1267715379 32.372007898 31.8075235369 33.0882652107 31.765433128 32.6097584865 34.4648095768 32.1299521253 33.4763159457 34.5548083946 34.1968612083 34.3374524446 33.1175663983 34.3380962993 34.6158452763 33.6361386815 0 0 0 0 0 0 34.8367807646 32.3525766917 32.2171321351 34.0595303198 32.698816685 0 0 0 0 0 0 33.3060666158 31.7337216887 32.9295217117 31.7575649469 32.1752057088
32.212459494 32.0177869583 34.8618103764 34.4975396981 34.0681684408 34.5146069463 50.6602895733 50.6602895733 44.1103667386 44.1103667386 59.9227993661 59.1048611818 59.1048611818 47.2672321673 33.6062937356 33.938861108 31.7274617165 32.6868920483 34.9504392619 33.8528868311 34.4388349311 31.5035613331 32.2456634362 34.2447468597 32.7623213084 32.5323955226 33.0197735658 33.7597264363 34.835658282 34.6688688022 34.0654059413 0 0 0 0 0 0 32.7010265265 34.0563714406 34.897840019 32.4484198624 31.5804088687 33.8674384469 33.0087959521 31.9889222554 0 0 31.5962090453 32.235547253 34.1671385399 32.9329612108 32.5607525418 31.8647373988
33.2006309969 32.5491018604 32.5447268735 32.5349875376 65.2740445123 65.2740445123 50.6602895733 50.6602895733 44.1103667386 59.8881882445 59.1048611818 59.1048611818 59.1048611818 84.6674094049 31.9957836919 33.8480027168 34.768301221 33.755865426 33.3184540953 31.9527802609 31.8908043728 33.5359998904 34.5986198905 34.2271290797 34.7771974765 31.8035538638 32.9929017973 32.7569478592 33.0105513739 33.6457337131 34.1302580183 33.8654202202 34.4703392909 34.6835221278 33.8078291725 33.5228504643 32.13125128 34.327707234 34.7686649275 34.7901261816 34.5216313034 32.9484821202 34.9664229664 32.3760242988 33.8891898043 31.8485175617 34.7103927747 33.2009289923 32.7009064455 33.5757693238 33.1039333984 32.2113620121 32.6206894238
34.6729877857 32.9655104813 33.6857293993 33.1501791636 65.2740445123 65.2740445123 61.2336560197 34.9957819812 59.8881882445 60.7248463492 60.7248463492 62.8550156609 62.8550156609 84.6674094049 84.6674094049 32.7222283668 33.0845017961 33.5012645227 32.8111118335 34.0706064424 31.7951750252 34.5473491297 31.7273994276 34.8928349787 32.8863891157 33.2859892075 33.1597134244 32.3235038012 32.0586390929 34.926432854 34.8617611373 31.9565703671 32.2072841882 34.8010175585 32.0176276588 33.8342893149 33.3617378364 32.1939976994 33.0639065699 32.1356734731 34.9788688346 33.1558634553 34.3227237129 33.8647929506 32.4183634896 31.8185448717 32.8854325353 34.0382928742 34.1674409012 34.9635915251 32.8437502335 34.8009296074 32.0651581541
33.9594003942 31.5589248224 33.5391935795 32.3122742225 60.915125644 65.2740445123 34.8732055091 32.4382946269 60.7248463492 60.7248463492 60.7248463492 65.9745914555 66.3516549942 84.6674094049 84.6674094049 32.1543164034 32.1413320777 31.9465685315 34.2587004012 31.5007343438 33.1363249594 34.9274743981 33.5689590302 32.0365433522 33.2737058369 33.4280732615 33.1177251579 34.8321152678 33.2524744853 33.6102031592 31.9538381778 33.1157689238 33.1381673502 31.5476597207 35.0278028872 31.7046091359 34.1382685691 33.2542233249 32.436903113 34.1888822329 33.90193763 32.4862470774 33.1562694183 33.1538895947 32.7850404239 33.6945653768 31.7753592258 34.3279217746 35.0269374436 34.0342866371 31.9443764022 31.8251805192 34.5739489316
32.7924437322 32.0049945697 33.9717824198 33.7351963732 60.915125644 60.915125644 33.7473638627 31.7149394481 32.8020203322 65.9745914555 67.8516826458 67.8516826458 66.3516549942 66.3516549942 32.4044325972 31.5007141682 31.6568486208 32.3876865851 34.4411097256 34.2794353836 33.5015951063 34.8258957139 32.2649028929 33.8141539073 34.9404809339 32.3678301995 32.9927191121 34.6313449412 31.9671811359 33.5744657875 32.3473190134 32.6925535317 32.3202644193 33.9723091941 33.9389741401 34.8061032018 34.83271018 32.0458257521 32.1508812256 31.5866400246 34.7665581559 34.6873027729 34.0243930671 34.7896224087 31.5356476955 32.6235354649 34.615963993 33.3942611047 32.3863386535 34.8625898639 33.059925699 34.2484477381 31.9936669232
34.1389021052 32.6390055004 34.1628729572 34.598017998 33.7224277584 32.5232514469 76.868248015 33.3944217115 76.941496206 34.5219585379 67.8516826458 67.8516826458 75.0066304377 33.9214420242 33.3838617342 32.4363412474 32.2516856086 33.6517447067 33.2429916023 33.1517985938 31.9473230446 34.1126737765 33.4132297784 32.7065726025 32.3332620724 31.7131697107 31.8190631185 32.3565264535 33.3677896373 31.7526634868 32.9333343167 33.6107037672 34.2242406951 34.1357283379 34.8019071943 34.681379532 34.0995713111 32.3218001711 32.1912153181 32.8465361184 34.87955885 34.1919604335 31.522213689 32.4924610931 31.5075057252 34.4163168883 34.0511113586 32.6354802608 34.967681987 34.6719347645 33.5852180902 31.6485678606 34.2021675962
34.1002300137 34.0785321833 34.253931722 34.5306688924 31.6796825795 31.8740543313 33.4908411799 73.0466598654 73.0466598654 34.601021852 33.5742748972 31.8309602958 75.0066304377 32.993196362 33.3518779339 35.0121595194 32.576485739 34.1050523084 34.1410611459 34.7579936943 31.5355602864 33.7039457499 35.0205140041 33.091275142 32.480296337 31.5321164358 34.8059403859 34.7182600322 32.1457666257 33.5918672323 33.4516988166 34.6210393658 33.0230283393 34.9424671555 34.4337734434 32.0974504946 34.1057799957 33.2766314132 31.5714654485 34.7811193412 32.1237003654 34.5584479652 33.0131252419 33.0955754214 32.1513677871 33.7773013477 32.2069827506 32.5348352852 32.7098485554 34.8714691875 32.3487635653 33.5683528697 32.8498416384
31.6314632076 33.0869820113 31.9965152875 33.8579777991 31.5877175961 32.2021100514 73.0466598654 55.2609501836 73.0466598654 34.9547405428 33.7830645224 32.3511633407 34.8855808334 34.0425638624 31.9644157027 34.5789576123 32.042802182 34.0992703539 34.6696037428 34.5930065172 35.0306963867 34.9446164985 33.4878151336 32.3646199191 32.3092135559 34.0896493287 32.1166358864 34.2122803593 34.8254324598 32.4164836514 34.2168094668 34.2177844289 33.6640345858 33.8732205536 34.5510247388 32.8075807373 32.10500979 32.1306789798 34.5170974589 34.3957983499 33.2671502984 34.9652181693 32.4550521894 33.0193367256 33.2802577936 33.4990651592 34.0246664799 33.0141578859 34.3572025902 33.8836278902 31.7929001918 32.9003087174 31.8401228138
34.9070268205 32.5113776897 33.0331498825 31.7850281737 31.5653669196 32.7682572907 34.0268400574 55.2609501836 55.2609501836 55.2609501836 32.2366707953 34.693360682 34.5477351561 32.5882900807 32.2733040257 34.3330536483 34.8098198283 31.7420127378 33.0607518032 32.2260218059 34.6861253928 31.6771400391 33.0452908468 31.8132536977 34.7958731712 33.830255727 31.6568850513 34.9383180974 34.4880884283 35.0124021479 32.4236398991 33.1440392842 33.8702180377 33.7829973303 34.5312557454 34.6012931994 33.5471821839 33.7103333604 34.4168022809 34.769033853 33.8216222973 31.9011252655 34.467829969 33.8595500899 32.0118848313 33.7367226556 33.1787191938 32.7413142472 33.1668282817 31.5796901561 33.727426849 32.2644929341 34.9293548942
32.628230208 32.329508416 33.9161874474 34.3636589635 33.3766109728 34.1442105618 33.9365739685 55.2609501836 55.2609501836 61.256252996 34.1898584939 33.6422849599 32.1002345347 34.3000624774 33.0519854995 32.2120590401 32.4968682759 33.8212707072 34.1005675625 33.3625139456 33.6954912775 32.3141116053 33.595384145 33.706693975 33.1756163851 33.9043609722 34.8909890095 33.0495361219 32.7847242344 33.8717002492 31.8619872469 32.6274726252 33.6973324831 32.8842593554 34.063326764 33.6001939074 33.8429537608 33.5740671336 34.4919338951 32.4611559377 32.0749260002 32.9603608854 32.5899579565 33.9297696138 32.9459465311 34.8047439228 33.0059823493 34.1853544504 32.3324699367 32.215421225 32.5718460281 32.9797573611 33.2817157879
31.7771649655 34.1349896843 34.6788884131 32.1703376888 31.8200669771 31.9217802721 33.9568781431 33.8834552604 78.0210943551 78.0210943551 31.9830471627 32.9091520883 33.6724359916 31.933206156 32.1810623292 34.5662682856 34.0855791584 34.563366993 34.7246919515 33.6658303483 34.5168735631 33.1117301346 32.695989825 34.5718817636 32.698121718 33.8564336072 31.5218996612 34.6375200117 34.7565303002 31.7904860016 34.6342222276 32.846670847 33.5707699773 33.6427576012 34.6375726811 32.671679933 32.7024462737 31.5402683307 32.4164708902 32.0262505074 33.9545487611 34.4797489144 31.9570282363 31.6213687225 32.4664916259 34.3429268944 32.319572548 33.5691104103 32.8187380094 32.7138204303 33.1193247519 33.6805805684 33.2329510749
