Spatial_Output/BAU/BAU_1078.asc
NCOLS 155
NROWS 192
XLLCORNER 196307.867259
YLLCORNER 449144.565805
CELLSIZE 33.573938
NODATA_VALUE NaN
[rows 100 to 124 of 192, columns 56 to 111 of 155]
70.0725760447 23.138845887 22.758757296 22.9584259874 22.9778138233 22.6875858373 22.5547686284 22.9954483269 34.8163173609 23.1781165949 22.8240227624 22.5953678013 22.7036315273 22.9653295707 23.1784365849 22.9910421904 22.8469371028 23.1361403035 23.0709489233 22.7417080371 22.9830888626 44.531774117 22.8306976036 22.9658056672 23.028395182 23.1317152933 22.8970013154 22.8898035034 22.5189603471 22.8686758223 23.1397677001 23.0716782612 33.960617002 34.2709437682 34.2709437682 22.5477429554 22.6961063515 23.0152748656 23.0052044032 23.0021388666 22.5620514797 22.8397175669 23.1153223866 22.7625254339 23.0690761221 22.5384931039 23.0830448164 23.0714856419 23.1171063482 22.7050012232 22.6562439587 22.8381804078 49.7035224491 78.7166796977 22.545666137 43.3194930526
22.8279313824 22.5106617556 22.6752838605 23.0396361686 23.1452917508 23.1396040922 22.7702212893 22.9496142382 23.023492068 23.1439619743 22.57331101 22.7440569583 22.674741514 22.9777092201 23.1239343659 22.9953621456 22.7882331481 23.160798036 22.8651145017 22.935046986 47.3980155473 47.3980155473 47.3980155473 23.0229037264 23.0264401719 22.7224848784 22.5775657775 22.8961536563 22.9452124286 22.887213098 22.7011332634 22.8149304651 22.7427259721 23.1958021289 22.8140233789 22.6005702724 22.8692510487 23.2051572807 23.0410370792 23.1782028615 22.6407720215 22.5459081173 22.7779170476 22.9970903697 22.6977095086 22.6143290655 22.9493558013 64.2176840759 22.5988151309 52.4771719332 46.1982450066 49.7035224491 78.7166796977 78.7166796977 34.425738992 43.3194930526
23.1111078212 22.6890625044 22.6005650096 22.6530642466 22.6484511398 22.9167293354 22.6211400702 22.5267301667 22.6073046232 22.7882816098 22.9843296714 47.1064130014 69.4285928309 23.171807185 23.0889042953 23.0849288617 22.9138215635 22.9089317121 23.1889648014 22.7990436414 22.843336812 47.3980155473 47.3980155473 23.1011957204 22.9160131738 22.5778495221 22.9237397269 23.0042447917 22.7043727101 22.9670956076 22.6598712882 23.0595270047 22.7364900707 47.7488780541 22.9858551669 22.6684668746 23.0467294867 22.7475679185 22.9532857812 22.6948073873 53.284703235 71.1830471938 48.2669313998 23.0192175171 23.0236833903 62.4009922859 62.4009922859 64.2176840759 64.2176840759 46.1982450066 46.1982450066 49.7035224491 78.7166796977 78.7166796977 22.5807170956 63.9739493374
72.3159899223 22.9621455437 22.5983142799 22.7322333182 22.5766684822 22.7844535241 42.2082190931 42.2082190931 22.8239623866 22.7418099035 23.0259148405 47.1064130014 47.1064130014 23.0277536656 22.6394877976 23.0566154433 23.0677460609 23.0766430946 23.0983891927 23.1038348809 23.0844004597 47.3980155473 23.0668706662 22.6598317803 22.5580035755 22.9583960975 22.6492477326 23.17634507 22.8866048771 22.783824423 22.9497451734 53.1930424657 48.5917889561 48.5917889561 57.9968343165 57.9968343165 63.3653586211 49.1820792552 34.4775800658 34.4775800658 42.3915199066 48.2669313998 48.2669313998 46.9210445631 22.5299082762 62.4009922859 62.4009922859 62.4009922859 47.3683796783 52.4771719332 46.1982450066 56.8771774547 22.5276368343 22.5072913468 22.7617063513 23.0125373114
54.9075577687 23.1244113158 23.2067847187 23.1708462628 22.9209258502 22.6148882273 23.0951268749 22.9687789132 22.7023849272 23.0689680373 22.7343139998 47.1064130014 23.0705335758 69.4285928309 47.3522646733 55.3836788325 55.3836788325 55.3836788325 22.6215519883 22.5652581505 23.136730353 42.1509371751 22.6398528707 22.8935820785 22.9806280129 22.9269741124 23.1980794197 62.1965503511 62.1965503511 51.8773702646 22.8232873783 53.1930424657 48.1152049732 36.7811035568 57.9968343165 57.9968343165 57.9968343165 49.1820792552 34.4775800658 34.4775800658 42.3915199066 48.2669313998 48.2669313998 46.9210445631 22.7198414321 22.6030499224 62.4009922859 47.3683796783 47.3683796783 47.3683796783 22.6668955839 23.0056078669 23.0091637805 22.8767660692 23.1038001873 22.6163854594
22.9423174002 23.0058807656 23.1076178025 22.9804417081 22.7574822979 22.7894860484 22.6482383317 23.1738393617 22.703659205 23.00933722 22.8062672194 23.0614003229 22.9280097324 23.0846232674 47.3522646733 23.0841408409 55.3836788325 23.1264577095 22.9869197473 22.5889423392 23.0954301346 22.878312371 42.1509371751 42.1509371751 22.5005476069 23.0934349509 23.1424472804 62.1965503511 62.1965503511 51.8773702646 22.8749289082 53.1930424657 22.8552966302 48.1152049732 36.7811035568 57.9968343165 22.801604389 63.3653586211 49.1820792552 34.4775800658 56.0826860462 41.30269937 48.2669313998 23.125599403 22.6828266742 22.9146123067 23.0568166562 22.8628736114 47.3683796783 22.8608680987 22.5728915619 22.9562004802 23.1477219181 22.6758904411 23.1019738722 23.0505031477
22.9427082748 23.054501695 23.1335719792 22.521791833 22.5171120069 22.6344143376 22.6420233394 22.6474171802 23.1929620305 22.5769721509 23.0078724087 22.5305445359 22.9586811242 22.9866075195 22.5061664231 22.735124259 22.76067771 22.5713934749 22.6561435596 22.5126180816 22.8984137822 42.1509371751 42.1509371751 22.9784363612 22.7909236755 22.918879028 22.9995547777 22.7132997139 62.1965503511 22.9354012472 22.9754955479 22.8726198693 58.5985872158 58.5985872158 58.5985872158 58.5985872158 22.9600771915 22.9796326262 22.7400594655 22.5418231097 22.7654852893 23.1751551542 22.9754607953 22.9864177001 23.0156930159 22.5432268801 22.8722766648 22.6500192279 22.7226231135 23.1744288067 22.948834711 23.17314285 22.9856447118 22.9001751084 22.71928207 22.5243631336
44.1797730632 22.6821735866 22.6189039796 23.2031990476 22.7399777018 22.7238573696 22.6892806166 22.8316077285 22.6072570915 22.6392212952 23.0789138394 22.9774460306 22.9070722595 22.6788769956 22.7881234367 22.6365877765 22.9116722242 22.5766907544 22.9541360053 23.0988693352 22.5227194336 22.6803721413 22.9334845551 23.1929785527 22.6487205104 22.8866837487 22.9607850143 22.975394342 23.1484211538 22.7260181763 22.7351701753 23.1799665413 22.5034880626 22.6116360841 58.5193700652 22.8384885126 22.6630599715 22.6564992019 22.6597485073 22.6790805825 22.8939244425 22.9784168261 22.7747655284 22.9320726227 22.677544077 22.5176624925 22.9060963183 23.1195467039 22.8747362651 23.084804849 23.1663274545 22.9399093428 23.1874966707 22.6817364692 22.9662164116 22.9394107865
22.9113913713 22.7430602678 23.0502724718 22.7422309562 23.085719012 23.0569804041 22.5990841242 22.9900787238 44.980727301 22.9254476058 23.1791946891 22.9427362038 22.8765992219 22.6048567296 22.5137789324 22.887275608 22.7117288477 22.8373727506 22.7802240748 22.6054834478 51.930614915 51.1266033625 39.7472650414 22.8987184397 23.0676840174 22.8418308625 22.9866386104 23.1418120007 22.831565707 22.5888585943 22.7523524446 22.8454359017 22.765975048 58.5193700652 58.5193700652 58.5193700652 22.7136963756 23.0647226439 22.8889360554 23.1840839922 23.0901868599 22.5915403921 22.7692428421 23.1230014243 22.8342694198 22.6787118804 22.8678091633 22.8221353697 42.8390227996 45.0419850769 22.8675174286 22.7693687589 22.8059408493 22.6970155266 23.0201269609 42.696132202
60.9751525572 22.5228090444 23.0831917072 23.0808458684 22.6135377712 22.8300881265 23.1512461375 44.980727301 44.980727301 44.980727301 23.0780561634 23.0805429238 22.8504200461 22.9887196892 22.7304663051 22.7702605252 22.6540882858 22.9638396667 23.0980763782 22.7473609992 51.1266033625 51.1266033625 51.1266033625 22.6906069111 22.8683758598 23.1732122647 45.8602631386 45.8602631386 45.8602631386 22.6032120798 23.019574282 23.0345114471 23.0948707776 39.7498904942 39.7498904942 45.2282411157 70.2735452303 57.2132532921 22.7948509993 46.2753323143 62.8339530241 60.9421846398 60.9421846398 70.3218204083 22.5567903139 48.4260179506 22.619571953 42.8390227996 42.8390227996 42.8390227996 23.0955265877 23.1327015142 23.2065629219 22.9892587206 39.1503355873 42.696132202
22.8178940633 64.315987334 22.7510272511 23.1588685789 22.9687673863 45.3853887592 22.5124987889 23.20645679 44.980727301 23.1441967512 23.1557910582 23.1365600485 23.0153849839 22.9164540233 23.1237095334 22.5919051422 22.7144823939 23.0070440825 22.5647711515 23.0890003501 35.414009256 51.1266033625 35.414009256 54.5838183008 54.5838183008 36.9879776601 45.8602631386 45.8602631386 85.5801020799 40.9094856344 40.9094856344 22.6688529393 23.1289613727 22.9273794889 23.0313103218 45.2282411157 70.2735452303 57.2132532921 57.2132532921 46.2753323143 62.8339530241 60.9421846398 60.9421846398 22.6126348071 70.3218204083 48.4260179506 22.977578037 22.7090164527 42.8390227996 42.8390227996 23.1788031812 23.1020856403 22.6270246262 22.9983654427 22.8140018802 23.1205209469
64.315987334 64.315987334 22.6512156191 22.7147526579 45.3853887592 45.3853887592 22.9594884046 22.7311198231 22.7813738631 22.7334372992 22.5764612127 22.6869370534 22.5960615467 23.0636852875 22.8359073659 23.1730869427 52.22099697 52.22099697 22.8032520142 48.6333892876 48.6333892876 22.6383451865 22.8380241484 54.5838183008 54.5838183008 40.5864195594 54.6515797608 54.6515797608 54.6515797608 40.9094856344 40.9094856344 22.8128662059 22.8540473868 22.9239865305 22.7640116521 45.2282411157 70.2735452303 57.2132532921 57.2132532921 58.1603156698 62.8339530241 60.9421846398 22.7809180403 22.5643406033 23.0932767361 48.4260179506 22.6283037721 22.5628847921 55.6732137287 55.6732137287 55.7602494241 22.9339738022 22.9474633525 22.5003144022 22.9739469063 22.6322018027
64.315987334 64.315987334 22.5904159619 22.6993030965 45.3853887592 45.3853887592 22.8730902839 60.5257743458 60.5257743458 22.7310186883 22.9403312917 23.1049083734 22.9973548574 22.8726973988 22.9364028278 23.0696383944 52.533491664 52.22099697 22.8498012859 23.0104430096 48.6333892876 22.8200561698 22.6827734603 54.5838183008 22.5722516008 23.0673205952 54.6515797608 54.6515797608 85.5801020799 23.1726691652 22.9187627993 23.1674458838 22.6678359705 22.7677125333 22.6197688152 22.9280051903 22.6849973591 22.958013604 22.7755851692 22.6016535663 22.6926620739 23.1359722595 22.6137052349 23.0318277801 22.8765388399 23.1500017174 22.7837779382 22.9682753373 41.0224079178 41.0224079178 41.0224079178 23.0704448668 23.1139629764 22.7286068687 23.048553675 22.9154528269
54.6897315582 64.315987334 22.8439236732 22.8732179247 23.0564927976 45.3853887592 22.6562444575 60.5257743458 60.5257743458 60.5257743458 22.6932481254 22.6342617533 22.787232495 22.715506188 23.0768172817 22.8214802933 22.5139407991 22.5817380791 22.5565743417 22.8589465457 22.9530539748 22.6902334073 22.9902788842 23.0918383598 22.7203543638 22.816858393 53.1084038731 53.1084038731 53.1084038731 23.0209829545 22.9453851249 22.5645061375 23.1744683849 22.8456804023 22.685334873 22.5847149646 22.6611021874 22.5403857921 23.1184108848 22.9477852196 23.0888388169 22.8165324006 22.7280389847 22.806746582 23.0271609159 22.7430481249 22.8827915571 22.5627855713 44.4329460627 44.4329460627 44.4329460627 22.5800489013 22.709525717 23.0876834596 22.529143224 22.7847526188
22.7545663959 22.7725085617 23.0295825638 22.6024884204 23.174912985 22.9496763268 22.5157480366 22.9981809384 52.2090737676 22.7197580451 22.7587777758 22.6796167203 23.0482165559 23.0626232785 23.0802823094 22.5736370032 22.6512202658 23.1457407656 23.0754874726 22.7506383744 23.1096151465 23.0488790328 23.2070518381 22.5886989765 23.0135065253 22.7740462081 23.1422247037 23.0326775685 44.8324223943 22.6133223372 22.9200569906 23.1580351324 22.7868608294 22.8473605654 22.6303049173 22.8852885676 22.5701191673 23.024452537 22.9250059761 23.0770552116 22.9737480273 22.6950864215 23.144629488 22.5709320829 22.8962419037 22.8718606855 23.0506288583 22.7809662573 44.4329460627 44.4329460627 39.9207290257 22.7962622958 22.8646782253 22.9242088375 22.7260828455 22.9581877323
22.9923210963 22.7909691032 22.7539676613 22.5331163283 22.747650588 22.977684088 35.1431629507 51.8612820332 51.8612820332 51.8612820332 22.6025157474 22.8352037667 22.827068745 22.5855947809 22.7672639452 22.8717291774 22.5105143868 22.9914089316 23.0655872119 22.6011119194 22.8358128143 23.1028139149 22.6684290801 23.1300572064 22.6558875184 23.0898855188 22.7145191204 48.7798453107 22.9046899201 35.6208866408 22.9846925152 51.8295977471 22.8974025099 22.8850799064 22.592429258 23.0108423369 23.1042831643 23.1902604171 22.7517745758 22.5636778183 22.5378757306 22.6857683138 23.018570299 22.8549250914 22.9879299915 23.0786071463 22.8203529697 22.6175799822 39.9207290257 39.9207290257 44.2670700716 22.6738090104 54.2394615805 23.149890779 64.9221244949 44.6027313482
22.9954806662 22.8474076853 22.7804791743 22.7487150386 23.0960293199 22.60897256 22.9305005394 23.0999995035 51.8612820332 51.8612820332 22.9660970702 22.5246699713 22.6676503845 23.2026902232 22.9206912512 22.7175050257 22.5196719958 22.5149815761 22.6659494869 22.8101177087 22.7638521958 22.9480557697 65.6490249477 22.8627716558 22.5868010511 84.3038517265 84.3038517265 22.6669703294 44.8324223943 22.6107532741 22.5541114338 22.7915082956 22.9626997283 45.4577316457 23.1217023492 22.6953595015 22.9288305005 22.8253804163 22.748030422 22.9145159889 23.0768855283 22.9170259092 22.9107069595 22.7100491217 41.4036462873 22.7542428052 43.7932832721 41.9072368371 41.9072368371 46.4698264079 46.4698264079 54.7163935012 54.2394615805 77.8234978958 77.8234978958 44.6027313482
22.9272958863 23.1893856547 22.9203931485 23.1064888021 22.8424379381 22.5387900775 22.8771347326 35.1431629507 22.9715921534 23.1153910173 23.0660040865 22.7840981723 22.7635222534 22.8462543658 23.1712214953 22.8988454401 22.9878263186 23.1516503183 22.5513173327 22.7507344819 22.7202494361 22.6728773069 65.6490249477 22.9869902757 22.9993652182 22.7125630199 23.0621255435 23.1562029113 22.5650632534 22.5927213075 22.5396735033 22.5051792937 45.4577316457 45.4577316457 22.5472050039 23.0969090139 55.4811769536 33.7011827584 22.6041305296 22.6567370372 23.0620530283 22.7272251631 23.0650092902 41.4036462873 41.4036462873 43.7932832721 43.7932832721 43.7932832721 41.9072368371 46.4698264079 46.4698264079 46.4698264079 54.2394615805 77.8234978958 77.8234978958 44.6027313482
41.9477565644 22.7493118553 22.656214873 22.8346747202 23.1245289411 22.7165478711 65.6831917417 22.9741237587 23.082736616 22.5343978717 22.8644726365 22.8057550684 22.9125536614 23.1765134641 22.7659032122 22.9606499335 22.9306969326 23.2069556398 22.7095199525 23.1868892734 22.9154766881 23.0062153818 22.9929933562 22.606866792 23.0345819272 22.6054156788 22.5909228733 22.9260985222 23.1479198866 22.9199304491 23.1135413176 56.0791616407 23.0363777182 45.4577316457 57.3198988238 57.3198988238 57.3198988238 22.9997223289 22.7423604994 23.1857984876 23.0815767508 22.5454011487 22.8554407073 41.4036462873 41.4036462873 52.7472486642 43.7932832721 53.2870067034 41.9072368371 44.5635570963 46.4698264079 54.7163935012 54.2394615805 77.8234978958 64.9221244949 47.4131049397
44.3648146357 44.3648146357 22.9774854604 22.8809621281 22.5217498805 65.6831917417 22.7479566677 22.7504295213 22.5383000813 22.6623446621 22.6549943704 23.1766881479 22.5893391879 23.0363778673 22.9518272688 22.8473314247 22.7469574337 23.1018311418 23.1396262319 22.9860842195 22.5823169359 22.5267544125 22.9650940418 22.7527415829 23.0558626112 23.1932412474 22.9643978821 22.8095104432 23.1759800806 23.013073814 23.0576303635 22.8028063304 23.2040340952 22.9618940429 57.3198988238 57.3198988238 23.1366987755 22.9034391229 23.0886949988 22.5791063599 22.7756724503 22.6323847293 22.6907252511 23.0034997166 22.6086512065 22.6526884116 22.8354004527 23.1461811746 43.4693139568 43.4693139568 43.4693139568 22.9295922082 22.7674622848 22.7169883791 22.8314647701 22.5043042332
44.3648146357 44.3648146357 22.9361649679 22.6362873666 22.624355061 22.5904801723 65.6831917417 22.7981617741 22.5591696837 23.0573562078 22.6910890292 22.8300589093 23.093618092 23.1097100879 23.1708049128 23.1069820585 22.507649864 22.6095760523 22.8309831616 22.5669764485 22.8221792884 23.1846881594 22.9799737862 22.9988944774 22.6437850143 22.814548291 22.6480940742 22.7062028459 22.6922452083 22.9558354122 22.9870278956 22.6141891823 22.8524214872 22.817933992 23.082090186 44.9495097418 72.1976930213 22.7892939071 23.1949257584 23.0495704481 23.1453201413 22.8581945059 23.1932968346 22.988415547 22.9008600414 22.6534190611 22.9440803118 22.8942992974 60.9854044736 60.9854044736 60.9854044736 23.160444057 22.7777885924 23.1764230307 22.6639254882 22.9926966788
22.992994878 22.8495146319 40.2605548341 40.2605548341 23.1144959435 46.3189240072 45.6863073107 22.9382461323 23.1084597378 22.9335094422 23.1142018277 22.639435725 22.6541669943 23.1017625035 23.0423570777 23.1315889697 22.6754053084 22.9945977341 22.9001791548 22.9431558437 23.0077329833 22.9156568118 62.5853235539 62.6448810969 62.6448810969 22.8222916824 23.1592361066 22.8967216036 23.0919975486 22.6888386639 23.1565259824 22.895914068 22.7826648209 23.1759539809 44.9495097418 44.9495097418 44.9495097418 22.8843326507 22.8825088031 23.0186562049 23.1587318827 22.917472431 22.9133322087 22.64355494 22.5355514543 22.746380841 22.7868488304 22.8052773668 22.5637902 55.4130710043 55.4130710043 22.6548606373 23.0096418079 22.5014300837 22.562154792 22.6120743918
22.9537510386 40.2605548341 40.2605548341 22.9952411362 47.2655977268 46.3189240072 46.3189240072 46.3189240072 22.6904283381 22.7058464496 22.597976369 22.9141258292 23.13413805 22.8932000781 22.5228125364 22.5481749365 22.9957869133 22.9470118587 22.5140244937 22.9009138835 23.1429426307 22.8488103309 23.1469055758 62.6448810969 62.6448810969 62.6448810969 23.0656256833 23.1009239898 22.8824688181 23.0669449147 22.6958715407 22.6438720318 22.9402038662 23.1282009497 23.0623767898 53.380786807 22.7281300276 23.0443164896 22.7350110472 22.8650729767 22.7941024802 22.5052055829 22.7006249937 23.111264962 22.7860371942 23.0460952834 23.154290726 22.5692751329 55.4130710043 55.4130710043 55.4130710043 22.5914724929 72.696531146 70.2161442973 70.2161442973 70.2161442973
22.6357296365 22.799137225 47.2655977268 45.8813581753 45.8813581753 46.3189240072 22.9328228516 22.5393257997 23.1889974698 22.9827835279 22.9443042012 22.9599713608 22.7109221493 22.9503842168 23.0902262384 22.9469892047 23.1809542316 22.5952461606 23.0233132585 22.8167556659 22.8008005031 22.8606900184 22.6507701472 49.2301883143 46.9559806609 22.570104182 22.9262233653 22.9777770705 22.613274649 23.0728558694 22.5571547468 22.9348419519 22.6571564011 22.5350031854 22.979204653 53.380786807 53.380786807 53.380786807 23.0900180509 22.531988413 23.0888422114 23.0484564656 22.8931242692 22.8582311742 23.083231042 22.8888687129 22.8362154635 23.1055460365 23.0819449182 59.1290120568 67.0520437366 67.0520437366 66.524070312 66.524070312 70.2161442973 36.3520232244
22.8265778278 22.7130802054 47.7686800717 47.7686800717 72.4137947533 72.4137947533 71.7467126743 23.102037388 23.0143187812 22.8060565433 23.0345064277 22.9817722721 22.5872938833 22.5500941573 22.7317863229 23.0827301509 22.7156496115 23.0234630226 22.9571984123 22.7648039728 22.7726164411 22.8507884622 23.0139843427 39.9026963464 58.5778281436 39.9026963464 22.8023676701 22.8447814584 23.1880766522 22.5543354765 22.5115918424 23.1411855593 22.7009612206 23.1963439437 50.0507652521 53.380786807 53.380786807 75.9960064939 22.6198588546 22.8086816965 22.9495021761 22.6311465309 22.9968527528 22.884030821 22.5144468951 22.5223740614 22.7035569258 22.6829189198 59.1290120568 59.1290120568 67.0520437366 67.0520437366 22.9777262208 72.696531146 70.2161442973 23.0910071315
