Spatial_Output/BAU/BAU_0546.asc
NCOLS 155
NROWS 192
XLLCORNER 196769.923733
YLLCORNER 449719.875193
CELLSIZE 27.603701
NODATA_VALUE NaN
[rows 92 to 114 of 192, columns 53 to 105 of 155]
26.9331161945 26.5440885117 28.3732290904 26.909383536 26.7314810932 27.7720957012 28.0886665148 26.888268693 26.7512299134 52.6005178097 52.6005178097 26.8974207288 28.49582958 26.6290750907 27.046683967 28.3798546424 28.3849377398 26.9613157032 28.2287741087 27.0317677109 27.2324529703 28.0809747706 27.2772855398 68.1665657063 68.1665657063 26.5601869416 27.7497199132 27.4648737372 26.518339974 26.7504794391 28.030477625 28.5288854421 28.4118819561 26.768570316 28.0023128882 28.254063905 28.1608436937 68.5366052323 68.5366052323 27.2776100241 28.5292904351 27.0770573198 27.5836372146 27.9869549295 27.0062280155 28.0757405297 26.5789374369 27.1391746082 27.1156871077 26.9168123446 27.6953625867 27.4629525217 27.9276616061
27.7453916285 26.7271907236 26.8062283326 26.5140476184 27.2057500936 28.1376461813 27.5977775368 26.8371822514 28.4909967204 52.6005178097 52.6005178097 28.5460903979 26.5995912735 28.3947561741 27.4546897634 27.5795959545 27.0008292553 27.2914619664 26.972090185 27.7888731241 27.4917722967 26.9218518961 27.8957338443 27.4120924517 72.0945683293 28.2613258842 27.7888073277 28.1726458463 26.8702642428 28.4008950687 27.3910378116 28.3659704185 28.3859210049 28.1025854882 26.7263264714 27.8856197015 28.2365602575 27.4741617722 45.6249385524 45.6249385524 27.4468926952 26.5831445858 27.0732581229 28.3872851401 27.7534796747 28.3182913755 26.7471928182 27.4035153833 27.3192215096 26.5608961301 28.249974902 26.9161358544 28.2166188642
27.5953176628 28.375408884 28.3233894526 27.5168836776 27.8599832693 27.3377294116 27.0709723951 26.7313238788 26.8536316379 51.9500030538 27.3424105363 28.4014916818 28.5257655422 27.7513288133 26.5706125376 27.6763358125 27.4816310711 28.3297927819 27.9155778806 28.3873148188 28.3303854954 28.5579733835 27.3163382293 72.0945683293 72.0945683293 72.0945683293 27.4955200072 26.9087695831 28.3115373934 28.3174693078 27.5039642924 28.1465940818 28.2522330804 28.1573950928 26.9195803194 27.7983451257 27.4523829581 45.3403474607 45.3403474607 45.3403474607 27.4884851906 27.8669876494 28.3511352773 26.7028513088 26.9200572063 28.3824295502 27.0578941299 27.3936165911 27.0388323079 26.9448681052 27.9678509811 27.3366089468 28.4855470221
28.0180134243 27.2391598403 27.6916313428 27.2739253893 26.8935632976 28.1982250944 26.8606906018 27.7738665003 27.4649371704 27.5993837398 27.8305831931 27.4854096239 28.0035196466 26.6039902891 26.6702352176 26.9872514697 27.6717800207 26.9842442445 27.8755991325 28.398817535 27.6121537036 26.8420379463 27.3526791362 27.5377899913 72.0945683293 27.1374623221 28.5714423793 28.0037615419 27.2822777813 26.6712088903 26.8449541915 27.5267253791 27.2858780583 26.9981985617 28.3236925523 27.191860604 28.5840344688 45.3403474607 45.3403474607 27.9866332066 27.1127837081 27.821536518 28.5195131366 28.5551447116 27.8240839582 28.3852612807 27.6408050326 61.2751860639 28.2233305767 28.4633123573 28.1691643959 27.7065166027 27.2504229506
26.6878676266 28.5014553721 27.0696350382 26.819161729 28.460970605 28.3601340284 28.2518365412 28.3694321886 28.0089745423 27.7560637918 27.0522898733 28.0202780504 27.3305227388 26.952029775 26.876695673 27.4040196433 26.853249767 27.8989211966 27.5772384795 28.2040679206 28.4711308679 26.5981986129 27.4967144734 27.6631810528 63.5754494821 27.1374077336 26.5220287235 27.2452476474 27.649615596 27.1601354048 28.0077714468 76.3010384955 63.0540692259 28.6044676746 28.2517081805 58.8581082288 26.6219106315 28.080114763 27.5828432294 28.3902696495 28.4488969496 55.0167433783 55.0167433783 27.3076676052 49.0550269389 49.0550269389 27.8402049765 61.2751860639 47.6266124998 28.4619402905 27.9833511884 27.1815280933 27.2113553971
70.4076973205 50.2008973358 27.1816898424 26.6669840279 26.7695256482 26.9037904782 27.37957747 27.7471710002 56.1131516694 56.1131516694 56.1131516694 27.7878982457 27.8136949241 26.6739367651 28.2465724693 28.603111789 57.834821319 57.834821319 77.4522882197 77.4522882197 28.2817748438 28.2099262711 78.8628601871 48.7119705874 64.5370062202 27.1537980858 26.8426500351 43.5075803383 43.5075803383 53.1458487826 53.1458487826 76.3010384955 76.3010384955 52.7355937319 58.8581082288 58.8581082288 26.677804435 28.3150836454 66.9255474574 28.2290628518 54.9384658512 55.0167433783 55.0167433783 27.9939248372 49.0550269389 49.0550269389 61.2751860639 61.2751860639 47.6266124998 52.6206880028 26.7776861065 27.7805946363 26.6154634499
28.4015260406 50.2008973358 50.2008973358 54.5083150287 27.9185548203 27.0833330077 76.4432807571 28.4017877027 58.8609187219 26.6860444916 56.1131516694 39.4936657771 26.6310938572 27.5565183772 27.4388569628 26.7747261088 57.834821319 57.834821319 57.834821319 77.4522882197 77.4522882197 78.8628601871 26.5790987537 64.5370062202 64.5370062202 64.5370062202 55.112894625 43.5075803383 43.5075803383 53.1458487826 53.1458487826 76.3010384955 76.3010384955 52.7355937319 28.3553067329 58.8581082288 77.1221194149 27.2858620855 26.714388898 28.6170548139 64.5267665725 55.0167433783 55.0167433783 27.3848590049 49.0550269389 63.2712682263 27.9397539154 61.2751860639 28.4523460238 52.6206880028 26.7189266498 27.1243588777 54.4553419787
70.4076973205 50.2008973358 54.4084163524 54.5083150287 27.0234208997 28.5385222306 27.8532028783 28.0013519501 58.8609187219 58.8609187219 58.8609187219 28.2037975824 27.8762578494 28.3211395724 27.6596067627 28.4127403591 57.834821319 57.834821319 77.4522882197 77.4522882197 27.3794839484 78.8628601871 78.8628601871 59.8315586637 59.6777878022 27.2700008204 27.3943983595 43.5075803383 62.2358675293 53.1458487826 27.3075206725 76.3010384955 27.0732101215 26.9327840683 27.3863588571 77.1221194149 28.2865424347 47.6268344875 45.3888212486 45.3888212486 69.9208159995 28.4660780103 28.0286227485 26.6868337771 27.3207356543 27.3124410863 27.9529554217 27.1388978534 26.9894368797 27.7013902792 26.9201189432 28.6207777869 27.1009061335
27.4126726574 27.1247207571 27.2549703051 27.8107931415 28.4606058719 26.5116884388 27.3222500533 27.3353766745 27.84298983 58.8609187219 28.2148032018 28.157204865 27.7228923007 27.108405247 26.6625759226 27.8126215446 28.0121900687 28.1624485775 26.9663087216 28.2086020829 27.2595074211 27.6233304685 27.9778720603 59.6777878022 59.0964392961 40.6189842818 27.2544876718 27.2049753652 28.5608482335 27.0543169725 28.3756274741 28.4534013261 26.95939451 27.5168486231 27.6955485795 27.4572313908 27.5671596943 28.0591872959 45.3888212486 45.3888212486 45.3888212486 28.3840086699 28.5598544241 27.9309068046 26.8779101587 28.2867516475 27.1979431108 26.5442293537 28.4584383103 27.3054455483 27.9703280624 26.9723073565 26.9672222957
27.4428418574 26.5188665811 27.1939650666 28.1227330559 28.2518627907 27.7612448049 27.4656430803 27.1339690786 28.5047593995 26.5247340504 27.0473109885 27.4178255999 28.4045195529 27.0832348198 26.7816502018 27.2316665931 26.883246264 27.607069483 26.9670681749 27.6289202677 28.4042783068 26.774139852 27.3788311121 59.0964392961 59.0964392961 59.0964392961 27.2794704322 26.6981114125 26.7252234079 28.4280055367 27.9577452817 27.8067440713 26.6969524731 27.7292369777 28.2278221225 27.2943330541 27.7071879915 28.5597548565 26.5975491778 69.1241498492 26.7734123288 27.9967713629 26.9858120147 28.3435140188 26.6529674812 28.1831351831 27.199245945 28.167740988 28.1178414946 27.687689485 27.6180687884 27.2995697343 27.9252263137
26.7750608258 26.7961021642 28.3653434462 27.8162142382 27.2038473328 28.1757971464 27.3941284669 27.0113486451 28.5263519773 27.4745465125 26.7791726265 28.2393579011 27.4851231991 26.6613014123 27.0226907611 28.302141067 28.2521472735 28.531859541 27.6898535847 27.9656216189 28.3866332194 28.2131255392 28.5425975028 60.6589960319 59.0964392961 60.6589960319 56.9641111884 28.4866161289 28.4288539592 27.6929241326 26.8783011952 27.866745069 28.3885058545 27.1704781402 26.8433768193 28.5886045665 28.4236710288 26.7201134061 69.1241498492 69.1241498492 69.1241498492 27.3812194632 27.5548859822 28.4260337403 27.9488441699 27.2880773074 28.1420393601 27.3300313518 28.5915563872 26.7563366322 27.6578304772 26.658041487 26.957500525
28.5233856968 27.8979282107 28.5723621572 26.8657944615 27.323352663 28.3806912467 28.3176484074 27.7559684239 26.9771625164 28.5793589262 27.341950782 27.1187307294 27.1932253771 28.2249471005 27.5534198278 26.8393503087 26.5392118848 27.5254270988 28.1250271576 27.6451825713 28.3857732092 28.0302561887 27.3739026942 58.5259297867 58.5259297867 58.5259297867 26.9214397747 27.479666833 28.3986202571 28.1597421836 27.3269294651 26.6841935957 28.0610237305 26.5806335415 27.2947468544 28.5312864576 28.4745020274 27.7999833965 48.2161021213 50.6209343656 48.2161021213 26.9892326933 26.6802295716 28.0278079102 28.2679197502 26.9210639667 26.7274407684 26.5743034941 28.327689424 26.5071155526 26.8739878373 27.16225215 26.681942222
27.1813697171 27.3031592994 28.2832865068 26.6221076651 28.2916361257 28.1421955926 26.693175269 28.5086073988 27.4271224721 27.8728438384 27.1769508804 27.9204558391 77.8410093472 77.8410093472 27.1652731342 28.4045646845 27.0925810977 28.5661174842 28.4677737076 28.0182602384 28.4065167933 27.069791335 27.594877598 38.8527882806 38.8527882806 38.8527882806 28.1106138892 26.5673868092 27.3640824617 27.8861490919 26.5702391655 26.5892477789 28.5513860978 27.0506395627 28.5585081571 27.4910343185 27.336012645 27.2076164562 50.6209343656 50.6209343656 50.6209343656 27.4632018544 26.8097230826 27.5480900411 27.1445464482 26.8234334018 27.9871851966 56.187638614 27.2707482511 26.6906510641 55.9476558217 27.8744303216 27.1972364289
27.1829523776 27.6245836079 26.9779764614 27.4323737739 27.7531561595 28.1024772946 27.6460849282 26.8907434281 65.1213406616 65.1213406616 27.5298476627 26.6715804578 26.9744518808 77.8410093472 53.2267204942 28.1399541686 27.3392819989 59.8330445347 55.8565773342 60.5609741229 28.4743843761 26.9218906441 27.4482663455 50.6152288762 38.8527882806 50.6152288762 27.9881959039 26.5737728723 28.2524690133 27.3580308269 26.6262389769 27.3076014601 28.1567429037 27.3030729749 28.3079299888 27.760447465 27.2359964719 27.7720138405 49.5749289477 49.5749289477 49.5749289477 40.6111811638 40.6111811638 27.3251152866 27.6426728691 40.0262319174 40.0262319174 56.187638614 56.187638614 55.9476558217 55.9476558217 76.6444709132 27.4699314642
26.6509135225 27.9596690265 27.7187147917 28.2432227718 28.1269143426 26.8146042593 26.9695193996 67.6776404103 26.6072519108 28.2353396773 27.6834164429 28.3876182474 77.8410093472 26.8640403036 53.2267204942 27.366474366 59.8330445347 55.8565773342 55.8565773342 60.5609741229 71.2913469279 27.7713473857 26.62317853 65.4867354053 50.4423741835 65.4867354053 66.0986901025 55.4434659725 27.4175516152 28.4389453823 28.3858366938 71.5039559073 70.2691061977 26.5900526849 28.5625630277 27.4742955604 27.6488042419 26.8959367918 57.3839813043 57.3839813043 28.408124771 27.3516326416 40.6111811638 27.9575219991 26.8807346969 40.0262319174 40.0262319174 56.187638614 56.187638614 27.5905455666 55.9476558217 28.1356675775 27.8342861473
28.0434104906 27.4634705015 26.9056941536 28.4179531637 28.426699206 26.8289199807 27.3573224851 48.3831245914 48.2834119227 27.4495940463 26.637942718 28.288366994 27.9999230809 27.0029061674 28.2519019839 54.8900882009 59.8330445347 55.8565773342 55.8565773342 60.5609741229 71.2913469279 71.2913469279 45.5745890738 52.8873520881 50.4423741835 66.0986901025 66.0986901025 66.0986901025 27.5436936925 52.6261528511 27.4835662416 71.5039559073 71.5039559073 70.2691061977 27.1595575154 27.0587374784 28.2024665404 27.0548546813 27.787143843 27.9609116163 28.3725159152 27.7881448633 28.526174917 26.7741089592 27.3265366165 28.3861130107 26.8724873423 59.6160906907 27.439723614 28.3241645472 28.1234584274 28.5109181758 27.6273662476
27.9057017044 28.5626346809 28.5563816379 28.235533956 26.8506624255 28.2572146542 27.1500074881 26.9234958202 48.2834119227 48.2834119227 28.5144810109 26.5588436503 27.6434484537 27.0827873775 28.516407111 28.137404328 26.8083446781 27.3204378689 27.2192872722 26.7134724187 71.2913469279 26.9047617006 42.1224310652 60.2968661942 50.4423741835 66.0986901025 66.0986901025 55.4434659725 27.0891752754 28.5630437952 52.6261528511 71.5039559073 70.2691061977 27.5397908181 28.0756518696 27.6854407069 26.9885875087 27.5251475636 27.7505084929 28.5147748692 28.6187761032 27.6129391642 28.465990661 27.2678190181 28.3354133199 27.6548382937 26.8183960765 26.5579370593 27.4265542256 28.0937496703 28.0441046651 27.5176524704 28.4193607722
27.0537784252 26.5087676138 26.7234843393 27.1251650441 26.9239892582 27.1034924285 27.7604220939 27.4230734185 26.9559509958 28.3269619165 26.6990942677 27.3711899389 28.102156429 27.7992395213 26.7566674699 27.3982550497 28.0323339939 26.8490743757 26.670973363 28.4505642067 26.7385985626 27.2003444832 28.0266506553 63.3840064156 27.7540114238 26.8429196451 28.191610421 26.6117565385 26.7941548751 27.7112085038 27.5217003826 27.07279353 27.9588284763 28.0924215785 27.9791793106 27.0736054857 28.2895095742 27.4514457206 28.5453764187 26.8935942695 28.5111517815 26.881247084 26.9344515829 27.0651562279 27.2861111037 27.2824919997 28.1900182643 26.7493369941 26.97807907 28.0635888451 27.9207176796 28.3424009556 27.379018452
27.6533122016 28.586547549 27.0091141028 27.071578256 26.5409149367 28.2144093422 27.3309829178 26.7715409277 44.171185004 27.1296897289 27.6593929805 27.707844292 27.1859302773 27.7466586325 28.0739091387 28.3675711298 26.6093346455 28.4636120434 28.5354477824 27.4148527874 27.5287871547 28.5000167277 28.1547928346 63.3840064156 26.53637735 27.5973950237 28.2741314307 27.017034833 27.5511872868 27.3087295972 59.2384707817 27.6398171508 26.6642030948 28.1363142934 27.1972246615 26.530633696 27.8340943732 26.9349114804 27.1828735645 27.1358739107 61.4723023538 28.4204203312 28.2575185813 27.7942315433 28.090173132 27.4060895231 26.6204639483 26.8797781766 27.960975049 27.7242427738 26.8169223963 26.9604855853 26.9794553994
27.8360962856 27.9297985086 27.6173334611 28.0445359964 27.2388874819 27.9990378224 26.8351294904 44.171185004 44.171185004 44.171185004 27.623823866 26.5701018694 26.9462543529 27.1451700145 28.2632451439 27.3991123151 28.1129485218 27.0101118474 26.9000857184 28.3061410778 27.5725229913 28.4293569288 26.5658172946 26.6772812565 26.77157982 27.5716994374 27.8198561546 27.7153145246 27.7245003365 28.0190576197 26.7954354401 28.222774194 27.6988097182 27.0193386225 27.376824778 27.4838347208 27.413345299 27.7917767777 26.8507905062 61.4723023538 61.4723023538 61.4723023538 28.268879693 27.6224080183 27.563207387 27.2732681314 27.2764600947 26.8399299893 27.582812173 26.7721091549 28.3757064982 28.6060289799 28.3373966331
27.4037831679 26.7456363517 26.664051216 27.5276624067 28.5273109851 28.0780105799 27.0262589579 65.1512867623 44.171185004 65.1512867623 26.9901393557 27.6147127797 27.7021276879 28.4545654524 27.3060051459 28.5979428777 28.5154957714 27.3173621552 28.0824537606 28.5392030205 27.6112012897 27.870265132 28.3077029981 28.3208482767 26.7751381744 27.9356692996 26.9940308798 27.368895142 28.2219450005 27.2341900986 26.6054909304 27.4294655205 28.0173815839 28.2087905691 26.7609909705 26.5501673486 27.49213172 26.5617626993 27.5704209981 61.4723023538 61.4723023538 49.3540571077 27.923699811 27.492044619 27.0135194303 26.8614700314 28.5410997692 27.8594281385 27.7294865387 26.6952814794 27.2728128004 56.8226182902 65.328896041
26.9989822275 26.9036330214 27.3506739619 27.247583025 27.6370851508 27.4921601094 27.3498903083 28.4417027895 58.3177555207 57.1770787146 27.7103563915 27.0139757967 27.7439543137 27.4489961783 26.8447516071 27.6166480211 27.8046659151 50.7587743862 57.4595973424 57.6553491981 26.7720431106 51.6238764543 27.6321959882 27.2457533413 28.4753207474 28.4692301173 26.7250762645 28.4182691623 27.2855288774 26.7986003102 26.6804267603 27.420149532 27.1629857198 28.1195696679 27.8104098564 26.9372310428 27.935565739 28.0917818316 59.7082982704 27.6209082918 51.6566633384 51.6566633384 28.0138811498 27.6564180064 28.0584622318 28.4576379354 27.7906972071 28.0678034223 63.1870607203 27.603320646 26.9893189088 56.8226182902 65.328896041
27.0227942046 28.4590139832 27.0571850865 27.3866869229 27.6045849463 28.4575950537 60.8586209356 58.3177555207 58.3177555207 58.3177555207 56.3289819135 27.4905971366 59.6677786544 27.4598027032 49.8319519909 52.2595159151 52.2595159151 27.7130737591 28.2138945936 27.8269061729 66.2569327338 66.2569327338 26.8775196999 27.4175340556 27.3618088129 27.1880070412 28.3311847208 27.9888737595 28.1374357243 27.4505398482 61.7903411188 61.7903411188 61.7903411188 27.0364701856 26.9154080794 26.7907864694 27.1259272925 59.7082982704 59.7082982704 28.5064086652 27.1066174958 28.3911484937 28.2426846018 28.155891632 28.1671686353 27.3380493808 27.0820075571 26.7633186194 27.1737571304 27.6045501048 28.034124366 56.8226182902 65.328896041
