Spatial_Output/BAU/BAU_0243.asc
NCOLS 155
NROWS 192
XLLCORNER 196307.867259
YLLCORNER 449144.565805
CELLSIZE 33.573938
NODATA_VALUE NaN
[rows 25 to 49 of 192, columns 0 to 56 of 155]
0 0 0 0 0 0 0 0 0 0 0 0 0 0 0 0 0 0 0 69.8693494926 32.8019432012 32.796165516 32.796165516 32.6348168512 56.3010950419 56.6016632236 67.7298787218 64.9644276884 45.1746154242 44.5261858869 44.6262663806 44.5672795889 44.8089198803 44.5268496676 44.7238592897 45.205198177 44.8834311801 44.6757102068 45.1986960211 44.9078059873 44.5026611649 44.6179486208 44.9042168449 44.7922856572 44.6011009085 44.9470517368 44.5072620057 44.9529425299 44.5966457585 45.1624452099 44.8016254264 44.8148448907 44.6091668343 44.7423308275 44.8207124715 44.724441484 45.1526659061
0 0 0 0 0 0 0 0 0 0 0 0 0 0 0 0 0 0 0 0 0 44.9029859099 44.6149562679 58.2721235544 67.1083292076 56.6016632236 55.9482667717 55.9482667717 55.851255907 44.834365975 44.5825977844 45.033802348 44.508508131 45.0412220528 44.8810686969 45.0733072329 45.0890799713 44.6446604011 44.5398909304 44.7126444945 44.7857872706 45.1932270602 44.5770004036 44.6526416279 44.7300171429 44.8182237858 44.7268925028 44.9993434209 44.9944047034 44.7859312282 45.1991005653 44.6983948815 44.6159133901 44.5245347386 44.5821451861 44.7849811762 44.5984033002
0 0 0 0 0 0 0 0 0 0 0 0 0 0 0 0 0 0 66.3433855298 44.6843222549 45.0040948459 44.6579143175 44.5981371847 44.9679524583 44.957940597 62.792240898 55.9482667717 55.9482667717 75.8071809319 78.9979344765 80.0296003355 44.62961915 44.9097464557 45.0584726853 44.699362322 44.5575272261 44.6462320837 44.7744797177 44.6048812396 44.9868641344 44.776173126 44.5667412574 44.6209966137 44.5038789855 44.7311858235 44.9353322355 44.6627643463 45.1234089684 44.9896105051 44.6154070262 45.1757851275 44.9570689439 45.0994808108 44.5638258548 44.9027555781 44.9161842362 44.9730193171
0 0 0 0 0 0 0 0 0 0 0 0 0 0 0 0 0 66.3433855298 45.1379926209 44.5111279598 44.5335085374 44.674535123 45.0050778446 45.0480090791 44.6118678546 44.7483940885 67.1907294272 55.851255907 78.9979344765 78.9979344765 60.749924092 53.8338953036 45.0157440796 44.5591929029 45.0070499589 44.8458389496 45.1872939293 45.0400991204 44.5215654333 45.1404725574 44.842553326 44.9667759648 45.171661279 45.1119987219 45.0707255051 44.847990298 45.0231997013 44.7773383334 44.632243622 44.5703561748 44.666788152 44.5696632406 44.840710264 44.9900975441 45.1022995892 45.161697656 45.0477398986
0 0 0 0 0 0 0 0 0 0 0 0 0 0 0 0 0 44.5857221846 45.1281054897 81.8304538447 72.0414228771 78.7415070393 44.693454099 44.9175204285 45.0025905434 44.9392292198 45.1449754624 44.825192148 78.9979344765 78.9979344765 62.1707946424 62.1707946424 89.5512473256 44.9854501717 44.8222768365 44.9522417697 45.1677167408 44.7609422871 44.5028555859 44.9985544747 45.110984701 45.1943220237 44.7585634068 44.560400557 44.5876165462 44.5728372942 45.1889647093 44.8487952734 45.1715796243 45.1140974505 44.5573222081 44.5841460468 44.9273329633 44.6423279811 44.8656209282 45.0582508563 44.9052517925
0 0 0 0 0 0 0 0 0 0 0 0 0 0 0 0 44.5622865121 44.7375186293 44.5404113563 81.8061199488 83.3335607143 71.0548295773 44.5120923679 44.9236377681 45.0546607334 44.6223030464 45.0303591621 44.7423795856 45.1784925661 60.749924092 62.1707946424 62.1707946424 89.5512473256 81.3676796101 45.0834336543 45.1441475564 45.1742761769 44.5962247589 44.8832792676 44.9211978535 44.6803002798 44.6721977025 44.5909058502 44.8013475465 44.6259220035 45.0794437945 44.5392895677 45.1872278276 45.0887006153 44.5274920768 44.7752919417 44.9399026795 44.9393422069 44.7246454641 44.6054538371 44.9549170939 44.9108294875
0 0 0 0 0 0 0 0 0 0 0 0 0 0 0 44.5103395925 45.1136409437 44.5443316652 44.6271062365 83.2871426232 75.5789373979 79.1711519487 72.7416891235 44.7520975819 44.581694681 44.6197958988 44.5202353728 45.0602709632 45.1341493369 45.0078302989 62.1707946424 89.5512473256 81.3676796101 68.0230198561 68.0230198561 44.6892534065 45.1264235881 45.1888045337 44.5120521572 44.7299501595 45.1902411318 45.0801869408 44.9494066723 44.8596328549 44.9904895961 45.0472734385 44.9416595355 44.9478454942 45.0349903148 45.1114889037 45.0717811833 44.6135301432 44.9921546635 44.96960474 44.7803784978 44.8060247078 44.9320119371
0 0 0 0 0 0 0 0 0 0 0 0 0 0 0 45.1699130115 45.1981518635 44.5939528537 45.0687875256 68.6240541934 70.6726263304 84.8583681009 76.6888292614 44.7993677425 45.0569200222 44.9497607977 44.7762985332 44.7216548742 44.772108499 45.1838809358 44.6648863728 45.0427172442 81.3676796101 68.0230198561 68.0230198561 62.0006760314 77.009559671 45.1512297724 44.7049932718 44.7471194862 45.1894051293 44.5631619396 45.0648424627 45.2020103021 44.5768565516 44.9679282937 45.0916753505 44.8485167158 44.8062972885 45.0377310119 44.629879128 45.059463157 45.0962913916 44.5618786414 44.564045431 45.1761982855 45.07487824
0 0 0 0 0 0 0 0 0 0 0 0 0 0 0 44.7546271824 44.8752321482 44.576896776 44.5317703564 44.5369844271 85.9838380908 77.4425402562 70.1686336093 71.3403551878 71.999259986 45.1727872582 44.6009099046 44.8081294249 45.1497478343 44.8948458077 45.1934489986 44.6775702001 45.0476814628 68.0230198561 77.009559671 77.009559671 52.3555404311 52.3555404311 44.7737686524 45.0234650095 44.6722432332 45.0382819488 44.6706726354 44.6085836709 44.6443798157 45.1371997227 45.1105935945 44.9044125048 45.13326644 45.0026392843 44.7943894334 45.1643620242 44.5560204535 45.1228583857 44.8364121473 44.6412323109 45.0731041578
0 0 0 0 0 0 0 0 0 0 0 0 0 0 0 44.9586782996 44.8793790865 44.6157670922 44.788046583 45.1703728276 45.187812412 44.9567848961 71.3403551878 71.999259986 71.999259986 68.9934718384 44.7052486902 44.7416847262 45.0299297451 44.750755407 45.0795171123 44.5163945494 45.0333353127 44.8786807172 77.009559671 52.3555404311 52.3555404311 52.3555404311 45.0336903364 44.6062073026 44.5777009616 44.6437062717 44.7236016848 45.0794442282 44.7550494656 45.184971561 44.5478726021 45.0483024591 44.7060972586 44.5427148033 44.8682561292 44.961879709 45.1475649133 45.0804077053 44.5083687062 45.0236976236 44.7991978601
0 0 0 0 0 0 0 0 0 0 0 0 0 0 0 44.5501400389 44.8484123568 45.0288189645 44.9110190008 44.6572450773 45.1165096144 45.1084356963 71.3403551878 71.999259986 71.999259986 71.999259986 45.1731472684 52.653271771 52.653271771 45.137599605 44.6091679724 44.6059306699 45.1551411836 44.8325390823 44.8178507809 52.3555404311 52.3555404311 45.0340861258 44.6173421253 45.1080357138 45.0766464454 44.9931100837 44.5355477315 44.5140401108 44.9989898566 45.0517729005 44.644848526 44.7129332905 45.1905825173 44.6269248716 45.0703001491 44.5586795525 44.6272702751 45.0044620111 44.7751873983 45.0394982169 44.503744242
0 0 0 0 0 0 0 0 0 0 0 0 0 0 44.7938418426 44.5564163369 44.8565248831 44.9047494699 44.7712611801 44.9645411658 44.7372437525 44.7077456452 44.5952348613 44.5850039589 44.9481787969 45.1086892202 52.653271771 52.653271771 52.653271771 45.133212856 44.759813707 44.7381245658 45.058626037 44.8604915302 44.8810839209 44.6750101231 63.5897652543 62.384034635 44.7751692516 44.5165415464 44.9214809025 44.762127774 44.5743260969 45.0065021103 45.0606096366 44.8209651088 45.059303206 44.5980107689 45.0559783206 45.0917664247 44.634202512 44.9748496269 45.0759992672 45.0497678412 44.6515542552 44.7429012927 44.5361031443
0 0 0 0 0 0 0 0 0 0 0 0 0 0 45.0019399605 45.0259346692 45.0970168534 44.7246155581 44.9296263758 45.0237416262 44.5774778243 44.5187893788 44.6695742632 45.1930445957 45.0428480914 45.0116150658 44.9757719924 52.653271771 45.1094247581 44.5281061049 44.5817310331 44.7059818227 45.1923452617 44.5961036423 44.961228523 63.5897652543 63.5897652543 63.5897652543 44.721072908 44.5883177012 44.8460723155 44.7170005957 44.9863251027 44.9793668113 44.737600367 44.5118133115 44.6218163362 44.7153192714 45.0106260396 44.618425819 45.00765991 44.7496552505 45.1317435148 44.9561330979 44.673823655 44.9417026945 45.0695340516
0 0 0 0 0 0 0 0 0 0 0 0 0 44.6757565027 44.5883322146 44.6184110339 44.6053772748 45.0636001944 45.1961897713 45.0346698652 44.8429082697 45.0139050562 44.6836441636 45.1931500743 44.7553993535 44.8291120065 44.8398479318 88.9615696169 44.7990791907 44.7016307707 44.7491884301 44.8200262631 44.6997752544 44.7215358215 44.5153269944 45.0681408301 66.0109571061 82.5647768892 82.5647768892 44.6048969423 44.8681135962 45.0468012101 44.8901700182 44.522596278 45.0453208688 45.1589385057 45.0540288838 45.1235933615 44.7794459301 44.7331640076 45.1082176119 44.581824536 44.6273133689 44.602803529 45.0403937894 44.7503461941 44.8715725434
0 0 0 0 0 0 0 0 0 0 0 0 44.5945056101 45.2036282584 44.5652987016 45.1126068959 44.8072421294 44.7742147026 44.7119293728 44.7515621447 45.1684483219 44.7865384086 44.5001332743 44.8927449432 44.7980730376 44.7892119108 45.0216811889 44.5798010691 74.1411349213 69.4520781178 75.9327182413 44.929460645 44.7213899187 44.8654523315 44.6961689377 45.0044607981 66.0109571061 82.5647768892 82.5647768892 45.0630585748 45.0314148261 44.6727042478 44.6811961366 44.5741923608 44.6542548844 44.7811444081 44.6112588867 44.6215049812 44.8419653571 44.8514816746 44.7279045428 44.5687791587 44.8365796558 44.9127757709 44.9138151044 45.0656030856 44.5750172149
0 0 0 0 0 0 0 0 0 0 0 44.7494248948 44.9041801487 44.5697846651 44.6392320037 44.8405207322 45.0106626875 44.75359712 44.6872198817 44.6592085 44.7614379011 44.9130573393 44.8233822043 45.1551246324 45.1785531239 44.7845113692 44.8617375196 45.1380042789 75.737987765 69.0210732281 74.278478598 44.5764481937 44.8458609618 44.6256631058 44.7793229457 44.7239966647 44.5564561854 44.5370660483 65.4393969277 65.4393969277 44.8495377645 44.9428279398 44.8667310499 44.940190088 45.0613751182 45.078653559 45.1745228354 44.9004643871 45.117673877 44.8891830121 44.6103100175 45.1414140427 44.8090194494 44.9723387325 44.5041359474 44.5361677631 45.1925599348
0 0 0 0 0 0 0 0 0 0 45.2037529452 44.8945843286 44.8474622822 44.8720630203 44.7018640098 45.025436688 45.073567666 45.0752916551 45.1762387573 45.0949224728 45.1261276705 44.5822091807 45.1250148932 44.7673550528 44.8311659099 44.8853919513 44.7723000724 44.6490423239 73.9795621087 69.8057286879 86.5370582024 44.8021577783 44.584887643 44.9202424867 45.1458473821 44.9935654968 45.0679652866 44.7304023275 65.4393969277 65.4393969277 70.4020617488 44.7035605322 44.5347691651 44.5488463859 44.6416303579 44.5175258758 44.9536512699 44.7019411492 45.0901269927 45.1201983261 45.0004470338 44.5181283715 44.6610101311 44.7151333103 45.0042358461 44.9147095202 44.9338090105
0 0 0 0 0 0 0 0 0 0 44.9212342891 45.1877806777 44.7970425565 44.844195741 45.0617020546 44.5736686021 44.9145088436 44.6635950324 44.671315281 45.0397164709 44.6621274654 44.6479224531 44.7997425681 44.5182144984 45.0316409978 44.9944003696 44.7322525306 44.6782907073 69.8368347229 70.4171541042 72.1782169861 45.0481500301 44.5117768271 44.5533021233 44.5817584086 44.501007535 45.0478617059 45.0596079327 45.1901934489 60.8787470112 44.7574662426 45.0592451007 44.639544196 45.1307248232 44.9998981243 44.6276993558 45.0026225235 44.8181928626 45.0035541394 44.9547778041 45.1187061782 44.6054785445 44.6830681926 44.7351872495 44.6792937504 44.6901575733 44.9780882465
0 0 0 0 0 0 0 0 44.7176062141 44.5000910515 45.1665795806 44.987202238 45.0419252451 44.7380601646 45.2024521699 45.1372527071 44.9247809965 44.8785889134 45.1944431423 44.8082763869 45.0546125649 44.98771664 44.6953630107 45.1466577702 45.1444537442 45.1601657297 44.9701848386 44.5190576406 44.8629517225 44.6981672328 44.9411337396 44.8479296238 44.9006307695 44.504320019 44.9339223466 44.8265898143 44.8220448769 66.8850399697 66.8850399697 66.8850399697 44.8471038022 45.0947433154 44.5244293961 45.1505413991 44.902137683 44.6052437532 44.6244745754 44.7008383844 45.1034595151 44.7293959971 44.5839721219 44.7229679089 45.1399683268 44.8464045528 45.0144861705 44.7562555745 44.8300545781
0 0 0 0 0 45.1647514557 45.0513146604 44.8471916508 44.6742249403 44.8478341031 44.6584782688 45.0140143394 44.6755173232 44.6132098182 45.0881493172 44.628806004 45.1869632679 44.5650701184 44.9877926552 44.7584936639 44.5620297723 44.521185659 45.1687507108 44.5966971301 44.5485437652 44.9224953782 44.5416251825 45.0068094159 45.1272604295 44.8457626427 69.4898694457 69.4898694457 44.7747543724 44.9924624035 44.8976740103 44.8918325658 44.8296716735 45.1574596154 66.8850399697 66.8850399697 45.1607653704 44.9847123727 45.0447932662 44.6638359934 45.1201976606 44.9022061197 44.9904479799 44.6898279677 45.076163054 44.8561753465 45.0743854706 44.8809981487 44.6648351054 44.8449425147 44.9872744599 44.6429025446 45.0898481353
0 0 44.6961720916 45.1783152352 44.9444381319 45.0046711722 44.7288790981 44.9003311157 44.7492497617 44.8891772647 44.5860182953 44.8219510996 45.0341696545 45.1209896306 44.7726242641 44.9193634378 44.5043424921 44.8913277363 44.8678318059 44.823761585 45.1367917484 44.9020314633 44.516143362 44.6540592456 45.1778087879 44.5322231046 44.7273335053 44.5097581616 45.1841352453 45.0932455907 69.4898694457 69.4898694457 44.9814464381 44.7498883899 44.7708147432 44.946376638 44.9819615453 44.8558192182 44.5300181039 44.7895271034 44.5936508592 44.6549822324 44.8397304465 45.1980901729 45.0881557437 44.6012429752 45.1151875116 44.6518997747 44.9852220877 44.9857435822 45.0961510762 44.9057080389 44.7213641 44.6484581572 44.988278904 44.53621385 44.9748100575
0 45.0247762716 44.8259796016 44.6932257598 45.1844689171 44.7528332909 45.0098214415 44.943678563 44.7613492217 44.7495816928 44.8216705022 44.7828558119 44.7197314493 45.1990964124 44.9687539735 44.6260044399 44.5551282186 44.8571347216 45.1521037602 44.5253919524 45.0409978541 44.5627862861 45.0061546959 45.1260588468 45.0701757997 44.9032128766 44.5518017076 45.047343076 44.6716299212 44.9043395567 63.8726330488 69.4898694457 44.6517187634 44.8603733112 44.6945393423 45.1449355907 44.9920540678 44.9242042312 44.8822114798 44.9190718897 45.1339070599 44.6177114656 44.9681928857 44.7056772551 44.8430701955 45.0613184287 44.7655995531 44.7638340928 44.8877873727 44.8599041691 45.1450578082 45.1301526019 44.5275448755 44.5313252762 44.8267037624 44.8616059878 45.0089164734
44.6209518819 44.8037442175 44.9145926974 44.7605234525 44.8054964569 44.962277824 44.760540827 44.6619477481 45.0625196318 45.0691340472 44.7042540766 44.599212451 45.0423338778 45.1428794 44.6147354766 44.7411553731 45.149540534 45.1773324277 44.5323481458 44.9582923138 44.6235327445 44.5917811568 44.757187938 44.643079275 44.6938205622 45.1240570245 44.5666058154 44.5864863516 45.152624717 63.8726330488 57.4291924699 64.2770588972 71.6426799674 45.180552453 93.4685734194 44.9873123305 44.5349767869 44.6523302568 44.8619546945 45.0030553296 44.6196667727 45.1520302357 44.9695249598 44.6451172178 44.8222415283 45.2068420542 44.7277163648 44.6982954284 44.6222747349 45.1241628062 45.1651663255 44.972234124 44.6207228917 44.8072650449 45.2012299 44.6264286849 44.5465283342
44.6717623659 44.7356035761 45.1460528092 44.7899062268 45.0467740642 45.0234007716 44.9388885967 44.9780934424 45.0062652384 44.8231937553 44.5574674144 44.5435485282 45.0084433283 44.9596780996 45.0327138018 44.9072883002 44.5084129187 44.7068335895 44.650970817 45.0917411638 44.7516008676 44.7731513174 44.5934206819 44.5298126864 44.9624785318 44.9522716386 45.1376872423 44.9333011219 44.6899016375 64.2770588972 57.4291924699 57.4291924699 66.5355740086 93.4685734194 93.4685734194 44.5024447475 44.5967415828 45.0906107024 44.6153714075 44.9489662883 44.9107390574 45.0429215075 44.9667264326 44.839238454 45.1625620858 45.0912645861 45.1476847303 44.6428514446 44.9616963388 44.6292757214 44.7600464432 44.861307176 45.0946336054 44.6136089567 44.944412549 45.1113954419 44.9064111786
44.9198087871 44.7204260132 45.0023027376 44.7069288306 45.1418923714 44.5646335614 44.9211809299 44.6391671492 44.820603925 44.6068830256 45.0947854304 44.5211748652 44.5795031872 44.6935066705 45.0802809569 45.1644824285 44.5655318314 44.7863609201 45.0736158895 45.1810856789 44.8886760815 45.0861601227 44.8631469607 44.8731632141 45.1362421948 44.8480040583 44.8154685503 45.0055399484 44.7461530509 44.5199071999 57.4291924699 57.4291924699 71.9050671347 93.4685734194 93.4685734194 44.910777499 45.0368137859 44.5205611893 45.167043182 44.6894136646 44.8441781454 44.9167445951 45.0388443697 44.7978034564 45.17217586 44.6668682299 44.8708720358 44.5684862976 45.0139137546 44.6602190383 45.1099973504 45.074317445 44.8296632871 44.6484701411 44.6934688418 44.6125802611 44.6914186276
