Spatial_Output/BAU/BAU_0299.asc
NCOLS 155
NROWS 192
XLLCORNER 196769.923733
YLLCORNER 449719.875193
CELLSIZE 27.603701
NODATA_VALUE NaN
[rows 92 to 114 of 192, columns 0 to 52 of 155]
0 0 0 0 0 0 0 44.7196432782 44.7124642986 44.9189314937 44.6004593706 44.9404419358 44.9479930034 44.532586569 44.6266735021 44.8931891027 44.6354364489 44.9602706765 44.587921068 45.0475773464 44.621863135 44.9038156229 44.9261822088 44.8022024375 44.9071939511 44.8787568788 45.1064164918 44.938558758 45.0605666165 44.6368209361 44.6150670022 44.733999577 44.5708341596 44.9801132391 45.1269004402 44.9558895749 44.8690911702 44.7103460558 44.8100882739 44.7833793638 44.6000563194 44.8832234993 62.9995875194 44.9579848848 44.9761014232 44.50738035 44.8676942347 44.8396767324 44.9673581581 45.1884202839 44.7000905904 45.1568086904 45.1232507195
0 0 0 0 0 0 0 0 44.999502815 45.0768329525 44.7041103932 44.5300762061 44.5104726013 44.8901897562 44.5117686065 45.0770752758 44.6864233033 44.6598383125 44.683956813 44.9869603617 45.0363851961 45.0203744041 45.0079518158 45.1840238097 44.9341005806 44.8628835516 44.5497951844 44.9725535784 44.7032697734 44.8366515765 45.0394123521 44.6758503392 44.6894180429 45.0469775586 45.0721912247 44.9578474635 45.0362216661 44.6661462901 44.5848829028 44.6052754527 44.5960254247 62.9995875194 62.9995875194 62.9995875194 44.7560254031 44.636808645 44.6557089694 45.1832083967 45.0433160484 44.7325622906 44.5207282384 44.6370272499 45.1008983246
0 0 0 0 0 0 0 0 0 0 44.9051745347 44.8651084002 44.5725619947 45.0644337333 44.6534677643 44.5335358866 45.1151143091 45.0224532845 45.1181849932 44.7413875245 45.0830109038 45.0927340836 44.7802541383 44.7596440466 45.0211361005 44.5219264401 44.7024604914 44.7523500895 44.6385039114 44.8660826068 44.6907038862 44.9307749274 44.6054912641 44.7336904253 44.5989462572 44.5810542976 44.6696637069 45.1646345483 44.5210858741 44.9805947657 45.1245889076 44.9638834331 79.9288764308 45.1887805278 45.0330082601 44.5506354989 44.6276441908 44.7025990723 44.6161079864 44.5421478316 45.115111146 44.8197873401 44.6021305333
0 0 0 0 0 0 0 0 0 0 45.173575906 44.500714845 44.5960629498 45.108118354 44.7697084079 44.7821735862 44.6575424958 45.0980595231 45.00039341 45.1495260872 44.8570178401 44.9581643492 44.8704286438 45.1312337934 44.9129921574 44.9753487744 44.7962510502 45.1184573879 45.168157549 44.9466388932 45.1307680065 44.9485496298 44.6382785739 44.9739711799 44.9742095594 44.9943690112 44.8074786164 44.7643468589 44.8236427369 44.5088179193 44.9434807518 44.7053330052 63.8030263803 63.8664977388 45.1015667643 45.204322762 45.0959028652 44.5595552465 45.1259608398 45.1275064312 44.7355580659 44.7397913848 45.1639542626
0 0 0 0 0 0 0 0 0 0 44.7653801644 45.0515014354 45.0975538164 45.1975364102 44.6714153366 45.1035487273 44.8292564456 44.8336918428 44.8736491208 44.7903696481 44.7559478694 44.5911935588 45.1546165034 45.1256492818 44.983565966 44.8624959487 45.0597169101 45.146090828 44.7991433622 44.6051279787 45.0758989453 45.1805877151 44.7343082945 44.7656144318 44.7717731493 44.6199183847 44.5526835884 44.7240561151 44.6816054291 44.6001822427 44.5250575865 63.8030263803 63.8030263803 45.1720196061 45.0010430775 44.5548649693 44.8133763761 44.9821369146 44.8815938843 44.8119685775 44.7853384688 44.890667676 44.5367185496
0 0 0 0 0 0 0 0 44.9881927463 44.9522041322 44.8236087213 45.0093651589 44.936617763 44.5340537017 44.7689599947 44.8214211321 44.676985047 45.0406038145 44.54252437 44.6673176689 45.1786570657 45.1934417678 44.9545775367 45.0990111027 44.774512066 44.7572636092 53.165190022 44.9115880776 44.651737852 70.1340741581 54.1736130767 54.1736130767 45.084672968 54.3361391857 45.1666783693 44.8620712572 45.1096299427 45.0113507516 45.1642325695 44.8837725547 44.7398823432 44.8891805341 63.8030263803 44.980561326 76.2332407107 76.2332407107 45.196435584 78.2188284614 44.6806471379 44.7734388316 45.14162926 70.3681997085 44.7309306781
0 0 0 0 0 0 0 44.8750121478 44.632729618 45.1799741602 44.5333750765 45.1906579356 44.662793494 45.0788628203 44.9087414344 44.5942488807 44.5370524629 44.6263052221 44.9941521855 44.7566228739 45.0450758906 45.021729419 44.9682766589 45.1634774555 83.2100464666 83.2100464666 53.165190022 53.165190022 70.1340741581 70.1340741581 54.1736130767 54.1736130767 54.1736130767 54.3361391857 44.9236031821 44.5841677282 45.0807532753 44.643433658 44.6548309837 44.7463860071 44.9349982441 45.1560861328 44.6605884574 44.5686029233 76.2332407107 76.2332407107 44.6600728901 45.0155300199 54.4656564821 54.4656564821 44.6644404296 44.7061910849 45.2061018711
0 0 0 0 0 0 0 45.1537634367 44.9162450622 44.5641241863 45.1700330467 45.1279595478 44.8064062977 45.1346290623 44.9961094461 44.5844920106 45.1233917029 45.0940289729 44.7703808473 44.708307029 44.7733157373 45.1098369427 45.1668442294 44.9204059437 83.2100464666 83.2100464666 83.2100464666 82.1744862302 44.5755230683 70.1340741581 54.1736130767 54.1736130767 44.6705641761 45.0425106023 44.6957553789 45.012154468 45.1027368069 44.9790216853 44.6789177422 45.0455948049 45.1661297184 44.781424178 44.8807838957 45.0676720162 76.2332407107 76.2332407107 44.5075848025 44.5546627833 45.0979482734 44.9234770804 45.1177862187 45.18959512 44.70996306
0 0 0 0 0 0 0 0 44.9446538389 45.0237849254 44.7035462946 44.7149497634 44.6806591572 45.0167283949 44.8556001232 45.1913354487 45.0867101002 44.7541738454 44.5179904867 44.5195909749 45.1444059338 44.792116077 93.4637322237 93.4637322237 45.0187027374 83.2100464666 53.165190022 44.8610993661 44.9984317115 45.1803991975 44.9874425162 45.1339559303 44.7886831659 44.8436365363 44.5575029716 45.0488306468 44.6891571352 45.1096235964 45.1887647998 44.9820412554 44.6122886077 44.7150320349 44.7634658851 44.562397916 45.0453869361 45.0307758517 44.9690389037 44.7482179789 45.185790025 44.9195883997 45.0014291184 59.0809888493 44.5342411963
0 0 0 0 0 0 0 0 0 44.9206597028 44.9271623312 45.1192198075 45.1306818998 44.7999981217 44.8348155257 44.6117822503 45.1132028733 44.8322879447 44.5869716703 45.0101390916 44.5948107297 45.0090289176 44.9016062462 93.4637322237 93.4637322237 44.6640063118 44.7014659107 44.5785395659 45.1363024093 44.6433117052 44.9381071672 44.7650020923 44.8596947936 44.6841034597 45.2059905626 45.1849861252 44.5060069577 45.0245095641 44.8260070079 44.5174202043 44.7302883843 44.7283596473 44.9164238358 44.997705241 44.9048841946 44.8311929464 44.8495840232 45.0865000504 45.0867939896 44.6135291239 44.9581795024 63.5300775035 45.1942388497
0 0 0 0 0 0 0 0 0 0 0 45.0820002739 44.5973998819 44.5843703444 45.1711534902 44.5942354186 44.8372662615 45.0877018753 44.6511897811 44.8168295219 44.9792966948 44.6227617323 44.8448998922 44.7550894815 45.159331949 44.8998330511 45.0611862516 44.5239480813 45.0735260027 45.0827744741 45.1668365866 44.5070379394 44.9870325655 44.7694283019 44.9840843595 44.8014393956 44.5382564262 44.8593792131 44.7656010786 44.6674380103 44.7178636624 45.1690571689 45.176231058 44.6374151391 45.1459507652 44.8287900166 44.5952709376 44.5416401527 44.5801277162 63.6898756314 63.6624182957 63.6624182957 44.6603409443
0 0 0 0 0 0 0 0 0 0 0 0 0 0 45.0397795811 44.6372240013 45.0256452099 44.7986440084 44.7321267046 45.14679808 44.9672205924 44.856781006 44.9340277793 44.9706568636 44.635223577 44.5189279562 44.923785321 44.756876638 44.5593652884 44.9779072526 44.5685710147 44.6177787099 44.8954801525 45.1027032998 45.003872841 44.5709641071 44.8098871199 44.7384031931 44.6151345014 44.6580542276 44.5814053467 45.0574785429 44.9816013698 44.7942188531 45.1970486703 45.0388147315 45.1050257632 44.6631647401 44.5921980827 63.6624182957 63.6624182957 63.6624182957 45.1872918205
0 0 0 0 0 0 0 0 0 0 0 0 0 0 0 44.7583688843 44.9148167224 45.0937040401 44.7748590457 45.1217832752 44.8005420257 44.5446628794 44.6809908356 44.8953506067 44.6254281642 45.0639938893 44.824033412 45.0968429111 44.6645611577 44.8518277743 45.0352393596 44.9782195974 44.7866704202 45.0495505302 44.5963938049 44.6059039568 44.5808970133 44.505793877 45.1251777369 45.099642723 44.7016214842 45.0654345459 44.7609067118 45.0514913839 44.7861711761 44.8708128993 44.7911046494 45.0675553632 44.7360616399 44.7574449917 58.7283257099 58.7283257099 44.7021209744
0 0 0 0 0 0 0 0 0 0 0 0 0 0 0 44.6521395419 44.6868473177 44.7426669563 44.810238455 44.7129203371 44.8131642377 45.0782721355 44.9254364069 44.7569947341 44.9190185509 44.7259389194 44.9286439166 44.9549323789 44.5751501947 44.5116042857 44.9919341092 44.521049138 45.0453172231 45.107551524 44.7409304715 44.8602912565 44.5786990477 44.818941349 45.1598908273 44.8239918975 44.7918957426 44.5721955306 44.5608291678 45.1942524841 44.604576127 44.9831603181 45.0820215102 44.8581019898 44.5072732758 45.1971744381 44.5298495299 44.8612702568 45.1982070659
0 0 0 0 0 0 0 0 0 0 0 0 0 0 0 0 44.9396682748 44.7873810267 44.5073918825 44.7103936999 44.6227992909 44.7005853245 44.9039375515 44.8971872403 44.9794590855 45.0626940861 44.9914095259 44.5025540782 45.1273284084 45.0240732862 45.0831516961 44.9725584726 44.8831002158 44.5905203925 45.1315139844 45.0210701144 44.639473025 44.6295415194 44.5599450877 45.1669963329 45.1616784387 45.0192325132 44.7882074093 44.9157518064 45.0181291769 45.2069123916 44.9792399735 44.5234381191 44.7511562034 44.9309111531 67.9811594335 44.5557061152 44.6315573805
0 0 0 0 0 0 0 0 0 0 0 0 0 0 0 78.8121558012 87.4658166592 69.9634787766 44.629777784 44.8157968431 44.7903302204 44.8446019923 44.8381449508 44.6098925735 44.5348403643 44.5144674531 45.130784081 45.0331216454 45.2014690276 45.0043900192 44.5367634796 44.9398524673 45.0168597846 44.7709977514 44.7945107569 44.5018561992 44.9369562179 44.7699757953 44.5831331462 44.9403959393 44.6969585683 45.1172831485 44.9059715144 44.9305864355 44.638796668 44.8284313299 45.1519756972 44.6334710185 44.7935223511 67.9811594335 67.9811594335 67.9811594335 45.115222126
0 0 0 0 0 0 0 0 0 0 0 0 0 0 73.9985808492 82.8569421775 79.5802723677 84.3757395522 44.8791656275 44.5045034773 45.0761761549 44.755205974 44.865375888 44.7226339606 45.0863284755 44.6521817562 44.5028771833 44.5744771135 44.711178701 45.0355271445 44.9952924337 45.0514465967 45.0241863048 44.9352170099 44.6769434592 44.6209758258 44.8889216365 45.0821253713 44.6142705064 45.2024938008 45.0308992862 44.9084396113 73.0001458361 73.0001458361 73.0001458361 44.8513382996 44.7370938799 44.5051976952 44.7299498275 44.8185075852 44.8274831382 44.7746803615 44.9726673753
0 0 0 0 0 0 0 0 0 0 0 0 0 0 0 85.0828368458 82.5828639104 79.4785328786 44.5203361641 44.5588604579 44.634263256 44.6343212037 44.7752799255 44.7235285613 44.9637256335 44.6984880172 44.9243560401 45.0032115562 44.6355803885 45.2006825943 45.0727513576 44.5623564348 44.8697096857 45.2062592704 44.8975244257 44.8719455691 44.8979897577 44.6429522564 44.6807418243 45.1192497416 44.5280043115 44.9697368082 88.3355791397 80.8694378023 80.8694378023 44.563025863 44.6625309144 44.9329418769 44.9072296413 44.5975717905 44.9678375218 44.802156841 44.9515151081
0 0 0 0 0 0 0 0 0 0 0 0 0 0 0 0 0 44.9333384604 44.570896152 45.2067406151 45.0490978059 44.7250147121 44.7370847954 45.1585316464 45.1951227679 45.0461236008 44.5344795434 45.001692278 44.8657207636 44.6584936353 44.585572467 44.789452905 45.1675401019 45.1650542962 44.7815730877 44.7907354272 44.7987777648 44.9449667872 45.1884946488 44.7395636412 44.8250552105 44.7142348725 80.8694378023 80.8694378023 80.8694378023 44.770439032 44.734237127 44.7585749363 45.0346960633 44.6981262655 44.6781120902 44.9642092047 44.8436202863
0 0 0 0 0 0 0 0 0 0 0 0 0 0 0 0 0 45.1103218479 44.5961797962 44.8181448642 44.6740120068 44.8799192511 44.5431708777 44.5709475645 45.0149386116 44.6057671707 44.9042883699 44.7081541616 44.5917967543 44.9960353207 44.986392417 44.7767351589 44.7225025372 44.544397715 44.7052239998 45.1259479678 44.5066262266 44.5242682455 44.693671666 45.1842253172 45.1864242589 44.9410459982 44.7040310563 44.5812805354 44.8114954658 44.504436935 45.0114094423 44.6444063604 45.1559868569 44.9353141827 44.8011560349 45.1384094879 44.8974373396
0 0 0 0 0 0 0 0 0 0 0 0 0 0 0 0 0 0 44.6912080762 44.8915807697 44.8131489903 44.6923896994 44.9483811984 45.0072230928 44.7603578003 44.673153818 44.5072104657 44.5472033086 44.685081867 44.641327573 44.5622390954 45.1003351964 44.5945496094 44.969239824 44.8004200956 45.2018182477 44.9726996363 44.5676779757 44.84339516 44.5153281871 44.6638213274 45.0677609766 44.6410711482 45.0331415746 44.838773656 44.9885100631 44.929849354 44.5850971183 45.0734532277 45.1640366087 44.9836814192 44.5360257706 45.1181962366
0 0 0 0 0 0 0 0 0 0 0 0 0 0 0 0 0 0 44.9613440672 44.5696607714 44.5460066643 45.0227256513 44.6576026652 44.6884314442 44.9778542654 44.7271324539 45.0031757448 45.1926201005 44.6208895002 44.739237611 44.6357685519 44.8070202793 44.6831999204 44.9333580049 45.0767237503 44.8865220533 44.6276767813 44.9248167313 45.0903177449 44.6354496455 44.5963766308 44.5770753255 44.7943105004 64.406155141 64.406155141 64.406155141 44.5454215315 44.7903151112 44.8516111525 44.994482991 76.9106916224 44.6727513015 44.6586229592
0 0 0 0 0 0 0 0 0 0 0 0 0 0 0 0 0 0 0 44.6802468481 44.6315679549 45.1647365597 45.1230096613 44.8725671979 44.6569557492 44.7472031866 44.7601635339 44.5306377069 45.080801752 44.5334719268 44.5749392477 44.8723669265 44.8485501609 45.0602347082 44.9439920622 44.7670134066 44.9164877384 44.6946067391 44.9059429312 44.6517061145 45.0035648999 44.5713082707 44.5907923821 44.811209445 44.937840126 44.9749004464 44.5108884013 44.7502853415 45.0446218117 78.1100632254 55.2674634289 55.2674634289 44.6959568361
