Spatial_Output/BAU/BAU_0100.asc
NCOLS 155
NROWS 192
XLLCORNER 196307.867259
YLLCORNER 449144.565805
CELLSIZE 33.573938
NODATA_VALUE NaN
[rows 25 to 49 of 192, columns 57 to 113 of 155]
43.8369604602 45.1191305555 43.9143278413 76.1800802968 76.1800802968 86.8592876154 86.8592876154 60.5041127374 75.1567553845 75.1567553845 62.1063635563 45.6318322979 43.5069331255 43.9400087491 44.771813416 44.4793196462 43.2867902415 43.2365157011 45.3432855777 44.577183213 44.6969653735 44.5144062992 43.5416740196 45.6728862806 0 0 0 0 0 0 0 0 0 0 0 0 0 0 0 0 44.7790348105 44.1730807646 44.7749711588 43.4965500512 43.1883464862 43.1898889373 43.5476521471 44.2142540094 43.9940544167 43.9218460236 44.6621089574 43.7323823533 43.5475689876 45.2377454672 45.6380661486 44.3314863016 44.7808177698
44.6710395793 44.6203822304 45.3877214373 43.268482737 66.1787668508 86.8592876154 86.8592876154 43.2789205228 75.1567553845 44.3200121536 62.1063635563 43.7132284574 45.357948786 45.5690980752 43.0962570882 43.4070933793 44.6459069235 45.1231787066 44.1153108828 45.5893094671 45.4634464731 44.8929901648 44.0815094356 45.0932268638 43.8194592966 45.1184199978 0 0 0 0 0 45.0297053667 43.3591235777 45.1578370881 45.6226293921 44.6861130537 0 0 0 0 44.171787224 43.066691332 43.1737737653 45.665704465 45.1286508544 44.7027828378 44.4387405596 45.6604412309 45.1937169128 45.1380550903 43.2980743127 45.7693096755 44.0284944601 43.6622539408 43.3842618511 45.2438420676 45.5325301443
43.602908719 45.0762351294 43.1101147891 44.6243886336 77.7559044962 77.7559044962 58.2570959895 75.3673140709 44.6006697883 45.1848116367 45.750383918 45.0073405576 45.4142037544 44.2380476687 44.9533233429 45.1445883194 43.4005697993 44.6080027462 45.5761359114 44.262224671 44.4126860458 45.4541904638 44.1970000053 43.0325214877 43.0715959028 44.7077776338 43.4441864356 45.1459236321 44.8318134972 43.6571266229 43.5305931017 44.4174657215 45.2397357127 43.6727088883 44.0712462678 45.251757882 45.6717658682 43.9106660109 0 43.7222673842 43.2327056159 44.1943328905 43.7575117604 43.7173120625 45.6906679172 43.1087790247 44.9240558332 44.7591438746 45.1833281284 45.1633333753 44.4871605855 44.99387294 45.7688726269 45.6898699338 44.586571345 45.1445818909 45.6564457814
44.0119912981 43.6081897836 45.7654375193 44.3782731865 77.7559044962 77.7559044962 58.2570959895 58.2570959895 43.8504433089 43.3146845814 71.8546777114 44.7431806268 43.861415292 45.0334160064 43.8146912678 43.617973038 43.4422810942 45.2313315328 44.5543727214 44.528516182 43.0562519522 44.5799221813 44.71011889 43.1989611917 45.7532846045 43.4614919979 44.6420712207 45.4530341676 43.0298104977 43.8452613263 44.993436539 44.51435352 44.6752781569 43.3447516275 44.4369376873 45.3941952021 43.7863842444 45.577478273 43.9272979257 45.2208365007 43.4134578012 43.8674756304 43.0401224417 43.1014717953 45.5094713733 44.8907132203 44.8146499226 43.0777065564 43.7209333654 44.4336073933 45.7582729835 43.4901177383 45.5219029287 43.7031689274 44.9725846901 43.722522202 44.7810246378
45.0482701014 44.9786757869 43.0462638603 55.4706344383 77.7559044962 45.1090454945 44.6724602067 45.6215196878 68.3797467323 68.3797467323 71.8546777114 61.4820171819 45.7129705184 43.583879649 45.1772250641 43.7922636837 45.2464767474 45.3263578994 45.8029635207 44.0888825135 44.1240587811 44.6055538169 44.777363507 44.4545974483 43.8437164296 43.5608768134 43.7122015942 45.5542993977 45.4102118952 43.4554111022 45.2700222573 45.1737127393 43.1328189419 45.5456790387 45.3535844244 44.0288322724 44.8503509498 45.8138931322 44.6706985482 43.5042559438 44.0034981411 44.3648183424 45.3501093376 44.0923142951 44.0205344043 43.1938247283 43.5944459953 43.8520178803 45.2801687035 43.7530982 45.6675470869 43.7592151709 45.4964851051 43.3496543906 43.8217205052 44.4825174499 44.2401021234
45.7988431153 43.887535616 43.9564550359 44.4664067806 43.417663665 45.7844594275 44.9747538985 44.6680611338 68.3797467323 68.3797467323 61.4820171819 61.4820171819 61.4820171819 45.3298640767 45.3714644983 44.44423254 44.6722778671 45.0284064772 43.12834369 43.0122740019 43.7006127892 43.2221050124 45.0215787525 43.6679332143 45.3971103263 45.7664588314 45.5232993064 43.6799236874 45.5974518588 45.56330813 43.8008935964 44.187619005 43.8982075905 45.2127745549 43.6102802977 45.290716257 45.2838325766 45.1581435016 45.6565240093 45.6759374078 44.1193583315 45.2099845447 45.7818897814 44.4964439353 44.4757176379 44.7887701964 43.9567244675 44.9536021755 44.1789006389 45.1813495231 43.3425510104 44.0521317367 43.4801775255 45.1416455328 43.6545033828 44.3189566293 44.4062326935
44.1561804687 44.3056673162 44.8082049453 43.2973575757 81.232308638 81.232308638 81.232308638 44.5361884004 45.8067265545 44.8925827908 56.2051339374 45.5799731857 43.7138952571 45.3108577276 44.7241886928 45.4828531093 43.9435867943 43.785549189 45.349537481 43.7377085119 43.4606225611 43.7885006469 44.2200864766 45.4009748746 44.3091831692 43.2416677452 45.592963536 44.6500685761 43.4194183925 45.6356601194 43.5528954967 44.998521294 43.7854373049 45.6663834787 43.3774771517 44.6808922927 45.6683949386 45.7457080854 43.8832085654 44.4889053847 45.4226009791 44.732890938 43.1300856879 45.6187559376 44.2328173398 44.0014085231 43.2196242953 44.00823696 44.1682920678 43.4398138942 45.528163426 45.8155044189 43.1575679591 44.8586257952 45.0562770787 43.6609144178 44.0379080133
44.0206959103 43.1249787862 45.0229470538 43.1754468449 81.232308638 81.232308638 67.1278487093 58.8200417615 44.4474858986 44.6478565162 45.33940464 43.1928151825 44.588541572 44.1172286797 43.4210868987 43.2946138583 44.9184848678 45.1132237937 43.7074164398 44.5112128001 43.2202177449 45.0680414789 45.4951594395 44.0424668438 44.7327777631 43.4353333353 44.9369468816 44.4001250808 45.2934177217 44.5666304895 45.6171337279 45.2599915761 43.4756285719 45.1339528006 43.2338084054 44.0951322465 43.2797775989 44.0577759253 44.9798244471 43.8184074146 43.9330776363 43.5032959016 45.199413762 43.1083590607 44.7059782166 45.7342501689 43.8795865278 44.8730028423 43.6489164445 43.0864153329 45.0456816586 44.4915838344 44.3315414332 44.1569211888 44.7793302432 44.6887801196 43.3465710713
45.441111686 44.6242000898 44.852690252 43.3296500583 43.6673101072 44.6855104418 43.6607692237 44.3511784285 43.6470596438 44.8069847634 44.6915632285 43.9287777045 44.7862916378 43.0857463063 45.0884104912 44.5894570966 44.7046543855 44.1571887604 44.5121083135 43.2026352575 43.0121414551 44.9782742865 43.7956846581 44.4077930646 45.2900188095 44.5639242108 44.0432621738 45.4845629814 45.4264326029 45.3121001731 44.1529805952 43.0153650041 44.8140747331 45.7515974347 44.345690803 45.6953445368 43.2421076092 45.2730320075 45.6213807298 43.0892319094 43.9754931492 44.6543517149 44.477442666 43.9006788723 43.6679507444 45.814884755 44.2116779382 43.7147765426 43.4881031364 44.9288942087 44.4216280687 45.5073497098 44.2488704612 45.6003372513 43.1701303517 44.7803797707 43.851782558
44.871275218 43.8057601512 45.1074894045 45.1133335668 43.5805546167 44.4554585629 44.5519581207 43.6607417298 43.4828196229 44.2150719212 44.4610555365 43.516146933 43.1411966504 43.7406572644 45.4845640329 44.0839981473 43.8068077278 45.3753420607 44.8755869298 44.9077448419 44.5447792787 44.4784343891 44.034159574 45.160125804 44.6236115339 43.5833301516 45.8264560366 44.8702987986 45.2600153229 43.1587624318 45.3100361015 43.6509160917 44.6088523676 43.060972533 44.506638154 43.1408878262 44.6752348326 44.8196938873 43.1431879825 44.93202452 44.770336035 44.4954075836 45.5819423387 44.4852418732 43.5509369802 44.9255579805 43.422950114 43.3907825364 44.4237784824 43.6715861052 45.1960509182 44.2930052887 45.2962577214 45.2352977365 44.1865718141 45.1894916833 43.4530837672
44.0106874493 45.3762542299 43.2486043868 44.7207619423 44.7458973103 44.2799839863 59.5229369107 59.5229369107 68.0906572454 68.0906572454 45.2594432168 43.2970480484 44.9191923463 44.8849484624 44.6042593164 43.5538841454 44.9460404227 43.3634934819 44.1144980556 43.9797404738 43.7604059281 44.7946627299 43.1668506889 43.9452876128 44.1464122694 44.2453145839 44.6143230047 43.6910032827 45.1718257338 43.1554690211 44.4801461143 44.2447090168 43.2556176262 43.7793268467 43.5220550257 45.0183349415 44.7305161249 45.0346474334 43.9903437464 44.628644999 43.7561853414 43.0420898143 45.4252394574 43.2976217089 43.8374207778 45.3858192943 44.1051018302 43.1238758605 45.2343899335 43.7954614129 43.7036759521 43.8071160309 44.5883845555 43.9902846702 43.4874526866 44.9644396981 44.3468650596
45.1445008735 43.6316487586 43.1838355335 45.0413192052 70.9743076363 70.9743076363 88.1713685648 59.5229369107 68.0906572454 45.059830047 44.4671998705 44.8221722949 44.6364738284 44.7027189179 45.462276354 43.6456885291 43.1831611908 45.6928104535 45.0023542431 44.6787844122 45.4393669262 45.7806649281 44.5574729771 45.0600056226 43.9840802021 43.8239113751 45.3979205 45.8079916213 43.1699832104 45.3395785412 44.6786259263 44.4221751283 43.3907487661 43.9241248731 43.0311088742 44.9718509022 44.5755341465 45.3013176464 45.1765187128 43.2620443048 43.5654984678 45.0696433653 45.5519078609 45.5346642403 45.5432211816 43.4143571404 44.7709021425 43.6381966873 45.6673922509 45.1759271771 43.099873189 44.6656841773 45.3335223511 43.7786569281 43.8488629547 45.2823845395 43.1877408819
44.4756512632 43.4486806931 44.5387697026 44.941019322 68.7184835059 88.1713685648 88.1713685648 45.749529424 44.4982518118 45.4576322124 44.8464374099 43.1962995354 44.734812085 44.0960331352 45.5683959941 45.0680013419 43.8725515099 43.5279161214 44.3886789461 44.9863627587 45.0018100904 43.1051348131 43.3613297239 45.0302073469 43.7057854414 45.127851958 44.4281405237 43.6990282638 43.1476633465 43.9077268707 45.7064425443 44.4732268396 45.3855206998 45.2682289896 45.7104028352 44.4594946763 43.2323606555 43.015882623 43.2000644129 44.8601823106 44.1676718757 44.6376541331 44.2578207284 43.328156012 43.0031426364 43.4559605348 43.5692418891 43.0154790148 44.3546246039 43.7233888447 43.7993478521 43.1517896889 43.5879351439 44.7785030657 43.1273460204 44.4886627163 45.5312067727
44.4693491402 43.3807793732 44.2473391901 68.6579216735 68.6579216735 68.7184835059 88.1713685648 45.5532326653 43.3692328846 45.8068229995 45.1807127116 44.0812316592 44.945108507 44.0768367415 43.8396365965 43.0274792726 43.0044293824 44.5240276317 44.8582859765 45.213075637 43.3765195165 45.2899516331 45.2757545168 43.8771268353 43.289294469 44.8073077295 44.6503707599 45.7579967312 44.8427650877 44.6150211706 45.2421272438 43.6127634654 43.650642036 45.2102847719 44.0303669447 43.8110380298 43.599319797 45.0183613064 43.656245091 43.3952809344 45.7122462924 44.7992071854 45.4194999582 43.2400719884 45.7733950498 45.8007910471 43.5163042338 45.3641966536 44.0390433214 44.5143028384 43.9279381666 43.5156275507 43.7657748721 44.316764215 45.5657069656 43.1518156174 45.5858038547
43.2825564999 43.5607146797 44.220440845 66.6555281756 66.6555281756 67.0285188824 44.505033667 44.0022547741 44.6787976136 43.0196593479 43.3120774889 43.7282927465 45.1489574691 44.6973375691 44.6768554438 44.7420953834 44.5373811438 43.8854533774 45.2270537311 43.1296989369 45.6246295805 45.3052253833 43.2695928653 44.5785694471 44.2179074409 45.1227265699 45.6489144037 43.6803390433 44.763582208 45.1563937312 43.7789455384 45.3201648422 45.0566391319 45.7610812294 44.1461048408 43.989284873 43.274376671 43.0878320581 44.7126441854 43.2815215127 45.4927053113 44.4177807842 44.261181964 43.5449758255 44.7824715868 45.4709407154 43.8661919298 43.0307017507 43.0507279199 44.789129435 45.1787505677 43.9376819473 45.7786486225 44.0605781096 43.3103301182 45.5733132997 43.6242358272
44.4917594194 44.0229587407 43.7563743479 66.6555281756 66.6555281756 63.8286571849 61.7130894882 59.6609735312 59.6609735312 44.4954017797 44.3238675346 45.4338282892 44.4752300022 44.0676131746 43.012240469 43.2666847428 44.8775712211 44.8083682977 45.623546532 44.4649310911 44.8194604338 44.1127064736 43.9464508343 45.3725857249 43.0629494783 45.6536828473 44.1429896811 43.3417689767 43.8807696852 44.9955666073 45.4634487477 43.4251618455 45.7913054572 43.0249144426 45.4184173341 44.3562313931 45.6242110083 45.0253094039 43.0736596869 44.0246930481 45.3284253607 44.9880471407 44.6346658567 44.3847126216 45.2002813572 44.1274967438 45.7414456009 45.7630881492 43.055778329 43.789794801 45.038372548 43.8179490049 45.0243849407 44.1804833289 44.7475532624 44.8746214104 44.645481611
45.7288332817 43.5176226657 43.5619757146 44.3256790554 56.1309982203 56.1309982203 61.7130894882 59.6609735312 59.6609735312 79.4680928882 43.7337714516 44.2084641827 43.6553407637 44.6263463422 43.3144730161 44.7122177963 43.9458878313 43.9763218937 45.0432325329 43.0471395513 43.1796956445 44.3423638786 45.5945976663 44.5931173922 44.2812319813 44.2632804023 43.5917878476 45.6181735985 43.672497272 44.6100579861 44.0912279888 45.6340083934 43.0832128295 43.7211813502 43.2273037569 43.5328912966 43.6171764282 45.7871894757 44.2711678811 43.613199799 44.1347995765 45.0503569175 43.9015165698 43.5952517365 44.4111177537 44.3281164604 43.9687281133 43.1508090643 45.0308798317 44.3577692917 43.4943023989 44.0033054324 45.6907875873 43.4072466998 43.292731313 45.0334705286 45.2264709918
43.1731242823 44.0989600035 43.4106843267 66.2320928076 56.1309982203 61.7130894882 61.7130894882 61.7130894882 57.5353257482 79.4680928882 43.1324559969 45.4685624468 45.1571980074 81.0308939677 45.4691257043 43.405915055 45.3263865286 44.7847905448 44.3748391149 43.3892346002 44.4404406145 45.7689366601 44.3394084284 43.7748916157 43.4097189339 43.8013964428 45.4339758503 45.243422984 43.0052257596 45.6038154437 44.2291490186 45.2970651032 45.5293663857 43.0119526963 43.4231632919 45.6604097893 44.3729827776 45.6541869623 44.0027807458 44.4055599521 44.0811455553 43.4390669714 45.6626395046 43.6717412155 43.9887851201 44.3609370116 43.7117683629 45.0645332725 43.9634243692 45.3102407119 43.7885337411 43.5474856373 43.2503985377 43.9926970122 45.2160085153 43.9564776942 45.6707077303
43.1110189265 44.1764755318 43.3803211643 43.0307151149 44.5865989092 53.5076092451 63.9958606974 44.1983691928 44.4117137049 43.0053835952 45.7586728315 44.2246278617 81.0308939677 81.0308939677 66.8973618402 66.8973618402 44.0031821586 44.3801654099 43.15658586 43.1590559334 43.3730034154 44.781307572 44.1041266383 44.2818970741 45.3252644912 43.2281665425 44.2707298496 43.2252280562 44.6402940108 44.7904020647 43.5303425711 44.82393929 43.3744185158 44.3579626243 45.2360626287 44.3566250062 43.6071292647 43.0137103472 45.381202946 43.4705881996 43.4139942194 44.3516876586 43.500599214 45.5374075858 44.0208675698 43.2203933291 45.0206737091 44.2313656487 44.7914412189 44.4225434693 45.5149448851 44.4027031067 44.2515995089 44.5098576752 44.8580776197 44.3511553173 45.3039631471
45.4493846766 45.6125902919 43.1023775302 72.3274423415 72.3274423415 72.3274423415 63.5950237999 45.5459296477 44.0994600608 44.8190324015 43.4943546847 44.9501473766 81.0308939677 81.0308939677 66.8973618402 45.5579148558 66.8973618402 44.7824185163 45.6180326352 44.0746550051 45.0920522249 45.7101814136 43.9983181146 44.9917085196 44.7170211961 45.4184631393 44.1556976663 44.1145098249 43.8625108301 44.136344239 43.6213400704 43.8198895437 45.5171013182 45.4536804778 44.698799086 43.8659935352 45.1146571135 44.628252267 45.8180058638 43.6231172237 43.8855832398 44.1925686357 45.538750118 44.352716021 43.2301249651 44.8163232373 44.5634175528 43.7989283193 45.1425838955 43.9008822534 43.745310776 44.7780842601 43.3255079208 44.3551791991 45.4335219051 43.8982656147 44.332017846
43.9568969543 45.4890293943 45.091675784 72.3274423415 72.3274423415 45.5923348307 44.5092145924 44.7179060904 45.4421915179 43.9331939277 45.2046274781 43.3949688234 45.5819990245 64.1692107376 65.1944924591 65.1944924591 44.8540181229 43.0995250063 43.732720365 44.6346874036 44.9694491392 43.1431370382 43.2048343081 45.2310660979 44.1232808377 45.5553515186 44.4177511614 43.2210364413 45.5181816416 45.2983025154 45.5163136877 45.577582603 45.5560083465 45.7140392776 44.3127484981 43.526294573 44.3726156973 45.001584491 44.1112005062 45.448751833 44.2939875944 45.8263879011 43.8206269781 45.7442048797 43.7363241796 44.2770554373 45.6977159471 44.8582477551 45.6549327532 45.3801691849 44.7302503542 45.1761726549 44.3378215624 44.1606004527 44.3803874192 44.3882748319 44.1948027806
44.3368304621 45.6998017085 44.0741590447 45.1730910689 62.7919982191 62.7919982191 45.5564433144 45.7497921099 44.2345125858 45.7471999876 43.2119154907 44.0065758336 44.3189114009 44.9153743311 65.1944924591 65.1944924591 71.7869707412 43.9254050253 45.7596776403 45.1157221491 44.4634907309 43.3715368361 45.07338987 44.6228082215 43.0241609995 43.0399273614 43.3582731003 44.2197437029 43.4006588079 45.0985616713 45.2024017861 44.2076593283 44.0815643392 43.3997155141 43.805814102 44.3813616325 44.2712709614 45.0532292508 45.7024766175 43.0030629534 43.9356113277 44.9964293635 44.2002885018 45.7576191485 45.6495149889 45.0176426837 45.0455882284 43.6952057715 43.8605053439 44.5834023136 43.7163480082 44.2175171897 44.1978571063 45.8089137484 44.3062907491 49.5880976497 49.5880976497
43.4062237898 44.5068036504 43.8163923236 43.1438744789 62.7919982191 62.7919982191 43.9107876736 44.9016234811 43.9459208722 44.9658500308 43.6742009386 45.0248714815 44.2759458119 45.6376471965 62.4696135668 71.7869707412 45.6921154429 43.6813820981 43.6348251435 45.6779605217 44.7116849343 44.8887924505 44.0904788268 44.7257234302 44.3618950696 43.4056361322 45.1715287989 43.2334036941 44.7889638137 44.668024329 44.5598217014 45.7319799894 43.4638872177 44.0139564726 43.352763818 44.7756452116 43.6261142433 44.2027783383 45.461579773 45.7220653498 43.8688818591 43.3323982817 44.2101307558 45.4002140869 43.318986189 45.0326097861 43.8248423207 44.9204409413 44.1560990582 43.6721391761 44.4784500497 44.565570229 43.754477144 44.8285652166 65.7872403955 49.5880976497 49.5880976497
43.1920455576 44.0207679821 43.5942033082 43.7692645446 77.755306709 63.4822219397 63.4822219397 43.7393621185 43.5072690809 44.0180353855 44.9675474099 44.92578046 62.4696135668 62.4696135668 62.4696135668 44.2153292596 43.5692901117 43.2783069058 45.4501535959 44.6903638457 44.5080326683 43.1149393934 44.4978863626 43.2782001456 44.5896604556 43.8149791516 44.1518500549 45.5200400505 43.2140355441 44.3260649058 45.2453910611 44.2959605326 44.7376657623 44.4032425805 43.5445035085 43.4585677766 44.8233428905 43.067693038 44.2146480629 43.2867078904 43.3432075945 45.3175759634 45.2152802417 44.3706984096 43.2270488521 43.9356616669 44.1340206995 44.232834532 45.3409392093 45.2199658534 43.9593290666 45.6363907444 45.4711838548 45.0187820505 55.885640094 61.3170448605 59.3939658169
43.5916651547 43.5867265714 45.515014725 43.5752784284 43.2637675532 63.4822219397 63.4822219397 63.4822219397 45.4429678585 43.5269522254 43.1890002144 45.2652429343 43.484429328 87.0602876327 62.4696135668 44.6425687916 43.243393587 44.7444681949 43.3785493851 43.2414276168 44.2599529197 45.6252305887 43.1462174555 44.1318421114 43.246876935 43.0175066802 45.0787796754 45.0716850914 45.6912252669 44.9618397539 43.792873563 45.4581184074 44.5924654023 44.1535002723 45.1678011717 44.3586029376 44.1529255685 44.7879206339 44.6129558494 44.0177621849 45.1711088676 43.1940359222 44.1911590075 43.797768211 45.1287518716 43.4540755332 45.0906458662 45.1720676611 43.7719180238 43.046949915 44.5036323294 44.3193790868 60.7355620486 55.0870331888 55.0870331888 61.3604407658 61.4355034162
