Spatial_Output/BAU/BAU_1419.asc
NCOLS 155
NROWS 192
XLLCORNER 196769.923733
YLLCORNER 449719.875193
CELLSIZE 27.603701
NODATA_VALUE NaN
[rows 46 to 68 of 192, columns 53 to 105 of 155]
58.940033829 58.940033829 32.8512150978 32.667774019 32.9918611354 56.0181715751 56.0181715751 33.1750055859 33.0591407707 32.6960548496 32.8557718649 33.1116285047 32.7328023752 32.938206933 32.6921870002 33.0422282026 62.1928778837 32.6506248265 32.6951840928 33.0251038656 32.8690625433 32.7771614437 32.6370564544 32.5328456256 32.6373426807 32.7887712119 32.6234879 32.8762262978 32.7571324217 32.6000335517 32.7690507452 32.931224789 32.5110208846 32.9623128141 33.167484335 32.6615444878 32.9897637843 33.067423436 32.7962428889 32.9708137637 32.8794730273 33.1420083015 33.0267128676 32.7963516905 32.5537013564 33.0496114716 32.920198986 33.1844425794 32.5768868854 33.1022286836 32.74180739 32.6219143305 32.5084710447
58.940033829 32.7880292274 32.6561613533 33.0879942109 32.7183441061 32.9526096738 32.6061868699 32.570146737 32.9959980404 32.8583674423 33.0935030046 33.0880388902 32.8400939926 32.7714435548 33.1272840979 62.6060066346 62.6060066346 62.6060066346 32.8545619398 33.1819923099 32.7900416937 33.1744139283 32.5458039556 32.9817089872 33.0081758544 32.861147488 32.5762162003 32.5491407354 32.5926554058 33.1693818588 32.5869704874 32.7407298636 32.6851539 32.7414229938 33.026952665 32.6921552143 32.9108231653 32.5576779406 32.6542115612 32.6175261021 32.5266416916 32.9437381864 33.0568439662 32.7724310901 32.5991994725 32.986826714 32.9393407483 33.1565309543 32.8212086067 32.6212479307 33.1172467847 32.8095777293 32.5007002342
32.538816739 32.6882061568 32.5836527581 32.7254846961 32.6186986486 48.8611007762 48.8611007762 32.9983721501 32.6751406728 32.8446807809 32.5073204668 33.0475899891 32.5574621116 32.6720373319 32.8751549323 62.6060066346 62.6060066346 53.4262748984 32.5054770148 33.0903619035 33.1793080547 32.5761435642 32.876071515 32.8564240681 33.00288713 33.0133102748 33.1337806511 32.8854936025 33.0339202926 32.8314942229 32.8213160555 33.1575541807 32.7449764314 33.169165273 32.6791299387 33.1412458957 32.8156172134 32.5721450531 33.0924497246 32.7098250934 32.9149540332 33.2047610654 32.9823068397 32.7053451365 32.8054581776 33.1248224507 32.6875098415 32.742332184 32.5037710229 32.7520397689 32.8609364097 32.9778449391 33.0231929756
33.2038817376 32.8522776035 33.0836501443 33.0555332885 33.0664388491 48.8611007762 48.8611007762 32.5766245753 32.5060525367 33.1809118932 33.0844712022 32.9420225891 33.0521909408 33.136638455 32.5684736702 62.6249238653 68.3729920064 32.7868448589 32.7879891864 33.0019251361 33.0567523168 33.0007016506 32.7320736711 32.8482694773 32.9255585649 32.9127483845 32.8587382285 33.0034133192 33.0030586535 32.7666419075 32.6953571507 32.7187080291 33.0308987473 32.6657367628 32.8094904626 32.524388416 33.0795908363 32.5464977448 33.0248061664 33.0371586623 33.1253827618 32.5623768475 33.0723416615 32.648743251 33.1098849457 33.0857797687 32.7370605051 32.6970861149 32.9796938795 33.0493457252 32.72867504 32.9965753446 33.1125377174
33.1729559644 77.092920854 32.5050963131 32.6517278323 33.0153725576 32.6067090055 32.9349945293 32.6619052118 32.7879065406 32.6572205805 32.6762662423 33.01655207 32.6982713409 33.067010907 32.9961076905 68.3729920064 68.3729920064 68.3729920064 32.9475004983 32.6357459068 32.7605369258 32.9113413112 32.5113365598 32.5148393624 32.9103427944 32.8300021877 33.1916438296 32.5974880833 32.9575239428 33.0518867786 32.5650792019 32.9189654378 32.9441211438 32.56791384 32.7254190455 32.8700671817 32.7335381715 32.7137598285 32.9402230547 33.0083613095 33.1851399619 33.0852408821 33.0665090417 32.7391586797 33.1945263973 32.9006299263 32.8335223295 32.7715942897 32.6706360736 32.5312134268 32.8486243407 32.5761534886 32.7681913514
77.092920854 77.092920854 32.7175904427 33.1036079408 33.1534150936 32.5693891013 33.1318351913 32.9050176134 32.6037554413 32.8581711315 33.1096060743 33.097176596 32.7743312039 32.7573346743 32.8770423446 32.8399083529 68.3729920064 32.7469008544 32.7642026837 32.660202734 32.9124361131 32.9808265079 32.5319812444 32.9230404413 33.0467727221 32.8936490804 32.716990464 32.6594082615 32.8684374311 33.1203284532 33.0971967799 33.0859156924 33.0793547792 33.2044917639 32.9871684578 32.957728991 32.9532192385 32.8522119208 32.5527913829 32.5427011053 32.8460470161 32.6808121 32.6552638709 32.7808584073 32.5595090847 32.6963337765 32.9304725995 32.5397159424 33.1779811875 33.1146278622 32.5344144756 32.8208583907 32.6652857548
32.9037906198 32.6928948961 32.6422817463 32.6041170398 32.653565065 33.136032534 33.1634209326 33.0499482553 32.7043936299 32.6713429781 32.6880344627 32.8358679587 32.962467914 33.0528008746 32.6702471338 33.0528838913 32.8586229192 32.6410679278 33.0382850749 33.1586466216 32.8887701576 33.116138503 33.1005792933 32.6825422769 32.6322609385 33.1838096291 33.160166255 32.5727790051 32.8963912305 33.1844830411 32.5595226486 32.7858805177 32.6601573003 32.919656768 32.9437031378 32.6504111752 32.7436351086 32.9050446992 33.0360118771 33.0289391199 33.1490195423 32.8496608711 33.1176400156 33.1717202694 32.9167759499 33.1296536152 32.6545392282 32.5536205194 33.1264003702 33.1253446855 33.1746172113 33.034807993 32.5972336943
32.888844745 32.7364007483 32.6194812936 32.6103010746 32.7631598888 33.1988616701 33.0643931158 32.5577321235 32.6008643958 32.6881448012 32.9824049904 33.0802023948 32.6380399456 32.8225742206 32.907501221 56.7222840454 33.1146375746 32.8470153007 32.5403271088 32.9678023945 33.1856994501 32.8054857019 32.6763618395 32.8361520603 32.974255879 32.8781355931 32.6779641273 33.1364796336 32.7966425431 32.6684614853 32.9761102913 33.1544432032 32.9088202123 33.007392408 32.5594103598 32.9077612515 33.1121752337 32.7529497625 33.1860470784 33.1002663069 33.0487002763 33.131584207 32.732569404 32.5328229364 32.6608567948 32.8379250353 33.083381473 33.1457995631 32.5121892345 32.6694921579 32.6904220822 32.6308218359 33.1159512065
32.8804693318 33.0097206888 33.0048872011 33.0488213489 32.6703973992 32.6534465642 33.1803673016 32.6890076858 32.7174539609 32.8252189169 32.5791404491 32.6551725779 32.6114116833 32.5883238395 32.9332334211 32.6350961582 71.3503435935 71.3503435935 33.0323596006 32.5538209788 32.9332439879 32.5032653196 32.818084835 32.6458954393 33.1453189144 32.5955875095 33.1978847251 33.0072134702 32.7706654393 32.6220545351 32.508991395 32.6969108285 33.0941137518 32.8507110773 32.7765077461 32.9575155094 32.5498035328 32.749771504 33.0514590036 32.6298737727 32.7651319255 33.1441084301 32.5754705238 32.6926327729 33.1758371853 32.6766145779 32.8336496332 32.9015400236 32.6139563655 32.9719363608 32.8471390136 33.1479587338 32.9851661587
32.9942281288 32.6159812146 33.0656800418 32.8084673394 32.8850160505 32.6553431297 32.8640827954 32.5796722579 32.5116093972 32.8491603674 32.8458965099 32.5662810011 33.0994376454 32.9540885287 32.8990156435 32.5311993398 33.085046921 32.8093409933 33.1737403665 32.9648531623 33.023552688 32.930214883 32.9612114426 32.8326364686 32.9473531961 32.5127907663 32.5272940209 32.5707181994 32.6641258251 32.7531601579 32.51750098 33.0952918459 32.853965228 32.720529148 33.1186413822 32.5783857132 32.9505249989 33.0242000416 32.8083080259 33.0610704256 32.7567997366 32.5730574496 32.7544131437 32.8592415574 32.8957161434 33.0292282753 32.7622583813 32.5215570187 32.5060194653 32.7244191973 32.9134089886 33.0079022341 33.0360901237
32.6500338924 32.8471380857 32.9318024035 32.9545482729 33.0227988483 32.6068263255 32.7942101602 32.5565861321 32.7796131841 33.1999351747 32.8742257548 33.0822808473 32.9926147373 33.1656236913 32.5085160599 33.1946844192 71.2166891228 32.6444219078 32.8557229119 32.5061045293 32.9519750145 32.5552145419 32.7065242729 32.9797363279 32.7964448146 32.7017368362 32.8584207092 33.0262916429 33.0137953513 33.0864232775 32.9576002544 33.2030084565 33.0094647109 32.7438353613 32.6942758552 32.8493401751 32.9828226477 33.0990793015 33.1774958633 32.6499867269 33.0426843517 32.8671759287 32.5008932854 32.6147252553 33.1576206895 33.118500981 32.9925807843 32.8338390179 32.9786456862 32.5057247188 33.1242844263 33.1991954066 32.8654069388
33.098626423 32.5846172532 33.1822147203 33.1462069911 32.8856184826 33.1170257347 32.8593392931 32.6199708147 33.1226692061 32.5741405526 32.9545260423 33.0447367704 32.6982978989 32.6684271784 32.848831944 33.0788309171 71.2166891228 33.137255668 33.0904202312 32.6927505901 33.1271456131 33.1949028833 32.8270109648 33.0706822026 33.0574566562 32.9345022026 32.5744495404 32.9221147795 32.5605755424 33.1762088463 32.8564548909 32.7950056092 32.8120200805 33.1394546063 33.1804275977 33.0244809155 32.534926862 32.5760516107 32.6474821155 32.6730946665 32.9719280164 32.8994606759 32.6732989565 32.9596315686 32.662731301 33.1795767105 32.5280945404 33.108840423 32.5084811259 32.8871740872 32.5298845796 32.975027313 32.5391483476
32.7831944478 33.2000493436 32.6592176496 32.67279861 60.3329876629 33.0492719242 32.5306900169 33.1566407682 33.0917146221 32.8178645055 32.5992586726 32.7741565493 33.2069957154 32.8925639152 32.7061566 32.8235297481 32.8228491155 32.9039664134 33.14822571 32.8234470802 32.6662154759 33.0596049903 32.50962576 32.6612977478 33.177804223 32.8170145274 32.6128120757 32.6146193954 32.5599879454 32.9766440365 32.959936331 32.6060136624 32.9217217161 33.1932597536 33.0637518682 32.8559649447 32.5266244589 32.9538115529 32.5370894544 32.8630867211 33.1439792584 32.9740690019 33.2049179497 32.921335909 32.6899827926 32.9314085741 32.7075081985 32.5397227932 33.0169986041 32.7315314686 33.0736628157 33.0273201566 77.7058289083
33.0401575724 32.6719145818 68.3963936896 60.3329876629 60.3329876629 68.3894407393 33.0534170168 69.946157389 69.946157389 32.5254213477 32.9133079367 32.8041097044 33.0216397103 33.0861858448 32.6828970474 63.4839275598 63.4839275598 32.709500484 32.7393113421 32.844036306 32.8534537535 32.9711947545 33.1875782864 32.9095834087 32.8319163309 33.1700108896 32.9215689435 33.0649420423 32.9265460397 32.8757123176 32.8118281887 32.6579552234 33.0868964309 32.9093575361 33.1922091353 32.6349485442 33.1918272984 32.5914246869 32.5628916394 32.5278160653 32.778603986 32.8428967357 32.7974733398 33.069008996 32.6512995468 32.7673374586 33.1282096145 32.9317515485 33.1832402495 32.7315086866 33.1063008646 32.7432406564 77.7058289083
33.005859724 32.6583346845 32.8613929029 60.3329876629 60.3329876629 68.3894407393 32.612110419 32.5540523399 33.0534033358 51.5026140668 73.6618729538 73.6973405466 72.5918016092 32.6705338442 33.1960436507 32.50058642 63.4839275598 63.4839275598 33.0725718484 32.758194237 32.8522487184 33.0169432111 32.965722744 32.8458851081 33.0547717364 44.8520355716 32.7138375578 32.5110680039 33.1389891737 32.6523406329 32.9831635813 33.0776648986 33.0850544217 32.5653572055 33.1546970432 32.9612313573 32.7541504262 32.6045421469 32.9993974959 33.0899311711 33.0187444444 32.7369273106 33.1781893745 33.0214788455 32.9085379313 32.6026767866 32.6136263817 32.923142558 32.758339866 32.9824481384 32.9256876907 32.9258897407 32.9711210326
32.827455095 32.9425852429 33.0241990253 32.6531116695 33.1454575732 68.3894407393 32.7890784645 51.3711880533 51.5026140668 51.5026140668 73.6618729538 73.6973405466 73.6973405466 32.8808600371 32.6479982746 32.6515318813 33.1684349542 32.5237810606 32.651424856 32.921507868 32.6317186339 32.7524970767 32.6010798117 33.1924493251 33.1229729577 44.8520355716 44.8520355716 33.1653367083 62.3344482165 47.6693858384 32.9493761044 32.8873767203 33.1167925809 32.5651818286 32.537997206 32.9231032967 33.0248550457 33.0996904733 32.5595747328 33.1999973925 32.6631720977 32.8275517455 33.1519812753 32.9412858035 32.880079351 32.9156159134 32.86660484 33.1475783503 32.839236076 32.9495424531 32.6829367505 33.1563125236 54.9304461499
82.3857901761 33.0899996006 33.0898411437 33.1295090863 32.7991602637 32.8703251864 55.0355747715 55.0355747715 32.5879945441 51.5026140668 32.8796823313 73.6973405466 33.1920724793 32.8588301575 32.7368301563 82.1919748337 82.1919748337 32.7058921662 32.5381546777 32.67604256 33.0342292372 32.805756267 33.0735872575 32.599641143 33.155995208 44.8520355716 44.8520355716 62.3344482165 32.5239791783 32.5846701098 32.7066014256 32.9044153381 32.6889799764 32.7090557333 32.9960807496 32.7910172013 33.1592896762 32.5590054099 32.9394484263 32.8435510917 32.5463962082 33.1000356703 32.99226543 32.9522821496 32.6200298755 32.5931572584 32.8212665136 32.9360405577 33.2016837452 32.6599171667 32.9965474458 32.7187665777 54.9304461499
32.8152389343 32.5693279804 32.797908115 32.6609803333 33.0867841784 55.0355747715 55.0355747715 55.0355747715 55.0355747715 33.0962305187 32.8823158419 32.5783965634 32.6293805427 32.629677785 33.0795468647 82.1919748337 82.1919748337 45.0678304408 32.5673687157 32.5127334293 32.7216618291 32.8313071889 32.576455553 32.7298609528 32.8898462238 32.6645332247 32.6802515518 32.5255336715 32.9086943936 32.644402576 32.9180712832 32.5506265109 33.0396261906 32.5332701445 32.8164136627 32.9225010142 33.1601637868 33.0488421631 32.8536063429 32.653755652 33.0270302244 33.1160858383 33.2002549566 33.0570891111 33.0523653651 32.7971898375 33.0437106382 32.8114662706 33.0075854394 33.0578282206 32.6127743281 32.8539252754 32.587863399
32.9610720546 32.648141703 32.6868130085 32.6786364354 32.9583511452 33.0774711166 32.9409074651 33.1033662024 32.8207717619 33.1464225976 33.1710584814 32.8933469213 32.5040440319 32.9359622911 32.5491040711 33.0252720501 32.8744727303 32.8690981216 32.724875978 33.0810582122 32.8502809237 33.1742717974 33.0820113485 32.5367848372 32.5575050706 32.9669123732 32.5509501759 32.8305284045 32.8117364777 67.2033498363 32.5706139298 33.1997292535 32.5859546112 32.8201170144 32.7180880997 33.0966073816 33.1400755238 32.9374920552 32.5191977894 32.9509920417 32.6925096374 32.5754620314 32.6229204713 32.5028715377 32.7427410976 32.7922352446 32.6830481806 32.5094040963 33.161482982 33.0876401097 33.1743801123 32.64784158 33.0234493957
33.0423191238 33.109549321 32.8114261437 32.7652370905 32.6565021622 33.0531037521 32.9505039183 33.150095271 32.865365842 33.1794506834 32.670298123 33.1920102603 32.7524484069 32.7635482435 32.6978343375 57.4371259429 32.8574707082 57.4371259429 33.1991371245 32.7229200615 32.9252264479 32.7507995268 56.8781765526 32.9688418054 32.8835539539 32.7850685106 33.1528010505 32.8156019797 32.9501043271 32.9688196772 67.2033498363 33.1319607464 32.6281977331 32.9295110843 32.9582341903 33.1929691675 32.9246673674 33.1085650858 33.0415988155 32.9000134542 32.6706766957 32.7412328927 32.9670003733 33.0707142617 33.0356044447 32.81765065 32.7054354894 32.7949316906 32.7373534484 32.6681543437 32.6506411627 32.6933733896 50.3364565355
32.9623954128 32.5243484977 32.7446741108 33.1228837973 32.8269851851 32.6757806101 33.1528277421 32.8064898768 33.0066183275 32.5713881579 32.5776262258 32.8401223645 32.6286931542 32.9440477915 32.6719541415 32.8729746721 32.9131870081 32.7415309773 32.6501208849 32.591685332 32.9980181997 56.8781765526 56.8781765526 32.939504005 32.9059241256 33.1554428639 32.7245041264 32.8073321818 32.7412603179 32.911168726 33.0136027896 33.0316512722 32.7909681622 32.9747929218 32.5463002755 32.6633758731 32.5582758877 33.0521148519 32.8399726451 32.7429196327 32.7662505603 32.5847436779 32.670724193 32.862202261 32.6921419807 33.1704684872 33.023114923 32.532827889 32.7153742607 32.7183337407 32.8769266889 32.621839376 32.6209414298
32.7418942643 33.0201072247 32.6621275702 32.8062417565 32.8482587398 32.5472309504 32.5294789863 32.7588869523 32.8046308728 33.2035689285 32.8588860994 32.9806905614 33.135276069 32.9298988352 33.0727914055 32.8662714669 32.5169396615 32.8698159835 32.7660059766 33.1274923672 32.9910076504 32.6551449045 32.8271068605 32.5674359348 33.1207273416 32.8164086184 32.6938710041 33.0614927756 32.5142537099 45.8167887748 33.0750031898 33.1957260689 32.9889571902 32.5867474431 32.8734690415 33.1511243809 33.081677204 33.151402901 73.0666991827 32.9424748362 68.3355392198 33.1561097447 32.9129957388 32.8724037231 32.5092101472 32.5419271092 32.9585159928 32.7807786346 32.5979828746 33.180531263 32.6096959568 33.0934260426 33.1474811373
32.8287980875 32.5074482293 33.0781330532 32.8218084279 33.1333535691 32.7160548964 32.5618133263 32.9011688783 33.0316617573 32.8874429091 32.8766865564 32.658283633 33.1741937272 32.9714384627 32.7461121978 32.9432312841 32.9255401961 33.0017960687 33.0849843772 32.9079420993 33.1573569065 32.9665821472 66.8548308573 33.1229615435 32.9142358745 32.5575548845 32.5647971925 32.9794933393 45.8167887748 45.8167887748 45.8167887748 32.6113938005 32.5662901806 32.8823587719 32.7578699878 32.74361588 32.7327631939 33.1938612688 73.0666991827 73.0666991827 32.9856930121 66.4287965209 32.8055758692 54.3418179883 32.5925106209 33.0149103137 32.6925055941 32.7747135262 32.7515457654 33.1036857497 32.5570824773 33.0241204495 33.160019867
