Spatial_Output/BAU/BAU_0259.asc
NCOLS 155
NROWS 192
XLLCORNER 196769.923733
YLLCORNER 449719.875193
CELLSIZE 27.603701
NODATA_VALUE NaN
[rows 0 to 22 of 192, columns 53 to 105 of 155]
44.5500652222 44.5055516211 44.5496071803 44.8624923361 44.6563962897 44.9891190824 44.7805486607 74.2121812758 83.0205935307 71.9843028451 44.5642330604 0 0 0 0 0 0 0 0 0 0 0 0 0 0 0 0 0 0 0 0 0 0 0 0 0 0 0 0 0 0 0 0 0 0 0 0 0 0 0 0 0 0
44.9585879864 44.705268831 44.9586896332 44.5927730031 44.6000626094 44.5161191958 44.7495792174 85.4392325622 75.9950449025 87.0202216798 45.194134443 44.8915395537 0 0 0 0 0 0 0 0 0 0 0 0 0 0 0 0 0 0 0 0 0 0 0 0 0 0 0 0 0 0 0 0 0 0 0 0 0 0 0 0 0
44.5631197718 44.7464652332 44.5595432955 45.0530665204 44.7508572183 45.1550965652 45.1839551899 84.3987055276 75.1794800771 71.7905574263 44.5754186763 45.012648342 0 0 0 0 0 0 0 0 0 0 0 0 0 0 0 0 0 0 0 0 0 0 0 0 0 0 0 0 0 0 0 0 0 0 0 0 0 0 0 0 0
44.6237109939 44.8424086809 45.1346370784 44.959252712 44.7181103007 44.5130664478 64.0751098781 44.8555079462 55.1513957378 55.1513957378 44.8080277383 45.010651721 45.0166333308 0 0 0 0 0 0 0 0 0 0 0 0 0 0 0 0 0 0 0 0 0 0 0 0 0 0 0 0 0 0 0 0 0 0 0 0 0 0 0 0
44.7079001224 44.6248288077 45.1468319292 44.722724514 44.6377862278 45.1625418883 66.1313597401 66.1313597401 44.8579301234 44.8221908164 44.5609451579 44.749974945 44.8624669879 45.0227344258 45.0026096951 0 0 0 0 0 0 0 0 0 0 0 0 0 0 0 0 0 0 0 0 0 0 0 0 0 0 0 0 0 0 0 0 0 0 0 0 0 0
45.0823648652 44.520775963 44.6063322165 45.147378434 44.689291019 66.3800853175 66.1313597401 66.1313597401 44.6020372896 45.062738958 45.1679828283 44.8015758719 44.7194225266 44.7485944848 44.9452161133 44.9348677484 0 0 0 0 0 0 0 0 0 0 0 0 0 0 0 0 0 0 0 0 0 0 0 0 0 0 0 0 0 0 0 0 0 0 0 0 0
44.836496135 44.923961625 45.0423148485 44.9613515401 44.7605829582 45.1489077332 66.3800853175 44.8347447288 44.855683093 44.6427685661 44.7980085674 45.0797668053 44.7453560371 44.9083649622 44.6615908149 44.6760859472 44.5008913708 45.0559841834 0 0 0 0 0 0 0 0 0 0 0 0 0 0 0 0 0 0 0 0 0 0 0 0 0 0 0 0 0 0 0 0 0 0 0
44.9938679583 45.1080756628 44.6875978529 85.7668876623 85.7668876623 66.3800853175 45.1647637248 45.0209127017 44.7098837383 79.6573086682 44.9581172983 45.1213844048 44.7830264678 44.7916504075 45.1491003244 45.1599614645 45.0556565594 44.7024886663 44.9782430259 0 0 0 0 0 0 0 0 0 0 0 0 0 0 0 0 0 0 0 0 0 0 0 0 0 0 0 0 0 0 0 0 0 0
45.1422709189 45.0411974313 44.9639375725 45.1337923579 44.6556554116 45.0331729014 57.9515799764 48.8680345421 45.0474512492 79.6573086682 45.1732783191 45.0120097135 44.9877134084 44.6185705083 44.600905409 44.593147882 45.2024408027 44.606680771 44.8643285042 44.9577640187 44.8339878163 0 0 0 0 0 0 0 0 0 0 0 0 0 0 0 0 0 0 0 0 0 0 0 0 0 0 0 0 0 0 0 0
44.592769772 44.9967395823 44.9741142387 44.5802886487 32.7556424914 57.9515799764 57.9515799764 48.8680345421 79.6573086682 64.4139314748 64.4139314748 64.4139314748 44.8587819912 44.7008299842 44.8045291027 45.1799867736 45.0866580983 44.8640338953 44.968239429 44.611870604 44.7750269577 44.5805555574 44.7017151986 45.1867667824 0 0 0 0 0 0 0 0 0 0 0 0 0 0 0 0 0 0 0 0 0 0 0 0 0 0 0 0 0
45.1899630437 44.9297366336 44.6383843138 32.7556424914 32.7556424914 32.7556424914 57.9515799764 48.8680345421 44.7285805082 64.4139314748 72.7911025672 72.7911025672 44.6620798708 44.8205163476 44.7805360234 44.5469689383 44.7759380274 44.8985244274 45.0757995656 44.9334062012 44.7966547907 44.8368622234 44.6590487523 44.660282643 44.7936024556 45.0974759669 44.8304998796 44.6946964795 45.0891210329 0 0 0 0 0 0 0 0 0 0 0 0 0 0 0 0 0 0 0 44.536118581 44.685204372 45.1054031486 45.1612149319 44.7252966322
44.9153818332 44.7985950312 44.6278499313 44.8754014939 44.8625738324 56.7348983641 56.7348983641 45.1196451647 44.8224931777 44.962556795 72.7911025672 72.7911025672 45.1903042184 45.1376387777 44.5226655928 44.8410477673 44.756610754 44.8249237715 44.5957705046 45.1617173254 45.1819767599 45.204652567 45.0186359368 44.9285594964 45.045306941 44.7144230743 44.8714301882 44.9830186107 45.0091808993 45.121047605 44.562882637 0 0 0 0 0 0 44.653013852 44.7058079528 44.5386914748 44.5553902755 45.0519121475 0 0 0 0 0 0 44.721224229 44.5471977321 44.8906720107 44.7442578866 44.873754604
44.8907547131 45.0211861979 44.6967722009 44.7326370051 44.7115227985 44.6412170138 44.614829918 62.306092681 62.306092681 44.6453357466 72.7911025672 55.0783559445 55.0783559445 44.948886461 44.6533539937 44.8088012382 44.9168135973 44.9719510964 44.9168602529 44.6087623937 44.5666551968 44.5677018176 44.6811080754 44.9255227254 44.5946792178 44.9582393223 44.5963899454 45.0972506892 44.7908938967 44.8152577837 45.1687151597 0 0 0 0 0 0 44.8034240467 44.9080506477 44.8285635389 44.9671564553 45.1840470205 44.8054033029 45.0282196807 45.0524809329 0 0 44.8005351665 44.7571169403 44.5607437211 45.0342009274 44.6977994992 45.0036519119
44.945891316 45.1944342314 45.0496484358 44.5632748688 52.0057681932 44.6187850787 44.6374963512 62.306092681 62.306092681 56.1553839123 55.0783559445 55.0783559445 55.0783559445 80.700584305 44.5904334565 45.1895898969 44.7407295285 44.9149739584 45.0416670929 44.5856366325 44.6874474705 45.016465999 44.6116731446 44.6136771506 45.1452109306 44.8476596256 44.8501657705 44.7671431181 44.8149609738 44.8818549089 44.7982619558 44.7670666115 45.171231726 44.6953114498 45.1293121385 45.0961445532 44.6840784177 44.7399426708 44.718654445 44.7448250102 45.0420984915 44.5064041771 45.0166383232 45.0866671488 45.0769894979 45.1741677027 45.0351978462 44.9584610362 44.6190384384 45.1165965315 44.8698810646 45.2051970971 44.6439565564
44.8224051326 44.5851212569 44.7678557428 44.5248388094 44.7482665823 44.8434727147 45.0132136044 62.306092681 56.1553839123 56.1553839123 67.5765612736 80.700584305 80.700584305 61.6917875047 65.9042443248 44.9712417748 44.827263247 45.053858845 44.8028545127 44.9544918813 44.5745255719 44.8999272667 45.1699876823 44.863986024 45.0593652612 44.9421032889 45.1492349891 45.2016011326 45.03184164 44.5034074221 44.6340073325 44.5502679343 44.9884867347 45.0782396082 44.5068934734 44.8379480154 45.0648689817 44.7096561828 44.612476771 45.0315345203 44.9745237395 44.8571216416 44.8397928211 44.7282717458 44.8278053062 45.0662035467 44.9693864378 44.9000798413 44.5643246232 44.5171866802 44.9403029894 45.0253239615 45.0023244909
44.7165118071 45.1149473561 44.6576703995 45.1404064345 66.9330664251 61.755959154 45.0128113783 44.7259461424 44.816186791 56.4561765409 67.5765612736 67.5765612736 72.4160633757 63.9001721643 63.9001721643 44.6312632935 45.1910244301 45.140188889 44.9852660425 45.1573475683 44.9815629502 45.2018324752 45.2015178557 44.6867718144 44.5924493244 44.7900865535 44.5002894992 44.8071476349 44.7449172902 44.6893436362 44.9860893451 44.8662343295 45.1211816047 44.7464850294 45.0320289163 44.8102339028 44.9842593359 44.7395849275 44.6520909268 44.8748830659 44.7154387054 44.6758769475 45.1298211774 45.0277756723 44.8636793583 44.9095717312 45.2029588676 45.0408368113 44.867999541 44.9090221902 44.9602561397 45.0779745359 44.9971032048
45.0539534401 44.5987706256 45.1017652153 45.0650270642 61.755959154 61.755959154 61.755959154 44.5185642188 44.5414748783 67.5765612736 67.5765612736 72.4160633757 63.6826943041 72.4160633757 45.1355142291 44.901037068 45.1901693657 45.1530464634 44.8831663896 45.0754505254 44.6632461263 45.0802018805 44.5912100188 44.5775823658 44.8260296415 44.7425286924 44.8634655507 44.7943737341 45.0511870769 44.7180216629 44.7989880174 44.6836554882 44.9333763249 44.9990700608 44.7926105655 45.060192744 44.7542002041 45.0757942642 45.0609208974 45.1486957833 44.6899921824 44.9220926863 44.9654312886 45.0372641093 44.9990620289 44.8627848713 44.5342734249 44.7131539711 44.6318674809 45.1350345211 45.0343894109 44.5148108313 44.7472032244
44.6975277376 44.5255204205 45.0262300918 44.9155915668 44.6742953304 61.755959154 61.755959154 64.7287184875 44.950335788 45.0538517292 65.2295034706 63.6826943041 63.6826943041 63.6826943041 44.6542323792 44.9266259553 44.6381872716 45.0209629394 44.5697377203 45.1144009898 45.1109661932 44.5958203397 45.1099642846 44.6698723926 44.9440345701 44.9523588312 45.0926991678 44.7842245396 44.8372161797 44.576018241 45.1748861443 44.8265002065 44.6325390881 45.1257017404 45.1428669658 44.5566603379 44.6653197527 44.9634049471 44.918533893 44.7894307254 44.5997698074 44.5431246418 45.0194830652 44.6270330678 45.1889320458 44.8769187279 44.7128899915 44.8058413939 44.9919241019 45.0140597299 45.1252489494 45.1684676035 45.1688933853
44.5477377518 44.9256429339 44.8272061974 44.8957174397 44.7055129842 64.7287184875 64.7287184875 64.7287184875 45.0856685859 45.1192831873 45.0804115473 65.2295034706 44.960439506 44.5706856581 44.640360095 45.0431439151 45.0343318533 44.6054764652 45.079717923 44.9901944186 44.7830293117 44.9283473214 45.0452926367 44.9182656561 44.9791764869 45.1684798845 45.0823793762 45.125596418 45.1462376679 44.7850473865 44.8432515399 44.8943053179 44.7207816355 44.6410366257 44.7773701469 44.8783326896 44.5104731926 44.7754396966 44.7669671979 44.5665401239 45.2016613057 44.8041031394 44.6516211402 45.2039423398 44.9172454505 45.1897803202 44.6454436365 44.7325851476 44.5297125083 44.6943517615 44.8849634639 44.8155681195 44.7698385083
45.1618865923 45.0426327275 44.9709490528 44.6264649202 44.7034203027 44.6306489444 44.5065077829 68.7404503938 45.1027557826 44.6930346264 45.1735753734 45.0824337902 44.8721701229 44.9503377522 44.7084875969 44.941163393 45.1850286995 44.5409613763 44.690830171 44.6002329252 45.0971950155 44.9827504004 44.7099590734 45.0865936799 44.5535279776 44.8301594226 44.5247617368 44.9340581541 44.6205618067 44.8115931894 45.1969325882 44.8242209096 44.7178176491 44.6420339392 44.9181682064 44.7494951233 44.962149651 44.715603396 45.1104783571 44.7385039638 44.6448518315 44.7932983963 44.7993419038 44.5402417898 44.6050516961 45.0123651836 44.8184457135 44.9030979264 44.9326121294 44.8192086327 44.6752010513 45.0140900081 44.7680770638
44.8396267242 44.8034173123 45.0633591142 44.8511241809 45.05464162 44.6981803829 44.6325257948 62.3059971896 62.3059971896 62.3059971896 45.1946507855 44.8471597769 45.0456677461 44.7737466025 45.2052884779 44.6424459367 44.708284689 44.8346281813 44.7695613567 44.9436259413 44.9011665053 45.1871274726 44.5785264776 44.7972073304 45.1544880078 44.6153667011 44.6783792129 45.0005165558 44.745427788 44.5136650045 44.5729870131 45.0997254208 45.0158983187 45.0580540113 44.6384298419 44.9969465662 45.1207542782 45.0155903099 44.9419784348 45.1634841949 44.5429615129 44.516032218 45.0961925003 45.1937794833 44.67174845 45.0117843133 44.6495099104 44.7074855692 45.1170268506 44.6958886399 45.0405360689 44.6867485144 44.8871034358
44.9967183438 45.0719428198 44.9379791 44.9227466127 44.6622834711 44.6738043424 44.7370550314 62.3059971896 62.3059971896 82.3863706403 44.726325838 45.1129640196 44.5009991258 44.5510877561 45.0436022003 44.8708773004 44.7798186473 44.7706535221 44.9898235994 44.8460463918 44.7614572436 44.9457475388 44.8494981838 45.1302909763 45.0388205831 44.7842468712 44.9667417226 45.0366723247 44.9356173006 44.579828756 44.9833742934 44.9021274074 44.737793912 44.8146197303 44.9780850205 44.7057821162 44.8636992267 44.590567992 44.8630195892 45.0883977514 44.9749437276 45.1477166961 45.1775382009 44.6856766736 45.0874816236 44.9934715626 44.6350164313 44.7188779132 44.6417107996 44.7316365853 45.0790076876 44.984203792 44.5350651314
45.1479539185 45.1496391456 45.1818111325 45.1301499035 44.6082982247 45.2020642316 45.1232455227 62.4833483252 76.893452595 44.9650277341 44.6032771845 44.7564453559 44.7488688846 45.2056390141 44.6078635594 45.0880577195 44.597786358 44.958090045 44.9429563074 44.607009095 44.7014401136 44.8910472528 45.1985387531 44.6740113498 44.9499778269 44.5713669275 44.8077919823 45.0098012078 45.0358101435 45.0404583791 44.8944886952 44.5406320993 44.6011995402 45.1673907703 45.1713664285 45.031084898 44.6434664636 44.8300881349 44.7339986072 44.7033190813 45.2055951809 45.0878130097 45.1325749573 45.0187805041 44.6656979617 44.6726359357 45.1729774655 44.9306686289 44.9648910448 44.7061929852 44.5343787963 44.768913294 44.6301280892
