Spatial_Output/BAU/BAU_0129.asc
NCOLS 155
NROWS 192
XLLCORNER 196769.923733
YLLCORNER 449719.875193
CELLSIZE 27.603701
NODATA_VALUE NaN
[rows 46 to 68 of 192, columns 0 to 52 of 155]
44.9530776569 44.6784458876 44.502770778 45.0440941065 44.639970436 45.0640256021 45.1937483137 44.574923757 45.1237301965 44.7401812314 44.6312306244 65.4474357547 65.4474357547 65.4474357547 44.9622454572 44.5467242641 44.8401800306 45.0576688946 44.5166537387 45.1190847603 45.176543259 59.9935118551 59.9935118551 59.9935118551 44.8593734395 44.9021470368 44.8186657582 44.5394134483 44.5490824972 44.6204280957 44.9510641275 45.058028342 44.5742774924 44.6446745357 44.9256385377 44.9720001116 44.6177003109 44.9490852347 45.1849723188 45.0496449208 44.6986495383 45.2043007772 44.8601817694 44.9928476144 44.8651185277 44.6326731276 44.9244216037 44.6526098045 44.8556307436 44.9119005365 44.7777257809 44.7795087939 45.1376354844
44.9312343699 44.5160198633 44.8430327779 44.6726507935 44.7308646088 44.768749711 45.0880161543 44.7524003915 44.6264554819 45.1630981423 45.0547181727 45.072358195 45.1354277552 44.834746924 44.8341874618 45.1176579649 45.1168090248 44.8593446561 44.5794077335 45.1340477848 44.6905614116 59.9935118551 59.9935118551 45.0794348409 44.8314176582 44.6002576896 45.0180701553 45.166389856 44.8860561567 44.9988796319 44.5450064725 44.6109428491 44.5778343444 44.5876793004 44.6135112405 45.1509587606 44.6489245204 44.6042012301 44.5817933248 44.9740832239 44.9164097961 44.9313596501 45.036398057 44.8320914577 44.5236494555 45.019011996 44.6513202063 44.5294894983 45.041141922 44.8597437118 45.0648790037 44.5854698863 45.1651349821
44.8604959524 45.0999557969 45.1247508397 44.5089949389 44.8458603042 44.8877107456 44.8464200554 45.136751237 44.5165538957 44.8644912092 45.0997711824 44.8038761881 44.6705382556 45.096979178 45.021249218 44.5229548899 44.9210808854 45.1011277524 44.7665715719 44.9038897626 44.6181338746 44.5989752616 44.7043704472 74.0510210803 44.7227743845 45.1401151813 44.9856482373 45.0887700656 44.897237764 44.6019544319 44.5909829201 44.5246437798 44.5899170089 44.9069485873 44.8509831613 44.9343868921 45.1011370002 44.7913685333 45.1351199706 45.0055512032 45.1010456579 44.8513425517 44.6668186093 44.8670681354 44.6071546857 44.8593329524 44.980852673 44.7541241225 44.924758119 44.52819171 44.5046305038 44.8223014436 45.1140902685
44.5027462327 44.723599475 44.8703329478 44.7811836582 44.7859259857 44.6922095211 44.9841745563 45.1503624495 44.9949452805 45.0632903051 45.2060272858 44.7069787325 44.8866516981 44.597621522 44.5744815057 44.8924527328 44.6170504171 45.1902129538 45.0784121705 44.8430606529 44.9035822681 44.8471737065 59.474482229 58.4706595914 45.1726497567 45.162705025 45.0018967086 44.5656708408 44.7164590345 44.5671181373 44.5787422818 44.7717182717 44.8989982864 44.5543900792 44.9098073102 44.7788265003 44.6600562644 44.7646548867 44.6473560904 45.1049233683 45.0751091674 44.5990158567 45.0074353481 44.7563667086 44.7643379529 45.2015595743 44.6416269108 44.5692776738 45.0642481959 45.2039092202 44.873087428 44.6993576772 45.035048875
44.5279795496 44.7819661978 44.6956928292 44.5299134776 45.1897179059 44.9731243059 45.1852496101 45.0970295226 44.5378499987 45.1002722116 44.9494040957 44.6612951798 44.505067771 44.85131478 73.3269737087 73.3269737087 45.1392781379 45.1446959189 44.8401103753 44.820236516 44.5340212417 45.0526310343 58.4706595914 58.4706595914 58.4706595914 44.5474148954 44.9960463626 44.9211511247 44.5909879054 44.5972682776 45.0117285454 57.0322046265 55.6708538942 44.7249839214 45.1787783026 44.680167293 44.839713744 44.8516542681 44.6816691381 45.126217468 45.0978202675 44.6811760944 45.0622571381 44.858415042 45.169718654 44.9754645069 44.6126643453 44.9367638681 44.8397527049 44.6683613674 44.772609035 45.0553034493 44.6528423464
44.6580517135 44.9627499084 44.97075175 44.8858673542 44.6771682185 45.024908961 44.6927575665 44.7552797588 44.6468100887 44.6751083949 44.7086358102 45.1219387243 44.6530272503 44.6561718613 73.3269737087 73.3269737087 45.1887731464 44.7345972936 44.6734133702 44.9286099803 44.8155675899 44.5623941787 59.3548219653 45.169188572 60.427241807 44.5853935496 45.17761189 44.6262236326 58.1954664324 45.2011111209 44.7683844774 44.6281795151 44.6797775942 44.9704870677 44.7190779866 44.7622866944 44.9531078579 44.923806959 45.1039524559 44.7008828588 44.7881684174 45.1235716573 44.8658394672 45.1325328557 45.2045033435 45.0330717592 44.940328188 45.1034549487 44.7677029488 44.72033999 44.6293927021 45.1160549704 44.8234387357
45.0356611054 45.1842791953 44.7673543223 44.665279933 44.9450918169 44.8167069056 44.6307364742 45.1453544444 45.0403262306 44.6554092643 45.1140906065 44.9109464821 44.7709025261 44.6651567399 73.3269737087 44.5966249413 44.6123554284 44.9223369782 45.1400349192 45.1109793243 44.9627174379 44.7804528421 44.9581976859 44.9060417453 60.427241807 60.427241807 67.5722373627 67.5722373627 44.8510152886 56.1383313928 45.0463053517 44.7478832059 55.6708538942 44.5239471744 45.1159858547 44.626379466 44.776743179 44.8834688838 44.9621145622 44.8839106274 45.0931191186 44.996519816 45.1349847276 44.7995824625 44.8281856763 44.8859579152 44.9020781319 44.9086818418 45.1659898595 44.9591575642 44.5611016607 44.909426085 44.722022173
44.5042747133 44.7321727854 44.6160803214 44.5364645535 44.752414663 44.6667077911 44.5034250897 44.6786784887 44.9078278977 44.6042192402 44.8195337191 44.8789996917 44.5996782855 44.67174133 44.8386137976 59.9230864846 61.7417613332 45.1411004468 44.5928258826 44.6385571274 44.9858200625 45.1178700339 44.6824050562 44.8914349546 60.427241807 60.427241807 67.5722373627 44.8530957643 44.8960096713 44.9831751617 44.8100291516 44.6870874575 44.725759066 45.0040697475 44.8761905534 44.5643274286 44.5680848816 45.0685144397 44.6313730536 44.6905164806 45.1488646184 45.0816513307 45.0369015975 44.9589332222 44.8047354612 44.7421172056 44.6030209499 44.6542548876 44.9242762131 44.654233507 44.5390674571 44.6639015152 44.5558594977
44.5168437165 44.573181376 44.7811306643 44.769339724 45.0554566565 44.5766219644 44.7017028518 45.0255492978 45.1435278282 44.9304754438 44.6402798671 44.7544924907 45.1892396944 44.6935654255 45.0563478588 88.7867895627 88.7867895627 88.7867895627 44.6544533877 45.1032963081 44.7390843162 44.6868628002 44.9363404757 45.1743922293 60.427241807 70.9078750687 44.558405215 44.6541373253 45.0319065828 45.1688299477 44.5757631574 45.1787180499 45.1678130561 45.0688800606 44.8621023606 45.0576699763 44.734730312 44.99744006 44.6785382215 44.78958242 44.9608667116 44.7581938946 44.5851435018 44.7675951892 44.6109199848 44.6557075232 44.5764558678 45.1568010971 44.8838833319 44.8525039172 44.694185732 44.6256311835 44.7752340506
45.0307568186 44.8624335559 44.5451722828 44.9235654893 44.8817776935 44.7988436552 45.1382121351 44.6200984082 44.5181541355 44.8310179556 44.615130467 45.1235307995 44.9242099548 44.5568292876 44.7582980618 88.9304310912 88.7867895627 45.1004222892 44.9478375256 44.5243815157 44.8212579624 44.7691661331 45.1419544054 45.0934370153 44.9608750308 45.0666668839 44.5247368275 44.8212741875 45.1452341349 44.6706023385 45.0584398865 44.513789202 44.8708397062 44.8331797532 45.1148123589 44.9430691783 44.5632720748 45.0343483215 44.6192993912 44.7642875019 44.5226929756 45.1588503903 45.0716033939 44.7405096103 44.9745626823 44.6976463348 44.7733062868 44.9001335934 44.5068493565 44.5197815991 44.596890071 44.6992218132 44.6223011351
44.6286318577 44.6406339022 44.7037081217 45.1577792858 44.9136930243 44.6737958789 44.7867929441 44.5553410592 44.92006275 44.9934316062 44.8694349551 44.6844143744 45.1483937906 44.6955749649 44.945402526 44.9435911285 88.9304310912 44.9347215006 44.6424836596 44.8006595158 44.5305956086 44.647619936 44.8372604977 44.7133786022 44.8315347659 44.8996716806 45.2021391647 44.8473807246 44.7274164633 44.6220500287 44.5345536413 44.715188255 44.5278186381 44.9033399945 44.7574816532 44.6268732168 45.1755638759 44.6642077031 44.8235823449 44.6571103254 44.7008322464 45.0647779378 44.9086957673 44.5446734527 45.052119683 44.5408156874 45.1954101037 45.1631897547 45.1285036092 45.0409724319 45.0255444617 44.7898406896 44.8416119586
44.6476085969 44.6988383147 44.8373877203 45.0188380991 44.7692649608 44.9577002013 45.0130175464 44.6809825518 44.86337888 44.9961484919 44.6006554875 44.8168109304 44.8452751451 44.5158310868 44.7738321304 45.1973147029 44.8236453691 45.0475053328 44.8747368333 44.7684557056 44.7626477188 44.5060059794 45.103816671 44.7333406667 45.0071547968 45.0552403242 45.0421115818 45.0054561098 44.8960717249 45.1763108144 44.6724759026 44.820350716 44.7567899141 44.847557006 44.7643127668 44.6885294199 45.0837638117 44.5848847963 44.8053865466 44.5484220661 45.1940901015 44.8320498586 44.5586302817 44.9914133514 45.059185739 44.6433753795 44.5253866241 44.8477549225 45.1262652907 44.9186375667 44.7441959811 45.0717141304 44.6674576633
44.5165854324 44.8178926986 44.5020699672 44.5421050082 45.2046732073 44.6863616637 44.8455719388 44.9444397122 44.9550440049 44.5159682162 45.1515457948 44.932158668 44.7190266018 44.8477243278 44.8309836468 59.3246221483 59.3246221483 44.8714484534 44.5021331232 45.2015843166 44.7331155259 44.7763965643 44.6618927928 44.5100822649 44.6832599187 44.9043931553 45.0873157845 44.9922465749 44.7767435628 45.0429296202 44.5199704738 45.1587927692 64.9268983062 44.66539277 44.7883989759 44.7427439665 44.7415533989 44.5694270073 44.7873075016 44.7794898157 44.8351688182 44.9300372383 45.0865016217 45.1091784852 44.6196313332 44.8393470083 44.9823547302 44.7751229739 44.6723721123 45.1215586242 44.9784860345 44.9341040003 44.8734360615
44.7138639432 45.0081786334 44.773467277 44.7215378398 44.5537985883 44.7172818582 44.9107954077 44.6391746161 44.6913155045 44.9893664051 44.9188897658 44.7011106129 44.6115542125 45.0750224265 44.9277292795 44.6652310621 45.1343619393 45.1565275403 44.991124469 45.0527539243 44.9770782619 44.6031523056 44.6625537733 45.0003520954 44.8958967279 45.2020140658 44.6943227925 45.0393691343 44.7192595692 44.7883664387 44.799455479 44.8474857691 44.8605939576 44.7501048651 45.0786133136 44.9070642251 44.6533141157 44.7678064444 45.1509561401 45.0282634807 45.0951099808 45.108145993 44.80432264 44.6634949397 45.0961135122 44.8447644626 44.7203820248 44.5418587862 44.9196701796 44.5309210587 45.072500021 44.5563818507 44.9326040782
45.1826296101 44.5765943018 44.7578991145 44.5044312849 44.5629790479 45.1451501229 44.8930658056 45.0172982148 45.0293670855 44.6988772375 45.1019008672 44.5691979464 44.8217099919 44.9113278363 44.7370294055 78.0629508637 78.0629508637 45.0327237592 44.5977530466 44.7719178903 44.6954199553 45.1075301832 68.7185514196 45.0972267322 68.4757757294 44.9248732153 44.9111494688 53.0566643913 45.1544572035 81.9794624847 45.0321353158 45.0959460753 82.0600311382 64.6003923851 64.6003923851 45.0949980394 45.0926872969 44.7329570017 44.5849986014 44.8178617179 45.114042979 44.7484573393 44.7529408895 45.1911937121 44.5193318564 44.6255276459 44.9371098176 44.5515199059 44.7480095128 45.1725014152 44.5836755949 44.8008609824 44.9095336528
44.9685965465 44.8337372748 45.071630005 45.0349097895 45.2044597584 44.5112816992 45.1934355441 44.8951042852 45.2018941206 44.8294767751 44.7441107166 44.9468079673 44.6396655692 45.2010566509 45.014771285 44.5875973164 45.1678063511 45.2043801692 45.1726578457 44.7175500778 68.7185514196 45.035591233 45.0408604731 44.5898513452 44.7876692463 45.0635822748 45.0645145702 45.1434025496 81.9794624847 44.7906418163 44.7891304428 82.0600311382 82.0600311382 82.0600311382 44.7450229446 44.9366251943 44.7164708205 45.0169850125 45.0412172577 45.1101311711 44.7730239182 44.581299361 44.5584973995 45.0275141437 44.9029926972 44.8234574615 45.1166022574 44.5391502006 44.9323553817 45.0519777867 44.6540076116 44.7868756579 44.708583801
44.7028272827 44.6786378747 44.5413321488 44.7253104872 44.5766385451 45.1612794655 45.1143668389 44.9537750303 44.7548151615 45.0941890523 44.8444670613 44.8210333904 44.8781687362 44.670311704 44.7217644529 44.8436048338 44.5294461319 72.519289251 45.1767926183 44.7624064975 45.0999617843 68.7185514196 44.8431930323 44.5989200214 68.4757757294 44.8688962293 44.7547186688 53.0566643913 45.0895375439 45.108915109 44.5322502993 44.5558699783 82.0600311382 94.7911335001 44.7974716034 45.1465755201 44.5383769636 44.7458081371 45.1478411674 44.8781359926 44.7496288752 45.1621052412 44.9922118884 44.5506168828 44.8675991483 45.0529622814 44.6199179031 44.5114587649 44.964963491 44.936498522 44.8365285626 44.6771801677 44.5211435073
44.9468457231 44.8403887817 44.9905784522 44.6010144125 44.8350423331 45.1893681899 44.5606690897 44.6505106108 44.6359277863 44.9486897787 44.5645776157 44.7304944719 44.7988692826 45.1984415646 44.9136643514 44.6803592214 44.6104109558 57.3662475671 57.3662475671 44.6107028769 45.0553073476 44.9694046833 45.1578921873 44.5117052435 44.630453106 44.7806669534 44.9993993246 44.7644171834 45.0474005816 44.6919293927 44.5728158116 44.7446753951 94.7911335001 94.7911335001 94.7911335001 44.5150007564 45.1222736626 44.7633760505 45.1418090934 45.1876578964 44.85054212 44.9769986793 44.5337859102 44.8967361351 44.5020486304 45.1596612808 44.7421383659 44.7219615984 45.0003308947 44.7023727794 44.6446311668 44.7618251219 44.8875290237
44.5312985453 44.665441854 44.9922437149 44.8652359696 44.5000953624 44.6714366227 44.6478756543 44.6368633758 44.8460872741 44.6077234839 44.6123287615 44.5952595124 44.6012588535 44.9718819148 45.0657226551 45.1604973637 57.3662475671 57.3662475671 57.3662475671 68.3420858575 45.1519179484 45.1726044595 44.9811175751 44.502328531 44.600861325 44.8887324281 45.0981378829 44.9680156436 45.2059535118 44.8770435972 44.7023712736 44.6346304405 44.9630783594 94.7911335001 44.8493554475 44.733116269 44.9945596917 44.7909211345 44.594824465 45.1702254545 45.0701271221 44.670355395 45.115022842 44.8661888601 45.0790739745 45.1902838105 45.1769390155 44.9302496274 45.1785301559 44.6527542549 44.7202251381 44.9964887672 44.7519961283
44.6087448844 45.1527234434 44.7488772737 44.6904233526 44.8025852746 44.8448942887 44.5100486951 44.8935314507 44.8085127556 44.9955490819 44.9732119991 44.9204713175 44.5555420695 44.5184701927 44.5410511527 44.5138555716 45.1406953843 44.8837045968 45.1448391711 65.4096941477 45.1692740172 45.0905961721 44.7100918821 45.0976847515 44.7132396974 44.543624344 45.1249458227 45.0798121814 45.0429935501 45.0873070864 45.1298303722 44.6673396542 44.8793111731 69.7563590938 69.7563590938 44.9408076138 45.055369306 45.1034976345 44.9559233135 44.5096937818 44.500108359 45.0295267716 45.1790684514 45.2054823642 44.8803816983 44.9923046572 45.0410802195 45.1184150966 44.8564922359 45.08369053 75.2679135648 44.784105522 45.0248599435
44.5095315585 45.0902399395 44.7620938556 44.9107619485 44.9185175252 44.9530440153 45.0109301798 44.5945063535 44.7291697427 44.8090400038 45.0231900036 44.6078274017 44.6437423304 45.204285997 44.9877751574 44.7636323586 44.6898090834 45.0670595481 44.7089729027 65.4096941477 70.6035361002 45.0143496148 44.8212939391 44.8040157733 45.1370743338 45.0020219549 45.0477534786 45.0461292373 44.7331885318 44.6383161793 44.7598534916 45.1282380919 45.2060442039 45.0425174309 69.7563590938 44.9508547011 44.8471440822 45.0472115571 45.0670880181 44.6081054853 45.0725845032 44.8520653829 44.5647743222 44.7681575899 44.8239601709 44.5712075804 44.960988199 44.7955212499 44.7868549681 44.610771519 45.0153841845 44.6759115592 45.1933771439
44.5607401903 44.900574227 44.5539187049 44.9780332782 44.8682699354 45.0084813179 45.1719162669 45.1562713542 44.6988159291 44.90658823 44.6112396952 45.0583278666 44.8392133069 44.9360801167 44.875468047 44.9961757416 44.9752819873 44.5121505576 44.6075398322 93.5566748517 93.5566748517 44.6814174653 44.5145652327 45.1542001836 45.0223969538 45.0682183738 44.5702362194 65.8782606666 44.573284132 44.9973530131 44.7618720958 45.0821483868 44.5184033824 69.4394017287 44.8853728569 44.700935361 44.9683996987 45.1482088175 44.5562077353 44.5665417893 44.7306198714 44.6939907936 44.9728567109 44.9928461652 45.1970928226 44.7314640276 44.6680762757 44.8899953502 45.0044438529 44.6227292024 45.0274020759 45.0515029276 44.5375026864
44.8142643277 45.1419084284 44.5051427543 45.1731366138 44.7299447382 44.5086446579 44.5430347274 44.5463887307 45.0860978289 44.6908396765 45.1716883809 44.5893427308 44.6067972116 45.0518414453 45.0229908634 44.7436690082 44.8685725181 44.6102067273 93.5566748517 59.64647284 76.6708630177 44.9273122817 44.7163661205 45.1014060809 45.0186023514 44.8147284414 44.6912031947 58.8719798504 58.8719798504 82.5028132162 44.7752420772 44.6739168385 45.1013647395 44.9019792693 45.1700500817 44.8072184476 44.9482021692 44.811718391 45.1827853738 44.6130095916 44.5099599999 44.5093959356 44.5717905225 44.5693553959 45.1613477279 44.5678122604 44.9754709031 45.1934532092 44.891951538 44.8194980549 71.0848311568 71.0848311568 71.0848311568
