Spatial_Output/BAU/BAU_1022.asc
NCOLS 155
NROWS 192
XLLCORNER 196769.923733
YLLCORNER 449719.875193
CELLSIZE 27.603701
NODATA_VALUE NaN
[rows 92 to 114 of 192, columns 53 to 105 of 155]
22.5937227753 22.8634358174 22.8207333419 23.1971333387 22.6752994874 22.5204479446 23.1734676439 22.8410123465 22.8827821536 66.8867966894 23.0413131159 22.90822743 22.7437353076 23.1969213657 23.1725665716 22.85197004 22.6853439863 22.7992337066 23.1417843511 22.5906968637 22.5695324179 22.7889541923 22.9512117313 22.7747031143 23.1211458519 23.0037374163 22.8575535876 22.7471297567 23.0472431466 22.9199450929 23.0642143292 22.5722318853 22.6764176758 22.895558433 22.8600849117 22.7895833031 59.3822073532 32.9898680129 22.6909787115 22.6572684191 22.6296125457 22.8205891868 23.1659074677 22.7987645284 22.5473834538 22.8213699136 22.6107873065 22.5446685703 22.5545655761 22.7341824459 22.512997839 23.0233571696 23.1683015512
23.0041468024 22.6917225039 22.7801689471 22.531915776 23.0330120954 22.936707856 22.9929095548 22.5963394147 23.136164286 22.5833988615 22.5308583033 22.5130469809 22.5792568554 22.6001850692 22.699441444 23.1097873046 23.1281737288 22.8329578095 22.7172146047 22.9321373788 22.9222626505 22.9070389881 22.8116963679 22.7115543628 22.8694133587 22.6359442706 22.692120043 22.9293051942 22.5622475002 22.7635548314 22.7710843171 23.0835527308 23.1325840272 23.1129181691 23.0778887325 22.532568296 22.8073662834 32.9898680129 32.9898680129 32.9898680129 22.8411622818 23.112090633 22.9345568771 22.8282603642 23.0870603331 23.1805516833 23.0467763621 22.849718918 22.6691059007 22.7240519756 22.5909177937 22.8535588937 22.6730862568
23.0548746581 22.683352623 22.8963412069 22.5829429158 23.1239937235 22.6590510095 22.8737945091 22.6454110334 57.6482481667 22.7884497894 57.6482481667 22.7480592022 23.0792076765 22.9024598394 23.0689654109 22.6638284326 22.8059538622 22.5296686484 22.6498294324 23.0555824461 22.7130535402 22.8820348172 22.8586931365 22.656857314 22.7810636354 22.6018838879 22.5805005987 23.1944224785 22.9258287455 22.5871428447 23.0996409753 22.6057566749 23.1922571356 22.9337325839 22.6530878721 22.5366913682 23.1507039717 32.9898680129 32.9898680129 23.0245830553 23.1165150152 22.9978156022 22.9357159002 23.180916152 22.8861977657 22.6341396318 22.9574717022 22.6007836224 22.8912254762 22.7176191509 23.1376796882 22.8536450124 22.723093358
22.6328350585 22.5559022089 22.9285332626 22.7524771527 22.787625752 22.9410122061 22.5987553116 23.1004074249 22.9863637589 23.1391924799 22.5955338245 22.6671500949 22.6053346851 22.9504757503 22.9820363318 22.8605379006 22.8073634217 23.0470965819 22.9157379827 22.7649379405 23.0595908211 22.6979071513 23.0061420855 22.6096732513 37.3009344949 23.198772569 22.5085155624 22.6442558466 22.7789886297 22.8572815055 22.8401223359 23.0366977681 22.7823402334 22.7045679641 22.8110413906 23.1426876595 22.631933815 22.9074952846 22.9972299604 22.9606451886 22.7038591978 22.705690422 23.1818612405 22.5792680738 22.633376336 22.5193603334 22.8868851886 22.6564662734 22.7390398882 23.0815508987 22.6429665489 52.0442197042 22.942821388
22.662039315 23.1092312973 23.201566934 22.9844582658 22.5584245124 23.0638347149 22.9686129981 23.0326810764 22.8341767426 42.8817909764 23.1941021682 22.6102274252 22.857596383 22.5977036862 22.6528807278 23.2026079406 23.1705728632 22.7734408447 23.0378051714 23.2029928925 23.0151001551 22.7333370772 22.8656667921 37.3009344949 37.7819725143 37.7819725143 23.204122925 22.616641356 22.9766356888 23.0352654765 22.6430252066 22.853760446 22.5898123123 22.7355708221 22.5542032263 22.5171900841 22.5913633676 22.8117881976 22.9415981779 23.0894364745 54.3818325435 54.3818325435 23.0050516673 53.164177558 22.7116491257 54.3336439086 54.3336439086 23.1328616471 23.065348859 51.7997941839 23.1076883447 52.0442197042 52.3715422844
22.6140338668 22.9930665101 23.1124175202 22.9221037487 22.7555726716 22.7714978891 22.5740734312 22.9261264297 42.8817909764 42.8817909764 42.8817909764 22.9740562646 22.6709502409 22.8307103599 22.7721301912 22.625821595 22.5194247659 22.501188332 23.0338697453 22.560733666 22.8592605801 22.5146315388 23.0110011633 37.7819725143 37.7819725143 63.5947408624 63.5947408624 48.0118278652 48.0118278652 35.0604973088 59.5815885802 22.6532704558 22.7890692031 22.6164822077 22.663128935 22.5380365854 22.5794547279 22.7688317734 23.190922781 22.6200530519 54.3818325435 54.3818325435 54.3818325435 23.1791240221 53.164177558 54.3336439086 54.3336439086 40.0622904241 23.1273493893 23.088121276 52.0442197042 52.0442197042 52.3715422844
23.122474077 22.8040384185 23.0861949914 22.6358254784 22.9178964466 22.9369313637 22.7486219278 23.2019402905 22.6239846313 22.5399698065 22.8938190649 22.9370617003 22.9115847699 23.1271647141 22.5365492311 22.8263593223 23.1132232822 22.6866021006 22.616799411 23.184447884 23.0867169434 22.7988038688 22.8996492299 23.2065397703 22.5799911456 63.5947408624 63.5947408624 48.0118278652 48.0118278652 23.046841479 59.5815885802 23.1833787445 22.9317686815 22.8783610098 22.5359685806 22.8987332726 23.0422431088 23.0454315458 82.0770179054 22.5884973304 54.3818325435 54.3818325435 22.756354648 53.164177558 22.6476352571 54.3336439086 40.0622904241 22.6241362061 22.6470014157 23.0929494991 22.7183727303 52.0442197042 23.1751022698
22.7470882961 22.8450345243 22.7372402784 22.6817434686 22.7560271494 22.7395973998 23.1170009141 22.8658329929 22.7126615357 22.5232427178 23.0528453229 22.5151852731 23.1216234885 22.7440417887 22.7204483087 22.6012255314 22.8540782436 22.967632499 22.5615401952 23.1270015901 23.0896065278 22.9157529723 23.0170119239 22.8157355783 22.7446613741 63.5947408624 22.9663297417 48.0118278652 47.8817326506 22.8668665717 22.9442962192 22.6882317421 23.0890582444 22.9536091238 22.8929087038 23.0775228657 22.8528302273 23.0660009421 22.7034554617 82.0770179054 22.8409171322 23.0573676552 22.930714461 22.6122969937 22.8972835738 22.9457293633 22.6436740227 23.1813161798 22.9944516523 22.6300528499 22.9743536618 22.6161575035 22.9442125022
22.9547990397 22.710551513 22.8423750592 22.6972024197 23.1116847149 22.6063070391 22.6077998703 23.0967598593 22.8211056526 22.6673436062 22.8453705106 22.7010612004 22.8700638853 22.9177834783 22.7272705319 22.6689868822 22.7892352296 22.7172071289 22.7395421188 23.030235889 23.0530908401 22.8924535293 23.0409174241 22.8428044087 22.873033374 22.9248354931 22.9792166336 23.0774043977 23.144426572 22.733859451 23.1644342799 23.0508848939 22.8498810479 22.7050618027 22.6995335088 22.5428129311 22.6542400746 22.6412436865 23.0227603452 23.2000557712 22.5347140111 22.9591748998 22.8448472901 22.9327830032 22.6517505674 22.7413074718 22.9517299369 22.5361977685 22.910541405 22.9148295935 22.8868078239 22.9366497768 22.613193805
22.9013070187 22.5031386488 22.8609629334 23.0115961973 22.6283709585 23.0067390752 23.000694009 22.6379904246 23.0043662448 22.8219738363 22.6853656066 22.6850632807 22.9675437978 23.1658853509 23.0023012738 22.7782119972 22.8900196144 22.8891042203 22.7984229408 22.5168858961 23.0970130705 22.7269645763 22.8091367807 22.6530427989 22.8001083104 22.5023176798 22.8998407542 22.9797918681 23.1832070608 23.0454771652 22.8946344974 23.1037329019 23.0316153142 22.7572526556 22.6211603617 22.8177804538 22.7993945734 23.1748981863 22.7839577284 23.0887162072 22.5440530923 22.5300203358 22.7346257524 22.6035269849 22.8019992247 23.0626915052 23.0879359206 22.6162205012 22.94200988 22.5091045319 23.1769694287 22.9100336643 23.0566532389
22.9251439644 22.5622695008 22.5900039533 22.9333120684 23.0876518935 22.786137299 23.018979185 22.5866467532 22.6358734518 22.533067387 22.9954511217 22.6350157848 23.054684082 23.2069095393 22.7648519247 23.1520103925 22.5548753275 23.1718645084 22.5980945988 22.9566036954 22.7876635184 23.1946483624 22.5951826816 22.9423623705 22.5707395721 22.5849942884 22.7999863931 22.6285640586 22.8034542583 22.7347742719 22.7395485184 23.1867565909 23.0832553921 22.95487838 22.7947533683 23.0599983624 23.1067338202 22.6082807966 22.7938911124 22.5842874192 22.9456145278 22.5011813295 22.651043789 22.9338667734 23.0401346064 22.6922145525 22.9550523701 22.6973853192 22.9097546529 22.7251776764 22.9396048239 22.9966330701 22.6850385973
23.0343506766 22.7028315457 22.7141011867 22.7189905741 22.6392807978 23.0487053245 22.5936447076 22.8203906681 23.0907039068 22.9782011951 23.0018631309 22.8764323364 23.0223284847 22.7565776588 22.7081703445 22.7681922112 22.5362535981 22.5405080291 22.6384930323 22.9105795669 22.9012630226 22.8933329749 22.8049328532 23.0572065317 22.9236021332 22.9358580002 22.658687333 22.8265060301 22.8855972441 22.7316618141 23.0414462264 22.6823565442 22.6771924709 22.8685206442 22.5803053316 22.853808886 22.9245888512 22.6234010642 22.6717212579 22.5812294705 22.9395531648 22.7044676049 22.8191513217 22.6302455977 22.7702754436 23.1944826528 22.7033403923 23.147161906 23.0763219325 23.0176917021 22.9532411632 22.590795279 22.9100838184
22.66509317 22.7327365224 22.7134862127 22.8792501961 22.84512256 23.1352817562 22.5780389643 23.1556629198 23.1322893728 22.7672602567 22.7808818049 23.1976738447 23.1291426079 22.7193789635 23.0912734686 22.9464518645 22.9034848355 22.5498418412 22.719891688 22.6362796237 22.6809458666 22.5274270886 23.0401635815 22.8080446188 47.0319054017 22.8337192011 22.7758065447 22.7588295071 23.0701493348 22.7007833121 22.7908087245 23.1182997749 22.9396318432 22.5558805743 23.2009078325 22.7118024046 23.0220403046 22.8725927343 22.503983258 22.5427853143 22.5004186345 22.5960728004 23.0777334572 22.5771989952 22.5834821003 23.1143362195 22.9029641355 22.7561910003 69.8838025297 52.0729777723 22.544625923 69.3115327576 69.3115327576
22.5166524297 23.1055500429 22.6620200969 22.7593755911 22.9917230524 22.6664338545 22.8031136401 22.5376147157 22.8785513259 22.5562229746 22.7249066983 23.0389082002 23.0291858725 52.1287365633 23.1752751992 51.5121828943 51.5121828943 51.3862402215 23.0308369895 22.9581504863 23.1020698567 22.8810955056 23.0909787211 23.0943192354 23.06447505 22.5097031562 22.8122729779 23.0049407741 22.7834494662 22.5480359271 22.871496782 22.8497989987 23.1375526682 22.9694006575 22.6019330682 23.0979287195 22.5279235375 22.6546715319 23.1067035051 23.0153486989 22.7982864673 22.648873097 22.5701720981 23.0018784069 22.679962221 23.0798917439 23.1765326641 22.7816855572 22.8300340577 22.96081313 58.2124425974 69.3115327576 69.3115327576
22.837381453 23.0645317801 22.9346621526 23.2004154564 22.6784270373 23.1301082539 22.6476878116 22.5461707578 23.1529929996 22.8040464779 23.2053983451 22.5096768388 22.5333588218 23.1610786632 22.5000416384 51.5121828943 51.3862402215 51.3862402215 22.6604379473 23.0885178168 22.7642775335 22.9211012318 22.8263978046 23.1188505051 22.5397186491 22.9076186538 23.1184379264 22.5456515531 23.009480737 22.6401070474 22.9213806101 23.1494657937 22.9768338107 23.0456244055 22.5905028337 23.1622515915 22.7247832418 22.9857608494 22.5949283571 22.7491874122 22.7277947954 23.0511907573 22.7628357171 22.5963038439 22.9702138485 23.2043755284 22.8015634907 22.9843330649 22.9685658061 52.0729777723 23.1694187554 22.8480054552 69.3115327576
23.0453407999 22.6177249204 22.7277748945 22.6600087819 22.7319537365 22.9847677981 22.8664287905 22.5962940022 22.5861987086 22.942536642 22.657216623 23.1360690405 22.9975640833 22.8558498526 22.7030766333 51.5121828943 23.1777665799 51.3862402215 22.9417386447 22.6485476846 22.6741912911 22.6650592494 22.8070356489 22.6246439935 22.6400060559 23.0345203508 22.82881157 23.1179059822 22.7408118846 22.7887357367 22.7324078877 22.7388099257 22.5598581304 23.0554780653 23.0321376113 22.6593134991 23.1598419962 22.8234488116 51.0648939339 22.8699741263 22.5654062489 23.1802817531 22.6776633894 23.0926412189 22.7673142272 22.9850592676 22.9610343278 22.6259370091 22.8294637092 22.943158579 22.6417280754 22.5484363373 22.575442793
22.7145689457 22.9508998822 22.8830398134 22.7654197342 22.5004027106 23.0436602873 23.0273390997 71.479015474 71.479015474 71.479015474 23.0677460404 22.7155429831 22.9447537954 22.9813939783 22.8703347533 22.5212685398 22.7129266476 22.9372651818 22.7489095267 22.8410952063 22.8709079095 22.934765588 23.1481260926 22.7541373816 22.5317021972 22.8816560339 23.0378870156 22.6495657555 23.0233192983 23.0798670712 22.792402137 22.5722921547 22.8815013926 22.839959069 22.6777003127 23.1587289117 23.1623225094 22.7225996917 75.7941791016 22.5837346093 57.5986352285 22.5822872433 22.8465856775 22.7963012378 23.0925301633 23.1211959573 22.5551216733 22.7072034576 22.6732631208 22.8977403568 22.7440228628 23.1247771756 22.8901845616
22.6659682158 22.8867354624 22.8147131951 22.5883192502 22.855806609 22.8829196418 22.7161762896 23.1249025355 71.479015474 22.9479980701 22.5053102947 22.9746642383 23.1910775999 23.1466671805 23.1681990449 22.7508460624 22.8760696626 22.6385302092 22.790229846 22.8270661465 23.1832897042 22.6983482239 22.5735818676 22.5261307849 22.598117501 22.7674562681 22.7614141267 23.0427582922 22.9799435375 22.6825138363 22.7602538734 22.5171965205 23.1940107852 22.9092906028 22.9780693295 23.1016863906 23.2035081259 22.9779460926 57.5986352285 57.5986352285 57.5986352285 51.2395553044 23.0540526494 22.8208781851 22.6793145745 22.7082450558 23.0930444287 23.0346882848 23.0394088061 23.1879723155 22.9737365408 22.9565423014 23.1709304475
23.173271061 22.8347289838 23.0190538943 22.5922655063 22.7693950676 22.9653298917 22.7098412353 62.0230656546 22.7493529498 62.0230656546 23.1749555347 22.9699268895 22.5671739556 22.7327556004 22.9236919151 23.1106769293 22.7496263644 22.6396124377 22.8627903945 22.6879811486 22.5632306037 22.7853767363 22.8599880455 22.5175654133 22.7371189515 22.8270199095 22.7747374244 23.1645421881 22.8037439001 22.7520411378 23.1708948245 23.1821714251 22.8497215086 23.185373071 22.9294083742 22.9972958406 22.8290716977 22.6429514656 22.926486876 51.2395553044 57.5986352285 54.1255014575 23.031006236 22.5206501138 22.7190923727 23.1210627112 23.020034278 22.9111149867 23.1477313182 23.1933886999 22.9258830052 22.9621654397 22.6305669724
23.1095590177 23.029113655 22.6241090876 22.6109255234 23.1464771739 22.829958314 22.7365552908 23.126831013 62.0230656546 23.1566078383 22.9078908084 23.2020118574 22.5642381337 23.1075669896 23.1630308406 22.6647213283 22.5508181321 22.6950963302 23.0244821411 23.1182170889 22.8473168256 22.9894837013 23.0888793328 49.6997424365 49.6997424365 23.0995977402 22.8403843907 23.1204059354 23.0260093307 22.7250813997 22.9545347212 22.9673191643 22.5228736331 22.7227123224 23.1943410983 22.6192534983 22.9983539577 22.6182439256 23.1403609936 22.9836542503 62.1764400748 23.1994226968 22.858736346 22.5791537737 22.7359342814 22.9423632929 22.9864599519 22.5534459123 23.2050843044 22.9684230579 23.0874870393 22.6912632888 22.55909624
23.0858340071 22.6219463824 23.101211235 23.178408103 22.5046254017 22.8657230219 23.138760492 22.7445701496 23.1417485794 22.9784980826 22.9995427995 23.1288343215 22.7097516116 22.8825287175 22.6773540941 22.653270936 22.9394352093 23.1296724454 23.0613760924 23.1974421196 22.8865199357 22.5584056976 23.201815046 49.6997424365 49.6997424365 58.4118726399 23.0176619903 22.7623777487 22.505405127 22.675597399 22.9355802835 23.0081268867 23.0020280082 22.6311446488 22.8720686002 22.8275411927 45.9636635364 22.8005753959 22.6734170321 62.1764400748 62.1764400748 62.1764400748 22.5938210158 40.4300596504 40.7333493974 45.2499061257 63.6611373921 63.7207261546 22.5010310803 60.2549725345 22.9949233189 49.5861548298 49.5861548298
22.7629235763 22.9223712254 22.5946738373 23.1488985353 22.9120312914 23.2065600623 22.7613030061 22.7187214239 64.3103410577 23.1531108162 22.6798855015 23.1333503083 23.1067770353 22.80853402 23.0140969317 22.6987406631 23.1460860558 22.6354813479 22.5681267025 22.7173161207 22.9564983364 22.5550432257 52.7441977914 51.8156185333 51.8156185333 39.2618651569 22.9515646428 48.1788677395 22.5507599983 22.6601563894 22.5072079828 22.6854983469 22.6268864469 37.9403801729 37.9403801729 54.5362446538 45.9636635364 45.9636635364 23.1207789929 22.6092466253 62.1764400748 61.9092610181 61.9092610181 40.7333493974 45.2499061257 45.2499061257 63.7207261546 63.7207261546 60.2549725345 60.2549725345 60.2549725345 49.5861548298 49.5861548298
22.6319024432 22.8093353803 22.8237618469 22.9645200949 22.7497943003 22.9075071973 46.6399704798 22.9131075297 23.055785668 22.9917412016 22.7530896544 22.5747503636 22.6209340373 50.0888501528 36.0301619815 36.0301619815 22.9233807451 22.5246409579 22.6755225824 23.1408319441 22.8775579613 47.7541526649 52.7441977914 51.8156185333 51.8156185333 63.3442342345 50.0212509772 48.1788677395 22.5541395077 22.6449451138 22.7823567729 39.013208325 39.013208325 37.9403801729 37.9403801729 23.0665135296 45.9636635364 45.9636635364 50.2133233844 48.8094582986 23.041150594 61.9092610181 61.9092610181 40.7333493974 40.7333493974 45.2499061257 45.2499061257 63.7207261546 39.7310626871 60.2549725345 23.0857816489 22.9568088186 49.5861548298
