Spatial_Output/BAU/BAU_0708.asc
NCOLS 155
NROWS 192
XLLCORNER 196307.867259
YLLCORNER 449144.565805
CELLSIZE 33.573938
NODATA_VALUE NaN
[rows 150 to 174 of 192, columns 57 to 113 of 155]
27.7218899891 27.4523594957 28.4450029928 25.3185337503 28.3361986479 27.8436312324 28.4737494928 48.7786942831 36.528175324 38.9115046504 45.2737487467 25.8860983483 29.1579689327 25.8463997518 28.4223178671 28.2241505409 25.4645411235 26.4573100673 25.8063813937 26.8344431402 26.840320285 26.753058943 28.0024653935 27.6312311197 25.9935585436 25.3043256316 25.6434977269 27.5817419973 26.1453922082 27.467735805 26.0888943568 25.0241947499 25.7312416329 25.0225612877 28.5306395301 25.0817407912 69.9794560371 70.7105285719 53.3145312428 26.8781631514 26.3923952344 27.1179172926 26.6916754084 27.2937562913 25.7975819457 28.0850757088 26.3553619967 28.5527005112 27.3417284499 26.8070823077 28.6901441517 28.6769615844 25.3090428413 26.3412015449 26.7299816252 27.3544171658 26.8686386845
0 25.6856899404 28.5310520921 28.9492787134 25.4166335332 26.96670385 26.0485832241 25.4277219285 43.9260493654 42.8703804901 46.3688943784 27.0340691124 27.2441373654 28.0393397563 27.473823002 25.4644696327 27.6519347318 28.6774959817 28.2867650263 26.4255793666 27.9817851755 25.9358220094 28.6248772931 28.8401834151 25.1643394289 25.6333593759 27.1634082413 29.0271239801 26.0111070315 25.1226035777 25.9276946737 28.2155680259 26.6639952234 25.3752677911 25.0359523698 70.7105285719 28.8232128525 25.4696895284 26.093989111 27.9254013631 29.0047469185 26.2014762811 26.3253535301 26.0918433615 29.1049705962 28.1105893514 26.7161521908 29.2338963399 27.6573502623 26.2509488629 26.7943018117 26.0429908631 27.486139976 28.589739543 28.1063754701 28.0660774339 26.910410633
0 0 0 0 26.9936855536 26.9079355463 27.8620765503 26.4763746965 38.1180502249 43.5762671194 44.1962883488 26.6713613914 26.6064714359 25.7215321698 26.7884909172 26.260430157 25.6583671713 26.6251106924 27.9713223337 26.8518758083 26.5181650447 25.7119009239 25.5219964668 27.3500802461 25.5604979514 25.2764640947 29.1097390103 28.6478699921 27.7658969019 28.7219141693 26.0353763026 25.5939645039 25.0707565716 28.4376378624 25.4873194873 26.7686013611 26.4466474827 28.4464221938 41.3019969692 54.0873536583 29.1489941074 26.5640258612 25.7034187248 28.8189749487 26.1957933624 25.275197222 28.4538482702 25.6655749518 28.5050417038 28.7452055533 25.8891385024 25.1068643282 28.6231430493 28.6585071924 28.2114349195 25.5376544338 27.9437786692
0 0 0 0 0 0 26.8629062081 27.4861166537 19.9941906385 19.9941906385 38.9333327464 29.0978619907 25.4041394638 28.3559276839 26.0475578495 27.8262778482 27.8759454976 27.6323753719 28.8190618649 27.7040985187 28.6320475602 29.1558011886 28.5837009792 28.6946080803 28.8735857175 26.3928034912 28.71620198 28.3125995632 29.0049792774 25.3640327485 28.2428257254 28.7599778677 26.2010073884 28.3092273858 25.2374114864 26.1690882319 27.6823406713 41.3019969692 41.3019969692 26.8166919263 25.726268656 25.7251113142 28.1487291033 25.0478901524 28.1773986037 28.9623028777 26.5736685615 26.4600294912 27.5469956846 27.870382668 28.6162033238 28.1980611874 27.1720254198 26.7124878993 29.0770001531 28.0891837589 29.2142927326
0 0 0 0 0 0 0 0 53.7263136187 19.4643574049 19.4643574049 26.0252294692 28.1975712133 25.8387083585 0 0 28.4064986049 27.8905216158 28.8093217229 28.3093312722 25.8500632594 27.2341253669 26.5307660616 26.9956344299 27.7464020223 28.9538716771 26.731606648 25.5550793917 27.4635076105 25.9788684226 28.8658122395 26.1690710584 29.2357921899 26.3996819921 28.9140305251 28.2049758682 25.0421185223 44.8447591383 41.3019969692 46.2438244106 46.2438244106 27.935257876 25.6505057404 28.6682003659 29.0191100655 28.321694532 29.1746291085 25.4969625954 25.5112204749 28.5625647228 26.6477788205 26.1068303547 27.0645920437 28.7264844747 26.5314666326 27.6322191636 28.0233186367
0 0 0 0 0 0 0 0 0 53.9477260362 53.9477260362 53.9477260362 43.6131026782 0 0 0 27.717118775 26.1146498865 25.753273446 26.4508752424 27.7194696233 27.8940686309 28.6383079968 28.7542346367 28.7771817253 26.7590419279 26.8506448448 28.983005329 28.961224427 29.0154756665 27.2863956941 27.6017206042 27.6430895495 27.1209587529 27.6389944455 25.3405471228 27.9071897568 67.8810764043 46.2438244106 60.1024249254 63.9388824609 25.3186121456 28.5127029779 25.6133030159 29.0942945731 28.5132750557 26.8702292966 25.82269024 25.7426465716 29.0670616449 27.6241462399 26.0947072926 25.8502823631 28.0037240739 28.1426709485 26.9057041695 28.1176718839
0 0 0 0 0 0 0 0 0 47.1463193062 57.6486387103 52.8797169092 52.8797169092 0 0 0 0 25.3901287559 27.5467608233 26.6675421321 28.9583700641 28.6851746409 29.1043570399 27.3956333085 25.2667316825 25.3274980755 26.6060696721 26.9075745506 26.0075930597 25.3652376439 26.5731156493 27.1677489447 28.3960887268 28.5783681703 26.116131041 26.8245707039 25.2425006204 27.3529633604 63.9388824609 48.8296708347 48.8296708347 44.1346485949 28.0341295795 25.9072134798 25.4391274265 26.8000235055 28.1353450428 26.3779841651 27.7106959647 27.96223264 26.9021201851 27.4774505235 26.2883568993 25.0052151536 29.0948032776 26.6611701114 27.0328253111
0 0 0 0 0 0 0 0 0 0 52.8797169092 52.8797169092 52.8797169092 54.8824471028 0 0 0 0 27.1486527955 28.2296794249 26.2249958736 25.123425645 26.6191441583 27.1469302252 26.1607144358 25.9410419005 25.4860963121 25.4143890723 26.5980064652 28.3678591757 25.4619275438 26.944723252 28.4918414063 25.4261216058 28.5905414801 27.2312965484 28.9631341668 27.6286206174 48.8296708347 48.8296708347 48.8296708347 47.9847684136 25.6379924589 25.3147976826 27.9961474105 26.5618456946 27.9852561616 28.908572557 27.1200391669 27.2123243049 25.9975370034 27.0133237865 28.0263516471 26.3931493337 27.1825312468 25.4574405186 26.9969742057
0 0 0 0 0 0 0 0 0 0 55.1172213357 59.7504843167 59.7504843167 0 0 0 0 0 0 28.3259715081 28.9691612744 28.9432543952 28.4423788636 28.8128193291 28.4963253193 25.6513376841 26.3107313938 29.1199160502 28.2056906768 25.0219186968 27.1075288453 27.3584134457 28.3299259081 26.9478486786 28.3656283025 26.9304273468 28.1147940162 28.3407943646 28.5260766089 47.9847684136 37.0182997772 37.0182997772 37.0182997772 25.0327880237 27.2222012099 26.0096547554 25.6048737482 28.4211775293 26.729484709 27.5762059619 25.3967723517 25.7668484936 28.1359290911 27.4264602854 28.9239310666 27.3902376803 25.1090530575
0 0 0 0 0 0 0 0 0 0 0 0 0 0 0 0 0 0 0 0 25.836071828 25.5921731864 25.3535180584 26.3336501093 25.9723550002 25.7842271032 27.432750237 26.102532216 26.03312802 25.4013105846 27.3314724202 26.071703454 27.2797448914 28.4988477055 28.449598363 26.4974225048 28.1573721317 25.3513128916 26.3776861615 37.0182997772 37.0182997772 37.0182997772 26.1913010241 28.4907509135 26.8192990525 28.0376067866 26.4460965416 27.7443458377 27.9551911027 29.0737475019 25.7974377404 27.7840844169 29.1366639633 25.9724683077 28.5767946992 28.8424003906 28.5088706155
0 0 0 0 0 0 0 0 0 0 0 0 0 0 0 0 0 0 0 0 0 0 0 0 25.6322855638 26.5601851679 27.8559185648 28.9835366252 25.3613273342 27.5137561084 27.5833931929 26.7308055898 25.7434456411 28.3567463523 29.1025430567 25.8716476027 25.7045357087 25.1227051904 28.3645383267 27.3726863642 27.9699893616 37.0182997772 38.2310592124 26.0996294167 27.9539200131 28.934793577 26.8570450303 25.8007644356 27.3544546079 26.8347949739 26.2273189797 28.3908031574 28.9297878356 26.8744496902 27.44657599 25.4618133616 26.1846872377
0 0 0 0 0 0 0 0 0 0 0 0 0 0 0 0 0 0 0 0 0 0 0 0 0 0 0 0 25.1414370162 26.4899543125 25.8056289063 25.7143752111 27.2219345532 27.9052406003 26.6949093515 27.2369250717 28.6579975465 28.5277833146 27.0778634388 26.1123476571 49.6428520795 49.6428520795 49.6428520795 28.2282547949 26.6454392682 26.0920700669 25.7709935827 29.0207476393 28.7023193815 28.3527301009 26.7656935069 28.2879785751 29.2028550161 26.5366102933 28.8753915683 25.450552279 0
0 0 0 0 0 0 0 0 0 0 0 0 0 0 0 0 0 0 0 0 0 0 0 0 0 0 0 0 0 26.4577840209 28.263163009 27.1573142596 28.3586657315 27.3469968803 25.5586180638 27.5446289226 29.2145065373 28.7384251159 29.1447623942 28.2261734595 42.6144293386 59.106073708 46.4709892996 27.8510604945 28.3463799653 25.8439935645 28.9496092457 28.6809903403 26.9925515376 25.866451221 25.8536173342 25.0091264188 27.51912373 28.8253772322 25.5525576696 0 0
0 0 0 0 0 0 0 0 0 0 0 0 0 0 0 0 0 0 0 0 0 0 0 0 0 0 0 0 0 0 28.351882436 26.4954157965 25.5790288216 27.0069266431 27.5715876081 25.7520084415 26.0878288284 27.9744620717 26.5931076173 27.1446920736 26.6873266761 27.3838176024 47.7782582296 47.7782582296 28.7934441095 26.6336535738 27.1263149819 29.1663074276 27.6300498738 27.4950844447 25.5943340238 27.3406505626 28.9666065305 26.6919175952 25.5652556786 0 0
0 0 0 0 0 0 0 0 0 0 0 0 0 0 0 0 0 0 0 0 0 0 0 0 0 0 0 0 0 0 0 27.7812495214 27.6407751437 28.1613627279 28.2794962739 26.2311183591 28.3709347574 26.8725536793 25.1952896887 28.9128721182 29.2254596449 47.7782582296 47.7782582296 48.2186027029 25.882360437 27.7448212917 27.2726651647 27.9879086425 27.6572312399 27.6951310561 28.3563190915 26.6274327267 26.6780230139 26.9279981394 26.0883184758 0 0
0 0 0 0 0 0 0 0 0 0 0 0 0 0 0 0 0 0 0 0 0 0 0 0 0 0 0 0 0 0 0 0 0 27.2151757703 25.8609829848 25.1822595963 26.4959548192 27.8705028754 27.1836252419 28.1666507588 27.401065435 48.2186027029 55.6591423018 55.6591423018 55.6591423018 27.2846441741 25.2937213537 25.1644327117 27.8860049258 25.9996280459 26.6875899472 26.1161003279 26.2667674889 25.6320547321 0 0 0
0 0 0 0 0 0 0 0 0 0 0 0 0 0 0 0 0 0 0 0 0 0 0 0 0 0 0 0 0 0 0 0 0 0 25.4869799949 26.5675165737 27.7156469284 28.6092577986 27.1542914257 27.533580829 26.672954855 29.1633376757 55.6591423018 55.6591423018 25.6838121773 27.7752024556 25.5831459533 28.2267273097 29.1827348772 0 0 0 27.2089662254 28.8088496238 0 0 0
0 0 0 0 0 0 0 0 0 0 0 0 0 0 0 0 0 0 0 0 0 0 0 0 0 0 0 0 0 0 0 0 0 0 27.9665737698 26.7641248442 28.4913306794 26.9129912935 27.2941922123 28.5178826197 27.8953850908 28.8124564962 27.9967987967 62.5954341626 38.179239936 38.179239936 28.9664798918 25.0173096085 0 0 0 0 0 0 0 0 0
0 0 0 0 0 0 0 0 0 0 0 0 0 0 0 0 0 0 0 0 0 0 0 0 0 0 0 0 0 0 0 0 0 0 0 25.3685369495 27.6225390009 26.8043696448 26.4526270815 25.1666092258 27.8917267017 29.0322788518 26.2720324861 38.179239936 38.179239936 47.4514345371 27.8070742308 0 0 0 0 0 0 0 0 0 0
0 0 0 0 0 0 0 0 0 0 0 0 0 0 0 0 0 0 0 0 0 0 0 0 0 0 0 0 0 0 0 0 0 0 0 0 26.7118990283 28.4932783884 29.0488621159 26.624540898 28.3463585853 25.0350765526 26.2189274237 25.3982510426 47.4514345371 25.9013943652 46.9166657117 46.9166657117 0 0 0 0 0 0 0 0 0
0 0 0 0 0 0 0 0 0 0 0 0 0 0 0 0 0 0 0 0 0 0 0 0 0 0 0 0 0 0 0 0 0 0 0 0 0 25.3912966834 27.3451302842 26.3171718016 27.5707026867 25.6537771533 26.1433563507 26.8495726525 28.5207217378 44.094974336 46.9974779623 39.1462275563 0 0 0 0 0 0 0 0 0
0 0 0 0 0 0 0 0 0 0 0 0 0 0 0 0 0 0 0 0 0 0 0 0 0 0 0 0 0 0 0 0 0 0 0 0 0 0 29.0519553783 26.8272554102 26.1094875658 26.7925194357 27.9710854458 27.4419424918 26.9343089353 39.620271333 44.1473691801 44.6776993547 53.6041130649 0 0 0 0 0 0 0 0
0 0 0 0 0 0 0 0 0 0 0 0 0 0 0 0 0 0 0 0 0 0 0 0 0 0 0 0 0 0 0 0 0 0 0 0 0 0 0 26.1351137319 27.1068271512 28.1759537342 25.5542958319 26.4759846287 27.431226753 43.0682677868 46.5595161784 48.3731616702 43.9660357793 60.1844434132 0 0 0 0 0 0 0
0 0 0 0 0 0 0 0 0 0 0 0 0 0 0 0 0 0 0 0 0 0 0 0 0 0 0 0 0 0 0 0 0 0 0 0 0 0 0 28.3339967927 25.1622661418 28.6816096026 27.1982900384 28.238499253 0 0 43.9660357793 43.9660357793 43.9660357793 64.7010213275 44.3286941832 0 0 0 0 0 0
0 0 0 0 0 0 0 0 0 0 0 0 0 0 0 0 0 0 0 0 0 0 0 0 0 0 0 0 0 0 0 0 0 0 0 0 0 0 0 0 27.5019534433 0 0 0 0 0 43.2470021843 64.7010213275 64.6011470131 64.6011470131 49.0985843365 0 0 0 0 0 0
