Spatial_Output/BAU/BAU_1083.asc
NCOLS 155
NROWS 192
XLLCORNER 196769.923733
YLLCORNER 449719.875193
CELLSIZE 27.603701
NODATA_VALUE NaN
[rows 0 to 22 of 192, columns 53 to 105 of 155]
29.9613725999 29.3759352946 31.1878390427 30.5714598191 28.8433358208 30.9688968055 29.9202116001 29.9796549736 10.573652319 11.7233176392 31.2520232741 0 0 0 0 0 0 0 0 0 0 0 0 0 0 0 0 0 0 0 0 0 0 0 0 0 0 0 0 0 0 0 0 0 0 0 0 0 0 0 0 0 0
30.9042431337 31.342597263 30.1730167925 30.3418927657 30.8762420734 30.2603381668 30.4976363161 33.0212263486 29.699621867 18.7228241706 32.0312813903 30.5396223908 0 0 0 0 0 0 0 0 0 0 0 0 0 0 0 0 0 0 0 0 0 0 0 0 0 0 0 0 0 0 0 0 0 0 0 0 0 0 0 0 0
31.8798852252 29.3682026904 30.2122175613 30.8668271216 29.5102075727 29.7533695207 65.3378105433 15.0102189997 22.0112788127 19.1182939075 32.0151870333 30.0009870261 0 0 0 0 0 0 0 0 0 0 0 0 0 0 0 0 0 0 0 0 0 0 0 0 0 0 0 0 0 0 0 0 0 0 0 0 0 0 0 0 0
31.7855637524 31.9071867474 30.653726689 30.1565278427 29.9018714882 28.5363164892 46.4555870064 65.3378105433 65.3378105433 29.5364334898 31.4010569317 29.6462965841 31.1736117667 0 0 0 0 0 0 0 0 0 0 0 0 0 0 0 0 0 0 0 0 0 0 0 0 0 0 0 0 0 0 0 0 0 0 0 0 0 0 0 0
30.1171863105 30.2995984724 32.0100388007 30.4644856388 28.8395525431 29.3819457648 46.4555870064 65.3378105433 30.9848094952 29.9376420364 31.2441968936 28.794192923 29.492692858 30.2791837954 31.3015238127 0 0 0 0 0 0 0 0 0 0 0 0 0 0 0 0 0 0 0 0 0 0 0 0 0 0 0 0 0 0 0 0 0 0 0 0 0 0
31.8433744573 30.6068056904 28.9484098003 30.4029266285 29.0977298877 31.7993118386 46.4555870064 46.4555870064 30.8078733266 31.1902854592 29.3480301017 31.5867628911 30.462809604 28.9444067309 28.6118089033 30.8265354646 0 0 0 0 0 0 0 0 0 0 0 0 0 0 0 0 0 0 0 0 0 0 0 0 0 0 0 0 0 0 0 0 0 0 0 0 0
28.7919926726 28.9685595025 30.8764461199 31.8472296878 28.9702078852 29.9097497068 67.7230687008 31.1336358323 28.7799667171 31.5738598078 29.3242192107 31.2371588178 31.5840645262 30.6459112588 30.872439988 29.4725110838 29.2538755244 29.3472820404 0 0 0 0 0 0 0 0 0 0 0 0 0 0 0 0 0 0 0 0 0 0 0 0 0 0 0 0 0 0 0 0 0 0 0
30.7585797766 31.8233754302 28.5749876691 31.6485093942 56.0930316671 56.0930316671 31.8317312234 29.038421641 59.4518851752 59.4518851752 28.5092934441 31.2945655686 29.0085270263 30.0551529983 29.8451381791 30.3272173134 31.1836812868 29.9957153474 29.9476661662 0 0 0 0 0 0 0 0 0 0 0 0 0 0 0 0 0 0 0 0 0 0 0 0 0 0 0 0 0 0 0 0 0 0
30.3763143671 29.934559301 30.2034803118 56.0930316671 56.0930316671 56.0930316671 52.3294912593 59.4518851752 59.4518851752 59.4518851752 30.7842667149 31.3497374553 29.6195631741 31.1859100806 30.1694895186 31.1410144717 29.1527869521 31.8178517043 28.6769660461 30.4476444266 31.5089443635 0 0 0 0 0 0 0 0 0 0 0 0 0 0 0 0 0 0 0 0 0 0 0 0 0 0 0 0 0 0 0 0
29.9042639961 30.7164078111 31.6215619942 54.2983325456 56.0505075011 56.0505075011 52.3294912593 52.3294912593 53.1165692585 64.3793970063 64.3793970063 75.5005601545 31.2028386135 31.2337729841 30.6994976223 29.9791383821 29.8255647396 29.5013270785 29.6592984898 31.7915069788 31.6476418339 29.9645195996 29.6977558996 30.6416264333 0 0 0 0 0 0 0 0 0 0 0 0 0 0 0 0 0 0 0 0 0 0 0 0 0 0 0 0 0
28.6451169563 28.957151917 31.5693347146 30.6599759348 56.0505075011 56.0505075011 52.3294912593 30.1673300353 64.3793970063 64.3793970063 64.3793970063 51.083968868 30.7156171268 31.5731799669 31.9806130498 30.6106718144 29.897648658 31.8458331599 30.4794037891 29.6505806467 31.9276385763 29.2132095602 31.0391858941 29.5676783614 30.4816247671 29.4033212594 29.7586456865 30.504799252 28.9265776769 0 0 0 0 0 0 0 0 0 0 0 0 0 0 0 0 0 0 0 29.7178596991 29.1151162737 31.6513437094 29.8614290495 28.772908491
28.985748509 31.2661252404 29.8869757165 30.3468945183 54.2983325456 31.3389513343 30.7152750125 44.0720910189 30.2235260454 29.2676241571 52.265128213 29.5944029384 58.3557446453 30.1549320603 31.5159881272 29.1466586663 30.7525005018 31.7559622356 29.5561984231 30.4712437803 30.9862847716 31.5330526376 31.4053578476 29.5750659632 28.8151325489 30.6275238495 29.5663706174 31.1373714929 28.9223489437 29.338419105 31.2601764685 0 0 0 0 0 0 29.1331681144 29.3347108506 29.9991859446 31.240828817 31.3573449003 0 0 0 0 0 0 31.0277905178 28.8207998657 29.6616542268 28.5187177912 29.8327483163
31.7099145772 30.3377480828 29.5299862136 31.174597567 30.1077311133 29.8539459048 44.0720910189 44.0720910189 62.4404104172 63.6657269615 58.3557446453 58.3557446453 58.3557446453 30.906527896 30.900661607 28.7072127566 28.7775252263 30.5409178402 30.2152735287 29.9610382264 29.114769255 31.9549837881 31.6865244401 31.9068117318 32.0231285994 29.9254016634 28.8294870239 30.8754991919 29.7986100791 29.9725690804 30.2792460661 0 0 0 0 0 0 28.7106924224 31.8037499331 31.2044021102 29.5553969461 29.1757651333 30.3320170242 28.5227490808 31.8430163242 0 0 31.6468696607 29.6108812509 31.0956866892 30.8154470715 30.8079521659 30.8857375429
31.7118322063 30.045481354 30.194086838 31.7274839903 30.6804789335 29.1307446621 44.0720910189 44.0720910189 62.4404104172 63.6657269615 30.8861204704 58.3557446453 45.2582773582 45.2582773582 30.0969022054 31.0823034837 31.6247468611 29.7251642414 28.5859015149 29.7706037097 29.1814564633 30.2855732602 30.845354463 30.0020293071 29.5784362761 31.0932890692 30.1353069847 29.6210057699 30.0462789878 29.1146381438 30.6889832875 30.1330426526 29.0428953137 31.2176676789 30.2215887179 28.8615288314 28.7851357423 31.4398193253 30.7340798682 29.3585884117 30.4789531972 28.741265507 29.1058757125 30.4754229252 28.9467346696 29.3296243933 28.6764462986 28.828391334 30.9477352501 31.6340786728 31.2267459951 29.7030457647 28.683218247
30.9671952742 28.7600908233 30.1139461778 29.6717021223 30.6744155873 68.0281973053 72.7674450363 29.6516653485 62.4404104172 29.0966843094 83.1165571538 29.124704436 28.8173299877 45.2582773582 45.2582773582 28.8537307927 31.2482109645 30.063841563 28.7635151977 29.0608439218 28.8395112029 29.1739123868 30.848203889 29.188373187 29.1233602026 28.9143577886 31.1374751565 29.570475742 30.9814230284 30.4721593726 31.4141796997 31.0765191693 29.5706671953 31.9388177937 30.6787683438 29.0132693532 30.9761650233 29.1144236061 29.0103594446 29.3311217097 30.3557440737 30.8410592595 31.3522795982 31.4671377406 30.2570806668 31.1284485095 29.3534157574 28.7143041589 31.3431018486 31.361995183 28.7285773844 30.1096609679 30.2590788965
30.5198320323 31.9270612655 32.0023610849 28.694222702 68.0281973053 68.0281973053 68.0281973053 30.2020390364 30.5706836172 30.3324501787 30.7560119629 30.0390560493 29.232805013 45.2582773582 45.2582773582 29.7158963761 29.3437564368 28.8178462282 28.6719414867 29.7102922603 30.0174604669 29.8134897948 31.8707628983 30.2601840373 31.1869459819 30.7417048804 30.5769002838 30.5840494525 28.9317968762 30.7208202722 30.6351756437 31.0682644526 30.7897933916 29.5924928202 29.2096735369 30.4017441426 31.387333117 28.8421739052 29.6092952842 29.2314362825 30.9621413014 28.7975687604 31.4899644151 31.1245906044 30.9153671899 31.93904124 29.6626760504 29.8277918894 30.3218637857 29.1911710268 32.0177203366 28.7210650185 28.5680993753
28.5409943884 31.801743179 30.4763861155 30.443429331 43.7771242162 68.0281973053 31.8595765612 43.6338637223 30.7921848525 83.1165571538 28.9098867479 75.6309720788 75.6309720788 75.6309720788 29.084638042 31.6252311005 29.231786896 29.7435661104 29.935331606 29.5686057812 28.5154619378 30.3066720997 31.449894831 29.0094319935 29.0883467065 28.8521432006 30.624205011 31.815505574 30.1122775605 29.6827393521 30.4956997713 28.5652181384 29.4329288927 30.6538669808 31.6683210535 29.361710131 30.3993359697 31.7065612273 29.4863682846 29.1148492742 31.0181352599 28.5391741753 30.3471810466 30.4390350005 29.4771830876 29.3571568096 31.7490740075 31.2828554932 30.4891643168 29.7488575381 29.0613297391 31.3550160998 31.1732118268
30.2020973888 28.812807003 30.0385623735 29.3580044893 28.506509947 43.6338637223 43.6338637223 30.2631532765 30.4489247097 29.987940707 28.6011357936 28.6643327171 30.7758876388 31.9418702522 31.8839066502 29.3752063733 30.5109713631 29.0465033506 30.788966509 29.2995738203 30.0933752826 29.0680985788 30.943207048 29.2613146796 30.6483763881 31.0241409666 28.6374677952 30.0139369126 29.7664870681 29.7494142089 32.004562475 29.8175801926 29.9890970121 31.417336175 30.1574866867 30.7970187858 29.6324851681 28.7780176005 30.4379934587 30.4144591828 28.5799216127 30.1883975185 30.3164783235 30.4922721941 30.1357221006 31.6063013928 30.8761338333 28.6201771014 31.1768299789 30.9854041291 31.0841937684 28.5323983386 28.7846044398
30.9493781126 28.874580446 31.8109857193 29.3417817588 29.2532904626 30.9482256738 43.6338637223 28.8476740039 30.8670373052 29.3966206912 31.573152849 29.9640514818 31.5956342451 31.900562924 29.4112553311 30.7356160571 30.0506201319 31.7312265613 30.0707035809 30.4942885878 30.2691462388 28.9973379902 30.3430071714 28.6635627534 28.6699644928 30.7172258102 30.3250479766 30.7588394922 30.7689966051 31.6242140428 28.7974760856 30.9910188295 29.6105854802 31.6952635214 28.9549295483 30.4436311949 29.1101258833 29.6729667297 30.361579054 31.8857043434 29.0279015364 31.2391322098 28.5211321853 30.3159817343 30.7016945915 30.9659782425 31.4756057206 28.6038578059 29.9485397029 30.0346149818 31.2894486366 30.6914453709 30.0180908417
30.7513533452 31.7210224885 31.1371018526 29.7551055018 28.5614585862 29.0608134408 29.2249556915 29.4949647574 30.028103503 29.516638571 30.0644174483 30.0398056711 30.6780455784 31.6971812318 29.4392227541 30.999919483 28.7534421025 30.6532031136 31.4978686402 30.1153896891 31.6591579613 31.0938970947 28.5856686915 31.1500637853 29.8270401045 31.8374854241 28.9327646699 31.9944887329 29.950726891 28.7190280812 29.1084745588 31.0223316861 31.9848787398 28.565524839 29.0106763224 30.7687097806 29.5940349017 29.5238087793 31.2833861107 30.2935985743 30.514592046 30.8262471598 31.7384938835 29.1024006426 31.3483421514 30.6527048912 29.3129495844 29.7048651651 31.1670898574 29.3402125535 29.8933218816 29.3728216768 31.345287904
29.6611125277 31.3712986952 31.8704794997 29.2035702697 30.2223630309 28.5578958595 29.4561344172 52.1382040016 30.4803914178 31.9830469244 30.3271812204 30.395909809 32.0327516718 30.3899204939 28.8682872174 31.8280357437 30.8695605204 29.9169212998 31.3071052552 31.6591719081 28.7136977902 30.0926166617 29.6626208181 31.9803110621 28.9063898932 29.680330837 28.9755141566 31.8919257826 30.9295773893 29.6502278819 31.9814329206 28.5863873282 30.8130940987 31.214501804 29.5994100488 28.686881819 31.5007661415 31.3652143052 29.0007440422 31.527045822 30.1888610401 28.8176165042 28.7508192793 31.1672533622 30.468203795 29.3587675527 31.9155422389 31.8190520784 31.9240748614 31.3929914109 28.6967369108 28.8242912738 31.1190448971
31.657660379 30.9517890917 30.6593903999 31.7249690803 31.8219941868 30.6156054489 30.8496760158 31.2590915628 52.1382040016 52.1382040016 29.7499329985 29.352971765 30.6497880446 29.4470348704 28.5564695765 31.9566604626 31.3587800111 31.8843824734 30.5701774656 30.2487791761 30.0990456771 31.2202666702 28.8046367937 30.4390959214 30.3405191614 31.5372840959 31.7634200162 31.7212774145 28.7001906772 30.2594688087 29.200258928 28.6027071132 31.7954276466 31.9481522487 31.0181566997 28.5734345848 31.0969321536 28.7041966648 29.0844302896 29.2377326664 30.6529990143 31.7221853038 30.4606136829 28.5391684647 31.3879898798 31.640129301 31.0950117055 31.6535467136 30.7756667791 29.3416269319 29.2281436586 31.9160675214 29.7492558119
30.3030953126 30.2244267668 30.5627459254 29.2353710563 31.7037694705 31.0015316342 30.0896535978 29.6605566158 29.6459337441 29.5410288056 29.1930198152 31.6506091925 28.7388452964 31.2241146438 29.8772138522 31.0553186783 28.5157649634 30.8006128257 28.6718657874 30.5843126846 29.6660594872 28.9510380297 30.5329099079 29.6485326503 30.4369552026 28.5529476746 30.7542770681 29.3774534113 30.9804607711 28.7118287334 30.6230588503 30.2324043603 29.4589509996 29.9346539425 28.8630819507 30.937817804 31.5203831562 29.1806417981 31.7483965099 31.6623393706 28.7887864301 30.4213489981 29.9994863914 30.582193909 28.9694713793 29.2532536185 29.1839022754 28.7141723745 29.7479787394 29.4561579788 28.5210490183 30.2055459849 29.9516998208
