Spatial_Output/BAU/BAU_0303.asc
NCOLS 155
NROWS 192
XLLCORNER 196769.923733
YLLCORNER 449719.875193
CELLSIZE 27.603701
NODATA_VALUE NaN
[rows 92 to 114 of 192, columns 0 to 52 of 155]
0 0 0 0 0 0 0 36.0250835092 37.2169069125 37.2078313389 36.243250604 36.0265697672 36.6429705775 36.0174611331 36.3828848889 36.6509481434 36.299541573 36.0164262063 36.1601079094 36.3670419877 36.1929517965 36.8318681751 36.5275958514 36.3305919029 36.3050473733 37.0437308266 37.3146963473 37.0922582456 36.2844611253 36.7432954138 36.0951190644 36.82207622 36.679393386 36.8032896117 36.0001398795 36.9526624153 37.1564694658 36.5660795925 37.394638923 37.2630463107 36.6823650657 36.0760004741 62.0701416521 51.2965498038 51.2965498038 62.0701416521 36.9659725225 36.5001094181 36.0306342325 37.109724001 37.243583785 37.3814371204 36.6265497841
0 0 0 0 0 0 0 0 36.1152084997 37.0411455539 36.0537906747 37.0902177829 36.7841799507 36.1378051878 36.1517267473 36.7174242967 36.5400257154 36.7809897563 36.7836741803 36.647699839 36.0106349775 36.2627919578 36.9475715674 37.2867009324 36.7399291945 36.8621636662 36.4573918632 37.0018474516 36.5427442101 36.2054412405 36.8999810589 36.1319323347 37.2661794923 37.0473789915 36.7565977468 36.4309165925 36.1695967987 36.0107605983 36.1006482071 37.1279989289 37.1287574316 36.6138959986 36.4242219738 37.2685848659 62.0701416521 36.0423493872 36.9780808207 37.216435585 36.2797879861 37.3089467932 36.5275378237 36.8320480277 37.1902729518
0 0 0 0 0 0 0 0 0 0 36.0867430476 37.2473396098 36.3526686056 36.6555682967 36.3332875222 36.3520206434 36.4981509732 37.2522926352 36.2719571874 36.0391882845 37.0921589786 36.5574940224 36.5928790423 36.1694457481 36.8782104471 36.5998682967 36.9886490831 36.9350981565 37.2219393588 36.2958715584 36.7042237433 36.1138133266 36.5827686171 36.7404035569 36.0300288679 37.3666237347 36.8927938924 36.168719892 36.8646636479 37.0321532503 37.3994580017 36.7725651307 37.0359088876 36.3251986438 36.2593107104 36.8179503032 36.4498190606 37.376152378 37.0153269056 36.6324002475 36.133858602 37.2812092391 36.4016783448
0 0 0 0 0 0 0 0 0 0 37.1598774931 36.0881834565 36.2886635458 37.1201340317 36.9834365079 36.30677803 36.2852905585 36.5775134887 36.6350850494 36.5337984051 37.2013127143 37.0218746625 36.5553844692 36.6482320881 36.9627504899 37.4031146458 36.1692715229 37.2967381615 36.9492640939 36.4240091076 37.2854659578 36.364683706 36.4317083242 37.074360881 37.0607291181 36.1836181379 36.9078302518 36.584345915 36.5096086117 36.4538527355 37.0262689065 36.0604838724 36.0984405001 36.2446461988 36.3581438488 36.089002518 36.1564886764 36.8165755309 37.2280410977 37.3932275189 36.792948915 36.2646739936 36.1228875572
0 0 0 0 0 0 0 0 0 0 36.1926319273 37.2818186767 36.4583534704 36.0902188925 37.3400731412 36.5847371686 37.0996316573 37.0271678324 36.4908392925 36.5243469723 36.3772998328 36.9915036712 36.7567287635 37.3136562827 37.0337720232 36.3024485706 37.0419246627 36.003540403 36.8707560815 36.2822337537 36.2724182703 36.1712590846 37.0440105964 36.4281435273 36.7601554828 36.5625837558 36.4960431331 36.8243444595 36.3271446954 36.1965113781 36.4351285565 36.1849353914 62.364422276 37.3200027224 36.0164680845 36.8015715738 37.3721291199 36.0269553987 36.2847022269 36.7931837737 37.350989286 36.7328941671 37.3386045879
0 0 0 0 0 0 0 0 36.9031266359 36.5189378268 36.6374316291 36.7810325637 36.5743811047 37.3198273851 36.1370771109 36.4297463663 36.3921780668 37.281157663 37.1316506144 36.374536557 37.313930887 36.2687686722 37.0280963718 36.1008738675 36.011174199 37.0269700757 50.451016171 36.7320112441 37.3971146143 37.3961774739 36.3301783847 36.4980855247 37.2234912947 36.5013810538 58.0590537796 36.1672618142 59.6153323308 59.9409788807 37.1270867019 36.5056337434 36.5834671469 36.288106581 36.5965134926 36.2279198592 37.3487355467 36.5895084038 36.4523869663 36.756028447 36.3318998881 36.8099149533 36.0868445876 60.6452150524 36.0831294638
0 0 0 0 0 0 0 36.2841318677 37.391924588 37.3195166777 36.8588155875 37.3668437026 36.4782698695 36.6466269289 37.2446229601 36.524942274 36.0275060152 37.1455871303 36.2370745881 37.021466694 36.1127171767 36.1576756972 37.2205734584 36.814788682 36.1082956921 60.000108793 50.451016171 62.5240290669 62.5240290669 37.2164410142 36.7371539087 36.393190469 36.6781617496 36.458111662 58.0590537796 58.0590537796 59.9409788807 59.9409788807 36.4191647807 37.2917658671 49.2396616416 36.1403196779 36.765817478 36.3816722713 53.3404169617 36.0951182626 37.0332629583 37.0472074976 36.8451421836 36.6940988925 36.5084532183 60.6452150524 60.6452150524
0 0 0 0 0 0 0 37.3886566942 36.1317172799 37.0336668213 36.3674301854 36.4856922597 36.1587362338 36.6169510164 36.1476735186 37.2366435535 37.236908973 36.452619518 36.2733557751 36.755005312 37.0447980632 37.202515686 36.9742655329 66.4225892332 66.4225892332 60.000108793 60.000108793 62.5240290669 36.1630410002 37.054331323 36.8126464624 37.1255788841 37.0089580927 37.2529369221 58.0590537796 58.0590537796 59.6153323308 59.9409788807 67.9965124543 37.1593422455 37.0686551906 36.1103103758 36.6559867576 53.3404169617 36.3486603625 37.2359582564 37.0171012227 36.2913106738 36.5966272938 37.1142694074 37.0807890537 60.6452150524 56.3526138879
0 0 0 0 0 0 0 0 36.1258174188 36.888320965 36.8898895737 37.0077080361 36.6951351541 36.2770586029 36.0613205861 36.966773284 36.9626140995 37.2564270945 37.1570639552 37.394911612 36.0207866239 36.9502343147 37.3567854784 36.6632471045 37.1472420745 60.000108793 60.000108793 36.6550279496 36.4053565229 36.4308610747 36.6874477365 36.5602908123 37.2066839246 36.101785333 36.5895066907 36.9944948372 36.495994439 36.5680206534 36.2821751637 36.3173142851 36.5134122704 37.1344232677 36.3808589384 61.339824901 61.339824901 36.5959725604 36.0539498711 36.8197380378 37.1639867764 37.0276889023 37.3704203794 36.561137517 37.0044227736
0 0 0 0 0 0 0 0 0 36.6184150501 37.3734064176 36.647615784 37.3974221576 36.244976879 37.0032559022 36.0868067315 36.8092034617 37.1632584357 37.3975770819 36.6601764088 36.3867634776 36.5656746324 52.8753985354 52.8753985354 36.0558569788 36.9613692282 36.4966270181 36.5579019505 36.7064947724 36.0799319604 36.2721017724 37.1512716933 36.4652639631 36.8025820977 37.0451113761 36.2116918722 36.0586875918 37.1378820764 36.0180973636 37.0304318766 37.0259909199 36.3039841041 36.2354529639 61.339824901 62.5840390421 36.3214323348 36.2107186799 37.1575302113 36.9945524758 36.1285000565 37.0708404706 36.0032080562 37.4141426115
0 0 0 0 0 0 0 0 0 0 0 36.0627884293 36.127826431 36.971482095 36.9190602482 36.3520927752 36.3585893311 36.0311423797 37.0847273325 37.290893033 36.6285873177 36.6649813179 52.8753985354 52.8753985354 36.4467332325 36.6472593612 37.0679244788 36.0802364537 36.2728962698 37.3827544576 37.1161077117 36.4390004492 37.0772491833 36.3001608667 36.9009827982 36.3791892773 36.3967197892 37.3406072867 36.623155065 37.3930376612 36.0998200749 36.4966832966 36.3475452324 37.1454038632 36.5776859636 36.2164550067 36.180037654 36.5829312024 36.1404961252 37.0770502799 36.4163423814 37.2133083504 36.4365554692
0 0 0 0 0 0 0 0 0 0 0 0 0 0 36.2021632679 36.7440535802 36.4505717511 37.2667207876 37.1656274147 36.3408021236 66.7967669034 66.7967669034 51.8629746446 51.8629746446 36.8219299721 36.1494372609 37.3937641487 36.8415896491 36.3083861792 36.5863393814 36.7130996192 36.4107030309 36.4346484647 37.1116953848 36.5571055057 36.0097310826 37.0851595587 36.1888372582 37.1141801777 37.1702576127 36.8002677345 36.0228204772 37.2610290382 83.7249980748 36.0981463211 36.7225660552 36.9688797685 36.2367537189 37.3076324823 36.3334234 65.7689401687 65.7689401687 36.3933933968
0 0 0 0 0 0 0 0 0 0 0 0 0 0 0 36.5564524614 36.6189751314 37.0444116765 37.2717378852 37.2869757574 66.7967669034 66.7967669034 36.5898565679 36.798161569 36.4526971926 36.400669863 36.8869971547 36.4070455523 37.2753041115 36.9057587636 36.2449492689 36.5759027384 36.5565153547 37.1043737621 37.1855484348 36.7096608678 36.1360308977 36.0352357617 36.6338454987 37.1192049679 37.0728367541 36.0168840951 54.0124918535 54.0124918535 54.0124918535 37.2865688514 36.8616728573 36.7171630173 36.0517820715 65.7689401687 65.7689401687 65.7689401687 36.1168543804
0 0 0 0 0 0 0 0 0 0 0 0 0 0 0 37.3739202923 36.4432550447 37.0819381963 37.3636184411 36.9638231644 37.0022780799 36.5110625456 36.643318297 37.3388825317 36.7074169155 36.6983906206 37.1771550276 36.4372391838 36.0628587947 37.3829237224 37.0632498854 37.0159845943 36.6523372698 36.7412629704 36.8757252452 36.2333412997 36.9577243652 36.0431936278 36.2228314017 36.5400876109 36.8716066904 37.3273556449 83.3945359724 54.0124918535 83.3945359724 37.2535637681 37.2568155665 36.6681829688 36.1850623119 36.3779623034 65.7689401687 36.3114104538 37.2698244898
0 0 0 0 0 0 0 0 0 0 0 0 0 0 0 0 37.3123029029 50.2036403625 36.3036314637 36.1800600305 37.1143284132 36.5902841575 36.3382476431 36.68916372 37.0186790615 37.3437664269 37.0570167353 36.5303331554 36.8331306689 37.0315307613 36.7751451742 37.3955278265 36.7441276131 37.2551525234 36.9027702016 37.4060011233 36.9683225809 36.5212594348 36.7619508494 36.0206603238 37.3375049919 36.3250718184 37.0292368607 83.3945359724 37.246838578 37.2200002973 36.5694639342 36.8261628531 36.3595043053 44.2102927336 61.3667502697 36.1751370668 37.1281063172
0 0 0 0 0 0 0 0 0 0 0 0 0 0 0 65.906819876 84.1543117956 70.4827538 37.4047008469 36.5516794941 36.1301068667 36.4888924605 37.2048746771 36.3174651268 37.3013045795 36.9768262998 36.7362172961 37.028276136 37.1138836075 37.1462354638 36.3076617813 36.5642924156 36.4875527337 37.3332326227 36.1527410707 36.0105529886 36.4719960872 36.132998884 36.7907042667 36.5282994517 36.1288494253 36.0016297233 53.9839928572 53.9839928572 37.3159462275 36.3250449945 36.3767199686 36.4644853864 36.3075720986 36.3170535484 37.1508499005 61.3667502697 37.0431432322
0 0 0 0 0 0 0 0 0 0 0 0 0 0 73.9985808492 82.3060746599 79.3481555313 71.7710185849 36.0024654605 36.2397991582 36.4659249578 36.2766587371 36.2170215933 36.9059603947 37.1127541392 36.4075447947 36.32795589 37.1824130441 36.9536336353 36.664382471 36.1352616453 36.705403848 36.096880796 36.543543456 36.2887555894 37.378608902 36.5286496328 36.2978978977 36.3000186411 37.3323528531 37.2561881546 36.8214580034 36.3604276679 37.1167672503 36.1627506801 36.0430254233 36.8751976144 36.3624668822 36.4928046543 36.9599473154 37.3028953061 65.4717073659 36.5520142656
0 0 0 0 0 0 0 0 0 0 0 0 0 0 0 72.7828352843 69.0326963656 79.415991944 37.0019011701 36.2716210738 37.014707345 37.292231844 36.7952854306 36.2362090019 36.5263365891 36.4033658297 36.0918375414 37.2230781705 37.0798513583 36.3598059275 36.120388615 37.1881283676 36.9678869435 37.3283602054 36.3623078337 37.0437500622 36.2868646631 36.7149724699 36.3572992601 36.4299270935 36.760912338 36.5792624261 36.5322798216 36.5266544513 36.2582411326 36.7294856634 37.33856603 36.870681344 37.4140382855 50.028381196 50.028381196 50.028381196 36.9693663806
0 0 0 0 0 0 0 0 0 0 0 0 0 0 0 0 0 36.7818104285 36.7018846972 37.2602588841 37.2757000934 36.993358479 36.9730513411 36.3725306796 37.4134814813 37.1807236073 37.3134849851 36.3303943596 37.0550791059 36.5699390593 36.5796876891 36.2677814043 36.5528157921 36.0186191955 37.1984259018 36.2501701133 37.0248298219 37.4087691068 36.0470703352 36.8110482896 36.9731097584 36.867399949 37.0515496473 37.077304613 36.8216687605 36.5642051078 36.9858287776 37.4070049997 36.3723690454 50.028381196 50.028381196 50.028381196 36.657048381
0 0 0 0 0 0 0 0 0 0 0 0 0 0 0 0 0 36.3414501076 36.4277340157 36.63137436 36.5967349642 36.4105934992 37.003747854 36.4979979607 37.411897454 36.8342608484 36.0022887792 36.0488970619 37.1958905602 37.0790194509 36.0363067404 36.6691430651 36.7601224243 36.1473813554 36.1372874805 36.2905183421 37.3082498486 36.5716225773 37.3817442867 36.2229696263 36.8790637437 36.8530558614 36.638570719 37.1354929734 36.7459241391 36.4551944215 37.1345818819 37.2248384452 36.0780116627 53.2406470668 53.2406470668 53.2406470668 36.4087594127
0 0 0 0 0 0 0 0 0 0 0 0 0 0 0 0 0 0 37.0331768787 36.8604698648 36.0585060926 36.9265923156 36.5061142338 36.0398304365 36.708276095 36.4280155562 36.1257678 36.8558218489 36.3633734815 37.1927886863 36.5582367141 36.4427514727 36.5635763282 36.8259925116 37.0250141041 36.6094390751 36.6357914084 36.9397569884 37.2660513508 36.6620642908 37.1637588474 37.2681967687 36.8483353499 36.4755531182 36.3141065025 37.1891178934 36.2579005324 36.1022733103 36.9620612291 59.6985050242 59.6985050242 59.6985050242 36.2566639745
0 0 0 0 0 0 0 0 0 0 0 0 0 0 0 0 0 0 36.6022102095 37.011865064 36.6531444774 36.8248025362 36.1196420072 36.1856611371 36.8312785575 36.270080223 37.3166620999 36.3429397202 37.125563521 36.4451705713 37.0598686293 36.60032155 36.9085304035 36.2520735377 36.8106421089 36.9450505508 37.0787096198 37.2331067886 36.0034572984 37.0811257901 36.1250386791 36.3580867207 36.3564762158 36.376240976 36.8890930096 37.0796929925 36.3532668699 36.0073715342 37.4117505868 36.3987889485 37.0536756673 36.2345404668 37.1284036758
0 0 0 0 0 0 0 0 0 0 0 0 0 0 0 0 0 0 0 36.4163199861 37.3525307749 36.8994629837 36.4142049022 36.7588058172 37.3660525049 36.3211514812 36.9689271286 36.0295170319 36.5916315713 36.1572061729 36.940539218 36.0994506696 36.8050915048 36.4534082666 37.2593851034 37.1678742242 36.2684497158 36.5357398665 36.4692855436 37.2274378693 36.2225992127 36.8679065132 36.6839396577 36.7249137326 36.8679176852 36.0065080043 36.3334817596 37.2451880046 36.689850831 59.0948759594 59.0948759594 37.3971804714 36.0096595424
