Spatial_Output/BAU/BAU_0351.asc
NCOLS 155
NROWS 192
XLLCORNER 196307.867259
YLLCORNER 449144.565805
CELLSIZE 33.573938
NODATA_VALUE NaN
[rows 25 to 49 of 192, columns 0 to 56 of 155]
0 0 0 0 0 0 0 0 0 0 0 0 0 0 0 0 0 0 61.7286848938 66.5868188686 26.9648243771 26.9648243771 44.7663570927 48.8587037233 54.9732837411 54.9732837411 36.2829606701 37.2506269805 36.4549801975 36.3872399525 36.2688356696 37.0369430651 37.0902138269 36.0863970844 36.5935400135 36.7296934594 36.5724790748 36.9595064137 36.7446616684 36.2126266396 36.5316220585 36.9235205684 36.5048075411 36.3028521464 36.9565776804 36.1890236424 36.4524228287 36.8940251258 36.0104166073 36.9589219472 36.6214080729 36.4430309184 36.8170105124 36.7160550046 36.1072886975 37.3368522878 36.8931195893
0 0 0 0 0 0 0 0 0 0 0 0 0 0 0 0 0 0 0 0 0 36.8352458087 27.1845274679 27.1249496836 54.9732837411 36.2429114862 50.3140063702 56.8431294055 56.8431294055 36.3848367179 36.6038181722 36.3480649188 36.9881705539 36.6776710679 37.3561686243 37.2818831659 36.2944155626 37.095771617 36.9567480229 36.5208956031 36.4452854934 36.9479402053 37.0568869513 36.5054754436 37.3814741888 36.7290436623 36.2503864644 36.1900941898 37.3054109335 36.9708641554 37.3647538565 36.7146384429 36.1533530767 36.1881504104 36.4717188312 37.300720878 36.6342734072
0 0 0 0 0 0 0 0 0 0 0 0 0 0 0 0 0 0 83.736513865 37.3187836672 36.190306729 36.424680246 36.7205567809 36.9402648665 36.8723278383 36.8796306362 93.2046200024 56.8431294055 56.8431294055 71.3247897384 71.3247897384 36.4314153346 36.4217381389 36.8990383345 36.4023675402 36.7707298573 37.1693005598 36.7935473866 36.4248789454 36.1241249685 36.4146690827 36.9626071798 36.880237597 37.2305171546 37.3330469801 36.3368233493 36.5922950835 37.016458191 36.1563326414 36.3375257383 36.706914936 36.4856695391 36.6141127005 36.4537922747 36.7843169645 37.158041444 36.0705018535
0 0 0 0 0 0 0 0 0 0 0 0 0 0 0 0 0 83.736513865 36.3131581733 36.9401356767 37.3956614976 36.5273469654 36.7948323243 37.1645763264 36.6255609584 36.2875896161 36.4527667426 56.8431294055 68.356514475 68.356514475 68.356514475 52.301166846 36.9418975794 37.337663927 36.1169626536 36.0652626469 36.1621904253 36.0085059207 37.3176018238 36.1421770899 36.2240949984 36.7105305639 37.2851098024 37.2752625086 37.121379928 36.1844665349 36.8715408061 37.3114807479 36.8105026117 36.9797424136 37.3644444725 36.6696627303 36.0973320734 36.5118969521 36.4340346248 37.2291431023 36.2274276094
0 0 0 0 0 0 0 0 0 0 0 0 0 0 0 0 0 36.3441867474 36.2385007653 77.1808286905 84.2141962115 79.2109262012 37.1954799329 36.2665075806 36.9844484056 37.2412469852 37.2062698256 61.8305326923 71.3247897384 68.356514475 52.6051273393 52.6051273393 72.7734794057 36.3468549902 36.1817947691 36.7307595032 36.210463119 36.3765777808 37.2154043158 37.0384692787 37.2567236421 36.2152647988 36.7240094551 37.3338514816 36.370215113 36.2995084924 36.5112918535 36.7588267507 37.0821602656 36.5712884144 36.9512125516 36.2027582495 36.3301073508 36.3768320248 37.4029186908 36.7783447641 37.0886162852
0 0 0 0 0 0 0 0 0 0 0 0 0 0 0 0 37.1132102368 36.9460955725 37.4006852711 76.3914926299 74.2510702947 71.4665230877 36.7844962084 36.5344534291 37.0211190156 37.1787420021 36.5195062911 37.1563786868 36.9241941357 36.0787878692 52.6051273393 52.6051273393 60.4043068219 36.8712213478 37.2370948876 36.1051761407 36.0531057044 37.3929716854 37.2204489111 37.0387735352 36.0440280761 36.1624409075 36.8544662168 36.9569932916 36.8050789317 36.1550580953 37.2912583023 36.9008815899 37.1474339703 36.1502010802 37.3816452891 36.1798138205 37.0400010347 36.4874355275 36.3498906976 36.8726821999 36.5485366966
0 0 0 0 0 0 0 0 0 0 0 0 0 0 0 37.3595181868 36.7903282513 36.761496775 36.9628838082 68.5313390801 81.6691766828 79.5420457434 74.3116151358 36.939711009 36.9605159549 37.259613765 37.2756426285 36.3974302683 36.3591628503 36.8732649222 72.7734794057 72.7734794057 63.443689572 63.443689572 75.9808163894 37.1452605339 37.3990285041 36.3508779352 36.1849389636 36.965283776 36.9994418289 36.1994540702 36.036203885 36.9615941064 36.7059816839 36.6572256702 36.6858885423 36.1923308268 36.6676783355 37.3947842086 36.3408898154 37.0781702132 36.0711853403 36.0476707299 36.4609411997 36.2965562192 36.966571131
0 0 0 0 0 0 0 0 0 0 0 0 0 0 0 36.08210234 36.6609657296 36.8579990498 37.2605662632 72.9125023024 82.7926514256 67.1278385961 84.1955348426 63.6237953715 36.7854305603 36.1250992564 37.2814220088 36.3413562888 36.1052083759 37.1370325068 36.154030748 37.0822079245 63.443689572 63.443689572 68.3602657985 68.3602657985 36.9024739737 36.8183460433 36.0297749906 37.0870853367 37.0874681576 36.2160078547 36.5447332921 36.0279894387 36.5919514883 37.0916171693 36.7706837044 36.1233415542 37.318248012 37.4008098152 36.3949332106 36.6814272303 36.5995948375 36.3598783038 36.2860931532 36.7157903905 37.3643212345
0 0 0 0 0 0 0 0 0 0 0 0 0 0 0 36.7677282827 37.2450314988 36.2229230785 36.0421007556 36.3785993552 71.7427835849 77.6196865982 78.0014197163 63.6237953715 36.3268691854 37.2995658328 37.4113716021 36.194702164 37.0614488249 36.767773747 36.1593170542 37.0129209293 63.9884944338 68.3602657985 57.6504846606 57.6504846606 57.6504846606 37.129815439 37.2128597485 36.0757766149 37.1974862837 36.7304144511 36.743805263 36.521130894 36.8406959566 36.8953958581 37.3552427655 36.4370409132 36.1226410669 37.0398114095 36.5398415524 36.239695261 37.1478408074 36.3586143092 36.2724576914 36.7851570215 36.841886263
0 0 0 0 0 0 0 0 0 0 0 0 0 0 0 36.4823070692 37.3619050855 36.4218897511 37.1682701572 36.6660199493 36.212540695 36.1277220007 36.2859553146 37.1832806623 72.5662437808 68.1367486275 68.1367486275 36.8382047389 36.150043877 37.0339851138 37.264121062 36.5612596881 36.0136346369 36.1634153685 61.637432197 57.6504846606 51.3716445945 51.3716445945 36.7454763243 36.3070445 36.8682443528 36.631508734 36.9738690317 36.7801697846 36.1386616713 36.436726249 37.2818917684 36.9982436322 37.259604139 37.1303984413 36.7807597584 37.1180349541 37.0509903836 36.258842883 36.6658328685 36.0657204614 36.366177565
0 0 0 0 0 0 0 0 0 0 0 0 0 0 0 36.1730787492 36.5397247137 37.0145158867 36.9570826598 37.0717492839 36.1579854578 36.2786600413 37.1707299824 36.6404164295 36.1660072536 68.1367486275 68.1367486275 36.1635099344 37.0654566471 36.6035102871 36.389666187 36.8441442499 36.8132373543 36.0363015768 37.1824356236 36.5668180541 51.3716445945 61.598831499 37.3531585939 36.5886383998 36.3990304227 36.3581657932 36.6360610819 37.2723310447 36.2850655681 36.7921339904 37.1219919019 36.2060630449 36.069527615 37.0378344482 37.3448519128 37.1323276461 36.1862060583 36.7537732553 36.5190595272 36.727444595 37.2544059248
0 0 0 0 0 0 0 0 0 0 0 0 0 0 36.8565449703 37.3125541543 36.0106657546 36.1727876175 37.3613789754 37.0984277853 36.7327282134 36.2614927419 36.9331282711 37.1494706576 36.6876815659 68.1367486275 67.9769153578 36.4664363846 36.5405111338 36.2993850193 37.0927040181 36.6957027669 37.1281856264 36.8711580397 36.5797878121 37.196444711 61.598831499 37.3149511667 36.0021572049 37.1308924302 36.42743204 36.4201356351 36.6078764884 36.9014235495 36.4674660074 37.2034574493 37.0455737915 37.1682707804 37.3657805261 37.1311537092 36.5932990463 36.0056806329 37.3646773397 37.3888876728 37.1695667353 36.9982353339 37.2955249952
0 0 0 0 0 0 0 0 0 0 0 0 0 0 36.3294007208 37.1870822962 36.058467504 37.3132826511 36.8348934109 37.3174657698 37.3832803935 36.3782218259 36.1437251098 36.1227117034 37.1768631347 36.6592578277 36.1834327444 37.0877814814 36.737700518 36.7691909433 37.1003954309 37.1910667351 37.1441650685 36.1965516288 37.195729989 36.9800709919 72.8805740246 72.8805740246 70.6461739056 37.1720972104 36.2569963142 37.1733458301 36.7773257267 36.8245973833 36.3009268776 36.1986692696 36.5780304034 36.716950235 36.0827888235 37.1479019687 36.7058095915 36.6611682426 36.0927680175 37.236869755 36.2605922563 36.4313500054 36.9618983087
0 0 0 0 0 0 0 0 0 0 0 0 0 37.2242214138 36.156391498 36.9497848927 37.2017221465 36.0432071668 37.2679605346 36.3228974742 36.6978367226 37.02981341 36.1684783814 36.0334423442 36.8487443969 36.2191422409 36.8491466312 36.8539604423 37.1609218356 36.1465303011 36.2235367774 36.0603792949 37.1366122181 37.1448566374 36.9512534192 72.8805740246 72.8805740246 72.8805740246 66.3332983043 36.3603139137 37.0806056585 37.1940585987 36.0504949081 37.2981802232 36.8045552586 36.0788973514 36.1707980348 36.3569615308 36.6236440817 36.9363559844 36.9823827651 36.4346387971 37.3388056637 36.6536098537 37.2173842133 36.6052875175 36.2394260713
0 0 0 0 0 0 0 0 0 0 0 0 36.3540271153 36.3923849701 36.261402463 36.2469313781 36.9431033372 36.0400435406 36.8033633247 36.273664588 37.3389706574 36.9754025651 36.4310031357 36.2803680732 36.601698193 36.3810526491 36.4828914844 36.552256894 77.0445682061 76.4756472906 64.5717966157 36.5309038453 36.1528077289 36.0853469036 36.341486955 36.6881513694 36.4604529619 70.9088716404 70.9088716404 70.9088716404 37.1940288278 37.3252852032 36.4572572164 36.5448293402 36.4455430147 37.3207849568 36.5051233529 36.5260285364 36.2076056041 37.0677490471 36.8398029239 36.0428177133 36.2467372989 36.6271097477 36.7893581554 36.0050586764 36.7974129036
0 0 0 0 0 0 0 0 0 0 0 37.2909186042 37.0805347015 37.2788884172 36.032614987 36.8022638341 36.0431960196 37.2317268366 36.9615963456 36.8520803205 37.4062106025 36.5246531382 36.9064641039 37.1642801011 36.2419531684 36.6895973245 36.8302109938 36.4596702857 79.0318662203 75.5169770068 70.2848616539 36.6706949761 36.6851145879 36.9631784566 36.4528973807 37.3117574894 36.7862154658 70.9088716404 70.9088716404 63.5188629608 61.3653533694 36.6732588753 36.1629060332 37.0994388503 36.8522965073 36.1626930198 37.2929744892 36.8602947719 36.7235879666 37.4117716091 36.370159002 36.3831312592 36.958714583 36.615568479 36.7571013776 36.5240568832 37.0798983586
0 0 0 0 0 0 0 0 0 0 36.4460198496 36.7859417532 36.5658155178 37.2368223236 37.0233706948 36.677689989 37.0341343415 36.2367173361 37.2926739527 36.3000791954 36.9951265749 36.2853198418 36.5407206474 36.4861202621 36.8658510339 36.6779206781 37.080280366 36.3311342772 73.7226775526 66.3378345086 72.3420070345 36.7233543393 36.9103429621 36.6693389186 36.8415381034 36.9572948466 36.1870611709 63.062681073 63.062681073 53.9308193315 61.3653533694 37.1484483458 36.3210392258 36.4944819095 37.3741460825 36.1199611796 36.5451305724 36.2946995572 36.6773252678 37.3241730569 36.8702282576 36.2642814694 36.9529565044 36.9300329107 36.8307350257 36.1307598288 36.3531596701
0 0 0 0 0 0 0 0 0 0 36.0000757643 36.0409940933 36.2300870123 36.9308163143 37.2800093144 36.5551199978 36.3775439055 36.8968337226 37.1847199241 36.5045330236 36.3147089891 36.5155195716 37.2281192597 37.1864753056 36.9798634688 36.6745101966 36.43090804 36.0193323661 68.9273344137 72.0208388284 77.1373578127 36.7231789176 36.3158135924 36.7170279712 37.1316989266 36.4259922397 36.6681636271 37.0315567445 53.9308193315 53.9308193315 53.9308193315 36.7478917527 37.211300273 36.9677373181 36.4871873386 36.226061424 36.0648935449 36.1707100113 36.7010471722 37.0308642176 36.213824895 37.2846178037 36.6892924473 37.2725433434 37.3576022423 36.2873963087 36.7727973302
0 0 0 0 0 0 0 0 36.5132864389 37.173296662 37.033668328 36.6443738668 36.2542236951 36.9786237607 36.134417609 37.1027076515 36.540644452 37.0105990899 37.3868523374 36.3401706544 36.4823000654 36.7196751437 36.6916827367 36.4518623942 36.2988166851 36.5428605838 37.404760681 36.1384440656 36.504140147 37.3254443013 36.9672586377 36.3986183829 36.2556617801 37.3727357974 37.3443355208 36.1111885862 37.2976225014 49.4725921541 53.9308193315 53.9308193315 51.5898600261 36.59426245 36.1109085369 36.824521493 37.1183790658 37.3733895033 36.142641043 36.422369356 36.3815778929 36.1206362549 36.3854049351 36.4467846765 37.2533345471 36.4548895463 36.217856816 36.7003524894 36.7032486675
0 0 0 0 0 36.1839166467 37.2639251859 36.8749585128 36.2659449917 37.2686161136 36.9933512723 36.2288531676 37.1407318837 36.2429821761 36.0503344152 36.7468041113 36.4426428869 37.305030174 36.5340754196 36.7396140942 37.2407729533 37.1194553691 37.3048852014 36.960325184 36.3971367024 36.0918534979 36.7199421847 36.3724656672 37.3439045184 51.2141269034 37.2384042454 37.0229870482 36.6008463432 37.222085344 36.6265520884 36.4048410519 37.3147234853 36.0371095231 49.4725921541 49.4725921541 36.8361289794 36.9212854745 36.7106595827 36.5785328049 36.6307754908 36.23081501 37.2855951027 37.0660417567 37.3270587375 37.3304408083 36.6979169512 36.2082915792 37.0046914605 36.03040395 36.755907327 36.7925321291 36.6759469572
0 0 36.842517728 36.0169893999 37.1604704831 36.5109790562 36.0312051006 36.8434899992 36.4568117384 37.1064353534 36.2308125457 37.3625418465 36.0340336941 36.2899490915 37.0927636106 37.156051021 36.2180078761 37.3713712365 37.0187505611 36.8024954631 36.5641429347 37.1011831447 36.9183193795 36.8582843572 37.1353912903 36.167044629 37.3627947098 36.3244189508 36.1628780565 36.1158618389 37.1027486339 37.2976501751 36.9333855494 36.1309232218 36.9710453404 37.276750835 36.0365650477 37.3946609065 36.4710670571 37.2102574033 36.6698722018 36.3541191413 36.2505647799 37.3165575589 36.6994818578 36.272077212 36.8834404776 36.7975248365 36.8435015804 36.1637557643 36.7912919984 36.2368770933 36.6211143679 36.7122061012 36.3930512702 37.0930661474 37.0342777274
0 36.7726563211 36.2368497289 37.2027191082 36.2192993397 36.846066653 37.1285639663 37.2870501681 37.1728668274 37.1918358891 36.1363641658 36.0878549606 36.9357253804 37.0257457624 36.3303400852 36.3771497592 36.8591565831 37.1198936735 36.6342877259 36.6892925758 36.4806674278 36.4028672822 37.0566624119 36.8969673914 36.4444588582 36.4688802629 36.6624584551 36.7324324159 36.0613710173 36.3186776292 36.3548551105 36.6373542946 36.7896852787 37.2520958218 37.197719873 56.0752870051 56.0752870051 56.0752870051 36.1775022913 37.0622218695 37.2815074705 36.9955930292 36.1258336689 37.2615728854 37.408851563 37.291467003 37.2226015701 37.1683481436 36.1697273991 36.0705706065 36.3930157082 37.1326574289 36.8959531816 36.0899475284 37.2794051701 37.3365286959 36.7245644427
37.265323323 37.2673677797 36.8215013199 36.0260232849 37.2307590075 37.1889123425 37.1486652687 36.7472862518 37.1008274655 37.1379203098 36.2861781548 37.1476700364 36.9779101859 36.6770446415 36.7200264083 36.983674062 36.0791362177 37.2534701218 36.7958885392 36.8749725198 36.7178657073 37.3461512862 36.9735936624 37.2702292184 36.4779739317 36.3099321333 36.5767118494 37.1765016548 36.1570737559 36.3423870695 36.2921600319 36.760462416 37.35251784 36.3586555416 37.039966323 55.705295345 56.0752870051 56.0752870051 64.857076201 64.857076201 36.5717860573 36.6816941235 37.1022413345 36.9684928465 36.9905984849 36.0655616336 36.2322992403 36.6434309273 37.2165178344 36.6102882477 36.8809920803 36.9849059569 36.0854831346 36.5206055187 36.9715855947 36.3771287742 37.2230700285
36.7325911097 36.1770197155 36.2161629994 36.270433747 36.8102521109 37.2782311978 36.2205286278 36.8506807111 36.8947908368 36.9837467961 36.5365608872 36.5152823395 36.9120018718 37.3682343623 36.0296367815 36.1609258332 36.6215544306 36.9094956989 37.0056396703 37.0401297196 36.3377121098 36.0802458453 36.6306892381 36.7033229078 36.4249891308 36.3070533564 36.9284951158 36.9209019897 37.2209245432 37.1240102393 37.2030360941 36.3500038804 36.6787631764 36.5174490275 36.2728444523 55.705295345 55.705295345 68.5724069228 68.5724069228 68.5724069228 68.5724069228 36.4333985239 36.7162814104 36.3868099108 36.0818886664 36.5340750069 37.0376884417 36.3650251706 36.5305090082 36.1567343016 36.4113043185 36.5995300674 36.5177127324 36.1504074237 36.7012903039 36.8354957583 36.072461491
36.6681629245 36.814007899 36.5220738088 37.3647955966 36.8189383652 36.6870839009 36.5053979162 36.5120230613 37.0180122981 36.3519036937 36.5972100248 36.2587589186 36.9011827521 37.0780941866 36.5351497282 36.4889136691 36.9410982558 37.1231651239 37.2746394221 37.39367677 37.0510675287 36.799091968 37.1310775528 36.5150128566 36.7707075649 36.9195126005 37.2373204076 37.0100431962 37.0574594239 36.3542532377 36.7733327392 36.6775423379 36.5044097964 37.3574446718 36.6682950328 36.2907352149 37.0509563989 71.540605846 68.5724069228 57.2945149188 37.1926597288 36.3798593087 37.2232338244 36.4405724467 36.7215996069 37.289116484 37.1915035184 36.3358670705 36.0881018685 36.1667632779 36.9368601666 36.1436139198 37.2231926214 37.275690849 37.0415876291 36.9178776649 36.255168578
