Spatial_Output/BAU/BAU_0437.asc
NCOLS 155
NROWS 192
XLLCORNER 196769.923733
YLLCORNER 449719.875193
CELLSIZE 27.603701
NODATA_VALUE NaN
[rows 0 to 22 of 192, columns 0 to 52 of 155]
59.8178016822 64.1504703352 56.7570624992 56.7570624992 56.7570624992 0 0 0 0 0 0 0 0 0 0 0 0 0 0 0 0 0 0 0 0 0 0 0 0 0 0 0 0 0 0 0 0 0 0 0 0 0 0 0 0 0 30.7808683731 30.9113795535 30.6441857593 31.1048219546 30.5433428833 30.61807828 30.6455163913
0 64.1504703352 56.7570624992 56.7570624992 46.4411555385 78.3563354249 50.8271961504 0 0 0 0 0 0 0 0 0 0 0 0 0 0 0 0 0 0 0 0 0 0 0 0 0 0 0 0 0 0 0 0 0 0 0 0 31.2032399782 30.7418520722 30.7233697786 30.5031373272 30.9299079976 30.5565181821 30.5113064676 30.7734164781 30.5238861878 30.6271003597
0 0 56.7570624992 46.4411555385 78.3563354249 78.3563354249 59.3797818134 39.4478369932 0 0 0 0 0 0 0 0 0 0 0 0 0 0 0 0 0 0 0 0 0 0 0 0 0 0 0 0 0 0 0 0 0 30.7199438725 30.9963651399 30.6083997411 30.5870780288 30.6754263004 30.584569705 30.5748441701 30.5433758069 30.6116060411 31.0911953339 30.7727645375 30.6802342826
0 0 0 68.7746835531 41.1374817246 59.3734829173 59.3734829173 59.3734829173 60.7809494397 0 0 0 0 0 0 0 0 0 0 0 0 0 0 0 0 0 0 0 0 0 0 0 0 0 0 0 0 0 0 30.5182881301 30.7954213021 31.103076567 30.6588163707 31.0070985603 30.5519093447 30.7184654096 31.0686383544 30.6541079347 31.0921077609 30.9347739461 30.5026511683 31.0927756166 30.9382022011
0 0 0 0 0 59.3797818134 59.3734829173 51.2326658081 51.2326658081 51.2326658081 0 0 0 0 0 0 0 0 0 0 0 0 0 0 0 0 0 0 0 0 0 0 0 0 0 0 0 30.6030726824 30.9949774011 30.6968621829 30.5079746279 30.6932773138 31.1832129736 30.6914012116 30.6889906027 30.7553104908 30.8313479854 30.8554739124 31.1537975954 30.8395789169 31.0403973003 30.8546810168 30.7740991476
0 0 0 0 0 0 50.0406325716 51.2326658081 59.6486690193 56.8634843703 56.8634843703 0 0 0 0 0 0 0 0 0 0 0 0 0 0 0 0 0 0 0 0 0 0 0 30.8530453703 30.5329050363 30.7659073266 30.5807856239 31.1303600021 30.9499316349 30.6085878761 30.7801410805 31.009372056 30.5122919834 31.1851560646 30.7890676225 30.6076783597 31.0976516125 30.586597949 30.9067884026 31.0267480998 31.1624683999 31.1910673124
0 0 0 0 0 0 0 51.2326658081 59.6486690193 68.9372123698 68.9372123698 68.9372123698 67.3490307335 0 0 0 0 0 0 0 0 0 0 0 0 0 0 0 0 0 0 0 30.8613207293 30.8470495181 30.7539951843 30.621897303 30.6511773645 30.8129953057 30.684552555 30.7623700864 30.9076951051 30.6811638136 30.6136038077 30.5295567762 31.0181681389 30.6900051978 30.5597183298 30.9417754011 30.8821366128 30.8239920263 30.9956890526 30.62025372 30.5923794535
0 0 0 0 0 0 0 0 51.1052424017 56.8634843703 68.9372123698 68.9372123698 57.4883540706 49.6365866659 30.8975100306 30.5294194042 30.8160066949 30.5731270212 31.0669635704 31.1755615878 30.7378638669 31.1080339361 31.013093603 30.7291883856 30.5482336877 30.6416436987 30.5703638438 30.605579397 30.5947471978 31.1002928995 30.8793739603 30.777438785 30.5822304552 30.9996250579 31.0286016969 30.7307070734 31.1870801339 30.6552564791 30.6453039913 30.5291026499 30.8380663119 30.5350647959 31.201615185 31.1534982825 31.0136216545 31.0752827855 30.9117100489 31.0591378312 30.8108215266 30.8364655708 30.9385833639 30.8457955332 30.5156618692
0 0 0 0 0 0 0 0 0 49.9255092425 44.4665962372 59.1009216406 48.7409934256 46.8158836496 31.0107315694 31.1632525963 30.533503439 30.5991017036 30.6681664559 30.8769865517 30.9650154783 30.6637741722 30.6880415582 30.9990540955 30.8412844679 30.9407143045 30.684151689 31.1338827585 30.8850881965 31.1614584489 30.8378554105 31.003436496 30.7656486388 30.738890701 30.7026123624 31.1886921933 30.8225359168 30.6526705057 30.5139617649 30.7925807056 31.0814578645 30.9198650959 30.5725188161 31.0088001862 30.7528483366 30.7757497101 30.9329795007 31.1971877696 31.1885117711 30.8967846897 30.5340750999 30.50408487 30.8681136746
0 0 0 0 0 0 0 0 0 56.7447434717 49.2313297088 60.0926688414 52.6308395325 52.6308395325 52.6308395325 30.5657501847 30.836723768 31.0446799984 31.1316129024 31.0595999953 30.8556124794 30.8340401354 30.5455113483 30.921440795 31.1144987774 30.8705549869 30.9205284429 30.6205272359 30.7324159614 31.057113631 30.7087332184 30.9046125346 31.1936020032 31.1122250673 30.8299668987 31.1038787231 30.6097469384 31.0149063347 30.79341995 30.6058886316 31.1739708983 30.6184439822 30.7670933193 30.6538883486 30.8250523305 30.7802897405 30.6176575134 31.1897858785 30.9431022857 30.6584733167 30.5406155987 30.8907906954 30.9922618887
0 0 0 0 0 0 0 0 0 51.8396021138 56.3355416158 44.7269976772 52.6308395325 52.6308395325 30.5068285086 30.5326770282 47.6982382262 30.9559192114 30.8246784443 30.6106036473 30.9237228514 30.5578135146 30.8768726004 30.8609061466 30.5688441973 30.7505397684 30.7441146045 30.710736442 30.9850614496 30.743947458 31.1244143338 30.7526982593 31.0290663814 30.8272661403 31.1417378756 30.9728398628 30.8368685961 30.847733405 30.9113597441 30.5103223887 30.6849989732 31.1979999286 31.1334483209 31.1391469156 30.7727268686 30.7576809291 30.8121481114 30.8799685307 31.0547341877 30.7331403913 30.9443615724 31.0819772988 30.7636141935
0 0 0 0 0 0 0 0 30.5441577023 30.9149856038 31.0039954523 30.5258192147 30.8772739697 30.5108313619 22.7685721017 22.4980990675 51.3879051067 62.0979651418 30.924992789 30.7079477749 30.8625393907 30.6442372956 30.7101122566 30.998662743 30.894784234 31.0598108215 30.7298061679 30.6129467316 30.8636373615 31.1172537549 30.7935222511 30.5429017353 30.6940040712 30.8006304133 31.102969272 30.8590337116 30.7423557369 30.9879797173 30.7944558613 31.0075123153 30.7488731343 31.1195624564 30.9194881208 30.951628105 31.1457813186 30.7151747004 30.6171307832 31.0881263174 30.825805775 30.9115550598 30.8172822016 30.9242019578 30.502632477
0 0 0 0 0 0 0 0 30.9683819974 31.0409994659 31.2023682863 30.9814932447 31.135967761 30.9172397866 31.0216747201 51.3879051067 51.3879051067 74.6129645259 31.1030407686 30.7500277403 30.8769098556 30.7493682021 30.8043151625 30.748314747 30.5813726485 30.5450400252 30.6165209332 30.5407027389 30.6564521274 31.1984256057 30.7476027895 30.892183788 31.183680619 30.7354379558 30.5020586263 31.018304662 30.6387859145 30.7127180939 30.6037236215 30.6950054165 30.7590096383 30.6218537965 30.8647635704 31.1594407774 31.1280915231 30.9494612108 31.1832854965 30.8258054134 30.5632648245 30.815460872 30.8019309334 30.6800223483 30.5289172302
0 0 0 0 0 45.1286737055 51.2880707723 58.5492939352 30.6958506527 31.0399142386 30.8446756267 30.5441119108 30.9780125147 31.1307504575 30.8854712149 51.3879051067 74.6129645259 48.6873261633 48.6873261633 30.9312833621 47.0699717716 30.5041195991 30.7031313875 30.7697949765 30.5741767301 30.7782802065 30.9685345837 30.9762881077 31.0629535085 31.0273894834 30.6578603782 31.0267283051 30.6252840005 31.1803235087 30.5139456515 31.1411649 30.8038759617 31.2057114801 30.6563674845 30.6113666444 30.6766990204 30.6258941929 30.9841097598 31.1949752311 31.0127122662 30.8164117088 30.8552487413 30.8090312228 31.138534006 30.653936585 30.82592879 30.8743357334 30.5519279958
0 0 0 0 0 47.7035522317 48.799776986 48.5773863376 31.1382361019 31.0488369098 31.0678163015 30.5708584714 30.578261532 31.0729915674 30.5503787673 30.5198246898 74.6129645259 48.6873261633 48.6873261633 47.8054150093 47.8054150093 47.8054150093 30.9471749092 31.0648667197 31.0677889436 30.8801337643 31.1469871334 30.5936996401 31.0161974713 30.5003081647 31.0844382668 30.6255009067 31.1396964828 30.6709872755 30.8170969084 30.6837027823 30.6032522931 30.6108600488 30.517339474 30.8034140933 31.1694225956 31.0156965648 31.1815974929 30.7808804159 31.0409400847 30.7833791853 31.1092304688 30.8277265161 31.0194486828 31.1004379217 30.6344949879 30.9716015113 30.9891586212
0 0 0 0 31.0420170775 44.6044721064 44.6688728347 52.4246868093 53.86769376 30.5040839964 31.0284670316 30.5477678511 30.9746686055 30.5908208515 30.6449520449 30.6191884917 30.9009767129 31.021304808 71.6509329913 47.8054150093 47.8054150093 70.4162928765 55.9512487369 30.8735660954 30.8490029724 30.8569342287 30.8489483479 31.0259837753 31.1477409691 30.6575752593 30.6116291801 30.7457832701 30.6661425926 30.8754457575 30.6343123591 31.1377333272 30.8695331216 31.1772559369 31.0853618093 30.5046178458 30.996622031 30.8949260628 30.671858661 30.8083757338 30.6860730018 30.5949880096 30.5969790628 30.5845728941 31.1842579501 30.6680464176 30.6082838744 30.5806633502 30.6602629054
0 0 0 30.5809780204 30.8122524909 31.1393875319 53.86769376 53.86769376 53.86769376 30.5195674044 30.8797981079 31.1496371645 30.9534494958 31.2043701717 30.9519887889 30.5887689618 31.2002694879 30.6449130835 31.17875542 47.8054150093 70.4162928765 70.4162928765 49.3918479095 49.3918479095 30.6573293681 31.0639897576 30.573513924 30.8070367143 30.8471087959 31.1322922711 31.0853388413 31.1718881761 30.6162733737 30.7247227866 30.5705661138 31.1364389413 30.9922470763 31.123106003 30.8573337515 31.1734588214 31.1765384112 30.801482456 30.9203374142 30.6477919927 31.0055628005 30.5449475084 30.9175963737 30.8573539846 30.5453099497 31.1333964523 30.6548436273 30.5283269606 30.818137349
0 0 30.6914093055 30.607792032 30.6038155772 30.7104462061 30.8399429397 30.654353637 30.5408760412 30.9827130152 30.7859157129 30.7771519137 30.7895130419 31.1223585235 30.7004723753 30.993762 30.635173296 30.9894081617 31.0253870768 31.2034290239 30.709819403 55.9512487369 49.3918479095 49.3918479095 58.6535585756 58.6535585756 31.014504452 31.0097376736 30.9449359469 30.9230089738 30.7961600664 30.7996177484 31.1280753508 31.1462310714 30.8319086937 30.8980222061 31.128273153 30.5257803434 31.0482614926 30.7945219287 30.675801227 31.1351356426 30.647111056 30.9563734197 30.8448426793 30.5236609819 31.112448655 30.7450368557 30.5126917965 30.7949326727 31.1946084913 30.783152999 30.7032481928
0 0 30.8003675345 30.7762618595 30.8927318882 30.7286512916 30.9331610542 31.0112483395 30.7398288944 30.951046413 48.1185616436 30.5548761322 30.8279875746 31.1386089558 30.5622447467 31.0761168147 30.6781788036 31.159825611 30.9039461243 30.5972815163 30.7970862993 31.0741667562 49.3918479095 58.6535585756 58.6535585756 30.762735435 30.7894580405 30.7601646561 30.9358080966 30.9695519591 30.9609102749 30.6086622298 30.6607367424 30.5713809312 30.5296148576 31.1015686049 30.5009952107 30.640363672 31.1994474974 30.9094269313 30.5987604256 30.6778153318 30.9924623491 31.05012608 31.12315395 30.8278928439 31.0041632727 30.5932794519 31.1602913319 31.0009473228 31.0243476807 31.0178333905 30.8265653255
0 0 31.103747118 30.6991529257 30.8050912497 31.0228346705 30.8952800583 31.0863493419 31.1239912469 48.1185616436 48.1185616436 30.6782822788 30.9317530643 30.8186429786 30.6043162795 31.1753735449 30.8735304174 30.7583345145 31.1528523464 30.6695654806 30.9554329926 30.9109056383 31.0063845724 58.6535585756 58.6535585756 54.0961351347 54.0961351347 55.3708233234 55.3708233234 31.0125735349 30.8411491813 30.5054148094 30.7752336292 30.7955805956 30.7319986164 30.8096534741 30.9401726043 30.5006482003 31.0832128867 30.6990562674 30.7602713671 31.1677663331 31.1059554586 30.9899929185 31.0360473432 31.1591389913 31.1766358294 30.7253961499 30.7103582205 31.0008492292 30.7681660246 30.705973146 31.0920985748
0 0 31.1838722241 30.6917452351 30.9287397853 30.5343676602 30.5240899773 31.0292255995 31.1829250334 48.1185616436 48.1185616436 61.3697677579 79.2468028659 79.2468028659 30.5336917685 30.6783954493 31.0124540009 30.5166285458 30.8403948779 30.9814828615 30.9992684843 31.1166616118 30.862269447 30.5823530634 51.8050606285 54.0961351347 54.0961351347 42.4719161603 42.4719161603 30.5827625442 30.7744605098 30.9467139774 31.1864841651 30.7048430729 30.9162452408 30.5289800221 30.7532742589 30.7476089894 30.6830250334 30.940442478 31.1988052086 30.9840267919 30.8866450486 31.1326207014 30.5835408051 30.8504646802 31.137187258 30.6293736817 31.1313934211 30.7195525325 30.7530459944 30.8686309767 30.9556578848
0 0 30.6229625017 30.667708092 30.5229858807 30.6670298647 30.6606698736 31.2064242305 30.5934530669 30.8598502417 30.5930598294 61.3697677579 79.2468028659 79.2468028659 68.6238441915 68.6238441915 30.6912582312 30.5040744572 30.6154778076 30.8607810692 30.6677530302 31.0033653382 30.8444274263 31.1239366819 31.0764111661 50.984826781 50.3456119326 42.4719161603 42.4719161603 30.8028385745 31.1962046577 31.18517805 30.9988195454 31.0582424956 30.814510774 30.517881288 30.9071552828 30.8402404791 30.8216087876 30.5310849969 30.975861056 30.5513625651 31.1552119575 30.5340887861 30.8272616406 30.783823177 30.7747869365 30.6289364848 30.7120900187 30.8805754926 31.0091226794 30.7120561947 30.7914331163
0 0 30.9944088086 31.1836414434 30.8700062671 30.7587307399 30.69043813 31.0037218467 30.9386214604 31.0186685488 30.6368014414 30.8123447853 79.2468028659 42.5406751611 68.6238441915 58.2678941228 58.2678941228 30.7327173578 30.5659134612 30.5013744531 31.1654564901 30.8457672912 30.8002836349 30.8619439643 30.7192404643 30.8033997624 59.6511677162 42.4719161603 52.2409475217 31.0051726674 30.9736981495 30.8866550751 30.7386528645 31.0433028109 30.6477523686 30.5172790731 31.1090689427 30.5716871322 30.97776932 30.96383677 30.6460883491 30.5899934512 30.619757116 30.8905252105 31.0536071052 31.1888934779 31.0696196867 31.0857441636 30.8514989056 30.6507588345 30.8801064778 30.8601095429 30.9672203966
