Spatial_Output/BAU/BAU_1088.asc
NCOLS 155
NROWS 192
XLLCORNER 196769.923733
YLLCORNER 449719.875193
CELLSIZE 27.603701
NODATA_VALUE NaN
[rows 23 to 45 of 192, columns 53 to 105 of 155]
29.9464584438 29.70062239 30.3939765582 30.2864690466 31.5811934315 29.3477414258 31.3582168598 49.6704679568 49.6704679568 29.8140008222 30.4506950263 31.7543671765 30.7047016037 29.470238936 28.9580756829 30.6374252417 29.7137179053 29.9296124512 29.1257126197 28.9363674017 29.8839296867 29.0079883859 28.9417509915 28.5799529238 31.9986032878 30.5477279436 28.5278423838 31.7707800736 31.8163801706 31.1949446494 31.6063644195 31.6934366269 30.3683120302 28.7953349169 29.531766475 31.1674365842 29.4902973243 29.9952902312 30.7117666905 31.0649550268 30.6075510669 28.8866949583 30.7566768199 30.1696448965 30.7994601738 31.4063784411 28.6298006443 29.5371168189 30.8745382547 29.3417160826 31.9752081841 31.2463613062 30.0291187061
31.6896452005 31.7902355517 30.3981057573 31.1700525065 29.5281789803 31.747108422 29.9157435006 49.6704679568 49.6704679568 49.6704679568 29.4398649284 30.1028518037 29.346079648 29.7921445586 29.9952070019 30.2196970375 30.2305429115 30.8918221866 31.5680352987 28.8317247141 30.5547458453 31.9758833855 30.796522091 31.2769562513 30.6911462671 29.1185407161 29.2261068054 30.9862034588 31.5478407337 31.2342487188 29.4687285612 30.5513914345 31.3734981364 31.7452104272 29.4470944411 29.5472235596 29.3739642932 31.6795251973 31.3117425901 29.6105498748 30.1926231285 31.97082892 29.9447423203 29.2879956898 28.9662111482 30.1416169855 29.9994150886 29.8708669897 30.2612130054 29.9770574543 31.4746372789 30.162097599 28.7149269714
30.7586423409 30.3542717544 28.7055543752 31.3451393254 28.7770203503 28.7575017336 31.5490739693 29.2381396339 28.9104773793 28.6210739667 31.4573066111 31.5029843502 30.8579547142 28.8381675071 30.349210246 29.1568333375 31.623331213 31.6644442345 29.3242456584 31.0703398163 31.9001467098 30.2564594898 31.3173211916 29.2146367958 30.8533803618 30.4222957685 30.8116213535 31.9226656735 29.9247282084 30.239378907 29.6088879334 31.5158132241 31.903945695 30.3429286792 30.5390685323 31.0275779523 31.3554862574 31.5574973896 30.5299602886 31.2497013465 29.7092439824 30.8115872342 29.1483882776 30.8890791545 28.9330204592 29.1538486569 30.3829192432 29.261977929 28.834851352 29.8169634108 31.0432168217 29.3650652117 30.0537407232
31.4883950269 29.2834106427 30.5098273783 31.1762675824 29.3213851632 31.8105900016 31.8280521525 28.938025223 31.2792000176 31.5757546012 28.8487079751 30.4980620999 30.7505691675 28.6337920258 29.3553425215 31.5921440069 31.2706022836 29.5708102476 30.453982811 30.5610678988 30.2945541396 31.9960050419 31.3970540275 30.1324932343 31.8723034821 31.5377649199 29.0550862157 28.8269118159 28.7230256083 31.6704343828 28.5549478534 29.5605146493 31.9041424155 29.8229425175 29.1952602655 29.7951840232 30.6359518356 29.5441079595 29.6310570998 29.0579749263 28.8822175058 28.8882585397 31.4939211586 28.7959215058 30.792074099 28.8936233801 31.5618114838 30.8105617207 30.6877011316 30.7198722874 30.9459026387 29.0695003975 29.5163877157
30.5614436416 29.1609649348 31.5858211841 28.5219051532 30.6321481496 29.9798607027 31.6565465612 29.9492505718 30.6079418863 30.5813990272 29.8918015564 29.0029483193 28.5965530278 30.9237828399 29.2750320758 30.6446359823 30.0912645012 31.3221079059 30.2321021105 31.1977162854 31.8575312184 29.7633701778 31.2279278332 31.1915154437 29.9922718368 31.652793678 29.7200842428 31.3239588698 28.5722287761 30.3395554187 31.6434738684 29.4483214314 29.6071790626 28.7733259623 29.5461253023 28.603010931 30.465575986 29.0191437435 30.2465537742 30.13028512 30.2873196299 29.2841726329 30.6418379717 32.004338423 30.8199782502 31.4184508425 30.5343253831 29.8030072868 31.4133884909 28.9197872279 31.4217921243 30.8074678349 30.5547368618
28.666716924 31.4401303766 29.7742169759 29.7913694065 30.2805270763 31.7380498735 32.0259618371 29.2253584995 31.7363835711 29.4544713323 31.824399759 29.5979932032 29.3873163259 30.1732072106 29.9103496796 30.4184872895 29.9499614995 29.5471222916 31.1196815207 30.3835210311 29.375252286 28.5162196463 29.8153870926 30.8454914498 29.5096566275 30.840869988 30.1725863044 30.600491622 28.8388667581 30.1715343917 29.4184264599 29.4135903571 29.9990888933 29.7694150971 30.8611666328 30.2597890507 30.7926663235 28.6242888085 30.3974645147 28.8476901271 30.755183997 30.4035492597 29.7611703516 30.1131072755 29.5122341597 29.1254289352 31.1724236722 31.987036555 30.0680856779 29.4646038825 30.5927607522 31.0281027475 29.0442263303
31.3316159728 30.0590260494 29.0132168206 29.6447325647 29.9055256755 31.6004668281 28.8929572049 29.3671836289 30.5526363777 30.5208794902 30.9459122467 30.3048343716 28.882255812 31.7782365183 29.9623601357 31.8299957365 28.7038400928 29.2956468649 31.226633735 28.6145761637 31.5551409639 31.3925195716 29.560735978 29.9862081757 31.5853513106 28.9633745893 31.3814847372 31.237769697 31.2557808043 30.4868395577 28.6228456595 31.9271566431 31.0844193565 28.5328912394 30.1537262988 29.3394445528 30.3219195382 30.4910960561 31.7634804527 31.9870214505 31.2378277573 29.2885965477 31.8011324997 29.9270411757 29.237498876 30.6680595463 31.6937176781 30.0460894212 29.1766442002 30.8328739897 30.6412279556 31.2218507631 30.6008558992
29.2281501001 29.248884904 28.6930569411 29.2288304031 29.1937313918 30.0316198708 30.1760652111 30.864334682 28.7556206953 29.1508233328 30.3542401987 29.5468139876 31.7879083348 31.8237584356 30.8481254112 30.1293070044 28.6397635388 31.938987138 31.435192344 29.9752868416 29.8929179657 30.2700714102 29.9447346182 29.8296533891 30.6101392995 29.0454567395 30.4108486338 29.3330153858 29.5256315329 31.6968943694 31.6376867225 30.9128832856 31.589293653 28.530133483 30.908808229 30.2815489401 31.492002603 30.6049419227 29.9392850604 31.9488438153 30.3010438714 28.5063670502 30.9815561899 31.9767323702 28.7737094426 31.0731186671 30.8445769094 28.8588176802 28.9757015411 31.0215036185 30.4882931508 30.1162173079 30.1233762079
29.6228580612 28.9349639734 30.14399829 31.7603118747 28.8012419083 31.9939349823 29.586948837 31.7342004064 30.8545353704 29.8329400885 29.4120219976 31.1471777019 30.5872509087 30.7137094751 31.902951454 28.7954659406 30.4902532803 31.1061386873 29.4190198581 31.360694307 31.532431539 29.4092996833 30.070080154 31.414939393 31.462134986 29.0054037283 31.2610582524 30.4131522533 29.1554711684 30.8018447292 31.6459614899 30.541972739 29.0049681109 29.9268519652 29.3326199282 29.6490596887 28.911181545 28.8295170275 28.9749389718 29.4049260417 31.6555467379 29.0243367949 28.8687747827 31.6203261473 31.0666285425 29.3440124249 30.2022545462 28.6378416968 30.4919560886 31.7955552879 31.2697531896 29.5602600335 31.2394146549
30.5805064147 30.7958632263 30.1897886923 28.5492077787 29.4333433409 28.7911004047 31.8882782491 31.1475563195 31.1557752752 29.4081700483 29.2972788728 30.7035438693 30.7533017573 28.7245616744 30.7559334926 30.2379649665 63.3072196004 66.8362919101 30.6731994479 29.2167995042 28.5088187917 31.5278186725 29.0420932241 30.0261945897 31.8819971707 29.4501387647 29.4173250057 29.7830224796 31.4975281073 29.2773144307 29.7767806944 29.2002143761 30.290665885 30.9839976775 30.9837963534 29.4156900647 31.0014117551 29.7227898305 30.6258531182 31.8071641369 28.6037515824 29.7590250261 31.7173681426 31.1626128856 29.291050057 30.4463666863 30.4050474039 28.711481366 30.8636460325 29.6908613917 29.2317113007 31.4837599707 29.6762772893
29.0453833006 30.639754604 29.0467385503 28.8701015203 29.6095776539 29.6278838123 29.3083317663 29.8598426929 31.2222157861 31.0122402192 30.6623159331 28.8153309855 31.3683945913 28.8269146249 30.5661073063 30.6495798514 63.3072196004 66.8362919101 66.8362919101 66.8362919101 31.8797751462 29.2067525029 31.7665757406 28.8463073898 31.0459696863 31.0833301596 28.6050478448 31.974684276 28.5357950533 31.4476687421 29.7608964819 29.7868282855 29.0567004279 31.4037741825 31.9448826347 29.8005081058 29.409902616 28.9225284528 29.1166338144 31.1230139122 31.9578064735 31.3399032831 28.9728851503 30.9618079904 29.6548778054 30.1958967138 29.3473505459 31.6299479642 31.2508936384 30.3888877889 29.2726438875 29.4821437502 30.207392183
29.2516180165 31.8731028868 30.3094758794 31.5513943842 29.1718452428 29.0299845238 30.6148911672 29.3900611918 29.5066732287 30.3323873549 28.9513868922 29.2588918386 29.3355705544 29.6161999078 31.7992777135 29.0346742941 30.6889009688 58.2614062462 66.8362919101 58.2614062462 29.4036997437 29.2956478348 31.7123517308 30.6703643618 28.5306938014 31.1175010233 30.1931660393 31.9077841016 30.9273001484 29.1589633576 29.7936671191 30.442837926 31.1064770012 29.5331477926 31.3007948225 29.8451402649 30.1282623923 31.1089889036 31.1519230612 28.863380759 28.958620675 29.5833779545 28.7832875583 31.8398321773 31.8821578884 30.544904667 29.2990252622 28.7212299345 31.1987322065 28.5339805214 30.7233174674 31.0807420768 31.8864126822
29.295562898 29.9696843056 30.5521021355 30.3692223041 29.0371646785 28.9025919766 29.1036990773 30.944705928 29.509015141 30.6895591636 29.347494859 31.1358130307 29.6517287008 29.2522407272 28.9664765773 31.2834194291 31.30115199 53.8357861474 58.1113206882 58.1113206882 30.4502762403 28.7839494291 31.3124133571 31.6128417189 31.3536463181 30.0974058142 31.5537498558 30.6357395923 30.477001398 29.1997206501 30.6159385904 30.3633224508 30.3120965057 30.8858888779 30.7089229186 31.0637997403 29.9860724406 31.5170876311 31.0732064428 30.0890822746 31.6993141365 30.2447294936 31.1424636153 31.0984648726 31.9514176698 28.5705174258 28.6227563176 30.9678747674 31.7568650686 30.4506139605 29.7718195113 30.6351972202 29.9111885788
29.7603370999 31.4851484616 30.1822410644 31.3708106909 31.6756332902 31.4644691492 31.7868156785 31.7156608063 29.1454763541 30.5011274754 28.8028134739 29.8582182374 28.7267189353 31.6493070942 29.1722323375 29.6134728116 55.192751147 55.192751147 58.1113206882 28.8506766167 31.3772808923 31.3092887817 29.5589949889 29.1766577236 29.3152500674 28.7825575019 30.4106500652 28.6330683981 30.2680416027 29.3780120248 29.2093528048 29.4710675536 31.745004342 30.946466052 28.9273768952 28.5254886031 28.506605128 30.4496733358 29.9755012472 29.1712845857 30.8479108314 29.8997693189 31.4229236299 30.925508111 30.8615835852 29.1288915694 29.1576770201 31.2363571715 31.1763139763 30.7902029039 31.0369429712 30.8242178194 31.4623793753
29.6658726762 29.3673386612 31.587422572 31.1723006239 31.4713577691 32.0309821325 30.2018871024 30.7577466224 29.7184384373 31.0129004897 29.8184049659 30.8037709747 28.861298114 30.6267320118 29.7624828023 62.7497716723 55.192751147 55.192751147 55.192751147 30.0733230857 29.2444307495 29.3293341477 29.2041292529 31.6268484361 29.773774537 31.4578734663 30.4446257657 29.6854239704 31.5069489383 30.896209132 30.1830204883 31.3927455939 31.9972218986 28.8883458866 29.0946030519 28.5143148628 28.8239334872 30.2778867884 30.857134907 31.681664782 30.2729032159 31.288597041 28.98031528 30.5926946268 29.3278729683 29.1990407316 30.3637395583 31.920655702 29.2505517451 28.5949686621 29.5972995108 29.4031000622 30.0639369463
30.6928605935 29.7241451129 31.0498353854 30.53686737 30.5227559967 28.6600198938 31.4538712118 30.8114250886 31.7707343305 31.8810137206 31.4875271426 28.9515278412 29.5681722492 29.1103610325 30.6807868973 62.7497716723 62.7497716723 62.7497716723 30.1539907987 28.8612983962 29.9895341158 30.9816621295 31.9305937666 30.4354351752 30.1505970137 28.913072637 29.1622510009 29.606260097 29.109470599 29.6236619847 31.513420042 28.621103368 29.2865383816 29.6594563774 31.6758027293 29.1341943517 30.4027789237 29.6956428004 31.2921913306 28.6715422281 30.2990031575 28.9887261586 31.7721595085 30.3126665087 31.7504487281 30.5207707438 28.6713026669 28.7444568586 31.6216927722 29.6053943393 30.2552031884 29.0692260024 28.8286137549
29.1320383747 30.4811729782 30.7191323355 28.6004438239 30.3862687277 31.0025930158 29.573787414 29.9779883677 31.3496663778 31.2927913024 28.8994755817 31.1832087114 28.5358507438 29.2589042543 29.8267105904 45.6025893407 62.7497716723 45.6025893407 31.4847850252 30.9755006925 28.8250907437 29.5164037989 30.5974177266 31.2839742338 30.7777057787 29.6375255387 29.9610546285 31.3093043698 31.1245847538 29.3799866589 30.9827237757 31.6019067175 30.3757109485 31.642951785 31.7029301689 28.9151702087 31.170111098 31.1163659017 29.3767702559 31.1705289694 30.6621009748 30.2583333168 30.8175598077 29.3072599113 29.196509912 30.1733152901 28.7500517619 29.1460534103 30.7813541155 30.790369294 31.9111345186 31.8687495464 28.7575361759
31.0358529984 28.6868292331 30.9120108687 31.7456680157 29.0415520345 30.0841767677 28.5124650984 31.1159018598 31.5256178919 29.5039511495 31.4518323185 30.0922725619 31.6160992649 31.1108072576 30.1374438244 64.0718147337 45.6025893407 45.6025893407 31.6949716372 30.4424629351 31.2307339515 29.1649226948 31.8587664291 29.4148256905 29.6719871384 29.1922344261 30.8772135929 29.3722446726 30.7750335413 31.1376244252 28.8145959299 28.6771037472 29.2617209988 31.9756057997 30.3258237455 29.7170015715 31.7433402423 30.3602757329 31.0994349808 28.9484701963 31.8084112611 29.2304608418 29.4671345714 30.034856434 31.5881939556 30.1169595531 28.5423275795 31.2741088251 30.0522303078 28.9755989248 31.9139173482 30.8429924342 31.1283266085
28.5924514785 29.9496940422 28.679389751 31.9537793445 31.6709120523 29.6230263397 83.2749522824 28.8623924931 30.4968630316 30.4330208853 29.7024996062 29.0756951792 31.9391518596 30.7127490031 31.7320826654 31.6617130582 29.6798460001 29.0869086506 29.159737209 31.2386912471 30.348282087 30.6968317 29.3219453909 30.3445002158 30.9764403003 30.0693200428 30.1433133137 31.9601269745 29.9231927661 29.0988440179 31.6249498008 29.7963632786 28.7119054935 28.566102101 29.7554303639 28.8053091588 28.7422610618 28.634956208 31.9619698518 28.965779896 31.0879937223 29.3968696562 30.0494265634 30.2830046778 28.5461436907 28.9404676955 30.7254932744 31.3125088116 29.1436849385 29.1022576188 30.4037694388 31.6549391949 31.1904666061
29.1257726102 31.9484554821 31.1834154426 30.3720288623 47.1114189124 46.0719238785 83.2749522824 31.0058698225 29.28181984 29.1113477368 29.7897717879 28.8144305672 29.013141292 30.7838723847 29.1823165492 31.6671617182 30.2392683415 29.5437290141 31.0313223074 31.2757743336 31.3678694232 28.9863274574 29.663842405 28.8752417582 29.1319067818 29.7154710509 28.8904519471 29.6272432554 30.15475263 29.7401401666 31.8027852863 30.7407377667 31.0103671205 28.9564129351 31.7981020554 31.4605774485 31.7309694216 31.8014542011 29.9177072357 28.7864716631 29.9188218004 31.5207121391 31.551012188 30.7803984948 31.3455051869 29.6938344114 30.8072005058 29.3006236188 30.4966782544 30.1417750807 30.8170093711 31.0697640496 31.3779342153
29.1839988555 29.6002037167 71.4134919525 30.7544215135 46.0719238785 46.0719238785 51.4707305352 30.1733768916 29.2113713163 29.5793012841 31.1604568534 31.6415568956 30.2167506668 31.1094401679 30.0471847778 31.0100623223 29.9951616602 28.6625456724 29.9603552995 31.7258818439 29.60164711 30.3740272374 31.6606912505 30.3800188665 29.8340998223 30.7318667392 29.1217810905 28.7619371749 29.6381700577 31.5739354112 30.3301951022 31.4545559922 30.3314348923 29.1258553393 30.3571271833 29.7596138184 31.3475731669 31.1834316732 30.2182313027 31.9984439548 29.6654915976 28.8276194483 28.5745856031 30.8389925145 29.840229157 29.8706792637 29.0366772017 29.0114383818 29.4013675259 31.8749325542 29.1470709391 31.2720754691 29.4610807328
29.1277317464 29.211211361 71.4134919525 71.4134919525 51.4707305352 46.0719238785 51.4707305352 30.0144853493 29.80080979 29.0677920175 28.580458696 30.6160486076 31.558925212 28.5040930817 28.8991701395 28.6767990837 31.2008270659 29.0146963204 28.710845454 29.6769363265 28.9247106877 31.464279421 31.238739786 29.4261722062 29.4066505468 30.4428521522 31.7629823357 30.8208006668 30.7296888031 30.2023497007 29.864382378 28.7121898229 32.0120163851 31.8285585231 31.9990641589 31.0203689431 30.2728935788 31.3951280061 31.1207764085 30.6496518972 30.7150095249 30.9358233196 29.6430605634 29.5264705898 31.0072257934 29.5239444192 29.199980737 30.9201435334 29.1794761362 29.4343203154 31.0914268807 31.8591301897 28.7560378086
31.2684811942 29.3611292912 30.335814838 28.7618885844 29.2419673936 50.3841027068 50.3841027068 29.1752121365 31.1887813071 29.9503547139 29.0704793941 31.8668831449 29.4446701434 31.803719106 30.8566327047 65.4165812546 65.4165812546 30.7823823345 28.5564047819 30.7944492907 29.342580301 29.0729473831 30.4577383365 30.6290363834 31.3373643227 28.9985720372 31.4642185387 28.7378331163 30.728361847 31.4804699348 31.1816425125 31.5133174914 29.7870308713 31.3909670945 31.6512108312 31.0356667835 29.2982250258 28.8393317783 29.3556211469 29.3568114687 30.1545830589 28.7346341967 29.5017243317 30.7057208717 30.8747074974 29.1249918262 30.8922587304 29.4579873721 30.1901669882 29.9060519955 31.5158648984 31.6351165227 31.554693151
