Spatial_Output/BAU/BAU_1439.asc
NCOLS 155
NROWS 192
XLLCORNER 196769.923733
YLLCORNER 449719.875193
CELLSIZE 27.603701
NODATA_VALUE NaN
[rows 23 to 45 of 192, columns 0 to 52 of 155]
0 33.0378458613 32.6416084779 32.7692648179 32.9358357368 32.8276775658 32.5675753075 32.5766791868 32.5467728384 32.6129805353 32.7960286941 33.0453274885 72.219449634 72.219449634 54.4433923599 56.4413318644 32.7106394607 64.5134020682 64.5134020682 32.800786394 32.8184313522 33.1576955362 33.0507466913 32.9686672379 32.5631659115 33.1018969846 40.8723760939 62.1535210158 40.8723760939 32.538766693 32.6441883031 32.7731025638 33.0667942691 33.0220246201 32.5476982105 32.6487960138 32.9796549737 33.0891282192 32.6346921582 32.684301116 32.6217470514 32.9513864718 32.7414119479 32.574185003 33.0308558636 33.0729605771 32.9803629594 33.1585080291 33.1137951838 32.8921374294 32.6648667708 33.102620676 32.6541813277
33.0197827652 32.8029105541 32.5441919326 32.7005230143 33.1229026278 33.1732985955 32.9864334326 32.7415642083 32.9417316032 33.1790540197 33.1455283323 32.6463171923 32.6955379322 32.9333940628 33.0208712928 32.6953048108 64.5134020682 64.5134020682 64.5134020682 32.6504484306 32.7299490532 33.1465268191 32.992508211 32.7527682264 32.920508047 32.9407602494 62.1535210158 62.1535210158 62.1535210158 32.6163074165 32.8104773045 32.8654617181 32.7869280328 32.795008505 32.610637861 32.7503994928 33.1151428805 32.6578097176 32.7556918947 32.7963585165 32.6716348083 32.5924126291 32.6592100697 32.8086809321 33.112235009 32.7570798993 33.0581737462 33.0463501003 32.9993058766 33.00443668 32.5489417395 32.8359028498 32.5185143544
33.1779207492 33.1802313155 32.7140784467 33.1301675289 32.5218946271 32.9099604793 32.5908238942 32.5902986695 32.5188458766 32.9922745453 32.5061652225 32.5237316089 32.5585057965 33.0157894781 32.7411125288 32.8642603517 32.6895758282 64.5134020682 32.7214347047 32.9227676454 32.5040611158 32.9242219541 32.8464716364 32.5187784757 32.6123912354 32.5934919798 51.1410842696 62.1535210158 55.0702535545 55.0702535545 32.5986684083 32.9703508649 32.8940985889 32.9176649384 33.2018902873 33.1122545364 33.1236896283 33.0245071662 32.6156489677 32.6943238086 32.6902983255 32.5473798248 32.8201740502 33.0494988881 32.6578173502 32.8573373422 32.8227597978 33.1515492907 32.8373689179 33.0826901138 32.9761102042 32.5121099316 33.1670655247
33.1832272677 32.8936702822 33.1076075986 33.0659329757 32.7649754732 32.9755208337 32.5417397197 32.765160265 32.517504901 33.0537831529 32.841052415 33.1271641754 32.9173632119 33.0471692601 33.0574816044 32.9008885443 32.9019587485 33.0762180406 32.5266506389 32.6255375271 33.193018104 32.8698028067 32.5498431732 32.9556597385 32.8500484582 32.6234352049 32.6653797159 55.0702535545 55.0702535545 33.1542080892 32.8713728988 32.5735000696 32.8899392137 32.8061797942 32.8102543296 32.5696769691 32.8497655103 32.9793104363 32.9278189971 32.6751000568 32.7641911474 32.6465283685 32.6461531385 32.5092328681 32.7116304926 32.8897837545 33.1140812112 32.9456407301 32.9521836198 32.9956623299 33.140323884 32.568336926 33.0222531026
32.6872230925 32.6428919912 32.7081778578 33.0763443463 32.9744338019 32.716858912 32.651596827 32.8447171011 32.9962612493 33.0440134274 32.7546991463 32.9033807279 32.9120668725 32.8896317551 32.6869515178 32.9627134054 32.8030158805 33.0249104159 32.7703088686 33.2010518794 32.7471332187 32.7780890387 32.9652134764 32.5906271236 32.5943171437 32.654723016 32.9424799077 32.5003112372 33.0228453241 53.6950395621 53.6950395621 53.6950395621 33.1273673187 32.7323302675 33.1821369115 32.5813408975 32.7353943676 32.7301296523 32.9598702188 32.660434038 33.2009997381 32.9621013941 32.8613356747 32.8982980425 33.1596885376 32.5078294796 33.0468365807 33.2056660668 32.9421895288 32.877813233 33.1323309798 32.7322869217 32.8087525608
32.7102077807 33.1297126434 32.9650313022 32.9585840676 32.998776232 32.7590816366 32.7218926628 32.6436302725 32.6372155597 32.7607876204 32.8942468013 32.6687350107 33.0128519486 32.8200719965 32.9767807262 33.0010192331 33.069515114 32.7538414342 33.0697584325 33.1630923185 32.7064004162 32.7278596024 33.0158045781 32.7192363447 32.5897027439 32.5971135078 32.7165741152 32.9720358971 79.8993215872 53.6950395621 53.6950395621 53.5022005504 32.6339732491 32.7796395196 32.5669574367 32.6523360787 33.0277825917 32.6561268723 32.9358658202 32.640336962 32.8626983795 33.0311903143 32.7571837311 32.6743999073 32.9513598029 33.0095775402 32.6911699701 32.8741168653 32.5027977963 32.9857074649 33.154820492 32.6608824797 32.5042876386
33.0415031553 32.5242298632 32.5642307802 33.0744446428 33.0285052472 32.6438442746 32.5447299869 32.5459303497 33.0147950911 33.1536087331 32.5927845142 32.5516142692 32.9938748498 33.2008828533 32.5366506708 32.8506005504 33.157273343 32.8774884433 32.5170346242 32.9652730642 32.5976073856 32.6789350123 32.9478867889 32.8394035175 33.2000606115 33.184974333 32.6084596682 32.9831851546 32.8456200884 32.5957870734 53.5198315995 53.5198315995 33.0707131784 32.6595422489 32.9458985698 32.8573394156 32.5503737025 33.1615610484 32.688016032 32.702920277 33.1921806727 32.7457273056 32.80411249 32.9076480614 32.6387776327 32.8144045023 32.7502113775 32.7632091787 32.8119882526 33.068357191 32.8571270267 32.7768034184 32.670814356
32.9228352786 32.6666840042 32.9809193927 33.1804260372 32.623692737 32.6741008061 33.0599497137 32.6311274332 32.7572018655 32.5409832101 33.1038053731 32.7436286164 32.8837916799 32.6327215063 32.5428843594 32.8267232313 33.0107215029 32.6452938774 32.5006996698 33.0585653125 32.5498869006 32.8906862959 32.5298359367 32.519657745 33.2032328244 33.018901903 32.8037024914 33.1833131545 32.8901354411 32.5876304919 69.23871849 53.5198315995 53.5198315995 33.0465748792 32.6734074952 32.9509411065 32.5868624003 32.9733094231 32.8086538235 32.6883771725 33.0031425871 33.1864194099 33.0489570707 32.9546520609 32.5003962829 32.602708202 32.6025187721 32.8876024888 32.6226667663 33.1362777204 33.1154265099 32.7710486719 32.5124942636
33.1098852713 33.1874940764 33.0062343163 32.5987907367 32.5497473427 33.1039900404 32.7349819566 33.2062744737 32.6402867801 33.0790872435 33.0686369145 32.9478735104 33.0315046048 32.7471408977 32.7016619246 32.7927343273 32.9805828736 32.891841634 57.6892261293 83.8661961389 58.92902351 83.8661961389 33.1340508371 33.0890123925 32.5248112533 33.0674895725 32.6992900019 33.133707395 32.7889286843 61.1393226306 61.1393226306 69.23871849 57.7697801432 32.5854188052 32.5904682263 32.5824389021 32.8848372124 33.0108563642 32.5253407236 32.6219443666 33.1849023586 32.7783502909 32.5389639142 33.0360476536 32.5355601131 33.1546079067 33.1965788819 32.737976491 33.200816854 32.896580283 33.0994363204 32.8249301002 33.0463617426
32.8464991548 33.1257234595 32.8017235888 32.946573813 32.7134446893 32.5402701421 33.188778579 32.9753482784 33.0433516182 33.0556507529 33.2035544539 33.1698539753 32.7932759143 33.1348554675 33.1344889652 32.5834037475 32.8118697341 33.1895938987 32.9129670834 58.92902351 58.92902351 58.92902351 32.6352452402 32.931983679 32.5846363725 32.7848894708 32.5126561016 32.5794947919 33.0397264089 61.1393226306 61.1393226306 55.5997410541 32.9622891799 32.9322003367 32.5270928824 33.1681337101 32.8743636531 32.9680681289 32.7711317951 33.0313944678 33.068955579 32.9926312897 33.0000610473 32.6285576062 32.5008987122 33.1302556323 32.9669725929 32.8573285484 32.7044480772 32.5989645735 33.1012187018 32.9149922058 32.6827028604
32.9111006123 32.8775949762 32.716045691 33.0715449952 32.7408754441 32.5641901339 32.5149671167 32.6953944137 32.8875240629 32.5511895688 32.6981370263 32.574847904 32.6365385095 32.7851941955 33.1358078686 33.0081272315 32.7612924059 32.575057056 32.6538120024 32.7548794624 53.2095840135 33.1806013867 32.6369051942 32.9828582208 32.7509090864 32.935973975 32.9729338728 64.9081025401 53.210403441 62.753701742 62.753701742 82.0728089965 82.0728089965 32.828614658 33.1656360305 32.9946937993 32.7676612031 32.6467856537 32.6545646015 32.8265081404 32.6980263836 32.8845732145 32.7094314053 33.0199294282 32.9901249963 32.5836896006 32.6765817759 32.7241098818 32.734109876 33.1791097662 33.1913490996 33.1854487285 33.0756163389
32.9802352486 33.1941879501 32.7039631017 32.5464638786 33.1563306781 32.5063478789 32.6578511029 32.8942942205 32.9174712077 32.5933468373 33.1131167475 32.8268112903 33.0640964903 32.6240422515 32.8936736729 33.1828294262 32.7412111054 33.1920107458 32.5905369346 32.865306911 51.8720291939 51.8720291939 51.8720291939 32.9365108434 32.6332384444 32.5484649188 33.1194422568 64.9081025401 62.753701742 62.753701742 62.753701742 75.2533871139 33.161415009 32.5253794334 32.7780550618 32.8087405713 32.7808197749 32.6959929887 32.5175976627 33.1008079834 32.824818167 32.5415061368 33.0557914693 32.7422580168 32.5891960153 32.9974941241 33.0800245195 32.5845014569 32.7500441722 32.7289964181 33.1018784729 32.7658919634 33.0808198915
32.5988491156 33.1296853892 33.0229663483 32.537161491 33.1425701978 32.9120212912 33.1558402121 32.9413977616 32.9769468001 32.6485283346 32.8774814902 32.9130148347 32.8865478276 32.9168236098 33.0819121567 32.7192410806 33.0484911709 33.0952228883 32.9001479767 32.6420497192 51.8720291939 51.8720291939 58.0242469206 32.6477404992 32.7738284032 32.5828226211 59.3641282478 59.3641282478 59.3641282478 75.2533871139 67.1006065513 75.2533871139 32.7865417151 32.7068271001 32.9070691395 32.6637329575 32.6964932804 32.5179993211 33.0356894318 32.979918593 33.0347394093 33.0222505832 33.0356777401 33.1463635682 33.0368105896 32.8258838709 32.5747156027 33.1461637636 33.130972217 33.1016198188 32.8826559976 32.9239665564 32.6151076469
32.8991633809 32.6007027603 32.7925372377 33.0606768751 32.6634488052 33.1870168188 33.101591893 33.1221822608 32.7640764702 32.5257881057 32.5741071869 33.0693650608 33.0064209806 32.5344073979 32.7473185037 33.0514192525 32.8625985976 32.7647279881 32.8029544762 32.9735310449 56.0158930749 52.4766557452 33.0103594707 32.6066077352 33.1572912971 33.1836697828 76.1147177277 59.3641282478 59.3641282478 67.1006065513 45.6245873169 45.6245873169 33.0217159272 33.0794928722 32.8656490517 32.8175821574 32.5472871942 32.8860952456 32.7841566754 32.9953898111 32.9454951019 32.7894642841 32.5674584484 33.1397116309 33.0632056276 33.1716428156 32.653020638 32.7466119151 33.0983414088 33.1528695198 33.1821457545 32.6541023805 32.6612066846
32.6464512211 33.1101074181 32.6466308519 32.9119013213 32.9681477074 32.8239942577 32.5741742313 32.7520058806 32.870208601 32.8479223385 32.5508261981 32.8276588133 32.7723748087 33.189673876 32.9200446822 32.9100472793 32.6554027247 32.766555294 32.5466782472 56.0158930749 52.4766557452 52.4766557452 71.2049580123 33.0491458392 32.5537736963 73.9740607955 40.2326935163 67.83512408 67.83512408 45.6245873169 45.6245873169 45.6245873169 32.5856916585 33.035714969 32.9416701821 32.9053559697 32.8680894567 32.6935208868 33.1912595598 33.1293803333 32.6417709523 32.7207282262 33.1790022108 32.9199440958 33.1444869707 32.6271083703 32.6726881967 33.1661961908 32.6497767703 32.9437534479 32.9144107832 32.9090879512 32.7396953615
32.5440681083 32.7495384932 32.7640852327 32.9918103558 33.1476590863 32.8992253047 32.5218806171 32.920849345 32.5193698942 32.9511235626 32.8111317059 32.9953804935 32.9290509708 32.7390456612 32.7429795823 32.7653797797 32.9321514808 32.7559441153 32.9164322337 56.0158930749 52.4766557452 52.4766557452 32.5202611146 90.0128566739 73.9740607955 73.9740607955 67.83512408 67.83512408 67.83512408 32.7361990413 51.7960448418 51.7960448418 32.6606492783 32.6795789507 33.0599261554 32.9810722137 32.5904786743 32.6845726125 33.1624409181 32.7645857891 32.6119198397 33.152146577 32.9935965018 33.0290973829 32.5882635012 32.7615767333 33.1787735865 33.1800346795 32.8227724268 32.9170664773 32.6990884735 32.5822814176 32.8882092669
32.9753589979 32.720586817 33.0494469868 32.5140204367 32.9875114299 32.7226072161 33.1885287776 32.9240669132 32.9262405581 32.9842757999 32.6092738896 32.5079026597 33.1260298886 32.9845532755 33.1439085616 32.958225639 33.0820157056 32.7102337584 32.7958603529 32.5695930878 32.607424826 32.5823876945 32.7435534413 90.0128566739 90.0128566739 73.9740607955 73.9740607955 33.1138130108 67.83512408 33.0280961061 51.7960448418 33.006116696 32.6892411087 33.0377353289 32.6046734224 32.6622871526 32.6486705804 32.9121618716 32.6677770071 33.1030515491 32.7087657836 33.0184206808 33.0811600894 32.6179587961 32.7474774789 33.0081730875 32.651875997 33.1031009288 33.084322004 33.1481293425 33.0192144179 32.9181878962 32.7420157234
33.1460640456 32.5388674487 32.6403872898 32.6552969042 32.6896344532 33.1514250911 33.1990658227 33.1528795288 33.0442814602 32.6889708733 32.584186011 33.1138974365 32.5745564577 32.8263585353 33.0108270574 32.7103510224 32.9411334794 32.7592976781 33.0635234378 32.9462060528 33.0998919653 45.1534898844 32.8932225211 90.0128566739 32.6419568636 33.0039943865 32.8020106129 33.1274419945 33.1776425124 33.0329632866 48.251780695 67.1522330516 32.6265361082 33.1956204514 32.5010300957 33.1979123639 32.6999552261 32.763527733 32.6644262856 32.5303057204 32.7492834788 32.9697051528 33.0515299034 33.1671343933 33.1550731544 32.6238229763 32.6803499794 33.0285375975 33.079754106 32.8793177167 32.8291581154 33.0221808376 32.8277463514
32.6749982059 33.0786092127 33.016394887 33.0914966378 32.5562482776 32.5578259795 33.1404829096 32.6108155156 33.0344545631 33.0935443039 32.8381374747 32.9134647809 32.8623345131 69.4740426914 69.4740426914 50.0927522546 72.9735484192 32.9795672583 33.1366346137 32.7984861814 45.1534898844 45.0991414947 45.0991414947 32.7895886394 33.1609328251 32.9429394532 33.1104037389 32.8881597331 48.251780695 48.251780695 32.9912699949 32.6050902984 32.9737171224 32.7547695719 33.0283544213 32.8503594874 32.9593566075 32.8647941086 32.8532075096 32.8192460923 32.6656299443 32.7590284205 33.0696784211 32.7645986097 33.128962993 32.5549157234 32.9311449601 32.80485633 32.8564312545 32.9035791543 33.0856432899 33.0934420736 32.5856450334
33.1462244484 32.6457948339 32.745470889 33.1707130913 32.8360941869 32.9113380988 32.8981940324 32.6512940373 32.5401018959 32.6085741127 32.8515487373 43.808938315 33.0829063589 33.1507376706 33.0956693092 32.5397325559 72.9735484192 57.2740761493 57.2740761493 33.1973134052 45.0991414947 45.0991414947 45.0991414947 33.0584846851 32.6435698126 33.049605871 32.7789438322 32.5543300944 32.9522068363 48.4038661671 32.8527521316 33.0184493209 33.1065703833 32.8892957899 32.7659384467 33.087127316 32.7168361453 33.1350096117 64.4602719444 50.9890101389 60.0926382689 32.5511629194 33.081356373 32.7861422572 59.1019748893 32.7128238858 32.5177510248 32.9533323833 32.7244741833 33.1324673102 32.6275292316 33.0725237415 33.1221556393
32.8046847508 33.0329365575 32.9785015742 32.9590932379 33.1534919576 32.8157372843 32.8579298822 32.8151699598 32.645932866 33.0603989004 32.7711669301 82.8199595446 82.8199595446 69.4740426914 32.8642416682 32.9991104524 72.9735484192 57.2740761493 57.2740761493 46.2113876498 32.6953044707 55.5737775665 33.0864918626 32.8060733249 32.5543807308 32.6427862626 32.8589889056 33.0159739489 48.4038661671 48.4038661671 48.4038661671 33.1467683662 32.7171768643 32.6336136311 32.8932719582 78.5562907997 32.8580187978 75.7097465232 75.7097465232 32.7668413762 51.1318212863 51.1318212863 33.0876002324 59.1019748893 59.1019748893 68.8425896962 68.8425896962 32.7907590151 32.7718948213 33.1150083436 32.5729650848 32.5010136773 32.5684710084
32.5642668405 32.915506685 32.9486805431 33.1431325585 32.5541824732 33.2056125175 32.8748530477 32.9909736494 32.8704721855 33.0589899058 32.5370093059 33.1870026997 82.8199595446 33.0350686838 32.7555767298 32.796918519 33.0179052434 57.3497759929 57.2740761493 32.5545886286 55.5737775665 33.1380868496 32.7925212056 33.1861597389 32.8257809297 33.0494138143 32.6566460759 32.5922518751 33.1197812172 48.4038661671 48.4038661671 32.9471182273 32.6940545508 32.829595084 46.2396431391 78.5562907997 78.5562907997 75.7097465232 75.7097465232 64.4602719444 51.1318212863 51.1318212863 32.9768390053 32.6363966452 59.1019748893 68.8425896962 68.8425896962 32.5039305853 32.7846501624 33.1320480577 32.7561526257 32.7757173269 32.6152656935
32.9422186986 33.0547953859 32.6558233022 32.7400025914 33.1965494498 33.0052861104 33.0656001306 32.6719653424 32.5323130182 32.7219866486 49.7721656049 49.7721656049 49.7721656049 32.9901596367 32.6425191132 33.0598992777 32.5698774282 32.8055589058 32.9845688124 33.1368768278 33.1505568615 32.6635127286 32.9934456697 33.1651011227 32.8065747068 33.1136181002 32.751745825 32.7415745788 32.7775129846 32.782329049 32.6215692634 54.2684222725 54.2684222725 33.0795418259 46.2396431391 78.5562907997 64.611128478 33.1976927902 75.7097465232 32.5077419305 32.9706990286 33.1345774623 32.5224485267 32.8562079862 32.9512448249 33.0726353823 68.8425896962 32.5054896773 32.9016506449 32.9226759997 32.7203430942 32.9441332616 32.6140591485
