Spatial_Output/BAU/BAU_0941.asc
NCOLS 155
NROWS 192
XLLCORNER 196307.867259
YLLCORNER 449144.565805
CELLSIZE 33.573938
NODATA_VALUE NaN
[rows 108 to 143 of 192, columns 0 to 80 of 155]
0 0 0 0 0 0 0 0 0 0 0 0 0 0 0 0 0 0 0 0 0 0 0 30.6949916754 30.6949916754 30.6949916754 60.5446748737 60.5446748737 19 19 19 19 19 19 19 19 19 19 19 19 19 19 19 19 19 19 19 19 34.5872972734 34.5872972734 34.5872972734 19 19 19 39.8621153191 39.8621153191 39.8621153191 19 19 19 19 19 19 44.1756058578 63.4191851586 44.1756058578 19 19 19 19 19 19 19 19 19 19 48.5577927429 53.9719842201 48.5577927429 19 19
0 0 0 0 0 0 0 0 0 0 0 0 0 0 0 0 0 0 0 0 0 0 0 50.37929478 50.37929478 0 0 0 19 19 19 19 19 19 19 19 19 19 19 19 19 19 19 19 19 19 19 19 56.5659812349 56.5659812349 56.5659812349 19 19 19 19 36.4306403282 19 19 19 19 19 19 19 19 19 19 19 19 19 19 19 19 19 19 19 19 19 48.5577927429 19 19 19
0 0 0 0 0 0 0 0 0 0 0 0 0 0 0 0 0 0 0 0 0 0 50.37929478 50.37929478 50.37929478 0 0 0 0 19 19 19 19 19 19 19 19 19 19 19 19 19 19 19 19 19 19 19 35.2077203736 35.2077203736 35.2077203736 35.2077203736 19 59.9163039074 19 36.4306403282 36.4306403282 19 43.1471020076 19 19 19 58.5732788498 19 58.3704840905 72.7197113282 45.697620203 50.5645833612 19 45.697620203 50.5645833612 19 46.5049977345 19 19 19 44.2655341291 19 69.0241318715 19 65.7522437207
0 0 0 0 0 0 0 0 0 0 0 0 0 0 0 0 0 0 0 0 0 50.37929478 50.37929478 50.37929478 0 0 0 0 0 19 19 19 19 19 19 19 19 19 19 19 19 19 19 19 19 19 19 19 43.6414516663 42.4030351761 42.4030351761 43.6414516663 19 59.9163039074 59.9163039074 36.4306403282 36.4306403282 19 19 37.3662547753 43.1873256804 43.1873256804 58.5732788498 65.1764324999 65.1764324999 40.2231272778 45.697620203 45.697620203 50.5645833612 50.5645833612 50.5645833612 19 46.5049977345 46.5049977345 19 44.2655341291 44.2655341291 60.7735554415 69.0241318715 19 65.7522437207
0 0 0 0 0 0 0 0 0 0 0 0 0 0 0 0 0 0 0 0 0 50.37929478 50.37929478 0 0 0 0 0 0 0 19 19 19 19 19 19 19 19 19 19 19 19 19 19 19 19 19 19 37.6579532165 65.3592722122 65.3592722122 19 19 59.9163039074 59.9163039074 40.9480724072 19 43.1471020076 19 19 43.1873256804 43.1873256804 58.5732788498 65.1764324999 65.1764324999 58.3704840905 45.697620203 45.697620203 50.5645833612 50.5645833612 50.5645833612 51.2176572626 46.5049977345 46.5049977345 19 19 44.2655341291 60.7735554415 60.7735554415 69.0241318715 19
0 0 0 0 0 0 0 0 0 0 0 0 0 0 0 0 0 0 0 0 0 0 0 0 0 0 0 0 0 0 0 19 19 19 19 19 19 19 19 19 19 19 19 19 19 19 19 19 19 19 42.5763337504 19 19 46.5506015 46.5506015 46.5506015 19 19 19 19 19 19 58.5732788498 36.4866057412 36.4866057412 36.4866057412 19 19 19 19 19 19 19 19 19 19 19 19 54.6409643037 19 19
0 0 0 0 0 0 0 0 0 0 0 0 0 0 0 0 0 0 0 0 0 0 0 0 0 0 0 0 0 0 0 19 19 19 19 19 19 19 19 19 19 19 19 19 19 19 19 19 35.1177828479 19 19 49.5184812953 49.5184812953 43.883860285 36.9772897441 19 19 19 19 19 19 19 43.6592842605 19 37.9002192441 19 19 19 19 19 19 19 19 19 19 19 43.8527746294 43.8527746294 19 19 19
0 0 0 0 0 0 0 0 0 0 0 0 0 0 0 0 0 0 0 0 0 0 0 0 0 0 0 0 0 0 0 0 19 19 19 19 19 19 19 19 19 19 19 19 19 19 19 19 52.401644691 52.401644691 19 19 19 19 19 44.392819364 19 19 19 19 19 19 19 19 41.7673924093 19 19 19 19 19 19 19 19 19 19 19 43.8527746294 43.8527746294 51.1102718943 45.010403604 36.0598155367
0 0 0 0 0 0 0 0 0 0 0 0 0 0 0 0 0 0 0 0 0 0 0 0 0 0 0 0 0 0 0 0 19 19 19 19 19 19 19 19 19 19 19 19 19 19 19 19 19 52.401644691 19 19 19 19 44.392819364 19 19 19 19 19 19 19 19 19 41.7673924093 19 19 19 19 19 19 19 19 19 19 19 19 43.0507990405 43.0507990405 43.0507990405 36.0598155367
0 0 0 0 0 0 0 0 0 0 0 0 0 0 0 0 0 0 0 0 0 0 0 0 0 0 0 0 0 0 0 0 0 19 19 19 19 19 19 19 19 19 19 19 19 19 19 53.3788304061 19 19 50.8508997161 19 19 19 44.392819364 55.1922687829 19 46.1879633162 66.1381678029 19 19 19 19 19 19 19 19 19 19 19 19 19 19 19 19 19 19 46.7091305375 43.0507990405 19 45.010403604
0 0 0 0 0 0 0 0 0 0 0 0 0 0 0 0 0 0 0 0 0 0 0 0 0 0 0 0 0 0 0 0 0 19 19 19 19 19 19 19 19 19 19 19 19 19 64.7538528709 19 45.0028641864 45.0028641864 49.9430504268 19 44.3510811471 44.3510811471 57.4224665828 57.4224665828 19 41.548548154 19 75.0011657456 19 19 53.5838277229 53.5838277229 19 19 19 19 19 19 19 19 19 19 19 19 46.7091305375 46.7091305375 43.0507990405 19 19
0 0 0 0 0 0 0 0 0 0 0 0 0 0 0 0 0 0 0 0 0 0 0 0 0 0 0 0 0 0 0 0 0 0 19 19 19 19 19 19 19 19 37.7546015995 43.7680899236 43.7680899236 35.4856127401 64.7538528709 19 55.869575963 55.869575963 19 44.3510811471 44.3510811471 44.3510811471 19 19 19 19 19 19 75.0011657456 19 53.5838277229 53.5838277229 19 19 19 19 19 19 19 19 19 19 19 19 19 19 69.1885071491 69.1885071491 19
0 0 0 0 0 0 0 0 0 0 0 0 0 0 0 0 0 0 0 0 0 0 0 0 0 0 0 0 0 0 0 0 0 0 0 19 19 19 19 19 19 19 37.7546015995 43.7680899236 43.7680899236 35.4856127401 64.7538528709 19 55.869575963 55.869575963 19 46.2721176588 44.3510811471 37.2313857921 19 19 19 19 62.8293734961 19 19 19 19 19 19 19 19 19 19 19 19 19 19 19 19 19 19 69.1885071491 69.1885071491 69.1885071491 41.3439454079
0 0 0 0 0 0 0 0 0 0 0 0 0 0 0 0 0 0 0 0 0 0 0 0 0 0 0 0 0 0 0 0 0 0 0 19 19 19 59.3647523472 48.0795760508 48.0795760508 19 40.5654808634 37.7546015995 43.7680899236 35.4856127401 19 49.3137614307 49.3137614307 19 19 19 19 19 19 19 19 62.8293734961 19 19 19 19 19 43.8712913233 19 19 19 19 19 19 19 19 19 19 19 19 19 19 19 41.3439454079 41.3439454079
0 0 0 0 0 0 0 0 0 0 0 0 0 0 0 0 0 0 0 0 0 0 0 0 0 0 0 0 0 0 0 0 0 54.336420694 44.0685993435 44.2859860016 44.6194067996 44.6194067996 59.3647523472 59.3647523472 48.0795760508 64.6520039157 19 19 19 19 19 49.3137614307 49.3137614307 49.3137614307 19 19 19 19 19 19 19 19 19 19 19 43.8712913233 43.8712913233 19 19 19 19 19 19 19 19 19 19 19 19 19 19 19 69.7590446547 41.3439454079 41.3439454079
0 0 0 0 0 0 0 0 0 0 0 0 0 0 0 0 0 0 0 0 0 0 0 0 0 0 0 0 0 0 41.2929157415 40.4301407631 27.717478214 33.1073593515 30.0036438494 44.2859860016 39.2720958093 44.6194067996 19 59.3647523472 48.0795760508 19 19 19 19 19 19 19 38.2631041746 19 19 19 19 19 19 19 19 19 19 42.7296605251 42.2397363402 42.2397363402 43.8712913233 19 19 19 19 19 19 19 19 19 19 19 19 19 19 19 19 19 65.5236485629
0 0 0 0 0 0 0 0 0 0 0 0 0 0 0 0 0 0 0 0 0 0 0 0 0 0 0 0 55.5576270897 62.5558646622 62.8039995948 41.2929157415 29.5326076863 31.2622428272 33.6379940371 45.0816813801 44.2859860016 44.6194067996 19 19 19 19 19 19 19 19 83.694287245 83.694287245 83.694287245 19 19 19 19 19 19 19 19 19 19 42.7296605251 42.2397363402 42.2397363402 42.2397363402 19 19 19 19 19 19 19 19 19 19 19 19 19 19 19 19 19 44.8719550601
0 0 0 0 0 0 0 0 0 0 0 0 0 0 0 0 0 0 0 0 0 0 0 0 0 42.8988405735 53.3056123191 59.7768869109 59.7768869109 62.8039995948 62.8039995948 41.2929157415 30.2032635504 27.4995414394 35.0084446432 54.7063549248 0 0 19 19 19 19 19 19 19 19 69.0765407459 83.694287245 19 19 19 19 19 19 19 19 19 19 19 19 19 19 19 19 19 19 19 19 19 19 19 19 19 19 19 19 19 19 19 44.8719550601 44.8719550601
0 0 0 0 0 0 0 0 0 0 0 0 0 0 0 0 0 0 0 0 0 0 0 0 0 42.8988405735 53.3056123191 59.7768869109 59.7768869109 62.8039995948 62.8039995948 50.3760559484 40.1334576828 48.2377202036 0 0 0 0 19 19 19 19 19 19 19 19 69.0765407459 19 19 19 19 19 19 41.2710956411 19 33.8260802491 43.0463538931 43.0463538931 19 19 19 19 19 19 19 19 19 19 19 19 19 19 19 19 19 19 19 19 19 34.3036924059 34.3036924059
0 0 0 0 0 0 0 0 0 0 0 0 0 0 0 0 0 0 0 0 0 0 0 0 0 57.1963571753 53.3056123191 53.3056123191 59.7768869109 50.6089134352 0 0 0 0 0 0 0 0 0 19 19 19 19 19 19 19 39.4361444318 39.4361444318 19 19 19 19 42.1261893881 41.2710956411 41.2710956411 41.2710956411 33.8260802491 19 19 49.043061702 19 19 19 19 19 19 19 19 19 68.4286724006 52.3226546533 48.164546797 19 54.3538740766 53.1696069401 51.2784685723 19 19 50.2647301242 19 19
0 0 0 0 0 0 0 0 0 0 0 0 0 0 0 0 0 0 0 0 0 0 0 0 0 0 0 0 0 0 0 0 0 0 0 0 0 0 0 0 19 19 19 19 19 19 19 19 19 19 49.1725990514 39.1143146068 42.1261893881 41.2710956411 41.2710956411 33.8260802491 33.8260802491 19 19 19 19 19 80.4042133157 46.1715986133 19 19 19 19 19 48.2771745496 48.2771745496 48.164546797 48.164546797 19 54.3538740766 51.2784685723 51.2784685723 19 19 19 50.8035701074
0 0 0 0 0 0 0 0 0 0 0 0 0 0 0 0 0 0 0 0 0 0 0 0 0 0 0 0 0 0 0 0 0 0 0 0 0 0 0 0 0 19 19 19 19 39.4361444318 39.4361444318 19 19 19 19 19 39.1143146068 19 19 19 19 19 19 19 19 39.8341543918 51.7903648392 46.1715986133 46.1715986133 19 19 19 19 48.2771745496 48.2771745496 48.164546797 48.164546797 19 53.1696069401 51.2784685723 43.1338870166 19 19 19 31.6609568699
0 0 0 0 0 0 0 0 0 0 0 0 0 0 0 0 0 0 0 0 0 0 0 0 0 0 0 0 0 0 0 0 0 0 0 0 0 0 0 0 0 19 19 19 19 19 19 19 19 19 19 19 19 19 19 19 19 19 19 19 19 52.3543137379 52.3543137379 51.7903648392 53.8761406569 19 19 19 19 48.2771745496 19 48.164546797 19 19 19 19 19 19 19 19 19
0 0 0 0 0 0 0 0 0 0 0 0 0 0 0 0 0 0 0 0 0 0 0 0 0 0 0 0 0 0 0 0 0 0 0 0 0 0 0 0 0 0 19 19 19 19 19 19 19 19 19 19 19 19 19 19 19 19 19 19 41.4985743644 52.3543137379 52.3543137379 30.8279441466 19 19 19 19 19 19 19 19 19 19 19 19 19 19 19 19 19
0 0 0 0 0 0 0 0 0 0 0 0 0 0 0 0 0 0 0 0 0 0 0 0 0 0 0 0 0 0 0 0 0 0 0 0 0 0 0 0 0 0 0 19 19 52.9021367046 19 19 19 19 19 19 19 19 19 19 19 19 19 41.4985743644 19 42.8731190643 19 55.4903927971 55.4903927971 19 19 19 19 19 19 19 19 19 19 19 19 19 19 19 19
0 0 0 0 0 0 0 0 0 0 0 0 0 0 0 0 0 0 0 0 0 0 0 0 0 0 0 0 0 0 0 0 0 0 0 0 0 0 0 0 0 0 0 19 19 19 49.85859391 19 19 19 19 19 19 19 19 19 19 19 19 19 19 19 55.4903927971 55.4903927971 19 19 19 19 19 19 19 19 19 19 19 19 19 19 19 19 19
0 0 0 0 0 0 0 0 0 0 0 0 0 0 0 0 0 0 0 0 0 0 0 0 0 0 0 0 0 0 0 0 0 0 0 0 0 0 0 0 0 0 0 0 19 37.300122083 19 19 19 19 19 19 19 19 19 19 19 19 19 19 19 19 19 19 19 19 19 19 19 19 19 19 19 19 19 19 19 19 19 19 19
0 0 0 0 0 0 0 0 0 0 0 0 0 0 0 0 0 0 0 0 0 0 0 0 0 0 0 0 0 0 0 0 0 0 0 0 0 0 0 0 0 0 0 0 19 29.0610207481 29.0610207481 19 19 19 19 19 19 19 19 19 19 19 19 19 19 19 19 50.1995311825 50.1995311825 50.1995311825 19 19 19 19 19 19 19 19 19 19 19 19 19 19 19
0 0 0 0 0 0 0 0 0 0 0 0 0 0 0 0 0 0 0 0 0 0 0 0 0 0 0 0 0 0 0 0 0 0 0 0 0 0 0 0 0 0 0 0 19 29.0610207481 29.0610207481 29.0610207481 19 19 19 19 19 19 19 19 19 19 19 19 19 19 19 43.7556029094 50.1995311825 43.7556029094 19 19 19 19 19 19 19 19 19 19 19 19 19 19 19
0 0 0 0 0 0 0 0 0 0 0 0 0 0 0 0 0 0 0 0 0 0 0 0 0 0 0 0 0 0 0 0 0 0 0 0 0 0 0 0 0 0 0 0 0 47.3889436831 47.3889436831 39.9076270785 39.9076270785 19 19 19 19 19 19 19 19 19 19 19 19 19 19 19 43.7556029094 43.7556029094 19 19 19 19 19 19 19 19 19 19 19 19 19 19 19
0 0 0 0 0 0 0 0 0 0 0 0 0 0 0 0 0 0 0 0 0 0 0 0 0 0 0 0 0 0 0 0 0 0 0 0 0 0 0 0 0 0 0 0 0 19 39.9076270785 39.9076270785 39.9076270785 19 19 19 19 19 19 19 19 19 19 19 19 19 19 19 19 19 53.186930163 19 19 19 19 19 19 19 19 19 19 19 19 19 19
0 0 0 0 0 0 0 0 0 0 0 0 0 0 0 0 0 0 0 0 0 0 0 0 0 0 0 0 0 0 0 0 0 0 0 0 0 0 0 0 0 0 0 0 0 19 50.873980606 39.9076270785 55.2274285178 19 19 19 19 19 19 19 19 19 19 19 19 19 19 19 53.186930163 49.6816109383 49.6816109383 19 19 19 19 19 19 19 19 19 19 19 19 19 19
0 0 0 0 0 0 0 0 0 0 0 0 0 0 0 0 0 0 0 0 0 0 0 0 0 0 0 0 0 0 0 0 0 0 0 0 0 0 0 0 0 0 0 49.0233473424 41.9182891093 41.9182891093 81.0851656755 81.0851656755 50.873980606 19 19 19 19 19 19 19 19 19 19 19 19 19 19 19 60.7417629841 49.6816109383 49.6816109383 60.7417629841 19 19 19 19 19 19 19 19 19 19 19 19 19
0 0 0 0 0 0 0 0 0 0 0 0 0 0 0 0 0 0 0 0 0 0 0 0 0 0 0 0 0 0 0 0 0 0 0 0 0 0 0 0 0 49.7799919651 62.0915716217 47.9060213042 47.9060213042 47.9060213042 81.0851656755 81.0851656755 55.2274285178 19 19 19 19 19 19 19 19 19 19 19 19 19 19 19 19 60.7417629841 19 19 19 19 19 19 19 19 19 19 19 19 19 19 19
0 0 0 0 0 0 0 0 0 0 0 0 0 0 0 0 0 0 0 0 0 0 0 0 0 0 0 0 0 0 0 0 0 0 0 0 0 0 0 37.9252888101 41.9182891093 41.9182891093 62.0915716217 47.9060213042 47.9060213042 41.9182891093 19 19 19 19 19 19 19 19 19 19 19 19 19 19 19 19 19 19 19 19 19 19 19 19 19 19 19 19 19 19 19 19 19 19 19
0 0 0 0 0 0 0 0 0 0 0 0 0 0 0 0 0 0 0 0 0 0 0 0 0 0 0 0 0 0 0 0 0 0 0 0 0 0 58.4284217325 41.9182891093 41.9182891093 41.9182891093 62.0915716217 61.3331361187 41.9182891093 0 0 19 19 19 19 19 19 19 19 19 19 19 19 19 19 19 19 19 19 34.5166526175 34.5166526175 19 19 19 19 19 19 19 19 19 19 19 19 19 19
