Spatial_Output/BAU/BAU_0734.asc
NCOLS 155
NROWS 192
XLLCORNER 196769.923733
YLLCORNER 449719.875193
CELLSIZE 27.603701
NODATA_VALUE NaN
[rows 46 to 68 of 192, columns 53 to 105 of 155]
59.2063544156 23.3888575227 24.9542141991 26.9860008463 25.8993004082 23.2910985296 23.9434195679 24.3541875913 23.5777001237 25.1310698567 23.6748569707 24.9062569825 23.7611597784 25.2026131514 25.1377656788 26.3370066914 25.1058671697 23.5359107534 23.2163918392 25.3667847684 23.244112883 25.2974226656 26.7298947269 24.4434575381 26.5230554243 26.7340214531 25.4012231108 26.8199598226 24.8830640623 24.6714277257 26.9288240277 23.959841604 25.5487524441 26.9266672758 23.6911880796 23.411442608 23.508810808 25.8912598363 25.3851828747 26.0225071519 26.9888648136 27.1516183497 25.4553008829 25.8808460607 25.9501321467 23.4697160012 25.3700739035 24.9188875951 24.6949714959 24.3313905226 23.9224655617 26.0664027477 23.6200921118
43.4930396426 43.4930396426 24.2508688691 24.3624109906 24.4455023846 24.1777839495 25.6474478922 23.7121413851 23.0714063653 25.9017334188 26.8852046509 25.0246107908 23.5762949377 25.9988304738 24.1944494946 25.7783387664 23.6372926027 24.6008844026 26.0075465516 26.9306334443 26.2543031787 26.7916902225 24.6571841841 23.6088555877 25.6822139118 23.2982667462 26.7737369806 24.500074014 26.9204712873 23.4321620013 26.1023919491 24.7755129309 24.0473926012 26.0383604471 24.2360614858 25.7238256591 24.9983256901 26.4346311461 24.986296928 26.8391371039 25.6142481992 26.8711303049 25.5264472359 25.0238747453 25.1350669482 26.8052062621 23.376469577 23.5689989301 23.8970930384 25.826489143 25.1647677898 25.1792361075 26.1281969584
43.4930396426 27.020999075 24.3977971584 23.6154490961 27.0099169948 24.3359533617 25.6058899905 23.5182585454 23.9962968231 25.8820094141 24.5412026337 23.0618947402 24.0127899387 26.2791713067 26.0465176547 23.724217119 23.1015374026 24.7350927135 23.5610325694 27.1750172766 23.2483611242 23.2991961032 24.4746610449 25.119920219 23.7910649876 25.5343279805 25.2201020724 25.1683382085 24.5772419968 25.2670329968 25.4820761549 25.3528728961 23.5250160684 26.2628440125 23.6734193686 25.6364165902 25.3492101865 23.9587961217 26.631502188 23.3697631245 26.5708456915 26.1540767248 25.1268597502 25.2553361009 23.3229449313 24.1104410148 24.4877749125 26.7847937776 26.7201690157 26.7628378715 26.0587297635 24.998455753 26.6993895545
24.1593325982 27.2401502261 25.955965647 26.6130881903 25.4063491443 26.2860089679 26.0948320971 25.4361310968 23.1419234025 23.7206961593 25.5402642342 26.1704096964 26.8421188596 25.1836906344 27.2223829118 24.2309076662 24.1195122189 24.0353067994 23.1704319617 23.4644185293 25.9994523393 23.0863200066 24.3925505317 26.1451455198 24.5167023064 26.1016798871 23.8927296357 25.3019891674 23.0453425755 26.8237648861 24.0176850221 25.1655220634 23.8572695667 26.988093757 24.7811324963 26.7310252525 24.772323008 23.253880525 24.8875714369 24.0603739199 25.3793602095 23.2635830014 27.1928549058 24.717262118 24.954666087 23.3605345542 25.508739509 24.6455760635 27.056932746 24.4431438292 24.7297585527 23.1414471108 25.3818405723
23.6910293461 23.9814583494 26.4195739349 26.0634350401 24.1045336977 25.6102430884 24.2646300794 26.7923788277 24.7245685727 25.9975613482 25.5782471759 23.9930799198 26.6081175149 26.2073153559 25.2560175554 26.1139114908 26.3893329414 24.7216028206 25.2921403093 23.680540304 24.1037232101 24.3259861219 23.5231971756 26.6514931942 24.2854218167 26.0375170582 23.2270266014 24.2934266023 23.8407482576 23.2779866557 26.0732148196 26.8180083226 24.4726200012 24.9447561826 25.1293285809 23.2583246618 26.0313502276 23.9494138694 26.4581244145 23.3306512182 23.9677051359 24.5899315654 24.8055631465 24.1428550963 23.695537721 26.7457242198 25.3500014631 23.074157258 24.9250202361 25.2332971355 26.5029235654 23.132591652 27.0204918058
23.7605566895 25.6624597187 24.8440600689 25.1380263333 27.0124248549 26.5403005544 25.3291803882 26.6619802364 26.8113484935 24.525732785 24.3958778744 25.9260368604 26.7412910209 24.1244314668 25.5686043195 25.5595091955 26.7633154615 24.7322888949 25.8401203601 23.2847231527 24.6245381038 26.655157372 25.6174398837 24.1582812252 25.8890772225 26.405288151 26.9164207476 25.8485513474 26.5717410624 25.9089932288 25.8577045619 26.38854293 24.7520412426 27.0465888559 26.7025198143 24.3422451733 23.6229424911 26.971668109 24.4121192921 24.0525858817 23.4315001392 24.9542994546 24.8672758548 23.6005927472 23.8363985453 26.2706635079 26.280885629 25.5521702733 26.4407645769 26.7685855415 25.7276178855 25.1555923081 26.7708045569
23.2750160458 23.4524413759 23.9773606674 23.7236667893 26.0070970744 26.8787658076 23.7549413402 24.859006622 26.7263815507 26.4680233654 24.910265125 24.7947330463 26.6559154995 23.46724153 24.6863909365 23.119196489 25.246722535 25.1852506858 25.5476864876 26.6672406374 25.9299658535 24.913291159 27.1915366421 26.4959046338 25.5025069572 23.7040123618 26.7761128102 26.3837672344 23.9746600864 24.3134192776 25.1439124431 25.6172837429 24.5219937561 25.4889123419 27.0218564565 25.8480391223 25.585828767 25.7186268758 24.5937813044 24.9906400286 25.4536766979 26.7551203942 25.0088988966 23.6596043365 25.7228044864 25.1179043854 23.3037521633 26.5812350469 24.0086891689 24.8762629935 26.0209601065 25.7680757918 23.9306011864
23.9828427302 55.0612228675 25.9650370059 24.5059256892 23.9680840289 25.3293285474 23.6688407627 26.7941637296 25.6644252192 26.9224040989 25.180753838 26.4180407941 23.138585077 26.5996612839 24.2461425707 36.086534642 36.086534642 36.086534642 25.1307801836 23.1671970994 25.3436331997 25.0909765822 25.4160574256 25.8269804065 25.5917835172 25.3749779935 24.6990992868 25.1355948965 25.5385981307 26.9767955434 27.1531231897 25.590926746 23.1007606458 23.707384127 26.5419240954 26.4763898323 25.9134927719 25.0769364625 25.7927321059 25.3282441603 27.2094811287 24.2876238415 25.182817569 24.8412762613 24.6862077672 24.8862117924 24.9739240766 25.488644738 26.9013942309 23.9913270295 23.0561391889 23.2132060931 24.065682173
55.0612228675 55.0612228675 26.1509167049 24.3206788124 25.8885534839 25.6164121705 25.5282352643 24.1914136516 25.1420518919 24.6853068545 27.1908516875 26.7386508689 24.2334633565 24.1486642757 25.3096114619 48.9982201638 36.086534642 39.4667932084 24.1983562401 25.0079480365 23.5575852908 25.4750431869 26.2569073741 26.4783646096 25.0580130066 26.8902691682 26.1896460563 23.5434889003 25.8031162228 25.3131817066 24.4095324153 26.2036176163 26.9999474467 26.5181642393 24.0208958416 25.1559181775 26.2351876737 23.9097313524 24.2623259971 26.5639570767 24.5371024326 24.712549904 25.9172657378 25.6280786759 23.2568521467 24.32124666 25.7510939649 24.9213824935 26.8862820184 26.300885011 25.0919658198 48.6262146445 25.7398409248
24.7387335158 23.5230948616 25.5176118532 24.5912971092 44.7968108869 45.5296249611 54.8261171543 24.0821272046 27.176470384 26.2645646438 23.4578541591 24.9159420538 25.675757355 24.9887750532 24.1985443046 39.4667932084 39.4667932084 66.3014390643 25.9677331434 26.9603372278 23.7350361271 25.7796629929 24.6078235225 23.6449030034 23.1421997386 26.2150482191 26.61867815 23.7761217775 24.9195097914 24.6128826414 24.4042203153 24.4522728008 23.4348024998 23.1930130423 25.1321027402 25.2698201987 25.635773192 24.7362214805 24.6945851598 26.0687808933 23.8847744205 26.4587402324 23.9375770281 24.6621851061 26.1881430061 27.2175651134 24.0663920367 23.004642729 25.2192969973 25.3674035865 44.01794898 25.2957983748 45.9459140501
25.5018422195 24.2384538842 26.4000468974 26.0998428657 54.8261171543 45.5296249611 45.5296249611 23.6728261607 25.8790181419 25.4049594364 27.0263291439 25.0489953513 24.2292267167 26.7657873461 24.602691839 55.9444856332 55.9444856332 26.8257164587 23.9957739598 25.1391226887 24.0465785922 24.7003570125 23.4649911703 25.8810611561 24.7947875162 27.0312533788 26.2235531214 26.3571117533 26.4371505237 23.7934716772 23.5705933896 23.6240570388 27.2212812437 26.0388881831 25.3253546656 25.6118339039 23.1158003193 26.5501695033 26.5408966061 25.3215522311 24.9805162052 25.6725769406 26.4523558907 23.7703226867 25.7634247344 25.0738872423 23.4686152181 27.1110142785 25.5997277512 24.8454217081 27.0020039697 24.7073361739 24.667115797
26.7272128622 25.5962976131 27.0367407084 25.307139682 45.5296249611 45.5296249611 24.1915463738 23.373033766 25.91566812 23.2668664824 25.2362102908 25.5009589398 26.3110360876 23.4409965704 24.9630787007 55.9444856332 55.9444856332 25.1519067538 23.8070499565 24.6631651178 25.3043111137 25.7290047241 25.5705845724 23.5644489934 26.329172812 24.417068026 24.6037212573 26.4406458747 25.1242657664 26.9157501096 27.1427860954 26.0537925118 25.4550258178 25.4779376551 25.7827970543 23.9116474734 23.7067211389 26.9659218968 24.6580972867 25.0773269943 25.3863645354 26.1982344515 23.9602988004 26.0973210159 24.1772992322 23.5207015892 26.9178283306 24.2427463707 26.1274601582 26.0665994006 24.6075223402 23.4586134379 45.9459140501
25.5888696996 24.5717386181 25.1057274284 27.2065701197 23.3474265375 26.0985564532 24.4442962153 26.0327091718 26.3929283331 25.3004309682 26.4602955383 26.4781641702 25.3115643596 23.4421640258 42.3828185106 42.3828185106 42.3828185106 42.3828185106 26.8281998881 23.0361200901 25.5615633077 27.1683051354 23.0759977595 24.3018145479 26.2534354619 25.8293612879 25.9810392852 23.6518060256 23.7059015604 23.579706881 23.3076689588 24.5259827361 25.0041978069 25.2129718702 23.5373257563 25.0236929246 25.1387431313 23.2285918041 26.0416453835 27.1503897246 23.1997227379 26.7739965226 26.3044062637 25.3229577848 26.4672502303 26.5072862689 24.17382305 26.4725196219 25.680785774 23.3138741595 26.1119438629 72.4548065514 83.0387361129
27.2256190639 26.9826625896 23.7807557848 25.1855607986 23.2797390429 25.8476511859 27.0561011202 25.3669417941 27.1528873307 26.25355249 26.5693586833 25.1309530623 25.9003402722 27.0137516053 24.3117055834 61.2463683664 61.2463683664 61.2463683664 23.1506028451 26.7417888145 24.3551900551 23.0666388998 23.0042431523 24.7588322153 26.3110453806 23.0167588677 25.3975055133 24.4412616744 24.1030149857 23.7762768145 23.4354538736 24.7231992403 24.092543827 24.2797091931 23.2992290186 27.1941860128 24.2493449077 23.4038043247 26.0199223499 27.0464832505 26.3514789243 26.6955963776 24.437633252 23.0395990969 23.880672981 23.8800163538 23.6695449239 24.7025760596 25.1131852681 25.5257499427 23.6140452233 83.0387361129 83.0387361129
26.6547783577 23.1402445529 25.9642240034 26.1405685584 23.5237867292 23.8317270893 26.91045448 25.1989474367 24.8633468698 48.5049731449 62.5267638391 25.3661619307 41.0014596383 40.8323640191 60.2828128309 60.2828128309 60.2828128309 42.4458040553 23.9422535109 24.2634313559 26.5826602111 24.489605894 26.3955925119 23.8655253733 23.0290246407 26.1853941578 26.2021153762 54.1274451717 50.2290929506 50.2290929506 25.6200693534 26.4848474476 23.8841652213 25.4724950726 24.3306332297 26.4094895116 25.1435902836 25.0101783202 25.2069482385 24.15275547 25.395868766 27.2161417608 23.8132847383 23.7435235025 23.3524429053 25.5225548935 24.7042944838 23.3923271995 26.5842063111 26.0783273061 26.6345149018 64.028107143 64.028107143
23.9789598958 23.809144689 25.721421618 23.7165412727 26.0380285715 26.3384002356 45.7251963154 24.3537127486 45.7251963154 48.5049731449 48.5049731449 62.5267638391 41.0014596383 25.2732599219 24.0760329853 60.2828128309 60.2828128309 60.1729858054 25.6256510801 24.1057904071 70.1148334423 25.9749990234 25.1588265574 23.947189507 23.2948454078 23.4334659288 25.7192024275 54.1274451717 54.1274451717 58.7186979541 50.2290929506 26.9351399277 26.0848128302 26.2958475219 25.5589612295 23.8638162248 24.9556636807 24.0285294603 27.1545841634 25.5587392426 23.773076741 23.2393148827 24.1650188293 25.2604607122 24.7351642131 27.1961230079 27.0083704558 26.4962687273 25.7495055148 24.9429266489 26.0490226031 23.6627654448 59.0279261939
24.7920694887 23.1690912191 25.796575342 25.0176019575 26.1677444857 24.2152330663 45.7251963154 23.949403004 24.2605531554 48.5049731449 62.5267638391 23.3739261728 41.0014596383 24.4648282851 23.4986137236 63.5909314735 63.5909314735 26.494493847 27.1637840774 26.41496346 70.1148334423 70.1148334423 26.448594146 27.1890009217 27.1573409541 26.1835692435 26.2627015028 54.1274451717 54.1274451717 39.7521929506 58.7186979541 26.7860262699 23.7737691273 25.8041652255 26.8264680905 25.8272747958 23.1635593187 25.1893763951 23.4050538083 26.3598689255 25.0704952949 24.2802691059 26.5498778662 24.9787952497 25.7914061692 26.054166709 24.7692347916 23.0862762908 23.8235869048 25.1639159135 24.4795517936 25.0850494565 59.0279261939
26.9569664023 25.6549246272 26.8543119712 24.028331419 26.3241844135 23.1714204692 23.1495224189 26.5375105544 25.1882865789 25.2054504873 24.6256005363 24.5563567228 26.8195202347 26.0957933498 23.1907283089 63.5909314735 63.5909314735 41.7212343647 26.1304241554 24.6992998947 26.3765123345 25.4510938344 25.6841530685 25.4530425898 23.4094990817 27.0869264859 27.0915085673 54.1274451717 39.7521929506 39.7521929506 39.7521929506 24.6246391197 23.5193486956 23.176990913 26.4264597432 24.9048386603 25.983737843 26.0297603889 23.1845984776 24.9744695543 23.6661503218 24.369369155 25.9219674604 26.5325926576 26.6002949468 25.4342708242 26.4332725753 27.0623193335 25.1435993541 24.5673450573 27.2296517385 24.1785129191 63.3532316481
27.2299136993 24.2805601338 24.9663501262 23.6993069774 25.3184755623 24.633152231 27.0319823589 23.1952503895 23.326728516 23.7533089151 23.5991735407 24.8630936273 25.3191094724 25.5591040798 25.6410822839 41.7212343647 41.7212343647 41.7212343647 23.6328693214 24.8161559529 26.7309980149 26.5924575414 25.3722463097 23.2329844805 26.1481715917 23.5519689766 26.1404253348 24.0966185985 39.5756728605 39.7521929506 24.4261690803 24.661503201 23.3594909117 26.5082458664 24.4547250783 25.4768229199 25.8460455573 26.9770207852 26.0840179501 24.1560429183 26.8798959045 26.7873189891 23.2247891712 26.0942616202 24.96147738 26.0805447726 26.1562036631 24.6052486013 24.9580543423 26.4871422354 24.031682102 24.1584397527 63.3532316481
25.0404992266 23.9740806495 24.02425606 26.4633486351 26.1199110718 26.3378545276 25.3134423212 25.4465990086 24.7148916748 26.4838406709 26.828976755 23.5114107697 24.2261190102 26.1495751548 23.4283020269 23.1603263488 25.2051177236 23.3824781299 24.878502379 25.2479886139 42.6531114847 24.6713510342 42.6531114847 23.9814314663 27.1093134316 26.2976639733 23.2860664625 26.9169826285 26.9122087935 47.5035945165 47.5035945165 25.4608515433 26.302647442 24.1587657651 26.9093479773 23.9231625364 26.6879564593 24.2467216715 24.4951342013 24.7952374244 23.4524699468 26.2705443142 24.580123569 26.0770297217 23.1703433787 23.4481911401 25.3976912683 23.3697631173 23.8041078568 25.5763150038 24.7884209309 27.234385802 24.119496649
26.7421694932 27.0172434513 24.1927377309 23.5577514428 24.8960141816 24.8210980271 25.6161394884 52.6407245924 25.78698145 26.3224914459 26.2018823797 25.683458488 23.299613148 25.0347627258 23.4155828738 26.0195323467 24.1269199749 26.3573774654 25.6880960845 26.7216847338 23.6127192042 42.6531114847 23.0309867633 26.63445825 23.2860188869 23.956675247 23.5773180573 26.1965197124 24.0410306706 55.8955184 47.7228396291 26.442257615 23.829278636 23.6496190123 25.697932144 26.3704849168 26.8717808407 24.0231418398 23.5719624293 24.1906083567 25.8491949514 25.2187376075 24.1585406809 25.2284644479 25.6128978582 24.756956202 24.8799184377 23.0674099317 23.5613051493 24.2200065446 24.1744487523 26.2664692829 26.49018158
24.6179804687 23.5437418491 23.9970186081 25.3811662281 25.1010453091 25.3263312848 24.0577827277 24.2749425128 24.5390579232 26.6562494349 24.8020021374 24.3789269698 23.9563876811 26.6121177692 25.4597732512 25.9459457743 23.6777098909 47.1791178733 67.4523750289 67.4523750289 25.3582474246 25.2458504911 23.0536050498 25.3921482265 25.775129333 27.1129015395 25.1567349205 26.1404922571 55.8955184 55.8955184 55.8955184 23.610393024 26.7256567174 24.1648756252 24.3708801231 24.2521567568 26.7908308566 24.0408824529 62.0357199898 24.2225509245 24.3458324379 23.1100624088 23.6996627236 23.8012904257 24.3934930514 23.7649278977 25.9911467325 25.1104597924 25.7250456407 25.5483694065 26.3587222599 24.5693838888 25.7573879772
26.8943836854 23.735774038 24.1530203523 25.8645244861 23.911317808 23.0792808261 25.4911276084 52.0446052407 52.0446052407 23.2392331592 23.1803555742 25.5178311211 26.381365543 23.6131866271 26.1387234048 26.5417907792 26.9227398272 67.4523750289 67.4523750289 25.3911921177 25.8159983393 26.474473093 25.5488084173 47.2249941326 25.5403538788 24.062108897 26.3127796115 25.0286969947 52.1797724449 52.1797724449 52.1797724449 26.7313556212 49.4796300145 45.1735299899 24.0758863736 25.5925903572 48.5548393026 25.3444118912 26.033140827 23.4034891747 27.1044219859 24.0804007222 24.731290893 24.0455364271 53.7667898176 25.3513542777 25.2657298885 25.1526331691 23.3810074959 24.352297581 25.4602049687 23.0963773736 23.472317509
