Spatial_Output/BAU/BAU_0485.asc
NCOLS 155
NROWS 192
XLLCORNER 196307.867259
YLLCORNER 449144.565805
CELLSIZE 33.573938
NODATA_VALUE NaN
[rows 25 to 49 of 192, columns 0 to 56 of 155]
0 0 0 0 0 0 0 0 0 0 0 0 0 0 0 0 0 0 61.7286848938 57.1400462896 20.666389322 19.9511303571 20.4498180909 20.4498180909 48.0460924181 56.74194503 56.74194503 27.7668716541 28.1244394321 27.3228562832 28.2324822777 27.4496861102 27.0413464549 27.2388033435 27.7011549124 27.8441484774 28.1002081497 27.1449850359 27.2690515591 27.2215464935 27.7871069107 28.1770158968 27.5378558644 28.1141931638 27.2124983713 27.1252608361 27.1643363551 27.4707784363 28.0969921679 27.6387930197 27.994984034 28.340737254 27.0980559805 27.2195928959 27.3827269965 28.2623177342 27.1958603902
0 0 0 0 0 0 0 0 0 0 0 0 0 0 0 0 0 0 0 0 0 28.1242828801 27.1452743463 27.4628518768 47.1089440994 56.74194503 56.74194503 49.4019234324 49.4019234324 27.9583570248 27.7331330022 27.3101420485 27.7570284619 27.4338597764 27.226141578 27.7173242543 28.0787915046 27.2067051439 28.3994520362 27.5824458941 28.3399042488 27.347222563 27.208795765 27.3177303863 27.9919308096 27.4852166864 27.9405962122 28.4022194183 27.9858420714 27.3348193655 28.3994251426 27.5244457664 28.0024476836 27.762549103 27.3569636108 27.8940716494 27.8442225089
0 0 0 0 0 0 0 0 0 0 0 0 0 0 0 0 0 0 83.736513865 28.0359610203 27.4869245532 28.3104305566 28.3375006381 27.1841940531 28.2029522102 55.0689905412 49.4019234324 40.6134923653 40.6134923653 76.5315953293 27.0598676356 27.0351882821 27.5215393618 27.4532045521 27.7161356967 27.2909668834 28.052908114 27.169321214 28.1390796674 28.1749950137 27.9057428283 27.5967320823 28.3814496184 28.0023827456 28.36408405 27.7775024366 27.1987553246 27.4208396023 27.0982311782 27.8764553559 27.5192482671 27.6489011022 27.2370471411 28.2819037012 27.8443846146 28.4018646311 27.006379613
0 0 0 0 0 0 0 0 0 0 0 0 0 0 0 0 0 83.736513865 27.872865943 27.5158433594 28.3417655166 27.4645976345 27.1586202883 27.612176202 27.031011697 27.7523238169 49.4019234324 40.6134923653 40.6134923653 61.5159559313 61.5159559313 51.4667064644 28.3016699962 28.1723429034 27.2636354623 27.8199522895 27.7316842765 27.628885533 27.4119732229 27.1126703095 28.3149775697 27.850178906 27.1360442098 27.6976130889 28.0939955551 28.3173274758 27.4204971399 27.6887069965 27.2795932729 27.9354049542 27.2863182572 27.0777349867 27.9521890932 27.6507631016 27.7983059451 27.8612723118 27.2515324028
0 0 0 0 0 0 0 0 0 0 0 0 0 0 0 0 0 28.3524465939 28.2078497896 50.6065585931 41.0805322248 54.681171987 27.867400388 28.2595980917 27.2124881747 27.6163297277 28.2547295195 27.9937322151 48.9063159588 61.5159559313 55.8536204637 55.8536204637 66.305920507 27.0933982097 27.331510649 28.3937740797 28.1608834626 27.4773363278 27.0480818969 27.5296073582 27.0100693276 27.0675976629 27.7992949293 27.2567547383 27.8086874469 28.4098827924 27.3067163535 27.6521073522 27.1639705335 27.6141457035 27.1842896436 27.7477024133 28.2805641348 27.7987584044 27.0736979221 27.2452456251 27.7409288716
0 0 0 0 0 0 0 0 0 0 0 0 0 0 0 0 28.3492463849 28.1810885393 27.9250434638 50.8548949808 48.1439695154 51.1352208179 27.5400486716 27.61945548 28.3664878158 27.8389790396 28.4008745523 27.0452307924 28.3248218416 61.5159559313 55.8536204637 55.8536204637 76.8665664715 42.3370880122 27.7155179739 27.8917280683 27.321821897 27.6958272785 27.6100152205 27.1274759217 28.0619452191 28.308081288 27.8673511566 27.2476876102 27.8522433846 27.5943549495 28.0245965225 27.3779582128 27.7139890961 27.9192769831 28.257551493 27.3849793343 28.1370945965 28.2126661747 27.5973727715 27.8248149833 27.0775373809
0 0 0 0 0 0 0 0 0 0 0 0 0 0 0 27.0357717248 28.0200064486 27.0860218415 28.2340587372 39.0023436909 42.2589801184 52.2025191374 51.10969452 28.279323249 27.1983949849 27.1162410586 27.8427888877 28.1672931865 27.9569931812 27.3180687252 55.8536204637 76.8665664715 53.9216204991 74.676188174 74.676188174 28.2509903737 27.3945126053 27.1877290777 28.1232790626 27.1418760325 28.3316657366 28.0518570839 27.6577470526 27.9991203046 28.257201427 27.742380806 27.4570751387 28.1872140366 27.2388340135 28.0459162127 27.7805032638 27.9528338678 28.1736273263 27.6731331384 27.7718449923 27.948840027 27.5132221683
0 0 0 0 0 0 0 0 0 0 0 0 0 0 0 27.7907747611 27.9596902809 27.6082792644 28.1419615095 53.5853685522 49.6797909167 43.9154417591 50.0845983426 27.7235388875 28.1398383567 28.270409509 27.7097119244 27.6303775465 27.9660408087 27.6786520417 27.5376152964 27.3802798899 27.0903395839 41.9104217415 41.9104217415 28.2033204073 28.3069448772 27.0543107867 27.4132652851 28.0794124904 27.0313450128 27.973232124 28.3217774636 27.1954610651 27.7245332599 27.5771689959 28.0914239051 27.8248000297 27.9515625201 27.0045982375 28.0699678545 27.9531002215 27.9521328014 27.6767936069 27.5912752616 28.0062570461 27.469971158
0 0 0 0 0 0 0 0 0 0 0 0 0 0 0 27.114739172 27.4416592526 27.3854458369 28.2883649222 27.2637466864 41.340740907 54.4180371364 39.4298900179 27.5827908644 27.6850754848 28.3539865443 27.7830197034 27.7206473923 28.3073259545 27.953966751 27.2213984983 27.7267027077 27.7978823121 41.9104217415 41.9104217415 65.8457394425 65.8457394425 52.8821396619 28.0966282487 27.769304802 28.2319391292 27.2030848646 27.46713194 27.7491003304 27.0369925757 27.1880269004 28.3798490024 27.1678951592 27.4926576462 27.8632608037 27.0000620479 27.2357897452 28.2380178404 28.143233907 27.2336120852 27.8858640392 27.773905024
0 0 0 0 0 0 0 0 0 0 0 0 0 0 0 27.6713679384 27.2871858935 27.5791752343 27.5381815454 28.3049882634 28.2118634823 28.2846041376 27.2900417891 28.0626035929 28.2178485458 28.2904066353 27.9463134392 27.7865326018 28.2369575424 27.0596657343 27.3893241495 27.2110327046 28.0004125482 28.3240830096 28.0766345858 27.4363768627 27.527184499 27.4185427372 28.0723268641 27.7181271133 27.7155518243 28.0677651731 27.6252000721 28.1886079999 28.05058923 28.0337047254 27.4855070974 27.1267432767 27.9994519857 27.879336473 27.7304471806 28.3474026553 27.6004485213 28.2342470899 27.9316253787 27.1517464589 27.0886455793
0 0 0 0 0 0 0 0 0 0 0 0 0 0 0 27.6096386339 27.6652824274 28.3380950721 28.0810590972 27.3316592701 28.363009295 27.4317944635 28.2961269634 27.6344751543 27.1840517989 27.176188627 28.0351832335 27.0211743682 27.0913022542 28.2015443479 28.2409894329 27.9687682278 27.8063810419 27.6358187182 27.1975301328 62.2106909801 55.8597936923 28.0692067203 27.6164144271 27.5728736052 27.205644199 27.5787847489 27.5928903383 28.2524503699 27.3835160725 27.9907420362 27.8426327962 27.810551718 28.3603423769 28.210033798 27.6736478683 27.8877818342 27.1532194481 27.8350137527 28.2876764748 27.2039657645 27.7357365617
0 0 0 0 0 0 0 0 0 0 0 0 0 0 28.321725545 27.6316903625 27.4012688737 27.2706215795 27.7356229474 27.8984804421 27.2210129997 27.0345102379 27.771146352 27.8241957707 27.3789503509 27.4621596705 27.3085717275 28.2876826972 27.9443231462 27.8243773326 27.654180721 28.3586843973 27.178742699 27.1308052663 27.8345069391 55.8597936923 58.8857784399 55.8597936923 27.4675255267 27.4224596083 28.350475242 28.2389779076 27.738581848 28.0025790292 28.3710235692 27.1042075834 27.817451011 28.1227927031 27.2380385657 28.1516742871 27.1745872296 28.25297605 27.5290372318 28.1107991471 27.3002277306 27.6997196138 27.8114997232
0 0 0 0 0 0 0 0 0 0 0 0 0 0 28.3356272512 28.2430862213 27.5802551936 27.4980851198 27.9778678068 27.338820665 27.6473105402 27.385523966 28.1375686284 27.2250358925 27.7637405354 27.1377951479 27.0880450384 27.3518593844 52.473412675 52.473412675 27.952572873 27.2598394238 27.800829932 27.2479264026 28.001852961 58.8857784399 58.8857784399 58.8857784399 27.8458294347 58.5316288538 27.9262408979 58.5316288538 27.4831637247 27.7907617331 27.2220008428 27.5862123827 27.3959454701 28.2114876699 27.3905563103 27.125601938 27.2286238848 27.899815645 27.935191597 27.2174572587 27.2737641871 27.8160680188 27.7178692541
0 0 0 0 0 0 0 0 0 0 0 0 0 28.3920293511 27.7393274161 28.1691814371 27.0025376309 27.1348837059 27.4749900644 28.2524510141 28.3265411761 28.1383419132 28.0828763864 28.2765196505 27.3542671633 27.6251522869 27.713459034 52.473412675 52.473412675 52.473412675 27.7272919381 27.8856658416 28.0859358577 27.4329240671 27.0720033108 58.8857784399 58.8857784399 56.8329150565 28.4033800337 28.2419104573 27.1392896686 27.5701836199 27.5992268683 27.2975344785 27.5706682592 27.8238800691 27.5614791795 27.1342812688 27.2275522748 27.0689816621 27.58321764 28.0220104524 28.1985990364 27.6914687373 27.8264649603 27.595478534 27.0723719631
0 0 0 0 0 0 0 0 0 0 0 0 27.9989322974 27.3911402428 27.0303509195 28.005488931 28.2422090515 27.7002817139 28.3463423411 28.2935391359 27.7197424758 27.5917349275 27.6066278401 27.9198764552 28.1959296575 27.1657311897 27.652451719 27.5296673829 51.3813019296 47.359980581 45.0199515199 28.2994791015 27.4806825335 27.2075513576 27.759052925 28.2494266059 27.3960934169 41.3153398007 41.3153398007 41.3153398007 28.1820277726 28.0207629351 27.2898720175 27.4616407098 27.2708184185 27.0108152744 27.2478623114 28.1101368144 27.2824273525 27.1339917816 27.6698660006 27.0197719907 27.3601281274 27.83646853 27.1426909658 27.4834654865 27.4582942379
0 0 0 0 0 0 0 0 0 0 0 28.2591855715 27.3590883588 28.1904449525 27.3735653792 27.0539737368 28.3641007464 27.3395742854 27.6878505482 27.013861987 27.6342677351 27.7313264458 27.8384947433 28.3643873571 28.2953484353 28.0050938013 27.491423377 27.3544113964 48.4037073277 46.0413441051 41.1907627367 27.7056534914 27.4517732703 27.500754695 27.7549378512 28.1831205153 27.0929637702 41.3153398007 50.5027151245 50.5027151245 58.5875126046 27.6537345131 27.9801690617 27.8762966987 28.0099992905 27.1404721385 28.2961729968 28.0128784152 27.0766261321 28.3936730052 27.942237973 27.2445854124 27.6784073568 27.9357506912 27.505917581 28.1101164748 27.6405344264
0 0 0 0 0 0 0 0 0 0 28.1687523684 28.335771725 27.0240445362 27.4424705463 28.1645029412 28.3959802052 27.1682128083 27.9081093206 27.7678721609 27.7724624977 27.4968750638 27.13382498 27.4585129953 27.7726743903 27.3843103853 27.9787896603 27.7941645474 27.8730451612 49.8024393749 44.1980994013 40.301367461 27.8410131589 27.6745814535 27.5052331832 27.022097645 28.2271456951 27.39100127 27.9886746777 50.5027151245 50.5027151245 55.8437926285 28.2100454912 27.4573429318 27.5808947991 27.6654805327 28.3332498049 28.000744678 27.4814786692 27.7467201181 27.9713477721 28.2745576736 27.230560934 27.3762989169 27.6958622777 28.0992584477 27.8775637807 27.9308353556
0 0 0 0 0 0 0 0 0 0 27.9205132217 27.0652118301 28.2730209835 27.1779404905 27.5048492973 27.9441005742 28.3352176343 27.9137480002 27.8410584762 28.1677882675 27.9308763212 27.1138990476 27.2359309451 27.7328089534 27.6582312536 28.3844608591 27.3511108577 27.6314852378 46.2645710588 44.9071235255 40.7089798452 27.8100257457 27.5927621969 27.5485767731 27.9744952546 28.2594766377 27.3580984344 27.9776909703 83.7207056981 55.8437926285 47.912769474 28.3770713398 27.5861462864 27.1504772273 27.2869128381 27.4199605582 27.9577829858 27.0046154751 27.2530067286 27.2637329164 28.2753585916 27.1894090184 28.1610784816 27.3705360781 27.9269658413 28.3952096465 27.6048088465
0 0 0 0 0 0 0 0 27.165248572 27.4309900829 27.7845687476 27.9911271988 27.079820284 27.501025553 27.2113172129 28.1871637 27.3202819387 27.475744293 27.0106608419 27.9819720955 27.1741001888 28.1812529351 27.2659098902 27.6344960318 27.6907101975 27.291190084 27.3869120681 27.6387984407 27.9026160337 28.0480962781 27.6207787769 27.3151453372 28.2724607396 27.967887342 28.0946146466 27.2018816409 27.3337068954 28.4133830592 56.7466639935 56.7466639935 56.7466639935 27.8193258614 27.2865314976 27.9042827393 27.8095064627 27.312114158 28.2339578404 28.0418944447 27.3498407715 27.4264430759 27.928935339 27.5826763748 27.1701624609 27.9389216452 27.1321053574 27.2021575876 28.1981601062
0 0 0 0 0 27.702571917 27.6202758103 28.1851125445 27.6931622979 28.2919151858 27.5274464902 28.1765908894 27.8608178337 27.0912006682 27.9626315811 28.3322557715 27.3210506711 28.1977191806 27.3651060572 27.5204102168 27.8150104787 27.2242420831 27.1676769582 27.29653787 27.6290772816 27.6848303861 28.1500039961 27.4475948152 28.2528285221 28.1386963983 28.3166297872 27.3021320615 27.6986127451 27.2904194955 28.0913151245 27.1476499514 27.4338287931 41.1275537658 41.1275537658 28.3119635702 28.3991598883 27.0683265606 27.6581431035 28.2252290695 27.0859831615 27.5408352055 27.3575804475 27.760991722 27.8944866618 27.8814478404 28.1524073938 27.5431910458 28.2248398591 28.0611713424 27.6081018967 27.8337293204 28.230146435
0 0 27.4382207734 28.048048668 27.1468980601 27.7292990289 27.0328572405 27.4589753425 27.4727829727 27.7557215581 28.3942482372 28.2347547687 27.2868578961 28.39826308 27.9688116138 27.9854582186 27.4578514642 27.5615135197 27.5162377033 27.6483140829 28.165421805 28.1658319043 27.8900308283 28.2364828882 51.9483125928 51.9483125928 28.0774396788 28.1610040095 28.285954799 28.2588330697 27.6658008819 27.0741142286 27.4579629874 27.3699290807 27.6562637535 28.2151905933 28.4113559819 41.1275537658 41.1275537658 28.329985832 27.0321871436 27.5360418011 27.7363247552 28.3412554451 28.0871631024 27.7856647704 28.256669602 27.2265494734 27.9730239671 27.0860847263 27.2851926339 28.332626512 28.2688380625 27.1070792362 27.3577359104 27.1086431745 28.064393282
0 28.2174135905 27.5231573861 28.1941365905 27.2268856894 27.6467763157 27.6294772822 27.6067227948 27.9018892746 27.8226370668 27.5152195198 28.1396723255 27.7252355383 27.5241788475 28.1814085031 27.135298449 27.1816563057 28.3015109807 27.2034863623 27.4702825518 27.7541599604 28.2962440235 27.0855216496 27.3997755535 51.9483125928 51.9483125928 51.9483125928 28.0565836961 27.8035630052 27.4126806317 27.0771433082 27.9969828921 27.9297858167 27.4248565488 27.3414351913 28.2707926199 28.1261282621 27.9825908294 27.7472969965 28.4021551213 27.7180576685 27.7726701261 28.1163657964 27.919446812 28.2068846807 28.1918509297 28.0298194483 27.4136988822 28.150215524 27.6088858529 27.8848098441 28.2982374766 28.368724396 27.2813465758 28.3583985788 27.9813050022 27.050459109
28.2961830749 27.41335832 27.5437147229 27.1432247757 27.6171365612 27.2641951516 27.0504210093 27.6046895774 27.2305893166 27.4702980457 27.2891124002 27.9682718294 27.9483213376 27.8861077845 27.6061914635 27.4867885568 28.1522356307 28.321701983 27.7670674654 27.7277795607 28.3472657206 27.4627326191 28.0900449427 27.2602343183 27.027562301 27.0245905737 28.4034244423 27.6987113316 27.6218243932 27.5102360756 28.3162312391 27.8598134509 27.2212211246 28.0929055193 27.9844171916 27.0897914819 28.1805501443 27.9341786677 27.1767740136 28.2806063713 27.8334573289 27.8639530404 27.172562169 28.1312384367 27.4721433902 27.1174016863 28.0192392059 27.2227020264 28.008430803 27.5364710128 27.2106663409 27.2787461029 27.103840491 28.0031519599 27.8252921958 27.6784461958 27.9011211587
27.3022939848 27.9149767493 28.1598976431 28.354130031 28.2370895302 27.4160378029 28.1036397854 27.0540528654 27.4843038625 28.2316327072 27.9428690145 27.7137981001 27.6464021193 27.542229056 28.0473315786 27.1940595514 27.2988099065 27.1825168547 27.0903484911 27.9353731698 28.1834033527 28.1282401268 28.364570901 27.5417601994 27.3245448222 27.204628867 28.0774356128 28.2883474276 27.6161892949 27.112092748 27.8923279179 28.0516738165 27.1526831762 55.7289839167 27.0793546171 27.8425800855 27.6285576889 27.6472018897 27.432047684 27.8025427399 27.9461266717 27.0138864561 27.6710311525 27.9659689219 27.1395711235 28.0168175056 27.3084223304 28.1648326149 27.7253912253 27.9693788545 27.2292977635 27.9653994367 28.3188898921 27.6352928541 28.412114101 28.1671998119 27.4287137352
27.6525047196 27.973727612 27.7739580757 27.7181396702 27.55037882 28.0356915482 27.3424880493 27.1719046038 27.5590675984 28.3656476254 27.3182452541 27.3201396537 27.7554488381 27.2983790112 28.3337513476 27.4303489176 27.2372073746 28.0987426059 27.937723504 27.7261455489 27.3309928339 27.2543644228 27.0104140107 27.1440259522 28.0741719594 27.1416842375 27.52309842 28.0967044722 28.2645709152 28.3633538475 57.9148059156 28.0301372434 28.2867631273 27.5083363976 27.2128730653 28.0261894257 28.0104311464 56.5110302433 56.5110302433 56.5110302433 27.7874682003 28.3367990397 28.2232165102 28.2841995066 27.6380256067 28.0976041658 27.8261875894 27.7656354337 28.0407907092 27.5305505461 27.6847749714 28.0767090154 27.624773799 27.1183425827 27.9929751263 28.0963375357 28.2036998742
