Spatial_Output/BAU/BAU_0519.asc
NCOLS 155
NROWS 192
XLLCORNER 196769.923733
YLLCORNER 449719.875193
CELLSIZE 27.603701
NODATA_VALUE NaN
[rows 69 to 91 of 192, columns 0 to 52 of 155]
27.2027263066 28.3506039803 27.7203618895 27.5224347034 27.3192923295 27.7145827913 27.876737941 28.2004953624 27.0343678548 27.5654777047 27.0305106999 27.0932100252 27.158550425 27.132568187 27.2407885529 28.4134449448 27.3337124969 42.5673272512 42.5673272512 42.5673272512 28.0026851711 27.4426439392 27.160704101 27.0788692845 28.295496265 27.049026821 28.2865894859 27.0573113716 27.8182539793 28.2973998091 27.2642771643 28.2337459895 27.1624533197 27.8315452348 27.0836298448 27.4663026632 27.2251954084 28.1277251055 27.5731788638 27.4495642478 28.3523066404 27.4362920871 27.2264788334 27.0591821972 27.716575312 27.3269538663 28.1770638198 27.6085189058 27.1872228413 27.1476531611 57.3624677631 80.3703960851 57.3624677631
27.863286736 27.7884624823 27.1425206726 27.7888112852 27.4234814055 28.0326959737 28.373546526 28.1827809429 27.5271031381 27.575610832 27.5437312965 28.1897262725 28.0180784097 27.1494799066 28.2699573341 27.4510868909 28.363529511 28.1083201576 42.5673272512 42.5673272512 27.7386802603 28.1516695668 27.9527635986 27.9867060021 27.7661158993 27.2020355185 27.1850870758 28.3767611938 28.2365322988 27.0702570428 27.36715721 28.3562393156 27.896800606 28.3533677875 27.6016015174 28.059031244 28.0152292973 27.4241561509 27.9975143002 27.2287882115 28.2432240019 27.9622278783 27.899350386 27.9311736039 27.3630032374 28.1903226537 27.2421230697 27.1229130672 28.2449681335 28.3586868683 55.8947315214 55.8947315214 55.8947315214
27.6680354896 27.1114926768 28.2267346446 27.56524135 27.6864412819 27.3296382188 27.0511109752 27.1169646417 27.2225084382 28.3181510031 28.3199016465 27.0473719816 28.2563815708 28.2830070174 27.8834777251 27.9093558464 27.1108182799 27.8175444234 27.7577308649 27.517375755 27.734784525 27.048898881 27.5119069553 28.250139998 27.0132268673 27.5089918753 27.0916023185 27.268281729 28.1219935652 28.3602750268 28.0794933857 27.9910248707 28.0882136986 28.1911130584 49.2132328947 27.7208024159 27.5507467318 28.0497580625 27.7269639747 27.0265451925 28.0287729391 27.6006943433 27.4155865269 27.6207606736 27.9621369239 28.3805252387 28.3703733515 27.0834921944 28.1083215517 27.3314212501 55.8947315214 55.8947315214 55.8947315214
27.1841192603 27.1111772876 27.9159274565 27.7112377993 27.1801712279 27.7907039833 27.7218233835 27.431125885 28.1446145691 28.2579297605 28.018174466 28.0555986414 28.0869916312 27.8167026869 28.2059871658 27.2314482991 28.2040899132 28.2410272867 27.3840157313 28.3340911099 28.177695696 28.0611460125 28.2004632687 27.8307664249 27.2300132927 27.5043043796 27.3641375955 27.7218597583 28.3742089468 27.5060717446 27.1694784594 27.5271241124 28.0524424837 49.2132328947 49.2132328947 49.2132328947 27.6284685441 27.7012146638 27.480690582 27.1235504246 28.2695545406 27.3297357548 28.0637401955 27.6481431055 27.9604881154 27.6650543729 27.1603607325 28.3381921539 28.0559134321 27.2681647015 27.5854633836 55.8947315214 28.3616534837
27.5480517439 27.4889464489 28.2705819292 27.0767973494 27.1630192897 27.2452324118 27.8481482912 27.9002009767 28.086048592 27.9170850733 28.2842328781 27.710865595 28.1298792632 27.479328539 28.0388758233 27.3043032674 28.2681322594 28.3589915244 27.4692550242 27.4578430108 27.3995073308 28.3836775299 28.2558444687 70.9865404764 27.7802880218 27.3259834282 27.6304852216 27.1159563579 28.1416751928 27.6660698507 27.9984005358 28.3455639813 27.102433265 49.2132328947 49.2132328947 49.2132328947 28.3673395445 27.6435921599 28.0605518054 27.473008625 27.5681906497 27.3284677264 27.6505883992 27.8929282072 27.7298692401 28.1867996824 28.195417756 27.6891651639 28.0747824397 27.0812971687 44.4833315096 44.4833315096 44.4833315096
27.3371200743 28.0432511236 28.0692400173 28.0207616106 27.2346101428 27.4052493871 27.3980967781 27.9751750563 27.4870863832 27.6178753741 27.3402029104 27.6952801461 28.2865052916 28.1822487257 28.059913391 27.7764337202 27.5139202807 38.8039617595 38.8039617595 48.8597055288 48.8597055288 62.0798571099 44.5129965366 44.5129965366 27.6134418983 53.2922975298 53.2922975298 27.4817816077 50.7745882033 27.7942397504 27.7020073904 27.9376851333 27.589665985 28.2543587646 28.3242756981 27.5439852579 27.3141005801 27.7586006685 27.4662530345 27.0180728916 27.7160228004 42.8666663739 42.8666663739 42.8666663739 27.8881708422 28.2403138636 42.1225041059 27.7885797907 27.2141747539 66.7755806079 44.4833315096 44.4833315096 44.4833315096
27.1840100582 27.4612083117 27.5483419633 28.3526702346 28.3310786385 27.501412384 28.2648755177 27.5255610502 27.1352847494 28.4118125273 28.0092612769 27.2907591632 27.1651450656 27.3081165103 28.2960779224 27.1735303621 27.5009524589 27.2158593196 28.3064043491 48.8597055288 48.8597055288 27.2705160526 44.5129965366 44.5129965366 27.1504000462 53.2922975298 53.2922975298 27.5736263795 50.7745882033 28.308608382 28.044557082 27.8128926266 27.1268544721 27.6766811347 27.0442487494 27.4300240428 27.1207337657 27.666458218 27.1987276299 72.1340273739 28.1728513147 79.7782379301 56.6799006464 49.1936044855 27.2025945092 53.2218030702 49.9353001824 56.2000160198 73.7048932914 73.7048932914 56.8460154239 27.8228821465 50.5038255962
27.8918532869 27.1033731895 27.665631569 28.0370422848 27.1698056895 27.0325595333 27.5821699013 28.3775491646 27.91778443 27.9554485941 27.3385402515 27.1287211833 27.4173510771 27.1900366306 27.6309160367 47.8261074087 57.6979763545 57.6979763545 27.5302373735 27.9820468396 27.5195996669 62.0798571099 44.5129965366 27.7370535482 27.7466182792 53.2922975298 27.849914445 50.7745882033 51.3025360875 28.1348954858 28.1619613313 27.4110821608 27.3953391331 27.9226124784 27.0933356903 27.5001624685 27.2976090386 28.3496612647 72.1340273739 72.1340273739 72.1340273739 56.6799006464 56.6799006464 56.6799006464 50.2176197081 53.2218030702 49.9353001824 49.9353001824 73.7048932914 73.7048932914 56.8460154239 27.7292351856 50.5038255962
27.6550152043 28.0555080446 27.173524887 27.7838987751 27.3917007578 27.0497598924 27.6899311359 27.8640832303 27.2991687919 27.0164427759 27.6324835395 27.3820515188 27.4943131002 28.0337895189 49.6165999021 47.8261074087 47.8261074087 47.8261074087 57.6979763545 28.0208104354 27.8935587443 28.2994599156 27.3656980099 28.2528421091 28.3984809471 28.2991213757 27.8668016749 27.6435217036 27.1847817144 28.2471696293 27.9666903228 28.2386350479 27.4548919135 27.8655146901 28.3732299729 27.8272225877 27.8841476198 27.1778116602 27.0152100809 72.1340273739 71.8609438341 79.7782379301 56.6799006464 47.8490683208 47.8490683208 53.2218030702 49.9353001824 56.2000160198 27.4165297455 56.8460154239 60.7836072344 27.4217275236 28.2504285557
27.6215082973 27.9986770226 28.1744975903 27.421064429 27.3243217335 28.3104624983 27.7734202295 27.8944869189 27.0123457989 27.0037697489 28.3581192733 27.1421640477 27.8247437342 27.8717774683 48.0225480048 47.8261074087 47.8261074087 47.8261074087 27.9810848731 27.3373930419 28.3530470658 27.8171468226 27.7127870657 27.7846222113 28.2416140116 28.2137552269 28.0203788478 27.3740688104 27.3991896351 28.1330624782 28.3151836102 28.1659787883 27.9923237226 27.9744884759 27.784607847 27.2420364239 27.2650538283 27.7048132013 28.3921631933 27.0194267649 27.0278394273 51.4380659754 47.8490683208 47.8490683208 47.8490683208 55.9921897302 28.3289959425 28.2089524753 28.0959908236 27.5980641825 27.0304217976 27.9474856926 27.4098670264
27.0638442764 27.4997305763 28.1711619427 27.3354404162 27.0330160662 27.5050944292 28.1851663948 27.7155529708 27.6699293132 28.0427501731 27.0249406534 28.1051545595 77.6110187951 77.6110187951 48.0225480048 48.0225480048 27.8762636516 28.4069691113 28.1624266961 27.7876184815 28.2888182625 27.614612855 28.092502012 27.9531443147 27.8160375931 28.1148238357 28.1239813694 27.3871633724 27.297334915 27.5659852378 27.6916638427 27.6095969666 27.4651652886 28.1824061638 27.8116559845 28.3225084398 28.1504545272 28.140159629 27.3659149023 28.0092457061 28.000996206 28.0320585509 27.8580827924 27.2002081633 57.7305591382 27.5113878217 27.9245041699 28.1579045279 28.2110760945 27.933330714 27.7482052127 28.3353031845 27.4505945534
27.4176387962 27.2718511518 27.1451764394 27.8711472928 27.4052747122 27.2084287235 28.1833130859 27.8594072413 28.3556586718 27.6730958516 27.3715306706 27.7794345605 77.6110187951 77.6110187951 48.0225480048 48.0225480048 27.6406552305 27.240679557 28.1078221979 27.0443712517 27.928006305 27.4992291686 28.3936165241 27.4971175941 27.9772800329 27.7994802587 28.3719821231 27.8525799539 27.7041169374 27.2905963212 27.6743049138 27.6502913516 27.932638108 27.2609714852 27.8226337751 27.482496047 27.9790134121 27.0186701716 27.054693502 27.4576136124 28.1896394195 28.0495364223 27.5561048948 27.0296567303 27.1767486099 27.2582617346 27.7940992126 27.9444229376 27.5817876735 27.8455600767 28.3607546898 27.2434864092 27.062029878
28.3707037943 27.0093667919 27.3103723349 27.1712962783 27.9949121166 27.9942924133 27.4305591495 53.4575331143 27.0074843914 54.9348226149 54.6310823096 54.6310823096 77.6110187951 77.6110187951 77.6110187951 27.9167750024 27.5612290489 27.075334382 28.0670795507 27.5909337161 27.9197060994 28.1941837254 28.1772510478 27.8132361905 27.9013092563 27.0677455806 27.2892868001 27.644425826 28.2363699934 27.4412774192 27.5905056398 27.0831622996 28.159876534 27.6215802238 28.3876184576 27.7538509565 27.2150602237 27.5221299084 27.9559302648 27.6529860625 27.3078194323 28.3141410795 28.3321008273 27.0758130123 28.3882270387 28.2663034198 27.7691183233 27.1268974301 27.9831165258 27.7093665381 27.6192237651 27.834486927 27.1909361599
27.4096483444 27.0464455478 27.3284619519 28.1857692296 28.0508112432 28.3685134686 27.9922881666 53.4575331143 53.4575331143 54.9348226149 54.6310823096 54.6310823096 27.9337837131 52.7898461982 28.208422218 28.4094166032 28.2840296563 27.8772019909 28.028523267 27.2986721582 27.4661860362 28.193509455 28.146615972 27.5247020284 27.9052851477 27.5602146828 27.3659741927 27.5548795901 27.7255651221 27.6414067109 27.5667940912 27.2638506686 27.8509665903 27.362675737 28.3972032106 28.2359494808 27.0601204366 28.2218638324 27.7988114737 27.9541278606 27.7723067039 41.1260237701 41.1260237701 27.6125969964 27.5499376484 28.1684889577 27.2649182472 28.1087698992 27.933716683 28.1828769772 27.1220007624 28.3752287605 27.6970200194
0 27.3966687222 28.3546734496 28.18043397 27.0277042856 60.2328083556 51.0672229637 53.4575331143 53.4575331143 53.4575331143 54.9348226149 27.6745626868 27.095065773 27.8699092402 28.3277609466 27.465019322 28.364139678 27.2157334889 27.5058505529 28.0777600201 28.3256527834 28.1461342774 27.4543023629 27.7127198488 27.410845662 28.0657511115 27.6393229578 27.6633617285 27.7693246667 27.9299645493 28.1905523896 28.1272523911 27.9535629078 28.2352885363 28.3459218676 28.0811673786 28.2462291717 27.0376825945 27.6445278582 27.8266656208 27.5659281419 41.1260237701 41.1260237701 28.2832653156 27.3417751988 27.7872376899 27.0098032179 27.4142573301 27.4795463292 27.0741691556 27.82990017 28.2188269472 28.1655052546
0 27.2764883605 28.4099979433 27.0128536358 28.1683810597 57.621419673 57.621419673 51.0672229637 28.2497065766 27.2675062826 27.4060826023 28.3199633781 27.1064805786 28.3842050491 27.5978343187 27.319893482 27.5172591025 27.6926060446 27.1066003379 27.8513756508 28.1506272903 27.0154226184 27.3514868855 27.4762009089 28.0881874225 28.0625239922 27.0412828882 27.0812428419 27.683743727 28.1475092646 27.4147018336 28.3107004111 28.1758306119 27.9088900983 28.0353873083 27.9316582257 28.0774333924 27.7377384319 28.0546035202 27.8022058269 27.1590008011 27.3540485512 27.8362456551 27.2623241635 27.8007978474 28.2494831669 28.0268158683 28.0580299912 27.2477507573 27.9264999611 27.3333603206 28.3640316602 28.1284158172
0 27.6340591906 27.4178211063 27.8305417266 44.3621020161 44.3621020161 57.621419673 27.681440465 27.2584783708 27.9797093493 28.2129046861 27.9998709495 27.1555695189 27.2523440082 27.6079497499 28.1215021527 27.8240361623 27.2867913784 27.6842806348 27.7409979488 27.7472134005 27.5613907379 27.2204633672 27.5256578298 28.0305872849 27.0023907621 27.139955886 28.3424823896 28.4033266839 27.1867513581 27.9306489165 27.4143192647 27.5007057484 27.8431693601 27.8725280065 28.013231694 27.3852587005 27.5381611652 27.0341457718 27.6695140236 27.1446931706 40.187529067 40.187529067 28.2371018306 46.2192875909 27.2558195073 28.0631402462 27.7000607021 27.5503060677 28.2283571221 27.650743625 27.1378388447 27.8394648294
0 0 27.6139158039 51.3920613578 44.3621020161 44.3621020161 47.6230017372 27.1207816976 27.1852116833 28.2923334262 28.3697641512 27.2652428682 27.234835474 27.9440017791 27.6218296002 27.5653304097 28.1606738032 27.540031388 27.565480704 27.8876311025 28.2418258829 27.8628576823 28.1120429001 27.6101499502 27.542656203 27.1315234548 27.8127744927 28.3415209113 27.7155346977 27.203024576 28.0791756676 27.9637609944 27.4899140981 27.8247063178 27.8686579919 27.2529596981 27.9474846236 28.3779326737 27.3679125502 28.1293658291 28.0156171341 40.187529067 28.0418876477 46.217924412 46.217924412 27.8911343361 27.8765950661 28.1696957043 28.1443004288 28.3771712077 27.6830677913 27.8916541497 27.2808040745
0 0 46.6684722213 54.2411505904 51.3920613578 27.5004502035 27.0489432781 27.6703537808 28.0489342115 27.2634590904 28.1935995652 27.8999821667 28.3282486066 28.1450526669 27.7543884541 27.4580847749 28.1209149674 27.5659588964 27.7928383536 27.237948954 28.0006821205 27.2718106025 27.9620403512 28.0297492698 27.3466730658 27.4073581492 27.5222636031 27.8228570187 28.2921523334 27.0513201643 27.4459910792 28.2473887424 27.4043846578 27.9768805874 27.0132420884 27.6027464657 27.9028879032 27.9563147896 27.2062554407 27.8648966195 27.3900933772 37.7997967732 46.217924412 46.217924412 46.217924412 46.217924412 27.1008603785 28.4052927523 27.6880865986 27.1008664496 28.2366589498 27.5083902275 27.3360026834
39.4803054541 48.103055837 48.8456677305 54.2411505904 55.5269557066 28.3109789821 27.753703208 27.9905797074 27.9825346112 28.3726462135 28.3366776113 28.2049880743 27.7884197335 27.2990934983 27.9326710278 28.2397706962 28.0533971663 28.2817060819 28.2405419831 27.6946678218 28.1634505553 28.0383295757 27.3702468638 27.0080207175 28.0444189153 27.8479777614 28.1136441886 27.1111768996 27.4618249536 28.1399208614 28.130258086 27.7066479667 27.4455761783 27.4709070152 28.0350197132 27.395537027 27.5936042184 28.0790663179 28.1368371248 28.3382750466 28.1261478041 27.8917396096 37.7997967732 27.6744052442 27.2172528194 27.7416984037 27.0834491207 28.4005368774 27.9790670139 28.3969931448 27.5748846275 27.8719724387 27.9964835214
47.1991073285 39.8923426073 51.7816475153 54.2411505904 54.2411505904 0 27.3807168618 27.1661855712 27.4022420632 28.273642008 27.2374113491 27.3592802625 27.4036235866 27.6657973414 27.3532297516 27.204172047 28.0938952618 27.0128621431 27.9829528822 28.0240590886 27.2558563596 28.1205339549 27.6746575953 27.2312578058 27.6126259856 28.4139266243 28.1206361764 28.1829326532 27.4007193448 27.9018688341 27.2696638039 27.198082433 27.6281509467 27.8790477792 28.2375378348 27.432762745 28.2655073983 28.2353806499 27.6893545483 27.8946713208 27.9316283951 64.4569265092 64.4569265092 64.4569265092 27.6975657181 27.0163412586 27.7823367618 27.4757992232 27.1558029758 28.0297015083 27.0014390001 27.0958538372 27.8614455064
52.0668975244 42.4379584847 44.0431873943 38.7557001419 0 0 27.8407937303 27.0396453602 28.0599517501 28.3676096063 27.5014761103 28.271539918 27.6950409036 28.2992214867 28.3181076487 27.8173733864 27.5797647571 27.0117123662 28.2771403475 28.2877319326 27.6476267426 27.6112454541 28.1680781781 27.6391371948 27.5473580034 28.1236261026 27.887432269 27.0788875229 27.5839858605 27.9152517655 28.0314969407 27.7725665252 28.2340888024 27.7361289095 27.2513134088 28.0337005267 28.1093933562 27.0367674714 27.0246592308 28.1840914066 28.4010138494 64.4569265092 64.4569265092 73.4567525819 73.4567525819 27.7825473036 27.7883991428 27.7178090967 27.8236276715 27.5120699419 27.8393127877 27.2416700895 27.0655162965
0 0 0 0 0 0 28.2453360289 27.029654987 28.1678685572 28.0689275969 28.2132609421 27.373748366 27.0917813036 28.0964913217 28.1586259678 27.3439997713 27.8490606316 28.242407487 28.3197012396 27.5349130754 27.250902035 27.7818624806 27.4789647365 27.1260041647 27.694834983 27.7176445422 27.8358468209 27.950415 28.1120044722 27.0366732145 27.5914137549 28.196743673 27.7941146691 28.0099604836 27.926241621 27.3513778817 28.3653212022 27.8735173386 28.3517816895 28.3643611782 28.1542708169 45.7512041567 45.7512041567 73.4567525819 73.4567525819 28.3389528029 28.1818955116 27.0730217397 28.3362300612 27.6297236312 27.1955028811 27.0012470925 27.6468585493
