Spatial_Output/BAU/BAU_1040.asc
NCOLS 155
NROWS 192
XLLCORNER 196769.923733
YLLCORNER 449719.875193
CELLSIZE 27.603701
NODATA_VALUE NaN
[rows 0 to 22 of 192, columns 53 to 105 of 155]
22.8097426659 23.0193336924 23.0953724464 22.5146523861 22.5078086499 22.7077153022 23.1682265747 20.8015483663 16.8888880635 19.5914885571 22.5827857192 0 0 0 0 0 0 0 0 0 0 0 0 0 0 0 0 0 0 0 0 0 0 0 0 0 0 0 0 0 0 0 0 0 0 0 0 0 0 0 0 0 0
22.792366574 22.5075110932 22.97085823 23.0080051481 23.0052469319 22.6307970217 23.0063473405 27.5159995307 11.5276192571 13.4608238153 22.9514230121 22.8028883808 0 0 0 0 0 0 0 0 0 0 0 0 0 0 0 0 0 0 0 0 0 0 0 0 0 0 0 0 0 0 0 0 0 0 0 0 0 0 0 0 0
22.5471363368 22.6114849245 22.9701848355 23.1835926305 22.9947216522 22.8557151753 23.0256276714 27.7045058871 24.6875405531 12.2096821194 22.7771410384 23.0745133751 0 0 0 0 0 0 0 0 0 0 0 0 0 0 0 0 0 0 0 0 0 0 0 0 0 0 0 0 0 0 0 0 0 0 0 0 0 0 0 0 0
22.5906700443 22.7132933074 23.0265754947 22.8077218099 22.7826636652 22.9351248907 23.0742476351 23.1401215433 23.1451300578 22.7148886296 22.8847280449 23.1269150643 22.7311114755 0 0 0 0 0 0 0 0 0 0 0 0 0 0 0 0 0 0 0 0 0 0 0 0 0 0 0 0 0 0 0 0 0 0 0 0 0 0 0 0
22.8168087221 22.5492817569 22.6368625009 22.6738688349 22.5131819647 22.8991315273 39.9261493112 22.5544250746 22.900441103 22.9703430885 22.8085859172 22.8823362604 22.7422494525 23.0534642663 23.0664043277 0 0 0 0 0 0 0 0 0 0 0 0 0 0 0 0 0 0 0 0 0 0 0 0 0 0 0 0 0 0 0 0 0 0 0 0 0 0
22.7837471539 22.6168431205 23.1071843818 22.5639431098 22.7095125132 23.1289131781 22.6808981297 22.6951698137 22.9810146232 22.6382268944 23.0586304097 23.1393395006 22.8516228494 23.0846152572 22.532762217 22.7452810216 0 0 0 0 0 0 0 0 0 0 0 0 0 0 0 0 0 0 0 0 0 0 0 0 0 0 0 0 0 0 0 0 0 0 0 0 0
22.5607410989 22.785514103 22.9057899746 23.196072402 22.9408294653 57.4072507669 22.9629763269 22.8071348701 22.6610194237 22.578859262 22.6573053068 22.8825396964 22.9096263908 22.6689704738 22.5737091584 22.9226082362 23.1532152855 22.6530911944 0 0 0 0 0 0 0 0 0 0 0 0 0 0 0 0 0 0 0 0 0 0 0 0 0 0 0 0 0 0 0 0 0 0 0
22.9147481138 23.2005361665 23.15661674 22.8161240761 57.4072507669 57.4072507669 22.7786050633 22.5593979634 22.8223659523 23.0185680352 22.5274500629 22.7100086713 22.619421886 22.8964537168 23.1480559806 22.8611216848 22.5470131975 23.2062986897 22.8300239997 0 0 0 0 0 0 0 0 0 0 0 0 0 0 0 0 0 0 0 0 0 0 0 0 0 0 0 0 0 0 0 0 0 0
22.9570213905 23.0424084437 22.7857753339 22.9637325296 22.9383886869 57.4072507669 23.0695558201 23.1604621574 22.8718917825 22.851888411 22.8439254779 22.9255279539 22.8611420101 22.5446375578 22.8449434308 22.6542216976 23.0689358309 22.6011465024 22.5305901887 22.8689832261 23.0784788159 0 0 0 0 0 0 0 0 0 0 0 0 0 0 0 0 0 0 0 0 0 0 0 0 0 0 0 0 0 0 0 0
23.1285691618 23.1819524918 22.6394355613 23.1913213269 22.8811646755 22.8950201262 22.6319733036 23.1293777635 22.9607342012 22.7100946517 22.8263946265 22.7461634153 22.5514242039 22.8862113131 23.1589895955 23.1145750643 23.130943467 22.5290817216 22.7008206572 22.9938167683 22.9872324491 22.7433975935 22.5583303927 22.527618969 0 0 0 0 0 0 0 0 0 0 0 0 0 0 0 0 0 0 0 0 0 0 0 0 0 0 0 0 0
22.5165781679 22.6676640356 22.7273121479 22.6828717984 22.8836560798 22.5180200991 22.5989500384 22.7170292887 22.7554701516 22.9359183696 22.7833738516 22.6685883429 22.8384992303 22.889400079 23.1412415696 22.7297365554 22.657237031 22.5292227578 23.0801277735 22.6690522842 23.1821613099 22.5327793764 22.7135157507 23.1154663155 22.5076007502 23.1427548548 23.019624105 22.9515064131 22.6138734554 0 0 0 0 0 0 0 0 0 0 0 0 0 0 0 0 0 0 0 23.080414699 22.5552402007 23.0084350127 23.1584224182 22.9907450591
23.0798172926 23.2062913068 23.0328986597 22.7690136056 22.80309078 22.5768386865 23.0645679699 22.8405896114 49.1024353061 22.5082705823 22.5666139114 22.7723105169 22.9133519272 22.993074156 22.9452876776 22.5405410697 22.8405049748 22.829506381 23.1404790492 23.1922082602 23.0429315185 22.6372215123 22.7446402246 22.7567650071 22.9404979683 22.7439839448 22.8150804577 23.1024300744 22.6409598761 22.6057306663 22.8690861106 0 0 0 0 0 0 23.1295169577 22.8135759294 23.1850836975 22.529590624 22.5696209424 0 0 0 0 0 0 23.0351854062 23.1513169746 22.5331659845 23.171913451 22.7461737865
23.1131267194 22.9750508816 23.1267900779 22.9203803173 22.9753630752 51.7754078902 51.7754078902 51.7754078902 38.9915826297 23.1563330199 23.1297212291 22.9453291035 23.1192983619 23.2028550573 22.5916359402 23.1312276226 22.9621964477 23.1162305538 23.1637757354 22.6430209767 22.9093943897 22.8181571092 23.2008726581 22.6588781009 22.7865511124 22.5910165269 22.6357496742 23.0327580367 22.6846757782 22.7634240353 22.5393853776 0 0 0 0 0 0 23.1654183298 22.7296355811 23.1492789576 22.908587841 23.1219511039 22.8108713613 22.5945394924 23.1882898159 0 0 22.9077761104 22.8503035095 22.8996048051 22.7564645464 22.5965432728 22.9107716318
22.8322333632 22.9370951103 23.1379229342 22.5786914508 49.7144081845 64.9282527584 51.7754078902 51.7754078902 38.9915826297 73.0899983892 23.1625116093 47.6120596442 47.6120596442 47.6120596442 47.6120596442 23.0932284657 22.5831245495 22.715430741 23.1014051771 23.1802774158 22.6680820218 22.7500696148 22.7154229829 22.7735315525 22.8689807391 22.5730083193 23.0191576931 22.9524412138 23.0587870974 22.801880053 23.0844580247 23.1218505509 23.0126629833 22.9347396668 23.1693808271 22.7870050281 22.6319507311 22.649490812 22.7938253067 22.8999463626 23.101985682 22.6194794368 22.6707069917 22.5445843119 23.0101697891 23.1891263602 23.1987937971 23.1259912402 22.7645995834 22.8642829541 22.6684572472 22.8970640085 23.1099019564
22.8784771523 23.0515247959 22.5698302313 22.8715898258 64.9282527584 64.9282527584 22.9278501066 22.5672901843 23.0853419879 49.1024353061 22.5957345396 22.7405570414 47.6120596442 47.6120596442 22.597864117 22.8228303454 22.7193664629 22.5625016717 22.7967592379 22.9350837567 22.7441322828 22.7023224456 22.6674797801 22.7848571796 22.5057089123 22.6728372828 22.7344510646 22.6606874945 22.6719734735 22.9967982691 23.0767202993 22.9544092984 22.5983351264 22.7012585806 22.9636306489 22.8003891564 22.5728014852 22.9057121337 22.5106474806 22.579847171 22.7964035813 23.1813261866 22.9319187604 23.0846138859 23.1440318797 22.7819972397 22.6687323564 22.8032343091 22.9310720705 23.0037775199 23.1050772934 23.152540347 22.7160703656
23.1953999188 23.0590577584 22.6720508883 23.112294771 64.9282527584 38.7496575053 38.7496575053 23.0489578964 22.6301021436 45.103134337 45.103134337 45.103134337 57.9065927295 23.0678914312 22.7218293276 23.1758786332 22.6871638168 22.9833425803 23.1976678853 22.5837091855 22.9026062393 22.8991269061 23.0653336376 22.7388970738 22.5937355176 22.5764585116 23.1911612923 23.1413902607 22.7704081077 22.6275707195 23.1779823102 22.568305173 22.7968028144 23.050972152 22.8613805323 22.6407422489 22.8592091348 23.0468189757 22.5117560694 22.5358035781 23.0540580588 23.1708460698 22.7925749233 22.9163412324 22.8494746333 22.5352062309 22.5743906316 23.181339638 22.959089878 22.7065507072 23.0804905533 22.7571388489 22.9968850618
22.9970335976 22.6820832367 23.1331058515 23.186470536 38.7496575053 38.7496575053 38.7496575053 39.6619866882 23.040266709 45.103134337 45.103134337 23.0446639471 57.9065927295 22.7111528697 22.6642123218 22.5045823438 22.646050878 23.0204636708 23.0271098289 23.1722740673 23.0718084721 22.9030489747 22.6194570394 23.1936082249 22.7668610023 22.9161105871 23.0770902494 22.7430505428 22.5002497244 23.1620333312 22.7176891295 23.0167457661 23.1883999478 22.5565802237 23.027354494 22.8300148272 23.1152717216 22.8084782711 22.521667913 22.7369743668 22.9737490987 22.5531926661 23.1620739189 22.8200284057 23.1889130941 22.7431417302 22.7824216717 22.990138703 22.9249993736 22.6446746445 23.1757446782 22.6852931326 22.8983416995
22.8962753364 22.6093448233 22.5365693842 22.7313913672 35.4228081935 35.4228081935 35.4228081935 39.6619866882 22.6589017518 23.0236761069 22.9751262721 57.9065927295 22.6906879116 22.6633388102 22.7192647133 22.9804476416 23.1557039585 22.9811564141 22.5083715904 23.1335850507 22.7643977507 23.1837252012 23.0455201093 22.5861822296 22.7502781948 23.0154081749 22.6415224699 22.6617076773 22.8302856953 23.0591555356 22.5898795527 22.7864966503 23.1572185288 22.6035351159 22.645804511 22.5743888935 22.9727056979 23.1523967745 23.1223706046 22.674670066 23.1166861278 23.1661499866 22.8993237656 22.8823912077 22.7483759819 22.9442677859 23.1347758556 22.7273190038 22.8885661375 23.0994391382 23.1571306864 22.80125853 23.0446642256
22.8419540389 23.1423810345 22.8697350082 22.8997448186 22.7996955574 22.8391261509 22.6862693683 43.2520299743 43.2520299743 22.6887140795 23.0921214129 22.6688520128 22.6619977181 22.7959166054 23.0632501314 22.930416857 23.163224386 22.5614009533 22.89136684 23.06822777 23.0057076216 22.7473227572 22.6634926501 22.7973493716 22.8301099222 22.8640488184 22.5889342517 22.8812119423 22.8005100312 22.975135927 23.0890269702 22.8716533002 22.6595009882 22.9018641032 22.8018387461 22.6545805452 22.857356045 22.7551711628 22.505468316 22.6760096134 22.6593456454 23.1177537682 22.9952193642 22.8166312803 23.0260146283 22.8905320076 22.9799879883 22.5018136854 22.5392572109 22.9729160937 22.540374546 22.6133357245 23.1322172066
22.8517430088 22.8462679408 23.0639741269 22.6892288339 23.0685032263 22.5949843211 43.2520299743 43.2520299743 22.6380157605 22.6520057618 23.0552424208 22.7433427768 22.7532903642 22.786100944 22.9046131015 22.7890619781 22.8803858181 23.2019745587 22.7283740935 22.9514115838 22.7557437944 22.5191338322 22.7343571723 22.7774391988 23.1772982589 22.7295763151 22.5839315483 22.7445627814 22.7798308086 22.5171051686 22.7623060793 22.7339667996 22.7190194106 22.9813692312 23.0613050806 22.5667430474 23.0518788402 22.7020487537 23.0143389124 23.0039976101 22.7034082274 23.0217629836 22.5339768218 22.9438475514 22.9676378707 23.0148436622 23.0628263371 22.6117923339 22.6319702142 22.7786381145 22.7526984354 22.5912015523 23.0270335482
22.6466221145 22.6774606149 22.9460193872 22.8880745464 22.7312810312 23.1149558259 23.1532188612 22.7066004403 22.6635717483 61.2103220376 22.9780952483 22.918171585 22.8466821903 22.9623883471 23.15942546 22.7201991984 22.651231936 23.166880634 22.6993757601 22.5917937092 22.6587101373 22.9099633307 22.6412897136 22.5004321119 22.5288087468 22.8634397004 22.7605346398 23.1896168978 22.7066572173 23.197174826 23.1194467967 22.5283456192 22.6442066186 23.0008290067 23.0765684271 22.6551987847 23.0419697535 22.7371262363 22.5055337886 22.6955457237 22.6021451284 22.6900210319 23.0498987824 23.1359965503 22.8741609432 22.664798597 22.831923043 23.0167281934 22.5462742904 22.7959093837 22.7906692197 22.9384334733 22.9109833981
23.1122400069 22.5101042286 22.7158921144 22.8209403256 23.1057840365 22.673903951 22.9292479954 22.6436311134 22.6679252078 22.9296405973 23.2057406141 22.7608443901 22.5446136852 23.012547995 22.8150768829 22.8451671334 23.0515503559 22.5353034725 22.5483637386 22.8971799356 22.735600475 22.5222827492 22.8183386207 22.8879908919 22.9005930024 23.1334994534 22.7237936834 22.855221655 22.9254904385 22.9609782294 23.0556134982 23.1657361038 22.9278894029 22.7935039755 22.9023816719 22.6760446813 22.8872684457 23.0585475615 23.1281864047 22.7121127969 22.9212912293 22.7221324018 22.8445790394 23.012623185 23.0856854453 22.7853688104 22.847696587 23.0970775553 22.5280247644 22.545741593 22.8278782517 23.0797233537 22.5201467043
22.9573143296 23.0496316383 22.8309976324 22.9659293551 22.5013517637 22.8890185013 22.7132935673 23.0802938812 22.9882905314 22.7680334651 22.8724905149 22.9899497774 22.9155958133 22.7328528366 22.9511125388 22.8301674557 22.7392161266 22.5072832359 22.6114557643 23.109578918 22.6537566973 22.820719817 23.1801974024 22.8659977231 22.890607622 23.1442226221 23.1616988756 22.6336483892 22.8053553008 22.6094876929 22.5672287785 22.6515394497 22.8384723937 22.558055327 23.1945112782 22.5967440102 22.5792584281 22.971214205 22.9399822264 23.2017248787 22.7871590993 22.7550901603 22.5598699494 22.7686244838 22.5307930984 23.0510539323 22.8158455881 23.0042696684 23.0071086995 22.5725771392 22.7635966443 22.8581964212 23.1031757777
