Spatial_Output/BAU/BAU_0139.asc
NCOLS 155
NROWS 192
XLLCORNER 196307.867259
YLLCORNER 449144.565805
CELLSIZE 33.573938
NODATA_VALUE NaN
[rows 125 to 149 of 192, columns 57 to 113 of 155]
45.0373997397 44.6952165748 45.1622270143 78.5843275576 78.5843275576 45.1325659269 44.7249767521 45.1150695495 44.637816358 45.1969191275 44.5114617798 44.6454020927 45.0146849473 44.5270114362 45.167177489 45.1537997884 44.8112577576 45.0025828414 44.8643427871 44.9246517121 44.795109754 44.7840467804 44.7286626208 45.0824692441 44.6627466011 44.7790043064 44.6569546777 45.1039929215 45.0752484092 44.8456317736 44.8136675008 44.768212233 44.8486843505 44.7230753414 44.9481514392 44.8813822538 45.0056742461 45.0941458835 44.8228341904 66.6271933438 44.9063602286 63.6656510921 63.6656510921 45.0157444859 44.8882334585 44.5974680911 44.8404169085 62.8981028895 62.8981028895 44.6778662803 44.6349732695 44.7877836396 45.0401715117 44.8946017867 44.8839254252 44.8383621526 44.8007738951
44.6999024996 44.6207243036 44.7792083428 44.818640014 44.9726317913 44.7866738934 45.1535604769 44.6572775476 44.6161248108 44.6970933749 44.6070563571 45.0821040444 44.6340387824 44.8175920173 44.7386843457 44.6725329273 45.0000109398 45.1413541181 44.9287165918 45.0286594319 45.1392183133 65.287013744 44.7726695978 44.7540114937 45.1546684783 45.1930818646 45.0029535942 44.9730145318 45.0593979893 44.8332320154 44.8141584297 45.0282793079 45.1792877066 44.9963932424 44.6243689114 51.3317204828 44.7405000404 49.7150635744 67.4929924657 67.4929924657 66.6271933438 63.6656510921 63.6656510921 63.8642909318 45.0470748213 44.7192344194 44.6665137936 45.0245602291 45.0723227265 44.6001510811 44.5021250806 45.120277082 45.1833023013 44.5248434815 44.9038015484 44.813127513 44.5903167381
45.0903524577 45.0057190072 45.1833375997 58.7307398537 78.5843275576 44.5901459132 44.9554298267 45.0657732227 44.7935975072 45.0324374741 44.6082027408 44.6890386667 44.8734214508 44.8035235324 44.8920096036 44.8893504377 44.5523352148 45.048701833 57.8346241212 44.6581529929 44.6553892854 65.287013744 45.026388796 45.0212850801 72.2507551002 72.2507551002 44.5969039261 44.8304452515 44.8660684385 44.8583394214 44.54576234 75.3283240927 75.3283240927 78.9626734968 82.0343841098 82.0343841098 49.7150635744 49.7150635744 67.4929924657 67.4929924657 66.6271933438 81.1420574445 63.6656510921 44.9757089585 44.7969676404 44.9177620456 44.6965474554 44.6201511244 44.6612971317 44.5891664008 44.7420297466 45.0903346514 44.7966660996 44.6811847162 44.7259140578 44.9553611457 44.8924927869
44.9431909061 44.8778515921 44.7783798847 44.5927714164 58.7307398537 62.8971800899 71.7691834951 63.8156975238 45.1814917418 86.0291564872 44.8459618943 62.2788056892 62.2788056892 62.1299497142 67.9593174903 44.9803312407 44.5541684269 57.8346241212 57.8346241212 44.8374302649 44.809831127 44.5308859902 45.1206119046 72.2507551002 59.5593030596 45.1891858849 44.5781372623 44.5040442283 44.8722540492 44.85464755 45.0972952888 75.3283240927 75.3283240927 78.9626734968 82.0343841098 82.0343841098 49.7150635744 49.7150635744 70.2432058684 67.4929924657 44.6164796184 44.8909224556 44.5136069196 44.9107500028 44.8549653655 44.5596244969 44.6924137709 44.8485072899 44.6942489655 44.950561185 44.5911554735 44.9346811054 44.8705907487 44.9039403454 44.7437474441 44.5069498319 44.6984918436
45.0775618168 45.0404927376 44.9363359031 45.0396668483 71.7691834951 62.8971800899 62.8971800899 63.8156975238 44.5898311539 86.0291564872 86.0291564872 62.2788056892 62.2788056892 62.1299497142 67.9593174903 44.6056161074 45.027726972 44.8316889996 57.8346241212 45.045398275 44.9418956684 44.6141615005 45.0475103856 59.5593030596 59.5593030596 44.764707449 45.1966730651 45.1773940503 45.2062694142 44.5132477164 44.7006526077 45.1358186735 75.3283240927 78.9626734968 44.6224987452 82.0343841098 77.2777857353 77.2777857353 44.8903941401 44.8806232186 44.5410914977 44.7102411731 45.0852113772 44.5420070238 44.7833573252 45.0803810055 45.1138020099 45.0000143403 45.1583149081 44.963372336 44.9050454409 44.8501786826 44.6244647744 45.1259288655 44.7792370518 44.7073126044 44.65929373
45.1658248611 44.7306321757 45.1957440031 61.9031788685 61.9031788685 62.8971800899 62.8971800899 63.8156975238 45.0667808252 86.0291564872 76.7930069624 58.7144592539 62.2788056892 44.7788509044 44.961177754 44.7775906348 44.6235173119 44.9687022757 45.1040199006 44.7431637426 44.6812681096 44.7355017698 44.7106068556 59.5593030596 59.5593030596 85.2926643531 85.2926643531 74.682223505 45.1737983538 44.6048813777 45.189276564 44.918597986 45.1317418819 44.611744652 44.9190282148 44.9856100255 44.5766018746 44.7009466079 45.0297022701 44.5537581672 44.7684115927 45.0075116104 44.5424077117 45.1861868451 45.0194864518 45.1216760582 44.6925210209 45.0627729085 44.9712948405 45.2007509722 44.7783644424 44.5710312128 44.5529420588 45.1465498399 44.5704431263 44.8024871907 44.7950465653
44.9800392256 44.5919532327 64.1141954918 61.9031788685 61.9031788685 79.8542056445 83.20462687 83.20462687 44.6866366844 44.6823420203 44.9445999657 44.6917388364 44.9222978713 44.8939507435 44.9010574901 45.082990283 44.8879606481 44.8128775019 44.9085076462 44.5914511926 44.5167509981 45.1719862514 45.074746463 44.9097761667 66.7841993666 85.2926643531 85.2926643531 44.8658932297 70.0894297697 57.8665596603 45.2055153586 45.1611943052 45.0183892585 44.5851563235 44.6811793669 45.0269918137 44.9729725995 44.5975239232 44.5001560733 44.715043878 44.6162617925 45.1314802133 45.2017201683 44.5433685148 44.7820939211 45.1860648035 44.7294637385 44.7322715318 45.1122168618 44.7944993238 44.7247304372 44.8286563464 45.0013824081 45.0360487137 44.8731314028 45.1774179093 45.097063009
44.7038789635 44.8503077083 64.1141954918 64.1141954918 61.9031788685 83.20462687 83.20462687 75.4772092506 44.9811604252 45.0028154063 44.869558923 44.61649731 45.1998992063 44.6599658399 44.9032525291 44.7202988059 44.5093486541 44.7879130219 45.142408431 44.9540014664 45.1167039313 45.2040138147 45.205596098 44.6885760537 66.7841993666 85.2926643531 45.0839189631 70.0894297697 70.0894297697 70.0894297697 44.9331127208 44.6053124824 44.949978833 45.1960465798 44.9371566282 44.8711244005 44.5250791955 44.8082278855 45.0374731628 44.9115727151 44.7796658604 44.9990496579 44.7788827176 44.9362875288 44.8742213571 45.0356359561 44.9297127536 44.9367682717 44.9142361896 45.0157493552 44.9877289601 45.0408621888 44.6426227474 44.8083960347 44.7309266601 44.5237874055 44.7042513403
68.1573556068 44.7703746593 44.5325388416 64.1141954918 44.7528866865 75.4772092506 44.9388980785 44.5746156205 44.7585084956 44.8740842497 45.0326853346 44.9105683092 44.5068344497 44.6434497562 44.5329678427 44.9470568397 44.8681584718 45.1261493677 44.6292747413 44.665718209 44.7123510972 44.8413178163 44.778530514 44.8042332285 44.6146586815 44.9180451894 44.9250546135 70.0894297697 70.0894297697 44.768557773 45.0818131575 44.9093264815 44.679741916 44.7734143114 45.0122398773 44.7083081434 44.6324849841 45.1503413119 44.9883146189 45.0521283907 44.6487350631 44.9487366012 44.6627042648 44.5367888107 44.5691611425 45.0033503843 44.5294781841 44.9282978377 44.9986996082 45.1759287024 44.9892856974 44.5936142261 44.7450559057 45.0674677956 45.0225992788 44.9877157326 44.7965768659
45.1526052321 45.0942648008 45.1695587617 44.717914264 45.1365595908 45.0571032429 55.2081369108 55.2081369108 55.2081369108 44.7376816607 45.142959997 45.1083721123 45.0336876288 44.7986835327 44.7254958166 45.022009926 45.1833669747 44.6045784887 44.633184941 44.7807917321 44.6587665861 44.5595036947 45.1335539726 44.9204517172 44.9465322469 44.6460454466 44.9722075612 44.8890504179 44.5619082783 45.1336327592 45.0132654412 44.5230283465 44.7635557643 44.7514813158 44.7389252822 45.1338292575 44.9413761023 45.1775253128 44.7035399584 45.1686923486 44.8142552469 44.7505446761 44.6395105589 45.0002608527 44.8893558987 44.9004943285 44.9234731387 45.0335618924 45.1912370617 45.0982965116 44.7224627992 44.9890329647 44.8551482744 44.9412608816 45.1904970085 45.1801308132 44.7554222781
44.865136081 44.9473088947 45.186658421 44.6119218804 44.5160892711 45.0741347755 55.2081369108 55.2081369108 77.1031050883 44.9781172033 44.8447569052 45.0675872958 44.6197146683 44.6417561491 44.6836753363 44.9099455659 44.6144507195 45.0777230292 45.1125807253 44.7127545379 44.6211346627 44.8125945363 45.0632434983 45.0088492771 44.7269170022 44.8319421829 44.6721983905 44.6819145237 44.9035691033 45.0565647459 44.724043363 44.8775761761 52.7866334632 80.0236559944 45.141666492 44.9401915218 44.8094939133 45.1798180274 44.7588026288 44.8264798044 44.943703359 44.552387905 45.0999317482 44.6132494352 45.0013907995 44.5857958124 44.7311806651 44.7492732468 44.8034427718 44.6443980134 44.9360829536 45.1524022565 44.5802164991 44.532412196 45.0950427453 44.9490643791 44.7107356452
44.5564566285 45.048152911 44.7222625145 44.6471797093 45.0554827162 45.1858783532 77.1031050883 77.1031050883 77.1031050883 44.7613178421 45.1831626647 44.8692548843 45.1395606082 44.6422537079 44.6304246405 44.8822788588 45.0429919441 45.1766179283 44.6959345277 44.8777190405 44.5465989246 45.064921206 44.886210437 45.0500676508 44.6935096296 45.1183145295 45.1999780189 44.5366000816 44.9520400537 45.1772241904 44.9970647182 52.7866334632 80.9304649738 80.9304649738 44.9186670774 45.1697048366 44.6506653075 45.1475356931 44.8369762702 44.8261865406 45.1746987951 44.9796391227 44.6471192905 44.6727254321 44.6333313374 45.1765285865 44.5719224433 45.0889835067 44.7536898332 44.8189514268 44.8473132349 44.9790507634 44.9406047855 44.8925696453 45.1321366304 44.5386513523 44.9394672901
44.7585247181 45.0342952116 44.6404205305 44.6344484115 44.5288569799 44.6345183988 44.6136737148 44.9106538972 67.9815983845 44.5980707717 45.0643544867 44.9856601855 45.0154496437 44.6952788005 45.2023431406 45.0465596536 44.8502892862 45.1823127799 44.8618866411 45.086787117 45.0286765321 44.9184512617 44.6012097358 44.9403383811 44.5883735782 45.1276811746 45.1646744605 44.8599771654 44.9161367532 44.6545182025 45.0555227673 80.9304649738 82.3955740929 82.3955740929 44.9462514129 44.5684064746 45.1038372721 44.8976428888 44.6204628414 45.0539015237 45.0716028936 44.9544990877 44.5358028142 44.6469837246 44.5657042838 45.1659717601 44.5660038375 44.5893691454 45.0432568003 44.7734494394 44.8680922985 44.9495109874 44.7754598443 45.1389561879 44.9141404623 44.6121887419 44.6699195012
45.071884366 44.6815944064 44.8451233022 44.6726688278 44.6791109045 45.0293391358 44.7087270847 67.9815983845 67.9815983845 67.9815983845 45.021418618 44.6458744878 44.7941700248 44.9204953816 44.5464313201 44.8855652411 44.5547136019 44.7000433047 44.9747315891 44.9388495115 44.9075735897 44.9194926465 44.6167452813 44.9951653977 44.8907981504 44.7786748637 44.6100961619 44.9312136837 45.0372541821 44.6981632828 44.7043050766 82.3955740929 82.3955740929 82.3955740929 44.8611827844 44.5752856033 44.645733894 44.8900160903 44.5390210894 45.2043812164 44.728356179 44.8784748131 44.7864981637 44.8272018128 44.7246173088 45.1032409187 45.0636028219 45.034962345 44.5760151066 44.823507077 44.9567708844 45.1819024043 44.5976747689 44.7318278349 45.2060345021 44.6514619902 45.0401440074
44.8106282614 44.651513164 44.8657594467 44.8917803411 45.1037174537 44.9056202709 44.7343584102 88.6232817158 88.6232817158 44.891337675 44.5780952824 44.5469287927 44.6746606325 44.6295284011 44.8754825564 44.8105161544 44.9617389064 44.9991484322 45.0219636449 44.6491305615 44.8210378686 44.8676316383 44.743810739 45.0898675123 45.1079459643 44.7685293338 45.1455929821 44.5672980199 44.6430547994 44.8542769429 44.7177567665 44.8626184594 80.4978027447 82.4428228431 44.9096570292 45.0796191819 44.810286331 45.0404999211 44.6522894398 44.8436045782 44.7143051508 44.9807647237 44.9278263586 45.0359760725 45.097719849 45.1037381383 44.5482656512 44.7229372216 44.9495290866 44.9012484711 44.5581106286 44.8278110697 44.5005558595 44.8368770652 44.5031469834 44.7306283165 45.0478993051
45.124595153 44.8864065254 45.1974144702 44.7497270338 44.7178350154 44.8903412333 45.1295447476 66.562418213 66.640072711 66.640072711 66.640072711 45.1745132615 45.0923494778 44.5196949993 44.9002298764 45.1757075436 44.6114564322 44.5268587445 45.2000879146 44.8892138918 45.0280958803 44.7127560402 44.67044438 44.5105857543 44.7342145317 44.6186204154 44.6152290977 44.9132736338 44.9460512856 44.780257669 44.706807311 64.185257826 67.8643775663 67.8643775663 67.8643775663 44.8340901 44.6635107707 45.0709799199 44.7425392545 44.9577902017 44.9897410385 44.7014082805 45.1261561614 45.0159933288 44.5713774296 44.6913186694 44.9145439133 44.9585558521 45.1115863759 44.5514560429 44.8367512632 45.0148505954 44.7795298486 44.5674084442 44.6594744938 45.1374813321 45.0793927601
44.8395972188 44.7360197592 44.7913113808 44.8335879619 45.0933848983 44.842301495 44.7283223737 44.5515908631 66.640072711 66.562418213 45.1938233929 45.1041862402 44.5215253972 44.8842233744 44.9469484298 45.1513272294 44.8262041085 44.9833662168 44.6613059875 44.9247259427 45.0543776242 44.7169627148 44.9577099803 44.880748611 45.2023863767 44.6281655585 45.1926863035 44.5093629206 44.9281966016 44.5055829734 44.6575369657 65.1173708534 67.8643775663 67.8643775663 100.9123665679 44.6057329824 44.9658846353 45.0711027252 44.9099858543 44.9398895555 45.1181049491 44.6402824648 44.8757064516 44.891204221 45.1681416952 44.8159094157 44.5224174478 45.1642190943 44.9726068142 44.6888578165 44.5614064295 44.5471072804 45.1399821513 45.135800065 44.9208627738 45.0680797225 45.1046880652
44.5410419073 44.6831844044 44.956843877 44.8251338777 45.0547750442 45.0064168964 44.5813269149 81.193040951 81.193040951 81.193040951 44.9638037304 44.7737244505 44.8840496878 44.8801210278 44.8299696669 45.1636292927 44.7687425603 44.6099301563 44.9310950786 44.6046776639 45.014729413 45.1946950699 44.8569688031 45.1746571189 44.5950128455 45.069433785 44.552017272 44.5809859486 45.0524994273 45.0341404928 44.8793852528 44.5161655758 64.0751304482 64.0751304482 64.0751304482 44.949789957 45.0492755968 44.5743303416 44.6662661104 44.8904000764 44.7523784823 45.1133380957 44.8313008501 44.9906425019 44.8236540291 44.9970001703 44.7820446356 44.6479584647 45.0286428511 44.9915711464 44.5775796786 44.9639367262 45.1450008752 44.6927607 45.1639545202 44.6655679266 44.5874130319
44.5187651613 44.9067202837 44.7624606581 44.9166995472 44.6704583878 45.1195095212 44.9225775116 44.9406282127 81.193040951 81.193040951 44.7953106477 44.9970133292 44.7289834731 44.9816584844 45.0388042888 44.7497454449 45.1020213284 44.7208214529 44.8143607031 44.7021486682 44.5433097823 45.0474090578 44.8314428652 44.9503071911 44.858572472 45.00869637 44.6804332963 44.9970534431 44.8469435183 44.8072545185 45.1954605827 44.7561554252 44.9800803682 61.6732210016 61.6732210016 45.1823874019 45.0326711861 44.7010724194 45.0160459951 45.0784877555 45.1827100514 44.6812765525 44.8396421873 45.1251481412 45.0297662522 44.8831349969 44.7686364282 44.9486777957 44.7868896927 45.0315331105 44.7831256002 44.5080577386 45.1347659294 44.6140473822 45.0214828896 44.8455400538 44.5847020487
44.6867454342 45.0389304238 44.5902947293 44.7550277053 44.5770609479 44.9845463021 44.7127032116 54.9039947837 54.9039947837 54.9039947837 44.9818177758 45.0325115093 44.6959569641 44.6058090317 44.6207287582 44.5551793993 45.1240136727 45.1116508176 44.8226216241 45.0492129134 44.6653349861 45.0501839483 44.6675859295 44.5974315275 45.2038997085 44.6600967686 45.0727691569 44.8048553253 45.0118091466 45.1441808652 44.8920597971 44.7933409279 44.5450776976 61.6732210016 61.6732210016 61.6732210016 45.0240890971 45.138186176 44.6415311876 45.1113541246 44.5529329317 44.8439801378 44.8875027399 44.6108774143 44.517372002 45.0554660277 45.0070143986 44.6903947985 44.828348492 45.1508857295 44.7044489849 44.6590884657 45.1770315668 44.5965666306 45.0035463301 44.625074364 44.9977988187
44.7558321978 44.8189797591 44.7966360196 44.8651659265 45.0644625881 45.079885665 44.8482826945 44.976843136 54.9039947837 75.9802482256 44.6689664634 44.687238673 44.6985273583 44.8287663167 44.9574833562 45.0987329283 44.9579020091 44.8630917431 44.5031987189 45.107432044 44.9260801838 45.134556422 44.9997658199 45.1970355101 44.5493663959 44.5297387977 44.8707874957 45.0328544259 44.7515650781 44.583445661 44.916503752 44.8669261598 45.1450465635 61.6732210016 76.1010780906 44.5964528732 45.0230119995 44.5298919249 44.6318224521 44.597199709 44.6621116412 45.0128800532 44.6166833832 44.9358489636 44.8496415453 44.9406985059 45.0271096441 44.8761049659 44.6955708539 44.9182547208 44.7192657359 44.7988024314 44.7513760554 44.99324581 45.0066203533 44.9285174059 44.8458789672
44.8379845871 45.1042582076 44.5636788297 44.5180392408 44.9912351453 44.8898238731 44.9747331926 56.111787194 56.111787194 56.111787194 44.6202819191 45.0533545039 45.0469547039 44.6997197703 45.1488999887 44.7919443231 44.8071103885 44.531646087 44.5907899714 44.7602654569 44.5448415484 44.5230719401 44.6230862602 44.528498044 44.5371920556 44.7691343114 45.0987801417 45.1031658953 44.7690651337 44.7014307807 44.8544303318 45.131226238 44.8259986822 58.5316095162 66.8517581842 62.2313424463 62.2313424463 44.8666552791 44.7231035607 44.9584318548 45.0619782829 44.6782687114 44.780845296 45.1656584214 44.9943344186 45.1948962789 44.9298741195 44.9372075908 44.5185841939 44.5804188246 44.9696728104 44.7238769007 45.0096221901 44.810512199 45.0011540792 45.0376968883 44.6987369514
44.6257629016 45.2020038976 44.7548285999 44.6513534748 44.5184066859 44.5886621779 45.1132426338 56.1889433768 56.111787194 45.0634275393 44.8983136313 45.1035342181 44.8827363274 44.502495321 45.0182764462 45.0181223682 45.1337409138 44.7348019191 44.9926893685 45.1204088877 44.7808059832 44.9632552684 45.1669707017 44.817683033 44.9738369421 44.5414157749 45.1622733331 44.6777250336 44.6215655168 45.1803729623 44.8314873333 44.6253827755 44.5432065499 66.8517581842 62.2313424463 62.2313424463 66.3494678761 44.505640875 44.5226988101 44.6531857458 44.8939883568 45.196403104 45.0308089224 44.9526201509 45.1308090065 45.0859574055 44.6669201819 44.8752700657 44.7424970075 44.8448807365 44.5973638925 44.5064452106 44.6484141549 44.526487353 44.9912869705 44.9337401916 44.9040391277
44.9555425738 44.9951505498 44.8296229894 44.9693050471 44.68789974 45.1879353326 44.8948320664 77.0986817464 87.4812850967 59.5986651887 44.8245381269 44.7450341201 44.9463868084 45.0445420256 44.7838677916 45.2021633197 44.8905285664 44.8775732584 44.6192517982 44.7267044117 44.833049003 45.134250222 44.6097216052 44.5458393174 45.0752538739 44.8104745585 44.7411989111 44.7905233967 45.0209371058 44.8483541811 45.0884207495 44.7465809771 44.5943439655 44.5845878962 66.3494678761 62.2313424463 44.5229682136 44.7810276222 45.0803991541 44.5940933794 44.5818792078 44.7301036079 44.6461186211 45.0611067776 44.6873444833 45.0674220792 45.0732919396 45.2038852012 44.6413607867 44.8558981402 44.5600731931 44.9194711723 44.8957555181 44.7954673094 44.7112681597 44.6802795787 44.8227306917
45.0645630423 44.8260010976 44.7922107312 45.0894735109 44.9783772247 44.7178163435 44.9239232058 87.4812850967 87.4812850967 87.4812850967 44.6008418754 44.7712928221 44.9706453588 44.8663694599 44.7138628586 44.9730655769 45.1783096598 44.900668789 44.6983110802 44.9325468001 45.1884619441 44.8942354879 44.9036975847 44.8196710488 45.1790225743 45.0137132769 44.868498993 45.1348947079 44.5449214342 44.7007190943 44.7733182732 44.7326609824 44.7532863542 44.9876898599 44.8976615252 67.8512466878 67.8512466878 56.4553194251 44.9057334226 44.6994511772 44.9400087172 44.7735863014 44.5636603686 44.6844346101 44.5179995475 44.5896791906 45.1011846119 44.7342846678 44.7074462257 44.9735591463 44.8649022587 44.8738883563 45.1172224791 44.7784592488 44.5021557003 44.7849683715 44.693007437
