Spatial_Output/BAU/BAU_0237.asc
NCOLS 155
NROWS 192
XLLCORNER 196769.923733
YLLCORNER 449719.875193
CELLSIZE 27.603701
NODATA_VALUE NaN
[rows 161 to 183 of 192, columns 53 to 105 of 155]
46.5888434922 46.4446150088 46.8210036318 46.9942597962 46.5097335904 47.1547105885 47.331471073 46.6522246171 66.7782446347 76.7559744811 76.7559744811 47.1501437776 46.2871540809 46.8038381506 46.7092723668 47.1494896821 47.3836949167 46.7975978506 46.215542509 47.2063412784 46.4393710979 47.1521645695 46.8904737703 46.6464984811 47.364577373 46.0454307096 46.9498507541 47.2270298332 46.1951792718 46.5032978185 47.3028413452 47.3216971983 47.0344051114 46.5626756004 46.0451535116 47.3569450465 46.461749557 46.5839286693 46.5013293273 46.018674925 47.3302367196 47.2666086988 46.6020567048 64.2236128608 64.2236128608 47.1419784615 47.1602709618 46.0100686338 47.4140330059 46.5704188503 46.5936702902 46.7797507102 46.5574033985
46.8729699366 46.3732367509 46.0301618493 46.7816059371 47.2451329553 46.0574389729 46.8697158697 47.090737511 74.517201719 76.7559744811 76.7559744811 86.8168372389 46.3250217485 46.4084109967 46.5357158001 47.0496395176 46.9187140549 46.5012644579 46.6691736895 47.3680365161 46.9340011783 46.8421665393 46.9533891131 46.4433626197 46.6387651738 46.3134777739 47.0549956253 46.6796353797 46.9272931197 46.4601298338 47.0828060027 47.1589813646 46.8396927573 46.2379408737 46.747307483 46.9005424687 46.8238922032 46.520023482 46.720497923 47.0706855537 46.6371429275 47.1965395351 47.3685259937 64.2236128608 64.2236128608 46.8344692117 46.7606075245 47.3592062494 46.2165018075 47.1492519203 46.3140997038 46.8852452782 47.3304303076
0 47.0249113338 46.2504730083 46.8541917645 46.2291741936 46.0844635866 46.0077638148 46.3207913866 46.2822737697 69.1736115263 69.1736115263 69.1736115263 46.0601166246 47.362005918 46.5031962651 46.0463726907 46.9790325031 47.3683071943 47.1919935217 46.4812793816 46.7877505682 47.1970380339 46.855531588 46.8696218661 46.050957472 46.8734919076 46.5650405964 46.7282518866 47.3460667655 46.0318099712 46.9188109726 46.2098822167 46.6697076026 46.1618298358 46.6335186412 46.900882614 46.060316091 47.2123817348 46.7854342184 47.1271912361 47.0114890319 47.2092851309 46.551391498 47.411348711 46.2879095399 63.6291722619 46.568889949 46.9244231419 47.2919393543 46.987140662 46.8702835699 47.1750738918 47.1332089892
0 0 0 46.1088516881 47.0422072911 47.0967433301 47.3392548862 46.511031477 46.7694939013 33.8609297282 33.8609297282 46.1524666223 46.8550678483 46.8825818096 46.8864959924 46.8750786277 46.3374096853 46.8555449783 47.0701878773 46.5459080262 46.7462457586 46.6807187931 47.1690351372 46.3555256387 46.4727096707 46.3244359163 47.0354216839 47.015819003 46.1126673168 46.281764037 46.3381620107 46.8505267513 47.198503605 46.1276044489 46.3354762924 47.2008452854 46.5627680005 47.2066729988 46.1027887338 47.156052379 46.6453854173 46.1269493058 47.2651493301 46.8747587136 47.0659924177 65.2296393631 65.2296393631 46.9899663695 47.3481822086 47.1035682998 46.9078652599 46.898148765 46.7896039727
0 0 0 0 0 0 46.658481338 47.2282263503 46.4855064456 46.0437805797 46.8407665157 46.627817009 46.0432808034 46.6859613416 46.3925341451 46.9006101314 46.3517679962 46.0033123476 46.6963832189 47.1920654809 46.8736276639 46.464279707 46.0734498665 47.2797343278 46.4900335697 46.3960197798 46.1860389905 46.6903077182 47.0143826256 46.3610995013 46.0468631187 47.3323502444 46.1734585582 47.2906343725 46.3999983955 46.7413745958 46.2397340501 46.8793111958 47.1272541073 46.5450860105 46.6434374536 46.9347338095 46.2995028426 47.2186381379 65.2296393631 65.2296393631 65.2296393631 46.8469299898 46.5809369446 46.3739317167 46.9649101575 46.8955548149 46.3026535991
0 0 0 0 0 0 0 0 34.0700319119 46.3904704487 34.0700319119 34.0700319119 46.3789518604 46.9397833764 46.544416667 46.1752772413 47.1359038876 0 47.1105056979 47.0693371614 46.3492148013 47.3606363852 46.0247450584 46.0323364199 46.5765621454 47.0354016024 47.3133187839 47.3281549946 47.1759953938 47.3142072591 47.3739870302 46.2158822637 47.1107768303 46.5382369516 47.0431925081 47.1882306494 46.3139325077 46.8542629571 47.3893391918 46.5007873435 46.1796440146 46.60343194 47.2495231611 46.0092158681 46.9919159044 46.5763862373 61.278098093 61.278098093 47.185554746 46.589205393 46.4749024495 47.0344452409 46.3818840784
0 0 0 0 0 0 0 0 34.330244644 34.0700319119 34.0700319119 46.3131860164 47.1102797491 46.5477302211 46.481329479 46.0870337605 0 0 0 46.1907656481 46.1769767758 46.0875410794 47.304479466 46.3117317062 46.2415214443 47.3669181626 46.7770580003 46.9950600398 46.7826500426 47.3341613565 46.0823220419 47.1651267478 46.5303794367 46.3465744782 47.1596558138 46.6737027575 46.3076524476 47.2134539726 46.2769714688 47.3073361681 46.8096767007 47.0175954799 47.0553015306 47.3615929732 46.6101269955 61.278098093 61.278098093 61.278098093 47.388224441 46.4708733376 46.2918677479 47.3335035214 46.8146138595
0 0 0 0 0 0 0 0 33.7081077662 33.913974076 33.913974076 60.2353487687 60.2353487687 60.2353487687 83.1534283503 0 0 0 0 0 46.7029950003 46.0048372356 46.6263866138 47.2292157698 47.2668134523 46.7472375269 46.700718421 46.2700539624 46.8582321352 46.4607486649 47.1740515845 46.8469433779 47.1348938227 46.7817214712 47.3686225478 46.7209205388 46.7824181655 46.2595235932 46.7444306002 47.3162433291 47.3717159006 46.4430005848 46.7331142497 46.7329903887 46.3191111631 46.3913893225 73.3373321198 73.3373321198 54.0084910268 47.1277851234 46.4769384865 46.7821899071 47.289764971
0 0 0 0 0 0 0 0 33.8987819567 33.7081077662 33.7081077662 33.8987819567 65.6038160782 75.5448106257 65.6152278842 0 0 0 0 0 46.703175008 46.9337951421 46.2770611316 46.1117859183 46.4762876262 46.077060783 46.8509420083 46.0238126776 47.2022986477 46.5157669697 47.3608466309 46.4857167744 46.5978474273 46.650942457 46.4006576972 47.1544923802 46.0837344758 46.093783554 46.1304816106 46.3865860041 47.3572948861 46.6779239454 46.3578001105 47.0339430727 47.3793923161 47.1778051939 54.0084910268 73.3373321198 56.4225848039 46.0690501462 47.0443282302 46.6844330172 46.2188650153
0 0 0 0 0 0 0 0 34.2005663932 34.2005663932 34.2005663932 34.2005663932 69.6158684438 69.1598824298 74.7584203704 67.1926173762 0 0 0 0 0 47.1885250643 46.5644119928 46.2166131947 47.0170138079 46.2900871103 46.2947130593 47.0998145827 46.1102362457 46.9631552526 46.3629534616 46.9585920885 47.0164681731 47.3792162458 46.714508776 47.0331916988 46.4134849928 47.0354821369 46.1002525733 46.5304695627 46.1108645291 46.5765772164 46.43062579 46.524408546 46.4049761025 46.4821690056 53.9990539694 46.9749239344 71.0820137585 71.0820137585 46.861172652 46.5001991845 46.6934093242
0 0 0 0 0 0 0 0 33.8065910441 34.2005663932 34.2005663932 33.8065910441 69.3607509474 67.514007207 77.7524431605 0 0 0 0 0 0 0 46.3429585119 47.1587300171 47.3639757819 46.0662948922 46.1007419377 46.7460682393 46.9258070724 47.3854043549 47.2929599374 46.2204497206 47.37607672 46.2921406956 46.1297889627 46.2668066258 46.8073010127 47.13251609 46.294873157 46.7962488573 46.2802067767 46.6311647078 46.5460318165 46.1016029227 46.2833789646 46.7160519901 46.1171705889 71.0820137585 33.5901674395 33.5901674395 33.9217691318 47.3459065716 46.7269258448
0 0 0 0 0 0 0 0 0 34.2973509457 34.2973509457 34.1363755381 0 0 0 0 0 0 0 0 0 0 0 46.9593477334 46.5301422454 46.5578534777 46.5664506532 47.1783934318 47.0145475239 46.8463482673 47.1911409437 46.7421715594 46.6734529054 46.7069302926 46.1525985924 46.8242579563 46.4312788082 46.4463289071 46.0161738043 46.6414973256 46.563711693 46.513126084 46.0404208874 46.9388304537 47.3465623434 46.4502967823 46.5314290751 33.5901674395 33.5901674395 33.5901674395 33.8373315855 46.1660168177 46.2874545347
0 0 0 0 0 0 0 0 33.4001845529 34.2973509457 34.2973509457 33.4001845529 0 0 0 0 0 0 0 0 0 0 0 0 46.0042084303 47.0469170541 47.1434678356 46.9303342427 47.170487927 46.3154955785 47.3648430411 46.9556184169 46.4242259516 47.1668745764 46.1527015673 46.5814469553 46.3521257017 46.5180452103 46.8993448935 46.4411306971 46.3884865877 47.0979610498 46.4301073176 46.2921649345 46.147221076 46.1097320149 46.2038610326 47.2351623802 33.8685070408 33.5901674395 34.509393535 90.2229020667 47.3949487035
0 0 0 0 0 0 0 0 0 34.5060596399 34.5060596399 32.6960050135 0 0 0 0 0 0 0 0 0 0 0 0 0 0 0 0 0 0 47.1131757957 46.6729511938 46.6622265625 46.5117643606 47.2967486397 47.2697856056 47.353100549 46.6850301401 46.8876399251 46.0514512284 47.3734260095 46.8022238534 46.7591860616 47.0073344323 46.7289323628 46.5014957584 47.2228405754 47.071270623 34.509393535 34.509393535 34.509393535 55.1338464403 46.0377128674
0 0 0 0 0 0 0 0 31.9209637752 34.4518305793 34.4518305793 31.9209637752 0 0 0 0 0 0 0 0 0 0 0 0 0 0 0 0 0 0 0 0 0 0 46.7681894999 47.0832865066 46.8664348114 46.283599293 46.8727369297 46.4828945943 46.5450027154 46.9992273365 47.0260358953 47.2450262374 47.1932868658 47.2686482839 46.2444664803 46.6404498398 46.3177533442 34.1351473781 65.4324211589 65.4324211589 46.7999640044
0 0 0 0 0 0 0 0 0 34.4518305793 34.4518305793 0 0 0 0 0 0 0 0 0 0 0 0 0 0 0 0 0 0 0 0 0 0 0 0 46.6322383022 47.1008389137 46.8226607119 46.1144325685 46.7911639236 46.9247970332 47.0709080834 46.3186885256 46.2914258921 46.7043967968 46.4199816226 46.964948401 46.8078632832 46.0288446126 65.4324211589 65.4324211589 65.4324211589 96.9703832246
0 0 0 0 0 0 0 0 0 33.2789968721 33.2789968721 0 0 0 0 0 0 0 0 0 0 0 0 0 0 0 0 0 0 0 0 0 0 0 0 0 46.4155970738 47.1703826635 46.521695904 47.2086736322 46.7224615665 46.7961403634 46.039108737 46.7801723316 46.5890701641 46.0575053075 46.9766747217 47.4041785207 46.4412077556 47.0010771195 34.4026078723 97.6185481456 65.7724715941
0 0 0 0 0 0 0 0 32.5932445136 32.5932445136 32.5932445136 32.5932445136 0 0 0 0 0 0 0 0 0 0 0 0 0 0 0 0 0 0 0 0 0 0 0 0 0 46.8545132434 46.0724536989 47.0797867145 46.8947002271 47.289342306 46.8413667017 46.3156007835 46.8233425606 46.890728665 46.9387779056 47.257122046 46.4273036894 46.0409904515 34.2748807662 34.2748807662 33.9897855623
0 0 0 0 0 0 0 0 0 32.5932445136 32.5932445136 0 0 0 0 0 0 0 0 0 0 0 0 0 0 0 0 0 0 0 0 0 0 0 0 0 0 0 46.5139096478 46.4709669944 46.0778940368 47.2806893514 46.6660129397 46.1383349901 46.0712869806 46.7818284686 47.3004461778 46.9000567792 47.3284034509 46.9121099162 33.9897855623 33.9897855623 33.9897855623
0 0 0 0 0 0 0 0 0 0 0 0 0 0 0 0 0 0 0 0 0 0 0 0 0 0 0 0 0 0 0 0 0 0 0 0 0 0 0 46.6201264252 46.7565350492 46.8102825141 46.1094379938 47.2722364284 46.4652560126 46.1220419694 46.11613349 47.2061577523 47.0735475245 46.3240541109 47.3499264464 33.9897855623 68.3848400174
0 0 0 0 0 0 0 0 0 0 0 0 0 0 0 0 0 0 0 0 0 0 0 0 0 0 0 0 0 0 0 0 0 0 0 0 0 0 0 0 46.957927782 46.9352472255 47.0839874381 47.122903961 47.0146762406 46.0598675277 47.0454961313 46.2850548877 46.1346405488 47.1823837441 46.3892705744 46.1052354536 68.3848400174
0 0 0 0 0 0 0 0 0 0 0 0 0 0 0 0 0 0 0 0 0 0 0 0 0 0 0 0 0 0 0 0 0 0 0 0 0 0 0 0 0 46.7970253014 47.0908284977 46.9848506881 47.4025954145 46.2966226567 46.3122264425 46.622916765 47.2673639738 46.8146855136 46.9880183767 80.4278518796 68.5767684811
0 0 0 0 0 0 0 0 0 0 0 0 0 0 0 0 0 0 0 0 0 0 0 0 0 0 0 0 0 0 0 0 0 0 0 0 0 0 0 0 0 0 47.1428074 46.2080554072 46.2170845348 47.0638334962 46.7997774861 46.7679017528 46.4595017414 46.0620163049 46.741633933 46.1106658021 46.5213549819
