Spatial_Output/BAU/BAU_0971.asc
NCOLS 155
NROWS 192
XLLCORNER 196769.923733
YLLCORNER 449719.875193
CELLSIZE 27.603701
NODATA_VALUE NaN
[rows 161 to 183 of 192, columns 53 to 105 of 155]
23.5397239607 25.1183413864 23.7357177769 24.3777109567 24.464032934 25.5663663176 24.2752284635 24.340065687 23.8745735248 25.129098229 23.6054342126 25.4437310354 23.8869186909 24.221269877 24.2894541185 25.0201347643 24.2529647186 24.5566457173 24.0991844138 24.2637123115 25.5508000827 23.7777843772 25.5259450284 23.9262973901 23.8157601864 25.2734153705 25.1627390384 24.0611897603 24.4187257662 24.5022475626 24.1485367875 24.0050168804 24.8549098802 25.4198567701 25.066021738 24.6470233389 23.8186581435 25.3614105556 24.7205027847 25.4798175833 24.7978263711 25.5255391539 52.7046224136 52.7046224136 52.7046224136 24.3009889918 25.5591864665 24.510383393 23.8988715265 23.9891902589 23.820850015 24.4066549464 24.7931358227
25.2147329456 25.2999329477 24.3770430554 24.0825247475 24.051839936 25.6105568489 24.7639267645 25.5774839918 24.8693739537 25.2725849068 25.0404403204 24.3926199982 25.138368292 25.0687840406 23.8009853061 24.0098571276 24.3546338422 25.6074233469 23.9778632455 23.6414282805 24.2542713326 23.6057718304 24.9174080847 25.196426971 24.0502013452 24.7128913371 25.4030968932 24.2392080825 23.5744710646 23.6042270022 24.0869284914 24.7689353962 24.6872471519 24.8146641355 23.6629077779 23.8920286238 24.7697737582 25.3754290695 23.7413214477 23.5186028085 24.3262541986 24.0577930867 24.6451511116 25.1484763622 52.7046224136 25.5416335603 23.763425305 23.5834926952 25.4246184591 23.7631765732 24.4292428824 24.4938169193 24.4201670072
0 24.0580802563 25.6024886364 23.9860379817 23.8186100487 23.9422831282 25.4763898881 24.8937300217 24.572304112 23.9490112375 23.6779774206 24.1652695745 23.812798941 24.7795662823 25.2888047418 24.923832473 24.4611567892 24.8789827247 24.4420676464 24.6808794068 23.9072451555 23.5691590078 24.0295016447 23.9453699536 24.5251422911 24.9117073756 25.2426851142 24.2201744454 25.6161833971 24.4695444579 23.936886155 23.7155752248 24.312859467 24.8045771449 25.2469547346 25.1997894372 24.3265832463 23.5753634621 25.0244428751 25.0169259165 24.889158763 24.7940406222 23.5941697371 23.856142024 54.6928678159 54.6928678159 23.6788082951 24.0493906092 25.2918324016 25.5224217619 25.4987298196 24.242355088 24.7947331642
0 0 0 24.8026479043 23.7993592816 25.2179138051 24.8657837452 25.5651908783 25.2994641306 24.618834277 25.5752954197 25.4387233435 25.481038815 23.5097194124 25.3320713126 23.9573923631 24.0859393515 23.6855577529 25.1577084292 23.5771800635 24.7563160139 23.9033131901 24.7328339097 25.4919555465 24.0243440984 25.6162537697 25.1367598329 23.5172776458 24.0235648988 23.8195766309 25.2955499486 24.0439570581 23.8512866787 24.6393715022 23.7621121192 23.8803909054 23.8910059828 24.6381943065 25.1072035545 24.2349682201 23.5099680726 25.5620132545 24.8850367995 23.8482875451 54.6928678159 54.6928678159 56.7106315418 24.2509567914 24.3077181902 24.9540280189 24.3268691689 24.5151928417 24.9783020232
0 0 0 0 0 0 23.9430284466 23.8838748927 25.1952671956 24.0976189305 25.5943743131 24.8712205212 25.0618838691 25.593302147 23.9519498927 24.4810523505 25.043616568 25.4559690562 23.6075873447 24.3204574933 25.2173385734 25.0421047405 25.3876290391 25.1915743046 25.1830148284 23.6627140346 25.4793809073 23.8862298558 25.5525090125 24.2873971691 24.6194924533 24.4168654819 24.1633926862 24.2645576645 24.4723991349 24.1275352422 24.7888041576 24.2996385014 23.609798926 24.9869437479 25.4592553994 25.3011014578 23.6618938181 23.8197134106 56.7106315418 56.7106315418 56.7106315418 52.0870918545 24.9044420461 25.0793638205 24.7130230661 24.320305306 24.5312604238
0 0 0 0 0 0 0 0 15.33 25.3473416607 24.5708853945 25.55402732 24.1524656329 24.9230220502 24.6477649921 23.7754490478 24.8240239282 0 23.523416429 24.753414111 24.5868122819 24.3948638755 25.0645445672 24.8399478042 25.3687483117 25.2180281761 24.2528893072 23.8901533939 24.008146312 23.6102806133 24.5282566288 23.5182930519 24.1417632202 23.5018165144 24.8171227571 23.6991719878 25.3334993141 24.5047678923 25.2383098519 24.5687064392 25.3142176746 25.5633787798 24.0210052848 24.8780481927 38.4279457643 56.7106315418 56.7106315418 56.487219494 25.5092870209 24.8117043349 24.9211329466 24.4031380032 25.287395104
0 0 0 0 0 0 0 0 15.33 15.33 44.2329485036 23.6574975869 24.3186273223 23.9141801327 24.6701317636 23.8410206036 0 0 0 25.2885053233 24.086685752 25.3569176046 24.2871403691 23.6233035492 24.4269849968 25.4640234406 24.0357779359 24.1601788266 23.8414853998 25.0180071798 23.6097582397 24.0100703533 23.7512783083 25.2155298006 24.3237725023 23.9925615315 23.8219988292 24.666966039 25.2959658478 24.987148158 23.8568082988 24.3003634914 25.0309932757 23.682243744 23.8289636706 56.487219494 52.0870918545 49.6680785794 49.6680785794 24.114072235 23.7938684367 23.7121701923 24.4521980027
0 0 0 0 0 0 0 0 15.33 15.33 15.33 40.0676076294 49.4111118091 40.0676076294 51.532551771 0 0 0 0 0 25.0237551556 24.223581648 24.4542800307 23.5786444705 25.516639238 25.2389446823 24.3792671175 23.8436072418 23.5190615847 24.3032364923 24.3418918404 24.2374465844 25.1804732376 24.1791933106 24.5731709971 24.3623218657 25.5708249215 25.6018530806 25.1630386265 24.1005195954 24.6438534372 25.1558619626 25.2994721349 24.5595772784 23.9645293833 70.8324111456 61.9594208358 61.9594208358 61.9594208358 23.8478516491 24.6212176163 23.7205894286 25.2610996278
0 0 0 0 0 0 0 0 16.9243893937 15.33 15.33 17.9340332121 40.3964965187 35.6762340434 30.793112091 0 0 0 0 0 25.0569706083 24.5340906891 24.9768569819 24.7461321765 24.1353135832 24.4130678762 24.2694181817 24.7518126776 24.6710080321 23.6759207877 23.9869445908 24.0793307573 24.7986242077 23.8799263161 23.8284950238 24.085755618 23.6761148106 24.8028461232 25.5847102897 24.2899664553 24.0004301046 24.7448055293 24.2901443457 23.667299466 24.6634309609 24.0657313063 61.9594208358 61.9594208358 44.4519898615 51.9677738419 25.122295502 25.6187796575 24.663941193
0 0 0 0 0 0 0 0 19.383243152 15.33 15.33 19.383243152 38.1156273082 36.8262745546 35.2488474146 66.8646460599 0 0 0 0 0 24.6304869875 25.4488380065 24.4070238189 23.970367251 25.2633057411 25.5113446768 25.0303438791 25.097940314 24.687149113 23.6374164175 25.6070566492 24.7601622321 23.7589708608 23.7157312964 25.4537352064 23.6413985839 24.9240375735 23.575693984 24.3607904769 24.2369710166 24.505177435 25.1474986001 23.8930807128 25.6012522986 23.5582664355 42.9176172759 42.9176172759 18.421831597 18.421831597 25.2492891386 24.7604135611 24.2254227793
0 0 0 0 0 0 0 0 15.33 15.33 15.33 15.33 38.761750208 40.9482890874 33.3792327694 71.3938233398 0 0 0 0 0 0 24.8836691055 24.4629790774 25.3867828305 24.9180586965 23.7898390338 25.6127245246 23.5695225794 23.8281170829 25.4729816698 25.2284576701 23.9941950468 24.1756672252 24.3786353439 25.4120287522 23.8796648266 24.0300928882 24.6184743044 25.170881104 23.6152690262 25.114661466 24.7640467643 24.3951533662 23.7117765624 24.2503953393 24.9463174616 18.421831597 18.421831597 18.421831597 57.0518070081 24.3971557662 25.3811548282
0 0 0 0 0 0 0 0 18.7846729634 15.33 15.33 18.7846729634 0 0 0 0 0 0 0 0 0 0 0 24.8986125932 23.6856775124 23.5011530554 25.0009228541 24.0881327337 23.9581885252 25.1260388005 25.3279685891 24.1104482094 23.9032204333 24.4271648476 23.8423214637 25.5352207541 24.1467864637 24.6853095582 23.74303432 23.7397760564 24.8755711504 25.4671823299 24.3131995386 24.5299567986 25.5024140706 24.0760847258 24.378868219 60.3523699426 18.421831597 66.8535638262 66.8535638262 23.9217188838 25.3986339518
0 0 0 0 0 0 0 0 61.081855622 19.1892110507 19.1892110507 61.081855622 0 0 0 0 0 0 0 0 0 0 0 0 25.5724078759 25.2933943956 25.4121633101 23.6239121983 25.4972062837 24.5851837393 25.3867179843 25.316627692 25.1093193417 23.8188356341 24.9915393048 24.7683330857 24.8485450183 23.807458606 24.8975138604 25.1301548863 23.5818721762 23.6778304994 23.7669890612 25.0731435619 25.5342025808 23.8904384694 25.3417736508 23.9859509767 17.446283343 17.446283343 17.446283343 25.2938506129 25.6159037431
0 0 0 0 0 0 0 0 18.2500586313 46.0917424836 46.0917424836 18.2500586313 0 0 0 0 0 0 0 0 0 0 0 0 0 0 0 0 0 0 24.7591782972 24.7749265157 24.7867836426 24.1865659315 24.5506249705 25.0204389824 24.5466701796 24.585978751 25.5927173097 24.083852319 24.7406764268 24.3269710181 23.8423429107 25.204778129 24.3728738213 23.9637707855 25.3091656546 25.4456351848 17.7775653975 17.446283343 45.8528012037 45.8528012037 25.0205676385
0 0 0 0 0 0 0 0 17.5702941593 17.5739336241 17.5739336241 17.5702941593 0 0 0 0 0 0 0 0 0 0 0 0 0 0 0 0 0 0 0 0 0 0 24.4613257331 24.1067676488 25.4313800418 23.8133347265 24.2312474787 25.206135436 23.5141635236 24.734237771 24.8660820073 23.8366122841 24.4427879127 25.2304561006 24.0270002948 23.6469220805 24.7856430593 45.8528012037 45.8528012037 71.2643030804 23.5074120483
0 0 0 0 0 0 0 0 17.193124321 17.193124321 17.193124321 17.193124321 0 0 0 0 0 0 0 0 0 0 0 0 0 0 0 0 0 0 0 0 0 0 0 24.4027149212 25.278590177 23.8759135353 24.3647986474 25.1959747681 25.0355849712 24.1891210813 23.8041186613 23.9932711528 23.9406705556 24.2859185241 23.7510655803 24.2723936224 24.2292063783 71.2643030804 71.2643030804 71.2643030804 24.7183549364
0 0 0 0 0 0 0 0 45.0199460738 45.0199460738 45.0199460738 45.0199460738 0 0 0 0 0 0 0 0 0 0 0 0 0 0 0 0 0 0 0 0 0 0 0 0 24.4201136523 25.1147223293 23.9606678279 24.5166449738 25.5529554832 25.3543732433 25.4056374533 24.555992562 24.386310271 24.6579673208 25.3688219465 25.2182369745 23.7823674564 24.8269231083 59.0591902983 59.0591902983 59.0591902983
0 0 0 0 0 0 0 0 32.5932445136 45.0199460738 45.0199460738 32.5932445136 0 0 0 0 0 0 0 0 0 0 0 0 0 0 0 0 0 0 0 0 0 0 0 0 0 23.8705766462 23.8166458636 23.7008095661 23.7810337447 24.7978595354 24.3753513287 24.2190248128 24.9706277021 25.5611614222 24.6985552988 24.9391157309 25.2464278974 24.0138980874 48.231167139 59.0591902983 59.0591902983
0 0 0 0 0 0 0 0 0 44.9689238094 44.9689238094 0 0 0 0 0 0 0 0 0 0 0 0 0 0 0 0 0 0 0 0 0 0 0 0 0 0 0 24.915148052 24.5891985628 23.5392124275 25.4793955036 23.7497479225 25.2093058189 25.4352379334 24.0565087931 24.8528259775 24.8149365715 25.4635324515 24.1979646784 25.1842506676 47.0066991629 48.231167139
0 0 0 0 0 0 0 0 0 45.3014296734 45.3014296734 0 0 0 0 0 0 0 0 0 0 0 0 0 0 0 0 0 0 0 0 0 0 0 0 0 0 0 0 24.0217669877 23.8139611243 25.5108080422 24.7283038172 23.8490280849 24.0677788614 24.8976722727 24.4731989188 24.5518916705 24.3151956858 25.5178326954 24.8398098797 24.6711845901 73.2954381622
0 0 0 0 0 0 0 0 0 45.3014296734 45.3014296734 0 0 0 0 0 0 0 0 0 0 0 0 0 0 0 0 0 0 0 0 0 0 0 0 0 0 0 0 0 23.5844196116 24.1320154612 25.5262495909 23.6082442848 23.633229325 24.4746933951 24.194140704 25.0166501345 24.4629147836 24.9624347322 23.5018238704 25.4394657723 73.2954381622
0 0 0 0 0 0 0 0 18.4235260558 45.2169582859 45.2169582859 18.4235260558 0 0 0 0 0 0 0 0 0 0 0 0 0 0 0 0 0 0 0 0 0 0 0 0 0 0 0 0 0 25.4214400749 24.7889716747 24.60449186 24.0250098476 23.8665202438 25.2888901702 25.5614944294 25.0496269706 24.7707493316 24.185165814 23.9861895975 69.1757148766
0 0 0 0 0 0 0 0 0 45.2169582859 45.2169582859 0 0 0 0 0 0 0 0 0 0 0 0 0 0 0 0 0 0 0 0 0 0 0 0 0 0 0 0 0 0 0 23.5749637759 24.2472928691 23.6002810727 24.5830557897 24.4961879696 24.8513318871 24.0857635768 24.1038953408 25.3090472015 24.754481175 25.4989232745
