Spatial_Output/BAU/BAU_0313.asc
NCOLS 155
NROWS 192
XLLCORNER 196307.867259
YLLCORNER 449144.565805
CELLSIZE 33.573938
NODATA_VALUE NaN
[rows 50 to 74 of 192, columns 0 to 56 of 155]
36.3667471642 36.0118130166 36.332356198 37.0140505504 36.2762691035 37.1791084541 36.9596595276 37.2764929696 36.5604766594 36.5011585035 36.8487934607 36.9120113546 36.8329191267 36.1998004819 36.0335532857 37.167758515 37.0418303707 36.9002263194 36.4735300292 36.6170458219 36.6567702584 36.5678352411 36.5362547516 37.2488411566 36.8368986179 46.509150691 65.8487815968 36.2774200983 36.9152387345 37.1049807047 36.9794965321 36.1398285377 36.5650408337 36.0265499453 36.6301272264 37.0851328784 36.4331226009 64.2316120983 64.2316120983 64.2316120983 36.9171475578 36.067052848 36.6214980547 36.4435535305 37.0951862346 36.5187759686 37.1189919626 37.3101087183 36.2785459112 37.0320960677 37.2761107509 36.8173501982 36.1503104599 36.9706700659 36.1942894457 36.848406868 36.1972145827
36.2449590176 36.7398594284 37.2976876669 36.6243204669 37.1054744348 36.8942330906 36.7271380062 36.1817528365 36.1460519206 36.207117688 36.3035397234 37.1124900048 36.6094597222 37.3078031912 36.3235906045 36.2321648367 36.611971855 37.1526902768 36.3948043615 37.0956344452 37.0312758416 36.6481258945 37.2780718194 85.9172129845 85.9172129845 66.2367519757 66.2367519757 36.243897326 37.144616817 37.2935471606 36.7718128997 72.6633548345 36.7476610849 36.8510049979 37.3933961868 36.1497927429 36.0165888524 51.6656943279 64.2316120983 51.6656943279 36.1994221353 36.4176933472 37.3752462856 36.4624059798 36.7452929695 36.0458913067 64.7569471311 44.2364778003 36.3718738204 37.0176243838 37.2899594325 36.9380937252 37.4060528749 37.3324708371 37.1390671394 54.4239349661 70.4935367563
37.1763383056 36.1683107434 37.2123742309 37.1324421469 36.2812097827 36.564811413 37.3727029992 36.8662785999 36.8900477522 36.1051064019 36.0215056192 36.5734342581 36.7178286291 36.59490423 36.7984827895 36.5331666446 36.5702813982 36.0932563247 37.0967226507 36.6714342398 36.6848399803 36.5920489068 64.8496125795 85.9172129845 85.9172129845 66.2367519757 66.2367519757 36.3902993507 36.1831586053 36.7882423923 37.4128515169 72.6633548345 36.3486914587 36.8544771344 57.3695966786 57.3695966786 37.0783949158 72.6380797906 72.6380797906 62.4078371923 60.6720941042 60.6399300969 50.8875637378 64.2231203661 50.4897129312 52.4569016839 52.4569016839 44.2364778003 70.4573971977 36.2999010442 36.9534277382 37.147818096 37.1483720898 36.428297299 37.2369631241 54.4239349661 70.4935367563
36.569528815 36.350028459 36.9372550391 36.2318118927 36.8603707261 36.1330367306 37.0670460562 37.339248921 36.9912892664 36.1886539275 37.2797325078 36.7124029591 36.1802203994 36.1913714856 36.4652225177 37.1565178812 36.65618549 37.2841543813 37.13325457 36.9928779286 36.9804798764 36.6918128752 64.8496125795 64.8496125795 62.7003561038 36.9527985771 78.0747491682 37.1682472384 37.3620353044 37.125948369 36.360194577 37.1203031029 36.3695082791 36.5574085119 57.3695966786 57.3695966786 74.9559991435 63.839556844 63.839556844 60.6720941042 60.6399300969 60.6399300969 69.788595009 64.2231203661 64.2231203661 52.4569016839 52.4569016839 44.2364778003 70.4573971977 36.7838328924 36.1389027371 37.3983939188 37.1859019568 36.5036205326 47.4408486573 54.4239349661 70.4935367563
36.7730056083 36.8490489616 36.3420964795 36.8184232107 36.3396774326 36.3107685602 36.2976173442 36.9087849817 36.5662541373 36.2474163227 36.957435897 36.6899492946 36.7401006912 37.0159287143 36.4821562986 36.36372754 37.3933850736 36.9227481275 36.3609122798 37.20415537 37.0064946033 36.4056530087 37.0517874256 64.8496125795 80.5005391043 53.4844246243 53.4844246243 53.4844246243 37.4005510325 36.7681604668 37.0873997636 37.2372695004 36.1878234987 37.1236721679 57.3695966786 36.8536558798 49.3789809681 63.839556844 63.839556844 62.4078371923 60.6399300969 60.6399300969 59.7276643187 64.2231203661 64.2231203661 52.4569016839 52.8163785773 36.9529328972 37.2206289748 37.0826413434 37.2323663873 36.216720132 36.4650961275 36.4951915684 36.2159895431 51.541493228 37.3454611055
0 36.3300185747 37.2881965104 36.7679312071 36.4090158045 36.8762576955 37.3489018912 37.0055763393 36.1330595523 36.1656877524 36.0178769044 36.3924255514 37.2606185615 36.6436484047 36.0776567726 36.7633801402 37.2826092159 36.0674192031 36.6168731772 37.1916704246 36.6072234554 36.8638623703 81.109033259 64.0702655631 64.0702655631 56.1217323794 53.4844246243 53.4844246243 37.3342933499 36.7350883349 36.5723070498 37.3677957666 37.3808517565 36.7479151624 36.5949346455 36.2793968246 36.9905300746 51.4751399956 51.4751399956 68.1853807393 68.1853807393 68.1853807393 55.8425352201 36.4004994546 37.1880818978 37.2914275423 37.3795547137 36.2484115458 36.6725744764 36.2407227183 36.5722199994 37.0865725245 36.6154788029 36.9858252599 36.3383871266 36.3763888436 71.9285020986
0 0 36.5538925146 37.3972060665 37.4025889708 37.2276464691 36.05965968 37.2661999251 36.1494479662 36.6378541986 36.5993684814 36.8329653661 36.8755383787 36.7650481821 37.2184085421 37.271757639 37.2909603582 37.1638094555 37.2721076309 36.1187964224 36.9871503349 37.0745028624 36.4132364775 56.1217323794 56.1217323794 56.1217323794 76.4964656855 37.2025230842 36.9201216298 37.2842067679 36.750818701 36.4614840689 54.5521896654 36.66532424 37.1977026714 37.1212523249 36.5745506567 37.1473147204 36.0936142713 71.6383245716 68.1853807393 68.1853807393 64.160163116 36.8210422812 36.9025192596 36.1507841274 36.5049893693 37.0973730755 37.2961732128 37.3359275801 36.5226565732 37.3490745592 36.9601059273 36.9047527389 36.2279111899 36.6675609638 36.4383036514
0 0 0 36.9423984572 36.0305345193 36.1465586305 36.8493643947 36.596681661 36.8066384364 36.4436773715 36.5140205056 37.174834406 37.3613396765 36.140453381 36.5434953716 37.2326557672 37.3504516312 37.2351125758 36.2698628059 36.6418344323 36.7523115787 37.0783820913 36.9487428915 56.1217323794 56.1217323794 64.1761001398 64.9884448516 36.8153595862 36.0943176819 36.0833134088 36.790541039 62.9655613905 62.9655613905 62.9655613905 37.0994975733 36.4815428475 36.3538604385 37.2490290444 36.3983931297 36.9715386153 82.0173515086 82.0173515086 36.6775050622 36.1926643855 36.2761192755 37.2385233249 36.3339371618 37.0562430047 36.3742687191 37.2270547531 36.9020725818 36.3862709811 37.070861058 36.730997216 36.6881291541 36.2545393448 87.5200516947
0 0 0 0 36.5157223437 36.97636671 36.6232418508 36.4010886831 36.5358874207 36.8221400727 36.9624847246 37.2640657235 36.5795308794 36.5081228838 37.1731585134 36.6418201919 37.3425748099 36.0627483783 36.0215937744 36.1886787129 37.3450801336 36.8505364545 36.7580691591 36.401594076 64.1761001398 72.9970337866 72.9970337866 36.2546913037 36.7111136208 36.0935940048 37.4037899397 54.5521896654 62.9655613905 54.5521896654 36.498731867 36.6728179757 36.1295391776 69.9633689378 46.1172573564 82.0173515086 82.0173515086 65.2552497498 65.2552497498 36.7967074505 36.6113130792 36.9608391831 37.4017499808 36.3672689756 36.7557716403 36.4393067998 36.8091725855 36.68889546 36.0556379524 37.0995722883 37.2836021673 36.3074360491 89.7958484554
0 0 0 0 36.5429843837 36.0701264898 36.2008843872 37.0253606097 37.120758742 36.1819426426 37.2805641748 36.8441649942 36.4180125652 37.3643879755 36.7967431879 36.2078035131 36.2096323316 37.0729288269 36.5021306514 36.2642141868 36.1315441308 37.2194018256 36.88786505 36.3751712258 48.4196144424 72.9970337866 60.0416853005 60.0416853005 83.147957288 57.9202601455 74.7936146784 65.2622852443 68.4950895424 75.7562436622 36.3830652639 51.6920753428 58.7407684191 69.9633689378 69.9633689378 68.5892365181 55.3738594949 65.2552497498 65.2552497498 65.2552497498 36.1918086096 36.1211134762 37.0301730888 36.0624621398 37.1919720763 37.3764537381 37.3040488448 36.5027490524 36.2775369318 36.1508206534 36.2636830714 36.4934602507 58.8744582369
0 0 0 0 0 36.9632396676 36.6733827102 36.259244431 36.9045538916 36.880524617 36.0589037364 37.0641543091 36.8783921929 36.5494403053 36.8404979201 36.6291421742 36.9290369911 37.3162902039 36.7062113933 36.523400393 36.3269899979 36.6982979014 36.4410340078 36.3899661509 36.122313251 60.0416853005 87.300719053 87.300719053 87.300719053 57.9202601455 57.9202601455 65.2622852443 65.2622852443 83.442162061 55.1179762989 51.6920753428 58.7407684191 69.9633689378 69.9633689378 36.8725623135 60.443846538 65.2552497498 65.2552497498 37.3216668194 36.474201619 36.6624972912 36.3302372914 36.5280061455 36.9260910125 36.2146062933 36.0533065819 36.7653347416 36.773792982 36.2568738415 37.304895562 36.044516735 59.7554430899
0 0 0 0 0 36.3665093887 36.716637158 36.2840436042 36.0067039903 36.3091964113 37.0105659038 37.0955902667 36.2935644346 37.0818141844 36.2690371583 36.6421629973 36.5568871664 36.0809312818 36.7314916674 36.8626019666 36.2053848483 36.062849101 36.5538293661 36.1261933592 37.3528097472 54.4274970245 87.300719053 87.300719053 70.6792208946 57.9202601455 57.9202601455 65.2622852443 83.442162061 83.442162061 83.442162061 51.6920753428 58.7407684191 36.7349622862 36.7626361821 60.443846538 60.443846538 60.443846538 52.839386502 36.9333891334 36.3844112277 37.1792885806 36.9270514482 37.0753542587 36.3870106396 37.1477692738 36.931500502 36.9691114823 37.0234797926 36.1383091216 36.4376397983 36.9641375796 52.6845396555
0 0 0 0 0 36.1484674423 36.7596661868 36.5249141099 36.7955886954 36.4678728948 36.5646182793 37.0738857312 37.0435265188 37.3513164611 37.0915182213 37.1940896985 37.254544749 37.0867209289 37.2359992337 36.4540337 36.8895472118 37.3200651256 36.6482698357 36.15308021 36.3346626646 59.410847513 54.4274970245 63.2260587729 74.5503374205 52.4463342737 74.7936146784 37.1421996384 68.4950895424 69.4451329743 69.4451329743 36.7866484544 37.1599771777 36.1287930023 36.3901957937 36.039774858 60.4397252924 60.4397252924 37.3365999324 36.4062106971 37.2237510273 36.4112352451 36.0658509663 36.643240538 36.6817751957 36.5024175128 36.9091775453 37.2019210229 37.1295407787 37.1789840353 36.6158522925 36.2014632375 54.4740703737
0 0 0 0 0 0 36.1415771483 36.3900220433 36.4667653345 36.237688959 37.0059438576 37.2676150437 36.3940028539 36.0858227217 37.196244439 36.1811167182 36.8776895455 36.0200971604 36.5720728281 36.5126565847 36.8491149626 36.6411584732 37.1223933362 37.0463032012 36.0050215977 37.3566686035 63.2260587729 63.2260587729 63.2260587729 36.1616509354 36.1178925801 36.8021554485 36.7623523063 49.9862112173 49.9862112173 36.7738413235 36.912894974 36.9027248052 37.1602838372 52.1361496215 60.4397252924 60.4397252924 52.1361496215 36.8669360829 36.2337134097 37.0855147684 36.5928567051 36.6297464867 37.1832543343 36.8319027148 36.0851436472 37.3580169366 36.8492903161 36.5591155603 36.7547922444 37.073896226 57.7707502426
0 0 0 0 0 0 0 37.1275833009 36.1464195808 36.2899714045 37.4102504393 36.7831258395 37.1380027218 37.0383217373 36.4163158582 37.0340626779 37.1795931631 36.366878155 36.8279982748 37.3594923588 36.1947461764 36.7658712321 36.4700181606 36.2544958169 37.3811893992 37.1320048036 61.8529530419 61.8564196793 37.097986225 36.4408419453 36.3032601621 36.2606170225 37.3485746084 36.306138014 36.1638730997 36.2388242212 37.0077060522 36.112773336 36.9573285541 67.9288107869 67.9288107869 67.9288107869 67.3918217312 36.424898374 36.2801542161 36.7560922732 36.020164794 36.6952733182 36.7529081965 36.5190462196 36.3350546077 36.715442178 36.2601948695 36.3751276293 37.1568840133 36.3161670285 45.9663145566
0 0 0 0 0 0 0 0 36.5698878177 36.820786475 36.9790233232 36.4472339491 36.0096829933 36.7478327459 36.4493494426 36.4660504135 36.6333223448 36.691054157 36.8513845121 36.1503661501 37.1844791195 37.1575832558 36.1546146722 36.7120410451 56.393273047 36.1772993346 61.8564196793 61.8564196793 61.8564196793 36.7643494081 36.0705586688 36.1537029382 36.872680239 57.4633872571 36.4200626451 36.794010681 37.0684249356 36.2732458503 37.2689372839 37.3148608315 67.9288107869 67.9288107869 60.6004984415 37.1489105728 36.3522786152 36.3602477341 37.2472696765 37.0819675522 37.2822333731 36.3649557854 36.1666092971 36.7762707614 37.0251515651 37.2234460289 36.145271294 37.1049883473 36.9968223605
0 0 0 0 0 0 0 0 50.9460975511 0 36.3578949927 37.394959011 36.4306930161 36.8039482992 37.0904307861 37.3511429794 37.1119884116 36.1882353841 36.7418008904 36.7130807741 51.389101881 48.8457488423 46.8351844543 56.393273047 54.2506877658 37.0294325428 76.4604151546 61.8564196793 61.8564196793 74.113701145 37.3445678426 74.219967388 36.3722347295 62.3032222955 55.5274752684 55.5274752684 55.607081646 48.8707229509 50.7011754997 80.1018282575 46.2135386387 46.2135386387 68.7822749769 36.6764283958 36.4629742229 36.8671806747 36.9903458419 37.1212799041 36.5574165204 37.2305082051 37.0792353718 36.1217337927 36.3777238988 37.2290807881 36.5845112511 36.832075923 79.5766223259
0 0 0 0 0 0 0 0 51.8544236181 51.8544236181 0 37.2303415947 37.0537952645 36.0224045371 36.6394253417 36.2860047963 48.3295757602 36.4615960258 51.0713644376 51.389101881 48.8457488423 48.8457488423 53.4902024814 54.2506877658 54.2506877658 76.4604151546 76.4604151546 36.8544176046 36.5354618523 74.113701145 74.113701145 73.3340585437 62.3032222955 62.3032222955 55.5274752684 55.5274752684 55.5274752684 55.607081646 80.1018282575 80.1018282575 46.2135386387 46.2135386387 46.2135386387 37.2047940511 37.0747036894 36.6802501246 36.1671206097 36.3417329101 37.28589401 36.8842863906 36.254631523 36.1029439001 36.6402694459 36.2602453831 36.4860373395 79.5766223259 36.4026845207
0 0 0 0 0 0 0 50.9460975511 51.8544236181 36.3687803205 36.1663568969 36.0332405001 36.0829520085 48.2741770505 37.4078685928 36.8279159011 48.3295757602 36.6212016472 37.1901446112 36.6160820635 48.8457488423 48.8457488423 46.8351844543 54.2506877658 54.2506877658 76.4604151546 76.4604151546 37.3037898329 85.4305598928 74.113701145 37.3895083759 74.219967388 36.1219569624 62.3032222955 55.5274752684 55.5274752684 55.607081646 74.5300935083 50.7011754997 80.1018282575 62.3049951886 62.3049951886 36.4992791695 36.7158668152 37.2163659795 36.9509770037 36.695863735 36.3723283484 37.1426696108 37.3980531608 36.2631939579 36.2530871842 37.2081714723 36.0917835444 36.8793647915 36.9378942551 79.5766223259
0 0 0 0 0 0 0 0 50.9460975511 36.5734490226 37.313581971 36.3706984782 36.3051514131 36.2929940236 36.809730773 37.1232055158 36.2205515415 36.3844377015 37.0367868042 36.9821548253 36.5832875686 48.8457488423 36.6273720944 36.6206805766 37.1098280553 37.1165699465 36.8745576483 68.4513005238 36.0276277965 37.4041984996 36.0623582213 36.013571095 36.7263060639 61.447781822 36.8553614094 63.176700987 63.176700987 36.6477941977 36.0154308797 36.707149015 95.6379896887 95.6379896887 95.6379896887 36.9140235153 36.8991347627 36.8383926013 36.8764003712 36.7181148643 37.2348473831 36.4522885366 36.3653783178 36.9372859126 37.2736033463 37.236641265 37.1789088894 37.0510987035 36.152039458
0 0 0 0 0 0 0 0 0 36.3737918529 37.0759999909 36.9686924233 37.1939753239 36.689786457 37.0872289387 36.7596587445 36.6502180172 36.6383840196 36.2440538829 36.050692087 36.5103690075 37.4094289571 36.9739482474 36.2432208281 36.2128166921 36.1698470386 37.2953798386 36.4467067386 36.0806964942 36.3492254856 36.3799863958 36.4639383278 36.1011729644 36.3363794181 67.8550770399 67.8550770399 67.8550770399 36.3067640202 37.1338363369 37.3862960685 61.4929321182 95.6379896887 61.4929321182 36.0126808785 36.0774922603 36.6823321346 36.8475318303 36.5211655112 36.1943389214 36.4853956242 36.7440757302 36.5364462481 36.781955543 36.3605639845 36.5106787183 36.8721990749 37.2943799063
0 0 0 0 0 0 0 0 0 36.5612924138 36.4624483026 36.5100581509 37.4131267859 37.3117020956 36.5288822204 36.1261752627 37.1084827822 37.0793901182 37.39176963 36.8812882796 37.2824980427 37.3468400586 36.8695402407 37.1709687528 36.9036525878 36.914426888 36.0575963803 36.9392987069 36.9006524808 50.446779784 36.4805176814 36.9378564762 36.4514553171 37.2772353978 36.6172031226 76.6954065618 76.6954065618 76.6954065618 36.4443528431 36.4765947257 74.5054836627 74.5054836627 74.5054836627 36.8055685528 37.0686848912 36.8490450566 37.2474757946 36.0027726887 37.2520683247 37.0729497277 37.2881633141 36.2888071881 36.3517661324 36.7446010908 37.3602553058 36.6720140078 36.7597770139
0 0 0 0 0 0 0 0 0 36.1798405034 36.3818157096 36.1354519676 36.5137198585 37.1802017103 37.2903749943 36.5748669177 36.6645899678 36.0301202098 37.1189721359 36.6276924555 37.0531942121 37.3263899303 36.8107431694 36.2996198797 36.6389430753 37.3820594941 37.3631257144 36.8952710047 58.1687495668 50.446779784 50.446779784 50.446779784 36.0536916834 36.650981295 37.1547804369 76.6954065618 76.6954065618 61.8655745389 37.4083579863 36.259281087 62.0889168983 62.0889168983 62.0889168983 36.5352638425 36.549160653 37.326906882 36.0242491889 37.3884216575 37.0190020405 36.4744804322 36.9088679241 36.0465282195 36.3154238236 36.5464171032 36.1248360142 36.6841552901 37.1498694759
0 0 0 0 0 0 0 0 0 36.3457314871 37.147697976 36.0425313169 36.4045649022 37.3547765476 36.6454078326 36.2024838228 36.5752337662 37.4097217815 36.4606670283 36.6009178615 37.3306460899 36.4121025494 36.4950046079 37.4049773077 37.3378138508 36.4233500367 37.2514164247 36.415324837 58.1687495668 50.446779784 58.1687495668 36.6441962284 36.4968625764 36.8452557747 36.287952625 55.5817807892 76.0198477899 76.0198477899 36.2562487549 37.1103810808 36.7523889446 36.0917800924 36.6079629558 36.4376915352 36.9865681415 36.649836883 37.2186747675 36.1088830775 37.2329353114 36.6378675572 37.1460255709 36.6387827127 36.7527150408 36.6627219821 36.8663547006 36.5682821209 36.734949858
0 69.2314019752 80.1236992038 0 58.3068292644 72.2944043687 68.3628347603 0 0 0 37.1649188125 36.430896261 36.4194723069 37.1690762185 37.3672418652 36.4596382214 37.1385627225 37.2841635322 37.3638830208 36.3318631399 36.6505058977 36.3028715022 37.0230747537 36.5406574171 36.6733112214 36.2518954743 36.41833493 36.397454431 36.3319170881 58.1687495668 70.8654908929 36.287572417 37.1739216339 36.1647859217 37.0169535433 76.0198477899 76.0198477899 76.0198477899 37.0106303556 36.4347067252 37.0328276823 37.2624507333 36.8353313357 36.7543772501 36.5794709554 37.3617717296 37.3007628129 36.5177802653 36.4761057564 36.8221430204 36.8895563611 36.641169279 36.8165717733 36.6321057918 36.0307015666 36.0340627713 36.787975402
