Spatial_Output/BAU/BAU_0794.asc
NCOLS 155
NROWS 192
XLLCORNER 196307.867259
YLLCORNER 449144.565805
CELLSIZE 33.573938
NODATA_VALUE NaN
[rows 108 to 143 of 192, columns 0 to 81 of 155]
0 0 0 0 0 0 0 0 0 0 0 0 0 0 0 0 0 0 0 0 0 0 0 0 48.2964592555 48.2964592555 45.2232996296 49.8396852927 21 21 21 21 21 21 21 21 21 21 21 21 21 21 21 21 21 21 21 21 52.7972821808 55.3000415784 55.3000415784 52.7972821808 21 21 42.804964565 42.804964565 42.2660576519 21 21 21 21 21 21 31.1494840293 31.1494840293 31.1494840293 21 21 21 21 21 21 21 21 21 21 21 21 21 21 21 21
0 0 0 0 0 0 0 0 0 0 0 0 0 0 0 0 0 0 0 0 0 0 0 0 0 0 0 0 21 21 21 21 21 21 21 21 21 21 21 21 21 21 21 21 21 21 21 21 55.3000415784 55.3000415784 55.3000415784 21 21 21 42.804964565 42.804964565 42.804964565 21 21 21 21 21 21 53.5443120767 31.1494840293 21 21 21 21 21 21 21 21 21 21 21 21 21 21 21 21 21
0 0 0 0 0 0 0 0 0 0 0 0 0 0 0 0 0 0 0 0 0 0 0 0 0 0 0 0 0 21 21 21 21 21 21 21 21 21 21 21 21 21 21 21 21 21 21 21 21 38.9313794973 38.9313794973 21 21 21 21 21 21 21 21 42.8847537176 36.3491014238 21 41.7230633248 21 47.045157659 40.1226438478 34.4662715091 40.8324810888 43.8118449485 37.4141349551 48.8378856931 40.7024671854 21 70.7174382315 21 21 21 21 21 21 21 21
0 0 0 0 0 0 0 0 0 0 0 0 0 0 0 0 0 0 0 0 0 0 0 0 0 0 0 0 0 21 21 21 21 21 21 21 21 21 21 21 21 21 21 21 21 21 21 21 38.9313794973 38.9313794973 38.9313794973 38.9313794973 21 21 21 21 21 45.5879452895 45.5879452895 42.8847537176 42.8847537176 48.8991159176 41.7230633248 53.1115641615 40.1226438478 40.1226438478 34.4662715091 34.4662715091 40.8324810888 48.8378856931 48.8378856931 61.4051668177 70.7174382315 70.7174382315 65.9024242045 21 21 21 21 21 21 21
0 0 0 0 0 0 0 0 0 0 0 0 0 0 0 0 0 0 0 0 0 0 0 0 0 0 0 0 0 0 21 21 21 21 21 21 21 21 21 21 21 21 21 21 21 21 21 21 42.5770543655 42.5770543655 42.5770543655 42.5770543655 21 21 21 21 21 45.5879452895 45.5879452895 42.8847537176 42.8847537176 48.8991159176 41.7230633248 44.8030711288 44.8030711288 40.1226438478 34.4662715091 34.4662715091 40.8324810888 48.8378856931 48.8378856931 61.4051668177 70.7174382315 70.7174382315 21 21 21 21 21 21 21 21
0 0 0 0 0 0 0 0 0 0 0 0 0 0 0 0 0 0 0 0 0 0 0 0 0 0 0 0 0 0 0 21 21 21 21 21 21 21 21 21 21 21 21 21 21 21 21 21 48.7285821773 42.5770543655 42.5770543655 21 21 21 21 21 21 21 21 42.8847537176 36.3491014238 48.8991159176 39.746319932 44.8030711288 44.8030711288 44.8030711288 21 21 21 21 21 21 21 21 21 21 21 21 21 21 21 21
0 0 0 0 0 0 0 0 0 0 0 0 0 0 0 0 0 0 0 0 0 0 0 0 0 0 0 0 0 0 0 21 21 21 21 21 21 21 21 21 21 21 21 21 21 21 21 21 21 21 21 21 21 21 21 21 21 21 21 21 21 21 43.4582686166 51.4018979089 51.4018979089 51.4018979089 21 21 21 21 21 21 21 21 21 21 21 21 21 21 21 21
0 0 0 0 0 0 0 0 0 0 0 0 0 0 0 0 0 0 0 0 0 0 0 0 0 0 0 0 0 0 0 0 21 21 21 21 21 21 21 21 21 21 21 21 21 21 21 21 21 21 21 21 21 21 21 21 21 21 21 21 21 21 57.2982040313 57.2982040313 57.2982040313 21 21 21 21 21 21 21 21 21 21 21 21 21 21 21 21 21
0 0 0 0 0 0 0 0 0 0 0 0 0 0 0 0 0 0 0 0 0 0 0 0 0 0 0 0 0 0 0 0 21 21 21 21 21 21 21 21 21 21 21 21 21 21 21 21 21 21 21 21 21 21 21 21 21 21 21 21 21 21 21 57.2982040313 57.2982040313 21 21 21 21 21 21 21 21 21 21 21 53.5901154337 53.5901154337 21 21 21 21
0 0 0 0 0 0 0 0 0 0 0 0 0 0 0 0 0 0 0 0 0 0 0 0 0 0 0 0 0 0 0 0 0 21 21 21 21 21 21 21 21 21 21 21 21 21 21 21 21 21 21 21 21 21 21 21 21 21 21 21 21 21 21 21 21 21 21 21 21 21 21 21 21 21 21 21 21 21 21 21 21 21
0 0 0 0 0 0 0 0 0 0 0 0 0 0 0 0 0 0 0 0 0 0 0 0 0 0 0 0 0 0 0 0 0 21 21 21 21 21 21 21 21 21 21 21 21 21 21 21 21 21 21 21 21 21 21 21 21 21 21 21 21 21 21 21 21 21 21 21 21 21 21 21 21 21 21 21 21 53.1687120257 82.8503129128 82.8503129128 21 21
0 0 0 0 0 0 0 0 0 0 0 0 0 0 0 0 0 0 0 0 0 0 0 0 0 0 0 0 0 0 0 0 0 0 21 21 21 21 21 21 21 21 21 21 21 21 21 21 21 21 21 21 21 21 21 21 21 21 21 21 21 21 21 21 21 21 21 21 21 21 21 21 21 21 21 21 21 82.8503129128 82.8503129128 82.8503129128 21 21
0 0 0 0 0 0 0 0 0 0 0 0 0 0 0 0 0 0 0 0 0 0 0 0 0 0 0 0 0 0 0 0 0 0 0 21 21 21 21 21 60.9419833076 21 21 60.9419833076 21 21 21 21 21 21 21 21 21 21 21 21 21 21 21 21 21 21 62.4781803728 62.4781803728 21 21 21 21 21 21 21 21 21 21 21 21 21 21 53.1687120257 52.5237675251 21 21
0 0 0 0 0 0 0 0 0 0 0 0 0 0 0 0 0 0 0 0 0 0 0 0 0 0 0 0 0 0 0 0 0 0 0 21 21 21 21 45.104328659 61.5536475742 61.5536475742 21 21 21 21 21 21 21 21 21 21 21 21 21 21 21 21 21 21 21 21 21 21 21 21 21 21 21 21 21 21 21 21 21 21 21 21 21 63.7973168011 63.7973168011 63.7973168011
0 0 0 0 0 0 0 0 0 0 0 0 0 0 0 0 0 0 0 0 0 0 0 0 0 0 0 0 0 0 0 0 0 38.7821816355 38.7821816355 38.7821816355 47.2766597796 39.8786470511 39.8786470511 21 61.5536475742 61.5536475742 21 60.9419833076 21 21 21 21 47.9278039185 21 21 21 21 21 21 21 21 21 21 21 21 21 21 21 21 21 21 21 21 21 21 21 21 21 21 21 21 21 21 63.7973168011 63.7973168011 21
0 0 0 0 0 0 0 0 0 0 0 0 0 0 0 0 0 0 0 0 0 0 0 0 0 0 0 0 0 0 57.1518353551 38.0838197666 31.0526970055 31.8514999445 31.3296209334 38.7821816355 21 21 21 21 21 21 21 21 21 21 21 21 21 21 21 21 21 21 21 21 21 21 21 21 21 21 21 21 21 21 21 21 21 21 21 21 21 21 21 21 21 21 21 21 42.7767030984 21
0 0 0 0 0 0 0 0 0 0 0 0 0 0 0 0 0 0 0 0 0 0 0 0 0 0 0 0 44.773499584 33.1961868657 57.1518353551 38.0838197666 44.2476272904 31.5261443967 44.0338512865 38.7821816355 47.2766597796 21 21 21 21 21 21 21 21 21 21 54.3927349783 21 21 21 21 21 21 21 21 21 21 21 21 21 21 21 21 21 21 21 21 21 21 21 21 21 21 21 21 21 21 21 21 21 48.6229363258
0 0 0 0 0 0 0 0 0 0 0 0 0 0 0 0 0 0 0 0 0 0 0 0 0 45.011939462 55.2219178769 68.4228946082 42.1463593421 42.1463593421 57.1518353551 38.0838197666 41.7315017292 35.90151544 38.6623733121 54.7063549248 0 0 21 21 21 21 21 21 21 21 43.0190042121 21 54.3927349783 21 21 21 21 21 21 21 21 21 21 21 21 21 21 21 21 21 21 21 21 21 21 21 21 21 21 21 21 21 21 21 21 37.8389519774
0 0 0 0 0 0 0 0 0 0 0 0 0 0 0 0 0 0 0 0 0 0 0 0 0 45.011939462 55.2219178769 55.2219178769 42.1463593421 42.1463593421 33.1961868657 51.8962545045 48.8378919018 55.145741716 0 0 0 0 21 21 21 21 21 21 21 53.7829993734 43.0190042121 43.0190042121 43.0190042121 21 21 21 21 21 21 21 21 21 21 21 21 21 21 21 21 21 21 21 21 21 21 21 21 21 21 21 21 21 21 21 21 37.8389519774
0 0 0 0 0 0 0 0 0 0 0 0 0 0 0 0 0 0 0 0 0 0 0 0 0 48.7952647989 55.2219178769 55.2219178769 68.4228946082 65.3654410333 0 0 0 0 0 0 0 0 0 21 21 21 21 21 21 53.7829993734 43.0190042121 53.7829993734 21 21 21 21 21 21 21 21 21 21 21 21 21 45.560144685 21 21 21 21 21 21 21 21 21 53.3291070819 21 21 21 21 21 21 21 21 36.0850497034 21
0 0 0 0 0 0 0 0 0 0 0 0 0 0 0 0 0 0 0 0 0 0 0 0 0 0 0 0 0 0 0 0 0 0 0 0 0 0 0 0 21 21 21 21 21 55.2165098134 53.7829993734 52.7064915291 47.6612749581 50.5157174067 21 21 45.5967920125 21 21 21 21 21 21 21 21 21 21 43.3036226678 42.4275030684 21 21 21 21 21 44.6057101406 44.6057101406 21 21 21 21 21 21 21 21 21 50.9888484206
0 0 0 0 0 0 0 0 0 0 0 0 0 0 0 0 0 0 0 0 0 0 0 0 0 0 0 0 0 0 0 0 0 0 0 0 0 0 0 0 0 21 21 21 55.2165098134 55.2165098134 55.2165098134 52.7064915291 52.7064915291 52.7064915291 21 44.3240362186 21 45.5967920125 21 21 21 21 21 21 21 21 21 21 42.4275030684 42.4275030684 21 21 21 21 44.6057101406 44.6057101406 53.3291070819 21 21 21 21 21 21 21 50.9888484206 50.9888484206
0 0 0 0 0 0 0 0 0 0 0 0 0 0 0 0 0 0 0 0 0 0 0 0 0 0 0 0 0 0 0 0 0 0 0 0 0 0 0 0 0 21 21 21 55.2165098134 55.2165098134 43.5092911805 43.4804662249 52.7064915291 47.6612749581 56.5961305018 21 21 21 21 21 21 21 21 21 21 21 21 21 42.4275030684 42.4275030684 21 21 21 21 44.6057101406 21 21 21 21 21 21 21 21 21 21 54.2443917553
0 0 0 0 0 0 0 0 0 0 0 0 0 0 0 0 0 0 0 0 0 0 0 0 0 0 0 0 0 0 0 0 0 0 0 0 0 0 0 0 0 0 21 21 21 21 43.5092911805 21 21 21 21 21 21 21 21 21 21 21 21 21 21 21 21 21 21 21 21 21 21 21 21 21 21 21 21 21 21 21 21 21 21 54.2443917553
0 0 0 0 0 0 0 0 0 0 0 0 0 0 0 0 0 0 0 0 0 0 0 0 0 0 0 0 0 0 0 0 0 0 0 0 0 0 0 0 0 0 0 21 21 21 21 21 21 21 21 21 21 21 21 21 21 21 21 21 21 21 59.5851203177 59.5851203177 59.5851203177 21 21 21 21 21 21 21 21 21 21 21 21 21 21 21 21 21
0 0 0 0 0 0 0 0 0 0 0 0 0 0 0 0 0 0 0 0 0 0 0 0 0 0 0 0 0 0 0 0 0 0 0 0 0 0 0 0 0 0 0 21 21 21 21 21 21 21 21 21 21 21 21 21 21 21 21 21 21 21 21 59.5851203177 21 21 21 21 21 21 21 21 21 21 21 21 21 21 21 21 21 21
0 0 0 0 0 0 0 0 0 0 0 0 0 0 0 0 0 0 0 0 0 0 0 0 0 0 0 0 0 0 0 0 0 0 0 0 0 0 0 0 0 0 0 0 21 21 66.945611097 66.945611097 21 21 21 21 21 21 21 21 21 21 21 21 21 21 21 49.6281961197 49.6281961197 49.6281961197 21 21 21 21 21 21 21 21 21 21 21 21 21 21 21 21
0 0 0 0 0 0 0 0 0 0 0 0 0 0 0 0 0 0 0 0 0 0 0 0 0 0 0 0 0 0 0 0 0 0 0 0 0 0 0 0 0 0 0 0 21 66.945611097 66.945611097 66.945611097 21 21 21 21 46.6564065964 21 21 21 21 21 21 21 21 21 21 21 49.6281961197 21 21 21 21 21 21 21 21 21 21 21 21 21 21 21 21 21
0 0 0 0 0 0 0 0 0 0 0 0 0 0 0 0 0 0 0 0 0 0 0 0 0 0 0 0 0 0 0 0 0 0 0 0 0 0 0 0 0 0 0 0 21 36.3329704655 66.945611097 36.3329704655 21 21 21 48.3152971766 46.6564065964 46.6564065964 21 21 21 21 21 21 21 21 21 21 21 21 21 21 21 21 21 21 21 21 21 21 21 21 21 21 21 21
0 0 0 0 0 0 0 0 0 0 0 0 0 0 0 0 0 0 0 0 0 0 0 0 0 0 0 0 0 0 0 0 0 0 0 0 0 0 0 0 0 0 0 0 0 21 48.9621903809 59.8681813819 48.9621903809 21 55.2003872992 48.3152971766 48.3152971766 21 21 21 21 21 21 21 21 21 21 21 21 21 21 21 21 21 21 21 21 21 21 21 21 21 21 21 21 21
0 0 0 0 0 0 0 0 0 0 0 0 0 0 0 0 0 0 0 0 0 0 0 0 0 0 0 0 0 0 0 0 0 0 0 0 0 0 0 0 0 0 0 0 0 21 21 59.8681813819 59.8681813819 21 55.2003872992 48.3152971766 48.3152971766 21 21 21 21 21 21 21 21 21 21 21 50.8332450896 50.8332450896 50.8332450896 21 21 21 21 21 21 21 21 21 21 21 21 21 21 21
0 0 0 0 0 0 0 0 0 0 0 0 0 0 0 0 0 0 0 0 0 0 0 0 0 0 0 0 0 0 0 0 0 0 0 0 0 0 0 0 0 0 0 0 0 21 58.5133533589 58.5133533589 53.1442065541 21 48.8805578632 55.2003872992 21 21 21 21 21 21 21 21 21 21 21 21 21 50.8332450896 21 21 21 21 21 21 21 21 21 21 21 21 21 21 21 21
0 0 0 0 0 0 0 0 0 0 0 0 0 0 0 0 0 0 0 0 0 0 0 0 0 0 0 0 0 0 0 0 0 0 0 0 0 0 0 0 0 0 0 51.7769958375 58.5133533589 36.6226853606 58.5133533589 58.5133533589 21 21 48.8805578632 21 21 21 21 21 21 21 21 21 21 21 21 21 21 21 48.9594336636 21 21 21 21 21 21 21 21 21 21 21 21 21 21 21
0 0 0 0 0 0 0 0 0 0 0 0 0 0 0 0 0 0 0 0 0 0 0 0 0 0 0 0 0 0 0 0 0 0 0 0 0 0 0 0 0 48.6314742538 41.150075614 53.3185212987 53.3185212987 51.7769958375 21 58.5133533589 61.8854865063 45.5463778977 21 21 21 21 21 21 21 21 21 21 21 21 21 21 21 48.9594336636 21 21 21 21 21 21 21 21 21 21 21 21 21 21 21 21
0 0 0 0 0 0 0 0 0 0 0 0 0 0 0 0 0 0 0 0 0 0 0 0 0 0 0 0 0 0 0 0 0 0 0 0 0 0 0 45.7569327377 53.2410168717 48.6314742538 41.150075614 53.3185212987 53.3185212987 58.5133533589 61.8854865063 61.8854865063 61.8854865063 21 21 21 21 21 21 21 21 21 21 21 21 21 21 21 21 21 48.0588474064 21 21 21 21 21 21 21 21 21 21 21 21 21 21 21
0 0 0 0 0 0 0 0 0 0 0 0 0 0 0 0 0 0 0 0 0 0 0 0 0 0 0 0 0 0 0 0 0 0 0 0 0 0 49.6573458316 49.6573458316 49.6573458316 53.2410168717 48.6314742538 41.150075614 58.5133533589 0 0 21 21 21 21 21 21 21 21 21 21 21 21 21 21 21 21 21 21 21 21 21 21 21 21 21 21 21 21 21 21 21 21 21 21 21
