Spatial_Output/BAU/BAU_0965.asc
NCOLS 155
NROWS 192
XLLCORNER 196307.867259
YLLCORNER 449144.565805
CELLSIZE 33.573938
NODATA_VALUE NaN
[rows 50 to 74 of 192, columns 0 to 55 of 155]
25.2026323178 24.404163038 24.6797271974 24.2900478246 24.5815894025 25.0431589215 24.7733740352 23.5079315691 25.6158670598 25.5618423263 24.4285187227 25.2652558414 25.370372505 23.9350630366 25.2930673313 25.1898167556 23.532233223 25.0012724632 24.4239750294 24.2839238176 24.6888635249 23.5356862975 24.0137746945 24.5712764325 24.2906537545 48.5106065847 38.2136284516 25.2030291324 24.6780694666 25.3864386984 24.1717858079 50.5952190646 24.5925251546 48.5955510169 24.7585525948 23.6934241919 25.3085841383 23.5157988826 25.0416410741 25.1525373161 25.5310488197 25.0791105065 25.5099459771 24.6767224608 25.5818449368 25.0599686575 23.9754686414 25.1377824731 24.9132065684 24.3691832665 23.5639965148 25.0250143467 24.5337475532 24.706502467 25.2068286587 25.2550073817
25.140450085 25.5229544073 25.1447269084 23.6509202727 24.9835517243 24.4114653634 25.5654370388 23.9359504676 24.7530893382 23.6686413387 24.6008832643 24.8715028248 23.9812099757 25.2527589537 24.6391829555 24.6874338182 24.3853561151 23.8135655805 23.5342809651 25.1754380887 24.7605596537 24.4457387929 23.7739542227 24.5414896522 48.5106065847 38.2136284516 38.2136284516 23.8688317749 71.4618851852 24.7573025079 50.0724235816 23.6200157303 24.822604712 25.0173612705 24.0573034285 24.0855175106 23.6521624298 23.663776286 25.2267878533 24.8449723706 24.6969809643 25.2394663583 24.7297104817 24.2034051937 24.9970119617 25.3786984482 24.7753715316 25.3132594052 50.3159100775 51.4679894938 23.63780725 23.5459154985 24.3140699615 25.2882126441 24.0392941698 51.2758466361
25.0811812282 24.7299697126 25.4831712203 25.2536497909 24.7808392744 24.4286858457 24.6438570199 23.8816973111 24.4800979546 25.1859617021 24.7965226748 24.6357171046 24.1035630214 23.9166279429 24.9000376211 23.5102949281 24.9391568512 24.3180803802 25.4368281487 24.9843296134 24.2060807274 24.7926798047 64.9165360286 64.9165360286 25.2489737254 38.2136284516 38.2136284516 38.2136284516 50.0724235816 50.0724235816 50.0724235816 23.7178295609 24.2970620373 24.9153642021 25.5680896289 23.5019755341 51.4763477036 24.3875467201 25.5348341966 25.5681507136 24.581497663 24.3661661712 23.9659275923 25.2872215944 24.5827300141 24.7656976566 23.9430650222 50.3159100775 50.3159100775 51.4679894938 51.1017953837 53.4671812802 49.5931747834 25.3513335269 24.26663545 51.287009416
23.6156054744 25.1447369915 24.5287598044 23.6216372637 24.4421663879 25.3704934972 24.3181872055 24.0275737281 23.7361961656 25.08219211 23.9177319608 24.140041952 24.1280416345 24.4916464953 24.6748527276 24.6878433335 25.2296203852 24.246658239 24.6114806224 23.9142569177 24.8469252391 24.2768914697 23.6437494717 65.5084021167 24.8693296843 25.0279762369 24.3928285166 25.4589080934 25.1648352139 50.0724235816 50.0724235816 25.4579752611 24.7465671357 64.6449487211 64.6449487211 51.4763477036 51.4763477036 25.0556728125 25.2987958848 24.4365763803 23.7553573148 49.6874657705 25.4982824628 23.8704995071 24.9435574511 24.7819936632 25.0314593295 50.3159100775 50.3159100775 51.4679894938 51.4679894938 51.1017953837 53.4671812802 51.3952680837 51.3952680837 51.3952680837
24.2173300492 23.798392502 23.8336857019 24.2262495175 24.0689529683 24.5476335453 23.6508229471 25.1081487667 24.3837175222 25.1958960842 25.5672678678 24.6143117155 25.0187872653 24.3364613775 24.5262787047 24.2604386491 24.4892724094 24.294505025 24.4089440126 25.1555240922 23.7375843508 23.7159155839 65.5084021167 65.5084021167 65.5084021167 24.7319029559 24.0316943873 23.7049036872 25.5696407333 24.0047391946 23.8902870728 24.1932546855 37.6258723899 24.1838641541 24.4732893253 25.3526141297 51.4763477036 25.4830115793 23.6849220288 24.0923308806 23.7971744291 25.2813149943 23.898676397 24.6889869033 24.9901804574 25.4256386237 25.5842912243 50.475535747 25.1428905348 23.7895792305 51.1017953837 50.5539288988 49.5931747834 50.9533106263 51.3952680837 46.9714812224
0 24.8543267093 25.3343902929 25.0639736381 23.6208561598 24.8575618238 25.6049161908 23.9919141466 24.9368255236 24.8417558648 25.2505987926 25.3980007623 25.3694650067 25.2511980422 23.7333957042 25.6064109338 25.5534460812 24.4780591961 24.825802093 25.4974073959 25.5843474586 23.5546219444 25.2207735658 65.5084021167 65.5084021167 24.3020561599 23.5908375905 24.6085418534 24.254663656 25.3664302418 37.6258723899 48.9870907961 48.9870907961 48.9870907961 24.041954525 24.5638081271 25.1098375894 24.6130192985 24.0388935417 25.2414329063 24.3567743145 24.6176185171 24.9627829351 24.7448283465 24.5077734389 23.6774577168 25.0097915357 25.110529385 24.6710400998 25.4604948248 24.5233256396 23.5900475851 23.908772322 23.6732180013 51.3952680837 24.1973898269
0 0 23.888101914 24.663338164 23.7407896197 24.877465847 23.8608101751 24.1165003678 23.9087137685 24.6157870857 24.0517674333 24.7330458794 24.6956957795 24.7181921165 25.4826512632 24.3999826008 24.6091932389 24.5545488322 24.8734095349 25.413053952 23.6974484882 24.5636684843 25.4642821625 25.0027401029 25.3380887702 23.5536451205 23.6502751689 25.3663294199 25.0004104605 24.699657572 25.1887495054 48.9870907961 48.9870907961 46.3672692783 25.4797604799 23.7818144954 25.3867133755 23.6127532881 23.7804103985 23.8666603988 24.034903475 24.3953322899 23.6714129248 25.3920750242 23.5983246128 23.9729207988 23.9917635801 24.7726808005 24.7337739139 24.199352179 25.1049567127 24.4860636475 23.5347428143 23.9206199182 25.3181440346 24.5125786029
0 0 0 25.1098606419 24.0142335209 24.5238501327 24.6108990425 23.8918840718 24.4382092131 25.5371983824 24.5633902539 24.0068703331 25.1930695607 25.0248845961 25.2411027518 24.3682639646 23.5858244469 24.029285312 23.9981179311 23.8871233088 24.0975153227 25.1851172785 23.9652191005 23.8462557884 24.6093005312 24.5364416685 24.2695728312 23.9557725266 25.2300861082 24.6740524615 25.548037045 47.4346286873 34.8228089903 47.4346286873 25.0164260172 24.4401768622 23.9733572626 24.4976235922 24.0150034023 25.2956935038 23.5307659583 24.6131540063 24.9920926841 24.1473235534 25.0597917923 24.6971139787 25.504083497 24.4252214436 25.5477842861 25.3983054603 25.3481824265 25.3811090839 24.0422620992 25.2969814667 25.1636817412 24.9035149395
0 0 0 0 24.832639261 24.4104530906 25.489328018 24.0065988279 23.6467512341 25.3813879628 23.9526703944 24.1269461649 24.5460657714 24.7096845363 24.5018878074 23.5904798407 25.162282511 24.8665581625 24.9754583284 23.7313352998 24.6533124175 24.6415868399 24.5392426193 24.9070259007 24.8330030455 24.5196873099 23.9977492692 25.4948919286 24.9280772665 25.1763805178 24.9562969576 24.8782046895 34.8228089903 34.8228089903 34.8228089903 23.714886692 67.4898947962 58.8781363248 25.3242933504 25.375554649 25.2673303528 25.4983620164 25.1040015152 24.1999172245 25.5957898139 24.2580809449 24.2829439958 25.5412397073 23.5704438464 23.8749413362 25.4205418924 24.5319549762 23.8951200785 24.4070514925 24.980533835 23.9277897475
0 0 0 0 24.136568799 25.3713933021 25.3981512223 24.2373603836 25.5755199995 25.4499538687 24.4074070466 25.430391689 23.6949666625 23.9378496643 24.62949916 23.7391599318 25.3710280855 24.2077285295 25.3580139463 24.4391176253 24.0037471965 24.1083240855 23.515851668 25.6127077785 24.4351985845 23.5725652328 25.2524308254 24.2071197937 24.3386023817 53.2166704188 25.5996433433 25.5296095309 46.4952620842 57.1224893981 77.1738765133 23.7849156385 60.4584506973 58.8781363248 58.8781363248 24.6413697208 24.1933852353 24.0057595004 24.6258748544 24.8410065748 24.3979787175 24.4527460966 24.1093237759 24.6334179179 24.0464867792 24.581155324 24.6268199756 25.2358293635 23.5104654363 24.9768497088 24.978699343 24.5737725801
0 0 0 0 0 24.1950133647 25.5347108959 24.7105553304 25.4313922079 24.4153468856 24.6906430159 25.3932006325 25.6020895816 24.3947040803 23.781797416 25.1106762747 25.1567655204 24.8328486422 25.0529052104 24.7821521603 24.2252973257 24.0581000303 23.6429612216 24.9262904449 25.005088262 23.6765494052 23.7180729847 59.9537687941 59.9537687941 53.1181363199 53.1181363199 40.1981622259 40.1981622259 40.1981622259 57.1224893981 60.4584506973 60.4584506973 58.8781363248 58.8781363248 52.2005326985 52.2005326985 52.2005326985 52.2005326985 23.5812672887 24.7415977243 24.8596900376 23.9058426788 24.0338856458 24.8144826773 24.3045760159 25.4271580964 23.6241509576 25.2132551902 24.8714572138 23.9187368771 24.4590677497
0 0 0 0 0 25.5264478476 24.3429431757 24.5029381961 24.0694716808 24.0161441849 24.1457345834 24.5344366672 25.6161893517 23.9840397414 23.5445655574 24.4634281726 25.6201956002 25.1321185036 25.2593568922 25.0515113962 24.5041589592 24.170894275 25.5468116465 24.8631940339 23.9823670577 24.223238896 24.5318433183 59.9537687941 59.9537687941 53.1181363199 53.1181363199 40.1981622259 40.1981622259 57.1224893981 37.409271982 24.3745549074 60.4584506973 60.4584506973 58.8781363248 66.4068360125 66.4068360125 66.4068360125 53.4287278427 23.7862259839 24.1484765536 24.2120231352 24.4417800282 25.396508861 24.6066998222 24.982466201 25.4890741649 25.2955550713 23.741081153 23.6147375713 25.2570242112 24.0178651048
0 0 0 0 0 23.6820126947 23.9359093974 25.1869061487 24.5659337932 24.9820149827 24.4548091762 23.8866695571 25.5768677324 25.0346664598 24.7722516541 24.0013753576 24.3694950486 24.5104081144 24.9137054337 24.4533499055 24.8805963653 25.4897606134 23.6387412283 25.3459913191 24.0716692478 25.14992332 24.5768539195 25.0162202224 23.9026194889 53.2166704188 41.7687295975 24.8955976541 37.409271982 53.4114566446 53.4114566446 24.7984164685 25.4119734557 23.7202873359 24.5936302546 52.3458094673 66.4068360125 66.4068360125 24.6058058192 25.0599707284 24.8197298723 24.7463808347 25.5139277322 25.1692521717 24.0726215901 24.9912622071 24.4826672369 25.5400430157 25.2859806876 23.5234782754 23.5254846449 25.0271643116
0 0 0 0 0 0 23.6583614885 24.140942823 24.3461930601 24.3065828685 24.8509005558 23.5086266415 25.4904314892 25.115775018 23.9084116175 25.320129752 23.7400455953 25.3308588524 24.3958707327 25.5614410264 24.7718935874 23.6084319778 23.8927944844 25.2813930825 23.9355020695 25.3773745803 44.4567435939 24.7812499878 44.4567435939 24.9125425099 24.2096507638 24.6271006905 24.2053936929 53.4114566446 53.4114566446 53.0963729789 25.2217592623 23.7115842078 24.2596866437 77.2309358736 60.0476194204 60.0476194204 25.236699858 23.9698810664 24.9130991738 24.7300272678 25.3299229697 23.9414116843 24.8230802232 24.7283842836 23.6405584027 25.34989942 25.2512389665 24.2394390633 24.0976371427 25.0519896671
0 50.6543402332 61.609138521 63.162841419 90.4520669693 90.1341036086 90.1341036086 25.5824164922 24.6620611443 24.3941388195 24.8995733757 23.86071446 24.4437794145 25.0486998725 24.6804133805 24.0218700834 24.0120220799 24.0337128613 24.3268126638 25.2841242784 25.3268466563 25.5385003083 23.5961786838 24.8456753792 25.2770492929 23.9750874397 47.7775842738 47.7775842738 47.7775842738 25.2219981189 23.5148594871 25.1977813123 25.6157250438 53.0963729789 53.0963729789 45.1841316458 24.7002008231 25.5316491325 25.229938901 60.0476194204 60.0476194204 60.0476194204 60.0476194204 23.5967048724 25.5491212405 24.9120522558 24.4276005383 24.7930633474 23.6878292758 24.4042201868 24.3851462215 24.6035987391 24.7118968703 25.1099207299 25.2120882461 24.4850616596
0 61.609138521 63.162841419 63.162841419 90.1341036086 39.6021893422 39.6021893422 39.6021893422 24.0519922995 23.8678099897 24.3751835707 24.5741975637 24.915507182 24.7506291991 24.5357266874 24.2856504014 24.9494867562 25.1821033567 24.4029074752 25.3071376802 24.8745111549 23.6517842339 25.1824203976 24.3331276436 24.2904716817 25.218302831 66.9799335781 47.7775842738 66.9799335781 24.3889043116 23.6199805034 24.9684664781 24.514261409 55.4457328414 40.1381163572 55.4457328414 24.912125428 24.1730602342 24.54514557 61.2298065403 23.9707171972 44.673220701 61.2298065403 24.5566551005 24.9196676576 23.5986503627 24.3264823835 24.2941070819 25.2351544636 24.0306964935 23.9313033469 25.4804856626 24.8393298751 25.01129817 24.0916559663 63.8430361583
0 60.2311324439 61.609138521 63.162841419 90.4520669693 90.1341036086 50.2145232492 39.196788677 40.0088299627 52.6939126553 24.2793823787 25.2391817403 23.6833897172 24.0787835651 25.112574887 25.4666138816 23.8884690062 56.8434566932 24.7736181275 45.4816975325 35.1405759377 49.7393165306 25.3316079324 25.3536160194 53.2669858462 46.7302877138 48.0692438232 48.0692438232 62.2688782034 45.6941873103 63.3142346551 49.7967033172 58.2751806926 55.4958692105 55.4958692105 62.5470339386 43.9721566757 56.7682289061 56.7682289061 25.3330150823 35.7187159034 44.673220701 24.8459460068 24.0175938616 25.5618675952 24.4350533278 24.2153876724 23.9392055348 24.7864841661 25.5750749935 23.5735544527 25.488281869 23.5457972352 23.5310787068 23.8758655357 24.1812741583
0 40.0088299627 53.183677155 52.6939126553 52.6939126553 53.183677155 52.6939126553 52.6939126553 52.6939126553 40.0088299627 52.6939126553 23.7403953001 24.103030824 23.9678321922 24.5039722596 25.524540751 56.8434566932 56.8434566932 43.6066044585 35.1405759377 35.1405759377 49.7393165306 24.2322946002 53.2669858462 53.2669858462 48.0692438232 48.0692438232 48.0692438232 62.2688782034 63.3142346551 63.3142346551 63.3142346551 58.2751806926 58.2751806926 62.5470339386 62.5470339386 56.7682289061 56.7682289061 56.7682289061 35.7187159034 35.7187159034 35.7187159034 59.2210208688 25.1989685339 23.5899236037 25.5949825366 24.3061705824 24.4208433261 25.0189309187 24.8517288233 25.0250685769 23.8040477008 24.7193385455 25.2716596918 23.7494132838 24.7329712932
40.0088299627 53.183677155 52.6939126553 52.6939126553 52.6939126553 52.6939126553 52.6939126553 52.6939126553 52.6939126553 25.5229865101 24.8276407082 23.710209977 24.3623968977 24.1152215981 25.4351529065 24.8354971592 56.8434566932 56.8434566932 24.326464908 35.1405759377 35.1405759377 49.7393165306 25.0744708261 53.2669858462 53.2669858462 24.5022645629 48.0692438232 48.0692438232 79.4460960855 74.4456657461 63.3142346551 54.3309028021 58.2751806926 58.2751806926 58.1702638313 62.5470339386 64.3030119596 56.7682289061 56.7682289061 24.6575370776 35.7187159034 60.0081576042 60.0081576042 25.499951715 24.8125129141 23.7046253438 24.911284877 25.1235501563 24.8689903648 24.0588861168 25.3250029662 23.7744629287 24.932786207 25.4477738429 24.8068936077 25.5743344807
0 40.0088299627 53.183677155 52.6939126553 52.6939126553 53.183677155 52.6939126553 52.6939126553 53.183677155 25.1207797662 23.741925084 23.8145742905 25.3419216886 24.3176027562 23.5140951436 57.0353880106 24.0924593372 56.8434566932 24.8375549428 25.1519689068 24.8414048614 49.7393165306 25.1526039429 24.9797586808 24.7597298686 25.3571814351 79.4460960855 79.4460960855 53.7238893227 53.7238893227 24.2473690748 23.821582636 24.9147196544 48.9230701674 58.1702638313 58.1702638313 58.1702638313 23.899858573 24.5707234093 25.0933715577 55.1708452987 60.0081576042 55.9556147451 24.5014000929 25.4802764914 24.4110426933 25.5236015343 23.5929797311 24.3169233059 23.5505189881 25.4498998323 24.4973169906 24.4861710507 24.6010259814 23.55044718 62.2006517351
0 0 0 0 0 0 0 0 0 25.0166295926 24.6627443022 23.8840979842 25.1495931747 24.6389571351 25.2584294365 25.1996290668 24.0520162671 24.1130068862 24.4214281269 23.6028119322 24.9749189266 23.7849837615 24.4622014356 24.8316218481 24.0030803757 23.5683834275 25.3997555281 53.7238893227 42.5712304294 42.5712304294 42.5712304294 24.8350411929 25.2848833291 23.7057967381 42.4318771923 42.4318771923 42.4318771923 24.8418259394 24.1773031888 70.1627994344 25.3564603717 63.909488272 25.3453264793 25.5829473696 23.6517836295 23.8626141616 24.9925468101 24.3403359032 24.0172916728 25.5672873584 25.047073285 24.9634446757 24.3423080323 24.6601609447 24.0275351941 24.0281194362
0 0 0 0 0 0 0 0 0 23.8504694338 23.5159148864 24.62597783 23.9338477872 23.5548051562 24.1116123738 25.2298705908 25.3957609116 23.8467254953 24.9052113753 23.5303166137 25.0159091548 23.5599710687 24.6319239593 24.7373744725 25.0333069726 24.2403057997 24.0481943706 23.9687887378 46.3102896737 42.5712304294 46.3102896737 45.4414904992 24.4872671068 24.3402810088 25.101458002 42.4318771923 39.7113719005 38.5688131819 24.1074687517 23.9635651576 70.1627994344 52.9127854049 25.5410235072 25.4112854879 23.8201536288 23.977391649 23.9017468969 25.1999283713 23.8860741474 24.1972387126 24.6331047211 24.7816690062 23.6565791147 24.8785707265 24.4312653332 23.6157143848
0 0 0 0 0 0 0 0 0 24.8664756258 23.802437034 24.6207184277 24.3639440153 24.0219464968 24.457641003 24.0442155183 23.7683311768 24.0325809127 25.1181220275 24.8524214218 23.863634335 23.7656486145 24.1789137743 23.9212497512 24.5262801177 23.5215528898 24.511853919 25.1278552872 59.6097660176 54.9684792213 54.9684792213 54.9684792213 24.4836163719 24.6541895604 39.7113719005 39.7113719005 39.7113719005 24.6953263452 25.5018585454 23.929058092 55.7328024183 52.9127854049 52.9127854049 57.7977481846 24.3211894332 25.4946072763 23.6689211758 23.9255996178 25.1244977605 24.1890515569 24.1825534487 25.3519956435 24.94038613 24.8162052352 25.2849132759 46.2373420142
0 0 0 0 0 0 0 0 0 25.4989937491 25.5111101896 24.349538419 25.1010293115 25.5449825194 24.3948185457 24.9607845439 23.8428261847 25.2493064206 23.6469164623 24.7270257363 25.4827164685 23.896184736 25.3964328849 25.4049957008 24.6780685248 24.5905810728 25.2922502615 24.9501937827 51.3710099833 51.3710099833 54.9684792213 23.7117494366 24.4530754258 24.8544343568 24.2843638006 23.500032856 38.5688131819 25.0540205005 24.811206185 23.6172178489 52.9127854049 52.9127854049 52.9127854049 23.9847432089 25.5669185802 25.0191487317 23.9949135615 23.9480069082 24.1640221599 25.6069535102 25.0208141754 25.5212865508 24.5592398562 24.2708158452 24.7472127217 24.5788685506
0 69.2314019752 80.1236992038 0 58.3068292644 72.2944043687 68.3628347603 0 0 0 24.9739071158 24.6126113483 24.5228051821 25.3264184657 23.5174867306 24.3599199371 24.4184473307 24.0460654967 24.7355373844 24.2690608934 24.2755136133 24.8762238232 24.2720140692 24.0578785138 25.6011674929 25.0047092928 24.0961109579 23.9991785563 51.3710099833 51.3710099833 51.3710099833 25.4830371613 24.0269235507 24.3801965102 25.1423497399 23.5511990282 59.8953618697 24.0822028884 24.7487089523 23.8799826056 57.4323136174 57.4323136174 57.4323136174 57.4323136174 24.819364031 23.7842457479 25.4087074485 24.6950470355 25.2301473466 23.850379051 24.1862529621 24.330553391 24.493644835 24.8991946778 24.9030721901 78.7394639775
