Spatial_Output/BAU/BAU_1369.asc
NCOLS 155
NROWS 192
XLLCORNER 196769.923733
YLLCORNER 449719.875193
CELLSIZE 27.603701
NODATA_VALUE NaN
[rows 115 to 137 of 192, columns 53 to 105 of 155]
69.8788301124 57.6426088576 57.6426088576 64.305749706 64.305749706 64.305749706 58.8691339834 48.0273061663 48.0273061663 34.0572211399 56.9394327043 72.079465248 72.079465248 49.562675614 49.562675614 34.2326160587 86.1033355483 33.8368108452 52.3798546929 52.3798546929 54.7597577436 54.7597577436 33.9656364061 65.1259411301 33.1485740461 70.4339306249 70.4339306249 34.1531524666 54.5263788222 33.6655493 33.8179519901 55.0309919581 54.2295064871 34.2871454705 78.8480027305 33.7644223865 33.5437593506 33.473214264 64.0541867036 56.057245619 56.057245619 56.057245619 34.1824826994 69.0430840567 33.8179100974 34.0754578592 33.0841931407 33.2110122766 33.8453805648 33.3419409839 33.0465962509 34.3243045624 34.2770840838
69.8788301124 57.6542940141 57.6426088576 64.305749706 64.305749706 58.8691339834 58.8691339834 48.0273061663 33.3337597389 56.9394327043 33.6855576299 34.2326694996 72.079465248 33.3856369954 49.562675614 33.3328929318 33.5462099977 33.5153845378 52.3798546929 34.2243773605 33.7688098 33.6552880034 34.0768510791 33.2498103126 77.1842781732 33.4216520103 34.0135535546 34.0026614666 33.606926078 33.4818225294 33.6814294666 61.2949340702 33.9380685711 33.6006809709 34.379104707 34.3390907216 33.5800677175 33.5283473871 33.6324618943 33.5158399484 65.0895799875 65.0895799875 33.133096958 33.224813245 33.3213377904 34.1791644801 33.0536359364 33.1856567803 33.8356035726 34.2921127328 33.2210844728 34.2502059724 33.6321517453
33.6723460925 34.0401201379 34.2045171655 33.3653856862 33.1252890402 33.6845078118 33.8271054515 34.2269064097 33.2427371692 33.7131415084 34.1471479189 33.7886882366 33.0420966506 33.6167254561 33.1571884811 33.6161918016 34.0255683294 34.0355800529 33.6144694656 33.1261596611 33.0046915831 34.2283880017 33.9318683076 77.1842781732 77.1842781732 77.1842781732 33.9308514599 33.4427890008 34.3690782986 34.2745039251 61.2949340702 61.2949340702 61.2949340702 34.2905526834 34.0809520832 33.7609363178 33.0343140287 34.2608041257 34.2270835896 34.1113281427 65.0895799875 65.0895799875 67.3924750393 33.1510747315 33.7590187106 33.8345202027 34.1804186729 33.440432085 33.8386654198 34.1050739461 34.4114947193 33.1556368565 33.2818761725
33.9012441536 33.2023355298 33.0279761613 33.987109432 34.3687348609 33.7344028929 33.6594426972 34.2018175213 55.3866888457 34.1069758295 34.3118078312 34.3378264578 33.8512796227 33.6330116455 33.0998534143 34.369905769 33.770723514 33.1581474412 33.5717955363 34.0044753374 33.5027605841 33.5806589941 33.2762167588 77.297180376 77.1842781732 33.0852336232 33.6550852964 34.3478512009 34.0228621607 33.2965057821 34.2437002597 33.6566000666 78.1847902023 34.0356369845 33.751122717 33.0860301458 33.2546538689 33.3612338415 33.8367235451 33.6052248223 60.3642263487 60.3642263487 60.432083679 34.2055955938 33.5742273226 33.0353492357 33.4660856007 33.5189279216 33.9717884035 34.0223978492 33.9349504303 33.2139464168 33.5407393637
34.0553421009 33.4640495102 33.6401444892 34.1298288694 33.665940831 33.3557360596 34.1738176038 33.2596363917 34.0622359665 33.6379217873 33.505933279 33.5112980088 33.0404336354 33.4339210399 33.4686359301 33.8818530793 33.7253748063 33.76436584 33.5986295193 33.8702072123 33.4390448101 34.1813952391 33.1460405948 33.9268974859 33.6994356717 33.7723796823 33.7895675689 34.0960254687 33.8069712121 33.8354655735 59.7419754859 59.7419754859 57.9387826689 33.8715311011 52.7639240427 33.5352605476 33.9604750218 34.0814936946 33.8648524456 60.3642263487 63.4540247633 63.4540247633 83.0942448086 33.1794212972 34.2023376973 34.1269092513 33.068497383 33.3079177857 33.1578143311 34.17283688 33.3540151492 33.3179700834 33.0275412729
33.4295421554 33.3686386637 33.5325800129 33.7773274369 33.8648337373 33.8856515577 33.8244677013 33.8463603876 34.3819072188 33.8073215422 33.3152982627 33.0834429272 33.0076353818 33.4255725416 33.5110761065 34.049608818 34.3408688428 34.3203621724 34.0120413823 33.9348185264 33.2225230639 33.6792895764 33.7802111914 34.1232236124 74.1723179154 33.0293565589 33.9143644034 58.0525922158 58.0525922158 56.9236677726 59.7419754859 59.7419754859 57.9387826689 63.976882085 62.4833312949 62.4833312949 50.2632272918 34.0821552676 33.1477196652 33.7814467594 63.4540247633 63.4540247633 65.8655850464 33.3247115776 33.7130143486 67.9577280315 33.4761284807 33.3868260156 33.8056345987 33.4249721455 33.5729437345 33.1668328934 33.1329522318
33.1557091391 34.3929106403 33.0535672527 33.555380308 33.1737146559 33.7780395734 33.9621046106 33.8427886543 33.4068249709 34.1278188473 34.2226175725 33.6001392172 33.8956043808 33.3785871694 34.2938944666 34.1163061637 34.1030446989 33.0849199304 33.4938134779 33.6084103385 33.4266744755 33.9274510232 34.0606438013 33.2974810806 34.3274448629 33.4766844206 61.9820201772 58.0525922158 58.0525922158 34.0128999544 59.1273999031 59.7419754859 59.1273999031 52.7639240427 62.4833312949 62.4833312949 33.4220696476 33.5032352585 33.829140501 45.9314602737 43.3513155459 47.2094465795 47.2094465795 66.3268083147 67.9577280315 64.9699802194 33.7665325566 65.7128241527 49.4635797348 56.2849042502 33.0957881388 54.0441682587 33.3259051544
33.2620195208 56.5553748331 50.3407134316 34.3804117057 33.6869103172 33.0194416502 33.558573306 34.0790946008 34.205990444 33.6969226258 33.4360223193 33.5980672766 33.63067727 34.2358247592 33.0866617047 33.0080247773 33.8975704313 34.1399053104 33.4139581209 33.4057121329 34.0979525626 33.3751291704 33.6200125162 33.4742857457 33.6258391673 33.7257252707 34.0809365041 34.0150313106 34.1403722542 33.8868743728 33.9481619299 34.0480730055 33.0226757996 33.6594931579 45.9381645565 33.7026713859 50.2632272918 33.4452541305 33.2084325958 45.9314602737 43.3513155459 47.2094465795 47.2094465795 66.3268083147 46.0793772063 64.9699802194 65.7128241527 65.7128241527 49.4635797348 33.613540722 54.0441682587 54.0441682587 54.0441682587
56.5553748331 56.5553748331 56.5553748331 78.4818790469 57.8992309368 57.8992309368 75.2948653709 33.056277362 34.2244390809 33.7833647862 34.3133385173 33.0262429495 34.1520476509 33.5400477657 33.719414174 34.3958717624 33.0511809976 33.8110474397 33.4478438087 33.0237096656 34.0440621489 33.0656211959 34.0340040949 33.9107065114 33.6482210096 33.1620830293 33.7081618191 34.135853805 33.443541572 34.2259297996 33.7738755998 33.7414842548 34.0941013073 34.0841058758 33.9992077839 34.1889541658 34.1508219745 33.4931764607 33.5535503166 34.0302582297 43.3513155459 48.8126973375 33.633126409 34.1832182062 33.8132816489 64.9699802194 33.1298497701 65.7128241527 49.4635797348 56.2849042502 33.0837849746 54.0441682587 34.2050152009
33.041347437 33.8929819339 33.5745273228 78.4818790469 57.8992309368 57.8992309368 62.5803459273 62.8807973817 75.2948653709 33.8489345927 33.3179205513 34.2941307048 34.3704830245 33.0206751325 33.3669351919 33.5848292699 34.2250280271 33.3852660815 33.2238696412 34.3683639621 33.3317758492 33.9958485177 33.7173880157 33.6173505656 34.197616205 33.4552566916 78.2183044761 78.2183044761 34.0515200049 34.1895603044 33.2348883874 33.434286136 34.1433797268 33.8910455733 33.350976791 33.0751446605 34.2347252174 33.7530507345 33.5054492638 34.3566272785 66.1554835514 66.1554835514 66.1554835514 33.6572471844 33.7052677125 34.0388064686 33.0816789151 33.7565410833 34.1453070468 33.2554955079 33.4798864225 34.2552925117 33.4341852102
33.7372150385 33.161228167 34.3069685213 33.3457109166 57.8992309368 62.5803459273 62.5803459273 62.5803459273 34.3077067746 33.8285726556 33.8124840966 33.5868285276 33.1306005873 33.714475886 34.282569941 34.1406064155 33.7567803952 33.2848934984 33.2090879983 33.2210309609 34.0774751378 33.6208930955 33.7197498788 34.0113200941 34.0331777842 78.2183044761 78.2183044761 78.2183044761 33.345597776 33.4439284057 33.942652983 33.7903322074 33.9174727649 33.6758297773 34.1885556865 33.0331694352 34.113294199 33.5896051071 33.9047869843 33.6594696916 66.1554835514 66.1554835514 66.1554835514 33.366042938 33.8405597897 33.6770929063 33.6823524966 33.2381068241 33.6586306633 33.9851845245 33.1500605016 33.214259946 33.5704318449
34.3240087456 33.4115282608 33.0703938831 33.2373961018 33.7332473058 61.4127723091 62.5803459273 34.1631733204 33.4678602663 33.2051836058 33.811355634 34.2541788425 33.3759468647 33.3919653527 33.2585053232 34.0147640502 33.6317902455 33.1531139448 33.0866278709 33.1418144592 33.6004432464 33.9800510384 34.1399226194 33.4967711888 34.0720820031 33.5353277453 34.0503103883 34.2696653596 33.9245976249 33.6884454626 33.8123816477 33.2188512204 33.8335892323 33.2078037942 33.4463440096 33.1918995135 33.1231361101 33.978317821 33.7305211391 33.1994156452 74.6174165075 33.0177691339 60.563856269 33.2452046372 33.1646414879 33.7329458493 33.0909461252 33.8408804459 33.4741413259 33.8297830559 33.7164988653 33.427676808 33.1820434129
33.8683062994 89.9946321171 89.9946321171 33.7505020146 74.8470230413 61.4127723091 61.4127723091 61.4127723091 33.0155933704 33.4986270987 33.8177643864 33.4007930156 33.1730355437 33.1242600854 33.8797872683 33.7483534861 33.0639027969 33.1785063239 33.5714351953 33.4829343557 33.9122284277 33.0707476902 33.5821088771 33.627670895 33.8938286965 34.0692344032 34.1994220866 53.0195796928 53.0195796928 33.8111589738 33.7442280212 33.8829534574 33.0493579008 34.1040327969 33.8739891351 34.104800455 33.6620201389 33.1617038892 33.2830431955 33.2876771373 62.2065689049 66.4347016406 66.4347016406 34.0741642851 33.4774088969 33.0100499292 33.5163701422 34.0366148662 33.9460222994 33.8232473929 33.9078084866 33.6492335384 34.4068825463
89.9946321171 89.9946321171 85.86212249 33.2647739053 62.019199443 74.8470230413 74.8470230413 33.7939450321 33.7687783153 34.31517603 33.4242637237 33.9718340205 33.0443832204 33.1324508645 34.2611876242 33.2964909246 33.2584416949 34.2250336262 33.5718540462 33.9192448977 33.6852648473 34.0076467201 34.2432216594 34.14569656 33.0561419574 34.2488984359 33.2468352502 34.339252405 71.1094430066 34.185525704 33.3468256061 33.5802389714 34.1694162632 34.1075831658 33.5029782704 33.8071270397 34.1732235843 33.5501256029 33.7905554093 34.0202096193 66.4347016406 66.4347016406 66.4347016406 33.0108591293 33.4921494197 33.0541524671 33.2938415053 34.3540536232 33.1576833786 33.0286270296 33.1843607465 33.5202052808 33.0129707542
34.2787195583 85.86212249 85.86212249 33.7917926531 62.019199443 74.8470230413 33.1692337716 33.9483831431 34.2818252335 33.7245253768 33.2940043572 33.6744800926 34.3276092688 34.082230475 33.3905833294 33.0696355774 33.3786502412 33.0884796431 33.6768225376 33.2714602762 34.0816620441 33.2089977166 33.1937596055 33.3126614083 33.4452146773 33.9948886753 33.1167711596 71.1094430066 71.1094430066 33.0458314954 33.0746181807 33.5350376698 33.3511996371 33.1454615921 33.6745327315 33.4561900207 33.7292278589 33.4838891746 33.0661245157 33.386983336 69.5546401114 69.5546401114 69.5546401114 69.5546401114 34.0696228604 33.0087868298 34.2980760106 33.4742780329 33.4680275644 33.6576563575 33.925282822 34.3898034268 33.5895174226
34.1309326771 34.1275157536 34.1433630452 69.2593654196 44.1366047773 63.302076777 33.0178880426 33.3737004322 33.9447221293 34.0077365798 33.4277633692 34.1637203612 33.9635425876 34.4120702908 33.1127402456 33.6803252554 33.704990998 34.1696274873 33.2568876241 34.3727775489 33.2000164525 33.2924177595 33.0636914724 33.5136779827 33.9930573754 33.6576573746 34.0289966549 33.5542694766 61.6668596336 62.0954177167 34.1944289054 34.0563237489 33.2381529766 33.3332027464 33.4969985519 33.9530406974 33.6863411825 34.1901507996 33.55491349 33.4173813927 60.301007074 69.5546401114 69.5546401114 45.8816189036 33.0272237673 33.2178537711 33.3996540445 33.0883677176 33.3643926961 33.7023768495 33.6180164982 33.6604604764 34.2909745256
33.3004872698 33.7704891599 44.1366047773 69.2593654196 69.2593654196 63.302076777 33.7207492718 33.7758265989 33.9514829131 34.3285375165 34.1086324899 34.2008141638 34.3269257722 33.0636686326 33.9356205464 33.9230622787 33.8279428637 33.1483808855 33.3786711481 33.7021432192 33.1816100007 33.8864457457 33.1216825413 33.7298708391 33.9109341561 33.4391569933 33.0228180348 61.6668596336 61.6668596336 61.6668596336 34.4080016133 33.9139376219 33.7408551649 33.1765495035 34.0014778475 34.08341829 33.6622732254 33.2854990476 33.7562384333 33.7774409037 69.4684619015 69.4684619015 69.4684619015 33.557354304 33.0138220123 34.237462862 33.3898628962 34.0271569827 33.7559852735 33.9923197889 65.104185121 64.6501948676 60.6872183221
33.6482883447 57.7530797691 57.7530797691 69.2593654196 69.2593654196 55.3010487058 33.5835993186 33.1968012614 33.2812501354 33.3338060298 33.1810799647 33.7154278573 33.4958208182 34.3876902755 33.7491892867 34.1596206403 33.7086048948 33.7807731626 33.7794448479 34.2537827063 34.4108560059 33.7455920565 34.3181509077 33.8237876006 33.8632201328 34.0652275126 34.0156014275 54.6391316347 61.6668596336 33.4399506839 50.6163117831 33.7306051006 34.2245437937 33.7110129618 33.7429521796 33.8391421326 33.3469514718 33.771761913 33.4099189842 33.3729027648 33.7968701563 33.4528677278 69.4684619015 33.9772782995 34.0932949144 34.1775659967 34.2633459432 61.4499362201 43.5809098436 45.4965041357 65.104185121 65.104185121 65.104185121
33.8439470832 57.7530797691 57.7530797691 55.3010487058 55.3010487058 33.4136649311 34.1357569798 33.2108484155 33.1081822378 33.4942048075 33.7924536803 33.5310145076 33.4424408315 33.8629557925 34.2248934848 34.0207840004 33.6111504567 34.1587009987 34.1442897546 33.0777887642 33.8603634692 33.0007059555 33.5957872747 34.1360244416 33.3621314695 33.3944859081 55.9710720915 47.9717155033 47.9717155033 47.9717155033 50.6163117831 50.6163117831 53.7690987927 33.4069568373 34.1789828838 33.6858157825 33.5988265244 34.2093623926 33.1255460806 34.3917849084 33.2785360943 47.0831328269 33.3097804209 56.2976232808 33.859419498 65.4268001046 65.4268001046 61.4499362201 61.4499362201 61.4499362201 65.104185121 65.104185121 64.6501948676
33.0943605133 33.4498720682 57.7530797691 54.2913796764 54.2913796764 54.2913796764 34.3370202126 33.0689445697 33.1154311312 33.9291952606 33.4136552372 34.2514591534 33.505227967 34.4137386651 33.101155718 34.2967564428 33.3042879183 33.6104004592 68.983420423 34.195232745 62.3185137698 33.3371518567 61.3198078421 80.2242599189 51.769231167 55.9710720915 55.9710720915 65.6658121041 46.2508971371 46.2508971371 50.6163117831 50.6163117831 59.5928339729 59.5928339729 33.883583481 60.3402973248 33.8090158149 52.5294141622 34.0253863216 44.2442765503 58.3034432379 58.3034432379 46.4905822598 46.4905822598 56.2976232808 56.2976232808 65.4268001046 54.7123241062 61.4499362201 45.4965041357 45.4965041357 65.104185121 33.5762124004
33.3089395125 34.3679813883 33.5409309613 34.2439031398 33.7053531935 61.5610854113 34.1471423239 33.491050059 83.9771148328 33.226017288 57.1720781937 33.7340583135 56.0511195407 46.8224238448 33.7888552526 62.7098411759 62.7098411759 55.7392848319 68.983420423 68.983420423 62.3185137698 62.3185137698 80.2242599189 51.769231167 51.769231167 55.9710720915 55.9710720915 65.6658121041 46.2508971371 46.2508971371 63.4188308053 53.6466775008 59.5928339729 59.5928339729 69.4224307607 60.3402973248 60.3402973248 34.202350426 33.2638368888 58.3034432379 58.3034432379 46.4905822598 46.4905822598 46.4905822598 56.2976232808 63.306887516 65.4268001046 33.4608685293 33.628633018 33.9815181279 33.668782315 34.1712056705 33.9009441579
33.440462533 33.3311417326 33.1732837292 33.0077695882 33.2590454861 61.5610854113 61.5610854113 61.5610854113 52.6028548927 53.9870058788 57.1720781937 57.1720781937 56.0511195407 56.0511195407 56.0511195407 62.7098411759 62.7098411759 55.7392848319 68.983420423 68.983420423 62.3185137698 43.5632974037 50.8007218474 80.2242599189 33.9435891615 51.769231167 55.9710720915 72.8021374702 33.7740999476 49.7601199841 34.0647632814 34.1121546733 33.5125820653 59.5928339729 33.5780203147 60.3402973248 33.806405532 52.5294141622 33.4759162524 44.2442765503 58.3034432379 59.7580066216 59.7580066216 33.4237632287 56.2976232808 34.3380122819 34.0976158573 33.3577315148 33.0178459827 33.2497332419 34.3601680164 33.2733428643 33.7972438529
34.4001708841 34.2113472181 33.5680296415 33.3222269952 34.3698254564 61.5610854113 61.5610854113 52.6028548927 52.6028548927 52.6028548927 57.1720781937 57.1720781937 56.0511195407 56.0511195407 46.8224238448 34.2336485266 62.7098411759 55.7392848319 68.983420423 34.1823437633 33.4967777637 33.9678068331 34.2266111288 33.1443284321 33.5026199291 33.9622298485 33.7163037783 34.3986611032 33.834736639 33.2453723498 53.4699987002 58.9650764464 33.4387535662 33.6879553174 33.2964937555 33.882063811 33.2192327562 33.1129098933 33.2102719895 33.8773994246 33.0895804911 33.2463867399 33.4957743257 33.2491673143 34.4047974813 33.7528709165 34.0199161154 33.3647674388 33.6225614258 33.0752698926 34.3864570355 33.486195284 33.2719966954
