Spatial_Output/BAU/BAU_0481.asc
NCOLS 155
NROWS 192
XLLCORNER 196307.867259
YLLCORNER 449144.565805
CELLSIZE 33.573938
NODATA_VALUE NaN
[rows 75 to 99 of 192, columns 57 to 113 of 155]
60.9520633884 27.6406259536 27.8410517065 27.7487112807 27.4596992969 27.924423464 27.2708710683 27.6777179357 27.8078246289 28.1776165503 27.2824138803 28.1781080961 27.51783341 27.7499801536 28.1589876605 27.2810840187 43.3161439846 27.1681893926 27.1639667921 27.7773537339 28.2033230782 55.1860693196 27.4590221306 41.5405091015 41.5405091015 41.5405091015 41.5405091015 27.0757381197 27.2361367691 28.3819905227 28.3097571152 27.4055385964 27.144416495 28.1089585687 28.2750949089 28.384490257 27.2274740064 27.1657731397 27.9235040261 27.4714206784 28.008072649 27.4768855869 27.9167125037 27.2075893337 61.8144307049 55.1177548788 55.1177548788 28.2634917901 27.2366808848 27.2548656191 27.7553472925 27.1875776219 27.8514071176 27.6404921075 28.017399937 27.8637213788 27.0146483049
27.9432669764 27.66389064 27.5178605061 27.2357243038 28.3027316645 27.2416837701 44.7818063901 44.7818063901 27.2717302942 28.0638800698 28.2511714071 28.0301363534 27.1031315761 28.1893179654 27.26914041 28.1405477123 43.3161439846 27.0007860684 27.3823819047 27.8721859213 27.3716931837 28.3877275197 27.5049183766 28.1941127661 28.1609426577 27.9745229608 44.8529284281 27.091889314 27.4871189313 27.3643113122 28.3498418678 27.594500478 28.3794334731 27.5081085363 28.3019535483 28.2865141208 27.4762451231 27.0192618062 27.0399176879 28.1146984632 28.1385389884 27.6384608486 27.9164081588 28.2444500242 55.1177548788 55.1177548788 55.1177548788 28.133692449 27.0593379041 28.0172769204 27.45270274 27.1659081811 27.650852217 28.2493842193 27.575740821 28.0186423626 27.3031303088
27.6722936992 27.7831685482 27.4582875487 27.8357374993 28.2599898375 27.689382526 27.7707571272 53.4261473401 27.6575183369 28.3147196177 27.9162387351 40.4782842771 52.1709876442 46.5140476416 28.0018868712 28.0838837527 27.4009204413 47.1568956468 47.1568956468 28.2779210561 28.1268145636 27.0032490342 27.1122581905 28.1255477033 27.6844488778 28.2678959828 45.1533058482 27.7521870591 27.4431540903 27.820598124 27.7683112887 27.6539493956 27.8009895582 27.2945932916 27.092588073 27.3905889433 28.2747987699 27.4742176628 28.3197225232 27.7854272861 28.0007501896 27.448285109 27.2681216917 27.377670567 27.1962187243 55.1177548788 28.3823664216 28.3979754733 27.4623295098 27.7118066971 28.1567059816 27.7391965144 27.6557599509 27.6413929814 28.3059920981 27.7433997931 27.790394872
28.1752633796 28.1100932519 28.2868750809 27.3077970939 27.1039123262 28.0573469905 27.2827353732 53.4261473401 53.4261473401 27.436229505 27.190716774 41.7560833077 49.0648468899 54.7639319379 27.512816952 28.1445742583 27.6912498992 28.0270289654 27.2594237486 27.6926406376 28.2770098581 27.3637400515 27.6880251394 27.889852482 27.9066446079 27.2044187517 27.2766953937 51.006341409 51.006341409 51.006341409 27.1257604984 27.6114911405 28.0927063932 28.2331058951 27.2441233982 27.1054457501 27.8308446498 28.0616173739 27.1159139821 28.0296133384 27.3888032222 27.4105596044 27.7582729857 27.4620296424 27.9101022006 59.074654394 59.074654394 75.5330902137 27.8097651299 71.5118354361 71.5118354361 27.1121202754 66.7587822814 66.7587822814 65.8436057767 27.6434518962 27.2200256235
27.7011446983 27.3825451809 27.3644420608 28.3273102862 27.2027700671 27.3745433816 27.0850285372 28.2620253299 27.2010936357 27.2678877413 28.0376772362 50.2963552444 44.4477950297 45.0271668992 27.1795890386 27.0266909626 27.2814791741 70.1648797052 28.1325855339 27.8069945015 27.9561595024 27.2807862261 27.0537153851 28.1933396499 27.8115384932 27.4362134103 51.006341409 51.006341409 51.006341409 27.6716579806 27.8869033719 27.9622343532 27.9473161207 28.2126885793 27.6323572762 28.2831712195 27.3590609355 27.9556739546 27.4623945656 27.1270370819 27.1042563025 27.7106530979 27.0640911486 28.0142616862 59.074654394 50.3591195587 50.3591195587 75.5330902137 27.7547027735 71.5118354361 71.5118354361 78.9580848169 66.7587822814 66.7587822814 65.8436057767 27.1683851165 28.1241853739
27.1718684952 27.604651613 28.3457950637 27.4630060461 27.278611367 27.16414083 27.1728172053 27.1611278225 27.5251397028 27.6853108648 27.9382386682 27.866953231 27.6060771613 27.5695474415 28.1519214746 27.5877255661 27.927004926 70.1648797052 70.1648797052 70.1648797052 28.1166856438 27.5226430494 27.8280652746 27.059942054 28.1536957446 28.0969355338 28.2191868203 27.7938393398 51.006341409 27.8953095392 27.4587826995 27.5656559435 28.2029901134 27.1573253604 27.3533259798 27.631943125 27.6293522201 27.5068379067 27.2709415677 27.8728953669 27.221985815 28.3093021104 28.3286782138 27.0036630342 50.3591195587 50.3591195587 50.3591195587 75.5330902137 28.171029662 71.5118354361 71.5118354361 28.1028680759 27.3910999966 27.6200315056 27.9406014374 27.1208963214 27.3576118987
27.5127876041 28.1748473497 28.1913613664 27.1763341172 27.453417647 27.1966023357 27.0683015201 58.4144023385 28.0387715402 27.5320721108 28.0160103903 27.1246591812 28.2628982181 28.3776638033 27.3003185474 27.1964609684 27.1009723495 70.1648797052 27.5465848907 27.2870192785 28.4065384301 27.7654916325 27.6423853149 27.5667285076 28.1944479956 27.8145486068 27.7760844322 27.5111576474 59.0470487754 59.0470487754 27.833909375 27.542284875 28.3335739675 28.2882978432 27.8728542474 27.6404434963 28.2898851045 27.3981216271 27.2078293146 28.0787114957 28.3080534603 27.5682375619 28.046111076 27.2014094436 64.7125261484 64.7125261484 64.7125261484 64.7125261484 27.0532031299 28.2299558508 27.047480601 27.6630503584 28.4127714242 27.3512290081 27.2405946566 27.8227907697 27.3781718355
27.1895689752 27.5044278673 28.2476483972 28.1637020382 28.3559367331 28.3035438188 27.8020777058 28.2466514643 27.1615122911 27.9159940247 27.5172885977 28.2648781278 27.4361303089 27.5070128801 28.100767214 28.2021511537 27.4383673766 27.7827403886 77.852118085 43.0068449088 27.150365328 27.4838938524 27.045201714 28.330699073 28.1112222265 27.9261607272 27.6075663721 59.0470487754 59.0470487754 59.0470487754 28.3944654034 27.7124873903 27.7785392186 27.5309958656 27.6269938357 27.1048486572 28.1671636639 27.0527717745 27.5677046752 27.6968989038 27.9932915356 28.1675758045 27.8562592757 28.1744782878 27.2409692374 27.6814628168 27.6681433392 27.0325600246 28.257054725 27.0594054059 28.2761660326 27.7481879889 28.0164050902 28.2579588521 27.4043453566 27.8118290996 28.3217053569
27.2199523238 28.1691702269 27.0738043271 27.6498739002 27.4890204231 27.0958209189 28.0991816063 28.3342103252 28.2778852683 27.2720783597 28.2343975233 28.2675434836 28.255475961 27.7773380956 27.8397991988 27.3866959391 27.144099408 28.3614204934 27.5004868881 27.8774314108 27.9668344753 27.8044756554 27.6035005149 27.0093122733 27.9548014607 27.6405153914 27.4099014411 27.838198418 77.0625077772 77.0625077772 51.3220995329 27.8402399849 27.83319907 27.4247869693 27.6989127398 27.8020824324 28.0699029332 27.9941871518 27.061416342 27.3631276888 27.7881621699 27.61299654 27.0667685961 28.3816192792 27.7944000212 27.2557278022 27.3915996483 27.8151702364 27.6644583719 27.8088467267 27.0143733682 28.3082835223 27.4576333928 28.2197560532 28.0719340475 27.0445927017 28.1122275275
28.2441297457 28.239176482 27.2847799327 27.0760125027 27.9375977774 27.9933143735 27.8455546186 28.1732106351 27.9393125437 28.2207445371 27.58297825 27.7186288866 27.092015728 28.2703400507 28.2239641118 28.3405339204 27.6001861767 27.9860811812 45.7400914792 28.3038974931 45.7400914792 27.0208748314 27.1254723614 27.6455066281 27.0261684067 27.4779367424 27.7962003255 27.7251541871 51.3220995329 77.0625077772 66.9096999039 28.2743581737 28.331210062 27.366899296 27.4627039361 27.6393868152 27.57107135 28.2089499426 28.2746710685 27.1978116555 27.0765970743 28.0525850643 27.2771499356 27.6564392617 28.0945574955 28.1299869443 28.0664469262 27.1754998136 27.2308341788 27.3641142557 28.0958933993 27.7433483696 27.8946149253 27.0969410779 27.0080396552 27.2926014636 27.2459475123
28.1696011127 27.6904701163 27.0011979574 27.0966284998 27.2462936224 27.950572512 27.7213639128 27.9814946186 28.1616209505 27.0354729775 27.6194261134 27.4648670088 28.2258404362 27.3030109492 28.3136750422 27.5649120233 27.7655736796 27.0466350269 28.3738242688 45.7400914792 27.9753412103 27.7426406478 28.2245386722 27.5312158857 28.1930531722 27.4290612123 27.9811416011 27.9809333009 27.0541042868 51.3220995329 66.9096999039 28.1739365284 27.1533227914 27.1994679463 27.9353717676 27.6832217544 27.3182928378 27.90041352 28.3884547902 28.4017998639 27.0848164507 28.0459908501 27.5808563116 27.7659352045 27.2446066656 27.4078112349 27.0540756817 28.0548974235 27.0194909168 27.2742547948 28.0880536841 27.642916046 28.0533777379 28.2218107252 28.405910861 27.0843490659 27.1014235432
27.4944704919 28.3833155326 27.7387480375 27.6937552326 27.3022702162 28.0971413349 27.1200747073 27.3583486305 27.5422312519 27.0338177564 27.9538283076 28.1749466389 27.6367765859 27.8507204595 27.6636873036 28.4045559488 27.1742024267 27.217563844 42.3695967896 64.958771123 64.958771123 64.958771123 27.6501607811 27.8084465794 28.1887296025 28.0660203471 27.1265277849 27.1744038292 53.4152059636 27.8187182799 28.0591852917 28.0234356099 27.1661875769 27.9847832164 27.6459173412 27.3909155742 27.5153856291 27.3208182707 28.258341991 27.24977038 27.7782641343 28.1714802119 27.4819346829 28.2619854795 27.3076580696 27.0336563441 28.321522927 27.7401939892 28.2866420415 28.0444078101 28.3157229806 27.7870946226 27.7468164889 28.2964768633 27.3392226198 28.0891555183 56.8070278755
28.0891543501 27.086557266 28.0674171116 28.0322657196 27.5670288801 27.4210230188 27.044309608 55.5170449754 55.5170449754 27.8460748424 28.1785170015 27.7502158953 27.6681257126 27.627591571 27.9697741423 27.2099349327 27.5678890359 28.3695633691 27.1927378932 64.958771123 64.958771123 77.8964972271 28.1506656008 28.1608575332 27.784002376 27.6777999327 27.6415221909 27.9323709364 27.8656327763 54.9648013302 27.60452763 27.2685971102 28.2965024387 27.3124361885 27.0811415272 27.2824297105 28.4100687672 28.3899324411 28.0841237153 27.5924494333 28.3746019288 27.1112218018 27.2667197999 27.9160339146 28.0705867193 27.0143065065 28.0753879722 27.7105995602 55.9740046474 27.3453779227 27.3183161549 28.0673007213 27.0045925344 28.4013806389 28.1707681917 27.1234560095 56.8070278755
28.3341718745 28.0922835276 27.6062597832 27.9121682638 27.6202707162 27.7505718756 27.0170155511 28.3900383221 52.5715751826 27.8258110176 27.2149983698 27.2119635203 28.180320763 27.2276183843 28.1905295907 27.6746696812 27.0084362977 28.3822747888 28.3372931085 27.2138035285 75.9448518859 77.8964972271 27.2965852262 27.1230620096 28.0761064045 27.3716423695 28.2201640524 27.987280817 27.1487485873 54.9648013302 75.7296346133 75.7296346133 27.3738735987 27.9256443841 27.7674442955 28.1805376541 27.9784416839 27.7987245672 27.0599095056 27.7834850036 27.3495155997 28.2367315292 27.991613334 27.9770296323 27.8838404175 27.0847532697 27.9144420243 27.208260492 27.1429802369 27.1500378782 27.9626642739 27.7653185556 27.4720319435 27.7547829868 28.079281935 27.0642102337 56.8070278755
28.109261259 28.0472908927 27.3910972761 28.1519250291 28.1302386662 27.9671900248 27.2030461726 52.5715751826 52.5715751826 52.5715751826 27.3129001868 27.4400739917 28.0044069963 28.0352653218 28.2288738645 28.1040022929 27.4090531136 27.2701412801 27.2463806597 27.8550287842 75.9448518859 75.9448518859 75.9448518859 27.8619999065 67.4750518389 28.3728160039 27.6178351209 28.3782621106 28.076216833 40.4680423101 75.7296346133 55.1628012118 27.4503596546 27.1215905434 27.2474995082 27.438804128 27.9723882306 27.2188716077 27.018241919 27.1656050753 27.1178259555 28.3734313172 27.5793180852 27.652560254 27.1690115955 27.1081400862 28.3651536477 28.2889758852 27.6697280522 27.8462791256 28.0854790945 28.3918649067 27.1647403964 27.9141023935 27.1566646377 28.3993367151 27.5378396584
27.1675536813 27.477768665 27.3144630485 28.3228234951 27.1942329524 27.2287747751 28.1333733089 63.1291854485 63.1291854485 63.1291854485 28.3973113264 28.2268981839 27.5765972288 27.6865051724 27.4763297732 28.389959127 27.0989933277 27.7893394629 27.6947880546 27.6139220504 27.8309984535 27.9504083338 27.447939881 27.1064275814 67.4750518389 27.9140678386 27.1703501441 27.3005116629 27.5675503092 27.7437581939 54.8500077697 54.8500077697 55.1628012118 27.2181464582 27.899005989 27.2363197226 27.5595294469 28.0020570667 27.6134140967 27.7337661022 27.8000476914 27.6303724594 28.0596268943 27.636443375 27.6952177266 27.6137685218 28.4103246419 27.1886519937 27.8074704698 27.0425381237 27.5297034556 27.1932025372 27.673970697 28.0010090837 27.9468976394 27.5278542626 27.8680712144
28.1791355666 28.2135995251 27.8724544521 28.1800853208 27.9750743674 27.3109593556 27.7234386491 63.1291854485 63.1291854485 27.6234413669 27.7292575815 28.0368183345 27.0127169825 27.1373131081 27.8034391312 27.5840336942 27.1693499356 28.1986729699 27.7375326402 27.493629143 27.287253867 27.8632050673 28.2276856455 27.7352449172 67.4750518389 28.081555778 27.893442755 28.2775655956 40.4680423101 54.8500077697 54.8500077697 54.8500077697 27.645510454 28.2222584058 27.9242918986 28.3636603335 27.1851520429 27.2762403053 28.2245424643 27.3589394272 27.4440950104 27.106374223 28.0852257267 27.0453614072 27.2022170616 28.2474531856 28.2940704109 28.3710916336 27.3214239141 27.4352824613 27.5094281012 27.027612688 27.6518018519 27.2950533698 27.5039923404 28.0382424771 28.1454000429
27.5307092293 27.5270222358 27.5152729682 27.6605040089 27.8507610897 27.2236650432 27.6664804456 28.343390173 63.1291854485 27.8104371032 27.5688061223 27.0496395694 27.2779436268 27.4824475057 27.9732826558 28.3859306739 27.0232842073 27.1914413424 28.3171872606 28.1698564777 27.7870548 27.2856056488 27.6400622975 27.4669354806 28.284759953 27.8661194075 27.8372299105 27.3493614165 27.7899426004 28.2491356497 56.9459851989 56.9459851989 27.1729734589 27.4009707731 28.3589284408 27.395405546 27.6307747055 27.9623697819 28.2285890267 27.2386427892 27.5727473794 28.3037912318 27.034593311 28.0461709538 27.9373275518 27.5240001569 27.7198664812 27.3913462992 27.9792932904 27.1713726971 27.7796692929 27.9312436323 28.1928001279 28.3969791257 27.0654772302 27.8322284865 28.3135726129
27.129808911 27.9946588642 27.5160037412 28.1823437029 27.7565594084 27.3982853763 28.243212588 51.9577858874 51.9577858874 51.9577858874 27.0775412541 27.116955857 27.3388519312 27.05684726 27.0132217191 27.051151799 28.326135368 27.2076663698 27.9837599118 27.8079177253 27.2570695568 28.1811805436 27.4625104313 27.9342500519 28.3080472683 28.0099448154 27.2014667126 27.4288132965 28.2286371881 27.2434864545 28.1911043283 28.0888618901 27.6285400723 27.7298686755 27.1173045809 27.2231611945 27.2683076783 28.2360723907 27.8368043326 27.1883662681 27.2440353869 28.0802630885 27.8979793617 28.1599631565 27.9059559401 27.3639813991 56.2016464548 56.2016464548 27.3351752766 28.1499238035 27.1551043781 28.0814513991 28.2955883966 27.4491131525 28.0568843122 28.1266216213 27.5423616508
27.3046804051 28.0062925773 28.4060224282 27.032404205 27.4266469726 28.0978102957 27.078291642 51.9577858874 51.9577858874 27.1638706201 27.1936086584 27.997293245 27.5641140214 27.3745683451 27.2253618086 28.1148535517 27.9328206881 27.2541805573 28.1751238332 27.1530450541 27.4475728875 28.1026020619 28.3792787954 27.6624340626 27.8857880575 27.7978734356 27.299298039 27.4657523186 27.8060163446 27.3870106294 27.0845025696 46.7105727673 27.8389045733 27.5794638224 27.5658767455 27.2138985611 27.6459669614 27.707733433 28.1230011137 27.3669964221 27.9410048934 28.2573435638 27.7819049312 27.0927202995 27.9626466198 27.1827835239 56.2016464548 56.2016464548 27.780898751 27.2084718964 27.595704582 27.6324602624 28.188112267 27.3160204035 28.3228313595 27.2792604715 27.0001472499
27.8326700344 27.2946995095 28.0817410711 27.8449873228 27.7515886275 27.585419541 27.948050887 71.5275791073 71.5275791073 71.5275791073 27.3352601689 28.2905933559 27.0414919206 27.5380709429 27.3497272206 28.3228418982 27.746348884 28.1243999291 28.3629735009 62.4138513939 69.9112911952 27.0736615408 27.37078524 27.2413502731 27.847083841 27.1996968247 27.7391336199 27.0112607783 27.6113629855 27.15185628 27.9983787241 27.0367485478 27.1353162285 28.2095499102 27.171704505 51.86711964 28.4014110314 27.7073778525 48.8688074762 27.5111660503 27.7992910003 28.4031378548 28.3324032493 27.1498577434 27.1950717935 52.2327689999 28.1055601315 27.3476835929 28.2566527285 27.140204869 27.3619818784 27.8501331681 27.1477545208 27.4470761871 27.5765697804 27.5607838516 28.024864278
27.9847877556 27.7946965177 28.0188248548 28.0664916896 27.5782851091 27.0077679366 28.370715935 41.7292852797 71.1579019807 27.8315479264 27.1762008542 27.5785681984 28.2699837737 27.1444890264 28.3645364034 28.2996274911 28.3250855979 27.2297229948 60.9655363125 69.9112911952 69.9112911952 69.9112911952 27.7387064544 44.0626441021 27.5747838323 47.5230204867 74.1191468386 64.6309871 28.1893410965 28.1924841936 66.9656793856 28.1590823916 27.2269803535 27.9486187712 28.1943517714 52.0081617903 52.7885475723 48.8688074762 48.8688074762 28.1536613904 27.4220572567 27.0301637897 28.0724024624 28.1709393288 27.5880131448 52.2327689999 52.2327689999 27.7125627963 27.0541991277 27.9982395156 27.9195293825 28.2749650731 28.0731568008 27.3728316112 27.2621742875 28.0878909369 28.3606868259
27.6441791618 27.140665605 28.0647783929 56.1554269076 49.5086911403 68.6179485166 64.8545120524 41.7292852797 58.1372065336 58.1372065336 27.0418299478 28.2612181864 28.1154465725 27.8141673215 52.9181245088 52.9181245088 88.2375678853 88.2375678853 60.531492083 60.531492083 41.6700827074 41.6700827074 59.0555169258 52.3135346021 47.5230204867 47.5230204867 64.6309871 64.6309871 66.8339993515 27.8797238131 66.9656793856 28.1698144954 28.1117194366 72.3974677648 52.0081617903 27.9236098706 52.7885475723 27.1243146716 48.8688074762 27.3387683909 28.1209385296 28.0515471105 27.7697965485 27.4643343326 27.6200911485 52.2327689999 52.2327689999 27.0971129219 27.4093059747 28.3864432076 28.2533902509 27.7513426417 27.011870561 28.1582201911 27.3540657499 28.396441136 27.3462711425
27.6015647011 27.4005899182 27.8431515719 27.3891961334 49.5086911403 64.8545120524 64.8545120524 64.8545120524 58.1372065336 58.1372065336 59.2161635544 59.2161635544 27.1774793692 27.5374625029 52.9181245088 52.9181245088 88.2375678853 88.2375678853 60.531492083 60.531492083 41.6700827074 41.6700827074 59.0555169258 52.3135346021 64.2259529908 47.5230204867 64.6309871 64.6309871 27.1940939371 27.4159552039 27.9367160324 28.2387601292 53.1869635819 28.1180406157 28.3356042157 27.8918709315 52.7885475723 27.8610367506 27.4028376662 27.5222558178 27.5934581168 27.4873293027 27.2159305426 27.1404407517 27.3476682107 28.1014366229 27.1874967712 28.3691570623 28.0704205045 28.2437733359 27.9383193944 27.5932584926 27.1866166941 27.7148372476 27.5392786529 27.2624612148 28.3870235987
27.813855444 28.3028905261 27.1362415172 27.4358902962 49.5086911403 54.3567354537 64.8545120524 81.3485150483 58.1372065336 27.9738852088 27.7469936277 27.6984697554 27.6603689775 28.1635236099 27.1214392119 49.9141248642 88.2375678853 58.3966710237 60.9655363125 60.531492083 66.7938854882 66.7938854882 27.3501618981 27.3417840221 28.2264399139 64.2259529908 28.2612360262 27.9172465021 27.5254630611 28.0475022372 28.1576261257 27.190902289 27.0126548195 27.1541515402 27.2970136576 28.1699688934 27.4245526558 27.1105634267 27.5404332111 27.1824502248 27.9848834423 27.6330439151 27.3960073764 27.9617270452 27.9607580499 27.5217085169 28.1948018974 27.0483312967 27.8841277014 28.3976864224 28.0654602407 27.2615940114 27.3153247888 27.2760421106 27.2507754135 28.1831276146 27.0726588152
