Spatial_Output/BAU/BAU_1361.asc
NCOLS 155
NROWS 192
XLLCORNER 196769.923733
YLLCORNER 449719.875193
CELLSIZE 27.603701
NODATA_VALUE NaN
[rows 46 to 68 of 192, columns 53 to 105 of 155]
34.3892500575 33.4104142928 33.5057942778 33.1945966186 33.1667448379 63.3633054315 63.3633054315 33.1781887419 34.2149859085 33.2836026518 33.5244908826 33.5463482663 33.1991619917 34.2325089887 34.027887974 34.107300085 55.38098323 55.38098323 33.5379356628 33.9202759759 33.1724227993 33.1187862945 33.6922116748 33.1131275098 33.5718181041 34.2071652749 33.9629617677 33.4922638655 33.9288202007 33.7551000726 34.2122782437 33.0257848502 34.3348083903 33.0300301157 33.3619815726 34.2798772098 33.727972358 33.2886901624 33.2764650966 33.2325177907 33.0691745933 33.2238293685 34.0111964055 33.1099799259 33.6230809223 33.8623993796 34.0764692704 33.3460293058 34.3653738916 33.5344417807 33.1471822807 33.085100586 33.7779423773
33.7388067746 34.1318664242 34.1595729036 33.4425181553 63.3633054315 63.3633054315 63.3633054315 51.4623962389 33.6558263182 33.5618170731 33.5357233432 33.2231142414 34.408729115 34.1536185497 33.422983406 33.4953631779 33.9839113429 33.6064984917 34.230666355 34.0227894765 33.447731828 34.4046890847 33.8548529958 34.0890213646 33.1421756003 33.2788367239 33.8573850723 33.6485452709 34.243362871 33.7339728711 33.6361783545 34.1706098323 33.4055395456 33.9735285296 33.7060613132 34.3263644567 34.3091848072 34.398917653 33.9415764125 33.1058745583 34.2883394033 33.4968535774 33.3697187022 34.0473246632 34.2453782156 33.6117991811 33.7373035092 33.5862856803 33.9422377483 33.7785471371 33.5407266826 33.326652055 33.9907965828
62.7134950697 33.134225165 33.8852094964 34.1683832639 34.2155126245 71.1138348328 33.0471330676 34.0647109917 33.1186070987 33.6848993979 33.384552521 33.7537047178 34.0690936246 34.2252350715 33.6909843831 34.2299151397 53.5850038865 33.366403931 33.5202361356 33.9300915577 34.4023277551 34.0163313519 33.7111799123 33.7924891845 34.1423464429 33.2563234069 34.0691837453 33.1042697217 33.7579563068 34.1797045046 33.3987503227 33.479110532 33.9690989072 33.2394133797 33.1142109648 33.7032458263 33.9609598749 33.1543076375 34.2814426824 33.4584272003 33.9010346206 34.0058078239 33.9556602704 34.1755275419 33.1228638812 33.7535936668 33.9515532051 33.7762775773 33.4268574159 33.5771852781 33.2697854645 34.0612840711 33.5964443484
62.7134950697 34.1989237949 34.001424737 33.6892128736 33.3330741939 71.1138348328 33.3160792816 33.9658228721 33.8020591409 33.5475502649 33.9854650727 33.688561381 34.2349190357 33.1761126609 33.1129520687 53.5850038865 53.5850038865 53.5850038865 33.0471960815 34.109288133 33.3136860426 33.8150698463 33.5350178149 33.6730453922 33.5980806278 33.7876716315 33.408798942 34.0356114516 34.3184189452 34.1485017179 34.1164992211 33.6756246457 34.0989785115 33.8193723616 34.1771805925 33.240629046 34.0996109769 33.0935014926 33.3809413828 34.1996248317 33.5390301868 33.9920260111 34.3908744811 33.5406389931 33.3217868566 34.1852412237 33.458462834 34.2756692356 34.3458165151 34.3181235257 33.6048886261 33.3485305228 33.4004298908
34.342611348 34.2462153403 34.4119029264 76.9933701927 76.9933701927 76.9933701927 33.0089942733 33.2074862423 33.7239961669 33.4633921277 34.1285575942 33.6401720095 33.7799935087 34.1581338977 33.0959059185 34.1533874102 53.5850038865 33.2719337598 33.6133807488 34.0839786964 33.5491383595 33.1047820048 33.2955566696 33.2275179654 33.9293058967 34.2771532172 33.6709274249 33.3490633912 33.755091105 33.4220821466 33.409195402 34.3879040133 34.0398936042 33.8607259973 33.7127685204 33.7018813886 33.1402582307 33.3103637006 33.3646462097 33.0230735913 33.9542889561 33.7662867183 34.1326326678 33.372617946 33.6442150187 34.1774232749 34.0685199046 33.7916183812 33.7331627691 33.6614567135 33.5374796385 33.304309142 33.3024598071
64.5361109991 33.1017697325 33.7833608081 52.3637716817 52.3637716817 76.9933701927 34.1381124895 34.361845617 33.1143069933 33.5840819874 33.1901700867 34.1058698165 33.238621781 34.0976008603 33.6158799485 34.1034607239 68.9314904874 33.4942554886 33.7377641109 33.7531732036 33.1234591806 33.2582038862 34.1823721497 33.8505243771 33.2300067964 33.5498829365 33.530193995 33.1323416465 34.3248237599 34.0957435362 33.6077722489 33.8819292625 33.5039609981 33.1024805581 33.0624062814 33.4838002629 33.5705270037 33.9578485247 34.4127095114 33.5936254837 33.893320157 33.3564061535 33.7656432945 34.308599083 33.717451755 33.3251908086 33.949550798 34.0546622474 33.8866086532 34.0185724713 33.226142588 34.3886947782 33.105324001
64.5361109991 64.5361109991 52.3637716817 52.3637716817 52.3637716817 38.5181808125 33.9074231923 33.4424086832 34.2177138183 34.0456308193 33.9158641312 33.7355380107 33.1895979751 34.0294969871 33.5793249892 34.2712226888 33.7116896167 34.2559465635 33.6982810457 34.1544317902 33.7131839022 34.0741017462 33.770622802 34.2736858736 34.0575178551 33.2865483452 33.465099463 33.7310388745 33.0256337267 34.2196617071 34.0968728486 33.7950365411 33.74182357 33.0718661456 33.899564279 33.0134601238 33.4787253197 33.6681802597 34.1992623184 33.9455680647 33.7680022887 33.6365698179 33.4967925914 33.0086407933 33.9253855746 33.8739376894 33.866454371 33.7561810626 33.2653967989 33.0784067057 33.7166863817 34.2560247997 33.2556515427
64.5361109991 33.6119759154 52.3637716817 52.3637716817 52.3637716817 60.5234754606 60.5234754606 34.0049190262 33.340036359 34.249893283 33.579018181 33.730138224 33.1966418945 34.0526695384 33.0591969627 59.8376788461 59.8376788461 59.8376788461 33.5919409552 33.2830139273 33.3879534547 33.2228196725 34.1560309159 33.8855348384 33.2515745126 33.3271095154 34.3846765493 34.0300824381 33.270798912 33.0187713576 33.756634389 34.2793036435 33.2575268907 33.6083704004 33.1100381255 33.3919065011 34.2541711681 33.4035520172 34.1890553882 33.6372020476 34.2894376355 34.3901315778 34.1733032074 33.4324837667 34.0421878436 34.1729281163 33.7337536181 34.2990254758 33.169047017 33.5689506225 33.5731149009 34.0539771187 33.9582071051
53.5226837172 53.5226837172 59.4778157906 34.1961689029 60.5234754606 60.5234754606 33.8102009872 34.1084602856 33.6682803837 33.5558055179 33.7024304693 34.0204118634 34.2577589051 33.0016265 34.0485974992 59.8376788461 59.8376788461 33.1478372186 33.6043120311 34.3674340315 33.2167329037 33.2097075492 33.0861055217 33.9006229494 33.3084688195 33.5749334126 33.0821658603 33.6387245221 33.8179465544 33.0884899757 33.5388387162 33.4037980641 33.4431625789 33.6196420717 34.0577033235 33.6975537572 33.7002260245 34.1571357794 33.9960455788 33.0877116618 34.1809346016 34.2649066684 33.8117294155 34.3715826707 34.1202046063 33.5851201845 34.0651144265 33.4686658662 33.038987736 33.515599369 33.9495109142 34.0019173116 34.2018899649
44.7495627725 53.5226837172 33.8417473617 34.1749716193 60.5234754606 60.5234754606 33.1722815248 33.5304396763 33.5141222902 33.5109405163 33.6489999392 33.6447733299 33.3778981309 33.782645126 33.7586447625 43.2644153852 43.2644153852 33.0960944192 33.7965736058 34.2964538188 33.1168556047 33.8957821837 33.555350782 33.8874925603 33.9886100808 33.4171127583 33.8473479429 33.1368856945 33.2053873258 33.0807841361 33.2600734565 33.0090124301 33.9170631942 33.0289005877 34.1036039467 33.9942874986 33.6176577529 34.148934098 33.0504973389 34.0147985945 33.5823484462 33.991122424 33.8545824032 33.5546803176 33.035984544 33.8489209769 33.8297745814 33.7050862728 34.1084384333 34.0966562952 46.2769400388 33.1543072879 34.3771089308
44.7495627725 44.7495627725 33.0278060831 34.3719550075 71.1314502623 71.1314502623 71.1314502623 33.0013078695 34.2862700326 33.7346105831 33.595540005 33.5531400011 33.784138394 33.5990640903 34.0327137742 43.2644153852 43.2644153852 43.2644153852 33.2946786167 34.1287453318 33.9525041388 34.1651657208 33.3478999801 33.3883610712 33.101971974 34.292209471 33.3402973788 33.4992941619 33.5227671149 34.0659760095 33.4125965852 33.393632391 33.6263605531 33.5955554134 33.6103845837 34.0360944917 34.3388160599 33.5003663599 33.0482664803 33.293860058 33.4796071463 34.3485084254 33.8924022962 33.2434197166 33.5508380838 34.3576423758 34.1638108278 33.0237697212 33.6607664875 33.387299391 33.9248895852 33.9628618112 33.6006798157
44.7495627725 69.6275525883 34.2075141288 33.1100649625 34.3793060187 52.5052460627 52.5052460627 52.5052460627 34.0416281277 33.7377174954 33.9865148878 33.2190338756 33.3327007091 33.8086286456 34.316682898 72.2551958853 43.2644153852 72.2551958853 33.6274862709 33.2627820863 34.3857681867 34.1609949717 33.5077897043 33.8119382522 33.6834331809 34.2661316177 33.2225714808 34.3735643332 33.5080031046 33.9673198299 33.9624288409 33.2538887755 34.1187010738 33.8684765321 33.3304572267 33.5153657698 33.4704533075 34.3130496515 33.4942554558 33.9189551527 33.9297034964 33.7068133303 33.4334585929 33.2882020399 33.5988973458 33.1867966845 34.2836733219 33.5950461665 33.4160258983 33.5510357035 33.4075465852 83.1230834382 47.3291494841
57.9940011282 63.7238429015 62.5882639102 33.5568895115 51.5158181898 52.5052460627 56.411313041 56.411313041 56.411313041 33.6842039396 34.1618766771 33.2873619931 33.5785504193 33.6476702379 33.5614862949 61.9425430705 61.9425430705 33.9720594679 34.0062844367 33.2111247323 33.555483954 34.0979909686 33.9942074477 33.0764107541 34.4024079262 33.5094057912 33.3921651675 33.0634525608 34.1204261092 33.5141423467 34.2310295527 33.5854824982 33.4165683006 33.0366033822 34.2447689568 33.8532861558 33.6881527162 33.3645673746 33.0793964952 33.2343678216 33.9823428711 33.9527987286 33.3304080938 34.3977159137 34.1762991626 34.0716341299 34.3864721069 34.1032855101 33.0510680306 33.4351774998 33.3237616252 47.3291494841 47.3291494841
34.233185817 62.5882639102 51.5158181898 51.5158181898 51.5158181898 70.8641322501 62.6481686439 56.411313041 33.7206720057 34.3928429544 33.5421319905 33.1578458224 33.3272795316 34.3633883796 61.9425430705 61.9425430705 61.9425430705 61.9425430705 33.2571685726 33.3330430493 33.3534299052 33.9458116576 33.3795224065 33.4535314898 33.1283400054 33.1457565986 33.4474118956 33.4042120351 34.0694613829 33.4502584875 33.9953098018 33.8557524819 34.1570756929 33.543385425 34.2473319204 34.1385807855 33.7245756314 33.6197480615 33.4775410451 34.3490246511 33.5762364866 34.0994134338 33.663619204 33.874489977 33.4525469952 33.9349313255 33.9561774028 34.261629428 33.8417092153 33.0867743221 33.2220100594 59.4180941925 59.4180941925
34.3469567482 33.1539038442 34.4028872892 51.5158181898 51.5158181898 62.6481686439 62.6481686439 61.700616817 33.7836578565 33.1313828671 65.504790952 65.504790952 33.0211500395 33.2909883077 59.029991673 34.0368910006 33.5612321088 34.3395934262 33.4574454282 34.1494657896 51.562384897 33.4402014139 76.7906603764 67.6457334038 33.5263442999 66.8849158726 67.1416936379 33.9486710884 49.7656770928 49.7656770928 49.7656770928 33.4034778001 33.3680181089 33.0329822196 33.2647098825 33.6730024764 33.3175948017 33.7189043071 33.3781579031 33.0290781254 34.3837620774 33.5501806396 34.2901411801 33.8353677029 34.2258089079 33.8890233412 33.25967924 33.3024639993 33.4931285993 33.4009219618 34.3357691192 79.2034643962 79.2034643962
33.1102129914 34.110721258 34.3529375878 33.475302396 34.2958343444 61.700616817 61.700616817 61.700616817 33.7848572528 74.2826079371 65.504790952 65.504790952 65.504790952 63.7322730609 63.7322730609 33.5035811308 34.3970480585 75.4780577362 72.88293635 55.570360082 55.570360082 76.7507895521 76.7507895521 67.6457334038 67.6457334038 33.9319836823 34.2242436467 33.8846181458 33.1574434321 49.7656770928 33.4256729807 33.8368284691 33.5092727751 33.2921092502 33.5832805675 33.3903350236 33.8213583304 33.7954702017 33.0843281416 33.4720777147 34.3086925778 33.4583254973 33.9882549599 33.3576351045 34.101699783 33.9160030639 33.8519411226 33.5047034544 34.0899312294 33.4442120083 33.7026707034 33.8857410998 33.6264429565
33.2521182201 34.2364885758 34.4088085477 33.2253859645 33.5155872789 62.3385132275 61.700616817 61.700616817 33.996323831 74.2826079371 65.504790952 33.0902022567 52.0909412379 63.7322730609 63.7322730609 33.6398890652 34.1813268344 34.2463259754 75.4780577362 55.570360082 55.570360082 76.7507895521 76.7507895521 67.6457334038 67.6457334038 33.3226937514 33.6339795811 33.6767468372 33.0100704832 64.2921218779 33.8713427614 33.0791425876 33.406714765 33.9284579798 33.23593425 33.6970595652 34.1850431721 34.3545709066 33.0978278547 34.206772653 33.174124018 33.7153068317 34.1645478695 33.5652287563 34.337228671 33.5017966176 33.7353282977 33.3938394724 33.1345289848 33.1373086763 33.7631922491 33.0103092764 78.8275108975
33.2210084621 33.4185867736 33.4429189689 33.2139362324 34.0192817022 60.9553708449 60.9553708449 60.9553708449 34.1083635223 33.2921156877 33.0623591944 34.3629264407 33.3724974629 34.2764828571 33.7531836455 89.499073974 89.499073974 89.499073974 75.4780577362 33.0549459418 33.8084055696 33.6461023972 57.9301697728 33.2769270447 33.619031655 34.313055103 34.1491623514 34.193781334 62.5906144298 33.8789937717 62.5906144298 33.2766846085 33.0690270407 33.2670085897 33.8206028875 33.7257129905 33.1983730183 33.6645057941 34.1433470171 33.9194613241 33.6860331567 33.9429865893 33.8583742312 33.604543796 33.9181360862 34.2485527074 33.218845267 33.8021331851 34.2810235017 34.3948590161 33.6000846579 33.3039770458 33.3368804151
34.1547283309 33.7877501621 33.9134099331 33.4348015679 33.700691804 33.3548775626 60.9553708449 60.3467960087 33.9858098529 33.3662347405 33.0437137586 33.2269778075 33.1702694 33.2636457819 33.9602870927 34.2679567688 89.499073974 34.2423511896 33.7594950305 34.2646494232 33.618273792 34.1280605671 33.5286630524 34.3249997459 34.1956311789 33.562439775 33.2873324328 33.5050533988 54.9696530451 54.9696530451 54.9696530451 34.081438482 33.9697570656 33.2942836171 33.8602673605 34.2088887787 33.0355551085 34.3001302258 34.0320405369 34.0015908011 34.0308373775 33.2133060565 34.2157895241 34.326270506 33.9558916639 33.7590971047 33.6699682931 34.3995061644 33.8611144682 33.4924287058 34.3936913035 33.0305147384 50.1427525111
34.1589872556 34.1590940542 34.2265860576 34.1582857389 34.0086854322 33.5195408804 51.2085435943 51.2085435943 33.2998891837 33.445190007 33.2643506261 33.1410172068 33.3965410092 34.002442336 34.358780974 33.656147633 33.3405707797 47.3163918367 47.3163918367 33.1417388229 33.2387515252 33.4552838939 33.8397054613 33.797164703 33.1289541923 33.7524223729 34.0362777241 33.8096612784 54.9696530451 54.9696530451 54.9696530451 33.0987237699 34.0183536012 33.9538847327 34.3039901679 33.0913853826 33.644930462 34.2385758916 34.1593751599 33.7050193208 33.848936757 33.1928497116 34.1560754009 33.5937436238 33.8105600868 33.8194749034 33.3572297737 33.7087789909 33.8925316519 33.4897201974 34.2269335112 33.9404600167 47.9989691869
33.1381401098 33.1179345446 33.6736542687 34.0701442073 33.2138407206 34.2913568099 33.4445656126 51.2085435943 51.2085435943 33.7652734925 33.2330465216 33.8129031858 33.7168009902 33.2291608754 33.849563341 34.127570654 47.3163918367 47.3163918367 47.3163918367 33.9848073188 57.6630132446 57.6630132446 57.6630132446 34.3128456392 33.1679057407 34.3093242347 33.3884242329 34.2132234434 50.3439910744 54.9696530451 50.3439910744 33.0409062527 34.273887582 34.0712559572 33.5397132624 33.7974154377 33.4139472681 33.2889756828 34.3775473282 33.6894803544 34.2967364035 33.4481863475 34.1134078073 33.6885547315 34.2189517907 33.7120637413 34.0664513914 33.3501620956 34.1477629601 33.6938474144 33.9765995764 33.7411171052 61.7371401686
33.7619846833 33.1689343185 34.3436521799 33.2240918097 33.8653664782 34.2796781009 33.1529597961 83.6746631431 83.6746631431 33.2737394967 33.0829631025 33.5307818769 33.7968570358 33.4619163002 33.7617433546 33.1055531395 33.2637182843 34.1849255624 33.1619832628 33.9213732027 34.1182272603 33.0947938557 33.9951931156 33.4928353608 33.371776266 33.1136269274 33.0126368406 34.2094199979 33.8367167714 50.3439910744 67.2493939668 33.6087137508 33.0579109139 33.1942769758 33.5514710757 34.1570407497 79.9297314328 71.9487434986 33.5740357708 79.6658940121 33.5016486795 33.7767781865 33.8292958827 33.6581707736 34.2364030381 34.1277096428 33.6660923673 34.0205542644 33.0690669302 33.9666567099 34.2937716694 33.2594563964 33.2600471995
34.2685959774 33.6322797223 34.3169747633 33.2314718884 33.9635501695 33.0353865938 83.6746631431 61.2530893078 61.2530893078 33.1606574072 33.2742324245 33.2189947453 33.8744380248 33.8999043417 33.3945025982 33.1952441649 33.4183916604 60.0667897787 33.3488842928 33.9813978938 34.0527542369 55.169561834 34.3523544251 63.7609910239 46.4989983701 46.4390089099 33.4058688419 45.6409380964 48.2060705553 69.3217109447 34.2754051738 34.0036460343 54.1905534917 49.0670760762 43.9063160074 43.9063160074 79.9297314328 79.9297314328 33.5613556926 33.3365329415 34.0458638794 33.5378039567 66.0060370123 34.2769862144 33.1056176243 33.3882365015 34.269803465 33.023724007 33.9943047836 34.1145294557 34.1711892127 34.1699554064 33.4957845687
