Spatial_Output/BAU/BAU_0467.asc
NCOLS 155
NROWS 192
XLLCORNER 196307.867259
YLLCORNER 449144.565805
CELLSIZE 33.573938
NODATA_VALUE NaN
[rows 50 to 74 of 192, columns 0 to 56 of 155]
31.1842250282 30.9320285144 30.8455106877 31.0883793868 30.7981845327 30.5508682964 30.9369557032 30.9776480111 30.7912049875 31.1349136846 30.9473906705 30.9855903126 31.1732219762 31.0213241223 30.7112314251 30.6766013098 30.9264029709 30.6391262834 30.8142396678 30.9405854804 31.1325679775 31.082747401 31.0046837857 31.1407778194 31.1585283078 30.6343365533 31.0539017185 31.0569070131 30.5251008601 30.6393886223 30.8335231369 64.7196424707 51.9432983324 31.0096112145 31.0784389414 60.8156725954 30.5879091003 30.9783009079 30.5058980012 31.1137229899 30.881408697 30.9175082999 31.1757281151 30.6809468623 30.575499901 31.0414783544 30.6815855238 31.0539566391 30.9890127709 30.9242900634 30.9124559612 30.7788989723 31.0369749807 30.8980345947 30.6247598739 31.1046732809 31.1014476074
31.1633898946 30.5167036322 31.1692405526 30.5836751754 30.7927733026 30.6977104084 30.9685678212 30.8850575514 30.9221179427 30.7404494566 30.9255474653 31.0607527067 30.9427958763 30.6822932565 31.1921861308 30.711160421 30.9668384328 30.7404920355 31.1901088272 30.7915881137 31.1825517674 31.0090763409 31.1218075977 30.7576321462 30.9696713697 30.9501320246 30.8393361557 51.5738659543 95.1287604495 95.1287604495 71.3928080025 71.3928080025 58.7628169545 71.8789090442 40.2736036975 31.1685045121 30.7363241167 30.9281745073 31.1219767433 31.0321769445 30.9307775601 30.621358997 31.1761524678 30.6301512875 30.6480044882 31.2006525568 30.9651232166 30.691824169 31.0604395403 30.7012760057 30.762708528 30.7567170111 31.1641731733 31.051054451 30.6630595456 30.7519263536 30.6374458652
30.9313904048 31.0979029237 31.0522046931 30.7155340265 30.6316740947 31.13712241 30.7733387072 31.0204410101 30.7175578437 30.5001114028 31.150965868 30.7103533582 31.1110946506 31.1044321937 30.5527449772 30.8753947059 30.6187747176 31.0735437613 30.6612249919 30.814520607 30.6924137486 30.5520352576 31.1045440157 30.6119253242 30.9053410042 47.5558273703 47.5558273703 51.5738659543 95.1287604495 95.1287604495 51.8984712696 91.5766342593 91.5766342593 58.7628169545 40.2736036975 63.9894476038 31.0535403661 30.8848128547 31.0671299189 31.1741544923 30.7398491783 55.2142225088 55.1980080516 31.1035314697 30.6234195017 31.1575108136 30.7778207558 31.1076727245 31.0700332165 31.2004939556 30.5290108376 31.0248407859 30.5920476569 30.6157188244 30.7511127705 58.7388374789 58.2565032926
30.8776366817 31.126467601 30.6112512372 31.0264897825 30.7490348769 30.9946464307 31.1140673482 31.1084486917 30.6355959827 31.0618723002 30.6392803556 30.5091299213 31.0835303908 31.1623293973 30.6760741128 31.0945440356 30.6881168992 30.5368090943 30.7487451714 30.9769249801 30.8799704919 31.0389212717 31.0760187013 31.159345309 31.0519755071 65.8786023927 65.8786023927 31.053814584 95.1287604495 95.1287604495 51.8984712696 51.8984712696 58.2118233585 71.8789090442 40.2736036975 63.9894476038 31.0463444958 30.6915925612 30.6032483248 31.1926238314 30.66447668 55.2142225088 55.2142225088 55.2142225088 31.1690812573 55.0067956564 30.698433607 30.9290427167 31.0633670763 30.8743471703 30.5318970725 30.672787009 30.9524492699 30.8422738208 58.7388374789 58.7388374789 58.2565032926
30.8450869743 30.7348231145 30.8937484641 30.7104201425 30.7513095503 30.8378265564 30.9332150215 30.8116965365 30.538866323 30.872087307 30.7266439877 30.9708469679 30.8354928824 30.8615898942 31.0183742501 30.8001240534 30.6515781696 31.1337572402 31.1488692506 30.6585367663 30.9279170999 30.8207768454 31.1402880609 30.5100643973 30.9798534608 65.8786023927 65.8786023927 30.9175734063 30.6760838083 30.8674289242 51.8984712696 58.2118233585 58.2118233585 58.2118233585 31.036027578 63.9894476038 30.5639305572 30.674191992 30.7015561376 30.8221169312 30.660155173 55.2142225088 55.2142225088 30.8852355083 30.8175394978 30.781688444 30.5957427966 31.1698415983 30.6218622388 30.7787795959 31.0229120671 30.5850350085 31.1660731048 63.2504817008 58.7388374789 58.7388374789 58.5010223061
0 30.8109363941 30.6198184903 30.925138365 30.5101546712 31.024310621 30.9443754127 31.0545669925 30.8691387856 30.6658849348 30.6661304386 30.538833935 30.6553544886 30.9343271671 30.722206975 31.1130465168 30.7396298556 30.8037472317 31.1913652565 31.0567966556 30.683648894 31.0678213132 31.0954653047 64.1717135492 64.1717135492 47.2446264755 30.6689243834 47.2446264755 30.8192909078 30.8370146109 31.1366529963 60.0275363357 60.0275363357 30.6343594475 30.6161262798 30.5950052387 30.6414798719 30.7887476244 30.8278072592 30.5050813597 31.0090888135 31.163441305 55.1980080516 30.5182253403 30.738954716 31.1018836359 31.0071723998 30.9509702994 30.7878308079 30.783027373 31.1047486566 30.9904632512 31.0698862077 30.601130512 63.2504817008 69.273372871 58.5010223061
0 0 31.180920463 31.0911622843 30.9094810322 31.1547672124 31.1320483104 30.6831279987 30.9614718929 30.6086369552 30.8084814404 30.9347623259 30.5493004869 30.709203803 30.952174289 31.0541733069 30.6447150479 30.8630844048 30.8080432567 30.9802453962 30.9445122867 30.6508701048 31.0579510602 73.6197823782 73.6197823782 73.6197823782 45.5567375167 47.2446264755 30.6297554266 31.0749148292 60.0275363357 60.0275363357 60.0275363357 60.0275363357 30.899060357 31.084287167 30.8883294184 31.0073792032 30.9733198527 31.1749807784 30.6350812093 30.9857394137 30.584244752 30.972978791 30.5904417914 30.9503217185 30.9981663365 30.8014806904 30.5617523117 30.9778421927 30.570720981 31.1847122755 31.0911061421 30.7124399671 30.7603405876 30.6181671371 39.9483093094
0 0 0 30.9274649881 31.1769072039 31.0574199193 31.1252055998 30.6439909589 30.5400733281 30.9919754163 30.5722407212 31.0409493414 30.5688757298 30.8375045199 31.050669781 30.6323673275 30.8393386757 31.1140249843 30.8526184389 31.062595625 30.5342584084 31.0084594174 30.5954825758 73.6197823782 73.6197823782 73.6989264448 45.5567375167 45.5567375167 30.9605171238 30.9776362268 30.7258005744 59.1640416054 59.1640416054 59.1640416054 30.9166750628 30.7509989275 31.0813454019 30.7259131764 30.6829795757 63.2335143439 63.2335143439 63.2335143439 31.061287095 31.0575316559 30.9873563425 30.8699258712 31.2015015654 30.6374050342 30.6601631482 31.0707753058 30.653658768 31.0313521824 30.6640131457 30.9870572722 30.7168287653 30.8644830196 31.1332891977
0 0 0 0 31.1876168015 30.7552190442 30.986344675 30.7792665986 30.8939865303 30.5800982261 31.1639375296 31.1600854947 30.804036752 30.6350454291 30.826620104 30.6738832302 30.7105832859 31.1525140954 30.7925875303 30.8653498285 30.6852774836 30.6590054075 31.0944555066 30.6370543996 73.6989264448 45.5567375167 48.5617443574 45.5567375167 31.0768115214 30.6374685456 30.6000585591 57.7978330339 50.4970302378 50.4970302378 31.1847584225 31.1150565894 30.8312228441 30.7861219765 50.9817354874 47.9867427752 63.2335143439 56.2961460371 69.1099530196 30.6263593647 30.6482718488 30.6616814897 31.158725582 30.6512994442 30.876867986 30.5629427177 31.1139177976 30.616299483 30.952800096 31.1050607666 30.5037733624 30.6934052296 43.9366170692
0 0 0 0 30.5492863948 31.1397648869 30.8814365035 30.5333046608 31.0834555961 30.7163176411 31.1813395795 30.7267509786 31.1985909354 30.9914784333 31.1098853831 30.7893703365 30.6212762169 30.7752000348 31.1618368653 30.7152974769 31.1751539073 30.8823884206 30.6645942448 30.8916146503 30.8865613305 39.5379126542 61.0773627041 61.0773627041 61.0773627041 56.518453253 42.6340895309 50.4970302378 63.5273778705 50.4970302378 49.6279900126 61.3077061186 61.3077061186 58.2023820404 47.9867427752 47.9867427752 62.6829359863 69.1099530196 69.1099530196 30.7909286248 30.7727590967 30.7014319228 30.8347694066 30.9859969215 30.6174120881 30.5961277945 30.9303459074 30.8993624486 30.9212753877 30.5219342343 30.8150641564 31.1237172759 31.186772003
0 0 0 0 0 30.8233663714 30.6665053207 31.0347051808 31.1775627599 31.0249941982 31.034013938 31.1038188886 30.605002693 30.6047346013 30.5525040852 30.6681986472 30.6976527428 30.9441862504 31.1055878634 30.7935955629 30.6078715061 30.6461215756 30.6404392665 30.7781870678 30.6220445063 30.5837918594 74.5566888765 61.0773627041 63.4707911794 57.2657432921 42.6340895309 70.9655254284 63.5273778705 63.5273778705 46.9271096866 61.3077061186 61.3077061186 58.2023820404 50.9817354874 47.9867427752 62.6829359863 69.1099530196 69.1099530196 30.6735694779 30.7560053157 30.8263563692 31.0909455914 31.0253815956 30.8432051742 31.0157884181 31.0202988602 31.043500962 30.5364873506 30.5989317771 30.6015766138 30.7878441414 30.8127526482
0 0 0 0 0 30.6651606949 30.6106014166 30.8472446707 30.8398826307 30.6382469961 30.7722341911 30.8237998122 30.9757428372 31.1530428535 30.6900774718 30.711072653 30.9754808522 30.898411652 30.8984183255 30.5259786152 30.578306607 30.901001121 30.7462266888 30.5999359501 30.7405482218 30.576526638 74.5566888765 74.5566888765 63.4707911794 57.2657432921 42.6340895309 70.9655254284 63.5273778705 63.5273778705 46.9271096866 49.6279900126 61.3077061186 61.943492552 30.5762201072 62.4765032383 62.6829359863 62.4765032383 62.4765032383 31.0055248159 30.5597759637 31.1597312953 30.9691252824 30.9247413368 30.8369091377 30.8099691781 30.9461086219 30.7414862349 30.8338400952 30.9637478689 31.0111562666 30.6221898752 30.9586664688
0 0 0 0 0 31.0857952199 30.6479900295 31.104718434 30.8699817515 30.8690959222 31.0954298401 31.1120479982 30.88393731 31.0300360343 30.775669867 30.8372883376 30.6077576183 31.0466204197 30.8948450563 31.068060695 30.8053924692 30.6534657025 30.6735981493 31.1747614414 30.7870572836 47.6483973376 74.5566888765 47.6483973376 63.4707911794 57.2657432921 42.6340895309 70.9655254284 30.5118892026 49.8528918111 49.8528918111 49.8528918111 31.0078637975 30.9363572766 30.7489114391 30.6690493344 67.0636519804 67.0636519804 30.8654177237 31.0456954702 30.8630491433 30.7046110395 30.6255210659 30.5721313282 30.9134371787 30.596721356 30.9928901635 30.9788602237 30.5147284252 30.9684798853 30.7078807027 31.1333662961 31.1200905953
0 0 0 0 0 0 30.7659166563 30.5592706979 31.1002730219 30.6960866224 30.6428560973 30.6646551783 31.1029200915 30.6384371469 30.6964869915 30.9810797127 31.1285405738 30.660082907 30.6317837704 30.517848249 30.7685158237 31.1276464666 31.1628812282 30.9080277867 30.7260859932 30.6969136114 30.9303886266 61.669862544 62.0125165337 30.9129035392 30.8486578578 30.5734486868 52.7112126728 49.8528918111 49.8528918111 57.6367896989 30.9918549801 31.1045264639 30.7265804184 67.0636519804 67.0636519804 67.0636519804 54.3063330725 30.8757004903 30.757465232 30.6686210477 31.1303203785 31.1218059461 30.7799170902 30.8397834968 30.9012981006 31.1648814029 31.0761802167 31.1120552312 30.9414454255 30.5883254697 30.6903611529
0 50.6543402332 61.609138521 63.162841419 90.4520669693 90.1341036086 90.1341036086 31.0735223362 30.619937744 30.9679680703 30.7588856386 88.1254415743 30.7846979202 64.492371526 30.594218732 64.6804933549 31.1103602114 30.9955112919 31.0973738667 30.5345847412 30.7912558545 31.1505623099 30.6084018359 30.6050976385 30.8964940311 30.7333972369 61.669862544 61.669862544 61.669862544 31.0341996127 30.8600404333 30.7931321999 31.0492726285 57.6367896989 57.6367896989 30.6214969561 30.9267879598 30.5194071711 30.5303000481 31.1285154802 54.3063330725 54.3063330725 31.1618057622 30.8549063159 30.9761066364 30.9554094292 30.7690721257 30.8141212071 30.5294890724 31.1528700447 31.1821747515 30.7511952616 30.5819862156 30.9662455948 30.6653987286 30.6946453958 30.9808336209
0 61.609138521 63.162841419 63.162841419 90.1341036086 90.1341036086 62.9722642725 66.9301350107 30.7272771928 60.0605150552 60.0605150552 60.0605150552 64.492371526 30.5795878733 64.6804933549 64.6804933549 30.5758465807 30.9058402821 30.637229003 83.7406166174 64.4011902894 83.6160977063 49.9087820788 30.5581837209 49.767676787 63.5560673263 30.8710814848 54.0885343948 30.597302674 30.9505752585 30.51898327 30.5797980736 43.4664936357 30.6050577148 70.1904385832 70.1904385832 30.9293906309 31.1461828502 31.1097597359 30.6790727664 30.7936365369 30.5440269986 31.1067526678 30.6474523422 31.0048395904 30.8160274532 31.1393286348 30.8519858395 31.0549395515 31.171222992 30.9291898852 31.039286882 31.0355560626 30.6759317041 30.6893435706 31.1953932391 31.042057298
0 60.2311324439 61.609138521 63.162841419 90.4520669693 90.1341036086 90.6405124486 62.9722642725 66.9301350107 52.1209783094 60.0605150552 60.0605150552 55.3502038564 31.0039834163 64.6804933549 64.6804933549 66.8931787821 30.6302504935 31.180341704 30.5779479966 83.6160977063 83.6160977063 46.531375125 49.767676787 49.767676787 63.5560673263 54.0885343948 54.0885343948 54.6075791005 80.1996151884 31.1473912603 30.9467302071 31.0833817243 72.8963999166 72.8963999166 70.1904385832 30.6027050708 58.8338991992 30.9505438629 82.7954046639 51.6753008834 31.1620381573 30.9232431733 31.1042584774 31.0683129141 31.162255789 30.8854994563 31.1416624581 31.1897473724 30.7303874685 30.6512500714 30.5888362622 31.0813949819 31.147578437 31.0479790913 30.8458606651 30.5661551264
0 51.5703598369 71.132944641 71.132944641 51.5517096604 54.9923665775 54.9923665775 46.569398601 55.384239018 55.4203010951 55.4203010951 88.1254415743 55.3502038564 64.492371526 30.6243639332 64.6804933549 66.8931787821 68.5410011381 68.5410011381 68.4290289381 68.4290289381 46.531375125 46.531375125 46.531375125 49.767676787 63.5560673263 52.8764326497 54.0885343948 80.1996151884 80.1996151884 80.1996151884 31.051979405 72.8963999166 72.8963999166 72.8963999166 30.5074718613 30.5437356123 58.8338991992 30.6414649117 31.1642396038 51.6753008834 30.7757751515 30.52072581 30.90817005 31.0180961325 31.1932721521 30.8021553696 31.1055267939 30.5761618869 30.8845118483 30.9853135291 30.5427355578 30.8355695665 30.6841221498 30.6543295631 31.1468300859 30.7660211808
0 71.132944641 71.132944641 71.132944641 54.9589007978 54.9923665775 54.9923665775 46.569398601 55.384239018 55.4203010951 30.5343892349 55.3502038564 55.3502038564 30.68041966 31.0294660919 30.7020079071 30.6077689331 31.1953920599 68.5410011381 68.4290289381 68.4290289381 30.7621979434 46.531375125 46.531375125 61.2225855235 61.2225855235 30.9328859602 54.0885343948 30.6143348256 80.1996151884 30.8648728783 73.5082647231 61.2468724987 72.8963999166 84.2097449414 30.9514085167 31.158296009 58.8338991992 30.7282768591 82.7954046639 82.9206230473 82.9206230473 30.5438402286 31.1315445769 31.1035790834 30.550505231 31.051282162 30.8776354259 30.6971653132 30.5818541629 30.8598859328 30.5008082257 30.6097638124 30.8179706944 30.5542058204 30.9617618718 30.9361907155
0 0 71.132944641 0 51.5517096604 54.9589007978 54.9923665775 0 46.569398601 30.6489474039 55.4203010951 31.1334254103 55.3502038564 30.9787495516 30.6692028713 30.9683374869 30.7670053582 30.7079377168 68.5410011381 30.9688509955 30.8473345607 30.7085662637 31.0308155572 30.8322305717 31.1186337843 31.1138862701 30.645631943 57.6289210817 57.6289210817 57.6289210817 30.6066037289 31.054216071 30.5424373179 31.0269595951 68.8248349958 30.6759648566 31.1161756455 31.1653704853 30.965668755 30.6531388787 82.9206230473 82.9206230473 82.9206230473 30.6724634261 31.0019226059 30.9995420388 30.8280769743 30.5950149966 30.67230197 31.0204336199 31.1998813796 30.8154905141 30.9157348614 30.647062132 30.7375340151 30.6451906867 30.6606936061
0 0 0 0 0 0 0 0 0 31.1703687999 30.7620585031 30.6504003179 30.7941231176 31.1546239559 31.0138627561 31.1482861657 31.1334515692 31.1390675066 30.6884679947 30.913263106 30.983702796 31.0323767532 30.8009699713 30.984218437 31.0541429501 30.8148696903 30.7982753967 57.6289210817 57.6289210817 50.9732378289 50.9732378289 30.6956191645 30.7615951424 30.9862964452 31.0444170156 69.1082884034 69.1082884034 30.9529811279 31.0929126087 30.623549228 78.3195953502 82.9206230473 78.3195953502 31.2053984581 30.6819364488 30.6847561119 30.7587232583 31.0873391898 30.7866027164 30.9016528397 31.0958867614 30.7234114058 31.1442300428 30.9621110252 30.5463559349 30.663408829 30.5670552445
0 0 0 0 0 0 0 0 0 31.1973470173 31.1719775062 30.8192550412 31.1036798776 31.1982495046 31.0821271243 31.1373959648 30.5459151989 31.0044729615 31.0638925305 31.1083233776 30.7061607754 30.5071747477 30.5515919537 31.1196960962 31.1990727716 30.5148025791 31.0124714887 30.8063125991 49.1540124972 49.1540124972 49.1540124972 30.899341302 30.6832026314 31.0019933728 69.1082884034 62.6618662847 62.6618662847 45.7970312257 30.867219621 31.0881337501 78.3195953502 78.3195953502 31.0955513074 30.5225641192 30.79741429 30.5316244833 30.5490610123 30.5831810883 30.5685193592 31.1852750079 31.0712118784 31.0345929934 31.1373201351 30.8258626137 30.6376934634 30.5849073233 31.1360004961
0 0 0 0 0 0 0 0 0 30.6205645416 30.5557710812 30.7462070452 31.0366967287 30.7446474181 30.7896591017 30.9773640494 30.8590082698 31.1464311626 30.9498213081 30.9151019671 30.8812846912 30.7929393568 30.6901455328 30.7302820747 30.626869441 30.7637110178 31.1209870177 30.7984449674 49.0032843066 49.1540124972 49.1540124972 31.1176807413 30.5305501949 30.7031025378 62.6618662847 62.6618662847 62.6618662847 30.5054631966 30.93423501 30.7147065552 31.1009293443 30.8337469204 30.9648834791 30.6486874996 30.8408248318 30.9428383106 30.8095209904 30.8828780164 30.9712172397 30.7400242738 30.6908902738 30.8417070555 30.6373692673 30.7719883468 30.7783693584 30.7576075322 30.7098621369
0 0 0 0 0 0 0 0 0 30.6708350578 31.194137153 30.7269457333 30.8459784618 31.131254807 30.7721387357 30.7054585835 30.8396115316 31.142239824 30.83828686 30.9083848074 31.1256490138 31.0619831969 30.5925940506 30.5342349218 30.6534960578 31.0313377948 30.7481194484 30.7528259879 30.9798679117 49.1540124972 30.8008830829 30.9967051161 30.9063032639 30.5373298429 30.5053054011 58.067426761 48.9472492687 48.9472492687 30.5491516759 30.7636322631 66.6821544819 30.8523834224 30.5595572381 66.6821544819 30.9173806646 31.1035557669 31.0092010581 31.091501374 30.8111208011 31.1431942537 30.655533653 30.6511722464 30.6159043711 30.5687955579 31.09799947 67.5548883901 30.5977950287
0 69.2314019752 80.1236992038 0 58.3068292644 72.2944043687 68.3628347603 0 0 0 31.1451131448 30.5283476972 30.6501500133 30.7390216352 31.125470611 31.1305180134 30.706786862 30.6445682909 31.1689955434 31.1548066633 31.065880579 31.1253386183 31.1734579922 30.7916022217 30.7749933243 31.1948571472 30.702543401 30.6199366014 52.2089735476 52.2089735476 49.9227345405 30.7726119296 30.9197246258 30.6776521493 30.6393107822 48.9472492687 48.1622430358 48.1622430358 43.4065413842 30.6548372847 30.7040172332 62.0879050111 30.8567961867 30.5259336867 30.9454294295 30.9922350668 30.7800385113 30.5722033504 30.9926661584 31.0928149231 30.8643248071 31.198918785 30.6346637891 30.7936957006 31.1827709576 30.8461317837 30.7930422826
