Spatial_Output/BAU/BAU_0464.asc
NCOLS 155
NROWS 192
XLLCORNER 196307.867259
YLLCORNER 449144.565805
CELLSIZE 33.573938
NODATA_VALUE NaN
[rows 100 to 124 of 192, columns 57 to 113 of 155]
31.0955650871 30.7749853007 31.1813242803 31.0119136424 30.7553140942 30.7063084189 30.6626975877 50.2146685406 50.2146685406 30.9546748503 31.1471778958 30.6729426477 30.7062549952 31.0445114924 31.0692753604 30.508926672 30.714281193 30.983164937 31.1548737865 30.7950987824 30.8721114238 30.993161646 30.6603781373 30.9751430556 30.7161560859 30.5007370684 31.0963346468 30.6611323096 30.7112369493 30.5520988097 31.1202117686 71.2472967045 59.0530165507 58.7908688572 30.7362460939 30.8293228762 30.6836570415 30.5154654228 31.1759345329 30.7697984415 30.9353039432 30.5127927165 31.1130171498 30.6481473209 30.542868494 31.0597362357 31.0176789418 30.5463266678 31.1031952615 30.6877937042 30.6758221493 43.6984004164 30.7981553552 67.2183575319 43.7784436885 65.8182961805 65.8182961805
30.7346080112 31.0429828685 30.8013505882 30.5732375371 30.6776373319 31.0581096701 58.233535658 61.5619287315 31.0446363686 30.716616849 31.1878985874 30.8891283554 30.7319190562 30.5477867229 30.5592987598 30.8232298776 30.7276795797 30.8126006521 31.118092056 30.9163799324 31.034300168 31.1104517804 30.659490915 30.8188569132 30.9434079661 30.5295408003 31.0764135242 30.6417992294 30.8047547461 30.5692229219 30.7877771616 58.0404158686 59.0530165507 59.0530165507 30.8769425106 30.5053862288 30.7935894277 31.1766511177 31.0523870373 31.0524772956 31.0183505097 30.8634182077 30.5516269406 31.2019327968 30.8405700907 30.9164038764 30.9750659308 30.6955030912 71.0835941553 71.0835941553 30.7118176884 30.6296036852 30.8737473244 52.062944784 30.5425380711 65.8182961805 65.8182961805
30.7672128077 31.0239678587 30.5954960365 30.9286536772 30.7942310953 30.6589851104 30.7712076318 30.675954539 30.5520567551 30.7387179642 30.7017891428 61.2033415639 31.049145545 30.9530180709 31.0926401677 31.117147881 30.6123292572 30.9380673826 31.0574965984 30.9508748647 31.0475279019 30.7634153156 30.8583927906 31.1824108823 30.9549930808 30.8117965668 31.1584969726 30.5278633751 31.16057701 31.1438419855 30.5485113797 60.9568947359 59.0530165507 58.0404158686 30.7379645427 30.612079953 31.1688463805 30.8856716563 31.1649741027 31.1979297163 30.772764179 30.667062867 30.5691103302 31.128017856 62.0586234933 30.7014126443 30.9709914043 60.9172811263 71.0835941553 71.0835941553 30.9440389958 31.0468811894 64.4769438407 30.7739540009 67.2183575319 43.7784436885 30.6221219614
30.6422019696 30.8828627801 31.1243643303 30.8529376215 31.0546443938 30.5349769033 30.9784173104 31.0933849571 30.7081823949 31.2021592701 61.2033415639 61.2033415639 55.9168578753 55.9168578753 49.9775550652 30.5855968888 50.7278785435 31.200600881 30.8315005973 31.0369776769 31.0366995973 30.6879216773 30.8238188231 31.0481077037 30.7773234004 30.8267230777 31.1180701281 31.1371260462 30.7130876807 31.1303381209 50.2378421088 55.1199974753 54.5851029531 30.598045078 74.9120437311 30.5456317189 51.4083010147 40.5088073864 53.9142450364 53.9142450364 54.1358416347 30.5257812052 30.9644147053 30.9507245256 30.6615527011 30.679515982 31.0601992905 30.5171923156 30.8681095302 30.7743336638 30.6016207674 30.8068243125 30.6800427674 30.7758608718 30.675320267 30.718931407 30.7395053521
31.1170201639 30.5554471182 30.869728779 30.7454359961 31.1741636016 30.9433023079 30.5264781284 30.8986050646 30.5858727859 30.6279237484 61.2033415639 61.2033415639 55.9168578753 55.9168578753 49.9775550652 49.9775550652 50.7278785435 50.7278785435 72.9819690739 30.6744710428 30.7723128195 30.7722679392 30.6378848282 30.5467343598 30.6448998225 49.6482086843 49.6482086843 87.8147678981 67.5073438286 30.9803929356 50.2378421088 50.2378421088 30.8699768499 31.055484253 30.6628968671 51.4083010147 51.4083010147 40.5088073864 53.9142450364 53.9142450364 54.1358416347 50.5011472944 31.196735671 30.7852101116 30.7394994292 31.0969141921 30.5660767897 31.0627821942 30.5977252261 31.170013014 30.9381961626 30.8553834743 30.9680904637 30.9911289042 31.0094325936 31.0915268942 30.7247419174
30.9481686689 30.6740598656 30.9561298695 31.053345055 30.6824491391 30.6410536615 72.5752209007 72.5752209007 72.5752209007 31.0137668374 30.8530064061 30.6568781031 55.9168578753 52.327317407 49.9775550652 30.9106227776 50.7278785435 50.7278785435 30.7190773059 41.6788403589 31.0600742595 30.9040198883 30.6874020291 30.6870032239 30.6396708295 49.6482086843 49.6482086843 87.8147678981 87.8147678981 30.8847130632 50.2378421088 50.2378421088 30.9033214592 67.0579036353 31.1253929015 30.8238781079 30.6315341042 51.4083010147 30.6272594371 54.1358416347 30.8616418498 31.1646937499 31.2040147156 30.9226980907 30.8696699379 30.9480212263 31.0674739925 31.0309944502 30.7391020003 31.120599199 31.0332448778 30.6344728324 30.9819036036 30.7491221525 31.024646254 30.5307585031 30.9945093096
30.5940880531 31.0632862555 30.5017554033 31.1143092006 30.8558053875 30.6275921011 72.5752209007 72.5752209007 72.5752209007 30.5404756759 30.5960352883 30.6923694545 30.7657790922 30.6577274343 31.1052149072 67.4935508433 50.7278785435 30.8606934585 31.080832577 55.9293307454 47.5568123637 55.9293307454 30.5398573267 30.5034571854 31.1856864131 30.7495272938 49.6482086843 87.8147678981 31.1174308919 30.5961502296 30.9252093893 30.8806284777 30.5829100672 58.739395901 58.739395901 30.5374825317 30.5824772229 31.0264417483 30.8735329593 30.587969443 30.992944651 30.8603689421 30.9612689561 30.720677415 30.8988809502 31.0979047644 30.67715559 30.7608513107 30.9137267362 31.0046262599 30.9060430487 30.5949590781 30.9164419328 30.8819648654 30.9985426014 30.8690098743 30.8514277555
30.8296272118 31.0289343128 30.5781035743 30.5571054564 30.9940326255 30.65047441 30.8913818367 72.5752209007 30.5673342292 30.8804182559 30.7943778908 30.6416477442 30.8957445109 31.0415135584 30.7661783082 30.8776851251 30.8190743964 31.0114496399 30.6363516771 53.1489604345 53.1489604345 53.1489604345 30.7230863161 30.7594217334 50.6562771341 50.6562771341 50.6562771341 31.1008038872 30.827174059 30.7023208023 30.8312495424 31.0347684436 53.9811796207 53.9811796207 53.9811796207 31.1358121124 30.7131081513 30.6961560724 31.1512417913 30.5383424714 30.8485456466 31.1125278926 30.7711778964 31.1121487916 30.773858773 31.0473589295 30.555533965 54.5344591062 54.5344591062 30.9016703962 30.9716276391 30.8246663723 30.6564563642 30.5709306076 31.0383769072 30.6103192699 30.8028289275
30.5423590646 30.9647710395 30.6302711485 30.8510686083 30.7658755366 31.0393422322 68.6323716413 68.6323716413 68.6323716413 30.9901558411 31.021243224 31.0437125339 30.7932220767 31.1654035516 30.9824575523 31.1955734872 30.6479566449 30.7225054012 31.0727589276 53.1489604345 53.1489604345 43.8577331033 30.572633018 30.7494859358 30.9129005713 50.6562771341 30.7031990809 30.6075237611 31.0486147729 30.9975960932 31.0376342768 31.1957722218 53.9811796207 53.9811796207 53.9811796207 31.0567716349 31.0615026458 30.5271489955 30.7241215131 30.7822588549 30.6561125293 30.9509755205 30.6025983766 31.0499197044 31.0153013381 57.4426310188 54.5344591062 88.8723676813 88.8723676813 53.3057468635 57.2392740017 67.3819317029 30.7720091556 30.9933036166 31.0439534055 30.7091690728 31.0016718437
30.8925748447 30.9090464965 31.1548846263 31.1380616292 30.7978287932 30.5694882675 30.942183566 30.9824801203 31.1639653247 31.1951355547 30.9341153055 30.7150695164 30.99773415 31.0697238718 30.8579171635 31.1993073643 30.6996705692 31.1421196174 31.0764698863 47.6236805544 47.294132049 47.6236805544 31.1967572694 30.9000463475 31.1459718139 30.9329545628 30.9605447186 30.6863620263 49.6733056809 30.7705213392 30.993773699 30.5116654523 54.1044999661 58.7395947338 54.1044999661 30.6756267551 31.1955194916 30.7422058441 48.1634847593 76.0467894701 30.5801623201 30.6221843186 51.4352919757 30.8620880891 30.7470096249 57.4426310188 59.7480101653 88.8723676813 88.8723676813 88.8723676813 57.2392740017 67.3819317029 31.0871136679 30.6122588345 30.9859936541 31.2021152779 30.8297370231
30.8920534847 50.4055861362 30.9523633135 30.817984644 30.6247035824 31.1071970212 64.5969541242 54.8926703594 31.2022601507 70.2158189486 30.6564388812 68.507806794 30.6881078574 65.2354323172 48.9313890532 65.9176322076 71.2126512344 71.4179519973 51.5131859601 47.294132049 47.294132049 47.294132049 56.0819826378 55.9073981649 47.9450307454 47.9450307454 59.8324107376 59.8324107376 49.6733056809 49.6733056809 30.6252114856 30.5543778547 30.8820228187 54.1044999661 30.5127011672 30.7764851862 31.0432100997 30.7591270342 76.0467894701 76.0467894701 76.0467894701 51.4352919757 51.4352919757 51.4352919757 31.0656766873 57.4426310188 36.441102611 59.7480101653 59.7480101653 36.441102611 57.2392740017 67.3819317029 30.9414116515 30.5248560946 30.8402463708 31.2031207142 30.8429535892
30.5432526195 50.4055861362 50.4055861362 30.5024134771 30.9382251779 51.8289126725 54.8926703594 54.8926703594 70.2158189486 70.2158189486 68.507806794 51.069882969 51.069882969 48.9313890532 48.9313890532 65.9176322076 65.9176322076 71.4179519973 71.4179519973 46.5697064413 47.294132049 46.5697064413 55.9073981649 55.9073981649 47.9450307454 47.9450307454 59.8324107376 59.8324107376 49.6733056809 30.5156951523 30.9205954744 30.9934098018 30.8396139028 30.8832989471 30.9281507241 31.0497150799 42.5100116154 30.904356143 30.6673574272 76.0467894701 31.1645068794 30.5804663734 30.5082129819 30.9936310644 31.0289688136 57.4426310188 30.5590471367 62.927946647 62.927946647 30.5132782126 31.0561669712 30.8859658822 30.5572618916 30.7753483364 31.0075236611 30.9175540445 30.5908176055
31.056588705 50.4055861362 50.4055861362 30.9021405787 51.8289126725 51.8289126725 54.8926703594 54.8926703594 54.8926703594 70.2158189486 66.1150279959 51.069882969 51.069882969 48.9313890532 48.9313890532 65.9176322076 30.5614421894 71.4179519973 71.4179519973 46.5697064413 46.5697064413 51.7815553732 56.0819826378 55.9073981649 52.0978448923 47.9450307454 81.5939354747 30.7657549266 49.6733056809 30.80527206 30.9105252271 30.6681395302 31.0886716642 58.5639962623 30.9796861555 30.5342733361 30.6213217672 30.5796381068 30.8573271035 30.7293469128 30.9180360773 30.6515922881 30.7259450227 30.8501205279 30.5092117972 30.7160102567 30.7144919694 62.927946647 62.927946647 62.927946647 30.6978614957 30.8721761205 30.8469032892 30.5335174526 30.8890121183 31.1945477316 30.8614449738
30.7698089598 50.4055861362 30.6725881058 30.718460727 51.8289126725 31.064792013 30.8550250074 30.9287689016 30.5293120258 31.169779544 30.7776803924 31.0110504523 30.5398608457 30.6725773987 30.9706437591 30.7954951992 31.16960231 30.9062211529 31.0298623068 52.0228295872 52.0228295872 52.0228295872 31.1302271081 30.7377462997 31.0001746771 30.8565309007 63.2090793763 30.8568995673 31.0411155178 30.5412389641 30.6506503427 31.2025962581 31.0485392616 30.9007538175 58.5639962623 30.8993757116 30.7667149248 30.9565717839 30.8879516673 30.7631909577 30.6394952576 30.8263511434 30.8472171994 30.6592104582 30.6593074153 31.1956771783 31.0651541472 54.7185471983 54.7185471983 54.7185471983 30.6833933924 31.1947107681 30.7208091901 31.0861695124 31.0251649786 31.0344593686 31.1520051425
30.9769698447 30.5978081944 30.6685598485 30.633090372 30.6109333026 30.8394055665 31.172690257 30.7882619949 30.714443321 30.8116579131 31.1924707724 30.6794199347 30.5603315352 30.7420328421 30.5409870007 30.9950552537 31.0981591096 30.5041976163 31.0494428619 31.0942905567 52.0228295872 30.9413020936 31.2067489027 30.8540622892 30.5981036879 63.2090793763 63.2090793763 63.2090793763 31.1229618115 31.0607654157 31.0486213372 30.5353705089 30.5492748348 31.0653213447 30.5896178332 30.9271359052 30.7922455446 30.7581776665 30.9219586784 30.8198680404 30.5336439365 30.7098664827 30.7396570108 30.6494124311 30.7146815426 30.626126945 30.7224386243 31.1740033572 31.1264127607 31.1058428335 30.5844248853 30.8485331694 30.6800679763 30.9095936882 31.2065709102 30.9581847779 31.0354167334
30.7813313009 30.5808858177 30.7890400984 30.6299877854 30.9275101157 30.6218931146 58.2429954381 58.2429954381 30.8847381557 30.9603724639 30.6514978325 30.869411429 30.8205538209 31.1398215856 30.9469713726 31.058454887 30.5674472657 31.1038977625 31.0152790745 72.925157815 50.7707556657 30.502479472 31.187385474 30.709324285 30.9263255617 31.1481714948 30.8344218776 49.1496441969 49.1496441969 30.6143656227 49.0156074469 30.9472425956 52.4692804385 71.1667928712 71.1667928712 31.0813049296 30.9272298425 30.9943474133 30.7170449801 30.8139018544 30.660086834 31.1869485586 30.8356110575 30.6756635289 30.8412536225 31.1449506858 30.6804708393 30.8307045286 31.1469970825 30.9789192102 30.8504165712 31.0293038522 30.8724335718 30.5484587089 30.6282693206 30.5904963449 30.9657511111
30.6853977595 30.8798617025 30.7331493082 30.8981684898 30.6398931523 31.0817335679 85.5264095974 30.9234219397 30.551563066 30.5321594674 31.0245954345 30.9805659032 30.8261406279 30.9586975613 30.7802632392 31.1248486613 30.7505953448 30.7157751161 30.7231576592 50.7707556657 50.7707556657 50.7707556657 30.7541305272 30.5435245525 31.1595500521 61.5744791152 30.5718683709 30.5115763893 49.1496441969 30.7028311685 49.0156074469 73.4892194004 71.1667928712 71.1667928712 71.1667928712 71.1667928712 31.0932628794 49.7246539212 31.171639026 30.5491863424 31.1061232898 30.8923753858 30.7977429797 30.7377352974 30.8682321371 57.699811957 63.9134882289 31.1331915994 30.5714287698 31.0745117483 30.5318077965 30.9987170481 31.0726240403 30.9382899035 30.819653281 30.64463882 30.7080706492
30.5244479948 30.7294456668 30.9457132374 31.0790353503 31.1591012887 85.5264095974 85.5264095974 30.8448539773 30.8025648679 30.9497277663 30.6464139809 31.2062068939 30.7844213673 31.1453421098 31.0704949365 31.1239414811 30.7764258502 30.9521164545 30.8836043167 31.0188394212 30.5252869331 30.6877359298 31.0796583859 30.8708296168 30.916675357 30.8406435761 30.5546542182 30.5965026297 30.8633027243 30.9803908095 49.0156074469 73.4892194004 52.8644330249 66.823080059 42.3863688949 66.823080059 49.7246539212 49.7246539212 30.501969706 31.1397015226 30.6617164167 30.9424468158 30.7579633981 30.7232807218 57.699811957 57.699811957 57.699811957 30.7750291302 30.9761011719 31.1264951869 30.6029863022 30.6422899682 31.1266663795 31.1038549085 31.0837445194 31.1158181441 30.9579906956
30.6943786726 30.7968464 30.9677851128 30.7904854235 48.3889455618 85.5264095974 85.5264095974 85.5264095974 31.0012810429 31.1269236052 30.9436233247 30.9730951114 31.1049824114 31.1281227705 31.1799479768 30.8303989301 31.2007201092 30.5955531429 31.1647211815 31.159949673 57.0581673145 40.1352310264 40.1352310264 31.0764252311 30.5497048418 30.6083435049 31.0333219669 30.65522246 30.8340855614 31.1859720204 30.5553606558 73.4892194004 52.8644330249 42.3863688949 42.3863688949 42.3863688949 30.760683247 49.7246539212 30.6464807951 30.9221916833 30.9365672709 30.6794148544 31.0720366031 30.892117765 57.4037653589 57.699811957 30.5424904903 31.0076737589 30.5469784846 30.8477854273 30.7177349155 30.5716480999 30.5700262449 30.7588179181 30.5078635945 30.5086173511 31.0917601018
30.7754155515 30.716925698 31.0862686515 30.8024169567 48.3889455618 31.145146206 31.1868418202 30.8579860579 30.8739147003 30.9463716173 31.1108000903 30.9051789225 30.6184457778 30.7001570021 31.0419006624 30.9297942928 31.1530950067 31.1502336817 30.7656391746 30.500116555 31.2007751933 40.1352310264 31.1643159399 48.3019245056 30.8502749585 30.9226603887 30.9259494156 30.5137966468 31.0017129046 30.7416333795 30.8157014276 31.0001180652 30.9804611188 30.7867057032 30.6959307103 31.1496788679 30.8076425487 31.0927717164 30.8427696917 30.6262252514 30.5266385126 30.8222407307 31.1521175942 30.7278676922 30.9013679503 30.81449459 31.1601189809 49.5984243841 49.5984243841 30.6183859051 31.0311229233 31.1928415812 30.7838583782 30.7158780961 30.8554178095 31.0310896616 30.7283783739
31.0165507703 30.8364794815 30.965768819 30.6497612259 48.3889455618 31.0722989558 30.6932284263 31.0279535379 30.9521875089 30.6294123179 30.5050220727 30.9599715215 31.0649648707 30.9306037255 30.5748113917 30.9295295905 30.7075927881 30.895272677 30.91188403 30.9390082495 30.9787470349 30.8369422408 30.9208479323 57.3826359154 30.6062242371 31.1101183402 30.9030474095 30.6849690276 30.5661985181 30.7625670696 30.6243065811 30.8678323066 31.0292199472 30.9017307446 30.846765657 30.6169595526 31.0179968957 30.5260819162 30.6695162092 30.5382800084 30.5971203562 31.0285584419 30.8721571144 31.0911062063 30.6358912274 31.2058000415 30.9668793641 49.6915828708 49.6915828708 49.6915828708 31.1146035879 30.7494455133 30.9582315607 30.9153985415 30.7995045878 30.7592571504 31.0841760258
30.8600045964 30.9492162198 30.8071952054 30.6408398323 31.1408863082 31.0422267662 31.073842283 30.9688533891 30.5030308346 31.01429155 31.0243888803 30.5806355267 31.1752287322 31.099620456 30.6398427665 30.5377559933 30.8976894103 31.0946448032 30.8086205239 30.5762894051 30.50186669 30.9902358582 30.5461786328 30.5552032941 30.5475519096 30.8357148354 30.637471381 30.8128064894 31.0392998908 31.0760416344 30.774196011 30.6592869984 30.8041224215 30.7660721088 30.5897848911 30.872512757 30.641258668 30.5355130909 30.9258981709 30.6298019489 31.0185498958 31.0159039219 31.0461497695 31.123583626 31.004294915 30.7159087963 30.5004603426 57.6781416707 49.6915828708 49.6915828708 30.9263625198 30.8486386511 31.0684112861 31.1148614598 45.5680688098 46.4217859017 82.2195630474
30.5337630546 31.0816627038 30.8684266099 30.944534578 30.5990909403 30.8128290121 30.7658509869 31.1320558849 30.592024704 30.6501975748 30.9970245341 30.5211468158 30.73916161 31.0743924698 30.8202063768 31.205863862 30.9916245278 31.1124924199 31.1337183596 30.8277013812 30.7804026546 31.0962353672 30.6072541285 30.5542378929 30.7680778633 30.5811245807 30.6740609457 30.9835978243 31.1145320499 31.1140808322 30.9963340194 30.7067251155 31.1958546664 31.0089962412 31.1078111811 31.1365269809 30.9618142411 30.6004569678 30.742973136 30.7388504147 30.9372320644 30.8823752017 30.5373398466 31.0181264678 30.878635712 30.7409005558 30.6809226348 56.7625471105 56.7625471105 56.7625471105 31.0512230076 73.0027462507 59.2778526908 85.4327801735 85.4327801735 45.5680688098 82.2195630474
30.9156737754 30.6297883341 48.4793730054 31.091901625 30.5474135559 30.8009910714 30.5362222606 30.6741346305 30.6963073326 31.0245657736 30.5891302395 31.012543619 30.5660838041 31.1799951588 30.5040102948 30.60807453 30.5960288101 31.0102021051 30.9699834055 30.733499197 30.9603561634 30.8639536531 30.5619946567 58.3574704908 58.3574704908 30.846142714 31.0725941433 30.9903387625 31.1121907676 30.7820688948 30.9389310489 30.6456718498 31.015003239 30.835471388 31.093443422 31.0422607937 30.5200721491 31.0872246478 30.8669118974 30.8745217687 30.999348542 30.9673735489 31.0570151517 30.62119434 30.7471012795 31.1512158178 54.4144513681 30.8936893041 56.7625471105 54.839754773 41.3393464021 30.9418523848 59.2778526908 85.4327801735 85.4327801735 30.7173574585 46.4217859017
30.6151584387 31.0681309543 31.011307905 30.6803414127 30.9086776937 30.709204728 31.108995948 31.085420305 30.8423454051 30.5185625239 30.6940239797 30.6178667106 30.9198355229 31.0408358648 30.8225621993 30.711827687 31.1136684342 30.9079671013 30.6401976566 30.9566591651 30.7353846181 30.8279490558 58.3574704908 76.3292105812 30.5983476749 31.1260006557 30.76695856 30.6467305727 30.8174812808 31.0828771597 31.1854247108 30.9508108355 30.7819434917 30.6021686737 31.1280856588 52.2805251044 30.8542494663 30.679443886 30.7314481306 30.8654338829 30.5203634131 30.530627032 31.1348538308 30.8334899207 30.9432672011 70.0764818063 70.0764818063 31.1462283331 54.839754773 54.839754773 41.3393464021 73.0027462507 73.0027462507 59.2778526908 31.001359704 30.8430560489 30.7296149661
