Spatial_Output/BAU/BAU_0569.asc
NCOLS 155
NROWS 192
XLLCORNER 196769.923733
YLLCORNER 449719.875193
CELLSIZE 27.603701
NODATA_VALUE NaN
[rows 92 to 114 of 192, columns 0 to 52 of 155]
0 0 0 0 0 0 0 27.2206130906 27.4047708306 28.2877982426 27.6369842021 27.283217656 28.001544453 27.8459977955 26.8942957921 27.5647802773 27.5600761889 27.8986672396 26.622845437 27.9712597428 26.6861812752 26.8661886633 27.8130044555 28.393394175 27.9305520628 26.9990992211 27.2263527107 27.9857531462 26.927843805 27.8978709752 27.7762380266 27.8274945559 28.3765192785 27.1553612453 26.8745945264 27.6822325734 27.5529471635 27.294714601 28.2789049811 27.7928564825 26.5262462699 27.0993185276 27.8164261845 27.557880178 28.3369697552 27.7826173109 28.4666509597 26.72393987 27.7090554145 27.2704582846 27.7362951924 28.2396073832 27.2630621879
0 0 0 0 0 0 0 0 26.8453070597 27.8603593839 28.2990775017 27.7735081214 28.1528249113 27.6424442384 26.8490849101 27.6064990237 26.5344870215 28.2611605547 26.561702339 28.5199187103 26.9628895968 28.2366894176 27.0959463816 27.5914044422 27.260112561 26.9681468849 26.5933972765 26.7607794783 28.0483862653 28.5826946853 27.905590691 27.100685326 27.8687603288 27.2616389503 28.459836081 27.9422641922 27.716069664 27.7640367185 27.8436313322 27.3597760322 26.703241828 28.5994355216 26.5467508078 26.9190863324 26.9289449234 28.5446277239 27.2767798813 27.234695216 27.7947710504 27.4111761991 26.8332868372 28.5391163657 28.2266546435
0 0 0 0 0 0 0 0 0 0 27.8328760967 27.5062411453 28.0527495104 27.2926111095 27.9209648896 26.5391012756 27.1975902166 28.2269465013 27.3878405822 28.0097920208 27.6680262735 27.7010952786 26.9806419056 27.1700296771 27.3617378703 27.3248662985 26.8591462914 27.1860338865 28.5586587638 28.063551268 26.6838104933 28.0743122804 26.6341709994 26.7117393241 28.612575678 28.3100389556 26.7197161878 27.3094625076 26.5039041618 27.9788684345 27.4904652895 27.5117526819 28.5251915587 26.8177972392 26.7955714325 28.3820711913 27.7753154408 26.8649317666 28.1760449292 26.7135391586 28.5166266626 28.4986507147 27.1659198731
0 0 0 0 0 0 0 0 0 0 27.1632198368 28.4045264302 27.9045217887 27.075076596 28.2675888527 28.0733763939 26.8354576526 27.9743666986 26.7653836425 27.9668277185 26.8537673707 27.9242128751 27.1629378877 27.7578592198 27.0094999658 26.6647477865 26.5712899718 26.9570858124 27.3758286673 27.1092002183 27.3508526276 26.6421322147 27.5664006617 28.045546096 27.61952383 27.0791145008 27.648635513 27.5234167145 27.3447600477 27.9666428401 26.6174570606 28.1442915756 27.3169566349 26.7928001579 28.1559206576 28.0081213624 26.9140023061 26.7303378786 28.0815223949 27.4299924256 27.2910983705 28.4361036737 28.5782028851
0 0 0 0 0 0 0 0 0 0 26.7143338213 27.5239020944 27.20069118 27.8968479171 26.6885922114 28.5390355442 26.8998763272 28.5249862982 27.2173533907 28.0258705908 26.5685128715 28.0417094239 27.4055416118 27.058570579 27.7561593413 26.6678949593 26.7522005924 27.2023724635 27.4311656162 27.3870691394 26.721293552 26.6753808526 27.6087154852 27.4727262441 27.1162910194 27.3101102644 27.1314666726 26.7549320354 26.9608989166 28.3033298859 27.6404256163 28.4473157056 28.0602857717 27.21476707 26.5479481116 26.5212415943 28.5183500124 27.6317009377 27.2499917622 27.9883080523 27.0095671186 27.630202277 27.8613583545
0 0 0 0 0 0 0 0 27.0046283814 27.5561857113 28.6153672776 27.6405247168 28.115173488 28.4934750687 26.6164144645 27.6474333255 27.8190069687 27.2571271633 27.5750416469 27.9757695997 27.6275713829 27.3715290137 27.4080977911 28.5916730972 27.3715065329 28.6024817216 47.8398784331 27.3383657093 28.0843233713 27.8894059164 28.1961457694 43.6032088937 26.6538514954 43.8437404553 28.5868147485 27.9517489544 44.2573142523 27.9010001992 27.0904196519 74.590607458 60.959768631 26.5302593206 68.9885651191 68.9885651191 28.5379137206 26.9914456055 19.4234810381 26.9825814554 27.6239545686 26.5399640804 26.8713342847 26.921649011 27.0128465142
0 0 0 0 0 0 0 27.6914914011 26.6321946108 27.2703007358 28.3979840387 26.6496056747 27.5629116198 28.1635229539 27.0989488425 27.2365782373 26.637429656 27.967618245 27.2378858365 27.8125435567 26.7849659267 26.9044037214 28.4904285393 28.620080961 42.6969257392 42.6969257392 47.8398784331 26.7982796455 19.3507059452 28.5564175726 43.6032088937 43.6032088937 27.5627312288 43.8437404553 26.5273338932 44.2573142523 44.2573142523 44.2573142523 54.0769088195 54.0769088195 74.590607458 28.0589265458 68.9885651191 68.9885651191 68.9885651191 27.3533043821 19.4234810381 28.3916425038 27.677356641 26.7929522086 28.0529010153 27.6113125088 27.7208807475
0 0 0 0 0 0 0 27.6249794917 28.1729253897 26.9833428663 26.890565143 27.8739524594 27.8320141855 27.2339536472 28.0801874647 27.4631861283 27.0768692635 26.859895753 27.171027186 26.6247361042 28.1981360121 27.6438311168 27.6003829134 26.8807370677 27.7922799644 42.6969257392 42.6969257392 27.2401441333 26.7604867388 19.3507059452 26.9528267189 43.6032088937 27.5521721704 43.8437404553 28.4577040542 27.6269709367 44.2573142523 27.220707835 54.0769088195 54.0769088195 74.590607458 28.2323735963 68.9885651191 68.9885651191 59.8772275597 27.6655984543 28.014632667 27.6452476823 26.9905938104 27.1428327731 41.4372672209 28.3138521509 28.0590856166
0 0 0 0 0 0 0 0 26.9679969879 26.5370959518 27.2671725931 27.2351274095 27.0058188673 27.8123508948 27.7561678967 27.0436437337 26.6747724795 27.0164177248 26.9240438035 26.543549963 27.17027152 26.7120317182 28.2627344002 26.5975819808 26.5785916228 42.6969257392 27.8360325773 26.647997312 27.2201707005 26.6319550581 27.1280889678 27.7304747695 28.3242567753 27.9909318351 28.0752803529 26.9371552358 27.6481795235 26.6186422548 26.7714140595 28.0123194424 27.1284200412 26.5860253117 66.379473794 27.4279568273 27.1961951027 28.4477973316 26.6304267782 27.7379767229 27.6750275744 27.679866208 27.8354787796 27.9140372638 27.4250802176
0 0 0 0 0 0 0 0 0 28.4993165954 28.0988343101 27.4949042857 28.5651368832 28.3218682134 26.9549917674 27.8467006101 27.7783100223 27.7532906934 27.7846986135 27.0258984162 27.9024137691 27.1114957753 28.0849681605 28.2976210957 27.695475698 28.5727639462 26.8305836716 28.3823448473 28.4650122478 26.8080396511 26.7314886123 28.3892555996 26.7917242281 27.4945583209 27.9740296049 26.9842398931 27.8980182394 28.037774997 26.916656362 26.6921344951 27.0382143291 27.1614602959 76.6266621973 76.6266621973 27.0011315032 27.9807185348 26.8720135567 27.5745770387 26.7949304717 28.301012427 26.9458619283 27.6063439317 27.9853045573
0 0 0 0 0 0 0 0 0 0 0 27.3255098776 27.7261664077 28.59723218 27.6261019739 27.5439824735 26.9035981448 27.9588102884 28.1933430955 28.3564950305 28.1858114614 28.0366716868 27.6464509403 26.8861624009 27.056495631 27.1402251331 27.0247953723 27.3298882044 27.4579234316 27.8167648648 28.2052121807 27.7175294582 27.9757882663 26.9963688069 27.1244750312 26.5197823384 27.0273271697 26.7767864805 28.1040354239 26.6734881188 27.8250799504 26.9683955475 76.6266621973 76.6266621973 76.6266621973 26.9600008482 27.300296055 27.369470538 27.0364055749 27.6611541462 28.5621548333 28.1986343275 26.6283903045
0 0 0 0 0 0 0 0 0 0 0 0 0 0 27.5285304294 27.0015238851 27.5482814837 27.578020313 27.6409153232 27.2474373557 28.1571980836 27.2272884982 27.0001287927 27.4531185331 26.8192224275 28.236752795 27.1394797343 26.9822055259 28.5849321868 26.835751934 26.9977032545 27.5749310234 27.7712007589 28.3722397779 28.0820962912 26.8908423657 28.6056886206 28.6060244394 28.5292141921 26.9845470414 26.6823899441 27.4134487099 27.6310785454 26.6505208595 27.4716190641 26.6131755797 27.3511971761 27.1614036274 26.7257749945 27.2069498004 28.132614004 28.2766658672 28.0119627835
0 0 0 0 0 0 0 0 0 0 0 0 0 0 0 27.9804889471 27.6393373762 27.1448587426 60.0639425869 28.1287738114 27.4577068954 27.9586007333 27.755000991 27.0005485405 27.2764716708 26.6283750502 28.2606409751 26.9917222507 28.0050065664 27.2444995554 28.4293163743 28.2217519769 27.5928500386 28.0222347838 27.5698109073 26.5233835379 27.3346613761 28.4766165625 28.4112111023 28.3609054832 28.3596465013 27.8286832354 53.8134786096 53.8134786096 53.8134786096 28.5765495322 26.8806799218 27.6778997412 28.3571043163 28.0958840862 26.6269930729 27.0973598853 27.4475836081
0 0 0 0 0 0 0 0 0 0 0 0 0 0 0 27.1980025104 19.8682706016 44.3195862111 60.0639425869 60.0639425869 28.073561418 28.0996070012 27.9993409504 28.5251338067 28.1509223935 27.3636702961 27.882742957 27.8336086151 26.7956461935 27.576060103 27.188621323 27.1831975476 27.1656721344 26.5944747477 27.251753313 27.4932968728 26.6240246015 26.8980708538 28.4253691123 28.3183001959 28.5472686548 27.3244149847 26.9947973816 53.8134786096 53.8134786096 27.1587007312 27.1227538194 26.7202254173 28.3334212838 27.517280691 27.4105137414 27.6616505833 27.3393263682
0 0 0 0 0 0 0 0 0 0 0 0 0 0 0 0 26.8841160199 41.3503588307 19.8682706016 60.0639425869 26.68564205 27.8626688142 27.868287399 26.5428426394 27.9829130223 28.3431680345 27.4280438082 27.2635237979 27.5835450925 26.6819007669 27.8049637177 28.4561572665 27.3760514228 27.8902859619 26.7513743608 28.3707100853 28.6084541107 28.4523819042 28.4783778676 26.9362485586 27.558412385 27.2059569376 26.5261529789 54.4750567057 54.4750567057 28.5512822439 27.3209398156 26.5646548291 27.728214787 27.2052082021 28.1962989142 26.9760236617 27.9611835566
0 0 0 0 0 0 0 0 0 0 0 0 0 0 0 46.4659348894 53.7844144542 51.310282953 19.8682706016 27.239998881 27.1657877327 27.0525539983 26.5072274707 27.2795535498 27.4297947227 26.6286879501 27.2002218556 27.2551740891 27.5285077442 27.0078465602 28.11210334 28.5885835873 28.3250281225 26.844857306 27.4089367245 26.8379015394 26.8631518047 27.9546809965 28.3752261429 27.5086875309 26.9240241163 27.7130366899 41.8236175343 41.8236175343 41.8236175343 26.6177721159 28.2526399346 26.8542805168 28.2652552471 27.5829210365 28.6150123543 26.9315561435 27.3113516182
0 0 0 0 0 0 0 0 0 0 0 0 0 0 74.3448679699 42.1487975056 54.3769952977 46.3657715004 26.7540680291 26.7253377033 27.44426978 27.9789645178 28.5633556052 26.9276164519 26.8822445926 28.5328851043 26.5276078143 26.9848589722 27.1587722774 26.9358169081 28.5567725444 28.1675476094 26.8332443948 27.1454681244 27.1343394226 27.7220217504 27.4627668371 28.3525533029 27.2799845446 28.2371220647 27.7281129823 28.0807640267 55.3219759571 41.8236175343 41.8236175343 26.726617449 27.0477705403 26.8611954598 28.3423918991 27.8915541653 26.7835498207 27.5302243958 27.1433654063
0 0 0 0 0 0 0 0 0 0 0 0 0 0 0 44.538480025 53.31224367 40.9713110122 26.8661220854 28.4702918141 27.3255012897 27.7809673609 27.3655210712 28.5292288922 26.8256132469 27.7329183878 28.5179916858 27.8054357773 26.6921296797 27.3787096322 28.2612956086 27.2719073442 27.6745392287 28.1778744441 28.0195812477 28.0030571988 28.2444941098 27.0663754219 28.1517955731 26.6323629643 26.5988096408 27.5782493493 27.0906345165 55.3219759571 40.4518607543 28.3639280836 28.0381895396 27.4562446609 27.6911474705 28.1340926571 27.5911743186 26.7421331768 26.8803364621
0 0 0 0 0 0 0 0 0 0 0 0 0 0 0 0 0 28.3353654985 27.5230683025 27.0526205241 27.564118302 27.7931280067 26.7161187145 28.568181292 28.2015169256 27.3504915785 27.7267075845 27.1253307382 27.4360169977 27.7911019769 27.1197012995 27.9786939116 26.611782864 28.0271573349 27.8946252427 27.6048205484 28.5276847268 27.122706826 26.8389219061 27.3688167857 27.9940120357 26.663201062 39.9920557309 71.3311062278 39.9920557309 27.9508277638 26.5227699167 28.0446282789 26.6180676739 27.5713785703 27.0746539249 27.409522224 27.8110470065
0 0 0 0 0 0 0 0 0 0 0 0 0 0 0 0 0 28.2413463467 27.1850767002 27.6597606801 26.737220548 26.6474930304 28.2114306218 27.8546225822 26.7322543071 26.8079307559 27.2875621715 26.9562390192 28.4389684847 28.4048534888 26.6213071701 27.2737436437 27.7477846836 28.2809288219 28.2747970386 26.8588329708 27.3982174736 28.4555177195 27.4501702961 26.5874014479 28.3480413354 28.425060146 71.3311062278 71.3311062278 71.3311062278 26.8705291123 27.3891388809 27.2195927189 26.5167380565 55.6220717488 55.6220717488 55.6220717488 27.2479328438
0 0 0 0 0 0 0 0 0 0 0 0 0 0 0 0 0 0 26.6917722601 28.3522729521 27.405141416 28.0463011469 27.9578738665 27.5244975183 28.3320666206 26.8774327864 28.2311957307 27.6628839828 28.2086902879 27.6641907149 27.4344975228 27.7668359936 27.1625774296 28.0277824647 28.0033802539 28.5858447161 28.2608927328 27.2164324537 26.7941857008 27.9186761034 26.6089021768 27.8078913418 28.0459974232 71.3311062278 28.4521350618 28.0837509856 27.8200763538 28.1187909735 28.4901737055 55.5363843951 55.6220717488 55.5363843951 27.6198214963
0 0 0 0 0 0 0 0 0 0 0 0 0 0 0 0 0 0 28.3694525074 27.6954379121 27.8152753711 26.5151064064 28.5469605052 26.5109204918 27.1364322569 26.6346183409 27.9515060703 26.6747950537 28.4063538216 26.7347010398 27.6950410238 28.2744208289 27.0091943456 27.8374636915 28.6104889039 28.2013841189 27.5264552408 27.8255735037 27.4058114383 27.3832489944 26.6096846363 28.1175789152 27.5338105936 71.4809798891 27.8706100897 26.6284739761 28.1816561906 27.2308019984 26.6088418762 42.0524922774 55.5363843951 42.0524922774 26.7459094441
0 0 0 0 0 0 0 0 0 0 0 0 0 0 0 0 0 0 0 26.8255869008 28.4961654369 26.5597663425 27.8560927854 27.6948392547 26.6623039423 27.4214932574 26.6731682665 28.002134331 26.7126107244 26.9310195242 26.9134064519 28.0664872495 28.3422711902 27.9509577655 27.0114199808 27.886034814 27.8415811574 28.5581523436 28.1680755347 27.3253225081 28.4320930685 28.4308551111 27.9424853951 28.317568199 28.2552260728 26.9476808065 28.481346551 28.5570152595 58.2352815953 26.5623343554 28.1085929899 42.4236285412 55.5016078397
