Spatial_Output/BAU/BAU_0316.asc
NCOLS 155
NROWS 192
XLLCORNER 196307.867259
YLLCORNER 449144.565805
CELLSIZE 33.573938
NODATA_VALUE NaN
[rows 75 to 99 of 192, columns 57 to 113 of 155]
36.7730184571 36.5949958323 36.3515498078 37.1299265715 36.0844981838 36.9599514696 59.0165236811 36.85026841 37.0528689171 36.5338176626 36.9730194252 36.9362792952 37.2790139876 37.4128112353 36.1738003853 36.7978041245 36.5694250439 37.1380419348 36.1812785265 60.1119897311 50.3597050979 50.3597050979 48.5116588628 37.1315886593 37.0091422424 36.8138939456 57.8657868164 56.0601635589 36.9968029894 36.1719663857 36.2144419907 36.0938119453 36.8149106507 36.9337910923 36.8654545203 36.9319370299 37.2700383666 70.3011059673 77.8272933389 54.741510529 54.4600585904 36.4753090473 37.0693864214 36.2173476565 56.3001616746 66.3002572391 66.3002572391 36.0699881722 37.1437271506 37.4094789291 36.3431272723 36.1237378142 37.1139079294 36.6863040085 36.2831987487 37.2676896119 36.1854026925
36.4747536662 37.0487647793 36.7674916282 37.3745870476 36.2270397025 36.7094579251 59.0165236811 36.5422739051 37.0604485956 36.2080077028 37.2679159724 36.0511469798 37.3892656248 36.6723112832 36.9680377039 37.0309074931 37.4017414693 36.378485612 36.112312608 36.3780297516 37.2109597709 36.2188054982 36.078143202 36.3799774599 36.5157856524 36.310506107 67.0765465984 58.3465426964 58.3465426964 36.6856398354 36.4460689463 36.5678874082 36.3801197495 36.6409605455 36.9912857043 36.2106077027 37.1683240245 36.6632027978 36.2188180431 54.4600585904 77.5500847286 77.5500847286 36.8263774977 37.0246409252 66.3002572391 66.3002572391 66.3002572391 36.9247779429 36.6764184502 36.7739920704 36.6576541843 36.9537030519 36.3869986471 36.3319991567 37.1472108747 36.9110155667 36.6467163163
37.2695517026 36.6808120068 37.1105363356 36.1715821148 36.1521579726 37.181529106 37.3136522947 60.029303036 60.029303036 37.2462591191 36.1871528555 78.0645584721 82.1306898032 65.0847598433 36.0324589472 36.1699805534 37.017860753 36.7294742261 36.5512523669 36.0558492529 36.6002182335 37.2050226319 36.7920311647 36.11905948 37.0847272628 36.460425118 52.1995467815 52.1995467815 52.1995467815 36.9988059663 37.336005021 37.4029132436 37.2474881045 36.756571005 37.2795399202 37.2992759258 36.611502719 36.9334950326 37.3777286006 54.4600585904 77.5500847286 77.5500847286 37.1961276689 37.1743164258 62.317004955 62.317004955 62.317004955 62.317004955 36.3409018504 37.3936118648 37.3590807456 37.3789824545 36.9462916446 37.4091344719 37.3482571268 36.2218431268 37.2557389251
36.7314147018 37.0993961838 37.4065578753 36.8330469008 60.4950446748 61.386537621 36.5108198434 60.978466851 60.978466851 60.978466851 36.4226909224 83.009332228 82.2099278869 73.1375386253 36.3537323669 37.1528011408 59.8114877867 59.8114877867 59.8114877867 36.3922925258 36.8147897914 37.2070741959 37.1443179452 37.3675361152 37.1814588003 36.612206252 37.2692826005 49.8615425988 49.8615425988 49.8615425988 36.3791826803 37.2074797841 36.9934548384 36.2830766065 37.025539631 37.4121946774 36.7839375965 37.0992365451 36.4120780171 36.9807600156 36.0741667316 36.6754515582 36.9099987861 47.8057459239 58.366050267 62.317004955 62.317004955 56.4096243184 56.4096243184 71.8222415811 36.6286149762 36.2497718468 37.3740391547 36.4490850584 36.7423971814 37.4083444093 36.9934524129
36.1907466813 36.4164297404 37.0394520958 61.386537621 61.386537621 61.386537621 57.4593937915 60.978466851 60.978466851 55.9666735646 36.0121021458 80.7144044611 78.0688738595 78.6814267859 36.707301872 36.1676380178 59.8114877867 59.8114877867 47.4610162627 37.3103818547 37.1804398109 36.5608386224 36.7100048073 36.5364550923 37.1694445987 36.0573000502 36.3985823576 49.8615425988 49.8615425988 49.0485761048 36.205075068 37.194562171 36.8982371496 36.3626702124 36.5297757517 36.8238458059 36.2300002511 36.7404168512 36.3207861022 37.1550055255 36.1686094136 36.3879080297 36.3189359444 47.8057459239 72.423851766 72.423851766 72.423851766 63.110896687 56.4096243184 71.8222415811 71.8222415811 36.4656432714 36.3165503162 37.2450295068 36.4353713131 36.3734551796 36.8619129807
36.8671602601 36.7265299842 37.0687541294 60.4950446748 61.386537621 61.386537621 57.4593937915 53.1994361356 55.9666735646 36.6264953162 36.9307112303 37.0912781688 36.7165545832 37.3343987555 37.0774544926 37.3214682838 47.4610162627 36.0955220099 66.267963183 66.267963183 37.2587780207 37.015498718 36.7913392822 36.9952093131 36.9052087144 36.5249547917 36.9999467401 69.6315088916 69.6315088916 69.6315088916 36.737309103 37.1988838397 36.3995806851 36.4564926614 37.4013957185 37.1569017023 36.3370764721 37.3280621923 36.4632556187 36.3831670079 36.7477584981 37.3663559112 36.0996017703 36.653647252 71.3026553 72.423851766 72.423851766 49.1100708983 56.4096243184 71.8222415811 37.1022956466 36.0339145648 36.9967666212 36.4360613148 36.0402602216 36.6159192898 36.37570107
36.3743519363 36.4197771342 37.3993743056 37.0926428082 37.3304586575 37.0282254298 56.0021854057 55.5766426656 55.5766426656 37.0500757123 37.2936444545 36.9224338912 36.634129303 36.972300796 37.0021663762 36.0204828599 66.267963183 66.267963183 66.267963183 36.2992532117 37.0583878178 37.0222926552 36.2250645747 37.2742862445 36.233519815 37.1835382811 36.4977107379 64.7868629766 69.6315088916 64.7868629766 36.8798943334 36.8834046615 37.3690938846 36.7570995885 37.0788715556 36.1180890443 36.6871815814 36.0980887269 36.4982099106 37.2264093138 36.5344479784 36.6890690896 36.6866623466 36.1166014169 36.027379215 49.1100708983 74.9863921286 74.9863921286 36.4056881143 37.3816321119 37.1482959489 37.1143866305 37.3672019138 36.0674737996 36.3944200325 37.0533121943 36.6559762512
36.0630098483 36.9450399863 36.999685832 37.0623762587 36.5930629933 36.4708733418 55.5766426656 66.7999778217 66.7999778217 55.5766426656 36.3800261983 36.4998833107 37.3634146027 36.3645610305 36.1830642434 36.87642283 36.4635227914 64.4779959885 66.267963183 64.4779959885 36.4501595841 36.5251325949 37.1479011118 36.496910064 37.0687338219 37.0593750774 37.0221731866 36.6946272059 68.0625397893 68.0625397893 36.6129724524 36.595058515 36.282953289 36.3093362455 36.6912538875 36.9711443647 37.1868166702 36.692776154 36.0020307138 36.9967632262 37.1238813189 36.4722689746 37.0535404203 37.2152885885 36.0892526332 68.5152476133 68.5152476133 36.6400580239 37.0484849715 36.5506648858 36.2882704051 36.1388139999 36.5496965831 36.1772522681 36.3398846431 37.0457921738 37.3478060816
36.7858410472 36.8852149089 36.8794663592 37.1023785582 36.0543393224 36.2752962666 78.0148353471 66.7999778217 66.7999778217 36.7641752272 36.2060959979 37.2031180944 37.2880191076 36.0511020471 36.4955046338 36.5099495248 36.6904146871 36.3912558421 67.7715750841 67.7715750841 36.1084225067 36.6420745988 36.1323927439 37.3183836611 37.1328834458 36.2597953912 36.6170523921 68.0625397893 68.0625397893 68.0625397893 36.6217498334 36.3727330497 37.3556942276 36.7686571829 36.8458507363 36.1316670066 37.0400638639 37.1241627771 37.1010010309 36.2694218143 36.2938580206 36.8223861177 36.7009524712 37.1779114918 36.589577894 36.5151820797 36.8133044154 36.9824276383 36.9371812311 37.2776267137 36.1751075616 36.7745705889 36.8492468659 37.150657024 37.1840035602 36.4757239518 36.188615921
36.0245760314 37.2535993938 36.1501946069 37.40079465 36.2269241973 36.7997378981 36.4912177788 69.4103285211 69.4103285211 36.1813178283 36.0296611888 37.0616081858 37.0604419394 37.0784665754 36.1288385676 36.8390671153 37.1603351332 67.7715750841 67.7715750841 67.7715750841 37.1838989411 36.7719382101 37.2984441231 36.7110040763 36.5403357371 36.1935968891 36.8974896693 36.9068353134 49.9345852162 68.0625397893 49.9345852162 37.0790830278 36.2533428578 37.3317934062 36.6396156816 36.299225959 36.6758613084 37.1611918269 36.7408915682 36.2860665436 36.5889564492 36.0609524684 36.5365182683 36.7397612946 36.7767620169 36.8227846154 36.7032695077 36.1644898033 36.1342668381 36.9742437545 37.2258450716 36.154209197 36.1946831025 36.9500241827 36.4939459801 37.3522105948 36.3263020262
36.3872331339 36.277198451 37.0919281613 36.2915541642 36.5821608568 36.915398804 36.8924831838 69.4103285211 69.4103285211 36.1437216287 36.5447592337 37.1087733229 36.6852088445 37.016809494 36.5830505115 37.194613503 36.8212053086 36.4818664846 68.6068590791 36.9041113098 68.6068590791 36.2072367659 36.7820254336 37.2164461853 37.3606328574 36.3002053403 36.6431145431 36.5379805572 36.6545282621 69.9572714464 36.8979539807 36.4687840886 36.5980502553 36.4229434359 36.1061111221 37.0958950522 37.4013358811 36.4686298668 37.1619368141 37.1732037432 36.4362612029 36.104313889 36.6298120289 36.7226617941 37.149189572 36.0416855045 37.1926229421 36.0408169723 36.4324190811 36.0478682623 36.9077521398 36.9947051451 36.1977625679 36.8352905073 36.5029516051 37.380531334 36.4034002394
36.5109907324 37.3021680831 36.9897821863 36.9721361584 37.3885912806 36.6358634297 36.0387252311 36.285256265 37.3993809343 36.3841412189 36.2147947904 36.4972604012 36.3970091592 36.6640833589 36.7475134953 36.7850432794 36.8344902005 37.1388888042 36.2441706152 74.9210239348 74.9210239348 74.9210239348 36.6463133248 36.8969613618 36.0119463926 36.8353526434 36.1532163885 36.3902287779 36.3922277464 36.2875281282 36.6777596659 69.9572714464 36.02022681 37.1633055128 36.1852483998 36.6299702153 36.210718896 36.4494168152 37.1819384496 36.0443132191 36.2964623792 36.0482246938 36.5690354678 36.3030191524 37.394131291 36.0488359881 37.3470553028 37.330137527 37.354843936 36.8140659911 36.0525192401 37.253313523 36.5269427855 37.2647755526 36.1406245987 36.4290819268 36.1705518177
36.4738729773 36.8282725204 37.1755052862 36.5229951819 36.6816559568 36.3878657125 37.2512087503 56.0794788829 36.72337408 36.4242614358 36.4918110427 36.2658546863 37.1140874063 37.2905521405 37.0420874644 36.2288744464 36.232486463 36.9334051262 36.0286397474 74.9210239348 74.9210239348 36.5020252893 36.7849785194 37.1046471208 37.2228582372 36.3210553349 37.240870925 36.1576646672 36.3349644803 69.9572714464 36.5167079919 36.6131763918 36.6203018487 36.7842235724 36.9978576272 36.1465758594 36.7713501689 36.8488582233 37.3377599999 36.194889915 36.9704030317 36.2189767076 37.0016034908 37.2871022063 36.963472453 36.9104162487 37.0392880951 37.050922214 36.2860802031 36.1695431557 36.4065898012 36.7223903877 37.4052892734 37.3501094975 65.6986004374 36.1943489267 36.2221886787
36.6806161819 37.216113874 36.0821020115 37.2073087661 36.8569595262 36.4862901284 36.7412767878 36.6464693842 36.8926163126 36.6115399746 36.2547743403 36.5785226974 37.1599764693 37.0209201586 37.0900814519 36.3050288363 36.7854166311 37.121193409 36.6194981104 36.1302988705 73.0841847441 73.0841847441 37.3138129463 36.4350645268 36.8799367101 36.9810022017 36.7828785529 36.2922716973 36.5371232601 70.2726580622 70.2726580622 70.2726580622 36.5918575812 36.2364381863 37.2961884202 37.0143093508 36.1506600487 36.3311864243 36.1624661562 36.7156449798 36.3642648976 37.3725835691 36.0954082747 36.2137577557 37.3790723834 36.9843835266 68.0649269066 68.0649269066 37.3459030782 36.1475879023 36.7625434286 37.0500178451 36.0715646507 36.0912654626 65.6986004374 65.6986004374 37.0753817554
36.2896440599 36.1748198914 36.0435327174 37.227391221 36.5112402296 36.410537606 36.4004503659 36.7329401456 56.7423723456 36.8558541905 36.8438265974 36.616932218 37.0445712828 37.1600143231 37.0131376369 36.2299072516 36.7502930202 36.8694483053 36.0168501445 73.0841847441 73.0841847441 73.0841847441 37.1019079516 36.1562597027 37.1302332684 36.7802886575 36.3528231763 37.3907526725 36.5831912322 70.2726580622 70.2726580622 36.6812269214 36.788342101 36.9942965864 37.3976547197 36.4234522146 36.3952185998 37.3123493947 36.9934196338 36.6098599465 36.7199529019 36.8055109543 36.3819530866 37.2534473113 36.5992903832 68.0649269066 68.0649269066 68.0649269066 36.4295357061 36.1487623676 37.1624123709 36.9023344869 36.2908089244 37.2752476683 36.2924193922 36.0593378377 36.7974228614
37.0629731279 37.0838034604 36.7346014095 36.302641889 37.1432172094 36.4199677284 36.8545204789 37.1251586398 36.379792268 36.3442844092 36.564441975 37.3707008966 36.4389921842 36.3510310176 36.0527134492 37.2429217075 36.9358203781 36.2731829165 36.992141748 36.10150625 36.7279457595 36.0404521729 36.1741325049 36.1480852188 36.9310996721 36.51250427 37.2805581321 36.6698296125 37.0256437207 36.8497544611 63.9034262254 63.9034262254 37.1736871227 36.0176821347 36.5211225903 36.5523763747 37.0186197229 37.1856622063 36.5801611181 36.8024556605 37.3580547299 37.3873106041 36.3833938118 37.1432160419 36.4410222278 36.9961703285 68.0649269066 66.4717090504 36.71483638 36.548126614 37.1877884866 37.1373075652 36.079972398 36.9200513991 36.8437777233 36.7411506689 36.8214605883
36.0846885635 37.4135010456 36.6908842044 36.1923958697 36.0360739452 37.3573384424 37.3100969844 36.3926147597 36.4451146447 36.1486761385 36.5562893804 37.0414508524 37.2416361857 37.2215211355 36.3930902868 36.542132619 36.4407059444 36.9143633209 36.9481676378 36.4445120167 36.1324445801 37.0670366125 37.0391276734 36.1013773551 36.2685211894 36.2561720484 36.1881080309 36.2711914242 37.2035855705 36.9562434222 63.9034262254 63.9034262254 50.6835901229 37.2926292127 37.2689861479 36.6016560858 36.6901230062 37.1371809994 36.7851842281 36.139169398 36.5973231013 36.6980602638 37.3684034039 36.125497703 36.9832961535 52.1244259938 85.3703207971 36.2118941272 37.1519167034 36.5828103151 37.2301793898 36.0668488778 36.833212516 36.8705033152 36.0807697042 37.1828950967 36.0426813869
36.8572277192 36.7165832817 36.9443850829 36.7578050092 37.0404041905 36.6480325766 36.4400434296 37.0588785241 36.4817425935 37.2614583264 36.3598621142 37.140512705 36.874506676 37.236466403 36.611557682 36.1806047776 37.238340256 37.3959857189 37.2145096185 37.0693744983 36.5236559155 36.0430845638 36.9395048698 36.8292955083 36.73248916 36.1484103656 37.3263994067 36.5557263248 36.7916200036 36.4436599714 36.0800971828 64.3927294762 36.8926262244 37.084936111 37.3912671523 37.1095425331 37.1020813369 36.8734596747 36.7352226127 37.0838349992 36.0533171666 36.9272670108 36.6282666945 36.2371784837 36.9702071837 36.148009474 85.3703207971 85.3703207971 36.4723683112 36.1406743264 36.6403593859 36.2664231458 37.3216855054 36.9225333081 37.3670453586 36.5345038632 36.9110254232
36.7536270378 37.1951161914 37.3518145681 36.6043250457 36.2880146033 36.6512791517 37.2527983608 36.2019089059 37.1051034803 36.4382142509 36.7871852125 37.0954561903 36.7078843866 36.5605584752 36.6396204199 37.1680838504 36.0041700431 36.5754226966 36.5176579717 72.1114824807 72.1114824807 72.1114824807 36.6582624037 36.9619514387 36.9056408232 36.7461513606 36.4284286352 36.361675093 36.1747136579 37.2470812307 36.0275361472 37.0628507467 36.6110474237 37.0456451612 36.2640480274 36.9882626387 36.0004429142 36.2636780746 37.1055303937 36.2156288763 36.9781641217 36.9307952259 36.5034721649 36.9496599295 36.6042681705 36.9233783024 36.7166124258 37.281908538 36.6817005088 36.585921635 36.0395232431 36.9259727898 36.1861718435 37.1169159812 36.6491205991 37.3514051394 36.3967225063
36.8688665578 36.6666487337 36.3212573809 36.1579546829 36.5030285307 36.6430181205 36.6260480636 36.4514109605 36.8241601713 36.9569814617 36.8327923399 37.1591881556 37.1516590611 36.0781687324 37.0551718466 36.5138578778 36.1301691197 36.4654521753 36.5891148836 37.3707860369 72.1114824807 37.0339692115 36.5137762359 37.2472981868 36.406720607 37.3923707068 36.7829143743 36.9500076122 37.1992566321 37.3521930485 36.3737740408 36.4272585378 36.2546372277 36.9283038839 36.8418928895 36.4197631676 36.6762505097 37.1845447098 36.3885327117 36.0272913334 36.685524191 36.61318519 37.1901149187 36.6339338814 37.0551401504 36.5683704783 36.0149609098 36.107256948 37.3893613176 36.8370252462 36.2667812956 36.5273191946 37.0217813983 37.3190991701 36.5935954216 69.2839228842 47.9155754495
36.8026201154 37.0432686957 37.1951256339 37.1524603804 37.0425578526 36.4927466193 36.7254529366 36.6598265553 36.5801347513 37.3814123659 36.7782795515 36.4224061827 36.3946336819 37.0038649084 37.2050674505 36.6760193442 37.1152978026 36.4587877034 36.8435035649 55.5882178817 55.5882178817 55.5882178817 36.9149001639 36.0455446522 37.3435046283 36.8089261209 36.7218613192 37.2726723903 36.0488064754 36.9343305161 36.1333993429 36.684653793 36.736106108 36.9425170388 37.2808437529 36.601204599 36.7757210491 37.317689895 60.2057250986 37.0986345112 36.973519486 36.0650882592 36.4501220002 64.7248701669 37.1545586787 37.3359380998 36.0702677926 36.5396661899 36.1948774606 36.3325923025 36.0075547062 93.155490032 93.155490032 36.1187148583 69.2839228842 69.2839228842 47.9155754495
36.0866155163 36.1553355993 37.0391086496 36.0096832333 36.4283180731 36.9393349017 37.0261314646 36.6430430976 36.7802567851 36.2846552087 36.9017516311 37.2618910189 36.4149193377 37.2256354101 37.0281934302 57.7698459987 37.4096903574 37.1752888001 55.9219141861 52.0524806755 55.5882178817 53.3908462952 45.2608565788 67.5427193269 67.9820573817 36.4265346937 51.7045299601 65.7695075562 65.0446407115 36.0655940489 64.9997030369 48.7372617674 36.8874570629 36.9666487333 51.8386790295 36.0330041674 36.8547193654 37.1918140306 60.2057250986 59.9156406828 36.1118405891 36.2566769485 64.7248701669 64.7248701669 64.7248701669 66.7580280799 36.0258435861 36.1006398723 37.0245449458 37.2000264367 68.9023242714 93.155490032 93.155490032 36.7997515984 69.2839228842 69.2839228842 47.9155754495
36.2883133239 36.8587103622 36.0024605454 45.2535243417 45.2535243417 81.130030027 36.203046885 53.8564291394 58.1101876798 54.6438710235 36.7807060623 66.7715222477 67.417574416 67.417574416 66.8025979433 57.7698459987 70.5540794342 70.5540794342 55.9219141861 46.4231952455 80.7865406032 91.1415551359 91.1415551359 67.9820573817 67.9820573817 51.7045299601 51.7045299601 37.1341360575 36.9617749824 64.9997030369 64.9997030369 37.4051019421 36.0716577876 62.1714910917 62.1714910917 36.0404598946 37.3899514142 36.0876374498 36.880426561 36.516043242 59.9156406828 36.2059655647 36.1307805269 64.7248701669 64.7248701669 36.0276928086 36.4367486945 37.0822643895 37.3504359799 36.0787771974 36.1574291036 93.155490032 37.1310588357 37.1243717847 37.2968288098 36.6607042709 36.4708538503
37.0201481072 36.3605779307 36.8741245809 45.2535243417 45.2535243417 81.130030027 53.8564291394 58.1101876798 58.1101876798 58.1101876798 36.0427237618 67.417574416 67.417574416 67.417574416 66.8025979433 57.7698459987 70.5540794342 70.5540794342 55.9219141861 46.4231952455 46.4231952455 91.1415551359 91.1415551359 67.9820573817 67.9820573817 52.4292610978 51.7045299601 36.3598550932 37.2787443668 36.5216810245 64.9997030369 36.1005307901 36.8752938295 36.7095665426 37.2989309262 36.6640352132 37.2193025127 36.2945155811 37.3036053439 36.6905877635 36.8629625983 36.5600444084 36.7574575753 36.8309584232 36.9701357885 37.1884344981 37.0434095102 49.4521371627 49.4521371627 36.3418370433 36.7475071475 37.2878744313 36.4025444352 36.3383322725 36.4515166846 37.2402542062 36.2721631756
37.0176450288 36.2610558039 37.3511248936 45.2535243417 36.1437158047 37.3174675254 36.7178324399 53.8564291394 58.1101876798 54.6438710235 36.7090472057 36.5054193526 36.3235204055 36.1052690184 36.6126250549 57.7698459987 36.7525197646 36.1381106994 55.9219141861 46.4231952455 80.7865406032 72.8311324655 36.050471297 67.5427193269 67.9820573817 36.5015318537 36.284578489 36.8208417233 36.8410698561 36.4140040354 37.1195126603 36.8577227309 36.016743975 36.7419624692 36.004027893 36.6311814075 36.4146647771 36.2540813846 37.3938783198 36.6735361049 37.0275089642 36.5268896192 36.8600415875 36.2701185485 37.1942468698 36.323322124 49.956803071 49.956803071 36.5142893236 37.0139568994 36.0952568874 36.6667111151 36.6801259868 36.2716526835 37.0561876793 36.5591016266 36.9183387385
