Spatial_Output/BAU/BAU_0721.asc
NCOLS 155
NROWS 192
XLLCORNER 196307.867259
YLLCORNER 449144.565805
CELLSIZE 33.573938
NODATA_VALUE NaN
[rows 50 to 74 of 192, columns 0 to 56 of 155]
25.4257256736 25.9315600481 26.2585793401 26.3051883538 27.1928884234 26.2914771725 23.5556330497 25.9117305147 23.7052659973 26.0240662918 23.997149423 24.7634718648 26.4835252761 24.0470700689 25.6233946226 24.6133836059 26.7163187172 23.9275167114 23.0576984234 26.8663015273 25.7356358354 25.3120287382 24.9283405298 25.3510619911 44.6027090709 58.8765994515 26.0563548607 25.6351609561 24.7397125115 26.5848401889 23.6843572377 44.7653000473 50.1623336941 24.5472098469 24.3171840858 23.6837589466 24.1715812179 46.8678796583 46.8678796583 47.7618728019 26.9480856084 25.2127083412 26.0123278648 26.3056925468 27.0924209887 23.6559289532 24.9834407423 23.822571182 24.3467737382 26.8084623925 24.0788085662 26.5495861061 25.4442807889 27.1392780966 26.0604965423 24.0445426846 26.8649030451
26.3743036153 24.3652261433 23.0927801532 25.393523481 23.7604508551 24.66707219 25.9247546697 26.2619199099 24.0194679318 23.6149473581 23.4126172102 25.3558462258 23.5768981214 25.6525596516 23.618801486 24.4731729899 26.2381611152 27.2285673935 23.005471662 24.6434297899 25.9295051172 27.2200225329 23.9613832301 58.170354025 58.170354025 44.6027090709 23.8308702785 59.9709383281 59.9709383281 42.4679693946 44.7653000473 44.7653000473 44.7653000473 23.7652805598 24.4793718005 23.9891091334 25.3292930824 46.8678796583 46.8678796583 46.8678796583 25.6781057592 23.6679760653 25.1320425005 24.0178080377 23.8340937979 23.9628538398 36.8800700491 54.5904973778 58.3998574025 42.1711298644 49.300674966 24.5053323408 26.8885886069 23.5934986805 24.1942660178 46.3618042812 24.9412564962
25.5812194916 26.3620308192 26.8893983775 26.7018773716 25.0747102263 23.3471677766 23.0359016854 25.6193305189 23.5951883958 26.4321733177 23.0474027117 23.555300225 24.1060466333 25.3997394009 25.9074119403 24.3808849096 23.2411134136 25.7475391039 24.6163178003 23.859863028 24.8943392142 25.8408969016 23.0806198986 58.170354025 58.170354025 58.170354025 61.3832247955 59.9709383281 59.9709383281 72.1299662441 72.1299662441 51.1931453553 25.1266378623 24.2033357297 26.8570569894 23.3304178519 27.1651052721 56.733058426 25.0190675605 26.0079019666 23.8916707483 58.0270449456 43.4084892338 23.4154436618 40.6900872369 40.6900872369 53.4075659519 54.5904973778 54.5904973778 49.300674966 49.300674966 53.5670663688 86.126303156 50.8443625206 62.8933509757 24.1597473106 24.6301117865
23.3236061438 26.0957344042 25.6660645002 23.0102404328 23.7826701139 25.8967084088 26.2044164559 24.6309273384 24.6077324358 25.8733509439 26.1113546871 26.3955882633 25.4230764567 23.4766345737 24.5960234241 24.9653218937 24.2641039099 26.4770182749 24.7151022956 27.0564513217 27.1988617624 26.9060738178 51.3157629548 51.3157629548 58.170354025 26.6926715164 24.1516549987 59.9709383281 42.4679693946 72.1299662441 72.1299662441 25.9135112244 25.7043137472 23.5359815506 24.2754415984 24.2977016358 25.6901968898 25.4236700161 24.3171658224 24.7401130744 25.8943688138 52.9446465111 52.9446465111 40.6900872369 40.6900872369 40.6900872369 53.9591937124 36.8800700491 54.5904973778 42.1711298644 49.300674966 86.126303156 86.126303156 62.8933509757 62.8933509757 46.3618042812 26.3694485336
25.5874596581 26.0796077905 26.8966415296 23.6339756307 24.1386175131 23.059881815 26.7395063651 23.7135993908 25.5887757277 27.0110819276 26.2225518246 23.8990386841 24.6730886282 26.9267471203 24.3203333945 25.4034409427 25.0687865536 25.1585460269 23.3335072194 24.2452009032 24.2334546724 24.1126756583 44.890664389 57.5585323053 57.5585323053 66.1937202739 23.8602832483 66.1937202739 24.5921239681 24.4271734563 26.4144401179 26.6873863369 25.7356373336 24.5955776035 24.5609723358 26.9179741598 56.733058426 24.4774717885 24.7793485872 52.6284897143 52.6284897143 52.6284897143 24.6064237782 25.403204602 55.6381507893 40.6900872369 49.4041315433 24.9858910713 80.9984360347 23.2683621922 49.300674966 53.5670663688 86.126303156 62.8933509757 62.8933509757 23.0648084616 25.2108794741
0 23.3628737871 26.7968673312 26.9605133528 23.2742197791 26.654492321 25.7424399708 27.186693804 24.7932378896 25.8363130302 24.9959881572 24.9808765023 23.9370284543 27.1272241189 23.061093061 26.9924976257 25.4779915576 23.7848128665 26.8912995011 23.2769894529 24.6674012277 25.3543415088 57.5585323053 57.5585323053 57.5585323053 24.3777169184 25.1669031283 24.0298274612 24.5196629212 25.8326261709 26.1367786136 23.9522476045 25.9743359611 23.4160826662 23.2785285926 25.0430225365 24.5422136394 25.5223278896 24.6422713497 36.2659150063 52.6284897143 52.9446465111 36.2659150063 25.6991980011 25.2271584375 26.083411803 25.6614513125 23.0353949509 24.167428554 23.0708218456 24.4485549341 26.3677549016 24.2176466944 50.8443625206 24.481052584 27.0383210698 23.2672707653
0 0 27.0446955731 25.13616008 24.4929413754 25.009407336 23.0771154235 24.3679394455 25.4080007409 25.3682677363 25.5001699005 25.2297171015 25.669545879 24.2857792926 25.1597504807 26.7572448187 24.5321412424 23.5639848063 25.8696361525 23.3399881606 24.4361284724 25.1433982334 26.1959435619 23.5297138964 42.3957266257 51.3925229891 66.6979046735 23.3488286199 25.6822429988 25.5967622347 25.8660700503 23.1389399446 41.6110166295 27.0658832399 26.941005283 26.8544697215 27.0470940641 23.5850776001 23.1538839196 48.1037849856 36.2659150063 36.2659150063 23.1378014223 26.0586034252 25.3354536943 24.2938822069 23.2304681254 25.9092595279 26.9553535909 24.5891900628 23.7069704297 26.9345939939 23.673211769 25.1998450972 27.0214428112 26.8666621533 25.4539187236
0 0 0 23.5945886858 23.4079887309 25.3627563565 26.1752966338 24.7671143238 23.6906900341 26.3134202772 23.2263098861 26.5068392876 26.3186114487 25.5104161574 24.3666134008 25.983263258 26.6576111996 23.84750726 23.8817540895 24.8732351746 25.0712256204 23.1864647379 23.6965669904 42.3957266257 42.3957266257 42.3957266257 38.3915088385 66.6979046735 24.5010375362 23.3390592232 23.2082928515 23.9154709141 41.6110166295 41.6110166295 41.6110166295 24.5389164776 24.3355276848 24.0171724644 25.6575304126 59.0647555078 59.0647555078 25.2138103959 26.9194103208 26.1083713065 23.5007929742 25.9634444366 25.2561134176 26.3286430101 24.9049518975 26.5703495005 24.1620259044 24.0592314309 25.0716197774 25.7149398721 24.1533865433 24.8343345003 26.0398750936
0 0 0 0 27.1965163708 23.3905542014 26.9125884482 24.4938828973 25.5692706586 23.1543556 25.2801355244 25.1029218283 24.6182057911 23.2506969331 25.1860240629 26.1043026306 23.6701140464 25.027556045 24.5077608612 25.6888399929 23.2852190794 25.5105131979 25.472265494 23.6595394363 38.3915088385 38.3915088385 66.0707508723 26.6145836671 26.9977438326 27.2341300326 25.9106419361 23.0197061253 41.6110166295 25.4932241435 25.927235642 26.2474495774 24.6469079895 62.5043008688 56.3788550517 24.562919858 61.1545289158 61.1545289158 23.8591623602 26.1752709924 23.2592491588 25.929222159 24.1205610685 26.1894136589 23.9510728544 25.2747003741 25.8019485887 23.3033824203 25.3989225031 27.059864359 26.7361872754 25.2975453156 47.3504747878
0 0 0 0 26.6299056014 23.5596025726 26.1815686287 24.0343316529 26.7499206708 24.6410666777 23.9844954554 27.1583610198 26.3131289457 25.8273160589 23.1962222544 25.1552291545 27.1067865445 25.6633488695 25.8029975957 23.9261384016 24.666856412 25.7778090284 23.774070542 26.1743633544 23.6175992642 66.0707508723 66.0707508723 66.0707508723 66.0707508723 23.6358996798 25.8962966185 23.9855081005 25.3239299963 24.3262390908 61.3844089206 49.2431983299 49.2431983299 43.5108200754 26.5507164175 46.403525596 61.1545289158 61.1545289158 23.4904457766 26.3691522231 25.0068432362 27.1893550594 26.3415734448 25.8762443293 25.9627140127 23.6509874776 25.3215037922 23.0852743144 25.162895361 26.8532980682 23.737142547 26.0992511358 47.8894718607
0 0 0 0 0 26.6974820014 24.2730296044 25.7431991612 26.5761074064 25.0561057351 23.6902790672 26.3754258258 25.5547286868 26.9964882789 24.3527329004 23.8170270073 26.9522400853 26.0226868825 26.147910788 26.2099021931 25.1980267759 25.6455732941 24.3543811783 25.2657634452 24.4122641719 45.8736870893 58.065431964 58.065431964 23.7856222726 23.2091914295 25.5489904896 62.7115249278 26.3501995249 25.8471251277 61.3844089206 61.3844089206 49.2431983299 49.2431983299 26.3441840215 56.3788550517 58.8771495395 24.3273828808 23.2047848286 23.8562606426 27.2197940862 25.1324581027 25.520420023 23.0847382635 26.0022383667 26.191362671 24.9947981398 25.7424356742 26.1703690961 25.5399872914 23.5355520708 23.0121630026 51.3454248267
0 0 0 0 0 23.9543117368 23.6231261686 23.4222516442 23.7017132908 24.0376381106 24.9706820645 25.074895173 26.5752225361 24.0248336537 23.8774714436 24.7310712532 25.1155071559 23.3106760222 25.0483288643 24.1142946797 25.2153894873 23.9841939439 25.9530055726 23.0396297865 24.1878280106 23.8255260373 58.065431964 25.2964377626 24.4001725516 25.5330749624 25.9458790736 26.5003903268 62.7115249278 51.3683185226 61.3844089206 61.3844089206 49.2431983299 43.5108200754 25.9267842491 27.0267864284 71.7579697524 71.7579697524 44.3695314685 24.9986102403 23.9805364254 23.0235381397 25.6538146983 24.0323079958 23.8388510776 26.9950414374 24.2516744665 24.3807848655 23.706094676 26.7674386951 23.5018803013 23.2326888414 23.0921727167
0 0 0 0 0 24.3474190338 25.4333602025 25.4376616117 26.5565186923 25.4175700712 27.0939403004 24.6370263055 26.7459204271 24.7010553817 24.8555874524 23.1629176623 24.2728012132 24.4200239452 24.5794095021 26.3466620105 23.4444595628 26.8969648631 23.8786534786 27.1549667233 23.5271331853 25.5783623261 50.4921925859 50.4921925859 26.9830743105 26.0615977185 25.7467232432 25.1158795024 51.3416278781 50.1058832637 42.0813506626 50.1058832637 24.0852848805 26.9861311759 25.5983409395 71.7579697524 71.7579697524 26.4071108284 25.0734560551 26.7198151796 25.8032000912 25.5673084224 26.3220187171 25.6129403479 26.906354142 24.0930581881 24.9983308244 24.8677576658 26.0446695633 24.557146822 27.1623636688 26.8520805838 56.7957865923
0 0 0 0 0 0 26.5003850535 23.5780418444 24.3486702585 26.6996100691 24.5441869717 24.4222746948 26.9791838242 25.1948343059 25.333432717 23.1833188836 25.5519042705 24.6644880322 24.8458345243 23.7626170386 23.7719449154 23.288495541 25.6372058771 27.0268668903 24.8423424753 24.8843215361 25.4685541906 25.1045388994 24.917050877 26.7797539616 27.1704404503 23.9860160034 24.6283578937 42.0813506626 42.0813506626 44.1184711104 24.1344821705 25.7492508158 23.9170348565 23.2756719604 55.2695223923 26.4241460835 25.7041283317 23.0369871002 25.8172022233 25.0618956992 23.9690241076 26.5875646363 24.6152424336 25.8027371388 23.8097151651 24.239968906 24.940660669 24.7622626613 24.1473051285 24.6798399301 78.657605019
0 50.6543402332 61.609138521 63.162841419 90.4520669693 90.1341036086 90.1341036086 24.0907393002 24.9267914443 26.1815020834 23.8190707876 23.6821687093 26.7024181802 26.9174073409 26.7390126642 27.0139867958 25.9766290224 26.2181882333 25.1787547313 23.4997202373 25.4780274951 23.7863105105 25.6016380713 26.6402518458 25.3799956712 26.3041010267 23.2995116177 24.5883507488 26.1948870048 24.955860318 25.5456935364 25.5677730206 23.3555559123 36.7140926931 42.0813506626 36.7140926931 24.3063565271 25.1268833522 24.301849659 23.7927077382 55.2695223923 55.2695223923 55.2695223923 24.7539125723 25.0454695632 25.3823797469 27.1581471421 27.0919920732 25.3198864315 23.4092965615 23.6527654041 26.8819655091 27.0672025722 23.6734078995 23.4732723325 24.588928643 54.6153251847
0 61.609138521 63.162841419 63.162841419 90.1341036086 90.1341036086 62.2621900181 55.2431041974 25.1756514863 25.249924418 26.2649160687 25.0618366049 25.3822113462 27.2346409121 26.1244371386 25.355676356 23.8745686297 23.7486636716 26.9294723745 26.4949785472 23.1272359183 26.8957679801 25.6041142596 23.5784403011 27.056463921 25.7209552678 26.183319459 64.9042800655 27.1346995976 24.6559735552 25.2766759221 27.1419133266 23.4186511774 53.6892422425 53.6892422425 53.6892422425 23.0333405955 24.5441817376 25.3952266398 42.4866245947 72.57061198 72.57061198 72.57061198 23.6560090739 26.4983553969 25.2484661595 25.4440166271 23.7003335431 24.3607702375 24.9277980684 25.8826670638 24.7503027939 24.1207454919 23.4542857423 26.9737665068 23.024268971 23.2514683457
0 60.2311324439 61.609138521 63.162841419 90.4520669693 90.1341036086 48.1364962042 56.9368719669 55.2431041974 57.2044620077 25.2639610773 25.9073809601 23.1856771969 24.3243699963 70.2648264387 24.1749072892 26.1127883064 68.9721284605 23.3273784881 53.6668235139 24.9781009945 25.1958462562 44.7846451828 56.563833336 51.6843855386 59.1757224573 26.6721322021 64.9042800655 40.4472696591 56.4116150074 45.5797905673 72.1117237184 68.8355996418 27.2358996168 53.6892422425 62.8347902185 40.8311439724 51.8228912184 37.8669328521 37.8669328521 27.2117778071 24.352038006 26.4878384976 26.140387656 25.5121025663 25.0205809318 24.1583362816 24.4287349789 25.7763900027 23.583647493 23.8153782829 24.1325329846 26.9241282984 24.611806797 25.1236002589 24.55687825 24.1334521533
0 53.8418273205 55.7805383582 54.4355182535 54.9599982163 49.0445187615 58.0173193881 54.6620215063 56.9733557118 56.4260651493 56.4260651493 23.0095700677 25.7221681134 23.9549332948 70.2648264387 24.9546242065 68.9721284605 68.9721284605 53.6668235139 25.5776402674 24.9846828391 44.7846451828 44.7846451828 44.7846451828 51.6843855386 55.9441101406 55.9441101406 55.996491402 40.4472696591 40.4472696591 72.1117237184 72.1117237184 68.8355996418 68.8355996418 62.8347902185 40.8311439724 40.8311439724 51.8228912184 51.8228912184 37.8669328521 25.2651675584 23.1894433965 26.9028882742 24.4759165642 24.8772905864 23.1151667913 23.6378308999 26.9363442246 24.2464359465 24.5926587195 23.5438403975 24.7616429815 23.2845965799 26.6858834662 23.3445178073 25.1500103471 33.8292094058
53.8418273205 55.7805383582 55.7805383582 54.9599982163 54.9599982163 50.7876583615 54.6620215063 56.9733557118 56.9733557118 24.6371334753 26.6903635701 23.3411303835 27.241416456 27.0655533105 26.398882629 25.9078863733 68.9721284605 68.9721284605 53.6668235139 53.6668235139 23.7841613376 24.3293233838 44.7846451828 44.7846451828 51.6843855386 59.1757224573 55.996491402 55.996491402 40.4472696591 56.4116150074 45.5797905673 72.1117237184 68.8355996418 67.5625927 81.4690774272 62.8347902185 40.8311439724 51.8228912184 37.8669328521 37.8669328521 26.1309541239 26.7562502014 25.1665138934 25.7949809374 25.6741544707 26.1106659736 26.7780686567 25.8906331891 25.7721075026 26.9607903025 27.1372869951 23.6024967715 25.2094181156 23.3645706411 25.957247059 33.8292094058 33.8292094058
0 53.8418273205 55.7805383582 49.9439372046 54.9599982163 48.5337929169 50.7876583615 54.6620215063 56.9733557118 24.2612622517 26.7480632925 26.2007335257 26.7518915589 26.6854542662 24.5471224606 27.078216233 24.6220455266 68.9721284605 26.69080333 25.608377327 26.2683739223 25.2087931695 25.2499486899 24.6779729781 23.6824080289 25.0694537612 71.7720090961 71.408465123 71.408465123 26.5200775388 25.0508638725 25.1160686698 24.702943749 33.7978024014 33.7978024014 70.3039829342 25.2528236971 26.5502319921 23.0019061552 24.1562256439 26.5233462327 25.781632927 25.4034627117 27.1537909236 24.1742524048 25.4415244758 25.6501631659 27.0833438074 23.1925644055 25.2524396879 24.9274332237 26.0174784152 24.3863766087 25.9552863351 23.5439752397 25.4508338841 33.8292094058
0 0 0 0 0 0 0 0 0 24.2704820832 24.8121341835 25.5744142818 26.8381229651 26.6067096903 27.0995034157 25.0959121454 23.1440810092 26.4592567607 26.1297459125 24.2362389818 26.465587873 25.0019925665 25.3454047036 25.7172906064 23.6472356785 26.1262728666 25.7986109646 71.408465123 71.408465123 26.9608175887 26.3354444777 24.5796546265 25.2585260335 24.6479217879 70.3039829342 70.3039829342 70.3039829342 23.9241581886 26.3758841726 23.7605373689 25.6150758361 23.7826188214 62.0833366485 25.2974001565 26.9743277399 27.0554466455 25.8853621961 23.7577936138 24.286159488 25.3733177531 26.0667311699 23.4354458477 24.9328907749 26.7191312681 27.1894484018 23.58475575 33.2970033014
0 0 0 0 0 0 0 0 0 27.074012971 26.9756234822 23.5191047986 26.2183286583 23.2510694449 23.5185049592 23.132327692 23.1725060523 25.8113319643 25.5297683415 24.3368893174 23.6245736279 26.6879874501 23.6384691347 23.511776088 27.0095333896 25.713672164 24.6379653403 24.5935994515 59.7701315279 59.7701315279 59.7701315279 46.5408776066 25.5252451415 23.6867870126 26.5826582333 26.114063141 23.1641992787 24.8604460476 26.0521646352 27.1451505006 60.1569015841 60.1569015841 60.1569015841 23.630140383 25.5539241034 25.2712891071 23.6055538701 26.2466671972 24.718838444 26.3359095417 24.5262304738 26.4076583164 26.6524310851 26.9074164087 24.3532478706 25.0740609076 24.3829915354
0 0 0 0 0 0 0 0 0 23.7191432174 24.6924046613 24.1397949933 23.1941070529 26.4792333478 26.2757696412 27.0920932349 24.9939730533 23.4210905719 23.8599205544 26.0144814962 24.8247210849 25.4229393942 24.0016544521 23.0037319573 26.1549198822 24.546444023 26.3337668731 25.9200923048 41.3118032453 59.7701315279 59.7701315279 27.0481580918 23.9414281083 27.0219615779 27.01311982 25.406205525 70.0732249115 47.7407114565 23.3370410715 26.0699527586 60.1569015841 60.1569015841 60.1569015841 26.2643508862 25.9267222071 23.1468840544 25.0357477971 26.6024788013 25.1625120608 24.2858793696 25.2062588566 26.6169267746 23.2744645801 26.9858375538 23.9560742224 25.9140438698 23.4054155432
0 0 0 0 0 0 0 0 0 24.8324916037 24.739155672 25.9202867651 25.1362573421 23.7682380115 25.711841695 24.1093960985 24.7742116485 24.8847810878 23.4382923581 26.3509081204 26.7840812707 24.7004865343 23.599376089 26.975295735 23.7875278282 25.7647875416 24.5125267101 23.4865909868 25.8695597272 54.2535905499 54.2535905499 54.2535905499 23.0421450774 23.8276875209 25.2277529616 70.0732249115 70.0732249115 70.0732249115 27.1670475907 26.977165914 44.3253297909 53.6455006162 25.4837542166 26.5349134361 23.7086359249 24.047718514 25.5597688152 25.0366015376 24.8905084229 26.9652212722 24.4536243883 23.4441112769 23.8792785374 27.0985479901 25.0686292453 23.2381848699 25.7717249332
0 69.2314019752 80.1236992038 0 58.3068292644 72.2944043687 68.3628347603 0 0 0 23.3262100675 26.1861932549 23.7129331458 24.039378264 24.5141871751 25.0167344946 23.9491883482 24.5372007547 24.4806170848 25.9489508025 24.7593773928 25.8005724092 25.0206127013 24.9514394892 23.4906302947 25.172861701 25.6175076422 25.7125657726 60.8060409612 60.8060409612 60.8060409612 54.2535905499 23.7275554868 23.5001118457 24.5303328841 25.835642577 27.2341041044 23.5507514439 25.6730351702 25.0749618822 26.8308305903 25.693542651 52.9357064556 68.7170460219 26.0588727342 25.5434805901 24.8690853596 26.6877233817 25.914812434 24.4619762394 23.0907390892 26.1108715044 26.2711521863 25.5540375578 26.656945286 24.2198534032 38.2611198337
