Spatial_Output/BAU/BAU_0546.asc
NCOLS 155
NROWS 192
XLLCORNER 196307.867259
YLLCORNER 449144.565805
CELLSIZE 33.573938
NODATA_VALUE NaN
[rows 75 to 99 of 192, columns 0 to 56 of 155]
69.2314019752 80.1236992038 80.1236992038 58.3068292644 58.3068292644 80.4101538359 58.1193782535 58.1193782535 82.7754590203 72.2813109616 80.1200983016 58.3681737716 28.2832527846 27.3604695975 28.1317346528 27.0393010957 27.8629618145 27.0816670214 26.7455516829 27.2273108735 27.9356114351 27.1836857691 26.6220037998 26.6517044759 27.6038766494 26.6964292585 27.6602818875 27.765539088 64.0446804923 64.0446804923 52.0543278162 26.9048632582 28.2423819518 28.5551576509 26.9403831747 27.3273736169 69.7539303328 28.5610696672 27.2161474866 27.7466429082 27.1513040305 57.8613024102 57.8613024102 28.1282304754 28.3886352326 27.4599286557 27.2388160317 27.8982880166 27.923432833 26.7367924665 26.5048050823 27.5009415333 26.8233503982 27.4920174673 28.1227474985 43.2077027721 28.4416004791
0 80.1236992038 80.1236992038 58.3068292644 58.3068292644 58.1193782535 58.1193782535 58.1193782535 72.2813109616 80.1200983016 79.9143645716 79.9143645716 27.9941239987 28.3382825411 27.9123464077 27.0640116217 26.9728514988 27.0572065658 28.3118996589 28.1079368205 27.7408366886 28.0595693382 27.0727822649 28.4817828445 27.215493752 26.8054273354 28.2983822817 50.5241892483 64.0446804923 64.0446804923 50.5241892483 27.4787336891 27.6376450346 27.572250082 26.9793094076 26.6996511376 28.5658073622 26.9928072357 26.9707211625 28.423605671 26.5716143824 42.9341329441 42.9341329441 76.1425276374 28.1815674226 27.0672689592 28.6000830695 28.1074117787 26.9002639428 28.2888607678 28.0545452261 27.9289469383 28.5298106986 28.1269950936 27.6832944978 43.2077027721 43.2077027721
0 0 68.9333533432 0 58.3068292644 80.4101538359 58.1193782535 72.1247218142 82.7754590203 55.0262340624 80.1200983016 61.6571955174 26.9173373989 28.2776178247 27.1452924544 27.7969803881 27.3283913099 27.280397135 28.1510667735 27.3941276533 27.6606471339 28.5010772723 27.4832791187 28.2087899143 27.7115861579 27.372729062 27.205769298 62.4134628823 50.5241892483 50.5241892483 67.4073449969 56.7882183303 61.4581876228 72.9565939305 28.3404047133 71.0166497937 27.4205651775 27.3470656333 26.6871341803 27.4674151796 26.6295530337 60.0588334219 60.0588334219 60.0588334219 27.1684066892 27.1079822643 28.5627114346 27.9907773423 27.6762343415 27.9212702556 28.3459719245 26.9961733802 27.1328588205 27.4044231228 26.9772834475 27.4513523873 53.8826381802
0 0 0 0 0 55.873470135 55.873470135 50.8540532368 55.0262340624 55.0262340624 55.6269156131 50.389303169 50.389303169 27.9641803158 26.8523087254 27.8957100736 26.5834430241 26.7699638269 27.1462966586 28.3662719995 28.4314738292 26.8429586044 61.1697853711 67.277902061 46.5062893564 44.8308167837 28.3183781013 46.1305638925 38.0294372589 39.7076243277 56.7882183303 61.4581876228 61.4581876228 72.9565939305 71.0166497937 71.0166497937 26.6813404334 27.7315815873 68.7368530577 28.6104879368 63.5427182959 60.0588334219 60.0588334219 44.124407228 62.8666534191 72.2315465816 52.9164442271 55.4659459997 52.5276373454 51.959303956 28.4830376247 49.396810428 49.714585175 27.4756314165 28.1796829986 53.8826381802 53.8826381802
0 0 0 0 0 55.873470135 55.873470135 50.8540532368 55.0262340624 55.0262340624 55.6269156131 50.389303169 50.389303169 27.0209863823 28.1144573019 27.7851976102 26.7910652357 27.3637607719 27.873980077 27.9301159893 26.8241956546 61.1697853711 67.277902061 67.277902061 28.5352360355 26.7821559673 50.2630866773 50.8692826271 50.8692826271 50.8692826271 64.0595060127 61.4581876228 61.4581876228 56.5861442358 71.0166497937 71.0166497937 27.1998911174 27.8726686398 27.4022636036 27.8286637777 63.5427182959 63.5427182959 55.0003726736 53.5379280828 62.8666534191 72.2315465816 72.2315465816 55.4659459997 55.4659459997 52.253604021 26.5823796969 49.714585175 27.7379436692 44.9048260196 28.3178020609 66.6866878398 66.6866878398
0 0 0 0 0 0 0 0 0 55.0262340624 55.6269156131 50.5601407336 0 26.828472116 28.0216027798 27.6018202514 28.1724460967 26.8243801551 26.9528493032 26.5387935144 28.1572969342 27.0702134714 61.1697853711 67.277902061 27.3012596808 45.5534967179 52.7603297974 50.8692826271 50.8692826271 50.8692826271 50.6299560692 59.7129494673 47.284594581 56.5861442358 56.5861442358 56.3994507729 28.0493595031 26.6244766424 26.7402817034 57.0307105245 63.5427182959 63.5427182959 55.0003726736 53.5379280828 62.8666534191 72.2315465816 72.2315465816 52.0772860187 52.0772860187 70.7618419487 27.8338373283 72.7616241746 26.9899822823 44.9048260196 28.2425538017 58.9079913743 27.6910236048
0 0 0 0 0 0 0 0 0 0 0 0 0 0 27.3028436959 28.0015915963 26.7161298457 28.5027033632 27.9724951401 27.4958387068 27.246991012 26.6810284249 27.5141418992 27.6412706544 70.2472015726 48.6253456437 48.6253456437 50.3468737444 50.3468737444 50.3468737444 27.4493586706 28.3091570538 28.4295953608 27.9913515061 26.6931472754 28.4416133819 26.9095051431 27.8016149507 26.5018640937 27.9035780492 26.8853592649 26.8471442185 27.3996885895 28.006028025 28.6042578524 39.2552176492 27.6307500451 52.0772860187 52.0772860187 70.7618419487 70.7618419487 27.6236435348 27.5875552558 27.676006574 27.4048556904 26.73121111 26.5580134087
0 0 0 0 0 0 0 0 0 0 0 0 0 0 27.6075760868 27.4284971364 27.9831191598 26.7397691393 27.934123115 27.6932650787 27.9914768122 26.8643533168 27.6468601817 48.3243435926 45.6225107041 48.6253456437 48.6253456437 48.7299545908 27.1892131564 28.4875525876 27.9748831953 27.7052004968 26.5408251116 27.4444002842 27.3035639262 27.6378501971 28.4401078439 26.8268063784 27.8293977565 28.1301023142 26.7072073333 28.3157715519 28.4633584147 28.2643784429 26.8874383535 26.5840281637 27.7827054192 52.0772860187 70.7618419487 70.7618419487 27.9842001725 28.1165524089 26.720522775 28.1501607379 27.163763071 28.2122587574 27.2341223859
0 0 0 0 0 0 0 0 0 0 0 0 0 0 27.9570839084 27.675181994 26.5523516909 28.5146640376 27.6783177651 28.4907666621 66.9042941524 28.5890401161 50.0985283103 48.3243435926 48.3243435926 70.2472015726 60.2653375731 27.2161175189 26.7545943812 28.0200636573 26.5918441415 26.8496319118 26.822003661 26.8019601248 27.0307513628 26.6795272856 28.3259861725 27.2164254969 27.3889469897 28.5179399056 26.5478435 27.6049942595 27.5238912555 26.7033199645 26.541620418 28.5946491317 27.210448732 27.6267014528 28.5279399673 79.6856775738 79.6856775738 27.2577965632 26.640195949 27.9693343433 27.4218925885 28.3420067181 28.5570703662
0 0 0 0 0 0 0 0 0 0 0 0 0 0 26.9011286715 27.3054120796 27.3765450891 27.365158113 44.9449521828 71.4479186126 66.9042941524 66.9042941524 63.0284924153 48.3243435926 48.3243435926 45.6225107041 26.5807601163 27.8490625122 27.9970078648 26.763050341 27.6362308412 27.6812208735 26.5097634037 26.9722318876 27.272681849 28.0582398209 28.6125165723 27.5070189812 28.0170027525 27.6878311119 27.5785478244 26.6680354434 27.3180903942 28.3682351382 28.2356880796 27.4421912696 27.5845460237 28.2842376675 27.5295782894 27.5131016123 28.1922640513 28.1963968268 28.2695972384 28.284433944 26.5836095519 27.4949247893 26.9155345657
0 0 0 0 0 0 0 0 0 0 0 0 0 0 27.5501742351 26.953204801 27.977697623 27.258466977 50.0589437702 50.0589437702 66.9042941524 66.9042941524 66.9042941524 63.0284924153 27.954769549 26.7452605406 27.9216482016 28.3305731986 28.2241475731 26.6314676379 28.0244300647 26.794174896 28.4796699627 26.9190377696 27.0315561151 27.6504893774 26.6987694443 27.4374602239 27.3473872687 28.2236241707 27.9238963729 26.6349743126 27.0029888054 27.2330434253 27.8302423427 28.1129060015 27.3314322636 26.7372082727 28.355300213 26.7363683106 27.1170246991 26.5546671924 26.920967762 26.5699596157 27.3131180708 27.3688907134 26.752121085
0 0 0 0 0 0 0 0 0 0 0 0 0 0 28.2706012089 27.1396993925 26.7710578334 52.0209630553 50.0589437702 50.0589437702 57.0210599154 27.5988493693 28.3443618107 28.4569590267 28.2247589069 27.6119422137 28.5985434583 27.9687478468 28.2340324212 26.9769266013 28.1414260187 26.8417563195 27.6167512679 26.8365746846 27.9286809471 27.9307183359 26.9875942753 28.6036206487 26.7569566761 27.4650127191 28.1743723849 26.7983511794 27.3726834769 27.9122128722 27.0814094095 26.8083084437 27.4408548088 27.4253435985 27.8545873613 28.0718427991 27.6602454376 27.2950182364 26.7696184324 28.4899026323 27.4783602451 27.185612814 28.4428353279
0 0 0 0 0 0 0 0 0 0 0 0 0 0 0 26.8431160129 26.7153946565 52.0209630553 52.0209630553 26.6132458485 28.1029832309 28.2934138662 28.1454092303 27.3006486538 28.2037676149 26.7260871205 28.036286312 26.7516729971 27.9104233268 26.6734396703 27.4764278315 28.3199937066 27.378645411 28.5485599907 27.5817149326 28.0230433212 26.7846500946 26.7153530982 26.5585321764 26.9945610951 27.2477802852 27.6779234093 28.2577321346 26.9800323878 26.7912007872 26.5220621444 28.3823641446 27.1085365086 50.0172702888 26.6802746546 27.1686858293 27.4146411718 26.8756510338 26.5279685467 27.9565849951 27.2235148555 26.5084435148
0 0 0 0 0 0 0 0 0 0 0 0 0 0 0 51.952361505 51.952361505 52.0209630553 52.0209630553 27.9708556102 27.0160492438 28.5724578603 27.7391747859 27.8249548601 27.2986891749 27.2950575181 27.2851025931 27.4593158806 27.8233940518 28.0065885126 27.6228666014 27.9908693767 28.4698934963 27.5591957168 28.0500205414 27.3348823518 26.8299681788 28.4877608812 27.1930496759 26.5210245131 27.6561584772 27.9197193453 26.9654464972 26.6883725515 27.9701938244 26.9219657197 27.7214326446 27.2460131258 64.9606189066 44.1127857791 64.9606189066 27.8956764958 27.1627685545 27.6201012026 27.0573486288 27.8758981763 27.1221165982
0 0 0 0 0 0 0 0 0 0 0 0 0 68.3048298922 50.7029997904 51.952361505 51.952361505 38.6586193679 26.516959151 27.6951740766 26.8995983806 27.585454707 28.2979507557 27.143683187 27.0117951945 28.2174450478 26.5233478335 26.9577261362 28.0470799224 26.5393156049 27.7527417111 27.3812748715 27.1650154528 26.6878127793 28.1973752274 26.5968593686 28.0488452942 28.2561999343 27.704634296 28.084379912 27.2662878732 27.1196649396 28.0426440591 28.3753499461 26.6970176362 27.3020988485 26.5135305052 27.227341651 44.1127857791 50.1370264368 50.1370264368 28.355671442 27.5976364164 26.9708849471 27.2404364096 27.0378956944 26.6272778351
0 0 0 0 0 0 0 0 0 0 0 0 19.4061417901 19.9593600096 19.9593600096 51.952361505 51.952361505 51.952361505 27.1952748798 27.1558104036 27.9915541555 26.920643045 28.3971257998 27.64395517 28.1667797519 28.1819862882 27.5656303922 28.4632764496 26.6336636744 28.5499039621 28.17794082 28.1423429036 26.6292103139 27.3890478056 27.0157432839 26.6849657038 27.5350859495 27.3849104781 27.7880905975 26.5689894602 28.0423761878 27.5073588159 27.2499665744 26.6783468733 27.1527552483 28.2381388664 28.589997604 53.3563089596 50.1370264368 57.535014251 57.535014251 28.4438948398 27.5082321862 27.3687210621 28.5501673324 26.7339008108 26.7660561424
0 0 0 0 0 0 0 0 0 0 0 47.7812287714 47.3593208992 19.9593600096 19.9593600096 50.7029997904 63.2644766612 0 0 27.2410751927 26.7597336338 28.3922904376 28.2938493701 27.9512284675 27.1273605268 27.2741807424 27.1059552252 28.3737261864 26.8105077608 27.407053781 27.8475123842 28.5280175107 27.0870788171 26.62824104 27.0131269165 27.6631225983 27.9099172887 27.4441720632 28.2768265333 27.4535015753 27.51397563 27.9506123632 27.0833907285 27.8932349202 27.9933932659 28.1129591165 26.9751597844 40.0684642236 40.0684642236 57.535014251 57.535014251 26.7874055378 28.1028027727 27.9494422873 27.1190865549 28.351536021 27.4644867264
0 0 0 0 0 0 0 0 0 0 64.0522000836 47.7812287714 47.3593208992 19.4061417901 51.901302243 47.7492009431 0 0 0 27.5498462179 28.0559632058 26.75079547 27.5352187128 26.8795252346 26.6172243292 28.5314582718 26.8621580377 27.9932848811 28.5769744492 28.283997978 26.6298491914 27.5132511961 27.7884717474 26.5063500553 26.7144456919 27.5446254189 26.7943595936 26.9093787078 28.4658073005 27.2378620075 27.2422732143 26.8575961038 26.9886606535 28.4845831323 28.2169249575 26.5969011981 27.1505007675 48.5934941913 48.5934941913 61.4346825423 61.4346825423 52.5102730109 27.4505940996 27.3351248108 28.4179063394 27.6710911266 28.469971954
0 0 0 0 0 0 0 0 0 50.1255155763 49.8058965772 47.7812287714 47.7812287714 47.3593208992 0 0 0 0 0 0 27.0230346196 27.0990591982 26.5950416974 26.9396055745 26.5324025649 26.8681599291 26.9148083627 26.5699376483 26.7407212521 26.6601475459 27.8481855831 27.9098555026 28.1322400909 26.9686717198 27.7451539523 28.3394919573 28.5108319835 27.7170932821 27.6783685396 28.1974446439 28.4971876091 27.9919061241 27.1287625976 28.0456616997 27.9586125391 28.4382858905 28.5943756988 28.0347542297 48.5934941913 61.4346825423 61.4346825423 28.5782266535 27.6682853723 27.3045759727 28.3916649984 28.0236054211 26.7602919013
0 0 0 0 0 0 0 0 68.8933493782 50.1255155763 50.1255155763 49.8058965772 49.8058965772 0 0 0 0 0 0 0 0 0 27.8990972796 26.8506602331 28.4833014756 28.2894296334 28.1580101762 28.4294577523 26.558501546 26.5137687446 28.3198870197 27.1426116561 26.823709613 27.8543423164 26.5656864557 28.049613517 27.3795275445 26.7654598496 27.8236371663 28.0160115457 27.4294146053 26.740455995 27.6314567146 26.5535227199 26.969301947 27.3630633617 28.6098165492 26.6880701853 50.516476403 50.516476403 46.9812151357 61.806396819 27.766479411 26.5377917861 27.4099942478 27.491519908 27.270383242
0 0 0 0 0 0 0 0 68.8933493782 50.1255155763 50.1255155763 67.0373508753 0 0 0 0 0 0 0 0 0 0 26.6541690345 26.6278484727 27.8871587824 26.7884878462 27.0590753331 28.2539312134 27.8466005131 28.4237251006 28.121764431 28.5684966428 26.6306987198 27.8327703187 26.8473486494 27.2465267267 28.0694734079 28.3374505482 27.5141898828 28.2643909505 26.7274556787 28.3816826147 28.1351936891 26.7734869465 27.8568322055 27.8762753741 26.8908749708 50.516476403 50.516476403 50.516476403 27.0161457019 27.6493858112 28.0663725899 26.8207853541 27.5278142802 27.689913201 26.9475364765
0 0 0 0 0 0 0 67.3651589034 0 0 68.8933493782 0 0 0 0 0 0 0 0 0 0 26.5296353182 27.6893343975 27.3789911063 26.8460549956 28.5603326365 27.9553586569 27.9056259544 28.2822263504 27.1339977758 26.8022318949 27.8550003029 27.7598192208 27.2222929624 27.0484453245 26.7614054666 27.726867336 50.3939226541 70.6850340843 47.3076246788 26.9535089906 57.0182166261 55.2726326324 49.2156577437 27.6565005314 27.9210832871 27.8119642401 76.074723495 75.0952680727 28.3999834786 26.8882613596 26.6107978289 27.3617049035 28.5145352411 26.6468548676 28.2595592561 28.2538839843
0 0 0 0 0 0 0 67.3651589034 67.3651589034 0 0 0 0 0 0 0 0 0 0 0 27.8221038307 28.341128115 27.0952147322 26.7795411191 28.2712394738 27.1789737123 27.1529329626 28.0360105633 26.9564256637 26.5438096934 27.8802213307 27.1409388146 28.4578824652 27.2488142713 42.6387547331 69.5842578248 41.2511588548 41.2511588548 56.525025327 26.6565202904 26.7156152983 55.2726326324 52.8363892591 52.8363892591 64.6409718801 64.6409718801 43.2931527757 52.6343686845 75.0952680727 75.0952680727 28.0648042069 27.5254137879 26.5402892749 26.6724710652 55.9087359493 55.9087359493 28.0375038001
0 0 0 0 0 0 0 0 0 0 0 0 0 0 0 0 0 46.2433281802 0 27.115511186 27.0183387077 26.8955878788 26.8711107534 27.768979007 27.6942753521 27.4826193198 27.9691691427 26.5209655356 28.5248160266 28.0415832865 27.1040475941 27.0290878644 27.8175684703 44.7585167654 42.6387547331 42.6387547331 41.2511588548 41.2511588548 56.525025327 56.525025327 57.8482240925 52.8363892591 52.8363892591 52.8363892591 64.6409718801 64.6409718801 52.6343686845 52.6343686845 52.6343686845 65.0314196613 37.4685849258 26.5741371749 54.7061446485 54.7061446485 53.3230776088 53.3230776088 53.3230776088
0 0 0 0 0 0 0 0 0 0 0 0 0 0 0 0 46.2433281802 46.2433281802 46.1376829441 47.1594175295 27.1621474145 28.1187991749 26.5900187311 28.0913409362 26.8603511546 28.1879695643 27.5789158164 27.9693159572 28.447787301 27.6729136806 27.3192777227 27.055155436 45.1588340126 45.1588340126 42.6387547331 42.6387547331 28.4369851647 27.7448482402 56.525025327 57.8482240925 59.8897059932 57.0182166261 52.8363892591 52.8363892591 27.5914417462 64.6409718801 42.5503588599 52.6343686845 27.6678965616 28.3289305068 27.0178764369 26.7487302921 26.9164185046 27.7195908111 53.3230776088 53.3230776088 53.3230776088
