Spatial_Output/BAU/BAU_0137.asc
NCOLS 155
NROWS 192
XLLCORNER 196307.867259
YLLCORNER 449144.565805
CELLSIZE 33.573938
NODATA_VALUE NaN
[rows 50 to 74 of 192, columns 57 to 113 of 155]
45.0325229037 44.6569742138 45.1677237231 44.8222272585 45.1646040638 68.5751259684 44.995439044 44.9406734153 44.6887930475 44.7411376024 44.7149314626 45.1681981954 45.0254596197 44.645632091 45.0127482382 44.9968660347 45.0824698814 45.0631525645 44.5972190608 44.8266427104 44.8105039602 44.5280971016 45.1823605968 44.7673447194 44.8162043212 44.9517401323 44.6603406161 44.8418447707 45.09864497 45.1295133359 44.626256231 45.0018715721 44.787473538 44.9758602123 44.6701711143 44.9459688357 45.1166514979 45.1833555114 44.5973687412 44.736822684 44.5198915196 44.9800942439 44.9330289013 44.7748116187 44.7292011982 44.6903937212 45.1124964662 44.7253510734 45.1694493263 45.1539266789 44.6495387093 44.93423097 56.5180059035 50.4794825956 50.4794825956 59.211549059 72.2228585458
44.6364130484 44.7366655422 45.1467751594 44.9485042896 44.8655011889 44.7995570976 44.980194989 44.7327279088 44.971189045 44.9071957331 44.9688129184 44.9286180705 44.8020281724 44.6089267335 44.522195064 45.0070985706 45.0359792499 44.6718992071 45.0110323533 45.1556820756 44.9429443137 44.9995145384 44.9324001353 44.988966353 44.7197617187 44.8574827435 45.0087743487 44.8110433801 44.6538543534 44.6805390846 44.5982616104 45.0902302883 44.6385548814 44.6840365201 44.7342027615 44.7555827386 44.5871626795 44.7727905618 44.9432342355 45.1452360238 44.6443918531 44.7326429016 44.6787371507 44.7564224607 44.9182107228 44.5867509863 44.9023437601 45.2055561355 45.0622018509 45.0583390683 45.0518365442 44.6656158601 56.5180059035 50.4794825956 50.4794825956 50.4794825956 70.4547598522
72.2762357317 44.8845460246 44.5501435117 45.092432181 45.1828417976 44.8620672549 44.6349921183 44.6270256689 44.8913717424 45.00796286 44.8295122111 44.9848084812 45.0223547864 45.1359567984 44.9685139001 45.0361052499 44.877304294 45.0103800433 44.587190476 45.1322820403 44.9162819757 45.1772982887 44.9195788553 44.6558762965 44.7810901012 44.6590755464 44.7110818692 44.727692693 44.9934973195 44.6496540834 44.6900830255 44.6944891085 45.0990277514 45.2027193335 44.7879255428 44.6298815474 44.9505207707 45.0316800287 44.8531938767 44.644615972 44.7817203369 44.8586085197 45.0875493931 44.8166045855 44.568636585 44.925540484 44.726884752 45.1711686284 45.0806685789 44.7320238528 44.9084789981 44.6477647827 44.6786430123 44.5601799326 44.5437408279 70.4547598522 44.8689118978
45.1650688354 44.6921805887 45.0541274648 44.5770195585 60.0424975813 44.7007466996 44.6540416077 44.5412946639 44.8380481073 44.6628286947 44.5710360603 44.6936796881 44.5432193778 44.6810114875 44.6966686588 45.198773561 44.7472923573 44.7369671182 45.0965688597 44.9569992802 45.0026968404 45.1642100724 45.1985988924 44.937205893 44.8629266297 44.7887228159 44.7882158641 44.9655180631 45.1819695844 45.0131562659 44.6539900262 44.9616642697 44.5863241487 45.1741463759 44.9980734368 44.9817457796 45.0779045705 44.9819081067 45.0049969055 44.5795419983 44.544212214 44.5209135775 44.9875740653 44.8780595246 44.6629251595 45.0528622676 45.0340942608 44.8737326414 44.8193538766 45.1726574843 64.9308874553 45.014002695 45.06120395 44.9863217425 44.8675284278 45.0475718583 44.9750508127
45.0297987271 44.557587404 44.9436531268 45.1864024726 44.8222994681 45.0234474779 44.7258192317 44.8686435865 44.5378846092 44.9873466075 44.707935464 44.520796787 44.9146444396 44.6019556915 44.5786735444 44.655124071 44.9355847961 44.9482060923 45.1231971826 44.6636049488 44.6938820638 44.7499621942 44.5496862671 45.0295638462 44.9140984017 45.1959741823 44.66699595 44.6489878048 44.6989251041 44.9852647695 44.625595924 44.9824746481 44.6262289566 45.1170236276 44.6774787864 44.5987102004 45.1287071086 44.9646825419 44.535237205 45.070804583 45.0616003062 44.6286161394 45.193533686 44.9230656425 45.0387612828 44.7468598485 45.0720425715 44.8709035528 45.0675668145 44.5981155041 44.8547992897 44.5813680357 64.9308874553 45.1419032709 44.5091037214 44.9314368095 44.6069965734
45.0429506353 45.0706054617 44.5772061794 44.9810022594 45.0005914105 45.1517965525 44.5300668408 45.1860740309 44.5270025869 44.794021487 44.9574550866 44.5310027207 45.1167727511 45.0326470965 44.8121154665 44.8189701321 44.658133727 45.0537377365 44.9151491893 44.9787520284 44.7426171503 45.1153891363 44.7523695193 44.9616358001 45.0066272084 45.1119757648 44.7835920418 44.5147473923 44.7956077475 45.0642565079 44.9564793694 45.146849838 45.0030064714 44.7788870834 44.5714866637 44.7370196911 44.755743986 44.90425782 44.8171201364 44.6800103141 44.938369986 44.5603713871 44.5963602767 44.8259043499 45.1982783991 44.883003181 44.8604319265 44.542425813 59.2149485853 59.2149485853 59.2211099292 45.0257918293 44.9529447911 45.0137390981 44.8463232927 44.6877761326 82.1289466042
45.057672901 45.0064404403 45.1920270688 44.937404177 44.5784507608 44.6214790236 44.8603380924 44.5004897503 44.9042706748 44.9026709585 44.758338947 45.083338032 44.9666370592 54.4660443908 54.4660443908 45.0193845712 45.1169792624 44.5981545594 44.6506822363 44.8395836025 44.5661726067 44.8462956152 44.5479678796 45.1903939757 44.7231153026 44.722683651 44.6939464602 44.869684437 45.0559064236 44.9139352991 44.7554188046 45.0139249437 44.8579229807 44.9516961125 45.0165031965 45.1707640697 45.0748847748 44.9499852581 44.5693991958 45.0844090628 45.067234958 44.6022628869 44.6226111454 44.9376116858 44.9795243295 45.0957554672 44.7117084971 44.8696447184 59.2149485853 59.2149485853 44.5689576846 44.647238238 45.1602192972 44.8140139962 44.5936721645 44.5680105285 44.5242194753
60.983752753 60.983752753 44.9350851957 45.1683068959 44.7832547722 44.9389993172 45.1656530409 45.0042651748 45.1008403789 45.0633366889 45.1281156213 44.9206600775 44.623054817 44.9970394726 54.4660443908 45.189671151 45.0989913157 44.6040634369 44.7924176922 44.6323799355 44.6563057337 44.9922318938 44.871613844 45.1446006819 44.885249689 44.8068456205 45.0583620061 44.8200922181 44.7899530293 44.6977901486 44.5185817143 45.0116121205 44.8008887878 44.5432794769 44.7666308717 45.0762538881 44.9467523835 44.5962503083 44.6474417927 45.0075598474 44.9788490774 44.8670341001 45.160527971 44.7174723042 44.7668289752 44.9763899794 44.8750153669 44.8714109412 44.7974656825 45.1897633271 59.2149485853 45.1388322428 44.6068573997 44.8071288399 45.0403144551 44.872076553 45.1834011725
60.983752753 60.983752753 60.983752753 44.862379036 45.106450904 44.6785475504 44.8613683714 45.1084717613 44.6561049697 44.6213179212 44.7856737678 44.641580836 45.1637260293 80.9922437661 80.9922437661 44.9528672302 44.8112834291 45.0410902668 45.1627576234 44.6482019067 45.1846610346 44.6969607761 44.7086210803 44.6956003862 44.7235656315 44.7144889435 44.6131439806 45.0369840283 44.875348262 44.6073705969 44.8130973157 45.0800574492 44.6502103539 44.9587910986 45.0473821229 45.0335933422 45.0080640574 44.6144989167 45.0895683784 45.1185964417 44.8028323209 44.8987233986 44.8713220775 45.1579743546 44.5687025282 44.5233778355 44.7532454612 44.7230300363 44.7828855497 44.6890459126 44.5247724916 44.6428930799 45.1849276331 44.7483948211 44.8730092502 44.6819445529 44.61208342
59.3349841695 44.8944535036 45.1506824282 45.136776837 44.8536550231 45.0758647699 45.1319881164 44.7344621105 44.6561903587 44.9719592928 44.5671142228 44.6844544473 80.9922437661 80.9922437661 80.9922437661 44.9109510499 44.5463817851 44.997803046 44.6392394981 44.965580901 45.0445921373 44.5038005979 44.8276539812 44.9686214557 44.7083004677 44.9527992477 44.8594302129 44.5364742102 44.5376286419 44.5285328304 45.1811601962 44.5440543336 44.6522262242 44.7052805251 44.5549100796 44.5306847387 45.1377240011 44.7246121991 44.6288150536 44.6486966519 44.6585083485 45.0929791209 44.6049620562 44.6616666706 44.7493579876 45.1545676071 45.1293984693 45.1994672809 44.9033650669 45.162956567 44.5689692514 45.0065667404 44.5946195205 44.5397877019 44.6149794565 44.7510056584 44.8390767979
44.856868516 45.1830511997 45.1400304056 92.778183051 92.778183051 92.778183051 44.5297148138 44.9517839402 44.8324980743 44.7603651538 45.1724362876 44.5065271511 45.1833631857 44.8375791869 60.2615803846 45.1452889972 44.8371835242 44.7322377026 44.557056896 44.6990235714 44.5480480836 44.760587462 44.8250487037 44.5354229816 44.8276988811 44.9186352134 45.1963957595 44.6324750114 44.8474668372 45.0002093507 44.8927806591 44.5546972664 44.6839887365 44.7442698854 44.6751428919 45.1501671839 44.7625632587 45.1452256474 44.8829266013 45.0948441983 44.6162438795 44.5660199242 45.0485086463 44.5697058368 44.6996659431 86.7732516873 45.0345443634 44.9582602343 45.1101251061 44.9474015774 44.9475651937 45.1144591866 44.7719675633 45.042609631 44.9187709497 45.0547784324 44.7376855759
44.9608074483 45.1948375778 44.5544903448 92.778183051 92.778183051 45.0683328957 44.9913875312 44.813705588 45.1864502892 44.7698531996 44.9079697939 44.5374576242 44.9933269757 57.7372041005 57.7372041005 44.619458347 44.5483781044 44.718838802 45.0842987084 44.6951595951 44.9122492577 44.6032549281 44.534135886 44.9549965503 44.74835128 44.7356218491 44.8290265633 45.1626011039 45.1163410165 45.1986284913 45.1486827963 44.8624520915 45.0200895895 45.1869665891 45.017290417 45.2043284922 44.8992477663 45.1023206312 44.8208920626 44.6147059685 45.1603256855 44.5916169339 44.7375525597 45.0436029718 44.9488018515 86.7732516873 44.9101001113 44.6055003305 44.7186998946 44.5473491204 44.5372294704 45.0782166328 44.8899052882 44.6457851821 45.1414359535 44.6794658913 44.8549368814
44.6375800624 45.0171430865 45.1424437481 45.1652835435 74.9118606733 45.0146329965 44.5611972753 44.8218783033 45.0266330814 44.5755631025 45.1917447267 45.1771352769 57.7372041005 57.7372041005 57.7372041005 44.9695207599 44.9405414127 44.6842771684 44.8648388683 44.9722478418 45.2014266966 44.8873815 44.791864683 44.6765986714 44.8298654173 44.8492611212 44.8676003929 44.7803925272 44.9665682847 44.7912844729 44.6848255983 44.7800793368 44.9136750342 44.9023269786 45.042576776 44.8506168824 44.6628688944 44.8453243557 45.140075252 44.7357489142 44.9328021268 44.9160291124 44.7735540753 86.4106781826 86.4106781826 86.7732516873 45.0611105019 44.9558038377 44.8298268033 44.8283388509 44.7192341342 44.8349802392 44.9152126682 44.6083469825 44.7276659812 44.5349057723 44.6912937257
44.7354629538 44.6159448947 44.724447069 44.8576645813 64.5962076088 45.0374231231 44.757885626 44.5478574476 44.5328787909 44.7198802144 44.9386068898 44.5117774876 45.0313789222 44.9016192892 44.813880861 45.1134601114 45.1108687378 45.1948867852 45.0527724175 44.8938214192 44.8027763259 44.5521491087 44.7349959553 45.1729896014 44.965066653 45.0993565886 44.5168183695 44.6408232793 44.9582839787 44.6660187079 44.9681949351 44.8010607308 44.8271072126 44.9549217375 45.0917423883 44.7641381944 44.9032630303 44.9800810061 44.7365394705 44.9817513761 44.9104314832 45.2065202324 71.3367916927 71.3367916927 86.4106781826 44.6129229506 45.1578979037 44.9213423048 44.5466507722 44.8493845943 44.5378816159 45.1109129644 45.098271888 44.7783199166 44.5709413045 45.0059460599 45.0558001121
44.9340221111 44.8544263869 44.5496697535 45.1991014204 44.6240887337 45.0951088348 45.1206195154 44.6425018609 44.6414857667 45.0363078293 44.6598779823 44.5629107515 44.5702681818 45.1895250648 70.7298149641 44.6673633236 45.1464872454 45.0333484846 44.6646581146 45.0010000572 45.0575145406 44.7927039634 44.9432286955 44.5215533595 45.0159388128 44.8122830799 45.0310841639 44.5069824815 44.9240353514 44.537385667 44.6275416704 44.8544091629 44.926387146 44.7782313626 44.574400453 44.5338510846 44.5678626336 44.5759675265 44.9085510288 45.1134768751 44.9868302044 44.8181008767 71.3367916927 71.3367916927 71.3367916927 44.9823620748 44.9978941695 44.6149733164 45.027852543 45.1984429254 44.6672361138 44.7670895343 45.0504012491 44.6781315762 44.5683162961 44.6825265747 44.6209372021
44.6943294445 82.8746209319 44.6524326034 44.583819602 45.071018328 44.8348045079 71.6395366195 45.0783306679 45.062078356 44.8758636438 44.521903341 44.9282626768 44.5299054135 44.5772629347 44.8852579345 44.5962584564 44.573353257 44.9235650667 44.9324710983 45.020025985 44.6439203731 44.6384502005 44.8218563778 45.0712243508 44.6942480825 45.0270602733 44.5692699961 44.5523765351 45.1199414276 45.0744649056 45.2011074546 45.1879837426 44.7929499967 45.0200696739 45.049558056 45.0605272236 44.5906877187 44.8983526248 45.1535757729 44.5347106256 44.656299369 44.5835126217 74.3731456826 74.3731456826 74.3731456826 45.1998748097 45.162835133 45.1856970121 44.7684291791 44.9218119943 45.1518506615 44.6044888002 45.1381773107 45.1018160005 45.001963048 44.6739998433 44.6671314377
44.6873364916 44.8341413732 44.968568514 44.6217858716 44.5196916639 44.7556550315 44.5196911302 45.1067659797 45.1951310457 44.6802958902 44.6087218728 44.65383267 44.9078316656 75.5023026757 44.9467111262 44.9470362764 44.6057772904 44.5071597424 44.8953717401 45.1564465551 44.8826961201 44.7551730628 44.5374042185 44.9961172181 45.1956318437 45.1082428605 44.8997317861 45.0707112099 45.1240328868 45.0267402566 45.1580576471 44.6910798902 45.0030320948 44.7901006807 45.1819880775 45.1437436913 44.6865624772 45.0586924242 45.1173650322 44.9680640951 45.2069687829 44.7911463209 44.6216055766 61.4682849889 61.4682849889 61.4682849889 44.960487528 45.1717848405 44.9571944387 44.9654418125 45.1131960944 44.5421651628 44.7568613521 44.5333455188 44.9291834191 44.9219088354 44.6605671349
44.7960169819 45.1963086045 45.1207398383 44.7004907688 44.9198200122 45.0032095777 45.2005140986 45.0143832591 45.1756621175 44.7173863298 44.9165422056 44.9217283307 75.5023026757 75.152197236 75.5023026757 45.1328424331 44.5214357521 44.6723181669 44.628037932 45.1383639345 44.5763129951 92.0421892784 44.9879118128 44.6836032464 44.690474585 44.960408044 44.7502526456 45.20456294 44.7754724682 44.951071813 44.8291350076 44.7671594569 44.6457258564 45.0510464517 45.0780083877 44.8417286861 45.2021067276 44.7551963221 44.6561198202 45.051875719 44.8012220749 45.1238711002 44.7693774858 61.4682849889 61.4682849889 45.1524448718 44.684803294 44.7640237737 44.7584268332 44.8444981679 45.0660696075 44.5497429096 44.7085088675 44.9621171729 45.0940866436 44.7783955315 45.1429075956
44.5866808456 44.8692963297 44.9729179857 44.6314866806 45.0110574994 45.0817709476 44.6956607061 44.8438396246 45.0008008182 44.7109348473 44.5105837117 44.9493051733 45.0111478432 44.787976517 69.160416623 77.8891705218 77.8891705218 45.0089506366 61.709314944 44.8722267899 92.0421892784 44.72715201 44.5260587962 44.8407287449 45.0667215112 45.1990875767 45.0295693561 44.740552305 44.6399285272 45.1285686021 44.6190105585 45.1954889305 44.7547389919 44.572938644 44.934454926 44.5956758125 45.1267518751 44.933307304 44.6219121211 44.7245358923 44.9146347199 44.7003520635 44.6560410557 66.5426393658 66.5426393658 66.5426393658 44.7926049548 45.0736815859 44.6998578427 44.8316520344 44.9403244188 44.8281904679 44.9212945302 44.9525609911 44.9759522408 44.6300240373 44.5386295479
44.9179257522 44.7619030998 44.8593183001 44.9156155498 44.7425378784 44.7794305623 45.083084324 44.777837772 44.8093487651 44.9907955269 44.605139005 44.7278365283 44.6301924536 69.160416623 69.160416623 54.8142303698 77.8891705218 45.1588162845 44.8792808462 44.7202158733 44.7293627324 44.5005064342 44.8984680639 45.0265812977 44.7289124283 44.8828514156 44.6277310077 44.5154366699 44.540348594 44.7878145591 44.5928884309 45.0387959003 44.9893456274 44.7353653933 45.0149982697 45.1128999003 45.0526154599 44.5522207199 44.6500096053 44.8830494002 45.081874292 44.8917724959 44.7358704106 63.8679060509 63.8679060509 65.2744985768 44.7050811053 44.8375894273 44.7300141392 44.6872469281 44.8297684691 44.6996336991 44.6172815825 45.0737894065 44.511616509 45.0772077046 44.9357675964
44.8962595433 44.793536182 44.6628117862 44.5299486569 45.0769644918 45.1804975199 44.7248606133 44.5644374676 44.8582069579 45.052991223 44.6180673879 45.0124225302 44.7893226081 54.8142303698 58.8441199043 58.8441199043 45.1292438829 45.1012981007 44.8372969386 44.9932981757 44.8042561228 44.6918266232 44.8683243606 44.6792625771 45.1202235539 44.6870037788 45.1935851261 44.6900032454 45.0852367555 44.6919168534 45.0623047156 45.0225863197 44.5438959005 45.0790402232 44.8530118391 44.9631417234 44.6594975668 44.7586405277 44.7927244519 45.1383816706 45.0729911008 44.7216728004 45.1161488071 63.8679060509 63.8679060509 63.8679060509 44.5050753519 44.9273082248 44.5571909346 44.5453400008 44.5999127076 45.1839151465 44.7162380688 44.6157610326 44.9685512185 44.8307400239 44.7825431823
44.6420130671 45.0217992777 45.0490260731 45.0423228413 44.9235713773 44.9745601564 54.7320596375 44.6604264975 44.8583995841 45.1735062889 44.5965984747 44.5344415143 44.5178398244 58.8441199043 74.4986865817 74.4986865817 44.6769002025 45.1561313432 45.0671086227 45.1985959457 44.6443137442 45.0503356465 45.1326374777 44.8272674781 44.8339766242 45.1886360099 44.6955793309 44.5563539776 44.5750264973 45.0499295514 44.5915525774 44.9495690011 44.5361798725 45.205227913 44.5146814152 44.5422872283 45.1643876135 45.2060788118 44.7843226635 45.0654367174 44.9623295134 44.6932849163 44.7302706684 44.6359822112 57.2795161057 65.6967525027 44.7699198782 44.5952643691 44.534203677 44.6335318153 45.1232615001 44.9642700523 44.8636539331 44.649763799 44.862394642 45.1750955826 44.9126584123
45.1547636773 44.6207981533 44.9022761233 44.6178600748 44.5742879915 54.7320596375 54.7320596375 54.7320596375 45.0413937407 44.6102315349 44.9252086125 45.0367486685 44.8436229365 45.1268207376 74.4986865817 74.4986865817 74.4986865817 45.0333046284 45.1490365776 44.9499646769 44.6687921762 44.5519339875 44.5102395354 44.6995995763 45.1731030131 44.8671204203 45.144474672 44.7375723999 44.7274557579 44.7412124001 44.7029449454 44.890019465 58.1781197933 58.1781197933 67.531640132 44.8263029348 44.9273243377 44.577840695 45.1178315837 45.0061126861 44.9629514193 44.8100785624 45.1393488185 44.8624349811 57.2795161057 57.2795161057 57.2795161057 45.10169008 44.5774951681 45.1197297585 44.6264922986 44.6942182319 44.6442074701 44.8501643883 44.8022443787 44.5817405246 44.5225640335
44.8648477952 45.1051039344 44.8136398515 44.726881483 44.5923007776 44.5224260634 70.8603078733 44.507090186 44.939827322 45.1563804243 44.9355840938 44.632561527 44.5099773493 44.9848285943 74.4986865817 65.3637734245 85.2221750122 44.6508240254 44.7763882409 45.1796407049 44.6654179298 75.5005552763 45.1293534746 64.4036955818 44.7062855463 85.0618955135 85.0618955135 45.0547066305 45.2021825998 45.0029942587 44.7259423781 45.2054205715 58.1781197933 67.531640132 67.531640132 67.531640132 66.7629487533 44.5533028665 45.0880818664 45.1286991524 44.660163602 45.0064756041 44.753346051 44.9767716887 57.2795161057 44.8461330869 44.5794746859 44.7490884599 45.1886853134 44.7206826099 44.877506409 44.6119025073 44.6244364537 44.8584352065 44.9290509002 44.7720663967 44.620628792
44.6450560089 45.0012872878 45.18759708 44.9917165876 45.0751333111 44.7192799321 70.8603078733 70.8603078733 45.1524859279 45.048840563 44.9837557801 45.1318157254 44.7661632843 44.5877559595 85.2221750122 85.2221750122 45.1998930021 44.5536092919 44.5137767398 44.9120293304 44.7599527167 44.5763540958 64.4036955818 64.4036955818 85.0618955135 85.0618955135 85.0618955135 44.5589217003 44.6534049908 44.5130873101 44.9923148005 44.6503643755 58.1781197933 67.531640132 62.8841035167 45.1666875138 66.7629487533 74.7596671426 74.7596671426 74.8538176753 44.7332275881 44.63686642 44.8547284264 45.1371044645 44.8998785057 44.6643810221 44.5494619833 45.0044032317 44.8027053831 45.1777486 44.7265475762 45.0882092741 44.6511624894 44.7346444619 45.0926026199 44.5566100597 44.5584597029
