Spatial_Output/BAU/BAU_0223.asc
NCOLS 155
NROWS 192
XLLCORNER 196307.867259
YLLCORNER 449144.565805
CELLSIZE 33.573938
NODATA_VALUE NaN
[rows 50 to 74 of 192, columns 57 to 113 of 155]
46.8229048138 46.1625919101 46.6637074563 46.1279486865 46.1062561075 46.7493708482 46.2262699075 46.9526557139 47.2007847738 46.1267055737 47.1169135731 46.1060288685 46.3642440365 46.3081192431 46.7179182698 47.360739726 46.6368300145 46.9525986261 46.9279975333 46.1744831447 46.3483144765 46.6285349242 46.0056967163 46.5311405451 46.478926149 46.4843963662 46.4036604325 46.4566213755 47.3786094102 46.364327607 46.0370042223 46.3676371814 46.8686768068 47.381343039 46.2923920384 46.6013270722 46.3264961687 47.1928468036 46.979055543 46.3573258154 47.0200887031 46.1268790689 47.2122485992 47.2535819797 47.2797275997 46.0588894421 46.6993577985 47.2955138223 46.9404310506 47.0459224109 46.4934436007 46.8643767267 57.7669751103 60.5734055756 60.5734055756 78.0135213238 65.4896924803
60.9785007929 47.0420611551 46.503604776 67.9385923327 67.9385923327 46.2531367246 67.9385923327 46.7575069295 46.9777223762 47.1841733775 46.0200153966 46.3929904324 47.307762897 46.0684714553 46.6639472212 47.3310062376 46.8912423338 46.6313497154 47.2916086289 46.2248107304 46.8932969515 46.6309707407 47.1496386908 47.0666827421 47.041125802 46.9086057677 46.3312596634 46.133880951 46.1732638249 46.2380272911 46.6449073429 46.2725845094 46.0572762573 47.0745169008 46.5129207726 47.2551702226 46.5511303834 46.6279885341 46.7344148705 46.6310788683 46.4095738586 46.9443710236 46.0500099852 47.2761477201 47.1874714607 46.5363329028 46.6180829839 46.4105299659 46.8453565375 47.3948210515 46.6227935689 66.1071461311 58.732127208 60.5734055756 65.6748478968 47.1755622283 60.304989642
60.9785007929 60.9785007929 46.6474743418 80.7696893962 67.9385923327 46.9360452587 46.7071766883 46.7964502071 47.0586037675 47.0918190401 47.0486917672 46.7499162447 46.1437266993 46.7754369556 46.2593458522 46.3906083824 46.1499595413 46.7368710498 47.1399567998 47.3259698033 47.1692837351 46.1885175723 47.1801236001 47.0874123879 47.1559220544 46.3442010905 46.2767935051 46.6929738461 47.0090388132 46.5248542816 46.7589958657 47.405131912 47.3095264196 46.3625364579 46.4518143274 46.1430449163 46.4893217353 46.080756185 46.9213056766 47.3167991517 47.2457803743 46.945212177 46.7262957467 46.6542963981 46.7312650722 46.5837321959 46.0069301017 47.0949357506 46.8055597575 46.5409571835 46.1798405415 47.0902349388 66.1071461311 58.732127208 57.7669751103 46.3860984422 60.304989642
60.9785007929 63.6661300562 46.4337795087 46.4103410226 46.5126983234 74.840522252 47.1597831556 46.8151853011 47.3946842671 46.6994648524 46.028345957 46.8625723621 46.9646968202 98.0196085594 98.0196085594 46.9206786043 47.2799528655 46.8127246593 46.0064735898 46.9357310721 46.4292655166 46.7055188592 46.1299753416 47.0632819707 47.1080542318 46.444289603 46.627221655 47.1149618323 46.6006164872 47.3642113424 46.0797088415 46.8455330831 47.2857785725 46.314158432 46.4607831658 46.1739476132 46.1379766369 46.0227435082 46.3066740349 46.7319333724 47.1175396669 46.0334187578 46.4268677989 46.5302976158 46.3188860407 47.150381432 46.9043984488 46.4946157409 47.2930326939 46.2291274416 46.3421705737 47.1047394919 47.1113276236 46.503072708 46.8253801031 46.3812715623 46.0211912945
77.4859001955 46.4613087467 47.2308949752 46.4364761161 74.840522252 74.840522252 46.233061727 46.8474157752 46.3012899849 46.1096835614 46.2622860004 46.9064171097 46.1575903304 98.0196085594 98.0196085594 46.238042825 46.8097918146 46.9780241306 46.9227678473 46.1367176412 46.6816875912 47.2026358011 46.597525174 46.1952677594 46.4472285715 46.6137887765 47.2377984983 46.6465104582 47.2363673575 46.2928321607 46.6949883459 47.0981539123 46.1376309368 47.298705195 46.8199734156 47.0960998752 46.7614645211 47.1581836563 47.3159668882 46.1839229563 46.7755831085 46.2798510064 46.9381735514 47.373636797 46.1583309371 46.7691995015 46.863208291 47.2474799887 46.8595772036 46.6202290884 46.3657578442 46.4475963382 47.3877010246 46.0438171338 46.1205415074 47.2940809937 46.8108484232
77.4859001955 62.3113324601 47.0846458201 46.8805437249 74.840522252 47.1813848625 46.0120269191 47.1475569607 47.2945780979 46.3100491741 46.8200119894 47.0042201394 65.1007820937 65.1007820937 65.1007820937 47.4138649341 46.4822553772 47.2567409955 46.0322778154 47.0788038198 46.0680341597 47.285848347 46.7730773699 47.3157520843 46.8016491998 46.831328358 47.2063161269 46.1460671118 46.7973718065 46.2005928217 46.9705502307 46.2196078708 46.4217256898 46.9562761649 47.1555310744 47.2854361199 46.2823461454 46.005367818 46.2886770355 47.2394261797 47.4080908314 46.3292703482 46.0146075004 46.8796700709 47.2082668608 46.2517590218 46.0055462326 47.1728798284 47.400707656 46.7235846721 46.4512020793 46.2178148252 46.2811592318 47.0331326178 46.1588357144 46.1388601891 82.8114620529
77.4859001955 62.3113324601 46.0260403704 47.1824171435 70.3193029466 47.3866174019 46.4297181533 46.1762110265 46.1076018379 46.8116758673 46.6459116135 46.6841133824 74.077474993 72.126725277 46.2605362513 46.8749764874 46.130156234 47.3859724386 46.3771974412 46.01665832 46.6405629846 47.3056500295 47.2794473864 47.1141710887 46.1671321465 46.2846052674 46.2752401471 47.1262086067 46.4042213001 47.2902033182 47.2970054182 46.2885686573 47.0341629018 46.9015684614 46.2381900538 46.8404101444 46.5084481538 47.0553699513 47.2192024863 46.5016921046 46.3033107289 47.253208917 46.3975850872 47.4123961561 46.5421419413 46.7582770558 46.2164144045 46.360086242 47.3876597425 47.2205804818 46.1059736856 46.1917346875 46.5036194244 46.8826800818 46.193761251 46.078383089 46.3337424492
47.3815830082 46.0368653372 46.2901206316 46.5896049628 46.5383140054 46.5224476486 46.8796071355 46.3771017888 46.6165475126 46.4943419431 46.8278757932 46.1525035676 72.126725277 72.126725277 72.126725277 47.0945053438 46.5198257055 46.6588751304 47.2457147927 46.6730203707 46.7237990273 46.9513025544 47.0091193601 46.4979709149 47.2440088971 46.1337796816 47.0621178987 46.7561229516 46.9359869368 46.976286345 46.3492454376 47.219483437 46.962562351 46.1459758632 46.4444425904 46.8619889683 46.4277674934 47.2197850412 46.3357026486 46.0483332135 47.116711049 46.0327561563 46.1967382037 46.1852424326 46.5836903888 46.0794903006 46.6170875156 47.2906994001 46.4026818943 47.0244336939 46.5741796913 46.779780669 47.269250409 46.1903928529 47.3418400929 47.2253469425 46.7223290228
46.3708600584 46.211606631 46.6824222741 60.6028924363 79.4284480462 79.4284480462 47.1813620205 46.7917698934 46.633804157 47.3888216275 46.004256738 46.8251412447 71.2244146567 64.6755418795 71.2244146567 46.3938718454 46.8503589802 47.1397905408 46.285580163 46.0985731279 46.4367199251 46.954897976 46.5507332969 46.357012197 47.3504683019 47.2925002604 46.5689761609 47.3482976455 46.6439940982 47.0750165513 47.1192439342 46.9628100988 46.2673103381 47.2371442223 47.2480935193 47.1037638031 46.396868464 47.2277686812 46.7720351065 47.1288524631 46.9202724074 46.9707528011 46.9948713194 46.1566117463 47.0193874702 47.0956356035 47.0872065067 46.6955939231 47.2386166496 47.0904412129 47.098706934 46.1265768108 47.1834712843 46.1125805939 46.5864198561 46.7518307826 46.251546485
46.0564165736 46.9461643761 49.2911705053 49.2911705053 79.4284480462 79.4284480462 74.6337627084 47.3091160544 46.8316234488 46.0698397277 46.0629602923 46.2796949377 64.6755418795 64.6755418795 64.6755418795 47.0282454628 47.0181921596 47.4012519993 46.7427901636 47.184366321 46.5722191369 46.1109544996 47.0417349178 47.0019466764 46.781862205 46.3724085954 46.9906047335 46.878228219 47.3436219173 46.668860821 47.0820384454 46.4554165733 47.2721637693 46.3922281503 46.8006068092 46.311451008 47.207734117 46.227159788 46.6272397609 46.517180225 46.0282475973 46.3878163682 47.2037983419 46.3867440414 47.242070392 46.3947808967 46.6177490488 46.3293096356 47.0586279326 46.8112555334 46.3444844613 46.452907082 47.1089512282 46.0104223942 47.1504495767 46.8361664099 46.7462074552
46.3677505606 46.2370818362 46.2357460304 49.2911705053 49.2911705053 46.9061226741 47.0526808446 46.4250696131 47.0227234275 46.0970620977 47.3034893968 47.3474350514 61.4081529548 62.2052056996 62.2052056996 46.2654151872 46.1765456004 46.2905291664 47.1877776847 47.337331665 46.7116973253 47.3762405952 47.0939786014 46.0289785531 46.4992260624 47.1222224021 46.5000697678 47.0559372081 46.5850796148 47.0462001698 46.182220717 47.0136019117 46.2434016696 47.2238597714 46.2881176858 47.093074582 46.7873267615 46.517147853 46.9110534555 46.4480446677 46.1233029351 46.7640445342 47.0738759755 46.6154415487 60.6094927801 46.7176865354 46.1470611726 46.6471315608 46.8159150278 46.5240054062 47.0816025504 47.0775231223 46.4727860454 46.9997159859 47.12919582 46.2389350758 46.7958748354
46.2717953778 46.4007339058 46.1168821083 47.1006474746 47.0707417865 46.5809320781 46.1942032906 46.3991607338 47.1474110752 46.3875397732 46.6214998075 46.0528154217 61.9898126586 61.4081529548 46.6545892896 46.1193883863 46.3991100765 46.832212355 46.1203550874 46.3891104254 47.0728848326 46.2396636582 47.1169325395 46.6877051987 47.3765163742 46.4517887622 47.3668905466 46.654078349 46.5432021709 47.3223857782 46.0380197141 46.6413608113 46.621834342 47.0669259772 46.1412091656 46.439420323 47.1419250856 47.0363545449 46.7575782069 47.1247390936 46.1831143455 46.0375258407 47.3393980551 46.3787488257 60.6094927801 60.6094927801 47.0278036526 47.3468504527 47.1259411643 46.2386413641 47.1058613216 46.6150602645 46.281233793 47.1785875499 47.3324616 46.9662291655 46.1809694686
81.9912864379 81.9912864379 46.4559799682 46.8852575041 46.1116897553 46.7208426332 47.0766912731 46.2743867245 46.046527227 47.2849507287 46.3649404264 47.2896996375 46.5008776298 46.2510562195 61.9898126586 46.7231037651 46.517945454 47.1727510833 47.2029851992 46.9226691369 46.2283385719 46.9147193574 46.4491215642 47.2224770698 47.0145211666 47.3544944994 47.2369470707 47.1073282502 46.9390188607 46.6104243201 46.2318328082 47.2527015217 46.586820468 46.1831133953 46.8290908142 46.5367385994 46.1676361965 46.6328954292 46.2113920129 46.4433592 46.2023167268 46.3470380986 53.7778660589 47.3590013258 46.9307281402 46.7927937713 46.9977900566 47.3457597666 47.3385462114 46.9652868811 46.116589356 46.1501740323 46.8434439249 47.001202823 47.3578094921 46.9765428258 46.4286474845
47.1413296621 46.4083481247 46.7231664111 47.3552273608 46.0679642333 46.1497445717 46.7557702352 47.1258657917 47.3483933078 46.2116477173 46.7492356161 46.0211606565 46.1897404293 46.0489973666 62.4108026091 46.6275118173 47.1977623964 46.4465296829 46.7181534139 47.3374039924 46.6842881244 47.2331554909 46.4455511183 47.2150026669 46.4107423104 47.0935948664 47.2512056979 47.207710752 46.0227343992 46.7817625998 47.3969479959 46.8005101581 47.2249927571 46.8830884531 46.1230219396 46.6762433791 46.9606861114 46.5432802404 47.1913371226 46.3236977599 46.679745403 46.8658251006 73.8764723613 73.8764723613 47.2509717952 47.2426267017 46.3651137969 47.1451468621 46.7932576338 47.0772679308 46.8325068355 47.1568545098 47.2125445858 46.9603366295 46.0469175951 47.0327594772 46.8807570908
46.6540942418 47.1692785411 46.9781168751 46.5882736621 46.8920791923 47.1198677764 47.204419677 46.736969913 46.9274364252 46.2762358049 46.7550592289 46.6000527778 46.8699359753 46.9225651019 47.217159899 46.3767223245 47.4090902689 47.1515992074 47.0097978203 46.6155512585 47.2110157603 46.9656358959 46.3942312645 46.6030597043 46.5042726169 46.2473669876 46.7907728494 46.3112059917 46.9128011116 46.7155957862 46.7840120763 46.2088180157 47.1568730368 46.428727154 46.5110794811 47.1501314348 46.7314977655 46.8031386628 47.3794619958 47.0725048516 46.8554186404 46.7057145449 73.8764723613 73.8764723613 73.8764723613 46.3358476869 46.6134878701 47.2866768323 46.17256881 47.3060897397 46.2265332176 46.6965951768 47.0122660017 47.3944573991 47.3482645794 46.7907906727 46.8514826051
46.9238808646 46.8575758229 46.8421384845 47.1101740918 46.5530122234 47.2147640738 63.7486262561 46.9573679568 46.8291930879 47.1090160745 46.9494451391 46.4414089833 51.3988535451 47.3324307281 46.1167010038 47.0788467685 46.2777597326 47.2463261853 46.1398548303 46.4545959295 46.5103051189 46.9110488646 46.3382782316 47.1665125656 46.1347201365 47.1170059943 46.8741154637 46.698158119 46.5672164045 46.6585340473 47.3915609639 46.5668003579 46.1153932015 46.2958475932 46.3727280562 46.5838805928 46.0701108873 46.2478543334 46.9274775081 46.7452537632 47.2735736888 46.2756371984 46.8483199433 46.1636180297 46.7477781105 46.4545636109 46.6196886415 47.1213956635 46.7460285805 46.5262004167 47.3736771388 46.9746502741 46.7003327292 47.2882587016 46.1876937422 46.9917801421 47.0454714491
46.6902787112 46.7120168339 46.1520921521 46.1442318014 46.1582433859 63.7486262561 46.9025360434 46.5444226219 46.3909406987 46.6268273591 46.3853527755 47.2244602123 46.6799337179 58.6365107037 51.3988535451 46.9876686911 72.9133701128 46.3667980539 46.2160385544 71.8105321535 46.7008648418 61.4998160847 80.5615795779 64.0223150643 46.8804018215 46.4692846934 94.6898015895 46.4813274108 47.2303553967 46.4082681358 46.4021019054 46.171769896 47.2193608322 47.2968301081 46.417656334 47.2607220872 47.2110924742 46.4161942913 47.2897224086 47.1938095283 46.4357891191 46.0979498692 46.3519894456 46.1167743124 46.82453005 46.0772444896 47.3260630368 46.5177181408 46.7746043891 46.5591012439 46.0078962147 46.4680059921 46.6389168236 46.8987025441 46.581039487 46.4644598841 47.1108628735
47.3597473987 46.5491285725 47.2136697186 46.0044794343 46.1637567475 46.8327954217 46.171110864 46.7578433954 46.2724055252 47.2829042732 46.2402185489 46.7360038118 58.6365107037 58.6365107037 58.6365107037 46.2271225285 46.3519674028 72.9133701128 81.8856473117 46.19586619 61.4998160847 46.384089906 64.0223150643 64.0223150643 46.9605498045 94.6898015895 94.6898015895 46.2126011742 46.5935764331 46.4156079052 46.0294798217 46.7494585464 46.0430019208 46.990419222 46.481301637 46.9088362644 46.2039670699 46.9665755705 46.6496842994 46.804998268 46.3700452817 47.3078588945 46.9411099382 46.6096830183 47.3980862017 46.3660715633 46.6575865321 46.4036026565 46.3901490182 46.4828733422 46.1319061163 46.304122869 47.2052244019 46.7017149666 46.9045817017 46.1160427971 46.3643363164
46.3322193309 47.3965468992 46.1138078709 46.941452326 46.9504781738 47.3081953075 46.3603228209 69.3388077587 46.5924059847 46.9109072484 47.0368218925 46.6525049711 58.6365107037 58.6365107037 58.6365107037 46.4569300432 76.8195526114 69.3469147338 69.3469147338 76.8195526114 47.3596935165 46.7961540222 64.0223150643 64.0223150643 46.1479516614 94.6898015895 94.6898015895 46.4149462313 47.2053139566 47.0916834886 46.7235122345 46.8744225491 47.356172237 47.3432411132 46.6850901472 46.85470808 46.0497070356 46.84355043 46.7493708301 47.3327247144 46.9133880649 47.1526083808 46.8514453955 47.1245211093 46.3501914572 46.4238819172 46.6440268271 46.06505398 47.2971487113 46.1986050614 47.1327240725 47.1085081145 46.6830282796 47.1676268982 46.9343846288 46.2244476301 47.28494952
46.7339935402 46.3016557719 46.1007353505 47.2151604514 47.0980856198 46.12779276 47.3653286997 47.3760805188 46.4413548686 46.5348651623 46.6624716429 46.5441130122 47.1155614418 46.4485668957 47.0437625946 46.8562081293 46.2722814271 69.3469147338 69.3469147338 47.370652449 46.693275519 46.8244407013 47.040586572 65.1592965366 46.5754950441 46.5621904271 46.9370430067 47.2224092278 47.3838273021 46.4930987881 46.8612850428 46.7520414601 46.7503150606 46.1591390979 46.9529051791 46.8935686703 47.4101902267 46.4821619835 46.7086719001 47.1336062524 46.0169889743 46.8987141043 46.7521518237 46.231800402 47.2991751004 47.2589970443 46.4291168982 46.7069232928 46.1173588491 46.0604169255 47.2739540101 47.1249436782 46.3341531427 47.0914494888 46.4209203297 46.5830510693 46.9784148927
47.001108512 47.396745202 47.0700627048 46.4824930672 46.5523601321 47.3550855823 47.2867206043 46.089071161 46.9866108158 46.9883749666 46.0582522509 47.1713162583 46.7871075407 46.4410618491 46.9843239078 47.1409159546 89.4536103437 89.4536103437 89.4536103437 89.4536103437 46.0949438153 47.2270605736 47.3298133753 46.4849182743 47.0885221063 46.8156224685 46.3816727744 46.257734005 47.139345654 47.0018967595 46.9588707011 47.1064998304 46.9521432903 47.2096334067 46.5764475063 46.0908730813 46.4754216602 46.0443559765 47.0200949794 46.2599793008 46.437542834 47.1715098679 47.0393164247 46.795356865 46.6600225124 46.8435155618 46.8910682608 46.2033198698 47.064395747 46.2859117694 47.1375717228 46.1101509936 46.3129891104 47.0422193029 46.1854167593 46.1290348884 47.2159734478
47.0645974291 46.4020995937 47.2557721007 46.2856531705 47.039123952 46.8385981454 47.1172996476 46.4343951197 46.4648749032 46.666597376 47.1060913142 46.3646982909 46.0141266414 47.2181543198 46.4370511564 46.0121224466 69.6641823269 89.4536103437 89.4536103437 74.9358854518 46.7940020531 46.4643002339 47.0146941946 46.0347001318 46.5901432628 46.8430139743 46.3948394028 46.135622563 47.2789316502 47.2970486405 46.2600995884 46.642076618 46.0926581319 46.5042654016 47.2350424006 47.3174202065 46.2985213938 46.6500056362 46.06841101 46.6657245105 47.0973848351 47.2461784642 46.8199492242 46.6311938494 46.1806804802 46.144953932 46.953856276 47.1897328838 46.8392176145 46.7062017686 47.4072797626 47.2753800377 46.7249723112 46.8967088976 47.2711298179 46.3222961073 46.134318712
46.538035394 46.8458175065 46.7951972728 46.613679297 46.8905428218 46.4888367624 75.6518534016 75.6518534016 46.8859083633 46.3814233819 46.4083923403 46.0760925897 47.1380308375 46.9717942917 46.3445444058 46.3241313124 46.7479158026 46.6534617011 75.3005006102 70.2377669464 46.9935256111 47.1320812292 46.4228424114 46.2192235208 67.0365928516 46.6551645913 46.3409641464 46.0457574411 67.6286653759 46.5740711781 76.3632303449 69.4120854115 46.4698525722 47.0348345275 46.8115905818 47.0129416664 46.4287149824 46.4575943029 46.8292396345 46.3183491958 46.8538885026 46.8793297835 46.6309836152 46.8987192612 47.1245010733 46.9263062714 46.2617875685 46.6020990619 47.0820030366 46.9008682865 46.4869829772 47.0432275547 46.8500576724 46.7278639409 47.0430112718 47.0136073932 46.5394985458
47.3982314909 46.3391504815 46.4752590908 46.2107551596 46.5677958456 47.2493825916 75.6518534016 75.6518534016 46.3664654372 47.1949977147 47.0687072626 46.0995691207 46.3939104972 46.8297539922 46.0797811361 46.5548957958 74.4605870153 75.3005006102 75.3005006102 75.3005006102 46.3743617577 46.6272417229 46.7599035579 67.0365928516 67.0365928516 67.0365928516 46.7469688122 67.2213844285 67.6286653759 67.6286653759 69.4120854115 69.4120854115 69.4120854115 47.3523842996 74.8447469845 46.9613629167 46.9894651669 47.3652876828 47.1631085945 46.1607970576 46.142369979 46.4263985554 47.0723538041 47.0367783207 46.1575343408 47.1986545473 46.9974779561 47.222346449 46.0877806403 46.2194984139 47.3240652567 46.8208805587 46.4808154059 47.1377340185 47.2308148455 47.4021133155 47.0072247668
46.551332025 46.1825577375 46.5361360662 46.1148976462 46.7766018667 46.6367234047 46.7870062508 75.2468667525 46.857673229 47.0425840536 46.9939425142 47.3606008832 46.2497249783 46.1488631518 46.1166982171 46.5475784379 62.3071124875 59.4432474809 75.3005006102 46.6201445767 46.817500001 66.8301607887 57.9262981291 46.0681190872 57.9262981291 46.3044982349 46.5246044092 67.2213844285 67.6286653759 67.6286653759 47.3948722994 69.4120854115 46.8759732919 46.5649561871 46.2230790379 46.5351911107 46.2698769592 46.3666709324 46.0241573717 46.7430535955 46.435049943 46.0937756868 46.3597623038 46.2078023464 47.1990984187 47.3200506818 46.9209837755 46.0773380719 46.4914503216 46.9296054744 47.2435307336 47.3128874779 46.8130214569 46.0783118014 47.4024508693 47.2255010103 47.0363003611
