Spatial_Output/BAU/BAU_0213.asc
NCOLS 155
NROWS 192
XLLCORNER 196769.923733
YLLCORNER 449719.875193
CELLSIZE 27.603701
NODATA_VALUE NaN
[rows 23 to 45 of 192, columns 53 to 105 of 155]
47.2998005292 47.0736355232 46.3072832081 46.9282063611 46.0614387984 46.9055845859 46.011737683 70.8357166234 70.8357166234 67.968478695 46.6020136798 46.0506613885 46.0934797921 46.8635821062 46.7700964578 46.5340768272 47.0046656404 47.3711440612 46.8530406967 46.5923953066 46.2802594001 47.2632528671 46.3121471295 46.7308823389 46.5332540181 47.0519061504 46.4792723134 46.8291391641 46.3580983026 46.0117427733 46.9697337056 47.3981031388 46.1252286476 47.3110513417 46.4642878565 46.3296399391 46.1677731922 47.1287575995 46.4633602841 46.8244062358 47.1232549538 46.8591986601 47.1223788596 46.9652791147 46.7250566461 46.6166554042 47.2175320943 46.176911638 47.1314889469 47.1499327469 47.3785441407 46.4768473855 47.165431725
46.636392169 46.099779668 46.6075363974 46.3581130799 46.6337003497 63.4406408008 70.9135390148 70.8357166234 70.8357166234 70.8357166234 46.6726047566 46.6886951345 46.460310301 46.8509750373 46.8952653105 46.8231132403 46.0715548838 46.7284575606 47.1523997072 46.4799067361 46.5490211548 46.4974039995 46.3233140784 46.8247610618 46.1001068179 46.6214419915 46.0833121825 47.0949705998 47.1018308087 46.0980528725 46.0661977192 46.7551844914 46.359303563 46.6259350099 47.1315834357 46.3847134125 46.775530085 46.5022084521 47.1538730069 47.3012017532 46.1372715143 46.4872410631 46.6107517097 47.337506389 46.0849864404 46.0237927574 47.1907721989 46.173645953 46.4438232977 46.1541232674 46.6954031537 46.9108949028 47.2688295454
46.9154320114 47.2879029033 46.6398491128 46.6634283512 90.5497729917 90.5497729917 46.6032445267 70.9135390148 70.9135390148 46.750978406 47.1223152012 46.2715481462 46.1739856928 46.4312888879 46.0903094406 46.261607878 46.2986036579 46.914300716 46.5259704028 46.632123497 46.7896350661 46.4487993421 46.7701015463 46.3429985575 46.568695559 47.2931290813 47.2215995257 46.9101928082 47.3623315754 47.00083436 47.0023356774 46.9863351741 46.6012989662 47.3790077222 47.3983762835 46.4171746393 46.031293235 47.3353918356 47.1382065778 46.9310783974 46.5502275945 47.0776226973 46.2961467261 47.0695961754 46.8809218702 46.6206505468 46.2795026042 46.9338339038 46.7699509608 47.1552463063 46.3792257636 47.0765680479 46.5336583178
46.8632904825 46.9899045177 46.3540277869 47.1343266554 74.7064738394 74.7064738394 63.4406408008 46.8316253049 46.4317489351 47.3201350203 46.3525367989 46.8098274992 46.7874868537 47.1132916427 46.8905076748 46.3269061332 46.1240134248 47.1493081623 46.2005734598 46.6024162562 46.9847471594 46.9569655709 46.6088096998 47.3162873761 46.1041337884 46.5380682907 46.0251676611 46.1297362472 46.1272080997 47.0631365948 46.2919275383 46.7859056268 46.2824076928 46.8407348268 46.2885391548 46.029220375 47.2493941233 47.3222519645 46.3128948641 47.053804361 46.005501598 46.5940030594 46.6451284488 46.4040384962 46.4738141347 46.5018726197 47.3851685065 46.0829632017 46.7234488379 46.2896099187 47.2984441286 47.2644924508 47.3172391524
47.0822220485 47.1590367215 46.6776788517 85.072503162 74.7064738394 74.7064738394 90.5497729917 46.9416224618 47.3013784457 46.2611339987 46.1705926315 67.201857361 46.3161954481 47.3567476816 47.2507827127 46.1092936925 46.7137449372 46.073381005 46.0247622347 46.8556176641 47.1203426247 47.3945825343 46.5671307832 46.3598436146 46.4191406055 46.1722396755 46.9476480119 46.6519200572 46.9847262363 46.7555234467 46.3514138564 46.6582041766 47.1830228977 46.2078373054 46.1741794384 46.3380115805 46.9931493017 46.7295892219 46.6661765874 46.7657031081 46.2802861437 47.1321382216 46.9003098183 46.4552429288 47.3033373971 46.4184216475 47.3506539854 47.0518057193 46.7543983376 46.1062430396 47.2625045114 47.0863698982 47.354083476
46.2202397301 46.5170148553 47.2763792531 46.4626497576 66.2969206668 66.2969206668 46.6614713101 46.3654909098 46.5213064301 67.201857361 67.201857361 70.3096927698 60.4734116646 47.0504489621 46.6617607867 46.740135877 46.1854758302 46.7047837604 47.3142451769 46.4489695681 46.7738196907 46.9876395727 46.5084891484 46.5705753018 46.1197756011 47.0634103041 47.2166002804 46.1847257302 46.591043615 46.0978357855 46.494476248 46.1467722553 46.7395992966 46.7594880976 46.550879771 47.2633807498 46.8710400769 46.0606688208 46.3570318623 46.0646684413 46.4787095649 47.254083377 46.5807892009 46.5384628394 46.9541236667 46.0968776841 47.2302451415 46.8699138079 47.0620454299 46.5033848831 46.7441017531 47.006496271 47.4085498348
46.1816155802 47.3617005756 46.2337614556 47.368980844 66.2969206668 62.8001423777 62.8001423777 46.7398504591 46.0552387012 47.0171112808 47.0406954034 60.4734116646 60.4734116646 47.0713670305 47.0541795263 46.909011278 46.2725576241 46.4680961734 46.4913244156 46.5427782489 46.5217829512 46.1014420728 47.3245718107 46.2092935796 47.2332682202 47.1035340872 47.1979365788 46.9329083309 47.176063631 47.0853524095 46.2294012484 46.2309472751 47.3800538801 46.19611912 47.3545773349 46.4009438526 46.7441897096 47.3879467544 46.6408188609 46.4223695424 46.9663140789 47.0862596849 47.2213589664 46.3209742756 47.0789878951 47.339709601 47.1974601591 47.182531231 46.6830026068 47.1636169185 47.2167175826 46.4641235601 46.5487437571
47.2270395494 46.3400130827 47.1496750109 47.129218588 62.8001423777 62.8001423777 62.8001423777 69.3288868681 69.2643139651 47.290345895 74.5330564597 90.2108468136 46.0524380247 46.9191799527 84.8658857455 57.9989239038 46.4551904732 47.1798844076 46.9018086628 46.7083580321 46.2252740846 47.4073054742 47.0710477434 46.2429536379 46.597605224 46.3398900962 47.1170673579 46.7048706013 47.3749846657 46.7099148049 47.1778049592 46.4129794374 47.0115275131 46.4656932564 46.3313541304 46.2793706199 46.3220691253 47.2515903511 47.2394857548 47.0833001534 46.3800711417 46.1092680644 46.5149078651 46.4557099484 46.4657337162 47.2777282569 47.2669073449 47.0680786568 47.2178540194 47.0320590508 47.1057542973 47.3891908183 47.3664762562
47.3999245729 46.6303151883 46.5129885853 47.0063244872 46.4229082708 46.551065219 69.3288868681 47.4106443412 47.4130221641 47.1521403729 46.6560259986 75.2063048848 46.3098578493 84.8658857455 84.8658857455 84.8658857455 67.7037970682 47.0626721343 47.032594015 46.2019843509 47.294055052 47.2300389822 47.2158928917 46.7062103815 46.4054521472 47.2617940143 46.5920597347 46.0432766087 46.2056336627 47.1037603109 47.1829681975 47.1880392156 47.3944506747 46.3951071702 46.493428788 47.0194740414 46.029026217 46.9525350318 46.0920086362 47.2613865973 46.2996589923 47.2581245669 46.5316822086 46.343269072 46.334970309 46.5875766596 46.5139185193 46.5267875675 46.3841079088 46.9810631752 46.6993726663 46.3091061119 46.7015960883
47.3731232462 46.817316116 46.6987541446 47.3938002897 46.1892924173 46.0871501315 69.3288868681 47.0518805504 46.236221942 46.3028082976 46.3001149867 46.9956293345 77.1070692494 77.1070692494 84.8658857455 57.9989239038 61.219256142 66.9613624589 46.9336019697 47.3580991861 47.3179711734 46.1048518239 46.7425879597 47.3674074227 46.2049868994 47.147646936 46.9742375306 46.9217501504 47.1573068471 46.1855896339 46.1497758763 46.1261900269 47.2077319951 47.3291272837 46.9126083618 46.1178248566 47.1404000157 46.7265941037 46.0867671257 46.2261253972 46.2273583911 46.3951746517 46.060523294 46.806274546 46.8757008269 46.91250737 46.6681335817 46.7469480705 46.2632953804 46.1986320204 46.6903935236 46.1444302429 46.4802692907
46.0608339875 46.4391274907 47.3047446598 46.8841453325 46.922344136 80.7676948867 80.7676948867 47.2853973715 47.3472551821 47.0723433042 46.2759976777 46.342986392 46.914297585 77.1070692494 73.6075208819 58.0663301196 66.9613624589 66.9613624589 46.5047229132 46.6672958766 46.3623766271 46.6074353806 46.6368089607 46.6631365432 46.4040217705 47.3168656023 46.4136360562 46.2146554426 47.3167442188 46.8975588503 46.8111834843 46.9649821791 47.2898474389 47.0302126444 47.3436564039 47.3086137759 46.3004260512 46.3160982405 46.9511859296 46.2952363903 47.2026263517 47.3913974469 46.4114720661 46.7968697313 46.0713044292 46.4799001145 46.2064008926 46.1435432245 46.6540050882 46.6311969089 47.296630263 46.1656082166 47.1345924866
46.9479111365 46.4775381819 47.3623340119 47.1289242084 80.7676948867 80.7676948867 70.2698915114 46.227942109 47.0376145024 46.028569866 47.4030111091 46.4371381708 47.3551894648 46.9969888924 47.2136045335 68.4459498822 66.9613624589 66.9613624589 47.0085097107 46.7268775142 46.0442168594 46.8509786579 46.7526332567 47.3411681419 47.0708844786 46.5951275648 46.510511519 46.8171435928 46.3765790032 46.7010662553 46.669691295 46.107728492 47.0277559069 46.8402967226 46.6687647387 46.2943961725 46.6776382496 46.518627576 46.2635266036 47.1641334123 46.104876939 47.0013537594 46.2488399933 46.3639158926 46.1994752802 46.8415265699 46.2392026554 46.5895749762 47.1827159628 46.0642806563 46.2465872731 46.8678563771 46.7822378427
46.1695961792 47.1036788347 46.1917149047 47.0943405199 73.3818428237 80.7676948867 73.3818428237 46.943136994 46.4401355698 46.9034696173 46.3518312551 47.352371407 47.0708563141 47.0599968668 46.2136406121 46.0336641686 46.8047309982 46.9762457991 66.6686519874 66.6686519874 46.8987810409 46.0732743604 46.3423880972 46.807137751 46.0969630864 46.3133253781 47.389749539 46.7284554973 46.3804099703 46.8962957536 47.2195767893 47.1156594177 47.3620433416 46.3619345297 46.5818431598 47.2761061837 46.6140897421 47.1541496722 46.136058088 46.4195344913 46.730344137 46.2716110407 46.69556894 47.3425273262 46.0027804911 46.737278005 46.4920060264 46.6304122273 46.7902909318 46.2704906211 47.2879547737 46.9936486849 47.3158323141
46.50995043 46.073749042 46.8413359735 46.8403501585 46.4584836964 70.7001341361 70.7001341361 70.7001341361 46.919700603 46.4945823779 47.1667634463 46.0955224878 46.7499244774 46.6689429111 46.537211003 46.0502272436 58.946145945 58.946145945 66.6686519874 46.652002293 46.2981421392 46.1840852252 46.0471952036 46.4257616672 46.11362034 46.7670472893 46.184295873 46.8984896635 46.6269515951 47.052272246 47.1220525929 47.0396604582 46.6266115706 47.1532193347 46.8605829095 47.3449365032 47.3333931116 46.3287531055 46.1234630505 46.5020639752 46.9982790344 46.2079222195 46.2135231215 46.5197458925 46.7586410857 47.002957442 46.255629193 47.0812375433 46.5466553566 47.0964053593 46.7109393753 46.650605723 46.5454978766
46.4930183633 46.6544327935 46.0224446737 46.4828045212 47.2665178192 70.7001341361 70.7001341361 46.3187372079 46.6119042763 46.3762446376 47.2218630655 46.9562225699 47.102602743 46.7503754044 46.05698909 46.1408804593 58.946145945 58.946145945 58.946145945 46.7416675284 46.4604913634 46.5550546307 46.5407102759 46.8185132437 47.2856945238 46.7981052155 47.3603617233 46.0080514477 46.0749725314 46.6876532235 47.1398019697 47.3993704758 46.8412868228 46.9369741184 46.811023012 47.0370141501 46.1653792583 46.2435518235 46.2504776495 46.9851645943 47.2793102542 46.8751719666 46.3327796708 46.9415785224 46.4125711961 47.2824762762 46.2127673098 46.8672008924 47.3970684779 47.1004929041 47.338670248 46.7606303815 46.0450231079
46.4938647415 46.1813417682 46.7090665541 47.3702526344 46.2138517818 47.0838259734 76.9296193202 76.9296193202 46.8151247799 46.9045569177 46.1708108896 46.4775745001 47.0872278483 47.1732338417 46.8740331912 46.8787442616 47.126439512 46.1876307886 47.2419851143 46.7355009993 46.6379718774 47.3739647199 46.2128768444 46.4958403817 46.2065633739 46.4905032812 47.1727221431 46.4319173285 47.3310981072 46.2606978305 46.8434696208 46.373208255 46.0877036176 46.8165722732 46.6075900152 46.7929338871 46.5881936787 47.0844245796 46.6715300124 47.1958921024 47.1400076279 46.9872788467 47.0021241066 46.6421209239 47.3284548859 46.2654504634 46.2313315707 46.7364589361 46.2795971242 46.4978383732 47.1002737053 46.4524764522 46.9819788023
47.354722738 46.134476229 47.3420652153 46.1621233618 46.2692821331 76.9296193202 69.6960928664 76.9296193202 46.5409578217 46.9834060384 46.0119213219 47.2309057128 46.3252548289 46.8551992714 46.6120921719 47.2670031005 47.0532348386 46.1924391019 46.5832442531 46.9068592198 46.9739584663 47.3013484348 46.1678758677 46.3224266955 47.4119311419 46.6905159834 47.0549648841 46.7550364682 46.1098641465 46.1044233351 46.7710885854 46.4206500713 46.3039149713 46.421142438 46.7659051978 47.1614128132 47.157786064 47.0612950092 46.2492215071 47.0096243912 46.2396398942 46.1132406039 47.1318287848 46.158715687 46.7183230087 46.5449640303 46.6818766212 46.2695844499 46.1023073839 46.4683820869 46.0666177877 46.1252071496 47.3512060794
47.2402903012 46.174862562 46.1082928881 46.1005929673 47.1570670407 46.8729657016 69.6960928664 69.6960928664 69.6960928664 46.1709312608 46.3795402896 46.742192114 47.0294485566 46.777113126 47.1006440601 55.165855115 55.165855115 46.2690265969 46.5236339695 46.9773408228 46.1193785801 46.9021338634 46.1578212041 47.0940911762 47.2500124234 46.3653884803 46.9509441893 47.3800854848 46.6964092809 46.5406740843 46.5636460482 47.2521211154 46.7776303148 47.0330012042 47.1462796116 47.1922192908 46.2345820083 46.6549661467 46.578639108 47.1747633074 46.3385783244 46.7063619377 47.2711273677 46.3254290614 47.2413542854 46.4325929459 46.8653812448 47.2492471131 46.8263722135 46.9109903613 46.6023543116 47.1836178669 46.9659025401
46.9852403584 46.4377037203 46.6423072445 46.6876264794 46.7066734142 46.7502384387 69.6960928664 91.5447384769 46.3426266724 46.4638246258 46.1678927462 46.8406668464 47.160560827 47.3947424742 46.7944505471 68.8026885886 47.2628837761 68.8026885886 46.162817956 46.5922751184 47.1243877638 46.0021320587 46.9801655447 46.6912419567 46.0046349148 46.7723810491 46.7750107478 47.2538839879 46.3545190556 46.669364716 47.2387296069 47.1453697964 46.5574199561 47.3460335003 46.5667126358 46.2225483648 47.4114019191 47.2013071607 46.7046827715 46.7626921993 46.3636263113 46.6006076972 46.1689165212 47.0163817094 47.2900274381 47.1095226415 47.3312544227 47.2749262806 46.3010140068 46.9186658729 46.6603262788 47.0806381486 46.9885341506
47.0028965025 47.212687533 82.5841808532 47.1614283571 46.6436655867 75.8422772164 69.5368854244 69.5368854244 47.2101736926 46.4389979609 47.3581423708 47.2804036228 47.3901010031 47.1072385806 46.1739789995 68.8026885886 68.8026885886 68.8026885886 46.1267361926 47.3388304902 46.7315785352 46.5521548998 47.1261558025 46.724466809 47.0054832632 46.4363374566 46.1129275588 47.3037319733 46.7166764945 46.3318562846 46.0876502504 46.6908148738 47.2752147959 46.6574606041 46.548492511 46.5759452102 47.3195272064 46.9401189578 46.8151993184 46.2362787912 47.1011939958 46.8974003997 46.4471001299 46.7194239307 46.8279004859 47.0406949092 47.1257628558 46.1954660397 46.0334210749 46.9416623269 47.0990954534 47.2774161091 47.2680212248
46.1314968252 46.4725386635 82.5841808532 82.5841808532 75.8422772164 72.9514400868 75.8422772164 47.3098113666 46.4798632266 46.1551800822 46.0984805726 46.9438159303 46.2590253816 46.2532550553 46.7830718081 59.1708049064 59.1708049064 59.1708049064 46.0263631824 46.820661864 46.2352510738 47.080750865 47.3901217958 46.8663250208 47.1281136775 46.3483679659 47.3045350302 47.398030841 46.1369033719 46.6097378579 46.9737814355 46.7278484687 47.351183111 46.3008525872 46.8570102861 46.1192253358 46.3239082985 46.9815033267 46.0172808006 46.3506066297 46.9965501182 47.4061654624 46.4893188451 47.1607943099 46.5119672201 46.060874872 46.2747937504 46.9043149292 46.3657405469 46.299773445 46.9489703596 46.7235443907 46.6486266076
46.2375495732 47.2151747348 82.5841808532 82.5841808532 72.9514400868 72.9514400868 72.9514400868 46.1220351923 46.2117810402 46.9713039572 46.5368934713 46.511276957 46.4553645234 46.6114581011 46.1098944919 75.4985481347 59.1708049064 75.4985481347 47.3523053553 46.5336163053 46.8405314989 46.6245539481 47.2884899723 47.40581354 46.2474831964 46.3376298397 46.0949465919 46.7543634928 46.4644433482 47.2978374573 46.5311023352 46.007336919 46.6044311692 46.6047957818 46.5445308071 47.2112852446 46.5077576026 47.0160419051 46.1969530737 46.1122964085 46.842460495 46.7857839599 47.247780409 47.3289127881 46.4986108492 46.3571454493 47.100524313 46.913744711 46.2396849774 46.7949576835 47.2655102971 46.341953661 47.1191219958
46.253597329 46.8821317714 46.6519778202 46.6462940743 57.661369646 57.661369646 57.661369646 46.0159426997 46.9083794228 46.1969893709 46.3825344526 47.0727615385 46.0348786354 47.2003853293 47.1281084208 46.0832290373 60.6350937443 47.317224759 46.9869706273 46.9941619366 47.2752284552 46.4219197776 46.7499799382 47.0529160058 46.560229858 46.2640813384 46.5785346913 46.6576865425 46.9264719275 46.0957176749 46.0727369283 46.167470661 47.0434722024 47.3795517258 46.9352034281 47.1232315859 47.0609497622 47.3073435519 46.0069614835 47.083596549 46.6717992933 46.3461818927 47.2597069515 46.8372737032 46.7083704383 47.2507793343 47.1628609571 46.2782344271 47.0713400222 46.0196629899 46.443953165 46.3700677439 46.010304949
