Spatial_Output/BAU/BAU_0621.asc
NCOLS 155
NROWS 192
XLLCORNER 196769.923733
YLLCORNER 449719.875193
CELLSIZE 27.603701
NODATA_VALUE NaN
[rows 115 to 137 of 192, columns 53 to 105 of 155]
25.4277927503 59.2529482067 59.2529482067 24.5985139897 54.9761603542 64.3495075065 25.7139426213 58.0566061906 28.3671509536 63.8923158878 28.1384280635 52.9408405886 52.9408405886 45.2964613065 55.9156427935 44.8316536789 44.8316536789 25.0887634485 25.8101153933 55.2666934235 25.0071070913 29.0371359343 61.3034284503 25.5192567026 25.5284564868 29.2773433128 56.3443299591 26.375008829 28.8363819676 26.9478449341 39.323289434 76.3643691126 76.3643691126 24.7352082149 25.7485236871 25.4255129652 65.5448467149 26.1044444171 24.5895122055 58.9647087141 29.3997646313 26.2766239755 25.1716316068 26.2573468002 26.4579601815 28.6553852978 28.4447051521 26.7634489076 24.9910739391 24.63287631 28.971148617 25.2359867288 24.9916488828
27.540743446 59.2529482067 27.4758527818 26.6892996387 28.3785778814 64.3495075065 58.2653384707 29.1479003598 56.3649741431 27.1194137038 25.503089117 52.9408405886 26.6752812248 45.2964613065 55.9156427935 26.9415040094 44.8316536789 58.5440061529 26.6073216828 26.7695882099 27.0797602067 26.121848117 25.2425714569 28.0499981542 27.3867964218 27.8483655312 25.6393198587 25.9582242996 28.2571235644 28.3675671966 77.571636962 39.323289434 27.459709055 29.2025170756 27.8589869843 24.5385869351 26.3608355181 24.8854492752 29.1455040481 25.0565375924 25.2497792459 28.9246086715 29.265002415 28.8084135264 27.2808019478 25.0445014977 27.8988166032 25.248939923 26.9473644127 26.1047636744 26.1077048349 24.969702427 28.1664994473
27.6459018524 26.7468397982 25.712056702 28.9816145261 24.9141743287 29.4464157055 28.1845244901 46.3781209043 25.5022508843 24.6025876375 25.4604202983 26.8838498555 26.6187353076 26.9354735721 26.4858600942 26.168609056 27.1116991501 28.7520835143 27.7242274135 25.2185111285 29.3460355383 28.4732301365 27.3921194487 24.5966001493 26.6037686411 27.1140170164 28.5503297916 29.0871369996 25.0271858551 29.3662056252 25.3914033657 26.771677166 27.0133803493 24.8833321043 28.2823909658 26.4213857338 24.8199672432 26.5972626223 29.0045084152 27.1645484387 25.4885681875 25.0234126416 25.7163371541 27.8415291069 26.3966087471 28.4857875896 28.0652353324 25.3858143965 28.7116469051 26.5253321922 29.3392934197 25.0626281699 27.7497893285
25.3435495994 27.9384676276 27.516604876 28.6968232798 25.2800313243 24.7608216158 26.5464586518 58.6857375516 58.6857375516 24.9137148245 27.2056911489 26.1052087029 26.9131596058 26.5678388265 28.5948813216 25.135045689 27.0356556692 28.5395850713 26.4091090265 25.7293418689 24.893153926 26.1211893704 27.5563880363 54.9807098537 54.9807098537 54.9807098537 28.2724186656 25.1490911243 24.5686667157 25.3988549576 67.4101798408 28.9246722971 26.7085542936 27.9245496375 25.8136702331 27.9305607636 26.8329896123 26.9882703481 28.3606920348 24.6573682609 28.0479833567 29.3296809339 28.6708056458 25.5300298115 24.8725056986 27.7809818899 29.338458887 28.744011365 25.4717634347 27.8630590112 26.8066294101 28.343172816 29.3244910974
25.3567567798 25.1163431543 24.6094934431 28.8637704398 28.7009115792 26.1492371455 58.6857375516 58.6857375516 58.6857375516 65.4962200319 26.5571196297 27.3927858699 25.6563771608 28.0910773711 29.2029545304 28.3842355078 27.5709324109 27.3247643631 24.6609923178 27.6402397343 28.7607550587 29.3250521721 28.9902101875 56.6581423043 58.6758728456 58.6758728456 26.9431767828 25.5955403509 47.0890293413 25.9423810822 25.4366304242 26.1888517362 29.0611893486 25.3979487816 27.6270109957 48.380677799 27.2859796046 29.1316407796 27.5457911649 27.2189839539 27.066710147 29.1185477801 24.6332384904 26.4991954256 27.5072548704 29.0262708175 26.3145386206 27.8153328877 27.5432005209 29.2349715535 26.6076353998 27.075571599 27.247058286
27.2807665021 28.1508749405 29.2976921696 26.0722706301 26.6176266153 28.2124234409 26.6635666237 26.7088331176 27.8781224111 24.7242804974 27.746232687 24.9858832802 25.5894254412 27.2568858227 29.1064209729 25.354421091 26.0744642452 28.0218645756 26.0571828394 28.1177243402 28.9042257288 25.5655910617 27.8295006816 58.6758728456 58.4802228625 50.7657915915 62.3553257832 62.3553257832 25.2102182465 29.0589858465 25.6191751443 25.5252491263 29.3658209321 27.8525898555 48.1628793438 48.1628793438 27.9325745837 25.4222074398 73.860793579 28.603032412 42.2964653614 28.561749448 27.019677042 26.4757241191 28.3336415165 28.0979189793 26.564929462 24.527327925 25.5075352822 25.6428913473 28.8916851424 27.0351526693 28.5904007295
25.4476040242 27.6750286595 28.1842999867 27.5770635984 28.4270463711 27.7626919628 28.0356965562 54.1479017473 24.8132937299 28.7903734679 26.0241660323 24.8128642728 26.4261182483 25.5566916606 25.3156666037 28.3148930661 25.4684674305 25.8936374545 27.9488433791 26.5135415838 29.3802213633 27.1685115553 18.0606909424 50.7657915915 58.4802228625 58.4802228625 62.3553257832 62.3553257832 47.0890293413 26.7959306886 26.4684815731 28.1284026139 26.2976612739 25.7290174455 48.1628793438 48.1628793438 25.5949771386 73.860793579 73.860793579 29.1231017607 42.2964653614 53.7967637638 27.4075262092 25.7311914482 29.2201963148 26.863649525 28.0481067296 26.2543984035 26.8755981125 28.4347921062 70.3077134453 25.4696501206 65.2436816728
27.0473203454 24.8237381916 50.0286630866 26.1565439156 27.0209176302 28.489639451 54.1479017473 54.1479017473 25.410931248 28.3705126529 27.6234978807 27.9987445294 25.8356490115 26.3015738261 25.3058864687 25.9359474944 27.3966916349 25.5379969478 26.545710993 26.4410146014 27.2041455562 29.0952802787 18.0606909424 58.4802228625 58.4802228625 58.4802228625 78.1274050517 62.3553257832 25.3046962053 25.5741910418 26.039136936 24.8650259566 28.7410581855 28.1474301085 48.1628793438 58.4932770585 46.4610984473 24.6247373412 73.860793579 26.8282626171 26.7434494779 53.7967637638 28.8092773157 28.3061165439 28.2513689966 29.4064502431 25.3625353771 29.3606314569 26.9436956282 26.8102051606 70.3077134453 70.3077134453 65.2436816728
24.9627773825 24.9075687649 29.3393508978 58.1246188341 58.1246188341 24.9756007353 26.9038591356 26.1113666265 27.015281132 28.0752628088 28.5695834351 29.0291738624 29.4021839222 29.099926551 29.2176763062 25.6490837362 26.7960575974 27.613862385 29.1157039878 27.4272573367 26.2770584753 28.286461127 28.632668775 18.0606909424 29.2671447283 82.7729559563 57.4682752166 28.0583317669 28.3341475725 28.2003855266 28.2194592948 26.8942446556 27.7596193078 28.5282520347 28.9292918036 25.94019562 25.8642578467 27.9117814451 26.5535816622 27.1915632626 50.6800200188 50.6800200188 50.6800200188 26.0605227679 28.8264288947 25.7393412337 27.0478025501 27.4099749966 27.9495452348 28.3978969357 70.3077134453 70.3077134453 65.2436816728
26.1679095856 25.1756556528 24.5500437485 58.1246188341 25.5657250266 68.5085190067 68.5085190067 68.5085190067 25.0785831607 28.7668165037 26.6675604443 27.5483568935 28.6662869809 25.275234157 26.6867399949 25.0754146687 28.4407371316 25.6652554333 25.0814558686 26.0753674878 29.4485420955 25.4636631704 26.6934811179 26.8390078524 55.6208807996 57.4682752166 57.4682752166 78.6457147945 25.3997703468 29.3848297417 29.3398926057 27.2561533717 27.6674510941 28.849283725 28.8113664815 26.2855021099 28.4735465341 26.8428143014 27.5352789751 26.7980607447 24.5095086856 50.6800200188 25.3319740974 27.1040598193 25.2365894157 25.1336899189 27.2351754133 27.7952043366 27.2642267769 27.1423070169 25.2991067048 26.8329669727 27.393253833
80.9118198393 27.3035357563 25.5494970172 24.6981961719 56.2517386482 28.093635266 68.5085190067 68.5085190067 25.4515690155 28.1516831474 28.164904654 24.8634581373 24.8821671801 26.4938032975 25.6537683628 24.7885669304 28.2873362654 28.6769019383 28.1725966299 24.9308198263 25.1669781184 26.592853172 28.7128139099 27.2168933553 24.6144740171 18.4208675778 57.4682752166 18.4208675778 25.0552722696 24.7914737528 25.1711875237 28.3111808961 27.3902767387 25.1188971284 25.1354698679 28.4030556752 29.4238811052 28.6939505115 27.2614648316 27.2603892747 51.5522084581 25.5928802487 51.5522084581 28.1817942897 28.1660079592 27.6043604224 27.7904720627 24.6926395796 27.9886534527 29.1087767655 29.2245229929 27.5310457274 29.315480489
47.5839795667 47.5839795667 27.8474364661 27.5366849716 28.6895974361 70.9866264323 27.4090259415 29.0387532715 25.0200708926 29.3622682372 24.811530277 27.7880960924 29.1834825277 26.7952224719 27.7504456397 25.8443806041 26.9627106411 27.8304011198 25.0810209475 28.9733415622 25.2511627849 26.9222234726 28.8245895339 26.9498219463 28.2504488329 29.1687556995 18.4208675778 18.4208675778 26.1179963132 29.2141632178 27.3835204346 27.0282563892 26.722605174 25.3505748113 29.4256737449 28.0289126045 26.6375660434 27.1669243663 24.711447568 28.0096881121 28.4499083245 50.0453242229 50.0453242229 27.8418957185 24.5512527124 25.0006680799 26.0623992611 25.244522151 25.863844196 29.1862794371 27.7794590942 28.7439469809 29.3095259429
47.5839795667 47.5839795667 26.6237346852 24.8662705982 29.260768243 70.9866264323 25.491367694 27.836143217 29.3578390994 25.8760632905 26.2570472674 28.6655156623 28.2039772889 26.8958512741 25.4738982186 28.0393265893 28.5527800485 24.8479307792 25.2768552881 28.0230062743 25.2457188394 29.2000937518 25.5430596633 25.8801990047 25.8592921316 25.2705674035 44.8035708331 28.96952412 29.3341387535 27.7545667318 27.8302538951 26.7928381905 27.8562538922 25.92462014 27.1174909761 25.3909110315 26.2955659259 26.9346112473 26.2093058043 24.835829678 50.0453242229 50.0453242229 50.0453242229 27.184516374 28.5104945104 25.9605799557 27.397176452 27.0566844321 26.8701976336 25.1650004436 27.0522973483 25.5440223846 25.3314765926
27.3164740833 28.9392107989 20.3699332958 26.7662959072 27.0436410971 26.1707035375 26.0777230268 28.9386741555 29.1348977614 24.8665147271 27.999180204 24.9474727079 25.0461068592 26.5891185447 28.8553398751 27.9982253499 28.2843454478 25.5801165303 25.3349396724 24.647622613 26.512371853 25.1797122236 25.0644127198 25.5107367439 26.2133504072 25.9675090399 27.8457892707 27.873227371 28.1152641462 25.5616822824 28.0947792875 24.8626015024 27.7460587737 29.3683595369 29.3997158914 28.3720399344 29.1110746251 29.0917589212 26.0515621902 26.4148751793 29.343555572 26.4343671994 50.2980481133 25.2749970654 24.5425345719 26.3500522861 27.249442369 26.3551563918 28.9142321837 28.8295667589 29.2442237949 25.4628667143 27.8228220427
28.2531003118 28.6252880827 25.8144668692 28.9629086461 27.6977407921 25.113081712 27.2724014841 28.834604615 25.4568254692 26.1256814501 28.7936224381 25.3693940262 24.7628758275 28.3838433094 28.4378994348 28.3444149983 25.2351431428 24.8292209093 27.1509377509 25.2588114312 25.2892331747 28.1130896825 29.3522172031 28.5839477331 25.9121564379 27.3802313459 27.8049458804 25.5655323432 26.6594872556 26.1487196781 25.1776115478 28.3332746039 27.213938407 26.108385736 24.7421936235 27.0409269382 29.3862228904 28.0687894522 28.5813902611 26.1614382853 25.1024025695 50.2980481133 28.128859253 28.3729754596 28.1293561873 28.6158609921 25.7574822184 26.7221761552 26.4227608829 28.1512380054 29.0124027093 24.8293622009 25.0234709908
27.5060841192 25.0409400088 27.0661728943 67.0625597549 67.0625597549 43.5843542519 29.305135034 27.9950411195 26.6103964461 26.4483378394 26.7697860883 28.0066882368 25.6569770624 25.7736520803 25.3655805404 27.090400471 27.9563788491 26.6132180615 26.2389525227 29.0845400673 24.592729572 24.7113011381 28.0400317753 28.6552428756 26.816019892 27.8875393546 28.0036132229 26.1728462286 24.9302300583 29.4412189575 25.3883745134 29.1873900335 24.9859499017 28.1597793131 29.0119666843 28.1700318044 28.40956699 28.0431575164 28.7681613188 24.6219850113 28.7111955965 26.2148792484 27.2421375686 28.377101429 26.9014310811 27.7908140209 25.9207821473 28.0190226125 26.7801960771 26.266980213 25.9257566736 26.4667870058 24.8657901834
25.8589271634 26.036226786 28.2550799877 67.0625597549 67.0625597549 43.5843542519 29.1110946115 26.0449706954 25.696933852 26.6325708431 26.5491814769 25.2649805268 25.4706286149 26.3481949429 24.701959632 25.7917771095 26.8954420478 26.2807895319 26.7279296198 25.281759139 26.7928361926 26.8117451417 26.8615095236 28.0088390364 25.7436690218 24.8386218249 27.1591118137 27.2888733419 62.8138285713 25.590955793 26.0491950577 27.9022874321 25.7991778002 26.6923405289 26.0949908876 25.0024084457 28.7361213292 24.6929952466 26.3341246892 25.6854612513 28.8530103195 25.5368038239 27.5098316597 27.2903454361 26.0840952986 25.8690576579 29.227413301 25.1825120861 27.2289497013 25.0002816898 26.5825641653 26.7368774181 59.55247345
29.2694491408 25.4718635414 67.0625597549 26.8767230886 25.1703165997 26.6180949671 28.2688618799 26.3951787395 28.0255301849 25.8447367337 29.0037098597 28.2799300482 25.0639608956 28.9714223983 29.3645994987 28.2459877789 26.3381744268 28.1072990223 28.1702581574 27.0238562599 28.2173940347 28.7212198958 25.4363566289 26.7746998416 24.9746010976 26.5862331829 26.7373531581 62.8138285713 62.8138285713 62.8138285713 27.412189819 28.7124130401 26.2653189834 26.4318993745 26.9557866052 27.2377981544 27.3470780974 27.2704060388 28.6981284261 25.6652111217 26.6524018295 26.4086618214 28.5663603905 25.0638223739 25.8045544234 27.0181304761 25.6518981733 26.8982444332 51.1909425374 53.6982553573 53.6982553573 59.55247345 53.1063464868
25.5900930129 27.6330276261 29.3511496428 26.2352255376 28.5200483619 28.256439174 26.1671203396 28.8395211664 27.8669845409 28.9268031964 26.9159366796 27.9078645016 29.2980423194 26.5519437214 26.8230348469 27.7121703968 25.6592899003 28.9238490026 29.3304426997 26.4931728402 28.500231218 25.9540152871 27.6560641103 24.5974919666 25.7160207504 25.6524070561 35.4422417016 26.2360000832 20.5766451313 56.7108772219 62.2244101753 62.2244101753 26.8535012978 29.0262404583 29.1960617166 24.8848351623 26.2304224151 26.6762595903 27.8920016346 28.268280866 27.1496714038 27.4391219102 26.4570699617 28.0453325422 28.0621355683 27.5776608974 28.5022762974 28.9798067873 51.1909425374 53.6982553573 53.6982553573 58.5976921234 59.55247345
24.7002275547 25.6321344924 27.1076642638 27.9126924139 26.5338764844 25.8187633918 28.7246155318 26.3161567844 26.2327562216 26.5933776755 24.8450471605 27.0059603996 25.7509678543 27.484325032 25.2001490187 28.9729974783 47.4059258418 44.3741819546 27.2347159934 26.0366249191 28.2285175381 28.5345969626 25.3967881744 48.3534736728 48.3534736728 63.0733873286 63.0733873286 40.7995252665 20.5766451313 20.5766451313 62.2244101753 62.2244101753 26.2305823463 25.8831744592 28.8159167042 28.3901388232 28.8652533001 26.8995081807 26.8343346075 28.1994545149 25.4028999471 25.2391954482 53.4967330436 27.0887419237 27.6831167907 28.7199881263 24.8214014188 51.9844777502 28.2277843059 51.1909425374 53.6982553573 25.0613549162 29.0989815426
28.4741403729 26.1059414931 28.0006863243 28.5566721417 26.5617367313 28.320473992 25.830648273 24.9794741312 25.3747727154 45.4297251722 27.0672332521 26.091608785 45.4218354949 57.4329119672 57.4329119672 43.9909663908 45.5789723839 44.3741819546 53.1260504948 53.1260504948 29.0350557516 28.8094288237 48.3534736728 48.3534736728 48.3534736728 63.0733873286 63.0733873286 56.8714809395 20.5766451313 20.5766451313 26.2093443943 25.9700236175 26.1052289499 28.430651481 26.9419211378 25.6503466846 25.0610274928 26.8542155658 26.7956430142 27.0495064863 25.441311508 28.3728701953 29.211380399 53.4967330436 26.4633899493 27.4288905761 25.5752961995 28.5931567049 24.9332267173 27.6352894246 27.2203324867 28.318045037 29.1685454705
27.277597488 29.186211692 27.9666688306 28.4382743362 28.5103162136 29.405142446 25.4661129644 57.35954555 39.7010145487 45.4297251722 45.4297251722 83.5561164808 45.4218354949 57.4329119672 57.4329119672 43.9909663908 45.5789723839 45.5789723839 26.8967622918 29.3454371356 26.8404301077 39.8329649512 26.2403838835 25.5670928853 48.3534736728 27.5871642712 63.0733873286 40.7995252665 56.8714809395 73.8635162808 73.8635162808 26.4774607613 24.5324449961 26.6630575044 25.5871427404 25.9597179364 27.352547128 27.8287112476 29.4390887421 26.5654079037 58.7924168312 29.1858865054 52.2483035903 52.2483035903 26.9660933637 27.7415144805 29.2473008677 25.2883334692 29.3516992929 25.1011199344 27.2149430212 25.7049736585 25.5120821335
29.4166890975 27.7085266073 27.3685759128 26.5382521238 61.4686603402 57.4016992406 57.2097039203 63.513927622 57.35954555 45.4297251722 45.4297251722 83.5561164808 45.4218354949 57.4329119672 57.4329119672 43.9909663908 45.5789723839 27.7210047107 53.1260504948 25.9293940852 28.4169623972 29.2152024465 28.5127146363 25.3991283637 24.7952322273 25.4320008307 26.4112213633 28.7195636037 73.8635162808 73.8635162808 73.8635162808 29.159284841 27.5836472825 26.851355116 26.9155135005 25.2589729569 28.6926354692 25.3132441165 29.2365776177 25.6060671433 25.2174103672 28.8397947877 26.2700630672 26.4360078301 25.2129570483 26.8237880154 25.6919464698 27.343523775 28.3753333496 26.3943585811 27.6179863064 26.8285733255 26.6927887381
