Spatial_Output/BAU/BAU_0442.asc
NCOLS 155
NROWS 192
XLLCORNER 196307.867259
YLLCORNER 449144.565805
CELLSIZE 33.573938
NODATA_VALUE NaN
[rows 150 to 174 of 192, columns 57 to 113 of 155]
30.9312819406 30.5197725739 30.5490815569 30.8630503145 31.0441908898 30.7487967042 30.9485008449 42.0856016134 54.1363499698 57.5076422751 49.351073781 31.1768968399 30.791727899 30.7989109835 30.8003193587 31.1637140033 30.6132453588 31.1258615739 30.7834451172 30.7745907853 30.5872705632 30.5781347196 30.9241949904 31.1932669848 30.6915419644 31.1970844049 30.6863435797 31.1361481056 30.5376502206 31.1911852438 30.6823197453 30.6348575742 31.0678084976 30.5819594541 30.6965325127 30.8360978236 66.0873241608 66.2701167311 66.2701167311 31.03732915 30.5813778439 31.1273718569 31.0145923634 31.1630437807 31.1224354338 30.5916179647 30.5263901899 30.9410559295 31.0814385696 31.0342776594 30.5037672217 30.6898288793 30.6798860236 31.1341424226 30.8546563603 30.5297215933 31.1583413414
0 31.1659813857 30.7305119097 30.7020645392 30.7654366165 31.0890931269 31.0202996222 30.5295975094 53.1235469345 51.1125569062 54.8807339786 30.6575835798 30.7721840304 30.5077879757 31.1634203599 31.0640538616 30.7516839846 30.6467269858 30.7193312629 30.9447500581 30.6631295267 30.5690665758 30.8479960233 31.019813368 30.636704608 30.8360160204 31.1551924571 30.6375761288 31.1878211323 30.6149695835 30.7857109564 30.9661351174 30.7606780356 31.0498342 30.7429861952 30.8807327886 66.2701167311 66.2701167311 30.7245063751 30.8233026151 30.9188389009 30.5069164738 30.572295603 30.9281906561 30.5369760074 30.5179212574 30.9407419616 30.749549475 30.629149006 30.6598326153 30.8607467978 30.9698033069 30.5577691177 30.6068181029 30.6543379831 30.6832099493 31.0242749672
0 0 0 0 30.9959137882 30.6820232699 30.7251605642 30.81393882 58.9000636956 44.4121110414 48.4096728155 30.6355547806 30.5313197723 30.8924432149 31.1067590343 30.7643969489 30.811157706 30.6824759514 30.9887960873 30.9884497995 30.8999199009 31.1923910935 31.0815282264 31.0477768035 31.1809314335 30.9425031302 30.6086577001 31.1297307803 30.7495954711 30.5762631243 30.7974682694 30.7980069096 30.8713554408 31.0370529626 30.7984722969 31.1480206094 81.5990982208 66.2701167311 38.8268601306 38.8268601306 30.6102104633 30.9754130156 30.8579948469 30.9842441143 31.1448113396 30.890315185 30.9723931454 31.1901025914 31.0320334344 30.932879085 31.187335503 30.8395219485 30.9902509287 31.1931703892 30.9319778746 30.9705089368 30.7202945009
0 0 0 0 0 0 31.1800792644 30.8253077521 55.9410730079 22.5645470331 22.5645470331 30.8207620786 30.7724177374 31.0376398654 30.8534546673 30.5987350536 30.6448817822 31.0879036609 31.1382389114 30.8210861045 30.5225516081 30.6862273574 30.9998144451 31.20517965 30.6508089763 31.0761812352 30.6543216 30.7467649831 30.8254154321 30.8689198845 31.1882383316 30.6645328253 31.0081010054 30.5880239847 31.0268530581 31.1833586643 51.2671526689 51.0083224046 51.0083224046 51.0083224046 30.6645332399 30.9519301409 30.8834462428 30.7332748094 30.8747114231 31.1632999581 30.5481380551 30.5662293969 31.0599505587 31.1462340115 31.0065902048 30.7552612979 30.8460591802 30.6647879345 31.2021353758 31.162915703 31.1052608261
0 0 0 0 0 0 0 0 22.6360716012 22.5645470331 22.5645470331 49.6737456042 31.1473675183 30.621125242 0 0 30.6300053196 30.7775461538 31.0326720049 30.6216858521 30.8970239517 30.6229082324 30.977226554 31.025085414 30.9305290832 30.9836969625 31.188059424 31.1535089304 31.1709128578 30.8590515582 30.7402627175 31.1287981437 30.7387142593 31.1223146391 30.6786397347 30.9038068228 30.8687591299 51.0083224046 51.0083224046 67.9154821354 67.9154821354 30.8352294702 31.0057615885 30.5092380332 30.8570052548 30.5802044982 31.0880970671 31.0195813832 31.118304734 30.9953772384 30.6703259391 30.7373541242 30.9756052842 30.8483159234 30.6112564154 30.8928527543 30.5314395155
0 0 0 0 0 0 0 0 0 58.5453341308 49.6737456042 52.6841675067 52.6841675067 0 0 0 30.9726398746 30.7785510256 31.0288443022 31.0250370046 31.0510483885 30.6112646085 30.5633122943 30.8616009683 30.8138827224 30.9125781042 30.5376421968 30.8990102233 30.8089966037 30.7832697499 31.0584586675 30.6042242962 30.8461567323 30.5473943924 30.5712174864 30.97772837 31.1819477171 51.2894814404 67.9154821354 67.9154821354 30.9635165279 30.7508090683 30.5549800664 30.9572789423 30.5514300538 30.985896334 30.7924645492 31.057921177 31.0733566328 30.569459371 31.1356133015 30.5324430228 31.1770050627 30.8043207143 30.927336886 30.8162594168 31.0727814254
0 0 0 0 0 0 0 0 0 0 52.6841675067 42.8754575272 66.9492057375 0 0 0 0 30.5076505093 30.6694381378 30.9428095991 30.730816075 30.909011054 31.0826448756 31.0262983192 30.9460434385 31.0922515568 31.0269700515 30.7262813367 31.1262584384 31.0306391017 30.9812957712 30.7573315394 30.6682665058 30.5046829901 31.1132964282 30.8851843492 30.9836940236 30.9942357065 62.2271103072 62.2271103072 62.2271103072 30.6192554682 30.8226527498 31.0460249182 30.7829067391 30.7823108431 30.6084220653 31.1854234309 30.9996566478 30.5027400819 30.7183186378 30.782371883 30.6298247802 30.8823950199 30.7588350819 30.7844478126 30.9339707934
0 0 0 0 0 0 0 0 0 0 66.9492057375 42.8754575272 42.8754575272 42.8754575272 0 0 0 0 31.0985591409 30.6032873273 31.1233841318 30.775178161 31.1685293978 31.1359620333 30.5537922989 31.1587463602 31.0921586804 30.5369590964 30.6080011834 30.6194539686 30.9802666197 30.7728603343 30.7165541095 30.9696715454 31.0213013834 30.9484794042 31.1028432161 30.6080026453 41.2712563206 62.2271103072 62.2271103072 63.5688706463 31.0477767948 30.555278879 31.1477107425 30.5056643412 31.1475315389 30.5350118734 31.1624424267 31.0981015191 30.7505696119 31.1341828816 31.0762972225 31.1500845205 30.7519628448 30.593294014 31.0838010754
0 0 0 0 0 0 0 0 0 0 42.8754575272 42.8754575272 42.8754575272 0 0 0 0 0 0 30.9850194586 30.7544793029 30.9736014297 30.60125363 30.6663290235 30.6598194142 30.997344085 31.0227605684 31.0455156525 30.8835065862 31.1855395769 30.5024862428 30.6886698543 30.5250178912 30.8491142438 30.8373451197 31.0334415189 30.975988115 31.1861810443 31.0389542504 63.5688706463 57.4740833372 57.4740833372 68.2447383803 30.9069453026 31.1820538237 30.6840174297 30.9395148367 30.9967330436 30.8232624962 30.6271287679 30.9762912379 30.7567297859 30.7065663822 30.5071466254 30.6742619163 30.6515721692 30.9534103413
0 0 0 0 0 0 0 0 0 0 0 0 0 0 0 0 0 0 0 0 30.8927791555 30.7144656482 30.7583172549 30.8441630437 31.2043628097 30.6849780555 30.8723109984 30.6416351728 30.8735521065 31.0450475687 30.8626427451 30.8129746246 30.7508092103 30.9132775917 30.7404249406 30.6831180293 30.5034228234 30.6402205847 30.6762843292 57.4740833372 57.6711878429 57.6711878429 30.7188664759 30.6142366925 30.7306331275 30.8668985191 31.042836754 31.0640420259 30.8035210788 30.7098725156 30.9854466639 30.6488536971 30.7804436928 30.7468471448 30.9825312572 30.5122480956 30.6759864065
0 0 0 0 0 0 0 0 0 0 0 0 0 0 0 0 0 0 0 0 0 0 0 0 30.6768251595 30.7069588118 30.8226046965 31.1172325428 31.1675614997 31.1892176046 31.1466211158 30.95909891 31.0431474044 30.7963899169 31.1889115804 30.7318481333 31.1824111523 30.65952197 30.8053459166 31.1570729826 66.1276441468 66.1276441468 66.1276441468 31.0733825625 30.919707606 31.1431027876 30.7703597599 30.9892828288 31.164478933 30.8109654893 30.8090351971 30.8865864646 30.7975420881 30.7054590864 30.9191507819 31.1342988918 31.1461005607
0 0 0 0 0 0 0 0 0 0 0 0 0 0 0 0 0 0 0 0 0 0 0 0 0 0 0 0 30.7409418168 31.1100323228 30.9345391198 30.7129198553 31.1327311171 31.0773686421 31.1430095198 30.6977627272 30.7720730167 30.5894953458 31.1517206845 31.0876807999 64.7968535054 66.1276441468 66.1276441468 63.5704495479 30.5346007546 31.0740431029 31.0679853661 31.05155252 30.9525561545 30.7262738734 31.1693858846 30.8474602749 30.6518215223 30.7926299882 31.1891913746 30.5562314322 0
0 0 0 0 0 0 0 0 0 0 0 0 0 0 0 0 0 0 0 0 0 0 0 0 0 0 0 0 0 30.5094492922 30.6146917442 30.9466838067 30.8249466371 31.0828469634 30.8823464813 30.8526409439 30.5987847446 30.8619289861 30.9905780202 30.6652363785 30.8352412078 65.8991154281 64.7968535054 52.1116563508 30.9675900064 31.2069733035 30.516384205 30.9851477153 30.693257489 30.5304009604 30.6240388969 30.5571227944 31.0880843791 30.8836269111 30.9037033265 0 0
0 0 0 0 0 0 0 0 0 0 0 0 0 0 0 0 0 0 0 0 0 0 0 0 0 0 0 0 0 0 31.1739697174 30.9270107302 30.7597809763 31.1267632054 30.9151070211 30.7760657312 30.6414219532 31.1422965062 30.6521872896 30.7161461449 30.6595200039 52.1116563508 62.0928106817 62.0928106817 30.6440426079 30.8733935832 30.9678157769 31.1435947577 31.0676841484 30.6403806193 30.9614213699 30.6987646924 30.7232023086 30.965298458 30.9332712978 0 0
0 0 0 0 0 0 0 0 0 0 0 0 0 0 0 0 0 0 0 0 0 0 0 0 0 0 0 0 0 0 0 31.1569057727 31.0390362608 30.6216022746 30.9537261443 30.5335796545 30.7490711279 30.8246639794 30.8731763143 30.6523247358 31.0423206118 62.0928106817 62.0928106817 62.0928106817 63.5718178114 30.8659211157 30.6816228154 30.9207850724 30.5040946505 30.6466612697 31.0161042907 31.1985782344 30.5764224906 31.1745544658 30.877419677 0 0
0 0 0 0 0 0 0 0 0 0 0 0 0 0 0 0 0 0 0 0 0 0 0 0 0 0 0 0 0 0 0 0 0 31.1676492129 31.1516511152 30.5026991602 30.7514016695 30.8471548211 30.7938404425 31.000987027 30.6120686433 74.2567234296 74.2567234296 74.2567234296 47.8754271322 30.5498416703 30.8339403269 31.1558469487 31.127873369 30.6455581716 30.5845784603 30.8116297724 30.9379993554 31.0764671669 0 0 0
0 0 0 0 0 0 0 0 0 0 0 0 0 0 0 0 0 0 0 0 0 0 0 0 0 0 0 0 0 0 0 0 0 0 30.8180712418 30.8119469893 30.5352356616 30.5674546098 30.9998010614 30.5140633917 31.0508247477 30.6631983199 47.9456946579 47.9456946579 47.8754271322 31.0407494768 30.6895230225 30.8722620301 30.694216515 0 0 0 30.7799751293 30.7478096032 0 0 0
0 0 0 0 0 0 0 0 0 0 0 0 0 0 0 0 0 0 0 0 0 0 0 0 0 0 0 0 0 0 0 0 0 0 30.5997721486 30.8463036862 31.1006844142 30.9108984987 31.0034107011 31.1159399411 30.9791055049 30.9789536504 47.9456946579 47.9456946579 30.6993416219 68.5675508343 31.073869024 30.8633960726 0 0 0 0 0 0 0 0 0
0 0 0 0 0 0 0 0 0 0 0 0 0 0 0 0 0 0 0 0 0 0 0 0 0 0 0 0 0 0 0 0 0 0 0 30.7735192273 31.0398203812 30.881513662 30.5596781084 31.143591493 31.1135609788 30.7966900474 30.7920569141 47.917719964 76.8626884832 76.8626884832 47.6178240659 0 0 0 0 0 0 0 0 0 0
0 0 0 0 0 0 0 0 0 0 0 0 0 0 0 0 0 0 0 0 0 0 0 0 0 0 0 0 0 0 0 0 0 0 0 0 30.9748668802 30.6860857385 30.5861693884 30.9979770522 30.8115587914 30.5230419985 30.6604106095 31.1274321374 53.866750792 53.866750792 47.6178240659 48.9959833459 0 0 0 0 0 0 0 0 0
0 0 0 0 0 0 0 0 0 0 0 0 0 0 0 0 0 0 0 0 0 0 0 0 0 0 0 0 0 0 0 0 0 0 0 0 0 30.9162900873 30.6037769617 30.5436936649 30.846416563 30.6453562733 30.7956778851 31.1647918901 53.866750792 53.8989172053 53.0015005085 53.1650410322 0 0 0 0 0 0 0 0 0
0 0 0 0 0 0 0 0 0 0 0 0 0 0 0 0 0 0 0 0 0 0 0 0 0 0 0 0 0 0 0 0 0 0 0 0 0 0 31.0076954205 31.108280386 30.9619226083 31.1246895073 31.0797607577 31.0211208196 30.7735549575 45.052899497 55.4710837965 46.4731257232 55.2546106297 0 0 0 0 0 0 0 0
0 0 0 0 0 0 0 0 0 0 0 0 0 0 0 0 0 0 0 0 0 0 0 0 0 0 0 0 0 0 0 0 0 0 0 0 0 0 0 30.609530583 31.0676892548 30.8376047227 30.9393748842 31.1504540813 30.6265722755 59.9460412591 44.820600191 55.3066032427 22.3285741332 24.9492883841 0 0 0 0 0 0 0
0 0 0 0 0 0 0 0 0 0 0 0 0 0 0 0 0 0 0 0 0 0 0 0 0 0 0 0 0 0 0 0 0 0 0 0 0 0 0 31.1371973467 31.0769089524 31.0028124357 30.5562678613 31.0958312463 0 0 22.3285741332 22.3285741332 22.3285741332 47.3978544944 59.3480331243 0 0 0 0 0 0
0 0 0 0 0 0 0 0 0 0 0 0 0 0 0 0 0 0 0 0 0 0 0 0 0 0 0 0 0 0 0 0 0 0 0 0 0 0 0 0 30.7693940739 0 0 0 0 0 80.2034118667 47.3978544944 47.3978544944 57.7190657714 57.7190657714 0 0 0 0 0 0
