Spatial_Output/BAU/BAU_0366.asc
NCOLS 155
NROWS 192
XLLCORNER 196307.867259
YLLCORNER 449144.565805
CELLSIZE 33.573938
NODATA_VALUE NaN
[rows 75 to 99 of 192, columns 57 to 113 of 155]
32.4927269247 33.9070102176 34.3614296799 33.345363305 34.4762990012 33.0136783765 67.2613974086 67.2613974086 34.5118844275 32.0489203747 33.3149638376 32.6719984159 32.6409191564 33.2282660729 31.713012485 32.7419395099 62.5309875862 62.5309875862 67.0679148991 67.0679148991 71.1776026268 32.3074920094 31.6008336238 32.2267978262 32.3968140609 32.184969976 32.1820751209 34.0081665851 34.5913744662 32.0435136213 32.3887677322 33.6300535634 34.4696399884 33.7696567609 31.9512700044 34.7627167317 51.1795021104 51.1795021104 58.1334756427 64.7704295112 64.7704295112 32.8484882305 32.1175441849 32.7553870113 32.2675639432 51.0048778095 74.53568362 33.031394962 33.3892695681 34.6060209254 32.7495222731 33.097704874 33.5853003328 34.8219746906 34.0093896268 34.2080547185 32.2310426865
32.218693074 33.8427252624 32.7298804093 33.4462606642 32.201890873 32.7218041222 67.2613974086 67.2613974086 67.2613974086 34.4536950978 34.8632056892 34.0757628733 32.1338824711 33.3582421533 34.0935376456 34.5324354343 62.5309875862 62.5309875862 67.0679148991 33.372362675 32.2840877035 32.1821050444 32.8362975516 34.229015091 33.1299916024 33.800171482 34.8932983708 34.9105011986 33.529860925 33.1429263255 32.2840781717 34.077157559 34.8976191414 33.8360791195 33.4875531188 33.5874912868 61.4205728523 32.349930334 31.8737343877 64.7704295112 64.7704295112 34.0828700714 34.2943604557 33.9156031811 31.5957881694 32.9074203635 31.6997888175 33.6591022004 34.6603856778 32.0589936467 34.548100225 34.4998422593 34.9605316202 34.9789720026 33.5171257049 32.6933345256 33.344184812
32.2132594772 33.8678980767 32.2366826035 34.9442246005 31.9806728391 32.7373527776 59.1118395313 59.1118395313 32.9223523251 33.2425684016 34.6281286859 62.0830798807 53.2673084081 59.0609377316 34.1891065343 56.0910513276 33.6941785432 56.0910513276 35.0007399182 34.2526610669 34.7702360826 34.6497812367 33.2472796072 34.0241350967 33.5910709793 34.536366861 34.1914026902 58.9310566454 32.6940424992 32.1599376324 33.5015240459 32.2001229584 31.5085334733 32.4981666448 32.1153599639 33.8018351284 32.2011217845 31.9008005161 32.8958689227 64.7704295112 57.079873012 44.9333989067 44.9333989067 33.7326939318 34.1292756545 33.1361050879 31.5198572436 34.4949301998 31.7209871406 34.1814122958 31.8117736144 33.3174435645 32.5108420024 31.661629152 62.410732783 34.8861452601 32.6970091091
34.7146649689 34.9943363675 34.5194872785 33.7783595625 33.7005634219 31.6011987763 33.3280866541 61.256061772 61.4661872786 34.043972863 34.6403792686 52.9857867948 61.8537051195 66.5686864812 32.7508333343 33.3677917007 34.7780396656 56.0910513276 31.8135385263 34.1241565186 34.0219192203 34.6214153772 31.6642652984 31.7914592151 32.3794650715 34.1020529632 32.6534728721 58.9310566454 34.624722227 32.4151500557 32.2668604158 34.67349422 32.3037561612 32.6285123602 34.622422752 31.8988584363 32.2250151188 34.9890244278 33.2028079671 31.9108771642 32.9021702468 33.3638431079 59.8310522006 32.131542868 33.0914380447 33.8149557026 33.2875176785 57.3009298807 57.3009298807 50.8540613674 32.2089699977 61.6813419699 31.6719995033 62.410732783 62.410732783 34.6022434747 31.5610775766
32.4620743445 33.4245831891 34.0167825504 34.8912893152 33.2652031792 33.9573754331 34.9712490437 51.1702933027 51.1702933027 51.1702933027 33.2826880886 53.5570668267 54.4368341472 53.1983993907 32.1370946489 32.7433863818 33.5202509927 34.5185729725 31.5172266514 32.5583995399 33.2701250925 34.1135671658 32.8230039801 32.4199424698 33.9095940153 31.6523368099 34.8490774358 45.2730808253 45.2730808253 45.2730808253 31.9449043601 33.9396148636 31.5449771927 32.3998340394 34.5092252056 33.4964780587 34.1419073151 34.2476487979 34.6361888588 32.3436436503 34.5902083255 32.2646460076 34.9801415264 34.9746987632 34.2974357025 31.601094735 33.4388280149 57.3009298807 57.3009298807 57.3009298807 50.8540613674 34.0723822847 34.3853008766 62.410732783 62.410732783 32.7621649254 54.8855771239
33.3356977459 31.8393664559 33.8658850073 31.9860357599 32.9503148283 33.4302610161 33.2976321455 51.1702933027 51.1702933027 33.7585868026 34.7799657113 33.2168094089 32.6086017201 34.5606907297 34.882866993 33.6491557247 31.8791966115 34.9237652321 33.0432089813 34.0176051505 31.6160588301 34.6071398513 34.9101506104 34.2825351236 31.6680861111 32.7385052674 31.7548465366 45.2730808253 45.2730808253 32.8677174905 34.8545404477 33.5049800499 33.75949764 33.6420189463 33.1177081489 34.9690403274 33.0251888944 34.9875194387 32.034904436 34.6438621538 33.2291954598 33.9938666977 32.3263591328 34.3639918291 34.3886046485 34.9476455748 33.4107793925 57.3009298807 57.3009298807 50.8540613674 34.5926327916 61.6813419699 34.1880790163 34.1871462465 32.6248967311 34.3872230233 33.6398394706
31.5816805596 32.1710581177 34.6558410611 32.3539227917 33.1418573432 34.2602157062 33.8242560306 31.6203807199 34.2298099983 34.2736041102 33.8740093544 33.2836050438 34.166258688 34.142107368 31.7944447325 32.9041890137 33.9537080731 32.4396457152 32.0277683965 33.0370519279 32.7134007437 34.6217919651 33.3115663912 34.3121880764 32.1785142138 34.5874201845 33.2014970788 33.2926357906 67.6758333637 33.0677925676 34.3799129057 33.4876852755 33.7568520333 34.0729221345 33.8387658567 32.3622780406 33.7842105187 33.0844717165 32.5237405316 33.2301958557 34.5819783592 34.4888107152 33.7669694508 31.6142038258 33.2968010837 34.6059322287 31.9021471475 32.1329323118 33.4069280962 33.9983091987 33.579910306 33.13231682 34.9810828372 32.8651900024 34.075395695 33.8533646245 33.2108201703
32.635223493 31.6211497945 31.9790686964 32.9910995941 34.9914530192 31.6659940058 34.297429947 31.7454348786 32.1509243548 31.9903981609 33.2751822413 32.6968513066 33.9257405889 32.0628038986 32.3839032207 34.3724365672 33.6712223904 34.3554562302 32.2871702976 31.7161707816 32.6587961065 33.8669474588 32.8554566985 34.6773477428 31.5067658432 31.6308757682 32.7020781473 34.0287841283 65.8375165365 65.8375165365 66.3615555809 34.4524181291 34.5973382999 34.6362634849 33.0724135938 34.1358461962 32.7972060151 34.0208518447 33.6376017504 33.959729001 32.3707211382 34.0376298196 33.5084961734 34.1395201411 33.3206192483 34.2441033598 31.7522978847 33.623871467 32.9645945119 34.1835605335 32.0482703766 33.2144324559 32.7691795689 32.0582223668 32.5963411594 34.5574927916 34.6218210189
32.5304423298 34.4251531679 34.9378285621 32.6593916484 33.2124746958 34.346169483 33.7201120838 33.3423339495 34.9943622452 34.4655707282 34.1866203863 32.5517966961 33.6152935224 31.7478940327 34.0145172313 34.920001654 35.0118968592 32.5934790164 34.0161160465 32.380675195 32.7030668537 34.5033635779 31.6841592856 34.5839875726 34.9148223936 33.9801834789 31.9487950345 33.4603852587 57.0185690209 57.0185690209 57.0185690209 34.3080739288 33.2475349568 31.864372562 34.3413213299 32.5142149409 32.9392813003 34.749046039 31.6136865015 33.8020915961 34.7196222879 33.6034487225 32.3009337055 34.097265112 33.0142124488 34.1588087053 34.5311669912 31.9392305213 32.5106037399 33.6954234043 34.2082033174 34.9872756474 32.8967596709 32.0883585435 33.1609671496 33.9027794393 31.7893796203
34.2041113847 32.7032726999 34.634565986 32.7688573571 32.7720025648 33.2719344021 34.3324319563 33.3174148864 33.1774659152 32.1443436148 32.1344675526 32.5046085457 32.7650901186 32.0325489437 33.1330878754 33.500437328 31.5770033753 31.7833899767 32.8791201236 34.647162556 32.9704620993 31.9575681902 34.397666861 33.1194375302 34.0508433129 33.2842102997 34.3130167323 34.6624302199 57.0185690209 57.0185690209 67.9410602101 33.8635243988 34.5992966654 32.1309388903 32.3272147882 34.6597517944 31.886927216 32.7882083954 34.3595629235 34.7392975716 33.1442784473 35.013136411 31.8604975091 32.6052442103 33.1359234562 65.7843634793 65.7843634793 65.7843634793 32.7108624747 33.7076525938 34.3481447126 32.095852026 31.7746438799 32.8342338331 33.7751405231 34.3086574794 34.1243679745
34.3467142622 34.6937391565 32.3763929462 31.5325894407 32.1778761856 33.5412000688 33.1927954619 34.9784995199 33.2593192072 31.6534308708 33.7616889781 33.7253997193 34.8971121805 34.3077040487 34.2559237081 34.6076940339 33.7130148296 33.7282791482 34.6805878798 32.3643571421 33.2770954565 34.02876506 33.0123368814 34.7626796814 33.6649307682 32.5667421618 33.3728930961 31.8640996552 67.9410602101 67.9410602101 67.9410602101 31.962861288 32.3354418842 33.7471428257 34.1311024517 34.3970193309 34.5783035258 34.9018958997 31.6160030396 32.3197800015 32.4095966023 32.8351508032 33.2964127944 32.5089732878 32.1271658967 33.1516678195 66.1336328799 33.3922567203 34.9826983794 32.8288519856 34.1345646912 34.4027644393 33.3698657117 33.6987637708 33.1625798816 34.4327991831 34.7611209742
32.3672540126 31.6658773489 33.695599557 31.7180384981 31.9547381093 32.3985919188 33.9508250506 32.5739733848 33.6282566628 33.1187557342 31.8519247078 34.6756090862 34.1204089848 32.2287218314 34.918843739 33.1741038708 32.127402968 34.8043302968 32.7175942678 32.7988459714 31.5415534438 33.7006398947 32.4903978338 32.411431827 34.8776059675 33.6613766042 32.7750373066 33.7374278894 50.7139194655 62.9575601644 62.9575601644 34.5251196049 33.8184268994 32.1800269797 32.0213611818 32.2997869758 34.8929021282 33.1723111579 32.8316845973 31.5041829911 32.0762646003 33.8338413121 33.3662841733 32.3968179018 32.8238738689 66.1336328799 66.1336328799 66.1336328799 32.1725672575 34.9749951357 33.854299559 33.9861688602 31.5520869919 31.6505205332 33.8821853298 77.1318325218 53.9479136857
32.0361972804 34.3946966743 31.6974752585 32.6496501035 34.9331829689 32.1384941132 34.2700251476 34.1380695318 31.6351034141 32.343139983 32.5504980309 32.6179935924 33.210302654 32.0894472062 34.8744837342 33.3864297253 33.2569204074 34.8033373864 34.5292767563 32.9239727131 32.0581274899 32.463839233 31.9032089033 32.4346762634 32.8672347703 32.0955872702 34.9939976502 32.2044437398 62.9575601644 62.9575601644 57.7314281621 34.3904215228 31.7042262398 32.5597842086 33.1197435064 32.6614047762 33.5820465585 33.2783551548 34.5836327674 34.9304105139 32.7037002736 31.8575406568 32.2504583627 34.4460815227 32.7135266302 32.7600790777 66.1336328799 34.2678972931 32.1197964822 34.8556689929 33.025802941 59.5019389262 32.3501512253 57.9329621501 57.9329621501 53.9479136857 53.9479136857
32.3800942526 32.553601691 32.6134196205 32.1597069769 34.1235143105 33.3795352016 32.7821164327 31.8904942298 33.0801965549 32.7736088451 31.9893485847 32.3942026997 34.4360520616 32.2707690645 34.8458853374 32.599321984 34.2866766475 31.859160826 31.720583284 34.745221028 33.3477325528 33.0564575545 34.8823354413 33.0296288846 33.1199961786 32.3924862847 33.9807787032 34.3995959318 33.2849286593 57.7314281621 57.7314281621 57.7314281621 32.5111080021 33.2730843124 34.9481797809 33.5869736974 33.8978559173 33.7175592029 31.6521094787 31.9966240687 31.8352806936 33.0287971982 33.2954229364 34.8900404548 34.9650916397 32.0053219389 33.1872188242 34.6216212181 33.5048853943 31.8267011655 59.5019389262 59.5019389262 58.0756205499 57.9329621501 57.9329621501 53.9479136857 53.9479136857
34.5948352495 32.3993273049 33.3971419942 32.1894010301 33.0843110575 34.1862128546 32.0790747199 32.5921969129 32.8933880515 33.1573606896 33.0102809306 31.9801292593 31.6975061399 33.2318891544 31.874326636 31.9882993002 32.9724745499 34.7771678483 32.9748392632 34.3937398521 34.5564946348 33.290192861 32.8305015881 59.9396506243 32.6534114307 74.9089177088 74.9089177088 49.1181436998 32.3374231852 47.7652356452 47.7652356452 31.9328356481 33.7157038428 32.4145994511 34.4346418344 33.8274824795 32.0749957492 34.9109129748 33.3603487068 32.1093723505 34.9863050072 31.9294539453 32.5502151178 34.8627446518 33.8827975126 35.007892989 32.5518532757 33.2296964172 33.3985762366 34.3722565226 32.0094186993 33.6488140231 32.0760806571 45.3578481911 57.9329621501 77.1318325218 53.9479136857
32.4516003165 33.3903660374 31.5194028925 34.9975309309 34.5845316609 34.0178624362 31.9631616861 63.5558728335 33.8037542602 33.4768369147 33.1015751229 31.8891159873 34.5070713521 32.5028619052 33.7467542148 33.1000494081 33.4141230226 33.9444225387 32.3921328086 32.0667043875 50.243862325 33.9587218594 34.0172253349 34.4783405203 33.8746900346 74.9089177088 74.9089177088 74.9089177088 49.1181436998 47.7652356452 47.7652356452 34.7138144633 31.9424228765 33.9832675008 34.0806672935 32.2341237102 34.718484013 32.9390969701 34.834722909 33.1972090886 34.7136411358 31.9310729492 32.8679572658 32.1131090637 31.6284897311 34.4850903832 32.9190816602 32.2009068764 33.8292815083 33.8904046088 32.3495146705 32.6504414322 32.312373862 32.5481065839 34.1141153924 33.3716919076 34.9764592922
33.1837030152 34.2952072684 33.5302737249 32.6362935465 34.7944686257 34.1791928162 32.4612240725 63.5558728335 65.5736816841 31.7801848662 34.1180404429 33.1263711498 34.7297920732 32.0737876328 34.2358505736 31.7906714461 34.4687383994 33.83084903 32.6028648795 47.2506261223 47.2506261223 47.2506261223 34.2698489451 32.6524415907 33.9219320919 32.8736699165 74.9089177088 32.9438878275 33.802538603 75.0232943566 47.7652356452 75.0232943566 33.3473246861 32.9298076764 31.5411428886 32.6339007054 34.6676045105 32.8147824888 33.2828402239 33.0753430038 32.3859994498 33.5366465344 34.1133460926 33.0208324369 33.1383745975 32.9208006858 33.7899906103 31.9179320941 33.4794490755 33.8922184596 34.9334209603 32.3825560296 32.890409 33.5511794744 34.4163491432 32.8370355249 57.489864976
32.4041959569 34.48853539 34.5153329209 34.7944251504 34.1651839936 34.8031596588 32.2715190463 65.5736816841 65.5736816841 65.5736816841 32.5709174993 33.6405289697 34.020856298 33.5475978398 33.2272448444 32.5579318161 31.6032946975 32.8095800232 32.3036713029 78.2985363682 47.2506261223 47.2506261223 32.7301396364 33.764399711 32.2585619192 34.2122862516 34.1326284251 31.5707460298 33.2542922805 34.7510308997 75.0232943566 75.0232943566 33.6869616069 31.7556669495 33.3159976884 34.1043133652 32.4089103278 32.5510206213 34.1952666597 31.7000355071 34.751608083 32.1516129004 32.4525450735 32.4394676491 34.2756165842 34.8235508437 32.9513876513 32.9554055686 32.6672514804 31.5426808019 33.0137950276 32.4610001164 33.3858378222 31.8523838316 34.7267831955 32.1284938219 34.547219641
34.8963271783 33.7105019849 34.8250823746 34.2349413898 32.8261265488 33.4835138717 31.8436588718 31.96866071 34.5420083236 32.2499571108 33.6082055592 31.7063821651 33.58041783 31.652356642 35.0192653852 31.7458544165 33.7805643749 32.4185594101 31.724453538 73.6253282647 73.6253282647 33.8815498768 34.8223308362 31.5703084776 32.6401144089 32.0034406938 34.0557078294 33.5899756889 32.6451857608 34.0539791819 34.7415664864 33.6368977332 32.8142434466 34.9035369245 34.7992027384 32.5925963645 32.302241983 34.7070629824 32.6640471403 33.7995135789 32.4170651141 32.2158996523 32.6326124184 31.8666647737 33.5636527931 32.5509627493 51.4483252274 31.5830573356 31.7640196444 33.6459474771 33.8359177897 34.4615953573 34.9495182143 32.1877817632 34.2047770488 33.565293397 33.4270625705
32.3339782428 33.4426008867 34.3898067502 34.069640459 35.0119962731 33.6638778608 33.3897249595 59.9354890027 59.5922577054 32.6872109821 33.6053969028 32.0900157699 33.7758248057 32.74032192 34.6782270912 33.7088929368 31.524045662 31.6103191815 33.3406530668 33.0657930362 73.6253282647 33.34736691 33.9928870339 35.0245262457 34.3061380637 33.7042008413 32.0850539519 32.3305581469 32.0370082693 33.1678379552 34.4256284507 62.6506294663 34.0238109302 62.6506294663 33.3634076278 34.7783179273 34.032861524 34.2243236592 33.309717576 31.5856599594 34.1505776597 32.9587450301 33.9510346801 32.5905637665 32.946408329 32.2445831601 34.9418489494 51.4483252274 33.4413354628 34.4347117783 46.2478155499 31.8584254747 34.3595579253 34.9967630765 34.3501132014 34.5157875278 33.6230283779
34.9455392673 31.6611820779 32.2576547756 32.0286362125 33.2870175399 34.7277993451 32.8762576152 31.9654158226 59.5922577054 34.9660667015 32.4296229985 34.3909428051 31.5961675716 34.5734221641 31.8190787569 34.2342033955 31.6576712282 32.2120795569 31.8673059849 32.2207172003 34.005836711 33.1661588335 32.7178779143 32.3307478074 33.9223350956 34.1142476431 33.3007431478 32.9260873782 34.2042341295 33.2555965182 62.6506294663 62.6506294663 31.5810853718 53.0667337729 33.7954927144 33.6714270371 34.1743865114 34.9107499548 34.8552358073 49.0039182037 34.3838569656 66.0788763986 75.4890142621 34.4491801293 55.9531983791 33.3222247467 34.4840853389 33.9767017313 34.2852310455 32.8201567999 34.4597946064 32.3705445444 32.6183266689 33.6565500577 33.7059692941 33.8173020626 33.4876006609
34.3781256445 33.2341678904 33.8082259137 32.0075959073 31.6590374211 31.7061336824 33.3121217517 34.5770745328 33.3964306616 34.5655397882 33.580924216 31.8502616546 32.4271270201 47.4488286754 34.8891568724 34.3076823254 34.922403511 34.729082682 32.0115653931 62.870239905 63.0044711141 62.870239905 54.2130312236 32.3908238416 32.2265656459 56.4425842163 32.3405931013 33.9690953988 32.815785278 63.1360270759 64.1072812362 32.3829357561 69.9634673312 33.7937412507 33.1482105425 68.7252796799 33.8051665843 32.8465051281 49.0039182037 49.0039182037 66.0788763986 66.0788763986 75.4890142621 55.9531983791 55.9531983791 33.719957623 33.9706399675 33.5042079631 32.8154773722 33.4354148222 46.2478155499 34.0621651414 33.510240874 33.6263408731 32.4367495445 35.0280513021 60.1926853448
74.2846523674 33.8196064513 33.5879009017 31.9375937089 59.1605049086 62.8592452388 34.8939941797 34.8806501802 31.5486290937 46.7122129432 46.7122129432 60.839050836 32.5135053308 47.4488286754 33.8032057634 32.4927681701 33.3338282061 33.7699498276 32.3276425456 63.0044711141 63.0044711141 63.0044711141 54.2130312236 34.0819246977 34.0128717858 34.3656339064 57.2899331642 34.7822210576 63.1360270759 64.1072812362 64.1072812362 33.9725520608 31.7840832789 33.3896875288 32.3499888015 33.0145343656 33.9748501047 48.4007681385 49.0039182037 49.0039182037 33.4503537065 66.0788763986 75.4890142621 33.627251006 55.9531983791 34.0478479446 34.0124774193 32.6566948174 34.1162643377 34.5937306028 33.2905308163 34.8721782085 32.413948547 33.8830797117 32.8247142881 31.6774838011 60.7951177929
46.9057020504 34.393174277 34.3753398098 59.1605049086 59.1605049086 59.1605049086 31.6457606112 34.2952621796 33.577523797 46.7122129432 46.7122129432 60.839050836 60.839050836 33.4282729406 47.4488286754 31.5129797118 34.4147245054 49.9007937804 33.2838330137 32.3879498676 32.9035813667 33.8095047693 54.2130312236 54.2130312236 32.6031065834 34.0395896702 34.622686338 32.7725042615 61.6408298868 63.1360270759 64.1072812362 32.991413726 34.2830768663 34.5001813518 33.9781305504 32.7502487271 33.227220465 34.1246425971 34.7537967275 49.0039182037 34.5014665414 32.4146383453 32.4312019374 33.4447903682 33.2258725593 31.6624190665 34.7267727771 70.0492135156 35.033117321 33.5819959732 33.557996823 33.5722970834 31.7093611466 32.3328076353 33.3077594264 31.9318233198 32.3610489557
33.1919536645 34.6139830838 34.6770080675 64.8029110158 59.1605049086 62.8592452388 33.1895388351 32.6666899344 32.3416090035 46.7122129432 32.7609816999 34.5712471027 34.1001673832 34.5173034432 33.4170913321 34.2245720434 32.2906923704 34.1801808314 32.700271857 34.3404756955 33.9085004147 34.9326940691 32.8980448572 31.7628930704 33.2219591963 31.6465362818 33.0762106897 34.485406043 34.7629026944 33.2678517523 34.7888355031 33.6369688093 34.8381668241 34.1220869008 33.0778753092 32.0286151952 34.9881281258 33.1270220433 34.7360944048 33.998617599 32.2938405508 33.0085515437 34.9856767285 34.7594117445 31.9750364808 34.9966542849 31.5166360071 32.6932647081 70.0492135156 34.6751866331 31.5058848423 31.6254549062 33.5531159953 33.5310746357 34.3773720742 32.3876515629 48.5032305071
