Spatial_Output/BAU/BAU_1128.asc
NCOLS 155
NROWS 192
XLLCORNER 196307.867259
YLLCORNER 449144.565805
CELLSIZE 33.573938
NODATA_VALUE NaN
[rows 25 to 49 of 192, columns 0 to 55 of 155]
0 0 0 0 0 0 0 0 0 0 0 0 0 0 0 0 0 45.4552721243 61.7286848938 52.4656277188 22.9073727602 22.0704940445 22.1544785493 22.1544785493 78.1657260364 45.7724740698 49.1184576301 45.7724740698 31.2176902166 30.0606072636 29.8653057985 31.1384544393 29.3524034622 29.237026928 32.027160204 31.585652424 31.757203047 28.9229342784 31.3563159281 28.7581937504 29.6500464477 29.8604437849 30.4371033797 30.0958841204 31.6088261441 28.9347364136 30.2033063654 29.624776933 30.3465598039 29.6889609472 31.499532188 31.4960131859 29.0540047441 31.1284580832 31.2341621682 28.5194816665
0 0 0 0 0 0 0 0 0 0 0 0 0 0 0 0 0 0 70.8543547081 70.8543547081 0 29.0825193384 30.0496560253 30.9705527292 55.8877564889 49.1184576301 49.1184576301 45.7724740698 67.4078690291 28.5006326749 29.7094103889 29.1591184178 28.8210675666 28.5143300726 30.8002013365 31.0492411541 29.7047004284 28.9974322341 30.0013173006 30.3421659052 30.1321973673 30.4204465921 29.624535942 29.2890355677 29.1826993746 31.7177206787 31.7358604356 30.4517560698 28.6633680154 30.6321027949 29.6668171591 31.3790584156 28.5395821963 29.6734395822 31.0606108321 31.2835905675
0 0 0 0 0 0 0 0 0 0 0 0 0 0 0 0 0 70.8543547081 70.8543547081 31.5326856206 30.6025475526 28.7250175032 29.8297235849 30.186949719 29.1292236356 49.1184576301 49.1184576301 72.092659464 72.092659464 60.0787643761 29.3445975068 29.2003694184 29.3497810606 28.768393281 31.6749764689 31.8758895801 29.4195412038 29.0868983192 31.8627519383 30.3096783476 29.1617096652 29.2481517354 30.0961677826 29.2771529275 29.784487343 31.6045257356 29.5712475049 31.8513250323 30.1441953157 31.0460550161 30.1846058062 29.703280554 31.4372820999 31.0047396859 31.7311796831 30.395638086
0 0 0 0 0 0 0 0 0 0 0 0 0 0 0 0 0 52.5506271383 28.8692547715 30.5449575133 30.9304511467 30.8920131877 31.1858450662 28.8542598354 28.7936216332 30.3897153946 67.4078690291 72.092659464 72.092659464 52.7957422297 52.7957422297 57.7872381511 28.714081733 30.3435838805 31.3161681697 31.4576675066 31.6319871767 30.6592986218 31.916223962 29.4425969709 29.6782085703 29.5451885832 30.6648327175 31.1329410815 29.401115265 29.3467383742 29.7471266116 29.0831585017 29.2468302852 28.6535366955 31.3675166885 31.2979808619 30.820517669 29.2940509901 31.0296004848 31.2186466028
0 0 0 0 0 0 0 0 0 0 0 0 0 0 0 0 0 31.2071004083 31.4879933899 23.6694058552 18.4976317781 18.1753052754 31.8943653383 30.4094542005 31.7533732408 29.6712989997 31.5107756992 58.8924513631 60.0787643761 52.7957422297 52.7957422297 58.5191745997 58.5191745997 28.8389555782 28.7012300241 29.0195144788 29.180102995 30.0200465985 29.0698081418 28.6132125654 31.1352499891 31.6087015677 31.1546973518 30.7293723119 29.8843251603 28.5736756285 29.5361224854 28.6139289709 30.938847582 31.5149836036 30.4590598779 31.1698822003 28.9223900485 29.8294100723 29.1498942624 31.0286849772
0 0 0 0 0 0 0 0 0 0 0 0 0 0 0 0 31.8507197454 30.4408310613 31.2185156751 20.3699179099 15.7719442394 26.7188640397 29.0585863411 31.1664278616 30.7645746536 29.2877827963 28.8348768313 31.1309634951 28.6720564187 52.7957422297 58.5191745997 58.5191745997 30.9728769528 56.837263206 29.9255428472 31.1853880392 30.3606777384 31.2963470307 30.4637675781 31.407519818 30.9541541946 30.8918544949 31.2834647126 28.9738508826 28.6503691819 30.3385192592 31.5787578302 31.1175002153 28.8947778324 29.2401245333 30.777916784 28.6477174333 31.8835314942 31.6058788175 29.1886521271 31.0844865989
0 0 0 0 0 0 0 0 0 0 0 0 0 0 0 31.1516424099 31.9109878283 30.5860454222 28.5453755995 11.3381561548 24.7952703485 27.0217325124 28.4634318688 29.5901029456 30.2139427143 29.1209535342 31.5950716975 30.3344691603 29.9584955593 30.9636843883 58.5191745997 58.5191745997 60.3176289392 60.3176289392 60.3176289392 31.4431738947 30.9857791041 29.2739892868 29.5925139368 28.8262890034 30.6398164213 29.1136957581 30.5998969951 30.8508673707 29.511242734 31.9345046336 30.4352082955 30.749864402 30.1113356776 29.7560443509 31.2336676277 30.8467238916 28.9107853462 29.9611560095 29.8417827996 28.6702251919
0 0 0 0 0 0 0 0 0 0 0 0 0 0 0 29.123732783 31.3542795086 31.2624956006 28.7443598832 16.1674226122 23.0408941739 13.0878804444 17.447687503 28.6329526021 29.9392280503 30.4084330182 30.0054930918 29.557264968 29.6333116026 31.3446359832 28.5022802415 71.2713665743 60.3176289392 69.4702642616 69.4702642616 69.4702642616 28.8705633707 29.6369663087 31.6618373773 30.7369866094 29.4184092043 31.8571147089 31.1244182142 30.4863666918 29.1562693494 28.9111331995 31.5476469095 31.421714509 29.7877484799 31.8203201791 28.769398189 30.3659069154 29.7017564531 30.5962153808 30.4682659309 30.1484156606
0 0 0 0 0 0 0 0 0 0 0 0 0 0 0 31.2620692483 29.6595211719 28.9398372609 28.8158692842 28.6754247846 9.5859581317 32.9132134925 10.7989148251 30.6686465406 29.7156813031 31.0667659037 29.1922872387 31.9415812657 30.3398396399 29.7827005024 28.6090912029 31.3585808786 60.3176289392 69.4702642616 69.4702642616 56.9284497623 56.9284497623 31.2590270164 29.9451664735 30.9908983308 30.3599481019 30.4459284983 28.8648594516 29.0782923298 30.2426412164 31.8545867231 31.5386233334 29.9697099656 28.8895892877 30.1781894796 30.6175154858 31.47562436 31.4244016578 31.0599210338 31.6936810432 30.3099416212
0 0 0 0 0 0 0 0 0 0 0 0 0 0 0 29.2933160176 30.5024438452 31.1467833754 29.7800867109 31.5227435494 30.5607661548 32.0165320074 28.6009500119 31.3252354574 29.7659288583 29.1037523283 31.3667467971 29.9095676711 31.3471385295 31.2657194904 29.4495703712 30.4318112345 30.1061240949 30.6815675136 69.3216976339 56.9284497623 56.9284497623 28.974765444 31.7034925398 29.4355325599 29.5119172796 31.8899016978 29.7620697673 30.780957962 31.8413492343 31.4363221472 28.5227748617 30.1377616718 31.352790657 31.7564611438 29.0021769002 31.5080748197 30.6540666983 30.8958766249 30.3926491844 30.9512463278
0 0 0 0 0 0 0 0 0 0 0 0 0 0 0 29.6225502181 29.4577521343 28.530944382 30.5095831449 30.1265142276 29.9655225557 30.7199620785 30.4270919847 30.9201624019 29.9326213593 30.1427687652 29.3238450768 28.9723824751 52.1776615258 30.1644120121 28.5757092309 31.3079345874 30.0618728997 30.1193829683 30.6491742055 58.6827520705 43.5470443282 80.4190815783 31.8676664511 29.9022610439 29.8288113686 28.7519798273 29.6617471484 30.5456070449 29.947639099 28.7387496007 29.5160622726 31.6530173252 30.7426086854 29.398847416 31.6753401224 30.309591197 29.6139606118 28.9930350823 29.561184149 30.0302251519
0 0 0 0 0 0 0 0 0 0 0 0 0 0 29.977517962 31.6491628495 30.3847497319 31.2651861342 30.5366336893 31.2439404227 30.5010156133 31.2771185053 29.7732083954 29.5211080364 30.252897505 29.6116953783 52.1776615258 52.1776615258 52.1776615258 31.9824988534 29.9574358546 31.3895226209 28.5086120001 30.3970600498 29.5771198209 43.5470443282 43.5470443282 43.5470443282 30.7906084147 29.3281270678 30.2280442688 31.6688347454 31.5841885077 29.9731598846 30.5897819933 30.735481125 30.4344628566 31.2123856211 31.5201941656 29.1614209519 29.0702431965 30.5074633244 29.3082549925 29.8058838786 29.2864463342 28.6258082055
0 0 0 0 0 0 0 0 0 0 0 0 0 0 30.2335067729 29.1461533892 29.8359227165 30.7616142982 29.7482149142 31.0885543128 32.0242663747 30.1140960333 29.7212704071 31.5329329092 29.6412296936 28.7290280451 52.1776615258 52.1776615258 52.1776615258 73.9362050342 31.2778862967 30.0957248082 31.8556298267 28.5532200744 28.6516909441 55.2245386378 65.892251245 65.892251245 28.918120647 30.1500455517 31.102002596 30.2459484728 29.9069317313 30.3002450407 29.044290588 31.4732345485 31.5788728611 31.5255443331 29.6511292645 29.6398904847 29.2728827185 29.6584474179 31.8821473511 31.743642192 29.3126777156 29.4480176292
0 0 0 0 0 0 0 0 0 0 0 0 0 31.0553727015 30.7194194371 30.79449274 30.6157541351 29.6083504581 30.8525457283 31.5627688809 29.7269563697 28.9576314596 31.6480072463 28.6714905386 29.3924911953 30.1551985561 29.5812750799 73.9362050342 30.8934139619 73.9362050342 30.8369923529 30.0636258481 30.3703234087 29.1713646745 31.9905742447 65.892251245 65.892251245 65.892251245 83.2761613824 30.3118204765 31.9211994303 30.5758383097 31.9369634873 28.5372346039 29.5787095693 30.387935969 30.7503768399 29.9424808887 30.6793480704 30.3969309357 31.6688585757 29.5673204794 29.5109455068 28.6221978338 31.0015325823 29.1317105756
0 0 0 0 0 0 0 0 0 0 0 0 29.3652132122 29.2931813353 28.8422899341 30.7654537626 31.3016794962 28.6595818394 31.6843933925 31.7106910405 31.8651912405 30.1287236416 30.4779350344 30.0403480148 29.9168236962 30.7971102059 30.0681136759 31.6182460605 25.7818758129 15.353459376 11.7063133708 29.7378263497 30.487236134 31.0213698035 31.9052059735 29.5935878472 83.2761613824 83.2761613824 44.1336635566 73.5321785609 73.5321785609 29.8359136745 30.7679167342 31.6053981182 31.9894498266 30.877947852 31.0634127879 30.2104194108 28.6087092844 29.2732156604 29.2335261181 30.3345281731 31.6144556804 29.1673499816 30.452555127 30.9273656915
0 0 0 0 0 0 0 0 0 0 0 31.476586709 29.5221720976 29.7365861493 30.1327533201 30.1071014235 29.0610980407 29.1917309751 29.0598453351 31.7327342579 28.8951933393 31.857897961 31.2788131307 31.6556846003 31.5115464443 29.4259925999 29.8804096343 31.2623984789 28.9075537066 13.4818734995 14.3705954402 31.0338611748 30.0874755257 30.1969653529 30.1253924364 29.0214634242 29.2908375399 52.9521053893 73.5321785609 53.0631939633 73.5321785609 29.7908258101 29.0306928167 29.6627247665 29.3690685261 31.0174697644 31.975214717 30.4932128391 32.0033437599 31.7193113371 31.4321650367 28.7771232712 29.7175810656 30.9919575584 29.6267439917 29.214667914
0 0 0 0 0 0 0 0 0 0 30.9474019829 28.6122306994 29.3645588271 29.5818020851 29.3057301623 29.9164076944 28.8700416923 30.8660240307 28.7135695672 30.7898711218 30.3470638246 29.0310109938 31.9439383955 29.0846441073 31.1848795668 28.9038153106 30.4093088611 30.41780971 16.7110541546 22.8216446669 13.3192907845 29.4328570084 30.6135601782 30.9922364904 31.9328703453 29.4003220988 30.9742400986 29.1844473325 70.4522318973 70.4522318973 53.0631939633 29.099354961 29.3965688448 31.2877531681 28.9803152804 31.7825780689 28.505455244 28.912289303 28.9204974536 29.0646651245 28.8383487669 31.996132672 31.3640405904 30.2088050361 30.2411863035 30.0212831438
0 0 0 0 0 0 0 0 0 0 29.250402619 30.5805237065 29.6769729899 30.0041427486 29.1796169697 30.4122902046 29.7297636565 28.5277722293 29.6289058225 30.4822728164 28.6922547201 28.5135727879 28.5029211302 29.0528298752 29.6478804318 31.5998325009 31.4659811911 29.829819089 19.5558407042 25.8235180688 28.0477538981 51.6898938857 31.2573344812 28.9540719457 30.8883651689 29.1285298149 30.3780797246 30.0806600863 70.4522318973 70.4522318973 70.4522318973 47.7777927871 30.3060532998 31.2937488877 28.6567476942 30.3964772803 29.1080544983 29.5076412254 29.9264341629 31.3513599655 30.7354444466 30.5791462388 31.310033922 30.4753896224 28.6232790701 31.1306765876
0 0 0 0 0 0 0 0 30.7973783936 29.1344557175 31.5191619734 31.4467294417 28.9176177651 29.4932676965 31.4906790785 29.5959355846 31.2928529388 31.230659403 30.0915982748 30.0230302448 30.8869787718 30.7638056927 30.8552608516 30.1018236105 28.7163649241 30.7104334457 31.253294195 28.5306709118 30.0718213733 67.1170865492 67.1170865492 67.1170865492 30.6381683674 28.6315981049 30.6674345416 29.552148473 29.3693198174 77.4402164825 60.7860866043 60.7097636578 60.7097636578 30.2618914329 30.0086124212 31.2681928814 30.5859084696 29.1457496708 28.7449523876 30.8173298564 31.5189224449 28.8375906066 30.9017223842 29.9870261376 29.3424378587 30.341610021 30.2160911749 29.6714763806
0 0 0 0 0 30.5002581984 31.52950837 31.3064533683 29.6318843367 28.8100328931 31.7033783874 30.196817082 30.3780884901 29.1148550796 30.1444428815 28.681271636 29.843838357 29.4543915617 29.4241998351 30.0662078866 29.6396995462 29.4416313072 30.6038609496 28.6434381791 29.4742155548 30.1311106349 31.9527064524 31.258284788 31.0195193942 47.135060525 67.1170865492 42.8020631548 62.7816228957 31.8586531507 29.6308496052 62.1565442057 62.1565442057 51.1246420714 56.3819389986 60.7097636578 60.7097636578 48.3339114179 30.1155083568 31.4211186654 29.1947721275 29.7778803538 32.0082623983 31.5481528052 31.6880442688 29.223543641 30.0909572939 31.3852027357 31.305693578 31.9238980024 32.0009732175 30.7044635597
0 0 30.8573119987 29.6905343588 30.6524628032 30.1563836312 28.7619513117 28.8913579534 29.9054739278 31.8802849649 31.5928419911 29.8142849016 31.2420959569 31.9114639348 31.6778682082 28.8174317663 28.8895296802 29.0872006846 31.0063719952 29.8844639139 29.7138521799 30.6614566636 30.7902149905 28.8188340349 28.5125048616 30.4279701346 30.8124888287 31.4305807642 30.7028597794 29.7453343262 42.8020631548 42.8020631548 30.5850844597 29.1664222526 31.8698758384 62.1565442057 66.9954175349 66.9954175349 41.0108389935 41.0108389935 31.4362543636 29.2231983365 30.3204390931 31.363543362 31.7923055043 30.5817450853 29.1754239016 28.9217089955 28.6376265116 31.48557646 31.4060910196 29.4969928569 30.7822563503 31.97833931 30.7953820913 31.4822840445
0 31.7258324574 30.3813520359 30.2806456682 31.4898232696 32.0070475725 30.7388517942 29.26597219 30.8348112544 31.082469706 29.9780124678 29.463866673 29.7784917322 31.8031098152 30.6468466156 30.1919919997 29.4641581356 29.2850449553 28.8442300067 31.8488877094 30.9351713693 30.9446274408 30.2069342761 30.4458383161 29.7656082279 30.1644323323 31.6374050755 30.4912859303 31.5047016314 31.4357135543 88.1062931285 30.9233791188 30.5842842017 31.6591239785 29.8661332726 79.7980547778 79.7980547778 66.9954175349 41.0108389935 41.0108389935 41.0108389935 30.5018014528 48.3339114179 31.5370689661 28.6227250529 29.0357500156 29.6417957946 30.7559431552 30.1134518465 29.3060607407 29.2202793155 31.6115450761 28.7738952405 29.8952342075 31.6324068533 28.8771902798
29.3895442 31.2108029152 29.7009684003 30.6959675707 31.1995519935 29.6209552765 30.8421271531 29.7675665806 31.0562690595 30.8112036475 28.7435630314 31.0397072431 28.6884274418 29.2809232034 29.3123653674 31.6690965424 31.1755994215 28.5592378393 31.5996717358 30.9062352416 28.6765920934 31.9033874983 31.7269211514 29.8606033087 31.1028315601 29.9662902006 30.8251684055 31.9962741568 29.2634135388 29.3211782147 54.6312109634 30.8623546342 54.6312109634 29.3269465927 85.3431776714 79.7980547778 79.7980547778 79.7980547778 52.7336320866 52.7336320866 52.9887372032 30.3778671363 28.5889705312 31.0226240626 31.1745357327 31.0635646717 30.8708451659 32.025423292 29.5323428634 29.1387320294 29.4565411001 31.2645904449 31.6320989352 29.4973905288 28.9521035289 29.5189281921
29.7229738939 31.6380636106 30.7996728731 31.9022506837 30.913294169 28.9110055767 30.6528147407 31.917220888 29.6956208107 31.7800431785 31.9964566965 30.387545895 31.1581757644 31.9069389696 30.6439901767 31.4504097412 29.2261801715 29.1093039793 29.9007378887 30.4687207959 28.5532375087 31.7405243933 30.4753456379 28.7700610908 31.0287505581 28.8783269083 31.6137233269 29.6770185133 29.1234947928 28.5242325009 29.5217299656 31.090364789 29.5545924415 31.9718093115 74.952326207 79.7980547778 69.2089950092 65.7298407407 52.7336320866 52.7336320866 52.7336320866 28.8248140241 29.0955023725 31.8323166911 29.7198110189 29.1204288852 31.8808963428 29.0200318619 31.9151332924 29.7851820535 32.0012074884 30.8388590787 28.9287926755 31.4504052498 31.2850975779 30.8349969958
31.0445904019 31.8879468898 31.4636582269 31.4850676371 31.9376814859 28.6643617046 29.7417759754 30.7375630621 30.2088062919 31.8018385186 28.76497093 31.4928276948 29.1513556475 30.7442302521 30.9599470306 29.4796674269 31.7104950507 31.1481033084 28.8679474478 30.4943805734 30.5950760651 29.1415518768 28.7882598256 30.8734754495 31.2843093357 31.1945208872 31.1744030133 30.120065998 30.0952833336 30.2056237239 50.242423911 50.242423911 28.6478215242 29.6626882907 30.8532306675 69.2089950092 69.2089950092 65.6758135071 49.3211569047 49.3211569047 51.7369913912 30.1419294587 31.5881141779 29.6115142142 29.8810772518 31.3040878563 31.6347415066 29.4011534192 29.0456123985 28.8206874377 31.536122694 28.9523936222 29.8578839137 31.2058319364 31.6534060721 29.5206128885
