Spatial_Output/BAU/BAU_1437.asc
NCOLS 155
NROWS 192
XLLCORNER 196307.867259
YLLCORNER 449144.565805
CELLSIZE 33.573938
NODATA_VALUE NaN
[rows 50 to 74 of 192, columns 56 to 111 of 155]
32.6644159915 32.8675939631 32.8773170006 32.7545769268 32.7516743272 32.9153027214 59.1100758464 59.1100758464 59.1100758464 32.6278818677 33.1570319777 33.0588010481 33.0755109488 32.6858035467 57.1248071566 32.723242383 33.059708837 32.8871072853 32.5296375793 33.0796224551 33.1440080924 32.6521037884 33.0648823733 33.079306095 32.944685833 33.1313799248 32.5680988774 32.7338357592 33.0385830781 32.9634569452 33.148601629 33.1003131707 33.0338507467 32.9598995332 32.779813025 32.6146933225 33.1727642633 32.5182496553 32.5125464237 32.7184717012 33.1438351715 32.6061102019 32.9630474881 32.94019935 32.9365435428 32.5219227583 33.0532490786 32.5360907731 32.8917612455 32.8449274999 32.7811478706 33.1151341617 32.8601382107 33.0625923323 32.5212718307 33.0597477983
32.5285946079 32.9851475099 32.7896448135 32.9736484041 45.5689176149 57.7916047252 57.7916047252 57.7916047252 32.8748918639 32.9398434895 32.7881953564 32.65101075 32.7460579854 32.9764392887 85.2845136574 33.1546981255 32.6166469475 33.1382300537 32.8739591588 32.611820715 33.0766747653 32.5820105052 32.5025991079 32.7560156664 32.6124225175 33.1614309534 32.5228490373 32.8783647873 32.7078972289 32.981960266 33.1641420935 32.8508936223 32.6669950732 33.187562913 33.1583149096 32.6361979555 32.9907372693 32.690578981 32.8179726128 32.897591078 32.6181351431 32.5143133483 33.0529069065 33.0880327476 32.5037104999 33.2039538082 32.6535808766 32.809535741 33.1289392884 32.5042395649 32.6885936988 32.8030238497 32.9805375253 48.8143593627 32.8345739796 32.9047740185
32.7503256782 33.0373673591 63.0696931856 55.4047016647 55.4047016647 57.7916047252 57.7916047252 69.9744542778 32.6811040405 32.5588308537 33.1596185348 32.6920691673 32.5305600205 32.6548180085 85.2845136574 85.2845136574 32.9596438345 32.5815720332 33.1985541834 32.799570844 32.6394361186 32.7401100837 32.7501825466 32.5257349653 32.7233271306 32.8253633921 32.7318513758 33.0138347787 32.5310632145 32.9706072542 33.0957813367 32.7695489294 32.8514529963 32.7949854608 32.7686456473 33.1456617055 32.8142890985 32.7718973108 32.8525876872 32.5386879573 32.6056879801 32.5038691751 33.0209264055 32.942420307 32.5116185391 32.7530040663 33.1474603938 32.5362722066 33.0289434002 33.0307260556 32.9752633037 32.7231872119 53.3953305841 53.3953305841 48.8143593627 33.1286162551
33.1554484532 32.6879146396 33.0034108964 55.4047016647 55.4047016647 45.5689176149 60.5328584219 69.9744542778 33.1730269016 32.634150514 32.8989829584 33.0923586944 32.7328323925 74.4328298444 33.0143369573 32.7941540856 33.1504505321 32.7264625267 33.1338787989 32.6085425729 32.9530541146 32.9520828022 32.9649832366 32.5067971104 33.1821448032 33.0883687445 32.8030243391 32.9373063386 32.7748588401 32.5832341114 32.5618071207 33.1835972086 33.0526244484 33.1202773078 32.9691883179 32.6041477567 32.5527332159 32.5566914248 32.8979400826 33.1844895677 32.6878760688 32.6435024246 33.2067372401 32.7822926031 32.9986426078 33.1719936456 33.0543556351 32.6904724705 32.9321665987 32.5658000757 32.7022269902 33.0516793317 53.3953305841 53.3953305841 32.6049689776 33.0456759342
33.1654776092 33.1866233129 32.6557838788 32.5897002641 45.5689176149 32.8754229457 60.5328584219 32.8866482017 32.5235580999 33.0922325956 32.6431134601 33.0204569296 32.7428306951 32.8336717671 32.6158538053 54.2256768085 33.1102436635 32.7404642412 33.1313456422 32.7785284847 32.5662448461 32.6814606648 32.7530788628 32.5346661168 32.7284419019 32.6850833188 32.6940288773 32.9212810118 33.0606510218 32.7952331274 32.6700352951 33.0808203399 32.9528556882 32.6773152068 32.9735523427 32.9322536312 32.9558748439 32.8034244949 32.6777693069 33.1745043827 33.0158790355 33.1144843778 32.8452705307 32.9309106533 32.7063377992 33.0297515397 32.9537120602 32.7429152294 32.9953674136 33.0367142382 32.853598805 32.5362874197 33.1848342906 32.8545015697 32.5433747663 33.0334494167
32.6637583241 33.1280239051 33.1757575039 32.9656954642 63.8353719492 63.8353719492 63.8353719492 32.6703530642 33.1413136406 33.1175037242 33.1078357299 33.1606284619 32.5492097829 83.9578245531 32.5901717488 32.8575089469 83.9578245531 32.5788140148 32.9297038424 32.5397881902 32.9773394436 32.7915208099 33.0751110292 33.0292716422 32.52865901 32.5173933327 33.0962264397 32.9344292307 33.0571612328 32.6831664072 32.6005926825 33.1916774124 32.9587239701 33.0224886074 33.0765609033 33.088465934 32.6289928295 32.8256323103 32.9824666138 33.039755488 32.8619731594 32.6622817584 32.9002105385 32.9085930385 33.1438456303 32.9009755388 33.0477112445 32.8065624959 32.8694213349 58.8990089846 58.8990089846 32.647012508 32.7826860356 33.0000173425 33.1557476151 32.6855594948
32.8045268055 32.7173881994 32.6188479381 33.2021171612 32.7102261642 63.8353719492 63.8353719492 33.0821841721 33.1084376583 32.8797202413 32.5066133127 32.8807402201 32.9785483156 32.7668708208 61.0969129228 60.9888791188 32.9749607789 32.7002330343 33.1658335801 32.6987177362 32.5255927164 33.0534640329 32.731855 32.6876569175 32.5266123813 33.17562856 32.8614149915 32.9142839132 33.1713551084 33.0995180493 32.6310717698 32.7604200394 33.0315348432 32.5272217001 32.7331423142 33.1940218285 32.8903789251 33.1136908662 32.7349196689 32.7396398226 32.5615116483 33.1859731387 32.5421699382 32.6821780457 33.0258744434 32.9124345671 32.610301796 33.0098276175 75.3489158776 58.8990089846 58.8990089846 58.8990089846 32.7083416529 32.5027771582 32.7093879128 32.6741179423
32.7770259427 32.9049008233 33.0207192237 33.0809043866 32.9267147935 32.7606546555 32.7546397592 32.5966694884 32.9662771988 32.6932675934 32.6660947702 32.9807747385 32.6555653344 61.0969129228 61.0969129228 61.0969129228 32.8210677384 32.5490835043 33.0323626936 33.1751335063 32.9979358724 32.6441161667 32.6979164831 32.9862486396 32.8594346166 32.5059469759 32.5253527044 32.5956544576 33.1798133305 32.9772986327 33.0826344537 32.82085554 32.9383701871 32.5220732466 33.1202257876 32.7437783003 32.8772905849 32.6084182271 33.199690973 32.9204470542 32.7894474435 33.1491886942 32.9985943401 33.1818995436 32.8706157805 32.9524413779 33.092683082 32.7652987647 75.3489158776 32.634102436 75.3489158776 32.6915374808 32.5540130581 32.9090370675 32.5287399931 32.824482655
32.5431941882 32.716639099 33.09856729 32.7365489424 32.7367958303 32.7912151751 32.7750053065 33.0736457934 32.5665187744 32.9237915773 32.5065087391 32.910940762 32.9517695015 32.5182930414 32.861195647 32.9150234787 32.7083102585 32.6131027938 33.1067951471 32.7533408727 33.1760776686 32.7007969663 32.595865022 32.9866297455 32.8772202105 33.1718423181 32.8805813615 33.1556513324 32.9320400556 32.7272525813 32.9586139477 32.7375502583 32.561536129 32.7966636804 32.8581683639 32.7225058767 32.567903347 33.1081594219 32.5490877655 32.5161369098 33.1197682499 33.0403120254 32.5196720146 33.2062467703 32.6828807613 32.9140613 32.7927633325 32.5219705153 32.6730389792 32.8917676066 32.8088548593 32.5223865182 32.8338460977 32.9105283705 32.5354387111 32.7129413715
32.7984958559 32.9690580675 32.9565598321 32.7364022074 32.647293974 33.1842749805 32.6855768445 32.6327165807 33.1197598358 32.9339570414 32.8144921511 32.6542835545 32.6930098707 32.7427769337 32.8829596739 71.1478319199 32.7382944511 33.0273789182 33.1827544295 32.602595747 32.6772732152 33.012129541 32.9820064783 32.7543180873 33.0755288539 33.0378258312 32.9667706032 33.0296114808 33.1515945202 32.8991153256 32.8077021814 32.8516936979 33.1785922468 32.767506812 32.7486174503 32.8608899865 32.7566198447 32.8657942448 32.5910928263 33.1825411104 32.7074709443 32.9271680348 32.7130477514 33.1711410816 33.1099880804 32.654368998 32.8501134911 32.945558256 33.0407721682 33.0349011238 32.8251473647 32.730933863 32.7249944021 32.6157573504 32.9169011335 33.1026928726
32.6252306138 32.8898077461 32.6613149718 33.0917498774 32.8531264775 32.8963751443 32.8777846525 33.1504872043 32.8169497068 32.6279811597 32.6050376715 33.0922880381 32.8444597119 33.1340126089 84.6085342651 84.6085342651 32.9085172655 32.8591014517 32.9758827249 33.0306823691 33.1869332956 32.584801951 32.6455508631 32.9969226164 33.0715208196 32.8191878479 32.7497492472 33.1064813451 32.6458343743 32.5072744892 32.5235469045 32.8661226339 32.6368475773 32.8589014409 32.5413026292 33.0491032938 33.1277167847 33.0769506578 32.5033811199 32.6625169436 32.9408588537 32.6959243677 33.1666528667 33.0545482983 32.8031374461 32.6793291687 32.5066010229 64.4422246961 32.7906671657 33.0903801547 32.7948602862 32.9715815147 32.9202330787 32.8520277386 33.0295684587 32.8942384086
33.0000589488 32.8041700984 32.7856384357 33.1294101815 32.9001198458 33.1937255662 32.628038018 32.724915588 32.9886456321 32.8063479281 32.7093004773 32.9607570323 32.6347887529 84.6085342651 59.7756587695 59.7756587695 32.5652998339 32.7818226264 33.1944997055 32.7974266885 32.949127548 32.7396005357 32.7165952119 32.8862391885 32.9398454018 32.725579478 32.516862171 33.2002559247 32.639931492 32.8366457168 32.5427424606 32.947610141 32.8691174528 33.0320737705 32.8541533907 32.7012306353 32.7766737133 33.1637106518 32.7137575827 32.8543203585 32.8103837135 32.6187552879 33.0672153344 32.5114740165 33.1434337025 32.6786967439 33.1199679943 32.9591404879 33.0237385221 32.9668020987 32.8431535439 32.5361210263 32.9767697505 33.0384346749 33.0308406971 32.5313102041
33.1362178037 62.8138538073 32.874935598 32.7917305863 32.6106573062 32.9043596283 32.6417179537 33.1900107168 32.8574839203 32.973705069 33.1026664601 32.599777781 32.9996883495 56.7824377853 59.7756587695 59.7756587695 32.6220247672 33.1454333935 32.649058016 33.0548843584 32.944762161 32.5397902622 32.8377083167 32.5845316033 32.5029800344 32.8044857918 32.6710996676 33.080123748 33.2012796837 32.9339788339 33.1300902046 32.851661214 33.1861118646 33.0667204609 32.6490078836 32.6682891399 32.9172909977 33.0637695304 32.7874979376 32.6086441568 32.717589774 32.8785743835 32.870440457 33.1907465273 32.5594249435 32.5041533737 32.9540637852 32.6574970849 32.6509451347 32.6778706414 33.1157158912 32.6085790035 32.7145054374 32.5336881356 32.807988082 32.7306336062
32.9764596867 62.8138538073 62.8138538073 33.0875101309 32.6956883882 33.1422204888 32.8435076733 33.1750300937 32.5674959706 32.6987296649 32.6484546527 32.5326695512 33.0514086311 33.1568532501 56.7824377853 56.7824377853 32.9228797627 33.1725466883 32.743331501 32.6336995874 32.9022638008 33.1707132835 32.5540749359 32.7993981482 33.0929174219 32.9281283279 32.5836558687 32.6667284529 32.7133015572 32.5605440014 33.0145774938 33.0414405065 33.095695803 33.1210457281 33.1834358127 32.9788177849 32.7892181948 32.7775771682 32.8516431116 32.5417933896 32.925130111 32.7310413074 32.8470732449 32.7241473539 33.1558495399 33.0678867908 33.1480906435 32.5526027796 33.159718062 32.8318923213 33.1860902057 33.2018819582 32.9482935607 33.1478070217 32.5718462935 32.5339307933
32.9171466407 33.1234383766 58.0725848805 32.9041948607 33.1078541484 32.6960057578 67.6999517546 67.6999517546 33.0708823759 32.6509840325 32.5681194275 32.8342933526 32.7171312566 33.0081018112 32.8132004328 32.7554830061 32.6530286504 32.624969044 33.1148285954 32.968836577 32.8986978035 32.5735104952 32.5551533303 32.5562592771 33.1270970369 32.5242035243 33.1439335493 33.1180926279 32.9884611877 33.1404718336 32.8383410091 32.5369034213 33.1947041165 33.1415402972 32.6532844088 33.1537012664 32.8836644212 32.823195562 32.6034458232 32.7255237502 32.7278771739 33.0099201516 32.9668184138 32.6351008099 32.5169633734 32.6461685961 32.7516436344 33.1662008749 32.9440648851 32.6128819039 33.0406319556 32.6000654694 32.568531181 32.6520871965 32.8637105339 32.8052708881
68.5711848726 68.5711848726 68.5711848726 58.0725848805 32.9607161467 58.263454382 33.1980772256 67.6999517546 67.6999517546 32.905496989 32.5458096089 32.7482388803 32.5002876336 32.9516464623 33.1109304301 33.0265087065 33.0692906482 32.5157492497 32.8913851113 32.6367631502 33.1420560671 32.8354748422 33.1458714636 33.0778029678 32.9743998222 32.7479964579 32.964011724 33.175416765 33.1359293044 33.0625456835 32.7662058836 32.5915625912 32.5013763909 33.0585965418 33.0504164973 32.8328753692 33.1194652123 32.8993814002 33.0568999604 32.782537668 32.8419509162 32.6555773702 32.6129209775 33.0927159671 32.6531202766 33.0919699434 32.7701777776 32.9437748144 32.8726799184 33.048533046 33.0181543706 33.0129256464 32.7806687102 32.544608907 33.0035416405 32.9526169257
68.5711848726 68.5711848726 58.0725848805 58.0725848805 33.0581996512 32.8124566809 32.6709975272 67.6999517546 58.1629923373 58.1629923373 77.5128105997 77.5128105997 33.0236553765 32.941198641 82.1740837426 82.1740837426 32.9068873227 32.7302032798 32.8984867604 32.6276567954 33.1033348846 33.1058052691 32.5796242777 33.1482200728 33.1238921426 33.160344752 32.5163379815 32.694536029 32.548169801 32.6311629195 32.5229624718 32.7640675045 32.7138913484 33.1568116236 32.6418102703 32.6806506463 33.1596228731 33.2004588071 32.7738424324 32.9137084086 32.9700625086 33.1001791162 33.1301837896 32.7122967825 32.9547602451 33.0129712444 32.6197488134 32.688514724 32.9884097043 32.5038818653 32.9296602065 32.8841415296 33.0073496995 33.0827459155 32.6588294989 33.105719223
32.5402788493 44.9789773586 32.8148076395 33.071859079 32.8859876545 58.263454382 32.661566207 58.1629923373 58.1629923373 77.5128105997 77.5128105997 77.5128105997 32.620880785 82.1740837426 82.1740837426 48.103076162 58.8565411718 58.8565411718 33.0307120471 32.632715229 32.9253545774 32.5519942439 32.8459629862 32.9210949577 32.7109380862 32.8166397748 32.9899946737 32.722188204 32.9825061484 33.0895903852 32.5908078026 33.0098731632 32.7240705227 32.9942845162 32.5288460225 32.6926061843 33.0477338612 32.7812726672 33.1445623757 32.7400042066 32.6336996031 33.0968543902 33.1807908196 32.8878811609 32.6685566492 33.0043139487 32.5513866913 33.1041397235 33.1836664227 33.0196214008 33.093814279 32.9632434209 32.8361439415 33.1984479751 32.7717952714 32.6032359989
44.9789773586 33.0992513772 33.1948182471 33.0796043316 32.5359760967 32.7933805824 33.1715844843 32.6494270344 33.1570486299 77.3066733726 77.5128105997 33.099299688 32.7830588244 52.8594768131 82.1740837426 58.8565411718 58.8565411718 68.5594842918 68.5594842918 68.5594842918 68.5594842918 33.0219370568 33.0000614392 32.8595541487 32.9955720918 32.5252950681 33.1322861869 32.9484044272 33.0874780116 32.9376909485 32.5468812602 32.7127964565 32.8704815436 32.787140938 32.5948479761 32.9083986174 32.7029721508 32.8815584699 32.8031990101 33.1872311723 32.5600519327 32.8702176081 32.5358963418 33.095631001 32.7557569737 32.9396574097 32.9656570038 32.8339330902 32.599545927 33.1419218802 33.1506154027 32.6256158122 33.1593477759 32.7610338444 32.7897313659 33.0882659673
32.5829369601 32.9395597021 32.9607498489 32.9666884719 33.1358529623 33.0785454529 71.1067967354 32.6733152235 71.1067967354 33.1160307858 32.96751616 33.0590244768 32.8551718152 48.651247839 57.9490208255 48.103076162 57.9490208255 58.8565411718 68.249933841 68.5594842918 32.8552338418 32.7158092929 32.6983513006 32.5997732607 32.5887160994 32.9130025625 32.7348542154 32.7947971547 32.6409546245 33.1102809718 32.8319451133 33.0068887421 32.9851951415 32.705295976 32.5339949993 32.5256156277 33.0607147293 32.8115651199 32.6474769661 32.7352554938 32.8792512335 32.6438474518 33.0165773326 32.8400398994 32.8175362621 32.9793231579 32.6850774358 32.9496833468 32.8617017419 32.7346149506 32.6120725186 32.715747217 32.9817368013 33.1035029213 33.0138720832 32.5375781052
47.4739230077 32.5311948211 33.1353853779 32.8109527226 32.5056111538 32.9816309213 61.7431195912 32.77320216 32.955254738 32.5395796017 32.7990728091 32.6983900767 32.5810499703 65.2093456298 57.9490208255 57.9490208255 32.5522410087 32.7575013589 32.8477418979 32.7373501237 33.2035434908 32.8634218455 32.9229621938 33.1952146151 32.8561588253 32.7799201645 32.9400221663 33.0899553204 32.5339676016 32.7464707539 32.6976227232 32.5327085676 32.8109943911 32.7579440551 32.572761859 33.0900817499 32.9804059014 33.0284745388 33.0660826422 32.5591542374 32.688188606 32.9138057178 32.6152072602 32.6554711504 32.5386556845 32.9937752863 32.5385123878 33.0616970047 32.9426564403 32.7513434123 32.5852356268 32.7281144077 33.0359396458 32.9049475994 33.0564511621 32.9876959981
32.6687624608 47.4739230077 32.9314027884 32.666304807 32.9258628435 61.7431195912 61.7431195912 61.7431195912 32.5580549583 32.898301713 32.9131027633 32.7170224135 33.1817584692 33.1572957825 32.7038569028 45.2190926617 45.2190926617 33.0078766148 32.9918758516 32.7892943347 33.1467114696 32.9796218586 32.8832644594 33.1502461989 32.9925449561 32.543946479 32.6345928056 32.9731558579 32.503191586 32.9000180022 32.6412383086 33.2028504902 33.0583862319 33.2044214258 32.5123419122 33.1460464432 33.1270117489 32.8105146616 32.798184653 33.1963449862 32.7648418644 32.8912886938 33.0842923708 33.0126921188 32.7535386369 33.0551406319 32.8463341744 32.9088975439 32.8336138789 32.7208353193 33.0809186224 32.7961841726 32.653568087 33.2018476954 33.0326200364 32.8445258692
63.984376543 71.4589697495 33.162191811 32.7597911714 32.9855263927 33.1794093235 33.1841406773 32.730301846 33.0732703753 32.5757125256 32.6829390159 33.0003031944 32.6068256418 32.8116812352 55.441627699 45.2190926617 45.2190926617 32.851627691 32.9423664637 32.7275458738 32.592291779 33.1866477715 32.7411006181 32.943429017 32.8941020892 33.162835007 32.8039041524 32.9348763407 32.9348075926 33.1518871006 33.1669208388 32.6671462376 32.899001502 33.1226689629 32.9011582303 32.5056282791 33.0774352439 32.6510151765 32.9803588382 32.5934960222 32.8926580995 32.9614585388 32.7971070003 33.1378844595 32.7814091201 32.6535889985 32.7218412747 32.9519970676 32.8707109342 33.1142026279 32.5192692139 32.8221203222 32.7022569781 32.6881037301 33.1399841703 32.9662949778
63.984376543 63.984376543 32.5527829542 33.0496445576 33.1879898596 32.6220085638 32.5789365907 33.1924231615 32.7960760824 33.0035359727 32.7316820489 32.5122095825 32.6492390349 32.9265213181 32.6985272377 32.539081438 32.9389867583 32.8039695673 32.8285016692 33.2020027378 33.1670114901 32.9972327039 32.6865168937 32.9816385652 56.6036144517 56.6036144517 32.8840201423 32.6314524003 33.0721885588 32.5894983761 32.6814382341 33.144198296 33.186718061 33.1392816431 32.6171863882 32.6110020109 32.7996884676 32.8062034835 32.9591006006 32.7258443258 32.7397389876 32.7833573553 32.5052469992 33.1140284592 32.7535765574 32.8272396244 32.9982107006 33.146144843 33.0714603646 32.5279988118 32.5635085135 32.6804606581 32.6655645223 32.8290512272 32.5643913864 33.1023796292
43.817476567 43.817476567 32.5705463676 32.7921712594 32.8916383063 33.0318209326 33.0654126073 33.1945793057 32.8851656926 33.0488113402 33.0670644494 33.1472747061 32.633989374 33.0327571466 32.7196897211 32.6338343779 57.7030723155 33.131314306 32.5986080973 32.7450662875 33.0640057693 32.6532401969 48.0936795125 56.6036144517 56.6036144517 56.6036144517 32.6583113841 32.5871942972 32.9828539756 33.0029390425 32.9162249227 33.0233299322 32.5670402241 32.9550972342 32.9435779089 32.7873819985 32.9247424255 32.7868848877 32.7096304891 32.5790233261 32.6093295151 32.546923781 32.8402469187 32.64108092 32.880050988 33.184429495 32.8254200492 32.9139266319 32.6655790221 32.8873361462 32.754870811 32.8676395641 32.7129258902 32.7094671311 33.1834352185 32.7009422208
