Spatial_Output/BAU/BAU_0504.asc
NCOLS 155
NROWS 192
XLLCORNER 196769.923733
YLLCORNER 449719.875193
CELLSIZE 27.603701
NODATA_VALUE NaN
[rows 0 to 22 of 192, columns 53 to 105 of 155]
27.5866161681 27.586901908 27.2901694236 27.5419470279 27.1479462808 27.1739907811 27.1059406422 39.0626086764 49.5816247796 51.3101094628 28.4054211953 0 0 0 0 0 0 0 0 0 0 0 0 0 0 0 0 0 0 0 0 0 0 0 0 0 0 0 0 0 0 0 0 0 0 0 0 0 0 0 0 0 0
27.0660183477 27.7019655295 27.6198252286 27.5771729289 28.311394603 28.0720071459 27.7638401152 50.0878053872 49.7772532847 46.9477309336 27.4024156534 27.7380842118 0 0 0 0 0 0 0 0 0 0 0 0 0 0 0 0 0 0 0 0 0 0 0 0 0 0 0 0 0 0 0 0 0 0 0 0 0 0 0 0 0
27.9571577925 27.98239942 27.9323566694 28.2868548545 27.7847258408 27.4037409639 53.4798997144 38.9804892107 51.6033844472 40.1822631979 28.2831646409 27.9374723501 0 0 0 0 0 0 0 0 0 0 0 0 0 0 0 0 0 0 0 0 0 0 0 0 0 0 0 0 0 0 0 0 0 0 0 0 0 0 0 0 0
27.0525121433 27.9284066134 27.9509789747 27.8621911798 27.7627189456 27.8237876899 48.2618711157 53.4798997144 53.4798997144 27.0380258381 27.503821683 27.4100478236 27.2495406145 0 0 0 0 0 0 0 0 0 0 0 0 0 0 0 0 0 0 0 0 0 0 0 0 0 0 0 0 0 0 0 0 0 0 0 0 0 0 0 0
27.8699074022 28.1484054524 28.1482412859 27.3626579743 28.2899398694 27.2994043874 27.4562673326 53.4798997144 28.1968476174 28.3980635461 27.6838403504 27.0220066155 27.3557188169 27.8442357534 27.8719147445 0 0 0 0 0 0 0 0 0 0 0 0 0 0 0 0 0 0 0 0 0 0 0 0 0 0 0 0 0 0 0 0 0 0 0 0 0 0
27.8248929268 27.2799618375 27.7607515835 28.4010999524 27.5397417059 48.5072278223 27.6095877605 27.5229875902 27.4862933795 28.2634536244 27.6489042027 28.4005797795 27.9303824785 27.0831247895 27.5231650546 28.2061966949 0 0 0 0 0 0 0 0 0 0 0 0 0 0 0 0 0 0 0 0 0 0 0 0 0 0 0 0 0 0 0 0 0 0 0 0 0
27.6120146888 27.8382446999 27.5535853187 28.0637629094 27.0830738174 48.5072278223 27.7626571575 28.376978629 27.5391345139 28.3536873492 28.1414296896 27.3983171512 27.7608920399 27.8616468951 27.833486218 28.1428821347 27.5519434924 27.5394476155 0 0 0 0 0 0 0 0 0 0 0 0 0 0 0 0 0 0 0 0 0 0 0 0 0 0 0 0 0 0 0 0 0 0 0
27.8799890806 27.0787532945 27.0460944944 27.3370052719 28.0029954639 27.8258852621 27.4384360756 51.9636084736 51.9636084736 53.0549524615 27.0303255488 27.3684671638 27.7523254393 27.0333932555 27.6433699891 27.0072204443 27.017269055 27.9940908352 27.599124548 0 0 0 0 0 0 0 0 0 0 0 0 0 0 0 0 0 0 0 0 0 0 0 0 0 0 0 0 0 0 0 0 0 0
27.7693127987 27.5016817567 28.1884145047 27.9140274237 27.6880907574 27.2085170779 28.1933693977 51.9636084736 51.9636084736 53.654143628 53.654143628 27.3447584017 28.3903153989 27.6587580242 28.24109877 28.3574512485 28.3455838172 28.076681202 28.3000739945 27.3331807391 27.0096894625 0 0 0 0 0 0 0 0 0 0 0 0 0 0 0 0 0 0 0 0 0 0 0 0 0 0 0 0 0 0 0 0
27.3166314326 28.3907397789 28.3749316951 27.6739909772 20.3367438355 20.3367438355 45.3173466953 45.3173466953 51.9636084736 53.654143628 53.654143628 27.7156697532 27.3223564318 28.234921306 27.8489538466 27.5150369903 27.8053431509 27.7609032998 27.558448285 28.120547223 28.3146801731 27.4602007838 27.4992342542 27.0170125652 0 0 0 0 0 0 0 0 0 0 0 0 0 0 0 0 0 0 0 0 0 0 0 0 0 0 0 0 0
27.9665410159 27.9341623397 27.1455460986 20.3367438355 20.3367438355 20.3367438355 37.8346410661 45.3173466953 27.4009518518 27.6771110096 53.654143628 28.3800258298 27.4673473607 27.2633456798 27.4882957822 27.7476629653 27.2447599559 28.357962098 27.0781947436 27.0522199177 27.3275366797 27.2470543762 28.1606778928 27.5871666276 28.2436294289 27.2393145722 27.697408309 27.2258715604 27.0022987749 0 0 0 0 0 0 0 0 0 0 0 0 0 0 0 0 0 0 0 27.9558513034 28.3826431372 27.1393262273 28.3650647 27.8576736625
27.7989363441 27.4508742812 28.3156340037 27.7905816158 27.7584792569 37.8346410661 28.0861430517 27.2089060291 27.0556101144 28.0483755268 49.0743908266 49.0743908266 49.0743908266 28.1853144723 27.973804847 27.0404647601 28.0885131524 28.0583584101 27.9011695315 28.2952001149 27.3541953324 27.7735074786 28.0938308292 28.0414620867 28.3259856694 27.0281346717 28.1398834851 28.2021652089 27.7914693029 27.0110286431 27.5475263525 0 0 0 0 0 0 27.7378680711 27.7512206239 27.1823408108 27.1516782242 28.2066997922 0 0 0 0 0 0 27.7185872023 28.0576089208 27.7603945946 28.0237213876 28.3494481439
27.7507658986 28.2114195361 27.5807723558 27.4354143777 27.1776812815 27.1902436407 56.0808876499 27.0060989933 52.1344779165 52.1344779165 49.0743908266 49.0743908266 41.8814188778 27.1611536769 28.2878197807 27.3103564048 27.909482668 28.0085234466 27.5274136937 28.311365508 27.965941998 27.6894789422 28.1301891102 27.3193427617 27.8152118019 27.1176165805 27.4660197952 27.2016341395 27.4322127821 27.5213861044 28.1140211726 0 0 0 0 0 0 27.8699585535 27.7611005686 27.3499292309 28.1246732453 27.3464621417 27.9978171642 27.0564862532 27.0917401447 0 0 27.7497090979 27.7326166325 28.2525447225 27.7802861375 28.4041843933 27.5823466311
27.6526181338 28.3325096386 27.1543764549 27.9146942355 27.744927475 47.6925266169 27.0306565237 52.1344779165 52.1344779165 52.1344779165 41.8814188778 50.8347896507 50.8347896507 50.8347896507 27.7933901047 27.9466863654 28.1728335582 27.207350738 27.6212512992 27.2904852172 28.3180108913 27.7979114913 27.7740797732 28.0648551689 27.0357358988 27.0546410295 27.340667714 27.1611407321 27.6366227094 27.7012185437 27.117373991 27.8403708095 27.2655715244 27.4822261506 28.4133612667 28.213075703 28.3403569962 27.8058779662 28.0457475693 28.1168374788 27.4442460165 27.7486521432 27.6416560579 27.3287375642 27.2697469741 27.6629174932 27.4381166427 28.0511624955 27.156483049 28.4116804832 27.142896455 27.3265167436 27.7413065728
27.7289074988 28.091249537 27.3375541027 27.8869096366 54.9735417442 54.9735417442 27.3336086909 28.0641041516 28.1621624127 57.4518776884 27.3829930397 50.8347896507 50.8347896507 54.2854814826 27.3325812292 28.3395608987 27.8206317847 27.9738042561 27.1388570831 27.8848165034 27.1673130627 27.980964326 28.2422953336 27.2667030186 28.4011614685 28.1133494976 27.8807628739 27.4814694105 27.5735833825 27.1307462038 27.4123803854 27.5631978882 27.7182942835 27.3828382011 28.1847558567 27.957821175 28.231794316 27.9964423177 27.504058873 28.1418956637 27.6018470623 27.2104904527 27.4604702171 28.0200845367 28.2984943214 27.8522399559 27.9836375187 28.1246832267 27.7178673127 28.3011274117 27.653449164 27.0733369769 28.2452772488
28.1840167083 27.4004353644 27.5439867285 28.2923393563 54.9735417442 59.2371516347 27.9359142402 27.3420555912 57.4518776884 57.4518776884 57.4518776884 27.1688868112 54.2854814826 54.2854814826 45.0692811158 27.0469953125 27.0929646079 27.1975375898 28.0046780129 27.0935588773 27.2735598786 27.8499750312 28.1215025332 27.2941510104 27.3683661578 27.2756833386 28.3250182969 27.0672919682 27.8557568964 27.0266503845 27.8378061881 27.1199271353 27.7180329209 27.7905383371 28.1316906933 27.8854217293 27.5961759332 28.053327444 27.0765423407 27.954482644 27.1907578863 27.8885744609 28.2546308847 28.394040381 27.2126733678 27.6639355 27.0122792945 27.5679938625 28.0223044641 27.9261970159 28.3897393148 28.3062010458 27.2437016498
28.0268799796 27.1222292841 28.2887213231 27.6854403879 59.2371516347 59.2371516347 59.2371516347 54.1712367168 27.7990195976 27.5068443493 28.195697328 66.7269301707 66.7269301707 66.7269301707 27.7300499869 27.3103169237 27.8323642996 27.296876292 27.0691563798 27.7702856161 27.7378744521 27.9986921375 27.7078527155 27.178255767 28.1825439603 28.2171924657 27.1352643518 27.421489729 27.3241521879 27.9758636729 27.0754806611 28.2630768867 27.2547628063 27.3539414719 28.369987397 27.1076513025 27.570267666 27.6136307931 27.4272287098 27.5900510277 28.2456269469 27.8894576437 27.130784196 27.8762066719 27.8655237406 27.9086231369 27.148159645 27.0453395234 28.079165245 28.0053398729 28.3059413353 27.1173282636 27.2905969353
27.0865764985 27.5783281654 27.4081902883 28.0898900517 56.9322863769 56.9322863769 56.9322863769 27.4976491366 27.1967333975 27.1887338299 49.9076408969 27.5019794966 66.7269301707 66.7269301707 27.0390057516 28.0688401567 27.1875360414 27.9796793287 27.0701854774 27.5481499474 27.0673590526 27.1907645738 27.0141998492 28.164564559 27.89035786 27.006678724 27.0965025767 27.8842625737 27.5985914641 27.8133078771 28.1764977483 27.0859354895 28.1900232377 27.9379602515 27.6437045043 27.1572782155 27.5213115025 27.0644665068 27.1942839853 27.2287624272 28.0352193378 27.3616268034 27.0628624273 27.275611478 28.192773088 27.1085175307 27.8190058425 28.047688572 27.8627760609 27.8661729952 28.298097648 27.0618706456 27.0221395588
27.296454802 27.8956455871 27.684001084 27.5882868343 28.0860657351 27.4657835297 52.1649266593 52.1649266593 52.1649266593 28.2871095909 27.2737441779 27.0564850296 27.283528936 27.9051986965 27.4818293926 27.2365427657 27.5676872319 28.1885750552 27.2838316614 27.3808277871 27.7834184602 27.1283445761 28.2867103131 28.2694549186 27.0283647436 28.2591452667 27.4607561086 27.8885172515 27.4829543126 28.3278052286 27.791774966 28.0784881801 27.749907665 27.5513869171 27.4412120653 27.0846759089 28.1480413007 27.0521004048 28.304654191 27.032195604 27.2932427323 28.0531661096 28.1785829099 27.4703841 27.0685976526 28.4113278903 28.2355030832 27.4900524047 27.9456094142 27.9354427854 27.334500003 28.0681693401 27.8283418375
27.0974547506 27.9424247884 27.1023927157 27.7844659597 27.2834949513 27.4805577445 52.1649266593 52.1649266593 55.7559965349 27.8342955144 28.1948380765 28.1269694975 27.6812767493 27.9977698799 28.1810009809 28.0577358321 27.596403443 27.5843767431 27.1745260252 28.0953872004 27.4864809385 27.4908275047 27.4525388128 27.0799777406 27.7136904675 28.3832532025 27.6669661726 27.1121983035 28.3060055606 28.3730316645 27.2241504711 27.164669242 28.0286175171 27.9373074262 27.4449995224 28.3024828353 27.8113266929 27.6622582089 27.5916329027 28.0507851092 28.1615691356 27.8164261976 27.2446841819 28.372724045 27.0026799177 27.3894911177 28.1495939972 27.4951550487 27.8415458963 27.4186726156 28.3858988301 28.4016801424 27.7118090235
28.0066852009 27.6301393973 27.1130616152 27.7727563913 27.6996593285 27.2161700992 55.7559965349 55.7559965349 55.7282485088 27.6225497087 27.6034743902 27.0319875817 28.2139525539 27.7942597322 27.128590938 27.4059034788 27.1129181099 27.5773278281 27.1565022133 28.3818908038 28.196829024 27.270105585 27.011375891 27.2001662598 27.5070596145 27.5589412639 27.8907704989 28.3133744176 28.3083400909 27.6962452491 28.0899666089 27.4498263209 27.1539088512 27.710246636 27.68118623 27.4516071352 27.671347683 28.0772402612 27.3177041971 28.1058243577 28.2577908797 27.5502853326 27.1199616635 27.4244934126 28.0381652643 27.5212883004 27.1442394881 27.4987627752 28.1219259986 28.0377810289 27.4465892344 27.0399740724 27.6102409438
27.1356119614 28.1095970683 28.1789958363 27.4822583279 28.0992138752 27.7038264005 27.0678126851 55.7282485088 55.7282485088 55.7282485088 27.7772733281 27.2575214346 28.410251306 27.3643214044 27.7436609167 28.0076672853 27.3324494928 27.0982894334 28.2236946322 27.6416082786 27.1473902536 27.8078213493 27.7554485745 28.3789628906 27.2350828745 27.3311498083 27.3594545798 27.0153324058 27.3457071621 27.5880543387 28.1125927646 27.8427564116 27.3277659711 27.3320213029 28.0951080021 28.0324145124 28.0540168205 27.2098836685 27.7596516388 27.6093319002 27.2728359458 27.8790318465 28.3085965098 28.0449606549 27.7418785481 27.5218650634 28.206072998 27.4282902886 27.4511682674 27.3432326948 28.2410371038 27.8532982447 27.7389797172
27.5281946402 27.8701009657 28.3921539806 27.9926720456 27.6354243189 27.5466592379 27.537425765 55.7282485088 55.7282485088 53.0417130483 27.5945797971 27.9933751343 28.2968662263 27.8170943711 27.7796282479 28.2996046803 27.1207729123 28.2374071065 28.0013535592 28.2005844997 28.1523868543 27.6182361841 27.6759208864 27.8569205163 28.1907481528 27.4074827819 27.2916188015 28.1484322309 27.6742309165 27.7152306858 27.0587165599 28.2738240905 27.1824315616 27.3758983052 27.6461818556 28.2143889896 28.3311009581 27.2302780192 27.3300803708 27.1707742903 27.5826788336 27.6785577511 27.3514757077 27.774843567 28.3719547737 27.8862440831 28.1656115853 28.2997847676 27.8685037059 27.2749931449 27.5801196899 28.0199367952 28.2936427824
