Spatial_Output/BAU/BAU_0521.asc
NCOLS 155
NROWS 192
XLLCORNER 196769.923733
YLLCORNER 449719.875193
CELLSIZE 27.603701
NODATA_VALUE NaN
[rows 69 to 91 of 192, columns 0 to 52 of 155]
27.4693512839 27.7185318882 27.3436071121 27.1345455585 27.5831271769 27.0382169498 27.6361753545 27.0994238558 28.3162354558 27.638939594 27.3822516429 28.2464731648 27.7102152275 28.2650778539 28.0612340266 27.8205012109 28.2311997713 48.1363576604 48.1363576604 48.1363576604 57.08472136 27.8600723257 28.0483377086 27.1342856264 28.0011031225 28.1507531407 27.0004863775 55.116034105 55.116034105 27.1952480904 27.9431844685 27.8737907116 56.9463482026 56.9463482026 56.9463482026 28.2135363659 27.6127035589 27.7431082644 28.3283323358 28.0551596013 27.1347849546 28.2770377637 27.9167559557 28.2551816954 27.2575986117 27.8250698256 27.1008152255 28.0636832819 27.1327708331 27.2369952607 28.051145524 49.2046017308 49.2046017308
27.005098618 28.2906502783 27.6667175244 28.0344908712 27.5484619689 27.0500951022 27.1604979298 27.6139048512 27.0492034614 28.3080544802 28.0536924342 27.7245771905 27.8096168696 28.1353326601 27.975021706 27.7981191538 27.1953977265 28.134873878 76.9572281737 48.1363576604 27.0306318402 28.2352411543 28.2574972294 27.2969025451 27.1928265667 27.5669674993 28.3296631146 55.116034105 55.116034105 55.116034105 27.9215119818 27.113548584 28.024267817 27.7406830296 27.5524074249 27.1226999544 27.2782461608 27.3859917314 27.1747257568 27.9888765536 27.3774997063 27.9135177126 27.2120001868 27.8113991887 27.2672397653 27.0227068423 27.729679828 27.7309265191 27.6854125716 27.433214864 27.8977739658 27.7644256887 27.678320481
28.260079948 27.7873693192 28.086230697 27.1749735946 28.1080823831 28.1139778286 27.8561288782 27.8646346693 27.5340408166 28.0998284049 27.7377688318 27.7994760533 28.3680337439 27.326743177 27.9955237851 27.5982578086 28.1889926519 76.9572281737 76.9572281737 76.9572281737 28.2339243181 27.3994708349 28.3125870697 28.0083731878 28.0418945648 27.6288667761 28.0694847576 27.6746969658 27.1577898011 27.0897705484 27.8898213934 27.5674417831 28.2706330748 27.0144199763 49.2132328947 28.2577112297 27.4948489095 27.9317658 28.2546308071 28.0097506473 27.3450713626 27.8756375053 27.8760420531 27.9409173103 27.9029161386 27.250652945 27.1851385867 27.7550130522 27.3048568789 27.5963738469 55.8947315214 27.831983137 55.8947315214
28.2717634456 27.1555034912 28.098249196 28.1169734773 28.2423534555 27.3201420081 28.3705327681 27.3586209235 28.1515813235 27.4164969018 28.006126656 28.051392082 27.8879471313 27.4089540295 27.5190026969 27.6616679948 27.1783870535 74.9400027235 74.9400027235 74.9400027235 28.1120843841 27.6881545813 27.9773258566 27.6035217546 27.1578406352 27.4811182192 27.9401772108 27.2540637033 27.5744082348 28.1188718245 27.9206290635 28.1617488923 27.8686851931 27.1595014083 40.6257220613 27.2641119198 27.2467150058 27.0493178925 27.9391703043 27.8805796364 27.3602008418 27.0059463177 27.2884337497 27.7453253359 27.5255833337 27.9746671198 27.0517308886 27.0072232828 28.2475696493 27.1731559444 27.959577081 80.8268741907 28.3495228039
28.1546207166 27.8364919027 27.0261750913 27.7746983832 27.1692648512 27.0789699765 27.4096828575 27.8771282134 28.0020134928 27.5599502139 27.1423650243 28.3213874327 27.3347800103 27.3480480051 28.2229603435 27.2467897917 28.2814863655 51.1575957716 74.9400027235 51.1575957716 68.2694383779 27.8749668258 59.7332502471 27.0749746752 27.5568811208 27.2409724984 27.9384394138 27.1747268919 27.8820732169 27.8498238974 27.7202672267 27.2860537514 27.5127126507 27.7493466754 40.6257220613 40.6257220613 28.2051964005 28.1453475789 27.5450032463 28.0347458369 27.6652419611 27.2367475035 27.6880191766 27.7435440807 27.4157517736 27.0388621226 27.3783007105 27.175268808 27.5056311185 27.3304138894 80.8268741907 80.8268741907 80.8268741907
28.1171129405 27.1026304536 27.5723085908 27.8407794029 28.3361189628 27.4738866622 28.2829971383 27.0607285341 28.3456021606 27.672124755 27.943749694 27.8984306657 28.094163053 27.2059634902 27.5672914329 27.3693512222 59.6661241313 51.1575957716 51.1575957716 59.6661241313 68.2694383779 59.7332502471 59.7332502471 28.1483443646 28.145449329 27.7396490849 49.8806260126 27.835469372 27.5875431997 27.8387492307 27.0880398008 27.4623263409 28.1777003035 40.6257220613 40.6257220613 40.6257220613 27.7532181918 27.5877538278 27.6641967096 27.1925469046 28.3239276234 27.7786199568 28.2276291387 27.3632921092 28.2402175262 27.1051171586 27.1685908703 51.6896602821 27.2300770375 27.0069648799 27.0578186897 27.7331189453 27.0991902301
28.0273034901 27.3370873225 27.5443336222 27.0199097984 28.3764920333 28.0860331142 27.8219551979 27.0893394443 27.018693697 28.3256765543 27.1916436309 28.3308592914 28.0949022686 28.3017872865 28.405596325 27.1945868307 53.9335153651 60.6112539123 41.9777113879 56.3143315971 68.2694383779 59.7332502471 59.7332502471 27.8554265454 27.1025901802 27.6308094226 27.8119855457 28.1391353037 27.1481216804 27.1075223063 28.2941869062 28.0868844981 27.4284374715 27.1900853933 27.7130761987 27.2795867811 27.0165923865 28.0182361429 27.6529207906 48.6585536938 58.0622747369 47.3139412765 50.4242177838 47.3564439258 48.5425289875 52.1421301017 52.1421301017 41.8337699599 41.8337699599 28.1890826303 72.8869024137 72.8869024137 50.5038255962
28.2149635069 27.0301846442 27.2916186112 27.3792119198 27.3740035358 27.9862288954 27.3456978253 27.2747526495 28.1922317919 28.0555729151 28.3727963555 27.0796806065 27.8226333781 27.0624589643 27.9687501357 72.1767450049 50.8197503676 50.8197503676 60.6112539123 60.1643239342 27.9060626389 27.2687369481 27.3826139367 28.012385623 27.5686340038 27.3273135183 28.4105327597 27.619242355 27.8658260985 27.866483775 28.3210183651 27.7229061752 27.4049769103 27.6952561439 27.5238739982 27.2836750664 27.7217277798 27.8355288929 48.6585536938 48.6585536938 58.0622747369 42.8319578245 47.3139412765 48.5425289875 48.5425289875 52.1421301017 52.1421301017 41.8337699599 41.8337699599 44.529936139 72.8869024137 72.8869024137 27.7613618099
28.3794470657 27.7641905168 27.2076454696 27.6295193407 27.7062675455 27.1085730457 28.1347901922 28.0986270333 27.9548254291 27.5167553533 27.7111701331 27.3613923039 28.1408561746 27.1481385455 41.8490309705 72.1767450049 50.8197503676 50.8197503676 44.9677534061 28.3495570798 28.1504564269 27.1353403196 27.9185770911 27.4985438051 28.0128492261 28.0902379851 27.8342838008 27.4412352487 28.1702259872 27.7566284427 27.9571376776 28.3124263697 27.0519897063 28.0681924868 27.5601664903 28.3044185393 27.2985990176 27.4511387908 48.6585536938 48.6585536938 42.8319578245 42.8319578245 60.4250061298 75.7608293058 48.5425289875 44.0487888241 27.0984120566 27.0544561736 56.3418359217 56.8460154239 44.529936139 27.6766595281 28.1823799993
27.8116254273 27.0111418411 27.8040908439 27.0552818861 27.259767157 27.4811508475 27.3850861024 27.9977028575 27.0529139917 27.9846937011 27.5488358171 27.3970393727 27.5471336136 28.3730691223 54.5560034503 72.1767450049 72.1767450049 72.1767450049 51.8128008631 27.4283205483 27.9748226441 27.8974018244 28.4086911863 28.009758654 28.2436561314 28.1239421496 27.8043756781 27.1887906709 27.1352880221 27.8293637 28.1283591102 27.7027483087 27.6218365974 28.2180499226 27.3589453882 27.2307606621 28.1367648351 27.1444799829 27.9845117056 28.3758577376 42.8319578245 42.8319578245 28.2251845407 27.0317149603 73.6723175134 44.0487888241 27.7161216294 27.5546003657 27.2808881811 27.5649862177 27.6500078631 28.0421441148 27.7197069108
27.1084249645 27.6783319394 27.0952541082 28.2008494809 27.3846289955 28.3334498585 27.1429642623 27.1578303041 27.3902485202 27.8336973538 27.3270150384 27.5276685209 63.6519159411 63.4619519293 63.4619519293 54.5560034503 39.1113092568 27.507179237 27.809939682 27.8991506843 27.2121428686 27.1642806484 27.3807586501 28.302707945 27.0172598007 27.4438230872 27.6871434354 27.6076395606 27.0597907397 27.7499522103 28.2037831761 27.3947673491 28.216105042 28.1366724031 27.7341495667 27.1249149665 28.3388872237 27.9361129796 27.8848885846 28.3818209638 53.0960453621 53.8515236322 53.8515236322 53.0960453621 73.6723175134 27.0335906999 27.0015814841 27.7106712385 28.0450980896 27.9461539265 27.5602837221 27.1341651238 27.8321803897
27.4233054998 27.3991791912 27.6392081099 27.9020571761 27.2786822809 27.8789263373 28.2027767766 27.3374131621 27.983553187 27.4649690726 27.3535100264 27.4160083161 63.6519159411 63.4619519293 63.4619519293 27.7175754735 27.0690565342 27.4785490816 27.83539541 27.4449741784 27.0514538336 28.1204081849 27.0601685826 27.6478170885 27.1570008192 27.914285303 27.8319418406 27.6796654271 27.0292030046 27.4186150468 27.3148653193 27.2198752836 28.0299248338 27.5673959841 27.8606949282 27.1545561012 28.0979855508 27.6219212836 28.3575151345 28.0304105274 28.0392261371 40.5411020753 40.5411020753 41.4799471208 27.5660910899 27.7321863759 27.9981716517 27.6917238521 27.2772028074 27.2156909179 27.3064699585 27.6267769769 28.3177560837
27.1855661826 27.842256468 27.0074506868 28.4089362872 28.4105139545 27.481429411 27.2540115343 27.5859492717 27.585395877 54.9348226149 67.4578853845 28.0213822375 27.8988377271 63.6519159411 77.6110187951 27.4923839835 27.3672102085 27.426164414 27.0723083635 28.3237367769 27.0944194237 28.2104227156 27.0358044934 28.3580930052 28.3538330255 27.3810839864 27.3058600565 27.6499104209 27.8496492379 27.8476516554 28.2097575411 28.2617899616 27.9397099848 27.2474156787 27.5936652823 28.0576372787 27.5416520384 28.3997718599 27.7414051739 27.4426959167 38.0413376239 38.0413376239 38.0413376239 38.0413376239 28.2523677112 27.5005233107 27.5455225067 27.5110767354 27.3050122545 28.356069274 27.7594192213 28.2562584503 27.1243585652
27.2486476301 27.8965227371 28.1974349038 27.0484374692 28.4070854438 27.6630337622 27.640403922 60.323203905 60.323203905 27.8000224442 27.1479056079 67.4578853845 28.3214919279 27.0925969035 28.2545511949 27.5644895333 28.1599892346 27.7256909407 27.6013505352 27.9768400377 28.3062974798 27.3075861168 27.0598842544 28.1701941747 27.1304561135 27.028048245 27.1979903908 27.4092036085 28.225916984 27.3006066653 27.1433074061 28.254732177 27.6843304511 27.200310923 27.2488025873 27.899702694 27.1969664934 27.5637615231 28.0182040103 28.2958112108 28.2376413686 38.0413376239 38.0413376239 27.7070589502 27.8120844837 28.236279408 27.8784238179 27.8644784753 27.2685385895 28.0737346226 27.8646496558 27.337314836 28.2777323848
0 27.0826828164 28.1459905225 27.6808703479 27.0830382609 27.768079803 27.3022464111 60.323203905 60.323203905 27.5130878261 27.8577453052 28.1111153605 27.6403446243 28.0131204182 27.0895559315 27.7996658452 27.2169291435 27.5861173631 27.931484925 27.3823924755 27.4873971883 27.3202970142 27.9019266994 27.362345959 28.3830363221 27.7155303427 27.2276050028 27.0358811664 27.8115787504 27.3566707513 28.4123906146 27.5586243466 28.3319767298 27.0833202551 27.1778930437 28.1767280557 28.2869280323 28.2764894919 27.7690419751 27.9543842169 27.6624218963 56.0852105446 56.0852105446 27.4297818708 27.6288162916 28.1665162704 27.6424454792 27.1366221101 27.632755663 27.0151096466 27.283528024 27.2783554167 28.3384284488
0 27.2087441819 28.3336518453 27.765698593 45.8939204158 45.8939204158 27.0323071281 27.4468619916 27.842631556 27.5924931078 28.1749081221 27.0038052708 28.0726752179 28.2387408251 28.1040755496 27.0717959089 28.0237596748 27.4291521683 27.6864853515 27.6016885049 27.8345890769 28.0048321105 27.4264963921 27.2368986254 27.1960674174 28.0474459249 27.3823296599 27.0382369076 27.3135877261 27.8684149992 28.0867599341 27.5210860593 27.8681074211 27.8076281212 28.145717372 27.4585556548 27.8663711553 27.7912938629 28.2136451852 27.4405758865 27.3639544363 56.0852105446 52.5267596463 52.5267596463 52.5267596463 28.3108787779 27.0412943809 28.3937620805 28.1741350323 28.0439097098 28.3993146247 28.3602296362 27.0332653243
0 28.0033782252 27.1475839019 27.4177040134 45.8939204158 45.8939204158 45.8939204158 27.7862237032 27.4203796233 27.6663094651 27.7894330393 28.3959303336 27.1542389847 27.0398625868 28.0034015128 27.1961094139 27.668031283 27.4219695388 27.2273989895 28.1776759321 27.1570608489 27.6001254313 27.2638586475 27.1154003769 27.0710512627 27.2042745309 28.3184631333 27.9686211568 27.1086227199 28.1360509113 27.9941436709 27.5561738237 27.1921532571 27.3800798432 27.4518505797 27.5019807156 27.9790710709 27.9562721778 27.6768373908 28.0688826527 27.4158488693 64.7236012426 64.7236012426 52.5267596463 52.5267596463 27.0901032724 28.0266165793 27.7216734359 27.9908130317 28.1151587272 27.7276379011 27.1057246972 28.2091348893
0 0 27.4694731619 27.5926304219 28.093936021 45.8939204158 45.8939204158 27.7476184759 27.7366097249 28.0464931593 27.4432890061 28.0636624389 27.1241415179 27.6667288027 28.055344218 27.3737537468 28.0981531803 27.7179932354 27.2567840619 28.1659807254 27.9472439137 27.1061472778 28.2760314708 28.1224186661 28.2034525997 28.1929222324 28.3169746704 27.7730185996 27.7394302478 27.2940395546 27.8178689863 28.3332983192 28.3507048998 27.5713745308 28.4048696679 27.6228069319 27.1867567928 27.0681874447 27.4172107213 28.0772721388 27.1765271043 27.614653369 57.0498110751 73.5541719325 27.7343691095 27.8364849259 27.1967555408 27.0822650906 27.4051511867 28.2143502876 27.1379805009 27.9744370118 27.9460664555
0 0 42.3192119398 42.3192119398 51.2910898274 65.6158264795 28.1737294513 27.0485016958 27.1991168069 27.9253257043 27.5442503718 27.5229026336 27.3554896273 27.1626498871 27.992659742 28.2541368857 27.2241632467 27.423313745 28.0393526215 28.0118112852 27.230903233 27.1344901534 27.4582670192 27.4312259312 27.7059730212 28.3083014024 27.7089182066 28.0246723615 27.9161805045 28.1809179435 27.1679853706 27.1191042955 28.1376687286 27.9428783604 27.728625724 27.0196394674 28.3643029498 27.9153197938 27.8400374317 28.1013806695 28.1966237477 57.0498110751 57.0498110751 57.0498110751 28.2755016523 27.165287314 27.748490654 27.9388213368 27.4732686708 27.414944015 28.2235525578 27.1586743542 27.7191748353
49.7324932476 48.6871298897 49.4634933213 42.3192119398 51.2910898274 27.3386192814 28.3166287046 27.941073449 27.6861439788 27.942850284 28.3816966072 28.3887097815 27.1799512682 27.7854147789 27.7652196088 27.0868224795 27.0510083402 27.1385115344 27.958028657 27.7470262486 27.2567530309 27.5259820341 28.0298261802 27.6648865324 27.0864854497 27.6492474055 27.5663803848 27.7429101475 27.7499635702 28.365519944 28.0310923061 28.1374075151 27.3777357122 27.7063717127 27.764863848 27.1446334146 27.5886203393 27.4486074108 28.1529349917 28.1653999946 27.2297014807 47.1269612021 47.1269612021 45.8523625693 45.8523625693 28.1144957052 27.5205757438 27.3265444487 27.7519178892 27.8672485278 27.1882194799 27.9273986265 27.7587088563
46.4232537311 49.7543648124 50.0466197234 42.3192119398 54.2411505904 0 27.2379310921 27.6833444193 28.1678826245 27.1479688135 27.1493605835 27.3517963155 27.9325241792 27.0422680125 28.0569862269 28.1774554977 28.0002437403 27.2196194539 27.327550589 27.7536899212 27.1582324167 27.0987983011 28.4038425541 27.9984693682 27.5773674669 27.1353269145 28.1614592378 28.3051734382 27.5304366656 27.5825157881 27.6389482161 28.2373736051 28.1608745123 27.3880368994 27.6242880555 27.8563963348 27.1947606349 28.3308219579 27.1283347912 27.5188155068 27.3176368484 47.1269612021 45.8523625693 45.8523625693 45.8523625693 45.8523625693 27.3465139514 27.6755258051 28.2765213529 27.3841826739 27.8639691108 27.8084533412 27.4452893546
50.6555494874 44.884564642 49.6175403738 38.7557001419 0 0 27.1421443942 27.4957244046 27.9627609053 27.5148615982 28.1867766586 28.2259058585 28.266761331 27.3531229002 27.8102684441 28.1938022615 27.4790442109 28.2426613053 28.2219068844 27.2060299826 28.040742767 27.3512358633 27.2631223207 27.5229126163 27.850281691 28.1172739993 28.2460983309 28.002854948 28.1166022342 27.7046569823 28.3772603394 28.2381139741 27.7859308825 27.0884821335 27.9407899462 28.1972240035 27.1990620791 27.7883198167 27.7755729493 28.2865905914 27.1647381866 56.7232165629 51.7376502867 58.6779434911 58.6779434911 27.8031447516 27.3923682902 28.3612329135 27.5761871194 27.0645462688 27.6102781381 28.3434561595 27.0185457216
0 0 0 0 0 0 27.0496334621 27.229226309 27.385655574 27.5523526784 28.2114791694 28.239435697 27.6682254067 28.0795975738 28.0498690981 27.3575095898 27.018436505 27.0722646154 28.001525487 28.2169459545 27.0255827596 27.7201539685 28.2666265056 27.5897859074 27.8191442941 28.0820931312 27.7642383205 27.513732282 27.8417766347 27.7193046045 27.1366437795 27.1541739765 28.0655871769 28.2836027325 27.9248966779 28.299648271 28.2753138497 27.1534590764 27.9135543159 27.250935855 27.893535978 27.6407095546 27.7377535681 67.5938138613 67.5938138613 27.5615231618 27.9964453857 27.6796812954 27.6542157238 27.2798603357 27.158341458 28.1577541783 27.6885641512
