Spatial_Output/BAU/BAU_0561.asc
NCOLS 155
NROWS 192
XLLCORNER 196307.867259
YLLCORNER 449144.565805
CELLSIZE 33.573938
NODATA_VALUE NaN
[rows 75 to 99 of 192, columns 57 to 113 of 155]
48.4570792076 27.6562554979 28.5515839921 26.8021401261 26.9826289418 26.777632795 28.0938717645 26.971526186 28.45159754 26.5910151868 27.5192814004 28.235553122 27.4074577174 72.0457227347 56.386603304 50.9702142835 50.9702142835 50.9702142835 47.9593366771 28.5691839251 46.7207485877 27.9630406712 27.9519330144 27.2830153815 26.7869538258 26.7463621057 27.7506779999 27.8079368196 28.4273485346 27.4802314135 26.6613830473 28.4375672483 26.5760214891 27.5730487251 28.5770547712 26.7725378576 27.8802913226 70.4819550073 70.5613600847 45.4061383869 53.953895045 44.3435741124 26.8812235622 26.8544905786 61.0844139037 48.7296379743 26.9733225421 28.300373438 28.09040786 26.9039053736 27.0373263322 26.6151049028 27.28862623 27.210741947 26.5756061613 27.7993338545 28.5187524942
73.0576957604 27.6754418286 27.1981769154 28.4509359595 26.7393452263 28.4802288197 27.1611948665 26.6501112818 27.5312504415 27.434370527 28.0466661787 27.2134274967 68.9486872895 72.0457227347 56.386603304 56.386603304 56.386603304 46.072865204 28.0363776438 27.4388513098 27.2620829988 28.1956492039 26.9124208735 27.1322678835 27.9366776888 27.7963821465 27.224929501 27.8312614268 27.33217965 28.0423420208 28.6002651425 28.5712046635 27.2958807728 27.6053620073 28.3105144882 26.7695672886 27.1612795803 27.5485434351 45.4061383869 45.4061383869 45.4061383869 44.3435741124 27.2345845255 61.2306048543 26.649526222 26.6456198108 27.5909081694 28.2910957459 26.8819602566 28.1645982614 28.1910748262 27.5321724613 28.2086272799 28.0486039498 28.4395088649 27.8772720851 27.5528750099
27.7586560046 28.1788676269 26.9878038796 28.4591547228 26.6502217048 28.0619048466 26.5874458235 28.0852074711 40.9542003493 28.2460200896 27.2876799844 40.4347030457 42.9973545976 50.2353760862 72.0457227347 56.386603304 46.4950717154 46.4950717154 49.6004194361 26.7654074995 27.1166665665 27.4881268333 28.1493839412 27.09952809 26.5673020825 28.1471585201 27.4693692924 26.6249827132 27.1709993541 27.6373528709 27.636192803 28.0866871895 27.1961735648 26.8396296933 28.3709991872 28.2554584807 26.8530398727 27.8494573057 28.2742277935 53.953895045 27.0761965082 26.8906002121 61.2306048543 61.2306048543 26.5437150034 28.5038646586 72.6958405502 27.0114890193 27.0884556468 28.1350433971 28.2762801979 26.7624266066 26.8812822296 26.7599386394 27.7579967129 45.7890476929 28.5274274104
27.6901999304 28.2320763786 27.2133985597 27.4213462722 27.1650724564 28.2299245082 27.8648649664 41.6101892216 27.111589397 28.3742647891 28.3355006559 51.6218696944 40.7063674239 47.3730322127 38.5054238819 52.6223306555 46.4950717154 46.4950717154 63.9631023548 28.0379956144 28.516159902 28.1247256292 28.1608763909 27.0530083615 27.9776054541 27.3758963281 27.2086766482 27.5883422329 26.7504313107 26.8120332022 27.17179619 27.2171114927 26.9711639266 28.4610148428 27.9874399788 28.3491458518 27.3763041527 27.7200893004 27.8254354828 27.7655032075 27.8897267066 26.911228994 61.2306048543 28.2978347457 57.8819230238 41.809869376 41.809869376 27.2508468456 28.3702486097 50.9276692707 50.9276692707 52.7770898864 52.7654977726 52.7654977726 52.2859574563 45.7890476929 45.7890476929
27.9214407891 28.0957157568 26.9602596504 28.5136018703 26.832837679 27.9602317853 26.6073463197 41.6101892216 41.6101892216 41.6101892216 26.8063511382 55.4736495263 43.6573665052 49.0918091658 26.9343598465 26.6190591956 63.9631023548 45.9635364859 63.9631023548 27.5004470893 27.5181294578 26.9642064835 27.4128507329 27.001775251 26.9683429725 26.9968798159 28.1681384259 27.6209763827 26.6480633547 28.2055197107 27.273406731 28.1598725735 27.4771339581 27.9012375374 27.8672457177 28.0542204966 28.3054159889 26.6166477467 27.0087599835 27.2684775468 27.685748604 28.4614723419 27.3656239645 44.3411843924 57.8819230238 57.8819230238 59.8353071305 27.6080596485 26.7131177813 50.9276692707 50.9276692707 52.7654977726 52.7654977726 52.7654977726 52.2859574563 45.7890476929 45.7890476929
26.5672062962 27.2014638796 27.3958915348 26.5725309117 27.9835528989 27.0379080751 28.4854971517 28.0575161482 28.4889011981 28.1653710158 27.506134152 26.9265133642 27.9295844104 27.2901289276 28.4842550119 26.5485084366 27.4532985147 45.9635364859 45.9635364859 45.9635364859 26.7349015492 28.1033518046 26.859370738 27.5060374854 26.8657244839 27.3384407044 27.9261736079 26.6527349191 55.6196298322 55.6196298322 27.0426875144 27.440013729 27.4606676499 28.3731834842 26.8376978789 27.9665084812 28.2644660573 28.1734155678 27.3161035587 26.5079697764 27.5645623144 26.5961811053 26.7718009724 28.3885799687 57.8819230238 41.809869376 27.1798630559 62.2642746019 28.0973450327 51.3334111866 50.9276692707 48.9735782966 52.7654977726 42.5083963906 27.0778263884 28.6021863658 26.8539573562
26.8890008174 28.4724134718 27.4009945362 26.7396693497 27.0987863217 28.6108590481 27.251353575 26.9043953779 26.913323003 26.6457425515 26.8553942745 26.778703003 28.2307571821 26.6474225073 26.8035732984 27.704880139 26.7188272979 45.9635364859 27.9844255589 28.2757068344 28.1073230315 26.897309911 28.0875383203 26.9214144048 27.4531636129 27.9111720661 28.5506769009 55.6196298322 70.680187097 70.680187097 27.4226892036 27.1132865537 26.9095260879 27.9621724694 28.50362386 27.9187578596 26.6321462745 28.4395258466 27.0695378889 27.3563029553 26.7840137566 27.5689453176 27.2842134097 28.4645049185 27.1665953261 28.4522970597 27.0856828044 27.2335129444 28.4289282269 27.8187555003 27.1009582053 28.2184587927 26.8049253052 27.5823191601 28.3769735134 26.9881865514 27.1037173845
27.5045119402 26.8750157607 27.3709457719 26.7166662244 27.1609281827 27.5166557405 27.1062318723 27.2938898196 27.518074219 27.4778245458 26.9852055297 27.0145507753 27.1922082807 28.2502557116 27.2606474627 26.7517191026 26.6900474147 28.0298077684 27.1820514941 27.4710754236 26.5445951352 26.817121815 26.9800446158 27.9384158595 26.5606977014 27.1229635902 27.4124564837 70.680187097 70.680187097 70.680187097 27.8023262743 28.2136879765 28.3457653687 26.7601900218 27.8523073168 28.3754307466 26.7799109817 27.8962558982 27.0668786895 28.3588866982 27.5389573906 26.6169375605 27.0416632039 26.6545029384 27.8010669136 26.8465913831 26.9859906004 27.8481849153 28.1295233279 27.2235290878 27.9775850454 27.3471818602 26.7471246213 27.4863815431 26.7173392283 27.0408256993 26.55085118
26.8332979502 27.5701278435 27.3379246041 26.9494877816 26.5469811638 27.439998243 27.9494506495 26.9777690129 27.1004759161 27.1653569248 27.3325069676 27.2096752386 26.9092688885 28.1266052982 27.3540906673 27.5162687741 28.1766349055 27.8756453132 28.5625887461 27.7196653695 26.5464414969 27.0685750024 26.9041342349 27.8232744212 28.4564570401 26.9951711581 27.7581933109 26.7618733049 26.5557652457 26.6655391335 27.4429167159 27.291000748 26.9994473136 26.8618738765 27.7250246146 26.590391064 27.3733836509 26.7139544776 26.7786876266 28.5911394358 27.8529586952 27.560752424 27.830484699 26.7732030415 27.0714265765 28.2552129185 26.9596082953 26.5635951036 27.4503414135 26.9822258553 28.5461573649 27.5299040864 28.1455841291 27.6427399491 26.7897147129 27.1622355184 28.2067442674
27.0085217538 26.8734200668 27.712348328 28.5256438279 28.0597376879 27.8681684507 26.675930619 27.8782424304 27.5024001505 27.2588922854 28.0119322093 26.575166832 26.5788426902 26.9296536773 28.3042400033 27.6983564709 27.6104236302 28.3393000644 27.4921780352 28.0440739713 26.7860515266 27.428230512 28.2379323913 27.0740849901 27.4691164753 26.7014426971 27.5873711942 27.816331103 28.3286096908 27.3568567841 28.110062808 27.3325714971 28.4297269137 27.9467534952 28.0423118193 27.7404860816 26.9674540309 26.9725838001 28.4867428418 28.4133044694 28.077842811 26.6391635382 26.6838005348 28.2584696219 27.3025632639 51.7289824277 51.7289824277 27.9640848734 28.1417770083 27.686752695 26.8159882879 26.7645502479 26.5054974037 28.2857681596 28.6043894024 28.364676769 27.7748764454
27.940818315 28.0866487305 26.6265500079 27.5125880316 27.7295755393 28.1295412792 28.5521873325 27.3079000727 26.8554992964 28.5413713154 26.5689605485 28.420403577 27.3816822805 27.604381363 26.6761906301 28.545416638 26.573453589 27.7442540072 27.2584611166 27.430831403 27.4443268598 28.4182732178 26.7428628416 28.2984322273 26.5700286002 28.472576766 28.3629816748 28.5311945928 27.8437550848 51.1317467762 51.1317467762 27.8561108298 26.7401084851 26.8701866112 27.3748672282 28.4735130631 27.4202965686 28.5446612645 26.8004955751 27.0344007738 26.8695760476 28.0972069001 28.1030307196 26.6273563351 27.1373615404 51.7289824277 27.7359495565 28.5073151508 28.1448909411 27.2229359247 28.5693813751 28.5776794926 28.5159786082 27.7711713909 26.6165974636 27.4449920191 26.6717033788
27.2473027358 28.5114287377 26.6369593513 26.7228600577 26.7607540945 27.0379230448 26.8560306497 26.6661597033 26.8503592207 27.506464617 28.3304393575 26.9426035364 28.207097096 28.4003292432 27.033987549 27.9295740884 26.9764239253 27.0888781064 28.0073179923 26.8681222111 28.3845113285 28.496279584 27.2181245342 27.5387303496 26.5194505284 28.5640201775 27.6156524505 26.6266107322 51.1317467762 51.1317467762 51.1317467762 26.7452237262 28.418580117 27.5406421309 28.2204415505 26.5851797049 28.0386734108 28.5905603399 27.2729705556 27.8242926783 27.8252019627 27.8573397915 27.5376948222 27.8284962266 28.54154793 56.255699397 56.255699397 56.255699397 27.4299793271 27.1617895803 26.8397241928 26.6511811243 26.9050245068 26.619829866 28.0081635795 64.979790353 27.2519888963
26.5327065079 27.3751183692 27.8800523733 27.2820385269 26.6240919556 27.2010643496 27.3073743788 26.7422598119 27.0118656523 92.8875604535 28.2762927147 27.7891699063 27.8273143132 26.5396367425 27.5874551675 27.8473250602 26.842943365 28.2748767371 27.2969858209 27.6474373636 26.6139143198 26.8892524623 28.5760027717 26.7509310229 28.3183068697 27.6202902496 28.2288353681 26.8819102456 28.413057264 63.346671177 63.346671177 63.346671177 27.9334053522 28.3575539338 27.5434187825 28.2162301018 26.5988534876 27.2216980495 26.6541400936 27.9391363209 27.4059168404 27.4657940556 27.9126965558 27.1804991919 27.9631685076 27.8803245038 26.5200991657 26.7821213306 27.4969820136 26.5456255149 28.1338111374 27.8432288294 28.3463762511 27.3597093095 61.0295069353 61.0295069353 50.0953555735
27.6863510223 27.9798848949 27.7423413098 28.1667533922 28.2851245523 27.5419061217 26.5940318442 27.0144642004 28.5194714048 27.4751119137 27.071792269 27.1393776226 28.4523729977 26.7968507111 28.251076567 28.430354443 26.598356557 26.8429930397 28.3562657779 27.0140689335 26.9016194804 28.5738602464 27.7617748192 28.4838545185 27.359047556 27.2161431142 27.0877807589 27.4820792209 28.6002037952 63.346671177 63.346671177 64.3773641321 28.1493732604 26.9250064937 26.6085624191 26.796770517 27.126181819 26.8296205795 26.9995854225 28.3485308415 27.1747538393 26.8271657583 27.7658173683 28.0407679694 26.7649108668 26.6834689903 28.1559504355 27.1323252329 26.6193213451 26.6286653587 27.7763661065 27.936088974 52.525745102 52.525745102 61.0295069353 61.0295069353 50.0953555735
28.1433938852 27.1524259764 27.2915921958 26.7967197864 27.816348757 28.0504204982 26.5668620363 28.548317685 27.5863922339 45.2193556179 26.9400830898 28.5356635671 27.3628905758 28.4810203635 27.2125488387 27.3377055158 27.8216124268 27.3452000431 26.5326136626 26.6402337957 27.40787738 28.5537807506 28.47452037 27.0224593588 27.6382229806 26.7361872286 27.4975787605 45.1250079124 45.1250079124 27.2085554152 68.856018529 68.856018529 64.8885838968 28.4386165359 28.4509829792 26.5121373107 27.943535363 28.4871109638 28.5782564263 27.2392231747 27.1942041763 26.7357019899 28.3466414895 27.4265086777 26.9603320878 26.8026597621 67.7227291005 28.0264328033 27.5177850374 26.8800949199 27.9543355975 26.9674103969 27.2421298812 27.2344734125 61.0295069353 26.5334980656 28.3717663172
28.2953080009 28.202540417 27.6311207726 26.8269588321 27.889737644 27.7864208884 27.0207797788 45.0491020643 45.0491020643 45.0491020643 27.6263387554 28.0841825096 28.1628111391 26.5455461637 28.2914491586 27.7026729338 26.9730053298 26.8185667357 26.8195940209 28.258476258 26.816724497 26.6266785903 27.2159487368 27.0860741309 27.9122066241 27.9621858347 27.7817066426 45.1250079124 45.1250079124 68.856018529 68.856018529 68.856018529 64.8885838968 27.034314204 26.6678289208 28.5443278803 28.2783389652 27.0556904714 26.7718838959 26.8094660342 26.8470911469 27.3353320475 27.0601966882 26.7376363434 27.3097596469 27.1170490045 26.6245563242 27.5961113035 27.439538015 27.7356263944 26.9171865985 27.7706733668 26.9106162581 27.4709311121 28.294817137 28.4031918726 28.2213274641
28.4374337003 27.3610011274 27.0128076285 28.4921216668 27.0172873383 26.9839291633 27.1703093747 45.0491020643 45.0491020643 28.2628203376 27.4449445506 27.3396272531 27.2733091439 27.0250656206 27.6345061994 28.2838164861 27.3185828998 27.6271277754 27.512605529 27.4037868562 26.6062504221 27.6859849759 27.6614453485 28.3448749287 26.9437101527 28.4191842711 26.7636506449 27.3828791951 27.9116593605 42.7378236839 55.6599152962 42.7378236839 62.7720147033 28.2828489974 28.4992477762 27.5611277202 26.8066584686 28.3959988669 27.9464806316 28.2256685894 26.9996141105 26.8142754679 26.660495249 27.9355198745 27.1433835522 27.5471238348 27.6288049557 26.5406036028 26.6017830872 28.4980383668 26.7117937253 26.5988052275 27.2513141281 28.4770421275 27.2249025881 26.854910195 26.5114964672
27.4340718363 27.6572022963 27.668882363 28.1475690799 27.7106557087 27.2594701291 28.047475204 43.9788873522 44.3553207438 43.9788873522 27.3203660699 28.0012158097 26.8656660129 26.9854283019 27.6405420386 27.0951358313 28.0893733033 28.5578655425 27.4668999728 26.745964193 27.954588097 27.8032460087 28.2713891178 27.915310482 27.3899883934 28.0849567789 27.1568231887 27.1273841439 26.6940443794 28.1245102278 62.7720147033 84.5429285606 26.7304147887 27.0396388926 26.5252845062 28.0776319328 27.8673660711 27.1645186197 27.2401478152 28.117000405 27.2577055456 27.3373610281 27.1151440908 27.3102706725 26.9878400234 28.4154419526 28.1507870252 27.4615714965 26.7706653873 26.7160720482 26.8773830712 26.6865108175 28.1022091763 26.9918659301 27.6752360578 27.1028912144 28.3512909261
27.675126741 26.6849643374 26.7559287787 27.8093677616 28.5319405935 27.2670979217 27.5583920215 44.3553207438 46.5554890923 44.3553207438 27.8871299545 28.3014664926 28.2435793353 27.9985649405 28.6079240628 26.7235041897 27.8928297818 26.9625090687 27.0455875529 27.6229796853 27.3147447928 27.4490579599 26.9882229438 26.5414936663 28.2771037781 27.518085623 28.0583582596 28.3401411049 28.0044648183 27.8355301846 59.9047722222 59.9047722222 59.9047722222 27.7851884433 28.505714167 28.420860789 26.5513843092 28.0721775168 28.1055378881 27.0696773282 26.6476742869 27.239487327 28.1053232657 28.5414733403 26.9416106373 26.7381713346 27.2615003688 27.8870710139 27.5440966077 28.1319029297 27.370943392 26.5454529921 26.9509976954 27.2786353194 26.7499036773 27.5672488391 26.7041103468
28.2375213583 28.5908939219 28.5870698112 27.440886638 28.5372922854 28.3027101237 28.3015921321 46.5554890923 46.5554890923 46.5554890923 26.6976953083 27.6215559649 28.3413563812 27.0548606114 27.8425336283 27.2021009572 27.6159447786 28.403023039 27.7707160456 27.5082770619 26.7557733823 28.4342381699 28.1035048688 26.7041845752 28.5464309317 28.0403325971 26.8973017266 27.672341303 28.0583835885 27.3411725872 47.6300765278 59.9047722222 47.6300765278 26.5364946069 27.3979516512 27.9274176353 27.6326047847 27.6421544512 26.9772878361 27.1315549392 27.6915713181 27.6282971747 28.3439454233 27.806999164 27.2640956056 27.876660873 26.5646288999 28.4612689873 27.7659854237 63.6940205625 26.9189071273 27.2265175693 27.3812461624 26.7077835957 28.0130102147 28.3624852673 27.7873137313
27.4740905362 26.5568930344 27.410598854 28.5123895845 27.2415995706 28.2564484335 27.057078971 26.9861987257 28.4204563743 26.7835336889 28.4740743204 27.0075608538 27.810641592 27.6142704694 26.5826403381 28.120584889 27.7834401364 26.6382694012 27.1861854634 28.2288947264 28.1525258847 28.0943555347 28.0636670574 26.8301404355 28.5114020052 27.1205198435 26.5908707137 27.1502200681 27.9294639582 27.6695548296 27.2892192459 27.7733220908 27.0938534392 26.5583925861 26.8119577597 52.2338863707 61.7443585042 27.9565862844 27.0019563736 26.8507589658 43.0110131999 27.1542224981 27.0996312938 50.7852070371 50.5392385698 27.8952432483 27.3601979112 52.5719113832 64.345123704 64.345123704 63.6940205625 27.9336171323 71.5032155293 26.8418400508 28.5815207048 28.5329139777 27.060141768
26.6682946718 28.0038944881 27.3302181543 28.4422586037 28.2580943292 27.1915267111 26.5328098577 26.6693499206 27.565557572 27.5838352318 27.9954487307 28.0919814952 28.3845531014 26.882119969 27.6140526494 27.6169656577 28.076564347 28.2815135106 28.4952924538 27.1811922714 27.0224997419 27.4847225295 28.0731312801 28.5812356382 28.5273822747 26.5064584624 59.1871538415 49.6463024309 28.082074813 63.8237930025 63.8237930025 68.5590633645 68.5590633645 67.7775558667 27.3867617328 72.2035405284 72.2035405284 72.5900548551 72.5900548551 44.1720250966 44.1720250966 43.0110131999 50.7852070371 50.5392385698 50.5392385698 50.5392385698 61.5430741786 61.5430741786 64.345123704 64.345123704 63.6940205625 27.7350450979 27.7536761242 27.5822553834 71.5032155293 26.6796431328 27.5637132957
56.8275841658 53.8352402536 26.6622553111 28.1067255562 68.871824052 68.871824052 28.0106348928 26.5147671519 26.5971130804 27.6428119196 27.1258582976 27.3059895707 26.6920242885 28.0189288608 28.1415390037 28.2090691831 28.3237961821 26.7458373445 27.8974612861 27.8715895433 27.695183217 27.0269059313 27.3568045909 28.3714848974 27.2943094346 28.5459372259 59.1871538415 59.1871538415 49.6463024309 63.8237930025 63.8237930025 68.5590633645 50.2169231884 50.2169231884 60.876551596 72.2035405284 72.2035405284 27.826210583 72.5900548551 44.1720250966 44.1720250966 43.0110131999 50.7852070371 50.7852070371 50.5392385698 27.9960365071 81.0982707039 81.0982707039 81.0982707039 63.6940205625 27.1763473334 28.4666559378 27.8609631065 28.6205649952 28.2129422468 26.8235568552 26.8958933865
71.7054838413 53.8352402536 28.5114879431 26.8918489538 68.871824052 68.871824052 27.4347025675 27.7242367571 28.5949693526 27.9504974289 27.3770953162 27.1292431905 28.4116563704 26.7385050157 28.2168684481 26.7323549681 28.0405425092 28.3367553221 28.462141551 27.7573730448 26.8816375691 26.580294531 26.9763825768 27.9536607106 28.1229338605 28.2900256724 59.1871538415 49.6463024309 64.0043169049 59.1098541603 63.8237930025 50.2169231884 50.2169231884 50.2169231884 27.4201358238 64.4727646885 61.7443585042 28.0348106113 27.7999558523 26.8101610841 27.5505776995 27.6979346501 26.7144822637 27.9341040442 27.9977862436 27.745840027 81.0982707039 81.0982707039 67.0772009223 27.1617346159 28.0735079052 27.7476178035 27.5409004861 28.1740252189 28.3523438205 28.0053569029 27.6527835817
58.743492486 27.3768266808 26.6953435928 27.7266510655 68.871824052 27.4124482893 28.5426981565 26.9748884104 28.5238759409 27.5875475801 26.5294938324 27.8731044485 26.5967130193 28.3026319161 27.0533726815 27.0801154219 27.0406063833 27.069003766 27.1958685973 26.8617097075 28.0415883976 27.5085912342 26.5959277434 26.9103097031 26.5468737192 26.6060127807 27.2086047141 28.2163456129 26.9124467071 28.1327061596 28.3211465382 66.1750251179 66.1750251179 66.1750251179 28.2289195617 28.0453338956 27.6234304848 28.5315978281 27.5416816767 28.2820259608 27.6565787566 26.5759464483 28.3871732887 27.5697575778 27.1790555385 27.1429456183 67.0772009223 67.0772009223 27.6202007092 27.0134231508 27.727600144 28.387989368 27.3740198458 26.5184622724 27.0922548412 26.9975782222 54.3563327365
