Spatial_Output/BAU/BAU_0571.asc
NCOLS 155
NROWS 192
XLLCORNER 196769.923733
YLLCORNER 449719.875193
CELLSIZE 27.603701
NODATA_VALUE NaN
[rows 69 to 91 of 192, columns 53 to 105 of 155]
27.5632798579 28.5923967187 27.4676057553 28.6084200486 28.5348476248 28.5316064733 28.4288342453 57.884147767 57.884147767 27.2084363372 26.7189816367 27.8467308029 27.9990367322 27.9345778677 28.3339705619 26.9002016551 28.2329995267 27.6603975014 28.114450178 26.5141943902 27.726736955 53.9694726241 57.7872183685 27.9739107795 55.2820238675 51.8939024078 26.9423748834 27.4270433274 26.7392026342 52.9183304741 26.728773456 27.2521981897 43.7436331658 28.5067002098 69.3884763068 69.7274228353 69.7274228353 28.5764880858 50.822889839 28.2743937293 39.0218412727 66.848646073 54.6520470537 54.6520470537 54.6520470537 51.4730278964 28.2041601938 28.2763460588 28.1083468025 27.3639089607 27.9712441545 27.2408964029 26.5458573353
27.5506746517 27.5070953622 26.6163557189 28.0372956922 27.6758387965 26.8068566496 27.2505738197 27.9499118207 28.045949546 27.9418372478 26.5656213765 27.3785954561 27.0245557026 26.5967189688 28.1812222352 27.793818416 28.0372280069 27.5351614014 27.9648411667 55.1018360473 87.0877037435 53.9694726241 53.9694726241 26.6243830906 55.2820238675 51.8939024078 51.8939024078 28.4392152652 27.2329461311 27.2928954286 28.0409592951 27.2224908507 26.5367381743 26.799413981 69.3884763068 28.0002479934 27.1354694989 28.5835701652 28.1467264088 28.5702985704 27.9424761629 28.5430040793 56.7898234263 54.6520470537 51.4730278964 52.0256842928 52.0256842928 27.518864478 62.9126185815 28.283123055 27.7731691604 27.451248096 28.3340706934
27.2936151051 27.9616534084 26.8249442784 27.2356740376 28.1685839553 28.3169843807 27.8665770212 27.7540256358 26.7311405959 27.3134931809 27.4938625153 28.1259154158 27.8241414767 27.6714687565 27.4393071544 27.3692994021 26.512388951 26.7882743705 27.7914909682 55.1018360473 87.0877037435 53.9694726241 53.9694726241 51.6104719912 27.4344322147 51.8939024078 51.8939024078 28.4171873896 28.2767048048 27.2678737467 27.4558771535 28.3404833057 28.4368671258 28.1991520087 27.8878350568 27.2078764365 28.4951221301 27.4213053098 27.7201021915 28.2436391564 27.3308077913 27.6080031046 27.2983407399 27.3818971911 26.927574137 52.0256842928 52.0256842928 62.9126185815 62.9126185815 26.730403966 28.5984020216 28.5498925964 28.0135530038
27.1866975989 27.4544282501 27.3927056839 28.4085402624 26.5580071565 28.1989573103 26.5308336442 27.7271069406 26.9713114413 27.5347626441 27.5766038698 27.1834348142 27.421244042 27.7328303186 28.5549061879 27.5581631999 71.3730882761 71.3730882761 71.3730882761 55.1018360473 55.1018360473 27.4637645432 27.6606027591 27.1282871507 27.9503161911 27.0247201799 27.1913057199 26.7649284074 28.1018307428 28.1710689641 26.9022434505 28.3833413893 27.4329655454 27.2913242361 28.3193323078 26.8306601324 26.7965706632 27.0898111075 27.8036916263 28.0492199643 27.0912915434 27.5234824965 27.2758339641 27.081485399 27.3390067609 27.3351366471 51.3846361561 62.9126185815 62.9126185815 59.7616939888 59.7616939888 54.4475257287 27.8384825787
27.9075681106 26.6752227311 28.3612117354 28.4337770569 26.6149584556 26.631917488 27.3716061922 28.0153176305 53.4934141193 53.4934141193 53.4934141193 27.1258353631 27.16195397 28.094339752 27.7323958516 28.5220253207 27.131834979 71.3730882761 71.3730882761 26.8309612582 27.4051308002 28.3138085027 28.3864867845 27.7304600343 27.2730572484 27.0954284007 27.7900020602 28.10145311 27.6749691535 26.7277622901 27.3780522745 27.1855122093 27.2705511029 27.9190212618 27.3175142163 26.596151272 26.7268908954 27.0203450914 26.5264807026 28.0266651124 26.660032357 27.6872071574 26.6782727084 26.8123163667 27.5923542866 27.6806977608 28.5817327854 27.5337617968 77.0567301497 59.7616939888 59.7616939888 77.3130556136 77.3130556136
27.9202797125 28.3453636671 27.5313426961 26.6341964984 26.8189243113 27.5890745287 27.1972970855 27.0847155776 53.4934141193 53.4934141193 27.3818617046 28.3739035394 27.3440890129 27.0307789852 27.7450840568 27.2305379364 26.7014940851 71.3730882761 28.3429841551 28.4631887231 28.1127455849 27.0794676085 28.1447750729 27.7436453254 27.8024332352 27.0034306667 27.4154338181 28.3317112866 28.2108313228 27.4586538707 26.5015637903 27.6307426349 27.2193095939 26.7381285875 27.0997169073 26.8478879473 28.5927492681 27.9606905556 28.3988937741 26.6129220498 28.2404998363 28.3563212422 26.8764454594 26.9037106478 27.8300118964 27.6042398713 28.411734523 27.5986597447 27.1748823102 26.8186289711 61.4734602965 77.3130556136 64.6154288328
26.8060011252 28.3860586485 28.333592916 26.7192394872 27.8166994403 27.0166839846 26.731251389 26.5145895415 27.5167903748 53.4934141193 26.5905426344 28.4276053298 27.2391064666 28.0483354995 28.1332355527 26.5476681993 28.0042318874 28.4333589431 27.1263673999 28.2205220356 28.3726754302 28.6005403473 27.1525269631 27.1271578903 28.4875078402 27.9613997639 28.0518304921 26.9557253906 27.5337935815 28.3273295262 26.8813038092 26.7683275885 66.9037767286 27.3819968846 66.9037767286 28.0556743077 27.2264357758 28.2833795989 27.7483693851 27.7094388306 27.4248543028 28.1546726757 26.8415824533 27.256919928 27.7064059038 27.9532190065 26.896652539 27.0789157115 26.5714840114 26.7684923436 28.0830631669 28.3945810959 28.2927363795
27.8099291482 27.9814721738 28.2867903387 26.8583732989 28.4035947914 27.1544436594 27.4964083795 62.0350970587 47.6255039858 47.6255039858 40.6819705335 27.2757731429 26.5048519594 26.6609898657 28.0668144183 26.9396972629 28.3006943287 27.4446837044 27.2360972656 27.5645280537 27.6328929672 27.8307130065 27.0626552713 27.9101972205 27.6427432034 26.9658184569 26.6277758646 28.3405735423 27.7569847977 27.8637190418 26.7004375876 26.5824730003 26.7619206274 45.4060593452 26.5386724509 45.4060593452 27.2725585262 28.1086794486 26.6993745197 26.5846648755 27.3323682141 27.2015822391 27.0893595296 28.2502425898 26.5878001572 26.5888960427 27.5599422007 27.25127082 28.1404079261 26.7732123375 26.5298836898 28.3209702632 28.0135411179
28.0808612082 26.5862547573 26.8867640316 26.9914485413 28.0121842341 27.3266419176 28.2159649142 50.1744349845 47.6255039858 47.6255039858 40.6819705335 28.5232491608 28.5177636272 27.4229376561 26.9540981259 26.8476163185 28.5936248986 26.8277790973 26.7256665084 26.7608477233 59.7175742884 59.7175742884 59.7175742884 27.1453706662 27.5050618163 27.738240164 28.1339709059 26.6863124069 28.2547599636 26.5610359933 27.6826000077 27.511243882 26.8843491161 45.4060593452 26.5369770049 27.0664907579 26.572532754 27.4921929784 27.4512473546 27.2473434638 28.0752330315 27.4812537471 26.744620232 27.6196867137 27.7672223498 26.7959941247 27.2998481228 28.6016371024 26.752519195 28.44529538 28.3858599882 28.029868332 26.6843501943
28.0575187966 28.4645876465 27.4468504828 27.3941301279 26.9636310313 26.9125075842 27.9492058944 26.506684859 46.5412861488 40.6819705335 27.5559686169 27.9940878748 28.5228498324 28.0154217168 28.1761719399 28.5700067222 27.2163105334 28.0404753052 26.6347359209 27.8298897556 59.7175742884 59.7175742884 28.5269263338 27.7217979429 27.714274683 26.9268933232 28.2999423745 27.8445004853 27.2858871471 27.9305694256 28.4976938348 27.8066273072 26.797573143 26.5431476791 28.1904792271 27.8257888203 28.3479837646 27.1334447202 27.1722015961 28.4437250206 28.2790378824 28.0914481685 28.1365425798 27.744530371 28.0242415316 28.0622146412 28.4785898913 27.7174453696 27.4520364951 27.6349144694 27.1460765165 26.7232759828 27.6649114052
27.1191829495 27.9310265704 27.5855751656 26.8712626626 26.6418931388 28.2582491205 27.5133898018 27.1698784458 27.1143327757 28.1159269804 27.6783872597 26.5244198782 27.3763576137 26.6252937902 27.0097867949 28.2380536161 28.158091952 28.0206513496 27.2404699253 28.0139893386 27.1667177329 27.5824939634 59.0180825339 59.0180825339 26.5327828607 28.5999837958 27.3853063214 27.3975122978 28.51894895 28.346373397 28.4090582779 26.8647691817 26.5449244584 28.4670927948 52.0892542845 52.0892542845 27.3064179353 28.347708587 26.9324291299 26.8150196455 27.2234259503 27.0685169714 28.5128199612 27.7367914061 28.0843357955 28.0153912196 26.6812648926 28.2869846835 27.8958176687 28.5355454476 27.8869228988 27.291111902 26.8441621342
28.0595152047 28.1566018238 27.383804398 28.5788609272 26.6690847728 26.9008606992 28.2618226704 27.8857356558 27.6601349221 47.3245290095 28.1771150145 27.8298657854 26.85230055 26.5592981039 27.9721769477 28.4591223932 28.002107364 26.5593978002 26.8700612101 27.2378870072 26.8772639497 59.0180825339 27.4742680961 27.9405863223 27.6452766791 28.0483825442 26.5826400238 28.0827034824 27.8308638037 26.9932145925 28.6151588021 26.638992081 27.2361840744 28.2538276213 52.0892542845 52.0892542845 26.6926563454 26.6544398448 27.7865489785 28.2081279789 28.2691915831 28.0109309654 27.08764789 26.7814386059 27.2411532373 27.9159305908 27.1542357076 28.2364542271 26.9322291917 26.5706542037 28.0269324171 27.4635852276 28.4883415314
27.2381811008 27.5805000711 27.6028047254 27.93310419 26.828967837 28.5233315421 28.4917530118 27.9087844731 49.9463458041 49.9463458041 49.9463458041 27.383128167 28.5075569501 26.8697977585 28.328324089 27.6029867028 26.5373382371 28.4923368291 28.3417393135 28.3484750005 26.6245098239 39.7964642527 27.0055734656 60.1671790126 27.4222052238 28.4976248725 27.6029662732 26.8241180093 26.9891390794 27.6193809522 26.7124758394 27.033963511 27.2025768098 27.4167273411 27.4861495411 27.820133512 27.3177791754 27.8377239489 27.099254181 27.0762082348 28.5923736465 26.8236795857 28.4659853135 27.2353171473 26.6409103951 26.8140756274 26.9082275577 27.6348603339 28.0469543565 26.5154865437 26.9498776166 26.7422684367 28.5319634231
28.3671563568 28.3486726918 26.9922851539 26.5023383699 28.6040461467 27.2684552488 28.2518431129 28.1843590097 45.1607310831 49.9463458041 45.1607310831 27.6541685247 27.3926868197 26.6080104682 27.1017961847 27.9315288776 28.5262625251 26.5854023044 28.1084211687 27.1753687006 27.7253106121 27.7341146692 60.1671790126 27.9729436487 60.1671790126 27.0004534691 27.277465945 27.4683428749 26.5799686911 27.9574528753 26.7945247304 26.7254195795 27.3439897449 26.6539554712 26.7178804705 27.385679251 26.7111958371 28.0483684313 26.8030259023 28.1142722774 26.6545583348 27.5734946078 27.4757955049 28.2434556931 28.0467975103 27.0636389419 27.3298845859 26.705175251 28.5154439637 27.965600384 26.7432524121 26.6957194932 27.298358735
27.4575745222 27.1000264017 28.2442777418 28.5106042102 26.7339102611 26.8937642022 27.5041539014 28.0614738786 45.1607310831 45.1607310831 45.1607310831 27.2042335099 28.4754106201 26.5792528423 27.6434809551 28.5526459993 27.8008092691 26.8723771016 28.503342448 26.8604280905 27.605913924 28.4024581034 26.5354521017 56.580291756 56.580291756 49.7094386326 27.8894644111 26.5665342486 28.1560350982 27.4951185141 27.7095886227 27.5737543695 27.9612564308 28.2668203445 28.0871297183 27.1008050282 28.2619199716 27.3871879589 28.6133336719 27.7474361367 28.1901253063 27.0228641752 27.6724901122 27.1662695802 27.7333782609 28.2657222572 28.0055529732 28.6023119459 26.658260274 27.0206541798 28.1618255073 28.5453805614 27.9040036244
26.6628942563 27.5404573678 28.2190647243 27.4683554732 27.7580489817 27.9547671891 27.8101995861 28.4486719452 27.5414221377 45.1607310831 44.9465009126 27.4270984263 27.5954099537 27.4709546104 26.9313553775 27.1688370513 26.5748062262 28.3728385513 27.5741818653 28.4135873892 26.761740034 27.175036689 27.7022287263 70.3588970549 70.3588970549 70.3588970549 27.2287361128 26.7561315791 27.876594861 26.9995162912 27.6339551203 28.0245966442 26.7787030822 28.1156466212 26.6072454278 27.3209828747 28.4702538408 27.2343413866 28.6061560337 27.2397087161 27.62181687 27.924795226 27.7246217457 27.5703359357 27.0366080767 27.5789326214 27.6285833483 27.581636319 27.7083347638 27.0276478719 28.1460979229 28.1557624751 27.8869886538
28.1751325335 27.9683081095 28.2026804565 28.4722283063 26.9531880572 27.7380380744 27.6395431804 27.0197919633 27.5601998059 27.3464331126 28.1822473975 26.6364183942 28.0276767546 27.7344281647 26.6025462779 28.1641978397 27.6695751659 27.1639703216 28.086913825 28.0392373254 27.4643964574 28.0362658211 27.200773021 56.580291756 70.3588970549 28.3870974402 26.6504894274 28.56559179 27.8080597152 28.1457420926 26.9095045524 28.0904284735 27.4674811726 27.0990575467 27.9127731674 26.7712696437 55.5694391503 28.2882639789 28.0063779413 27.1026646613 28.5897382275 27.8323279385 27.4515666139 28.0086932611 26.8906029116 26.6209665882 26.5118847366 27.194959292 27.960344567 28.211231218 26.898431757 27.3721315784 28.3763626964
27.6016295113 28.3406213577 28.1354295643 27.3648488717 27.7435039474 28.0373458749 28.3549161166 26.6961705506 56.5413358925 26.6268996294 56.5413358925 26.8327266211 27.1459603216 27.7292450942 28.5400611112 28.3051442587 27.2236396949 27.0388727429 27.2025305392 26.8398796116 26.5027722174 27.4842282518 28.6150165931 27.5759915612 26.7614009219 27.4124073557 28.4844732879 26.5120473029 28.3140314689 26.8626616578 27.7356399293 26.7954124681 26.600330487 27.8865029444 26.7809631129 28.091644816 28.4652540459 27.0109261079 27.0199222873 26.5887877752 27.6603729689 27.9568130061 28.304535494 26.6941538866 27.7660217601 26.5752586816 28.2740837681 26.6630133148 28.1343576622 27.8052397813 27.4386408792 27.6719849342 27.3726669074
27.8980516166 27.7294231356 27.8482022105 28.4693332649 27.5360838409 27.5391576351 28.1557043117 27.0938219276 27.8496012166 56.5413358925 56.5413358925 26.5215308287 28.5961275962 28.1873967889 26.7446782672 27.4144472387 26.8431894418 28.4993723506 27.0299701458 26.7229008225 27.8613618535 26.6242831858 28.2887905072 28.3726412324 54.8412486547 54.8412486547 54.8412486547 27.8652159851 27.8549836864 26.5947823816 27.5190134697 27.3218830792 27.3417864016 27.6370806474 27.1694280354 42.2704655181 27.3188767857 28.570842313 27.4523228903 26.5198515625 27.1064726397 27.884135635 27.063348262 26.5318569602 27.4624160698 27.5276015059 28.4231482018 28.399396836 27.9748927203 26.9026165274 27.1521852298 28.2486846477 28.0301544355
28.0442031172 27.4927499429 26.9640532032 27.2236734657 27.8381217572 26.9667407182 28.1913394668 26.9672856923 26.7520568939 26.8266899697 26.5698871224 27.6823991886 27.9537928831 27.3445307567 28.4375758069 26.749421262 28.3231397343 26.6752498456 27.3201927799 27.915708801 27.8077439583 26.9177901037 26.5690369985 28.0220862906 54.8412486547 54.8412486547 28.5588910661 27.5538807738 27.0790162726 27.047912669 27.5955278181 28.4566451038 28.0040962573 28.259677192 42.2704655181 42.2704655181 27.3649529004 28.1685731108 26.7011901575 28.2677939688 27.4976916816 28.1214264402 27.6731538211 26.5661146402 26.8280075887 28.0231634034 26.9687479834 28.2453724448 26.66511284 27.6584744483 27.6905291746 28.0590579923 28.1769565207
26.6041180573 27.6472608628 28.3162339894 28.6157631855 28.5199218618 27.2485820945 27.762551066 27.6852656179 26.7771070117 28.5382688095 27.5058980639 27.9365671991 26.541423081 26.6185686498 27.6422179612 28.3569199167 28.5633250899 27.3532694813 27.8435802269 27.1306693546 27.8659221027 28.0320598975 27.3224954489 28.2636845849 26.5755351611 51.7565049144 27.5063279983 27.2214951398 27.4525843711 26.6254343567 27.2470028254 27.4738526135 27.9130459828 42.6795014792 42.2704655181 42.2704655181 26.5104119894 28.0379588259 28.4854520001 28.0259356223 28.5475102704 27.4775714186 27.3374606145 26.8025447086 28.1281149593 28.4185939146 27.747632091 27.2822345325 26.6315178596 28.1958824438 27.4473859945 26.5989200752 27.2137620964
27.6486060539 26.6815364939 27.9059261632 28.0438131434 28.5884179551 27.9486590902 27.0406003707 27.7689997345 27.2644491347 27.0040288048 28.5651226605 26.8802765257 28.2070880897 28.0193514899 27.8799656605 27.9316561008 28.1920522661 27.5084377064 28.4258758345 26.701324189 26.5527698854 28.2707466694 28.278587028 26.6942160178 28.4660830097 38.4231177226 26.8740728956 27.1238181654 27.4131588077 27.9511064375 26.9092168882 27.6122706873 27.8868711138 28.4331180574 27.5095077652 42.2704655181 26.9680674214 28.4257048859 27.0184099786 28.006476622 28.3118292588 27.3902621909 26.5857293885 28.4504551541 28.6162102292 28.5535798959 27.2737388293 27.0839200496 27.3485232487 27.3746233403 26.9939635069 28.430915193 26.6383633504
26.9323799378 27.592233226 26.6902333793 27.908782513 28.1884942589 28.5191305479 26.65457945 26.593888199 26.8391730822 28.5187956017 27.2112983371 27.4958987337 27.1947077949 26.5974080628 26.7742344464 27.7409157727 28.312757781 28.2587790095 28.1609725927 27.6615304545 28.5940817332 27.0434637809 27.3300654805 26.8341436296 28.1902024432 27.0686829709 26.8175614274 26.9714494569 28.4331305963 27.4996659409 28.1158292333 27.2986423455 28.1457906162 27.3382431623 27.8094208698 28.4632379289 51.8562695358 51.8562695358 56.1491307776 26.7955916616 27.8807833787 28.6020834571 27.9039477172 26.7167146025 27.4625315878 26.5100747432 27.325834803 27.0431193079 28.0892275681 28.4197286203 27.8192871405 27.5299521318 27.0856001552
