Spatial_Output/BAU/BAU_0525.asc
NCOLS 155
NROWS 192
XLLCORNER 196769.923733
YLLCORNER 449719.875193
CELLSIZE 27.603701
NODATA_VALUE NaN
[rows 0 to 22 of 192, columns 53 to 105 of 155]
27.9270949717 27.4782875653 27.9190371349 28.3759901841 28.2447443735 27.4933110299 27.6629006562 54.7479146714 54.1718070631 51.9400722593 27.9414203254 0 0 0 0 0 0 0 0 0 0 0 0 0 0 0 0 0 0 0 0 0 0 0 0 0 0 0 0 0 0 0 0 0 0 0 0 0 0 0 0 0 0
27.7789052243 27.5406457363 28.307787259 27.9731505444 28.0194460884 27.2920997061 28.3944167905 51.3733025843 53.3971411761 54.1541256127 27.06066796 28.1057025459 0 0 0 0 0 0 0 0 0 0 0 0 0 0 0 0 0 0 0 0 0 0 0 0 0 0 0 0 0 0 0 0 0 0 0 0 0 0 0 0 0
28.3975392388 27.1589152833 28.1005702618 27.2378140724 27.2126315679 27.7873498349 27.1531804641 42.297124851 43.393835906 50.3763382606 28.1830006939 28.379054785 0 0 0 0 0 0 0 0 0 0 0 0 0 0 0 0 0 0 0 0 0 0 0 0 0 0 0 0 0 0 0 0 0 0 0 0 0 0 0 0 0
27.6427025413 27.7056466153 27.2003138961 27.3742827926 27.1477167576 27.3676797433 63.3969092881 28.1995494521 63.3969092881 27.8713175905 28.3758592049 27.2024005439 27.1582429761 0 0 0 0 0 0 0 0 0 0 0 0 0 0 0 0 0 0 0 0 0 0 0 0 0 0 0 0 0 0 0 0 0 0 0 0 0 0 0 0
27.9366484414 27.7071364763 27.6256659989 27.0931092038 28.189121169 27.0925082564 28.1361909117 28.084773693 27.5868137672 27.8769153821 27.4516377837 27.0393525775 27.697498599 27.1500370756 27.7726745321 0 0 0 0 0 0 0 0 0 0 0 0 0 0 0 0 0 0 0 0 0 0 0 0 0 0 0 0 0 0 0 0 0 0 0 0 0 0
28.024606997 28.1019297973 27.0036405889 27.8231227216 28.324338751 28.2827591577 28.4049689489 28.0732062481 27.5001243919 28.1189586406 27.1935505668 27.3798571186 28.1674053268 27.4398231079 28.1165249049 28.3107505175 0 0 0 0 0 0 0 0 0 0 0 0 0 0 0 0 0 0 0 0 0 0 0 0 0 0 0 0 0 0 0 0 0 0 0 0 0
27.4390406062 27.1908071855 27.1133464992 27.7223452331 27.309935952 28.1136847097 27.9653255565 28.3577711443 27.6913893253 27.6181137166 27.442427616 28.0895792141 28.2327025046 27.5100230698 27.5476917513 27.6901281843 27.4748124735 27.9966690068 0 0 0 0 0 0 0 0 0 0 0 0 0 0 0 0 0 0 0 0 0 0 0 0 0 0 0 0 0 0 0 0 0 0 0
27.8005041187 27.2939198622 27.3488037706 27.1487207848 61.3418806375 61.3418806375 28.2480746843 43.373239487 39.7824417371 28.3039353694 27.8077352592 28.0014725178 27.630556738 28.3400681755 27.1351243185 27.4180220145 27.840891576 27.5581214065 28.4139970253 0 0 0 0 0 0 0 0 0 0 0 0 0 0 0 0 0 0 0 0 0 0 0 0 0 0 0 0 0 0 0 0 0 0
27.04010075 28.163644593 27.6630056082 27.7805056478 27.9432096315 27.681951339 44.0068825038 44.0068825038 49.3554317677 49.3554317677 49.3554317677 27.2296259539 27.0917121655 27.0040557778 28.1856896469 28.0344545978 27.216683607 28.2039503088 27.0147513729 27.4854574105 27.1623151769 0 0 0 0 0 0 0 0 0 0 0 0 0 0 0 0 0 0 0 0 0 0 0 0 0 0 0 0 0 0 0 0
28.2651131282 27.1059318709 27.3307668627 27.9817003207 20.5391475972 20.5391475972 44.0068825038 44.0068825038 49.3554317677 49.3554317677 27.0722213837 73.9799102247 28.1137431907 28.1284640515 27.2701465588 27.1704320996 28.157854482 28.1723853387 27.6563439544 27.0816620649 28.1337969019 27.0785274428 28.0573907479 28.1657356123 0 0 0 0 0 0 0 0 0 0 0 0 0 0 0 0 0 0 0 0 0 0 0 0 0 0 0 0 0
27.9377505014 27.1170936346 28.3378118073 20.5391475972 20.5391475972 20.5391475972 27.4918947825 44.0068825038 43.373239487 27.8919847274 51.785358181 51.785358181 28.005565369 27.6229495992 28.1916326799 28.0050866425 27.9198738647 27.472420663 27.5209881479 27.5302366301 27.1283562238 27.0776942959 28.1263817096 27.5171685998 27.2984246187 27.916394994 27.2601045673 27.8624906036 27.3747288031 0 0 0 0 0 0 0 0 0 0 0 0 0 0 0 0 0 0 0 27.2503395778 27.2824778304 27.1509509281 27.5133486682 28.2148778333
27.9391860924 28.1346713782 28.1697021829 28.0264982725 27.9423474346 28.0508408931 27.895655248 27.5657343157 27.445124127 63.4477670345 51.785358181 51.785358181 39.8703449851 27.7525716857 27.7936891771 28.3762703057 27.8258444381 27.0316004177 27.742978814 27.6767058823 28.3890138398 27.7740548876 28.1350961671 28.3259904969 27.651700052 28.3181377054 27.6517977598 27.9576171484 27.0108868225 27.7422170956 27.2010609189 0 0 0 0 0 0 27.7336939702 28.1228304382 27.5872870263 28.1219734343 27.0933961803 0 0 0 0 0 0 27.4428530273 27.1182832588 27.9298057538 28.1772385228 27.8203661227
27.0836881929 27.9122956248 27.125817105 27.1246595001 28.3886924628 27.5955342078 27.3550788594 28.1486376779 42.2772520635 42.2772520635 39.8703449851 39.8703449851 56.2061461503 28.1216196131 27.4900490654 28.2194326299 28.2358298681 28.1644800248 27.1127909144 27.3564157063 28.3447300812 27.8281854403 27.7035937704 27.8365466541 27.1840347602 28.0729522912 28.0837622366 27.0980264038 27.1979010763 27.3930511207 27.1143868529 0 0 0 0 0 0 28.3596199941 27.6668298004 27.4115416837 27.6932892 28.2947633353 27.2088424377 28.3213554084 28.4131479501 0 0 27.262895064 27.5381703923 27.5487582911 27.5897724887 27.1406609799 27.5898732635
27.6502740018 28.2061827265 27.0564460882 27.3114777723 53.8162584108 53.8162584108 27.5299974693 42.2772520635 42.2772520635 42.2772520635 28.0736655064 60.0167305687 60.0167305687 60.0167305687 27.3730541612 27.3881271903 28.319478344 28.3161982792 27.2258115007 27.0476022648 27.0460219169 27.9713279558 27.3939127426 28.1994327453 27.1911961827 27.1649540271 27.0031358793 27.0932342352 27.0722874933 27.0143304131 27.3688673451 28.0366569385 27.1174336398 28.2386681809 27.2950203177 27.0442452057 28.2132251051 27.6541882156 27.3276123661 27.9079706959 27.7769404929 27.6144927193 27.6472594796 27.3683425207 27.5398953737 27.9454822718 27.3033511884 27.0799460155 28.2763146991 27.3347614465 28.0813164197 27.9870279966 27.3287639611
27.3725036519 27.7383482346 27.35725615 27.9975544626 53.8162584108 53.8162584108 45.4738708063 27.5867518402 79.4115168936 42.2772520635 27.4862611298 60.0167305687 60.4040323574 60.4040323574 60.4040323574 27.8614054961 27.9081724807 28.3132623331 27.2694661887 27.4633495327 27.9383818127 28.2065589082 27.722583707 28.332587465 27.9082835123 27.5094209498 27.490393233 28.0588564302 27.1460372295 28.3253109433 27.4104597751 27.6143798834 27.5193277381 28.0215825735 27.4903348478 27.0484875077 27.1679706711 27.8500136583 27.7305588091 27.9256986069 27.7050881511 27.8755685919 28.1458260625 27.4144619807 27.8349127309 27.9449681583 27.5040527537 27.9839582516 28.2681898788 27.4375709472 27.1783671801 27.9256472037 27.9064357891
28.3661580678 28.2377777695 27.5430986232 28.1857961773 27.4883157636 53.8162584108 28.0572743339 27.0172852767 79.4115168936 27.0311451185 79.4115168936 28.1477020102 60.4040323574 60.4040323574 28.3263093914 27.2663561706 27.1898341427 27.2446039262 27.1222255959 28.2464824927 28.4094809466 28.0433680116 27.9087431557 27.2430008575 27.3932782246 27.1007136405 27.4466135171 28.4009400662 27.7335373917 28.1030334946 27.7563001523 27.7970755055 28.3137432659 27.2310655496 27.5323669384 27.3085748813 28.2149270822 27.2343279611 28.1127708921 27.8559657249 28.1510303224 27.0129056093 27.9883574431 27.953329181 27.8408950916 28.0439762022 27.454857768 27.8362661186 27.2686337046 27.4822031872 28.3761666552 27.4137403244 27.6949190118
27.088482641 28.1867264444 27.9042510801 28.2375027734 67.5021029803 27.195881423 28.3215685601 27.3286958692 27.6523360112 27.1267424438 28.3292869441 48.431318781 48.431318781 48.431318781 27.8141693143 28.04555537 27.9737759327 28.0681474718 27.1771542214 27.9119974974 27.0595593045 27.4562462402 27.2283452496 27.1424129477 27.8446723954 27.8983740089 27.5618036202 28.2866745275 27.1942432676 27.7958567619 27.4845585854 28.2757964103 27.6858185045 27.0715826128 28.1326839108 27.1060176453 27.0645772196 28.1194836419 28.1141896611 28.2508070706 27.7699876618 27.0114959855 27.4080243418 27.6058489615 28.1775236553 27.3261100924 27.8434447413 27.8755216784 27.3236471817 28.3946236918 28.2246072862 27.9658856305 27.4696404641
27.4156006823 27.383451785 27.6377861974 27.7782247248 27.2630033327 27.2323866423 28.3740247746 28.2541013171 27.2540747878 27.137384334 66.0531314664 27.2525011427 48.431318781 27.8477229312 28.4068612199 27.2557512309 27.3348980534 28.2824592187 27.0005086942 28.3094460778 28.196316736 28.3780193388 28.3605396964 27.4469993987 27.7874258708 27.5598717723 27.3529278459 27.0756878452 27.9172249399 27.8552013426 27.665569389 27.4338954296 27.6201935944 27.7636901152 27.58146053 28.1380157133 28.1618038638 27.1798263754 27.4188043242 28.3035765177 28.1801494438 28.3840306576 27.3995363721 28.1394879992 28.1370613089 27.63957242 28.2389416337 28.0316466744 27.8655090743 27.3747995516 28.0938833167 27.8137184478 27.2146025603
28.3114821265 27.514185731 28.2899345542 27.4340510571 28.0105642115 27.4938644055 47.1031020104 47.1031020104 47.1031020104 27.2998249375 27.5964882864 27.934694014 27.0135275307 27.9478280612 27.7026936106 27.8452554631 27.5833112903 27.5308424708 27.6229060389 28.0155143568 27.470211214 27.5183823485 28.1941467939 28.3682573141 27.1783985883 27.6346563699 27.1655878553 27.2433423409 27.0602211161 28.3792565074 27.047734756 28.0363815719 27.3221928681 28.3822578019 27.8603876467 27.992412197 27.0142255927 27.4860067216 28.316761297 27.4498662971 27.5442008585 27.5317384643 27.1346647003 27.7420644299 27.6532691864 28.1937560685 27.100569921 27.2543842822 27.2075923851 27.0302145687 27.4169429723 27.4349192506 28.1672928196
27.9962349455 27.6000445653 28.0982677346 27.1723191222 28.4024854939 28.0690836991 47.1031020104 48.710826439 48.710826439 48.710826439 27.717015287 27.4535232909 27.0162214648 28.0742354801 27.6480512418 27.8889794739 27.776207205 27.2568969409 28.2647754627 27.7317798842 28.3822652755 28.1878022698 27.4111544704 27.2054247869 28.2478379563 28.2185604509 27.1075731123 27.8533141519 27.0548719778 27.458341349 27.0273284972 28.1939994713 27.9626266591 27.4519717225 27.9172940391 27.3343675506 27.3908340624 27.1840523156 28.0594625201 27.3525343457 27.0437938279 27.8873774904 27.2391005421 27.6187608313 27.5369193231 28.4033915451 28.2920006993 27.6384329088 27.3600229838 27.0088860822 27.7613421539 27.5714179269 28.2571767155
28.1862679974 27.6112491422 28.3839567041 27.4500347029 27.522881191 27.8494740642 55.9429613123 48.710826439 48.710826439 44.611367563 27.2100125706 28.0426844078 28.3967236222 27.4192272521 27.5180932018 28.3350456097 28.0979300927 28.1915602052 28.1577532601 28.0841961328 27.571512971 27.641915565 27.1820428748 27.8720387515 27.0497566367 27.6834044131 27.8780183323 27.9794949527 28.1572253364 28.1970809621 27.4124949232 28.2939023324 27.7986236511 28.1822950233 27.36344231 27.1883216806 27.4834621749 27.9993829462 28.3923325387 27.8764867248 28.3181898017 27.9927882849 27.821708252 27.4176056359 28.0852060751 27.2664761321 28.3728475185 28.1826956793 28.3786453579 27.7517037642 27.4074149177 27.9363277923 27.724066055
28.1185640344 27.5114107506 27.3931743223 27.986809444 27.3819506032 28.0939122512 28.0846002969 27.8359429561 55.0502565676 27.9036588774 27.5664579484 27.4054427908 28.087540712 28.1160833063 27.4784530254 27.2444654631 27.5987309097 28.2687949738 27.7883626933 27.1824885953 28.3572134552 27.459968785 27.5923893494 27.9861496403 27.0758314028 28.2508438692 27.4583833412 27.1400832609 28.3737314223 27.9531484452 27.3098064913 28.0024989409 28.4092771877 27.5079496306 27.1876414509 27.4373336889 27.3227840343 27.1111595198 28.0590053547 27.9050151969 28.2782227549 28.3957387194 27.8326188142 27.8049019504 27.1857395457 28.0853361237 28.0692093619 27.3755997928 27.936067912 28.1604350298 27.9946705614 27.7567859497 28.1295274195
28.3525427093 28.3617142105 27.2698087294 27.2288678764 27.079974833 28.3163556488 27.9073112271 55.1041484346 55.1041484346 55.0502565676 27.3670723524 28.2241860793 28.1495116699 27.4699255721 27.962379554 28.2303804384 27.6570070956 28.2767558931 27.5765254538 28.1090958158 27.135943037 27.6618985471 28.2305089472 28.0075124292 28.0703863537 27.919067583 27.3970277035 27.7899643771 28.031474824 28.0624791162 28.1056334602 27.0323986267 27.5452516318 27.3643672884 27.5328558684 27.1690407402 28.0274235991 27.2315334988 28.3600787253 28.0747630369 27.589898457 28.0405948383 28.2629416139 27.0669052895 27.1608667828 27.8416274278 27.2434618953 27.5773822388 27.2590307709 27.8640272574 27.5190421088 27.0185149243 27.7639790458
