Spatial_Output/BAU/BAU_0245.asc
NCOLS 155
NROWS 192
XLLCORNER 196307.867259
YLLCORNER 449144.565805
CELLSIZE 33.573938
NODATA_VALUE NaN
[rows 150 to 174 of 192, columns 57 to 113 of 155]
44.9028381663 45.0789817123 44.6914417049 45.1883394199 44.5128942905 44.7273085711 45.1697683785 44.74918408 75.8241296859 77.7440408117 84.3469505754 44.7413716062 44.7372839683 44.6809279445 45.014924455 45.069722189 44.7144805389 45.1073170244 45.1386362668 44.8663460915 44.9960839181 44.8255935616 44.7787263663 44.7075505325 44.6839146033 44.847244044 45.0499355813 45.0110431248 44.6414800807 45.0047429151 45.1781065062 45.0238183721 45.1186324377 45.0660305256 45.1039084101 45.1140768292 44.8728025188 66.9477568321 44.998003269 44.5976735021 45.1194593374 44.7165363055 44.7441314951 44.9030138538 44.9240521506 45.0618781807 45.1192715839 45.0652953182 44.7121534902 45.1335798149 44.7475707264 44.9231118786 45.1987131884 44.7463031951 44.8400452843 45.0090257878 45.0107462684
0 45.1273920809 45.036164706 45.0231166435 44.9764119976 44.9766152747 45.136654124 45.1192260324 77.1001919193 78.0085180329 78.9565999195 44.8120123906 44.5847545345 44.6418826417 44.8307093682 44.9265105641 45.1977801278 44.9935206766 44.5262337629 44.9026257196 45.1605009968 44.8636515855 45.1090301069 45.1644042382 44.9359751533 44.7939101085 44.5472882047 44.5285428738 44.8608629107 45.0433430753 44.5118750088 45.1019675094 44.8718171498 45.0139857609 44.9191660318 66.9477568321 66.9477568321 53.1902653784 53.1902653784 44.8239244222 44.6905441336 44.6526795586 44.6101730373 45.0241609455 44.7983579123 44.837475802 44.809042476 44.6586589672 44.8561377418 44.9972992876 44.9055311037 44.7634239705 44.8596946038 44.5555308074 44.8913738668 44.5239760812 44.9403192104
0 0 0 0 44.9174313391 44.9516811148 44.8725725255 44.7104537568 69.7736967552 83.7704512319 73.289145328 44.6631531748 44.7982057089 44.7177189124 45.0669207247 44.7541421154 44.8506431191 44.8040800594 44.9535316359 45.0651821428 44.9522594833 44.6131822146 45.0894203704 45.033138826 44.749477331 44.5887081236 45.1601437725 44.6748957654 44.9399150956 45.011236015 44.5235714377 44.9246550727 45.1919848797 45.1029896393 44.6820407184 44.5097950824 53.1902653784 53.1902653784 53.1902653784 44.9675239138 44.6715463682 44.7516775646 44.6936218404 44.7524134626 44.8190596658 44.9881926772 45.2043948664 44.5045696757 44.9157994938 44.5526888941 45.0741141234 44.9054216035 44.6499001608 44.9463866881 44.7704517707 44.9676749258 44.5794434449
0 0 0 0 0 0 44.8738472598 44.6132199563 32.5962959447 32.6148863951 32.6148863951 65.6317293245 44.9813893352 44.7410704102 44.6190444442 45.0370584487 44.9244294072 44.670891499 45.0671878455 45.2045655533 44.5992410081 44.8243927222 44.5837843694 44.97350429 45.120924816 44.7925915926 44.7551888836 44.7243524282 44.8329978044 45.1409058462 44.7172352125 44.8203450996 44.6835138155 45.0509205423 44.9080817885 45.1064888751 45.0634485654 64.7689374197 64.7689374197 45.0693095918 44.5405927768 44.5961887509 44.5134114376 44.7063544973 44.8757996675 44.5150605384 45.1574765384 44.9087906056 44.8364840966 45.0961872158 45.0777475673 44.8558791802 44.8357480232 45.1513129699 45.163694279 45.1961394776 44.9384497094
0 0 0 0 0 0 0 0 32.8640746435 32.6148863951 32.6148863951 44.9475832302 44.7873321888 44.9348176455 0 0 44.6735624675 44.9785221631 44.5399012647 44.6184627297 44.5911512245 44.5819161979 44.5718145824 44.6667254279 45.0268322227 44.843018767 44.6684816792 45.0044229801 44.857894568 44.9546034345 44.5562703263 44.5059732959 44.8352158674 45.0023816295 44.9877942237 44.7832784862 44.6285717263 45.1811537657 64.7689374197 64.3396881814 64.3396881814 44.9879540279 44.8285452251 44.5315869074 44.5032118371 44.8288749582 44.7478350523 44.9769289525 45.025544961 45.1950018079 44.8532591071 45.1614455126 44.744777878 44.6120423594 44.7978088834 45.1908165673 44.8396879116
0 0 0 0 0 0 0 0 0 32.8371959294 59.5971396607 32.7280916784 32.7280916784 0 0 0 45.0677669175 45.0040622951 44.6673579197 45.0708832461 44.5719347325 44.5808601832 45.0059461525 44.9429549703 45.0198672856 45.0345371229 44.5979319588 45.0387422345 44.7208878623 44.5965136933 44.5286802716 44.5902092841 44.5380452518 45.1470887489 44.6553553789 45.0995477817 44.5774005497 44.744218157 64.3396881814 54.1533053186 54.1533053186 45.1427753331 44.7272387444 44.735874149 44.6243820405 44.7733405786 44.6205851604 44.6210042322 44.9782620787 45.1403214352 45.1563630302 45.1887257707 44.7334459798 44.8797121011 44.577576196 44.9360685284 44.8352627384
0 0 0 0 0 0 0 0 0 0 32.7280916784 32.7280916784 67.5213936287 0 0 0 0 44.8027716434 44.6221600376 44.9442027008 44.7409218254 44.5140527949 45.0110098135 44.7605055717 44.8521739107 44.8984605889 44.5478505442 44.6387380462 44.5862506165 44.7117419769 45.0049028215 44.541434278 44.7876977241 44.6117333161 45.1610513681 44.9650083357 45.1022546973 44.5903173028 54.1533053186 54.1533053186 44.8039056928 44.7377643668 44.7202941192 44.6032055076 45.0209012695 45.2039105934 44.5905230495 45.0798826792 45.0853025416 44.7107422481 44.6067665368 45.0643347775 44.8694251783 44.9106335703 45.0733895114 44.9379176522 44.5883334847
0 0 0 0 0 0 0 0 0 0 71.9361130629 67.5584044813 67.5584044813 67.5584044813 0 0 0 0 44.8196706582 44.9933325849 44.7316827652 44.7500430082 45.1102273581 45.0793127803 44.8941295327 45.0669794813 44.7788263159 45.0619555624 44.9899940268 44.8479696037 44.7425478096 44.6282272743 44.8545407942 44.9140872941 44.9915832834 45.0494863924 45.1486518261 44.6934071078 75.802906525 75.4983580143 75.4983580143 75.4983580143 44.6596570542 44.7703754268 45.0783609367 44.921726881 44.8865503625 45.1923674969 44.7407480599 44.6544414255 44.7132290479 44.7537845288 45.0295454297 44.5439099074 44.6456277387 45.1493019502 44.5187724878
0 0 0 0 0 0 0 0 0 0 60.3319688931 67.5584044813 67.5584044813 0 0 0 0 0 0 44.5364115692 44.5278307656 44.9165756173 44.5251747883 45.1603019496 44.644348329 44.8836917821 45.1489423487 44.6790802221 45.0435818287 44.856608569 44.5478095496 45.042845917 45.1276716199 45.1776705716 45.0254853778 44.7339836688 44.7125994146 44.7402202279 44.805068766 75.4983580143 75.4983580143 60.8273911882 44.7021714725 45.0106580543 44.792335876 45.0032392313 44.9941333745 45.12315632 44.7284055877 44.7131605014 45.0521219652 44.624015848 45.1494842662 44.9948095032 44.6698198949 44.9805058599 44.8571063918
0 0 0 0 0 0 0 0 0 0 0 0 0 0 0 0 0 0 0 0 44.8500209281 44.9518207271 44.6190303409 45.0712589844 45.1088104507 44.8867678077 44.8119581167 45.0345122361 44.5577690254 44.551171107 44.5448068271 45.1391092558 45.1285690454 45.0251338657 45.2066061584 44.5203789238 45.0938361403 44.5121141981 44.6103970042 80.6821984457 75.4167626861 75.4167626861 44.7706751532 44.9232785483 45.0040284681 45.0560560586 45.1376297948 44.5124560613 44.6133743954 45.1932374301 45.0964254515 44.7515110225 44.7325070684 44.9233927909 44.8353727462 44.6007366929 45.1016770159
0 0 0 0 0 0 0 0 0 0 0 0 0 0 0 0 0 0 0 0 0 0 0 0 44.7567688301 45.0019471636 44.9605388674 45.1729184627 44.791947805 44.871663645 45.0157065066 44.864435061 44.6535939483 44.841138571 44.9750550439 44.7667668245 44.6864062241 45.1148029473 44.5667795619 44.9015281801 68.4138834501 68.4138834501 68.4138834501 45.0130347735 44.5692827264 44.7902055615 44.5628227417 44.6424984521 44.9462916966 44.7468310668 44.6461015809 45.201763945 44.9895924242 44.8189960621 45.1406947419 45.1215223496 44.5246812264
0 0 0 0 0 0 0 0 0 0 0 0 0 0 0 0 0 0 0 0 0 0 0 0 0 0 0 0 44.9861828884 45.1936001807 44.9994046376 44.9504751803 44.8117195243 44.5652876111 44.7798524668 45.0299126751 44.904919234 44.7649602936 44.7927309486 45.0939672713 88.4752715858 68.4138834501 88.4752715858 44.7332334801 45.0591160999 44.6645237099 44.6001296335 44.5738112355 45.0048646048 44.7176754714 45.1145740173 44.8533704905 44.7157919619 44.5780872443 44.943101492 44.6831275945 0
0 0 0 0 0 0 0 0 0 0 0 0 0 0 0 0 0 0 0 0 0 0 0 0 0 0 0 0 0 44.976853261 44.9835578319 45.1500825166 45.04782953 44.9507248568 44.6161934163 44.6349986362 44.8690746903 45.172534003 45.1064418086 45.1904122569 45.0502622778 77.3794352273 77.3794352273 88.6261329583 44.8798217278 44.5895494652 44.6856229493 45.1465218904 45.1734080716 44.5812837595 44.5183219448 44.5923105109 44.7865873264 45.150725504 44.8094299581 0 0
0 0 0 0 0 0 0 0 0 0 0 0 0 0 0 0 0 0 0 0 0 0 0 0 0 0 0 0 0 0 45.171351927 45.0235643346 44.808599035 44.5141740297 45.0937695025 44.7727153099 44.9954874354 45.0477534488 44.6372940907 44.9179960037 44.5941031818 44.7179226358 77.3794352273 88.6261329583 44.9352317605 44.7116319059 44.6124563213 44.5337375177 44.8691827052 45.126202167 44.8671912685 44.7188978738 44.6947360162 45.0366522924 44.648364454 0 0
0 0 0 0 0 0 0 0 0 0 0 0 0 0 0 0 0 0 0 0 0 0 0 0 0 0 0 0 0 0 0 45.1151720034 45.138241578 44.9493852837 44.5760835428 44.9579191911 44.7137756994 45.1613737241 44.8211739778 45.1366527101 44.5045051268 45.1844328052 64.81825112 67.1780326914 64.81825112 44.8088774534 45.1448771183 44.7418392933 44.8861258405 44.7572148575 45.1181268515 45.143004192 44.6278659843 44.6329973544 44.7107422056 0 0
0 0 0 0 0 0 0 0 0 0 0 0 0 0 0 0 0 0 0 0 0 0 0 0 0 0 0 0 0 0 0 0 0 45.1143164452 44.7563355117 44.9283539088 44.9100275568 44.7386810157 45.1457571001 44.6065791217 44.9623808528 63.1905382549 67.1780326914 67.1780326914 67.271870133 45.1190979502 44.7251769434 44.75163276 44.568293727 44.5586604348 44.7471434881 45.0693785279 45.2023224441 44.8127947629 0 0 0
0 0 0 0 0 0 0 0 0 0 0 0 0 0 0 0 0 0 0 0 0 0 0 0 0 0 0 0 0 0 0 0 0 0 44.8395409573 44.7722260945 44.7778053579 44.6420514027 44.7343973141 44.6738636167 45.0937900075 44.6718138296 44.8277391398 67.1780326914 77.7467778285 82.3187218884 44.6269267197 44.7831353614 45.0674020564 0 0 0 45.0079961361 45.0745369359 0 0 0
0 0 0 0 0 0 0 0 0 0 0 0 0 0 0 0 0 0 0 0 0 0 0 0 0 0 0 0 0 0 0 0 0 0 45.0854517251 45.1126218241 44.5774825126 44.982028082 44.6020590351 44.7316811546 44.8570298584 44.5181784033 59.9486270527 82.3187218884 82.3187218884 65.2634227973 44.7513284215 44.9217545295 0 0 0 0 0 0 0 0 0
0 0 0 0 0 0 0 0 0 0 0 0 0 0 0 0 0 0 0 0 0 0 0 0 0 0 0 0 0 0 0 0 0 0 0 44.6787903442 45.1785007081 44.9273247216 44.9530967762 45.1489284161 44.7884227025 44.6651530936 45.120052696 45.1949507511 65.2634227973 65.2634227973 44.9687553451 0 0 0 0 0 0 0 0 0 0
0 0 0 0 0 0 0 0 0 0 0 0 0 0 0 0 0 0 0 0 0 0 0 0 0 0 0 0 0 0 0 0 0 0 0 0 45.0741666822 44.527849644 44.5947945239 45.1282898681 45.1287735208 45.0852381324 44.8665875303 65.2634227973 65.2634227973 65.2634227973 75.6696363592 75.6696363592 0 0 0 0 0 0 0 0 0
0 0 0 0 0 0 0 0 0 0 0 0 0 0 0 0 0 0 0 0 0 0 0 0 0 0 0 0 0 0 0 0 0 0 0 0 0 44.6432495791 45.1038528368 44.9661732705 45.1333422765 45.1089945546 44.8946918064 44.630946872 44.7330778916 77.5277371873 76.2665091921 75.2306291172 0 0 0 0 0 0 0 0 0
0 0 0 0 0 0 0 0 0 0 0 0 0 0 0 0 0 0 0 0 0 0 0 0 0 0 0 0 0 0 0 0 0 0 0 0 0 0 44.9914704722 45.1406427427 44.6891819497 44.783726784 44.5786007277 45.120036566 44.6646185204 69.707263869 81.0468979009 81.72996157 75.6306864482 0 0 0 0 0 0 0 0
0 0 0 0 0 0 0 0 0 0 0 0 0 0 0 0 0 0 0 0 0 0 0 0 0 0 0 0 0 0 0 0 0 0 0 0 0 0 0 44.7147902631 45.0059030899 44.7509032893 44.8763861872 45.1360086119 44.6723207458 80.2372692274 70.0932258738 84.1646674238 55.2918801568 32.8834300461 0 0 0 0 0 0 0
0 0 0 0 0 0 0 0 0 0 0 0 0 0 0 0 0 0 0 0 0 0 0 0 0 0 0 0 0 0 0 0 0 0 0 0 0 0 0 44.6195011282 44.7262591295 44.8141199909 44.5941343775 45.0663998521 0 0 55.7148378438 75.6306864482 70.6994431266 70.6994431266 0 0 0 0 0 0 0
0 0 0 0 0 0 0 0 0 0 0 0 0 0 0 0 0 0 0 0 0 0 0 0 0 0 0 0 0 0 0 0 0 0 0 0 0 0 0 0 45.1182338778 0 0 0 0 0 55.0232154948 70.6994431266 70.6994431266 78.847092802 80.1467668375 0 0 0 0 0 0
