Spatial_Output/BAU/BAU_0801.asc
NCOLS 155
NROWS 192
XLLCORNER 196307.867259
YLLCORNER 449144.565805
CELLSIZE 33.573938
NODATA_VALUE NaN
[rows 108 to 143 of 192, columns 0 to 79 of 155]
0 0 0 0 0 0 0 0 0 0 0 0 0 0 0 0 0 0 0 0 0 0 0 0 48.2964592555 15.33 45.2232996296 54.180881817 21 21 21 21 21 21 21 21 21 21 21 21 21 21 21 21 21 21 21 21 56.7253214452 56.7253214452 56.7253214452 46.3624207611 21 21 56.6196268446 56.6196268446 56.6196268446 21 21 21 21 21 21 21 21 21 21 21 21 21 21 21 21 21 21 21 21 21 21 21
0 0 0 0 0 0 0 0 0 0 0 0 0 0 0 0 0 0 0 0 0 0 0 0 0 0 0 0 21 21 21 21 21 21 21 21 21 21 21 21 21 21 21 21 21 21 21 21 35.9535500454 38.3720299661 38.3720299661 21 21 21 21 48.6229426321 21 21 21 21 21 21 21 21 21 21 21 21 21 21 21 21 21 21 21 21 43.7174922429 21 21 21
0 0 0 0 0 0 0 0 0 0 0 0 0 0 0 0 0 0 0 0 0 0 0 0 0 0 0 0 0 21 21 21 21 21 21 21 21 21 21 21 21 21 21 21 21 21 21 21 21 21 21 21 21 21 48.6229426321 48.6229426321 48.6229426321 21 21 21 21 21 21 21 51.9931523237 21 21 34.2836702235 21 21 21 21 21 21 35.7063951462 58.2957868858 35.7063951462 43.7174922429 21 21
0 0 0 0 0 0 0 0 0 0 0 0 0 0 0 0 0 0 0 0 0 0 0 0 0 0 0 0 0 21 21 21 21 21 21 21 21 21 21 21 21 21 21 21 21 21 21 21 35.9535500454 21 21 21 21 21 42.1520243561 21 21 21 21 21 21 21 21 21 21 21 77.5016640993 34.2836702235 34.2836702235 21 34.2836702235 21 21 35.7063951462 21 35.7063951462 35.7063951462 35.7063951462 21 21
0 0 0 0 0 0 0 0 0 0 0 0 0 0 0 0 0 0 0 0 0 0 0 0 0 0 0 0 0 0 21 21 21 21 21 21 21 21 21 21 21 21 21 21 21 21 21 21 21 45.2297598164 45.2297598164 21 21 21 21 21 21 21 21 21 21 21 21 59.6853512957 21 59.6853512957 21 34.2836702235 34.2836702235 34.2836702235 21 21 21 21 35.7063951462 58.2957868858 35.7063951462 66.8834337688 21 21
0 0 0 0 0 0 0 0 0 0 0 0 0 0 0 0 0 0 0 0 0 0 0 0 0 0 0 0 0 0 0 21 21 21 21 21 21 21 21 21 21 21 21 21 21 21 21 21 45.2297598164 45.2297598164 45.2297598164 21 21 21 21 21 21 21 21 21 21 21 21 21 59.6853512957 21 21 21 21 21 21 21 21 21 21 21 66.8834337688 66.8834337688 66.8834337688 21
0 0 0 0 0 0 0 0 0 0 0 0 0 0 0 0 0 0 0 0 0 0 0 0 0 0 0 0 0 0 0 21 21 21 21 21 21 21 21 21 21 21 21 21 21 21 21 21 41.2606929054 55.9634446415 55.9634446415 21 21 21 21 21 21 21 21 21 21 21 61.3409628154 61.3409628154 61.3409628154 21 21 21 21 21 21 21 21 21 21 21 21 66.8834337688 21 21
0 0 0 0 0 0 0 0 0 0 0 0 0 0 0 0 0 0 0 0 0 0 0 0 0 0 0 0 0 0 0 0 21 21 21 21 21 21 21 21 21 21 21 21 21 21 21 21 55.9634446415 55.9634446415 55.9634446415 21 21 21 21 21 21 21 21 21 21 21 48.5923315999 48.5923315999 48.5923315999 21 21 21 21 21 21 21 21 21 21 21 21 40.0864066663 21 21
0 0 0 0 0 0 0 0 0 0 0 0 0 0 0 0 0 0 0 0 0 0 0 0 0 0 0 0 0 0 0 0 21 21 21 21 21 21 21 21 21 21 21 21 21 21 21 21 21 21 21 21 21 21 21 21 21 21 21 21 21 21 45.360256159 45.360256159 45.360256159 21 21 21 21 21 21 21 21 21 21 21 52.2884560939 52.2884560939 21 21
0 0 0 0 0 0 0 0 0 0 0 0 0 0 0 0 0 0 0 0 0 0 0 0 0 0 0 0 0 0 0 0 0 21 21 21 21 21 21 21 21 21 21 21 21 21 21 21 21 21 21 21 21 21 21 21 21 56.1021305008 71.4281827438 21 21 21 48.5923315999 45.360256159 21 21 21 21 21 21 21 21 21 21 21 21 52.2884560939 52.2884560939 21 21
0 0 0 0 0 0 0 0 0 0 0 0 0 0 0 0 0 0 0 0 0 0 0 0 0 0 0 0 0 0 0 0 0 21 21 21 21 21 21 21 21 21 21 21 21 21 21 21 21 21 21 21 21 21 21 54.8470107388 56.1021305008 56.1021305008 56.1021305008 71.4281827438 21 59.3073596065 59.3073596065 59.3073596065 62.7376835066 21 21 21 21 21 21 21 21 21 21 21 21 52.2884560939 21 21
0 0 0 0 0 0 0 0 0 0 0 0 0 0 0 0 0 0 0 0 0 0 0 0 0 0 0 0 0 0 0 0 0 0 21 21 21 21 21 21 21 21 21 21 21 21 21 21 46.6216145227 46.6216145227 21 21 21 21 21 49.6612639192 49.6612639192 56.1021305008 21 21 21 59.3073596065 59.3073596065 59.3073596065 59.3073596065 21 21 21 21 21 21 21 21 21 21 21 21 21 21 21
0 0 0 0 0 0 0 0 0 0 0 0 0 0 0 0 0 0 0 0 0 0 0 0 0 0 0 0 0 0 0 0 0 0 0 21 21 21 21 21 21 46.7488012813 21 21 21 21 21 42.1180170961 46.6216145227 46.6216145227 21 21 21 21 21 49.6612639192 49.6612639192 49.6612639192 21 21 21 42.1480052087 42.1480052087 21 21 21 21 21 21 21 21 21 21 21 21 21 21 21 21 21
0 0 0 0 0 0 0 0 0 0 0 0 0 0 0 0 0 0 0 0 0 0 0 0 0 0 0 0 0 0 0 0 0 0 0 21 21 21 21 21 21 46.7488012813 46.7488012813 21 21 21 21 50.1849515204 42.1180170961 50.1849515204 21 21 21 21 21 21 21 61.2341366408 61.2341366408 21 21 42.1480052087 42.1480052087 42.1480052087 21 21 21 21 21 21 21 21 21 21 21 21 21 21 21 21
0 0 0 0 0 0 0 0 0 0 0 0 0 0 0 0 0 0 0 0 0 0 0 0 0 0 0 0 0 0 0 0 0 54.3448973111 38.7821816355 72.6117374139 42.1265189355 42.1265189355 21 21 46.6432344318 46.7488012813 46.7488012813 21 21 21 21 21 60.7005430741 56.4778365444 21 21 21 21 21 21 21 61.2341366408 42.587382413 42.587382413 52.7094546435 52.7094546435 52.7094546435 21 21 21 21 21 21 21 21 21 21 21 21 21 21 21 21 21
0 0 0 0 0 0 0 0 0 0 0 0 0 0 0 0 0 0 0 0 0 0 0 0 0 0 0 0 0 0 57.1518353551 38.0838197666 36.4137318541 34.633055363 35.9000872622 54.3448973111 42.1265189355 42.1265189355 59.4046720197 21 21 21 21 21 21 21 43.6046711201 43.6046711201 43.6046711201 21 21 21 21 21 21 21 21 21 21 40.4042200858 40.4042200858 52.7094546435 52.7094546435 21 21 21 21 21 21 21 21 21 21 21 21 21 21 21 21 21
0 0 0 0 0 0 0 0 0 0 0 0 0 0 0 0 0 0 0 0 0 0 0 0 0 0 0 0 54.5851266794 54.5851266794 43.4283721128 38.0838197666 33.7391558937 33.8002124424 37.7401845848 54.3448973111 52.0880979048 42.1265189355 21 21 21 21 21 21 21 21 43.6046711201 43.6046711201 43.6046711201 21 21 21 21 21 21 21 21 21 40.4042200858 40.4042200858 21 40.8983956862 40.8983956862 21 21 21 21 21 21 21 21 21 21 21 21 21 21 21 21 33.9049894189
0 0 0 0 0 0 0 0 0 0 0 0 0 0 0 0 0 0 0 0 0 0 0 0 0 40.3674955343 40.3674955343 55.1769757107 54.5851266794 43.4283721128 43.4283721128 38.0838197666 40.8142317248 35.3297247191 33.1567204731 54.7063549248 0 0 21 21 21 21 21 21 21 21 48.1130203654 48.1130203654 21 21 21 21 21 21 21 21 21 21 44.7881377699 58.6668374264 21 41.8323218594 21 21 21 21 21 21 21 21 21 21 21 21 21 21 21 21 21 21
0 0 0 0 0 0 0 0 0 0 0 0 0 0 0 0 0 0 0 0 0 0 0 0 0 40.3674955343 40.3674955343 40.3674955343 43.4283721128 54.5851266794 43.4283721128 51.8962545045 48.8378919018 55.145741716 0 0 0 0 21 21 21 21 21 21 21 21 48.1130203654 48.1130203654 21 21 21 21 21 79.8223386127 21 21 21 54.9168809115 44.7881377699 46.6112356922 46.6112356922 46.6112356922 21 21 21 21 21 21 21 21 21 21 21 21 21 21 21 21 21 21
0 0 0 0 0 0 0 0 0 0 0 0 0 0 0 0 0 0 0 0 0 0 0 0 0 48.7952647989 40.3674955343 55.1769757107 68.4228946082 65.3654410333 0 0 0 0 0 0 0 0 0 21 21 21 21 21 21 21 21 21 21 21 21 21 21 21 21 21 54.9168809115 54.9168809115 21 46.6112356922 46.6112356922 46.6112356922 21 21 21 21 21 21 21 21 21 21 21 21 21 21 21 21 21 21
0 0 0 0 0 0 0 0 0 0 0 0 0 0 0 0 0 0 0 0 0 0 0 0 0 0 0 0 0 0 0 0 0 0 0 0 0 0 0 0 21 21 21 21 21 21 21 21 21 21 21 21 21 21 79.8223386127 41.7617298373 21 54.9168809115 21 21 21 21 21 21 31.8040895642 21 21 21 21 21 21 21 21 21 21 21 21 21 21 21
0 0 0 0 0 0 0 0 0 0 0 0 0 0 0 0 0 0 0 0 0 0 0 0 0 0 0 0 0 0 0 0 0 0 0 0 0 0 0 0 0 21 21 21 21 21 21 21 21 21 21 21 21 21 21 21 21 21 21 21 21 21 21 21 31.8040895642 31.8040895642 31.8040895642 21 21 21 21 21 21 21 21 21 21 21 21 21
0 0 0 0 0 0 0 0 0 0 0 0 0 0 0 0 0 0 0 0 0 0 0 0 0 0 0 0 0 0 0 0 0 0 0 0 0 0 0 0 0 21 21 21 21 21 21 21 21 21 21 21 21 21 21 21 21 21 21 21 63.7282341834 21 21 21 31.8040895642 31.8040895642 21 21 21 21 21 21 21 21 21 21 21 21 21 21
0 0 0 0 0 0 0 0 0 0 0 0 0 0 0 0 0 0 0 0 0 0 0 0 0 0 0 0 0 0 0 0 0 0 0 0 0 0 0 0 0 0 21 21 21 21 21 21 21 21 21 21 21 21 21 21 21 21 21 63.7282341834 63.7282341834 63.7282341834 21 65.635905263 65.635905263 21 21 21 21 21 21 21 21 21 21 21 21 21 21 21
0 0 0 0 0 0 0 0 0 0 0 0 0 0 0 0 0 0 0 0 0 0 0 0 0 0 0 0 0 0 0 0 0 0 0 0 0 0 0 0 0 0 0 21 21 48.1651284218 48.1651284218 48.1651284218 21 21 21 21 21 21 21 21 21 21 56.3221039494 63.7282341834 63.7282341834 63.7282341834 65.635905263 65.635905263 65.635905263 21 21 21 21 21 21 21 21 21 21 21 21 21 21 21
0 0 0 0 0 0 0 0 0 0 0 0 0 0 0 0 0 0 0 0 0 0 0 0 0 0 0 0 0 0 0 0 0 0 0 0 0 0 0 0 0 0 0 21 21 70.4568396204 70.4568396204 21 21 21 21 21 21 21 21 21 21 56.3221039494 21 21 21 21 21 65.635905263 21 21 21 21 21 21 21 21 21 21 21 21 21 21 21 21
0 0 0 0 0 0 0 0 0 0 0 0 0 0 0 0 0 0 0 0 0 0 0 0 0 0 0 0 0 0 0 0 0 0 0 0 0 0 0 0 0 0 0 0 21 70.4568396204 70.4568396204 21 21 21 21 21 21 40.9259834426 40.9259834426 21 21 21 56.3221039494 21 21 21 21 21 21 21 21 21 21 21 21 21 21 21 21 21 21 21 21 21
0 0 0 0 0 0 0 0 0 0 0 0 0 0 0 0 0 0 0 0 0 0 0 0 0 0 0 0 0 0 0 0 0 0 0 0 0 0 0 0 0 0 0 0 21 43.4601561699 33.3598546633 33.3598546633 21 21 21 21 55.5096928221 40.9259834426 40.9259834426 21 21 21 21 21 21 21 21 21 37.63848661 21 21 21 21 21 21 21 21 21 21 21 21 21 21 21
0 0 0 0 0 0 0 0 0 0 0 0 0 0 0 0 0 0 0 0 0 0 0 0 0 0 0 0 0 0 0 0 0 0 0 0 0 0 0 0 0 0 0 0 21 33.3598546633 33.3598546633 33.3598546633 21 21 21 40.3252241243 55.5096928221 55.5096928221 21 21 21 21 21 21 21 21 21 21 21 21 21 21 21 21 21 21 21 21 21 21 21 21 21 21
0 0 0 0 0 0 0 0 0 0 0 0 0 0 0 0 0 0 0 0 0 0 0 0 0 0 0 0 0 0 0 0 0 0 0 0 0 0 0 0 0 0 0 0 0 21 21 21 21 21 50.2523824078 40.3252241243 55.5096928221 55.5096928221 21 21 21 21 21 21 21 21 21 21 21 21 69.5786873736 21 21 21 21 21 21 21 21 21 21 21 21 21
0 0 0 0 0 0 0 0 0 0 0 0 0 0 0 0 0 0 0 0 0 0 0 0 0 0 0 0 0 0 0 0 0 0 0 0 0 0 0 0 0 0 0 0 0 21 21 21 21 51.6109235599 21 40.3252241243 40.3252241243 40.4478478313 21 21 21 21 21 21 21 21 21 21 21 40.8424386014 21 21 21 21 21 21 21 21 21 21 21 21 21 21
0 0 0 0 0 0 0 0 0 0 0 0 0 0 0 0 0 0 0 0 0 0 0 0 0 0 0 0 0 0 0 0 0 0 0 0 0 0 0 0 0 0 0 0 0 21 51.1353652091 53.5590002182 21 50.2523824078 50.2523824078 50.2523824078 21 21 21 21 21 21 21 21 21 21 21 21 40.8424386014 21 21 21 21 21 21 21 21 21 21 21 21 21 21 21
0 0 0 0 0 0 0 0 0 0 0 0 0 0 0 0 0 0 0 0 0 0 0 0 0 0 0 0 0 0 0 0 0 0 0 0 0 0 0 0 0 0 0 51.7769958375 40.5378980459 40.5378980459 53.5590002182 53.5590002182 21 21 62.5682607923 21 21 21 21 21 21 21 21 21 21 21 21 21 21 21 21 21 21 21 21 21 21 21 21 21 21 21 21 21
0 0 0 0 0 0 0 0 0 0 0 0 0 0 0 0 0 0 0 0 0 0 0 0 0 0 0 0 0 0 0 0 0 0 0 0 0 0 0 0 0 53.5590002182 54.8833646946 53.5590002182 40.5378980459 40.5378980459 40.5378980459 53.5590002182 43.6057756133 21 21 21 21 21 21 21 21 21 21 21 21 21 21 21 21 55.5726613743 55.5726613743 21 21 21 21 21 21 21 21 21 21 21 21 21
0 0 0 0 0 0 0 0 0 0 0 0 0 0 0 0 0 0 0 0 0 0 0 0 0 0 0 0 0 0 0 0 0 0 0 0 0 0 0 41.150075614 51.7886040056 51.7886040056 41.6389709557 53.5590002182 53.5590002182 40.5378980459 51.1353652091 44.2277791588 21 55.3849118956 21 21 21 21 21 21 21 21 21 21 21 21 21 21 55.5726613743 55.5726613743 55.5726613743 55.5726613743 21 21 21 21 21 21 21 21 21 21 21 21
0 0 0 0 0 0 0 0 0 0 0 0 0 0 0 0 0 0 0 0 0 0 0 0 0 0 0 0 0 0 0 0 0 0 0 0 0 0 48.6314742538 41.150075614 51.7886040056 51.7886040056 41.6389709557 54.8833646946 43.6057756133 0 0 63.2558852277 21 21 21 21 21 21 21 21 21 21 21 21 21 21 21 21 21 63.6403617586 21 21 21 21 21 21 21 21 21 21 21 21 21 21
