Spatial_Output/BAU/BAU_1373.asc
NCOLS 155
NROWS 192
XLLCORNER 196307.867259
YLLCORNER 449144.565805
CELLSIZE 33.573938
NODATA_VALUE NaN
[rows 25 to 49 of 192, columns 56 to 111 of 155]
33.8846127713 33.4278622762 33.3144173995 33.434000736 65.7833705717 65.7833705717 65.7833705717 34.3733615541 34.0603085887 50.6476046057 50.6476046057 50.6476046057 33.3425251343 33.3834574661 33.9533842185 34.0307440921 34.3218363361 33.3628009541 34.4133550408 33.6401296535 33.7202960019 33.8481325246 34.1679669477 33.8119959578 33.1802862938 0 0 0 0 0 0 0 0 0 0 0 0 0 0 0 0 34.2116902507 33.3441612066 34.2086469244 33.6086172474 33.7452347474 33.6907428871 33.4720493327 33.7835982668 33.4078504362 33.7483207058 34.1492128437 33.0367697466 33.0894497277 34.2371748534 33.5246894587
33.3820828997 34.057002681 33.0957067465 33.7842925496 65.7833705717 65.7833705717 34.3170352857 33.2820857642 49.2416122873 50.6476046057 50.6476046057 78.360946511 78.360946511 33.8293966318 33.5182543699 33.8700029521 33.778054184 34.050681754 33.9221274324 33.114411708 33.4094546259 33.1758955345 33.7041855575 33.8728399615 33.8138203581 33.7832332422 34.2043743266 0 0 0 0 0 33.1726794422 33.9844480359 34.1065370293 34.0542993208 33.3372731872 0 0 0 0 34.0443967969 33.950506024 33.6100737335 33.6691951789 33.9245296015 33.2683351135 33.710513804 34.2188945358 33.3671660533 34.336689061 33.0574686598 33.8169792685 33.1527401644 33.1562810169 33.6241516327
33.9882721659 34.393169738 33.7894709644 33.7522081024 33.7129354484 33.5000458297 82.2934647288 82.2934647288 74.4629636099 74.4629636099 78.360946511 78.360946511 34.3518301943 33.9031075129 33.7124095588 33.5568777563 33.8018957968 33.2332517521 34.3769146433 33.0663055989 34.2245431103 33.9186160104 33.3189787359 34.2791702377 33.7981869317 33.9427876569 33.4660096733 33.6969768581 33.4521178737 33.0460743434 33.059989357 33.1479433199 33.2707488646 33.9075712895 33.9846999296 34.1032821929 33.1801363504 34.1436021151 34.210814503 0 33.0195639922 34.171747144 33.089096803 34.1516075266 34.1340865039 33.6256831396 33.2741177457 33.5680645614 33.4505496913 34.3702178297 33.3435294704 33.3622512057 33.6549403189 34.0368806196 33.6501382995 33.0055348321
34.3304830003 34.0020133332 34.2378339217 33.4898245395 62.9737826267 62.9737826267 82.2934647288 74.4629636099 74.4629636099 74.4629636099 33.7213112688 33.6552197192 33.7736697233 33.6655680301 33.3475734062 33.4942491512 33.5056168503 34.1591911926 33.1148995204 34.0733931477 34.1718110217 34.2351359584 33.4666075686 34.0963452643 34.2643979208 33.7284347791 34.110208322 33.5774165653 33.7648382202 33.0893341174 34.1243496477 33.6403582041 33.3355774991 33.9839336224 33.4870495809 34.4042593434 34.3139831005 33.4109244365 33.9260801156 33.7723042371 33.9210306941 33.7159632519 33.9868581634 34.0617545755 34.3676473424 33.1085660079 33.7757089729 33.3883500902 34.1046473596 33.8450475543 33.3711602599 33.6653768278 33.5427941974 34.1922969212 33.8431396134 33.4332564856
34.2423274421 33.3418096492 33.7212165266 33.5463954334 33.8557446343 62.9737826267 51.5891865703 33.7526424455 34.2349940018 74.4629636099 33.699749677 50.1024872108 33.4134551177 33.4440084033 33.7515930589 33.3451893039 34.3639516924 33.3114289989 34.0898165075 33.4334456957 33.6855018321 33.3844470607 33.6943155216 33.1366605581 33.9501410832 34.189887772 33.4169481412 33.9923855274 34.1321116583 34.1323745283 33.4538786729 33.3003065148 34.0102335733 33.5268107665 34.2040294867 34.3824434172 34.2713405581 33.8094153236 33.8689686485 33.2766072913 33.8076968168 34.2320276091 33.3019748428 33.6819504061 33.3748104315 33.7350379815 33.4496316652 33.2274169648 34.1154350575 34.0967674686 33.4700573282 33.4665119497 33.5300383503 33.2027540282 33.9305381574 33.5919528522
33.65945381 33.1540311966 33.2958554557 33.0039584605 51.5891865703 52.9334656519 52.9334656519 33.8810168914 33.3676791792 33.5442522053 33.2478538074 50.1024872108 34.1680923202 34.3632451381 33.6451958668 34.2943953714 33.8242956261 33.4801731296 33.9604608599 33.1583403586 34.0529091908 34.3238369717 34.2320665421 33.5860333047 33.8670815263 33.3848821389 33.757422664 33.5920289729 33.2920094967 33.3354628243 33.6091930962 34.2070170444 34.4075752311 34.2031280314 33.256340904 33.6734424766 33.5374530808 33.7064242572 33.5300636975 33.500709867 34.1358483081 33.6034376325 33.2848239235 33.7959191955 33.9215106832 33.8832253047 33.203285166 34.3358236492 33.3260337462 33.6636682919 34.0448088691 33.8921039405 33.3555657117 33.5402982542 33.3190854209 34.202462784
33.5667174821 33.161470786 33.103593487 33.4948003528 33.3150891811 33.9443538929 48.0860285893 48.0860285893 71.5636009026 33.1149117813 33.2777284327 33.4913798221 33.8191611395 33.9800666489 33.062421514 33.1835232481 33.6180788352 33.8629193607 33.1817586084 33.0734945329 34.3031174667 33.8497918734 33.3777955444 33.6417596107 34.1940390887 33.2572924076 34.1060630991 33.2981951304 33.1694677346 33.1630466978 33.426628298 33.7487269918 33.3604153838 33.8679211417 33.3600603938 33.7084654652 33.7278518603 33.832002743 34.0022749203 34.3851341585 33.2112229926 33.7873979272 34.1000105288 34.2834808149 34.1160743781 33.5457561307 33.4071144648 33.2940029426 33.5532935907 34.1711914995 33.7378554337 33.5950826528 33.8997292247 34.2942887748 33.6162239163 33.065164479
34.1524589012 33.1326570934 33.3164166969 33.0260226702 33.6394965083 48.0860285893 48.0860285893 48.0860285893 34.3340750309 34.0999572905 33.8169685608 33.1447106245 33.8474031057 33.3551269111 33.1642240212 33.9544981588 34.2659834753 33.5485124807 33.939972432 33.758684158 34.0444363653 34.2300582743 33.461489587 33.3981128405 33.6706099009 34.2761157118 34.3104808679 34.3697433339 33.0138764483 33.931857663 33.0501878982 33.8107385319 33.4811471873 34.1033524906 33.7380749496 34.4079975799 33.4679168681 33.2465137283 33.9633745446 34.3727091297 33.0579681135 34.1024938482 34.1128371978 33.2011039488 34.0366371062 33.5883084949 34.3604385214 33.8596709819 33.2312962704 33.7866689885 34.1241275854 33.4809167378 33.3187941073 34.1065301388 33.9798074325 33.8381127848
34.0121070188 33.5925683904 33.4532763052 34.2289868171 34.2627272271 33.6508354263 33.3005507635 34.2387729867 33.3840659913 33.5389526223 34.2647286069 33.8590010297 34.2747205898 33.8081238715 34.3634568006 33.3056526058 34.0796613709 34.0548133041 33.8389441359 33.4387953877 33.8133128652 33.4479008004 34.0349755834 33.0938300286 34.3570725822 33.7220892405 33.5542067711 33.4078451119 34.093626289 33.4059175217 34.1487421181 33.973141246 33.1424661329 34.1767838061 33.7553239888 33.7418863771 34.3621388053 33.4002770941 33.8013386837 33.061448442 34.016953935 33.7950142707 33.9906393737 34.3455396243 34.1456864677 34.0900279446 33.445779492 33.5040530474 33.5733626509 33.3089291691 33.4284585495 34.0758918538 33.9463916154 34.1876933642 33.9651438321 33.4489064477
33.497019471 33.447670391 34.0068589682 33.9560647386 34.0249865348 33.0814679619 34.3667884506 33.4603198568 33.1804710183 68.5878878838 34.1802901826 34.0846794137 33.2088152338 34.3391183829 34.3004021942 34.0276486978 33.1180056945 34.2155926376 33.5630412474 33.7336558858 33.0296572764 34.2587592779 33.6242564294 33.5915524852 33.6521293568 33.5894857767 33.5241036007 34.3129410479 33.5989016304 34.3558649093 33.9433622175 34.1041416642 34.0332507011 33.8314781897 34.1458862683 33.4634270297 33.2117939758 33.3102747415 33.9970576275 33.9070610572 34.146013652 33.548714621 34.2237065652 33.4811074721 33.8496160326 34.1570928086 33.2528141903 33.5194337004 33.9295604304 33.5272698418 33.1906274771 33.5112358495 33.8487547811 34.0029187746 33.3034890703 33.2506169821
33.4126114942 33.5906457046 33.5030959923 33.8635882054 33.1714233386 33.4553435639 34.0044639781 52.4818329519 59.6137203829 34.0533281135 33.5891422435 33.5296337197 33.7898101944 33.163359755 34.1144558519 33.1880756213 33.4735686869 33.2734479382 33.2979494745 34.3975588058 33.1232966315 34.0008220825 34.2323856666 33.1088780246 33.2697788134 33.0612799452 34.0584778248 33.8953007801 33.9257234612 33.5898259953 33.6463233293 33.4342516618 33.3403282155 34.3758989914 34.0253034266 34.0514459138 34.1355582965 33.3283370949 33.4240096365 33.5726593139 33.4900949924 33.102773457 34.052629447 33.0506791187 33.8412635228 34.267580697 33.1366461604 34.0427161844 34.2480217745 34.3227156224 33.1038934832 33.6524418473 33.3732669166 33.9015755499 33.3621975316 34.2177873936
33.5611644534 33.100907845 33.8717543008 33.3531698437 33.8570581707 33.6426240793 59.6137203829 52.4818329519 52.4818329519 33.174408583 33.0829909096 33.5601976153 34.4062726454 33.1387576304 34.1185847797 33.900383815 33.6331693625 33.7543458046 33.4349304329 33.7317257191 33.7922774097 33.9704246157 33.2779206375 33.705670134 33.4721883537 34.3419542843 34.3717478042 34.3361227249 34.3972034902 33.7232566629 34.4103907252 33.9827401882 34.2794310725 33.5753299649 33.1221798829 33.2294955814 33.0414545513 33.5181771855 33.4160944706 33.3838213391 33.3020351484 33.2232822175 33.5539150416 34.1474089479 33.8950368871 33.3973328339 34.0113306115 33.4295145972 33.747205323 34.2284497809 33.5977210223 33.2658235132 34.0699148572 33.0171679606 33.1436184582 33.6819186922
33.4783862925 33.392072948 34.1232371478 34.1757812478 34.397404799 60.2173487438 33.8683351452 52.4818329519 52.4818329519 34.3199363914 33.2035547913 33.0074155988 33.9881770707 33.8159169259 33.548631674 33.339641739 33.4019208196 33.1808248926 34.2600762618 33.9968779293 33.6035114908 33.0761627397 33.2206279646 34.315345439 34.3196655335 33.9726107872 33.471829457 33.72018019 34.1558564372 33.6407477708 33.0726949604 33.4948687228 33.5508977236 33.0250213377 34.1159549353 33.7728640461 34.0661927131 34.220547915 34.2000342077 33.7845846325 34.0301620161 33.0589182 33.3809722763 33.1076319177 33.3101802162 34.3749478776 34.0169728019 33.2481136042 33.866951602 34.2691343726 33.4672387135 33.6558153981 33.7068482228 33.2311758061 33.3072035987 33.1329146333
33.0699339272 34.1538359425 33.9543472131 34.294859961 57.5780815498 57.5780815498 61.9194528553 33.1990301191 34.181801457 34.0365477176 33.992495514 34.0199556331 33.1904409682 33.5380940227 34.29144211 33.8843837852 33.2530801674 34.1962016912 33.7125409486 33.7506291693 33.9637527755 33.1610958631 33.2120830189 33.4962629289 34.2606752875 33.0773505086 34.3297626539 34.1635002761 33.7033607072 34.223040177 33.8102043954 33.3703637392 34.2821654219 33.2538725887 34.0285724779 34.2173215455 33.6129021929 34.0620277589 34.3013099841 34.0437833784 33.8120288044 34.127336275 33.8230866193 33.1126805929 33.6653057247 34.3422067242 33.6616313384 33.6666991101 33.3301214595 33.9845445102 33.275707485 33.3518890006 33.8683628472 33.3277711591 33.2813664053 33.6795888635
33.1941927281 33.5136334181 34.0246939853 34.3869214362 57.5780815498 57.5780815498 57.5780815498 33.8835879407 33.1066538711 83.9510681794 33.0672489026 33.011812365 33.7741329121 33.7443539313 33.6038874684 33.1820767438 33.638791368 33.137446333 33.5734694292 33.442605684 33.8760474545 33.6402549218 33.890239529 34.1413132594 33.1192009987 33.9705667995 34.1764050914 33.955581081 33.7099956267 33.7372166438 34.1851433366 33.0301137626 33.5906283275 33.5930678299 33.2881875311 33.4960512893 34.4079307705 33.3890133314 33.585664789 34.1893959393 33.1682991058 33.4102423049 33.1700892889 34.1435616755 34.2710183754 33.1964069459 33.8130338794 33.4029967623 33.509072226 33.6534936801 33.4939530286 34.1569623809 33.0063974938 34.3836430184 34.0407630933 34.2687534651
34.2659863554 34.375138793 33.6755767105 33.4161422087 34.4014677387 75.0430820938 34.2792787555 34.2568336461 45.9072712786 83.9510681794 33.852782325 33.6823834072 67.8234875284 33.5437931102 33.4243049952 34.0985051735 33.0202941285 33.342531788 33.7434672286 33.6217605156 34.0146413401 34.1364025277 34.0707253043 33.9841933111 33.6998531463 34.3000773326 33.7994640657 33.7642522712 34.0314136074 33.8481804028 33.6405675858 33.3783019224 34.1693442436 33.0776173314 33.9653458979 33.9932680048 34.2745049216 33.9930695906 33.6435671534 34.3127082371 33.6783860304 34.4051136997 34.2019455922 34.1252508696 34.1571788036 33.8205657678 33.7260001225 33.5208081285 34.0320107418 34.0650242815 33.4126073528 33.7665551268 33.2215353738 33.0495520238 33.0963791331 33.5880239284
33.2296829772 33.0561566655 33.0019021127 33.3714436805 33.8981042153 59.0259220478 59.0259220478 33.5886045613 83.9510681794 83.9510681794 83.9510681794 67.8234875284 67.8234875284 33.2351336561 34.1663366658 33.1848437316 33.2549986845 33.5515639403 33.8878114353 33.4176311021 34.3546749372 34.1890723129 33.7312968088 33.1856729302 33.9539675748 33.0514625884 33.8100824857 33.0355972849 33.2351610227 34.3665025415 34.1447082513 34.3273255884 34.3433200358 33.7619720972 33.8705493737 34.3698661019 34.2624978121 33.2122774726 34.3642461594 33.170566764 34.0551824849 33.0042639641 33.0698940817 34.1046380673 33.1355417424 34.390496638 34.2835010294 33.3962704554 33.4025204087 33.4754485038 34.3017736524 33.0065563486 33.348379971 33.3534413447 34.0502129857 33.8796317801
33.9078918352 34.2056670178 33.5488403252 33.9659225176 79.9041413085 59.0259220478 59.0259220478 59.0259220478 33.6247655014 62.1736891881 70.4332355428 67.8234875284 34.031764073 33.7353272098 34.1896079059 33.5739694284 33.8237203046 33.7598811577 33.5095627564 34.005662291 33.1830950306 34.0496717214 33.4169340377 34.1897800024 34.4018889344 33.726232263 33.3137234038 33.0644031327 34.0206355562 33.9455148679 34.3557720716 33.1118871931 34.0460399043 34.3406090436 34.3127993717 33.4368123748 33.6420111613 33.4422686585 33.2148002343 34.2025935375 33.6192848468 34.3799057232 33.8405313117 33.7122586804 34.1407733298 33.8032505321 34.3929976025 33.5141511913 33.7253438252 33.8063322915 33.9611858662 33.1637875741 33.5467497839 34.4022488342 33.9747772204 33.6116031273
33.6075798941 33.3096306426 34.3224258702 33.6615690725 33.1974236553 49.9653370672 33.1151287455 33.5311301478 34.4076248511 61.7993014275 70.4332355428 50.8496236698 50.8496236698 59.8193595539 59.8193595539 83.8539447675 34.2128548932 33.0352405757 33.4386204797 33.0988094788 33.0192151697 33.6415556735 34.068330771 34.121766729 33.594722398 33.0245364575 33.2839316945 33.0272771369 33.7584827064 33.8747586233 33.7650725334 34.1291883568 33.2137541938 33.6347797804 34.0332635445 33.5563529051 33.1317618897 33.3422153674 34.2941046388 33.7961318735 33.4747634388 34.0697991464 33.9797391838 33.1543320712 33.9420650946 33.043515023 34.1236082815 34.2437970567 34.1440528474 33.2626106817 33.1301194188 33.853514496 33.0006878263 33.5673170043 33.6128863996 33.2074203506
33.8633403795 33.1883636787 33.4658332533 33.9612742922 34.0703463488 33.603678409 33.4910207158 33.8315708775 33.6413589844 33.7492482496 70.4332355428 50.8496236698 50.8496236698 59.8193595539 59.8193595539 83.8539447675 56.1844625454 56.1844625454 33.8492080416 34.0393526443 33.3844833032 33.7989659102 34.1069828188 34.1643280834 33.7503209516 33.0036336251 33.2560078095 33.4397596718 34.0929081698 33.2302116534 33.3581636572 34.0242674984 33.4794716002 33.0150693268 34.0997558727 33.6717519903 33.8748305158 33.7154490204 33.6488344729 33.7065278154 34.1364563614 33.119594694 34.3035091342 33.3120131196 33.7692949799 34.0035913654 33.8269681477 34.3910986908 33.2917347097 34.1826778132 33.7731502801 33.5716393001 34.3963261556 34.284601317 33.8140023709 33.7538200746
33.5584562491 33.602042519 33.1493915801 33.8645858815 33.7351232056 34.2832677748 34.3740416102 34.3095001819 33.4092649788 33.3748828138 33.3582831223 33.1399495138 71.5274334142 33.5150815975 83.8539447675 33.3569754506 56.1844625454 56.1844625454 34.3195103429 33.007313824 33.985619888 33.832550843 33.332599297 33.6327620425 33.1888357487 34.2369084042 33.038370413 33.3817726997 34.1785227923 34.1433754595 33.6062147274 33.2237648035 34.3028796924 34.085991393 34.1983297186 33.2461611223 33.0346958465 33.6839581669 34.2952480709 34.2970817767 33.5808323658 34.0583349745 34.0755602829 33.8152867174 34.1481421553 33.6574764053 33.8109504453 34.1056278988 33.2756218407 33.3658087464 34.3093359569 33.0123192288 34.4063682939 33.1957672803 33.1116269966 34.0468546593
33.1963873084 33.990525056 33.069625935 34.0553663059 33.2531546036 33.860004099 33.693288141 33.7307825632 34.0265947529 33.0911277918 33.6214091174 33.6453882454 34.3882638056 33.6741349703 33.4058722975 33.125074256 56.1844625454 34.2239789485 34.3271078026 33.9744593168 33.8410682421 34.4044368329 34.2590718648 33.6728472282 33.1964480129 33.38712951 33.1032773393 33.7545892753 33.6988838498 34.0385607222 33.5814201 33.6950246197 34.1713834622 33.8123574801 33.6700960853 34.070728128 33.2822451275 33.1736253501 33.6234617135 33.7429516801 33.1895005978 33.5408699674 33.5642002779 33.8302604694 33.8289514802 34.3831774237 34.061523983 33.9475023369 34.3010678273 33.9391410626 34.2699954949 34.3874517777 33.1373024145 33.374226555 33.2210556134 33.8927672894
33.8265041283 34.0318527126 34.3810480605 33.9675669432 33.4053038088 54.0393519017 54.0393519017 54.0393519017 34.3555495974 33.6806319953 33.6820773162 34.3764770861 33.4925033071 33.6036456884 57.5736720087 57.5736720087 65.8301895517 33.3890650961 33.7132016141 33.6942274448 33.2192923341 34.1276046343 34.085534602 33.3717961255 33.9122133233 34.3631597156 34.2221966824 33.2995456489 33.6297028445 33.9587955648 33.2829501142 33.1816318797 33.217482674 34.1987728638 34.0379466211 34.2016204973 33.8950670083 33.4063804418 33.0050121925 33.2424382615 33.9286404093 34.3888117922 33.5899218713 33.2586279984 33.0091662975 34.1923172247 33.7355358279 33.6336069927 33.3994132936 33.55313275 33.0027427978 33.3452396961 34.2454377664 33.9322251525 33.7798270777 78.1033328855
33.3405578997 33.4820296307 33.1047863468 33.4078226635 33.3132354155 54.4997609547 54.0393519017 54.4997609547 34.4125416339 34.3026882061 33.2336403328 33.6530180588 33.1534306471 33.5015863826 57.5736720087 57.5736720087 34.0037043187 34.3518580393 33.6456761747 34.3211059034 34.0469664193 34.1269100429 33.0477783413 33.124464531 34.40952141 33.2411290168 34.2148449439 33.671359313 33.2610223583 33.7612997377 34.0163548213 33.803130703 33.4245527008 33.400057082 33.9112586698 33.8108686317 34.2857355521 33.0259616541 33.1533082155 33.7374156411 34.073334217 33.2493350651 34.2546442015 34.1982837154 33.1984237227 33.7230993364 34.2899484177 34.399249472 33.2421829326 34.1062398532 33.6288846388 33.704528579 33.6397757515 33.486294537 59.7834742658 59.7834742658
33.3838382653 33.998536991 33.4440432362 34.0559265472 33.9339530715 33.0480346616 33.8942603732 33.3893287098 33.330958611 33.3221956721 33.5913674448 34.1244165722 33.694287737 34.1334032762 33.2966623373 33.8620849235 33.899752599 33.5450447799 33.8392866557 33.1968075288 33.0176863198 33.8082742578 33.9931549238 33.3308254861 33.0340987164 34.286040067 33.1711264839 33.0504255577 33.866147762 33.9256261302 33.6360081345 33.5811555719 33.4300202351 33.6581392773 33.6119661226 33.718970459 33.9665314198 33.0742296274 33.0424254031 33.3695518664 33.142646686 33.5685265515 33.1784283253 33.5498039898 33.4949086337 33.4728209997 33.2680091315 33.7780623011 33.3266767902 33.4780461605 34.3979285676 33.280467096 33.3795688794 33.4402313777 33.586279117 59.7834742658
