Spatial_Output/BAU/BAU_0737.asc
NCOLS 155
NROWS 192
XLLCORNER 196769.923733
YLLCORNER 449719.875193
CELLSIZE 27.603701
NODATA_VALUE NaN
[rows 46 to 68 of 192, columns 53 to 105 of 155]
49.9381481329 49.9381481329 23.2834871497 26.4328373526 25.4220175168 42.2489032353 26.813029152 25.870092135 25.8839796405 26.596500699 23.9381926109 26.7187261053 26.9736201514 24.2572732016 24.0736236798 25.9844997221 55.9985060217 26.8637767152 24.6537181432 24.1925584764 24.5383135973 25.5018959488 26.3455237058 25.8390960845 24.6811565818 25.827149701 24.8995939708 24.0565451013 23.4078370881 26.9135851565 23.2337363926 23.5883289161 23.0344090345 27.2047620327 25.5414891699 25.5387575543 23.0555933097 23.7399450628 23.1660827944 26.0731854072 26.997742193 26.1964044359 27.183285344 25.1115385957 23.8914429602 23.5400226028 24.3465469145 27.1972944403 24.8937683313 24.5559986607 23.7648919914 23.9955306478 26.3064398197
58.580402151 58.580402151 26.5700924274 24.5836812536 25.2567540128 42.2489032353 42.2489032353 42.2489032353 25.4123912594 25.2434910718 24.3407400545 25.0883739612 26.3788385433 26.1941749437 25.7341215169 47.0261182231 47.0261182231 47.0261182231 27.0087096257 23.2175575721 26.1849139207 23.6910380646 25.5414481033 25.6157097466 23.5589678332 24.3349667891 26.604373914 23.4894300263 25.0413848634 23.6743579168 25.6181115269 26.1094959773 23.2109464668 26.5203432033 24.0350125374 24.5528035876 23.8164634922 23.0476201344 23.4750232119 23.3122399496 23.6299114887 25.1799169737 23.3478366456 25.5999757134 25.5811974194 24.06757949 23.3704003266 27.1601278194 24.7394968184 24.0558424074 23.4733977413 26.9562215784 26.083703802
58.580402151 58.580402151 26.4584479988 26.5965871021 24.8021479 61.8968073922 61.8968073922 23.4348661865 25.3296894393 26.6835143671 23.1415640268 24.9329616153 24.1207488 23.3245669746 26.6308673807 65.2576092538 65.2576092538 65.2576092538 25.3073723588 25.1936046616 26.8149157876 24.0238939854 25.2266823634 26.070117371 24.1722341431 24.0494497816 24.430549207 27.1964704275 24.503982377 27.1309804501 27.2083728135 25.7030675049 27.14944026 25.2171568773 23.8102908574 26.8968344575 23.8561535024 26.800812106 24.3495112286 26.8638447062 24.7974865012 23.473225571 25.6705377475 23.5767100927 23.2979821633 23.1139594316 24.6295173496 26.6552499262 26.0773630434 26.9298320471 25.067776703 24.773089358 24.9331047079
26.8444065506 53.5108856136 23.7869818478 24.5534840067 25.7536021581 72.4521924221 24.3803232097 72.4521924221 25.6318404316 25.7178624787 25.3621229115 23.2165502245 25.7411580625 26.912997145 24.0996234931 47.3373915101 47.3373915101 27.0068403615 25.4110585574 26.8160703787 25.499848375 24.0940000613 23.9741440343 24.939511758 24.4490560017 26.4966285002 24.4644146901 25.7828125385 26.4352324154 23.6600314918 27.0293979769 24.2614416672 25.1526169984 24.4665686925 24.5365944404 26.9576169688 24.7730012731 26.3579302044 23.6630299134 23.9059356354 26.1457484696 24.2257982303 26.594507582 25.410848447 26.4893917147 24.8353560848 24.6594541302 25.5561941293 23.6866045323 27.0211234249 26.6799574454 23.8355249743 26.5154643365
69.2073935877 69.2073935877 25.898933116 62.4542259989 62.4542259989 62.4542259989 59.3079741117 27.2083615429 25.5858804808 25.9873732452 26.4693972211 25.2710053407 26.418488196 26.1973589867 23.7897223265 48.5064738034 48.5064738034 48.5064738034 24.5356154414 26.913847916 26.9911382294 27.0489469072 26.3061232287 25.9278051863 25.033913221 26.4703082664 26.8134766449 25.5557542766 27.1909942065 26.8025045722 23.4662747091 23.5347503576 24.9487492488 23.8288590573 23.8579554684 24.9388000774 25.9856698756 23.4027030047 25.6281024816 24.8538467382 25.6628991802 23.1185769436 25.0175024174 23.171820583 27.2154828511 23.1187502258 23.5499991646 24.2620877464 23.3060472042 25.9098059364 23.5599654504 24.961120329 24.4225961319
37.6436602628 49.0179458824 23.9023739998 48.2629399545 62.4542259989 62.4542259989 59.3079741117 24.3428697963 25.0935485552 25.1867746445 25.4367802269 26.739240248 23.2480932037 23.4591452087 23.8978112537 41.4906206118 48.5064738034 41.4906206118 24.120505797 23.0952487439 25.3920644464 24.2168231972 26.6502554256 23.8308731525 26.7408770388 24.4087851288 24.9278481858 23.5731844181 24.9921021243 25.1901995925 24.5226249251 24.8829354957 24.7182714501 24.3378331443 23.3532405123 25.2983809692 26.0276386987 23.0072668652 25.1441863205 25.296535021 24.3300827932 27.23762338 24.9746461509 26.6874381309 27.079896182 26.6978670211 24.4066310556 26.12774122 23.2249201121 25.4870533489 23.7169107804 26.7612438496 25.0417109657
56.9314477013 56.9314477013 53.5502375663 48.2629399545 48.2629399545 23.5839808807 26.7071038463 24.5221287654 23.8040756699 24.9071705767 24.6820932928 26.1888376755 23.5025969887 25.0273466305 26.8128287477 77.0002160526 77.0002160526 77.0002160526 26.0474605301 24.7027240035 24.839990714 23.6331682328 23.1303503768 25.5044271786 23.9958608453 25.5771367705 26.2582282769 25.8645905788 26.2461384613 23.2772973074 24.8365800326 25.2748725588 26.3966655371 26.1465849129 25.0355212842 24.1094526187 25.7939287918 27.0280962083 25.747810588 24.031182248 27.039861719 23.9786456004 24.7298713957 23.9252632241 23.6124680478 26.0304161715 25.2787471348 23.123386297 26.9302599932 26.1454800561 24.5885335253 24.915798035 26.4012103814
56.9314477013 56.9314477013 41.0811479201 41.0811479201 48.2629399545 26.2092985869 24.0568689187 25.0443888604 26.4409263061 24.6593445422 26.4373271814 25.1341573797 23.912281404 27.1104002786 23.4968919864 85.6399192491 85.6399192491 85.6399192491 24.2464504133 23.7228205916 23.2027288022 26.5923539348 23.5499730274 23.7291027622 25.1469185114 26.6943006211 25.6601848271 26.7283378736 26.9015983768 23.0845882036 24.8300873577 26.3178626781 25.753046631 23.186931021 25.2804427345 23.986818938 26.4446369605 25.1117664186 25.5469363473 26.8412725261 25.1500795228 24.9945534429 25.7608574802 23.136492652 23.9940806358 24.5455114096 25.8344878516 25.2399563354 25.309002514 24.4804130379 24.8850543012 25.1346729186 24.0797380317
41.4846407208 41.4846407208 41.0811479201 41.0811479201 24.2272554877 26.2304183592 27.1463843471 24.9719469898 24.3516969784 23.0757639708 27.1871608861 23.1306767361 24.3549941302 26.3460907618 26.2456970088 85.6399192491 85.6399192491 24.7820322262 26.2790451766 25.3950353475 25.5770175099 23.0740780844 26.378807818 24.1432762371 23.4756099426 26.2701080844 24.3450250213 23.157224984 23.5293728121 23.0944424495 25.9227077451 23.8117733177 26.4924412888 24.5380084291 24.9345505782 23.3326347042 26.6827390895 23.3305172255 24.8841206855 23.3039787059 26.1201711987 26.7104992199 26.4576863785 23.197485375 25.6416974571 24.8212383595 25.0752257022 23.2615854307 23.8767203933 26.1054387669 23.2543438435 25.2660680481 25.663391903
41.4846407208 41.4846407208 71.0520658867 74.7753403552 26.0723517581 23.7194279115 23.3271570645 23.8134841062 26.7037179871 26.0275799393 27.0607766302 25.4391137012 26.5907655438 25.1287104966 24.7091394476 26.01295955 84.6265467358 84.6265467358 26.3318030661 23.0874582252 26.5782773332 25.5444244292 26.377175671 25.4334052479 23.0842908169 25.6682518561 26.4736272455 25.4992672821 26.9793470264 25.7480334212 24.7563107811 25.0966995301 25.412895667 23.6019679982 25.1879645777 24.5038453756 23.7374048326 24.0709393367 25.3091357465 23.227484483 24.7794586937 25.0273142314 24.1819543871 26.8365300339 26.4734519138 25.9269815181 24.4641741359 26.9709625156 27.0330629662 26.9362189919 23.0668748747 23.9548552165 23.6476904349
25.0918526248 25.635539523 24.7732635278 26.351288688 25.5767398512 24.9338642199 24.1043084178 25.0055281503 24.1700313957 23.0064110648 23.2959249499 23.3657667995 24.9038080445 24.6400166072 23.7944047921 23.2438675523 27.1764438524 26.0028274355 25.6361675379 26.6326173765 23.9583080044 27.1126929288 23.5753189938 24.274716281 26.3948988294 23.4756671954 24.1974647437 25.987544353 24.5790834545 26.6743693881 23.7499170471 23.9276482587 23.0458992484 23.8434962543 25.4005391441 26.6156518784 25.659514763 26.830472678 24.0714982332 23.0467083603 23.4580350281 26.9214287718 24.2467793237 25.5682932337 24.4995295475 23.4638207003 26.052526774 26.1576476258 26.104685829 26.8848714011 25.10858907 24.235597875 25.0177600027
45.1854702675 45.1854702675 25.6252791585 26.1788712118 25.5296743047 26.4793711302 23.5019969161 27.1173369306 23.7438910003 25.8179507092 24.03578054 26.3951063084 25.8280306189 24.8469814579 24.9616092984 25.9013691044 26.0573051458 50.6039595712 25.5261690539 24.4434662787 27.2376488972 24.85679076 26.0681802718 23.9157946605 24.5049453582 24.0003168426 23.4488045027 27.1859469476 23.9622973463 23.7046063016 24.5279081031 23.214597484 23.9350828101 24.4713110164 23.9331275024 26.0855875017 24.9392989914 25.8381989083 23.5100434165 24.9263548259 25.5031093456 25.1351341162 24.8217499986 25.6504692834 24.7374876908 24.5281997779 23.5160717676 26.8138250279 25.1492100676 24.9181207075 25.1529610686 23.5889963672 24.034843938
45.1854702675 43.9401985078 43.9401985078 54.4830462133 24.3206879227 41.8695073343 76.6853009042 76.6853009042 76.6853009042 26.4467746491 24.8204951597 23.7549614165 23.5022457654 23.6734791899 24.300012098 25.7379719471 26.1829738074 26.5175271959 26.4958847119 26.6773676297 24.3193033518 25.6669325278 26.8534109653 26.1983150171 26.9194210801 25.2664911187 24.2595313201 26.9260638991 23.824349608 24.9349884904 25.391482366 26.074391094 23.9142304874 23.8799814877 26.7714665715 23.1030508384 24.7995104523 23.3982738624 25.2058676094 24.4936679559 23.9987109243 24.2988348613 24.2377188385 24.9313568598 25.1639744514 23.542215413 24.2459998361 25.7638236671 25.8009397617 23.4978509306 24.8973279202 26.9545345072 25.106562223
58.7014356379 43.9401985078 43.9401985078 54.4830462133 26.0474662186 23.396509376 76.6853009042 76.6853009042 24.5799805796 23.6663115222 25.78784386 26.0262447982 27.0568511416 23.9989318701 24.74943206 24.8952368744 24.3034770775 23.4813213383 26.5113748933 26.7961805211 25.9974267021 26.4499027657 23.1166689696 26.1512994027 24.9813823934 25.1680745586 26.5706057028 24.2543864571 25.9769523958 24.447108074 26.9822417658 26.2066097982 24.9095010277 27.1144032011 23.9314693143 25.7041968218 26.8997885084 23.810356513 23.6339127089 27.1878472009 25.8211145928 24.390449047 23.485727283 23.2512211514 24.3833782448 26.1993659432 25.9433127413 26.2271925443 26.5801779834 26.6334757686 24.7152879179 25.3220998727 25.986227952
24.8099756469 43.9401985078 43.9401985078 54.4830462133 26.9163440643 60.4926374621 63.6939702986 23.8952356073 52.7955931334 50.266132762 24.2135141595 24.3418034469 24.442236056 23.2948447358 26.2626322359 26.1189231229 26.2472490274 25.6162127612 26.9128448633 24.5143182848 25.7661282295 25.6647030578 51.7042763072 26.3830575968 26.419753496 23.1317488483 24.3630881991 26.198788384 25.9383676897 24.5263877265 24.9461040154 25.6898129461 27.1700975475 24.2321242796 24.7335773007 27.1422774461 26.9064417809 24.8025872403 24.2432675916 25.7604692287 27.1753755272 26.5672116179 23.4998525397 26.9808995137 25.242231298 24.4778056287 24.017615969 25.9869248256 26.0439869869 24.3241570818 24.8784036707 26.5400481967 24.7545691907
25.5221854599 26.0507740454 24.5130282507 26.0595300341 24.2488936672 25.2397190089 63.6939702986 63.6939702986 52.7955931334 52.7955931334 23.2488534832 24.6675521745 25.2138669514 26.924869761 23.7922679046 25.9935787261 25.5483130652 25.3250478127 23.4951897188 25.1397926862 26.6146868938 23.899071323 37.9661720222 37.9661720222 24.4173301404 25.5362128335 23.8370490526 57.6251481158 57.6251481158 23.9904555163 23.7246759756 26.4082582143 23.2845959962 27.1556073713 26.2171497495 25.6322126445 23.7442067239 23.4096796512 23.9743638753 25.3418323373 25.8879038638 25.0804073246 26.5656739989 23.7723598137 26.9583374785 25.1524144129 26.145098622 23.00001902 24.3410451578 26.5394717178 27.1957105919 23.9909474299 27.0789681046
23.7551621275 23.7177422887 26.5993945951 24.6991499404 25.2378009627 60.4926374621 63.6939702986 60.158356463 52.7955931334 50.266132762 65.1881098586 26.9785431981 27.2127374333 26.8916877577 25.3662577892 25.4982755653 25.0622968593 49.0403917614 26.4379023963 24.53246081 24.9644662564 26.3666530163 37.9661720222 37.9661720222 25.8825909845 58.1517556022 24.2855093061 25.998909524 24.0340320875 23.226200951 24.7435358282 26.9688905453 25.1002745988 25.4357600599 24.1388470471 27.0753489792 25.8509418274 23.9969261956 25.0076217721 23.4722096232 27.1778295058 24.0150291519 25.0096771319 24.6114128853 27.053435326 26.0848782729 24.1273585248 25.4074627813 23.7510549093 23.8600873999 23.5812477648 23.0294384092 43.1992988066
23.3167697956 26.40066624 24.0067177581 25.1218022276 35.5052145779 25.4733527493 60.158356463 60.158356463 25.1374486978 25.4872514824 23.8292112586 23.9450643478 26.8927755413 23.9195718588 24.268954355 49.0403917614 23.1555689843 23.5211982979 26.2557104171 24.9753596452 67.3085159249 67.3085159249 67.3085159249 26.800764551 23.5820080714 24.9104064309 24.7104664367 26.3856058044 25.1658254845 25.7492546302 24.584858584 27.0208403662 26.1347373072 23.4999464188 26.9657136851 26.5871170717 25.9164499062 25.3871830287 23.647259321 23.2963672265 26.423266325 25.8631120265 26.8258797052 25.9180648472 25.8404216949 24.2928146164 23.5518522837 24.2511415147 27.2376013817 27.1754339592 23.9200933165 25.67223552 26.7193252232
23.824255756 26.9757564424 24.7929269657 24.1626221152 23.410609737 26.8731929007 48.7476125201 48.7476125201 23.3377885229 23.3723840365 26.6311781604 23.550871146 23.3898508616 23.8974062103 26.4430810541 25.976571394 23.5943146216 25.3323033531 47.5592510518 23.6146239752 26.4163411263 67.3085159249 67.3085159249 23.5871634686 27.1427146197 25.3546446838 27.1466844539 23.1693115167 23.0237271699 25.6326657062 27.2193031593 24.9315529871 24.1412900337 24.8202175276 23.9024198692 25.3734642032 27.0203463415 24.2604311597 26.6615096487 23.6029980356 26.9983181379 23.9036932244 25.6796086359 27.2059526969 26.126672716 23.3577897987 27.0056473892 24.9002307525 26.3905918023 26.5586816753 25.9245759204 25.9713724189 27.2297568318
26.6020135997 25.8245529705 24.2068433917 26.0382312792 23.8900672981 24.4219105636 48.7476125201 48.7476125201 26.0980340384 25.7778359846 26.1706218217 24.656588492 24.0778029071 23.714908703 23.1283306415 47.5592510518 27.009073998 24.4414673162 24.432529093 24.6438825035 50.1930304318 47.5720317347 50.1930304318 23.3124681397 26.0002481311 24.8290886769 26.739920218 23.8579132304 25.4785450566 26.7130443945 24.8122663366 25.0155274783 25.7648892119 26.7034118277 24.8250249363 26.1965086058 25.5695084845 26.9828215874 27.1896468314 26.9848749326 26.0591202734 24.0459529654 24.4009614502 24.9193066934 26.3838337584 26.6235532819 25.7836673734 23.0329859118 25.4118015167 25.038773735 26.3097040816 23.7228242363 23.8553520418
26.4815996021 23.0532749598 26.1841385629 23.8358582649 25.1687131922 25.050421512 56.2606584975 56.2606584975 56.2606584975 25.8009481099 24.1126531222 25.5010109312 25.1870709451 23.719600562 27.0960508444 25.5871975589 24.0472917138 57.3153741142 57.3153741142 25.215803338 47.5720317347 47.5720317347 47.5720317347 26.3156142429 24.2655254674 23.32005098 23.6665148756 26.7622458546 24.0856888376 55.3218357875 26.6431590405 23.0778984162 25.9353722032 23.1625565547 24.898826523 24.2609337259 25.6271444226 26.348998475 26.4344105123 27.1433852038 25.4431798388 25.6437812299 24.5151872552 25.2610294038 26.4774888004 24.6097924813 24.4816915521 24.6589646543 25.7472426888 26.9921873723 25.5418182188 25.9008733035 41.68512618
24.7718632817 26.6775232847 24.9806255974 25.9399236725 24.6512200531 35.9716907564 35.9716907564 56.2606584975 55.5835128397 55.5835128397 23.0582063605 26.7409410629 25.1318078869 25.0694388705 24.0270205384 23.0861022465 57.3153741142 57.3153741142 57.3153741142 73.7654771391 24.9386470732 47.5720317347 24.7264103888 23.4844177235 24.1611543947 25.3911845612 24.0324224056 23.8667575818 55.3218357875 60.2674405077 55.3218357875 26.0663768628 24.8972898162 25.2336256317 38.4151041212 23.9926426842 23.0585833995 26.5988392927 59.4499846186 24.2640668813 25.9248813 65.9585812291 65.9585812291 25.8668991087 24.6795875703 25.408698516 24.3037770208 25.3164626147 25.2003265859 26.864566491 25.6153115957 25.7324786153 23.3268418145
26.9490136316 25.1348095701 24.2831925057 27.1418596993 23.7927796983 25.7513295411 26.3724150616 55.5835128397 55.5835128397 60.9683362495 26.8370348065 23.3698421025 24.1510699356 25.9656613778 24.0199690539 23.5644431097 24.7282949841 24.6202613695 57.3153741142 26.5824772784 24.918803436 55.2075002611 23.8917599059 45.7923946138 23.9539134628 50.8672593256 27.229546161 53.8135174259 60.2674405077 60.2674405077 60.2674405077 62.6875920327 59.3521458121 60.7249848824 60.7249848824 76.0028254915 25.4342807323 59.4499846186 59.4499846186 59.4499846186 23.3553396283 65.9585812291 65.9585812291 25.5978369819 26.6751473219 24.7666480928 24.8288013985 24.9538828276 26.0078643521 23.3010479981 25.5489023088 23.0727968427 25.0574995157
