Spatial_Output/BAU/BAU_0165.asc
NCOLS 155
NROWS 192
XLLCORNER 196769.923733
YLLCORNER 449719.875193
CELLSIZE 27.603701
NODATA_VALUE NaN
[rows 92 to 114 of 192, columns 0 to 52 of 155]
0 0 0 0 0 0 0 44.7245845572 45.0362626463 44.6536400584 45.0959788244 45.1963016504 44.6376041097 45.0021903878 45.1551802622 45.001357143 44.9289694448 44.7602471002 44.6069648308 44.9675838227 44.5318786361 45.055052367 44.9784431004 45.2026314275 45.0887160238 45.1938112348 44.7243162949 44.7842484858 44.6668664483 44.6898703555 44.638302975 45.1343997994 45.114518794 45.054787989 45.0991080442 45.1895598878 44.6796553026 45.1300168204 44.8677133893 44.5143405015 44.8710186027 45.1831321552 44.9226019121 44.7648906715 89.6907333546 45.0359513249 44.6413956665 44.9180717445 44.6727651748 45.0120284311 44.5508999597 44.8783474019 44.9390224253
0 0 0 0 0 0 0 0 44.997153314 44.9149713281 44.6076594693 44.8500459599 45.1433054259 44.6669125441 44.7427675466 44.8604040067 45.0167870154 45.0226749851 44.8786509356 45.1350359848 44.586826888 45.1981678654 44.5825703895 45.1836167443 44.5416962885 45.1165354259 45.1575237656 44.9612747524 44.9399763868 44.6116190661 44.966358882 44.7925259499 44.9347831425 45.0074756483 44.7207563145 44.5733370368 44.5728026888 45.0743938925 44.5234591422 44.94779577 44.7661445493 45.113438678 44.6143823367 44.9874825695 89.6907333546 44.9956594051 44.8638508689 44.8771056759 44.6152322211 45.2058745044 44.8370631386 45.0634309825 44.695081352
0 0 0 0 0 0 0 0 0 0 45.1631422931 44.553925817 44.733930793 44.6488786005 44.7772310579 44.8091065391 44.9506517597 44.9433966672 44.5144550658 44.649844135 44.8810898906 45.0388222839 44.9625207662 44.8433841235 45.1475058323 44.9827051185 45.0648235378 44.5319234509 44.517274805 45.1634869592 44.7531642057 45.1907483343 44.9209016904 45.1614478572 44.6103609683 44.9184296279 45.086733855 44.8170251495 44.7826176277 44.7013015545 45.1940966529 44.714598754 45.0954500494 51.9199049282 45.1288878388 44.6596902707 44.7189122006 44.8289616366 44.543147807 44.9598677918 44.5874032542 44.5892669647 44.8859387107
0 0 0 0 0 0 0 0 0 0 45.198499012 44.8154285156 45.0859956518 44.995912966 44.9667768179 44.675962556 44.895039779 44.6883922653 45.0381955385 44.5378026536 44.5996579722 44.9813798097 44.6870407288 45.0964120989 45.0717003301 45.0696603097 44.5164832125 45.0553960255 44.6587943832 44.9674873658 45.1997401258 45.1909251719 44.7061200407 44.6178540419 45.0580937569 44.6283263862 45.1122933125 44.6438313449 44.9714657939 44.9281446935 44.6563623356 45.0610097207 45.1056121587 75.1792380348 45.1466880485 44.709436539 44.6766892678 44.574996176 44.8968411623 44.9864995547 45.1801172672 45.0988682607 44.7337444519
0 0 0 0 0 0 0 0 0 0 44.6487608682 44.9426880876 45.0206555675 44.8671016176 44.7632442543 45.1802191967 44.7656845512 44.8366990678 44.5026145398 44.5664096162 44.7307207946 45.1296369936 44.6157943592 44.5088931799 45.0266338076 45.0750304867 44.8968611573 44.9351154923 44.7884486567 44.5633495248 44.6082275984 45.0322954203 44.8877383617 44.6171450731 44.9535749367 44.7022753091 44.8821823368 45.0007260022 44.7127821443 44.6610568675 44.7087097073 44.8557089098 44.5852354624 45.1104288322 75.1792380348 44.6268815502 44.9169221498 44.7101137468 45.171913057 44.6148366854 44.6932675586 44.5488959583 44.8635250399
0 0 0 0 0 0 0 0 45.096266256 45.1475894396 45.1215200682 45.1444933332 45.1946451295 44.9330466183 44.5208458058 44.785292616 44.9714332684 45.1596450108 45.084730268 44.7751940262 44.5138144555 44.799884586 45.0081956974 44.9944247179 44.635071792 44.8285569159 44.8554375432 75.7411686908 45.1587596542 45.13335331 75.6053869166 44.6049534178 45.150082407 44.6730285784 62.1988764148 44.5725113848 84.4935639939 44.8397654796 44.8018992549 44.8089704156 44.674561854 45.0258272304 44.9781808067 45.0147166826 45.1917276145 63.3693163577 45.1272864159 45.0993109091 75.7031710914 45.2035728795 44.7562670339 44.588265784 45.1698935759
0 0 0 0 0 0 0 44.7932270935 44.6349258943 45.2060678497 44.5958506797 45.1266261447 44.5768115153 44.6393995147 44.9840578871 44.6231616916 44.9967271301 44.8703921905 44.8242178152 44.9987915934 45.0733401485 44.7863158874 44.7564883542 44.8834698127 45.1429470395 44.5597588894 44.8673754439 75.7411686908 75.7411686908 75.6053869166 75.6053869166 44.6245037986 45.1414784147 45.1016466821 62.1988764148 62.1988764148 45.0037895235 44.8466936988 44.614149779 44.90932862 44.784699277 44.8828172978 44.7919734283 44.5003079893 63.3693163577 63.3693163577 44.8245180547 75.7031710914 44.9086945516 44.9640567708 44.7340080568 45.1324724141 44.950965288
0 0 0 0 0 0 0 44.6547750294 45.1164793889 44.8203952201 44.7385758818 44.5128903459 45.2063037695 44.7879773707 44.7149735752 44.9064142004 44.6225750193 44.7885580728 44.5116804503 44.7627965735 44.9778132858 44.6675065964 44.9886874065 44.7311918406 44.5342733499 45.1276732554 45.0539135853 75.7411686908 75.7411686908 44.8005102358 75.6053869166 44.8501868672 44.9376505976 44.6208412395 62.1988764148 62.1988764148 84.4935639939 44.766344676 44.9236809148 63.3312234094 44.9556538607 44.5348118462 44.5140186822 44.8561064454 44.5149337272 63.3693163577 44.9966417483 45.1372426851 45.0266787302 44.8143128228 70.5307064779 44.7778740964 44.5836856943
0 0 0 0 0 0 0 0 45.0045132522 44.7421593916 44.5101051054 44.942518038 44.8730717603 45.1790536024 44.5358774253 44.7981395598 44.6293660512 45.0472645064 45.1090353562 44.6146859798 44.6120594588 44.6768946226 44.6295359277 45.1600863695 44.6671741285 44.5894892011 44.5008674756 44.7083645602 45.1469966219 44.6201270085 45.0375658842 44.6946942553 45.0711321925 45.1214212557 44.6175233566 44.7714775887 44.8092660504 44.6542511923 45.0665823874 44.5085374993 44.8625505154 44.8953679904 44.9992732472 44.7610353902 44.9149007199 44.9903218764 44.576427536 44.5033825837 44.6920715494 44.8892518629 45.1842171294 44.5517770889 44.6495140232
0 0 0 0 0 0 0 0 0 44.8078584579 44.8822155058 45.076856511 44.5364875517 44.8128700134 44.8735346972 44.8053366011 45.1397585635 45.0765736774 44.7834672193 44.5982269147 44.8812082599 44.8680604863 44.5009180336 44.8182575711 45.1456224502 45.0374633062 44.6217803101 44.8575780968 44.5843329292 44.577655239 45.1424967914 44.8187298626 44.6671882275 44.5310852655 44.5665969278 44.9026681136 44.6946761497 44.7189914476 44.8855082726 44.7023518135 45.0184861015 44.6207010184 44.6854423309 45.0084611611 44.9790581053 44.608391806 44.7721385815 45.2024321884 44.8378598575 44.5649583064 44.5465009464 44.7818254538 44.7925902628
0 0 0 0 0 0 0 0 0 0 0 44.810102838 45.136940389 44.9082522697 45.1248742004 44.6204986615 44.5747114259 44.5244609536 44.9910638637 44.6822512056 45.0266552995 44.6773334215 45.1201241299 44.5113001078 45.0377403647 44.5713615421 45.2035181141 44.8753677886 45.095573068 44.5655689865 45.0666235275 44.9925511979 45.1777497786 45.1013510309 44.5621910636 44.9101316139 44.7949571052 44.8093346194 45.0653085523 45.0476799604 44.5428128965 44.6870355589 44.8723926248 44.7930495277 44.6324182337 44.8995959442 44.8543761355 44.5349980127 44.647682303 44.5499530247 66.6553227315 66.6553227315 44.7305767038
0 0 0 0 0 0 0 0 0 0 0 0 0 0 44.5867971338 45.1706171961 44.7410939682 45.1370785761 44.5020938633 45.1319039034 45.1329270149 44.6206069221 44.7027057674 45.0739558859 44.9966003901 44.9082593385 44.691765365 45.198618438 44.771048083 45.2069155108 44.8021154543 45.0997946443 45.0370956909 44.6243014073 44.7684827398 44.9978681797 44.6516691605 44.5183827261 45.0700567 44.6488083033 45.1612266007 44.962963606 44.5219638074 44.5317730114 44.6214070328 44.7426870257 44.9026070891 44.9396356033 45.0929355532 56.0359922036 56.0359922036 56.0359922036 45.0209910389
0 0 0 0 0 0 0 0 0 0 0 0 0 0 0 45.0151736457 45.2047620411 45.17210778 61.9357446108 82.5076067579 82.5076067579 45.1751757162 44.6103333142 44.8857516853 44.916939523 44.5429685633 45.1554515434 44.8510998644 44.7458192718 44.7022744202 45.0854615705 45.0690352849 45.1710170631 44.7418652144 44.9224022693 45.0992898273 44.7337405267 45.0586779761 44.7212863577 44.8634066814 44.5925322512 44.7541435218 44.9258326699 44.6456053111 44.9272017215 45.1090121701 45.1834672881 45.1843563031 44.6086728443 44.5565400751 56.0359922036 56.0359922036 44.5583207594
0 0 0 0 0 0 0 0 0 0 0 0 0 0 0 44.8047361253 44.9750130119 44.5961113677 61.9357446108 61.9357446108 44.8080549046 44.6528645312 44.8592932436 44.6656443677 45.0763108339 44.8902607471 45.0865445729 44.5863112338 44.6024381027 44.9947312813 45.0993172836 45.1212829654 44.7810793307 44.6130324059 45.0270293705 44.5399784529 44.7228695473 45.1973436589 44.581171484 44.9756850256 44.6832055548 44.9846845088 45.0654794469 44.968271095 44.7480724078 45.0393725764 44.9864929234 45.0257949479 44.7344274385 79.821655575 79.821655575 79.821655575 45.0264975995
0 0 0 0 0 0 0 0 0 0 0 0 0 0 0 0 51.5306408566 51.5306408566 61.9357446108 44.9139613776 45.179841966 44.6256925592 44.8463090063 44.8268510432 45.1637956482 44.9524181711 44.7627628632 45.1341251147 44.9495183648 44.7443994226 44.5945360687 45.0118930834 44.9746698161 44.5163678524 44.6396059393 45.1018884927 44.727473601 45.1332600423 45.0814670698 44.7386909137 45.1680359799 45.1904968965 45.0223309232 45.1853193258 44.9637378131 45.1629900127 44.7516876291 45.1859144466 44.6794945817 71.5040221113 71.5040221113 71.5040221113 44.7265992394
0 0 0 0 0 0 0 0 0 0 0 0 0 0 0 60.5520685244 70.0722691748 62.084365183 45.0457581375 44.6411962853 44.7883138736 44.9376019211 44.8852317137 44.9209550393 44.9387538075 44.7308569879 45.1724526076 44.565356856 44.9432992197 45.0387388668 44.9051548132 44.5998595965 45.0944344455 44.7554119312 45.1838613267 44.8789142014 45.0441463522 44.8558466068 44.5863131112 44.7093054359 44.5780261195 44.8839129695 45.0992171344 44.9502511327 82.1457472746 44.9267609029 44.572510117 44.7426299201 44.7499822885 44.874844068 71.5040221113 62.0295311698 44.9055313805
0 0 0 0 0 0 0 0 0 0 0 0 0 0 54.4394525271 70.8889732829 59.5603812177 60.4838853262 44.8438095994 45.1240980701 44.6158487576 45.2006371185 44.6348427648 44.5876954423 44.7443546367 44.8229058417 44.6934654143 44.6727563351 44.8642951817 44.5749914248 45.1578838083 44.7082571848 44.5304358534 45.1022597121 44.6961511651 45.18736066 44.6629388668 44.5834230251 44.8552509655 44.7240402577 44.7247868581 45.0996518695 44.5641354205 44.7100121039 82.1457472746 44.7781060734 44.795441973 45.1998041998 44.8334601633 62.0295311698 62.0295311698 62.0295311698 44.9914449345
0 0 0 0 0 0 0 0 0 0 0 0 0 0 0 59.4329814711 71.9029450135 66.6981728195 44.6903015166 45.1835040496 45.0442501651 44.682852695 44.6185710833 44.7394667576 44.7417024543 44.9029242571 44.934829695 44.662689294 45.14474417 44.9899362926 44.787860348 44.650883382 44.8464919215 44.5775683082 44.65402844 45.0479246463 44.955704699 44.7595070622 44.8775265816 45.152792565 44.7328418627 44.6259087746 44.7105774066 44.6181198472 44.7999632823 44.5358969523 45.0648641522 44.5934890661 44.7092621927 44.5365018547 62.0295311698 81.2559136879 44.9977713586
0 0 0 0 0 0 0 0 0 0 0 0 0 0 0 0 0 44.8184253675 44.599594021 44.6130172522 44.7082368923 45.1330329713 44.5700878955 45.1329480879 45.0273740611 44.7592987185 44.8648310083 44.977798275 45.1845828635 44.9756717097 45.1396608201 44.842867634 44.6037389267 45.0475863168 44.7408056082 44.7048506685 44.748542683 45.0344599407 44.9482644769 44.7750927082 45.0190072449 44.9249431184 44.9555666163 94.2381056784 94.2381056784 44.7288331177 44.698364262 44.8803123678 45.0328492399 44.5817158893 81.2559136879 45.1060291707 44.9338041098
0 0 0 0 0 0 0 0 0 0 0 0 0 0 0 0 0 44.5064156686 45.028190366 44.7917825071 44.7734416498 44.6883253108 45.2066853471 44.8266144092 44.9160575238 44.7912314773 45.0533997231 45.0128138427 44.8643901553 44.6668246524 44.6003795096 44.8714909353 44.9343950884 45.1005594227 44.5056840381 44.9630277464 45.0334515056 44.5351148809 44.9445586011 44.8259141899 44.868993091 44.5541574946 94.2381056784 94.2381056784 94.2381056784 45.0043858364 44.6294908213 44.959155192 44.6682670635 44.8159301395 44.5253750166 44.8260093537 45.1886692651
0 0 0 0 0 0 0 0 0 0 0 0 0 0 0 0 0 0 44.7031137978 45.1760914634 44.7863830155 44.5410956585 45.0686533102 45.1715367303 45.0116474194 44.5872351087 44.8910657078 45.0594454965 44.8233994053 44.6809853063 44.9488295368 44.5909179295 45.1449587843 44.6046394057 44.8231815178 44.6192442105 45.2070537011 44.6380296944 44.5614057167 44.7364412279 45.0805816177 45.0535736001 45.0258265968 45.0342962991 44.6419784065 44.817009432 44.8836491339 45.1328974451 44.5332897157 44.8054958444 45.1599788822 44.6360115263 44.9561719069
0 0 0 0 0 0 0 0 0 0 0 0 0 0 0 0 0 0 44.5016521585 45.0949407059 44.8615105869 44.9981544434 45.1666872654 45.1377446659 44.6930745669 45.0329095835 45.1821876903 44.8878225248 45.0672052495 45.1241384667 44.752331391 44.6229304359 44.6855466023 45.1998071108 44.6149882162 44.6520681398 44.5628362397 45.104377513 45.0804887342 44.8381929761 44.8389056394 44.9637286737 45.0398433932 44.7800749842 45.0764133831 44.5421972771 45.0246592241 45.0278355756 44.9567411001 45.0902169431 66.3935825096 66.3935825096 44.9324802039
0 0 0 0 0 0 0 0 0 0 0 0 0 0 0 0 0 0 0 45.0375981377 45.0709813633 45.1900842938 45.0393619657 45.012631334 45.0939959411 45.0347955487 44.6547985794 45.0984142771 44.7346705207 45.0477654785 44.5877117685 44.946469966 44.6938557351 44.692397739 44.53365504 44.9246483743 45.0109495877 44.620179033 45.1254095747 44.9794766315 44.9636664554 44.594615142 45.1589493355 68.6095742903 68.6095742903 45.079229353 44.7324834161 45.094603742 45.0308188909 45.0635455796 44.6845574907 66.3935825096 66.3935825096
