Spatial_Output/BAU/BAU_1061.asc
NCOLS 155
NROWS 192
XLLCORNER 196307.867259
YLLCORNER 449144.565805
CELLSIZE 33.573938
NODATA_VALUE NaN
[rows 25 to 49 of 192, columns 56 to 111 of 155]
23.181990961 23.1280991151 23.1203406538 22.8052318948 42.9063727711 42.9063727711 51.7606221781 23.0013643239 56.5743806362 51.6188454256 56.5743806362 65.6040184093 22.7153333411 22.8986491688 22.8533934947 22.8631237851 22.5519882879 23.0350627779 22.8015343177 22.7197907582 23.1850095569 22.7336949122 22.9155347957 23.0374083405 22.638104642 0 0 0 0 0 0 0 0 0 0 0 0 0 0 0 0 22.8902837688 23.2018181353 22.7637187184 22.6737387617 23.0474658021 22.9474686608 22.6910600585 22.7844253082 23.2058644628 23.1141219571 22.6178450329 22.558665074 22.9993866319 22.6285367737 22.6038488363
22.6967931693 22.8592364 22.635306364 22.9119451805 22.8059234614 22.9114634456 22.7538673606 23.1086588729 22.88595503 65.6040184093 55.8415596006 69.3996205915 22.5654625019 22.6988130689 22.52564052 22.5717589657 22.682234213 22.5870470271 22.6333859433 22.5844729917 22.8959528488 22.9306706869 22.6854830586 22.9262590361 22.6933784089 22.8964443372 22.8598880112 0 0 0 0 0 22.6538983606 22.5083968826 22.5212615549 22.5301836582 23.1356219623 0 0 0 0 22.6256299157 23.1369094916 22.8236961471 23.1120568488 23.1267061014 22.8502897206 22.9414851302 23.0084571547 22.8907631885 22.7933968681 22.5389072279 23.0906070818 23.1602416755 23.1648490989 22.8890846488
23.1758410208 22.6261614343 22.9263949598 22.5343002529 59.3924997495 23.0209334794 22.7140026544 22.7013354694 22.6092327119 23.1888196944 55.8415596006 55.8415596006 55.8415596006 22.727871164 23.00185807 22.7746974137 22.6211084257 22.6555060623 23.2038982845 22.609352469 22.866705214 23.1684622677 23.0684197794 23.0851769946 22.7650608905 22.8120567916 23.1903880334 22.7372638063 22.9086822833 23.1696212456 23.134162883 22.8308722394 23.166205818 22.6457140094 23.0927052569 23.0957380655 22.5709873774 22.9076847665 23.1987479289 0 22.8702587524 23.0340110093 23.1693685851 22.7365508128 22.6852060748 22.5602998603 23.0237127442 22.9709954587 22.9206433693 22.884802339 22.5259009746 22.6754511753 22.6354592739 23.1774746828 23.1052664657 23.188526763
22.8566019607 23.0998170082 23.1382941098 22.703658642 59.3924997495 59.3924997495 59.3924997495 23.0308277806 69.4896586599 69.4896586599 55.8415596006 55.8415596006 22.8212841057 23.0941119368 22.9091003798 23.1841249669 23.1588397481 23.0989525067 23.1273924554 22.9842172451 23.1755684588 22.8023235798 22.797751825 23.1181304951 22.7799109366 23.1745597699 22.7827596937 22.9090243505 23.065607082 22.609455506 22.9081906966 22.7320771765 22.9996985006 22.5658030958 23.0782181473 23.1148208399 22.5605440405 22.6621224751 23.1572168541 22.9055931939 22.6081822491 22.8619414329 22.9679997529 23.0677651973 22.9928508136 22.5253098351 22.8815960319 23.090950999 23.1555576686 22.9794987395 22.6475883557 23.1106639198 22.9900330241 23.1247366484 22.6373827607 23.0572567957
22.834091694 22.5761314648 22.6386694467 22.797041471 23.0869159929 59.3924997495 22.72556217 22.8506385041 69.4896586599 69.4896586599 22.9672988759 23.1588373761 22.9159348422 46.5561348119 22.8465490626 22.9847613576 23.185605628 22.9012487304 22.5730255386 23.0159480936 23.1552170525 22.7038801253 22.8451261951 22.7147008903 22.7016393745 22.9907677822 22.9227503854 22.977017124 22.8215473013 22.7685244234 22.9162866891 22.9868381671 22.8843469093 22.5500918925 22.839276401 23.0386624226 23.1885637258 22.582549922 22.6491559721 23.0751210687 23.0292884792 23.0064706651 22.5246418195 22.8707765131 22.5410830376 23.0375544544 22.970877445 23.0844171694 23.1823526087 22.7355847826 23.1008221786 23.0211855321 23.0045653699 22.8580648979 23.0928542809 22.9295536026
22.5097219055 22.7580282627 22.6626885941 22.881547323 22.7473520836 34.9692255 34.9692255 51.0905568994 69.4896586599 22.8367533055 53.9633976249 23.0628956814 23.193615375 22.5716251476 22.806734804 22.7860368255 22.963522639 23.0001124755 22.6975204412 23.1849177822 23.0687070387 22.8381063028 23.0623558519 22.8439749307 22.6887096764 22.6139121228 23.1678590406 22.7418110264 22.5905296713 22.8686955597 23.1909674586 22.835450601 22.9944112653 22.7917785633 23.1181071964 22.6818263526 22.8998507234 22.8452510182 23.1143948858 22.6517690102 22.6308354613 23.0568592919 23.1499613528 22.7252471363 23.1084311012 22.6934512531 22.937285383 22.9250864089 23.098445538 22.6621343373 23.00918293 22.6870985259 22.5734238158 22.6204282201 23.1476488569 22.9089695665
22.8250681172 22.5975455654 22.8631041714 23.1232241745 34.9692255 34.9692255 34.9692255 34.9692255 51.2127766694 22.5240540838 53.9633976249 23.0692871639 23.1966623774 22.5495079377 22.8937503845 22.7145817301 22.6999894627 22.7390782173 22.5894320785 22.9565958776 22.7128004733 22.6872924922 22.710887242 22.6578002944 23.0367461146 22.7252391682 22.6002073248 22.5447501399 22.9134247979 22.6271715737 22.7437258125 23.0247855249 22.7218128719 22.5861375329 22.9453160657 23.1715758582 22.7111403964 22.6203240592 22.9422537544 23.1792103628 22.9106710537 22.8206018658 22.8038234376 22.9942405544 22.8928187863 22.6991891662 23.0535738037 22.6506788184 22.6224988629 23.0880966984 22.6806596233 23.0975768052 23.1243645884 23.0146378826 22.7864003885 22.7388037631
22.6474035516 22.6507159987 22.5539700589 22.6036592793 22.5241632282 51.2127766694 23.0028678804 37.9551231579 37.9551231579 22.7910506911 22.9899930548 23.0344207003 22.6722053988 23.2057758106 22.5648045719 23.0221235619 22.5395273304 22.9832267644 23.1779945361 23.0291456631 23.0392380653 22.6987363774 22.8979160135 22.9786306891 23.0446683121 22.5896521368 22.7524103613 22.7291661137 22.6816280926 23.1072907518 22.7614864304 22.5988569372 22.8415683346 23.1793115032 22.6594056505 23.0366654004 23.0481944172 23.091826074 22.7507840739 22.7005668297 23.0090079029 22.9075476276 22.7639036963 22.6199452743 22.7318097437 22.6906248377 23.1049095013 22.7267132032 22.6249338755 23.0576345064 22.5115900056 22.7590946853 22.8728538582 23.1682644138 22.7978177255 23.074208141
22.9466295761 22.5191240044 23.2067693464 22.9742678271 23.0700049866 22.9854985922 22.801069213 37.9551231579 37.9551231579 37.9551231579 22.7667706832 22.8165611508 22.5983112092 22.9111222266 22.6903553664 22.8211840035 22.5023041422 23.1988225189 23.089602994 22.7613817089 22.6216543716 23.1035894034 22.8375858256 22.5705908126 23.0594388613 22.7749497101 22.5770964799 22.6142577541 23.1632608084 22.722715532 23.1108274654 22.8936313556 22.7275279988 22.9901184124 22.8722083113 23.2054279163 23.0065291912 22.8046830113 23.0015626526 23.1083198643 23.1866517444 22.6807508774 22.5521581988 23.1273814271 23.0249676491 22.8140577773 22.7117132588 23.1750573549 22.9801624712 23.1433384491 23.0788243585 22.5928427736 23.060996614 22.7809535729 22.7063163126 22.9991140629
22.6018981585 22.6395821307 22.5447201961 22.8724897587 22.7651003187 22.8347252398 22.771204144 49.7989714057 37.9551231579 66.0893066973 23.1243148092 22.5907476412 23.1876248659 22.7838435614 22.7884319036 23.0253762561 22.6524084157 23.102673107 22.988405973 23.1154062874 23.1146298196 22.8803640325 22.9513098334 22.9029423358 23.123116769 23.1305090272 22.6498123245 23.0543924117 22.897022088 22.574062748 22.9974566019 23.1420679012 22.5021820151 22.6510520489 23.0990709464 22.6314528657 23.0686465018 22.6334516845 22.7675707851 22.7554358043 22.8426717951 22.6964448109 22.743691497 23.0628056351 23.1760508219 22.5419865321 22.7515956393 23.0213070704 22.8525756581 22.7014012875 22.7043544819 22.9493864164 22.913780978 22.8150022688 22.59727206 22.6441069359
22.9317768588 22.9367926505 23.145013343 22.7404787113 22.5579556261 22.8282522054 23.0829865359 60.5360212081 23.1545817792 60.4230024955 22.8873592685 22.6988591331 22.8316841553 23.0285450556 22.5547100805 22.7547072727 22.7004206379 23.0742120355 22.6816275123 22.6180836554 23.0621579732 23.0098183249 23.14512888 22.599060461 23.1948790056 22.7442409158 23.1111697439 22.7613979196 23.1824841246 23.0541680284 23.0905074755 22.9415728058 22.558463356 23.1214744697 23.0841357953 22.8823005756 22.5739821585 22.7244269069 22.5814391039 23.1943214322 22.6163759522 22.7100067108 22.672812679 22.7922999042 22.5077811233 23.0627493236 23.0126581722 22.9167488984 22.7747722966 22.9895566816 22.6805033811 23.1526848008 22.8329934229 22.8828571898 22.5884634982 22.8517019254
22.8482489586 22.7527804636 23.0957510911 23.1772530437 22.712458635 22.9965812799 46.7165523052 46.7165523052 60.5360212081 22.6528583269 22.7763177575 22.9951632346 22.5262164094 23.0729609127 23.0640997303 23.1119724817 22.7297083747 22.962715006 22.6132721768 22.8896141707 22.9890203556 23.0526403162 22.9329110298 23.1869572587 23.0042005451 23.1778200173 22.9229759748 22.7707576428 22.7710994025 22.9571568968 22.5332726099 22.6923978273 23.1391413492 23.0368102597 23.1258202194 22.6350844709 23.1747076766 22.6852835559 23.1893610675 23.0820312061 22.6904443753 22.9580531899 22.5908890398 22.6221658078 23.1042742477 23.01175365 23.047007023 23.1100259197 22.7228278912 23.0048082121 22.5547121758 22.5742424281 23.0681741691 22.7933240624 22.8771495985 22.6187194598
23.0500263647 22.7393300154 22.94284487 22.7991141942 22.7926078544 48.5104860341 48.5104860341 46.7165523052 22.6070056408 22.5742122297 22.590563024 22.7560116646 23.0737983491 23.055848022 22.5855469359 22.9038057557 22.8243663925 22.708723609 23.0424369096 22.6177167867 22.6329702222 22.8165425032 23.1556878952 22.8408290757 22.9666988504 23.048276209 22.8188143363 22.8160734329 23.1207700166 23.1027531225 22.589950113 22.9160859086 22.7339723204 23.0682245973 22.5658332646 22.7630998104 22.5576820902 23.026100434 22.6940025175 22.73431888 22.9990495803 23.0734285064 22.6764622001 23.1501315504 22.5705335447 22.9842578479 22.8286341094 22.902405724 22.5506589632 22.5493710243 22.6083239164 23.1793242762 22.9265016261 23.0456378949 23.0333933758 23.0796056792
22.7613982784 23.114566121 22.7182748429 22.7547147419 22.8684989152 57.6940713059 48.5104860341 22.6168606587 22.7971887996 22.7815578288 22.8125463105 23.0237168942 22.8272427704 22.880505843 22.6274716576 22.9725493789 22.9074604107 22.6194703486 22.8529819951 22.7417929176 22.6771899154 22.9844502091 22.5515965409 23.1484433287 22.9374648878 22.6695623671 22.6612248706 23.1711381017 22.7746805307 22.9333902935 22.7514277527 23.1524431705 22.5666509184 23.185376196 22.7064931752 23.0698832039 22.7387303208 22.8078660292 23.0750450029 22.9568836192 22.9809744952 23.1149748058 22.6368377741 23.1861845844 22.5497301126 22.6291092755 23.0615162536 22.6200012484 23.1920921474 23.0855520758 23.0825697477 22.9637820976 22.5920088854 22.7091348335 22.6732151442 22.9580503051
22.6448611955 22.9295648591 22.5701550289 23.1871440368 57.6940713059 57.6940713059 57.6940713059 22.8332437182 23.1673140848 22.6773975743 59.9986477557 22.5640111338 23.1202319945 23.2051129869 22.6074871091 22.8329209649 23.0394861339 22.6077656453 22.920778795 22.698986972 23.010573569 23.0456075866 22.7217461381 22.7980707166 22.904256798 23.1160084634 22.7784039513 22.9993954484 23.1282704507 23.076542502 22.6958581359 23.180360854 22.5854933431 22.9026446157 23.1005988968 22.8183709316 22.9307170352 22.5697872683 23.0671753117 22.7563465768 23.1476968351 23.116970159 22.8628739373 22.7264798699 22.9512380399 22.6005668996 22.5033965729 22.8875122403 22.8338701228 22.9018526867 23.0118397224 22.8139269689 22.6467200156 23.1192408266 22.9904681464 22.7180605834
22.9560401986 22.5646460545 23.1880448335 23.1856641067 57.2174830051 57.2174830051 57.2174830051 22.7391214318 55.5052698203 23.1729007956 59.9986477557 59.9986477557 22.776868632 22.8946060015 22.6095978162 22.5234854354 22.6089744861 22.6474173228 22.9525475966 23.0762854568 22.9814152115 22.6963062169 22.7070934026 22.7669422255 22.6794023736 23.1853833761 22.9780973376 22.6654980461 22.8088379098 22.9252414951 23.1942495745 22.8587166169 23.1575644719 22.9000218955 22.840053144 22.7332477495 22.7247798261 23.1397194646 22.7094706037 22.5645977504 22.6357409924 22.9669573321 22.5559821041 22.9584481939 22.6491526862 22.5143625879 22.6193480107 23.0356665391 22.9231610151 22.5837687496 23.0654302387 22.7030668623 22.821906351 23.1042189282 23.124982496 22.7724197866
23.152461503 23.1303997213 22.7186856431 22.9596911502 39.8392201039 51.9761919829 51.9761919829 55.5052698203 55.5052698203 55.5052698203 22.6058387049 57.2540995332 22.7690455765 23.1096332915 22.8672472816 22.9186153449 22.9835291188 22.592577369 22.8352641587 22.9390400167 22.7977274095 22.9427239802 22.9807037898 22.7482862767 22.9421784234 23.1032895705 22.6283157976 22.9618830151 22.9830897519 23.1202678917 23.1583196416 22.7332634103 22.7541780532 22.5743974065 22.9984301474 22.6009713769 22.8504305839 22.5460716642 22.7002334008 22.8611185277 23.0527424377 23.1772102843 22.9437669845 22.8406115461 22.6077462857 22.62778175 22.6524549549 22.7955817025 22.7268044176 22.6829230228 23.0569417777 22.5887239286 22.649824028 23.0643238798 22.645573356 22.6188882485
22.7521601967 22.6752536352 22.5190802528 50.0414796194 50.0414796194 71.4638998708 51.9761919829 51.7014841001 55.5052698203 55.5052698203 57.2540995332 57.2540995332 22.977183972 41.4455982276 22.7512839249 22.9132055088 22.6389496098 22.7752950777 22.7640027661 22.9271877123 22.6196774942 23.1325767959 22.8777793942 22.9040257543 22.7286445941 22.7235422416 23.0721307638 22.542567759 22.6183659132 22.9967070217 22.7177773305 22.5619290636 22.640891999 22.7000798185 22.5347410945 22.6214119763 22.5214759202 22.541149997 22.9055504674 23.1483309964 23.1594401096 22.7017642617 22.9825194468 23.184023186 22.9234643338 23.1978684274 22.5071067166 23.0160392532 22.8252798573 22.9078452751 22.757720585 22.5724015251 22.6413464986 22.6549809661 23.1560856474 23.0267907745
23.0121777489 23.0315149932 23.06273143 23.0145132211 71.4638998708 59.4943506785 71.4638998708 23.0299713201 22.9016169888 23.0428306468 57.2540995332 57.2540995332 41.4455982276 41.4455982276 62.056277527 62.056277527 62.056277527 22.837716132 22.6768905354 22.8226208653 22.5211030401 22.8725535396 22.5355289938 23.0028598278 22.7367354389 22.5782047811 22.672115067 22.9208621127 22.8738042561 23.1456073866 22.902507831 23.0343303627 22.8851713286 22.751556122 23.040932742 23.0660513256 23.0380559358 22.9864544592 22.555151041 22.7588850528 23.0177177021 22.5529582706 22.9171487351 23.0300858776 22.6536259173 23.0247041282 22.7595883943 23.0031254796 22.8439656337 22.8684649532 23.1066656306 22.9412610762 23.1822488705 22.6129175041 22.5634090019 22.7461093594
22.7681050058 23.070094938 23.1042189145 22.6269866573 65.5073699323 59.4943506785 59.4943506785 22.6561044465 23.2052064943 44.2048119732 44.2048119732 44.2048119732 41.4455982276 41.4455982276 62.056277527 62.056277527 59.0317380232 22.5627954537 23.1204637506 23.1131317978 22.7736088714 22.8852833072 23.0006887814 22.8786657559 23.090019129 22.825534391 22.70233459 22.8342903073 22.7010607265 23.0739851401 22.9742703909 22.5128837286 22.7154496314 22.8539061465 22.8171045884 22.5559883297 22.7391919636 22.8163449682 22.7995095883 23.0144511215 23.1075173979 23.1353087557 23.054233485 22.5532035549 23.1345308966 22.78057266 22.5164160566 23.0373402959 22.5238368096 23.0807938926 23.1356749672 23.013758821 23.0438384102 22.6851383462 22.5284410688 22.83453664
23.001625545 22.8637246986 22.7576382384 22.7975875156 22.6177326259 59.4943506785 59.4943506785 23.0690127941 22.6568794752 22.7443443101 23.0178145089 22.9924670372 22.9600554287 53.882862627 22.6354679225 43.5787595449 43.5787595449 23.0110186892 22.6810579707 22.9917013178 23.1563473044 23.0647285047 22.5575077079 22.9165126775 22.7972920109 22.6106434927 23.1900797013 23.0397710955 23.145682826 22.7295137213 22.6634332203 22.8376488044 22.5507561512 22.6348925318 23.1237106885 22.6313036368 22.6590676384 22.8278433073 22.5176651502 22.6001938266 22.5034465977 22.9902442723 22.9939707279 23.1106230122 22.6066136712 23.0147045077 22.6036745185 23.0867042027 23.0451663129 22.7374976286 22.7766830071 22.7819550153 22.6850636878 22.7724231984 22.9678104068 22.5308579467
22.8407070985 22.5736643348 23.0406180651 22.6631758698 47.7672704048 47.7672704048 47.7672704048 81.1316799128 23.1743841286 22.9350381235 22.9957290515 23.0370984953 22.9686620594 22.9069304245 23.0135048321 23.1071344227 22.7069011738 39.6771235538 23.1398571465 23.0377928441 23.0735386839 22.6977309036 22.8139999754 22.7015352522 22.7166247397 23.1623344632 23.0066804606 22.9975226755 23.1984886446 23.0770728332 23.0970161651 23.1779878773 22.9901801928 22.7229844775 22.9079120501 22.7139211832 22.8669066938 23.01892036 22.6312016664 22.9183448697 22.9541185762 22.9434157641 22.7237305699 23.090412927 22.7580186775 22.6137699251 22.9049076169 22.7436284094 23.061185135 22.7301217959 22.8987081126 22.7512480462 22.7797113708 22.6926211519 23.1873686804 22.8307328154
22.5985963115 22.7277942602 22.9717454494 22.8190309721 23.0911889553 42.2166047177 45.7706735436 45.7706735436 23.1221898924 22.8206807948 23.1754586877 22.9986743846 22.9984970454 23.0999286013 36.8422211329 47.1102198493 39.6771235538 22.9650469105 22.6115169097 22.8570238139 22.5286893225 22.7930941708 22.5820117667 22.9363400053 22.8942279057 22.6873868885 22.718676086 23.0489778049 22.5719016074 23.07144486 22.825813656 23.2026892093 22.5924459024 22.8965387448 22.7736143753 22.9882755873 23.0478632815 23.1928028188 22.7958421021 22.7670805234 23.0581821341 23.06151325 22.9423473281 22.8323996158 23.0993081857 22.6958010181 23.0270950794 23.1282817374 22.8060783583 22.6798041233 22.9173794721 23.1334624488 22.9484184312 22.8902256125 22.5600141325 22.6920321514
23.1009192439 23.1899028119 23.0305627574 22.8279303103 22.5562800767 45.7706735436 45.7706735436 45.7706735436 22.8622212738 22.6364512532 22.5278657249 22.6885163981 22.8701950059 47.1102198493 47.1102198493 47.1102198493 22.66293594 23.1395325107 22.6577636735 23.1069300745 22.9923732174 22.6080738335 22.7388977675 22.8025983521 23.0586993824 22.9801096029 23.0173174028 22.5269704592 22.6392675271 23.1271857019 22.7069630986 23.1509243269 22.5659445113 23.0524968944 22.7483487582 22.5871750796 23.0728374007 22.9611991438 22.796377955 22.9550337955 22.8174946955 22.6042938841 23.0910163483 23.0661995198 23.1313532665 23.1192241541 22.8615990841 22.7130626951 23.075669431 22.9713987077 22.5114390625 23.0625027905 23.0424136291 22.869983521 22.614339372 22.9582427371
22.6799145166 22.7945974966 23.1314903332 23.1386648211 22.8820414747 23.0300925734 59.2507316807 59.2507316807 57.7211866524 22.6815680015 23.1357067822 22.7822330457 22.7555754002 23.1490680576 47.1102198493 47.1102198493 47.1102198493 22.9408742477 22.8099980921 23.0317741748 22.5095813275 23.1780407095 23.0781825957 22.9364354444 22.7551149801 23.0379243616 22.5213645697 22.5276305573 22.8256964617 23.1018995512 22.597001901 22.8969664844 22.5878960295 22.7598397182 22.9679653501 22.8882986998 22.5407262712 22.7999532688 22.8604131617 23.0790572937 22.6486718791 22.8180766563 22.7512578337 23.0803232511 22.810351858 22.8560687355 22.5276485194 22.9820556323 22.5647483236 23.0138015035 22.7383129674 22.5320805682 22.5171664561 22.8161679821 22.6982825571 22.8166562015
