Spatial_Output/BAU/BAU_0187.asc
NCOLS 155
NROWS 192
XLLCORNER 196769.923733
YLLCORNER 449719.875193
CELLSIZE 27.603701
NODATA_VALUE NaN
[rows 92 to 114 of 192, columns 0 to 52 of 155]
0 0 0 0 0 0 0 46.3318009398 46.4564192572 46.2146183761 47.2490240416 46.7265536311 46.3278972193 46.8670516233 47.2794028951 47.2118532194 46.0632290377 46.8033137793 46.7593671428 47.3316100384 47.1233217738 46.801164907 47.0967935778 46.3518716184 46.6651316906 46.2353912393 46.8351049189 46.1579264191 46.6557911649 46.3576610943 46.3383098342 47.1088925994 46.4924378957 47.3403296096 46.3387771865 47.2150533368 46.3621215664 47.3735188442 46.7020499394 46.9643237877 46.1926392788 46.5760654071 46.5008828136 78.4519523064 78.4519523064 78.4519523064 47.095266876 46.9646909063 47.2816566348 47.1060530935 46.673446669 47.27079594 46.1947215874
0 0 0 0 0 0 0 0 46.8510828849 47.0631998567 46.4100908864 47.277354765 46.9366657945 46.4995534709 46.3487362299 46.4436643142 46.554035889 46.2005471409 47.1188144251 46.7843525142 46.986611346 46.6228472686 47.2021663681 46.8309296361 46.6420261908 46.8248794129 46.7893261746 46.2133441695 46.3266319086 47.2440078917 46.1450500566 46.0223575229 46.7584095489 46.6496970543 46.8667872807 46.0775162296 46.7950166026 46.9746576146 46.4053073617 47.1890232523 46.1512647143 46.7553280073 46.3978199901 78.4519523064 78.4519523064 46.8754905867 46.2234511059 46.7616639267 46.6576991053 47.1054977158 46.3833116305 47.1081908004 46.8664142329
0 0 0 0 0 0 0 0 0 0 46.0271519691 46.8861047474 46.721196942 47.0757401641 46.5132249515 47.0042385138 46.4743152043 46.945777131 47.0404325559 46.2418248986 46.7250025093 46.4078712435 46.2231414964 46.2031225384 47.3769559153 46.771515657 46.6454590285 47.2784455676 46.1035019238 46.5762553146 46.3360174489 46.6924208679 46.555952595 47.3247380326 46.6666214445 47.0739611873 46.3103720214 47.2608952367 46.5272503151 47.1300515681 46.2646283877 70.5702234177 77.1023574687 70.5702234177 46.6413109497 47.2157750112 46.1658159802 46.4945350358 46.1121929981 46.6779935581 46.4955103411 46.871626787 47.1689545607
0 0 0 0 0 0 0 0 0 0 46.1670784387 46.1257488646 46.8207048343 46.7857366101 46.394686545 46.0109077805 47.2423057797 47.3827593886 47.1237414323 46.3990699996 46.8870453202 46.4808972547 46.0073527734 46.7581774755 46.4976381702 46.7791436366 46.7049133787 46.6823503215 46.3626235517 46.3922830684 47.2077891728 46.7711224936 47.0429605695 46.6932172738 46.5711518713 47.3805056592 47.2300054977 46.7185129625 47.1699583071 47.096599691 46.3300962902 77.1023574687 77.1023574687 77.1023574687 46.1102476556 47.3511146574 47.2390591362 46.4826841724 46.8807983929 46.7139505741 46.8603342565 46.3154310975 46.3234926935
0 0 0 0 0 0 0 0 0 0 46.192487203 47.3395283227 46.2502942348 46.7071203042 46.1622491546 46.6152821487 47.3472397947 46.5010328374 46.6783913958 46.9378571566 47.0401496106 46.5355334089 46.0489403685 46.1346583616 46.3223506642 46.1847483492 46.7741240012 46.9454933431 47.0960002225 47.3205400383 46.6683843833 47.2300667677 46.0302082198 47.277531116 47.1158528541 46.7824902621 46.6725940799 46.0123308552 46.3396551002 47.10700381 46.6971536713 47.1356352136 46.1409465268 75.6321967501 75.6321967501 46.4374315295 46.2315219979 46.7002321028 46.0769222575 47.379967611 47.1196842201 46.7257754731 46.294316751
0 0 0 0 0 0 0 0 46.8136078062 46.2315951161 46.4765506589 47.3941301094 46.9375037623 47.2157746985 47.0290627286 46.0175955266 47.1327345746 47.2707997256 46.8630632978 46.4798545557 46.3710648814 46.1868071092 46.9730689978 46.9949253144 47.3305479215 46.1395805483 47.2108619176 86.1298389581 73.8139799494 46.2072029675 46.4528349235 47.0007789357 46.8142687762 46.9843191802 46.4266172421 46.7637267315 47.0617387226 81.0954468478 46.9491915948 46.5202562086 47.1597074002 46.7029290831 46.026363082 75.6321967501 65.857720154 80.4755264966 46.6078961121 46.2768589225 90.4505313935 90.4505313935 66.5970311242 47.1366678234 46.569706152
0 0 0 0 0 0 0 47.1081944585 46.7340901392 46.4960099735 47.1808955414 47.0929942454 46.9325938449 47.3831134559 47.3401668468 46.9291766485 46.9605902029 47.2277782278 46.9955051421 46.5055257192 47.21235667 46.2040408471 46.5351568736 46.2957444425 66.8823379587 46.8548711147 46.0667489303 73.8139799494 73.8139799494 73.8139799494 46.9907922194 46.2859731913 46.1285608703 46.432388878 47.0697200944 47.2925722489 72.1129290485 81.0954468478 81.0954468478 46.0782533742 78.403963275 69.5635529563 69.5635529563 65.857720154 80.4755264966 46.1852333316 46.7720758075 90.4505313935 90.4505313935 90.4505313935 66.5970311242 47.0511187139 46.842748515
0 0 0 0 0 0 0 46.3299202095 46.7113386972 46.3197489229 46.1857820598 46.3414238345 46.6826662829 46.8766432707 46.4676147561 47.1916582122 47.1969880395 47.1280008744 47.3115172997 46.6848886886 46.5006065389 46.3712585218 46.6508472573 46.0580893151 66.8823379587 46.3061055221 47.3989208254 47.0459271424 86.1298389581 73.8139799494 46.506926581 46.231615704 47.3402472729 46.7493537756 46.9403262675 46.0833162839 72.1129290485 81.0954468478 81.0954468478 46.2925003139 78.403963275 69.5635529563 46.546958218 47.228623644 65.857720154 80.4755264966 46.2181939461 46.2621942374 90.4505313935 90.4505313935 78.8532012437 78.8532012437 46.3381830615
0 0 0 0 0 0 0 0 47.0162343321 46.0133307015 47.3567433217 47.090680616 46.1685119426 46.6818037135 46.7699335761 47.1203522101 46.5079802145 46.3411775333 46.3674777495 46.6969287929 47.1814167034 46.0231606389 46.8195218096 46.3660050148 66.8823379587 66.8823379587 46.5997336068 46.6082415169 46.2160169849 46.3116961574 47.2588100669 46.3466391697 47.1057267194 46.9504473934 46.1314854643 47.3921122016 46.352346875 81.0954468478 46.7783253023 46.6679473879 46.1088946435 47.3579388622 46.1152668846 46.3226620256 47.3886454096 46.6663909029 46.7644344644 46.0666203984 46.5121387372 46.0686929239 78.8532012437 78.8532012437 47.4114530677
0 0 0 0 0 0 0 0 0 46.6097897704 46.0321273891 46.9378086633 47.0586779895 46.2251042369 46.9441833743 47.3313866345 46.2456625902 46.8001100145 47.2028703212 46.277580403 46.6827098789 46.8667503813 46.1355961079 46.1651308022 47.0323572021 47.2345449378 47.0348298333 46.8897020874 46.2307107586 46.071664918 47.1824450865 47.1532771699 46.761561412 46.3330327915 47.0860108511 46.6868443474 46.3278744742 47.0638250541 47.0718508416 47.0957935638 46.0433526733 46.7635494031 47.2038741388 46.0203290548 46.531571803 46.5996457717 46.6215816768 47.3877762428 47.2640538948 46.5628849759 78.8532012437 81.8682035854 46.7589596713
0 0 0 0 0 0 0 0 0 0 0 46.5377837126 47.0991282363 46.0420216126 47.3496209251 47.1481123705 46.8647947502 46.6411114608 46.9382458164 47.0104616536 46.5492561116 61.9371818232 61.9371818232 46.334544644 47.3580479829 47.3970984534 47.3478873043 47.3738267949 46.6788735887 46.7405105149 46.4890175716 46.6484421332 46.2156405554 46.1264502953 46.457895157 47.0064499939 46.9511096066 47.3754636515 46.0043985368 47.3911006462 46.0535954193 46.3658746881 46.5411385906 47.3875939526 46.7195042166 46.1678030008 46.4715156349 47.0083487534 46.061602846 79.7134918793 79.7134918793 79.7134918793 46.492703198
0 0 0 0 0 0 0 0 0 0 0 0 0 0 46.723953413 46.4678888128 47.3524482769 46.4855975613 46.5025463404 46.538030964 66.1544307087 61.9371818232 61.9371818232 46.6183632207 46.3893441305 47.1381017924 46.6105168579 46.7340274292 46.1800542328 46.1759067458 46.78600908 47.0506700039 46.9429947222 46.7724963606 46.8046791081 46.540510775 47.2500302828 46.8736844317 47.1614216406 46.5336377408 47.1706498342 46.848742021 46.2727019087 46.4267758594 47.0299347302 46.6446056546 46.2036292997 47.3736960868 46.3256413879 46.3808584414 79.7134918793 46.749346499 47.2540695404
0 0 0 0 0 0 0 0 0 0 0 0 0 0 0 47.1001092351 47.1337301568 46.9273033214 46.3679460333 46.4907387636 66.1544307087 66.1544307087 47.3022022142 47.1008636989 46.7749040699 46.5366655095 46.9955011939 46.0302770752 46.7197113763 46.3931665379 46.0603271201 46.2577884706 46.5721682712 46.4103733944 47.1815779417 46.0726969963 46.886716901 46.8833304972 47.3138725372 46.8730557964 46.3877986023 46.4989329147 46.824407267 46.0506260482 46.7318608971 47.401027674 46.4079665672 47.2431452618 46.8972900129 47.140171565 69.3625922761 46.2093253647 46.2774568686
0 0 0 0 0 0 0 0 0 0 0 0 0 0 0 47.2151398189 47.161042329 47.3009510938 46.8854775333 46.9061216114 46.1243054973 46.4646404305 47.3428141953 46.5778880518 47.2471103731 46.3269793448 46.5968692835 46.8804246676 46.5890076607 46.7045000797 46.1896306065 46.9393357171 46.3283237263 46.7876199294 46.5598485587 46.6357324279 46.2004220966 47.1491886216 47.0851187814 46.6692398722 47.2139254412 46.6475713559 46.0955712766 47.283976888 46.4222071479 46.860902885 46.2203044255 46.6724701968 46.0120981353 69.3625922761 69.3625922761 69.3625922761 47.0653379858
0 0 0 0 0 0 0 0 0 0 0 0 0 0 0 0 46.8680054757 47.1245927436 46.1512117021 46.8789457106 47.089874697 46.4862662976 46.446352063 46.0920411074 46.9837044278 46.1219313147 46.3691232642 46.5122124561 46.556271534 46.808755548 46.2616309259 46.088035424 46.8876403248 46.8310220641 47.3203895411 47.3889734618 46.3133316036 46.3772987497 46.3137447467 46.4271049702 46.9963330872 47.1258374797 47.0455564143 46.0580073601 46.8737821046 47.3773072825 46.3917474348 46.8658973951 46.6109985832 46.8518217306 69.3625922761 69.3625922761 46.4522959937
0 0 0 0 0 0 0 0 0 0 0 0 0 0 0 66.3015723648 74.385733585 74.0124203808 46.0377776352 46.1920510987 46.9796242284 46.8623064881 46.6954919064 47.0265726271 46.6704760085 46.8036825744 47.0785383036 46.8994945075 46.0481692933 46.5588141642 46.5560689927 47.3157974376 47.0208846506 46.7354956534 46.6541406261 47.3643956271 46.6858917863 46.0984317872 46.7075368142 46.504516157 46.436824488 46.2187902879 46.8084894605 47.215244361 46.2390757541 47.1987940522 47.2165146751 46.7608714483 46.8838210591 47.0716251761 47.2255953404 46.8029862694 46.746192754
0 0 0 0 0 0 0 0 0 0 0 0 0 0 76.2041357994 78.1537888523 66.1413491988 65.0090441986 47.2155176154 46.0324575426 46.300052073 47.3664111623 46.5359564335 47.0080680808 46.5322042774 46.2568484332 47.1200605485 46.5458643911 47.1599416239 47.1779369549 46.3075724099 46.2687155648 46.3322392823 47.2758912995 47.2360595909 46.079327771 47.1795619998 46.2990513517 46.2778344588 46.7437857486 47.19728632 47.1132472085 46.1085495129 47.2712796526 47.3648434976 46.3715603561 47.3529259552 47.0595882855 46.5865061458 46.5953295141 46.4443173243 46.4426305121 46.5270558988
0 0 0 0 0 0 0 0 0 0 0 0 0 0 0 71.5586093852 66.9913767114 74.6648242606 46.9486755754 46.9176647933 46.3787922417 46.9039271132 47.2655781328 46.4708362875 46.4508464245 46.5835345337 47.3961324611 46.1734397496 46.4493438125 47.1611958479 46.3585734367 46.9365670098 46.6217389951 46.9695497112 46.1754494829 46.5777120048 47.3610654214 47.1201601194 46.0045340717 47.378225352 46.9208470361 46.780573502 47.0444798968 46.9745329037 47.0265501973 47.0978574874 46.0644091019 47.3258376183 47.2208932122 47.3965122684 46.4305566624 46.5135001232 46.7080835777
0 0 0 0 0 0 0 0 0 0 0 0 0 0 0 0 0 46.4685860721 46.0760457073 46.9833946911 46.2308595175 46.5265912503 46.0776192509 47.0606740208 46.4780404197 46.0552872338 47.1438285066 46.2962219031 46.4915412188 46.5695138944 46.6650406059 46.8648209506 46.7151655174 46.2942501729 47.3656052786 46.9510510955 46.568367191 46.4086587103 46.473189572 46.7925897325 46.714943788 46.1379196775 59.4189049272 59.4189049272 59.4189049272 46.3913775519 46.5919589875 46.047079927 46.9588962459 47.1113348714 46.3907344863 46.8527212348 47.3778954215
0 0 0 0 0 0 0 0 0 0 0 0 0 0 0 0 0 46.7911014221 46.1574865704 46.7814549461 46.4432266387 46.2188168436 47.2645606308 47.2294537711 46.7724835795 46.5671290727 46.216543264 47.3191747023 46.3326610466 46.9512968618 47.048771173 47.0929889551 47.3942717388 46.2129630504 46.0117675698 46.9675676027 46.7267719324 46.2742570566 46.9303795589 46.3356091606 46.5927029368 46.8041861907 46.452115556 59.4189049272 46.0472778944 47.0050241532 47.0078661096 46.3323815481 47.3048543451 46.0151268746 46.5025057541 46.9765159804 46.8968523453
0 0 0 0 0 0 0 0 0 0 0 0 0 0 0 0 0 0 46.7306379139 46.1903969071 46.6673779491 46.4015886997 46.1527583943 46.7905859794 46.0829080609 46.7366695986 46.6636360319 46.1848178936 47.3051934405 46.626393714 46.9803796954 46.243738646 46.876198109 46.5837559159 46.943452612 46.6075331098 46.2896759429 46.1107617583 46.0996064209 47.0537716754 46.8607535473 46.6908999822 69.7348303414 46.5921137743 69.7348303414 47.2767922283 46.7486141515 46.856584426 46.2933118523 46.5868898475 46.3346038906 46.3232330094 46.852401643
0 0 0 0 0 0 0 0 0 0 0 0 0 0 0 0 0 0 47.3611540729 47.35861598 47.2055105089 46.7624864562 46.4302522472 46.9890534252 46.2348343153 47.317682801 46.1714054989 46.7888343683 46.8771419855 47.1732723017 47.1779272913 47.1993590428 46.2133415526 46.668481182 47.1714798284 46.0334112963 46.314548322 46.2155367528 46.0486983541 46.1514591484 46.8818084921 46.9449806914 61.9418088479 61.9418088479 61.9418088479 46.1103115324 46.4467163924 46.4017685466 47.3600112178 46.2428787809 46.5241719042 46.0481108459 46.2493062122
0 0 0 0 0 0 0 0 0 0 0 0 0 0 0 0 0 0 0 46.6394406064 47.3242195958 46.9839395953 47.0891483954 47.1586589036 46.9609967353 46.9698819647 46.8065665898 47.0057493675 46.8902844026 46.4826682586 46.6521509697 46.3514498307 46.8692093562 46.6035686979 46.8618919893 47.1256125513 47.0359335931 46.6368334427 47.1401203713 46.2239845707 46.8405312798 46.5577532505 47.0834091545 61.9418088479 69.3819590208 46.6421562765 46.1689732919 47.2872668485 63.2670708864 63.2670708864 63.2670708864 47.2840657297 46.4288763105
