Spatial_Output/BAU/BAU_1180.asc
NCOLS 155
NROWS 192
XLLCORNER 196769.923733
YLLCORNER 449719.875193
CELLSIZE 27.603701
NODATA_VALUE NaN
[rows 115 to 137 of 192, columns 0 to 52 of 155]
0 0 0 0 0 0 0 0 0 0 0 0 0 0 0 0 0 0 0 0 27.6400686609 27.6300348547 27.6107833388 28.0977653259 27.7909160299 27.7882430111 27.6188360526 27.7468634033 27.7316051528 28.0481692741 27.7410077058 28.1275482808 28.1014261622 27.509641578 27.5873910086 27.8634140889 27.5031340375 28.1789664569 27.6996453244 28.0039664655 28.0964795774 27.6208976622 28.1498602664 59.5420373953 59.5420373953 28.0125737899 27.5251158074 27.801796234 41.9756941685 27.8078649169 66.4774867749 28.1703775295 66.5879637793
0 0 0 0 0 0 0 0 0 0 0 0 0 0 0 0 0 0 0 0 28.2011259937 27.7922314167 27.6132892528 27.6758874061 27.507012123 27.9586764339 27.8210999794 27.9305273142 27.8303611292 28.1045888538 27.5346408399 27.7859511952 28.0993345914 28.0401208781 28.1341150912 27.7232958282 27.5316291619 27.575972339 27.7630618242 27.6474116077 27.9293195346 27.5805612663 28.0328240532 27.8595499301 75.7552497167 27.5782612138 27.8157723953 27.974034243 27.8004990815 27.6170143165 27.8910949458 28.0604515869 27.7146087462
0 0 0 0 0 0 0 0 0 0 0 0 0 0 0 0 0 0 0 0 0 27.5138092639 27.6907570135 27.8084414913 28.0208132089 27.5020760306 27.883453007 27.8298907025 27.6158193697 27.6731260896 27.8890917931 27.6673783685 27.9618967388 27.6087441233 27.7743588334 28.1347391107 28.1682062021 27.6426475844 28.1618170943 27.7645747904 27.6205497121 28.1770211712 27.9045431488 44.6039813623 44.6039813623 27.5848532373 43.516063346 28.1225031338 28.0785759068 28.0283361663 27.6090591638 27.9082973319 27.9953276891
0 0 0 0 0 0 0 0 0 0 0 0 0 0 0 0 0 0 0 0 0 28.128261134 27.6580999631 27.9600327952 27.5292868879 28.1580896917 28.0618204904 27.7505898509 27.6135580822 27.8576957642 28.1877212593 27.9980296139 27.7257700649 28.1093343133 28.089139133 28.1963223069 28.0453340922 28.0668728327 28.0097856978 27.9780606707 28.1418280838 27.8639459795 27.8089558267 44.6039813623 44.6039813623 27.8074367836 53.1105220118 27.5764055835 51.6308138976 65.908746755 27.9915362581 27.7339925215 27.5513221007
0 0 0 0 0 0 0 0 0 0 0 0 0 0 0 0 0 0 0 0 0 0 27.5732723074 27.6099067335 27.727190315 27.5744182497 28.0666349684 27.8471007076 27.7624631337 27.7870371522 28.0354981843 28.0950898438 27.850286817 27.929496255 27.5454389345 27.7506061823 27.6799825681 27.752369182 28.1667980513 27.643246793 28.1053676554 27.6957456148 54.1489577671 54.1489577671 54.1489577671 53.1105220118 53.1105220118 51.6308138976 65.908746755 65.908746755 28.1819689806 28.1844269538 27.7857476546
0 0 0 0 0 0 0 0 0 0 0 0 0 0 0 0 0 0 0 0 0 0 28.161284846 27.5382826875 27.5234557677 27.7900362128 27.7111587617 27.5932820001 28.1402607849 27.8841492207 27.9897136611 28.0555926039 27.6488081882 27.6175863206 27.6883947703 27.7990785389 28.0897424462 28.186584774 27.7533788913 27.8124929015 27.551461042 27.656517239 48.3500030919 54.1489577671 54.1489577671 27.6530739822 53.1105220118 70.2439408325 58.4362864327 58.4362864327 58.4362864327 27.7166724633 27.6387595845
0 0 0 0 0 0 0 0 0 0 0 0 0 0 0 0 0 0 0 0 0 0 0 28.0018945303 27.9763937722 27.6332154705 27.5588603243 28.1849981852 27.613316871 27.8173478255 27.7616202045 28.1233256141 27.9611791557 27.5496808145 28.0675829867 27.6108639449 28.132633589 28.1994428887 27.792708826 27.8114849047 28.0755957388 27.966553669 48.1402201724 54.1489577671 48.1402201724 48.1402201724 27.652873074 27.5376964941 65.908746755 58.4362864327 28.1571535591 27.9266012738 28.0031433341
0 0 0 0 0 0 0 0 0 0 0 0 0 0 0 0 0 0 0 0 0 0 0 0 27.810431453 27.6789181053 28.1552852224 28.1574740661 28.138550623 27.7297129749 27.6511484197 27.7947166102 27.5076794126 27.7619947825 28.0832542599 27.806356449 28.1621111727 27.5883329681 28.1975487673 27.8288823931 27.7233727023 28.1418275231 62.6088048356 49.7581111707 56.2666512206 27.6259600273 27.5353866961 27.5831477301 27.7103419611 45.1574342904 51.8550306712 27.8318287992 86.4695766154
0 0 0 0 0 0 0 0 0 0 0 0 0 0 0 0 0 0 0 0 0 0 0 0 27.907671726 27.5443879737 27.551174825 27.6802452543 27.7518894435 28.1936468239 27.6364766101 27.6118518297 27.6608507482 27.9372996687 27.5279842718 28.0160980141 28.1006089984 27.6027432464 27.7006774103 53.8056201351 51.2669855912 42.2927259646 49.7581111707 49.7581111707 49.7581111707 50.5770332363 27.6924356697 50.6131888405 27.685042034 27.8384771098 51.8550306712 45.4464582748 45.4464582748
0 0 0 0 0 0 0 0 0 0 0 0 0 0 0 0 0 0 0 0 0 0 0 0 0 27.877376929 27.5658216333 27.5738028345 27.6198590886 27.575196562 27.5917140003 27.6927384963 28.1968926042 28.159500389 27.5281707312 27.8198844182 28.0322778883 62.2985538481 27.9851045008 53.8056201351 53.8056201351 27.571809069 49.7581111707 49.7581111707 56.2666512206 50.5770332363 50.6131888405 50.6131888405 28.0325162531 27.7198551507 51.8550306712 45.4464582748 86.4695766154
0 0 0 0 0 0 0 0 0 0 0 0 0 0 0 0 0 0 0 0 0 0 0 0 0 28.1972691922 27.6606066736 27.6368789059 27.8148981207 27.9524635782 27.9450528767 27.6156717746 27.5716031607 27.9158855576 27.7762016249 59.7681073222 59.7681073222 62.2985538481 61.7310589926 53.8056201351 53.8056201351 27.7262661784 42.2927259646 27.8203497706 28.0968275371 27.8632359354 27.6306340094 50.6131888405 27.5142581568 27.9605884248 28.0571780381 45.4464582748 28.029481425
0 0 0 0 0 0 0 0 0 0 0 0 0 0 0 0 0 0 0 0 0 0 0 0 0 0 27.8027219876 27.6154918015 27.9498127223 28.0335080592 28.1912361878 27.7117295503 27.6629816415 60.6322573195 60.6322573195 59.7681073222 59.7681073222 62.2985538481 27.5061857397 27.6218006161 27.8760329245 52.2848021956 52.2848021956 27.5052485291 27.983495989 27.9004516817 27.6500885202 27.9102593069 27.9435793446 27.9428402242 28.0709584635 27.8665791953 27.5781422579
0 0 0 0 0 0 0 0 0 0 0 0 0 0 0 0 0 0 0 0 0 0 0 0 0 0 27.8560446712 27.6814622417 28.0743804113 28.0539173056 57.8801738739 57.8801738739 50.1830769733 60.6322573195 60.6322573195 28.0178465232 59.7681073222 28.0594701454 28.0803738566 27.6514786252 42.5067977398 52.2848021956 52.2848021956 52.2848021956 27.5991263709 28.050649955 27.645324454 28.0695482752 27.8845293896 27.8258852453 27.5939045536 27.9871397275 27.7297345532
0 0 0 0 0 0 0 0 0 0 0 0 0 0 0 0 0 0 0 0 0 0 0 0 57.3598654857 46.4682943507 54.0614520738 27.6880175801 27.5691992146 62.9146911945 57.8801738739 57.8801738739 27.9689625588 27.7484493986 27.8918671824 27.6269303715 28.0647282577 27.9019533021 28.0100197383 27.7970434108 28.1416752876 42.5067977398 42.5067977398 27.5541260353 28.1219215792 28.1784523211 28.07074819 27.8066875577 28.021266992 27.6089222581 27.7742687966 28.1195847477 27.7155651232
0 0 0 0 0 0 0 0 0 0 0 0 0 0 0 0 0 0 0 0 0 0 50.5618813277 60.8249855854 43.6992278921 46.4682943507 46.4682943507 54.0614520738 52.4457508494 27.9702426601 27.933728586 57.8801738739 27.6190905315 27.789345347 27.6319139287 27.7027382727 28.1989201959 27.681155509 28.0522415581 27.8564423634 27.7204471612 27.9001067208 27.6284664147 27.5809404219 27.865531054 27.7377850066 27.7015254006 27.9440864777 28.1768290039 27.6613565186 27.580063531 28.0401761491 27.7413282624
0 0 0 0 0 0 0 0 0 0 0 0 0 0 0 0 0 0 57.8443683407 60.5265852461 59.9543484667 61.3653745785 60.3808168067 60.3808168067 44.9387068832 46.4682943507 46.4682943507 52.593944554 27.9147900088 27.5491888918 27.5027433365 27.6227852972 27.6585677889 28.0595277667 28.1510028608 27.6444165293 27.5129671132 27.780232848 27.8813043736 28.0322894029 27.9103135273 27.7345107793 28.0248915173 27.6175848429 28.1862149876 27.7702001218 27.8670096518 28.019925992 28.1135931339 27.5390349923 27.8222370321 28.1076297664 28.0609131347
0 0 0 0 0 0 0 0 0 0 0 0 0 0 0 13.3093784336 13.6112122506 24.7544196933 81.5475445663 45.7289972758 59.9543484667 59.9543484667 60.3808168067 60.3808168067 43.6992278921 43.6992278921 58.3494605592 0 0 27.8641036222 27.8181107774 27.5706084743 27.9056233905 27.5216617927 28.1728502293 27.8779551365 27.8775004124 28.1029238172 27.6109805486 28.0417380573 28.0773743041 48.4075242173 28.1149651692 27.9100476371 27.7785162072 28.1763512489 27.8370624998 28.0126275569 28.1797809003 27.9546970804 28.1306743314 27.9887437522 27.839945938
0 0 0 0 0 0 0 0 0 0 0 0 0 0 0 12.67366716 26.8454265058 24.9527441483 45.7289972758 45.7289972758 59.9543484667 59.9543484667 53.0526333172 60.3808168067 43.2653033567 49.6027948607 0 0 0 0 27.9467096082 28.206359751 28.0030994804 27.6473453055 27.6453060177 28.0046005814 27.6790504108 27.9581929636 27.6373267036 68.3281866792 68.3281866792 27.9223673486 27.8603993255 28.0660574363 27.5223449977 27.6126116457 28.0206098563 27.9127515006 28.1981026499 27.6268710126 28.1692505543 28.1952252201 28.0964172255
0 0 0 0 0 0 0 0 0 0 0 0 0 0 0 12.9354523787 27.5966302303 15.9746045269 81.5475445663 54.4168934603 45.7289972758 0 0 0 0 0 0 0 0 0 27.6426748846 27.5843026568 27.9861424055 27.5729504164 27.7414366412 27.6854224285 27.941867522 28.1430898065 27.5354505807 68.3281866792 68.3281866792 68.3281866792 28.042037431 28.0485784464 27.5568147821 28.138178251 27.5163097137 52.2842087214 27.6744104185 27.7955227687 69.2038121051 27.8863998566 52.6800921027
0 0 0 0 0 0 0 0 0 0 0 0 0 0 0 74.5833069874 52.1986881883 57.0850586535 48.3484232941 0 0 0 0 0 0 0 0 0 0 0 0 27.5095723179 27.7652030841 28.144341921 28.1044542126 28.0723082364 27.7501684372 27.7149960788 61.8391401781 61.8391401781 61.8391401781 27.6812937303 27.5893486208 27.9890107907 60.662101405 63.3460347079 27.5909180403 42.6902822486 42.6902822486 27.5187229108 69.2038121051 69.2038121051 52.6800921027
0 0 0 0 0 0 0 0 0 0 0 0 0 0 0 0 0 0 0 0 0 0 0 0 0 0 0 0 0 0 0 0 28.0385585811 27.9796697052 27.9286261357 28.0531758547 28.1315158733 27.8695786927 75.8694125283 61.8391401781 61.8391401781 27.7113558923 27.9824469313 27.7470337668 28.0504227728 60.662101405 27.6472475096 42.6902822486 42.6902822486 27.6612308248 69.2038121051 69.2038121051 27.795995036
0 0 0 0 0 0 0 0 0 0 0 0 0 0 0 0 0 0 0 0 0 0 0 0 0 0 0 0 0 0 0 0 0 28.0091059177 28.119526405 28.1192499852 28.1128285083 27.5527174872 58.1307094355 58.1307094355 53.7965750089 48.6194093266 28.1519000816 28.1245775866 27.9937527999 60.662101405 28.1532070318 28.2054780714 42.6902822486 27.926996346 27.6535616872 27.9914930166 27.9068839806
0 0 0 0 0 0 0 0 0 0 0 0 0 0 0 0 0 0 0 0 0 0 0 0 0 0 0 0 0 0 0 0 0 27.7915649723 27.9815894886 28.1429979821 27.6774861497 27.72585629 58.1307094355 58.1307094355 48.6194093266 48.6194093266 53.7965750089 27.5322846535 27.5579420633 27.6183011568 27.9426892096 27.7147597649 27.6488659627 27.8467648188 27.5341423435 27.9046288218 28.0210006202
