Spatial_Output/BAU/BAU_0632.asc
NCOLS 155
NROWS 192
XLLCORNER 196307.867259
YLLCORNER 449144.565805
CELLSIZE 33.573938
NODATA_VALUE NaN
[rows 25 to 49 of 192, columns 0 to 56 of 155]
0 0 0 0 0 0 0 0 0 0 0 0 0 0 0 0 0 45.4552721243 61.7286848938 52.6604177004 20.1496447911 19.9186872405 19.9186872405 18.0802467415 61.2817851992 47.8682986975 47.8682986975 65.3370033352 28.3353401467 25.6642126963 27.8099394728 26.136390073 25.5511773842 26.5543578629 27.8243685736 25.7615591606 26.4840478176 25.6105521959 27.7518996461 27.855958533 25.4349795612 28.9423918549 26.635553887 26.6906570559 24.6978840742 27.634026365 28.7192572129 25.9090875513 27.6268613084 26.8792708362 27.2975332135 26.5850833097 25.1517614522 25.6260120007 26.4079770322 24.686294222 25.6855447273
0 0 0 0 0 0 0 0 0 0 0 0 0 0 0 0 0 0 0 0 0 26.0942244881 25.7831151959 24.5124883551 26.6368133162 47.8682986975 65.3370033352 65.3370033352 44.7108619006 28.8194382361 27.7417900978 27.9664208642 25.867981714 26.9963137729 24.7536272467 24.6173132184 26.7233481023 27.916536114 28.6507539474 25.4429139176 27.5000383684 29.0740706075 26.3020671617 27.6863899429 25.2131560571 27.3209889567 25.3508856276 26.8437696677 28.1439071868 27.3493808992 25.1462935295 28.6212768194 25.6263467988 26.7934343221 28.0184254157 28.4374422063 25.4441578103
0 0 0 0 0 0 0 0 0 0 0 0 0 0 0 0 0 0 83.736513865 25.8748958446 25.3709659137 24.9107701589 27.0367687708 25.29548502 28.1360227055 29.1900175697 65.3370033352 44.7108619006 55.6913090247 55.6913090247 24.7096783332 25.9523062293 28.6942043414 28.90192026 27.233906901 26.702766081 25.2868099742 26.5628261391 26.0177196813 28.6375805213 24.8436870487 29.3408045958 26.9723346157 24.5548156396 27.8965031535 26.9461722921 28.7757509141 25.3591890609 28.8497402694 27.5617706928 27.4071068686 29.44045772 28.3465494498 24.7459408565 27.7338944654 25.4010539847 27.3816755256
0 0 0 0 0 0 0 0 0 0 0 0 0 0 0 0 0 83.736513865 24.6681527368 28.3100253562 28.447892748 26.07254874 29.2656014803 29.2868898648 28.8800133736 26.3754456253 44.7108619006 55.6913090247 55.6913090247 50.999232739 50.999232739 59.8327534232 27.9557967662 26.8882606188 25.9238187861 28.0608063701 26.7060184143 27.1262155215 28.1841501492 29.0261031607 24.5747806152 28.8768057297 26.2453167594 26.4316760939 25.3205810458 26.1309568631 29.4180871864 25.1808756219 28.9929973907 25.2226125211 26.4556982882 25.3029092552 26.1228863317 29.3147709279 26.3133348304 29.1895839025 26.337268026
0 0 0 0 0 0 0 0 0 0 0 0 0 0 0 0 0 25.6349414723 29.4383469037 46.307368959 40.8744249987 47.8538538894 27.0736478202 25.7173675962 28.7602879199 28.127490693 26.7400993564 55.6913090247 40.7564659301 50.999232739 50.999232739 54.065852436 54.065852436 25.5986015963 26.3971037721 28.9691502231 29.2364125703 24.6285627617 25.929683938 28.8766671251 27.7067540354 27.3414835751 27.448059866 27.8085555532 29.2289741344 26.0492819931 28.1405335274 24.8676613759 26.4819063583 27.8648597958 27.2895887428 25.7919251931 25.7157298187 24.8256484295 24.6611829045 26.8113199732 24.8618150977
0 0 0 0 0 0 0 0 0 0 0 0 0 0 0 0 27.7699872205 26.1345272781 27.5752482948 48.5016894916 40.3880785285 38.1134740042 27.620840433 25.0731945366 24.6892225335 28.1156005795 26.3215499098 25.2548637898 27.4323117073 50.999232739 54.065852436 54.065852436 47.1440573859 47.1440573859 24.5012563768 25.3885451372 28.2682123243 27.2579311922 27.3409728951 27.0196723391 28.7009788324 25.2563539275 25.230077804 28.6928483524 27.1394318954 24.947426933 28.4270018331 28.893773617 26.5739870062 29.2797142356 28.51410721 26.8156387061 27.7457539979 25.0845315133 25.0432342093 25.0914819847 25.4477033833
0 0 0 0 0 0 0 0 0 0 0 0 0 0 0 28.1282375843 27.16914365 26.4197045734 25.243423497 46.5511272368 48.988887203 39.7678511252 39.0558714477 24.6050281065 26.0098850948 26.9053768579 28.0421453215 24.8184103147 25.9363647116 25.4405592326 54.065852436 54.065852436 71.295776005 71.295776005 50.5261426923 25.8045087925 28.7533321383 27.2245531258 28.2498526967 24.507979502 25.4888326843 28.3335357896 27.5908361968 25.8549375639 24.5227946369 29.4054326994 28.7888491807 27.5679622003 28.3285044624 26.283693983 25.7274563089 27.8019009732 26.0647188137 24.5491282622 28.2661863771 25.6329021383 28.8751184552
0 0 0 0 0 0 0 0 0 0 0 0 0 0 0 27.0704343267 26.1371778179 28.3867070166 27.2903820693 45.7945105739 40.8305469035 49.1723641172 51.0004774334 28.9964857189 25.3640977056 27.789533672 26.1342137223 25.9537843241 29.1698328729 29.3801301968 25.8013078918 47.1440573859 71.295776005 71.295776005 52.0458242137 24.7501472662 39.5804752946 25.3086857667 26.9361025578 25.3513763311 25.3291930369 28.3866868652 28.8617857391 29.0424813434 28.6944861779 28.0924988632 25.1348317914 26.0642540088 28.4024195156 28.7697780421 27.7005064128 26.710099896 29.128111307 28.0035639398 26.809284309 27.1331211525 24.5998325283
0 0 0 0 0 0 0 0 0 0 0 0 0 0 0 24.9509707647 27.6258796309 25.039677558 26.5667065207 28.6809764562 44.8281504426 40.3280350303 44.1286449311 25.7406504444 29.1522504162 25.471913521 27.448811183 28.1944898477 28.8913929949 27.192026214 27.3554874854 28.8820035503 28.8853979888 52.0458242137 52.0458242137 39.5804752946 26.5472467665 75.4576846018 28.8441384654 24.8112467534 25.507228787 26.79674243 28.3495628094 27.5041076776 26.2114945203 27.6200751849 24.7524019359 25.2352745975 27.3405965169 28.9015430673 27.5931457213 25.6733109972 26.1693041797 24.6057429971 24.7213584221 26.7852158761 27.35077701
0 0 0 0 0 0 0 0 0 0 0 0 0 0 0 26.3451847326 26.6888655558 27.4653497001 28.4357390981 25.4454579794 27.9505161096 27.9956525204 24.6899721235 27.2784865023 28.7847730844 27.1967328466 28.3228209252 28.1783078584 26.7079170665 28.3116906043 26.2553587666 29.2725855373 28.2379068121 26.5891402382 39.5804752946 28.0025470625 75.4576846018 75.4576846018 25.5232544809 24.8660151697 28.6542727419 26.1006486079 27.0198763333 27.9556152088 29.3792940563 28.1554513077 26.5678575194 25.4590941413 27.7486802317 26.6936638048 25.2838552659 26.0387071559 24.5881047308 25.5071533058 25.12061599 27.1465742407 28.55354589
0 0 0 0 0 0 0 0 0 0 0 0 0 0 0 29.103468045 28.501310036 26.9877816088 24.9068219736 25.2761295816 25.0099198195 25.4267994852 28.2848488491 27.5918594095 25.5519507388 25.1540494161 26.4762075914 28.1756935013 26.1419657926 26.2163613913 27.3440577728 29.0101037828 25.9445489761 27.8120528921 29.190543582 75.4576846018 55.1486244646 55.1486244646 28.2617084219 25.8048536263 24.824181823 28.844150147 26.8095323133 29.3701784664 27.7915959643 26.3976477213 28.0663686803 25.1924172807 25.3418249762 27.864093386 27.6578195042 27.0171592617 27.239425588 28.4587557732 24.8484112864 26.6913190979 27.539764865
0 0 0 0 0 0 0 0 0 0 0 0 0 0 26.5853574177 25.8931054904 27.5696023498 24.8822789725 25.2352291524 26.6290466777 28.0215150099 25.7312271512 25.3598589939 27.7799213437 25.4546405444 25.6755680844 24.6063237969 27.2009825765 27.2032660746 28.6555429007 25.2714911537 27.3246872613 24.9737560534 27.0155737521 27.4590503153 24.743793304 57.3080611471 29.4346225493 29.2423831024 25.9280061339 25.1010599352 27.6629523663 26.2427516191 24.631703225 24.5836298957 24.5478178592 25.0625879003 27.6423922556 25.1772120993 26.9086877776 28.792424067 29.3722101434 28.7743658746 27.8298399736 27.987116076 27.9434051408 29.3914934161
0 0 0 0 0 0 0 0 0 0 0 0 0 0 27.457586394 27.2265373668 25.5524129466 25.4778149225 25.2567735785 26.6646952733 29.4157380325 28.3579634922 25.6485402859 29.3004717208 25.6669735304 29.3758280881 27.4088138379 27.4462212016 27.8557883306 24.5227510445 26.7492842953 27.7559942133 25.9692925091 26.5574096769 25.3045400407 57.3080611471 57.194016284 57.3080611471 26.8299945267 28.4638892708 25.0820107609 24.553667635 25.0194013146 24.7219674628 28.5494948977 26.9845159382 26.0055928736 26.2762643144 28.3920808358 24.7511983727 25.8697945803 26.6640752422 27.349515749 27.9695872114 26.6014677006 26.0215425181 27.2821566575
0 0 0 0 0 0 0 0 0 0 0 0 0 26.4281911838 24.6131231535 27.7994699278 28.0766216268 27.5884661953 24.6418078049 27.341030393 26.8795799563 28.1085913537 26.8714868283 24.8319548087 27.0311556749 26.9161087328 25.0552638982 25.9345864008 24.7516076784 28.0093259526 26.1973853284 26.0227632072 24.8636128168 27.8295943725 28.0136562788 25.7166862467 57.194016284 58.6086073808 58.6086073808 24.8233651239 28.3898177179 26.4036305022 25.2447100226 29.3568804951 25.9834974455 27.0518813244 27.3567387696 25.8864794241 25.0067852805 26.7215046477 25.8993275234 28.2513033434 27.7513698895 26.6164095594 28.3800449515 27.3327982101 25.6258599573
0 0 0 0 0 0 0 0 0 0 0 0 29.0280425006 27.0167150765 25.1434979889 25.2981528631 26.5246934457 24.8007342472 25.9712323316 25.7983022572 27.5816502671 29.2508578592 28.3223576708 25.0399166632 27.4253791913 28.3251363469 27.7109957129 29.0845642242 46.0322355268 45.9078961957 50.1005972108 29.278765798 28.5072164898 27.6092727842 26.4471016942 57.194016284 57.194016284 58.6086073808 58.6086073808 40.8582631633 27.5041232403 29.340188951 25.4163071863 28.5894435084 26.1429602332 26.7060095276 25.6163749563 25.1311604232 27.7837772414 26.8194610619 26.334346191 28.7223740994 24.7182352565 29.3559108011 25.502964532 25.4858073621 25.9519855636
0 0 0 0 0 0 0 0 0 0 0 27.1832539355 28.473503219 25.3153393273 28.5678866748 27.1364435164 28.6644247036 25.1293338344 27.4700886639 27.4967228419 28.7468980427 29.3222077361 25.3298291058 27.2403835306 26.506428968 27.5850904248 28.6682068413 28.851054767 48.7861929873 45.7240154959 37.317049635 28.0999871347 28.4708965462 27.0993733506 29.2695767956 24.7546445508 24.911006503 28.7394126793 61.5955773883 61.5955773883 53.9491779917 29.249519772 29.0036901463 26.865308742 27.283092103 25.6001069232 25.0615707179 27.0477609011 29.4271881259 26.4196083131 25.3667161704 27.4757251868 28.0045445598 29.1899392813 28.3340356511 28.096971735 26.8856544969
0 0 0 0 0 0 0 0 0 0 26.6149315728 26.6409858126 26.9524908308 24.9539055285 27.2651992973 29.1237779624 27.5402195057 27.6910847764 26.3389134239 28.9405880809 25.0414535203 27.1050005514 27.6697550017 27.0726122909 28.9571640658 28.5958432143 28.2397095689 29.3057136321 40.9606848195 44.7080522499 45.9970829729 29.1502670568 25.3545560262 28.5586669413 26.7396033688 26.9907499492 25.8259828166 27.7902859449 61.5955773883 61.5955773883 53.9491779917 25.5227325939 28.4005382223 28.478365266 26.3525149906 29.0530141488 28.1626296596 25.8386256129 28.5929344751 28.6524611872 29.3642213937 24.6684514472 28.9216144298 24.8109740181 27.467087049 29.0787492617 25.4511432327
0 0 0 0 0 0 0 0 0 0 28.8149457755 26.0471035764 25.5931126734 26.7461010864 27.8204379393 24.9949485862 29.0002213214 24.8680338088 25.7149505129 25.5812275799 27.2014578763 28.201851701 27.4547458484 28.6864528345 26.1808940066 26.640354946 29.4460393251 25.3720518443 45.3284988768 37.8965178881 51.103120751 28.7574877425 27.9207420047 28.3433048489 26.7990893406 24.6341026538 26.4177365201 48.5230001334 48.5230001334 48.5230001334 39.4063158049 24.9916579337 29.1908199247 25.7242050102 24.6300576033 27.3234857886 25.7466535486 27.506620961 28.1261449537 24.6259260051 28.7665592066 28.0466720763 27.2752731728 26.1038646589 25.3649334377 28.5480224179 28.5522961654
0 0 0 0 0 0 0 0 26.077541198 29.2370608689 27.4139735026 25.1207720339 28.8678225489 25.1713224035 26.0555615874 25.8656646141 24.9463487251 27.0479239288 24.5915218798 25.5707368166 27.4477767756 24.7198355336 24.9257921996 26.6504349465 25.1491098379 28.653555922 28.3187854181 26.035569177 27.7977005868 25.7116659133 28.4391139754 28.4090113303 24.5283909228 25.9262724964 26.0331180564 27.0800823923 27.2323264293 48.5230001334 48.5230001334 48.5230001334 54.0248141456 29.0649287174 26.3909396577 28.5076830359 27.6075404669 26.4771629189 29.1592830459 25.1264468001 28.7190513686 28.0744680771 24.8687313176 27.2426428486 26.9575101518 26.3138085912 26.4553516781 28.7574313944 26.5523884545
0 0 0 0 0 26.9699820387 27.6490952652 27.1056585992 26.0098097737 29.2601741366 29.3874857397 29.1180606454 25.3805982599 24.8343522081 24.8297135817 25.8432578273 28.8672094753 25.1411371817 25.9345686246 28.3467398468 25.5445569504 25.0400060074 26.4997868692 26.6396734949 26.5275790063 28.3852352073 26.3265330472 27.8869162017 24.8998298524 24.5560808162 24.6779443278 27.1502002268 27.6669089152 26.2010206047 26.676052047 27.7659655381 50.8758434385 56.2519684753 56.2519684753 60.5693921405 27.9992526445 24.8480422739 28.0425209739 28.1254123713 29.3021989739 28.5242833199 28.2587365652 24.630027113 28.6104852107 25.7356943409 25.0940148245 25.6278794971 24.514931821 26.3856013626 26.4489070619 26.8035808924 28.0052782224
0 0 26.1815193377 26.2353397114 25.0254427654 28.069362208 26.6318155698 25.5076960985 25.5141241878 24.8480119011 26.7880157888 27.8461421295 27.2320499837 25.092556482 25.8645308332 25.0784496375 25.9893573479 26.2595532678 26.7780081407 28.6357935412 27.4600645933 27.7371470302 29.3553562195 26.0549424183 25.4866850018 26.6369306478 29.2120572097 28.0210342463 27.1128062735 27.8986162111 27.518384376 27.5980655276 26.2011122611 25.1565334266 24.7160969762 28.2581684569 40.3402213239 56.2519684753 56.2519684753 56.2519684753 26.9539153288 26.3066781726 25.8903555947 27.0365818363 28.3527386066 25.3729788197 28.9579336142 26.9223476423 27.4914100295 27.9746381611 28.2227431372 25.0352585112 27.0856253477 26.4162282585 27.6319923121 27.2858585603 27.1320774254
0 29.0505475843 24.9190228337 24.8920350316 27.7386803845 28.6852273357 27.3601744594 29.2066487878 27.1273774492 25.4001769655 29.3743557468 24.6818311165 26.9497593594 27.1939848794 27.8918250611 29.3963264135 25.8638206646 25.3811802833 24.8189605698 24.7493517133 25.77455742 24.6337325006 26.2684840636 28.0056277611 25.0791997785 27.9846029334 25.6237677793 28.1496556019 28.4851187909 25.3890695697 27.5792151953 28.9182021009 25.889831172 28.0730274931 26.0618533825 25.9192163725 45.2436276747 50.8758434385 40.3402213239 40.3402213239 27.5583113616 28.535350391 27.9118394927 26.6598552392 24.6094792962 26.6073986723 27.6603261999 28.2287022152 29.3643639345 28.427181387 26.6986514753 26.9261973148 26.9489880795 24.6522290574 25.565139483 28.908539973 28.4990017926
27.0836578027 29.3356600944 27.8509211916 26.7735363848 25.2920451707 24.7244005994 27.3867933865 27.4844567229 28.5908263731 27.4900248929 26.7390472124 27.0318319391 24.7867670541 26.7276254478 25.062384622 25.3596707442 28.7941992273 25.0406976292 28.2690390203 28.3388842957 26.5324756424 26.424805559 25.3829569322 28.7843138496 26.3918905895 25.7374481449 26.5759039217 27.8480491147 27.0421829738 27.4152930382 25.1224978565 25.0320327436 37.910489004 29.3294681047 28.795760949 26.3367483938 28.9304896022 54.5574701114 54.5574701114 54.5574701114 52.2100146618 25.008657399 27.7979467756 27.7906212788 29.1563804827 28.2539240386 27.804195255 27.1865602284 28.4358476828 28.3503796318 27.1255829724 25.5507536653 29.3990752893 26.6045302676 25.6308182403 28.855885523 27.6585969695
26.7890884874 28.7654893852 29.2113863099 27.7838289667 26.2156893196 27.2540889511 24.774227717 26.3994764703 29.0880010509 28.1109675466 25.9523691128 25.800467824 27.957564773 26.0452143029 27.8817858435 24.8588849519 29.3290775581 27.6200017982 28.2707821448 27.690405829 26.6874872427 28.1786515029 29.172406923 28.9303574375 25.0135411191 29.2730953598 28.5299123113 26.177107092 25.8371855946 28.7105688343 26.5115854086 60.4627040242 60.4627040242 37.910489004 27.1973391529 27.5380310199 25.6568991786 25.7560327762 52.2100146618 44.6454176134 24.7343189427 27.3141799154 28.4251821875 28.3855830214 29.0169469506 24.9028063496 27.2744983526 25.7841454561 29.360790219 29.4329789619 25.3180035902 29.2214112177 27.48520398 25.6113196504 27.1217977533 26.7391288601 25.4372928818
24.9151720183 27.2858576455 27.4300074757 25.6422526552 26.2204127722 27.4586709519 27.210690643 28.0378827364 28.459442848 29.4274847337 29.0172944778 29.0780721481 25.1431054966 25.2863574031 27.2250666855 29.2223672072 27.5965822012 27.4250429413 28.8375026153 25.6806874243 26.0949355105 28.5106163776 25.6549785445 28.7980929695 26.5993652065 28.9904125978 27.9021881115 26.3371745909 25.1433970083 25.745121927 50.620056257 52.5257317073 52.5257317073 26.2247656503 27.3802200566 25.0858062155 24.7094927552 26.1643550861 27.365891019 28.7462117933 26.818001691 25.2794090689 29.0584250927 25.4404423088 27.3987005302 25.024100246 24.9567634345 26.9599667778 25.9213003067 28.4265886459 24.5390198934 28.7046080063 26.0939975611 28.0569901146 26.4445039484 29.2738106738 25.0788637894
