Spatial_Output/BAU/BAU_0659.asc
NCOLS 155
NROWS 192
XLLCORNER 196307.867259
YLLCORNER 449144.565805
CELLSIZE 33.573938
NODATA_VALUE NaN
[rows 125 to 149 of 192, columns 57 to 113 of 155]
26.0922220069 25.9183890319 26.7434826375 26.3209031405 24.5484175399 24.8456879148 28.9768636984 25.1095753572 28.2097457139 28.3021820773 24.8339344069 27.0165485389 24.7641004365 29.0644718515 25.0049579186 25.8586013072 29.2344243744 25.3748469359 25.128471703 24.524015173 28.9347957193 24.8006115285 27.1007153776 29.1282931136 25.8624406821 28.1181763062 27.8006259961 26.3700990838 28.7906266523 27.910363807 28.3777839705 25.6460735809 28.9025094088 27.7995659937 27.9074973399 28.2813317803 25.3124114933 28.0519012516 27.2388497797 28.8968615301 27.4269845004 26.1100701048 25.0219539775 37.9978493284 67.4232140353 67.4232140353 61.5101433953 61.5101433953 25.3450177463 24.9745047513 28.5547482301 25.4179474782 25.3887594648 25.8845492483 28.6255447001 29.3750930995 28.8874768998
25.249861238 56.0093487286 56.0093487286 24.6273161725 27.2973396826 27.9031321865 25.2598598459 27.7946242306 28.9106467159 25.1467470382 25.200753338 25.109003771 27.0608673932 28.820274504 28.6319045785 24.8207942492 24.5053245344 26.2106134213 27.6515657775 27.660240374 26.1578100111 25.6669731923 70.5787418829 26.3010279188 44.5957264758 26.7122981479 24.941168227 25.6066980284 27.2309472072 26.2080256338 25.1706399807 29.008888778 28.9581324295 28.5134414291 27.4327926654 25.8995390167 29.3173066297 51.0183918601 49.092792235 38.4422678728 38.4422678728 38.4422678728 57.852648496 53.7189064855 25.6831398906 67.4232140353 67.4232140353 25.4253146913 25.6523585328 25.6979668986 26.311937036 25.6989226023 27.7049942486 25.0344349121 26.1159847471 29.2577216968 26.319850591
38.8061674752 66.2586298041 56.0093487286 24.7215946018 27.9536636033 24.9333857967 29.1440754376 24.5709053117 27.6679801205 28.8669704386 26.2190155156 26.5716309125 25.679894112 25.5063982141 46.7061510886 41.8518265794 24.7996617659 50.26365092 24.9521254555 66.8268801518 54.2116682662 28.5615025564 70.5787418829 26.1505038411 44.5957264758 44.5957264758 27.68508431 26.4213147407 25.424188709 28.4684929572 24.5933824301 27.6273095793 28.702181012 24.7954320959 24.9974395176 27.7797793073 67.2625252103 51.0183918601 49.092792235 49.092792235 38.4422678728 57.852648496 29.3268329623 28.6554727595 27.1699230441 25.8612302479 26.3981198727 26.4703818258 25.5507675409 26.3026708 27.1655771968 27.4680070238 27.6461991397 25.84869097 26.5347003788 27.9996891492 29.3570195021
28.8951295372 26.6316752425 26.9228110091 27.1865662281 28.2517862556 28.3994858746 54.8468517884 53.6459207269 28.62384598 50.8124522357 48.9316388702 43.3695079692 41.2496771449 46.7061510886 41.8518265794 41.8518265794 50.26365092 50.26365092 66.8268801518 66.8268801518 66.8268801518 70.5787418829 70.5787418829 24.943859957 47.6165497834 26.3496859427 26.3155527363 24.7269463853 27.1114687617 26.2158035086 26.4991316989 26.6266352329 25.1310156447 26.0139572919 26.1669944557 26.1279018337 24.7702597939 51.0183918601 49.092792235 25.1229040659 38.4422678728 28.4615793779 24.6339202191 26.4493773081 27.5315350698 26.9397141879 27.9064710819 27.1355306193 25.8461197312 24.5132660438 26.9360438042 27.0950774482 26.1066274394 24.5043012988 26.5804021024 26.4788850188 28.5468502469
25.0655844994 25.4736460587 26.3465556828 25.8764959403 25.5190502498 26.8707487133 55.9357216229 53.6459207269 50.8124522357 48.9316388702 43.3695079692 43.3695079692 43.3695079692 25.9186321258 24.7437203351 41.8518265794 55.9484517578 50.26365092 67.914449659 24.9929258444 29.2649290187 28.5068602025 27.2832169808 47.6165497834 56.3934341328 56.3934341328 26.7739728599 27.9116705819 56.9942959175 27.7901206202 25.2434680727 24.8938379859 28.5914384465 28.955506351 24.9806980094 26.8610337759 26.5565871259 25.1364063245 25.8616160756 26.0728636858 28.9106961848 25.3381187488 25.6893639631 29.2293021795 27.0489084449 28.1594997035 28.5789295815 29.4474902816 29.2750930744 28.3408914695 24.8850636759 24.8702692057 27.4622639969 24.9516435428 24.7871328586 25.0268378108 29.2605764556
26.718885118 28.4658355497 27.1384200191 57.559524802 56.0157725355 25.1184814837 55.9357216229 53.6459207269 53.6459207269 50.8124522357 48.9316388702 42.7010038498 41.2496771449 24.8006350664 28.4877746765 28.1817775044 24.7218349044 27.551477654 27.2980276978 28.584423851 29.1231990923 25.378145009 27.2582061546 56.3934341328 56.3934341328 56.3934341328 63.855833072 52.2044677149 28.7705292628 25.7922882497 26.1023437618 28.815924578 29.2803051794 28.4231410318 25.6792301061 27.2199536021 25.7349453036 26.6927619223 26.441616043 28.1616113607 26.8245836489 24.645285425 24.7364922037 29.0448899705 26.9574271546 28.6949895491 27.4068967317 24.9556746005 26.9989983956 29.4103573754 27.0774914453 26.9432998325 25.3355387208 28.9406639336 25.1200804232 26.1366603635 26.2623623539
27.6144881073 28.8151727545 24.9015528203 56.0157725355 56.0157725355 56.0157725355 27.728372863 29.2332422334 26.3721677694 26.778685944 28.1914179888 26.8245084516 26.8757684805 28.9476588541 28.1308193467 27.123002282 26.1379697364 27.6820367267 28.43973473 26.0951264749 28.5185952274 27.9129802458 26.4489798356 27.9372861717 64.5652705775 63.855833072 63.855833072 62.0337802306 62.0337802306 57.3390556345 27.2367436053 28.4861367883 29.0463733985 29.2814305406 25.1377992571 27.1529327697 27.3355820333 27.51846244 28.7471043203 28.143889145 26.3230482582 26.0325394144 27.2862356814 26.5901485234 27.3382926645 26.0377313724 28.1653515204 24.9996071173 25.643056297 26.9793090435 26.3548176548 24.9324784096 27.5028722 29.3677204086 25.5870036138 27.8700674881 28.1393889009
46.1648385142 29.1926553258 51.6871995874 51.6871995874 51.6871995874 56.0157725355 25.7730242404 26.2974518529 28.7904776287 25.9967375655 24.8392675266 24.5615950163 28.737969525 27.5883841575 25.0527697845 28.767212403 27.3452536618 28.8780511261 26.6991927086 26.6658672604 28.851290517 26.4270356445 25.5759855106 26.7000675742 24.8169897895 63.855833072 29.2507012101 62.0337802306 62.0337802306 28.9239444875 61.6430964867 24.5711627239 24.5489615341 26.1643668138 28.0676226267 26.9394975942 26.0403487799 28.5215551845 26.0310118579 25.3324922153 26.4517939167 26.7642957794 28.7734159346 27.6241691533 26.2019623116 29.1782438787 25.3642466333 28.473986535 26.6583013013 27.3039878044 28.0922724771 28.4651423267 24.7274131048 27.5114606255 25.5694205495 26.6629820988 26.3227521683
29.0460742564 25.0472053946 29.0742712448 26.0860152174 29.165043174 25.8309480661 27.2863237284 26.210681304 25.8260048269 24.5437345674 25.199380628 27.3498071282 28.2698618199 25.6243215175 27.3883817073 26.3210175574 26.3282666686 25.0773837255 24.6393645435 29.0876134176 26.6315915307 27.9490935616 26.4963733932 24.9868479482 26.5459391909 26.1085976482 25.1201895977 27.4878254298 25.9156006729 61.6430964867 61.6430964867 42.3196397195 42.3196397195 25.3792422316 25.8280629846 27.7440838871 25.8565476446 29.0660813407 27.3846905777 26.5031353065 29.4439556921 27.8397047739 26.4831744794 27.9054802761 28.3622399009 25.6576584192 29.1240971748 25.5765849784 25.8230554436 26.7299513581 29.2991101275 26.3483533569 25.6462920609 26.526606415 25.3510678359 27.2519770906 28.996768545
26.7084063852 26.7259364524 27.4762376874 26.6361858048 29.0650802743 25.8453352457 25.1859349465 26.9814163064 48.3297582079 26.7055779661 27.4537071469 25.0510077945 24.7196573809 25.8886738708 28.4842922535 27.4977482221 25.3389293776 25.5517635589 25.8648409192 28.3330502058 26.1630368086 28.2450272028 26.5411855138 26.0505597273 27.762514497 26.1831497053 28.9335471567 29.1605076048 25.6534096069 25.6287956679 25.0694401226 27.190886839 65.820297963 27.1171201091 28.7938484257 27.2096450812 25.4232094438 26.1186737223 27.3348504263 24.9617362762 26.5196621934 25.5179187718 27.5606129834 24.5592999903 25.8909892945 28.5054608517 26.6815101643 25.6363842647 27.8183515813 27.6869100576 29.113836749 27.5507702416 28.5670825397 27.5216598519 29.1052439451 27.9098851203 27.3836726098
24.7881221413 24.8242010061 26.1703728186 28.1232138555 26.9135088787 27.9279261193 27.1338841532 48.3297582079 48.3297582079 25.2580116437 25.445629474 28.7565278472 26.3461916529 27.6212308392 27.4534191803 27.1096061804 28.4252312985 28.038775156 27.7645367291 27.4406278996 28.2929394187 25.5959906869 28.4139964631 26.7912196152 24.7377161593 26.6055850991 24.629233866 27.9998496357 27.7370293351 24.861442873 65.820297963 27.2534538828 65.820297963 29.0628702388 27.2658356902 24.9758945191 29.2722590977 28.8085163452 25.2226924801 26.2280155502 27.4933117429 25.3695548108 25.5311886574 29.409948955 28.9332798892 25.0895649993 24.7700642394 26.839109371 26.2766682773 26.5289441037 25.8107888088 27.1155435359 24.8694674949 26.2761096181 25.4064905193 27.3075581143 28.598190627
26.9173449708 27.2395004602 28.1475933365 28.8164166634 25.8270462411 26.517348057 25.2042000188 53.0951344868 64.9443446753 24.6101098619 26.3003722444 26.1059600095 27.7095184605 29.3476235573 27.3767599449 25.356580856 26.7618509652 26.8472279475 26.6517665511 24.6032344121 26.3300997368 27.4157413417 27.4356551076 27.3689767581 28.3548694557 26.9073299241 27.8841045886 28.6190090214 24.8390208402 26.1294076265 25.2131359786 29.0773567122 26.8340947526 24.9570882518 25.9021325885 25.7205966779 26.6370122763 26.3820155511 29.0734623769 28.1531430448 24.7011210807 28.6280813644 25.7344098556 27.4443322396 28.2135969832 26.004264655 27.8105258843 28.1990534233 27.3321285744 26.6562611619 25.9694713189 28.7678365817 27.6062375787 26.3249322795 24.888414043 26.1487876981 27.4733563473
25.9750507544 25.0165504539 26.1384544899 25.9051274756 25.1493537202 25.6808060451 28.628482962 64.9443446753 29.2594158339 64.9443446753 24.5988270733 27.9588201579 25.3405973832 28.2747363061 27.1339739373 27.6499494567 24.7614315345 25.664215432 24.6202172065 27.4582016964 25.3035907388 29.0183391196 25.0526882879 29.3098154528 25.6992635371 25.7235194975 28.0609622109 25.9909870628 24.9795260981 27.9140067396 25.8442064113 25.2251915942 27.8552754819 28.3494436286 28.0797100307 27.0319549666 25.1735172487 29.3547228117 29.0445766353 27.4936820842 25.9043849928 27.3424485616 25.1033884067 26.4438416869 24.8510368262 26.7354754715 25.2715917537 24.5926335586 25.4225911825 28.5211112697 25.9757322389 25.3136108351 25.3897759456 27.7594671353 27.8380290216 28.0479447742 28.725748275
28.8210518181 27.3560280769 25.3493847461 27.997516544 28.1359133958 26.5147814785 26.3944244762 50.8850093552 45.9146375673 45.9146375673 29.3975415159 26.8851079396 28.9406368565 28.2440122899 25.0259385128 25.1504707985 28.9447800432 27.334007097 25.2771887527 26.841929323 28.5364166897 25.5461263513 28.1855507786 27.0883435333 27.8107992726 26.4736817901 26.5783967257 29.3076181512 24.5054151146 25.9885769099 25.4853887945 77.1889302857 77.1889302857 77.1889302857 26.4729362916 28.345973927 28.9874359254 27.5926759156 25.2379064239 26.0569809481 27.335730116 26.013935908 28.0869116476 25.2415681144 26.9030236149 25.3245845498 24.9604493989 25.4020272076 27.1299302919 25.6666667117 29.0299926644 27.1387134993 26.1498547349 24.9164361279 28.4388868522 25.2591978083 26.0651390931
24.7808132251 26.933851956 27.1027708181 24.996583931 28.1355145919 26.9852537786 27.9910685849 45.9146375673 45.9146375673 45.9146375673 25.3827777778 25.1936269418 25.4526128181 24.6279160563 26.6763991695 28.7898619372 27.7694681493 25.993672649 29.3320108763 27.8432764597 27.77463274 26.1538445975 25.2169561686 24.8090868763 25.0490259266 28.6710016892 25.7225796516 26.2376315486 24.6190611019 27.1629833091 27.6145355017 29.4484538458 77.1889302857 28.0362054084 26.5763134273 29.3248537099 26.7175492488 25.9951171486 28.1668943536 25.814343089 26.5191203362 28.168461128 29.3119357138 28.7703180808 26.1483592305 27.1999588477 27.6884055402 26.158335274 26.2977980879 25.6964211656 24.8371975844 28.0829237412 25.2820755306 28.4616180439 28.9336919556 27.5258028076 25.2154021606
24.9675418166 29.3273638513 26.5446786619 27.7799943479 27.8603360306 29.0916689075 25.2041015037 24.6535054916 44.9191227979 72.5848411892 26.1179622629 29.3086558251 26.9206113267 26.7326566122 25.8177206573 25.7585541034 27.6839481243 28.7486587677 25.6812638437 27.5303897141 25.8007892329 26.0195426264 26.798131965 29.2625074972 28.8810540778 28.9063828642 28.7789888485 28.9511614129 27.706324533 27.2011807533 29.0271675829 51.5181601717 36.1376481834 36.1376481834 26.9344759221 25.2416221105 27.9873956628 27.3945044619 24.7425712616 26.3298250287 27.0220995907 25.122475687 26.1438875247 25.2320636203 28.1636168834 25.2683088554 29.2994532252 27.6756292426 28.8290743929 28.2492578858 28.2971332966 29.0444745552 27.8856614232 28.3427631575 28.8673032037 25.9529331261 29.3398931659
28.8723918305 29.1206673659 28.0686502737 28.0704807771 26.7438986077 26.8405032745 26.6313237471 26.0440226519 44.9191227979 44.9191227979 44.9191227979 24.6088519739 25.7183749958 28.7931772643 28.0250428745 26.6833369761 26.4992727954 27.8430752472 25.8140604961 27.4546168271 26.3091223456 24.511151966 26.8841649558 26.8800268613 27.7008078164 29.4299386917 29.0122853193 27.7257947318 29.1388079719 28.4284389649 24.8470676678 71.2770613105 36.1376481834 36.1376481834 50.4630228239 27.0478352008 24.8307400066 28.886516648 28.9640617417 26.7801341833 27.031742289 27.0104846878 26.3279237941 25.7536800228 28.8636620513 28.2331885544 26.8027618794 25.9393814571 24.6618914818 25.1293066062 29.3122363265 27.6773278099 25.986419901 28.8601981335 25.8375682562 26.4085263641 28.690113193
29.2601297612 29.0484898234 26.7128104415 27.5506538501 26.3314015003 25.1283089258 25.7280849893 28.5447808326 58.0712941778 58.0712941778 26.9473214354 28.7206598864 27.4555986916 27.3905486905 25.6166374815 26.2796078951 28.0448618024 27.669825187 25.2616384439 28.7898581762 25.8456561276 27.9794274099 26.3502544903 28.4388466719 28.1418351369 28.5956821704 27.4961780443 25.8045046271 24.7631733461 26.7941427081 27.0497099953 25.9236684467 78.1559374309 78.1559374309 78.1559374309 27.2583803284 26.8915341278 27.8509594861 26.3569988332 24.5884210481 25.6778607026 25.9295791567 28.1527816663 28.7924734804 27.8104778237 27.9788115075 28.9359155012 25.9843845343 28.9032681707 27.7370198572 26.087044448 26.5885120003 26.552619515 24.9496501374 25.3081036373 25.3100615095 27.5889519599
25.9950865395 26.6168208323 28.3461949987 25.4813996101 27.5941886356 25.1204847409 27.4075004284 24.8068218646 58.6799152495 58.6799152495 27.1934559901 27.5069695454 28.7581003462 29.4355812453 26.052191483 24.7186726786 26.7548796173 26.277674552 26.5738071565 28.3371892451 28.0777719977 26.1002994901 29.3024167346 28.084879963 26.1278809001 27.7758569654 27.6913325071 25.062919104 28.0357321026 29.3276156067 26.2589435181 27.975881948 78.1559374309 78.1559374309 69.5198540712 28.4978052413 29.2993608945 25.9990791989 28.5980390596 26.970145754 25.5255680978 27.4488209888 27.1471652301 29.4314604363 26.7453217996 24.8790511056 28.084144956 25.0347883085 26.6481923181 28.277719566 27.6768272996 27.1497358834 24.5559547991 28.8456203772 28.1890409213 24.9265849743 24.8424329429
25.2085952034 25.4373988072 29.0952593395 26.6711295463 27.6234210274 26.5629786522 27.2409463167 58.6799152495 58.6799152495 58.6799152495 27.0678427226 24.8390443252 25.8376929083 24.9644923702 27.1315734233 26.6972165218 28.3778188689 26.8701358503 29.2502117686 26.1164933138 28.5580593542 27.9834360656 26.2621590453 26.7463193035 25.3532640796 25.3238164381 27.9560210659 26.3163411247 28.4720948576 25.0580109964 25.479608094 28.5479471922 69.5198540712 69.5198540712 69.5198540712 48.3740592699 25.5856937155 25.3178454586 29.07846433 24.8731909693 24.7988513585 25.198320827 25.9495214709 24.9037885373 27.6912324621 24.6591245725 26.8901324313 27.7774457668 28.7634131492 26.5298549701 26.2838462491 26.8518707534 27.5897098707 28.4054330006 26.8694594083 26.5095001769 26.7402529673
24.5119420214 27.3041393963 28.9415514672 28.7374051083 26.1426207009 27.6414556814 25.939621872 25.3943367103 28.1001395449 67.7926510231 24.5455104821 25.9294736508 27.7002381302 26.3257409413 29.2926825334 29.0893134224 28.0155795465 28.0930650211 27.6043973042 25.9376953017 27.1771294865 29.3965815777 25.6474741758 26.916252403 27.393131014 27.7016326267 28.0829398903 24.9029033364 26.6107436439 25.5935665232 25.2099382375 25.8791828445 49.8318900547 48.3740592699 26.1847751947 25.9542202029 25.7170471061 27.2049999995 26.3069587756 27.5483699781 25.7513706738 27.6414302732 28.0348137285 26.8279232076 25.7106985565 28.0762906891 25.2272627511 27.1209265996 24.6817317818 26.8242065273 28.7320252201 25.9289819853 26.7370827227 25.0006323125 28.9766078318 29.4224110462 25.3991702118
26.2354473802 27.1028989371 27.8611515912 28.9340959697 24.5402343521 27.5619402901 25.7678494149 25.7380441082 59.9746071617 24.6744568102 25.807768136 28.0713034012 26.4069920691 25.9650864623 28.4450815975 26.5384609858 24.7378996337 26.3877194968 25.3795084661 27.7952479231 25.5863621663 29.1378499557 25.2932604478 27.1155203531 27.4418361892 27.8457140457 24.9251999795 28.6809604875 27.7539511519 25.4178128398 25.8780080844 26.6486371757 28.2976328879 28.8385253833 27.1222705922 27.1483118648 27.8098180436 26.984000983 25.9371733323 25.434854075 26.8457218412 26.988782942 26.4581859121 26.5940232017 28.2990792385 25.3563609056 26.4313047867 28.969408732 28.5914013521 26.3618279632 24.593052596 28.8012794243 29.0849033627 26.7147108483 26.6642431959 27.5377074489 28.6480420142
25.6330258456 27.4728765075 29.2814732843 25.5576840919 28.8111433635 29.0978456821 26.8102708508 59.9746071617 59.9746071617 59.9746071617 28.1245617959 26.5508371419 27.1721253546 26.7892072711 26.1021704159 28.6728646819 27.6452334341 26.3881472163 28.5631712987 26.6549765539 27.7604147207 29.2992957406 25.525384113 26.2826551993 28.8309964393 27.5042196549 24.9904106872 28.4456653045 25.8052462011 29.286678381 29.3159117338 26.0623131512 25.6936378999 25.9802333059 44.1871377491 44.1871377491 44.1871377491 24.5901303109 26.4737723631 24.5518303731 24.85851691 28.460286959 27.4296983934 24.9104975347 26.8718815112 26.6535058687 28.8353390854 28.8172091757 27.1512507929 29.1565564153 24.649096934 26.7375641083 24.5586894524 28.4417571477 28.3198869777 28.2964640018 24.524037143
26.9063687716 25.392054784 29.2964095601 24.7413939901 25.7321159813 26.0295787643 26.312386801 24.5560719722 26.5257535089 24.7776853272 25.3424015401 28.6198832035 28.1948152618 26.1761215301 28.4599884378 29.0302907954 27.678061617 28.4682290516 24.6885320112 28.8604809196 29.3449863784 29.4463063028 28.2017667067 25.1398198152 26.5251120008 25.957094944 25.5984741653 25.2734079247 25.2050202236 25.1228328253 28.4879600823 27.7435199844 24.8434022866 26.3776375405 42.8080037246 44.1871377491 25.5289953318 27.863209081 26.8165496996 27.0714406428 25.057601224 28.1974879491 29.0927438746 25.5877931462 26.1719118961 25.743711023 24.716703068 27.9261032077 24.8623419546 25.9132181875 29.4253592598 28.8854326308 28.4778914704 26.7475659657 27.3436925083 28.9908222692 27.9016825906
27.5756947126 27.3471746834 25.0724328152 27.5843106666 28.8443809477 27.9480114611 27.9259464786 25.4340324504 28.6179101235 28.4978013804 27.7983331901 28.4614481207 28.9272646328 26.15911743 25.5935572861 25.4545904179 25.1897999675 29.4000381653 24.6230281032 29.3051546932 28.0085129525 26.4052597381 29.2108825544 27.2545051934 26.8389685933 27.3446709128 25.2041119453 28.8207085596 25.0342477896 27.1983532598 27.6865426568 24.8254472081 24.5914310617 25.9029989652 24.717659457 57.9059217321 57.9059217321 57.9059217321 24.8284100633 29.3368898526 29.193311159 24.7624680834 27.3078113214 26.0277490044 28.060083861 24.8726981258 24.820545188 24.7186529808 25.1363210664 28.8859148304 26.4604527528 25.662977222 25.9801680302 29.1739144598 26.756120956 26.5512983004 26.2370250426
