Spatial_Output/BAU/BAU_0823.asc
NCOLS 155
NROWS 192
XLLCORNER 196307.867259
YLLCORNER 449144.565805
CELLSIZE 33.573938
NODATA_VALUE NaN
[rows 108 to 143 of 192, columns 0 to 79 of 155]
0 0 0 0 0 0 0 0 0 0 0 0 0 0 0 0 0 0 0 0 0 0 0 0 48.2964592555 15.33 45.2232996296 54.180881817 21 21 21 21 21 21 21 21 21 21 21 21 21 21 21 21 21 21 21 21 21 45.2297598164 45.2297598164 21 21 21 48.9356775677 36.6645605497 21 21 21 21 21 21 21 46.4140521235 46.4140521235 46.4140521235 21 21 21 21 21 21 21 21 21 21 21 21 21 21
0 0 0 0 0 0 0 0 0 0 0 0 0 0 0 0 0 0 0 0 0 0 0 0 0 0 0 0 21 21 21 21 21 21 21 21 21 21 21 21 21 21 21 21 21 21 21 21 65.8231189397 55.4668455188 65.8231189397 21 21 48.9356775677 48.9356775677 21 21 21 21 21 21 21 21 41.549332286 46.4140521235 41.549332286 21 21 21 21 21 21 21 21 21 21 21 21 21 21
0 0 0 0 0 0 0 0 0 0 0 0 0 0 0 0 0 0 0 0 0 0 0 0 0 0 0 0 0 21 21 21 21 21 21 21 21 21 21 21 21 21 21 21 21 21 21 21 55.4668455188 55.4668455188 55.4668455188 21 21 21 35.037272938 21 21 53.1897311028 64.4667945858 21 50.7710293934 78.1539048626 21 39.0559800115 21 21 50.610267594 48.4548709195 21 32.4328543386 62.7979544765 47.1033516958 55.2386722184 21 50.2746319356 21 52.9165101208 46.4332004895 58.3948183002 77.1032851002
0 0 0 0 0 0 0 0 0 0 0 0 0 0 0 0 0 0 0 0 0 0 0 0 0 0 0 0 0 21 21 21 21 21 21 21 21 21 21 21 21 21 21 21 21 21 21 21 52.0841831522 55.4668455188 51.3819031177 65.8231189397 21 35.037272938 35.037272938 36.3842742753 21 53.1897311028 64.4667945858 64.4667945858 37.5396074839 37.5396074839 52.7807942886 50.1977795285 41.3531948923 50.610267594 48.4548709195 48.4548709195 48.4548709195 62.7979544765 62.7979544765 47.1033516958 47.1033516958 55.2386722184 21 52.9165101208 52.9165101208 46.4332004895 58.3948183002 77.1032851002
0 0 0 0 0 0 0 0 0 0 0 0 0 0 0 0 0 0 0 0 0 0 0 0 0 0 0 0 0 0 21 21 21 21 21 21 21 21 21 21 21 21 21 21 21 21 21 21 51.3819031177 51.3819031177 51.3819031177 21 21 35.037272938 35.037272938 36.3842742753 36.3842742753 36.3842742753 64.4667945858 64.4667945858 37.5396074839 37.5396074839 52.7807942886 50.1977795285 62.0108536685 21 50.610267594 48.4548709195 48.4548709195 32.4328543386 62.7979544765 47.1033516958 55.2386722184 21 50.2746319356 21 52.9165101208 46.4332004895 58.3948183002 77.1032851002
0 0 0 0 0 0 0 0 0 0 0 0 0 0 0 0 0 0 0 0 0 0 0 0 0 0 0 0 0 0 0 21 21 21 21 21 21 21 21 21 21 21 21 21 21 21 21 21 52.8631041469 51.3819031177 56.6678114193 47.1052742417 54.944037438 54.944037438 36.3842742753 36.3842742753 36.3842742753 21 64.4667945858 21 50.7710293934 52.7807942886 60.8308997053 61.1881564159 61.1881564159 62.0108536685 21 21 21 21 21 21 21 21 21 21 53.9203655291 47.6057107001 53.9203655291 21
0 0 0 0 0 0 0 0 0 0 0 0 0 0 0 0 0 0 0 0 0 0 0 0 0 0 0 0 0 0 0 21 21 21 21 21 21 21 21 21 21 21 21 21 21 21 21 21 56.6678114193 56.6678114193 56.6678114193 56.6678114193 54.944037438 54.944037438 54.944037438 54.944037438 21 21 21 21 21 21 21 61.1881564159 61.1881564159 21 21 21 21 21 21 21 21 21 21 21 47.6057107001 47.6057107001 47.6057107001 21
0 0 0 0 0 0 0 0 0 0 0 0 0 0 0 0 0 0 0 0 0 0 0 0 0 0 0 0 0 0 0 0 21 21 21 21 21 21 21 21 21 21 21 21 21 21 21 21 64.9848654167 64.9848654167 64.9848654167 47.1052742417 21 62.1175884216 21 21 21 21 21 21 21 21 21 21 21 21 21 21 21 21 21 21 21 21 21 21 21 21 21 21
0 0 0 0 0 0 0 0 0 0 0 0 0 0 0 0 0 0 0 0 0 0 0 0 0 0 0 0 0 0 0 0 21 21 21 21 21 21 21 21 21 21 21 21 21 21 21 21 56.3498417986 59.3167505507 52.5388814761 21 47.1052742417 62.1175884216 21 38.583216598 21 21 21 21 21 21 21 21 21 21 21 21 21 21 21 21 21 21 21 21 21 21 48.4039320196 21
0 0 0 0 0 0 0 0 0 0 0 0 0 0 0 0 0 0 0 0 0 0 0 0 0 0 0 0 0 0 0 0 0 21 21 21 21 21 21 21 21 21 21 21 21 21 21 49.1490329917 49.1490329917 42.9362824231 59.3167505507 21 21 21 38.583216598 36.6001841501 36.6001841501 21 52.9223469846 21 54.5015815196 21 21 21 21 21 21 21 21 21 21 21 21 21 21 21 21 21 62.9419890644 21
0 0 0 0 0 0 0 0 0 0 0 0 0 0 0 0 0 0 0 0 0 0 0 0 0 0 0 0 0 0 0 0 0 21 21 21 21 21 21 21 21 21 21 21 53.2913388027 44.2594706934 44.2594706934 42.9362824231 43.8084264209 60.7394215704 64.2938228224 32.7419832002 48.8585987443 56.2768302921 36.6001841501 36.6001841501 36.6001841501 41.0105131594 52.9223469846 54.5015815196 54.5015815196 54.5015815196 21 21 21 21 21 21 21 21 21 21 21 21 21 21 21 50.3191206245 50.3191206245 50.3191206245
0 0 0 0 0 0 0 0 0 0 0 0 0 0 0 0 0 0 0 0 0 0 0 0 0 0 0 0 0 0 0 0 0 0 21 21 21 21 21 21 21 21 21 21 53.2913388027 44.2594706934 44.2594706934 21 43.8084264209 43.8084264209 32.7419832002 32.7419832002 32.7419832002 56.2768302921 47.374224406 36.6001841501 36.6001841501 21 52.9223469846 21 54.5015815196 21 21 21 21 21 21 21 21 21 21 21 21 21 21 21 21 50.3191206245 50.3191206245 50.3191206245
0 0 0 0 0 0 0 0 0 0 0 0 0 0 0 0 0 0 0 0 0 0 0 0 0 0 0 0 0 0 0 0 0 0 0 21 21 21 21 21 21 62.3550899465 21 53.2913388027 53.2913388027 53.2913388027 44.2594706934 37.3848332667 43.8084264209 21 21 32.7419832002 48.8585987443 56.2768302921 21 21 21 44.3857846027 44.3857846027 21 21 21 21 21 21 21 21 21 21 21 21 21 21 21 21 21 21 21 21 21
0 0 0 0 0 0 0 0 0 0 0 0 0 0 0 0 0 0 0 0 0 0 0 0 0 0 0 0 0 0 0 0 0 0 0 21 21 21 46.8426783203 48.9866680114 62.3550899465 62.3550899465 57.0510766689 21 53.2913388027 53.2913388027 21 51.7389470253 51.7389470253 60.8265329477 21 21 21 21 21 21 21 44.3857846027 44.3857846027 21 21 21 21 21 21 21 21 21 21 21 21 21 21 21 21 21 21 21 21 21
0 0 0 0 0 0 0 0 0 0 0 0 0 0 0 0 0 0 0 0 0 0 0 0 0 0 0 0 0 0 0 0 0 62.764025694 69.8177287769 52.0434106701 21 21 46.8426783203 21 62.3550899465 62.3550899465 21 21 21 21 21 51.7389470253 51.7389470253 51.7389470253 21 21 21 21 21 21 21 44.3857846027 60.7484298214 60.7484298214 60.7484298214 21 21 21 21 21 21 21 21 21 21 21 21 21 21 21 21 21 21 21
0 0 0 0 0 0 0 0 0 0 0 0 0 0 0 0 0 0 0 0 0 0 0 0 0 0 0 0 0 0 37.7344170153 38.0838197666 43.8733365613 42.8836146452 42.4248159395 52.0434106701 21 46.8426783203 21 21 21 21 21 21 21 21 50.2597515697 50.2597515697 50.2597515697 21 21 21 21 21 21 21 21 21 60.7484298214 60.7484298214 42.199272143 42.199272143 21 21 21 21 21 21 21 21 21 21 21 21 21 21 21 21 21 21
0 0 0 0 0 0 0 0 0 0 0 0 0 0 0 0 0 0 0 0 0 0 0 0 0 0 0 0 47.7789428376 42.3118689432 42.3118689432 69.928887253 31.0408473045 37.4208462984 41.0256153868 52.0434106701 52.0434106701 21 21 21 21 21 21 21 21 21 35.6967308471 50.2597515697 50.2597515697 21 21 21 21 21 21 21 21 21 21 42.199272143 42.199272143 21 21 21 21 21 21 21 21 21 21 21 21 21 21 21 21 21 21 21
0 0 0 0 0 0 0 0 0 0 0 0 0 0 0 0 0 0 0 0 0 0 0 0 0 57.1963571753 69.1107326267 73.7669453859 73.7669453859 42.3118689432 42.3118689432 69.928887253 43.0785911074 33.4493779851 42.3814030311 54.7063549248 0 0 21 21 21 21 21 21 21 42.6344297333 42.6344297333 42.6344297333 21 21 21 21 21 21 21 21 21 21 50.1053370445 21 21 21 21 21 21 21 21 21 21 21 21 21 21 21 21 21 21 21 21 21
0 0 0 0 0 0 0 0 0 0 0 0 0 0 0 0 0 0 0 0 0 0 0 0 0 57.1963571753 57.1963571753 57.1963571753 73.7669453859 42.3118689432 42.3118689432 45.1180240296 51.6051166195 55.145741716 0 0 0 0 21 21 21 21 21 21 21 42.6344297333 42.6344297333 42.6344297333 21 21 21 50.0946928421 21 51.1340762157 37.3692736604 43.1801482234 39.9485014706 41.0291220029 41.0291220029 41.0291220029 21 42.9212187945 42.9212187945 21 21 21 21 21 21 21 21 21 21 21 21 21 21 21 21 64.4867217063
0 0 0 0 0 0 0 0 0 0 0 0 0 0 0 0 0 0 0 0 0 0 0 0 0 57.1963571753 57.1963571753 60.8954813382 73.7669453859 50.6089134352 0 0 0 0 0 0 0 0 0 21 21 21 21 21 21 21 21 42.6344297333 21 21 49.4027100187 36.7515667262 50.0946928421 51.1340762157 51.1340762157 43.1801482234 43.1801482234 39.9485014706 41.0291220029 41.0291220029 42.9212187945 43.1794727587 42.9212187945 21 21 21 21 21 21 21 21 50.4954568203 32.2263265455 44.6183309294 66.8773476147 66.8773476147 21 44.1388110633 44.1388110633 44.0426044563
0 0 0 0 0 0 0 0 0 0 0 0 0 0 0 0 0 0 0 0 0 0 0 0 0 0 0 0 0 0 0 0 0 0 0 0 0 0 0 0 21 21 21 21 43.6319749024 21 39.3724963796 45.158338175 21 50.3349807854 36.7515667262 36.7515667262 50.0946928421 51.1340762157 51.1340762157 43.1801482234 34.6702357636 39.9485014706 21 21 38.7716860736 43.1794727587 43.1794727587 43.1794727587 57.6129377097 21 21 21 69.6892558965 40.9105670434 21 44.0993227715 44.6183309294 44.6183309294 66.8773476147 66.8773476147 21 44.1388110633 44.1388110633 44.1388110633
0 0 0 0 0 0 0 0 0 0 0 0 0 0 0 0 0 0 0 0 0 0 0 0 0 0 0 0 0 0 0 0 0 0 0 0 0 0 0 0 0 21 21 21 21 43.6319749024 21 21 21 21 49.4027100187 36.7515667262 50.0946928421 21 21 21 21 21 21 21 54.2353309599 43.1794727587 43.1794727587 57.6129377097 57.6129377097 57.6129377097 41.6858065396 69.6892558965 69.6892558965 69.6892558965 40.9105670434 44.0993227715 44.6183309294 44.6183309294 38.9109585042 66.8773476147 21 21 44.1388110633 21
0 0 0 0 0 0 0 0 0 0 0 0 0 0 0 0 0 0 0 0 0 0 0 0 0 0 0 0 0 0 0 0 0 0 0 0 0 0 0 0 0 21 21 21 21 21 21 40.6899831948 40.6794570437 21 50.3349807854 21 21 21 21 21 21 21 21 21 21 43.8684215635 49.7645759332 49.7645759332 57.6129377097 57.6129377097 21 21 69.6892558965 40.9105670434 21 21 49.5825552969 21 21 21 21 21 21 21
0 0 0 0 0 0 0 0 0 0 0 0 0 0 0 0 0 0 0 0 0 0 0 0 0 0 0 0 0 0 0 0 0 0 0 0 0 0 0 0 0 0 21 21 21 21 21 21 21 21 21 21 21 21 21 21 21 21 21 38.6976469583 38.6976469583 49.7645759332 49.7645759332 21 21 21 21 21 21 21 21 21 21 21 21 21 21 21 21 21
0 0 0 0 0 0 0 0 0 0 0 0 0 0 0 0 0 0 0 0 0 0 0 0 0 0 0 0 0 0 0 0 0 0 0 0 0 0 0 0 0 0 0 21 21 21 21 49.3508285862 21 21 21 21 21 21 21 21 46.7757796032 46.7757796032 47.0691195342 38.6976469583 38.6976469583 21 21 21 21 21 21 21 21 21 21 21 21 21 21 21 21 21 21 21
0 0 0 0 0 0 0 0 0 0 0 0 0 0 0 0 0 0 0 0 0 0 0 0 0 0 0 0 0 0 0 0 0 0 0 0 0 0 0 0 0 0 0 21 50.6051567456 50.6051567456 50.6051567456 21 21 21 21 21 21 21 36.3586218445 38.585000169 38.585000169 46.7757796032 47.0691195342 21 38.6976469583 21 21 21 21 21 21 21 21 21 21 21 21 21 21 21 21 21 21 21
0 0 0 0 0 0 0 0 0 0 0 0 0 0 0 0 0 0 0 0 0 0 0 0 0 0 0 0 0 0 0 0 0 0 0 0 0 0 0 0 0 0 0 0 21 50.6051567456 50.6051567456 21 21 21 21 21 21 37.4837672727 36.3586218445 36.3586218445 38.585000169 46.7757796032 47.0691195342 21 21 21 21 21 52.5261355455 21 21 21 21 21 21 21 21 21 21 21 21 21 21 21
0 0 0 0 0 0 0 0 0 0 0 0 0 0 0 0 0 0 0 0 0 0 0 0 0 0 0 0 0 0 0 0 0 0 0 0 0 0 0 0 0 0 0 0 21 21 21 21 21 21 21 21 21 37.4837672727 36.3586218445 38.585000169 81.1106320563 21 21 21 21 21 21 52.5261355455 52.5261355455 52.5261355455 21 21 21 21 21 21 21 21 21 21 21 21 21 21
0 0 0 0 0 0 0 0 0 0 0 0 0 0 0 0 0 0 0 0 0 0 0 0 0 0 0 0 0 0 0 0 0 0 0 0 0 0 0 0 0 0 0 0 21 21 74.7563033647 74.7563033647 74.7563033647 21 21 21 21 21 21 21 21 21 21 21 21 21 21 52.5261355455 52.5261355455 61.1850386667 21 21 21 21 21 21 21 21 21 21 21 21 21 21
0 0 0 0 0 0 0 0 0 0 0 0 0 0 0 0 0 0 0 0 0 0 0 0 0 0 0 0 0 0 0 0 0 0 0 0 0 0 0 0 0 0 0 0 0 74.7563033647 74.7563033647 57.1217548789 51.7443702046 21 45.8823436485 45.8823436485 45.8823436485 21 21 21 21 21 21 21 21 21 21 21 21 21 21 21 21 21 21 21 21 21 21 21 21 21 21 21
0 0 0 0 0 0 0 0 0 0 0 0 0 0 0 0 0 0 0 0 0 0 0 0 0 0 0 0 0 0 0 0 0 0 0 0 0 0 0 0 0 0 0 0 0 21 57.1217548789 57.1217548789 57.1217548789 38.9624671086 21 45.8823436485 45.8823436485 21 21 21 21 21 21 21 21 21 21 21 21 21 65.20401409 21 21 21 21 21 21 21 21 21 21 21 21 21
0 0 0 0 0 0 0 0 0 0 0 0 0 0 0 0 0 0 0 0 0 0 0 0 0 0 0 0 0 0 0 0 0 0 0 0 0 0 0 0 0 0 0 0 0 36.5583420907 48.1076739356 48.1076739356 38.9624671086 38.9624671086 37.5366694479 21 21 21 21 21 21 21 21 21 21 21 21 21 21 45.326120103 45.326120103 21 21 21 21 21 21 21 21 21 21 21 21 21
0 0 0 0 0 0 0 0 0 0 0 0 0 0 0 0 0 0 0 0 0 0 0 0 0 0 0 0 0 0 0 0 0 0 0 0 0 0 0 0 0 0 0 45.6077436337 36.5583420907 36.5583420907 36.5583420907 21 21 38.9624671086 21 21 21 21 21 21 21 21 21 21 21 21 21 21 21 45.326120103 45.326120103 45.326120103 21 21 21 21 21 21 21 21 21 21 21 21
0 0 0 0 0 0 0 0 0 0 0 0 0 0 0 0 0 0 0 0 0 0 0 0 0 0 0 0 0 0 0 0 0 0 0 0 0 0 0 0 0 76.5004150792 68.6735279038 68.6735279038 68.6735279038 36.5583420907 36.5583420907 39.1167476663 39.1167476663 21 21 21 21 21 21 21 21 21 21 21 21 21 21 21 21 21 21 21 21 21 21 21 21 21 21 21 21 21 21 21
0 0 0 0 0 0 0 0 0 0 0 0 0 0 0 0 0 0 0 0 0 0 0 0 0 0 0 0 0 0 0 0 0 0 0 0 0 0 0 76.5004150792 76.5004150792 50.6712676628 48.7835746861 68.6735279038 68.6735279038 48.7835746861 39.1167476663 39.1167476663 39.1167476663 39.1167476663 21 21 21 21 21 21 21 21 21 21 21 21 21 21 42.5469825729 42.5469825729 42.5469825729 42.5469825729 21 21 21 21 21 21 21 21 21 21 21 21
0 0 0 0 0 0 0 0 0 0 0 0 0 0 0 0 0 0 0 0 0 0 0 0 0 0 0 0 0 0 0 0 0 0 0 0 0 0 76.5004150792 76.5004150792 76.5004150792 76.5004150792 50.6712676628 68.6735279038 69.9214308253 0 0 21 21 21 21 21 21 21 21 21 21 21 21 21 21 21 21 21 21 70.2878862116 70.2878862116 21 21 21 21 21 21 21 21 21 21 21 21 21
