Spatial_Output/BAU/BAU_0268.asc
NCOLS 155
NROWS 192
XLLCORNER 196307.867259
YLLCORNER 449144.565805
CELLSIZE 33.573938
NODATA_VALUE NaN
[rows 25 to 49 of 192, columns 57 to 113 of 155]
44.6430958844 44.6987020508 44.6424080505 45.1176960795 63.5891757528 59.6175940561 59.6175940561 72.1554891003 66.2815108631 66.2815108631 56.4511239424 44.6188958236 45.1381458288 44.6276020767 45.0292888727 44.8295699263 45.1647925429 44.7682239049 44.5145452541 44.6901795258 45.1983672733 45.1093567564 45.024025652 44.6658357924 0 0 0 0 0 0 0 0 0 0 0 0 0 0 0 0 45.0630880008 45.0159325549 44.5178847325 45.0383258046 44.7017831066 44.9015400253 45.0562505277 45.0999636096 45.071795408 44.5972784945 44.5860751611 44.91247564 44.9714977021 44.5510448965 44.5129353278 44.9820182504 44.7397932904
44.6455268486 45.1684148607 44.5518177686 44.5384104448 66.3469959586 72.9002787807 59.6175940561 45.0174912912 66.2815108631 67.5449717592 44.5944301857 44.8223324585 44.8216998603 44.6775119333 44.9738767161 44.8243047056 44.5650012481 44.69365784 45.1612010392 45.1731370352 45.1235570387 44.7019180339 45.1727537527 44.6644298649 44.9363023393 44.9583039271 0 0 0 0 0 45.1964648371 45.0758124756 44.6885806614 44.9755384003 44.629076698 0 0 0 0 44.8745523082 45.0813302453 44.866715839 45.1430284248 44.9565903301 44.6035600352 44.8247268454 44.6985249645 44.500245548 44.6444663632 45.1205034208 44.7066723755 44.834345618 44.9497386353 44.9405984661 45.1321469888 44.9803891243
45.1177069094 45.1196293546 45.0653372592 45.1653923562 44.6953046369 72.9002787807 72.9002787807 72.9002787807 45.0353504225 67.5449717592 67.5449717592 67.0574660294 44.7380245536 44.7141609251 45.1648247365 45.1229772406 45.107877414 45.0369043302 44.9774819341 44.9854338983 44.9800015379 44.651619616 45.1572656741 44.7850638437 44.6399645462 44.6686534052 44.6122630828 44.7447388468 44.7348650375 45.035206693 45.1199269032 44.9328052147 44.5725203656 44.9185205671 44.5801353963 44.7005612335 44.7077292885 44.955238387 0 44.888376308 45.1608801651 44.7537643455 44.6512348465 44.6292221587 44.8112295366 45.0519299277 45.0857309711 44.946450313 44.6205562425 45.1098163267 45.1824269904 44.6845702309 44.5750920228 44.8004546302 44.5831924095 44.6920803172 44.9330439697
44.5914954884 45.1304747574 44.6659752555 44.8233084749 66.3469959586 72.9002787807 72.9002787807 54.95833717 54.95833717 67.5449717592 67.0574660294 45.0661774306 45.0632038424 44.7600719325 45.0877308035 44.858708222 44.6354017163 45.117951964 44.7739150033 45.0735426059 45.1562147495 44.9405424963 44.7972573961 45.1945347337 45.0484115794 45.0631937604 44.9001947142 44.5542410932 45.1082632636 44.524183779 45.1217762059 44.9078744845 44.6539435045 44.7225125571 45.1092282303 44.9537529412 44.5302907967 44.9459744103 44.8071190133 44.8359047757 44.9838149164 44.5635002904 44.6273293221 45.0188479524 44.7600390493 44.5359816513 44.5418647081 44.895749117 44.7828657319 45.1839934876 44.8692208258 45.19644362 44.5843858317 45.1598792234 45.0374506498 44.8928992814 44.7801054819
44.8574825837 44.7416696046 45.1346653859 92.0216267437 92.0216267437 73.150487836 73.1178030303 54.95833717 68.6164966812 68.6164966812 81.610082475 81.610082475 81.610082475 44.9798699006 44.9482046561 45.1001118983 44.5870264479 44.8555259759 45.2012869469 44.7758826122 44.524988996 44.6258869332 44.8518047587 44.5854088387 44.8601954947 45.1002977177 44.9758231541 45.0440366103 45.167195124 45.2041098304 45.0690041992 44.9794743601 44.8183609861 44.6469620655 44.7657723953 44.9482770061 44.7780967288 45.0858194666 44.7078408161 45.174189988 44.9894538461 44.6220785618 44.6973206462 44.6156941955 44.9284172547 44.8042694783 44.9588222597 44.9152047542 44.984847912 44.7411200674 44.9005054824 44.5342643551 44.9222343964 44.9673691685 44.8580348184 44.6814180584 44.7727370527
44.8561712106 45.1299365549 45.0842682888 73.150487836 92.0216267437 92.0216267437 91.9081359125 54.95833717 66.6793352086 66.6793352086 66.6793352086 66.6206389909 66.6206389909 44.610388307 44.7423358959 44.6734880154 44.9479671057 44.7333339483 44.9933344369 44.6741500289 44.9809045119 44.6741013879 44.711214044 45.0737396812 44.6635121394 44.6068648591 44.5797219795 45.0142183943 45.1063473119 44.9878210884 45.0843954974 44.7139619003 44.6200821529 44.7503656798 44.8164624928 44.9868325395 44.7898817277 44.6807933421 44.6627636772 45.1689457349 44.5744447195 45.1600269689 44.5484768074 44.7567811174 44.6886655938 44.8765692703 44.9050882936 44.5071921359 44.9949095932 44.6241467261 45.0021335715 44.5369691399 44.8759762743 44.7484236123 44.8407163966 44.658844919 45.0718193143
44.9492997357 45.1945367497 44.7031341638 45.1131170855 91.9081359125 91.9081359125 91.9081359125 82.816778534 66.6793352086 66.6793352086 66.6206389909 66.6206389909 44.6511495965 44.8770155209 44.8125272217 44.516797462 44.6365527236 45.0718292858 45.1230041029 44.9297106364 44.6138334614 44.5045580086 44.6438155871 44.7608086586 45.1282966198 44.5921845752 44.6024496907 45.1951270926 44.5368660537 44.6813129771 45.0701983949 44.9273663218 45.0119453144 44.9279252389 44.7731953512 45.1216750635 44.5513399019 44.8063071983 44.8488568148 45.0882836001 44.7704459993 44.7870813455 45.1466030663 44.9508518526 45.1972678938 44.9185730004 44.7611299162 44.8676942931 44.5654635107 44.6016222264 44.8008757834 44.753170252 44.5004308359 44.7502377727 44.6140630904 44.6668545291 44.998815781
44.6123966663 45.2070629581 44.8486116965 45.1284234365 66.3961206433 66.3961206433 66.3961206433 44.5682638407 81.9169197892 44.5312769128 45.125674292 44.9406892742 44.7745236189 44.9251087258 45.0023141286 44.8246384406 44.5378845153 45.010904107 44.8611570371 45.0803717819 44.519801536 44.6840980469 44.9324253277 45.1081895859 45.162909879 44.9356067003 44.9694081874 44.831556871 44.852061855 44.7994800405 45.0048116309 45.1457075173 45.1280158536 44.9617121737 44.8330625514 44.7399431399 44.7516478885 44.6668804321 45.0975551357 44.898024251 44.9365661339 45.200110508 44.604694106 44.9064550197 45.1588892108 44.6471480242 45.135265396 44.942706209 44.8347843051 45.0777090688 45.0526014669 45.1056249336 44.9372183061 44.7894130201 44.6777424802 45.0047527415 45.1207043704
44.596539783 45.0435323359 44.5036426357 44.5692670027 45.0261834898 45.0625224876 45.1740231272 91.0808463569 44.9867881152 45.0630428202 44.7979895926 44.8977342569 44.6187864149 44.798423805 44.7057953302 44.9038345767 45.1730504269 44.8080519941 45.1608984367 44.5498115794 44.6573252265 44.6473587046 44.9047063083 44.9143650104 45.0171276242 45.1073511248 45.0793641082 44.6000256226 44.9103890435 45.1049178162 44.773235362 45.1193037456 45.1523056264 44.8560687831 45.0434452533 44.8246968661 45.1073423171 45.1062424141 44.9579306876 45.0276916556 45.0390106588 45.0665039551 44.719284936 44.8348359801 45.0195061602 44.9724190164 44.937812611 44.7334284796 44.87688684 45.076348013 44.5484499826 44.565624464 44.5731552678 45.0663741243 44.502597713 45.1283450672 45.200263642
44.5461239795 44.8003649132 44.6616780028 44.7324835714 44.6936144619 44.76559088 61.5412691862 61.5412691862 61.5412691862 44.5550532966 44.7073242841 44.6054431649 44.5414083543 44.9108527409 44.7814235781 44.8302411961 45.004094481 44.6051480403 45.0673447981 44.8547345184 44.5401688694 45.1927178439 44.9136291861 45.1798140352 44.979032178 44.9288967774 44.5103040038 44.5029805713 44.9961223601 44.698049456 45.1516145335 44.5389679946 45.0438425175 44.9218706418 44.5033429866 44.7742882675 44.5376282725 44.9033844344 45.1668848348 44.7289779426 44.9019083437 44.9177260638 44.804321585 45.0929252309 45.0516577617 44.6369524235 45.1117253311 44.70253768 44.6406504092 44.5064267453 44.5107418759 44.9909772289 45.1869851337 44.6735945348 44.5916817006 44.6357257967 44.9547624236
45.0090650194 44.5952335047 44.757721488 44.9579758236 44.6143193868 45.1276172323 52.7118640183 52.7118640183 52.7118640183 44.5881060223 44.7669162464 45.0125291845 44.9679708765 45.1249413297 44.623274875 44.9527826256 45.1501164764 45.0059118244 44.6777624416 44.5939813651 44.7750944906 44.5446307543 44.5655857664 44.8781630795 45.0280551352 44.7606025672 44.9757331791 44.5221542561 44.7666531457 45.1448661316 44.6137824866 44.705044405 44.6939670925 44.6938762701 44.8113348184 45.1378502835 44.6688147329 44.8753790949 45.1591253558 44.9724723558 45.0522648472 45.0723589715 45.1983845078 44.8303321566 44.5823503287 45.0236511321 44.8536575983 45.0836101004 44.9392164974 44.8336213257 44.6455214153 44.5505392906 44.6542594007 44.5846150086 45.1029593459 44.6201985915 45.1714064033
45.1877715328 44.6145411323 45.0127960077 45.1641254032 44.9592226584 44.9828922745 52.7118640183 52.7118640183 52.7118640183 44.86547688 44.5959226775 44.7667709688 45.1059196425 44.753283612 44.6243888604 44.591447726 45.1510535827 44.8079861158 44.81268692 44.5361506708 44.8101230916 44.7370683507 44.5113696737 44.6472773371 45.1464409412 44.5432450099 45.1138789462 44.9104761413 44.9801143053 45.0689158553 44.8996126928 44.7385116116 44.9445057987 44.5382221513 44.7988310934 44.7509259599 44.7409735541 44.8187900981 44.9683228673 45.1025305443 44.5936612118 44.6320738139 44.9109428886 44.6178980932 45.0686158523 45.0776896669 44.7496238539 45.0413838486 44.9484937393 44.9645764142 45.0666459546 44.8801172604 44.8381101109 44.977312586 44.8667192755 45.0478814569 45.0947594006
44.6079898502 45.0597692079 44.5885635806 72.0042110942 72.0042110942 72.0042110942 44.9149598226 57.8228119352 45.1726453037 44.753264224 44.9509984894 45.0430267782 44.6039280829 45.0424226251 44.9545295421 45.0479735399 44.6504424927 44.5057568961 44.6860264334 44.6879253562 44.5390558408 44.6878496885 44.7688508191 45.0084258723 45.0760963734 44.611450482 44.7442538061 44.7383961211 44.7330889277 44.5261447826 44.8349590876 44.7841811586 44.6663918266 44.8816650764 44.9018320111 45.1937811803 44.7502869042 45.1482677101 44.5696067977 44.7719446449 44.8685156563 45.0982057809 44.5236489141 44.6003291861 45.1904441216 44.6102068099 44.6386233613 44.6917012197 44.6423297689 44.5783471627 45.1181352269 44.8634902167 44.6920618519 45.1060971147 44.6677795543 45.2047287618 45.0935776564
44.519112277 44.7792197786 45.1643242868 72.0042110942 72.0042110942 72.0042110942 44.5024716951 44.5242183536 44.9161589251 44.9540405414 44.950859026 44.6206104879 44.6240640796 45.1594287811 45.0042437486 44.634700463 44.9775870234 45.1543897113 44.6883479332 45.1211304565 44.682129763 44.7011121694 45.1214355949 45.1686887801 45.1563344079 44.9309389669 45.1945990805 45.1741552483 44.6209596013 44.889264288 44.5576143908 44.6461090803 44.7988447769 44.6391243814 44.6128524448 44.9224967528 45.0542281493 44.9896469654 44.9022453155 44.9506838701 44.7986036812 45.1436936994 44.6534043636 45.126387122 44.9881132366 45.0541679364 44.8310480567 44.7714213534 45.1993879893 44.7262289047 45.0644918398 45.1156231131 44.889180181 44.5665691535 44.8652428182 45.0927729717 45.0827840849
45.1725865208 44.6359115115 44.8898214656 44.8458118278 72.0042110942 72.0042110942 44.5044021594 44.9209724941 65.7910116423 55.5317943451 55.5317943451 44.8595281799 45.1455367146 44.7725228048 45.07421918 44.861514531 45.0354398847 44.6064062724 44.6659619233 44.7164949383 44.8471040354 44.8843184983 44.5890688764 45.0631080805 44.8548695053 44.8602114192 45.1088944598 45.1033623316 44.8005756096 44.6290621365 45.1037047299 44.6489475431 44.9721591122 44.8043649769 45.0470329952 44.6824222138 44.7835530741 44.5971782207 44.6858738415 44.9373512252 45.0322408303 44.9730611227 45.0233232435 44.8268516688 44.7653768097 44.8344090252 44.8022005602 44.6333892606 44.8101534114 44.6120591635 44.6111478737 44.5867238836 44.6990883577 44.5936678225 45.0798021112 45.0497095373 45.003605715
44.6788467906 44.7905834875 44.6958764771 60.0396868191 60.0396868191 60.0396868191 72.5731666738 52.1756004471 57.5900467093 55.5317943451 55.5317943451 45.010979379 44.7841581073 44.8829180061 44.6870851173 44.724470222 44.9307649115 44.6318139655 44.9875019614 44.5348358127 44.7599229801 45.1725156958 45.1819108221 44.8410183045 44.5546938631 44.926788921 44.9226959233 44.9282878161 44.7260798279 44.8821088408 44.8500220444 44.7898172921 44.9890948106 44.6183392769 45.033864813 45.1638932543 44.7414389324 45.0801154213 44.5139229742 44.8436304758 45.1933422977 44.8006652892 45.1052792186 44.9979874271 44.9587700332 44.5865050051 45.0907689636 45.1279023517 44.9470498629 44.6419479491 44.732175754 45.0817872123 45.1677756344 45.1158307856 44.6471625967 44.630059656 44.6156107612
44.8677775925 44.9385114979 44.5180007668 44.9091852431 83.3172063057 76.865101153 72.5731666738 72.5731666738 57.5900467093 65.7910116423 55.5317943451 45.0619733916 44.5359619762 44.9059551718 45.0231997895 44.9094440543 44.7596754017 45.1358893038 44.5196063853 45.0917354765 45.1715797391 44.8674078455 44.9320363828 44.8665110628 45.1951671128 45.2011652636 44.6514547376 44.5928700903 45.1455932471 44.9775370981 44.5563226348 45.0634217477 45.1414287484 45.1806586022 44.6909094937 44.6024547371 44.7001620001 45.1304273621 44.74835558 45.1740748581 44.8417869694 44.9809712678 45.1614097756 45.0439925381 44.9806495529 45.0092475575 44.6277028478 45.1751478065 44.5264099899 44.9591267761 44.7746013987 44.8974183515 44.8469949826 44.5584384443 44.9588462854 44.662445594 44.9908847186
45.0234252808 44.7328724763 44.9599428608 83.3172063057 83.3172063057 83.3172063057 83.3172063057 72.5731666738 57.5900467093 65.6075946217 45.1508391543 45.1926258804 44.9032650912 57.026097395 44.527783151 44.6288280577 44.5760665761 44.9964628677 44.875780226 44.7134221955 45.0312199698 45.0120498575 44.6281086779 44.8653017284 44.5062157312 44.901349102 44.8603493348 44.7516963866 45.1829134781 44.5728684544 44.8617282945 45.0800514756 44.9439273982 44.7205658612 44.8132818997 44.800076711 45.16705498 44.6191648007 44.5900413169 44.6848465874 44.658134542 44.9121949601 44.6879278363 45.1488136207 44.8613134643 44.6798776396 44.6278437215 45.1779852469 44.6737790999 44.8260015608 44.7895319028 45.0737341453 44.8273009737 44.7744424909 44.710315315 44.7070131875 44.5478918924
44.7412684711 44.6539907814 44.7578032051 56.8959089072 56.8959089072 56.8959089072 56.8959089072 44.7583674752 65.6075946217 76.798709203 76.798709203 44.9608432006 45.1199608843 57.2291832345 57.2291832345 69.9184889595 45.1235182587 45.1069589544 44.5280879807 44.517345537 45.132249433 44.7584611561 45.1161668425 45.0905460929 45.0665415683 44.9613724703 44.5819034432 44.6715254172 44.6064233361 44.7776446042 44.5287699964 44.9233288008 44.720359762 44.9890904631 45.2026563674 44.6559777797 44.5137342225 44.9112277504 45.1284601601 44.6641587262 44.7812326259 44.8054909159 44.9582557812 44.9989137516 44.7673017724 44.8450499244 44.7114988605 44.8431586054 44.6692280126 45.1218937496 44.6912318853 45.0875101857 45.0287402239 45.1594791638 44.7707395719 45.0944708246 44.7234928179
44.5439880168 44.759037203 44.667487174 56.059022984 56.059022984 56.059022984 56.059022984 45.0498012075 44.5852029222 76.798709203 76.798709203 44.9804899428 57.026097395 57.2291832345 57.2291832345 69.9184889595 45.1856423973 45.1327201822 44.9176483401 45.1357339677 44.5338431486 44.8164684002 44.8739242141 45.0037140333 44.6445769125 45.139044822 44.5925946902 44.9534843151 45.1717080795 44.6837697604 44.759379508 45.0812361486 45.1171175831 45.1569348452 44.5539648799 45.0432526988 44.7471604711 44.5591387395 45.1184557267 44.6830032467 44.7026740028 44.732511057 44.9907179834 44.9345858388 45.1661862564 44.5837983873 45.1519497908 44.5453153101 45.0864768822 44.5556544448 45.1912830506 45.1738968954 44.7636192406 44.9023479416 44.8509432578 44.7592875462 44.963954716
44.6048299545 44.7315670005 45.0020983395 44.999944479 59.6561421183 45.0611458542 59.6561421183 44.7802127872 45.2046733047 44.7174591313 44.9471744752 44.6693931418 44.8358188117 57.2291832345 69.9184889595 44.7177070972 44.8841201186 44.5685530854 44.6197380084 44.5135734219 44.925557629 44.9852903197 44.8068098629 44.8262069609 44.7999105195 45.1482263767 44.7653252452 45.1153240644 44.6912602772 44.7781238373 44.6135385223 45.1388851489 44.9924324806 44.7358329595 44.7863739208 44.7908040807 45.1521690293 44.8174241189 44.6185382797 45.1655749368 44.9582535621 44.7080070968 44.9604304901 44.6364726874 44.7669382644 45.1259193813 44.7080864496 44.5425695401 44.7967683061 44.9689785683 44.5879801054 45.1764708627 45.1621529716 45.1117886451 44.7236137311 44.9553464565 45.1387797481
44.8654556514 45.1460066563 44.9581708864 44.7128416832 79.2334130733 62.7409584609 62.7409584609 44.8405707397 45.0545602205 44.6726159215 44.5576660624 44.5617898384 44.5524547442 44.8748536502 44.6314064661 45.1642673813 44.5012803481 44.6611695742 44.6528254403 44.9295492003 44.6627510251 44.7425246463 44.5123864484 44.9072544364 44.5560619044 45.181979667 45.1545591499 44.8053849323 44.805554927 45.1951139127 45.0968697542 44.5259686002 44.8710931361 44.7557623492 44.7312845593 44.998647707 45.052503534 44.9630913889 45.0592941885 45.1629895189 44.5035816677 44.6240377212 44.6128914015 44.8438146823 44.6235675387 44.707940587 45.1780484185 44.5889178632 45.0609421764 44.6905673284 44.7100345907 45.135710868 44.8941464766 44.9595676823 44.6042403546 70.3497136714 70.3497136714
45.1877958547 45.0230605927 44.9895584087 44.9272601214 62.7409584609 62.7409584609 62.7409584609 44.6779496058 44.5136223105 45.0108295071 44.5137575866 44.6080049428 44.941266769 44.6720903165 44.5792732194 44.5697789056 45.197372603 44.8370024657 45.0463710799 45.0630920875 44.9033322511 44.513773165 44.7453301839 44.6369333421 44.5025345478 45.0121102315 44.6085997707 45.0091861938 45.0459932153 44.5998503447 44.9497607873 44.9024701343 44.9951634206 44.7527472885 45.2005016343 44.7788552534 44.7215592824 44.6583119725 44.7419766317 44.6120889999 44.7115595787 45.0519782338 44.5141142035 44.9302556377 44.5745859355 45.1388145598 44.8906950105 44.8879977516 45.1664678193 45.2025033613 44.673649187 44.799913638 45.0210277263 44.8512107553 44.5156990608 69.1138298619 70.3497136714
44.5847583198 44.6642518843 44.5926173943 45.0980835535 44.8562364182 66.758618853 66.758618853 92.5750978729 44.7988192553 44.5376741719 44.8298750955 45.161533582 44.6211957042 45.0866711588 44.5869550014 44.6485837504 44.6671869365 44.5354520847 45.0979706453 44.7812126221 45.1814342211 44.6169526831 44.7421062242 44.8701795426 44.7430280943 45.1821947666 44.9630325555 44.5034856152 45.2028894528 45.0867016472 44.7313272919 44.5350728962 44.5310208382 44.5434258379 44.9690955694 44.7339883207 44.7850534528 45.0026327635 45.1816867323 44.8200135459 44.769772808 45.0996594997 44.7546182945 44.7062896366 45.1301067769 44.9050125777 44.7068102981 45.1059047128 44.5595155511 45.1051846421 44.6665750921 44.5737938376 44.5568100926 45.100953528 65.5601742487 77.8175528678 80.944091607
45.0939741095 45.0785299297 45.1529595637 44.9772371429 66.758618853 66.758618853 66.758618853 80.0527933009 44.6139491939 44.9534405079 45.0335674314 44.6749443482 54.091277462 44.8755715717 44.7947434855 44.6002999217 44.9028031893 44.6841222115 44.9950618379 45.1034244785 45.0182209292 44.6671337068 44.8787048904 45.1621354685 45.0656742004 44.5663919686 44.8325631504 44.7577378341 45.182498844 44.6329365558 45.058355325 44.9776341866 44.7610453747 44.656973461 44.5833885095 44.8145786189 44.8338322885 44.7503630731 45.0700331888 44.5646576066 44.8620236229 44.6982081565 45.0184089857 44.9493836553 44.6765591294 45.0855645988 44.5064928859 44.7017283202 45.0850534886 44.6699993841 45.0998525271 44.8496898685 44.8765750509 78.0437782316 65.5601742487 68.7975599456 83.9081029954
