Spatial_Output/BAU/BAU_0606.asc
NCOLS 155
NROWS 192
XLLCORNER 196769.923733
YLLCORNER 449719.875193
CELLSIZE 27.603701
NODATA_VALUE NaN
[rows 0 to 22 of 192, columns 0 to 52 of 155]
43.6016833198 52.4836671328 52.4836671328 47.6856871813 47.6856871813 0 0 0 0 0 0 0 0 0 0 0 0 0 0 0 0 0 0 0 0 0 0 0 0 0 0 0 0 0 0 0 0 0 0 0 0 0 0 0 0 0 28.1053691099 25.0088488437 27.3804715498 27.7460649273 29.2650383577 24.6314837494 25.4836894135
0 56.0587924075 47.6856871813 47.6856871813 47.6856871813 51.9518187703 54.7218408294 0 0 0 0 0 0 0 0 0 0 0 0 0 0 0 0 0 0 0 0 0 0 0 0 0 0 0 0 0 0 0 0 0 0 0 0 28.2348079519 29.1829899652 27.1965346572 25.2138468485 29.1397321735 27.7207286866 28.6118920436 28.5950609414 27.4094136125 27.0507176647
0 0 43.9503951548 47.6856871813 71.7485359578 71.7485359578 62.4167779534 47.4540984011 0 0 0 0 0 0 0 0 0 0 0 0 0 0 0 0 0 0 0 0 0 0 0 0 0 0 0 0 0 0 0 0 0 29.0028489964 28.1795096343 25.7219333672 28.016275771 28.4200555316 28.102705616 28.1831547643 26.9032120857 25.2909407761 27.7307759775 24.8621945861 26.9613087036
0 0 0 66.4090363127 71.7485359578 71.7485359578 46.1824532119 46.1824532119 46.1824532119 0 0 0 0 0 0 0 0 0 0 0 0 0 0 0 0 0 0 0 0 0 0 0 0 0 0 0 0 0 0 27.2167080476 29.1709848444 28.5259255248 26.4970242498 28.1344182678 29.369177496 28.4009308498 25.5594350207 26.9929965188 27.180456223 26.2433108535 26.9850495319 25.5508710879 25.1012004103
0 0 0 0 0 62.4167779534 46.1824532119 46.1824532119 41.5832016016 56.7136576851 0 0 0 0 0 0 0 0 0 0 0 0 0 0 0 0 0 0 0 0 0 0 0 0 0 0 0 25.0479180722 24.6592201126 26.2267924796 28.9584340587 28.6048909125 27.485071008 27.4394295754 27.295238131 28.2866336938 28.1854520325 26.2004981202 27.8623777027 26.8880491212 25.0273270136 26.347907222 29.0512579638
0 0 0 0 0 0 46.1824532119 46.1824532119 56.7136576851 56.7136576851 58.3777959179 0 0 0 0 0 0 0 0 0 0 0 0 0 0 0 0 0 0 0 0 0 0 0 25.6618584244 25.4650346135 26.4140590632 27.447832968 28.4505372307 29.1990148366 27.29913882 27.0601299291 27.6460453805 29.3775003177 25.2475503206 26.1459778313 27.3318616809 29.2275646092 26.3582963222 28.7522298533 25.6114028678 26.7704703552 27.8085421071
0 0 0 0 0 0 0 56.7679980977 56.7136576851 58.3777959179 58.3077817591 58.3077817591 43.6641530118 0 0 0 0 0 0 0 0 0 0 0 0 0 0 0 0 0 0 0 25.4477274625 24.549137275 26.6795283211 25.0431551943 28.6195787195 27.0438420434 28.9727647432 26.6141627123 29.4217337414 29.439496746 29.0457281128 27.0586600309 27.8747738569 25.4855439075 29.2878194004 28.7110357636 25.7633522622 24.9209027446 27.4090772927 27.3209022464 28.5276233244
0 0 0 0 0 0 0 0 58.3777959179 58.7671167115 58.3077817591 58.3077817591 58.4061306334 25.9446296873 28.9250611736 28.9370326743 25.8381875198 25.122890861 25.668376434 25.3212868322 25.6844563706 27.9857998021 24.7274346014 26.554591154 25.6409896634 27.9926501616 26.0211055251 29.2116286291 27.6110486264 26.5736486253 26.0687665121 24.7537858971 26.4992862592 26.3461706752 29.4324497477 27.9049357051 26.9064700079 27.6912870623 25.4483273165 28.2512697301 24.9047918549 25.2409060602 26.7451848792 25.2089576113 25.6231020727 28.9736588832 25.5131478978 26.4618310591 25.376613464 27.7283433909 25.7526507849 27.5349079556 28.1903945664
0 0 0 0 0 0 0 0 0 45.0151788671 50.0307648657 42.0934826902 63.5375774604 63.5375774604 63.5375774604 26.599909488 26.3128958267 25.1891348792 27.8157686502 29.2419354054 27.9810029728 28.0196973056 27.0637722694 28.3544607398 28.3467533367 24.8354726762 26.9796381183 27.5865438366 25.3722994977 29.1975093552 28.678899554 25.859560465 28.6963020276 24.6598071302 27.515087861 25.0727460766 24.5328412329 28.6887716473 26.1874332317 28.7929665709 28.3488409976 26.1866930242 26.6739030996 25.0838423484 26.1379584871 28.4069041025 27.3230492176 24.8480554908 27.5646273635 25.3243402397 29.4174933921 26.2466470951 27.8048297759
0 0 0 0 0 0 0 0 0 45.4808205404 37.0685459735 42.4554249271 63.5375774604 63.5375774604 57.1713681718 29.3424573543 25.3816644115 28.1610020123 25.6012735745 25.4820133914 27.0676057806 28.6012124266 27.4729387794 26.0071745528 28.3308304953 28.8846214196 26.7766028635 28.3940819104 27.2943437337 25.953875733 25.0210832184 24.5924789378 28.8071003073 25.5661108454 27.6392317989 25.00480015 24.7859131508 27.0741698514 28.9700815361 26.4649484362 27.429396788 26.6039553974 28.3891228194 27.0824772389 28.992740883 27.4029039167 26.8412563488 24.6490878689 28.0638870658 27.4552833457 25.5088124639 27.2449026577 29.0626130773
0 0 0 0 0 0 0 0 0 48.4255296247 44.8461268872 39.5304798301 63.5375774604 63.5375774604 48.6869269197 48.6869269197 48.6869269197 28.0483496408 28.465718317 27.9474661021 24.7002472472 25.2804534226 28.3505889991 27.6134045409 29.2927644453 27.6229615014 25.8496560589 29.1599775392 29.1774968523 25.6874429322 25.286642311 28.4773430115 26.0623993492 25.0737850458 25.0298572936 25.7177607099 28.5771153704 25.4057910432 25.0361115627 28.436405754 24.5012406408 25.7967129276 25.5005617004 29.1235263603 26.8094566323 25.5984684314 27.2611282743 25.9087097077 25.6330371268 25.9651658234 26.0484565423 24.9931696032 24.820045414
0 0 0 0 0 0 0 0 24.9206234036 25.2961392334 28.5175377727 27.7542784226 28.503683577 50.8624929325 48.6869269197 18.5044832517 45.6507534772 45.6507534772 28.2684210314 28.269059692 28.2206678784 26.1979592474 26.4270579811 27.309377924 27.0728118704 26.0454117351 28.3495544968 28.8767757449 26.346925223 26.9565707378 25.1331534011 26.9517339637 27.6273564616 25.0178420475 27.9907719663 25.313100622 27.1534450558 25.0417236891 25.7841180462 25.6930224333 26.9604435079 27.0059902368 27.4648677474 25.8334275577 27.7986069954 25.999235783 28.8103903975 26.4925374426 25.8010422582 27.4884173027 26.550706725 28.8817873011 24.914514654
0 0 0 0 0 0 0 0 26.8812458874 24.5225941985 24.5155512725 27.203264256 28.2323623369 27.95752897 48.6869269197 39.5626886041 39.5626886041 39.5626886041 61.4169763071 25.4719066501 26.1850603976 24.8459268776 25.9134181564 27.9066299264 24.6596663212 29.1396810381 26.5715063358 27.3917670507 25.3786931305 28.8428576649 28.7157627081 28.4972947723 25.8925893393 27.7459840782 28.2232846445 24.5305867038 26.7103892437 25.0498137841 25.8199984622 27.9285561155 28.1607380905 28.082485682 28.1370151548 28.7884506778 28.4136552022 29.3913280766 24.7356176254 25.8501936044 24.9317182727 24.8386194896 25.9510013962 26.0736568926 24.7507905334
0 0 0 0 0 43.9911496379 42.873505271 43.0534995972 26.2130963148 25.8916593687 25.9095808276 25.8427044862 24.6421675174 25.6789459326 28.7809414465 52.1820407635 39.5626886041 61.4169763071 61.4169763071 74.9611802476 74.9611802476 27.9621718944 26.444309094 26.4071733134 26.4788917037 28.4467701505 24.755904719 27.7808220991 27.4150639522 28.7368162793 29.1513064563 28.2409625506 26.9016839028 25.4111951476 29.3408088643 25.3298157417 28.7174973822 27.1669549533 28.5287094939 29.4139178622 28.6488483202 27.9388517939 28.4883650979 26.4757084509 25.4191532197 28.2316657769 24.7227541522 26.9553918009 25.6919223161 26.5066294958 26.895903567 26.6541784415 28.9248239745
0 0 0 0 0 40.7567659712 45.1582873337 45.4479390747 25.3411173374 25.1351800687 29.2042836836 24.9237089253 26.7983420403 29.4156470673 24.6256107496 28.5575380291 38.9558000598 49.8344569944 74.9611802476 74.9611802476 47.1861150486 47.1861150486 26.9299150629 26.2114861717 28.0525514455 26.7207946535 28.3565160291 25.901568856 26.493853601 25.7521591049 25.8632414 27.0425647978 28.6803137564 28.114857049 27.0853821565 27.0813258739 26.8256863473 28.0342702378 27.3637177821 28.0247952296 29.1575806854 27.6679119703 25.3751194322 26.788567092 25.2584655134 27.3773512484 25.0022981332 26.0966530472 28.2100435248 29.1696598101 27.3024132326 27.9358069972 24.9985675901
0 0 0 0 28.630850396 40.4445625022 39.1584832529 43.0859637265 26.1062443575 24.650849314 29.3332022284 29.1208341871 25.8285821622 24.6319453931 26.262728631 28.5521149686 28.158800549 28.2669893637 74.9611802476 74.9611802476 60.7390474595 60.7390474595 51.7546341413 28.6430149867 27.8337541042 28.9851113548 26.9057745539 28.5186343754 27.6187728795 27.5991283335 27.0175170302 24.8597717491 28.0561577011 29.0819053263 24.9696802394 28.4927136349 27.7706156909 26.8324730527 24.8279832388 27.0271211701 26.3338389889 27.8111679133 27.5487087535 27.4205556275 28.9489833922 27.3242201991 26.2968273843 28.9333700784 24.5205667064 28.4277040178 27.4357832796 27.6877286282 25.9861529749
0 0 0 28.1123210451 29.1659592765 26.8121474008 25.7368290501 47.1160454673 47.1160454673 47.1160454673 28.2199614062 27.179643498 29.0989438382 27.6978649284 28.4643041769 29.2336878918 26.7481226567 26.1756319585 29.1526261471 50.4197047174 60.7390474595 60.7390474595 45.143047812 25.1323713242 29.103112631 28.5342660633 27.7440432003 27.6972895827 27.4740789714 24.9346178094 28.8667812975 27.8927245689 25.8073179703 28.2306156156 25.8317864187 25.9567970049 26.7421168706 28.9089596389 28.0254296754 26.8949013878 25.8459945534 25.6118840298 29.0603713884 29.204061677 26.2356399692 26.964215414 27.7428081091 29.3700806446 27.1850582508 25.4905563156 26.502024208 24.7824787291 28.7584477916
0 0 27.0124157539 25.1542458731 25.573734692 27.4450841593 29.2716441388 47.1160454673 47.1160454673 25.1983558351 24.511314301 25.3325746221 29.056990163 27.4057831306 25.7436873633 28.7964779096 26.4381220834 25.9940423282 24.6590433573 26.5346413549 51.7546341413 26.9334797971 45.963980079 45.963980079 45.963980079 28.8889866645 28.2120178958 29.3956333758 26.1503341681 27.9492567513 27.8345394614 24.5509631155 27.634075397 28.2627154173 24.7755012171 24.9271987412 27.1792909555 27.8585285723 26.5021690892 24.9314876798 27.8856250234 28.8424915588 28.7724268089 28.1820569364 26.4652927193 27.0053923421 28.213163197 26.7591236628 25.4723594415 29.0383033594 27.8995963429 28.6728570874 26.4192753948
0 0 27.0078820599 26.6941459818 24.6518110761 26.8123314966 25.0419902781 27.0385483764 25.6703091608 48.0935551259 24.8820684982 26.1508561506 26.5725211128 28.9645712004 27.2815628864 29.4055822609 29.1732700975 29.4335534006 25.0756720145 24.7157534107 26.6520686188 28.0541431832 45.963980079 45.963980079 26.0818562022 65.3514604721 27.9238786753 27.6953300877 25.6607515991 26.2062377074 27.4002524605 29.1727543499 26.8722034286 24.6087454061 24.554449058 28.5254597293 26.7134918736 29.4490043703 27.6568380283 24.978865089 27.2059419204 28.7549725094 24.645856552 26.9468859301 29.0849811981 24.6575774023 28.8473922455 27.434856356 29.2406635936 27.7690131445 26.1981026082 25.3276697497 24.5062033643
0 0 24.5276582929 29.3841118068 29.21878455 25.8454072081 25.2140317211 25.9779221143 28.3749771387 48.0935551259 46.0081971508 46.0081971508 28.8076939639 27.2433168667 29.2684953501 28.1530888971 27.5833023372 29.2888952853 28.7778996238 26.4068042752 25.0392619615 27.213124331 24.8581465627 25.4247315535 26.7264516798 65.0451752148 65.0451752148 24.9847926788 24.8062814054 25.3877213617 26.904279792 27.960446087 28.9040560827 25.7493106054 27.7674029021 25.2779090603 28.0889689169 29.247262191 25.9798099888 27.1092239284 28.5011506926 28.7451380933 29.1088113543 25.6034740097 25.4258976795 26.6274824032 27.2841449882 26.6352009417 29.316736742 26.4174481059 26.8819160408 24.5422564206 28.4227886846
0 0 25.7781435396 26.8514161986 27.0306012048 29.2349095335 29.1771558116 27.4797085296 25.1364211118 28.9784703314 46.0081971508 46.0081971508 25.6819564397 27.1513071302 28.1332510465 25.3626140692 28.3605197386 24.9629152774 28.8661895602 27.5067879521 25.9789796764 29.3734497826 24.6520203332 27.3426511455 29.03433813 65.0451752148 65.0451752148 42.4722335276 42.4722335276 28.8816335946 25.363712082 26.1377704192 27.7384495571 26.379307128 26.6881491913 25.0017934558 25.4908416249 24.9964455431 25.8644336594 26.9524298654 24.7326747574 27.2678046031 25.1393129596 29.2124701291 26.0438313911 29.0553803072 25.1957274551 27.4291160274 26.1606646827 25.014305741 28.2134493555 28.1771535003 25.493931969
0 0 25.7704529213 28.4778697034 27.944792372 25.2033674106 29.2815750742 29.2258426279 25.9096801913 26.6692816833 26.5977557854 24.5185223176 27.4317736383 48.6862113528 48.6862113528 27.5398727257 25.0656060207 25.8741315171 25.6632331555 28.6663869436 26.4448824722 24.8550651635 26.8124186676 26.7598050186 28.4323809552 29.0488709929 60.3854617829 42.4722335276 42.4722335276 29.3611012507 26.9337381663 27.8499448514 29.2694913123 27.9150319337 27.3679868133 28.120452891 26.7483317522 26.1287650749 25.449389006 28.7498709887 28.5297939798 25.7153491199 28.9473284503 25.3564575754 28.8682929619 24.8023923418 24.6224926061 25.6371191882 25.1268610513 26.1842966235 27.2863570141 26.3389101815 28.1215374172
0 0 29.2680792422 24.8005352725 29.3411580963 28.8395134121 24.8884287386 28.8359129307 26.476058847 27.2065094134 25.2660417061 29.4053749113 62.3573925897 28.0154426289 60.3283493213 60.3283493213 60.3283493213 27.5643421303 25.9198079041 25.7549524029 27.3075672204 26.0335530554 25.1750309398 27.6058836499 25.2186975862 29.3921713425 37.3369875487 42.4722335276 26.9075916543 25.9478937864 27.547329306 27.7273740418 27.7589675447 26.7542796425 24.7442368443 27.4897256466 26.1188776253 27.0657125436 27.7025563287 25.0796744397 26.8355719085 26.8735481383 26.9645078315 25.0935435308 28.3844394713 27.3402620036 27.3909158414 28.5617236197 25.5232444498 27.3916730529 24.5445681745 24.8546923256 29.1638010899
