Spatial_Output/BAU/BAU_1368.asc
NCOLS 155
NROWS 192
XLLCORNER 196769.923733
YLLCORNER 449719.875193
CELLSIZE 27.603701
NODATA_VALUE NaN
[rows 138 to 160 of 192, columns 53 to 105 of 155]
33.9005912531 33.3342802436 33.2212633222 62.4793748891 55.2717116977 34.1489426381 66.3232922787 66.3232922787 34.3346934874 33.8209712001 53.9870058788 33.373881481 33.3293430506 34.3836729559 34.2829103352 33.4435137373 34.3631266363 33.3710449662 33.672752509 33.3555117451 33.0144865792 33.5806548221 34.4066282695 33.4938943576 33.6535520007 33.861339102 34.1262884085 34.2431179886 33.3687295871 58.9650764464 58.9650764464 58.9650764464 59.3560391484 34.1225414507 33.9145787483 33.756042801 33.2361336229 33.6050949117 34.3002640608 33.3282012496 33.725565714 34.284612999 34.1129089092 33.3288215604 33.4043976135 33.1166698827 33.1202023612 33.7614934313 33.7844139398 33.6635048641 33.151053368 33.3716890643 33.378742745
33.85044797 34.2628996801 33.519239366 62.4793748891 62.4793748891 33.1165538187 33.048855403 33.93612736 34.2412540356 33.5746174853 33.7718870997 34.0082208443 33.9632427157 33.5395021229 33.2262021649 33.5812808734 34.1079507252 33.7161785666 33.5866537702 33.5736063455 34.3944365662 34.2560121343 34.3897053555 33.3357223296 33.2969649609 33.5196204598 34.4019444245 33.3706561316 33.5958594833 58.9650764464 58.9650764464 33.7703979033 58.822514826 58.822514826 49.2132108512 33.3677892158 34.2928860796 33.8603260376 33.6422425736 33.9657123558 33.0432556999 33.3853540841 33.0649640965 33.6687037651 34.0019102044 33.2240036529 33.6399445341 33.0165401052 33.6802737946 34.2723684128 34.0536586325 33.3267142337 33.0115009593
53.4611620733 53.4611620733 62.4793748891 62.4793748891 62.4793748891 33.8829920784 33.1851603684 83.0438769302 83.0438769302 34.402499679 34.0681818202 33.5664748024 33.0383728349 33.2679539836 34.0549599059 34.2667916581 34.0592119469 33.573098139 33.9698237092 33.6913935703 33.4881025397 33.6468581766 34.3361838428 33.4528916229 34.3687072183 33.0894163315 33.7014469454 33.7354170307 33.207592088 33.1278564147 33.5984206896 59.3560391484 58.822514826 58.822514826 49.2132108512 54.5920246657 54.5920246657 57.9961078112 33.2213833732 33.6931093637 34.0591388099 33.0036660335 34.1886423766 34.3888368992 33.1988265542 34.2420097878 33.4092789347 33.4649127185 33.2701358013 33.3729236437 33.1401324956 34.2032414506 34.2774405772
53.4611620733 53.4611620733 34.3132673319 33.5431476936 34.1219357759 33.9038843287 83.0438769302 83.0438769302 83.0438769302 33.8527970609 33.3512077154 33.303214531 34.2838770801 33.5889280788 34.199691798 33.5140798647 33.8307829373 33.5469971634 34.1204701602 33.2722571033 34.1751967302 33.3911918673 33.7774472771 33.667903142 33.8985245414 33.5874288914 33.9790626239 33.7034166225 33.5601317548 33.831146796 34.2706639099 33.8875548388 58.822514826 33.4649124021 33.5013317672 54.5920246657 54.5920246657 84.1388075687 34.0591949087 33.7911530421 34.0941002235 33.8622811042 33.645275583 33.7838321043 33.3676007611 34.1822417671 33.7738064985 33.2334304343 33.0279588936 34.0114006057 33.0435110064 33.8919931084 33.6944544352
53.4611620733 33.7937242006 33.2118787819 33.1735442472 33.8077620868 33.5995096956 33.1368255809 61.4447262962 61.4447262962 61.4447262962 34.1915216806 33.7734723867 34.2365323249 33.9687393989 33.4858335574 34.3504972292 33.418651213 33.6910825406 34.3446375234 33.8454513456 33.5216440933 33.0887095443 33.9414325311 33.9334438048 33.4843774564 34.1297232334 33.9151216245 33.6345531032 34.283645133 33.7682088417 34.3632576611 33.421074881 33.5950024709 33.0311068218 34.3375948057 84.1388075687 84.1388075687 84.1388075687 47.2658339021 33.5848439735 34.3895490896 33.3511514318 33.880804905 34.3419930761 33.4923075075 33.1395722708 34.2463128059 33.4258804683 33.3804846129 33.8445769378 34.3687944798 33.0774584199 34.2309951642
33.929850912 33.0206310665 34.1948594847 34.0650898572 34.1154280889 33.8943735223 33.5123121756 61.4447262962 61.4447262962 59.8136387765 34.0084492441 33.091902299 33.2743531466 33.2488660664 33.3222859928 33.6956771528 33.0342962794 33.4954262403 34.3378258183 33.1097494855 33.7309860141 34.3219845613 34.2597034705 34.2630649648 33.0807539831 34.3860768981 33.6849476528 33.1268470954 34.2760059312 33.6571493939 34.3463470244 33.9583755507 34.0964507571 34.0470825791 33.7474033373 34.322506237 33.4991091622 49.2265328387 49.2265328387 49.2265328387 34.1767280794 34.2482626454 33.9782427462 33.3718759378 33.5239487927 33.2515041791 33.7741136236 33.301065216 33.3103615688 34.3930107828 33.242923636 33.4846659646 33.9645519744
33.4061445561 33.6505459769 33.9272787532 33.5501003353 33.703348822 34.0799133955 33.8323308966 33.4064593506 59.2252199372 59.2252199372 59.2252199372 33.8005858191 33.8316102078 33.1318028505 33.7518354515 33.9995207396 33.213088441 33.4508845147 33.3076431223 33.427173693 34.2065417793 33.6868978315 33.104539774 33.3099150699 33.887403156 33.9723769723 34.0210992442 34.2914432825 34.3439041819 34.2138454696 34.0291885945 33.2705394294 33.6029582671 33.006568306 33.2806224286 33.437408218 34.1790086345 49.2265328387 49.2265328387 54.2368074573 33.3396339499 34.257579916 33.0207005943 33.1203778916 33.909000375 34.2766467235 33.7445378325 33.8149122839 33.9390235918 33.2613880511 34.0717791936 33.9929962113 33.1634392555
33.6417708752 33.4687349681 33.853654613 34.3474316662 33.6417237981 33.5774631796 34.2768574735 33.3297920801 34.0114347972 33.4621185306 64.8314043931 34.0622359873 33.3750499268 34.3148739594 33.9547951875 33.3416420241 33.2796520275 33.9785345932 33.5975185258 33.1067751361 33.7189963127 33.6268091171 34.0541340635 33.1629633758 33.4139460499 34.2735342945 34.3081166668 33.2331125938 34.244533183 34.0962094259 34.1778426652 33.4883842764 34.1561111151 33.7727032944 33.7758315187 33.3131914654 33.2226688532 51.1985919422 51.1985919422 51.1985919422 51.1985919422 33.4217501867 34.2233974681 33.9071286085 34.0598089824 33.3720607881 34.0575829143 33.1504748829 33.9730944826 33.1228449477 34.0128142051 34.1634249934 34.3916884418
33.7713592554 33.8362983136 33.6650999416 33.2228582352 33.901632871 33.1850677987 33.1378958448 34.2001006735 33.4092975972 60.2238826819 34.1806345141 34.2230913735 33.2078630136 34.3702812857 33.760953197 33.274310799 34.1715862076 34.0888632702 33.7408794123 33.7481431726 34.3558048305 33.0492360465 33.1583993763 33.5331973142 33.6321574956 33.5052232736 33.6182071625 33.0335406141 33.1262399694 33.1092500808 33.117715835 34.1823295435 33.0090975566 33.3848000525 33.9917166079 34.2936863032 33.5878880343 33.2763138572 51.1985919422 51.1985919422 33.639247883 33.283437861 34.21439041 33.8281543994 33.1620607954 33.6908698961 33.5412038952 34.1901477912 33.0295219544 33.8536393324 33.3641000504 33.9797737573 33.1698623594
33.3728226161 33.8022566395 34.0794225314 33.0197847112 33.5829911875 33.0275389423 33.8993186632 33.7162033454 33.1035156678 50.42475691 50.42475691 50.42475691 33.1605612893 33.6251837168 33.7535250226 33.3507876444 34.2951103527 33.6112932965 34.3540706753 34.1014982791 33.8190993149 33.0651104326 34.3623896566 34.125098199 33.4348907174 33.7801280176 34.0571156975 33.1309355046 33.6245044147 34.1303228768 34.2702857712 33.0015918029 33.2460161661 34.0800192863 33.155439563 34.2733876447 33.1752762287 33.3124228224 63.2528535242 63.2528535242 63.2528535242 34.0966484875 34.3573402513 34.3802204312 34.1137867455 33.1273947997 33.8549668839 33.4884967458 33.9206104064 33.2492065458 33.1425252196 34.2277294253 34.2773033513
33.4014106396 33.801862765 34.0736376896 34.0590124083 33.2156738947 33.9606277422 33.3147322688 34.0437543202 34.0524363966 50.42475691 50.42475691 60.9457695059 34.3860126786 33.1440196883 33.821760144 33.8500338888 33.8393659763 34.2444070889 34.2743538724 33.3229480475 33.7455412847 33.0139647977 33.0521405949 33.9954392158 33.9881172776 33.2370312157 33.5669006513 33.6662225593 33.607826223 33.410035614 33.6544383254 34.2723263845 33.8539290933 33.3807214887 34.2086282282 33.4074947167 34.2150630509 33.8679203615 63.2528535242 57.9311305705 34.1572028709 33.5146121651 33.9265888623 34.1184395989 33.2670856449 34.2937592805 33.3191552355 33.3192428022 33.2648578359 34.3080138777 33.4879308205 33.9646081095 33.6182082176
33.3809092791 33.1994744737 34.0248080526 34.394164141 34.2583320181 33.2036220809 34.1730224892 33.4241238113 33.3968191387 33.1071710659 33.6413828395 56.0580585203 33.722929017 34.2524846314 34.3657584999 33.482639363 33.3109410306 33.0712414449 34.0541772683 33.1781310308 33.5286120748 33.3825276306 33.5242836951 33.5732396845 33.9440913887 34.1004233863 33.5099371923 33.7228592245 34.365294203 34.1396479146 33.470120747 33.4767112487 33.4588453245 33.7392266593 33.831455004 33.0107123459 33.7511671248 34.2586985561 57.9311305705 57.9311305705 57.9311305705 33.8982557821 33.7139897298 33.2182747149 33.3295985561 33.9034848869 33.3414768764 34.21391762 33.7161320179 33.7051216801 34.0282026401 33.6252290742 34.3707218172
34.3127348675 34.3134171779 33.2223720116 34.0563927621 33.2721992589 33.3144247759 33.4288734785 33.9842898259 33.6436703545 33.1349441184 33.0017508908 33.3989878313 33.612823903 33.160630713 33.6537548891 33.2835956429 33.1361328798 33.1758470392 34.2069252633 33.6782789139 33.8430020197 34.1477239733 33.2374175048 34.3144202977 34.224622847 33.1712924394 33.6452944466 34.3344825794 33.1640792947 34.3245809678 33.6202357586 33.4548840225 33.4767950738 34.1402144569 33.4998588628 33.7341748988 34.3002298548 34.1462996158 57.9311305705 57.9311305705 33.2885986205 34.1529383618 34.2943458197 33.7324566724 33.6628649889 33.8458643 34.3804229844 33.9274113893 33.3995401973 34.0733046993 33.0381670508 33.4533867505 33.4273720905
34.3125939666 34.0705291741 33.680209055 34.0349858473 34.2456062037 34.3293666082 33.2109357555 33.5692966175 34.1227024721 33.576831695 47.9928049033 34.4137783404 34.1264456548 33.6322086033 34.2329570424 33.1669933534 34.2713982363 33.8890763442 34.2727480676 33.0077626901 34.1509160211 33.7395140999 33.5340967764 33.7523838848 33.7849625028 34.1051164259 33.4617970499 33.2202940713 33.9323369099 33.3578940849 34.0699949785 33.3889686867 34.2820990875 33.2490476721 33.1396156539 34.2789587583 33.5239105158 33.7141942036 34.0239633785 33.1947359974 33.3920915651 33.5976724857 34.2849656265 34.1626862372 33.1780817103 33.9366154956 33.6642097948 33.8463582445 33.71052032 34.2085036273 34.1488344501 33.2290159953 33.8709161975
33.9972164982 33.7945278493 33.1665522977 33.1997972591 33.5975460556 33.2311891496 34.239019296 33.0442023724 33.01094236 47.9928049033 47.9928049033 47.9928049033 33.4308706656 33.0962458301 33.2342366424 33.6728689761 33.2103184814 33.1081491017 33.8302209093 34.2364741847 33.5985233092 33.8539201467 34.353826858 33.6756655095 34.395227852 34.0646234942 33.9757918123 33.8046783541 34.2030628463 33.9908657353 33.0199389894 33.7575512276 34.1693716875 33.3179989384 33.9507382445 34.0716021562 34.1385273024 33.7099571742 33.0687328371 60.4719045389 34.2233986169 33.25809011 33.5210542553 33.6606896285 33.6905899558 33.8257981479 34.2000775902 34.0500884941 33.1349482294 33.3941469222 33.357542005 34.3344165694 33.3593252258
33.1665337452 33.815493689 33.9592496837 33.6039931965 33.7216342042 33.7485620606 33.8787748046 33.4726333957 33.8487347444 33.0698867965 34.1068458089 34.012971372 34.1112287137 33.3910950653 34.3139032891 33.8083504377 34.3650996142 34.4131256327 33.005951998 33.6727487999 33.7738591322 34.2158426007 33.5719861872 34.0887098307 33.1418043954 33.7405842185 34.1889124197 33.8404048046 34.0032077243 33.7432882683 34.3394502161 34.1302651789 34.3444837744 33.7726326549 34.2547166893 33.3062624614 34.3041556521 34.3896726137 33.8918067538 59.6571053668 59.6571053668 59.6571053668 33.7841381468 34.2849399587 33.8192535671 33.515587321 34.035045994 33.9667202563 34.1071446102 34.1582551553 33.7324567154 33.9544823412 34.1519935181
34.2777491415 33.488409786 34.0223319182 34.1429301096 34.2296863735 33.2126683689 33.5098420383 33.2437062974 33.391851491 34.1925604017 34.0555424686 34.3287258205 34.3444013559 33.9288265623 33.3994155595 33.6548621547 33.375511142 34.1693110701 33.0690782687 33.2131291792 34.2503545462 33.4556914289 34.3215472055 33.5722218208 34.1255756707 34.2173598108 34.0640603978 33.7548057827 33.1349043027 34.0979010164 33.638907961 33.7323289389 34.3352266503 33.1520470559 33.9627407785 34.2245955157 33.9865927139 34.0992344306 34.1677732489 33.0284183473 59.6571053668 89.3928117794 89.3928117794 34.1510937687 33.4560274317 33.4358888516 33.1738503059 34.0383413365 34.0210590581 33.7506286533 34.0140322785 34.2785698429 34.343523752
34.3909188353 33.3336891476 34.1557365281 33.724947316 33.6492174977 33.7933472942 34.3565598337 33.2470496219 33.0161505635 71.0843819223 71.0843819223 71.0843819223 34.0656387916 33.5545002817 34.3745059219 33.7751334447 33.2105224899 33.1017910511 33.8697122187 33.2326463285 33.8691221949 33.3921243561 33.782806731 33.4704324562 33.1693821307 34.4003632477 33.2903766707 33.9474646377 33.1182082729 33.1610244137 34.0556559482 33.9539750845 34.1985322623 33.0162668616 33.6211267688 33.3245513634 33.0343677802 33.1681452271 34.2047863548 89.3928117794 89.3928117794 89.3928117794 34.2033201709 33.4746699856 33.6571025962 33.0213613919 33.9127310216 33.5740621787 33.5186894627 33.5290762855 34.0836123937 33.9944857068 34.0178546391
33.0843350896 34.0863456052 33.3022216424 33.2115293072 33.6759356217 33.5655475591 33.1826053638 33.8769454259 33.7676896807 71.0843819223 71.0843819223 70.8262105426 33.2521898931 33.6508403658 33.8565918986 33.6337894712 33.8781286441 33.5241400732 33.3901783877 33.9471477494 33.1929062626 34.325298718 33.2280167807 33.0255509689 33.635787093 33.9222749399 33.7811868314 33.2767640654 34.0269871621 33.3395767765 33.3107364582 33.7584036912 33.3749404811 33.9045110166 34.2075656324 34.1191666153 33.6667780108 33.5263947742 33.0123958524 33.7639676383 71.6075834215 66.4752500653 66.4752500653 33.8769505852 33.8877663538 34.0472504835 33.4589612881 33.009743325 33.6662125839 33.0823944603 33.0064568846 34.1515923865 33.1594442702
33.8109900902 34.283602992 33.0165511231 33.7573279517 33.8626762747 34.0208177657 33.4950646995 33.6152198976 33.5998821419 51.6377576129 51.6377576129 51.6377576129 33.3239858408 33.1817619279 33.0951586016 33.7974178834 34.1293744262 33.9688841789 34.2279281624 33.2820273622 33.5961113292 33.3026248412 33.3019437283 33.422051182 33.2713877681 34.3612212943 33.4243382465 33.7473663544 33.4078898277 33.5433638685 33.7870611415 33.2739975536 33.2781527091 34.1430700858 33.5048496843 34.0732717526 33.0995849819 34.3073186208 33.1557294214 33.764571745 66.4752500653 66.4752500653 66.4752500653 34.1567633523 33.3296429599 33.7178429587 34.3294946611 33.5660768401 33.7588751594 33.5332024064 33.0082796912 33.0835401984 34.186665592
33.0558516054 33.2656392616 33.8372101335 33.9168186754 33.9541405411 33.4086734084 33.8473904485 33.5546878101 33.6488781244 51.6377576129 51.6377576129 34.1365964444 34.2203859315 33.7543815541 33.7190399131 33.9244255119 34.402838401 33.3442544885 33.3488423169 33.1639271197 33.3688475979 33.1171404862 34.2714590135 33.485836171 33.3056545575 33.5990797509 33.1224683116 33.097011716 33.0805948622 33.6663042871 34.1092293873 33.7409523477 33.1963174752 34.1415189539 33.0566559056 33.3311839305 33.8076240185 33.2803922489 34.397238916 33.1850793055 33.664680309 34.3202862051 33.1727339445 33.8614736771 33.4016135333 33.7710649192 33.8364382154 33.974061792 33.1984509281 33.9342048973 33.2895546385 34.3979856461 33.031554795
33.177662989 33.1729962884 33.9866132277 34.0889133383 33.3704374599 33.2249721572 33.6913834265 33.5266844332 34.1109995335 43.9099435641 43.9099435641 33.2498651641 34.0458243456 34.1107826908 33.5768553077 34.3290340761 33.3187940235 33.9860728853 33.7351520109 33.013132594 33.6287916986 33.0106615725 34.1808692994 33.8154158944 33.1475513485 33.8154783202 33.1094856113 33.5914672252 33.3222897241 33.488354945 33.5334596501 33.7093329292 33.2786567229 33.5883113439 33.1854223606 34.084765053 34.3060539952 34.36636328 33.4371677247 34.3768935465 33.5483915388 66.5816856535 33.1938244567 66.5816856535 33.8462663651 33.5765774743 33.233324807 33.9712292727 33.3007077834 34.1301596426 33.0539509129 33.4249909596 33.1805497388
33.1726401706 33.4511746042 33.2665987567 33.8491335479 33.5986353446 33.9699333225 33.6625724973 34.4069117225 43.9099435641 62.2929572919 62.2929572919 34.1948628419 33.5665590565 34.3340557329 34.0216473519 34.2984369938 34.1424578945 33.5251548761 33.6037265239 34.2838968211 33.6621609495 33.4245739025 34.1175065394 33.0983937312 33.6008354492 34.0209376676 33.8196011366 33.1653369655 34.1196699821 33.0695638488 34.2983792427 33.688289447 33.8722274687 33.2467937832 34.1560587997 33.1125695572 33.7687178202 33.3964139694 33.5102812697 34.3366536689 33.4788939078 34.4100334487 62.6907318257 62.6907318257 62.6907318257 34.1512900709 34.059428584 34.2259364897 34.0532214694 33.9797398279 33.6086283651 33.7529807581 34.2719769024
