Spatial_Output/BAU/BAU_0263.asc
NCOLS 155
NROWS 192
XLLCORNER 196769.923733
YLLCORNER 449719.875193
CELLSIZE 27.603701
NODATA_VALUE NaN
[rows 69 to 91 of 192, columns 0 to 52 of 155]
44.7877189617 44.9347838672 45.1959427609 45.2044115513 44.564795757 45.1126381828 44.8821817814 44.9806203058 44.7434727474 45.098281254 44.6048614471 44.7923098606 44.5820058486 44.6436905663 44.5401966953 44.7339813821 44.578252694 44.8085652224 44.9804522824 44.8939212893 44.5730009226 44.8466178262 44.7175373026 44.7596137067 45.1863804827 44.6983834242 44.7332836499 58.0897509346 58.0897509346 44.8299286283 44.5572501736 45.0293669551 69.1480874262 69.1480874262 69.1480874262 44.5673233842 44.7982203671 45.1753383532 44.5731633594 44.7561248307 44.5899523012 45.1182245476 45.0707606463 44.5580555938 44.7528192756 44.862929729 44.945292899 45.1785038959 45.0475492954 44.5832860057 44.8934171312 50.8334557 45.1757091654
44.6213978037 44.6379080728 44.5395710362 44.6693652605 45.0426461915 44.6109950308 44.7483931092 44.5620750979 45.1563302641 45.1676551902 44.8718113276 44.6248282018 45.0671971049 44.8957845458 45.0461233025 44.8122631514 44.9241388857 45.0945626039 45.117747147 45.0224857844 45.0349094241 44.6457491327 45.1738576834 44.6833966757 44.8497842773 44.7516956111 44.7181231033 45.1737592343 45.1718401324 44.7000595873 44.8199474282 45.1506871323 44.5302220971 75.9806792313 75.9806792313 75.9806792313 44.7888278712 44.5982638239 44.6763460777 44.6542367532 44.5925730479 45.0004584014 44.7908943018 45.1602375296 44.9198887909 44.6729868061 44.8523497348 44.5648026435 45.108573375 44.8910262195 50.8334557 50.8334557 50.8334557
44.8824128823 44.7185486639 44.5066157203 44.7884030705 45.1161602044 44.5738803586 44.769978826 44.666144511 44.6968848472 44.9381078561 44.6552289768 44.5215495221 44.8506866109 44.8099747533 44.5354713171 44.619331091 44.8816889759 44.6974792429 44.9060147893 44.7620281638 44.6065637508 45.1431439497 44.8873865284 44.939535152 45.0193429621 44.5028193306 44.8092111117 44.9775806493 44.5767910143 44.7518479094 44.9523832519 44.8549251586 44.8754862502 75.9806792313 75.8722250559 44.5072115939 44.8414207852 44.6624302717 44.6575562371 44.9183420854 45.2041879364 45.04539294 45.0794222273 44.7216184128 44.7267801673 44.9989445973 44.8372627229 45.012864874 44.8423849223 44.5236155526 44.9305234609 50.8334557 73.0085047538
45.0563563689 44.6395663505 44.7957390291 44.950994069 44.9345104787 45.0013642519 44.9583736241 44.9779190994 44.6925967665 44.6841254023 44.5182758476 45.1633316814 44.89693192 44.9604563342 44.7564579977 44.636996721 44.9259392144 44.9262655158 44.88125897 44.9625954325 44.5500972151 45.0344945813 45.0641385775 45.0889603568 45.081081736 45.0869930045 44.5714404754 44.9214295121 44.9633742961 44.7301516712 44.5497668959 45.1717483683 44.8318197295 75.8722250559 75.8722250559 75.8722250559 44.7501122702 44.6773522604 44.8060488496 44.7364717581 44.5512085583 44.6200403026 44.8401266504 45.1957125258 44.9199844987 45.1313482294 45.0221581324 44.7304976925 44.6250318624 44.8138987953 44.7346015085 73.0085047538 44.9618862399
44.6221316673 44.9349438883 44.9197239689 44.683994154 45.0364207067 44.8003909085 45.0524736549 45.1212032893 44.7461403333 44.644463045 44.5280214639 44.8761604393 44.6892482272 45.0712478708 44.7379807785 45.0351431676 44.7640466869 44.7559599137 44.6422362418 45.0717340713 44.7689293468 45.0657304388 44.7828579466 44.9016200498 45.1988309748 76.420218614 44.7214360316 45.1777036327 44.9290389118 44.6070687302 44.6262708073 44.8712690747 44.6794523054 44.8780510296 75.8722250559 44.8217710121 44.816216206 44.8389121325 44.5217021732 45.1716621047 44.7037714974 44.9047413592 45.0223666188 45.0454136781 44.6352146447 44.7936029754 44.5067965245 44.561735467 45.0443378136 45.176319666 45.1655750532 78.9564535386 44.8662489231
44.5364850765 44.5031775083 44.973255399 44.5779756039 45.043060633 44.614339448 44.5861048583 44.980260864 44.7393522992 45.1674745267 44.6883386205 44.951794206 44.804649419 44.5716229509 45.0949676323 45.0851736898 44.5902158566 44.8324991277 66.2057804628 45.0539118741 44.7860543982 45.0932615402 44.7891651293 44.9109427621 44.7296856233 45.019241658 45.007841164 44.8493738591 62.1027688921 44.9101130316 44.6044637662 44.8349698799 44.9254984252 44.956647276 44.9419103369 45.0710845885 44.7337537335 45.1985703425 45.1963932759 44.5656776805 44.596306104 45.1574083316 44.5926277476 44.5420592136 45.0081049959 44.6100517084 44.72564139 60.9831898935 60.5328195495 44.8659472733 44.786816257 44.6122084782 61.9191262235
44.9242845763 45.166499007 44.8790378582 44.5374990398 45.1550277367 45.1893719093 44.8482978977 44.6213905612 45.098901354 44.6533720556 44.7232700285 44.81358126 44.6712170134 44.5613960378 44.9940288058 44.894084279 72.0471653259 45.1048182578 44.5426573297 45.161767916 44.6895645548 44.7477786395 44.9403884361 44.7769557886 44.6594934874 45.0683144514 80.5524065145 44.5341474902 62.1027688921 44.5281870032 44.9726319665 45.1521627634 44.5485871759 44.9308145895 44.5296303416 44.7371024041 44.6171183729 45.077916235 44.6685133323 44.7508731161 44.7277840528 64.1502882608 64.1502882608 64.8313485642 83.0049457792 44.8379954612 68.8377911354 68.8377911354 65.0910113733 81.1466463782 44.7425423159 61.9191262235 61.9191262235
44.9646818934 44.6336177217 45.1292037364 44.506276773 44.6217702935 44.7736971335 45.0122016921 44.9731767131 44.8305874678 44.9098050604 45.0867438351 45.1253294991 44.6960282471 44.8860724932 45.0266784014 44.6046711004 72.0471653259 72.0471653259 66.2057804628 44.9627103841 44.5088713612 44.9307455517 44.7294279918 44.6118552684 44.8995012308 44.7361636066 45.0133845461 45.0730208477 62.1027688921 44.578826327 45.1356111641 44.8950619567 44.7126530997 44.6375016941 44.73324949 45.0965866704 44.841964986 44.6448277445 44.9324515378 45.0076098179 44.8001971295 60.8530674898 64.1502882608 64.1502882608 55.9762098941 83.0049457792 68.8377911354 65.0910113733 65.0910113733 81.1466463782 44.5983199626 63.4185117213 61.9191262235
44.7887160933 44.9068911207 44.6401098635 44.9878199996 45.0335513919 44.632675825 45.1751511576 44.5299630094 44.5100976887 44.8868328401 44.6995207746 44.9979571453 45.0030956929 45.0774012735 45.0511409668 74.5815503526 72.0471653259 72.0471653259 72.0471653259 44.9061772135 45.1349872046 44.8859223151 44.7885409375 44.8249311291 44.9219698885 44.7617241836 44.8066937916 44.815931396 44.5741380518 44.8162014817 45.0268131903 44.8765370847 44.5504450541 44.8644923745 45.1085463825 45.0047334659 44.6525463359 44.8404099312 44.5455560214 60.8530674898 60.8530674898 60.8530674898 64.1502882608 67.7872609223 55.9762098941 55.9762098941 68.8377911354 69.8483095988 65.0910113733 44.6338253321 45.1691915007 44.6286497982 63.4185117213
45.1244205443 45.1025603007 44.6609891446 45.2008227812 45.1522447587 44.9197099707 44.7746884229 44.5498271812 45.0914956124 44.6683741545 44.8734411705 45.0674031124 44.8105192426 45.0134373138 44.9447485971 74.5815503526 45.1889155965 44.8925872012 44.9138720593 44.67274466 44.6970004323 44.5838847916 44.8629985927 44.8420180253 44.6514017477 44.8669160965 44.9686151109 44.9717610746 44.6121802137 44.8915229269 44.6809339105 44.5618639528 45.0564700101 45.1691629706 44.6928993327 44.6104636472 45.1970993975 44.6692996584 44.6349905013 79.1805707456 60.8530674898 60.8530674898 67.7872609223 76.2247342304 55.9762098941 45.1326847025 44.9481988757 44.93789064 44.9517677337 44.8167067185 44.8671786879 44.9365435323 44.6613920408
44.9193616816 44.7630029361 45.1416894125 45.1593533897 44.7369740153 44.8462470108 45.0845955847 44.9058328534 44.6719688777 44.6819943944 44.5946872728 44.9801080621 44.7974349399 57.8727727084 57.8727727084 74.5815503526 74.5815503526 44.5256942365 45.1563981911 45.0251610779 44.8592381536 44.5944542206 44.73158483 44.9746252746 45.1255938561 44.955753451 44.7867344146 45.0759487489 44.7131556068 44.8412076958 44.6818098047 44.756500226 44.9406626095 44.9178857027 44.89856483 44.5898261147 44.8931090062 44.9157871697 44.5005736614 44.8397932008 68.1512581829 68.1512581829 68.1512581829 61.9755542625 61.9755542625 76.2247342304 44.9189905391 45.1692875267 44.8332004618 44.6230065951 44.6577031197 45.0193381509 45.1180033388
45.0376050732 45.0024577608 45.1923623238 44.9778872329 44.8774440877 45.1022785474 44.8240388462 44.6730933081 44.5812950842 44.6876662964 45.1152104288 86.2365736047 59.7573756115 57.8727727084 57.8727727084 44.5385778909 44.6330737104 45.1207140038 45.1417271672 44.5201113435 44.7062371806 44.6127468933 44.8258725057 44.9282898977 45.1724284228 45.0718991228 45.1627778617 45.2018505692 44.5876310828 44.6007632044 44.7016314402 44.8155502869 44.5329457608 44.5262766089 44.8831531692 44.7857708871 45.1787991857 45.0681377317 44.8320347384 45.0657192793 45.0457595583 68.1512581829 61.9755542625 61.9755542625 61.9755542625 45.0087232095 45.1068362386 45.1036199223 44.8076834593 45.1457411429 44.7522232991 45.0132900512 44.9041831106
44.6193194976 44.6145564637 44.9383183214 44.9776645995 44.5730303368 44.8459457726 44.5391779049 44.9816466645 76.8150861579 76.8150861579 91.2887735827 91.2887735827 59.7573756115 59.7573756115 59.7573756115 45.0156312865 44.6832539554 44.8975413589 44.7308212236 44.6884616316 45.1165517332 44.9309301197 45.1535024526 44.9681685008 44.505014466 44.5452520738 45.1137430324 44.6445176616 44.5863177556 44.593406211 45.0570944307 45.0952531761 44.8281689416 45.1601638065 45.1502458066 44.874571978 45.0151754103 44.6392415668 44.800748384 59.8419205487 72.3544327782 57.1333000749 57.1333000749 66.5419980352 62.139246071 44.7821679785 45.0879431863 44.5498747858 45.1615139125 44.6326456303 45.1013231173 45.0568982168 44.9420796797
44.6445135458 45.0449892881 44.5105535243 44.6137010847 45.0168498287 44.526223532 80.7450290193 80.7450290193 76.8150861579 76.8150861579 91.2887735827 91.2887735827 45.0710484744 44.6306115208 44.7197738757 45.1911698936 44.5887593858 45.0714769362 44.7291821937 44.8133701474 44.6494241304 45.2066470062 44.501425413 44.6501234106 44.7454107123 44.5781219926 44.7216398945 45.0659679954 45.1479587429 45.0614572523 45.0629587409 45.002406885 45.0477372513 44.8750798965 44.9210828954 44.5224907214 45.0358576934 44.6241736844 45.1219240277 45.048324414 69.5744106492 69.5744106492 66.5419980352 66.5419980352 66.5419980352 44.7387784371 44.7529910138 44.5369342352 45.146313505 45.161751213 44.7864843126 45.1481683571 44.8619618219
0 45.0547718616 45.0777106286 44.8525546322 45.0919409505 75.5226375897 75.5226375897 80.7450290193 44.665944694 83.3073273629 76.8150861579 44.7668151394 44.7346729673 44.5139809355 44.5348871744 45.168917459 44.7986010355 45.1653043345 44.9297882042 45.0801744171 44.8564879047 45.0531072099 45.086011167 44.7906261081 45.1420079206 44.8297888604 45.0892179961 44.7124570487 44.7859890612 44.6882947872 44.9412382292 45.1839626232 44.5223663457 45.1220629311 45.099661937 44.8199973383 45.1364728827 44.7555397597 44.7524330595 45.0003862867 59.8419205487 45.0864158456 44.5093559162 66.5419980352 66.5419980352 44.7614305647 44.9658932652 44.6174929868 44.8949796121 45.0081189088 45.1591636453 45.1294340264 44.8498563981
0 44.9658872636 44.5071035399 44.7361289306 70.8953361416 75.5226375897 75.5226375897 80.7450290193 69.0960028749 44.6302688272 44.8079602573 44.9044899218 44.7455592686 44.6835229621 45.1937629214 44.6041252494 44.77976719 44.6754430009 44.7975924835 44.9716626007 44.5573269491 44.704051551 44.9090319232 45.0644845238 44.7105569395 44.5274097855 45.0940465685 44.9029717566 44.8811055566 44.6461206458 44.7338051673 45.1374546772 44.7294510499 44.5740856414 44.5544362419 44.9075877987 44.531004338 44.6266055344 44.7458763869 45.1275770008 45.1878835141 73.8336788733 73.8336788733 73.8336788733 61.8475660393 61.8475660393 44.7533188589 45.1779455857 44.6611147675 44.9401090757 44.6279045506 45.0822927582 44.6086039634
0 44.783378825 44.6293932746 44.9264212792 44.8351186822 67.6395588177 75.5226375897 91.1015313156 45.0589492823 44.8682564127 45.1140006055 45.0453218503 44.8056698937 44.7610928466 44.7427761776 44.8312569342 44.9628266676 45.0711039635 45.1804269744 44.9316352836 45.0726454689 44.8596539089 45.0108911359 44.7903455701 44.6114466111 44.5405259539 45.1209856261 44.7331925134 44.6821561247 44.5453216881 44.5356096017 44.6557229188 44.8617462683 44.6773220154 45.1330971006 44.9086473366 45.1606889375 44.6617555433 45.1775037557 44.8015305595 44.7164803609 73.8336788733 73.8336788733 44.8910805463 44.8484295164 44.8770619017 44.5009155081 44.8526982029 45.0771683491 44.5027196707 44.947236647 44.9782723918 45.1015596311
0 0 45.1879866825 54.4636456053 54.4636456053 44.5770914552 70.8953361416 45.0891992925 44.5003314211 44.611129212 44.841903985 44.6619218035 45.0391545438 44.9833906776 44.5196486819 44.5796061285 44.9641480598 44.6137176552 45.0668119943 45.1089586088 44.9987638832 44.6980382201 44.6340054629 44.860334522 45.0855921148 44.6363125859 44.6963559128 45.0150219633 44.5175324717 45.1138802289 44.7066620923 44.8289275729 45.1437126686 44.7637106812 45.1753013659 44.948386731 45.0280011968 44.8562961779 45.0784436579 44.9967292364 44.917376699 45.0233207987 44.9628865972 45.0685889714 44.9197494209 44.5566293516 44.6889705893 44.8349486472 44.6536259226 44.6561564957 44.9687162192 45.1439656126 44.7903204299
0 0 55.9642801896 54.4636456053 54.4636456053 54.4636456053 45.0634837228 44.6343126914 44.8423999507 45.1312102032 44.8093979773 44.9389881352 44.8335570943 44.6832085305 45.0623982245 44.5530697403 45.0202573473 45.0349446392 44.5877317193 45.0802387444 44.7822452824 44.9556841208 44.8775340878 44.6846105769 44.8527644487 44.8324889546 44.6312799653 45.1246007039 44.7271620317 44.7402650482 45.0434872336 44.660964167 45.0010763963 44.7003930431 45.0149655211 44.9682229819 44.8465143578 45.1716613249 44.7862459172 44.651501684 45.0212795192 44.923736204 44.7644917212 44.8483588669 45.0140613742 44.8655446487 44.6120214231 44.9471838851 45.1591193391 44.8448047208 44.8774812017 44.6809106606 44.5972097628
75.7318258551 77.0235420472 68.5182848826 67.9446588711 67.9446588711 45.0983039227 45.1454913384 44.6009692818 44.6901105254 44.9665683343 44.8230987905 45.090101991 44.8086075327 44.8590602549 45.0336678998 45.0494109097 45.1207292697 44.9768754434 44.9382895422 45.118149546 44.7409584775 44.8160403494 44.8133638533 45.0294457229 44.5597289131 44.5781310209 45.0080149145 44.8697271815 44.8621325875 44.5167699874 44.8566868152 45.1133292928 45.0102017929 44.8131250877 44.8239293817 45.0185313008 44.7052652879 44.651248586 45.1417474717 45.1957393238 45.1903315219 44.7944068104 44.5905457291 44.6600136958 44.6302419018 44.7842079171 44.605623359 44.8197319752 44.6195934421 44.5211530981 45.184199896 44.8930174047 45.0109070653
72.1412520215 70.2186602993 73.6562028992 67.9446588711 67.9446588711 0 45.022207313 44.8060704227 45.0010200937 45.0594902042 44.8402270556 44.9569277303 44.6379732296 44.8526675281 44.5058436368 44.5109665044 44.8890095847 44.748778735 44.9172265765 45.0702322345 44.7830090451 45.1197494285 44.5741179221 44.8023099723 44.9365192548 44.7663696927 44.662882612 45.0130989466 44.7905637023 45.0001877731 45.038600995 44.8250729704 44.6514667156 44.5498165101 44.9807837599 44.8968386822 45.0714261616 44.9217399672 44.5393242035 44.8686753263 44.8652286184 44.6629511834 44.9389964937 44.6383997356 44.5569399535 44.7861105456 45.0418342916 44.6660924812 44.8091238546 45.1907245591 44.5063424686 44.7441766854 44.7660511494
74.9469196317 74.6750856343 72.3198772976 71.7697389087 0 0 45.0045054661 44.9904380374 45.0072499424 44.9397153177 44.9195491515 44.6230076568 45.1635094796 45.0789215484 44.6982925037 45.0964911311 45.0343422854 45.0608940169 45.0008088738 45.0806415385 45.0586676052 44.9037678175 44.6507440444 44.5161352434 44.5344689629 44.5685354843 44.5820315048 45.1187967134 44.8663749655 45.0786219288 44.5407942276 45.0709734355 45.0486506981 44.9848993166 45.1035455753 44.8372379346 45.0498644162 44.6509438218 45.0432497474 45.1103132929 44.9138185401 44.552174706 44.8690117009 44.6821374488 44.7096254159 45.138076402 44.5038558077 44.8361118775 44.8515188547 44.7728429193 44.5038420371 45.0192525737 44.7625467077
0 0 0 0 0 0 45.1749356361 44.7426172725 44.5357731596 44.9494273328 44.5210384623 44.7546049675 44.9335095706 44.7334928282 44.6703355547 44.8250301433 45.1129272476 44.546054551 44.8001592639 44.8789110468 44.7677328689 44.9976076017 45.0069049542 44.8082818414 44.5225855089 45.1281194034 44.77762232 44.8443131907 44.7764422209 44.9828873995 45.1042404752 45.0835098741 44.9320002519 44.7484595128 44.90538875 44.5726811848 44.5826422759 44.9462515498 44.5777867848 45.051825375 44.8729996715 44.7249620487 44.6331198023 45.0765893114 44.5147179299 44.7813103258 45.0781597797 44.5024449312 44.8316058696 45.0970888369 44.5854268522 44.5990466321 44.5019891719
