Spatial_Output/BAU/BAU_0960.asc
NCOLS 155
NROWS 192
XLLCORNER 196307.867259
YLLCORNER 449144.565805
CELLSIZE 33.573938
NODATA_VALUE NaN
[rows 105 to 139 of 192, columns 0 to 78 of 155]
0 0 0 0 0 0 0 0 0 0 0 0 0 0 0 0 0 0 0 0 0 0 0 0 0 44.1933526445 31.374139693 13.87 13.87 63.7821472081 19 19 19 19 19 19 19 19 19 19 19 19 19 19 19 19 19 19 55.4754944993 53.5560934225 53.5560934225 19 19 19 51.6910430774 51.6910430774 51.6910430774 19 19 19 19 19 19 19 69.2881505568 69.2881505568 19 19 19 45.9322487967 41.6223523143 19 42.1715316356 19 52.5059629971 52.5059629971 19 19 19
0 0 0 0 0 0 0 0 0 0 0 0 0 0 0 0 0 0 0 0 0 0 0 0 76.3567426032 48.5323529005 31.374139693 31.374139693 19 19 19 19 19 19 19 19 19 19 19 19 19 19 19 19 19 19 19 19 53.5560934225 53.5560934225 53.5560934225 53.5560934225 19 19 43.2397930106 51.6910430774 43.2397930106 19 19 19 19 19 19 58.5297810158 58.5297810158 58.5297810158 19 19 19 19 19 19 19 19 19 52.5059629971 19 19 19
0 0 0 0 0 0 0 0 0 0 0 0 0 0 0 0 0 0 0 0 0 0 0 30.6949916754 30.6949916754 48.5323529005 48.5323529005 31.374139693 19 19 19 19 19 19 19 19 19 19 19 19 19 19 19 19 19 19 19 19 55.3736959443 54.0164776981 41.7359188621 19 19 19 54.82200359 43.2397930106 54.82200359 19 19 19 19 19 19 58.5297810158 58.5297810158 58.5297810158 19 19 19 19 19 19 19 19 19 19 19 19 19
0 0 0 0 0 0 0 0 0 0 0 0 0 0 0 0 0 0 0 0 0 0 0 30.6949916754 30.6949916754 30.6949916754 46.9463745625 46.9463745625 19 19 19 19 19 19 19 19 19 19 19 19 19 19 19 19 19 19 19 19 54.0164776981 54.0164776981 54.0164776981 19 19 19 54.82200359 54.82200359 48.2014061168 19 19 19 19 19 19 46.0284656598 58.5297810158 46.0284656598 19 19 19 19 19 19 19 19 19 19 19 19 19
0 0 0 0 0 0 0 0 0 0 0 0 0 0 0 0 0 0 0 0 0 0 0 50.37929478 50.37929478 0 0 0 19 19 19 19 19 19 19 19 19 19 19 19 19 19 19 19 19 19 19 19 53.1802662705 54.0164776981 53.1802662705 42.0865554521 19 19 59.6231393727 59.6231393727 19 19 19 19 19 19 19 58.6817046491 58.6817046491 58.6817046491 19 19 19 19 19 19 19 19 19 19 19 19 19
0 0 0 0 0 0 0 0 0 0 0 0 0 0 0 0 0 0 0 0 0 0 50.37929478 50.37929478 50.37929478 0 0 0 0 19 19 19 19 19 19 19 19 19 19 19 19 19 19 19 19 19 19 19 19 55.3736959443 19 19 19 19 59.6231393727 59.6231393727 59.6231393727 19 19 19 19 19 19 70.3979564863 58.6817046491 70.3979564863 35.3585066499 19 34.0857319736 44.2617567035 64.5437077533 49.4218880684 19 49.0468891582 54.5568108711 32.6447867004 19 44.7651376442 60.3888558733
0 0 0 0 0 0 0 0 0 0 0 0 0 0 0 0 0 0 0 0 0 50.37929478 50.37929478 50.37929478 0 0 0 0 0 19 19 19 19 19 19 19 19 19 19 19 19 19 19 19 19 19 19 19 19 60.3216027885 19 19 19 19 19 19 46.9042161617 46.9042161617 57.4363909216 19 19 19 19 68.8342538017 68.8342538017 70.3979564863 34.0857319736 34.0857319736 34.0857319736 44.2617567035 19 64.5437077533 49.0468891582 49.0468891582 49.0468891582 32.6447867004 54.0290570736 54.0290570736 54.0290570736
0 0 0 0 0 0 0 0 0 0 0 0 0 0 0 0 0 0 0 0 0 50.37929478 50.37929478 0 0 0 0 0 0 0 19 19 19 19 19 19 19 19 19 19 19 19 19 19 19 19 19 19 19 60.3216027885 19 19 19 19 19 19 46.9042161617 46.9042161617 19 19 19 19 39.5399640755 68.8342538017 68.8342538017 68.8342538017 19 19 34.0857319736 19 19 64.5437077533 38.2862550963 49.0468891582 49.0468891582 32.6447867004 54.0290570736 64.4117362387 60.3888558733
0 0 0 0 0 0 0 0 0 0 0 0 0 0 0 0 0 0 0 0 0 0 0 0 0 0 0 0 0 0 0 19 19 19 19 19 19 19 19 19 19 19 19 19 19 19 19 19 19 43.8191650997 19 19 64.198810745 64.198810745 64.198810745 19 46.9042161617 19 19 57.4363909216 19 19 19 41.6107841618 41.6107841618 41.6107841618 19 19 19 19 19 19 19 19 19 19 64.4117362387 64.4117362387 64.4117362387
0 0 0 0 0 0 0 0 0 0 0 0 0 0 0 0 0 0 0 0 0 0 0 0 0 0 0 0 0 0 0 19 19 19 19 19 19 19 19 19 19 19 19 19 19 19 19 19 43.8191650997 19 19 19 56.4770548284 43.7323992989 32.4750185172 19 19 19 19 19 19 19 45.9684394495 45.9684394495 45.9684394495 19 19 19 19 19 19 19 19 19 19 19 52.2949915923 64.4117362387 19
0 0 0 0 0 0 0 0 0 0 0 0 0 0 0 0 0 0 0 0 0 0 0 0 0 0 0 0 0 0 0 0 19 19 19 19 19 19 19 19 19 19 19 19 19 19 19 19 43.7075603775 19 19 43.7323992989 43.7323992989 43.7323992989 52.1589020778 44.5183468592 19 19 19 19 19 19 45.9684394495 45.9684394495 45.9684394495 19 19 19 19 19 19 19 19 19 19 19 19 19 19
0 0 0 0 0 0 0 0 0 0 0 0 0 0 0 0 0 0 0 0 0 0 0 0 0 0 0 0 0 0 0 0 19 19 19 19 19 19 19 19 19 19 19 19 19 19 19 19 19 19 19 56.4770548284 43.7323992989 43.7323992989 61.6630624888 49.6477893857 19 19 19 19 19 19 19 73.5840180685 19 19 19 19 19 19 19 19 19 19 19 19 43.6329776705 43.6329776705 43.6329776705
0 0 0 0 0 0 0 0 0 0 0 0 0 0 0 0 0 0 0 0 0 0 0 0 0 0 0 0 0 0 0 0 0 19 19 19 19 19 19 19 19 19 19 19 19 19 19 19 54.4490565781 54.4490565781 55.4504946972 19 19 54.8821787074 44.5183468592 50.2711759223 50.2711759223 38.8601051251 38.8601051251 19 48.8883089642 19 42.446053201 42.446053201 19 19 19 19 19 19 19 19 19 19 19 66.4250539161 66.4250539161 43.6329776705 43.3164226113
0 0 0 0 0 0 0 0 0 0 0 0 0 0 0 0 0 0 0 0 0 0 0 0 0 0 0 0 0 0 0 0 0 19 19 19 19 19 19 19 19 19 19 19 19 37.9846373914 40.8892486718 40.8892486718 54.4490565781 61.2094117248 61.2094117248 42.1456923067 42.1456923067 54.8821787074 50.2711759223 50.2711759223 50.2711759223 38.8601051251 38.8601051251 38.8601051251 48.8883089642 48.8883089642 42.446053201 42.446053201 42.446053201 19 19 19 19 19 19 19 19 19 19 19 66.4250539161 19 19
0 0 0 0 0 0 0 0 0 0 0 0 0 0 0 0 0 0 0 0 0 0 0 0 0 0 0 0 0 0 0 0 0 0 19 19 19 19 19 19 19 19 19 19 19 37.9846373914 40.8892486718 19 48.0804222337 61.2094117248 61.2094117248 42.1456923067 42.1456923067 54.8821787074 50.2711759223 63.0723072982 63.0723072982 38.8601051251 19 58.6684189816 48.8883089642 48.8883089642 19 64.0883901489 19 19 19 19 19 19 19 19 19 19 19 19 19 19 55.2220821962
0 0 0 0 0 0 0 0 0 0 0 0 0 0 0 0 0 0 0 0 0 0 0 0 0 0 0 0 0 0 0 0 0 0 0 19 19 19 19 19 19 19 19 19 19 19 40.8892486718 48.0804222337 48.0804222337 48.0804222337 19 42.1456923067 19 19 19 19 19 51.8851326174 51.8851326174 19 19 49.8489588746 49.8489588746 49.8489588746 64.0883901489 19 19 19 19 19 19 19 19 19 19 19 19 19 55.2220821962
0 0 0 0 0 0 0 0 0 0 0 0 0 0 0 0 0 0 0 0 0 0 0 0 0 0 0 0 0 0 0 0 0 0 0 19 44.2319653322 19 19 19 19 19 19 19 19 19 19 19 19 19 19 19 19 19 19 19 51.8851326174 51.8851326174 51.8851326174 19 19 19 19 42.0631391415 19 19 19 19 19 19 19 19 19 19 19 19 19 19 45.4333337948
0 0 0 0 0 0 0 0 0 0 0 0 0 0 0 0 0 0 0 0 0 0 0 0 0 0 0 0 0 0 0 0 0 31.0583932992 50.9122979374 39.822097364 44.2319653322 19 19 19 19 19 19 19 19 19 19 19 19 19 19 19 19 19 19 19 19 19 19 19 19 19 19 19 19 19 19 19 19 19 19 19 19 19 19 19 19 19 19
0 0 0 0 0 0 0 0 0 0 0 0 0 0 0 0 0 0 0 0 0 0 0 0 0 0 0 0 0 0 42.101767935 48.5825497364 31.6012711192 38.7431733771 40.7039482059 39.822097364 44.2319653322 44.2319653322 19 19 19 19 19 19 19 19 19 19 19 19 19 19 19 19 19 19 19 19 19 19 55.1207950942 55.1207950942 53.2110296415 19 19 19 19 19 19 19 19 19 19 19 19 19 19 19 19
0 0 0 0 0 0 0 0 0 0 0 0 0 0 0 0 0 0 0 0 0 0 0 0 0 0 0 0 55.5576270897 53.6563591801 48.5825497364 48.5825497364 32.4548539882 39.3933501904 38.2031058844 50.9122979374 39.822097364 19 19 19 19 19 19 19 19 19 19 19 19 19 19 19 19 19 19 19 19 19 19 53.0486177724 53.0486177724 55.1207950942 55.1207950942 19 19 19 19 19 19 19 19 19 19 19 19 19 19 19 19
0 0 0 0 0 0 0 0 0 0 0 0 0 0 0 0 0 0 0 0 0 0 0 0 0 56.3953442142 53.1277874067 53.1277874067 43.6520401106 38.8527460012 48.5825497364 48.5825497364 28.4838948647 40.3409165743 31.5386410479 54.7063549248 0 0 19 19 19 19 19 19 19 19 19 19 19 19 19 19 19 19 19 19 19 49.3912470407 53.0486177724 53.0486177724 53.0486177724 42.4343318115 40.9485493141 19 19 19 19 19 19 19 19 19 19 19 19 19 19 19 19
0 0 0 0 0 0 0 0 0 0 0 0 0 0 0 0 0 0 0 0 0 0 0 0 0 53.1277874067 53.1277874067 53.1277874067 53.1277874067 53.6563591801 38.8527460012 42.9233147634 40.1334576828 48.2377202036 0 0 0 0 19 19 19 19 19 19 19 19 19 19 19 19 19 19 19 19 37.4056611233 19 19 32.4752006231 32.4752006231 46.1766248594 42.4343318115 42.4343318115 50.1695236441 19 19 19 19 19 19 19 19 19 19 19 19 19 19 19 19
0 0 0 0 0 0 0 0 0 0 0 0 0 0 0 0 0 0 0 0 0 0 0 0 0 57.1963571753 53.1277874067 53.1277874067 84.3373220106 50.6089134352 0 0 0 0 0 0 0 0 0 19 19 19 19 19 19 19 19 19 19 19 19 19 19 19 37.4056611233 37.4056611233 49.3912470407 32.4752006231 32.4752006231 46.1766248594 42.4343318115 42.4343318115 50.1695236441 19 19 19 19 19 19 31.4425663179 32.03472862 29.5269578241 19 19 19 19 19 19 19
0 0 0 0 0 0 0 0 0 0 0 0 0 0 0 0 0 0 0 0 0 0 0 0 0 0 0 0 0 0 0 0 0 0 0 0 0 0 0 0 19 19 19 19 19 19 19 19 19 19 19 19 19 19 37.4056611233 37.4056611233 50.012822242 19 19 19 19 46.2881933379 46.2881933379 46.2881933379 53.0515047928 53.0515047928 53.0515047928 19 19 31.4425663179 31.4425663179 19 19 19 19 19 19 19 19
0 0 0 0 0 0 0 0 0 0 0 0 0 0 0 0 0 0 0 0 0 0 0 0 0 0 0 0 0 0 0 0 0 0 0 0 0 0 0 0 0 19 19 19 19 19 52.8568527855 19 19 19 19 19 19 19 19 19 19 19 19 19 19 46.2881933379 46.2881933379 41.8767605556 53.0515047928 53.0515047928 53.0515047928 19 37.3870460102 31.4425663179 31.4425663179 19 19 19 19 19 19 19 19
0 0 0 0 0 0 0 0 0 0 0 0 0 0 0 0 0 0 0 0 0 0 0 0 0 0 0 0 0 0 0 0 0 0 0 0 0 0 0 0 0 19 19 19 19 52.8568527855 52.8568527855 52.8568527855 19 19 19 19 19 19 19 19 19 19 19 19 19 19 41.8767605556 41.8767605556 53.0515047928 53.0515047928 19 19 50.490225103 31.4425663179 19 19 19 19 19 19 19 19 19
0 0 0 0 0 0 0 0 0 0 0 0 0 0 0 0 0 0 0 0 0 0 0 0 0 0 0 0 0 0 0 0 0 0 0 0 0 0 0 0 0 0 19 19 19 19 52.8568527855 19 19 19 19 19 19 19 19 19 19 19 41.9357404395 48.819848175 19 19 19 19 19 19 19 19 19 19 19 19 19 19 19 19 19 19 19
0 0 0 0 0 0 0 0 0 0 0 0 0 0 0 0 0 0 0 0 0 0 0 0 0 0 0 0 0 0 0 0 0 0 0 0 0 0 0 0 0 0 0 19 19 35.1857789743 35.1857789743 19 19 19 19 19 19 19 19 19 19 69.1015352811 41.9357404395 41.9357404395 19 19 19 19 19 19 19 19 19 19 19 19 19 19 19 19 19 19 19
0 0 0 0 0 0 0 0 0 0 0 0 0 0 0 0 0 0 0 0 0 0 0 0 0 0 0 0 0 0 0 0 0 0 0 0 0 0 0 0 0 0 0 19 44.6777742024 35.1857789743 35.1857789743 19 19 19 19 19 19 34.2365318383 19 19 47.6278697469 69.1015352811 41.9357404395 41.9357404395 19 19 19 19 19 19 19 19 19 19 19 19 19 19 19 19 19 19 19
0 0 0 0 0 0 0 0 0 0 0 0 0 0 0 0 0 0 0 0 0 0 0 0 0 0 0 0 0 0 0 0 0 0 0 0 0 0 0 0 0 0 0 0 19 44.6777742024 19 19 19 19 19 19 19 19 63.1091240096 63.1091240096 63.1091240096 19 69.1015352811 19 19 19 19 19 19 19 19 19 19 19 19 19 19 19 19 19 19 19 19
0 0 0 0 0 0 0 0 0 0 0 0 0 0 0 0 0 0 0 0 0 0 0 0 0 0 0 0 0 0 0 0 0 0 0 0 0 0 0 0 0 0 0 0 19 19 19 19 19 19 19 19 19 19 19 19 19 19 19 19 19 19 19 19 19 19 19 19 19 19 19 19 19 19 19 19 19 19 19
0 0 0 0 0 0 0 0 0 0 0 0 0 0 0 0 0 0 0 0 0 0 0 0 0 0 0 0 0 0 0 0 0 0 0 0 0 0 0 0 0 0 0 0 19 19 19 19 19 19 19 19 19 19 31.9307779153 19 19 19 19 19 19 19 19 19 19 19 19 19 19 19 19 19 19 19 19 19 19 19 19
0 0 0 0 0 0 0 0 0 0 0 0 0 0 0 0 0 0 0 0 0 0 0 0 0 0 0 0 0 0 0 0 0 0 0 0 0 0 0 0 0 0 0 0 0 19 19 19 19 19 19 19 19 19 19 19 19 19 19 19 19 19 19 19 19 19 19 19 19 19 19 19 19 19 19 19 19 19 19
0 0 0 0 0 0 0 0 0 0 0 0 0 0 0 0 0 0 0 0 0 0 0 0 0 0 0 0 0 0 0 0 0 0 0 0 0 0 0 0 0 0 0 0 0 19 19 19 19 19 19 19 19 19 19 19 19 19 19 19 19 19 19 19 19 19 19 19 19 19 19 19 19 19 19 19 19 19 19
0 0 0 0 0 0 0 0 0 0 0 0 0 0 0 0 0 0 0 0 0 0 0 0 0 0 0 0 0 0 0 0 0 0 0 0 0 0 0 0 0 0 0 0 0 19 19 19 19 19 19 19 19 19 19 19 19 19 19 19 19 19 19 19 19 19 19 19 19 19 19 19 19 19 19 19 19 19 19
