Spatial_Output/BAU/BAU_0730.asc
NCOLS 155
NROWS 192
XLLCORNER 196769.923733
YLLCORNER 449719.875193
CELLSIZE 27.603701
NODATA_VALUE NaN
[rows 23 to 45 of 192, columns 53 to 105 of 155]
24.772550351 26.9519925534 23.6106731175 25.4850395074 24.1552699726 23.2483423237 24.3967366724 23.3484445436 25.3556273497 25.3018785609 26.5174139793 25.5314802559 26.6846539665 25.9902527207 24.5761216081 26.5351789768 24.4908912765 24.2752445389 24.1738971753 26.1816232977 24.0556386079 27.1451279405 23.376076801 26.428597175 26.2361061227 25.4580895576 24.9502216626 23.2330581849 27.001738338 26.0238525804 23.9615711504 24.9091252165 27.0661738957 23.4586885526 24.6384538935 26.5688839625 23.4473363572 24.998759842 24.6554371569 26.0289610927 27.0990244267 23.5424906296 23.5646363071 26.6234943201 26.7181353601 24.0598027213 26.7210069539 24.2697488101 25.4078763629 23.9199438573 25.7204209226 27.1828212422 23.4834323868
23.5971762271 27.2318056523 26.8726793877 25.1436804414 27.1927425061 26.8731499106 77.3562292424 77.3562292424 23.6917726455 24.1733074591 24.4308215547 24.0260336049 24.791821425 23.582361794 25.7978075686 25.5464367145 26.2984996364 25.9827402579 26.2857629335 24.6790983455 26.6433409195 23.0527261355 24.1530822187 25.736577229 23.6290857524 26.9987611735 23.1555621167 24.5531257769 27.1971694027 24.0323764332 23.5666779005 25.9967920312 23.5426295346 26.9045982152 23.3523191011 26.9985179253 25.8655536162 24.0716664964 24.9663235745 26.6766061516 23.2941376902 23.3625200724 23.1568570304 27.1960616846 26.4919434628 26.6902247 25.1273532042 26.1501496535 25.6502726749 25.2748469323 25.7132068178 26.2112298037 26.0608741671
23.8941566502 25.9414773584 24.4158352704 25.3402095011 23.8926757268 23.7679456852 23.3902921127 77.3562292424 26.955681531 25.2475072202 25.2913299861 25.8571080173 26.6302979126 23.8461900598 27.2146124933 26.6575917733 23.1833114329 24.9330956423 23.958142905 24.6970279774 26.2305470944 23.3730057927 23.2024968052 25.1851975227 25.2538434251 23.9054884112 25.4726293783 24.3485174058 26.1195493917 25.7891476416 26.0310246554 26.8967071877 23.7210857845 24.3471841445 25.867358844 24.4966044152 27.0561164743 24.4821416429 25.199569402 24.5161756661 24.0439241067 25.5356095913 25.8149562619 24.4068180766 24.3328849016 25.9186163834 24.1888971571 26.2769227532 25.7083011139 23.9963655759 25.0638935224 24.7714760799 27.0019360574
23.9682679624 26.3912170071 25.6848798671 24.5594153697 25.5508663223 37.8107147981 24.7396215526 26.1719934551 23.1363455019 26.290986732 25.5678613112 25.8426152894 25.1628700281 26.1550595581 24.2834039177 27.1119758603 23.6558063871 23.8479684658 23.2568869643 23.8865596549 23.2624217692 23.828335606 25.1933382147 25.1381724077 25.8760246602 24.1017365967 24.987129835 24.3627497919 26.5316648424 26.2646555114 26.3206902134 24.3904937398 23.8866240295 23.0534486711 26.6463407358 27.2349627366 24.2353048061 25.1839106256 27.0493012715 25.6667150055 24.5964745751 24.2978325284 27.2118208452 23.9264485496 24.0040449799 24.0865864626 24.8921552473 23.8419679704 25.783574117 23.9371357433 23.2981236586 25.4928190104 23.8085152102
25.6915094103 24.5216012674 25.8297705861 37.8107147981 37.8107147981 49.2964313864 24.2905626213 23.5500786474 26.9326867307 23.0864540119 23.2679948576 24.9377138503 26.8694921271 23.8122243523 27.1138408779 25.501209629 26.3539004038 27.1228519035 27.062949548 23.6455429195 26.8947828886 26.9700839294 26.4889485873 24.114147818 24.5524837519 26.4922865599 24.1726872541 26.5087638185 25.2445563185 23.3193730414 25.5868429455 25.316254705 24.7188074699 24.8805544223 25.8956736588 24.9545849485 23.6528767668 23.998696083 25.5397336879 25.0416002536 23.6893311152 26.3403558033 24.2922563105 23.4662292215 25.8901810526 26.2633854307 23.9539367345 24.5055630874 24.0930738433 26.72401367 26.5940635912 25.1881570426 26.7144766622
25.5167612819 24.3628117019 26.514899153 26.0733470284 49.2964313864 49.2964313864 49.2964313864 25.7739625382 23.3515484395 25.639659545 23.3906445367 77.3151334873 26.6030406894 25.8479635824 24.0628497371 24.172520463 23.6907973422 25.6723722685 24.7212954318 25.3471085314 25.7678868833 25.8470185978 25.5294307763 24.6755047651 23.9501093961 27.2126998692 26.6551566139 25.4738455198 24.5131306181 25.6970864764 24.4214311473 24.6248758088 23.8409470048 25.8581235068 24.4542174554 24.0144746597 25.9946324911 24.1538371869 25.8643130146 25.0880702249 24.2315930748 24.4531495832 23.947972702 23.8074221797 26.7103057351 25.4810487641 24.0333185445 25.114858095 23.9862837808 23.1484700253 26.9236545131 24.8934894706 26.3444314986
23.3655432362 23.3264756383 23.2302713719 26.5132551726 24.1286015524 25.3420536023 26.820803261 26.5178500404 23.9727902894 23.3365095419 77.3151334873 77.3151334873 23.1837998412 26.8516362404 24.285612017 25.0761185978 23.5196548204 25.8095024568 24.9549735723 24.8753239649 23.1017767716 25.214407219 26.4975370521 23.6626492358 26.9388404007 23.8797669699 25.149994334 25.5478627864 25.6641498231 25.1926085236 26.8787080922 25.3430674193 26.7536431886 25.7053589843 24.1162638779 24.5889212455 26.412175816 23.8480433889 23.6806945958 24.5192529925 23.2700900377 26.7876924087 27.2295855303 26.072638822 27.019980193 25.6323906642 23.7229082809 25.5706836008 24.1889196908 23.0243265179 26.9641863243 24.6974433607 26.404472765
25.3284674701 24.088914535 25.5670777136 24.6071149398 26.4684993159 23.3700895486 25.1604163063 23.4781506317 26.9232571689 26.3445117713 25.0391107924 77.3151334873 23.6580442925 25.3742999675 56.696590749 24.6448801974 25.4230481294 23.6989094778 24.6177717194 23.3075653206 24.7651475386 24.6622725636 24.7104737262 23.7412139257 26.4410862989 23.1063043957 24.6603702393 26.2973188727 25.1181642952 23.0050888252 24.4080577445 24.2271627936 26.0804516752 25.2938264928 25.9524310982 24.1255034395 24.8932963679 24.3456784194 26.7617709932 26.940344522 23.9912585084 23.3435841897 26.1401367875 23.4029955764 23.4715490168 25.3459135927 23.4655173596 25.1368285188 26.221612875 26.4950268698 24.5550349486 26.034370155 25.9635199546
26.8827815466 24.7061829368 26.3775759232 26.7613117578 23.632265188 25.4897626688 24.5222037676 26.3152122482 24.1639903735 24.128006066 24.4197057928 49.3244482217 26.6603687157 54.3919999506 25.0291168334 50.1759851255 42.6010656221 24.1819089535 26.1534627135 23.0653199318 26.4894853559 26.6984867576 23.5113222016 26.9785803291 24.428070425 23.2052380605 23.2005433943 23.3350648341 25.0181089191 26.8964758618 24.3813033865 23.2666696523 26.6954815449 25.1763374755 23.7398911744 26.6854017358 24.0312094115 26.5174427369 26.3257460748 26.4183578585 23.6019252818 24.436749241 24.0820111672 24.3853749106 26.1180980094 24.5154350022 25.161393099 24.0455494988 23.0170859515 25.106569093 24.0774354373 26.5786324191 27.1318631658
23.473206191 26.4652268414 26.0059370718 26.9594249602 24.7788704267 25.1945049781 24.1682280852 24.9605638127 26.506865381 24.915209413 24.242674918 55.2573157524 24.5350452742 24.4270619032 42.6010656221 42.6010656221 76.1383479577 76.1383479577 26.3015329233 25.185382597 27.15731139 24.1789793506 24.6611253724 24.1381173896 25.8486145389 25.5279905202 26.4391179815 23.314485878 24.7593317625 24.5267640111 23.7432383104 23.3597762717 25.0098820453 25.8718027034 25.4779295627 26.1262858259 23.2616853877 23.0688846186 24.1036742381 24.3668666607 23.6794177597 24.9127662412 26.2603712644 24.92076378 23.3208046434 24.1410776587 23.046044988 26.7465735693 26.8613436742 23.578613909 25.9290787752 25.2389895867 26.3720202203
27.2061772915 26.2838876461 23.3758323662 25.9450203141 25.7904919809 23.5852750092 24.0300038991 27.1277402261 26.4242702526 26.1426225046 25.1906885671 24.5818239672 25.7468146785 59.4939834467 23.8154650904 76.1383479577 76.1383479577 42.8204639787 49.4225305277 48.5643969291 23.9648900996 26.4754098414 26.8597588849 26.0842469366 23.274623533 23.6870130228 24.8764431523 25.1134499286 24.5946942421 27.096436275 24.1876497989 24.0149996779 24.0165774013 24.5850040703 26.7638434116 25.7203942109 25.5518450887 23.6959579228 23.3753445377 26.860672336 24.2600844203 24.2030833741 24.7932209828 23.3816640569 23.9955061743 27.1542465377 24.6186670638 26.5350801736 23.0385957673 26.39486423 25.912938145 23.1617680091 24.4679292111
23.0920085285 25.2365001724 26.8057016449 25.4411987311 25.1934683777 26.0833226366 25.8302390437 26.6433527199 24.4030424276 23.1251218064 25.9028925193 25.4610605728 25.6990340961 24.8043439883 26.9961018099 64.374321063 27.1532945208 42.8204639787 42.8204639787 42.8204639787 26.7841831538 23.8672718566 26.0908110377 23.7958887594 25.3272111721 24.9902568888 26.8952072942 23.9880143812 24.7761251059 26.8668020558 24.2415618234 24.1142498322 24.6525394486 25.7565508993 24.0983994295 25.1526914939 26.7657881155 26.8827572133 26.0646553712 25.3439532951 26.5783149996 26.6126027508 25.3823364887 24.0240877876 24.4989209171 25.8573868429 23.4955437633 25.0214728164 24.5282377234 23.4109433718 25.5257836064 25.7729101053 25.8630498352
23.5537116882 25.9655084332 25.8736946341 25.9015021336 23.4290721575 26.1416870601 25.2332410199 24.2682336525 23.451897243 26.1022840424 24.7385212324 26.7579029336 26.1088179375 24.1679861084 25.7182221872 23.3325152356 41.6643415624 42.8204639787 48.5643969291 24.8695952824 23.7025537291 24.832056902 24.7463536258 24.1437300258 24.7024907742 23.3541121321 25.971250016 24.6723028866 25.8907380534 26.3895791765 25.0379124189 26.6259396895 23.4648086897 25.4867758325 25.2153109554 26.2925970847 24.1465035569 24.2145747998 24.6114471683 25.6787812604 26.2729196907 25.5825214596 23.6880320766 26.0365136045 23.5795979202 24.9130448396 24.1034872549 23.9924513734 25.4759057555 26.2970779385 23.6577687942 26.1413994264 25.3800349838
24.6572006949 25.304008002 25.6366587888 23.3681706515 23.0059554008 25.9906263088 25.1658339784 23.1066718226 27.0348622697 26.7779203969 24.9710288612 26.8003467565 26.9698873632 24.5877540419 26.3676906288 23.5981689757 26.1583762808 26.7088401115 63.2506252847 25.756116552 24.2677357873 25.7273065711 26.5122424192 26.0816546383 26.5625327846 23.7593830763 24.7931406997 26.7995811473 23.3943729917 23.7153423981 25.842340085 24.6051528894 24.7152081713 26.695840675 23.5394403229 23.8630020638 26.4281929462 26.2591678765 23.495665868 26.74729249 24.1023666468 25.5882120498 25.9911718316 23.3279244739 26.0471030736 25.7510096636 25.9001653879 23.293356841 25.5299126402 25.2298804573 24.4608072437 27.1983922212 26.9076508572
25.7909782747 23.0378000251 23.9990914329 24.5458159025 25.2644115173 24.5850504715 24.9992578007 24.185470779 24.6884146983 27.0696335768 25.8527742964 26.0354405111 25.4260820097 23.2693052458 26.3886551449 25.4517991835 24.4169924378 26.1537459995 24.0298605192 26.62934004 24.5513626688 26.5247142019 26.50284481 24.3143826186 24.1054595819 24.6008735282 23.8448764073 24.432543615 26.2951601667 27.1817662894 26.6314213678 24.6535104648 25.9040401088 25.4424479841 24.5849253527 26.1973986658 23.9278713731 25.0657420393 23.9321887385 25.8810366937 25.4652060724 26.1737276349 23.170529325 25.0849865448 24.7002189737 25.4803167818 25.441674333 23.2480647315 24.1905955044 24.3956525925 24.179870694 24.8212666245 25.4819147428
26.6691347207 23.3316404318 25.778877572 26.8173735184 25.6103993285 24.647065187 25.6489728136 23.1108937223 26.5696166398 25.8749865022 25.0957537176 26.7639616843 25.7556986442 25.4578256156 24.9815915205 24.0863428668 46.5848458953 25.3609011526 23.9175249661 24.4496031376 23.9517444766 25.9144310879 23.2154398604 26.2821659222 24.140969724 25.4330784295 25.0974573051 24.1374267206 26.8065760165 23.3700710785 25.4029756236 26.9365756589 25.1799875087 25.5598279267 23.8241252523 24.4270997484 27.0499568473 25.3869818538 24.0978619551 24.9656008825 23.6802346604 26.24769252 23.9370020106 23.5820690204 27.0487572541 23.3219886681 24.693478177 24.3056110253 24.5875365067 25.1489035104 23.8584296384 26.1628831733 24.5846644882
24.6647143257 25.8519911984 25.5528580206 25.8281762917 24.0851538271 26.3060479752 25.3414573323 23.1374481897 23.0456022376 24.7229841541 27.1054792816 23.091762478 26.0797405086 25.5075588569 27.0167178022 27.0440664069 26.0912526294 23.7096066239 23.5410375371 23.0338113355 23.5422340277 23.3053916436 25.7525926523 24.3269652945 24.277925196 27.0531025573 26.7796533405 26.0498643052 26.3582848278 25.5239914046 26.8858334354 26.7036648828 26.4689953424 24.1984142095 26.9477935712 23.5514162383 27.0412866877 23.4317427012 25.2085900726 24.9270877492 27.0346256034 23.2874581733 23.2370528812 23.7337242175 23.5311597497 25.7914404572 26.3268836278 24.5357271332 24.4214655595 25.3573894021 26.7728540014 24.7565540863 24.1361805342
26.4454852477 24.4180250517 23.3204359416 26.3856796066 25.1595045767 25.4901505342 26.0659243681 24.1008231585 23.1701540108 27.0536501519 26.5844343973 25.5122116916 23.8095386303 25.4291873963 25.0508867915 25.124472656 25.9392434701 23.4347458517 26.0720687916 26.0179953343 24.2352305195 26.3390651385 23.290167379 24.6907385944 25.2497885498 26.740649254 23.6104666971 23.6587309603 23.2920521632 24.8008718789 26.2220969119 27.1536869054 24.8331704025 26.7270471347 23.9068269967 25.6759800995 25.6057232477 24.7829078913 23.4643727089 23.189181596 23.3537505587 24.5802275819 26.8010853207 25.9188132281 26.7527843792 23.8088522336 23.4265512231 24.8786557369 23.9752637823 25.5004462087 24.5871380765 25.6100960071 26.0451912114
23.7824813498 26.9046412561 24.4743217049 23.1807040453 23.8369661143 47.019221548 24.9806332181 23.1535532578 23.4096871348 24.2070616427 26.1561870224 25.1815313761 26.6019788866 27.0085147468 24.6577515537 24.8194690553 24.8699249039 25.4314391252 25.2359984513 24.2214553936 24.8209284434 26.2506329521 24.6628806628 23.5277781208 27.0786393439 25.7610762771 23.7822977429 26.4173209573 26.8835194329 23.866466082 23.6106980895 25.0500347414 24.7137988394 26.7401926849 25.4329476846 26.3738184562 25.1788939455 25.9742531939 23.0583988685 27.1938123781 24.8548766893 23.2461653903 25.3344344279 24.9252769587 24.9349919867 26.0488588729 26.8992939566 26.9487310989 27.1324323414 24.8463657085 26.2514399685 26.1844743543 23.8786388929
24.6357199554 25.7198012547 26.3104639322 25.3701308724 25.6501048205 25.9536629043 25.4362510126 47.9135341089 24.6195949644 26.2325511636 26.3262917341 23.473061331 25.9929793 25.0129716401 25.4722767326 23.6208807369 25.5441267604 24.2262888198 26.4034013695 23.6661685028 24.1653364051 25.0910436966 23.2242179565 26.9443559922 27.0084049415 25.8133092445 24.4401846637 25.859036452 25.2412346492 26.4817697548 24.6540649446 26.6693973739 24.55706423 23.7667730977 23.1488109902 25.1074565523 26.9111830163 23.857069346 27.1356836891 25.1038269154 25.479328899 26.3481877103 23.464830652 24.646712965 23.6046833384 26.3390760582 23.3990124114 23.4493168448 26.0098300909 24.0926409244 24.2139949531 26.5207283691 26.6195651559
23.0079672288 25.8462982334 25.6436808522 23.1878999053 24.1240482778 23.5370481518 47.9135341089 47.9135341089 25.3031324396 24.575895021 27.2056608623 25.4439040898 25.9065359267 25.2745351074 26.6076200811 23.1563089782 26.9179411466 23.0996388292 24.3364759538 25.7548130331 24.2410608671 25.5927708461 25.4989766831 25.9776747165 26.4211556044 23.7577654645 26.4388327779 26.791552957 24.9612585849 25.5478788199 25.244175603 26.4619341976 26.3486594329 27.1286586855 23.2729217861 23.6580304931 25.8378262125 26.655696339 26.0557454079 25.7487249139 27.1705875587 24.7779807184 24.5094573035 23.821840845 25.1032259802 24.9495548881 25.6234726517 25.768482334 23.6720462005 26.8917729158 26.0833505676 25.9551788752 27.0152202357
23.0323379392 24.7671267374 23.7705261125 25.2341735784 23.5190311478 26.0696118256 23.3393895479 24.1824634258 24.4383125467 23.7042256849 26.5271442649 24.9117932621 23.8620782909 24.4773716724 24.656234654 24.2969620757 23.4772371784 26.9333013815 24.5341661829 23.3328719978 23.6477248231 26.765632289 25.8162036543 24.4551037206 25.9927997179 24.5879897124 24.2882812987 24.4878189475 25.1534524014 26.1747478092 26.1006705797 25.7468556697 24.0314357557 26.5280560965 23.5221036694 24.2847989824 27.1113754178 26.7535317603 24.2188403767 24.1449280155 26.2237581966 24.2674438853 25.4379834965 26.1585599122 25.9549380827 25.9767565187 25.2900742006 23.9345294974 27.2251887367 24.9360287615 26.8873292356 23.2026301344 23.8198904348
25.1182009376 26.6107893901 25.4133067879 26.0589987458 26.1211876023 24.5271836925 24.0109791223 26.8468925602 26.072121308 26.8296287409 23.9764579827 25.5163282284 23.4168035795 25.5432805685 23.5648854544 25.5378556809 25.2749462091 27.1718614132 23.4682427855 25.3546378944 26.9705604658 26.7419960934 26.2105537539 24.105496379 24.2445215814 24.3530692761 25.6753849168 24.355169978 24.5947955431 25.2907888907 26.3272122071 25.8934150824 25.9310480921 26.5441291584 24.8643523881 23.9713481416 27.0517542136 24.2404188579 24.3964126187 23.6019944185 26.136740376 23.0773732687 23.3712750862 24.6535373391 26.1200673608 23.5369098992 23.808820935 23.3414886675 25.3335268116 23.3511344139 24.7478669713 26.6316865068 25.8736476615
