Spatial_Output/BAU/BAU_0315.asc
NCOLS 155
NROWS 192
XLLCORNER 196769.923733
YLLCORNER 449719.875193
CELLSIZE 27.603701
NODATA_VALUE NaN
[rows 92 to 114 of 192, columns 0 to 52 of 155]
0 0 0 0 0 0 0 37.403674266 36.2573425738 37.3243119123 37.1168847118 36.7477363993 36.2559139674 36.7814478655 36.9927849091 36.9477517627 36.3750135334 37.2557199 37.2232221933 36.3958192874 36.1589682051 37.1326946647 36.7917414409 36.0438948638 36.3349326101 36.0626277965 36.3163057132 37.0326937795 37.0539787737 36.8030215671 36.6524854198 37.2086999146 36.0130778712 37.1434524489 36.0395448136 36.2389045163 36.811983546 36.9954480072 36.9210927352 36.4691184172 36.7211310304 36.1650718719 36.9714348562 36.0664283749 37.1594571545 36.4881131627 37.0188702135 37.2846773562 36.8606293608 36.6891366656 36.4125337386 36.3084156404 36.6550239709
0 0 0 0 0 0 0 0 37.4112839634 36.4465219529 36.9710057678 36.4714714809 36.068358936 36.4616638176 37.0076605143 37.2654713289 36.5498761328 37.3774466364 37.233779011 37.2180886679 37.1591256405 37.3500631413 36.4294380316 36.8744846484 37.0832589541 36.6130755445 36.6883880165 37.0622526603 36.9277737697 36.5854897147 37.0951689877 36.6645717868 36.9370237325 36.7330229465 37.1936915037 36.0306202406 37.1673806191 37.0790620136 36.7680125649 36.2003147452 37.3902941455 36.1228901879 36.6745193569 36.5230976891 37.1724862142 36.2467187745 36.0336026405 36.128144101 36.5343428286 37.355513645 36.5689943749 36.9714866377 36.9031982903
0 0 0 0 0 0 0 0 0 0 36.0576831539 37.2804917768 37.2396215564 37.1742782569 37.2090708013 36.8466294173 36.174184498 37.2858550905 36.3313847968 37.1182084325 37.0171058867 36.9865214968 36.5438637415 36.4226460279 36.3415182432 36.8602524094 36.6219484878 36.6084440456 36.3900221332 37.2193820937 37.0602072661 36.7782853457 37.0980985474 36.8487233895 36.3178153154 36.8451311664 36.3980043882 36.2156614519 36.81501209 36.072705685 36.462906687 36.2597898828 36.830504863 37.2599925669 37.0586959309 37.3515956911 36.2995061197 36.6196608017 37.1019051948 36.974267555 37.244534222 36.0791785749 36.9716601193
0 0 0 0 0 0 0 0 0 0 36.0054807684 36.2311502511 37.0796447968 37.1831783192 36.4116587074 36.8469291306 36.4108440741 36.2124099212 36.9798398059 36.2822246679 37.4059879704 37.2010237557 37.2657115803 36.4567864421 36.9106206455 36.297510581 36.8709702543 37.3313399701 36.6851105892 37.1251509592 36.5523665 36.4767983409 36.4913327082 36.5809437867 36.6559107899 36.5897369536 36.5022991643 36.5992758909 36.4517388231 36.9263885795 36.4637633672 37.2636960442 37.4057587382 37.1214668012 37.3231568188 36.4561898634 36.0817339324 37.3256125811 36.4649421033 36.5359900902 36.5271270349 36.9124987498 36.516609856
0 0 0 0 0 0 0 0 0 0 36.0366134117 37.2701665529 36.5129899674 36.0193217288 36.15993931 37.2732386307 36.596383265 36.4352539092 36.7973063513 36.3028319889 37.26510966 36.8890448429 36.6796986834 36.3607219149 36.7260456864 37.1908506006 36.4601890602 36.4214899983 36.6579287093 36.4722177901 36.9622546569 36.860329013 37.2684414572 37.0106218633 37.0392964629 36.7556931768 36.1261765198 36.4382849308 36.6337063716 36.1866311358 36.1303138712 37.214750427 37.1387028037 37.2369527544 36.9533730857 36.424578086 36.5348028815 36.7765143787 37.2027286475 36.5266337385 36.4925905701 36.7825235929 36.6619993742
0 0 0 0 0 0 0 0 36.297437179 37.079404398 36.6571604056 37.050151266 37.0456413688 36.0837718791 36.2541620607 36.3221989627 36.8401133074 36.3791136686 36.6088776183 36.0357212668 37.1833757729 36.3122695726 36.5277930702 37.1353199543 36.9290017421 36.4674986857 36.7499009312 36.4163002322 37.3450748369 37.2013843089 36.0572542791 49.9486825193 36.9503969168 36.0156085069 36.225518823 37.4012801304 36.831698484 37.3900787198 37.0586144889 37.0869968194 36.3380980693 36.0099925384 36.5441758365 37.0153105312 37.1152122246 36.3553448884 36.0104987034 36.108677077 36.9511396034 36.8309939634 36.5185729565 36.7926206784 37.2578978418
0 0 0 0 0 0 0 36.6737370169 36.066828557 36.5136568211 36.9490273896 36.1202885236 36.2034926758 36.1571573307 36.4728949135 36.5039399562 36.2966952249 36.780206427 37.2838897917 36.4304571504 36.9599179006 37.1683068748 36.2384035367 37.2236798142 36.2688857339 36.5974645655 85.0599872792 55.3752748489 55.3752748489 37.3741343293 49.9486825193 49.9486825193 36.8495145346 36.871434816 37.3386264691 36.3211891392 36.5533582122 36.4295349587 36.9798488092 36.3461178639 36.9113648441 36.1071671026 36.7378494419 36.2269831208 36.7063553807 36.5934670099 36.5252062905 37.1293090037 37.3292890441 37.1663186829 36.7547372229 36.9134693829 36.395948627
0 0 0 0 0 0 0 37.1722128061 37.3156962139 37.2523541893 37.3063467042 36.3703718376 36.3402058251 36.1769149426 36.6190533873 37.2451087915 36.4970218897 37.3309932926 36.0671520231 36.7565307055 36.6015409937 37.1145349015 36.8938478496 36.0103957399 37.3976681813 37.1300059082 37.2542544644 55.3752748489 55.3752748489 36.1880060434 49.9486825193 49.9486825193 36.5159356409 36.9614814244 37.1279328606 36.5360076021 36.4438644046 37.4005043412 36.4019249303 36.5336077512 36.8003205907 37.3278306682 36.7600753221 72.667838313 36.1702704008 37.2782389672 36.2237748885 37.0576423625 36.4151838615 36.8146129169 36.379136293 54.4706244029 36.3829579983
0 0 0 0 0 0 0 0 36.0321597073 37.1458720657 37.0385795632 36.5006575554 36.9094317708 36.8367838814 36.1966416337 36.8946690122 36.2570578904 36.1461175696 36.8234018448 36.1508850665 36.3111413088 36.0014364695 36.6249141803 55.5803880579 55.5803880579 37.1818122783 36.305306215 37.1883547638 36.7181035101 36.0205806247 36.7395665334 36.9385602435 36.2069621246 36.7319361812 36.012985259 36.6189620482 37.3358347531 37.1098650089 36.1427925337 36.5914208027 36.0650957917 36.6341881574 36.9294269829 36.8288651823 37.0816441012 36.7367137755 36.2103064299 36.1654364681 36.5540895866 49.016442062 37.1765616398 36.7278590058 37.1305254378
0 0 0 0 0 0 0 0 0 37.2879922158 36.7306439938 37.2317011784 36.7138003168 36.9845031394 36.2698547433 36.6497466928 36.5563439209 36.8318913508 36.8348527443 36.0720607869 36.691687012 36.9293758492 36.7604018245 55.5803880579 55.5803880579 36.2766294487 36.7691948054 37.3878797167 36.4278666993 36.1700553498 37.3974525147 36.8911726935 36.0161113914 37.3866700251 36.7840254879 36.5596121802 36.6388713703 36.5309142285 36.47490916 36.649405807 36.9052660464 36.5073778469 58.8465443359 58.8465443359 58.8465443359 37.1709366274 36.8472449119 36.0411897476 36.5333580789 36.3582683786 37.3941364798 36.151451877 36.0862742526
0 0 0 0 0 0 0 0 0 0 0 37.2329791456 36.2919467498 37.1650597021 36.4049437855 36.2974030055 37.2737250591 36.8491815278 36.6206573644 36.0333813711 36.245824365 63.7996527858 36.4933033981 36.2223347216 37.1860257214 36.7712984817 36.9515119024 36.5773505954 37.4001425274 36.7701775161 36.3723433138 36.2546107223 36.3750802424 36.4627128453 36.4298976811 36.5960819197 37.182722524 36.7243900802 37.1236936355 36.7644831913 36.054300592 37.2909438788 58.8465443359 58.8465443359 62.6317321301 36.6893237744 36.0625006983 36.0858003329 36.1383600082 36.1689692531 37.201019404 36.0552762539 36.2310715449
0 0 0 0 0 0 0 0 0 0 0 0 0 0 37.2067914336 37.1945302867 37.3097515908 37.3574111459 37.1402648048 46.2107551678 46.2107551678 46.2107551678 37.2679865785 36.2045069972 37.1017702669 36.4357542227 36.4223319192 36.923153385 36.0371150431 36.1356720818 36.6584478473 36.7892316609 37.3617901894 37.1025554531 36.3402277617 36.6563436171 36.3269484821 36.5116187807 36.466227113 36.5919685973 36.0593454492 37.1041644958 36.1598552313 58.8465443359 36.5278326593 36.7129198992 36.9914451007 36.217601191 37.3240778276 37.366804259 36.3329664003 37.3690545343 36.2980546062
0 0 0 0 0 0 0 0 0 0 0 0 0 0 0 37.2911171747 36.2258717197 37.312743038 36.6800989161 37.2291248151 46.2107551678 46.2107551678 36.6306912793 36.953486607 36.4116439717 36.9045705915 36.0966558507 36.4197519297 36.2329442678 36.318510116 36.1181979251 36.4641516304 36.7982418294 36.8495311684 37.3308950951 36.0254363389 36.5893797698 36.4819624079 36.7599325744 37.3629049432 36.5103898779 36.2244660636 37.2502625744 66.8156175038 66.8156175038 36.2620706671 36.8136413735 36.7027236626 36.7698467599 36.6084451477 37.3888903117 36.3159452869 36.7409998661
0 0 0 0 0 0 0 0 0 0 0 0 0 0 0 36.0740574799 36.1954404919 37.127521526 60.3352293471 36.6350521003 36.6336570607 46.2107551678 37.2575617842 36.7720193891 36.2475204029 36.3957504498 36.7249912829 36.7942591015 36.6360550992 37.020443419 36.0129843838 36.3325117121 36.2503423381 37.3570577802 36.6892916775 37.0313235745 36.7196725357 36.3780533648 36.9076159578 36.3464092962 36.3184195673 36.7900238384 66.8156175038 66.8156175038 66.8156175038 36.2025197488 37.030298804 36.737374754 36.7260575263 36.4573043739 37.1551259084 36.380558279 36.606836804
0 0 0 0 0 0 0 0 0 0 0 0 0 0 0 0 37.4128780375 36.5121685528 37.2128835588 36.5647742731 36.0174048213 36.0288262108 36.5579562788 36.8114149146 36.5497323883 36.4069975179 36.0976951913 37.1158924453 37.2033628266 36.2495511445 37.014914492 36.7493730659 36.3213634017 37.1698071376 36.8340932621 37.3077480994 37.0309990245 36.7250650411 36.6772901597 37.0897167182 36.1042666 37.2437813013 60.2188617307 66.8156175038 47.7676341409 36.6709973214 36.716652031 36.4577028095 36.5402376978 36.1749321663 36.5067212972 36.0720919101 36.7532863403
0 0 0 0 0 0 0 0 0 0 0 0 0 0 0 73.5691304291 65.5718434605 77.7461252728 60.3352293471 36.5725127047 36.6980730938 37.3519896566 36.2406467471 37.2012367333 37.064645064 36.0435919575 37.2120101946 36.2109755538 36.07344948 37.3499318062 37.0470609571 37.1152717263 37.0102797215 36.4409762912 37.1633636135 37.1993038082 36.1805892909 37.2088890933 36.6059002136 37.252967353 36.1727548752 37.2334764997 36.8507217435 37.2383915481 60.2188617307 37.1259706412 36.8682880686 37.3378958927 37.3284981799 36.0949786462 36.7136002167 36.7535631547 36.3301787729
0 0 0 0 0 0 0 0 0 0 0 0 0 0 73.9985808492 83.2588370442 71.8162506114 69.4351708297 36.3348870246 37.122785042 36.4209945076 36.8321408764 37.2309452238 37.1280965614 36.0453247676 37.392290349 36.8177989524 36.8875931663 36.8620817363 36.7286206933 36.8374895714 36.8942793926 36.7265631361 36.0455668688 37.3672004974 36.7007179717 37.0590608529 36.7496578808 36.5389093584 36.7299153704 36.8585364333 36.7640574766 78.0949402968 37.3923705089 36.7258804962 36.647230775 37.0076772061 36.4724474385 36.5628231995 36.4269792751 41.630507631 36.3752643195 36.4571514446
0 0 0 0 0 0 0 0 0 0 0 0 0 0 0 80.5175385525 75.6062581004 84.2123235499 36.204704754 37.0951643121 36.5096573155 36.1109863717 36.0242935827 37.3326042103 37.2859226097 36.3845917708 36.6918468073 37.363544166 37.2281626812 36.4917542566 37.0790310459 36.0673101957 36.8019647824 36.1438473573 36.0139873919 36.0728497102 36.0010759698 36.0138958084 36.4351076909 36.7936552605 37.1849959774 36.2663830795 36.57821815 37.2184963879 37.3508651653 36.5566773144 37.0664755243 37.126981624 36.0147256072 41.630507631 41.630507631 41.630507631 36.1542949137
0 0 0 0 0 0 0 0 0 0 0 0 0 0 0 0 0 36.3320745376 36.4432306065 36.4358561362 36.298338009 36.8604587669 36.0333953348 37.1528162787 37.3096063637 36.7248785366 36.7452339583 36.9194073206 36.7748817852 37.0504109735 36.8889556296 36.4042932479 36.2524810913 36.3904873447 36.259841114 36.477997918 37.2016699513 37.1099404987 37.2825051373 37.3467689965 36.6814384355 37.0278329862 37.1584248936 37.1358210662 36.4398247893 36.3595480404 36.8437569332 36.9287831311 36.6745383923 41.630507631 41.630507631 41.630507631 36.5058979481
0 0 0 0 0 0 0 0 0 0 0 0 0 0 0 0 0 36.8576867634 36.8634499479 37.3804356298 37.015196023 36.9856629646 37.3663293357 36.4723193343 36.8386431128 37.3112721062 37.252053151 36.8447097548 37.1871209577 36.6545223617 36.0353378932 37.1789237013 36.3585532855 36.9292510227 37.3858629152 37.0143985518 36.2954534484 36.1253713289 37.1954822865 36.3061901044 36.167424074 37.0980914446 36.8990247535 42.76943024 42.76943024 37.3588115071 37.1383967711 37.1321505215 36.6571872531 36.1453668845 66.2889842574 36.4348601127 37.3486113958
0 0 0 0 0 0 0 0 0 0 0 0 0 0 0 0 0 0 36.9241987544 36.2589572809 36.3811259861 36.7666571279 36.726859034 36.1254085763 36.7292569925 36.0271282075 36.1603072114 36.2775900201 36.2795663866 36.9233710184 36.1161262661 36.6535691409 36.2978550819 37.2687325576 36.4944457365 36.3207455206 36.6014834601 37.4055222441 36.3067943743 37.317920936 37.3309936006 37.1370925299 36.0448546995 42.76943024 42.76943024 36.6037549839 37.3566516287 36.2489030169 36.7985669513 66.2889842574 66.2889842574 36.9685523337 37.2264177395
0 0 0 0 0 0 0 0 0 0 0 0 0 0 0 0 0 0 36.0167835629 36.7140237963 37.2001560815 36.8353050088 36.6252474177 36.7580027997 36.1293611747 36.722879363 36.6102944159 36.4614949143 37.1283908807 36.1466210514 36.1557730963 37.3212009697 37.2480127817 36.7725793477 37.0815405287 36.2623784312 36.9603625317 36.6573387392 37.0784015367 36.5984167052 37.0258578461 36.851311785 37.0396135624 55.3470291574 55.3470291574 36.7333466046 36.0375019436 37.1628484256 37.0960684585 66.9572256165 66.9572256165 37.2853953036 36.1233529528
0 0 0 0 0 0 0 0 0 0 0 0 0 0 0 0 0 0 0 37.1049240218 36.9954039374 36.8288530046 36.1288110193 36.460361696 37.0911184833 36.1250025834 37.3724161366 37.3539373303 36.128936171 37.0382383721 36.6971820424 37.2905333589 37.1694158124 37.1188267114 36.5562735228 36.1389791828 36.0750477557 36.7801934438 37.146639659 36.4235205361 36.006836193 36.0155368746 55.3470291574 55.3470291574 55.3470291574 55.3470291574 36.922913644 36.6007037165 36.6253738111 66.9572256165 66.9572256165 66.9572256165 36.962459757
