Spatial_Output/BAU/BAU_1402.asc
NCOLS 155
NROWS 192
XLLCORNER 196307.867259
YLLCORNER 449144.565805
CELLSIZE 33.573938
NODATA_VALUE NaN
[rows 25 to 49 of 192, columns 56 to 111 of 155]
32.5703344556 33.1142869459 32.8309480797 32.6154201896 70.8534365052 70.8534365052 56.2906556613 56.2906556613 50.4351778389 79.8105005446 79.8105005446 79.8105005446 33.1658725192 32.8338339983 32.6114032982 33.1736440334 32.7242430328 33.0695960739 32.6275638681 33.0150879251 33.0459253138 32.5535032862 32.9694380724 32.6423416769 32.9817284881 0 0 0 0 0 0 0 0 0 0 0 0 0 0 0 0 32.9465061085 32.8768560121 32.8655729158 32.7762019683 32.7198110394 32.9515866927 32.8807468921 32.9847923747 33.1721771082 33.1562310107 32.5610970539 33.1003056318 33.0474323286 32.5900432158 33.0460481424
32.6359664865 32.9711667965 33.1860940541 32.5214231937 64.574054362 62.3928158956 56.2906556613 47.4916177565 48.4994583436 79.8105005446 53.7788739451 66.412218801 32.8172361741 32.9671208108 33.0501102296 32.7012994851 32.7705569737 33.0182397923 32.8323141728 32.5386469137 32.5167045097 32.5880932126 33.1229877276 32.8839544164 32.8150187845 33.1200693593 32.7931307848 0 0 0 0 0 33.1923006854 32.8000505211 32.5351396489 33.1368896362 33.2028224515 0 0 0 0 33.1396166194 32.7542117897 32.7432189151 32.7856561196 33.0732807419 33.0758737359 32.6534099555 33.0996406516 32.7758898739 32.7652370701 33.0383936854 32.6203652596 32.6242679896 32.5482210448 32.5787334817
32.7481883759 33.1741683978 33.0014151569 32.5805888348 32.6625362311 57.0628030812 47.4916177565 47.4916177565 47.4916177565 51.2743899683 53.7788739451 53.7788739451 53.7788739451 32.9404525462 32.6591337119 32.7207585438 32.8181699304 33.0924084624 32.9261680477 33.0249864628 33.1201647082 32.5753967555 32.6412191915 33.156461581 32.7353217674 32.5197268394 32.9473967397 33.0088317706 32.9621587122 32.9050972282 32.8103753318 32.8871490965 32.7266432875 32.7643986941 33.0151180492 32.9083307864 32.5578784106 32.660304017 32.7085052717 0 32.5852566719 32.9846246343 32.80506481 32.6083195001 32.7304944168 32.6437307798 32.7171322086 32.8835508399 32.7679972725 32.6154916672 32.5119946319 32.592169681 32.6355664805 32.7744817542 33.1867151005 32.7213115957
32.704352287 32.8914642568 32.7554041631 32.9520420533 33.100688203 57.0628030812 47.4916177565 47.4916177565 47.4916177565 53.7788739451 53.7788739451 53.7788739451 32.8793740772 33.181879976 33.0909187337 33.1145978222 33.1730643207 32.6000993378 32.9329399144 32.7925476039 32.858344516 32.7267821313 33.1887459179 33.2058293028 33.0632258344 32.8089317111 33.1970393387 32.7486048018 33.0241590603 32.526866415 32.7026680168 32.6587081046 32.9367719549 32.5213131616 32.5911153492 32.7039397195 32.5489515354 32.6068955883 32.5757099088 32.5832293957 32.8426281565 33.0108684563 32.8858133725 33.1439511099 32.7803745044 32.6909522334 33.0131143794 33.061121823 32.9049341873 32.9791385622 32.8521192278 32.5507769914 32.6978787832 32.6013734055 32.6036302337 32.9276915418
33.0720061622 32.8605495131 33.1235240245 32.7300847966 32.8191947159 33.1707000292 32.7225653263 33.1374501101 68.4942732451 51.2743899683 32.8169263406 68.3927610218 68.3927610218 68.3927610218 32.7594772303 32.8948328314 33.0461454824 32.5982134389 32.6944979962 32.836195422 32.5852623303 32.5661918161 32.5870103579 32.8404773017 32.9387604562 32.9445086461 32.5462167341 32.550155096 33.1893348518 32.8594815081 33.0927621693 33.0473197329 32.9601508789 33.1460786175 32.5936198966 32.5551819 32.5572089173 32.6530624844 33.1826660278 33.1719521686 32.9909065736 33.0918034296 32.5826111493 32.5686229934 33.2050036952 32.7431557479 32.7281918977 32.5059115092 32.5108332808 32.9479804019 32.5944686833 33.1833676423 32.6493628382 32.5379616312 32.9983489127 32.7857235946
33.1357826797 32.9724475655 32.9113562345 32.7296815693 32.6278971669 33.0851942307 33.026268052 32.5336121858 68.4942732451 49.9089737929 32.9304811052 68.3927610218 68.3927610218 33.1768592787 32.5821477931 32.5383355556 32.9547142737 32.7638085726 33.0434355617 33.1685588042 32.814113323 32.9472969755 32.6100572657 32.7621572352 32.5914864008 32.6954507364 33.1829468177 33.1016835455 32.9444831768 32.8775399823 33.0838767348 33.1524905547 33.1736664574 33.0235044167 33.0289690692 32.9074676224 32.6432556512 32.9734212503 33.2023783273 32.749965553 32.8631675566 32.8802060622 33.0978529278 32.6431621728 32.9053121724 32.9660510229 32.7219702926 32.8629705126 32.5097389129 32.5044096025 32.5810472457 32.5384892167 32.5063605088 32.6399670166 32.8822647751 32.6367924389
32.7956964233 32.8227999618 32.6393933905 32.5061029175 32.9600742946 53.0588467466 58.5549336112 58.5549336112 58.5549336112 49.9089737929 32.8281783655 32.7894539228 33.02594099 32.9722867535 33.1379349598 32.6848306735 33.1871964677 32.7097607226 32.8892851723 32.9164773832 32.9011793722 32.5007975066 32.7280556878 32.6455472896 33.0817267623 32.9928089219 33.1529736821 32.905310623 32.8682271922 32.8256176155 32.9180497749 33.115662655 32.6275830729 32.7229303052 32.7022623188 33.0316943126 32.6713578042 32.8607284805 33.0382419066 33.1659861915 32.7137658277 32.6027439083 33.0947667486 32.8364210756 32.9868976332 33.0815828336 32.535615486 33.0107717055 32.9685707031 32.834439971 32.5847290783 32.6175434907 32.5827930925 33.2017301085 32.6064583872 32.5380891689
33.1766911692 32.5725023725 32.9333034827 33.0676684098 32.5063358048 32.5439972728 58.5549336112 58.5549336112 33.0293403208 32.5452239644 49.9089737929 33.1433244298 33.0993946564 32.7548589949 33.0246861133 33.086465516 32.8126419732 32.828820127 32.5529441331 32.6099967881 32.6939872779 32.827668288 33.0993753074 32.5651247636 32.9217660665 32.6705093167 32.6443540004 32.8045735317 32.8960553847 33.1354805038 33.0867093628 32.6241226752 32.5199713612 32.6835382433 32.6747752272 32.6153395811 32.9746691904 32.6966544746 32.69256339 32.7404548484 32.9429206321 33.0091994286 33.000663572 32.6663076146 32.9702630079 32.6743002253 32.7352597279 32.6891452502 32.7977275032 33.1160054195 32.8127091586 32.7652805177 32.9409710935 33.1727462397 33.1163680777 33.1764411663
33.1913325093 32.576138366 33.1866424131 33.0830978426 32.9388919338 32.5306589461 58.5549336112 32.5451188911 58.353077101 32.5244701691 33.1770798407 33.0496767846 32.6451865441 32.8070073498 32.518720393 32.578863813 32.9042482458 32.8294736992 33.0552532649 32.5671631117 32.5742683395 33.0628934614 32.6686817683 32.861117524 32.6942457882 32.5572695043 32.7694245307 32.8570050748 32.8412192178 32.5872887743 33.1832673192 33.0531614178 32.9243715804 32.8854722964 32.5233311569 32.6160591691 32.5853481474 32.6704200575 33.1961892878 32.5235877728 33.1913431979 33.192102177 32.6383970541 32.8722767342 32.53027063 32.8386238227 32.600296446 32.9856378382 33.0741908463 32.9478387157 33.0564103428 33.0946751079 33.0086065735 32.9982130708 33.1406818517 32.8531201949
32.7363291732 33.1652162767 32.884503467 32.5359023706 32.6362190599 32.9049466215 32.7290738988 75.3987561296 49.681161387 75.3987561296 32.9202093223 32.5781654031 32.5510231886 32.6900622647 32.8355106742 32.8259504223 32.6498767837 32.5874785577 33.0701432843 32.8665788412 32.6277456884 32.7966076674 32.558075313 33.1226540984 32.8737686221 32.9952219333 32.7935176447 32.6849248954 32.9246471622 33.1730172625 33.0852223315 32.7643511606 32.6139604178 33.0904925611 33.1695901791 33.1521697364 32.8044874073 32.9704439779 32.5086743753 32.6580806905 33.0575639693 32.6480047091 33.1847919663 32.8511732026 32.96575874 32.5473790529 32.8392850913 32.8621138361 32.5922897022 32.997017797 32.8852229219 32.8182587091 32.5967457225 32.7712786674 32.5835491158 32.9425109641
32.8127899929 33.1229774982 33.0496617412 32.7113150612 32.5086621605 32.8560455074 32.6339488371 49.681161387 49.681161387 49.681161387 32.9051724977 32.9251302382 32.7584908106 32.8583398913 32.5058157577 32.5746248315 32.743807518 32.8917878929 32.8081481678 32.6033817619 32.61136328 32.5785091846 32.6229059456 33.2026390406 33.1896742764 32.8026722642 32.8188153226 32.5003968535 33.0723605776 33.1798270748 33.0711634094 32.7964309279 32.6257037716 32.6006432508 32.6338480595 32.6471971812 32.9896621431 32.6750978087 32.9857151803 32.6241781417 32.5900209606 33.0120375711 33.0430050703 32.5656463306 33.1964320513 32.7497582398 32.5676773058 33.0671132145 32.7132165199 33.0255549555 32.67441036 32.5234480952 33.0488392555 32.9360011515 33.2045085198 32.6330586033
33.0456207705 32.5036502475 32.5856541421 33.2061138693 32.9741227878 33.1130199411 32.5046977667 58.9303931354 58.9303931354 32.5843557839 33.0805512626 32.9706583427 32.5936067376 32.5024640122 32.9263482029 33.0102023281 32.5167886043 32.5630800344 32.9927484066 32.9929138115 32.6439005207 32.6833859181 32.5338503679 33.1731730198 32.7258947678 32.7432244266 33.0442095536 32.7161265491 32.8137307732 32.9616164866 33.1118283583 32.7102728309 32.7852187396 32.5964724898 32.9090606764 32.9430692157 33.0811796054 33.1096703228 33.1462904765 32.6969216793 32.7258490694 32.9200024923 32.9447510077 32.9679833082 33.1332794889 32.7298646634 32.9004772636 32.5376990363 32.830059325 32.6866749704 32.7763000235 32.8498492984 32.5060032294 33.0690134102 32.7011666634 32.830827281
32.5476273715 33.1423811996 32.5937554319 32.873535564 50.6838979731 50.6838979731 58.9303931354 58.9303931354 58.9303931354 58.9303931354 33.1812910464 32.88191144 32.5469774226 33.0052239828 32.6370436657 33.109007803 32.7131838298 32.7543471827 32.5367112211 32.7840502644 32.834131597 32.9814207223 32.9888422121 32.9415217464 32.642422458 32.8175500916 32.7568765509 32.9978800862 32.7731956954 32.5670610647 32.5642653734 32.6092403583 33.0863870352 32.5763161657 32.8135295072 32.7336279997 32.6998801008 32.6467186007 33.1641353186 33.1015924574 32.7932647952 32.9571337263 33.1556424108 33.0672288568 33.0964457533 32.5668792071 33.05555538 32.7979741537 32.5734705805 32.9375422012 33.0734308446 32.6065823122 33.0778118665 32.7898933432 32.6894691476 32.7239693809
33.0763022195 32.7452670346 32.9351528746 32.6503717912 33.0088410867 50.6838979731 50.6838979731 56.2940908846 33.1736163816 32.6623835915 33.1533592236 32.7489590895 32.5560611432 32.7817404965 32.7731387521 32.8773146734 32.9846473576 32.5113517368 32.5967554073 32.6042492098 32.7714368789 32.5558694011 32.8515398352 33.0789254459 32.5560581752 32.5381808815 32.5219824439 33.1330426685 32.8121110223 33.0888585188 32.8437997045 32.8934566764 32.5428993771 33.0079282551 32.5968719257 32.8698651659 32.655542291 32.6730944629 32.8459218339 33.0975498801 33.1095342518 33.0251409134 32.5492819838 32.5781260026 32.7190958038 33.1356958122 32.7583186271 32.8339614558 32.9493922831 32.5760882624 32.9765493072 32.6998334619 32.8911095549 32.9709942751 32.9515788391 33.042303673
32.8035152859 32.6161549605 32.7418565226 32.8624591243 33.1590993276 33.1124713797 50.6838979731 32.8164385656 32.8940892532 32.8928992425 32.5058993094 32.733761705 33.1273990549 32.7018328878 32.8712927694 32.8835702878 33.1225140962 33.1500178539 32.858283904 32.6183117939 32.5654877793 32.5188466277 33.164961861 32.5821417974 32.812713839 32.961240764 32.5523539625 32.7139679128 33.0876263719 32.6428846607 32.7447619158 32.8431900148 32.8772034416 32.9312066624 33.0399644826 32.7579717706 33.0474834031 33.18187187 33.0812576753 32.7009438499 32.6255242618 32.721310481 32.7810602688 32.8226013278 32.9477596295 33.1029401933 33.0717426217 33.1077024983 33.081218555 32.7010221257 33.0543796406 33.1284948713 32.6706423397 32.9518969681 32.974256115 33.0226030414
32.8338444442 33.1325463148 33.0466082174 33.0204458826 32.9197031065 33.010265599 33.0095902708 32.8916411016 33.1684984029 33.0058010427 32.6519496488 33.1320025129 32.9060397903 33.081822088 32.923154506 32.9524832325 32.9643956276 32.5491335961 33.0432506196 33.1397336789 32.8137768434 33.178358303 32.9463743942 32.5748537295 33.0555359671 33.2059984165 32.695710884 32.6621848263 33.117992727 32.6218289174 32.7720975512 32.801558594 32.7130870427 32.699546146 33.1742587874 32.938507937 32.6137304409 32.8810854491 32.7981715542 33.1061627247 32.5712612746 33.1806100386 32.8118925726 32.8282082186 33.1306141942 32.5987276642 32.8806455531 33.0332841848 32.765766233 32.784322801 33.0778780313 32.7759807112 32.8677225913 32.9479302824 32.9880397348 32.8579007718
32.6068796654 32.7678165807 32.5216832734 32.5152114078 32.6756801139 45.395485679 45.395485679 33.157363391 33.083985804 32.7935220184 32.9209467313 32.5118255353 33.007001729 33.0063855524 33.094262811 32.9225925237 32.5373674191 32.832781277 33.1224451537 32.9807666111 32.982736897 32.7149770448 33.0692176609 32.5036987418 32.8967572009 32.7681920619 32.675325313 32.5818057471 32.8244048256 32.5320450873 32.7749059358 32.6847043849 33.0539309426 33.1894617111 32.7456606285 32.7356044245 32.7553641221 33.1040894886 32.5067315357 32.5817128391 32.8313224299 32.9018914722 32.6186401543 33.0240625638 32.9305314046 33.0017558764 32.5506054287 32.6123677977 32.7791753069 33.1166689084 32.5358713706 32.9443697565 32.8727212449 32.536713724 33.1835545339 33.1320481326
32.9904351784 32.6444370014 32.9246767024 32.7891952877 45.395485679 45.395485679 45.395485679 33.1898751725 32.5154679944 32.59138865 32.9080451398 32.6705135962 32.868702484 93.615005232 93.615005232 32.6331735848 32.644477668 33.0529282567 33.1925542288 33.1456880566 32.9881045713 33.0112287303 32.9605009665 32.675064676 32.5136850434 33.1204470355 32.6922776376 32.86448872 32.604197663 33.1294901525 32.982086165 33.124984788 32.5390164591 32.8620241351 32.5364538115 32.6524352206 32.5742581802 32.8687731976 32.5347183278 33.1474880997 33.1825374886 32.7521748213 32.6829388676 32.7609056201 32.992243614 32.8422038751 32.9025255658 32.7815764236 33.1144956715 32.5239178025 32.7155867438 32.9209519084 32.5138119201 32.7743452 33.1320786032 32.7397500847
32.6905999686 32.6198084079 32.7834303936 32.9591801509 32.6526590833 32.545059002 33.0330138435 32.5845598979 32.8262431093 32.6705837921 32.8245077222 33.1109453574 32.8717212779 93.615005232 93.615005232 33.0036046121 32.9816909353 32.9840854732 32.6408998484 32.803251364 32.5309565008 32.9703076663 32.6353557245 33.0324088452 32.8176494342 33.0026226175 33.1003970993 32.5149520938 32.5054159787 32.693546841 32.782503065 32.7510896478 32.7995426354 32.7296599582 32.7115042434 32.9120004552 32.9544654598 32.6479441299 32.9998975117 32.7678100914 33.0232959897 32.6729268709 32.9365165236 32.8028211447 32.8544638268 32.662906615 32.9606265644 32.5000376929 33.0380425622 32.871114287 32.8201638542 33.0826683946 32.7373643344 32.6825642785 32.5042879058 32.7244278265
32.6838328994 32.5245789266 32.6762626804 32.8341333642 32.5060047316 33.0560641567 32.9241943579 32.9181298494 32.5703437899 32.7962017101 32.5326698769 32.9777257576 93.615005232 93.615005232 93.8800718104 32.6819917486 59.6610724785 32.7277055879 33.0569864684 32.9681886948 32.7082176609 32.6843326383 32.7695753107 32.6184778387 32.6659206872 32.9508050222 32.8754481612 32.9615107145 32.756803774 32.5602729394 33.1745967106 33.1426579371 32.9465642079 32.6095178636 33.0202955346 32.6988363067 33.0066586822 33.1854046731 33.1889038383 33.1792691351 33.1575544618 32.6708319312 33.1655140783 33.0218944795 32.9025666094 32.8033331518 32.8035297149 32.935327705 32.7847450546 33.0320952074 32.7460101523 32.7520888311 32.5964990363 32.6056598975 32.6937332438 32.6506429119
32.9044435423 32.6299723783 32.9760001317 32.7638855264 33.0149489018 32.9910638293 33.1757050573 33.0370595893 32.5075682707 33.0419276932 32.6073738991 32.5660514371 32.700600224 32.8792382628 33.0937111071 59.6610724785 32.9411321535 59.6610724785 32.914863227 32.6132568176 32.6415050466 33.0761136523 33.0370546222 32.7554012616 33.1273651909 32.8585228186 32.9670519165 32.9790120709 32.7570314625 32.9736965454 32.6442707615 32.5971231018 33.1145439376 32.5694168065 32.6744067762 32.6897408741 32.5469039754 32.7408931628 32.8216759721 32.7148617614 32.7418152127 33.1031007682 32.672331901 32.7485206881 33.1850027117 33.0400796076 32.9509232031 32.5942148197 32.9285070293 33.0590194155 33.0472892275 32.7720792937 32.594467861 33.0227169171 32.8260328925 32.9727151374
32.9655070405 32.8934751782 32.8389046492 32.5095371842 32.5201896797 32.7759839366 33.0253469553 32.9313088722 33.1433491089 32.9407706257 32.8066883031 32.9957069174 32.8130842876 32.6302125135 33.0211944724 32.5209011868 32.6838698771 56.7872843017 32.7525752184 32.594305786 32.8505245551 32.681080327 32.959024777 32.621029873 32.9588671279 32.8945313539 32.5051207835 32.5666618832 33.089239861 32.6375285576 32.9854710673 33.1330266289 32.8830584858 33.1616622222 33.0603661968 33.082546073 32.8794851961 32.7528265586 32.6723104922 32.6700322424 32.6873678213 32.6473578453 32.9098836519 32.7058592309 32.8877892671 32.8666803918 32.5182090777 33.1200632143 33.0976371474 32.7845902986 33.0347406063 32.7393415389 32.5762125873 32.8982454832 32.9864530339 33.130738629
32.9354988432 32.8154670881 32.6330413335 32.8520504222 33.1000282297 32.6459785008 32.832847187 33.1500241053 33.0326611781 32.7189828977 32.7546334842 32.7126149926 33.1914738761 32.97744345 32.6923194433 33.1095336716 32.9181033399 32.5657663407 32.5458286579 32.9296746521 33.1417009942 32.9452217729 33.2009295166 32.9811474453 33.1978003904 32.6867417184 33.1293526995 32.8050652181 32.7318083873 32.7054269998 33.0485000544 32.9511954521 32.9648084038 33.1589077619 32.6760598487 32.8477952566 32.5577145582 33.155374356 32.5890160926 32.8028248995 33.0552281738 33.1194157586 32.5628779909 32.6617126818 32.9891792545 32.5859312016 32.7265837166 32.7519721498 32.7005278579 33.0350034619 33.0281115638 32.5888701898 32.5536703122 32.7367257613 32.5258672619 32.6790516337
33.0533293788 32.5979288868 32.7512329629 32.6399611733 33.1803229041 32.8628574084 32.5312145561 32.6190362625 32.9372219865 33.1583434451 33.188999205 32.724791214 33.0542349236 32.8041089346 32.8813295409 63.0502932685 32.518985864 32.9975583674 33.004102229 32.6820711444 33.0272953821 32.9692759863 33.183454642 33.0891215175 32.5343154736 32.8025389968 33.1908462216 32.8399731263 33.123760245 32.7385551139 32.9387367409 33.0095538139 33.1541185663 32.5955333627 33.1972464945 32.643226569 32.5517918171 32.5027784878 33.1228369569 33.1497600461 32.6446838603 32.8537845735 32.519591854 32.87085048 32.9728567919 33.1870633176 32.6130548713 33.1129405892 32.6357606672 32.9305095388 32.6431213228 32.6793521635 32.731587296 32.6787581886 32.5681879319 32.6556178658
33.1196576467 32.5258494168 32.6190971149 32.9090176628 32.6621032412 32.7435087492 32.7952681151 32.5985087133 32.7900463144 32.6242330796 32.851081402 33.0014848698 32.5175026556 63.3181613501 63.3181613501 63.3181613501 33.0279714569 32.906815761 32.7267733744 32.8579088829 32.9395422614 32.8617282463 32.5739151024 33.0939892721 32.6344708619 32.5580479342 32.6177145314 32.8391453088 32.6142596589 32.907278899 32.656308012 33.0368508612 33.1615205907 32.6630044062 33.0723520977 32.8032768031 32.6062697898 32.7878260277 33.094411721 33.0183979796 32.7042990299 33.1865050498 32.915613917 32.6946364747 32.5305012323 33.092060845 32.5858440351 33.170253821 32.5270690183 32.6586349236 33.1296209005 32.6306503245 33.1493716569 32.981082311 32.749971649 32.5413922286
