Spatial_Output/BAU/BAU_0354.asc
NCOLS 155
NROWS 192
XLLCORNER 196769.923733
YLLCORNER 449719.875193
CELLSIZE 27.603701
NODATA_VALUE NaN
[rows 23 to 45 of 192, columns 0 to 52 of 155]
0 36.1298905486 36.1483939396 36.374251588 37.2963495148 36.2655534061 37.0432147235 36.3579220686 36.0851169851 36.5238513307 36.9267281314 36.6289469255 36.1791848272 72.0033899825 56.5320688252 56.5320688252 49.1283584087 36.4849344403 65.4837046521 36.5718680025 36.1894382057 36.8193642601 37.2011400734 37.1652824694 36.7287886473 37.272396893 51.4688677672 60.224950485 51.4688677672 36.2359450568 36.8060902001 36.3654040034 36.4703357983 36.0716313175 36.2777652007 36.7524860083 36.8472435536 37.3438071137 36.0342755303 36.1913975476 36.3313589931 36.7358937131 36.8392363494 37.1971378212 36.8505836085 36.4126268405 36.1245152809 36.0253298827 37.2889848734 37.3395378279 36.0172277128 36.448891571 37.1242877692
36.535418222 37.3586839118 36.4178970035 36.8717099442 37.2994557238 36.0232300371 36.4252022181 36.3216911523 37.1105750751 36.979747053 36.245692722 36.0160152388 36.9820164292 36.4666625089 36.4715093072 49.1283584087 65.4837046521 36.5761916207 65.4837046521 36.6599519216 37.3235045773 36.3195389325 36.5755263334 36.7571416447 36.3518594819 36.5755441155 60.224950485 60.224950485 60.224950485 36.7882604213 36.4458490114 37.1259473501 36.5195228243 36.4531498151 36.6460453754 37.1232694002 37.0004474036 36.7112517938 36.4753123578 36.5629086765 36.5356622116 37.3540993795 36.624137106 36.4788126003 36.4151773449 36.8051775514 36.4342860142 37.1962373991 36.8061345036 37.2023685703 37.0228570895 36.6251910592 36.3765304714
36.6569300013 36.2948544979 36.1256077434 36.2189073257 37.0168345511 36.9239629442 37.4097186733 36.5924221157 37.1693874024 36.9469984329 37.3838679974 36.3710897266 36.4623003153 36.5946465813 36.2423011348 36.8096701052 36.7453128482 37.3588732949 37.0863218803 37.2987315067 36.9683339832 37.0733157736 36.8341298759 36.211218095 37.0816292882 36.4367246764 60.224950485 60.224950485 60.224950485 81.3886504402 36.6705282477 36.5253524194 37.1983221949 36.7688310884 36.6928771418 37.1834679898 36.1015596673 37.0777881761 37.3297875252 36.4739798232 36.7421021418 36.6298002193 36.1910656281 36.8828567345 36.9790496349 36.1100710143 36.2817213153 37.0237777645 36.3697995366 36.7245204982 36.9918423847 37.3385885158 36.2565455711
37.3870653424 36.5495783332 36.5026094669 36.4732111977 36.0359552079 36.311129868 37.3809791364 36.7567915258 36.315119524 36.7799355139 36.4885108564 37.2035274411 36.710477917 37.360090468 36.6534596311 36.9583353849 37.0179996771 36.0417402148 73.1453294882 36.2344887346 36.5122615768 37.3681686311 36.8573764247 36.2096356263 36.2608873699 36.5111610182 36.9703718694 81.3886504402 81.3886504402 66.5168013746 67.2119604307 36.0831271065 37.0848741104 37.2535024307 37.1928166862 36.831917718 36.5604841782 36.4782309811 37.2181536351 37.0900380879 36.6591555337 36.1571151807 36.1997688723 37.0542007866 36.5978264631 37.2113681422 36.3611248857 36.9081018718 37.0092194892 36.515240893 37.0508771017 36.9824102855 36.0720129125
36.7484203522 36.5340045623 36.075893395 36.1112901095 37.0948790729 36.2092527949 36.0985995552 36.7690914932 36.8975608388 37.176207482 36.8305315102 36.2792129682 36.9049248939 36.5382417536 36.2594567728 36.5488521912 36.9673280085 36.9217544206 36.0747687222 36.4657933451 36.5607499515 37.3643690912 36.3856218422 36.0476077274 37.0946238632 36.2711849192 36.6010713304 48.3420824564 48.3420824564 57.8358350279 57.8358350279 36.1411100215 36.548807327 37.2102064849 37.3311126887 36.6774976641 37.0226941825 36.7566599482 36.0252894461 37.3827668559 37.2439139455 36.7480523813 37.1027832221 36.6766672562 36.6080308003 36.7519764836 36.986676376 36.0345041046 36.9265005239 37.2416610155 36.2046306461 36.5864581084 36.3114689365
36.2571380372 37.2953986404 36.4847682418 37.1233775442 37.2519416381 37.1111629999 36.1413400047 36.7650692445 36.8366601662 36.6689034543 37.211477859 36.7420338233 36.7404529794 36.5967935718 37.1410811692 37.4141918082 36.0423198441 37.4078425794 36.1199731389 37.255622739 36.2660209 36.0110934153 36.3239755808 36.3424144459 37.0361405969 36.1082143692 36.8875335897 36.5291807937 67.2119604307 57.8358350279 44.9798715401 44.9798715401 36.8083800796 37.1913106671 37.0788962758 36.2018754946 37.4036786186 36.6795482874 36.3864279775 36.1209927474 36.3500400223 36.6624004315 37.3723745518 36.7371199099 36.1332145884 36.2812377121 36.5340433784 36.6219095293 36.9329149872 36.206450646 36.3899373581 36.9960170768 36.0301513343
36.6252204588 36.9739143394 36.9437521981 36.8569163118 36.8202686189 36.0270706829 36.1603880315 37.2625117507 36.5775195791 36.4114358667 36.5803779887 36.6599185193 36.514422011 37.0185401682 37.3009542522 36.7370439245 36.2190467175 36.0431346648 36.6700777243 77.551730924 77.551730924 36.5663233039 36.7571055212 37.0294254586 36.6381967939 37.2247449201 36.4717085899 37.0651758151 37.0419354263 36.9935393751 44.9798715401 51.9291856386 37.0111949905 36.6560339954 37.2458622842 36.2019710356 37.1867303647 36.5561150593 36.8844287402 36.4165187022 37.2454642023 36.1647725158 36.8406554601 37.0006660452 36.6199393562 37.3274140435 36.2819963145 36.9377644062 36.8751729668 36.4722616642 36.0327412362 36.8086919364 36.6241413302
37.3982414743 37.0040577386 36.289993065 37.1792673112 36.8688551516 36.8551920717 37.0889328538 36.3424209613 36.3841454166 36.7060409974 36.032793245 36.7012993936 37.0474338959 37.2995445508 37.0591602891 36.8173522514 36.4056408278 36.7578300497 77.551730924 77.551730924 77.551730924 53.2900465437 36.6181616221 36.4622445625 36.3045345332 37.0071131073 37.2568190523 36.4325902077 36.5675020973 36.9958568747 51.9291856386 51.9291856386 51.9291856386 37.3946920581 36.9128429176 36.1462344048 36.7870467731 36.3423499566 36.9562279869 36.9066580517 36.3819048222 36.8745275905 36.4526685661 36.3577617015 37.3045750378 37.3460631131 36.1874188968 36.9647247472 37.0670570566 36.3668947506 36.7075485334 36.4617537045 36.782705863
36.7978544599 36.3016897241 37.3389654461 36.423045115 37.3892635314 37.0779240276 36.9318726939 37.1566193507 36.752820538 37.231401551 36.0865562147 36.9361112357 36.8284737573 36.4534841976 37.3823601569 36.1693909761 36.9079247282 36.4184896704 51.5275655535 74.4124398162 74.4124398162 74.4124398162 36.4707626381 36.5815101322 36.0095506655 36.5925621642 37.3594735655 36.5663520904 37.2245926064 47.6999093405 47.6999093405 47.6999093405 52.4469672271 36.8625235535 37.0510063902 37.2403103977 36.5841357441 36.7042899139 36.0683555267 36.8934643355 36.7746379876 36.2763593838 36.1734665796 36.1255480296 37.379731391 36.9605555443 36.9977091675 36.7480070346 36.1753831627 37.2274912788 37.4089849301 36.9854055137 36.6395107245
37.3886176033 36.789918919 36.9156027987 36.5462367084 36.6685548708 37.005705213 36.901699597 37.3554003638 36.0749794727 36.6552598388 36.137887588 36.9614122926 37.3038477087 37.1495986338 37.0164546296 36.8988167764 37.3891592469 37.0853263117 36.4056748043 74.4124398162 74.4124398162 60.2721977221 37.2117781029 36.0405277823 36.3293505917 36.5796099322 37.2094163594 36.031643193 36.01529003 36.9218834832 47.6999093405 47.6999093405 36.6052565427 36.0700625861 36.4380872913 37.4053953873 37.1378202335 37.2281290007 37.0403098295 36.6173129497 36.3131226829 36.3230696496 37.1276847359 36.2615792319 36.1313285466 37.0952528919 36.2393975432 36.1281511451 36.9619024152 37.2515907004 36.0397123787 36.6320393476 36.766255157
36.2743091148 36.4825674328 36.3231527517 36.3689155734 37.1645294018 36.3289374705 37.1836089874 36.0292584829 37.1020074127 36.2049631944 36.4926916361 36.0054158887 36.6772896214 37.3705663223 36.7746765321 36.7026157034 36.5567712263 36.0233348568 36.5610911541 56.7154297441 56.7154297441 56.7154297441 36.4863271789 36.7568392823 37.3474058093 37.1791857324 36.6724991495 36.2563294883 37.1964030441 37.2440770235 36.0769905954 36.5568296097 36.5832190428 36.9475324552 36.3900689751 36.9685754799 36.7095900591 36.370481891 36.004577257 36.8046777293 36.7536042875 36.4982536373 36.625761435 36.9683309868 36.9026656773 36.1444832301 37.0339165167 36.8138538754 36.0206572913 37.335149038 37.3846250034 36.1032298229 36.2536465836
36.8387236594 37.2726115446 37.2702535836 37.0318622303 36.9735203973 36.2389493313 36.677308298 36.6755165217 36.5286513594 36.3304017404 36.5770074273 36.5320709508 37.3641550971 37.340272493 36.0440018339 36.4433459908 36.5535213642 37.0974205182 36.7456715322 36.2144554671 56.7154297441 85.6205375821 37.3424353505 36.6414542801 36.2653656638 37.124307648 36.8984338368 36.2519576737 36.2347292558 36.208909407 36.8306168456 36.5676056663 37.2651020149 36.6615703196 36.2716698878 36.7420702438 37.3623553459 36.2440113263 36.4598569561 36.0452149801 37.4071770588 36.982513893 36.5780796649 36.694592842 37.257042874 37.4087092906 36.274754079 36.850012619 36.8026629156 36.5294097315 36.6241379197 36.2686670377 36.3462503986
37.3071896001 36.9191583201 37.1266940327 36.1135888491 36.8327786157 36.0567061794 36.6036444231 37.3982225664 37.0251693195 36.3360980601 37.3229037078 36.3968279479 37.2511072217 36.8600000691 36.7403986613 36.5285109231 36.6369181235 36.0247096394 37.1427542873 37.3082645981 36.0386179075 49.6159435353 36.5506604758 36.0111837814 36.7495255271 36.3549069165 36.9029530292 37.3209872014 37.1513603354 37.1355548592 36.2008102565 37.2586888681 37.4051608728 37.2216623672 36.8975672376 36.4537914266 36.091237003 36.3022181495 36.5875220702 36.4431909882 37.4034753093 36.8704720345 36.2704720969 37.0210005937 36.7409185784 36.1660033623 36.4511491268 37.1498135237 37.3829935636 36.4505105677 37.0797231758 36.1377891903 36.5460216408
36.3295640484 37.0956179125 37.3614295107 36.0342335879 36.3426188129 37.3193819032 37.0812228907 36.7653137167 36.5189132684 36.0430426143 36.4141422147 37.384385781 36.8214948396 36.8433708233 36.6470932407 36.2535617557 37.3821911241 36.1366798955 36.0777434251 37.3792784497 49.6159435353 49.6159435353 49.6159435353 36.520939578 37.1658980357 36.2626982995 36.9320483184 36.1980246309 37.1737348046 36.4782097145 68.9955820022 36.2989823634 37.2706350643 36.2091277893 36.9252913084 37.143563297 36.32887434 36.3696942843 36.3396498695 36.4814656414 36.7455645678 36.7982095822 36.6806379142 36.5491130351 36.7563611048 36.1620241354 36.3593236793 37.1430857171 36.4455128419 37.2960642866 36.4380240547 36.0621639433 36.0529787773
36.0148628467 36.1178317927 36.0606778692 37.3010629956 36.1271735919 36.5284390778 37.287665482 36.2075994371 36.9650161006 36.3865244718 36.1702034395 36.9142501409 36.5229835 37.2667164265 36.239109636 37.1575637864 36.4902446884 36.6762217529 36.1876852685 37.2295007934 36.0017815281 49.6159435353 37.2480583469 79.3385963672 55.3085614711 64.392885747 48.609376614 36.7077378576 57.857595065 52.2409289931 52.2409289931 52.2409289931 37.3484986939 37.2593916995 36.3656152169 37.019501561 37.4120240081 36.316218438 37.0241734843 36.9034829919 36.1560568931 36.9051089617 36.0855699275 36.2878685686 37.3142359395 36.8910929656 36.3846693386 36.8431454746 36.3052220769 37.1791113806 37.3079360977 37.1703755328 36.9149178328
36.4863457518 36.5810373973 37.1224690888 36.9916781344 36.1090944266 36.2945171579 36.5245361823 36.0747395965 36.6762516317 36.5597391022 36.265758762 37.047278103 36.9576586276 37.32977946 36.7055030721 37.0829998198 37.0729968926 36.7210718316 36.1191811775 36.8062293558 36.4326491539 72.0098445367 37.1424022072 79.3385963672 79.3385963672 55.3085614711 48.609376614 48.609376614 57.857595065 79.8954098208 79.8954098208 79.8954098208 36.748432449 36.6801255948 37.3457751932 36.2177179805 37.231850757 37.0978166554 36.8064746549 36.5670082428 37.2884621017 37.3760664189 36.2944991155 36.9073384668 36.6095586285 36.9645358286 36.9288951526 36.5009110409 36.44165081 36.0384092799 36.3692867553 36.4152992999 36.6190304933
37.3418408902 37.3098719727 36.2264448374 37.0475805121 36.8423819399 37.3698948426 36.5101524257 37.0085469864 36.9802919976 36.0019324618 37.2429362431 36.2980554371 36.6715767752 37.2647281387 36.2396510083 36.4341480394 36.8915425332 37.0545394106 36.6276045206 36.7256661267 36.3673877707 72.0098445367 36.3756846121 79.3385963672 55.3085614711 64.392885747 48.609376614 57.857595065 57.857595065 61.8798473763 61.8798473763 37.3739570233 37.1783074968 36.1376914059 36.0778386354 36.7329636059 36.2157616514 36.0137605289 36.6341197982 36.5423537614 36.4146102056 37.3905019543 36.983833377 36.2827495877 37.0765645672 36.7556793264 36.5756782591 37.2742918208 37.2569090695 36.373733245 36.4566465941 36.908167152 36.840717245
36.912410002 36.4200789756 36.6132724704 36.0158488202 37.2803621659 36.5116456689 36.1861425674 37.057759534 36.6822588116 36.7289935273 36.5343408982 36.6257430133 36.7350827429 36.9016313962 64.1625947765 37.2990741456 36.8331959236 37.231445036 36.8116245935 36.6696570616 37.0618599923 36.5898225379 36.6531386899 36.2954048858 37.4036595349 36.9013268309 36.6295610815 37.3259504545 36.9364813394 61.8798473763 61.8798473763 55.6035462178 36.4502970647 36.9730718939 37.0681556472 36.1952078907 37.2610001767 36.2206344093 36.8758980939 37.1416154891 36.5602449768 37.0704109007 36.2477012646 37.1878084971 37.3740451924 36.4367747986 37.3556727886 36.8826028262 36.1880058305 36.8696270428 36.1185277746 36.9173178327 37.2978319374
36.9159475675 37.3969517504 36.9138133756 36.8593036102 36.3307644839 37.0825428971 36.5639634862 36.2889366728 37.0987290157 36.807090534 36.6050805771 37.1427468177 58.3780742959 58.3780742959 64.1625947765 64.1625947765 67.1577260965 52.8835500555 36.0873483636 36.6037474502 55.4277740602 36.6190598091 59.147155256 37.0565684764 36.3320421109 37.1080749647 36.4157779753 36.2122788641 37.0031138069 69.8367580549 69.8367580549 62.0032423772 37.0542276601 36.8689780386 36.9723656681 36.5915502853 36.2541151623 36.8445915842 37.1518204069 37.3615360778 36.6285932342 36.6187421781 36.6490281193 36.9117909311 36.0497495958 37.2643319929 36.0656277932 36.5111808219 36.0727199945 37.1464372724 37.1249388182 36.1292801093 36.6845037249
36.7601356947 36.8359521067 36.4722557173 36.9892732409 36.3084341739 36.130633538 37.3847258899 36.8925229563 36.6776511337 36.6779782359 36.7478112597 36.7633296302 58.3780742959 58.3780742959 64.1625947765 64.1625947765 67.1577260965 52.8835500555 70.0989820847 36.4547265043 36.7406909966 55.7641613709 55.7641613709 55.7641613709 89.6534422685 80.5234231086 52.8938021195 37.0704042532 36.0902798426 60.9462398631 69.8367580549 69.8367580549 36.1199867783 37.0858009581 36.3043806072 37.2662421163 36.6925697275 36.3783828728 36.551252197 69.4774693585 71.7239249484 55.27316559 69.5153439809 61.0859520633 72.1883472879 37.0356443246 37.3779288896 36.9041475249 37.1828662554 36.7398047283 37.1522458302 36.4893016454 36.6535398676
37.2676935597 36.9563987838 36.7317766367 36.0537279086 37.2152595518 37.2248669959 36.454060051 37.0159020178 36.3275579715 37.0065285759 36.112915486 61.3145284403 61.3145284403 58.3780742959 59.3265580684 67.1577260965 67.1577260965 52.8835500555 70.0989820847 36.2977670978 54.4935433441 55.7641613709 55.7641613709 66.6032272688 89.6534422685 89.6534422685 52.8938021195 55.6537868856 55.6537868856 60.9462398631 60.9462398631 61.3062675459 36.6787771925 36.6718208554 37.1016522705 36.3484136537 47.5228915763 65.400691842 54.5339529221 69.4774693585 69.4774693585 71.7239249484 55.27316559 61.0859520633 72.1883472879 71.4676437674 37.0059727413 71.8206295526 36.6443857812 36.5473963661 63.8684414826 36.1771404272 36.2188070878
36.9102821717 36.0271217912 36.1854186515 36.7877589267 37.2893990443 37.1541664458 37.2567550308 36.4102077035 36.7991554417 37.3552926456 36.536526993 47.8731847649 47.8731847649 88.4659037959 36.1972053846 36.279679609 36.0032951158 72.759251276 70.0989820847 37.2762174691 54.4935433441 54.4935433441 36.6161459365 66.6032272688 89.6534422685 52.8938021195 52.8938021195 55.6537868856 55.6537868856 60.9462398631 60.9462398631 61.3062675459 36.4474149021 56.0371246349 69.8022158534 47.5228915763 47.5228915763 65.400691842 65.400691842 69.4774693585 69.4774693585 55.27316559 61.0859520633 61.0859520633 72.1883472879 72.1883472879 71.4676437674 37.2533546547 36.4884210076 36.4384696975 37.3814539787 37.0324894197 36.2118799029
36.9330885546 36.8912464884 36.6721258995 36.853091071 36.2742225655 36.7113927109 36.4882254546 36.2343715507 36.8875447913 36.1622330454 88.4659037959 47.8731847649 47.8731847649 47.8731847649 37.204311447 36.9260533806 36.3999026549 36.8022524163 36.8348625463 36.3032385974 36.8790890278 36.333649385 36.5458803879 36.2658047662 36.4222901951 80.5234231086 59.3969203232 53.0824838461 53.0824838461 53.0824838461 67.3844768844 61.3062675459 56.0371246349 56.5041125853 36.9673958955 36.690777603 47.5228915763 65.400691842 54.5339529221 36.8886616131 36.5985907037 36.9136599753 37.3744229496 55.050945661 36.3384121739 36.6765501076 71.8206295526 36.3271292144 36.4005783078 63.8684414826 36.5691562774 36.6027142438 36.3935015102
