Spatial_Output/BAU/BAU_0502.asc
NCOLS 155
NROWS 192
XLLCORNER 196307.867259
YLLCORNER 449144.565805
CELLSIZE 33.573938
NODATA_VALUE NaN
[rows 125 to 149 of 192, columns 57 to 113 of 155]
27.1301108661 48.512167449 28.0472977118 27.0732755935 27.3166810921 27.9716355296 27.0304491444 28.1748922779 28.1024698398 27.6316006601 27.9378775524 27.183821304 28.1538146893 27.4482029919 27.2026483027 27.1187296383 28.2158269189 27.3323230736 27.6320229497 27.2141948158 28.0751547131 27.682847317 28.2368375452 27.1066848186 28.3904271942 27.6379131076 27.7476889873 27.004272928 27.2289792985 27.9158381283 27.5313690815 27.9059178466 27.0261368593 27.6252154939 27.7895344942 28.3840132718 27.3846103946 28.3439638111 27.5369376561 27.7911305888 27.3810542982 27.6759543732 27.0668079449 50.6376190646 43.8729310338 43.8729310338 28.0214283981 27.7029432619 52.3587500857 27.6140447577 27.303346174 27.1595363707 27.1221913375 27.6908048879 28.2195642694 27.9451663716 27.2162883069
27.0015721731 48.512167449 28.0622591974 27.3632563611 27.6372724685 28.3314035603 28.2089668407 27.9174373406 27.159423181 27.5035211904 28.0658731267 27.5933521135 27.0457794823 27.5483952849 27.8837715905 28.2945641499 27.4393045805 28.2854421936 28.1859504747 27.1945108892 27.0906383047 27.095807251 27.4425657077 27.0723619952 27.1203141686 46.2211619635 27.5151496431 28.2601831913 28.1134610812 27.441855104 27.4734983166 28.1076094895 60.5350058362 27.4352831865 27.0442029927 27.6102386877 27.7030173679 27.8263400081 27.6730020506 28.2035331235 28.280067654 28.3610066467 28.0783849962 50.6376190646 28.3381501654 43.8729310338 27.5752792509 27.9524241922 27.6414209982 27.3567963149 27.5336688493 28.233916418 28.0509200437 27.4130702274 27.7494042249 28.0534588085 28.3645064361
28.3783340702 48.512167449 27.2203806934 51.5192223646 51.5192223646 27.1737708941 27.5233791695 28.3438556112 28.3100104461 27.1180952615 27.4261298186 27.741944419 27.5096303957 27.4189235313 46.6082069982 27.8971854126 70.6655551674 27.1639579951 27.782863736 27.3377834642 27.7652569965 45.4218555102 27.8739569807 27.8321872382 28.0706564791 46.2211619635 46.2211619635 45.8206505417 27.4930198076 27.1655159943 27.2461091713 60.5350058362 28.3958618281 55.6245027507 56.5631880503 55.4307767893 27.5432590221 27.9026319808 27.3293717253 28.1537287077 27.6612550612 27.5747505242 27.8550998428 27.1259918558 27.5370776356 27.994995511 27.5132901172 27.511907857 28.0388000016 27.7882264924 28.2872635267 27.2598305863 27.1171070532 27.7560198705 27.2380134372 27.2534793901 27.811691778
27.3932349693 27.3356454501 28.2840576143 28.2081117579 27.4358655259 56.7725055084 27.9419901741 58.315604207 70.0248369176 70.0248369176 59.1510659043 28.3703411602 27.7009563833 64.1760887833 27.703895484 70.6655551674 70.6655551674 70.6655551674 27.2722320318 42.6822704154 45.4218555102 27.0060685313 27.9903051669 28.3528670094 27.6973967841 46.2211619635 46.2211619635 27.8732572523 27.6151178277 27.2953506723 27.8929129424 27.3995107706 55.6245027507 55.6245027507 56.5631880503 56.5631880503 27.3534233105 27.523928081 27.0071121854 27.3468417998 27.6216479979 28.2079685696 27.5905959064 27.0259406263 27.5270061449 27.2492200794 28.2826494778 27.1218948823 27.0389158671 28.3711116387 27.2181918372 28.2652955006 27.2595767259 28.3141053166 27.004866909 28.0691782421 27.469433629
27.8545845563 27.5172689528 27.7914173258 27.021820387 27.3025964949 56.7725055084 54.6252255272 28.10247903 70.0248369176 59.1510659043 59.1510659043 59.1510659043 27.9564499687 27.6080256295 46.6082069982 43.4977904925 70.6655551674 70.6655551674 27.3376400424 27.3899779015 27.4037331841 28.0302257171 27.3401717184 53.7048731118 53.7048731118 27.5212048697 27.9045890277 28.0860768162 28.0692374614 27.1076399736 68.8662512098 28.144972296 60.5350058362 55.6245027507 56.5631880503 55.4307767893 27.0998162005 27.0880846195 28.2604501288 27.0655623493 27.2470559971 27.7506470979 28.0035982905 27.8635122315 27.67900801 27.4737370559 27.8839564092 28.0810214148 27.5919880278 28.3867038856 27.9156178436 28.3284472014 27.5338938722 27.4119392589 28.0439630437 27.2833805303 28.042645941
27.7043596115 27.2622269381 27.9397379854 27.8800863098 27.6025646744 56.7725055084 27.9243990773 62.7269472752 70.0248369176 70.0248369176 59.1510659043 27.9268968771 46.0389632226 28.2976561427 27.7058137217 28.0934117426 27.1619286676 27.4663931867 27.1487376975 27.5676952513 27.9816085655 27.2143959402 28.381365951 56.6263016608 53.7048731118 28.361485891 27.1297663254 62.2179273901 27.695315268 27.449201432 27.3365103674 27.6824470961 27.9017380886 28.1637401493 27.1044430209 27.2228134396 27.2311117347 27.3581955551 27.0292565383 27.7848539978 27.2492776754 27.2032825328 27.7439095051 27.5469414461 27.7534280678 28.3654550682 28.15652178 27.732184633 28.0868436957 28.1864698933 27.3355442836 27.6412846384 27.4575821298 27.4889514417 28.1542009338 27.9060279742 28.3480166042
27.9866455602 28.3427450247 60.8835874652 27.0091270562 27.8904838584 28.2350003244 27.6717319651 27.5549335962 27.7619855782 27.5004621201 27.2601335707 28.3137096161 27.9875418706 28.1914722129 27.5174205886 28.0895128533 27.5557038596 27.268829244 27.28518862 27.2876077946 27.8551540237 28.0789566545 28.091474615 28.0186591938 27.0851044743 52.8803434813 62.2179273901 62.2179273901 27.6316478177 56.5184948416 52.7698847862 27.327424493 28.0938094201 28.0762260881 27.8245494135 27.965846088 27.6638792233 27.3208471986 27.3318537644 27.8558845728 27.2137088065 27.7129807251 27.1505997148 27.6999315602 27.1366622456 28.1121391805 27.4144060423 27.864292193 27.6194561073 27.3874941437 28.2362471101 27.6232187305 28.3559495118 28.2498124874 28.0355574824 28.347913411 27.061823803
57.149667531 60.8835874652 60.8835874652 27.2131704371 27.9413633766 28.3950502577 28.0548506185 27.3730728208 27.6787996442 27.8617279386 27.3550611616 27.208722898 28.3003234246 27.4713865035 27.1973872448 27.323184488 27.0131229446 27.404176844 27.4528635066 28.103156986 28.3950683695 27.493013585 27.7807879589 27.0422359233 28.0951951562 28.3306375981 62.2179273901 62.2179273901 62.2179273901 60.9562160019 60.9562160019 28.1130951727 28.2924416695 27.4315099072 27.0511795115 27.9247571204 27.3773867933 27.596568553 27.299721245 28.0463992973 27.0492756403 28.0683851885 27.1347179381 27.6318386884 27.0353550785 27.1732720749 28.2830520285 28.3668801117 27.7818678188 28.3233385352 28.0738490385 27.3697441377 28.334230591 28.1658027039 28.1212794872 28.1431871306 27.5476873289
57.149667531 60.8835874652 60.8835874652 28.3146882813 28.2316935506 27.8600635421 28.2923509002 27.9273277208 28.3824233437 27.980893287 28.0839954911 27.7775684308 27.4799641126 27.4472321837 27.6725102498 27.4849379183 27.5052557189 27.3026799821 27.4530352777 27.7611611103 28.292426194 27.7804871517 28.3075165391 28.315239736 27.0364053605 28.2026856421 27.1631594349 28.3558924437 56.5184948416 60.9562160019 60.9562160019 60.0527605769 27.3885326902 28.1478483499 27.7766003514 28.0616405518 27.8126983225 28.0026244028 28.2133983179 27.2289781365 27.4573162847 28.3871949009 28.4045032088 27.6550415861 28.0435154714 28.2850861461 27.0980816619 28.0311747552 27.2324804295 28.3240087183 28.3863864421 27.642771695 27.0774518364 27.7825161857 27.3409217577 27.6345062303 28.3735550239
57.149667531 27.0106860378 28.1296562638 27.3280722841 27.245346334 27.4512443609 27.808890948 27.2450496385 28.3023644259 27.6741272909 27.4014931684 27.6979106379 28.0100270337 27.1598360758 28.258542661 28.2223090856 27.8482031538 28.4049319554 27.1523088513 27.7379850353 27.7384818802 27.71873251 27.7461737707 27.5590347069 27.6880400112 28.1541135921 28.349456702 27.0280349969 27.2528742456 27.4642161097 28.3205093015 60.0527605769 27.4868113526 27.8833647203 27.2283004704 28.3009866439 27.3650977637 27.7236775395 27.1060406187 27.6843673942 27.1417033586 28.2539997021 27.6959211752 28.0654480137 27.2749298191 28.0346320672 27.2158331136 27.5137493404 27.1940600088 27.7535744614 27.0592836833 27.9143620641 27.2387824948 27.8791695634 27.4845315237 28.0627429821 28.0683899227
27.3563308869 28.3397401656 27.2173207524 27.0085255188 27.517383397 27.644180742 27.4143631453 27.7564428287 27.0718523 27.9590550403 27.3475384855 28.4085653115 28.1377338231 27.088856551 27.1562093599 27.4972086424 27.1779256897 27.8088538904 28.3234569336 27.2922711769 28.3387783391 27.2002601315 27.5858590021 28.3816839353 28.069745593 27.4169597314 27.0657926801 27.5523120257 28.0764960321 28.3516694284 27.3951933987 71.1881231343 71.1881231343 71.1881231343 28.2765922943 27.5650330906 28.2349614855 27.1137950176 27.9595322063 27.6899446171 28.2644362467 27.0949347097 28.2399713996 27.3312623736 27.4357876394 27.5655375713 28.0637367858 27.2270482523 27.0761939074 27.0082665328 27.8496283776 27.560678623 27.1732803983 27.5957826867 27.3970832253 27.2536232561 27.4222997059
27.4525666371 27.796196439 27.9231323291 28.0379001384 28.0627519692 27.4989188079 27.2182225093 28.149886701 28.0756733987 27.7226145771 28.3784716456 27.9530421716 27.4879632739 27.4168624938 28.2658663159 27.450382216 27.6685586277 28.0130760512 28.2323840812 28.0919437347 28.0571047295 27.5634444518 27.8862051011 27.9837596701 27.0368094129 27.4269741454 28.1051674664 27.2713402264 28.2486620811 27.3328896416 60.7285864685 71.1881231343 71.1881231343 60.7285864685 27.0182974025 27.8787254369 28.3281821464 28.2882026805 27.5023186333 28.2193178288 27.4784011436 27.7443377776 28.3775520759 27.8205952705 27.8696421892 27.2933523471 27.0474055871 27.8554038925 27.5259252428 27.8444468252 27.0133927715 27.7143523489 28.1385067114 27.0438484849 27.7699809828 28.3225624729 27.5609696863
28.3149302294 28.3943213715 27.964552599 27.8235751757 28.3370907674 27.267296373 28.3348390128 27.9191504431 27.668554621 27.9040456982 27.9936449728 28.2489475279 27.1966945863 27.4078326276 27.223375643 27.3768567758 27.4495569441 27.4023142586 27.110285066 27.4527004663 27.9390303438 28.2719906746 27.1415313034 28.0009595932 27.0422935329 27.2967881267 27.8657320569 27.4544926469 27.976203719 27.4680239461 28.4137268227 49.597072047 71.1881231343 47.5836918483 47.5836918483 28.344609272 27.7879081214 27.5880390499 27.0191544715 27.5046817441 28.2793751345 27.7967354797 27.7042255966 27.6076614689 27.4079995862 27.4040131521 27.6105499066 27.2300685762 27.0265600917 27.9102775157 28.2431433943 27.5532579377 28.0937168096 27.6131051398 27.7882878917 27.0640968945 28.2342960404
28.0406135369 27.0747077469 27.7658654379 27.1299712871 28.2667246954 28.3663977005 28.2010277785 40.2851817947 44.7573742152 27.3146456409 27.5984218125 27.1067489095 27.8033601973 27.745054965 28.0103354481 28.2257071818 27.3170295211 28.0361819344 27.9309889136 27.0094196535 27.1924590659 27.2079106595 27.2663582931 27.0781744902 28.1795469711 27.898147318 27.7925541908 27.9753709176 27.731916422 28.3087734091 27.7793154798 27.4964057348 57.5930850165 57.5930850165 28.3604244945 28.0609490688 27.9242955876 28.0567499455 27.5592249953 28.3524524142 28.250615162 27.7318821443 28.1646770428 28.3017840751 27.6317430388 27.2693510126 28.3507937042 27.8310257483 27.7756143635 27.8024267554 28.074087595 27.6111157346 27.6131820385 28.2942887006 27.700756654 27.7019322715 28.3592040421
27.7275556221 28.2399338154 27.082040529 27.9385924918 28.0344417588 27.7874320062 27.8350816238 27.6383431562 46.308042755 46.308042755 28.3857413036 28.1613833436 27.7443119189 28.2247079267 27.4979581809 27.4484733628 27.8899658357 28.3137545241 27.0085606062 27.5596183151 28.2287536476 28.1211142319 28.0670063292 28.0126201669 28.4060513676 28.0416216387 27.1427152673 27.8114126699 28.0547278513 27.4786802678 28.1051427328 57.5930850165 57.9519204238 57.5930850165 49.3689770016 27.6392754084 27.9680208467 27.2346979991 27.5586960116 27.6629948719 28.339905898 27.2546519883 27.2598534538 27.7685172497 28.2022730398 27.9992710286 27.6416664483 27.0608887387 28.2674745256 28.2874070094 28.3204629783 27.4536019602 28.0180922104 27.3321097454 28.335701469 28.2068273887 27.8011658298
27.0528370545 27.9880205353 27.6693498887 27.4888221767 27.1132461566 28.2471218663 27.2646271433 69.2896668944 46.308042755 46.308042755 46.308042755 27.7143031297 28.0944586751 28.1716677777 28.0422239563 27.6857110728 28.0906492033 27.3532885724 27.0278899599 27.0340169116 27.9433625857 27.0682821195 28.2982318942 27.3391689877 27.6791045575 28.3910914512 28.2382275991 27.9000499495 27.8550008807 28.3661631473 27.5272277677 54.4415789223 57.9519204238 57.9519204238 57.9519204238 27.5172085433 27.4446479685 27.8874693123 27.0936804149 27.1880372976 28.2395419394 27.004712932 28.2651811889 27.3102563977 27.3838334412 28.3461712011 27.379648742 27.0570097812 27.2037304412 28.1614840256 27.7038781354 27.4923669183 27.0144699753 27.5613606852 27.92693282 27.5058008545 27.5491993839
28.021133421 27.6163007512 27.0974577658 27.9544885948 28.154938 27.3175976489 27.7272492859 66.4791917666 66.4791917666 66.4791917666 66.4791917666 27.1308522849 27.1908079259 27.2459276574 28.2024760354 27.9497119328 27.0557377383 27.0912120172 27.7718696717 27.3201248131 27.3634665825 27.1489087354 27.7384625328 28.202425614 27.0042961053 27.8693960804 27.687900866 27.5016917096 28.1727932933 28.4019958554 27.5403622461 27.2923012422 45.3378281417 45.3378281417 27.0186474271 28.1637219519 27.1868022732 27.1271530959 27.2296694638 27.8118156821 27.1634741087 28.3962957204 27.2675226986 27.3725869651 27.5170925793 27.0482009546 27.2119980105 27.0411159339 27.7514430196 28.1963160908 27.407110736 27.3031868685 27.0915322991 27.1608616075 27.0343829264 28.1599937818 27.5850991442
28.1923397135 27.1505041332 27.1118437128 28.1427067455 27.6976361217 27.9413485882 28.028727307 60.3231685054 66.4791917666 66.4791917666 27.8609370568 27.8186411918 27.1704843157 27.2649086216 27.6073495049 27.3357442911 27.7153808089 27.9329785223 27.3283807908 28.2347562211 27.0690719794 27.9032061453 28.384653952 27.0087729547 27.8128763526 27.9226273361 27.9615104256 27.2201444009 28.1512755771 27.422008613 27.0506679661 27.5618214521 45.3378281417 45.3378281417 28.058113313 27.0867205003 28.0173770193 27.1190731378 28.2935189047 27.9913355729 27.2254680936 27.29069342 27.2155091712 27.6988514217 27.6131970859 28.20603653 28.0241015988 27.9741264187 27.7782315514 28.0638850894 27.1367023291 27.586025215 27.264484849 27.5204962803 27.7086407283 27.3779053802 28.166729036
27.0004500013 27.8382430066 27.8978854961 27.0251275904 27.1296679288 27.9274464479 28.3136519785 27.9337000607 60.3231685054 60.3231685054 27.3994512483 27.3219293274 27.7052217531 27.1267212 27.6555081082 27.275477098 27.9412925857 27.0905907347 28.0308587186 27.7843945107 28.0399634167 27.6007556268 28.2756223562 27.0910359103 27.4673394512 28.1148812283 27.9236552826 27.9502833538 28.0651449466 27.4529063263 28.1090145565 28.2957392663 28.2318469289 45.6755210426 27.0045921205 28.1322137683 27.215348678 28.3726206015 27.3575445528 27.7890976487 27.3176634278 27.4605873652 27.1906211804 27.5600510231 27.3861784013 28.2764742472 27.756359833 27.0823614863 27.8395988284 28.1482338565 27.7494645653 27.0681862827 28.3876797763 27.7018604862 28.0393780204 28.0180809544 28.2131167781
27.7382537071 28.0866208855 28.286990364 27.6954924118 27.0094201638 28.3491662508 28.3085141684 27.5038744666 48.7059742049 48.7059742049 27.4333861127 27.8914033646 28.1334759117 27.3797230061 27.2228239192 27.2123544057 27.6953531098 27.1562620768 28.1232099722 28.1344823171 28.2409364668 27.7323031574 27.8264138724 27.6598811615 28.3089816733 27.6861824152 27.2088909503 28.1299885676 28.1876273957 28.129839016 27.6043928446 28.3013746246 28.0561673702 47.2715248027 27.2298852983 47.2715248027 27.8287496527 28.2052003571 27.5141164303 27.9240473385 27.7869034974 27.8831177854 27.2685485283 27.4626267564 27.403735207 27.6971317335 27.409457555 27.2855532259 27.1536185226 28.1240002955 27.6521538571 27.9388926791 28.3948848222 27.4787997051 27.5917865518 27.6969007757 28.0660304596
27.285756641 27.0503995084 27.5983939997 28.0688633144 28.0501162746 28.3426057517 27.4784201858 28.0737007285 48.7059742049 27.3954683179 27.2820681207 27.8808555312 27.4902186825 27.3261696255 27.3893647771 27.1017802431 27.4215592721 27.6073647984 27.6912223287 27.0045844274 27.7671105911 27.0742016262 27.9443808094 27.0552672394 27.0894983569 28.3179168001 27.1812214608 27.8802916318 28.1241820083 28.0478538775 28.1768398628 28.1735157079 27.5420808615 47.2715248027 28.3261076571 28.2067717516 27.586573748 27.9939538151 28.2349888883 27.3534423103 27.4811247653 27.9953361144 27.2555682595 27.6681591727 28.0361095655 27.9390066212 27.0045118685 27.8921689725 27.7959836886 27.2072198667 27.0678911992 27.6489399058 27.4237911777 27.0034687649 27.7425492136 27.3437586578 27.6070379254
27.6846132255 27.2920400856 28.1159419466 27.5733945829 27.6984480626 27.3517847434 27.7147118129 58.1877164151 58.1877164151 58.1877164151 28.1126118406 27.5446925381 27.2340377834 27.0078952165 27.8174634674 28.3530190911 28.09312007 28.3919883925 27.2217524538 27.7245956201 28.1788411193 27.7421540302 27.259973007 28.0581784138 27.8400063613 27.6161946418 27.0725512598 27.3655931679 27.6732661923 27.9671422732 28.3334732361 27.2731259029 27.0301694461 27.7877249501 55.5374029558 55.5374029558 27.9046771292 27.3447320893 27.743977583 27.1823972029 28.1246538596 28.3605002144 27.8483973046 27.9363771571 27.3155273105 28.2309263504 28.2619023954 27.965737204 28.4015567782 27.8988362997 27.6920821028 28.0931802499 28.2186325896 27.4703981727 27.1427123386 28.2586204769 27.5793170959
28.1057083392 27.1787103063 28.0035558008 28.1097400346 27.5943834976 27.9711928629 28.1326506335 60.5400113078 58.1877164151 58.1877164151 28.0752237311 27.996423623 27.3788812892 27.9569475609 27.7451404325 27.3805933916 27.8692760792 28.2762670825 28.154859704 27.3969657453 27.224657041 27.7574628719 28.2512345218 27.1335991584 28.3948525558 27.0431332678 27.2101699401 27.6251738631 27.2135507119 27.1434489506 28.0911527036 28.0623483703 27.3560175728 27.2997877149 55.5374029558 55.5374029558 57.4774466841 27.3714871246 27.1558105635 27.2930346288 27.9654512063 28.0168871554 27.7980786829 27.6452238693 27.4928504495 27.9677085504 27.6985532407 28.356604886 27.0351927376 28.1759123554 28.3209181283 27.6248992968 28.2751416686 27.3069164864 28.1231241381 27.6496125397 27.0724172444
27.0575840416 27.0525103745 27.9180209732 28.2363212211 27.3680344248 27.8011827121 27.9904129499 28.3438918229 60.293132322 27.2329091063 27.3496115454 27.1845434504 27.849082815 27.3024774131 27.3570303364 27.9218512713 27.8941013791 28.0893468899 27.5711779293 27.4138543024 27.5064356626 27.4151206721 27.7335838507 28.3655084715 28.407319993 27.917159757 28.0582652283 28.1894736618 27.5600086485 27.9371773763 27.1748961088 28.1237409372 28.0904362222 28.1572235323 57.4774466841 58.3546383154 58.3546383154 27.3835328039 28.1973228135 27.2489202332 27.5768096068 27.1168827751 28.2223305924 27.1997454012 27.5284183436 27.2481488726 27.4733319619 27.0257597942 27.3308490249 27.0729495234 27.6309891248 27.1694654522 27.6252392334 28.0240238713 28.2962332097 27.9688419463 28.4134970281
27.037739578 27.6219771311 27.5777689704 27.8385690184 27.2164967325 28.1420936254 27.5662801991 60.293132322 41.5652438236 60.293132322 27.1329660836 27.3823869694 27.0103056881 27.254126563 27.9686136178 28.3522710684 27.0461255204 28.1218890324 27.1812458599 28.3507532807 27.9635712158 27.2332206255 27.9284737798 27.3432483364 27.3836612586 27.6598512289 27.1335650242 27.3965551189 27.3995936954 28.1101984157 27.1706712106 27.5076213873 28.0093504933 27.4591311539 58.3546383154 58.3546383154 58.3546383154 54.288490139 27.0897006594 27.2679425982 27.680688432 27.6975772852 27.8404844514 27.5600722857 27.131460033 27.8183282012 27.685509328 27.5319735101 27.752922299 27.9568478901 27.3131071395 28.0406383371 27.643868955 27.5654821712 27.5588607725 27.5791740472 28.0036637499
