Spatial_Output/BAU/BAU_0457.asc
NCOLS 155
NROWS 192
XLLCORNER 196307.867259
YLLCORNER 449144.565805
CELLSIZE 33.573938
NODATA_VALUE NaN
[rows 75 to 99 of 192, columns 0 to 56 of 155]
69.2314019752 80.1236992038 80.1236992038 58.3068292644 58.3068292644 80.4101538359 58.1193782535 58.1193782535 82.7754590203 72.2813109616 80.1200983016 58.3681737716 30.900381201 30.7792553949 30.6688826412 30.8798026283 31.0129690303 30.6834100646 31.1766296266 31.0410632089 30.5666076614 31.0118121831 30.7694296086 30.5150514784 30.8604908324 30.9424382329 30.9481384277 30.9488217186 43.6923603818 43.6923603818 43.6923603818 30.7015055257 30.5822040763 30.6424150312 30.5736698146 30.9068465505 30.7189671045 30.62205096 31.013148427 30.5515904927 31.1385025089 30.8539196255 30.5493046679 30.6452817154 30.5910791953 30.5870951388 30.6637131993 30.9225123189 30.6612917294 30.6149361243 30.5156408364 30.8320387506 30.9466270005 30.820467574 30.565104619 31.1027738663 30.5324441687
0 80.1236992038 80.1236992038 58.3068292644 58.3068292644 58.1193782535 58.1193782535 58.1193782535 72.2813109616 80.1200983016 79.9143645716 79.9143645716 30.603697726 31.1969503083 30.8297479319 30.5680271014 30.8798729212 30.6002568448 30.8722592407 31.1366600762 30.5079159122 30.7609093476 31.0757699576 30.5627211766 31.0970677528 30.839628983 30.6372998611 44.3175363206 44.3175363206 44.3175363206 44.3175363206 30.6733279789 31.1768070681 30.9607624941 30.5651164279 30.6189735104 30.9463104212 30.5916696978 48.8477088601 30.9091189076 30.6608389662 30.8252582049 31.0894165444 30.7992750814 31.0636845957 30.6449040369 30.7751948345 30.5659277477 30.7307179517 30.925224509 31.1756004408 30.97901071 30.6767658428 30.601225419 30.7229981695 30.8431822997 30.9082949174
0 0 68.9333533432 0 58.3068292644 80.4101538359 58.1193782535 72.1247218142 82.7754590203 80.1200983016 80.1200983016 79.9143645716 30.6576650294 30.5553580865 31.1216040636 30.5246435209 30.9842912759 30.6234092294 31.1177442829 30.6834551387 31.1378609272 30.8954999647 30.5302128248 30.5842345892 30.6106429217 30.7738980759 30.7467654089 50.6722644583 44.3175363206 50.6722644583 31.1311312384 62.3702006483 49.5862576327 30.7977873523 61.0216686922 54.2619350945 31.1135066777 64.846657761 31.1256564201 30.5971689573 30.5330481874 31.0359236431 30.7622309939 30.9358611681 30.599413473 31.0212625743 30.6671582821 30.8141035865 31.1410148502 31.0157442323 30.7425275722 30.8094659194 30.6545359484 30.7501403824 30.7875858435 30.990918225 30.9904067726
0 0 0 0 0 0 0 0 0 0 0 0 0 31.1669155986 30.5423186613 30.6218283948 30.6273304082 31.1287864808 31.0006082119 30.7741189948 30.9038782923 30.6587855951 31.1569898667 30.7553985403 30.6033141939 30.9970846553 30.9434371146 60.3751575904 50.6722644583 50.6722644583 62.3702006483 62.3702006483 75.4745143477 61.0216686922 62.4832751874 62.4832751874 64.846657761 64.846657761 30.9014455647 30.6855611211 31.0437538667 30.7602707016 30.5396056512 31.0514542959 31.2018450579 30.8590839975 31.1230539282 30.7100729506 30.7762687104 47.3242293183 52.3314564042 30.9123624388 30.9004759695 61.0505980574 31.140990126 73.9472519853 73.9472519853
0 0 0 0 0 0 0 0 0 0 0 0 0 30.9623300081 31.0915598431 31.0318163342 30.8076731785 30.7237934454 30.9638781029 31.188128982 30.7198672433 31.0973092151 31.1972373677 30.7199292546 30.9746250618 30.9761674199 50.9693199203 60.3751575904 60.3751575904 60.9091955704 30.6556744957 62.3702006483 75.4745143477 61.0216686922 62.4832751874 62.4832751874 64.846657761 64.846657761 30.7831165731 31.1740084173 31.1390581781 30.8357881571 31.1949564402 31.0745776507 30.8807306413 31.1426717475 31.1250883168 31.0892226392 31.0020207959 30.5302285715 52.3314564042 52.3314564042 30.9333244819 52.41600832 45.6425859535 73.9472519853 73.9472519853
0 0 0 0 0 0 0 0 0 0 0 0 0 30.8161127141 30.9303998752 30.5179203293 30.9064396832 30.7870120186 30.7868571425 30.8447447917 31.0316017513 31.2016788669 30.8458645887 31.1936821857 31.1993966352 56.2092920236 50.9693199203 60.3751575904 60.3751575904 60.3751575904 31.0932028635 30.7008216283 43.975270294 43.975270294 53.0062443023 49.496640798 50.1224487968 64.846657761 30.9042779555 31.1557142177 30.9795851804 30.5295400218 31.0501680531 30.6339056098 30.7357915892 30.7891882825 30.9008485659 30.6304771822 30.6054008731 30.8419580522 52.3314564042 52.3314564042 30.6682477868 30.7448587931 30.5892266593 31.0816200709 73.9472519853
0 0 0 0 0 0 0 0 0 0 0 0 0 0 30.9274447995 31.0017395614 30.9223320342 30.8497376 31.0812916564 31.1626405086 30.7328516854 30.8281421698 30.9457066215 31.0793619531 54.6091341426 54.6091341426 54.6091341426 50.9693199203 50.9693199203 31.1092165337 31.0115969396 30.8491488906 30.8392158929 30.8492188273 30.8978665167 30.5741213386 30.6591527328 30.5964061628 30.712077875 30.960695027 30.5495431015 30.7645742282 30.9891409044 30.7267062523 30.9863431219 30.700353058 31.0038626904 30.8739556918 30.813431703 30.6229577369 31.02481096 30.7053076296 31.0185996521 31.0928401218 31.0048450587 31.1007102191 31.1844744488
0 0 0 0 0 0 0 0 0 0 0 0 0 0 30.5494747597 31.0207061157 30.9224516797 31.0635953993 30.8585537109 30.8928487759 30.778052861 30.7072921331 31.0733582346 50.0113285798 59.5373838113 54.6091341426 54.6091341426 56.2092920236 30.5560778079 30.6847167895 30.6049444216 30.8289994704 31.0668267389 30.8862000615 31.1034461618 31.0297375666 30.7768244302 30.740329857 30.5070005169 31.1704383319 31.0039121028 31.017682849 31.1012946066 30.8717685507 30.5171191013 30.9931624641 30.5536671952 30.554308711 30.7552490362 57.8895771365 57.8895771365 31.0964501761 30.6950097702 31.0263218882 30.7361454536 30.6402549923 30.5202416577
0 0 0 0 0 0 0 0 0 0 0 0 0 0 31.0728644059 30.9072323904 30.5137375243 30.6946339798 31.1011108162 30.912240264 61.033490965 47.957867146 63.4861271997 63.4861271997 59.5373838113 54.6091341426 54.6091341426 30.6033112756 30.7865248074 30.5016790651 30.954105483 31.0929829575 30.5105938743 30.9787254153 31.0879414745 30.7369609246 30.5497811872 31.2011987064 30.6041976059 30.5931081021 30.7892004378 30.7344214043 30.7981678538 30.5893172626 31.1319012212 30.6786571652 30.9903419018 30.99876294 57.8895771365 57.8895771365 57.8895771365 30.7827183056 31.1847953455 31.0387599727 30.7426722496 30.935052292 30.6851580111
0 0 0 0 0 0 0 0 0 0 0 0 0 0 31.0909118334 31.1906933275 31.1542283267 31.0446240577 47.9140270362 43.8246265608 43.8246265608 62.8215164353 63.4861271997 63.4861271997 63.7647440388 59.5373838113 31.2033870678 31.1344628854 30.7415018217 30.8254040354 30.5515832788 30.9911756067 30.5189878051 30.5553006854 30.5996333299 30.7231487653 30.7393201099 30.5672580927 30.6051076527 30.5804184279 30.7180706725 30.6198872316 30.9106493703 30.6674068429 30.7842739367 30.6288751405 30.8622288224 60.1313522776 60.1313522776 60.1313522776 31.20133515 31.0784691456 30.6647848038 31.0487350655 30.7216173505 30.5632954372 31.1551636485
0 0 0 0 0 0 0 0 0 0 0 0 0 0 31.1253665743 30.518486377 30.7874369628 31.1633252231 57.5959661793 43.8246265608 43.8246265608 43.8246265608 47.957867146 63.4861271997 50.5873426192 31.1350621987 30.5180883728 30.5458237706 31.1369926204 30.6449223158 30.6742074038 31.0833376216 30.587681603 30.6658512574 30.5973578204 31.1910606446 31.1038754264 31.0250161388 30.7717100343 30.7156836798 30.8396599423 31.1515415775 31.0730076963 30.8023371497 30.9051804678 30.9877098883 30.6365777464 59.832360314 60.1313522776 31.1871571543 30.6521636916 30.5438625044 30.8290485893 30.6513321256 30.7274229514 31.0562785033 30.9265773328
0 0 0 0 0 0 0 0 0 0 0 0 0 0 30.590679865 30.7621430679 30.5674099533 69.4743595947 57.5959661793 47.9140270362 43.8246265608 43.8246265608 30.5105820721 30.883904252 30.9128148369 31.1855647445 31.090530882 30.9847418336 31.1691035445 30.7943089701 31.0176068399 30.8061637489 31.1443458905 30.595983425 30.7652103535 30.8718940496 30.7459765077 30.6440044145 31.0643817906 30.8436547255 30.5997992129 30.9554328326 31.0987269039 30.9250133362 30.788627655 30.930709436 31.1871551332 49.1662291146 49.1662291146 49.1662291146 57.531841264 57.531841264 30.8987229907 31.2045949405 30.9576376713 30.7479026794 30.6362314124
0 0 0 0 0 0 0 0 0 0 0 0 0 0 0 31.0070352176 51.0068117791 50.7070629884 50.7070629884 69.4743595947 30.6904655571 30.7256065664 31.1230320389 30.6024156485 31.1092088569 30.6896733415 30.6378852628 30.7354341108 30.5513153991 30.7854942299 30.8190620235 31.1030252974 30.5706698124 31.0529630679 30.6095570956 31.0136241785 30.9596870241 30.6147391884 31.1554463196 30.5697870865 30.6348892007 30.5740912294 31.1725277727 31.1822427822 30.8348124672 30.7716381446 31.0402859357 52.7927734362 49.1662291146 57.531841264 57.531841264 31.0014088582 30.8734812437 30.7378106549 30.7109342768 30.8003878092 30.8166257724
0 0 0 0 0 0 0 0 0 0 0 0 0 0 0 54.152659738 30.6186197289 50.7070629884 50.7070629884 30.8855129904 30.7570738524 30.8501275693 30.9084238993 30.7584377386 30.8961647035 30.8184053345 31.0208614066 30.8165774364 30.9321510291 30.6887773966 30.943290363 30.5426497689 31.1880056497 30.9073166332 30.7867803805 30.9628381619 30.5984008564 31.136477965 30.6445974987 30.7262518077 31.2026627406 31.1050097291 30.8779751097 31.1821553689 30.6594153807 30.6997081283 30.9976435237 62.3273589877 62.3273589877 62.3273589877 31.1386323996 31.1444642312 30.519742307 30.5827469776 30.8579630609 30.5138210757 30.8524902579
0 0 0 0 0 0 0 0 0 0 0 0 0 68.3048298922 61.2254103497 54.152659738 51.0068117791 51.0068117791 30.8006569688 31.1908350533 30.6816604837 30.7155379134 31.1708951627 30.6850041938 31.0845695495 30.6814990051 30.7263824101 30.7012119685 31.05082082 30.9936111686 30.9831792868 30.8072495623 30.7812896542 30.6500068574 30.9385782855 30.7541874772 31.0977747973 30.7953232605 31.0143814738 31.1469208429 30.7733081288 30.8966920687 31.0429883564 31.0458309426 31.0837121579 31.0431086462 30.5525071258 62.3273589877 62.3273589877 62.3273589877 80.5662938831 30.6801993015 31.1775953498 30.9123625333 31.0899692919 30.8812702641 30.6011919575
0 0 0 0 0 0 0 0 0 0 0 0 22.3766926018 22.7476459199 22.7476459199 54.4544218924 54.4544218924 51.8442536709 30.527631511 30.5709769046 30.7393431561 30.6392321203 30.5392793526 30.619264604 30.8312548358 30.6309325871 31.162246318 30.8983723151 31.089024682 31.1259961759 31.1042197287 30.7776454879 30.8587499934 30.8161569163 30.8910482801 30.5871986455 30.6487963315 30.8815405118 31.0569978717 30.6640986292 31.1345656689 31.0892130066 30.7609946745 30.5097419227 30.8095406567 30.5421142322 30.7701925153 47.9495309568 62.3273589877 44.5439632709 44.5439632709 31.1424818053 30.6145886521 31.1160080192 30.5534010207 31.001771678 30.9178845112
0 0 0 0 0 0 0 0 0 0 0 69.5794076467 49.1074665837 22.7476459199 22.7476459199 61.2254103497 60.9043182705 0 0 30.8561157159 31.0791504187 30.5592450625 30.5612446984 31.2048016565 31.116504663 31.1296031257 30.8402109292 31.014989839 30.9504663642 30.8569684633 30.9009799409 30.7428440527 31.008451408 30.5721123483 30.9481480413 30.8714136223 31.1742626288 30.6831896818 31.12055579 30.682903727 30.8126516547 30.6439082344 30.9911395515 30.5798918073 31.0979296152 31.0105267106 30.5829102625 42.1595070414 47.9495309568 44.5439632709 44.5439632709 30.609661871 30.7507894985 31.1155389663 30.9535650008 31.1737135199 30.8559330428
0 0 0 0 0 0 0 0 0 0 64.0522000836 49.2501275785 49.1074665837 22.6672374051 58.3130505867 62.3978440479 0 0 0 31.054133039 31.1971651007 30.5774886008 30.9942393232 30.8788840071 31.1562243354 31.1921759231 30.9722196329 31.1419624916 30.7478266084 30.8181102473 30.6312948643 30.6078672821 30.5800710301 31.1442055595 30.7507160097 31.1576748934 31.032531159 30.5833076484 30.82480133 30.8583393636 30.6613301471 31.0504564007 31.0661919309 30.786265416 30.861287733 30.9002425247 30.6971840068 55.7696942612 55.7696942612 55.7696942612 50.5342965589 50.5342965589 30.7786205601 30.747953221 30.8987539083 30.8525182467 30.8697192018
0 0 0 0 0 0 0 0 0 56.8406311105 70.3105098694 49.2501275785 52.2347786252 52.2347786252 0 0 0 0 0 0 30.8232907257 30.9151044653 31.1252028421 30.9298011535 30.9554105163 31.1081905854 30.5158623246 30.5060205106 31.1688604556 30.9553600337 30.8053348872 30.6123427543 30.9557182929 31.0062500451 31.1675458391 30.8820880903 31.0238539237 30.7135831841 30.9276155806 30.8791051411 30.6640495498 30.9726289382 30.8959482733 30.8358661083 30.9914342438 30.8310698186 30.6554939185 30.9347825851 55.7696942612 65.6902141488 65.6902141488 30.7654654026 31.0566217844 30.7529209626 30.6676322406 31.1199505855 30.5159095481
0 0 0 0 0 0 0 0 68.8933493782 56.8406311105 70.3105098694 70.3105098694 58.0726088448 0 0 0 0 0 0 0 0 0 30.7434986988 31.0778207531 30.5136966476 30.5735276101 30.9187473789 30.9665025866 30.6626870055 31.0355539411 31.0992019475 30.7154381571 30.5870485184 31.1135947354 31.173911504 30.9000291596 30.5299924467 31.0010071646 30.797525273 30.8208692185 30.7798156512 31.1746829307 30.742313588 31.0356000342 30.5792672126 30.8762863693 31.1163956114 30.9763699424 39.0806104458 39.0806104458 39.0806104458 39.0806104458 31.2051935678 30.6239868971 30.7156523931 30.5157543884 30.5187338634
0 0 0 0 0 0 0 0 68.8933493782 56.8406311105 56.8406311105 67.0373508753 0 0 0 0 0 0 0 0 0 0 30.9144733047 30.6461401376 30.9347886391 30.6403138347 30.6607769809 30.6551528612 30.9250411939 30.9889376549 30.6084905992 30.9749925098 30.8902733208 30.7710202799 31.2055395004 30.9471263924 30.5753879983 30.9832131659 30.9034005984 31.0550573768 30.734945021 30.9463446242 30.568325847 31.2033499385 31.0774170961 30.5789942616 30.7985731542 70.9182337645 70.9182337645 39.0806104458 39.0806104458 41.7206566976 31.0093957538 30.5088943919 31.0317926868 30.6406351751 30.6336101954
0 0 0 0 0 0 0 67.3651589034 0 0 68.8933493782 0 0 0 0 0 0 0 0 0 0 30.7552470636 30.5654057805 30.6620534284 31.1542033762 30.5653832355 30.6733979126 31.2017284579 30.8806844161 31.059727512 31.0574825713 30.6702916642 30.7348051249 30.7418675064 30.9845193952 30.7645855108 30.9173660283 53.5780899964 48.7130659274 61.6061155499 78.5487456561 30.8991536552 30.8369072388 31.1956170289 30.8309108204 31.1528354686 30.9344221041 54.8588103965 54.8588103965 54.8588103965 52.5179267612 59.0256142585 31.1467433494 30.6492422073 30.9464271313 30.6961633714 30.6132148436
0 0 0 0 0 0 0 67.3651589034 67.3651589034 0 0 0 0 0 0 0 0 0 0 0 30.7182524476 30.9880744826 31.0099850384 31.1472291962 30.7899042601 31.0686098043 30.630785287 30.5739060158 31.0753670793 31.0280822777 31.2053747546 30.879351299 30.7644708423 30.763469927 61.1275037552 57.9290557046 57.9290557046 53.5780899964 48.7130659274 78.5487456561 78.5487456561 48.8569123289 54.6467549054 63.0612876292 55.8909806349 52.3037749926 52.3037749926 54.8588103965 77.396121215 77.396121215 41.5085508026 59.0256142585 59.0256142585 30.5126208175 74.5471630332 31.0724675953 30.696750085
0 0 0 0 0 0 0 0 0 0 0 0 0 0 0 0 0 46.2433281802 0 30.7356129914 30.9243745763 30.7850859158 30.8912124842 30.9694206703 31.0567293091 30.8297985653 30.9535685237 30.6864614847 31.0519672146 30.9477305448 30.9726665476 30.9583237866 30.7608702696 56.7252623878 56.7252623878 57.9290557046 30.7034777955 53.5780899964 51.0960154 78.5487456561 78.5487456561 48.8569123289 54.6467549054 55.8909806349 55.8909806349 52.3037749926 52.3037749926 62.7438477801 77.396121215 41.5085508026 41.5085508026 59.0256142585 59.0256142585 30.7260886436 30.610815323 30.8591254679 31.0981599265
0 0 0 0 0 0 0 0 0 0 0 0 0 0 0 0 46.2433281802 46.2433281802 46.1376829441 47.1594175295 30.5930536194 31.2006159436 30.6987021331 30.9567124235 30.8552285725 30.5959080246 30.7776329214 30.5212030057 30.9985070114 31.0856214663 30.7514366357 31.0238923455 43.2732238442 43.2732238442 56.7252623878 56.7252623878 30.9623839762 30.5209223668 48.7130659274 51.0960154 78.5487456561 48.8569123289 59.7407838343 63.0612876292 55.8909806349 52.3037749926 69.2151134673 31.1284186084 62.7438477801 45.4811901223 41.5085508026 30.5745765833 30.6122560918 30.9757196669 30.8703800826 31.1334747293 30.8976690502
