Spatial_Output/BAU/BAU_0753.asc
NCOLS 155
NROWS 192
XLLCORNER 196769.923733
YLLCORNER 449719.875193
CELLSIZE 27.603701
NODATA_VALUE NaN
[rows 0 to 22 of 192, columns 53 to 105 of 155]
23.0361347851 25.9999432252 24.3113618839 26.4672365101 26.4900521119 26.6172030529 23.6568061484 47.2930133853 43.0376721572 39.1287234646 24.600899863 0 0 0 0 0 0 0 0 0 0 0 0 0 0 0 0 0 0 0 0 0 0 0 0 0 0 0 0 0 0 0 0 0 0 0 0 0 0 0 0 0 0
24.0079559229 26.9429834859 25.8992138098 26.6957256091 25.6773478751 25.1585333946 25.206031223 41.4045057813 40.6070499344 37.5185429063 23.771643161 24.5282986815 0 0 0 0 0 0 0 0 0 0 0 0 0 0 0 0 0 0 0 0 0 0 0 0 0 0 0 0 0 0 0 0 0 0 0 0 0 0 0 0 0
24.5316293105 25.873238941 23.5970056587 25.3789069063 23.9650209884 25.704528924 24.3747882894 39.3434506847 36.5993979771 39.7277365006 24.2538899917 25.7202153982 0 0 0 0 0 0 0 0 0 0 0 0 0 0 0 0 0 0 0 0 0 0 0 0 0 0 0 0 0 0 0 0 0 0 0 0 0 0 0 0 0
24.9971951817 24.4684081269 23.5599856608 23.9562840748 23.6993378466 24.5287066449 52.2322263415 25.4566820039 23.7320578178 23.6493449877 24.2874894454 24.3702016024 24.7708251159 0 0 0 0 0 0 0 0 0 0 0 0 0 0 0 0 0 0 0 0 0 0 0 0 0 0 0 0 0 0 0 0 0 0 0 0 0 0 0 0
23.8254562547 25.1856401079 23.5249814432 26.2071363276 24.295748829 26.6757968188 25.7166242342 23.2069352681 26.9709223827 23.1142767913 26.4956739002 25.6522198622 25.3932836337 25.4574967776 24.0218925547 0 0 0 0 0 0 0 0 0 0 0 0 0 0 0 0 0 0 0 0 0 0 0 0 0 0 0 0 0 0 0 0 0 0 0 0 0 0
25.0832205259 25.9392161267 25.3599564398 23.4048912053 27.1673393087 26.362749031 24.7517655142 26.8285506338 23.4727182059 25.7244016126 25.0355061765 24.3637413419 23.1083697899 26.4998138383 23.7299845839 24.0260461888 0 0 0 0 0 0 0 0 0 0 0 0 0 0 0 0 0 0 0 0 0 0 0 0 0 0 0 0 0 0 0 0 0 0 0 0 0
26.9845290289 25.0618029049 27.1021458107 26.2978440571 26.7332442292 23.9612317944 25.7513560378 23.7645567434 27.131805232 26.6725696027 26.6522763645 24.0434231582 26.3747297702 25.99234487 25.3639802881 25.6455609318 25.6041393107 23.6371037173 0 0 0 0 0 0 0 0 0 0 0 0 0 0 0 0 0 0 0 0 0 0 0 0 0 0 0 0 0 0 0 0 0 0 0
23.1040820603 25.5441532763 23.6365015719 23.6229858016 23.1322745787 23.3305379023 24.5374443275 23.8440359893 25.6018220801 23.2572076449 24.5524336377 24.7776394964 25.586534988 24.2922755363 26.5869799747 23.7603405739 26.9239308402 26.9792038993 24.9306904081 0 0 0 0 0 0 0 0 0 0 0 0 0 0 0 0 0 0 0 0 0 0 0 0 0 0 0 0 0 0 0 0 0 0
24.8501271217 25.7120302681 26.1285097965 26.8405872268 23.4674028562 26.5033148926 24.4482266552 24.3497248902 25.9932139539 24.2997998444 23.0319464826 26.9382581761 23.6895836547 24.7369858421 24.1792677502 25.9161850499 23.7681779095 23.2880335221 23.9220149172 23.1140688788 24.1697602353 0 0 0 0 0 0 0 0 0 0 0 0 0 0 0 0 0 0 0 0 0 0 0 0 0 0 0 0 0 0 0 0
25.5885687086 26.7552733671 27.0301169129 24.4050972668 23.0915022581 26.471301225 23.12421551 24.6743759377 23.3566911574 23.0932287182 25.2652403588 26.409584182 26.1869335803 24.4528927478 23.9853201971 23.806318402 24.3524287513 24.5664914472 25.4206915383 25.5237115407 23.1028096122 24.0972905123 24.8749959476 24.7826057108 0 0 0 0 0 0 0 0 0 0 0 0 0 0 0 0 0 0 0 0 0 0 0 0 0 0 0 0 0
24.2688635645 26.2260307767 23.4028946711 23.1014114566 25.0147257371 26.0290286227 27.1912480706 24.9544847431 25.9481623675 27.0636059311 44.1685468951 44.1685468951 23.549552149 23.6560556748 24.7850222945 23.6698077764 24.9864089035 23.6239497721 24.5123961238 23.0908792518 24.9679245699 26.8284090963 23.9656003624 26.8227715279 23.045247753 24.3706979658 26.2087289994 26.912258447 26.4941759235 0 0 0 0 0 0 0 0 0 0 0 0 0 0 0 0 0 0 0 26.6766262194 26.0440115529 24.4099719126 25.5722259179 24.5697691066
25.0432530242 24.2659406721 24.1866644552 26.7962293006 23.4203556583 23.3297828444 24.8500104201 25.3675494979 25.2901920891 44.1685468951 44.1685468951 44.1685468951 27.0911994981 24.5846043133 25.1690721904 25.2778757723 26.0731290895 25.9708511431 24.1736691752 26.7275543688 25.3825347093 25.8217094408 24.1499374817 26.7126798324 23.046622239 25.3090649379 25.4058477017 23.269529353 24.2891808073 25.084378291 26.6117382312 0 0 0 0 0 0 26.40819623 26.9544242746 24.8810238322 24.1386999388 26.5376641384 0 0 0 0 0 0 25.3271546436 23.8883144052 23.5780361157 25.1679521679 25.6359927688
26.7969134996 26.2619566568 26.4568951108 24.791458481 26.3572028378 24.8518171697 26.6885483424 63.5105416293 63.5105416293 24.5072109612 25.983330208 23.6408980194 24.8941178068 23.5610429865 25.2507183505 23.6817242048 26.8355272919 25.7285496412 23.4945679014 24.1196789454 24.8230926126 24.5418107074 24.5796163481 23.6002962235 24.2486864671 24.240268772 25.7941488554 25.6815299855 23.2806351705 26.8567201901 25.0806769408 0 0 0 0 0 0 23.8056037468 26.588668644 24.8114946317 26.1921454087 23.3137655767 26.9752633443 25.4941933608 24.4638359774 0 0 24.7182388325 24.9469531948 25.0361573991 26.8023366077 26.105893799 26.6809224603
24.2647072273 24.0371487636 24.3159786331 23.389063454 25.5932217322 23.0925867457 62.7754980398 63.5105416293 63.5105416293 23.0798896381 24.1384475446 26.8462619701 26.6499872783 23.5944993324 23.9520658453 26.5319405921 25.8872944209 23.6297470643 23.2592037758 23.4279655381 24.2914541151 23.7752940612 26.6405702557 23.6942124969 25.2272290925 25.818754451 23.8026749274 24.5707745388 25.197497685 23.3093789284 26.7723451664 25.904678682 24.2941148959 26.7303398357 26.0359798552 23.4606598355 23.235174792 25.979376828 24.7377399086 25.7399301955 27.2191235984 27.0177261865 24.6581989713 24.1840760932 25.146551214 26.4753233441 25.5911323728 25.5665631487 23.3988894077 26.5992960173 23.5667580982 25.7509568574 25.8722780089
23.3270494779 26.9161502642 23.3458041564 24.9973477822 23.7473289479 54.908410028 23.5947143771 62.7754980398 63.5105416293 25.5088624741 25.5371695054 25.0576579984 24.4214935784 23.2706782901 23.7289935489 24.7590204731 26.296290861 25.1289104021 25.9596508009 25.9012234398 26.0293174903 24.9941419589 25.1403699801 24.3602603432 25.8275898703 25.137424264 23.5915222108 23.2668113902 25.5849133143 24.4862075676 25.9889032255 26.207649512 24.4982306741 24.9561754919 25.5552893928 26.2721800281 24.0949005499 23.2218516153 26.0659159911 25.1363676414 26.8162103332 23.8734454973 27.0423412381 27.0026683386 24.5402494629 26.3340925585 25.3597321338 26.6924592759 26.3579345274 23.4355191496 24.7269460311 25.8179771962 24.8684746719
24.1460582996 25.702216323 24.9289821838 26.1287217426 54.908410028 26.4604776205 25.1770563352 23.7129830624 24.1376058964 25.9986798868 23.2951572183 23.2648514179 25.411285103 23.6328888767 24.6043749825 27.0771324558 25.8989413327 23.4445719697 25.0343145311 25.5110970713 26.4624449899 27.0660915131 23.2984440729 24.2936746838 24.623224415 24.24486756 26.8011163641 23.3476961964 24.9837034603 26.9437157768 24.1928855195 24.4760394595 25.8396116838 25.6167826988 26.7302079229 23.1662652558 24.2489558801 25.2691080633 27.2027010438 23.6134702721 24.4176517198 25.6958120594 26.7475212886 25.1927591931 26.5539484773 23.1367161126 24.607760621 24.9682181421 24.1432849284 25.7286343709 27.0938339554 25.5718379372 23.4739917614
26.3443578621 25.7094641009 23.2263420917 26.9958899224 52.4798957386 51.5871024553 52.4798957386 23.4495769177 26.3105368616 25.0184452091 25.4004512685 23.2997886471 25.1624627869 25.5072210683 24.4226422132 26.3231138378 24.7037782353 24.5134779914 26.8119858006 27.1296573365 26.2327349407 23.8872133862 23.3730902442 26.0864093458 26.3981140438 26.8551479225 23.7882092454 25.341237407 26.7141766604 23.2246219092 26.5276311029 25.4197333181 24.6780958786 26.8522059917 23.4200628839 24.7695481236 26.4927843721 24.5316084584 24.921546616 24.030053242 24.2094054959 23.3827976053 26.0638898186 27.098860056 23.825741428 25.8333781408 26.8086367391 23.8948923899 23.9561992489 25.2732060598 23.8902996612 25.1002610265 24.1518659048
24.1335529113 25.786734158 25.1357689234 26.5980457392 51.5871024553 51.5871024553 51.5871024553 26.2177365367 24.63145682 24.605016397 23.3748208273 24.4420644902 24.2276555827 24.9946206194 23.6428721062 24.0115271997 26.0247073029 26.1719846865 24.4242884153 24.5252269303 26.2911166658 26.0547676324 23.3762410498 25.5389902232 24.1887370188 25.8201314189 25.7826988216 24.5689014691 24.104284786 25.9779113242 24.4155704408 24.2702455236 23.1539381264 25.6781191517 25.6347703521 26.074242304 25.6928251507 25.7432080593 26.3724990911 24.9472411085 26.9352898003 27.0044580884 26.911322207 23.9531993452 27.0082832641 25.7686002936 23.0358108765 24.1627913289 23.7238618197 24.8445853723 26.6707921846 25.4638583674 23.127198099
27.2322262332 27.0914490458 26.5296997492 23.3067131613 26.277971991 26.2909540776 23.6282137093 23.1792404102 24.7661502275 25.9963629538 23.8287683408 25.6445222564 27.1799575365 26.7171278199 26.3749195122 26.2664326477 25.486632487 24.4491945715 26.7220777279 26.9154477185 23.422633064 23.9385466871 24.5112826233 26.5399516209 24.6344300923 25.6451538095 25.1971009388 23.4165838176 26.964593078 23.7772053008 25.2584343535 23.1322794306 25.9648669552 23.5380940249 26.9606279072 25.3023719694 24.3071077906 24.7130034894 25.5429603652 26.2855078815 24.7116060724 23.1931819409 25.8580500921 23.8209830058 27.0341901806 24.2851163593 25.746555982 24.7132458112 25.3657054398 27.1989149342 23.11217025 23.7321418793 26.4388501318
23.2564550897 25.7232742263 26.0762528496 26.2368866388 23.1228892794 23.4510078453 24.259551371 25.4854653688 23.5902250485 24.5211209343 24.547972312 24.8054555502 23.5475467251 25.4091546056 23.2254937864 26.613770515 24.5559782847 24.1833340226 23.99054542 25.6833231188 23.5132072339 25.5161163721 26.4826673157 23.3440225813 24.7596224879 23.9160435285 25.5404326241 26.3149278902 26.7080285538 23.4930865944 27.0875917357 27.0275836266 25.5909257101 24.8801636853 26.4006160113 24.937374422 25.7856011145 24.8608197407 24.4714922732 23.546431498 23.6037572322 24.0074127718 23.677837715 23.5248636927 23.780056499 26.7930190808 26.9159993472 24.6059980967 24.6360603301 25.1910420624 25.3602496882 26.99377875 27.132977931
25.3274741125 26.5784808672 26.8989098835 26.6661775884 25.9270207766 23.0764220556 25.1249336499 54.6854586852 39.5532040298 54.6854586852 24.9123224994 25.7459949793 25.4364178054 24.6167071094 24.7303165907 26.7967098674 25.0083810352 25.3827738622 26.7897107471 26.4977659433 25.9068303515 24.1713642453 25.6031021871 24.8776713955 23.6660584513 27.0733374239 25.7818426795 24.7101717081 25.1048475116 26.6126116323 24.0023499075 27.2015830699 25.4901939749 23.8400605803 24.9981788808 25.8289774104 24.9069433064 23.6562437861 26.5031298242 25.0293146576 24.9577928474 25.2392865912 24.5018515963 24.713834914 23.0611416776 23.8558866158 25.9160495337 25.0935025007 25.1905791114 24.0236834822 24.8916991204 24.896546076 24.5083817053
26.1523769255 23.0214031782 25.8141258742 25.2730034179 25.5370512669 25.7637785421 25.0745259754 39.5532040298 39.5532040298 39.5532040298 24.1384853095 27.19832606 23.9454978833 26.9770703352 26.2176661797 26.6411181194 26.2820324096 27.219209998 23.3861652505 25.4654568327 23.9687414712 24.9387769086 27.1045921562 25.4933483823 26.2182958961 24.9164594651 26.0276648048 25.1297633602 24.9995564096 23.5908212544 26.3830227222 26.5152733764 27.2250755457 25.0416429961 23.2319810335 26.4287491791 26.7817655174 23.3997460139 24.677221726 24.666016081 23.8562813486 25.067628602 27.2127896119 23.8287303634 23.4459871366 24.7055157535 23.0123768988 26.1620237389 25.0172375449 25.4914384176 25.0712137823 26.6773516014 24.3898928937
24.3537952273 25.051676905 27.0269522995 24.6689388126 26.022020539 27.1428724859 25.5395410773 24.5141153388 39.5532040298 52.6934682573 25.8426985078 24.5988830561 26.9703187168 23.2646081165 24.6322049666 25.837901175 23.6120382347 27.1258406279 25.720229063 26.2074139949 25.7026085256 24.3431895498 23.2324480824 24.0913404638 24.9592563594 23.6246099704 26.316653823 26.5502482899 25.5576405132 26.5715768835 25.8679928782 24.0997803832 25.8367387768 23.4347074453 24.0006270584 24.3161634333 25.7347993554 24.9300562737 23.9778485317 25.2840092042 25.8095530867 25.3617526881 23.1100980964 24.8142520623 25.0307237583 23.4140052058 24.043184029 26.1564086997 26.3436772753 23.3380996048 23.0638134356 26.2776248236 23.2403298305
