Spatial_Output/BAU/BAU_0593.asc
NCOLS 155
NROWS 192
XLLCORNER 196769.923733
YLLCORNER 449719.875193
CELLSIZE 27.603701
NODATA_VALUE NaN
[rows 115 to 137 of 192, columns 53 to 105 of 155]
27.94669712 54.474760256 54.474760256 67.4822819703 67.4822819703 49.4385278583 49.4385278583 48.0561637051 48.0561637051 46.1166523793 60.5528796321 60.5528796321 27.3828802138 28.4080601435 57.5719011339 57.5719011339 44.9342197358 44.9342197358 51.5721287888 27.8243662106 59.224711544 27.4030443863 28.1707450171 28.2292800573 28.4858427925 28.244607539 28.5654054518 27.3754076265 26.5064437687 28.3456701202 51.8612774472 27.7808849811 61.596888296 27.9426128839 26.7162492099 27.9976720946 27.1027923567 63.0766357077 61.4345095328 50.8938193377 50.8938193377 50.8938193377 28.4985588281 26.8590527179 26.5611214439 27.2358212134 28.1898327554 26.6822098477 27.0599695347 27.1084939752 28.476274362 27.2837788782 27.615384108
27.1857023466 27.8364210024 54.474760256 28.0885908755 67.4822819703 49.4385278583 28.4166760719 53.2394057359 48.0561637051 46.1166523793 27.5880488697 60.5528796321 27.2342492588 59.0199378766 57.5719011339 59.0072290235 44.9342197358 51.5721287888 74.5120415938 27.7602020124 59.224711544 26.9938813225 28.1804111714 28.570153738 26.5186219175 26.8899760121 28.0740490774 27.7222903724 28.0604905188 27.1369728215 28.4992466123 56.1686861188 26.959101354 27.4472792612 28.4381325652 26.9727818522 27.171682925 28.3267575354 28.4744476342 28.5689559045 45.5150956267 43.1963315745 27.652874181 28.437044365 27.9031005645 28.0962835529 26.6968155138 27.871925559 27.7792546539 27.7882001514 26.7239824226 26.7161741683 27.9517432234
27.6068266492 27.3078968164 28.5377425171 26.9148123484 27.9206112096 28.2121382226 26.7385276211 66.8756194928 66.8756194928 46.1360443811 27.0081140134 27.6054098521 28.3623684273 27.2954507531 27.0173250598 26.5995839481 26.5695459221 26.6419430962 28.5906688033 26.6762851284 27.2895785713 26.8687279376 26.712321676 27.9855598168 28.1482956106 26.5152363956 28.2513146155 27.9059482039 26.9996273389 26.7478708214 56.1686861188 58.1905183277 56.1686861188 27.3825681792 26.7942283711 27.4943237666 27.2714663442 28.2134838708 27.8087770419 45.5150956267 45.5263522734 45.5263522734 26.7054435491 27.2529804507 26.8054596321 27.6173401812 28.2105315095 27.1905395344 27.3193769187 27.6484207712 28.3236137743 26.9987201464 26.5525523161
27.5923580549 27.5361952134 26.8145567901 28.276983701 26.788648039 27.884584694 28.0136684543 66.8756194928 66.8756194928 66.8756194928 27.007318069 28.2703475616 26.8394488872 28.0540040058 28.3825223883 28.2269728474 27.5751131021 26.9182584752 26.5464572139 27.7831619937 28.4240627863 26.908524375 28.0922919246 27.1391630007 28.2442426215 26.9112102444 26.9843139156 26.9083425296 27.1170193454 27.7035925632 58.1905183277 58.1905183277 58.1905183277 27.6387283056 26.8930638231 27.9904735628 26.7722508423 28.1648097098 28.1217635106 45.5263522734 45.5263522734 45.5263522734 45.5263522734 26.8431884069 26.520649875 27.2514962561 27.9606681638 27.8294604662 26.698801033 27.538660235 28.1082109456 26.7914247763 26.8616486489
26.9444711728 28.0093281477 27.0467764731 26.8670183274 27.8000083357 27.4148350368 27.4139982864 43.167232939 43.167232939 26.5414465377 28.0965366421 26.854512022 26.8083710979 27.2484974519 27.1009149092 28.4503340859 26.6607922923 28.5020114328 26.9344334681 26.9511920274 26.5675761273 27.3659719259 28.541293977 28.3061372841 67.8390775212 67.8390775212 27.9619702079 27.7572782779 53.8813310787 45.1964130906 27.3255914541 26.8958337699 28.3354834624 27.3606530927 28.1410631416 28.5571106445 26.624363434 27.2674412778 27.5936304113 28.0632338426 78.2928835706 78.2928835706 27.6662437158 27.1843826786 27.0111795965 28.426348711 27.55101912 27.8547605132 28.5978266752 27.9111300454 27.9569152805 28.5070090189 28.2041846346
27.1678344227 27.6408666866 26.6782677901 28.5209333397 27.5681095109 26.6592423222 26.7957218734 43.0515124009 26.8093274956 28.2606280118 26.7601931583 27.4956489675 27.0240016027 26.6487943781 27.6971598712 27.8636698846 28.1235908811 27.8768875639 28.4164023198 26.6591302148 27.6455161647 27.1218734806 28.5810286976 28.2556539278 28.0990543996 27.5447958216 28.3518297052 27.3395390529 45.1964130906 45.1964130906 27.1952782883 28.0488992213 28.4122321188 28.4407945832 27.9584316399 52.9047392154 66.1662436874 58.8224172881 28.1344082116 26.7331892728 55.4122014648 55.4122014648 55.4122014648 55.9760233536 65.9177628757 26.8896694034 28.4959076222 27.4288001492 27.4621541628 26.7872236476 27.2295476342 28.4300994783 27.5879180641
27.0605167045 27.9744561504 28.1619710786 27.7743390878 26.8617778905 28.2300799056 26.8239450809 26.601832076 28.1613092333 26.6119657005 27.9148492418 28.5954171879 27.243303683 28.2938137636 26.734095405 28.3979446269 28.5764039984 28.3625905922 28.4735830992 27.8457779374 27.7118114447 26.5443819617 27.5342713872 27.8840565516 68.5786468714 27.7961944889 26.5833133479 57.0066805664 57.0066805664 45.1964130906 28.2564092942 27.2897344861 27.9620316414 27.1569089983 28.1266322468 66.1662436874 66.1662436874 58.8224172881 58.8224172881 52.8183830426 55.4122014648 55.4122014648 54.9474191924 46.5985416576 27.5778737982 46.2021078293 48.1869568266 69.0624299566 28.2645105509 27.4598423177 27.3585278847 27.4111489047 27.7418552393
26.6976066982 26.9412110514 28.1636928826 28.3076222506 26.6900533578 27.2130664151 28.0106262258 27.6494157942 27.7216324755 27.05890643 27.3147349174 27.2747391611 27.4048832565 26.8021419197 27.0847494148 28.1946963831 27.3158892471 27.0404355681 26.8524103905 26.7888826697 27.4484151942 26.6774544653 27.1952590013 26.7724763726 51.9818559342 53.9531530217 53.9531530217 27.9200478411 26.8468287541 27.4060946208 28.3218119435 27.9165605758 28.2956940979 28.1916391558 27.3166210409 26.6166989242 66.1662436874 58.8224172881 58.8224172881 52.8183830426 65.4377500427 65.4377500427 46.5985416576 46.5985416576 46.2021078293 46.2021078293 48.1869568266 48.1869568266 28.2954736183 27.6792744768 48.0275817876 27.3232055344 27.1183600527
54.0102780962 28.0862079127 27.2409227767 26.8785739067 28.5114610299 28.0625824486 27.070186248 28.2787940532 28.0127578103 27.7842350141 27.8980346789 27.6259478959 27.3930325326 27.4343680808 28.5189333485 28.6000629 26.5415208908 28.1557713807 27.9775387977 27.6844040648 27.0004213615 27.1916018026 26.5584139255 51.9818559342 53.9531530217 53.9531530217 50.997474094 27.085623 27.6384469454 28.2189406598 27.8656788865 26.5720953843 27.869809154 28.1320037703 26.98006372 26.8078446424 28.0629242076 26.6345070346 60.6454236327 52.8183830426 65.4377500427 44.9596772382 52.2552500698 46.5985416576 28.5056140664 46.2021078293 48.1869568266 69.0624299566 26.8384986795 28.0766905194 27.5946361133 27.7040645444 28.0035215797
27.9173322452 27.8538964456 28.0801964983 28.5109613382 27.9965031933 26.5521600032 27.6469092433 26.7643781753 28.4004059162 28.5728936542 26.5637352042 27.8719557612 28.515975227 28.3643910237 27.7033783938 27.4112260578 27.4006788711 27.5719024274 28.3639930897 28.0498955343 27.8316322524 27.7927957424 27.0812743878 27.629616528 50.997474094 50.997474094 50.997474094 28.3064473952 27.9144745008 26.5928385483 26.7667383833 27.5947679142 27.7103378523 27.3386727281 27.1243217948 27.2831351918 27.6475477497 27.7686825644 28.1322821516 28.399513166 52.2552500698 81.3735424359 63.3870452172 27.897550496 28.4148653205 26.5920782341 28.1888833948 27.0980845033 26.7345116411 28.3149251212 27.7716834765 28.1868230072 26.7124173776
27.7966066176 27.8651811529 27.616466322 27.238595655 26.9518933505 19.4245053752 28.0618743863 28.1263823867 27.0862420515 28.4151736369 26.9390771609 26.7645830721 28.4425566247 26.5997371967 28.5595517039 28.5304609356 27.8871143389 27.5737676969 28.4554357271 27.7367524484 28.5293241086 27.7947088083 28.5521969512 27.715617758 28.5191068783 35.4285607853 62.7963546872 43.5974564512 45.3566766553 26.9352254022 26.7865305558 28.2535616716 27.5678170451 26.579047012 27.4660491137 26.9124114598 27.9433492256 27.075198907 27.6696007826 26.5797087944 81.3735424359 81.3735424359 81.3735424359 26.5125586538 27.5997101836 27.7365452563 28.2153812061 27.588628845 26.896560156 27.2691992132 27.4178629326 27.0195816813 27.8015569538
28.1266033267 28.5052261073 27.0572305618 26.8340482438 28.3254298586 51.2715294535 51.2715294535 28.4723170695 27.9048872553 27.2598607271 27.584925162 27.9147511812 28.1837734115 28.1574928115 27.4041181333 28.543702881 27.2669478437 28.3852037385 27.1812917766 27.1316303124 27.4878341012 28.3111299483 26.5999539573 28.4725353312 28.2334053989 62.7963546872 49.0575684632 49.0575684632 55.3361923206 26.517786517 26.6645474015 27.224401962 28.0259112705 27.3603460884 26.5835584366 27.448095634 27.6711005065 27.5773796282 27.9610716969 26.8063408832 76.4195469551 56.8317313446 56.8317313446 28.5104665758 26.8275494552 28.5835855954 27.3888241319 28.1851130139 28.5962576971 27.4296083148 28.5946131318 27.0284885721 28.4272149193
27.1743502905 57.6722675081 57.6722675081 27.6471349651 28.1397202055 51.2715294535 51.2715294535 51.2715294535 28.398560887 28.2767597058 27.1133964065 26.8328913737 27.5230568123 27.7119324515 27.8878522414 26.6418265098 27.5494428074 28.303612281 26.9951739176 28.4796004492 28.5192310935 28.462892244 28.3779561777 26.6921268157 27.5510661602 27.3557470124 49.0575684632 49.0575684632 50.6049617705 28.1504955531 27.1145685471 26.7715604135 26.9103099071 28.029032519 27.3437824023 27.7890602347 26.8636415195 27.1157023395 27.559654237 26.8130317542 56.8317313446 56.8317313446 56.8317313446 28.3991774018 26.6664704732 27.3321207308 27.3361214687 26.7159819921 26.5967465443 27.0360024163 27.1076301106 27.305755736 27.4963781766
57.6722675081 57.6722675081 57.6722675081 56.643678685 67.227537664 67.227537664 28.5191934788 27.1175325782 27.063966985 28.4953825353 27.4031501357 26.6329239034 27.531121047 27.9691032511 27.2422387348 27.8532153339 28.4880459483 27.7163350916 26.7643563488 27.8234930476 28.2592770531 27.6495026524 28.5127082232 27.1354850944 28.0468182429 28.5451871944 44.5391049985 50.6049617705 26.6860380077 28.5507273078 27.9225306738 27.5871926881 27.8075543671 27.5447913442 28.4601255105 27.1966392977 26.8237049398 27.2591019498 27.5810165365 26.6278221213 70.6912179388 70.6912179388 70.6912179388 27.6570721449 26.659733249 28.571566631 27.6808584312 28.0298333798 26.5533686409 28.5419649221 27.8844105734 28.2083739648 28.1636643281
28.0705112805 56.643678685 26.7122887555 56.643678685 28.3198743884 67.227537664 28.3089934966 28.1538633904 26.6890728617 28.2599035447 26.8760508928 26.8247538854 27.0396052002 27.8901673845 27.2779064504 27.7558376451 26.9100877481 27.5743727221 27.9541130846 28.0611470072 28.1349902338 26.6082171942 27.4099226489 27.1554266189 27.4585551984 26.729622512 27.0636739574 27.8172671034 57.8667320355 28.1644074224 26.6769598522 27.4957694949 27.1287745496 27.1436912489 27.3684428611 26.8628441934 27.5306939486 28.3150583662 28.1543653807 28.2478746282 27.1797771753 28.3237536655 71.5686195584 27.4388217401 27.8370304091 26.724171488 26.9615286503 27.8344876716 26.6076308184 27.8432076227 28.1400423338 26.6483443972 26.6915408183
28.0452351083 56.643678685 56.643678685 56.643678685 49.7264961265 39.6335482694 28.3568882246 26.7513462384 26.5035942963 28.5133748876 27.7414564726 28.5261874332 27.6482097262 27.5733370539 28.0799427921 26.6902153122 27.9957024288 27.3979638574 27.8825198647 28.4395128869 27.1924517674 26.6524922296 26.6937111028 28.3015609581 27.5873487053 27.0001894471 27.8595298977 27.4768039598 20.8533386742 27.4423653962 27.1206294637 28.467567626 26.941244754 27.3189550915 28.1950746977 27.7343597721 27.0424850965 26.6640392132 27.9404078559 28.6161801736 28.4276668664 27.3565222594 26.6512705967 27.8423519254 26.5069185138 27.3863921514 28.06125071 27.3016404426 27.092879422 27.7867344892 28.5985128178 28.1383632838 27.1512978262
27.0893957581 27.9992401684 49.7264961265 49.7264961265 49.7264961265 39.6335482694 27.4170384006 26.6471248835 28.2751436925 28.499104159 27.8636499315 26.9718568585 27.0465159849 28.106949968 27.5550059816 28.1881948645 28.1012461162 27.6829612241 27.9417646897 27.0761902908 28.3699759858 27.9542335148 28.3192399451 27.1942190664 27.7655546478 28.3206025526 28.5134776823 20.8533386742 20.8533386742 20.8533386742 28.5986185379 27.1498422895 28.5373956072 28.3831665155 28.041245803 27.0335540409 27.0358725001 27.2807651552 27.8997548105 28.2260370869 27.4043194347 28.0757566902 27.2095870788 64.4122880426 27.4329454226 27.3062578636 27.5043043516 26.9731904275 28.3701051472 26.7688580633 27.2537340082 42.3490612791 44.5319103943
28.5476066274 53.58284863 53.58284863 44.4158509558 44.4158509558 40.9586256145 27.5029017877 27.0263161766 28.2912906492 27.6374883281 28.3024901098 28.1534652572 26.8160876851 27.5535946813 28.3904432901 27.8676918441 27.8647052966 26.9558532554 27.641448027 27.7801894614 27.1929720649 28.4810922343 27.8052604913 27.323618802 28.4365948147 28.4598239194 27.4423141368 20.8533386742 20.8533386742 20.8533386742 27.7676871433 28.2530932029 27.1581325333 27.3608315803 27.0722148205 28.0895062807 26.8007614119 28.5899108988 27.0243948753 27.9477053205 28.4474302592 27.5820880166 64.2093435628 28.3777755556 26.5205357088 28.3244128446 27.3255265419 49.0725607113 27.8739755428 44.8192309146 28.2781125222 44.5319103943 44.5319103943
59.905456609 53.58284863 53.58284863 44.4158509558 44.4158509558 40.7826373598 26.7985955176 28.0799223008 26.7563454687 28.5362584471 27.1184358751 28.5846923769 27.4722139668 27.6563083061 28.5498584432 26.8714042788 26.915900856 27.9394590595 27.3175559693 27.9191086678 28.1529128696 27.6100171774 27.6475516653 28.4808020316 27.2977010908 28.0481621332 28.1536523229 27.7902205206 26.5201581007 28.3148175002 27.50355124 83.0878809428 75.8282472264 27.6833510986 28.5342013154 26.9771178285 27.8356501897 26.6980181327 59.1747620841 28.5426194683 26.5882762004 64.2093435628 64.2093435628 26.9894282334 27.3529587059 26.9192885856 57.9309371792 49.0725607113 49.0725607113 49.0725607113 39.0981810034 64.233685386 44.5319103943
59.905456609 60.2911948768 53.58284863 40.7826373598 40.7826373598 28.0651579279 60.9261724485 28.2449319811 27.124603564 28.0709267377 27.562198529 28.0334661754 28.1996754421 28.198649623 28.1093468984 27.9862154728 26.8217873203 27.0191981589 28.3177307976 26.6277782588 26.9853014664 28.3843988434 26.9530045942 26.7849866307 27.6099885419 56.0931092132 56.0931092132 27.18528926 28.2250803831 27.585368541 66.3365737134 83.0878809428 83.0878809428 27.4689679857 27.5732376308 50.4238064224 26.9860812109 46.4450547795 59.1747620841 41.0800169915 72.564201032 63.6939933019 27.6358749374 72.0190669933 72.0190669933 72.0190669933 52.9495559159 49.0725607113 49.0725607113 44.8192309146 28.3812759119 39.0981810034 28.5070630506
59.905456609 27.4489402471 27.1730836999 27.0523592572 28.107768173 26.6065112897 53.4116825931 28.0915737497 28.348206324 26.775329858 51.6489170776 27.1234535211 65.7188514696 57.4212213395 43.8622073604 63.7027957061 26.720166211 26.8409205731 27.4481503497 27.326011092 28.0275962446 26.7514879024 28.0031539336 54.9322137397 28.2454905705 56.0931092132 27.7656946254 58.6667629314 27.3204363668 39.3116929682 66.3365737134 83.0878809428 27.9784852389 27.0637930322 50.4238064224 50.4238064224 38.1958698213 59.1747620841 59.1747620841 72.564201032 72.564201032 72.564201032 26.9034347676 28.2256903931 72.0190669933 52.9495559159 27.8448098092 26.7157945405 27.0163012574 28.0809843395 27.0390224563 26.9357164398 27.3793314946
26.7987008047 27.0787337259 26.7972734708 27.1226703991 27.558462981 54.035558078 54.035558078 54.035558078 54.5148915521 43.8938965103 51.6489170776 51.6489170776 65.7188514696 57.4212213395 57.4212213395 63.7027957061 63.7027957061 64.0500507818 27.1696631623 27.9918999479 28.2912411001 27.1343326494 26.9088487033 28.0234612988 28.5069881895 27.8477301223 56.0931092132 27.5260289379 50.7801140203 50.7801140203 50.7801140203 27.2602097181 27.0937769331 28.4980381429 45.132099648 50.4238064224 27.4926658757 46.4450547795 59.1747620841 27.6145105276 72.564201032 63.6939933019 54.7465823171 26.5467070506 72.0190669933 26.9276146636 27.1931149316 28.1816273058 26.9638537142 26.6566086972 27.0688126627 27.3539044558 27.9011290988
27.5101916932 27.9477052208 27.0492383152 27.9354970277 27.853006519 54.035558078 54.035558078 54.592950229 54.5148915521 43.8938965103 51.6489170776 51.6489170776 65.7188514696 57.4212213395 57.4212213395 63.7027957061 64.0500507818 27.9343295062 28.2631720192 27.3384189783 26.567357959 27.0292831054 26.6476378636 28.4551591278 27.4702326807 27.0604885138 28.0633319355 27.9650998749 50.7801140203 58.1093380599 58.1093380599 58.1093380599 28.0672172928 27.0067891577 27.7200485579 26.9155479972 27.7959309036 27.9687275447 27.1491675808 27.3246568856 28.2456225137 28.5288690571 27.1148701622 28.5722823787 26.7814788864 27.297477066 26.7883429293 26.8414469404 27.5967847356 28.5615348572 27.071053015 26.7824605846 27.6423095352
