Spatial_Output/BAU/BAU_0200.asc
NCOLS 155
NROWS 192
XLLCORNER 196769.923733
YLLCORNER 449719.875193
CELLSIZE 27.603701
NODATA_VALUE NaN
[rows 46 to 68 of 192, columns 0 to 52 of 155]
46.4234957283 47.3295791823 46.5081658269 47.4112713126 46.1158990114 46.5066189777 47.3467377694 46.8683082406 47.383947744 46.9183863178 47.0146940343 47.1315653238 64.0086822033 46.3750257675 46.1594186778 46.5902070136 46.5106939456 46.6315892868 46.9114567777 46.2980225886 46.66723584 47.114452191 47.1206537438 46.1622899112 47.0771566181 46.9680875432 46.6588932328 46.9313521287 46.2142160884 46.724639163 47.0560131065 47.4077615194 46.1364691634 46.7399092587 46.9434604926 47.0225856743 46.1167629441 47.3087273376 46.3157127552 47.1079090805 47.0070026217 46.2836319457 47.0121218784 46.6028715489 46.4955264161 47.1013269882 47.3907414185 46.0857920734 46.0398827422 46.5252542932 46.4820253751 46.619259051 47.1508463864
46.6734962456 46.6730775332 46.8179424952 46.6248371182 47.3629291014 46.0334772475 47.3950817742 46.5245803127 47.3896160846 47.1899075323 46.7214979925 64.0086822033 64.0086822033 64.0086822033 47.4054872183 47.3816742377 47.2556350148 47.0845768332 46.4854055381 46.1582704483 46.8098354703 59.7784235171 46.5025433457 47.0960382534 47.3868587633 46.645767603 46.6919844176 46.054872161 46.5177447548 46.5676278434 47.0786038824 46.018138645 46.2397596791 46.5092438123 46.8320236823 46.655204843 46.3152465385 46.430681796 46.2300156833 46.3085286156 46.9149045056 47.0369401126 46.5586060803 46.939126299 47.2707952333 47.2337350232 46.9483187717 46.5931138808 47.4115470678 46.5659630713 46.4117917833 47.1588106557 46.2941464183
47.0694443897 46.9503619515 46.2901038666 46.0449314373 46.8913602583 46.1291976169 46.3159187628 46.6320342886 46.6106433682 46.6753172595 46.1591226661 46.4913252601 46.6008611514 69.9941543371 46.3874101008 47.2731533356 46.9184369177 46.7522879117 46.9000364398 46.7797895961 46.4152018599 46.0712978182 46.8975516966 46.0845510734 46.9007346271 46.2746769707 46.8813507323 46.0390715603 46.4875358532 46.8712288138 46.048255341 46.7469997171 66.785021008 47.0235706313 46.5239972543 46.8649610235 46.7344758344 46.4359296103 47.1976202851 47.088325379 47.3092963376 46.8865957527 46.5241868515 46.0291532568 47.0712194258 46.4387284068 47.2841280632 46.2554883545 47.0982482688 46.9280342496 46.2530092761 46.6968257033 46.8050788475
47.1001205399 46.6016050274 46.6492602485 46.2252620046 46.8650312965 46.5926787743 47.0756033838 46.1742153205 46.5864861732 46.9577288118 46.4569848399 46.3141151471 46.0280365497 70.3523104138 70.3523104138 70.3523104138 46.30066028 46.6700186662 46.600045712 46.21535844 46.2439815127 47.3399033129 46.1457215489 46.2776143594 47.178979579 46.8153189962 46.3643837391 46.209917337 46.5745127995 46.3535731895 46.7841940494 46.9997539117 46.9107188158 46.8251500719 66.785021008 46.1929932423 46.9269841617 47.296051493 46.6031972806 46.7285757152 46.5321857388 47.305818795 47.3132969993 46.3707930881 46.1906038348 46.7573040279 46.7335408007 46.4083537767 46.2423728747 46.8544726357 46.0315975762 46.8059205332 47.0498680203
46.6494345389 46.058941807 46.3530449166 46.6737180544 47.3434682338 46.0736203872 46.4601218971 46.0627223303 47.2571786588 46.0667326169 47.051983169 46.9117371289 46.9580977544 70.3523104138 70.3523104138 63.7860606782 47.1250539197 46.9896043702 47.3794535597 47.1524946472 46.5413080189 46.838559494 46.5214564813 46.8936356189 47.3774423425 46.2665791602 47.151796521 47.2715832206 46.4113282321 46.1477067749 69.1240006238 46.0202644087 46.9653560844 57.2779580147 46.6133131346 46.2360990703 46.9686417002 46.7253854234 47.1093115159 47.1700836828 46.7856287215 46.4894037582 47.3751153219 46.8261140195 47.0866086096 46.4216987607 46.7358610095 46.6585104559 46.8080035762 47.387606218 46.0798026898 46.1786676669 46.2188544498
46.7959980894 46.2550137618 46.7114572457 47.3582610925 47.1098503249 46.6059144341 46.3795509393 46.3299640956 46.5830902487 46.749821942 47.3098962343 46.3466725457 46.8440868144 63.7860606782 63.7860606782 63.7860606782 46.115665075 47.3327891963 46.9327748667 46.4633074993 46.7735266518 47.0287653926 47.0658580636 91.7997502129 92.3581216211 46.3456938582 47.2964858682 46.3832040397 46.1213798715 46.8060514136 47.2770355521 46.5948724632 46.2976966756 57.2779580147 47.1356763532 47.1951582839 46.8726384098 46.8033868427 46.4405944315 47.2125682326 46.2999107522 47.0043810055 46.389643374 46.3774554058 46.1159754658 46.303369238 47.1227044342 46.0574304224 47.3529472138 47.0856891021 46.7689108486 46.7143389466 46.7713423985
46.9162509374 46.1446719564 46.8762024248 46.5929064438 46.1267188274 46.6957166009 46.5539838734 47.0078672833 47.0162958889 46.2577819454 46.4981601681 46.9437197892 46.1246734691 46.0410669748 46.5475039675 46.8405415996 47.1956931772 47.3634154762 46.6287823332 47.3064045276 46.2706256728 47.2667047175 91.7997502129 91.7997502129 91.7997502129 46.4145415737 46.5391241088 46.0228878476 47.167813242 46.46736016 47.3514328052 47.0869376412 63.4870924105 46.7359521599 46.195371835 47.0209909355 46.2986359715 46.5971384826 46.5181913216 46.4714574719 46.7361742563 46.7390236439 46.6438205785 47.3707083692 47.3487991428 46.1721591957 47.2210007953 47.203274649 46.0156561116 46.2504735324 47.0213135563 47.2050953383 62.0540712646
46.6161099748 46.1609645447 47.0527103081 46.4201451567 46.7947347404 46.9622430913 47.0660520452 47.1905302193 46.8262913073 46.0620112443 46.0487701646 47.1602989371 47.1251862907 46.0809584671 46.946662154 46.1271576957 62.8291946857 47.2486888163 46.9959028367 46.9714084853 46.5630968531 47.1837654791 46.7229642567 63.1817671461 63.1817671461 84.7354270736 46.9075975524 46.5154272082 46.4086643385 46.8903499106 46.0121882385 47.3202283642 46.3171017635 46.7440576829 47.2711039763 47.2329646214 46.4435350916 47.0633850531 47.3885576675 47.3123644451 46.706316654 46.8631800213 46.5099158314 46.7871473457 47.1827299572 46.9284245662 47.2080510994 46.8319572235 46.6796711556 46.5970503534 46.2768004933 46.694958338 53.0697388966
47.3690452487 47.216892608 46.8810902493 47.2633329521 46.1535276915 46.716193197 46.7404923995 46.9703337756 47.0479711159 47.1741857158 46.7128445864 46.6104411775 46.1231494866 46.306422463 46.960153172 46.7485818814 46.4408423348 62.8291946857 46.1919467132 47.3130751568 47.349161222 46.7905783578 47.2962784516 63.1817671461 47.2724272761 82.6481729148 47.0987773383 46.866761664 47.0236825784 46.9918801038 46.0626251854 46.780781067 46.7283025692 46.8082481854 47.2797251123 47.3260671028 46.9308752111 46.6387806575 46.1723860787 46.9797431051 47.1849081549 46.5587930783 46.2232072997 46.890953476 46.0530359424 47.1471663527 46.7279009183 46.7772932401 46.8099267725 47.1423795543 46.4638953876 47.2621838943 66.9191115983
46.6373101418 46.5155210897 47.3659845037 47.2403442861 46.6405598576 47.1592924318 46.5152971394 46.552674461 46.3279227586 46.9928032589 47.2450183706 46.5906979539 46.4409828023 47.2925538128 46.7828220963 47.3254780114 46.8716944192 47.1026875093 47.1424917065 46.4465013607 46.2363839934 47.0334979737 46.8586757538 47.068760602 84.7354270736 47.1519197911 47.1285495879 46.6504039151 46.2308459624 46.6593448977 46.5825696883 46.2025012294 46.1822226171 46.6745519114 47.108758191 46.1201716391 46.1746769028 46.7507359816 47.2099998575 46.9710072345 46.1540501849 46.8578799352 46.691513757 47.0243869636 47.1789861961 46.385081583 46.7216382416 46.1302345955 46.5769045942 46.3784953895 47.1538681181 47.0264749716 89.8048266343
46.4857198244 47.3139702415 46.4308468786 47.3918227443 47.2041899712 46.6006754213 46.9385729748 47.0903931696 47.1486830768 46.499436218 46.4382364732 47.4026492718 46.8605283062 47.0416343347 46.5581598281 46.3628506288 47.121251428 47.2352491709 47.0950253757 47.3686702434 47.3623541035 46.3731189195 46.7897185634 46.1146220505 73.3376302216 46.775028321 47.3724508253 46.611143341 46.6426093351 46.8061936976 46.0417299145 47.3758157835 46.7861003423 47.1200478686 46.7370956939 46.3983664676 47.3420421358 46.9384786774 47.2747105547 46.3307413478 47.3344000955 46.1061976495 47.1172371347 46.3328463162 46.2396090969 46.8496240318 46.2519500224 46.5260135562 47.2874619912 46.9850707924 46.0175553635 46.6906268802 47.0775131632
46.0064113961 47.2468031135 46.7997963944 46.8360723333 46.076843883 46.7230285675 47.1213739059 47.38432264 46.8079803209 46.6501862958 46.3896705371 46.1783982721 47.2875680311 47.1459123296 46.337438333 47.3545257595 47.150036584 46.9547574229 47.3930424785 47.0688018378 46.6317010357 46.6454651021 46.1485250856 46.7646861625 46.0839981667 46.1100616872 46.5699124449 46.5069824031 47.1149774532 46.176801128 46.9489022096 47.2634789332 46.3408837641 46.7511861345 46.8504155284 46.861055391 46.4821305754 46.6238647718 46.9505683959 46.341336837 46.364428717 46.795701394 46.4369610433 47.1740247199 46.9844811243 46.4803756253 46.5350278903 47.1922849432 46.5596196339 46.9143261885 47.1267835369 47.0978469328 46.7282192758
47.2045687095 46.1343479267 46.0210672068 46.5017676435 46.7037879297 47.4049204823 46.5775368082 46.6897504478 46.9099406603 46.9573499054 47.3101475993 47.13769774 46.5749293039 47.1001313128 47.106745713 47.1354959018 46.7380764227 47.2801808791 46.2836758833 46.0849158709 47.0948945866 46.9011441355 46.5645571092 46.7874486392 46.639328182 46.5203684323 47.3576156197 46.8203747259 47.372080283 47.1825968587 46.5152099438 47.0692641944 86.169245347 47.2228433794 46.4826266323 47.0391850674 46.9265737565 47.037752799 47.041972453 46.9053973764 47.25091545 47.231475488 46.7990543564 46.1198793759 46.7857833151 47.1119134803 46.4512617716 46.8108691338 46.9803392686 46.2187846348 46.5892910615 46.2504084239 47.0794968215
46.0194726591 47.0705335355 46.9929399454 46.3776611693 46.836178418 47.1967875383 47.244018532 47.1485705542 46.4237790455 46.9655978373 46.8401669011 46.2301637922 46.672769222 46.8748124777 47.1404602648 46.1515580768 47.3319327276 47.1187917856 46.8154002046 47.1961742898 47.2778677231 46.8630353223 47.373835306 47.0808823333 47.1148693426 46.4779971484 46.4603176449 46.9885669539 46.9084543208 47.2013095622 46.0039406517 86.169245347 46.7907732558 46.7314712131 47.3868628766 47.3422414293 46.361107167 46.287167959 47.1406999785 47.1237726459 46.04061238 46.0144347672 46.3934406036 46.2402849082 46.8725106379 46.6358103134 46.7936409277 47.0218482451 47.3402782572 47.3414444993 46.1892171152 46.8111117875 46.4392686746
46.7202305648 47.2969547715 46.6837183464 47.3399956774 46.9496780743 46.03747429 46.836899859 47.3273674816 46.1338403302 46.847318623 47.2237529666 47.3739013254 46.0566149832 47.3370094951 46.5645049048 62.2873766596 46.5951601826 62.2873766596 46.4285909349 46.9199631968 46.4511632704 47.0472669115 46.4261561729 46.2947278668 46.0938066687 47.3545388235 46.4147311372 46.8846963713 46.8700709702 55.3355476738 55.3355476738 47.3141740169 47.2816997976 73.500885432 79.5009693327 46.9570494677 46.3323343524 46.5733972122 46.987624542 46.5171643377 46.36226715 46.1114996619 46.8830747184 46.2499538569 46.1712925366 46.2605378233 47.2533631138 46.984612582 46.523313411 46.7305224382 46.8090657347 46.7223328064 46.9541361433
46.4826466049 46.6421298153 46.8846059371 47.055877448 47.2039603034 46.719314367 46.7900312846 46.2614110162 46.7318668145 46.6473093316 47.1754150827 47.2958707492 46.4765165308 47.1719133933 46.5212537567 47.1534786165 46.9986595379 47.2097514673 46.6038002578 47.3625695282 46.7430287091 46.1205672659 47.2426162109 46.8268651415 46.7553022637 47.1177602395 47.0477345984 46.6256828716 46.5316100499 55.3355476738 55.3355476738 55.3355476738 73.500885432 73.500885432 63.9081443745 47.0936887775 46.5575183208 46.0890728573 47.016468761 46.9565145676 46.1326551741 46.5817726372 47.0731123628 46.6587896661 47.1751570351 46.336703801 46.9543181531 46.4604062256 46.8299703127 46.7122775377 46.7407630283 46.3385113623 47.4109373323
46.4486514695 46.964466865 47.3134226223 46.1437498874 46.4030740498 46.1209909581 46.1447640388 46.4755644157 46.6913314265 47.0133981141 46.9924401875 46.5827900808 46.7343869825 46.8435243781 46.1411296735 47.2540781005 46.0866278414 58.2385998101 58.2385998101 46.2031713492 46.1309494614 47.1686614942 46.4397856726 46.811937262 47.0687398136 47.3868242836 46.4572026808 46.8634449241 47.0559533455 55.3355476738 55.3355476738 46.0165350124 73.500885432 73.500885432 79.5009693327 47.0076461565 46.578681956 46.5585483748 46.2560265607 46.4465664619 47.3994419015 46.9417799763 46.7295837846 47.0330813684 46.7447070173 46.4611120544 46.2634955432 46.002084841 47.3231709709 46.3837627363 62.7218813121 62.7218813121 62.7218813121
46.8758884594 46.5099664032 46.4203965486 46.9064412309 46.2501462393 47.1358937943 46.0155783358 47.3473664276 46.2119561451 46.600102702 46.6859612307 46.0945515087 47.0196980315 47.2273521018 46.0295412358 46.6828054022 58.2385998101 58.2385998101 46.7199912984 47.0997752668 46.5791076298 47.3983340433 46.8402335999 46.717034338 46.0366688436 47.3538436532 46.3156732605 47.1550694593 46.0692438099 47.1608194207 46.1736160497 46.552813405 47.166251543 59.9906241261 59.9906241261 46.7974424008 46.1600161374 46.6906613657 46.0409103445 46.5552893656 46.5321210253 47.0017278419 47.277138663 46.0039586389 46.7836100468 46.2969592386 46.2834727075 46.8275420268 46.0852657892 47.038737512 85.845549226 86.6146653945 62.7218813121
46.2977278001 46.5691515081 46.8557069473 46.5317170167 47.2354742816 46.8303761214 46.771911087 47.1561292123 46.5971455332 46.4056672673 46.230694391 47.1841193855 46.777748786 46.9860397234 46.0985341299 46.9514162049 60.1499752884 46.0180755729 46.3929349552 46.0377423635 47.0172859664 46.2748177211 46.8666176778 47.081164948 46.5825480007 46.3852842424 46.7850775824 47.1666257354 46.009589668 46.1819200568 47.0448307427 46.2388655786 59.9906241261 59.9906241261 59.9906241261 46.8972931495 46.6850429276 46.7752009104 46.4685293649 47.3965438719 46.4000650339 46.5413042328 46.5007462531 46.4514890179 46.6138060263 46.6577238437 46.575717899 47.3387724608 47.4009720861 46.8272339055 86.6146653945 86.6146653945 86.6146653945
46.3077583446 47.0107321042 46.371247982 47.0617369267 46.719447889 46.1325040924 46.7113068391 47.1217216832 46.2203258312 46.7383804202 46.6022093713 46.447970754 47.1613098564 47.0463099542 46.2040503873 46.496534495 47.1751060205 46.5442535343 46.4424710096 47.1182033733 47.3076032261 46.8693952824 46.9740400057 47.1034664998 46.506347625 47.1492753548 46.1085276443 46.1734070015 47.0151761168 47.1197621826 46.6833635493 46.9339451329 46.1333545554 46.3253033312 47.3125410793 46.1206164377 47.1834637806 46.4966769495 47.1472308453 46.0734459914 46.1538914301 46.4875970813 46.3684173632 46.6877936042 46.6439732706 46.6852064668 46.2965175664 47.0150472747 46.2738995795 46.0090820911 65.0221409435 86.6146653945 86.6146653945
46.5626163835 46.422140423 46.0741275662 46.5571046662 46.3537977444 47.1682691431 46.3643441739 46.0833964001 46.8108990521 46.2117416101 47.1307055339 47.2343366798 46.162753648 46.454362155 47.3638723813 46.4652644401 46.3409906608 46.6474799736 47.1979302766 46.9021629827 46.8414010408 46.2157520256 46.0263867071 47.0018870136 47.3850760592 46.9709451802 72.8491694238 46.6785063752 72.8491694238 46.371163881 46.2672995286 46.3692697091 46.7233988721 46.473259961 47.046492601 46.0032380237 46.8966158305 46.8678968405 46.2205220003 47.0595419106 46.4526749544 47.0842849411 47.0272000868 47.3902964062 46.3594940498 46.6146576506 46.9057674754 46.2722029537 47.0753244443 47.1176948385 70.2210345404 46.7483816972 70.2210345404
46.8709622197 46.4907588773 47.1106636462 47.2008382465 47.3962505775 46.0935227077 46.8714409316 47.3083507624 46.1600905618 46.9382378028 47.0673854586 47.2561445037 46.2412708379 46.5925842007 46.1474232665 47.0843451277 46.8457010848 46.3877269286 46.5301515501 46.2859399464 46.1772017532 47.1863078068 46.3546939111 46.631943221 46.3800795713 46.6494245032 46.8663528362 72.8491694238 46.4530527959 46.6150750117 46.9229450756 47.2539957302 47.0027214304 46.6673215531 47.3717602111 46.3730133156 46.0762317127 46.5253169961 46.1029037244 47.1426449439 46.1145306001 46.0592950255 46.4401768292 47.2017402875 46.3029791772 46.9755215586 46.2314926174 46.9546657624 46.6911424495 46.1226404297 47.1575799148 64.3517405737 47.3089856517
46.2432581921 46.8428910002 46.7318934197 47.0454666665 46.2803049556 46.8637065837 46.5527186022 46.1572622235 46.2446013066 46.6661933313 46.7246188764 46.8951566695 46.9364707842 47.2639243538 47.2818692543 46.1929959408 46.8275749191 47.1568353163 46.7112293715 46.7061210354 46.6302984563 46.061401706 47.0130381274 46.3743253947 47.0800879386 47.0546938779 46.8510780461 46.6196320972 46.7760650132 46.8848025745 47.227439476 46.7731705536 46.3609277052 47.3135686708 46.3089081437 47.1043296183 46.2158286943 47.1877576946 46.7199979847 46.4254923114 46.8395943739 46.3887335133 46.0710734558 46.1758610503 46.7041501063 47.3937864905 46.5287302804 46.5875789934 46.640738708 46.0728821244 64.3517405737 64.3517405737 64.3517405737
