Spatial_Output/BAU/BAU_0312.asc
NCOLS 155
NROWS 192
XLLCORNER 196307.867259
YLLCORNER 449144.565805
CELLSIZE 33.573938
NODATA_VALUE NaN
[rows 25 to 49 of 192, columns 0 to 56 of 155]
0 0 0 0 0 0 0 0 0 0 0 0 0 0 0 0 0 0 61.7286848938 66.5868188686 26.5482162114 26.6717363103 26.5795135358 26.5795135358 61.3607868688 65.8134184994 65.8134184994 65.8134184994 36.3967535556 36.0380626414 36.5623641879 36.4173759681 36.267907528 36.309162107 36.0042235161 36.9282190842 36.2086093548 36.7871932605 36.2456362904 36.0062451708 37.1558482162 37.3284587575 36.9264351396 36.7877017318 36.3060223293 37.3750889978 36.470686241 37.2062517916 36.0482817806 36.248046594 36.9194987556 37.2478139834 37.3335894194 37.0673663407 36.7587706149 36.7370262886 36.5791999173
0 0 0 0 0 0 0 0 0 0 0 0 0 0 0 0 0 0 0 0 0 36.450202594 36.6790840613 37.2346022659 99.1089488532 65.8134184994 65.8134184994 67.0625885225 57.6683852041 64.0311951187 36.0356361014 37.1924942256 36.6667896436 36.7115326912 36.3325280577 37.2269830883 36.3939148924 36.2898958036 36.3540389939 37.2584973959 36.2456380727 37.2087729423 36.0791825812 36.965666575 36.6132283578 37.3664969175 37.3193262039 36.2899943948 37.1872752353 36.4103767836 36.3707276417 36.7643524411 37.2514907722 36.9290380975 36.4413245253 36.6689993501 37.2638889978
0 0 0 0 0 0 0 0 0 0 0 0 0 0 0 0 0 0 83.736513865 37.0538019911 36.631522643 36.336025158 37.3438097066 36.682240797 36.7206652434 99.1632653836 67.0625885225 57.8369698643 57.8369698643 88.1813635533 36.4194771127 37.266989384 36.4579640827 37.0697241212 37.1989052759 36.0853009407 36.4564384353 36.5540746053 36.1614488967 37.0771802248 37.030739081 37.3721011472 36.099016891 36.2521687864 36.7564726085 36.2873956571 36.4877890483 36.8593337778 37.0715588053 36.922076971 37.3154729526 36.1885960385 37.2086018673 36.9707254903 36.0155444953 37.329107598 37.1200567859
0 0 0 0 0 0 0 0 0 0 0 0 0 0 0 0 0 83.736513865 36.9873643816 36.0472822732 37.1753362994 36.6865152939 36.5153116779 37.3286344919 36.6906973248 37.0983251308 92.7616591022 57.8369698643 57.8369698643 88.1813635533 65.3753829461 46.8887852869 37.056531273 37.3633724472 36.5617952361 37.3223434148 36.4952226035 37.0134530169 36.8268851821 36.7844522085 36.2176555044 37.1794419359 37.0893837315 36.9621447002 36.5927913323 36.9570656747 36.7542427209 37.2100693748 36.003315059 36.5007855822 36.7140515635 36.8408392424 37.0895580211 36.2976988383 37.1727199523 37.2672523538 36.2645622519
0 0 0 0 0 0 0 0 0 0 0 0 0 0 0 0 0 36.1059272995 36.1527648925 72.6217555497 66.2761935443 69.8998654911 36.1062003213 36.9331458635 36.2085801761 36.9275298206 36.8677484205 57.8369698643 88.1813635533 65.3753829461 46.8887852869 46.8887852869 60.4560987767 37.3283225008 36.2231177969 36.2514965661 36.348587888 37.3697603223 37.075059384 36.6128491127 37.2480413576 36.8624001761 36.6783258854 36.7688172731 36.6201543687 36.4027282099 36.7562127513 36.5065141564 36.3008535975 36.4299892555 36.1958048409 36.15709937 36.6457636313 37.4013665079 36.1488300495 36.8794208341 36.0528228695
0 0 0 0 0 0 0 0 0 0 0 0 0 0 0 0 37.4021049122 36.3360688201 36.4810584384 68.9292474956 83.9003095385 83.6301749635 37.2899846405 36.5530094871 36.8966440321 36.4639891009 36.7388147542 36.468110524 37.2485321725 46.8887852869 46.8887852869 62.1218289059 62.1218289059 62.1218289059 37.1668719622 36.1338232249 37.2425498696 37.2788900108 37.4012567745 36.2542928068 36.6519772625 36.7558183037 37.1692161475 36.6044548281 37.050733155 36.5743994883 37.0953579096 36.761345435 36.4789656973 36.8861607737 37.3579622573 36.2910000262 36.7428369749 37.3906462839 36.75484941 36.2024783074 36.6094407905
0 0 0 0 0 0 0 0 0 0 0 0 0 0 0 36.616710345 36.740681345 36.5900135747 37.0056012596 73.1872491879 79.1298836409 68.9767412527 80.0631215354 37.2706043874 37.191547682 37.1228002342 36.0808693403 37.3255042251 36.2548225723 37.2494257637 62.6696178405 62.1218289059 62.1218289059 36.4665765795 61.3817973012 37.2622226907 36.2411488992 36.3381704086 36.1997709041 37.1697353 36.8255073551 36.0771689891 36.162965789 36.0177040338 36.7693898211 37.1269951998 36.9333196985 37.3502528384 37.2207332634 37.1537020475 36.2672712163 36.6730953508 37.087901337 37.2094141458 36.8812299634 36.1647027719 36.8363122921
0 0 0 0 0 0 0 0 0 0 0 0 0 0 0 36.7314150663 36.4320343048 36.3075592625 36.156869693 75.3410090727 82.3182332834 71.6842696123 84.3816351631 36.2738587574 36.1236579325 36.0855832106 36.0117539913 36.3080390257 36.8619846868 37.1828175944 36.0803979824 64.7401310532 36.972381736 61.3817973012 61.3817973012 54.2787210055 54.2787210055 37.1668113795 36.3769274215 37.2824170682 36.4490954431 36.7023888306 36.3831612076 37.2558202121 37.3145205736 37.2899786225 37.0234845732 36.9730499916 36.4051775971 36.7328111926 36.9968953663 36.5720448886 36.2793355526 36.6110477801 37.399293586 36.5587213958 36.1611408361
0 0 0 0 0 0 0 0 0 0 0 0 0 0 0 37.1366791203 37.0129691272 36.321659213 36.5690100441 36.3902504516 78.533090938 67.1298467993 75.8356776695 56.8492219668 36.2954339328 37.0086951986 36.245313035 36.3309027567 36.08333652 36.0952493291 36.163003951 36.2852374484 36.1549300671 61.3817973012 61.3817973012 54.2787210055 79.2937392468 79.2937392468 37.2631423792 37.2282604269 36.6014574722 36.9524230778 37.2568684483 37.0490407081 36.6701265872 36.7094916059 37.4007628644 36.1556409187 36.7387451693 36.2190197283 36.8199828109 36.0629693414 36.206236389 37.2294341513 36.5527226616 36.182777061 36.2999287321
0 0 0 0 0 0 0 0 0 0 0 0 0 0 0 37.0000786001 36.2577358073 36.548247122 37.2981033489 36.096930648 36.7619989083 36.2657203859 56.8492219668 36.0948968163 36.9609288784 36.748729003 36.636222921 36.8167908561 36.7520681663 37.1140962956 36.5312395376 36.9039776813 36.7862811711 37.1197855205 54.2787210055 79.2937392468 79.2937392468 79.2937392468 37.375108269 36.6908835424 36.7313459748 36.1622091826 37.3742441471 37.3945775506 36.0224702164 36.1957244562 36.0478941072 36.321390955 36.4850141739 36.5262005395 36.8253634301 36.8204261153 36.7161357571 36.8374642756 36.8520368533 36.9099365252 37.1344971308
0 0 0 0 0 0 0 0 0 0 0 0 0 0 0 37.204721942 37.3282456081 36.4392444598 36.7690586661 36.9207473513 37.3074116871 36.0296558724 37.3015595518 61.8016180264 61.8016180264 36.6268255232 36.1985463427 36.4479049359 36.6364677199 36.6110589112 36.0051889904 36.3142178451 37.305618448 37.2638103573 36.2339767275 79.2937392468 79.2937392468 66.496089965 36.1085843839 37.2217071621 36.9160850069 36.7779368644 36.1561304505 36.7814371155 36.2327655439 36.9052330042 36.6142849858 36.2818579636 36.3810101087 36.8755964508 36.884912691 36.6892671569 36.6601796863 37.1356882378 37.3754691153 37.346092057 36.6442214926
0 0 0 0 0 0 0 0 0 0 0 0 0 0 37.0672998928 36.912716902 37.2134071167 36.7616432432 36.9170810772 37.2636989365 36.6480148597 37.0594209504 37.3004211122 36.1927323422 36.5583280939 36.266644737 36.0038569679 36.3248261311 36.0213083981 37.3165721587 36.8256704955 36.4918298816 36.5019176775 36.5286796162 36.2013000732 66.496089965 58.7827047936 55.137438615 36.1194483 36.7796782563 36.4982989136 36.784155378 37.2632503753 36.722887193 36.840089794 37.2439589583 36.1159135544 36.7989806122 36.7652785729 36.5702307853 36.1514236604 37.0668211717 36.672206586 36.1394337501 37.1534190018 36.3056827413 37.2190975173
0 0 0 0 0 0 0 0 0 0 0 0 0 0 36.1672001474 36.4381738872 36.7465369593 37.1886221167 37.34498377 37.0337778152 36.523833531 36.1964672309 36.892575494 37.1355188698 37.2256094888 36.7130179989 36.0230300421 36.1704789129 36.0585617943 72.9662005258 37.1708529277 36.53520676 37.3980204931 36.1984427777 36.4394374289 58.7827047936 71.6870177045 71.6870177045 37.0910086212 37.3235983745 36.2089198602 36.2951036416 37.3713729772 36.2722811723 36.9896326407 37.3279337889 36.0818459387 36.0276647572 37.215345164 36.1573965999 36.5660528172 36.4974363255 37.1837775359 37.07688684 36.5311536304 36.9020043525 36.7784427994
0 0 0 0 0 0 0 0 0 0 0 0 0 36.7959792274 36.9342537809 36.834601747 37.3599859341 37.1921563084 37.318254133 36.5696151442 37.0082578397 36.7553537106 36.2649845578 36.9235755932 36.4834670352 36.8694451027 36.9506863111 72.9662005258 72.9662005258 72.9662005258 37.3700665117 37.1443470058 36.6397052574 37.1529368503 36.9261408449 57.1445278715 71.6870177045 71.6870177045 71.6870177045 37.3178893233 36.2608423909 37.0264747316 36.9684414272 36.8539636229 37.3700975753 36.5323654562 36.1797691369 37.3098489479 36.8867197442 36.0839777711 36.766167615 36.5008985004 36.4820230455 36.2977101612 36.2442168649 36.4546847812 37.3016008808
0 0 0 0 0 0 0 0 0 0 0 0 36.2227659 37.2939417388 36.2181280659 37.2439921883 36.6618117057 36.2395072014 37.0277348468 36.3829869296 36.9685929098 37.3420869906 36.1719028037 36.3345007832 36.9710374097 36.3692365884 36.358246286 37.318392188 79.5505214339 71.1523300364 78.6135235693 36.8601870336 36.7009076996 36.7687975567 36.1902742208 36.606417929 71.6870177045 71.6870177045 66.5402784695 66.5402784695 36.4744119975 36.1470692693 36.1257315403 36.2661800489 37.3666727262 36.7846042304 36.3799149339 36.4513178959 36.887845065 36.8794347061 36.3017370681 36.4152795565 37.1117072394 36.550358163 36.0461921202 36.4607800714 36.8833001473
0 0 0 0 0 0 0 0 0 0 0 36.1337608386 36.2811563396 36.5904162597 37.0097397782 37.0139536589 37.1516763695 36.5392300564 36.2703455013 37.3174884537 37.3997909109 36.6945303054 36.237093709 36.6417471901 36.4542833695 37.2086262125 36.4136070696 36.7819132099 81.3095567045 79.6324844743 67.7057927732 36.838189448 36.5821559266 36.9410256742 36.2719240158 36.0622243645 37.3650813095 66.5402784695 66.5402784695 60.4614478012 36.8209533903 36.9805578098 36.1089489079 36.7567973093 36.1907670848 36.2991516868 36.190499607 36.4723668456 36.0284060646 36.947407656 36.751825311 36.2817252387 37.2628173261 37.2609541387 36.4401404646 37.0306226267 36.2710783186
0 0 0 0 0 0 0 0 0 0 36.7532338261 37.1601815814 36.6789002319 36.1590521462 36.6094529768 37.0558986072 36.0106718972 37.1272994151 37.29814013 36.634039486 37.0162586252 36.1725744884 36.4590665872 36.8025207192 37.3438113453 37.0017169943 37.1250445729 36.824615629 76.2813884713 68.5396434994 68.1644451541 61.6365983518 36.49358533 36.4973909329 36.9983986314 36.3468494434 37.4090780537 36.3639642951 59.7082862623 75.7843031999 60.4614478012 36.687742209 36.8492358416 36.947754976 36.6007815263 36.4406723723 36.7116639013 36.2531397322 36.8630828296 36.6801527586 36.2861243113 36.5585580286 36.953196724 37.1274115803 36.0086536607 36.9875229256 36.1347197205
0 0 0 0 0 0 0 0 0 0 36.5916076897 36.6096040237 36.2430446649 36.3169650549 36.0404637046 36.4882966606 37.3843360605 36.9710408229 36.8075742139 36.75451148 36.2014205884 36.732989999 37.0278000562 36.5103103365 36.9487113385 37.1543072406 36.5192275185 36.8899653838 68.4713275303 73.0848952006 74.0605038088 72.5224735247 37.2508811806 36.3613175626 36.0579609831 36.1306534043 36.090694721 36.9658736853 75.7843031999 75.7843031999 75.7843031999 36.7627615773 36.8631531031 37.245167458 37.2227509087 36.2132519767 37.1607406169 36.0127929017 36.5827217306 37.1577673978 37.1671590023 37.2221157955 36.8736313044 36.8417056378 37.2425504419 36.9246587426 36.4939438721
0 0 0 0 0 0 0 0 37.3769257312 36.2049809332 36.6356096831 36.0254242028 36.1328093889 36.381324593 37.3180111536 36.4365886043 36.9647262217 37.2157211461 36.870977463 36.5641742234 37.0200867507 36.4275531543 36.3330122835 37.0197429323 36.508934228 36.0284887312 36.391538267 36.8454006495 36.7328379431 72.5224735247 72.5224735247 61.7459681812 36.4195173968 36.56959952 36.6186347412 37.1078233002 58.1484309718 58.1484309718 75.7843031999 75.7843031999 46.5195845696 36.1687881504 36.2523974934 36.6406742615 36.6702060182 36.5395670158 36.4901721386 37.2731692847 36.1466043756 37.3893971862 37.1459053804 36.117107389 36.9924776181 36.2473004861 36.5629811532 36.1436259088 36.357245181
0 0 0 0 0 36.8470736662 37.2283325808 36.9631499105 36.3878090795 36.8950530055 36.6472710622 36.1586271676 36.766401243 37.3267982794 37.2890697911 36.7916315158 36.4199318603 36.1683256688 36.5611056269 36.2859807745 36.0104549914 36.5625736021 36.0008657114 37.2523357382 37.1944644411 37.1367563666 36.0116641218 36.1303270474 36.6701177034 61.7459681812 61.7459681812 61.7459681812 36.7065397132 37.0176267801 37.0241334878 37.1488650467 58.4173326569 58.4173326569 58.4173326569 49.9691551992 36.8727491439 36.9156204439 36.8957057695 36.3285588077 36.5317728276 37.3141764436 37.2215642181 36.9863433835 36.4245268097 36.5718476047 36.2016297702 37.3274212805 36.3897115845 36.639400849 36.7597751921 36.0312434669 37.291953901
0 0 37.3215777889 36.3882880984 37.4019205356 37.0141816072 37.2402794089 36.7521725772 36.905226834 36.067460835 36.243921743 36.0860997406 37.3569904671 36.1991370256 36.793771441 36.2938101386 36.7315767301 36.3447872243 36.1398239138 36.0146985663 37.3680728568 36.3390930337 36.1725501013 36.1005835482 36.8319673436 36.9692491783 36.2009456259 36.9015412377 36.4879117112 47.4735101669 57.3997114784 57.3997114784 47.4735101669 36.9615192331 37.1511025658 48.1212177582 48.1212177582 58.4173326569 58.4173326569 47.2978457728 36.4360604418 36.4109929378 37.2293500786 37.3178594611 36.9855480565 36.5461625214 36.6224144524 36.0951786897 36.5552296542 36.6266383831 36.5220879696 36.0029125796 36.0679627916 36.1477233417 36.9778744716 36.7285838576 36.2386225406
0 36.228486762 36.6182248698 37.1025928083 36.8721224294 36.8314267552 37.2386683914 36.7135860871 36.484705566 36.7143709773 36.2560579892 36.747582903 36.9866997438 36.3168582272 37.0402822755 37.3327684438 36.1146012078 36.2688552076 36.9338943636 36.229823072 37.3733985717 36.8409354613 36.4587222671 36.9359304324 37.1504352782 36.4088355685 36.9017744496 36.1149872708 37.0441529891 36.6994194876 71.1879803372 71.1879803372 71.1879803372 37.2268891316 36.2345384155 63.820793394 48.1212177582 48.1212177582 37.2598977507 36.4193330762 37.2764331811 37.2869617466 36.2780821937 37.2386915607 37.0972538062 36.9494460885 36.8774235402 36.4640997967 37.3635635767 36.4429448352 37.3251013709 36.3823342475 36.6334911479 36.0662246813 37.1974134926 36.6327581874 36.327849024
36.8043806634 36.5523395302 36.211179981 36.1762857924 36.9931016847 36.7232070872 37.2842787499 36.954711892 37.0920701481 36.9471570507 36.6245196106 37.3955976578 36.2987280683 36.9404745369 37.0323901674 36.1693687487 36.8714603928 36.0783461479 37.2235033408 36.00210414 36.1717852207 37.0435236549 36.1343005419 37.1505847124 36.1963766669 36.5736167392 36.6032364807 36.818142157 36.6238924798 37.128496017 60.590570729 65.2725255737 54.9515306598 53.2161219343 47.1790810323 63.820793394 48.1212177582 63.820793394 36.7909381882 36.9887104695 37.274322047 36.5129373807 36.5867127591 37.0459874444 36.7697087201 36.9525500597 37.0938545529 36.8256659597 36.8514009603 36.5595369969 36.2156201913 36.2352521824 36.9446659309 37.1681792822 37.2226111468 37.3840598981 36.4070147967
36.4044182988 36.9789005911 36.0503001173 37.1777773663 36.4429447527 37.0866921847 36.108499115 36.3801868554 36.0629180421 36.7761245813 36.3025368232 37.0243523606 36.0818584397 36.3523723357 36.0270828587 36.6221617334 36.5252324274 36.2947584278 36.6451328503 36.2044000553 36.3637275751 36.1639810479 36.4730211539 36.5344819296 37.1948642671 37.35675924 36.8307833197 36.8801472352 37.3826052913 65.2725255737 60.590570729 60.590570729 54.9515306598 54.9515306598 53.2161219343 36.1969850017 36.8177146087 37.1281875998 37.1074802738 37.3473538145 36.7878482454 36.5731909214 36.6727907191 37.303067449 36.0827833872 36.6813165514 36.9116089973 36.3410830617 36.5601678443 37.0473652454 37.0018243448 36.4556235844 36.3129448655 36.1427153365 37.1043788902 37.3672711876 36.25356262
36.9570975205 36.1016338063 36.1611499904 37.0229442468 36.4902363569 36.3007417175 36.3486304681 36.6284956353 36.4849149015 36.4187216707 36.4885720231 36.1664581379 36.9301343367 37.3911659158 36.3515006822 36.4758706696 37.2170960333 36.8514303792 36.5772495977 36.8851900415 36.8008936939 36.4477627675 36.3749541584 37.0435552443 36.5381926067 36.5783345771 36.264385225 36.3144287408 36.4142588638 36.7747913781 60.590570729 60.590570729 54.9515306598 54.9515306598 53.2161219343 36.5304364814 36.6379682345 36.4074029927 51.7415768673 36.5181464564 36.4206077338 37.2422065768 36.9991265468 36.2071847082 37.0631230895 36.6266644984 36.7191591813 36.8451361778 36.973460326 36.6871786529 36.2104785679 36.1048851034 36.3663456424 36.3282017453 37.4117069944 37.1245267269 36.3543359765
