Spatial_Output/BAU/BAU_0698.asc
NCOLS 155
NROWS 192
XLLCORNER 196769.923733
YLLCORNER 449719.875193
CELLSIZE 27.603701
NODATA_VALUE NaN
[rows 0 to 22 of 192, columns 0 to 52 of 155]
44.8455783933 43.1867028288 65.2075366818 65.2075366818 43.6664005838 0 0 0 0 0 0 0 0 0 0 0 0 0 0 0 0 0 0 0 0 0 0 0 0 0 0 0 0 0 0 0 0 0 0 0 0 0 0 0 0 0 25.004766211 25.1421862315 26.5127091426 28.8912647126 28.3459835883 28.5192918401 26.4108730063
0 42.4372930044 65.2075366818 56.4930143417 56.4930143417 46.4993830473 46.1387873887 0 0 0 0 0 0 0 0 0 0 0 0 0 0 0 0 0 0 0 0 0 0 0 0 0 0 0 0 0 0 0 0 0 0 0 0 27.0807659887 26.0188068269 28.1759861031 27.1789446573 26.8231142976 26.4281167338 27.8469030114 27.4800678726 26.681476135 28.2055529592
0 0 43.6664005838 56.4930143417 56.4930143417 47.630930629 47.630930629 48.3157016322 0 0 0 0 0 0 0 0 0 0 0 0 0 0 0 0 0 0 0 0 0 0 0 0 0 0 0 0 0 0 0 0 0 26.15631889 25.5756253511 28.7644999949 26.6260000551 28.4912509692 26.2741753902 27.742174641 28.4426041971 26.4602106388 27.1038154335 25.8756459547 28.3006758593
0 0 0 46.0492163989 46.1387873887 47.630930629 47.630930629 48.3157016322 63.7755630331 0 0 0 0 0 0 0 0 0 0 0 0 0 0 0 0 0 0 0 0 0 0 0 0 0 0 0 0 0 0 28.7761499855 26.8320401951 27.8984784928 25.0965663188 26.1590362978 28.4480143868 26.0294034426 26.0785518208 25.1667902574 25.2156439377 28.712427083 28.6887715501 28.9196254046 25.3573837195
0 0 0 0 0 47.630930629 48.3157016322 62.6979566734 47.8563598834 62.6622934698 0 0 0 0 0 0 0 0 0 0 0 0 0 0 0 0 0 0 0 0 0 0 0 0 0 0 0 26.577390907 28.4288273761 25.3560076566 25.4065757927 25.5152941282 25.3497103843 25.7328585519 27.7182328615 28.9639624479 26.5047224798 27.9553620984 27.6280089465 25.5229791066 26.6865274126 26.2693063564 28.7252610926
0 0 0 0 0 0 62.6979566734 47.8563598834 62.6622934698 55.5301244806 55.5301244806 0 0 0 0 0 0 0 0 0 0 0 0 0 0 0 0 0 0 0 0 0 0 0 26.9664584833 27.2134014536 27.9413245865 28.1050699904 27.0427873437 28.390080658 25.9066413733 26.9925759588 25.0582639005 25.7535672244 28.8220944576 26.5394882089 28.6364579954 29.2018695118 29.0406498736 29.1345638 26.2861515153 28.0273550192 25.4877641483
0 0 0 0 0 0 0 48.3046884197 62.6622934698 55.5301244806 55.5301244806 64.471701083 44.0633824841 0 0 0 0 0 0 0 0 0 0 0 0 0 0 0 0 0 0 0 27.4410076502 27.736530302 27.6712108416 27.4357090702 25.4677758552 27.9904296993 29.2250939349 27.5221225465 27.7489033699 28.5825731443 25.5701156307 25.6495517597 25.5868301574 25.5307990466 25.0177051637 26.0485226765 26.6181009585 27.4204873961 27.4810913342 25.4471499107 29.1847198879
0 0 0 0 0 0 0 0 45.5221099217 55.5301244806 62.1831778888 64.471701083 27.8244087236 27.795089709 26.8715265953 25.6218410766 27.5423468006 26.55938534 27.3536792564 27.788120393 25.1065317018 27.0605271159 25.0943823111 28.7566544859 28.2365700287 25.1487130149 27.1322335865 27.3292743719 26.7723438331 25.8230200592 28.7108828545 26.8724955094 28.0321901642 28.7820523531 25.2632911072 28.6906009656 26.6332781653 27.6962445553 27.9610895679 27.1264142976 27.5696998326 27.6236346027 27.985252175 26.0579111055 26.2490511045 27.9328454576 27.0603651708 28.1862959664 27.5142017601 28.1213579145 27.206974686 28.8523621454 27.2344175758
0 0 0 0 0 0 0 0 0 47.2393537924 38.3414754035 40.3121530998 48.1727025196 48.1727025196 54.608239545 27.9978864172 25.7623291482 26.3181702503 25.9860463188 26.1582631818 27.1230569445 28.7646595883 29.003686272 25.887268292 29.0176221944 26.1316198497 27.5273093136 28.4428632153 28.8254011137 28.3914915178 28.1203787281 25.7478258627 26.8784254366 25.20593151 28.8018884825 26.9906277819 25.7024711388 25.0098211249 25.6265120136 26.8414677088 29.0889803338 26.2585327043 28.1761427204 28.2749329841 28.4480449905 26.6180124557 25.9848752972 26.392664326 28.9282922858 25.2450171004 25.5244999536 26.7925343446 26.882119259
0 0 0 0 0 0 0 0 0 41.892771943 45.3309529418 40.9626145187 48.1727025196 48.1727025196 60.1501070758 60.1501070758 27.9415572749 29.2064191494 27.3494278121 28.9091298902 28.2449780661 26.4876650495 26.9588497282 27.9625754503 26.2123755295 25.0276730611 26.9875231612 28.6068890816 25.7404276101 28.389882673 25.5854995767 27.6449286129 26.8284410941 27.4050775591 25.463205593 28.630885262 26.4929937342 27.0613696345 27.3306987606 29.1436785335 28.0779047181 26.2483397611 28.7153805455 28.6615966702 29.1599737524 26.7091405972 26.046191566 28.2431650842 27.3707216076 25.0356156234 27.4610274377 27.1195574597 28.6207828819
0 0 0 0 0 0 0 0 0 43.094894624 45.6185252901 38.8415693366 48.1727025196 60.1501070758 45.1346418786 45.1346418786 36.1427516945 27.8522106662 26.9140454641 25.7453255697 27.495784914 28.6818279235 27.508297497 25.0672636504 28.3847388134 27.3313013018 26.3973656489 28.1326586761 25.1831027417 25.0508074885 26.3111812279 25.6838318328 25.4877737888 26.3820614637 28.4602774072 27.1453046119 28.0166553815 25.2798977348 29.1591713142 27.8020920807 26.5212403775 25.704632252 28.5502358101 28.4523141022 26.9089691984 27.0154731127 25.7371639954 25.017351122 28.3455443634 28.6162819153 27.6761029778 27.2349250951 27.2090133728
0 0 0 0 0 0 0 0 25.9793746442 26.4638762103 29.1901669768 25.3256072533 27.4138001776 45.6630938977 20.1035224915 20.2966952263 20.2966952263 51.6560288749 27.4408932217 25.9835536309 28.3534173635 26.1302172799 26.8423475466 26.1128938183 28.2075912691 27.9392870765 29.2109598746 27.0434161791 27.4044912544 29.0027293738 26.1814133114 28.292525421 28.3734744247 25.7503225304 26.3786262045 26.6641153539 25.6851383801 28.4887991167 25.7650637563 27.0558382612 27.5840928416 27.1543553883 29.1524474771 25.947178519 26.0779255509 25.0601017095 25.6777078565 27.8154253154 25.6853937814 25.1027908148 28.5748480218 28.3887726541 27.8928252814
0 0 0 0 0 0 0 0 27.3484237992 28.4783819248 27.2759732596 28.4335530702 27.3381784978 25.2297469215 26.5439251521 20.2966952263 54.1998551665 54.1998551665 37.2966179748 74.434918969 27.4409720674 27.4396964653 25.949102099 29.1842595006 27.4351520179 25.9445663939 27.8728985246 28.1558722415 25.209562363 27.4887884762 27.790572499 28.5142646031 28.9630568657 25.1007291827 27.7966431549 27.2767001379 26.4156933034 28.4401880374 26.0013511044 27.1756058071 26.7218131389 28.7971980801 27.4532524393 25.2149252262 25.1233342432 25.0398748935 27.1455550249 27.9165731171 26.2709017146 25.0473762444 27.4671009324 28.8142982557 27.310662307
0 0 0 0 0 37.6398117051 41.5110877066 39.4208016547 25.4063847007 28.0368820066 25.7935691072 25.106494838 26.8580605965 29.0766897951 25.9817174498 45.7970520803 54.1998551665 74.434918969 74.434918969 74.434918969 60.0732588731 26.2468996425 25.0712887918 28.9947218836 25.7815616262 27.5236425776 25.4870890233 27.8406123123 26.2293736594 26.3300222333 26.431278713 28.0397439446 27.4399482402 27.7470294297 28.3691967127 27.4372366118 25.9704531808 26.2345781456 25.286147156 25.9782983194 28.7846910543 26.846005198 28.8331938094 27.5978036695 25.4612176964 25.5738289427 27.8166702166 27.4399389289 28.178276552 26.9021019251 26.6344893215 28.1940290997 26.9859473459
0 0 0 0 0 43.6542858445 42.098252638 43.1892490151 27.8809837139 25.2276851436 28.7306833362 27.8219316962 26.3771805507 27.8387502639 27.2014319109 25.7487928583 45.5911289885 74.434918969 74.434918969 61.5692619073 61.5692619073 43.4120140103 28.5656584995 25.8590176017 28.2036972139 27.6394566091 28.82799681 29.0417755136 27.9710556037 25.0736194365 28.405892018 27.8737899421 25.4107196512 28.36274172 28.5734146049 26.4114728922 26.3505105435 27.9399406529 25.8950903537 26.530051134 27.4190360397 27.4153234443 25.2719824006 26.3736204968 25.1039482778 26.3263339508 28.2966092282 28.1061976585 29.1250478242 28.1554739349 28.6782887289 26.7191946837 25.5045002226
0 0 0 0 25.1325654226 35.3201179276 44.4239565967 46.1486265306 29.0907574238 26.3468167136 26.8914127517 26.7254637589 28.0149847459 29.1720215849 28.491885564 26.4380301393 25.3032365802 25.8974559277 26.5856657083 54.4790652433 43.4120140103 43.4120140103 55.47342685 25.3463660436 28.036206122 26.3635414423 25.863393585 28.9786721274 26.3369683399 28.5014585342 28.2451045729 28.0127147688 27.671672581 27.8255142619 26.6245817359 26.5937132528 28.6405722711 25.9035396643 29.0174064606 27.4954570098 25.5038671521 27.2044094649 25.6919050076 28.5505813008 28.007299301 27.7127019644 25.7738499743 25.7582801598 27.08062452 27.3291983915 26.154088586 26.3790305429 28.6838076859
0 0 0 25.4522916335 28.6909180958 25.1965743214 58.2783639176 40.979589546 25.4114838001 49.8599404032 25.3363737242 28.2044127521 28.3727307794 28.4639328442 26.2278938521 26.7560477801 26.566840792 25.1633282837 26.7973403673 27.2537335695 43.4120140103 55.47342685 43.3840369062 56.5081083466 28.064535742 28.4461583625 25.2964575741 27.691166527 26.1754737708 29.0636379908 27.7700892525 26.3159500167 28.1588011182 28.8718453918 27.3173076197 27.864253428 26.8959400839 25.0549357083 25.4160579483 25.5290664286 26.7615330485 29.2314177473 25.906433109 28.561987847 26.0733223934 26.3820438098 26.672966475 27.2685814582 28.0589085287 28.4247475062 27.4374496253 28.9997143075 27.0959286163
0 0 27.7692613463 27.567684256 28.445591928 25.8067814822 28.6896027094 27.7691380186 57.6586614087 26.2727567689 27.7381283741 27.6324866876 25.7649853013 25.927701011 26.999555604 26.8743576437 26.862322389 26.7003120814 26.6546605219 25.4302586629 48.5634041491 55.47342685 56.5081083466 56.5081083466 74.7164798583 25.4031796357 28.1526893753 25.6890895675 28.240274494 27.0298397403 28.5360692941 25.4296209399 27.8065652222 28.8863523474 26.3272604535 26.9672873483 28.5774906359 25.6810223716 28.7698862198 27.1906366214 28.4484794607 28.1794616516 27.4834822644 27.0106757001 25.496624476 27.0615868017 26.1146317653 29.1988290801 26.7180073568 26.9241023784 28.7840490534 27.6913765416 25.6748794771
0 0 27.5160932746 25.3645892807 25.5191424208 29.2300329887 27.4405153191 27.5455033744 57.6586614087 57.8874476335 41.7369410219 46.9079018167 28.3380194935 26.5556112558 29.1772108018 27.9412323604 25.8713557863 28.2895119897 25.2681836685 28.0608426724 26.3384770619 28.7285404676 56.5081083466 56.5081083466 53.5057942235 53.5057942235 59.1385944291 28.5043488123 27.7098449585 28.5786804323 29.2405256289 29.2312467627 28.4301532486 27.3251791146 26.0143856559 27.2505173217 27.4354810533 28.6353588863 25.2930430886 27.1424561196 28.5056759538 28.8146856728 25.0851775534 28.0201426983 25.3246838033 29.1442273076 26.6145070933 27.8880625507 27.6098877412 26.1914525515 25.262546655 28.9548443074 26.672905492
0 0 28.4962724771 27.639552915 26.8928626499 28.6997036427 28.6648601776 25.9491384072 27.7231149746 41.7369410219 41.7369410219 46.9079018167 26.6481634052 28.922295432 29.0667910109 25.9168597409 25.0730483899 25.4569600509 26.4961853212 27.5751392278 28.6376064422 27.5315990813 25.5008130952 28.8642246329 53.5057942235 53.5057942235 28.1812776875 27.4099120712 27.7161289813 28.9463120146 28.3453907155 25.7933006146 25.3109834388 27.0769622933 26.8867460928 28.537331209 27.0384271257 29.0879039853 26.4820178344 25.330147099 28.1388168017 26.4482727015 25.3400521217 27.3428343335 25.6129013778 28.0193305688 25.6589167488 25.0489998687 25.0175161624 27.6528583352 27.6613625376 28.5527003743 26.1988724125
0 0 27.8932474107 27.3482093083 26.1742843409 27.2488426385 25.6919675965 26.3351023036 25.5195417634 41.7369410219 41.7369410219 46.9079018167 63.7859430856 50.6291102294 26.2654150089 25.3070458738 27.704404689 26.7125964227 25.9923959246 25.733257758 26.8392232536 26.5407732599 25.1208312897 26.4543180431 53.5057942235 59.1385944291 25.9872356133 45.5771910283 45.5771910283 26.7433536934 26.3013530761 26.8048919164 26.3259640311 25.0507993834 26.3829667116 25.8308783231 28.3949161882 27.7011653532 29.0955193327 28.1249008299 28.3150839989 27.7211529305 28.5731401158 27.0067422549 26.078077247 28.9160107038 28.0847460069 25.200423484 27.633486659 26.065574801 25.6236608996 28.9527607216 26.839936719
0 0 28.7054772309 28.342518492 25.6502257404 29.1614264224 27.2643765519 25.1952880153 26.1729515368 27.0339104519 29.1583724329 63.7859430856 50.6291102294 50.6291102294 49.5981856387 62.9478963542 26.0719627358 28.2608167872 25.8402986629 27.5183477865 27.7694319794 28.9359188324 26.3212618111 28.3695617056 26.1093587362 27.5000212854 45.5771910283 49.781211441 45.5771910283 26.4956806641 28.1823385294 25.4286753856 26.4018718516 25.3089288464 26.4344791034 26.2556251704 26.6560702717 27.6821207531 27.6577669952 25.2854675354 27.666190103 27.8082738445 29.188976741 26.0963909971 25.7281019476 27.7437676711 26.6160299103 29.0119794112 28.4310354453 28.0737894397 25.4794384527 27.3802245364 25.1346917012
0 0 28.1776760961 28.8032760566 26.4434074686 29.0200514834 28.3658886775 28.631756252 28.8484995137 29.0154101455 27.9399424359 63.7859430856 50.6291102294 50.6291102294 62.9478963542 62.9478963542 62.7976246294 26.6460727187 28.4182371543 25.1618090149 28.8250041787 28.3829940664 26.13625222 26.3703905861 29.0303283067 28.7646382947 49.781211441 57.255137041 49.781211441 28.3285041298 25.1928402498 28.2925648341 28.5873552996 28.9045772612 25.3447288875 25.8905749822 25.2400752164 27.332257134 27.1971732808 26.4820705253 25.8674321134 28.571715836 27.20170974 28.0565378985 25.8056642865 25.9140363906 25.5571165048 26.0854245882 27.6228071699 29.0576148642 28.9889118463 27.3163171065 26.9352942498
