Spatial_Output/BAU/BAU_0222.asc
NCOLS 155
NROWS 192
XLLCORNER 196769.923733
YLLCORNER 449719.875193
CELLSIZE 27.603701
NODATA_VALUE NaN
[rows 0 to 22 of 192, columns 0 to 52 of 155]
66.5688491456 66.5688491456 60.7989658785 77.4390075257 77.4390075257 0 0 0 0 0 0 0 0 0 0 0 0 0 0 0 0 0 0 0 0 0 0 0 0 0 0 0 0 0 0 0 0 0 0 0 0 0 0 0 0 0 46.3770364299 47.0656869566 46.3386903903 46.4432166109 47.3447643198 46.1037509596 46.3484310259
0 71.6673027489 77.4390075257 77.4390075257 77.4390075257 54.0529033058 72.4650096594 0 0 0 0 0 0 0 0 0 0 0 0 0 0 0 0 0 0 0 0 0 0 0 0 0 0 0 0 0 0 0 0 0 0 0 0 47.3125129973 46.7595367342 46.9261414139 46.0956687667 47.1839744612 46.1977598409 46.6884731933 46.7246728696 47.353513599 46.5975435611
0 0 51.3775326671 77.4390075257 63.8018263071 62.13726236 62.13726236 63.002536496 0 0 0 0 0 0 0 0 0 0 0 0 0 0 0 0 0 0 0 0 0 0 0 0 0 0 0 0 0 0 0 0 0 46.8947113865 47.3635492717 46.3702709122 46.0859158654 47.049840679 46.0482984698 46.5712682682 46.3533680284 46.8209504907 46.1564469361 47.3523076126 46.1923739389
0 0 0 64.3184730368 61.6950487868 63.002536496 63.002536496 63.002536496 71.2088646105 0 0 0 0 0 0 0 0 0 0 0 0 0 0 0 0 0 0 0 0 0 0 0 0 0 0 0 0 0 0 46.0361366381 46.3153721334 46.4794577243 47.0181005028 47.335515254 46.7128987115 47.2295558809 46.691016679 46.1330750699 46.9105012345 47.0459120918 46.118733733 46.3956853399 46.0085194575
0 0 0 0 0 63.002536496 63.002536496 71.2088646105 77.1841460018 77.1841460018 0 0 0 0 0 0 0 0 0 0 0 0 0 0 0 0 0 0 0 0 0 0 0 0 0 0 0 46.4823313265 46.9184893296 46.251047271 46.0841938056 46.4266070612 46.3165497392 47.0118158304 47.3400803464 46.6460494055 47.2050689483 46.8707113687 47.343738675 46.2162211334 47.019307862 46.0300866439 46.1094244125
0 0 0 0 0 0 71.2088646105 71.2088646105 71.0167871576 71.0167871576 71.0167871576 0 0 0 0 0 0 0 0 0 0 0 0 0 0 0 0 0 0 0 0 0 0 0 47.2112033113 46.7229729027 47.1132556217 47.0795932356 46.3146538964 46.8051491359 46.9617738023 47.1539959308 47.4056811991 47.2085723615 46.753686401 46.1005069794 46.6838669413 46.489857867 47.300985823 46.4850478826 46.7989370097 46.7806877747 46.2332984321
0 0 0 0 0 0 0 52.4845069731 71.0167871576 85.0519730214 68.0211009185 68.0211009185 72.8373283153 0 0 0 0 0 0 0 0 0 0 0 0 0 0 0 0 0 0 0 46.3887016167 47.1850159508 47.149282916 47.2887677525 46.513473415 46.261583779 46.5995941049 46.1931238907 46.5182873813 47.2239223449 46.1626759692 46.4835923718 46.4794012903 46.6039957657 47.0965486855 46.7809840143 47.1315668746 46.577909332 46.1111531586 46.266455745 46.4135153492
0 0 0 0 0 0 0 0 85.2233695739 85.0519730214 68.0211009185 68.0211009185 67.5466298927 63.1630383566 46.8169745318 46.3406997756 46.3773194422 47.189476015 46.0043872641 46.8275159455 47.1984957949 46.2010480429 46.3094467025 47.2705987725 46.6948893949 46.770661142 46.0135759078 46.1568482705 46.4635719709 47.186028123 46.3835489803 46.5756565246 46.6018790294 46.9600530964 46.2142920955 46.9502523461 46.7504090326 46.9683469984 46.3889056587 46.0686162035 46.9034184136 46.9498826113 46.0730752513 46.1549887464 46.5795926216 46.284700863 46.6466050042 46.5888932718 46.8035196249 46.4285612022 46.695780017 46.7539835154 46.6438546112
0 0 0 0 0 0 0 0 0 63.9472159939 70.4960466299 69.8926984 53.3301732912 53.3301732912 46.147458711 47.3290571311 46.2105016474 46.5770997172 46.571247298 47.1924746874 46.5772007205 46.4623853135 46.8540752584 46.9198694923 46.9559075081 46.6376208179 47.3393126766 46.6388468972 46.8768704233 46.5683512276 47.0334226122 46.9323423909 46.309498749 47.1291592026 46.7774417229 46.3884633045 46.6117374613 47.1434480141 46.0209841204 46.9629234569 47.1263153558 47.3240876651 46.0170936173 47.3983198854 46.6106273974 47.0666155882 46.1995852487 46.273470633 46.8167360075 46.1911730874 46.6338170345 46.1858847638 46.3647689547
0 0 0 0 0 0 0 0 0 75.5116816307 70.1841422576 78.8254237488 53.3301732912 62.163040358 79.0023154001 76.4097929092 46.780926509 46.2997692424 46.9337764663 46.6259247682 46.9566850565 47.0612194465 46.7165741056 46.4678709398 46.2149775411 47.0695208845 47.3385540671 46.039028895 46.8956500171 46.1912117558 46.2584922071 47.1716746935 46.411043076 46.5704984436 46.4113477761 46.1300988501 47.1820991347 47.4023963943 47.2728291578 46.5504037085 46.0721609768 47.2179195837 47.0776392464 47.3256022467 46.8203880169 46.367549118 46.452293961 46.2180240472 46.9721218378 46.6235840097 46.7428086429 47.0183117648 46.4371829135
0 0 0 0 0 0 0 0 0 63.7461599342 70.5415223755 73.5986698061 62.163040358 79.0023154001 79.0023154001 47.2265859953 46.0825606648 47.1300352121 46.5164256468 46.9638423961 47.3172485201 46.9569373027 46.4751613041 46.4251760728 46.2104124024 46.5705959346 46.5464673122 46.6960409194 46.0493545344 46.7261688024 46.0828055979 46.8178098719 46.5304462356 46.4401827062 46.1118261133 47.1396458298 47.0149291048 46.6287726965 46.7801935703 46.956009755 47.0605114732 46.634210552 46.4920974611 46.9259187604 46.6155122608 46.8798769525 46.1989420393 46.057116594 47.275671913 46.9137006036 46.2083510448 46.0367371769 46.4641238563
0 0 0 0 0 0 0 0 46.9356583094 47.1387240909 46.5805455483 46.3375124867 47.3614482733 53.3392381394 33.8644860692 33.8644860692 33.8644860692 78.3628686512 46.4141530807 46.791267986 46.9889857043 46.3555261905 46.9748915111 46.8828503993 46.9799294107 46.425797251 46.825708338 46.4722049233 46.1286005317 47.0817411374 46.710063159 46.5713323786 47.1867185088 47.3272578279 46.4885832009 46.7889599655 47.4013473247 46.2109570777 46.2995984357 46.821077365 47.3590676797 46.6934754939 47.3404602147 46.7998609296 47.3389006558 46.8192760736 46.0099625296 46.4758639557 46.2343813338 47.0914751469 47.0801044562 46.4815745628 47.3833650785
0 0 0 0 0 0 0 0 46.8086407356 46.5884339763 46.0690156516 46.9152664718 46.3845630407 46.2475840405 46.8370896336 33.8644860692 59.208883652 59.208883652 87.9705567547 46.0651653118 46.2913980029 47.1378002925 46.3741749301 46.6908509114 46.2626340021 46.1322363526 47.0502554909 46.1875813178 46.522279727 46.5062804738 47.2871904354 46.7823799048 46.6724574168 46.9600130701 46.4937830925 47.0275835271 46.9747282833 47.2970396345 47.3027890101 47.3181035344 46.5091746994 47.1229575953 47.0956753583 46.3799308881 47.2048646589 47.0604454125 47.189061751 46.924221679 46.0552787949 46.5793288319 46.2269102714 47.1008674003 46.1430550814
0 0 0 0 0 69.7032852667 79.1563115404 64.6911804794 47.1885736239 46.5760058374 47.0987395633 46.5285232488 47.0471370011 46.8463523187 46.6822787306 56.7602986578 59.208883652 64.9055972072 64.9055972072 78.3687202181 65.9035496189 46.350432565 47.1958715327 46.4148075429 46.6669000009 46.4573895194 46.1699555847 46.0847416853 46.1090660828 47.1475870886 46.2656357867 46.5629578808 46.5347635621 47.0033257184 47.2319646442 46.6320216668 46.9664638941 46.6187224408 46.2205162646 46.4379274529 46.3093910655 46.3416660954 46.1486000158 46.2164435029 46.762890411 47.2948459685 46.5135004534 46.2371206044 46.3923068198 46.8570766286 46.0101265609 46.5352625032 46.7102609821
0 0 0 0 0 77.9043958837 64.9851077473 72.4366463238 46.3632420597 47.1016624637 46.2883384565 47.1037582661 46.603908475 47.0450086241 46.5262789233 46.6686707593 78.2890549934 64.9055972072 65.9035496189 75.8996266978 75.8996266978 75.8996266978 46.2573080363 46.5769227201 46.409277169 47.0407286661 46.5967480194 46.82876753 47.1835559807 47.3717347976 46.5491093145 46.0749218886 46.6017805587 46.4005269538 46.1374176896 46.0381273995 46.7455903335 46.8873758383 46.2558201491 46.0797890212 46.7665279955 47.1720817533 47.1336899105 46.4638487583 46.6771836951 47.1311808012 46.2627388499 46.5488037779 47.1588524892 46.4116728386 47.2184406451 46.6306214944 47.0636727285
0 0 0 0 46.4271131515 79.1328114124 71.5071441894 68.7123267728 65.9515080272 46.1917219296 46.1294133837 46.7481608228 46.3158074213 46.6008163652 46.1321326272 47.2588076576 47.332165785 46.8875457996 46.7807706765 75.8996266978 75.8996266978 59.1419798093 46.6780186616 46.1680828356 46.1970127557 46.2360190226 46.6216239117 46.6041806841 46.3661872868 46.0300450963 47.0205443666 47.1390886709 46.6640517399 47.3667872936 46.7449934157 46.6463048606 46.7728386052 46.900477 46.8148099243 47.1745738534 47.4130056011 46.3799794461 46.3363458551 46.956644339 47.0122128775 46.4248264343 46.9426968702 46.6398626701 46.8613561623 46.6189837814 46.4057491662 46.640833614 46.8656028901
0 0 0 46.1415263801 47.3708579613 46.3294693687 65.9515080272 65.9515080272 65.9515080272 47.1187536334 46.1959235801 46.9725539392 46.049033847 47.3419718948 47.0942156237 47.2291703409 46.749970756 46.6495412783 46.8332878943 75.8996266978 59.1419798093 59.1419798093 73.9368269901 73.9368269901 47.0391736905 46.7637338952 47.3085669554 47.0152980035 46.4397541366 47.0058072981 46.5497584082 47.1255937942 46.2237985146 46.7749628179 46.492096595 46.8125492065 47.0165805245 46.542795815 47.3901395542 47.3398884435 46.323109795 47.3957498884 46.3693859734 46.2788638378 47.2589256253 47.2847214191 46.8954179552 46.1118117446 47.1509344388 46.5788861513 46.8791850008 46.5474667869 47.2935806541
0 0 46.7156318796 47.093297811 46.5328720535 46.9054217326 65.9515080272 65.9515080272 65.9515080272 87.9327763883 46.1747601393 46.0941680961 47.2509543953 46.6026174289 46.1264830681 46.3524687338 46.4875335895 46.2659978339 47.3994509175 46.3789572287 46.1603319336 73.9368269901 73.9368269901 67.4185222441 67.4185222441 64.3222432726 46.6831241866 46.4949109456 46.7017151242 47.1184234095 46.1762178465 46.9770152958 46.9225485678 46.4360767352 46.3787251195 47.0628442356 46.0830293587 46.9213094633 47.3346572491 46.4003754399 47.2174709673 46.1693061462 46.7999572641 46.9226685945 47.2819695017 46.3107748408 46.9669866597 47.3922425194 46.380559596 47.3338047443 46.1721846845 46.7020908073 46.1694251356
0 0 46.2728171944 46.2902453052 46.6378918987 46.3482376463 46.845794388 46.9937876637 87.9327763883 87.9327763883 46.0156961463 46.4930240308 46.1353043413 46.5967931573 46.7978354391 46.8664525135 47.2934503677 46.0798910003 46.836428268 46.2848438461 46.2753512457 47.3334502559 82.3378242918 67.4185222441 67.4185222441 58.3744475549 58.3744475549 47.1082091363 46.1177465691 46.3396991597 47.3440948078 46.1995887625 46.5188479219 46.1304527098 47.3014580999 46.9087014435 47.2182052181 46.7663633754 46.5775799159 46.8435765808 46.6412528785 46.4739469859 47.2924035524 46.5667508193 47.01280084 46.8111226036 46.9756930698 46.6251434661 46.1625791972 47.1948588262 47.4117779693 46.0553338539 46.1597185225
0 0 47.0593684457 46.4914319716 47.1802749521 46.9632758212 47.2886428752 46.2121915751 87.9327763883 87.9327763883 67.6621745793 83.3964538354 47.4080445264 46.9946355835 46.7579406483 46.8760766253 47.2826491208 46.732883443 47.1612597406 47.3057809181 47.359660937 46.3921150379 46.389323735 67.4185222441 64.3222432726 58.8764021977 65.0618107239 65.0618107239 46.7013756246 46.7293996994 46.4459533394 47.149731549 47.187512299 46.159754636 46.1942229141 46.1245414159 46.5710830534 47.0660939929 46.1647032769 46.723553632 46.8699729662 46.4083981062 47.3979823482 46.3959955309 47.1366669139 47.3923051976 46.2790584369 46.5213345483 46.8217161948 46.0221505697 46.6897896864 47.134057146 47.3969303373
0 0 46.3232206463 46.8979392971 47.0909192066 46.6952964433 46.8079640953 47.082080783 46.6375483861 46.1943077249 46.9156997487 61.9779353696 61.9779353696 61.9779353696 47.4074230682 46.0602445333 46.6540860575 46.8089578939 46.6532836384 47.0896439351 47.4082346112 46.772859593 47.2743169699 46.1133253973 46.8181791088 58.8764021977 65.0618107239 65.0618107239 90.8844261432 46.4391461543 46.2899136679 46.2832230256 46.5603889561 46.6872787985 46.275434143 46.8483765656 47.0390899258 46.8296008706 47.319906618 47.2633271471 46.9046063814 46.6100408188 46.6669263758 46.5614704103 46.2882852389 46.6259102056 46.4052735073 46.5283310666 46.5275754534 46.9536047239 46.6840984649 46.3004142928 47.2675504698
0 0 46.3529533505 46.8754007899 46.626660885 46.7034552546 46.6885998403 46.3471859647 47.0321727166 47.3496389069 83.3964538354 61.9779353696 61.9779353696 61.9779353696 47.2142515916 46.298629937 46.6333846577 46.4730427956 47.0148234941 47.0105311049 46.1577282612 46.7689729426 47.0281500038 47.2435108654 46.5893786966 47.2662682021 65.0618107239 47.3729301237 47.090827852 47.299799731 47.2978220493 46.2343336138 46.7354255314 47.3540089985 46.4266438346 46.4905945638 47.0002882087 46.1255246484 46.0002694424 46.4206737558 47.3204185064 46.2677921164 46.5816547603 46.05611017 46.9503612662 46.3615500279 47.1481431686 47.1677103134 47.2056763185 46.6440397366 46.8539091262 46.6642007304 46.1590986883
0 0 47.3618741024 46.0026216503 46.9024258707 46.3431746886 46.8387612181 46.1617310644 46.0264144793 46.1821018888 46.5065354998 72.3760982297 61.9779353696 72.3760982297 47.1027550837 46.0538504079 46.6626932043 46.5883033023 46.8556408003 46.8995332626 47.052338016 46.7184413895 47.3301723691 46.6097415671 46.4836966005 79.7355887118 79.7355887118 79.7355887118 47.265710589 46.6614405989 47.3112840201 46.1172724494 47.080584984 47.4129552992 47.2352874585 46.9346743598 47.2655772831 47.4128071677 47.2381075926 47.3939154404 47.123042449 46.3197114139 46.8317244755 46.6004429803 46.3825497611 46.8679725518 46.3335922385 46.7516588602 46.754079847 46.5655998554 46.7990599035 46.9291461965 46.3096700946
