Spatial_Output/BAU/BAU_1022.asc
NCOLS 155
NROWS 192
XLLCORNER 196307.867259
YLLCORNER 449144.565805
CELLSIZE 33.573938
NODATA_VALUE NaN
[rows 25 to 49 of 192, columns 56 to 111 of 155]
23.1705336481 22.8756040152 22.7840442443 22.8418951159 87.2528667532 87.2528667532 44.5446029761 44.5446029761 53.2314046086 46.0472828467 46.0472828467 23.1555594131 22.8472305902 22.6006730861 22.553003395 23.1437683841 22.7280666235 23.1730519016 22.7799351052 22.5753277569 23.0484425648 23.1540394014 23.0599216133 23.1907271847 23.0626935061 0 0 0 0 0 0 0 0 0 0 0 0 0 0 0 0 22.9278988239 22.6803260939 23.1824763649 22.5204331538 22.9556831634 22.6094949635 23.0886021794 22.8170104177 22.7660562604 23.1805010664 23.169183409 22.9324933413 23.1291022391 23.1636254196 23.1821724515
22.7618554041 22.9798987738 23.0883421005 22.5451503352 22.8148134991 44.5446029761 56.8392272847 56.8392272847 40.5160266155 22.7642264635 50.8037643771 50.8037643771 22.6852014402 22.9812705527 23.0435113771 22.7873459348 23.0175157437 23.1319608727 22.9013435468 22.9160897603 22.9894547849 23.0575311434 22.8125527113 22.5693427374 22.6039310192 22.5028447551 23.15213467 0 0 0 0 0 22.6396794966 22.7637264558 23.1791714539 22.5208836709 22.8922863339 0 0 0 0 22.7790710901 23.158491407 22.60982114 22.589284354 23.1759464945 23.2045791385 22.652925281 23.2040084389 22.5766718629 22.6971309726 22.7173318141 23.1338745896 22.8614680084 23.0253066892 23.164241088
22.994883617 23.2060790993 22.9179305473 23.1414000348 23.0438090434 49.9396889004 56.8392272847 56.8392272847 56.8392272847 51.1555468146 22.8858040743 22.7700559126 22.8622107526 22.7150277572 22.8566064352 22.73418958 22.6116020622 22.5210697843 23.0824631725 22.5404563589 23.1973317609 22.8388903312 22.5014681137 23.1280670324 22.5180816103 22.699238462 23.0640900796 22.8958120351 23.1845159384 23.0711274283 22.9624557809 22.8520368592 22.970258683 22.7829086867 23.1829149156 22.5945994791 22.6324439399 23.1862500808 22.7004505441 0 22.6565170935 23.1684168999 23.1083997415 22.7825196993 23.0847885548 23.1408722561 22.7810951478 22.5473866233 22.5137105291 22.8035502307 22.9344379385 23.1773290236 23.0760463036 23.0298878574 22.8733748861 23.1729871817
23.1058407723 22.7688011887 22.5973838015 22.8460495061 59.6795179461 59.6795179461 59.6795179461 59.6795179461 40.5160266155 43.0354731154 23.1698375439 54.4774013122 54.4774013122 22.8355203774 22.7898630648 22.8354780405 23.0554517117 22.5851306286 22.818923337 22.5573295378 22.9456068336 22.7489786905 22.8466324136 22.6496627399 22.5957853682 22.9810269262 23.184219423 22.900927737 22.7456438827 23.0321545735 22.7100092638 22.9506980337 23.1868385892 22.7631714059 23.0495392752 22.5045889315 22.9079553133 22.9834562476 22.6613392117 22.6964196948 23.0024431448 22.7792761524 22.5272499264 23.0809391887 22.5842530569 23.1727255404 23.0985858052 22.8387509782 23.144567265 22.9822813569 23.1260354133 22.9814596826 23.1806004324 22.8646209032 23.1952642051 22.8283407395
22.501453951 23.116316226 22.8020604591 22.9213146805 43.0105527951 59.6795179461 59.6795179461 22.8467196369 22.7235671668 22.7623013567 61.3921841678 54.4774013122 54.4774013122 22.6121912856 22.8460207959 23.043486029 22.9340659386 23.0648203349 22.6004887934 22.9275813741 22.8943360678 22.6138729961 22.825823087 22.8296852357 22.5450340611 23.0642016807 23.1692364887 22.885410954 22.9948686385 22.9918998505 22.8490340838 22.5744483317 22.6422243098 22.7423766119 22.8341979545 22.6183764832 22.8713443691 22.9487778751 22.6923074646 22.6433732287 22.6126267169 23.1366993309 22.8843129474 22.561171615 23.002775896 22.740360497 22.5686573625 23.1444936026 23.0382113233 22.9840396806 22.9564478105 23.1592526944 23.0052384498 22.7602233877 22.6268867085 22.6402707439
23.1970340882 22.9505989633 22.6985853644 23.1604291536 22.7683929475 43.0105527951 64.1734895403 22.6227330577 23.1494861962 22.8214111225 61.287274367 61.287274367 22.8345203336 23.1709046941 23.1765540269 23.1687736333 23.1052213877 22.8355124411 22.6566211877 22.5818246359 22.91938993 22.8563054736 23.0561352019 23.1993022829 22.9742032918 23.1892860037 22.9727538725 22.9420169205 22.8878239103 22.8949521822 23.1538965149 22.66708201 23.1909010628 23.1244959709 22.7314803597 23.1351983311 22.7909398213 23.0299652349 22.6272767245 22.6958193972 22.6509418364 22.730035162 22.5908583244 22.5533017748 23.0757240195 22.7920267559 22.6473841954 22.8923415218 22.6277296314 23.0574900649 22.9880343517 23.0522517623 23.0655471513 23.1049898533 22.9395081793 22.8295868825
22.867018436 22.8173239163 23.1206673296 22.5063345358 22.8945170396 64.1734895403 64.1734895403 55.61644247 22.5688534226 22.5690159456 61.287274367 61.287274367 22.8795197344 22.8510159649 23.2003978964 22.6482540613 23.0233374628 22.9882774199 23.0515279157 23.0113858842 22.6492840645 22.9423378346 22.5677347736 22.6639516821 22.5109533044 22.8619957062 23.1567482211 22.5425302926 22.7397494461 22.8731020057 22.5734635406 22.7289614527 23.1267546701 22.9392498571 22.8150174796 22.5617201181 22.9653028768 23.0293846149 23.0834116113 22.5114197207 22.6136681203 22.9546459985 22.9356473371 22.8723002852 22.7232351103 22.9549034489 22.5685019946 23.1228279157 22.6350819787 22.8072630429 22.711638726 22.8679292081 23.0389497022 23.0252272255 22.7597248647 22.8076501393
22.9488220721 22.9006203672 22.7576671694 23.1146968282 22.8335540545 22.5980723014 55.61644247 55.61644247 23.0413015978 61.287274367 61.287274367 23.094209873 22.8957574493 22.5871231587 22.7682169985 22.8364273754 22.9899349151 22.6950118355 22.5640091741 22.6829143534 22.9968063263 23.2031848672 22.5546102198 23.0567987835 22.7991469676 22.8635998565 22.5080762183 22.9407479047 22.9384903628 23.1738433117 22.9588692028 22.6807926343 23.1280560531 22.8656032444 23.021817564 22.9302651601 22.5056763779 23.2019742116 23.0429668982 23.014621611 22.9699275923 22.6024836308 22.6323067323 23.1551220333 22.7297931771 22.6137774229 22.9290100988 22.6268434878 23.0786118412 22.6703348499 22.5919581318 22.6422708602 22.8084669737 22.8967416014 23.1430341898 22.9705748623
22.912060516 22.8367397631 22.6639082365 23.1071719964 23.0882500195 22.9797129913 45.8793794 45.0639580481 45.0639580481 45.1330001964 23.1108529846 22.7948934295 22.7387210353 22.6884831854 22.5328833647 22.8865038529 22.6077080079 22.5514054068 23.0826777056 22.7470134267 22.8078818871 22.5252924637 22.9074885132 23.0693885177 22.8465326551 22.9564163095 23.1854225176 23.1876886454 22.7678162068 22.7670460028 22.9286885842 23.0161078613 22.8877056367 23.1552587513 23.0971489786 23.2010505968 22.7518966302 22.9023036227 23.1484532246 23.0615821835 22.8273230572 23.1930660631 22.6473324185 22.8526443331 22.5725231416 22.7287915168 22.5617293803 22.5738229656 22.725088981 22.7774936053 22.9472677538 22.768616414 22.9553268629 23.2014822049 22.8497402956 23.1811766819
23.0057903002 22.5977833634 22.631259023 22.6155813081 22.8593636099 22.9363645168 23.1188150599 45.0639580481 45.0639580481 22.524967201 23.1177655006 22.5290658126 22.715546281 22.744221119 22.5595972523 22.7149920392 22.7494410547 22.5876494896 22.6177455917 22.6015695925 22.8074900734 22.537647358 23.1261286193 23.1807053259 22.8725740213 23.1821207983 22.9700351556 22.8569777437 23.0169813473 23.0666129754 22.5090173521 22.6020159899 22.7785727548 22.7641459656 23.1625296414 22.7136958327 22.7690379732 22.7433857585 22.8196256193 22.6739765352 23.1347509542 23.162855405 22.7169799124 22.9133723382 23.0256953939 22.9610032411 22.6336864494 23.0411226933 22.6815142992 22.888309569 22.6290881417 23.0742916588 23.092021797 23.2045299452 22.753958566 23.0417591642
23.0324263805 22.6668005518 23.0067243071 22.9290823966 22.6600737135 22.8485145336 22.6513287689 22.9802036348 23.0270608955 23.0240242984 22.6201580971 22.8708282102 22.6796195314 22.6564142425 22.8343114459 22.7227205437 22.8233347494 22.5145784562 23.108441443 22.5548703488 22.7533103586 22.9730287127 22.9395933247 22.773454966 22.7118136274 23.0069126992 22.5156249493 23.1455746878 23.0174418081 23.0921754048 22.8720197257 23.1265696909 22.897334658 22.9782035949 23.1720939228 22.9681270961 22.5821157059 22.9524149767 22.9208822345 22.9974857011 23.1222188533 22.5876848892 22.745199928 22.5011477616 23.0366703837 23.1701047578 22.8595523206 22.9063323785 22.637522847 22.9523753844 22.9590466395 22.8537003553 22.7204543113 22.9354771952 22.5590461588 22.5146223567
22.7421627839 22.8124137921 23.0880401091 22.9243184097 22.8907061038 22.8131847692 22.5459954011 22.7335876646 22.9852136757 23.1792319885 22.6173161171 23.0860510436 22.6082335963 23.1520031453 22.6500815605 22.9364416911 22.5110215884 23.1421056194 22.5630818729 22.6478658908 22.5589097026 23.0142216541 22.8701962887 22.5561878576 22.5583589781 23.2021369832 22.9834904778 22.5350595637 23.054843245 23.176270994 22.7928378992 22.9428041221 22.6481323789 22.8778572974 22.9853109188 22.8481082317 22.9282559701 23.1501802881 22.9064675627 22.7501006146 22.6809274583 22.9951671978 23.0955835803 22.8343075593 23.178500839 23.1104499932 23.0762034604 23.1401882514 22.7709959443 22.5331578336 23.0793044011 22.5216116963 23.0228909488 22.6089695089 23.1085475275 22.6859706348
23.0484265805 22.9925825291 23.1128982612 23.1550011504 22.6921287245 49.8354677311 49.8354677311 23.1855179018 22.8579044272 23.1511879952 23.0844850973 22.6288667987 22.8051694335 22.9932814128 22.69958816 22.5941973111 22.5769489584 22.5360610195 22.8643069066 23.0359786147 22.9831608993 23.0692508613 22.5337498719 23.136076415 22.8463818579 22.5736054903 22.5181184992 22.9186273171 22.9784032328 22.8909566897 23.1494161294 22.6023182874 22.9518705356 22.6417025659 22.8563981265 22.6535253289 22.6016603777 22.757891156 22.6121004909 22.5333785745 22.5802625523 23.0965194822 23.0330839838 22.7056986159 22.9829018152 23.0068150506 22.8752645203 22.7761217182 22.9492605092 22.9744245291 22.6348187893 23.1065859445 23.1496002719 22.7798612168 22.7122238267 22.7382122647
22.5828200582 23.2022965469 22.8465289467 23.0634551129 22.7293562127 23.0582820553 49.8354677311 49.8354677311 22.7329022949 22.9719673437 22.813116027 22.8538010225 22.7014872845 22.6945056925 22.5719200107 22.6698738223 23.0968551407 22.7205442375 22.8137959961 23.0618885789 23.0941414701 22.7856678074 22.9181022967 22.6361748468 22.7819604476 22.8901948719 23.0918718847 22.9014810542 22.842702776 23.1851097035 22.7745082762 23.0278779333 22.7508864053 23.003489176 23.0845888233 23.0454788219 23.1360815334 23.1502193336 22.5113443071 23.0435741171 22.8285528397 23.1429970268 22.9714302181 22.5375536014 23.0925926825 22.9056931354 22.819607604 22.5727317546 22.7866869642 22.6444296707 23.0952062712 22.7851128498 23.0599261969 22.5477611847 23.1679999576 23.0147002351
22.7576513628 22.574678087 22.9378916332 22.8380820774 22.7584217364 42.3224756158 23.0028618082 22.7283587441 22.8615275646 22.5954885931 52.8204697755 52.8204697755 22.9102864849 22.6749847071 22.8278310797 22.5803415662 22.6775270366 22.6041097626 22.8577483698 22.9831430715 22.7019489395 23.1567112929 22.926437116 23.0425647198 22.6023468885 23.1772867128 22.729896671 23.0617224513 22.8889350179 22.8280104846 22.8948299246 22.5244894232 22.6232570368 22.6101405532 22.8120381531 23.0163584479 22.6382797362 22.523358313 22.888591717 23.1975819253 22.7975531666 22.7291019946 22.9117632448 22.9232335537 22.936198374 23.0542332568 22.5346329436 22.8132290699 23.0674542349 23.1061897119 22.6243477557 23.1932983494 22.6945305896 22.7834697728 22.7968590364 22.9176613377
23.0466672875 22.9511236246 22.534294561 22.8042645828 42.3224756158 42.3224756158 42.3224756158 59.8555525167 22.8877218501 22.8590226225 23.1226134521 22.8302784051 22.6461280962 22.6292111531 23.1766253053 22.6495645958 22.7367708214 22.7089053206 23.08832286 22.5027830556 23.1941295316 22.706792091 23.0764343474 22.7664669489 22.8057193825 23.0302960434 22.9888215841 22.7283603601 22.9477557005 23.1431512639 22.8677390332 22.5107809415 22.5433072112 22.9909978987 22.6343891171 23.125411558 22.697126769 22.6781730883 22.9685262353 23.1308014065 22.7405846737 22.8525568206 22.9554200951 22.608527639 22.5210037568 22.6143438585 22.5913885741 23.0789007698 23.0600668648 22.588744955 22.9907130792 23.1601633506 22.8589406225 22.7245795502 22.8761172211 22.6319570202
22.9462710391 22.8628854143 22.928950017 23.0345159511 22.6822223729 42.3224756158 42.3224756158 22.5576730144 59.8555525167 59.8555525167 22.5610685847 22.9784295226 22.5440446778 22.7889096224 22.6694557539 22.8436486351 22.5519659378 22.6869804851 23.1092083189 23.0539537394 23.0231495426 23.116235951 22.6463558577 23.1720106202 23.189422916 22.5263055672 23.1329119941 22.6193971206 22.5295795342 22.5287160194 22.6676469109 22.9980138 22.9512464702 22.5980366052 23.1630544899 22.6700815155 22.5470992255 22.596662965 23.1209956263 22.9892421559 22.5648151424 22.5203384937 22.5046787829 23.1406465649 22.9733434103 22.612788208 22.745974947 22.579073479 22.5278784257 23.157962294 22.9516813759 22.7957519852 22.9403037787 22.9756234505 22.7678468084 22.6088643236
22.7542013458 23.0659135791 22.5393937166 23.08908604 22.8792634511 43.4871425217 43.4871425217 43.4871425217 59.8555525167 22.9886783736 23.1367044563 22.6988647914 22.8324387561 22.562692081 22.8976119095 22.7366080547 22.9475335037 22.7932819472 22.7201376825 23.012756189 23.0014883363 22.560625928 23.1933435635 22.9199419183 22.7416911256 23.0807856575 22.5641071319 22.8295428327 22.5774454872 22.7547365912 23.0013698665 23.0016851602 23.1372270517 22.9977664112 22.6532676156 22.8569417368 22.6310292264 23.1779799244 22.9973648854 22.8028651636 22.5128673198 22.9488485478 22.5731837718 22.6756529277 22.8306433861 22.7447655802 23.0537297912 23.0081648866 23.0804811932 23.0363633295 22.7030205894 22.9288177832 22.9811931843 22.5582882534 23.0658705696 23.1163364666
22.7212768421 23.0762014566 23.0374053218 23.0363083264 22.9465732558 22.6295283604 43.4871425217 22.928244335 23.1461534737 23.1805840997 23.1391486949 22.6276210705 22.7002078556 22.5303937403 22.9454318623 53.3902385429 22.6285852763 23.0064478783 23.2027659795 23.0271514711 23.0669595068 23.2006532015 22.6278736465 23.0220015165 22.6047456826 22.7598143766 22.5936766813 22.7097072443 22.758641064 22.6379556537 22.7059378766 23.0973533764 22.7461543681 23.1950066773 23.0038775205 22.5227480174 22.6319503342 22.7560402871 22.8597899416 23.1714212421 23.0974465776 23.0836114824 22.7263372383 22.9225949433 22.7159630872 23.0361304622 23.0117048036 22.5315531187 22.6214817432 22.7974672265 22.8486811666 22.5197415153 22.8979847289 22.7880593637 23.0073897912 22.6927686529
23.1243870697 22.5379037533 22.975949177 23.0561737559 22.6667285429 22.610112015 22.5011591457 23.1904082903 22.557970653 22.845485064 22.5941620697 23.0308923291 23.1752085872 22.8593864871 23.1036850921 23.0933397648 63.3242171412 22.7545164768 22.8606809706 22.5778027656 22.909066168 22.9346568634 22.9739402088 22.5327080912 22.6103347748 22.5504459374 22.689796541 23.1250108853 23.0263638485 22.712855406 23.1563277874 22.6529597921 23.0421125878 23.0246639521 22.5896465482 23.0532684208 23.1814768409 22.6186255171 22.5575193124 23.0939917262 22.6721558276 23.058860616 22.8316668602 23.06200048 22.6358701459 23.0410974805 22.7384693531 22.524183153 22.7250063715 22.5962218684 22.5069997762 22.8817215191 23.0162285545 23.0432134378 22.520541627 22.9779440956
22.7392137151 22.8093895742 23.1642042684 22.709248111 22.7188838961 22.6926135758 22.8589772585 22.6944895641 22.704990228 22.7349870692 22.7356504382 22.9941875989 22.8665689645 22.989263629 22.6411353937 22.8967757619 23.18852751 22.5990090465 23.1814332702 23.1466081424 23.0439831478 22.9252515806 23.0808498556 23.1742878869 23.1797814455 22.9674752147 23.1261549346 22.7705173171 22.6576706205 22.7457795513 23.1924133986 22.5836882531 22.900152367 22.5014445789 22.7312598316 23.0057175314 22.52075637 22.876638485 23.1656279749 22.6339343781 23.0691458159 22.979158806 23.0952743104 22.9891692239 22.7658218696 22.5361009217 22.8619779669 23.0874467991 22.9675362399 23.0542732444 22.7042829126 22.8196503246 23.0476908705 22.7540280924 22.9636311208 22.5130510577
22.5765274856 22.5215654041 22.9524848093 22.9530480063 22.6888199633 23.0230890026 71.8449741287 22.8482354833 23.0490524188 23.1177140607 22.7138376833 23.082801486 23.0278145376 22.6742278673 44.6394328143 44.6394328143 44.6394328143 23.0701288036 23.1427319967 22.5784933357 22.6869553956 22.5231172337 22.9569700469 22.6959478989 22.6539966214 22.5002372002 22.9668254666 22.5309676558 23.1944010471 22.584094499 22.6148254418 22.8371139243 23.1930236622 23.1258967734 22.7462354874 22.8677268405 22.969462771 22.9374658583 22.639569866 23.1801793307 22.8470001926 22.7241252884 23.1609447282 22.9383316138 22.9118259454 23.201318018 23.2061567025 22.9105387887 23.1136560232 23.0210764605 22.9532095454 22.6894171026 22.6979589566 22.9546683976 22.7435565667 22.7200200192
22.7514471747 22.7577598165 22.5142049336 22.7773856139 22.5195781167 71.8449741287 71.8449741287 71.8449741287 22.7894162415 22.8955918468 23.2022075645 22.6005098193 22.6014472873 22.7312152794 22.6154651155 44.6394328143 51.3770715894 22.9849935776 22.6523927201 23.1799689199 22.5860774965 22.813752703 22.607621997 23.1363082139 22.6201677123 23.0511120208 22.7427255999 23.1015321092 22.5808402759 22.6360024755 23.1401607911 23.0446561756 22.7751953381 23.0998891622 23.1319192712 23.1530765732 22.9617379609 22.5866573004 22.9678030143 22.9764545829 22.953229575 22.7900825563 22.9683785448 23.0537527434 22.755394749 22.9840992666 22.7048009708 22.6708824757 23.1266906957 22.8562909131 22.9533222488 22.8187053615 23.0934807128 22.9677523992 22.6143029219 22.6661054854
23.01961542 22.9477821204 23.0053003581 22.6384330586 23.0803870361 23.0966199972 71.8449741287 71.5256383283 22.8023935762 22.9625384493 22.8286942803 22.5961398748 22.6713095139 22.5710257471 22.6316556138 23.1789172873 23.1665468501 23.1242191804 22.6668113093 23.1549938361 22.9258129166 23.1283974684 22.6283187061 22.9914511706 22.7947025228 22.8474674518 22.7106218495 22.9139794607 22.8861820719 22.6771466909 22.6945142262 22.7026944835 22.5937893691 22.7592702916 22.8506511026 23.0842838243 22.9748059856 22.6418799048 23.1115146836 22.9049285508 22.5345684566 22.6172703056 22.8564641327 23.172931754 22.920819239 22.5457456787 22.8321541147 22.7442429781 23.0752030068 23.1412785632 22.5691027566 22.63017257 23.0924310146 22.6716657075 23.0699923484 22.7509190319
23.1924020566 22.5730327711 22.5474430702 22.8346860917 23.0055870863 22.5329965357 71.5256383283 71.5256383283 22.7476444814 23.0324925615 22.5748609562 23.112982243 22.875201069 22.5625574984 42.0862454379 42.0862454379 22.5408089287 23.0531657529 23.1671637676 22.8051788486 22.8207073113 22.6799958157 23.1597379462 22.5220674968 22.874955502 22.8976854285 23.1689888063 22.8855461251 22.7987055633 22.7122520872 23.0418820689 22.8090955093 22.9410253647 22.9329997262 22.9815892136 22.9528208345 22.9699927971 23.0905967822 22.6791445619 22.6817963482 22.6689257645 22.698060873 22.8239325101 23.184237728 22.6025543022 22.9322424889 22.9378522175 23.0391938354 22.6531080347 22.8262242373 22.8667490486 22.5376131836 23.1927475063 23.1019112137 56.7669085344 56.7669085344
