Spatial_Output/BAU/BAU_1150.asc
NCOLS 155
NROWS 192
XLLCORNER 196769.923733
YLLCORNER 449719.875193
CELLSIZE 27.603701
NODATA_VALUE NaN
[rows 115 to 137 of 192, columns 0 to 52 of 155]
0 0 0 0 0 0 0 0 0 0 0 0 0 0 0 0 0 0 0 0 27.5463334078 27.916753002 27.6868474529 28.0489670507 28.1322054784 27.8334342447 27.6436317806 28.1166753599 27.8787370142 27.7511170653 28.1768910788 27.5868171074 28.0895729838 27.7173839824 28.0219045978 27.6215720022 27.6447976797 28.1928791938 27.6476778141 28.0451768603 27.6562516721 27.5278500701 73.1742008114 73.1742008114 73.1742008114 27.8564594352 27.8896805441 28.1076597855 42.8295124692 61.2917090286 61.2917090286 46.8223206596 46.8223206596
0 0 0 0 0 0 0 0 0 0 0 0 0 0 0 0 0 0 0 0 27.9596833004 27.9801969399 27.93369968 27.6377469378 28.1874604479 27.9322869223 28.0294465192 28.1911198038 27.5299217639 27.9447459775 27.5091900153 27.6140577193 27.7677954674 27.6593014124 27.9894817151 27.7842396661 27.9406813313 27.6296762163 27.6626436951 27.8211962474 27.8152814904 27.8923704068 27.634274202 73.1742008114 73.1742008114 28.0807306686 27.9477225893 27.8227377935 52.7021807727 61.2917090286 61.2917090286 61.2917090286 27.9195468072
0 0 0 0 0 0 0 0 0 0 0 0 0 0 0 0 0 0 0 0 0 27.56548241 27.8259506058 27.6642217991 28.1494208759 27.7746094077 27.7028998523 28.1964974905 27.7000895508 27.5153878311 27.8259178498 28.0669035297 27.6258721333 27.9405988055 28.0146796044 27.5533558583 27.5415265792 27.885824308 27.5669611379 28.1090804725 27.9795257182 28.0112429159 53.0544653893 49.2336681578 28.2011366022 27.7039079029 27.6989388609 27.9276395593 52.7021807727 52.7021807727 52.7021807727 28.1615852778 27.7149632268
0 0 0 0 0 0 0 0 0 0 0 0 0 0 0 0 0 0 0 0 0 28.1636874887 27.8973060381 27.7050512457 27.6393113683 27.9442208365 27.6571992592 27.733358125 27.9408079906 28.0517637065 28.1775789537 27.9993308449 27.9871191025 27.7471301426 27.7016576773 27.8412007328 27.7552094239 27.8843657708 28.0018837159 27.9562632093 28.114830146 27.7448619687 27.9214264719 49.0536009877 49.0536009877 27.7731280648 66.3008061473 73.3542847107 28.02867959 65.2448197047 27.8941572411 28.1675988053 27.9692349863
0 0 0 0 0 0 0 0 0 0 0 0 0 0 0 0 0 0 0 0 0 0 27.5777885861 27.7368408101 27.8525914182 27.6872455499 27.9165739135 27.6960269572 27.6736259194 27.7438799048 27.6673430384 27.6681470172 28.0880631014 27.8294519736 27.7053413084 27.9311707895 27.7333125663 27.8872914757 27.5380239055 27.6129971189 27.9660765705 27.5917073134 27.7294577026 49.0536009877 49.0536009877 66.3008061473 66.3008061473 27.7569975398 65.2448197047 65.662364372 65.662364372 28.0494332219 27.6209054873
0 0 0 0 0 0 0 0 0 0 0 0 0 0 0 0 0 0 0 0 0 0 27.978554337 27.6983952553 28.1814625242 27.8602559463 27.7185961532 27.5762993902 27.8487044423 27.7424948371 28.172121236 27.741980588 28.2056790971 27.7216161023 27.6836120516 27.6877588997 27.6802307761 27.9921332929 28.0740178688 27.8533269614 27.7517609593 27.9917256157 27.9271980334 64.1954343721 70.4697093815 27.7136283004 66.3008061473 28.1136969239 65.662364372 63.1398888762 63.1398888762 27.5441829124 27.8899401117
0 0 0 0 0 0 0 0 0 0 0 0 0 0 0 0 0 0 0 0 0 0 0 28.0411727074 28.1998814632 27.6419121551 27.9181712185 27.9224043993 28.1279098741 27.9811680194 27.9683479793 27.9922804259 27.5655481481 27.5587538881 28.0036213965 28.1670227496 28.0311025206 28.0207484011 27.5579589389 27.6160514484 27.9735147719 27.8099540079 64.1954343721 64.1954343721 64.1954343721 27.9491979564 28.0920347178 27.9101333207 65.1925550499 63.1398888762 63.1398888762 28.0516545155 27.7598280702
0 0 0 0 0 0 0 0 0 0 0 0 0 0 0 0 0 0 0 0 0 0 0 0 28.0178642881 28.0410649264 27.8303937441 27.9754587035 27.530197611 28.142504966 28.1858369644 27.7528552679 28.1524215498 27.9218506456 28.121972408 27.5013748364 27.9276567645 28.0227759561 28.1427066438 27.6886859979 27.6872098521 28.0505690102 69.0758132293 69.0758132293 64.4287410999 28.0989909594 27.641823255 27.913306266 65.1803249496 63.1398888762 59.3961618432 59.3961618432 27.5403256667
0 0 0 0 0 0 0 0 0 0 0 0 0 0 0 0 0 0 0 0 0 0 0 0 28.0643098556 27.9288199522 27.8075702961 27.5657900737 27.6895988609 27.8054090377 27.8573350473 27.8168225828 27.9224122662 27.6830600318 27.6964932512 27.6353575721 27.9882849624 27.8502167352 27.6749644795 27.9870818072 27.8153027826 56.2195951287 69.0758132293 69.0758132293 69.0758132293 71.7829349543 58.2976590926 58.2976590926 65.1803249496 65.1803249496 59.3961618432 59.3961618432 27.6872932361
0 0 0 0 0 0 0 0 0 0 0 0 0 0 0 0 0 0 0 0 0 0 0 0 0 27.9077061543 27.9326679061 27.6336501056 27.8560057181 28.2031111705 27.7548822465 27.6660799182 27.6245658491 28.1180977956 28.0457052773 27.8986644457 27.9675662697 28.1912335706 27.8355541175 27.8290198865 27.7529158877 27.7743956345 52.4740990351 52.4740990351 71.7829349543 71.7829349543 71.7829349543 58.2976590926 65.1803249496 65.1803249496 27.5694640138 61.6239461849 61.6239461849
0 0 0 0 0 0 0 0 0 0 0 0 0 0 0 0 0 0 0 0 0 0 0 0 0 27.7703434591 28.0727382896 28.1899182655 28.0937485267 27.8895697991 27.6882075167 27.8553494643 28.1240670576 27.9818638387 27.9790525571 57.6283355769 48.3139422496 27.8550558219 27.8990112273 27.9637979696 27.8153653017 50.8687414294 50.8687414294 50.8687414294 28.1732500292 71.7829349543 58.2976590926 77.1174840185 43.6696345407 28.0987686685 27.5144304884 61.6239461849 61.6239461849
0 0 0 0 0 0 0 0 0 0 0 0 0 0 0 0 0 0 0 0 0 0 0 0 0 0 27.9376017671 27.5499131704 27.6215004124 28.0259742391 27.5541010664 28.0519259047 60.5963418335 27.707481945 57.6283355769 57.6283355769 48.3139422496 27.6584438391 27.8909448418 27.8285835025 27.6685776028 51.2900062751 50.8687414294 50.8687414294 27.9059948574 27.8704483006 27.9102453248 28.1649495212 27.9072939278 27.8548928988 27.7349706205 27.8563345082 37.8972855195
0 0 0 0 0 0 0 0 0 0 0 0 0 0 0 0 0 0 0 0 0 0 0 0 0 0 27.5153119698 27.8573237699 28.0285988014 49.3588523111 64.7472422387 27.7357079765 27.8781603765 27.6462644014 27.9008700318 57.6283355769 48.4265172833 27.60982217 27.9632046489 27.5365205916 27.5639856523 27.697444697 51.2900062751 27.5754028682 27.8770614543 27.9540312754 27.9164636031 28.1948552817 27.6343511959 27.6332229347 27.5871912097 27.7724418106 37.8972855195
0 0 0 0 0 0 0 0 0 0 0 0 0 0 0 0 0 0 0 0 0 0 0 0 45.9691597842 57.3936270635 57.2878643672 27.5821387959 27.5827477422 49.3588523111 49.3588523111 64.7472422387 28.0586586491 28.0582072043 28.0955171543 28.171939807 27.5761580515 27.6250548932 28.0735212898 27.5673216858 28.0534840467 28.0184070607 27.7133830136 28.1696950045 27.9601598942 27.6769767919 27.9762890198 27.7952311465 27.6588535671 27.8692568587 28.0651063274 27.5081001357 27.8592183913
0 0 0 0 0 0 0 0 0 0 0 0 0 0 0 0 0 0 0 0 0 0 50.5618813277 60.6404334361 47.2602404852 52.07084806 52.07084806 57.2878643672 27.7882193608 49.3588523111 64.7472422387 27.6950455048 27.7464355877 27.6915613131 28.0382054152 27.5069489806 28.0845029187 27.5646832833 27.9807206174 28.1210504484 27.7388724469 27.9368104819 27.8171407848 27.8111674724 27.9402003807 27.9116178941 28.0406600172 27.6374587333 28.1733193213 27.9966356064 27.7197438956 28.0942593432 28.0235752884
0 0 0 0 0 0 0 0 0 0 0 0 0 0 0 0 0 0 53.573495231 61.8348732351 44.3000763158 46.3389807866 46.3389807866 56.6032921112 56.6032921112 52.07084806 57.2878643672 57.2878643672 27.6585567679 28.0685687548 28.1647818047 27.916855351 28.2063539564 27.5063844662 27.7628134423 27.5444825246 28.1957521506 27.6477934109 28.0618720264 27.6770001708 28.036670822 66.7989089068 27.8628901834 27.9777167132 28.1183457625 27.7208889415 27.64759455 27.6967504154 27.5923940142 27.9020996048 27.7125536059 27.7184423702 28.0660553335
0 0 0 0 0 0 0 0 0 0 0 0 0 0 0 18.9098547442 23.5644474644 31.0214557025 47.7976225394 55.3630508743 36.7943890484 46.3389807866 46.3389807866 56.6032921112 56.6032921112 52.2758620603 58.3494605592 0 0 27.5347002055 28.1691069304 27.6803500055 28.0562637077 28.1640998899 27.87699587 27.8085480584 27.5107533654 27.8303620621 27.6375653926 27.7185855251 66.7989089068 28.1342115268 27.9072982568 27.8650100916 27.6116583887 27.9592146283 27.7569843884 27.9412611888 28.0039212728 27.5534109188 28.0660041913 27.8641900695 27.6207355877
0 0 0 0 0 0 0 0 0 0 0 0 0 0 0 14.7514072412 14.0802622739 27.1700771737 47.9581392466 47.9581392466 36.7943890484 56.0702669438 46.3389807866 54.0430849786 56.6032921112 49.6027948607 0 0 0 0 27.7183620388 27.6872843766 28.0665005479 28.1607957885 28.0944729348 27.8866308828 27.6248858996 27.949132206 27.9994981682 28.0397321321 27.6905076895 27.5858510077 28.0301097078 28.0487702591 27.9296205967 28.0329033954 27.8416475842 28.1640547665 28.0877882152 27.6646259644 27.6075866743 28.0519612971 28.1231656058
0 0 0 0 0 0 0 0 0 0 0 0 0 0 0 20.8393851895 17.4916186693 26.5411464713 47.9581392466 55.3630508743 61.8348732351 0 0 0 0 0 0 0 0 0 27.7819511628 27.9644291633 27.9542651214 27.8219829681 27.7763044972 27.8727181159 28.1326071585 27.6788105182 28.1251734042 28.0336117025 27.9411277649 27.9677631065 28.175176805 28.2036875658 28.1321625215 27.924123014 28.2026453568 27.544208228 28.0048148619 62.7951036051 27.9917329589 28.0392699232 50.5389533196
0 0 0 0 0 0 0 0 0 0 0 0 0 0 0 38.9634078348 51.9791397725 51.9182682137 48.3484232941 0 0 0 0 0 0 0 0 0 0 0 0 28.0688671388 27.8435300118 27.7748013516 27.6545991038 27.7002740026 27.5142299825 27.7851165068 27.5854822628 27.8536578741 28.1576474536 28.1846281058 27.6445233082 28.2034859061 27.626651576 61.137593063 61.137593063 45.6686169788 47.1275819794 62.7951036051 62.7951036051 50.5389533196 50.5389533196
0 0 0 0 0 0 0 0 0 0 0 0 0 0 0 0 0 0 0 0 0 0 0 0 0 0 0 0 0 0 0 0 27.7303018482 27.9755639311 27.6095910586 27.5624406662 27.6599469192 27.5210766595 28.022485848 28.0678796395 28.0489626476 27.8353035998 60.5534749366 27.5844721772 48.1988219667 61.137593063 61.137593063 28.0395160955 45.6686169788 62.7951036051 62.7951036051 27.983922538 27.7682382959
0 0 0 0 0 0 0 0 0 0 0 0 0 0 0 0 0 0 0 0 0 0 0 0 0 0 0 0 0 0 0 0 0 28.0986016596 28.114317241 27.9902749815 27.7232056792 28.0208636569 41.2911056817 27.8597886421 41.2911056817 51.8634441145 57.6831381864 57.6831381864 48.1988219667 27.809883889 61.137593063 27.6177922318 45.6686169788 27.754519954 27.5243164904 28.0862601805 27.5692936914
0 0 0 0 0 0 0 0 0 0 0 0 0 0 0 0 0 0 0 0 0 0 0 0 0 0 0 0 0 0 0 0 0 28.1113988234 27.7309524671 27.8831721599 27.6020535742 27.8158253105 27.9733819581 27.621892844 27.6841267765 51.8634441145 51.8634441145 57.6831381864 27.9385912204 27.9317746735 28.0180252056 28.1053146432 27.7452469083 28.182814613 27.8678851312 28.0802839861 27.5614721939
