Spatial_Output/BAU/BAU_0519.asc
NCOLS 155
NROWS 192
XLLCORNER 196307.867259
YLLCORNER 449144.565805
CELLSIZE 33.573938
NODATA_VALUE NaN
[rows 25 to 49 of 192, columns 0 to 56 of 155]
0 0 0 0 0 0 0 0 0 0 0 0 0 0 0 0 0 0 61.7286848938 52.6604177004 20.3685539789 20.1829779956 19.80111411 19.80111411 56.0765429782 56.0765429782 50.4926208083 55.1414739552 28.1527505764 27.3437514173 27.2143759877 27.827086681 27.2063097204 27.2833635529 27.6478932548 28.37388463 27.825715014 27.5581501037 27.2430443314 27.6039068234 27.5281432927 27.25567498 27.4637234832 27.0960435618 27.1500178784 28.1123320346 27.3120557018 27.7381835547 27.1709981465 27.9498929361 27.4901072613 27.4816531695 28.0983179033 27.2185353737 27.5716858206 27.6444825065 27.8637175562
0 0 0 0 0 0 0 0 0 0 0 0 0 0 0 0 0 0 0 0 0 27.7021842361 47.1668687046 27.7791754546 56.0765429782 56.0765429782 43.8587167548 43.8587167548 55.1597988013 27.3122563359 28.2043426361 27.7391904268 27.5280037674 28.2578289878 27.4562911751 27.8490769809 28.3441191288 28.1958664029 28.2751651234 28.3300446165 27.4819267604 27.6645164426 27.5860942364 27.5512643616 28.0090704453 27.9405534855 27.5340389745 28.04007646 27.5520280468 28.251931614 28.2942612566 27.16089484 28.2012266241 27.2157397803 28.3389441869 28.3935821626 27.4487161391
0 0 0 0 0 0 0 0 0 0 0 0 0 0 0 0 0 0 83.736513865 27.3551200891 27.9760155724 28.3079340858 28.0942157891 27.7280528909 27.5415129886 28.0346903602 43.8587167548 58.8448031095 58.8448031095 58.8448031095 45.5466139719 27.1022326059 28.3510657931 27.0663778691 27.2268479109 27.1494270787 28.3455915773 28.3280387728 27.4964422786 27.2585125714 27.0128305113 28.2398377332 28.2388178564 28.1027347533 27.1800624951 28.3119530487 27.6295266178 27.0436212633 27.4318324119 27.1400997007 27.2619922441 27.9345540284 27.8718053962 28.1374318724 28.309070259 27.4208025777 28.2119454106
0 0 0 0 0 0 0 0 0 0 0 0 0 0 0 0 0 83.736513865 27.6133229945 27.253816954 28.2807605908 27.2008781216 27.2454594394 27.6750804537 27.1926219055 28.1101157825 43.8587167548 58.8448031095 45.5466139719 45.5466139719 45.5466139719 53.510757675 27.5404575758 27.6548657665 27.1768626261 28.0230067262 27.1310247005 27.8307448539 27.3250877224 28.1634805379 27.0062157702 28.214842834 28.2194293768 27.7575249154 27.0099973756 27.7306799096 27.1593385283 28.1209773109 28.4062722215 27.0298017905 28.070570189 28.369388793 27.1657610051 27.3625239631 27.9589031353 27.5120794688 27.9957141873
0 0 0 0 0 0 0 0 0 0 0 0 0 0 0 0 0 27.7117412749 27.7348401299 48.1214264332 46.3887975622 43.6164674745 28.0241537797 28.2326408985 27.4971292465 27.584248361 27.7437758215 51.0942721374 45.5466139719 45.5466139719 68.2293662233 53.510757675 58.9725183003 27.1423041917 28.2012789498 27.3059891858 27.8003625905 27.3689270851 28.2011765035 28.0590534675 27.4891855729 28.3695890387 27.5129885508 27.5393209662 27.4073990023 27.8916096858 27.7632172737 27.3029714189 27.3640128459 27.0540365705 27.356720757 27.8984343685 28.1850769683 28.3900527343 28.1169962501 27.5754112695 27.1807573999
0 0 0 0 0 0 0 0 0 0 0 0 0 0 0 0 27.430618305 27.1686535527 27.8417988237 51.8664762445 47.7211267113 45.1178893798 27.6214470427 28.2958017565 27.4445860531 27.0021074652 28.4056743007 27.171225715 27.2657800786 44.5656795371 53.510757675 69.9010056861 58.9725183003 27.5239016113 28.2158647016 27.0739955162 27.3870968602 27.9657457053 27.8256325137 27.300336763 27.2178827117 27.9835308953 28.0027521155 27.3784511539 28.2469243124 27.4260519656 27.3624881202 27.0939495153 27.2151644911 28.3827322963 27.0028571925 27.6191766119 27.7037247833 27.4070484615 28.0284821376 27.087807219 27.2214507579
0 0 0 0 0 0 0 0 0 0 0 0 0 0 0 27.9887852806 27.8957956241 27.7395497983 28.0996336557 43.3919858218 43.9405259956 42.7631381416 49.2529404741 27.5933101539 28.2656870862 28.2634371576 27.4152772266 27.3382944208 27.1920050193 27.8248363276 42.5736715087 58.9725183003 46.1350657433 46.1350657433 46.1350657433 27.42584469 28.1407538315 27.2353244937 27.5874406934 27.0746248981 28.2366850592 28.2915111837 27.1670984761 27.3012380242 28.3525496157 27.9426598385 27.5413195186 28.3135856397 28.3556278121 27.2714979106 27.1931349556 28.2071570924 27.7994646036 28.0364964686 27.7992199416 27.4636826152 27.9917825368
0 0 0 0 0 0 0 0 0 0 0 0 0 0 0 27.1495927973 28.3202069971 27.1616013485 28.1640294118 47.8504063787 48.981101802 43.5258880706 46.3861148919 27.8368090153 27.4369671532 28.1477910255 28.271948368 27.4104492111 27.7460449212 28.1447454181 27.1068588726 60.8012338251 46.1350657433 46.1350657433 60.7725934871 60.7725934871 27.3163983605 27.4408700303 27.999448621 27.7254790248 27.905883602 27.8239574341 27.8350853784 27.2459743792 27.1267652864 27.4654683805 27.164270584 27.9842945613 28.1682529312 27.0346276251 27.7539151572 27.2622828794 28.2426371835 27.1159813356 27.3148497752 27.9843372423 28.2384858943
0 0 0 0 0 0 0 0 0 0 0 0 0 0 0 27.1001324645 28.0896706463 28.0382934341 28.0525185615 27.0791637485 40.5347080431 40.6129148351 46.2302433823 28.1020865035 27.0759303167 27.9484761559 27.4331909677 28.0906063064 28.2064372043 27.8072045637 27.6076972232 27.9560750057 27.3548345375 64.0433722935 60.7725934871 60.7725934871 59.2809350408 59.2809350408 28.108476596 27.8534642781 27.6996468183 28.3944251982 27.5437786193 28.3791469785 28.1668369115 27.8191175483 27.2288467361 27.3361616389 28.405693876 28.1091440392 28.0083402251 27.757664541 27.2162961172 27.0965561799 27.299817958 28.3165681898 27.816300101
0 0 0 0 0 0 0 0 0 0 0 0 0 0 0 27.7216634531 28.3075394251 27.767936061 27.0016786798 28.3506986419 28.1686151179 28.0186037647 27.1820736176 28.3486671572 27.8658646222 27.0063630998 27.1129406116 27.2877780653 27.3363214147 27.2954697538 27.9585927868 27.3229925339 28.2248211618 28.3317677661 60.7725934871 59.2809350408 59.2809350408 48.6019314095 27.2956887082 27.4212183834 27.0199027744 27.1712457563 27.4529007482 27.3985972128 28.3855276865 27.1983644012 28.0991460527 27.9796428418 28.0605136373 27.1165418053 27.6068235644 27.7300979749 28.298601769 27.9773892931 27.7834606928 27.9470318115 27.2791651453
0 0 0 0 0 0 0 0 0 0 0 0 0 0 0 27.9907730602 27.4630701271 28.2964933812 27.7078560932 27.7291525399 27.2826346812 28.2141046352 28.1208879955 27.3185209735 27.9028148718 28.3354834306 27.1619844589 27.8446885564 28.3469490872 27.1125310972 27.9544591917 27.6869554745 27.5201214898 27.6920910229 27.2200816641 59.2809350408 56.9245963089 64.5177810926 27.9875187954 27.6915976802 27.2255645389 28.1434629485 27.2022916591 27.605184592 27.2473997152 27.5323998827 28.3836528121 28.0854745669 27.5105116902 27.8362963218 27.1325460142 27.8109175885 27.3198309441 27.2362447483 27.8849391479 27.0697937518 28.0428329773
0 0 0 0 0 0 0 0 0 0 0 0 0 0 27.4080318907 28.3204038945 27.0100730306 27.8408998957 27.2717759116 27.5175739328 27.2525711092 28.4008052983 27.6935257832 27.6000195922 27.3016206255 28.1100668882 27.8358050293 27.6379780717 27.3392011886 27.5301971476 28.3316400683 27.6976908137 27.6574345045 27.6951702465 27.6819331558 56.9245963089 56.9245963089 57.0432583244 28.0605176305 27.5070573378 27.7553342924 27.6453933059 27.6811948265 27.6490616743 28.3713627342 27.0067778928 27.7473865211 27.9115706739 27.5288240862 27.2971575783 27.4000058674 27.2515376961 27.843764753 27.9126681225 27.5383718036 28.3420752799 28.3311473317
0 0 0 0 0 0 0 0 0 0 0 0 0 0 27.1624778383 28.0586127267 27.217710588 27.9560606869 28.3299302035 28.2704244836 27.6768939588 27.1503791406 27.9989455896 28.2126588445 27.9056247635 27.3248651519 27.3643216473 61.3499971231 61.3499971231 61.3499971231 27.6659147307 27.1497643969 27.7200730639 28.4120750731 28.2727802449 56.9245963089 56.9245963089 57.0432583244 46.3578203689 27.0007932468 27.929164827 27.696724866 27.5479550673 27.8328904051 27.8003920294 28.1155080197 27.0124909836 28.1456826633 27.0665320455 27.5872820986 27.599354849 27.4497300316 27.0564851416 28.094283732 27.278495707 27.8981914539 28.3559052336
0 0 0 0 0 0 0 0 0 0 0 0 0 28.2997164558 27.0949349027 28.1437987218 28.2283984964 28.350704211 27.419728772 27.5709347739 27.2852439074 27.6137389722 27.6969221779 27.2847911898 28.121556257 27.1326657112 27.1389554913 61.3499971231 61.3499971231 27.5700507575 27.5691007603 28.2621118928 27.6261004945 27.8941242466 28.4048662273 27.264051701 44.4680079187 44.4680079187 44.4680079187 28.245067967 27.406930802 27.4565965115 27.2639267178 27.014969437 27.1080761671 28.1544906957 27.4523665009 28.2397632944 27.3459943087 27.1651201995 28.4082823281 27.1056910007 27.4351022207 27.9613775337 27.6441818667 27.4505815334 28.3230705121
0 0 0 0 0 0 0 0 0 0 0 0 27.7366032592 28.4129484272 27.3497059872 28.2330144087 27.5272632737 28.1342989339 27.7029901983 27.9602818799 27.4867036503 27.9015211347 27.791345531 27.010921985 27.8233046672 27.4751705229 28.2331817994 27.7414285357 45.0887906289 48.8547033862 39.1584318244 28.306369753 27.989463337 27.2742659607 28.2615577789 28.1759207308 44.4680079187 44.4680079187 46.6778551108 46.6778551108 27.5186301573 27.9371776436 27.1100068042 27.0020150049 27.4664661917 28.2690008782 27.7795311161 28.4066319599 27.0678209531 27.4365309234 27.0107586361 28.2341008899 28.2462063551 27.568397931 27.6932077219 27.6789562637 27.810556246
0 0 0 0 0 0 0 0 0 0 0 27.2512388262 27.1913160405 27.5893159473 27.8702815468 27.2649624385 27.373676126 28.0219304314 27.1088152911 27.8398134427 27.7141945439 28.198485071 27.9363493344 27.8173218546 28.0302555283 27.0829237071 28.1017622531 27.2579083281 54.1332900073 42.7617367107 45.5320826133 28.2068313926 28.0014189546 28.1544228846 27.5506128939 27.5413075094 28.3118907075 46.6778551108 46.6778551108 40.0584950599 40.0584950599 27.2139025674 27.9898153822 28.2616335972 28.1652017098 27.8392789078 27.287355729 28.3482127811 28.2950593081 27.1799263892 27.0236970306 27.33092904 27.4242733907 28.1859917254 27.9713436275 28.181409684 28.3826701729
0 0 0 0 0 0 0 0 0 0 27.2055529821 27.8279405791 28.1599397977 28.4010843512 28.3056648537 28.126963642 27.4555897258 27.5160568191 27.2003662944 28.1346111501 27.290929245 27.8903439425 27.9046322593 28.072583375 27.4327535189 28.1092237216 27.0660327658 27.6465029382 51.2528352939 44.6573029173 52.0534852618 27.8120754114 27.2298317002 28.3502646543 27.0990056048 28.0424325579 28.1667206215 28.077756824 55.6880532523 55.6880532523 27.6819427341 27.2586181391 28.0150406679 27.3146002161 28.0393933479 28.2138694159 27.9165199356 27.0946482488 27.4077437588 27.3968352059 27.8976170399 27.6105521929 27.2009783511 28.011233377 28.3374166561 28.3159944568 28.3613441633
0 0 0 0 0 0 0 0 0 0 27.631812755 28.0539337423 28.3726634879 27.8226559885 27.962070457 27.4345307004 28.2841649667 27.9363500406 27.5461555673 27.4480512806 27.9256818993 27.3445958706 27.3354886633 28.0081106505 27.3016932957 28.0161982294 27.8713639712 27.8580733882 47.3785084423 43.0412923771 45.7611600931 76.4844691855 27.9152699214 27.055216036 28.0179424554 28.2647865785 27.310883624 27.6184893627 55.6880532523 55.6880532523 55.6880532523 27.3048044013 28.0508104328 28.3770756661 28.1761433364 27.4805738221 27.6172256363 27.1351677862 27.2461223293 27.2545474164 27.7950129488 27.0676996299 28.3012614781 27.5953119067 27.7637960339 27.6711285163 28.0319448069
0 0 0 0 0 0 0 0 27.1548105787 28.0875594753 27.7703285527 27.1312487636 27.9387892697 28.1994346306 27.3052445829 28.2688651731 27.5754421794 28.1312026327 27.63072302 27.1873854688 27.9886596779 27.0123134876 27.0481194321 28.4109750544 28.1439181773 28.3090411468 27.4081721745 27.0381053362 28.0742620037 59.6383417912 59.6383417912 59.6383417912 28.1662789186 27.1770545528 27.1952955033 27.4979143999 27.0093857695 41.6133941862 56.2468921863 56.2468921863 56.2468921863 27.6371054866 28.1108437253 27.0418079072 27.3819959043 27.7834920669 28.3264258816 27.1706245626 27.6588862173 27.8586485713 28.2951049425 27.7907225144 27.4486199627 27.4939294684 28.0447459848 27.3969534391 28.2279288913
0 0 0 0 0 28.1348232403 27.4909112553 27.6496294892 27.8264422098 27.4187142331 27.8753720017 27.4771101828 28.0244756165 27.6758009812 27.9579542812 27.4374565338 27.4819976207 28.2038758471 27.5856925797 28.099621601 27.1225437816 27.4908979542 27.2917376429 27.1544966802 27.5274477739 27.2026900768 27.7310893687 27.8951212576 27.7085265991 27.1730861569 62.996946018 62.996946018 28.3725533574 27.5104554363 27.8470230747 28.4006538247 46.7639125311 55.3844162022 55.3844162022 41.6133941862 27.2484254418 27.1112644179 27.9823534716 28.1471571955 27.7508522782 27.8886516331 28.4009066154 28.1763616945 28.1905663728 28.281135565 28.378572914 27.0689996813 28.0467505796 27.7044860001 27.5565017211 27.680971332 27.753110527
0 0 27.7018592527 28.1461759338 28.0231096245 28.3809333151 27.1964581976 27.845599514 28.0209302983 27.0878283283 27.3659212814 27.4089185973 27.7696335179 27.3616476111 27.4757112026 28.1228998236 27.4760939991 27.3221755537 27.7263931416 27.0161319147 27.0879179028 28.2066287645 27.7322165346 27.712212961 28.2095390147 27.5616892553 27.3541126686 27.949589964 27.4606627661 47.4297638811 62.996946018 62.996946018 27.5424899041 27.4586058997 27.9874635144 50.9766965699 50.9766965699 49.6792747596 55.3844162022 27.8083235564 28.1594677722 27.9278509697 27.6146146818 27.7870550341 27.1330363354 27.6857774615 27.0815919768 27.4910559628 27.8586830532 28.2585083612 27.2781302925 27.1189675101 27.5106647594 27.8818054949 27.9507992972 27.6994474012 27.5145341301
0 27.6404343738 27.8993649981 28.0107891775 27.7734647311 27.0438481557 27.9450219888 28.3854849334 28.2128186039 27.0446623716 27.3271688858 27.9581448944 27.2534570594 27.5643797155 27.0246231611 27.7901350909 28.344472836 27.2431592698 27.4768667697 28.1056199818 28.399370192 28.391894118 27.39625108 27.2740028538 27.0101768876 27.8222270298 28.1765890596 27.3010105105 27.3262135803 27.6374629223 67.311355747 27.2808148225 27.0129256758 28.1224571734 28.2351258453 50.823889152 50.9766965699 50.9766965699 56.9719590398 27.5706421887 27.2931618288 27.3209782963 27.2576335022 27.7898746207 28.0135378191 27.9734408647 27.0794744534 27.7969182327 27.4510727006 27.4216280783 27.7614907165 27.1547627469 27.7554938023 28.2543341921 27.4670384443 28.2511018471 28.1443058624
28.0051239198 27.4941679431 27.8182563326 27.3088866171 27.1094973793 27.7844501663 27.5252417794 28.0657340267 27.2419001972 28.0146839705 27.5516314229 27.5319341029 28.2333724484 27.9230909133 28.3493310135 27.7390462103 27.0404808976 28.2654889691 27.5743458153 28.3061031802 28.2209203105 28.2969462159 27.4105010928 27.865486899 27.9929079005 27.5067416289 28.0007508785 27.704402122 27.9713017655 28.1395113463 27.5676734491 28.2377028556 58.4273881874 57.0606653299 45.8728327155 40.4385358118 50.9766965699 50.823889152 35.9302696779 27.8396566614 38.7834945744 27.5648541308 27.1695879105 27.4613422749 27.5318245822 27.5222867387 27.302515823 27.5941243933 27.177230549 28.0834649732 27.2291145965 27.831835291 28.2508362534 27.8879876506 28.1188369273 28.2170103421 28.3722576924
27.9528685621 28.3877548927 27.527538496 27.0829072109 28.1003126717 28.0822459772 28.3003987465 27.0366834913 27.9880549761 28.2128450858 27.1223993221 27.8533344894 28.1662218081 28.2611458935 27.0463999309 27.4630770354 27.5692888714 27.6939670017 28.2056866349 27.3443439209 27.3112307863 27.6199500464 27.7632428145 27.5843922073 27.5956757212 27.6802562224 28.3769332371 28.0222536603 27.1764297317 27.5377131753 27.3920747648 28.3312865726 58.4273881874 58.4273881874 53.0970236457 53.5838332122 40.4385358118 27.6095043425 51.1378438883 38.7834945744 38.7834945744 38.7834945744 28.3661725191 27.8002993778 27.8757286824 28.0928662368 27.0603327199 27.9680803954 28.1986524461 27.3382474295 27.9571985835 27.8078584219 28.2320827441 27.4772127095 27.3933920531 27.048482865 27.0701936874
27.279918023 27.5827304741 27.3501709868 28.1499575102 28.153071155 27.3138257434 27.7876132709 28.0655091219 27.7817545381 28.3879845544 27.0509525648 27.495215065 27.5879422069 27.8419469047 27.5383048169 27.802257072 27.5842030637 27.0610196378 27.8026128271 28.3292408538 27.7067869677 27.078303486 27.2763321812 27.1567332739 27.2683447338 27.7604687564 27.0815298737 27.829676193 27.9618263188 27.891594507 59.9029002873 27.3420932809 58.4273881874 53.5838332122 53.5838332122 53.5838332122 37.8444042464 73.1913903918 73.1913903918 38.7834945744 38.7834945744 27.1888149119 28.3669730623 27.4254307378 28.3655645722 28.0389213108 27.104274206 27.5905200405 27.9785138952 27.7647228235 27.8839300697 27.1809583867 27.984958751 27.0117964929 27.8634909183 27.786190166 27.1410633383
