Spatial_Output/BAU/BAU_1426.asc
NCOLS 155
NROWS 192
XLLCORNER 196769.923733
YLLCORNER 449719.875193
CELLSIZE 27.603701
NODATA_VALUE NaN
[rows 0 to 22 of 192, columns 53 to 105 of 155]
33.1006286065 32.6263533686 32.6455862518 32.7723717771 32.6158854955 32.7451655653 32.5380333404 45.3411055137 51.8643150417 50.0190431327 32.8440589733 0 0 0 0 0 0 0 0 0 0 0 0 0 0 0 0 0 0 0 0 0 0 0 0 0 0 0 0 0 0 0 0 0 0 0 0 0 0 0 0 0 0
32.7639828869 33.0699849144 32.7929703676 32.8757327062 32.7615603288 32.8064245409 32.9416522244 46.6268850076 44.5062366495 48.2173441085 32.8338541964 32.9240153128 0 0 0 0 0 0 0 0 0 0 0 0 0 0 0 0 0 0 0 0 0 0 0 0 0 0 0 0 0 0 0 0 0 0 0 0 0 0 0 0 0
33.1506169162 32.8426249171 32.9968655782 32.5785548757 32.7429304537 33.0937941841 33.1572712687 45.4285899515 49.3611706147 46.0263554068 32.9817912558 33.1455522603 0 0 0 0 0 0 0 0 0 0 0 0 0 0 0 0 0 0 0 0 0 0 0 0 0 0 0 0 0 0 0 0 0 0 0 0 0 0 0 0 0
32.904944643 32.9915514024 33.1498179513 33.065815783 32.9042378041 32.7132027994 33.2043201138 32.5189912683 32.9251500554 32.70679899 33.0730389905 32.6244110654 32.5298237567 0 0 0 0 0 0 0 0 0 0 0 0 0 0 0 0 0 0 0 0 0 0 0 0 0 0 0 0 0 0 0 0 0 0 0 0 0 0 0 0
33.0905210165 33.0425840749 32.7145358198 32.5345575839 33.1196837431 32.9182415095 32.5333724291 32.8510473717 32.9517360891 32.8506941481 33.0974132081 32.66374826 32.6509267845 32.81650783 32.799917606 0 0 0 0 0 0 0 0 0 0 0 0 0 0 0 0 0 0 0 0 0 0 0 0 0 0 0 0 0 0 0 0 0 0 0 0 0 0
32.6347754886 33.199785654 32.8012969156 32.8265497124 32.5160483244 58.4252314216 58.1871881249 32.788537418 32.9037803634 32.7350279295 32.9891085527 32.7859275745 33.0573586839 32.9715454963 32.6171684492 32.5477863528 0 0 0 0 0 0 0 0 0 0 0 0 0 0 0 0 0 0 0 0 0 0 0 0 0 0 0 0 0 0 0 0 0 0 0 0 0
32.5084658668 33.0198717721 33.0759518893 32.5355687932 58.1871881249 32.9382374239 58.1871881249 32.9209868342 32.589631312 32.5978990502 32.658179086 33.1509557444 32.6426128065 33.0286178789 33.141386069 32.8364821098 32.5034340436 32.9698666775 0 0 0 0 0 0 0 0 0 0 0 0 0 0 0 0 0 0 0 0 0 0 0 0 0 0 0 0 0 0 0 0 0 0 0
33.1249897899 32.9244217007 32.9957064373 33.0339014053 57.0211859432 57.0211859432 33.054205655 32.5402921598 58.242572273 32.803459526 33.1308015027 33.1552545164 32.5122724448 33.0338026504 33.1100757622 32.6991968504 32.6617289854 32.7727740202 32.6643271897 0 0 0 0 0 0 0 0 0 0 0 0 0 0 0 0 0 0 0 0 0 0 0 0 0 0 0 0 0 0 0 0 0 0
33.0263037353 32.7191192519 32.9187794958 32.5613989187 57.0211859432 57.0211859432 47.4564209309 47.4564209309 48.3610410851 63.8177814125 63.8177814125 32.7526785791 33.2059490673 32.655644638 33.1072919678 32.6375885862 33.1004469747 32.7596416454 32.9634166611 33.1365233986 32.9883745409 0 0 0 0 0 0 0 0 0 0 0 0 0 0 0 0 0 0 0 0 0 0 0 0 0 0 0 0 0 0 0 0
32.8136658594 33.1298903305 32.534550288 32.7922207999 24.2080036751 24.2080036751 47.4564209309 47.4564209309 48.3610410851 63.8177814125 63.8177814125 50.6251343901 33.1642176016 33.0554000034 32.6618472582 32.5701004006 32.9609520901 32.6353210959 33.1715677736 32.790176519 32.9139755292 32.7318380746 32.8386373521 32.5289482293 0 0 0 0 0 0 0 0 0 0 0 0 0 0 0 0 0 0 0 0 0 0 0 0 0 0 0 0 0
32.8023629482 32.5138113146 32.945784595 24.2080036751 24.2080036751 24.2080036751 48.9439726422 48.8252392521 33.1319001647 32.702684918 32.679436996 65.0110287042 32.9924646078 32.6069619257 32.8798409527 32.5299697349 32.7477383177 32.9702292486 33.0861781365 32.6670037673 33.0494590345 32.511935156 32.7060738309 32.6439296354 32.8987552831 32.5864552778 32.6975190528 32.9591720413 32.687825182 0 0 0 0 0 0 0 0 0 0 0 0 0 0 0 0 0 0 0 32.6905396919 33.1768540353 32.6167038713 33.0524997897 32.7941581584
32.6210857629 32.6425931435 33.1118722185 32.6144230239 33.124668763 48.9439726422 48.9439726422 32.7620575309 33.0672703661 65.0110287042 32.8111769929 32.6202747678 32.8910897767 32.557877077 32.7085518169 32.8550729007 32.5568218326 32.9379791235 33.1917417996 32.9155499738 32.5058771499 33.134654444 32.6300536626 32.7691093596 33.0576714859 32.7823279769 33.1851242605 32.9144195912 32.582351114 32.6171676595 32.8272166554 0 0 0 0 0 0 33.0996789825 33.0210663001 33.0108044809 32.8034722228 32.6550042187 0 0 0 0 0 0 32.7377055829 32.9530693468 32.5497656798 32.9941930843 32.648464238
32.6898237077 32.6073496125 32.6252229716 32.8695602425 32.80533234 50.7487711589 32.7292646869 33.148346207 33.1434974795 33.1700761855 32.8227007455 52.6342227215 52.6342227215 33.1120791255 32.6739412949 32.9030565079 32.7593708538 33.0892583644 32.7183938394 32.8688757299 32.7389672807 32.8446510925 32.8917188773 32.6565947438 32.7333162237 33.1297478814 32.667656372 33.1122320204 32.6979842509 33.1524001976 33.1333726516 0 0 0 0 0 0 32.6711502824 32.733434406 33.1672020161 32.6179736878 32.6315104763 32.6928249365 32.6694781123 32.9554401629 0 0 32.7026149515 32.5690506322 33.1870563669 32.8134900958 32.9646400899 33.1330775258
33.0303973819 32.9071402234 32.9559950234 32.5354279372 32.5152250155 32.6612814405 54.9237681235 32.5441025859 72.3433393885 72.3433393885 52.6342227215 48.4572380938 48.4572380938 48.4572380938 32.5918903214 32.6716651925 32.9171143803 32.6115194646 32.8817052301 32.7850675563 33.1724047309 32.8858672624 32.7617912476 33.0830845842 32.9340196674 32.930255764 32.718495414 32.8808640134 32.9019507625 33.0980550134 32.7909729177 32.7699181171 32.8409870848 33.0883096386 33.172482034 33.1894469068 32.9068542454 33.1837651648 32.650369863 32.997702552 33.1625571683 33.1128564303 32.818468443 32.7799203077 33.1626200893 32.7372331791 32.8413891661 33.0067777374 32.7148811446 32.742546388 32.7503844316 33.1092746282 32.844736377
32.845348329 32.8452943224 33.1360291246 32.7802531286 32.5618096796 49.4281821852 32.8282751101 72.3433393885 72.3433393885 52.2210680591 52.2210680591 48.4572380938 48.4572380938 32.9495222407 51.2615125575 32.6361703454 32.7621924887 32.5793558029 32.9179560125 32.5086829702 32.8615953366 32.8680920564 32.7941795973 33.1165659993 32.5229584943 32.8205034362 32.8500052239 33.164468908 32.7912230109 32.8918918679 32.7811541283 32.9086644913 33.0982109021 32.5192380523 32.6045846719 33.182956083 32.5013479152 32.6285500486 33.0266298307 33.0898802775 32.5034115403 32.9066505934 32.5380574357 32.9351366604 32.8509355681 32.7023930383 32.9466070026 33.0793430812 32.7744792395 32.5050577421 33.1349740069 33.1969033389 32.9960945311
32.56866757 32.7703514726 33.1965234988 32.5988767122 54.8364538236 56.3145858192 50.7487711589 32.6879051308 32.8780798867 52.2210680591 52.2210680591 58.443929303 51.1915722839 51.1915722839 51.1915722839 32.8352532682 32.6780879816 33.138934608 33.1352993504 32.871296632 33.0203048398 33.0899218344 32.8481999305 32.8761698465 32.5637580929 33.190809475 33.1110976491 32.6747938291 32.7988483763 32.6944157345 33.1500945222 32.5771013285 32.5510284957 33.1668064749 32.7473196397 32.9285252866 32.8782836611 33.1690391953 32.65536839 33.0931695496 32.7244389218 32.6622056196 33.1507232948 32.9369330918 32.6964103933 33.2031820687 32.6655192983 32.6412220061 32.9320542895 32.5545035845 32.9505622664 32.5911320283 32.8638411099
32.5169396939 32.7847696671 32.9361115953 33.0564460054 56.3145858192 56.3145858192 49.4281821852 33.0002503478 32.5739212758 32.7733597255 61.4178393347 61.4178393347 51.1915722839 51.1915722839 33.0318332315 32.7278184746 32.8423519658 32.6637096612 33.1150594894 32.7634706243 32.7567401924 32.7810365907 32.811111851 33.1831308055 32.5073118453 32.8550576891 32.9455282037 32.7637924776 32.8533252798 32.6321411021 32.8817621776 32.8286254518 33.1072989359 32.6122888842 33.1792371703 32.5377811421 33.193340913 32.9168793719 32.5551741287 32.7279597377 32.9533881406 32.9105894932 33.095466092 32.6058507091 32.7854406648 32.8845413589 32.7838412145 32.6238873791 32.7478048301 32.5900725002 32.9991025178 32.9332478349 32.9659753714
32.5809702436 33.0467239096 32.9611016674 32.9144009383 56.3145858192 56.3145858192 56.3145858192 33.0551414589 80.1183883225 32.6808073945 78.0263842843 61.4178393347 61.4178393347 33.097526309 32.7112735718 33.1413242149 32.7641805751 33.1545317468 33.0278886818 32.8806556694 33.1650891509 32.8849528387 33.1303404417 32.660697287 32.5506220814 32.7917362484 32.988581961 32.6806497513 33.0327226719 32.6908868807 32.839736195 32.6842857097 32.649964384 33.0818177009 33.1253273899 32.6968037186 32.9817325041 32.6512290461 32.8079622928 33.172839461 32.8156900464 32.5877786493 33.1064685803 32.6932746712 32.5057927847 32.6542757256 33.0621250302 32.675699427 32.8385375583 33.0746732939 33.0075328687 32.5743185465 32.902606204
32.9289494986 33.0766592547 32.7783417178 32.7749342776 32.8646589994 32.7169448563 32.5862212431 32.8408178449 32.6341495108 33.05935101 33.0681458852 33.0981172956 33.1311429388 32.7491961456 32.6920712915 32.8539312393 32.897828792 32.6632436077 32.9344837805 32.6929572796 33.0614718154 33.1777891141 33.1491621201 32.8676937117 32.6456728264 32.9533933807 32.5425868674 33.0239035253 32.8817619454 32.8573260492 32.9356411438 32.6929472325 32.8925880094 32.5867654272 32.7098584696 33.1332537054 32.9069529222 33.0544887563 32.8641219329 33.1316671029 32.5873949026 33.098041498 33.0902113213 33.0992085787 32.7767393974 32.6271712408 32.9694039326 32.8333006163 32.5826976683 33.0279187529 33.1163522332 33.1868510293 32.8046710133
32.5454588634 32.928567979 33.1476009313 32.8688195568 32.9457598725 32.9688236451 61.2473703455 61.3975455719 61.3975455719 33.1360824319 32.9964753881 32.6349442211 32.6662929395 33.0814413592 32.6467969244 33.0713836426 32.7247306284 33.1416209314 32.7893282134 33.0846073503 32.8871085981 33.1581638929 33.0428489361 32.9027249415 33.1379721762 32.9992932373 32.7387677908 32.653501368 32.7204183458 32.5281423804 32.8037831853 32.7322226714 32.810585077 32.9317603589 32.6833679784 32.5987221001 32.5637293725 32.8689812955 32.6342006772 32.9223680747 32.5034127119 33.1861304937 33.0158638771 32.9115242565 32.6747386776 32.6245651621 32.6834792414 32.7672588488 32.6235346505 33.0219792402 32.8193227257 32.8420645827 32.500570254
32.6654192699 33.0359553643 33.0852416802 32.7948745135 32.5089963839 32.5682703413 32.6079456117 61.3975455719 61.3975455719 50.3710808153 32.9431003969 33.1761970911 33.0173240553 32.8327718192 32.5118540897 32.6436987497 33.050480905 33.0030385624 32.6731953965 32.8950532164 32.8960083624 32.525459246 32.9035593249 32.7086561358 32.8035220981 32.8208333516 32.8063653504 32.5907306505 32.9097641394 32.9127389649 32.8353314103 32.7649268548 32.9095565334 32.9164966853 33.0126651223 32.6756756654 32.5453655159 32.7949670932 32.5672892978 33.1939440529 32.8205047126 32.9827573378 33.1140294983 33.0882195498 33.0686590749 32.590891502 32.7188201193 32.7740401756 33.0633437652 32.5137466666 32.6547705857 32.6371950512 33.033497847
32.6988626765 32.9384946225 33.0969323299 32.9160500722 33.1957291646 32.7213717411 33.046041742 33.0982738402 50.4473039597 50.4473039597 32.5359145545 33.0205356528 32.6190718289 32.9890955313 32.59715574 32.9244428022 33.2020372183 33.0146244367 32.6811826426 32.7518229001 32.7474121629 33.0906701151 32.9897610535 32.9812381337 33.0952262518 32.8373059126 32.8567363384 32.9838520458 32.5814716478 33.0565230018 32.8862679651 32.9382986484 32.5593866125 32.8286163016 32.9967536234 32.6781479932 32.8884315377 32.9668944201 32.9449821581 32.7717934201 32.8016439767 33.157538884 32.7330884753 32.8455895638 33.0682183735 32.6296790114 32.8225909473 32.5343080829 32.5917171248 32.7234400355 32.8006447572 33.1397203225 32.6359563928
32.901160179 32.6334099394 32.6219962397 32.9019624825 32.9861124751 32.8149432125 33.0568039777 62.9976052722 62.9976052722 50.4473039597 33.0818036009 33.1163667989 32.8264681581 32.7391276057 32.7859347783 32.8349723677 33.0497966138 33.0652220391 32.9581885575 32.9844654578 33.0994830152 32.990204518 32.6388043121 32.5641358436 32.9488769541 32.9601543021 32.8213647357 33.0199353679 32.9843910408 32.6671304202 32.8700743619 32.6118151855 32.9438615676 32.6488218284 32.5934263537 32.7110636925 32.5689052723 32.6213832203 32.6268136753 33.017641222 32.5663268825 32.594679369 33.0470887514 32.5580032525 32.8194401922 32.5379873681 33.119585453 33.106621027 33.0558833882 33.2069091699 33.1427684022 32.5927579465 32.846289231
