Spatial_Output/BAU/BAU_0931.asc
NCOLS 155
NROWS 192
XLLCORNER 196307.867259
YLLCORNER 449144.565805
CELLSIZE 33.573938
NODATA_VALUE NaN
[rows 105 to 139 of 192, columns 0 to 78 of 155]
0 0 0 0 0 0 0 0 0 0 0 0 0 0 0 0 0 0 0 0 0 0 0 0 0 44.7371642753 33.8238949456 13.87 13.87 13.87 19 19 19 19 19 19 19 19 19 19 19 19 19 19 19 19 19 19 55.3736959443 55.3736959443 55.3736959443 19 19 19 66.4309995783 66.4309995783 42.53289565 19 19 19 19 19 19 19 19 19 19 19 19 19 19 48.1632777551 48.1632777551 19 52.8458755011 52.8458755011 44.9507310436 19 44.9507310436
0 0 0 0 0 0 0 0 0 0 0 0 0 0 0 0 0 0 0 0 0 0 0 0 76.3567426032 49.8378548573 49.8378548573 49.8378548573 19 19 19 19 19 19 19 19 19 19 19 19 19 19 19 19 19 19 19 19 62.3679505741 55.3736959443 55.3736959443 19 19 19 66.4309995783 66.4309995783 66.4309995783 19 19 19 19 19 19 19 19 19 19 19 19 19 19 19 19 19 52.8458755011 19 19 19 19
0 0 0 0 0 0 0 0 0 0 0 0 0 0 0 0 0 0 0 0 0 0 0 30.6949916754 30.6949916754 42.1207062396 49.8378548573 19 19 19 19 19 19 19 19 19 19 19 19 19 19 19 19 19 19 19 19 19 52.4254626954 52.4254626954 52.4254626954 19 19 19 52.065490264 52.065490264 52.065490264 19 19 19 19 19 19 19 19 19 19 19 19 19 19 19 19 19 19 19 38.5290208425 49.1525232902 19
0 0 0 0 0 0 0 0 0 0 0 0 0 0 0 0 0 0 0 0 0 0 0 30.6949916754 30.6949916754 30.6949916754 39.7746066647 42.1207062396 19 19 19 19 19 19 19 19 19 19 19 19 19 19 19 19 19 19 19 19 19 52.4254626954 19 19 19 19 19 19 19 19 19 19 19 19 19 64.2592657803 64.2592657803 64.2592657803 19 19 19 19 19 19 19 19 19 19 19 60.1365151265 19
0 0 0 0 0 0 0 0 0 0 0 0 0 0 0 0 0 0 0 0 0 0 0 50.37929478 50.37929478 0 0 0 19 19 19 19 19 19 19 19 19 19 19 19 19 19 19 19 19 19 19 19 53.633635039 43.119369126 43.119369126 19 19 19 19 19 19 19 19 19 19 19 19 64.2592657803 64.2592657803 64.2592657803 19 19 19 19 19 19 19 19 19 19 60.1365151265 60.1365151265 19
0 0 0 0 0 0 0 0 0 0 0 0 0 0 0 0 0 0 0 0 0 0 50.37929478 50.37929478 50.37929478 0 0 0 0 19 19 19 19 19 19 19 19 19 19 19 19 19 19 19 19 19 19 19 43.119369126 43.119369126 43.119369126 19 19 19 19 56.0324946348 56.0324946348 63.7176103317 19 19 19 37.3256504094 45.0569293754 48.9282878678 48.9282878678 48.9282878678 19 51.6920948342 19 19 37.5471383965 40.922771271 19 45.8934071385 19 62.5670698525 60.1365151265 60.1365151265 49.1525232902
0 0 0 0 0 0 0 0 0 0 0 0 0 0 0 0 0 0 0 0 0 50.37929478 50.37929478 50.37929478 0 0 0 0 0 19 19 19 19 19 19 19 19 19 19 19 19 19 19 19 19 19 19 19 42.4794892746 55.530613348 55.530613348 19 19 58.2531983865 56.0324946348 39.418033641 63.7176103317 63.7176103317 19 64.0827446334 19 59.9381670218 67.8650847865 48.9282878678 48.9282878678 48.9282878678 48.2598039528 51.6920948342 51.6920948342 37.5471383965 37.5471383965 37.5471383965 19 45.8934071385 19 45.8934071385 19 42.7529008633 53.7174997501
0 0 0 0 0 0 0 0 0 0 0 0 0 0 0 0 0 0 0 0 0 50.37929478 50.37929478 0 0 0 0 0 0 0 19 19 19 19 19 19 19 19 19 19 19 19 19 19 19 19 19 19 55.3376718399 68.0582858539 68.0582858539 39.1732850319 19 19 58.2531983865 39.418033641 39.418033641 39.418033641 19 19 19 59.9381670218 67.8650847865 64.9754847976 64.9754847976 48.2598039528 48.2598039528 51.6920948342 51.6920948342 19 37.5471383965 19 40.922771271 45.8934071385 45.8934071385 62.5670698525 19 19 19
0 0 0 0 0 0 0 0 0 0 0 0 0 0 0 0 0 0 0 0 0 0 0 0 0 0 0 0 0 0 0 19 19 19 19 19 19 19 19 19 19 19 19 19 19 19 19 19 64.0449970358 55.3376718399 64.0449970358 48.4893125766 56.5494710788 56.5494710788 39.418033641 39.418033641 39.418033641 19 19 19 19 19 19 64.9754847976 64.9754847976 64.9754847976 19 19 19 19 19 19 19 19 19 19 19 19 19
0 0 0 0 0 0 0 0 0 0 0 0 0 0 0 0 0 0 0 0 0 0 0 0 0 0 0 0 0 0 0 19 19 19 19 19 19 19 19 19 19 19 19 19 19 19 19 19 19 39.9887707554 32.7161227723 35.9723430616 35.9723430616 60.5829597038 56.5494710788 56.5494710788 19 19 19 19 19 19 42.9874251828 42.9874251828 42.9874251828 19 19 19 19 19 19 19 19 19 19 19 19 19 19
0 0 0 0 0 0 0 0 0 0 0 0 0 0 0 0 0 0 0 0 0 0 0 0 0 0 0 0 0 0 0 0 19 19 19 19 19 19 19 19 19 19 19 19 19 19 19 19 19 64.9528959129 64.9528959129 35.9723430616 35.9723430616 60.5829597038 19 19 19 19 19 19 19 19 19 46.360968641 42.9874251828 19 19 19 19 19 19 19 19 19 19 19 19 19 19
0 0 0 0 0 0 0 0 0 0 0 0 0 0 0 0 0 0 0 0 0 0 0 0 0 0 0 0 0 0 0 0 19 19 19 19 19 19 19 19 19 19 19 19 19 19 19 19 64.9528959129 64.9528959129 64.9528959129 64.9528959129 60.5829597038 19 53.9678858502 19 19 19 19 19 19 19 19 19 19 19 19 19 19 19 19 19 19 19 19 19 19 19 19
0 0 0 0 0 0 0 0 0 0 0 0 0 0 0 0 0 0 0 0 0 0 0 0 0 0 0 0 0 0 0 0 0 19 19 19 19 19 19 19 19 19 19 19 19 19 19 19 19 36.8071835791 45.5786474391 19 19 19 53.6501198775 19 19 19 19 19 19 19 19 19 19 19 19 19 19 19 19 19 19 19 19 19 19 19 19
0 0 0 0 0 0 0 0 0 0 0 0 0 0 0 0 0 0 0 0 0 0 0 0 0 0 0 0 0 0 0 0 0 19 19 19 19 19 19 19 19 19 19 19 19 19 55.2631703605 55.2631703605 37.4130061755 45.5786474391 45.5786474391 40.9448257565 19 19 19 19 19 19 19 19 19 19 48.1645707207 19 19 19 19 19 19 19 19 19 19 19 19 19 19 19 53.415043295
0 0 0 0 0 0 0 0 0 0 0 0 0 0 0 0 0 0 0 0 0 0 0 0 0 0 0 0 0 0 0 0 0 0 19 19 19 19 19 19 19 19 19 19 51.9953500759 51.9953500759 55.2631703605 35.3219611147 35.3219611147 45.5786474391 45.5786474391 40.9448257565 40.9448257565 40.9448257565 19 19 19 19 19 19 19 48.1645707207 48.1645707207 19 19 19 19 19 19 19 19 19 19 19 19 19 19 53.415043295 53.415043295
0 0 0 0 0 0 0 0 0 0 0 0 0 0 0 0 0 0 0 0 0 0 0 0 0 0 0 0 0 0 0 0 0 0 0 19 19 19 19 19 46.3050068355 19 46.3050068355 19 51.9953500759 51.9953500759 19 19 35.3219611147 35.3219611147 38.0603442372 40.9448257565 19 19 19 19 19 19 19 19 19 19 19 19 19 19 19 19 19 19 19 19 19 19 19 19 19 19 19
0 0 0 0 0 0 0 0 0 0 0 0 0 0 0 0 0 0 0 0 0 0 0 0 0 0 0 0 0 0 0 0 0 0 0 19 44.9692828487 19 43.6883835808 47.5166685456 47.5166685456 47.5166685456 46.3050068355 46.3050068355 19 51.9953500759 19 19 35.3219611147 19 19 19 19 19 19 19 19 54.3406088449 19 19 19 19 19 19 19 19 19 19 19 19 19 19 19 19 19 19 19 19 19
0 0 0 0 0 0 0 0 0 0 0 0 0 0 0 0 0 0 0 0 0 0 0 0 0 0 0 0 0 0 0 0 0 36.6976416792 54.2211139723 45.4769800209 44.9692828487 44.9692828487 43.6883835808 19 47.5166685456 46.3050068355 19 19 19 19 19 19 19 19 19 19 19 19 19 19 19 19 51.5939639234 51.5939639234 19 19 19 19 19 19 19 19 19 19 19 19 19 19 19 19 19 19 19
0 0 0 0 0 0 0 0 0 0 0 0 0 0 0 0 0 0 0 0 0 0 0 0 0 0 0 0 0 0 50.3760559484 40.4301407631 34.8606147687 37.7341487108 40.2825335674 45.4769800209 44.9692828487 44.9692828487 19 43.6883835808 47.5166685456 19 19 19 19 19 19 39.3609778982 19 19 19 19 19 19 19 19 19 19 51.5939639234 19 38.4368039369 19 19 19 19 19 19 19 19 19 19 19 19 19 19 19 19 19 19
0 0 0 0 0 0 0 0 0 0 0 0 0 0 0 0 0 0 0 0 0 0 0 0 0 0 0 0 58.0115917969 62.5558646622 42.1741765039 50.1666644559 40.1577860827 40.2762471594 34.2603940442 45.4769800209 43.6984127257 19 19 19 19 19 19 19 19 19 19 19 19 19 19 19 19 19 19 19 19 19 19 54.0495498767 34.1333109162 19 19 19 19 19 19 19 19 19 19 19 19 19 19 19 19 19 19
0 0 0 0 0 0 0 0 0 0 0 0 0 0 0 0 0 0 0 0 0 0 0 0 0 42.8988405735 50.6741216216 49.5871154865 62.5558646622 62.5558646622 42.1741765039 50.3760559484 28.9419204789 37.6015915513 36.1099437658 54.7063549248 0 0 19 19 19 19 19 19 19 40.7294313113 19 42.4812636352 19 19 19 19 19 19 19 19 19 19 19 34.1333109162 34.1333109162 55.4247290334 19 19 19 19 19 19 19 19 19 19 19 19 19 19 19 19 19
0 0 0 0 0 0 0 0 0 0 0 0 0 0 0 0 0 0 0 0 0 0 0 0 0 42.8988405735 50.6741216216 49.5871154865 62.5558646622 62.5558646622 42.1741765039 50.3760559484 40.1334576828 45.1332057357 0 0 0 0 19 19 19 19 19 19 19 42.4812636352 42.4812636352 42.4812636352 40.7294313113 19 19 19 19 19 19 19 19 60.1643044268 60.1643044268 35.7965886126 34.1333109162 55.4247290334 33.7587570662 19 19 19 19 19 19 19 19 19 19 19 19 19 19 19 19
0 0 0 0 0 0 0 0 0 0 0 0 0 0 0 0 0 0 0 0 0 0 0 0 0 57.1963571753 42.8988405735 49.5871154865 49.5871154865 50.6089134352 0 0 0 0 0 0 0 0 0 19 19 19 19 19 19 19 42.4812636352 42.4812636352 19 48.7500575071 52.5466658795 19 19 19 19 19 19 60.1643044268 60.1643044268 56.1975507241 46.5035398492 56.8683225923 56.8683225923 19 19 19 19 19 19 19 19 19 19 19 19 40.1943215853 40.1943215853 19 41.5123003767
0 0 0 0 0 0 0 0 0 0 0 0 0 0 0 0 0 0 0 0 0 0 0 0 0 0 0 0 0 0 0 0 0 0 0 0 0 0 0 0 19 19 19 19 19 19 19 19 45.0149185374 19 52.5466658795 52.5466658795 19 19 19 19 19 60.1643044268 19 19 56.8683225923 56.8683225923 74.3704005102 19 34.5957289114 54.2682044568 76.9380431593 46.8554021877 31.5372355747 31.5372355747 19 19 19 19 19 40.1943215853 40.1943215853 40.1943215853 41.5123003767
0 0 0 0 0 0 0 0 0 0 0 0 0 0 0 0 0 0 0 0 0 0 0 0 0 0 0 0 0 0 0 0 0 0 0 0 0 0 0 0 0 19 19 19 19 19 19 19 45.0149185374 45.0149185374 52.5466658795 44.0540184656 19 19 19 19 19 19 19 19 19 19 48.8346581178 48.8346581178 34.5957289114 34.5957289114 34.5957289114 31.5372355747 31.5372355747 31.5372355747 19 19 19 19 19 19 40.1943215853 19 41.5123003767
0 0 0 0 0 0 0 0 0 0 0 0 0 0 0 0 0 0 0 0 0 0 0 0 0 0 0 0 0 0 0 0 0 0 0 0 0 0 0 0 0 19 19 19 19 19 19 19 45.0149185374 45.0149185374 19 19 19 19 19 19 19 19 19 19 43.3952830936 43.3952830936 48.8346581178 48.8346581178 34.5957289114 34.5957289114 76.9380431593 19 62.5014308474 19 19 19 19 19 19 19 19 19 19
0 0 0 0 0 0 0 0 0 0 0 0 0 0 0 0 0 0 0 0 0 0 0 0 0 0 0 0 0 0 0 0 0 0 0 0 0 0 0 0 0 0 19 19 19 19 61.4141516276 39.4564004075 19 19 19 19 19 19 19 19 19 19 19 43.7061531046 43.3952830936 19 43.3952830936 19 19 19 19 19 19 19 19 19 19 19 19 19 19 19 19
0 0 0 0 0 0 0 0 0 0 0 0 0 0 0 0 0 0 0 0 0 0 0 0 0 0 0 0 0 0 0 0 0 0 0 0 0 0 0 0 0 0 0 19 19 61.4141516276 61.4141516276 19 19 19 19 19 19 19 19 52.7644396441 81.5583829575 53.5941865196 53.5941865196 47.9454014575 19 19 19 19 42.3548787146 19 19 19 19 19 19 19 19 19 19 19 19 19 19
0 0 0 0 0 0 0 0 0 0 0 0 0 0 0 0 0 0 0 0 0 0 0 0 0 0 0 0 0 0 0 0 0 0 0 0 0 0 0 0 0 0 0 19 19 19 61.4141516276 19 19 19 19 19 19 52.6947602048 65.3378298145 34.1777284023 81.5583829575 81.5583829575 53.5941865196 47.9454014575 43.7061531046 19 63.1581530121 63.1581530121 63.1581530121 63.1581530121 19 19 19 19 19 19 19 19 19 19 19 19 19
0 0 0 0 0 0 0 0 0 0 0 0 0 0 0 0 0 0 0 0 0 0 0 0 0 0 0 0 0 0 0 0 0 0 0 0 0 0 0 0 0 0 0 0 19 44.0467413177 50.5374794901 50.5374794901 19 19 19 19 19 52.6947602048 65.3378298145 65.3378298145 81.5583829575 81.5583829575 53.5941865196 19 19 19 19 63.1581530121 63.1581530121 19 19 19 19 19 19 19 19 19 19 19 19 19 19
0 0 0 0 0 0 0 0 0 0 0 0 0 0 0 0 0 0 0 0 0 0 0 0 0 0 0 0 0 0 0 0 0 0 0 0 0 0 0 0 0 0 0 0 19 50.5374794901 19 19 19 19 19 19 19 19 19 65.3378298145 19 19 19 19 19 19 19 19 19 19 19 19 19 19 19 19 19 19 19 19 19 19 19
0 0 0 0 0 0 0 0 0 0 0 0 0 0 0 0 0 0 0 0 0 0 0 0 0 0 0 0 0 0 0 0 0 0 0 0 0 0 0 0 0 0 0 0 19 19 50.5374794901 19 19 19 19 52.0846169386 19 19 19 19 19 19 19 19 19 19 19 19 19 19 19 19 19 19 19 19 19 19 19 19 19 19 19
0 0 0 0 0 0 0 0 0 0 0 0 0 0 0 0 0 0 0 0 0 0 0 0 0 0 0 0 0 0 0 0 0 0 0 0 0 0 0 0 0 0 0 0 0 19 19 19 19 19 19 19 19 52.0846169386 19 19 19 19 19 19 19 19 19 19 19 19 19 19 19 19 19 19 19 19 19 19 19 19 19
0 0 0 0 0 0 0 0 0 0 0 0 0 0 0 0 0 0 0 0 0 0 0 0 0 0 0 0 0 0 0 0 0 0 0 0 0 0 0 0 0 0 0 0 0 19 19 19 19 19 19 19 19 19 19 19 19 19 19 19 19 19 19 19 19 19 19 19 19 19 19 19 19 19 19 19 19 19 19
0 0 0 0 0 0 0 0 0 0 0 0 0 0 0 0 0 0 0 0 0 0 0 0 0 0 0 0 0 0 0 0 0 0 0 0 0 0 0 0 0 0 0 0 0 19 19 19 19 19 19 19 19 19 19 19 19 19 19 19 19 19 19 19 19 19 19 19 19 19 19 19 19 19 19 19 19 19 19
