Spatial_Output/BAU/BAU_0675.asc
NCOLS 155
NROWS 192
XLLCORNER 196769.923733
YLLCORNER 449719.875193
CELLSIZE 27.603701
NODATA_VALUE NaN
[rows 92 to 114 of 192, columns 0 to 52 of 155]
0 0 0 0 0 0 0 25.4435714342 25.0470210184 28.5871323567 27.2752374592 27.1941079348 28.9962548589 28.3426762391 26.1754100111 28.8421079436 26.60758365 28.6315968792 28.4962790108 29.1525537953 27.3544346507 26.0270314342 29.11082974 25.6467547191 26.1838957752 25.3739171871 26.6026246654 29.0158111969 26.067569715 26.5557987915 27.3390430794 27.1470717014 25.1940300276 25.8293483454 28.367981208 25.5716433448 26.3236473438 26.2373692675 28.7565649478 29.0795006771 28.9419591837 25.6383001529 29.0240948277 50.8414571439 50.8414571439 26.5362141804 25.0005903669 26.2592795217 28.1820429881 26.4308969207 25.4986260887 28.4195550299 25.8806553418
0 0 0 0 0 0 0 0 25.7960145312 26.0139270197 25.2976796014 25.8472897124 27.9325599882 27.928097846 28.425763159 26.6022846107 27.6508229435 28.3490050924 27.3202881633 28.258004126 26.8265614748 26.817281305 26.1407308291 27.0440609377 27.4009596046 25.0346551042 25.4901473482 26.2971501235 26.7076966645 29.0997024406 27.8879194985 27.9108092162 25.7297579649 25.1342269022 28.9406088533 27.4691270456 28.7946375109 28.045871513 26.3211888468 28.7650529083 26.2280066056 28.0192660258 50.8414571439 50.8414571439 50.8414571439 27.7983298438 29.0350501621 27.4537919586 26.27900187 28.2411903926 26.9835459889 26.6458167023 25.8438492035
0 0 0 0 0 0 0 0 0 0 26.4830011793 27.7906641807 28.562454275 27.7457830202 29.1461725423 28.0728276987 27.1717076263 27.9370036276 25.2083406808 27.4318075 28.3135469899 28.1813032724 28.1028758959 26.3715102606 25.9807380682 27.3857732469 27.479791001 28.5824143319 28.848881785 28.5465857585 27.7753446179 28.9163922136 27.5817921363 26.587890473 27.2877320735 25.7173010168 25.181542426 26.7073233924 29.0802636977 25.2810104882 27.7123663844 28.4376170009 25.3240466887 26.6222236696 26.712092821 28.0767926446 25.2904923557 27.9128012092 26.5912387427 27.5999125578 28.9443394502 25.7716869254 26.1519214906
0 0 0 0 0 0 0 0 0 0 28.5289362396 25.7678484757 29.2009676796 26.8658941363 29.0168600029 28.6621507852 27.8861424766 26.4174394814 26.0220770854 27.9735891142 25.9372360666 27.0726587174 27.5815981123 27.2719941991 26.2797539534 27.2425836652 28.5668356954 26.2948232595 27.4331897226 26.4893363259 27.3286530043 28.9016930709 25.3314125092 26.5874213885 27.0791274949 28.9717978413 25.2106108099 27.9650829604 28.9679765284 25.9830334126 25.1507232643 26.7940746666 28.6574552002 28.1808432433 26.6797842802 26.3784342368 25.7960565576 26.0077030448 25.8051946365 27.8548656207 28.5588139618 27.9812276121 28.3648497358
0 0 0 0 0 0 0 0 0 0 25.7096167956 26.3117754751 25.9659583275 25.458019483 25.3727746329 27.0364693484 25.0106627114 29.1607920962 26.6287004852 29.1204740908 25.2567125171 28.4599690291 29.1017013257 26.8414147865 27.0527584394 27.5997458466 28.4883218201 25.3609326613 25.9554618377 26.5160688885 27.8392416811 28.1026783424 27.2101009597 25.6429502537 29.2265050447 27.0645600556 26.3913193197 27.7172010535 28.9940590353 26.7609463486 27.3461199766 28.0625176455 28.0694137491 26.4053321428 29.1014401115 28.4129217859 28.4558597255 26.8656865937 29.0123536397 26.4169425581 25.1941563815 27.1558063495 25.2002172578
0 0 0 0 0 0 0 0 25.3749289984 27.7643990256 25.8573271364 27.464744811 26.9500597811 26.8334301825 29.1747382424 28.4625756246 27.5235050724 26.5005969345 29.1210483544 25.7940105545 27.315613932 25.4596225326 26.7995221141 28.1407191522 27.3489219916 25.580469368 28.8730777969 26.2945608994 74.435529564 28.9464698015 26.4577309688 26.5944786104 29.1236954332 27.125716223 28.0278857883 27.2783878064 25.52934348 28.9011504418 28.6343609585 26.2779841467 49.6531074577 26.2174418615 25.1363048757 25.57778982 25.2041515311 26.6387221448 26.4580746798 43.7988918029 27.8141122481 41.0070374081 54.8158429906 66.4033990933 58.9690192881
0 0 0 0 0 0 0 27.7592727979 26.2939188452 26.5436459808 28.4379054364 25.4088288253 26.3427253119 25.4078440559 27.0367908862 26.8910496585 29.0603471816 26.6093191584 27.4102215809 28.9838188077 27.5422130591 27.1396450935 28.9929917411 26.9623105254 35.8358549355 36.2912657624 27.5684450187 25.5689651603 74.435529564 74.435529564 26.1410100535 27.2929408182 26.4362097485 26.1059906362 27.2994025311 28.8683978682 28.9373050664 69.2474207599 69.2474207599 49.6531074577 49.6531074577 28.8710792546 25.3371676068 59.8484015032 27.2014166737 29.0740592058 28.1534799035 43.7988918029 43.7988918029 44.839300086 66.4033990933 66.4033990933 66.4033990933
0 0 0 0 0 0 0 29.184115874 28.6251480202 26.807880456 27.0847159915 26.5458959447 26.6344428588 26.4643937108 26.9379429629 27.8275010848 25.252156754 28.4287858672 25.2325797458 26.7308176728 25.5834035228 28.9325176713 26.8929861205 29.1456819113 35.8358549355 35.8358549355 35.8358549355 26.3812238772 74.435529564 75.1424163474 27.5913117382 74.6795458737 74.6795458737 25.8354888752 27.4205887067 27.3250806941 26.6874259359 26.7242665494 69.2474207599 27.8377466942 49.6531074577 26.1321501982 27.435436754 56.9924441314 59.8484015032 25.1641688848 27.5666569541 43.7988918029 25.1667097523 25.2489000914 66.4033990933 66.4033990933 58.9690192881
0 0 0 0 0 0 0 0 27.8408992915 25.0273976659 28.9251185302 28.9417597632 25.3898420272 27.7957269936 25.0818341257 25.166234201 25.4900415926 26.4053471029 27.8573450945 28.026915179 26.4107645531 25.4710758539 28.2450063024 26.9198057877 28.9654331747 35.8358549355 36.2912657624 25.3222508097 25.6773306837 27.7678166403 27.7545825847 28.6273704654 27.421104766 25.8198209367 29.0991628726 27.3077610743 27.7170304444 26.1406267709 27.3895378835 28.911432331 25.5530400788 25.255950033 56.9924441314 56.9924441314 56.9924441314 29.2138860531 29.1826017629 28.8675275081 25.289362939 45.7856060295 45.7856060295 45.7856060295 25.0549073557
0 0 0 0 0 0 0 0 0 25.4134686991 28.4754359409 27.6067150813 27.7801203899 26.1027897223 26.3333574684 28.0724172694 29.050833166 28.6676628878 27.8506826904 28.8874343589 29.0418655877 47.1081309034 28.4257441742 42.5335206077 26.3629444194 26.6551647855 26.2731419891 27.1131384068 27.23623536 26.5177984205 25.4362643969 26.3399425588 29.1145411119 25.7722338971 27.9861714271 28.6696805973 25.3991111105 26.8454813419 28.5607702851 27.8357571177 29.1595190099 25.3826258067 63.3158012695 76.0402342497 63.3158012695 25.113140345 25.1089239156 25.3709653642 26.6015641989 28.3219150647 46.5825937874 46.5825937874 27.2904593376
0 0 0 0 0 0 0 0 0 0 0 28.993375723 27.5632246677 28.2420705844 27.3164200842 28.8599180688 26.9728695964 28.0613144602 28.6595146377 26.3852616689 54.4157591343 54.4157591343 54.4157591343 27.7606121622 27.3469972809 26.8803308898 25.1826216299 26.4545499892 29.0726858762 26.7227772217 27.1586575597 28.6676869579 27.4086708571 27.2693155142 25.7224941315 27.8490820495 29.2158677556 27.6904709233 25.6845150977 25.3851881909 28.9270182751 27.2194895517 76.0402342497 38.1313363425 76.0402342497 25.1257587631 29.0574681815 28.2414292967 25.6690001246 46.5825937874 46.5825937874 46.5825937874 28.7923786383
0 0 0 0 0 0 0 0 0 0 0 0 0 0 25.7074255652 28.4642108914 25.6860323026 28.3963385146 25.8046247327 47.505686126 54.4157591343 54.4157591343 54.4157591343 26.4996212484 27.7193140404 26.0272408568 29.2188636836 26.2864943976 26.681706117 27.3822726258 25.1420360991 26.8475911707 25.5823404993 25.7131184375 26.1214320458 25.7095831706 29.1004113888 27.3871838898 25.5638720641 27.7525106966 26.9544381609 25.0457860259 38.1313363425 38.1313363425 38.1313363425 26.9109917098 28.9497013606 25.1450070177 28.80174248 26.3278932148 28.0755792714 27.2541794621 25.7861633418
0 0 0 0 0 0 0 0 0 0 0 0 0 0 0 28.1327641033 26.6311213229 28.449532334 25.9524744228 47.505686126 47.505686126 49.8393412892 54.4157591343 25.3624035541 28.0077400171 25.9765954966 27.1608048908 26.0778371233 26.978808803 28.6005198101 27.0319725798 25.1352261077 25.8709739067 28.9244687849 27.8448633479 28.0830744057 25.2892880601 26.0364449543 25.2841503257 26.6479852671 28.6193934224 27.3137647987 26.242655473 38.1313363425 28.2370563255 29.0976667993 28.3500631375 26.196977322 25.1112526361 26.958509887 26.448172361 26.5932824801 25.9951582157
0 0 0 0 0 0 0 0 0 0 0 0 0 0 0 28.8630441807 28.4931398698 64.6146216929 64.6146216929 28.9778011669 47.505686126 28.3362248036 26.3003372846 28.478119323 26.7883529589 28.9882271412 25.4166313617 27.9600625336 27.6879139205 26.9384251759 27.4062699446 26.5584953879 27.8925566204 26.454194773 27.9648184444 25.8458584235 26.7264764434 25.9778541308 25.8398922911 28.266237843 25.7382068814 25.2810847891 42.9636151205 25.8843641359 42.9636151205 26.4694931757 25.3456549597 27.809686021 28.2065077438 29.2344954827 27.4474929637 27.6718096774 27.9875576294
0 0 0 0 0 0 0 0 0 0 0 0 0 0 0 0 58.2053228592 64.6146216929 64.6146216929 45.0232976533 26.6351078651 28.529726775 28.1344326182 27.2698968724 25.3694603265 27.5783741158 27.5939496356 25.7846739175 26.3203279804 28.2578512121 27.8396029898 29.1212922731 27.984102516 28.9709420693 28.4061310642 25.3705877445 28.4787623447 25.0788334005 28.605360908 27.2328746442 27.1366165339 27.1589176571 28.183785562 27.0655432001 27.7102685633 25.9306537077 26.206306631 26.9514856775 27.4420224648 28.4067956207 27.7749999568 25.7787487145 26.5211297209
0 0 0 0 0 0 0 0 0 0 0 0 0 0 0 47.2539118802 41.3989110964 43.4562525861 64.6146216929 28.4105983078 29.0510115203 28.6761155844 26.4916940552 27.3705354721 25.6036038595 25.2064193184 26.4890869348 28.9700966125 26.8220186465 28.4344220555 27.7568810833 27.3372637849 26.093422319 26.6515914305 26.9345551553 27.4279547172 28.0025832223 25.7965089736 25.460528357 27.9401833578 25.2312118847 28.0775379667 28.3333468438 25.9340125338 27.4650723021 26.9023832556 25.8235989647 27.5444762928 27.123043273 25.9270092237 27.1228719534 26.3047138721 27.6918339057
0 0 0 0 0 0 0 0 0 0 0 0 0 0 74.3448679699 35.3226627251 38.3796634575 41.2883973895 28.7094440861 27.3820230575 28.892307419 26.7149378635 25.4328707882 27.4047298784 28.1528964271 28.027520422 28.6505362785 26.9276020187 26.8228144153 26.2783602697 27.2755360554 25.6827615885 28.3203321465 25.8256349844 25.9038479076 26.5653438197 27.9970282011 29.0006688696 25.5809783766 28.0205294718 26.9313220407 25.0500522661 25.0728428945 25.1709306552 28.0262053119 25.952949788 25.5214031998 26.9447074317 28.7539013461 28.700578288 26.3342199876 26.4509573759 27.4976604232
0 0 0 0 0 0 0 0 0 0 0 0 0 0 57.6235635843 45.749493608 43.5283836176 45.0259175258 28.7270991096 26.2198959471 26.3240723966 26.931391993 28.2971534642 26.505225487 28.9701259806 25.9222179192 27.4695646861 28.0509942762 28.6837962621 28.7797080426 27.3874320404 25.1661795371 26.6938505379 25.206876648 28.3907877034 27.1265298724 26.2828313115 28.6193413303 29.1368175857 27.544969154 26.6771618282 29.0569533329 29.043151308 41.5256123383 28.9193551438 26.2174817818 28.1523667696 28.9606710468 27.7425875523 42.9879883616 42.9879883616 42.9879883616 28.9208829174
0 0 0 0 0 0 0 0 0 0 0 0 0 0 0 57.6235635843 57.6235635843 29.154510452 25.9767344265 29.0025153416 26.2810106931 25.8858410494 29.1937007436 25.5589087292 28.9060266264 27.3799767395 28.5640508834 25.4175714072 26.438778302 26.2105285757 25.0106831166 25.9555275298 28.4461352115 27.3974192946 25.5406583699 25.4605086706 28.8664126262 25.5663660149 27.7487987973 28.564070308 29.2343042458 25.3874684537 41.5256123383 41.5256123383 29.0810681776 28.3081132692 28.8520472778 26.2283497536 28.6606502761 53.7176009127 42.9879883616 42.9879883616 26.5294342951
0 0 0 0 0 0 0 0 0 0 0 0 0 0 0 0 0 25.3210345515 28.0267593239 25.1137729989 28.81810659 26.5850694939 25.7910756807 27.4408980712 25.3655774758 27.5570236596 28.0728901348 28.2604557485 25.2398395821 28.7411665134 25.3338261944 25.1112812358 26.4775955057 27.565557932 27.3993071567 27.1841240313 25.7088699801 26.4247807284 25.0840320219 28.3897840122 26.2247851452 27.2728716067 25.30128077 28.5825069813 25.7739317289 25.3020693047 27.0481897019 28.8094726188 28.9055679592 26.0523954289 61.0246785541 25.9094749339 25.2350485537
0 0 0 0 0 0 0 0 0 0 0 0 0 0 0 0 0 0 26.7818322946 26.1584837425 28.0464383927 25.4949526373 25.5867181452 28.916191866 27.8407881858 29.2058915972 27.1504668669 25.6245675983 28.8869863334 28.0316047343 28.4970917783 25.8528124221 25.9656830834 25.5392036779 26.8752165831 26.5574003554 25.1465368723 28.660892142 27.5256440286 25.2004555885 25.165316825 26.1742113606 29.2174190874 27.0743709057 26.4651174167 25.0177718118 25.1057801793 25.6497648381 28.4326118869 61.0246785541 61.0246785541 27.6833770922 25.0646630423
0 0 0 0 0 0 0 0 0 0 0 0 0 0 0 0 0 0 26.1642128259 25.2767399708 26.4101519548 25.2764739874 25.1980044527 29.0254910928 28.4549398138 25.4574470713 28.8099127699 25.954037186 25.7195359903 27.3880505358 26.5977369546 26.8984750132 25.0007777665 25.1998440577 28.915777075 27.2926477335 27.2013155468 28.4376580273 25.0254688473 28.163224312 27.71890847 26.3874779965 28.93032096 26.7235165766 50.0237880989 29.1375375331 27.1119566882 25.1326814979 28.4236217143 61.6879586306 61.6879586306 28.136054328 25.6862886234
0 0 0 0 0 0 0 0 0 0 0 0 0 0 0 0 0 0 0 26.3238095456 28.643240483 27.6420596157 27.8900981786 27.1216873646 27.3271094043 25.7226313616 27.9755109519 28.5848230665 26.5913218993 25.4232173438 26.8313248454 26.4353964551 26.7205965946 26.1594125182 28.8889185535 27.9923131854 28.9009335455 27.1778389425 29.181161246 27.9862878934 25.7747123135 26.9044073518 29.224304685 26.3156399842 27.4529179928 50.0237880989 27.7333973662 26.1961205529 25.7595733785 51.1551576025 51.1551576025 61.6879586306 26.9728479371
