Spatial_Output/BAU/BAU_0273.asc
NCOLS 155
NROWS 192
XLLCORNER 196307.867259
YLLCORNER 449144.565805
CELLSIZE 33.573938
NODATA_VALUE NaN
[rows 25 to 49 of 192, columns 57 to 113 of 155]
44.5188909281 44.5402335362 44.5210690956 59.6146784579 64.3754297859 64.3754297859 45.1842438656 45.1212595448 69.1441355301 69.1441355301 44.8227716903 44.803868794 44.5775469491 44.9964682168 44.6624873012 44.9524923399 44.68750886 44.9482186856 45.1522666972 44.5583807428 44.839842262 45.1430261448 44.5209974995 45.1012628785 0 0 0 0 0 0 0 0 0 0 0 0 0 0 0 0 44.6896322438 44.8092234476 44.8136305097 44.7127643488 44.7306811212 44.701946489 44.6480523012 44.6465309083 44.7997340745 44.9667117132 45.0642631017 44.8252955937 44.6545628311 44.7588439785 44.5663263126 45.0920259697 44.5905345536
44.7907381043 44.8709193234 44.5004518419 44.7756125123 64.3754297859 64.3754297859 58.8426777646 69.1441355301 69.1441355301 69.1441355301 56.2854531382 44.5355464005 44.8148962577 44.5894913309 44.7949710872 44.8388399475 45.1921530985 44.8546578868 44.743140751 44.6571181073 44.7868219283 44.5124415368 45.1209317359 45.0596768321 44.5078990689 45.1200388158 0 0 0 0 0 44.6076064255 44.9363088465 44.5791510476 44.8385917596 44.5767927689 0 0 0 0 45.1067006301 44.8374059656 44.6141156192 44.9565766441 45.0731505926 45.1236948273 44.7526454971 45.1461269783 44.590014677 45.0879244462 44.7510425202 44.9054664353 44.7615456907 44.9182503103 44.9217878175 45.1535186894 44.7677057353
44.5618156985 44.703396433 44.809676846 44.5775649409 55.1172530278 58.8426777646 63.1321707459 63.1321707459 63.1321707459 59.5709065952 59.5709065952 59.5709065952 44.8375918486 44.6356956391 45.2040893376 44.9311839205 44.751024263 44.9125326148 44.9162587447 45.0781683014 44.8630692251 44.6992077545 44.8632204986 44.7865958932 44.7889686477 44.8675652276 44.7300839887 44.654718404 44.7105423071 45.2035391768 44.707315709 44.5510546574 45.1111460607 44.7448257968 44.5471979965 44.8533492122 44.9298702625 44.8010494241 0 45.081224519 44.5224817291 44.7286361744 44.6714291087 44.9021294829 44.9388129881 44.5812179551 44.7390675664 44.5271157635 44.6418776852 44.7055496518 44.5308715786 44.8518638718 44.9638643018 44.6152937097 44.7378046731 44.6527195659 44.5763092115
45.1957630778 44.5102870024 45.1666920836 44.9581218744 64.8837011801 58.8426777646 63.1321707459 63.1321707459 67.8228055744 59.5709065952 59.5709065952 73.5931849136 44.9229780842 44.7701140736 45.087445553 44.8686808767 44.6653769417 44.7701289438 44.5888613377 44.5371574099 44.7902390044 45.1572323324 44.598850012 45.0449550665 44.9059533452 44.5947990016 45.0439998438 45.0747630404 45.204038988 44.8862655508 45.0970384076 44.7631303444 44.741255723 44.5358767428 44.8778599481 45.0058764837 45.0430643935 45.0313030201 44.722967221 44.8513825054 45.0922744295 44.5701894975 44.7719407727 44.6051490453 44.73552737 45.0260438556 44.8405759878 45.1290076181 44.6879620758 44.8780954173 44.9743185361 44.5675049904 45.1275332137 44.975906148 44.8687287669 44.9293246931 45.1852617005
45.1749618224 44.7039248819 44.9374434771 73.4392538682 73.4392538682 64.8837011801 45.1053075285 60.7154977823 67.8228055744 73.5931849136 76.1213367066 76.1213367066 74.1683377626 44.6885203112 45.0538198925 44.5288387154 45.1287801944 44.8323205236 44.5734241587 44.8716401823 44.7997250334 45.1979523566 44.8970449065 44.9002224971 44.5488254261 44.8950132605 44.7724805122 44.9983782535 44.9260683144 44.8341199078 44.9547774797 44.570738536 44.9052076028 44.9538914227 44.9810543218 44.897985098 45.1108127182 44.5714691824 44.937313549 45.0725037137 45.1116390025 44.751216407 45.1160049374 44.6250356085 44.6647357134 45.1166167203 44.8836800437 45.162719152 44.6283070647 44.7053021759 44.8350000259 45.0752814714 45.0535340832 45.1786832477 44.5967334109 44.8577831134 44.9409759045
44.9121447431 44.6676601159 44.5671669042 73.4392538682 54.972206543 54.972206543 71.6596263632 74.274180854 67.8228055744 73.4351480093 76.1213367066 76.1213367066 76.1213367066 45.1297414975 44.6991682986 45.1576373969 44.7969835722 44.9726396119 44.7755568749 44.9374614976 44.5612584888 45.0287123227 44.7826495951 44.6310972733 44.590608851 45.1980950693 45.0790433872 44.9307464998 44.5736221389 45.1390932918 45.1830180311 44.6151013204 45.0049970414 44.9164981926 44.663385933 45.0741770159 44.7045256513 44.7238347509 45.0876964951 44.8854023467 44.8273128153 44.6304832697 44.8451526013 44.7147149141 44.6509029602 45.1160910336 44.764139945 44.8701456973 44.7694118531 44.5613517489 45.1536271918 44.7184214626 45.1740949301 44.6423450817 44.6026745357 44.5253068756 44.9002692116
44.5943743139 44.6876628922 45.0741633691 88.2892124552 54.972206543 54.972206543 88.0475733943 44.7976756528 58.2220631135 73.4351480093 57.8383288452 57.8383288452 45.1643127159 45.070761407 44.9915797833 44.7558937435 44.7181835396 44.6399712547 45.0843070286 45.0132982545 45.190342867 45.199717296 44.9303009034 44.5667508582 44.8709676759 44.5637995502 45.1746459435 44.7378702288 45.0155049253 44.78949421 44.9333237384 45.1681260975 44.7279819779 44.6169952153 44.8698047602 44.7732317085 44.7864545519 44.52928889 44.6593094521 45.1640803761 44.5333039515 45.1095671066 44.8592645079 44.8907082307 44.5816901353 44.8679424483 45.0265872976 44.9200483159 44.7479590258 44.6586735195 45.1969271151 44.8415087483 45.089266888 45.1743564947 44.7705524784 44.5652929573 44.8781944615
44.6232743547 44.6270967583 44.6000941252 44.8987155095 88.0475733943 88.0475733943 44.8538782049 67.2071448239 44.8206056988 45.0296969174 57.8383288452 57.8383288452 44.8808326891 44.8228345931 44.9254434113 44.7053459579 44.5681982896 45.1626406935 45.0905716585 44.6249091858 44.7326920708 45.0703219519 44.8867677997 44.8979769138 45.1797859113 44.6330759554 44.6134162405 44.872879117 45.0734138043 44.614644954 44.6368046572 45.135257398 44.5179903584 45.0017793708 44.8825214828 44.8519420108 44.7739195178 44.969109392 44.9989307889 45.1579396957 44.8671204912 44.7985214795 44.9767907267 44.8894046749 45.1935295382 44.5508931697 44.8201433526 45.1098958822 45.182857091 44.8573758561 45.0090220551 44.6387085275 44.8255781951 44.8715231939 44.8374788337 44.6088350177 44.7652196442
44.7606870829 45.1371832079 45.0788204405 45.1606246522 44.6948295038 44.5073311019 55.999806887 55.999806887 58.3394560037 44.6351884779 45.038417651 44.7213996445 44.539403158 44.8729310413 44.9744592162 44.7517011112 44.9937086108 44.7183179305 44.6123123025 45.1496265721 45.1306363055 44.7136604397 44.8920818536 44.5737370433 45.1313252052 45.0636690485 44.6627644213 44.9664514123 45.1815417073 45.0546863056 44.9981514352 44.6469078317 45.1503565081 44.6572947178 45.1850726499 44.8699493423 45.1504927499 44.7836626044 44.9761520224 44.5674955423 45.0730230924 45.0539767739 44.5550611891 44.6446513772 44.9331848859 44.6808504571 44.9315857288 44.7220236682 45.178413582 44.7229689133 45.0756461162 44.8889972848 44.613280794 44.9354758281 45.1059907629 44.8048787595 44.5833163115
44.7581825266 44.7429381099 45.1102035224 44.65950127 44.7778094061 45.1135132885 55.999806887 55.999806887 44.86660231 45.0198455951 44.9655986647 44.8826449133 44.8236630926 44.9621088312 44.8167285208 45.0851852788 45.1994871365 45.1921108465 45.1130097816 44.6299614934 45.1650494948 44.564561361 44.7870356186 44.9967439357 44.723331998 45.1117541246 44.8841874252 45.0819151127 44.5526385215 44.8341989296 45.1503243233 44.6224995998 44.9975883219 44.8686157882 44.5926916276 45.1911681613 44.56603024 45.0820550061 44.9541528799 44.6243991036 45.1432955465 44.7167626736 44.9117266231 44.7905262478 44.5719006238 44.580298201 44.8381692602 44.9380979074 44.5772360943 44.6428214056 44.7243610818 45.1785357344 44.6132085617 44.7931775479 44.5911733112 45.1297447035 44.8069213774
44.6404369545 44.8683507314 44.798520614 44.8832943245 45.1868836263 44.5515989538 44.7692769921 75.3323267605 44.5007977081 45.0298152367 45.1262125595 44.90401003 45.0979158949 44.6733708611 45.1908204593 44.7591093623 44.5152082916 44.9594523319 44.5158287278 45.1399263342 45.1065026649 44.9709621401 45.2015524603 44.751314271 44.9647467974 44.7160335617 44.5938674197 44.9923320055 44.5329034445 44.7951457452 45.0601383367 45.0723826575 44.5127260644 44.687000722 45.1042188172 45.0725984815 44.8703573497 44.8085508741 44.5880284647 44.5337121673 44.7542152664 45.1403874316 45.0572035957 45.0277672373 44.7858020601 44.7540077402 45.0779531821 44.6018145599 44.9131541249 44.6614670316 44.5705417088 44.6184830933 44.6596251999 44.7015328915 44.7855523849 44.8829771771 45.1473480083
44.7194989022 45.0590729415 44.7231241771 45.0513620964 64.536789818 64.536789818 57.8204219597 57.8204219597 45.1517813069 44.9187872893 44.5238283831 44.6419283082 44.9195804896 44.9821179377 44.9111954707 44.8462454004 45.1165290791 44.6177869123 45.0150087752 44.6798774383 44.6588131317 44.5210016463 45.0642026282 45.0729665237 44.5618029903 44.6462214452 45.156564608 44.8346271773 44.6085007721 45.0281955939 44.8580811587 44.8692447224 44.5319056341 44.5477766446 44.559313238 45.1528815502 44.9472292874 45.0041284561 44.5277896248 44.6427135984 44.7165720363 44.8877697097 44.6020199357 44.6669149438 45.1978123839 45.1497736832 44.77239304 44.5388134145 44.6041229499 44.7943021981 44.7200923374 45.1977208207 44.7376548754 44.996208817 44.7615766753 45.090536242 44.7373931906
45.1411563256 44.5905673543 44.6896929738 44.9264261528 64.536789818 64.536789818 64.536789818 57.8204219597 45.1027449263 44.6083845462 45.0110013806 44.6482266354 44.7212659958 45.0130581813 44.51958108 44.6184634554 44.6794987741 44.5439317208 44.7049773652 44.7430021178 45.1415211874 44.968942949 44.9131229086 44.5937788633 44.5154961647 44.9700255125 45.0833086871 44.6101916561 44.923939811 44.5210838444 44.5677884546 44.6280402062 45.116716614 45.1272949031 44.7177598442 44.5464915924 45.0498229654 44.5317286966 44.9465258094 45.1881276664 45.0037152332 44.9144685149 44.7831164222 44.5430974709 44.5738288171 44.8112831127 44.7913972647 44.8368526727 45.091361913 44.638317207 44.8082158491 44.7863348731 45.1836758658 45.0250829366 45.1304277122 44.6701963386 45.1246224918
44.7873299535 44.6914468412 45.10106847 44.8025908921 45.2029196103 64.536789818 64.536789818 45.1047310075 44.9681049852 45.0125443448 44.7502498395 45.0634347306 45.0951521204 44.6542511833 44.7907965807 45.1134103991 45.1011408015 44.5485143115 44.6135472843 44.9509760381 45.0313031136 44.6363655796 45.0562843605 45.0616199153 44.715750901 45.0864835163 45.0915773018 44.805923036 45.1687271175 44.5197226 44.8513556204 44.8386441427 44.6161129933 44.765182526 44.9885259146 44.8160360394 44.9040858742 45.0098418437 44.6725178917 44.6724527452 44.5189545013 45.0635392231 45.0735703536 45.0478503294 45.0732302667 44.8089013987 44.7073927951 45.0719970156 44.7154218354 44.9880696802 45.0310511527 44.5929198913 45.1860760822 44.7212969031 44.629279063 45.0335868461 44.6200110405
44.586276557 44.731118346 44.9824643865 57.0355431841 57.0355431841 44.611084174 44.6670235721 44.7204882879 56.1217833387 44.7098886701 45.1295474947 44.8039099635 44.5147876562 44.9897030655 44.6057419609 44.6096250605 44.663793113 44.7140772575 45.1764457526 44.6665979785 45.0548867651 44.9036351369 45.0914607633 44.6195622035 45.0502449655 44.5124810136 44.6297871732 44.5539434141 44.9404152573 45.080559006 45.0370744356 45.1617830542 44.7622614499 44.684835483 44.834700221 44.781904006 44.6505700899 44.9568408049 44.5379110894 44.6649830659 45.2040022584 45.1676705388 44.8114577231 44.8164186561 45.1186364991 44.8516794443 44.6187426346 44.8799205301 45.1870895437 45.2027815019 45.0986394873 44.8887315436 45.1962810881 45.1671176515 44.8252832353 44.9471599625 44.655301705
44.8440598772 44.7292321408 45.1793305711 74.9517569258 74.9517569258 74.9517569258 44.8403565282 44.968622412 44.6043128069 45.0527456245 44.5134896198 44.6472147973 44.871583428 45.2048110446 45.013602633 44.8340031765 45.0939128796 44.8058461021 44.6774786161 44.6155507893 44.9812278386 44.9053554569 45.0295424045 44.9850312137 44.6269361557 44.8878691791 44.5936607564 44.7660508838 45.1490878965 44.8240629957 45.0825512976 44.6172914394 44.6042525176 45.1225471862 45.1322589028 44.9180178885 44.7262294202 44.8122667221 44.8000049411 45.1885479951 44.687252544 44.7935693391 44.8155311744 45.1136771036 44.9630324711 44.5548527412 45.0292124154 44.6208065261 44.5436652358 44.5797210017 44.6667980338 45.0777632908 44.6171190199 44.7291428169 44.8527057596 44.6968615126 45.1150669022
44.8293599493 45.1874677751 45.1623737297 58.5833072449 75.2791674325 75.2791674325 75.635461319 44.6466069379 44.8730710012 44.5568012588 45.1040827735 44.8166346694 44.514255902 44.766217408 44.9914559383 44.8146681156 44.9154947074 45.1389660052 44.5283826251 44.9036865922 45.1249036831 44.7471783469 44.5670931815 44.9953768466 44.8249012326 44.886298085 44.5412040321 44.7745124083 44.6469157774 45.0517110355 44.9591588499 45.0437314125 45.0227795752 44.5888968765 44.9438197037 44.8349261287 44.9200669332 44.5793709421 44.8958814382 44.8106254962 44.6796434098 45.1489951941 44.6325403585 45.0843474792 44.8349047105 44.8425612599 44.6282710306 45.1841356368 44.9308339467 44.8158763298 44.5374013944 44.7327819654 45.187805287 44.8739337181 45.0838675263 44.9063419871 45.0047594904
44.9143609141 45.1867036776 44.5763066151 44.9261130209 75.2791674325 75.2791674325 44.7535046975 44.966179241 44.7361964232 75.1887974331 44.5995768127 55.6589713477 74.60586418 45.1664288149 44.5144392031 44.5021731115 44.5300344281 44.7318301877 44.9933186782 44.7968669468 44.7886121033 44.8909900657 44.9079230567 44.685203126 45.1153546425 44.9116190302 44.5438950945 44.6920353687 44.6627808022 45.0967903852 44.5121217176 44.7786886802 44.9731829574 44.6553360235 45.0210742067 44.5576130911 44.8308274672 45.0893359712 44.5961445956 44.5802041692 44.6419066878 44.5907434545 44.8299469941 44.7129762022 44.8674201044 44.8721052949 45.1387448175 45.0251077967 44.7870486413 44.8492474927 44.978908275 44.7474749512 44.8753837497 44.7547564972 45.1899971818 45.1610769646 44.8668854405
44.8664012112 45.1339989405 45.1644063042 44.6040035365 44.6895955582 45.0627599795 45.1074810299 44.5888056062 44.6305902345 75.1609095314 75.1609095314 74.60586418 74.60586418 45.1531356461 67.7123270823 68.0303935193 45.1886212946 44.7036241926 44.6051335786 45.1348086051 45.1166091901 45.0152212248 44.7658092899 44.6959388193 44.6670115109 45.0958526402 45.1983918343 45.1855291744 44.8004584691 45.1262206713 44.8568016418 44.7427238529 45.0962621027 44.8582517173 44.9963392168 45.1424066714 45.0823492757 44.8833351776 44.8676716981 45.0146039147 45.0791464579 44.6367626763 44.8331961968 45.0853510306 45.0118840885 44.7054561578 44.9188036046 44.6198209975 44.6411149702 45.1919774614 44.5347297102 45.1627040269 44.627906017 44.734457897 44.8774104847 44.9626013921 45.0249729825
45.0816675437 45.0916567647 45.1064999951 45.0307973079 45.0308605924 44.609535474 45.1259281303 45.0451434567 75.1609095314 75.1609095314 75.1609095314 75.1609095314 74.60586418 83.751812239 68.0303935193 68.0303935193 55.4894885059 44.5234536133 45.151348242 45.1932760573 44.6790685355 44.7584325381 45.0665736363 44.9953156092 44.8008642893 45.109758038 44.8456230972 44.5899555666 44.6930826753 44.9682747644 45.0340584551 44.7687400319 44.9836357294 44.5007422476 44.7653736029 45.0309581185 45.0037797919 45.1982503609 44.6366161169 44.6990097487 44.639258238 44.7621136643 45.179775031 45.1189543281 44.5333183868 45.034839759 44.5366226067 45.1609888447 44.8199635185 44.8846721094 44.6628717799 44.7895014162 45.1210504918 44.9924723157 44.9427257066 44.9504750703 44.8616153931
45.1126529783 45.1213757156 45.1278755206 44.6098083478 45.19159819 45.0643038137 44.8290046822 44.6829362203 45.0026958268 44.6967635152 44.5731033071 65.8264058133 44.6819847462 83.751812239 68.0303935193 44.9775965308 62.5342749369 44.6657536461 44.8085171843 44.7950222027 44.9566751404 45.1241882244 44.5716319066 45.131682285 44.5533982601 45.1832086254 45.1787614202 44.7132690224 44.6086933889 44.9863168766 45.1119396103 44.8856665744 44.6765467869 45.1454274971 44.5498923694 44.5736250033 44.7437996492 44.5769224626 45.1848476966 44.6561984799 44.8523465834 44.8145814055 45.0843620876 44.8655990926 44.8393351805 44.8523352986 44.7617694384 44.5269917405 45.0952057201 44.5484829689 44.9745120252 44.9070381361 44.7488605956 44.5807891877 45.1127872012 44.7644566245 80.4184197397
45.1881779808 45.1692980265 44.8671542984 44.8003690885 44.7552698168 56.7924644329 44.5982641821 44.6340205305 44.6879688874 44.8164697212 44.5002236916 45.0441609564 45.074446732 74.4602601742 44.7658501848 44.824213056 44.8527065122 45.1098538519 45.0121500786 44.5160185223 44.5415941766 45.1648579609 44.665768949 44.975284076 44.9030380932 44.5854297713 44.7804416719 44.9011350798 44.6755558282 45.1532183829 44.5091696937 44.8892227379 44.6288293792 44.9024821623 44.6395294314 44.9008193087 45.1842841053 44.9515118035 45.0460852543 44.5433870417 44.6024825417 44.6659845981 44.6815079516 44.9946801508 44.9151792652 45.0568602399 44.9925057503 44.9048978154 45.0723478877 44.6868716838 44.7009512732 45.0425818607 44.5187534518 44.6149495061 44.852404851 82.7919188284 82.7919188284
44.569616624 45.1146410618 45.196754128 45.0117256424 56.7924644329 56.56139012 44.5813761648 45.0419540525 45.1429107385 44.5989871003 44.723057474 44.7076589549 44.8824879757 45.1599986819 74.4602601742 74.4602601742 44.5851104021 45.1565378119 45.0565079166 44.8378044807 44.6825947406 45.1722217404 44.9702850873 45.098523101 44.6726756021 44.5303309773 45.129941498 44.94715412 44.6156685094 45.0897804176 44.7579471779 44.9882376521 45.1455017874 44.5930399487 45.0423012874 44.5661675816 44.7360784932 44.6968160415 44.8440750848 44.7112069631 44.9817556097 44.5637428758 45.0854385448 44.9445252482 45.1184273998 45.0981754694 45.0627613267 45.0394636534 44.7074768364 44.5014659913 44.6192201403 44.8012278063 44.9584875689 44.7743265474 75.6860119618 75.6860119618 69.663155214
44.6018686844 44.6585737079 44.9485411113 44.5981142613 44.9470490524 44.9558356658 44.9623582788 64.3138438485 44.6461736073 44.8776946091 44.5903556806 44.790254169 45.1299671628 44.7385382877 44.730914433 44.9791402813 44.688765314 44.923298248 45.1868155814 44.9275212106 45.0422501705 45.0811153584 45.1722304721 44.5934253863 44.6062303955 45.016799613 44.8139422345 44.5465617196 44.839628531 44.6763152404 44.5190175833 45.0356217559 45.0572538896 45.0749443932 44.7870584476 44.654453747 44.631758643 44.952217857 44.9879729612 44.6350004155 45.0930058125 44.9854396567 45.0295165537 44.5255368556 44.5492665723 44.7956446027 44.8891584771 44.7652901353 44.5568742052 44.8963843038 44.8233723671 45.0827969948 44.6221342763 44.7810890371 85.0445764197 70.3694794161 87.6460982928
44.5294487319 44.5207095338 44.7839237441 45.0930629941 44.797340924 74.5150559656 74.5150559656 59.7925681766 45.2007681219 45.0034276438 44.5965708258 44.8647227555 45.0331115213 66.7300080347 66.7300080347 45.0417407305 44.8452776181 44.8157510565 44.8875064039 45.0134159045 44.6576874276 44.9175018095 45.1652952129 44.7145500065 44.9917748813 44.6940036405 44.5825298311 44.6524241084 44.9945606921 45.0817651338 44.6224001569 44.8215231212 44.851793326 44.6848879933 44.7722276178 44.5661619438 45.1138145985 45.0244386977 44.5134496927 45.1659848028 44.7035980107 44.7636407852 44.7236814864 45.0346764568 44.6209591669 44.715338366 44.841012619 44.6635926207 44.8356230903 44.6103722121 45.1802409257 45.1613896436 44.7944562981 65.8647745886 65.8647745886 69.5269478002 80.1031001069
