Spatial_Output/BAU/BAU_0204.asc
NCOLS 155
NROWS 192
XLLCORNER 196769.923733
YLLCORNER 449719.875193
CELLSIZE 27.603701
NODATA_VALUE NaN
[rows 46 to 68 of 192, columns 53 to 105 of 155]
46.039971539 46.982786463 47.0440382518 47.335227826 46.6678398261 80.4814444031 80.4814444031 46.388503112 46.8861393992 47.0790383859 47.3615905592 46.1445649739 47.2244400745 47.076724158 46.7515957636 46.3921490842 46.7399922961 47.3798794149 47.1434373571 47.0791241415 46.316005326 46.7897257501 46.4110626855 47.0874049856 46.2230094224 46.9621186758 47.326316477 46.0677998224 46.4861213724 46.2136617976 46.9888156342 46.9668527108 46.0639636268 47.1812880461 46.2511160487 47.3159125778 46.8543359589 46.4738243385 46.6801003524 47.0951796922 46.4949720882 46.1856829121 47.261129459 46.7864482021 46.5262301409 46.3489322652 46.1113431065 46.9797082137 47.0197691851 46.6186548035 47.1412350182 46.7667975029 47.0649576804
46.414713591 47.2713866864 46.0023083096 46.1817166775 46.3057653063 80.4814444031 80.4814444031 47.1011328418 46.5800777506 46.245228537 47.1820870017 46.5978841318 46.417724976 46.6677208217 46.3252140719 46.3723088495 46.8570352802 46.1452776091 46.3036144986 46.598057749 46.6491379955 46.7609887291 47.3748268671 46.3650611963 47.3606218715 46.5017434909 46.9627883651 46.284169799 46.1363232314 46.2139431493 46.0596468726 47.2549032713 46.3164444178 47.3988080674 46.9391983428 46.9687770716 46.7606808536 46.4858771179 47.4048471707 46.4587084216 46.7814616082 46.9215164746 47.0547010493 47.412500505 46.6980071559 46.350508728 46.8130501168 47.329257336 46.3107235613 46.3500819686 46.2206173172 46.7500961366 46.8724928955
47.1537525029 47.2164128967 47.2423565518 46.8153396939 46.477490025 70.4638707466 70.4638707466 70.4638707466 46.0153831907 46.6327293615 46.4640355121 46.7652879008 46.5840539754 46.0468313715 46.3361340834 47.1237961056 46.6213797241 46.7584596775 47.1981002123 46.7358260667 46.9771185855 46.0761915586 46.151631412 47.0275312741 46.0510151268 46.1982092245 46.4627846543 47.3247433504 47.3994202332 47.0492684498 46.45372471 46.2286790368 46.2267577471 46.4836796958 47.0803978251 46.8694001755 47.1010073576 46.0221468032 46.4067289988 46.1699661082 46.8410555694 47.1093248842 46.8250466644 46.7978964465 46.8631444286 47.3247317891 46.6931869855 46.5241443217 46.0419895415 46.9553602517 47.3107778926 46.0631274059 47.0879572501
72.672738228 72.672738228 46.0014277644 47.1921826138 46.8209341473 46.8251028231 47.3930920639 47.2186388617 46.114405977 47.3686783727 47.390139882 47.3318479167 46.2646074431 46.6196579649 46.8964343381 47.1356243288 47.196581532 46.4979212171 47.4060080297 46.1867477153 47.0992985366 46.6898171859 46.8423130406 47.202146832 46.2677216451 46.2365390156 47.0147733075 47.1857928624 47.283984716 47.4135999886 47.1538650472 47.323344066 46.6764894373 46.8104930074 46.5408745459 46.8145499614 46.6927640859 46.0354987226 47.1992912526 46.9520637861 46.9183031303 46.201173939 46.3352233847 47.0136808005 46.5847443937 46.3948067686 46.9141392343 46.9451152327 46.4982330032 46.5258002905 47.077244908 46.8854083604 46.5504841605
72.672738228 72.672738228 47.1783076931 57.9276047817 57.9276047817 57.9276047817 47.1686310597 46.9952103133 46.3510670579 46.6768578642 46.7934468086 46.4219923141 47.2494017955 46.1338216622 46.2498265446 46.7287875645 55.4949386335 46.9473277337 47.0320373282 46.0002639043 47.1047184976 46.1636529392 47.1568993008 46.5790809784 46.9154248758 46.6962287122 47.3440804589 47.2386855681 46.1486098025 46.065147881 46.2254139679 47.2898770312 47.0879976677 46.4607836076 46.7083185284 47.3666909451 46.2957612999 46.5375453075 46.618686023 46.6720755796 47.0164939249 46.4242897072 46.6054818347 46.4733354933 46.5473028876 47.0737756403 46.5396992312 47.0204552427 46.7738211398 47.211895678 47.1156555172 46.3304893661 46.8860872333
69.2599391716 69.2599391716 46.1815782506 46.1073346368 57.9276047817 57.9276047817 46.390974933 46.4846192742 46.4179539359 46.6351725519 46.3859759207 46.830551773 46.8157187124 46.9795159543 46.1713898861 46.9883112415 46.9463188527 46.716595377 47.0437371157 46.9268678242 47.0580683769 46.2386904874 46.1733080752 47.2074635583 47.3972591668 47.3445609292 46.7302613142 46.9210304896 46.0474012533 47.2366863997 46.4980947461 47.1988108976 46.2399656601 46.2739336683 46.0479496193 47.1719078691 46.4992071157 46.4519607381 46.5979812289 46.0494798812 46.6669140225 47.2521964066 46.1329668005 46.2468478737 46.9019135204 46.9432169516 47.1062376695 46.0407614006 47.2506505089 46.1354936297 47.2564970972 46.8704833463 46.099992594
69.2599391716 69.2599391716 46.4415260449 47.1538543326 46.9276293618 46.4108163617 47.3549987191 46.7283231806 47.2190424442 46.3754550251 46.4051242944 46.2451066092 47.3660385548 46.844485038 47.3876442086 47.1985189792 46.9779556993 46.2034293941 46.0956835064 46.7823407229 46.9673829351 46.8941094287 46.278304626 46.8608444581 47.0296363613 47.2519424426 47.1039523533 46.2760064461 46.7664352834 46.3108864827 46.9444269468 46.2511412302 46.1778629139 46.7660665807 46.8893516021 47.3242954118 46.0725965027 46.9243464325 46.1210645163 46.7250873945 47.2147304222 47.0173035325 46.1895898127 47.2732977348 47.3646816235 46.8827528005 46.8940993647 46.6932973127 46.990142083 46.0589056405 46.4730897765 47.0257318056 47.2233338668
47.1550667882 46.5063358244 46.6152105132 46.3403738628 58.392000315 58.392000315 46.6428065321 47.1840127064 46.3265544358 47.2237704765 46.4856155316 46.2835502691 46.4335014332 46.3815937182 46.1343284595 46.4219142548 47.4065645379 47.1962030891 47.1812695521 47.3250311571 46.5690465431 47.3493830097 46.8392480636 46.0623019254 46.9224539464 46.607919281 47.1236473822 46.916112907 47.3310305146 47.2965895257 46.7846728311 47.3224578962 46.1168848119 46.0569244165 46.9932105305 46.8663851528 46.2810481174 46.9064494711 47.2972666078 47.138887061 47.1773637271 47.1672895635 46.7666621485 46.14801327 46.5847809113 46.0503646891 46.109630162 46.1893478884 46.8755573927 46.8250939039 46.172462807 47.1390672212 75.2811701289
46.7641570452 46.7032527143 47.2731443215 46.6149142209 96.7544574891 96.7544574891 47.0685192895 46.902819626 46.4591366491 47.0939469114 47.3410001003 46.1694608401 46.4207430658 46.4940553972 46.9440927772 63.2379507286 63.2379507286 47.274570197 46.1985030521 46.390683011 46.835437287 47.2354242986 47.2931382618 46.1054575467 47.1868867234 46.9254547426 46.8075948604 46.8629791486 46.1038821995 46.6781046247 46.2863797006 46.2482497078 47.092532028 46.0030533263 46.2161323091 46.8754472768 46.2540282044 46.1595533078 47.0527037256 46.2388634897 46.663946087 46.0626114943 46.5490678721 46.6438466066 46.400630879 46.8203530209 46.4005629541 47.3835341727 47.4045514288 47.2887477466 46.8366950622 46.2697169813 75.2811701289
46.9896782478 46.1164044172 47.2042823271 46.6054876626 46.9602382969 46.3524357332 46.9146386658 46.0196870212 46.213417148 46.6620287987 46.0535559211 46.5237706323 46.3295368326 46.1212477877 47.1399020833 63.2379507286 63.2379507286 63.2379507286 46.8790701078 47.2146768054 46.6636370033 46.3722714876 46.9502432319 46.3222682314 46.123731684 46.5685895332 46.6516618225 46.9521750115 46.9767095434 46.8828058339 46.1166958407 46.5357108117 46.0452694798 47.1623266836 46.2528854136 47.140777264 46.1055321631 47.2408240682 46.6106562109 46.6718808944 46.8958053806 47.1158380702 46.3901187665 46.6509758293 46.3215272198 46.6253080198 46.2243159891 46.6850403129 46.0939200197 47.243069936 89.8697895605 89.8697895605 89.8697895605
46.2310910285 47.1457578086 46.1283639225 46.0806043753 46.2014803216 77.3675246939 77.3675246939 77.3675246939 47.0212834487 47.2143183334 46.4937201392 47.1638104064 47.153877298 47.1746460182 46.4939188283 47.3137662405 66.0279104069 47.0569002186 47.1940999753 46.4801337685 46.9953972709 47.3676827589 46.4343366243 46.1817800138 46.0956600558 46.646086858 47.0403757455 47.063108793 46.7050516226 47.3232738882 47.0517553121 46.2645637791 46.9202793785 46.6366044783 47.2163187193 46.4906875782 46.2097674071 46.5577490668 46.5581499018 46.9814907015 46.8605069518 46.3941289784 46.203075781 46.0288595214 46.9045671147 47.3083883246 46.8940875392 47.190585094 46.0741319319 46.2509336358 46.5616232847 89.8697895605 89.8697895605
47.3169842882 46.9492517096 46.8063056584 46.1307082511 46.2697742529 77.3675246939 77.3675246939 46.435591389 47.4024393737 47.0353160448 47.3943238443 46.4606628331 46.3584286216 46.8937853957 47.0146050023 66.0279104069 46.7044182633 66.0279104069 47.0835737159 46.5436990242 46.4178235678 46.3445133933 46.9020459539 47.2750397289 47.2681054663 46.1651760039 46.1481615855 46.0767488733 47.0717003086 46.3866775956 46.1652123635 46.9512651649 46.8225628292 46.3214053197 46.9889982345 47.0342007646 46.5037211302 46.6775757666 47.2821238316 47.4042646363 46.5251655295 46.8565564113 46.2734508407 47.0677909699 46.3044686258 46.5504162157 46.8612679726 47.1838020573 47.3393243636 46.3892222856 46.4723063163 46.7556343278 89.8697895605
46.6228671204 47.3324969252 46.1867449414 60.34124385 46.3915842976 46.8470376169 46.5215468248 47.1750736444 46.7798419065 46.6229324951 46.3254594752 46.5619882782 47.2743938054 46.2611294329 73.1385730129 73.1385730129 73.1385730129 73.1385730129 46.4313735009 46.2905461934 47.3199045772 47.3899423579 46.2248002924 46.1361790132 46.1876950984 46.5867058278 46.2658540145 46.0312128409 47.3502194208 46.483491388 47.1977994264 46.4915469255 46.2162480075 46.359541461 46.9023526524 46.9019103855 46.7842728557 46.6761854739 46.2041563551 47.1379923886 47.0418762523 46.9538075846 47.0777230457 46.3564087751 47.1181926458 47.2327556276 46.4875355051 46.1169155147 47.0291829736 46.9582772925 46.4290179597 47.3016539761 47.1956215485
47.0835330171 46.5870360723 60.34124385 60.34124385 46.9614187534 47.3352950395 46.181716096 47.0080079069 46.8456774984 46.581262245 46.6922476567 47.1460029203 46.9610954284 46.8408218843 46.7783588741 73.1385730129 73.1385730129 46.3117565876 46.7534636709 46.0943296644 46.4267381936 47.0683820383 46.5739228018 46.7338764528 47.0726120784 46.3867979685 46.7364736983 46.3883353717 47.0218462935 46.1034081412 46.9929213315 47.0725660297 46.766738755 46.0864516344 47.1858818115 47.3739057476 46.5760879053 46.0495149699 46.8780610924 46.1836991853 46.3574273456 46.9383383441 46.6032018749 47.1315049903 46.814918535 47.3118582666 47.0907180321 46.239152701 46.0577401206 46.4018593269 46.4974437251 47.1296116865 46.3318770319
47.1526422577 46.0538059774 60.34124385 60.34124385 47.0115387386 46.4529014897 47.311383358 47.0780952614 46.2004559104 46.223116968 47.2761235967 46.9871821651 46.7396269589 78.0673263119 66.7349546013 47.0745624422 46.5641575171 69.5050776427 46.0498597812 46.6565965514 46.6032265333 68.8153456509 47.1512481632 47.0010467768 46.3805766651 47.3536614041 46.8023278412 47.2213788605 46.8765191097 46.6713807494 46.7695014422 46.8358916696 47.300964119 46.8513051574 46.675637887 46.8608962135 46.2510859092 46.6075165894 47.2069180237 46.4706549887 46.4182692481 47.2942801213 47.1933809176 46.6707442848 46.4348788367 46.9581411708 47.251724889 46.79068281 47.1545470989 47.200446086 46.5431022568 47.0263089662 46.0265258681
46.0285864317 46.4875918038 47.3411980844 46.5524537777 46.4786377752 47.3085595452 46.0963583867 46.2392116826 46.9138125969 46.3883208059 46.4987320314 47.3482635123 78.0673263119 78.0673263119 84.9001117179 65.5238365849 65.5238365849 85.542600791 77.7913219494 77.7913219494 46.8145899112 68.8153456509 47.4084074614 67.4150243141 67.0710096392 46.585842599 46.1962719299 46.1528498146 46.614454864 46.1402486025 46.0606595713 47.2377108866 46.3977928345 46.2744428743 46.1567565644 46.2676327563 46.9537340273 47.3831444846 47.3480821913 46.1974243935 46.6462949896 47.1518772159 46.4558613668 46.1753225546 46.7692197085 46.0524154769 46.1718099938 46.3797628548 46.8175397659 46.8349196101 46.830083735 46.0353419927 47.1192863896
46.3017050163 46.7613394713 46.2240815414 46.4978077861 47.0165756912 46.2856436469 47.0585120176 46.2846007642 47.0952653749 46.4287627569 46.4587353003 46.162835888 78.0673263119 78.0673263119 84.9001117179 84.8350501835 84.8350501835 77.7913219494 77.7913219494 77.7913219494 46.1492771352 47.0965085419 68.8153456509 46.8170454183 67.0710096392 47.1700351405 47.3151763163 46.0178639878 46.7220435754 46.1008241959 46.6711627616 46.7293054396 46.2674670137 46.1811413607 46.0768553946 46.1368676028 46.4982675191 46.8791023991 46.2430821198 46.1256047836 46.8644083145 46.8061971991 46.1297844417 46.8712467977 46.908570186 46.8675085688 46.0693265306 47.3819365854 47.217406608 46.4832354027 46.8450754878 46.3134988067 87.1791804848
47.106550927 46.4331038547 47.3186995398 46.7027966802 47.1005610287 47.0499418714 46.6217598043 46.1619392288 46.3777559994 46.0119996538 46.3740638445 46.7893366325 47.1763165933 46.5278072687 46.6935328769 84.8350501835 84.8350501835 84.8350501835 77.7913219494 47.0485354977 47.2907835373 46.0202402255 46.966835859 46.6853535612 46.6469401699 46.2671866675 47.0992122662 47.2952694187 46.8058819141 47.0053097278 46.9723726552 46.8734201207 47.2520783519 47.1570703348 46.7219001798 46.3866914934 46.7426037765 46.3128614846 46.3008683812 46.0803850631 47.2362578794 46.9555631847 46.5864413771 46.2566825843 46.3577827274 46.6356392502 46.2920467318 46.195532488 46.3341468267 46.2149964347 46.595553111 46.4217877081 47.0989999716
46.4275100219 46.4853235606 46.2935504535 46.4345867315 46.0521937221 46.8866032378 46.8663234743 46.388512793 47.300680961 46.1691107365 46.7340093403 46.9667023293 47.0396008467 47.3474789744 47.3272552357 46.8792299219 52.93968548 52.93968548 52.93968548 46.4515305475 46.3635149921 47.2306679701 46.8059704085 46.0990886955 46.6422371856 47.1723764717 46.8224316877 46.0996941744 46.8399421594 46.9930053425 46.1060758302 46.2100592389 47.3112272925 46.2805853556 46.6665265701 46.0345988521 46.0592211526 46.4050298248 46.8888964499 46.5499674558 47.0023929088 47.1685027769 47.385617986 46.5931492267 46.7353991527 47.1032734835 46.375679529 47.3922253468 46.64635869 46.1934339858 46.1372948749 46.2894141179 46.3898654405
47.0223360886 47.2619619678 47.1737754062 46.6213215526 47.1318482683 47.2843323698 47.3286431298 46.7028493427 47.0358203277 47.0425016183 46.8311832818 46.2316069859 46.626218333 46.8516157273 46.112587951 47.3901312704 52.93968548 46.2499161683 46.5800425091 46.3773741817 46.9490315141 46.6877353965 46.4696904015 46.5292421423 46.9997828559 47.3730962758 46.806165629 46.6748597688 47.2535909379 46.2255014871 46.3995223538 46.3642288663 46.869561666 47.3914700884 46.7434404675 46.246450221 46.356990597 46.1363570182 46.5992642344 46.6522362688 47.2478607412 46.0595239156 46.4556543379 46.1645684255 46.1099492748 47.1286445502 47.1366281421 46.9328336852 46.3002698608 47.1593464857 46.4095374756 47.0837701008 46.1546874925
46.1756196827 46.6105728722 47.0113759888 46.2751452347 47.2554905802 47.3423564755 46.4823914123 46.3511664973 46.4962560908 47.0991348626 46.7527164127 47.2602943695 46.6449515574 46.4946822933 46.6432485619 46.8176903156 46.2796660569 47.0755656473 46.448422256 46.8601874377 46.2930029777 46.9623419005 46.2584625042 47.4139410427 46.701906704 47.4133140107 47.112848661 46.3827444195 46.4226107865 46.2747579011 46.3647886892 46.7335935258 47.109325042 46.6289028669 46.5735394833 46.3348196713 46.0427115327 46.3971399529 46.4814576791 46.9852007596 46.909420658 47.0313092837 46.9709732321 46.3367087792 47.1929756332 46.7267907487 47.0810568003 46.0158090458 46.9991241618 47.3922212162 46.1081402968 47.2246439384 87.8157643426
46.928604867 46.7257225249 46.7595718777 46.0517150779 46.3146041909 46.4779800411 47.3351256497 46.7080967142 47.3607328781 46.5710515185 47.0431713215 46.3809823501 46.3698175191 46.7900831218 47.2367742883 46.6973387119 46.7804060088 46.6049320805 47.0175739972 46.0388104587 46.7920470425 46.9340215251 46.6144736691 47.33051287 46.9236658369 46.4716523115 46.0263375613 46.3818595661 46.2909685678 46.6945190714 46.8054266696 47.1030518745 46.8558863352 46.8394377383 84.3390563098 46.4575799645 46.7718454618 47.1521237844 46.2590021739 55.0737446445 59.8161205402 76.4974958557 76.4974958557 47.3636782092 46.8230198338 46.9027883726 46.1151393092 46.1956845461 46.0733441697 46.4448350097 46.4054678889 46.5360049558 46.3718262409
46.800494513 46.0052757621 47.3225625718 47.3241377835 46.1939898213 46.4307104845 46.3150070981 63.9741371241 63.9741371241 46.8362312383 47.2585775546 46.7122214917 47.3753902207 46.7360744755 46.765123774 46.3083650413 47.3542136772 46.0376161812 47.0286598864 46.5525741252 46.1924613791 47.1733380363 46.796126902 76.9950205198 46.177117916 66.9453449274 46.2273992083 46.0789941945 47.222899607 47.0845717691 47.028516906 46.4807877142 47.2655286994 69.3618513481 84.3390563098 84.3390563098 46.0494299588 59.9461813696 55.0737446445 55.0737446445 55.0737446445 76.4974958557 76.4974958557 46.9711802143 47.0574578455 46.8223841995 46.3101591434 46.2082980965 46.4342834042 46.9199265421 46.129871538 46.4529879829 47.3527506348
