Spatial_Output/BAU/BAU_0559.asc
NCOLS 155
NROWS 192
XLLCORNER 196307.867259
YLLCORNER 449144.565805
CELLSIZE 33.573938
NODATA_VALUE NaN
[rows 50 to 74 of 192, columns 0 to 56 of 155]
27.7946585508 27.8903669264 26.6689926305 28.1063450164 27.3872596133 27.4727788223 27.3791448095 28.2241157813 27.3570926949 27.8448857524 27.8085943368 28.0262961306 26.6223579203 28.1170548369 28.0087658776 27.8218209434 28.3585490945 26.811799134 26.5028838942 26.9005027058 26.8853367084 26.9507788855 28.1771777339 27.5428117553 68.3953133056 60.0650047726 27.9954524024 67.0198074626 28.1865388628 26.7718550354 63.2047507037 63.2047507037 63.2047507037 57.2401270249 46.9681997991 46.9681997991 27.4227004477 60.6335933626 60.6335933626 60.6335933626 27.8202575256 28.5218286599 28.4507949921 26.7372354079 27.5325283746 27.3550744443 26.6677912971 28.5807584186 27.0098260351 27.8490536904 28.0911688041 27.8629550636 27.7223541669 27.2136166901 26.8180380915 26.6107349705 56.6781398218
27.4560445277 26.8671606121 28.1434679641 27.1334741859 27.7821517726 28.5188285435 28.1655289272 28.2862781858 27.2004611829 27.1842767478 28.2320634231 26.687273547 28.477451255 27.79278243 27.655797215 27.172094949 27.8906166814 26.5046682252 26.8420782195 28.0139103226 27.1120762484 26.5232028561 28.0750962296 56.006711066 56.006711066 57.3499485366 67.0198074626 67.0198074626 47.6401589683 27.2042193925 27.3276731167 43.3280801862 43.3280801862 27.7911159454 27.1939914414 55.1935457256 26.6296653241 40.0144843382 60.6335933626 40.0144843382 27.8092147877 26.8502176919 27.8630966501 27.0141955227 27.8689413143 27.9389955573 57.5841974562 59.9384170353 42.3049692193 27.2331645773 28.2940449927 26.6742341297 28.337272871 28.5524399495 27.7068112112 52.2347108644 28.211378945
27.5680500201 27.6915005481 28.2826779465 26.6918182204 28.1515496091 26.9955197946 26.7820938547 27.6613316347 28.2125696376 28.3406937161 28.0383886709 27.0213531147 28.3383679305 27.8669584405 26.9481576184 28.367323151 27.9782771286 27.1934568913 27.2066130929 26.67202864 27.8381442175 27.2033971612 62.9437589858 62.9437589858 62.9437589858 62.9437589858 67.0198074626 67.0198074626 47.6401589683 27.7102002543 43.3280801862 43.3280801862 43.3280801862 26.6379694853 47.2169535032 55.1935457256 55.1935457256 58.5025256234 46.1459986291 46.1459986291 71.4022807947 46.3172764297 58.0947469195 51.8433085765 62.8448364305 62.8448364305 57.5841974562 71.1775551075 42.3049692193 42.3049692193 37.7588055895 43.6950571352 27.8474584665 40.6896292241 54.9077852173 27.6568318015 27.3709575195
27.7731419512 27.3685971504 28.3472400197 28.2588961287 27.2845847226 27.7280405585 27.6876488077 27.0219335157 27.3669694214 26.5567195746 26.7900851155 27.8514745972 26.8253628568 27.2097788548 27.9340108688 28.405031582 27.2197021061 28.0066635312 28.1202150162 26.8607006365 27.7870484482 27.4231419315 52.0070091573 62.9437589858 62.9437589858 69.4693141671 69.4693141671 69.4693141671 28.0468046632 27.6750710772 28.1192664245 27.0523465889 27.1898249179 27.0254355162 47.2169535032 55.1935457256 55.1935457256 50.7876797063 46.1459986291 46.1459986291 56.8708371018 56.8708371018 56.8708371018 51.8433085765 62.8448364305 62.8448364305 57.5841974562 71.1775551075 42.3049692193 42.3049692193 37.7588055895 37.7588055895 80.8585507879 80.8585507879 80.8585507879 27.7588700588 54.8092737802
27.1156916344 26.8652052124 26.8167212606 27.0345588331 28.0441635042 27.172255301 27.8269936048 27.0061739691 28.5429499132 28.1222781976 27.2071733363 27.7619309221 26.8075910488 26.8480689229 27.0755545624 27.0493782295 27.2864003287 28.5207618348 26.8604587923 27.105511332 27.1524350714 27.5672455774 27.5780172643 52.0070091573 52.0070091573 69.4693141671 69.4693141671 28.249747715 27.469346851 26.605591286 59.1559086313 59.1559086313 59.1559086313 26.660515289 27.05903923 55.1935457256 56.1117713655 50.7876797063 46.1459986291 47.965451633 56.8708371018 56.8708371018 60.7134693117 51.8433085765 62.8448364305 28.4713839302 57.5841974562 27.9761495975 27.9201463951 41.2935248295 37.7588055895 26.8784384319 40.6896292241 80.8585507879 28.3078951837 54.8092737802 54.8092737802
0 26.7156324762 28.4276199202 27.0273729126 27.9830369246 27.4216884569 27.3188541609 27.1513130478 27.1797071081 28.33941719 27.9697389654 26.8031361062 28.3976130022 27.2445958728 28.224605291 27.1430974174 27.8004801888 27.676341316 28.5872176474 28.2602175184 27.9232537553 27.5230763068 49.3828027202 49.3828027202 42.7348109506 28.4229892105 27.6968340855 27.5665701565 26.9906233098 27.436880552 46.273197753 59.1559086313 46.273197753 48.3548554264 27.313630412 26.739445103 27.2921479817 56.1117713655 56.1117713655 42.9225041952 47.965451633 61.8162931851 60.7134693117 27.8013406968 28.6040085877 26.7115269418 27.4578444362 26.9901185034 28.4965002542 26.9461705733 26.5005860085 27.1691518964 27.148204192 80.8585507879 26.761716258 26.8342430874 54.8092737802
0 0 27.3395309371 28.0432670467 26.6595317459 27.4766494528 28.2894124563 27.2212283971 28.4735290077 27.1780755539 28.4087174691 27.6596544789 28.5543376867 26.6559031669 26.978901817 27.9421720532 27.4590630339 28.0367470534 27.1925085193 26.6751255333 26.9194148206 26.5871942965 27.4586821845 42.7348109506 42.7348109506 42.7348109506 28.4762826099 27.8244161768 28.1008266805 26.9217936662 27.7811964888 48.3548554264 46.273197753 69.1933801133 27.6231418641 28.3014229293 28.5653314723 28.0331280583 26.9182392977 45.64561019 42.9225041952 42.9225041952 27.2509556566 27.5742698416 28.5723322685 28.4062800514 28.4123204153 28.089953676 27.866169356 26.6776052547 28.5263693289 26.6029516702 26.6273140019 28.091167153 27.5804267979 28.1834560411 46.6892711678
0 0 0 26.8650053453 26.9813558055 26.8909419962 26.7494695379 28.2341214558 28.0654709115 27.1285943365 26.7385476485 27.7239005517 26.6233779504 27.5548499932 27.0934056055 28.1768517865 27.1316780333 27.9406607128 26.5664012056 27.2345692024 26.6329768899 26.8148775452 28.2254423226 42.7348109506 42.7348109506 69.4914278429 51.8738261702 27.2036578484 27.8443832335 28.1775559329 28.191314319 27.5921396499 27.674566184 27.6117985766 27.8738149327 28.0481115809 27.6591309435 27.9929925399 26.7309008015 65.805011572 65.805011572 65.805011572 27.9906608614 26.5705302391 27.8168617055 27.9312587288 28.441992304 28.4264081859 28.5047335404 26.7831694888 28.140278806 27.2601750455 27.097116824 28.5616873116 28.4453907569 26.7060195796 28.0060457259
0 0 0 0 28.3913599452 27.7542107414 26.9739681832 27.6661861449 27.0288512598 26.6729676958 27.8482238271 26.5499772061 27.4376435972 27.027894972 27.5875132184 28.1861947257 27.2769950144 26.8670149474 28.2745653512 27.1061684262 27.7530256175 26.7493085886 27.1335103587 27.3410336545 69.4914278429 69.4914278429 69.4914278429 26.6618004705 28.3810190375 28.4057013067 26.7753413409 28.1820223966 28.45071729 27.9888674853 27.0247050707 27.1956883015 27.4727105232 28.407265087 49.2598827243 26.5236133174 27.8138614516 28.3782933792 28.0438306898 27.1131141915 28.5088160029 28.4103470863 27.3828009617 27.848487791 27.1134011044 28.0013237077 28.538230419 28.3551838436 26.6975311639 27.5410913323 27.6231451961 27.2952432428 27.2130422046
0 0 0 0 28.5094484401 27.8404765029 28.3663262338 27.6734388451 27.2843575495 28.0797473088 27.4036538983 26.5693112316 27.7191387301 28.4454768295 26.7985088685 26.5804370785 27.9740260294 27.694046221 27.8473098601 27.5122481397 27.6805037065 27.8176657828 26.9074448969 27.1108725912 28.3424127498 48.8411479454 62.7974019782 62.7974019782 62.7974019782 28.1799862415 28.022765111 58.7588160391 58.4540269903 27.0034457241 26.6279307492 28.2028782358 46.6530549745 27.8973063733 27.2224160486 26.8644012754 27.8209271284 26.6093381063 27.971220056 27.4203714171 27.1701528167 27.1897971063 27.1287091948 27.6923926266 26.5847654659 27.6115463653 26.5994538779 27.9485324653 26.558054527 27.9542461483 26.7543185347 27.4941605422 64.0534570619
0 0 0 0 0 28.6049876306 28.3666167038 28.6054343598 27.0177839204 28.5999482373 26.6978281004 26.6235888494 27.1858630202 27.109114289 27.8014826603 26.931929299 27.4516137728 28.3172565477 27.8844717332 28.461538832 27.502094828 27.4807360346 28.262849069 28.4685050911 26.5287471099 26.6209806693 49.5469459504 62.7974019782 63.7289104058 51.5464641182 65.5683350828 58.7588160391 58.4540269903 28.0257142107 27.3606720178 27.1192639374 28.6081362694 27.6390671354 49.2598827243 28.0541150855 28.039893946 27.1004126558 59.8088554655 26.8477200935 27.7805289776 28.3419450225 27.8754150063 27.2091649012 28.4783856041 28.2826596932 27.3959878688 27.6075306081 26.789890587 28.1759245368 28.5617514703 28.3192461217 49.579483364
0 0 0 0 0 28.35627613 27.7747044139 27.6571921708 28.352462294 28.4034730531 27.3088747654 28.3726877679 27.957225652 27.5579939407 27.4485382038 27.4806306434 26.8495384272 26.7405497875 26.9993887088 27.1683014272 27.9702673007 26.6216133429 26.5709713875 27.1914753871 27.0468431612 50.903312941 49.5469459504 49.5469459504 53.960834775 28.0688661637 65.5683350828 58.7588160391 58.7588160391 27.4352918307 63.0101345209 60.6118965884 46.6530549745 27.1665816114 27.4254555164 27.8248713655 28.0502361594 27.9275527134 27.4753228143 27.4355658083 27.1367726146 26.5492482722 27.3432941942 28.0140847512 28.3621876224 27.5338018965 27.4796627539 27.7029219842 27.7863341886 27.1092608076 26.9601365744 27.978913878 27.6509536611
0 0 0 0 0 27.6953509632 28.384675313 27.9481255106 26.8364336223 26.6135182479 27.7279791508 27.173429927 28.4810403514 28.4210266709 27.2028810864 26.5273119303 27.9046621217 27.3701214331 28.2597793611 28.6151088156 28.5707805622 27.5925647817 27.0823494138 28.5783901753 27.4477845934 27.0602987076 52.4779300612 52.4779300612 63.7289104058 38.598669974 42.7984127599 27.0204982252 27.256266575 27.3144713751 26.5408774325 56.1667389224 28.5018193966 28.4601157408 27.3702102056 28.0759910693 52.3419432053 52.3419432053 28.0483154976 26.9017039169 26.9316645958 27.4280156946 27.369840261 27.9545605164 28.0126474757 28.0122601198 27.7512918892 27.2715741638 27.9886213016 27.7434514564 28.0289697273 26.8874547195 27.14276023
0 0 0 0 0 0 27.9885595333 26.5945098905 27.0820032858 27.9351809194 27.3827070325 27.2204426972 27.1294367135 26.5261948224 26.7647568964 27.1621068862 27.7456486063 26.604396831 27.7801137342 28.5446842284 26.5452958814 27.6194043886 27.0869435314 27.4101104872 27.4238047912 26.8175290491 52.4779300612 64.1179510593 52.4779300612 26.6690558125 28.6030975892 26.5392794968 56.1667389224 26.8834180911 27.5162904921 27.2802004036 27.4356135003 27.3434060901 27.3855999803 26.8288085405 66.1403272534 26.8823596833 28.5552798704 27.1860542282 26.8042787431 26.906434359 28.1969963367 28.262125838 26.8690152775 28.1261978814 28.2219543396 26.9863515796 27.708228755 28.4256988397 27.9067022149 27.9780603734 53.2391651728
0 50.6543402332 61.609138521 63.162841419 90.4520669693 90.1341036086 90.1341036086 26.6083125606 28.2084749494 28.2603505046 26.8285194347 27.1165630402 28.3376559525 28.2728827417 27.6200994261 27.0164770254 27.5931405215 28.2632613299 27.8122364071 26.7804068481 26.9036987259 28.0993395185 28.3648338853 28.3991943282 26.5805047195 27.2860579215 64.1179510593 48.4182898078 64.1179510593 27.4224435793 27.7809775115 27.0332733744 28.5305179267 52.7320892224 52.7320892224 52.7320892224 27.0716957629 28.2273510988 28.5734784497 28.1955461823 28.0249428449 27.4419415392 27.1842197401 26.8440485108 27.7991629322 27.2294453134 27.7691413522 28.0794998971 27.2423229462 27.6748347787 28.2614109399 28.185682393 28.0240044769 27.2286663578 27.3247074436 27.4318106898 26.9729773592
0 61.609138521 63.162841419 63.162841419 90.1341036086 90.1341036086 62.2621900181 62.2621900181 27.9301680322 27.3296308899 27.9014649187 27.4610699682 28.2236332412 26.5749167774 27.2702459209 26.8373962539 26.6417402182 28.0734225485 27.2371759605 63.4936537024 58.9437853331 27.2978826768 45.9758422221 27.4640948075 59.6449640562 26.8551035529 48.4182898078 48.4182898078 48.4182898078 27.6080322067 40.1854339796 26.7272561223 57.0058666989 27.2267387875 50.7201293497 50.7201293497 26.9282374481 27.9128385195 27.0161022785 27.9831676396 55.4333561355 26.9833286708 27.42502547 27.2254576081 27.0689128449 27.9942690412 28.221062392 26.8126809096 26.8533735509 28.2056305227 27.0452894257 28.0150973667 27.2548337062 26.5029673121 26.7949013634 28.0103862938 27.7318650859
0 60.2311324439 61.609138521 63.162841419 90.4520669693 90.1341036086 90.6405124486 62.2621900181 50.7790491799 61.7129049488 28.0706915913 28.535818135 27.9328229288 28.1209607777 27.8116772204 28.1409487435 28.3841371783 26.6053778663 63.4936537024 63.4936537024 58.9437853331 28.620618051 55.836076039 59.6449640562 59.6449640562 51.574336263 73.4962798842 62.3287517257 62.3287517257 55.1696870919 71.096453662 57.0058666989 54.3409107426 50.7201293497 50.7201293497 50.7201293497 27.6663293149 27.5758106759 26.6892298066 64.263647366 68.016542472 68.016542472 27.2084697949 28.4088410395 27.358067685 28.26162133 28.2606861928 27.0289549062 27.3491321874 28.4173530855 26.8789952007 27.8300685126 27.1187967664 26.9795855429 27.0877598593 58.4993697154 51.4857437861
0 51.5703598369 71.132944641 71.132944641 51.5517096604 54.9923665775 54.9923665775 46.569398601 55.384239018 61.7129049488 55.1260571532 27.9302529545 27.8330252855 27.44460905 27.1141621272 28.3904195278 28.2424855514 26.9664663935 46.1487001356 63.4936537024 55.1043494322 55.836076039 55.836076039 59.6449640562 59.6449640562 51.574336263 62.3287517257 62.3287517257 62.3287517257 55.1696870919 55.1696870919 54.3409107426 41.4161350221 41.4161350221 58.9102775844 45.7205707823 27.361984559 27.9049230213 64.263647366 64.263647366 68.016542472 68.016542472 68.016542472 26.7960538196 26.9700990175 27.9844891334 26.8646269642 26.8909527771 27.1610134696 27.7979450934 28.1843869097 27.3388010337 27.7891574267 27.0065753611 28.1981859587 51.4857437861 51.4857437861
0 71.132944641 71.132944641 71.132944641 54.9589007978 54.9923665775 54.9923665775 46.569398601 55.384239018 28.299361732 27.0220274074 26.582550021 28.236773897 27.4518219589 27.1300631889 27.0607934365 27.08054331 46.1333120723 46.1487001356 46.1487001356 28.2108552501 55.836076039 55.836076039 26.5600752397 57.165768757 28.2109040786 28.0430993689 26.5193014784 27.5456114281 55.1696870919 55.1696870919 59.1496697308 54.3409107426 41.4161350221 58.9102775844 28.1214066995 28.355058497 27.2594804986 64.263647366 64.263647366 49.9343309446 49.9343309446 49.9343309446 27.6937568669 27.9854663836 28.3998737338 28.282835673 28.3956623803 27.5209499263 28.3675508094 27.0712064488 27.89116557 28.1407657547 26.9398606174 28.3221677523 67.7168160025 51.4857437861
0 0 71.132944641 0 51.5517096604 54.9589007978 54.9923665775 0 46.569398601 26.581898107 28.28570517 27.0587069918 28.046052585 27.089711228 28.3070766044 27.2108376256 27.1044335518 28.1130269594 46.1333120723 27.3191135601 27.624860615 27.7546928432 27.9147904438 28.3414142952 27.8070990737 27.7221487204 51.889310439 26.9094546389 27.1088655314 27.7999708655 28.429338322 26.6147679509 27.0329107849 49.6482716764 27.2764554569 28.4434888931 46.1772527207 26.6018955913 27.1162333025 27.2364791388 37.4588671536 37.4588671536 37.4588671536 27.3861969712 28.0078650475 27.7120192551 28.2668292289 26.5105917809 28.5596221231 27.8640585302 27.7180805443 28.1685757853 27.0946026154 27.1186332497 28.6210462681 58.4691846998 58.4691846998
0 0 0 0 0 0 0 0 0 27.9762453021 27.2410211576 28.1997253312 28.4624565648 28.1205621528 27.441358292 27.7430947768 27.2417747408 28.4936647313 26.6841424716 28.5941036604 27.5345340832 26.5679251154 28.227669174 27.1178417522 28.2753956812 28.3351512519 27.9323995978 47.6695361599 69.9934741432 69.9934741432 69.9934741432 26.7548982775 27.9620097587 28.425543152 27.0060638072 48.6752849952 48.6752849952 45.2378874647 28.3742575865 26.6543599585 50.4935328381 37.4588671536 50.4935328381 26.7801453821 27.3548744033 28.2828346641 27.6013007007 27.6571516387 27.9788681637 26.6983874012 27.8213310006 27.9495374084 28.2495489135 28.3924484156 57.1017333852 26.5660297394 52.7875519685
0 0 0 0 0 0 0 0 0 26.786580195 27.1251188668 27.5307797339 27.5427297271 26.777800361 28.0312470148 27.6347159954 28.2133867855 27.7164608533 26.9729082172 28.5517340613 27.8070023922 27.1545643632 27.416774175 27.6503469382 27.2151069682 27.0383634713 26.5199301716 28.1293380064 69.9934741432 69.9934741432 79.5684701932 26.6006380323 28.4998115823 28.1866360133 48.6752849952 48.6752849952 48.6752849952 45.2378874647 27.8972306733 28.2048852722 54.1192102798 50.4935328381 54.2823718035 28.5005094457 28.3615268508 27.534004574 28.0929168456 26.8275080799 27.7141340152 28.4006390656 27.947741714 26.941717424 27.2956646779 26.9572277477 27.9758174691 52.7875519685 52.7875519685
0 0 0 0 0 0 0 0 0 26.7766653414 27.4348972322 28.0054174346 27.3540392003 27.0513836133 27.2559838774 28.4215361376 27.4568442223 26.5763021539 27.4185781347 27.470314472 28.2551637719 27.2772123454 26.760077452 28.2886076906 27.8844467248 27.7104361623 28.5680008388 27.6852385397 27.6587694633 27.4723255715 59.9552954512 28.3788520663 27.3437912042 28.4482550885 56.1838128245 51.2566170203 64.24114026 51.2566170203 27.7081941604 26.9717811365 65.9896500447 54.1192102798 26.5452963399 26.9903404767 27.7702223318 27.8984570255 28.4065679502 26.9939116883 27.7598971871 28.5983139019 26.6465043864 27.3508794951 28.5751549602 27.9037171859 27.7013343576 57.1581988594 28.0836595405
0 0 0 0 0 0 0 0 0 27.9363337173 27.8553687224 28.4568944519 26.9874179549 27.8002781978 27.8462407999 28.0170841619 26.5453569185 27.486862345 28.5813761009 28.1381402581 26.8229630349 27.2287669543 27.5152800597 28.5212234904 27.6281815379 26.9739073363 28.5347323308 26.6729107676 67.1864047752 58.2051566436 58.2051566436 27.6805099693 26.7191024409 27.0410716406 26.692696336 50.7733554317 61.4773477035 64.24114026 27.2870304191 27.5419958666 66.8416100407 28.100474029 28.092752745 28.3916640971 27.2419102303 27.8651212831 27.2658865043 28.0932868969 26.8083598612 27.9978662025 28.1805066763 27.5697063872 28.5033601909 26.8004954184 28.2070862401 47.8884587132 47.8884587132
0 69.2314019752 80.1236992038 0 58.3068292644 72.2944043687 68.3628347603 0 0 0 27.8271733197 28.6048708873 26.6388367724 26.5215084923 26.553242327 27.4538284774 27.7528853138 27.3176145408 27.6914774665 28.1474595888 28.196148701 27.9046084127 27.3806700317 28.5181737571 26.5085454908 27.5470225938 27.1445881784 26.5590799411 47.1640627747 47.1640627747 58.2051566436 27.6003368767 27.2911601989 26.6069564119 27.4935294488 64.24114026 61.4773477035 61.4773477035 61.4773477035 27.2159744496 60.9526502829 60.9526502829 60.9526502829 26.9540363659 28.3045792162 27.0663391233 27.2439073644 28.4524377218 26.7471014324 27.9067907601 28.2797023511 27.2338544567 28.2682944592 27.683249902 47.8884587132 44.3265475726 44.3265475726
