Spatial_Output/BAU/BAU_0130.asc
NCOLS 155
NROWS 192
XLLCORNER 196769.923733
YLLCORNER 449719.875193
CELLSIZE 27.603701
NODATA_VALUE NaN
[rows 92 to 114 of 192, columns 53 to 105 of 155]
44.8806067451 44.9208475223 44.545214943 44.8427629874 45.191599027 44.645810333 44.7101994628 44.5185649849 44.6197153937 44.9206473345 44.6595555849 44.6149766013 45.180318029 45.1460335272 44.5290636284 44.6457720887 44.5669671972 44.6297373328 45.1248171626 44.5340921924 44.6259497816 44.9471637882 44.6144046616 45.115876439 44.6419530161 45.0639430912 44.800834551 45.1506819586 44.8778044583 44.6023954975 44.9333886415 45.1624802623 44.9695954247 44.7417742315 44.7679785207 45.1644540697 44.957629427 44.9002194525 45.1445446517 44.7698024812 45.1047758002 44.8625104818 45.1192018739 44.507308738 44.9187796224 45.001290334 45.1520017191 44.8029678586 45.0717018788 44.6325471683 45.1196462559 44.7877776117 44.8496144116
44.6077950291 44.7577593982 45.0476122361 45.0655804287 44.6802221258 44.9216782757 44.7842346141 45.1739832183 44.6221552528 45.1675446051 44.9914982308 45.1795111243 45.2026599367 45.0506109808 44.7215408389 44.9069002755 44.8740283907 44.987685663 44.6931792667 44.988108938 44.9197192976 44.9972486198 44.7254855203 44.791473149 45.0569776276 44.8627028643 44.5942320064 44.8911801896 44.8214303841 44.534545888 44.9593022762 44.5032063617 44.945704622 44.5214632111 44.7024994166 45.1754175798 44.7405690221 88.0744964003 88.0744964003 88.0744964003 44.6591949294 44.5296618286 44.8917777799 44.5770398349 44.5509424163 45.0616704563 44.8512502128 44.6204009643 44.6894432754 45.1081350434 44.9151823769 44.7971796847 44.8388573312
44.6808476343 45.0460618676 45.1324718483 44.946948143 44.8588904502 44.8062644431 44.520071371 44.548957633 44.6682863606 44.6966940798 44.8075219696 44.6485259172 44.5264487151 44.930440179 44.5148623992 45.0662198084 45.045508004 45.2023674158 44.9703625676 44.7336785359 44.8115148602 44.7049725076 44.9803037237 45.0312642626 44.6698269787 44.5970719302 44.7438314704 45.1930493691 44.5913204155 44.6409473088 44.537963167 44.5798936927 44.6163782344 45.1932856862 44.5646866928 44.8267163834 45.032265515 88.0744964003 88.0744964003 44.6557059786 44.9613119119 44.5060860044 45.0413100204 45.1205041557 44.9240640233 44.6445526432 44.6886912567 44.5237426466 45.1236467545 45.1323771296 44.9597649804 45.0353603339 44.8037064858
44.5568445522 44.6674929494 44.682056325 45.0278076334 45.1997202121 45.1281879044 44.6616844007 44.9670159158 44.8053582339 45.1784658642 44.7063897211 44.7938841322 44.5428431126 44.8205277066 44.8750869111 44.9112154732 44.7439233536 45.0967509557 44.9227718039 44.8226857418 44.5151091074 45.1095140686 44.8739510866 44.5120501625 45.0612196459 44.8117749598 45.0102719898 44.7624082648 45.2035915701 44.6319073822 45.1953774837 44.7328804956 44.6222991201 44.5971867098 45.1594148132 44.5646537618 45.1399490492 44.7837941054 63.7912426771 63.7912426771 44.9398555923 44.7902733566 44.7496052802 45.1294551853 45.0605225178 44.7164665722 44.5780026486 44.5094991859 45.1124411668 44.8859783272 44.7727686881 45.2034121131 45.1936140727
45.022508899 44.6316171768 44.5333187281 45.0811667219 44.8278986651 45.0521339781 44.6844621213 44.7781255793 45.0450252256 44.5597775807 45.1406980136 44.8398433248 44.6999157765 44.8711190293 44.8214080271 44.8994458674 45.1141406164 45.1587532846 44.6454797322 45.1391264594 44.5777641147 45.0062886438 44.5653263143 44.6771931258 44.6237706652 44.7762774624 45.0115694294 44.7499216971 45.0796365843 44.8658825925 45.1124058313 44.8175382074 44.9626904377 45.0432592641 59.9733490489 45.1707926137 45.1818608925 63.7912426771 63.7912426771 63.7912426771 77.3796571072 44.8926060708 44.5876735485 44.8558979294 59.7804622245 44.7214055944 44.9037516707 44.6005826795 44.9495993314 44.6192756572 75.6427160381 75.6427160381 75.6427160381
44.7097108103 44.5478226352 45.0629911822 44.9451043964 44.7176608001 45.0245449218 45.0275776398 44.8740576785 44.5836757098 45.0237880303 86.0452479551 44.9903336909 77.2383440664 77.2383440664 44.9904822133 45.1477014876 45.0045612081 44.84002129 44.6418570213 45.0255081613 44.6935445424 44.9710400454 45.1334507817 44.6579944287 45.1870995909 45.0982942296 45.0815874216 45.1938610679 45.1177745025 45.032594115 60.2995184613 60.2995184613 45.0883918228 59.8627498599 59.8627498599 59.8627498599 48.5855379291 44.709943094 45.177596653 77.3796571072 44.7500764056 77.3796571072 44.5860334265 59.7804622245 59.7804622245 44.6413414877 45.1736059789 45.1966659455 45.1278978522 44.7703243059 44.7406009627 75.6427160381 45.0584479365
58.0761846341 44.5129944843 45.0229675321 45.0439306204 44.5091638696 44.9798208781 45.0802920485 44.9545014334 44.6709209342 44.846441499 86.0452479551 86.0452479551 77.2383440664 77.2383440664 77.2383440664 45.0164508186 71.1412736782 71.1412736782 44.9349726542 71.1238883593 44.5663376247 44.8396812187 44.7615445754 44.8251681505 45.1054009477 44.58688365 44.5613835422 44.9119404625 45.1264008419 44.5498368012 60.2995184613 60.2995184613 44.5349618584 48.6661327408 59.8627498599 44.7057517412 48.5855379291 63.4610689163 73.8924914657 44.5502428797 77.3796571072 44.7989972792 45.1706146863 44.5522322094 59.7804622245 44.8402094154 44.7172562794 44.797316071 44.6559414632 44.5313452078 44.6048991725 44.9230775899 44.9831530975
44.7350151641 58.1162835942 45.1725398836 44.5807017021 44.5920193 45.0762937323 45.1513990184 44.6552977242 44.9674218086 44.9587631525 86.0452479551 86.0452479551 77.2383440664 77.2383440664 44.520792657 44.7736414805 45.1090173075 71.1412736782 45.0090338277 71.1238883593 71.1238883593 45.1309778952 44.9083079823 44.5355021568 45.1863188708 45.0388994751 45.2000029871 44.9139534891 45.1738246417 44.5426520034 60.2995184613 45.1733648735 44.9157925209 48.6661327408 59.8627498599 44.9058233589 44.6781682392 44.7138411974 44.730694154 44.8870454495 45.1081392191 45.1518613469 44.79810764 44.7730043824 44.5767866135 44.7755649164 44.7894110556 45.1022702571 44.8608130151 44.8440708837 44.9124649719 44.6293477019 44.7414510474
44.5651455463 44.5095322447 44.5625257432 44.6409035904 44.6543675467 45.0659686867 44.8121458355 44.9446526633 45.1080183298 45.1521177528 44.5827302986 44.831191179 45.2017580089 44.726886389 44.8818065888 44.7635905592 45.1349107724 44.9974943054 44.614883113 45.17401056 45.0393488339 45.0663749459 45.1475032614 44.5908433214 45.0941414813 44.7622898581 45.1168267575 45.1549118192 44.5951129649 45.0644563194 44.658086181 45.1741862375 44.9401501369 44.6467099919 44.8243254398 44.7349614921 44.8206076828 44.6733048974 44.917051565 44.5424769333 44.74678364 44.778788585 44.6095254139 44.7488329548 45.1793398769 45.0027101618 44.5925192221 44.9079142875 45.0995592919 44.64701398 45.198288375 44.5465303659 44.6046121567
44.7896623983 44.9200906 45.0104920304 44.5064632989 44.9180370895 44.7914461679 44.8984760358 45.148340029 45.0064320334 44.5180226709 44.707636764 45.1300009938 44.7539331951 45.024283796 44.6036782601 44.7018205185 44.662790196 45.0607537212 44.5072254508 44.8613881839 44.7719279151 45.1963525489 44.5561842022 45.0513196039 45.1638451043 44.7916220207 44.7206702503 44.7657592998 44.7993106937 44.6216593021 44.5678008101 45.0957762778 44.7073465479 44.8512637445 44.8014520541 44.6092120369 44.6075839556 44.6828612475 44.706509401 44.7357155118 44.7808818145 44.915584673 45.1032355404 45.0514683948 44.9067863575 45.145534392 44.7892444296 44.6486592116 44.5373323616 44.5672764418 44.9386825116 44.8457577783 44.7905022951
45.0424030688 45.0630666963 45.1087586925 44.6567343652 44.9490576101 44.5828356788 44.7551865759 44.9765108556 44.8653430469 44.6533846573 44.9594537515 45.1976779459 45.206386026 44.801025034 45.1216281161 45.0036465055 45.0018000341 44.537154898 44.853540781 44.5450289318 44.7069055615 45.1326982039 45.053899278 44.9975519022 45.0444545701 44.5459870405 44.9275039174 44.8754356694 44.5043322222 44.7361428959 45.032067138 45.1086944858 44.9579924901 44.7676793535 45.0272989004 44.7488555034 44.701560787 44.7329949225 45.1202361452 44.5325572992 44.5524680658 44.691931313 45.1564646731 45.1727880288 45.0518070976 44.5155209585 45.054992992 44.9945857289 44.965085911 44.8329232886 44.6318975488 44.6089852275 44.7832075685
44.7818440174 44.6142575424 45.1218556375 44.7647733485 44.7907555875 45.0834649322 44.6553567007 44.5599860044 44.506655004 44.5601439767 44.8918059451 44.9876468548 45.0955222256 44.900824959 44.5762492325 44.9662492933 44.888446535 44.9610558513 44.6449265979 44.7518863151 44.9089840281 45.1344900012 44.5038322111 44.9615472186 44.8076984794 44.8596991261 45.1836775204 45.160392743 44.5579839982 45.0697269124 45.127276374 45.1684059068 45.1658981624 44.6231730926 44.6167890462 44.6116510663 44.5521734747 45.0853797118 44.9588519449 45.0380813106 44.9539754392 44.8529418741 45.0515172627 45.0958466299 45.1385745195 44.6422247818 44.8655300982 45.0315597701 45.0491662178 44.6799736046 44.674231385 44.9710386769 44.9439890718
44.5803689616 45.1955803739 44.8946681546 44.7548405223 44.5671439488 44.9510261421 44.5441729662 44.7407964455 44.8775813692 44.5104653262 44.9442066441 44.5917140594 44.8298369467 44.6938613913 44.9663122163 45.1695894706 45.1683998353 44.9599680975 44.7584726665 44.9186653071 44.6267425237 45.1008428063 44.6962357076 44.902116988 45.1834392543 45.1996194051 45.1246751734 44.7487096523 45.001828604 45.2060674061 44.7707729851 44.7586155419 44.6378497258 44.5319235515 44.5585808252 45.0244653638 44.7197494704 44.9340244963 45.0670998998 44.6955266254 44.9387637415 45.0582518415 44.8784501122 44.8495223582 44.9006931309 44.7829359762 45.0744454792 44.5932018152 44.5309053998 44.7719024094 68.117765833 68.117765833 49.8194282813
45.0212202577 45.1075569412 44.9929357753 45.1740586389 44.9000146342 45.182455285 45.0537653174 44.6796946413 44.9143810079 44.9357844656 44.6376579981 44.8054837517 44.9274586666 44.8216888171 73.2220278499 73.2220278499 45.1086664107 45.1922481981 44.5524794561 45.1570539725 44.9897594733 44.7434145889 44.5284897536 66.6539896977 66.6539896977 66.6539896977 44.9000412371 45.0990279614 44.8505032073 44.5033808398 45.1200702967 44.6026768086 45.1264613817 44.857507214 44.5242207946 44.622849743 44.6928548065 44.8430971329 45.1710432668 45.050506443 45.0666808154 44.5810545112 44.5246523151 44.9461062206 44.884474355 44.6696101705 44.8919808135 44.7298260435 69.6524108818 68.117765833 45.0581611185 49.8194282813 49.8194282813
44.8669980061 45.0648732338 45.1654219018 44.8773573536 44.5758818071 44.8919950356 44.9217802529 45.0348439258 45.2044430911 44.5476052083 44.7645734929 44.9337345051 44.6589488254 44.9557404073 44.9174604003 73.2220278499 44.6229961005 45.0046858239 72.8436767992 72.8436767992 45.0412944129 44.5201602246 62.0229079519 77.1289487685 66.6539896977 44.8349846976 44.6283670093 63.3922949945 44.9376504314 45.1254600581 44.660054805 45.2034398164 45.1092212925 45.1079810631 44.9541921518 44.9142483432 44.5503424281 45.0604920182 45.0519995868 44.9034776601 44.7947102059 44.595965371 44.6115558416 44.9896236891 44.6007537975 45.134227789 44.6255837961 45.0302154667 44.7220075198 44.842864013 68.117765833 68.117765833 49.8194282813
44.7491767448 44.6678723061 45.2037542541 44.8256761336 44.6042342999 44.6909859047 44.7938718993 44.6946080712 44.5203231518 45.1664832093 44.8900344155 44.7325323055 45.1972081289 45.110372394 45.0646051744 44.8570574402 44.5593864526 44.9977729577 45.1542343951 44.6298389621 44.6437275665 62.0229079519 62.0229079519 77.1289487685 77.1289487685 66.1339152935 66.1339152935 63.3922949945 44.9534379248 44.7390399394 44.6442573382 44.9332682662 44.9499464807 45.1670687872 44.6285027521 44.5189564983 44.8670304048 44.6251891839 44.5858682123 44.8479262811 45.1244101505 44.7527964322 45.0394550446 44.5470488896 44.5715121802 44.7187942525 45.0322932306 44.9127598002 44.979162194 44.8891428766 44.5673952726 44.6674067208 45.014466784
45.1287444579 44.6521355123 44.8015527462 44.9312202567 44.7206243803 45.0253151229 45.1647124376 45.039264272 45.0374109793 45.1804692335 44.6625064079 44.8701780573 44.713719918 44.8744298742 44.944842504 44.6286898185 44.7965262318 45.0773773859 44.6213501971 44.9347727259 44.5721380647 44.8434929141 62.0229079519 77.1289487685 44.8243186422 66.1339152935 44.6675160195 63.3922949945 63.3922949945 44.5752420569 44.5601664598 54.1764055015 44.575293994 44.7176334054 44.6604155797 45.0984593835 44.5391249987 45.0206194487 45.1074402136 44.529512256 45.0403536797 44.8546722418 44.9702247885 45.1541399384 44.5072616983 44.5967874539 45.1208347556 44.9206651755 45.0505647581 45.1230952952 44.5240281169 44.7803736726 44.9547129347
44.9948472352 45.0965561935 45.0830529451 44.8275022697 44.9446020414 44.7273970972 44.9670994589 44.9499606411 44.8903870734 45.1183151323 44.5660685875 44.6375453377 44.9607467052 44.7511138985 45.0117042526 44.9958851677 44.994845445 44.5301963484 45.1532988983 45.0211032364 44.7621465758 44.7281565284 44.5373020235 44.5275443007 45.0996916308 44.7379744989 44.8217618551 44.9979308471 44.9192736135 59.4443617617 59.8717547415 59.4443617617 44.5607479408 44.6417743953 44.8423667175 44.8046077008 45.0806661192 44.6100810889 44.9374394147 44.6294994031 44.5579251053 44.9015218187 45.0171189503 45.0311032264 44.6013142986 44.5649315346 44.8110076071 44.991519022 44.6445822412 45.079183815 45.0583741896 45.0043091513 44.9182883903
44.5431476062 44.8372263443 45.0949851429 44.555579559 45.1377508265 44.8600517992 44.9067524867 45.0234864347 44.8639171698 44.5474139055 44.8529519172 44.9442453816 44.5280902278 44.5670285832 44.9195897984 45.0589238211 45.134255673 44.9032887418 44.5054638387 44.5453204848 44.6164268968 45.1902493449 44.9205080589 44.9474993886 44.8414481709 44.5966731808 44.5610935147 44.7045515711 44.5926555468 59.8717547415 59.8717547415 59.8717547415 59.8717547415 44.9719475038 44.8715159832 45.1367605936 44.9765198918 45.1517251584 44.7929397918 44.5574792692 44.7256542873 44.6366719003 44.601583327 45.2034641992 44.9934288554 45.1020152207 45.1026065414 44.648200729 45.171591131 44.5263671036 44.881387286 45.1988809873 44.5283875013
44.7466599133 45.1404849142 44.7739588435 44.6703388302 44.7913031819 44.8785498141 44.6707157657 44.8070151089 44.6351121499 44.6691128242 44.513286008 44.7139387391 44.6230976353 45.0290118603 44.7916491567 44.6754101393 45.1349547903 45.1428638017 45.0500448765 44.7793861799 44.6395510668 44.928396145 44.8248571964 65.6310692894 65.6310692894 44.8477028693 44.7290935639 44.6899900117 44.5266120495 62.7766472159 85.5165366452 85.5165366452 44.9021985654 44.7090714092 45.0123000002 45.1281888939 45.1024170954 45.0848965186 44.9133145551 44.7602136462 44.5343843153 45.0972314339 44.6853780685 44.9790606259 44.7335888519 44.6793756783 44.9905651718 44.5736347167 44.9057126552 44.7041925239 44.6227285615 44.9142705623 45.0130122332
45.0183625752 44.8049888668 44.5847533361 44.951040149 44.6635218119 44.7710390964 44.8982818671 45.0423758713 45.0102287939 44.9755655973 44.6135053303 45.1790153021 44.7632598412 44.974300362 44.9981705964 44.996730768 44.8934549604 45.0732509546 44.8807148253 44.8516686854 44.9103283189 44.688849588 44.7057824293 65.6310692894 65.6310692894 44.6786266995 44.8326877942 45.0542869522 44.6954099995 44.7798239422 84.155406603 84.155406603 63.2581487583 44.7724748861 44.8899164782 44.9118426815 44.7336390609 44.8757201963 44.5535659967 44.8778479165 44.8724335349 45.2021914341 45.1187548416 44.9490227171 44.6685566073 54.2620036476 44.6736124821 45.0116017648 45.0619430041 44.7012867546 68.9942452759 44.8926016713 45.122436955
44.517943071 45.1229572099 45.0050617424 44.9583971849 44.5793717425 44.7432285953 44.6813887781 44.6190474564 44.6737447125 44.7128300882 44.5028030187 44.6283850476 44.5546877965 44.5495943662 44.8821913427 45.0527392499 44.6777263386 44.5419397414 45.1541810255 45.0479888411 44.7039417567 44.738763396 44.6396852513 53.9648944879 53.9648944879 44.8565048614 44.7099221919 44.8685447774 44.6097016691 81.2827987583 84.155406603 71.5800060756 82.6553666436 44.9272908817 44.6663514707 45.1631101941 45.039156476 44.9335914211 44.7073298678 44.6054689784 44.5082514524 44.8662790913 44.7998165736 45.0869917298 44.9543822996 54.2620036476 54.2620036476 53.5768098514 44.8289067973 68.9942452759 68.9942452759 68.9942452759 59.514741308
44.6142259475 45.162807061 45.0524285271 45.0433140397 44.6013612704 44.786616812 44.6231232339 45.0787369592 44.9484996052 44.5367152806 73.3909731877 45.06016103 44.5203312619 44.8997904397 45.1758770137 44.7136677265 44.7567741165 44.6058894208 44.6625772723 45.115261722 44.7852815038 44.5623854449 45.188588352 74.9638980798 74.9638980798 44.7350637025 44.5426887635 44.7408250737 44.5412982886 81.2827987583 81.2827987583 71.5800060756 71.5800060756 81.6208737826 44.7772917877 44.7084704236 44.9865843957 44.8891941075 45.1157000044 45.0478420934 44.6398800362 45.178696316 45.083621405 44.7519956874 45.1318690547 54.2620036476 53.5768098514 44.5950713314 44.8055633597 44.7171514148 44.5696964894 59.514741308 45.1289162035
