Spatial_Output/BAU/BAU_0011.asc
NCOLS 155
NROWS 192
XLLCORNER 196307.867259
YLLCORNER 449144.565805
CELLSIZE 33.573938
NODATA_VALUE NaN
[rows 78 to 103 of 192, columns 0 to 56 of 155]
0 0 0 0 0 0 0 0 0 0 0 0 0 46.0275393477 45.5037857195 45.1370944476 45.77482764 45.3872184816 46.388959913 45.2497479644 45.3389165811 45.4547564835 46.0511305466 46.0330241135 45.3463963433 45.0626703989 45.2370061329 45.1047548179 46.1814211825 84.8564222508 45.6105755918 64.8645397374 65.1636033687 65.1636033687 63.6740033838 63.6740033838 63.6740033838 45.9490870833 45.2137947729 45.6169345248 45.7520676757 45.4017785116 45.7604149549 45.9738510875 46.0108845264 46.0887371615 45.1608284619 45.0087367759 45.853029142 45.5690609775 45.5744245025 45.1675031327 46.3016757586 45.6867576297 45.1602841355 45.9485418092 45.4371225532
0 0 0 0 0 0 0 0 0 0 0 0 0 45.4383646266 45.013675006 46.3806681781 45.7985502731 46.0202498593 46.1052332757 46.1550829782 45.5553301988 45.6108978326 45.5794376416 46.2588222813 45.4927484213 45.7741533043 45.4244990901 58.1193047631 58.1193047631 84.5726122424 45.3644107377 61.7078714375 65.1636033687 65.1636033687 76.7160377899 63.6740033838 63.6740033838 45.7924733785 45.3501349425 45.9477095671 72.8781793274 72.8781793274 72.8781793274 46.3916746315 45.6086513182 45.2149870182 45.6762648912 45.4117168116 46.0777957935 45.3707543949 46.2162478905 45.9176558185 46.3170325331 45.4558144337 45.5022907144 46.194639523 45.9786800663
0 0 0 0 0 0 0 0 0 0 0 0 0 45.5110782058 45.2848723694 46.3659443256 46.3862620792 45.7216926963 45.946565248 45.0431928462 45.2123392039 45.1446562859 45.3167319077 46.0479386574 45.7402968305 45.5283193122 70.0579077403 58.1193047631 58.1193047631 45.4175640712 45.2371836875 45.1256812075 45.7517576055 45.9967142018 45.0530890676 46.2505754648 45.9777449771 45.2375304832 45.8012945155 46.1411343831 45.0858469305 72.8781793274 72.8781793274 45.4931098395 45.5977269445 45.782132519 64.2192565338 64.2192565338 64.2192565338 45.2915685983 45.187179247 45.2657489573 46.0870747958 45.1369966963 45.0096851515 45.5628748354 46.0288277876
0 0 0 0 0 0 0 0 0 0 0 0 0 0 45.1942714631 45.6426368654 46.0241085195 46.080485412 46.0483903023 45.4013721658 46.1547740815 46.1014760421 45.9307763613 46.2849159668 46.3840860954 59.8510546081 59.8510546081 88.4894002274 88.4894002274 45.5275635155 45.655381354 46.0229867131 45.4046173058 45.4573227096 45.2983090139 45.3943834515 45.0325112366 45.3228887611 46.1809752684 46.0445202837 45.0121337259 45.6840169112 45.4438344849 45.6618800085 46.2019262511 45.0660402528 64.2192565338 64.2192565338 45.6222499029 52.8907926574 46.0088697138 46.3385999192 46.1577544848 46.2855926865 45.9170016538 45.6001951893 45.7414666245
0 0 0 0 0 0 0 0 0 0 0 0 0 0 45.7033579717 46.3946850907 45.8786246888 45.3992416468 45.4236601418 45.5856504971 46.0354912585 45.6692670088 45.7317617915 45.8527347388 45.1644995779 59.8510546081 59.8510546081 45.3373525751 45.425664132 46.1020413877 45.6230296648 46.2523016136 46.1921584334 45.935275343 46.0965405751 46.3751749845 46.006238874 45.0988664184 45.6368554269 45.1405573071 46.1745799255 45.0747816014 46.0938556437 45.9747084927 45.2650097853 45.5970075168 45.2911904038 46.2192562919 52.8907926574 45.8833218197 59.8426483812 45.989396287 45.8082280773 45.4235046619 46.2364918764 46.0757861539 46.2209488254
0 0 0 0 0 0 0 0 0 0 0 0 0 0 45.5662475465 45.8045816991 46.0069687217 46.1036629895 45.2080741783 45.7926504817 53.6238125103 45.7300318998 51.7215145859 92.1514978046 84.408146582 84.408146582 84.408146582 45.755815467 45.9367693551 45.2081173675 45.956573389 45.4774246304 45.9575954823 45.8730363682 45.590807182 46.3096486749 45.7974264715 45.4375693089 45.8345013471 46.4025934909 45.534881145 45.50328624 45.6003118612 45.0994881744 45.359432062 45.9598207327 45.7445565229 45.1783133424 46.3519173896 46.1902390963 46.1053121357 46.1546234542 45.1464144005 45.0580805367 46.4043572156 45.4796851875 45.5955254377
0 0 0 0 0 0 0 0 0 0 0 0 0 0 45.9398800681 45.338966513 45.0353077635 45.6686194106 45.884790447 69.487087784 90.4783740555 72.050325937 92.1514978046 92.1514978046 92.1514978046 83.3022036945 45.7812447325 45.995370052 45.8122499428 46.2163460255 45.9348847522 45.1325085282 46.0108872782 45.9890312172 45.6825186709 45.3539969786 45.4014879683 45.9267263793 45.5428079236 45.9547089961 45.1432918732 46.1904281531 45.6977039349 45.5089319286 46.0977477223 45.7046534723 45.1908000364 45.2994056896 45.080233536 45.5560658416 45.192150446 45.6135939787 45.3751782879 46.0003892465 46.2048193236 45.2474385111 45.0704765143
0 0 0 0 0 0 0 0 0 0 0 0 0 0 45.8141979354 45.4147474009 45.9296481071 45.5193665613 46.1783155255 69.487087784 90.4783740555 90.4783740555 72.050325937 51.7215145859 45.8583900373 45.8392161155 45.1845077206 45.5835616727 46.1018614678 45.4639823999 45.4848699359 45.67347699 45.7150500433 45.3191839118 45.9614749479 45.2363140775 46.213960644 45.9468973625 45.0205269281 46.0669413192 45.5817204247 45.3379716416 46.1084579587 46.4011165611 46.3848609195 45.3661196595 46.17439724 45.0500802991 71.6079600005 45.1929636936 71.6079600005 45.0900799663 45.3832578476 46.0471015655 46.2743502663 45.6151858779 45.7978695332
0 0 0 0 0 0 0 0 0 0 0 0 0 0 45.726606869 45.2508703164 46.151165475 62.9660428621 62.9660428621 69.487087784 45.6701676514 46.0567407372 45.2139847079 46.1752119966 46.3792130844 45.1145504401 46.1162289656 45.393027201 45.1948490549 45.7552171869 45.31666072 45.8840715991 45.4646697418 45.1125248242 45.4738541699 46.1682478114 45.601812501 45.8036291128 45.4257130533 45.4957294808 45.6431360678 45.8519230076 45.3581255469 45.3442294645 45.7941898612 46.143503067 45.3844190225 45.9396657394 46.0961185076 45.1001933159 45.9802453277 46.0572910491 46.1992573561 45.7750003413 46.257167373 45.9604048068 45.6803257893
0 0 0 0 0 0 0 0 0 0 0 0 0 0 0 45.9212689359 60.7949022505 62.9660428621 62.9660428621 62.9660428621 45.1346930605 45.6522169744 45.5940724452 46.2312534959 45.1938422154 46.1914536475 46.3263298802 46.3145625405 45.0219615541 46.1934219801 45.7719740103 45.6875704736 46.1589258736 45.5108781457 45.4633436589 45.4158302376 45.655472989 46.2431214008 45.5025917731 46.4091699717 46.0214561619 45.8761476047 45.2343051353 46.353234471 46.0914385736 45.6622563576 46.0074374648 45.62188948 46.1255928687 46.0830029414 63.9215545918 45.0236318904 46.1245100496 45.1367257009 45.9098829308 46.3703587132 46.2708297191
0 0 0 0 0 0 0 0 0 0 0 0 0 0 0 60.8242821002 68.4712611428 68.4712611428 68.4712611428 70.8386908503 45.0411827757 45.6751487909 46.083494148 46.2988831968 45.6796440502 46.2335164991 46.3824081498 45.4129780595 45.7052950338 45.0284037532 46.3532518509 46.1489014318 45.1748942241 46.0226872365 45.6701106077 46.1132421089 45.2243327502 45.3012898115 45.5928970417 46.379041697 45.3849754504 45.7546273678 46.2363855702 46.1921486151 45.7713714428 46.1898867622 45.1836344283 45.5684898105 45.257811693 64.0397090712 64.0397090712 46.1355958431 45.0395608362 45.4584890901 45.0041473469 45.5136858275 45.9076621238
0 0 0 0 0 0 0 0 0 0 0 0 0 0 82.4973129436 82.4973129436 60.7949022505 68.4712611428 68.4712611428 45.2649543988 45.9280247362 46.0254926051 45.5048845056 46.4141519144 45.9836305669 45.3132158199 46.1039953518 45.3781508423 46.2961055882 45.876980784 45.0313352485 45.9141236371 46.0876776361 45.0018023158 45.8849716828 45.8984947689 46.0236585144 45.7458677578 45.1367651693 46.4070643131 46.0241243373 45.7008057119 46.2414529071 45.7831502254 46.3713836188 46.3166747198 46.3939282534 45.2075055232 64.0397090712 64.0397090712 64.0397090712 64.0397090712 45.4408520228 45.5743053691 45.0321216344 45.9161503427 45.2375955874
0 0 0 0 0 0 0 0 0 0 0 0 0 33.7865508243 82.4973129436 82.4973129436 82.4973129436 60.8242821002 46.1066521107 45.4126317917 45.6794694162 46.3832875592 46.2500881619 45.7749999453 45.9751431366 46.3339566704 45.9698341694 45.5271147496 45.3412122238 45.1737290398 46.1079664865 45.5106171376 45.6396459771 46.2638618935 45.55088064 46.3287127919 45.2595334231 45.8074368473 46.2646695151 45.0746078368 45.4844750822 46.2517869113 46.1368626169 46.1255366405 46.029109937 45.3090699534 45.4787114817 46.1976549509 45.9142297695 46.1776338998 45.443136521 45.7701122469 45.9105863478 45.2067341329 45.6579928672 46.3818269093 45.8446688517
0 0 0 0 0 0 0 0 0 0 0 0 0 33.7865508243 33.7865508243 0 57.9683783268 0 0 45.9578077481 45.0026865754 46.1987669244 45.261127085 45.0815896971 45.6735476887 45.4563090388 45.9490389185 45.8843709839 45.269659344 45.6976773954 45.2014064854 45.0757553098 45.063310702 46.2844204872 45.5626786357 46.3309810105 45.0556666069 45.9519242298 45.8904331433 46.1533252106 45.2005470294 45.565702097 45.2725193778 46.3753843942 45.530937782 45.3712243842 46.1910775714 46.2519879542 45.9250393488 46.0145197277 45.0315395955 46.0361442268 45.5053330764 45.6421681355 45.024812733 45.378579286 45.0404553241
0 0 0 0 0 0 0 0 0 0 0 0 0 0 0 0 0 0 0 45.2605084032 46.3630328961 45.7696014814 46.362288029 45.9786997105 45.9924302355 45.5895945252 45.5068769685 46.4102797487 45.0218848405 46.3908146033 45.463100161 45.0048780411 46.3241302668 45.1341164169 45.6540999863 45.0596359791 45.3038791541 45.7149814891 46.0801607297 46.0814314233 45.4597926569 45.8513552505 46.2793039467 45.7152152728 46.086466674 45.6383809287 45.4427207417 45.4087977319 45.9477495203 45.1642404955 45.6978078657 46.0476253851 45.6769478741 45.6069784262 45.9941469976 45.281683137 45.8784834153
0 0 0 0 0 0 0 0 0 0 0 0 0 0 0 0 0 0 0 0 45.3250429534 45.1280071723 45.8933708703 45.7592175003 46.1901403017 45.9110939487 45.0633152382 45.8441769892 45.8957260479 45.810220902 45.3679485204 45.6434449095 45.9289372225 45.4548718994 45.6533117788 45.1786875615 45.168430549 45.3101965342 45.9992049993 46.162491271 45.0058137988 45.0549386377 45.5069402073 45.4465237951 46.2064229165 46.0970780127 46.0704712633 45.6157195107 45.8691223864 46.1642152754 45.803960264 45.0604603578 45.9707589079 45.0293046051 45.9910063582 46.2511276462 46.4073189516
0 0 0 0 0 0 0 0 0 0 0 0 0 0 0 0 0 0 0 0 0 0 45.9354790066 45.7216287178 45.2076797739 45.4910294422 45.8644016932 45.5162722715 46.2019983205 46.0857979217 46.3736140443 45.5648733184 46.0091820914 46.0314407379 45.2910626367 45.2164275064 45.6641879042 46.397310843 45.7259243182 45.0689094103 45.824481934 45.1770849929 45.7238726643 45.4205478025 45.3305364486 45.1955947521 45.3338106474 45.9916025005 45.8156971699 45.5371487538 46.1916061075 46.3418053647 45.0748127304 46.3045759633 45.6756930377 45.1039015846 46.1586869101
0 0 0 0 0 0 0 0 0 0 0 0 0 0 0 0 0 0 0 0 0 0 46.1274401923 45.0534479699 45.5875218792 45.4363042241 45.5468935329 45.2822748486 45.7934759984 45.1560285921 45.5235389423 46.2025016458 45.576712266 45.5088188946 45.4089504606 45.5134860216 45.381366621 45.9415992497 45.9299795995 45.1009790199 45.3658868714 45.2285862699 46.3396164796 46.0169930835 46.3544234062 45.4572944167 45.590756725 46.1389066815 45.8116985126 45.0053377787 45.754331452 45.5483563743 46.2015515357 45.4293896715 45.5347003524 46.3250276234 45.1850395909
0 0 0 0 0 0 0 0 0 0 0 0 0 0 0 0 0 0 0 0 0 46.3983935164 45.5591374328 45.3173513957 46.1330317571 46.3036826713 45.3849859611 45.2351567658 46.129897612 45.4259763821 45.5114483726 45.0059077637 45.2632768612 45.8829367894 45.8704624502 46.1300878889 45.1923223919 60.6083463129 45.6695534641 88.7726052112 79.5306077883 46.2340465208 46.3455659201 45.5128365195 46.0278720841 45.815592406 45.9114090943 45.1355294521 45.4055704257 45.0119896808 45.377188034 46.065800204 45.5434069414 45.6773457577 46.2641979973 46.1278486506 45.8612887281
0 0 0 0 0 0 0 0 0 0 0 0 0 0 0 0 0 0 0 0 46.2703796798 45.7213720507 46.0010113902 46.3445761616 45.7049076368 45.178011111 45.9076260547 45.4018643806 45.239445329 45.5167219886 45.1801800185 45.4930248146 46.1127631088 45.493824951 45.4867863914 46.3062268406 74.9556714677 45.9531525556 88.7726052112 88.7726052112 79.5306077883 75.6525099333 63.2945491403 75.9511734543 82.5621786706 82.5621786706 73.93317849 45.3148045669 45.7909443078 46.3245120324 45.5501488255 46.12630885 46.3939231321 45.4293453504 45.4407460752 45.7676975032 46.3846508753
0 0 0 0 0 0 0 0 0 0 0 0 0 0 0 0 0 0 0 46.2021992579 45.5516262198 46.3553712221 46.2844810402 45.1030704462 45.6400498635 46.0084862636 45.3198544819 45.932113964 46.2066532595 45.56818476 45.640344795 45.9228744275 45.0716818371 73.7860099892 45.4243988236 45.3049302995 74.9556714677 45.9075923382 88.7726052112 88.7726052112 79.5306077883 63.2945491403 46.113455336 75.9511734543 82.5621786706 82.5621786706 73.93317849 90.0883669382 67.2238264588 46.0473117505 45.8764886792 46.290902382 46.1253690143 45.2166290149 45.4220364924 46.0557895063 45.0693187073
0 0 0 0 0 0 0 0 0 0 0 0 0 0 0 0 0 0 0 0 45.8016231832 45.5280784249 45.1429182164 45.6453199067 46.4131152789 45.4862476752 45.6695510757 45.1909849971 46.0166061372 45.3970548086 45.6271000358 45.2527073139 73.2157504497 73.7860099892 73.7860099892 46.3666010582 45.5015155517 46.0679099896 46.1866067611 88.7726052112 79.5306077883 62.9047320666 63.2945491403 87.6114503908 82.5621786706 46.2904946214 73.93317849 46.1057769305 67.2238264588 45.0619210704 45.1491663721 46.1655312818 46.3511094982 45.2562510135 46.4004629294 45.5155286581 45.9940394534
0 0 0 0 0 0 0 0 0 0 0 0 0 0 0 0 0 0 0 0 0 45.8932185997 46.0366464077 45.7046375969 46.3979978058 45.621303115 46.01368237 45.9482699701 46.378586621 45.1602714865 46.0111743639 45.785816957 73.2157504497 73.7860099892 73.7860099892 45.733121407 45.5753548707 45.2851789113 45.5212254357 45.8001132379 45.1779053674 46.1646700428 45.9908538156 46.0008011572 45.9700736117 46.187871597 45.7257300697 45.339211758 45.678996811 46.3292825656 45.7611231529 46.228636656 45.4576673402 45.8605201551 45.1320108799 45.7190177688 46.1081344017
0 0 0 0 0 0 0 0 0 0 0 0 0 0 0 0 0 0 0 0 0 0 0 45.6949271249 45.1714299842 45.6989801845 45.3426480384 46.105934472 46.0020085901 54.425568489 82.7924116274 82.7924116274 82.7924116274 45.4204521579 45.2471408663 45.4432081759 45.1848729061 46.3370094094 45.2144655125 46.3413764341 46.3535725305 46.0169237816 45.8259066762 45.9476557234 46.0684422359 45.0994608196 46.1028874032 45.356043143 45.9039817292 46.1388636181 45.8072977073 45.375639319 45.4911960444 46.252833014 46.2214000753 46.2952740323 45.7655221035
0 0 0 0 0 0 0 0 0 0 0 0 0 0 0 0 0 0 0 0 0 0 0 0 0 45.3015683524 45.8939641885 45.2201004858 45.4467220339 54.425568489 54.425568489 82.7924116274 82.7924116274 45.529848389 46.167653158 45.7920652581 45.7393362652 45.1838486174 45.6840790225 46.3728442884 45.4691567786 45.9835585372 45.3728174324 45.7623703465 45.9878714726 46.1336219342 46.1960143327 46.1187820907 45.6092015265 45.4875219061 45.9431842264 45.0282173328 45.5066776618 46.0758581096 64.5135808647 64.5135808647 64.5135808647
0 0 0 0 0 0 0 0 0 0 0 0 0 0 0 0 0 0 0 0 0 0 0 0 0 0 46.2457282212 45.6758437323 33.6171656016 33.6171656016 54.425568489 54.425568489 45.8964200329 45.0714917571 46.1837097652 45.0051466237 46.3040058981 46.3394923951 45.7286272389 45.7841384965 45.7626999457 46.0476714804 46.2854162669 45.184681687 45.3600523864 45.7078131141 45.1669030769 46.2183425934 45.2934034791 45.9702191612 45.8051416273 45.1538552699 46.1039420772 45.0010122126 64.5135808647 64.5135808647 64.5135808647
