Spatial_Output/BAU/BAU_1375.asc
NCOLS 155
NROWS 192
XLLCORNER 196769.923733
YLLCORNER 449719.875193
CELLSIZE 27.603701
NODATA_VALUE NaN
[rows 69 to 91 of 192, columns 53 to 105 of 155]
33.107050432 33.3791454866 33.1809249847 33.6029214777 34.2534510327 33.7661034594 34.1160570803 33.2695839651 34.346221947 34.3864574717 33.0666761777 33.5470234285 33.8997731954 33.1416108292 33.7607381958 33.6778088238 33.3064682216 33.710722021 33.6856926092 47.0702784784 47.1061745138 33.5723232473 33.6603540368 33.7840279439 33.8793268272 33.5487233131 33.0249334691 33.6677485497 60.7670157833 60.7670157833 60.7670157833 33.5905888514 33.5908815574 92.9204754997 92.9204754997 92.9204754997 33.9632256679 48.7097878291 53.0770093255 52.593369944 34.227158543 34.369107205 33.3418951505 34.0708285309 34.050777842 34.2468998773 48.2421510985 33.8344015037 33.3345037549 34.2602687201 33.3625800336 34.2330900609 33.5486195414
34.3207450267 33.4792315342 33.3055926223 33.7201713437 34.2886635142 33.4542184257 33.3666198474 78.4180318151 78.4180318151 33.6227919571 34.2452289792 33.6164535446 33.386522637 33.0006630773 33.2007499953 33.8791779394 34.0501955337 34.2422528035 47.0702784784 33.5499886347 47.8074562099 33.6575442632 44.5807861545 44.5807861545 33.0809863539 33.8728331467 33.1580128962 34.1391021835 34.2283597819 34.3066143586 60.1649564917 60.1649564917 64.3946422535 33.0193216019 92.9204754997 33.02202055 33.1460917871 33.5811225801 34.0562591996 33.1004745452 34.0236670455 34.0744377033 33.9827973861 49.204547065 48.2421510985 48.2421510985 48.2421510985 34.071334341 33.7867703305 33.4063683242 34.3030783091 33.6568932931 33.3469190107
34.2512248956 34.0016331171 34.2056494451 33.1058789293 34.2818139825 34.2643870529 33.1193650322 78.4180318151 78.4180318151 68.2917541972 34.2132367402 34.2136762449 34.0225172821 33.1094657834 34.3311094359 33.574230817 33.6916234896 33.9441145816 47.8074562099 54.9126134012 33.1221755856 34.2085732108 33.4617254651 33.846287904 33.403022332 34.3489051077 34.3617388009 34.3400380608 33.1537666474 33.2315198977 33.3457845525 64.3946422535 34.232395 33.8592530274 34.2392979287 33.9699584637 33.6524525562 34.3062334913 33.191569912 34.3121481203 33.5270993926 33.0473958116 33.8674843887 49.204547065 34.3767589991 48.2421510985 33.8186493159 33.4488626034 58.240499018 58.240499018 33.3652305014 33.309615693 33.2353123354
33.5626357152 34.0329523842 33.3161154617 33.2648346172 33.140004304 33.9212170401 34.2326983918 34.095028353 69.0384686814 66.8489426748 33.2298511898 33.9394038602 33.6568783501 34.1677705981 34.3948842118 33.4283158039 79.5065672495 79.5065672495 67.042132006 54.9126134012 34.339885607 34.3923148091 33.2185198771 34.3898635186 34.1364231202 33.6439672736 33.3377783413 33.0059379358 33.0024650643 34.2758592357 33.2804860664 34.1157454943 65.8918754741 65.8918754741 65.8918754741 33.0670133676 33.2243158283 33.9020576957 33.5833598797 33.4395104851 33.8216434042 33.4123460238 33.0864457122 34.042698006 33.5327160827 34.2691548082 34.3087795272 33.5149755187 58.240499018 33.2744842723 45.9353394484 58.2863462593 34.3965156947
34.1744743385 33.1404886808 34.2279065227 33.9477115241 33.4816819295 34.1560542441 33.4956265786 66.8489426748 69.0384686814 69.0384686814 34.2427830846 33.2393710227 34.1416165272 33.9761438204 76.7956226372 76.7956226372 79.5065672495 79.5065672495 67.042132006 57.4821483876 33.3078206094 34.2695240725 33.3707460266 33.3704960852 33.929118739 33.7846821216 34.2710269422 33.3465695955 34.101889438 33.4518838632 33.479399485 33.8489374122 65.8918754741 52.6927642152 33.7162563284 33.0152905548 33.1522117626 33.7188056513 34.180487872 33.7245755595 33.5731114354 33.0919227735 33.376722953 34.364017369 33.6799134655 33.8494773693 34.398718328 33.2472320496 34.3555306233 45.9353394484 45.9353394484 45.9353394484 47.1381394205
34.0240803705 75.0786666752 33.7138374332 33.1549584547 34.2676832392 34.3793434638 33.4907341204 33.5155766817 34.2100720387 33.720722098 33.1882270582 33.8901002666 46.9060187314 34.1242422685 76.7956226372 76.7956226372 60.9356795589 79.5065672495 67.042132006 52.670939344 52.670939344 52.670939344 33.3922003758 33.7452100075 33.8208195394 33.4299976853 33.0984549681 33.8260021677 34.1836989268 33.252623623 33.9427352943 34.3148154337 52.6927642152 52.6927642152 52.6927642152 33.6784974709 34.3791489509 34.387270826 33.7690986304 33.1808108863 34.0007232154 34.1989118764 33.6799007199 34.0112431307 33.9021685106 33.1597757397 33.4949405377 33.9034506929 33.9979051948 45.9353394484 58.2863462593 33.5991853708 46.7999864195
75.0786666752 34.1305318168 56.9449656762 56.9449656762 33.5551041723 33.8557246478 33.9542709654 33.4830360352 34.0286437918 48.5969696658 48.5969696658 33.1122059532 46.9060187314 46.9060187314 33.528105427 76.7956226372 33.083339032 33.8558836269 33.6421170593 33.2752937072 52.670939344 48.0123158543 34.3775383883 33.6863039503 34.4077468934 34.1338617189 33.1826987135 34.3648548491 33.8901846917 33.4897879039 33.6721046629 33.3991656372 34.315123931 52.6927642152 34.1339501947 33.9741129346 33.2899000335 33.7508675985 33.3521842474 34.0246039458 33.0119115552 33.2668528959 33.4642984806 33.4407288886 33.2468899614 33.3892317817 34.3283018493 33.3268631298 33.2149783477 33.4595942079 34.0763037117 47.1381394205 33.0101679913
75.0786666752 75.0786666752 56.9449656762 56.9449656762 70.3602613247 33.8263178316 72.8970349032 72.8970349032 33.6874971642 44.7525383774 44.7525383774 33.0651016692 46.9060187314 46.9060187314 33.255702907 33.6444749091 33.4953065282 33.7143734905 33.5719178006 33.1431258155 33.7777669187 33.9204841215 33.5410645566 34.0054464101 33.5318700636 33.8524173815 34.1991498341 33.6342162837 33.7441139727 33.9326984552 33.8927790853 33.3263392985 33.7654198806 33.7992358007 34.0773365664 33.4993383284 33.4996105229 34.3333028623 33.538234728 33.0400810019 33.1634431035 34.2697692869 33.1517330465 33.1426175557 34.2139321771 33.1622477731 34.025175765 33.5914594225 33.9932908156 33.0359954091 33.6498190962 33.8532631308 33.1247700526
34.2999627816 34.3327652545 34.2687019932 56.9449656762 33.3440855618 33.1571556143 72.8970349032 72.8970349032 53.7378052534 53.7378052534 53.7378052534 33.6585119632 34.1059031861 34.0644778992 34.0574999105 33.55371044 33.6798955942 33.9104498179 33.79629662 33.8475877349 58.8087182107 62.0088611572 62.0088611572 34.4102140906 33.7956947933 33.6745774749 34.1298304479 33.5777194994 33.8244038752 33.5136901782 34.2466045834 33.9539969729 33.1129279433 68.8771154313 68.8771154313 33.1654370657 33.2595712782 34.2573296399 33.0740724009 34.3251253579 33.4591731815 33.3153120218 33.638106411 33.6087775637 33.8184511546 33.666139369 33.6316754277 34.3920454919 33.6465157123 33.3513383059 33.406080872 34.1085612527 33.9463220776
33.3990239101 33.4450001654 34.255822741 34.2752187745 33.2417990956 33.7597919034 34.3567681232 33.3548114562 53.7378052534 53.7378052534 53.3012869816 34.1855488183 33.215327627 34.286203464 33.7670688884 33.5316478073 33.4761238986 33.0602190523 34.2741290406 33.7863334881 62.0088611572 62.0088611572 62.0088611572 33.5200215829 33.8606672762 33.1415893465 33.8299932055 33.3953201272 34.2611995477 33.0507439076 34.0096459807 33.4960622864 34.2602515618 34.1823410232 33.1492136503 33.8378196155 34.0723999119 34.3936120789 33.2931146769 34.189167419 33.4384162768 33.693143028 33.0509838436 34.1534321294 33.3283953 33.0443570355 33.4209832541 33.8114909097 33.7042578765 34.0254773553 33.5156860463 34.1737141877 33.1426246355
33.8808659381 34.38361929 33.0154953528 33.5400342042 33.5735220667 33.5739403665 33.7278681437 34.2868448873 34.3929307449 53.3012869816 52.7771181231 33.7628118822 33.7598916934 33.4229960499 33.4894409085 33.3207962789 34.29951774 34.2735298347 33.9547171304 34.1097419723 34.1243883739 33.9762550161 34.0545257676 54.6973211181 34.1980781581 33.4103226371 33.7316998279 34.3112986207 33.5660254074 33.8784238258 33.5307501747 33.2940789378 33.3341195147 33.3117550224 33.6064782402 34.0376567319 33.7419114245 33.0592800356 34.2044015879 33.6282347005 33.28436669 33.7790116396 34.3517700064 33.0410362093 34.258228542 33.7313884266 33.2209336506 33.0116053734 33.9212797182 33.9380370186 33.1268227468 33.2558331233 33.2487299971
33.1127414828 33.1161448552 33.0800050176 33.7878348334 33.7877316508 34.1486142401 33.316928323 33.1896244197 33.2960088162 33.6955868912 34.350717316 33.8592878371 33.3349793737 33.4422936397 33.783621918 33.0960431102 33.673468675 34.1401908631 33.0818338573 33.4158161998 33.9695518372 54.6973211181 66.1523215446 66.1523215446 34.4110301114 34.3596990349 33.9926153672 33.6356010312 33.2734805935 34.2378119412 34.1883471385 34.156169944 33.2469955331 33.5648119639 33.8617982384 33.8320348424 33.3001821106 33.5022450307 33.2986612701 33.9290428712 34.2413725725 34.3215025111 33.1061274884 34.3510424282 34.3372854778 33.6888723118 33.1026064549 34.246246199 34.1278692609 33.3086212126 33.8198869675 33.6403716868 34.0910527981
33.0138459312 33.83921473 33.7089292121 33.2464623048 33.5060507139 34.3853491409 33.4646941321 33.3014144059 34.2930748112 33.66165069 33.9782679496 33.9871633994 34.2269753698 33.8874435767 33.4770382901 34.3663303885 34.2062990009 33.4753918808 33.2848429714 33.3560902254 33.9715618322 66.1523215446 66.1523215446 66.1523215446 33.9240437004 33.3756854837 33.8101913527 33.6383304543 33.7531575671 33.7785195005 33.1204929106 33.2143421449 33.7881862975 33.21175604 33.7821927572 34.2334949623 33.0788212722 34.2164676857 34.2135168811 33.3096033264 33.8517328047 33.910286542 33.7881212143 33.5269428439 34.2042047373 33.060879618 33.3734476999 34.2796502571 33.5279766835 34.3482244333 34.0086168605 33.6282551801 33.1333122773
34.2856381597 33.4374125197 34.0582671248 33.3291641771 33.3806830553 34.2455815782 34.1228137056 33.1120574525 34.1764883834 33.7256979655 33.3614154903 33.1243375319 33.356447738 34.0058328377 33.2486857541 34.0699578452 34.1649767238 34.397478222 33.0252758803 33.9050026563 34.0741231852 34.291184985 49.4667116792 70.9931832075 70.9931832075 34.1124795589 33.0288385941 34.2387265517 33.4518829115 33.2270986371 33.027683621 33.7564251819 34.0725973831 33.78809925 34.0362113774 33.0471234688 34.0993793527 33.4701974103 33.7629856614 33.8996563646 33.8611751304 33.9959677945 34.2869496058 33.8730736716 33.773982386 33.5861905729 33.7782847358 33.5944948338 33.4420040597 33.4699941948 33.6202146388 33.2398451181 33.0652981666
33.3946167434 34.1770132283 33.1285963686 33.2616496786 33.9831377835 33.2245217426 33.0558556769 34.0276432415 33.9369863595 34.1204696257 33.1474819766 33.5121274857 33.6608884422 33.2374633259 33.7795621504 33.0338715227 34.1098657733 34.3532675264 33.6013953443 33.4718960037 34.38361849 33.4351728534 70.9931832075 70.9931832075 70.9931832075 33.6280863621 33.2443054832 33.8356971989 34.0093169424 33.0452792336 33.3427542718 34.189520382 33.4163368144 33.3670445999 34.3111305508 33.0277740132 33.2156228317 33.9689019609 34.3801372809 33.8800060458 33.0558527734 33.3127560578 33.0205661526 34.0502536095 34.0462194902 33.017675508 33.0083339881 33.8547973594 33.7919310284 33.7124867062 33.8613825553 33.3994741146 34.3031345354
33.7076221866 34.2326485119 34.1965594715 34.3249606603 33.1842954111 33.3295376238 33.3646099212 34.3301341716 33.8150633618 33.0312003168 34.1784301933 33.5726588572 33.3760584063 33.0939804723 33.1916720889 34.2250043919 33.1025186496 33.4260470278 34.2167662847 34.2610946691 33.8570310718 33.0507630804 33.3215930846 73.6651304573 64.0564220693 64.0564220693 33.7055451506 33.2816590014 33.7561956537 34.1201396398 34.0980637409 33.0962224645 33.2927781764 33.4588623527 33.7491865987 33.981173412 33.0193847945 34.4036523619 33.3947753939 33.1922187352 33.1636833208 33.3718575905 33.8780301207 34.2189670633 34.1251306282 33.3786239136 33.3320609442 33.2206439633 33.0613754214 34.028775514 34.381018486 33.2363836919 34.0518553388
34.0157746876 33.6832999804 33.6816953113 33.7920699505 34.2825025356 33.1342595249 33.6507797241 33.9366786753 55.9994693637 55.9994693637 55.9994693637 33.928749564 34.122131098 34.0501559501 34.2479418881 34.1036536569 33.3347941629 33.2233384612 33.279061588 34.3910223014 34.2883712895 33.2659704371 33.0447868977 64.0564220693 64.0564220693 64.0564220693 34.0120869144 34.1041625353 34.136787981 33.8067138199 33.8471151521 33.7911942525 34.0612144309 33.6617833496 33.8157486144 34.333766973 77.4160461781 76.9070525911 33.5661713316 33.5509019261 33.4676636688 33.5523951437 33.9966213404 33.1071225046 34.2748264532 33.0105646596 34.225880834 33.8268012645 34.0368021333 33.0522274938 33.0649680051 33.0242511415 34.2393200546
33.9017745419 33.258762566 33.1106142323 33.3653429831 33.5908590873 33.6252884389 34.3954605008 33.5607356182 85.5941008138 85.5941008138 85.5941008138 33.6588241734 33.72166419 33.7396738703 33.6638476992 33.3388834106 33.0948362723 33.5698558804 33.2947611267 33.8388724372 33.4345954927 33.4735076392 33.0711190285 62.1100207881 64.0564220693 33.9045260621 33.3937365862 34.1860457701 34.3034169603 33.500546532 33.3668805662 34.0116376561 33.726823166 33.9064629909 34.4043106864 77.4160461781 77.4160461781 77.4160461781 33.8420955148 33.5961333382 33.5629416886 33.8806757989 33.3420584247 34.3462415129 34.221965394 33.9346558722 33.0956294174 34.2718708142 34.363124103 34.2300000538 34.2699184042 33.9932266988 34.2772525659
33.8383154764 33.0255744778 33.8096735721 34.3018985438 33.8030281393 33.3235512466 34.1643739274 33.6483765835 85.5941008138 85.5941008138 85.5941008138 34.3079628306 33.7948143662 33.7824226729 33.8487109706 33.4731033287 33.492946367 34.1884741015 33.1699276353 33.8305545766 33.5056654693 34.2443913569 33.0422580805 33.1042835032 43.096464491 43.096464491 34.2681477894 33.6241104136 33.0468606534 33.90023764 33.0195889784 34.3848687144 33.2856344266 33.0329457922 66.1842637498 33.5159354306 77.4619558941 33.2785202642 33.194305934 33.8920069524 34.3907148236 33.8627366966 33.8668820028 33.7584567553 34.3532485832 34.3451943403 33.5791255531 33.7448198532 33.2367355653 33.9972541402 34.3633711923 33.7436091539 33.4923488008
33.415232074 33.0443761411 34.118715661 33.7335072371 34.2774241563 33.6359888998 34.1842363989 33.0943465488 61.9588223044 61.9588223044 61.9588223044 33.7760370477 33.7254763179 33.4301493793 33.9665080309 34.2031284546 34.2412428671 33.3302643853 33.7789356764 33.8977706578 33.8982233675 33.1218064403 33.8175152652 54.2178662339 43.096464491 43.096464491 43.096464491 34.0989653157 49.309012566 59.1635083575 59.1635083575 33.993699648 59.556540754 56.0117181017 66.1842637498 66.1842637498 77.4619558941 77.4619558941 77.4619558941 33.9529530417 33.1065097325 33.4398541154 33.9216347364 33.4198288456 34.1148793337 33.2484751986 34.1238441953 33.8894736446 33.371107782 33.0395825219 33.4236612812 33.0632489071 33.0076234541
33.7671583477 33.4684830884 34.008395095 34.2824766826 33.4268103676 34.0223621543 33.4971884757 33.98270678 33.3339244836 61.9588223044 33.8222377222 33.9043451113 33.9591917658 34.12227016 33.9446425126 33.9893787224 33.8088981836 33.5829153279 33.4518161468 34.1757865109 33.4934283539 33.80366402 33.1539012299 34.127287819 62.8938036114 62.8938036114 33.2543305234 33.9743441484 49.309012566 59.1635083575 59.1635083575 59.556540754 33.8539940491 33.7649330293 66.1842637498 66.1842637498 77.4619558941 34.1767215826 34.3933223531 33.0755703906 33.3262655302 33.5840209909 33.0606285001 33.1513736955 33.8939081531 33.5871404823 33.9533251382 34.2038793844 33.8953694005 33.0025951061 33.4252489392 33.0146769347 33.8557425804
34.2304405988 33.8001380523 33.9173861681 33.9685950339 33.0717949521 33.996544826 33.7731795924 33.180036605 43.4430024381 43.7376013424 77.2532306881 33.0077395242 33.9352902615 34.3861143018 33.3770736938 34.0876332863 33.4812847841 33.3018181252 34.1589305697 34.1874039792 33.8852521145 33.0854416389 33.2622610582 50.0644375126 50.0644375126 50.0644375126 34.3167169366 33.6592396667 49.309012566 33.2551728211 59.1635083575 33.1833533117 33.0633757555 33.2445505323 66.1842637498 33.8236625992 33.3129226987 33.2488596725 52.1822006969 33.4563683739 33.3334356252 33.2133713526 33.0389525405 33.7074676946 33.7670841324 33.0927474091 33.7159518104 33.7677137131 33.7563790746 33.7275622332 34.0570176729 33.1742002673 33.6988604913
33.4164318342 33.5101266496 33.6105430946 33.9075066021 33.1123112677 34.4114537822 33.0531911724 33.2790199527 43.7376013424 43.7376013424 43.7376013424 43.7376013424 33.5725560419 34.3400028137 33.268004935 33.5985859494 33.9850306883 33.7649746577 34.19272922 34.1155667015 34.2101089562 33.9725219416 33.8448483627 34.060802259 50.0644375126 50.0644375126 34.3321639222 33.902808995 33.585866281 33.7024203611 33.9219026648 34.3399139854 33.6455304532 34.3825421631 33.3724676802 33.6156330442 34.3991388283 70.9077993274 33.6264114042 33.3756809558 33.2626279024 33.908785894 33.213876577 34.0851111371 34.2771187087 34.3711627894 33.2919892258 33.0829048643 34.2430776464 34.062803367 33.3711000811 33.8985338638 34.1420408775
