Spatial_Output/BAU/BAU_0527.asc
NCOLS 155
NROWS 192
XLLCORNER 196769.923733
YLLCORNER 449719.875193
CELLSIZE 27.603701
NODATA_VALUE NaN
[rows 92 to 114 of 192, columns 0 to 52 of 155]
0 0 0 0 0 0 0 28.4017787249 27.733658475 27.4370241833 27.954666854 27.6367925107 27.371843726 27.7985873848 27.1988106957 28.1511404387 27.112943255 27.3062404304 28.3570570907 27.2860810131 28.4141666023 27.2653225676 27.7414177268 27.1390306655 27.2027010909 27.8951189921 28.2862745871 28.0822162526 28.2935687572 27.5712732062 27.0429310495 27.1468889763 27.8659085614 27.9666666479 27.2579862526 27.7228559611 28.3280929012 28.3806339275 28.1385651307 27.0135407972 28.4015757352 48.7873286124 48.7873286124 67.5981006641 67.5981006641 67.5981006641 28.0887443475 27.7317478558 27.2372447907 27.1821603728 27.2065685176 27.0634547174 27.8852348987
0 0 0 0 0 0 0 0 28.0373029873 28.4057853408 27.1601364547 27.7655598654 27.4126582569 28.1575229792 28.1107541346 27.7290128327 28.0753006375 27.6639576392 27.078440459 27.3719049686 28.2803350131 27.9578699178 27.9431248366 27.9789595198 27.034085498 27.9652173257 27.3415476522 27.2566265149 27.2700681452 27.6064886902 27.4638792554 28.2669004207 27.2638361489 27.291121988 27.117440654 27.3809378256 27.9310342516 27.7149036284 27.7347197302 27.9392118986 28.0077735657 43.4771827305 43.4771827305 42.2537057994 42.2537057994 68.0349052783 27.942054291 27.3146566127 28.1136701558 27.7151906993 27.9959476944 27.7383253945 27.9472875368
0 0 0 0 0 0 0 0 0 0 28.1392829385 27.0219542767 27.8997604526 27.8483048521 27.5390624146 27.4060144185 27.5642139954 27.794975648 27.5938897836 27.363467996 27.9560174579 27.692690525 27.8136913716 27.4844587025 28.3232528064 27.730449955 27.8913689529 27.7629413434 28.1905390541 27.7297383459 27.1009076041 27.1597410185 28.0233769074 28.3922031636 27.8895792582 28.0563455877 28.3912322001 28.031222451 27.9430588307 27.0318376182 28.095050228 79.9879697133 43.4771827305 42.2537057994 42.2537057994 27.567135967 28.0460478467 28.0717741057 27.6147644033 27.8330029543 27.3924487092 27.1672115281 27.7662174936
0 0 0 0 0 0 0 0 0 0 28.0034967632 27.977491386 27.5759387459 27.121711411 28.3704802148 27.169701722 27.4703196641 27.9346183528 27.2534101378 28.1193248551 27.6034002819 28.3642125327 27.8014797992 27.6391968334 28.0607292095 27.6600894672 27.9151786855 27.1425863629 27.1845344814 27.9976537943 27.5208107814 27.7812667926 27.2378035772 27.2990836892 27.1657528298 28.2923124665 27.7783396893 27.3709779465 28.1038783895 27.2032322615 27.886898061 62.2563086019 62.2563086019 62.2563086019 27.513594746 27.2282587122 27.7770111116 27.2404441898 27.6443081854 27.0269169405 27.9213109712 27.1764362192 27.901853726
0 0 0 0 0 0 0 0 0 0 27.5918543269 27.6917861379 28.2198810569 27.774713638 28.2448026976 28.2634380318 27.6030964352 28.2288598435 27.9023712324 27.2427927904 27.169669667 27.5748850491 27.2464454897 27.3016793952 27.433853164 27.5387206071 27.668382811 27.5063635127 28.2738862162 27.8335542341 28.2872500855 27.4718534355 27.8147656901 28.2788337703 27.2006219762 27.5374374237 28.2848295399 27.3629234142 27.8253382444 28.4114955874 27.6166166812 27.1624405397 43.734175886 27.7754262081 27.2025626387 28.1452430611 28.3866034798 28.2404370114 27.6568286041 27.4058919628 27.2007553578 27.3729102433 27.6625042782
0 0 0 0 0 0 0 0 27.2111758643 27.4569704449 27.4924080587 27.3261809897 27.4866331785 27.5731548375 28.1344312045 28.1289984191 27.6003916652 28.0053598648 27.2597723097 28.2774502427 27.0383674333 27.4789121577 27.3033309871 27.9392189732 28.048109314 27.9539461833 27.0009606366 27.8744493722 45.9726138721 28.2252441603 27.2032722021 27.3532275588 28.1904321836 27.8028892973 27.1504059319 63.0617381309 27.1594026287 28.1089143768 53.4835944278 27.8909918346 27.4243325769 27.5054700203 80.1729522867 80.1729522867 41.5969510122 27.3139720322 27.7217934026 40.9377923471 40.9377923471 57.5205890766 57.5205890766 56.7268333259 57.5205890766
0 0 0 0 0 0 0 28.1063567969 27.1548819516 27.1583376304 27.5561974472 27.8024024661 27.0348289044 27.6873789762 28.3954202897 27.5790943797 27.9272458083 28.0144186077 28.267144101 27.2109478228 28.2322370678 27.3909772077 28.0599819714 28.2903297513 48.2856674359 28.3700220069 83.9815751763 27.8680587114 27.9096147231 45.9726138721 27.4947350937 28.1898223718 27.8924635727 28.4113047954 28.3572087089 63.0617381309 63.0617381309 28.3991039371 53.4835944278 53.4835944278 28.2579649997 80.1729522867 80.1729522867 41.5969510122 41.5969510122 41.5969510122 27.4769290042 40.9377923471 40.9377923471 51.5186111612 56.7268333259 56.7268333259 43.3156906411
0 0 0 0 0 0 0 27.3244451309 27.3867600223 27.6004736518 27.7306691728 28.3621587962 27.4401122532 28.0502326055 27.8890059212 27.549147163 27.0788542378 28.180453397 27.0845784325 28.3119878313 27.6660440772 27.412182968 28.1480648746 43.4693199617 48.2856674359 27.7483303964 48.2856674359 28.399496552 27.4792544292 27.3136070451 27.2453343337 27.7726671261 27.182296441 27.6446085856 27.237973531 63.0617381309 63.0617381309 27.0849962503 53.4835944278 28.161137671 28.2408964266 27.1468053616 27.2012340167 50.3464439056 27.0510500243 27.6985178953 28.0174957976 40.9377923471 40.9377923471 28.1095223897 56.7268333259 56.7268333259 43.3156906411
0 0 0 0 0 0 0 0 28.1811119556 27.1618929382 28.0994750269 27.1471963766 27.6985471726 27.0387575243 27.2676018911 27.5784580436 28.2750892764 28.152199248 27.0853649594 28.0328509737 28.3890423792 27.8690929338 58.9114519033 43.4693199617 43.4693199617 43.4693199617 27.9980782726 27.6966570528 27.3106990126 27.8402549832 27.9871269954 27.5851220225 28.3473157223 27.0105457863 27.5519427415 27.9905638679 27.8699234824 27.9807964015 53.4835944278 28.0154352136 27.7497233666 27.3200924162 27.9606412773 56.8536259341 27.0345921946 27.2436504841 27.0263664521 27.9292736515 27.9867283237 28.3563393232 43.9340627391 27.0868669417 28.2806421919
0 0 0 0 0 0 0 0 0 27.5930169958 27.7358478074 27.323103053 27.5329995759 28.4093283793 27.9119415683 27.5264429496 27.510469783 27.245576466 28.2078894669 28.2905396441 27.8634828593 48.7350527609 27.6159581016 58.3796597753 43.4693199617 27.9159470165 27.3149817383 27.199385811 28.3585915734 28.3833959439 27.0926904459 27.8309510226 27.4494891055 27.6463805302 27.8883668197 28.3875333652 27.4024040228 27.1459403383 27.71244881 28.2314684132 28.2449907223 27.4808118624 56.8536259341 27.8131091518 28.2813926432 27.0170968487 27.1584943047 27.4297217888 27.0439965853 43.9340627391 43.9340627391 43.9340627391 27.825238092
0 0 0 0 0 0 0 0 0 0 0 28.1178864848 27.5576875505 27.7750690225 27.3299573799 27.4880642325 27.4114661902 27.4725092313 28.3216940686 27.9686612235 53.2041736034 28.3352138152 48.7350527609 27.0402447576 58.9114519033 27.8642537673 27.9491263702 27.0535005334 28.1390097808 28.0282505071 27.3553111895 28.3522957012 28.1721511478 28.2676243195 28.1991668961 28.0303433818 27.1531482371 27.8582794178 27.3994916124 28.4049868208 28.1097044221 27.9722323992 56.8536259341 27.9655155556 27.7938568546 28.3577175616 27.336413586 27.2358360247 27.1952228106 27.7540327291 28.3841893183 27.085289484 27.6250253383
0 0 0 0 0 0 0 0 0 0 0 0 0 0 28.0811011716 27.2256182636 27.4548453372 27.5087318572 27.009506983 79.7673661326 79.7673661326 28.1863173054 48.7350527609 27.682281497 27.793720456 27.5699398094 28.1798623017 28.0012557349 28.0372640852 27.5054528075 27.6931070048 27.9707293967 28.1251859514 27.8305649858 27.8302386892 27.5846259426 27.4691581054 27.3627315325 27.8367314651 27.864132987 27.666454252 27.0425826789 50.411876608 61.2913934841 61.2913934841 27.974289803 27.8832280288 28.091599273 28.3326850449 28.2388265008 27.790045208 27.9015914201 27.4621996572
0 0 0 0 0 0 0 0 0 0 0 0 0 0 0 27.9790333389 28.1983947345 27.791694026 28.2065308307 27.1007831746 27.4666395897 27.0066935918 27.6430449505 27.0797117221 28.2224933702 27.8423154376 27.3184232543 27.1853060686 27.3023865315 27.8715933265 27.7923353426 27.8060262508 27.6870749197 28.3495111357 28.3309752993 27.3465489479 27.508938442 27.0101442688 27.0109497604 27.8880108324 27.4917727228 28.1731541726 61.2913934841 61.2913934841 61.2913934841 28.0200630685 27.7345256769 27.9243826452 27.8122341066 27.9547331752 28.3385932557 27.611797946 27.9472067932
0 0 0 0 0 0 0 0 0 0 0 0 0 0 0 28.4106330637 70.0596394388 70.0596394388 27.2099523702 27.8516680531 79.7673661326 27.3138384586 28.2188182499 27.3659727561 27.1960935129 27.6082398232 27.8173373682 27.1530275257 27.7022872454 28.1029813639 27.5385576102 27.3037791638 27.9766287046 27.3677908676 27.050633 27.8694009573 27.0728136774 28.1922725217 27.1823017718 27.9593325554 28.1408300406 27.2616818137 27.1084827408 61.2913934841 27.0229102286 27.4709651383 27.9572657547 28.2744733147 28.2336466339 27.752041779 27.4488140895 27.4051981922 28.0989616422
0 0 0 0 0 0 0 0 0 0 0 0 0 0 0 0 28.2974920242 70.0596394388 70.0596394388 28.2470599155 28.2032857732 28.1960971579 27.9622211976 27.3506341569 28.3671292502 27.5411069127 28.0148747985 27.657669071 28.3694694836 27.2891077486 27.7527062692 28.1516185387 27.3276221679 27.545590961 28.37933411 28.2226854873 27.9706352857 27.943515832 28.0720786972 27.6592491137 28.1476794629 27.758870673 44.97396916 44.97396916 44.97396916 28.1821515858 27.9054494301 27.8288206295 28.1284191033 27.2639954431 28.0976820331 27.3861636093 28.1937856771
0 0 0 0 0 0 0 0 0 0 0 0 0 0 0 49.1219808259 40.0155862299 48.3996591373 70.0596394388 27.309239498 28.062019702 27.310828618 27.7148485994 27.7409905315 28.3301476292 28.2533952075 28.003007492 27.0641176758 27.4603895763 27.2408626415 27.9267972287 27.263340311 27.2449959186 27.0334752425 27.9052976812 27.8271165928 28.2770801045 27.0560028025 27.5621218508 27.8505340261 27.3412434818 27.1284391867 28.2368841529 52.6176837169 52.6176837169 27.9791888143 27.1069996334 28.3683593981 27.4673038766 54.5591639021 54.5591639021 54.5591639021 27.2075307553
0 0 0 0 0 0 0 0 0 0 0 0 0 0 76.0163762178 52.8160302111 53.5251904435 45.2326004183 27.5794491931 28.0046771438 27.5186561188 28.0431513873 27.08669158 28.3821434081 27.9464699641 27.9101300406 28.2001900127 28.1000261178 27.655767635 27.5183767242 28.3419347989 27.6453460544 27.8097781203 27.3018932494 27.3835272066 28.2808491585 28.0602782563 27.2051968251 27.8071842937 28.1119509683 27.0625327078 27.6067112849 38.7902834699 38.7902834699 38.7902834699 38.7902834699 27.4716373424 27.3241458578 27.564723663 27.3180193255 54.5591639021 54.5591639021 28.1975541341
0 0 0 0 0 0 0 0 0 0 0 0 0 0 0 54.5045766758 54.5059654792 41.0318801748 27.4532491453 28.4035126452 27.21784266 27.2184573846 28.3023028316 27.0064237 27.4982033625 27.3472964939 27.1269202668 27.4130524703 28.2428317657 27.9299812547 27.8313245079 27.3042443336 27.7102262445 27.8436502109 27.6155846133 27.7528720101 28.0872706391 27.6600706944 27.911573652 27.0291894187 27.5583096048 27.9373726498 68.9149977718 38.7902834699 38.7902834699 27.3992614943 27.3684764031 27.9503795453 27.9286108731 56.9499177621 56.9499177621 56.9499177621 28.2077218023
0 0 0 0 0 0 0 0 0 0 0 0 0 0 0 0 0 28.4031530858 28.0703805913 27.9066214141 27.6912078827 27.8846983136 27.5797921484 27.5456436356 27.1040908236 27.6637802856 27.4076044336 27.7158608929 27.4920170909 27.5767391775 27.7084329184 28.1330983416 27.1614480622 27.2112682388 28.0199180297 27.6698189094 27.4411966336 27.3341020503 27.2912369225 27.6161194478 28.3261111295 27.2472251401 28.1424530544 68.9149977718 68.9149977718 27.9092740251 28.2451264971 27.9783303325 28.1142024355 76.9837747668 76.9837747668 76.9837747668 27.2783673263
0 0 0 0 0 0 0 0 0 0 0 0 0 0 0 0 0 27.6730860264 27.410990546 28.0998738059 27.260322086 27.8879565719 27.6280059185 27.346043203 27.9289813465 27.9007305621 27.4892788983 28.3999035592 28.1932884835 27.8687679032 28.345971627 27.193247522 28.3846342908 27.596322299 27.7994216314 27.3076994564 28.2628038927 27.241266011 27.2474396692 27.6798082003 27.8134670759 27.5993304901 52.4743381033 52.4743381033 52.4743381033 27.0371508586 27.9918265918 27.261836503 27.2927909023 27.1234309856 76.9837747668 27.4320800205 27.4468988749
0 0 0 0 0 0 0 0 0 0 0 0 0 0 0 0 0 0 27.5412962549 27.0823490194 27.6006794381 28.2927838563 27.8659813588 27.817456561 27.5619496132 27.6162109404 28.1247197002 27.9299089887 27.0662677216 27.9225731281 27.4010919488 28.3439943532 27.5588707779 27.6205672495 27.974199003 28.125316413 27.4287670295 27.9784814121 27.1092967802 27.5610462677 27.5316186175 27.5303965886 27.487335564 52.4743381033 52.4743381033 28.0476129366 28.3334842277 27.359601331 27.7471854986 69.2394749766 69.2394749766 69.2394749766 28.0641551442
0 0 0 0 0 0 0 0 0 0 0 0 0 0 0 0 0 0 27.1785373287 27.2234579837 28.26333644 27.5966719846 28.1647719569 27.9812834221 27.5279992497 27.0350501335 28.3248948628 27.8313299852 27.2274273798 27.802779485 27.3605059045 28.2991382269 27.6597613856 27.7465834275 28.3895799174 27.8633035947 27.4257031636 27.9003915485 28.2337596342 27.0885970596 27.1328220772 27.1036148226 45.3822862334 28.0160448663 27.5277767784 27.7571555908 28.3584764563 27.3144021724 27.5590999618 27.826755971 69.2394749766 54.0719104124 27.498287535
0 0 0 0 0 0 0 0 0 0 0 0 0 0 0 0 0 0 0 27.766391393 27.4335261171 28.3019541842 27.7924287101 27.2616948291 27.6516979411 28.3047608071 28.4135858599 27.4721145952 27.5419715712 27.4179993609 28.038812065 27.2189897312 27.6095147476 27.2333883081 27.4332395351 27.4174720568 28.1242475256 27.0744040815 27.7049258658 27.5481719421 27.5799552479 27.7867679704 27.4049244225 27.7906159972 42.9055086454 27.711123229 28.2289738683 28.1246191242 44.7441956623 27.4652605181 38.9698078755 73.7657385313 73.7657385313
