Spatial_Output/BAU/BAU_0407.asc
NCOLS 155
NROWS 192
XLLCORNER 196769.923733
YLLCORNER 449719.875193
CELLSIZE 27.603701
NODATA_VALUE NaN
[rows 138 to 160 of 192, columns 53 to 105 of 155]
31.9347844575 34.2373206747 34.853344528 32.384455229 31.9602846347 32.6108200741 34.6612097559 31.8336351889 32.4801121004 63.6940030439 31.5930918974 32.332851755 34.6221646373 33.839108374 33.5997257498 32.1957036885 33.8354833101 32.3846310009 33.4980230948 34.4559830527 31.8146132955 34.3900207446 33.965324362 31.6803426699 33.1414435222 31.9846417557 31.610773991 32.4865996597 33.6917743002 66.5485955986 66.5485955986 31.7008120222 32.5886529032 33.5833716653 33.8148931304 33.8881180868 31.6937547977 34.7325359085 33.2414937287 34.575426053 33.0971249773 34.6843140815 33.7297688823 34.9996662284 32.2766405914 32.7670369622 33.3784254236 32.9265718327 34.885420555 34.2370196058 32.52904393 34.6206879413 32.1722722372
33.2733406061 34.2572540298 33.6233149482 32.3499376578 33.1419806911 34.5802964499 33.503047753 33.5891548711 32.9760875983 33.2351944627 31.8009804696 32.2391135719 32.1028840148 33.0318617155 34.8703128779 32.4911888142 34.0140668929 34.2184805928 31.7667960058 33.8758898065 33.2497010076 32.1779852936 33.5869649456 34.4964041232 31.9393679175 33.6156215965 32.0146975964 34.9351263903 34.0187051152 50.3460274803 34.5906461355 58.128120966 58.128120966 58.128120966 72.4958692261 33.3460328635 33.5265218051 32.2513609984 31.8405499115 34.2626513266 33.9616745165 33.5729840537 31.9991138048 34.280111462 32.0702278087 32.9147008643 33.5732205279 31.8878999993 34.7318208422 35.0239710904 31.5876310468 32.3262631204 34.7213001355
32.3189616062 32.4938545808 32.166556522 32.2997872505 31.8109085946 33.7583482327 35.0045321507 32.3739918918 31.6160822054 34.8702749542 34.8699747951 32.3965433998 33.9614000422 34.1810928163 33.1594472608 34.1996315395 32.0447212008 33.9203403199 33.2746316482 31.5629680021 34.6453731067 31.8296170638 33.7927167745 33.3390450438 32.7391423382 32.8738845716 32.0564170495 33.3298104472 34.7185922115 33.3005134295 31.6842161579 63.9224516424 58.128120966 72.4958692261 72.4958692261 70.2045326741 33.3254355688 60.9195204894 33.2387977304 33.2843195817 32.4192870847 34.2830272903 32.4730766288 33.489151733 34.9621553372 34.637551388 31.6136473962 31.9016128179 34.2988510967 31.8632418673 32.5467051589 35.0220483098 32.7581316062
32.2948058647 34.3019889975 33.4790775033 31.9005255557 33.1041961244 33.2674036036 32.8763978826 32.3349124826 34.7863481048 32.3397602138 31.9783382358 33.34676293 34.3558581159 33.2154990782 32.1199902091 32.0063653646 33.425859346 32.2203488523 34.413224318 33.4495339246 32.5460922397 32.2955305323 32.2787431313 33.6035620349 32.7419338982 35.0157432532 33.3568355973 32.2319702678 32.0249825277 31.8387252662 33.0638147083 63.9224516424 58.128120966 72.4958692261 72.4958692261 60.9195204894 60.9195204894 60.9195204894 34.6239118393 32.6135402812 32.9811649552 34.8106678885 32.2569971224 32.0677029237 32.8513848703 31.7497087268 32.193231709 33.0709591945 33.5288005013 33.1235225041 32.2535151229 33.1115764337 31.8432970096
31.5097169069 33.4978105941 34.4779215071 32.4997604668 32.6023393184 34.2779955649 34.3490890691 34.4322984446 33.95038885 34.274693462 34.2276957415 34.4283479615 34.0378963459 34.5396692092 34.363275462 31.5284395 32.947515035 32.2209791186 31.8842845486 31.7731094844 33.8111011254 32.3098199848 31.9061373995 32.0616031156 32.0694642358 31.9320390525 32.8203190339 34.0788980358 34.9159859061 32.9547438783 34.4430043338 32.2440209694 32.7949491183 33.0252115998 31.8658334764 47.8168012334 60.9195204894 47.8168012334 53.9889728842 34.9721034568 33.1753152564 32.5754303584 33.4673789856 33.2155313328 33.9035205839 34.3662236441 32.5099718882 34.8896965225 32.4106150288 32.9454541729 33.6745547615 33.2036647736 31.6589112323
32.4721824791 34.3533703596 32.0572207662 32.5271421661 31.7083443444 33.4839864508 33.2428076137 34.0356789908 32.5053412248 34.3901576424 34.0959215856 33.71306952 34.5642566705 32.5684898465 32.1268100341 32.5086112081 32.4290503524 33.9763411123 34.2243933278 34.4034079504 33.2088887245 32.0745277878 32.0067569539 31.8328377493 32.4552222257 32.9710119027 34.1430917744 32.7564459793 33.088483396 33.41775653 33.4631205661 33.3597201541 32.4401682741 34.8179554166 32.2760526103 33.0793413376 34.8201762923 53.9889728842 53.9889728842 54.7609444361 34.6140909983 34.0099698651 34.5842159923 34.1710880026 32.0262090441 33.2307463221 31.6599144957 34.0448216543 34.3896680446 33.6468359539 34.8479627136 32.1207204488 32.3529582785
34.4067990347 32.1952082373 34.1483806513 32.0919875066 31.8928780234 32.6172125587 33.5810278294 32.8555961094 31.7036145393 34.3889156749 32.0056777097 33.8173939945 34.1371409073 34.9150526544 34.0884478029 33.0850663374 32.582147099 33.1511272643 33.7393593557 33.2150112095 34.7342558389 33.4006474046 32.6388845934 32.8681954952 34.1718960036 32.596971018 32.2430611561 33.4728073856 32.8231845463 32.8561856904 34.5901187419 34.3774495842 32.2202425534 34.7377261163 34.4170234609 34.5065665175 34.7467127234 32.8494209406 49.4286276241 54.7609444361 33.7781871784 34.2756269741 33.4213275111 31.5417219477 33.5864157724 32.0609257534 34.7996615875 32.5399925205 34.1183854248 33.6840970497 32.2363815224 34.2728131819 31.5785481697
33.2326767413 34.1013313824 34.0218104306 31.763917046 33.9904275524 33.221298637 32.4225146166 34.58499333 32.9176943243 32.6995040967 34.1497450077 31.770850032 34.5943665341 34.7027859267 34.4719603583 33.7822622207 34.3382488488 32.9113321077 32.8394956706 31.7968291168 32.6606355291 31.7229550367 32.5733014923 33.0856190489 32.1054197071 34.4973558411 32.7581792729 33.3260885873 33.1359909958 31.6741046557 34.2522414444 34.9923633209 33.75043022 31.7058899041 31.7452358653 33.6416548408 33.8458149618 54.7609444361 49.4286276241 49.4286276241 34.2279238446 32.6139504417 33.9422289653 32.1116399927 34.0370090433 32.2605076378 34.6570562729 32.8806466733 32.6277764896 34.2941231962 33.1336972914 34.7032482154 34.2461242912
33.8751255358 33.3488513904 34.577123128 33.4188241148 34.3148841629 32.2012341119 33.3913992837 33.7934294856 34.6953158694 31.765633024 32.6531158317 32.0744608934 34.6674761488 32.5627011642 34.6616184042 34.6876598346 34.2591295177 32.7195692171 33.6618634575 33.3819959037 32.8158502182 32.6618380869 34.1944902295 31.7289867732 33.8997111384 32.0376426575 32.2618158992 34.7583792585 33.2239004836 32.9585930917 32.1891150921 32.052300095 33.8585185228 32.7317964077 31.6819671221 34.4504429726 32.5183996006 34.4540886766 49.4286276241 32.8000794329 48.8069908458 32.6923987669 34.3025284815 33.4573202855 32.8456450914 32.0733826001 31.9083594027 33.5866093405 32.2137403177 33.6531018116 34.4397278386 34.1580082835 33.3627606949
34.9783175698 33.1444634254 34.8629546759 32.632041513 34.2762312143 33.9685788287 33.0603056699 32.9599304483 34.3488897683 32.3865536741 33.7850003947 34.5028702025 34.1371998082 33.2394532643 33.8416590235 34.7174879092 32.481854811 34.0193738578 34.7216010821 32.8102642281 34.5240927609 33.9616678167 34.5366023624 34.2565777855 33.014400533 34.7844959564 32.2794893489 33.5657596549 32.3868862881 34.6241683288 32.7783203073 34.7580918415 34.4574624332 33.4867656327 31.5383458798 33.5083154943 34.4995008852 33.2603735687 58.0167874828 58.0167874828 58.0167874828 31.9024325915 33.326556343 33.6830518701 33.8107875441 33.5136035289 34.2239833442 32.0887463737 34.1369523855 32.324351228 34.9476068195 34.1515758411 33.2984021791
33.4017632548 34.9482170631 32.1370062503 31.6053230177 32.2784095609 33.7702542036 32.191762314 33.4292461261 33.5690446047 33.1314210249 33.3886348521 33.8205832775 33.8037468808 34.4417277071 31.5804686527 32.9361211532 32.099826764 34.8130968242 33.5238997468 33.9375140597 32.0739097093 31.7609109082 32.3243557542 34.5935502735 32.4934288959 33.7071326267 31.9127102749 31.614194879 33.0852438103 32.584764877 32.0012112215 31.8364845717 34.5451650958 33.3967522572 32.8198673185 34.9426329291 33.7880140812 33.4256800114 58.0167874828 58.0167874828 32.3025817635 34.005021354 33.4414083466 33.1438525701 34.7919894573 34.3386280998 34.6372425055 33.2119066143 31.9991897421 31.7558878822 33.1102017907 31.6499914936 33.6929186401
34.8974958263 33.5740101452 32.9119365515 32.9541181887 31.7855929928 34.6465108519 31.6607130934 33.4354014157 33.6880082952 32.0254859095 34.7075027136 33.0911663944 35.0082775826 33.3492569445 34.0616755235 34.2778482601 34.2967580792 33.3850204494 31.5569695681 33.8498434763 31.9782126543 33.452997336 33.1512365816 34.7486564074 33.5791070983 32.5159068211 34.7312995576 32.080014326 32.3685650519 32.8417746141 33.629950345 34.3895121599 33.8619089324 33.112906739 32.3167033118 33.9536511506 33.1283196918 34.5677059044 65.4435887109 58.0167874828 65.4435887109 32.3585575023 34.2021085655 32.7518807551 31.5067861761 33.9992069165 34.9811151804 33.5273025498 33.7709253531 32.5667533998 34.4618465859 34.8793105287 32.7331091464
34.1253220353 34.5907905305 31.6758809254 32.2125112014 32.4806444442 32.8224481585 31.8379654187 33.0534426597 33.7326646621 32.1932863803 32.8732763866 32.443465918 31.8343397644 33.3413735847 33.3157256941 34.8031933389 35.0292765765 33.2471467927 33.7089214205 34.7229585729 32.2818502374 31.919835551 32.5015507276 34.8157651441 34.1965412456 32.3408265984 33.4528798622 33.3054977517 33.8380914616 34.3143943043 34.3403838239 34.9574761048 34.8504425953 31.5104738826 33.237373344 32.6904651009 32.237781585 33.4285073413 65.4435887109 65.4435887109 65.4435887109 34.8033926642 33.9802756955 33.7663217546 33.910860452 33.6596231194 34.9987735422 32.799713466 34.8765332948 32.3640479779 32.67395282 34.6393894823 32.0298079312
32.2561231551 32.9838341925 33.2891808391 31.5741806514 31.8863127312 34.8298335159 35.031701955 31.8639843757 31.941217254 32.4817617024 32.7550625943 32.9543285631 33.2027647581 34.0337447794 33.3395980007 33.1564766211 33.5964754446 31.6944206364 34.8250466827 32.5232283166 32.9970498252 31.5471312 33.521145622 32.4267585569 32.6230986473 34.7321331033 32.8220903237 32.6025461202 33.8431963935 33.6705602002 34.814658318 32.2843353118 33.9193643785 34.8302836483 33.3532607891 34.9530813323 33.1808764266 34.1619193579 33.8678117802 82.174470819 31.7204830616 31.7744050698 32.3160425479 33.4102649777 34.8261060955 34.6064633155 32.7216532636 34.4596071883 31.935005574 32.4499370822 34.8880246087 35.0281011251 34.4593198201
31.9019213925 32.2863705764 32.6428784405 31.666890207 32.7393910467 35.0348247648 34.6738972281 32.6028847998 32.8556674393 33.1422627383 34.3614724323 34.2524550013 32.0139545788 34.8843512494 31.9763708705 33.8511034281 32.9369229123 34.4821482729 33.474049374 31.5287451022 34.2089149023 31.5357420961 33.854839406 32.3093566955 32.5146638269 32.1707499446 34.8852280943 34.4034455417 33.7535421707 34.3225942348 34.1110200572 33.8707688301 33.8159150715 33.5965860332 32.7406459186 34.7963384821 33.0700243784 33.9844890654 49.6649662281 34.0874142239 65.9258045683 33.987313983 31.5910127787 34.7200243357 32.5162392081 33.8180183071 34.1385756163 31.6002918657 34.8952090836 33.6482217184 33.8435425194 33.4290157538 32.5288170157
34.4683481217 34.1686422591 32.292516106 32.9130060701 33.9167692878 31.5258981483 33.3120318095 34.0237353832 32.162792157 33.4294917143 33.6144477803 31.5974964645 34.3548233119 33.4648284514 32.9230698662 33.3535367541 31.5103761033 34.7212805991 31.7552887297 32.2147086334 33.6360533278 31.8529496823 34.6591669319 34.0272302786 31.9759971559 34.4398839263 34.2685554627 31.530651164 34.9329889878 31.6327756889 31.7433067407 33.642882253 33.2705799973 34.2151508643 31.6945825358 31.8155543583 32.3644584367 34.7438632202 34.6460966087 33.6274586566 34.8989708503 33.4585754755 34.1004771903 34.1892882453 32.8262689281 34.4604094928 33.6575456564 34.40761559 33.9829733569 31.6280567806 33.7838315605 32.4285777819 34.0028543962
32.1804077479 32.4854944082 32.7996407439 34.6044929072 32.4083513443 33.5203495184 33.5451279007 31.7046384877 33.5866451886 31.5695152941 31.5453817394 32.753524139 32.674467944 33.1208047539 32.0398276514 31.8272537574 32.0147628776 34.5157426926 32.3193715601 32.7809297442 34.5805931946 34.3960095032 34.8375133101 34.7724447567 32.9253115349 32.5395413117 34.0239746928 32.3070310572 34.1782588687 34.0839890532 33.777635028 34.4384006903 34.0066063579 34.1231176396 32.8924545048 32.8141382199 33.7801435346 33.8006252219 33.4047976965 33.6932123381 46.9033356323 46.9033356323 32.7992343889 34.502023622 34.1732657438 32.1932297135 33.8751420982 34.8764187311 32.7377824093 32.9540492614 34.2828110763 32.8492301125 34.4450569558
33.6647750198 34.3761853099 31.9554365771 32.4979249164 34.2933954277 33.2651694731 32.398668472 33.0044604405 32.2636065227 32.1806719023 34.1651451003 31.6111938648 34.5791968631 34.6011439293 33.8877119545 33.5706516094 34.0485612258 33.1928571272 33.4908395296 33.677052988 34.5228545274 32.6183124285 31.7857033387 32.338992168 34.5568350181 33.8845388391 32.7198581539 34.650831089 35.0188524054 32.7082140417 34.3998962431 31.5750692886 32.84584025 32.3920572895 34.9038269249 32.7084248756 33.4984849916 33.3967913011 35.0087647215 33.084367499 46.9033356323 46.9033356323 80.3915965441 33.8061750303 31.9884548983 32.5390855234 32.2406045341 32.9624172821 33.9193183259 34.4915876019 32.7950230229 32.8483104285 33.5546113362
32.7067756294 32.7948813267 31.6259539001 32.866651391 34.8283543672 34.4181474309 34.4684469324 33.0377952844 34.7637536779 34.2563100574 33.5639237497 32.790033779 33.8933627182 31.752108313 34.8652934051 34.8547949773 33.5660374725 34.4362991319 31.9600018018 34.8502617328 32.4577384387 33.9934041411 32.6289928168 34.0991608585 33.2217759773 32.6887243122 33.5631768733 32.0022192435 32.4066739518 32.3057606657 32.2001600909 34.7879922711 33.8881520849 33.4183160947 32.2953626368 33.6480042 33.0600365598 34.8205329442 31.5606902955 33.971094218 80.3915965441 80.3915965441 80.3915965441 31.9999617922 33.7412968334 33.0689099907 32.7765531912 34.7982256626 34.8279130877 33.8440137251 32.2737697426 31.6172386271 32.9111714798
33.1703560976 34.9396329709 34.3805113548 31.8664205456 34.9802653689 33.3352223549 32.368713124 34.7539656182 34.05263091 33.1755325384 32.6858176546 32.7296138181 33.3890118416 33.4072532173 32.7345268545 32.596816904 31.9225584303 33.2589917898 32.9162191595 32.8602377855 33.3827914977 33.8356258831 33.6386520478 32.3459358016 33.9687505077 33.8597584853 34.898689068 32.9645999142 32.6131481842 32.6233586754 31.9455900621 32.9136239657 33.1498455135 32.1015192861 33.8547660504 32.246466526 32.6631679241 32.104244887 34.9351320987 31.7332268421 32.1541762186 80.3915965441 34.2896148959 34.3398966462 31.856044833 31.5278854336 33.2150667934 34.0653747246 31.7625716574 34.211577116 34.4124551685 33.810928968 34.1291428345
33.4339116989 32.8292675613 32.3003221582 33.1700587692 32.6104524215 34.3253669437 31.7793405816 33.9541968034 31.9597994304 33.6328779413 33.0596944529 31.9598126325 34.9554225833 32.9896769982 33.5572249925 34.5148863961 31.5948113355 32.523066775 34.8547901436 32.2626585847 34.8148401091 32.6390596919 34.0784570474 31.5760960782 34.3747918589 32.8894539684 32.697190918 32.5872090847 31.5253453132 34.1899155335 32.4369815733 31.8224125153 34.3122751611 34.2675829394 33.6168286347 35.0353921771 32.2357636285 34.9128389774 33.4671579386 33.3167011348 32.7852573776 34.3888213794 66.5001507026 66.5001507026 32.7862683024 34.2685553928 34.5712008187 34.577659152 31.9020267074 32.9245958646 31.6533072174 31.5546904806 34.0764866409
33.0225942055 33.2012488173 33.0026902297 31.8833779317 33.9014967098 33.4861208035 34.1988676539 33.3191815398 32.2693171809 33.4127952538 34.4103373794 33.0192769828 32.6843713075 32.2023073107 32.7764543366 33.7936028297 33.811956378 33.1913428134 32.9604407048 31.7550236973 31.9011319459 32.5426774406 32.0237902439 33.3364320156 33.1613739843 33.6394102323 33.2389625542 33.6661782407 34.9152271238 34.5427946498 33.220881698 33.227907975 33.4534122874 33.9727972703 31.7451210485 33.6014625357 32.6969463131 33.5456700457 33.343944947 33.5029474814 32.6790025401 66.5001507026 66.5001507026 79.6063378925 33.3527141396 34.8339756964 34.8801979252 34.982059981 34.1743886443 33.293541396 33.973357768 32.9822437732 33.901879723
33.5797093866 34.3255889383 32.0460581039 32.6882981053 33.6805161932 31.9916718545 34.1492105929 34.9007839817 34.2491033068 33.3503578673 33.7996410453 32.0055813745 32.6387688958 34.6229001069 34.2338316035 32.1058607328 33.7568594444 34.7099963073 31.8217686528 32.4355798651 34.7701483967 32.5773757585 34.653620087 33.578666477 33.389877121 33.5290072472 34.9179188187 33.9336391782 32.6574204252 34.9951355717 33.3990389462 33.3719616747 34.0959005635 33.5509501559 34.4571028683 31.651766578 32.7263742278 33.4392968469 33.4256152673 33.3052525098 33.4154646871 31.6517421277 34.1205650039 64.6317031231 34.641953749 34.1959598582 31.6842689221 33.4826949526 32.9543048057 34.6746568135 32.3783993859 32.2549878979 32.0592710189
