Spatial_Output/BAU/BAU_0864.asc
NCOLS 155
NROWS 192
XLLCORNER 196307.867259
YLLCORNER 449144.565805
CELLSIZE 33.573938
NODATA_VALUE NaN
[rows 111 to 147 of 192, columns 0 to 81 of 155]
0 0 0 0 0 0 0 0 0 0 0 0 0 0 0 0 0 0 0 0 0 0 0 0 0 0 0 0 0 19 19 19 19 19 19 19 19 19 19 19 19 19 19 19 19 19 19 19 51.6178370074 51.6178370074 51.6178370074 19 19 19 64.6530260469 64.6530260469 45.7586716817 45.7586716817 47.8026557182 64.7562742723 64.7562742723 47.065930366 42.0918935859 55.9876134916 19 19 19 19 19 49.8928108635 49.8928108635 64.559775325 43.5472589761 72.0206585548 58.7118598308 44.1046233533 44.1046233533 57.2463309486 57.2463309486 62.8475996041 56.5215488363 51.0973503289
0 0 0 0 0 0 0 0 0 0 0 0 0 0 0 0 0 0 0 0 0 0 0 0 0 0 0 0 0 0 19 19 19 19 19 19 19 19 19 19 19 19 19 19 19 19 19 19 19 43.8074756185 58.6763636221 19 19 19 49.6179597055 36.7256995439 45.7586716817 45.7586716817 47.8026557182 64.7562742723 64.7562742723 47.065930366 42.0918935859 55.9876134916 19 19 19 19 19 49.8928108635 49.8928108635 43.5472589761 43.5472589761 72.0206585548 19 44.1046233533 58.7118598308 57.2463309486 35.7482498172 62.8475996041 40.079844447 51.0973503289
0 0 0 0 0 0 0 0 0 0 0 0 0 0 0 0 0 0 0 0 0 0 0 0 0 0 0 0 0 0 0 19 19 19 19 19 19 19 19 19 19 19 19 19 19 19 19 19 43.8074756185 43.8074756185 43.8074756185 58.6763636221 36.5520178223 39.1640897459 36.5520178223 19 57.4635524951 42.0490297087 64.7562742723 19 70.9763077224 19 19 19 19 19 19 19 19 19 19 19 19 19 19 19 33.557384065 44.352536677 19 19 19 19
0 0 0 0 0 0 0 0 0 0 0 0 0 0 0 0 0 0 0 0 0 0 0 0 0 0 0 0 0 0 0 19 19 19 19 19 19 19 19 19 19 19 19 19 19 19 19 19 19 19 66.310835806 19 39.1640897459 39.1640897459 39.1640897459 19 19 19 19 19 19 19 19 19 19 19 19 19 19 19 19 19 19 19 19 19 44.352536677 19 19 19 19 62.8064010012
0 0 0 0 0 0 0 0 0 0 0 0 0 0 0 0 0 0 0 0 0 0 0 0 0 0 0 0 0 0 0 0 19 19 19 19 19 19 19 19 19 19 19 19 19 19 19 19 19 19 19 19 19 58.6058767715 39.1640897459 46.9333393422 19 19 19 19 19 19 19 19 19 19 19 19 19 19 19 19 19 19 19 19 44.352536677 44.352536677 48.199563593 19 51.2892799226 19
0 0 0 0 0 0 0 0 0 0 0 0 0 0 0 0 0 0 0 0 0 0 0 0 0 0 0 0 0 0 0 0 19 19 19 19 19 19 19 19 19 19 19 19 19 19 19 19 47.6931456819 47.6931456819 47.6931456819 19 19 46.9333393422 46.9333393422 19 19 19 19 19 19 19 19 19 19 19 19 19 19 19 19 19 19 19 19 19 44.352536677 44.352536677 48.199563593 48.199563593 51.2892799226 51.2892799226
0 0 0 0 0 0 0 0 0 0 0 0 0 0 0 0 0 0 0 0 0 0 0 0 0 0 0 0 0 0 0 0 0 19 19 19 19 19 19 19 19 19 19 19 19 19 52.4202396243 45.572634884 62.9220573511 47.6931456819 46.4091789459 19 19 19 40.2249460887 40.2249460887 19 19 19 67.9653550229 19 19 19 19 19 19 19 19 19 19 19 19 19 19 19 19 44.0094819008 44.0094819008 19 48.199563593 51.2892799226 48.199563593
0 0 0 0 0 0 0 0 0 0 0 0 0 0 0 0 0 0 0 0 0 0 0 0 0 0 0 0 0 0 0 0 0 19 19 19 19 19 19 19 19 19 19 19 19 62.0372078025 52.4202396243 62.9220573511 62.9220573511 62.9220573511 53.8155039853 49.3813255782 49.3813255782 46.4400599397 40.2249460887 40.2249460887 19 19 67.9653550229 67.9653550229 67.9653550229 19 19 19 19 19 19 19 19 19 19 19 19 19 19 19 19 19 19 19 19 19
0 0 0 0 0 0 0 0 0 0 0 0 0 0 0 0 0 0 0 0 0 0 0 0 0 0 0 0 0 0 0 0 0 0 19 19 19 19 19 19 19 19 19 19 19 62.0372078025 52.4202396243 61.4501830399 61.4501830399 61.4501830399 51.2708196485 49.3813255782 49.3813255782 46.4400599397 46.4091789459 45.2158604458 32.7061081141 19 19 67.9653550229 67.9653550229 54.6319362862 19 19 19 19 19 19 19 19 19 19 19 19 19 19 19 19 45.5184548085 45.5184548085 19 19
0 0 0 0 0 0 0 0 0 0 0 0 0 0 0 0 0 0 0 0 0 0 0 0 0 0 0 0 0 0 0 0 0 0 0 19 19 19 19 19 19 19 19 19 19 19 53.4361310285 46.8344000672 61.4501830399 61.4501830399 19 49.3813255782 46.4400599397 46.4091789459 19 19 19 19 19 19 19 19 19 19 19 19 19 19 19 19 19 19 19 19 19 19 19 45.5184548085 45.5184548085 45.5184548085 53.9525973249 19
0 0 0 0 0 0 0 0 0 0 0 0 0 0 0 0 0 0 0 0 0 0 0 0 0 0 0 0 0 0 0 0 0 0 0 19 19 19 19 19 19 19 19 19 19 19 19 46.9411478942 46.9411478942 46.9411478942 19 19 19 19 19 19 19 68.4744398106 36.4116523238 19 19 19 19 19 19 19 19 19 19 19 19 19 19 19 19 19 19 19 53.9525973249 36.4108977202 36.4108977202 19
0 0 0 0 0 0 0 0 0 0 0 0 0 0 0 0 0 0 0 0 0 0 0 0 0 0 0 0 0 0 0 0 0 57.4986684938 59.7046274991 57.5733516215 19 19 19 19 19 19 19 19 19 19 19 19 46.9411478942 46.9411478942 19 19 19 19 19 19 19 19 36.4116523238 19 19 19 19 19 19 19 19 19 19 19 19 19 19 19 19 19 19 19 19 36.4108977202 36.4108977202 36.9966342725
0 0 0 0 0 0 0 0 0 0 0 0 0 0 0 0 0 0 0 0 0 0 0 0 0 0 0 0 0 0 68.5963809928 40.4301407631 37.4982349056 40.0785562671 30.4871036103 57.5733516215 19 19 19 19 19 19 19 19 19 19 19 19 19 19 19 19 19 19 19 19 19 19 19 59.9079901282 59.9079901282 64.5314393537 35.3090177833 19 19 19 19 19 19 19 19 19 19 19 19 19 19 19 19 36.9966342725 36.9966342725 51.3553324014
0 0 0 0 0 0 0 0 0 0 0 0 0 0 0 0 0 0 0 0 0 0 0 0 0 0 0 0 42.339781604 49.5531994059 68.5963809928 40.4301407631 29.4811752154 31.9604964139 40.1678427726 59.7046274991 57.5733516215 19 19 19 19 19 19 19 19 19 19 19 19 19 19 19 19 19 19 19 19 19 59.9079901282 59.9079901282 32.522500856 46.1929954697 19 19 19 19 19 19 19 19 19 19 19 19 19 19 19 19 19 19 35.5777952928 35.5777952928
0 0 0 0 0 0 0 0 0 0 0 0 0 0 0 0 0 0 0 0 0 0 0 0 0 37.5995568224 37.5995568224 37.5995568224 54.7292598508 49.5531994059 40.4301407631 40.4301407631 36.1887260795 33.1437157282 42.6121090065 54.7063549248 0 0 19 19 19 19 19 19 19 19 19 19 19 19 19 19 19 19 19 19 19 19 31.5884738945 42.0737828457 19 42.511754152 19 19 19 19 19 19 19 19 19 19 19 19 19 19 19 19 19 35.5777952928 35.5777952928 35.5777952928
0 0 0 0 0 0 0 0 0 0 0 0 0 0 0 0 0 0 0 0 0 0 0 0 0 37.5995568224 37.5995568224 37.5995568224 54.7292598508 49.5531994059 49.5531994059 68.5963809928 51.6051166195 55.145741716 0 0 0 0 19 19 19 19 19 19 19 19 19 19 19 19 19 19 19 19 19 19 41.6685459289 41.6685459289 31.5884738945 31.5884738945 19 19 19 19 19 19 19 19 19 19 19 19 19 19 19 19 19 19 19 19 19 57.4026814623
0 0 0 0 0 0 0 0 0 0 0 0 0 0 0 0 0 0 0 0 0 0 0 0 0 57.1963571753 37.5995568224 37.5995568224 54.7292598508 50.6089134352 0 0 0 0 0 0 0 0 0 19 19 19 19 19 19 19 19 19 19 42.6366709758 19 19 19 19 19 41.6685459289 41.6685459289 41.6685459289 31.5884738945 31.5884738945 33.2166332671 19 19 19 19 19 19 19 19 19 39.2508935878 39.2508935878 52.1044406968 54.0934786062 60.9603962651 19 19 74.0712173762 74.0712173762 42.6480462526 42.6480462526 47.0124889445
0 0 0 0 0 0 0 0 0 0 0 0 0 0 0 0 0 0 0 0 0 0 0 0 0 0 0 0 0 0 0 0 0 0 0 0 0 0 0 0 19 19 19 19 19 19 19 52.708158222 19 42.6366709758 42.6366709758 42.6366709758 49.3166980866 19 19 19 19 41.6685459289 19 19 19 19 19 32.2954139954 44.0851241686 19 58.6649644667 44.0851241686 58.6649644667 58.6649644667 39.2508935878 39.2508935878 54.0934786062 54.0934786062 60.9603962651 19 19 74.0712173762 74.0712173762 19 47.0124889445 47.0124889445
0 0 0 0 0 0 0 0 0 0 0 0 0 0 0 0 0 0 0 0 0 0 0 0 0 0 0 0 0 0 0 0 0 0 0 0 0 0 0 0 0 19 19 19 19 19 19 52.708158222 52.708158222 42.6366709758 42.6366709758 19 19 19 19 19 19 19 19 19 19 19 57.0581325801 32.2954139954 44.0851241686 44.0851241686 44.0851241686 44.0851241686 58.6649644667 58.6649644667 39.2508935878 39.2508935878 54.0934786062 54.0934786062 19 19 19 19 36.1286663109 19 19 47.0124889445
0 0 0 0 0 0 0 0 0 0 0 0 0 0 0 0 0 0 0 0 0 0 0 0 0 0 0 0 0 0 0 0 0 0 0 0 0 0 0 0 0 19 19 19 19 50.8167715422 50.8167715422 50.8167715422 52.708158222 52.708158222 19 19 19 19 19 19 19 19 19 19 19 19 19 32.2954139954 44.0851241686 44.0851241686 58.6649644667 44.0851241686 19 58.6649644667 19 39.2508935878 19 19 19 19 19 19 19 19 35.7470639685 35.7470639685
0 0 0 0 0 0 0 0 0 0 0 0 0 0 0 0 0 0 0 0 0 0 0 0 0 0 0 0 0 0 0 0 0 0 0 0 0 0 0 0 0 0 19 19 19 50.8167715422 50.8167715422 50.8167715422 19 19 19 19 19 19 19 19 19 19 46.37937287 19 19 19 19 19 37.739088806 19 19 19 19 19 19 19 19 19 19 19 19 19 19 19 19 47.8193824199
0 0 0 0 0 0 0 0 0 0 0 0 0 0 0 0 0 0 0 0 0 0 0 0 0 0 0 0 0 0 0 0 0 0 0 0 0 0 0 0 0 0 0 19 19 19 50.8167715422 52.6115776861 19 19 19 19 19 19 19 19 19 41.8347649174 46.37937287 46.37937287 19 19 19 19 19 19 19 19 19 19 19 19 19 19 19 19 19 19 19 19 19 47.8193824199
0 0 0 0 0 0 0 0 0 0 0 0 0 0 0 0 0 0 0 0 0 0 0 0 0 0 0 0 0 0 0 0 0 0 0 0 0 0 0 0 0 0 0 19 19 52.6115776861 52.6115776861 19 19 19 19 19 19 44.52085658 66.4215173982 19 50.6362078487 50.6362078487 46.37937287 46.37937287 19 19 19 19 19 19 19 19 19 19 19 19 19 19 19 19 19 19 19 19 19 19
0 0 0 0 0 0 0 0 0 0 0 0 0 0 0 0 0 0 0 0 0 0 0 0 0 0 0 0 0 0 0 0 0 0 0 0 0 0 0 0 0 0 0 0 19 19 52.6115776861 55.2175281603 19 19 19 19 19 44.52085658 44.52085658 66.4215173982 50.6362078487 19 41.8347649174 19 19 19 19 33.5933150781 40.9844123208 33.5933150781 19 19 19 19 19 19 19 19 19 19 19 19 19 19 19 19
0 0 0 0 0 0 0 0 0 0 0 0 0 0 0 0 0 0 0 0 0 0 0 0 0 0 0 0 0 0 0 0 0 0 0 0 0 0 0 0 0 0 0 0 19 19 19 19 19 19 19 19 54.8510248009 44.52085658 44.52085658 44.52085658 19 19 19 19 19 19 19 40.9844123208 40.9844123208 40.9844123208 19 19 19 19 19 19 19 19 19 19 19 19 19 19 19 19
0 0 0 0 0 0 0 0 0 0 0 0 0 0 0 0 0 0 0 0 0 0 0 0 0 0 0 0 0 0 0 0 0 0 0 0 0 0 0 0 0 0 0 0 19 19 19 19 19 19 19 19 54.8510248009 54.8510248009 63.2899128051 19 19 19 19 19 19 19 19 40.9844123208 40.9844123208 19 19 19 19 19 19 19 19 19 19 19 19 19 19 19 19 19
0 0 0 0 0 0 0 0 0 0 0 0 0 0 0 0 0 0 0 0 0 0 0 0 0 0 0 0 0 0 0 0 0 0 0 0 0 0 0 0 0 0 0 0 0 19 46.710849248 46.710849248 46.710849248 19 48.5376367781 48.5376367781 37.4660755515 54.8510248009 19 19 19 19 19 19 19 19 19 19 19 19 19 19 19 19 19 19 19 19 19 19 19 19 19 19 19 19
0 0 0 0 0 0 0 0 0 0 0 0 0 0 0 0 0 0 0 0 0 0 0 0 0 0 0 0 0 0 0 0 0 0 0 0 0 0 0 0 0 0 0 0 0 19 19 19 19 19 57.4544287979 48.5376367781 48.5376367781 57.4544287979 19 19 19 19 19 19 19 19 19 19 19 54.0388254173 54.0388254173 19 19 19 19 19 19 19 19 19 19 19 19 19 19 19
0 0 0 0 0 0 0 0 0 0 0 0 0 0 0 0 0 0 0 0 0 0 0 0 0 0 0 0 0 0 0 0 0 0 0 0 0 0 0 0 0 0 0 0 0 19 19 19 19 19 19 19 19 19 19 19 19 19 19 19 19 19 19 19 54.0388254173 38.9845006577 38.9845006577 19 19 19 19 19 19 19 19 19 19 19 19 19 19 19
0 0 0 0 0 0 0 0 0 0 0 0 0 0 0 0 0 0 0 0 0 0 0 0 0 0 0 0 0 0 0 0 0 0 0 0 0 0 0 0 0 0 0 44.0489072443 65.5499461996 64.6505188751 19 19 19 19 19 19 19 19 19 19 19 19 19 19 19 19 19 19 38.9845006577 38.9845006577 38.9845006577 19 19 19 19 19 19 19 19 19 19 19 19 19 19 19
0 0 0 0 0 0 0 0 0 0 0 0 0 0 0 0 0 0 0 0 0 0 0 0 0 0 0 0 0 0 0 0 0 0 0 0 0 0 0 0 0 35.9862142076 65.5499461996 69.323569057 69.323569057 64.6505188751 19 19 19 19 19 19 19 19 19 19 19 19 19 19 19 19 19 19 19 53.4382850703 53.4382850703 53.4382850703 19 19 19 19 19 19 19 19 19 19 19 19 19 19
0 0 0 0 0 0 0 0 0 0 0 0 0 0 0 0 0 0 0 0 0 0 0 0 0 0 0 0 0 0 0 0 0 0 0 0 0 0 0 43.8704694616 43.8704694616 69.323569057 69.323569057 69.323569057 69.323569057 65.5499461996 19 19 19 19 19 19 19 19 19 19 19 19 19 19 19 19 19 19 39.1270802662 43.1797632399 43.1797632399 19 19 19 19 19 19 19 19 19 19 19 19 19 19 19
0 0 0 0 0 0 0 0 0 0 0 0 0 0 0 0 0 0 0 0 0 0 0 0 0 0 0 0 0 0 0 0 0 0 0 0 0 0 69.323569057 69.323569057 69.323569057 69.323569057 69.323569057 65.5499461996 62.6773563902 0 0 19 19 19 19 19 19 19 19 19 19 19 19 19 19 19 19 19 19 57.5351103398 57.5351103398 19 19 19 19 19 19 19 19 19 19 19 19 19 19 19
0 0 0 0 0 0 0 0 0 0 0 0 0 0 0 0 0 0 0 0 0 0 0 0 0 0 0 0 0 0 0 0 0 0 0 0 0 0 43.8704694616 69.323569057 35.9862142076 43.8704694616 51.3352958902 0 0 0 0 19 19 19 19 19 19 19 19 19 19 19 19 19 19 19 19 19 57.5351103398 57.5351103398 57.5351103398 19 19 19 19 19 19 19 19 19 19 19 19 19 19 19
0 0 0 0 0 0 0 0 0 0 0 0 0 0 0 0 0 0 0 0 0 0 0 0 0 0 0 0 0 0 0 0 0 0 0 0 0 0 43.8704694616 69.323569057 35.9862142076 0 0 0 0 0 0 19 19 19 19 19 19 19 19 19 19 19 19 19 19 19 19 19 43.7300622969 35.8332859998 43.7300622969 19 19 19 19 19 19 19 19 19 19 19 19 19 19 19
0 0 0 0 0 0 0 0 0 0 0 0 0 0 0 0 0 0 0 0 0 0 0 0 0 0 0 0 0 0 0 0 0 0 0 0 0 0 0 0 0 0 0 0 0 0 0 0 19 19 19 19 19 19 19 19 19 19 19 19 19 19 19 19 35.8332859998 35.8332859998 35.8332859998 19 19 19 19 19 19 19 19 19 19 19 19 19 19 19
0 0 0 0 0 0 0 0 0 0 0 0 0 0 0 0 0 0 0 0 0 0 0 0 0 0 0 0 0 0 0 0 0 0 0 0 0 0 0 0 0 0 0 0 0 0 0 0 0 0 19 19 19 19 19 19 19 19 19 19 19 19 19 19 19 35.8332859998 19 19 19 19 19 19 19 19 19 19 19 19 19 19 19 19
