Spatial_Output/BAU/BAU_0388.asc
NCOLS 155
NROWS 192
XLLCORNER 196307.867259
YLLCORNER 449144.565805
CELLSIZE 33.573938
NODATA_VALUE NaN
[rows 25 to 49 of 192, columns 0 to 56 of 155]
0 0 0 0 0 0 0 0 0 0 0 0 0 0 0 0 0 0 61.7286848938 66.5868188686 24.2583427041 24.5812232698 24.5812232698 55.828989197 55.828989197 52.3329911366 52.3329911366 51.4724735925 33.9763029635 33.6348965227 33.5247982824 32.6188864968 34.4885918916 32.566268074 33.9178830639 34.8188591165 34.663453948 33.7338335645 31.8525215219 32.0441377077 33.3981798902 32.9494684808 33.2036822878 32.2068797254 33.827780277 32.2835946083 31.8200835932 33.5984475136 33.882094934 32.6048464593 32.2642777208 34.5044097266 34.5557414423 34.1118219673 33.7011367855 32.6300253305 31.759060583
0 0 0 0 0 0 0 0 0 0 0 0 0 0 0 0 0 0 0 0 0 33.5989347609 34.2919226116 31.8828919074 49.1806045116 52.3329911366 52.3329911366 68.6081946006 68.6081946006 33.8755314461 33.3720445873 32.586257921 34.9658093527 32.2667026195 32.2453750709 34.1441319752 32.2710382043 32.9641693746 33.8479003299 32.6010123184 32.198124783 32.5992471151 34.2529885759 34.7662161219 31.7953002703 32.0797444529 33.1615815328 31.6859666507 34.2625340344 32.5895886443 32.0996661965 34.9888467364 33.7801213654 33.9873598571 32.747962933 34.7284216637 32.3873371149
0 0 0 0 0 0 0 0 0 0 0 0 0 0 0 0 0 0 83.736513865 33.455052931 31.8297865707 34.6702852861 34.9324697697 32.491682306 32.4155641306 51.4724735925 51.4724735925 68.6081946006 68.6081946006 54.2012614557 56.3675945761 32.6148022406 33.7472086778 34.1543658368 34.9701909176 34.8862659341 31.6141754923 34.7682469918 33.6980614522 32.369170404 33.7308293806 34.5804562375 32.8326564065 34.5797576725 33.8278400141 32.284049586 33.2962450365 33.6819387233 34.2016253708 32.9181593942 32.773070401 34.4198648098 31.7017870358 34.4053809126 33.9952848757 33.6973619727 33.2999088475
0 0 0 0 0 0 0 0 0 0 0 0 0 0 0 0 0 83.736513865 31.8186994993 34.1753926092 33.2752423158 34.7293318142 32.7086862687 32.9453745822 34.4714680557 33.6021440625 60.5867570873 68.6081946006 54.2012614557 54.2012614557 47.585365889 47.1609101685 33.172763412 34.0086520609 35.0010233435 34.0061906384 32.3153098168 34.3885418054 33.1794639869 33.2820026091 34.3640130803 32.9896021722 32.7866101572 32.1569367845 31.5058973001 34.6113232896 32.4759281118 34.2940907074 32.3944494952 33.5414376776 32.9782181051 34.4101651462 34.8418086596 32.987422082 31.8314352917 31.9862516564 31.9294670885
0 0 0 0 0 0 0 0 0 0 0 0 0 0 0 0 0 33.7214802761 33.6682113448 60.2601315539 67.0985098521 57.1668479391 32.8595140893 34.3816980563 33.0925860102 34.3160880605 34.8923120086 54.2012614557 54.2012614557 47.585365889 47.1609101685 47.1609101685 42.5198200077 34.3808612095 33.5407834001 34.4473425928 34.9892910249 33.5534794723 32.9821527256 34.3738157213 33.1791051249 33.1141770186 32.880593723 34.1028281133 34.6152174155 34.0043380038 34.0305887456 34.3908832939 32.5676975413 32.2692747147 31.8497657239 32.9624239482 33.8695080897 33.3965499272 33.6035308367 34.8635603408 34.22635776
0 0 0 0 0 0 0 0 0 0 0 0 0 0 0 0 34.4909570496 32.1779328315 34.5969234965 68.6432125528 61.7421163745 52.358877783 31.5711549883 34.3137177351 32.0195542403 33.6665489338 31.7066921466 34.5323582383 31.9522554935 47.585365889 47.1609101685 47.1609101685 42.5198200077 58.1737714054 34.3662509103 32.8462260672 34.2370417051 32.6091891201 34.31541192 32.3470277964 32.7462667661 31.5460788311 33.6896817338 33.7292219516 32.1988277365 33.9434962407 34.4046240837 34.5321373579 33.0177472885 32.8569446075 32.5995521967 32.6600522053 31.8093309488 32.3516540528 33.0638709975 32.9041609501 34.5775314846
0 0 0 0 0 0 0 0 0 0 0 0 0 0 0 34.4190333442 34.3715421628 34.5543773105 33.6870008817 60.1808889694 58.9821389007 69.7170570879 54.561694287 34.3154030037 32.8855100032 32.197181345 33.5725024067 34.8871151259 31.7891893156 32.8185362587 54.3993864896 42.5198200077 46.7485688926 58.1737714054 55.0992274424 34.3983748768 32.5864214883 33.2317014417 34.9144470332 32.9127226901 32.8199430456 31.9660139254 34.5011981025 31.5507296086 32.2151430289 33.7505857487 32.0225270375 32.3411779483 31.9952269351 33.8280157107 32.5367237908 33.9999490953 31.5015210666 33.1610396929 31.5095953433 33.9120268469 32.5045771469
0 0 0 0 0 0 0 0 0 0 0 0 0 0 0 33.8120064805 32.7572068135 33.2326866983 32.3381960086 57.6890748019 60.9913023995 60.8467314143 69.9239957695 33.5083810183 33.8485265368 31.5424915347 32.1535872768 31.7998315753 32.9631016044 34.4138088829 34.4815825573 52.5217981916 58.1737714054 55.0992274424 55.0992274424 31.5638114938 33.3883731843 33.2237775946 31.741249022 34.4539867159 31.6196016798 32.5564325422 33.618641741 34.4120860143 34.5443142191 34.6889203243 33.0108958743 33.7146433999 32.7236562809 31.8531499433 33.7756890276 31.8557250449 32.5264990114 34.071150456 34.731308594 34.6247329727 32.4999940972
0 0 0 0 0 0 0 0 0 0 0 0 0 0 0 32.5129571293 32.0401023371 34.672062115 31.9010730363 33.2415318682 59.476025628 60.4059260907 64.4280527986 48.7927613855 57.114200221 33.4953037687 32.3279516823 32.2060757838 31.8368022553 34.7594051761 32.1805246401 31.7225429984 34.7269933171 55.0992274424 65.6090283201 57.2769478583 57.2769478583 75.4464975895 34.164116439 34.754955245 32.5757230107 33.6508039493 33.2743230926 33.1792670174 33.3514223406 34.3297326211 33.209281547 33.4620491119 34.8009268693 31.604685963 34.8556891463 31.9654380955 32.7429149382 32.9567681408 32.1431727349 34.9334709631 34.189635916
0 0 0 0 0 0 0 0 0 0 0 0 0 0 0 34.6500422131 33.594455323 33.9534569543 32.2945514028 34.6867536541 31.760665935 48.7927613855 33.1102770787 31.9283370372 34.8648102701 32.9252647672 32.3813661058 33.0164475285 33.3845529079 32.8280289207 33.5780777383 32.00931966 33.2857040658 31.7849870381 50.8880629495 57.2769478583 57.2769478583 49.7436586965 34.6064697991 33.5184919241 34.4770858103 34.8337743824 34.6063871322 34.6564550734 34.3048330679 35.0217423015 34.6447039305 33.0749466862 32.5144312954 34.7228988025 31.5000825439 32.7837143418 33.1238944541 32.2630656733 33.908434564 34.4664922718 34.0637698239
0 0 0 0 0 0 0 0 0 0 0 0 0 0 0 33.7235029892 31.8363664768 31.5110324468 34.7214959848 34.38251621 33.8471322684 31.9141502538 35.0335666319 57.114200221 57.114200221 33.3503405561 32.53655727 32.2122794294 31.669478708 32.8865243187 31.5460642618 34.9942040228 32.8896662457 34.3660100674 33.6110273577 75.4464975895 49.7436586965 33.3385039441 34.5094017038 33.8257091876 33.1407219409 31.9496380833 34.6020507119 31.5059066825 34.9011552107 33.3417501172 33.7436175623 33.0186394914 34.6380887713 32.5352683295 34.6507842903 33.8473918205 34.4500037665 34.9202656094 32.5470286397 31.9073012177 34.0858372471
0 0 0 0 0 0 0 0 0 0 0 0 0 0 34.9559140017 31.914825263 33.8896523568 33.9195054912 33.1892993601 32.4699490687 32.260966968 34.3508280676 32.6739399514 33.0060543651 34.0940226062 33.1534511815 33.6547871312 32.9422717216 32.2840160359 33.6324979846 32.8741245678 31.7943696473 34.8180456356 34.7484438773 32.7856158441 55.6137932752 55.6137932752 55.6137932752 34.5367318745 31.8087290109 33.3762834007 34.7564337992 33.1290818056 34.682973765 32.6933701137 33.4531793079 31.5264089642 31.9094228444 32.4413585817 33.4657135407 33.008636724 32.5018380508 34.267163015 32.9754380713 33.1655924797 32.6709200636 33.527532232
0 0 0 0 0 0 0 0 0 0 0 0 0 0 33.0451827613 33.7232352307 33.6967949125 34.6421348438 33.4595911411 33.5862335725 33.8568246238 32.8105159672 34.6878299601 33.3704824388 32.2512174705 33.9522467431 32.5368220564 34.9006796925 32.7709260028 33.7671961581 32.1939342078 34.9562141136 34.3734069492 34.6224313353 31.5450990905 55.6137932752 55.6137932752 60.9712124578 32.2543426231 32.5330860856 31.8091294912 32.1759803048 34.630745594 32.3205313027 32.8238560728 33.8876299901 32.2114715016 31.784069974 32.615750843 32.7699674179 31.517239992 33.1486489991 34.9232846967 34.6520695443 32.3358966184 31.9422863513 31.9299498722
0 0 0 0 0 0 0 0 0 0 0 0 0 32.8942265999 34.4256269155 34.6236476963 34.1392082809 32.8759888277 33.6185615141 34.9671732047 32.6701827821 33.8467260518 31.7546269974 34.0183862817 33.5092160336 33.7845682227 33.2153028795 34.7141844732 34.6177247967 32.5644173829 33.6932639163 32.8392923517 33.0929691804 31.5229881918 31.851555573 31.8765882774 60.9712124578 60.9712124578 43.867764918 32.5232455681 34.4210428571 31.6704364614 34.4520253268 34.6225391694 32.7392849222 33.9551867248 31.74552568 33.099813794 31.5663754427 32.2140091982 32.8431523221 33.0034564128 33.5697239273 31.8692215324 34.0853780561 34.9789715483 33.8201152504
0 0 0 0 0 0 0 0 0 0 0 0 34.2073786726 33.8653974794 33.6606316697 33.4616993093 32.1936531911 33.4063907691 31.7466358081 32.4847406953 31.5329375006 34.7131835767 32.0078597813 34.6269735791 33.739794274 34.2563712163 31.7861977385 32.7439573051 59.3918678119 54.3384509619 61.3968385687 31.9718772233 33.7763547498 31.6878859554 32.562501586 33.6874964225 33.4931464395 33.310707828 75.7694917931 32.1745248802 32.4335194408 33.6753788717 32.8919822071 34.8492602167 33.5781575846 33.9764982836 33.74283898 33.2530833595 31.9682944395 32.7776285872 32.9639822866 32.1104436786 31.6136018172 33.9015461278 34.9343059627 31.6891717581 33.9843277404
0 0 0 0 0 0 0 0 0 0 0 34.882865654 32.5920812621 34.7881018318 31.9459059071 31.9914763926 33.8444327911 31.6502935827 32.4154348805 32.3222399866 33.4917591469 33.8901256943 31.6614253293 32.6970251836 33.1346037737 34.5861511367 31.511631649 32.1801567611 55.7545019655 69.3231579141 67.8504488679 34.6919394232 34.8027329086 34.4175897508 34.4329426996 31.5758301561 34.1022977322 32.7573233309 68.7096558969 68.7096558969 34.4663592833 32.0070594252 32.7938346403 32.4276491491 31.7746762216 34.2860476297 34.1653373297 33.2503049034 33.1154742652 31.5991084431 32.4113039776 34.6697063051 31.5368221916 33.7298675566 32.4006831085 32.0676576789 31.5913303914
0 0 0 0 0 0 0 0 0 0 34.500975859 34.5639425089 32.144732793 34.4075181266 34.7423112723 32.0812367541 33.0015664426 33.2073830776 34.733450938 31.8107803974 33.0686685547 34.9605638241 33.1453345803 33.7747866455 34.9910167003 33.6667871497 34.1483060596 31.591903674 69.0320509877 61.4575843571 53.4471458153 33.2060852091 32.1911615454 34.1851975708 34.4587966567 32.2793325274 32.5201682106 33.1794505158 68.7096558969 68.7096558969 68.7096558969 32.9570525822 31.9517691314 32.563328557 34.860862689 34.863798642 31.6268887206 32.1361519726 32.8743865797 32.967001674 32.0004719221 34.1694512087 31.716259696 31.7175166041 33.5979027917 32.2938214686 32.7214718774
0 0 0 0 0 0 0 0 0 0 33.8402565815 33.3398023114 33.5193967066 33.103909503 32.9540526456 34.8850615562 33.2842995605 34.8058251284 34.9836712314 34.0323147946 32.507413852 32.651815011 32.3827797916 33.3202226544 32.0065148059 33.5047875918 31.9227036005 33.3624653322 53.4588797272 54.7089531449 53.6795390283 53.5548518925 33.2157302148 34.9932806637 31.7533959558 33.7367117089 32.8277023393 32.0904309628 46.0133996524 47.3533450718 47.3533450718 32.9282174718 33.3618900535 34.8752426047 34.5324090824 32.5408646592 32.3246874786 33.5729621888 34.4739750691 34.6491446208 34.2119927475 32.7558637084 32.2423369673 31.6559002568 31.8952561331 31.618095567 32.5234495988
0 0 0 0 0 0 0 0 34.7085215553 34.853789462 33.4091289 33.0397731783 33.834224021 31.9526975494 32.9309641337 34.5193641483 31.8066682509 32.0889099317 33.2972897247 33.5514166945 32.3146778909 34.9418699994 33.7491508905 34.9871486521 33.5405844148 31.5971581629 32.1026646236 33.4182697069 31.682026522 50.3858169412 50.3858169412 50.3858169412 34.6149100412 31.810550291 33.7908886566 33.1242756442 31.5007891111 34.5680574724 47.3533450718 47.3533450718 47.3533450718 33.7325676802 32.7079435437 33.6231073025 33.9822592305 34.836851201 34.8597002444 32.8431709144 32.045276927 34.6533306188 33.4471271673 33.6220969533 31.9379946905 33.6671492811 34.7262065535 34.5717607311 33.7666051713
0 0 0 0 0 33.7530916589 34.1867053314 33.7865832337 34.1824818761 33.449902371 34.1496115081 33.2786754607 33.3179888552 31.7825155074 32.0016870026 32.7205306012 31.814440592 34.6753263955 32.8732116489 33.0952387345 32.7568242885 32.6161710506 35.0204454917 34.8548301576 33.9322793996 33.1374486346 31.6913312999 34.3463036303 32.7426613533 34.2971206348 50.3858169412 34.3815709256 34.24660287 34.3998024811 32.3572894301 31.7173735015 33.1550381815 34.9528796086 32.0917968745 34.4440883684 31.7241594701 32.5628867838 32.0061245368 32.2066509851 33.2204963654 32.3817724084 32.4215295627 34.0274181715 32.4108633334 32.1186230834 33.3229108493 32.6223834033 33.4821192412 32.0069251914 34.0961966444 34.2624750553 33.3799535
0 0 32.9346237563 31.7560305487 31.7287543639 31.5741475738 32.0943088149 32.4614778399 34.1665780765 31.8179091579 34.3035464837 32.9920719263 33.056099166 33.745215726 34.7478197252 33.3659588895 32.7076113032 32.4387519021 33.0519644597 33.3833310752 32.3564832614 32.6637758048 32.8286603782 34.3734239717 32.3928608232 32.720184447 32.838916537 34.9940667502 32.9306733347 34.105446151 33.1480931977 84.5517764505 33.4884594651 34.7680775687 34.4426520545 32.0548429086 33.4068786642 31.9231216091 34.0549521962 34.206797025 33.7248227901 33.7023099934 31.7125708052 33.0264316433 32.5506261723 32.2995871972 34.4927752573 34.6240548544 33.2147345491 33.8630821966 31.7469058246 34.6712212424 32.8581389052 34.4482743358 34.083060237 32.7037577904 31.9360241593
0 32.8891464754 31.7512031435 33.3196422777 33.9059183697 31.6220133476 33.8073033092 31.7168762748 33.1570260829 32.8982854193 34.7242854275 32.7435138677 31.6064289764 33.4300631153 31.7585770349 33.5332696957 34.564952399 32.4754396244 34.9156783548 32.2614731281 34.3599712281 34.6947026664 33.431680987 33.2061258754 32.1610062515 34.1307009123 34.7749095549 33.7903970123 32.1559172816 33.0787990681 84.5517764505 84.5517764505 84.5517764505 34.2494951361 31.6390432167 34.9484394873 34.8070644848 32.63088772 31.7199369874 33.3714747232 34.6061903178 32.3601061525 34.929358412 34.7996596239 34.601727767 35.0266872507 34.148627361 34.1439164827 32.353106537 32.4700905111 32.6449985581 34.493946384 31.7143399083 31.6670119488 33.3121972206 33.6203044048 34.4604438219
32.7186793704 34.5922230024 34.5123719495 33.4095881163 33.0312758174 33.9390730202 32.7597827113 32.9098683155 34.7894609235 34.8971045831 32.5045177397 31.6892564517 33.6324535256 34.3755170697 34.3272081081 33.9345822957 31.6416926933 33.3608918824 32.717102851 32.8643806359 33.5415979227 34.3300063478 32.7642951535 32.4698905117 34.1139525163 33.1495514013 34.1053955975 31.9026253399 31.6455313723 32.6990220465 34.5088554369 84.5517764505 34.4023968709 34.0732072077 31.6523442266 34.1038577747 34.9049901481 32.1213217685 33.9642112158 32.2144475889 34.5749709195 32.2015500837 32.5461436583 32.8324651833 33.4879468649 33.9755694423 32.184308575 34.9155841963 33.1272989809 32.5503447665 35.028749331 33.696786656 33.7718739184 34.0536988396 31.9185757318 32.4237452064 32.3577843341
32.1772102798 34.4053012584 31.9377522674 33.1317949979 32.97462548 34.8183255761 32.9336205847 31.9703946127 33.7830495074 34.9052690511 34.7278543096 33.1950295197 34.5390865643 32.7512637703 33.0338095004 34.6560361598 33.3576602104 33.4040566541 33.6391431468 32.8015731162 32.9135232874 32.5166546922 31.560361143 31.9345818499 33.9914409115 34.2188019421 33.4326887579 32.1042989861 34.5630492044 33.5158840381 63.1167781107 60.343935465 55.724232503 33.7910139714 32.6599604843 32.2028008399 34.1149568468 66.8967213603 31.6151820771 66.8967213603 33.2913634733 32.4325881322 31.5558157312 32.0973564188 33.2944697574 33.5927597698 33.2578800406 34.5652392605 34.8451340701 34.1058401147 32.993876721 32.3452606679 33.1968507493 32.3284449225 34.9065753525 34.1495715125 34.4192882868
34.3475867296 33.4866584091 34.7245613105 32.0058529139 32.825981581 32.5505090137 33.8783917636 33.8724772983 32.3718876737 33.3574084159 32.729601038 32.0584045034 33.8089073665 33.7143852702 33.6489244289 32.9374650411 34.5551476438 32.909984222 33.1026508271 33.3273220978 32.5112962836 31.6361207196 33.7984114745 34.1489397606 33.0930518328 32.0366690767 32.3591816262 34.2661835309 33.9940578345 33.0297585872 33.8823599197 60.343935465 60.343935465 32.3943892655 34.5249283873 33.4339195041 33.5582944176 32.5247396884 67.6570172241 66.8967213603 31.938280209 32.7166407013 33.9887560368 32.1471515676 34.8328565723 32.7237155805 32.8517600777 32.7218735553 31.6569087457 32.1498096885 34.7943335652 33.7224482536 34.8834102118 33.8867547826 32.2794577074 34.14390161 31.7080765671
