Spatial_Output/BAU/BAU_1379.asc
NCOLS 155
NROWS 192
XLLCORNER 196769.923733
YLLCORNER 449719.875193
CELLSIZE 27.603701
NODATA_VALUE NaN
[rows 92 to 114 of 192, columns 53 to 105 of 155]
33.859796385 33.7197602892 33.5021056653 34.3633991516 33.7434873855 33.4988684729 33.0388511853 33.7623868393 33.6108316423 54.8765476073 54.8765476073 33.4213070736 33.8583691579 34.3350575256 34.3371790117 33.977171625 33.8120116724 34.2691456765 33.8586234243 33.0542755186 33.1732940439 34.123737954 34.1015346169 33.1254577109 33.2492921168 33.2573443684 34.276152394 33.5401374195 34.1946068873 33.5192419841 33.4496795666 33.009679172 33.7416756582 33.6112427777 33.9172127882 34.0794384215 33.8007880819 33.4895788273 34.2987215598 33.4902570562 33.9871551689 34.1496700555 34.3534173784 33.8266913357 34.0275061599 33.4129570622 33.12110542 33.6338192343 34.3018615718 33.7592913199 33.5594115083 34.2662206244 33.2754305635
33.6618814928 33.8985946463 33.685088688 34.3843825244 33.7879861972 33.5837749352 33.4427795733 34.3140586012 77.9132437252 77.9132437252 77.9132437252 33.9381329758 33.5643061058 33.8916985999 33.7036952168 34.1697285757 33.2713387444 34.2010802635 33.5312096744 34.3662044511 33.6217193191 34.2100866368 33.8548287613 34.020691369 33.8325623323 33.9105584106 33.2109445582 34.3268605712 33.4181149502 33.7267089364 34.0127232661 34.1992029606 33.4959925408 33.7129061728 34.1350622875 33.7569833759 33.4630291026 34.0256614615 33.78120918 34.2199655675 33.6894095827 33.3465262322 34.0145061033 33.3464266111 33.2061355858 33.6257385194 33.6991409827 33.210598383 33.1387916832 33.4196584431 33.6767958174 33.1090113501 33.8059809121
34.3987381809 33.6326923891 33.2953827075 33.8034678493 33.4095779358 33.3914474364 34.3113765801 34.3781464587 52.9402039133 77.9132437252 34.3079333349 52.9402039133 33.0828412022 33.3778356192 34.0691325429 34.0348302977 33.1103001197 33.1051797098 34.2162665901 33.24858839 33.6643452772 34.0068406521 33.9991732625 34.0340309646 33.1045094953 34.0370146464 33.6388021807 33.1342751934 33.1614191545 34.2170623336 33.4718846207 33.2659776593 33.3190207311 33.4608272607 33.8092830718 33.9567786765 33.7476086216 34.1965741131 34.2571966557 34.3946962611 33.2095545967 33.9187183207 33.2958991065 33.3953165779 33.7287628955 34.386122134 33.4053538407 33.8965118634 33.6402275168 33.432767327 33.7014200377 34.1726020192 33.1204428873
34.1914695433 33.4039536352 33.4186346351 33.5917914626 33.3370253474 33.1413911465 33.829660226 33.0026831493 33.6125947227 53.4462446459 33.4724635667 33.3999543065 34.2908557478 33.8576236311 33.6065325511 33.0207999971 33.4176961855 34.2069130378 33.372872687 33.4567155097 33.6798135885 34.4016982611 34.0334580997 34.3176109284 33.8899874214 33.4813358703 33.3387587665 33.3132216197 33.1893868969 34.0335979729 34.329692779 33.0944844629 34.268576337 34.0712858102 34.4011713227 33.5363607786 34.081551271 33.9147886836 33.2848854321 33.5263870357 34.0080743954 34.2736838974 33.6701053389 34.0461958078 33.1253055179 33.370291818 33.3851222821 75.1681329936 33.8016843182 33.9692060121 34.2193993355 34.1672475436 33.0703996105
33.249695238 33.2484994663 33.0965897039 33.0611049424 33.9295326036 34.1052011096 34.038977181 33.1730013215 53.4462446459 53.4462446459 53.4462446459 33.3358643642 33.1666282714 33.2050090863 33.0114647231 34.1718877148 34.3066597178 33.0627633396 34.3484365357 33.5406374308 33.8918952633 34.2248813896 34.2282741206 33.7650779922 33.303321265 33.2373363515 33.7349516359 33.5887265068 33.4430212047 34.0396797828 34.2404322171 33.6382966691 33.2949765255 74.2576663295 33.7642638742 33.9774151264 33.1214915809 44.926067396 33.8967579962 34.292725986 33.1487464451 33.9860581021 34.0696336999 51.4894272638 95.4461354768 95.4461354768 61.0993481517 75.1681329936 75.1681329936 33.6536450321 33.0741753192 75.0565096139 33.995100429
34.1454972087 33.026960849 33.137272941 47.573783264 47.6176192614 33.006014669 34.3788627505 33.4592756997 53.5119258679 53.5119258679 53.5119258679 33.5736889988 74.8857638779 50.3681306734 34.0603980691 58.137632716 33.3873079475 60.0640775489 64.9377367577 53.1876221342 60.466589283 33.6175703722 33.0765156345 43.8010087919 34.2903624484 33.9857723591 67.2851617178 48.870733141 48.870733141 62.0175137015 62.0175137015 33.0891066763 74.2576663295 74.2576663295 44.4640341967 63.3620939593 44.926067396 44.926067396 34.0735289733 69.6372579234 34.2557133419 33.677559046 33.5479696091 51.4894272638 95.4461354768 95.4461354768 95.4461354768 75.1681329936 75.1681329936 34.2677513162 75.0565096139 33.9010387359 33.2510645693
73.5236282727 51.9747395274 33.0889716728 47.6176192614 47.6176192614 47.6176192614 33.4044176638 33.5046703524 33.7897596592 53.5119258679 33.7938366575 43.3429015875 74.8857638779 50.3681306734 58.137632716 58.137632716 58.137632716 60.0640775489 60.0640775489 64.9377367577 60.466589283 33.4051921079 43.8010087919 43.8010087919 34.0355252718 67.2851617178 67.2851617178 67.2851617178 48.870733141 62.0175137015 62.0175137015 33.6541060009 74.2576663295 74.2576663295 44.4640341967 63.3620939593 44.926067396 44.926067396 53.0852688325 53.0852688325 53.0852688325 33.672491295 33.1940148299 51.4894272638 33.1708915995 95.4461354768 61.0993481517 75.1681329936 33.3799120051 34.0171512157 75.0565096139 33.0864476611 33.87425665
73.5236282727 33.3088337122 33.5423065971 34.1284320999 47.6176192614 47.6176192614 33.5326368368 33.1611120649 33.3519301697 56.2245441206 43.3429015875 34.0480446164 33.3135226966 50.3681306734 58.137632716 58.137632716 33.9676618158 60.0640775489 60.0640775489 60.466589283 60.466589283 33.8309335325 43.8010087919 43.8010087919 33.5017002081 33.2357710398 67.2851617178 33.3047769291 48.870733141 71.9404181012 34.0136048449 33.678930947 33.4628563223 74.2576663295 34.0399112677 33.0834144363 33.5557568467 69.3225665777 53.0852688325 53.0852688325 33.0586318616 33.7176338763 34.3023562582 34.2514978136 33.5048971863 33.8859226437 33.4874275578 33.4665711268 33.2695092137 33.9493985295 33.9457829624 33.115214943 33.5323721973
34.1101596083 34.1386595735 34.2709921573 34.0760609837 33.8914931832 33.785024941 33.8995686073 33.5740329168 56.2245441206 56.2245441206 73.623461592 33.0140374888 34.0102940233 33.5806153314 33.677145056 34.1608553331 33.8476629159 33.9656256854 33.6823297025 33.1349786389 33.5769400542 33.1011296113 33.7576844327 33.1301291993 62.9815061533 33.0809056457 34.3070034276 33.5552037897 34.0193804958 33.9562688585 33.3658093799 33.3545935199 33.794203592 34.3223350883 34.2228757794 33.0500343882 33.3944713146 58.2595311635 58.2595311635 58.2595311635 58.2595311635 33.0025384221 33.3742075758 33.3363028803 33.7778350696 33.8393702403 33.1066866262 33.2684236003 33.7180021688 33.2509391102 34.2630559067 33.4473212866 33.612335869
33.5716408843 33.1239084403 33.2605478824 34.0180432137 34.0368510071 33.5020274565 34.2887074351 87.5334646282 73.1880148651 56.2245441206 87.5334646282 33.1120192038 33.1239596785 33.436607457 33.1994989474 34.1752527152 33.9070278249 34.284091367 33.6996016281 34.1370993084 34.2828834427 33.6215589138 33.6991143696 62.9815061533 63.7691714329 33.1425233101 34.1537113805 33.3465065425 34.0730142706 33.5506777279 34.0574574239 33.4155264811 33.8859370355 33.8688791794 33.628340649 33.1499246288 34.352230878 33.7191181626 34.0714448724 58.2595311635 33.1789511864 33.2386963534 33.1008171877 33.1717077055 33.6930667743 33.2073858819 34.0640154639 34.2469313601 34.0143770887 33.5854294777 33.8199203518 33.1064986547 34.1146882293
34.3681851889 33.7830153455 33.4469119576 33.4919424364 33.3970792432 33.9240091879 33.6788280563 34.4037571852 53.2996148958 73.1880148651 34.3559580007 33.2758345624 34.0418929629 34.1110425802 33.7948716991 33.7351746566 33.3428082598 34.1077791933 34.3726942653 33.4217864329 33.3389958457 33.1618538438 33.4677293161 63.7691714329 63.7691714329 63.7691714329 33.9914782287 33.6237979039 34.2503345502 33.3485610855 33.502931866 34.1190241235 33.3053920484 33.1302313103 33.8001634074 34.2433019087 34.1530280896 33.8701240702 53.3639895924 83.1504575083 53.1883488145 33.7705429273 33.5554078928 34.0000834198 33.1719872641 33.1255389417 33.7271873043 34.0829609055 33.3678553419 34.3112099295 33.9512559662 33.6234542278 33.2590897442
33.5118559922 33.9500445433 34.1031968474 33.670100345 34.0313976151 33.1852053875 34.036354851 62.5187084307 53.2996148958 53.2996148958 34.3665804817 33.9597704513 34.2061603425 34.3092069341 33.2037148337 33.7976290463 33.4871155477 33.8471510284 34.3439812402 33.5774676483 33.6894175318 33.2951555701 34.0751775364 34.1350821893 34.3963498724 33.6555166 34.0631947514 33.7605350032 34.0107434623 33.3014043765 33.3594055227 33.8095871833 34.0768986835 34.4016262754 33.1679487 33.3127513903 33.5047980794 33.615770648 83.1504575083 83.1504575083 83.1504575083 34.3725962194 33.0738682975 33.3522588755 33.0567574428 33.5580557275 33.8895337856 33.2499715286 33.2212665866 33.5880680338 33.7734092935 33.9296463226 34.3330183479
34.1663879913 33.1433825787 33.8940481222 34.3095697327 34.1867222436 33.6625675718 34.3094117192 62.5187084307 62.5187084307 61.368592796 51.7339549135 33.914883484 45.1113918906 64.5937747412 33.534380695 64.1154253001 33.7793359155 34.1187644522 34.1071933073 33.8826425395 34.1674691873 33.1471727853 34.1220663844 33.839171646 34.1499715473 34.1035372492 33.0427231015 33.0042742705 33.0337850422 34.0077342293 33.5682435015 34.3410807614 34.2458929315 34.4135457328 33.2180255652 33.2429372891 34.1658705723 33.5835830068 83.1504575083 83.1504575083 83.1504575083 34.229852717 33.4669105721 33.9209495547 50.7724812648 33.878297089 33.2844643865 60.2570464338 33.2995353211 48.5550935229 63.6726135787 65.428655585 65.428655585
34.2388825461 33.500864871 33.5308898552 33.9719207605 34.0712183877 33.2868152534 34.1708998219 62.5187084307 34.163407887 57.8049242112 51.7339549135 45.1113918906 45.1113918906 64.5937747412 64.5937747412 33.080086693 34.2032897858 33.2142529247 34.1627729951 66.4651054665 42.8166927035 33.232896001 33.5666868794 49.7493954514 59.6753158005 49.7493954514 33.6841713778 33.7829114337 33.2871828497 34.2090217627 33.5966467113 33.0510400314 33.160896636 33.2807560949 34.3440518905 33.9437348655 33.1383603429 54.9369253992 57.8167368396 47.7669838123 47.7669838123 58.6013512354 66.0008865064 87.1081326794 71.2752568565 71.2752568565 33.8340312614 33.3584243479 33.2145493359 48.5550935229 48.5550935229 65.428655585 65.428655585
33.147291355 33.5178158549 33.0322007088 33.9077813137 34.0920338349 33.1796338408 33.0176458429 34.3918849166 57.8049242112 33.3827512055 33.0800556659 34.3823245601 45.1113918906 64.5937747412 33.3024250638 33.4432589886 51.2897422454 51.4147808693 51.4147808693 51.4147808693 68.4403793352 62.6291486825 60.6667701289 59.6753158005 59.6753158005 59.6753158005 60.0777417938 33.3974765686 67.9965522316 51.3487445047 50.9285777426 53.5903365676 53.5903365676 33.9647713517 47.6054475849 33.8237482697 54.5317161362 54.9369253992 54.9369253992 47.7669838123 47.7669838123 58.6013512354 58.6013512354 33.0843818818 71.2752568565 71.2752568565 33.5081658394 60.2570464338 34.3328965119 48.5550935229 48.5550935229 57.9141516687 65.428655585
33.2149501911 34.1386294869 33.0650338424 33.7858507622 34.376266465 33.5835402215 33.956882204 34.1902677639 57.9257584134 33.1905832293 33.2334881041 33.8270011501 33.6151775949 34.0153813665 34.0589284785 51.2607860462 51.2897422454 33.3127938629 51.4147808693 42.8166927035 68.4403793352 68.4403793352 72.3721618576 72.3721618576 72.3721618576 60.0777417938 60.0777417938 60.0777417938 67.9965522316 67.9965522316 58.8673153708 53.5903365676 53.5903365676 54.8690928237 47.6054475849 47.6054475849 34.3492260302 54.9369253992 54.9369253992 54.8572317909 54.8572317909 58.6013512354 44.6509368013 33.676431907 50.7724812648 33.6884324876 33.8140123237 34.3762423619 33.8982795115 34.3730244872 33.7708997797 34.3496223475 33.3549022718
33.9527135893 33.6389949041 33.342040753 34.0372181009 34.0151394779 33.433014393 33.4949502052 33.6062988836 33.6890532397 33.8528453573 33.800698939 34.3696515527 34.1734996968 33.4407431951 34.3270650484 33.3015811206 34.2236790067 33.0638319282 33.153770267 34.1669450526 68.4403793352 62.6291486825 33.9754515056 66.3723510139 66.3723510139 43.7330721379 60.0777417938 34.2381423697 67.9965522316 52.9231101796 52.9231101796 52.9231101796 54.8690928237 33.1954099255 47.6054475849 47.7427414383 33.2275450444 54.5317161362 54.8572317909 54.8572317909 54.8572317909 33.3108946735 34.2807876548 33.2844000231 33.9902462569 33.3375642682 33.8505529746 34.2595499836 33.8655818214 34.1655676498 33.3296920337 33.9111880525 33.5823763684
33.0642730804 34.3241252057 33.9988163843 33.4723198692 33.8151855657 33.6482688279 33.0973605942 34.413446802 33.5594888855 33.5203795581 34.2123243707 33.5940993212 33.8917108975 33.4438955592 34.3238566023 33.3225132954 34.2166377518 33.261497912 33.9329408393 33.8223519346 33.7157159587 34.0501371428 33.212239855 66.3723510139 66.3723510139 66.3723510139 33.083422363 33.0016633207 33.4987212402 73.780897931 52.9231101796 52.9231101796 67.4971588717 34.3629813228 33.2747828815 33.3645584113 33.8500614492 34.2358676477 33.7685333012 33.6856570884 33.0452223194 33.4303289637 33.1000776067 33.0671538099 34.1709900764 33.3752834507 33.4299119454 33.8738684266 33.84850245 34.0879636569 34.3984244664 33.1316921537 33.8372570164
34.201424194 33.8706733441 34.0764964942 33.1787664513 33.8708545375 33.3870405506 33.2966054393 65.7444093829 65.7444093829 65.7444093829 33.891456557 33.9559584216 34.1198265065 33.2791661816 33.6945159919 33.7403142851 34.0280518587 33.8771220764 34.0396912187 33.2323799935 33.8157674536 33.9826403324 33.2365919749 56.6436268402 66.3723510139 33.6748324687 33.9865818285 33.9144839441 34.1678548668 34.3300340049 34.1866830708 34.2191878273 33.9763679849 33.8829222586 33.3046620538 34.2636752942 33.3795487957 33.3452968565 33.6726828366 54.1578138837 33.5135509508 33.6283270564 33.4084650316 33.0265523162 33.9383014765 33.4224690138 33.8588249458 33.9567900726 33.4157140863 33.943385469 34.1390851912 33.1585229079 33.3909487018
34.3599330842 33.2218707236 34.2658913865 34.0987406495 34.1950265644 34.2106953972 33.7306696665 33.1333945293 65.7444093829 65.7444093829 33.7798646356 33.1756879105 33.4319292976 34.2123494021 33.1997220484 33.354792621 33.0968473242 33.012040114 33.9410435468 34.3835139842 33.2180648642 34.1693321933 56.6436268402 56.6436268402 56.6436268402 56.6436268402 34.3296984496 34.3701763882 33.8657780513 33.2638498743 70.6728743644 70.6728743644 33.831597501 34.1385432833 34.0198628813 33.3569199324 33.5325065425 33.5380275894 33.2660077444 33.9924134619 45.9857896834 34.308531051 33.8034221624 33.1079348987 34.0234954218 33.1764481917 33.5662201764 33.3126624397 34.1901547807 34.097126555 34.1031968912 33.3017093009 33.31067979
33.496409455 33.432272167 33.9413266171 34.1574998973 34.201624026 33.6928221847 33.2852655087 33.7512766687 34.1874487751 33.773177805 33.2528703836 33.0222416874 34.1507116266 33.3075233495 33.9906164617 33.1691499224 33.6447770517 34.2212837941 33.7585336275 33.463171067 34.3627314728 33.8296962754 63.7855204693 63.7855204693 63.7855204693 63.7855204693 33.59593825 33.9372510729 33.507170877 47.8525976129 70.6728743644 70.6728743644 70.6728743644 33.7232257843 34.1190632776 33.9436444417 34.3217010257 34.12044948 34.1988474434 45.9857896834 45.9857896834 45.9857896834 60.9980931514 33.5376586907 60.8792854576 55.8870136633 34.2520186097 61.9675584164 33.6060974885 55.4241488665 34.1949216379 33.9996524365 34.0867965863
33.7639141976 33.998124042 33.3875604111 33.3947605063 33.1222850911 34.1731924104 33.2349245692 34.1807858713 33.0031076969 33.9066727895 33.3023976587 33.5478107068 33.4151247351 33.2420132946 33.4175620186 33.978241215 33.7473421652 33.2293818068 34.278354568 34.4140714685 34.3323587136 33.2463076739 33.2369334075 33.3405968236 49.1708039404 52.2862475567 33.9477791325 52.8927407388 33.491778632 55.6169447556 52.9761276867 52.9761276867 50.5394558646 53.5209255599 64.9908945593 64.1331466285 33.1168458081 34.0484824914 33.3248867288 33.6112704633 72.8010602005 53.5555798218 60.9980931514 33.1057108932 55.8870136633 55.8870136633 61.9675584164 34.2186829301 55.4241488665 55.4241488665 33.9669259209 33.8586954646 33.0673714395
34.2974213526 33.329004872 34.2024981041 33.1144495001 34.3621054294 33.8352415086 34.3763745882 70.1297112778 84.5290555638 62.9608983577 58.4893593478 58.4893593478 53.244651366 33.73980782 33.1589097177 58.4045502432 58.4045502432 67.8457279897 33.1932132664 33.0983405837 34.3268592433 33.5018805137 65.8745762557 65.8745762557 49.1708039404 52.2862475567 52.2862475567 52.8927407388 55.6169447556 55.6169447556 52.9761276867 52.9761276867 62.1761470519 64.9908945593 64.9908945593 64.9908945593 33.4863309403 33.0766118302 61.584871661 72.8010602005 72.8010602005 72.8010602005 60.9980931514 33.9305173301 55.8870136633 55.8870136633 33.5981517076 61.9675584164 33.3759324676 55.4241488665 33.2944244227 34.0499788175 33.0057353385
