Spatial_Output/BAU/BAU_0278.asc
NCOLS 155
NROWS 192
XLLCORNER 196769.923733
YLLCORNER 449719.875193
CELLSIZE 27.603701
NODATA_VALUE NaN
[rows 69 to 91 of 192, columns 53 to 105 of 155]
44.7346811669 45.0686658006 45.129512159 44.9424262416 44.5642387282 44.60533149 50.4977800682 50.4977800682 50.4977800682 44.7013149026 44.5235616406 44.6600906472 44.7760997952 44.9604310782 45.1399527065 44.7750437561 44.8477830391 44.8374834343 44.6186475211 44.7217278982 53.8223090167 53.8223090167 52.8216824135 52.8216824135 63.3664979042 63.3664979042 45.1500838791 44.7183433178 44.9057568023 75.125711631 45.0033194043 83.9247061775 61.0205175118 61.0205175118 61.0205175118 66.3142411148 44.8572613226 77.4530327203 77.4530327203 83.6844405231 83.6844405231 44.8498739202 45.1152693292 44.9258439298 45.12829402 44.9484079958 44.8541955298 44.6213249133 44.7705581261 44.5824578548 44.5356444048 44.7260007436 45.1356950912
45.1515266722 44.9955616843 44.9647403077 45.1187723064 45.2067649896 45.0415950783 44.5190006377 69.4201051462 50.4977800682 44.7725398564 44.7350665669 45.1551051785 44.848718144 44.9055347812 45.1116098488 44.7159511203 44.7348549321 44.7358678403 45.0290579725 44.9654753674 44.86460263 44.7669878083 52.8216824135 52.8216824135 63.3664979042 63.684633234 63.684633234 56.646445458 44.5653357201 44.5030620027 83.9247061775 45.0405937631 61.2555795774 61.0205175118 61.0205175118 45.0231088472 45.1242983068 44.6292254639 44.6905048282 45.0067624948 44.5002411627 44.7827683479 44.6747174726 44.9293892691 45.1662662088 45.1184477265 44.8851250045 45.1499262198 44.7941967847 44.6436589338 44.6463386053 44.8072806886 44.9283107927
44.8952300174 44.9399055845 45.1064765561 44.5319840179 44.7223662013 44.9686753745 45.1866155228 67.0642941945 67.0642941945 67.0642941945 44.8013512347 45.0710244291 44.9646422401 45.1651255157 44.8984475221 44.5324135064 44.7339458159 44.871388337 44.5635068674 44.9848410476 44.9441856533 44.5771493902 44.8265894739 52.9662385075 44.6894795224 45.2051307346 44.8040719352 44.6324091144 44.8238448889 44.8647045208 45.125749701 45.0810744085 75.9032636826 75.9032636826 75.9032636826 45.041312241 44.8791256944 45.0427091628 45.0994476017 45.0526257504 45.0605574383 44.9836064564 44.8208941145 45.1763347612 45.1609766897 44.537756675 44.6627474346 82.2583948819 44.8952121754 82.3195751889 44.6208086903 44.532854639 45.1442048875
45.0331902769 44.6556471271 44.7168102999 44.7382540963 44.611281095 44.6346902235 44.8853303095 67.0642941945 67.0642941945 44.8242907736 44.812851844 44.9104372896 44.919433717 44.5252183836 44.6496638052 45.1658469809 44.8099966387 44.780189102 44.9106311354 44.689904597 44.9943017067 44.7139233572 44.6810188219 44.9286181274 44.8190488179 44.9432381868 44.519039184 44.9220382458 44.9704531809 45.0518101765 44.979037665 44.6761826802 75.9032636826 44.5682111669 81.8461246453 45.0952588617 45.0465197154 44.7586254126 44.5779489666 45.0236422489 45.0028756692 44.8667559273 45.1616748304 45.0313864197 45.0967383729 44.7414337743 82.5284861686 82.2583948819 82.3195751889 82.3195751889 44.5255952662 44.7136442869 44.6550906472
44.7648886576 44.7368514242 44.8801480323 45.1774639954 44.7852456961 45.001481414 44.925040404 44.7555860785 45.1048893609 44.9307682123 44.7632903211 45.022051782 44.8091628139 44.5468366256 59.4180023384 44.8812423405 44.7460143523 44.6352641129 44.7601905242 44.7477815456 44.8456713992 44.7105176086 45.1135050884 44.6391424093 44.9913092229 44.5521062227 44.7966945452 44.566582794 45.1759641045 44.6459846808 44.5959988823 44.6927144798 81.8461246453 82.1810437598 44.5452639564 44.7790690697 45.0045613349 44.5316804365 44.9393647223 44.5594034203 44.5869002242 45.1747269997 44.6447954154 44.7447500951 45.0087040227 44.5264680062 44.704369957 82.2583948819 82.3195751889 82.3195751889 44.9583910057 82.6379155557 82.6877701912
64.8579626052 58.6785347165 44.6653337182 44.7865287379 45.10463684 44.889360983 44.5864133135 45.0948597752 45.0829389365 44.6774229276 44.9853322363 45.0065800193 45.0935138872 65.8596557706 59.4180023384 59.4180023384 44.6284393611 44.5602858295 44.7328661768 44.707591537 44.8113401977 45.0194861488 44.9871263261 44.6926698014 45.09293597 44.7507587065 44.8919251836 45.1752104097 45.1660208295 44.5821860365 45.1770892579 44.517594856 82.1810437598 82.1810437598 82.1810437598 44.6622552501 44.5812369242 44.8699089433 45.1960765974 45.0459877009 45.1210297905 45.0896494422 45.0459946355 45.1520277144 45.0148891607 45.0294799423 44.6876720624 44.631113724 44.6434561727 44.5938569722 44.5579634021 44.9005782487 82.6877701912
64.8579626052 58.6785347165 58.6785347165 44.6967953557 45.0539599683 44.8762552524 44.7581512235 45.1641303748 44.9780937259 44.5367140551 44.5540979408 44.5407703843 45.1115006157 65.8596557706 59.4180023384 59.4180023384 45.0796101559 44.5577204949 45.0327209013 45.0782173113 44.99691948 44.9369388739 44.641168918 44.8806174511 45.1218261701 45.0446261344 45.1002085824 44.8869707451 44.647354344 45.1165022958 44.979020998 45.0897100969 66.6793092141 64.7554773198 64.7554773198 45.033988599 44.9780403499 45.0146859661 44.8124344708 45.1200572505 44.8558363486 44.9814025676 45.1380837996 45.03499341 44.906369567 44.8840295948 44.6913050267 44.615631692 44.5761379806 44.9758072681 45.0896421411 44.9066208531 82.6877701912
64.8579626052 58.6785347165 44.5103162601 44.7132201081 44.8088086656 44.6601741661 45.0485907631 44.9821960924 44.672768385 45.1427699049 45.0829502379 45.0833975926 45.1814634744 45.2027534164 44.9488065774 44.9560637785 44.5876147074 44.652893775 44.7624141729 44.906185888 44.7273176691 45.1790774012 44.6422334501 44.8939309207 44.8425793109 44.8355426676 45.0869632922 45.1442283738 45.0454413242 44.7054352544 44.8390351242 44.9996209388 69.0699869178 64.7554773198 64.7554773198 44.6544283468 45.04728838 44.9690976172 44.6699186381 44.76043635 44.7189053504 44.7587329843 44.8194510571 44.7415584037 44.918601416 44.64479688 44.5878766936 44.885785725 44.8367432256 44.6861090097 45.0158600491 44.701926541 44.900823955
45.1139228104 44.5014680326 45.0415138549 44.7510615609 44.8933759879 44.8114852114 44.8517729609 44.6176749105 45.0899884151 44.7218893065 44.852250022 44.7218886514 44.589156486 44.8404824546 44.5605672422 44.9563358271 45.1447409878 45.1170447348 45.0696619663 44.6417865477 44.9137876616 44.6474356678 44.7567766105 44.5097255435 45.1530430512 44.5778966323 44.9049312766 45.0628070146 44.6880214698 44.52049519 44.8672864816 45.0768310022 45.0317754219 67.1158799994 45.0402648011 44.7876715341 44.5238516909 44.6113176236 45.1571768863 44.6608204864 45.0293599541 44.5486375447 44.868244083 45.1659171793 44.5412855044 44.5445749205 44.5595186698 44.9753780226 44.7928881239 44.5235267136 44.8409396128 45.1593499929 44.8826296127
44.6848364981 44.5107844387 44.6951760409 44.7959272678 44.6592522361 45.1087474358 44.8572550166 44.5185216553 44.5124359552 44.8746564587 44.9930507837 44.6757292732 45.1449331289 44.9676061788 44.542658375 44.9621589759 44.6155551356 44.5138467746 44.9022504757 44.6722937702 44.8609151951 44.5260642219 45.0939176043 44.9919101841 44.9489258218 44.5646085544 44.850859834 44.8401209902 45.0695909942 44.6884495063 45.1611453425 44.8755009511 45.0182285916 45.1405118686 45.048133239 45.0087034885 45.1954869798 44.6334119662 45.0993771443 44.9972052074 45.0256016467 44.8601376724 44.7289513121 44.695545776 44.637088848 44.775881834 45.0541624482 44.5854752943 45.1719059543 45.0123089269 44.5388213722 44.693407317 44.6454126965
44.7442280708 44.9230881617 45.112250043 44.7923617732 44.7549032157 44.9993917631 44.8716548916 44.9309706659 44.8566058459 44.6847406626 45.1555379384 44.9193495753 44.5273660336 44.6014069382 44.5979668337 44.8584906903 44.6372919277 44.5104074765 44.8747329495 45.0981293441 44.9426300949 44.5974542819 45.0212482316 44.8307105748 44.8474456559 45.1571531603 44.8614050063 45.0062158571 44.957311904 45.0107983317 44.7569494071 45.0469086909 44.8423792589 44.7101913987 45.1763031495 56.0800503384 44.8881929732 44.8219296242 44.7229922156 45.1655190734 44.5494838292 44.6755901981 45.1373787678 45.1311176992 44.5777588845 44.7427012475 44.8718719492 44.8546092286 44.7573291629 44.8502472546 44.6863944191 44.9340204999 44.654201909
45.1744440957 45.1176468672 44.552885001 45.1097366753 44.6338810114 44.8282631693 44.9865250674 44.6563402881 66.853801067 44.5979697754 44.8156967634 44.6077764935 44.9785943228 44.7065015991 44.9982436571 44.6742392377 45.0775346918 45.0406141773 44.9703946923 44.5311466206 45.0171932981 44.8671698501 44.6809952413 44.5390299301 45.0402268833 44.7276786855 45.0366913119 44.7155237933 44.8447961908 45.179275817 45.1110113542 44.9167549352 44.590524997 44.8509751437 45.0478023113 44.8241552178 44.7265989392 44.7335605885 45.1396242808 45.1802213024 45.1504682004 44.8050068046 44.5597959174 45.1377749564 44.7118957141 45.0879041957 44.6143115682 44.5901332974 44.6434127914 45.037685746 44.6628843375 44.9788978148 45.1345037941
44.8414295886 44.6696678724 45.1636839205 44.734601964 44.5312356713 44.8794848557 45.1884849008 44.9515242692 45.1149597523 68.1737136253 44.787760925 44.9421622034 44.718546439 44.8520342388 44.9106339007 44.7896920887 44.8300978336 44.9188400433 44.7698572576 45.0214499561 44.9219264583 45.0846470183 44.9395625087 45.0432135497 44.5014094515 44.8463860034 44.5789086175 44.5729482033 45.0162427031 44.7959438837 44.9944265852 45.2039748615 44.9410350136 44.8211560658 44.8838011444 44.7675601503 44.5493455116 44.5415157307 44.5674171414 44.6924565099 45.087542944 44.5483334664 45.1185018995 44.8216296575 44.9992330927 44.6760173878 44.5908725963 45.1220129454 44.7698584046 44.8998438751 44.6229826633 44.7514968808 44.956997721
44.9768306434 45.1487404987 45.0981005127 45.1506168723 44.546540647 45.0548044743 44.5928922219 44.6644394721 51.1472060419 51.1472060419 51.1472060419 44.5475639401 44.5560277555 44.5694653596 44.8923775074 44.8880186048 44.5769748455 45.0029177738 44.7653964818 44.9059245207 44.6239637236 44.6110297754 44.8123691314 45.0284957663 44.747558987 44.6352446543 45.0002128994 44.9096970824 44.9047904907 44.8589555614 44.5251402471 44.9244554483 44.6624964369 44.5891048746 44.8591113719 45.1307587233 45.0648511516 44.7190215956 44.962113343 44.7170975512 44.5622911304 44.9063443347 44.7993771914 44.7591340349 45.0591478326 45.0428603338 44.9580727082 44.7340380602 45.0353091435 44.5253453664 44.6852594913 45.2016321009 44.6909892068
44.5127273941 45.0471681208 45.025694398 44.9842218021 45.0843250676 44.6456847654 44.6074422936 44.9399438754 51.1472060419 51.1472060419 51.1472060419 44.938503783 44.5190600291 44.9617412484 44.514503652 44.9673381436 44.5443403286 44.7919783092 45.1674776355 44.9663586561 44.6973743276 44.8625070052 45.200667045 44.6723188193 45.2019207931 44.509571794 44.5813818953 44.8241409092 44.5288491775 44.7767670105 44.6498773408 44.8270637321 45.0924789627 45.1118118615 44.7086802985 44.9304987418 69.3168765082 44.9204756583 45.1640011363 44.9227219935 44.7955153462 45.01226068 45.0443293812 44.9031317667 44.9441364342 45.0570845153 44.5067222164 45.1318818652 45.040439344 44.9346991348 44.7936042738 45.1391578051 44.8776782701
44.9262378497 44.6524872471 44.5549627372 44.5848613901 44.7730201972 44.7819258341 44.9401702625 44.9944652472 59.2313132273 59.2313132273 59.2313132273 44.6365738421 45.1567310357 44.9958982097 44.5196340703 45.1386307885 44.5265435389 44.9898615429 44.7725207703 44.6311205732 44.7814448308 44.9145495945 45.0122760224 44.671897269 45.1513597256 44.660484397 44.556915304 44.7923239073 45.1039221097 44.6299503436 44.5930584067 45.1032414628 45.0683016449 45.1271824752 45.1154686655 60.1149971608 44.851659271 44.6222501825 44.6081805398 45.0401572963 44.952153809 44.6336162195 44.8425889516 44.7969223863 44.8276057902 44.8583359262 44.5210136611 44.5845430165 44.5172915313 44.9683431411 44.5629197447 44.6665293068 44.5108199429
44.6161739588 44.9126238243 44.7720263535 44.9751458833 44.744574658 44.7966115787 44.7046255278 44.6335214657 44.7008357927 81.4983276506 45.1013503322 44.9808716438 45.140569523 44.9845973458 44.8872262633 44.9616653185 44.761819478 45.0627212773 44.6171421666 45.0694720058 45.0856425211 44.8614263823 44.7708885265 44.9218741949 44.9010181932 44.6883335861 44.9899232268 44.9119920077 44.9130170336 44.5113645054 44.8823821455 45.0680551492 44.8596385322 45.1847466289 44.8321928856 60.1149971608 45.1932584706 44.7973297761 44.7406209001 44.7355944501 44.6852938842 45.1782143236 44.871975859 44.6218284795 44.7777329653 44.8117917057 44.7640923589 44.8120235127 44.7606446521 44.591332279 44.8216591011 44.5010310538 45.103646856
45.1773794399 45.1778543682 44.6015576727 44.6258932307 45.1384904921 44.80145875 45.199498152 44.726372101 44.8908946322 44.7969110201 44.8512064986 44.7788892008 44.8883782853 45.0168865419 44.7606649332 44.802048098 44.948576618 45.2031026049 44.5821852911 44.5856262117 44.7966441905 44.8656430132 44.8298000085 44.947028166 58.1703962791 58.1703962791 44.6125863249 44.6019136016 44.5063067727 44.7325474037 45.0729012368 44.9975548868 45.1363908601 44.8395747649 44.5977449828 60.5249861264 60.5249861264 60.5249861264 44.8338617421 44.943847331 44.9124224677 44.655878352 45.0490397382 44.8753590391 44.9052391675 44.9776010113 44.6320837665 45.1328581278 44.7242867717 45.1634140542 45.1256442562 44.5694061159 44.5970188476
44.5288382636 45.1667474038 45.180484779 44.5441976846 44.5475562503 44.8326461024 44.9347642393 45.0352862075 45.0429072811 81.8598910403 44.8533771254 44.5654264137 44.8422065646 44.6413265535 44.8653579767 44.6076129149 45.0493645662 45.1109309697 44.9648773085 45.1855009359 45.0142621738 44.7641381765 44.530377224 44.7385413324 44.9943338194 73.1874248992 44.6190717851 45.1129261621 44.5024931137 45.0861986764 44.8286570203 45.1316698087 44.71428191 44.5031341915 53.0713402716 60.5249861264 60.5249861264 60.5249861264 67.6590909993 44.7165656738 44.8160311688 45.0646065825 44.8934148163 44.8403033175 44.6291756904 45.151896669 44.5720981898 45.1619192669 44.5263769287 44.7019312253 44.5681896518 44.9848268295 44.5487167801
45.1542193853 45.016684026 44.5125756152 44.5479565217 44.7808599216 44.9688556077 44.8038153599 45.1659239157 81.8598910403 81.8598910403 81.8598910403 44.9565700546 44.5439549625 44.5540698592 44.7521240213 44.9806187442 45.034798245 45.1653239977 44.8348765341 44.6596841434 44.9332564152 44.996437909 44.5642964451 44.8360638003 45.0961306257 44.6910007227 73.1874248992 72.2145898552 44.767658097 44.5390543731 45.1418244744 44.7782713241 50.3223114106 50.3223114106 53.0713402716 50.4331086585 50.4331086585 67.6590909993 67.6590909993 44.776813755 44.7793404975 44.6795093022 45.0754631013 44.9481646569 44.9333509122 44.5864787447 44.9768446744 44.8303176576 45.1548303954 44.600837659 44.7613875813 45.1680967862 44.8296794084
44.5768865412 44.8832109126 44.8644392244 44.6889000437 44.5283786087 44.6105016739 44.8525144845 44.6040836422 44.9166226777 81.8598910403 44.7174230078 44.6191828246 44.7241482758 44.6229664136 44.6657221734 44.53590698 44.8249373054 45.0316427234 45.0121512972 44.9938399035 44.8547698795 44.795227978 44.7951648697 44.8220642043 44.505650854 73.1874248992 73.1874248992 72.2145898552 44.9101143421 45.0533839933 44.6114617152 56.2703031614 50.3223114106 50.3223114106 53.0713402716 50.4331086585 50.4331086585 67.6590909993 67.6590909993 45.1849283291 45.0545568837 44.9210059175 44.6454970983 44.6389501884 44.8825271423 44.5398185673 45.059454762 44.9046807046 45.0647295017 45.1305318868 44.8719869723 45.0267145464 44.7382699617
44.8576457747 44.6528794228 45.0191356754 45.1513979804 44.6893386196 44.8703376338 44.6957665827 44.9538005887 44.6774230943 44.797360566 44.7721280423 44.8415088769 44.9763363195 44.5355601662 44.6045553795 44.680292243 45.0229308293 45.0360247981 45.1370031149 45.006720716 45.0079266417 44.5708901224 44.6860239882 44.7456915351 72.5089151236 44.9243368006 44.79968369 44.7352753652 44.8093943262 44.9975112308 44.7520534411 44.8681361405 44.7099810116 44.7419824435 44.9248958043 67.0372454707 67.0372454707 89.9149299745 67.6590909993 44.587658887 45.1637700047 44.5881235105 44.720135001 45.1581139829 44.9525977661 44.8526353854 44.5527925695 45.0630610689 45.2016213692 44.688723658 44.9966024455 44.5833660365 44.6305390943
45.1750340887 44.8822494882 45.1630772922 44.9019246825 44.8636160123 44.9134019839 45.0135099648 44.6878248993 45.1908404734 45.0444255783 45.1669262266 45.1468436482 44.6698100015 45.1456290938 45.1944879514 45.133892833 44.7616993994 45.0895781685 44.7541555417 44.5187511743 44.8320373665 44.5719625474 45.0010566423 72.5089151236 72.5089151236 72.5089151236 44.619594439 45.1038627307 45.189830572 44.7114276989 44.5496321523 44.8477914827 44.8587216374 45.0565265986 44.6389559814 45.0503537869 45.1810891636 89.9149299745 89.9149299745 44.5307519063 44.714747216 44.6583405585 44.6513120639 44.9617404746 45.1340415547 45.0960095736 44.7835851646 45.1501784111 44.5087966465 44.7397364504 45.1028724432 44.5192676472 44.8996252986
