Spatial_Output/BAU/BAU_0169.asc
NCOLS 155
NROWS 192
XLLCORNER 196769.923733
YLLCORNER 449719.875193
CELLSIZE 27.603701
NODATA_VALUE NaN
[rows 46 to 68 of 192, columns 0 to 52 of 155]
45.0218308792 44.7625678927 44.9045918608 45.1829991637 44.8244346749 44.7380240198 44.992030896 45.173431523 45.0871919049 44.5512023472 44.7077245432 45.0532892217 45.1490380071 44.5093886104 45.111084357 45.0099596288 44.6833580052 44.8513786999 44.9138245592 44.5974477155 44.9533087022 44.9746568234 45.123057095 44.5047850378 44.6033470554 44.6386523479 44.6654271295 44.7746100606 44.5427863163 44.7906250465 44.9795568578 68.3407206312 68.3407206312 68.3407206312 88.8219539805 44.9430569305 44.5525319407 44.958555427 44.9605374647 45.1357612495 44.8332196515 44.800807953 44.6006916355 44.5801704567 44.9271443623 45.0319085346 44.5753881812 44.675977896 44.7007854612 44.6692568773 44.6546035571 44.9815489651 44.8492175652
44.895541894 45.0598201077 44.884014856 44.6154613914 45.0385987074 44.9571511017 44.9258882374 44.8869189993 44.9254528258 45.0615146349 44.6076355392 66.3397108173 66.3397108173 66.3397108173 45.0875021442 44.5959563799 45.0014498914 44.9988686109 45.2046946481 44.9069023622 44.5626845754 65.0262026071 65.0262026071 44.8777184322 45.1732104345 44.958467695 44.5394515192 45.0453461992 44.5418102098 44.9923777783 44.6531090383 66.3437488154 68.3407206312 68.3407206312 45.0264351872 45.0690875957 44.9014595536 44.6196351292 44.568452287 44.9833314938 45.1493894398 44.8991263132 44.8576438748 45.09537775 44.5184108682 44.7294943431 45.1616527771 44.955480233 45.072246288 44.5316340793 44.8232462587 44.571593953 45.0197652039
44.9653227999 44.9994792048 44.7827334603 45.1252244196 45.1894858696 45.0029746892 44.7625367974 44.5944237285 44.5459992074 44.5220417468 44.5507332685 44.663417593 73.0375746822 73.0338516197 73.0375746822 44.9613469627 45.2035717062 44.8304251508 44.6837512378 44.6977126454 44.5290472083 44.7511299034 44.8736867183 44.9389785084 44.8824337602 44.8262937278 44.6935138618 45.1760946155 45.1301484251 44.5280720286 45.0526433144 44.9218227306 76.4607428294 44.547430822 44.7308894686 44.9745251851 44.7117657319 44.9569619198 44.7956980891 44.5634100491 45.1569120467 44.5124464053 44.6637327159 44.7507424656 44.8882293966 44.7249794548 44.7940162543 45.0146213607 44.6610593345 44.6985988031 45.1931450761 44.8711313378 45.1877175933
44.5480822659 45.0044811337 44.6091309029 44.9027123217 44.7245705478 44.9541776536 44.8102789906 44.8169587028 44.6538285531 44.955018151 45.0436686362 44.5821456101 44.7101702649 79.8642417726 79.8642417726 79.8642417726 44.835797386 44.9821321237 44.8824198654 44.6383691561 44.6287786284 44.8530109554 44.9096540743 44.9872923586 44.7388317764 45.1908339116 44.5278783377 44.6781425958 44.880510929 44.8726244317 44.8669939222 76.4607428294 90.1768015932 90.1768015932 76.4607428294 44.9555283228 45.1357243176 45.1485100905 45.0980502473 44.5164286247 44.9784305234 45.1657297519 45.0628044078 45.1748488707 44.8199299072 45.1202705818 44.7072475025 44.7287248753 44.5112470372 45.0071039941 44.6032786553 44.7699419743 45.1454414491
44.5052318617 44.8576083454 44.9954436235 44.9790551685 45.1597838634 45.03814963 44.6099761156 45.1568010858 44.751450043 44.8996885815 44.7472123229 44.8224400764 73.0338516197 79.8642417726 79.8642417726 44.8197401322 45.1756532434 44.8677959376 44.9904581947 45.0748234173 45.0592667904 44.9886795714 44.6310402889 45.1318426179 44.9012789371 44.9628763794 45.1240277165 45.0629912956 44.5747243527 44.6234798338 71.1324656863 70.3031424919 64.5855548779 90.1768015932 74.372290879 44.8618822534 45.1183523857 44.6093354466 44.6976095861 45.1933839432 44.7785512873 44.9179221375 44.9954297504 44.6957958402 44.9913666685 44.5495305048 45.0363338282 44.7765050806 44.8400757625 44.7248045486 44.6443600875 44.7504080227 44.7000250159
45.1434399143 44.6261950232 44.6850026028 44.8346664733 45.0451001228 45.1088224571 45.0159888155 44.825510987 44.7504940122 45.1363857597 44.9088686542 44.5781409267 45.1758807671 60.3884952645 60.3884952645 44.5707974222 45.0097200484 45.045782788 45.0371320715 44.8074119884 44.8665899715 44.8088475008 44.8755914294 45.1558019712 44.9112314215 45.0367199222 45.0474369135 44.5739848941 68.6603781735 45.0168875132 71.1324656863 64.5855548779 64.5855548779 78.5492066448 44.9931175497 44.7920482054 45.1077565577 45.1789253381 44.8657684721 45.172067697 44.5374077204 45.1864851259 44.5110518914 44.5392475126 45.048639166 44.6734763206 44.8183598362 44.7828215785 45.0820364078 44.962983432 44.5730464826 44.6957262922 82.6165020101
45.0533832605 45.0706742745 44.7015583923 45.0400137353 44.705299 44.645714607 44.6883848532 45.1524213127 44.8390889791 44.5103264092 44.958731515 45.080218035 44.9087182531 44.7981332986 44.7016864807 51.0288763168 44.6890277419 44.9591010862 44.7938028715 44.9659277632 45.1213289207 44.5971508462 45.1081197452 44.8348346564 45.0202262937 44.7536902065 45.0459772386 68.6603781735 44.7673575542 45.1137868287 71.1324656863 64.5855548779 64.5855548779 78.5492066448 78.5492066448 44.792252618 44.6147981749 44.6046251852 44.5110031562 45.042033432 44.5108523201 45.1021378596 44.5099479601 45.1653936834 44.7940298956 45.0083217782 45.1565864075 45.0373223847 45.0713082723 44.6509508705 44.6191588922 44.758165395 45.1340843036
44.6473966732 44.6135684249 44.8123396177 44.8485310856 44.6597509929 44.7838800249 44.7036084161 44.8325118455 44.6656930163 44.6958080498 45.0773879085 44.5366618026 44.6475058747 44.7837108542 51.0288763168 51.0288763168 44.8235471645 44.7211532212 45.1169943949 44.8080071891 44.6859308453 45.0262658652 44.8967712202 45.1888069154 89.0282942861 44.5921628278 44.5338615249 44.9941326613 68.6603781735 44.5654889618 71.1324656863 45.0558236835 67.070810568 67.070810568 67.070810568 44.5772079376 45.1338158391 44.6018709534 44.8251746449 44.510588622 44.6162985458 44.9817308523 44.8270665487 44.8638557323 44.9210731358 44.9341261717 44.8775674778 44.9373645549 44.6993438831 44.867559258 45.1439088766 44.5909045546 44.9888036133
44.6018974659 44.9702621781 45.0983472562 44.8439259025 44.9201268254 45.1672711355 44.7256453915 44.5406343142 45.0174624857 44.7288604373 45.0761644255 45.0259903265 44.6510358965 44.7056077847 45.0614194232 44.7310949861 44.6460032812 44.6771958485 44.7284329701 44.919784406 45.179649451 44.8168269499 45.202674884 44.6446411991 45.0111322465 44.5707879141 44.7500295205 44.9771210561 44.5932993321 44.8595776513 44.8090110768 45.0157626095 67.070810568 67.070810568 67.0589879914 44.7097183414 44.6719049405 44.9959094021 45.1150707169 44.7650793895 44.71988002 44.5691478707 44.777435978 44.7715008337 45.1008203431 44.6189526903 44.7236375785 44.5468788343 45.189391707 44.9179650144 44.8746801579 44.551967449 45.2039337683
45.2023152045 44.9920247909 44.5912412704 45.1775001616 44.6609241469 45.0643391022 44.8709022542 44.5636287218 44.5480746475 44.7454038199 45.1387504502 44.8310375002 44.9257248598 44.809415849 45.0734400539 44.9787376037 68.0001457408 68.0001457408 45.0230566214 44.6355438516 45.0610139319 45.0656664492 45.1920655456 45.0215242811 44.9810279594 44.8265711666 44.954976 44.9350340032 44.5881374702 44.9821032233 45.0582020856 44.5333720014 44.8522025932 44.8224271288 44.7297276705 44.5359942132 45.0937723078 44.7207098821 44.9761261324 44.5561719296 44.5562160285 45.014099574 45.1730488851 44.7208122432 45.1445538341 45.0700122013 45.1898308185 44.7764695836 44.7655744324 44.5407780889 44.851486134 44.8546589309 75.8471040424
44.6608073314 44.8514693173 44.6598586357 44.916451084 44.8083633591 45.1359816046 44.5355066171 44.8446374782 45.1987916068 44.931699519 45.0241581116 45.1348780494 44.9918822891 45.0472630991 44.5061621575 68.0001457408 68.0001457408 68.0001457408 44.9435372031 45.087448559 44.9765956849 44.9206382579 45.0166528132 45.014145777 44.6209800127 45.0831674797 45.1793655989 44.8944767461 45.017544668 45.0388257861 45.0547660938 44.9143209318 45.158893312 44.6708474647 44.8371849055 44.5430954636 45.0428369169 44.9794613281 44.5070670092 44.8029385772 45.0951602988 44.9821027528 44.5545524806 45.0904690348 45.0598164588 45.1948791147 44.7958541752 45.1570405871 45.0062430664 44.5052559601 44.5273893052 45.1845909503 44.9906155723
45.0957027946 44.8453522015 44.7725174462 44.9444678708 44.9773183071 45.2026767605 44.5870774714 45.1532013044 44.875281111 44.9258066961 45.0762959272 44.7876807898 45.0294189441 44.8150192677 44.7175003519 65.1107295545 65.1107295545 65.1107295545 44.5676573524 44.6240837845 44.871887703 44.5591520995 44.6260991906 45.0879358016 72.2836532743 72.2836532743 70.27465962 44.5252005357 45.1866244559 45.1128711778 45.0912974031 45.0354537725 44.5625072696 44.6017773948 44.7778290687 44.8290841529 45.1668107177 44.6915457579 45.0384090421 44.7414126191 44.8332854339 44.6851822427 44.6160523022 44.9080508238 44.729858546 44.8750498493 45.1625473248 45.0932155695 44.7854244527 44.8608076558 44.7519116316 45.0327153662 45.1735947253
44.5055342466 45.0466069338 45.1335030308 44.8691962815 44.5751590454 45.0072717363 44.8191297428 44.9387434999 44.8705703084 44.5959204564 44.9016988712 45.0284932611 44.7606584273 44.8340199401 44.7754044786 45.1627719478 65.1107295545 65.1107295545 45.1635257056 45.012497977 44.8756917419 44.6281260779 44.6657597703 44.5791059763 44.8798591659 58.9383842943 72.2836532743 44.6123027297 45.0396366019 45.0871740881 44.6231389222 44.8648070119 44.7687389325 45.0244472707 45.0389298102 45.0835936312 45.0144978658 44.8591860767 45.0332367206 44.5288026582 45.0912188271 44.9306514064 44.6090315151 45.1124134367 44.5896496002 45.0926128683 44.8571084614 45.1034683002 44.9731850925 44.8091593232 44.8482851795 63.2900127991 44.8717449327
45.1893623381 45.1214837792 44.7314852714 44.9498423652 44.6471529339 44.6577776315 44.7531234235 44.7873015178 45.1718269476 44.7196751034 44.6087517654 44.6343886026 44.5666396181 45.1721023762 44.8473825504 44.6089669817 44.6444146363 76.2596701667 44.9586985294 45.079117687 44.8964787202 44.9846814147 44.6330282239 45.1476597892 58.9383842943 58.9383842943 58.9383842943 45.0288262294 44.5852704292 44.7408162502 44.5852172782 44.88509931 44.6938271497 44.8688735965 44.7044084962 45.1089703911 44.9202048746 45.0424834827 44.9100577103 44.7297415143 45.1786078332 44.7288647674 44.6300430183 45.1653389921 44.6161337076 44.8094591589 44.9640626966 44.7630111128 44.9068912617 44.5926523679 44.9399001777 44.5777435196 63.2900127991
44.5979174359 44.9158793296 44.9346988844 45.1595533893 44.5943759991 44.9082228109 44.6996078247 44.6289645255 44.8466516439 45.0171900461 44.8660736401 44.7447999042 44.8855265412 44.6523726928 45.0608894406 76.2596701667 48.300616294 48.300616294 48.300616294 45.2019055874 62.3383537556 44.7076203773 83.5172585387 45.0158042479 44.9784688301 44.5371154335 44.8152008179 44.8199428928 44.7815172484 44.652182899 44.9906614612 44.7558310636 44.9911985308 44.863172858 44.5234688422 45.171641519 45.2048539161 44.8836671503 44.631132731 44.5140711298 44.8478767311 44.7113817871 45.030796218 44.8069510969 44.9310502796 44.5564701862 44.8122382844 45.0043805304 44.7506918314 44.6611852294 44.6928968649 44.8552756361 44.8387990102
45.1822908562 45.1608309163 45.1778533996 45.0653256861 45.1797114178 44.5934455935 45.0269324597 44.7099817453 44.5634068825 45.1046641144 44.515324917 45.1476652549 45.1653352276 44.8076714987 44.6475814563 70.1638565921 48.300616294 48.300616294 44.9724494363 62.3383537556 62.3383537556 83.5172585387 83.5172585387 45.0235681452 44.8514319895 45.1957159868 45.205220502 68.6760253764 68.6760253764 44.7805910315 45.1117629354 45.1095287715 44.8309279443 71.4260199469 45.078515666 44.5767901548 45.0908399785 44.7201056188 45.0824404044 45.0243005683 45.2034169367 44.5794729768 45.1401006333 44.9089198334 44.5257234854 44.7626250777 45.1068102191 44.8868704307 44.8655487572 45.0615099784 57.5713054473 57.5713054473 57.5713054473
44.5031503149 44.9379388976 44.9447131714 45.0713137822 44.6685809903 44.7384957536 45.0078470962 44.844631102 45.0297804588 45.146927572 44.6538616457 44.8323075354 44.588285841 44.9864645285 44.6211971775 66.6231633719 59.2738192522 80.8342964026 80.8342964026 44.5480770731 62.3383537556 44.7395469851 83.5172585387 44.7178514812 44.94634006 45.0004357368 44.6255878198 44.6498784264 45.1094268735 57.7420673591 44.9685441218 44.8271427746 45.1471210064 44.6085074087 44.5724296529 45.0118772506 44.8966935923 44.6484257289 44.6505516905 44.9258060325 44.6086338116 45.0881893108 45.0187904331 44.6630660032 44.6327879059 45.1434441491 44.6331363166 44.8881635751 44.7616499949 44.9902460104 44.9955634753 57.5713054473 57.5713054473
44.8706556144 44.5177934347 45.1121361522 44.9383745464 44.9271993651 44.8247646929 45.0022056162 44.8593762551 44.7407787264 44.706221334 45.0981467652 44.7309171803 44.7908927277 44.8633798172 44.7467688955 45.0424442657 80.8342964026 80.8342964026 44.9978385223 45.0136087425 44.5935305688 44.8024093383 44.6038142735 45.0009667459 79.2834257054 79.2834257054 79.2834257054 44.7566105382 44.8456501589 44.6314033421 44.8435836023 44.9310852269 62.0291006742 62.0291006742 62.0291006742 44.7037968817 44.6092791916 45.0209981652 44.5482206828 45.145411906 44.502754807 44.7948631649 44.6162565253 44.7829109313 44.9798303915 45.1938630589 44.9037470071 45.1965352904 44.993186239 45.191256077 44.5610456169 44.6632499692 45.1777032346
45.0998625855 44.9838261517 44.7799919068 44.7919206091 44.5507429709 45.1649263246 45.1459585461 44.922642494 45.0444342387 44.9006725309 44.7747025942 44.6778571293 44.6866036885 45.1842247998 44.8547029405 45.0308472286 44.7952845168 75.2586837102 56.76662699 69.0179904562 44.5941801544 44.5719314444 44.7266710442 44.9355884792 44.6308513187 71.4536233735 79.2834257054 44.5965127163 44.5645695012 44.5914699287 45.1628203765 44.8585604767 62.0291006742 62.0291006742 62.0291006742 44.5960414366 44.6806398773 44.7055337087 44.8201087697 45.2045829018 44.8698249099 44.5728768558 44.5897731959 44.7610542702 45.0009719154 45.1982200888 44.6413927413 45.0914435326 44.7648603835 44.5220386892 44.6740886892 70.7654383918 70.7654383918
45.1394554909 44.8154249925 44.8377185118 44.9954889573 45.1587790621 44.8360966723 44.9005711484 44.797568899 45.1469579336 44.8880678496 44.6204116166 44.7787438508 44.6527711936 45.0743432074 44.7871409972 44.7985039666 56.76662699 56.76662699 56.76662699 52.1528713572 45.0170751933 44.694615048 45.0493049424 45.1383970132 44.9437493837 45.0505382236 44.5864104464 45.074253955 45.1497163805 44.9646324709 44.6239731938 45.1918505666 44.6661611101 62.0291006742 44.7805843039 44.6001533076 44.5713399363 44.9403707687 44.7680456683 44.7962462835 45.1658765165 45.1487461925 44.5119259784 44.5405680287 44.5369537297 45.0276480755 44.7845703208 44.949586347 45.1860951494 44.9732572947 44.6656469139 70.7654383918 70.7654383918
44.6768568525 44.9980038531 44.6549711645 45.1457222851 44.9728363871 44.9433385939 44.9511595888 44.9075411477 44.7927627718 44.5610256304 44.9387501216 44.5103775148 44.5574066608 44.6166320429 44.9152716154 44.6607904938 44.784882375 52.1528713572 49.1756016421 49.1756016421 49.1756016421 44.9540489904 44.562528148 44.5050031662 45.1012397717 44.5510391477 67.9094014938 67.9094014938 67.9094014938 45.0323575923 45.0649842465 45.2014531879 65.5745272346 65.5745272346 65.5745272346 44.5440139948 45.1972454451 44.5534079504 44.9081295536 44.5644408255 44.8351001307 45.1037641486 44.8597273866 45.1572845641 44.6195937293 45.1123992444 45.0199372427 45.1942966988 44.6193941603 44.8858940493 44.651793948 44.6636031256 44.7069700039
44.5398942255 44.6335547087 44.6118865117 44.6362022234 44.8267192311 45.0061764224 44.89561844 45.0899707405 44.534561399 45.1140644002 44.68765177 44.5440161117 44.6163508535 45.1405566184 44.7694799638 44.5127075291 45.0866784401 45.0610178557 69.6048049949 49.1756016421 44.9325510402 45.128399604 44.94453789 44.7906699822 44.712525435 44.868921769 67.9094014938 67.9094014938 45.0001109515 45.0278123046 45.203814007 45.1989060543 44.895494267 65.5745272346 65.5745272346 44.6898844826 44.5927692987 44.9385080519 45.033548093 45.0728335496 44.9654254417 44.8484201977 45.1198524671 44.6795072154 44.7819065629 44.5410480089 44.5715048827 45.1580181911 45.1571550487 45.1745627952 44.7590511892 44.668161266 44.5178506412
45.0410646653 45.1798000604 44.7865709716 44.7784319405 44.5353882786 44.976223546 45.0931174407 45.0949418852 44.7001351559 45.0921583025 45.0488942587 44.8135042283 44.6338096647 44.758997107 45.0289278551 44.9455527547 44.9296753935 45.0175673547 69.6048049949 69.6048049949 69.6048049949 45.0062442342 44.8851673168 44.8375885017 44.9116053243 44.6376841359 45.0381483634 44.875951528 44.6431498514 45.0380919586 44.8262543715 45.1016291885 45.1071010322 87.4279734612 87.4279734612 87.4279734612 44.5262075386 45.1984197215 44.7425304814 44.8305079929 44.7332155765 44.5926114757 44.7756705921 44.6846274416 44.8351076768 44.7018525989 44.6002372651 45.0104540222 45.1601004867 44.8466778727 44.5202041383 44.7789013092 45.1197471044
