Spatial_Output/BAU/BAU_1168.asc
NCOLS 155
NROWS 192
XLLCORNER 196769.923733
YLLCORNER 449719.875193
CELLSIZE 27.603701
NODATA_VALUE NaN
[rows 115 to 137 of 192, columns 0 to 52 of 155]
0 0 0 0 0 0 0 0 0 0 0 0 0 0 0 0 0 0 0 0 28.1290935863 28.1148322372 28.060891062 27.6559145215 27.8318413931 28.1350597872 27.943649198 27.8725680221 28.1946521556 27.8321508051 27.9680127692 27.7747858445 27.5625469648 27.9049540786 27.9537365665 27.959636788 27.9536778273 28.1870347367 27.7965901078 27.799974957 27.6002998552 27.7292200426 49.9768248297 49.9768248297 49.9768248297 49.9768248297 27.8962514503 43.1047551392 57.2934555084 73.9825302417 73.9825302417 55.401057501 68.7745434312
0 0 0 0 0 0 0 0 0 0 0 0 0 0 0 0 0 0 0 0 27.8102688382 27.9629577448 27.8175073502 27.724343917 27.9247964134 27.8161015634 27.7312147053 27.9021894968 27.6645143468 27.5046959102 27.7003481275 28.1834454957 27.8564356121 27.6388010399 27.6057988604 28.1833888429 27.5256738173 27.6974899183 28.0355729016 28.1948443895 28.1567777146 27.5803564079 27.9382813808 49.9768248297 49.9768248297 27.5484233718 27.6473701576 38.7050462704 57.2934555084 73.9825302417 73.9825302417 55.401057501 68.7745434312
0 0 0 0 0 0 0 0 0 0 0 0 0 0 0 0 0 0 0 0 0 27.6730271933 27.7171279788 27.5162770745 27.8849142277 27.8506642209 27.7837094075 28.1423383051 27.5597399083 27.76799627 27.5558787259 27.6289184645 27.8788953584 27.6989277817 27.7492669089 27.8444217614 28.0315849425 28.0060272419 27.6931812803 27.560188779 27.9236630727 28.1792009925 28.1352802339 27.8834868834 27.7390047524 27.925650126 27.5907762535 27.8809110052 38.7050462704 57.2934555084 27.8926561353 27.6921986749 27.7691799621
0 0 0 0 0 0 0 0 0 0 0 0 0 0 0 0 0 0 0 0 0 27.6903398419 28.1454758781 28.1548884986 27.9039479274 27.7973845858 27.6245483391 27.7679186921 27.8554069655 27.6208517566 27.7387467138 27.5635296282 28.1113818795 27.8086929432 27.9200873721 27.9300069617 27.9068584067 28.1162962989 27.9386759679 27.5246328716 28.0117548069 27.728462469 28.1066076526 27.905379267 27.5726911447 27.5045757717 28.0090286695 28.2065671749 51.8052954644 27.8629776034 28.1985949997 27.5431131122 28.0115273254
0 0 0 0 0 0 0 0 0 0 0 0 0 0 0 0 0 0 0 0 0 0 27.7040785108 28.0274163328 27.5319071178 27.807090963 27.8845668562 28.0235855286 28.0339647669 28.1292614874 28.1764832598 28.0365994465 27.7311629354 28.1874657864 27.9022984869 27.5595483033 27.7917708506 27.6827873828 27.6089595066 27.7584119492 27.5899632125 27.541328333 27.5440976913 54.8404767156 27.5225799928 46.3458885672 51.8052954644 51.8052954644 51.8052954644 54.7440084287 27.7447538116 28.1058775945 27.6888908797
0 0 0 0 0 0 0 0 0 0 0 0 0 0 0 0 0 0 0 0 0 0 27.5043570191 27.5120656717 27.5958446516 27.7746849072 28.094404542 28.0847016337 27.5429312357 27.6181866955 28.0601265743 27.8835316611 28.1757013426 27.8432773648 27.6299165391 27.9593424069 28.2064271868 28.0468180385 28.0641610055 27.7643518242 28.0272458486 27.5642001651 27.7454360225 52.8601228236 27.7950004904 28.1631299922 46.3458885672 51.8052954644 51.8052954644 55.8273401538 55.8273401538 27.8549151747 27.9171504215
0 0 0 0 0 0 0 0 0 0 0 0 0 0 0 0 0 0 0 0 0 0 0 27.8417408611 28.1844403203 27.7979890134 27.5478883531 27.9680727424 28.1767601294 27.9955350624 27.6605988469 27.6535576018 27.9447753274 27.5782794232 28.1804268225 27.6975196294 27.7388122417 27.635550229 27.7593053736 28.0701247908 27.7580935865 28.0271380269 27.7209655199 62.3013787612 27.8991876535 27.9476349168 28.1062618637 27.741624352 55.8273401538 55.8273401538 55.8273401538 27.5402315746 28.0334687678
0 0 0 0 0 0 0 0 0 0 0 0 0 0 0 0 0 0 0 0 0 0 0 0 28.2026544367 28.2055642149 27.6951890381 27.5490414239 28.0464885351 27.658080618 27.9245150928 28.0480654845 27.5496387361 27.9755891646 27.9506915846 27.8038649736 27.8414195066 27.5886033346 28.0449074354 27.6500505223 27.8436861666 54.1902492316 62.3013787612 62.3013787612 62.3013787612 42.0277880427 27.6991592698 27.6332599819 54.2971125111 49.1336613053 65.0155815917 49.1336613053 68.6050576802
0 0 0 0 0 0 0 0 0 0 0 0 0 0 0 0 0 0 0 0 0 0 0 0 27.7170704234 27.7279470958 27.7130208519 27.8570758221 28.1819856937 27.8432550692 27.848986025 28.0819705224 27.5259166988 28.0044597653 27.9888254514 27.7734491004 27.8079174299 27.8075256153 28.1806758267 49.1266972891 28.0481007284 28.177872869 46.4140613129 46.4140613129 61.0700663861 62.5158285736 58.1409678273 62.6391963204 62.6391963204 65.0155815917 65.0155815917 68.6050576802 68.6050576802
0 0 0 0 0 0 0 0 0 0 0 0 0 0 0 0 0 0 0 0 0 0 0 0 0 27.67037412 28.1423995228 27.6972959297 27.508016862 27.9133412178 28.097876795 27.8520478935 28.0695765286 27.8054375489 27.9395146622 28.1996818675 28.0230178041 49.9751805847 49.1266972891 49.1266972891 28.1154028327 46.4140613129 58.8711881941 46.4140613129 61.0700663861 42.0277880427 75.9216979553 62.6391963204 62.6391963204 65.0155815917 65.0155815917 54.4777126984 68.6050576802
0 0 0 0 0 0 0 0 0 0 0 0 0 0 0 0 0 0 0 0 0 0 0 0 0 28.1203692201 27.5955916911 27.7920579684 27.8182496516 27.9375204083 27.8770180544 28.1662244814 27.8169209859 27.8245411909 27.8345721244 27.5074388983 49.9751805847 49.9751805847 27.7578804448 27.5582135806 27.6204382004 58.8711881941 58.8711881941 58.8711881941 62.5158285736 28.1919983677 27.7471914089 62.6391963204 47.0215924816 69.3197704583 69.4690735926 27.8205393231 27.5587663251
0 0 0 0 0 0 0 0 0 0 0 0 0 0 0 0 0 0 0 0 0 0 0 0 0 0 27.7938631887 27.6474465191 27.6958487865 27.7240270241 27.6464003235 28.1541822625 37.1617070715 45.5363518669 45.5363518669 27.7576293837 27.6519191347 49.9751805847 27.8709106107 28.1844221087 28.1776389258 28.1781185547 58.8711881941 58.8711881941 27.5641358689 28.1608199446 28.1943085148 27.9182825392 28.0876211801 27.6452016341 27.863046444 27.7983106629 27.5814743902
0 0 0 0 0 0 0 0 0 0 0 0 0 0 0 0 0 0 0 0 0 0 0 0 0 0 27.9447219245 27.6861795617 28.0801434075 27.8630440709 27.8424885313 50.2156808922 28.1911017294 45.5363518669 45.5363518669 42.6436098704 42.6436098704 27.6250133113 27.9529650387 27.6647311451 52.4958812816 76.4373304969 76.4373304969 27.9697039453 27.8582004932 27.8559659555 28.086485522 27.7619285209 27.7337087005 27.5142300458 27.8055076642 27.6243124979 54.4435433879
0 0 0 0 0 0 0 0 0 0 0 0 0 0 0 0 0 0 0 0 0 0 0 0 57.3598654857 51.651103898 63.5798950602 49.6651286384 49.6651286384 27.6953513177 28.0449401594 28.1711551715 27.6068914414 45.5363518669 28.1707930582 28.1495020045 27.6112572994 27.7061944024 28.1694388064 27.5044536795 43.1762783491 43.1762783491 43.1762783491 27.7674240098 27.7690826605 28.1307523351 28.1281522137 28.0287331496 28.1546177019 27.5977633846 27.8986313651 28.0639696483 28.1063637062
0 0 0 0 0 0 0 0 0 0 0 0 0 0 0 0 0 0 0 0 0 0 50.5618813277 70.7943017217 57.3598654857 57.3598654857 57.3598654857 49.6651286384 49.6651286384 69.7451779016 28.1784767067 28.0883392832 27.6620034171 27.9388957356 27.7077894279 27.9100491272 27.7404461683 28.0851100354 27.5766245397 27.7624645224 54.9717778872 43.1762783491 27.6977646944 27.6868443587 27.5277916376 27.633071275 27.9873072468 27.5562514716 27.6439877923 28.1353109587 27.9718791765 27.7882978711 27.9242586266
0 0 0 0 0 0 0 0 0 0 0 0 0 0 0 0 0 0 57.8443683407 56.8358208958 48.9301530972 53.0526333172 54.0027235022 60.3169919903 57.3598654857 57.3598654857 51.651103898 64.0758170647 27.6055015918 28.1996964676 27.9562607249 27.5097498741 27.6577743605 28.0343783417 28.0640938011 27.6552195099 28.0045507411 28.1536308793 27.6185779497 68.1242396765 54.9717778872 54.9717778872 27.7337000059 27.5298965966 27.9174267881 27.5557725289 27.5260271447 27.5805004315 27.5054820592 27.5236891971 28.0469264701 27.8936072061 27.7914695019
0 0 0 0 0 0 0 0 0 0 0 0 0 0 0 27.1986244089 24.9516001391 11.5183021439 57.7077737075 48.9301530972 48.9301530972 53.0526333172 53.0526333172 60.3169919903 60.3169919903 57.3598654857 58.3494605592 0 0 27.5915798553 27.8220476174 28.1435909901 28.1391351546 27.8427616345 27.837191491 27.5430633598 27.7792949888 27.9118553279 27.9300106531 27.7446997485 27.698662488 27.6020660246 28.0640683423 28.100352805 27.8783705195 27.6128406637 28.080458501 27.9643839585 27.7887604622 27.9272285294 27.5516570788 27.9181577772 27.6572183079
0 0 0 0 0 0 0 0 0 0 0 0 0 0 0 27.4287981863 26.8953682467 18.7310322202 57.9389927237 48.9301530972 48.9301530972 48.9301530972 53.0526333172 51.2008914477 55.3990959979 49.6027948607 0 0 0 0 27.9284959826 27.7465933282 28.0723869304 28.1737189904 27.5121852083 28.1270301222 28.1866059905 27.8147257421 27.7079725451 60.4498457613 60.4498457613 53.1877718356 28.1298989296 27.7995889408 28.1948850602 27.5812309831 28.1617072482 27.7607192823 27.9716591459 28.1320044009 27.6476540107 27.8975827873 27.9493759124
0 0 0 0 0 0 0 0 0 0 0 0 0 0 0 18.4285127165 19.462147311 33.3698481015 57.9389927237 57.7077737075 59.1197682426 0 0 0 0 0 0 0 0 0 27.638551546 27.910891772 27.5855776493 27.5841697662 27.7030902022 27.9407280587 28.1779165251 28.142226688 28.0191765131 60.4498457613 60.4498457613 60.4498457613 28.1648599003 28.0344049639 28.0206181766 27.8423583195 28.0191201365 45.7499038957 27.5041140473 27.7292877355 58.2157531373 56.7679139206 27.8792044806
0 0 0 0 0 0 0 0 0 0 0 0 0 0 0 74.5833069874 66.7859887059 55.5845966615 48.3484232941 0 0 0 0 0 0 0 0 0 0 0 0 27.7906078742 27.9559259862 27.5933803546 27.9716919897 27.8135173053 28.1653285382 27.5142932373 27.6402346457 27.5754489447 28.0698616872 28.1095496093 27.5414452015 28.0292520989 28.1268719034 27.9452133598 27.9909449638 60.452613845 60.452613845 60.452613845 58.2157531373 56.7679139206 27.5411953512
0 0 0 0 0 0 0 0 0 0 0 0 0 0 0 0 0 0 0 0 0 0 0 0 0 0 0 0 0 0 0 0 27.733530616 27.7754716827 27.5074265504 28.1938846695 27.7803632634 27.5008115445 27.6516992038 28.0771346809 27.8224675047 28.16554419 27.5971195406 60.8325094852 60.8325094852 40.7660778244 27.7203400868 81.1778973471 60.452613845 27.6297748947 58.2157531373 56.7679139206 27.5180086949
0 0 0 0 0 0 0 0 0 0 0 0 0 0 0 0 0 0 0 0 0 0 0 0 0 0 0 0 0 0 0 0 0 27.5574021257 27.753454671 27.8022439233 27.568709641 27.946588572 57.5308425743 54.0038925931 54.0038925931 27.8779514973 68.9207214158 60.8325094852 60.8325094852 40.7660778244 27.8976309894 28.1907190002 60.452613845 27.548141744 27.8343682348 28.0273040729 27.6613976046
0 0 0 0 0 0 0 0 0 0 0 0 0 0 0 0 0 0 0 0 0 0 0 0 0 0 0 0 0 0 0 0 0 28.0357730741 28.072098777 27.7444127597 27.9119879519 27.9612394435 55.9255896681 55.9255896681 55.9255896681 54.0038925931 68.9207214158 49.4519905526 60.8325094852 27.7322194379 27.9436205073 27.9658441804 27.7353879929 27.7937909614 27.6295824966 28.0510000828 28.1826569888
