Spatial_Output/BAU/BAU_0051.asc
NCOLS 155
NROWS 192
XLLCORNER 196769.923733
YLLCORNER 449719.875193
CELLSIZE 27.603701
NODATA_VALUE NaN
[rows 161 to 183 of 192, columns 53 to 105 of 155]
45.4000210889 45.4718364809 45.0275175906 45.9793985086 45.0191460209 45.5388312663 45.3825846847 45.4474644834 45.8147380073 33.8470636122 33.8470636122 45.4039803381 45.1933582728 45.648361326 45.0014375734 45.413077682 46.3831600827 45.7018477913 45.3199789846 46.391678738 45.0796688019 45.134069187 45.0976939072 45.1198518036 45.1281860671 45.7687013677 45.6013893848 45.6105452303 45.1113417746 45.7640508638 45.1628998113 45.9938232339 45.7163526361 45.8161783592 45.2680776101 45.4960002637 45.9895159892 45.0679988926 46.3040559015 46.2032515308 45.5096702341 45.9511303294 82.173017082 82.173017082 82.173017082 45.9332982193 46.2443706217 45.0318319392 45.3244726342 45.9218003193 45.3380159113 45.2755334093 46.1966217675
46.0879499955 46.4032977346 46.302429486 45.0239318624 46.1326348363 45.5652716682 46.4000239059 46.2942072994 46.042012059 33.2426746107 33.2426746107 45.0859519611 45.1391468523 46.3293473552 45.1146602343 45.7647585955 45.001675572 45.8234626454 46.2306663714 45.5004054115 45.3112223283 45.8408479613 45.4207170624 45.9475623908 45.754829091 45.8820702166 45.0443474833 45.2802807928 46.0002070008 45.5319014975 45.1634358067 46.2059055612 45.5989711488 45.5940148841 45.640542663 45.8992200495 46.0411385542 45.2782485038 46.3484685283 46.0065848505 45.7426062576 46.1007208015 45.7597069443 45.709445427 54.8621151445 81.604520293 45.582731418 45.4601023593 45.5860759077 45.4766711238 45.3654951923 45.190038357 45.6491722267
0 45.0616736888 45.0696213745 45.6037766025 45.0485029498 45.4275827781 45.3352194909 45.5057217225 45.9713118782 45.9475486222 45.0858675605 46.3296622369 45.9701687397 46.0230883345 46.3799947073 45.7360881544 45.8070587486 45.2064160915 45.3602873646 45.5700416308 45.0996981698 45.0103342013 46.2615570633 46.0715047339 45.9410843243 45.0762145791 46.0815497928 46.2343852706 46.4098398078 45.8466380575 45.4812475158 46.0142100325 45.6703155868 45.7913104656 45.9288951834 45.4746515313 46.0487901681 45.7576808021 45.975845088 45.6648641782 45.0087748933 46.2845350953 45.1838043478 81.604520293 81.604520293 81.604520293 81.6819137785 46.3395460483 45.4316524937 45.952096117 45.7593266139 45.6975345608 45.4305647021
0 0 0 45.6819851553 45.4093740946 45.8769319117 45.2142906567 45.276663044 45.9696384519 45.0655348462 45.8942370126 45.5776818762 45.6232713564 46.3860031314 46.0141696055 45.3663835273 45.847632154 46.0058707575 45.0487133279 45.6895183135 46.0011627995 45.2398300949 46.2343342182 45.013150681 45.8522928954 45.4846823667 45.7024424963 46.0251809094 46.4056440358 45.733938167 46.2098182986 45.5978578833 45.0750206414 45.3004724461 46.1029901037 45.6878999056 45.4701449015 46.2232206194 45.1745722034 46.3414682176 45.531439245 46.215299608 45.3588115138 66.4426975363 81.604520293 55.4669921864 45.6821834788 45.771229294 46.1922368016 45.5316116206 45.1459664703 45.3335690456 45.8217400105
0 0 0 0 0 0 45.6306593831 45.2475055766 33.1751386022 33.1751386022 33.1751386022 33.1751386022 46.341259677 46.203245425 45.7792646962 45.7786371627 45.5300698927 45.7089898386 46.3700350115 45.8322934735 45.5663884425 46.1572851403 45.8547741784 46.3615810522 46.0114687207 45.4173291535 45.0704793335 45.4482021371 46.2505857307 45.9736832143 45.5779252254 46.0273718203 46.1722415039 46.3476082743 45.2653645661 45.8534997326 45.4263396228 46.3943056898 45.5373161673 45.5736622997 45.3300455961 46.1543253789 45.6999259123 45.6730650959 45.8444550344 55.4669921864 55.4669921864 66.0031137245 45.5939224377 46.0484465525 45.3231606086 45.2249796865 45.2147737469
0 0 0 0 0 0 0 0 0 33.1751386022 33.1751386022 45.3856038915 45.3393797048 45.9243192133 45.3374947801 45.8551022021 45.0501972361 0 46.0217702157 45.4497501893 45.0211528347 45.1511781045 46.0914553137 46.2786889202 45.7391203802 46.1212089096 45.1672942254 45.8764246093 46.2655378408 45.6504990755 45.7117805869 46.1049679532 46.1218410188 46.1877959623 46.0633876965 46.3602709346 46.0239920362 45.1782569355 45.0963743535 46.2688104363 46.11078377 45.2934061057 45.5999034981 45.3590444345 55.4669921864 55.4669921864 89.7679435861 49.9781925885 45.133480232 46.2638498369 45.7941204857 45.1443833418 45.4805760158
0 0 0 0 0 0 0 0 33.7926982863 33.7926982863 33.7926982863 45.9974538918 45.7038736769 46.4129221097 45.6155849459 45.3651131159 0 0 0 46.0453154317 46.3125994585 46.0022670886 45.4908749298 46.2632246686 45.2624094428 45.2873376879 45.5358153043 45.6229718223 45.5435907359 45.2471861341 45.5208154786 45.6030022414 45.91865617 45.3741692662 46.2429274441 45.6758809207 45.972064624 46.2320840137 45.5763096837 45.1401578093 45.6045975087 46.0894064839 45.673903064 45.4703298685 45.0715907566 49.9781925885 62.7022520115 62.7022520115 45.3319443219 45.4443743868 45.9532710321 46.1603074915 46.3005897307
0 0 0 0 0 0 0 0 0 33.7926982863 33.7926982863 33.5419254065 0 0 0 0 0 0 0 0 46.1637012437 46.0193251186 45.2260340069 46.0631803773 45.6190730837 45.9890124942 46.3147225704 45.4264920819 45.69514994 46.2183912246 45.9493229437 46.132069167 45.072984265 45.9748095971 45.5551826349 46.0033159575 46.0075443052 45.0997929872 45.1469851212 45.9799180595 45.0718008926 45.5048349771 45.0593219319 46.3528943946 46.3404240523 62.7022520115 62.7022520115 62.7022520115 72.7567074586 45.5737265968 45.8409668074 46.3613178349 45.229498049
0 0 0 0 0 0 0 0 0 0 33.5419254065 0 58.4987579378 58.1899153488 60.3752660681 0 0 0 0 0 45.013830995 45.8176851023 45.8608421298 45.3167788505 45.0774484094 45.0277697983 45.5291309955 45.9914857224 45.6777409124 45.2473553452 45.724103267 46.2830058643 46.2066266205 45.7872750257 45.2454448348 45.8137496416 45.6283964609 45.4239703519 45.2572818496 45.9336902917 45.2907364572 45.2320063141 46.2437881211 45.0886697441 46.1577529744 46.1509207666 72.7567074586 92.5260571143 92.5260571143 45.1450661242 45.0390892642 45.9098927613 45.625634048
0 0 0 0 0 0 0 0 33.8746051861 33.8746051861 33.8746051861 33.8746051861 55.9119773958 65.4873289586 65.1117483396 0 0 0 0 0 0 45.1358586377 45.9373188354 46.128850833 46.0890970575 46.3034943335 46.351339067 45.3147995813 45.2343380709 45.4287106231 46.2654995912 46.1271965465 45.7825122562 46.092305121 46.076393472 45.2184533327 46.2592890627 45.4151034971 45.1448971702 45.6017922825 46.0872334301 45.2581933444 46.2740200864 45.4066340414 45.4423697549 45.1386913955 92.5260571143 92.5260571143 92.5260571143 82.9773044824 45.8292644645 45.3341157554 45.2506554266
0 0 0 0 0 0 0 0 0 33.8746051861 33.8746051861 0 53.736553751 66.0459222989 54.7345353418 0 0 0 0 0 0 0 46.0422455629 45.6142645539 45.4498916506 45.3355279067 45.7657309337 46.2573638712 45.4097672904 46.1286601022 46.0212074353 45.2406842146 46.1060172025 45.2400763426 45.8557551327 45.00080514 45.6306825326 46.3251675217 45.8614982935 45.1582389297 46.2267629593 45.3034116851 46.3496508643 45.0144382334 45.4852077855 45.2271670487 45.7017405679 45.6796896017 46.3571006216 46.0511766213 83.081519273 45.5475149445 45.5507045322
0 0 0 0 0 0 0 0 0 0 0 0 0 0 0 0 0 0 0 0 0 0 0 45.9446896099 45.6267484859 45.6038536403 46.4016447007 45.6569713858 45.0022655182 46.2559490983 45.4667414996 45.4431525698 45.189756501 45.461909338 45.0684676246 46.3956401775 45.7978260803 45.0565984879 45.6367470084 46.1900856068 45.4666566125 45.7922215318 46.1702275225 45.5357302691 45.3690954012 45.2545902224 45.4685661791 46.3030679837 33.5349395184 33.5349395184 33.5349395184 45.4993185366 45.5356584575
0 0 0 0 0 0 0 0 0 0 0 0 0 0 0 0 0 0 0 0 0 0 0 0 45.9686535024 45.6765458307 45.4139146058 46.1269546044 45.5281091912 45.0197881499 45.6652923526 45.62926681 45.6143992517 46.304179333 46.2630176037 45.5494420551 45.7263586726 45.3595599463 45.4029756475 46.3169251907 45.2639327217 45.2575134176 45.545490239 45.221562265 45.8900763896 45.1679977206 46.3222135608 46.2374755348 33.5349395184 33.7795887872 33.7795887872 73.7319159124 45.0370747146
0 0 0 0 0 0 0 0 0 0 0 0 0 0 0 0 0 0 0 0 0 0 0 0 0 0 0 0 0 0 45.6315047892 45.2307131959 45.8894656689 45.3209910788 45.3433178169 45.0652774073 46.2346120116 45.1582118107 45.9735633468 45.2650760149 45.884578101 46.2056916723 45.6832666772 45.1865614024 45.734039459 45.9238955494 46.2818950706 45.9441684153 33.7795887872 33.7795887872 33.7795887872 74.2753949661 45.9156121592
0 0 0 0 0 0 0 0 0 0 0 0 0 0 0 0 0 0 0 0 0 0 0 0 0 0 0 0 0 0 0 0 0 0 46.0498625547 45.8399186952 45.5383971964 45.0859937212 45.9710829188 45.0404755486 45.4398177924 45.294539231 45.3495683261 46.0974848859 45.4113449175 45.4667143852 45.1381723551 46.1596825463 45.1478844525 74.2753949661 73.7319159124 65.9847236507 46.1834365544
0 0 0 0 0 0 0 0 0 0 0 0 0 0 0 0 0 0 0 0 0 0 0 0 0 0 0 0 0 0 0 0 0 0 0 46.3500670478 45.5907588518 46.1311943596 45.7217985191 45.2344342968 46.0278282949 45.4113620762 45.6597518737 45.605722874 46.0646288946 46.3811863993 46.0657028875 45.6346521497 46.3925818658 33.6729774952 33.6729774952 33.6729774952 58.6872036646
0 0 0 0 0 0 0 0 0 0 0 0 0 0 0 0 0 0 0 0 0 0 0 0 0 0 0 0 0 0 0 0 0 0 0 0 46.3143326536 45.5883869639 45.2512060608 46.2832184543 45.4760759642 45.6578218335 45.7923691533 45.632831873 45.7602547881 45.8979678318 45.2176337179 46.1207633813 45.9874101722 33.8096965823 33.6680338552 33.6680338552 33.6680338552
0 0 0 0 0 0 0 0 0 0 0 0 0 0 0 0 0 0 0 0 0 0 0 0 0 0 0 0 0 0 0 0 0 0 0 0 0 45.3462044503 45.1174573255 45.6949224398 45.17633238 45.2126837114 45.6016245826 45.9686647396 46.2887776766 45.377667764 45.7211439876 45.8812348773 46.0314945557 45.1468798333 33.6680338552 33.6680338552 52.2143784447
0 0 0 0 0 0 0 0 0 0 0 0 0 0 0 0 0 0 0 0 0 0 0 0 0 0 0 0 0 0 0 0 0 0 0 0 0 0 46.2112593576 45.2388917108 45.1794622201 46.062546715 46.1133239447 45.4592945376 45.9830143766 45.9741596503 45.1881696836 45.0301496113 45.5216172527 45.7021075188 33.1840183761 33.4339019915 33.4339019915
0 0 0 0 0 0 0 0 0 0 0 0 0 0 0 0 0 0 0 0 0 0 0 0 0 0 0 0 0 0 0 0 0 0 0 0 0 0 0 46.405480603 45.6469361729 45.7535346043 46.2817427657 45.1906899784 45.0691297416 45.1136662272 45.6231087488 45.3542284394 45.8422640189 46.3052513423 33.4339019915 33.4339019915 33.4339019915
0 0 0 0 0 0 0 0 0 0 0 0 0 0 0 0 0 0 0 0 0 0 0 0 0 0 0 0 0 0 0 0 0 0 0 0 0 0 0 0 45.8826593776 45.3876486436 46.0877688897 45.6830692949 45.3450842206 45.0145435504 46.4061999268 45.1088335504 46.1629521762 45.8935032114 46.2971403771 33.1392813215 33.4339019915
0 0 0 0 0 0 0 0 0 0 0 0 0 0 0 0 0 0 0 0 0 0 0 0 0 0 0 0 0 0 0 0 0 0 0 0 0 0 0 0 0 46.2818083639 46.0782402365 45.8712267237 45.0353332118 45.8374134837 45.0264863159 46.0686904179 45.5400149778 46.0766731596 46.341129175 33.6450374172 72.3032600057
0 0 0 0 0 0 0 0 0 0 0 0 0 0 0 0 0 0 0 0 0 0 0 0 0 0 0 0 0 0 0 0 0 0 0 0 0 0 0 0 0 0 45.6724966102 45.0964946431 45.208707214 45.4463595197 45.4077900011 45.3041808376 46.0056215444 45.2192041481 45.1392451777 45.1038305888 32.9665641585
