Spatial_Output/BAU/BAU_1371.asc
NCOLS 155
NROWS 192
XLLCORNER 196307.867259
YLLCORNER 449144.565805
CELLSIZE 33.573938
NODATA_VALUE NaN
[rows 75 to 99 of 192, columns 0 to 55 of 155]
69.2314019752 45.4291857032 43.2357644943 43.2357644943 43.3590544435 43.3590544435 58.1193782535 58.1193782535 43.1493072925 43.1493072925 43.0017820988 54.4132794622 34.2053328117 33.3836912368 34.0589478527 33.7024493072 33.7231858912 33.4004833677 34.0232221798 34.2314881255 33.7049122642 33.6646717806 33.4749239654 33.4129284884 34.27039947 33.0956522647 33.0936272706 33.9426080053 67.5658383897 67.5658383897 55.0339322064 33.892853454 34.262243563 33.9159177138 33.3162204397 33.7935896578 61.7106783928 61.7106783928 61.7106783928 33.7849751594 68.4370133868 68.4370133868 68.4370133868 68.4370133868 33.9517943615 34.0476341857 33.2130591271 33.797107754 33.8794307518 33.4537513392 33.5479887892 33.0553875342 34.0186489784 33.6904876468 33.0917866359 47.3297649797
0 45.4291857032 43.2357644943 43.2357644943 43.3590544435 43.3590544435 58.1193782535 43.1493072925 43.1493072925 43.0017820988 43.0017820988 43.2710678794 33.7093724646 34.3577047593 34.2853364329 33.5224592963 33.0823533584 34.3262568497 33.1837640952 34.1962472866 34.1891985593 33.620965369 33.4465425757 33.1384417627 34.1510187887 33.1367025067 34.2891182746 50.1854122564 50.1854122564 50.1854122564 33.2696466741 33.6258357777 33.0465471925 33.566062442 33.3099286169 33.0176501634 57.7108705578 57.7108705578 57.7108705578 33.1503419366 33.1751153458 46.0763730422 46.0763730422 34.1429369783 33.1476192709 34.3144177816 33.9156414988 34.2799603061 33.6663269647 33.8768697469 33.5924177294 33.0474775253 33.1991207025 33.1607570215 34.1201172745 67.2545197265
0 0 68.9333533432 0 58.3068292644 43.7452679597 58.1193782535 44.7119450624 43.1493072925 59.9807727217 43.0017820988 55.2681097471 34.1783144085 34.3167989779 33.4277278409 33.4416933895 33.8240169778 33.2437927229 34.2044309492 33.586355205 33.946764966 33.1897887664 34.2838132264 33.760290021 33.3281693645 34.408524299 33.3350537376 55.4296307382 50.1854122564 50.1854122564 46.368444224 47.786849659 55.1674576827 33.0696845642 70.0501200286 33.1160690398 58.0277989974 57.7108705578 75.8341315681 33.3520619217 34.1568694426 46.0763730422 46.0763730422 46.0763730422 33.4154154084 33.7517775326 33.5613375738 33.9360060352 33.5972126133 33.5065381147 33.6950481636 33.16510717 34.0273092998 34.0383990325 34.2675931262 67.2545197265
0 0 0 0 43.7452679597 43.7452679597 44.7119450624 50.2615269702 43.9272737416 43.6663901563 44.3688634245 43.4996787868 73.1104034245 34.0404487532 34.1735501677 34.1236989431 34.0723316391 33.8804714236 33.2440691685 33.8722777301 33.6911985528 33.7755927013 33.2057813451 33.9120553268 34.0259109818 33.304758376 33.1913415177 76.9837192765 55.4296307382 55.4296307382 69.1437924244 55.1674576827 55.1674576827 61.0667711791 70.0501200286 70.0501200286 75.8341315681 75.8341315681 75.8341315681 76.5620841114 76.5620841114 62.1832733572 58.0802289529 33.4192732932 33.9170813587 34.1069294581 34.3743727876 33.4746411729 34.1388024245 63.2032260915 33.2002580826 60.4554864164 60.4554864164 70.8611576427 33.1996723179 33.3949712659
0 0 0 0 44.9185358791 43.7452679597 44.7119450624 50.2615269702 43.9272737416 43.6663901563 44.3688634245 43.4996787868 43.4996787868 33.6617279953 33.8247041632 33.1007502429 33.0039750953 34.0452696213 34.2215053726 34.0616025357 33.7541340893 34.234479703 34.3034307955 34.2613047386 34.0222114924 33.5118724698 48.4229288941 76.9837192765 76.9837192765 76.9837192765 69.1437924244 47.786849659 55.1674576827 33.4062726061 70.0501200286 34.2131374608 54.9027187889 61.2326390984 61.2326390984 76.5620841114 62.1832733572 58.0802289529 58.0802289529 33.2899677188 33.1435037407 65.8018178961 34.3004419013 63.2032260915 63.2032260915 63.2032260915 33.9399075944 60.4554864164 60.4554864164 50.0499151039 33.8679009873 74.7339542128
0 0 0 0 0 44.9185358791 0 0 60.3958482826 59.9807727217 52.498118026 62.365364434 52.8193304746 34.1095724989 33.5407176051 34.3364572834 33.0968205168 33.3602767365 33.0459183538 34.0712438321 33.9860255233 33.6015110202 34.2762669262 33.9996180377 33.1057044943 50.2031300902 66.7938485418 76.9837192765 76.9837192765 76.9837192765 33.3123486076 33.9942685663 33.3373908788 33.5249696012 54.5357765177 33.1082038851 47.6439764567 61.2326390984 61.2326390984 61.2326390984 38.9805262578 54.904178375 58.0802289529 54.904178375 63.5806687582 65.8018178961 34.410924119 58.6226306207 63.2032260915 63.2032260915 57.7971336267 60.4554864164 60.4554864164 60.4554864164 33.0279691953 33.2506522436
0 0 0 0 0 0 0 0 0 0 0 0 0 0 34.1548595317 33.8263937007 33.975540818 33.2303963241 33.4282178966 33.2081150116 33.8289387782 34.4053074231 33.1279192147 33.9232311141 33.9550216939 50.9150927595 66.7938485418 66.7938485418 52.7391748827 33.4408054492 33.2202389245 34.2464153473 34.1006248921 34.3397992393 34.2990466369 33.7092129814 34.3058886431 78.8605171667 78.8605171667 33.5686817633 34.213316719 34.3362200509 34.1309986437 34.3958118389 34.2788531952 34.1405914307 34.3970363601 33.8165609876 77.4928686473 77.4928686473 77.4928686473 52.7724393159 34.1885417738 33.1310237997 33.9160652973 33.8430677767
0 0 0 0 0 0 0 0 0 0 0 0 0 0 33.335961776 33.830536266 34.1681724344 33.2021118539 33.1148058589 33.8279274844 33.0213611359 33.4297230963 33.7855021393 67.1536462517 55.1667465135 55.1667465135 50.9150927595 59.6429560647 50.0555340137 33.1847902016 33.3964420011 33.4521027754 34.1632007854 33.8524534974 34.0361319952 34.0146706004 33.235795247 34.10025483 33.6835083732 34.2009526657 33.4136887887 33.2921653466 33.7261446502 34.2348837834 34.038368055 33.9668113406 33.5526420569 33.8824809397 76.4232599725 76.4232599725 42.4897144206 56.3658651835 33.4200875961 33.2879128893 34.11607097 33.3051889106
0 0 0 0 0 0 0 0 0 0 0 0 0 0 34.1404793014 33.1480595938 33.4142734656 33.1658563529 33.7311116461 33.4801713165 65.6767405204 71.8997982832 55.3479220849 67.1536462517 55.1667465135 55.1667465135 50.9150927595 33.9737376166 33.1814791743 33.6773370702 33.1633491885 33.0851275653 34.1186164778 33.0225268378 34.0000304412 33.9011685184 33.0833620523 33.4336080134 33.2746707292 33.5723700682 33.486121438 33.0670527266 34.2656689681 33.5118698428 33.3143441462 33.9756963273 33.1823416142 33.6420785752 76.4232599725 76.4232599725 42.4897144206 34.3733701555 33.9412982265 33.1463860132 33.8982614364 33.3918718506
0 0 0 0 0 0 0 0 0 0 0 0 0 0 34.2618313575 33.5472227766 33.3863079222 33.1228426285 33.1225374221 73.4573211797 68.2115031458 55.3479220849 55.3479220849 67.1536462517 67.1536462517 72.4493369525 34.2496887358 33.8747920941 33.7181830983 33.705823041 33.3210856353 34.3306801156 33.2178308859 33.86437326 33.1759183522 34.0647427111 33.3229284596 33.3563715057 34.2474637388 34.0695894895 33.2755375453 34.2140116848 33.9578734503 33.8166969064 34.2790715872 33.6338874034 34.0600231461 72.9822761472 56.0179835263 56.0179835263 56.0179835263 33.5067348731 33.5261008941 34.0040458092 34.2015324694 34.1805094019
0 0 0 0 0 0 0 0 0 0 0 0 0 0 33.5354722657 33.5831613582 34.1604884654 34.0977530382 87.5255708271 68.2115031458 68.2115031458 68.2115031458 55.3479220849 73.9513702453 33.3221174634 33.1025756992 34.1781581575 33.7693389798 33.7985221891 33.2968540396 33.5015808181 34.204138157 33.9685596034 33.2603907766 34.374138005 33.3671681231 34.1191427107 33.2635658927 33.4298517342 33.4732047146 33.8193030155 34.1318198858 33.494345848 33.8302258754 33.1941617117 33.1347883284 33.644356722 72.9822761472 72.9822761472 56.0179835263 72.4588514038 33.3270604316 34.4125806805 34.046616572 33.0510929118 34.0034087294
0 0 0 0 0 0 0 0 0 0 0 0 0 0 34.1748113366 34.3461587893 33.426592507 44.9861159038 44.9861159038 87.5255708271 87.5255708271 83.3854518541 33.5838890949 33.1607147786 33.095277943 34.3736933759 33.0465565207 33.9433040064 33.4821048893 33.3478939272 33.0999230248 33.9432936048 33.2800427045 34.0179801779 34.379697746 34.1268480315 34.1418761163 33.8495850754 33.3087243221 33.3571803736 34.1270600717 33.7353692029 33.7689473497 33.5760420091 33.1761845182 34.0861739246 33.9018463245 67.9728415739 67.9728415739 69.8841439881 33.8152951889 33.4915200029 34.2831051744 33.3025802799 34.2882559121 33.0108689842
0 0 0 0 0 0 0 0 0 0 0 0 0 0 0 34.1873721218 56.0674812225 44.9861159038 44.9861159038 44.9861159038 33.1006202689 33.4827184502 33.0453596341 34.3379330399 33.0740055279 33.292658937 33.9005105148 34.2999886635 34.1505747964 33.5276997064 33.0667825455 33.0821850865 33.5416636213 33.0112397047 33.8064446385 33.5999659873 34.2714000925 33.8107460293 34.3735802275 33.9623120377 33.4511613912 34.3726808798 33.0095286369 33.5192558764 33.198077072 33.6940530253 34.326050322 65.5107953076 65.5107953076 65.5107953076 33.6340604709 34.0641576917 33.5626983361 33.7193480192 34.0529085444 33.2353974245
0 0 0 0 0 0 0 0 0 0 0 0 0 0 0 54.4880638378 56.0674812225 51.3753077584 51.3753077584 34.374442864 33.8095058752 34.2609346612 34.1171719419 34.2944057196 33.1783943851 33.8574623003 33.6125075713 33.8588172239 33.4723441614 33.4091711545 33.5712305892 33.8472516384 33.7963218524 34.1351326592 33.7815526014 33.2211411732 34.3948947167 33.4343467547 34.058190822 33.5220260674 34.2164563532 34.1049569288 33.5977269202 33.8628644557 33.9974213311 34.3270165598 34.2992122113 34.3348612566 57.9009383125 57.9009383125 72.4444772386 33.3605128103 34.0426509877 34.3976526821 34.1022332826 33.5093256995
0 0 0 0 0 0 0 0 0 0 0 0 0 55.2546119818 60.5982384305 54.4880638378 56.0674812225 56.0674812225 56.0674812225 33.1529844061 34.211042649 33.5696137771 34.1710129973 34.1042673257 34.4072949258 34.0295282169 33.0957358189 33.7502574812 33.574021032 33.0152827341 33.7358290264 33.3550666775 34.1222687724 33.7119191381 33.4471375424 33.3577979615 33.5454608667 33.408328263 33.9161587526 34.0753891372 33.9169741562 33.2549046767 33.5911767141 33.2968487722 33.0348647021 33.6068840717 34.000332376 57.9009383125 57.9009383125 57.9009383125 52.2747977641 33.1368784877 33.5892053627 33.8851449162 33.5941902857 33.4224420261
0 0 0 0 0 0 0 0 0 0 0 0 24.5100855852 24.142794787 24.142794787 59.166474696 54.4880638378 54.4880638378 34.0916041005 33.1271387807 33.2130259596 34.1706607474 34.2400846716 34.3064959303 33.0687474209 33.2643553811 34.1705050495 33.3045335521 33.3023471208 34.2859626654 33.927539511 33.1956582625 33.9419072476 33.488419855 33.9151548062 34.3566807485 33.630565998 33.180935984 33.0730799264 33.4509116089 33.6803250516 34.0537799918 33.3456027844 33.5356134245 33.9882105313 33.2632230488 33.4188523654 34.1409329065 65.0093476219 52.2747977641 74.9670556486 33.0907305406 34.240416843 33.8118063166 34.1998158393 33.6659147658
0 0 0 0 0 0 0 0 0 0 0 53.0230016906 54.7872542183 24.142794787 24.142794787 59.166474696 59.7534886086 0 0 34.37845792 33.9504213168 33.5151670246 33.0050525513 34.0510558973 34.0329563797 33.1678512238 33.5460719624 34.1265486262 34.3629255126 33.5076528262 33.6352245313 33.5825488304 33.6041516379 34.2283459262 33.3311577516 34.3479657589 34.3814693149 33.4992727078 33.0592596588 34.2951404058 34.3589101344 33.9009830717 33.6245976594 33.5008047141 34.3604548528 33.3529469067 33.1588670126 48.2480042409 34.1244019437 47.6648754086 33.2915666371 34.219773529 33.6125276649 33.4787824768 33.5481872847 34.0019093549
0 0 0 0 0 0 0 0 0 0 56.8006358188 54.1419004781 54.7872542183 24.5100855852 59.550368223 67.2147963225 0 0 0 33.7186377495 34.3557237383 33.4267695591 33.9940312365 34.3865091272 33.6640107129 34.0426281129 33.0411576983 33.0822097052 33.5319769239 33.2876401221 33.2469853255 33.6665627971 33.9431577292 33.1230497373 33.789624156 34.3560404712 33.9461976493 33.9979869165 34.3336739758 33.9131714812 33.2851590906 33.0537309947 33.6399799253 34.0401664879 34.1627647932 33.1364514672 33.4909152365 61.5243926278 63.1749043224 63.1749043224 47.6648754086 47.6648754086 33.0098891647 33.7229661955 33.6364235001 33.8062520269
0 0 0 0 0 0 0 0 0 50.1121363676 54.1419004781 54.1419004781 54.7872542183 54.7872542183 0 0 0 0 0 0 34.3150872731 33.3187447212 33.4279430714 33.531254203 33.5332745496 33.741863781 34.3837130916 33.8190246746 33.8222528835 33.7682940656 34.3698153455 33.9372972471 33.8149862998 33.401367791 34.0652824986 33.335260127 33.4552527827 34.2365230906 33.8899511815 33.3327458075 33.6039237721 33.0186175767 33.9260133013 34.3530745712 33.1151371565 33.4799159928 34.2503697221 63.1749043224 67.392605004 63.1749043224 33.4590599281 50.3724543452 33.9891791401 34.3155360951 34.4036483553 33.7809865914
0 0 0 0 0 0 0 0 56.8934725666 56.8934725666 54.1419004781 54.1419004781 54.1419004781 0 0 0 0 0 0 0 0 0 34.307411094 33.4518797515 33.3697196556 33.2189731763 33.1712414148 33.9717403028 33.005076727 33.961944966 33.9281379199 33.5651882436 34.185713477 33.7047640153 34.3078442614 34.2258342353 34.0517982014 33.2277148538 33.4490510729 33.432463543 34.2336769123 33.8521799055 33.8397801909 33.5856120554 34.1724915502 34.0895599371 33.9978624965 67.392605004 67.392605004 67.392605004 33.7169783222 34.0604363616 33.2019467065 33.5898551551 34.3408429326 34.1318307666
0 0 0 0 0 0 0 47.6932804037 56.8934725666 56.8934725666 50.1121363676 50.1121363676 0 0 0 0 0 0 0 0 0 0 33.2842079234 33.7759243247 34.172437156 33.9736409827 33.2132119894 33.9055007054 33.6287624204 33.4681646075 33.6859667999 33.1932017942 33.5731347118 34.1942776591 33.7652817 33.6178374567 33.8513701614 33.8290822424 33.5505473317 33.739698271 33.7286992079 34.3548202779 34.2507677969 33.8237381052 33.0601791634 34.379384076 33.9054245342 50.4753892624 67.392605004 50.4753892624 72.1043804672 33.4276399071 33.3421944233 33.5220712891 33.6627258431 33.2199131683
0 0 0 0 0 0 47.6932804037 47.6932804037 56.8934725666 56.8934725666 56.8934725666 0 0 0 0 0 0 0 56.5999185671 0 56.5999185671 33.1948705714 34.1374803884 33.1288421349 33.8042505192 33.8453157916 34.2908875555 33.6982669048 34.0386115174 33.2785717493 33.5059100821 34.33595788 33.7575988022 33.2169763334 33.6276014157 33.2457757448 33.8926969642 33.5146247264 33.1887366506 33.4061939066 34.0910293299 34.0135393932 33.7892460009 33.8313347972 33.2826423398 34.259412845 33.7312664704 60.7709301858 50.4753892624 47.2333451812 47.2333451812 72.1043804672 34.0676412139 34.0338503149 33.6000986912 46.2900491431
0 0 0 0 0 42.4616432375 47.6932804037 47.6932804037 47.6932804037 0 0 0 0 0 0 0 0 56.5999185671 56.5999185671 56.5999185671 33.7828287095 33.5752970158 34.1662616228 33.5785371253 33.3463622487 33.6277458583 33.0610420253 33.669558208 33.6387709086 34.0106034697 33.4358874008 33.2196171911 34.3251420792 33.5477420561 34.2387698113 46.7136140874 33.3082904323 34.0125828488 34.0438106607 33.0260581563 61.6623237098 61.6623237098 33.0255487885 33.2779282543 46.5166156969 75.8009439459 75.8009439459 67.5373961154 47.2333451812 47.2333451812 47.2333451812 47.2333451812 71.6444189114 33.100589708 49.6873642115 33.9545351448
0 0 0 0 0 42.4616432375 42.4616432375 42.4616432375 47.6932804037 0 0 0 0 0 0 0 0 56.5999185671 56.5999185671 33.2462301602 34.3186437571 33.7280302048 33.1218914352 33.822230152 33.4907517911 34.3399629172 33.9562110702 33.2817605612 34.3954137844 34.0292719751 34.3217852037 33.4158072002 34.3126411218 50.941321646 50.941321646 46.7136140874 46.7136140874 33.1459683214 33.3879006817 33.4108150972 61.6623237098 61.6623237098 33.3265281788 34.2634461434 46.5166156969 46.5166156969 75.8009439459 67.5373961154 67.5373961154 67.6920370238 67.6920370238 71.6444189114 71.6444189114 33.4336551733 34.1489896478 34.0905527235
0 0 0 0 0 0 0 0 0 0 0 0 0 0 0 0 46.2433281802 46.2433281802 56.5999185671 47.1594175295 33.100522339 33.0491917258 33.3626979757 34.0128040728 33.4174143445 33.2240998067 33.7531995686 34.3129956455 33.0022728026 34.2275529643 34.3283273588 33.5481038235 33.2776220742 50.941321646 50.941321646 60.182983289 33.8430527378 33.260177621 34.2816478437 34.3793572502 34.0475973198 33.3964189429 33.7740740999 60.5072714579 46.5166156969 75.8009439459 33.1223613123 67.5373961154 67.6920370238 67.6920370238 33.9160267711 33.7728233458 34.2076636637 33.9841036011 64.1746440918 64.1746440918
