Spatial_Output/BAU/BAU_0755.asc
NCOLS 155
NROWS 192
XLLCORNER 196307.867259
YLLCORNER 449144.565805
CELLSIZE 33.573938
NODATA_VALUE NaN
[rows 100 to 124 of 192, columns 57 to 113 of 155]
24.6344426246 26.8979555391 26.2524733308 23.7969285019 23.002978078 23.7722999269 24.9948578378 23.9075159668 40.2966279744 25.8001818432 23.7206454775 24.5331543226 24.2242257017 25.929197353 23.0736112641 24.0086277561 24.458128553 24.2614964786 25.5201291374 67.4349834772 67.4349834772 67.4349834772 27.0830288749 23.5421779582 23.6490343456 26.2223690142 25.2299814223 25.7320739503 24.6611653633 24.374331536 23.9001840507 23.4007767076 26.9138986433 26.3077673647 23.9899586587 24.6623357746 23.032095295 26.4888051107 23.6142895994 23.1719993594 26.9368498854 23.0987413971 23.5911246453 26.6385833449 23.7275563093 23.0709928333 40.9886862458 40.9886862458 40.9886862458 26.5887450773 26.269244286 23.5222589273 24.0880506063 23.8939457488 25.0138112118 25.7989026382 25.1529868027
23.6496551278 25.0053421406 23.4299001252 26.8116211182 26.0267988229 26.4568977525 26.2353783829 49.5054238641 49.5054238641 23.5558713767 25.0705355215 24.4356065679 24.9645894489 27.0201648416 26.0428985486 26.2787675562 26.7130462844 24.5979264092 26.0657164438 56.6038483669 67.4349834772 67.4349834772 26.2022162653 25.5607248432 23.4161917215 26.9074778911 26.5876469853 23.3520997358 24.7608362385 24.0586047851 25.4732616392 27.0769241787 25.7495262132 26.9930303886 26.339246335 26.5153282778 25.2143566421 24.986730086 25.0028212761 26.563400006 26.6968676654 25.7105323722 24.7250429121 26.8484232804 25.5196949121 23.0687490759 40.9886862458 40.9886862458 58.227635163 55.4955210014 24.7258458739 25.3463606505 24.1735802194 26.7337055091 24.7859733087 23.3806079698 24.9578786411
25.594177865 27.14297011 23.961982761 26.2746019315 25.7355599959 23.9315124317 44.0108591198 26.6920505519 26.275314998 50.9143733365 50.9143733365 43.8808794246 23.9184277869 23.10666574 25.09998391 27.0660107212 24.3714837923 24.1240062789 23.3984688785 54.8042779594 54.8042779594 54.8042779594 26.717522223 25.8641115842 26.4102391617 24.2345212599 24.8062035847 26.7277912787 25.7844978403 23.0731189771 26.2555919935 23.1752882639 26.1945728576 26.4566536389 26.4432972363 26.0130199227 26.0654891353 42.7185565908 23.6770773957 24.0531216518 24.5729394459 54.2099887516 61.8114318316 54.0727000123 53.0426376546 54.4094832535 55.1627940336 58.227635163 58.227635163 55.4955210014 55.4955210014 56.9061633749 24.9213727026 25.2482065433 24.5364450661 23.9403456455 25.5596830353
24.803845499 26.182793948 26.5085406915 25.3650280902 26.3433398985 26.3293234946 44.0108591198 44.0108591198 24.8051667568 50.9143733365 50.9143733365 43.8808794246 61.9086686932 61.9086686932 48.36297262 45.2921897825 23.4404067071 26.3852384158 26.4272044503 66.3639673521 54.8042779594 66.3639673521 24.6910149232 23.3021871006 23.756858828 23.2292003282 25.2119750933 25.2146393145 44.5990086848 24.5633769814 23.176289221 26.4566158054 26.9248849794 25.8719892063 27.2050141471 24.8880036714 24.7118387914 42.7185565908 23.5545998136 23.7424076501 54.2099887516 61.8114318316 61.8114318316 61.8114318316 53.0426376546 53.0426376546 55.1627940336 58.227635163 58.227635163 55.4955210014 57.6799483746 56.9061633749 25.3418272392 24.5750720834 24.437857432 24.5890405851 23.6504409402
26.0205947587 26.0011174202 27.1896015793 26.4057056214 26.4851687272 23.1628938039 23.5446551248 51.3975493063 51.3975493063 50.9143733365 26.3202266664 43.8808794246 61.9086686932 58.8731005513 45.2921897825 45.2921897825 57.0831076349 37.1959209988 65.9875883079 65.9875883079 66.3639673521 50.2737111447 50.2737111447 45.9381327743 45.9381327743 40.6755276311 49.3381423747 49.3381423747 47.3897563844 47.3897563844 24.7122561043 48.3119167279 58.8352111799 23.6294770242 25.5901720602 26.8877520397 42.7185565908 42.7185565908 24.0523504469 27.1764722285 54.2099887516 54.2099887516 61.8114318316 54.0727000123 53.0426376546 83.2896444317 63.6339880774 55.1627940336 26.2942624889 23.4962561259 23.0744124719 23.9052672106 23.7741427996 24.5572303482 27.2106814544 25.9886008291 24.6743632035
26.6376322781 25.1792198725 27.1059064605 25.4551927679 25.8535729355 25.7171345393 24.3073037711 23.5663652645 23.8094817358 23.4843568731 26.5867579329 24.353164957 61.9086686932 45.6692451067 48.36297262 45.2921897825 47.7672061098 37.1959209988 65.9875883079 65.9875883079 60.5431020621 50.2737111447 50.2737111447 45.9381327743 45.9381327743 45.9381327743 49.3381423747 47.3897563844 47.3897563844 47.3897563844 24.4280618216 25.090471218 24.8069980904 45.8699411681 45.8699411681 23.739789424 26.6484432017 27.0188375278 25.0788518705 24.2289962567 23.5656630477 25.8915762364 25.0460256799 27.1117877689 26.4974679576 23.2304059792 24.6341108211 26.0896894746 26.2933241929 24.3472520061 23.1428471631 25.2943170808 23.5475370963 26.8664958574 26.4167877551 23.4275415178 23.5256549917
25.8080946946 24.5494135072 23.2735971824 23.5438179925 26.5727016971 25.96926137 26.9002167697 56.1070486124 23.1341927897 23.9188300537 26.6091917588 25.7547102115 26.6422710916 25.9771526108 24.4822259221 47.7672061098 45.611788897 37.1959209988 25.8071232348 60.5431020621 60.5431020621 60.5431020621 50.2737111447 59.6159807151 45.9381327743 44.7509348224 44.7509348224 49.3381423747 44.5990086848 25.471058354 27.181647162 24.4132245833 45.8699411681 26.5202453643 23.7151212149 26.3128487652 26.5418570073 23.9133117873 24.8177578744 27.0485445348 24.3874140372 24.9120262366 27.1661134327 26.5265137046 23.8003189401 24.9324496958 24.0004446866 23.7888584675 23.1412840098 23.2506916635 24.2050575321 25.8434177397 26.8469897596 24.1497520444 26.2158584494 26.4307807098 26.6237035953
26.6645445313 26.2940846934 27.2097444838 23.5574148393 27.1272636044 23.6936566609 56.1070486124 56.1070486124 56.1070486124 26.4172664281 24.913373504 26.9163845459 25.5440721241 26.1921024434 25.5949885694 25.9640745123 26.78180498 24.4298490862 24.5491901644 27.0205906832 60.5431020621 50.2474994631 23.9096753175 24.6370541155 44.7509348224 44.7509348224 44.7509348224 23.0806154488 27.1166132983 23.9478555843 24.8919181888 26.5874152949 47.541960886 47.541960886 47.541960886 24.6816875682 27.1525075391 24.5911773423 24.912463479 23.9819777736 24.8917978198 26.5031702258 26.7150354159 25.193054212 23.0322443192 26.6833551785 25.1806460771 25.2835177004 26.9715359347 25.5716653997 23.1791400672 25.9210549303 26.9192311466 25.6657627225 24.3831744065 26.8211737754 26.6140824417
23.6660543408 26.4956420973 23.5916611991 25.5117161106 25.5825325263 23.772521631 24.2059501175 25.7039903165 25.2553078647 25.5824968507 23.2330729206 23.810656286 23.3661223397 26.4163147611 26.8107603634 26.4792927215 23.529769734 24.9988071911 27.1846660865 24.2774441427 66.9619748434 26.7243942341 26.4962742519 24.5663512249 26.2053516343 26.5249462515 26.798934556 26.9456191654 23.8602571664 24.4335395228 23.6896094767 25.6411527153 47.541960886 47.541960886 66.3279404511 23.2298147299 24.0178660837 23.2265698642 24.6315108985 25.2121657966 23.4633834262 23.5404241628 23.950371506 23.3230218388 26.7100244581 24.9087354121 26.1437144708 26.4878875139 26.4416364269 61.8182495467 23.7343067131 26.0756491192 27.1030006892 57.0477627237 23.8142068041 24.2410992513 26.160143887
25.8362789071 25.0867946426 24.1263162797 23.0464964895 26.2191833775 25.3850385431 23.9301397921 26.3321735028 26.4418267264 24.3017801927 26.6755912746 23.7689259701 26.897267919 26.478313671 26.3330943433 26.3869460634 26.8549313766 25.5941189848 24.4516415031 66.9619748434 66.9619748434 66.9619748434 25.5882637637 26.3317944474 26.0184899751 24.797782411 26.7419670612 24.487087936 25.2075324779 23.4306062311 42.2283444797 25.7849611701 55.1787822947 47.541960886 55.1787822947 46.5661054102 68.6822547874 68.4615192457 44.6423720107 47.975726835 27.2415762957 25.8096565474 25.6574637911 24.9716770979 25.4250766805 23.6902555496 25.8192655958 25.6924658891 52.1930660241 61.8182495467 61.8182495467 24.303935143 50.259266255 23.9953311752 23.294874213 23.3442946797 25.2684076632
26.9485530644 24.8811043759 26.7407174902 26.4750429687 25.2158047648 69.9726722702 26.9636941442 24.7544135217 23.0065472381 57.0685842355 58.6574387271 43.9778113784 25.5066159027 25.6521930062 26.7601031803 24.2231839952 24.8334294409 23.263605093 26.2474583472 25.5952489076 66.9619748434 26.6977583077 26.3186593561 26.2671987141 60.9432376696 25.3136816295 72.8006834107 40.1953982184 40.1953982184 24.1171646838 42.2283444797 42.2283444797 45.8336389011 55.1787822947 37.6467213692 68.6822547874 68.6822547874 68.6822547874 44.6423720107 47.975726835 47.975726835 23.4496858619 23.4881280345 25.4942433275 26.7462780212 23.335719111 23.2494257615 27.140781087 24.5482576403 61.8182495467 65.9937007217 45.4561848412 50.259266255 27.1977298135 26.5014856417 24.9808564423 25.8679903796
26.3468500508 26.9944792008 24.2047148812 68.8958704586 69.9726722702 69.9726722702 26.2096593165 24.676229507 24.6908348765 57.0685842355 57.0685842355 58.6574387271 24.3886666134 27.2177967526 26.7252961622 24.6685382555 26.3682572439 24.2896519262 24.3006381621 26.4674603518 24.0669788155 24.338311913 25.1030711273 23.0299874351 25.8151091587 26.4242479882 24.1298775785 40.1953982184 40.1953982184 25.5058890312 42.2283444797 42.2283444797 45.8336389011 45.8336389011 37.6467213692 37.6467213692 68.6822547874 23.8402106244 44.6423720107 47.975726835 24.5628134414 23.6827876096 24.2828340612 26.009112906 26.609294179 25.2680613233 26.4451289957 24.7543101007 52.1930660241 26.8300141747 23.3340297297 24.494241008 26.9603306965 25.8890898742 26.6703424871 25.380701784 23.7042588806
24.7178457686 26.5182810909 26.6702060916 24.2695588948 69.9726722702 69.9726722702 24.2262497396 26.2621206114 25.3192768681 57.0685842355 57.0685842355 58.6574387271 25.0392109487 23.743281054 25.5329454096 24.8058810217 24.7923919506 25.1304834582 25.5387281507 26.4581580544 26.4154540035 24.1747318938 24.1946561072 23.780239334 60.9432376696 24.5641038946 51.718455011 40.1953982184 23.6028004876 26.1937516568 26.9206796305 46.6941158654 48.8699975346 57.9931531437 57.9931531437 25.3825553656 24.884451731 26.4902276701 24.6088733694 26.8485047786 25.8735561471 24.4260451624 25.8837011239 26.7961325784 25.0204821681 24.5761378974 26.4775718047 27.0200149405 25.4600528064 24.2513528022 24.287576378 23.3527823613 23.9002918856 23.8976025912 24.3339817156 24.9135457062 24.290632255
23.9172322141 23.8856968859 26.2025820909 23.4892287971 23.4805875909 69.9726722702 57.2462553928 57.2462553928 23.7378112884 25.329512332 24.7481015975 24.6610027935 23.5555277522 23.7201933074 26.513526864 24.8000148838 24.6066168823 25.3372214623 25.9352387756 25.2520117984 26.7185631524 27.0793204383 27.1707704485 26.5472213133 26.7322979028 26.3287408679 26.4879181738 24.3307184185 24.3755177947 26.963188285 24.6052216374 24.9186322481 57.9931531437 61.0700648388 61.0700648388 61.0700648388 26.8985202042 26.0120216299 26.2508906749 24.4901648025 23.5437004261 23.0113792649 26.1525747086 24.2357092408 23.5173577862 26.6528422604 25.8458426861 26.1107438373 23.1348275734 25.1947281577 26.1301020201 25.5079501723 23.2234147486 23.7420429114 23.8424308723 26.7145884762 25.0063447864
24.9945899537 25.2199670912 23.1991609194 26.5529077311 26.1628691875 27.0263475325 24.1649465961 25.7323313113 23.3271494121 26.9777548565 24.1829914221 26.7340987948 27.241467137 25.2196198925 27.1461809239 25.8082115935 24.5012462064 26.9864211807 24.0748255229 26.166123509 26.5050558693 24.1524497966 24.4639933845 26.8307366249 25.2516314813 25.4529514962 24.0169555617 23.082344303 38.0518174909 26.9813731507 26.5259554402 26.4367857627 48.2839033169 61.0700648388 61.0700648388 25.203397117 25.006167289 26.425348959 26.0776680414 25.0447589407 24.5477329625 26.0643796485 23.9149895238 26.6142363767 24.229644806 23.4910685808 25.0507150869 25.6545699242 25.7044340745 23.9822110533 25.5909540062 27.2253943408 25.072026706 25.309629538 25.1787056914 24.0792394533 26.289805137
23.7590071174 26.5478754973 24.2124507368 26.1093435186 24.3578216471 23.1846172345 24.7941855999 27.0058501591 24.2055321309 23.4983171567 25.6269829174 25.4375497171 26.9229027959 24.3686759228 25.3846192137 24.7567117684 24.5457270487 25.0341234321 24.6025013399 26.0041489346 25.5591166454 57.7935141845 23.1287878874 24.0616150499 24.3971329536 25.8199177541 23.3419380844 38.4528470147 38.4528470147 26.7648942245 52.409577885 45.7310781997 24.9980037574 45.4444826823 45.2314256482 26.2012546365 23.9458685386 26.5855591164 23.8364556658 26.2409044301 23.0141150138 26.3062540823 23.4540558832 23.9767306913 23.5115096543 23.3624167493 24.8458955822 26.4132800511 25.2800040357 24.3227443028 24.884527461 25.6503460081 23.7398755203 24.3343326593 24.4562546966 24.3707359693 24.8029251701
25.7915708615 25.0043725767 23.2465374704 23.6741907651 26.4886219845 71.3867392151 23.4628381484 25.3406947229 25.5273647039 23.1639600236 24.8747222167 25.0035704787 24.2035875956 25.0603503911 27.0728110276 26.6980188674 25.8382023278 26.4206532935 25.9962951068 23.276021647 23.1738622706 24.27437099 57.8855129509 23.7457856319 47.3541427919 24.942521002 43.7130604013 38.4528470147 38.4528470147 38.0518174909 52.409577885 52.409577885 23.6745728507 61.7033981803 61.7033981803 72.7692296606 72.7692296606 72.4507875924 23.8944670945 24.9506357301 56.7924568298 56.3058415861 25.9638704222 26.2051497423 25.0669733518 24.7656903242 24.0999627087 23.5595925602 24.4662415615 26.6650827605 61.7565888769 61.7565888769 25.2304395092 25.3649492751 26.570647487 25.709022221 26.7200579231
24.710093585 25.4233877363 23.9802612338 23.738470346 24.2180500752 25.9851517429 71.3867392151 71.3867392151 26.6938811898 23.1643204153 24.5654895961 26.5860211931 26.044705225 25.1925195047 23.1206423071 24.5495667378 27.0825165456 25.7603178011 24.7537038859 25.0729820879 23.1350217116 23.1064768909 26.1094540247 26.3892959676 26.6949259783 23.3204129943 24.1696345041 60.9703477572 26.2449215517 26.3205258743 52.409577885 52.409577885 25.9298463019 61.7033981803 61.7033981803 72.7692296606 72.7692296606 72.4507875924 72.4507875924 56.7924568298 56.3058415861 59.1839534918 59.1839534918 59.1839534918 24.0920152773 57.9525136974 23.4183441689 26.784605645 56.42680159 25.8561813884 25.42634025 25.6134885503 43.5105129193 25.3768142794 23.6016036096 24.0694245437 27.1169631894
58.7821458875 26.1085182885 26.4422802093 24.2365608038 48.1587760498 48.1587760498 23.0988472756 24.3905555906 24.7726437213 23.8061675825 27.1686664236 24.9356638343 24.1748126863 23.7737469036 24.690200091 25.3819315063 24.3336160432 24.0701954894 23.0391245724 24.7961460655 24.2301504093 25.2559749207 24.4026555289 27.2284061513 26.7912513584 26.9750923752 23.3299356778 24.5919219903 25.8495553365 25.0220913422 26.6985684824 25.2734162884 46.7493691511 64.1892999251 61.7033981803 47.4319964062 72.7692296606 72.4507875924 23.6375240533 56.7924568298 56.3058415861 56.3058415861 59.1839534918 23.6319423877 23.8758251949 24.5605380307 24.1364756309 53.9625294893 53.9625294893 53.9625294893 27.1869375981 24.8509302268 43.5105129193 27.1166661664 26.4888791676 23.6152103142 23.1661881225
48.3039168787 27.20674905 23.7328725799 25.5012039214 48.1587760498 25.2976941969 26.6392161499 23.2089741623 23.5410890528 24.913723705 24.1823442308 23.3680275826 23.4305621029 24.6956960659 24.2282024235 25.8469954077 25.3091235771 25.2107305006 26.3631993358 23.919014573 23.0517103832 25.2926255307 26.2731189983 23.3667008011 24.7403343361 25.2198229712 24.8716555289 25.9425643764 25.0545881016 24.6901629104 25.8014192888 26.2866150016 23.4357335103 57.6633493484 68.3045458959 57.6633493484 23.5340296746 26.2190900521 26.1471100475 23.0119804543 25.7626086026 25.7195204076 59.1839534918 24.2065925043 25.9316201038 26.2996475499 26.6549588767 25.7781812808 53.9625294893 24.6754027372 23.5947726595 24.9649583769 27.2411309102 23.8334154459 24.6905106558 25.9072641283 25.8667095431
48.3039168787 46.8911575706 24.7607201983 26.2627136609 23.800638737 23.6744567913 25.3534336547 25.52860454 26.10970896 24.3628782919 26.7351400145 25.3072134241 27.1585883852 23.3653049669 23.4606685275 26.4033427447 26.2055107311 26.9257319033 27.0831653581 23.7597876474 25.8468857335 24.1076670131 23.1584182191 23.5347640815 25.1398747005 27.2355295973 24.6161394064 26.5084688358 24.8522963601 25.3922709688 24.1490675811 23.8196552892 26.1325710914 68.3045458959 68.3045458959 68.3045458959 26.2194055634 24.3694214797 25.546928855 24.5924339041 23.5519613642 26.2107146941 26.5595007612 27.1078420854 24.2128822097 24.5980756547 24.0988769798 24.3561784586 64.9054984902 64.9054984902 26.3488447299 25.1290866954 25.0602660587 23.4408942325 23.1269377908 25.7582628827 26.6893399675
46.8911575706 76.3359999691 25.5380291587 23.678425287 25.0923208135 23.2623267705 26.824598302 25.1929570075 25.6052733316 24.485984639 25.2103987384 26.1072235955 25.6477657761 27.1823764484 24.8075526609 23.6691937124 24.4940973227 26.9928167859 26.8253906275 27.0957267215 26.3315085494 25.2155462426 24.5516886104 68.2422726101 68.2422726101 25.5161263943 27.2189882961 24.6232936276 26.6291594341 25.9783206433 26.9384452242 23.0250258859 25.0052057927 56.5995700635 56.5995700635 56.5995700635 26.5177861732 23.0127550604 27.0796036977 23.7216035832 26.9477781665 26.932695052 23.4194077041 23.6905343388 26.9808100975 24.4204236199 23.7871722848 46.9015130398 46.9015130398 46.9015130398 23.478162711 24.4405066121 25.5323145848 25.1212781506 26.1282709683 37.1322010723 37.1322010723
25.6497343975 76.3359999691 60.6491680126 60.6491680126 27.0004409747 26.3418790772 24.0856128351 24.1494762287 24.7362790239 23.2678578398 25.4916973187 26.4221736608 24.6579004526 26.2182072427 26.1787003203 24.3576347287 24.9175862289 26.1543532742 25.4178105209 25.3012238822 25.4916754415 25.6301674391 68.2422726101 68.2422726101 68.2422726101 26.7500178605 23.629895916 24.0401034924 25.2124973677 23.6484733939 25.6847104794 24.6649250415 24.0112879684 23.9683810528 59.0902433032 59.0902433032 23.2340151238 24.6963057795 23.8896772109 26.9915474853 23.4537744855 24.2661337732 26.0005732876 23.2397667798 24.9191032323 26.8146892551 23.3840310024 23.7991260997 46.9015130398 71.7623117823 72.7233670874 24.8950422586 52.1418275965 52.1418275965 26.3387046799 37.1322010723 37.1322010723
23.8465409113 23.816244081 44.8551823556 44.8551823556 24.0026249785 25.2345573356 23.6850368967 24.225874215 25.2419561777 26.4617104211 26.6986756778 25.6587986989 25.1282804338 24.9534675023 23.0669634869 23.1489263816 24.0002623293 23.2470880707 24.1072478955 25.8902430395 25.3863277061 26.1840233756 26.7430889183 68.2422726101 26.9286626471 24.6688375473 25.1769810125 24.5219921357 27.0424196127 24.330524969 23.2043728489 26.90474612 26.7685543082 59.0902433032 59.0902433032 59.0902433032 26.4331964185 25.6673682646 23.1025748385 25.1063172722 26.6482575122 23.0934463138 23.3093609872 24.2080002715 25.7800985221 24.2402424182 27.117687254 43.2753881381 72.6904920801 46.5504849253 72.7233670874 72.7233670874 52.1418275965 52.1418275965 26.077540525 23.8716522504 37.1322010723
25.5508334495 23.1843752243 44.8551823556 44.8551823556 26.7236299692 26.1265839036 23.8065314107 24.2287290697 25.9569251653 23.8495138007 25.9745371584 25.1645585803 23.6328099217 26.5151207521 24.1143742461 25.7481580932 25.597296754 25.2597054668 24.1273869377 24.0970536193 24.4670527708 26.2856627978 46.182466304 46.182466304 46.182466304 24.0277958499 26.6079821682 23.7727706042 26.6649996097 25.9581131613 23.8017755443 25.9323890596 25.4351577629 44.8180418981 43.7241054882 43.7241054882 43.7241054882 26.0671923472 23.26135775 26.0941774014 23.3861409778 26.9822223538 23.008786753 26.9400111612 46.6006394742 26.7364232877 24.4282400377 43.2753881381 72.6904920801 72.6904920801 72.7233670874 72.7233670874 24.7661180522 52.1418275965 23.085310081 26.1767426253 24.7347065766
