Spatial_Output/BAU/BAU_0642.asc
NCOLS 155
NROWS 192
XLLCORNER 196307.867259
YLLCORNER 449144.565805
CELLSIZE 33.573938
NODATA_VALUE NaN
[rows 50 to 74 of 192, columns 57 to 113 of 155]
28.3833188177 25.5193534561 29.0805239717 25.0062706398 49.7804200995 49.7804200995 47.7751418228 47.7751418228 27.1630447032 27.480089156 24.769154316 27.5645096626 24.7302225345 62.9382706911 70.1152508339 25.2914360213 26.6014312951 24.6388257695 26.3092827498 24.83095893 24.5144367228 28.5468685919 27.4206283749 28.1863111511 25.6034269526 27.2267064774 28.3907737862 27.4694966959 26.1315441231 25.3838836622 27.4562388083 25.3241376977 26.889586238 29.2710758992 28.7381012704 26.3922827729 24.8092946685 28.1065103614 24.6938402847 24.5592057939 24.5033776633 27.9762832876 27.9679744657 26.6600247765 27.9203282113 24.9065751147 28.5052913137 24.5343977666 26.8939992829 26.342353833 28.9251684974 25.8158795881 25.2776057655 68.3205181005 26.6300764912 45.7895179734 46.8348081939
72.6872749993 26.857622028 24.7223191759 61.1984337297 59.1231396527 50.6462359365 50.6462359365 28.4008980147 25.1474176077 25.0428455492 27.8662700658 29.2563777578 62.9382706911 62.9382706911 62.9382706911 57.4970444596 26.6919226027 24.7119383263 25.5617150566 28.609187494 25.5385679769 25.4686680934 28.8806427386 26.4937944661 28.4253924116 26.2761147404 28.9265780205 26.5149161365 27.5423357868 27.1043754204 28.2434491147 27.7806320957 26.6650290421 27.2482644814 27.6823444877 28.5000339654 28.1889721678 28.3370505196 26.8561721539 29.3475518659 27.1324948313 24.5039144756 26.733708814 25.3718372702 25.5898447386 25.0225233353 27.5571152626 26.0546359765 26.6517396271 25.3370927952 24.5624124111 27.998498652 27.9023680512 68.3205181005 26.4878716153 25.4862689876 55.7133088823
51.4056901856 50.9983104402 61.1984337297 59.1231396527 59.1231396527 54.2469606554 50.6462359365 28.091359165 26.1578391578 25.2578768538 28.5682227273 25.299210999 26.1361441957 59.8101464904 59.8101464904 26.0215217745 25.2507871126 24.9987765674 27.3215796425 28.1062325985 28.327459609 25.0889155149 26.5038244026 24.8506032648 29.4295109648 27.4195696684 25.5224205878 26.1967037731 25.0186993299 24.7714945001 26.156927339 26.1011233914 29.3666062529 28.5907768262 26.9937847245 26.4415986687 28.9705929674 26.6131933084 25.2189530088 26.8760628649 28.6552139075 28.2781902488 25.6873398367 25.3351091463 27.9027932783 29.2651237995 26.6939102738 29.0174275189 29.0750210415 25.0715494843 25.8956203043 28.3143880569 24.8764953784 51.9874886296 26.9596146171 25.8277345049 66.7895433057
51.4056901856 50.9983104402 61.1984337297 61.1984337297 59.1231396527 54.2469606554 25.0483383438 29.3269562716 24.619683323 26.9257921507 26.1001143059 28.2161882542 59.8101464904 59.8101464904 59.8101464904 29.2037464706 28.123356183 24.9150986145 29.3188894057 28.156455957 27.1932156138 27.9691912403 25.702461803 27.8238659668 28.7646829929 26.2025160549 25.5414147313 28.519569717 25.8092685268 27.1617469529 27.5479951384 27.4107322034 24.7348587752 27.2527606427 24.8825915624 26.9372149632 29.3629792124 25.9327666431 24.6291958858 29.4167058483 28.6974401774 29.2596478713 28.0195858463 28.068581827 28.6632781991 24.6121357989 27.6856706529 27.7888693939 27.0127911411 24.8712926922 26.5603432401 29.4444446557 24.6661954569 29.4372914287 25.3307333676 26.7669607779 27.7945307734
38.0891990285 38.0891990285 24.8573544688 25.5377487807 59.1231396527 25.2661501254 24.6088683496 28.6633072301 26.5047916714 26.1957852038 27.2509185715 28.6728620552 51.2677141315 54.4785140182 51.2677141315 51.2677141315 29.0526259731 27.6877499969 29.2036700127 27.5265696884 27.2284769989 26.4363701891 25.0637932598 24.7249968372 25.2710665697 26.7333973446 26.4711970891 26.1938418459 25.1854253608 25.2162593459 28.6315133301 25.4993131074 25.8007823227 24.8024096536 28.9234083933 25.4069481043 27.5127603482 27.5128421832 24.776634572 26.3924648239 28.1354251587 28.6530056271 25.0260102792 26.11037537 26.0401481886 28.3311080869 26.6924883662 25.49499225 24.5210732665 59.447600663 27.7184029903 24.8128942709 26.0127789802 28.427338038 25.798879979 27.5113013529 49.0605329195
38.0891990285 29.1339817067 28.341513102 28.5304942173 27.0900497873 29.4357010717 28.6559599864 27.7569473121 27.2938432088 25.3253036601 28.9092267828 26.2817543358 49.7476461689 49.7476461689 49.7476461689 28.3341432802 27.2167263665 26.0275150948 25.7858196891 28.270373645 24.9683445661 26.6876248903 28.3671290954 24.6541809879 26.0929205668 27.3163583532 28.3058265503 28.4095507613 27.5660501429 24.9806572815 28.1102220986 27.163460158 28.0706107006 26.2892535883 27.7574248628 25.2996090961 25.8012802149 25.4519652664 27.2337026853 25.0923876991 28.7903750088 27.9689579962 26.1845181533 29.0919460255 24.7321664435 28.988603593 29.3674784821 26.3406673383 26.5821020708 28.1494252226 24.9252674112 26.9194307219 24.755223007 26.4505969684 26.7670868961 24.8293127423 52.6892143817
45.7695797448 45.7695797448 45.7695797448 27.6530315728 26.8198247271 67.2755358911 26.704788731 26.1326124373 28.9798309202 29.0473114136 27.3072298086 26.4158847002 59.5809666114 61.6995232518 61.6995232518 29.0801120196 28.6657091981 25.8849571592 28.3431456691 27.6924130356 25.8140573509 26.3913986557 26.6413526695 27.1460174698 26.1872965833 28.606253497 25.2772502596 28.328746387 28.389813241 26.254897836 27.5862403442 25.7073630392 25.6528231415 25.5043621899 28.1909666257 27.2381607855 24.911237685 26.9762156722 25.4095442375 27.3501033301 26.4532269009 28.2099652247 25.387733061 27.7654930853 28.9234962132 25.660809394 25.9074542285 25.6109937489 26.995273359 28.7281278139 25.4599500066 26.2842048776 26.7666206978 27.848282391 24.7450995762 29.0626536888 58.8386259703
45.7695797448 45.7695797448 26.466441845 26.4956914826 67.2755358911 28.6070297083 53.8272555964 25.1566832188 25.9377995942 25.9639723524 24.961142694 25.6119707207 61.6995232518 61.6995232518 61.6995232518 26.6190860579 28.0792401274 28.0830189712 26.7029730355 25.5983133894 25.4885320251 27.4024110417 27.8380414889 26.5724985205 24.932697563 28.9321330101 27.9473180856 25.2892236857 26.7438104062 26.1919352169 26.9072788316 27.7888616115 26.3402885629 28.4042988737 25.8288728335 25.2645881101 26.6756590169 29.4437558435 25.6116698414 25.8154329197 25.5367196505 28.969961765 24.8926893753 26.7699078375 28.154653169 25.8771372332 54.8754651548 54.8754651548 27.2792858026 28.7784975036 24.8118891986 27.751558147 27.4898088178 27.1881581766 25.5009599988 26.5604388291 58.383683461
59.6024598084 59.6024598084 59.6024598084 74.9939306442 26.6257120103 27.5630333744 24.5834516828 25.5271973936 28.1126797871 26.6147984283 26.591731479 26.9217965058 41.7021660609 47.1562706281 47.1562706281 25.8280140067 26.357248955 25.3792104879 26.7195098555 29.0345743869 29.4202255824 27.3319929545 26.9429374159 26.7308801208 27.5101464031 26.2460811211 28.2825679586 24.5872787462 27.1081936862 24.5663229356 24.6777784045 26.0685682538 28.2855337716 25.5769616723 24.6189174262 25.376486397 27.3668301068 29.3188567321 28.6713110932 29.2865408759 27.8308172339 28.9575843197 25.8629222818 26.1206878593 27.1972019088 26.777480619 54.8754651548 54.8754651548 54.8754651548 29.3990040647 25.0367394117 26.2451203799 27.3754434432 25.3252684818 24.731921939 25.2388534074 28.3866986628
59.6024598084 59.6024598084 65.3559548586 56.8245528886 28.1845416617 28.7597117855 68.1164273094 25.960289763 26.4730740119 26.0609194471 26.3272230057 28.5799125895 47.1562706281 47.1562706281 47.1562706281 26.8814898697 24.6635546372 25.132373606 28.1584776369 25.0488500404 27.2737164213 28.8399173108 26.314952927 26.9075352784 26.8869062021 26.9240740595 27.677596267 29.3760413417 28.4988638024 29.0712721086 26.4319089071 28.9941970562 26.6979568533 25.3799477046 26.1196953088 29.4173309868 26.7253057842 26.3268641154 28.6795501864 28.4001947341 29.1400560582 25.6246559041 26.0171179395 28.2844872797 64.7920882584 64.7920882584 64.7920882584 27.7115999957 26.4639684463 29.4368743338 28.5082746163 25.1251844029 25.8233044702 29.0009012396 27.9090432001 25.0181072035 26.9312412633
55.3272400946 55.3272400946 55.3272400946 56.8245528886 56.8245528886 65.2731876094 24.8212363446 24.9936368038 27.6614080604 24.6595589527 27.3941930608 28.2020857524 83.2117400841 41.1193456959 41.1193456959 27.5257189232 25.0423545686 26.1859230469 24.548300837 28.3728975953 26.1417602866 24.759479945 25.082174953 27.6809339121 25.6322732716 27.3671841786 25.9488905665 25.7213110948 26.2113433997 25.2404041504 26.9333868312 27.5477043799 26.704123433 26.0528029462 28.8771074656 27.8600117632 27.9825166026 25.6997264369 27.4253711567 26.0932350225 25.2427073118 28.3042930305 56.4233218923 27.0873410818 29.2340712102 64.7920882584 64.7920882584 29.2641138804 26.1107671248 25.6209437516 28.852992957 28.1543750044 25.4946521737 27.2276487181 25.5319550721 29.0332914766 25.1742462471
45.1593613116 45.1593613116 46.5757724836 46.5757724836 65.2731876094 25.8404787143 24.5114580557 27.1830122895 27.7346114529 25.3399166508 28.3812706438 26.444998375 25.9842837745 49.6296633219 57.6183808079 27.3714460826 26.3786044829 26.7785973891 28.5552481889 24.7376778324 29.1904117282 27.7845642302 25.9166250176 24.6371585393 28.5353263521 27.3394641562 24.795303705 27.7617648463 25.3041817998 29.3174729432 29.0929887871 28.5193396864 25.8221267768 28.0945692916 24.5930246727 25.6299338558 26.2793853255 26.6358276936 24.8674651806 25.642726404 25.503934428 28.5053652597 45.0973807019 45.0973807019 45.0973807019 45.0973807019 26.7010877526 29.3862166653 28.7290452595 28.234331331 25.467272225 29.0810682295 27.0677563369 24.7391992742 29.4492824363 27.1063546672 28.758572923
45.1593613116 45.1593613116 45.1593613116 46.5757724836 65.2731876094 66.0420168085 28.9597097348 27.6646578304 28.2743682238 27.7262111661 27.9538324392 27.7106463026 49.6296633219 49.6296633219 49.6296633219 26.1758403033 28.5982961436 25.1135490259 24.645726594 25.7986253853 25.5896038134 28.360162235 28.5577533334 26.8336373157 27.493991333 28.1696776565 26.1306522209 26.3636193118 27.5086769166 27.6363603047 27.3354774119 26.9004600406 24.6672120533 24.9793370086 28.458754317 28.4694791478 29.0164159431 27.7642312695 26.48636045 29.4415389146 27.4714280351 27.9893000067 61.3246923063 45.0973807019 47.9076086511 25.2752464716 28.7277868893 28.5482209797 27.8887415674 29.1159435344 25.5208923815 28.4392364535 25.9679925155 27.7502642905 27.4465304685 28.9423704682 25.5212483604
65.5773514097 27.7677389873 26.229126015 26.9885813752 28.2201644096 66.0420168085 26.2400338424 27.5997420278 27.3334828548 27.9225667622 26.2405737932 28.198569639 25.7167505354 55.7143160171 39.3156646061 26.0328648807 25.1107034492 28.1210481943 26.5883796439 28.0463846047 28.080336846 25.0519587649 26.7719993939 28.0623307663 28.0346123921 25.4343346137 27.1313877927 25.6915532244 25.4623642763 25.4627063802 24.9792283233 25.2923940527 26.2312713131 28.0191791882 27.5428155588 28.0452802855 27.7084880578 25.6558011996 27.1209008263 29.2048085943 29.2110082972 27.4301725888 47.9076086511 49.3780346691 49.3780346691 27.6402859338 26.4426667141 27.9226256896 26.961481753 28.4736665939 26.4619944254 27.4987713425 27.1949242807 27.045836183 28.4047739241 27.6037762643 25.3159187401
48.3763956828 74.3204678895 26.6843131568 65.4329945429 24.6270728476 45.6832629467 26.9858640981 27.9703959735 26.0464496341 27.8929177937 25.7401968314 25.5750196052 55.7143160171 55.7143160171 55.7143160171 28.7412907456 27.0694564447 28.5716840819 25.8147436395 27.6185463035 25.6261927134 25.589260374 25.6311374628 26.3965330852 28.8367686934 27.1425263132 25.8456104477 28.7728808077 28.6025630194 25.2830668894 26.4945722394 29.0580545229 28.4874652643 29.1214518988 29.0888444348 24.6923413981 26.2969373422 25.4825435665 27.9533587394 28.9833006992 26.1961600407 28.06849766 49.3780346691 49.3780346691 49.3780346691 26.1086165818 25.4370105533 24.6574539323 26.7245120082 27.2833529381 26.3101103173 25.3755791178 29.0877787253 28.5188834774 27.2031623712 28.3261317828 25.1606658375
44.6727540747 45.2542557232 65.4329945429 65.4329945429 26.1994021393 28.1943838013 28.4205310262 24.8091124759 26.0962753879 27.0227171734 26.9384348218 25.907118374 26.6097392027 55.7143160171 28.9062028138 28.6708877987 24.9543867916 26.7491741921 28.2907934398 26.5286658688 24.5358016383 29.07849973 28.7918262115 27.8752843397 28.2180047368 27.1191998613 27.484397356 26.7395273986 25.9828628006 27.3089841662 26.4131184686 26.5414623595 27.120392539 26.6015468966 24.9669220561 27.4911004841 25.7176034844 26.9474568516 27.8301529376 28.8512285753 24.8792904453 24.9162845485 24.7761128095 49.3780346691 48.4823777418 27.1492585147 28.1407016725 28.1811530813 26.0688262759 25.7838690168 26.7015600585 29.1287490504 27.6059098079 25.4290757405 27.204430706 28.7302298741 26.4790701047
45.2542557232 41.9158245928 65.4329945429 65.4329945429 29.0537647625 27.9123289055 28.7741791011 25.4324478688 64.9504078529 74.8268405357 74.8268405357 26.8284906356 42.3822598092 73.6807352329 26.8691077506 25.1696429333 26.2231745204 26.8215913384 28.5787702874 43.7549871406 27.8312432831 48.4085361345 58.6909666097 29.1884577829 53.3155162751 53.3155162751 28.8180147542 24.9345729651 28.7368137261 28.7644048004 25.8367109723 26.2700876032 24.5084002814 26.3509392703 26.3102040762 25.2259924735 26.2027903471 27.8847623453 27.1214890848 26.2225999788 24.6166923023 29.1290014434 28.8975827839 28.1157251548 28.6231605643 24.9552376439 26.4935950033 25.2643660906 25.779897519 25.4244829285 29.1353198502 25.1113615629 25.5264475469 28.0043225652 28.9034217794 27.3169234339 24.9530616606
27.0302152596 65.8154495125 25.3322545718 28.7292123042 28.8325576022 27.6658033082 48.994703043 24.6169059776 27.2779866645 74.8268405357 74.8268405357 64.9168707903 64.9168707903 64.9168707903 75.5520716824 25.0393382009 26.4236379542 27.4927748469 27.5097533514 43.7549871406 43.7549871406 48.4085361345 48.4085361345 58.6909666097 53.3155162751 53.3155162751 27.9371109117 25.4314318204 26.263116045 29.0624177293 25.2686051715 24.6994245828 27.7041579308 27.2701093121 28.3281082814 27.2503954393 24.7345998817 29.3239226872 29.2046745727 29.0643459557 29.3623906692 28.1168982562 25.9026045808 26.3853778972 25.1392983503 27.0305888772 28.8753458642 26.7699512274 27.1964662539 28.9156565556 28.8326724804 26.4793108627 24.9264810917 25.0779579145 25.0078466491 25.835539945 26.0843628438
29.0635643176 28.3842086397 27.0652297909 26.8328065055 42.1543634348 42.1543634348 42.1543634348 29.1521509943 25.0117236166 74.8268405357 74.8268405357 42.3822598092 64.9168707903 64.9168707903 75.5520716824 28.1597982674 25.0162952105 27.4392516842 29.2980685218 43.7549871406 43.7549871406 48.4085361345 58.6909666097 63.8472400613 51.1942895532 28.5454653851 29.3763846537 26.8237999 26.836183309 28.901060363 25.7296257961 26.0856013874 26.8587161087 24.5865815695 26.8734456701 29.2333162962 26.5447535281 28.5442296335 28.3382902843 24.7893500639 29.1078095932 26.0601083941 25.9071663409 24.7966182521 28.7025774548 29.2151278974 26.5756991863 28.3495278639 29.2682979364 24.5795375578 28.4400627322 26.7195081451 27.1266470398 26.5738387373 27.1511585475 26.5949021514 25.6557265451
27.8657800255 28.0484155092 27.060082412 26.2889026553 28.0035719791 42.1543634348 25.8332484975 29.2623362081 28.5622919522 24.7165664937 27.6410827082 28.3835760449 64.9168707903 27.1919496941 29.3780336345 25.5807546849 28.9906254167 66.294484524 66.294484524 43.7549871406 26.5088277381 48.4085361345 24.9747120707 26.0642732058 26.1834787986 53.6626467002 26.4115688953 25.9223315625 27.5069397913 24.5428027823 28.6154001801 28.4825067429 24.576043949 27.4294936096 28.2154944413 28.9811084048 25.2989982241 27.6898702497 27.8025157654 24.5777221171 27.6216086878 27.2395113916 26.821646827 26.697437775 24.7592840715 25.1284414135 27.4077011796 26.5813481626 27.4663950931 28.7165397558 27.9682750536 27.0988284437 29.0198625153 26.6395928799 29.0946736911 28.2253729152 27.220817031
26.5242035594 26.0162340463 27.6224882797 26.7417452075 28.650248578 42.3861392039 25.5406047512 28.9405410943 28.2008766145 29.3194481664 27.836832788 27.666195912 26.0613920599 28.4838932663 27.4592945903 27.6576994766 25.4731129203 66.294484524 26.0579534995 25.6167859892 24.8572735237 28.0915268162 25.3619166055 28.3488851395 51.486055603 51.0281029656 26.849768885 25.1696188565 25.4836795831 25.6854927084 28.149361787 24.8032507927 26.5768199901 26.3532170172 27.8752458013 25.0082161865 26.6904165407 25.3075836633 29.3537820405 27.0784109246 26.526440535 27.9110393668 28.1601702836 28.4208130709 28.1759860582 26.3654340015 25.6963964272 24.7392960703 27.3180613239 27.9861719013 29.3537868873 28.8578050259 29.3801760024 28.8904426929 27.4723062789 27.5040884159 24.5144244386
72.9977281852 26.5881795804 25.315210643 29.180419176 25.4118562337 72.4305701299 50.7170195847 50.7170195847 29.1831451845 28.9380193571 28.5995518847 27.2493705293 25.7963870509 28.3031692013 25.5145583483 24.5717578582 29.0471891892 24.8928117905 29.3508344996 28.852399956 27.6969558415 26.4200201283 26.7782087388 51.486055603 51.486055603 51.486055603 27.3840530718 26.7532967502 27.9131708207 27.4453688387 27.3160799746 25.6258679057 26.8001482569 24.8386007717 29.2537725205 28.5120041076 26.6608334772 25.5290418363 28.1146835318 26.3133824227 28.301373282 27.9430488387 27.5607901821 26.2825769139 25.9050622881 29.0260502353 25.5308347981 26.993887958 26.1470616151 25.7438888157 26.9874440723 29.341113229 29.0061097454 24.9902947345 27.8560881826 25.5473207276 29.1287365014
24.5885003499 29.0608073783 29.3697113066 25.9331514964 27.709484807 50.7170195847 50.7170195847 50.7170195847 28.249598235 28.3721052932 29.4461961807 25.7417971015 24.7044383538 26.4860040206 26.3726144786 26.3561203239 27.0875695618 25.485359143 28.0483818284 25.764833221 27.562366753 25.2597443799 29.2530885825 54.3507031189 54.3507031189 54.3507031189 25.6703409726 24.545131429 25.6329831675 26.4652557156 56.7413755152 69.5263378413 69.5263378413 29.3512872604 59.9881417618 62.8378743055 24.8030055984 27.3874043845 27.4762594507 27.6213370059 25.1442172198 27.8351248135 26.9091643857 27.3057419453 26.7426506269 26.0419309661 25.9465660734 29.1830113149 25.3998914266 28.4814872658 27.4292324602 28.0414900459 24.6420896598 29.0422927841 25.5590686901 25.3066270602 24.6659855712
71.4672917093 26.3294201894 28.3186332632 28.2361306522 25.0195368202 45.0845995076 27.2865280538 29.0372915906 28.4951474678 28.5007507988 25.4366914519 28.4807062165 27.6218803653 27.2137816212 25.0240702036 26.0363779858 24.8452097063 25.2091471752 27.3878339156 50.8201974372 57.525836637 24.9240014541 26.6979950926 48.3599475974 54.3507031189 27.5528982601 25.1199991537 27.4001307131 53.4473507678 53.4473507678 56.7413755152 56.7413755152 69.5263378413 69.5263378413 62.8378743055 76.463463446 76.463463446 29.0737435511 25.4539483879 24.6999861387 24.5160969426 24.6635218121 27.7019237621 27.6763302915 25.2255137539 26.5768830488 24.6391709914 26.4257778818 26.0004545442 28.9394450377 26.8983833276 27.2420405567 24.8890744589 25.0124820622 28.4588240344 26.2829097392 26.0256313187
25.1402011529 27.0099856553 26.0361759397 29.3861829585 28.9622382128 25.5478887793 27.3066172434 67.070422592 28.424581361 29.0458528124 27.7725505199 26.0328594711 24.9582668259 24.6662281005 28.9743601337 51.3407705697 24.9142463412 28.2664068883 28.3588250904 25.483341977 50.8201974372 57.525836637 26.146397095 27.8624528009 26.4417321501 29.2820581006 27.5436069026 28.0062206066 53.4473507678 53.4473507678 56.7413755152 53.1839543438 69.5263378413 24.7593982155 62.8378743055 76.463463446 76.463463446 29.080941502 25.0588937085 26.0228010681 29.3688965971 29.4310302602 26.3110252899 28.9887658171 27.1153196721 25.2649337638 26.8721898685 27.172931395 25.5496362445 28.3967232137 28.341262676 24.9904622554 26.3973027244 28.7233401369 28.4454022058 25.5782354904 25.8441759846
