Spatial_Output/BAU/BAU_0520.asc
NCOLS 155
NROWS 192
XLLCORNER 196769.923733
YLLCORNER 449719.875193
CELLSIZE 27.603701
NODATA_VALUE NaN
[rows 115 to 137 of 192, columns 53 to 105 of 155]
27.813110708 27.1403030682 27.7925174102 27.375161748 27.6891585717 27.9726852373 51.0804986624 63.6723660945 63.6723660945 63.6723660945 50.6227292447 50.6227292447 47.4224943969 75.1754505161 75.1754505161 38.2563939199 38.2563939199 27.8678774067 27.8459724915 27.5406067623 27.1232132213 44.9155107841 45.6199372923 59.4599540291 59.4599540291 59.4599540291 27.4234126901 27.5961675685 28.1725928701 28.0208214562 27.0435699806 46.0958785597 27.2122726264 43.1708725187 27.6965933901 42.9781074092 28.0043077169 27.1770957887 27.3420439536 80.2796529368 80.2796529368 80.2796529368 62.72314828 28.033863869 27.8916154282 28.0170577823 28.0488506747 28.2045318863 27.2445864745 27.6732959848 27.1776128025 27.3063898715 28.0091378481
27.8175252377 28.203516651 27.1751815101 28.3535470215 28.0998946982 27.7668413817 51.0804986624 63.6723660945 63.6723660945 63.6723660945 28.3624443365 50.6227292447 47.4224943969 75.1754505161 27.0472395536 28.148034484 27.4415366148 28.1974799856 28.2904146661 28.0597575912 27.1066620229 27.1904609066 27.1377910037 59.4599540291 59.4599540291 73.1826127883 27.5489712567 27.5672805202 28.2041222512 27.4118031574 28.3791240916 46.0958785597 46.0958785597 27.4744501304 27.6749657406 27.9856964574 27.3407316833 27.3392815178 27.0667766584 27.666471777 80.2796529368 28.2631502498 28.1679637241 27.3361643589 27.3501972933 28.4048534694 27.9353773637 27.1730433008 28.3453837855 27.5489883882 27.3885016954 28.3024990574 27.9691258607
27.57708146 27.8997242231 28.2907675718 27.3614790406 27.2553067064 28.4007673298 27.7087631405 28.2355400021 27.3920594273 28.0766413842 27.0334816992 28.2202593896 27.6681412522 27.8451855553 28.2139817808 27.6744498398 27.5974843288 27.4210296468 28.0179328258 28.190668812 28.1937161305 27.8631663689 28.1869156634 28.2341323931 64.4287457827 64.4287457827 28.2030358714 28.3123950006 27.2060667644 27.6631869033 27.1751556207 27.2373057362 52.4684788109 27.5053539587 27.150859379 28.3755128397 27.6240978005 27.3986559087 28.1259888067 28.3424488553 27.0195530037 28.0128437009 27.1929673296 27.2015257486 27.0224800044 28.2155826915 27.1649561759 28.0602814429 27.9663485099 27.8487318764 28.1587633359 27.1765071471 27.846980595
27.7778557713 28.1478712383 27.5036054123 28.3837787389 27.1170862901 27.0041412388 27.8984153558 27.6407528594 27.8418162504 27.4402381873 28.2488837165 28.3990548078 28.1280213455 27.3097568501 27.744866765 28.4032803401 27.8359943941 27.3419451995 27.3256269241 27.3463271757 28.270046775 27.3069219427 27.6108691819 64.4287457827 64.4287457827 27.4720326414 27.7175121204 27.4637333723 27.673557538 27.9046027771 53.2975532501 28.0161383485 52.4684788109 28.2463171223 27.6691549917 28.157399134 27.8566303626 27.2813147127 27.7167655992 27.3926177245 27.8895683 37.7000514085 28.071902742 28.1048491341 27.9490965509 27.8891830203 27.4742960179 27.1677169773 28.0368972884 27.4883488602 27.6854362416 28.0627381464 27.1716649485
27.4906083371 27.2851375579 27.357802098 28.1341103567 27.8896720156 28.0674846873 28.0792353727 27.2712775891 27.6427327494 28.1304867039 28.2177934345 27.9626384687 27.1766942685 27.7717798406 27.1217733199 28.4011331544 27.4705718653 28.3874393474 27.5833315926 27.9979564276 27.0958957594 27.8893411231 51.7209335857 52.2584686531 52.2584686531 27.6925011613 27.3581446843 27.3543243257 53.731467011 51.3273471004 41.964882908 63.3752823857 63.5027818889 51.4222385152 28.1687020088 51.9931345894 28.3744480448 27.2840122519 28.3496467262 37.7000514085 37.7000514085 37.7000514085 28.0921821679 27.3800406523 27.9532680605 27.373138079 27.8060140481 28.0746730217 27.7756412224 27.3441992421 27.0307071658 28.1092222652 27.4812977638
27.780873792 28.2553898031 28.2381879088 28.3504765593 27.7818984282 28.1566179583 28.3584018519 28.323156067 27.4159749346 27.7126462855 27.6400360033 27.7249024154 27.5530918179 27.2258015484 27.3158290289 27.1813129389 28.3294700252 27.3849452078 27.7770657575 27.7257717532 28.2987296378 27.049979481 27.2367699271 52.2584686531 52.2584686531 48.3350404398 58.4481229336 58.4481229336 53.731467011 53.731467011 53.731467011 63.3752823857 63.3752823857 51.4222385152 51.4222385152 69.2744864609 69.2744864609 88.2014741523 54.9539235909 27.3358737711 27.337868016 37.7000514085 62.1982806209 27.4932499609 28.3466904629 27.6312810567 28.1002762759 27.2863211722 28.3792164271 27.7725604101 28.0782934674 28.2095170069 27.123907562
27.1209163973 27.1542861256 27.7119044655 27.63394788 27.7183042225 27.8830831299 27.5996755312 28.3419919371 28.3115098763 28.1430100859 27.0510816477 27.3389770382 27.0923855436 27.2961675986 27.5643410758 27.0178731642 27.766356463 27.3329013378 28.3886303806 27.290617987 27.9628801932 28.2205128564 27.9319129165 27.1512782814 58.1328993806 48.3350404398 48.3350404398 58.4481229336 53.731467011 53.731467011 41.964882908 57.4875668922 28.2490509067 51.4222385152 27.6621771151 69.2744864609 88.2014741523 88.2014741523 54.9539235909 65.2731688618 65.2731688618 65.2731688618 48.3538195056 48.3538195056 27.9278065143 27.6784818943 27.5880414947 27.8073994625 27.3617956502 27.8682912738 27.8749976443 27.5203890857 27.4524557655
28.1978755544 46.3232608414 46.3232608414 27.5701800164 58.1097407278 27.361267436 27.5214863442 27.7828933379 27.3803698477 28.3253717597 28.2868885156 28.334997619 28.015712274 28.0161998949 28.1036773866 28.2318640842 27.279055134 28.0919587009 27.7578877931 27.8356038843 27.4031411674 27.8590735146 28.4002932624 28.3613371206 28.2071887502 48.3350404398 48.3350404398 58.4481229336 27.4316812316 28.1150466951 27.7815650828 28.156813125 27.0632026139 27.0026725405 27.5845279248 69.2744864609 88.2014741523 88.2014741523 54.9539235909 57.3035617501 57.3035617501 65.2731688618 48.3538195056 48.3538195056 27.7957956543 28.2746935366 27.3388297962 27.19709433 27.852081048 27.241191259 27.2474190207 28.1366762495 27.4250721757
58.2238538857 46.3232608414 58.1097407278 58.1097407278 58.1097407278 27.8162200771 27.4600462335 27.1913362845 27.2157210205 27.6790489228 27.1140923002 27.0016058593 27.6428969407 27.21590957 27.5646581354 27.8194377715 27.0694873695 27.1175660749 28.1224553794 27.4768767314 28.2371722361 27.59778078 27.9352232156 43.4335191952 55.3326614388 27.81010873 28.1982752134 28.0154239043 27.9627782824 28.0644124989 27.8706312411 27.0783048722 27.8370666841 27.318783521 27.3623248929 27.966955744 27.3216000777 28.2737526287 27.9271252512 57.3035617501 27.5237324216 72.6824650687 47.9608827805 27.7226060015 27.2295839789 28.2776503357 27.0194568032 27.9832645465 27.9300990393 27.4219243762 27.5768006225 27.9727437236 28.2075841393
27.8031227146 58.2238538857 46.3232608414 58.1097407278 58.1097407278 28.1510703171 27.164568293 27.8426887184 28.2254023212 28.2211501082 27.2626342212 27.7087163977 27.97904507 27.7725685162 28.1128851142 27.899941151 28.1781884078 28.2003609474 27.5150136112 27.8697962997 28.0279968453 27.7446900342 27.0406382808 28.2679448499 27.0374320474 28.2856612158 27.643953706 27.5543142299 27.5340027724 28.3776290222 28.0896728268 27.1601082411 27.2872163867 27.4661002804 28.126451924 27.074716717 27.8579916779 27.7337008046 27.9379775324 27.9603478031 72.6824650687 72.6824650687 72.6824650687 28.0664746115 28.3462529223 27.2859926726 28.3266163503 27.9972561101 27.6340264197 27.1818888095 28.2866393041 27.2858914605 28.1467360916
85.3460124991 27.928271903 28.3783240286 27.4648647816 27.9894974458 27.7835766612 27.667894352 27.654609994 27.192890144 27.7025353395 27.4936820806 27.3554613244 27.3106422271 27.3646966707 28.3118835276 27.1256869793 28.060129617 28.2692784374 28.1145112482 27.545076439 28.2181825106 27.0980841997 27.8202816531 27.4949218728 28.3825319061 27.4845313262 27.6971468367 28.2307033412 27.2567344254 28.2508613171 27.0724505366 27.0963631635 27.5561818751 28.0659984061 27.3364061795 27.8329580269 27.0281436391 28.2008285402 27.591804242 27.0741733365 73.4917892883 73.4917892883 73.4917892883 28.0919659598 27.0281736839 27.6768426672 27.8250567043 27.8344887047 28.0939026763 28.3670614871 27.7546490745 27.8662230675 27.0233902911
85.3460124991 85.3460124991 27.3477234147 27.6674964599 28.2854660757 28.1872019355 28.0521029156 27.4841969164 27.4266586936 27.9716483715 27.2018530871 27.2556401737 28.1750578509 27.2635967397 27.0420544123 27.4327562196 27.5570378475 27.5932987881 27.8595337654 28.2029673247 28.1095910179 27.4500059831 27.5476057785 27.1660825858 27.120858219 27.7750949539 27.3731376868 27.0028577312 56.4990623288 27.6574314613 27.3914240476 27.1175021096 27.5644386285 27.4145806503 27.8872215994 28.0102093408 27.0007406386 27.9823325283 28.2819603339 27.1799577962 73.4917892883 73.4917892883 73.4917892883 27.03697604 28.1504222737 27.9026981087 28.1859702387 27.3236170006 27.89087974 27.1113930156 28.308700964 27.6611176279 27.889201289
85.3460124991 81.0996334639 27.9636767767 27.6306547573 27.9058647815 27.7907142944 28.0456772033 27.3124235038 28.3604571412 27.5511650748 27.591898961 27.6982676072 27.0405536224 27.5917289636 28.2396608305 27.75113495 28.18965483 28.2586707223 28.2465710172 27.1544111641 27.6373491098 27.1191971385 27.9027140541 28.2229902559 27.2696885972 28.1430750807 56.4990623288 56.4990623288 56.4990623288 27.0460261471 27.8972392991 28.3181671973 27.6549619076 27.4592439143 27.2346336229 28.1812683179 27.9176071864 27.6239543946 27.364951429 27.4706482018 27.5184754585 68.2957949079 68.2957949079 28.0689788722 27.8178352154 27.5371353362 28.2624759773 28.3147148515 28.2261212724 27.3129250021 28.1666675199 28.2934970767 28.2402240526
28.1815799732 81.0996334639 81.0996334639 27.1345660262 28.2576962279 27.1486975576 27.0778912887 27.014654278 27.7436473798 27.0717175771 27.1574362807 27.0370610224 27.9492781268 27.7313790077 28.0829618488 27.8900073129 27.8344858009 27.2045069374 28.0349887488 27.2849570169 27.296021681 28.3764838519 27.4359243987 28.3427173461 28.0468028501 27.8439709641 44.9146024994 60.8179591492 60.8179591492 60.8179591492 27.8213922649 28.3498421649 27.0414234738 28.0754063012 27.1314882959 27.0909783844 27.4940584482 27.3937358706 27.4214725465 27.2350166444 27.4604762663 68.2957949079 68.2957949079 28.3839126733 27.2703442669 27.4089711427 27.3837810351 27.7303435455 28.2987552331 27.0125838885 28.2741481006 27.0342514777 27.2061838524
27.932476906 81.0996334639 27.5835687018 28.3188032346 27.6561756475 28.3324542474 27.6201503622 28.059214058 27.7470318646 27.4557757601 27.4187450136 27.6247255511 27.2874550084 27.4599522977 28.1513273333 27.0358304413 27.3088329263 27.687939199 27.9523516883 28.0622589088 27.539198561 27.313263378 27.5750237649 28.4113123914 27.9532385178 27.1631749881 27.7812536399 60.8179591492 60.8179591492 60.8179591492 27.2741921367 28.334354561 27.005465858 28.0077004668 28.0045912528 27.4657633469 28.3198794783 28.0298371033 27.5093056736 27.9946686757 68.5874373491 68.5874373491 68.5874373491 63.0193033704 27.2419633937 27.3920756277 27.8400335428 27.5087366551 28.3860214755 27.6777839592 27.3362156161 28.1221059123 28.0042679478
27.2239476807 28.2085348064 27.2697071219 27.9863940702 27.8204062605 27.7810490367 27.6481102239 28.0881135965 27.4767883676 28.1492235652 27.5872005108 27.2755554575 27.3317351128 27.7022924934 27.3845994265 27.4834351802 28.2241066764 27.3155466996 28.3760869233 28.2474490994 27.0307289169 27.9194091795 28.1634936193 28.2866416821 28.097952044 27.5349295157 28.3473879305 48.0967618071 48.0967618071 48.0967618071 28.2892039775 27.4051201497 27.6545597665 27.5380835792 27.5714540623 28.2102465097 27.7411076326 27.4191499531 27.2369172431 28.2550688485 64.1825115141 68.5874373491 68.5874373491 67.719029815 27.7901450471 27.5578226149 27.3163675964 27.0954174336 27.9754645595 27.6818531314 28.2998042234 27.7040516946 27.9899783806
27.6814259433 27.4600711161 50.4748493842 27.0036381379 27.2830566513 28.2406573879 27.8309654669 27.6818227111 28.3765278063 28.0876148478 28.0362948414 28.1979974246 28.0273150488 27.2707485418 28.3747720368 27.1104647703 28.2980437784 27.286896001 27.9952536246 27.9516456055 27.4717337077 28.0191722192 27.1471136038 27.2491887195 27.1379814316 27.0935523586 27.4640981946 27.3017696618 48.0967618071 53.3308735725 27.3565495444 27.0735029674 27.0717118793 28.1375812097 27.5855017419 27.3717879832 28.3735265219 28.1144940329 27.4752115141 27.7328763324 27.9767885139 27.0857124566 64.1825115141 27.5374785693 27.0004559858 28.1608705019 28.2659577149 28.4056722683 27.3705316779 27.9703648241 27.0958427155 27.4986171135 28.3879994135
28.386019697 27.1185300744 50.4748493842 50.4748493842 60.6564002478 60.6564002478 27.5698773714 27.3326223918 28.0478430657 28.0642244711 27.8389733256 28.3661185866 27.7238815632 27.1564120224 28.1322571683 27.8194142292 28.152335172 28.3021159575 27.734331996 27.8141710474 27.8498831987 28.307291926 28.1504289846 27.9055280397 28.1241663917 27.6441741588 28.1429981445 35.3671661896 27.9184405642 35.3671661896 27.5139548215 28.1395445591 28.040058113 27.2648085517 27.7149333663 28.3442604692 27.7493656526 28.1995583271 27.9369236925 27.4211217721 27.8536716904 57.7139519835 57.7139519835 57.7139519835 27.0515149716 27.6899116077 27.5033501665 53.3497151337 45.8887202583 58.7368549175 58.7368549175 27.4767038023 28.3824559338
28.1131711962 27.8709036881 50.4748493842 50.4748493842 60.6564002478 60.3744013066 28.2082032597 28.1515019825 28.034963194 27.5087493066 28.3585920024 28.173105845 27.7255430805 27.905610756 27.301709214 27.1350727317 27.6197170815 28.4077410306 27.6484641718 28.1311466409 27.8413316132 28.0549732181 28.2290886357 27.8388420517 28.0546009592 77.4730808649 46.002393115 47.6251211617 35.3671661896 46.3204054317 68.3409247053 27.6844714113 27.0744635977 27.9338395634 27.5439265962 27.2122514069 28.1073156885 28.2509119575 28.0916591552 27.1772186153 27.4021346154 57.7139519835 57.7139519835 63.9790112163 27.9177644801 58.237138968 50.6934821591 53.3497151337 45.8887202583 45.8887202583 58.7368549175 27.6582987043 27.3155143325
27.0262538562 27.892673904 27.9052202336 27.1457050262 60.3744013066 60.3744013066 71.0753421632 27.5264010092 27.2224387302 27.8864311394 27.7115269648 27.0772512947 27.8523214556 28.223975954 28.26763656 27.9830106994 27.0823052427 27.911187882 50.1792163607 27.6461630536 28.373250898 70.4496237757 70.4496237757 27.6023310156 77.3559583049 77.4730808649 46.002393115 46.002393115 28.0489517051 68.3409247053 68.3409247053 46.3204054317 27.1448216124 27.2373947438 27.0874310569 59.267298711 27.1482626082 55.9266972985 46.2200856062 58.5344905985 27.7403257628 48.492527804 57.7139519835 27.0435717387 66.4464799628 58.237138968 58.237138968 53.3497151337 45.8887202583 45.8887202583 58.7368549175 28.1375722758 27.938174638
28.3567192338 27.1355241659 27.7200488867 27.947450722 71.0753421632 60.3744013066 27.5980249253 28.0592676211 28.307116053 27.8217198485 53.4217304619 27.6685536508 28.3944873839 27.9173787673 27.3311873257 27.155744241 49.7137429766 49.7137429766 28.3678894683 50.1792163607 27.1840968878 70.4496237757 70.4496237757 77.3559583049 77.3559583049 77.3559583049 46.002393115 46.002393115 59.4807119193 45.2752750588 68.3409247053 46.9990634339 28.19553179 27.393993827 27.6852618366 27.3127080951 27.8865295434 46.2200856062 46.2200856062 46.2200856062 48.492527804 48.492527804 48.492527804 28.1141281255 79.9607132426 58.237138968 58.237138968 66.3420597046 27.8921228683 27.216077739 28.302624754 28.2939683261 28.151687331
27.55716556 27.1679053218 27.6319127076 27.6767909125 27.3201076158 62.4054185864 51.6456669005 52.6367667859 27.2723148867 28.0138137229 53.4217304619 53.4217304619 28.3560511227 27.6324679401 28.2734822593 27.8945289393 27.3702643784 49.7137429766 50.1792163607 27.0088986233 48.3504496497 27.2480480149 70.4496237757 27.6439194585 77.3559583049 44.6864546743 46.002393115 59.4807119193 59.4807119193 45.4605579666 44.5216374647 27.264577896 28.1247437742 27.5123862154 59.267298711 27.735366748 28.2591029482 55.9266972985 46.2200856062 27.8862707359 27.2379238846 48.492527804 45.5693227153 43.5024681474 27.1145978675 27.4818081541 27.8287470839 27.2472186466 27.9261414 27.1742302255 27.5428886677 27.6931010747 27.8554041415
27.3166611876 28.3326024343 27.8864432614 27.3951609707 27.989566615 61.5840687813 52.6367667859 52.6367667859 52.6367667859 27.2421774724 53.4217304619 53.4217304619 27.6122987472 27.5489280469 28.0681603574 27.6972099751 27.5483286332 49.7137429766 27.7820585942 27.1711012374 28.4119532488 27.6030218675 27.9806416874 28.2906727623 27.0256000044 27.6682476318 27.2609007437 27.8213677559 59.4807119193 44.5216374647 44.5216374647 27.2834846129 27.4981059143 27.8730807414 27.224592961 27.3197964523 27.6658622423 27.2969191768 27.9366662149 28.2072273452 27.2866929635 27.3625743151 27.2688000334 27.565719893 28.317633862 27.3684420061 27.0176367054 27.6114766426 27.0128220094 27.4874889151 27.8380216411 28.2927271452 27.653561365
