Spatial_Output/BAU/BAU_0361.asc
NCOLS 155
NROWS 192
XLLCORNER 196769.923733
YLLCORNER 449719.875193
CELLSIZE 27.603701
NODATA_VALUE NaN
[rows 46 to 68 of 192, columns 0 to 52 of 155]
34.7348110089 32.9795378508 32.4082180385 33.146314279 31.680826093 31.517664335 34.4459883446 32.3076560969 33.7460083234 32.3319417183 33.5333528806 34.0529891768 33.0704124858 34.2524833533 34.2514329352 34.5886653286 32.7698823862 34.1299827226 33.1408362807 33.5013852897 34.4256921311 33.4589254047 55.139366745 55.139366745 33.4918196562 32.9252723165 33.4134369384 32.0812858931 32.3401937144 32.9980476516 34.578577689 32.0536806537 60.0157354173 69.9177976869 67.7888421296 33.5306105126 32.7148731309 31.8156944328 34.86324238 33.4798958962 32.5404942585 32.7131825849 33.5375023788 32.1770422925 32.1701392228 32.2866430127 34.7396001596 32.5966015689 59.7626417423 34.8252215081 34.4114097401 68.503678543 34.4672524848
31.7459961257 32.1777420206 32.9671252564 34.143381507 32.0781107422 32.2864776506 33.7814438149 31.6715812965 33.895863179 32.1843614413 31.9107046625 34.6267619265 32.5206596676 32.1678828345 32.7093528777 32.48067174 34.3412670295 33.7072408024 32.2962051677 34.539369253 33.0873479089 55.139366745 55.139366745 34.8176893594 32.4361819002 33.8415773261 32.7177530559 33.7001428855 33.6627646978 34.4497488438 33.8828468881 76.8920368003 73.9201018709 73.9201018709 31.5003095355 32.2230318299 32.4696088516 33.1269197649 32.525493135 31.7785870503 33.4234074911 34.0844365705 31.66169444 32.6134800467 31.9850094476 34.6802315266 32.2155015505 34.0235740442 32.9716585878 32.9398577693 32.4320898894 34.7284928418 32.8095246102
34.654349387 32.5792519702 32.4887908607 33.989330558 33.1578148644 34.7827217215 34.5653672594 32.1351435752 34.5321120662 32.4735864181 32.0133310851 32.4417717894 34.8216801958 44.0698531233 33.3664835882 34.4918310464 34.6291022227 32.5569316549 32.4751423458 33.4753585722 33.5488591685 34.1479634082 55.139366745 34.3542899753 32.8402581803 32.204980006 31.6384348057 32.0608488059 31.7483616653 33.2843994678 31.7915794571 73.9201018709 73.9201018709 73.9201018709 65.4718456597 33.0290570301 33.7810979036 32.8118621867 34.2606014971 33.8960005651 33.6286226074 31.9763424378 33.0721407194 31.7663073802 32.8222045561 32.5442543968 33.3648609896 33.7066065514 32.6230798494 34.8737492735 32.4073164542 34.2641894953 34.4355194877
33.2976916188 34.1271241586 34.485239274 34.3646596857 32.8793435576 31.6910186771 34.8064606725 32.8190430363 34.226551703 33.8423377258 34.9105699857 32.3165170259 44.0698531233 45.0128707605 45.0128707605 45.0128707605 33.3539385794 33.8866723713 33.2151921629 32.8358456177 33.0937472854 32.738912525 62.135517556 62.135517556 33.2251350062 34.4673353894 32.8616134207 33.9755052203 34.8361812217 34.1571726342 33.3087808201 32.3440508598 34.3622306767 32.5535969296 33.5124237483 31.5013574474 31.6581253353 34.9785585772 34.8494772431 31.6293982338 32.1570356566 32.7140080717 34.8531952328 33.6039611578 32.4872927434 33.9602318378 34.9734070235 32.1424071203 32.3415192917 33.0327903091 33.0839917941 33.0516154275 33.3719702871
31.5810846808 31.7560305934 34.8369278291 34.344526357 31.5694774178 32.0958661347 34.8977673021 32.2079862373 32.3927951309 33.9581568713 34.066574041 34.4981201629 33.8615112576 45.0128707605 45.0128707605 71.6080519014 31.7052363799 32.3311699771 33.1527681325 31.8139179708 34.8928915564 33.1690592804 32.602998508 32.3732075109 32.3873760658 31.6700364575 33.8895652058 34.9868100722 32.1570683325 34.4006451024 32.3930851938 31.5140347173 49.0475324209 49.0475324209 32.0933591932 32.2677526027 32.8996048725 34.6550247978 31.8662063388 32.0143031846 33.1496121296 31.7270369943 32.2963641268 32.2653985528 34.8955437664 34.9196856535 31.948958348 33.10149483 32.1235204701 34.8536251076 31.7228780089 32.2283386743 33.6865462118
32.9237108334 31.6258243675 33.639469757 34.6959610119 33.7023183457 34.9840618052 31.972977514 31.846695949 33.7750114693 33.311059089 31.9076457918 32.7386378846 33.007179785 71.6080519014 52.2067920731 52.2067920731 52.2067920731 33.1701851366 34.6711436549 34.4916501078 33.1211732147 32.0095219981 31.726214618 48.8457148076 31.9200848121 32.2997623031 34.6026656299 34.2530755766 33.7311975538 32.1721635547 32.8413739027 34.45435283 49.0475324209 49.0475324209 34.4134735892 34.878596376 32.4475029005 34.5831291493 32.4404645599 33.3736045515 32.1932592255 34.2795999415 34.2864230006 34.6144636853 33.4484172207 34.0230989289 33.0148213136 33.6794293791 32.1564418627 31.7952400165 33.1041245806 31.7422803581 49.0726674753
31.9531990894 33.9726077529 32.4180911369 33.7452995913 32.9293799677 34.0640086894 31.7649757348 33.7110609585 33.6326834324 32.1701729867 31.6189526856 33.0446419897 33.2626414415 33.3312512534 52.2067920731 52.2067920731 67.258811335 32.7784657603 51.0905418345 31.6295658622 31.5181555092 34.7026587539 32.8501753468 34.2484737969 32.0622457384 33.3702011732 34.5516979354 32.0926451208 33.2217594161 33.7550290206 31.802018716 32.8585761787 34.2590046998 33.0262860274 33.8901073266 32.0844240632 32.975693734 33.1258896821 32.9703794129 35.0336985716 31.5738729188 32.7890592037 34.4580124632 34.3735692967 33.0319800925 34.5509870459 33.8691916458 33.3527274582 34.6089728755 32.0855188702 34.4121988073 32.4783459996 54.8263951161
33.866525565 32.2708064299 33.515161479 32.6033440316 31.5642427262 34.9052646607 32.127719275 34.612529903 33.0526617397 33.9337332271 31.6024586681 34.9407402828 35.0041865206 34.4164398096 32.8679717592 32.1333693102 67.258811335 67.258811335 67.258811335 33.492707507 34.268173536 31.9267976021 34.5075151579 34.4149091059 71.6367091576 31.7854137872 33.3084182952 32.0948481088 34.1062911387 34.4929435059 31.6326323583 32.4028888827 32.766562971 34.0601394453 33.1556141104 34.6839009464 31.9435194423 33.7643103385 33.6534526424 31.9555947015 34.8136118187 32.2058373747 33.5656057852 32.0601848078 32.4634777455 33.5245523438 31.53080015 34.6993781681 31.8551826742 32.6672836495 32.2672760383 33.2793607104 32.094397263
32.0675978022 32.4489310623 33.3327139439 31.8134238908 33.5173118049 32.3005412366 33.6892713556 32.5498159684 31.5516204062 34.255592956 32.725635585 32.4659844407 34.9124964179 34.8582207266 34.1229103788 34.882282959 67.258811335 67.258811335 59.0042713744 32.9317254871 33.5628219188 31.6262371629 63.4842656815 34.6025984912 71.6367091576 31.522195731 32.74952521 32.4034017464 32.4382152744 34.3366550813 33.8613415897 33.7861332503 34.9273050543 34.4338192697 34.5416199899 32.6886330642 34.9466543035 34.5951241963 33.0673306827 34.7034826643 34.7073583822 31.5845702717 31.7601663626 31.8064315667 31.9303035858 34.3713339323 32.8103678478 33.8463945209 33.7863684551 33.3822914217 31.5379737946 32.0545924231 43.836995228
33.2656590502 32.7655552206 32.6051610318 31.6755353151 34.1042732628 31.5866964978 34.586834887 34.0693205728 32.3017487895 33.0294239276 34.0963316988 33.8032937372 32.0919777972 32.8954544123 34.6079534626 31.5130326943 32.8927132999 34.6932270969 31.7019796774 33.9290289191 34.8812589845 32.6911803117 33.1048664085 34.6621342293 34.7443300614 32.9455164641 34.3383714633 32.3479574863 34.8301038103 31.7950238092 31.547773328 34.3579998703 31.9208138332 34.864865488 33.5994153939 33.3028864302 32.9561148133 32.6417784124 33.6711681681 34.9276782407 33.475372376 32.8954387371 33.9803281467 33.1317826138 34.9048346143 32.8887345379 32.6310605041 34.5012950232 31.7858853538 33.1771136181 32.5870294572 33.0732107057 31.7307794205
31.5568162613 33.4522909993 32.6617512709 33.4712871267 32.5637229156 34.8992749993 32.9247719728 32.6196373181 34.2550401866 35.0067553934 34.5486700312 32.6577652357 34.6561149649 31.5463217795 34.6089500007 32.6578805924 32.5873842274 31.6539564459 31.8523792215 32.0594175027 32.5226455782 31.6503182305 31.5572726068 31.5306938509 32.2297629688 32.1367756362 32.7250930661 34.2432054044 33.9571189644 33.6233137834 34.3224168449 33.1646061584 33.1197985547 34.5947349067 32.9648194713 33.7175042003 31.8181308655 33.9095180237 32.977487873 32.8580988635 33.8405139098 35.0207603558 33.0139617594 32.6790394875 34.9620923017 34.5882606854 34.7380973704 34.0341036469 34.2965449777 33.0954014528 34.422254355 33.7527836162 34.3596882774
31.8794345411 32.8577235141 34.746252629 33.3616664742 32.0011559562 32.3515848413 34.5843123589 34.639341766 31.6967759022 32.9823767106 33.0903978535 35.0124826964 32.6902993375 34.0507947587 33.9898997544 34.8347798489 32.5247476979 32.6916368458 31.6004607939 34.690361025 32.8514340802 32.1286508461 33.0092208962 33.0207108686 71.7575442892 71.7575442892 71.7575442892 31.586082685 33.7907877561 32.1115926679 33.6528055363 32.216407803 32.8522657114 70.4297772622 33.6672341083 33.4763458178 34.1566639048 34.565475738 31.526986291 32.712438318 31.5019251483 32.2303006809 32.5556690797 31.6758109333 34.3866563219 33.8935393583 34.6322882573 33.3216475322 31.8573921859 34.8275535154 34.6066160471 32.2745267531 31.5888999682
32.9864137764 32.378344097 34.0745059651 34.66279605 33.6282833835 33.818166557 31.7555200538 34.2761638281 33.5254147591 32.7893319719 34.5670435173 34.2925258514 34.4741135595 32.5972507517 32.3315807736 33.2350901136 71.4710934056 32.0796819721 34.0563695436 33.0898347241 34.8651204427 33.9405283618 33.0867965786 62.5342810105 71.7575442892 71.7575442892 62.5342810105 33.0141068015 34.8852330434 31.8217048411 32.5095975131 32.8458824135 31.5212046409 34.1839584187 31.5340908454 33.0208044155 31.5570625344 31.986603144 33.3561065507 33.9805057478 34.4947127786 34.6800342944 34.8940135914 31.6964940434 31.9081262113 31.5050596546 34.6661182488 32.2646767192 32.6023858877 33.3634869152 32.2867288717 33.7256693169 32.9791493549
34.7791267467 32.7419343263 33.3463744032 33.672247216 32.4424468588 32.9475268451 34.7657913534 34.6822273142 34.7193492041 32.1249913876 32.1782813589 33.4155789175 32.742210976 32.1851157954 33.8557845991 71.4710934056 33.7723490934 32.7942640915 35.0335238094 33.7452212025 31.6990902438 33.2753358859 33.4385325737 33.4868339353 55.6924668709 62.5342810105 63.9013236687 32.4996042194 33.1486850349 33.2197698441 32.6607902124 34.2716589901 64.93259834 33.2419422423 34.8468628733 33.4167668612 33.572248677 32.4880974683 32.7914263093 31.7039538141 34.0052841013 33.7404822558 34.8501667722 34.8851506226 34.1647457289 33.6133003729 33.761743603 33.5472428842 34.8350615995 32.875125293 34.7533132211 34.4954466636 33.5598212997
33.9029279017 32.8031064159 31.8062620715 34.8828180576 32.9573573153 34.7116731776 31.7429982459 31.7410556497 32.8203792684 34.9867995324 33.8501027424 32.7676666441 34.8197695803 32.8591062162 32.7638085009 33.6527287635 33.2452192721 33.241072579 31.7289498526 34.6900361271 33.0016691302 32.855517688 61.3248246152 58.7580278802 58.7580278802 52.6609302186 55.3663838258 32.9990195849 68.2384884289 68.2384884289 31.5052696836 34.3241759115 69.8311232852 31.8452342815 33.7242995086 33.0889222026 35.0033297171 35.0194673987 33.7459507232 32.301899337 34.309359714 34.3713411456 32.2958932501 32.8623344161 33.9668197455 32.9898161646 34.2668855643 33.877402762 34.6376591563 31.9725765337 32.9069490454 31.7608431295 34.736442792
32.9435040968 34.6219489975 32.7423483468 32.705773439 33.8965060482 32.5167501361 32.8537166248 32.8923064653 33.2533147561 35.0079113014 34.2992267062 35.0274877355 33.7481651409 34.7368323848 33.0468402854 32.9694618171 31.7633407744 32.8109757841 34.2753020435 35.0114586533 32.3575642998 32.5635736337 61.3248246152 58.7580278802 52.6609302186 52.6609302186 55.3663838258 58.2193682337 68.2384884289 68.2384884289 32.2539359973 33.7329645241 69.8311232852 69.8311232852 33.3745029539 32.1031920131 34.5259813462 31.9067490837 32.6085701131 34.3393325981 33.9510029297 33.7533250721 34.2440356563 34.8140675974 33.854530553 32.8462912919 31.7783167469 32.3480733664 33.8711674606 32.8186534286 31.745911118 32.7824715988 33.6835976914
32.0945648869 34.2643794361 34.9529930436 34.7762728605 33.1792122877 34.728492775 33.5087950431 32.7793569338 34.4063368678 33.2620047953 34.517146234 32.5351978913 33.616760541 33.7296637011 31.8659814856 34.6338099899 32.00007253 33.2440675412 33.3795099498 34.7606588994 34.0578838263 33.5116991182 32.6172426241 61.3248246152 32.8225187149 52.6609302186 55.6679172491 33.8772835243 68.2384884289 68.2384884289 34.2458029401 33.7060737984 31.942007017 33.2177434848 32.3133156864 32.9575331371 34.4830177307 32.7063377443 34.6039909726 33.2053042297 34.9406050355 32.7680155541 31.7362608284 32.7354676949 32.6380825212 34.9156674194 34.019446293 34.2107489735 34.1003633266 33.7889646769 34.472162229 34.7698984743 32.8693701809
34.5608998946 33.3311527983 33.4991509371 34.667536687 34.5510716796 33.8472096014 35.0047514034 31.5969903257 34.4865475134 33.7241545047 33.692813177 34.1630308952 33.7518963472 31.5731159559 32.4466833899 33.7224250724 33.0972332663 69.3735042569 33.6132906147 31.6342750772 33.4231465153 32.2960291271 34.6493271995 34.6839370932 33.438537465 31.5114658634 34.5863441166 33.0198532849 33.9840762209 31.9778600835 34.6450977806 33.1179454473 31.8034641232 39.8418271142 33.6648496825 33.2541575191 31.6654113075 33.5479658504 34.814982524 33.9040666951 33.9761842125 32.7392121676 34.2200142161 32.6196424602 33.3645135077 31.9089076076 31.6784534578 32.9200141238 33.0707685412 34.7032819359 33.759728174 33.7557512461 34.6223464742
33.1409989135 34.9265377528 32.4802674679 34.5507723854 34.4746673954 34.7508473256 33.6534508513 31.8354323497 33.4912157934 33.5173164263 34.2088631203 32.963468563 32.6821308096 32.61938495 35.0154134446 31.9402561948 34.4757865703 52.6219569116 52.6219569116 52.6219569116 32.5865505287 32.2838759244 34.8521217869 32.0709637465 33.9380551376 33.7577936215 31.5373221217 32.9592642112 32.1725492983 33.1145998529 33.1736803019 34.3175163691 39.8418271142 39.8418271142 39.8418271142 33.3165802739 32.3622779995 34.732403034 32.8815326649 32.1099980818 34.1016123959 34.8023745399 32.7490753062 33.9521313686 31.5788194979 34.1935408274 32.9862062649 31.7492519615 32.6628576946 31.7851279753 33.3872527337 32.7357013899 33.4168045136
32.5749711902 33.2778718958 34.7941619885 34.5527695071 33.8290734872 31.7663511509 34.1515729535 34.8946084175 33.2653848348 34.7682172202 34.2135005322 33.1223167242 33.8054426947 34.1790882837 34.1519058443 33.3384139051 33.2378983541 52.6219569116 52.6219569116 34.1866698257 31.7624793845 33.5072574042 32.1716465005 31.7836229541 32.3085945585 34.1127935751 32.2084157026 65.2840998583 34.4492732362 32.6824137986 34.5366799632 32.0461117298 56.352793449 39.8418271142 56.352793449 34.8637803868 34.5543716321 31.8212470498 34.8642508532 32.3927422208 34.0165928499 34.0760557625 31.7026497934 31.5640243741 32.4491343036 33.7147516133 34.2134318817 32.6297895368 33.0394723289 34.9346696323 32.0348998026 32.5635215592 33.3157742619
32.386209476 32.0039624704 32.4855216674 32.7709756167 33.3736456994 31.5191313042 32.997010032 34.660728762 31.7621081097 32.6125951514 34.1100859035 34.222929854 32.3973284909 34.9628609532 32.6505427583 33.6832214523 31.8264869313 33.7547539302 65.4132885465 65.4132885465 65.4132885465 32.4404629845 32.9780493575 34.5865357131 34.791093474 65.2840998583 65.2840998583 65.2840998583 60.9054607752 34.7928105451 31.9043211547 32.5321303101 64.8242653003 64.8242653003 64.8242653003 33.169546583 31.9860468831 32.6313203913 34.010926196 32.1739361449 32.8237560808 32.8706901997 32.455205437 33.3468847258 33.5386514965 34.9636328832 33.2728314988 32.5485762021 34.8042873703 32.9213820228 32.8660174087 33.9301258029 32.5626000381
34.3370558719 33.8475805957 34.7635145905 32.7231686848 34.5346865481 34.5603937169 34.3809096432 32.6718145135 31.6747683735 34.7288303438 34.271281682 33.0506167325 32.11906407 31.6784144031 33.9349079003 31.8833053343 32.2791603455 31.5953614883 31.6748125295 65.4132885465 65.4132885465 34.2893401186 31.6072097373 31.9763951408 33.5240835301 32.849305647 60.9054607752 65.2840998583 60.9371736031 34.0750023624 32.0090858621 33.4134556252 60.851096876 64.8242653003 31.5742485455 31.754496963 33.6610476365 34.0455872281 34.0020816847 32.3514423981 32.9492369329 32.9103363757 31.9915617499 32.4905526386 33.0570355831 31.9798996934 32.911856876 33.1274702974 34.5098160833 33.9814178313 33.3029531043 32.3749838852 33.3907191169
34.6758875175 32.1137027454 32.1787686201 34.7351673379 31.572594906 32.8726408263 34.1663778764 31.9096033577 32.1365242711 32.2283669517 34.4319881606 33.2997526174 34.5433425629 34.7231454519 32.5393759746 33.6691455295 31.9160597366 45.1027665689 45.1027665689 45.1027665689 33.999296943 33.6584438565 34.6152238931 32.6993641673 33.5849095833 31.5784580602 34.8177571542 60.9371736031 53.4741668475 34.6972247163 34.8160613215 32.1777036145 31.8364866327 34.6340781521 75.7483804821 54.4414966647 34.7482989905 32.1635923746 31.6137474767 32.6177256931 32.1583642378 33.0368675783 33.6759533188 33.1158147758 35.0099471161 34.6741308698 34.7172612398 34.9069247631 31.7151016706 33.4853503755 34.6473073719 33.6663242343 34.5195610793
