Spatial_Output/BAU/BAU_0391.asc
NCOLS 155
NROWS 192
XLLCORNER 196307.867259
YLLCORNER 449144.565805
CELLSIZE 33.573938
NODATA_VALUE NaN
[rows 100 to 124 of 192, columns 57 to 113 of 155]
34.7464370297 34.0415773453 34.7572593055 33.2995476071 33.9229879509 34.5805300157 33.7932351968 33.1060857283 31.752829387 31.7043373701 31.8700577703 34.3375183013 31.5860703821 31.979310153 33.2596512203 34.3613526923 32.052152058 32.3949293484 34.911124528 33.0538949869 34.5138730217 32.3111675592 31.6380551747 33.5172566917 34.4156155239 33.3208784929 31.9906011047 32.6787111071 32.6150042137 33.1943721841 32.8058749918 33.6248187353 34.4121462712 32.3461048788 31.92053645 32.6668559518 32.7504283744 34.0474464058 33.5031264397 31.8403144165 34.8535004903 31.6405937832 32.1708616868 33.9874644266 34.2895029145 32.7652394319 55.705192206 55.705192206 75.1042916547 32.8347434794 33.3293169957 33.5852000197 34.7472751161 34.980216379 33.1383414278 31.6616215533 31.6589892995
34.6697550997 33.7643802031 32.0581041537 34.9557642678 33.2432109147 32.0901802162 34.5352522566 33.9453572349 32.4973076213 34.6511413914 34.7021350951 32.5198498222 33.4878755474 31.8532206579 33.5088282216 34.485798449 31.8797733592 33.9204705608 34.4587274626 33.7071038294 34.5426845877 33.5219188012 32.1786840604 34.6288549078 32.8756740754 31.6395326746 32.2770787234 34.29567713 34.0207911606 32.1157710731 33.5043555941 32.4939902909 32.8690163791 34.2911183953 34.8876188441 33.7660193853 33.5398246902 34.4308469203 31.638897646 32.683530806 34.5110979102 34.8067789812 31.8543810066 32.8222498707 32.241758539 34.5851271419 46.9459214518 46.9459214518 49.9742416414 49.9742416414 61.7461665477 61.7461665477 34.7966969649 32.5519015505 31.6010797954 32.7798500538 32.5632501326
34.9818670048 33.0203739099 32.2442770411 33.1052049171 32.4352202232 33.4894225595 33.8084700373 34.0058549086 31.5005508676 53.0909141708 32.2390892213 33.2448883336 33.2724607305 34.7440911106 34.4513678127 34.2726008328 32.0456263486 31.6797937728 32.0842392808 32.2689007902 33.0418195013 33.9254392456 34.4402865003 33.3855114776 34.0970559954 32.8642579399 31.5007197395 33.8150987236 34.229861448 32.6296141646 31.7728794811 34.3537265662 34.6413248268 32.7325753379 33.8130035418 32.0004689766 31.8927217489 32.3935004986 32.8828926273 32.353157558 34.4661819905 52.1255855166 32.0607314082 32.3780467721 61.4658000103 71.5122180972 71.5122180972 46.9459214518 49.9742416414 49.9742416414 31.5596978161 34.8614043663 33.7096160836 32.4705669879 31.5395606633 33.1706808747 33.3321135971
32.0957599377 33.8610172613 33.8104650869 32.6933406453 32.0549773998 34.9224391206 33.1225064541 34.2304657978 34.0051420839 53.0909141708 53.0909141708 33.6590907436 51.9945564545 33.5510172495 31.5818535861 34.5382351939 55.9792724052 33.4876241917 32.7975896862 34.9089240584 34.8574394184 34.2988678441 34.2703871595 33.1299091903 31.9827848476 34.0682959881 33.3098690516 33.1533526779 32.1013666615 33.7159664304 32.6169137462 34.9517353498 32.2206874229 33.7134220134 34.6959283667 31.8021275771 34.8378771554 31.7730987668 33.9415290284 34.1838087154 33.6017010464 61.7718806044 61.7718806044 61.7718806044 61.4658000103 71.5122180972 71.5122180972 34.1648988978 50.623237353 49.9742416414 34.4227356763 33.4432161216 32.9404532611 34.0794791578 33.6917157681 34.4983064632 31.6741144491
32.7998711201 34.5213980144 32.2108698716 34.9600754163 34.1827693933 34.2776376914 32.6028321464 32.26841101 32.507080198 53.0909141708 33.7128040031 51.9945564545 32.2967682777 35.0227561073 33.2497758931 55.9792724052 55.9792724052 34.2897325281 34.3992865673 34.8209614031 31.8996927789 34.0272389838 34.8909269372 33.3257000981 31.7593624147 33.6916522129 34.8707446027 32.8258890974 32.6204494154 32.9509866907 34.5983928826 34.7111512287 34.9351664965 34.8353594671 34.5035079378 34.4817563409 31.7998697457 34.2425226735 35.0173152648 34.908423257 33.28531004 61.7718806044 61.7718806044 33.0847323169 61.4658000103 31.9495294108 57.9400640006 57.9400640006 57.9400640006 33.9421635225 34.5063028613 31.7383578685 31.9658133976 32.0859498558 34.3656769201 34.6745566705 32.3868069111
32.2649019777 33.6752912126 33.3209071699 32.4183231576 32.5756545657 32.1600125212 34.1772422647 34.5234709528 34.0358135209 34.9634863361 31.6418385558 34.4999287034 34.0001852388 34.3527460282 34.7584302698 55.9792724052 55.9792724052 70.7520535798 31.8142264664 34.087506044 32.8587766382 32.1744057649 33.814578795 33.6250630787 34.7648303539 31.7969314388 34.2118128818 32.4612106343 33.6811314404 32.1242428577 33.7631892019 34.6281534881 32.3231045797 31.717546739 34.678663855 33.2220974859 31.9779365813 31.7419461892 34.0461491819 31.851322091 34.2525852375 34.1780427744 34.3100465056 34.0206013414 31.5885740846 33.725256379 59.6342417522 57.9400640006 57.9400640006 32.1389307233 33.3306321471 32.6555095458 34.0454783784 33.2814106799 33.5161338599 33.2776109007 32.8750410956
34.7256179922 34.5495209228 31.8324396877 32.9691438038 31.7550208455 32.3894481493 32.1173926746 31.8826960481 33.5239861984 32.9323052034 34.0335521886 32.5116855034 32.9511920516 34.4872105313 32.1928780295 33.1574677485 31.6744437018 34.2398841294 34.4908985069 32.939411786 34.7279677137 34.3126685931 33.7181910286 32.3542537846 32.8410981443 31.6552970983 32.879574498 34.5982464059 34.325941336 33.0448192627 34.0847954251 32.1227627887 34.1704132386 54.3065347177 54.3065347177 34.952556476 34.562730218 31.7596127783 34.9708024657 31.6047498248 32.1220558151 32.5545093662 34.146731049 34.4656015233 32.6531851876 32.1742837381 32.5938524102 59.6342417522 51.5310853988 33.3159018221 34.5130544106 31.6454703187 33.8826816762 32.3519475817 33.1521922687 35.0087758405 31.644426757
32.1689214723 31.5370382235 33.493266361 35.033753862 32.3693033035 34.7273288293 32.667194023 31.93600963 33.0908373142 34.1116464649 32.9854221606 33.9101793642 34.3677596649 34.1701786396 32.5329964508 31.862236527 33.9801786315 33.6102396965 33.3595935492 34.0261513973 33.5066360383 32.333967839 32.4569855301 34.1003220115 33.6869926472 33.5051916379 32.5274363277 35.0098798068 32.5362738088 33.0616964724 34.128030034 33.9657153573 34.9575474787 31.9016825084 31.8890592869 33.0401037315 33.8784082707 31.9151648197 34.2510179232 32.5072187994 33.5224996889 32.980249396 34.2761541198 32.2235469169 33.561098628 34.7589417159 34.9489196929 51.6080296315 34.3964074758 33.0900391593 32.754873903 31.9397377125 34.038788835 34.3848014854 32.1835341665 34.751744905 32.9994047208
31.7098124712 32.4179141896 33.6773839247 34.1761384564 33.7624133582 31.6476578853 34.7846901231 33.0124534251 31.5480947924 32.7622475288 34.3721705554 34.4865962553 32.5862980841 32.8902731523 32.6631547778 33.4325334317 33.9103950646 32.6110440542 31.9504102358 33.7124808708 33.0371716439 33.1947125539 33.9960283135 32.533716714 33.9788393142 34.5461813014 33.3634505936 32.0852635954 32.2213506002 34.6033046284 33.627821897 32.0398366728 31.8217087287 34.851045747 34.5410374704 34.1309184174 34.3138083169 33.9313197917 32.6487072234 34.7290875121 34.8939437186 32.5887364545 31.864990467 33.2405578909 34.2032590428 34.1067714541 32.4956439479 32.7299215364 51.6080296315 32.2958310975 73.7386377098 58.6258992413 41.5411251077 41.5411251077 40.619238247 40.619238247 53.980355935
34.2855971572 33.2727729839 33.668567378 32.1670867145 31.6304915391 33.1499610789 34.1233096733 34.1188186255 33.1968288675 32.5953538852 33.1636665959 34.805197767 33.4859578077 32.4298619272 32.6246027907 32.3024409088 33.8321307653 32.5595091957 33.690618405 33.7156073377 35.0158540473 33.6101330923 32.2122555219 31.8360007759 32.412993667 31.8191059636 34.372076056 33.7412531818 33.3913477059 34.0703097748 33.7592047193 32.2124690207 31.7839057923 33.9073070479 34.6923579368 34.603383934 33.8753318194 51.3894497569 34.728704672 72.8209579225 72.8209579225 56.6034069043 60.0406567231 58.4145264462 33.5777014585 32.444720206 33.2736721102 57.0407008433 32.5975520653 33.4780578581 73.7386377098 58.6258992413 41.5411251077 41.5411251077 61.0205142182 40.619238247 40.619238247
34.0730290974 34.2182040729 34.3951646286 34.1651793377 78.7093598969 80.2221714903 32.486357963 34.7563472174 60.5848518963 33.9566372927 58.3976839187 31.9291667604 32.6569809059 57.5526211171 43.0977624201 32.8028179667 74.2971066669 32.080066722 49.4151552282 32.7098853808 32.2860628172 31.941129077 32.6164093775 32.5411886112 31.76092672 34.0368412336 31.7279763304 33.4181313058 33.5686742945 34.1827058971 32.9109996104 31.5930601396 32.454177441 34.5430900385 33.6460446787 34.3748169991 33.5083724837 51.3894497569 51.3894497569 72.8209579225 72.8209579225 60.0406567231 60.0406567231 58.4145264462 33.8620902248 32.0292383587 32.5562550086 33.7468686759 50.6107689964 57.0407008433 73.7386377098 58.6258992413 41.5411251077 41.5411251077 32.6757856885 40.619238247 59.4283813981
32.2824822814 77.2220972796 33.0813776236 34.6831369038 80.2221714903 80.2221714903 32.4195161403 34.8804595111 32.0468724399 60.5848518963 58.3976839187 58.3976839187 57.5526211171 57.5526211171 57.5526211171 74.2971066669 32.4769864898 49.4151552282 49.4151552282 72.879751303 34.3172648744 34.1193919356 33.3254921653 32.6848034468 34.3905228617 32.9945596902 31.5982823392 33.6334701548 33.6356633889 34.2967721663 33.5009376699 32.4650804412 33.657952286 33.871734207 34.5940276435 32.6424222261 31.7203489547 51.3894497569 59.1324666154 33.932140237 32.6737582775 34.3919633977 60.0406567231 34.9614934391 34.6322564878 31.7132716965 34.7534319089 50.6107689964 50.6107689964 32.0887291747 33.6932057517 34.6404056668 34.7315161628 32.5694242831 34.6944762936 33.6075624557 34.1186481901
33.1123585289 32.2108829364 51.4406473523 78.7093598969 80.2221714903 80.2221714903 33.1008904937 53.6398397111 53.6398397111 60.5848518963 58.3976839187 58.3976839187 57.5526211171 57.5526211171 43.0977624201 33.5940292249 34.7732123417 32.3213020945 49.4151552282 72.879751303 32.3941715464 33.8321289493 32.8884073349 34.1954974979 34.1306624216 32.4380647894 32.6751211235 33.2870339734 34.9843677859 32.1868824429 34.5392324523 33.5188285296 32.9308665922 64.259429831 64.259429831 34.8934425946 34.6253639657 34.5699759439 34.0338998543 34.9219264059 32.0103666607 31.5547945812 34.4130220883 33.0093079241 34.259406757 31.5623389296 31.8607108936 56.4065462657 56.4065462657 32.7687059109 33.3768245039 32.9979124576 34.1482642393 34.195599583 34.2321286533 33.6620131313 33.4089423351
31.9717939588 33.9756744817 34.6937568305 31.9366812581 32.3930696104 80.2221714903 53.0390608732 53.0390608732 53.0390608732 31.9585465555 32.0891806743 31.5141892342 33.9862342179 32.698414092 33.3949765585 32.009292019 33.2239855469 31.603153922 34.7342923967 33.983908151 50.5955254196 33.1796391216 31.6228461573 32.5265233659 33.3809238217 34.1430455533 33.0700285856 34.2483629421 31.9765133589 31.5739461133 32.9587633195 32.7798209969 32.9599571302 65.6344295824 65.6344295824 32.257526386 34.3714125925 34.4770593258 32.6332120973 33.6197613234 32.1304710065 33.3294858468 32.0779239246 33.2886781775 34.6687120939 34.0298404933 32.7218896823 56.4065462657 56.4065462657 56.4065462657 32.2295168277 31.9638510592 32.8890268465 35.0343794051 34.1746815742 33.2575127935 31.8210504944
33.5583578334 33.6836710769 33.1226702011 34.4358451153 34.6955516106 32.6230824616 53.0390608732 53.0390608732 65.2899145155 32.8235823983 34.3080470494 34.1885898406 34.5783705282 34.6914119537 32.9278170957 34.2808881619 31.7455733146 32.2249120222 34.8529709585 34.3259811214 34.442364179 33.9213503955 32.5089237459 34.283951749 33.0275433097 32.9284350397 34.011237345 32.3333583148 33.4997638824 33.4744989465 32.224671538 34.6928886396 32.6036661142 65.6344295824 65.6344295824 32.447288892 33.4366983456 34.2008946064 31.5864735076 32.5263939694 33.3216624064 34.1415854475 32.6911600922 33.1551249952 33.7874477667 32.5948857334 32.3282417493 59.2855332949 64.7561256881 59.2855332949 34.6861662002 33.1705405874 34.8372485234 32.8160549266 34.8782715691 33.848686871 31.9533566183
34.4009499168 32.208100845 32.0286012448 32.8095919827 34.9205609925 57.4153373445 57.4153373445 66.216017758 32.9548853281 32.5148260088 33.9202149198 31.5211141993 34.6193784083 33.4391693366 33.3757774078 33.1225387321 32.7475322529 33.2325893376 34.7000395231 34.5493121533 33.6688697183 33.6729620895 33.7358934192 34.0541659775 32.5192228396 33.5702905258 33.9866742872 31.8790340812 45.2671042695 31.5114662541 33.4751915248 33.5900832529 33.0455566127 33.1498377115 32.4928293858 33.982411478 32.8709486515 32.1279143393 33.6505777002 33.5309268844 33.9676972158 31.5716957604 31.7399303405 32.3985635147 33.1179885718 32.1808586882 33.673602481 64.7561256881 64.7561256881 64.7561256881 32.6918079801 32.885340677 31.9723600121 33.99901155 34.0936433462 58.3586466643 58.079711677
33.3566169612 34.2767367321 33.0366358008 32.8944958881 33.3167839413 57.4153373445 57.4153373445 57.4153373445 33.1207390631 32.146586313 34.0509190951 34.9034374029 33.8738178439 34.300773075 33.9586008283 32.4695529011 33.6719037987 32.6487161458 32.2535613094 34.1265163204 31.9690380371 32.1526780396 34.0065613308 32.6755466968 34.5583029847 51.8007471337 33.6829013817 32.1597697135 45.2671042695 50.0857067375 50.0857067375 34.9691469508 75.6691886446 32.8266057341 46.9397182027 71.8099497844 71.8099497844 34.6170819149 75.0537166472 75.0537166472 45.2359870534 32.9372754759 33.2322566177 47.4130608434 52.0520433147 34.1713954486 33.2151624127 63.4139623965 54.457455436 63.4139623965 56.2810612846 56.2810612846 49.0157922109 34.144559803 32.167797994 58.3586466643 58.3586466643
54.6997977464 60.8701753508 32.00014161 63.9516832885 33.2644085884 69.6132125256 57.4153373445 69.6132125256 34.6805969539 32.4063094454 33.7013554299 33.9570279974 34.2403087192 34.5480438746 34.0411967075 33.0512342575 34.8385254717 32.6477203635 32.5720765789 31.6331394636 31.8502184376 32.4770732151 32.1744227576 34.2502517849 33.1089381863 33.4169238494 32.6888519028 34.3259638463 32.8531570088 32.7933359513 32.1332490604 75.6691886446 75.6691886446 46.9397182027 46.9397182027 46.9397182027 71.8099497844 75.0537166472 75.0537166472 75.0537166472 31.8308242088 34.9963609088 33.4930010836 52.0520433147 52.0520433147 52.0520433147 33.4282921345 54.179741571 55.7712426928 50.5929440659 56.2810612846 56.2810612846 32.0979419641 53.1553066308 53.1553066308 58.3586466643 58.619913868
54.0006288382 60.8701753508 63.9516832885 63.9516832885 56.6900628394 56.6900628394 69.6132125256 62.1629680204 33.78698279 34.5191982611 32.234289509 33.0998321756 31.6519048114 31.9618163118 32.8150179611 33.5253606382 33.3978737983 32.3938007104 32.5848878905 34.4068166136 31.8956801357 57.6268276544 57.6268276544 34.7737445072 35.0329271547 32.7976143003 33.5696744581 33.9520878278 31.7681356298 34.7924273663 33.719719844 34.1224533314 75.6691886446 41.3310571344 46.9397182027 56.8893301739 70.6078790387 34.7666356442 75.0537166472 75.0537166472 33.9755518417 32.1098219736 47.4130608434 47.4130608434 52.0520433147 52.0520433147 33.7631999121 34.0680433111 31.59720174 88.2538380605 56.2810612846 31.6153731066 34.6857270354 31.9470006604 34.3983043466 58.3586466643 33.1334211019
54.0006288382 60.8701753508 63.9516832885 63.9516832885 56.6900628394 56.6900628394 57.6234089984 32.9499411561 33.6787209612 31.6161763197 33.2581287034 31.6617575704 32.3788393735 31.7051958419 32.1219239444 32.6691696079 34.5210060911 32.0629325735 34.3709284246 33.7096466404 57.6268276544 57.6268276544 76.098527949 76.098527949 32.0817951483 34.637235984 32.7196014837 34.0094323848 33.2362965932 32.7641571238 33.4328706293 34.1938358305 34.4304869712 65.6352309969 65.6352309969 65.6352309969 32.9819878959 34.3856061628 34.2230733033 34.3737466695 34.4054742822 33.6435467262 32.7853223543 32.0698318843 31.8002774352 34.5855635366 32.1908023952 32.2008051267 34.4021349459 31.5473753198 33.2729812523 34.8220344876 32.8787058266 32.5248465729 34.7691794079 34.84706441 33.91382509
54.0006288382 76.8548604909 31.876016611 32.0682055726 56.6900628394 34.3676394332 47.0409657267 62.1629680204 32.2086946486 33.5709564796 32.2454758142 34.7404421462 32.6078967396 34.4016728354 34.5847619434 32.1478401774 33.923614695 31.8435288228 31.5510142696 34.5487142686 32.0909785486 76.098527949 76.098527949 76.098527949 34.9608408671 32.8835984096 34.8850297042 32.1580799565 32.3093982855 34.9671504859 31.675052649 31.9648555713 34.4197379189 32.1538587695 65.6352309969 34.4104749279 32.7132759273 32.2364900604 34.2807803294 33.1597289107 31.6502540378 31.8162650675 32.758762738 32.5594268968 33.3562855546 32.056675986 33.3803433317 34.0418048779 32.7427457451 34.6098895002 31.5716399722 32.0880783703 33.4098645717 34.6646560095 32.817701856 33.7820001502 34.0247361417
76.8548604909 76.8548604909 66.7384348057 34.6753805379 60.5397500679 60.5397500679 47.0409657267 34.0427458561 34.2730960788 34.0565085296 33.4625863225 33.3185530051 32.378803582 34.886324972 33.9964154731 35.0248303277 32.3302143622 33.6710397591 31.5877320087 32.5022412584 32.8850759074 53.0044400535 76.098527949 53.0044400535 91.3412728841 34.045408121 34.6623016942 33.4769788324 34.1890582931 34.2962318049 32.2187648117 33.8183006277 34.4244262517 32.1882795754 59.8627967987 60.3831267515 34.0122797601 33.086036622 32.1561500708 31.6758325712 33.2129502088 33.5101412737 32.3525108363 33.1166086724 31.8599325653 34.6305143673 33.9120931487 34.2418397053 31.6658566179 34.600491758 33.9919338083 34.4688333329 33.8611310623 32.1191736863 31.6806829944 33.9520800473 33.2432564361
66.7384348057 66.7384348057 69.3059684575 69.3059684575 60.5397500679 60.5397500679 60.5397500679 33.3138366843 33.8157415652 32.1374582638 34.7583348707 32.7266161732 33.3490236561 34.8361040896 33.9022007527 31.52303284 34.4924070975 34.7497970517 32.6133953641 34.1738347195 32.1766758158 32.0857538673 61.9663622254 53.0044400535 34.5435616282 34.0996571625 32.4740860619 32.6506862317 32.4896412228 32.7813740532 33.654030809 34.1544838454 33.1446733145 86.1204987865 86.1204987865 86.1204987865 33.6354169093 33.2184053708 32.6187230733 33.3701229668 34.6633707358 34.6067635785 34.7060323887 33.4614711601 32.2779652836 32.0656627485 33.5983008416 33.4735617989 32.6116650436 33.7305963957 32.2732801723 32.5625293712 32.0091728792 34.6055363371 33.7025341495 32.4422249048 33.510409004
34.6773171894 52.8813998039 69.3059684575 69.3059684575 54.3369027963 50.3555506864 32.6008118578 32.6841757746 32.0287919341 33.4309988194 32.7554482597 34.9335188202 32.3544087882 33.6418063691 31.8098016971 33.6182090373 34.0635869106 33.4431714628 33.9253320929 31.7215689775 32.6008844434 33.9006584477 31.8977584072 50.7585848623 32.4524435223 33.5443180659 33.1902906671 34.6570007999 33.4448798983 34.3477128153 34.343296417 31.5904318161 31.9247532621 34.2780232097 86.1204987865 86.1204987865 34.0882108757 31.9352665358 33.6056776588 34.0519080409 33.2678574432 31.9994976095 33.5310264991 33.9788766094 32.5013972407 32.0160376819 62.0014986569 60.3085029896 46.5219053409 31.5814793181 33.8786031152 32.3057888306 34.7962129389 34.2449751389 33.9665122146 32.7639441797 32.9376195367
32.2664059958 55.8192556099 52.4647144065 52.4647144065 50.4304827422 31.9564082872 33.2119183034 34.2928710823 32.9979805679 31.7478690235 32.1623327147 34.1049102106 32.3993975179 34.7583268882 33.5070283919 34.4917078308 33.783554177 34.0786841961 32.4433834673 32.2456109819 32.4332306103 35.0271873916 57.3778805554 57.3778805554 57.3778805554 57.3778805554 32.6652851233 33.0182976756 34.9555822533 34.6478174717 32.6809314778 32.2807501354 34.2906267646 53.4779190179 53.4779190179 53.4779190179 31.8733153969 34.4009875749 31.9737748034 33.9157798696 34.0469177008 34.6403017456 32.4410130188 33.0009189567 57.3054295102 31.9911909847 62.0014986569 73.7538199618 60.3085029896 32.7335321713 31.8346855443 32.3239742011 31.5277598022 34.0418482983 34.8231486165 32.8109405313 33.3081157729
