Spatial_Output/BAU/BAU_1191.asc
NCOLS 155
NROWS 192
XLLCORNER 196307.867259
YLLCORNER 449144.565805
CELLSIZE 33.573938
NODATA_VALUE NaN
[rows 125 to 149 of 192, columns 56 to 111 of 155]
27.8970534912 56.1609400896 52.4533082362 48.9742769782 48.9742769782 52.6494928487 27.9841390844 27.6163067246 27.9775513903 27.5499831856 28.1674864757 27.7201841793 27.8135277878 27.7649362598 27.9078347874 27.6628374551 27.6908937129 27.6033867308 27.89906017 27.6937068605 28.0851708666 27.58375829 27.5355769372 55.0926271231 55.0926271231 55.0926271231 55.0926271231 27.9708468793 27.8252270633 28.1842316095 28.1881003464 27.7168927272 28.0943890006 27.9406831165 27.5059319866 50.7904749695 50.7904749695 50.7904749695 27.6282122352 27.9056096245 55.4378733281 56.0374809985 62.9265129571 58.1842765241 58.1842765241 54.0337780977 57.3563656093 57.3563656093 57.3563656093 54.3353498057 53.7699281802 56.6448260602 27.8920762605 27.8107259405 27.7763465493 28.1207679926
28.0859450526 56.1609400896 55.2951759873 48.9742769782 48.9742769782 27.8967255753 27.935352199 27.9364387933 27.6237258814 28.0378423722 27.6921025309 27.9844874096 27.7235005743 28.2035489038 28.0714309101 27.6598756261 27.9076766161 28.1703044265 28.1096544093 27.5670446143 27.7395266106 28.0804945619 51.6949578578 60.043217295 60.043217295 67.8648735543 28.1871923229 27.5236670531 27.8478386938 28.177029951 28.1497485927 27.659230566 28.1516446195 28.1066028408 27.553644908 50.7904749695 50.7904749695 44.2518904607 67.7107652537 65.1785578393 41.1661639887 41.1661639887 56.0374809985 58.1842765241 58.1842765241 54.0337780977 44.5869080628 53.8006289568 57.3563656093 56.6448260602 56.6448260602 27.9926036297 28.13624139 27.82774133 27.8724679057 27.9950093933
56.1609400896 56.1609400896 56.1609400896 55.2951759873 27.8619295259 28.0249500984 27.793365695 27.934726587 28.0729639466 28.0472454029 27.6742649071 27.64719924 28.0762629643 27.7507851655 27.691007445 28.160463093 55.2631579067 45.4561766373 47.1937238428 27.6165456407 59.9643816898 27.8411234822 51.6949578578 60.043217295 60.043217295 60.043217295 27.5039380191 28.1250543188 47.1540427609 51.1117579703 27.8984646014 63.2777256103 70.9949071267 54.2665263484 55.8679244381 27.7024683652 66.0795582457 27.932533313 67.7107652537 55.4378733281 41.1661639887 41.1661639887 56.0374809985 62.9265129571 27.8584940063 28.1672844844 27.7259869743 28.0436612886 27.7774664751 27.9929451319 28.1509679641 27.6504157204 27.541862565 27.5153244922 27.9447892661 27.9904009573
27.9845275311 27.5902976028 28.2046400709 28.0207147292 27.9807145167 46.517190313 46.8640593623 27.9312063858 49.1245186363 38.2860495412 38.2860495412 48.2769331606 57.4532104887 57.4532104887 64.7828387202 55.2631579067 55.2631579067 55.2631579067 45.4561766373 59.9643816898 59.9643816898 28.1761635829 27.7709932927 58.3131153389 58.3131153389 27.8761475733 64.2676686828 27.9418290196 47.1540427609 47.1540427609 27.6892167924 63.2777256103 27.6030291418 54.2665263484 54.2665263484 59.1266015359 66.0795582457 66.0795582457 67.7107652537 67.7107652537 27.8077766681 55.4378733281 27.6584424981 27.7701013635 27.7542405887 27.5344467218 28.1723214589 27.5107104352 27.8210012737 28.1375583696 27.6319674544 28.0253601908 27.6222863791 27.7489848067 27.5669616736 27.8387017043
27.8594302836 28.1433897409 27.899643744 27.9973772942 27.7165608836 46.8640593623 59.4467709132 49.1245186363 49.1245186363 49.1245186363 38.2860495412 38.2860495412 57.4532104887 57.4532104887 57.4532104887 27.6520239562 55.2631579067 45.4561766373 27.5802646601 51.7171780993 59.9643816898 28.0760732046 27.8115845993 58.3131153389 58.3131153389 27.5465289467 27.9218519017 28.100723582 47.1540427609 51.1117579703 27.8062425549 27.7379535776 70.9949071267 54.2665263484 59.1266015359 66.0795582457 66.0795582457 66.0795582457 28.0680533665 28.0851566688 27.871268272 27.5467808207 28.0466006061 27.6532963654 27.6699194611 27.5383042842 28.1379420506 27.8876884858 28.1010001513 28.0794098965 27.5391114098 27.9260355155 27.9652711624 27.9463242836 27.8378667765 28.0137331773
28.1928626592 27.6974882262 27.8165150338 27.7558593618 27.5761139005 71.8301244678 71.8301244678 59.4467709132 49.1245186363 49.1245186363 27.7595831673 28.1430856123 27.5836002001 57.4532104887 64.7828387202 27.9664967969 27.7163966108 27.6028361465 27.9921636097 27.6237266177 28.1805898794 28.1791732168 27.926844796 27.617227434 27.7127203617 28.0615323248 28.0443827181 27.8585587083 27.9189524139 27.7942801484 28.0644362402 27.6603299182 27.7619030279 27.6915743745 27.9103236046 27.978749453 27.5621762338 27.8899171583 27.9954636018 28.1244200397 27.9921571454 27.6606169625 27.6166177678 28.1815661601 27.5046709071 28.0783440413 27.8473494534 27.9856202179 28.1257078262 27.9762493038 28.1987193831 28.0637714948 27.7232519377 28.0153634116 27.7876078078 27.6121327708
28.1226637297 28.0017662631 27.5384964918 27.8574461593 49.6434862587 71.8301244678 71.8301244678 49.9824301099 28.0338485759 27.5272027721 28.0613882024 28.1008882759 28.1517622881 28.0393968919 27.7252997134 27.5107425894 28.0708126196 27.5727990758 27.9771837673 27.7188992638 27.9428041231 28.0806679064 27.5331446989 28.1362145163 27.7672438251 27.7157552648 27.8747842567 28.0938959906 27.5075403747 27.644799378 46.4536900269 28.0853181313 27.6379439508 27.7786088917 27.7343916452 27.8685335238 27.972531282 28.1995998182 28.1689749972 27.5111344065 27.9282440672 28.1495844653 27.8813309948 28.0098804247 27.6337389982 27.7614722063 27.5751892303 27.8391772945 28.1265759012 28.1710294619 27.8663842945 28.2023440104 27.8158650081 27.881554166 28.0615823084 27.5601103605
27.6888528422 45.37586694 45.37586694 48.7540471603 49.6434862587 27.7150912149 50.1494357757 28.1670067082 27.7527812144 27.6696786359 27.8369836962 27.6093860617 27.9227286422 28.1687860347 27.6269458165 28.1639277075 27.6674796229 27.517410583 27.9150539219 27.8433203368 28.0807561841 28.0621609188 27.6245347694 28.1344755819 27.8172868335 28.1021284438 27.979973954 27.7953314454 27.6785388997 27.6252052856 27.6216561741 47.0487485828 27.861856068 27.9138067793 28.0265264143 27.8876323679 27.9706020415 27.5558686678 27.7596617618 27.7594945963 27.8598172492 27.8662319739 28.1273348816 27.7407752149 27.5817566797 28.1652150699 28.034698793 28.1588802361 27.8244758431 28.0231822851 28.1468026834 28.0451267238 27.9410861888 28.0568161792 27.5046957557 27.554313651
67.4688971785 45.37586694 45.37586694 27.7867472125 27.7037482874 28.0141893607 67.1005233919 65.3624762612 65.3624762612 27.9744585234 27.5065085022 27.6578822952 27.7439955616 28.0235658421 28.0381243744 27.9383444458 28.0878288437 27.532831225 27.6552066102 27.9061091722 28.1421355706 28.0714767293 27.9373090059 27.7189812614 27.7463438508 28.0414674742 28.1845808559 27.5160444304 27.7564642029 28.1085328456 27.6155002412 48.0255520174 48.0255520174 27.7275243559 28.1224291412 28.1372004664 27.6659996672 27.8546054604 27.6629855196 28.1879325374 28.15023335 27.9819175703 28.0779746393 28.0881442683 27.7619270336 27.5081617898 27.8249964274 27.6209264148 27.8520775286 28.1579088657 27.9623723018 28.0049125066 27.9261803172 27.554711773 27.8133023937 27.6483452749
67.4688971785 27.9229802073 48.7540471603 27.7576007179 27.9996202992 27.9645033142 28.1538099821 48.5374648078 48.5374648078 48.5374648078 27.984148585 27.968455735 27.7999769018 27.9205675958 28.0131666064 28.031232566 27.7488532719 27.9292421418 28.1226529656 27.841366395 27.89251685 27.8945419222 28.0385897428 27.8280292149 27.6885685608 28.1462847124 27.8838734844 28.0453217028 28.0868491014 27.5246197768 48.0255520174 48.0255520174 48.0255520174 58.4215980106 28.1697560026 28.0717640693 27.934780328 28.1816642661 28.0649921015 28.1730532703 28.170726838 27.8536944861 27.8322968225 28.0959704903 27.9547185712 27.5473100257 28.0753004707 27.5396123596 28.0429278511 27.6503540152 28.1397858861 28.1603305775 28.1684625103 27.9643967593 27.7447242739 27.6494649506
28.1083338185 28.0218179757 28.1769579966 27.868805335 28.0879839664 28.0903638956 27.8958920848 48.5374648078 48.5374648078 65.3057536071 78.0465238219 28.188868552 28.005138287 27.9618674144 27.7637378086 28.0203166805 27.853962633 27.500815231 27.7434853949 27.9538884595 27.6509892634 28.16487127 27.7417161106 27.7583810526 27.7636345498 27.7094747104 27.9076035906 28.1065609259 27.5657601514 27.6412452506 27.9008068136 27.9229396264 51.5073274287 51.5073274287 51.5073274287 28.0320442587 27.5196584041 27.7629292018 27.7656325782 27.6716610766 28.0181396222 27.6193283414 27.676558609 28.0386712096 27.8972216323 27.7011319045 27.9455746389 27.6014002511 28.0279208238 27.9155013955 27.9892285824 27.932326108 27.6563892208 27.602204248 28.1229526981 27.8884442695
28.0056423342 27.6118246299 28.0090706176 27.9064436976 27.6880627374 27.802799198 28.0981985456 65.3057536071 55.8371294277 55.8371294277 55.8371294277 28.1050799544 27.8592313172 27.5728149551 27.9244414063 28.186133902 28.0786453756 27.6044175236 27.8293992555 28.0023275313 27.5702948742 27.7516484015 28.0356695145 28.1574334132 28.1339391724 27.775302574 27.70536768 27.7604052867 27.7267653329 28.1024931102 27.5541750305 28.0016270028 51.5073274287 51.5073274287 50.1407623567 27.5580254621 27.8660166222 27.8774801117 27.6787511378 27.6585118466 27.9974492178 27.7991460875 28.1091336381 28.02580221 28.1843820583 27.7884083764 27.8390011401 28.0639473546 28.1057368466 27.6159933289 27.6256178773 28.198276629 27.9307090208 27.768698656 27.5800902392 27.5440698628
28.0243876251 27.7421986407 27.8714366978 27.5799557916 28.1626539627 28.072541966 28.0520019274 28.0060979105 55.8371294277 55.8371294277 27.6630065057 27.6782339434 27.5384980671 27.9894067573 28.1043411785 28.2067113631 27.5209409605 28.2046011436 27.6519469027 27.874932727 27.9095299392 27.7772020839 27.6968415286 27.9859054495 27.7419969678 27.9082617821 28.1663972716 27.6924848708 27.9842359731 27.6404485308 28.1205630318 27.9451139381 27.7206339008 46.9006883522 53.1647138727 27.625238716 27.6113030341 27.5574494471 27.5617552507 27.6833252311 28.0176866025 27.6382476721 27.7655233157 27.5433691057 27.7731588304 27.9848237535 27.8856727598 27.5373298453 27.6713422613 27.7088253196 27.8656782062 27.763277345 27.9419170946 28.0067363263 28.0682021621 27.5590317028
27.6874235733 27.7007584727 27.9387120575 28.2024229545 27.9187327891 27.6371820012 27.8094762715 27.5297524545 27.6769715317 51.0737148587 51.0737148587 27.6626588802 28.1691781887 27.7952362015 27.5665268409 27.7303257951 27.9904743588 27.9249208135 27.7248514751 28.1449790199 27.6245388383 28.0026743494 28.0362525136 27.7106202197 27.9575228759 28.0697570151 27.9972648942 28.0881823355 28.004350704 27.7144364478 28.1698752111 28.0833764699 46.9006883522 46.9006883522 46.9006883522 27.6223583061 27.6837318409 27.8716446853 27.5131196015 27.6054706071 27.8659524938 28.050022361 27.759746599 28.1963481001 27.7539857845 27.5434835277 28.1394573896 27.6277783716 27.6886304571 27.6245108812 27.8328158578 28.1151526247 27.6173468694 27.567363742 27.7574750157 27.9665667982
27.8560244483 27.6986530745 28.1897729262 27.7107116246 28.0893998116 28.19767387 27.5148277413 28.0563941116 51.0737148587 43.7680571669 51.0737148587 28.0378588543 27.7560843723 27.9492260078 27.9042020404 28.1301323986 27.526055794 27.5008718063 27.9450067607 27.8224803876 27.5655694569 28.0194052282 27.7533548677 27.8533678315 27.9390441025 27.682202749 27.8107598224 27.6072541137 27.9038138609 27.8636913017 27.5560481705 28.1140356449 46.9006883522 46.9006883522 60.386615855 27.9867309242 27.8376363446 27.9438930766 27.71052724 27.6694393581 27.5269407645 27.9174276804 28.1895917424 27.6192608157 27.6428929298 28.1745151515 27.925599454 27.5473810067 28.0070007648 27.7872622259 28.061309849 27.7995101121 27.7074065376 28.1592293476 27.7631775828 27.6702113591
27.5906298741 27.9435391224 27.5176828271 28.1165127422 27.6875713726 27.6530234093 27.6788097794 27.7981626389 50.9694476885 43.7680571669 43.7680571669 27.8025755369 27.5022844625 28.1041362643 28.0632880846 27.5205662911 27.9975415666 27.8475554936 27.9093755165 27.6322578411 27.8136192471 27.7202910602 28.0183062962 27.7531134257 28.0654355581 27.6304007399 27.9157612487 27.9356410224 27.9399696084 27.7739936803 27.6563563166 27.7461264372 60.386615855 60.386615855 60.386615855 28.0066967635 28.1751482052 27.8896040159 28.1055894666 28.0585992133 27.8847098888 27.9441836498 27.5301129381 27.9198372294 27.6869998588 27.5731456087 27.6265205909 27.8497637552 28.0985029971 27.7979637234 27.8603906296 28.1202693929 27.7140542509 27.6672761873 27.6600341729 27.9902896691
28.0418848031 27.6195042106 28.0131069279 28.0675465498 27.634592478 28.0850094515 28.1556879477 27.9365395765 52.4475881631 43.7680571669 43.7680571669 52.4475881631 27.7589667298 28.0606698964 27.5310867762 27.9418670979 28.1430071189 28.0324082405 27.9629739807 27.8204886603 27.7582634256 28.1290862712 27.5406212236 27.5530796284 27.7274166622 27.6449171274 28.1560221669 27.6261401671 27.5509088692 27.9171444627 27.5085101958 28.1017947844 28.0228282553 27.9806871637 27.9849081882 27.8717705954 27.5393889186 28.1364276253 27.8771539924 28.0488099289 27.8186154637 28.1706658242 27.5184221851 27.8557304027 27.5246631898 28.1063238396 28.1868801581 27.8608972827 27.7441440036 27.9593399711 27.6699352439 28.1474416131 27.6081638162 27.8068816174 27.9249738034 27.5766855571
27.6362761766 27.6470203908 27.7625177464 27.9230252559 27.7127732432 28.0586972722 27.6942106387 27.870488242 49.3096421382 38.1481540931 38.1481540931 28.1679093974 28.0221355838 27.7165099521 27.5185100723 27.8875579635 27.667834332 27.9681775903 27.5356939184 27.63493632 27.7274680714 27.8548103679 28.0696942585 27.5182030238 28.0843352361 27.9875151388 27.9201457368 27.8893274554 28.0940553321 27.5418371519 27.9131802661 28.0576638776 27.8319171014 53.5245700296 62.7902618895 62.7902618895 28.1060492787 27.6038784335 27.6432568509 27.9911800171 27.8429577534 27.9498178305 27.8793822452 27.9196603927 27.7955945855 28.0366685478 27.6808738317 28.0133858178 27.5341302777 27.728772447 28.1436831219 28.2063937513 28.1345551191 27.6149665474 27.7145730861 28.0253071127
27.9319422056 27.5831454557 28.1278311054 28.0426940314 27.8094189859 27.9258041661 27.5063563559 28.2031998651 38.1481540931 38.1481540931 38.1481540931 27.9997060154 27.6927083105 27.8243871944 27.926595135 27.9872512853 27.9308250232 28.1461642728 28.0247469734 28.0822886398 27.7439545694 27.9867530006 27.7788422573 27.9656418219 27.8236540902 27.878985496 27.6599570799 27.7925330775 27.5890882363 27.5701166548 28.0084506057 27.8773498422 28.0211603864 62.7902618895 62.7902618895 62.7902618895 27.9720041526 27.9344689821 27.6100043757 27.861518898 27.9525418648 27.5254909482 28.0634649949 27.6691111218 28.1627856666 28.0140676617 27.8664493599 28.0271946424 27.6888591248 28.175639678 27.9980185419 27.6446437514 27.8135944957 27.8251663229 28.1716611262 27.6782672822
27.870324768 27.8672345293 28.0132563092 28.0250216869 27.8267126843 27.5988674307 27.697351312 27.9888859306 27.7391324653 61.1769653173 27.9001216864 28.1387169256 27.5106483145 27.5482809848 27.8797543925 27.5044544389 27.7790293369 27.911038383 28.1684161005 28.0256252698 27.5953036763 27.8813135387 27.8433486819 28.1965467587 27.8204449037 28.1191369619 27.6930326745 28.0317480825 27.6370050162 28.0736495014 28.0645922189 28.0020834581 28.0586666176 27.8976103998 53.4805777572 27.6134245586 47.1291425207 27.9898785673 28.0064740484 28.1704562995 27.5143389378 28.085297208 27.922517962 28.0332104306 27.9610048442 27.8711410444 27.9105841368 28.0557529089 28.1505519721 28.0228450187 27.6977048206 27.5635847544 27.757133268 27.7269951022 27.6822080361 28.0638701417
27.655716867 27.7616263737 27.7887183082 27.6798653992 27.55998956 28.1719858356 27.8404166119 28.1680695509 61.1769653173 61.1769653173 61.1769653173 28.2021459317 28.162881247 28.1596631127 27.9995170169 28.0943054149 27.6570607465 27.8759136383 28.0365095422 28.1095504645 27.7913046995 27.6527183717 27.9212107662 27.9517105245 27.5932426342 27.8073460753 27.882172811 27.729821583 27.8872510476 27.921456517 28.072064771 27.9263089681 27.5241574451 27.712974538 27.5857475053 67.5806135624 67.5806135624 28.1272055028 28.1432961059 27.6469174873 27.9262221728 27.6664991745 27.9967883293 27.9354160227 28.1240351961 27.5398981459 28.0514096084 27.9146211424 27.648790942 28.094408106 27.5012633774 28.0814864706 28.1176739951 27.7154177478 28.151707587 27.5157254617
27.881203467 27.7174524741 28.1917249581 28.1192413034 27.9466389371 27.8379563651 28.1921220059 27.7635263734 54.1073216783 61.1769653173 54.1073216783 28.1024632272 28.1846919671 27.5155357142 28.087772862 27.6183477682 27.931247063 28.1433194501 27.7626325826 27.6595127199 28.1768763332 28.0041224598 28.1010615508 27.9098717554 27.869090057 27.5337317238 27.6227871347 28.193355617 27.9566531517 28.14453281 27.5110647101 27.7913094886 27.522317878 28.1566178266 28.0251683818 28.1676325597 28.1034196619 27.9809970501 27.8975396906 27.9084483419 27.7318979106 27.6477080872 28.0078077808 27.7637260452 27.616006478 27.9730162871 28.0765478718 28.0755204645 27.7787834136 28.0953076517 28.0444496663 27.946117041 28.1278743461 27.8440372596 27.5491095249 27.9971727583
27.8718073197 27.6882768573 27.7209235143 27.6003487071 28.1945452106 27.9648212925 27.5252886378 27.5694928059 27.5200188522 45.3923026047 28.1858891994 27.8931154815 28.1213959115 28.0957428256 28.1534410955 27.9161542712 27.8599909872 27.5816063745 27.9937299695 28.1826366936 27.720415252 28.1238848165 28.0553587388 27.6355191764 27.7104667167 28.200908353 27.7362462951 27.550650441 27.8879748488 28.0885630837 28.1986140765 28.0094968759 27.820975449 27.507716019 28.0241790638 27.8790085041 55.0931083521 55.0931083521 27.6366269311 27.9134150645 27.5795584705 27.8101990996 27.7980180036 27.7527235633 27.8862664042 27.5741544491 28.1060216721 27.7952579367 27.630773414 27.557873096 28.0491736897 27.6680666762 28.1110805131 27.7797379234 27.6900956642 27.8890381153
27.6016264689 27.9816406092 27.6385378012 27.6572776684 27.5273428949 27.6712665109 28.2017384373 27.5270598688 51.5510845882 45.6809518163 51.5510845882 28.048091334 27.9599211095 28.0366869605 27.7012971616 27.6076756636 27.9825751007 27.5923320595 27.9302777351 28.1257951539 27.6953538816 27.8483989287 27.9304579615 27.6259078179 27.6422336241 27.8043718894 27.7994461538 27.9536979251 27.5801520536 28.0652985196 28.030794726 27.794766035 28.0155086189 27.5780145768 27.5624722027 55.0931083521 55.0931083521 55.0931083521 27.8974516697 28.144217969 28.1449085906 27.7064789879 27.8714887567 27.6010291562 27.7872267598 28.1067384712 27.9707623044 27.7669232793 27.9055453426 27.7417079446 28.092480799 27.7831758611 27.5471173377 27.9168264291 27.7063256814 28.1903768645
28.1430679357 28.0495927811 28.0460304684 27.5468738566 27.9370597246 27.7269891556 27.6600606168 27.6393475754 45.6809518163 45.6809518163 45.6809518163 28.017827203 28.1983344684 27.6466959697 27.5369995658 27.5387497308 28.1073362418 28.0102983528 28.030044632 27.9413002762 27.5451564004 27.9537434499 27.5776792583 27.7764481326 28.004853582 27.8320462875 28.0645758263 27.9750772131 28.1877849505 28.1561389991 27.8378234614 27.7194492214 28.1716459494 28.0519979492 27.8409751108 27.7256926885 64.751677866 51.3463432932 51.3463432932 28.0606610899 27.9001570792 27.6649161187 27.9960434075 27.8713380571 28.1140504889 27.5213855697 27.540120509 28.153531249 27.6511466577 28.0907933543 27.6149542979 27.7354732597 27.6397673778 27.9431446932 28.0560331629 27.5769397109
