Spatial_Output/BAU/BAU_1095.asc
NCOLS 155
NROWS 192
XLLCORNER 196307.867259
YLLCORNER 449144.565805
CELLSIZE 33.573938
NODATA_VALUE NaN
[rows 100 to 124 of 192, columns 56 to 111 of 155]
28.5416365174 30.7292736806 30.9457108389 30.7366594161 30.1939031387 30.7891342108 31.4352926324 51.2191808836 55.8296302545 55.8296302545 28.5614707871 30.6271661764 29.6562277913 28.6431766361 30.3473967882 31.1000937086 30.0339707518 31.3049789784 29.0193881891 30.5300815524 29.1902705879 29.8433975294 30.5196035183 30.9331541391 28.9052753553 30.4743846171 30.2275941753 30.5804262883 30.4510351459 31.7750197775 30.19278725 28.5824329007 30.4086827579 47.6526290767 32.0082465965 30.5996848134 28.7505640515 28.6214601891 28.9968389827 28.5590459283 30.5378159173 29.1783506282 30.9228983097 28.7925864273 30.109460671 31.7749503909 30.292888317 41.2458329616 41.2458329616 31.864202837 31.721311545 62.5797409198 30.2035423835 70.6471619392 47.3767946794 47.3767946794
62.4890794342 29.3752989476 28.9037194849 31.440985721 31.8780430689 28.5873514698 31.5499302967 63.396661931 45.443544309 63.396661931 31.9900458712 31.4008932742 30.8550079117 28.7464785781 31.0090934936 31.8316042999 29.4099074145 28.7643781251 29.3181287275 28.5105904627 28.5874717333 28.6052700444 32.0222302311 30.1648644274 29.6133469697 30.8664875636 29.6068527121 31.8764191803 29.3604176372 30.5795258874 30.0147030012 31.6970317101 28.8113415684 31.1000453044 30.9809361168 28.6122597664 29.8394335962 29.1892443015 28.833272711 29.3882493423 30.3660056491 31.4353105835 29.4054182334 31.3266292183 29.8143738568 30.1775250969 29.396672801 30.9541769278 54.4037344279 29.856692408 57.6243436253 59.1585593143 64.7753501434 28.8021570759 47.3767946794 47.3767946794
29.3574309615 31.6214987053 31.8006368876 31.9889445886 30.4626544059 28.8049430982 30.493751331 69.3823248743 45.443544309 45.443544309 30.6921691732 54.8600493522 30.5191781205 32.0240023947 29.6157230466 30.4530857487 28.5230218618 31.8949051409 29.3440158874 30.9430331105 29.2825305739 45.1776848094 31.7313330637 30.5800506959 30.7391404494 31.8906431794 30.2772996881 30.0650813977 29.8700344638 31.8971963251 31.6728247271 29.5932282656 30.9028106145 29.2736134015 30.2612003774 29.51413033 30.4190170663 28.9202478169 29.2721675979 29.2955415047 59.2323932098 72.9156366774 30.3979258199 56.9796700686 52.8582965835 50.8487287754 30.7121118377 57.3513579084 64.2983080609 64.2983080609 59.1585593143 59.1585593143 62.5797409198 70.6471619392 30.867454651 47.3767946794
55.3557414569 28.7731578392 31.2136587488 31.7287273214 30.0281570151 29.4051294209 30.3740388374 69.3823248743 45.443544309 45.443544309 30.4077338981 29.330250626 31.064815517 30.1103969488 29.8530746722 28.520030164 31.2316996192 29.8088119267 30.9225982856 31.858352039 30.5209447719 82.3847355767 31.183382568 31.1452376693 30.1298910774 28.9132226756 44.0869243668 31.6033654561 31.3666936348 28.5852095782 31.9534171039 30.9362496999 30.7232137188 31.5191832774 29.9774639546 31.2491178199 29.3680920694 77.7057959083 57.7733895078 30.7990799029 72.9156366774 72.9156366774 30.4718029607 56.9796700686 50.8487287754 50.8487287754 50.8487287754 64.2983080609 64.2983080609 54.4037344279 57.6243436253 59.1585593143 28.6844806886 30.6383698969 30.8320398677 31.8858191811
29.435015689 30.5894092811 31.631180612 29.1111886014 29.520909859 29.201027451 30.6389206732 55.775788028 55.775788028 55.775788028 31.2137122289 54.8600493522 31.8383314697 30.9579099562 28.7883872732 29.4671120609 31.7627242114 29.9978980498 30.2797585653 30.7918284214 82.3847355767 82.3847355767 82.3847355767 70.3327401836 31.8828280435 62.7948960768 55.0452744408 44.0869243668 43.348175298 31.9168691954 29.6637698134 28.6407609239 31.7703742583 29.7704554358 31.8111948334 30.0539230091 36.9573411011 77.7057959083 77.7057959083 30.7854785176 72.9156366774 72.9156366774 31.6499245738 56.9796700686 56.9796700686 50.8487287754 30.5524152767 29.6056073186 64.2983080609 28.6959735979 31.5752440996 29.4833439982 30.1447125461 28.9037557646 30.7669130727 31.3762385094
47.6934205994 28.5451533278 30.4820450592 31.3211111922 31.1770268802 29.574373931 29.9299324326 67.7722465398 47.1883616478 29.3630385135 29.7616594711 31.2356945577 30.516562993 28.8733292084 31.8568481513 28.9054124296 28.5791222574 29.246490651 31.9311331715 31.1135432531 28.6116282215 82.3847355767 29.9379442025 70.3327401836 70.3327401836 62.7948960768 62.7948960768 43.348175298 43.348175298 43.348175298 48.8832597569 28.9575709321 29.1954838973 48.3544489006 48.3544489006 48.3544489006 30.090779903 77.7057959083 30.4051743222 57.7733895078 50.6525700976 30.1415488822 28.8855277993 31.2504491601 31.2704528936 30.6804593518 31.1323921673 48.7455914475 50.7214463226 50.7214463226 31.1688278076 29.9342372832 28.9565541271 30.4034931507 30.5648347873 31.1525299392
29.275346826 31.7031049965 31.3284772758 28.9801441352 29.9445043834 31.3295432119 28.6561356731 47.1883616478 47.1883616478 47.1883616478 29.5565033008 31.5094242837 31.4805698573 29.6578167033 28.7980001708 30.7938389022 30.5504779693 30.1274992282 29.6503254486 29.9477537952 31.5454387443 29.8658532795 31.6230646077 70.3327401836 31.7188329193 62.7948960768 55.0452744408 30.1729882334 43.348175298 70.1913500848 29.115085176 68.7057593113 71.6418464129 48.3544489006 48.3544489006 29.5799366451 31.7514351406 30.7313621981 31.0762585932 30.414854806 31.5459733029 30.064313856 28.6117016597 28.849799504 29.2354155234 31.9537293686 29.7533877243 50.7214463226 50.7214463226 50.7214463226 31.9746426948 30.0528823476 30.0823997911 30.7484147299 30.4775390392 30.6065430193
52.835456342 31.4736338657 32.0065824198 29.5134608587 30.2183302156 30.6323288403 31.3760698917 47.1883616478 47.1883616478 47.1883616478 30.1628713085 28.9120731731 29.1726865462 28.8462580078 30.6209352072 28.884301334 31.2195923915 30.0440387151 31.649152518 32.020845503 30.1457340172 31.3052379853 31.2002088321 29.4003482128 29.334697055 29.9379314985 30.6487228901 31.4800026767 31.206417397 30.8875511151 31.9802542546 28.6990632235 31.7220620389 51.2380029318 30.9435926285 28.8891042108 28.5730242016 31.502610894 30.7822885024 30.0479232352 29.6371408397 31.3750158581 30.4445733065 30.9218899367 30.5388159961 31.3747856354 31.7330728415 30.2942582055 30.5842148293 29.2449156282 29.9846683543 31.4800173953 28.651630478 30.9044839573 31.4137248877 31.5474295439
28.7879084681 31.82486825 30.7567344989 29.4908190094 29.0893301757 31.0143914957 29.5530319558 61.5461979736 61.5461979736 68.7403137246 29.1254218783 29.0995786904 28.9405723818 32.0198853033 31.0935923012 29.2274982766 29.5918970889 28.5649925001 30.8710338614 31.8371811142 31.9920271342 30.8024704653 31.9222886395 31.3894176866 28.7537117347 30.6837430825 30.0530842591 28.5641312028 30.4784797096 29.0985126558 31.8145137276 30.399544489 30.5197185501 52.4963128752 28.863693045 52.4963128752 31.3800759505 31.9811959091 30.7427467616 29.794034001 30.9347150691 29.9489389393 29.2375421457 31.3378539203 28.6589133646 30.3519015694 29.6749490868 30.7033375471 30.060278228 74.6386391479 28.820156453 31.4727060648 68.9281638997 52.2171536401 30.7246088083 53.5007064614
29.3545402655 30.235548921 29.5858604438 30.7703319191 30.7202432238 31.7994430429 29.132209691 61.5461979736 64.0831797608 61.5461979736 31.6279608226 28.5336829637 31.2020341363 30.082477001 29.305148585 29.2846017567 31.4027127715 29.9871634976 29.1578596506 29.2580197047 28.6279250575 31.6753994975 30.584108792 31.9862477977 31.2030436663 31.2392128677 31.4054868281 29.82330191 61.3362473488 29.4802344363 28.8764940339 76.0125750552 62.2242325149 76.3871377495 53.2926164527 52.3843777579 66.5599498625 30.5164048073 30.549348623 29.3664270078 31.435253884 29.4043793739 30.9370831907 31.2572487871 30.5166247722 30.4679593899 30.2345723193 29.918980968 53.6014864608 74.6386391479 29.5547873565 74.6386391479 68.9281638997 68.9281638997 52.2171536401 29.7026233533
68.1249077636 47.4243441922 53.4482167054 29.3830092396 29.6714197288 30.9504738671 54.5384345356 64.0831797608 64.0831797608 64.0831797608 31.883837091 51.5486986416 30.3458080324 50.3303920366 50.2492269224 29.6466330885 32.0172610815 28.8426118866 29.9469239948 30.476601134 31.1506430495 52.805399094 29.8738927737 30.0820547213 29.5173721355 29.8834281436 31.2501702094 30.8152093888 61.3362473488 61.7120933672 61.7120933672 76.0125750552 76.0125750552 59.7498120694 52.3843777579 52.3843777579 52.3843777579 30.7517376323 29.4571955066 29.2880000669 31.9533864034 30.4018846466 30.2923575987 30.2207855835 31.4566653555 31.415858225 30.1495188616 29.330969158 53.6014864608 74.6386391479 31.9978449174 28.6878764857 68.9281638997 28.5216932922 31.570015164 53.5007064614
67.9771706574 47.4243441922 30.8637442207 53.4482167054 28.6388063598 53.3449455537 54.5384345356 30.0980217809 31.7694606942 54.2530528067 54.2530528067 51.5486986416 51.5486986416 50.3303920366 31.6746335808 29.2529000415 29.3328103601 30.9536714143 31.3521000283 31.9563535783 32.0042974461 30.6002177303 31.978753269 29.3675905651 29.0321950445 29.1291113899 30.0956698684 58.5921498288 61.3362473488 61.7120933672 61.7120933672 76.0125750552 76.0125750552 61.0363141795 83.2013968894 83.2013968894 66.5599498625 29.6718808193 29.2670224733 28.5184186423 29.8650994726 30.2992482983 29.7746533426 28.8762945587 31.0960663764 29.5743507671 69.2635455002 28.8999919606 31.3752116329 29.4673688786 29.7020027585 30.4924251959 30.4476331785 31.4785686023 30.5604558393 29.4280228815
67.9771706574 47.4243441922 31.8138760954 30.8086447072 53.3449455537 54.5384345356 54.5384345356 54.5384345356 69.5698946063 54.2530528067 28.7927873494 51.5486986416 51.5486986416 29.3596351325 32.030933668 28.5091000126 31.9402262528 31.1509069851 31.1754014571 29.425597166 31.0815343022 52.805399094 63.7072394073 30.5397661895 28.6087558503 29.5580088575 31.8097027885 29.8526669345 61.3362473488 29.4758145009 28.62832256 52.2338536713 28.5814694551 83.2013968894 83.2013968894 83.2013968894 31.0604182136 29.6789872313 29.7986257828 30.297785529 31.165446962 31.8024313889 31.1673383675 31.3446297414 29.7661478824 29.4363285869 31.9644296505 30.4924158798 30.0244733968 30.7134691237 31.1665799943 29.5350810327 30.4977255464 30.6736239475 31.0736284351 30.623887103
59.3877075545 47.4243441922 53.4482167054 31.2458586632 30.9457093711 53.3449455537 45.0570482875 31.9465141489 60.3842132919 30.8450479507 29.565825908 30.1584472346 28.6936627782 29.6367603731 31.8013158145 29.2345693427 28.8748427156 28.9318570284 31.8005483463 29.6255510197 29.900960909 31.6025384618 30.3588545932 31.5734596381 28.5555155254 31.4241533467 29.6898798101 29.1296574607 31.5264913198 30.4020435372 29.4907145632 30.2505115622 29.0598561944 28.7776562022 67.0612175518 67.0612175518 31.2395617089 31.4369989442 30.2195614271 29.9963299131 31.2742389352 30.5411276383 29.2880149853 31.1461692037 31.2594006358 30.6557206547 29.4613710907 29.829932722 29.6344898248 31.4124648304 30.1358435672 30.9608981969 30.5223748348 31.9705897497 31.494804785 31.3269998112
30.5387821976 29.3532675456 28.9473332911 30.8161563627 31.9033834898 28.6886354341 31.9505561145 30.3669907937 28.725812493 28.685289383 31.47851732 30.6907052054 30.4307894736 30.2362393233 31.412669645 31.4745498073 29.6532615919 30.1470154216 31.8113408911 31.930818612 31.0374473509 28.6337567695 31.4381330749 30.1844839401 31.9564822462 28.7297672677 55.1482395152 55.370708361 46.9580577832 31.5035917107 29.903057132 29.724317909 30.64779197 67.0612175518 67.0612175518 67.0612175518 69.522279519 29.0531575836 31.4907645064 31.1863064385 30.7339306837 30.8446058309 30.4993514922 29.6574673426 28.8240864252 29.3017076218 30.9084400738 31.7633189815 31.9091463626 28.5833767998 30.717175417 30.1524150201 31.021140036 31.0025518336 31.7736556881 30.7408238554
29.8075199933 30.2915028003 29.198442319 28.9950374241 31.7827245477 31.6375483858 28.684807704 29.8645691774 29.7410900095 30.9966605725 29.6736607277 29.1151453797 29.3175131342 28.6473886772 30.4779621875 28.8050039518 31.1064964986 29.4820294466 28.5357370772 31.6127055203 29.5027251963 28.7904924558 30.5493625649 29.0741657789 47.4757254411 55.1482395152 55.1482395152 46.9580577832 39.6280020612 39.6280020612 52.2465397509 28.5008787851 57.5453031104 29.715303211 69.522279519 69.522279519 60.2296726972 29.4210510343 30.910229163 29.2018557984 31.538866867 31.1972785591 29.9771147988 30.0546846436 30.1258207778 30.1557237045 29.9221864533 29.5543784283 30.3719237485 29.8510299329 29.6491806777 30.5491384883 28.7264511489 29.8919303223 55.0496917704 31.2198058024
31.7504673309 28.7281869614 29.2298811643 30.4212235533 30.1787272356 31.050696835 30.2163869045 29.7155083117 30.5390994005 28.5603614249 31.7107225296 29.7877939873 30.6605184175 29.0723983803 30.0236286707 31.5529567489 28.7434198032 30.9089620551 29.9403594406 31.7086326656 30.062893043 31.7888916217 28.9393972042 30.2133961638 29.1952153214 55.1482395152 55.1482395152 46.9580577832 39.6280020612 39.6280020612 57.5453031104 39.7645021903 39.7645021903 28.9945371819 60.1977413055 60.1977413055 60.1977413055 29.5649440642 28.5618182674 45.363024105 30.4250112818 31.7951115087 29.1262037534 62.9274184758 64.41931706 57.2501934518 58.7761384208 51.973347355 29.9182869411 28.5779350946 31.5388958658 30.9108534437 63.9976193821 61.5008044305 61.5008044305 44.6115693079
53.570620339 56.4334474315 50.3748182698 46.3120089236 31.3753339671 29.1810771438 30.4636275983 29.4043690287 29.041104255 30.0440304335 31.5374460822 30.5048250814 28.6898266505 28.8382883218 29.2440971069 28.7208557841 29.6440813133 30.099924558 30.4896062612 29.3603934495 31.9341749425 31.4994352324 29.5618223014 29.9924359421 62.2604763591 29.8881629469 29.584033476 49.3066443948 30.8139019097 79.5052952247 52.2465397509 39.7645021903 39.7645021903 65.8790348553 59.158066334 59.158066334 41.1933723727 29.7798602662 45.363024105 31.862888075 30.0470317517 61.7262951031 62.9274184758 64.41931706 64.41931706 58.7761384208 51.973347355 51.973347355 51.973347355 29.0002198333 30.9594013851 31.0195585413 63.9976193821 61.5008044305 61.5008044305 44.6115693079
53.570620339 53.570620339 56.4334474315 46.3120089236 30.9415926832 28.5118804681 47.1528370372 31.2676998409 29.5376143363 30.4338775333 30.5407980884 30.8435885969 30.6159838717 28.547256617 31.3368085252 28.6229978483 28.909215205 29.9119983198 29.5582894944 31.8700260761 29.3242224404 31.800905063 32.0085517554 31.6008877722 30.8790696911 31.9791545815 30.9524732336 29.2385643152 28.5457898038 30.9498124359 30.9392334402 57.5453031104 39.7645021903 31.7795984811 59.158066334 56.390726627 56.390726627 31.1329727281 28.8194657893 29.5864153802 29.4317105957 31.1012513344 62.9274184758 64.41931706 64.41931706 28.601619258 58.7761384208 51.973347355 51.973347355 30.988113195 29.5028118658 29.9326085463 63.9976193821 28.7377129428 55.0496917704 44.6115693079
53.570620339 53.570620339 31.1325650993 46.3120089236 47.3101353362 30.8098819839 47.1528370372 47.1528370372 30.3737459676 30.463599766 30.9819854238 30.7281058715 30.288183416 31.4666263043 30.0599873795 30.5427387875 29.0260804367 30.0463553942 29.5081973534 29.2222424895 31.3750605367 32.0270281481 87.8857685565 87.8857685565 87.8857685565 30.8938715974 28.661082274 29.4191026917 30.3801092291 29.528516609 29.8022902518 31.2212089688 31.7321466793 31.7218004734 30.1581764885 56.390726627 28.7372003842 31.8599545862 30.0622379811 31.1286939326 29.8691717905 31.0770937539 28.5651700851 31.4922217573 31.2662337676 31.9840325592 29.0597326167 28.9224101024 29.2219671215 31.3718872614 30.6586838919 29.9366129268 28.843437534 29.0697982457 29.3895951219 28.9860505945
61.7042263931 61.7042263931 28.6269858651 30.1820054622 31.6008828684 30.5684027683 31.7105942385 29.8587284378 30.5965972126 31.0073299413 28.7171290729 30.0649483693 31.9043580998 31.6360533569 28.7956158398 28.8518440375 28.9369781727 29.237198221 30.6232493772 31.4471504457 28.5532185101 31.2903498148 87.8857685565 45.2927477707 45.2927477707 30.8700662605 28.6543973658 29.0976820492 29.4177358988 29.4895038701 28.8417508379 29.1973155988 28.8679901862 29.4123502261 31.5865799595 56.9680384872 55.0917250798 29.3871459988 31.2591379093 30.7853141845 30.2413368451 31.0685750658 31.3119089998 30.2878526827 30.9781889358 30.3985756037 30.4321832517 32.0204832428 28.8850588355 31.1440371534 29.0990911118 30.4492663015 30.9917298765 31.9603100668 30.3027936486 30.8349008716
29.4046869449 30.9083607866 31.2523688002 31.0388437782 31.2832886786 31.5346414955 30.265208007 29.6811551761 29.3141143607 29.3659164775 30.3710195354 31.9123232858 31.777415968 28.7584856453 30.4330805883 31.0650252162 30.9642265848 30.7680600185 32.0046327286 31.7218753257 29.8267484635 29.8598956224 45.2927477707 45.2927477707 45.2927477707 29.4537026006 30.7596055034 30.0913560143 31.8510096651 29.219484184 29.5676429099 31.9561609401 29.8430710525 29.6725765638 28.9896970595 56.9680384872 56.9680384872 31.2091305765 28.8613455735 31.2815943211 30.7706196108 28.9204836619 30.6846044878 30.0696231486 31.2283291502 29.0766634044 29.4935532364 29.0967924076 30.715543999 28.9333232119 29.989924243 29.8502406857 30.0544296637 28.77442878 30.8454016672 41.4355528944
31.7437410846 30.4227296252 29.4736894873 30.5740727782 29.9267963464 64.4294401079 64.4294401079 30.7348241078 28.5086608488 29.5657317102 30.6502592778 30.161328295 30.9538588198 29.2130340651 30.4139432518 30.5770943338 30.318987456 31.6120588376 29.24981594 31.6649237504 28.5158480865 30.5475080606 31.9219060451 49.8007119785 45.2927477707 28.8210421325 30.081468193 29.5777881368 31.5888658362 30.7078443192 31.5204146543 30.6707379856 31.9187133514 30.348111461 56.9680384872 50.4343001357 50.4343001357 30.2895134532 30.8192177269 29.8409688177 30.1685046013 29.5326589209 29.6946196201 31.2858161992 30.2616152987 30.77751997 30.7075821075 31.6567194418 29.5583985735 29.4973192995 30.2837972632 31.3347354832 46.9958156402 57.2354824121 60.239312968 41.4355528944
29.6551028784 30.0281118902 28.6269302488 30.1435018136 52.3035658235 52.3035658235 64.4294401079 29.9221923765 30.5985616896 28.7265497631 31.5294593229 30.3707793804 31.296403549 30.1594280253 31.546695522 28.8111541045 30.7356420655 31.2208882322 31.8358626958 29.786174668 31.369525037 29.7123375359 30.3651623706 31.5730873472 49.8007119785 50.1944459254 30.3184094348 31.5803883699 31.8417205435 30.0776361145 31.2788411366 30.5045995216 31.9014921804 29.7631807644 50.4343001357 50.4343001357 50.4343001357 30.6822660238 29.4751365523 30.9671962776 31.1373328349 30.4292269982 29.7610521774 29.55270098 29.4028780751 31.4959690211 32.0192026202 31.8903121802 31.6647327764 30.0259606189 69.4530626905 46.9958156402 46.9958156402 46.9958156402 57.2354824121 41.4355528944
29.8061751241 30.977711137 30.030276342 28.7351703377 52.3035658235 52.3035658235 52.3035658235 31.2148260838 29.3499791026 29.8075067822 31.3112713313 31.1357355281 29.5497505495 30.9430457466 31.2115843484 30.8935697281 29.2711780298 29.3971575528 31.0595648762 31.3442690179 30.5147697568 30.3518143688 30.6085588455 28.8292640164 28.7224070899 30.6805619417 29.3091709237 31.9008752482 31.9952665898 31.6660024265 31.9418447018 30.3453116354 28.7073475824 31.1023910037 64.3885227965 64.3885227965 64.3885227965 28.8230254444 31.7708965653 30.5359534412 31.2261147197 29.7236813398 28.6738469204 28.6627285859 30.3415764097 29.9893474338 30.9363122147 51.7924305331 51.7924305331 30.0163773516 28.8745969727 69.4530626905 46.9958156402 57.2354824121 60.239312968 28.5251566412
