Spatial_Output/BAU/BAU_0337.asc
NCOLS 155
NROWS 192
XLLCORNER 196769.923733
YLLCORNER 449719.875193
CELLSIZE 27.603701
NODATA_VALUE NaN
[rows 46 to 68 of 192, columns 53 to 105 of 155]
53.8925481583 37.197402329 36.6203104539 36.6272969908 37.2483659338 36.321438228 36.3570260993 36.5650110705 37.1648876889 36.1044806721 37.0703799158 37.2126375376 36.6891438074 36.761063571 36.038780405 56.3240782229 56.3240782229 56.3240782229 36.7781178071 37.2386755012 36.0368845711 36.1195256753 36.6917176971 36.4052117718 36.800868367 36.6182830906 37.3162550522 36.6527752435 37.396661224 36.6052659358 37.3661695455 37.2768505102 36.7746792922 37.2382263069 37.1574054598 36.1138074861 36.3682960021 36.0079716467 36.5609423332 37.1740796508 36.7680653828 36.6715135569 37.0476824869 36.8867941018 37.2370947267 36.5501341096 36.9005334037 37.4061198944 37.1189422195 36.9656644043 36.8906908849 36.8800756096 36.5581917817
36.2951322329 37.1979387376 36.2745511681 36.349154707 36.7171306572 37.2896792197 36.6584875006 36.2602979541 37.3862847168 36.6986975537 36.9201576549 36.1657305906 36.2349355221 37.0123950647 37.0972714256 36.9787452604 56.3240782229 37.3685925746 36.9068316294 37.0010602635 36.5538822197 36.2823544773 36.5110857027 37.0977990074 36.5319825164 36.8987504715 36.7192451651 36.9461259782 37.0573380316 36.69363238 37.0179653524 36.7636913759 36.0740328277 36.7835004677 36.2122720904 36.3516036164 36.2937247229 36.4538116602 36.0880014466 36.8174344756 36.1571842239 37.1635278976 36.8705036454 36.3279374649 36.5644628548 36.0497373522 36.2896267335 36.7775953877 36.4894835326 36.9309619804 36.8592662919 36.955855812 36.5806504384
67.6976071955 67.6976071955 36.0575330778 36.9763634538 36.6744618623 65.7891759873 65.7891759873 36.3990536615 36.2561206547 36.5925058564 36.8511389704 37.1055665296 36.4110438638 36.9657905683 36.2669954911 64.8418788852 42.5728620893 64.8418788852 37.4045398011 37.2200611194 37.2371421058 37.4036132396 37.0139099283 36.6420594455 36.3908173746 36.1766664306 37.3012200866 36.7925300729 37.168422965 36.4105519222 36.5544752062 37.0177598041 36.9220177732 36.680664425 37.2788911556 36.0970905168 36.6322719053 37.3405224709 36.7592849914 36.195121157 36.3836354599 36.0217777822 36.2846967395 36.4500209585 36.4814016531 36.0899617727 37.0974449894 37.0082378365 36.9191974553 36.1374365328 36.7509237047 36.5239363118 36.5632377509
67.6976071955 67.6976071955 36.7217740334 37.2147545995 36.9805201745 65.7891759873 65.7891759873 37.0751933563 37.3184744781 37.257298777 36.6230981882 36.5885476236 37.2749131108 36.0059943886 36.1457721596 42.5728620893 42.5728620893 42.5728620893 36.2333810332 36.285242536 36.4641798641 37.3689022823 36.2449658866 36.6744503872 36.9298484646 36.0047772553 36.7595954811 36.6911235308 36.6404109912 36.9243081595 36.1578749519 37.2841307146 36.9378969563 36.6822980084 36.7495899408 37.2342613914 36.3253055475 36.8616637045 36.44129477 36.0083831838 37.1199681266 36.248841126 36.1973870088 36.7604034419 36.8276921009 36.4205120573 36.6827815044 36.54524025 36.0536070344 37.0382426634 36.2161920648 36.6287397588 36.3212823792
36.4490628159 36.8910324435 37.0710433677 36.1196801562 51.4447501631 51.4447501631 51.4447501631 37.012620427 36.1304038167 36.1780448415 36.9968123498 36.7691615161 36.3754629879 37.229000165 37.2399781563 60.0535618055 60.0535618055 37.3990230495 36.7144836736 36.7376820367 36.7927094074 37.3952204431 36.7114142931 37.1111066956 37.4050382039 37.2117133947 36.0166044522 36.2042950367 36.3831663067 36.2375194449 36.1240815312 36.3197857847 36.1396633058 36.7504231942 37.3051700164 37.304062462 36.5702050181 37.0588635598 36.156083961 36.8605750783 36.3533387102 36.1554724604 37.1591567001 36.8944562033 37.2414402607 37.0369820446 36.539105029 36.7942048822 36.682870624 37.2749744545 36.6067485689 37.362437281 36.139666521
76.6539163895 36.2632222992 36.047169393 37.3474828123 36.889271784 36.0737945953 36.6539023293 36.1274940587 36.7750893818 36.131215794 36.9584300136 37.3066731109 36.656190186 36.5060338543 36.8803920722 59.5325859897 59.5325859897 36.660909823 37.1836035828 36.182643404 36.1686983898 36.5743451899 36.3571813332 36.5038853859 36.8290418433 36.6813315013 37.0806152958 36.0546347581 36.1508770864 37.4020858207 37.3879406932 36.95916496 36.8472535273 37.1033026955 36.1008121745 37.1824188353 36.8676787936 37.1297146137 36.3439981566 36.2204107769 37.3196412937 36.9881654247 36.0669957096 36.1691681928 37.1837436089 37.1667730398 36.0931847425 36.4626634259 36.8667343555 36.9667867714 36.8280650704 36.7043793511 36.9735748482
64.4337793073 64.4337793073 50.6202250478 36.5510537969 37.3198227237 37.2699011985 36.6195002037 36.460621367 36.0010206968 36.5947356512 36.9933181506 36.2945981074 37.364852888 36.6561688746 36.6481718998 59.5325859897 59.5325859897 59.5325859897 37.0294378168 36.9207776489 36.2061621516 36.8754978054 37.0936478056 36.9275231567 36.6435545068 36.3513492889 36.9206227598 36.6070572999 36.2891173266 36.9423492528 36.7248937683 37.1827198237 36.0589142798 36.6201558067 36.0281291261 36.9546308851 36.1790587926 36.4810366613 37.2240350394 36.5705091874 36.7515912081 36.4059022288 36.5200376726 36.4636328193 37.4034270404 37.3579862691 37.3882418913 37.3324870448 36.782437394 36.9690085183 36.2368285269 37.2464376131 37.3942543622
64.4337793073 64.4337793073 67.560131004 50.6202250478 54.4650876138 36.7666243792 37.1623051299 36.4312816746 37.3117460158 36.5238986915 37.0745451277 37.1792056095 36.5324816047 36.2408651258 36.3298052986 61.0231227824 61.0231227824 61.0231227824 37.2570216223 36.5125598686 37.0760276487 37.0068473637 36.7639253608 36.7435635762 37.2397304637 36.8727520397 36.8352257043 37.1677034407 36.2940910929 36.0700680415 36.860749739 37.0374048371 36.6699372036 36.0764646345 36.0528846779 36.6495591912 36.9147175824 37.3715315902 36.1242925583 36.5310596853 36.4546424968 36.5283788008 37.1723689245 37.1467249983 36.0188555234 36.5254466207 37.0410743862 36.9490850345 36.0659855555 36.3700277427 36.2646621978 52.3591258682 37.3998267844
45.3470836289 67.5081711847 67.560131004 50.6202250478 36.3485714436 54.4650876138 37.2586620306 37.0810995593 36.5557713534 37.3002906598 36.722555963 36.920641695 36.1663245721 36.4750645037 36.371871222 37.325030995 36.2405876889 37.1056907166 36.7771525302 37.3610131278 36.8888332852 36.232502698 37.1119727985 36.8597319893 37.1468708218 36.9162706072 36.9144132188 36.2825450871 36.7941765309 36.6045584826 36.1927104015 36.0174997725 36.4065252697 36.7210116184 36.3777706207 36.5987671399 36.0701637171 36.2468785351 36.684312011 36.6324648262 36.1175899777 36.3345819155 37.2381389962 36.2924475449 37.3294876667 36.3759420717 36.6953011752 36.3935671794 36.6851151188 36.8930735818 36.0143014939 36.3752465613 54.1258605421
45.3470836289 50.1092906198 67.560131004 36.5717639533 37.1764518791 36.6667637036 37.163077884 36.0351216597 36.8258688314 37.1049185471 36.9846903487 36.3541863685 37.159117558 37.256944992 36.642227002 36.386239809 37.3399001439 36.6098668423 37.1713598621 36.0571622076 36.0987961243 37.030869241 36.0928301811 37.2939001842 36.4926275966 36.3982417663 37.2743305222 36.7123941824 37.3459173741 37.2110778627 36.9820358402 36.3629881065 37.2438244586 36.0800089278 36.9618538993 37.2106639202 36.3469091832 36.962461389 37.3185698455 37.2398000992 37.2371354671 36.5249428707 36.0519032154 36.3154226962 36.3737354814 36.3064659315 36.1533524781 36.9569876219 36.2443636358 36.1149797621 37.1510661616 54.1258605421 54.1258605421
69.9986351561 60.6951981778 36.9702478905 37.0713649838 36.874469718 36.3181228578 36.0674189926 36.9752780663 37.4057930428 36.9759460056 37.2077680749 37.367790088 37.3458451567 37.1406040935 36.888484904 56.2372293791 56.2372293791 36.626175392 37.2821391449 36.8251225806 36.9821913404 36.5957601671 37.1093665363 36.5973072407 36.445938161 36.8660745229 36.1671887268 36.2178999313 37.2213609274 37.4083637161 36.998219358 36.8722527214 36.7546634248 36.695201607 36.7826491742 36.2181067543 37.3181806628 37.0619637957 36.0982292393 36.6867700342 37.0901565697 36.6248878673 36.6820951256 37.1463321761 36.0411415335 36.4447222856 36.2982188342 37.3399748419 36.0504128286 36.7366815383 37.1889425351 37.3899261728 54.1258605421
69.9986351561 69.9986351561 37.2188999721 36.9910136536 36.963446213 37.1726931018 36.9819533293 37.3257050582 36.4213849889 36.2072109687 36.1013987758 36.4814445993 37.3898241061 36.7655134892 36.8999943709 56.2372293791 56.2372293791 56.2372293791 36.6004322067 36.6699766348 36.9917329287 36.9148982754 36.9691466065 36.6743269171 36.2858738096 36.1285075131 36.0462960075 37.2920314983 36.8066300628 37.277117156 36.4776570456 36.221247178 36.712987407 37.0281359273 36.9121501132 36.1809715346 36.7675058951 36.1388571477 37.3313249676 36.2978599819 36.3283065842 36.3231390836 36.1939475875 37.1726064116 37.073341671 36.3382748993 36.9688544523 36.4685128397 37.027926216 37.3735635889 36.086421826 36.2443148028 59.1557177235
50.8117240187 50.3947893962 50.3947893962 58.6130939014 64.2253828663 36.341084156 36.0919941302 37.0767544516 36.5961210954 36.777492093 37.280628586 36.9492833037 36.7936264108 37.1933346062 37.0935430659 37.1288010725 36.6277866391 37.0162794738 36.6156246853 37.2463301745 36.1263643483 37.2191710759 37.1660824527 36.9595968428 36.531225716 36.2801526535 37.0636765586 36.5140232541 36.1088394282 36.7708423148 36.8346535986 36.4147574771 37.0608150584 37.0108109992 36.4294438524 36.3436284019 36.4635695205 36.100137335 36.8647183282 36.2314417173 36.6593458455 36.883755183 37.3123482618 37.0300655927 36.3339493558 37.0094091168 36.8819597318 36.2102889182 37.0047794058 36.3740216286 36.2795060219 37.32710842 36.2612566459
52.5039425624 50.3947893962 50.3947893962 64.2253828663 64.2253828663 50.4158966114 50.4158966114 36.328853508 36.8528724214 37.0423795854 37.1539836514 36.8439476645 36.1008628576 37.2300068892 36.1908736522 57.8477745853 57.8477745853 36.8977863005 36.7386194709 37.0428016221 36.5872804479 37.1186193205 36.3128452879 37.0781633261 36.8948242237 36.4401177931 36.712107649 36.8929153911 36.0846785709 36.6295393668 37.1484834213 37.1688766246 36.8490991267 37.2620975717 36.1629609491 36.297062133 36.5951687062 36.1614920028 37.0336161654 36.1929343195 37.2727522585 37.1079945179 36.5918918972 36.097406474 37.2996927987 36.0489603531 36.708890304 37.2671970903 36.5725258095 37.2797785649 36.0349128146 37.0540103092 59.7417905718
52.5039425624 50.3947893962 50.3947893962 64.2253828663 64.2253828663 50.4158966114 50.4158966114 37.3431090286 65.1995052333 36.5172878737 36.164215805 36.709234095 36.1363570647 36.5937582398 57.8477745853 57.8477745853 71.9160814235 37.2282923446 36.7085711829 36.3196065788 37.0310418772 37.2774899524 37.1794150161 36.6071946087 37.1391312556 36.7459554636 36.4082395355 36.0225013175 36.0568804557 36.7948571066 36.6679274032 36.188254531 36.5422388264 36.3177197448 36.9368517698 36.6358778438 36.5548347582 36.310322598 36.2709840974 36.8791642229 36.1036001225 36.973862619 36.9305431301 37.0738746898 36.0807185017 36.2858194018 37.208345316 36.5557470725 36.4354273391 36.2232000984 37.3443381253 36.7313677323 36.434244423
37.0889916062 36.0332389311 37.3812080809 36.0764913422 36.9231699754 59.2397499476 59.2397499476 59.2397499476 59.2397499476 37.0562245457 36.1576137837 36.2620042288 36.8080948811 36.82860241 36.3725864851 53.2979295285 53.2979295285 65.2968158684 65.2968158684 36.3862770603 36.3508651588 36.3481616756 36.7622047991 36.6466000182 36.9395602087 36.8794147952 36.4269829922 36.3208425086 69.7978305197 37.0135520385 37.2475932773 47.9523812514 37.0800279098 36.2430862901 36.2509757208 37.2041516411 36.6444151515 36.6788454204 36.2600194036 36.9082076929 37.3631380067 37.1287674702 37.2862928694 36.2257329021 36.2104808923 36.4729861325 36.8907974865 37.3931702998 37.3028336399 37.3203218632 37.22634599 36.2504224008 62.8594432702
36.0215755982 37.0114727409 36.353146664 36.4171477037 37.1573978202 36.700192285 59.2397499476 59.2397499476 61.6505590643 36.7379734162 36.4647055951 36.6467058918 37.1300216974 36.6517798123 36.1451407265 53.2979295285 53.2979295285 65.2968158684 65.2968158684 36.0045006202 36.2181595175 36.8540548047 37.2926537498 36.0336192746 36.8689099083 36.8152048945 36.8830928156 36.7385706964 37.0470258598 36.9053196357 47.9523812514 47.9523812514 36.8000274249 36.1082340757 36.861019223 37.3732350818 36.6245981237 36.3977859268 36.439871371 37.3250701447 36.9918349463 36.7893121566 36.7446194237 37.0363570185 36.8294327344 36.7440390277 36.5011149368 37.0289202222 36.0204117669 37.2616811009 36.8327284977 37.3586154895 62.8594432702
36.7972932512 36.9145601082 36.1319869822 36.7210160199 36.3243502294 62.4499129554 65.2344926341 65.2344926341 36.7346844487 37.3194958554 36.0360673664 37.0212032527 36.1532961645 37.0238517988 36.4707463925 71.3693304988 71.3693304988 71.3693304988 65.2968158684 36.4556409712 36.8741031279 87.0062047251 87.0062047251 36.4331604336 37.3231517396 36.3886340653 36.7340390503 36.0684517397 36.5175687919 71.9241168118 36.4276346918 37.1552494437 36.3056928319 37.2171012283 36.8330281794 36.6668671876 36.4088039135 36.8675573115 36.4439229739 36.6867013181 37.3422921212 37.0066664348 37.376217697 37.3414261828 36.1110954694 36.1075599431 37.3862325795 36.5212882425 37.3505561044 36.499180511 37.3822915459 36.4571479667 62.6736149286
36.7691033398 36.1813208186 36.9134333925 36.0499153306 37.0859374508 65.2344926341 65.2344926341 65.2344926341 36.6997172282 36.3193485114 36.5766944034 36.8750306436 36.7088385676 36.1046564504 36.763028415 37.2732659531 60.7858573656 60.7858573656 37.3359465669 36.1662579163 49.104667523 87.0062047251 49.104667523 36.4333484935 36.1016463621 36.2256423608 36.5057171896 36.5842975884 71.9241168118 71.9241168118 52.7338999577 36.6324340725 37.1858057284 36.1285472685 37.0517331734 37.04680243 36.3930524686 36.7960372581 36.3048986334 36.9447849388 37.3909531329 37.081381165 36.4785677152 36.6745875378 36.5441860369 37.2765075339 36.3972661435 36.7552147967 36.3804773825 36.6375854834 37.3958947827 37.0590367833 62.4276904034
36.7305146356 36.874084774 37.3335158917 36.9335438582 36.0868651992 36.1898146562 36.7054942637 60.3317567179 60.3317567179 36.0120117123 36.2292900158 36.2727887776 36.8861433278 37.0016020266 37.2707421098 36.0174967662 60.7858573656 60.7858573656 60.7858573656 36.9464180299 49.0744202095 49.0744202095 49.0744202095 36.5330883118 36.2094910039 36.9234532002 37.350938095 36.3835137015 71.9241168118 71.9241168118 71.9241168118 36.9849498031 36.8603693937 37.1672102742 36.8898259883 36.0040984361 36.7051314853 37.1852254668 36.0113450319 36.3549962723 36.3279445851 36.221081237 37.3420316321 36.7253723512 36.4286073739 37.0228686673 36.5176354108 36.1580082382 37.2531649695 36.4661697423 36.9542648333 36.5915286305 37.2518221382
37.0550287478 36.9971501511 36.930529641 36.3283530662 37.2125183336 36.4784342267 36.7843014004 60.3317567179 60.3317567179 36.926836833 37.3571815229 36.6646228481 36.1842427559 36.1381909727 36.2687570564 36.8579262739 36.0999691317 48.164178144 48.164178144 36.9713851871 36.9336536641 49.0744202095 49.0744202095 36.5642668113 37.1868584176 36.9575102997 37.3791520812 37.3459371736 36.2776735104 56.1415758701 56.1415758701 36.1967903656 36.7780063605 37.1256413982 36.9485367291 36.8306880314 36.7508737941 36.0952035758 36.4130519658 36.6142889826 36.2996589435 37.4138311498 36.0505214745 36.7117107786 36.8955708343 37.044216841 37.0245710117 36.0548663986 37.3981935568 36.100893388 36.3860709804 36.4076865409 36.2865494247
36.805673616 36.3132072671 36.4578953254 36.0452142965 37.1667800011 36.7726030414 36.9362025995 36.960657065 36.6206984202 36.3813650217 36.3181743101 37.3261017238 36.9897644391 36.3657626867 36.3796531687 36.8138206875 48.164178144 48.164178144 94.2159303347 94.2159303347 48.334929442 36.9479000625 36.4566355978 36.7178960605 36.2931122611 37.0873328039 36.4803620685 37.4086995259 56.1415758701 56.1415758701 56.1415758701 36.9718728776 36.6530344961 37.33408685 37.2632070316 50.3840526218 67.9394359455 36.2381074305 64.2410603557 37.2108049368 73.8677094091 73.8677094091 50.9751887137 36.1776440168 37.0661801677 37.03301657 36.7915587879 36.9504301363 37.2144933477 36.1230767178 36.0894736841 36.3825639292 36.9533517477
36.3524499375 36.4890364538 37.2633332711 36.0413236191 37.1488029485 36.6245515208 36.3149247051 36.2374917034 36.8039605426 36.1100047017 36.6305673032 36.8795452628 36.8214532919 36.7873176043 36.4449848369 37.0669929303 36.8510513979 94.2159303347 94.2159303347 61.3439364538 36.34378077 36.6827005985 77.6230973676 36.2094257405 36.3013717776 62.4697631818 36.8997036607 36.897401174 71.0605786066 70.6965847077 37.1928463169 70.5021165348 70.5021165348 46.8254364835 64.3839198357 50.3840526218 50.3840526218 36.5975258 64.2410603557 64.2410603557 73.8677094091 50.9751887137 50.9751887137 37.0521481975 37.1299846637 36.3229648535 37.0910952098 36.1579723206 36.8177191417 37.2465004997 36.8647184528 37.2403527093 36.7607925144
