Spatial_Output/BAU/BAU_0837.asc
NCOLS 155
NROWS 192
XLLCORNER 196307.867259
YLLCORNER 449144.565805
CELLSIZE 33.573938
NODATA_VALUE NaN
[rows 105 to 139 of 192, columns 0 to 78 of 155]
0 0 0 0 0 0 0 0 0 0 0 0 0 0 0 0 0 0 0 0 0 0 0 0 0 48.2964592555 76.3567426032 15.33 15.33 15.33 21 21 21 21 21 21 21 21 21 21 21 21 21 21 21 21 21 21 47.6033275985 48.7016712366 48.7016712366 21 21 21 21 56.2269193752 21 21 21 21 21 21 21 21 40.8895998328 21 21 21 21 21 54.1031699067 21 56.5313258307 39.7487135668 69.8883968031 69.8883968031 48.8969931618 48.8969931618 48.8969931618
0 0 0 0 0 0 0 0 0 0 0 0 0 0 0 0 0 0 0 0 0 0 0 0 76.3567426032 76.3567426032 54.8710875195 76.3567426032 21 21 21 21 21 21 21 21 21 21 21 21 21 21 21 21 21 21 21 21 56.6678114193 43.2204775878 43.2204775878 21 21 21 56.2269193752 57.9945405184 56.2269193752 21 21 21 21 21 21 21 21 21 21 21 21 21 21 21 39.7487135668 35.9118104849 41.3386070794 69.8883968031 43.8822167295 43.8822167295 43.8822167295
0 0 0 0 0 0 0 0 0 0 0 0 0 0 0 0 0 0 0 0 0 0 0 0 76.3567426032 76.3567426032 76.3567426032 21 21 21 21 21 21 21 21 21 21 21 21 21 21 21 21 21 21 21 21 21 43.2204775878 43.2204775878 43.2204775878 43.2204775878 21 21 57.9945405184 38.1560802083 57.9945405184 21 21 21 21 21 21 21 21 21 21 21 21 21 21 21 21 21 21 21 44.756127175 55.6857416162 21
0 0 0 0 0 0 0 0 0 0 0 0 0 0 0 0 0 0 0 0 0 0 0 0 48.2964592555 15.33 45.2232996296 54.180881817 21 21 21 21 21 21 21 21 21 21 21 21 21 21 21 21 21 21 21 21 21 57.2557845203 57.2557845203 21 21 21 38.1560802083 38.1560802083 38.1560802083 21 21 21 21 21 21 21 21 21 21 21 21 21 21 21 21 21 21 21 55.6857416162 55.6857416162 55.6857416162
0 0 0 0 0 0 0 0 0 0 0 0 0 0 0 0 0 0 0 0 0 0 0 0 0 0 0 0 21 21 21 21 21 21 21 21 21 21 21 21 21 21 21 21 21 21 21 21 40.7834564652 40.7834564652 40.7834564652 21 21 21 38.1560802083 38.1560802083 21 21 21 21 21 21 21 21 21 21 21 21 21 21 21 21 21 21 21 21 21 21 21
0 0 0 0 0 0 0 0 0 0 0 0 0 0 0 0 0 0 0 0 0 0 0 0 0 0 0 0 0 21 21 21 21 21 21 21 21 21 21 21 21 21 21 21 21 21 21 21 49.3845012892 40.7834564652 21 21 21 51.3012462234 21 37.9130088399 21 21 21 21 21 21 21 21 37.1812296686 21 21 35.095479147 21 21 21 21 21 57.9712745479 21 36.2602630408 36.2602630408 21 21
0 0 0 0 0 0 0 0 0 0 0 0 0 0 0 0 0 0 0 0 0 0 0 0 0 0 0 0 0 21 21 21 21 21 21 21 21 21 21 21 21 21 21 21 21 21 21 21 21 56.2478504503 21 21 51.3012462234 51.3012462234 21 37.9130088399 21 21 21 21 21 21 21 41.6263398562 37.1812296686 37.1812296686 21 41.5901497967 41.5901497967 41.5901497967 46.5463351617 21 21 43.1069810817 36.2602630408 36.2602630408 36.2602630408 21 21
0 0 0 0 0 0 0 0 0 0 0 0 0 0 0 0 0 0 0 0 0 0 0 0 0 0 0 0 0 0 21 21 21 21 21 21 21 21 21 21 21 21 21 21 21 21 21 21 21 57.2557845203 21 21 21 51.3012462234 21 21 21 21 21 21 21 21 21 21 37.1812296686 37.1812296686 46.5463351617 41.5901497967 41.5901497967 21 21 21 21 21 43.1069810817 36.2602630408 36.2602630408 21 21
0 0 0 0 0 0 0 0 0 0 0 0 0 0 0 0 0 0 0 0 0 0 0 0 0 0 0 0 0 0 0 21 21 21 21 21 21 21 21 21 21 21 21 21 21 21 21 21 57.2557845203 57.2557845203 57.2557845203 45.2297598164 21 21 21 21 21 21 21 21 21 21 21 21 21 21 21 21 21 21 21 21 21 21 21 21 21 21 21
0 0 0 0 0 0 0 0 0 0 0 0 0 0 0 0 0 0 0 0 0 0 0 0 0 0 0 0 0 0 0 21 21 21 21 21 21 21 21 21 21 21 21 21 21 21 21 21 67.7557631989 65.8231189397 67.7557631989 67.7557631989 50.7989542279 50.7989542279 50.7989542279 21 21 21 21 21 21 21 21 21 21 21 21 21 21 21 21 21 21 21 21 21 21 21 21
0 0 0 0 0 0 0 0 0 0 0 0 0 0 0 0 0 0 0 0 0 0 0 0 0 0 0 0 0 0 0 0 21 21 21 21 21 21 21 21 21 21 21 21 21 21 21 21 65.8231189397 65.8231189397 65.8231189397 49.3845012892 45.3754823949 50.7989542279 50.7989542279 21 21 21 21 21 21 21 21 21 21 21 21 21 21 21 21 21 21 21 21 21 21 21 43.0530192354
0 0 0 0 0 0 0 0 0 0 0 0 0 0 0 0 0 0 0 0 0 0 0 0 0 0 0 0 0 0 0 0 21 21 21 21 21 21 21 21 21 21 21 21 21 21 21 21 55.4668455188 55.4668455188 55.4668455188 21 21 51.9640897242 51.9640897242 21 21 21 21 21 21 21 21 21 21 21 21 21 21 21 21 21 21 21 21 21 21 21 43.0530192354
0 0 0 0 0 0 0 0 0 0 0 0 0 0 0 0 0 0 0 0 0 0 0 0 0 0 0 0 0 0 0 0 0 21 21 21 21 21 21 21 21 21 21 21 21 21 70.6876177587 21 63.1318054519 63.1318054519 49.8102295502 21 21 45.7826876326 51.9640897242 21 38.2665200538 21 21 21 21 21 21 21 21 21 21 21 21 21 21 21 21 21 21 21 21 21 43.0530192354
0 0 0 0 0 0 0 0 0 0 0 0 0 0 0 0 0 0 0 0 0 0 0 0 0 0 0 0 0 0 0 0 0 21 21 21 21 21 21 21 21 21 21 21 21 21 70.6876177587 21 63.1318054519 63.1318054519 63.1318054519 45.0104912049 21 21 43.6291372048 43.6291372048 56.298046228 56.298046228 21 21 46.2577320256 46.2577320256 46.2577320256 21 21 21 21 21 21 21 21 21 21 21 21 21 21 21 21
0 0 0 0 0 0 0 0 0 0 0 0 0 0 0 0 0 0 0 0 0 0 0 0 0 0 0 0 0 0 0 0 0 0 21 21 21 21 21 21 21 21 38.9670301768 21 38.9670301768 38.9670301768 38.9670301768 21 21 37.606916535 21 45.0104912049 45.0104912049 21 43.6291372048 43.6291372048 56.298046228 56.298046228 21 21 46.2577320256 46.2577320256 46.2577320256 21 21 21 21 21 21 21 21 21 21 21 21 21 21 21 21
0 0 0 0 0 0 0 0 0 0 0 0 0 0 0 0 0 0 0 0 0 0 0 0 0 0 0 0 0 0 0 0 0 0 0 21 21 21 21 21 21 21 38.9670301768 38.9670301768 38.9670301768 38.9670301768 66.9395577531 50.7214566348 21 50.7214566348 21 45.0104912049 21 66.2653742841 21 43.6291372048 56.298046228 37.5298702915 37.5298702915 21 21 46.2577320256 50.7764472245 50.7764472245 21 21 21 21 21 21 21 21 21 21 21 21 21 21 21
0 0 0 0 0 0 0 0 0 0 0 0 0 0 0 0 0 0 0 0 0 0 0 0 0 0 0 0 0 0 0 0 0 0 0 21 21 21 21 21 21 21 21 38.9670301768 21 21 21 61.7538404118 21 21 21 21 21 21 21 21 37.5298702915 37.5298702915 37.5298702915 21 21 21 21 21 21 21 21 21 21 21 21 21 21 21 21 21 21 21 21
0 0 0 0 0 0 0 0 0 0 0 0 0 0 0 0 0 0 0 0 0 0 0 0 0 0 0 0 0 0 0 0 0 57.4986684938 43.4846368367 56.0011800061 21 21 21 21 21 21 21 21 21 21 21 51.0463271512 51.0463271512 45.4888566826 21 21 21 21 21 21 21 21 41.830860396 41.830860396 58.8882666429 21 21 21 21 21 21 21 21 21 21 21 21 21 21 21 21 21 21
0 0 0 0 0 0 0 0 0 0 0 0 0 0 0 0 0 0 0 0 0 0 0 0 0 0 0 0 0 0 37.7344170153 38.0838197666 35.2731069529 42.9439861908 41.3338731908 56.0011800061 56.0011800061 21 21 21 21 21 21 21 21 21 37.5763136039 37.5763136039 49.2998050095 21 21 21 21 21 21 21 21 21 41.830860396 41.830860396 51.1402532308 21 21 21 21 21 21 21 21 21 21 21 21 21 21 21 21 21 21
0 0 0 0 0 0 0 0 0 0 0 0 0 0 0 0 0 0 0 0 0 0 0 0 0 0 0 0 42.339781604 42.339781604 52.5952184101 42.4989029564 38.9940544765 40.2197634842 36.8583919056 56.0011800061 56.0011800061 21 21 21 21 21 21 21 21 21 37.5763136039 37.5763136039 37.5763136039 21 21 21 21 21 21 21 21 21 51.1402532308 51.1402532308 21 21 21 21 21 21 21 21 21 21 21 21 21 21 21 21 21 21 21
0 0 0 0 0 0 0 0 0 0 0 0 0 0 0 0 0 0 0 0 0 0 0 0 0 66.8947949249 66.8947949249 73.7669453859 42.339781604 52.5952184101 52.5952184101 52.5952184101 37.8967060465 36.2185372334 34.7803497855 54.7063549248 0 0 21 21 21 21 21 21 21 21 61.1170738308 61.1170738308 21 21 21 21 21 21 21 21 21 21 21 21 21 21 21 21 21 21 21 21 21 21 21 21 21 21 21 21 21 21 21
0 0 0 0 0 0 0 0 0 0 0 0 0 0 0 0 0 0 0 0 0 0 0 0 0 66.8947949249 66.8947949249 66.8947949249 73.7669453859 42.339781604 52.5952184101 52.5952184101 51.6051166195 55.145741716 0 0 0 0 21 21 21 21 21 21 21 21 61.1170738308 61.1170738308 21 21 21 21 21 21 21 21 21 21 21 21 21 21 21 21 21 21 21 21 21 21 21 21 21 21 21 21 21 21 50.211042713
0 0 0 0 0 0 0 0 0 0 0 0 0 0 0 0 0 0 0 0 0 0 0 0 0 57.1963571753 66.8947949249 60.8954813382 73.7669453859 50.6089134352 0 0 0 0 0 0 0 0 0 21 21 21 21 21 21 21 59.1304616449 21 21 21 21 66.9421921607 21 21 21 21 21 21 21 21 21 21 21 21 21 21 21 21 21 21 21 46.3522266752 21 45.9187042123 21 50.8060635342 21 50.211042713 50.211042713
0 0 0 0 0 0 0 0 0 0 0 0 0 0 0 0 0 0 0 0 0 0 0 0 0 0 0 0 0 0 0 0 0 0 0 0 0 0 0 0 21 21 21 21 21 59.1304616449 59.1304616449 59.1304616449 21 59.6311268171 59.6311268171 21 21 21 21 21 21 21 21 21 21 21 21 21 21 21 21 21 21 21 21 46.3522266752 45.9187042123 45.9187042123 21 50.8060635342 21 50.211042713 50.211042713
0 0 0 0 0 0 0 0 0 0 0 0 0 0 0 0 0 0 0 0 0 0 0 0 0 0 0 0 0 0 0 0 0 0 0 0 0 0 0 0 0 21 21 21 21 21 21 53.9692895776 53.9692895776 59.6311268171 59.6311268171 21 21 21 21 21 21 21 21 21 21 21 21 21 21 21 21 21 21 21 46.3522266752 21 45.9187042123 45.9187042123 21 21 21 21 50.211042713
0 0 0 0 0 0 0 0 0 0 0 0 0 0 0 0 0 0 0 0 0 0 0 0 0 0 0 0 0 0 0 0 0 0 0 0 0 0 0 0 0 21 21 21 21 21 40.9315926297 53.9692895776 53.9692895776 21 21 21 21 21 21 21 21 21 21 21 21 56.1996473462 21 21 21 21 21 21 21 46.3522266752 21 46.3522266752 21 21 21 21 21 21 21
0 0 0 0 0 0 0 0 0 0 0 0 0 0 0 0 0 0 0 0 0 0 0 0 0 0 0 0 0 0 0 0 0 0 0 0 0 0 0 0 0 0 21 21 21 21 21 21 53.7568366204 21 21 21 21 21 21 21 21 21 21 21 65.694613566 65.694613566 42.7130138797 42.7130138797 21 21 21 21 21 21 21 21 21 21 21 21 21 21 21
0 0 0 0 0 0 0 0 0 0 0 0 0 0 0 0 0 0 0 0 0 0 0 0 0 0 0 0 0 0 0 0 0 0 0 0 0 0 0 0 0 0 0 21 21 21 21 21 21 21 21 21 21 21 21 75.8101084361 21 21 54.9976843454 21 21 65.694613566 21 42.7130138797 21 21 21 21 21 21 21 21 21 21 21 21 21 21 21
0 0 0 0 0 0 0 0 0 0 0 0 0 0 0 0 0 0 0 0 0 0 0 0 0 0 0 0 0 0 0 0 0 0 0 0 0 0 0 0 0 0 0 21 21 21 21 21 21 21 21 21 21 21 21 43.0889827095 75.8101084361 21 21 21 21 21 21 21 21 21 21 21 21 21 21 21 21 21 21 21 21 21 21
0 0 0 0 0 0 0 0 0 0 0 0 0 0 0 0 0 0 0 0 0 0 0 0 0 0 0 0 0 0 0 0 0 0 0 0 0 0 0 0 0 0 0 0 21 21 21 21 21 21 21 21 46.5144382539 38.9327601897 43.0889827095 43.0889827095 43.0889827095 21 21 21 21 21 21 53.5080087532 53.5080087532 21 21 21 21 21 21 21 21 21 21 21 21 21 21
0 0 0 0 0 0 0 0 0 0 0 0 0 0 0 0 0 0 0 0 0 0 0 0 0 0 0 0 0 0 0 0 0 0 0 0 0 0 0 0 0 0 0 0 21 21 21 21 21 21 21 21 21 38.9327601897 38.9327601897 21 21 21 21 21 21 21 21 21 21 21 21 21 21 21 21 21 21 21 21 21 21 21 21
0 0 0 0 0 0 0 0 0 0 0 0 0 0 0 0 0 0 0 0 0 0 0 0 0 0 0 0 0 0 0 0 0 0 0 0 0 0 0 0 0 0 0 0 21 21 21 21 21 21 21 21 42.8780549987 21 42.8780549987 21 21 21 21 21 21 21 21 21 21 41.9782504926 21 21 21 21 21 21 21 21 21 21 21 21 21
0 0 0 0 0 0 0 0 0 0 0 0 0 0 0 0 0 0 0 0 0 0 0 0 0 0 0 0 0 0 0 0 0 0 0 0 0 0 0 0 0 0 0 0 0 21 21 21 21 21 21 21 21 21 21 21 21 21 21 21 21 21 21 21 44.5837555165 38.2323925042 21 21 21 21 21 21 21 21 21 21 21 21 21
0 0 0 0 0 0 0 0 0 0 0 0 0 0 0 0 0 0 0 0 0 0 0 0 0 0 0 0 0 0 0 0 0 0 0 0 0 0 0 0 0 0 0 0 0 21 21 21 21 63.2940099139 63.2940099139 63.2940099139 21 21 21 21 21 21 21 21 21 21 21 21 38.2323925042 38.8450268911 38.2323925042 21 21 21 21 21 21 21 21 21 21 21 21
0 0 0 0 0 0 0 0 0 0 0 0 0 0 0 0 0 0 0 0 0 0 0 0 0 0 0 0 0 0 0 0 0 0 0 0 0 0 0 0 0 0 0 0 0 57.8744494234 21 21 21 21 63.2940099139 63.2940099139 21 21 21 21 21 21 21 21 21 21 21 21 52.9849430223 38.8450268911 38.8450268911 21 21 21 21 21 21 21 21 21 21 21 21
