Spatial_Output/BAU/BAU_0012.asc
NCOLS 155
NROWS 192
XLLCORNER 196769.923733
YLLCORNER 449719.875193
CELLSIZE 27.603701
NODATA_VALUE NaN
[rows 69 to 91 of 192, columns 0 to 52 of 155]
46.2972609529 46.3112192202 45.0571650738 46.256934725 46.3313846952 45.0162313153 46.0592151922 46.3043446079 45.0593097402 45.0358578935 46.0777972119 45.2222649248 45.3850689323 46.1903012974 45.6487472417 45.5048355404 45.7289957712 45.5398892724 45.1866212479 45.1099516117 45.3933804393 45.024620394 45.1164251089 45.010926584 46.1661334343 45.132602421 46.1496913571 45.9782737862 45.2641016674 45.3143454072 45.0503057547 45.5650208427 45.7044359225 45.9735507583 46.2635746684 45.2573271839 45.3328004231 45.7976807177 45.007095918 45.3617278439 45.4270623937 45.5683137214 45.0576244056 45.674863132 46.0026933892 45.7874180028 46.3411349997 46.1204943477 46.1045961171 45.6492152856 46.1665545865 45.2306311446 45.0289661703
45.2327730637 45.8576183476 45.4253634554 45.1960806249 46.0863029456 46.03539611 45.3900201086 45.2575900435 46.3888163187 46.0649270668 45.7855341932 45.2394987606 45.1888488841 45.9039351952 46.0778145594 46.034287844 45.2138551717 46.1525493292 45.7829262688 45.0090658254 45.4034981033 45.1137960322 45.9767863702 46.0469352817 45.9637400897 45.8525824508 45.1126668738 45.3143313478 45.6018407889 61.3849462328 45.1601139491 45.8011858073 45.7859217789 46.1053746697 45.8425463088 45.5060072306 45.783048315 45.4347032896 45.920017491 45.3109229362 45.8047302626 45.2696172068 45.052521977 45.8303520835 45.4298109663 45.9593018192 46.1978447819 45.6614990258 45.3895972236 45.8308898207 45.051910279 45.936723079 45.9991245904
46.3977125254 46.0793346223 45.8769926071 46.2033007284 45.919523998 46.0299231525 45.2754207559 45.2802708868 46.1066271537 45.0148072561 45.6544774638 45.5084694843 46.3922777855 45.1443498159 45.6445629402 46.0775195123 45.7044994167 46.2821916398 45.1435697866 46.2631337618 46.0099354522 45.1616908809 45.0342324023 45.2494699754 45.9887825727 45.77918947 46.1445165018 45.6021277654 54.3772249751 45.1626978485 45.6163494841 46.0678644565 45.207089467 45.8670367585 46.2696357433 46.3196858403 46.0668596301 46.0497609252 45.9638526996 45.7351009262 45.0186266205 46.131011652 45.5022948422 45.2046720694 45.956927779 46.0289427625 45.1001087865 46.1247412012 45.6487823413 46.3660618806 45.3234408582 46.195921958 46.2126882982
45.2821487921 45.6954680768 45.0580282599 45.1095934423 46.0199034619 45.384721159 45.653633089 45.4999809857 46.3342736175 46.1734027155 45.1930254638 45.3237561512 46.3547626631 45.2959196579 45.3996516592 45.8658461712 46.011521859 45.2383075941 45.4681641692 45.2826584827 45.8603797309 45.5614072253 45.5361419774 46.2997500641 45.4520798467 45.5221756948 45.0988617148 45.063965319 45.4119354363 54.3772249751 45.9044090966 45.1410500996 45.1973154122 45.5058121256 46.3973596028 45.3094129878 46.0804026728 46.3892813135 45.980218462 45.3201122279 46.334304688 45.6513225629 45.321187196 46.2886075631 45.9070835778 45.2058124623 45.3775733582 45.482361847 46.3675746955 45.7821278372 45.1167512192 45.0488320365 46.3424341159
46.0298236887 45.2145069992 45.8910712193 45.7465032232 45.1061549618 45.1402852192 45.0227850317 45.0411437572 45.858138354 45.8108996528 45.3398573522 45.6420222447 45.2382101921 45.9832326972 45.2321093468 45.761954085 46.0956594744 46.1235684063 60.9800399669 45.078624277 46.107165629 61.5217522546 74.6612001649 46.1683544075 45.8138738194 45.9210343304 45.8504692275 45.6221683448 54.7697184479 54.7697184479 54.7697184479 45.5855835183 45.6383992499 45.1927667006 46.1230587636 46.3770032315 45.2196222006 45.2729209592 45.2914563446 45.282470504 45.1639273567 45.1235015292 46.2326568358 46.2355430306 46.2252847819 45.8496084867 46.029778088 46.1978542574 45.9233958915 45.5596174136 45.3915115355 45.2881131952 45.7097618545
46.2774138753 45.6837731938 45.5326349952 45.9022369439 45.2749039129 45.7194315441 45.1506820162 45.1025210833 45.5318900078 45.9341265592 46.2392400008 46.3662049675 45.0589729264 46.0090452996 45.7574772996 45.353506049 45.585793143 45.2772747308 58.6135289958 60.9800399669 61.5217522546 61.5217522546 74.6612001649 74.6612001649 46.3292323877 78.5182162713 78.5182162713 45.7964264614 54.7697184479 54.7697184479 33.5731168037 46.06183707 45.3972345844 45.097163668 45.2443819731 45.1480645732 45.653232813 45.0079384383 45.5072039691 45.4545605041 46.1332623339 45.0827465662 45.4292997487 46.1459111574 45.8769862797 45.2824421606 45.2196624119 45.6727532169 45.8180054216 45.7129569632 45.1758132474 45.589393388 45.2951170936
45.8653356912 45.5513743962 45.1389878077 45.2346975719 45.9379760089 45.3141868879 46.3692227639 46.1594228385 46.2184263289 45.0824226293 46.0898993306 45.4729670448 45.262089838 45.8618967605 45.2676324889 45.1576948068 45.8110601699 45.9657849401 58.6135289958 58.6135289958 45.7592414204 61.5217522546 74.6612001649 74.6612001649 45.4062047524 78.5182162713 78.5182162713 46.1915494516 33.5731168037 54.0002763603 33.5731168037 46.287640896 61.6029661967 96.5504838894 96.5504838894 46.1442343438 45.6262555675 45.9504820119 45.2275860569 45.4492159891 45.2946152443 45.7335387521 45.3137474669 45.7563299275 45.2002276869 45.4899440148 55.0296239503 55.0296239503 68.0786733975 45.808073318 45.8635552216 45.9454758458 46.377775539
45.8457480953 45.5780177508 45.2510323345 45.363287213 45.7558721096 46.1112485228 46.1569438584 46.3673207765 45.5311594415 45.7641087092 45.0555681408 45.5803094399 45.7419185884 45.1231207981 45.014418646 45.5521173387 74.5874261768 45.2808162641 46.1445694091 45.7073324723 45.5336128399 45.0322679683 74.6612001649 45.4547612777 45.3634015676 78.5182162713 45.2767272836 45.0203468973 54.0002763603 54.0002763603 54.0002763603 46.2971100215 61.6029661967 96.5504838894 96.5504838894 45.8121706073 46.0774310692 45.0954580681 45.361577812 45.1194771301 45.0861906655 46.3875764986 46.3500249595 98.1074531124 45.6632206495 45.11929284 55.0296239503 55.0296239503 68.0786733975 46.0324206937 45.0904794882 45.3755157208 45.9445570336
46.0080728822 46.1352679793 45.4484301705 46.2466874528 46.3713992903 45.910491964 45.5886440951 45.8297295626 46.1454696956 45.4236693898 45.9119787695 45.8203533773 45.107172294 45.5405870927 45.1512784163 46.1217370145 46.3244440284 74.5874261768 45.9114161293 45.2809645936 45.9096239267 45.6675394294 45.1453992457 45.4705738304 46.1353346126 46.2786219752 45.4678262719 45.6698895916 46.3374935536 54.0002763603 72.4713588828 79.3331496668 74.3092592213 76.1389465908 74.3093365894 46.3938327631 45.6896603139 45.7597554267 45.5654329227 45.723543546 46.26636125 46.1840800137 46.152511358 46.2760105469 45.3248507223 45.2532454741 46.2091700786 68.0786733975 45.5107664511 45.7159367454 45.8137058622 46.0303314208 45.1559763445
46.3237114669 45.1102433553 45.7424017993 45.5642835523 45.104530796 45.3424036054 45.1224042321 45.4685831147 46.0649030165 45.9553735626 46.2982916614 45.9778356928 45.1037067815 46.2789164397 45.1592917651 45.6935426277 45.9643825759 45.6851633071 46.1538860501 45.5049679702 46.0225094453 45.5992348708 45.9758665911 46.2613279156 46.3945808702 45.4581664058 46.2966240271 45.87981045 45.8335515247 45.5665634626 45.6227226288 45.0786952068 46.1017445047 45.2997990705 46.2862732268 46.1962681613 46.2306258324 45.7568306972 46.2882279182 46.4072350946 46.307461451 45.8004690507 46.2546431326 45.2922149304 45.3090801657 45.7496250698 45.5411016814 45.5366098332 46.0360848344 45.7063632204 45.6435107887 46.2864116271 46.1276416834
46.1212874929 45.2043108666 45.5186311435 46.2083886919 45.9816037966 45.238971941 45.866914743 46.0271824889 45.8621572921 46.2550699938 45.9539944889 45.6548036956 45.0420757194 76.3063229456 45.9205971409 45.9197738372 46.2932702078 45.6826415953 46.3863873334 45.6674313401 46.1636899248 46.3389297946 46.085162083 45.0445283465 45.6804033855 45.9610057986 45.0927484375 45.1812158647 45.6282527436 45.8956390969 45.619879043 45.5769263142 45.0106993347 45.9093337818 45.0431949757 46.1514949871 45.7510047821 45.1808218489 45.2972871023 45.4974838803 45.0707392803 46.093336808 54.3643059055 54.3643059055 54.3643059055 46.0684615119 46.149337748 46.2185208459 46.0560319167 45.8919378249 46.252570799 45.5953632657 45.3021894405
46.0988726844 45.0002782048 45.9900595097 45.30810108 46.2691498374 45.2776690667 45.032630881 45.8262991495 46.1633214741 45.8275771176 46.1274869394 45.6791973446 45.5896223994 76.3063229456 76.3063229456 46.2021366063 46.3153297415 45.4327332529 45.2168467386 45.5269815195 45.1090083301 45.3667795636 46.3682602251 45.479431997 46.2016734227 45.1498669217 46.0520917934 45.1648509533 46.2574548779 46.0155178529 46.2027153688 45.1197265841 45.3426786989 46.3784072372 45.4720181826 45.6060293971 46.3856041028 45.5252474269 46.3776034522 45.3032638117 45.5274970263 63.0420908011 46.255222737 54.3643059055 54.3643059055 46.3638749666 45.6709865733 45.5783124292 46.4080219872 45.1848738337 45.1579589643 45.7530659461 45.9936261948
45.2429320642 46.1610906182 45.9630743784 45.4488920554 45.0505340412 45.0384281314 46.3899257684 45.1820980016 46.0761509783 45.0289780485 60.5702753941 46.2873328667 45.986427369 76.3063229456 76.3063229456 46.1465293874 45.2388424223 45.8290268368 45.2169562194 45.9723346338 45.2570350846 45.4997249455 45.317471373 46.1382719542 46.3105765206 45.4634215262 45.7125288354 45.4810565388 45.0679739456 46.0815959969 45.6833121066 45.5715524607 45.3582621831 45.7837831848 45.2757545852 46.1809247275 46.2988639643 45.1204836351 46.2879376867 45.4969846415 46.0286691227 63.0420908011 63.0420908011 78.1237925477 45.8331404546 45.791443989 46.3474465194 45.4987801369 45.9743125416 45.5581571122 45.0165625439 45.0944847357 45.0696905423
45.4235828952 45.5702447954 46.2872099364 46.1604002229 45.4829494681 45.8861315327 45.7713308947 45.9269642237 64.7878756616 60.5702753941 60.5702753941 60.5702753941 45.6392388373 45.8018138641 45.861924858 45.7094155828 46.372799666 46.1969518525 45.6459912337 45.4800494058 46.3206798974 45.2479775463 45.8761442004 45.8000988652 45.5475361449 45.1704341146 45.3911582998 45.1740401376 46.0231680763 45.2582795489 46.0969278751 45.8370570884 45.7856486049 46.0899603567 45.287911263 46.0323637611 45.7374537535 45.1681247508 45.1790043741 45.3662368133 45.8746071803 45.4050266624 60.7121414095 60.7121414095 45.4833584696 45.3461562697 45.331076402 45.1211613335 45.8624154564 45.8649068974 46.1916861942 45.3068026828 45.6431475186
0 45.3183484867 45.8655012708 45.024950637 45.7327325733 45.0706460906 45.8062363919 45.2244081676 64.7878756616 64.7878756616 46.3881100661 60.5702753941 45.1616570219 45.0649132135 45.1172488755 45.141623086 45.2719728703 46.3152762928 45.9394307335 45.4376649856 46.0425558818 45.8912839295 46.0279113411 46.3388987388 46.1636291633 46.0711250612 45.9153878375 46.0659796128 45.0789049803 46.1692844092 45.9961696453 45.5016232746 45.9680485659 45.9499500724 45.5594356468 45.5629110551 45.8746088208 46.0925678436 45.0320363098 45.0918523999 46.0612569153 45.4561365816 45.118186911 45.124884156 45.0360384515 46.0938652745 45.029843397 45.9267035573 45.9452991437 45.9165445563 45.3251112725 45.8970953831 45.241427136
0 45.160284907 46.3451133244 45.4230487263 46.2757684034 79.3397336546 79.3397336546 45.094995921 45.9684264684 45.4679238052 45.1136012159 45.7297403898 46.4009535953 45.8001941027 46.0393923754 46.3936947458 45.0284220035 45.8058674218 45.9895098259 45.3936570298 45.6720928597 45.3247911478 45.9976137896 45.4500668715 46.3012420519 46.2393703555 45.0863252661 45.3315000303 45.4741478888 45.180359367 45.7119708755 45.6300502512 45.6679480757 46.3684238974 45.4805448331 45.8498012237 45.9953984553 46.2617221223 45.1275215829 45.1500197986 45.7449396021 45.4073358013 45.4513274915 45.5161301869 45.1253030265 45.1301891132 46.1316657637 45.1028621375 45.4730447178 45.9946250811 45.3528673715 45.3727680391 45.6697059388
0 46.3035909823 46.392601558 46.326125703 52.6386429 52.6386429 45.5943304602 45.7346783468 46.1602095078 45.3163304367 45.9520136315 45.4368211709 45.4440458249 45.652691478 45.3712133544 45.7610283879 46.3129650609 46.2396882128 45.6183275591 45.5363583258 45.6094611481 45.6485156749 46.0984767893 46.1578540571 45.4995110218 45.7317694524 45.1484348427 45.7488734009 45.0956877593 45.1971580093 46.2356719943 46.2272165238 46.0540310507 45.5375994896 45.1496873262 46.1787517696 46.3667981907 45.0112461882 46.2368101043 45.8225191067 45.6959854751 45.0003344936 45.4070728019 45.1782066955 46.3438812377 46.4077652768 46.3433995986 45.3639569265 45.7298362418 45.8406368284 46.411649502 46.3695680164 46.0660581141
0 0 46.1549296688 45.3861232363 52.6386429 52.6386429 52.6386429 45.4470681904 45.1876284931 45.2566444716 45.9389018099 46.369919021 45.9107704794 45.4454070333 45.8203844848 45.4435516563 45.0457328278 46.0746732356 46.1488786064 45.4648199597 45.429870143 45.6382663456 46.0263193787 45.6185907967 45.6370396449 45.520825804 46.1658967793 46.0709522363 46.38979015 45.9669382356 45.2822662944 46.4017927273 45.5838055242 45.2275343132 46.0216900317 45.4487485992 46.2285392423 45.0567573956 45.9919965388 46.1301328284 45.7260061782 76.1965693456 76.1965693456 76.1965693456 46.2496436281 45.0192854843 46.2531006267 45.7531049325 45.4514498712 45.7684074835 45.8975747498 45.0300108782 45.4228954982
0 0 53.3893736923 53.3893736923 45.1257755078 46.3353218018 45.3128165323 45.7517746995 45.9482419278 45.0811140584 46.2171045844 45.0998002057 45.8529191802 45.0624814842 46.1305580989 46.2281318479 45.8456329361 45.6092606441 45.920767783 45.5986671555 45.4277893087 45.387932112 46.0731451483 45.3444904479 46.2700211483 46.1360174711 46.355655347 46.2266166757 45.917922789 45.1970152449 46.3902274164 45.4794625154 45.0137205448 46.2670018574 45.2348808524 46.1911509443 46.2073903967 45.8867379511 45.2880438892 46.2100199291 45.6851180305 76.1965693456 76.1965693456 76.1965693456 83.0209839748 46.2404565387 45.0852816377 46.0693802328 45.5456783771 45.3852469831 46.3810987923 45.3420733218 45.0014983592
60.79953585 59.7210303852 61.5405341112 53.3893736923 53.3893736923 45.1252197098 45.2119036213 45.8409316213 46.3908838084 45.9516373231 45.8668477718 45.0071151997 45.710876542 45.4161951518 46.1809947094 45.5886473031 45.6376615474 45.4351755037 45.195069232 45.7150676172 45.8454508291 45.5913361832 45.2380664283 46.0184613524 46.3904996571 45.8642081107 45.7366976088 45.9388546506 46.3450214272 46.1195940668 45.2674238926 45.1256014909 46.1026356855 45.7499350755 45.5985886243 45.0121063596 46.2687094304 45.3247449332 45.1237872326 45.1574251592 45.0137857247 46.0333963346 76.1965693456 84.5052493238 45.0154328114 46.0365874263 46.1453873536 46.2755976247 45.2356851554 45.613504144 46.0857447603 45.4919166414 45.5699941216
56.7876553812 66.2294976763 56.0612643097 68.3724834421 68.3724834421 0 45.5357968617 45.694852828 46.3899589198 46.262475589 45.7235728942 45.0726265751 45.4275254047 45.4479101794 45.1089020657 45.2558057014 46.2981776884 46.0602927226 45.0007352963 46.3820856446 45.8946219369 45.3011250241 46.1376225713 46.1220615147 45.5580340864 45.4373062453 45.9452634711 45.6584494685 45.2173794739 46.066965297 46.073172418 45.9586372732 45.2449839114 46.2695930927 46.3012800514 45.5587931736 45.3756881755 45.3777761791 45.9523584221 45.7177269683 46.2088681273 83.900609845 83.900609845 83.624764367 83.624764367 46.011992343 46.0387984704 46.3433001962 45.4650798414 45.8981962837 46.2912833423 45.655127665 45.3297577522
62.1870024548 59.7774299309 62.8384377172 0 0 0 45.0554798035 46.0644627244 45.0192391896 45.6712823235 46.1633639404 46.1965263089 46.0715731781 46.2210787332 46.2892106296 45.2688415272 45.060534263 45.0590718256 45.0356815393 45.6946623144 46.1548126873 45.1075987701 45.6174935282 45.810635725 46.3458253879 45.8853278633 45.3427255139 45.2791052546 45.4073069162 45.4827650055 45.4709736455 45.513723985 46.143195924 45.9231217541 46.3549993174 45.4171632423 45.3581024222 45.0908031244 45.0072599851 46.2039334683 46.1524132377 83.900609845 83.900609845 83.624764367 83.624764367 46.1812260286 46.073625775 45.503194311 45.5098106811 45.8553066487 45.2904869493 45.9232151278 45.9292095291
0 0 0 0 0 0 45.0237891807 45.8990402378 46.1233613917 45.163655534 45.8627896766 45.3279050656 45.6852283119 45.6212414794 45.6466510294 45.521841277 45.3696058216 45.0314367904 45.3621369191 45.3644713527 45.5594635992 46.392345282 46.2729315193 45.5266268772 46.2242154933 46.3276884174 45.2144187866 45.1595293141 45.9845346369 45.6563987655 46.271286294 45.6596161198 45.6915534655 46.015916316 46.4119852798 45.8166964107 45.7730652899 46.3632237205 45.6545095517 45.2663853297 45.2467445044 45.8818392085 79.2764643361 46.3969148553 59.8411882259 45.5302787656 45.747394504 45.0504201734 46.0904871115 46.3444476836 45.9672540121 46.2523707027 45.2809188411
