Spatial_Output/BAU/BAU_0991.asc
NCOLS 155
NROWS 192
XLLCORNER 196769.923733
YLLCORNER 449719.875193
CELLSIZE 27.603701
NODATA_VALUE NaN
[rows 138 to 160 of 192, columns 53 to 105 of 155]
24.1086875674 24.5975667006 24.8259750071 23.5602863298 24.08102115 23.9412244137 24.8685305988 24.7594088843 25.369258669 23.6254982415 23.9944046971 25.441907874 25.0189448835 23.9500639667 24.4609933789 24.5407651456 24.6514903374 24.4187461137 25.558980413 23.6886464584 25.5541786325 24.2744932373 25.445196229 23.7936545207 24.92668698 25.4230382021 25.2594122397 25.205636472 23.5304948931 42.5148932825 42.5148932825 47.3010082413 25.3599089237 25.0195939237 24.7131589121 24.0369271297 25.4512216516 25.2453357786 24.7364320552 24.0936682853 24.4635703669 24.0261109542 25.6107695052 24.6469570968 24.6569672441 23.9633207753 25.6135077102 24.8204124459 25.118548731 23.9736594036 25.380841325 24.5176488945 24.548029412
24.1674852015 25.4880787262 24.9147284831 24.7458808498 24.375150922 24.0948405185 23.7084320966 24.904687518 24.4434562798 24.1840307564 24.5444167373 24.6644918411 25.0698810993 25.4050724789 25.5897600326 24.5579129688 25.0621614819 23.9523969708 25.5878299442 25.2473741596 24.1825968537 25.3828589821 24.196662596 24.8125964562 23.998888614 25.2274414142 23.8788807621 25.2976747215 23.8202290118 24.2188799516 24.052326118 39.5055274455 35.1812936478 35.1812936478 25.3030438075 24.7472356695 24.3122295976 25.3587882014 23.8154732566 24.0455123715 25.004768767 24.7624520671 23.853337105 25.5599883952 24.7914659162 25.2947754332 25.3964532147 23.6592117263 24.8727254483 24.7876601738 24.2552555465 23.5665938284 25.0760286391
42.4380187125 23.9955365133 69.5575775113 24.0349086288 23.8704485361 24.9960021244 61.5557763562 61.5557763562 61.5557763562 24.262331663 24.9123283394 24.0949308077 25.3181365028 24.355797857 25.0640085541 25.4846087122 24.2287204507 25.4556505723 24.0250798278 24.4684493847 25.1657935099 23.7150733014 24.1654391177 25.5707028222 24.1483442569 24.7149223505 23.6706096074 24.2317936413 23.6963710589 25.6153120931 40.2597975026 39.5055274455 35.1812936478 35.1812936478 35.1812936478 58.5543622074 57.3652529101 56.4536061876 25.5070611675 24.587498677 23.9507727112 25.5592176834 24.2371781528 23.8377216378 25.1577365723 25.4978890665 25.0120932754 25.3996162864 24.2749290558 25.4220237319 24.0945934754 24.8894127424 24.1477736483
42.4380187125 42.4380187125 24.5176845218 23.7966915733 25.2851060926 25.0431414573 25.554148291 61.5557763562 24.1451708906 24.0087124842 25.0154145542 24.4069680034 25.0007169197 24.5338189676 24.2200253579 23.6773107125 24.8518493057 23.575191268 24.5155338461 24.0943844499 24.8061499048 23.7881477336 23.6881792709 24.6685290941 25.0909826407 24.8878894985 24.9001648538 24.2905283811 23.7090674051 24.9976861428 24.8405025097 39.5055274455 24.5704495041 25.5471387055 48.0292366496 57.3652529101 57.3652529101 56.4536061876 55.0223099814 24.1689242193 24.8536167144 24.3969127787 25.2357968366 25.4201453909 23.6596145215 24.3396358877 24.3075596817 25.1780944265 24.965083027 24.5771283023 24.921998619 24.5684548959 23.883992668
42.4380187125 25.3744096909 23.810247239 24.5751842565 25.2975254636 24.8204849202 25.016041194 25.0565723908 24.9660500847 24.564214327 25.2051534833 23.8287068666 24.7176973469 23.5723664493 24.0816681991 24.8346821132 24.6051109539 24.1416431263 24.2975882291 25.3555107552 24.2138899558 24.5949836598 23.7346935478 24.2963752895 23.6502595839 23.854147601 24.7539347597 24.8790814258 23.610570942 24.545211501 24.9069973436 25.4562555474 25.3936631301 23.5289439885 25.1507890391 57.3652529101 57.3652529101 72.9924059155 55.0223099814 24.8601623016 23.5801215713 25.2146435516 23.5096347143 25.4259689234 24.1678977679 24.8099737623 23.6127009041 24.3971971194 25.3479588368 24.8454097246 25.5126736715 23.7674347598 24.0962618732
23.7192257697 24.5281698767 25.1696104152 24.3171953899 23.6236880009 25.4114726818 24.2792274661 25.3015067242 58.2817424726 53.0240613077 23.675611189 25.1741037104 24.4852668308 24.1965876797 25.2781103019 24.8557706369 24.545157012 24.9061993412 25.3030262817 25.3103025982 25.3984736698 24.8179455508 23.825605448 24.5470183395 23.5456522142 25.1508896124 25.1316299875 25.3589292842 25.4538995863 24.7960881319 24.3573891554 25.4492799436 23.6363566076 25.5421019369 24.3303349612 24.2609624319 72.9924059155 55.0223099814 24.1054770639 25.2160491103 24.1804984554 25.2861252928 25.0486774251 23.6080138829 23.7632591629 23.5079561017 24.9523813088 24.1971474548 25.4063582739 25.1029631121 25.1923461099 24.6229269317 23.7640274681
23.8220833027 23.8808900135 24.2922461205 23.8910959908 24.3945937499 24.1109582305 24.8490082126 53.0240613077 58.2817424726 61.6406403274 61.6406403274 25.1458582227 24.2765053191 25.4174486214 24.4257085428 23.6425357763 24.904239402 25.5910984829 24.9300393834 25.5944150212 25.1988902523 24.73710655 24.3275966095 24.8735778881 24.8982187874 23.7513431008 24.1685015685 25.4627507402 25.1410321529 23.5682270063 23.7208615811 24.7899761972 24.3475034092 25.3605840888 25.3545183665 23.731234727 24.0340577622 24.2153209713 46.5858817829 46.5858817829 24.5124158893 25.4216172969 25.1940196171 24.5544323706 24.2271533204 23.8591802919 25.129465782 25.0771463044 24.601505407 24.4655812062 25.5168704872 24.3738798263 23.9238219082
23.8389958683 24.5009831531 24.0634509814 25.1317814742 24.4821083097 24.636134967 24.5470440982 25.1301363589 61.6406403274 61.6406403274 25.2332654867 23.7967321577 25.0294750699 24.7663470833 24.6285525223 25.4016802272 24.7499631174 24.6986097935 25.2771244041 25.2181806481 24.1536083445 23.784189874 24.5500311483 25.5797347605 25.2556475056 24.5505060537 23.5252202784 23.8785414987 24.9021299106 25.3746149234 23.5052913221 23.895695626 24.6990884485 24.127411239 25.5452802081 25.4660995068 23.694816195 46.5858817829 59.4274090165 59.4274090165 24.7023519023 23.8735085528 23.8749156181 25.0940639082 24.1427136797 24.0534841413 25.6089119675 23.5551932743 24.9215636521 25.1788627457 24.5197727551 24.6315495731 25.565669304
24.7741254507 24.4805136807 24.9771473563 23.8258233428 24.5291815603 25.343699359 23.5230081887 24.2304367335 23.9382780696 61.6406403274 23.5947360625 25.54002295 25.1376631202 25.4115964806 24.2522686288 25.3764754898 24.8971373182 24.5851543865 23.7790607915 25.2547842224 23.9368249979 25.5558728976 23.8993551065 24.7644800991 24.5194305089 23.5201528343 24.0868049482 23.9586673443 23.7034221928 23.7339683798 24.1239204758 25.5311380208 25.3658840154 25.2096885031 24.5416857463 23.8114180012 24.3549145969 23.9899016125 50.7139072924 50.7139072924 59.4274090165 25.4475909836 24.9926609363 23.8027996802 25.1676165792 25.6143303754 23.560300226 24.8630112364 25.5224909715 24.7523444863 24.943402401 23.7354605787 24.1810137398
24.4488157859 25.2974882093 23.8375040847 24.6394872715 25.0882230945 25.1319333794 24.7084264293 24.9592290543 23.5956957622 52.0431984975 52.0431984975 52.0431984975 24.6948249479 25.5424393331 25.1687975826 24.3444970428 24.5471725209 23.5015196381 25.2306341265 24.3507552248 24.6201781214 24.7800547008 25.5763504413 24.8669886937 24.5133844631 23.8944526646 25.1651220093 24.0909323981 24.5983070443 24.6080094088 25.3350383488 23.8785279135 25.5944214603 24.0048580178 23.816689101 24.1406005222 24.0111412319 25.3460829705 50.7139072924 50.7139072924 25.3401924698 23.6744354248 23.9813548988 25.0775418312 25.3180724317 24.878082333 25.0910883141 24.8699771428 23.6466290165 25.0501528328 25.5997359986 24.0156486298 23.7662980897
25.532215886 23.9632580598 24.9004857149 23.7590188883 24.2176375833 25.0817020218 25.0217996536 25.6060762655 68.2573633614 52.0431984975 52.0431984975 77.6062178614 24.2185805311 23.6342885896 24.4327137005 25.617286537 25.406110768 23.5866601256 25.104729665 24.6554589767 25.452367446 25.427471094 24.7054451137 23.5992512869 24.0949269949 23.69110691 24.4023017169 23.8619357721 24.3011218055 24.1358785302 24.7722628091 23.9845643556 24.7100132377 23.5400091787 23.5562008418 24.4105125659 25.1577634249 25.2602513405 64.7464124422 50.7139072924 64.7464124422 25.188044913 24.1910866569 24.3387615935 24.103158271 24.075364843 24.745060377 25.6210360659 24.1404446004 25.3695926372 25.149151294 23.8572197685 23.7678068014
24.2837807327 24.034806506 23.8073363801 23.8712040208 23.6205813071 23.7226713659 24.1120166371 23.961849935 25.2412224424 77.6062178614 46.1911125815 24.0967218609 25.029574044 24.9342865594 23.7148987828 23.8027666283 24.7355022124 23.9341566594 25.1109600512 24.1773169362 23.9666462278 24.722472867 25.0709361344 24.6615652802 24.8891847898 23.560551265 24.4996819012 24.3203527771 24.4580444901 23.6596205378 23.794079432 24.6864744164 24.7178948322 23.6590666616 25.1366124178 25.0376921756 24.2479356126 25.0605352185 25.1244355802 64.7464124422 48.9237341009 23.6269421658 25.2637187282 24.330112587 23.8371156878 24.0355328591 25.3080169508 24.2571020427 24.8641948188 23.7884410629 24.6464200953 25.3098943923 24.8562610618
24.1449593274 24.7074690682 23.9628729713 25.4273987919 24.7642325929 23.7092103771 23.7243084967 23.8631972059 25.3686206425 46.1911125815 46.1911125815 46.1911125815 23.9214631102 24.7182380802 24.0223586903 24.899240263 24.8235187532 24.3807290948 24.5583296952 25.0722572694 24.1572118281 25.2566119046 24.7640390503 24.9633211761 25.1633042232 24.0531392061 23.6303791161 25.6029363564 25.4869188945 24.5455149991 25.2365804716 25.3348962939 23.7096430691 25.3822565312 24.218956176 25.3697268572 23.6926470289 24.588517619 39.0761496281 39.0761496281 39.0761496281 23.8201610181 23.6742609568 24.888621326 24.3522285485 24.5260079806 25.3271140087 24.7135507877 24.6965086163 25.3996586487 23.542589639 24.1993952799 24.049043724
25.2739451838 24.5282262882 23.5635672314 23.8487438768 23.5104181241 25.2455501027 24.2398999932 24.7703468042 25.321078824 23.9327359281 74.4925071133 24.8057414851 24.9513752739 25.3212228869 23.7985427527 24.703410341 24.5593593878 25.4864782849 24.8231258762 25.3491382093 25.518123591 24.663628575 25.2154827511 24.7999008957 23.5678202107 24.689662732 25.4797462461 24.965770956 23.5427674801 24.7086200806 24.3539283521 23.6430279651 24.2197607951 24.1270309543 24.7212148736 25.499150185 23.710498806 23.7322117657 48.9463475347 48.9463475347 48.9463475347 41.1722809338 23.900831043 24.5477997273 24.6338071811 24.6930541658 23.7709986658 23.6954799986 23.9384751335 24.4583779714 25.1707171286 23.5313000769 25.4356278586
25.3809657106 23.7597182012 24.9912974178 24.2981127923 23.6565058695 25.0016795125 24.2999406608 24.9511883053 24.4309281579 38.3948228389 23.7799494913 24.822494876 23.5159508532 24.759657585 24.3959815653 24.4341759043 24.9843243616 24.1646290405 23.8450214715 23.6889499322 24.0870266087 24.4533900426 24.7721996021 24.1465648303 25.5939055661 25.5090549321 23.8031811426 23.9605194164 23.6160157742 23.7583914945 23.8652955822 24.6115043173 23.8677605026 25.3460909889 24.5268519274 23.9912768269 24.3585793668 25.4205541171 25.5114119291 48.9463475347 48.9463475347 23.704505791 23.554264184 25.065394162 24.0435665244 24.1444691698 25.2100481653 25.2802991163 24.0089917908 24.4012878998 23.6644106852 24.0717586489 25.3085068324
24.1329181102 24.6379864564 24.0552962608 25.1467391693 25.3713464691 24.3081952216 24.6724168616 25.4254496925 24.805638143 24.3637877473 24.6933240134 25.1438857643 24.2079981701 24.4568580234 25.2644280863 24.0394990999 24.8433612417 24.9978056959 25.5163170349 24.6568268665 24.1063158142 24.4739131777 23.5380622686 25.0191259011 25.0546413905 23.7399849783 25.3534597099 23.9876502942 23.8483623861 25.2439707261 24.671823415 23.5462355418 24.8979053944 23.9089231861 23.947017023 23.9575291098 23.5182564678 24.4667730247 25.4641906131 25.577377138 24.6804202146 24.0529290997 25.1729648668 25.3783961225 23.5084164849 24.0104193653 24.6770138476 25.1293490458 24.3133781058 23.9979588237 24.1026231967 23.6425826367 24.6284582903
24.2658732709 25.3694361604 25.0222893806 23.9322427548 25.0584755235 25.2386121634 23.8305710002 24.2010496613 25.6185046636 23.6292194451 55.5195665737 23.5757099584 24.3271110095 24.3554187173 24.7226481583 24.2429197042 23.6263125938 25.0047823292 25.0326155022 24.4371966635 24.4552358727 24.8115081361 23.6513428658 23.9316516925 23.5201442759 24.8807279277 24.5609224487 23.6699853118 24.0597177176 25.405239142 24.2150140558 24.8271062087 25.3743273298 23.9901537637 24.4181814689 24.8743560752 23.5720094551 24.9358260086 24.1607920576 25.2116671446 48.8040059794 48.8040059794 48.8040059794 23.7772464437 25.4953628788 23.6070006514 25.2668870496 23.6742375197 24.4968883403 24.1889926698 25.2644350384 25.1931285639 23.8948983758
24.1990058837 25.1531358204 24.8270325829 25.4922472654 23.5820690318 24.3527419355 23.812909091 24.9501345278 24.9738006792 23.8447160782 38.5371534535 23.6551546206 24.6060813825 25.5678372074 23.6645035517 23.7162610709 25.6097402158 24.5171154933 24.2203926214 23.6702360279 25.0683297438 24.414460735 24.7887803242 24.8184102421 23.9528929524 24.884970413 25.3313169706 23.5387809397 24.5272371815 25.5218776944 24.8982442149 24.0898814134 24.1228606455 23.6489314481 24.8906951258 24.21454759 25.4525923712 25.2538827016 23.6036947898 48.8040059794 48.8040059794 48.8040059794 49.0131273024 24.9360762513 24.3276441818 25.2251992415 24.8960727506 25.5968368094 25.222350112 24.9153199839 24.9878473773 25.1975218517 24.2991589936
24.961433769 24.2465537489 25.4441871714 23.8179339024 23.8496177451 25.3106257333 24.3903384072 25.417254896 74.5882945982 74.5882945982 74.5882945982 74.5882945982 24.2233073734 24.9237714726 23.9832842629 23.5482175845 24.7661657584 24.6895325708 23.9314120371 25.2568542459 24.5234832762 23.9042895168 25.5981382088 23.8789651716 23.6410301697 24.1561428563 24.6483332649 25.4766424184 24.8046531729 24.5024915702 23.7630599392 25.0793813021 25.3894313498 23.9501684222 25.3667021206 25.018231981 25.3469841106 23.7282510074 25.0097897495 25.0599227107 23.8049333715 48.8040059794 23.6793984892 25.1200853456 24.1885582282 24.5514618186 23.7318520592 25.0832052303 25.219054587 23.6344235015 23.9495055058 23.678297593 23.5649273303
25.2416554891 23.7738763621 23.8419046751 23.7501173507 23.9167602345 25.2590600457 23.8307225193 24.3510367557 24.9271362078 74.5882945982 74.5882945982 23.6562819716 25.2475714682 23.5620844084 23.6059132927 25.6067350193 24.8941257346 23.5809902331 25.6095905283 25.0600774518 24.4016794706 23.6624905489 24.5951027469 24.0034413126 25.32067441 25.4203505838 25.4052148582 25.2566404439 24.0443230684 23.7939113091 23.8281985705 24.2711979795 23.835886367 23.8964894419 24.7417156446 24.7019452495 24.9890723936 23.9271293159 25.4193438806 24.5780959197 24.3711502722 59.1179373335 24.9430685827 42.9539328122 24.6724117403 24.0955486236 25.3278779472 24.2298941669 23.789102407 23.6948479479 24.8020623214 24.2889883825 25.0085192978
24.5407390188 24.1481952645 25.5252282146 24.5854552458 25.0324454457 25.4242739715 24.3223970727 24.5798709095 23.9397338049 46.5412596181 46.5412596181 25.0946992526 23.888197458 23.5445331836 24.3058199482 23.5421951761 24.4046668883 23.7378779437 25.2051757958 23.8073938615 24.6378545393 25.222214052 23.9600853361 23.9734138465 23.7926247333 25.3623273628 23.9880294257 25.5712894091 23.5447091767 24.970509341 25.6000009289 25.3967766132 23.9670816043 24.0407134106 23.5655216263 24.2701841187 24.1349394051 24.3361237206 25.4194381705 25.455264926 24.7217282902 42.9539328122 42.9539328122 42.9539328122 25.1832282414 23.9455710816 23.6180979997 24.9847934636 24.1777421223 25.4763164191 24.4742071938 24.5248462742 23.6602776595
24.1194547647 23.93528098 23.9821310835 25.2640611152 24.8276298949 25.3175974808 25.3828779364 24.6859371795 46.5412596181 46.5412596181 46.5412596181 46.5412596181 25.169784506 23.8891615557 25.4663701923 25.2515387489 23.5586543404 24.9196708488 25.5764453231 25.549420955 23.976170193 25.2626709402 25.0652838285 25.420129596 23.956302741 24.2634438913 25.3167538627 23.761976876 23.5501068043 24.983178616 24.2326841473 24.1188531706 24.5694613153 24.7000580603 24.0924205658 24.0162784369 24.1944875802 23.5013912109 24.2004682786 23.9578034421 24.082789484 50.578193936 42.9539328122 50.578193936 23.9999418365 24.9169820444 23.8451508955 23.6299292869 24.7965736476 23.6162226129 23.9584856156 24.0097756761 23.8055217318
23.9407037581 23.9045049268 23.5643747933 25.1848034134 24.5490225589 25.0504708045 25.1609289441 23.5077767183 24.7205351636 23.9583303005 24.4889679993 25.5597747604 24.7829463757 24.4155254753 24.7155916291 24.6273887096 24.7659424684 23.5871294604 24.1623927212 25.4076087593 24.5837764296 24.215739663 24.134022182 23.798446634 23.780732091 25.2417533493 23.7997152136 24.0524148813 25.1473585213 23.5914107053 24.2556889114 24.9808631575 24.7514973492 24.0927087244 24.1313584508 25.1304232991 24.4552691186 23.5027830005 24.6303444879 24.0598271061 23.5474604171 24.3728724822 23.6056685695 24.4716320553 24.8480134481 23.5256288732 24.072317255 23.941211423 23.9616978967 24.8639536468 24.6210615586 24.3003558473 24.4358988281
