Spatial_Output/BAU/BAU_0445.asc
NCOLS 155
NROWS 192
XLLCORNER 196769.923733
YLLCORNER 449719.875193
CELLSIZE 27.603701
NODATA_VALUE NaN
[rows 92 to 114 of 192, columns 53 to 105 of 155]
30.8746058551 30.7106507871 30.5734910831 31.1098472085 30.9976999025 30.9196952926 30.671149732 30.8029344171 58.0252550527 58.0252550527 58.0252550527 58.0252550527 31.1333029196 31.1157192945 31.0421659024 31.0463933746 30.8389159075 30.7324238486 31.1528889198 31.06195175 31.1583689084 31.0549530783 31.1981339286 43.0943201537 43.0943201537 43.3914294771 30.9801880141 30.5361894172 30.9524482964 30.5367586399 30.5185396974 31.1746117355 31.09998497 30.7390509232 30.9635144188 31.169651323 31.0927175388 47.7662475391 55.2266867617 30.6549436484 30.6154479414 30.874062918 30.8026191827 30.5325867015 30.649913145 30.8440502443 31.1948599045 31.1098461329 30.9371317 31.0239318299 30.8995132385 30.7674006381 30.5790499612
30.7530676065 30.7861649605 31.1215892298 30.5258686408 30.7238034842 31.0962469626 30.9389561163 30.6138258434 30.8179404993 56.1619017286 46.716520814 30.599613131 31.1730646876 30.9811892992 31.1668414804 30.9910309595 30.6134595153 30.5585139077 31.2012724904 30.5353208636 31.0229598944 30.9877594494 30.7599021094 43.0943201537 43.0943201537 43.0943201537 31.0761681684 30.5596139008 30.815240653 30.625890893 31.1396394115 31.1224661821 31.0329359765 30.9126125018 30.6454468491 31.1262575732 55.2266867617 47.7662475391 47.7662475391 47.7662475391 30.7484486917 31.1946770435 30.7694158516 30.7394657197 30.590366521 30.777805827 30.8771547997 30.5213895451 30.8728476814 31.138874343 31.154561632 30.5885738525 30.8635336199
30.6237921493 30.6580640073 30.8784024995 31.1001024903 30.6338459824 30.7158381527 30.9071195858 30.6088397559 56.8262060034 56.8262060034 56.8262060034 31.0778332333 30.8065810172 30.6176103563 30.8952618291 30.976869055 31.196521554 30.5861791144 31.0932201547 30.8836557234 30.5854425571 30.6907524732 30.7861543432 30.7431793258 54.5752173145 30.8319582012 30.8246925378 30.6525805686 31.1928912649 30.7975966821 30.6838117489 30.8920298471 30.6115312712 30.7084083557 30.727137642 31.0017925803 30.6991645861 47.7662475391 75.8022302995 75.8022302995 30.6052423611 31.1643231237 30.7305230234 31.0154566246 30.72959189 30.5941510897 30.637541088 30.9527008746 30.6429713414 30.9381268066 30.9349142585 31.1887244315 30.8711207844
30.6379169947 30.6074486375 31.0235857332 30.6890055369 30.9906078455 31.0124126836 30.6841453711 30.733092945 30.6328856206 56.8262060034 56.8262060034 30.8870747566 30.8641916201 30.9264491143 31.0815987081 30.9632513572 30.9732545892 30.6834310901 30.9057554377 30.5300627299 30.7093777634 30.8118923571 30.5847173598 30.7168344813 31.1157074579 30.6367788917 30.9860614776 30.6863282409 30.512902065 30.6475655882 30.9215506844 30.8274136433 31.0095353221 30.733607074 30.5204444615 30.513806003 31.0683120145 31.1061803797 31.073369544 31.1018055224 30.7476233273 30.7445873026 31.0496664758 31.084548207 30.621012131 30.953378642 31.1280117808 54.8684017482 30.9030788125 54.7760335687 30.5035649868 30.7621322674 31.1130926092
30.6060965873 30.7511219957 30.9252381141 30.7183607731 30.8067738204 30.6347801963 31.0029763125 30.7679201524 71.9728288564 31.1450461629 71.9728288564 30.5713271229 31.0356963018 30.7543199104 30.8646276014 30.8868254369 30.935780732 30.8732458537 31.0195123904 30.7496995125 30.9495952849 31.0473855832 31.192581605 31.0861725252 30.7545440503 30.7030633318 30.7394954681 30.7747448009 30.827896909 30.9270306445 30.7171328314 30.8634916959 31.1771125037 30.7689880185 30.9939705991 30.9777287525 31.1993210382 45.5493415476 31.0188269421 31.0483240272 30.6741897611 30.9158667998 30.869016925 31.091062446 30.7756439481 31.0574739957 31.0871314049 54.8684017482 54.8684017482 54.7760335687 31.1746361572 55.1918348013 30.8545181266
30.6869427387 30.8744688557 30.7173146027 30.611451081 30.9949582665 30.59501741 30.6491954855 30.9864720401 49.8914243768 74.3040509714 74.3040509714 31.0333762207 31.0120999571 30.7574181946 64.0276678448 30.5465666735 31.088126973 31.0255567378 30.6541507331 30.6015997925 31.1164307778 30.7145330559 31.1971988359 66.1532267191 31.1396968934 30.7490093787 30.7451342959 31.1633017594 30.8201540828 30.9936424769 31.1781159196 30.5252804629 30.6766314512 31.0712469447 30.8300600402 30.6904268786 30.5633058298 31.0315985006 30.9197221422 30.6515609888 30.5060743604 30.7774090188 31.1190028142 30.5084355907 30.91397768 30.5373646587 30.8457983941 54.8684017482 54.8684017482 54.7760335687 54.7760335687 55.1918348013 31.195443726
30.7360890811 30.5040819563 30.7985186565 47.4960173908 47.4960173908 31.101605695 31.0107909043 30.5866045734 49.8914243768 49.8914243768 30.7401983686 30.5911142938 31.1698496359 64.0276678448 64.0276678448 30.8300722193 30.6731000062 31.0182514675 31.0727882982 30.984438489 31.1274852308 30.558613647 30.8161010373 30.7215310876 30.6524573831 58.762516189 31.1253068743 31.1130979443 31.1795760352 31.1844178667 30.540765933 31.206432945 30.6479100385 30.5970038685 30.8381558284 31.0321778454 30.6376966418 45.5493415476 31.1620330327 30.5493037402 30.8541693594 30.9834019103 30.8296097551 30.8063750914 53.6280852984 31.1182840032 30.7202774478 54.8684017482 31.1045049896 30.945752696 31.0003427687 31.1779007316 31.0983138063
30.6935080186 30.8892743972 30.7806985959 47.4960173908 47.4960173908 30.996628368 30.8224588584 30.7749583652 49.8914243768 30.6243631194 31.0405618834 30.7782996764 30.5645608776 30.9333263133 64.0276678448 31.0746105676 30.8628576394 30.8328359282 30.6221224958 30.7600744942 30.9461089749 31.053454182 30.7617273551 30.5290016623 30.8178980391 58.762516189 30.9814319381 30.5182057081 30.7322995234 30.7158496231 31.1638374923 30.8025349628 31.1065955801 30.6339036007 31.1042199909 30.5793904954 30.7990916535 30.7114062885 30.8163503836 30.71935781 31.0694246095 30.5260446734 30.9504062512 31.0879983964 30.9161782057 30.7638429056 31.0866016417 30.6586118807 30.8262715759 31.1912225019 30.7534072094 30.8720576244 31.0514709054
30.8539899903 30.7978970049 30.5347414705 30.7979618083 30.8988417432 30.8396897226 30.7768650158 31.0276046132 30.7967783566 72.5143580235 72.5143580235 31.1078775034 30.6112234685 31.0991460666 30.8505403762 31.1406421584 30.7739724513 31.1357179513 31.117967942 30.7329603713 30.7848659093 30.8566084017 30.9327370916 30.6770505458 30.8752024004 30.772887769 30.8449433028 30.5453178598 30.9405124821 31.0050242351 30.9067784109 31.1795084195 30.535113046 31.0638096747 31.09847162 31.1383360742 31.1172211392 30.9329219383 30.6438775622 30.835465879 30.6916461706 30.827628586 31.0496157696 31.0635876918 30.8872613445 30.8670279557 30.7732662017 30.9960810269 30.6094201906 30.6158011112 31.1118608391 30.6166220214 31.145456309
30.8163955738 30.754315174 31.11912806 30.7144012661 30.8149310034 30.7810521867 30.8253994952 30.9407936626 31.1843469976 58.5316840855 58.5316840855 31.1114350894 31.1889469164 30.8270427021 30.6739251375 30.5490552893 30.9073356402 31.133583744 31.1816276386 31.0154973341 30.6204353898 30.8612603204 30.5088095844 30.9337326779 30.5511253775 30.7079944261 31.0352017653 30.594319239 31.2064419981 30.8375095635 31.0204590647 30.897047539 31.0079226467 30.8022999394 30.6039923893 30.9624761821 30.5056125316 30.9132783556 30.7822106767 31.1048322785 31.1736237828 31.0313615732 30.9372625527 31.1478351341 31.1498135844 30.9202399752 30.9986211994 30.8877111601 31.1145176748 31.1915740103 31.0321769744 31.0270173351 31.1783876987
30.8824107008 31.0400132877 31.1766503675 30.5007144032 30.6234076693 30.6430755838 31.1700235739 30.8215870182 63.1833143073 63.1833143073 30.8722830812 30.5392270079 31.1607538799 30.5975251323 30.6081252455 30.89479436 30.9645586725 30.5542796004 30.9697911555 30.5343602802 30.8711975598 30.567731635 30.9586408587 30.610555787 30.687671579 30.9933081784 30.5704568254 30.7634512207 30.6168372557 30.972367077 31.1486979277 30.5619100675 30.9130319143 30.9019384253 30.6404913618 30.7105342664 30.6835088295 30.7301130891 61.7438254545 61.7438254545 61.7438254545 30.9913070515 31.1128437358 30.5341831308 30.9118796777 30.6629687627 31.1859663197 30.6200589818 31.020642975 31.1991611828 30.7921147346 31.0853973451 30.9918271021
30.6445505908 30.578044315 30.819804399 30.8116666007 30.7173637521 30.7629615476 30.5386534544 30.9346855775 63.1833143073 64.3085903685 30.5037948051 31.1577827484 30.5563538191 30.665932535 31.1315647579 31.1105702495 30.9014715491 31.1901672988 30.9753093169 30.7045373766 30.798354282 30.8803437142 30.7522077127 30.7024197602 31.0379396511 30.5060852755 30.5519783298 30.5232462553 30.9950911112 31.0685335361 30.7063600576 30.9121358074 31.1433548704 30.717579735 30.6035736444 31.1375190183 30.7026068095 31.0915589646 30.8927360077 61.7438254545 31.0293553265 30.9218286763 31.1204866159 31.0744652247 30.7265507618 30.5330562493 30.5855512131 30.8501614479 31.155640911 30.8626355865 31.1460745428 30.9180160226 30.8157710921
31.1412692882 30.8012359925 30.7376376057 31.075052026 30.8623765343 31.1530902702 31.1132589112 30.9460730591 31.090823751 64.3085903685 64.3085903685 41.1040186729 41.1040186729 30.8702974782 30.5688607936 31.1956154374 31.1562781474 30.6186210969 30.8130540014 30.7479737479 30.9384252593 31.1838758577 30.6352535921 30.8825414535 31.0218833656 30.9095829711 30.9937629161 30.9901098177 31.1161038429 30.8823362252 30.5825514959 31.0077834882 30.9083026236 30.8726409324 30.6058970633 30.8771312649 31.1646713223 30.6004023237 30.7123014578 30.5012430954 30.8629990837 30.8201212186 31.1218209784 30.5071766043 30.5537729844 30.6228327824 30.9069859114 30.5543819482 30.6308633267 30.6401995483 30.6496546753 30.6540204425 30.6358413823
30.6863881788 31.193237667 30.7593429769 30.8566584727 30.9849872506 30.611105112 30.6142117843 31.1210130568 31.0327385848 64.3085903685 64.3085903685 41.1040186729 41.1040186729 56.6583845017 30.6340985951 30.6575992504 30.7783832148 74.4369070891 74.6823379992 30.6813881318 70.83709927 31.1530887481 31.0154650388 31.0311325232 30.5022483247 30.8632946924 30.9659352677 30.9350964358 30.822449145 30.7601503735 30.6339948758 30.8980732686 31.1175896928 30.8488663695 30.8790695605 64.1526046791 30.8332766566 31.0648746105 30.7266632715 30.8243320484 62.4232461349 30.6580304221 56.9429385826 31.171816104 30.7444675537 30.7486517792 31.1484385011 30.6255112253 31.0866009053 31.1302626677 30.6230061634 31.1679503958 31.1275954878
30.9675834332 30.85394982 30.7336108673 30.5986403349 30.5113938062 31.030189639 30.6368647502 31.0468306575 30.708256088 30.6926814701 64.089314768 41.1040186729 56.6583845017 30.6867824909 30.6534760952 30.640789939 70.5860375191 74.6823379992 74.6823379992 70.83709927 70.83709927 53.9190728088 53.9190728088 31.1430613908 30.8465322659 31.141601671 30.6019493601 30.9342285849 30.7298156192 30.7011974944 30.6415069785 44.3912210738 31.0464011622 30.6903086292 31.1099748554 30.6093381785 30.5436809908 31.1845576722 30.7189758153 61.0609412027 76.2960625774 31.1972006453 62.4232461349 31.0749592639 31.1526195448 31.1726228584 30.7509792063 30.5265976129 30.541812598 31.0099842412 30.9316485653 30.6117122116 64.1869336608
30.5937633591 30.5432564101 30.9699130826 30.7493612796 31.0149045085 30.8206261259 30.8659088688 30.6381215332 31.1983966549 30.8088402984 31.1857663753 30.9052274624 30.8411676805 31.0393882381 30.9510812093 70.5860375191 56.9416124532 30.6171611366 74.6823379992 70.83709927 70.83709927 53.9190728088 53.9190728088 30.7394521666 31.1988504617 31.0278102762 30.7646337451 30.8873156164 30.7176794292 30.8808756021 30.8334618114 44.3912210738 44.3912210738 30.5907989302 31.1745531058 30.8326708469 30.9612250264 31.1097107309 76.2960625774 61.0609412027 30.9053383859 62.4232461349 30.6357852757 30.6654400135 30.6402257772 30.6449902176 30.7973061346 30.6142881503 30.5347597799 31.1755733926 30.5208430174 30.959177571 31.066435371
30.5131623726 31.0515592715 30.8874170819 30.6739122648 31.1902475212 30.6807212325 30.8361179357 31.1730624766 30.6729223523 30.6714248492 30.6248290899 31.0655316961 31.1613999221 30.9502710437 30.8560464208 31.1214389558 31.1160331142 30.9963886986 30.651819035 70.83709927 30.9916443861 53.9190728088 30.6029186729 31.0990159107 47.5626610937 30.5782493274 30.7103960161 30.7730127297 30.7949418829 30.6264853687 30.9344577262 44.3912210738 44.1235877395 31.0634418561 30.5076979024 31.045524359 74.8297334829 30.7063290568 31.1322797687 30.7393456021 31.186867973 31.089847673 30.9390816799 31.0328203237 30.6541331231 30.8313737879 30.9587334357 30.6067779547 30.9015901506 30.7387793307 30.6204193411 31.0471259917 30.6454364112
30.6453214863 30.8160487218 30.554384567 30.5059680177 30.5364871654 30.8077012654 30.7870544235 31.1952972393 30.5909859977 31.0352168109 31.1804588376 31.1872505952 30.8726085128 30.6433182207 31.1994336828 30.6170095156 30.5290316791 30.8986369062 30.8472888276 30.676579842 30.5335988453 30.9985330508 30.5279212743 30.912626329 31.0526165085 31.0806681831 30.7484230435 30.5608483386 30.5639395612 31.0947990114 30.5074247611 30.8263134727 30.6915329119 30.8183367289 30.7842610338 31.1861183508 31.1386924561 30.723930054 30.5516495268 31.0096901066 30.7535439866 30.5652152259 30.6846503836 31.1968809022 30.8479000012 30.6925339298 31.1836008836 31.0815140087 30.8654128478 30.8751581871 31.1364970016 30.8004536232 30.587387966
30.5656059841 30.6566884688 31.0528745477 30.8188330749 31.0756121645 31.0958658816 31.1788440528 31.1011102024 41.7207534744 30.7408418309 30.7863641919 31.1896655565 30.5118961555 30.6059017635 30.6698655434 31.1839960366 31.1578606945 30.9324002185 30.9501972857 30.9172961953 30.6280823069 30.9585389155 31.0487488982 31.1896562293 31.199117021 31.1961014887 30.9485168398 31.0236843198 31.1967177734 31.1794442887 30.9709279843 31.2044204707 31.0838568782 30.5528098106 30.5481933266 30.5017969752 30.9876854736 30.8599463995 30.7750457784 30.9425107287 31.1250165772 30.5721262921 30.5668162808 30.5153730271 30.526751387 31.1883542199 30.6982817904 31.0156906372 30.9038488043 30.7021330769 31.0945219169 30.7342294296 30.5463187618
30.5777916668 31.0428058105 31.1759629434 31.0394616451 30.7110026578 30.8921400911 31.1077432173 41.7207534744 41.7207534744 41.7207534744 30.555201196 31.0354266413 31.0725846766 30.8525147268 30.9671672933 30.6219108932 31.0750753125 31.1068880378 31.1513665238 30.5853160701 30.8261293721 30.5018094156 30.6142363838 30.5468144409 30.992465822 30.5870584977 31.0632996369 31.086330829 30.7431492734 31.0388130494 55.4179351163 30.6937241363 30.9819610621 31.0425258235 31.1977840406 30.91048378 31.1389826182 30.9656853539 30.6995048671 51.4625522749 51.4625522749 30.8274947252 30.742539951 30.8715038001 30.7916763347 31.1375212468 31.0076154014 31.1681847338 30.8344692215 30.6007085614 30.73858311 30.7409548579 51.689343953
30.5057135007 31.1249828899 30.91569754 30.9608282575 31.0746626211 31.1699615749 30.9788928122 30.7448192819 41.7207534744 31.1932326744 30.9040856306 30.6692071269 30.6362271979 31.0283685348 30.7709853556 31.0718323156 30.7154653891 31.1053535779 30.9153162068 31.1216946828 31.092300325 30.7643544778 30.9933772699 30.669539575 30.5281552477 31.0781368661 30.6727461412 30.6992657101 30.9412371218 30.9204050266 30.598609941 31.087214731 30.6204882732 31.0901754968 30.5689036665 30.836350675 30.9517594259 30.5799264723 30.8515756558 31.1548699325 51.4625522749 51.4625522749 50.1927471625 31.0435434638 30.765110686 30.5772107189 73.9089107912 49.875815473 44.9420375415 72.5267968481 54.5996346685 30.6657947228 52.9749083088
30.8513515675 30.5798800604 30.795859054 30.8902584154 31.1135191738 30.6186308425 30.6473809026 60.7672661897 31.1701363421 30.788104573 30.9540843222 30.9473475964 30.6820517757 30.581431162 31.1293093473 31.1351988187 30.7857811841 30.8463514646 30.6699816642 31.0100667722 31.1590350652 31.0682679287 31.1894721522 31.0536957357 30.9892834955 30.6568415084 31.0021520917 30.8406745967 31.1826800115 54.6089779746 30.5471996225 31.0047979202 30.5214111177 40.8370056638 40.8370056638 44.9610076408 60.5794942158 60.5794942158 30.5230596818 30.5400935643 30.7668237098 52.306157095 50.1927471625 50.1927471625 30.6540983607 68.5528132957 73.9089107912 44.9420375415 72.5267968481 72.5267968481 72.5267968481 62.962508727 52.9749083088
30.5661122867 31.0428462681 30.6712823732 30.7646612112 30.6067091023 31.0886717192 31.0817938428 30.572137066 30.6611993249 31.0250891107 30.617712264 75.0328337614 31.0506093136 30.7822791252 31.0634452878 31.1192311366 30.615101025 30.6307634878 30.7879550557 31.0456067397 31.1958212069 30.7488059746 30.788087586 30.9204995661 30.8211918005 31.0995334028 30.6714005541 45.4657743227 45.4657743227 45.4657743227 30.6869916814 30.9915506353 31.070154406 40.8370056638 40.8370056638 44.9610076408 44.9610076408 60.5794942158 30.6326642035 30.8802141133 31.1595575812 52.306157095 50.1927471625 50.1927471625 30.6126829608 51.5260167273 73.9089107912 49.875815473 44.9420375415 72.5267968481 54.5996346685 30.5742292027 52.9749083088
