Spatial_Output/BAU/BAU_0480.asc
NCOLS 155
NROWS 192
XLLCORNER 196307.867259
YLLCORNER 449144.565805
CELLSIZE 33.573938
NODATA_VALUE NaN
[rows 150 to 174 of 192, columns 57 to 113 of 155]
30.9826189165 30.8042538853 30.742373657 30.9671887623 30.7729074985 31.192905582 30.6128291959 30.6148333778 51.0539824768 49.2448522373 59.5928509668 30.7319872391 30.9215797616 31.1443208681 30.9220973623 30.5685928384 30.9329431371 30.7911744942 30.7227946095 30.7092875463 30.9296302046 30.8351715215 30.5935270876 31.0423315106 31.0221727695 31.0681688248 30.5202808687 30.6324202725 30.8268877107 30.7730660964 30.6794495958 30.7565158545 31.0711640469 30.7526647822 30.8655106151 30.6556007389 52.5995586776 50.860400415 54.1035000469 31.0001678626 30.5792490887 31.2011786594 30.8876224176 30.7282096831 30.5877346198 30.8924342174 30.5223963009 31.1712332801 30.6827024346 30.7167956866 31.0352597094 31.0037726953 30.6089803527 31.0037159936 30.985488795 30.8672296154 30.970958601
0 31.1947168256 30.6733126704 31.1043580104 31.0230583615 31.1848508275 31.1839404055 30.8345210862 48.7974108242 48.5093616955 52.4426434087 30.6854907214 30.5994308371 30.7889782759 31.182962798 30.7413521675 30.517202992 31.1136926507 30.7213450666 30.9237195112 31.1436312659 31.1370598422 30.6779733412 30.9558633972 30.8453520909 30.5197565244 30.8560516006 30.6943804157 30.7457249309 31.0372829262 30.5910587119 31.1181661223 30.9801130398 31.1710785754 31.0625689939 50.860400415 50.860400415 50.860400415 79.0468291758 30.6131845675 31.1848710587 30.9381557044 30.9045538362 30.9603660228 30.7078866682 30.7865367665 30.6888755444 30.8871655443 30.7971518635 30.8453767188 30.7651974123 30.5603997362 31.1404484231 30.5838865389 30.8683052416 30.9535841173 31.0159987873
0 0 0 0 30.6505133037 30.5141050962 30.7036784144 31.1587359552 56.8230685629 60.0762589959 50.0740055928 30.9002724664 30.5157046544 30.7974318722 30.9092760822 31.1392023186 30.7747119471 30.6644369868 30.5752767633 30.7004143156 30.7025424338 30.6879940159 30.9777563505 31.1930647219 30.7510825588 30.7711335631 30.501425775 30.8885674413 30.9490666206 31.0994824411 30.6644451542 31.1393963064 30.5678275682 31.0881197178 31.1400161918 30.8163737857 79.0468291758 79.0468291758 79.0468291758 31.0957311229 31.1227132253 30.6751672449 30.5990706785 31.1424685438 30.6267836457 30.910496337 31.1346695527 30.8577866381 30.675631192 30.8090325857 30.5627597722 30.7268768452 30.9516389289 30.9572522974 30.7343268846 30.6258274367 31.2061350479
0 0 0 0 0 0 30.7905473529 30.7967515097 31.0301863874 22.3656045639 22.3656045639 30.704321371 30.8092697048 30.6769349295 30.5145495392 31.1427819759 31.158104256 30.9564782213 30.5154305707 30.6255522955 30.8285030009 30.8583069495 30.5615476409 30.703093287 31.1702693281 30.5303966464 30.8638056632 30.8324162847 30.8387959125 30.6811583757 31.0136467378 30.9670341247 30.9764032325 30.8276427208 30.6288028082 31.1818620543 54.5219482715 79.0468291758 79.0468291758 66.8599327143 30.9703821088 31.1852256225 30.9682226595 31.1146847337 30.7633051687 30.5976047197 31.1382204559 30.9397804083 30.8342523056 30.7969395334 30.7974072243 30.6993751295 30.7946510864 30.7360054058 30.849875341 30.6270762401 30.6805977534
0 0 0 0 0 0 0 0 22.3656045639 22.3656045639 22.3656045639 30.8381537628 30.9044727596 30.927633558 0 0 30.8588557051 30.8868089927 30.9196127608 30.6229508416 30.6611546597 31.0047835205 30.7738138808 31.1475393887 30.9612785515 30.9169243168 30.585058562 30.9879502402 30.5038730412 31.0475615507 30.8669467334 31.0701522835 30.8810251239 31.1500586935 30.5568234624 30.9203053318 30.7103911736 31.0308222087 60.5035049851 31.1330462959 30.5144497751 30.7483450112 31.1774189517 30.877263708 30.7181786405 31.0441614662 30.7596482734 30.9157000242 30.6023165683 30.7278270028 30.9934283916 30.9267962319 30.5676066132 30.7404998347 30.9915170955 30.9419460074 30.6886245876
0 0 0 0 0 0 0 0 0 55.2254565669 55.2254565669 55.2254565669 47.0143180547 0 0 0 31.0730104034 30.9842101437 31.162621603 30.8342408953 30.6412466192 31.0602310587 30.9017489494 30.9451975801 31.172187945 31.0468324835 30.8792076899 30.5505651167 31.1400649566 31.1687394413 30.9765197173 30.8900786107 30.8572617451 30.8850433764 30.7107781486 31.0545746166 31.0396318193 79.1700250659 60.5035049851 63.895476222 63.895476222 30.6603198486 30.5361813973 30.7200372747 30.603134452 31.1238983868 31.0847657357 31.1593123837 30.6693882807 30.804174257 31.1805133105 30.6343104932 30.9846718954 30.5655571223 30.5255009379 30.9391844466 30.7826778823
0 0 0 0 0 0 0 0 0 47.1463193062 47.0143180547 45.6411980819 61.6162060416 0 0 0 0 30.7536871832 31.0924460257 30.8313477501 30.8092437679 30.5727368963 30.712472086 31.0813569193 31.0383554067 30.6717456507 30.5987505099 30.6363943208 31.1615536602 30.7744962748 30.9681385377 30.8443987038 30.9800152264 30.7535338706 31.0071302325 31.0436518851 30.6628138667 30.9337469445 63.895476222 63.895476222 63.895476222 30.7845582895 30.5639379743 31.1860014108 30.5518684053 30.6508412412 31.1525197235 30.7793313838 30.9420970201 30.9035966194 31.0009529155 30.741732708 31.1141364417 31.1693923384 30.8440564696 30.7771859762 30.7579513993
0 0 0 0 0 0 0 0 0 0 61.6162060416 45.6411980819 45.6411980819 42.8754575272 0 0 0 0 30.5927066183 30.9788261252 31.2009888211 31.056177659 30.820233397 30.6328842622 30.9774139379 30.9772777289 31.1302562742 30.9577859219 30.7175418295 30.9769431313 30.8092804375 31.1373456491 31.0567778851 31.0451805157 30.6215958486 30.7511828572 30.8896119941 30.8184529374 30.688940062 62.1177224388 74.3036082156 30.51442873 30.9433282773 30.751126311 30.6472871351 30.9833121405 30.717594866 30.700415032 30.9130256979 31.1756894402 30.7090508736 31.0856117582 30.5687917444 31.1230377163 30.569609042 30.575851231 30.7504970858
0 0 0 0 0 0 0 0 0 0 48.2742782254 52.3407424908 52.3407424908 0 0 0 0 0 0 31.0939869582 30.7493904233 31.1375486826 30.8522163475 30.989333162 30.6317699011 30.5087545016 30.5881606026 30.9405492916 30.6394870642 30.6404230961 30.9093720457 30.5459707802 30.8274042043 30.8255226486 30.8673692664 31.1862346352 31.0079154798 31.1915845139 30.7220478444 30.9562384083 30.5940427198 52.1925385605 82.1533317617 30.8017832684 30.6982832821 30.5351869354 31.1160976534 30.8660084289 30.687414988 30.7957249167 30.7933988109 31.133711929 30.9257519216 30.7723608747 31.1612386554 30.7773618363 30.7379050952
0 0 0 0 0 0 0 0 0 0 0 0 0 0 0 0 0 0 0 0 31.0455068362 30.6235195747 30.7240665372 30.5934358236 30.9655651691 30.5311857687 30.9105976493 30.9754848732 30.8861737535 30.8797074434 30.5283070646 31.0154163425 31.0525736682 31.0008990514 31.0430654886 30.5746442634 30.7803721755 30.6618748772 31.0690059994 30.9871817967 47.8085705994 47.8085705994 47.8085705994 30.8037732169 30.9533001247 31.1210330368 30.6048114887 30.5949542337 30.8420660037 30.5904374355 31.1762280958 30.8461841757 30.6458983742 30.6941154325 30.691567805 30.8322971598 31.0300229144
0 0 0 0 0 0 0 0 0 0 0 0 0 0 0 0 0 0 0 0 0 0 0 0 30.8908394526 31.0831641221 30.6791804542 30.5765632592 30.9885620393 30.5653770615 30.8906306431 30.7546110504 30.5573231897 30.9321559741 30.9855466299 30.9114989888 30.5409459368 30.7663610816 30.6706413187 30.5234582292 47.8085705994 47.8085705994 68.7792611046 31.1173331992 30.9718028755 30.8241742421 31.0507990976 30.7264101667 30.6084100117 30.9501977341 30.8376197112 31.1180933983 30.7234362298 30.6724801675 30.6947648059 31.1821671332 30.6972457178
0 0 0 0 0 0 0 0 0 0 0 0 0 0 0 0 0 0 0 0 0 0 0 0 0 0 0 0 30.555027391 30.5468350704 30.9888898271 30.9347595982 30.7736116941 30.7128872343 30.7582805265 30.517953691 30.9011104797 30.5213991132 31.0350681281 30.5209442398 68.7792611046 68.7792611046 68.7792611046 69.0421218008 30.8329808937 30.9552159687 30.5084349438 30.899225054 30.8908872411 30.5722104234 31.067138949 30.7434783775 30.9091158844 31.0642662573 30.7491110459 30.6405657967 0
0 0 0 0 0 0 0 0 0 0 0 0 0 0 0 0 0 0 0 0 0 0 0 0 0 0 0 0 0 30.6014933325 31.1698118482 31.0891959729 30.9594712675 31.0047450557 30.7585540416 30.7731727996 30.7660648791 31.0656468233 30.6231554261 30.7669358694 48.0136738995 48.0136738995 68.7792611046 64.8209108057 30.7999238426 31.0663177305 31.172185716 30.5708489814 31.0054841175 31.1184926661 30.5387407335 30.9007554804 30.9986541198 31.1941878986 30.5027001802 0 0
0 0 0 0 0 0 0 0 0 0 0 0 0 0 0 0 0 0 0 0 0 0 0 0 0 0 0 0 0 0 30.6473533681 30.6580434865 31.1528866883 30.5559381795 31.1574468537 30.7959612829 31.0677022704 31.0177286099 30.5974584947 31.1556617011 30.543410181 64.8209108057 59.2454947597 59.2454947597 52.2319208287 31.0297833725 30.913352988 30.5557047362 30.699278478 31.0688409869 30.6447556006 30.7030433964 30.9410446437 30.5461813768 30.8820559173 0 0
0 0 0 0 0 0 0 0 0 0 0 0 0 0 0 0 0 0 0 0 0 0 0 0 0 0 0 0 0 0 0 30.5390581033 30.9712977541 30.8831806571 31.0363253322 30.9725113018 30.964056817 30.8663736366 30.5089659057 31.0764101274 31.0399959279 59.2454947597 59.2454947597 52.2319208287 64.5873246305 30.8215081994 30.8804758043 31.1785231765 30.8056149533 30.7067852492 30.6519940396 31.0503962567 30.8902193155 30.7111215528 30.715321568 0 0
0 0 0 0 0 0 0 0 0 0 0 0 0 0 0 0 0 0 0 0 0 0 0 0 0 0 0 0 0 0 0 0 0 30.5314446822 30.984251199 30.8156045 30.5355428032 30.5008375105 30.9856429646 30.9254269375 30.8909895858 30.6662221238 64.5873246305 30.8245149316 64.5873246305 30.5902987387 30.5327132707 30.5425954825 30.7031608137 30.645668076 30.6567073769 30.5332061211 30.6164305275 31.0148963468 0 0 0
0 0 0 0 0 0 0 0 0 0 0 0 0 0 0 0 0 0 0 0 0 0 0 0 0 0 0 0 0 0 0 0 0 0 30.8467800152 31.0747250067 31.139700799 31.1781271568 30.5205224615 30.8295968171 30.6649208286 30.6789170832 47.3831919513 47.3831919513 63.5553837177 63.5553837177 30.5238481009 30.8491143932 30.7630692843 0 0 0 31.1541830977 30.6802981162 0 0 0
0 0 0 0 0 0 0 0 0 0 0 0 0 0 0 0 0 0 0 0 0 0 0 0 0 0 0 0 0 0 0 0 0 0 30.5392171406 30.8820614455 30.7469000733 31.0711014823 30.7589198172 30.9990131013 30.9762870352 30.9894134056 47.3831919513 47.3831919513 67.6108407664 67.6108407664 31.088018324 30.5921874537 0 0 0 0 0 0 0 0 0
0 0 0 0 0 0 0 0 0 0 0 0 0 0 0 0 0 0 0 0 0 0 0 0 0 0 0 0 0 0 0 0 0 0 0 30.9904301843 30.5669170145 31.1755213977 31.1921437037 30.8555372001 30.5406407706 31.2041018308 30.6862196357 58.0495681092 53.8165955684 53.8165955684 30.5585816982 0 0 0 0 0 0 0 0 0 0
0 0 0 0 0 0 0 0 0 0 0 0 0 0 0 0 0 0 0 0 0 0 0 0 0 0 0 0 0 0 0 0 0 0 0 0 30.5324682538 31.0168156656 31.1953461956 31.000450716 30.8804004725 31.0133443752 30.6737119829 53.8165955684 53.8165955684 53.8165955684 66.5213603648 54.5562128248 0 0 0 0 0 0 0 0 0
0 0 0 0 0 0 0 0 0 0 0 0 0 0 0 0 0 0 0 0 0 0 0 0 0 0 0 0 0 0 0 0 0 0 0 0 0 30.7391361478 30.6920294092 30.6440784624 30.8828063699 30.6034930486 30.783774891 30.6706586847 58.6882452809 50.9255172983 52.5243079006 45.4933874583 0 0 0 0 0 0 0 0 0
0 0 0 0 0 0 0 0 0 0 0 0 0 0 0 0 0 0 0 0 0 0 0 0 0 0 0 0 0 0 0 0 0 0 0 0 0 0 30.8643552157 30.8132561252 30.5202325416 30.7448850113 31.0838429511 30.5577225298 41.1819733734 47.2590524547 46.4414574437 59.1641222701 56.6202253476 0 0 0 0 0 0 0 0
0 0 0 0 0 0 0 0 0 0 0 0 0 0 0 0 0 0 0 0 0 0 0 0 0 0 0 0 0 0 0 0 0 0 0 0 0 0 0 30.7531278212 30.8041342482 30.987080794 30.50705447 31.1022327543 30.8241515831 44.5282620471 56.050235884 58.3053410941 65.293479362 22.3667667572 0 0 0 0 0 0 0
0 0 0 0 0 0 0 0 0 0 0 0 0 0 0 0 0 0 0 0 0 0 0 0 0 0 0 0 0 0 0 0 0 0 0 0 0 0 0 30.6798705839 30.586252778 30.9111280792 30.5158623279 31.0790155895 0 0 57.5588670214 65.293479362 57.5588670214 68.3041870987 59.3480331243 0 0 0 0 0 0
0 0 0 0 0 0 0 0 0 0 0 0 0 0 0 0 0 0 0 0 0 0 0 0 0 0 0 0 0 0 0 0 0 0 0 0 0 0 0 0 30.9243488706 0 0 0 0 0 80.2034118667 22.6638150499 22.6638150499 62.8240940058 62.8240940058 0 0 0 0 0 0
