Spatial_Output/BAU/BAU_0492.asc
NCOLS 155
NROWS 192
XLLCORNER 196307.867259
YLLCORNER 449144.565805
CELLSIZE 33.573938
NODATA_VALUE NaN
[rows 100 to 124 of 192, columns 57 to 113 of 155]
27.8549201075 27.1201030331 27.411454637 28.1139212279 28.3173349509 27.1481997996 27.2279833324 28.3040815827 27.9705936347 28.3728226673 27.6260057687 27.5799964265 28.0710790533 28.0974934035 27.5546325367 27.317940793 28.1244721108 27.5067549839 27.8132575615 49.793870182 49.793870182 49.793870182 27.7120250084 27.6452853006 28.0260207041 27.0522446376 27.3198294073 28.0716354975 27.2522631782 28.0612892741 28.0622852755 28.0372892708 27.4266124595 45.3288706548 27.6751162557 27.4621923139 27.3567486725 27.083205382 27.8572648467 28.2221273632 28.0991737731 27.4457309647 27.4098310622 27.9812094048 27.6393468778 27.8476223347 40.2465929013 27.3787813921 27.3563064275 28.2706982253 27.9601783246 48.2035457138 56.9733478821 42.3533714358 40.3278542689 67.9479187147 67.9479187147
27.3601447996 27.2223182584 27.8165489652 28.1504558613 27.0785329199 28.210286125 27.941178435 28.2582155289 28.1729495032 27.1764008583 27.2140893484 27.0808140187 28.1533341694 28.3999266649 28.3780339062 27.1596758971 28.3911905955 28.1094906513 28.0798922488 28.0926091662 49.793870182 28.4088724002 27.7842818434 27.7704483516 27.3667278131 27.0185783966 27.2881286 27.6886492831 28.1583318567 27.680930402 27.1553022051 27.2965543104 28.0425022831 27.6277472307 27.001624015 27.4140638149 27.6442218201 27.1096123512 27.2080426643 27.1786558974 27.4684096127 27.3979271296 27.4450128314 27.9974500916 27.0353923636 27.7814188845 56.1661066617 28.1599964015 56.1661066617 27.2583890681 27.0374112619 48.2035457138 56.9733478821 56.9733478821 40.3278542689 67.9479187147 67.9479187147
27.4247386242 27.7038442065 27.1836912123 28.218571551 28.2728022121 27.6070239626 28.1035779592 27.5708889228 28.2457512004 27.2944371593 70.87280759 28.0991094367 71.6791300438 27.3326348608 27.3864221358 27.1458699395 27.9695260116 28.120001086 27.721233758 27.3888196127 63.8527074484 63.8527074484 28.3922818946 28.3534735032 27.2045286865 27.1487076311 27.0266457822 27.1835879018 27.1026013637 27.4071762037 27.9512550639 28.1396157871 52.2388657114 52.2388657114 28.0045412121 27.3151662059 27.6960878571 27.1282731519 44.5797536977 49.1535744459 28.2718220876 27.3031718031 39.4209036816 51.1730308666 27.694486153 28.1879159001 28.3295892374 56.1661066617 27.8645435941 27.3052975871 27.2187472748 48.2035457138 56.9733478821 56.9733478821 47.964061325 27.2760137423 27.0322313772
27.3154268605 27.1939404549 27.5488224891 27.393683435 28.2233058809 27.0336205863 79.0479482393 27.3927003893 27.4040275322 70.87280759 70.87280759 70.87280759 27.4996754847 64.7915712352 27.1141784562 52.3348639215 44.6816924519 27.1933712005 27.086236416 27.4531901399 27.293604886 27.1012290921 27.7685113216 27.3475779903 27.5582999381 27.6798218075 27.9918221585 28.2607777759 27.5464696359 27.323456036 54.3192844706 52.2388657114 52.2388657114 52.2388657114 55.2654003855 68.0072142609 68.1387317628 28.1369335223 44.5797536977 27.2102465972 27.8045557234 39.4209036816 51.1730308666 51.1730308666 51.1730308666 28.3482914953 27.4011606445 27.3036165448 27.9607894584 27.7898361575 40.9831040779 27.4145681455 28.0217311558 27.4053009696 28.3979030297 28.0614478889 28.2186219867
27.9111610052 27.8373793489 28.2625455758 27.597610495 27.8415551729 27.2318395128 28.0288028713 27.3394128921 27.0731647205 70.87280759 70.87280759 28.306566699 71.6791300438 64.7915712352 52.3348639215 52.3348639215 44.6816924519 44.6816924519 56.3755827301 28.2243056086 59.506234689 57.2926157574 57.2926157574 27.3400833075 72.1160769634 72.3767162604 53.0086851339 53.0086851339 47.4151986195 54.3192844706 54.3192844706 47.0876642867 27.8210995493 27.0313822391 55.2654003855 68.0072142609 68.0072142609 44.5797536977 44.5797536977 49.1535744459 27.9791626796 39.4209036816 39.4209036816 51.1730308666 27.5334825174 27.3646028736 27.3480581567 27.4429903414 59.1117751516 28.1417633694 28.2065955253 27.9009402174 27.5691317726 27.0669360532 27.2995576937 27.079164086 27.1777850378
27.4727981289 28.1387356574 27.634146309 27.0845903557 27.4373531532 27.0611086326 28.201456046 27.6640998613 27.6815397262 27.2784702238 27.4814437162 28.2735246921 28.2215870813 27.5421942348 52.3348639215 52.3348639215 44.6816924519 44.6816924519 56.3755827301 59.506234689 59.506234689 57.2926157574 57.2926157574 72.1160769634 72.1160769634 72.1160769634 27.1843451518 53.0086851339 27.7120429909 54.3192844706 54.3192844706 27.6497082743 40.0136052377 27.9298834492 27.3728489853 68.0072142609 27.0624466864 27.5443214483 27.626348112 27.530067568 43.5671783509 27.3546375136 27.1494801297 27.2910393144 27.4804190884 27.0625913045 36.6089564591 36.6089564591 36.6089564591 28.08269954 28.0338155524 27.1413732509 27.4197450953 27.0109163182 27.4539074405 27.1315823513 27.8033472339
27.4878346008 27.37096042 27.9636372545 27.4349734745 27.7151741277 27.3334462547 28.2229876644 28.0927182963 27.1644794403 28.3464329239 27.6097432866 27.9693234894 28.0551075083 27.2808317636 28.1279333349 27.96404078 27.7380753267 56.3755827301 50.2373893628 59.506234689 59.506234689 39.8833031781 57.2926157574 63.1111129031 72.1160769634 39.308874166 65.8384622734 59.8277137992 28.2890887106 47.4151986195 54.3192844706 28.1749160198 40.0136052377 27.4268852746 27.6977533433 28.3755229125 27.5964416949 27.1449417349 27.9255834946 28.3569433911 28.0692966586 27.2949590213 27.6305572934 27.4944649288 27.3894731405 28.2000785757 27.4824335014 36.6089564591 36.6089564591 27.1820182466 27.5328437181 28.0237730304 27.4884339118 28.0326539032 27.837964509 27.642102314 28.3822024922
28.0205245498 27.1648116791 27.4010604054 27.5429399833 27.0834374405 27.0274483654 27.6352274859 27.2999170158 27.5441697422 27.9253616108 27.1279450542 27.8352085649 27.6332754873 27.1998423173 28.1144443629 28.3626916491 27.48602416 28.1110480398 27.3893557551 41.6873866682 41.6873866682 41.6873866682 27.6731122772 27.8876631002 39.308874166 39.308874166 39.308874166 27.1981680918 27.2459801242 27.1357793154 27.161399223 27.7024065164 28.3172915454 67.9550231404 27.5330220423 27.5430698167 27.8509915136 27.9675089183 27.5129206823 27.9511086014 28.1552202936 28.1584416626 28.3343222246 27.4967037119 28.3427550101 27.5026936035 27.7558395939 27.0352879863 74.4069101582 27.5628816272 27.6861212273 28.2009353779 27.8040920429 27.8429592964 27.2481466684 28.286850705 27.7246638285
27.6411845981 27.3263691918 27.4249811414 27.3387780658 27.8644056968 28.0755390566 27.3257842076 28.0743113369 28.1866995737 27.2289758909 27.4105683571 27.5704254261 27.3897840509 28.3935383346 27.7030761243 27.4870234412 28.300632413 27.5565165513 27.9532184899 27.0648535819 27.0092026073 27.2686140266 28.389128185 28.3453664284 28.1249145296 39.308874166 27.9557353522 27.0421987483 28.0118257721 27.3488733238 27.0084465165 27.2570086555 28.2237336579 27.1005938627 27.1044264159 28.1013495582 28.0571044166 27.4971469625 28.0495984895 28.3206645722 27.7611297117 27.7974330393 27.4448349005 54.0481936455 28.3916594711 46.8015539861 27.1636182216 48.4314406742 28.1172232991 60.8138468509 27.5182936621 28.084113114 27.4441254713 27.9203598454 27.4893061537 28.2663902053 27.2133381783
27.0174164473 27.0572494015 27.6553404345 28.2897124821 27.7464510649 27.8635052118 27.3704020729 55.3578856924 27.7903976408 28.0672021055 28.1289498854 28.1699085637 28.1460811903 27.0597138826 27.7938018602 28.0299037676 28.2872095958 27.223093056 27.2330581352 59.7405876802 28.3502497567 28.3814666162 28.2411721452 27.0177215371 53.4790870812 28.2248025004 27.9389589646 27.6051819046 27.9076407617 28.3522321948 27.9417992241 28.1830712293 27.9236669468 47.1169223852 27.4156274152 28.116730716 27.594019563 62.486882418 55.4702614125 46.5940256299 46.5940256299 40.301148126 48.338446106 54.0481936455 27.0032241989 46.8015539861 46.8015539861 48.4314406742 48.4314406742 60.8138468509 60.8138468509 60.8138468509 27.9696581012 27.5524242192 27.3800238468 27.5729612012 27.0307360449
27.1063475665 47.9529610604 28.2807309065 28.2076539532 27.529188441 27.5446864757 27.3213040351 27.5378910897 55.3578856924 27.5360624282 74.0616444564 27.7984175594 27.1172215044 28.1521493819 28.3794529854 27.270225581 27.8557046918 27.9141939717 50.3857376345 27.4922562677 27.5163575097 27.2747119885 27.6415392224 27.7554504363 27.0270260198 27.2887112825 27.2406373442 27.1538878043 28.4068208312 27.1210224359 28.2395823368 27.2466393955 27.2206090218 28.1343837244 27.6241075615 27.2956045042 62.486882418 28.2546321661 27.6870292564 46.5940256299 46.5940256299 48.338446106 48.338446106 48.338446106 54.0481936455 46.8015539861 46.8015539861 48.4314406742 48.4314406742 60.8138468509 60.8138468509 27.2024630957 47.7104716815 28.2048497269 28.2996986029 27.9644607055 27.7498205505
27.2436976867 27.3754203227 28.20722574 28.1612786832 28.1779777343 27.181658696 27.3492168192 55.3578856924 55.3578856924 28.3883778115 27.9829571198 74.0616444564 27.5358741073 27.4352250802 27.8128929075 27.1554327539 27.8907492775 50.3857376345 28.2708275128 27.4890976902 27.0469776545 28.2515803963 28.0949950791 28.1127152805 27.6353319437 28.3149559737 27.1688727946 27.7207147428 27.7585556701 28.098495654 28.2476117993 27.222138967 27.5588971622 27.2074296511 47.1461292998 27.1098617013 27.827343207 62.486882418 27.2000063276 27.4756122409 46.5940256299 40.301148126 48.338446106 28.3225119825 27.3475513618 46.8015539861 27.2548328798 48.4314406742 48.4641083023 27.6106657639 28.1379487049 27.0113393676 27.7738686081 27.1447596891 27.1281042113 27.8501568616 28.1776983874
27.2864018921 27.7153338441 27.9375245595 27.6827480503 28.2077049165 27.6534649283 27.9146883722 27.4955559393 28.0863947629 28.3501510168 74.0616444564 74.0616444564 27.6153097325 27.9840793419 27.9260956053 27.9410290791 73.1620272406 28.2151418148 27.7968550307 27.5678124826 28.0565761922 27.2956339079 28.3560353683 27.4576120314 27.1186053578 28.1878299993 27.6213757663 27.6361659528 27.0135756452 27.9610400841 27.1384389271 27.2296133262 28.3444453685 27.9053408432 27.1063206876 27.9043080863 27.2366365323 27.7470907441 27.7635721762 28.286267486 27.1421211799 28.1390911159 28.2452179688 28.2393835925 28.3714627331 27.0699847941 27.6757075262 48.4641083023 48.4641083023 48.4641083023 28.3365415666 28.3257147424 27.4907647081 28.3985311161 28.1284191347 27.0111294316 28.0560802987
27.41810129 28.0502011732 27.2935960688 28.3575034113 27.7149299228 27.1258191888 28.1305386565 27.4208332374 28.1712080149 27.2611813824 27.7192178316 27.4293769602 28.3087807085 27.1265638383 27.9525795443 28.3896486267 28.2539298888 27.480558809 28.3187676351 27.1879241293 28.0247936887 28.0107636717 27.2634232021 27.5339533384 28.3530774899 28.1772995046 27.4362099614 27.9217741744 28.0629712718 27.2301381371 27.8331647692 27.8836972331 27.6468238196 28.2808507004 28.0226007777 27.1615662624 27.0039862937 27.7316898945 28.2915469057 27.1084717607 27.6166420965 27.6734215393 27.6640043384 27.9824335891 28.1135996898 27.9650251498 27.7029300458 27.4983295217 37.4809183494 27.787786219 27.8602833773 27.0378011162 27.6720900922 27.7120083755 28.3004995319 28.0090079998 27.6215755949
28.1945550012 27.3361591717 28.350759553 27.2989273557 27.3675176936 28.1514394834 27.1719185794 27.5213681814 28.0436204915 27.309154983 28.2429270977 28.1057707078 27.6800923686 28.2337285565 27.2250622502 28.2940914344 27.2473538535 28.2378156451 27.5868240931 27.7572378245 27.8647928749 27.9263743321 28.0590538283 27.7535398184 27.2541860934 27.578795123 27.1263002229 27.0626422934 28.1326728065 28.0741573439 28.024494076 27.2057821785 27.3556991378 56.3762120957 27.6165908199 28.3568042101 27.9042018227 28.0497071966 27.8770220256 27.2824599935 27.379304534 27.3921253592 27.5340889534 28.1555285615 27.4844278036 27.0782761281 28.3358862237 27.9781771355 49.597955956 28.1908188269 27.6478494936 27.0942477396 27.846552421 28.2452930907 28.0342483865 28.1316602765 27.4739570805
28.0712181414 27.8583848379 27.1586434098 27.6161833365 28.1591132884 28.0512271917 50.7796667524 27.0526576198 27.3717320036 27.8001170663 27.8358069085 27.8143843655 28.3981639129 27.3580865967 27.4651663248 27.7671865792 28.2321704251 27.1730048698 27.0319346971 27.6318044688 28.1385637929 28.3422588277 27.1783177364 55.8786576141 56.4505153988 56.4505153988 27.9427336841 27.9043704461 27.308827447 27.556193696 27.6784483545 28.2281646657 28.2946692013 56.3762120957 56.3762120957 56.3762120957 28.0611726319 27.4532274617 27.9812943638 27.0262854965 28.077212447 27.2703258289 27.6547308742 27.586995713 27.0272463497 28.3546778827 28.3602895803 28.2721504058 28.3351270048 27.4740283372 27.1960726698 28.4091034257 27.0907560679 28.4051505215 27.1115008957 27.3063092539 27.7044296969
28.2391936632 27.1532579582 27.0599099432 27.5950894077 28.2188145772 27.6641970461 50.7796667524 50.7796667524 28.4122684875 27.2080469571 28.1454667992 27.563353246 28.0886609257 28.1094163295 27.7469424267 27.6338945984 27.7353246079 27.2459509494 27.3195701581 27.4003682785 27.2774768522 27.9046381327 27.6021486968 55.8786576141 56.4505153988 56.4505153988 28.409154622 27.3831644329 28.0585445873 27.0718673041 27.2411939844 27.5440582837 27.5050700277 51.6529754623 51.6529754623 28.3984727079 27.9034840741 27.5061997661 27.2914292517 27.7169399872 27.3511199076 27.8787427591 27.7340506788 67.9927525468 27.2786585635 28.1138442468 27.6873380251 63.9331103587 63.9331103587 27.144138824 28.1389204013 27.6498589506 27.893832582 27.2792906866 27.6398295775 27.1479258238 27.3039707868
27.966526225 28.0902908048 27.8160729657 28.0431318368 27.0627434985 28.4046303478 27.7064768169 27.2991311344 27.3447486567 28.3761087233 28.0005365924 27.5248830409 27.9939168641 28.338505335 28.2795774767 27.6405130838 27.321551647 27.0208053676 28.1031000158 27.1689820073 27.1030974532 27.8871781416 27.2736114151 27.0363659861 55.8786576141 56.4505153988 27.8512446355 27.2202375227 27.1194384569 27.9404489713 27.968729084 27.2898599314 27.8545193239 51.6529754623 51.6529754623 27.5217581027 27.1932415656 27.7190971098 27.2116153961 27.1548408975 53.9680596445 27.007975613 67.9927525468 67.9927525468 28.1463416124 57.2826842696 63.9331103587 63.9331103587 63.9331103587 27.4373694328 27.792663637 27.2738428218 28.3732817103 27.6907543789 28.1938669702 28.3453630877 27.3720572016
43.6640659026 27.2247613689 27.6620997574 28.4063817334 27.754965575 27.5745004772 27.6853649507 27.0255179333 27.5047802124 27.5002683942 27.416386024 27.0145539642 27.236622216 28.1473332574 27.3289035197 27.1087858373 28.394729236 27.9712674913 27.7279869701 28.1031644203 28.3771722359 27.8449113895 27.6357518493 27.7660968389 27.6770722833 27.3692562236 27.9787795522 27.7045764613 27.6728460902 27.9416485817 28.2432325076 27.3712918897 27.7897466762 27.2423389785 53.9445838491 27.4517833309 27.0359594639 27.2974069753 27.6495487114 27.605193583 53.9680596445 28.1633449164 59.2697358285 67.9927525468 27.03477778 57.2826842696 27.0656170394 63.9331103587 63.9331103587 27.0317742769 27.6499676228 27.1438092194 27.7217455938 27.496366342 28.3055888991 27.7988569705 27.0830942274
27.1042454759 28.1779634267 27.6556618633 27.6698606175 27.2680648596 27.3658882638 27.2913914497 27.0880755758 27.6749670537 27.6808167375 27.3142953656 27.6189511921 27.1551618475 28.1719541177 27.8582256519 27.5145635623 27.9174937859 27.675826114 27.7848460877 28.2827964212 27.2985506582 27.5586743634 27.4387375768 27.7704287745 28.2483766507 27.660319937 27.8138485919 27.1671533871 28.104185454 28.1389923463 27.7897515597 27.7748866957 27.258382535 53.9445838491 53.9445838491 53.9445838491 28.4107060338 27.6727919321 28.2127717285 27.1128328123 28.3957039369 27.8030531299 28.1781302817 28.1660748757 28.3848855066 28.2850956607 28.2920647613 27.3717934461 27.45045108 27.4278587755 28.3666685982 28.1857551912 27.3427048065 27.8415894894 28.3256423363 27.6505385564 27.2018134497
27.674939367 28.0960445034 27.116129746 27.3797482351 46.5118797219 27.5734679774 46.5118797219 28.2732207872 27.0655857915 27.8622841155 27.3730140255 28.2360281056 28.0362417572 27.6915545572 27.5045059358 27.8066822736 28.3827883204 27.2401464855 27.3809138041 28.1410188481 27.9516359602 27.70920097 27.3388177516 27.4995218262 27.4667376641 27.9094631631 27.3667704929 27.6577698665 28.4067885719 27.0434225681 27.035801525 28.0892837794 28.0526531785 28.0195743399 53.9445838491 28.1974894079 28.1423435347 27.8118863662 27.0308722881 27.0396973537 27.0435253453 27.6079042638 27.8432128198 27.1163051473 27.5823790035 27.6785178706 28.4075930502 27.5399360468 53.348021922 27.3046737888 27.427232335 27.0270109967 27.3808897841 27.7910189072 27.9223506242 27.884617891 27.3796270577
27.6541363982 27.7151706457 76.6020647514 28.2949549316 27.1236730034 46.5118797219 27.4839268309 27.9292216671 28.336616464 28.2661957487 27.1712980012 28.0623479317 27.8013844433 27.2730314778 27.2795282903 27.7108169996 27.3739372739 27.2450599124 27.7156428884 27.80813742 27.4077753799 27.1662128537 27.1816061262 27.8042676996 64.83398237 27.7011899486 27.2097362564 28.39838469 27.2244854744 27.4839789142 28.3039886158 27.5236535514 27.5488299412 27.9826355633 60.9268495418 60.9268495418 27.7011010614 27.9431580434 27.1343882328 28.0454644913 27.9189262155 27.872801454 27.2775515946 27.6947419005 27.3501196573 27.8305776013 27.5380109893 27.9868631859 27.7842585101 53.348021922 27.8234394145 27.9782507705 27.3582142751 27.6583145897 49.1252256008 59.1884962672 59.1884962672
76.3662329016 27.1168232091 76.6020647514 28.2727215503 27.0983575256 27.9268503448 27.2861570137 27.3455647772 27.2754955855 27.9252634322 28.2737107261 27.7800971894 28.3585966971 27.3066124136 27.7568546413 28.3065995099 27.9082005946 27.0367833507 28.2654934068 27.2315698474 27.3012467122 27.5552445768 64.83398237 45.989777683 45.989777683 27.996698946 28.1237224622 28.2370282636 27.2891605837 27.5993568037 27.2910185321 27.1071429087 28.3246653717 63.5965129374 63.5965129374 63.5965129374 27.5478207682 28.0956353959 28.0199146476 27.129327289 27.1901265293 27.0115411894 28.3556705462 28.1991158133 27.1623747378 27.7975714423 27.2497198984 27.1646689547 27.4296925974 27.3087843573 27.7469058535 27.9432198762 27.0136091483 27.8718332963 49.1252256008 49.1252256008 59.1884962672
27.5734065039 27.4777361765 76.6020647514 27.6975006799 27.3750859969 27.6621278789 27.7328614712 27.7034584739 28.3711436817 28.2449643364 27.3161200901 27.3079791634 28.3216868923 27.9172311913 27.0561583416 28.1284051436 27.8312889626 27.0712375328 28.3317039291 27.4125806094 28.3723657125 27.8448916944 45.989777683 45.989777683 45.989777683 27.7849262625 27.3224449335 27.4813177883 28.1744749944 27.1108265982 28.2818306074 27.0139118554 27.6600648638 27.8363894726 63.5965129374 27.4698280576 28.2252140924 28.4111206296 27.8831333098 27.5808383018 27.0979784501 28.1049074777 27.2388475435 27.7325450726 28.3555464136 27.1810652411 27.9531414332 28.3346918028 28.3207289131 28.3465371162 27.3384858637 27.117194041 28.3744102476 27.6992569752 49.1252256008 49.1252256008 59.1884962672
27.59309446 27.3248797798 27.1626778595 27.2744232048 27.7218627346 28.029122254 27.0768590098 27.3965485197 27.1925504204 27.3919162309 28.3899019647 27.4819310125 27.1842313271 27.699382693 28.1040418349 27.8793096903 28.0226000327 27.6513575353 28.0535795943 28.3653939011 28.1442344744 27.6548054433 28.234469074 63.2767372215 63.2767372215 63.2767372215 27.3487287322 27.9322163744 27.5243461543 27.3613390146 27.1637909494 27.5492977505 27.2526991514 46.2163691032 46.2163691032 46.2163691032 28.3997891885 27.0886213208 27.8363884231 27.1622957787 27.0968779789 27.3546583064 27.1039736569 62.0291047619 27.8319511047 27.6437414864 28.253758354 28.3381245249 27.7324611602 52.6913296081 28.2301465142 28.0842426974 27.2263582077 28.409308703 27.8215791143 28.1806716966 27.8729215714
