Spatial_Output/BAU/BAU_1174.asc
NCOLS 155
NROWS 192
XLLCORNER 196307.867259
YLLCORNER 449144.565805
CELLSIZE 33.573938
NODATA_VALUE NaN
[rows 75 to 99 of 192, columns 0 to 55 of 155]
69.2314019752 45.4291857032 43.2357644943 43.2357644943 43.3590544435 43.3590544435 58.1193782535 58.1193782535 43.1493072925 43.1493072925 43.0017820988 54.4132794622 28.1264544764 27.5202036496 28.0272844838 28.0365526002 27.5395982222 27.6522047537 27.587751223 28.0157889878 27.6199365439 27.968076622 27.7612903457 27.9725443411 27.904792571 27.7524750799 27.7095997701 27.7322665511 56.8769783806 56.8769783806 56.8769783806 27.7736168025 27.87492646 27.5101696816 27.951540052 27.6696086485 67.8415772142 67.8415772142 67.8415772142 28.0841549791 62.2413799633 62.2413799633 65.5228164334 28.1589406484 27.5339365004 28.0756029814 28.1144619387 46.2460576226 46.2460576226 28.0798047158 27.9064855133 27.8582390158 27.9358388931 27.7927194178 27.9600712012 46.7470297139
0 45.4291857032 43.2357644943 43.2357644943 43.3590544435 43.3590544435 58.1193782535 43.1493072925 43.1493072925 43.0017820988 43.0017820988 43.2710678794 28.0875845076 27.7904962018 28.1508227529 27.8837604203 28.1383974734 27.934413547 27.527333141 27.5782900151 27.733504441 27.9054160531 27.598486141 27.8270237222 28.0105618709 27.5886118826 27.5748686694 62.5973222154 62.5973222154 62.5973222154 57.0692121379 28.0072938053 27.9943806474 27.8283494933 27.8895896232 27.6332404255 67.8415772142 67.8415772142 79.0782722754 28.0233289879 49.9554787084 65.5228164334 65.5228164334 65.5228164334 28.138251019 27.5857410697 27.6000247208 46.2460576226 46.2460576226 50.9035181152 28.0077150932 28.1136658191 27.5216493157 28.0327840518 27.7959482638 46.7470297139
0 0 68.9333533432 0 58.3068292644 43.7452679597 58.1193782535 44.7119450624 43.1493072925 59.9807727217 43.0017820988 55.2681097471 27.896234468 27.8031509702 27.5259584529 28.0057527457 27.5300154148 27.7869591353 28.1307148266 27.9281414125 27.51118747 28.1620042785 27.7475778484 28.0062538639 27.9876378045 27.8345964034 27.869963251 74.0861146342 45.6993144628 62.5973222154 62.7954634578 46.3429695494 46.3429695494 64.873773771 49.288007605 28.1415022034 28.1656520517 44.7590990393 44.7590990393 44.7590990393 27.946754864 62.7365610276 62.7365610276 39.3841429909 27.9081265361 27.7071782657 50.0066718669 50.0066718669 50.0066718669 50.0066718669 27.82938297 27.5712358065 28.0623502849 28.1232850882 27.5669395899 51.417089759
0 0 0 0 43.7452679597 43.7452679597 44.7119450624 50.2615269702 43.9272737416 43.6663901563 44.3688634245 43.4996787868 73.1104034245 27.5703575845 27.9659929628 27.5217169857 28.0037875669 27.6401708629 27.9027952692 28.1022395702 27.9586178859 27.9892545857 28.0574429706 27.5463539793 27.7729095081 27.6304452955 27.7359537929 45.6993144628 45.6993144628 45.6993144628 46.3429695494 46.3429695494 46.3429695494 64.873773771 64.873773771 63.209557802 61.8466016657 59.6538892381 59.6538892381 45.077511496 61.7469384862 62.7869349878 82.6129743676 52.4708005217 60.2930731294 58.1867774069 50.7804949803 48.8316527358 73.2177757378 53.632596254 53.632596254 50.8001947987 50.8001947987 58.9642733851 50.474678452 51.417089759
0 0 0 0 44.9185358791 43.7452679597 44.7119450624 50.2615269702 43.9272737416 43.6663901563 44.3688634245 43.4996787868 43.4996787868 27.9693448845 27.9421905077 27.5488591834 27.6578267504 28.1827811287 27.6369191229 27.9447319023 28.0379860525 28.1331265077 28.0521393257 27.6240274727 27.8884716605 28.1413731777 51.7977429987 44.2784826988 45.6993144628 45.6993144628 62.7954634578 38.6369783517 46.3429695494 64.873773771 64.873773771 63.209557802 61.8466016657 59.6538892381 45.077511496 45.077511496 45.077511496 62.7869349878 55.0045131485 48.9581758627 60.2930731294 60.2930731294 55.2310810551 73.2177757378 54.8948785484 54.8948785484 48.4364078425 50.8001947987 50.8001947987 50.8001947987 27.9899513218 28.0192989769
0 0 0 0 0 44.9185358791 0 0 60.3958482826 59.9807727217 52.498118026 62.365364434 52.8193304746 27.9959244422 27.5292901085 27.650856286 28.160668137 27.7815665492 27.6425032773 27.982710938 28.1707188831 27.7968628233 27.7285134814 28.1344686243 27.7414156969 61.9905603558 51.7977429987 44.2784826988 44.2784826988 45.3025768312 28.1301317808 27.5174802566 27.9124338867 27.7889001121 27.979768485 63.209557802 61.8466016657 75.4786731248 59.6538892381 45.077511496 62.7869349878 55.0045131485 55.0045131485 55.0045131485 60.2930731294 55.2310810551 55.2310810551 73.2177757378 54.8948785484 50.9732675657 50.9732675657 50.8001947987 50.8001947987 58.9642733851 50.474678452 27.8123980095
0 0 0 0 0 0 0 0 0 0 0 0 0 0 28.0777612336 27.8193741216 28.1980054981 27.979537379 27.7763112062 27.7207282984 27.667189571 27.5649433088 27.9418332648 27.7817805746 28.0799014405 61.9905603558 61.9905603558 51.7977429987 51.7977429987 40.7505005541 27.8756672122 27.5041966052 28.1735926063 28.0306562615 28.2024108702 27.9208743302 27.8306149776 75.4786731248 75.4786731248 27.6691694428 27.7282130177 55.0045131485 55.0045131485 55.0045131485 27.8479572589 27.5398885985 77.2862366536 67.8151101399 50.9732675657 50.9732675657 50.9732675657 28.1084655639 28.0815280431 27.8370886091 27.6155011326 28.0755690063
0 0 0 0 0 0 0 0 0 0 0 0 0 0 27.5594859655 27.7805829174 27.7575655117 28.0071066258 27.7506160537 27.5577545918 27.902021672 28.1692187767 27.7155062689 68.4209477997 46.8802948305 61.9905603558 61.9905603558 61.9905603558 28.0322708507 27.5919680555 28.0219485364 28.1289195959 27.8472308046 28.1649515059 28.1438953174 27.7861310304 28.0200322767 27.6428234137 27.6973664482 27.9616175544 27.6364339466 43.3227996467 28.091313757 27.7747214535 27.6101947702 27.7170690921 27.5869177197 67.8151101399 41.3907960226 50.2322329265 64.8874797038 28.1606134598 27.5713673149 27.8241208889 27.9449573047 27.6058953454
0 0 0 0 0 0 0 0 0 0 0 0 0 0 27.7954689665 27.8678624092 27.6206746581 27.6507163345 27.6202529594 27.9148753548 44.1013049772 43.8793251491 59.0032390858 59.0032390858 59.0032390858 46.8802948305 27.5186747313 27.55565723 27.8682022484 28.0346853233 28.1027806553 27.8910239652 27.8973728888 27.8596867966 27.6468961744 27.7217497839 27.7281221804 28.119176611 27.6980418116 28.057432686 28.0196421595 27.6734680464 43.3227996467 43.4380338822 27.5249647607 27.829889994 27.9790938851 41.3907960226 41.3907960226 41.3907960226 54.2059126082 28.0366784761 27.6602954618 28.1309113088 27.6362949755 27.9917575009
0 0 0 0 0 0 0 0 0 0 0 0 0 0 28.1557499838 27.9123039572 28.1232630068 28.0579382237 27.9307365535 49.1649804088 71.1372207715 71.1372207715 59.0032390858 59.0032390858 59.0032390858 46.8802948305 27.6747870577 28.0321042709 28.1072280555 27.6842764648 28.126232628 27.9403399105 27.9778214405 27.6394347077 27.7542053918 27.9326692817 28.1697282315 27.616610695 27.642213828 27.5096054222 27.836412035 28.028458134 27.8530679651 28.1125809845 27.6106330326 27.6751118672 27.9531916529 41.4983507712 41.4983507712 71.8735201181 71.8735201181 27.9361202228 28.2057679184 27.7048066701 27.5449169862 27.6517525101
0 0 0 0 0 0 0 0 0 0 0 0 0 0 27.6756358182 27.9244511023 27.5107481302 27.8027544373 50.6089341975 49.1649804088 71.1372207715 71.1372207715 46.3782502169 59.0032390858 59.0032390858 27.7572424123 27.9775141966 27.5362453496 27.9172432161 28.0888978559 27.5648590573 28.0390194439 28.1386943493 28.1875469618 27.5940292672 28.1949222081 27.641218674 28.1419324431 27.8778651426 27.5739990643 27.6029626236 28.1469321911 27.6245362152 27.9269360584 28.1172183135 27.7180163086 27.9368820613 41.4983507712 41.4983507712 41.4983507712 71.8735201181 27.6804417697 27.8733271557 27.7626401146 27.5065219363 27.5156747495
0 0 0 0 0 0 0 0 0 0 0 0 0 0 27.8604977082 28.1975442824 27.6431175668 46.7784014779 50.6089341975 50.6089341975 49.1649804088 27.6826255531 28.1788247828 28.0966060409 28.0769419716 28.0359354461 27.7604338921 27.6219820141 28.1744485682 27.6440013865 27.9766651007 27.6235876327 28.0404731227 28.159211802 27.8053023421 27.6604937238 27.7756032558 27.7061634414 27.9984713168 28.1284309392 27.8849505013 27.5822164291 27.9163732452 27.81370995 28.0959803522 27.8838606456 27.9214460992 39.6025250148 39.6025250148 39.6025250148 45.6726447161 27.7814684863 27.5604386775 27.9499411849 28.1820528455 27.8276016529
0 0 0 0 0 0 0 0 0 0 0 0 0 0 0 27.8223284471 50.8064616925 46.7784014779 46.7784014779 77.1367564821 27.7554424099 28.0633500403 28.0854994145 27.8959853909 27.5989172133 27.9504650415 27.7676671989 27.8346915852 28.0869690096 27.5477715963 27.9617509696 28.0311246745 27.9691214941 27.6559865665 27.5229271732 27.5942183868 28.0173088691 27.5982717439 27.9551893596 27.6580041463 27.9939144463 28.0242039084 27.5742627595 27.8833015354 27.5673416054 27.5919531664 27.9524232303 68.7362619109 44.1033837201 45.6726447161 45.6726447161 45.6726447161 27.5498730601 27.9552431679 27.9971514463 27.7879097803
0 0 0 0 0 0 0 0 0 0 0 0 0 0 0 46.5082470199 62.834869957 46.5082470199 46.7784014779 46.7784014779 27.520923845 27.6933126511 27.7708911277 27.8860804507 28.1684788262 27.790816494 27.8276932565 28.1409760627 27.873217533 28.1650880119 28.1764174101 27.8933920263 28.1265691928 27.9455845294 27.7992992172 27.902347944 27.5643364216 27.5361159695 27.8729911855 27.6752845348 27.9374255323 27.7222053326 28.1704559388 28.1965959547 27.7449409577 28.1944923162 27.5247621125 44.1033837201 44.1033837201 44.1033837201 47.5793973775 27.8341770317 28.1431454988 27.9215752865 27.7940516608 27.6399353619
0 0 0 0 0 0 0 0 0 0 0 0 0 55.2546119818 46.888587909 65.7521084516 76.2835592332 62.834869957 50.746709086 28.0149013393 28.0812798876 27.6664636347 27.7373539552 27.9161806754 27.9905478718 27.9731986861 27.7542029426 27.7580416146 27.706676355 27.7799357268 28.0555638315 27.9119288769 27.6770131559 27.6812000135 27.5721332724 27.5666974575 27.8719455869 27.8920433819 27.7352953792 27.6443061309 27.7406766712 27.925245886 27.8003859218 27.6475584988 27.5179069131 27.8074192282 27.7725094146 47.2277557187 47.5793973775 66.0632603409 66.0632603409 47.5793973775 28.0741130008 27.827242248 27.7318838929 28.1170405493
0 0 0 0 0 0 0 0 0 0 0 0 48.5092926222 55.6802572133 66.3162333227 76.2835592332 76.2835592332 46.5082470199 27.7920991396 27.7915191213 27.5768478187 27.6143117964 27.9549271261 28.0752120868 28.1085854271 27.8473435074 27.9975384977 28.0262534529 27.8987024188 28.0738005294 27.6466682595 27.9750859312 27.7984095297 27.9697318628 28.1344884544 27.5523594497 27.9514978034 27.6760897441 27.9511024116 27.559484957 27.6579534132 28.0473857008 28.1249904811 27.8622679043 28.1598479586 27.7899204657 27.5309719041 43.0318345969 43.0318345969 54.704973699 54.704973699 27.9949723521 28.0495738006 28.0018716163 27.8324677123 27.8638118529
0 0 0 0 0 0 0 0 0 0 0 53.0230016906 22.9357856242 48.5092926222 66.3162333227 66.3162333227 76.2835592332 0 0 28.0145030517 27.5516151426 28.1533155074 28.1244717463 27.8235471307 27.7581474113 27.946688148 28.1628003739 27.7116589359 27.618374411 28.1802113616 27.6598390937 27.5476129431 27.772109362 27.5397383565 27.7445614961 27.9651013428 28.0358162406 27.8252114266 27.5385204242 28.1617521792 27.6487718396 27.9118403037 27.6051616687 27.9577867714 27.6482264771 27.9048475323 27.9017280229 27.9068147742 54.704973699 54.704973699 54.704973699 27.6072064605 27.9621892377 28.0089038577 27.6248489948 27.7516110797
0 0 0 0 0 0 0 0 0 0 56.8006358188 32.9068527181 56.8726139433 48.5092926222 80.297005171 64.9496157999 0 0 0 28.1988108348 27.8036013362 27.8567888374 28.0701413139 28.1225278111 28.0841330785 27.5818972777 28.1481414678 27.6943354925 27.586438844 27.8168198896 27.8733562689 27.6750983395 27.5505426204 27.958467679 28.0299644981 27.8748741983 27.9976290781 28.1998906487 27.6800067673 27.7150517811 27.8955826086 27.927522979 28.1649251922 28.1150116499 27.6768123508 28.0032332177 27.5774161512 61.4514702718 28.0192214369 52.5710501571 52.5710501571 27.5009447209 28.1105061017 27.8571221725 27.9459312271 28.2026918898
0 0 0 0 0 0 0 0 0 50.1121363676 56.9109009515 32.9068527181 32.9068527181 56.8726139433 0 0 0 0 0 0 27.657561638 28.0613956448 27.9136808884 27.5336791139 27.7686770463 28.1495995948 27.8984924523 28.1393696677 27.9229550954 27.7473936609 27.9247920021 27.5973832164 27.6670258348 28.1290258795 27.6660434223 28.0176102657 27.7431925945 27.8609231334 27.5841006955 27.5910868086 27.7561119898 27.9560749811 27.8066981168 28.0218465693 28.0636706832 27.6766392446 27.7862815303 47.8348222746 61.6570173604 47.2285177041 47.2285177041 46.3196004453 27.9946446661 27.8586927547 28.0463244743 27.8590001446
0 0 0 0 0 0 0 0 56.8934725666 56.8934725666 32.9068527181 32.9068527181 32.9068527181 0 0 0 0 0 0 0 0 0 27.6787322739 28.0607306828 27.5177200935 27.7661164402 27.922430542 27.6460042982 27.586768082 27.8998045974 27.5635310584 28.0600323296 27.9154915652 27.6165980484 27.8602971758 27.7202854622 27.6626601465 27.8660159537 28.1175082033 28.0220595831 27.9173276599 27.7404619512 28.1158651603 28.1387282734 27.9409222581 27.7540235065 27.7917784826 61.771066062 58.2415931871 47.2285177041 47.2285177041 58.2415931871 28.023802898 27.973891519 28.0084559911 27.7716191881
0 0 0 0 0 0 0 47.6932804037 56.8934725666 56.8934725666 50.1121363676 50.1121363676 0 0 0 0 0 0 0 0 0 0 27.9956020352 27.541438972 27.9993865559 28.0066816615 27.6444843546 27.5823700039 28.0427453265 27.6491514783 27.9412995938 27.7894860145 28.1795873623 27.8167604901 27.7530478444 28.0200816434 27.5413584052 27.8336217177 27.6987635341 27.8616205532 27.8258411539 27.7112289118 28.0007134139 28.1830186938 27.8007477674 27.9863838026 27.7440265237 27.5068279539 55.1743535925 55.1743535925 55.5466463767 49.9543814055 27.7255561173 27.7235390995 27.7096445742 27.965429526
0 0 0 0 0 0 47.6932804037 47.6932804037 56.8934725666 56.8934725666 56.8934725666 0 0 0 0 0 0 0 56.5999185671 0 56.5999185671 28.1528919949 27.7287104061 27.5812225169 27.7781188583 27.8781112682 27.8388483045 27.7149569274 27.6399982364 27.7249142588 27.9948784266 28.0894388824 28.1099808813 28.1044087425 27.8144822163 27.777745402 45.3688896741 27.8252545641 27.5650333203 27.9868251825 28.0254740421 27.7258729745 49.9885569736 63.4312032698 28.0575159497 27.5230936195 27.5313155808 55.1743535925 55.1743535925 55.1743535925 55.5466463767 55.5466463767 58.784858504 27.8596551158 27.9529854227 49.8776968747
0 0 0 0 0 42.4616432375 47.6932804037 47.6932804037 47.6932804037 0 0 0 0 0 0 0 0 56.5999185671 56.5999185671 56.5999185671 27.8716842155 28.1521266267 27.8660695558 27.6223788413 28.1432099088 27.6629024535 27.764927328 27.8387337268 28.1076968285 27.821325023 28.1612911447 27.908017635 27.6404378651 28.1280167863 27.8729323516 40.78541695 40.78541695 45.3688896741 45.8145872216 73.7149861882 72.4488859879 48.2602457984 49.9885569736 63.4312032698 65.5801641588 50.1438140923 56.1145924327 56.1145924327 55.1743535925 42.6055190644 65.3858176317 57.4149297139 62.6721181773 54.7646007489 49.8776968747 49.8776968747
0 0 0 0 0 42.4616432375 42.4616432375 42.4616432375 47.6932804037 0 0 0 0 0 0 0 0 56.5999185671 56.5999185671 27.7261195699 27.912134032 27.680711708 27.7052140058 27.904050596 27.8427639352 27.5001750997 27.9971718932 28.0343912347 28.1823038556 27.8016106864 27.6917001923 28.1369495718 27.6554407982 40.3436481581 53.2944647204 40.78541695 40.78541695 45.3688896741 73.7149861882 73.7149861882 72.4488859879 72.4488859879 49.9885569736 63.4312032698 65.5801641588 65.5801641588 56.1145924327 56.1145924327 42.6055190644 42.6055190644 65.3858176317 57.4149297139 54.7646007489 54.7646007489 54.7646007489 49.8776968747
0 0 0 0 0 0 0 0 0 0 0 0 0 0 0 0 46.2433281802 46.2433281802 56.5999185671 47.1594175295 27.60989629 27.95699453 27.8446967204 27.5295164482 28.096571629 27.9280325273 27.8405637038 27.8098160818 28.0831502545 28.1392015869 27.94819457 28.0144895098 52.3272260299 52.3272260299 40.3436481581 53.2944647204 53.2944647204 27.9042060657 27.6270397798 73.7149861882 72.4488859879 27.7968920808 49.9885569736 63.4312032698 65.5801641588 50.1438140923 56.1145924327 56.9060885825 56.807231445 49.2844708101 44.9320686768 27.6641477779 58.784858504 74.8075266676 64.7741366442 49.8776968747
