Spatial_Output/BAU/BAU_0358.asc
NCOLS 155
NROWS 192
XLLCORNER 196769.923733
YLLCORNER 449719.875193
CELLSIZE 27.603701
NODATA_VALUE NaN
[rows 23 to 45 of 192, columns 0 to 52 of 155]
0 37.1388190702 37.269653718 37.0243555382 37.2850872885 36.8552855463 36.3935588643 37.0915040541 36.8064968574 36.6379666448 36.2876089419 36.5152024972 55.2012991903 48.0702974446 61.2203913578 66.9985164157 66.9985164157 66.9985164157 36.4036727276 36.6765583335 37.2230846547 37.3862927145 36.0385110088 36.6813601354 36.4262164084 36.0421335355 36.9255819178 36.2901253845 54.0889093055 36.1964561853 36.6797825094 36.8804067202 36.6925178407 37.2065175804 36.6232428799 37.3433520291 36.6079456411 36.0153245608 36.432967013 36.6539796099 36.9340305927 37.2478996091 36.7592782563 36.4051441956 36.0762922163 36.8219728635 37.1321289467 36.523741469 36.8797882642 36.8812071069 36.084309788 36.1771899641 37.3994163144
36.5867557192 37.0288731854 36.8680434404 36.3847925024 37.2676297401 37.3504308355 36.7689895881 36.3642897642 37.0423670418 36.5623107995 36.7433812212 37.0823410906 37.1093917472 37.0841228921 61.2203913578 68.3900792545 66.9985164157 64.5000874408 36.5496992729 36.4974768063 37.2263942111 36.0016002742 36.2452305322 36.2249916104 37.2083432339 36.1825554171 58.7257907128 54.229314546 36.7916218338 36.4526267381 37.0938800717 36.5709744315 36.284021489 36.1905798257 37.0713862097 36.4449753624 37.1323794579 36.6439629492 37.1415606367 36.3443000506 36.3377082434 36.8056718663 37.1227361245 36.0486212806 36.6753192713 36.1134676986 36.765489738 36.5505774328 37.3551872242 36.3146223631 37.1201983733 36.2348604843 37.2085219065
36.1305288586 36.979179495 36.4527049032 37.2287541843 36.8816100127 37.2133946639 37.0838778305 36.6972344389 37.3703417232 36.1446123502 36.5454586212 36.6845192647 37.2702433857 36.0882523123 37.1179490489 37.3631630703 37.2081897338 51.2211455319 51.2211455319 51.2211455319 36.0408267128 37.37631637 37.059340378 37.4078663295 36.9467776167 36.3391711921 36.6216448399 54.229314546 51.9236527183 54.229314546 37.2043432031 37.3818378462 37.1220047493 36.0864902638 36.5149068708 37.0286016581 36.1833774906 36.736473286 36.9940604547 36.3020004895 36.186229107 37.0005309725 36.4389896114 36.8444085362 36.8084069158 36.2727526537 36.5242693709 36.8049874143 36.6603938829 36.5502914652 37.1180173991 36.3330917183 37.0832157109
37.1815854739 36.8369300554 36.3389100518 37.2871449675 36.0081926823 36.326325225 36.0046220951 36.3549205525 36.3913768428 37.2334092178 36.1511242633 36.5224327402 36.9252283083 37.0425887184 36.7152960738 36.8362333179 36.7557056229 51.2211455319 51.2211455319 87.9376878336 37.3629910619 36.8306545777 36.8242253604 36.5044689632 36.9281282711 36.8260272585 36.729995727 51.9236527183 51.9236527183 51.9236527183 53.2865544409 37.3606741031 37.2090963669 36.1146226805 36.9629445618 36.7374599587 36.5671514665 36.4102049208 36.1884959119 37.0965979361 36.8724984779 36.6113688833 36.0522270595 37.1306089345 36.6067906844 36.9802544281 36.7652881727 37.3562261849 36.3061330488 36.0141978162 36.8431965026 36.9436959162 36.9382327505
36.326352639 37.0133478158 36.6942882803 37.2276395135 36.4987127318 37.2661783227 36.9319264252 37.4097893922 37.3713865264 36.5490455083 36.2482920497 37.3719420208 36.805774316 36.4760682487 37.0170769808 36.9929072302 36.8552003043 36.6746641866 65.3572895842 65.3572895842 65.3572895842 37.3495092828 36.3490869367 36.2677414156 36.7696626409 36.2439307026 36.5501647593 51.9236527183 51.9236527183 53.2865544409 55.3817151609 55.3817151609 37.327092784 36.405136739 36.5291565564 36.7359230286 37.152783351 36.7559057919 37.0557931382 37.2182747666 36.6820198252 37.2206396463 37.2027795542 36.9387114952 36.5427156961 36.9984709773 36.351660254 36.8475247166 36.8292358608 36.1105738899 37.0220287658 36.8542986845 37.272468454
37.2510205226 36.747220798 36.8991083858 36.4470607728 36.3771324634 37.1205185319 37.0696464008 37.3584460094 37.330370437 37.0842313587 36.4035534739 36.9659035101 36.7605447087 37.2428565079 36.9862778103 36.5509165779 36.059573366 36.9578624839 65.3572895842 65.3572895842 46.9028212891 37.0453155329 37.0681610058 37.2195040258 37.1055340918 37.1205351278 37.2109451514 37.1217089966 37.2923685364 55.3817151609 67.0307499997 63.1392860305 57.1134465482 36.0269494711 36.9306977765 36.1799224339 36.5986116927 37.1616158062 36.7008723316 37.0458156945 36.5067936886 36.437151996 36.3189097393 36.132589737 36.3195080511 36.9125490946 36.2957253452 37.3562132416 36.2955305722 36.419566137 36.279514485 36.0757311518 37.2006377184
36.0469156582 36.926003889 37.0456258366 36.6732424615 36.5724062194 37.1904857352 36.9202224037 36.5460106846 37.3891065518 37.1117295921 37.142202744 36.5119852585 37.2821328245 36.7886086204 36.134652299 37.0695605409 36.3075698117 36.0596698025 46.9028212891 65.3572895842 52.6154580201 37.0236186312 36.6254676479 36.3777275396 36.2813729113 37.015499536 37.2985886471 37.0428336385 36.7416897309 37.1493975271 67.0307499997 67.0307499997 67.0307499997 36.6833299652 37.0995787461 36.8309286518 36.4705435957 36.8712787212 36.0468753164 37.3540370333 37.2906615749 37.0211421829 36.8801037752 37.027833149 36.7639285169 36.8950711305 36.3224152388 36.2174636679 36.5520395666 36.7874040537 36.7463825007 36.694082447 36.6127050749
36.9147088777 36.1396417576 36.8276969387 37.3960568713 37.1410079351 37.2638318945 36.4004693625 36.8509939581 36.0812704827 36.0335768733 36.1066514082 36.1778053988 36.4110326754 36.1412032387 36.6347612609 37.2450487831 36.7160440584 37.3078940884 52.6154580201 52.6154580201 36.9835937554 36.1100991887 37.0580618886 36.3766859217 37.3491359313 36.9905888548 36.7365830045 37.1399681025 37.1483793409 53.7375703823 67.0307499997 67.0307499997 43.7369459005 36.2524397552 36.2718410856 37.1666031764 37.246153003 36.2599141109 36.6902906386 36.4509130071 36.2057886765 37.1432669309 36.1334082229 37.3165244119 36.4890367775 36.0918270929 36.773943794 36.789032094 37.3731953911 36.6531651477 37.1386197567 37.0596555716 36.2186996737
36.0509911173 36.2676155237 36.8126424836 36.4986354761 36.3083117914 36.8969528994 37.3350537041 37.2468536414 36.5335346894 37.3945629024 36.0674080425 37.3578892047 37.1581861891 36.4989702491 36.0221490266 37.3509453883 36.3511852286 36.8203011144 36.9720144558 37.3143168113 36.8369016469 36.6123367422 36.0061302026 36.9921058444 36.092672533 37.1912572159 36.0750652088 36.8240766056 37.1291928957 37.0514658565 73.1624087214 73.1624087214 36.4372735419 36.6585510401 37.2391694479 37.4078776754 36.890683816 36.5737343418 36.3577403162 36.3490562659 37.1383216083 36.521590534 37.2558806615 37.1226044237 36.9188978084 37.1973240567 36.4343621135 37.3401931728 36.1169910296 36.9791760489 36.252544652 36.7298787906 36.2541412916
36.1759097129 36.2249156766 37.2464888722 36.9054409047 36.7091782074 36.8786620576 36.4351483934 37.0795040183 36.9690091775 36.5276488866 37.1938056227 36.1538696167 36.8666452457 37.1383394176 36.6208816203 36.6479478215 37.2135584231 36.5158877114 36.344871251 37.3356675773 36.7223954542 36.7641370416 36.6468129384 36.5471324818 36.6845400189 36.0927918601 36.7093630143 36.2993885295 37.1816847696 58.7959610382 73.1624087214 73.1624087214 37.1010162151 37.1147558834 37.1109029726 36.3659010768 37.0740563446 36.4366228906 36.8606590408 37.2575422585 37.0070879196 36.091199661 37.1280878085 36.7247756083 36.4967914406 36.0154399468 36.8208311545 36.0611180754 36.4719900413 37.1265856089 37.3588181182 36.9169584651 36.6073145252
36.9514892507 37.247007794 37.1939433634 37.3143518721 37.2010600319 36.5641904733 36.8619814083 36.3032757111 36.2337523519 36.0191811366 36.0223650257 37.3998991819 36.8217409078 36.5409477264 36.3206006143 37.3096845136 36.9057428221 37.1840352378 36.8493363921 36.1251649782 37.3069878278 36.8390111984 36.8405940859 36.3419567057 37.1868572957 37.2054841718 37.0170558916 36.1403458643 36.7762419174 69.9257031401 69.9257031401 69.9257031401 37.0975908468 36.8454476793 36.2194859433 37.0619787864 36.1612967477 36.9537263224 37.0620500134 36.2053853094 36.622519738 36.3115625242 37.3216472667 36.8502904461 36.6477008997 36.51842439 36.1799272798 36.8730631988 36.0782106374 37.2637104899 36.3158155099 36.0860541209 36.2006872777
36.9179252348 36.0603180636 37.1993991007 36.2142558184 36.9775969577 36.9254040403 36.8408095044 36.5542997343 37.0525390609 36.0080465415 37.245501556 37.1411246715 36.422556516 36.2658369444 36.1717917377 36.5279816569 36.0646338829 37.1850134202 37.1430872584 36.2613387192 36.9679443345 36.0738797702 36.3057964909 36.3958843867 36.224583443 36.4344290742 37.3385065685 37.037226644 36.1339133994 69.9257031401 69.9257031401 49.7539770161 37.1842873696 36.5791807994 36.7247333895 36.4484014093 36.3751876678 36.9905354332 36.6205172504 37.19510555 36.6187931225 36.7669413316 37.1667539767 37.0552494629 36.9629083527 37.1221367515 37.1980170594 36.0336583458 36.7302484558 36.1548557809 36.8133512011 36.0846954742 36.2515793671
37.1336923697 36.0723301962 37.3163316054 37.1130177422 36.7814889763 36.6757405388 36.2350254133 37.0237253529 36.1388010656 37.3782412437 36.3501477303 36.3374417414 36.8082717994 36.865840576 36.7313538189 36.654024469 36.6643314372 37.3033674849 36.1709475909 36.3510779326 86.2545202146 86.2545202146 86.2545202146 36.7099365262 37.1403487433 36.3451437736 37.3696527656 36.4148989576 37.1007220367 49.7539770161 52.4381356668 52.4381356668 37.3448462893 36.0704272013 37.0458842312 36.3221794139 36.8161664326 36.2039393373 36.1914039371 36.2263571055 36.927672275 37.2633082695 36.4567010899 36.7875204175 36.6187609835 36.8269817134 36.0058039408 37.1381108296 37.2011130923 37.292368008 36.868855572 36.4267852482 36.080489487
37.1729620422 37.1126939665 36.0716998488 37.0573314509 36.5178056275 36.5394586962 36.85115759 36.1314491749 36.0345076412 36.6375971651 36.6749963395 36.949127045 36.4208967973 36.3944997016 36.0326036051 36.4934582673 36.8025504949 36.9558742464 37.0515355687 36.6611044799 48.5886207474 48.5886207474 48.5886207474 37.2239699137 36.5311540733 37.154114275 36.9464216393 36.1801797096 37.3307279214 51.1554507633 51.1554507633 51.1554507633 52.4381356668 36.9809814322 37.2202734114 37.3131131879 36.9741887696 37.3417376685 36.7100472236 36.2947814654 36.8593900375 36.4893074526 36.9831103128 36.0208587579 36.6953748938 37.1946559896 36.5892051423 37.2822184854 36.2290628005 37.3294437647 37.1397098622 36.8124263157 36.6396410466
36.3640649566 37.1912867068 36.3604232813 36.2708065503 37.2193632659 36.0123304075 36.4047259993 36.6634811827 37.327404787 36.259988253 36.7491295559 36.5865635204 36.0416140717 37.0595312642 37.2094992418 36.486579932 37.2070818183 36.2243686955 37.2243926767 37.4111538271 51.8018441275 56.7983402483 56.7983402483 36.9778718381 36.0076708718 37.1156080532 49.1668513595 36.062467247 79.4647436878 51.1554507633 51.1554507633 51.1554507633 36.1803589557 36.6008778963 37.0251001572 36.6901753705 36.3302214289 36.2161673962 37.1131697008 36.7750948052 37.1629978914 36.4323320337 37.0253307867 36.6160706184 36.1542786839 36.2695571714 36.8919885516 36.4493914699 36.7953104012 36.3029661398 36.249301132 36.7878757993 37.3967764003
36.0875912831 37.1673066879 36.2646452526 37.2888448012 37.1401336165 37.2132816025 36.9232824741 37.1300284513 36.5753495606 37.3511918225 36.3706015814 37.3278708041 36.8864379079 36.8111284602 36.8062511631 36.1294851955 36.0511178334 36.1159684967 36.2778572392 37.0218466344 71.2167971846 71.2167971846 71.2167971846 64.7060341903 37.0592088394 58.1570726105 49.1668513595 49.1668513595 79.4647436878 79.4647436878 51.5938668253 51.5938668253 36.7195790626 36.6296535952 36.8361325077 36.6443110681 36.5821416048 36.0273334289 36.2937778517 36.4437426703 36.5734362726 36.1039585183 36.4639004996 37.3469308888 37.2270425534 36.3034479547 36.5332121272 36.7311691316 37.0555500074 37.1724158219 37.4013659577 36.5058445155 36.0553186958
36.2666934079 36.5943085743 36.5523549928 37.1067463062 36.8224545584 37.0944938758 36.3071959749 37.2940470971 36.1904483923 36.2928106001 37.2448386343 36.8223488382 36.7459598228 37.2875493364 37.2747549601 36.0731866949 36.4372760346 36.5816646221 36.3013185297 37.4059206974 36.2456318016 71.2167971846 76.7027741609 64.7060341903 58.1570726105 37.2711116514 49.1668513595 36.7287584988 79.4647436878 66.0788704731 51.1424913013 36.9352757143 36.2418521395 36.4641364315 36.0979273013 37.0033986574 36.3165816424 36.3720383041 36.756834423 36.3865225718 36.8966974026 36.2518802771 36.589649622 36.2439358795 36.3678043544 37.3043425611 36.6931060891 36.3985925999 36.941700989 36.793509465 36.9264443803 36.4974502394 36.888349181
37.2829431402 36.0028769495 36.7214365257 36.6298175142 36.9268491594 37.3856402452 37.1480999809 37.0642213924 36.1615471813 36.0660863358 36.6726845309 36.6867176352 36.2818490341 37.0949717601 36.0477500992 36.4348091491 36.5823739526 37.3108440104 36.2494188323 36.3712555382 76.7027741609 76.7027741609 76.7027741609 36.3593294414 37.1547794051 36.4790905765 36.0263989797 36.5439503623 37.0336161729 37.0457931004 36.0335034464 36.1717293001 37.3887982287 36.2590737269 37.3987369322 37.2271311846 37.3545945844 37.3093582544 36.721837257 37.3310351344 36.4288905257 36.4138381975 36.8575494492 36.0505935359 37.0887373647 36.0840262198 36.638022833 36.5891760413 36.4195105093 36.3794080174 37.0280046701 36.3393737068 37.088178983
36.4479121639 36.1089239784 36.997915343 37.266405543 37.2664019397 36.6065365202 36.1528607579 36.2291442602 36.0306355472 37.1221081264 36.8462858799 36.4615131315 36.0202325694 36.642207506 36.333807003 36.1310476598 36.5677356928 36.5986060135 36.0922854453 37.3317504765 36.0885635228 54.7984152345 54.7984152345 54.7984152345 36.5022837521 36.7697713934 37.2383494868 36.6830806141 36.5700368793 36.0161460411 36.7515222352 37.2280723823 36.6026642887 36.6277508143 36.9430424031 36.1066637883 36.4605711373 37.1397347235 36.0464291284 36.953518508 36.0860463563 37.1560810986 36.1429653856 37.2284698682 36.2617386995 37.1570481324 36.3181952643 36.46059837 36.8045522193 36.4843016181 37.3200323938 36.861963975 58.1278362147
37.1184464742 36.1778698283 37.4062609288 36.5006707395 36.5621314956 36.9565948296 37.2152344263 37.2215629755 37.3721148112 36.224748649 36.1826151741 36.6439818341 36.8878854684 37.4045534487 36.0635934372 37.1638062224 37.1505386366 36.9942347139 48.5908955801 36.0343428709 80.926904125 54.7984152345 36.4345213054 54.5387249472 36.1388499157 71.925362611 37.3029925423 36.0749683082 36.3273220318 61.8323510075 37.3509429427 36.8868765693 36.4972149406 36.3880971771 37.0384125106 36.5985103116 36.8904461288 36.6848101934 62.3481851907 52.6431516749 37.2183614782 47.0509283363 52.977972588 51.5740180706 36.4677676237 37.4072120406 36.9589794599 36.2001419786 37.3494422041 36.6639695292 37.0332730086 36.8028719492 36.8185976262
36.3528391801 37.4122051406 36.7318184556 36.767828514 36.9674058544 36.7583272261 37.1644233664 36.2504291519 36.2232634333 36.3957947599 36.4901653752 36.5310741933 37.1067110861 36.710178863 36.7603924436 36.0998367299 36.2350092667 48.5908955801 37.2583736134 60.0766441649 60.0766441649 60.0766441649 54.5387249472 54.5387249472 54.5387249472 71.925362611 71.925362611 36.1876441855 36.903350644 36.9817342087 36.518808991 37.3689518251 36.6927841404 54.9145696461 37.3181314915 63.1042861234 55.7049718201 36.5484553181 63.5588700084 52.6431516749 52.6431516749 36.8479527325 51.5740180706 51.5740180706 36.3777636674 52.7988558951 55.4726273585 55.9563836832 37.2954742962 36.9372552669 37.2493370768 36.5341019919 36.1880006904
37.2501208069 36.668725244 36.6352383671 37.1538237947 36.4747374315 36.8084048636 36.8284352209 36.3718153838 37.1438473115 36.6061850561 36.414159285 36.5575993084 36.4912741358 37.1097360345 36.2240811367 36.2860057508 36.9888330252 36.8655643103 37.0122807272 36.7381563369 60.0766441649 55.478068252 54.5387249472 54.5387249472 36.3421092362 71.925362611 71.925362611 36.0580140353 36.8962923487 61.8323510075 36.6726300459 36.2145907378 37.3588114279 65.3390610031 36.9562714125 63.1042861234 63.1042861234 55.7049718201 62.6560228028 52.6431516749 52.6431516749 47.0509283363 52.977972588 51.5740180706 36.4173285111 52.7988558951 55.4726273585 55.4726273585 36.4041641477 62.7539395029 62.7539395029 36.9351091576 36.4588154463
36.2520799835 37.338669163 37.3973424864 36.3178232505 37.3847390722 37.060289264 36.9585460281 36.1707319061 36.4263235231 36.288097494 36.213089869 71.5756294288 71.5756294288 36.6072663554 36.8332721773 37.1871258423 36.6748548771 37.41356446 36.6274540586 36.5222421336 36.1859718868 55.478068252 55.478068252 55.478068252 36.3969410816 36.9911147156 36.6846486164 36.1018230104 36.8172378616 37.3886515609 36.8653386318 37.2601702428 36.3870108497 65.3390610031 36.1397173621 63.1042861234 63.1042861234 62.6560228028 36.2528902286 36.5603072028 36.8562952947 36.1156760963 37.0826606264 36.9686711059 36.9720701819 52.7988558951 55.4726273585 53.4652791812 37.0419767289 62.7539395029 62.7539395029 61.5484254735 61.5484254735
