Spatial_Output/BAU/BAU_0613.asc
NCOLS 155
NROWS 192
XLLCORNER 196769.923733
YLLCORNER 449719.875193
CELLSIZE 27.603701
NODATA_VALUE NaN
[rows 46 to 68 of 192, columns 0 to 52 of 155]
27.3676453661 28.1376994028 28.0121546615 25.257342181 25.2359155022 25.8618771615 28.997207039 26.1943624984 26.3580140193 26.3616260934 27.8416904924 28.1992485127 25.1875857142 26.2562052959 24.7742552477 28.5972286586 25.7277048154 26.1907230206 27.227070214 24.83451212 28.4698076813 47.1434160184 26.4305450164 28.9324929226 29.1857710068 28.3097032049 28.9438079229 27.038651081 28.6592274153 27.0205850206 26.6832801746 53.6280139598 54.5778165366 54.5778165366 29.198895546 25.6951675629 27.4226215855 24.9269533658 29.0670536054 27.2985702713 25.1482959624 25.1474932761 27.4881781367 26.4482364337 29.4098432647 27.0208166069 27.6966445706 25.2354553948 65.2119408113 26.2500394306 58.0558196533 24.8245619151 71.1079738008
26.3828284191 24.863560488 27.4890660375 26.9097579022 25.5230176837 27.8199439234 26.7648183816 26.2410505859 26.0736126516 25.3541301617 28.1422846816 27.5088544347 26.0695967488 27.0362931413 25.3998856189 29.1559261385 24.8930908125 25.0613602974 28.0880120028 29.2406413268 29.2476397475 25.0018447653 47.1434160184 47.198416518 25.2423226375 27.8327057417 29.275834017 27.1699704423 28.0879109438 25.1652290639 27.3300946063 24.5452033259 53.6280139598 28.3719496042 25.6498322918 27.9286006174 26.3876217446 27.752642355 29.0348209745 26.674708113 27.5593986463 26.1620209937 28.4615490065 26.2829115962 28.9623772247 25.4342722759 26.1436083818 28.9941771951 27.5904487127 26.3464476007 27.0171791219 26.1138953415 24.5071159276
28.998924248 25.2872067309 28.7703339595 27.6938170462 28.873127645 24.8839905726 25.7628303957 27.9839582209 26.0107262413 28.291184012 26.6192023772 25.5447338496 27.8543270873 50.8547557919 27.6920160215 28.9894104882 28.0545792653 28.0672503047 27.4264332494 28.4690760791 27.9942034858 27.8168214198 53.6464666501 53.6464666501 27.2647464072 24.5843121558 27.1490492708 29.4157258252 28.2435211255 28.1848378832 26.4592068816 27.6705117393 47.6704046224 47.6704046224 29.0445485287 27.9495108787 29.4155874897 29.1337118173 25.6355864506 25.3897062233 27.3083529609 28.2825461031 28.4868598591 28.9003155862 25.0080062324 26.4173570778 27.3306240299 27.3746726863 27.7961581618 27.4981485824 24.6806397572 28.4221012285 27.8815985651
26.894115016 28.3514107943 25.3251855859 28.6041390219 28.1377712003 28.613880685 25.7396235515 26.0112074597 28.9845861299 28.0340047755 27.8744758252 27.422126243 28.0930088238 59.9408818312 59.9408818312 28.3778904285 28.3855959755 28.3198527085 26.7407350147 27.9151917545 28.2247982144 53.6464666501 53.6464666501 53.6464666501 62.9508863772 26.5306836242 27.8630235122 25.9829266428 24.7372255857 24.7895900069 27.0464563546 84.7424006192 84.7424006192 84.7424006192 84.7424006192 26.6583468127 27.9827321909 28.8004325271 25.0905896046 26.8814605159 28.199147827 27.9678513623 29.3042141792 29.078732669 27.6326008159 29.2588958807 28.8341036656 25.2358024117 28.8110096453 24.5046523207 27.0391286301 27.1165973018 25.8677105883
28.4196637497 26.1180810841 27.9808965187 26.4467346503 24.7747179909 26.3518809085 28.7528464509 27.6358228347 28.0504162264 25.6871705395 25.3984348991 25.5738933609 59.9408818312 59.9408818312 59.9408818312 27.4464165462 25.2338178223 28.3943650124 27.8072089029 28.4056526327 27.2324292631 24.5766085029 28.0944230252 49.1608693252 27.7720015128 26.1992994706 27.3046733829 26.5647007135 28.5724906239 28.3843674416 27.2495613427 26.0874338352 84.7424006192 47.3487143315 28.8700696979 25.8326836735 29.1535987874 27.0036454579 25.9278443114 26.7071187034 24.9103419817 28.7491884596 28.7700039182 25.33365926 25.6856584092 28.5763220956 24.8081342325 29.2329217873 26.9525771205 26.0410654991 25.5471714005 24.9364009869 27.9014597765
27.3407665997 25.6517094892 27.9290028379 28.5812908354 25.3885694279 29.3584331914 24.8752222306 28.0684431383 27.935913151 27.5252502759 25.9518334018 28.9173854735 25.9521609318 49.2119259704 27.0933001717 28.6693017689 29.4352272355 26.3184600119 25.193465487 27.1114398508 24.8679626452 26.9115607768 27.4205678414 49.1608693252 49.1608693252 25.0694767307 53.886417565 67.5571160632 25.5354731642 68.6926292052 68.6926292052 51.6576502339 47.3487143315 47.3487143315 47.3487143315 28.8889339198 26.8570592971 26.588304874 28.2639771994 26.4524726842 27.7563207197 25.0276739829 25.0907814365 26.4593456576 26.1465247175 24.7024196915 28.5687341935 28.5874060173 27.3405808634 25.5786019636 28.4515322554 28.0802293025 49.1604703273
29.0197213508 29.1971580072 26.7733980519 29.1441528814 25.5490535905 27.1574745587 27.7927671775 24.8215164503 28.8669297033 25.7955433471 24.6698817013 27.7846110426 24.5822094458 28.7099589874 24.8477891369 28.2016570584 53.2230293495 75.3562825439 48.124500832 27.7211826401 28.9367448778 50.6874229083 52.1981793191 49.1608693252 49.1608693252 28.2584175014 53.886417565 53.886417565 53.886417565 68.6926292052 68.6926292052 51.6576502339 53.1281170019 47.3487143315 48.5191143247 26.429265174 27.7897841454 25.2457149663 27.4235728697 26.9751864096 25.7613609388 25.4120430938 29.1482079162 28.8431838471 26.3868997232 25.6997641932 28.2413318537 26.9981046064 27.0260469166 24.7230053039 28.268536121 28.4381371074 25.8922048139
27.4821652826 24.9046603708 25.3077345473 29.2101814171 26.8258866785 25.307258294 27.6444714159 28.5803140831 25.4981485277 28.75118224 25.1061172613 27.7728826258 24.9154429383 26.5968914577 55.4337932836 62.5133445608 75.3562825439 75.3562825439 48.124500832 48.124500832 50.6874229083 50.6874229083 52.1981793191 27.8138909826 24.764295778 25.666559603 53.886417565 53.886417565 29.2180578365 25.2096688905 68.6926292052 27.7670197567 26.2841368598 25.8903583491 27.9468499095 29.3604228015 28.6744453225 28.8974780078 28.1754052049 28.5759935258 24.6696488368 26.973412044 26.9357696145 29.183750435 28.3877071026 27.5856970884 25.2981875939 26.0367708774 28.5899837964 24.6014184734 29.2500960125 28.287806633 28.2579823421
28.5333390015 25.0221013012 28.5739629798 25.6459043689 27.6963223634 24.9599640662 28.5985798368 26.4942142102 26.873820888 24.7321122043 24.8442664472 28.5078241524 24.775625237 29.3166130236 26.5038340881 62.5133445608 75.3562825439 75.3562825439 48.124500832 29.388538967 25.9306766791 50.6874229083 52.1981793191 28.0186748867 27.0069918296 26.020755729 28.6095707722 28.4967433537 28.8266288082 27.1971584277 24.7750923839 28.7011146534 25.7322480193 64.1693964776 28.712207834 25.6182626019 29.0498535308 29.0985852221 28.9179609867 27.8794333058 26.8902275844 25.0561986681 29.4050294328 27.0860829929 24.5609954558 26.1386074155 26.1641895988 27.3079116934 27.3205678921 28.6175682379 28.5388396936 28.6409080606 27.0789237027
27.2552459088 25.0069758717 27.6713783464 28.2535051334 25.363251435 24.8727447263 28.6381909769 27.2033832869 26.3053438209 27.8127094612 28.3862744191 28.7308323312 25.3242539274 27.301122715 25.464136397 27.6190878524 27.5312771305 28.2276399484 24.8960305138 26.9875982213 27.0757334848 27.3320993939 27.4893469713 24.9248058893 27.557416627 26.3224554499 26.9899410882 28.3513284904 25.6395425093 27.862962599 25.632216259 26.6154565761 28.8613327391 52.9738482577 26.5728418385 27.6690928921 25.6939137092 26.522246509 28.8552253752 26.6954767066 26.0880858117 27.7160625013 25.6306935397 27.6854683012 27.8888499746 26.7784528408 29.3124858382 28.1964960478 28.8390540513 28.5237208429 26.5925143372 28.1529639262 28.1969548318
27.7712354309 26.8799747335 27.3890412429 28.9726770768 26.6580397134 26.5197335563 27.0144618009 26.5037412622 24.7551376097 28.8987701756 25.93034368 25.4452303019 27.2314300965 26.1145396783 27.6056948331 28.0866591384 25.3535600011 27.8466326918 27.4193716339 28.6812040458 27.4088788374 24.7436395107 24.9641751489 28.0260038828 27.6633066049 46.4944825309 28.8366229522 24.684582107 27.4829739796 27.27856506 27.2417760776 52.9738482577 51.140394725 66.2553679733 52.9738482577 26.3252206259 26.475066536 29.3982828043 28.3202350616 26.8168891188 28.0942223014 26.5820373897 26.8361174061 25.4137630019 25.123690786 28.5460393847 27.4255741855 26.1819120394 27.5087533616 28.6745776068 29.22189043 26.8580738997 55.5945407461
25.0966290988 29.1274954659 25.102377503 27.5885216336 24.9349618972 27.9930315209 28.2050176798 25.6528344901 25.7640468145 28.4327114673 26.284416785 24.961587509 25.4056469202 25.3714901619 26.6109374521 29.1934691936 62.2630940334 66.8151234339 26.4761004272 24.8271113728 24.5135067042 26.0998386309 26.9425865639 25.806597375 54.978378339 26.5261536008 27.9555837144 27.1841455267 25.0217169576 27.1540104681 27.0804419356 51.140394725 66.2553679733 66.2553679733 66.2553679733 26.7562261776 26.7406139353 26.1510640594 29.0092993797 29.2943299284 28.6425242151 25.0777459259 25.0264931122 27.3050441328 26.7681879789 28.5554180628 28.601637501 27.3031907738 26.7194816217 26.4338146556 24.7407247372 29.275614167 63.997793899
26.8890913894 27.9089416143 28.4149550549 27.9824861475 28.2900588694 29.2841230654 25.6806038788 26.571124774 25.8131331176 26.3885359667 28.7987550571 28.8172987366 28.9739047773 29.3912852041 25.3132967091 62.2630940334 62.2630940334 62.2630940334 62.2630940334 27.689568218 25.5483789165 25.2766561863 25.0910311063 24.7474015931 28.3693003137 26.8743094555 54.978378339 28.9468890631 27.7694252971 25.8481521838 26.3087517323 29.032384055 25.880701155 66.2553679733 27.0059927981 24.5370594947 26.3003848343 26.1862563618 28.7561574662 26.6773570266 27.163322667 26.1052416174 28.7393019775 27.317701587 27.9033203827 27.0423199465 26.1052173396 24.5294082616 25.0210927634 28.7685184415 65.9761942499 27.2032657793 63.997793899
27.219163582 27.332064288 26.6090443624 25.5305128493 28.1425627337 24.5350976819 24.6366600346 28.6827948272 28.8957072855 26.7921283803 29.2074249592 28.55897834 24.9947573729 24.7163715591 26.6377218081 28.9385506591 24.8505401165 25.2515303046 25.3712718068 26.8327227445 24.8922291647 24.8929853609 27.0277467083 27.7128908633 43.9940826265 41.1107950621 27.9383522355 26.7436580779 24.8139123938 26.2025794963 28.8767268058 26.1405963198 53.9430548346 53.9430548346 53.9430548346 28.3298697334 25.9896273516 27.3160600947 26.9154066756 25.6948974451 25.4902871495 24.8057151531 26.0385928625 28.2743043626 29.0439550059 25.9887757647 27.8117608448 25.8604718472 29.4177987914 25.4223782879 28.3365126411 25.7553509174 63.997793899
29.2789438077 29.1247112939 28.9752597646 26.4602959405 28.2932830366 26.5672056108 24.652157245 28.4359695437 28.3434451866 24.8074031511 24.5961318997 26.4385804809 29.1382323987 24.8423471687 27.3813497864 28.5337732077 29.0376933736 28.0189206707 57.752301178 26.0849576249 26.8255831441 24.7653812918 67.7794591437 67.7794591437 50.585493018 27.6017113511 25.2362371241 27.3974180619 28.7220095066 25.0374111242 26.40351925 18.1807527655 53.9430548346 45.8473018166 72.9376641957 28.5392678663 25.4382888005 26.6897166057 26.3396650224 26.0803174227 28.9265816689 28.4916496287 27.8565987289 25.8482723485 26.8114466038 27.2450673545 25.8994046894 29.07135507 28.6061741508 27.7208893494 28.3615721574 41.9228392914 65.860602517
28.6579624667 28.0574714806 29.0364821141 27.7415812082 26.237652032 25.2149221703 25.2302693402 27.7863278673 29.1101476972 25.2598441958 28.4668457404 27.9165282876 27.5482217745 27.7913490452 27.6441673063 28.5789434248 28.1306449429 29.3360175108 57.752301178 26.2101594015 67.8292026719 49.4614694919 67.7794591437 50.585493018 50.585493018 50.585493018 25.3483204418 29.3798678542 24.9251102672 28.0934067589 28.5531162482 18.1807527655 18.1807527655 72.9376641957 72.9376641957 28.3052734818 27.2668202382 27.2281654559 26.0009485818 27.5970739795 24.8351879738 26.7931250418 26.8643251675 28.9527683583 24.8467298717 25.9905032706 24.858569899 27.6697558589 25.1371488019 28.3188988368 28.9656816197 56.40148391 56.40148391
29.1937433034 28.7769780716 27.0751282069 28.6262291529 29.2754821747 28.2848070901 25.1101780164 27.05796363 25.9666588089 26.4729633604 29.3998432821 25.0396257384 24.9929476495 28.2944326051 25.5192139386 25.5999639748 28.707705535 27.7100790455 29.3658107642 57.752301178 28.1898905591 24.8126472639 49.4614694919 67.7794591437 48.7556277338 48.7556277338 48.7556277338 28.7475408582 26.0261532897 28.8745096832 24.5342833646 18.1807527655 45.8473018166 72.9376641957 72.9376641957 26.6472177444 25.7990555574 25.0848152646 26.7530819787 29.2435021293 24.8796584605 27.2976201096 28.7705787485 26.8701261575 24.9111401897 25.5041624548 27.4217991279 24.6442033275 29.1493941167 25.283624334 56.40148391 56.40148391 56.40148391
25.0601414343 24.7455771583 29.0463219468 29.20258113 28.0431969709 27.3338892163 25.6272446322 24.5665244525 29.0616104171 27.1249394526 26.8292925994 25.5736540902 27.7177279356 24.834833931 25.4237421578 26.5451476743 26.0239001586 27.1010542551 26.3799703881 29.2380455885 27.973355169 28.7731229232 28.4411843544 27.8084075105 54.5964460491 48.7556277338 48.7556277338 24.9995978481 26.5833705613 28.5598560092 25.5774612145 26.6063708315 69.7218028214 49.0462775516 47.0066163441 28.1543620681 24.7960532845 27.0110255073 25.3639554684 26.676816613 26.9234407219 28.7392417331 27.3042921998 28.9969019946 26.3424436951 28.261155513 24.8981267896 24.8583899119 26.6625959405 25.4321681088 56.0525330703 45.2265589101 46.0933755453
27.9147281106 25.808557254 25.8774773331 29.2573652101 26.2311496561 28.5379563708 25.0099449569 25.3242306251 26.3899442972 26.4328256029 26.8263247207 29.1905136646 26.3234670836 26.097532463 25.9453512156 29.1237162108 24.5923527767 27.6588303122 24.9489762062 27.8344463725 25.2458790267 28.818492826 28.9185553268 26.4006897593 27.8765229329 28.7753811475 25.7906948324 72.3192645847 28.4341974496 25.4372134536 26.5413950624 26.807735285 26.4620456712 60.601903978 60.601903978 29.1218131642 27.2901801041 27.4818432794 26.164057134 28.5188622949 26.7494781036 29.0104720736 29.3959585331 24.8890612347 28.9171766683 28.4478287288 26.1358590664 27.1839307819 28.1927917136 28.1856205381 45.2265589101 45.2265589101 45.2265589101
26.1685688356 26.7213368672 29.1282976258 26.3018587001 29.1946421222 25.8737055958 24.7103407525 26.7458038343 27.1562405095 24.8812373504 26.3459327813 27.6932022251 29.2055940587 29.4495372606 29.1886060931 24.5691036901 26.5921245448 28.4513151234 24.5528664272 28.741183724 25.2056640448 26.3262435332 29.0443493748 28.9072852197 27.5930722118 27.4964979999 27.3195539966 26.0228329267 26.4463293031 27.9485926859 28.1501406308 25.5408050574 60.601903978 60.601903978 60.601903978 28.4584170088 28.8233152771 27.7338951225 27.2921720375 26.6533559648 25.8924514669 28.1470990583 28.0545624684 26.1724788911 27.8830209841 25.2150179735 27.0423488854 25.4649318651 26.7042558912 27.2655478222 54.0032958793 57.7748978417 57.7748978417
29.1241307199 28.3289876952 27.2048349345 29.2502296126 26.5652715772 25.6741947575 26.8857920006 25.9163016613 24.6645144129 25.475651352 28.1187087025 26.5233359224 26.198831032 28.7976768065 26.9529181504 24.6571215866 27.6009221822 25.0474685041 52.8911407289 52.8911407289 24.7354807702 26.0051826228 25.9891723328 26.9036741638 24.5368396926 66.9245849572 66.9245849572 26.283510376 27.4595502059 26.3063133305 27.9885403075 24.7558308639 25.5915011109 58.7995109099 24.5572163692 25.652214448 27.1838193261 28.1590023798 26.358079961 25.7608275879 25.5069568735 25.5592713845 27.0182204298 25.0776485761 24.849795008 26.6018210589 25.7417888678 29.0903407112 25.5142501375 28.1224495639 51.3204984787 51.3204984787 51.3204984787
26.9652867382 26.2761088083 25.5988644107 29.3676405869 26.1955650623 25.3733794836 27.7374163558 25.4667905211 28.8706727195 25.3525648124 26.4453839645 27.6445075926 26.1387609886 28.9040646348 27.3154929707 27.1842087204 28.5796769195 25.7629025887 52.8911407289 52.8911407289 52.8911407289 25.3590023227 26.7988219314 29.4373864485 26.5555105124 25.4481223223 49.2001898444 26.1919883756 49.2001898444 27.614573543 27.4335898423 27.3754818251 28.290801041 42.758713652 42.758713652 25.8828574201 24.9455950543 25.9978194777 24.5439203403 28.6408982762 29.2235313445 25.5213639586 24.9525759356 25.578507131 25.1948758907 28.5261160306 26.9403131759 28.0868044259 29.2901356619 25.2042992614 54.4937014552 54.4937014552 54.4937014552
29.1799038229 28.6805735362 26.5726214774 28.1748059303 26.0154387941 28.8405312658 27.5309841139 28.5724538926 26.9722762491 28.3042693529 24.6699847939 25.8054200915 26.3346645966 25.7950803079 27.9447006269 28.2755698201 24.7206674319 26.2946889843 54.679247424 54.679247424 54.679247424 28.5067628237 28.5571663548 24.9373126588 27.1764738726 28.5686927339 59.1076187108 59.1076187108 59.1076187108 53.4191500208 27.1280970622 29.4296812825 39.5627237691 39.5627237691 39.5627237691 27.3437451288 26.3114388286 28.4012469162 26.6389752832 26.8647421558 26.708676001 24.611238281 26.9855351873 28.771843998 27.9397488593 27.1540961804 26.4860249301 25.3896041437 28.5420076651 28.5615891688 25.7902617043 54.4937014552 54.4937014552
