Spatial_Output/BAU/BAU_0285.asc
NCOLS 155
NROWS 192
XLLCORNER 196307.867259
YLLCORNER 449144.565805
CELLSIZE 33.573938
NODATA_VALUE NaN
[rows 75 to 99 of 192, columns 57 to 113 of 155]
61.5315712419 44.5407732194 44.7806111295 45.0101434941 45.107150464 64.2603493631 62.2554970872 62.2554970872 44.9748485241 44.8857033419 45.0226798892 44.8228629828 44.95951126 45.0758204162 44.683094108 54.2168888947 69.8749975817 69.8749975817 44.7345554768 44.5884763112 44.9125139392 78.3091941541 45.1117404928 89.481687662 78.6108430219 78.6108430219 75.6438900662 76.9956360623 44.7575005754 45.0553841776 44.9878819653 44.6658377689 45.1686870498 45.1219763351 45.0168630788 45.1868340018 44.7921957568 45.195659053 44.9589435621 44.8325097342 44.7193230924 44.9980957036 44.6925186762 44.9237647575 62.8034943195 61.1399560467 44.7349503913 44.7061613365 44.7580416747 45.0848884011 44.5522345065 44.6787690052 44.8127364472 44.769428261 44.8124938935 44.8195184149 44.9265489041
83.954576097 44.7423866477 44.7524787715 45.1313125157 45.0488357367 62.2554970872 77.2628929314 77.2628929314 62.2554970872 44.8348516798 45.1925368507 44.5902602765 44.7790011525 45.0154072171 44.864946613 69.8749975817 69.8749975817 69.8749975817 45.0396911457 44.6668862308 44.8672139247 44.8630084313 44.5413234258 44.7162797343 78.6108430219 78.6108430219 76.9956360623 76.9956360623 76.9956360623 44.6535585767 44.6062703817 44.6842253631 45.03184743 44.9712002149 44.5666447166 44.5409849452 44.7759597384 44.5346875213 44.5515780544 44.7776462717 44.5049797466 45.1463240967 44.8930946523 44.5274559278 61.436426987 61.1399560467 61.1399560467 44.8914578355 44.8449948916 44.7328546859 44.7347616648 45.1060275401 45.1543879203 44.5299161015 44.7326141599 45.1449173466 44.9647659329
60.8972867163 44.9877205287 45.0361373578 44.6450983665 45.2061416717 45.1311309102 77.2628929314 77.2628929314 77.2628929314 44.9065016256 44.6018422201 80.6446666068 74.7067496903 81.641176936 44.7012947422 73.9005491416 93.0666931831 93.0666931831 93.0666931831 45.0378862132 44.9941384424 44.8826552779 45.029007907 44.6635355579 44.9313684606 44.9805138412 76.9956360623 76.9956360623 44.9571210122 45.0078384699 44.5100340024 44.6462564985 44.7362260035 45.1319008909 44.650500535 45.182286424 45.0759854372 44.7436207657 44.6628227224 44.5156645019 45.0003860143 72.181782192 62.221313391 62.4834477397 62.4834477397 61.1399560467 61.1399560467 44.5515012269 45.1231498957 44.6149395193 45.1830161929 44.9850565204 44.7252407452 86.6313465021 45.0660862898 44.7210023665 45.068216112
58.5083565055 58.5083565055 83.1119847723 102.5223557644 63.7138367207 89.3031327121 58.7589132113 58.7589132113 65.0390838901 44.7848980899 44.9398053758 80.3462667587 79.3662348997 75.4564969398 45.0352134456 93.0666931831 93.0666931831 93.0666931831 44.7135208083 44.7677483242 44.5890512937 44.6953665103 44.884500911 45.0751260242 44.8325379257 45.1003802805 45.0296790473 45.1276104011 44.7299329243 44.6005255867 44.8599296589 44.8494545157 44.9543194459 45.1337726464 45.1158070091 44.697526195 44.5978390799 44.7797546564 45.1575167959 45.1372513227 45.0758421051 72.181782192 62.221313391 62.4834477397 62.4834477397 63.173593368 44.7495725666 63.9459562818 61.7533855068 73.0059892592 45.022471014 74.2031508347 74.5323951078 74.5323951078 44.9045133929 44.6779686289 45.0559022194
58.5083565055 58.5083565055 102.5223557644 63.7138367207 63.7138367207 59.2569277341 59.2569277341 45.061166868 44.948719969 45.0481312473 45.1098004801 76.2613686871 76.4969357574 79.0560143313 44.9008814892 44.6210283669 88.4708360461 88.4708360461 88.4708360461 44.6732138539 44.9714515238 45.1100732311 44.8010551245 44.6961138166 45.1165097635 44.9070709009 44.7260425725 45.0601911548 44.5676617539 44.6820734412 45.0242306599 45.1942658091 44.9308021121 44.9295748399 44.7027206139 44.8150135012 45.0245025759 44.5137192845 44.6039539118 44.6671032886 44.6248624542 44.5375556143 44.6422645483 62.4834477397 58.7006048275 44.6918824369 44.6861371347 63.9459562818 61.7533855068 73.0059892592 73.0059892592 74.2031508347 74.5323951078 74.5323951078 86.6313465021 45.0682957316 44.8237914479
57.3202928134 58.5083565055 44.7249604063 63.7138367207 63.7138367207 59.2569277341 55.7186600337 56.6693187048 44.7856066529 44.706275239 44.7012276297 44.9825730349 44.8257343492 44.5662358607 44.8692186925 44.6184629285 88.3223636469 88.4708360461 88.3223636469 44.7733732181 45.0150343401 44.8254957088 45.004810278 45.0601419305 44.5834488505 45.0982327652 45.1922533308 44.5828597785 44.6752703315 44.5353010154 44.8312087557 45.0314220042 44.7403775958 44.6697309795 44.7012650213 45.0527051866 44.6351101136 44.567010331 45.1143309865 44.7241249688 44.5319900102 44.8605774906 44.8254959353 44.7102449037 45.1527157984 45.1325660778 44.9692077415 63.9459562818 61.7533855068 73.0059892592 45.1338386408 74.2031508347 45.1446115852 74.5323951078 45.1243288579 44.8140518493 45.1715236101
45.0711678915 45.1911500868 44.818213056 44.8832354011 45.0928283333 59.2569277341 45.0535480424 75.9307805264 75.9307805264 44.5532044166 44.6756593456 44.6372410824 45.1842069356 44.913350727 44.8181969556 44.9586681309 44.7514855661 44.6288512662 67.7337718737 45.0336910605 45.0286930295 45.2052995641 44.9866774042 45.0335182927 45.0686638051 44.5481081703 44.8742329822 45.0132738126 44.8465194499 44.5433532515 44.7739431133 44.6758831232 45.1583267352 44.7692260898 44.6154884332 44.6158006738 44.9435660966 44.7397099616 44.9234108272 44.6604901398 44.8821391105 44.7554646591 44.5305762813 44.8256033303 44.824872569 44.5621745383 44.7243303097 44.5988490579 44.7362279782 44.658559396 44.9594882291 44.5774518101 44.6519465367 44.790546212 45.0123435041 44.9258117948 44.9528875832
44.8953061109 45.0826968879 44.8634812226 44.5123307946 44.7422151384 45.0668445918 75.9307805264 75.9307805264 75.9307805264 44.5462497804 44.8008310815 44.93939585 45.1167191129 44.8492170721 44.7514210364 44.9275910855 44.9152328211 67.7337718737 67.7337718737 67.7337718737 45.1771310397 45.0723499247 44.7020112132 44.5156818994 44.7764656405 45.0672310153 44.506414319 44.5675286649 44.8578046659 45.0932531156 44.9219670697 44.5820767105 44.863211225 44.5870565625 45.2039240103 44.7058774728 44.958428094 45.0769435026 45.1616656432 45.0433261863 44.6675064145 44.9205812316 44.9934625735 45.0156345676 44.8836202146 44.8112962969 44.7823541017 44.7301902292 45.0749337636 44.5882415879 45.1322216287 45.1943232649 44.7999593346 44.6608075941 44.7436758406 44.9501971248 45.1886433526
44.9397575241 45.0454045967 44.7557231991 45.0003938694 44.9803648437 44.632822541 44.9772443737 45.057997445 44.7876431098 45.0535144407 44.9747635459 45.0406867348 44.9691387703 44.9911275726 44.508377841 44.6824514011 44.690304366 44.5819943558 44.5289782475 44.6144682682 44.9333708137 44.7340464298 44.5550203635 44.7859484187 44.6885854668 44.7769714169 44.6474614965 44.8848938146 44.8716343778 44.8128866432 45.0126879948 44.6768747005 45.1493638031 45.0230284386 45.2063436006 45.1079925063 44.7589429899 44.6172994921 44.592485471 44.7077961997 44.690216775 44.6136508954 44.9742753326 44.9483701902 44.7223837453 63.1790943415 63.1790943415 63.1790943415 45.1130210116 44.6612137332 44.6639924902 44.9985435463 44.7889141646 44.8814797373 44.5968378992 44.904163556 44.7469657139
44.9537773409 44.7469970017 45.065209154 45.064068214 45.1560965799 45.0146577165 44.9550509087 44.7759146726 44.9328665915 45.1088032202 44.5624825125 44.9928733213 44.7973836861 45.1445935228 44.8428864652 44.7776810207 44.9796672564 44.8084951438 45.1943967289 45.0260622333 45.1257637419 44.6122565015 45.0808078822 44.9089726825 44.805468169 44.5167352196 44.8156157569 45.1312713389 45.0054137746 45.1618531662 45.0840996181 44.5727729056 45.1755388152 44.6818557963 44.9460255604 45.0845889553 44.730375683 44.7258395768 44.7497046856 44.6777904105 44.9097231023 45.1167906946 45.1008499634 44.8549547613 44.7196093225 81.3405714967 81.3405714967 81.3405714967 44.903040966 44.533420051 44.667855526 44.9043348889 44.8160291587 44.5535693773 44.7293419601 44.845132969 44.8512383835
44.8774420029 45.0146777797 44.7264918215 45.1518587259 45.1716637215 45.0583927285 45.1273478905 93.5805907538 93.5805907538 93.5805907538 45.1516209432 45.0150944478 44.9267012344 44.8465277012 44.6678167501 44.9523125969 44.9216561488 44.7666538168 44.5410177618 44.7307201977 45.1918284768 44.6360299167 44.5331224502 44.8296606738 44.6356571418 45.0952387329 44.6526912272 44.6968317852 44.7422778528 44.7647845032 45.0901482439 44.697617054 44.7274650152 44.7320190298 45.0458732234 45.1603169376 44.6314758003 44.8421472536 44.7090135797 44.7728469423 44.916974618 44.9798557231 44.8331791237 44.5052132544 44.8968439028 81.3405714967 81.3405714967 55.1744603781 44.8781266934 44.7363557845 44.7456240791 44.9062326719 45.0705396796 45.1315643175 44.605337472 44.9279604519 44.8965572783
44.6659042303 45.129739822 45.0632971662 44.6547447074 44.6824320179 45.1250430155 44.8464448013 93.8754785045 93.5805907538 93.8754785045 44.7375618244 45.1885649457 44.5042531649 44.9070449943 44.9286845854 44.577055972 45.0396917535 44.7339864266 44.5119280459 44.8368839978 44.8225083565 44.5497077043 45.1810057481 44.6568404362 44.5685956054 45.0248039787 44.5557059682 44.7279576411 44.9821787505 45.07447772 45.0831480657 45.1602928663 45.0213372662 44.9733712223 44.8967843514 45.1194152102 44.6375259748 44.5577210456 44.8465697169 45.1418061775 45.082606922 45.1308078391 44.85234775 44.5813837746 45.1128529627 64.4954443102 64.4954443102 64.4954443102 58.2622425652 65.7109694788 44.6478399534 44.8198889907 44.8632792022 44.5807955293 45.0001269781 44.6011075106 44.9331729154
44.5058263381 44.6611327991 44.8945596001 44.945763307 44.8879587416 44.9230086424 44.6459871417 44.9427252125 93.8754785045 44.9489734836 44.559032393 44.8134394468 44.8050931871 45.0474181114 45.1283150907 44.5970004469 44.6654380366 44.9013351647 44.9536923334 44.9826226836 44.9645216451 45.1355153785 44.9008334045 44.8637981689 45.1678592328 44.785137975 44.6839581582 45.0142768876 44.5790666199 44.9448583922 44.6029176148 44.959419436 44.9172140206 44.6806512196 44.9687431939 45.1539299663 44.8222271413 44.6303978444 45.1621835693 45.096780631 44.6207043467 44.7796099443 44.9368235539 44.723125436 45.1163373142 85.3252545418 64.4954443102 64.4954443102 58.2622425652 65.7109694788 45.17775783 45.0866618814 45.1518214267 44.6283910761 44.6894120543 44.6093753043 67.0734273216
44.7045637588 44.7284140538 44.8424151581 45.066367409 44.9729768735 45.1904594065 44.587054363 44.7976961308 44.6353037743 45.0572950942 45.1842446167 44.7503576525 45.1343006291 44.5580825591 44.8957150574 44.604544367 44.65664322 44.8352177877 44.7992699598 44.758113341 45.0736480833 45.1744831698 44.5247641821 44.5265577761 45.0300087475 44.9783496508 44.7690292434 45.0382694785 45.1472532323 44.8048691915 75.4755217198 44.69055702 45.0208621398 44.9983152987 44.6102315255 45.0760996946 45.0608918099 44.8814367709 45.054811099 45.0669058121 44.8621549321 44.5861559619 44.8094099966 44.8536546828 45.0378648894 79.3635257541 85.3252545418 79.3635257541 58.2622425652 65.7109694788 44.9140696247 44.6446910531 45.1687382838 45.1863033513 44.9177429469 67.0734273216 67.0734273216
45.0034386318 45.0495352387 44.6771399178 44.6895647784 44.5446297211 44.5872875014 44.8589973745 45.0259995646 52.8067320561 45.1192608413 44.5156592286 44.9245476408 44.6918727781 45.16608999 45.1939052708 44.9453053674 45.0663485798 44.7452062517 44.7449840405 45.0125104635 44.6677208184 44.779421815 44.615573528 44.9999255577 44.7988584947 44.9496696505 74.4231662495 74.4231662495 44.6149766148 45.0852114238 44.9898823739 75.4755217198 44.692622788 44.5774440376 44.7537576029 44.56708515 45.0224843359 44.8366237444 45.0659886697 45.0708832404 44.5079183071 45.0259287102 44.9135294911 45.1530715349 44.9407285163 44.6574091502 44.8564365365 45.1544776205 44.605025097 44.536251618 44.5110889426 44.8366705037 44.6560741799 45.0215816824 45.0211514072 45.0112596575 44.6434256089
45.0022443087 44.9366773425 44.7108020346 44.8909757663 44.8434218368 45.1777611054 44.7621428238 44.7608998415 44.8492854342 44.8868861075 44.9757332615 44.9402817508 45.1169800522 45.0603688284 44.5754237205 45.1989662034 44.8153083633 44.7446467091 44.9535178113 44.7798559779 45.093250872 44.8279042595 44.8743905109 44.6492042249 44.6883445791 44.6350648399 74.4231662495 74.4231662495 44.5010856232 44.9792561479 44.6529629109 44.8403897364 44.6050759459 44.9934352382 44.9239429114 44.7160302247 45.0313478174 45.1622699948 45.1778228953 44.8201118349 45.0779132036 44.8614247596 44.9150911781 45.0684725686 44.6531874757 44.5325626266 44.5225201273 45.1807064443 45.1484904017 45.0423430451 44.588790843 44.621261942 45.2054118163 45.1290229217 44.7259090982 45.0778411908 45.2008976066
44.5402471897 44.8172247832 44.7817830563 44.7468784587 44.5470574858 45.0124458433 44.7023060212 44.7610885089 44.8240877222 45.1769557105 44.7825667847 45.1909700875 45.0822330057 44.7959346772 44.5103667383 44.8411834796 44.6640478703 44.929272089 45.0128611763 45.0176715455 44.6820141842 44.8137521558 44.7665258865 45.1795642968 44.9495579269 44.7996629894 44.6269230315 74.4231662495 70.4388415517 44.6793163613 44.8541891346 44.9589901414 44.635145931 44.7264953666 45.0445560689 44.9126973513 44.5862301827 45.1339791733 45.0585552611 45.1589807647 45.0790899765 45.0183473732 44.8880235434 45.1356657775 44.5988076849 45.200270495 44.7269546801 45.0167303922 45.1535486074 44.712634061 44.8440569403 44.9211553106 45.0186467477 45.1796584094 45.1118131113 44.5542209072 44.8445627819
44.5734552854 45.0929315018 45.0584344902 44.5132988813 44.9692735512 45.1890369079 44.5657960641 44.966146018 44.9513488034 45.0958658424 44.8518296884 45.020262703 45.0637299081 44.9877018229 45.1444375585 44.652086391 45.1117392097 45.1768922498 45.0756749416 44.889364846 44.8533909986 44.7668906315 44.7581328682 45.0160104007 44.8045011745 44.849340983 45.0803741903 44.8741983233 44.6969337159 45.0329583421 44.942995776 44.7231271457 44.9763984209 44.9326112615 44.8812023025 44.5683110709 45.0646688071 44.9091472116 44.5756036561 44.8533884749 44.5384144652 44.7071744068 44.8647200237 44.8404777172 44.6871340879 44.7368564778 45.1945722574 44.5273119561 44.9693889309 44.5922581134 44.7301713124 44.5726604655 44.542790433 44.5337777363 45.1532125629 44.7772210819 44.9932428022
44.8305124988 44.831506776 44.6427155199 45.1991783199 44.7494922832 44.678308224 44.8446250519 44.6605468919 44.5976304094 44.9897302596 44.9814076204 44.5913981656 45.0967822162 44.7118921635 44.936261389 44.6593474552 45.0203050239 44.8388651538 44.9740487572 45.0760326819 45.0550701147 44.798533982 44.5613010329 44.7800092907 44.8129508319 45.2024784099 45.1888362306 44.5412793006 44.6399715853 44.6052822813 44.5523904027 44.5794978091 44.5290170478 45.0498731831 44.7475542111 44.6898854162 44.7880126056 44.629481348 44.8801994518 45.1859781607 45.0886754083 44.5373965938 44.6938808886 44.6337464361 45.0651450196 45.0866138167 44.8631777021 44.671088221 44.9497937066 45.1250079368 44.9565297209 45.1062496528 44.9235167277 44.7804585451 44.9101509363 44.8450866487 44.7235645579
45.0415265708 44.560384088 44.8153911681 44.5565860123 44.6004220044 44.8635236825 45.1227857326 44.6584192524 44.7813533761 44.6959663884 44.5101205768 45.1452871533 44.7206483884 44.7535272797 44.747587803 44.8255211514 44.8226931921 44.6297543602 44.5955308531 44.8429065482 45.2057712468 45.126759604 45.142757861 44.6146984817 45.1128279063 44.5881628187 44.5357474364 44.5672288571 44.6343325436 44.6449999724 44.9172018259 44.7518318936 44.8777425043 44.8047029658 44.7887303706 44.5575838946 44.5231710152 44.7944839832 44.5657753442 44.5599571172 45.1343023122 44.7091654866 44.8474952992 45.0434929879 45.1270611694 44.7835869662 44.8962892944 44.5904650694 44.6270573654 44.981683962 44.6748369134 86.1996250572 44.6240480387 75.534126469 56.9787696694 65.2211875076 69.8309806623
45.0431793922 44.8543400527 44.721368981 44.9337450911 45.1086249837 44.9265610333 44.6728807967 44.6748143109 45.191397583 44.7568291422 44.8476128092 44.5975664529 45.0905260339 44.8244503022 44.5972159604 44.7145925833 44.5635780795 44.5757969209 44.550250329 70.1736870701 70.1736870701 70.1736870701 44.6626960071 44.5009443859 44.9143807887 44.9038002435 45.155967204 44.8101052728 45.1188942682 44.7278894867 45.0403900205 44.9711884194 44.5744049517 45.1741689652 44.8913699224 45.1406996541 45.1029179903 44.8760699183 45.0197351095 44.8248362601 44.7536559052 44.6173838899 44.5322236873 44.6290438322 66.0188833783 45.0824102824 44.7392387734 44.7090526851 44.6438762437 44.7874471486 72.0041245845 86.1996250572 86.1996250572 75.534126469 75.534126469 56.9787696694 69.8309806623
45.130649351 44.7819290485 44.5909190166 44.8808537147 44.6726167753 44.7766101857 44.6443458313 44.9470871792 44.614487737 44.8642936495 45.1390568268 44.9014793883 44.9119562108 45.1534610631 44.6339832205 44.8452786934 45.1348027492 44.6982601497 45.0558184282 70.1736870701 70.1736870701 70.1736870701 45.1299944028 44.5683331088 45.1500638059 58.296066505 44.5706802893 44.9838100327 67.8978247068 44.5699934316 44.8241198009 45.1441195958 75.1252093006 75.1252093006 45.124665784 45.0604223568 45.0831047055 44.8663773217 44.5682244281 44.8610089335 45.1565461417 44.8052150433 44.7104350993 77.9903376843 72.1962455232 72.1962455232 75.9155093223 44.6375213929 45.2062735483 44.6848679621 72.0041245845 86.1996250572 86.1996250572 75.534126469 75.534126469 44.5734914915 67.0615970805
44.9703062216 44.8329951034 44.6166091139 44.9113568873 64.8472461725 64.8472461725 44.6234142285 45.0267348358 44.8961962704 45.1336403266 44.6481218965 44.7987536425 44.5662754509 44.928548461 45.0983267214 72.8217225657 72.6793993839 72.6793993839 76.5499167627 76.5499167627 44.7308648356 45.0760410263 44.604789821 45.0276727099 58.296066505 58.296066505 44.8966141276 67.8978247068 67.8978247068 45.0466220951 44.9422513073 44.7683145402 73.0607051101 75.1252093006 78.6532679537 44.6386983891 45.0711091581 44.6573417974 44.9191610655 44.7385670334 44.712903563 44.8970846513 44.5952639747 44.9372769135 44.9899439832 72.1962455232 75.9155093223 45.1500063379 45.1364491151 44.7524969979 72.0041245845 44.6543689577 44.9727514676 44.5358849396 44.9210761166 44.7431844952 45.1706935665
45.0581752814 44.6099647701 45.0608887849 44.7427138785 45.2025517938 45.1722294224 44.6971277904 45.1032617751 57.6932699103 44.6513054216 57.7487961086 45.0891058152 44.9006791998 44.7144689277 44.6857342532 45.1445776755 72.6793993839 72.6793993839 76.5499167627 76.5499167627 44.9023625814 44.6178902486 44.9453991181 44.7115842542 44.6091927387 58.296066505 44.5320149326 67.8978247068 67.8978247068 44.7080952965 44.6871150589 73.0607051101 73.0607051101 73.0607051101 44.5822252297 44.8979345157 44.6996938065 44.8934388268 44.9025234792 44.6787052554 44.9207764414 44.8990625438 45.0500367763 44.6382812983 44.6387614284 44.8985295428 44.9133257286 45.0496265894 44.6710888675 44.8034426779 44.5516451106 44.9199315123 44.5863841216 44.6903339952 45.2018058256 45.0363770081 45.0167114376
44.7076940452 45.0094304669 44.829457985 44.8382781834 44.8626293083 64.8472461725 44.8717661981 57.6932699103 45.0865267738 44.6607546667 45.0435896765 45.0767612556 44.5563409347 44.7538889639 44.6270003225 45.1593585549 45.1090049433 44.9250456352 44.7600941272 76.5499167627 44.8546309855 44.511871174 44.8215429516 45.175540347 44.9799229011 44.5944545448 45.042747386 44.8712052096 45.1411338593 45.1110092453 45.0814958597 44.8875395184 73.0607051101 44.6770245812 45.0025901679 44.6599038876 44.8426075131 45.1779588525 44.885108279 45.0165967223 45.0461808347 44.62234358 44.6240290124 45.1552954425 44.85207029 45.1052892444 44.8711895763 45.0925327818 45.1315361337 44.6232889037 44.6976023503 44.9122480581 44.6099544034 44.5563490276 45.178612743 44.5418893447 44.9850167486
