Spatial_Output/BAU/BAU_0253.asc
NCOLS 155
NROWS 192
XLLCORNER 196307.867259
YLLCORNER 449144.565805
CELLSIZE 33.573938
NODATA_VALUE NaN
[rows 25 to 49 of 192, columns 57 to 113 of 155]
44.8845302936 45.0989866344 45.1923851863 61.4255227888 74.1163238698 74.1163238698 74.1163238698 51.0854278413 80.3184399114 69.6036845063 69.6036845063 44.7327238851 44.888904663 45.0152743733 44.6504782304 44.7214286023 44.663972101 44.6639021873 44.786571435 44.7209037025 44.9628809912 44.8413000197 44.897059744 44.7919314008 0 0 0 0 0 0 0 0 0 0 0 0 0 0 0 0 44.5637167258 45.0734797641 44.5911516134 45.0122935299 45.1781778776 44.7056907436 44.5806055212 44.644363683 44.7840552994 44.627520817 44.6612038977 44.5759532505 44.6433830231 45.1725506169 44.8512724404 44.9303154077 44.6193471282
45.0028406434 45.015485327 44.6987378584 44.9710228346 74.1163238698 74.1163238698 59.4574174143 44.9779450494 69.6036845063 84.2387957571 84.2387957571 44.5043742537 44.8206048254 44.7598172898 45.1497372445 44.8587705694 44.929170067 44.8597489749 44.6677151978 45.0113378184 44.6744624857 44.837574741 45.1720943152 45.1399410431 44.5765825943 45.085830334 0 0 0 0 0 45.0954106043 44.6658322478 45.0039197345 44.5315745567 45.0043423841 0 0 0 0 44.9168175724 44.6869287282 45.1308113025 44.5201890137 45.1366620981 44.6953431596 44.5974042178 44.6598436695 44.6077560134 45.0587093522 44.6912849318 44.5010254445 45.0481855492 44.598504908 45.0678275802 45.2023759494 45.0589383042
44.7254213774 44.7331395178 44.7062917399 45.1111705253 45.0009100575 59.4574174143 59.4574174143 44.9079780127 84.2387957571 84.2387957571 45.030484061 52.1014347319 44.7607939615 45.1311194198 44.7458381868 44.895307439 44.6322303919 44.5936849184 45.1641596702 44.5472949479 44.9392633735 45.1484902711 44.7821697336 44.9151493492 44.5682712851 44.8743596297 44.6861535339 44.9568842108 44.5009914204 44.65921326 44.9339287239 44.8898227046 45.0493454605 44.6738673477 44.6071053562 44.6588267726 44.6937074024 44.9581042039 0 44.9099343295 44.8720625253 44.5651894999 45.029730446 44.6118114437 44.9215073892 44.7463515712 44.7714610016 44.974491815 44.9116849516 44.5773237964 44.5786195948 44.7257491644 44.9435744365 45.0100315227 44.5072562952 44.5713426057 45.1075070324
44.8622918008 45.0192827043 45.1211026832 44.6886018833 44.636325413 59.4574174143 59.4574174143 44.6025069481 59.2400506939 50.4486818613 44.8486689961 52.1014347319 44.979331539 44.9345653945 45.1655629369 45.156766843 44.6325415354 44.5491661787 44.5233741756 44.8772474644 44.6912599958 45.1267079125 44.77495876 45.0143813831 44.6510455346 45.0295470424 44.7372959117 44.5439438963 44.6944140312 44.8294101759 44.5357503705 44.6806345004 45.1154601506 44.7685703495 45.1820812774 45.1466729435 44.9526131941 44.5484119992 45.1499671437 44.9317556566 44.5318408538 44.5995154989 45.1508448108 44.8871551911 44.5325656492 45.0762614414 44.8275527001 44.6626464816 44.9247057934 44.8222049576 44.6399572546 45.0316213932 44.7182374348 44.7660146183 45.2014388361 44.879320784 44.5899169082
44.9741573141 45.0662768943 45.0754049649 60.4053972256 60.4053972256 45.0870856051 44.6724188193 44.9132103828 59.2400506939 59.2400506939 44.867822041 44.7150898457 76.0316962409 44.8101494437 44.7208011692 44.8835053815 45.0604704967 45.028317148 44.943848024 44.5811090933 44.5584049965 44.6129640025 44.9264681435 44.6711391396 44.7992628058 45.194588663 44.7144480663 44.9969519806 45.0493542664 45.0974675218 44.5163082653 44.7270259739 45.0672484546 44.9479401132 45.1943729974 45.1257491618 44.8874396688 45.0191291866 45.0431380088 44.9912605818 45.1568001047 44.7710458659 44.9756381391 44.846112848 45.1903075891 45.1196822557 45.0672142473 44.6150349169 44.9866977838 45.1230596151 44.5734619677 44.9140191337 44.7474742261 44.6375580613 45.0715567875 44.7069156119 44.7513717325
44.8751075049 45.0078147511 44.6947289016 60.4053972256 60.4053972256 74.5471975887 44.9568695164 59.2400506939 59.2400506939 59.2400506939 63.0543998357 63.0543998357 63.0543998357 45.0897682046 44.7501242254 44.7497117574 44.8763849128 44.889532309 44.7608465302 45.0305052245 44.8789933494 44.8006654824 44.9892719196 44.6147679295 44.8881212788 45.1615512874 45.1374971498 44.6289678798 45.0030461064 44.7380198189 44.784277977 45.1436089894 44.9696937545 44.8036424623 45.0458729838 44.7733064513 44.6322273691 44.5569397509 45.1977517974 44.8585421047 44.8210200491 44.6333566016 44.7987972965 45.0667232762 44.5602338007 44.5674675339 45.0789730595 44.8213495508 44.5428672703 44.5648095355 44.8620720865 44.6154074971 44.5078349341 44.971370835 45.009029424 44.7856537901 44.8732617022
44.5476348811 44.7796533261 44.8287212748 44.9167789174 44.548332413 61.7087838893 61.7087838893 44.7642270605 44.9781689859 44.7496106193 63.0543998357 63.0543998357 44.8420867537 44.6584338195 45.0169931748 45.0869629188 45.0038626603 45.1195837374 44.8563670456 45.0046909476 44.8178644169 44.9134827112 45.171380404 44.5879832777 44.9328303744 44.7085357912 44.8708694257 45.0446620356 45.1129287832 44.6137110291 44.8395086241 45.0758909998 45.0443025278 44.6132220768 44.5185818503 44.5644214176 44.8840618624 45.2003008778 44.527048207 45.1169130552 44.7891963824 44.9010203236 45.1829812708 44.956938734 45.1804284035 44.640868527 44.7011827907 44.768197781 44.7512791632 45.0885932695 44.739450016 44.7062234568 44.5719538282 44.7850722387 45.1158167835 44.5141613103 45.1504016813
44.9932783206 44.8677676657 45.1262768523 45.0715150576 45.0166863647 61.7087838893 61.7087838893 44.9061057207 44.8778521442 44.9085652483 44.5024806941 45.2028851794 45.0392830843 44.8641000817 44.6109176031 44.7523233902 44.6606282631 45.1701862261 44.9339861115 45.0603638392 45.0384551089 44.7449991332 45.1320459634 44.7347958139 44.8052468885 45.0021045575 44.5895429816 44.55879365 44.9272816906 45.0651037289 44.7623617682 45.0865705175 44.8439332806 45.0146603646 44.7567345209 44.7204920447 45.1618515717 44.5454441811 45.0572920406 44.8349443289 44.801234785 44.6934520179 44.7115468122 44.6829259436 44.7073219074 44.7132782648 44.6892721068 44.5201951613 44.692068408 44.9157284037 44.703757174 44.9985665568 44.9373153355 44.6206150353 44.6303073104 44.8772113559 44.5061516436
45.0331606186 44.7806075882 44.5263485701 45.1427978997 44.6207143243 44.8267110501 57.2073428727 57.2073428727 45.0739907099 45.0906611448 45.0535655965 44.5936413082 45.1000129147 44.7800520237 45.0434297552 44.8926701668 45.0312510247 45.1059745651 44.5460371725 44.5096654094 44.5917713059 44.7749056518 44.9945021056 44.8066630207 44.8111409535 44.7382611471 45.1334293285 44.508927548 45.0905846832 44.5054013433 45.0694579565 45.0286005559 44.6690632311 44.7282232353 45.1075096133 45.0815518936 45.0668207788 44.5340054018 45.0534519988 45.1276920072 44.5015692213 44.5643470504 45.0111495406 44.5821613733 45.1149215199 45.1538503303 44.8288582694 45.1656186019 44.5775124508 44.96902381 44.7235368852 44.6899012029 45.1279418243 44.5848419334 44.7262254592 44.7808671221 45.1127063673
44.6814825768 44.8072976117 45.2069025953 44.5586595493 44.8122025827 44.7156608472 57.2073428727 57.2073428727 44.679047342 44.842028211 44.7115838229 45.1872395222 44.6168062632 44.7100423254 44.6430805513 44.7128389383 44.8509267528 44.7255109363 44.9160410131 45.1296923412 44.9810984866 44.9139122581 44.8894595178 44.6845053301 44.9306163305 44.5877342422 44.8103275494 44.5398114475 44.6494778251 44.6548219034 45.1670856974 44.5158219361 44.9865802085 44.8719667419 45.1352218171 44.8664196244 44.8201370177 44.607986908 45.0654042911 44.7927053545 45.1974503507 45.0291378893 44.9198240828 45.1916879151 44.5620997435 44.5665566321 44.5643207761 44.5203319212 44.95775421 44.6384505074 44.9267066007 45.2026699766 44.5959863506 45.0888886668 44.7202501249 45.0546800853 44.8118775604
45.1259198057 44.783972676 44.7528460786 44.7628715547 45.0364052373 44.6628673044 44.8824481266 44.7999735991 44.7976695657 44.8059564517 44.8548052528 44.5765321331 44.5294534941 44.6791428626 44.5139636235 44.5691641329 44.9230157024 45.1251439243 45.1806417863 45.2063810863 44.9075907327 44.7235353672 45.0053879685 44.6497093544 45.0885442656 44.5233570978 44.6121598504 45.1110210658 45.1625786834 45.0209271774 45.1686534468 44.6553601102 44.7970418191 44.7520726516 44.7770899489 44.8369931686 44.5965145032 45.1318112728 44.9531036341 44.7600667925 45.1666786853 44.8602304843 44.7605322268 44.6642112578 44.8257425475 45.1434158805 44.8049134517 44.9686240377 45.0356650079 44.8739127309 44.8654322348 44.83069094 44.8440037791 44.9398768633 45.2052255489 44.7688182732 44.6576942282
44.6951733879 44.9935738763 44.9167651571 44.913192599 44.9519598544 44.6972232893 56.6208244099 56.6208244099 44.5897608152 45.1198985033 44.6527477614 45.1963531942 45.1129540846 45.0352319534 44.8392432768 45.0816508103 45.1784015626 45.197914962 44.7977228607 44.9367637105 44.7053128424 45.1635950739 44.5830397922 44.890693708 44.692492641 44.8237949743 44.6234862474 45.1017249683 44.8406837292 44.6157152605 44.9366224098 45.0956314805 44.9546053296 44.6189866066 44.5139329328 44.6603305885 44.7428829696 44.5087861012 45.0464621082 44.8377390789 44.9138553162 44.8987872335 44.8565257874 44.9839657716 45.1399522598 44.6362390163 44.7175250395 45.0197637474 44.7414408744 44.9198429148 44.9772796861 44.8891272594 44.7131776329 45.0985884437 44.6243261856 45.1317417179 45.056993304
45.0922563229 45.1875183639 44.8379648522 44.5506702082 45.0295738777 56.6208244099 56.6208244099 56.6208244099 56.6208244099 45.1813049556 45.1166274845 45.0459247156 44.709037503 44.6160996616 44.8348291893 44.6604691045 44.7895788789 45.1026788337 44.6009834993 44.5580557356 45.1678016833 44.8799206513 45.1611119177 44.6466525053 44.5233254623 44.510830806 44.8166045443 44.6743746067 44.8407963339 45.0766565492 44.6502732888 44.6900110881 45.1233083272 44.578472716 44.5061590575 44.7612117417 44.938928137 44.8354980198 44.5490494873 45.1217619898 45.1660233348 45.1788181303 44.5813237929 44.6931159674 44.5308987213 45.1129274809 45.0299096558 45.1735397256 45.1280448119 44.5395489782 44.8206752242 44.7696063569 45.0892266876 44.5431976087 45.0857226563 44.8733456289 45.1183187527
44.9367210061 44.6839177638 45.1577374436 84.0077535385 84.0077535385 84.0077535385 45.0708681712 44.5200856218 45.1153679028 44.7197208905 44.7197146904 44.5592033204 44.6746822181 45.0132413105 44.7335210804 44.8379283842 44.7918600496 45.1990128703 44.7787517111 44.6148648527 44.6099915608 44.9165461978 44.6685138915 44.6119819733 44.787677987 45.0837795172 44.6587661174 44.6380728302 45.1732162812 45.060068136 44.806181124 44.9860808322 45.0384769952 45.0235756479 45.1719344804 44.5897104005 45.0999719789 45.0187662719 44.5892130248 44.7622039113 45.0595751381 44.6962758976 44.584882871 45.123185622 44.6127549095 45.169290724 44.8913544171 44.5030640542 45.1101666248 44.531194535 45.0760384735 45.0176742181 44.6559561967 44.8955508051 45.0725400058 44.9088581474 44.9280414102
44.778650553 44.8990475359 44.5729364858 44.866834573 84.0077535385 84.0077535385 44.5369036582 45.1823678717 64.8280889479 64.8280889479 64.8280889479 44.8664061636 44.598243573 45.1247575055 44.9846530728 45.0020796631 44.9075632966 45.027353204 44.6862154375 44.7911202031 45.1367483733 45.0331423645 44.5166317827 44.6408172231 44.9974495905 44.6303823268 44.8733126768 44.7400755756 44.6709093209 44.5951722084 45.1117580912 44.8679063846 45.0267265795 45.1930652427 45.0527668049 44.518289236 44.9636721757 44.5977927813 45.1562220035 44.5882810961 45.0573474057 44.8464332239 45.1489258114 45.1242108086 44.7289010062 44.8305940036 44.8078956933 44.5840855022 44.7140496119 44.5443535621 44.5767756707 44.6450259766 44.9355124514 44.7664960582 44.7558254843 44.9165313196 44.7561484894
44.572884573 45.1938263744 44.7672238109 44.6104822663 65.4126430553 65.4126430553 45.1762051744 44.5143147593 44.9728663653 64.8280889479 45.1901314421 45.0893732878 44.5881775545 44.9027365962 44.5531250955 44.9742915247 44.9349911585 45.1621950302 44.6222739136 44.9620522468 44.5515918755 44.7667039753 45.1152815037 44.9923906132 44.7784890501 44.6520085666 44.9540117467 44.5447761718 44.8593022158 44.8663556826 44.7883804965 44.5375788984 45.0719209236 44.5068265887 45.2018507876 44.6292866025 44.7904360223 44.6834392459 44.5117588677 45.0593811433 44.837380531 44.9403993598 45.1611990834 44.7040575844 44.6847360088 44.7370646763 44.7607938353 45.1171829878 45.0133700748 44.8884020353 45.1516788083 44.8948832836 45.1148234365 44.512954416 45.0137878762 45.1138512841 44.943398893
44.5020962083 44.6635799328 45.0654362205 65.4126430553 65.4126430553 65.4126430553 65.4126430553 53.4849056332 44.816794619 44.5239909174 45.0756033119 44.7333491645 44.535801329 45.0496814265 45.1388476119 44.9336898772 45.1225315645 44.5685342009 44.8035004655 44.8131605054 44.93485019 44.8504566645 45.1088239383 44.8710964548 44.6862885927 45.1132061555 44.7263181499 45.1766958275 44.93368946 44.6878896622 45.1344771443 44.8949769045 44.9235001725 45.0200912383 44.5779977336 44.664692714 45.0648530357 44.6410118085 44.6169861221 44.791493647 45.1037885844 45.0780060065 44.9541661203 45.1612680986 45.1892193923 44.9290863146 45.0691146136 45.1559718393 45.0597369686 44.8870417593 44.5086567003 45.1509280682 44.5410615831 44.8466097752 45.174038982 44.9158033945 44.6189061555
44.6375253992 44.6289167101 44.8146675702 44.5254054859 80.8539683561 44.8369781961 53.4849056332 53.4849056332 45.1087774383 45.0104691213 44.9383772425 44.9976773523 44.5336709964 44.5688354362 44.9916316916 44.5791823315 44.6393298669 44.6664979698 44.7281208735 44.5932501753 45.0744108308 45.049609484 44.5728200202 44.757733343 44.60138185 45.0426992883 44.6369620358 44.7179491304 45.1917168385 44.5016346986 44.6765104111 44.5215665188 44.7034054783 44.5929836082 44.5270335545 45.0047447645 44.6738296521 44.8590205532 44.8462972105 44.780326396 44.711813997 44.8716235317 44.8287523064 44.5544305398 45.0828956781 44.8327481818 45.1044069716 45.1293433597 44.5886349527 44.9715951911 44.715111015 44.8544898584 45.1141752084 44.5225317093 44.6716259039 44.7703779356 45.0627083748
44.6274180983 44.6288694469 44.7836430755 45.0163918138 44.9010007225 45.1821268114 44.6954731525 45.051424802 44.8122424825 44.9123945954 44.5134540943 44.9908914733 45.0438747763 45.012472241 44.8005863679 45.0643013746 44.9471902962 45.1808900221 44.6009981805 45.0765841996 44.6060175144 45.1903185633 45.110614563 44.7928122116 44.7279984601 44.5143856895 45.0412701548 44.7888647701 45.1732919528 44.588514015 44.921253093 44.7552498627 44.584488717 44.7105927618 44.906528854 44.6801063054 44.9697302301 44.9259169563 44.9103323992 44.9469917105 44.9262939926 44.6410490661 45.08674777 44.8507338513 44.631796311 44.9046942593 45.1287636108 44.5691603918 44.6609310635 44.6159660431 45.0916619273 44.6792919862 45.1079243794 44.6697443324 44.7190242065 44.8734705617 44.6963869701
44.7373766966 44.9784496441 44.9133533616 45.0172382397 44.6999262152 45.083951675 45.043380158 44.6144018791 44.9733696648 44.8023230527 44.5820074906 45.1361336368 45.0894999519 44.7174268494 44.9819762091 44.9453509845 45.1012151195 44.7734850739 44.5408273554 45.204239627 44.8647330989 44.8568822354 44.7957003997 44.6029601926 44.5485961024 44.5625814733 44.9880138664 44.9456100408 44.7004740973 45.0035573922 45.0707036456 44.9337080315 44.679330709 44.7209799624 44.6121302448 44.8944580866 44.9185046835 44.9878811577 44.8898153742 44.7339007776 44.7952789269 44.9468165024 44.5311532417 45.1237347439 44.6035857739 44.6225506618 44.9516754141 45.1581855743 45.1602509071 44.9537335809 45.0099681664 44.6380743283 44.6997338477 44.8459478906 45.1206357363 45.1546099862 44.8674876078
44.6280166153 44.9950934101 44.7946622721 44.7149033714 45.2003228219 44.9021384672 45.0640237357 44.9416814789 45.109521406 44.9486226444 44.6520356473 45.0423790592 44.9479778112 44.5914817934 44.9190736418 44.7165790358 45.102734683 44.8233902251 45.2053414999 44.963770041 44.9898712659 45.2059110075 44.8125475829 45.1223838835 44.5711932892 44.7836735787 44.8652851277 45.0063993995 44.954503505 44.6522377354 45.0751159947 44.8254792148 44.7732082602 44.7761517795 45.1256861265 44.9725492019 44.8399081967 44.6822567112 45.105298003 44.9401910909 44.8412927941 44.6951146294 44.9581470266 45.1173957701 45.2047286792 45.0569083559 44.7818014558 44.79174552 44.8884364279 44.8125907597 44.8296061308 44.818804421 45.1993815648 44.6965058306 44.7235840586 45.186714366 44.9542751486
44.8338397877 44.6416208013 44.8981147369 44.7107302501 44.8341588398 45.1987928459 44.6286418874 44.7980189438 44.7060151321 45.1849630249 45.09826245 44.6861562932 45.0888641758 44.7456661638 44.5662837815 44.6410754957 44.5006501048 44.9718023875 44.9265343558 45.0864960409 44.9588763856 44.6369948898 44.559436356 44.5693361792 44.9751712053 44.7850645033 44.7446657258 44.5021494593 45.0530891373 44.8852313411 44.5414371406 44.9177623524 44.7949734151 44.8420700256 45.0303545794 44.5638413868 44.5926047139 44.852309592 44.6614539982 45.1740659472 44.789553392 45.0759504208 45.002984845 44.9939405568 44.8722050431 44.7381141187 44.6962249429 44.8582077048 45.0914864397 45.0314531065 44.5140877842 45.0484376549 45.1061303499 44.6089412924 44.7284033272 44.6600207307 45.1536252746
44.6512185625 45.0858233014 44.7967730681 45.0516970516 44.8589939122 44.7861717204 44.9076557557 44.787806377 44.6035059099 44.598233446 45.1009295026 44.5112537384 44.5771592107 65.4246815116 65.4246815116 44.6423231211 45.0179493758 45.0468799198 44.663529314 44.7530336072 45.1477656363 44.902900541 44.8747614052 45.1091504294 44.7898966578 44.6743641007 44.9870775496 44.8597856488 44.6231146206 44.579054683 45.1064326055 45.000276668 45.1811230295 44.6005504355 45.1472317767 45.0341753477 44.9580898634 44.98545766 45.1632669554 45.0296376678 44.5019215427 45.1363329435 45.0646552379 45.1887596544 44.8259176321 44.5278593186 44.8496785653 44.9697170092 44.8969218801 44.9875221908 44.7273024021 44.5451566035 44.6285836984 44.6784402372 44.7983489428 44.7191802341 45.0572025685
45.0217827212 45.0465334815 44.8001554503 45.1181914054 44.9548460962 44.984774501 44.6749736788 44.8024412518 44.8324602081 44.8522068808 44.5813828018 44.9568490434 44.8064912531 45.0973968171 65.4246815116 44.9397438879 44.8130979916 45.0001005144 44.8425057761 45.1374432146 44.8850915078 44.6938606675 45.0735389969 45.0814176244 44.6811953064 45.1469256804 44.6250181847 45.0657614339 44.9415816752 45.0360972466 45.1397285751 44.8516869004 44.503498787 44.5106702789 44.8737267868 44.5041058047 44.783755954 44.6962046573 45.1501199042 45.1672279247 44.5012841227 44.8773444147 44.6423192274 44.7482011411 44.780882261 44.6932034015 45.0946611018 44.8758950896 44.905734652 44.6245344979 44.941022768 44.8422534322 45.1887563986 44.6131311198 44.7030283868 72.715846525 75.6544931548
44.6063929257 44.6849375749 44.6024649441 44.9843852243 45.2065091632 44.9051577852 44.905161055 44.5707186694 44.6829443397 44.9367198764 44.5985004516 44.5843578365 44.5223609147 44.6663654696 45.1422033857 44.5309570144 45.0798051897 44.5935446446 44.9532954004 44.5151745331 44.6115317041 44.6962468642 44.6601825321 44.9048281174 45.1768007058 44.9417759403 44.9675834946 45.0969675787 44.7121144088 44.7963779822 44.7973385355 45.1529646204 44.6634967028 44.8352038148 45.188971216 44.7009085528 44.5001647807 45.0486462642 45.1375540106 44.6825428582 44.628286507 44.9366651936 44.5083439104 44.623593088 44.5507372676 44.8186019749 44.973685596 44.9373227759 44.9517877839 44.5323453959 44.7365712355 44.7432834742 44.8621564394 44.9162299575 44.6213280858 70.7019727324 77.2464933227
