Spatial_Output/BAU/BAU_0762.asc
NCOLS 155
NROWS 192
XLLCORNER 196769.923733
YLLCORNER 449719.875193
CELLSIZE 27.603701
NODATA_VALUE NaN
[rows 46 to 68 of 192, columns 53 to 105 of 155]
55.2017701455 26.9437036678 25.3339851192 26.8224140252 45.7202638737 45.7202638737 45.7202638737 45.7202638737 25.3071025749 26.4376199534 26.5949681611 23.0258669409 26.3315216238 25.6546693858 26.6444522599 26.8853992573 23.9794132343 27.091261116 27.0673889927 26.2793766056 27.0185583772 27.1470717476 26.030208985 25.7566380224 26.454217951 24.4080581335 26.1809771085 23.1560079731 25.4929532996 26.4281742245 24.2428900745 26.0944276579 26.2155341977 24.4178104984 24.2030838383 24.7808245497 25.4555639113 23.5085765354 24.0721618176 25.3343772717 23.7354166107 26.7043683586 24.0777403847 26.9479591974 26.5885254525 25.5394861827 26.6604943552 24.5648440051 24.8469383098 23.0375035277 25.3363270073 25.6840538218 25.4221123512
75.1587997362 27.0560483849 26.896703361 25.7675423905 24.8911255328 45.7202638737 45.7202638737 23.758137766 25.0390882277 26.0605672263 24.243713178 25.9493960906 24.4045530509 26.7375176389 23.0510663954 58.3252058563 58.3252058563 25.4454909016 23.3614749399 24.8249903125 25.3573924354 25.0598932806 26.7136497962 26.1585241064 26.6625457839 27.2016325288 23.3293063279 23.448339315 24.2859422388 24.415019396 26.885683704 23.9811595085 25.9860539269 26.7957602222 24.1358843717 24.6840914392 25.9277218219 23.8434877062 24.1367977964 25.2182735164 23.2359820339 25.7347406792 25.0817863504 23.9725656471 23.3590749189 24.232627725 23.7626683555 24.5986302762 24.8112861884 27.081829422 24.0028528344 27.1092114789 25.3640502151
24.6801863411 23.2131120806 24.4278872924 26.9031976318 25.6577599195 36.4592483177 36.4592483177 26.8461032455 25.1827701274 27.1872587908 25.0457932719 26.6869439975 25.563652329 24.5771062309 23.1821158456 58.3252058563 58.3252058563 58.3252058563 26.4871347214 25.5779608423 23.8663696227 24.9950470465 26.5690635583 23.1020686402 25.0392829653 25.3073836223 25.1579298596 24.3156193863 25.697260782 23.5226133763 23.3818289453 23.9363572994 26.3466515317 24.4585040742 24.2760906359 24.4899409609 23.7841345502 25.9687741438 24.3590705438 25.7331753644 23.6589962746 23.2397992754 23.3039078907 24.0846121389 27.0119300239 23.7201401865 24.96948186 23.4427839137 24.7991079598 24.0359114135 25.1230280718 27.1542571472 24.1166993508
26.9680632564 25.1799410927 25.3023615094 25.5956415221 44.6037960013 36.4592483177 36.4592483177 36.4592483177 26.3345382754 26.0905792422 23.5267503098 25.4191915879 24.8279091016 26.0148345322 25.486257281 23.9752928551 58.3252058563 24.5199971997 27.1660985451 23.2045011948 26.6704617236 24.4908343792 23.8424326328 24.1056407342 26.6413852377 23.1931386042 25.3506031004 23.0627235314 26.7727464924 26.8776171616 26.5681183348 25.6399292845 26.3461937609 26.2993593781 24.0096621052 24.8826469416 24.247013433 24.7270415928 25.8536927497 25.7071870992 26.2331390836 26.4660580632 24.4752208176 26.5150268252 23.209626457 23.2583004428 23.0422640702 25.1865355375 25.0370777184 26.4222590614 27.0866452059 25.2043927629 26.0682392693
25.5334918343 26.9398548157 23.8294529172 38.1763778723 38.1763778723 26.0771652745 26.6875940536 24.1424689154 23.9557888154 23.2392914107 25.1926963977 24.60914584 26.1531551939 23.4154606424 24.5381553511 56.345157879 56.345157879 23.15236651 23.4007438554 26.6653906074 24.6512340348 24.7049773547 25.2015110303 24.1373625294 27.1015204556 24.751940182 25.0933732122 23.9076227197 24.0903346211 26.4391495102 24.4623801237 24.2979908935 25.6936237495 24.0091147493 23.869594165 23.677555859 27.1915288465 25.4667944553 26.5491779745 23.140490033 26.5916031286 23.3621550847 27.1808272418 25.652050589 23.173408 25.4949105114 26.8861680617 23.327469144 27.1465302347 25.5298596489 25.4351229633 25.6115876094 24.9486797349
25.5973928677 24.6662118091 57.4600781435 38.1763778723 38.1763778723 38.1763778723 24.7075335573 24.934590711 26.651191279 24.6260249369 24.4569997624 25.3618378033 26.2257541913 23.4657390683 26.9845848778 56.345157879 56.345157879 56.345157879 24.7684042697 23.0582268202 24.3544572202 27.055504293 24.5256636237 25.4263972935 26.5853655168 23.6179027895 25.8084793371 25.9658993379 23.8669656357 23.2716226212 23.9241602935 25.5484183711 24.3035319418 24.4802421856 24.1073068458 26.5264524084 24.3572965149 27.2290952033 26.2133732656 26.5467980522 25.1866717316 24.4104375535 26.9886466716 24.9154898163 24.3212730075 23.951669586 26.287239986 26.3093294718 24.8146223242 25.5780814311 24.7973064484 25.9471870218 23.2985754481
27.0754743292 57.4600781435 45.8512113957 45.8512113957 38.1763778723 23.1743706294 25.0241667691 27.0907549939 26.8183446194 23.8996023101 26.9725183167 24.8380154254 24.5021244381 25.6397720939 26.5291152397 69.4550622845 56.345157879 25.0753747006 23.6720530792 23.7069095063 26.7574149817 25.7971547425 27.1419307051 25.4845047329 24.4545795737 23.994204184 25.0748926572 25.1010557581 27.086506724 24.9722788761 25.534857498 24.8072987974 25.5328522336 26.0535076772 25.7298748683 24.1040878114 26.7535392997 23.6241728881 26.8717225187 27.2093037501 27.139947649 23.4411665381 24.8481214418 26.2732548881 25.4517161644 23.7826443537 26.6362349992 24.1456905442 27.1927692196 26.110096016 24.2886485641 24.2603080549 25.5978227357
24.2966118677 27.0530307431 45.8512113957 45.8512113957 36.6955347397 25.907364327 25.6261356071 24.9076105466 25.5938398529 25.8207442782 26.8757820461 23.6140413116 24.3426483982 24.41450812 26.9817573944 69.4550622845 69.4550622845 69.4550622845 25.357466057 25.7839298979 24.7589055704 23.6600601396 24.919704323 25.3017337209 25.5600477515 25.8502747672 25.1198473982 26.7074494139 23.3320356598 27.0052841665 26.1923198267 25.2819242309 26.2404220701 23.412028303 24.8640131188 25.2756392459 25.380571505 24.5709354707 24.6261947835 25.3028765282 23.6944270755 26.84307452 25.1052331713 26.6989865587 26.7638455921 26.0169845292 23.6938757365 25.6061638757 23.2995685598 24.275615221 23.8175073291 56.2388999073 23.4569595247
24.2200120807 25.7996655657 26.3039819771 45.8512113957 46.3754633482 24.9595941815 57.853342082 26.6001267207 27.1664886849 26.6293178924 26.0736103944 25.4256658463 23.0761909918 25.5261198587 25.3496142893 41.8204501707 26.4999767725 23.7795764285 23.9919898586 27.1335238687 25.3809775767 27.0514884865 23.0421998878 26.584356749 26.029771117 24.1073870087 23.6886992375 25.3237487467 24.6818166587 25.8544319716 26.7348660615 25.0491016038 23.3245682541 24.4488417674 26.4581836727 26.6282841931 26.4017432396 23.3824935314 26.0042885411 25.9819725372 26.5180010732 23.2175916574 26.3943751822 25.1924509911 24.7381164586 24.6365365671 26.0920207434 26.4564903311 24.6501260023 23.0409786745 25.6666819346 70.0901999662 70.0901999662
24.218089404 49.4225142671 49.4225142671 25.4157818174 46.3754633482 49.4331392721 49.4331392721 24.7574069829 25.4724494753 25.8984810237 24.3992155701 24.598406924 25.3513243441 24.5626094233 25.7449626002 78.0304975684 24.5733229204 78.0304975684 23.972438123 26.5646513493 24.605381048 25.680052589 25.5499897557 27.0933884544 25.7524246115 23.2896700775 26.493053959 23.7813618763 26.3431411931 23.3923258716 25.9019738097 23.5194476441 24.023245364 25.7771257146 25.2947368306 24.8145216434 25.6204848392 25.2571662389 26.5281040867 24.317218457 25.8558919683 25.6998098159 25.5909392321 26.5058595916 25.3686907225 25.2927838154 25.6067854264 24.8501146366 26.8366379711 27.0329295917 25.705461195 23.4152638015 70.0901999662
25.7431457035 23.4868517547 23.9087419063 25.229027609 49.4331392721 39.0846066884 39.0846066884 26.1798608403 24.2160458084 25.6846800215 23.1522361676 23.9850467335 25.830897217 23.6254637612 26.5945239398 26.0676594277 23.1558722477 59.1047858524 25.708867623 23.330038135 25.7971278929 25.2828907006 24.6204685454 23.4407639115 25.04809356 24.8916545134 25.4062761925 25.7910974354 25.0580060407 23.2140836941 25.3805584573 26.2170436233 26.4944971897 24.9671193021 23.1165319412 25.5617428052 25.6381167217 25.0323371938 26.7864058832 24.1439211919 23.7882371453 26.0264596384 24.4604293719 25.5412246314 23.7364798309 23.0351626316 24.6621303622 25.2738695416 23.6765186224 24.4054847171 25.467154421 26.1754625804 52.4639414792
27.0542027398 23.9280531287 25.0610415071 23.9309673655 39.0846066884 39.0846066884 39.0846066884 41.6213572108 24.6764717797 25.7511552588 23.0367036138 23.8121902512 24.5480558619 23.107407053 27.0612045242 59.1047858524 25.233815841 23.457352039 23.5700126537 25.9950250216 23.4319709249 26.2552679314 23.7695521107 26.5013537718 23.2190555744 26.4534085375 23.3752152174 25.9148804323 26.5238534109 24.9593248223 24.2145425242 25.3979120682 25.8288620966 24.5529825855 26.4343379083 26.6702898541 25.8910918422 24.6673198482 26.7410013631 24.6871163224 25.2357610335 26.8527550612 24.2411553201 23.3754165443 24.4969341826 26.4288664098 24.2875561576 23.8312455451 27.2296060537 23.3912939076 25.6230900505 52.4639414792 52.4639414792
23.9924114859 71.7468693041 71.7468693041 59.6245046376 45.216754132 41.6213572108 51.4994104449 59.9914591346 23.4275538099 23.6269456831 24.2997131127 26.8688776875 24.3103933001 24.9671438132 23.2715300967 23.9558704682 24.2135024713 23.1811592926 26.6186586236 26.5428789502 24.4656926124 23.4945831604 23.4009047353 27.1873580366 24.0428251243 23.940352123 23.9985805078 26.0006469003 26.4571255703 26.9162859066 24.0340962654 27.1242675978 25.446733595 26.3567778121 26.4926481227 24.0950060832 27.0837273188 25.8973814557 24.3051233271 23.8131485954 25.0899914442 24.9324173988 26.1417850745 24.2348569611 25.2467370949 24.9345114936 24.3972518733 23.4482030205 26.0715262145 25.3840019928 24.8029750287 40.5530744276 43.0779109677
54.0101522009 71.7468693041 71.7468693041 57.2866813717 57.2866813717 45.216754132 59.9914591346 59.9914591346 59.9914591346 26.6977609966 24.3073954816 23.0587525335 25.3309438616 24.2854036542 24.043182067 24.2861715951 24.7306578344 24.9935877008 26.5219615613 26.75228672 23.3751200905 24.1200907133 27.1013204482 23.0707956523 25.1123109328 24.8342816091 25.0425533264 26.2671816846 24.911870567 24.7997850711 26.1116329454 23.3469179431 25.008358972 23.4575137336 25.7332960643 25.5858894399 25.1976603663 26.9975549002 23.550450344 23.1429459252 25.280433971 23.9571657269 26.671651416 24.5202866903 23.6990216361 26.8233878678 26.1451869323 23.9321624108 24.8848060401 26.6463252362 26.7740748741 43.0779109677 43.0779109677
24.8760019355 71.7468693041 71.7468693041 57.2866813717 57.2866813717 45.216754132 45.9350535205 45.9350535205 46.7084135316 46.7084135316 45.7821237333 45.7821237333 46.0689902809 26.6751215445 26.6109067224 54.3883886167 54.3883886167 25.7898917683 23.4236972288 24.9039647004 23.9171408085 26.4807173209 25.8717955227 24.6526165455 26.4161826316 23.7291361573 26.5288401916 24.8927607599 23.4558991856 53.9217071044 24.7984841444 63.4593219568 23.3944599693 26.0732256668 25.3143451518 25.8501667241 24.6293298162 26.5999028067 26.8010349997 25.0327196295 27.1060832198 23.5864702541 25.4760126318 25.2290484763 26.6741366929 23.2467511616 23.2332745246 24.5984009652 24.0737295204 27.031334311 25.0261967464 23.7695183735 64.3516086721
24.6031429099 25.1806706734 26.7568774793 26.6090964852 57.2866813717 61.0891156529 45.9350535205 45.9350535205 46.7084135316 46.7084135316 45.7821237333 46.0689902809 46.0689902809 46.0689902809 25.7269947723 54.3883886167 54.3883886167 43.663215447 24.9268566285 27.1092428236 23.7387326687 23.2748333621 26.3384053826 25.6977145913 24.0762570948 25.2578265887 26.4959130125 25.3100606936 23.8422846812 53.9217071044 53.9217071044 63.4593219568 23.0047404834 25.3237925347 25.5459244827 24.3383494257 25.2455373477 26.8264621681 26.3822130352 24.2771315309 24.6143255308 25.9181139895 25.9458786861 23.7128647233 25.1395789918 23.9770767275 26.0225597999 24.8111514855 23.8740998718 26.3484624324 24.9521021609 23.5569310013 25.9109842057
24.4419632415 24.420198031 24.7525589782 26.9990412406 25.5699245183 48.6631134802 54.5986020513 54.5986020513 46.7084135316 45.3179593591 25.9297769575 45.7821237333 46.0689902809 23.6145841013 26.055467201 23.9912183426 26.6000381917 26.5877197767 60.5733667978 26.3525040827 25.5001684239 26.6373504682 23.178109832 27.2235539196 23.9362821846 24.2317948249 26.9850843831 24.1295378379 23.0877134694 24.4400979835 23.4930468123 63.4593219568 27.0214371086 23.0412639867 23.7443170019 25.2739321987 24.1125646414 24.9240919441 25.153683409 23.7869168043 25.1614902737 25.2801562061 27.0731452656 26.427072232 24.2255606609 23.1406336158 23.8850700903 23.02049213 24.5101738059 25.7996520347 25.8815012328 26.317001213 38.4815020297
24.3449483905 25.9971509651 24.3354354094 26.6623144294 24.7141050537 54.5986020513 37.835151382 37.835151382 54.5986020513 24.4644115049 25.068520171 23.0091250556 24.1391401622 23.3740526422 25.1995468032 24.1651615688 58.5145490651 59.6475814584 26.3369291103 23.8899804896 44.4708165374 44.4708165374 44.4708165374 27.1817633764 23.8943857614 23.3586155192 26.6314925931 26.4177374546 53.4072248967 53.4072248967 26.5330628967 27.0887378596 24.8144468122 27.0014325862 25.5358956677 25.4206055114 23.1089344073 26.9682440978 26.9380743919 25.7388431934 24.6073222097 25.1411017838 24.8872414568 24.042529929 26.4828497955 24.4166913005 23.4205098553 23.4901525575 23.6175242217 24.7285570288 25.4871550999 25.7263472921 57.0910429647
25.9044017465 24.0689797829 24.1617384289 26.3671538337 23.2109630644 37.835151382 37.835151382 37.835151382 37.835151382 25.3188553292 24.0864636668 24.1432800713 23.0775632744 26.0911166619 26.8478869031 59.6475814584 24.3936775465 27.0876260766 25.2010400657 27.0125339144 24.9963478368 44.4708165374 44.4972481394 26.7075503502 26.6761712811 24.1617574835 24.2785139948 27.1294456955 53.4072248967 53.4072248967 53.4072248967 26.2614533841 26.9308940884 25.1103182261 26.2034305362 23.2495988535 26.5598685643 23.0362124915 26.2799102848 24.7163049945 23.2454581154 26.4772897182 25.9816550142 26.3410227774 23.5609219719 27.1815961069 26.6290684446 23.4785675285 25.5461354085 26.2781315614 23.0427226531 24.7105253831 24.67225433
24.2718112009 23.6768314996 24.3921379895 25.855615436 26.0885286138 25.3626918805 86.5686528994 86.5686528994 69.8837815549 26.8361133476 25.0706127454 27.1757013972 23.9411571402 24.7188933399 25.1859295491 26.5807471641 23.1753650107 23.4233940643 25.9176431101 23.6060088097 24.4668866874 44.4972481394 25.4549400746 24.455321638 24.1085627825 24.104840133 23.1157382859 25.9565084187 64.369113931 26.1218640617 64.369113931 23.8882664094 23.6155366107 27.006540739 23.1096936921 24.0687965783 23.1178215436 24.1698404404 23.5501844498 26.189666163 25.5434366902 23.0241843091 24.2159649885 24.2753133747 26.8780591103 26.953107077 26.1404651764 25.5388292237 25.1223263868 25.1680706795 26.4762447273 24.7985332804 56.8288453695
24.7218756414 26.7177238334 25.9813430529 26.9280077034 26.6184355528 23.2305120445 69.8837815549 52.3666610212 70.6021458291 23.6724924944 26.1431555436 23.1417211952 24.8696104051 23.7589980292 24.3693614858 23.7457478597 23.395847377 24.7194211664 25.9806422397 27.0362370666 24.4558150125 26.6164772992 23.3770818866 23.7626898045 23.8765691522 27.035022389 24.6085968345 26.4720888338 24.1994855523 42.8297881316 42.8297881316 23.824276868 26.4113013177 23.3876988188 26.2800053893 24.7400946633 25.1324969225 26.0595611517 24.4775890115 23.7249324675 23.826251191 23.6780268887 24.2065841826 25.3837170976 26.4410024775 23.8008135833 26.0593342014 24.2829770003 24.0173542951 24.0409043418 26.3763669862 25.6425937991 55.7659892773
24.550752835 26.1722420099 24.7694965377 25.1322239923 23.659302729 26.0955423524 25.9961290928 52.3666610212 52.3666610212 23.830825816 23.9620603716 25.0067482116 27.1428036861 23.3157617316 25.0259349048 27.1171713594 25.6095273264 25.7416675237 25.5309388704 24.0841458555 26.8691826864 26.248241987 23.1800925002 24.8528734325 26.5974480764 24.0831970184 23.509718786 25.8365818968 42.8297881316 42.8297881316 42.8297881316 27.1656188624 23.1966793516 24.416138855 26.82356952 24.4022218419 25.2482831679 25.2537632311 45.6412684667 46.7683453369 46.7683453369 26.1236978814 50.6817636591 23.8905335219 24.1654605214 25.9858663871 26.5084108638 24.9171681113 26.0528089978 23.1400679335 24.6324590735 25.8457562043 25.615481336
24.0024954242 23.895389397 25.9042834595 26.1195025213 24.6736158165 24.6922481307 52.3666610212 52.3666610212 52.3666610212 24.8298248793 25.8838577324 25.0349844433 26.4394999166 26.0291351453 26.7279407828 24.1449900304 25.9694414834 27.0626516844 24.3209872215 25.3543159263 24.1344319163 26.7443119045 25.4717904049 24.7374744217 26.6994852729 24.1486428381 26.4110157035 25.2262463538 41.2242138825 24.4194036718 23.0466011506 24.2802278244 41.0676026839 23.963446356 25.0544345564 23.685163929 27.2368482622 26.1036831417 45.6412684667 46.7683453369 46.7683453369 25.7942159947 50.6817636591 60.0406966153 24.5289532276 27.0387057694 23.6789354001 26.3256236473 23.3300706671 26.9045115036 23.5440511402 27.0205219681 25.9768553416
