Spatial_Output/BAU/BAU_1151.asc
NCOLS 155
NROWS 192
XLLCORNER 196769.923733
YLLCORNER 449719.875193
CELLSIZE 27.603701
NODATA_VALUE NaN
[rows 0 to 22 of 192, columns 53 to 105 of 155]
27.892874642 28.0234665833 27.7470084443 27.8553692148 27.9725704092 27.8495754146 27.6347034341 12.0608882602 34.7970084892 25.4910787869 27.5456892334 0 0 0 0 0 0 0 0 0 0 0 0 0 0 0 0 0 0 0 0 0 0 0 0 0 0 0 0 0 0 0 0 0 0 0 0 0 0 0 0 0 0
28.1708081132 28.1439724135 27.5344482154 28.1609180268 27.9401584693 27.9004293969 27.9122495765 11.171161134 27.375279509 19.6335526765 27.8670793117 28.0193751508 0 0 0 0 0 0 0 0 0 0 0 0 0 0 0 0 0 0 0 0 0 0 0 0 0 0 0 0 0 0 0 0 0 0 0 0 0 0 0 0 0
27.8889211341 27.8402473382 28.0146177331 27.8924364316 27.6530086766 28.0041425564 55.5518944653 16.2674460881 26.7592507108 28.0205159096 27.6157163884 28.1897006982 0 0 0 0 0 0 0 0 0 0 0 0 0 0 0 0 0 0 0 0 0 0 0 0 0 0 0 0 0 0 0 0 0 0 0 0 0 0 0 0 0
28.1340782291 27.9162486954 27.5309360694 27.9103278202 27.6339215455 28.0472139522 55.5518944653 55.5518944653 55.5518944653 27.6404965013 27.791568056 28.1017464665 27.9150311667 0 0 0 0 0 0 0 0 0 0 0 0 0 0 0 0 0 0 0 0 0 0 0 0 0 0 0 0 0 0 0 0 0 0 0 0 0 0 0 0
27.5654423551 28.0603605034 27.6144037135 27.6825467336 27.6672881614 58.6481127969 58.6481127969 55.5518944653 55.5518944653 27.5794631026 27.5485599417 28.1197499112 28.163307294 27.7595310132 28.0881722671 0 0 0 0 0 0 0 0 0 0 0 0 0 0 0 0 0 0 0 0 0 0 0 0 0 0 0 0 0 0 0 0 0 0 0 0 0 0
27.7008274402 27.5503133943 27.9540327515 27.6361707382 27.9753354881 58.6481127969 58.6481127969 58.6481127969 27.9503788448 27.9496503904 28.0699365863 27.6753827377 27.9898254955 27.8297544501 27.701637547 27.5880105317 0 0 0 0 0 0 0 0 0 0 0 0 0 0 0 0 0 0 0 0 0 0 0 0 0 0 0 0 0 0 0 0 0 0 0 0 0
28.1771905783 28.0824538432 28.1752410274 27.9980822071 65.9864222713 65.9864222713 58.6481127969 27.6713825983 27.8382311946 27.8939498361 27.7117710851 27.9644461608 28.1392706383 27.8889082811 28.1024052532 27.5189349066 27.6840644933 27.8209347546 0 0 0 0 0 0 0 0 0 0 0 0 0 0 0 0 0 0 0 0 0 0 0 0 0 0 0 0 0 0 0 0 0 0 0
27.8649381901 27.790160826 27.6672016211 27.6687195046 57.4649193295 57.4649193295 65.9864222713 57.8239095651 57.8239095651 28.1607024792 27.5342777302 27.6045861807 27.9888765355 28.0472848146 27.7703611204 28.0487942013 27.9581834486 28.0182261207 28.1092024116 0 0 0 0 0 0 0 0 0 0 0 0 0 0 0 0 0 0 0 0 0 0 0 0 0 0 0 0 0 0 0 0 0 0
28.1122035751 28.0125065775 28.0354975912 27.6086727055 57.4649193295 57.4649193295 57.4649193295 57.8239095651 57.8239095651 62.7728106726 62.6864472178 28.1299728773 27.919517928 27.7356306681 27.7195482528 27.6772320106 27.5197479478 27.5931760956 27.5785514687 28.035307951 28.0186796982 0 0 0 0 0 0 0 0 0 0 0 0 0 0 0 0 0 0 0 0 0 0 0 0 0 0 0 0 0 0 0 0
27.5168854171 28.0444750596 28.1227178649 27.9878577042 27.8478538143 64.3471812111 28.0246245388 27.9203422145 62.7728106726 62.7728106726 27.6495331 28.1027850318 27.8590134829 27.6962796292 27.9298460679 28.158709578 28.1294172172 28.1603133625 28.0961143776 27.9463278684 27.6734685477 27.989623561 27.8752206925 27.8072098898 0 0 0 0 0 0 0 0 0 0 0 0 0 0 0 0 0 0 0 0 0 0 0 0 0 0 0 0 0
27.9074704693 27.5238561976 27.8213988943 28.1391933666 27.5561847935 64.3471812111 28.0877920899 27.5229191996 27.5846830748 27.9478819931 28.1511121054 27.9960833323 27.7590399749 27.5967747094 27.9853840437 27.6145571349 28.0639701393 27.7175941661 28.1550733305 27.9403743277 27.5036051439 28.0019221116 28.1647383937 27.5517778784 27.5622467769 27.6772775752 27.6642229692 27.8837626814 27.9928858395 0 0 0 0 0 0 0 0 0 0 0 0 0 0 0 0 0 0 0 27.8137368039 27.9018453549 28.1925139692 27.5092776318 28.1227627136
27.8679095801 28.1374435511 27.86655696 27.9276290989 27.9742215898 27.880187732 27.7575857122 27.5098922181 65.9933766745 28.1101559631 28.1388565225 28.0236022532 27.8566629893 27.8273524025 27.9781712272 27.5400264157 27.8103315213 27.6337316942 27.6816359449 27.8696323365 28.1718238868 27.7319038182 27.7730520133 27.7655350425 27.9340058209 27.610184866 27.6517998086 27.893308369 27.8312289056 27.6247039246 28.1143598299 0 0 0 0 0 0 28.1883121706 27.5816013182 27.930170057 28.0150562737 28.0696689207 0 0 0 0 0 0 28.1646984129 28.1007440549 27.633316089 27.9723525707 28.0514064089
28.1592562945 27.7484895019 27.7470813345 27.8542019344 27.8495265566 61.1356363955 27.5604233222 27.6495011994 65.9933766745 65.9933766745 27.9516717728 27.8856130517 27.8126001247 27.6452129112 27.5139498027 27.7735779307 28.1596207388 27.9607485321 28.0726513818 27.8494743074 28.020390138 27.838843454 27.5441411123 28.121305651 27.9465731362 27.7581774774 27.8717392908 27.8384945571 28.032325502 27.5994482951 27.9509703553 0 0 0 0 0 0 27.6100818462 27.7837254479 27.9172757026 27.8294855524 27.624732883 27.8887168239 28.0569087026 27.5726765441 0 0 27.798080102 28.1719230991 27.8148351689 28.15963888 27.7217550205 27.7666462697
28.0440698934 28.0169244386 27.9154707647 27.5210689089 27.6330042169 54.3814938223 54.3814938223 54.3814938223 65.9933766745 43.418634446 50.5981967697 27.7976097666 28.0701647787 27.9978164908 27.9159659659 28.0121307918 27.9659090701 27.6072236911 27.7874565183 27.5165383791 28.1156654642 27.6989623692 27.9885557645 28.0484661713 27.7552892867 28.2048522617 27.6194935023 27.9704517428 28.0134674176 28.00500328 27.9575502053 27.8632078983 28.097924166 28.0749619368 27.9321179892 27.9572352648 27.7617518066 27.5639706893 28.1567255949 27.6620163764 27.8219820167 27.5310501689 27.9183258397 27.8796873151 27.5198695614 27.6433895991 28.1720434199 28.1530036698 27.7560966303 28.1208580445 28.1515143388 28.1747263286 28.005401663
27.6062812816 28.0643035932 27.7114114588 27.6867066324 27.6876575648 54.3814938223 54.3814938223 27.8344988663 43.418634446 43.418634446 27.9604637478 27.7912561501 28.0654649415 27.9709503374 28.0405162228 27.8078227194 27.5322965277 27.8981996041 27.9393092569 27.5380175512 27.5617470915 28.0735204175 28.071536257 27.9936683483 28.1920283178 27.9290180289 27.803636783 27.9828546532 28.0268584177 28.0431590394 27.742189023 27.6782717355 27.6430563756 27.968921172 27.6509246521 27.5263294183 28.071914714 27.67255751 28.0499603743 28.0813458901 27.8929469316 27.5494895155 27.7169476947 27.9932379957 27.7908150043 28.1095743928 27.7533324029 28.0743055761 27.9658641682 27.8123008593 27.9052693209 27.8458666072 27.9130987186
28.0030802751 27.7521555194 27.6137188126 27.8450438665 43.4527470741 43.4527470741 27.942413939 27.9272221905 43.418634446 43.418634446 46.7399567101 46.7399567101 28.1718688682 67.4002438753 67.4002438753 27.5094446846 27.8212977206 27.5602026369 27.9137316048 27.6066143716 27.8931123922 28.0335801816 27.8279838199 27.7567689133 27.5555056264 28.0817291813 27.9120202582 27.9347028265 27.8480329394 27.850032696 27.9362168289 27.7165537089 27.6137085111 27.6669389941 27.5762946385 27.6430279094 27.5200299368 27.5521241577 27.6773454022 27.6951391102 27.9979815321 27.7800707638 27.8302427426 27.666980621 27.8592030445 27.7713726307 28.1541394066 27.6490765514 27.9880698809 27.8340799951 27.7829355719 27.9158533649 27.634087328
27.5263928724 27.5518233072 27.8093501856 27.820805546 27.5273284136 27.7562148818 27.5509840544 27.8904000553 28.1044371674 46.7399567101 46.7399567101 54.7682065311 27.7964605468 27.6286869459 28.1687747529 27.5765547173 27.8721270065 28.0606029481 27.6906146948 27.7957720368 27.6498223729 28.1251653394 28.0501352328 28.1271604309 27.7801257222 28.0707762651 27.9071411751 27.6931451098 27.8491595872 27.6389421602 28.2039798267 28.1915558873 28.1311823385 27.9549731963 27.7911572087 27.8546874098 27.9664296758 27.7276763557 27.8981300995 27.8055935308 27.5691432188 27.8366694213 27.7915276054 28.016339577 27.8549163727 28.1903865319 27.730177576 27.7152439069 27.8807549601 27.6799899477 27.7363437582 27.744980904 27.9218402135
27.6431840911 27.714325882 27.954414492 27.773752957 27.9840288415 27.7423835876 27.6975215076 27.7155540455 28.1195168089 27.8255126883 54.7682065311 54.7682065311 28.0665168909 27.9159819068 27.9473776986 28.1938656025 27.8109353288 28.169371582 27.5977479431 27.6153792441 27.5154655042 28.0109881668 27.6166290433 28.1888567368 28.1854270103 28.1835842599 27.6547469134 28.0913476407 27.5871691573 27.8540413646 27.8216607388 28.0975726936 28.1687105794 28.0308766335 27.8764116226 28.0335188713 27.9650688862 27.9297757715 28.1175486623 27.9486312047 27.6861800458 27.7151998842 28.0494401724 27.6906115781 27.6326546482 27.7933516503 28.0718270429 27.7275126136 27.9729760408 27.5243267957 27.6288246586 28.162254887 28.0064798876
27.8530079115 27.6301893734 28.0797565071 27.9684282895 27.8495988644 27.6844752658 27.8385829228 27.8238406851 28.1895814062 28.0414016467 28.1172973895 54.7682065311 27.6175540084 28.0902777959 28.0460818957 27.8036847864 28.023046109 28.0716740873 27.9215673494 28.1528038749 27.6440324874 27.7068560517 28.1148660933 28.2007203195 28.0017782436 27.8710828202 27.9245345433 28.1517547541 27.9229881671 27.5803481979 27.7280091501 28.1950629555 27.5147639325 28.0970011244 27.5353832618 28.1553568112 27.6383826773 28.1097606423 28.1391631441 27.9395387966 28.1694775567 28.1017769299 27.7206751115 28.0536233799 27.6145814104 27.9597483925 27.7091497429 27.7866382326 28.1041220029 27.9951694405 27.855281042 28.0285514652 27.6476131989
27.5974938753 27.7383691454 27.6987179787 27.9136519519 28.0847966818 27.5283183277 27.8882197577 27.6428258885 27.6820598527 27.5074817809 27.5797840664 27.9800838 28.0746159424 28.0713115921 27.7386339963 27.8979700624 27.9308369799 27.876578328 27.6846170892 27.664619879 27.532491887 27.8860408645 27.7175572506 27.6462491424 27.9022553178 28.1126366976 27.7849278251 27.9870242651 27.7476603574 28.0414142007 28.1367638164 28.0439926345 28.0140886703 27.6899676734 27.7619762871 27.9666665094 28.1317650758 27.972180524 28.1996453137 27.9071047317 27.7762917885 27.540506527 27.5787109683 27.7043831613 27.8555456044 27.5017507479 28.1791612928 28.1833656855 28.1811474933 28.0703679837 27.7325202012 27.8609665252 27.8114340844
28.1447963985 27.6749286662 27.9331770328 28.1523487294 27.9889538168 28.0771885267 27.5100495598 44.4335601226 44.4335601226 44.4335601226 27.6487174031 27.6037831832 27.7615701163 28.1051926651 28.1031527786 28.1204082164 28.1830485214 28.1034958525 27.5753820701 27.9341985458 27.5726111352 28.0376298761 27.8096700771 28.1066439727 28.1594516983 27.9090375732 27.7964290633 27.9432062566 27.7204458527 28.1713816815 28.1095682304 27.9712217479 27.9494456298 28.173422203 28.0236565847 28.0697405093 27.5829768777 28.172430764 27.7733965536 27.8118109466 28.1105698672 27.6724529079 27.6747524079 27.50607947 27.8779286882 27.5471908591 27.6934357869 27.9475817918 27.5730860725 27.5121959239 27.5123452176 27.7228296454 28.1341643819
27.8878172413 27.9139359163 27.8811958121 27.569380277 27.7144188575 28.0575366207 27.9372705356 44.5251574024 44.4335601226 44.5251574024 27.5971280066 27.6131293774 27.7269439468 28.045724198 28.1085745986 27.5835536889 28.0121330314 27.7465350981 28.1158446573 27.9699635338 27.5101837055 27.7872930987 27.7000044487 27.5334858253 27.8435795674 27.7482110022 27.9763067928 27.9178453671 27.6849452485 27.7889914306 27.9292349148 27.9269528869 27.6306977965 27.8606247715 27.6851434877 27.6560159496 27.8211661496 27.6456563405 27.6049773752 27.7580500848 27.6667464855 27.6004089407 28.1352573248 27.8519114093 27.8166048382 28.1610496128 27.7548864652 27.7481078312 28.2000271296 27.5305074934 28.0915648627 27.8562509375 28.1761566881
27.6202231863 27.7552697173 27.6359344971 28.0491487007 28.1383036424 27.5101349114 28.1311456132 67.0309356793 27.7619792057 57.5639868348 27.9653365118 27.7716886124 28.1828182865 27.5832432219 27.6754106731 27.8320804748 28.045507399 27.7518512786 27.6934992536 28.2030530758 27.568088733 27.7762078465 28.1862695416 27.8265079769 28.050213716 28.1768774091 27.974157185 27.5698635943 27.6027199408 27.6228686931 27.8787225282 27.5804269471 27.963371286 27.6157121813 27.7195334322 28.1941647466 28.1774188849 27.8868816269 27.7514399451 27.6504733113 27.7404431084 27.5992149987 27.6269300026 28.0630914755 28.0986895814 28.0249454826 28.1217168738 27.9467201563 27.6495335253 27.7132880784 28.1246403079 27.8255869368 28.1918507135
