Spatial_Output/BAU/BAU_0623.asc
NCOLS 155
NROWS 192
XLLCORNER 196307.867259
YLLCORNER 449144.565805
CELLSIZE 33.573938
NODATA_VALUE NaN
[rows 150 to 174 of 192, columns 57 to 113 of 155]
27.4956850847 24.7064969186 28.4320945421 28.8394866491 26.835223603 27.4958964877 27.9113336123 27.2342732544 44.2702759388 44.8691152667 37.8079972362 28.4359936831 25.706591043 28.6151598232 28.3537268558 26.2930011048 24.9138721107 28.029676213 28.3317784 25.6548978377 25.1558794517 29.2477784549 25.1206718958 27.9283080147 27.8983106799 27.9773382659 29.4170435737 28.0432051966 29.215402978 25.7735348304 27.8850871892 29.1927431397 28.3681524249 28.9551662835 26.7220203228 27.3647056311 25.1147218317 48.4011237029 48.4011237029 27.8058477652 24.84210595 26.2091163256 27.1059846895 24.8371070203 26.3095972225 27.5800264497 25.3418087851 25.5800422582 26.5328769338 29.4208145256 24.6553978231 26.5658232008 27.2444519298 26.9027273443 26.0039718487 24.9647503558 24.5069735404
0 29.1062849392 25.9636024498 27.3477490815 26.788004005 26.7299808991 26.7893641559 52.3935161015 50.5718627037 47.8862227125 42.4274848156 26.0662506782 27.4328197956 27.2326714997 28.7007583188 25.8364274419 26.9296444932 28.9549793997 29.1062987722 28.3025380906 24.9036372043 25.5216309466 28.9085467598 26.1031538108 27.9543988792 26.6235560998 25.6402871902 25.9985151999 28.1559562405 27.6856620736 28.2003342771 26.8958867533 29.2760155606 28.5886967235 27.5130642591 24.7309068531 48.4011237029 84.5965858197 84.5965858197 25.7629149444 28.5022826185 26.12065819 29.3061644759 26.4333451814 27.9825501564 25.1812322425 27.5782146013 28.7357079529 27.4696320297 26.6925143731 28.9878068466 25.0863117381 24.8608320941 28.3072932674 24.6842565084 29.01303144 27.1261175154
0 0 0 0 27.9929554652 28.5607282132 25.8132824717 26.3515314132 42.0381713965 42.732969154 41.239098413 27.7966270721 26.9943266896 28.777896781 28.2138195003 29.0148176893 27.0607199973 25.8950474341 26.5248585785 24.7561294552 27.8284874572 26.1185991638 28.0622645605 28.977321562 26.8485463141 27.3186893476 28.9262222961 26.9975767545 26.0941293927 25.5643411165 26.0760764287 25.6340720691 29.4373282564 24.9164657628 25.2729436458 24.8583188785 84.5965858197 84.5965858197 84.5965858197 63.8545497089 27.4234124409 29.4308883252 25.2096746829 28.0633395349 24.9059359924 27.0842829387 24.7068311887 26.90910291 25.8115973549 27.4498083736 27.6071297461 26.4935204757 28.4905853775 24.979092238 27.1891071013 26.4445846413 27.7383827133
0 0 0 0 0 0 28.3764357511 26.4886463388 50.5112072141 69.7324465013 69.7324465013 69.7324465013 26.8494023255 25.8070963991 26.5451358906 28.2795975816 25.4850888289 24.9716232506 25.9257733754 26.8519709006 27.888018466 27.9948094382 25.7519464682 28.2603781466 28.6305128073 26.2709019464 24.9305421405 26.8216318839 26.8713977332 24.7363791296 28.3363602884 28.9014565728 28.3520956556 26.30792951 25.5692868535 26.4855982932 24.5179942956 63.8545497089 63.8545497089 25.9393560697 29.2230296281 25.9593428975 27.8812770299 25.4433403001 24.5015322735 27.5667957921 29.2451368231 27.4219302742 24.9780252348 25.1849451826 25.1702843322 28.0432805902 25.3820496282 27.7473351622 28.4041904213 27.4450380807 27.9163230146
0 0 0 0 0 0 0 0 69.7324465013 69.7324465013 60.4536297839 60.4536297839 26.9148226816 25.1507001887 0 0 24.5119057004 28.9103949827 25.8803567549 27.0920986684 29.3178111652 26.979746284 25.2087486503 26.4609690997 28.5825169933 28.2363882082 27.6825650642 25.8688958039 27.1615541424 28.8572348902 27.0448838174 29.1096418629 28.0033306799 28.5097410926 28.7186030386 24.6775592935 26.1178426512 28.19148478 63.8545497089 84.3253019227 27.3878360126 27.6686777119 25.3531502321 26.9563962397 26.6359578299 26.0957987373 28.5308835929 25.5683346071 25.2601412662 27.906505519 28.8693190478 26.2837544205 24.7245094356 28.3082428846 27.3791016075 24.8283362905 25.3598781911
0 0 0 0 0 0 0 0 0 60.4536297839 60.4536297839 60.4536297839 79.3086471002 0 0 0 26.7570198047 24.942740324 25.7180650548 27.011538764 24.5992589417 24.8796913433 25.039920783 28.9102982279 25.533431397 27.5674289614 28.5279157346 27.8652598964 28.0799997727 25.0912267246 27.1746859143 26.1556416604 25.8339483753 25.502475743 26.1750810211 28.8552519417 25.723575392 25.1903041814 54.8760598485 54.8760598485 54.8760598485 26.9746905883 25.1917450489 27.4387607133 27.417611117 25.8223264806 24.5747260853 28.4048612242 28.6298251034 29.3980660516 26.6358537982 27.0699322176 29.3456914187 27.9708993043 28.6529938964 27.7055196235 24.6592441691
0 0 0 0 0 0 0 0 0 47.1463193062 79.3086471002 79.3086471002 48.2108891526 0 0 0 0 25.2698694211 26.1095312292 25.0501320748 24.9161310984 28.0812774624 25.1733055241 27.8060962922 27.7664067471 27.2362033604 28.6228285914 25.4264593393 25.3601609462 26.7575350085 24.6123856652 29.0796752149 26.4260814111 24.8769042002 26.8384645329 24.5761304495 26.9687856995 26.5630810803 54.8760598485 54.8760598485 49.1456842814 29.2533886967 27.283423721 28.2738013291 28.4145763753 26.8447139365 24.5279142631 28.2089134207 25.7982825095 25.8441030106 28.8318210452 25.9805717091 27.00839974 27.8238713926 25.7824512619 26.2070880721 26.0889291387
0 0 0 0 0 0 0 0 0 0 48.2108891526 55.1773083721 78.5398072725 54.8824471028 0 0 0 0 24.6385266974 27.2558218232 26.8136815212 24.5506852142 25.4794638259 28.7979858801 28.5355101403 26.2760747233 25.7291482416 26.5484821555 25.1414711432 28.2477189568 29.4356992817 28.870553533 25.5676442997 28.3565448902 25.9521310548 25.9465013073 26.9629668159 26.4135089549 41.090227003 62.1381516656 63.5041638767 62.1381516656 27.8749976639 24.6699805672 29.405060011 27.8848576105 28.8810001704 25.050022234 27.5178858607 26.4054208628 26.1798783213 26.4743752375 28.2110545063 25.2486987581 24.9499680187 26.9544098412 24.5098856937
0 0 0 0 0 0 0 0 0 0 63.132376876 78.5398072725 78.5398072725 0 0 0 0 0 0 28.067687141 25.5179635893 25.8295252265 27.6550959636 28.8666691857 25.1770656462 27.1627253546 25.3039388413 27.0830051994 27.7497357472 26.3564818105 27.7751419371 25.5726216006 26.7618890803 27.2435917701 25.8962860939 28.7746840793 28.15783056 26.475345521 24.7109247307 63.5041638767 63.5041638767 63.5041638767 26.565804019 28.1196361527 28.5215214976 28.5074581501 27.2291903738 27.5034811968 24.545994177 26.5791495607 25.1354088285 25.1324295949 27.3904220541 28.7847128752 27.1440936067 27.8566971735 28.7550239651
0 0 0 0 0 0 0 0 0 0 0 0 0 0 0 0 0 0 0 0 27.1902738494 29.4035173401 28.9876957075 29.2581446064 26.8335707969 25.7816371907 27.8074176519 27.2086628738 25.4496273363 27.8261373824 25.9309452342 25.7297665592 26.8533701529 26.6319023523 24.6639782554 26.4443862199 28.6982160774 29.2760779157 29.3336458589 52.6711481665 28.189191123 55.2425875972 55.2425875972 28.0516195968 26.1835599086 24.9347685827 24.7424086235 25.5381845587 28.2413344667 26.6857317665 25.3357783774 27.5196374366 28.1211651081 27.0266020286 25.6496879571 25.0581009171 25.3114738774
0 0 0 0 0 0 0 0 0 0 0 0 0 0 0 0 0 0 0 0 0 0 0 0 24.5969697867 29.2628613862 25.2780580763 29.0772461919 29.0294855192 29.0933799387 29.3080522717 29.1054166872 26.800004951 25.3773278333 25.6082906979 28.1842886015 27.0126006574 26.1643767267 27.6716904533 24.5406129239 65.4576721359 65.4576721359 65.4576721359 25.4282048125 25.5004910838 25.8174445442 26.7029348174 29.3486356932 25.5671857682 26.3142247796 27.1769405966 27.116262471 27.2992500583 28.1501844451 26.1952405609 29.0468882762 25.2089388792
0 0 0 0 0 0 0 0 0 0 0 0 0 0 0 0 0 0 0 0 0 0 0 0 0 0 0 0 28.1236651001 28.7174464978 28.2850779365 27.1840537615 29.3621400597 27.347034202 29.3785030105 26.8787241058 26.9430108391 26.4071447275 27.3276412485 27.8052748145 65.4576721359 65.4576721359 46.5067368756 24.6326047176 27.2220100882 25.53083803 26.5615448289 26.6349971652 28.541875409 27.4810749284 27.4446932503 26.5216970736 27.3832133916 24.6021049891 25.1162000613 27.1689498707 0
0 0 0 0 0 0 0 0 0 0 0 0 0 0 0 0 0 0 0 0 0 0 0 0 0 0 0 0 0 25.1292760847 28.9831378971 28.2317070088 26.8202526107 26.8582827632 28.3142984364 25.5552343219 26.6820293225 26.203013476 29.0743515459 28.4368675194 29.0807232229 46.5067368756 46.5067368756 50.1977176262 28.4836594252 28.5217860632 29.2119081934 27.5386019908 28.781402203 26.3000788548 26.7051673946 28.9744918621 27.1215265307 25.1085932298 25.7619155495 0 0
0 0 0 0 0 0 0 0 0 0 0 0 0 0 0 0 0 0 0 0 0 0 0 0 0 0 0 0 0 0 27.8237044521 25.059755287 28.2683085126 27.669469878 25.9263192649 24.9500567529 25.3070327038 24.5675729156 27.8795234276 26.7259562727 27.5046263616 50.1977176262 51.0302405928 50.1977176262 28.6982966739 26.8414360339 29.2950320611 28.2673096478 26.408135811 26.6614553949 24.7983035734 26.8149655558 27.9364122083 27.0043870913 27.718509923 0 0
0 0 0 0 0 0 0 0 0 0 0 0 0 0 0 0 0 0 0 0 0 0 0 0 0 0 0 0 0 0 0 25.0696048669 28.2048986023 24.8280120898 28.531302653 25.3960156301 24.5517558405 27.8656560335 26.3690890676 26.0071797261 28.7629764773 50.1018571105 50.1018571105 25.8016835112 63.7142171214 28.5449487481 27.3435291137 29.227313317 28.239872275 26.1701425398 27.0686777691 28.2170105144 28.542739354 25.3448597828 27.1460707418 0 0
0 0 0 0 0 0 0 0 0 0 0 0 0 0 0 0 0 0 0 0 0 0 0 0 0 0 0 0 0 0 0 0 0 24.8709292414 24.5613065976 29.1876575688 25.9367227839 24.8731600452 25.5469388786 27.754085711 26.111776153 28.162640322 59.1547718429 59.1547718429 59.1547718429 27.0205511345 26.6396685706 28.9650603172 27.3491144453 24.7169261846 25.1575601609 27.3007157739 26.9008002358 25.2823245205 0 0 0
0 0 0 0 0 0 0 0 0 0 0 0 0 0 0 0 0 0 0 0 0 0 0 0 0 0 0 0 0 0 0 0 0 0 25.9787654807 27.6341488049 26.5807011671 24.7076981787 29.0073485353 24.6118829975 25.2960628155 27.4735321178 59.1547718429 59.1547718429 70.7312915058 61.8961044214 26.4218547712 29.2287149529 29.4392723548 0 0 0 24.7062067406 24.9793539393 0 0 0
0 0 0 0 0 0 0 0 0 0 0 0 0 0 0 0 0 0 0 0 0 0 0 0 0 0 0 0 0 0 0 0 0 0 25.6436623739 29.1695710488 28.4551867458 26.5024430948 27.2525865693 28.6174749796 25.8997298923 25.8732466397 44.3610082239 70.7312915058 70.7312915058 53.7668917623 25.7732491702 25.5468642975 0 0 0 0 0 0 0 0 0
0 0 0 0 0 0 0 0 0 0 0 0 0 0 0 0 0 0 0 0 0 0 0 0 0 0 0 0 0 0 0 0 0 0 0 27.0450129313 24.7004684271 27.2381663533 25.1211246527 26.7604700909 25.7912596764 27.3676773655 27.8282851915 27.013065029 26.2484223342 54.3259594001 28.6745424097 0 0 0 0 0 0 0 0 0 0
0 0 0 0 0 0 0 0 0 0 0 0 0 0 0 0 0 0 0 0 0 0 0 0 0 0 0 0 0 0 0 0 0 0 0 0 25.0822059835 24.5937747513 25.1788968438 28.463840187 28.7411748896 25.5621307595 24.9552202706 25.1803342669 54.3259594001 54.3259594001 55.5737407898 55.5737407898 0 0 0 0 0 0 0 0 0
0 0 0 0 0 0 0 0 0 0 0 0 0 0 0 0 0 0 0 0 0 0 0 0 0 0 0 0 0 0 0 0 0 0 0 0 0 25.9419117847 29.3730165241 26.4222004407 24.8852133201 28.6140595189 28.4432471762 25.2281318574 54.3259594001 43.6868864972 39.6073620545 39.077676617 0 0 0 0 0 0 0 0 0
0 0 0 0 0 0 0 0 0 0 0 0 0 0 0 0 0 0 0 0 0 0 0 0 0 0 0 0 0 0 0 0 0 0 0 0 0 0 25.6817418313 28.7609555808 27.2778175204 27.4900381406 27.2072331442 28.0058013763 27.3774768706 45.557351129 42.8307602137 42.4811507121 70.1896103451 0 0 0 0 0 0 0 0
0 0 0 0 0 0 0 0 0 0 0 0 0 0 0 0 0 0 0 0 0 0 0 0 0 0 0 0 0 0 0 0 0 0 0 0 0 0 0 27.2779013055 25.6897297151 27.9201895989 26.5772219085 26.2749165587 28.9622006553 48.5287357286 50.4378561769 43.6820175237 57.3477109929 60.1844434132 0 0 0 0 0 0 0
0 0 0 0 0 0 0 0 0 0 0 0 0 0 0 0 0 0 0 0 0 0 0 0 0 0 0 0 0 0 0 0 0 0 0 0 0 0 0 29.4132179425 24.7987980597 27.0736661766 27.1870991852 24.737993431 0 0 45.7365545093 57.3477109929 57.3477109929 49.7207323035 45.6264458855 0 0 0 0 0 0
0 0 0 0 0 0 0 0 0 0 0 0 0 0 0 0 0 0 0 0 0 0 0 0 0 0 0 0 0 0 0 0 0 0 0 0 0 0 0 0 25.0508762888 0 0 0 0 0 43.2470021843 44.2885944969 80.14409715 80.14409715 42.1250454458 0 0 0 0 0 0
