Spatial_Output/BAU/BAU_0551.asc
NCOLS 155
NROWS 192
XLLCORNER 196307.867259
YLLCORNER 449144.565805
CELLSIZE 33.573938
NODATA_VALUE NaN
[rows 75 to 99 of 192, columns 0 to 56 of 155]
69.2314019752 80.1236992038 80.1236992038 58.3068292644 58.3068292644 80.4101538359 58.1193782535 58.1193782535 82.7754590203 72.2813109616 80.1200983016 58.3681737716 27.2599001818 27.0004256858 27.5405796331 26.7721945132 26.8045796711 27.7357441786 27.3504916001 27.8800784197 26.7285975727 28.1697351263 26.8344299933 27.873791173 28.5577909179 27.0032644158 26.7888159716 27.4050358986 53.1408808574 54.8893976131 54.8893976131 28.4730536615 27.793448505 27.4873273447 26.550339303 42.5592848618 49.7440285778 49.7440285778 49.7440285778 27.1127255073 26.5735448793 54.4487287245 54.4487287245 27.5601827974 27.5280229697 27.5260693259 27.2159171663 27.0858288681 27.6449115206 26.7497374561 28.2928173197 27.6702206892 27.5783184806 27.6741073093 27.0759243905 27.1697391069 28.1133515857
0 80.1236992038 80.1236992038 58.3068292644 58.3068292644 58.1193782535 58.1193782535 58.1193782535 72.2813109616 80.1200983016 79.9143645716 79.9143645716 28.4902939707 26.5768869202 28.3546504792 27.5021228639 27.2509801974 27.7971268754 27.3198325398 27.0858611406 28.3342367463 27.865174659 27.1528612272 26.5789302246 27.8400041184 27.9472527744 28.475071299 27.5929276341 26.6707589184 28.1669877146 26.8352791445 27.7875894848 26.9384860567 27.3185312409 26.8989714053 27.6135052155 59.6719965609 59.6719965609 59.6719965609 27.4544336675 26.8326582326 78.6088291897 78.6088291897 78.6088291897 28.2812622715 27.4542322893 27.8176544241 26.5867508974 26.7133217005 28.0260117371 26.9988484359 26.585355763 28.0208399224 27.8166111153 26.5952267507 27.7026326691 27.1840063733
0 0 68.9333533432 0 58.3068292644 45.9003228601 58.1193782535 72.1247218142 60.3958482826 59.9807727217 80.1200983016 61.6571955174 28.424462121 27.2420417936 27.7176131858 27.4105097984 27.6033491026 28.0410334069 26.7797809073 26.9430818089 26.7167642542 26.6169915248 27.1959710159 28.4676750526 27.3771315699 26.8988845928 28.549590339 28.5820404009 69.9649885115 50.5051697343 78.1728701378 42.3586921988 59.9229351911 62.3874210093 28.1906246258 54.182606089 59.6719965609 59.6719965609 27.5339294364 27.5216566441 27.1467140624 78.6088291897 78.6088291897 42.9942400053 27.1736200724 28.2622317414 27.1006983178 28.0820370611 26.9078172948 26.7953609676 27.9191197727 28.3773073813 28.4149849327 27.2150157923 26.7051265018 26.8487798778 27.1429513392
0 0 0 0 45.9003228601 45.9003228601 55.7018475471 60.3958482826 59.9807727217 59.9807727217 61.8804285229 61.8804285229 50.760127827 27.1311851405 27.5739270659 27.24023346 27.338951089 28.125475535 27.9855835638 27.3447478074 26.9076453623 46.1194504534 26.7638445125 45.080079978 27.8095824931 47.829216589 68.2041136809 50.5051697343 69.9649885115 69.9649885115 78.1728701378 42.3586921988 42.3586921988 59.9229351911 48.390735667 42.0719360499 42.0719360499 41.2425759941 44.0739687399 57.6060273882 79.3783812402 42.9942400053 42.9942400053 27.3144336315 28.6146381753 26.562135341 27.4505459373 26.9993338953 27.4582991282 28.5380764498 28.3041731902 28.023864247 27.9153095484 28.4410432556 28.6197409387 26.5245164575 27.7886466203
0 0 0 0 45.9003228601 45.9003228601 55.7018475471 60.3958482826 59.9807727217 59.9807727217 61.8804285229 50.760127827 50.760127827 28.607638559 27.7051343228 28.276091033 26.5817038009 27.3644323652 45.5243978524 27.9300313352 28.3131883504 28.2164874688 45.080079978 45.080079978 47.829216589 47.829216589 26.5509691155 26.6192601183 69.9649885115 69.9649885115 78.1728701378 42.3586921988 42.3586921988 57.6155956845 26.8350119652 42.0719360499 42.0719360499 44.0739687399 57.6060273882 57.6060273882 57.6060273882 61.6363281609 61.6363281609 27.2612425892 27.7334873198 27.5038243722 26.5925411884 27.9267676992 28.4994184467 28.1702921478 27.5914719878 27.8723924626 26.5889263466 26.5151834918 28.0596404875 28.0819570978 27.2122393451
0 0 0 0 0 45.9003228601 0 0 60.3958482826 59.9807727217 55.6269156131 50.5601407336 50.760127827 26.6742686665 26.7829789744 26.8837371865 28.4893603644 27.9303000178 45.5243978524 28.0478273779 26.5467292514 54.0212802375 26.9030078892 45.080079978 47.7279874322 47.829216589 49.4875808701 49.4875808701 64.5133497667 27.143941635 27.3611006786 27.3269160994 27.6859067156 27.9504910398 27.507058803 27.6879512673 42.0719360499 41.2425759941 44.0739687399 57.6060273882 64.7280128141 61.6363281609 61.6363281609 28.2997177437 27.9190554115 27.3051202457 27.6788895582 27.2429613504 27.8695288585 27.4096785758 27.9424563507 28.6002481325 26.5362853313 28.6202404076 26.9155892242 26.9256692403 26.8287664534
0 0 0 0 0 0 0 0 0 0 0 0 0 0 28.0291254908 27.363503471 26.6467808228 27.0868729636 26.9599089087 27.658883749 26.8262584404 27.9099974097 28.6008929852 27.5136096901 27.1405120833 26.581759243 49.4875808701 49.4875808701 28.3100176937 27.795843478 27.9458133401 27.4280253534 26.7132385772 27.0630653439 27.1606270177 28.2638934918 28.4685671011 27.8312218326 26.7728539818 27.8522505515 28.0088863221 28.4694704394 26.9655324688 27.8681785127 27.0624926705 28.2869638422 28.6128951888 26.8756457759 27.8681809409 26.6046214938 27.271134335 27.6102288268 27.206695218 27.0700407894 27.9045916605 28.4210179911 28.3043900618
0 0 0 0 0 0 0 0 0 0 0 0 0 0 26.5406552647 26.6973366609 27.7458406404 28.2238909508 28.0512420081 27.1797086937 27.1804291848 26.8610767281 27.9896480888 28.2845578126 77.3052489292 27.7191489042 63.5091097554 63.5091097554 27.2006069695 27.8846013704 27.1041231302 27.9661686328 27.10481712 27.9313486165 28.0682656459 28.5325219734 26.6729552845 27.2620641811 27.6179252937 27.0776082218 27.9169397795 28.0594027609 28.178468274 27.9140377235 28.6021939936 28.4623200009 27.1803201029 28.5398186832 27.4296556962 28.3268539176 66.8794182922 26.5165047611 27.612318644 26.8556736448 27.7376403306 27.8074347976 27.0654849468
0 0 0 0 0 0 0 0 0 0 0 0 0 0 26.9358151625 28.4036327113 27.2987317471 28.2402843318 27.4758398663 27.6033607187 50.3599300901 63.2100761582 44.8180735333 77.3052489292 77.3052489292 77.3052489292 28.2202834048 28.0231741487 28.4834467001 27.8736148807 28.5149921856 27.7457722511 27.9868780729 27.6913610944 27.1654712427 28.1827435558 28.4678278616 28.0480467113 27.5076580412 28.2405931211 27.3416109119 28.4346407489 27.5055524311 28.5509629229 27.0167552546 27.0938984748 26.5811820424 26.7478955256 27.3239646848 27.5048933573 27.250138797 28.0345006719 27.660517855 27.6103120629 26.879716902 27.8439731639 28.2822986304
0 0 0 0 0 0 0 0 0 0 0 0 0 0 26.6830982723 27.1961897244 27.4102805584 27.05113016 53.0101872629 53.0101872629 64.3844013227 44.8180735333 44.8180735333 44.8180735333 77.3052489292 77.3052489292 27.8554022243 27.7686086455 28.4943046205 28.0254362757 27.6217895216 27.5782298291 26.92614198 26.67766766 27.8145941824 28.17159022 28.4230111491 26.8971110048 28.6052373192 27.8747098571 28.141579419 27.6824289951 26.5402167683 26.5054107722 27.7568722083 27.8398601423 28.2326055073 26.8275956715 63.3101029658 63.3101029658 63.3101029658 28.1947117789 28.2747699858 28.2884902083 26.6601419636 26.6334904199 27.5677852512
0 0 0 0 0 0 0 0 0 0 0 0 0 0 28.3566224824 27.5906363798 28.5943886842 28.4805004812 49.9100024374 50.6145047305 64.3844013227 64.3844013227 44.8180735333 44.8180735333 27.0137583491 28.1766656323 26.8007550833 26.8790481216 27.4458919458 28.070027785 26.6101537131 26.5931189454 28.3984998548 26.5647729933 28.0585570237 27.358638238 27.7611039505 27.4361227335 27.6736816092 26.7700901901 26.5717745701 28.2762406174 27.7705074365 26.5020922933 27.6677960756 27.4331653512 27.465602693 28.1703622587 26.6393424394 63.3101029658 27.3170162837 27.3538904902 26.961930888 26.7544861461 28.0843445251 27.7004575043 28.3035840737
0 0 0 0 0 0 0 0 0 0 0 0 0 0 27.955842561 27.0170267183 26.9676189147 53.7909462419 53.7909462419 49.9100024374 64.3844013227 54.3477771715 26.8867169109 26.8047181634 28.0808306915 26.82881762 27.5940696434 26.8448159089 28.4207450322 27.4880663628 27.3932445343 27.5854172428 27.9634864766 27.8980170348 28.5881431983 28.486227922 27.8882606822 28.1655575336 27.4144415591 27.6834932176 27.7187353329 27.6584129876 27.3424622365 27.0866781744 28.0796529394 27.6592109417 26.67582599 27.9068936176 63.2526712367 63.2526712367 63.2526712367 28.3344244814 27.6092554188 26.658468219 27.233427164 26.7737337783 28.3779929939
0 0 0 0 0 0 0 0 0 0 0 0 0 0 0 27.7444345383 43.2329074568 43.2329074568 43.2329074568 49.9100024374 28.1867460642 28.3837063856 27.3114507874 27.8397981414 26.994897016 28.5355006393 26.6319945859 27.3569578349 26.508885434 27.7744247079 27.6592612933 27.8160301359 26.9064130025 26.9924620553 27.8248040998 27.8855732028 28.5696913816 27.989730233 28.4854536241 27.4864240924 26.8142686887 27.4338855085 26.6625543686 27.6173619995 26.756864822 27.9286833876 28.4190508112 26.9694480434 27.0929792478 28.5501946852 26.5245670997 27.8387327558 27.5113893854 27.6587010362 27.5938310125 28.5976660652 28.0089012658
0 0 0 0 0 0 0 0 0 0 0 0 0 0 0 42.9543003733 42.9543003733 43.2329074568 43.2329074568 28.4477402419 27.2756026106 28.5888551638 27.3665739393 27.3101700077 26.7849596463 27.4197073137 27.8421782412 27.4587836339 27.7926727729 27.0400955381 27.9033792193 26.8971788392 27.7936109629 26.6395458892 27.1693865762 28.5116877845 28.1365639203 26.5994358518 26.570273069 28.5283739849 26.895077634 27.7128856457 28.0342075648 27.7283121215 26.5240081551 26.6834391454 27.8639479837 27.4904457994 26.8019626121 26.6520970774 27.0032564638 28.4099842202 28.6085432969 26.5796727126 27.3471838932 27.8908840252 26.9457790125
0 0 0 0 0 0 0 0 0 0 0 0 0 68.3048298922 56.918059658 42.9543003733 42.9543003733 42.9543003733 44.2166551857 27.1750695081 28.2163905349 28.2310677147 28.4438443912 27.3350501397 26.5116142685 28.0580846996 26.7216540858 27.1191081825 27.9046278919 27.3780701495 27.9130230408 28.4351737161 27.9707446376 28.1596579945 27.5773061816 27.2994945315 27.4636616495 28.0572231048 26.7631721617 27.5406065786 26.7964123518 28.4121902215 27.7857995522 27.9412317287 28.5524642767 27.8904688046 28.4041694642 28.0577762422 28.3795756361 44.8801522945 26.5763293179 28.0283724139 26.5482708713 28.590295363 26.837116061 27.364796914 27.3285321798
0 0 0 0 0 0 0 0 0 0 0 0 19.4061417901 20.7697445655 20.7697445655 56.918059658 56.918059658 42.9543003733 28.4456068768 28.5876207299 27.2999510993 27.7506381712 26.8828209288 27.1586591343 27.4087639741 27.3954779334 28.3048350476 28.44569882 27.8438363601 28.2924687168 27.3084676146 28.5543113815 26.6802971249 28.0535682091 27.2980128161 26.5894237717 26.5645609434 26.6652501156 28.4951172417 27.3829323627 27.1346884475 26.7873264912 28.1689302795 27.0466051689 27.1580097836 28.187637564 27.8405470007 28.3415523543 28.2360836206 49.0147231531 35.8416463226 27.5412243912 27.8781134622 26.9867952069 26.5767059721 27.7145644781 26.5369239873
0 0 0 0 0 0 0 0 0 0 0 47.7812287714 47.3593208992 20.7697445655 20.7697445655 50.7029997904 63.2644766612 0 0 27.1097566923 26.9663518252 26.5206869756 26.9946669561 28.3940969916 27.052926066 27.0486796216 27.9567339813 26.5478487484 27.7921538918 27.6655855097 27.0905516386 27.669917491 26.5222788072 27.0677590056 28.330379642 27.3491480213 28.382644777 27.6291865218 27.6390966016 26.6797004295 26.5468571456 27.3803720681 26.9421535802 28.31454036 28.2025870652 27.6242802973 27.8918760003 63.7103516409 49.0147231531 72.7374807926 72.7374807926 44.0567085432 27.9986081489 28.0897061078 27.5187276464 26.9109917304 26.9711359988
0 0 0 0 0 0 0 0 0 0 64.0522000836 47.7812287714 47.3593208992 19.4061417901 51.901302243 47.7492009431 0 0 0 27.9444083107 27.4302388366 27.0081169378 28.2689712108 27.0139995325 28.5893431839 28.0008273508 26.5563510758 28.1465656072 27.084662717 28.5363334393 27.3678470065 26.5571059908 28.5100181921 28.2642540111 27.3364276434 28.3728392133 27.1836522194 27.2860283921 26.5026516454 27.3883126825 27.0393846596 28.4347957292 28.1346760934 27.2310769967 26.5308434624 27.6143775731 26.9848160928 67.1972108889 67.1972108889 67.1972108889 72.7374807926 27.277275634 28.1889101664 28.3587136484 27.9096599159 28.5578845321 27.8999337038
0 0 0 0 0 0 0 0 0 50.1255155763 49.8058965772 47.7812287714 47.7812287714 47.3593208992 0 0 0 0 0 0 27.5447132268 27.7850652983 26.7898679025 27.3335548895 28.1084272006 26.6340576574 27.5012194954 27.0764824261 28.3175510702 28.5762719536 28.5999571734 28.3353149915 28.4681172573 27.97386559 27.5245909282 27.0752615972 27.5372356867 28.0895094882 26.6970650879 26.770931477 27.9315932018 28.3977246441 27.9245819105 27.2629154169 28.4376471276 28.5569443029 26.7715809696 47.7597657484 67.1972108889 49.6456385012 26.787662208 26.9373321065 27.7611164771 27.0282384913 26.5600431162 26.6361134544 27.4113483284
0 0 0 0 0 0 0 0 68.8933493782 50.1255155763 50.1255155763 49.8058965772 49.8058965772 0 0 0 0 0 0 0 0 0 26.7743207318 27.3222285608 27.6631853114 26.6424968611 26.9284194662 27.0808440325 28.2402208306 26.6327407734 27.2118268828 26.5013194072 27.4164416879 27.1545503658 28.0420924234 28.4314080592 28.2021603078 27.2677760081 28.5331067445 27.9142367876 26.8788877485 27.0873891178 27.0367689918 26.9648381198 26.5139668638 27.7029749707 28.459512074 48.6025226657 48.6025226657 48.6025226657 63.0771199331 27.6083783063 26.5693561475 27.0211629636 28.0672205442 26.8523367434 26.8256528764
0 0 0 0 0 0 0 0 68.8933493782 50.1255155763 50.1255155763 67.0373508753 0 0 0 0 0 0 0 0 0 0 27.8157033344 27.7664728585 28.0976012671 28.4048138279 28.2389141391 26.8699316037 28.0882935342 26.5900336783 27.538666522 27.6253441746 28.3003310736 28.0105275272 27.5913033689 27.6504430451 28.4565442674 26.6285962012 27.4528378606 27.1805144502 28.5587560145 28.2559328575 27.8735238768 26.5912629816 27.2752460406 27.6314284064 27.5608688042 45.2749296402 48.6025226657 63.0771199331 48.5385605711 40.4023539498 26.8879141656 28.5784231834 28.3391865585 26.5821916961 26.7483903602
0 0 0 0 0 0 0 67.3651589034 0 0 68.8933493782 0 0 0 0 0 0 0 0 0 0 28.554702483 27.1383477854 27.9399783801 28.3766709722 27.0895801199 26.5365006427 28.0893630714 28.1799403316 26.9407832402 28.0958922285 26.541634536 26.6543141908 28.1416445964 26.6423958841 27.7845476401 26.5585967828 27.8992998835 27.821660341 27.349087764 28.2015192233 27.82716535 28.1958591806 26.7126504971 27.824628473 27.7653738127 26.6853902028 37.1666975321 37.1666975321 42.671198601 48.5385605711 45.460039562 28.3068757336 45.6445725404 57.5136533767 53.2574376738 27.1824578285
0 0 0 0 0 0 0 67.3651589034 67.3651589034 0 0 0 0 0 0 0 0 0 0 0 27.19920766 27.0224862907 27.3294777072 26.706040324 28.5038795619 26.6982329636 27.1833048113 28.2821648706 27.2106452331 28.0491397978 28.0761614367 27.2472083829 27.3356916481 27.1038135989 42.141310511 47.0518513648 47.0518513648 26.6118402837 45.0888211088 45.0888211088 57.265318325 26.591525661 49.0672209884 49.0672209884 51.7884777063 28.4360226327 50.5495167316 34.6808355447 56.3167503493 59.1943636566 59.1943636566 44.5702452612 45.6445725404 45.6445725404 57.5136533767 47.9801122744 27.7907323753
0 0 0 0 0 0 0 0 0 0 0 0 0 0 0 0 0 46.2433281802 0 27.6852278633 28.1075101652 28.0731627742 28.1599312479 28.4863189453 26.9495147466 27.6517216619 27.5267996468 28.3009949682 26.7718010102 26.7699993377 27.8111296702 48.000640712 27.8140925726 65.29921543 42.141310511 42.141310511 47.0518513648 27.06424356 45.0888211088 57.265318325 57.265318325 45.3359128325 49.0672209884 49.0672209884 51.7884777063 50.5495167316 50.5495167316 56.3167503493 56.3167503493 59.1943636566 59.1943636566 67.7802068065 45.6445725404 45.6445725404 57.5136533767 47.9801122744 26.6745249959
0 0 0 0 0 0 0 0 0 0 0 0 0 0 0 0 46.2433281802 46.2433281802 46.1376829441 47.1594175295 27.7824168133 26.9477422578 27.3424348151 28.6080541628 26.7222249349 28.219759638 28.6111590314 27.6274145569 27.7982264061 27.3985518062 27.082161678 28.0789485467 28.1083674162 65.29921543 42.141310511 42.141310511 42.141310511 53.8341903131 27.2684807962 27.9817172615 57.265318325 52.6696092905 49.0672209884 46.3190706527 51.7884777063 26.8002018492 50.5495167316 51.8612440577 56.3167503493 68.2497117109 68.2497117109 49.3597946561 28.0282950241 45.6445725404 57.5136533767 27.3118549845 26.5371618435
