Spatial_Output/BAU/BAU_0058.asc
NCOLS 155
NROWS 192
XLLCORNER 196307.867259
YLLCORNER 449144.565805
CELLSIZE 33.573938
NODATA_VALUE NaN
[rows 78 to 103 of 192, columns 0 to 56 of 155]
0 0 0 0 0 0 0 0 0 0 0 0 0 45.4010491868 45.657971453 46.3264946649 45.6061095087 46.1184995271 45.1846027306 45.9720751183 46.1886867812 45.7008940758 45.8154958852 45.3743418629 45.6606566158 45.7499112236 45.5707762019 45.5222353357 45.5910953994 79.4514404328 46.1346862559 60.4065539906 67.0677455744 67.0677455744 76.7768081373 76.7768081373 82.346504711 82.346504711 46.0398443978 45.270359426 76.7477846391 69.3760348993 77.6096645727 68.3673097366 71.1763382552 45.0843371422 45.7007894554 46.3919987308 46.1808518065 45.2588997748 52.2349231785 64.0871629469 45.2477041933 45.3507392892 76.7590511422 65.8630004233 60.5374773537
0 0 0 0 0 0 0 0 0 0 0 0 0 46.0087020374 45.1836175284 46.3891626828 45.1692363818 45.5821097296 46.3868066326 46.3241847511 45.0646917119 45.02564495 46.1480401579 45.220767902 46.0406643582 45.491941869 46.3442329116 82.5618496629 46.2640538389 78.276284038 46.0297967923 45.4880635059 67.0677455744 67.0677455744 76.7768081373 76.7768081373 82.346504711 82.346504711 45.7234221826 45.6325784238 76.7477846391 61.9227082541 61.9227082541 61.9227082541 71.1763382552 45.7255474638 45.0927641359 45.0482222821 46.0269609842 45.8889529303 52.2349231785 52.2349231785 64.0871629469 76.7590511422 76.7590511422 46.3375004059 65.8630004233
0 0 0 0 0 0 0 0 0 0 0 0 0 46.211086695 45.4251199029 46.1312123413 46.3683873454 46.1795395578 46.2723093066 45.7239059855 45.6534425469 46.2488459088 46.1537156644 45.6274637147 45.0586995377 45.9490791722 46.1410709741 82.5618496629 82.5618496629 46.2865047121 45.5567014349 45.2889649795 45.3570453099 45.0148821595 46.3244183875 46.2061938689 61.5607878677 82.346504711 46.0807531574 45.8293883342 76.7477846391 76.7477846391 61.9227082541 61.9227082541 71.1763382552 45.9963321213 46.0166434786 45.6762943609 76.4318758095 45.8909868808 52.2349231785 52.2349231785 64.0871629469 45.0643643178 76.7590511422 65.8630004233 45.476033338
0 0 0 0 0 0 0 0 0 0 0 0 0 0 45.5180376982 45.2392460964 45.3579883599 45.2965443623 45.8447792815 46.1435554189 45.9713136076 45.6553847241 45.8119070604 46.3461739225 45.5241003205 45.8998865325 63.925421712 82.5618496629 82.5618496629 45.9289206205 45.9828548434 45.4382127976 46.0960810155 45.850671694 45.6040259416 46.2268858366 45.5025872809 45.5668813768 46.2493828652 45.797999414 46.3162224979 45.9176971012 45.1002035387 45.4037389882 46.1543460701 45.0995057224 46.2426599625 46.30158086 46.1191180559 45.1331302485 46.023400999 45.7204834994 46.1929624782 45.9423902678 46.3858801093 45.44650205 45.6766917041
0 0 0 0 0 0 0 0 0 0 0 0 0 0 45.2451197741 45.1093847611 45.1172033385 46.0301318495 45.0964501242 46.0185761433 46.1796161152 45.5244197234 46.3751574967 61.83211886 61.939186861 45.3368219804 46.2108878613 45.768118953 46.04321677 45.1307825823 45.0018897154 45.3259579562 46.2042164963 46.2655029675 45.5608074222 46.0464975426 45.6129907505 46.3715830734 46.141100512 46.2905085067 46.3178056517 45.2754286364 46.0892406511 45.7822187335 46.3385541426 46.0646876725 45.5460991436 46.1810262007 45.0420939415 45.7371522274 45.5521642641 45.4384227632 46.4045418923 45.1712238619 45.5181551224 45.5403469816 45.3220621577
0 0 0 0 0 0 0 0 0 0 0 0 0 0 46.2929367161 45.6800105548 45.3943771268 45.5837683398 45.5448283626 45.4851967176 74.6551912427 67.6912306785 54.9024600409 61.83211886 61.83211886 61.939186861 66.7552808053 45.4670894389 45.6701419925 46.0680294571 45.5044672817 45.1525212371 45.0097882788 46.2423464975 45.2372890101 45.6976611588 45.4848591113 46.2188572759 45.6940149981 45.2021770873 45.9597950332 46.0530820897 45.4910356644 45.020044331 46.3445250081 45.1955623416 45.6316354075 45.483827503 46.2757565886 45.327030222 45.5485052458 46.3706852452 45.0327423294 46.3066355034 45.2525171735 45.2056820603 46.3389111689
0 0 0 0 0 0 0 0 0 0 0 0 0 0 46.1886102028 45.3431692523 45.7855357281 45.7333265689 45.9525870172 63.9947190611 50.8186619379 50.8186619379 61.83211886 61.83211886 61.83211886 61.939186861 46.0374432898 45.1914688466 45.284189233 45.3476898683 45.8190686253 45.7301289372 45.763362879 45.9874948072 45.6558130494 45.3616235615 45.6570296783 46.3708790483 45.2773712445 46.0863975982 45.4208446447 45.3145353285 45.2095763076 46.1434201255 45.98575199 46.315363629 45.6674189577 58.3011324473 58.3011324473 58.3011324473 45.9399654645 45.2021515385 45.4671284727 45.4683946293 45.4697095339 45.7919919354 45.7713798869
0 0 0 0 0 0 0 0 0 0 0 0 0 0 46.078678261 45.0305603931 45.3058447884 45.8517649381 65.6558047241 67.1245355532 50.8186619379 50.8186619379 54.9024600409 54.9024600409 80.2853833932 45.1973174523 45.2480078365 46.0409778062 45.053868268 45.3797180017 45.6998345294 45.3785860896 46.1881926484 46.1459157805 45.7154044419 46.302224599 45.0921391091 45.9129451205 46.0426885065 46.3216806404 45.4696305375 46.0588383988 46.0418257061 45.552095436 46.2022747085 45.4861694262 46.1788146166 45.7433049788 58.3011324473 45.6223297043 70.5221226881 45.7599006047 45.5238082481 45.2469091195 45.4029749585 46.2534391442 45.2112392878
0 0 0 0 0 0 0 0 0 0 0 0 0 0 45.0789504962 45.8049302524 45.2059159558 63.9159557841 65.6558047241 65.6558047241 67.1245355532 74.1178026296 45.5642322077 45.9277150604 45.5079526304 46.1260411722 45.4654040843 46.3836924029 46.2818879238 46.4028218379 46.0407336353 45.1621817015 45.2722878712 45.2469115207 45.5515223774 46.0667238657 45.0386082651 45.1197718727 45.3270418632 45.4448179271 45.1938196831 45.2154195518 46.0303424991 46.3654447673 45.9956988065 45.9574328624 45.4625937764 45.4379506436 70.5221226881 69.8472601028 69.8472601028 45.2863861234 45.6958660342 45.3704046076 45.9737169865 45.3717327117 45.4641640286
0 0 0 0 0 0 0 0 0 0 0 0 0 0 0 45.7222732235 60.8600713103 56.0076777996 65.6558047241 65.6558047241 45.6691341827 46.0638224128 45.0651813725 45.6588322068 45.537963624 46.3490218585 45.9770008638 46.1126041762 45.6886071973 45.2298521298 46.2890382394 45.6473516385 45.1765200252 45.9595698229 46.2828758471 45.9883208759 46.0015572668 45.4942256797 45.3269219993 46.3750975002 45.0506470981 45.10524169 46.4079069349 46.2873358301 46.2270554296 45.6158103083 46.1027657146 59.8467935597 69.8472601028 69.8472601028 69.8472601028 65.7592530715 45.6554021437 46.1077953869 45.2855873575 45.5415406184 45.4831148524
0 0 0 0 0 0 0 0 0 0 0 0 0 0 0 63.5635353578 60.8600713103 56.0076777996 56.0076777996 63.6430007264 46.0741235609 46.4042912671 46.3361167287 46.2444194088 45.9049645879 46.2984743429 46.4072870413 45.9573937974 46.3173296156 46.4088678539 45.7998539268 45.3181880687 46.0812395747 45.5413924106 46.2572425537 45.452893247 45.7769647198 46.3837528023 45.2284747046 46.0893983715 45.3671319875 46.307249296 45.4256006325 45.7138810113 46.4014829028 45.6887172402 45.8084234377 58.9212619507 50.7929905631 50.7929905631 50.7929905631 46.087004513 45.9516679722 45.7182572863 46.101424043 45.5505872168 46.0147622415
0 0 0 0 0 0 0 0 0 0 0 0 0 0 64.3740327477 63.5635353578 63.5635353578 60.8600713103 60.8600713103 45.037521646 45.2281632888 46.0850515866 46.3078980815 45.2012785302 45.2064941289 45.5164489713 45.6342991581 46.4035749336 46.0654333133 45.5592105303 45.0860835461 45.2795771446 45.4341061943 45.4237181339 45.9324783076 45.5548572973 45.3521597124 46.2265512209 45.1660104679 46.2251317232 45.5398494319 45.7639865385 45.9149427091 45.1751476685 46.0324491103 45.8388641098 45.0079439852 60.2540287207 65.6525650761 50.7929905631 50.7929905631 65.6525650761 45.8472094897 45.1683206135 45.1857507618 45.6599200538 45.2162094818
0 0 0 0 0 0 0 0 0 0 0 0 57.635670964 33.530306271 33.530306271 63.5635353578 63.5635353578 55.558399713 45.7577544281 45.6702283969 46.210597124 45.4226556364 45.3186816034 46.2168918203 45.8428928448 45.1276629569 45.4455098066 45.5126181521 45.1196978004 45.8520141586 46.0696844449 46.1441539498 45.6169705679 46.4001905712 45.0945951959 45.1769771769 46.0222439571 45.9773043688 45.9995940383 45.6475409244 45.1910987825 45.4727637762 45.7094466183 45.8740279928 45.797162199 46.2556759618 45.3837050177 58.1921924279 80.7298538796 66.0020774462 66.0020774462 45.2934152394 46.2728003097 45.9298439552 45.4371865372 45.1958172532 46.2031656882
0 0 0 0 0 0 0 0 0 0 0 72.4111818037 61.6758862507 33.530306271 33.530306271 63.3356967985 61.0836874976 0 0 45.8035430937 45.7201129361 46.1057384663 46.1292347445 46.0818382771 45.7213320539 46.3220193744 46.0169541763 45.8842055239 45.5352295708 45.7570781391 46.1701344738 45.4855582845 45.5966436473 45.5724892592 46.0143654517 45.3724335418 45.6101270588 45.266646235 45.2808038009 45.541346609 46.4041767448 45.0255862281 46.3995166647 45.1057327501 45.3824753745 45.5007405494 45.9807481794 45.6488943369 55.6503132881 55.4386997233 55.4386997233 45.2746532619 45.9961403874 45.1035646526 46.0353430472 45.4565994429 46.3720044179
0 0 0 0 0 0 0 0 0 0 64.0522000836 67.1356545951 61.6758862507 63.3589069414 63.3589069414 64.7788943012 0 0 0 45.0799139022 46.1161730769 45.9680532079 45.614140374 46.1040343563 45.7499372505 46.1449489594 45.4697561933 46.1835396201 45.4686382677 45.5561009883 45.6140167802 46.3917828755 45.9783225042 45.753006627 46.104970884 46.2231620947 46.3066169738 46.0722738589 46.190160768 45.8011083161 45.207446202 45.0152110592 46.2138112247 45.1044759985 46.390434439 45.3264075188 46.0538354084 46.2323960912 60.3716072989 60.3716072989 60.3716072989 60.3716072989 45.3928039599 45.0565255351 45.9377641835 46.0926187437 45.0044906448
0 0 0 0 0 0 0 0 0 62.6119392033 66.6911498977 67.1356545951 67.1356545951 61.6758862507 0 0 0 0 0 0 45.8475640538 45.6256328434 45.1374302043 46.0699656455 46.2599131681 46.0851954198 46.1283254725 45.4661534934 46.1113081452 45.9196798745 46.0078613054 46.1201898056 46.0668456815 45.3773188062 45.6298525465 45.3557991986 45.6417098163 45.1843041863 45.8158193476 46.272180191 45.979363615 45.5618055342 46.3525552988 46.2477758224 46.2103411991 46.4073665803 45.8775276304 45.5974706143 45.1115761391 60.3716072989 60.3716072989 46.0192610611 45.4931003159 45.0685816788 45.5994772551 46.1352624916 45.6073346878
0 0 0 0 0 0 0 0 0 66.839247256 66.6911498977 67.1356545951 67.1356545951 0 0 0 0 0 0 0 0 0 45.1392375976 46.1215074853 46.0790247137 45.6915233782 46.043004369 45.8369185382 45.2590438052 45.8809172128 45.0317294999 45.8675789078 46.3538691679 45.2162125394 46.3248234443 46.4014017582 45.9679408849 46.0995569978 46.3737909654 45.5287318787 46.2920155528 45.2544054622 45.9963876555 45.3015942912 46.163220009 45.5708080848 46.1295914744 80.6492098512 69.3015809931 45.4154215728 61.6512969352 45.5864546061 45.6856957218 45.5327531957 46.0315932881 45.5574225068 45.3672869598
0 0 0 0 0 0 0 0 0 66.839247256 66.839247256 62.6119392033 0 0 0 0 0 0 0 0 0 0 46.0380883163 45.6133130621 45.0675199345 45.6448907907 45.9850820583 45.0622078794 45.0614296361 46.208540978 45.7120326523 46.2551392958 45.6770534718 45.9192216584 45.319614894 45.1598653934 45.4831640812 46.2213082674 46.1194483113 46.2382827181 45.9162633468 45.5768047597 45.8667461784 45.4278961738 45.9427124085 46.1939466233 46.0775052798 69.3015809931 69.3015809931 69.3015809931 45.0959306717 45.076357519 46.2325846457 46.2647252735 45.8444504356 45.7726188089 45.1471104238
0 0 0 0 0 0 0 67.3651589034 0 0 0 0 0 0 0 0 0 0 0 0 0 45.8933227928 45.1900960525 46.3797166166 45.9302213071 45.1078095663 46.2805000503 46.0836591388 45.2014002424 46.1892174753 45.6762978627 45.1244857909 46.0043991963 45.2719436791 45.4406909915 45.1001237486 45.7991377928 45.0903618807 68.0017095121 79.3001382239 45.192924927 58.9596814304 75.7480443692 58.8079981713 46.3397192633 45.7639002866 45.839756376 62.4895442275 69.6906491059 45.9824113669 45.7508639155 72.6890537683 45.4639678417 65.7356559166 81.6330348003 46.0149643701 46.2377384013
0 0 0 0 0 0 0 67.3651589034 67.3651589034 0 0 0 0 0 0 0 0 0 0 0 45.563302771 45.7099376618 45.7734796209 46.0701577833 45.744341215 46.1408616155 45.1785467742 45.0685840472 46.3631694921 46.4110658643 45.5007849467 45.3679315554 46.0595859569 45.3235768465 58.4401017835 72.0852659007 46.3084328637 68.0017095121 68.0017095121 79.3001382239 79.3001382239 69.0325747485 69.0325747485 45.007755717 46.2506667645 67.1714602145 66.984536705 69.6906491059 69.6906491059 69.6906491059 46.1838437649 45.9652085786 65.7356559166 65.7356559166 45.8551948775 45.0188068893 45.52019816
0 0 0 0 0 0 0 0 0 0 0 0 0 0 0 0 0 0 0 45.0971863748 45.4669360757 46.124911934 45.715875681 45.3745602026 46.1964446997 45.1970923591 45.0890618602 45.1155134188 45.5148052216 45.2277645104 45.7861217887 45.0156441536 45.9781292093 46.3392571023 58.4401017835 58.4401017835 72.0852659007 68.0017095121 68.0017095121 79.3001382239 79.3001382239 69.0325747485 69.0325747485 75.7480443692 67.1714602145 67.1714602145 66.984536705 66.984536705 45.131547745 76.3190263763 46.1471662654 73.9017257438 65.7356559166 65.7356559166 81.6330348003 46.2841842289 45.2307981937
0 0 0 0 0 0 0 0 0 0 0 0 0 0 0 0 0 0 0 0 45.1969258075 45.5405713666 45.0194850013 46.3997073199 45.9672632135 45.4907127326 45.099056422 45.4485073664 45.2378888534 45.0942537932 45.7018574674 45.9836770935 64.3112520274 71.4409305131 58.4401017835 58.4401017835 72.0852659007 46.3471100622 68.0017095121 79.3001382239 45.1997256457 45.6859645167 80.548532252 45.6150891758 66.4109442637 67.1714602145 66.984536705 45.0991922209 45.1763945843 45.6663488657 83.8994659544 45.0919353179 45.7927717934 65.7356559166 45.9244765026 45.7683170879 45.1636660612
0 0 0 0 0 0 0 0 0 0 0 0 0 0 0 0 0 0 0 0 0 46.1814068488 46.1192840809 45.9525132857 45.1799875449 46.126350391 45.9557466806 46.2827317725 45.8178139162 45.6278629661 45.6232041958 45.6941174426 64.3112520274 64.3112520274 45.06205226 45.1474413091 45.7242899732 46.2406479365 45.9087853484 45.5708956287 45.1240613456 45.5304627776 45.1095669637 45.7215833375 45.4483805637 45.013531871 46.0346392233 45.0333441453 45.9764130155 46.3372613462 46.209030956 45.0742138315 46.1254371977 45.5923087981 45.4686761089 45.4103021018 45.7741636446
0 0 0 0 0 0 0 0 0 0 0 0 0 0 0 0 0 0 0 0 0 0 0 45.9380063135 45.4201629092 46.3438560281 45.0847138712 46.1711364691 45.2651509686 45.5172577698 46.0468295558 79.9051347341 64.3112520274 64.3112520274 46.267893541 45.4113840926 45.1975689644 46.3420106548 45.4132897674 45.0302403835 45.55703638 46.0762142182 45.5021509211 45.8072801448 45.4248903015 45.0061302624 45.7257590034 46.0484821217 70.8070873314 70.8070873314 45.0958683769 45.829634509 45.1366978735 45.0688521932 45.699371466 46.2484465809 46.0967775413
0 0 0 0 0 0 0 0 0 0 0 0 0 0 0 0 0 0 0 0 0 0 0 0 0 45.2288294145 46.0777033811 45.4024430774 70.6526176442 56.7870766475 56.7870766475 79.9051347341 46.0874568292 45.7956972363 45.4654090452 46.3389744375 45.3296786962 45.6401330435 45.7948422687 45.8259066716 45.9963596157 45.0152865257 45.6252109002 45.6267549515 45.0743571297 46.3796817596 45.5719198134 45.1203751562 46.3472079439 70.023421652 45.313743264 45.4279306523 46.0059753462 45.6971813343 46.1860705749 45.9191775858 45.9169324427
0 0 0 0 0 0 0 0 0 0 0 0 0 0 0 0 0 0 0 0 0 0 0 0 0 0 45.6803224256 45.1348143566 33.1321118018 56.7870766475 56.7870766475 46.0180265465 46.240858753 46.2685113963 45.7703330045 45.49368373 45.1716198323 45.3466351334 45.3161126321 46.0790821357 45.6439477824 45.0417779586 45.8557718502 46.3736417616 45.6332560217 45.6770121245 45.4577507907 46.4110255812 45.1190290919 70.023421652 45.59623705 45.2074121779 45.865905779 46.1194883951 45.6131089907 46.2190452155 46.0353549514
