Spatial_Output/BAU/BAU_1178.asc
NCOLS 155
NROWS 192
XLLCORNER 196307.867259
YLLCORNER 449144.565805
CELLSIZE 33.573938
NODATA_VALUE NaN
[rows 75 to 99 of 192, columns 0 to 55 of 155]
69.2314019752 45.4291857032 43.2357644943 43.2357644943 43.3590544435 43.3590544435 58.1193782535 58.1193782535 43.1493072925 43.1493072925 43.0017820988 54.4132794622 27.5522283672 27.5021093081 27.9905944636 28.1387163774 27.6994985451 27.8889832326 28.1876748987 27.5742119626 27.8047945924 28.1197730239 28.1648009876 27.7763471227 27.8599730783 27.8731780371 28.0426469205 57.4204917309 53.1527861278 53.1527861278 55.1867583536 27.8749703347 27.9602492583 27.7170373818 27.6328044848 28.0681315634 49.1301533759 66.4747712564 49.1301533759 27.8309573983 52.4123424073 52.4123424073 52.4123424073 27.6269410835 28.0297514554 27.5789242933 27.5343778192 27.5408326805 47.86205437 27.713181083 27.5070529683 27.7006034128 27.7469866864 28.081271869 28.0066213765 45.9186560237
0 45.4291857032 43.2357644943 43.2357644943 43.3590544435 43.3590544435 58.1193782535 43.1493072925 43.1493072925 43.0017820988 43.0017820988 43.2710678794 27.9945284132 27.6182268455 27.6425116444 27.7844861522 28.1661713338 27.8714050371 27.8826874374 28.1522663193 28.0311169228 27.6418771671 27.5051604871 27.9519109719 27.5933537 27.5824936582 28.1911718649 50.6495353045 53.1527861278 53.1527861278 53.1527861278 27.6830757197 27.7070838741 27.7908227103 27.8722333946 27.7840035329 66.4747712564 66.4747712564 66.4747712564 28.0975720272 52.4123424073 52.4123424073 47.9605827073 47.9605827073 27.6024284965 28.162153088 27.6331678489 84.8958175643 84.8958175643 47.86205437 27.5991650366 28.0389434289 27.7228162249 28.0967571863 27.8378156419 47.2326327354
0 0 68.9333533432 0 58.3068292644 43.7452679597 58.1193782535 44.7119450624 43.1493072925 59.9807727217 43.0017820988 55.2681097471 28.0007172129 27.7196191614 27.5631707936 28.0927375472 27.8649998731 27.7586420878 28.0621743775 27.9378717286 27.8431397997 27.8293505278 27.7906535998 28.1164609554 28.0150220754 27.8383653244 27.5161757468 66.1467918692 51.8292774768 58.1215207734 41.6765356723 57.5781142648 63.7959033793 54.0806874246 58.8866272206 69.4240627798 66.4747712564 66.4747712564 61.106558256 28.1019207864 73.16926239 73.16926239 73.16926239 28.1750521491 27.5337799218 27.7409612829 27.8663782761 85.0177836083 49.9381797176 84.8958175643 28.09486103 27.7822379146 27.6802664026 27.5332769655 47.2326327354 47.2326327354
0 0 0 0 43.7452679597 43.7452679597 44.7119450624 50.2615269702 43.9272737416 43.6663901563 44.3688634245 43.4996787868 73.1104034245 27.8434706109 28.1046709047 28.1316787206 27.5872826979 28.1621236639 27.8466263821 27.9824719746 27.980656746 27.5838467796 28.198913425 28.1378643447 27.5019054548 28.0549166123 27.8701613291 51.8292774768 51.8292774768 58.1215207734 58.1215207734 57.5781142648 68.3055856223 54.0806874246 62.9558471818 47.1032602137 43.8040084937 43.8040084937 56.8502960662 56.8502960662 65.2423764467 73.16926239 67.6725215393 47.1031724856 54.7544300021 44.3059367814 85.0177836083 49.9381797176 49.9381797176 49.9381797176 27.9695376764 51.0663446356 51.0663446356 54.6406160307 50.5241941368 42.4640192879
0 0 0 0 44.9185358791 43.7452679597 44.7119450624 50.2615269702 43.9272737416 43.6663901563 44.3688634245 43.4996787868 43.4996787868 27.91970023 27.7806141391 28.1993872187 27.8077159437 28.1804995821 27.8160505136 28.004825648 27.9072332758 27.8609913668 27.9921953107 27.6717264678 27.780448558 27.8004439435 28.1483629014 40.8007951176 48.1627718748 58.1215207734 58.1215207734 57.5781142648 27.6725662838 54.0806874246 62.9558471818 69.4240627798 43.8040084937 43.8040084937 56.8502960662 56.8502960662 56.8502960662 67.6725215393 47.1031724856 54.7544300021 54.7544300021 44.3059367814 44.3059367814 50.2956577701 48.1135232382 48.1135232382 57.8765472037 51.0663446356 51.0663446356 51.0663446356 54.6406160307 42.4640192879
0 0 0 0 0 44.9185358791 0 0 60.3958482826 59.9807727217 52.498118026 62.365364434 52.8193304746 27.9667216943 27.5079386172 27.9291745538 28.1309300036 27.6602494901 27.612564479 27.7228886046 27.9643754954 27.6619532709 27.7088196304 27.5628334873 27.6555075464 54.8130358296 86.1969538696 48.1627718748 48.1627718748 48.1627718748 27.784896755 27.5880613976 27.6723902723 27.7884153852 27.8653629269 62.9558471818 47.1032602137 54.3243033641 56.8502960662 56.8502960662 65.2423764467 41.4842861201 41.4842861201 47.1031724856 54.7544300021 44.3059367814 44.3059367814 50.2956577701 48.1135232382 48.1135232382 57.8765472037 57.8765472037 51.0663446356 54.6406160307 54.6406160307 50.5241941368
0 0 0 0 0 0 0 0 0 0 0 0 0 0 27.8837944486 27.784257159 27.6695174122 27.629747618 28.0818269805 28.1050244261 27.9608313753 27.5055734968 28.062179196 27.7908093686 61.9934540759 49.1414234982 86.1969538696 86.1969538696 65.5270466488 28.2009790915 27.5847543699 27.8501150346 27.6249523298 27.8205773622 28.118108241 27.8467335219 27.7946900283 28.1632336058 27.9327143531 28.0379902744 27.777340143 41.4842861201 41.4842861201 27.5116092191 28.146316937 27.8330296104 44.7374296209 50.2956577701 53.5454084514 45.2031446131 57.8765472037 57.8765472037 28.151446625 28.0547020548 27.7179020793 27.7943808164
0 0 0 0 0 0 0 0 0 0 0 0 0 0 27.7386565375 27.9530948257 27.5938399395 27.5366325575 27.5919105428 27.8593256858 27.5862706353 28.184681656 28.0411272036 60.6107827809 49.6260196326 49.6260196326 49.1414234982 52.4590300084 27.7031875466 28.1057639644 28.0838021592 27.8577496171 27.6030692026 28.2063875193 27.6583743292 27.5225299027 28.0403359783 28.1406007031 27.9933055857 27.8910515105 27.9727123846 27.6342537275 28.1299849531 27.9782095367 27.7122977312 27.7465387707 27.9496558559 53.5454084514 43.7791335907 43.7791335907 43.7791335907 27.6275235002 28.142349772 27.8952716347 27.5332489139 28.1362630835
0 0 0 0 0 0 0 0 0 0 0 0 0 0 27.8698587959 27.7493170389 27.9778744378 27.651736796 27.5319675754 27.7945348088 63.8338300047 59.0293479937 63.8010116366 64.4246948319 64.4246948319 49.6260196326 43.3882298445 27.5742213954 27.5811070839 27.7290777635 27.957208052 27.5608438423 27.745491992 28.0677026965 27.9314709618 28.0319910595 27.8673108346 27.7316790463 27.5276853959 27.5452909175 27.7882414033 28.0215055322 27.574978563 27.6202819587 27.5819909473 28.0810380287 28.1714978449 53.5515113526 53.5515113526 43.7791335907 61.8772446227 27.8646515147 28.1001424489 27.8621882868 28.2070095615 27.5542346543
0 0 0 0 0 0 0 0 0 0 0 0 0 0 28.1355445889 27.9484583511 28.1991816537 27.8859798803 48.2402267861 71.0457151194 59.0293479937 59.0293479937 59.0293479937 63.8010116366 64.4246948319 64.4246948319 27.5377566691 27.93755274 28.0074910373 28.0904467321 28.1783808034 27.8899075191 28.1231601729 27.6353529906 27.7904344805 27.6880006641 27.5625855424 27.9434470274 27.9618546689 27.6191917349 27.9319223716 27.5198170554 27.5806836097 27.9048233897 27.7022824529 28.1138709091 27.7508609018 53.5515113526 53.5515113526 53.5515113526 50.1503994131 27.5889239744 27.5454911379 28.1335007053 27.9970073631 27.7481974349
0 0 0 0 0 0 0 0 0 0 0 0 0 0 27.9469730742 27.7067274089 27.8112401734 28.1732735168 69.5357894411 71.0457151194 71.0457151194 59.0293479937 59.0293479937 63.8010116366 28.0415684875 28.1752899357 28.1727986694 27.6670347694 27.8280330815 27.660078044 28.15374608 27.7035961483 27.8048066861 27.7008672868 27.7577325656 27.8414958328 27.7958823504 27.7220749083 28.1699402986 27.7850610909 28.2051916117 27.6703146892 27.7467934965 28.1622673417 27.9476220712 27.7856980135 27.9794727977 55.0729524346 70.143736821 58.0394456257 58.0394456257 28.2030005501 27.9887733798 27.5543755794 27.9181883365 27.565419874
0 0 0 0 0 0 0 0 0 0 0 0 0 0 28.0743613807 28.1495087366 27.865064596 57.9326924421 57.9326924421 71.0457151194 46.4986332384 47.6569565205 27.996402944 27.7124163736 27.7184902536 27.8704067654 27.9636134408 28.0676849884 27.7391698069 27.5447257461 27.5987964859 28.0470276822 28.011522676 27.7195853689 28.0818996124 27.5425213562 27.5703433864 27.5216762327 27.9826956015 27.7879882772 27.6585586298 27.7203941669 27.7461873579 27.7387058629 27.5300841577 28.2051846686 28.1158546382 70.143736821 70.143736821 70.143736821 50.9267719531 58.1770594728 28.1659988838 28.045757341 27.9707058988 27.8215066885
0 0 0 0 0 0 0 0 0 0 0 0 0 0 0 28.0162364353 49.7335756499 49.7335756499 57.9326924421 57.9326924421 27.6754649134 28.1862963374 27.7044824228 27.5831466873 27.5384489994 28.2022023013 28.0263497905 28.1132599705 27.7014921266 27.5822736569 27.8448323731 28.0289641203 27.5244112273 27.5731184847 28.0772711707 27.7047704498 27.8457782587 27.7617423979 28.185614676 28.0580327317 27.6825663167 27.8867548382 27.9500814471 27.8890424088 28.0691553339 27.7734660182 27.5836619515 70.143736821 70.143736821 50.9267719531 28.1870451434 27.6660062661 27.5763251667 27.7585344643 28.095647104 27.9854371174
0 0 0 0 0 0 0 0 0 0 0 0 0 0 0 59.1384079141 49.7335756499 49.7335756499 49.7335756499 28.1604489593 27.730342517 27.6708313654 28.1940096705 27.8661329312 27.5703237466 27.5399462697 27.7060025201 27.5985759092 27.601903416 28.0802936542 28.0073901769 27.9944797568 28.0660243669 27.5686976053 27.6538782497 28.0255953035 27.6689270629 27.9793111232 27.9471475421 28.1058907464 28.125830676 27.8900186774 27.6149224835 27.9824458055 28.1973036812 27.7591228284 27.9318692078 41.8485575904 62.9109588164 78.8258003551 78.704766443 27.9423954762 27.9963351739 27.7458732132 27.9371591411 27.6106475309
0 0 0 0 0 0 0 0 0 0 0 0 0 55.2546119818 46.888587909 59.1384079141 49.7335756499 49.7335756499 28.0573766568 28.0205699154 28.0122270308 27.5083561622 28.084754487 28.123144552 27.9433092645 27.75206315 27.5762406605 28.20204645 27.962575076 27.5086418432 27.7017818591 27.6081642207 27.6545417961 27.7462013028 28.0852816251 27.7104225601 27.6665013474 27.7630539143 27.8322961937 27.5528955733 27.9475280413 27.7010551202 28.0798904944 27.912951688 28.2006831227 27.7946926995 27.6679643299 62.9109588164 62.9109588164 62.9109588164 78.8258003551 78.8258003551 27.7863350638 27.8353209486 27.7052293547 28.1823934597
0 0 0 0 0 0 0 0 0 0 0 0 42.4702151767 62.2826461442 62.2826461442 62.2826461442 59.1384079141 59.1384079141 27.5501721649 28.0301329965 27.5564116515 27.6611706109 28.0619105799 27.5845010871 27.6742490697 27.8229857759 27.7534257905 27.6020752661 27.6367039967 27.513260599 28.0319363648 28.0946030733 28.0299518321 28.1781784432 28.1223708965 28.0781499181 27.5751039722 27.8470937987 27.6238384382 27.659694044 27.8667449181 27.538143696 27.8718743759 27.5780926418 27.9103165016 28.1311015385 27.5214715659 50.4723652333 50.4723652333 50.1699658068 50.1699658068 72.1117182401 27.7652580463 27.6935566516 27.501218026 28.1025523992
0 0 0 0 0 0 0 0 0 0 0 53.0230016906 22.9357856242 42.4702151767 62.2826461442 62.2826461442 76.2835592332 0 0 27.8459082671 28.1968721032 28.1391679034 27.5064369795 27.8994133142 27.6728499337 27.6323431452 27.7473143044 27.7468257394 27.6341031326 27.8210661067 27.8551357489 28.0915658976 27.9031716833 28.0734700886 27.8880414411 28.1319757472 27.8920814737 27.8418562585 28.2031546422 27.5969413371 27.7039785073 28.0276277748 27.7971591284 27.5893198432 27.9427583591 28.1907655253 27.7821902737 28.1310085623 50.4723652333 50.1699658068 50.1699658068 39.7318453579 27.6784910914 27.8335893319 27.7107649856 27.9675609674
0 0 0 0 0 0 0 0 0 0 56.8006358188 32.9068527181 56.8726139433 42.4702151767 80.297005171 62.2826461442 0 0 0 27.6643836681 28.2013913251 27.579259207 27.9373682019 27.7542169785 27.5705128283 27.8421190401 27.5924438715 27.7721189059 28.1061085357 27.9771406101 28.198500831 28.1919059052 27.5906788652 27.6320741561 27.8439448005 27.6136559108 27.5935767016 27.6881646292 28.1483276138 27.7748716925 27.7591980281 28.0643688999 27.8243570991 27.5975714781 27.8564925433 27.5748238108 27.9449700728 60.3729963209 60.3729963209 60.3729963209 49.206011047 46.7169206339 27.8872262177 27.8284596731 27.6805883605 27.5966886263
0 0 0 0 0 0 0 0 0 50.1121363676 56.9109009515 32.9068527181 32.9068527181 56.8726139433 0 0 0 0 0 0 27.7811087764 27.6148126069 28.1900528784 27.7095416136 27.773018647 27.7630038752 27.7665558762 28.0610816521 28.1565189157 28.1221776662 27.5444346054 27.8087251121 27.5952765606 27.981764951 27.7830470636 27.6909316234 27.7275081703 28.1452777649 27.9387961912 27.9439765546 27.9177283603 28.071488074 27.9080193562 27.6879088335 27.7582053209 27.8147203676 27.5606730207 43.8086371491 60.3729963209 60.3729963209 57.1628256013 49.206011047 27.6332868148 27.5384263273 27.9462419194 27.9787550272
0 0 0 0 0 0 0 0 56.8934725666 56.8934725666 32.9068527181 32.9068527181 32.9068527181 0 0 0 0 0 0 0 0 0 27.6216126857 27.8398570065 27.5501642117 27.755280127 27.919022773 28.0010673311 27.8006138338 27.8280233623 27.620065846 27.7868263587 28.1507332339 28.1966995983 28.1295713304 27.6389713326 27.6052184607 28.1759096434 27.5672039116 27.9915440671 27.8291425956 27.5494701894 27.778177374 27.724296294 27.8774811633 27.8142489492 27.8939489057 68.4922984583 57.1628256013 57.1628256013 57.1628256013 57.1628256013 27.5396606458 28.0850547591 28.148585663 27.7149589997
0 0 0 0 0 0 0 47.6932804037 56.8934725666 56.8934725666 50.1121363676 50.1121363676 0 0 0 0 0 0 0 0 0 0 27.9525543175 27.7439741227 27.7552797145 27.5933093562 27.5470891591 27.7266433399 27.7538298985 27.6054919832 27.7436906322 27.6961721819 28.061606271 27.5280621489 27.7820356694 28.0253055951 27.5950436319 27.7613907007 27.5611051842 28.1229898629 27.5883058728 27.9124168184 28.0628856693 27.582000298 28.1634874781 27.8856015033 27.5384274475 27.6447328412 45.2458693926 45.2458693926 45.2458693926 42.0436038994 27.8953813453 27.6696215638 27.8200253284 28.177806526
0 0 0 0 0 0 47.6932804037 47.6932804037 56.8934725666 56.8934725666 56.8934725666 0 0 0 0 0 0 0 56.5999185671 0 56.5999185671 28.1718837447 27.7058576688 27.658485511 27.5846750924 28.0066129887 27.8546314343 27.5166509074 28.0863497306 28.1156939571 28.0385035531 27.7931796995 27.560108396 27.6474896481 28.0407178527 27.5890877017 76.739065327 76.867718881 62.3696026697 66.1720532348 27.7984432109 27.7924661908 48.9920580776 44.8425254087 51.4326122179 27.6095023645 27.6306813815 28.0116610157 27.9081761816 80.6643865689 80.6643865689 54.5777183372 81.8196508004 28.0910753682 49.3062042051 49.3062042051
0 0 0 0 0 42.4616432375 47.6932804037 47.6932804037 47.6932804037 0 0 0 0 0 0 0 0 56.5999185671 56.5999185671 56.5999185671 28.1858023324 28.0260330486 28.1698652455 27.7009156141 27.8461010743 28.0938350194 28.0673999453 27.9442061698 28.0708055613 27.6368878547 27.6355365196 28.0321821931 27.658887265 27.6721429821 52.7075291641 52.7075291641 76.739065327 76.739065327 52.0361818853 66.1720532348 66.1720532348 45.0004370435 50.3391338321 50.3391338321 51.4326122179 59.4712792553 55.7382990797 37.0003004 80.6643865689 80.6643865689 80.6643865689 80.6643865689 54.5777183372 58.0415490245 78.5644046521 78.5644046521
0 0 0 0 0 42.4616432375 42.4616432375 42.4616432375 47.6932804037 0 0 0 0 0 0 0 0 56.5999185671 56.5999185671 27.7945913877 28.0063284477 27.5948482625 27.9231841914 27.9300317184 27.9598623289 27.8129860285 28.0864134006 27.7603024173 27.886990515 28.0288765992 27.7397891804 27.8416790379 28.0059186373 27.7235786152 51.3685169785 52.7075291641 52.7075291641 76.739065327 52.0361818853 66.1720532348 66.1720532348 45.0004370435 45.0004370435 50.3391338321 51.4326122179 59.4712792553 37.0003004 37.0003004 63.3059548466 63.3059548466 54.4038189132 54.5777183372 54.5777183372 58.3878138788 78.5644046521 61.2686699561
0 0 0 0 0 0 0 0 0 0 0 0 0 0 0 0 46.2433281802 46.2433281802 56.5999185671 47.1594175295 28.0197236881 27.6488233344 27.8698424988 27.5826919569 28.0101037614 27.8757142936 27.9479277701 28.1106429352 27.5432745766 27.6586235705 27.5703657435 28.1991166525 52.831995579 52.8993299379 51.3685169785 51.3685169785 52.7075291641 76.867718881 62.3696026697 66.1720532348 51.347189559 45.1656005221 48.9920580776 50.3391338321 51.4326122179 27.8421603973 55.7382990797 37.0003004 63.3059548466 51.2378681659 42.3169858766 27.8016570097 81.8196508004 28.1455949323 61.2686699561 61.2686699561
