Spatial_Output/BAU/BAU_0421.asc
NCOLS 155
NROWS 192
XLLCORNER 196769.923733
YLLCORNER 449719.875193
CELLSIZE 27.603701
NODATA_VALUE NaN
[rows 23 to 45 of 192, columns 53 to 105 of 155]
30.9129403049 30.6292065977 31.2054607018 31.0373772242 30.8159391945 47.738755192 47.738755192 63.6969627824 63.6969627824 51.2590082168 31.0579802527 30.5909779759 30.962318524 30.7349575004 30.8940048741 31.0721314639 30.900112953 30.8952522183 30.5454210498 30.7848219524 30.8990234224 30.8332749074 30.9344284172 30.5224979507 30.8939831203 30.6041340235 31.1493512918 31.0802528175 30.565729301 30.5420074483 30.515858838 30.6175177088 31.0799091913 30.6600312702 30.9988727481 30.7097657274 30.5007570812 30.9207208197 31.1284430825 30.6161479944 30.7006812545 31.1328729846 30.6709883764 30.6170374724 30.5486366841 30.8347932312 31.0501133294 30.6442853658 30.8328516439 30.7327396043 30.8009622816 31.0241481373 31.1711838044
30.7423940672 30.7806980634 31.1894259065 31.0118505017 53.3794899629 53.3794899629 47.738755192 63.6969627824 63.6969627824 63.6969627824 30.7169042508 31.1863552232 30.9695484353 30.5373876419 30.5506017143 31.0475186642 30.6958666826 31.0474009093 30.7507360532 30.7969902082 30.790136316 31.0910232473 30.6809678414 30.9268125717 31.1439965907 30.9926844113 30.9640110221 30.742540149 30.6547220288 31.1415781567 30.9073785569 30.7048416839 30.6225071797 30.7663279234 30.700647836 30.5942553593 30.5603575709 31.1307737761 30.9218599776 30.997670349 30.6274007223 30.8951237533 30.5963930964 30.7979035628 30.6851649842 30.7213163857 30.5806498494 30.9239996195 30.7073546452 30.8231427701 30.5505737546 30.8487383929 31.0630858489
30.5323141561 31.1593622837 30.5125852889 30.5303748244 53.3794899629 53.3794899629 53.3794899629 72.2917770655 30.615358302 31.0877758414 30.8542082453 30.6689107472 30.5717953645 30.8371497115 30.6889224859 30.7922060025 30.9826725573 30.7061720429 30.6114375533 30.5661888158 30.6068673273 30.664968358 30.5427853373 31.0099163234 31.0325920009 30.9942793474 30.9526282428 31.0857331897 30.5702371149 30.6969025286 31.0811087358 30.9694596977 31.0753293637 30.8078386945 30.6421177738 30.7163511084 30.8797240207 30.5946872438 31.1220113334 31.001979092 30.5613813865 30.6118827446 30.5899461275 30.8355384108 30.7516364628 30.9268897136 30.645325076 30.5202786293 31.1101105404 30.8787001627 30.9621319997 30.8468552111 31.2009912844
30.7871047346 30.7060788599 30.5146734314 46.2514793982 70.0032626923 53.3794899629 70.0032626923 30.507424198 31.1658353147 31.2022755505 31.0454575663 30.9536286342 31.0137306289 30.7957009201 30.9083288484 30.657066486 31.1229599969 30.8839762271 30.6675860397 31.0214711008 30.8804136925 30.5288215374 30.8098851954 30.7501171178 30.7670740578 30.9642383822 30.809550677 30.692820239 30.6233411823 31.0234210826 31.1716536143 30.5473285122 31.0909403546 30.8508325567 31.152377908 30.9167955301 31.0159351073 30.9252878973 30.7356046937 30.5464088646 30.5925258397 31.0543860074 30.8463617909 31.0951421726 30.6954803363 31.0661394027 31.1002419598 30.6041527945 31.1855443365 30.5765525281 30.7736321228 30.5829484507 31.0227138473
30.903574574 30.9635144629 30.7323244689 30.8412218076 57.1186350557 57.1186350557 57.1186350557 30.8361062611 30.9567325417 30.5989501084 40.8617187762 30.5478988812 30.9338946818 30.6060965774 30.558018234 30.8952953651 30.5896171882 30.7978175452 31.1021334543 30.7358012246 30.7367346152 30.5605735283 30.761648283 30.7601028238 30.5120614734 31.1525590786 30.5615591363 30.7293807956 30.5113112873 31.0320679711 30.7277828361 30.7886412816 30.8441519461 30.5691285655 30.8114325832 30.8813273293 31.0876613855 30.780675443 30.9961014683 31.026331457 31.0876224303 30.8058790123 30.9130096582 30.6520212467 31.0802206862 30.6559132665 30.5547309586 30.9490461499 30.6170516615 31.1594612618 30.690868096 30.8616316786 31.1194928621
31.1245356591 30.5615635925 30.9585084105 30.511096917 54.8976688768 74.8507936787 54.8976688768 31.0229288367 54.572705833 50.7446324461 40.8617187762 40.8617187762 31.0049697342 30.5980262919 30.8930471637 30.5107819801 30.879022856 30.8610839252 31.1921800215 30.9451984372 30.8196208082 30.6193276848 30.7343829416 31.1687492971 30.6953704925 30.756688281 30.72073716 30.9608016719 30.5990802843 30.7703380553 30.9754923258 30.7117116706 30.5718854405 31.1907875896 30.6638375517 30.5212936673 30.6986633676 30.5220267718 31.1259903124 31.0106831373 31.2050877125 30.8837072514 30.9725978461 30.6984262486 30.6002892994 30.614618309 30.7517874717 30.59254949 30.6679576706 30.8658618439 30.5156255891 30.7897337942 30.6175626752
30.7317339784 31.1600754764 31.0509819844 30.9258452077 47.0320317732 51.460150967 74.8507936787 60.3535130639 54.572705833 54.572705833 40.8617187762 40.8617187762 52.2095775519 31.0489435753 30.8349131994 30.5286175983 30.5946217843 31.2029808665 30.9615660828 30.6411471405 30.992926589 30.6103521688 31.154834801 30.7279060445 30.9292582582 30.5569948201 30.6466736988 30.558869626 30.545092938 30.9057255016 30.6102078907 30.8379017558 30.7774858462 31.0315168502 31.1583071379 30.555758694 30.9180434684 30.9456857215 30.9319310506 30.5322048703 31.164492483 30.7472409857 30.7729433379 31.025306227 30.8727104889 30.5082340331 31.1047578123 31.1916055966 31.1110278607 31.2026113651 30.7480441858 30.7615960209 31.100594256
31.0274095408 30.8282288264 30.9752429652 66.9861645942 51.460150967 51.460150967 51.460150967 60.3535130639 60.3535130639 54.572705833 50.7446324461 52.2095775519 30.843584615 30.6680962853 31.0414379261 30.8326073483 30.5899083852 30.9797083778 30.5710685924 30.7576002635 30.9112352465 31.1793574774 31.0060838628 30.9819134622 30.5712255682 30.669221865 30.5558142981 31.1956494164 30.5146205303 30.942295186 30.8768686968 30.961979495 31.1653052145 31.1424816402 31.0790797417 30.6408937699 30.6172791025 31.0604529663 31.1122198662 30.8452557023 31.0198529664 30.6873911962 30.9238542066 30.7074447093 30.6219413614 30.9586500894 30.6115197047 30.9669707655 30.8430046194 30.7020457555 30.9540565229 31.1843931493 31.1462987105
31.1309600805 30.5512748251 30.5404459167 66.9861645942 51.460150967 51.460150967 51.460150967 49.7564118688 60.3535130639 30.7457482117 30.9905057899 51.1083525754 30.9828838319 31.1814275771 30.5452055249 31.0701329986 44.6776924049 44.6776924049 31.1304423145 30.7222313437 31.1903439914 30.5850154744 30.529385603 30.7596211239 31.0417373513 30.7611170238 31.1560383751 30.588237292 31.1343276754 30.8531309228 31.0355318775 31.1978622988 30.5309948323 30.5208611742 31.093472658 30.7019272993 31.1657189865 30.9653886982 30.5667195884 30.7459408955 31.1015943967 30.8979367772 30.8876855345 31.0291543155 30.9161657568 30.8990435707 30.7695221904 30.9734338619 31.0570622296 31.0892118018 30.983695649 30.9806449059 31.0875091902
31.1871484935 30.8618390029 31.1550319926 30.6412464754 43.0121727221 61.2758809201 44.7125573272 30.5763188818 30.8454639264 30.6576899923 51.1083525754 30.6745017176 30.8638946777 30.7047648243 30.8208651277 44.6776924049 44.6776924049 31.1445907256 30.6169027323 30.7418437524 30.9610443176 30.5852654657 31.1427423839 31.157042879 30.8798083694 31.1509488258 31.04223666 30.7416793332 30.7625313956 30.7012580964 30.5999411503 30.6506698265 30.6856631172 30.7978192133 30.5489917434 31.193943052 30.972784757 31.1262675165 30.8123130116 30.8218607944 30.8031250749 30.9596155893 31.0404245448 30.81182124 31.1945384016 30.6399797459 31.2019644559 30.5310727233 30.6965985486 31.1897934351 30.9292721754 30.8064603456 30.7096024471
30.7868404084 30.5067273999 30.5282550553 31.1025113193 43.0121727221 71.2615133558 43.0121727221 30.5294837358 30.7452686283 30.9651226182 30.8888995308 30.8616860961 31.0887194767 30.8446091134 30.748021873 44.6776924049 44.6776924049 53.7481496726 53.7481496726 53.7481496726 30.9847380368 30.9627096212 30.5685811508 30.9069885281 30.983735611 31.123361674 30.8119869972 30.7342231261 30.5805360288 30.5850304507 30.8060355878 30.8869560854 31.0492300585 30.8814373252 30.9785628394 31.1614567977 30.957659915 30.6265656409 30.5374632635 31.1118038678 30.5138328364 30.887717948 31.12895336 30.9916464251 30.634769704 30.5518944772 30.6559278182 31.0209238532 30.7283211233 30.5401964722 30.9939212188 31.158436003 30.5937153742
30.5508151746 30.9869092846 31.1743363864 30.653140821 71.2615133558 71.2615133558 71.2615133558 30.5491949983 30.5156168869 30.5750888782 31.1919382207 30.9785702859 30.6040251164 30.7820822682 30.7318646406 30.9970565745 71.8927486753 53.7481496726 53.7481496726 31.0740728885 30.5995728234 31.1207814794 30.6494178512 30.8357894844 30.6437558432 30.7269211871 30.5901253654 30.6752240043 31.1394495035 30.973278055 31.1656579976 30.7542923625 31.1908574237 30.8642029418 30.5875016363 30.7384976965 30.5429905684 30.7244599667 31.0276827213 30.8083186678 30.5193719848 30.8660414536 30.7835327957 30.8156261466 30.6014261574 30.9214852721 31.0612423377 30.5805361036 30.8531187068 30.9426166155 30.9719119382 30.7073474288 30.8802445634
30.8833339837 31.0157845987 30.9062058951 30.7615763553 64.0064200564 64.0064200564 43.6839660729 31.1838347432 31.1797727039 30.6768558287 30.6838399257 30.9435033899 31.0076393811 31.0011298155 30.9420320593 30.7006276278 70.0675275871 30.6443142545 71.8927486753 30.6438770386 30.7087385864 31.1465155106 31.0311246818 30.9991323295 31.204866011 31.0612637878 31.1148877961 30.7515231523 30.5970349415 30.7924750555 30.9092349698 30.7280022296 30.5199805392 30.8481915617 31.1277839121 31.0849287491 31.1969938831 30.7495442736 30.7649682056 30.571444686 30.5694715547 31.0781845571 31.1045418571 30.6540531244 30.8990557623 31.0249872999 30.5441880071 30.6638541727 30.6701546042 31.0415446552 30.7866589228 30.6521886187 31.0075514705
30.5493899504 30.5749703831 30.5437886417 30.8555960083 30.6397579426 43.6839660729 43.6839660729 43.6839660729 31.1518901962 30.6652225716 30.6282733874 31.151219277 30.8785127249 31.1346792166 30.6103994902 31.0928507106 30.9997683167 30.5829593368 31.1469614744 30.6689023278 30.8856309139 31.1335415317 31.1056908901 30.6520088958 31.0254009461 30.5906099129 30.8409639527 30.91910353 31.0398451099 31.0296343228 30.6277372566 30.5688418455 31.1537992169 30.8273423575 31.0916974935 30.5359396075 30.8225197364 31.0619100921 30.9053436025 31.086462284 31.1749729135 30.7166400485 30.9937310786 31.0637065323 30.7252215992 31.0784649992 30.5904081341 30.7641767114 30.6353878221 30.6191799108 30.6818981216 31.1899080321 30.5737961503
30.5618949787 31.0256146267 30.6264245313 31.0382980779 30.8958535422 68.4308965107 43.6839660729 30.7633398734 30.67656084 31.103699868 30.8569828404 30.6095274524 31.1146575098 30.7703537134 30.5034426505 30.739532307 30.6076065142 30.8002142225 30.5509055071 30.6871767816 30.6389657649 30.8932967192 30.8296846038 30.9041135246 30.6430293181 30.828084868 30.8526574231 31.0258450847 30.8394695241 30.6737041113 30.7312929728 30.7321728021 30.9803183884 30.6703650895 31.1876223016 31.0342820468 30.7058044159 31.1534249974 30.6979724574 30.8556279328 30.7554874718 31.0463907118 30.640128398 30.7351565109 31.157800971 31.0711912836 30.6649789882 30.8624679829 30.9645646164 30.554157887 30.6640537982 30.6122716999 30.6406262362
31.0795781571 31.0141974551 31.1176230409 30.8835953344 31.0701050053 30.5817598946 61.0796732614 61.0796732614 61.0796732614 30.7940996832 30.7292877181 30.9897387998 30.7228152642 30.7357570755 30.746365237 30.8011224568 30.6328165397 49.5399136677 30.6070816722 31.0362470012 31.1875896414 30.8180940874 30.6092500591 30.7406347746 30.6613318047 31.0102177523 30.5707469524 31.1735679666 31.1357770807 30.6308884761 30.601333087 30.6702771767 31.1943807333 30.589724365 31.0545859867 31.137740316 31.166744015 30.7591425135 30.618389205 30.8426755403 31.1691732014 30.8405963278 30.8729402859 30.5906765709 31.1412755888 30.707481172 30.775573775 30.5023489803 30.8041790188 30.6981451393 30.6529534255 30.8285940441 30.7702353343
30.8393075559 30.6347680032 30.6969546107 30.6606039463 30.9822717681 61.0796732614 61.0796732614 61.0796732614 30.9649907906 30.9986437168 30.8745807656 30.5705300297 31.1795944112 31.1321251814 30.8880458086 31.1090430929 30.6260542181 51.6502324971 30.6579601042 30.7547977326 30.6055936451 30.8552316351 31.0485130069 30.8485752817 31.1671938681 30.618747015 30.7240916989 31.0959490824 30.8618840148 31.1214291016 30.5041783078 31.02674178 30.5994221551 30.7041438825 30.57860536 30.959281795 30.7378811092 30.6017001006 30.554848225 30.6422363167 30.8597645433 31.0774366337 30.7642944936 31.0083028597 31.0106955936 30.9566360296 31.004443893 30.9995197276 30.7569321595 30.5075983017 30.9706082412 30.5235867233 30.6995294205
30.6973929001 30.5284428896 30.7099975353 30.6429379216 31.005071587 52.6298689371 52.6298689371 52.6298689371 30.5150993313 31.2043942757 30.6588089556 30.8552905223 30.8551331935 30.842788742 30.9845223138 30.9227467251 58.6584585114 31.0296117329 31.151639741 30.7936410319 30.9569229361 31.1239170463 30.6721252615 31.0890350882 31.0983516951 30.6301488398 30.9686101312 31.0550292772 30.9417811084 30.6603989791 30.5144856924 30.7923480624 30.667329066 30.6350335252 30.7815760024 31.0014965978 31.0820848352 30.6195844237 30.7393815433 30.9757526509 30.7712409065 30.9418677203 30.7311343147 31.1485817061 30.7326947547 30.9568898834 31.19551336 30.9492525336 30.9154887146 30.6848742625 30.9908641148 30.6941118873 31.051307191
30.6927285817 31.0438021429 30.5552168331 30.6866109185 30.7201592712 31.1461141433 30.9812339295 30.8745700509 30.8648517481 30.7162711274 31.1093407513 30.7482156428 30.6356894934 30.9017720943 30.8043033227 52.4485794341 52.4485794341 52.4485794341 30.7044458976 30.8895977735 30.6156741053 30.5608568152 30.8752135922 31.1772057919 30.5817459392 31.1659204886 30.5110378958 31.1785374381 30.8018508013 30.7770394136 31.0889730387 31.1628601965 30.7383605118 31.1650365327 30.6823640308 30.59064497 31.1029666775 30.9202188677 30.8626442055 30.636217131 30.9339673108 30.9847404069 30.5126151926 30.818553104 30.9305790099 30.6370755142 30.6018149829 30.8071978021 31.0868453236 31.1939498247 30.7943298961 30.5282211488 30.6633214179
30.7597515832 31.0421577169 68.7707017431 30.6244171863 31.1478375404 30.9837248122 30.7191035923 30.8929729415 30.5410159608 30.6380648382 30.6853669018 31.0398108222 30.8286776639 31.0532787078 31.1748864416 52.4485794341 52.4485794341 52.4485794341 30.5425797292 30.7030455475 30.5618844707 31.0165964744 30.7123729813 31.1031948071 30.9993100129 30.5122594271 30.81887116 30.864237994 30.7280180996 30.8103073886 30.7852926228 30.5489361815 30.9910342623 30.5139367127 31.1787221735 30.7176053382 31.0638991426 31.0874619056 31.0767080676 31.1856748457 30.572049051 30.8696799834 31.0433774646 31.0281584199 30.9203458955 30.8051508398 30.8215875293 30.5893108492 30.8899505153 30.6189249154 30.8874967539 30.7932541426 30.8733029897
31.0536291396 30.9898179594 30.8781713275 30.6964678439 30.5684156789 30.7750282638 31.104363172 30.7955954174 30.7731427109 30.861243187 30.6526962806 30.6910691999 30.5758415338 31.1092190783 30.5957578574 31.1664090886 52.4485794341 75.4932620054 31.0076466255 30.5901592231 30.9768577266 31.1117094589 30.9134412363 31.1203784696 31.1999460706 30.6489742111 30.8623464402 30.9299496842 30.5503644773 30.9916457675 30.635250799 30.8467638599 30.5883787965 30.9371280089 30.5472409179 30.702025637 31.1706418768 30.9368983591 30.6027445114 30.5918946541 30.8628476519 30.5677069829 30.6344495309 31.0470571488 31.0897599274 31.0582791765 30.792954284 30.733483028 30.891144386 30.8476366028 30.8183180007 30.5212501836 30.8472000389
31.0929557331 68.7707017431 68.7707017431 30.7182503231 31.1608712703 30.9015160942 31.0550621756 30.6883496099 31.016907938 30.7471183577 30.7772546884 31.0960370395 31.1259759396 30.8983344967 30.9310234914 51.2342638577 51.2342638577 31.0990059683 31.0246982902 30.9526722818 30.7920714803 31.0942174825 30.6135451156 30.6487631227 31.1035461448 30.9953574747 30.7721685873 30.9226980028 30.6552735837 31.1198233446 30.8195320538 30.5871341485 30.5835283421 30.6333525439 30.7244401309 30.5258208994 30.980447004 30.8237753491 30.5159293028 30.8230001706 30.6987303309 30.6358810558 31.0528689903 30.8788431982 31.1416307805 30.6296304095 30.8601636486 30.9344981593 30.8509865084 30.8910584996 31.0995295821 31.0967295422 30.5693518485
31.0134201212 31.1906553191 31.0417528907 31.060111443 42.8935470816 42.8935470816 42.8935470816 30.5220046285 30.9340659624 30.9292298379 30.8622759232 30.8503981779 31.0194286935 30.5412426483 30.5298467605 31.0753513512 42.5110834082 30.9924901111 31.1808475532 30.8639034837 30.7611032491 30.6755606614 30.9602333902 30.9267380113 30.9110634208 30.5439049987 31.1617079268 30.7799911619 31.0312409087 30.9875099378 30.8881940032 31.1111406979 31.0987886161 30.8056264664 30.8114372634 30.9914352674 31.1852301596 31.1781605846 30.9679501797 31.1814083362 30.5635454926 30.7727012204 30.546449642 31.1651017077 30.7786275013 31.0893010208 31.0073266318 30.9689215368 30.8522509831 31.1780383282 30.9831247827 30.5907621239 30.7046561312
