Spatial_Output/BAU/BAU_0465.asc
NCOLS 155
NROWS 192
XLLCORNER 196307.867259
YLLCORNER 449144.565805
CELLSIZE 33.573938
NODATA_VALUE NaN
[rows 150 to 174 of 192, columns 57 to 113 of 155]
31.0787994066 30.7378333606 31.1444183584 31.1531488609 30.5580419947 30.8205350444 30.8879351019 31.0206086539 48.8551132398 59.9623174611 60.9429327261 30.6211378745 30.7447511364 30.532242313 31.1202973214 31.193471511 30.5521687353 30.7189907848 30.5187182467 30.5417990503 31.0897336259 30.627787402 30.8454374437 30.9818833325 30.9759826853 30.7779205743 30.5582485312 31.1387789645 31.1363246316 30.8120810934 30.5426823637 31.1321262104 30.602102744 30.9544668983 30.8304592488 70.1143464059 70.1143464059 64.5615542208 31.1691918516 30.6917935671 30.8190606834 30.6509758858 30.7545937063 30.8767724503 30.6825536904 30.5217901733 30.9092891647 31.0876980138 30.5645917165 30.7708656335 30.7141628627 31.0138339532 30.6943449757 30.7553407214 30.8655239419 30.55856423 30.7020549804
0 31.2009446032 31.1317012356 30.5171294898 30.7458319354 30.7127757653 30.6471094722 62.1025116419 54.1700623293 52.1348284716 47.3898213969 30.9027395787 30.8795446766 30.8148421176 30.722904363 31.0955086664 30.6455746973 30.7750700643 30.518658957 30.8750476102 31.1118781093 30.7619512752 30.5191527848 30.9876385023 30.9602113948 30.9396490833 30.6771774361 30.9118267804 30.7364204776 30.847002532 30.6084241363 31.0368442478 30.9467147622 30.7919668865 31.0398858656 30.7651474666 74.3720290348 74.3720290348 64.5615542208 30.5414961353 31.1255936017 30.5136383047 30.6864325359 30.9805036698 30.986766593 30.7649740684 30.5310688453 31.02951741 30.9145861869 31.0684829365 30.6495260302 30.7979441937 30.9610675393 31.1418373444 30.6386688818 30.716698938 30.6301941894
0 0 0 0 30.8630271368 30.5435272823 30.8037333725 30.6746772401 56.3287467074 44.1219821979 47.5886748456 30.6625164828 31.0137213624 31.0697491391 31.1141232487 30.8766516855 30.7261522701 30.7619904736 30.9170029566 31.1980366616 30.6539005019 30.6269345727 30.6046805623 30.8059787253 30.7427810657 30.5459839927 30.5908676566 30.9825539942 31.1172411301 30.8226965888 31.1021398385 30.92919763 31.162389758 31.0208659775 30.9846862922 30.8549537169 64.5615542208 74.3720290348 50.5553830037 50.5553830037 31.0811186429 30.9704951321 30.9186294165 30.5563212223 30.5321699569 30.6734477213 30.9992791844 31.1731805526 31.1923585209 30.641884197 31.1892016608 31.1052302817 30.5952418816 31.0446394837 30.5277779197 30.991659384 31.0800756526
0 0 0 0 0 0 31.0479424895 30.8544966747 53.1674095346 22.5639526698 22.5639526698 31.0552528487 30.7683097742 31.0658189046 30.5695690743 30.6522768268 30.9800858876 30.5403948316 30.709141852 30.9193006707 31.1210821314 31.1361210589 30.7272265594 30.9713566896 31.1550582529 30.70598603 31.1662667263 31.0972967721 30.7138236898 31.0325092733 31.1679426062 31.1410423221 31.1213615219 31.0874790368 30.5189409125 31.1873854941 31.0141011662 50.5553830037 50.5553830037 30.5321220217 30.9206282799 30.6169631294 30.6945300937 30.8709618546 30.6829936229 31.0756550695 30.9566748548 30.9505011131 30.7646551258 30.875783533 30.5894168044 30.8461441956 30.6965557169 30.5495339585 30.6411011405 30.9780778726 30.5559168426
0 0 0 0 0 0 0 0 22.7542690018 22.5639526698 22.5639526698 30.6966466156 30.5374705781 30.6822714002 0 0 30.5539068363 30.9325130938 30.703730866 30.8867772954 30.9155057818 30.816191817 30.8857877868 30.7953498255 30.7949693487 30.8171575906 30.8831461184 30.9930207703 30.9644019441 31.0663743114 30.621209141 30.9513723349 30.7583125868 30.7371071355 30.5283734439 30.6003116346 30.8422220813 31.013662006 51.1563193735 58.7811455039 58.7811455039 30.8164981831 30.5071417895 30.8029596054 30.5535295523 30.529852336 30.7489706807 30.9090880597 30.9030907965 30.7216043145 30.9541337057 30.7303970567 31.0451707272 30.6361577948 30.8918685199 30.9635330476 30.6739072603
0 0 0 0 0 0 0 0 0 81.2531371051 57.2841585485 57.2841585485 49.6598518476 0 0 0 30.5223465753 31.0273410472 31.0457712541 31.1713270963 31.0331058235 31.042098831 30.8586546486 31.2040462047 30.7563180259 30.7583874182 30.8847223242 30.9142420988 31.0063660464 30.5358235177 30.6518022152 30.97524532 30.6064114049 30.7437814127 31.072301659 31.0165136689 30.7525291581 51.1563193735 58.7811455039 58.7811455039 73.0652213015 30.6696871863 31.0610770372 30.6804621991 31.180633698 30.9977237142 30.9492616943 31.0584382448 31.1913015552 30.5965379068 30.7839542271 30.5658027129 30.6798027433 31.0731655989 31.1767480458 30.6632526197 31.0695820299
0 0 0 0 0 0 0 0 0 0 57.2841585485 48.2742782254 48.2530890638 0 0 0 0 30.7233725954 30.7334151324 30.9117606788 30.8915332099 30.921338004 30.6469942608 30.5541303362 30.6091231396 30.8962344112 30.5584595577 30.5198513914 31.0774024524 31.0528528614 30.5469054013 30.9784354393 31.0021213039 30.9479657617 30.8012216511 30.7916866264 30.7058877506 30.8965465006 73.0652213015 58.7811455039 54.1811706613 30.5215124661 31.1743346278 30.6717475946 30.586785306 30.536729021 30.5219042297 30.9491325443 30.9874638121 31.1445082608 30.6695974598 30.9537188363 30.9052527895 30.5436177304 31.0909117982 30.5877792973 30.7684502364
0 0 0 0 0 0 0 0 0 0 48.2530890638 48.2742782254 48.2742782254 42.8754575272 0 0 0 0 31.0581756408 30.8230312066 31.1119949772 31.1371989738 30.8568789993 30.6977234947 30.7801417189 31.0432174351 30.8024980237 30.754980291 31.1140044615 31.0636257691 31.0729886068 31.2053294696 31.1481618522 30.5223688845 30.8336957838 31.1418706307 30.6284465468 30.8928715307 30.7089505785 54.1811706613 43.5972274744 43.5972274744 30.5877632356 30.8709031289 30.5926105292 31.0295988722 30.8729705385 30.773036284 30.5597679646 30.9882702066 30.845597012 31.0727151015 30.7137323173 30.5961622408 30.7544004894 30.7145997937 31.0703881597
0 0 0 0 0 0 0 0 0 0 48.2742782254 48.2742782254 61.7479498246 0 0 0 0 0 0 30.7758945018 30.8766199996 30.8419980831 31.0340089488 30.644429282 30.8000100797 30.9376713608 30.9360506365 30.9281835285 30.9377684002 30.717630915 30.6900698143 31.17516726 31.0348435477 31.0900508104 30.732799456 30.7076042576 30.8874808133 30.6064987077 30.8081193283 43.5972274744 43.5972274744 43.5972274744 30.7380275308 31.1743932178 31.1447379545 31.0580505087 31.0061346408 31.200688136 31.166267198 30.5258028397 30.744132046 30.9991387505 30.5182959572 30.7071495433 30.9906579888 30.783682658 31.101147831
0 0 0 0 0 0 0 0 0 0 0 0 0 0 0 0 0 0 0 0 30.7915159929 31.0074473829 30.7700607304 30.6903860071 30.7881187891 30.6571356381 30.9229462135 30.617374516 31.1816615311 30.575108402 30.5192658927 30.7688912505 31.019614609 30.7413093109 30.9665041413 30.8743599578 30.7400744414 31.0046785801 30.7633363437 30.5969013043 65.1979935497 65.1979935497 30.5658623109 31.1376493873 30.6868843408 31.1191586815 30.9123707901 30.91317501 31.1769634706 31.0586047325 31.1704682359 30.8680015144 30.7481005066 30.8745069188 30.8403986985 30.5485322289 31.1738478313
0 0 0 0 0 0 0 0 0 0 0 0 0 0 0 0 0 0 0 0 0 0 0 0 31.0922484873 30.8471299142 31.1064189623 30.5298362983 30.963741476 30.7472464713 31.0011948348 30.5009834804 30.818467846 31.0118662581 30.8433442394 30.9706843039 31.1843719215 31.0365035516 30.5137467131 30.602535853 50.0674441167 50.0674441167 50.0674441167 31.1379230038 30.7030889011 31.0261590766 31.1013991042 30.6935550492 31.0387644005 31.024613225 30.8737990595 30.5420738472 30.6341914349 30.7854003305 30.7267517722 30.944895701 30.7850764007
0 0 0 0 0 0 0 0 0 0 0 0 0 0 0 0 0 0 0 0 0 0 0 0 0 0 0 0 30.6889138847 31.0358197853 30.5732081853 31.1072701605 31.0102843244 30.9135495367 30.9083801877 30.6065899287 30.6882195832 30.7462333143 31.0345181561 30.6947731386 50.0674441167 68.371100495 68.371100495 68.371100495 30.8398524036 30.5007478613 30.6873617486 30.9120424574 30.8750468568 30.9061595916 30.9851809554 30.5922576335 30.6000757738 30.6894506121 30.6287383803 31.0806197147 0
0 0 0 0 0 0 0 0 0 0 0 0 0 0 0 0 0 0 0 0 0 0 0 0 0 0 0 0 0 30.6766649558 30.5206511123 31.164346255 30.5587888296 30.6204870101 30.6437032687 30.8666793438 30.8449636292 30.810210129 30.5180088901 30.6512943547 68.371100495 68.371100495 68.371100495 56.4105620755 30.6568819142 31.1979425913 30.5432635642 30.7522343437 31.0729756629 30.7298689857 30.878844577 30.7447605561 30.6370544847 31.1167066825 31.0844739413 0 0
0 0 0 0 0 0 0 0 0 0 0 0 0 0 0 0 0 0 0 0 0 0 0 0 0 0 0 0 0 0 30.6426169235 30.9295504259 30.8491241023 30.9139673578 31.1118886227 30.9051618037 30.6043115568 30.6496992533 30.9176511836 31.1192301321 31.1679244627 56.4105620755 76.4857215788 76.4857215788 76.4857215788 30.6082441075 31.1537300991 30.8075845786 30.5007945292 30.7377753839 30.7009265315 30.8809341741 30.5897673309 31.1610679015 30.8360664968 0 0
0 0 0 0 0 0 0 0 0 0 0 0 0 0 0 0 0 0 0 0 0 0 0 0 0 0 0 0 0 0 0 31.2012668415 30.7767025023 30.5759916753 30.8261511326 30.687709452 30.7107795721 30.6751098009 30.6339952618 30.6416162059 30.705567204 30.7121417414 76.4857215788 76.4857215788 46.5372328989 31.0398553337 30.7982855954 30.9247294167 30.8809759871 30.9650336847 30.985365315 30.541336254 30.6840279269 30.8765964571 30.5382363048 0 0
0 0 0 0 0 0 0 0 0 0 0 0 0 0 0 0 0 0 0 0 0 0 0 0 0 0 0 0 0 0 0 0 0 30.9934548425 30.8351857253 30.8851304751 30.7584920774 30.649196652 30.5783737772 30.8943494544 30.6703982788 49.0296926981 49.0296926981 46.5372328989 46.5372328989 46.7450667345 30.5111937406 31.010178498 30.7089873689 30.6047669714 30.5222487026 30.7547064665 30.5503859773 31.0258867913 0 0 0
0 0 0 0 0 0 0 0 0 0 0 0 0 0 0 0 0 0 0 0 0 0 0 0 0 0 0 0 0 0 0 0 0 0 31.1000820425 30.7219432712 30.5819944737 30.9034602586 31.1463446026 30.687586816 30.5207352406 31.0724816415 48.3674918683 67.7193606883 46.5372328989 67.7193606883 30.8095521508 31.1480509723 30.9907796144 0 0 0 31.0981366113 30.5542165481 0 0 0
0 0 0 0 0 0 0 0 0 0 0 0 0 0 0 0 0 0 0 0 0 0 0 0 0 0 0 0 0 0 0 0 0 0 30.6728666401 30.592811519 31.1407956872 30.8948485973 30.6657249113 30.8152615433 31.0523595999 30.5196367205 48.3674918683 67.7193606883 67.7193606883 49.3981389646 49.3981389646 30.92155389 0 0 0 0 0 0 0 0 0
0 0 0 0 0 0 0 0 0 0 0 0 0 0 0 0 0 0 0 0 0 0 0 0 0 0 0 0 0 0 0 0 0 0 0 30.8918868401 30.7593523567 30.5561249251 30.8745989615 30.7194282184 31.0962366292 30.7462178456 30.8300842687 69.42231326 53.7709782927 53.7709782927 53.7709782927 0 0 0 0 0 0 0 0 0 0
0 0 0 0 0 0 0 0 0 0 0 0 0 0 0 0 0 0 0 0 0 0 0 0 0 0 0 0 0 0 0 0 0 0 0 0 30.9199089574 31.0484386718 30.6872658322 30.9311862303 30.5506202087 30.8677131784 30.7994360351 30.6569023068 53.7709782927 53.7709782927 70.0290406488 70.0290406488 0 0 0 0 0 0 0 0 0
0 0 0 0 0 0 0 0 0 0 0 0 0 0 0 0 0 0 0 0 0 0 0 0 0 0 0 0 0 0 0 0 0 0 0 0 0 31.2044773781 30.5116228928 31.1846351444 31.0379618438 30.917836166 30.7265132131 31.1565167539 53.7709782927 52.0306733713 55.8999409874 54.5605675305 0 0 0 0 0 0 0 0 0
0 0 0 0 0 0 0 0 0 0 0 0 0 0 0 0 0 0 0 0 0 0 0 0 0 0 0 0 0 0 0 0 0 0 0 0 0 0 30.7167389164 30.8788270483 30.763224888 31.1213897179 31.2055578684 31.1393196954 30.7129571035 44.3451066737 49.0633128122 55.9193310581 56.6202253476 0 0 0 0 0 0 0 0
0 0 0 0 0 0 0 0 0 0 0 0 0 0 0 0 0 0 0 0 0 0 0 0 0 0 0 0 0 0 0 0 0 0 0 0 0 0 0 30.9784735283 30.8625736103 31.1078751045 30.66958747 30.8547397421 31.1952176819 57.8718524774 55.3465053287 59.1049415467 22.3162606875 22.3667667572 0 0 0 0 0 0 0
0 0 0 0 0 0 0 0 0 0 0 0 0 0 0 0 0 0 0 0 0 0 0 0 0 0 0 0 0 0 0 0 0 0 0 0 0 0 0 31.0481050496 30.5828355393 30.8758847849 31.0335132544 30.5704581735 0 0 22.3285741332 68.3041870987 68.3041870987 68.3041870987 59.3480331243 0 0 0 0 0 0
0 0 0 0 0 0 0 0 0 0 0 0 0 0 0 0 0 0 0 0 0 0 0 0 0 0 0 0 0 0 0 0 0 0 0 0 0 0 0 0 30.6170243403 0 0 0 0 0 80.2034118667 68.3041870987 62.8240940058 62.8240940058 62.8240940058 0 0 0 0 0 0
