Spatial_Output/BAU/BAU_1055.asc
NCOLS 155
NROWS 192
XLLCORNER 196769.923733
YLLCORNER 449719.875193
CELLSIZE 27.603701
NODATA_VALUE NaN
[rows 23 to 45 of 192, columns 53 to 105 of 155]
22.8229707121 22.9981149901 22.950996348 22.5696106507 22.5371816436 23.1752148341 22.8503284303 44.274791453 44.274791453 22.9237309152 22.8918690585 22.5529812429 22.810214728 22.5395335071 23.1824677214 22.8253253043 22.7975652505 22.6289903095 22.7361935798 22.751329859 22.6708347224 22.9091716815 22.6462878029 22.8764678137 22.5788223386 22.5617943854 22.873381069 22.664493829 22.8234438197 22.7787837035 23.0231198201 22.8900852083 22.8921575454 22.7982461446 22.7954775169 23.2006644116 22.8498790046 22.8973964788 22.7172218297 22.5652495755 22.7699917483 23.1492183261 23.0755944328 22.6837167585 23.0763856567 22.5619003225 22.9566177904 22.7166706491 23.1905108059 22.8440529105 22.5988529299 22.6551460688 23.2013955002
22.6440385133 22.7960097595 22.834140508 22.5775892289 23.2020565214 22.7465601735 22.8461675413 44.274791453 44.274791453 44.274791453 22.6744111759 22.7943159034 22.6432029137 22.8982509892 22.9318709513 22.6963081758 22.9683001937 23.0852646356 22.9861123393 22.9911325741 23.1896493017 22.8806545736 22.9090967499 22.5107341102 23.0495397559 22.7271199413 22.6908238787 22.999758562 22.7174900158 23.1772030966 23.1147887601 22.9034196695 22.7579589608 22.8022507173 22.7161093025 23.1276217966 22.6187378697 22.5729345895 22.6295801327 23.0358753268 22.7129148575 22.9005554547 22.7069101972 23.1240807702 22.9564098841 23.0884773774 23.0485324101 22.63816802 22.6192562678 23.0601471948 22.5466118504 22.5411207069 22.5273106887
23.0324559114 22.928461391 23.1968364302 22.9143925073 22.5368175671 22.5162041883 23.1809516478 22.7124996201 23.096729243 22.8753948572 22.5305609992 22.9534293566 22.887626796 22.6009284037 22.5602401706 22.8106096738 23.0996139611 22.6533296238 22.9849571095 22.517742413 23.029338498 22.6518376297 22.9626120578 22.9415827398 22.7062879617 23.0687171318 22.8549192893 22.6171108707 22.9787941417 23.0336826892 23.0733472906 23.1856447111 23.0821490893 23.1905686069 22.5433330176 22.600356986 23.0658538901 22.6472668519 22.6510962208 23.1527837435 22.7655944583 22.7136961723 23.0993029476 22.5126279412 22.8561522225 22.966016731 23.1816651044 23.1868317527 22.5550786659 22.7351521435 23.1578113113 22.8093582156 22.5207917253
23.1323507231 22.5586023593 22.6365347087 22.7953769971 22.508780431 23.0856216966 22.9368661611 22.8682721764 22.9589486275 22.7104167502 22.5968771674 22.606750963 22.8475619551 23.0561733212 23.1347171866 22.7326245354 23.1081492241 22.6159450588 22.6387187558 22.5625735006 23.107896842 22.9901272335 22.9887233353 22.9348443473 22.6392049606 22.5158221719 22.6889003111 23.1615723281 22.538261316 22.6991334301 22.9397862101 22.763499615 22.9036459144 23.1219065492 22.9523605061 22.6131619763 23.1061651034 23.1494372705 22.528239788 22.794570821 22.5802880025 23.0945292297 22.6465830474 22.7061826987 23.0620661128 22.59950111 22.5521441126 22.6742862461 22.5010639523 23.1890542589 23.173429595 22.8815050354 22.5913292178
22.5407967718 22.8723043834 22.6517916421 22.5756299131 22.906157074 22.5535185076 22.9195189859 22.6233680708 22.6509041483 23.1693877292 23.0863603249 22.5010010423 22.5095604242 22.5478010058 22.7376338527 22.7134498054 22.614967351 22.9807711 22.5971465871 22.975550179 22.524854186 22.7210039882 23.1455258446 23.116831356 23.0492698273 22.6250105717 23.1839773448 23.0451065607 22.9485017153 23.1866001418 22.6443826185 22.7497536702 23.2013241104 23.0568091689 22.9539964774 22.9710867501 23.0062286001 22.6164973798 22.8486623765 22.6285955616 23.1432460284 22.6380326643 22.9117659937 23.1846956244 22.6368212289 22.6443968486 23.0143269935 23.2057173235 22.6131510148 23.1915377576 22.9447825528 23.0462852351 22.8698599936
22.6901918358 22.6923811156 23.0213422825 23.0902899465 22.6811706218 23.1285538914 22.7968746996 22.9673136504 22.6438556307 22.7518981638 22.901495628 22.8496580886 22.9795928307 22.6235950499 22.6993527118 23.1627001939 23.1337710284 22.6694899684 22.8478317818 22.5200343813 22.851451831 22.5682190502 22.5584556771 22.6776421936 23.0672575769 22.5558332887 22.6222206441 22.908978064 22.9644579515 23.048517833 23.0698049646 22.9397831248 23.0647086227 22.8439154634 23.0603150815 23.0295923444 22.8518219454 22.8429359116 22.7709197454 23.021516144 22.5413103165 22.840622033 22.8492185311 22.7070029683 23.1498022104 23.0064911041 22.8512353339 23.0876036852 23.1225651367 22.5623521246 23.1772751422 23.1505371175 23.0392567286
22.5632946585 22.7774990298 22.5296757398 23.0014559279 22.828611198 22.6151377889 22.8020888449 23.0417338948 22.7588518563 22.8786737791 22.7361924467 22.98034767 23.0859952997 22.9684050131 22.946877914 22.7569694517 23.0925236194 22.656679542 22.9765780672 22.9165690827 22.8714646257 23.1393986044 22.7311780702 22.9099029476 22.9415540762 22.7457695574 23.0370931311 22.7855141304 23.1757789261 22.9916369897 22.9676505591 22.8047667173 22.7439445602 23.0656371937 22.8838535144 23.0383843591 23.0130319595 23.0966098869 22.5287744109 22.5295180038 22.6268481237 22.6614638329 22.6420404651 22.7505590466 22.8026068391 23.1377986756 22.6460306474 22.5044762188 22.8678565224 22.9028001532 22.8870460916 22.9389114118 23.2059574488
22.836085056 22.5893008506 22.9914348805 22.935620429 22.8805686969 22.8577251041 22.6324274001 22.6419319523 22.917558632 22.703290227 22.6427348469 22.6784531135 22.5561560064 22.5304847783 68.9235803815 22.9186499992 22.7439436539 22.5742794394 22.8463315182 22.8023413323 23.0903782242 22.8349192589 22.8791159004 22.5366105483 23.1496168897 22.853447742 22.5949739309 22.7293392972 23.1222892963 22.8337012419 23.0627962489 22.8351278493 22.7741149575 22.776019947 22.5888493436 22.6524391422 22.7034981047 23.1360513776 22.8986294162 22.5092127297 22.5093687407 23.2036504124 22.5851007105 23.0804370627 23.1618870982 23.0966420829 22.704274239 22.8661502432 22.5206398535 23.0667981478 22.5562312021 22.6349117206 22.876333126
22.8221365774 22.5131654108 23.0061989548 23.0760126826 54.1462715297 54.1462715297 54.1462715297 22.5800690488 23.1115380806 22.6610806439 23.1752723649 22.7315976658 23.0343748935 68.9235803815 68.9235803815 69.0091453756 22.7722580274 23.0005081637 23.0804031684 22.5805409963 22.5207829387 22.9533171381 23.0801041664 22.8612776894 23.1557695198 23.0783898737 23.0979401733 22.5250822451 22.5106131345 22.9804058075 22.5896052108 22.5942519731 23.1455814665 22.9656884877 23.0280049234 22.5243574417 23.0723281492 22.7528117466 22.9835625692 22.6645738183 22.872258005 22.7786643007 22.7041538825 23.1186470141 23.1537060304 22.9505273219 22.6216789585 22.5659178111 22.9444591001 22.9624909044 22.8767281256 22.6749200816 23.0607081419
22.9545173454 22.656355526 22.5816766531 22.6337211921 22.811472601 54.1462715297 54.1462715297 22.5146923634 23.0571877313 22.5828351233 23.1441437677 23.029738012 22.5697860548 68.9235803815 68.9235803815 69.0091453756 22.6692382951 50.8564094432 22.5938186597 22.9714811292 22.957363548 22.6940701887 22.9075992912 23.0224955269 22.9279722649 22.6123991321 23.1693577628 22.6168522495 22.9742459456 22.9750658374 23.0496505163 22.6050444185 22.961262134 22.5614273558 22.5750614382 22.6742628954 23.0831998378 23.2057983245 22.976763521 23.144948793 22.6948624999 23.0321263357 22.7532439632 22.6567679058 23.1099613724 22.7337212541 22.8511783342 23.1557203988 22.7809444494 22.5852967621 23.0725890795 22.9164653383 23.0470153668
22.9108070781 22.5375656303 22.7157959802 22.9893661698 22.9499990111 22.5216447174 22.8604166896 22.8741623789 22.9608990213 22.9532026707 22.8506271707 22.5299603416 22.9387135645 22.6054710131 69.0091453756 22.9943663353 50.8564094432 50.8564094432 22.9268379133 23.1315997274 22.6514535634 23.0450505503 22.8383140244 23.2039070056 22.5144160765 22.7999260011 22.9429038731 23.1708738601 22.6523813301 22.611436117 22.7234188245 23.1831194259 22.8996420817 23.1740736949 22.7443677948 22.8492774111 22.8758683457 23.0852851572 22.7918951518 22.6598234538 22.7749739915 23.0005044983 23.1000695266 22.5617177556 22.8573874489 23.092628762 22.8623315456 22.6475999662 23.0939010096 22.9004375705 22.5604286043 23.0063944699 23.1685417156
23.0664401484 22.9944385261 22.7838981009 22.8178417688 39.0848196573 39.0848196573 39.0848196573 23.0562871287 22.8358850053 22.8616887599 22.6266308971 22.8099705232 22.6943151856 22.5299443981 22.6067906239 22.9416291505 50.8564094432 50.8564094432 22.5261630974 23.1178938625 22.6159359439 23.1786080941 22.5142210319 22.9289590521 23.1389798889 22.8554258247 23.1735946627 23.1825901145 22.8813180002 23.119798578 22.7949143196 22.7342766976 23.1548670105 22.5703924825 22.7917068939 23.0107445348 22.5282528872 23.1898938126 22.7720252254 22.820767636 22.8311926299 22.8983388195 22.9920076635 22.6778625871 22.8449879126 22.9564851521 22.5618855627 22.5442387642 22.6892337296 22.668566126 23.0599799387 22.6805790982 22.8970971759
22.9321011987 22.8015044248 22.7560966486 22.5153438307 39.0848196573 39.2480788188 39.2480788188 22.6220176825 23.1346087477 22.6283781736 23.1643305401 23.13432167 23.0734835651 22.917263497 22.620078289 22.5854443121 22.6904237795 22.7005964205 22.833292655 23.1911668196 22.728930256 22.8212488189 23.1255354365 23.05983757 22.5558524444 23.0670689839 22.5450015963 22.5972219051 22.8641468962 22.9497657826 22.7841755914 22.5158976723 22.5895244007 22.8529321513 22.9019242584 22.8713368014 23.1598229727 23.0260111445 22.8839768613 22.9710555919 23.096383589 22.9131166048 22.5862351811 22.7218757133 22.9271625411 23.0064773144 22.7171445182 23.0825573129 23.0135013625 23.1290408319 23.0170698413 22.901663181 23.0532853574
23.0154853318 22.9151773292 22.5585373057 22.6235495512 23.0482153532 55.18945543 55.18945543 55.18945543 23.0424671862 22.6518203662 22.6621232915 22.8490935667 22.7098005204 22.9850288406 22.7017459301 22.6343542887 43.0303744471 43.0303744471 22.8188358085 22.7537050019 23.0068286889 23.1638023586 22.9550894532 23.0714225935 22.8744317948 22.9102002735 22.959957876 22.8489134208 22.5722089147 23.1560667649 22.5891917124 23.022599011 22.702959402 22.8986938727 22.5800394909 22.696609456 23.1214543566 23.1057144275 23.0117740331 22.9843401194 22.5097982232 22.8971149912 23.129988162 22.7420599544 22.7076229736 23.116464065 22.6168315575 23.0838417643 22.5558827144 22.53195455 23.1430752132 22.8263083525 22.6070221706
23.0438194663 22.9439769556 22.92252184 22.6846136444 22.7221383724 57.420333287 57.420333287 57.420333287 22.9578842754 22.6654369471 22.7417853508 22.9531765615 22.9418611198 22.8725260378 22.7648409961 23.1189468382 43.200209974 22.7076157329 22.8203442459 22.7469960845 23.1663484266 22.8048046361 22.7000918995 23.1040439592 22.7758222131 23.0423205512 22.5807128454 22.5584180311 23.0209717698 22.6999589575 23.1019519263 22.5904186215 22.6994455549 22.6645780094 23.0117567482 22.9910895535 22.9861751196 22.7352898883 22.6484581163 23.0733499991 22.9706290428 23.119484555 22.6621979469 22.5129213553 22.5651994112 23.0526002464 22.9738688445 22.7303347637 22.6916694921 22.8306101645 22.7603966928 23.0609114763 23.0809527609
22.9426730556 23.0788698128 22.6457349182 22.5330687055 22.9322409327 57.2276911107 57.420333287 57.2276911107 23.0575704778 22.7743251224 22.8026370834 22.7676463187 22.552247751 22.7712817874 22.9343130611 23.142543237 43.212224257 22.5980706044 22.8455701854 23.1070266344 22.7190267544 22.7699861495 22.8061692559 22.5170102347 22.6433553861 22.5011174537 22.7616974648 22.5324800575 23.169764513 22.9425350944 22.8724765205 22.8707991987 23.0097169528 22.9760696285 22.5844111989 22.5575461124 22.9519796626 23.1320408181 23.027659093 22.6131057124 22.9752324783 22.5134435565 22.9317267874 22.7148993126 22.7978550293 22.6497806213 22.5862251578 23.1549718557 22.8594900093 22.7140979573 22.8899183928 23.183558862 22.9974067388
22.5491572067 22.6289349403 22.783800875 22.8426861083 23.1146584486 50.1176994099 57.2276911107 57.2276911107 51.5071824102 23.149363458 22.8570025232 22.8540407266 23.1736477958 23.1286021361 22.5123783417 43.212224257 43.212224257 43.212224257 23.0189106264 22.6146887375 22.9945386448 22.8114701288 23.1175674546 22.7681475112 22.6140598316 23.061650105 23.0828029662 22.6234582257 22.5526456002 22.557063625 22.5190123323 22.6423273025 23.1931140403 23.0346990721 22.6286827309 23.0485776873 22.8557520437 23.1214821411 22.6553372901 22.5649145997 23.0062857743 23.0456835879 23.0276013815 23.0634059643 22.8313253055 22.8340611406 22.6440051437 22.5631818836 23.0431134163 22.9463733713 23.1863870318 22.6280083614 22.6102058317
23.07529903 22.7305743909 22.6045994266 22.6293424864 23.1342873227 23.1860858687 22.6831564407 50.1176994099 23.1884199162 22.6310437608 22.6754098863 23.0290329044 22.8498587626 22.9560566741 22.6675166001 22.6271155715 22.8156817853 22.82174615 22.687657049 22.5923157725 22.705195428 22.8930084123 22.9893581531 22.8715889604 22.8229732088 22.7922160778 23.1400163858 22.5927749884 23.1486786916 22.5399964831 22.7235812147 22.9635530888 22.807193873 22.6524567778 22.6651900914 22.7130082341 22.5236703833 22.707268972 22.5401594069 23.0824199871 22.9073200973 22.8901939093 23.1956058262 22.8590574066 23.0460548296 23.1240881974 23.0733714238 23.113784228 23.0077557468 22.5844130848 23.1756670957 22.6375805206 22.8768308794
23.117081439 22.5464664515 22.8843963768 23.112031315 22.7005895815 22.6746086672 23.0758289835 23.1922123472 22.5241415264 23.0255536885 22.6307551426 23.053523119 22.5787588582 22.778345631 23.1134793333 22.8447227781 22.780969723 22.6400735564 22.6245213427 22.6347970443 22.5336337345 22.7097338937 22.878394572 22.5599242673 23.0026805302 23.0272619236 22.5556916417 22.6519176613 22.6779994014 23.1365409935 22.5211480192 22.6492245657 23.0538521009 22.6718976261 22.7674962565 23.1254782085 22.8674755962 23.0460021435 22.8105564354 22.740083072 22.5270761641 23.0160900411 23.1108608694 23.0309206056 22.7482458618 22.7450317403 23.0418939487 22.6958706564 22.8509634848 23.1970833051 22.984223926 23.0160546857 22.7678121025
70.592463848 72.0559138079 22.8083149693 23.1182055865 52.8071081549 23.1649540586 22.8431148363 49.8056060958 22.6638975593 22.8473072165 22.8884788695 22.9115180481 23.1233537692 22.540987575 22.8102907476 49.5544948273 49.5544948273 22.970281295 22.8094553923 23.159869624 22.8861784757 22.5530921568 22.8335676546 23.183393068 23.1322842661 22.8958672927 22.9481972846 23.0624189002 22.6177742884 23.0609753266 22.6902415604 22.5391739075 22.5837789222 22.6170753012 22.6792565908 23.154965382 23.1225143706 23.0529258121 22.8336252484 22.7132335104 22.9755740618 22.9854778026 22.9368472451 22.5825794861 22.7697710086 23.142881381 23.153331257 22.6489681653 22.7580274137 23.03463465 22.7522249912 22.8247580933 23.0551158325
70.592463848 36.2493439594 22.6937656479 52.8071081549 52.8071081549 23.1725742524 22.7783491233 23.1715234753 22.5996419006 22.7294556426 22.6957012721 23.0160042132 22.8788525529 23.1437217612 22.822609209 49.5544948273 49.5544948273 49.5544948273 23.1824044453 23.0794592267 22.6560281741 22.7169740726 22.7775672719 23.2008778488 22.7583824284 22.6376028271 23.0208971928 23.0664022754 23.1367362571 23.1876094592 22.7002656101 22.93778289 22.62969346 23.1176392662 22.7656655645 22.6794672649 23.0191138914 22.5920584714 22.9638310894 23.0443339667 22.8713537918 23.1837880337 22.7968933003 22.877413031 23.1429357181 22.9708965538 22.5177353158 22.8994800877 22.8636978169 23.2040028213 22.945035295 23.1391902525 23.2028275789
70.592463848 22.8801123521 23.0077479905 52.8071081549 52.8071081549 58.2813157571 58.2813157571 22.9430540319 22.706924353 22.8000315829 22.9133122899 22.668349793 22.5799711438 22.8552250968 22.514313984 22.9731574732 49.5544948273 59.9124554111 23.0862698603 23.1200548187 22.9668535263 22.7153505158 23.123212313 23.1834832272 23.1281938056 22.6890080065 22.9754560754 22.847646839 22.8486263501 22.6584782434 22.9302331909 22.886348804 22.5748506492 22.5813414577 22.5661822972 22.9046789551 22.5484511597 22.864961208 22.5472892542 23.166965297 22.8559095914 22.9483250779 22.7991203535 22.8789305379 22.88533045 22.8309867768 22.7871351362 23.0694269603 22.713556964 22.6092249326 22.899823137 23.1414915556 22.9238931454
22.8146396521 22.5310372387 22.5238305706 22.9044885258 58.2521588148 58.2813157571 58.2521588148 23.1316332317 22.7054615603 22.9409585638 22.5142035089 22.5457866027 22.8233859524 22.7670062136 22.89163194 59.9124554111 59.9124554111 23.1107574316 23.1354419146 23.019755682 22.6032796385 22.6486448781 23.1195128506 22.7116287071 22.7886888607 23.0092257746 22.6123105704 23.081855854 22.8704851207 22.5147539899 23.1628318332 22.783713658 23.1464476839 22.6816887905 23.1252766714 23.0281705938 23.0898553215 22.5391119438 23.128056301 22.7518541885 22.9865921565 22.968514769 22.7200707273 22.7146815451 22.8602577835 22.6203016557 23.1380391651 22.9424925452 22.8170518909 23.1527830513 22.8986369554 23.1076525869 22.8130573602
