Spatial_Output/BAU/BAU_0013.asc
NCOLS 155
NROWS 192
XLLCORNER 196307.867259
YLLCORNER 449144.565805
CELLSIZE 33.573938
NODATA_VALUE NaN
[rows 78 to 103 of 192, columns 0 to 56 of 155]
0 0 0 0 0 0 0 0 0 0 0 0 0 45.7709718893 45.5081153039 45.0219327452 45.528000091 45.2457268139 45.4776550218 46.3558099876 45.2252932134 46.3930620099 45.302083141 45.5912138273 45.4546022387 45.7106528839 45.3337135251 46.2469194198 46.1110858919 45.9470025299 45.0368281164 46.0594301183 45.742310839 45.0440913119 54.2511315597 53.9065020651 65.3482572871 65.3482572871 45.4400219954 46.3112943849 45.3735021138 45.3401945147 45.1794234195 46.1817654663 46.3302202325 45.6912683671 46.1215559231 45.3321081988 45.0673507242 45.9528468734 45.1284012336 46.2921743693 46.3511940855 46.3958953562 45.3907822301 45.7844499561 45.1173550616
0 0 0 0 0 0 0 0 0 0 0 0 0 45.9076400744 45.0832836803 45.3835631678 45.2446719046 45.6455082165 45.2658191047 46.3461415449 45.0487629848 45.1856931895 46.0340078178 45.9075519395 45.2192551212 46.31886701 46.1601518079 45.8329567512 46.2683921874 45.363358253 46.2672158333 45.1723538539 46.2334647258 45.0520856135 45.4498381374 45.8664953782 65.3482572871 65.3482572871 45.1334095311 46.2452865958 45.448357746 45.1982970121 45.57535797 45.0456411088 45.2953692293 46.009488436 54.0756672223 54.0756672223 46.0867204907 78.4758997846 45.7816309744 45.7650982067 45.6208692728 45.6674270798 45.0448109477 46.2424759453 45.5909966959
0 0 0 0 0 0 0 0 0 0 0 0 0 45.3312684155 45.6149060332 45.6990228725 45.5325004453 46.2375361125 46.0038239093 45.2711751695 45.2398980562 45.2555581074 46.2115117095 45.0241289223 45.0980809312 54.5602960201 51.5858838819 82.304951219 45.1530956491 45.1135133996 45.3826724023 45.6386572301 45.7906274553 45.2875231794 45.2511024931 45.8655588167 53.9065020651 45.4696226679 45.0500218617 46.1471827476 45.4739852854 45.0061367748 45.945733541 45.2016268893 46.349632253 45.3445328689 54.0756672223 54.0756672223 45.3907901318 45.9413725796 45.9291258661 45.0005663647 45.5340999017 46.057454232 45.3698199183 45.362962102 45.3119038756
0 0 0 0 0 0 0 0 0 0 0 0 0 0 45.456076453 46.2623065578 45.1268881176 45.8152453937 46.1321794843 46.3356836737 45.3969051262 45.7690412525 45.1006681571 45.5048582588 45.3913416973 54.5602960201 51.5858838819 51.5858838819 82.304951219 45.2752105003 45.2681930468 45.2656968678 45.6036186141 46.2500418665 45.3652233338 45.710893398 45.2453292141 46.3624155872 46.1113961111 45.8162717943 45.654033029 46.3332997577 46.0071452739 45.8975087957 45.1330173055 45.4487240579 46.173353822 45.6236031962 45.0549129583 46.0586289057 46.169484797 45.216369931 46.3729885446 45.7621262246 45.8387477819 45.4815631145 46.3696282587
0 0 0 0 0 0 0 0 0 0 0 0 0 0 45.0649486396 45.2850974143 46.0669416572 46.1597837064 46.2438112102 45.2792298036 45.8838253749 46.176122844 46.1412319831 45.8081835511 72.8787040437 51.5858838819 51.5858838819 51.5858838819 46.0271375767 45.5652663576 46.2444868547 45.6492012692 45.5961392874 45.2000975191 45.6485322263 45.5168055726 45.4188747106 45.2826685758 45.3943045458 45.8519672297 45.7736885945 45.8421644627 45.6245644886 45.6298159694 46.3669716949 45.0626153367 45.3378518574 45.2158302318 45.7104249879 46.3142351802 45.8620216698 45.7956308969 45.7165985721 45.1909584713 46.0381118112 45.2145994587 46.2673648
0 0 0 0 0 0 0 0 0 0 0 0 0 0 46.314905298 45.5607495884 45.5919302988 45.3186187448 46.1802663975 45.3427366897 45.8435540235 45.7073218203 51.7215145859 92.1514978046 72.8787040437 72.8787040437 46.274148098 45.3956180198 46.2182613052 45.9070154007 46.0646869278 45.554272704 45.0662190472 46.3870558528 46.3178476064 45.7979749982 45.9704577998 46.0043217789 45.8756041939 45.5114830812 45.3921125889 45.9652186424 45.6753807698 45.0182661059 46.0831684211 46.2371309802 45.0653567316 45.8821503321 46.1641049857 46.38528859 45.0847705155 45.8952921978 45.9456244124 45.6675407129 45.90330949 46.0681562258 46.1007428446
0 0 0 0 0 0 0 0 0 0 0 0 0 0 45.8931458889 45.2774524409 45.2684189593 45.9709629867 45.0330133631 58.6948985415 90.4783740555 45.8219927047 90.3971021533 45.5062121291 72.8787040437 72.8787040437 45.0159269459 46.162344859 45.3850245261 45.3538027064 45.6413634817 45.7267625923 45.9859768227 46.048350468 45.8808560434 45.3441126855 45.1585949026 46.0818463291 45.9365356873 45.7779730105 45.905654901 46.1907541248 45.6214158753 45.6311441322 45.2902897301 46.0220957083 45.5734732012 45.3679331747 45.94992067 46.0441683568 45.276193341 45.9256097935 45.1132380131 45.8698135271 45.3878697635 46.2043782341 45.3848733346
0 0 0 0 0 0 0 0 0 0 0 0 0 0 46.3814612103 45.9286504653 46.3436465583 45.7335767964 58.9590424611 58.9590424611 58.6948985415 45.2918019833 46.0317663689 46.0057551586 45.7922758227 45.8099371851 46.2614917953 45.1570874998 45.4299710914 45.6695743466 45.8253300416 45.3169085623 45.0370217811 46.1164325553 45.9090138852 45.5152869646 46.1812024412 46.0038981676 45.2302128393 45.5183290646 45.7474562724 45.9275366145 45.6697642629 45.552546537 45.0770227675 45.3651385424 45.3671882442 45.6038776837 45.950035026 45.4451928344 45.7207814745 45.122281563 46.2619672773 45.9624320305 45.8077738724 45.1484911053 45.5359468193
0 0 0 0 0 0 0 0 0 0 0 0 0 0 45.6628797222 46.2189943456 45.0582407729 60.3564486039 58.9590424611 58.9590424611 58.9590424611 45.029091506 45.669084566 45.4329171141 45.3856475727 46.095653365 46.3096097386 45.7106395692 45.7490570672 45.583120401 45.2956722196 45.1787256874 46.1562847967 45.7956227078 45.2840266444 45.2683834822 45.5710248572 45.7808700397 45.3634456009 46.1295782948 46.0120136991 46.4141515848 46.0056502289 45.8004322424 45.6370685262 45.154382058 45.4763540263 45.2685478415 45.581402107 45.9206208764 45.7872320419 45.1186588965 45.7374499549 45.683779524 45.6368293394 45.3367593704 45.7901537901
0 0 0 0 0 0 0 0 0 0 0 0 0 0 0 45.8802412261 57.6832750539 63.6056282014 63.6056282014 61.9261942607 45.8144065004 45.730130814 45.5264692038 46.293311828 45.1661547726 46.141588949 45.5529844692 45.8538847207 45.1855611524 45.1249624169 45.1053178085 45.8395875016 46.3803649716 45.9483670343 46.0516461428 45.1586371014 45.3572643855 45.2930980432 45.7469906664 45.6404997393 45.7199842545 45.1856273748 46.3973191629 45.0543121583 45.9856212547 46.3514004599 45.9452669036 45.1292296757 46.1766434361 45.7048992904 45.7761672583 45.0350937466 46.400481372 45.5292537508 45.6914223585 45.6420117831 45.0778507849
0 0 0 0 0 0 0 0 0 0 0 0 0 0 0 72.9442851916 72.9442851916 63.6056282014 63.6056282014 60.3564486039 45.5156244568 45.5749916476 46.1156037602 46.0237291755 46.1480910134 45.331450595 45.3149972686 45.5175162661 45.6226653528 45.7219444175 45.3299602661 45.6759732961 45.4125113782 46.1133832851 45.502177592 45.6239890417 45.2587008761 45.7001773056 45.1153850262 45.7151820096 45.7331120717 45.2136574897 45.4522925421 45.0279686232 45.925435686 45.3642753591 45.9140278302 46.0991471111 45.44847935 45.2934561564 45.4038204231 46.2780730159 46.0086822817 45.0202957132 45.6180224746 45.2099583532 46.3976889357
0 0 0 0 0 0 0 0 0 0 0 0 0 0 84.0834600936 72.9442851916 72.9442851916 72.9442851916 57.6832750539 45.367250948 46.167939213 46.0124636545 45.1153559297 45.0850431216 46.0584579138 45.0087664456 45.4764759068 45.9626228469 45.1550128602 45.1072725748 46.1122214467 45.8207862976 45.7808801379 46.049316025 45.6792220129 45.5624801605 45.871109015 45.5721569077 45.1500017988 46.2905505195 45.7466586375 46.1187070228 45.6062958477 46.2948894687 45.104062146 46.3867718316 46.1361692613 46.0363815095 64.0397090712 45.3144399101 45.3285486902 46.0992226629 45.1810522452 46.3131402141 45.9125153414 46.2570847005 46.1058456998
0 0 0 0 0 0 0 0 0 0 0 0 0 32.9770536976 84.0834600936 84.0834600936 84.0834600936 72.9442851916 45.8048903177 45.6204084333 46.1427052199 46.0571222424 45.6027848088 45.1388327141 46.1484206227 45.2768327212 45.1023993722 46.3228246212 46.324247881 45.2091445338 46.1741627254 45.7143906334 45.8420113809 45.2344908436 45.5657220401 45.3970826286 46.412244534 45.6621284733 46.1955385957 46.2764732702 46.3837824484 46.3076500501 45.3515944799 45.8019995562 45.680551481 46.3197037344 45.912223036 45.8359552868 45.6351465207 46.3587524507 45.5110684394 45.3450681772 45.945967327 45.1113219182 46.3147602537 46.0419545072 45.174367041
0 0 0 0 0 0 0 0 0 0 0 0 84.700698047 32.9770536976 32.9770536976 82.3191383355 84.0834600936 0 0 45.5183058941 45.4649778647 46.1634378469 45.7841607695 45.1000238361 46.4013971441 45.7711745714 46.4012971825 45.2899524882 45.6543454085 45.4976926502 45.2227585889 45.3076400437 45.5827670894 45.7500101897 45.1399646532 46.2390817033 45.9968947931 45.5459567521 45.6946721182 45.3238380011 45.5800389735 45.5958559876 45.5281223083 46.3342347163 46.2000075734 45.258530352 45.0099854784 46.2605800685 45.4174507201 76.7078116845 76.7078116845 46.0372079873 45.2604351953 46.2812583146 46.0171920343 45.4277961779 45.3774842985
0 0 0 0 0 0 0 0 0 0 0 0 84.700698047 84.700698047 84.700698047 0 0 0 0 45.2629434941 45.0436624719 45.2719666624 46.3509313438 45.1821092848 46.3116430008 45.9326422794 45.9707285495 45.437306826 45.410710152 45.5514741327 46.3617292757 45.6857263358 45.3554488904 45.268774578 45.6027349041 45.5547992482 45.6492694536 45.172987184 45.7088191081 45.1548407976 45.8615306981 45.2930196583 45.3203937701 45.629093167 46.2220680905 45.5953865615 46.3691954577 46.2196995419 76.7078116845 45.5921699895 76.7078116845 45.1002216082 45.5652568589 45.560464663 45.1948497031 45.7522110555 46.2771167741
0 0 0 0 0 0 0 0 0 0 0 0 0 0 0 0 0 0 0 0 45.5223325517 45.7252071695 45.4339065147 46.0906052136 45.1261685515 46.1498070818 46.1178118415 45.1753899469 45.7178603899 46.3041151311 45.1430988864 46.1711906471 45.4704905794 45.6667878597 45.6586549314 46.2345587265 45.4739977414 45.331171666 46.2231101368 45.2450288745 46.3324856304 45.249448956 45.0032751756 45.9946002257 45.3267263181 46.3212030777 45.1203646949 46.3505350546 45.6022305024 46.0552465303 45.2524899141 45.3998097292 45.2197787991 45.408207536 45.3472019716 46.1464330546 45.0729799393
0 0 0 0 0 0 0 0 0 0 0 0 0 0 0 0 0 0 0 0 0 0 45.6423433407 45.8909735945 45.7803711763 46.3837830373 45.7986593218 46.266094325 45.2256784474 45.2577934747 45.8607208233 45.2129963172 45.7339258827 45.1165983176 46.0973650765 45.9791378964 45.1370798502 45.1474141176 45.1141175022 46.3769783558 45.2847382295 45.6399246319 45.244974495 46.2228343973 45.6685445314 45.787232416 45.8360944063 45.1182151602 46.1511388262 72.1637807955 72.1637807955 45.5449504522 45.2023388612 45.4784478854 46.3527529867 46.2385004602 45.9866026005
0 0 0 0 0 0 0 0 0 0 0 0 0 0 0 0 0 0 0 0 0 0 45.2688961886 45.563612832 46.1416124511 45.7123211657 46.2955176539 45.0325805322 45.9622710884 45.9857478638 45.8056440332 45.4048842898 45.8805478461 45.929880672 45.7202589191 45.4881161087 45.8769924214 45.421133957 46.0659076688 45.776078149 45.4907654576 45.8641097547 45.2175734395 45.9071877848 46.3866718291 45.9451925003 45.3133335275 46.0325127847 72.1637807955 72.1637807955 72.1637807955 72.1637807955 45.3978389753 45.5047941324 45.985844359 46.2367168482 45.4645719323
0 0 0 0 0 0 0 0 0 0 0 0 0 0 0 0 0 0 0 0 0 45.8966850281 45.9410506376 46.1326807942 45.151274793 46.2703811981 45.9324321671 45.2637005643 45.796938972 45.420698013 45.5892282454 45.5155188059 45.3914212207 46.0027443225 46.0392512883 45.5787132987 45.541643885 45.7652319313 45.4838951066 46.3143181604 46.3889108116 45.2700303193 61.6806659104 65.2543670506 45.4364460703 46.114770512 45.8962849509 45.0928732216 63.0396931293 63.0396931293 45.8923138139 69.3914143949 71.5263638404 45.7955137476 46.3257755424 45.1316313332 46.1754194457
0 0 0 0 0 0 0 0 0 0 0 0 0 0 0 0 0 0 0 0 45.6343227732 45.728503826 46.0419671348 45.9217766042 45.8671682598 46.2243422586 45.017716494 46.2822838089 45.7455018393 45.2499577876 45.1087060077 45.3516738857 46.1569409494 45.6183290492 45.8985169066 45.4976394432 62.4650765614 62.4650765614 60.5028564217 60.5028564217 46.0278334737 61.6806659104 61.6806659104 65.2543670506 65.2576429466 80.5604077115 80.5604077115 63.0396931293 63.0396931293 63.0396931293 69.3914143949 69.3914143949 71.5263638404 45.7153910246 46.1330004794 45.6752454074 46.247806786
0 0 0 0 0 0 0 0 0 0 0 0 0 0 0 0 0 0 0 45.4105962749 46.0443897271 46.1203530194 45.3390658641 45.1657080336 45.8819813849 45.638846808 46.1013942557 45.7859692194 45.1422793744 45.8816179463 45.7076852733 45.6031486612 46.2547609894 45.6721400898 45.3936795601 45.1780966189 62.4650765614 62.4650765614 60.5028564217 60.5028564217 45.6667145997 61.6806659104 61.6806659104 65.2576429466 65.2576429466 80.5604077115 80.5604077115 74.3348852124 55.348852271 75.3031001563 69.3914143949 69.3914143949 71.5263638404 45.5003709052 45.7969599985 46.0233913745 45.5962372611
0 0 0 0 0 0 0 0 0 0 0 0 0 0 0 0 0 0 0 0 46.3939255581 45.8669519321 46.1802714066 45.5494842643 45.4804638733 45.148571936 45.7724351758 45.2536204618 45.3830441454 46.0540396577 45.2965908057 45.9824981124 66.7191487587 66.7191487587 74.069352394 45.6426133002 45.1074388574 46.0633247192 45.1839212662 46.136674808 59.5245752203 45.4028029418 61.6806659104 65.2543670506 65.2576429466 82.4928579249 80.5604077115 74.3348852124 83.3252108188 83.3252108188 75.3031001563 46.2585216567 71.5263638404 45.3885669374 45.3995929163 75.6455118948 45.3351853902
0 0 0 0 0 0 0 0 0 0 0 0 0 0 0 0 0 0 0 0 0 46.2124236216 45.3377626215 46.1524406503 45.3132718394 45.996876341 46.1944240556 45.9724571341 45.1393724149 45.6124986968 58.9373034292 53.4067791382 66.7191487587 66.7191487587 45.5016357322 45.1890026945 45.0266585432 45.1079556679 45.160564298 45.1044214221 45.9938835128 46.2720540742 46.1307300178 46.1155254858 45.1304614653 46.3040940029 45.9310424308 45.4045445294 83.3252108188 83.3252108188 83.3252108188 45.3689340132 45.303894951 45.7270632459 46.2204641972 45.2847115917 45.4893610827
0 0 0 0 0 0 0 0 0 0 0 0 0 0 0 0 0 0 0 0 0 0 0 45.7311950552 46.4005339728 45.8301823997 46.1449762267 45.5667986256 45.807711697 75.2552171187 45.2206893138 53.4067791382 53.4067791382 45.1294037289 45.3740247484 45.8759174213 45.6664218953 45.0062020522 45.9008149817 45.9715038413 45.588957018 45.7025399339 45.0541362695 46.1162875695 45.1007959202 45.9904514971 45.7742428412 45.1190288944 45.7616994223 46.1789534708 45.1430800591 45.1597024794 45.3040686228 45.0880982867 45.5261562331 45.2483747655 45.0344853125
0 0 0 0 0 0 0 0 0 0 0 0 0 0 0 0 0 0 0 0 0 0 0 0 0 46.0872487175 46.2647424479 46.0247433988 45.3785111035 75.2552171187 75.2552171187 53.4067791382 53.4067791382 46.3566782243 46.1101446703 46.0170243187 45.9852296764 45.2816769712 46.2057115067 45.4778896086 45.3081851494 45.4870210009 45.4430857487 45.8220712786 45.0150036451 45.8616017872 45.3799730588 45.4350966613 45.1982878891 46.1503188349 45.8569481256 45.0445176766 45.1157305283 46.2324666846 45.2892084578 45.0088779458 46.1483082749
0 0 0 0 0 0 0 0 0 0 0 0 0 0 0 0 0 0 0 0 0 0 0 0 0 0 45.6282811089 33.3613593648 33.3613593648 75.2552171187 75.2552171187 75.2552171187 45.9988504339 45.5987395688 45.2476368762 46.086314699 45.393791511 46.2904749653 46.2684768385 45.2128404678 46.0974390039 45.4126607083 45.1410046643 45.890243493 45.8171292786 45.9383358215 46.3894824248 46.1270693023 46.1325218409 45.0236987178 45.6318355174 45.9567066908 45.4240262421 45.4352034341 45.773212666 45.435996639 46.2485929457
