Spatial_Output/BAU/BAU_1381.asc
NCOLS 155
NROWS 192
XLLCORNER 196307.867259
YLLCORNER 449144.565805
CELLSIZE 33.573938
NODATA_VALUE NaN
[rows 75 to 99 of 192, columns 56 to 111 of 155]
58.5720978863 58.5720978863 32.9954853104 32.8556753557 32.8656058561 32.7939185597 32.9775740146 54.7765331244 54.7765331244 32.583809325 32.9862227337 33.0720085391 32.5282914774 33.0405862657 33.1587427905 32.6809379267 74.8900491559 74.8900491559 65.7882177632 55.1190217798 33.0541362076 32.8926434738 33.0947495593 65.998010286 56.6317015037 79.3226253163 61.8676418784 43.379421168 43.379421168 33.017622805 33.0901900752 33.0339733495 32.6561260878 33.0325017301 32.6487015704 32.7207913967 68.5757350175 57.0684272071 57.0684272071 88.3787351239 88.3787351239 88.3787351239 32.7649179733 32.7478392222 33.1316922336 49.5797452843 49.5797452843 49.5797452843 32.8443947646 32.6844687103 33.0905378997 32.7470291481 32.9643686191 32.6444246028 32.9613499282 32.8576832797
63.1814965821 65.0593083879 32.9106290464 32.9771288729 32.6214393076 33.1697488532 32.9358039841 59.1885810912 59.1885810912 49.8403935225 33.0168056983 32.5864661903 32.7641354991 32.7848552603 33.1889074159 48.9173735479 53.501413516 53.1680745347 53.1680745347 32.5784894656 32.5919263836 32.9095222369 32.6457952652 32.9441289023 33.1127265724 32.6546824385 32.9175627806 33.0454189256 43.379421168 32.8843303072 32.9665132531 33.0226873899 32.5031437032 32.7692417695 33.0192085785 33.0410268012 32.7661939331 32.6617633034 32.853931591 32.8247859383 88.3787351239 88.3787351239 59.4258392046 32.8211305321 32.6201150671 32.8244508916 49.5797452843 32.846662339 32.862010324 32.65665058 33.19114774 32.6613997548 32.5976555719 32.9757922625 32.8261636168 32.5900139812
32.6409117658 32.5004368392 32.90492207 32.6619318218 32.5883714914 32.6297175662 32.7808967772 49.8403935225 58.5209386591 58.5209386591 33.0228091149 33.1822481093 43.2194426982 48.6532795658 45.4955951377 32.6160733777 53.1680745347 53.1680745347 53.1680745347 53.125777927 32.7400873352 32.9842682725 32.745143799 32.673285432 32.6516267509 33.0802712856 33.2059263756 33.0966013878 45.5061303597 45.5061303597 32.9104308656 33.0796327884 32.6393690463 32.8929649023 32.5509512912 32.7681894538 32.5232525199 33.0990720745 33.1506155748 33.1393221835 88.3787351239 32.5829715549 59.4258392046 32.6807426101 58.4897943124 58.4897943124 74.9286552427 74.9286552427 74.4647310736 32.6965863446 32.8190590256 33.1628866269 32.9412074977 32.8417556762 68.35909609 60.3892686226
56.926931118 33.156446797 85.458917233 52.6421102119 52.6421102119 32.8522219192 33.1948988415 33.0158575229 57.9164324766 57.9164324766 57.9164324766 32.8084577823 41.0143050163 49.8167183095 48.2785755888 33.1866685276 33.1409678483 33.1662026324 53.125777927 33.2041214483 32.6067663739 33.0338870068 33.061650467 32.7973372578 32.6756917607 32.9300694898 32.6852026892 45.5061303597 45.5061303597 45.5061303597 32.6747605026 32.8027870732 32.5584119423 32.7151947975 32.5610739754 32.8316528731 33.088182244 32.7521258994 32.8921932705 32.9121201684 32.6241699924 32.6394202891 59.4258392046 32.5030464848 58.4897943124 74.9286552427 74.9286552427 74.9286552427 61.6290443623 32.5371066541 61.5943375224 43.2632378109 43.2632378109 83.7574557845 68.35909609 68.35909609
56.926931118 85.458917233 85.458917233 52.6421102119 52.6421102119 32.6079912089 77.9600259053 77.9600259053 57.9164324766 57.9164324766 32.5892706024 32.8407739857 46.0134008726 51.9799834316 46.3402334155 32.9027732805 33.0846660172 32.5033202398 32.6399961778 32.609042579 32.8503061235 32.6082063033 32.8678776103 32.6896099267 33.1299784521 33.1674434914 32.8643790857 33.1854326534 78.4716375505 57.6707786173 32.5453878411 32.9880063138 32.6600082304 32.9098412663 32.7748867487 33.2064461419 32.7890242091 33.1206267225 32.7117129977 32.5070747305 33.1993998603 32.9359901183 32.7131705108 32.6114980379 58.4897943124 74.4460673641 32.696357379 56.5741537563 61.6290443623 32.5253172469 32.6663710859 43.2632378109 83.7574557845 83.7574557845 70.264313648 68.35909609
56.926931118 56.926931118 85.458917233 52.6421102119 32.5402500709 32.7384010715 77.9600259053 77.9600259053 67.3806949478 67.3806949478 67.3806949478 32.9222389102 33.140942348 32.7723908183 33.0738715891 33.0169098317 33.0897392185 33.1303712343 32.6013210967 32.5905214514 32.5095615008 32.9463817284 33.1482988285 32.9182222364 32.6282475763 32.9933518454 32.8741903199 32.5498352458 57.6707786173 57.6707786173 57.6707786173 32.8798650104 32.68711484 33.1799042697 32.6381339153 32.8304523104 33.1273481348 32.9374766599 32.6550496488 32.9602916044 32.7740206403 32.6822122039 32.8434961789 33.1118832511 32.5918955003 33.1816569824 32.5516694265 32.5696477839 58.2110575517 61.5943375224 33.1647157514 43.2632378109 43.2632378109 83.7574557845 32.8992327652 33.1697036097
32.8832282392 32.716211206 32.7445620026 32.958649898 33.1957605032 32.5480465081 33.1024412467 77.9600259053 67.3806949478 67.3806949478 67.3806949478 33.0991761875 32.7207234346 33.0133674426 32.9867106318 33.1863697719 33.2050504619 33.1832874268 75.8624866542 33.1510674965 32.7859820307 33.046879663 33.1258056268 32.9632531093 32.7061294212 32.6946951117 32.7394411678 33.0253805269 32.7961659226 57.6707786173 32.5538678768 32.7613290164 32.5387390253 32.9369814566 32.95791162 32.5253097297 33.1461857559 32.7147893946 32.8916261559 33.0831157018 33.1642793552 32.8037524725 33.0375729603 33.1365404011 32.8674496287 32.8024670113 58.2110575517 33.0925310623 33.0465077412 32.5813243729 32.9673175389 32.9468112702 32.6264842417 33.005204898 33.1609936744 32.5145493804
32.8819757763 32.5718993032 32.9569559659 32.5023791104 32.9210444487 32.8068233492 32.7951369546 33.0320951342 48.9913490975 48.9913490975 48.9913490975 32.559916638 33.1760801166 32.5051521725 32.7886844885 32.5069020669 32.7602001831 32.7959570188 32.7788625095 33.1224227517 33.1307171721 32.5541803435 32.6722879474 32.6117957284 32.8499952574 33.1675534077 33.0436586239 32.7634384215 48.7964865091 54.3629273576 54.3629273576 54.3629273576 33.1878343143 32.861291238 33.1237542876 33.0572285998 32.619382987 33.0423961257 32.7943953258 33.0401451925 32.7368162774 32.7552804731 32.9684367502 32.7961587903 33.0482580753 32.561163712 33.0495095813 56.9948264974 56.9948264974 33.1696053361 32.5626221322 33.0506258827 32.6171065009 32.664369422 32.5592989509 32.9261457523
32.8532258126 32.8633742689 32.8073464291 32.6511998056 32.673091047 32.6225635313 33.1570910495 33.036544572 48.9913490975 48.9913490975 33.0625039656 32.7323181751 32.7262242479 33.0730516044 32.5062812175 32.7974683532 32.554025992 32.8686909119 32.8356802681 32.5528447282 33.1193873738 32.6477750339 32.7356888315 32.6974379627 32.9957784768 32.5845833983 32.7321403055 32.9868833544 33.015682691 54.3629273576 54.3629273576 32.9366205553 32.8538784424 33.1120115214 32.5533611524 33.0685720803 32.7537349943 32.6271813479 32.692380847 32.7457774151 33.1813245036 33.076287735 32.6502677521 32.8558632508 33.1447509114 33.0264447507 56.9948264974 32.6395028381 53.488163942 32.5325273988 33.1029828426 32.5244663477 32.7876412316 32.7749535175 33.2063531878 32.629280915
33.1605367445 32.7690566803 32.8997664878 32.5898177944 32.7945248563 33.1390513324 32.7015277308 32.9539035525 72.4930970601 72.4930970601 47.9177317046 32.6056914309 32.6640759663 32.9956158317 32.7637623574 32.8517813522 32.7207910741 32.779717132 32.9915755149 33.0406845689 70.9389035036 70.9389035036 33.0158517339 32.589352318 33.1864920851 32.5996296224 32.6462332583 33.1738411442 33.0328078442 32.6323453692 69.7549651625 32.8450254579 33.0969272029 32.5866427116 32.8130193576 32.6053741863 32.5033172444 32.7756628169 33.0525408971 32.519439767 33.0184812924 32.9618738375 33.1969809224 32.6440928076 33.0446887676 32.8421005146 33.1750365547 69.663160705 69.663160705 32.9492687538 32.9909162308 32.5546683544 32.8291006224 33.1699963951 33.1009802366 33.1818799967
32.9674742465 32.5361711438 33.0952925271 32.632915979 33.1574012748 32.6594377427 33.1398526355 32.6097167332 47.9177317046 47.9177317046 32.55950579 32.8972859845 32.5106712143 32.7578681061 33.1572923783 32.6439641009 32.833130595 32.6836057805 32.9774826719 70.9389035036 70.9389035036 70.9389035036 33.1394682647 32.6310558113 32.510389144 33.1059047281 33.1465592188 32.6689577313 32.7050997016 32.9478391578 46.5624184594 68.6308371549 33.0924412698 32.8331588826 33.172135154 32.8349790422 32.8397961155 32.6971325341 32.6478625145 33.0063833513 33.1589302873 33.0500142042 33.1178903439 32.7542262023 32.9910922998 32.837100183 69.663160705 69.663160705 69.663160705 33.1739868856 32.6539086135 33.0032607025 33.0756171343 32.584962698 32.552431843 32.5135896513
33.1847249338 33.1764535017 32.9549599488 33.060870095 33.0243893191 32.9210965425 32.7592731554 33.1893565644 46.3935199371 46.3935199371 33.2040275986 32.6134175545 33.1181271274 33.0764293988 32.7046264461 33.1572837009 32.9366416294 32.8776231144 32.609585355 32.9805943074 32.590740411 65.0382056363 65.0382056363 32.6323677209 32.8548842287 32.6816103621 32.5905691699 33.025606628 32.6405120982 68.6308371549 46.5624184594 46.5624184594 46.5624184594 33.0365980085 32.6922208102 32.9278840536 32.8029706204 32.7814912219 33.0668684652 32.5446805914 33.2043685288 32.982240197 33.1059660271 32.819885799 32.5890586579 32.781292215 44.2464582868 69.663160705 72.1069034482 32.6608672966 32.6884399872 47.8073955704 32.6794501906 32.9919632655 32.8203488475 32.6807696332
32.6909326707 33.0670112367 32.7402820393 32.6986878319 32.9561900915 32.6902537277 32.7850987033 46.3935199371 46.3935199371 46.3935199371 46.3935199371 32.5703644753 33.0942993635 32.59200401 33.1079397812 33.017900175 32.7556304606 33.1167805676 32.6029273884 32.7416057988 55.3438461139 55.3438461139 33.0713734984 32.6966983126 32.630364521 33.120564785 33.0837778303 33.0804454035 33.0568708406 70.272674978 46.5624184594 32.9469404914 32.9958392235 32.7499235167 32.6331311143 33.0082973111 32.6224426045 32.7439063524 33.053250853 33.1877361499 32.8042458348 33.1376951645 32.5320985952 33.1758445766 33.116822842 32.7501690719 44.2464582868 44.2464582868 72.1069034482 72.1069034482 32.923482388 44.3850868619 32.6178917018 32.6857041228 47.9775299614 47.9775299614
32.8516085703 32.7591197766 32.8591439579 32.6442610439 32.7738928308 33.0357465865 32.6905471775 32.8801782481 60.6599807954 32.6525728987 32.5009326679 32.8795296855 33.0978929881 32.7527048158 32.8223535939 32.854028989 33.0956924132 32.5334318891 33.0843838344 32.7233820764 51.2876379504 51.2876379504 51.2876379504 51.2876379504 32.8055870176 32.9921131598 32.8572281188 83.6983914458 32.8977947386 33.1062276143 32.6185904553 60.4758923743 63.6686014405 32.5592914919 32.5880626123 32.5374111541 32.6637245789 32.7141960362 32.7970709633 32.5673780691 33.010199138 32.6676590875 32.7851416111 32.761457751 32.520343393 32.7490459804 44.2464582868 44.2464582868 72.1069034482 63.5701727354 63.5701727354 32.7129888843 32.5594624925 33.0934786036 47.9775299614 47.9775299614
32.9391219569 33.1507142535 33.0357395978 32.7602151045 32.9690797805 32.6665848754 32.9150693933 32.8161880165 32.8024263926 59.3734432908 32.5419790884 32.9727687354 32.8818705609 33.0898993047 32.9642309344 32.8364165094 32.9238496113 32.9395208286 32.5791708445 32.8744035921 32.576632753 51.2876379504 51.2876379504 62.7290014327 60.7177199718 47.3730999393 47.3730999393 60.5110661452 60.5110661452 71.6544212645 71.6544212645 60.4758923743 61.2022501039 61.2022501039 32.9587692401 32.7985885285 32.7049866215 33.0463006331 33.1444932391 32.8615998448 32.6559148238 32.9636016411 32.5257004301 33.0688313968 32.645158041 33.1471934126 32.9552196987 84.3748881092 32.7305182817 32.9236410916 33.0931618457 32.9480756019 32.9883731742 32.9593649937 86.1283751539 47.9775299614
32.6727027418 32.7029369836 32.6462767428 32.7076569338 32.9324409578 32.7249157815 32.67952516 33.159813038 59.3734432908 59.3734432908 59.3734432908 32.6525283795 32.6259697932 32.7693162991 33.1011381251 32.5267043795 32.987222854 32.8637103759 32.8400603732 32.9248165915 32.5918325718 51.4704436154 32.7573774042 62.7290014327 62.7290014327 60.7177199718 47.3730999393 60.5110661452 60.5110661452 71.6544212645 71.6544212645 63.6686014405 61.2022501039 61.2022501039 32.8689494334 33.1860867965 32.9284734919 32.5306631572 33.0751093925 32.7825760046 32.9341243143 32.6197353764 32.8254855224 32.7076306643 32.6806671287 33.1375038754 32.5636813785 45.4976989495 53.5374439356 32.6967419033 33.165859458 32.6374994075 32.5531144199 33.0881882105 33.0324904782 32.5143680511
32.7099574453 32.9548996184 32.5911281292 32.97607892 32.5684259662 33.1514329888 32.916406495 32.882987086 57.3053102712 59.3734432908 45.0038436054 32.8273505789 32.5308175511 32.5539581761 32.5097621526 32.7926647913 33.0243710117 32.9486500136 33.0057499137 32.9183867426 32.8004033097 51.4704436154 32.6378323935 62.7290014327 60.7177199718 32.5693369595 47.3730999393 60.5110661452 32.5441258415 61.2429326559 71.6544212645 32.8184775071 32.5877165949 61.2022501039 32.5374518266 33.1703843054 32.5896858891 33.1718692221 32.6609630995 32.6829750499 33.0204523608 32.7229877887 32.9903921274 32.8512724923 32.5749027893 33.0688199121 32.7309337834 53.5374439356 32.9048475864 32.7275979384 32.6730717146 33.1922157683 32.5373087398 32.703198961 32.6052495006 32.6025989244
32.8385123789 33.1426534542 32.5214889443 32.7704817529 33.0982689212 32.8711281472 32.6425777475 32.9174876517 65.364399077 65.364399077 32.5206113617 32.6363866497 32.7680243195 32.6445580238 33.0361523368 33.1250994207 32.9861485302 33.2064257045 32.5491282998 32.8927257658 32.9751486576 63.7063194537 32.9445991824 32.6046710053 33.1733182944 32.9937296138 32.8815806432 32.8615932586 33.0890738229 32.6050069775 33.0352996729 32.7947045956 32.5364123231 33.1603453162 33.1817291628 32.9365991796 32.7357316694 32.705494611 32.7406784537 32.7348165194 32.7543132768 33.1312108353 33.0612108718 32.6130783066 32.8093667877 32.5199483314 32.5843911272 32.5250591427 33.1192235032 32.5980193143 33.0458145175 32.8676754534 32.6797490176 32.9010321713 32.5751951164 32.9293819603
32.7586221279 33.0605476498 33.0111957108 33.1781506233 32.8311279007 32.7670310052 32.7260100495 32.6654859032 65.364399077 65.364399077 65.364399077 33.1641795212 32.7168189706 32.6273068722 33.029125832 32.9931106967 32.8985678606 32.9420976444 32.8738554147 33.1288724033 63.7063194537 63.7063194537 63.7063194537 32.5832297852 32.781325987 32.9086605191 32.720170645 32.8132189025 33.1068417179 32.7602657342 32.6778895661 53.8071493023 69.8397626971 69.8397626971 32.9837375191 32.5939661432 32.9243319704 33.0357171302 32.7514614131 32.9027197959 32.5359679013 32.661854123 33.019640441 32.9533051656 33.0768519235 32.6813558503 33.1340006796 58.4854336812 58.4854336812 32.6444636528 33.1552535789 32.7145070882 33.1851234351 32.739696694 32.796484375 32.5550395463
32.8676809673 33.1275415137 32.6360553111 33.0537205176 32.7230191714 32.7013804215 32.6968973878 32.844856766 55.8566747356 42.6829488368 55.8566747356 32.9487559675 32.5701066431 32.5948167692 32.8739339788 32.696884811 32.8068153637 32.538244744 32.5168836457 33.0005904854 33.1695861234 63.7063194537 32.9306665198 32.510379723 32.8661310209 32.7297570222 32.8235630797 32.5938495171 32.8366339216 33.1375253272 33.0960976786 69.8397626971 57.3119369505 57.3119369505 32.582887775 32.7274709067 33.1313248523 33.0340931293 32.9661552403 32.5774227689 32.7692245111 32.5985678793 32.6309094338 32.7145913248 32.6234841971 32.6404772228 32.7536166803 32.5816682722 32.658101931 32.5592406128 33.2053586494 72.304363125 53.6374965235 32.6065293118 63.4473055961 61.4974505405
32.7769499334 32.917319024 32.5345693323 32.5051667643 32.8226429827 32.9181677377 32.6149736925 33.0760329582 42.6829488368 42.6829488368 32.6201538281 32.6364662388 32.8821964826 33.1186580444 32.7933323553 32.6941956072 32.9639505131 33.0127091048 33.0573791947 32.6261175611 32.7819715478 73.4832955144 73.4832955144 32.5443980595 32.6027542529 33.0104072524 33.0893408759 33.1441097606 32.7597288272 33.1855930492 32.7226286388 57.3119369505 57.3119369505 57.3119369505 33.0151982228 32.5143402404 57.9678806721 32.6994381513 32.7999317122 33.0472933341 32.5853118818 33.010882098 32.9766003771 66.8728098286 32.9910298642 32.8308803024 39.5009700471 82.4509573167 82.4509573167 32.9860167723 61.5520348213 72.304363125 72.304363125 32.8763065969 32.9816136187 32.6173477497
32.6034312216 33.1706512413 32.9745214815 32.9796099626 32.7266735449 32.7134055539 32.7243149578 33.1110415401 55.0998062887 59.3798034165 55.0998062887 50.3997243348 51.4308949554 32.7499489719 33.0921561971 32.7359394064 51.7971325214 32.800149445 33.1198370052 32.6633985522 66.0024765682 51.2727164979 66.0024765682 61.8469276482 33.1286435593 64.8908909946 63.5786213644 47.0912666411 55.8230495594 33.1737370298 86.0198399352 56.561217792 33.1536542239 57.3119369505 64.0743458431 32.5121067301 57.9678806721 57.9678806721 64.18936 33.1563127433 32.9440929973 33.0589789381 32.8483531834 66.8728098286 66.8728098286 39.5009700471 82.4509573167 82.4509573167 82.4509573167 82.4509573167 33.1271585187 72.304363125 72.304363125 53.6374965235 32.5293142745 32.6240595811
32.7472277112 63.1010401556 63.1010401556 32.9772115353 32.6163758936 32.528471211 32.6809522674 59.3798034165 61.4354778602 61.4354778602 59.3798034165 50.3997243348 52.7852978447 52.7852978447 70.8779517709 69.9023431298 51.7971325214 51.7971325214 50.5443844956 50.5443844956 51.2727164979 51.2727164979 51.2727164979 32.8401301725 32.8531790066 64.8908909946 64.8908909946 55.8230495594 55.8230495594 55.8230495594 86.0198399352 86.0198399352 47.5635072967 64.0743458431 64.0743458431 33.0452972134 57.9678806721 57.9678806721 64.18936 32.7397119895 32.7999267466 32.7972051203 32.8675965677 66.8728098286 32.7253991437 49.0138504738 39.5009700471 54.6833273613 64.4077666695 32.6550949029 32.5107508294 72.304363125 32.6681981951 32.9766467577 33.0828755274 32.959746359
32.927146202 63.1010401556 63.1010401556 32.7693196872 32.8931665719 32.8855599 32.5061172315 57.9288498602 61.4354778602 61.4354778602 57.9288498602 50.3997243348 52.7852978447 52.7852978447 32.7345332841 69.9023431298 51.7971325214 51.7971325214 50.5443844956 50.5443844956 69.6228683872 69.6228683872 69.6228683872 33.0298288241 32.5107732351 64.8908909946 63.5786213644 47.0912666411 55.8230495594 32.8835423341 86.0198399352 56.561217792 47.1151565336 33.0675054435 64.0743458431 33.065483029 57.9678806721 64.18936 33.141726027 32.5332274172 32.9073539841 33.1848878396 33.1072285613 32.6567241853 32.7819526486 32.5682102191 32.9910188655 32.7813804635 32.7202556972 33.0044519141 32.6077504768 33.0211105252 32.9210226671 33.0756841186 32.7612348991 32.6866610081
64.3180675442 63.1010401556 32.7222276036 32.6798995522 33.1083306018 33.114077673 32.9837513047 32.9277352631 57.9288498602 61.4354778602 58.3941332921 50.3997243348 32.8717894921 32.527506455 70.8779517709 61.4744339726 51.7971325214 61.0272611159 32.9579342479 33.1610908592 67.3633215562 69.6228683872 69.6228683872 33.132670376 33.1081352148 64.8908909946 63.5786213644 32.5279331784 33.0256263045 33.0416839244 32.5738309977 33.0647797632 32.7140061205 63.5943352138 63.5943352138 32.9203377939 32.7503602272 32.8323641165 32.5582169245 33.1487003839 32.9901781416 32.6888555305 32.7415344041 33.2047332915 32.9675972802 33.0254451945 33.2070040071 32.6786364578 33.1652805791 33.2064982017 32.6691254833 33.1760197631 32.5937305829 32.6600895256 32.5962060493 32.697790835
