Spatial_Output/BAU/BAU_0143.asc
NCOLS 155
NROWS 192
XLLCORNER 196769.923733
YLLCORNER 449719.875193
CELLSIZE 27.603701
NODATA_VALUE NaN
[rows 0 to 22 of 192, columns 0 to 52 of 155]
59.7267112391 65.9917453995 69.41890581 54.8295732071 68.1773923259 0 0 0 0 0 0 0 0 0 0 0 0 0 0 0 0 0 0 0 0 0 0 0 0 0 0 0 0 0 0 0 0 0 0 0 0 0 0 0 0 0 44.8496478552 44.9740698489 44.8246364907 44.8251022473 45.0154098035 44.9532022337 44.9027682201
0 69.41890581 54.8295732071 68.1773923259 55.0652970755 55.0652970755 77.6712872688 0 0 0 0 0 0 0 0 0 0 0 0 0 0 0 0 0 0 0 0 0 0 0 0 0 0 0 0 0 0 0 0 0 0 0 0 44.7668051258 45.0799027054 45.1850779874 45.0360813994 44.9795884341 44.8672027161 45.1138029675 44.7410111393 44.6421284961 44.9011629616
0 0 59.9314061693 68.1773923259 55.0652970755 55.0652970755 59.5373259992 99.7707308594 0 0 0 0 0 0 0 0 0 0 0 0 0 0 0 0 0 0 0 0 0 0 0 0 0 0 0 0 0 0 0 0 0 44.7789874753 44.9369833503 45.0209086381 44.5104834532 44.8929694604 44.670335893 44.8248518399 44.685976397 44.5260169294 45.0100641104 44.9291245976 44.9041586692
0 0 0 75.1460339271 55.0652970755 59.5373259992 59.5373259992 76.637130549 76.2955110199 0 0 0 0 0 0 0 0 0 0 0 0 0 0 0 0 0 0 0 0 0 0 0 0 0 0 0 0 0 0 44.9120269422 44.9018479468 44.5599329764 44.9465478033 44.7220644718 44.5126445567 44.9415955142 44.6868469358 45.1774126134 44.6083443484 44.6799265322 44.5123959935 44.7543798444 45.0374020037
0 0 0 0 0 59.5373259992 76.2955110199 76.2955110199 76.2955110199 57.5705167235 0 0 0 0 0 0 0 0 0 0 0 0 0 0 0 0 0 0 0 0 0 0 0 0 0 0 0 44.6035531707 45.1410410566 44.7907946567 44.7860301031 44.7279740637 44.8082470854 44.6800397471 45.0678968552 44.7665543249 44.9894719298 44.8322193682 44.8304415515 44.6768016166 44.6337486423 44.6847748615 45.1767406821
0 0 0 0 0 0 76.637130549 76.2955110199 57.5705167235 63.3619167506 75.8823618818 0 0 0 0 0 0 0 0 0 0 0 0 0 0 0 0 0 0 0 0 0 0 0 44.9842097051 44.9610316085 44.5598618193 45.1219278515 45.0278035967 44.7919164557 44.5458693928 44.7557607903 45.1176677659 45.0294136121 45.083994814 44.6541815677 44.5270385962 44.9530486049 44.5554951396 44.6398501986 44.7026053655 44.7209762615 44.8113552894
0 0 0 0 0 0 0 57.5705167235 63.3619167506 63.3619167506 77.947984665 77.947984665 62.5527479118 0 0 0 0 0 0 0 0 0 0 0 0 0 0 0 0 0 0 0 44.7853969766 45.0140234557 45.0605717616 44.5335037089 45.1272146956 44.6515810167 44.879293721 44.6413617845 44.9898234174 45.1252875986 44.5981960641 45.0302889973 44.5984988449 44.9794118462 44.5361738487 44.8283832606 44.6385395382 44.6964518975 44.6723538867 44.8645408697 44.7772499001
0 0 0 0 0 0 0 0 75.8823618818 64.3846550475 77.947984665 77.947984665 44.5202785672 45.0540408369 44.8480320107 44.5011209263 44.9495889734 44.5620592919 44.6608060766 44.7023963376 44.5989408287 44.8686722866 45.0576679493 44.9654680024 44.6821331217 44.5612436645 44.7754343705 44.5763972884 44.5763139584 45.0646831024 45.043080753 45.0986646767 44.6163151778 44.8249152909 44.7918100455 44.6332388279 44.888610579 44.8416424026 45.0248674425 44.5597358458 44.6726990593 45.0811320392 44.7420099971 44.9280370669 44.6593119926 45.0595522081 45.1107596395 44.800417377 45.1028646346 44.9225121319 44.852256665 44.8796563983 44.5756271523
0 0 0 0 0 0 0 0 0 62.3616221011 68.7174901986 66.1652106953 88.7259076356 88.7259076356 88.7259076356 44.6512555782 44.9708984005 44.7854281874 44.5092326377 44.8736508848 45.1522632611 44.9743873468 44.6571339711 44.6058114067 44.7221275546 44.8107221146 44.564930367 44.580357759 44.6309126318 44.9849303996 45.0127411335 45.0323329283 45.0929529703 44.6411209339 44.5006769802 44.6135424556 44.9178133952 44.6771040847 44.5553552132 45.0156944604 44.6782268284 45.0093081036 44.9752504657 44.7467559175 44.7758138629 44.6102607518 44.5718636192 45.123944172 44.7598784428 45.1927475494 44.5486629532 44.5121066506 44.9630524155
0 0 0 0 0 0 0 0 0 62.7950561694 65.3147258181 59.073176749 88.7259076356 88.7259076356 44.9794559618 45.2031091152 44.7425392109 44.9354064935 44.6686719274 45.0874946234 44.5601831722 45.1690584937 44.6953632721 45.0278315421 45.0998380772 44.6763912245 45.0777076802 45.0864958902 44.5531667511 44.601467069 44.991522519 44.7686442371 45.1046824808 45.0816587774 45.1122705058 45.0341303408 45.0823089138 45.0268604822 44.6278248868 44.5554315838 44.848866291 44.5123512437 45.1527919515 45.0239692454 44.9974496131 45.0665448085 44.5265474454 44.7738976386 44.5102370886 44.5458100938 45.0363655016 44.5412074543 44.7457083009
0 0 0 0 0 0 0 0 0 62.5889076138 62.3207153152 63.9014468331 88.7259076356 88.7259076356 82.2154549872 82.2154549872 82.2154549872 44.6755701552 44.727186414 45.1904740933 45.099565495 44.7173582275 44.5760079483 45.1612092338 45.0208692388 44.6970289231 44.5419235863 44.7103611684 44.5488271021 45.0274899549 45.0744859624 44.8212422582 44.8315511568 44.9291771802 45.1301258887 44.9090743218 45.1134765208 45.0726715162 45.144918134 45.1022740565 44.8234089158 44.606092099 44.92820248 44.8746600096 44.9931720593 45.1861090737 45.1940331292 45.070097244 44.9255540237 44.5276917768 44.5221445955 45.0891631753 44.9224833055
0 0 0 0 0 0 0 0 44.9470974594 44.8437131094 45.0090400628 44.7778509104 84.6371723241 44.59499388 83.6735063756 59.0788153962 59.0788153962 59.0788153962 45.035452799 44.9185483465 44.8937344797 44.5176655145 44.9572785184 44.9853631403 44.531735249 44.7427180398 44.8242263083 45.0833849341 44.8963803145 44.7621451809 45.1517873651 44.804665303 45.0764130812 44.9882928289 44.8485409399 44.5287513688 44.8973980848 44.9902183176 44.7073825724 44.9425083061 44.5730421757 44.7135039415 44.6846659826 45.0996243156 44.7625617343 44.8975815348 44.8842035249 44.6258034745 44.6085418837 44.5569258088 44.7611742121 44.9912324162 44.5842746299
0 0 0 0 0 0 0 0 45.1771457096 44.6224729456 44.5336619499 45.1379661416 44.5718118381 45.157911198 83.6735063756 59.0788153962 59.0788153962 53.9286083607 45.0559660609 44.8029047055 44.6131891418 45.1991448588 45.0309410017 45.0028356433 44.8572052992 44.5571629499 44.7006642736 44.9462503487 44.741218059 44.5860986843 44.8765008155 44.9023405652 44.8709938618 44.6606688501 45.0352021023 44.5199480602 45.1718745043 45.0599741966 44.7597661017 45.1154366715 44.6874810779 44.7516135336 44.6753828208 44.9833708657 44.840620031 45.1568261766 44.5629591943 45.1523045884 45.06411176 44.5859344218 44.9793872699 44.7012218958 45.1104837653
0 0 0 0 0 62.0553187218 62.0086679003 67.60490845 45.0305604497 45.0754674628 44.9604765443 45.0375963704 45.0601869095 44.8166999493 44.5240849833 59.0788153962 53.9286083607 53.9286083607 74.9322368814 57.8497532462 57.8497532462 44.9497997773 44.9117843502 45.109718521 45.0877976551 44.7800710271 44.8487344173 44.6023226709 44.7808705912 44.6973204768 45.1035675715 45.0975347444 44.7567895942 44.8469020265 44.7388907584 44.9841564575 44.9702186866 44.67782103 44.9692386159 44.5769811661 44.8735195618 44.6575789567 44.5180459254 45.1140625465 44.5317851907 45.0054156539 44.8760711899 44.652761175 45.1819667667 44.5510809257 44.67729839 44.7650165494 44.9499958478
0 0 0 0 0 59.8817055783 70.6870377521 68.4547238255 44.6566912667 44.6306482289 45.0029878394 44.8635441844 44.8881233189 45.1487057131 44.7443097921 44.6992184769 44.6685636785 60.5790945048 57.8497532462 57.8497532462 53.494074036 53.494074036 45.0902974601 44.9117986391 45.1130177084 44.7359753898 44.5977712643 45.1121208862 45.0624380115 44.7347929598 45.0540449149 44.9424600921 44.5986228669 44.840302265 44.979362205 44.542578605 44.5604833865 44.6660069985 44.8807758425 44.8684192474 44.5273293336 45.190345138 44.8765970314 45.0659954457 44.6055772162 45.0882800747 44.8369255778 44.5907112231 44.9559636293 44.9382578872 45.1252039149 45.1464188104 44.9393712256
0 0 0 0 45.1729228077 71.1233817336 64.6260027588 62.3415277795 45.1695031294 45.0885072948 45.1554346435 44.8853983417 45.1318118146 45.129258523 44.5579995254 45.1557837896 45.0862948758 44.6600149518 74.9322368814 57.8497532462 72.0907001498 72.0907001498 72.0907001498 44.5195642554 44.6124802357 44.7207654883 44.7792797619 45.1778576224 44.7863071322 45.1641442125 45.2041778243 45.1062378033 45.0381123188 44.8352842427 44.6906616009 44.9245100128 44.8340323488 45.0285669081 44.7937117466 45.0825057211 44.9719552729 45.1755137199 44.646052049 44.8678979816 44.9713004803 44.5039436794 45.1125152771 44.8754984262 44.9019614864 44.7659504156 45.0702189114 44.7830725097 44.9006313884
0 0 0 45.0839662798 45.0057561315 45.1888448408 44.7090122117 44.8143049882 65.6462215019 81.0220496262 45.1776444242 44.707155617 45.1767354679 44.8327134861 44.5304574073 44.9388441163 44.5474820634 45.116218958 44.9063365283 44.585616332 72.0907001498 72.0907001498 72.7009093467 72.7009093467 44.8265913493 44.9337315298 44.7570458298 45.1181960064 44.5773746112 44.6565025784 44.5511987318 44.7720009408 44.9148985618 45.066794614 44.9579042313 44.8574299832 45.1456282307 44.9048389233 45.1518305304 44.6501633281 44.812765662 45.0924140664 44.6267168379 44.8909791537 45.1758788142 44.7929574389 45.0750005481 44.9431068972 45.0520788002 44.69076806 44.8256223595 44.9184104207 44.9462884194
0 0 44.8392199472 44.5802393517 45.0858603561 45.0445341532 44.7544596627 65.6462215019 65.6462215019 65.6462215019 44.5971441851 45.0140849442 44.618458899 44.5550961852 44.5015403526 44.9039085153 44.9775934395 44.5723907064 44.5347232889 44.8305216696 72.0907001498 45.011394851 68.1759870455 68.1759870455 68.1759870455 44.50025607 44.7762706955 45.0103878246 45.1653714888 44.7864998719 45.1839333113 44.9826736477 45.0308534759 44.9081752355 44.6577166446 44.5830862493 44.8375469183 44.5179559274 44.8468614675 44.5967773647 45.0709412955 44.8970909415 44.5535492889 44.6200805613 44.8554373177 44.5977027762 45.014339371 45.1269457932 44.7844782277 44.8243461561 44.7478734076 45.091073129 44.8045996459
0 0 45.1908717919 44.6298168499 45.074332541 45.0173022974 45.0142162674 65.6462215019 65.6462215019 44.9789923314 71.1238368755 44.5720169156 44.7726974821 44.5807021399 44.6412820812 44.6307085888 45.1764193429 44.5871408843 45.19364503 44.6773945206 44.5727416036 44.9370589259 68.1759870455 68.1759870455 54.3566824371 54.3566824371 44.6520174871 44.919743242 44.935472984 45.0059579859 45.0949751579 45.1051887895 44.7669554558 45.1715655081 44.5707306703 44.5846040104 44.6728608779 44.6132475403 44.5716208613 44.6299898894 45.1742922755 44.6968871639 44.8484740005 44.659008607 44.8157031783 44.6238736792 44.5490428156 44.992204285 45.1274430246 44.7966769187 44.5660101176 45.1905847801 44.9275952679
0 0 44.8017453387 45.1982029269 44.892123199 45.0296022099 45.054085632 44.8590473594 44.71613304 71.1238368755 83.9489475927 83.9489475927 44.8291384014 44.8447476013 44.7877982678 44.8001345181 44.839973958 45.1760596695 44.5981288494 44.8531831446 44.993419176 44.6902139423 44.5224044046 45.0167900677 54.3566824371 58.5463491655 58.5463491655 76.3082022121 44.7964152079 44.9908929502 44.6407204122 44.7049047358 44.6885365179 45.0005607712 45.0270679091 45.0589523245 44.877258085 45.0676477769 44.7345440365 45.0176267295 44.5105027855 44.883364517 44.7750188858 44.7183038576 45.0765738925 44.9280149891 44.7597513797 45.0170141419 44.9515378794 44.5258767352 44.8342200421 44.7938835136 44.9221995164
0 0 45.1389866587 44.9669466069 44.557950256 44.6308479295 44.6563868706 44.5705010913 45.1489505295 71.1238368755 83.9489475927 83.9489475927 44.9848797656 44.5579220625 44.8039959987 44.5994284051 44.6111873548 44.7772235031 45.0505822632 45.1764439046 45.1484935611 45.1764936648 44.665911589 44.9083615608 45.2065926605 58.5463491655 76.5059796913 76.5059796913 76.5059796913 44.7460474287 45.0143014725 44.6404539466 44.5811132077 44.8226709326 44.5427938361 45.0449237046 44.6530379668 44.5510559645 44.7643772806 44.6067280518 44.7291553773 44.5264051069 45.0758340142 45.1765163114 44.9766002506 45.0608060283 44.636108886 45.1839790119 44.5113954814 45.0360875879 45.0960600895 45.0549874842 44.7512298962
0 0 44.6858049436 44.9730982732 44.9501355529 45.1327640114 45.16216125 44.8827094993 44.7022550122 44.7043196615 45.1055095307 45.06338814 54.9164924018 54.9164924018 44.9132982578 44.9413482226 44.5290738465 45.0878871835 45.1170543394 44.6705628267 44.7353429947 45.1721877267 45.0148325972 45.0812789026 44.7943638046 44.667979507 76.5059796913 76.5059796913 45.135864511 44.7593789472 44.7827314131 44.7042244307 44.7847286342 45.0218748878 44.959372568 44.7457824697 44.9231966176 45.0565454307 44.7113677452 44.53859701 44.8480250193 45.0697450734 44.798219581 44.5648682484 44.8985282015 44.6001104919 45.1063528289 44.5159459468 44.7486725224 45.0830626647 44.9385329639 44.7212700138 44.5165367802
0 0 44.6422521961 45.1806460349 45.0493731759 45.0887708346 45.1186818253 44.631071923 44.5319847317 45.1772143718 44.8847893508 45.0813364322 54.9164924018 44.5973850579 44.8661774873 45.0783884686 44.9518597617 45.0058288748 44.7777114666 44.9116744205 44.770933437 44.6571765109 44.6757073026 44.6241241224 44.8256725576 44.5652281152 65.7492786435 65.7492786435 65.7492786435 44.776935109 44.5525907327 44.6360224629 45.0463950093 44.8237243546 44.6903059201 45.0916777543 44.746744773 44.5109321986 45.0058674371 44.7098860791 44.8773373523 44.5482701179 44.623966368 44.8373009263 44.7625929569 45.0593282154 45.0191022207 44.5182413795 45.1915219643 44.9077400717 44.6776782865 44.7235965576 45.1131287264
