Spatial_Output/BAU/BAU_0197.asc
NCOLS 155
NROWS 192
XLLCORNER 196307.867259
YLLCORNER 449144.565805
CELLSIZE 33.573938
NODATA_VALUE NaN
[rows 50 to 74 of 192, columns 0 to 56 of 155]
46.237425285 46.2256976539 46.8219550233 46.3156957876 46.3215948227 47.3788149356 46.7256938126 46.9614750007 46.5815674649 47.3433848283 46.1462753235 46.2450942158 46.4123540356 46.535510095 47.0287892543 47.2376515541 46.7394342939 47.0340985071 46.2404673327 47.1950411191 46.6013737261 46.5093241062 46.0513303898 46.6510694674 68.4646369374 78.8854562589 78.8854562589 56.7176669347 46.9531358641 46.8836861905 46.8725365861 67.0574750509 47.0984155716 46.7206870314 76.3862977622 94.2806055521 46.7844751591 77.6914973813 67.9578766944 77.6914973813 46.4925927978 46.3478778412 46.5962676727 46.5664878129 47.2395732474 46.3014718653 46.2342302782 46.0406091968 47.1160676917 46.3955075086 47.4044576203 47.0170134919 47.2079872502 47.1169279219 46.2369468546 46.7961321299 47.2376490691
46.858090609 46.8348597328 46.926211538 46.2708323512 47.2669494059 47.317988366 46.6036196545 46.2569049996 46.340560537 47.3355855007 46.8876825145 46.6103183133 46.9231279088 47.334303741 46.4416995501 46.5544963247 47.0836170153 47.2724111477 46.5321777766 46.5420294081 46.8266090385 46.6724881993 47.1504630548 47.1323919684 68.4646369374 68.4646369374 56.7176669347 72.4401649406 72.4401649406 80.9113243754 67.0574750509 67.0574750509 67.0574750509 67.0574750509 77.3807400599 70.0949076531 82.2664507696 67.9578766944 67.9578766944 67.9578766944 47.0056512442 46.7243599937 46.0264599734 47.1495066794 46.5833129344 46.805233646 47.1507172974 70.9110543552 47.2466053497 46.7616584398 46.4389302902 46.4535884267 46.9818206524 46.0880369687 46.5423095161 66.251124703 47.223988716
46.6158719824 46.5906493313 47.0801466053 46.4241120141 46.2555218847 46.1277331437 47.1573122428 46.8697474319 47.1816669735 46.3131096245 46.902631425 46.2113908693 47.1131288326 46.0363122502 46.4925677677 46.9546604952 47.3673983214 47.1345601207 46.2680663972 46.5026019319 46.6652411854 46.1117022016 46.2969152199 46.1077885084 68.4646369374 47.0073828086 60.3365520875 72.4401649406 72.4401649406 64.5207384878 64.5207384878 66.2478398296 79.3769977725 63.1625204531 63.1625204531 47.2411568115 82.2664507696 74.7006830217 74.7006830217 74.7006830217 46.6760940622 47.1597090856 46.0059796713 47.281314742 47.3837972439 47.0968855224 46.8319218552 70.9110543552 70.9110543552 69.1907986479 80.7453175038 66.2212610083 66.2212610083 46.2802342354 72.3096329349 66.251124703 66.4159205409
47.3966503306 47.3506322038 46.4675067818 46.539245643 46.0422051667 46.6751226161 46.6171953689 47.2419590312 46.8511278857 46.5907768179 47.1857089566 46.6331771194 46.9772047581 46.4035696634 46.9823931117 46.04794589 46.4454443915 46.2512196098 47.0491756369 46.1914008954 46.7707561127 46.1569742182 47.3116038027 46.4768866636 46.3275125518 46.9009910421 46.8347072856 46.617155204 72.4401649406 64.5207384878 64.5207384878 56.1988565155 79.3769977725 63.1625204531 63.1625204531 99.4866685115 82.2664507696 82.2664507696 54.1324880371 54.1324880371 46.9981783199 46.557431074 67.0570935968 67.0570935968 46.4729635783 46.4455628175 46.2088528792 70.9110543552 70.9110543552 80.7453175038 66.2212610083 66.2212610083 66.2212610083 72.3096329349 72.3096329349 66.251124703 61.8623185081
47.0760895173 46.4112264686 47.2914659879 46.4270065373 46.6574702259 47.2676093843 46.0220189527 46.4695303342 46.5502374969 46.3743457067 46.0836712552 46.3198433689 46.4153712629 47.3303741238 46.7984567697 47.1131471371 46.630752153 46.7488561142 46.3527941031 46.8282076811 46.2087675658 46.7481016592 46.4833364471 46.1121052004 60.7663756946 46.8045069741 46.2951863164 46.210802454 46.1047383838 46.2604877857 47.3655690239 47.2020901378 46.1881792523 46.5190580636 99.4866685115 69.716590031 82.2664507696 60.8424176594 54.1324880371 54.1324880371 46.7049832734 46.1611231082 67.0570935968 47.2980980704 46.1701901626 47.2064811735 46.7440201823 46.6266857032 46.345161634 69.2594292736 80.7453175038 66.2212610083 69.7116596058 72.3096329349 72.3096329349 61.8623185081 61.8623185081
0 46.2942984014 46.597144571 46.1416023698 46.3927552168 47.0075824275 47.1902489366 46.6342782579 46.343319775 46.8425890514 46.8388062259 46.0512282785 47.3068889405 46.4861224194 46.6766594951 46.4280402873 47.0983018514 46.2292262818 46.1681647162 47.3211776391 46.8708385777 46.0575115045 46.2993276706 46.128620725 61.0080924439 46.0136408715 47.2314264336 46.4720829351 46.5275976091 46.9864103823 46.632982071 46.1794651534 47.3564649679 46.0935462008 47.2790363369 47.253263604 46.5683067313 46.9794675161 71.6604699187 46.942640422 46.232745645 46.2725637197 46.1833394806 47.2963514697 46.6080446496 46.5537787461 46.1530416572 47.0195775386 46.6470504758 47.2820791989 47.0402869218 46.8061954799 47.0988570757 77.8458651695 68.5593404748 61.8623185081 61.8623185081
0 0 46.3054808128 46.5664447265 46.1601610877 47.2391262892 46.2916625772 46.4483561339 47.0526724545 46.5747550971 46.188707945 46.9117444473 46.3248567988 46.2186990653 46.6741216068 46.5181124553 46.6231569717 47.3113040817 46.3160913381 47.1138458865 47.3089268808 47.2972331364 46.1602325998 46.4458791139 57.086057181 57.086057181 47.3104183939 47.2673151654 47.3257002471 46.4812179045 46.0038332545 46.6794104637 47.1262355418 47.1697294305 46.3497115209 46.1047800047 46.0704414384 46.9494837402 46.821333563 47.1677125609 47.3008432878 46.7772570152 47.3451839536 46.2126363191 47.2869275173 46.9177029954 46.7129724376 46.7851133235 46.4977308334 47.1151126872 46.6549982977 46.5260807358 46.8960677499 46.4736138132 46.6620369515 46.0883366123 68.7318484015
0 0 0 46.1757128703 47.084579177 46.8673543454 47.2807778408 47.3208711854 46.5441254257 46.8919828723 46.0709697122 46.4569113323 46.744028733 46.6509908709 46.960893405 46.8245226948 46.9691237984 46.141031218 46.4784893848 46.7002302467 46.982905319 46.831196428 46.6238200566 57.086057181 57.086057181 57.086057181 47.40964886 46.5088951919 46.1860612729 46.2762868286 46.4089530936 46.5674067343 47.2631502607 46.7351419454 46.3780788662 46.8791083803 46.6154274008 46.2426809099 46.3260413918 91.6756513698 46.543244195 91.6756513698 47.3326112881 47.3374931426 46.5692899312 46.6383547912 47.0534100005 46.8254551876 46.4980824615 46.1219653738 46.1522110552 46.0923999246 46.4783477701 46.3354903451 47.2002638584 46.6315563912 46.8630295085
0 0 0 0 46.9978015798 47.2010365232 47.3282771198 46.917372569 47.1665850826 46.3392248369 46.1994128052 47.3506397205 46.3520024705 47.0262333282 46.1396268781 47.1777713238 46.1549185924 46.9127882998 47.2373474246 47.3435889428 47.2508163494 46.182956482 47.2393072945 58.2823365594 58.2823365594 46.7842107837 47.0244009696 46.8240703534 46.1504156242 46.8980508994 46.4818683218 46.6642486342 46.5876417939 46.9732540807 46.0432817311 47.1033163264 46.4335567856 46.9429255603 47.2621198713 46.3663074622 46.3928065621 91.6756513698 46.166279562 46.437018456 46.9318241675 46.8075400639 46.1444385039 47.091921841 46.8247394318 46.829790659 46.2075970053 46.2343875573 46.4551146267 46.551965848 46.3158489239 46.4290387655 46.1822381691
0 0 0 0 47.3809090794 46.9784639052 46.9495240635 46.5535535834 46.8827424603 46.1270738704 46.8750736768 46.4149873116 47.0407444419 46.9106754212 46.5711579178 46.7045781141 46.6458348849 46.4325096929 46.503352919 47.2776635882 46.2289471665 46.0018894956 46.6709063788 46.9959715618 46.7115829815 46.7765153457 46.6964181785 46.9834419603 46.480068802 46.4610746854 46.3943248249 46.485118662 46.8390158918 46.6025837633 64.9166141674 64.9166141674 46.3217444825 46.8458678133 46.4556220007 46.3007103821 46.2110605616 46.2847818582 46.9233138466 47.1350492929 46.1487166447 46.7842486578 46.2911726999 46.4108944568 47.2595242277 47.3431263949 46.6030092845 47.0300752403 46.37532563 46.4717252861 46.7211262899 46.6883230302 92.0953929933
0 0 0 0 0 46.8829548912 47.1956616124 46.918453471 46.0857636553 47.0581397906 46.6040362417 46.270137831 47.0667475475 46.069300587 46.2210852915 46.2910377669 47.3637651741 46.9466575046 46.8941035951 46.1969124454 46.4786263794 47.1183323118 46.2939098556 46.7784266658 46.2225540356 46.6146480461 47.0433943543 47.2040794739 46.9151619567 46.9480768398 46.888383684 46.9675072442 46.3061530622 46.266530592 46.9900147654 64.9166141674 64.9166141674 46.7045009949 47.209100753 46.3739595506 71.1914587422 47.1374259591 66.4605619314 46.2560479414 46.8225793457 46.3641629746 47.0481819133 47.3956918933 46.5546909213 46.8308076014 46.0798783788 47.3880847686 46.8257256054 46.362673975 46.4136160955 47.0008219024 46.8092838307
0 0 0 0 0 46.1585423542 46.5980834327 47.3495240655 46.6656113114 46.5539571162 46.5116637697 46.2527234931 46.376198747 46.6660625637 46.8778534843 47.2579349597 46.9082520286 46.8994915848 46.4900573002 46.0792426751 46.4489719341 46.1040830771 46.6196316563 46.2976071163 46.0338318872 46.046589092 46.9797293642 47.2751345271 46.9170631209 46.5389595324 47.203650355 47.0044932831 46.8990656339 47.3726849178 46.4206822747 46.1270010708 64.019123945 47.0788329913 46.4623710061 78.2230325665 78.2230325665 78.2230325665 78.2230325665 46.849134802 46.6253345993 46.0856670908 47.1439561685 46.5820652224 47.1355331255 46.3447264192 46.8098857914 46.3467301168 47.1916327869 47.2157369939 46.4858159662 47.2341250507 77.3320993699
0 0 0 0 0 46.4100393349 46.0570351448 46.1518842106 46.424584195 46.8277374477 47.3624806276 46.9971069733 46.8354614166 47.0290050076 47.1036105558 46.1246043489 46.0573944353 46.6915009047 46.0782003496 46.498609642 46.4163325983 47.2131349139 46.9216341877 46.8870940725 46.6570287199 46.5150031206 60.7767605189 60.7767605189 60.7767605189 47.362424938 47.3911564136 46.7671546626 46.8557500048 46.3056689772 47.2571459724 47.0764618015 47.2109193565 46.3630300876 46.9706182759 46.9269969749 78.2230325665 78.2230325665 46.8188949009 46.5339740661 46.0359996052 46.9119671682 46.9898388852 46.6895038897 46.212151729 46.219830565 46.199512729 46.6260599207 46.0674071355 46.3273619113 46.034795783 46.6545281496 46.7852958789
0 0 0 0 0 0 46.972449705 46.9431767207 46.9112618244 46.6068229943 46.8002285502 46.6753811841 46.1599383621 46.0282432485 47.0900787507 47.2634083827 46.9396624054 46.1511978161 46.7598018571 46.4446413976 46.2136475063 46.5139980449 46.992698129 46.5122790472 46.2528156659 46.4336910235 65.8859864762 65.8859864762 65.8859864762 46.4817549038 47.2635033777 46.1574650145 46.2964993601 46.7821569272 46.2242251666 46.9898843628 46.6948245113 46.6260430783 47.2815272417 46.5662979051 60.2577046336 60.2577046336 46.1718102895 47.3065986979 46.482763373 47.2683813644 46.9201178219 46.349428477 46.3181280974 46.2534472141 47.2321037873 46.434653502 46.2042113514 46.3685952012 46.2429111847 46.4182515351 46.0219297515
0 0 0 0 0 0 0 46.6669285351 46.6649908064 46.736314286 46.9437514906 47.0921376166 46.1112805241 46.5597771397 46.1756927217 46.6295446118 46.5416301009 46.7118957339 46.8735013036 47.3952581615 47.3843089628 46.362808327 46.2226881643 47.199593871 47.310565376 46.9023864488 83.2360449425 65.8859864762 83.2360449425 46.201838655 46.1024742722 46.4030747976 46.7017142787 76.1362623726 76.1362623726 76.1362623726 47.297679506 46.7889392446 46.4496784384 46.5384797875 61.0948215635 61.0948215635 46.8529019078 46.5060766124 47.3501947331 46.6495468684 46.9581782849 46.8658842624 46.2089083639 47.2174933003 47.3230591111 46.8840447201 46.0449452418 47.2196803142 46.4926097872 47.0635198203 68.1220091048
0 0 0 0 0 0 0 0 46.4592083936 47.3600544203 46.3429459714 46.7599990487 46.0203026258 47.3301661723 46.6167046859 46.7971224059 46.2242803006 46.0939458949 46.5638920525 47.1174877998 47.3588418703 46.2867895671 46.903747508 47.3400996131 47.0949125784 46.5172251398 66.7749611777 77.0931175385 47.148211505 46.1930849854 101.9706640797 46.8632610649 46.5334722278 76.1362623726 76.1362623726 46.8602298977 46.8092787459 46.5032783187 46.5327424571 47.3662903858 61.0948215635 61.0948215635 46.7534613747 47.2789552922 46.5374779794 47.2847709365 47.3364983594 47.0664509617 46.5149740171 46.3237506684 46.9861140564 46.6349525231 46.8578507072 46.4309377628 46.0695728843 68.1220091048 68.1220091048
0 0 0 0 0 0 0 0 0 0 46.4768943976 47.2977047378 46.9168038256 46.0912432483 47.2982386525 46.0878712507 46.7885920731 46.625374531 46.9589468238 46.924274173 46.5712605354 46.8708116289 46.24068205 78.4735866831 47.12702293 77.7260976046 77.0931175385 77.0931175385 77.0931175385 101.9706640797 101.9706640797 67.9536526874 67.9536526874 82.0118841849 66.8442219922 73.7044154618 73.7044154618 82.4932234809 56.0126333375 46.0479649184 47.2836781259 46.2902316232 47.277393095 47.0092977633 46.9685859132 46.8048714465 46.4985173096 46.0321521213 47.2967776929 46.8553074955 46.4914155961 46.1152135178 46.9890547945 46.2882791645 46.2673059915 68.1220091048 59.2542702688
0 0 0 0 0 0 0 0 0 0 0 46.2863237019 46.0211503694 46.6143906416 46.5931983251 46.5239439845 46.7971266119 47.046292462 46.4757041177 46.5544519913 46.8926704597 46.0482011702 47.0792085225 78.4735866831 77.7260976046 77.7260976046 74.6028895394 74.6028895394 74.6028895394 101.9706640797 101.9706640797 67.9536526874 82.0118841849 82.0118841849 82.0118841849 59.0685936089 82.4932234809 82.4932234809 82.4932234809 46.8650545357 46.7333061747 46.1392827545 46.3751148535 46.6862741388 47.325468565 46.4031677531 46.0912169976 47.0659124836 46.2150259063 47.3698412331 47.3076654823 47.2315918327 47.0970485884 46.8899430466 46.2984588486 76.0281194828 76.0281194828
0 0 0 0 0 0 0 0 0 46.3910166753 46.7978932351 47.0880784736 46.8039250452 46.1174152833 46.2255638164 46.8411435398 46.3999908034 46.3854930848 46.0214753762 46.0031321789 46.0215699558 46.3043277973 47.1482020464 78.4735866831 46.9297233869 77.7260976046 62.5232907547 74.6028895394 74.6028895394 71.1347065521 101.9706640797 67.9536526874 67.9536526874 82.0118841849 59.0685936089 59.0685936089 73.7044154618 82.4932234809 56.0126333375 46.3002323811 46.820215101 46.0379981626 46.6054671931 46.469221063 46.0321750593 46.9262528323 46.7436133111 46.6827540982 46.9008084831 47.3526169905 47.1466738573 46.6712203971 46.2077071109 46.9575755542 47.3318083611 65.3197150238 76.0281194828
0 0 0 0 0 0 0 0 0 46.3462294607 46.6636557741 47.1964134777 46.3751867212 46.2361857333 47.2173697857 46.3380616405 46.6463258728 46.0676220381 46.5761630405 46.8711901219 46.3500335537 46.0422489375 46.098898772 46.7095893796 46.684108783 47.1129637546 58.7642507844 63.8158750193 63.8158750193 63.8158750193 46.2908629277 46.2297773229 46.4699235981 46.8043024989 73.3799130263 59.5821072831 46.5047638642 46.779272999 46.8014017713 46.1678387749 46.3484457694 46.4602237626 47.1428231369 47.4039012905 47.2098436439 46.9534734669 47.2962029045 46.5467459673 47.3879044517 46.0673170095 46.5813660676 47.1594403753 46.3713001117 47.036256454 46.1154746258 46.8730452457 62.4717909455
0 0 0 0 0 0 0 0 0 46.3933079484 46.5012929506 46.5135112478 46.7863304944 46.535477768 47.1312190029 46.3300759989 46.4279666402 47.3585124104 46.2636397676 46.7211021434 46.9161029275 46.1307267218 46.4555349828 46.1932080518 46.0389247755 46.5427455732 46.3923411549 59.8556855332 78.8274320278 78.8274320278 47.1242000605 47.147151284 46.9357672633 46.9438358162 72.7067722547 47.1721398087 46.2118536244 46.6562014525 46.4006333548 46.8318614771 46.5752241046 94.4507778639 94.4507778639 46.1584291136 47.1853344522 47.2289030789 46.0561888781 46.6409898193 46.1323469311 47.0592126985 46.5104806344 46.2832297736 46.8811641056 47.0012087182 46.0621955339 62.4717909455 62.4717909455
0 0 0 0 0 0 0 0 0 46.4891273033 46.2471578775 46.2550430508 47.3319509547 46.6983834724 46.7562646043 47.0081144674 46.8903093929 46.1601991323 47.1837333155 46.7794293275 47.3031152918 46.7105975178 46.7751021575 46.0613817544 47.3720189783 47.1382160646 46.33218258 59.8556855332 78.8274320278 78.8274320278 65.9695470089 47.2624230218 46.4346678882 46.4426979836 46.8530479847 72.7067722547 66.1939763875 46.6540721713 47.3933398127 47.1306082129 94.4507778639 94.4507778639 94.4507778639 46.5133705706 47.3037095902 46.9786839258 46.5874265777 47.3342068031 46.7960677471 46.9274329352 46.1531286795 46.6593154346 46.6208329016 46.2992381718 47.3046977824 46.9756776908 62.4717909455
0 0 0 0 0 0 0 0 0 46.55649472 47.306589442 46.4583470588 46.7123004612 47.0425692449 46.6743604515 47.058010723 46.1311910943 47.3445115863 46.0907731523 47.278021367 47.2946510861 46.7557189988 46.9110712494 46.8829763451 46.6547127914 47.3942435041 47.1774591314 47.009937009 65.9695470089 73.5828601495 73.5828601495 73.5828601495 47.1187533011 47.1111832085 46.2678672193 47.2303525067 46.5805924442 46.5407928452 46.1850049498 47.3716346943 46.754618042 94.4507778639 46.720295596 46.0146170703 46.3564804308 46.1658888056 47.0566592541 47.3536408523 46.4572960619 46.2548925124 47.285929015 47.0139769341 46.7111666769 47.1775857163 46.2668348425 46.3096912505 47.2310097692
0 0 0 0 0 0 0 0 0 46.5353335481 46.0513225574 47.0532735619 47.3952547944 46.6653866419 46.9993534005 46.633603259 47.3159805816 47.1372571933 46.4241573393 47.0784306901 47.0403267791 46.7271334754 46.905050684 46.4989239238 46.6541790822 46.7420551317 46.4088312833 46.8837511706 60.6669453294 73.5828601495 73.5828601495 46.3901934317 46.7744032492 47.3266974414 46.5782905576 46.321344945 47.1008737706 46.6777278052 46.0207269047 46.0454949533 47.3882620775 46.1483998977 46.9124178269 46.2599110404 46.0269331764 46.5633845327 46.5747547007 46.1163606777 47.4126026423 47.289488478 47.381199315 46.4507289881 47.0901150499 46.4255385799 47.2090589368 47.0844643875 46.2577487108
0 0 0 0 0 0 68.3628347603 0 0 0 46.2742289809 46.8959779029 46.3772304933 46.7766965379 46.8466661698 47.2532010243 46.8362863451 47.1465256401 46.8305464458 46.1002817521 46.7308785803 46.3549898847 47.1696977761 46.9240426239 46.7301075896 47.1386375067 47.3822927498 46.147507861 77.0237444224 77.0237444224 60.6669453294 47.0189237724 46.7602746435 47.4029175944 46.164437411 47.2865462542 46.3678692322 46.2039825857 46.1612214764 46.2074729279 53.9373009063 53.9373009063 46.8472689238 47.1083746113 46.350902129 46.3638359589 46.1078921153 47.0663890969 47.3087919982 46.0779470178 47.1612988495 47.1307842728 46.2273378618 47.3459059087 46.9440169842 46.4901633104 47.3876149046
