Spatial_Output/BAU/BAU_1435.asc
NCOLS 155
NROWS 192
XLLCORNER 196307.867259
YLLCORNER 449144.565805
CELLSIZE 33.573938
NODATA_VALUE NaN
[rows 150 to 174 of 192, columns 56 to 111 of 155]
32.5033004847 33.2024288176 32.5569526638 33.0780191666 32.6157533346 32.6811154956 33.0588085641 32.9584628627 49.0006957425 49.9841198326 43.4630470449 43.2295422162 32.899310825 32.7114632832 32.6194493645 32.723925521 33.0498589613 32.8455177736 33.0052230727 32.7219451574 32.5577294399 33.1178926641 33.0857293833 32.8936284616 32.6484860648 32.9827300464 32.6988523248 33.1785878802 32.7267331321 32.8831579189 32.5419011111 32.9114855106 32.9700893456 33.0414852809 32.7082332226 33.0504767061 74.9180442947 67.9211705489 67.9211705489 33.1719963225 33.0002270476 32.8789366054 32.9488007573 32.6588713788 32.9241527052 33.005778597 32.979804246 32.9919882333 32.5433795226 32.8040468068 32.6611770445 32.8684296538 32.6086598606 33.0031688871 32.7062776151 32.5261495843
0 0 32.6195683699 32.6830211862 33.1408642368 33.0160218613 33.0237537775 32.8719801338 32.7499996302 42.3403328208 45.9302961028 48.7201724924 32.5182560291 32.6513715898 33.0525012158 32.9016548694 32.6042814028 32.8135623432 32.8710378228 32.6073189497 33.0434528702 32.609364218 32.6592312434 32.7425768143 32.9482418628 32.6168279624 32.8516500727 32.8342894904 33.0353059161 33.055238406 32.8589817128 32.8633546085 33.1497384607 32.9243701008 32.5907823803 33.1849104932 67.9211705489 67.9211705489 47.4996611673 47.4996611673 33.1044178442 32.7230265813 32.5014138578 32.5741117713 32.8055186187 32.9616623527 32.8790311468 33.1140427558 33.0539314081 32.977316024 32.7207046396 32.723112521 32.5582150757 32.9740516542 32.5446930337 33.087125981
0 0 0 0 0 32.8417281245 33.0021750979 32.8472962668 32.7253812972 45.9902248778 46.1731473615 50.7191217099 32.7708879401 32.5903951328 33.0167234431 32.6093648836 33.0482795131 32.9955449857 32.8748661497 32.5921180353 33.0731989453 32.6098829532 33.1856692148 32.7222362261 32.7177735994 32.75460111 33.0358993225 32.8968186674 32.7565028631 32.972334245 32.8833679462 32.775324884 32.6771138664 32.6062084777 32.6210245548 33.0919047823 33.0817906431 47.4996611673 47.4996611673 47.4996611673 32.9829433447 32.5786592667 32.5457136096 33.1001098207 32.8803418028 32.7129704442 32.6188180266 32.8455560057 33.1542054177 33.0936575412 32.6358243817 32.9897168385 33.1494494833 32.8733541285 32.6139957872 32.6576449089
0 0 0 0 0 0 0 32.8772825937 32.6522071013 32.80234905 32.6768019697 32.5176962785 32.7813909592 32.8294141722 33.0256804652 32.6742428696 32.8232377397 33.0780748265 32.9067525135 32.5926012722 32.6653541258 32.9636741584 32.8241801988 33.0611058869 32.5382446762 33.0239814895 32.574532225 32.6959732095 32.6090393852 32.9189277248 32.9469000272 33.0144031975 32.599984852 32.8156315315 33.01853154 32.9771003369 32.5159871421 47.6579035752 47.4996611673 32.8056458329 32.7880029157 33.1667902297 32.9448687993 32.718647687 32.7445907776 32.7934127604 32.6141172694 32.7821732439 32.6426343184 33.0221601023 33.0928006948 33.1127616069 32.8031677578 32.5810014617 32.5382687627 33.1769669914
0 0 0 0 0 0 0 0 0 50.9768413748 33.1374870723 32.6779462124 32.6246658092 32.8230021403 32.9814888901 0 0 32.6879354236 33.0909709312 32.6693506543 32.644751001 32.9138955009 32.5633893164 32.6359248535 33.0415895935 32.7097270993 32.8562792791 32.8462900291 32.8230726059 33.1111685623 32.9364232461 33.0918766512 32.5230145444 33.1631794092 32.6377260614 32.837932095 32.6256462943 32.928226219 32.9814016438 33.1621694048 50.9432982624 50.9432982624 32.6348486729 32.8844712618 32.931873854 33.0493886009 32.9279223222 32.802179519 32.8636993467 33.0377373942 32.724357937 33.1349908554 32.6017334769 32.9670573551 32.8041419513 32.7061265473
0 0 0 0 0 0 0 0 0 0 48.0703581419 48.0703581419 48.0703581419 58.0368504431 0 0 0 33.0155828645 32.6451688658 32.5592745799 32.5026024412 33.1246665058 33.1438631168 32.7127706617 32.844124454 32.5540097334 33.1842252237 32.8821821477 33.0295020484 33.0104090915 32.9234503114 33.0003144417 32.9964571493 32.800812552 33.2038853661 32.6980590258 33.0110632513 33.0423592019 32.8569580313 52.0902012091 52.0902012091 52.0902012091 32.5493423136 33.1230431971 33.1450086473 33.095690867 32.813733759 32.7118435315 32.6302591907 33.033842583 32.5178743115 32.8748469491 32.9326705929 33.035215431 32.9061942148 32.5344028984
0 0 0 0 0 0 0 0 0 0 57.8918862568 67.2234379517 66.9878503702 78.4721649649 0 0 0 0 32.5772740059 32.5612757961 33.0038276823 32.7037664898 32.9064940139 33.1925304333 33.009142031 32.7158540313 32.5782888128 32.703270808 32.8395071366 32.6258900314 33.1218986492 32.8102824362 32.5933175166 33.0342909378 32.5679577327 33.0105821171 32.8412775513 32.7426686723 33.021679709 52.0902012091 58.6774780394 58.6774780394 33.0867723923 32.7338777687 32.7557353822 32.9840005826 32.5494731046 33.1355880177 32.6360773824 33.0954230797 33.1347723015 32.5174601465 33.1684829292 32.8878214541 33.0352387094 32.9086296922
0 0 0 0 0 0 0 0 0 0 0 78.4721649649 66.9878503702 66.9878503702 62.196368329 0 0 0 0 32.8388184546 33.1697880129 33.1900293231 33.1145061455 33.1479938511 32.5278776847 32.8034863055 32.5415113186 32.8188547621 33.0166038521 32.5992106221 32.5379357151 32.9931190255 32.5351823748 32.7637474071 33.0339335827 32.5859047712 32.6740574298 32.8607223648 33.0404405026 58.6774780394 58.6774780394 58.6774780394 70.1945674336 32.5306774075 32.8729907118 32.65215716 32.8868671603 33.1227321721 32.7736776958 33.0605701947 32.8770487394 33.0073339989 32.9117203717 33.0340494934 32.7091438858 32.8868175492
0 0 0 0 0 0 0 0 0 0 0 85.8826203273 66.9878503702 67.3254253237 0 0 0 0 0 0 33.093700239 32.8235460812 32.6444625198 33.2063540366 33.0364590571 32.6190242995 32.7363274076 32.5052028886 32.7805183052 32.8740147685 32.7734677579 33.1639699072 32.9445612026 32.9939314268 32.8700382438 32.8634265781 32.8389728318 32.5124584941 33.1860505046 32.5674821267 70.1945674336 60.9931101161 60.9931101161 32.6604802756 32.8406975419 32.9916956874 32.9995630795 32.8449759833 32.9627485349 32.8067079388 33.0074972407 33.1201086267 32.6818772799 33.1476195773 32.7847535355 32.5038965507
0 0 0 0 0 0 0 0 0 0 0 0 0 0 0 0 0 0 0 0 0 32.9197851129 32.9742944069 33.174734282 33.002668803 32.5369339104 33.1402834127 32.6188103779 32.9857065971 32.617275623 32.6675086691 32.6122445162 33.1858730087 32.9021853623 32.7005891287 33.0676817237 32.8568974036 32.9104876968 32.6770739487 33.149827213 60.9931101161 60.9931101161 60.9931101161 66.3717628805 32.5655161573 32.717029424 33.1581628917 33.1052579818 32.5193394284 33.1646971376 33.0311966299 32.9451737605 32.5854956396 32.5878032204 32.5503847732 32.5684577374
0 0 0 0 0 0 0 0 0 0 0 0 0 0 0 0 0 0 0 0 0 0 0 0 0 32.5048859222 33.138313861 32.9988350289 32.5501029524 32.6627713784 33.0948819848 32.7060742637 33.1664006926 32.6644254508 32.6844209169 33.1791536913 32.8159133805 33.1806270912 32.9747259023 32.5920553705 32.6068422123 66.3717628805 60.9931101161 53.6618961995 32.9837706406 32.957434943 32.5700761473 32.8510038329 32.8609073866 32.6685507748 32.5815302029 32.8035491653 32.840181006 33.1448528739 33.0123415482 33.0833743033
0 0 0 0 0 0 0 0 0 0 0 0 0 0 0 0 0 0 0 0 0 0 0 0 0 0 0 0 0 32.8036564739 33.1009037805 33.0903096639 32.9011548506 32.5987223554 32.8714563305 32.622692933 32.6534461156 32.8192466147 32.5439633128 32.500562058 32.5736904551 32.9712864725 32.5755704523 32.6966921762 33.1408731396 32.563149267 32.558903862 32.5629928301 33.0514791693 32.9729756488 32.961509825 32.8969012553 32.6737681133 32.5306522313 32.9822291235 32.6505282742
0 0 0 0 0 0 0 0 0 0 0 0 0 0 0 0 0 0 0 0 0 0 0 0 0 0 0 0 0 0 32.7750016138 33.004198789 33.106726094 33.1373836128 32.9286074655 32.7274009056 32.909365343 33.0427813768 32.7755885361 32.888781218 33.012969793 33.0836781016 76.4911628617 76.4911628617 76.4911628617 33.1994078621 32.5639469307 33.039803045 32.845835095 32.9534729266 32.6320157211 33.0405000755 32.8650590132 32.5216008667 32.9474124944 32.6364092919
0 0 0 0 0 0 0 0 0 0 0 0 0 0 0 0 0 0 0 0 0 0 0 0 0 0 0 0 0 0 0 33.1038626722 32.9039868526 32.7980054214 32.9638571129 32.6730426226 32.7984807794 32.8631633435 32.8403300147 32.8188831465 33.1117490412 33.0007444867 76.4911628617 76.4911628617 71.5065521403 33.0003230539 33.0214154675 32.938088456 32.9163593693 33.1857291729 33.0979752324 32.9212226204 33.009361456 32.6422155815 33.1841552428 33.0238250142
0 0 0 0 0 0 0 0 0 0 0 0 0 0 0 0 0 0 0 0 0 0 0 0 0 0 0 0 0 0 0 0 32.6545503411 33.1747535203 33.1186049646 32.5997563338 32.6268362991 32.7080404654 32.7054317335 32.5663644755 33.180224273 32.6468228896 32.6179584821 71.5065521403 65.1056469318 69.4798709133 32.716928409 32.9860863086 33.0929054144 33.2061444956 33.1931493729 33.0319126865 32.5066340753 33.0880197013 32.8595281595 32.9269190461
0 0 0 0 0 0 0 0 0 0 0 0 0 0 0 0 0 0 0 0 0 0 0 0 0 0 0 0 0 0 0 0 0 0 33.1034959216 33.0929731317 33.0340947573 32.740481887 33.1544078087 33.1992937775 33.1661110314 32.5614956855 33.1499911785 32.5560456103 65.1056469318 32.7204922961 33.0398066302 32.9572880185 33.1679830692 32.7651073227 33.1034549543 32.6932566708 32.9300342383 32.8000235783 33.1389792698 0
0 0 0 0 0 0 0 0 0 0 0 0 0 0 0 0 0 0 0 0 0 0 0 0 0 0 0 0 0 0 0 0 0 0 0 32.9231300791 32.5076337413 33.1161625861 32.9514725862 32.7151310266 32.825875543 32.5316831283 32.5771612411 32.7171257309 32.5919039787 78.190015381 78.190015381 32.7914527405 32.5996813287 32.7226009566 0 0 0 32.783135088 32.7629895189 0
0 0 0 0 0 0 0 0 0 0 0 0 0 0 0 0 0 0 0 0 0 0 0 0 0 0 0 0 0 0 0 0 0 0 0 33.1001856371 33.119145438 33.2043634103 32.8014821533 32.7834191845 32.6590370681 32.956734945 32.9993398484 32.527854828 78.190015381 78.190015381 32.5507655545 32.5741057067 32.7276244733 0 0 0 0 0 0 0
0 0 0 0 0 0 0 0 0 0 0 0 0 0 0 0 0 0 0 0 0 0 0 0 0 0 0 0 0 0 0 0 0 0 0 0 32.7192538403 32.5554756138 32.682617948 32.9998141777 32.5828871022 32.8254326249 32.7029314459 32.6297798139 32.819789475 78.190015381 32.6658753797 32.7300384089 0 0 0 0 0 0 0 0
0 0 0 0 0 0 0 0 0 0 0 0 0 0 0 0 0 0 0 0 0 0 0 0 0 0 0 0 0 0 0 0 0 0 0 0 0 33.1368132586 32.7735175721 33.167574465 33.0774394552 33.1297278289 33.1519070955 32.6682165619 33.0551834024 32.639573826 32.6286458636 46.0053270786 46.0053270786 0 0 0 0 0 0 0
0 0 0 0 0 0 0 0 0 0 0 0 0 0 0 0 0 0 0 0 0 0 0 0 0 0 0 0 0 0 0 0 0 0 0 0 0 0 33.0023908955 32.7640840938 32.9284578626 32.9645253164 33.1971611951 32.6169406589 32.7551924984 32.9444939322 46.4296215218 44.3545546497 44.4851590989 0 0 0 0 0 0 0
0 0 0 0 0 0 0 0 0 0 0 0 0 0 0 0 0 0 0 0 0 0 0 0 0 0 0 0 0 0 0 0 0 0 0 0 0 0 0 32.9681672919 33.1854969514 33.1780656795 32.6559714766 32.9614410552 33.0986694334 32.7183052155 48.3642190669 41.276594061 48.4779346301 56.0798650369 0 0 0 0 0 0
0 0 0 0 0 0 0 0 0 0 0 0 0 0 0 0 0 0 0 0 0 0 0 0 0 0 0 0 0 0 0 0 0 0 0 0 0 0 0 0 32.6233861031 32.5719924476 33.0094109093 32.9683336162 32.9717601742 33.0585975891 47.4002225543 50.1779143721 42.2669759206 23.9975626108 24.2207895594 0 0 0 0 0
0 0 0 0 0 0 0 0 0 0 0 0 0 0 0 0 0 0 0 0 0 0 0 0 0 0 0 0 0 0 0 0 0 0 0 0 0 0 0 0 33.0081400269 32.7589864519 33.1586129022 32.5057570534 32.7180511258 0 0 23.9975626108 23.9975626108 23.9975626108 68.8872802598 72.9023560486 0 0 0 0
0 0 0 0 0 0 0 0 0 0 0 0 0 0 0 0 0 0 0 0 0 0 0 0 0 0 0 0 0 0 0 0 0 0 0 0 0 0 0 0 0 32.9801356175 0 0 0 0 0 43.2470021843 68.8872802598 23.7698427982 68.8872802598 42.5581251071 0 0 0 0
