Spatial_Output/BAU/BAU_0600.asc
NCOLS 155
NROWS 192
XLLCORNER 196769.923733
YLLCORNER 449719.875193
CELLSIZE 27.603701
NODATA_VALUE NaN
[rows 23 to 45 of 192, columns 0 to 52 of 155]
0 28.4728285006 28.2680869042 28.3511620968 27.1506504681 27.3997748498 27.13845838 28.2919045399 27.852182199 28.2551551806 28.4251488057 27.2773728733 28.0093672091 27.405693853 76.1403321998 76.1403321998 48.2328621524 45.9828801865 45.9828801865 27.1383241158 27.1024312249 28.3938139668 27.2887437125 26.6347742555 26.7312029248 27.0902764101 26.9505149529 48.2655001261 26.5092187088 27.6132951894 27.3627349722 26.7006684446 27.0707249 28.5990642479 27.6874124641 27.3715554653 26.6969777472 28.5140981044 28.1177039374 26.7776079037 27.081361527 27.5354545757 27.00050904 28.5119111125 26.5876599209 27.2045805398 28.4063519837 28.5318310183 27.755655282 28.4595265335 27.2409353472 28.4820576291 27.810351372
28.1248975705 26.712488814 28.0605120705 27.1021345394 26.500251906 27.5144994426 26.6656153566 26.9213021616 27.8980722632 27.1121187123 27.4734854973 26.9181174546 28.1679013893 27.3884294589 27.3322993302 28.0266170478 45.9828801865 45.9828801865 54.3290906129 28.4865908075 26.7591205752 28.4581129475 27.9042420648 26.9072906345 27.9404520616 26.8702095302 48.2655001261 48.2655001261 48.2655001261 26.9963161511 28.1425760694 27.4150417249 28.1224426306 27.5541549893 27.8736475547 27.8438182566 27.7561614559 27.3881266657 28.1852988401 27.5485629699 27.9089917484 28.1547786715 27.1448628737 26.5963258388 28.1586560219 27.9146446825 27.1344708593 28.3345510362 26.8362889258 27.630160751 26.6015922903 28.0710852201 26.9400850015
27.8102359831 28.3238739454 26.556138051 26.9890997711 28.2404033347 26.8652816691 28.2122240531 26.747560944 26.898745429 28.4290977714 26.7438437727 27.288863821 27.1564372072 26.7549875497 27.6531281636 27.4011008332 48.2328621524 45.9828801865 26.6389664553 27.6977293481 28.3057494733 28.1490528803 26.6039196065 26.6809353794 28.2839261388 27.6298437144 48.2655001261 45.6651091331 45.6651091331 45.6651091331 28.4092689845 27.621339897 28.3038563551 27.6512410114 26.8444278229 26.8153739455 28.0791904714 28.6101765525 28.2185496613 28.0523761335 26.6088061126 28.129167871 26.7067729437 27.8845665416 27.2588661357 27.5510610456 28.518282611 27.3448641178 28.6115813025 26.7867869359 27.3971477138 26.7606660959 27.8862328862
28.355368932 27.6335948169 28.2153169321 27.9291993687 28.2653901927 27.6281379431 27.7514560513 28.2104122688 27.3909289299 27.1135319396 28.231529836 27.887179093 28.1694383616 27.1440650614 26.7833892019 28.5577286017 28.4627827216 27.5257911623 51.3227462394 51.3227462394 27.9137907129 28.0478051184 28.0439768803 28.1220452502 26.6425074718 27.394413746 28.0121113981 45.6651091331 45.6651091331 39.3892854585 69.0997953534 27.036827735 27.4851950886 27.8482582813 26.9917062656 28.5963685602 27.4876341304 26.9833971371 28.3678307394 26.8433619198 27.2446448335 26.9103315839 27.8002288787 26.8659438608 27.6575362373 27.78085621 27.0099035803 27.0208410539 28.3955192427 26.9004009893 28.5587690007 26.5319747666 28.0144237439
28.3286908174 27.47694232 26.5973036523 27.190395068 28.1300566752 28.352550819 27.699339714 27.3736567148 26.6943158292 28.1876147927 27.2002545445 28.2866386306 28.5769066253 28.3831980786 28.3438727108 26.8538219272 27.2852052655 26.9467035421 28.2125653458 54.9490726589 28.3573296077 26.9214003679 26.9474496566 27.0644734835 28.2932395643 28.0006660036 27.0348814878 28.0872991582 27.0544140152 26.6184912318 58.6837374638 26.7670124374 28.4769467588 28.3116230593 26.5660249829 28.1082893536 28.2484617124 26.6621943609 27.3555118845 28.2531450954 28.0281096937 26.5687266645 27.5682431846 27.3160033321 27.6308287321 28.5852558518 26.8070999073 28.0091456667 27.8317428679 28.1271057009 27.2042735503 28.4351472726 26.8334125825
27.2783024086 28.540780564 27.4903042756 28.4359546734 26.8897562436 27.5875050041 28.5110817027 27.4378019175 26.7417526701 27.4169264895 28.3494668817 26.7391781294 27.8321391215 27.9598343045 27.2199191126 28.4607090805 28.5459372886 28.4468580512 54.9490726589 54.9490726589 54.9490726589 26.9806846237 27.6410337801 28.5763076432 27.1322422221 27.2764701759 26.8859115174 26.8101229478 58.6837374638 27.616273082 68.0252687178 68.0252687178 68.0252687178 27.9098216076 28.1418231328 27.5140411099 26.9476888286 27.1737306776 26.9760983805 28.2154245885 26.523281859 27.11743444 27.2086558351 26.9519483875 26.7500858091 28.3966760283 26.6716579196 28.3350320138 27.5295402963 27.3233997167 27.9126685493 28.583266103 26.8204843406
27.7436371328 26.8151339182 26.8395554307 26.8086105629 28.1174598802 27.8168844798 28.3078204962 28.1437105526 27.2189513464 26.7277939677 27.7463136744 26.6224022432 28.483997662 26.9532933636 26.6150290077 26.9480892397 27.480620994 27.9361652672 54.9490726589 27.9841583778 26.6333057563 28.2621297878 27.9977753252 27.6527900124 27.8379484848 27.1374518889 26.8050248379 28.1575010011 27.4549393672 68.3289495575 49.1036027916 49.1036027916 49.1036027916 27.4774826741 27.5773819923 27.7177726522 27.5700432969 27.9596378331 27.1371138044 26.6150818296 27.4672395497 27.8539675789 26.9450519276 27.8268548528 27.4381387549 28.2251293504 27.7135487705 28.3454597046 28.1524670371 27.9907091714 27.3667771557 28.5899658831 27.3762065975
27.1163570675 27.4627128469 28.3637605718 27.9660512081 28.3252787128 27.2764467012 28.441761228 27.3350646008 27.376524517 27.2784329672 27.4358017571 27.3795769828 28.3773809537 28.0594946565 27.2756648531 26.8949160705 26.7413854602 26.5322717178 27.6005155386 48.4560001718 27.3285805004 26.7228143714 28.4358766564 27.009946337 28.330497308 27.4941830234 27.7875845097 26.9714637986 27.9360505443 26.5209236409 49.1036027916 49.1036027916 49.4126113641 28.2178242949 27.3862397104 27.4546140561 27.4441685367 28.1653930277 27.1046746376 26.999415592 27.9457274632 27.5708933511 28.0625228867 27.1097952841 26.5234089666 26.9736731585 28.2252672461 26.9894020314 27.7652012939 28.2182321281 27.5788769713 27.7955952793 26.9643353414
28.3891959617 27.9700323066 26.6927188076 27.360146004 28.3898779525 27.9985522376 27.8404021198 27.1561008438 26.7852339656 28.1682677679 27.7598444853 28.012753145 26.7588046749 28.4775094222 27.3311206692 27.0608319012 26.9054930572 26.6814040878 27.8949703055 48.4560001718 48.4560001718 48.4560001718 26.7423123371 27.9256948955 27.529183573 27.3559640136 27.8915112952 28.4078788899 27.8122740897 28.2158234677 46.4188068639 72.6359673034 28.3595660889 28.4543882162 26.9041301876 27.0552942383 27.3085647637 27.5190743157 26.9342547143 28.2017238262 26.7782667212 27.1938168015 27.759067565 27.9984985762 27.3013607272 26.9085615722 28.497553458 28.4740092307 27.588291994 28.3445681479 28.3701248173 27.3576427573 27.7109988319
26.721574749 27.4787012712 27.218215644 26.9461889395 27.6024659724 27.3015258972 28.2643086725 27.837204257 28.4104481901 27.8100178272 27.0402425487 28.0535989512 28.069785105 26.5470767449 28.3021757773 28.4822988434 27.3642679862 27.6417315535 27.2607274029 48.4560001718 26.6116330429 27.109425687 26.5786681069 27.5983255925 27.6801148675 28.4438869044 27.5123446346 26.8933021074 27.2257554435 46.4188068639 46.4188068639 46.4188068639 54.1493258305 26.6514756577 26.7856072611 26.8305302459 27.4794914955 28.1655082331 27.2205261133 26.8551595183 28.0498277121 28.2562934197 27.5487878672 26.9510072623 26.8787138982 26.9888311994 27.0744878709 26.62102397 27.9824148649 26.7684234663 26.9955665784 26.6452796977 27.9162540669
26.7821653654 27.2587704406 28.3020573593 27.7298184854 27.3042996641 28.1387099556 28.1809444446 27.9095907979 26.9950890298 27.9876684858 27.7820122432 27.6631967231 27.319033998 28.567246321 27.3906173135 26.5928790006 28.33751842 26.5139271563 28.199385631 26.602450418 61.073088207 61.073088207 27.9693587769 27.7266101778 26.7309606482 26.6430523524 26.5445491384 49.838674157 27.2454637248 55.4020930434 55.4020930434 55.4020930434 27.3641589183 27.6466413693 27.2936239139 26.6068452632 28.3868239045 26.7401530988 28.5824279603 26.6078521226 27.1680496428 26.7678026386 27.5727397401 26.6455043863 28.6004591709 27.8280007894 27.8449984349 27.324365099 27.3761874426 26.8205929559 26.5813092968 28.2479956118 27.740124933
27.4285038457 26.7682245383 27.6242070957 27.4796534339 27.0283113328 28.4445049241 27.7516325525 28.2971630878 27.8366560525 27.31623271 27.0991703131 28.2544024311 26.8066959447 28.4920629495 28.2092188636 27.2120943477 27.0312281295 27.2191812089 26.6123767306 61.073088207 61.073088207 61.073088207 27.5732378971 27.8322345449 28.3809290322 26.7268463097 26.6247999172 28.6062155045 28.0840903013 55.4020930434 55.4020930434 49.3537591383 27.7056582485 28.5328491616 27.2834666618 27.0214150164 26.9688420711 27.6680115917 27.1000293998 27.7650357477 28.6155523174 27.5958246647 27.9203993584 27.5405734525 27.4596364211 28.5652013976 26.5289358153 27.0903035034 28.3536542521 28.5636861854 26.5121354455 28.0005231065 26.6359376353
26.5422558468 28.176565393 28.1737330549 28.0706784631 27.8894983307 27.3830157015 27.3857731782 27.7677725806 27.1862590848 27.3937095662 26.8273970287 28.0030929173 27.5455877211 27.7676092847 27.026032535 28.2376698207 28.6202312454 26.6809779127 28.330383693 28.1787633409 40.4486736245 40.4486736245 40.4486736245 27.4295234173 28.3004691143 27.5844177198 28.2400809796 27.9466820991 28.2425494816 28.0029712957 49.3537591383 27.653780432 28.1606156178 28.0707744501 28.3321119401 28.0003760098 26.6217107202 26.9448817559 27.9555710866 27.5051511723 27.3636887881 27.2038328736 27.5841350834 28.5990682347 28.2179847926 27.3579835671 26.9706737502 26.6763855671 27.1646312281 27.266351341 27.9929165107 28.511504032 28.0977532827
27.6019502424 28.3039413723 27.8184972864 26.7266625506 26.7806019939 28.0129034582 27.7909438234 27.7078066203 28.1871748674 28.1447914808 28.4134374126 28.2548751623 27.826701201 26.9154830125 28.2375459134 28.0110577082 28.6140916102 26.6885849042 26.6044155298 27.1302083615 40.4486736245 40.4486736245 27.9905389056 27.7259517751 26.6891455361 27.4538338124 26.8092877053 43.7111681631 26.5338452943 43.0534071692 47.0535374258 43.0534071692 43.0534071692 27.7855597609 28.0462065229 28.1246638459 27.4332178423 28.5177856796 28.4921895192 26.6904852565 27.2172423765 26.861406669 26.6768344441 27.865363886 27.3873776679 27.0645560875 28.2595831032 27.7675315267 27.8265385655 27.390842248 26.6632822443 27.9957282115 27.5321664462
27.1358912929 27.1497151119 28.0932716119 26.5045496277 28.6078770485 26.8699607662 27.957576943 26.9398609857 26.8872367969 27.964755281 28.3137606722 26.7912144248 28.006389196 28.0677814443 26.9702070408 28.44538913 27.5526221297 27.882057872 28.4105322794 28.379575626 56.3655607631 56.3655607631 56.3655607631 48.6914945272 28.1676831555 26.9283208219 28.4812989833 27.563495193 43.7252601695 52.4218327521 52.4218327521 52.4218327521 27.5262258964 27.923399917 26.8253264351 28.4408983158 27.324803422 28.5099121687 28.2106031566 28.0124944736 27.7699231518 26.8631373564 27.5325767136 27.4294593261 28.5837592343 28.1574688691 27.2798143944 26.6820399516 27.4115233367 28.0338531234 27.303038012 28.5331955978 27.372877469
27.0682322003 27.6797456783 28.5189836183 27.0580958416 28.547182217 27.7715519019 27.7548190959 27.1180770699 26.6309047181 28.5009471274 27.7455176166 26.5760923216 28.0572937031 27.4370750795 28.4034775066 26.6929191487 28.5846444435 26.537464571 27.741233334 26.8301847723 28.037555189 28.0355091438 27.9289639783 27.0425776698 48.6914945272 54.193108209 54.193108209 27.1174659894 27.2202680446 47.0535374258 52.4218327521 52.4218327521 27.3063590131 27.0725246103 28.3019726756 28.4816728653 27.3342023667 27.486452842 27.5822217014 27.4097485902 28.0814945561 27.0862732243 27.050352401 26.899168919 26.9096237146 26.591651626 26.7178941574 28.4350522232 26.6853432725 28.0906840781 28.2525574577 28.5559453501 28.2210352753
27.7427402138 27.4305987071 27.4209505957 27.2838047947 27.5944639934 26.9567374704 27.1353678609 26.9711499984 27.0763862791 27.0451944321 27.3199462293 28.5518020916 28.0704424254 27.0209478227 28.5152739378 28.4294279149 28.0168550628 27.9109574921 26.9400430545 26.7477544034 27.8889215755 28.1085758492 26.6207981677 48.6914945272 48.6914945272 54.193108209 54.193108209 26.7134382287 28.1533586397 61.1813103847 61.1813103847 64.5907119393 27.8400069704 26.7273768477 26.6627271627 27.8147808904 28.344981913 27.1877788942 27.6454515521 26.7034851061 28.2558374785 28.0243673374 26.9947970503 27.9483168687 26.8648932836 27.7620961889 27.0088255656 28.3199376105 28.1763573631 28.1559677152 28.3486805268 27.2804180362 27.141580142
26.9030912551 28.5981589473 26.5438172625 28.3962371583 28.2229772934 26.6555114839 28.3856243477 27.7304741171 27.6229035612 28.3997204351 27.3603370944 26.9477201952 26.5357089205 28.1070257812 27.3699163697 28.2458728194 27.9401288093 27.0437191856 26.9121445354 27.0291487771 27.7442379647 28.5575109495 26.9194904566 27.9297836479 27.6053627409 27.3792236642 27.4695402129 26.6036978304 83.1072853173 61.1813103847 61.1813103847 61.1813103847 26.635821955 26.9811014157 27.8130175568 26.8463141755 27.0725523669 28.1687668652 26.9307319756 28.5944995064 28.2893779207 26.9237704876 27.7749491678 28.0543973915 28.2338919699 27.4777445596 28.5823182103 27.5558502696 27.846443712 27.0480238001 27.6805967727 27.7856205549 28.4094041839
28.5833654499 27.2004045174 26.872401824 27.5944841282 27.5924596721 28.4061303491 27.5399115878 26.7117669132 27.6033543428 28.2644754833 27.7130490204 27.0546090338 26.7514717954 27.884978614 28.2162091835 61.1851444875 28.2283907733 27.1041880505 26.9760265761 28.57883959 28.2522426223 28.0863269019 26.5973719034 28.0411183969 27.5997005896 28.1258330888 27.0916911107 27.6100947337 27.6628594416 65.8360828808 65.8360828808 62.8199424994 26.9307029059 27.5395315603 26.6765761211 27.3123848 28.3170582344 28.366260275 27.7459681294 28.171993591 28.2802866654 27.700660094 27.0974690127 27.8986103524 27.2157697057 27.4044543139 27.59974964 26.6143760132 26.6526563075 28.0093005499 27.0141772334 26.7964352301 26.8521627543
28.4777342695 28.5032261299 28.6198287483 26.5977279421 28.4154162601 28.1366140842 26.8179319011 28.4670793504 27.6712070557 27.6816365183 28.5885037607 27.5443709836 28.0016630922 28.3452071522 61.1851444875 26.8370812545 27.8593945614 49.3085282924 49.3085282924 50.9036465866 56.5378298129 62.9527454975 67.9134564765 68.1349081612 68.1349081612 43.3795661716 28.3758891162 28.5064660484 65.8360828808 58.2599519225 58.2599519225 56.9700654252 27.4188788184 27.2105307389 26.841407574 26.5015681703 27.9586026304 27.5197572239 27.5359246311 27.8172520922 27.8328511893 37.3885781952 59.6444938978 65.5127063774 56.3517869057 27.4178713706 28.6068623958 28.0942398127 28.0077088624 26.9025368978 28.2961193503 27.8571649855 28.5558542203
26.7301272904 27.0400793384 28.3839616882 28.6172880513 28.5109295196 27.4350694111 27.3265530589 27.2614967737 27.9457582601 27.9785665558 28.4997469596 28.5345551289 53.5913743518 27.6584991318 26.645942988 27.2725342482 61.1851444875 49.3085282924 49.3085282924 56.5378298129 56.5378298129 62.9527454975 58.5055666446 58.5055666446 43.3795661716 43.3795661716 43.3795661716 41.0118638947 54.920290518 58.2599519225 58.2599519225 62.2065576653 62.2065576653 62.2065576653 62.2065576653 68.8267017647 27.635613169 53.5511344356 53.5511344356 78.8726681044 37.3885781952 37.3885781952 37.3885781952 27.2725645369 60.634167383 60.634167383 57.153457096 62.9587921719 28.4407984862 63.8585422939 27.7929236664 27.7370667635 27.6077310487
28.1053200995 26.5221145736 27.2513759706 27.0977942884 27.3609447443 28.5207723186 27.9987368958 27.3814243793 27.8546106874 27.5806217981 28.5422675682 26.7710984356 27.2924474106 27.4414434703 26.7250194305 28.2603504733 26.9917639601 49.3085282924 40.7807246679 56.5378298129 56.5378298129 43.2111090237 43.2111090237 43.2111090237 68.1349081612 43.3795661716 28.1568021636 56.8526732831 28.2228249379 57.8173755063 57.8173755063 57.8173755063 62.2065576653 62.2065576653 68.8267017647 68.8267017647 68.8267017647 53.5511344356 28.0259635874 27.9928390813 37.3885781952 37.3885781952 69.2758095722 56.3517869057 60.634167383 60.634167383 57.153457096 66.4505375301 66.4505375301 66.4505375301 28.1592917871 27.2000673298 27.5958227985
28.3852807789 27.8046826235 28.5049996557 27.3143443348 26.8681130249 26.7862187124 28.4578509308 27.9373466833 26.9158904033 26.6449103675 28.3690217872 26.9954381466 26.7817347575 27.7290874874 26.7106683887 27.7685995247 28.3511098237 28.4766585159 27.9211643449 27.200128556 27.717949565 43.2111090237 43.2111090237 43.2111090237 28.1940283362 28.3797012451 26.9328982209 26.9302577626 26.646561695 56.8526732831 28.0473644924 72.7584548118 60.7605117343 49.4426604899 53.4137262776 68.8267017647 26.6153043408 28.1363411365 28.5468691308 28.4939722679 26.6157056646 27.8567543945 27.4139813569 26.6510947389 60.634167383 68.4684816344 57.153457096 27.280857172 66.4505375301 63.8585422939 27.5604692912 28.6025269974 27.9327813318
