Spatial_Output/BAU/BAU_0547.asc
NCOLS 155
NROWS 192
XLLCORNER 196307.867259
YLLCORNER 449144.565805
CELLSIZE 33.573938
NODATA_VALUE NaN
[rows 100 to 124 of 192, columns 57 to 113 of 155]
27.9886786823 27.1933196392 27.9379899647 28.4735487972 26.6419636786 26.5877527675 28.2179028162 28.2558619384 28.3879179241 27.8977929437 27.2417023403 27.1208265189 27.0058168026 27.4688780036 28.0194256195 28.0873681646 27.5923547561 26.9811095918 27.1941080961 26.9112603957 28.209580549 26.5788255441 26.6164539573 27.1443901946 26.8482231686 28.2102498783 27.2572167711 27.3805799796 28.5842948891 28.0686064065 27.3812603696 56.7631599156 56.7631599156 56.7631599156 28.257993356 28.0408360485 27.4606830587 27.9720214895 27.2814579862 27.7715207591 28.3718227815 27.4128902857 27.0660692009 26.9929088596 27.3831871804 27.3960855442 26.73102437 27.4356914927 28.0509309333 26.5612587778 28.0334313664 65.2617841856 65.3474759073 27.9725188119 28.0347294047 27.3949481922 28.2508019277
27.1863214008 26.6582425726 26.6659259581 27.9146674646 26.7747787823 27.7982016822 27.9473613187 27.246864574 28.2467145438 27.0550578665 26.8490459611 27.0810894898 28.2467323822 26.8040077677 28.1955938075 26.8125754076 27.9098868147 26.8236693 27.1287794726 43.8603673382 43.8603673382 43.8603673382 27.499813725 26.5553154315 28.5496669537 27.1778191446 28.2016424771 28.2649360409 26.8092784706 28.2251911546 28.1493126402 44.2493312345 56.7631599156 44.2493312345 28.2875289418 26.7147788672 26.7247559802 27.3541897926 26.7579834741 28.1366730178 27.2675021904 28.466480747 27.1626392342 28.2873546777 26.9282505133 26.8307385344 81.5865331654 27.0666855893 26.9081663195 46.5632829296 27.6801042697 65.2617841856 65.2617841856 65.3474759073 28.492093191 26.7558600303 26.9579099471
27.5002971868 27.0480125003 27.7649014276 28.0351729454 27.9225925048 26.6226707824 28.306964835 27.7919107163 28.293636585 28.0754785075 26.8855194789 27.2209893942 27.4754976103 26.6848733776 26.9565074432 28.0288089461 27.8819716894 26.6305990197 27.3321322342 55.2343626227 43.8603673382 43.8603673382 27.1845173371 28.134948537 27.9237015947 26.7843429472 26.8015868089 27.25624566 28.0859280357 28.1419174337 28.5409223813 62.3703920948 78.0112385742 78.0112385742 27.0160971682 27.6810160402 26.7614560048 28.282203313 28.3597753127 27.0101240949 27.1776698632 26.9174211669 28.5223253458 27.6598587215 28.3534858312 27.9128885079 27.9666157501 27.1565637867 28.4958780818 27.5212072342 27.3350216235 65.2617841856 65.2617841856 65.3474759073 26.50180231 28.5033892626 28.6117029076
27.9150425424 27.9825897264 27.9402452887 26.6520100553 27.9841732864 27.1317418771 26.6329754004 28.3330582199 45.0707430386 45.0707430386 27.6341277983 28.2050581063 26.6483829809 27.3929783322 27.7523893862 28.1291097852 28.0256546246 26.8412247616 27.359875982 27.1360061233 55.5541161948 27.649445293 26.737391736 26.882234827 27.3585779192 51.9830047306 26.9994255288 26.7101236672 27.6011653948 27.7947576991 44.2712369461 45.35089744 58.3919064004 74.2948445793 60.0859823112 60.0859823112 27.5005689936 28.5068592621 27.582438206 27.618065514 26.6714934126 28.5989104082 28.3313727967 27.7445674432 27.3787537782 54.2778253418 54.2778253418 28.6149366289 28.2081875784 27.4079413428 46.5632829296 27.8628061659 28.2894505844 28.0219648975 28.5520378374 27.7460379665 26.6548142561
28.592865045 27.5874719155 27.7099274339 27.9448010423 26.6499468868 27.6173772531 27.5029300059 28.6201902946 45.0707430386 28.1495536332 28.3630008748 28.4335322622 26.5090125947 27.249491161 27.8869304847 27.5551467886 27.692667656 26.6879539131 58.4799633009 55.5541161948 43.9965872198 53.8785252081 66.2503712414 60.2148253559 51.9830047306 27.3259129853 28.3165029255 26.9455369796 63.3158629473 63.3158629473 45.35089744 45.35089744 58.3919064004 58.3919064004 60.0859823112 60.0859823112 26.9397764477 26.8657957881 27.3602086667 26.9289682458 26.9455227052 28.2968852986 28.257635114 27.3768024372 28.5344021949 28.2266934298 28.4141872574 27.4312399357 27.650513583 27.4789279834 27.4068487621 27.3203257966 27.9486917249 28.2843963184 26.7723303373 27.148758835 28.5753052193
27.3496715541 27.9769970784 28.544139808 27.0731082984 27.2167945732 27.0656038568 27.0835252367 26.8295418217 27.8808955854 28.3833182421 27.1613463354 27.736438633 27.1499359569 27.9850617124 28.6029533284 28.5001525065 27.4021912785 27.5696557946 85.6684785412 43.9965872198 43.9965872198 43.9965872198 53.8785252081 66.2503712414 28.5232587611 27.3179330567 26.9310843929 28.3291811298 63.3158629473 63.3158629473 44.2712369461 45.35089744 58.3919064004 58.3919064004 27.3995258471 60.0859823112 27.0923601008 27.0988567131 27.3182301258 27.9095035029 27.1390280042 26.5512289135 27.5290212554 26.7012887491 28.3371574074 27.0111451671 28.0539424825 27.9471460615 27.7473326351 28.187210377 26.6664509583 27.2356962822 28.0812390624 26.9267812843 27.8603560137 28.3532968952 27.17510143
28.6095925899 27.6940974179 26.6190048532 26.6904881319 27.8542234787 27.3384129994 27.2079335102 26.8193125938 26.9477295322 28.5549086442 28.09857679 27.2189222264 27.6524100154 27.5018229107 28.4260615169 28.2992056626 27.2133311011 28.0789412036 58.4799633009 27.3255901702 43.9965872198 53.8785252081 66.2503712414 27.7040454635 27.5382646334 53.0856851187 53.0856851187 26.9159306494 27.6851591394 26.9145598984 27.2605027185 27.3799605555 27.8356112738 27.2489407252 26.8871375691 26.9548175734 28.0608788268 28.1018049658 26.7779703776 27.1982988529 28.4398491812 28.1276082155 27.0184545594 27.1767206582 27.7332235269 28.3133243748 26.7161001036 27.3138780867 27.4452823311 28.095838254 27.432584856 27.6142180892 27.4140884571 26.8966797278 28.5699545167 27.9071036441 28.1490058313
27.6641958586 26.864481051 27.02842013 27.1823334497 26.5558551187 26.6269230116 28.5560316342 27.7347252321 27.1577256295 27.0782692593 27.7541195661 26.6303868302 27.3802304136 27.6566996545 28.317769652 27.4823099143 28.4827858567 28.5218698316 27.3638916143 26.8562196152 27.2578169234 27.2425790693 28.2074435825 27.6055353283 53.0856851187 53.0856851187 53.0856851187 27.8533312392 28.1058140019 26.684251424 27.1498294281 26.7490540855 26.5808050543 26.8251447694 27.0328082283 28.609075573 27.4087074525 27.7643807889 27.6779683402 26.6657704384 27.0434002913 27.3987502254 27.0695892519 27.8527317533 26.7167037412 27.0217646414 27.4040818254 27.4093020508 27.9624151199 28.381681069 27.6797723351 26.9037032478 27.7210009388 27.1131192455 28.02146254 28.2467896386 28.0090776081
27.0653957025 28.3843559917 28.1387390613 27.5791907122 27.8403579746 26.8237078341 27.3298453724 28.289468858 26.8735246895 27.0769775193 27.1022563846 28.1253867447 27.0453453927 26.5509551393 28.3362597191 26.7604399702 28.2826449622 27.1290652264 27.1422459636 27.9850747061 27.7975703862 26.5038841548 27.7923698903 28.2095681967 26.7361665131 27.9220172551 28.2940656384 27.4180648337 27.1914993953 27.8066807533 27.5195531957 28.4221637118 26.5974520425 26.7637484696 26.6767680438 27.7313205655 27.746013036 28.4874132265 26.939005199 28.1468202396 28.3047616033 28.2308152752 52.2846512871 27.3500651703 27.8451131341 28.0010484903 49.6882313264 28.0251434725 27.1125446972 28.112710933 27.747984667 68.0967581126 90.6667198353 45.9371995748 70.2745038665 26.8774797454 27.2761555511
26.5070312894 27.0300924023 27.2787591944 26.871679731 27.5723775447 26.6205802492 26.9148165039 28.5320415565 27.2504376335 27.4177187246 26.6601675129 27.8654571964 27.9741230596 28.2549653297 27.3168378292 27.0434300713 28.5435985379 28.219623532 27.2850471139 28.3275321768 27.8615269561 27.9515728562 28.0614160461 27.2592671077 27.6069483806 28.3196668989 26.6755290448 26.9324226045 28.0754804386 26.5597918244 28.057994889 27.0615249889 28.1165907414 27.3366719993 60.5522411176 28.4737555688 66.8275213702 27.8600483052 28.4767777981 28.4888821152 26.9981599727 28.2189149087 53.1290055065 53.1290055065 39.1408114331 39.1408114331 49.6882313264 49.6882313264 26.9848128702 27.6648079083 26.6433299018 90.6667198353 90.6667198353 90.6667198353 45.9371995748 70.2745038665 28.491441201
28.3953977963 27.6668199755 28.4235570386 27.9125532183 27.1458470788 28.1991318891 26.9660368264 26.8905902787 26.8884397005 27.8104070697 51.5560571992 44.5735065491 27.8328462371 27.5379671834 27.2453225652 27.4447029007 26.6916307042 28.205073963 27.597211403 26.8458947048 27.3925480329 27.6455857532 27.2441749895 27.74227325 27.5772880747 27.1795844851 28.6016148359 28.1860713464 26.8369130542 27.687130702 28.5996565942 26.9603290568 27.5028401316 60.5522411176 60.5522411176 60.5522411176 66.8275213702 66.8275213702 66.8275213702 55.6259380298 28.1883667573 28.303212402 53.1290055065 53.1290055065 39.1408114331 39.1408114331 49.6882313264 49.6882313264 28.0728228863 28.0336405065 27.6068373571 28.5759879279 90.6667198353 45.9371995748 70.2745038665 49.6133356034 26.5650960094
28.307909543 27.5382570699 27.6412867816 28.4520442876 28.37524039 28.3785990584 27.9461274809 28.6205205204 63.424821593 27.9941678878 27.0346205915 51.5560571992 27.6561069715 27.1631024398 27.9352522444 27.4866955911 26.972952934 27.9660894407 28.105530725 28.1617719189 28.4219857947 27.7346942887 27.4122308785 28.5241141878 27.0193438431 27.2496039113 27.8945964785 28.222301857 27.5843607671 26.5038546262 28.5263202328 27.8524126318 28.3450353719 28.1532065024 60.5522411176 28.2442869847 66.8275213702 66.8275213702 27.8933925917 26.9726366884 27.7266449524 26.5340448696 27.552614485 53.1290055065 28.124301046 39.1408114331 50.5331746402 27.316275078 27.1640669312 26.9575467663 27.5778477286 28.0117444912 26.7738489789 26.5953937964 28.2329562501 26.9839452588 26.6856342475
28.3251553523 26.9410335552 28.5082215594 27.6655304784 28.2322166352 28.0364194658 27.3196413862 26.9500546011 63.424821593 63.424821593 51.5560571992 44.5735065491 44.5735065491 27.0682620421 26.8712670211 28.310965332 28.5062084946 26.9797523742 27.8610152921 27.1113754795 27.7658295404 26.9493884399 26.8367691777 28.506711966 27.7523865354 26.5368237663 28.0391434412 26.5951376808 39.5146754131 28.2682030929 28.5966927455 26.670465546 49.8679113789 49.8679113789 49.8679113789 28.4761544026 27.5112240209 27.3310570581 28.4344439212 27.104884866 26.6295496623 26.5054732301 28.1149574471 27.0009871815 28.1364384389 27.9168490137 27.0305221704 27.6901125592 60.9409406714 27.841036949 26.6966086134 26.6863244349 28.062861874 27.9531910828 27.0057111118 27.0521473982 27.0380364336
26.9850642851 26.7611314851 26.769531658 27.743180505 27.3215731675 28.2877327402 50.6783043064 50.6783043064 27.5873870669 26.7297215684 26.9179938268 27.7066972405 26.9956995626 26.5611933223 27.3195157125 28.5672785725 27.8750026679 27.8430197681 28.4024049889 26.6955002775 28.3845406703 28.6127113971 27.3334644712 27.8180424172 27.2133016688 27.900611547 27.2174813812 27.8082949114 27.7307663228 26.9280775155 28.2228404936 26.8538204653 28.4283498097 27.3024146773 49.8679113789 28.4367613809 27.8110555277 27.9012618917 26.8491555636 26.7003546746 26.7812719336 28.3403071561 28.1669477589 26.6617259284 28.3354140032 27.0945119326 28.3452100344 28.1709407567 27.361970159 26.6352641992 26.5296439901 27.2807596779 27.450614965 28.2410842716 26.9472014083 27.0158637176 26.9790941188
27.9774073907 26.6105793073 28.2581168241 26.9523664806 27.8618351861 56.0009781859 50.6783043064 50.6783043064 50.6783043064 26.7751031207 28.3957257335 27.2210947074 26.9773902198 27.4398155987 27.8517157471 27.7546296545 27.3246553919 26.9956815941 27.7636325127 27.0837488482 28.5706432494 27.5481786889 28.0487030401 28.4735066168 28.2832051916 27.7568724749 27.4088082751 49.9518631062 27.5073507209 28.5859371983 27.4863941076 26.8492952673 28.5030841937 28.4627658068 28.4232956844 27.0872801575 27.4472452464 27.1544133455 27.3954466113 26.8141995105 27.2522262919 28.222568602 28.2130788346 27.2314043696 28.086634904 26.9484876149 26.8853271885 61.0922356434 61.0922356434 61.0922356434 26.6667633157 26.943497903 28.2790413732 27.5283227741 27.6937799763 26.5951679598 27.2323055724
28.4046038641 28.5970381807 28.5807800614 28.2533365475 27.9626433706 49.8815512634 43.8472858449 43.8472858449 26.9061710239 27.4423505238 26.8389499676 27.2789545403 26.6616289118 28.429606669 28.02973489 27.8052929653 27.3873117456 27.1886840591 26.7419644408 28.5638468383 26.6482131526 27.394136195 27.7354558263 27.0054130342 27.2416366878 27.2655994566 27.5971164901 26.8629802681 26.7380675409 68.6588094252 27.844587013 59.076773221 28.1071304856 26.531981324 41.8538574457 27.1633526881 28.2345497214 28.5827105817 28.5017445435 26.9933193267 26.6715805904 28.5619006004 28.5901864213 27.1607699037 26.559047756 28.524883938 28.1889883985 61.0922356434 61.0922356434 26.6305364926 27.7610614546 28.5971141577 27.0780208315 28.1091823242 27.2680434183 27.8952765048 28.600448422
26.7517336836 27.8005565089 27.7812746928 28.5063839954 26.6734280259 54.1420278045 56.0009781859 27.8604894345 26.5454458373 27.9542272484 27.4937818581 27.5957797619 28.2365038682 27.9335693488 26.9175788572 27.1622942028 26.5680049781 28.2082583811 28.1566839927 27.9113059174 27.5640523258 28.4796288214 26.580331363 27.3691675325 28.1466350629 27.1396273263 28.5049996859 27.5560876905 68.6588094252 68.6588094252 68.6588094252 26.6863298631 39.8680563625 40.3714055042 41.8538574457 46.4176919857 51.734686858 67.5669803837 28.2652100688 53.7464725267 67.2006674107 27.7290535732 27.9795519705 45.7020694895 28.3162820643 81.529343537 69.0942196578 49.6527427333 55.9828043359 57.5366401176 27.6584449348 27.4216633981 26.6344439895 28.562559572 27.0556485919 27.6834716242 28.0767902456
52.0125062887 47.1844144118 41.7579669847 42.5262754137 46.8587109282 28.4980562416 54.1420278045 27.040644877 28.5730915541 27.0264524213 28.1777878921 27.9814019814 27.9070823399 27.6703499271 26.8603201192 28.5942440123 27.5307200675 28.0608718795 27.0149104188 28.0281932417 27.6746806465 28.2270758133 26.9687809936 26.6737185814 27.8468032446 26.7314305213 27.2101145079 27.3356136948 28.2500476848 68.6588094252 27.057100328 28.4573344397 40.3714055042 40.3714055042 27.1008847974 46.4176919857 51.734686858 51.734686858 67.2006674107 67.2006674107 67.2006674107 28.3954599549 45.7020694895 45.7020694895 27.437029108 69.0942196578 49.6527427333 49.6527427333 57.7986389752 57.7986389752 43.6621158958 27.9751822533 27.0442198743 28.492343682 28.3419448076 27.6658848504 26.5456879055
52.0125062887 52.0125062887 42.5262754137 42.5262754137 46.8587109282 26.8513180911 28.2099763037 47.5213002659 28.4493359383 27.2404699024 26.600371911 27.2938335858 28.1924306365 27.2392533917 26.6548808753 28.101057698 28.329593626 28.2471006118 26.6730194425 28.3817442097 26.8279079627 58.5029509534 58.5029509534 27.1741325199 28.036812148 27.6959973861 28.2105811743 28.1100676794 28.5688596703 27.1810387032 27.2818589073 28.2421309275 27.1143790519 40.3714055042 65.7663021777 46.4176919857 51.734686858 67.5669803837 27.6301502036 67.2006674107 67.2006674107 27.7602730166 45.7020694895 45.7020694895 28.1809092673 81.529343537 69.0942196578 49.6527427333 57.7986389752 57.7986389752 28.5554396125 27.7856049585 27.30732713 28.4127041721 27.2193228429 27.6751550603 27.4672036481
52.0125062887 52.0125062887 42.5262754137 42.5262754137 46.8587109282 26.5898328716 35.6601434438 47.5213002659 26.7861961908 27.3053171177 28.571722752 28.1772119972 27.8700588155 26.9270972975 27.3965913963 27.3600990034 27.2548015925 26.6242817974 28.4435249769 28.6201256841 58.5029509534 58.5029509534 58.5029509534 27.2941854351 27.7696802091 27.4363535439 26.6297499686 28.0487819085 28.0303967488 27.4476207784 27.7388872918 28.1696342657 26.8046403851 65.7663021777 65.7663021777 65.7663021777 28.0098604073 26.6161514753 27.0177837833 27.744458126 27.5031835863 52.3128759214 27.6753867698 26.8066643603 26.7740913349 26.5861299103 28.2291800848 70.2212834259 75.0935844618 75.0935844618 28.244592106 27.3754196691 27.7158246115 26.6709490628 28.4783951149 26.6812344499 28.1375123925
54.1808198818 62.6017582728 27.9354809138 47.75113146 27.1613058427 70.1411736924 47.5213002659 27.5284300102 27.8587678841 27.3994183768 27.6702962464 27.5594333725 26.7516167316 28.3699406638 27.3381337958 28.3343041808 27.6711437639 28.5820666869 28.6186457303 27.2021516808 27.9259018335 66.5755091654 58.5029509534 60.8444891451 26.7614940501 27.4726914645 27.4137640808 28.3213784767 28.1931805537 28.1797017032 27.3765297444 27.4378472388 27.7507333929 27.0987493939 65.7663021777 27.8494983993 26.8063747659 27.8251716822 27.4352955176 27.2200888497 26.5135299278 27.9430937427 28.6136200369 27.4254694284 27.7318528087 26.8340647764 27.5671190318 47.1753149018 47.1753149018 47.1753149018 47.1753149018 26.9122502231 28.6008928469 28.4417189079 27.6638945806 27.5289967449 28.2098418856
62.6017582728 62.6017582728 28.486500748 28.1382268901 47.2046859299 70.1411736924 70.1411736924 27.9940583254 27.0175765535 27.3235236732 27.9059027269 28.2423363557 27.7502642614 28.565497432 28.353382849 27.7407884781 27.0111104669 27.3052939594 26.6743173566 26.5275520837 28.1654606993 60.8444891451 60.8444891451 60.8444891451 46.8786938655 27.9899110192 27.5398172004 27.4817780332 27.6028678322 26.6067527431 28.5790823113 26.54815276 27.1818312962 64.8019770316 26.6896532572 64.8019770316 27.7969751834 26.8425102508 28.3337518427 28.5606752141 26.964116977 28.2497993966 28.289062872 28.4574667882 27.3782305599 27.8810922091 28.6171575471 27.7292391014 47.1753149018 47.1753149018 28.1846569532 26.7205717288 27.6633677569 41.2445050958 63.7935718332 42.2192154026 73.7975844319
62.6017582728 51.9227413946 51.9227413946 26.9191416205 28.316482171 49.0938934529 27.2678980526 27.464261441 27.7940245526 27.8839059775 27.8230254534 28.200531717 26.8821346223 27.0535588126 28.0431665346 27.6996138004 27.7664111226 27.896575374 28.5256657248 28.038790702 26.740138421 27.3880365365 46.8786938655 46.8786938655 46.8786938655 27.9188565379 27.6872312874 28.4924076599 26.7296004743 27.57617579 27.7263681452 27.1017834293 27.4108085822 27.1138985137 27.1326452799 64.8019770316 27.318183544 28.3694223377 26.6635377102 27.5256646427 28.5120870799 28.4927885654 27.5664032614 28.0641418149 26.9759004978 26.5667846975 27.1757250466 28.2931990911 56.8208454002 27.6467980132 27.4040675445 65.9500240017 65.9500240017 64.7491262354 64.7491262354 42.2192154026 73.7975844319
27.7678621712 51.9227413946 27.1750190319 27.1122186635 51.814062883 27.1574723185 27.4143020003 28.0346862613 28.5321731758 28.3278079553 27.1529975714 26.7228821117 26.7292391938 26.7739776705 28.0289087834 27.7549811205 27.0912730353 28.1348467556 28.5146872687 26.6899531026 28.1521130714 27.1026073552 45.6467447801 82.5123521388 82.5123521388 27.0442045453 27.4339624115 28.3479580819 27.7791196008 26.9402744502 27.7355365368 27.097522919 27.8413850141 27.7309972671 68.5880644925 26.7223602584 26.9717928263 26.8128206972 28.2573205272 27.9741057428 27.0465727222 27.2303312085 28.1906626304 27.6971347955 26.6342364209 27.2520032559 27.6978029797 51.2901485113 57.1992090963 57.1992090963 48.3290772309 65.9500240017 65.9500240017 64.7491262354 64.7491262354 42.2192154026 73.7975844319
27.8873389985 27.2273341854 27.0889177688 51.814062883 51.814062883 26.7616428748 26.5321115727 27.8203111547 28.1333438764 27.7127104854 27.8341003688 28.3991825982 26.5286118664 26.8425072556 26.7702516972 26.8354019122 28.581554074 28.475427345 28.3030544019 27.7058981775 27.5007211387 27.2391947685 82.5123521388 82.5123521388 82.5123521388 28.5605317664 27.8651522939 28.1860875147 28.318956052 26.9823428805 27.911379202 27.1365929152 27.5071609223 27.7298375488 68.5880644925 68.5880644925 68.5880644925 27.2160054416 26.6527980098 26.6777174592 28.2094247374 27.9068577736 27.8416756401 56.3113797569 27.2518801679 42.0065143836 42.0065143836 51.2901485113 57.1992090963 57.1992090963 27.1167060017 27.3561082201 65.9500240017 27.5063665225 28.2544602775 27.100233931 27.9983787745
