Spatial_Output/BAU/BAU_0339.asc
NCOLS 155
NROWS 192
XLLCORNER 196769.923733
YLLCORNER 449719.875193
CELLSIZE 27.603701
NODATA_VALUE NaN
[rows 115 to 137 of 192, columns 53 to 105 of 155]
65.169927837 65.169927837 36.6684822238 36.1869775225 36.3652119158 36.7111616703 36.5816964597 36.5395022761 36.5518886792 37.1006849879 36.8158697414 55.7282837753 55.7282837753 36.8414694265 36.9188760969 36.4868824355 36.8290480938 36.9658419378 36.3038585096 37.3408258778 37.3281557342 36.9538069551 37.3971464042 64.7054277339 64.7054277339 64.7054277339 74.6352130139 36.2948715119 36.9096375489 59.9629311996 36.4825905573 37.2639803139 36.9861083884 37.1493828745 36.2556031605 49.6466199526 36.5745907075 37.2538845913 36.6184447228 36.5691528861 71.9380530693 36.1653733316 36.7284541043 36.7473258721 36.4686897269 37.3554942898 37.2676261221 36.7019187324 36.9138831518 36.4397722086 37.1582343422 36.4845092538 37.4107494874
37.3476932579 65.169927837 37.2396716095 36.2580143484 36.1259247955 37.3082897797 36.120584908 36.1358456213 36.4762846689 36.8937569892 36.25778869 36.4429115462 36.9436498518 36.3540075219 36.6497057326 36.1723774456 36.3734703266 36.0224053255 37.3262540125 36.8761751406 36.1472678755 36.0721005294 36.8027203936 64.4452839847 64.7054277339 36.0579206775 36.7210593831 37.1323627907 37.328849287 37.4074084025 37.3345522714 36.1949655964 36.128235572 36.3160458049 36.393403879 37.0500081886 36.4200694879 37.1585210002 36.7658893536 37.1989123615 36.6627731649 37.0876361413 37.1884061957 37.3475895258 36.3669351119 37.0160553072 36.022490563 36.5858559831 36.4847217721 36.0444734588 36.8746296535 37.1584389462 36.7795050296
36.0069110329 36.9571721909 36.1053530328 36.9119721616 37.0588073261 37.1287623853 37.0326471635 36.8991600062 37.0855357267 36.1744722705 37.0768920888 37.2348325949 36.3957425117 36.9710420871 37.0706126587 36.2566501915 36.6022115452 36.9987261561 36.2500788384 36.6808887355 37.2369958372 37.0730255026 36.7474969985 64.4452839847 64.4452839847 36.7818154649 36.5967878736 36.0207527511 36.850444012 37.20111483 37.0332978965 37.1945894535 36.6213224792 36.117685521 36.0728911656 37.375254437 36.1913449632 37.2933899215 36.9598156635 36.5248276495 37.3343543982 37.1722345605 37.1417377878 36.0464003334 36.7348005256 36.0136974029 36.716972274 36.0525878138 36.9049031686 36.7136685964 36.6799554614 36.4860373798 36.9595056035
36.1506958149 36.950527191 36.2421724308 36.0526456153 37.0839653052 36.1837711042 37.3051855255 36.8552560834 36.9686494101 36.4234746692 36.2226703761 36.1386132563 36.8451270649 36.920327242 37.2213284438 37.2997765548 37.2322634273 36.9217537288 36.2017308364 36.7351420668 37.0378776272 36.6666783963 36.3241167148 37.0476459919 37.0931043635 36.3164010118 36.6103790801 36.2394372961 36.5030677451 37.2412189093 36.9167064259 36.6036312927 36.2009776755 36.3392469943 37.1715022419 37.0975742829 36.4086139717 37.1729757503 37.1682946705 36.2045903285 36.0713567511 36.1566390555 37.029676852 36.4441125253 36.0518895328 37.2241914561 36.1369146757 36.4213091458 36.909109374 36.1984914781 36.5933436691 37.1882448473 36.5766589018
36.0679134185 36.3698812387 36.0256830447 37.005800509 36.5892331288 36.1561642896 37.2209809245 36.4401841047 36.7142612239 37.0150457563 37.0623338134 36.7576237618 36.1717671106 36.2759710816 37.2506270134 37.4099893235 36.8352865544 36.7610392484 36.124682725 36.2029224159 36.8587349529 37.0286414623 36.4044427919 55.7898432455 37.3444458814 55.7898432455 37.3546101708 36.4468330314 37.1577819692 36.2666498364 36.4067153945 37.1682329499 37.3742859967 37.3813914401 36.4410282023 37.316448592 36.0574602441 36.7540671429 37.318289869 36.3573365836 36.6696390546 36.2158212927 37.1049554847 37.1208173088 36.1897573223 36.7695761663 36.7968833542 37.1396982273 36.6563572069 36.2866754923 36.8527573807 36.2214418849 36.691595517
36.5366816831 37.2635387054 36.9113530275 36.4570514313 36.5329175118 36.3319022093 36.7458399876 36.4175745736 36.8719284261 36.4245207008 37.2291826574 36.1282072456 36.5746873277 36.7500515227 36.4152576559 36.5667317559 37.2755925157 36.4262548712 36.2847357958 37.014864706 37.3788206665 37.2237988993 36.4593196574 55.7898432455 55.7898432455 36.4750303459 36.5656819153 65.2826857194 36.8095439571 46.4757916097 36.9129551185 36.1584236516 36.7292909079 36.092874088 37.4070743824 36.3248042765 37.1790364947 36.5076806594 36.1756798371 36.9027004683 52.2923753166 52.2923753166 36.4034630785 36.758820513 37.1762271204 37.2819624621 36.2029709639 37.1905915324 36.030262962 36.6243215302 36.386519807 37.0334224603 36.3051897847
36.8687087816 36.6116766143 36.3455580027 36.2862603606 36.9018271647 36.4482330712 36.7916810898 36.9687672338 37.0628505883 37.1675935992 37.234732848 36.5353695699 36.158993364 37.1796131715 37.1842382578 36.1826417766 36.4328045421 37.2018331549 37.102498741 36.7078614735 36.0486397657 36.7199427935 36.2592995926 36.7085632086 36.3399967157 37.3430224378 36.0265415215 36.8986451698 65.2826857194 46.4757916097 65.9100049134 37.0736916934 36.9412118205 37.1742966622 36.2269182784 36.8871895197 37.378015615 36.0365642185 36.5236123628 63.8430853018 64.7727560923 64.7727560923 65.6009233135 36.0114573983 63.2884973273 37.1158471051 37.2789928838 36.5562414467 36.5795299118 36.59683209 66.4537576648 66.4537576648 60.8707065191
36.6653790969 36.2073834097 36.2407984296 61.5740831651 36.6443690256 36.9104146812 36.8960491982 36.5266480038 36.7661535408 36.3639534977 36.5996773547 36.2804916127 36.4640727645 36.3641322312 37.4087440007 37.10242611 36.421212422 36.3024889508 36.9644664576 37.3755497971 36.5924840864 36.4836146904 37.0410863347 36.3198233683 36.1392677424 37.3778421998 59.6970264303 37.0593626821 37.0108487143 37.1979024614 36.4588744196 36.0439166964 36.239234742 36.6323869444 36.9158553359 37.3593561132 37.0207431035 36.2967378693 37.3490760904 63.8430853018 64.7727560923 64.7727560923 64.7727560923 36.7366398029 36.3824561232 36.717090359 37.3843842271 37.2132820666 37.0546948513 36.4223633698 36.8806884421 37.1618068792 60.8707065191
37.0733398278 36.2949860111 61.5740831651 61.5740831651 36.178662126 36.1352771876 37.0193675043 36.4047259161 36.0202111868 36.1786527527 36.0207472325 36.7337498957 36.990608565 36.1642290258 37.0184521925 37.2042680938 36.1856562261 37.2378056749 36.4555846868 37.156490011 36.3845058744 36.5120575441 36.1913382295 36.3074281562 36.99541069 36.5873476874 36.7263108815 36.2663202685 36.3451039161 36.5966310625 36.0907391551 37.1377102799 36.3632924643 36.4350521071 36.5875017107 36.2323818836 36.652491867 36.9423945687 37.0073663615 36.0276664051 55.0305825177 44.177842411 36.4616239808 36.9899786853 63.2884973273 36.7030579152 36.7964498721 36.2864373876 37.2864686675 36.6532191111 36.6221612753 36.9806143372 36.83981487
36.373405937 36.9757663639 37.3544086022 61.5740831651 37.3221045703 36.7494419952 36.0487623733 36.3712262478 36.1930815909 36.0955663232 37.4129729414 36.5558137196 37.2872657089 36.3639360813 37.0336390128 37.3702627562 37.258142391 36.8498894229 37.2864373166 36.1628409843 37.0129317439 36.5681401452 36.0750546273 36.2901008838 36.7140046501 36.4897959291 36.9710610518 36.1015355444 36.4848961353 36.0045125411 36.6175133995 36.2095124547 36.330384425 37.0406810673 37.1776838476 36.5415332291 36.9339066823 36.6395553372 37.3551157919 36.4873013451 44.177842411 44.177842411 44.177842411 37.3944658112 37.318600709 36.2092209346 36.8970388533 37.2225298276 37.1767564952 36.712133035 36.2108817801 37.2005939826 37.3337440164
57.2280194188 36.3342204604 36.4740896315 36.4517583917 36.3051897113 37.0345397987 37.1923898832 36.5204605428 36.9640168227 36.9969470486 37.1330892798 36.973069322 36.5208194703 36.4736450929 36.1994356435 36.4805911607 37.0097604215 36.0208086676 36.2932304956 37.2419583645 36.1187507164 37.0688594088 36.0525606893 36.8648936937 37.2217687901 36.679375323 60.0737575364 60.0737575364 36.525747943 37.0768683305 37.4047579693 36.979633623 36.4882212791 36.9513031949 36.5380486116 37.3255184044 36.0149938762 36.0644525555 36.005070844 36.1693751064 89.986417539 44.177842411 89.986417539 36.0895521237 36.8012555156 36.6130024812 36.7044318269 36.9710952527 37.3194298398 36.1952903567 36.1263775806 37.3450757489 37.2199953085
57.2280194188 69.5502792409 52.6436695223 36.6520718508 36.7155343752 36.3193870696 36.7003741999 36.0812144473 37.0305229328 36.2106583357 36.9748381959 36.3092349513 36.9601377361 36.4603775792 37.0241653825 36.8643994142 36.8289960114 36.5784309171 37.0897010232 36.2694839185 36.5699048186 36.7104514493 36.1681572524 36.855419333 36.2107885704 78.8420996596 65.40676103 65.40676103 65.40676103 36.3205254041 36.6869568363 36.629890855 37.1797809714 37.2942165392 36.8920660591 37.0114162788 36.9149678654 36.4227505739 37.4132114903 37.3059152259 71.7637118023 71.7637118023 71.7637118023 36.5036497123 36.1825744691 36.1674921221 37.1947192538 36.8338525392 36.3128455329 36.6969579229 37.3126911853 36.9122220304 36.8084468665
52.6436695223 52.6436695223 37.0175602152 36.3427708972 37.0832652334 36.4366820462 36.9334574158 36.5794779248 37.1760659563 36.0151787606 36.5655076151 36.3314161842 36.9040692009 37.3119131629 36.9718501552 36.4209140726 36.4036227545 36.6281728232 36.9292625664 36.7607964104 36.6419395958 37.1664273505 36.3883198701 36.9681669295 36.4945222275 36.4379199939 65.40676103 65.40676103 52.5360843325 52.5360843325 36.1327235106 36.9859737769 37.1775688297 36.182153156 36.0927393718 36.4786672568 36.8961686465 36.9673311697 36.7640237007 37.3394006252 59.8687026859 59.8687026859 59.8687026859 36.8332059908 36.5807946056 37.0059030436 37.3060521747 36.1386915935 37.2263648514 36.1230330197 37.0557983074 36.924285653 36.3472977342
52.6436695223 65.3535705637 65.3535705637 65.3535705637 36.5177800067 36.2227917541 36.4819273743 37.1659306478 36.0753468813 37.1353290915 36.5348958458 36.4869333018 37.0702437835 36.7926324112 37.3697256187 37.2179242536 37.2087592849 37.2422986366 36.0102303324 36.3227397879 36.8060181379 37.1429661055 36.0495299187 36.265902305 36.6304962946 36.1784378269 66.1063338163 47.8119249348 47.8119249348 47.8119249348 37.0089167196 36.5224305008 37.2038400127 36.105698739 37.3863224961 37.3159552743 36.0326294186 37.1651462068 36.8501289138 37.3101440335 48.3166913704 59.8687026859 48.3166913704 36.7984553699 37.1283973296 36.5986192709 36.4201355686 37.2525536763 36.7136973531 36.2406928159 36.7855331247 36.8449498724 36.8768992802
36.0714333991 65.3535705637 65.3535705637 36.0211655421 36.0960916846 36.190739894 37.1678026707 36.7539127479 37.0559284997 37.1035692652 36.8467759903 36.322366064 36.336822338 36.6851856896 36.0272601157 36.1382277191 36.8778216212 36.9739401742 36.8038489968 36.3069961559 37.223953873 36.8170678387 36.1212397203 36.4947841638 36.133695111 36.9667150735 36.1978590663 72.1933279841 72.1933279841 72.1933279841 36.9546532947 36.5716412018 37.1710679256 36.0775712702 36.8717514387 36.0875116339 36.0493587536 36.6652730689 36.1958227088 36.5754658317 70.2880813562 48.3166913704 48.3166913704 37.3168973751 37.3257566975 36.4129086831 36.1850468619 36.1159517971 36.1926379331 36.8912241071 36.9621026709 37.3974683107 36.2124067455
36.476047494 37.1552801377 37.1476534193 36.357540151 37.2103432367 37.1503739888 37.0417506207 36.1586405742 37.0618091415 37.0186337343 36.3894128934 36.0840566408 36.7259617988 36.5842121266 36.2718937044 37.0439138814 36.5939801749 36.9821497052 36.8665507404 36.7431290988 37.078438742 37.0515372573 36.6777850127 36.26373402 36.5632052243 37.1249408646 36.1061502208 72.1933279841 72.1933279841 56.196524137 37.3227834137 36.4075357399 36.0094333297 36.5049757021 37.2688967349 36.0399191051 36.2458064879 36.6294066354 36.0408183801 36.9217321469 36.8308366626 48.6869332025 36.1816292875 48.6869332025 36.4080463035 37.0639334601 37.1530595358 36.6926449455 36.6426001029 36.1646082701 36.167190209 36.8138229947 36.7904957744
36.2974955237 37.324274516 36.5971098325 37.3519144919 36.9226539573 36.781830661 37.3558436058 37.3666504046 36.8858127014 36.5207796452 36.5816895961 36.5309816093 36.3500781372 36.8958944421 36.3492781483 36.829497443 36.2316632764 37.1245006685 36.3746592779 36.5978584224 36.4460351794 36.0829968153 37.0018479513 36.5958755975 36.1996846237 37.3419742937 37.3420516535 56.5288830274 56.196524137 36.4773929185 37.2654765075 37.0264342705 36.5142780667 36.6815582973 36.3382259091 37.1153137116 36.2722797832 36.670152142 37.3063416075 36.7819696754 37.1765712162 48.6869332025 37.039173092 63.3040726624 37.4089470309 36.0253508538 36.255127918 36.4955234714 37.0204461461 37.2471332417 36.2672627262 36.1842118402 36.9153126425
36.1670676733 36.1487283341 36.8721391761 36.1504774494 37.2767534073 37.330079081 37.3898075215 36.2831532554 36.4739528706 36.6919704147 37.0974437141 36.4599720782 36.9978791888 37.2044038196 36.7791133109 36.2530355732 36.6913638652 36.0859706005 36.6447355212 36.4478101571 36.3156672281 36.3475727177 36.0332740405 36.7308419921 37.2483282018 36.1267095551 37.1674737598 36.4068762738 49.1249937722 49.1249937722 65.0629146016 36.5509622035 37.3439500482 36.4498194896 36.8806313141 36.2726811621 36.2426436476 36.8244935695 36.5936219715 36.8455780315 61.0090393434 36.3198836003 36.0774242613 36.5787080837 36.9764483253 37.0065898058 36.8184398993 69.1022073357 70.5438270323 65.7077235021 70.3745840716 70.3745840716 37.2823234048
37.3094822007 36.2884977257 36.9125385555 36.1923234161 37.1100843639 36.6811695599 37.1761647376 36.3721349504 36.1925736548 36.5722114393 36.5980968947 36.8805652219 36.5381346003 36.185788618 36.5762267122 36.748189347 36.7319686313 36.6725889905 36.0662876008 37.3028938635 36.2327850127 36.5306755379 37.1285771713 36.1636901522 37.14841944 36.7903229985 36.7507873047 49.1249937722 49.1249937722 49.1249937722 65.0629146016 47.8422196775 54.4723629787 61.8129636883 37.3870347697 37.3008570278 37.289546648 36.8941994541 37.0499331561 36.8290296928 37.0245179702 36.9862762548 63.6487446646 63.0794093074 36.3016603045 62.7529783013 62.7529783013 69.1022073357 69.1022073357 70.3745840716 70.3745840716 70.3745840716 36.5576856987
36.2484645237 36.0955511047 36.5816477031 37.3694739833 36.7705557567 36.2049174199 36.8907838235 36.4201757318 37.3989548091 36.0997175737 36.6862540098 36.0934855856 36.2088958985 36.3299052116 36.0458350819 36.2892821512 36.5906631602 36.7785918359 54.159297093 61.4394386085 37.1816618189 78.6272566836 78.6272566836 37.3646001877 36.5884221033 37.2010655897 36.9815535126 69.9950616012 69.9950616012 47.9461281837 47.8422196775 47.8422196775 47.8422196775 67.6557395783 57.3330978354 47.4045112536 62.7343327322 36.2587454904 36.363579902 36.8813695046 36.8184223989 63.6487446646 63.6487446646 63.6487446646 37.023241015 62.7529783013 69.1022073357 69.1022073357 69.1022073357 70.5438270323 65.7077235021 70.3745840716 37.3398368531
37.1490716302 36.920013635 37.4036460075 36.6759065099 36.1085739284 36.3321883732 36.8585543858 37.2996316746 37.0471567252 36.5859074006 36.7319499311 36.849279462 36.1498440461 36.7386437074 36.489190228 36.651403542 56.0006926628 54.159297093 59.5232040454 59.5232040454 52.5009823229 78.6272566836 78.6272566836 82.978671873 37.0454404622 36.1781148827 37.3882733213 69.9950616012 64.7278450038 64.7278450038 81.8195170195 47.8422196775 54.4723629787 67.6557395783 47.4045112536 47.4045112536 62.7343327322 36.9658714646 36.7725211309 37.2702783155 37.0962091081 64.2775150496 36.9433709291 36.7053163466 36.839488585 36.822043049 62.7529783013 70.2681319961 36.985597355 37.1344615617 36.2327217943 36.5144665172 36.981729777
36.391029633 36.6416912659 37.1894315344 37.2309588726 36.4089711853 36.113493756 36.850881612 36.3619089522 36.7001284611 37.2321855029 37.2000378092 36.6738537997 36.4936772585 69.9220491698 37.3757134312 53.8097128976 56.0006926628 56.0006926628 59.5232040454 69.6996564425 36.3151778879 78.6272566836 78.6272566836 36.756591174 36.5680044616 36.3076972836 36.0807912638 64.7278450038 64.7278450038 64.7278450038 82.6261294955 36.5574801738 36.9498048486 58.304150239 36.3471371177 47.4045112536 62.7343327322 36.9051968835 37.1612674349 36.0569843644 37.1016273544 37.3386217929 64.2775150496 37.3359002416 36.663677784 36.6244871131 36.4258487895 36.3040195848 37.3684111603 36.3401985265 36.9648261526 36.1569774334 36.1260232679
36.149292861 37.3830973008 37.307874272 36.4169482958 36.9293134733 37.3581703857 36.446812062 36.5165614136 36.9185665194 36.4893293056 37.3886674257 36.5335475261 36.382818196 37.348809728 36.6699393314 36.2831397187 56.0006926628 36.0254322083 59.5232040454 36.4915100475 36.7773082926 36.848859688 36.7334627298 37.2326130696 36.5971499264 37.159039075 36.6559707094 36.3781544253 82.6261294955 82.6261294955 50.3825567351 36.9223922735 36.4263573065 36.9088633463 36.7818421874 36.7749803738 36.7712221057 37.3585727709 37.2155915776 36.3648642277 37.080216649 36.2549688178 36.1875601037 37.0601144478 37.3447900689 36.4049153361 36.481648064 36.0549637794 36.4394576886 36.4700516949 36.364567826 36.0091190309 37.3123124433
