Spatial_Output/BAU/BAU_0892.asc
NCOLS 155
NROWS 192
XLLCORNER 196307.867259
YLLCORNER 449144.565805
CELLSIZE 33.573938
NODATA_VALUE NaN
[rows 114 to 151 of 192, columns 0 to 84 of 155]
0 0 0 0 0 0 0 0 0 0 0 0 0 0 0 0 0 0 0 0 0 0 0 0 0 0 0 0 0 0 0 19 19 19 19 19 19 19 19 19 19 19 19 19 19 19 19 19 42.3862252711 42.3862252711 42.3862252711 19 59.4020844774 59.4020844774 59.4020844774 19 19 19 19 19 19 19 19 57.6288380262 57.6288380262 19 19 19 19 19 19 19 19 19 19 19 19 19 19 19 19 36.8693993496 50.6439402208 35.5927279109 54.9202196083
0 0 0 0 0 0 0 0 0 0 0 0 0 0 0 0 0 0 0 0 0 0 0 0 0 0 0 0 0 0 0 0 19 19 19 19 19 19 19 19 19 19 19 19 19 19 19 19 19 42.3862252711 19 19 19 59.4020844774 59.4020844774 19 19 19 19 19 19 19 57.6288380262 19 62.9962325868 19 19 19 19 19 19 19 19 19 19 19 19 19 19 19 34.6669267005 36.8693993496 36.8693993496 54.9202196083 54.9202196083
0 0 0 0 0 0 0 0 0 0 0 0 0 0 0 0 0 0 0 0 0 0 0 0 0 0 0 0 0 0 0 0 19 19 19 19 19 19 19 19 19 19 19 19 19 19 19 19 19 40.0719167535 40.0719167535 36.3054178033 19 19 19 19 19 19 19 19 19 19 41.7844299714 41.7844299714 57.6288380262 19 19 19 19 19 19 19 19 19 19 19 19 19 19 19 34.6669267005 36.8693993496 44.0286928523 54.9202196083 54.9202196083
0 0 0 0 0 0 0 0 0 0 0 0 0 0 0 0 0 0 0 0 0 0 0 0 0 0 0 0 0 0 0 0 0 19 19 19 19 19 19 19 19 19 19 19 19 19 19 19 47.6493930036 40.0719167535 40.0719167535 19 19 19 19 19 19 57.3027188345 57.3027188345 51.0463848398 67.4252902872 19 36.9926134964 36.9926134964 41.7844299714 19 19 19 19 19 19 19 19 19 19 19 19 19 19 19 34.6669267005 19 19 19 19
0 0 0 0 0 0 0 0 0 0 0 0 0 0 0 0 0 0 0 0 0 0 0 0 0 0 0 0 0 0 0 0 0 19 19 19 19 19 19 19 19 19 19 19 19 19 58.9823292186 19 19 19 19 19 19 19 19 19 19 57.3027188345 57.3027188345 51.0463848398 51.0463848398 19 36.9926134964 36.9926134964 36.9926134964 19 19 19 19 19 19 19 19 19 19 19 19 19 19 19 19 19 19 19 19
0 0 0 0 0 0 0 0 0 0 0 0 0 0 0 0 0 0 0 0 0 0 0 0 0 0 0 0 0 0 0 0 0 0 19 19 19 19 19 19 19 19 35.3231227494 19 19 58.9823292186 19 58.9823292186 19 19 19 19 19 19 19 19 54.2169254993 19 51.0463848398 51.0463848398 67.4252902872 19 45.7385807575 19 19 19 19 19 19 19 19 19 19 19 19 19 19 19 19 19 19 19 19 19 19
0 0 0 0 0 0 0 0 0 0 0 0 0 0 0 0 0 0 0 0 0 0 0 0 0 0 0 0 0 0 0 0 0 0 0 19 19 19 19 19 19 35.3231227494 35.3231227494 35.3231227494 19 19 19 58.9823292186 19 19 19 19 19 19 19 19 32.6609315505 32.6609315505 32.6609315505 19 19 19 19 34.0685925984 19 19 19 19 19 19 19 19 19 19 19 19 19 19 19 19 49.5593945784 19 19 19 19
0 0 0 0 0 0 0 0 0 0 0 0 0 0 0 0 0 0 0 0 0 0 0 0 0 0 0 0 0 0 0 0 0 0 0 19 19 19 19 19 19 35.3231227494 35.3231227494 35.3231227494 19 19 19 19 19 19 19 19 19 19 19 19 32.6609315505 19 19 19 19 34.0685925984 55.2213378848 19 19 19 19 19 19 19 19 19 19 19 19 19 19 19 19 19 70.6907599797 70.6907599797 19 19 19
0 0 0 0 0 0 0 0 0 0 0 0 0 0 0 0 0 0 0 0 0 0 0 0 0 0 0 0 0 0 0 0 0 43.0772482245 36.5813986978 52.7272808415 19 19 19 19 19 19 35.3231227494 19 19 19 19 19 19 19 19 19 19 19 19 19 19 19 67.2372148622 19 55.2213378848 55.2213378848 55.2213378848 19 19 19 19 19 19 19 19 19 19 19 19 19 19 19 19 40.5912280267 40.5912280267 40.5912280267 19 19 19
0 0 0 0 0 0 0 0 0 0 0 0 0 0 0 0 0 0 0 0 0 0 0 0 0 0 0 0 0 0 48.2909749713 40.4301407631 41.2350414896 32.7480227858 38.3260227508 51.2840265854 19 19 19 19 19 19 19 19 19 19 19 19 19 19 19 19 19 19 19 19 19 19 49.4051048072 19 37.1711704833 37.1711704833 55.2213378848 19 19 19 19 19 19 19 19 19 19 19 19 19 19 19 19 38.9782479043 32.2232367082 38.9782479043 70.1231656036 19 19
0 0 0 0 0 0 0 0 0 0 0 0 0 0 0 0 0 0 0 0 0 0 0 0 0 0 0 0 35.3544412289 69.6998721621 31.7225866583 40.1334576828 39.1198497556 38.0054689699 29.5324213738 51.2840265854 52.7272808415 19 19 19 19 19 19 19 19 19 19 19 19 19 19 19 19 19 19 19 19 19 49.4051048072 19 37.1711704833 37.1711704833 19 19 19 19 19 19 19 19 19 19 19 19 19 19 19 19 19 54.2056416673 32.2232367082 32.2232367082 32.2232367082 19 19
0 0 0 0 0 0 0 0 0 0 0 0 0 0 0 0 0 0 0 0 0 0 0 0 0 36.9247459867 69.1919011326 69.1919011326 47.6248907525 47.6248907525 31.7225866583 40.1334576828 40.4074949999 30.8457481378 30.0928519116 54.7063549248 0 0 19 19 19 19 19 19 19 19 19 19 19 19 19 19 19 19 19 19 19 19 49.4051048072 19 51.5052261021 51.5052261021 37.1711704833 19 19 19 19 19 19 19 19 19 19 19 19 19 19 19 19 54.9615625841 32.2232367082 70.1231656036 51.5853563086 19 19
0 0 0 0 0 0 0 0 0 0 0 0 0 0 0 0 0 0 0 0 0 0 0 0 0 36.9247459867 69.1919011326 69.1919011326 47.6248907525 47.6248907525 42.9504742536 31.7225866583 40.1334576828 30.6332998521 0 0 0 0 19 19 19 19 19 19 19 19 54.484638787 19 19 19 19 19 19 19 44.6033213207 19 19 19 19 51.5052261021 51.5052261021 51.5052261021 19 19 19 19 19 19 19 19 19 19 19 19 19 19 19 19 19 37.9683588694 36.4738351668 50.8840404482 50.8840404482 59.7478139316 19
0 0 0 0 0 0 0 0 0 0 0 0 0 0 0 0 0 0 0 0 0 0 0 0 0 57.1963571753 36.9247459867 69.1919011326 61.0507506477 50.6089134352 0 0 0 0 0 0 0 0 0 19 19 19 19 19 19 19 53.7926152911 19 19 19 50.3768797462 19 52.0198824083 52.0198824083 44.6033213207 44.6033213207 19 19 19 19 19 19 47.7703442104 19 19 19 19 19 19 19 39.7527920303 19 19 19 40.9775535684 50.4692014861 50.4692014861 19 38.7622670807 38.7622670807 37.9683588694 65.3213668365 59.7478139316 40.8023919886 40.8023919886
0 0 0 0 0 0 0 0 0 0 0 0 0 0 0 0 0 0 0 0 0 0 0 0 0 0 0 0 0 0 0 0 0 0 0 0 0 0 0 0 19 19 19 19 19 53.7926152911 53.7926152911 53.7926152911 54.3135261823 46.2033064687 19 19 52.0198824083 52.0198824083 44.6033213207 44.6033213207 19 19 19 19 19 47.7703442104 71.8217168648 71.8217168648 37.0931843444 19 42.0205167591 73.6700905445 73.6700905445 19 39.7527920303 19 19 19 40.9775535684 50.4692014861 50.4692014861 19 38.7622670807 45.1875026183 45.1875026183 65.3213668365 65.3213668365 59.7478139316 40.8023919886
0 0 0 0 0 0 0 0 0 0 0 0 0 0 0 0 0 0 0 0 0 0 0 0 0 0 0 0 0 0 0 0 0 0 0 0 0 0 0 0 0 19 19 19 19 54.484638787 83.4257209495 83.4257209495 54.3135261823 54.3135261823 62.0496391265 50.3768797462 39.9171565604 52.0198824083 19 19 19 19 19 19 19 19 71.8217168648 71.8217168648 37.0931843444 37.0931843444 42.0205167591 73.6700905445 73.6700905445 39.7527920303 39.7527920303 39.7527920303 19 19 40.9775535684 50.4692014861 50.4692014861 19 38.7622670807 45.1875026183 45.1875026183 35.8167465193 35.8167465193 19 47.6666158192
0 0 0 0 0 0 0 0 0 0 0 0 0 0 0 0 0 0 0 0 0 0 0 0 0 0 0 0 0 0 0 0 0 0 0 0 0 0 0 0 0 19 19 19 19 19 83.4257209495 83.4257209495 53.4544907108 54.3135261823 19 19 19 19 19 19 19 19 19 19 55.2840831209 44.0177530625 71.8217168648 71.8217168648 37.0931843444 37.0931843444 19 19 73.6700905445 19 19 19 19 19 19 19 19 19 19 19 52.7131152487 52.7131152487 58.1994688711 19 19
0 0 0 0 0 0 0 0 0 0 0 0 0 0 0 0 0 0 0 0 0 0 0 0 0 0 0 0 0 0 0 0 0 0 0 0 0 0 0 0 0 0 19 19 19 19 83.4257209495 19 19 19 19 19 19 19 19 19 19 19 19 34.3205486787 55.2840831209 55.2840831209 44.0177530625 40.3782456094 19 19 19 19 19 19 19 19 19 19 19 19 19 19 19 19 19 58.1994688711 58.1994688711 58.1994688711 48.359751778
0 0 0 0 0 0 0 0 0 0 0 0 0 0 0 0 0 0 0 0 0 0 0 0 0 0 0 0 0 0 0 0 0 0 0 0 0 0 0 0 0 0 0 19 19 41.8419302283 41.8419302283 19 19 19 19 19 19 19 19 19 19 19 41.4300021016 41.4300021016 34.3205486787 55.2840831209 40.3782456094 40.3782456094 40.3782456094 19 19 19 19 19 19 19 19 19 19 19 19 19 19 19 19 58.1994688711 58.1994688711 50.0203155142 48.359751778
0 0 0 0 0 0 0 0 0 0 0 0 0 0 0 0 0 0 0 0 0 0 0 0 0 0 0 0 0 0 0 0 0 0 0 0 0 0 0 0 0 0 0 19 19 37.9742215521 37.9742215521 19 19 19 19 19 19 57.8629943217 19 19 34.5214091037 19 41.4300021016 41.4300021016 34.3205486787 19 40.3782456094 40.3782456094 19 19 19 19 19 19 19 19 19 19 19 19 19 19 19 19 19 19 19 19 48.359751778
0 0 0 0 0 0 0 0 0 0 0 0 0 0 0 0 0 0 0 0 0 0 0 0 0 0 0 0 0 0 0 0 0 0 0 0 0 0 0 0 0 0 0 0 19 37.9742215521 37.9742215521 37.9742215521 19 19 19 19 19 57.8629943217 57.8629943217 57.8629943217 19 19 45.2033758272 19 19 19 19 19 19 50.679771544 19 19 19 19 19 19 19 19 19 19 19 19 19 19 19 19 19 19 19
0 0 0 0 0 0 0 0 0 0 0 0 0 0 0 0 0 0 0 0 0 0 0 0 0 0 0 0 0 0 0 0 0 0 0 0 0 0 0 0 0 0 0 0 19 56.8283392188 56.8283392188 56.8283392188 19 19 19 19 19 52.1494449177 57.8629943217 42.7498785395 19 19 19 19 19 19 19 50.679771544 19 59.355238211 19 19 19 19 19 19 19 19 19 19 19 19 19 19 19 19 19 19 19
0 0 0 0 0 0 0 0 0 0 0 0 0 0 0 0 0 0 0 0 0 0 0 0 0 0 0 0 0 0 0 0 0 0 0 0 0 0 0 0 0 0 0 0 19 19 19 19 19 19 19 52.1494449177 45.8938485162 45.8938485162 19 19 19 19 19 19 19 19 19 19 49.2626714012 49.2626714012 49.2626714012 19 19 19 19 19 19 19 19 19 19 19 19 19 19 19 19 19 19
0 0 0 0 0 0 0 0 0 0 0 0 0 0 0 0 0 0 0 0 0 0 0 0 0 0 0 0 0 0 0 0 0 0 0 0 0 0 0 0 0 0 0 0 0 19 41.9975263301 41.9975263301 41.9975263301 19 63.7871118497 19 45.8938485162 45.8938485162 19 19 19 19 19 19 19 19 19 19 49.2626714012 49.2626714012 65.8168822569 19 19 19 19 19 19 19 19 19 19 19 19 19 19 19 19 19 19
0 0 0 0 0 0 0 0 0 0 0 0 0 0 0 0 0 0 0 0 0 0 0 0 0 0 0 0 0 0 0 0 0 0 0 0 0 0 0 0 0 0 0 0 0 19 41.9975263301 41.9975263301 63.636113043 19 63.7871118497 63.7871118497 19 19 19 19 19 19 19 19 19 19 19 19 40.1494129627 41.7542773763 41.7542773763 19 19 19 19 19 19 19 19 19 19 19 19 19 19 19 19 19 19
0 0 0 0 0 0 0 0 0 0 0 0 0 0 0 0 0 0 0 0 0 0 0 0 0 0 0 0 0 0 0 0 0 0 0 0 0 0 0 0 0 0 0 0 0 19 58.1776672184 58.1776672184 19 19 63.7871118497 63.7871118497 19 19 19 19 19 19 19 19 19 19 19 19 41.7542773763 41.7542773763 41.7542773763 48.5400357798 19 19 19 19 19 19 19 19 19 19 19 19 19 19 19 19 19
0 0 0 0 0 0 0 0 0 0 0 0 0 0 0 0 0 0 0 0 0 0 0 0 0 0 0 0 0 0 0 0 0 0 0 0 0 0 0 0 0 0 0 53.2607592475 58.2892374804 38.818390053 38.818390053 58.1776672184 62.9399774792 19 19 19 19 19 19 19 19 19 19 19 19 19 19 19 48.5400357798 48.5400357798 48.5400357798 19 19 19 19 19 19 19 19 19 19 19 19 19 19 19 19 19 19
0 0 0 0 0 0 0 0 0 0 0 0 0 0 0 0 0 0 0 0 0 0 0 0 0 0 0 0 0 0 0 0 0 0 0 0 0 0 0 0 0 53.2607592475 61.9153099049 38.818390053 58.2892374804 38.818390053 38.818390053 58.1776672184 62.9399774792 57.6338655615 19 19 19 19 19 19 19 19 19 19 19 19 19 19 19 19 19 19 19 19 19 19 19 19 19 19 19 19 19 19 19 19 19 19 19
0 0 0 0 0 0 0 0 0 0 0 0 0 0 0 0 0 0 0 0 0 0 0 0 0 0 0 0 0 0 0 0 0 0 0 0 0 0 0 57.0776145023 34.8256238144 36.7233146873 61.9153099049 61.9153099049 58.2892374804 58.2892374804 19 19 19 19 19 19 19 19 19 19 19 19 19 19 19 19 19 19 19 19 19 19 19 19 19 19 19 19 19 19 19 19 19 19 19 19 19 19 19
0 0 0 0 0 0 0 0 0 0 0 0 0 0 0 0 0 0 0 0 0 0 0 0 0 0 0 0 0 0 0 0 0 0 0 0 0 0 58.6163670811 34.8256238144 34.8256238144 36.7233146873 61.9153099049 61.9153099049 49.9518826067 0 0 19 19 19 19 19 19 19 19 19 19 19 19 19 19 19 19 19 19 19 19 19 19 19 19 19 19 19 19 19 19 19 19 19 19 19 19 19 19
0 0 0 0 0 0 0 0 0 0 0 0 0 0 0 0 0 0 0 0 0 0 0 0 0 0 0 0 0 0 0 0 0 0 0 0 0 0 58.6163670811 34.8256238144 34.8256238144 34.8256238144 36.7233146873 0 0 0 0 19 19 19 19 19 19 19 19 19 19 19 19 19 19 19 19 19 19 19 19 19 19 19 19 19 19 19 19 19 19 19 19 19 19 19 19 19 19
0 0 0 0 0 0 0 0 0 0 0 0 0 0 0 0 0 0 0 0 0 0 0 0 0 0 0 0 0 0 0 0 0 0 0 0 0 0 43.8704694616 58.6163670811 69.5952949702 0 0 0 0 0 0 19 19 19 19 19 19 19 19 19 19 19 19 19 19 19 19 19 19 19 19 19 19 19 19 19 19 19 19 19 19 19 19 19 19 19 19 19 19
0 0 0 0 0 0 0 0 0 0 0 0 0 0 0 0 0 0 0 0 0 0 0 0 0 0 0 0 0 0 0 0 0 0 0 0 0 0 0 0 0 0 0 0 0 0 0 0 19 19 19 19 19 19 19 19 19 19 19 19 19 19 19 19 19 19 19 19 19 19 19 19 19 19 19 19 19 19 19 19 19 19 19 19 19
0 0 0 0 0 0 0 0 0 0 0 0 0 0 0 0 0 0 0 0 0 0 0 0 0 0 0 0 0 0 0 0 0 0 0 0 0 0 0 0 0 0 0 0 0 0 0 0 0 0 19 19 19 19 19 19 19 19 19 19 19 19 19 19 19 19 19 19 19 19 19 19 19 19 19 19 19 19 19 19 19 19 19 19 19
0 0 0 0 0 0 0 0 0 0 0 0 0 0 0 0 0 0 0 0 0 0 0 0 0 0 0 0 0 0 0 0 0 0 0 0 0 0 0 0 0 0 0 0 0 0 0 0 0 0 0 0 19 19 19 19 19 19 19 19 19 19 19 19 19 19 19 19 19 19 19 19 19 19 19 19 19 19 19 19 19 19 19 19 19
0 0 0 0 0 0 0 0 0 0 0 0 0 0 0 0 0 0 0 0 0 0 0 0 0 0 0 0 0 0 0 0 0 0 0 0 0 0 0 0 0 0 0 0 0 0 0 0 0 0 0 0 0 0 19 19 19 19 19 19 19 19 19 19 19 19 19 19 19 19 19 19 19 19 19 19 19 19 19 19 19 19 19 19 19
0 0 0 0 0 0 0 0 0 0 0 0 0 0 0 0 0 0 0 0 0 0 0 0 0 0 0 0 0 0 0 0 0 0 0 0 0 0 0 0 0 0 0 0 0 0 0 0 0 0 0 0 0 0 0 0 19 19 19 19 19 19 19 19 19 43.5384365546 43.208305633 42.5572024743 19 19 19 19 19 19 19 19 19 19 19 19 19 19 19 19 19
0 0 0 0 0 0 0 0 0 0 0 0 0 0 0 0 0 0 0 0 0 0 0 0 0 0 0 0 0 0 0 0 0 0 0 0 0 0 0 0 0 0 0 0 0 0 0 0 0 0 0 0 0 0 0 0 0 0 19 19 19 19 19 19 19 36.3745867228 32.405286753 33.9526798009 19 19 19 19 19 19 19 19 19 19 19 19 19 19 19 19 19
