Spatial_Output/BAU/BAU_0062.asc
NCOLS 155
NROWS 192
XLLCORNER 196307.867259
YLLCORNER 449144.565805
CELLSIZE 33.573938
NODATA_VALUE NaN
[rows 104 to 129 of 192, columns 57 to 113 of 155]
44.1976872832 43.080347384 45.1794998822 45.7401792574 44.9336413143 45.2922483202 44.1468944654 44.2240177049 44.9253884029 44.640784688 45.805110424 45.0981430958 43.9754725778 45.7570512934 44.4281810421 43.1618860564 44.2925719426 43.3165984954 45.6681974322 59.3103598392 59.3103598392 44.5730414065 71.9573780652 66.4806816903 69.6704983283 75.2854937342 75.2854937342 43.9821487865 82.5359876718 82.5359876718 44.3973847923 44.095511769 43.9848741013 44.9895394902 44.5865864933 43.4557098158 45.7451899144 45.014491144 44.0007225074 43.7635323601 45.1845470539 45.6587344985 45.2080250887 43.3879212319 43.9681932782 45.086348109 43.2197710977 44.231403545 43.9977975832 45.2614162112 45.028613929 44.657022679 43.8841444317 44.4577800565 43.1692759642 45.5784569544 43.2582511803
44.2704028154 44.587987849 43.4680208767 43.6387683615 45.0673326735 44.3924447959 44.9239656241 44.1187357379 45.3416640832 45.7212413859 44.0251912483 45.3011833903 45.1645811382 45.3708438084 44.4368124073 44.1996693915 45.4977154861 43.6281913469 44.3385063785 44.9934472846 43.0749500316 43.3466964491 71.9573780652 71.9573780652 66.4806816903 75.2854937342 75.2854937342 45.1197281708 82.5359876718 82.5359876718 43.750634104 44.3687622485 43.5131402374 45.446364461 44.6160594055 44.8781749823 44.2426941711 44.6062934958 44.0381979194 44.0231471223 44.5155945884 44.9419219481 43.4217415163 44.7018181393 45.4030656928 44.7148816203 43.7928900051 45.663101344 44.4079024303 45.1422310018 44.4340350999 44.3140848347 43.377087844 43.8873376946 44.944809955 43.7425099102 45.2411560868
43.0777197184 43.2943131969 44.661294828 43.3531972616 44.5100440559 45.1268261692 43.5587237449 44.955809712 43.7211663188 45.550311233 44.4724685772 45.4615794867 45.2691619554 45.0881304535 45.074605256 45.033932624 44.7920952047 43.6810506599 45.3825477399 44.3287904838 45.1572884846 43.3462860612 71.9573780652 66.4806816903 69.6704983283 76.7967486803 76.7967486803 45.258934409 44.6398701663 45.3426453958 43.6444079613 43.3801178191 44.3054211731 44.2188598229 43.7096884631 44.5857263042 45.5421891676 45.1676964698 45.3152916678 45.3569193515 43.714601848 44.7111866657 43.4062516262 43.5809940167 44.1514081949 43.4820803964 43.166192438 45.2764928617 45.035345565 43.5011086821 43.8922421599 45.4300821007 44.7512839403 44.4083008127 43.9977512699 45.2611766757 43.5100303028
44.3529732431 45.344677191 43.3944211393 43.9153594139 44.534740466 45.4003828711 43.9248115832 43.847878537 45.8242789675 44.7205317331 45.8162487966 44.3468742394 44.1347972694 44.6268724497 43.8762587996 43.2554044934 43.6171648844 43.0657604813 44.4032388528 44.0650788044 45.4576621376 45.8101907672 44.3692302432 44.0459033463 76.7967486803 76.7967486803 76.7967486803 43.2200146215 45.4910623021 43.9337571977 45.2575331139 43.1330567416 45.5228827402 44.0913453458 43.0074614989 45.6026173174 43.1247449068 44.006436925 43.4017573694 45.0208988516 45.4633032954 45.0668251111 45.6700746463 44.4892735821 45.5819119726 45.2553271659 45.0821984544 44.1176774473 43.2976666572 44.1086479801 43.5654387829 44.3912634483 44.8264272268 43.6615726504 44.4403083878 45.6680108191 45.0107168581
45.420905986 44.1057165699 43.2662486146 43.5325383725 43.2737963248 44.9684202594 45.7493070216 45.594991947 44.1521986745 45.360067977 44.4812777926 45.3434711715 44.1869905363 44.4296600021 44.4645238565 45.4969706954 44.0035750701 44.298903983 43.5161887622 44.1961734778 45.7077449585 43.0448802793 44.8009590249 43.9818603332 44.9167746744 67.2721344336 67.2721344336 43.8089023919 44.3389916364 43.6938643747 43.8065184708 44.7837295058 44.4512298037 44.8364000491 45.6362026576 44.3672735507 43.7482420368 43.3171752327 43.6478037472 45.1363596983 43.2689800189 45.1655575544 43.0975689284 45.4783244429 43.1567437853 43.1096729911 43.0052752707 45.798735325 44.364255052 45.2536588778 64.7625475192 43.4487459447 56.9583682141 44.315653019 45.4563096645 71.1197219686 43.7030327815
43.1870088436 43.8424329294 44.7448017554 44.8044381518 44.1713190493 44.3205932782 44.032426669 44.1232695997 44.0571309071 43.6106120377 45.5203804225 43.8674101089 44.523437693 45.4163924454 44.7956591192 43.4270452198 44.1746710209 43.3985888433 45.8020311738 45.4818976611 43.5227795555 45.6141132574 43.7299321412 45.696557853 67.2721344336 67.2721344336 67.2721344336 44.0140506388 43.9504893766 44.0067530873 44.5182127887 43.4532117735 44.4076077222 44.7181855409 43.7967308414 44.2915673164 43.1948040472 43.8248916174 44.171594934 45.1150311443 45.5705334867 45.7877723582 45.2348156239 43.1802816151 43.735926099 44.7886091706 45.1057046049 43.9051778057 44.697214889 44.3283732151 64.7625475192 64.7625475192 64.7625475192 56.9583682141 71.1197219686 45.6999483382 44.8895603303
44.1119326563 45.3431062634 44.0396104197 45.6146562526 43.2633227348 45.2620513409 44.7803069992 43.8234496569 51.6411789786 43.3985536847 43.3460924433 43.5779094813 44.4024162424 43.0793747655 45.4269466167 45.4778557369 43.7359029746 45.2934386453 45.312971464 71.0603675906 71.0603675906 43.6289732533 45.785404286 44.5217830654 43.0431351344 44.5435857739 45.5428007843 43.7094748577 43.1339680694 45.0084363327 43.499563045 62.9818878932 43.9894615119 43.001883573 44.45504724 43.2795168215 45.8023790535 43.5093319553 44.8571059399 44.9622247406 45.0926237849 44.5770235353 44.6773851132 43.4913779618 44.5242034005 45.4218639649 45.4268129245 71.8022436892 71.8022436892 71.8022436892 64.7625475192 64.7625475192 56.9583682141 45.8182556554 43.8607597875 71.1197219686 44.1369931312
44.6173753454 43.4056283504 44.8165281267 43.3090763286 45.3886799287 45.1164310047 44.7853746981 45.6498426839 51.6411789786 43.6182406172 44.6360883263 43.1044222413 45.0346154008 45.5605187249 44.7443436786 44.2460480822 44.7338063651 44.9182685405 44.980388533 44.3515444431 71.0603675906 43.2231752315 44.0168895315 43.2462909516 43.5809471498 45.7926613954 43.7171678323 44.387054493 43.1073335853 45.6185371503 44.5862749751 62.9818878932 45.0617636403 45.4712252148 44.9474765074 43.5632183428 45.2844076261 43.9259249507 43.0786583299 44.4664417299 43.9718983465 44.1634193615 44.6193762616 43.5325979094 44.0185766495 44.8747873056 45.3073480675 71.8022436892 71.8022436892 43.6711807023 44.6941261947 44.3353262364 43.6006373007 44.7739813523 43.3189420527 44.6227416326 43.3255729592
43.666295485 43.7530692246 43.7060646177 44.0964406519 44.554028805 44.9612388739 43.1327252566 45.0972545117 44.6531094058 45.5577309738 45.2113666252 45.8125445288 43.0833880349 43.3193644394 44.4452358442 45.7392346153 44.2629580401 44.4453457418 43.7820177782 45.4915047356 43.5931560528 44.7589911059 45.6348132509 45.1686337259 45.4296018925 43.7951232678 43.6335968954 45.8084645742 44.116158937 45.345768473 43.7691428355 44.4137229491 43.7514866665 66.8590295601 45.5837910365 43.4043567923 43.63507276 45.2721381358 44.0670234947 43.2322586671 45.5233956384 44.2597119504 44.3658387181 45.8003118585 44.6496651963 44.6869926222 45.5924931409 44.7385714236 44.0257983435 43.0726990748 45.0369736255 44.2320293764 45.0319732918 44.0173121547 45.7257892549 44.967094475 44.8168082344
45.4614828538 43.3578204533 43.5505053071 44.1277301655 44.7236800741 44.9693753178 43.0792755899 43.8894829216 45.1428359584 44.4717420449 43.522608679 44.5525606018 43.8776586186 43.6357504867 44.6518445428 45.207074149 44.180036698 43.6583330527 45.065380706 44.7881554138 45.1865586069 43.1358074682 43.0384969759 44.0080908722 43.5718331319 43.4308656831 43.2955532611 43.4799564734 43.1823605397 44.2720555373 43.3332712447 44.3304114115 43.6573958297 44.0340277781 43.2705220739 43.0939368319 43.2398464899 43.6173911333 43.1421267108 45.3026607457 45.1093992935 44.5934820714 43.136086026 44.8893859311 43.1926657285 45.0236943693 44.8381902181 72.0113909108 43.252956069 72.0113909108 45.3963116922 43.7669672003 43.2121311909 43.8747690672 45.7291275525 44.3796603516 44.6517291043
45.6679594438 45.3429722507 45.1111664875 44.9055035202 43.0407834973 43.243142875 45.7947335441 43.5534879462 43.5148304058 44.2229422679 43.7618909839 45.0295636806 45.3893631757 44.05035334 44.6254017883 43.7689587644 45.3309611161 44.072905394 43.1954450404 44.4448957779 44.9114016409 45.8027827234 43.3071916899 43.8836604812 44.6176801226 44.1644411056 57.6706362206 44.3048038289 45.0597585004 45.0387298606 43.5754770514 44.4301657864 43.6656610706 44.9579315999 45.7937879827 43.8069837635 45.5507152325 45.518682696 44.1460883185 43.5771586333 43.5324372543 43.0883528978 43.8262451675 43.9154438603 44.4638223196 44.5229764417 44.4826219027 72.0113909108 74.1437905511 44.7839332991 45.4508418355 43.3384039365 43.2711565473 45.6977810458 44.0026519882 44.4020070887 43.4437074512
44.6147430829 43.9916849442 44.2656054422 45.4516823397 44.2669728339 43.5678985935 44.2041488238 43.2459946018 44.7111186572 44.7133874441 43.5720658051 43.6388697467 43.3101367795 45.2882055837 44.1524578077 45.5776742918 44.9821776533 44.4540362354 45.0872723445 45.2487883856 44.4439875727 43.3313685384 45.5745191969 44.3030712108 45.6942762901 44.6733537547 57.6706362206 57.6706362206 45.0581261932 45.7746537087 43.3523766022 60.7498032469 44.9912845409 43.4867079474 43.2067743165 45.4173957 45.3721828481 44.3974076004 44.8984532164 45.7474790921 44.3373786601 44.7660879665 43.9223194925 45.3566732102 44.5784478598 44.3518599623 45.3011894101 74.1437905511 74.1437905511 74.1437905511 45.2539241789 43.5588768884 45.1859321748 43.2301104097 45.5550593968 44.8797027271 43.4422096498
44.1063538604 45.7551756312 44.1107230358 43.844382814 43.4801809792 44.9595485253 62.3509999401 45.2670733285 45.138847343 43.1358489633 45.0307094365 45.6317329321 44.4707335719 43.4752148829 44.6738139274 43.7018963862 43.0396626211 44.5246162021 43.1994085033 44.7508899087 44.4157300412 44.1533229139 44.6712660412 45.6057291606 43.9967868422 44.8278243317 57.6706362206 57.6706362206 92.2053169048 44.620829563 43.9176846447 60.7498032469 65.3245119349 69.5093333048 69.5093333048 44.7254438736 45.629033599 44.9743374222 44.6991016195 43.1378648791 43.0637854539 44.8148463 45.3258346535 80.4608380269 45.0805837475 69.1156517761 69.1156517761 43.7089875106 74.1437905511 65.345204759 45.7243927817 45.3842379977 45.3438833348 43.6397879954 45.6439267751 45.8039260465 44.3948358802
43.9230520608 62.4935683666 43.5161109231 45.7912346703 45.135727044 43.9667428909 45.3099045074 62.3509999401 44.4415429142 43.900250824 45.1196346179 45.395987439 45.0384383651 45.7357098679 43.2190530252 45.0590434396 43.252760624 43.7982240697 44.0910120855 43.435111651 45.4707442128 44.6200548262 43.0424507387 43.5748288353 44.8383919709 43.5659341608 43.1439173702 43.773817336 45.4403374383 44.453917917 60.7498032469 60.7498032469 69.5093333048 69.5093333048 69.5093333048 73.0440261895 45.4381297042 45.7876680482 44.1067925365 43.2548801158 45.4958523228 44.5246961855 43.544153802 80.4608380269 80.4608380269 80.4608380269 69.1156517761 43.881528565 43.6355212217 45.4646360741 65.345204759 43.4566272141 44.3748488112 45.5881453601 44.9589512008 45.1608530577 43.419912132
62.4935683666 62.4935683666 44.7306312596 44.6447192924 43.3298853806 78.0401319284 78.0401319284 45.3479182226 45.549212955 43.7776028355 44.1635627216 43.4590903037 43.0828567513 44.5016583004 44.7626279716 43.2787821651 43.4246784129 45.5255746347 43.7232841099 45.1990430469 45.666003874 45.5033902152 43.2659879438 44.0229928511 43.9108644244 43.4868518388 43.0389240023 43.9999912503 44.8156606817 44.2724347096 44.9381537524 44.1265306648 65.3245119349 69.5093333048 73.0440261895 44.8526713782 44.7901293112 44.2927185936 45.3333525333 45.5199396555 43.5629485396 43.7968376542 44.4315878982 80.4608380269 80.4608380269 43.6575864538 69.1156517761 55.9419133245 55.9419133245 55.9419133245 43.2783263132 44.2541812327 44.5393684213 45.7128219196 44.2470443146 45.6742713197 45.4879478898
62.4935683666 62.4935683666 44.7114144673 44.4691025032 43.5389851349 78.0401319284 78.0401319284 78.0401319284 44.3673119699 43.5074562261 44.6928855737 43.7974398439 45.8116767018 45.642316142 43.5275308694 45.4348367183 44.0086423994 43.4087474888 45.7549847905 44.1920277781 44.5240398518 45.4459290894 44.1927658398 45.6883334377 44.0102781852 45.3751227656 43.1660120075 44.2610789844 45.3430888887 44.9065099289 45.2202946637 43.7341575118 43.209130822 44.7149960821 59.3456506612 45.5405595196 44.7082900479 44.8046282401 43.6547271211 44.5939867369 44.9660701944 44.3187748614 45.4764270085 43.1180277532 43.8405544159 44.5010138066 43.9882188979 55.1689319097 55.9419133245 55.1689319097 45.0335221916 45.6100323685 45.4187066777 44.4713417459 44.3083959576 45.2581956685 45.0625279102
67.6414314586 43.9915294942 45.3389439551 45.2541889486 70.4420167183 70.4420167183 70.4420167183 44.7226075048 44.0059854088 45.0452150931 43.5198331954 44.8471563011 43.2497623552 43.5893955001 43.0053392738 45.1224568399 43.8148778716 45.4349915703 43.3608735931 44.1070080632 45.0960151096 43.2439203609 43.538713551 44.2184487522 45.3153629995 43.6872690127 44.9924987547 44.5448969943 45.4105253031 45.3988993058 45.785977436 44.8227334966 44.7836363729 44.3596233647 45.7403320278 45.6176403186 44.7778433058 43.7111705548 43.3333283135 44.8851085261 45.3680520557 44.0234043231 43.1608320658 45.4159143216 44.2336688623 45.4735413748 45.460743015 43.9365112928 45.6075673147 43.2350973671 45.311733237 43.9613124118 45.5058142202 45.4412008882 43.9666084157 45.0504722482 45.1188656095
44.2442883155 45.5791255056 43.5262729619 45.7049940772 69.427489051 70.4420167183 70.4420167183 45.3780364348 45.8037828307 44.5026360792 45.6262259208 45.3531378888 45.0357270876 43.8082965071 45.3550125341 45.4939923057 43.1762936179 44.9141962521 43.4253708087 45.0796710559 43.217568112 43.3852963691 43.6380727211 43.66102889 44.6433382892 45.3556016248 44.9061653237 43.6493965886 44.9249446157 44.8963278276 44.2492597681 44.4405192767 45.4890807078 44.4067673663 45.4785170034 60.6665309774 43.3379795895 45.2789156754 45.6312461596 44.3942746391 43.8074952181 45.0465631606 44.7270886067 44.8820489459 43.4408535024 44.3791175934 43.6659220837 43.8516836524 45.754832287 44.0670124421 45.5394496586 44.4453197002 44.5956192089 59.4391831282 45.5335805117 45.6438396572 44.447003726
43.4686146797 43.0437333602 45.7397546228 43.7507838285 69.427489051 44.3794171324 69.427489051 43.5590962519 45.0245135691 43.6465642878 44.5937922798 45.1338036789 44.0953630882 43.1141499709 44.3044616135 44.4500311519 44.110798884 43.2842005113 44.6934520598 44.6296209627 45.2238149522 45.2204811696 43.7615718777 44.9776220956 45.2960844042 44.6905772693 44.3783487358 45.6705494348 43.2380513487 45.0296163861 45.426464349 45.5912359451 44.4329134994 60.6665309774 44.1099079804 60.6665309774 43.7131403231 45.7007373944 45.3964027204 44.910139043 45.3248895468 44.024747992 44.9251872011 43.504323482 45.0279279304 43.4216295659 43.8792657652 45.5943167601 68.4763816527 45.74263771 91.9262695535 45.3558287501 43.8812987556 43.8696675468 59.4391831282 45.3533709731 55.3327038322
44.7307914385 43.4543803879 45.7180736936 43.5408331713 69.427489051 45.494745825 44.5424920693 45.8104957464 45.1726587274 44.8377161428 45.1712573361 44.3776048546 44.7083108566 44.1883245813 44.190807437 45.0599373131 43.2435487545 44.2562718659 43.6428169776 44.339758858 44.9750169352 43.5316242244 43.0669819831 45.3729044351 43.2532389131 44.4971359773 43.0233133464 44.8235389758 44.317007909 43.7751941679 45.1336482138 43.4566165377 44.4993395781 43.6894967591 44.0946766625 43.4590804326 44.1578452102 43.7208236503 45.0141822336 45.1701724975 43.2787441712 44.1858480132 44.9186843665 45.0642585989 43.252262466 44.6069486699 44.8101103518 45.7925488934 43.5496079286 43.23043679 91.9262695535 91.9262695535 91.9262695535 59.4391831282 59.4391831282 45.5750138397 43.6133267985
44.8577795884 43.743577896 79.0122282987 79.0122282987 43.5160645329 45.2619444547 45.7078570936 43.3524921488 44.6623218392 44.8458597088 43.0325920751 45.3564980313 45.0054790764 44.5155300508 45.5339912724 45.5821806829 43.9968478705 45.1901597347 43.2887708999 43.9662274984 44.6922151218 43.0011683023 44.0291610046 45.2238445571 54.0714500525 45.4183832765 44.7502074396 45.7073820905 43.2406136769 44.4630606818 43.7731975958 43.9985635487 45.176958694 43.6782093917 43.8532628099 70.3679994447 45.273617575 45.3679270357 45.2531108188 43.8445008967 44.5572634162 45.2721056625 44.0608559584 43.8978010965 45.3568555996 44.1134714749 45.5173409853 43.7069071105 45.8054385371 43.9035598297 91.9262695535 91.9262695535 43.6576687622 44.8728818844 45.7637731681 43.7459142608 43.4674913809
43.6562955285 79.0122282987 79.0122282987 44.7433824263 43.3942434672 44.0694679148 44.9648217441 44.0678572607 44.0149663596 45.7237543693 43.580323549 45.2623542026 45.2483377339 44.9319503909 45.1135978608 45.8132931486 45.40946098 44.6653811347 43.2792682493 45.4439390177 44.6414222823 43.1769036979 43.9656834332 44.3131716842 67.3629798968 45.4391942933 44.1494799069 45.2920847785 45.7451747783 44.4238331556 43.1276397805 44.6634729023 45.1699383508 43.7842090441 70.3679994447 70.7258515506 45.54053716 45.7214873329 43.7426711019 45.6680246048 44.0753979841 70.3157100088 70.3157100088 43.3758782731 74.0867066275 43.8911770537 44.5718695464 45.7569460956 43.7269246088 44.2984823041 44.0745441567 43.9131836506 43.6750316768 45.2746455464 44.085937315 43.9533186776 44.4411705735
43.1697506346 44.2674688617 45.304199158 45.8003159106 43.1360838473 44.0609694049 44.6278600771 45.7485481454 44.8281479317 45.5803224423 45.0732088048 44.1764301357 43.9576289361 45.6453007157 43.4175242577 45.1080852323 45.6165360633 45.0166406286 43.0071643476 43.7282137445 44.8624206862 45.3600060595 44.7011788852 67.3629798968 67.3629798968 43.4957041835 56.4277195005 44.1430105062 44.7114452482 43.8102144283 43.3878723633 45.4350172601 45.8046136299 43.0194940865 70.7258515506 70.7258515506 70.7258515506 45.273052432 52.5910331097 45.7908971609 45.5974544582 70.3157100088 70.3157100088 45.5900636482 43.9615104619 44.1935621862 43.2217945599 45.3778545012 45.8266715004 45.2181532817 44.1395343685 44.6728940218 43.0398766141 45.7028327656 43.0193820642 45.0810816055 43.9174189078
43.8616367889 43.7983170611 43.5195793194 74.6878836705 77.1501607932 77.1501607932 77.1501607932 44.0911654436 45.3599371229 44.0925913681 44.9992217994 43.8162942075 45.0324538636 43.6324116888 43.4871561843 45.1014316173 45.4649882585 45.5156802388 45.1305341667 45.6479879075 45.1121454993 43.4904477883 43.5600989704 44.6617928342 45.6436317579 44.3041082549 44.4167171757 43.7134928227 43.4191855578 44.1943396584 45.5834157982 43.948428463 43.2913773094 44.6832658118 43.8818510728 45.3260137368 64.6567763352 64.6567763352 64.6567763352 52.5910331097 43.1707822651 45.1373189412 70.3157100088 74.0867066275 45.1244215029 43.4282017973 45.3454689772 45.408673553 44.6285209827 43.4143399384 45.3565483644 43.5053287557 43.817935119 45.5784420571 44.8932853047 43.4112286025 45.4807841324
44.2373737798 45.0202707423 44.4792385177 77.1501607932 77.1501607932 77.1501607932 52.9967380731 89.2643020486 43.048853039 44.7421143939 44.3980580336 44.5502575801 44.335611312 44.8963361658 43.5934707542 43.6502222106 44.0038798346 44.0825270969 45.2658342318 43.7420665712 44.8847127727 43.3172021018 44.0353745376 43.4313921908 45.429983187 68.717189643 43.7561013609 44.5031439643 43.633657742 44.4515855384 44.3071845606 44.4922898601 43.0029437201 45.5216093808 43.7049093433 44.8840952335 72.08817312 64.6567763352 52.5910331097 43.0170620364 63.5809958222 45.2804924392 44.4283833105 44.9020215478 43.6020778734 45.3431242008 44.8312546694 44.0984601179 44.3938917881 43.7956356751 44.6679034903 44.916710132 43.6724959274 45.3525961782 44.8852803976 44.081547425 43.2188435044
43.4954145657 43.3986463707 44.424304163 43.198542603 52.9967380731 77.1501607932 89.2643020486 89.2643020486 45.4246180979 43.4905629948 45.1417198669 45.6590623241 43.2378842978 45.5865742226 43.842044139 44.9475477486 43.4909662031 43.8984479263 45.6010930963 44.484378182 43.4661442575 44.5631387096 45.1509998431 62.6147938684 53.255083866 53.255083866 45.625631025 43.5540475552 43.6701693382 45.2070833872 43.1777376888 43.9107646673 43.6137608965 44.0804748715 44.8372318747 45.4716287241 44.4533696539 64.6567763352 45.6481423342 45.1682751459 45.7822033184 43.1537130276 45.6118334966 43.1362828211 44.0223274027 44.5729561069 43.1557857014 44.1160034222 45.0687308264 43.4535078798 45.3851675287 44.8816025802 44.074145669 44.4032839365 44.9826216099 45.5631540642 44.5349657225
