Spatial_Output/BAU/BAU_1244.asc
NCOLS 155
NROWS 192
XLLCORNER 196307.867259
YLLCORNER 449144.565805
CELLSIZE 33.573938
NODATA_VALUE NaN
[rows 102 to 135 of 192, columns 77 to 153 of 155]
28 59.7960916609 28 28 28 28 28 28 28 28 28 28 28 28 28 28 28 28 28 28 62.3674648854 53.2651103884 28 78.5350438424 57.385685824 28 39.8466384539 39.8466384539 38.9394661982 38.9394661982 53.9006455797 53.9006455797 28 28 28 28 28 28 28 28 28 28 28 28 28 28 28 28 28 28 28 28 28 28 28 28 28 62.7613046748 28 52.8304677925 46.6977615033 48.6521785496 48.6521785496 48.6521785496 0 0 0 0 0 0 0 0 0 0 0 0 0
54.1349716707 28 28 28 28 28 28 28 28 28 28 43.8958355333 28 28 78.4248635804 28 54.7508118228 58.8195067467 58.8195067467 77.860608263 62.3674648854 53.2651103884 53.2651103884 57.385685824 57.385685824 78.5350438424 39.8466384539 39.8466384539 38.9394661982 70.5626226335 53.9006455797 28 28 28 28 28 28 55.4751160047 55.4751160047 28 28 28 28 28 28 28 28 28 28 28 28 28 28 28 28 28 28 28 28 28 63.7483269059 48.6521785496 48.6521785496 48.6521785496 0 0 0 0 0 0 0 0 0 0 0 0 0
62.5516783073 54.1349716707 42.3792883348 28 52.5966360414 52.5966360414 52.5966360414 53.8670056653 28 28 67.282860564 67.282860564 67.282860564 28 78.4248635804 78.4248635804 54.7508118228 58.8195067467 58.8195067467 77.860608263 62.3674648854 53.2651103884 57.385685824 28 57.385685824 28 28 40.0519563655 40.0519563655 56.9148928241 28 28 28 28 28 28 28 55.4751160047 28 55.4751160047 28 28 28 28 28 28 28 28 28 28 28 28 28 28 28 28 65.8163729927 65.8163729927 28 28 0 0 48.6521785496 48.6521785496 0 0 0 0 0 0 0 0 0 0 0 0 0
62.5516783073 62.5516783073 28 28 28 52.5966360414 53.8670056653 53.8670056653 28 28 67.282860564 67.282860564 74.8204278952 28 78.4248635804 57.2535706146 28 45.3877298181 58.8195067467 28 28 53.2651103884 28 28 28 28 40.0519563655 28 40.0519563655 28 28 28 28 28 28 28 28 28 44.2860053705 44.2860053705 28 28 28 28 28 28 28 28 28 28 28 28 28 28 28 28 65.8163729927 65.8163729927 65.8163729927 0 0 0 0 0 0 0 0 0 0 0 0 0 0 0 0 0 0
64.2892763926 64.2892763926 42.3792883348 28 28 43.4180860232 63.2916714298 53.8670056653 28 28 28 50.023400357 50.023400357 50.023400357 50.023400357 28 28 28 28 28 28 28 28 28 28 28 28 28 28 28 28 28 28 28 28 28 28 44.2860053705 44.2860053705 44.2860053705 28 28 28 28 28 28 28 28 28 28 28 28 28 28 83.2329556325 83.2329556325 83.2329556325 83.2329556325 28 0 0 0 0 0 0 0 0 0 0 0 0 0 0 0 0 0 0
64.2892763926 28 28 28 43.4180860232 43.4180860232 43.4180860232 28 28 28 28 28 62.4815217513 50.023400357 62.4815217513 28 28 28 28 28 28 28 28 28 28 28 53.6228377498 53.6228377498 53.6228377498 53.6228377498 28 28 28 28 28 28 28 75.1342777529 57.1504096506 57.1504096506 78.3993491033 28 28 28 28 28 28 28 28 28 28 28 28 28 28 83.2329556325 83.2329556325 28 28 0 0 0 0 0 0 0 0 0 0 0 0 0 0 0 0 0 0
60.5242926992 60.5242926992 28 28 28 45.1013794544 45.1013794544 28 28 28 28 28 28 62.4815217513 28 28 28 28 28 28 28 28 28 28 28 28 53.3985797903 53.6228377498 53.6228377498 28 28 55.4147317119 44.9610909439 44.7295394101 77.0840904241 28 46.6640854708 75.1342777529 75.1342777529 57.1504096506 78.3993491033 45.5957767247 45.5957767247 54.9396118928 28 28 28 28 28 28 28 28 28 58.5477943828 58.5477943828 56.9365482528 28 28 0 0 0 0 0 0 0 0 0 0 0 0 0 0 0 0 0 0 0
28 54.2211754892 28 28 28 65.184961265 65.184961265 28 28 47.7788806876 54.8458725641 60.5800247189 49.1999687755 28 28 54.7389925168 76.1430086276 28 28 57.4588984437 28 28 28 28 55.6390804194 53.3985797903 53.3985797903 36.0856079998 36.0856079998 28 28 55.4147317119 44.7295394101 44.7295394101 77.0840904241 28 46.6640854708 75.1342777529 63.6372251265 63.6372251265 78.3993491033 45.5957767247 45.5957767247 54.9396118928 54.9396118928 65.4016994709 28 60.4690863145 56.5500179478 28 28 28 28 58.5477943828 58.5477943828 58.5477943828 28 28 0 0 0 0 0 0 0 0 0 0 0 0 0 0 0 0 0 0 0
59.8962338045 45.805257992 70.335081563 70.335081563 45.5657473805 70.9441374836 70.9441374836 28 28 47.7788806876 59.5067644358 49.1999687755 49.1999687755 59.4604301767 59.4604301767 54.7389925168 28 28 57.4588984437 57.4588984437 57.4588984437 28 74.1917652635 55.6390804194 28 53.3985797903 53.3985797903 28 28 48.7113114743 28 55.4147317119 44.9610909439 44.7295394101 77.0840904241 28 46.6640854708 63.6372251265 53.0430866832 53.0430866832 63.6372251265 45.5957767247 53.4098299659 54.9396118928 65.4016994709 49.1120467797 60.4690863145 56.5500179478 56.5500179478 55.922234095 55.922234095 50.0337490769 63.9178962712 54.9319419108 63.9178962712 28 28 28 0 0 0 0 0 0 0 0 0 0 0 0 0 0 0 0 0 0 0
48.6684172174 48.6684172174 70.335081563 70.335081563 43.3370600344 70.9441374836 70.9441374836 43.3370600344 28 47.7788806876 59.5067644358 49.1999687755 49.1999687755 59.4604301767 59.4604301767 54.7389925168 76.1430086276 28 28 57.4588984437 28 28 28 28 28 28 53.3985797903 39.6378497829 39.6378497829 39.6378497829 28 28 28 28 28 28 28 28 53.0430866832 60.7563189787 28 28 28 28 65.4016994709 28 28 56.5500179478 56.5500179478 50.956737928 50.956737928 50.956737928 54.9319419108 66.6665292213 66.6665292213 28 28 28 52.1488716001 40.7781986634 0 0 0 0 0 0 0 0 0 0 0 0 0 0 0 0 0
48.6684172174 28 70.335081563 28 45.5657473805 51.4427868172 59.9070241844 28 28 47.7788806876 54.8458725641 28 28 59.4604301767 28 28 28 28 28 28 28 28 28 28 28 28 28 39.6378497829 39.6378497829 28 28 28 28 28 28 28 28 28 60.7563189787 60.7563189787 60.7563189787 28 28 28 28 28 28 28 28 28 50.956737928 50.9680744642 52.7238027099 52.7238027099 66.6665292213 28 28 52.1488716001 52.1488716001 52.1488716001 40.7781986634 0 40.7781986634 0 0 0 0 0 0 0 0 0 0 0 0 0 0
52.1357393773 52.1357393773 28 28 28 59.9070241844 59.9070241844 59.9070241844 28 28 28 28 28 59.4604301767 59.4604301767 28 28 28 28 28 28 28 28 28 28 28 28 59.2380239269 59.2380239269 59.2380239269 28 28 28 28 28 28 28 28 28 79.3375340614 28 28 28 28 28 28 28 28 28 28 28 28 52.7238027099 52.7238027099 52.7238027099 28 28 52.1488716001 52.1488716001 40.7781986634 40.7781986634 0 40.7781986634 40.7781986634 0 0 0 0 0 0 0 0 0 0 0 0 0
52.1357393773 70.0299506751 28 28 28 64.8835991944 59.9070241844 42.8851473702 28 28 28 28 28 62.8898981735 62.8898981735 28 28 28 28 28 28 28 28 28 28 28 28 64.5147540069 59.2380239269 64.5147540069 28 28 28 28 28 28 28 28 60.0250781376 60.0250781376 60.0250781376 28 28 75.7924754557 28 58.9394881011 28 28 28 57.2300394983 57.2300394983 28 28 28 28 28 28 0 0 0 0 0 40.7781986634 40.7781986634 0 0 0 0 0 0 0 0 0 0 0 0 0
82.555495815 82.555495815 28 64.1229101712 28 64.8835991944 42.8851473702 54.8995843859 54.8995843859 28 28 28 62.8898981735 54.3243787591 54.3243787591 62.8898981735 28 28 28 28 28 28 28 28 28 28 28 64.5147540069 48.9602177392 28 28 28 28 28 42.8111768502 42.8111768502 68.4897922826 28 48.5144193003 48.5144193003 48.5144193003 52.9159194215 52.9159194215 28 56.148427879 56.148427879 80.8071234437 28 53.8898621245 53.8898621245 53.8898621245 28 28 28 28 28 57.736153207 37.2637924353 57.3874499766 57.3874499766 0 0 0 0 0 0 0 0 0 0 0 0 0 0 0 0 0
82.555495815 53.1547267983 28 64.1229101712 64.1229101712 54.7737856179 72.3199573825 54.8995843859 54.8995843859 28 49.2401037163 49.2401037163 60.2755714307 54.3243787591 54.3243787591 54.3243787591 67.5199610478 67.5199610478 60.5696308809 58.2175405573 42.1586523548 51.942897951 42.1586523548 44.2411288187 54.0907685981 48.4795623905 28 48.9602177392 62.2734174883 62.2734174883 51.5613362348 28 68.4751203829 68.4751203829 42.8111768502 42.8111768502 68.4897922826 68.4897922826 48.5144193003 48.5144193003 48.5144193003 52.9159194215 52.9159194215 75.7924754557 56.148427879 56.148427879 80.8071234437 28 28 53.8898621245 53.8898621245 48.623656628 46.906896321 28 28 28 57.736153207 37.2637924353 37.2637924353 57.3874499766 0 0 0 0 0 0 0 0 0 0 0 0 0 0 0 0 0
53.1547267983 53.1547267983 60.4692523861 64.1229101712 49.7054803457 28 28 28 54.8995843859 28 49.2401037163 49.2401037163 28 61.3102766595 61.3102766595 67.5199610478 67.5199610478 58.2175405573 60.5696308809 60.5696308809 42.1586523548 51.942897951 51.942897951 44.2411288187 48.4795623905 48.4795623905 48.4795623905 62.2734174883 62.2734174883 62.2734174883 51.5613362348 51.5613362348 68.4751203829 68.4751203829 42.8111768502 42.8111768502 68.4897922826 28 28 54.977863003 28 52.9159194215 28 75.7924754557 28 28 28 57.4825712285 50.7497847701 50.7497847701 62.6400542148 46.906896321 46.906896321 47.8087272892 28 28 57.736153207 37.2637924353 57.3874499766 0 0 0 0 0 0 0 0 0 0 0 0 0 0 0 0 0 0
53.1547267983 52.7573494469 28 28 28 28 28 28 28 28 28 28 28 41.1437983684 61.3102766595 28 67.5199610478 28 60.5696308809 58.2175405573 42.1586523548 51.942897951 51.942897951 44.2411288187 44.2411288187 48.4795623905 28 28 62.2734174883 62.2734174883 51.5613362348 53.3351662169 28 28 28 42.8111768502 28 28 28 28 28 28 28 28 28 28 28 57.4825712285 50.7497847701 50.7497847701 50.7497847701 46.906896321 46.906896321 28 28 66.9575347672 0 0 0 0 0 0 0 0 0 0 0 0 0 0 0 0 0 0 0 0 0
56.9485236269 28 28 28 28 28 28 28 28 28 28 28 28 28 54.6766041142 28 28 28 28 28 42.1586523548 28 28 28 28 28 28 42.2604121656 48.9602177392 28 28 28 28 28 28 28 28 28 28 28 28 28 28 28 28 28 28 66.6966088302 66.6966088302 50.7497847701 55.3177723347 55.3177723347 55.3177723347 28 28 0 0 0 0 0 0 0 0 0 0 0 0 0 0 0 0 0 0 0 0 0 0
28 28 56.9485236269 56.9485236269 28 28 28 28 28 28 28 28 28 28 28 28 28 28 28 28 28 28 28 28 28 28 28 28 56.1958344583 56.1958344583 28 28 28 28 28 28 28 40.3448892797 57.6132243556 62.3195119164 46.5623294965 46.5623294965 50.5286233628 28 28 28 28 28 66.6966088302 66.6966088302 56.2642800317 56.2642800317 56.2642800317 28 28 0 0 0 0 0 0 0 0 0 0 0 0 0 0 0 0 0 0 0 0 0 0
28 28 52.9686038396 52.9686038396 52.9686038396 28 28 28 28 28 28 28 28 66.8917035008 61.4970393519 61.4970393519 28 28 28 28 28 28 28 28 28 28 28 28 56.1958344583 56.1958344583 28 28 28 41.5410876364 51.093347837 65.364499216 65.364499216 40.3448892797 62.3195119164 62.3195119164 62.3195119164 68.968388468 50.5286233628 28 28 28 28 28 28 75.5055632503 46.1186711787 46.1186711787 61.52399415 28 0 0 0 0 0 0 0 0 0 0 0 0 0 0 0 0 0 0 0 0 0 0 0
28 28 52.9686038396 52.9686038396 28 28 28 28 28 28 28 28 28 61.4970393519 61.4970393519 61.4970393519 28 28 28 28 28 28 28 28 28 28 28 28 56.1958344583 56.1958344583 56.1958344583 28 51.093347837 51.093347837 51.093347837 44.7615412909 65.364499216 40.3448892797 40.3448892797 62.3195119164 71.8988759829 28 28 28 28 28 28 28 28 28 75.5055632503 28 28 28 0 0 0 0 0 0 0 0 0 0 0 0 0 0 0 0 0 0 0 0 0 0 0
28 28 28 52.9686038396 51.7042022565 28 28 28 28 28 28 28 28 60.8042840501 60.8042840501 60.8042840501 28 28 28 28 28 28 28 28 28 28 55.9986564967 28 56.1958344583 56.1958344583 28 28 51.093347837 51.093347837 51.093347837 44.7615412909 65.364499216 28 71.8988759829 71.8988759829 64.7983325875 54.7952355133 28 28 28 28 28 28 28 75.5055632503 75.5055632503 28 28 28 0 0 0 0 0 0 0 0 0 0 0 0 0 0 0 0 0 0 0 0 0 0 0
28 28 51.7042022565 51.7042022565 51.7042022565 28 28 28 28 28 28 28 28 28 60.8042840501 60.8042840501 28 28 28 28 28 28 28 50.0804259573 71.0137630408 45.7384211366 55.9986564967 28 28 58.9651939352 58.9651939352 28 28 28 28 28 28 28 28 71.1340966935 71.1340966935 43.7987224305 28 28 28 28 28 28 28 61.1304643089 75.5055632503 75.5055632503 28 0 0 0 0 0 0 0 0 0 0 0 0 0 0 0 0 0 0 0 0 0 0 0 0
28 28 28 51.0101456399 28 28 28 28 28 28 28 28 28 28 28 60.8042840501 60.8042840501 28 28 28 42.612891236 43.9422507465 28 86.9869046828 71.0137630408 71.0137630408 45.7384211366 55.9986564967 28 58.9651939352 28 28 28 28 28 28 28 28 28 71.1340966935 71.1340966935 47.2759827743 28 28 28 28 28 28 28 28 54.0545405606 73.2944196585 28 0 0 0 0 0 0 0 0 0 0 0 0 0 0 0 0 0 0 0 0 0 0 0 0
28 28 51.0101456399 71.852511423 71.852511423 47.4151198212 28 69.0295943554 60.4592207079 28 28 41.5334040772 28 28 60.8042840501 60.8042840501 71.7435226696 28 71.7435226696 28 42.612891236 42.612891236 43.9422507465 50.0804259573 71.0137630408 71.0137630408 63.9688883942 28 28 28 28 28 28 28 28 28 28 28 28 47.2759827743 47.2759827743 28 28 28 28 28 28 28 28 66.4863961922 66.4863961922 28 28 0 0 0 0 0 0 0 0 0 0 0 0 0 0 0 0 0 0 0 0 0 0 0 0
28 28 71.852511423 71.852511423 71.852511423 71.852511423 47.4151198212 53.7170325601 53.7170325601 55.1469473696 67.3407157676 28 28 28 41.8489992882 28 71.7435226696 71.7435226696 71.7435226696 28 42.612891236 42.612891236 28 28 28 28 28 28 28 28 28 28 28 28 28 28 28 28 28 64.5715501826 70.4761398939 28 28 28 28 28 28 38.8038032435 38.8038032435 38.8038032435 28 28 0 0 0 0 0 0 0 0 0 0 0 0 0 0 0 0 0 0 0 0 0 0 0 0 0
28 28 28 73.9892704898 62.9396951155 47.4151198212 61.3166794547 53.7170325601 53.7170325601 67.3407157676 67.3407157676 46.1393412251 28 28 28 41.8489992882 71.7435226696 71.7435226696 28 28 28 28 28 28 28 28 28 28 28 28 28 28 28 28 28 28 28 28 28 70.4761398939 57.4770396118 70.4761398939 28 28 28 28 28 28 38.8038032435 38.8038032435 28 28 0 0 0 0 0 0 0 0 0 0 0 0 0 0 0 0 0 0 0 0 0 0 0 0 0
28 28 28 73.9892704898 73.9892704898 28 28 60.4592207079 53.7170325601 65.3482804659 67.3407157676 46.1393412251 28 28 41.8489992882 41.8489992882 41.8489992882 65.3641063337 28 28 28 28 28 28 28 28 28 28 28 28 28 28 28 28 28 28 28 28 28 57.4770396118 57.4770396118 57.4770396118 28 28 28 28 70.2763759862 70.2763759862 70.2763759862 70.2763759862 28 28 0 0 0 0 0 0 0 0 0 0 0 0 0 0 0 0 0 0 0 0 0 0 0 0 0
28 28 28 28 57.436213082 28 28 28 28 28 28 28 28 28 28 28 28 28 28 28 28 28 28 28 28 28 28 28 28 28 28 28 28 28 28 28 28 28 28 51.9466210499 57.4770396118 51.9466210499 28 28 28 28 28 70.2763759862 70.2763759862 28 28 0 0 0 0 0 0 0 0 0 0 0 0 0 0 0 0 0 0 0 0 0 0 0 0 0 0
28 28 28 28 28 28 28 28 28 28 28 28 28 28 28 28 28 28 28 28 28 28 28 28 28 28 28 28 28 28 28 28 28 28 28 28 28 28 28 28 28 65.509443594 28 28 28 28 56.7021949757 45.8618899353 56.7021949757 28 28 0 0 0 0 0 0 0 0 0 0 0 0 0 0 0 0 0 0 0 0 0 0 0 0 0 0
28 28 28 28 28 28 28 28 28 28 28 28 28 28 28 28 28 28 28 28 28 28 28 28 28 28 28 28 28 28 28 28 28 28 28 28 28 28 28 28 72.8913918925 65.509443594 28 28 28 28 45.8618899353 45.8618899353 45.8618899353 28 28 0 0 0 0 0 0 0 0 0 0 0 0 0 0 0 0 0 0 0 0 0 0 0 0 0 0
28 28 28 28 28 28 28 28 28 28 56.7658258882 56.7658258882 28 28 28 28 28 28 28 28 28 28 28 28 28 28 28 28 28 28 28 28 28 28 28 28 28 28 28 72.8913918925 72.8913918925 72.8913918925 28 28 28 61.7617748775 28 28 28 28 28 0 0 0 0 0 0 0 0 0 0 0 0 0 0 0 0 0 0 0 0 0 0 0 0 0 0
28 28 28 28 28 28 28 28 28 56.7658258882 66.3371463842 66.3371463842 66.3371463842 56.4049186891 28 28 28 28 28 28 28 28 28 28 28 28 28 28 28 28 28 28 28 28 28 28 28 28 28 47.0909956896 44.9510032326 44.9510032326 28 45.9347363983 53.4893498433 61.7617748775 61.7617748775 28 72.4493457276 61.4794583963 61.4794583963 28 71.2475494159 48.2995619474 0 0 0 0 0 0 0 0 0 0 0 0 0 0 0 0 0 0 0 0 0 0 0
28 28 28 28 28 28 28 28 28 28 66.3371463842 66.3371463842 66.3371463842 28 28 28 28 28 28 28 28 28 28 28 28 28 28 28 28 28 28 28 28 28 28 28 28 28 28 28 44.9510032326 44.9510032326 45.9347363983 45.9347363983 53.4893498433 61.7617748775 61.7617748775 72.4493457276 72.4493457276 61.4794583963 61.4794583963 60.5975932173 60.5975932173 28 51.4579509686 51.4093329249 0 0 0 0 0 0 0 0 0 0 0 0 0 0 0 0 0 0 0 0 0
