Spatial_Output/BAU/BAU_0686.asc
NCOLS 155
NROWS 192
XLLCORNER 196307.867259
YLLCORNER 449144.565805
CELLSIZE 33.573938
NODATA_VALUE NaN
[rows 75 to 99 of 192, columns 0 to 56 of 155]
69.2314019752 80.1236992038 80.1236992038 58.3068292644 58.3068292644 80.4101538359 58.1193782535 58.1193782535 82.7754590203 72.2813109616 80.1200983016 58.3681737716 27.1832566869 27.0631230566 27.7721574335 25.0983847507 28.8830897885 28.8044315762 26.5541557148 26.3724521497 25.9113097629 28.4207319704 27.4622472194 25.0080257036 27.7728521835 28.1117186221 25.7229932282 54.5853233376 76.0215272069 76.0215272069 76.0215272069 26.9295516656 28.4095938509 25.6027365492 28.3392768458 28.6497800173 54.8801794036 54.8801794036 67.0426236412 25.2336085036 27.1391112218 25.7052883323 26.2239227984 28.2736483515 27.8700709962 26.5691561174 28.8398560826 29.2423736236 27.51577882 26.8375795129 26.7892875183 27.6100164029 28.3089967374 26.0252513745 25.9037361148 48.1250536091 27.7771881508
0 80.1236992038 80.1236992038 58.3068292644 58.3068292644 58.1193782535 58.1193782535 58.1193782535 72.2813109616 80.1200983016 61.9326321587 62.5502868817 27.4284859069 28.2779794869 25.6556342053 28.5912472005 25.4816418518 28.9000004071 27.822698002 25.9600412501 26.5966134705 27.145601304 26.1131429414 29.0874598734 28.7002063816 28.8050931368 26.8947039128 91.5079823398 54.5853233376 91.5079823398 57.5385091643 25.9605100092 28.6829734722 26.8672718761 26.881876932 29.0158626287 28.6501333471 27.4539004971 29.0178031572 25.0586992678 27.4616331218 27.7127264049 48.4102858348 28.2388248475 28.4277943941 29.0686646044 29.2235561732 25.0774412337 27.6948305939 25.0801692193 29.2341764979 27.0385460681 29.0747700333 27.1233692747 26.5078283686 46.5672714761 46.5672714761
0 0 68.9333533432 0 58.3068292644 44.9185358791 58.1193782535 44.7119450624 50.2615269702 59.9807727217 55.9609285815 61.9326321587 26.5094730587 25.8253978892 27.7743811906 27.2233714683 27.3626650219 27.2545812852 25.9532627291 25.7154154989 28.2516303723 26.7596618188 27.1401357575 25.2991461738 28.4172534685 28.7757773625 26.1507478561 25.439694544 91.5079823398 68.3764886718 25.4778931011 61.6340454192 50.1689312688 28.3261421033 75.1912694214 45.1738852528 48.8442525267 25.7215120908 50.409875936 26.409663878 27.8143230181 27.3916823854 27.9940357672 28.7612632783 25.9451637958 28.9360592207 29.0263548256 29.1728863345 28.1146328419 26.0779929576 25.2622892675 25.9068115799 27.3891959328 25.4553036484 28.4260703993 46.5672714761 46.5672714761
0 0 0 0 44.9185358791 44.9185358791 44.7119450624 50.2615269702 50.2615269702 63.1178622253 62.8169080115 56.8047565188 56.8047565188 28.6613516238 25.4137014587 26.9977964436 25.3089400941 26.0635700088 25.4467461111 26.2587727181 25.5559328858 46.231405575 76.0975006254 76.0975006254 29.2141847466 57.8387324792 49.7460062215 49.7460062215 52.8603732685 68.3764886718 68.3764886718 50.1689312688 50.1689312688 75.1912694214 75.1912694214 53.3628405152 53.3628405152 28.5372024114 28.8064816203 28.0234707844 25.5622520073 25.87374819 27.8311582457 28.9582204144 25.0737074125 25.1124150568 25.9479473583 28.7419065271 28.8528069382 26.9914360388 59.463972041 26.2046472074 27.8561057931 47.7240760908 29.0813661862 26.9858258657 26.7833813231
0 0 0 0 44.9185358791 44.9185358791 44.7119450624 50.2615269702 50.2615269702 63.1178622253 62.8169080115 56.8047565188 57.9816101138 25.7722343056 28.782615315 26.3036163719 26.4456510809 26.1512117739 28.1530594852 28.6266126689 46.231405575 76.0975006254 76.0975006254 76.0975006254 27.8585068211 57.8387324792 49.7460062215 49.7460062215 59.7101961347 68.3764886718 48.3494201584 47.1587352132 50.1689312688 75.1912694214 75.1912694214 53.3628405152 53.3628405152 44.5203685863 29.2079550823 27.4300669299 26.4231315689 28.6088134216 26.1766466572 28.2327787685 26.0247107572 27.8936206949 29.0410718523 39.9843076997 74.2552765798 29.0890040559 25.6059620411 59.463972041 47.7240760908 47.7240760908 47.7240760908 25.5352782831 26.828343465
0 0 0 0 0 44.9185358791 0 0 60.3958482826 59.9807727217 55.9609285815 62.365364434 56.8047565188 26.4886886621 25.7819500935 27.9353903089 25.8750637942 25.3175755451 25.6175893834 26.1664484036 25.183405302 46.231405575 76.0975006254 61.9823764836 27.9548850379 58.9541325117 47.8183400027 49.7460062215 59.7101961347 68.3764886718 25.2718342494 27.6053650002 47.1587352132 61.5362505706 26.0294981856 53.3628405152 53.3628405152 27.9579357454 29.2374277447 26.5932487466 26.2478235741 27.4445082575 25.0181376952 28.6664516649 25.1207506457 43.5418657688 25.044928013 73.0857020463 73.0857020463 74.2552765798 59.463972041 59.463972041 25.7815456796 47.7240760908 25.122754627 28.7293397952 25.9893266155
0 0 0 0 0 0 0 0 0 0 0 0 0 0 26.1617656629 26.2111036481 27.7993435142 28.3602032892 25.7639598603 26.585338238 27.2154328095 26.9898536714 26.4142337637 28.259389654 55.5006742942 58.8178847248 47.8183400027 47.8183400027 52.3008830284 29.1011897072 26.1217793114 25.1597407108 27.3294289231 28.8439881217 29.1492688443 26.4086224366 28.0571376804 26.4805711262 28.1614759814 27.8572609715 26.5503042712 26.5998550183 26.2701811533 27.3539929502 29.0314286719 28.6688993456 26.6162962442 73.0857020463 27.4704432606 25.6570184343 25.3107973133 27.0581535474 27.3098711948 27.4718879185 25.8898254075 28.9803779967 26.4152086471
0 0 0 0 0 0 0 0 0 0 0 0 0 0 28.0390723675 28.9015864712 27.9640055116 25.5313862666 26.0557302813 25.5997207846 26.1378807828 25.4391921785 27.7264125546 49.2915249044 55.5006742942 55.5006742942 58.8178847248 73.254754578 25.6388339747 28.5431748527 26.8880257187 25.5937935774 27.7284093703 28.8974276993 28.5671577689 25.4129625015 26.2736265651 25.8574021005 26.7463995074 26.1189478203 28.4620230703 27.8507735942 26.5576227055 27.7464626584 26.9133332512 26.1226955267 27.3426414079 68.3098958335 68.3098958335 27.4251311431 28.0341812324 28.6920105619 28.1409707569 25.0422422123 28.4027313667 26.0036533548 27.1718901589
0 0 0 0 0 0 0 0 0 0 0 0 0 0 25.624632771 26.7211776369 27.6644381083 27.8102842515 27.3018472273 28.5421793189 53.4610965889 80.1416746264 42.1602788575 49.2915249044 55.5006742942 55.5006742942 55.5006742942 29.1298904643 25.3652188859 25.0309610523 28.7890548044 27.0504496218 25.2415532294 28.6997666995 28.798336687 27.9132344619 29.1778503764 28.7547485496 25.8339474771 27.1635656769 27.4200525482 26.1651021826 27.1402795024 26.1846833934 28.5294993591 27.8819331438 25.0422514574 68.3098958335 68.3098958335 68.3098958335 25.1404586869 28.0586950058 29.0232580763 25.4302163192 26.3462225163 27.2632017691 26.226608781
0 0 0 0 0 0 0 0 0 0 0 0 0 0 25.0189934456 27.0597854972 27.8713272818 27.6298162527 26.9320106356 64.6235545174 64.6235545174 80.1416746264 80.1416746264 42.1602788575 49.2915249044 49.2915249044 26.1251271164 25.0415568403 27.5007721889 26.7103033438 28.0616736783 29.0634183332 27.6516025816 28.3580459796 25.1134841594 29.222754178 27.6763356248 26.2296991655 27.6263935447 28.0663428546 26.6867236819 28.5192413983 26.9240723086 26.6386194047 27.8608778636 25.0412249558 26.0164122448 27.5439158298 68.3098958335 26.9243378911 25.8722879482 27.4514649883 29.0382772981 26.8343792897 25.9068509751 26.6979034926 25.8397676429
0 0 0 0 0 0 0 0 0 0 0 0 0 0 28.983558099 25.9389206028 26.890671926 27.5772359978 44.3127068471 44.3127068471 44.3127068471 53.4610965889 80.1416746264 42.1602788575 28.6858900059 28.0868786707 25.6412692527 25.2961974031 26.384455712 27.7170680269 26.9150987244 28.1659033567 27.5085540922 28.9169397351 26.9875134212 25.3588389941 28.3611472173 27.4570813616 27.1415621704 26.8415068806 28.486704486 25.9830377709 26.1635464055 25.6642657424 25.7312220194 26.2937501034 25.8340444581 48.0638105194 48.0638105194 25.7961131551 26.6543377682 27.1630662502 25.8588839437 27.5299350593 28.8168173169 26.8255004971 27.6315525169
0 0 0 0 0 0 0 0 0 0 0 0 0 0 25.8251228043 27.2762301607 26.8598568297 54.578250176 54.578250176 44.3127068471 64.6235545174 28.2088653549 26.3210592277 27.5957412541 27.212645685 26.917263979 28.1890524717 27.2400454232 29.0272413337 28.1685884015 27.4253856137 27.3942996702 28.4458821254 27.7399563104 26.7411137434 28.9970016455 28.3864275808 27.4171392734 26.3979446852 27.1485333887 27.8252494388 25.2374333127 27.4689544486 26.871432456 26.5209200342 26.1968806372 28.3995658288 26.4851327875 28.3181036686 26.4362519926 25.2158729307 27.1335092947 28.2754085146 26.2842227548 28.6307153347 26.8715848285 27.4778796633
0 0 0 0 0 0 0 0 0 0 0 0 0 0 0 25.4950190282 26.1301652956 54.578250176 54.578250176 54.578250176 25.0066025292 27.2762782893 25.068103413 26.4107445974 25.039427913 28.1738183931 27.4982767733 25.8037446471 27.4000307866 27.4082078329 28.8291168929 28.2755336875 26.0029947026 26.6179517909 26.7305869604 27.4705646735 28.5033280238 27.7174569853 26.0975409036 25.5380537096 27.9571503095 25.4981956467 25.7215851482 25.2559967426 25.2606030808 26.1355342098 27.4381946384 26.1109326168 50.8802899759 61.5675530226 25.3346785303 25.1558069757 28.3574850532 25.2262190502 27.9946896933 27.3023884379 28.0906155084
0 0 0 0 0 0 0 0 0 0 0 0 0 0 0 60.5758002555 60.5758002555 54.578250176 26.2141488086 64.7571567896 26.6286753078 28.9699957192 26.7606074088 27.8378776645 26.9673217114 28.0639434064 26.1434848064 25.5792934469 28.182176487 27.4817160195 28.8451602559 27.5577479429 26.201825174 27.8598138296 27.4154326355 25.2852396967 25.5512449541 28.0604150229 25.7115357382 25.6192479632 27.2897097161 26.7648128773 27.7969967135 28.2614268503 28.8282151004 28.7517632596 26.5128856709 46.2303026395 46.2303026395 46.2303026395 45.8688439152 27.5661443979 25.5665324564 25.1157057493 27.8450784427 28.1870775802 29.2376981494
0 0 0 0 0 0 0 0 0 0 0 0 0 68.3048298922 46.7156169152 60.5758002555 60.5758002555 60.5758002555 28.9769838376 27.544983065 26.5695651266 26.0242298426 26.3923691013 28.028783109 25.0216124596 28.3287577745 25.9544291522 27.9802141584 27.3044983667 25.4335185276 28.7702497837 27.2739003795 25.5547994746 27.5348829325 26.8408801937 26.9341176745 25.4714851117 25.8980005128 28.7461212325 28.2966284223 25.430652172 25.8783323339 25.1821967341 26.3312860467 26.9782583411 27.3924141989 26.0511031853 46.2303026395 46.2303026395 46.2303026395 25.209024933 25.3829173161 27.9890210085 26.7707949307 28.3244146204 28.4759881873 27.3733523612
0 0 0 0 0 0 0 0 0 0 0 0 53.5706363964 19.8621629809 19.8621629809 50.4064442693 50.4064442693 60.5758002555 26.1367380478 26.0962117375 28.1175178946 27.2316409397 28.5513955696 27.8997230669 29.1519445901 26.9966050491 25.0346312915 25.1171610774 28.1777197695 25.5372747006 28.9239131824 27.3324948162 29.0695248384 27.799476191 27.1566896943 28.9003849469 26.4232008001 27.4543701569 26.1130982382 27.2833106415 26.3536391424 25.5964043999 26.8002794861 25.5415385122 27.5289742864 25.9904015748 27.3546119473 54.0325192055 46.2303026395 54.0325192055 25.0430164193 28.2492938082 28.0128797616 26.6773085785 25.6190085536 25.0883995682 26.5514326134
0 0 0 0 0 0 0 0 0 0 0 70.7595675087 42.3747843954 19.8621629809 19.8621629809 46.7156169152 39.0870638867 0 0 25.1826052233 25.8772027113 28.6137488792 29.238872062 27.1797213072 27.0018258925 25.5392582287 27.7752505516 25.3297906067 28.3888500599 27.927737384 28.9503353441 26.5958726445 28.5870536072 27.9698994956 25.0681286115 25.0860247273 25.1104201886 26.8298172983 29.1492482562 27.3386515766 25.5609550915 26.2041855159 29.0164263713 29.1956902706 28.7694021346 27.4004613195 25.1213616561 27.1626344711 64.2746888558 54.5604131887 54.5604131887 26.8596826126 28.2557188275 27.6552541174 28.7137361648 26.1448788441 27.3900276955
0 0 0 0 0 0 0 0 0 0 41.4496405668 64.6498997949 64.6498997949 53.5706363964 53.2514152119 55.6115139022 0 0 0 26.2688899753 27.0486945341 26.9199238005 25.1385539867 26.9527620702 26.7290910133 25.5119186196 26.8469369483 26.2937762624 26.2971351654 26.5281744959 27.0102422013 25.2049928715 25.3568024436 26.3955424161 28.7997564876 26.6895502572 25.7913486696 28.4006966193 25.1304052814 27.5852680468 25.0274332866 26.962294113 26.6045503343 26.4447526434 27.8696148711 27.874382517 25.6017933128 64.2746888558 64.2746888558 64.2746888558 54.5604131887 54.5604131887 26.669304639 26.190770056 28.5047675351 27.0824756398 25.4307434972
0 0 0 0 0 0 0 0 0 62.9879967022 59.5339409618 64.6498997949 64.6498997949 64.6498997949 0 0 0 0 0 0 28.1117021184 26.4495226952 28.5433900162 26.7986857358 29.2148098813 27.0291720373 25.2172103315 28.2737598856 25.6220848039 28.6954028709 25.961589446 26.734845094 27.5313005366 25.6796176247 27.713422111 25.8602693212 25.927104467 28.1795955672 25.2062615579 26.5089333398 28.7383823505 25.2296494464 28.8688556433 27.4078306617 29.1652899416 26.6138968322 27.9892782254 46.8065903253 46.8065903253 46.8065903253 60.5017812005 60.5017812005 28.353550126 27.2052226891 27.5204793094 25.2399918798 28.2487715587
0 0 0 0 0 0 0 0 62.3195812271 62.9879967022 59.5339409618 59.5339409618 59.5339409618 0 0 0 0 0 0 0 0 0 26.693059533 27.7112944919 25.5001950801 27.3510493184 27.0778060914 26.2138696944 26.5812978511 26.3892593399 26.9407751281 26.2309790496 26.7961361942 27.8941458386 25.790991187 26.2117842217 26.2685202131 26.0148862282 25.6467552461 25.1359947001 29.1088257332 25.9218018533 28.5951844749 28.1627751736 26.4480802359 26.4739672132 28.5773595957 46.8238127573 46.8065903253 46.8065903253 50.3227078431 45.5938628582 26.1297695785 25.9265717501 25.5670742078 26.7948786507 25.2130127693
0 0 0 0 0 0 0 42.9091271911 42.9091271911 62.9879967022 62.9879967022 50.8546560167 0 0 0 0 0 0 0 0 0 0 28.6653027655 28.671793984 28.1520729151 27.215377071 27.1128164282 26.8105392021 27.490404449 27.6041927221 28.137152392 27.7879339337 26.6713509231 25.0911906012 27.5726186254 28.2183268475 25.5722221663 28.4241161581 26.2366841873 27.9547237322 28.2065166389 27.5246575808 27.2811727817 28.7367789704 28.9515734565 25.0931247229 25.2270469521 42.9808010507 42.9808010507 42.9808010507 50.3227078431 43.7557901599 25.8253246426 28.8058425289 26.6972385426 26.3121357309 28.3653192578
0 0 0 0 0 0 0 42.9091271911 42.9091271911 42.9091271911 62.3195812271 0 0 0 0 0 0 0 0 0 0 25.4909865342 27.2746501273 26.3502257194 27.3419223213 25.8441380597 28.1525258325 28.4410294038 26.9801056116 27.5199367974 26.0822109201 27.8509503741 28.0983141756 25.747110096 27.5543979376 44.8496846489 26.0440408627 46.0722029883 29.2218514858 52.6040351982 53.2305994177 26.5823848344 27.0216550757 64.3972586717 28.4031266263 25.1708439495 28.6153314408 27.2544997049 40.5278862836 40.776896312 61.8455831915 71.2181613497 28.5222225675 58.1670671488 25.9772421568 26.4136332829 44.6743508435
0 0 0 0 0 42.4616432375 42.4616432375 41.5839877636 41.5839877636 0 0 0 0 0 0 0 0 0 0 0 27.2044082192 27.1109471258 29.2125894856 28.2359732575 25.8816844837 28.6589225592 25.3921751319 25.3119201629 27.1542016788 27.2993827409 26.6865849976 27.0144875424 26.1617160201 29.2323268559 53.2919747491 51.8247216302 44.8496846489 46.0722029883 46.0722029883 52.6040351982 52.6040351982 53.8548002453 53.8548002453 59.6310081422 59.6310081422 43.972582834 28.6857319411 49.4550879035 40.5278862836 40.5278862836 54.3868073375 71.2181613497 71.2181613497 58.1670671488 26.8824338484 27.5902962207 56.1328699714
0 0 0 0 0 42.4616432375 42.4616432375 42.4616432375 0 0 0 0 0 0 0 0 0 46.2433281802 0 29.2276174477 28.8773698249 27.0820541403 25.5195130004 25.6518459035 25.218153507 28.3362974583 27.8281453045 25.8556389206 29.0879253568 25.3798427264 28.3526839733 25.5785316791 28.7066182176 51.8247216302 47.5028940213 53.2919747491 44.8496846489 46.0722029883 46.0722029883 52.6040351982 52.6040351982 53.8548002453 53.8548002453 59.6310081422 59.6310081422 43.972582834 43.972582834 49.4550879035 40.5278862836 54.3868073375 54.3868073375 71.2181613497 71.2181613497 58.1670671488 50.744570544 50.744570544 56.1328699714
0 0 0 0 0 0 0 0 0 0 0 0 0 0 0 0 46.2433281802 46.2433281802 46.1376829441 47.1594175295 25.7161308183 27.8460781422 25.1314120335 25.8573644421 26.9296060334 28.720742462 25.2828366699 27.1444517124 27.6820896109 25.6115499852 27.2848235659 26.7542594043 45.1554885771 45.1554885771 45.1554885771 47.5028940213 52.4411762534 25.7934551285 48.2801513066 52.6040351982 27.1012806022 44.7703013526 27.4301830917 64.3972586717 59.6310081422 43.972582834 63.6501582885 38.687827034 49.4550879035 38.7866655085 61.1302656162 71.2181613497 29.0468501306 58.1670671488 50.744570544 50.744570544 56.1328699714
