Spatial_Output/BAU/BAU_0304.asc
NCOLS 155
NROWS 192
XLLCORNER 196769.923733
YLLCORNER 449719.875193
CELLSIZE 27.603701
NODATA_VALUE NaN
[rows 92 to 114 of 192, columns 0 to 52 of 155]
0 0 0 0 0 0 0 37.1267196357 36.5890243906 36.815860172 36.4779336589 36.7401432555 36.1895456547 37.099544902 37.1591472497 37.014246156 37.2021781116 36.207593728 36.867577444 36.6022378561 36.505544027 37.0182050857 36.3735218051 36.8403500212 36.3857537584 37.1974815874 36.441804231 36.2619937539 36.9225856526 36.3851687499 36.0452417079 36.4853330077 36.7242329468 37.0100426467 36.3592859741 36.3812968369 37.3763095087 36.8347532203 36.539583369 36.3771818524 37.1335560474 36.7948674229 62.0701416521 51.2965498038 37.0070402088 37.2136701171 36.1546837052 37.2438299603 36.582143351 36.9945614475 36.3873391014 36.9998038526 36.2879495619
0 0 0 0 0 0 0 0 37.2969398772 36.1517235954 36.1394086913 36.5802328307 36.1938744982 36.0055574199 36.6997060958 36.1894178305 36.8065282122 36.8383051043 36.2115832217 37.3312616605 36.6819560642 37.2203456242 36.1707421635 37.1416593668 36.4054047766 36.9987208744 36.3230092363 36.5140014419 36.7484936985 36.4289862127 37.1979051495 36.7983445218 36.887166526 36.7191948553 36.3024298337 36.8866427964 36.0356581469 36.6806652517 37.2308306294 36.2002244868 36.5089091842 36.8389849691 37.2619306213 37.2350317936 37.2141028668 36.3054704866 36.8273913697 36.4261537633 36.5787502796 36.9731025924 36.2820847733 36.9987322257 37.3115643537
0 0 0 0 0 0 0 0 0 0 37.1083034026 36.2544096091 36.0573214925 36.3846737905 36.1941362608 36.4914672245 37.1091384701 36.2997344981 36.1832689452 36.6827297832 36.3975175325 36.6541697997 36.2515849973 36.4790948616 36.540804352 36.7919418181 36.6621404736 36.8603826972 37.3133263767 36.256102927 36.3740963855 37.2379479595 37.1237853391 36.4125503645 36.4521759541 36.9300817106 37.1724174057 37.1888850335 36.9299293333 36.3268005316 36.9070071527 37.054368631 36.0966866469 37.2269071249 37.2842172493 36.3865701468 36.2809762408 36.2438741235 37.327127283 36.338391341 36.1348442155 36.355494161 36.0344962082
0 0 0 0 0 0 0 0 0 0 36.2443871824 36.9768017242 37.2896341537 37.3366611377 36.785214896 36.8760811495 36.4593593673 36.6503781097 36.7351973654 36.3332860274 37.3858529285 36.6809393718 36.1099546668 36.3066112505 36.0324073731 37.0469863125 37.1099150996 36.1004314261 36.5614760575 36.9058029175 36.6749843183 37.3053331804 37.1374114598 37.0063745032 36.1207201482 37.1849525811 37.1896171066 36.0209161627 37.1292091723 37.3244529698 36.4079083788 36.7422473647 37.1882437269 37.3290906869 36.3683502395 36.0759694837 37.1458626424 36.4957080591 37.0835516997 36.8596064733 36.9217003475 36.0013113226 37.4034223095
0 0 0 0 0 0 0 0 0 0 36.5652395933 36.7314873353 37.1110694165 36.0952711823 37.2941238885 36.3985053447 36.1823571051 37.1983855693 36.7826052052 36.2878873356 36.24269925 36.2162878306 37.3704137854 36.5028402282 36.9945667628 36.3100351271 37.1476304332 36.2761620098 37.1212987562 36.4598040616 36.6090179529 36.9869433476 36.0286784164 37.0541280836 36.8540266569 36.0140809425 36.7992398627 37.2356258018 37.1901486105 36.3303294408 37.0423947501 36.5045095517 36.7986988707 36.1483006761 36.8849849907 36.4975075324 36.5159734125 36.788363976 36.0984462796 36.6997859881 36.965162004 36.5017484815 36.1185348509
0 0 0 0 0 0 0 0 36.8789196379 36.4661797562 36.7644684353 36.5794732538 36.9236160832 37.4007266913 37.2787841086 37.3659451444 37.216517325 36.6005489477 36.1187000962 37.1525841113 37.0590214133 36.5510462543 36.72900591 36.4611660162 37.0763785731 37.1490466356 36.9701502669 37.1083880194 36.0914023648 37.1843132187 37.3172258563 36.2479872128 54.3839612422 69.6598637885 37.2938876483 37.0751718266 59.6153323308 36.6537234953 37.20742651 64.8000065181 37.106649165 36.9099627343 36.9059402171 37.0175054841 36.5994590043 36.3594487894 36.3479432287 36.2190429467 36.3496859438 36.3735894431 36.1014284181 36.1627005757 36.2121441609
0 0 0 0 0 0 0 36.4873225365 37.0038253134 36.6929241903 36.7845564058 36.0760565275 37.3268043213 37.2066654597 36.9184674232 37.4084559489 37.2401543438 36.1568023347 36.479398139 37.3937346985 36.1275954753 36.7717338315 36.9469426197 36.4291093094 60.0474824638 60.000108793 50.451016171 62.5240290669 36.2782566183 36.7062910268 36.1971234706 36.1095754961 54.3839612422 54.3839612422 69.6598637885 37.1397071493 37.0137742396 59.9409788807 64.8000065181 64.8000065181 36.7326544454 36.8377123806 36.3823129771 37.3441016914 36.5268685906 36.3345261682 36.5777959399 36.006312227 36.8473274578 36.797320138 37.2033797333 36.0618813501 36.2228792812
0 0 0 0 0 0 0 36.7086223392 36.6571209794 36.3985171578 36.8858460902 36.6676638341 36.5048618242 36.1051751687 36.8092508528 36.9016002033 37.0499351716 37.0447608142 36.5325920585 37.1981233067 37.0559716465 36.5289893968 36.3643058079 36.946528404 60.0474824638 60.0474824638 60.0474824638 36.4748501641 36.6445008113 36.3333179923 37.0626522357 36.1582872276 54.3839612422 69.6598637885 69.6598637885 58.0590537796 36.9331628485 59.9409788807 64.8000065181 64.8000065181 36.8386223905 36.9776881325 37.3248411792 36.8194727547 36.2184014303 37.1983294939 37.4029573564 36.9450908352 36.7955953506 36.9822634735 36.0021200606 60.6452150524 56.3526138879
0 0 0 0 0 0 0 0 36.6498867484 37.2175006523 37.1068606741 37.3805640907 36.228687281 36.1311316862 36.852216692 36.4523423558 36.1687925609 36.5190054314 36.6522835469 36.7320111462 36.3254020949 36.0329654718 56.3958098539 56.3958098539 56.3958098539 60.0474824638 60.000108793 36.9084957101 36.496884674 36.5483504966 37.2299919406 37.0432361706 36.6155911593 36.4062694566 37.0803838503 36.6785275038 36.8388375997 36.6638480641 37.1411799645 36.652426059 37.4012606754 37.0355048677 37.2687964706 37.1066018915 36.472642793 36.9332981644 37.1252491287 36.4207653518 36.2626176747 62.903410733 62.903410733 62.903410733 36.2455327754
0 0 0 0 0 0 0 0 0 36.0033645777 37.0968862804 36.7136364127 36.7852908944 36.7694080563 36.2342621257 36.4920801832 36.2014003118 36.4013222848 36.310632835 36.275683416 36.0568945995 36.8544832316 56.3958098539 56.3958098539 56.3958098539 37.1327467724 36.5564155506 37.3398939047 36.2085304622 36.0048587643 36.5694242985 36.0387499936 36.5864024901 36.7122111481 36.2789797071 36.2122082911 36.076904691 36.5017328172 36.6208106394 37.0069774986 36.1630606771 37.2288579442 36.2841362789 37.3288740143 36.2203252246 37.0984351521 36.9798589359 36.2638460247 36.931709182 36.5052456922 62.903410733 37.1173053076 36.8944527208
0 0 0 0 0 0 0 0 0 0 0 37.1149713949 36.3436360122 37.2322033231 36.065300542 36.1521807501 36.9433103144 36.9256055112 36.355872232 37.0577697647 37.4131012806 52.7134434335 52.7134434335 56.3958098539 36.1616090409 36.1586354819 36.0587255388 36.9932856661 36.981225842 36.7561320022 37.009208249 37.1197296307 36.7828806344 36.3172871489 37.135827902 37.0152197593 36.0367397973 36.2089036348 36.6891725858 36.0253503383 36.1314008402 37.2411838274 51.4607261552 51.4607261552 51.4607261552 36.2776281296 36.2515283137 36.2140739612 36.1542484738 36.4283308074 36.701056915 36.7241308741 36.6471500268
0 0 0 0 0 0 0 0 0 0 0 0 0 0 37.411980657 36.4696771395 36.5868938944 37.2647859165 36.8037022045 53.7105425899 53.7105425899 37.3230757526 52.7134434335 36.6941731175 36.8291784717 37.4043457025 36.4507870854 36.4019403797 37.3095069146 36.5606623466 36.3970197364 37.2093047115 36.7582678372 36.0487245165 36.8359835609 37.2313714254 36.0818481646 36.4242647082 37.1692286941 36.886508686 36.6979427264 36.5350787672 37.1932817064 51.4607261552 36.8466483592 36.8924270649 36.3682385752 37.0554786928 36.2655908439 36.6178640031 65.7689401687 36.9311646512 37.2063874009
0 0 0 0 0 0 0 0 0 0 0 0 0 0 0 36.8896938459 36.3765689986 37.3964175533 37.3072606301 53.7105425899 53.7105425899 37.1981251113 36.1819204208 36.9037520268 36.829706542 36.206231535 36.0747051076 36.6052612135 36.4253856945 36.0301384867 36.6018128318 37.3414902629 37.1772793558 36.4275235218 37.1208179266 37.1771455139 36.4891822716 36.264175969 36.89404122 37.2264027811 37.1277194938 36.655545868 36.2705024895 37.3837201405 36.0511709192 36.9998047384 36.332082715 37.2907516448 36.6801939447 65.7689401687 37.3303070703 36.720930284 36.2380674706
0 0 0 0 0 0 0 0 0 0 0 0 0 0 0 36.276200756 36.1338214407 36.3610273029 36.1039094351 36.587980998 53.7105425899 36.7067376989 36.3515648833 36.7740990818 37.2022573563 36.6231601998 36.2219099899 36.3993182396 36.7917164434 36.995885509 36.5512806358 36.4680018972 36.4524795962 36.9635527257 36.0140472182 36.0285695856 36.0177789536 36.8047814193 36.0182140924 37.0377282052 37.1213333075 37.0766229117 36.286614106 54.0124918535 83.3945359724 36.0071260371 37.1752864225 36.1553959489 36.657016781 37.3611154632 37.270072697 36.5323793345 36.2682948616
0 0 0 0 0 0 0 0 0 0 0 0 0 0 0 0 36.6491619291 37.0186553316 36.5233670758 36.001679428 36.1736806888 36.1281554315 37.1709328436 36.4610383075 37.3747481414 36.7289580262 36.976533387 36.8274940277 36.501046385 36.419400449 37.3168626023 36.9987555679 36.600248407 37.1759527715 37.1300468547 36.4957019351 36.0181704527 36.4775044417 36.441940382 36.5121946253 36.356443631 36.5328865276 37.2616809021 83.3945359724 36.1253966335 36.8975967495 36.6878090132 36.2627402007 36.2213603398 36.6131376228 36.3462154541 37.1628527291 36.9379027662
0 0 0 0 0 0 0 0 0 0 0 0 0 0 0 65.7302733411 64.210726749 65.8747963075 37.3067335095 36.8152081729 36.4518615806 37.2956298753 36.9349318289 36.6704067938 36.1394351396 37.3405494594 37.3713181818 36.5669780522 36.4236847026 37.0947720177 36.6578193475 36.1549827068 36.3337391499 36.3430615455 36.740672092 36.2269305689 36.864520719 36.1127436461 36.113134461 36.7615825961 36.718825876 36.5680357729 37.3351647912 36.6995055442 37.0452913124 36.4425245741 36.2601744496 36.4248629696 37.3902814284 36.8144503767 36.8932399397 36.5172330015 36.1352609497
0 0 0 0 0 0 0 0 0 0 0 0 0 0 73.9985808492 81.0751907201 80.4274868998 75.577689839 36.4660754906 37.3675432616 36.5511913726 36.6773188103 36.0074928438 37.1629009259 37.062341259 37.0718633366 37.0376674233 36.366362049 36.8736782987 36.4504481719 36.0680585985 36.3020828117 36.2198578788 36.6017495415 36.6345870301 37.1674394247 36.6793543626 37.1594576948 36.0811480648 37.0102743291 37.0101288426 36.3396044298 36.3860517216 66.4039951485 36.7689305516 37.3463989077 37.0969315628 36.0805186098 37.4041149291 36.2236052904 37.4037694959 36.5615282118 37.2222074866
0 0 0 0 0 0 0 0 0 0 0 0 0 0 0 84.3796244274 68.8586672947 67.1144417756 36.3682132393 36.0132104021 37.2634959621 36.7214676408 36.7607964917 36.4128657909 36.0583527753 37.1454290834 36.3550385761 36.3205346134 36.8839686785 37.0710413987 36.6134848126 36.3504440605 36.368393893 36.1220479483 36.0616524828 36.2715767402 37.028350775 37.3224456817 37.1458373114 37.2151593809 36.2828333871 36.7439131228 66.4039951485 66.4039951485 66.4039951485 36.0263240643 37.261735156 36.3032877507 36.8385085003 36.9115332369 50.6778366278 37.0359421483 36.7888793077
0 0 0 0 0 0 0 0 0 0 0 0 0 0 0 0 0 37.2108439343 36.03628178 36.0358724521 36.0101473158 36.9023724813 36.0783126041 36.8571552159 36.6675238401 37.1707597123 37.0206102369 36.4280824755 37.0682870557 36.5666488362 37.1225767776 37.0626452662 36.4036932269 36.5261596068 36.3871537122 36.6712405908 36.184192576 36.9942387292 36.9496704341 36.9486689403 37.0872016033 36.1724820832 36.6506400428 36.9072772053 36.6140552016 36.3743457598 37.0405825489 36.7331590182 36.7302687405 50.6778366278 50.6778366278 50.6778366278 36.4330690537
0 0 0 0 0 0 0 0 0 0 0 0 0 0 0 0 0 36.4528129542 36.0176517646 36.3164364352 36.5819537878 36.4712414567 36.6137500485 36.3450496946 37.0926235119 36.5205687399 36.7473991467 37.383344905 36.5174686452 36.3054782449 36.0458268277 36.9852355758 36.6007432334 37.3245271412 37.2650547277 36.0621384439 36.0440804943 37.2401039887 37.2196445537 36.0123325591 36.6751522647 37.2000841308 37.013617012 36.7769522579 36.408551044 37.3975705492 37.2997373542 36.3976329068 36.2970125739 50.6778366278 50.6778366278 50.6778366278 36.1012039884
0 0 0 0 0 0 0 0 0 0 0 0 0 0 0 0 0 0 36.0760119645 36.1351943754 36.6014873424 37.3851575298 36.1306423204 36.8926427331 37.2109777899 36.1053902506 36.2813579585 37.3923387379 36.0846137574 36.0952112394 37.3043829018 36.4545917358 36.4667207348 36.5948138256 37.0125181278 36.258463602 36.1268838849 37.1099522865 37.2340010791 37.0918605139 36.0291771975 36.4065189728 36.887814871 36.5143964015 36.8836296934 37.160130795 36.6212505222 36.6195950634 36.2836141377 37.1239444455 70.3172497698 59.6985050242 36.9388019735
0 0 0 0 0 0 0 0 0 0 0 0 0 0 0 0 0 0 37.0042837159 37.1899686621 36.8290631483 36.0833497986 37.3887042364 36.7011261804 36.180407382 36.7501481089 36.4358074137 37.3430549579 36.9162294913 37.3926107886 36.8176219676 36.7438074083 36.5645742502 37.0110979591 36.3018724491 37.0969948568 37.0373835436 36.907666053 36.8041932294 37.3621344348 36.0763809999 36.1734384654 37.3962248044 36.0943595008 36.5905540345 36.0550055058 36.1200072408 36.7384810004 37.2675866505 70.3172497698 70.3172497698 70.3172497698 37.0974178775
0 0 0 0 0 0 0 0 0 0 0 0 0 0 0 0 0 0 0 36.6184522885 36.1425715186 37.227199042 36.7871621079 37.0619440154 36.9923473693 36.9789627913 37.403748245 36.5174161151 36.1104047997 37.2780783462 36.3832003025 36.4353288289 37.1787702857 36.8283358665 36.8825793769 36.7687416523 36.9318686995 36.8463207556 36.6480109033 36.3568689762 37.1569105144 37.0363164034 36.4947762928 37.2629994258 36.4702636499 36.5322426672 36.3683845625 36.8548294973 36.4718417556 59.0948759594 59.0948759594 36.7580088704 37.1126766087
