Spatial_Output/BAU/BAU_0393.asc
NCOLS 155
NROWS 192
XLLCORNER 196769.923733
YLLCORNER 449719.875193
CELLSIZE 27.603701
NODATA_VALUE NaN
[rows 92 to 114 of 192, columns 53 to 105 of 155]
32.2430645823 32.3533633408 32.9307450672 34.8308388134 33.623558402 33.5408683195 32.8941130342 33.2732929535 32.8415611106 72.0160725269 72.0160725269 34.7257788801 31.6624485796 31.7214160271 32.9447530457 33.0815653865 34.17725322 32.5645624149 33.286112867 33.7805583939 33.7894994962 33.7498486487 34.8967104787 33.0587856827 32.7055413769 33.0448207286 34.5708193153 33.0825369651 33.044126224 34.1030199229 31.5857772303 32.5666940468 31.7637692657 34.9762591118 33.7147395649 32.2432762591 34.772181866 32.1648816991 34.8736059746 32.4036072318 32.5928329471 34.9823500527 34.5619937221 34.4574871777 34.1221154648 34.3381923911 32.8557953339 32.2543986141 31.5495984131 32.1015562613 31.6902217715 32.728032633 32.7175473394
34.2556771536 31.5943867944 33.8413097243 32.4155257987 34.3502928217 34.2777565673 32.4464338052 31.9227531311 31.8210625219 49.0359538141 49.0359538141 32.1457281148 31.5624016421 32.9369004058 34.15155765 31.8368630575 32.2586736525 33.0678258128 33.0422326529 34.4456169567 33.8160012392 34.7312429491 32.8604738775 33.2885252743 33.6462061149 31.9742550751 34.5888652321 34.2989977161 31.8391864309 33.2145695575 31.6569768922 33.2829236404 34.3599740632 32.863244176 33.4414807161 34.6801540439 33.3793426595 32.723570464 32.1001168521 34.7636291133 33.9496023966 34.0741999823 32.6326616451 34.3481402291 32.8605257259 32.8655411811 32.8412074572 34.9170491834 33.9956906899 34.7236229367 32.6455430886 33.4260902038 31.9466474612
32.1577579335 34.1842941959 33.9677201659 32.6345222769 32.5964304451 34.5691448534 33.1690869661 34.1208402073 49.0359538141 49.0359538141 49.0359538141 49.0359538141 34.9242307339 32.4514458781 33.9589176742 34.1517041639 34.7589607552 34.7863547903 33.2914990666 33.6943827874 32.6803987877 33.5047563225 32.973132665 33.7330336792 34.3105729738 34.084258691 32.718933103 31.6088389469 33.6557905442 34.1320829323 34.2358121359 32.9992013446 34.0116140828 32.4675741252 33.4911761324 34.655892954 32.9253572267 66.7254188324 33.5912987851 33.1354861814 34.7119596603 34.1387645304 34.5903376408 31.5493629246 32.4228065483 34.7538960773 33.1553194911 34.1696588214 34.2773942422 35.0287542771 32.2639764808 34.5425414889 34.2896064402
34.3921257565 33.9392431064 32.9956388139 34.3371432818 34.350998453 32.2317665204 32.6849389442 32.3816285662 33.6174947689 57.4509204711 31.8341919837 34.756103559 34.1138896341 34.4606525817 32.6371289091 34.6601549854 32.3529287195 31.7107256387 34.4954114902 33.9811116773 34.9509468328 34.8220932172 32.9600308496 33.4401666343 34.4421861516 34.7110872083 34.9347647933 33.2751289424 32.2359723915 31.9916026933 32.9559007493 34.737029848 32.6565105055 34.2860684044 33.5223071478 32.7777931342 31.8471982919 34.9066684919 32.7296846759 69.8434914509 34.489114312 34.2369192937 32.9302553465 34.9690109787 33.0805917324 32.5071832678 33.1725966954 34.4608445995 31.9252480562 60.2245542853 32.398086069 33.7712623792 32.2148595328
33.0778647489 32.6662589153 34.1851396541 31.6678850399 32.7276923954 32.1309413847 34.271110861 33.7405250374 72.9285708056 59.3773376793 32.2186506158 33.7783622195 32.3563992153 32.7799070134 32.3776498909 34.086845329 31.7942098014 33.506089768 33.2861001017 34.6134731765 33.2901596134 32.4122037571 32.5126094375 32.6266678683 44.1790992268 34.0041297321 31.9724390519 32.3203047552 32.1446750512 33.1422604508 33.9797693996 48.6617570139 32.0806426418 34.6710353992 77.3585643848 79.2684804081 48.3578563906 65.2048248907 69.8434914509 50.8780432812 34.8333035231 35.0293220158 59.5677091096 59.5677091096 59.2346700822 31.6221737572 50.7681017328 50.7681017328 34.9804983515 60.2245542853 60.2245542853 34.8781893503 32.7226894052
69.458076729 34.9559150757 33.7321527177 64.8148569682 32.7563628976 70.688663078 70.5906317573 33.428470435 68.1801957098 59.3773376793 60.4800733035 76.827889411 34.4687580026 32.1866881275 32.9963592061 34.0150989909 32.6258862243 31.7152021966 34.309952373 34.9043903748 32.4461338848 45.8016191704 46.8629219769 34.2932420969 33.0040774542 34.2092961469 35.0025283853 34.2629345391 32.8934728744 32.700010858 34.8129391874 48.6617570139 41.6238239069 41.6238239069 43.6494936913 43.6494936913 65.2048248907 65.2048248907 32.1122307589 34.3758435776 32.5285752151 32.5742351511 59.5677091096 59.5677091096 59.5677091096 59.2346700822 50.7681017328 50.7681017328 55.5815373907 60.2245542853 60.2245542853 43.1274180539 33.7635523316
69.458076729 31.6533438542 64.8148569682 64.8148569682 70.688663078 70.5906317573 70.5906317573 70.5906317573 68.1801957098 60.4800733035 60.4800733035 60.4800733035 76.827889411 32.7284162142 34.4554579887 31.6671371689 34.2422544956 32.4111730758 32.3719819233 33.0077882103 32.154249166 46.8629219769 31.9179781551 34.2880030005 51.8957828886 32.0548188622 35.020126856 34.9243693205 33.1822536561 32.5868709966 32.9687986786 31.7617432561 34.7458438743 41.6238239069 43.6494936913 43.6494936913 34.6296531908 65.2048248907 33.7305580426 33.0366290888 34.9309760204 32.2479718888 31.577207216 59.5677091096 34.6464483334 59.2346700822 54.6031308117 32.1356975694 32.1338033811 60.2245542853 62.2085260598 34.8340451403 33.5184765473
69.458076729 32.5020663904 64.8148569682 64.8148569682 70.688663078 70.688663078 70.5906317573 61.0487810425 68.1801957098 91.6895587143 60.4800733035 34.053858494 31.7818563951 33.733571838 34.6810158858 31.9255819948 32.0150416273 33.0822289871 34.03695559 33.8707894412 45.8016191704 32.8802422733 46.8629219769 31.8918588345 81.7854190605 81.7854190605 33.839931971 32.7708069973 33.274460687 31.7428293441 32.0403959933 34.8317208402 33.0456210806 32.8237341699 32.178190511 32.9765966896 66.7658251623 33.3900783029 34.8486752153 34.4322204372 33.9720452014 32.2951951271 33.7924906893 31.7691450831 31.8655885628 34.1750054776 33.227192828 32.4019484802 34.86565535 34.1395304486 32.7306608291 32.1904689347 31.7576358646
32.7124650323 34.0978728544 31.6224205669 33.038982133 32.95720132 32.8511181496 34.8258111022 31.8744243825 68.1801957098 91.6895587143 31.6303376498 32.2132725211 33.7012553654 33.3245508892 31.8806632197 32.9944554698 34.3672187445 33.661472493 34.7661435866 32.3641615543 34.2076427384 32.4888270635 34.6261815385 81.7854190605 81.7854190605 81.7854190605 35.0122968704 34.0671040424 32.2903207092 34.6224611901 34.86869052 32.3600275524 31.7329243362 34.7445297171 31.617575334 31.5818889882 32.9612023019 34.1246124011 34.3335570767 33.6431004923 32.0076797367 33.6396420756 32.6221576807 33.8167934301 33.1564834965 31.8439211514 34.3443195744 32.7759625832 33.1758700828 33.7527465632 31.6639878907 33.560658855 34.7459060201
34.139053918 32.4512272635 32.6912554704 32.0060658823 31.5557377614 33.1621466146 32.398120691 70.477631545 70.477631545 70.477631545 32.9958283428 32.1451675722 32.7419128799 32.1327872328 32.5143303005 34.8883276985 33.8025478008 33.842028696 34.6884879697 32.9447172497 32.5273253352 32.8825884569 32.7850249289 32.7822466437 81.7854190605 31.7316643159 31.9300091489 31.5198168698 34.8868724572 34.2941371512 33.4655031316 34.2824099699 33.5580842169 34.640798989 31.5260053767 32.3008343997 33.1178914647 33.490320992 34.1084322086 33.8772731109 33.5464557505 34.1803209829 32.2254284273 34.0044312841 33.1336771541 32.8169224722 33.6129970394 34.894261591 31.9673116419 34.2547680061 34.6929757736 33.7877334124 34.7375099649
31.736260448 32.14556202 34.5356513558 32.6057881156 34.3509217432 33.2195147226 32.5184476552 33.3328781299 80.6456843751 80.6456843751 60.2945882574 31.759460041 31.9924670072 34.998530682 34.1754286994 34.3553074551 34.8974937977 34.3439933482 31.7528468471 34.862693277 34.4063458216 32.3052587365 32.7892202254 33.0697768961 31.5042938942 31.6775742938 34.5821657139 31.6556622637 34.7734355282 34.5582622602 33.1536650892 32.1768567409 34.9362810193 32.9703543151 32.0113703659 32.5235271349 33.5348411246 34.8283758516 33.6807941388 34.6431847522 33.008188145 32.3640696458 31.5580262148 33.602141484 31.8737899123 33.9651797958 32.2027628988 34.9461650368 32.8977839637 32.64956582 32.0196893006 34.7496777634 34.4728942709
31.8632190459 31.7462355359 33.2245068142 32.0053470305 32.2390831541 35.0221920332 33.3204415408 32.3723103368 80.6456843751 80.6456843751 42.6539803441 33.003526192 32.0181818463 34.2367574782 33.9394158218 32.4305483797 34.2288610556 33.4792733281 32.0075635696 32.1962251788 34.9670687108 34.5632457392 33.4606155845 32.0804480915 33.2397564419 33.1199684687 34.2715283997 34.3024538533 31.680903579 31.5827975505 31.8149707085 34.520227333 32.2064968915 33.0594239625 33.7209523091 32.5608887366 34.5204414203 32.388115512 33.9555447533 34.9263495339 32.3223918677 31.848347745 31.5895011252 31.9903248045 32.5558816539 32.5961792681 34.8341303334 33.831710307 33.253138617 34.7567523611 32.1149548071 32.4903965806 33.8438963806
33.2211749002 31.5452947069 32.1793156743 31.9620912422 32.1500841091 33.8933386087 32.3945989156 80.1518494167 44.7033331298 34.4749677587 80.1518494167 34.1104334327 33.4539552268 33.1508299123 56.4700625004 33.346050272 34.691595341 32.7827082987 33.4733321477 32.471899346 32.2203277406 31.8073787426 32.3497284301 33.6713054615 34.7864562876 31.9720171809 32.8751445084 31.9933437824 32.1756028627 33.8888579637 32.5035241964 32.7757015785 33.8621540668 32.1908877339 33.841024666 32.9405817542 32.3259721081 32.6484383261 34.8608873666 33.8195296012 32.0906891155 32.8879873243 33.3076079422 32.0474610404 31.6096090048 32.6262490461 34.0660781798 33.9591774198 34.2263121978 32.4740130268 33.5103941683 32.3628027664 60.9320973464
33.6188689536 32.1759896438 32.9236911459 33.8378837424 32.0169203363 34.8684363579 33.710061442 34.8389124654 33.6244979835 31.8497664026 31.5758368926 32.7886298088 34.6240453188 56.4700625004 54.9678690882 55.5790944351 55.5790944351 32.6801584163 43.1732129405 54.1324823279 32.1091509752 33.2391308444 31.9762039569 32.5491905042 34.2117208835 34.6292365118 32.8737896715 34.0387441014 34.5688402967 33.9218138252 31.8148315212 33.4685657042 33.3753101264 34.9669206616 33.8570295557 34.2585717513 32.0634957209 43.6109862197 50.0692147548 50.0692147548 50.0692147548 34.1238712844 32.0216365737 33.9062304934 57.989369368 57.989369368 57.7217538961 35.0298531136 32.2292462276 33.1139765291 32.6108186925 34.4696712856 32.8383478506
32.1708994306 32.3793931582 34.11922076 31.9600514198 32.6943064679 33.0192526662 33.4948180376 33.5860984392 79.093400411 34.140299681 34.2374767088 34.2291761279 34.1649148061 33.5747142517 54.9678690882 55.5790944351 55.5790944351 43.1732129405 43.1732129405 32.5126169586 53.4874986278 53.4874986278 50.9078472851 34.0390916794 34.1152242052 32.2153670817 32.4614994361 34.2223859069 34.6526766535 33.1064119664 31.9540006583 31.5680333027 58.538365181 58.538365181 32.6610695595 33.2330849473 33.0099992524 43.6109862197 43.6109862197 59.0635229766 59.0635229766 33.1948494805 34.430549779 32.1368197878 57.989369368 57.989369368 33.8342294747 33.7273483917 34.6965663667 34.6962087367 34.0683125086 33.0503666771 32.6297674529
33.9594983327 32.265105233 33.2142959914 31.7669901632 33.8080676693 32.255357721 33.3778815012 33.8922547118 31.7388305566 32.3750098297 32.2115586209 33.534605054 34.7354943705 33.0057850922 32.5619592373 32.5423212356 33.9736557437 43.1732129405 32.7004505416 54.1324823279 53.4874986278 53.4874986278 50.9078472851 33.3175322816 34.4736642963 32.9991433549 34.2728308264 32.2646246132 33.7004000659 34.3745047272 48.94152465 32.4689468906 58.538365181 58.538365181 32.7621154603 31.5495540865 33.3142418724 43.6109862197 57.8602156657 53.2812527066 59.0635229766 31.7619977492 80.1167626653 33.6668912163 32.7474947368 32.0575846359 34.655009329 34.800889419 34.1277444269 31.7224409456 34.9432837918 34.3310835369 32.6930693198
32.1228610548 31.679697708 34.3697526895 33.1413401183 32.7215426563 33.1651031704 33.4744385002 34.970993621 34.9796255628 34.4350139938 32.8698041187 33.6493270852 32.8046870707 34.5998330192 31.7901420769 32.8182585756 33.2753626337 33.6161245941 31.7418520712 32.1238422994 53.4874986278 50.9078472851 33.4246649862 34.4145611276 33.5254623994 32.1078845875 34.6716985461 76.2221685653 76.2221685653 31.9023701782 31.8863111233 62.5811766094 33.5380122376 58.538365181 34.4991118136 32.0567653712 32.9869603078 43.6109862197 34.223301612 68.1984917835 68.1984917835 31.8905540687 34.8608207641 34.70190904 34.5367765247 34.8830588852 32.0587449321 33.8228153213 31.578580594 33.0977840187 32.8184020268 34.0898152918 33.6846296507
31.7039710616 32.1081076124 33.5019407566 31.9637821788 34.5632825176 34.5186622045 32.1914856775 34.9147417215 31.8586579141 34.967259448 33.0954527848 34.8327085232 31.677937561 34.5822374187 33.8112668734 34.4545357256 34.123256944 34.9150447364 34.8389423964 31.6369810184 33.2107107387 32.620933816 33.7075609578 33.1371745975 55.4855620637 32.267016657 34.5632189482 34.9206117488 33.8027492558 31.7533399618 31.9155541457 62.5811766094 34.7468373386 34.4575456216 32.9813973456 32.7604594392 33.4494147432 32.8551283683 68.1984917835 68.1984917835 68.1984917835 68.1984917835 34.6748233018 34.1185812037 33.0237018646 32.8103702872 32.0308008965 32.4665948683 33.7841316372 33.311314293 34.4407643055 33.2781608465 34.1922570959
34.2761749243 34.196305099 33.3921519142 32.1868490689 32.4742372339 34.2880941635 33.0862600786 31.9896082781 68.5648083912 32.5085707125 31.834664476 32.3622905248 34.312768601 34.5800576845 33.9345861202 34.7495232363 33.8268712045 33.481537046 32.2218415791 31.5552089231 34.1868282057 33.4143650144 32.5158999859 55.4855620637 32.1127744487 32.4153402055 34.8037680531 31.5789708569 33.4080090094 64.2572897073 64.2572897073 34.5461143154 34.0870705682 34.8887424414 32.7507208207 34.0663943792 34.0794534775 33.8912834411 31.8067282417 33.0623966059 33.2715532111 32.217968891 31.7316924059 33.9644909738 32.8031065911 32.8615863821 33.3752467482 33.8686469226 34.8909268806 32.3179336216 32.526909952 32.1007839107 33.2005759266
32.3513560044 33.4460536004 31.5363836022 34.3258480085 31.8470080257 32.2602713018 31.7770373157 33.6925664788 34.8984456504 31.9554757407 33.2768731913 34.7276932601 31.6910418182 33.7746170151 32.494396459 34.1243486703 33.5675596081 32.5559221192 33.1262749529 34.5925478306 32.901019452 34.2967401142 32.2873156657 33.5350411794 32.9336241231 31.9427626947 33.2885488511 33.519221297 34.1023259437 31.7835611668 64.2572897073 33.3414706762 32.0588535039 32.9439817651 33.3763891792 32.5798063077 33.5086008539 32.3696877649 34.5461410544 32.8194423431 32.0510408025 32.4074634133 34.9737773454 31.5262990958 33.3098696203 33.1880428433 34.4169743225 34.9728795807 31.9368091018 34.4679607787 31.5559868463 32.8172262125 31.9126798554
33.8085670657 33.2253161372 33.932446344 34.2511394911 34.9526269025 32.9447611313 33.198072701 59.9361340007 54.1953053626 54.1953053626 31.8755202915 33.4133226644 32.7364577179 33.3212753606 32.2639010894 33.6380940011 31.7999019061 31.765370426 33.6318844263 33.410121713 33.3375374857 31.7739188094 35.0015369567 34.5675838002 32.9630967873 32.5364763959 31.5755769434 31.6053846 33.4282816929 32.2869016943 34.6639958183 32.441916384 33.5215688788 31.5440513686 35.0261811213 33.1427103765 32.8929024098 34.2081290685 34.075278466 31.5977951385 32.7673455787 32.3710570123 33.6892512337 65.5967969893 34.2968568115 34.8155248916 84.6471319479 68.1314190701 68.1314190701 32.6159374194 31.9450431792 49.8438829388 58.0438579107
33.041099238 34.8076893028 33.1706013715 33.3514019776 32.1143324711 33.093782321 33.5432899164 54.1953053626 80.0135132776 80.0135132776 65.9661857941 33.3086798245 33.6554254092 33.8714711045 34.1816333555 31.8000480517 34.6258286369 31.8410888769 33.5124915296 31.6442241869 34.8353711377 33.6236429939 32.3789318442 31.8642262041 32.156655359 33.5903987948 34.3337157642 33.1253925204 31.5680344994 33.7273094238 32.639906561 31.9958000091 32.1428370852 32.3053094615 31.9487464494 32.1698800147 33.5492016547 31.7440501699 34.6218196476 32.2583873767 31.5253744188 31.6239469345 35.0344885153 65.5967969893 65.5967969893 33.3200130311 84.6471319479 84.6471319479 84.6471319479 68.1314190701 49.8438829388 49.8438829388 49.8438829388
31.811727553 33.5284443949 33.5904304 32.8059447915 34.9521516338 34.1643193831 34.6622689153 80.0135132776 80.0135132776 80.0135132776 52.4087194342 32.9754453537 34.8444525793 34.5957741735 31.7344883178 34.450197645 33.6895073689 33.644658003 34.7329093574 34.90465936 31.7623913482 34.8609256067 33.7720460888 34.6069140205 32.5639605644 32.4472224663 32.3873944341 32.6394495039 34.6381792679 32.1872269862 33.2593536386 32.1884451342 32.7600037957 32.3709610113 32.1360267187 34.5651529065 31.9779258065 32.2166720241 33.6923223286 34.3570182083 33.8531002314 33.9127734061 32.3096185414 65.5967969893 31.7716427584 34.0980888915 84.6471319479 84.6471319479 68.1314190701 34.8741571585 31.5098331503 49.8438829388 32.2604389849
