Spatial_Output/BAU/BAU_0182.asc
NCOLS 155
NROWS 192
XLLCORNER 196307.867259
YLLCORNER 449144.565805
CELLSIZE 33.573938
NODATA_VALUE NaN
[rows 100 to 124 of 192, columns 57 to 113 of 155]
46.8895491952 46.8795946113 46.8020547194 46.9340877102 46.0722955627 46.1506081669 46.8959112574 46.748099209 46.1336300936 46.9568386774 46.2727438521 47.1789270299 47.383765561 46.2953379457 46.0400004663 46.809216088 46.608490691 47.2230847438 46.7234472636 46.1171983315 77.4662858546 77.4662858546 46.6067576712 46.0717396375 46.1000268067 46.6507841865 47.2289613814 46.8603005935 46.9740356627 46.7575283697 47.1409238166 79.1085333243 79.1085333243 79.1085333243 47.1824752259 47.4066702278 47.0142580046 47.0169553593 47.092968501 46.7836073238 46.5073341584 46.6854365211 47.1024317144 47.3567680287 46.9851207869 47.3112081997 46.9172260321 46.8231419696 46.9730021187 46.0236346988 46.2005068777 83.1543240993 46.8776064246 82.7766956776 46.0864602801 47.019665855 46.4573602022
47.1681029968 47.3460347057 47.3588035852 46.1674177449 46.6113392529 47.3580883918 47.1882655338 46.2049323556 52.0699872335 67.3004236271 47.2048493064 46.6419207255 46.461778698 46.9565045 46.8043612278 47.0321460439 47.1659563104 46.6238855444 46.390507153 46.2464373522 46.2196159088 47.3588283353 46.9389070153 47.2397501125 46.2140050139 47.0907580214 47.1222274413 46.3834674692 46.4606479526 46.4260917933 46.345300919 46.6965739954 47.047316991 46.9747737418 47.1360090868 46.2718991533 47.2221380199 46.6543304951 46.4280420638 46.1532913164 47.1219559697 46.0684140914 46.0275933802 46.8023701353 47.2645681937 47.1125956842 46.7759006314 46.3911760263 46.4655585935 74.8128153656 46.0690629585 83.1543240993 83.1543240993 83.1543240993 46.846241464 46.7896939569 46.3324756993
46.200591662 46.1285442648 47.3934466553 46.9668038217 46.8919450897 46.985359157 46.2717307889 47.2626945313 47.1332484678 46.734366107 46.8472433405 57.3160727992 46.9737564338 47.3397380564 46.9686460343 47.2685924645 47.3867800884 46.6901715829 47.2932993841 46.8485640724 46.1139552324 47.0100560826 46.3064294304 47.1677716556 46.7903329097 46.5638966233 47.2533431598 46.9961018066 46.6595699658 47.192756044 46.7696937673 60.520774372 60.520774372 60.520774372 46.1573538503 47.1908676047 46.5045442265 46.5973535615 46.2712190806 46.6935297366 46.6101738133 46.2945185622 46.5654095411 46.8265420668 46.9227015643 46.6505256428 46.1981628908 46.9979507881 47.1097084079 74.8128153656 74.8128153656 83.1543240993 83.1543240993 82.7766956776 46.9976465737 46.822917192 46.0717909248
46.038113866 46.2930137362 46.0470799711 46.1965128346 47.2815210893 46.3334909028 47.380275605 46.1702741165 67.3004236271 67.3004236271 57.3160727992 57.3160727992 46.1436065456 46.1969703796 46.1431129618 46.5701300963 47.3293233111 46.3932133385 46.0718429651 46.8115215107 46.7300260444 46.2512674042 46.1284244881 46.1742447098 46.6708252376 47.2552397912 46.5622166383 46.2442917354 46.5553003384 46.1692156132 46.177380991 53.3522714942 60.520774372 60.520774372 64.2777802597 46.0924392228 47.0233540896 46.5943188095 46.6384789965 47.1423785191 46.0416105623 46.9882437806 46.8437085283 47.3253546406 46.6947001987 46.6156870996 47.2402484491 46.3809690129 47.3479823682 46.3047623315 46.7597869292 47.3051649846 46.9606216801 46.9555667952 46.9985996885 46.2054726754 46.3867357156
46.0648240495 46.3841675025 47.1597497975 47.0977606879 46.8494610781 47.2124466259 46.7275146177 46.9967516022 47.080655274 67.3004236271 57.3160727992 57.3160727992 46.1991864767 63.647510908 63.647510908 46.8444783389 46.3391047126 46.9547818497 46.3829128278 46.194482507 47.2852836854 46.9287079076 46.9902012842 47.1116078279 46.638071993 46.5123495106 46.871658665 46.7640825009 46.6931772653 46.277730248 46.4320262908 53.3522714942 53.3522714942 64.2777802597 64.2777802597 46.5409996475 46.843957793 47.3843807437 47.1765689635 46.5990042432 46.2725064533 46.7500845778 46.7878249621 47.1876443008 46.7693107061 46.1444476068 46.756399324 46.9395924981 47.002036515 46.7972637753 47.2292536268 47.1357813853 46.4746756605 46.5140323316 46.3302373131 46.7140255566 46.5673364153
47.2412419759 46.546909525 46.6777755134 46.4418944231 46.5098739201 47.2646109645 46.2524589369 46.6821791965 46.9949961764 46.7498281971 46.0164466724 46.9886014213 46.7411425946 63.647510908 46.8534369673 46.5471128567 56.9893481284 46.2075243095 47.0349263855 46.2786312298 47.3258770942 46.6449704087 46.3447915789 46.0507668253 46.4189120082 47.1589089509 46.9262157912 46.8708279372 46.9997742925 47.0969540664 46.186264576 53.3522714942 53.3522714942 79.573602687 79.573602687 46.8278339075 46.0145845155 46.5659289197 47.3372799882 46.2744422781 46.8993574393 47.1955610922 47.0693346255 47.3855127895 46.3482022851 47.3566821369 47.2432621106 46.6153374579 46.715935855 46.1494243563 46.0700982256 47.2726304902 47.0268831478 47.0515430035 47.2364540511 47.2059408096 46.8946647601
46.3705021271 46.158202422 47.1783380786 46.2665156522 46.1084883001 46.5719813992 47.2328683907 47.0539046385 46.8212638184 46.2353382318 47.0206106769 46.3522078414 47.0200739572 47.0769459938 46.0938488344 47.3034351846 47.2984523394 46.9564027848 47.1035169924 46.5074815432 47.2994698725 46.1408944697 47.408748655 46.5134876521 81.9211098762 81.9211098762 81.9211098762 46.5118708613 46.2090684428 46.4549218218 46.2657900414 47.2459782227 68.3477984135 79.573602687 68.3477984135 47.1741344718 46.893264433 46.0460697432 47.2585875402 46.8247639805 46.3083587602 47.2890282579 47.0588664018 47.0430265839 46.0960591503 46.4529837902 46.2296794125 46.174534121 46.0160738588 46.1700306057 46.0214348133 46.2130695417 46.1890594192 46.3957716284 46.2985855015 46.4800016762 46.1372936657
46.1226966973 46.5706329355 47.2762235387 46.2279733211 47.2400152465 46.263783663 47.3648526577 47.3610725716 46.5354197403 46.0460627795 46.5353404895 46.6413636257 47.1642780468 47.1504285584 46.9801259211 46.8433350789 47.4076239366 46.6293499638 46.0957557417 47.0675086481 46.5113969305 47.3600012515 46.1883478702 46.9771217575 47.1090868919 46.6839913393 46.7580266795 47.0649788781 46.4076735001 46.8439892206 46.740364403 47.242137138 68.3477984135 68.3477984135 98.0248122577 47.1042861093 46.0034468812 46.9765742227 46.8501456619 47.2647302293 47.0410274381 46.9628499215 46.2159439943 46.6374786492 46.9105417508 46.0939953918 46.7795352273 46.8529203295 46.2622736286 46.5800907946 46.115091283 46.1955414183 46.2686014196 46.1004491739 46.7365044816 46.8349416781 47.3157672253
46.762060533 46.1100393115 46.2316002374 46.9900084115 46.1124887661 46.0402390934 46.755782504 46.7023299522 46.0045128379 46.1792505084 47.3909996915 47.1673109925 46.447069395 46.0886120069 47.4023475138 46.1444043871 46.9418212689 47.182805735 46.352245243 71.1862843411 46.0730660362 46.8150298475 46.1069641492 46.2504233495 46.1463037128 46.8764809651 75.9425862743 46.5584810827 47.1013416618 46.9731168299 46.4260027231 46.3134288043 46.2529837443 66.1989576441 66.1989576441 46.2007778118 46.8265704121 46.5079104389 46.8985145046 46.6580174823 46.9551975192 46.5159408256 47.3109133157 46.1056175185 46.0872134879 46.1551547316 46.4977323161 46.5028379372 46.7405376237 46.0285739997 46.8613027886 46.1292945564 46.4692680633 46.3532901614 89.9319264297 89.9319264297 46.1185338834
46.9022937793 46.0995552985 47.3335142679 46.4648783295 46.1981859677 46.3785381365 47.3368257071 46.8342867304 47.0119256951 46.5732784983 47.2589489959 47.0203721143 47.3303320914 46.1877904153 46.4198851981 46.8463349584 47.0254584183 46.1011199262 46.2541234753 46.220778846 46.6961557952 47.0323925639 47.0829943743 47.3959803981 47.2787852654 46.9368390212 46.459931279 47.1107036445 47.3648642357 47.2862396882 62.2229297735 46.151752544 76.4641848051 58.8163164205 80.4546356612 66.4795078228 47.3518537934 46.1245022059 46.3851120773 79.1437033033 46.8216829931 46.5294897902 47.2266065811 46.1315542308 47.2862994886 46.9374324888 47.2925384719 47.2755269289 46.2116006633 46.2333774314 46.5475841777 47.0804223245 46.8185481567 47.1233633747 89.9319264297 89.9319264297 46.803295799
46.7179027193 46.5058045957 46.9758642462 46.7447431799 46.7157080712 46.2322455307 46.0728067172 46.4868824379 47.2036755117 46.6948516283 47.3158000302 46.5425740482 46.1624975591 46.3893104786 47.2395916494 47.0749788357 46.1920959219 46.5576790883 46.3470973948 46.6757588396 66.782108895 66.782108895 47.1869224264 46.6839129511 66.760256893 61.1389435469 78.3467882026 78.3467882026 46.577963628 74.8457232339 74.8457232339 70.5529590935 58.8163164205 58.8163164205 80.4546356612 80.4546356612 80.4199474176 46.868367521 79.1437033033 79.1437033033 46.1144639578 46.172708311 46.6402366889 46.298771555 46.6023035396 46.2497776407 46.6196630732 46.7586976501 46.6598662759 47.0900814093 46.5764689146 47.1364204531 47.1619964197 47.3277087899 89.9319264297 46.6158588248 47.3903184187
87.0122122212 46.8147779497 47.412259475 46.3868605301 46.6745045016 46.7155483425 46.68546057 47.1384159754 46.3550315688 46.5637278172 47.1267441876 47.2059060298 46.9848527571 46.4012965559 46.1461480216 46.9793647661 47.2133802108 46.910124741 46.7975844568 46.6255063703 62.9986004785 46.6424987909 62.9986004785 46.9930241183 46.9165524279 61.1389435469 78.3467882026 78.3467882026 46.5160668049 74.8457232339 74.8457232339 70.5529590935 81.3053403529 58.8163164205 81.3053403529 47.0113062527 46.3454007825 47.3448609472 46.0402889853 79.1437033033 46.0829630039 46.6769683963 47.2983985283 47.3143279078 46.3997841237 47.1994285788 46.8967034361 46.7735920421 46.2740265778 47.3550022857 46.1111484137 46.6647331812 46.8186253371 46.3458008411 46.062997922 46.5075092457 46.4119254305
46.1838121711 46.919506208 46.4176684284 46.8733479207 46.7070583359 46.9221310668 46.3304007989 46.9228689381 46.9535317537 46.8621182905 47.268886103 47.2108308556 46.4613256238 46.6555754045 47.0414128102 46.7860911574 46.3924103525 46.0254520966 46.437465847 47.3337701876 46.7911077582 62.9986004785 46.4766879564 61.3768922952 94.0300268424 76.6474706293 76.6474706293 78.3467882026 47.1065224693 46.5163865271 62.2229297735 47.340150499 46.8755820682 81.3053403529 47.3845058454 47.1520630541 46.8385757782 46.0106973709 46.3682131137 46.3252460304 47.0283527964 47.4056553936 47.393976243 46.5457073076 46.187744449 47.3849513147 46.6270252854 46.5717748457 47.3117059124 46.2316305593 46.156767882 47.3637519843 46.6020373785 46.0490929111 46.2059274171 46.2211396126 46.641310972
47.0969672542 46.1094907051 46.8228037396 46.0451891805 46.7710183418 47.1990342748 46.0078280329 47.2861193284 46.1229562134 46.5008966717 46.915876629 46.7481019 46.5995164687 47.3635192924 46.7875082754 46.5738441926 46.9964482701 47.1613112377 46.2301681577 46.336478574 47.2737786444 46.0633964057 46.7215108026 46.7509498259 46.0811711659 61.8378526015 61.8378526015 61.8378526015 46.8408001079 46.0639480511 46.6253034551 46.0161612131 47.1212504828 69.9318256235 69.9318256235 46.8431062072 46.6473126972 46.5633360369 47.3392545413 46.0389887404 46.8487343249 46.6951846295 46.9020349927 46.5370726618 47.0736590358 47.2316652747 46.8004561574 46.4641090989 46.4675526787 46.4106181753 47.1908052107 46.1071525535 46.6295383465 47.0091382513 46.0947396625 46.4327364471 46.165259432
47.2295450902 46.855464567 46.0365828578 46.7185141652 47.2957338434 46.4351587731 47.3604434005 47.0374247754 46.4754116608 46.0573381128 46.6233020131 46.5122033648 46.0298023584 47.3266571775 46.4845218083 46.9833264172 46.0402693652 47.2422853761 47.2094397839 47.4032659607 46.9070868254 46.3809830959 46.5973958418 46.5350106616 55.3027658298 61.8378526015 66.7601835968 73.2606484608 46.2133695507 46.3551221084 47.1365903971 46.9284067443 46.5080135461 69.9318256235 67.0155299078 46.3778966412 46.9312158344 46.5139562797 47.3980882396 47.0919578226 46.1720956472 47.1074184353 46.2823488177 46.194188667 46.8334052815 46.8499614454 47.130235247 46.7736484633 47.2511171298 47.2828512363 46.0262407262 46.6103905901 47.2402038417 46.0975072744 47.0159821017 46.8142525672 46.3355180411
46.3424929708 46.4582548486 46.133716056 46.4117748517 46.8877822652 47.2228340202 47.3675834531 46.6000430096 46.3915435847 46.2083565597 46.0549396605 47.3029894961 46.5744800846 46.1192558428 46.8267700429 46.1957875466 46.5640020928 47.2323438997 46.519532642 46.0872579252 46.9052152291 73.591630479 46.2087955752 73.4173116276 55.3027658298 55.3027658298 66.7601835968 66.7601835968 61.5850294162 69.5630699756 69.5630699756 47.3833037807 46.4001481287 46.7706787947 67.0155299078 46.3571310307 46.5799472343 46.6965639008 46.1076005584 46.595251116 46.9738634354 46.0063368888 47.0200661464 46.2286102541 46.1086083876 46.3175081618 46.5024420751 59.257283855 59.257283855 46.8157139989 47.2314384918 46.4631984728 86.3099370319 47.4035781032 46.2920669011 47.2143382037 46.75244783
46.2058989352 47.2268236937 46.6690123066 47.0570774446 46.7204014579 47.1082028658 46.2997663377 46.4605944162 46.1136798269 46.7199762551 47.393076268 47.3893847975 46.2963990525 46.431864905 47.138762717 46.0492495587 46.1840035023 46.2856606844 46.0759338638 46.5653425664 46.4981895913 73.591630479 73.591630479 73.591630479 55.3027658298 59.4353466702 66.7601835968 66.7601835968 61.5850294162 69.5630699756 69.5630699756 69.6702773017 69.6702773017 78.1884265237 78.1884265237 78.1884265237 46.8625661557 46.2281432349 68.2645988972 46.950616698 46.5989214529 46.5645627424 83.7895691148 46.6069226353 46.0248860645 84.5600481615 46.5354926404 68.6197391765 63.8493803932 68.6197391765 58.4709597199 58.4709597199 86.3099370319 78.5758866488 78.5758866488 47.0231137182 65.9710495022
46.7760042836 46.3087604328 46.1786234671 46.6031944488 46.8071546684 46.7398571954 46.9045708984 46.0666333573 46.425724662 46.9444958915 46.1117867605 46.9566931726 46.9723781149 47.3446401027 46.3030390335 46.147638043 46.3351738642 47.2112591111 46.1185592069 46.3867014547 47.4000458342 46.6395384474 73.591630479 46.3144384863 73.4173116276 75.6922887789 75.6922887789 75.6922887789 61.5850294162 69.5630699756 69.5630699756 46.5941634688 46.5724325006 78.1884265237 78.1884265237 46.8735784719 46.8986651062 68.2645988972 46.4123608103 68.2645988972 46.3915128757 83.7895691148 83.7895691148 46.2138794637 84.5600481615 84.5600481615 84.5600481615 63.8493803932 63.8493803932 63.8493803932 58.4709597199 58.4709597199 86.3099370319 78.5758866488 46.7073092819 65.9710495022 65.9710495022
46.3618286002 47.2131646406 46.856444319 47.159344256 46.3063410146 47.1370139144 46.9814832124 46.0416981871 47.1773703334 47.0988779276 46.7151426988 47.1689027876 46.6909282515 46.3773333088 47.3420845188 46.062118144 46.3891768055 46.0950448438 46.9803434107 46.5225551381 46.0200369491 46.6972746744 65.5248286895 46.9661529967 47.1479810756 47.0872684025 46.219674262 46.7784125337 47.3529362526 46.0291104604 46.8897756545 46.4275420287 46.0531762742 47.2100884775 46.828061774 47.2883633804 46.543726051 46.5722268412 46.0446721912 46.4946624246 47.1793522689 83.7895691148 83.7895691148 46.1967048195 46.0727798492 84.5600481615 46.7191982951 65.9195877472 63.8493803932 65.9195877472 46.6207075895 58.4709597199 86.3099370319 78.5758866488 84.6669013115 47.3027818744 47.091655911
46.6125885094 46.9281231929 46.0855214735 46.4387128939 46.3944251301 46.9358213479 46.6629229267 47.0253986997 46.218588898 46.7221075528 46.2806268771 46.644771147 46.4115242681 47.0375462938 46.2226537653 46.533232503 46.5953156521 47.028333829 46.1164460569 47.1284739717 47.121963834 65.5248286895 65.5248286895 46.3811207305 46.5325799986 47.1364170585 46.0681938238 47.1433604647 46.6902053535 47.0834198941 46.997982299 47.0695932559 46.0249081174 46.7614601956 46.2776240357 46.067027403 46.5597916638 46.5576384974 46.2282622963 46.9527790501 46.5693519315 46.2273255347 46.6640615534 46.9823413523 47.172933272 46.645912849 46.0643028743 65.7437753834 65.9195877472 65.7437753834 47.1254274126 46.3541461174 47.0465593973 46.8897877287 46.9640967582 46.7389855968 47.0064910993
70.8780086804 70.8780086804 47.204036199 46.041931869 46.9756971069 46.7442104841 46.9780959347 46.9780096496 47.1831890631 46.6838267633 46.3200179188 47.0812287834 47.3322309908 47.3965821136 46.7730395686 46.8542668184 46.5705575332 46.5771860163 46.1722460481 46.2244675903 46.1268696491 75.1834196844 75.1834196844 75.1834196844 46.7232320477 46.4476328187 46.2264728823 46.9434048352 46.9303746847 47.0847567414 46.2531798384 46.6430139553 46.8039798456 68.8938590973 68.8938590973 68.8938590973 46.9796002775 46.3845547176 47.2991551123 47.2770215087 46.0280567681 46.0308595999 47.059358519 46.7743289175 47.1157359034 46.8872544969 46.0974488019 70.2342039129 65.7437753834 70.2342039129 47.3607658457 46.5954937831 46.6991164521 46.8334881168 46.4226847614 46.8217213384 47.2056357538
70.8780086804 46.8423152786 47.2604352635 47.3288248142 46.6404409184 47.3677532755 46.2569813932 47.327644142 47.2043804017 46.0106551028 47.1054366195 47.0887771273 46.1229271949 46.7500625766 46.1625404222 47.150452221 46.8315527148 46.5261267743 46.3918740003 46.3840063976 46.4481768472 57.99478325 57.99478325 57.99478325 46.210638049 46.0913803556 46.2872131437 46.2672017472 46.1128843803 46.2706568973 46.5199438877 46.7788517247 46.092818377 47.2861613168 68.8938590973 68.999266365 46.9000478747 46.8532536413 47.1867087614 46.4385044943 46.388154777 46.2345030516 46.5648360762 47.1927256655 46.0277268283 47.3369547097 46.5918312278 46.897678088 47.3367008682 47.3543401516 46.1569044419 47.1635686463 46.7860984545 46.2941333171 47.4114315308 46.7346714316 46.6032351143
46.2569367959 46.6911575391 47.3954885953 46.3740194843 47.1196448611 46.9405506531 58.5531875926 47.1053164891 46.6915017698 47.3978939065 46.2620281879 46.2218083555 46.9488482929 46.8434849215 47.1772667119 47.2532517569 46.2936646216 46.6850899733 47.327169318 46.570610009 46.2543069843 46.1343621569 57.99478325 57.99478325 80.0342719352 46.5080845765 46.2259087064 46.6339459693 46.4964366011 47.1120531396 46.5400640828 46.1573420089 46.423291509 46.9035705954 68.999266365 46.1313777262 46.9667591889 46.3978684907 46.0028047624 46.5942651022 46.787713391 46.9260061485 46.7160339643 46.8221469898 46.4430765405 46.8326862617 46.8335514997 46.4293800049 46.9040956619 46.563188553 46.776368213 46.1081747658 46.5769009802 46.6725293778 47.3290911023 66.3648292258 46.7549448757
46.1573376579 47.0395345545 46.4897981537 54.5459103752 46.3654605106 46.9708166283 47.3965889796 46.4230931279 46.9218112371 46.7748087734 46.872724422 46.6276495937 46.1808809766 46.350624025 47.1835452463 47.2001051029 46.7788631473 47.3390888272 46.8627873932 47.159357658 47.1139534073 46.7377626298 47.0605551373 80.0342719352 46.0027609816 47.2677848509 46.692318408 46.8252762377 46.3971022901 46.00420888 47.3760665041 47.1436837434 46.3003009915 46.6104794351 46.5528483097 47.0346958722 67.234287772 46.9591942194 47.0051254225 47.0055870303 46.9428963536 47.0652465092 46.7523850105 46.5514642504 46.81346104 47.0497014589 46.8464062734 97.7661008242 97.7661008242 47.414160628 46.3400444805 46.3531949264 46.3062018937 46.1868293355 46.9254470927 46.546327615 47.2953554412
46.3023957965 54.5459103752 46.6709649836 46.8594998846 46.4594717005 46.2053486651 46.804684917 47.1834122544 47.1006738551 47.1131540822 47.0356523471 46.0905882721 47.3956589824 46.2623033756 46.9741262817 47.05800387 46.1367521176 47.2366739504 46.3846408019 46.7394025284 46.3874760184 47.1647021823 46.5775313881 61.1366228621 61.1366228621 47.0715714968 47.3542683859 46.1144015003 46.7514300774 46.6869250077 47.0651598012 47.396606094 46.7439221498 47.0487919505 46.2831635194 46.2639652898 46.2899778537 46.0738017847 47.0279630934 46.5612948466 46.2817358164 47.3239565755 46.7207493691 47.4069681613 82.5239463636 61.7303952748 46.4289632761 97.7661008242 97.7661008242 46.8087626234 47.3714293809 46.3013376441 46.9117357615 46.6120375473 46.5820621979 46.9967953183 46.4348315863
