Spatial_Output/BAU/BAU_1307.asc
NCOLS 155
NROWS 192
XLLCORNER 196307.867259
YLLCORNER 449144.565805
CELLSIZE 33.573938
NODATA_VALUE NaN
[rows 102 to 135 of 192, columns 0 to 77 of 155]
0 0 0 0 0 0 0 0 0 0 0 0 0 0 0 0 0 0 0 0 0 0 0 0 0 29 29 29 29 60.2304891137 46.5741671376 46.5741671376 46.5741671376 29 29 29 29 29 29 29 29 29 29 29 29 29 29 29 29 69.2825478925 29 29 29 29 29 29 29 29 29 29 29 29 29 29 29 56.5226250184 56.5226250184 29 29 29 47.3132643699 29 29 29 29 29 49.4051131206 49.4051131206
0 0 0 0 0 0 0 0 0 0 0 0 0 0 0 0 0 0 0 0 0 0 0 0 0 0 29 55.3507526984 55.3507526984 60.2304891137 60.2304891137 60.2304891137 29 29 29 29 29 29 29 29 29 29 29 29 29 29 29 29 29 29 29 29 29 29 29 29 29 29 29 29 29 29 29 63.4047021253 64.6036108578 56.5226250184 29 68.8732884836 51.9608798891 54.136790995 47.3132643699 51.9608798891 67.0082665715 29 29 29 29 29
0 0 0 0 0 0 0 0 0 0 0 0 0 0 0 0 0 0 0 0 0 0 0 0 0 0 57.9023762402 55.3507526984 55.3507526984 55.3507526984 29 29 29 29 29 29 29 29 29 29 29 29 29 29 29 29 29 29 29 29 29 29 29 29 51.2046192073 51.2046192073 51.2046192073 29 29 29 29 29 29 64.6036108578 64.6036108578 64.6036108578 56.5226250184 29 29 47.3132643699 47.3132643699 47.3132643699 67.0082665715 67.0082665715 52.1153401102 52.1153401102 29 67.7721671746
0 0 0 0 0 0 0 0 0 0 0 0 0 0 0 0 0 0 0 0 0 0 0 0 0 62.4406525923 54.5708885449 29 55.3507526984 51.214401914 29 29 29 29 29 29 29 29 29 29 29 29 29 29 29 29 29 29 29 29 29 29 29 29 51.2046192073 51.2046192073 60.7857024686 29 29 29 29 29 29 75.3983380709 53.6164885073 75.3983380709 29 29 29 64.9994197359 51.9608798891 29 67.0082665715 67.0082665715 52.1153401102 52.1153401102 83.6908443951 67.7721671746
0 0 0 0 0 0 0 0 0 0 0 0 0 0 0 0 0 0 0 0 0 0 0 0 76.3567426032 47.4406272528 47.4406272528 29 54.5708885449 29 29 29 29 29 29 29 29 29 29 29 29 29 29 29 29 29 29 29 29 29 29 29 29 29 61.6015127805 61.6015127805 29 29 29 29 29 29 29 53.6164885073 53.6164885073 53.6164885073 29 29 29 29 29 29 29 52.202921304 52.1153401102 83.6908443951 29 67.7721671746
0 0 0 0 0 0 0 0 0 0 0 0 0 0 0 0 0 0 0 0 0 0 0 62.5057690398 62.5057690398 47.4406272528 47.4406272528 29 29 29 29 29 29 29 29 29 29 29 29 29 29 29 29 29 29 29 29 29 29 29 29 47.1917665012 29 29 61.6015127805 61.6015127805 61.6015127805 29 29 29 29 29 29 56.7410610283 53.6164885073 56.7410610283 29 29 29 29 29 29 29 29 29 29 29 47.9846066174
0 0 0 0 0 0 0 0 0 0 0 0 0 0 0 0 0 0 0 0 0 0 0 62.5057690398 62.5057690398 30.6949916754 56.3255149037 47.4406272528 29 29 29 29 29 29 29 29 29 29 29 29 29 29 29 29 29 29 29 29 29 29 29 29 29 29 64.1871519122 64.1871519122 64.1871519122 29 29 29 29 29 29 73.846067585 56.7410610283 73.846067585 29 29 29 29 29 29 29 29 29 29 29 29
0 0 0 0 0 0 0 0 0 0 0 0 0 0 0 0 0 0 0 0 0 0 0 50.37929478 50.37929478 0 0 0 29 29 29 29 29 29 29 29 29 29 29 29 29 29 29 29 29 29 29 29 29 29 29 60.5085208874 29 29 48.1538643053 55.012587853 55.012587853 29 29 29 29 29 29 73.846067585 29 29 29 29 29 29 29 29 29 29 29 29 29 29
0 0 0 0 0 0 0 0 0 0 0 0 0 0 0 0 0 0 0 0 0 0 50.37929478 50.37929478 50.37929478 0 0 0 0 29 29 29 29 29 29 29 29 29 29 29 29 29 29 29 29 29 29 29 29 38.125025468 71.8798510128 29 29 29 55.012587853 55.012587853 29 51.003902796 29 56.7322984817 29 29 50.7459726779 49.2729540686 69.1114177134 73.1164475128 53.0568616698 29 29 47.551847523 29 64.4162185358 63.922117972 29 67.4893243978 29 29 29
0 0 0 0 0 0 0 0 0 0 0 0 0 0 0 0 0 0 0 0 0 50.37929478 50.37929478 50.37929478 0 0 0 0 0 29 29 29 29 29 29 29 29 29 29 29 29 29 29 29 29 29 29 29 38.125025468 38.125025468 38.125025468 29 29 57.4802130608 29 55.012587853 51.003902796 51.003902796 74.7526268203 56.7322984817 56.7322984817 50.7459726779 50.7459726779 69.1114177134 58.2281030796 69.1114177134 53.0568616698 29 29 47.551847523 47.551847523 47.551847523 63.922117972 67.4893243978 67.4893243978 51.3484334477 72.2074635149 59.1640664943
0 0 0 0 0 0 0 0 0 0 0 0 0 0 0 0 0 0 0 0 0 50.37929478 50.37929478 0 0 0 0 0 0 0 29 29 29 29 29 29 29 29 29 29 29 29 29 29 29 29 29 29 53.7973011839 38.125025468 38.125025468 29 59.6084594206 29 29 43.9794959513 43.9794959513 51.003902796 74.7526268203 56.7322984817 56.7322984817 50.7459726779 50.7459726779 58.2281030796 58.2281030796 58.2281030796 53.0568616698 29 29 47.551847523 47.551847523 64.4162185358 63.922117972 63.922117972 67.4893243978 29 29 29
0 0 0 0 0 0 0 0 0 0 0 0 0 0 0 0 0 0 0 0 0 0 0 0 0 0 0 0 0 0 0 29 29 29 29 29 29 29 29 29 29 29 29 29 29 29 29 29 29 29 80.6147615823 29 74.2644417332 29 43.9794959513 43.9794959513 43.9794959513 51.003902796 29 56.7322984817 29 51.2490879507 50.7459726779 52.4195355402 52.4195355402 52.4195355402 29 29 29 29 29 29 29 29 29 29 29 29
0 0 0 0 0 0 0 0 0 0 0 0 0 0 0 0 0 0 0 0 0 0 0 0 0 0 0 0 0 0 0 29 29 29 29 29 29 29 29 29 29 29 29 29 29 29 29 29 29 82.1660624057 82.1660624057 29 29 45.1533531896 29 29 29 29 29 29 29 29 73.4665339828 73.4665339828 60.4965529168 29 29 29 29 29 29 29 29 29 29 29 29 44.5229959515
0 0 0 0 0 0 0 0 0 0 0 0 0 0 0 0 0 0 0 0 0 0 0 0 0 0 0 0 0 0 0 0 29 29 29 29 29 29 29 29 29 29 29 29 29 29 29 29 82.1660624057 82.1660624057 82.1660624057 82.1660624057 74.2644417332 57.8976842783 43.3832363116 29 29 29 29 29 29 29 48.5836732883 73.4665339828 73.4665339828 73.4665339828 29 29 29 29 29 29 29 29 29 29 29 44.5229959515
0 0 0 0 0 0 0 0 0 0 0 0 0 0 0 0 0 0 0 0 0 0 0 0 0 0 0 0 0 0 0 0 29 29 29 29 29 29 29 29 29 29 29 29 29 29 29 29 29 64.2488699712 57.9657916412 29 29 57.8976842783 57.8976842783 47.5324765077 29 29 29 29 29 29 29 54.7978869075 29 29 29 29 29 29 29 29 29 29 29 29 42.896119694 42.896119694
0 0 0 0 0 0 0 0 0 0 0 0 0 0 0 0 0 0 0 0 0 0 0 0 0 0 0 0 0 0 0 0 0 29 29 29 29 29 29 29 29 29 29 29 29 29 29 55.292060204 51.5645423299 51.5645423299 51.59684215 29 29 47.5324765077 43.3832363116 49.1191885204 29 74.2758500341 56.6901792824 29 29 29 50.303043474 54.7978869075 29 29 29 29 29 29 29 29 29 29 29 29 42.896119694 42.896119694
0 0 0 0 0 0 0 0 0 0 0 0 0 0 0 0 0 0 0 0 0 0 0 0 0 0 0 0 0 0 0 0 0 29 29 29 29 29 29 29 29 29 29 29 29 29 29 55.292060204 51.5645423299 51.5645423299 51.59684215 51.59684215 29 48.4778043532 48.4778043532 49.1191885204 29 56.6901792824 56.6901792824 56.6901792824 29 29 50.303043474 50.303043474 50.303043474 29 29 29 29 29 29 29 29 29 29 29 29 42.896119694
0 0 0 0 0 0 0 0 0 0 0 0 0 0 0 0 0 0 0 0 0 0 0 0 0 0 0 0 0 0 0 0 0 0 29 29 29 29 29 29 29 29 29 50.7014862135 56.5639904803 56.5639904803 29 55.292060204 29 51.1422819306 51.59684215 51.59684215 48.4778043532 48.4778043532 48.4778043532 71.9843634216 71.9843634216 71.9843634216 56.6901792824 56.6901792824 29 70.0652081677 50.303043474 70.0652081677 29 29 29 29 29 29 29 29 29 29 29 29 29 43.8478817159
0 0 0 0 0 0 0 0 0 0 0 0 0 0 0 0 0 0 0 0 0 0 0 0 0 0 0 0 0 0 0 0 0 0 0 29 29 29 29 29 29 51.917897126 29 50.7014862135 56.5639904803 56.5639904803 29 29 51.1422819306 51.1422819306 51.59684215 49.4198271796 29 48.4778043532 29 71.9843634216 71.9843634216 71.9843634216 64.5592896517 29 29 29 70.0652081677 70.0652081677 29 29 29 29 29 29 29 29 29 29 29 29 29 29
0 0 0 0 0 0 0 0 0 0 0 0 0 0 0 0 0 0 0 0 0 0 0 0 0 0 0 0 0 0 0 0 0 0 0 29 29 42.1471702106 50.4075732275 47.7074838475 47.7074838475 67.6786652279 29 29 29 29 29 29 29 51.1422819306 29 29 29 29 29 29 29 29 29 72.5793583431 29 29 29 29 29 29 29 29 29 29 29 29 29 29 29 29 29 29
0 0 0 0 0 0 0 0 0 0 0 0 0 0 0 0 0 0 0 0 0 0 0 0 0 0 0 0 0 0 0 0 0 71.6694239872 59.4105018851 59.4105018851 64.569668037 50.4075732275 50.4075732275 47.7074838475 47.7074838475 29 51.917897126 51.917897126 29 29 29 59.6165697253 59.6165697253 29 29 29 29 29 29 29 29 29 56.0646799408 56.0646799408 29 49.1455770303 49.1455770303 29 29 29 29 29 29 29 29 29 29 29 29 29 29 29
0 0 0 0 0 0 0 0 0 0 0 0 0 0 0 0 0 0 0 0 0 0 0 0 0 0 0 0 0 0 43.7380593931 82.8057436641 26.22052385 31.9113309323 16.514809402 59.4105018851 59.4105018851 29 50.4075732275 47.7524984462 47.7074838475 29 29 29 29 29 59.7428665071 59.6165697253 59.6165697253 29 29 29 29 29 29 29 29 29 56.0646799408 56.0646799408 49.1455770303 49.1455770303 49.1455770303 29 29 29 29 29 29 29 29 29 29 29 29 29 29 29
0 0 0 0 0 0 0 0 0 0 0 0 0 0 0 0 0 0 0 0 0 0 0 0 0 0 0 0 78.8463416871 47.2228556001 46.8383752397 46.8383752397 16.7600209242 18.0401348801 28.546878987 59.4105018851 50.7849208707 54.0141376958 29 29 29 29 29 29 29 29 50.9646263204 50.9646263204 50.9646263204 29 29 29 29 29 29 29 29 29 60.1405463747 60.1405463747 60.1405463747 60.1405463747 29 29 29 29 29 29 29 29 29 29 29 29 29 29 29 29
0 0 0 0 0 0 0 0 0 0 0 0 0 0 0 0 0 0 0 0 0 0 0 0 0 43.2463475083 64.5324559943 56.3667506706 47.2228556001 47.2228556001 46.8383752397 46.8383752397 15.9255807618 33.5017109326 19.8972886559 54.7063549248 0 0 29 29 29 29 29 29 29 29 29 50.9646263204 29 29 29 29 29 29 29 29 29 61.4712364066 48.2665561328 60.1405463747 60.1405463747 63.0078013533 29 29 29 29 29 29 29 29 29 29 29 29 29 29 29 29
0 0 0 0 0 0 0 0 0 0 0 0 0 0 0 0 0 0 0 0 0 0 0 0 0 43.2463475083 64.5324559943 64.5324559943 47.2228556001 47.2228556001 46.8383752397 71.535531827 59.7561276164 45.2101567916 0 0 0 0 29 29 29 29 29 29 29 29 29 29 29 29 29 29 29 29 53.4694397157 29 54.8089778007 54.8089778007 54.8089778007 48.2665561328 64.9641421651 29 29 29 29 29 29 29 29 29 29 29 29 29 29 29 29 29
0 0 0 0 0 0 0 0 0 0 0 0 0 0 0 0 0 0 0 0 0 0 0 0 0 85.8673870502 64.5324559943 56.3667506706 65.2480964066 61.0159724882 0 0 0 0 0 0 0 0 0 29 29 29 29 29 29 55.2743442236 55.2743442236 55.2743442236 29 55.5654791118 29 29 70.3097144111 55.2621497869 53.4694397157 53.4694397157 70.9723610797 54.8089778007 54.8089778007 48.2665561328 64.9641421651 64.9641421651 29 29 29 29 29 29 29 29 29 50.0681158934 77.9050805314 29 54.0432612952 29 54.0432612952 29
0 0 0 0 0 0 0 0 0 0 0 0 0 0 0 0 0 0 0 0 0 0 0 0 0 0 0 0 0 0 0 0 0 0 0 0 0 0 0 0 29 29 29 29 57.8799879242 55.2743442236 55.2743442236 29 29 55.5654791118 55.5654791118 55.5654791118 70.3097144111 61.0852170289 53.4694397157 53.4694397157 29 54.8089778007 47.1445825895 29 29 61.2589859199 61.2589859199 51.32565333 29 29 29 56.3586247375 29 44.5794541319 50.0681158934 50.0681158934 77.9050805314 77.9050805314 29 54.0432612952 54.0432612952 57.1686212157
0 0 0 0 0 0 0 0 0 0 0 0 0 0 0 0 0 0 0 0 0 0 0 0 0 0 0 0 0 0 0 0 0 0 0 0 0 0 0 0 0 29 29 29 29 29 29 48.8953825807 64.3694191757 55.5654791118 55.5654791118 61.0362264711 61.0852170289 29 29 29 29 29 29 29 29 61.2589859199 52.8391802531 51.32565333 51.32565333 29 29 56.3586247375 56.3586247375 44.5794541319 50.0681158934 50.0681158934 77.9050805314 77.9050805314 29 54.0432612952 54.0432612952 29
0 0 0 0 0 0 0 0 0 0 0 0 0 0 0 0 0 0 0 0 0 0 0 0 0 0 0 0 0 0 0 0 0 0 0 0 0 0 0 0 0 29 29 29 70.2833190883 48.8953825807 48.8953825807 56.8331681929 29 29 45.5686642101 29 29 29 29 29 29 29 29 29 29 52.8391802531 52.8391802531 51.32565333 51.32565333 29 29 65.0151350549 56.3586247375 29 29 56.3586247375 77.9050805314 29 29 29 29 29
0 0 0 0 0 0 0 0 0 0 0 0 0 0 0 0 0 0 0 0 0 0 0 0 0 0 0 0 0 0 0 0 0 0 0 0 0 0 0 0 0 0 29 29 29 70.2833190883 56.8331681929 29 64.3694191757 29 29 29 29 29 29 29 29 29 29 29 72.4152127944 52.8391802531 52.8391802531 52.8391802531 29 29 29 29 29 29 29 29 29 29 29 29 29 29
0 0 0 0 0 0 0 0 0 0 0 0 0 0 0 0 0 0 0 0 0 0 0 0 0 0 0 0 0 0 0 0 0 0 0 0 0 0 0 0 0 0 0 29 29 61.8980870079 56.6874950305 29 29 29 29 29 29 29 29 29 55.9647598785 45.3291431081 45.3291431081 45.3291431081 72.4152127944 29 29 29 29 29 29 29 29 29 29 29 29 29 29 29 29 29
0 0 0 0 0 0 0 0 0 0 0 0 0 0 0 0 0 0 0 0 0 0 0 0 0 0 0 0 0 0 0 0 0 0 0 0 0 0 0 0 0 0 0 29 29 56.6874950305 56.6874950305 29 29 29 29 29 29 29 53.2737320088 55.9647598785 55.9647598785 45.3291431081 45.3291431081 29 29 29 29 55.5201446948 55.5201446948 29 29 29 29 29 29 29 29 29 29 29 29 29
0 0 0 0 0 0 0 0 0 0 0 0 0 0 0 0 0 0 0 0 0 0 0 0 0 0 0 0 0 0 0 0 0 0 0 0 0 0 0 0 0 0 0 0 29 65.0281965281 65.0281965281 56.6874950305 29 29 29 29 84.8189403738 67.1519894779 67.1519894779 55.9647598785 55.9647598785 55.9647598785 45.3291431081 29 29 29 29 29 29 29 29 29 29 29 29 29 29 29 29 29 29 29
0 0 0 0 0 0 0 0 0 0 0 0 0 0 0 0 0 0 0 0 0 0 0 0 0 0 0 0 0 0 0 0 0 0 0 0 0 0 0 0 0 0 0 0 29 65.0281965281 65.0281965281 65.0281965281 29 29 29 29 29 67.1519894779 67.1519894779 53.2737320088 29 29 29 29 29 29 29 29 29 29 29 29 29 29 29 29 29 29 29 29 29 29
