Spatial_Output/BAU/BAU_1203.asc
NCOLS 155
NROWS 192
XLLCORNER 196307.867259
YLLCORNER 449144.565805
CELLSIZE 33.573938
NODATA_VALUE NaN
[rows 99 to 131 of 192, columns 0 to 74 of 155]
0 0 0 0 0 0 0 0 0 0 0 0 0 0 0 0 46.2433281802 46.2433281802 56.5999185671 47.1594175295 28 28 28 28 28 28 28 28 28 28 28 28 39.5003464795 39.5003464795 65.6844176371 59.0237054234 54.189476702 28 28 50.3413915378 61.4901781014 42.8652329749 43.3731742475 46.6475580783 55.1535475938 59.3214269952 28 47.0821366791 65.8123182251 65.8123182251 65.8123182251 38.2873924842 28 28 44.4285482807 67.2557443839 72.8133271647 28 28 28 61.6379377893 65.6037154981 28 50.5072846817 67.334806799 67.334806799 51.6075100156 28 52.783929864 53.2120033378 42.2887486475 28 67.487870438 49.6149247585 28
0 0 0 0 0 0 0 0 0 0 0 0 0 0 0 0 0 46.2433281802 0 46.1376829441 0 28 28 28 28 28 28 28 28 28 46.9067968567 46.9067968567 39.5003464795 39.5003464795 65.6844176371 36.9325710934 28 28 28 28 28 28 28 28 28 28 28 28 72.1992636301 65.8123182251 72.1992636301 28 28 28 65.9027724172 50.2881607323 28 28 28 28 28 28 28 44.7393965096 44.7393965096 44.7393965096 28 28 28 28 28 28 28 28 28
0 0 0 0 0 0 0 0 0 0 0 0 0 0 0 0 0 0 0 0 0 0 0 28 28 28 28 28 28 28 36.6595235203 46.9067968567 46.9067968567 39.5003464795 28 28 28 28 28 28 28 28 28 28 28 28 28 28 28 55.3950756739 28 28 28 28 50.2881607323 50.2881607323 50.2881607323 28 28 28 28 28 28 45.1355578536 44.7393965096 44.7393965096 28 28 28 28 28 28 28 28 28
0 0 0 0 0 0 0 0 0 0 0 0 0 0 0 0 0 0 0 0 0 0 0 0 0 28 28 28 52.5477556879 43.8451495539 28 46.9067968567 46.9067968567 28 28 28 28 28 28 28 28 28 28 28 28 28 28 28 43.8252161342 43.8252161342 43.8252161342 28 28 28 55.815395182 50.2881607323 28 28 28 28 28 28 28 45.1355578536 45.1355578536 45.1355578536 44.4037882749 28 28 61.9121099081 28 28 28 28 28
0 0 0 0 0 0 0 0 0 0 0 0 0 0 0 0 0 0 0 0 0 0 0 0 0 0 28 55.5837926558 52.5477556879 52.5477556879 43.8451495539 28 28 28 28 28 28 28 28 28 28 28 28 28 28 28 28 28 55.3950756739 54.5896033549 55.3950756739 28 28 28 28 69.3284830914 28 28 28 28 28 28 28 28 45.1355578536 44.4037882749 44.4037882749 44.4037882749 44.4037882749 28 28 54.3699665799 28 61.9650208156 40.8396046298
0 0 0 0 0 0 0 0 0 0 0 0 0 0 0 0 0 0 0 0 0 0 0 0 0 0 53.254391033 55.5837926558 55.5837926558 52.5477556879 52.5477556879 28 28 28 28 28 28 28 28 28 28 28 28 28 28 28 28 28 54.5896033549 54.5896033549 54.5896033549 28 28 28 69.3284830914 69.3284830914 69.3284830914 28 28 28 28 28 28 56.6096568109 36.4648297982 56.6096568109 44.4037882749 44.4037882749 28 28 54.3699665799 54.3699665799 54.3699665799 61.9650208156 54.1686733284
0 0 0 0 0 0 0 0 0 0 0 0 0 0 0 0 0 0 0 0 0 0 0 0 0 62.4406525923 62.8028285953 69.7831729274 55.5837926558 28 28 28 28 28 28 28 28 28 28 28 28 28 28 28 28 28 28 28 28 50.091524464 50.091524464 28 28 28 61.2124154508 61.2124154508 61.2124154508 28 28 28 28 28 28 36.4648297982 36.4648297982 36.4648297982 28 28 28 28 54.3699665799 54.3699665799 28 61.9650208156 54.1686733284
0 0 0 0 0 0 0 0 0 0 0 0 0 0 0 0 0 0 0 0 0 0 0 0 76.3567426032 55.0468404952 55.0468404952 28 28 28 28 28 28 28 28 28 28 28 28 28 28 28 28 28 28 28 28 28 47.7267524651 47.7267524651 47.7267524651 28 28 28 45.1471750504 61.2124154508 28 28 28 28 28 28 28 28 28 28 28 28 28 28 28 28 28 61.9650208156 54.1686733284
0 0 0 0 0 0 0 0 0 0 0 0 0 0 0 0 0 0 0 0 0 0 0 62.5057690398 62.5057690398 40.3531160204 55.0468404952 28 28 28 28 28 28 28 28 28 28 28 28 28 28 28 28 28 28 28 28 28 44.4558033057 47.7267524651 47.7267524651 28 28 28 71.1566709404 71.1566709404 71.1566709404 28 28 28 28 28 28 28 52.742514844 53.2883369589 28 28 28 28 28 28 28 28 28
0 0 0 0 0 0 0 0 0 0 0 0 0 0 0 0 0 0 0 0 0 0 0 62.5057690398 62.5057690398 30.6949916754 55.6815292573 51.1195107646 28 28 28 28 28 28 28 28 28 28 28 28 28 28 28 28 28 28 28 28 28 65.2953952616 28 28 28 28 43.9143909468 57.314403419 43.9143909468 28 28 28 28 28 28 52.742514844 52.742514844 52.742514844 28 28 28 28 28 28 28 28 28
0 0 0 0 0 0 0 0 0 0 0 0 0 0 0 0 0 0 0 0 0 0 0 50.37929478 50.37929478 0 0 0 28 28 28 28 28 28 28 28 28 28 28 28 28 28 28 28 28 28 28 28 65.8249533741 65.2953952616 65.2953952616 28 28 43.9143909468 43.9143909468 43.9143909468 28 28 28 28 28 28 28 62.5039075738 62.5039075738 62.5039075738 28 28 28 28 28 28 28 28 28
0 0 0 0 0 0 0 0 0 0 0 0 0 0 0 0 0 0 0 0 0 0 50.37929478 50.37929478 50.37929478 0 0 0 0 28 28 28 28 28 28 28 28 28 28 28 28 28 28 28 28 28 28 28 54.7905267147 43.3179913433 65.2953952616 54.7905267147 28 47.4880713909 41.4061407071 41.4061407071 41.4061407071 28 75.0133539014 44.0140540225 53.5393593206 28 84.2918328975 55.7897697474 37.5656581574 53.4886386846 28 28 47.1961878601 28 52.8599993538 75.0063053332 74.4563828195 28 54.688058796
0 0 0 0 0 0 0 0 0 0 0 0 0 0 0 0 0 0 0 0 0 50.37929478 50.37929478 50.37929478 0 0 0 0 0 28 28 28 28 28 28 28 28 28 28 28 28 28 28 28 28 28 28 28 43.3179913433 43.3179913433 43.3179913433 28 28 47.4880713909 28 48.0911117176 77.2783702512 77.2783702512 75.0133539014 75.0133539014 28 28 49.5701292963 49.5701292963 37.5656581574 37.5656581574 58.5570951417 47.1961878601 47.1961878601 47.1961878601 52.8599993538 74.4563828195 74.4563828195 54.688058796 54.688058796
0 0 0 0 0 0 0 0 0 0 0 0 0 0 0 0 0 0 0 0 0 50.37929478 50.37929478 0 0 0 0 0 0 0 28 28 28 28 28 28 28 28 28 28 28 28 28 28 28 28 28 28 28 43.3179913433 43.3179913433 28 28 47.4880713909 47.4880713909 48.0911117176 77.2783702512 77.2783702512 75.0133539014 75.0133539014 53.5393593206 53.5393593206 49.5701292963 49.5701292963 53.4886386846 53.4886386846 28 28 47.1961878601 47.1961878601 52.8599993538 75.0063053332 74.4563828195 74.4563828195 54.688058796
0 0 0 0 0 0 0 0 0 0 0 0 0 0 0 0 0 0 0 0 0 0 0 0 0 0 0 0 0 0 0 28 28 28 28 28 28 28 28 28 28 28 28 28 28 28 28 28 39.8277532227 43.7657197829 43.7657197829 48.8644474064 53.674586141 53.674586141 53.674586141 28 77.2783702512 28 28 44.0140540225 28 28 84.2918328975 28 28 28 28 28 28 28 28 28 28 28 28
0 0 0 0 0 0 0 0 0 0 0 0 0 0 0 0 0 0 0 0 0 0 0 0 0 0 0 0 0 0 0 28 28 28 28 28 28 28 28 28 28 28 28 28 28 28 28 28 43.7657197829 43.7657197829 43.7657197829 43.7657197829 44.4260841457 44.4260841457 28 28 28 28 28 28 28 28 28 52.9186418863 52.9186418863 28 28 28 28 28 28 28 28 28 28
0 0 0 0 0 0 0 0 0 0 0 0 0 0 0 0 0 0 0 0 0 0 0 0 0 0 0 0 0 0 0 0 28 28 28 28 28 28 28 28 28 28 28 28 28 28 28 28 48.3248064246 48.3248064246 48.8644474064 48.8644474064 48.8644474064 66.0009260246 44.4260841457 28 28 28 28 28 28 28 28 52.9186418863 52.9186418863 53.0275271372 28 28 28 28 28 28 28 28 28
0 0 0 0 0 0 0 0 0 0 0 0 0 0 0 0 0 0 0 0 0 0 0 0 0 0 0 0 0 0 0 0 28 28 28 28 28 28 28 28 28 28 28 28 28 28 28 28 28 28 28 28 48.8644474064 66.0009260246 66.0009260246 66.0009260246 28 28 28 28 28 28 28 53.0275271372 50.363071996 28 28 28 28 28 28 28 28 28 28
0 0 0 0 0 0 0 0 0 0 0 0 0 0 0 0 0 0 0 0 0 0 0 0 0 0 0 0 0 0 0 0 0 28 28 28 28 28 28 28 28 28 28 28 28 28 28 46.2470580942 43.499568562 59.5909333925 64.0474950214 72.6004911679 77.9307220463 66.0009260246 28 28 70.9895913075 28 28 41.6281342617 28 28 49.004839323 49.004839323 49.004839323 28 28 28 28 28 28 28 28 28 28
0 0 0 0 0 0 0 0 0 0 0 0 0 0 0 0 0 0 0 0 0 0 0 0 0 0 0 0 0 0 0 0 0 28 28 28 28 28 28 28 28 28 28 28 28 28 28 28 61.0082608636 61.0082608636 43.499568562 64.0474950214 77.9307220463 77.9307220463 48.8695666602 74.9877296378 70.9895913075 70.9895913075 70.9895913075 50.428453664 50.428453664 50.428453664 49.004839323 49.004839323 28 28 28 28 28 28 28 28 28 28 28
0 0 0 0 0 0 0 0 0 0 0 0 0 0 0 0 0 0 0 0 0 0 0 0 0 0 0 0 0 0 0 0 0 0 28 28 28 28 28 28 28 28 28 28 28 28 28 46.2470580942 61.0082608636 61.0082608636 61.0082608636 64.0474950214 77.9307220463 77.9307220463 48.8695666602 28 70.9895913075 70.9895913075 28 41.6281342617 50.428453664 65.4806436011 65.4806436011 65.4806436011 28 28 28 28 28 28 28 28 28 28 28
0 0 0 0 0 0 0 0 0 0 0 0 0 0 0 0 0 0 0 0 0 0 0 0 0 0 0 0 0 0 0 0 0 0 0 28 28 28 28 28 28 48.525974702 45.2042544854 28 28 28 28 40.9881952525 40.9881952525 40.9881952525 64.0474950214 28 77.9307220463 48.8695666602 48.8695666602 28 28 63.4254824154 53.8369143437 28 50.428453664 61.6877360737 65.4806436011 65.4806436011 28 28 28 28 28 28 28 28 28 28 28
0 0 0 0 0 0 0 0 0 0 0 0 0 0 0 0 0 0 0 0 0 0 0 0 0 0 0 0 0 0 0 0 0 0 0 28 28 28 28 28 48.525974702 48.525974702 45.2042544854 45.2042544854 28 28 28 28 40.9881952525 60.9868583942 28 28 28 28 28 28 28 53.8369143437 53.8369143437 47.1871840299 28 41.7722670184 46.3913466385 41.7722670184 28 28 28 28 28 28 28 28 28 28 28
0 0 0 0 0 0 0 0 0 0 0 0 0 0 0 0 0 0 0 0 0 0 0 0 0 0 0 0 0 0 0 0 0 52.3789069839 37.9770525186 55.8800323379 28 28 28 28 48.525974702 48.525974702 28 45.2042544854 28 28 28 28 57.7813943568 28 28 28 28 28 28 28 28 53.8369143437 53.1447456846 53.1447456846 46.3913466385 46.3913466385 46.3913466385 63.4856386549 28 28 28 28 28 28 28 28 28 28 28
0 0 0 0 0 0 0 0 0 0 0 0 0 0 0 0 0 0 0 0 0 0 0 0 0 0 0 0 0 0 56.5048487879 55.769965948 18.5278455376 27.3479877183 26.1718434917 55.8800323379 28 28 28 28 28 28 28 28 28 28 52.4718257274 52.4718257274 52.4718257274 28 28 28 28 28 28 28 28 47.1871840299 53.1447456846 53.1447456846 60.96493098 54.6573966835 46.3913466385 28 28 28 28 28 28 28 28 28 28 28 28
0 0 0 0 0 0 0 0 0 0 0 0 0 0 0 0 0 0 0 0 0 0 0 0 0 0 0 0 56.3243238361 72.285283876 55.769965948 55.769965948 10.9631597989 11.7718317622 25.9970298412 68.4048383237 63.6997999184 28 28 28 28 28 28 28 28 28 28 52.4718257274 52.4718257274 28 28 28 28 28 28 28 28 28 60.96493098 60.96493098 60.96493098 57.1604063003 28 54.6573966835 28 28 28 28 28 28 28 28 28 28 28
0 0 0 0 0 0 0 0 0 0 0 0 0 0 0 0 0 0 0 0 0 0 0 0 0 58.8507567821 51.5073633451 62.2233423759 53.0758550002 53.0758550002 55.769965948 55.769965948 24.7609224972 32.9544581453 14.1229015106 54.7063549248 0 0 28 28 28 28 28 28 28 78.4333265253 78.4333265253 78.4333265253 28 28 28 28 28 28 28 28 28 28 28 38.3159347096 38.3159347096 28 28 28 28 28 28 28 28 28 28 28 28 28 28
0 0 0 0 0 0 0 0 0 0 0 0 0 0 0 0 0 0 0 0 0 0 0 0 0 58.8507567821 51.5073633451 62.2233423759 53.0758550002 53.0758550002 72.285283876 54.0970172097 52.7725443608 40.3383874634 0 0 0 0 28 28 28 28 28 28 28 28 53.5019531073 78.4333265253 28 28 28 28 28 28 28 67.1163880523 64.8506398057 64.8831705201 54.943387051 38.3159347096 38.3159347096 28 28 28 28 28 28 28 28 28 28 28 28 28 28
0 0 0 0 0 0 0 0 0 0 0 0 0 0 0 0 0 0 0 0 0 0 0 0 0 71.1947562805 54.2940014952 62.2233423759 44.8927227204 61.0159724882 0 0 0 0 0 0 0 0 0 28 28 28 28 28 28 28 62.6415978264 28 28 28 28 70.3345259757 70.3345259757 70.3345259757 67.1163880523 64.8506398057 64.8506398057 64.8506398057 54.943387051 28 28 62.3865450316 62.3865450316 28 28 28 28 28 28 28 28 28 28 49.5556428303 50.0543131359
0 0 0 0 0 0 0 0 0 0 0 0 0 0 0 0 0 0 0 0 0 0 0 0 0 0 0 0 0 0 0 0 0 0 0 0 0 0 0 0 28 28 28 28 44.2742472202 62.6415978264 62.6415978264 62.6415978264 28 28 28 70.3345259757 70.3345259757 28 28 67.1163880523 64.8506398057 64.8506398057 28 28 28 62.3865450316 62.3865450316 46.9177481482 89.8298492388 89.8298492388 73.2955979595 47.4533944121 47.4533944121 68.0521366925 51.784717717 51.784717717 51.784717717 50.0543131359 50.0543131359
0 0 0 0 0 0 0 0 0 0 0 0 0 0 0 0 0 0 0 0 0 0 0 0 0 0 0 0 0 0 0 0 0 0 0 0 0 0 0 0 0 28 28 28 61.978274821 61.978274821 61.978274821 57.1156235818 57.1156235818 28 64.5659751846 70.3345259757 70.3345259757 28 28 28 28 28 28 28 28 46.9177481482 55.1410509601 55.1410509601 89.8298492388 73.2955979595 73.2955979595 47.4533944121 47.4533944121 68.0521366925 68.0521366925 51.784717717 46.7103292334 61.007427671 50.0543131359
0 0 0 0 0 0 0 0 0 0 0 0 0 0 0 0 0 0 0 0 0 0 0 0 0 0 0 0 0 0 0 0 0 0 0 0 0 0 0 0 0 28 28 28 28 61.978274821 61.978274821 57.1156235818 28 28 28 28 28 28 28 28 28 28 28 28 28 49.8377225409 49.8377225409 55.1410509601 55.1410509601 89.8298492388 73.2955979595 52.6415469991 47.4533944121 68.0521366925 50.6652375551 51.784717717 28 28 28
0 0 0 0 0 0 0 0 0 0 0 0 0 0 0 0 0 0 0 0 0 0 0 0 0 0 0 0 0 0 0 0 0 0 0 0 0 0 0 0 0 0 28 28 28 66.1765914362 28 57.1156235818 28 28 28 28 28 28 28 28 28 28 28 58.3758667707 58.3758667707 58.3758667707 49.8377225409 51.7725913881 28 28 28 28 28 28 28 28 28 28 28
