Spatial_Output/BAU/BAU_1144.asc
NCOLS 155
NROWS 192
XLLCORNER 196769.923733
YLLCORNER 449719.875193
CELLSIZE 27.603701
NODATA_VALUE NaN
[rows 138 to 160 of 192, columns 53 to 105 of 155]
28.1628379548 27.510614692 27.9923909085 27.8670624912 28.1240016272 52.5339989844 52.5339989844 71.4906057394 27.6345691431 28.1902128765 27.5564417231 27.9649676624 27.5824695244 27.5545425093 27.5546451507 27.5008850652 28.15834211 27.5680958391 27.89905124 27.5646103851 27.592979304 27.5320652752 27.5692651721 27.537175603 28.1481909814 27.7852324421 28.1770492727 27.9828162383 27.6757646455 28.1248061691 51.105739121 51.105739121 70.4708739056 27.9694874584 28.1822643416 28.0370484061 27.6302855219 27.8475570959 27.7731904213 27.5874585678 28.075296053 28.1570334562 27.7144010143 28.0711249256 27.7749185786 28.0674930264 27.9096362374 27.5261163525 27.8716318691 27.8900659875 27.5423472082 27.5469261379 27.6354495542
28.1426538752 47.0276493195 44.581001281 44.581001281 44.581001281 52.5339989844 52.5339989844 71.4906057394 67.8114280281 27.6420898123 27.7664644154 27.7029693041 28.0918871738 28.1666379951 27.8020388197 28.1022770369 27.9784943002 27.5051780373 27.8746410727 27.7971226831 27.9586223669 28.0074009288 27.7378021228 28.105294735 28.0712383495 28.0850494464 27.6318629694 28.0110728307 27.8157996772 27.6437428051 51.105739121 51.105739121 45.961577919 45.7706023088 45.7706023088 60.088202638 27.7471514086 27.959995071 27.8344736236 27.8828184317 27.6909409761 27.7980993409 27.7568945864 28.0855043839 27.5598181866 27.9185642965 27.7220630946 28.1262973707 27.6283396256 27.7718219276 28.0679503444 27.7971907013 28.1638635048
52.2354781729 50.4045498755 27.5837960988 44.581001281 82.8004883818 28.1982294953 67.8114280281 71.6997373729 27.7665559835 28.1588362763 28.2054862771 27.9403615341 27.5216380815 27.9576852346 27.8487105439 28.1721596208 28.0897164556 27.853679465 27.535351795 28.1198154209 27.5537132099 27.6564677167 28.0063981541 27.6224659267 28.200150528 27.679015458 27.9393981354 28.1059130114 27.9957277788 27.9609373307 51.105739121 27.838605906 27.8450251702 45.7706023088 45.7706023088 60.088202638 27.6006842678 62.1446949691 27.583796436 27.5101604943 28.1088303906 27.9342453176 27.8012732732 27.58132676 27.7837304546 27.6033647383 28.1120517292 27.872672947 28.0138791722 27.8512336786 27.8284942437 27.7813405017 27.7148009425
52.2354781729 52.2354781729 70.4719120473 27.5272392796 27.7031907424 27.6134118919 28.0850659739 28.1019824685 27.7324731454 38.6574499895 27.800666012 27.9245633324 27.8780158754 28.0365856721 28.0622758714 27.8747612113 27.6679161157 27.8852629993 27.6055349778 28.0311274815 27.7112650348 27.9748678963 27.8891336461 27.6036304541 27.8023560792 27.7040225868 27.8493579188 28.1342592225 27.5139796458 27.9916607248 27.7379083639 27.933163023 27.916125859 45.7706023088 60.088202638 62.1446949691 62.1446949691 45.2183837315 58.7814304085 27.8962521304 27.9432834878 27.6019438216 27.6237215692 27.531255631 27.6451064826 28.0093105312 27.9142880068 28.1560887546 28.0312515668 27.8509800487 28.0745333565 27.8039101705 27.519748522
52.2354781729 50.4045498755 27.6701581421 27.9089376939 28.0877632194 27.9998438891 27.9099488767 74.6769755548 38.2595512854 74.6769755548 28.1964371024 28.0364436488 28.1483797254 28.156714363 27.8250580544 28.0687760308 27.7417946514 27.9413617184 28.088346785 28.1143504237 27.7675611607 27.8371714707 27.7803014109 27.5580521315 27.8068646134 28.1062523132 28.1823519089 27.5240653908 28.0658734749 27.5293986359 28.1197487599 27.5759174052 27.5604968527 27.6545671796 27.9884115269 28.1674805926 62.1446949691 27.9704739253 28.1652982007 28.0193308499 27.8368434082 27.6473098667 27.7445712216 27.5793404005 27.8842589883 28.2069199366 27.6112155401 27.8026496466 28.1137345843 27.6036277702 27.955378461 28.003517063 28.0982474491
27.9886773874 28.1483144656 27.7906173963 27.8303551628 27.7860418731 27.9501227559 28.0475455973 28.0514447901 57.4503921267 57.4503921267 28.0105005255 28.1563725161 28.0775568624 27.9765984792 27.6884711125 27.5548913751 27.6248715616 27.7376523339 27.9228003447 27.6056520863 27.723265677 27.6284918969 27.675536596 27.6310148766 28.1588310621 27.7805903296 27.5121188877 28.1983759784 27.6235806874 27.5334453941 27.8528093868 27.5167966256 27.5767025228 27.6517934918 27.6584463739 28.1442484954 28.1801949162 27.618313079 28.1142934822 27.98145713 28.1264401138 28.0376932038 28.1458989845 27.8151840336 27.5935235749 27.9043588072 27.8620544247 27.7403766034 28.0183940451 28.0224921403 27.9741182908 28.0387290454 27.655350751
28.0536949837 27.8844432134 27.8393760532 27.5096302668 27.8474877787 27.7749877403 28.1153407769 38.2595512854 57.4503921267 57.4503921267 58.4908359352 27.9465933754 27.6637160451 27.6097527323 27.8001008759 27.6331099561 28.0075998094 28.0824174881 27.9355907279 27.798524093 27.6329275895 27.7329356919 27.6186281845 27.5091344246 27.7811303948 27.974421602 27.8641295911 27.707401783 27.7916239116 27.6017210146 27.8253002398 27.9187347723 27.5893499251 28.1858171471 28.1192042964 27.728450387 27.7122228537 48.2685626504 76.4714368086 76.4714368086 28.134218748 28.1462705159 27.8280645358 28.092689019 27.6280258983 27.7134387195 28.1870124258 28.2050993083 28.0489047337 28.2070929829 27.7020338733 27.8949510717 27.6995500989
27.618932093 27.9276376743 27.9166034803 28.180779353 27.9672010463 27.8877627524 27.5558166651 27.5002213444 58.4908359352 83.942007231 83.942007231 28.2051265574 28.0588478041 28.099407474 28.0345802957 27.9402896395 28.1709307143 28.1689971674 27.9242737244 28.0157142095 28.1998879311 28.1971018431 27.6460211124 27.8202969306 27.7345552128 27.7725070512 27.7626881115 27.8914548094 27.9436566389 27.7880143266 28.0703658535 27.7354537757 27.6032618758 27.5273188101 27.6769811982 27.8631810719 28.1520882507 27.6387948746 76.4714368086 76.4714368086 27.6453067279 27.787493648 28.1083089289 27.7688315603 27.6441709746 27.5168850882 27.6993504783 28.1262573995 27.9787031144 28.0702050666 28.0840293829 28.0448163034 28.1049412234
27.9827900268 28.0237539389 28.091780225 28.0068200889 27.7713150057 28.1223296419 28.1678909384 28.1903027196 83.942007231 83.942007231 83.942007231 27.5790935674 28.1203560546 28.0244999338 27.575842038 27.9184122667 27.5048167228 27.5587967042 27.7037854313 28.0264396611 28.0717688886 28.1631461722 27.7630295063 27.7376889158 28.1031696176 28.1403107256 27.984258731 27.8347712465 27.9835810884 27.5460540622 27.6701452742 27.9843884605 27.5627313579 27.6904807123 27.5134734352 27.6379798193 27.5467870452 28.0521853179 46.0589660959 46.0589660959 27.7807199422 27.8918498486 27.5964597505 27.9974776501 27.8851533709 28.0936234263 28.054744367 27.9549205707 27.9495161097 27.9010677041 28.0762601281 27.9809826563 28.2034103531
27.5877764849 27.5497027817 27.5634110369 28.1028798323 28.1459296399 27.9079918811 27.6881401517 27.9601314685 27.5271987564 41.3289314872 41.3289314872 27.8150499493 27.6525003229 28.199360852 27.7865952434 28.0643997917 27.9081740431 27.6029965078 28.1855623517 27.8354639374 27.849964267 27.8048235738 27.9643698791 27.6560659783 27.6584790138 27.919483649 27.9091027852 27.6700645616 28.1915187384 27.9675812949 27.7940753676 27.5072491215 27.8636686727 27.6557994129 28.066310172 28.0115638976 28.0473133117 27.5201017427 46.0589660959 66.5706402099 46.0589660959 27.7777439535 27.612528181 27.9541138085 28.0823442554 27.9890466203 27.7020277665 27.8283371116 28.1541597041 27.9217258682 28.033715884 27.5655905933 27.6820591083
28.1305885362 27.7505182573 27.6901702249 28.1909021267 27.7661126331 28.0178805699 27.9142787991 27.9418017793 27.6915079825 41.3289314872 41.3289314872 27.8496888426 27.5585307232 27.7558959645 27.8021214863 27.5434007192 27.5762864062 27.6037960038 27.640849667 27.762948688 27.8484266497 27.8762492984 27.7204486387 27.5347150987 27.9711601099 27.7487202104 27.5714724204 28.0275365588 27.561477387 27.5785807046 28.1323238269 28.1780097346 28.0152757025 27.8899638913 27.7229877219 28.0839306736 27.5048329797 28.2026985265 66.5706402099 66.5706402099 66.5706402099 28.079640513 28.1130446475 27.5107045109 27.6034481148 28.1155378823 28.1268235568 28.0064494657 27.8101089058 28.1374385723 27.5636306165 27.8979060152 27.6601001763
27.9359074327 27.640109229 27.5908331109 27.8029189466 27.5126509066 28.1850067772 27.7439518413 27.5122821718 28.1653639105 27.7449793727 27.8896465229 27.8277648738 27.6430462259 27.6784055736 27.9120933842 28.2050128817 27.914298042 27.7259462294 27.9924355288 28.2038286451 28.0823608863 27.9348498085 28.0789353994 28.031392662 28.0907255312 28.0306849548 27.8886778676 27.7503109116 27.5883269885 27.7156281747 28.1558334372 27.8443258413 27.8548565967 27.5006967514 27.8715739026 27.5942968689 27.6342760843 27.706384942 75.286172911 66.5706402099 75.286172911 28.1549829354 27.6194427552 28.0972664958 28.1886855305 27.8168414854 27.6432789583 28.1189944723 27.9154172226 28.1042463149 27.7541407496 27.525661104 27.7111022053
28.196229328 27.8188074056 27.9181497106 28.0230061308 27.9343073691 27.9462370921 27.9831882637 27.7024937365 27.5504044773 61.6460998915 61.6460998915 28.1085615057 27.7779328829 28.0590355992 27.6601083396 27.9141334555 27.9331490217 27.8598039771 28.1138972448 27.7285834502 27.6632678956 27.720254242 27.8363810032 27.7552582605 27.7351263901 27.7297237544 28.1358640939 27.8329477502 27.7439937332 27.5426368286 27.5231806501 28.1735578341 27.6431988867 27.9462220671 27.5886959001 28.1175758844 28.2030880535 27.8600564692 42.0082406758 41.9549202214 41.9549202214 27.5975551818 28.0831064907 27.8886509092 27.7011689344 27.9673717536 28.1030072594 27.7569916851 27.7527584883 27.7267970748 28.0032751519 27.8442578303 27.915715027
28.1711024616 27.7034073669 27.5906486067 27.9061210259 28.0963154017 27.7588986215 28.0062255119 27.7860040791 28.1729564345 61.6460998915 61.6460998915 61.6460998915 28.033313455 27.5003069016 27.5014670424 27.5499236082 27.6347392355 28.1779238375 27.9130393088 27.6361257189 28.1944726343 28.0767760821 28.0152682487 27.6917381569 27.8316065513 27.7456340684 28.2062290289 28.2037913313 27.8800219458 27.7492908681 27.8932422558 28.0283270965 28.1213873105 28.2060556995 27.9626301821 27.9853646839 27.9250033952 27.5222641988 41.9549202214 47.5867406644 47.5867406644 47.5867406644 28.1106436104 27.5417725702 27.5916859925 28.1923407561 28.122077425 27.5813382149 27.6012696279 27.6544710312 28.1471838271 28.021484225 27.8221116191
28.0554011074 27.7211509106 28.1743087296 27.9179969345 27.6907126378 28.10148325 28.0999914785 27.5081249752 27.6886302467 61.8636000801 61.6460998915 27.5847962286 27.5334215806 28.1962015641 27.867986706 28.122422027 27.8079807118 27.9848084353 27.5195060783 28.205338607 27.556565773 27.6586303989 27.8061429065 28.1386132977 27.9139239566 27.98772187 28.0947494181 27.8454276362 27.5416078189 27.6884440376 27.5744209128 27.7905861582 27.7614944645 28.0068249935 27.8470537385 27.5258587196 27.8145091186 28.1000233072 47.5867406644 47.5867406644 47.5867406644 72.1729751258 27.7604424324 28.0520937014 27.7592637111 27.7822295489 28.0053519448 27.5053568449 27.6808539401 28.0211498212 28.0815226814 28.1428030793 28.031397045
27.7713835137 27.7125651219 27.5280411336 27.9463043561 28.0754763967 27.7515628281 28.1310935131 27.8090883486 28.1317844927 61.8636000801 61.8636000801 27.9496066247 27.5166866755 27.7908224936 27.5564432327 27.5238982368 27.7827376631 27.7701617478 28.1323635435 27.8306885209 27.5245354153 28.197687337 27.502544236 27.5859725851 28.077007356 28.1936936676 28.1610167279 27.6391692924 28.0414041984 27.9389860208 27.7760924124 28.0601636745 27.596826129 27.7413499755 28.1528640612 28.0413970738 27.5591743039 27.5217285954 27.8323609495 76.8836070072 47.5867406644 46.7155042444 28.1246599461 27.5392784009 28.0192490696 28.1271701345 27.7652490306 28.0935582987 27.7972624209 27.6238675214 27.6478560562 27.9987446418 27.85192082
27.6409198452 27.9395299604 28.0314569022 27.6379503081 27.6673242461 28.0305933067 27.5997722786 28.0931051609 27.7101074431 28.0563063741 28.028845876 28.1316327472 28.1508556777 27.9126193609 27.7273648784 27.8726561888 28.155299465 27.5172077435 27.6533178844 27.601030655 27.8421347709 27.883691199 27.6488245695 28.1304001281 27.7854910959 27.5119109452 28.1613737459 27.6751349553 27.5068078261 28.0333360203 27.6419487324 27.9617927365 27.5212665358 27.6430306085 27.9250622895 27.8492355442 28.0997596563 27.9064437757 28.0706688966 46.7155042444 47.3187588056 47.3187588056 27.8241056134 27.860409364 28.0829702467 27.9234629803 28.2023430197 27.757612471 28.0693991824 27.8567433956 27.6213385743 27.723869645 27.722932787
28.0209660935 27.6021639213 28.0101358094 27.7041381533 28.0985413469 27.5228248364 28.1327398334 27.9677301305 27.7138188268 56.4398696344 28.1034363279 27.6860941752 27.9012177018 28.1265563753 27.5385086163 27.9632259767 27.9451443673 27.81474713 27.8593160004 27.9768302819 27.8756634018 27.5518268231 27.9214925665 27.8536197755 27.7961867439 27.8701505505 27.5615376994 27.926289465 28.1243337477 27.794237453 27.8322901653 27.859959705 27.872321868 28.1917502637 27.5315502435 27.8999001436 27.8707113151 27.6433153001 28.1949288543 27.9627660209 47.3187588056 47.3187588056 47.3187588056 27.9043983431 27.6890970734 28.0843450342 28.0955467064 28.1954110478 27.5149500703 27.5883265878 27.8053495016 28.1389445723 27.5536485332
28.0020094691 27.9481377134 27.7121496971 27.9243313678 28.1057122607 28.1436729674 27.7720327556 28.1164098873 27.9847197571 56.4398696344 27.542295686 28.1424916954 27.6302899989 28.0841040695 28.0153493056 27.7415213129 28.1031036369 27.607029538 27.5985533918 28.1011102591 27.7093188375 27.8049605635 27.6009976838 28.1011596301 27.7651609466 27.8616570917 27.8933667758 27.9716534899 27.7044101401 28.0347105286 28.1961969407 27.9188432514 27.8431945188 28.1952930871 28.1731002054 28.1932024364 28.1336803656 28.104511693 27.9991005951 27.8960867875 47.3187588056 41.2820102518 60.4716142719 27.7886627517 28.2006744483 28.1933411239 27.8460937866 27.5844611246 27.870995177 27.6736811123 27.9342355896 28.1911347728 27.5716744247
28.1321470061 27.5555000662 27.8584922663 27.699733474 27.5392553681 27.8960782877 27.9455801176 27.6050151914 27.8057045228 27.9662884756 27.9594984572 28.0761463907 28.0019959532 28.1264165208 27.5158057072 27.7787310859 27.8995285756 27.8126001043 27.6376274261 28.0312318413 27.9675907412 27.8776608025 27.8431646077 27.7049987904 27.7691954475 27.7068474643 27.5687997003 28.0340431703 27.8242797097 27.7853052255 28.1529731847 27.5001981932 28.1094957296 27.5933522216 28.1429689406 27.5525778426 27.8096385062 28.1824492592 28.0571068766 27.6483220894 27.53494549 60.4716142719 47.0033317985 27.9613061525 28.0721799717 28.158488681 27.9787708584 28.1692784203 27.8386785926 27.5903178283 27.5455893448 27.9683589121 27.8799695652
27.5306913204 27.8098777562 27.9127211362 27.6760509593 27.5281816284 28.1552665071 27.9159494106 28.154956959 27.6568437287 27.6760483189 27.7383584717 27.8716495022 27.5454943975 27.5317348422 27.6265471029 28.0392705867 27.7294273026 27.8696995904 27.7715444401 27.7119061455 28.1298944173 27.8352097947 27.6923200302 28.0467372574 27.6516965159 27.5147440672 28.0860525764 27.6833551142 27.7944904489 28.0866282406 27.761362624 27.7466458863 27.8183871594 27.9451814932 27.5632767431 27.9903563569 27.5139603088 27.5469159448 27.6362492629 27.9217542045 28.1362988909 47.0033317985 47.0033317985 47.0033317985 27.5886946218 28.1312201789 28.0828579341 27.8715064991 28.160814699 28.134133896 27.8557523396 27.6572758848 27.7362192822
27.9990822841 27.9098670884 27.7657670438 28.0628153601 27.7170742721 28.0718662807 27.8525756996 27.9703662939 27.5824016581 28.1514057253 28.1560081809 28.0681379603 27.8089420208 27.6601411618 27.7296400742 28.1469362553 28.0000081187 27.9462733325 28.059005004 28.147854798 27.8018046501 27.8868447054 27.8454340172 28.173478107 27.5478601153 27.9875857421 27.6895259364 27.74004558 27.5103005207 27.7467954433 28.0780864851 27.9388607512 27.6758330727 27.7711453785 27.5549829885 28.1501277064 27.6890934148 27.5593788562 27.8549348919 27.8984358549 27.6629193264 47.0033317985 47.0033317985 27.7978712678 41.1353620085 27.6519882851 27.844484859 28.0001194986 27.6697529863 27.7822073976 28.2050867953 27.5943586685 27.9962340829
27.9399095472 27.7511253318 28.0436168134 27.9440412954 27.9491037463 28.1141172199 27.6330296036 27.7113177393 27.6580610695 27.7919014163 28.0486218814 27.8049440878 27.5673725064 28.0238977077 27.5233811293 27.6773418287 27.9783761384 27.5944550285 28.1731410193 28.0958743595 28.0434331448 28.0457306947 28.0820760886 27.6054983411 28.0502206447 28.0030252564 27.5417532166 27.8517156123 28.1677231179 28.0526093201 27.5232028261 28.1091621303 27.7913285691 28.0052489153 27.8606177271 27.9553987392 27.7090634235 28.1456853966 27.9777548093 27.9308320904 27.8458274092 27.8887158868 27.7293605197 41.1353620085 27.5882642559 27.6938587178 28.2025353487 28.0457579566 27.5028633666 27.5870339592 28.0419886233 27.9240942066 27.6497027639
