Spatial_Output/BAU/BAU_0826.asc
NCOLS 155
NROWS 192
XLLCORNER 196307.867259
YLLCORNER 449144.565805
CELLSIZE 33.573938
NODATA_VALUE NaN
[rows 108 to 143 of 192, columns 0 to 82 of 155]
0 0 0 0 0 0 0 0 0 0 0 0 0 0 0 0 0 0 0 0 0 0 0 0 48.2964592555 15.33 45.2232996296 54.180881817 21 21 21 21 21 21 21 21 21 21 21 21 21 21 21 21 21 21 21 21 45.5581079534 45.5581079534 45.5581079534 45.5581079534 21 21 21 21 21 21 21 21 21 21 21 21 21 21 21 21 21 21 21 21 21 21 21 21 21 21 21 21 21 21 21
0 0 0 0 0 0 0 0 0 0 0 0 0 0 0 0 0 0 0 0 0 0 0 0 0 0 0 0 21 21 21 21 21 21 21 21 21 21 21 21 21 21 21 21 21 21 21 21 21 55.4668455188 55.4668455188 21 21 21 50.1397752971 50.1397752971 50.1397752971 21 21 21 21 21 21 21 21 21 21 21 21 21 21 21 21 21 21 21 21 21 21 21 21 21 21
0 0 0 0 0 0 0 0 0 0 0 0 0 0 0 0 0 0 0 0 0 0 0 0 0 0 0 0 0 21 21 21 21 21 21 21 21 21 21 21 21 21 21 21 21 21 21 21 21 40.435334456 46.3624207611 21 21 21 50.1397752971 50.1397752971 21 21 56.7349305736 21 21 21 42.6230138256 57.9673379062 21 47.4548250156 48.4650499152 57.4739987808 50.3006944687 21 38.2472720543 21 41.1900599159 41.1900599159 64.7297097632 47.8885463215 21 21 21 21 21 54.9218903481 21
0 0 0 0 0 0 0 0 0 0 0 0 0 0 0 0 0 0 0 0 0 0 0 0 0 0 0 0 0 21 21 21 21 21 21 21 21 21 21 21 21 21 21 21 21 21 21 21 40.435334456 69.3524470096 69.3524470096 21 21 21 49.1392661936 39.7615939042 39.7615939042 56.7349305736 54.2055964874 54.2055964874 39.7130704227 42.6230138256 57.9673379062 57.9673379062 47.4548250156 47.4548250156 47.4548250156 21 50.3006944687 50.3006944687 21 21 41.1900599159 64.7297097632 64.7297097632 47.8885463215 47.8885463215 21 21 77.1032851002 21 21 21
0 0 0 0 0 0 0 0 0 0 0 0 0 0 0 0 0 0 0 0 0 0 0 0 0 0 0 0 0 0 21 21 21 21 21 21 21 21 21 21 21 21 21 21 21 21 21 21 69.3524470096 69.3524470096 69.3524470096 21 52.8431542654 21 39.7615939042 39.7615939042 51.7189112485 56.7349305736 54.2055964874 54.2055964874 39.7130704227 21 57.9673379062 57.9673379062 47.4548250156 47.4548250156 41.4973707272 57.4739987808 50.3006944687 50.3006944687 38.2472720543 55.2386722184 41.1900599159 41.1900599159 64.7297097632 47.8885463215 21 21 77.1032851002 21 21 21 21
0 0 0 0 0 0 0 0 0 0 0 0 0 0 0 0 0 0 0 0 0 0 0 0 0 0 0 0 0 0 0 21 21 21 21 21 21 21 21 21 21 21 21 21 21 21 21 21 21 40.435334456 40.435334456 21 21 55.9188242502 55.9188242502 21 21 21 21 21 21 21 42.6230138256 42.695591349 42.695591349 55.0080199522 21 21 21 21 21 21 21 21 21 21 21 21 21 21 21 21 21
0 0 0 0 0 0 0 0 0 0 0 0 0 0 0 0 0 0 0 0 0 0 0 0 0 0 0 0 0 0 0 21 21 21 21 21 21 21 21 21 21 21 21 21 21 21 21 21 40.435334456 40.435334456 40.435334456 40.435334456 55.9188242502 55.9188242502 55.9188242502 21 21 21 21 21 21 21 21 42.695591349 42.695591349 42.695591349 21 21 21 21 21 21 21 21 21 53.2589198935 53.2589198935 53.2589198935 21 21 21 21 21
0 0 0 0 0 0 0 0 0 0 0 0 0 0 0 0 0 0 0 0 0 0 0 0 0 0 0 0 0 0 0 0 21 21 21 21 21 21 21 21 21 21 21 21 21 21 21 21 21 21 21 21 21 21 43.4839349469 21 21 21 21 21 21 21 36.8317397921 50.540189949 21 21 21 21 21 21 21 21 21 21 21 21 21 56.0115919458 56.0115919458 21 21 21 21
0 0 0 0 0 0 0 0 0 0 0 0 0 0 0 0 0 0 0 0 0 0 0 0 0 0 0 0 0 0 0 0 21 21 21 21 21 21 21 21 21 21 21 21 21 21 21 21 21 21 21 21 21 21 21 21 21 21 21 21 21 21 21 53.8910155432 36.8317397921 21 21 21 21 21 21 21 21 21 21 21 56.0115919458 36.2072414737 56.0115919458 21 21 21 21
0 0 0 0 0 0 0 0 0 0 0 0 0 0 0 0 0 0 0 0 0 0 0 0 0 0 0 0 0 0 0 0 0 21 21 21 21 21 21 21 21 21 21 21 21 21 21 21 60.2777761919 21 21 21 21 21 21 21 61.7097084941 35.1616751058 35.1616751058 46.3181388576 21 21 53.8254854443 21 21 21 21 21 21 21 21 21 21 21 21 21 46.8544565635 36.2072414737 36.2072414737 64.6006668664 21 21 21
0 0 0 0 0 0 0 0 0 0 0 0 0 0 0 0 0 0 0 0 0 0 0 0 0 0 0 0 0 0 0 0 0 21 21 21 21 21 21 21 21 21 21 21 21 21 21 56.9775218682 21 21 21 21 48.8585987443 21 21 60.9115920748 52.8143505778 52.8143505778 35.1616751058 46.3181388576 21 70.3392427518 21 21 59.0586873795 21 21 21 21 21 21 21 21 21 21 21 66.6124563466 36.2072414737 66.6124563466 51.2982739733 21 21 21
0 0 0 0 0 0 0 0 0 0 0 0 0 0 0 0 0 0 0 0 0 0 0 0 0 0 0 0 0 0 0 0 0 0 21 21 21 21 21 21 21 21 21 21 21 54.8888528764 21 43.2033345403 21 21 21 48.8585987443 48.8585987443 21 21 52.8143505778 52.8143505778 52.8143505778 46.3181388576 21 21 70.3392427518 59.0586873795 59.0586873795 59.0586873795 21 21 21 21 21 21 21 21 21 21 21 21 21 21 21 21 21 21
0 0 0 0 0 0 0 0 0 0 0 0 0 0 0 0 0 0 0 0 0 0 0 0 0 0 0 0 0 0 0 0 0 0 0 21 21 21 21 21 21 38.0816668861 38.0816668861 45.4546250669 21 54.8888528764 21 21 43.2033345403 21 54.422264007 21 21 21 21 21 52.8143505778 21 21 21 70.3392427518 51.9361428145 51.9361428145 59.0586873795 21 21 21 21 21 21 21 21 21 21 21 21 21 21 60.3309309776 60.3309309776 60.3309309776 21 21
0 0 0 0 0 0 0 0 0 0 0 0 0 0 0 0 0 0 0 0 0 0 0 0 0 0 0 0 0 0 0 0 0 0 0 21 21 21 21 61.4319872356 77.1525246689 38.0816668861 38.0816668861 21 21 54.8888528764 21 21 21 21 21 21 21 21 21 21 21 44.3857846027 44.3857846027 21 21 21 52.7094546435 63.156054493 21 21 21 21 21 21 21 21 21 21 21 21 21 21 60.3309309776 60.3309309776 60.3309309776 21 21
0 0 0 0 0 0 0 0 0 0 0 0 0 0 0 0 0 0 0 0 0 0 0 0 0 0 0 0 0 0 0 0 0 62.764025694 69.8177287769 65.1355628675 21 21 21 21 77.1525246689 77.1525246689 38.0816668861 21 21 21 21 21 21 50.2597515697 21 21 21 21 21 21 21 61.5900059056 21 21 52.7094546435 52.7094546435 52.7094546435 21 21 21 21 21 21 21 21 21 21 21 21 21 21 21 21 33.8878559972 33.8878559972 33.8878559972 21
0 0 0 0 0 0 0 0 0 0 0 0 0 0 0 0 0 0 0 0 0 0 0 0 0 0 0 0 0 0 37.7344170153 38.0838197666 35.0196873561 35.8783387611 32.9371485706 65.1355628675 65.1355628675 21 21 61.4319872356 61.4319872356 21 21 21 21 21 21 54.4358067294 21 21 21 21 21 21 21 21 21 64.348744591 21 21 21 52.7094546435 52.7094546435 21 21 21 21 21 21 21 21 21 21 21 21 21 21 21 21 21 33.8878559972 21 21
0 0 0 0 0 0 0 0 0 0 0 0 0 0 0 0 0 0 0 0 0 0 0 0 0 0 0 0 47.7789428376 42.3118689432 42.3118689432 69.928887253 39.8855795039 39.5788320512 36.5232566316 65.1355628675 52.0434106701 21 21 21 21 21 21 21 21 21 58.533131534 58.533131534 54.4358067294 21 21 21 21 21 21 21 21 21 44.4819845239 44.4819845239 21 41.8961795773 41.8961795773 21 21 21 21 21 21 21 21 21 21 21 21 21 21 21 21 21 39.7698187442 39.7698187442 21
0 0 0 0 0 0 0 0 0 0 0 0 0 0 0 0 0 0 0 0 0 0 0 0 0 57.1963571753 69.1107326267 73.7669453859 73.7669453859 42.3118689432 42.3118689432 69.928887253 32.6241776712 35.2240769436 36.7823925215 54.7063549248 0 0 21 21 21 21 21 21 21 21 58.533131534 58.533131534 58.533131534 21 21 21 21 21 21 21 21 21 72.7313592168 58.4960702098 21 21 21 21 21 21 21 21 21 21 21 21 21 21 21 21 21 21 21 21 21 21 21
0 0 0 0 0 0 0 0 0 0 0 0 0 0 0 0 0 0 0 0 0 0 0 0 0 57.1963571753 57.1963571753 57.1963571753 73.7669453859 42.3118689432 42.3118689432 45.1180240296 51.6051166195 55.145741716 0 0 0 0 21 21 21 21 21 21 21 44.4131244622 50.8402760791 44.4131244622 21 21 21 21 32.0668935763 21 21 73.59667426 52.6196808772 52.6196808772 72.7313592168 58.4960702098 58.4960702098 21 45.4155070981 21 21 21 21 21 21 21 21 21 21 21 21 21 21 21 21 64.8424964583 21 46.544103872 46.544103872
0 0 0 0 0 0 0 0 0 0 0 0 0 0 0 0 0 0 0 0 0 0 0 0 0 57.1963571753 57.1963571753 60.8954813382 73.7669453859 50.6089134352 0 0 0 0 0 0 0 0 0 21 21 21 21 21 21 50.8402760791 50.8402760791 50.8402760791 21 21 37.4183205191 21 37.4183205191 21 73.59667426 73.59667426 52.6196808772 72.7313592168 72.7313592168 72.7313592168 58.4960702098 21 21 21 21 21 21 21 21 21 50.6599356037 68.2557211915 51.2808847462 21 51.4089211049 49.6788465483 70.344202046 70.344202046 21 21 21 46.544103872 46.544103872
0 0 0 0 0 0 0 0 0 0 0 0 0 0 0 0 0 0 0 0 0 0 0 0 0 0 0 0 0 0 0 0 0 0 0 0 0 0 0 0 21 21 21 21 21 21 21 21 43.1116310209 44.1551110116 37.4183205191 37.4183205191 37.4183205191 37.4183205191 21 73.59667426 21 52.6196808772 21 21 21 21 21 21 21 50.3611727759 21 42.4584198321 50.7317995215 21 50.6599356037 50.6599356037 51.2808847462 51.4089211049 51.4089211049 51.4089211049 70.344202046 70.344202046 64.8424964583 21 55.9344072081 46.544103872 21
0 0 0 0 0 0 0 0 0 0 0 0 0 0 0 0 0 0 0 0 0 0 0 0 0 0 0 0 0 0 0 0 0 0 0 0 0 0 0 0 0 21 21 21 21 21 46.7289228212 46.7289228212 43.1116310209 43.1116310209 44.1551110116 37.4183205191 21 32.0668935763 21 21 21 21 21 21 21 43.1794727587 54.2353309599 47.133406459 47.133406459 47.133406459 50.3611727759 42.4584198321 42.4584198321 21 50.6599356037 50.6599356037 51.2808847462 44.1985491245 51.4089211049 51.4089211049 21 70.344202046 21 21 43.9956257249 43.9956257249 46.2464070468
0 0 0 0 0 0 0 0 0 0 0 0 0 0 0 0 0 0 0 0 0 0 0 0 0 0 0 0 0 0 0 0 0 0 0 0 0 0 0 0 0 21 21 21 21 21 46.7289228212 46.7289228212 21 43.1116310209 44.1551110116 21 21 21 21 21 21 21 21 21 21 21 21 21 47.133406459 21 21 42.4584198321 21 21 69.6892558965 21 51.2808847462 21 21 21 21 21 21 21 21 46.2464070468 46.2464070468
0 0 0 0 0 0 0 0 0 0 0 0 0 0 0 0 0 0 0 0 0 0 0 0 0 0 0 0 0 0 0 0 0 0 0 0 0 0 0 0 0 0 21 21 21 53.3226570541 46.7289228212 21 21 21 21 21 21 21 21 21 21 21 52.8763544168 21 21 21 21 21 21 21 21 21 21 21 21 21 21 21 21 21 21 21 21 21 21 46.2464070468 46.2464070468
0 0 0 0 0 0 0 0 0 0 0 0 0 0 0 0 0 0 0 0 0 0 0 0 0 0 0 0 0 0 0 0 0 0 0 0 0 0 0 0 0 0 0 21 21 53.3226570541 53.3226570541 53.3226570541 21 21 21 21 21 21 21 21 62.5245592543 62.5245592543 52.8763544168 52.8763544168 21 21 21 21 21 21 21 21 21 21 21 21 21 21 21 21 21 21 21 21 21 21 40.1363191692
0 0 0 0 0 0 0 0 0 0 0 0 0 0 0 0 0 0 0 0 0 0 0 0 0 0 0 0 0 0 0 0 0 0 0 0 0 0 0 0 0 0 0 21 21 21 53.3226570541 21 21 21 21 21 21 61.3901239009 21 51.6988756121 62.5245592543 62.5245592543 52.8763544168 52.8763544168 21 21 21 21 21 21 21 21 21 21 21 21 21 21 21 21 21 21 21 21 21 21 21
0 0 0 0 0 0 0 0 0 0 0 0 0 0 0 0 0 0 0 0 0 0 0 0 0 0 0 0 0 0 0 0 0 0 0 0 0 0 0 0 0 0 0 0 21 21 21 21 21 21 21 21 66.9820672311 66.9820672311 51.6988756121 51.6988756121 51.6988756121 62.5245592543 21 21 21 21 21 21 21 21 21 21 21 21 21 21 21 21 21 21 21 21 21 21 21 21 21
0 0 0 0 0 0 0 0 0 0 0 0 0 0 0 0 0 0 0 0 0 0 0 0 0 0 0 0 0 0 0 0 0 0 0 0 0 0 0 0 0 0 0 0 21 74.7563033647 21 74.7563033647 21 21 21 21 66.9820672311 66.9820672311 66.9820672311 21 21 21 21 21 21 21 21 21 21 21 21 21 21 21 21 21 21 21 21 21 21 21 21 21 21 21 21
0 0 0 0 0 0 0 0 0 0 0 0 0 0 0 0 0 0 0 0 0 0 0 0 0 0 0 0 0 0 0 0 0 0 0 0 0 0 0 0 0 0 0 0 21 21 21 21 21 21 21 69.6482271435 69.6482271435 66.9820672311 48.7127132925 21 21 21 21 21 21 21 21 21 21 21 21 21 21 21 21 21 21 21 21 21 21 21 21 21 21 21 21
0 0 0 0 0 0 0 0 0 0 0 0 0 0 0 0 0 0 0 0 0 0 0 0 0 0 0 0 0 0 0 0 0 0 0 0 0 0 0 0 0 0 0 0 0 21 21 21 21 21 48.5276560516 69.6482271435 69.6482271435 69.6482271435 21 21 21 21 21 21 21 21 21 21 21 21 45.7505953701 21 21 21 21 21 21 21 21 21 21 21 21 21 21 21 21
0 0 0 0 0 0 0 0 0 0 0 0 0 0 0 0 0 0 0 0 0 0 0 0 0 0 0 0 0 0 0 0 0 0 0 0 0 0 0 0 0 0 0 0 0 21 21 21 21 43.1642428435 43.1642428435 48.5276560516 21 21 21 21 21 21 21 21 21 21 21 21 43.4771628629 43.4771628629 21 21 21 21 21 21 21 21 21 21 21 21 21 21 21 21 21
0 0 0 0 0 0 0 0 0 0 0 0 0 0 0 0 0 0 0 0 0 0 0 0 0 0 0 0 0 0 0 0 0 0 0 0 0 0 0 0 0 0 0 0 0 48.7835746861 21 66.2411715286 39.8755047855 39.8755047855 43.1642428435 48.5276560516 48.5276560516 21 21 21 21 21 21 21 21 21 21 21 21 21 21 21 21 21 21 21 21 21 21 21 21 21 21 21 21 21 21
0 0 0 0 0 0 0 0 0 0 0 0 0 0 0 0 0 0 0 0 0 0 0 0 0 0 0 0 0 0 0 0 0 0 0 0 0 0 0 0 0 0 0 45.6077436337 36.5583420907 48.7835746861 21 66.2411715286 39.8755047855 39.8755047855 43.1642428435 21 21 21 21 21 21 21 21 21 21 21 21 21 21 79.8573258914 79.8573258914 21 21 21 21 21 21 21 21 21 21 21 21 21 21 21 21
0 0 0 0 0 0 0 0 0 0 0 0 0 0 0 0 0 0 0 0 0 0 0 0 0 0 0 0 0 0 0 0 0 0 0 0 0 0 0 0 0 76.5004150792 44.0489072443 44.0489072443 66.2411715286 48.7835746861 21 66.2411715286 21 21 21 21 21 21 21 21 21 21 21 21 21 21 21 21 49.8256939661 49.8256939661 49.8256939661 79.8573258914 21 21 21 21 21 21 21 21 21 21 21 21 21 21 21
0 0 0 0 0 0 0 0 0 0 0 0 0 0 0 0 0 0 0 0 0 0 0 0 0 0 0 0 0 0 0 0 0 0 0 0 0 0 0 76.5004150792 68.6735279038 44.0489072443 44.0489072443 44.0489072443 66.2411715286 48.7835746861 21 21 21 21 21 21 21 21 21 21 21 21 21 21 21 21 21 21 55.9749056693 55.9749056693 55.9749056693 21 21 21 21 21 21 21 21 21 21 21 21 21 21 21 21
0 0 0 0 0 0 0 0 0 0 0 0 0 0 0 0 0 0 0 0 0 0 0 0 0 0 0 0 0 0 0 0 0 0 0 0 0 0 76.5004150792 76.5004150792 44.0489072443 44.0489072443 44.0489072443 44.0489072443 69.9214308253 0 0 21 21 21 21 21 21 21 21 21 21 21 21 21 21 21 21 21 21 55.9749056693 55.9749056693 21 21 21 21 21 21 21 21 21 21 21 21 21 21 21 21
