Spatial_Output/BAU/BAU_0303.asc
NCOLS 155
NROWS 192
XLLCORNER 196307.867259
YLLCORNER 449144.565805
CELLSIZE 33.573938
NODATA_VALUE NaN
[rows 150 to 174 of 192, columns 57 to 113 of 155]
37.2029680221 37.0352870573 36.3299190245 36.1648322409 36.4921595985 36.7501525516 36.5340650144 61.6578086244 77.656219829 81.3876671299 83.7838803928 36.8756990681 36.2976333461 37.2020035619 36.8471639351 36.313541576 36.3229604805 37.3264024286 36.7836477406 36.2777679117 36.364590888 36.1078820563 36.2892068053 36.271060636 37.0807899193 36.0348667642 36.3730350849 36.0571382059 36.6592121588 36.2865065179 37.1030540921 36.4415872005 36.4592957743 36.9078458882 36.9169121378 74.225238626 74.225238626 74.225238626 37.3607615875 37.3771696008 36.0168973998 36.0645949221 36.7319781142 37.3438972456 37.1732854482 36.4609062394 36.4491633858 36.9426939246 36.8385554771 37.1543816198 37.221129556 37.3944071434 36.205198303 37.2465008958 37.1180506926 37.0679615049 36.7316782013
0 37.2933778782 37.2858812729 36.9970618392 37.1144674762 36.6096425877 36.4861664498 76.3015188092 81.7229470055 80.3106371819 65.5131314696 37.0162310288 37.4008015864 36.4246082083 36.4279369382 36.6464915331 36.7556027132 36.5244504447 36.9590379647 36.3209213728 36.8142347849 36.7641387225 37.0964639902 36.365015341 37.3728421912 37.3442390862 37.1243641572 36.5461300828 36.4704235026 36.1911070902 37.1128903513 36.420260709 36.0005017152 36.0772825515 36.563495122 57.5928967824 57.5928967824 57.5928967824 41.7538777104 36.1116646271 36.2074618549 36.6612771504 36.7436983737 36.6967963954 36.8921554912 36.7321109671 37.0226694559 36.0775831615 37.2346264015 36.6073321716 36.9251971438 36.174527909 36.0270781016 36.10622801 36.1773069534 37.0791173509 37.0859184549
0 0 0 0 36.8404005442 37.1237859702 36.2979994574 36.3528717871 75.0467250298 71.2078812426 74.0427568993 36.9848558247 36.8447955751 36.6267691162 37.172736151 36.5005760738 36.2011812295 36.7554559665 36.0229006462 36.4036495159 36.6976603383 37.1336268595 36.3667014141 36.4064158426 36.4297842188 36.6922883825 36.0277415378 36.0294375317 36.0780380853 37.3563878007 36.4401829851 36.2506870294 36.4333432657 36.697168591 36.8238540515 36.1818796196 41.7538777104 41.7538777104 36.5115445899 37.1137522801 36.7515490572 36.8465634566 37.3510190394 37.011739939 37.2134268987 36.58217398 37.3418498048 37.287246966 36.0141961109 36.1906493051 36.7363386874 36.6423373403 37.124174443 37.3199809827 36.5480940467 37.0255463309 36.5927984829
0 0 0 0 0 0 37.2869450926 36.2605259849 55.2543945445 48.4897730579 48.4897730579 48.4897730579 36.67993742 36.595279279 36.1085407165 36.2841206298 37.0225442489 37.3187309903 36.021928949 36.3287819668 37.3787907993 36.081699353 36.5835860619 36.0416202586 36.2533902247 36.7744590197 36.3968919364 36.0048397207 36.0705110541 37.2318997292 36.7053345765 36.3639134269 36.5346944522 36.1939350658 36.5078293604 36.3329563986 36.3758710635 36.1863473879 36.9708076837 36.1314404586 36.3476281168 37.3285239869 37.1441671497 36.2943978579 36.2427889992 36.5368914553 36.9879458849 36.1080004896 36.6347844845 36.8439536823 37.1259967623 36.2178218403 37.34436002 36.9033720251 37.2494028825 36.770826978 36.1758127415
0 0 0 0 0 0 0 0 82.5289047136 48.4897730579 57.6418104536 57.6418104536 36.2424268618 36.3774459526 0 0 36.2777674378 36.2919498112 36.1137543319 37.1872617948 36.1566580996 36.9277572204 36.3220797487 37.2634716098 36.1891280884 36.3336480409 36.7792183483 36.8577624046 36.3704531559 36.2801822223 36.373497289 36.0197891484 36.5213816595 36.6093323657 37.0530846112 37.2329788177 36.834618594 55.8122504053 61.2393868332 61.2393868332 37.175491078 37.2719680565 36.0693245541 36.6847933107 37.3856705227 36.6389384514 37.1385267024 36.9533302981 36.447101854 37.307783669 36.094286403 37.2689169591 36.2658199038 36.8716998404 37.2148645731 36.6711953115 36.6179020009
0 0 0 0 0 0 0 0 0 57.6418104536 57.6418104536 57.6418104536 74.0460691839 0 0 0 36.7195525791 36.6293332338 36.4909965912 36.4118848553 36.7179496728 36.4850443603 37.0178817586 37.0531381662 36.1858246361 36.3153965013 37.4028729725 37.31702805 36.3332246353 36.92823892 36.5508792647 36.0755552847 37.3099161473 36.7092315592 36.0915733287 36.1202096515 36.4740492595 61.2393868332 59.3008132852 59.3008132852 59.3008132852 37.0325369422 36.9721473009 36.7645224881 36.1249544568 36.7683895927 36.8619534556 37.2213986801 37.2568389927 36.7895074358 36.0051450838 37.3991730581 37.3046620514 36.2347900219 36.0729061107 36.2833204942 36.6958831365
0 0 0 0 0 0 0 0 0 0 74.0460691839 74.0460691839 54.4447681749 0 0 0 0 37.1936423142 36.6156114138 36.9944683221 37.0251108425 37.1028114826 37.1856950089 36.5908967432 36.6210091355 37.1100043808 36.498977178 36.0037685947 36.0009783154 36.8774934597 36.9619689133 37.3481552348 36.4057903477 36.5538841223 36.663479934 36.5816193776 37.3153542741 36.7363778622 59.3008132852 59.3008132852 60.8588879622 36.2372624646 36.5550809851 36.3755036647 36.0597767542 36.0643670657 37.0390476008 36.4166050389 36.1609267069 36.4596116983 36.4295215053 37.2583004371 37.1526780247 36.7219434277 36.7449138526 37.1373417478 37.1707342598
0 0 0 0 0 0 0 0 0 0 54.4447681749 54.4447681749 54.4447681749 60.3834443712 0 0 0 0 37.1349787229 37.0214454709 36.5591097003 36.1239889009 36.8584453294 36.5550034444 37.2984336982 37.0152992277 36.6439015865 36.9335696346 36.5800582551 36.0112956919 36.8078553852 37.297824133 37.0659124941 36.573126656 36.045025161 36.3415378256 36.7947947689 37.0570944559 60.8588879622 60.8588879622 70.4056347227 70.4056347227 36.9308073194 36.9540503993 36.2936302284 37.1377587735 36.7464197586 37.0281225614 36.6325233115 37.3703263372 37.2599937606 37.0217761504 37.1529107887 36.4823249447 36.3239916903 36.6307108665 36.7255891877
0 0 0 0 0 0 0 0 0 0 64.4002178191 64.4002178191 65.9915798454 0 0 0 0 0 0 37.2238654598 36.5269204105 37.0275883301 36.7498444352 36.8581821934 36.9642238677 36.5135327217 36.9101084686 37.0028174533 37.1953459796 36.5796205622 36.1731535475 36.1844004394 36.0584818074 37.2340395233 36.3057481965 36.8845811511 37.0370455842 37.0816415927 36.6077587071 59.1816162114 59.1816162114 59.1816162114 36.4280700398 36.3642709838 36.8982960038 37.0682038971 36.9071207839 36.76800454 36.0769928704 36.7793275024 36.044263039 36.9131158283 36.363740967 36.5120102727 37.113864206 37.0702590504 37.1745781731
0 0 0 0 0 0 0 0 0 0 0 0 0 0 0 0 0 0 0 0 36.2787492426 36.3861660597 36.1639516096 36.170998534 36.2412614456 37.3616270546 36.175582751 36.78519541 37.3501049736 36.7449236922 36.7797290806 36.3129343956 37.4103854056 36.471147847 36.6810668829 36.4371470948 37.0171314365 36.6399786772 36.5630691962 59.2518656847 59.1816162114 59.1816162114 77.9289219771 36.4738803427 36.0483765973 36.4096504953 36.9939079961 37.1293906922 37.2187228293 37.1195633169 36.3280404876 37.1415614389 36.2593786004 36.561213555 36.1393907234 36.7627664634 36.8717392879
0 0 0 0 0 0 0 0 0 0 0 0 0 0 0 0 0 0 0 0 0 0 0 0 37.0840713718 36.0893517713 36.9619434731 36.9677016995 37.1614929871 36.7145270592 37.2270355486 36.4719078276 37.2940778188 36.2949201461 37.3839558542 36.0537115629 36.0441856804 37.3499289903 36.5933932992 36.9836417671 68.2303546289 57.1292733758 57.1292733758 36.3493330986 36.514369022 37.1475485197 36.5231520709 36.105202252 37.1282739401 37.2187941243 36.3277971185 37.2610396982 36.1175824923 37.0566123784 37.0520238476 37.4035741979 36.1624440875
0 0 0 0 0 0 0 0 0 0 0 0 0 0 0 0 0 0 0 0 0 0 0 0 0 0 0 0 36.02027819 36.8694686644 36.0406446632 36.1693228647 36.8289198321 36.3586699334 36.6499634486 37.1531876689 37.1431054268 36.2481079205 36.0935382733 36.9189968372 57.1292733758 57.1292733758 57.1292733758 36.7394326698 36.8230046891 36.8245807102 37.1989916781 36.8319383448 36.1740764609 36.9820126941 36.6616495178 36.1072160385 36.3213854314 36.7200103013 36.1465668124 37.2083692101 0
0 0 0 0 0 0 0 0 0 0 0 0 0 0 0 0 0 0 0 0 0 0 0 0 0 0 0 0 0 37.2639253469 36.195114867 37.1890717664 36.0133863613 36.3605738899 36.1360782288 37.2500598286 36.1769657047 36.8490297495 36.7077154901 37.3905431542 37.2061026671 36.5597833003 57.1292733758 36.1211514732 37.230198002 36.6111740638 36.4155651738 36.0377531492 36.0920239476 37.2406088149 36.8306707539 37.1976080161 36.1685725355 36.1315621387 36.6995129742 0 0
0 0 0 0 0 0 0 0 0 0 0 0 0 0 0 0 0 0 0 0 0 0 0 0 0 0 0 0 0 0 37.0452925931 36.1620503853 36.1177385214 36.1906061374 36.091854006 37.3320332085 36.3945744836 36.431871235 36.825622143 37.2504280478 37.0354996559 46.705375714 46.705375714 46.705375714 37.1147789068 36.1448510668 36.8051238302 36.6882148554 36.688660289 36.8025512334 37.0061413661 36.3155072312 36.6854682637 36.6506368358 36.4002541908 0 0
0 0 0 0 0 0 0 0 0 0 0 0 0 0 0 0 0 0 0 0 0 0 0 0 0 0 0 0 0 0 0 36.0566232259 37.1577260935 36.7364945009 37.0027239213 37.343430055 36.4300877247 36.4603956343 36.4576530344 36.0400502766 36.0146607911 50.0707572814 47.8165520471 47.8165520471 47.8165520471 36.5632547525 36.6379513628 36.3837654186 36.5002620658 36.0438584197 36.2008648828 37.0469242672 36.5048807286 36.5050632611 36.6656221384 0 0
0 0 0 0 0 0 0 0 0 0 0 0 0 0 0 0 0 0 0 0 0 0 0 0 0 0 0 0 0 0 0 0 0 36.579743389 37.2891767611 36.2279808346 36.9265144804 37.3925024786 36.1026407519 36.3881129411 36.7985316201 47.8165520471 47.8165520471 47.8165520471 71.774630728 36.4147778847 36.285285398 37.0568701271 37.3208619356 36.2685508308 36.0211966681 36.8949196697 37.4043530168 36.3456299263 0 0 0
0 0 0 0 0 0 0 0 0 0 0 0 0 0 0 0 0 0 0 0 0 0 0 0 0 0 0 0 0 0 0 0 0 0 37.0972139908 36.222206026 36.7535750861 36.9465014217 36.4006382369 36.8857891527 36.4817521058 36.4263324001 48.7513850313 47.8165520471 71.774630728 37.4045507024 36.9574965557 37.3333039991 37.0787040102 0 0 0 37.176965792 37.1072401422 0 0 0
0 0 0 0 0 0 0 0 0 0 0 0 0 0 0 0 0 0 0 0 0 0 0 0 0 0 0 0 0 0 0 0 0 0 37.2108138126 37.2447633511 36.92019705 36.6283791357 37.2772194523 36.9633431001 36.4641707745 36.4036993523 36.8419111393 60.4169425284 60.4169425284 60.4169425284 36.6328981701 36.5743863586 0 0 0 0 0 0 0 0 0
0 0 0 0 0 0 0 0 0 0 0 0 0 0 0 0 0 0 0 0 0 0 0 0 0 0 0 0 0 0 0 0 0 0 0 36.0789306339 37.2104401334 36.1035462425 36.6498772209 36.3987915259 36.4516999851 36.1515826229 36.5868102639 60.4169425284 60.4169425284 49.6875582111 36.6444183123 0 0 0 0 0 0 0 0 0 0
0 0 0 0 0 0 0 0 0 0 0 0 0 0 0 0 0 0 0 0 0 0 0 0 0 0 0 0 0 0 0 0 0 0 0 0 37.2272925785 36.0328817693 36.608594647 36.5415983298 36.3221709084 36.3604583813 36.6011478566 37.3118249834 49.6875582111 36.5644692522 57.7719853323 57.7719853323 0 0 0 0 0 0 0 0 0
0 0 0 0 0 0 0 0 0 0 0 0 0 0 0 0 0 0 0 0 0 0 0 0 0 0 0 0 0 0 0 0 0 0 0 0 0 36.6071196381 36.6953325706 36.9240864963 36.3236718793 37.2834921258 36.6938116161 37.3929291405 49.6875582111 78.1270210258 73.9855425832 64.1634469302 0 0 0 0 0 0 0 0 0
0 0 0 0 0 0 0 0 0 0 0 0 0 0 0 0 0 0 0 0 0 0 0 0 0 0 0 0 0 0 0 0 0 0 0 0 0 0 37.2184957508 36.3806473584 37.1013759718 37.152180291 36.3585313494 36.2013538589 36.9109531252 68.115995151 79.2043751923 70.0261834761 53.2816979402 0 0 0 0 0 0 0 0
0 0 0 0 0 0 0 0 0 0 0 0 0 0 0 0 0 0 0 0 0 0 0 0 0 0 0 0 0 0 0 0 0 0 0 0 0 0 0 36.8219396442 36.0607253523 36.7971121235 36.5777025556 36.9642177268 36.190666952 82.1316771176 68.3932795886 64.3353802797 72.2998609775 32.8834300461 0 0 0 0 0 0 0
0 0 0 0 0 0 0 0 0 0 0 0 0 0 0 0 0 0 0 0 0 0 0 0 0 0 0 0 0 0 0 0 0 0 0 0 0 0 0 36.8372373459 37.3999131024 36.4577665993 37.394503589 36.0335132458 0 0 72.2998609775 72.2998609775 72.2998609775 61.5986248525 0 0 0 0 0 0 0
0 0 0 0 0 0 0 0 0 0 0 0 0 0 0 0 0 0 0 0 0 0 0 0 0 0 0 0 0 0 0 0 0 0 0 0 0 0 0 0 37.3833197885 0 0 0 0 0 80.9117228337 64.8458866719 73.3618486324 73.3618486324 73.3618486324 0 0 0 0 0 0
