Spatial_Output/BAU/BAU_1382.asc
NCOLS 155
NROWS 192
XLLCORNER 196769.923733
YLLCORNER 449719.875193
CELLSIZE 27.603701
NODATA_VALUE NaN
[rows 69 to 91 of 192, columns 0 to 52 of 155]
32.9998497298 32.927756311 32.785929135 32.8058747379 32.9812476808 32.6905041335 33.1243465666 32.7241470724 32.6742811992 32.9734425995 32.6196109626 32.6619980704 32.9597024154 32.9769784357 32.7847348874 33.1393680157 33.0163376605 33.1697935018 32.6701638586 45.668246138 32.5617535621 32.9804441447 32.9628869466 32.7288768492 33.0396456153 33.0618485449 55.4317522283 55.4317522283 46.8062176076 46.8062176076 32.8012084483 32.5662728347 32.9060272197 45.0161679647 45.0161679647 45.0161679647 33.0643044512 33.0154367058 32.8264448634 33.0112610337 32.726612887 32.9024707273 32.7838913677 32.9916351092 32.9127043655 32.5022397392 33.1135705017 32.7859680686 32.6592262685 32.6022821858 33.0491390737 49.9764065585 50.3343968829
32.6055098146 32.7158253682 33.1760793483 32.6142205012 33.1186793898 32.8146968617 32.5329746674 32.6065103141 33.0219790914 32.9701392101 32.8150180815 33.0574250451 32.7408219249 33.0509414128 32.7328855679 32.5810927977 32.7189381437 32.9158404603 72.6274103703 32.8914748111 32.8166245622 33.0444285967 33.0064477819 32.6019181808 32.5411845105 32.5927953775 33.0380333209 46.8062176076 46.8062176076 40.3899782416 32.570797226 32.7988279608 32.7555537995 32.60076127 65.6878307803 32.9367560687 33.0780402281 32.9915665222 32.8956934718 32.5639361944 32.5335441183 32.6180571477 32.9065752945 32.6337937475 32.6898374585 32.9390031831 32.9626854541 32.6725334879 32.8100397467 32.8539499801 32.7302366348 49.9764065585 33.1886703083
32.5591374113 32.7890497401 32.9875195036 33.1515046246 33.1847345074 32.7276689621 32.726756028 32.5905336858 33.1116317888 33.0074818669 33.1942656053 33.0282323288 32.9174655374 33.0237227005 32.6476611753 33.1589622954 32.5127200353 72.6274103703 32.5449805656 33.1314391649 32.9957292769 32.5459945156 33.185867961 32.8009974096 32.9294636285 32.8319065792 33.0953531031 70.097869058 70.097869058 70.097869058 47.204452004 32.7246007572 32.5118103802 78.7201426535 50.8844277368 32.5825057668 32.6723240702 32.8687895715 32.7031296367 32.8663789041 32.8415368551 33.0245200546 33.0019473314 33.0620895252 32.6950793191 33.0602675199 32.7202351772 32.9716201282 32.7283873878 32.8785277446 32.7828982197 50.2141694227 49.9764065585
33.1934362369 32.6097878826 32.9167700356 32.9138692684 32.8699646176 33.0183345435 32.6170772968 32.9921345485 32.614854987 33.1917632178 32.7613608136 32.785416743 32.7918454278 33.146902736 32.6797885365 33.1443862689 32.8811217169 47.6524222379 72.6274103703 33.0935126389 33.2054294563 32.6325747727 32.7144949266 33.0559528092 32.6789496981 33.2052150413 33.1142554153 32.6046933678 70.097869058 70.097869058 33.0167579576 32.5591295629 32.9368471558 50.8844277368 50.8844277368 50.8844277368 32.6874865238 32.6940716032 32.5397246085 32.7183968236 32.9697632987 33.1213586116 32.5329283899 32.9684627375 32.7282265692 32.7071566026 33.1776584283 32.7011955862 32.6911952728 32.5022962706 50.2141694227 50.2141694227 50.2141694227
32.6706654271 32.9465250577 32.8692834386 32.6674797354 32.5936685288 32.9971924084 33.0490256524 32.9744516287 32.9033865717 32.6207741504 33.1232473049 32.9686880083 32.6203257953 33.1089508961 32.6717347343 33.0870753135 33.176687389 62.9145414626 50.8566839141 62.8177123071 62.2794538726 32.8423731718 33.0302382716 32.9705357838 33.0617545146 32.7925723535 32.8898110142 33.0648644138 56.2737225517 56.2737225517 66.0041362862 32.7413919091 32.767700005 55.6874896558 55.6874896558 55.6874896558 32.6024391959 33.1933372091 32.8445983106 32.6979756882 32.6506617181 33.1301317337 32.5796886234 32.8895305095 32.9952328014 32.5447563619 32.7961396348 32.828945681 33.0259117323 33.0907885242 50.2141694227 50.2141694227 50.2141694227
32.6540375446 32.6598947012 32.9436731506 33.0632833247 32.7953011318 32.876137619 32.6609905584 32.7128840586 32.9361552804 32.630762075 33.0571266128 32.9753137981 33.1477923105 32.587841855 32.9087914219 32.6016286951 50.8566839141 50.8566839141 50.8566839141 62.9145414626 62.2794538726 56.8379601657 56.8379601657 62.5623120936 32.912090634 57.5842333029 32.9283793995 33.1890843718 66.0041362862 57.4522230276 32.6703168546 61.5105416726 59.7653784334 32.9216577878 55.6874896558 33.1767742096 33.0902167716 32.9140906114 32.75410195 32.9465299108 32.971859449 32.6041443344 33.0161107714 33.0540205878 32.5957149318 32.5058257139 32.5678230023 32.8950822665 32.8518726746 32.5058080977 32.5828019688 66.8853558244 67.8559460951
33.1396078795 33.1910834425 33.0317946844 32.6219531094 32.9582192749 33.0531622065 33.0180420854 32.5530598356 32.8126958901 32.9359555041 32.6590547418 32.7125019453 32.5297396808 33.0618356608 33.1749835552 33.0657640934 32.7890658065 53.4608616692 50.8566839141 62.2794538726 62.2794538726 56.8379601657 56.8379601657 32.5939950768 57.5842333029 57.5842333029 32.788814583 32.5343184213 39.6475368246 57.4522230276 57.4522230276 59.7653784334 59.7653784334 57.6866117413 57.6866117413 64.9881904833 64.9881904833 58.5723645482 32.9771609539 63.4854886522 63.4854886522 32.7494368105 58.7850600879 58.7850600879 55.2410677695 82.6363272365 82.6363272365 50.1486621815 50.1486621815 33.079767843 32.8219975699 77.2202321594 67.8559460951
32.7867146629 32.8253704749 33.1846214835 32.5677831472 32.5175869906 32.670795137 32.7852339337 33.0194655449 33.1710945814 32.5763690141 33.1704057608 32.8465635632 32.6107760209 32.7370926253 32.6682649139 32.79207496 45.5784231302 32.6286283126 33.1941378347 57.0352792203 32.8912687442 56.8379601657 32.9261307437 33.0376183823 33.1645881123 57.5842333029 32.7958588301 32.6525530028 58.9116350145 57.4522230276 58.9116350145 59.7653784334 59.7653784334 57.6866117413 57.6866117413 64.9881904833 64.9881904833 32.8950623922 32.9477815115 63.4854886522 33.1771512523 58.7850600879 58.7850600879 58.7850600879 58.470791574 58.470791574 82.6363272365 72.0716987595 50.1486621815 32.9266769761 77.2202321594 77.2202321594 77.2202321594
32.66654156 33.1379572773 33.122847492 33.1662307771 32.9801164104 32.8770468066 32.9683597012 32.5027554108 32.7108295757 32.6706610018 33.0430755691 32.7606693964 33.1629782537 32.5385068287 63.4001223989 57.490772104 57.490772104 45.5784231302 32.6596354587 32.8213268493 33.1266505454 32.8805636127 33.1248763573 32.540246099 32.8676100162 33.0735015551 32.5900525779 32.7565932012 32.7348362634 58.9116350145 33.0134202165 33.1824694593 32.9445649225 66.0560391606 32.9496552114 64.9881904833 64.7031276224 32.8629315123 32.7769349327 62.9410450174 62.9410450174 62.9410450174 58.7850600879 58.7850600879 58.470791574 58.470791574 82.6363272365 32.995291099 50.1486621815 32.8794409079 77.2202321594 77.2202321594 77.2202321594
33.1184775332 33.1416116289 33.1664723067 32.78072764 33.1376034213 32.610114745 32.5062985605 33.1614564155 33.075588518 33.1792479952 32.7982269888 32.7571770999 32.9016189 33.040016333 32.9353092179 57.490772104 57.490772104 32.7474992764 32.616557812 33.1665995388 33.1159120719 32.8393863357 32.7036086154 32.9933326947 33.1805462454 32.5301736825 32.8469687147 32.6698904916 33.2043661614 32.9421944453 32.5866456414 32.8956971329 32.6688895133 32.8843658134 32.6909469375 33.0139141781 32.7890588025 32.6955494075 32.5602212805 33.1248794284 62.9410450174 69.6562115765 32.5118534201 32.7424827348 59.9584868951 58.470791574 32.6538963696 32.8551946979 33.141116828 32.9721023065 32.6935356031 32.8760084318 32.6446077008
32.88523336 32.7222170106 32.8782784831 32.6333983647 32.6448673005 32.914041607 32.5131833749 33.1444368626 32.7013572882 33.2035483929 32.7873986702 32.8552682366 69.1091214514 32.8469767455 50.2926709328 32.7041220839 57.490772104 33.0371502235 32.9039937794 32.8576574381 32.5094260038 32.5144649514 32.6556716429 32.6739576578 32.6969934213 33.1803231417 32.6348898604 32.9458371764 32.5051837599 33.0600561043 32.6522081017 32.8099633224 32.9261305809 32.6892068739 32.5494778237 33.2048456508 33.0337293125 32.5757478256 32.7388891616 32.6650185757 50.0725585859 56.8293489684 56.8293489684 56.8293489684 32.78157738 32.6639327765 33.0006298103 32.5940907061 32.6875549865 32.6881431518 32.566941125 33.0068437175 32.805973583
32.6121156717 32.8031811564 32.881331651 33.1633511093 32.8813445307 32.5037426198 32.9919778977 32.5745454138 32.5343885266 32.9694050859 33.1359291973 32.6132078761 69.1091214514 69.1091214514 33.1998588161 32.71103603 32.5387181151 32.5757333486 32.8377110234 32.9368581835 32.7717348409 32.712917953 32.9687310637 33.2023637811 32.5426468952 32.6583229037 33.0616016959 32.5830797648 32.5649706128 32.8187727777 33.0393539908 32.5177593871 32.9062147851 32.7624971128 33.0633908299 32.815108035 32.7549907676 33.1514665254 32.7835878633 32.7108061647 32.9395435959 48.5713142093 48.5713142093 48.5713142093 32.9359294694 32.5284788635 33.1423343979 33.1309332015 32.5937598304 33.1500803584 33.1412980641 32.944242021 32.9661265758
32.639431214 33.1406810254 33.0089939161 32.6550543664 32.5690626991 33.1373507469 32.7711078935 50.4233415291 32.8105972696 58.0904855589 58.0904855589 58.0904855589 32.5342370513 69.1091214514 32.7031977757 32.7256993255 32.5058816903 32.6776833184 32.8393515033 33.1657818492 32.7190365653 33.1311378885 32.7142177567 32.6365600251 32.8679126488 32.8938886988 33.1456185051 32.664585562 32.8851537194 32.6446878557 32.9432340433 32.773674513 32.7638185728 32.9173922847 32.6899810322 32.5954275377 32.5496466307 32.5618562229 32.8091699919 32.8548434507 32.6394060152 48.5713142093 48.5713142093 32.6303194383 32.655108903 32.9865492395 32.7099092096 33.043150065 32.7256078412 33.0502005082 33.1227193503 32.5701806156 32.8456409178
33.1071323131 32.6458790738 32.6478150848 33.0847646132 32.742026039 33.1999768886 61.7079315469 61.7079315469 50.4233415291 56.3618311424 32.7512682838 32.5064578118 32.9689854547 33.1559557422 32.6079620581 32.6577523248 32.7599741755 32.9461614167 33.0332606449 32.5625929207 32.50466148 32.9917959219 32.8735877215 32.9329578693 32.9320567603 33.0730656163 32.8065243275 32.5942717187 33.0285348855 32.9775531373 32.8539290894 32.5753036983 32.9154396883 32.9012121846 32.6681098931 33.1268107723 32.9749715426 32.5238931702 33.2068044792 32.9577939571 33.1712313643 62.169137533 32.9060600481 32.6985698566 33.0225288733 32.6935796818 32.968105603 32.999287823 33.1532229012 32.7625826777 32.5319404832 33.0307945734 32.910776607
0 32.9654529133 32.985695413 32.7684189959 32.6567058509 32.7439934794 61.7079315469 61.7079315469 61.7079315469 50.4233415291 58.0904855589 33.086451752 32.9118251715 33.0502516791 32.6522247448 33.1380118837 33.0958234495 32.5804011338 33.1775415507 32.667349781 32.715398612 32.8529580018 33.1425139069 32.9953488731 32.8325297216 32.9839147622 33.0026064662 33.0588876001 33.0411073155 32.9433811933 33.0347668417 33.007987399 33.0412632937 33.1761952753 33.1590286517 32.9232785777 32.9902478679 33.040018331 33.0830994491 32.7367157839 33.1096857265 62.169137533 62.169137533 32.8433433785 32.9334773295 33.0369285101 32.5559612886 33.0636385286 32.6454248063 33.1531915529 33.1044538927 32.6652329128 33.039192061
0 33.0907256744 32.5064017818 33.1026757419 32.8896304722 54.9959101377 61.7079315469 33.0576440824 32.7564107932 32.8153254243 32.7560053357 33.0531681153 32.5295862419 32.5167213366 32.6043047007 32.5129695621 32.6222475445 33.1381455334 32.6038288934 33.0620455501 32.6047938461 33.150099537 32.6219929626 32.8486038721 32.5965257425 32.6511807757 32.917784087 32.940755233 32.7795279655 33.1435943447 32.7940048756 32.7551818402 32.6358999664 33.1558859478 32.918714899 33.1649430905 32.9800192175 33.1230438513 32.9597002732 32.9467006417 32.9778340578 80.105432435 80.105432435 32.8976787136 33.1719837062 32.792680948 32.9500797616 33.1451517243 32.686531851 32.6478690871 33.0522316989 33.1604364899 32.6330417179
0 32.505225085 32.6063832141 33.0427929575 32.7503639477 54.9959101377 54.9959101377 32.5843286894 32.73479356 32.931424453 32.6714162645 32.6989945574 33.051821302 33.1579604509 32.5318807577 32.8421859781 32.6217299585 32.6120416487 32.8957903421 32.7553206651 32.9381648588 32.7879741288 33.0100357577 32.7163497245 32.8121291166 33.0280547625 33.1753696099 32.6098153549 33.0465585472 33.0622883493 32.7306634783 32.8695878257 33.1257176281 32.6828008107 32.6210547121 32.6759182722 32.5274874118 32.7052896789 33.0703852912 32.8159314979 32.8073226586 80.105432435 80.105432435 84.4781972261 32.7477573029 32.981740067 32.6614405917 33.1199690939 32.6769536688 33.0151070678 32.9263097872 32.8678321241 32.7997598642
0 0 32.7929938793 48.9235830773 48.9235830773 48.9235830773 33.0110408293 32.8313594201 32.910670731 32.693907239 33.0251519306 32.9057696941 33.1222851537 32.6730339072 32.9765190507 32.7024029165 32.5039626502 32.6498151772 32.5252862735 32.9225684573 32.6317256376 33.181318055 32.8651086475 33.0055915162 33.1671282091 32.654900883 32.8250344941 32.5189371357 32.610092814 32.8568761892 32.7735342709 32.7855975545 32.9114069859 32.879824143 32.8818916511 33.1602840847 33.1321021344 33.0482225588 32.7786461136 33.0512889639 32.9457673386 32.6616680074 56.5259959494 33.1902760968 33.2007654301 33.0144557107 32.9945794112 32.6458935799 32.6664500867 32.7649447629 32.6299486529 33.03986939 32.5726699139
0 0 53.2870723182 32.7092058231 48.9235830773 48.9235830773 33.1039412343 32.5096300485 32.8320867322 33.1331139882 32.6820579036 33.0751260667 32.5485299789 33.0563423625 32.6420392611 32.5289303571 32.878454121 32.980891794 33.0798944712 32.5579397244 32.693474406 32.6953198948 32.5155428176 32.6005735594 33.1385664773 32.8310518251 32.6074241232 33.0273076023 32.7584265789 32.8162015087 32.6153095774 32.7875337624 32.7305962532 33.0726669358 32.8041240408 32.9088013314 32.5063266023 32.8820192659 32.6113717801 32.8127519535 32.6554729041 56.5259959494 78.6016933011 56.5259959494 80.3783415965 32.5307459349 33.0319138624 32.6364055718 32.8056530961 33.0635077372 32.7454194093 33.0481447246 33.1100902074
45.6767697214 43.1113755164 41.9383075971 54.6410905741 51.1738040711 32.5664758094 32.7923716836 33.1115838979 33.1303642558 32.9834589158 33.1807886597 32.5835926045 32.7755254606 33.1510987452 32.8523965344 32.8096859729 32.8560104594 32.6899012578 32.7032021385 32.6060115181 32.5484800606 32.7668300845 33.1639838444 33.1303800788 33.18039495 32.8838069819 32.538773022 32.7613496375 32.7982150257 33.2049598778 32.7163252173 32.5291693124 33.048624346 33.1785040608 32.6282610544 32.8149592483 32.588238937 32.5003997591 32.6570420117 32.9636714834 32.8239234012 78.6016933011 78.6016933011 78.6016933011 80.1002611315 32.5856503145 32.6349935724 32.7554323211 32.9579652625 32.8923306753 33.0966762663 32.8070341466 32.6086802619
50.726461056 42.0258879631 46.6818921683 54.6410905741 60.9217134944 0 32.8131176958 32.5661619919 33.1096969624 32.7591843229 33.1091330206 33.0346891147 33.1123975393 32.6295657614 32.6318826026 32.8075995805 32.5124340693 32.9325732399 32.521590373 32.6018375026 32.6412534429 33.0477624799 33.0555493078 33.1918429453 32.7957942834 33.0052765946 32.6499880081 32.7194914328 32.5927972432 33.0916551056 32.5671525364 32.7580443873 32.9466222221 32.9286733598 33.0347911701 32.894285064 33.1925533759 32.7363660077 33.1303809613 32.6823445624 32.5326850684 44.8005782269 78.6016933011 44.8005782269 80.1002611315 32.9218877902 33.062855407 32.8888714336 32.953016888 32.5616414286 32.6245685877 32.6895689231 32.8594049306
51.2591362342 44.3526217897 45.3838582428 54.6016324231 0 0 33.1754654867 32.8459994601 32.6472947491 32.7653284609 32.7542304526 32.7312985345 32.7082144626 32.519946939 32.8845759223 32.7709288092 32.836045207 33.1394363113 32.5441168592 33.0842954541 33.0012739629 32.6407573615 32.7918163256 32.7641343787 32.7288862331 33.1995108508 32.9441915604 32.8872774898 32.8390144929 32.6009887001 32.8163005178 32.9518793895 32.7046956609 32.8544890742 32.6650561719 32.6884689918 32.8524853313 32.8453444489 32.7023418194 32.5249834371 33.0560506356 55.5302984948 55.5302984948 55.5302984948 33.0266474537 32.8995356957 32.8570625743 33.0567708585 32.6386017197 33.202694996 32.6624501195 32.7822258022 33.1176347037
56.9541040511 48.4429867836 48.4429867836 0 0 0 32.893239278 32.683883709 32.630242464 33.0635568538 32.6570882181 33.1386789975 33.1278581851 32.8399308549 32.6433098209 33.0296433386 33.1542295218 32.9842226758 32.8396755488 32.9187732679 32.750219437 32.7482107087 32.7618120988 32.9370722968 32.9065890956 32.9787927362 32.5447935343 32.8930362201 32.709366366 33.0263208911 33.0634516187 32.9593345934 32.6764984852 32.6412833791 33.1393862203 33.0226173257 33.0570116702 32.7388851918 32.5805666917 32.8178875767 32.5763713022 55.5302984948 52.5967017175 55.5302984948 32.6960961404 32.5418616193 32.5103037536 32.7890397341 33.0929737498 32.7805302506 32.9520800626 32.8523915841 33.0834184477
