Spatial_Output/BAU/BAU_1153.asc
NCOLS 155
NROWS 192
XLLCORNER 196769.923733
YLLCORNER 449719.875193
CELLSIZE 27.603701
NODATA_VALUE NaN
[rows 115 to 137 of 192, columns 53 to 105 of 155]
49.1051327156 42.8169234869 58.7919973049 58.7919973049 51.5427784432 72.3990885288 62.4897548157 63.9396828657 56.7447887907 56.7447887907 27.8962500479 58.1215666348 58.1215666348 27.8724121756 27.862694821 56.5515857019 53.1370635695 53.1370635695 28.1036150759 27.5620178769 28.0392531943 28.0186397716 77.3811321374 77.3811321374 39.7754087698 60.5831738704 47.857916518 63.7771920522 43.0389069736 60.4960837406 60.4960837406 56.9314809089 50.8220226305 79.5336698195 73.3282610714 27.8476002422 46.690126046 28.1842339045 41.8588045925 63.8007698503 63.8007698503 63.8007698503 28.1398202716 27.8987999282 27.9318444349 27.9694312848 28.1712945709 28.0033667453 28.0397785846 27.77865865 27.8318638495 27.613504372 27.7952524157
55.1243737772 42.8169234869 58.7919973049 51.5427784432 72.3990885288 72.3990885288 62.4897548157 63.9396828657 56.7447887907 27.8715789922 72.7632206619 27.9782068399 27.9425125921 66.6485415923 27.6868345827 27.8334996831 27.8541956799 53.1370635695 27.8867019422 28.0356414255 27.8941334987 27.7741674767 27.9925575898 39.7754087698 54.9867197923 39.7754087698 28.1804617661 27.7751601043 27.9689062149 27.6197554714 88.2805747608 88.2805747608 88.2805747608 27.8819943986 27.6248392503 27.7253576 27.6103133559 28.1137665293 28.1370140888 38.8250452804 38.7728150201 38.8250452804 27.9288673443 28.1599739875 27.5573823439 27.6871798559 27.9995617772 27.9672199469 27.6119624226 27.9519869745 27.6472077893 27.7675472157 27.7217021044
27.9545442761 27.7905781026 27.9685696442 27.6621622382 27.8747923118 28.1564466689 27.8832314479 50.894368778 50.894368778 28.0256136648 27.6859673887 28.1384441667 27.5592686208 27.8565941031 27.5907713047 28.138787051 28.1468281171 27.7796876401 27.7657446105 28.1125792882 27.998638647 28.1853669849 27.5924995804 54.9867197923 54.9867197923 54.9867197923 27.7468174773 28.1729345003 28.1237876983 28.0669794412 60.4605763809 58.345011962 88.2805747608 27.8701760302 27.5453478565 27.6333185821 27.8238850743 27.8310315746 27.8461813932 38.7728150201 38.7728150201 38.7728150201 28.1270079582 27.8847237759 28.0306947819 28.1582042733 27.55080303 27.9750931141 27.9058878696 28.1315609714 27.6893810483 27.6530396304 27.8481755329
28.0508263222 28.1932887878 27.9629810069 28.0367457007 27.9485483834 27.5591651094 27.5373266575 50.894368778 50.894368778 50.894368778 28.1309576024 28.093736069 28.1036607312 28.007977565 28.1933401028 27.6877230943 27.595831635 27.6643807355 27.8140345398 28.1872663002 28.1511947823 27.5729636171 27.5819053856 54.8616327985 54.9867197923 54.8616327985 27.6731385372 27.7625903058 27.9802141676 28.1103566364 58.345011962 58.345011962 58.345011962 28.129753653 28.1880970233 27.5744878897 28.0600496971 27.5803983516 27.7739323529 27.9319559628 62.9512845525 62.9512845525 27.5584893911 28.1087083203 28.056455257 27.9276632342 27.8878537851 27.531196005 27.839841892 28.1853112001 27.7489599248 28.1499118424 27.5784830437
28.0216452133 28.1730189053 27.8116042177 28.1149775267 28.1604452726 28.1691575007 48.2728862274 48.2728862274 48.2728862274 27.6035747286 28.0590937868 27.7022609045 27.7938501748 27.5188381175 28.1021103506 27.7211037061 27.8391792693 27.8775778541 27.5828869166 28.091875703 27.9044965365 28.018696244 27.6285760006 59.3934741831 54.8616327985 27.968222171 27.6668820778 27.5961091432 28.0442962324 56.9785802585 51.4460488244 51.4460488244 53.2432541675 53.2432541675 55.6684642038 76.5107089111 27.8539259249 28.0811169877 27.9342511623 27.8497056011 70.2010627197 70.2010627197 46.2923032102 27.6559242819 27.5398312738 27.7448139506 27.809134711 27.9483679269 28.1498628041 28.1859552854 27.7881739928 27.5171335707 27.993536562
27.921771607 27.7095291521 27.6979848615 27.7596634313 28.1653870915 28.1204786057 55.6032650571 55.6032650571 55.6032650571 27.6337347097 27.7333651408 28.1584912622 27.7506164693 28.0210869102 27.8654456646 27.9431897885 27.6386120002 28.153753906 27.7565747495 27.5198369851 27.5368954152 27.5244957671 27.6266916328 27.6664291757 48.2850091013 27.6316401594 50.4140840245 50.4140840245 56.9785802585 56.9785802585 51.4460488244 51.4460488244 53.2432541675 53.2432541675 55.6684642038 76.5107089111 54.4975425128 54.4321138924 67.7750677764 70.2010627197 70.2010627197 70.2010627197 70.2010627197 27.5983007768 27.7921092215 63.9621457335 28.1218411765 28.1675584809 27.8792653915 28.0231236077 27.5566304184 27.5556467084 27.9655997698
28.1169161036 61.0348813551 28.0002593347 28.0116219936 28.0099665282 28.1496179779 60.6476749078 55.6032650571 55.6032650571 28.0666728813 28.1704652218 27.8887940359 27.644979052 27.5487212239 28.025177579 27.8692407339 27.8528653822 27.9771513222 27.7520459591 28.2049560925 27.6395215149 28.1756748231 27.5124524899 27.5886486743 48.2850091013 48.2850091013 47.2883087754 50.4140840245 56.9785802585 56.9785802585 74.0315400264 74.0315400264 67.5665279958 53.2432541675 55.6684642038 76.5107089111 54.4321138924 54.4321138924 67.7750677764 55.8159631184 50.9576518077 46.7518123685 56.411706834 48.161381596 48.161381596 44.0115175916 44.0115175916 73.4811932702 58.0273014305 27.9630285229 58.0861447682 73.9298134296 49.5278108057
51.3178499062 66.7852078239 45.0429193449 68.7797738838 27.6722957968 28.0650451195 58.2597783955 58.2597783955 58.2597783955 27.5641232088 28.1623364112 28.0561178346 27.6885862668 27.9663533838 28.0492751995 27.7315500096 27.5477975419 27.5371435666 27.5784529546 27.9056523056 27.982413002 27.7866301835 27.626289109 48.2850091013 48.2850091013 48.2850091013 50.4140840245 27.8148558984 28.0554299408 27.5361917339 27.7286773832 27.9309005907 27.7656807184 27.6118743023 50.1379575974 66.88107033 54.4321138924 54.4321138924 43.5122719358 55.8159631184 46.7518123685 46.7518123685 46.7518123685 48.161381596 48.161381596 44.0115175916 44.0115175916 48.3253891196 58.0861447682 58.0861447682 58.0861447682 49.5278108057 49.5278108057
66.7852078239 65.4670031298 45.0429193449 45.0429193449 48.7309014031 48.7309014031 58.2597783955 58.2597783955 28.1808434748 27.8444644197 27.7514716926 27.9866963605 27.7609970594 27.5779628695 27.8514318654 27.8607749389 27.7933626874 28.0286664051 28.1245793766 27.9667821227 27.9804846023 27.7597275589 27.7711067772 28.1581592229 27.5406727313 27.7322874953 28.0601019615 27.6549289977 28.1054532267 28.1093317615 28.1144129116 27.7137982933 28.0806135022 28.2067539283 27.8805322151 28.1237049678 27.911010529 67.7750677764 27.807065077 27.9517137323 47.9300105008 46.7518123685 56.411706834 48.161381596 73.743420768 63.9621457335 43.6792485323 27.7145772107 27.5160595701 58.0861447682 58.0861447682 27.9075905306 49.5278108057
44.2010576845 66.7852078239 45.0429193449 68.7797738838 48.7309014031 48.7309014031 54.9999373757 54.9999373757 27.9547534483 27.8917069142 28.1653841671 28.0495361437 28.0266799941 27.7554920791 27.7869327558 27.6474908896 27.5625791261 27.8730902181 27.5008596375 27.7341971269 27.5375504176 27.7565280954 27.9909212135 27.535541719 28.1605147295 65.4018136485 65.3660624889 27.6906164659 27.9057712745 27.5461424036 27.5561060509 27.872382077 27.9390615317 28.0650905116 28.2070580962 27.5479403626 28.0876538778 27.6096785755 28.1075970318 27.5150218269 63.7549471005 63.7549471005 63.7549471005 27.6663990831 28.0485818769 27.8696895514 27.8309851902 27.5547895424 27.5144215217 27.5526358898 27.5199512451 27.7918243525 28.1068682561
74.2522864185 27.8033341178 27.611026131 27.8270604797 48.7309014031 40.3244156763 40.3244156763 40.124368439 27.7064199886 27.5926483974 27.5172870686 27.5945439928 28.0983826165 27.882565631 27.5784301609 27.8066459129 28.1490211762 27.7213493795 28.0440090288 28.0983705534 28.07958347 27.9613315981 28.0268424605 27.5529596387 28.0539768452 65.3660624889 27.6121726942 65.3660624889 27.574825979 28.1375605216 27.5320240107 28.0438553992 27.925030286 28.1203209073 27.9329791151 27.9755599473 27.8894358747 28.0167255214 27.9423980751 28.164580712 27.9574972644 68.8523004428 68.8523004428 28.1868673362 27.9998960666 27.79265393 27.5644699828 27.5699531643 27.9014517158 27.9177304871 27.6055333353 27.7448899491 27.628820013
28.0199605317 62.0238709932 28.0569187502 28.026530979 27.5969892916 40.3244156763 40.3244156763 40.3244156763 27.6512656846 28.0362092246 27.7324858711 27.5613651686 28.1046453554 28.1900110143 28.2053126648 27.7790595672 27.903835736 27.5712634285 27.6780321423 27.6950878749 27.6670786709 27.884578918 27.603608567 27.776651185 27.7673799263 65.3660624889 28.0207061176 65.0190995163 65.0190995163 27.8979572303 28.1182679145 27.7374614353 27.7690991317 27.8436841749 27.7106691752 27.6968558064 28.1192466551 28.1225415059 27.5208805449 27.9460830797 68.8523004428 68.8523004428 68.8523004428 28.1968913968 27.8635636444 27.7425312188 27.9436214936 27.9237398603 28.1682714703 27.7625473814 27.6241101565 27.8229431978 27.639612656
52.330391608 74.3563126812 74.3563126812 27.8724334254 27.5292838532 27.5450031259 28.1896890719 28.1913640669 27.8014615462 28.1924423054 27.9615576742 27.8124543389 27.7238809238 28.1267448712 28.2036874852 28.1488820463 27.7652071371 28.0974245509 27.7438059677 27.6015904725 27.7660679007 27.9667762017 28.0656745579 28.1801711478 28.189990556 28.1307117157 65.0190995163 65.0190995163 65.0190995163 28.0958795556 27.8225936761 27.6586397223 28.1552384625 27.9191462489 27.8976240639 28.1465568663 27.6456547737 28.1450395855 27.8535818508 27.9774741078 46.1394915268 46.1394915268 46.1394915268 28.1683379524 27.869911803 27.9527131261 27.6043089992 27.977899317 27.8474932687 28.2030511191 27.7181138357 27.7201854765 27.7905160422
74.3563126812 74.3563126812 74.3563126812 45.4637246391 40.5954779026 40.5954779026 27.5504701705 27.7347411819 27.5564066505 27.8400802181 27.6267487565 28.1539444069 28.1590507945 27.6907918824 28.067243853 27.9984274298 28.1332156968 27.9573606202 27.91116817 28.0081973796 27.5486932038 28.1879039261 27.5981500476 27.7201912351 27.5649546768 27.7430250129 27.9955788542 28.174255383 48.1895550511 27.7442564975 27.8244941594 27.6787249281 27.5790840511 27.801430267 28.0685878102 28.0672075744 28.0045894892 28.1012740054 28.159056574 27.5975557052 27.6669760348 46.1394915268 27.6400782157 28.078360348 27.596411208 28.1721297232 27.7417192553 27.7664103244 27.808314513 28.0293687582 27.9001100077 28.0382609504 27.9081240744
27.8662508943 45.4637246391 45.4637246391 54.3718286862 40.5954779026 40.5954779026 40.5954779026 27.7374889969 27.9915846711 27.6987712751 27.5189047833 27.9617834136 27.7082452705 27.7285223671 27.6281612853 27.791040326 28.1271338551 27.6757403898 27.7714841679 28.0499874993 27.7700378714 27.698973109 27.9081915671 28.0026361892 28.1717713396 27.8362435426 27.7724486542 27.5589571705 27.8814460954 27.5303133477 27.6987339848 28.1490661767 28.074364334 27.9304041666 27.9992842875 27.6091759675 28.1103001974 28.129472947 27.778257843 27.8186336808 27.6676460612 68.6793656467 68.6793656467 28.1264116412 28.2044639945 28.152145224 28.1006210312 28.1019560005 28.0209519029 28.1372240447 27.6817995682 27.8534808791 28.1438260454
27.5013306251 28.1186391182 65.8587712871 27.5346216317 27.8928188922 27.6447235605 27.6588197432 27.8207040855 28.0011560796 27.885405206 27.7848872953 27.6791482798 28.000604834 27.5453844056 27.7550144672 27.7638027147 27.6002064504 28.093839396 27.7826648792 27.7829154257 27.6677894461 28.1139131785 27.6025771865 27.9011708776 27.7451849569 27.9336422278 27.8490331978 27.7585834595 27.9933817548 27.5194518522 28.0310191931 27.9576897804 27.8542023711 27.7653098896 27.7581107557 27.6643159427 27.8148241296 27.8430865048 27.8204167803 27.7466177865 68.6793656467 68.6793656467 68.6793656467 27.7210113202 27.8839750421 27.9023818441 28.1944446152 28.0715367102 28.1538626762 27.8463229542 27.507339504 27.6786511109 27.5284015586
27.676322351 27.6292958604 59.1873322854 55.4994783845 55.4994783845 58.5845683202 27.917340514 28.1280370439 27.6211525034 27.6400285977 27.682698583 27.5152333017 28.0661051574 27.7961160916 27.7218182273 28.1371367325 27.8463507939 27.5130198824 28.1191038558 27.9694671496 27.8964793573 28.1691234611 27.5405214391 28.1278017477 27.9336892604 27.5318078905 27.8171598538 27.8330281894 27.7020059166 28.0685292126 27.5770356736 28.1782954029 28.1439395516 27.6350914041 27.9827792746 27.8315800524 27.624139214 28.1521419006 27.5230836628 28.0234784193 57.7564210692 57.7564210692 68.6793656467 57.7564210692 27.9684483225 28.0743826093 27.5979373498 27.8084224642 27.515594384 27.8455787293 27.5935104099 57.2396996201 44.2600582401
61.2511931259 75.3863135345 75.3863135345 55.4994783845 55.4994783845 41.1716826238 28.006045577 27.9281721376 27.7932034961 28.0974260738 27.6295080313 28.0804566955 27.7365245426 27.6086402162 27.9142254606 27.5727902172 27.7228663632 27.8738802842 28.1871087459 27.9735108259 27.9423162631 28.0304397947 27.5043692278 28.1875344384 27.9416104206 27.6057548708 27.609725936 28.1034031762 39.4557096011 39.4557096011 28.1280664814 28.0009295997 28.0564487895 27.6912473742 28.0418733227 28.0831856044 27.9959850803 27.9165424956 27.530093597 27.9492755153 28.0564777026 49.2663854621 57.7564210692 49.2663854621 28.2039060005 28.0158686384 27.7019905984 47.1088416994 73.5960527274 50.3953779239 50.3953779239 57.2396996201 44.2600582401
61.2511931259 75.3863135345 75.3863135345 39.2705705226 39.2705705226 39.2705705226 28.0145485786 27.8528713119 27.667341372 28.0482641277 27.6932683094 28.1362608371 27.7645616146 28.0818952239 27.8999732283 27.9537848885 27.6640382606 27.5975964589 27.8078953316 27.7899781371 28.1339905141 27.7044282331 27.6241679976 27.5167024932 27.6296541289 27.5628494975 27.8531147448 39.4557096011 64.2600794077 64.2600794077 58.031304587 58.031304587 27.650300082 27.9509122271 27.7071631658 27.6146978532 27.6759172474 27.5455441851 27.6531905293 28.2011804107 27.9377667814 27.9800424959 52.8635684652 27.7693118882 61.0744731314 50.6442984848 47.279696627 47.1088416994 47.1088416994 50.3953779239 50.3953779239 57.2396996201 57.2396996201
61.2511931259 61.2511931259 75.3863135345 39.2705705226 39.2705705226 39.2705705226 28.0042943873 27.9554298732 27.9918212409 27.8848127575 27.684016742 28.1798400765 28.1245540744 28.1237380314 27.5241404409 27.5822393577 27.5656084263 60.6458203184 46.4400839518 55.6489178586 28.1501501233 49.4164469512 56.864483723 45.3267278698 45.3267278698 61.4935614277 61.4935614277 64.2600794077 64.2600794077 64.2600794077 58.031304587 58.031304587 50.2896400325 59.9561744327 51.67252502 27.8002420044 46.5251652355 46.5251652355 27.7177864841 52.1445618394 28.0430547166 52.8635684652 52.8635684652 61.0744731314 61.0744731314 71.3856787385 47.279696627 47.1088416994 47.1088416994 74.2199222865 50.3953779239 27.6967590052 27.7690753985
28.0448223011 28.0244971341 27.543570249 28.1946215532 66.8525627027 53.234114483 66.8525627027 43.6844785982 44.9470483362 27.8924520102 50.3359363216 74.777944758 27.5196685579 63.6892840286 47.4734349943 47.1278718004 47.1278718004 53.4457331159 53.4457331159 41.1071421252 49.4164469512 49.4164469512 45.9196984847 45.3267278698 45.3267278698 61.4935614277 61.4935614277 27.5406369718 47.0614953175 51.8486944021 58.031304587 58.031304587 50.2896400325 59.9561744327 51.67252502 51.67252502 46.5251652355 46.5251652355 73.5756398002 28.18699701 57.9051785507 52.8635684652 52.8635684652 61.0744731314 61.0744731314 27.7548046962 47.279696627 63.4380561476 27.9127568268 27.7250486465 27.5456771899 28.1895170547 28.0814832862
27.6909751347 27.8923915793 28.1887158254 27.5231176508 27.6391817016 53.234114483 53.234114483 53.234114483 44.9470483362 44.9470483362 46.6490334054 46.6490334054 58.9291638581 63.6892840286 47.4734349943 47.4734349943 47.1278718004 53.4457331159 53.4457331159 45.713583417 27.8690544412 49.4164469512 56.864483723 45.3267278698 28.0052429242 27.624852551 27.6206471759 27.8000656142 51.8486944021 51.8486944021 55.7868104706 27.532133142 27.7463369017 28.1509461228 51.67252502 28.0234755083 46.5251652355 73.5756398002 80.3064044469 27.765379645 27.9866480291 57.9051785507 27.5649171171 48.7545799079 27.8821097074 28.0629154194 28.0830810203 27.5151890611 27.7264691171 28.0372518151 28.1844796101 27.5059823485 28.1562261695
28.0840913338 28.070923061 27.5057660018 27.6828413578 59.6813220586 59.6813220586 56.2250945923 56.2250945923 44.9470483362 44.9470483362 46.6490334054 74.777944758 63.6892840286 63.6892840286 47.4734349943 43.440444129 47.1278718004 28.1135599503 41.1071421252 27.8249391986 27.69356152 28.072711323 27.6782302333 27.7838178545 27.6374066788 27.7514572274 28.0481798097 28.1325248929 51.8486944021 51.8486944021 55.7868104706 51.502958566 28.0094591636 27.66196048 27.6938001985 27.6638435972 27.658118776 28.1501284868 27.9777363661 28.0971396556 27.6719792613 28.1400254194 27.9682698991 28.0968205187 27.6793247101 27.6881683263 27.5103195082 28.0143644386 27.8686644144 27.9918467651 27.5273581242 27.9992770192 28.0614274328
