Spatial_Output/BAU/BAU_1113.asc
NCOLS 155
NROWS 192
XLLCORNER 196307.867259
YLLCORNER 449144.565805
CELLSIZE 33.573938
NODATA_VALUE NaN
[rows 50 to 74 of 192, columns 0 to 55 of 155]
30.5294331374 31.6818981696 28.7604761258 31.1745945817 31.2151578563 30.1480172272 30.0028379974 31.6558253892 31.9135543189 30.2446281965 30.7672991745 30.5929604401 31.5691933126 30.6305771032 29.9444483238 31.5362487946 30.2628090586 29.2074097655 29.7219466071 30.0339807102 29.2760442851 28.609398136 30.3976136492 30.8677382531 68.2010065373 41.8381885336 60.415423707 29.8829904393 28.6197460718 31.6286602979 29.4450614263 53.4311462251 29.5930821305 31.637951351 57.1072388726 57.1072388726 29.776503078 42.8362948787 42.8362948787 42.8362948787 30.9932173268 29.3035997942 30.2898096106 28.9310697568 29.5079857477 29.8675760063 29.9220105259 31.6561278893 28.9778978717 29.8726131049 28.898737307 30.904648777 29.1800595139 28.6199707765 31.426459973 30.3001256601
30.1100175978 29.3889332811 30.3448954245 28.5572030609 28.641019451 30.0307865408 30.9677839007 30.5042130706 30.3237261442 29.051827653 29.4912636176 31.8339304281 28.5769215778 30.6596247347 29.2523743832 30.1654768812 31.5509955714 29.5059226674 28.9045262122 28.8399851467 30.4402356374 31.9296835346 31.6245513934 54.5803848017 68.2010065373 68.2010065373 60.415423707 60.415423707 46.2031242527 28.6639633454 29.8539493689 52.6911332707 31.5776002526 74.2755811003 54.762880928 31.2992004852 28.6605646964 64.9267928916 42.8362948787 42.8362948787 28.8871858235 30.5908111239 28.7358959479 29.3320758603 30.549654531 29.2118337888 30.9830184383 66.3503951899 30.7454806797 53.0531311561 28.5167117316 29.2271313679 31.5727919057 30.0483616179 29.369930631 29.6545175497
29.2938307602 30.4715986714 31.8570304304 31.2683596987 30.8825181323 29.1149899058 30.0153068117 29.7669245858 30.6605167378 29.942671551 30.0017043521 30.1009270086 29.9521872609 30.3047193492 28.8443333447 30.1238495309 28.5892992861 30.3036194685 30.9438784192 29.2652884615 28.5460709897 30.6789527004 59.0308925545 59.0308925545 68.2010065373 68.2010065373 60.415423707 46.2031242527 46.2031242527 31.2750928677 52.6911332707 31.7578572534 66.6539446845 74.2755811003 74.2755811003 30.6433984455 54.7266447383 50.7619273508 50.7619273508 31.9487798666 64.2507263182 65.5775514251 50.998997043 64.6361457462 64.6361457462 56.711391528 56.711391528 66.3503951899 66.3503951899 29.4662438332 42.5090008643 58.2920135775 29.8833388044 29.9291070685 31.2932904711 30.0021287343
28.6933072067 30.7617163877 30.5600617002 30.9731607949 28.9273654449 28.9352267448 30.9595813939 32.012374256 30.0579656514 30.4783973892 29.2497997112 30.1738687942 28.9115463032 31.8940059137 28.6100094525 28.6831303414 29.9853498116 31.2908647429 28.6047526445 30.5687390042 31.8704565116 29.218062808 30.3666055261 59.0308925545 59.0308925545 30.3819039777 74.1593131343 55.9701363525 46.2031242527 29.3872871977 52.6911332707 46.1098134827 46.1098134827 74.2755811003 74.2755811003 54.762880928 28.9979392922 50.7619273508 50.7619273508 64.2507263182 64.2507263182 65.5775514251 50.998997043 50.998997043 50.998997043 56.711391528 56.711391528 66.3503951899 28.8003328479 28.8190208172 42.5090008643 42.5090008643 48.5565227348 48.5565227348 48.5565227348 29.0703268594
30.3734019736 29.6466088361 30.0903217116 29.8489310275 31.3166129361 29.7125966981 30.2618419042 29.4536701531 29.2604222863 29.6029769718 29.8732847853 30.8605588709 29.6473696217 29.8242092893 31.4743126204 28.8868011072 28.7026062689 29.1601215539 28.854317527 31.8502137009 30.9834251442 30.6121143763 30.8876985075 57.8872794723 57.8872794723 29.0310487251 31.3645223416 29.188965331 30.6136575849 28.8093756755 48.8203816145 48.8203816145 48.8203816145 74.2755811003 54.762880928 29.0837685001 28.8832148598 46.759812449 72.414598549 52.2461935977 64.2507263182 65.5775514251 50.998997043 50.998997043 64.6361457462 53.0816071751 56.711391528 31.8920389775 31.4177723492 29.6193484711 42.5090008643 30.5108130255 29.4361525085 28.5011702684 48.5565227348 28.8160873567
0 29.8250743477 29.7689202403 28.6775332043 29.2719960293 28.7943066529 28.9434552402 28.8671605254 29.2627037262 30.8782480646 30.6091441854 29.3102731287 29.7904538641 29.454172484 29.3678115633 31.4573799614 29.1956170222 31.4109433174 29.8480605398 30.0561469913 30.2677261442 29.7997667747 29.4950134599 29.2796073478 29.037346737 64.8125179125 30.1233883897 31.1758917044 29.7171073036 30.2197766655 48.8203816145 48.8203816145 48.8203816145 62.5755376061 31.5390587969 31.385158165 30.5271846538 28.763042465 30.4034813033 29.7224793263 64.4242142055 64.4242142055 29.3640563252 29.0178338099 31.670670641 30.733389975 31.2966989363 29.8903004713 28.6385406432 29.3355715049 28.799456597 30.9220825685 30.6943364051 48.5565227348 30.4542831771 28.551842463
0 0 31.6026418533 29.7533844634 30.9368761725 29.810770247 29.5886380998 31.1397643847 31.9231314682 31.5611036984 30.6821234003 31.0704006346 28.8812823448 29.1066924234 28.5478883438 29.8100778376 31.7322833985 30.6471758815 29.2482711477 31.0441719868 30.3841462451 31.4629317991 29.8915706278 64.8125179125 64.8125179125 31.3593973284 30.3195083221 30.8502887414 28.6454674472 31.3458151072 30.8837959039 62.5755376061 62.5755376061 55.7354861266 31.8756183233 28.5392706835 31.974560172 31.1399940493 28.755906126 29.0046257384 64.4242142055 64.4242142055 29.544800553 29.3643463805 29.1852531067 30.2485716278 30.5569578539 31.4358072154 29.3798901525 29.0273936544 30.3077566559 28.9946591655 30.0608015757 31.0174679665 32.0255671308 31.6901859499
0 0 0 30.8553618813 31.9665740261 30.56167923 30.4352185116 29.1762283863 29.7811036071 29.5630871747 29.783342182 28.8839867517 29.973876989 30.154313217 28.9093839576 31.0295948445 30.1237504044 31.3239227195 29.471151804 30.9939164195 29.4592546152 31.0293901685 31.1487387952 28.9198197487 31.269039211 28.8228367009 40.6889194492 32.0092862428 29.1486321899 29.3735700266 31.3625473174 45.2717268722 78.9990533177 78.9990533177 30.101230492 31.9514710022 31.6379395471 30.3395319617 28.6943134709 29.6852718754 57.3135790179 57.3135790179 29.5825215929 30.7092048549 30.7073402699 28.5690450685 32.0299565589 30.2034007459 29.5823421815 28.7974853294 31.9393219946 30.6146383448 28.8061628864 30.1249918175 30.273863216 28.6636480568
0 0 0 0 29.6067143726 28.5463590749 29.4305290812 28.797954754 30.9787898258 29.2685627464 29.5483876886 28.8741731505 31.475279567 30.9172972407 30.2434905354 28.5536665778 30.2364023721 32.0267211854 31.354993737 30.007169726 29.5630414204 28.5362994009 29.0590856186 29.459308625 30.1139355141 29.8974628466 42.0650835096 32.0250836512 29.328451733 30.2771016962 30.1483966538 78.9990533177 78.9990533177 78.9990533177 67.0905911538 29.1668446094 29.1548116165 64.9187700947 53.9025810253 55.3917081981 41.1461313281 57.3135790179 28.6020802255 29.5463015152 29.1451580553 31.968752806 30.8737553793 31.6065149564 30.2686848076 28.7656537855 28.7625728943 29.0554635837 31.1338539169 31.3791123057 31.3921625861 29.6965600002
0 0 0 0 30.9450076686 29.2854524416 30.0563355966 30.0808361259 31.5006900365 29.3534012924 28.8267987176 28.7752790585 28.7758932263 28.8495612706 29.3949694814 29.0837966278 31.0422493228 28.7697181071 30.1277842894 30.9320052651 29.4856579363 29.6145271356 29.1571174888 30.6609615118 30.2672150747 30.8813112694 42.0650835096 42.0650835096 31.4367339945 30.4458596737 29.3913729476 56.6751045758 42.7161512913 56.6751045758 63.8595608883 59.2734089123 67.298149455 64.9187700947 53.9025810253 74.5147305114 74.5147305114 74.5147305114 74.5147305114 31.7953306168 30.7709179368 30.6343823028 29.1765868449 29.030833841 31.1089100684 28.8508205938 31.7430750565 30.7912707743 30.3933469667 28.8438547324 30.7274766093 29.8120512247
0 0 0 0 0 30.23249616 30.0621028823 30.909370109 28.9194368997 29.4750263139 30.6137684246 31.861248302 29.8364801422 29.3211774665 31.4455849585 28.6103080306 29.9757855638 31.0394392679 28.6836079676 28.7987073936 28.9252129202 31.650375134 31.2544055054 29.4877642246 29.2265409136 29.1147941769 42.0650835096 42.0650835096 54.4656693973 48.2170791321 48.2170791321 42.7161512913 72.6797320106 72.6797320106 72.6797320106 67.298149455 67.298149455 67.298149455 64.9187700947 72.3861457537 74.5147305114 74.5147305114 72.3861457537 29.0128539997 30.0231653445 29.6106926347 28.9953335068 29.5302239789 32.0131119633 29.0169553207 31.8420940725 30.9925759381 30.1771463474 28.9135975089 30.6931068814 29.46770895
0 0 0 0 0 31.2180845199 31.5016040824 30.3571706712 30.2676707685 30.9729859665 29.131181536 30.392160012 29.67994725 30.5946517896 30.6788506176 30.1282545818 29.9064012847 29.0894761122 29.3516510855 30.7330803123 30.1147369942 28.7746733833 30.2856384893 29.3467906822 29.9601307372 30.2896360752 30.3259566716 31.0612573092 54.4656693973 48.2170791321 48.2170791321 31.4786660633 42.7161512913 72.6797320106 49.9228947081 59.2734089123 67.298149455 31.5812352584 30.2427211328 61.179063958 61.179063958 61.179063958 61.179063958 30.2996801379 28.6631337608 30.4436506849 30.2072346733 31.2430035279 30.6043440645 29.1572646635 30.9131785259 30.5570432918 29.469751284 29.5171924876 29.6539326205 28.9838553347
0 0 0 0 0 29.0493824215 30.9038746173 29.7018296469 30.3048533311 31.9546037163 29.1138908316 29.0829174698 31.7743985094 32.0221490383 31.3824183847 30.6978955248 31.2319515111 29.7349071756 29.4388987119 31.8720672934 30.1235018944 29.1524777409 30.7359040436 29.2247925042 29.7299039512 28.5850266189 29.3600813954 31.0915819652 31.4758707004 48.2170791321 31.9286358279 62.8978353496 64.7513068122 49.9228947081 64.7513068122 47.2611711565 30.1536687845 31.5465835504 30.1722924253 28.7879314278 66.4479532019 66.4479532019 31.7180177905 30.554185325 30.2049365255 29.3323874701 28.9940868282 30.1701108113 30.0996639941 30.3186256293 31.0334266511 29.4114050486 31.7913317438 30.1731316479 30.0610820988 28.5697442861
0 0 0 0 0 0 29.6099953525 28.9967655685 31.2449344089 31.8100697977 29.3615486164 31.7837254334 30.1187264494 29.5708595363 28.8381684173 31.3338794576 29.7693093677 29.455240193 30.9013895569 28.6424959064 30.6523985144 31.4728333916 29.4054489967 32.0030900765 29.5332047029 31.0445632933 29.5946748319 29.6877210968 28.5432594295 31.4954382526 30.3692927107 31.5784239421 79.6507346841 64.7513068122 64.7513068122 31.1626681654 30.8609812307 28.5975890695 29.4628964068 54.6561417724 54.6561417724 54.6561417724 31.0861860819 29.6642810088 28.8737896112 30.5812465698 28.9264899782 29.8835642878 29.1937955282 29.5155265764 31.2581840451 29.1542139523 29.80945619 31.6993393434 29.1617631184 31.4986423572
0 50.6543402332 61.609138521 63.162841419 90.4520669693 90.1341036086 90.1341036086 31.2078434135 30.4965207067 29.4834876516 31.349715968 30.3872184976 31.889415529 30.2543501315 31.2398325996 29.3575944891 31.3335512779 29.4384368884 28.9203971254 29.7954285103 29.0232986249 31.3084152877 28.6497219277 30.3605850689 31.1304106503 29.0375528554 29.9522750078 30.3218590301 31.854935006 31.132939978 30.3484914677 30.6188683584 30.2583485486 63.6696715694 79.6507346841 63.6696715694 31.2194767575 28.5100517785 32.0004366371 31.250253814 54.6561417724 91.4988469987 31.1782420621 30.8934588691 31.7132393506 30.8387078093 30.3511127008 30.4528664812 31.8942593741 30.53389234 31.4334207393 31.8976288586 30.2734867569 31.9445115485 31.6615772295 30.6601989091
0 61.609138521 63.162841419 63.162841419 90.1341036086 39.6021893422 39.6021893422 39.6021893422 28.7666523454 30.4581695659 31.4240365023 31.2818908547 31.7379825953 30.5889957127 30.4699744326 30.9283336747 29.3381409294 30.5508250972 31.1536604399 29.1899205702 31.4232327302 30.3037142211 30.3487106335 32.0088167117 28.89711108 31.9242371951 31.8668978941 30.019619996 29.716464413 30.198861628 31.8488065225 30.4817707231 30.083445941 63.6696715694 61.8945562518 61.8945562518 30.6496809842 31.1664288641 31.2990699611 28.5386604232 91.4988469987 91.4988469987 29.7019169903 30.3045828232 30.6190718128 31.1354465786 28.6927470064 30.197304168 29.7055736933 31.9016686518 28.7560159376 31.7981097141 29.7827485417 31.6563312339 31.01385299 61.6324153967
0 60.2311324439 61.609138521 63.162841419 90.4520669693 90.1341036086 74.275901 62.0857569605 47.4547536572 53.767649676 28.7182911519 29.5701779306 65.7024044054 32.0166410476 30.5440582323 28.9005488714 52.2856968652 29.6721626383 31.8050124496 31.59920343 29.0401961188 29.4592909867 46.2948578481 29.7149376211 54.3544732814 29.3473269925 59.7424703085 30.7456423166 47.8437756523 71.4626889927 55.2646340668 55.2646340668 60.6944467819 61.8945562518 61.8945562518 61.8945562518 55.6308796323 29.5361158182 32.0225310173 52.8821289414 47.3830779213 29.0905933845 30.597740184 30.9350337384 31.0686666401 31.5631623489 29.2548268004 30.7597940378 30.7528241538 29.1954917163 29.1475093427 30.3979806977 28.6545401549 31.7674892038 29.8121582583 55.0888587981
0 52.8385608147 65.1810869718 59.2613507618 59.5591202985 59.5591202985 63.9405393886 50.6557758704 53.767649676 53.767649676 65.0356675455 65.7024044054 53.4733598547 53.4733598547 53.0624140737 52.2856968652 52.2856968652 29.0334564677 51.3343419018 29.0622235021 28.8800414893 46.2948578481 46.2948578481 54.3544732814 54.3544732814 59.7424703085 59.7424703085 29.6809773853 47.8437756523 71.4626889927 71.4626889927 60.6944467819 60.6944467819 60.6944467819 54.8891555762 54.8891555762 55.6308796323 53.1468610136 52.8821289414 52.8821289414 54.2148009833 30.7289307304 30.6607622917 31.6711957091 29.3378473789 31.6611245129 29.9818143898 29.3750896914 31.5142256057 30.5487657608 30.1815372572 30.6845594764 31.1519789218 30.9261231762 28.9708344638 45.733566607
52.8385608147 65.1810869718 65.1810869718 59.5591202985 59.5591202985 59.5591202985 50.6557758704 50.6557758704 53.767649676 53.767649676 30.5718372999 65.7024044054 53.4733598547 53.4733598547 30.8860047699 52.2856968652 52.2856968652 75.9306964737 31.4624079155 30.8621489599 29.4296750231 52.1365696309 46.2948578481 50.5079152355 54.3544732814 31.3346354563 59.7424703085 30.2606905382 47.8437756523 71.4626889927 55.2646340668 28.7762145176 60.6944467819 54.8891555762 54.8891555762 54.8891555762 29.593625 30.6735791783 28.9690904818 52.8821289414 31.3075299542 30.6187475453 31.2840176602 29.6738939736 30.9614016175 31.0574919884 29.2370416674 30.5286232787 31.0427142802 30.5310629984 28.7164588145 30.3203958669 31.2224865389 29.3773907931 31.9496064209 31.8757173662
0 52.8385608147 65.1810869718 59.2613507618 45.4046736698 59.5591202985 63.9405393886 50.6557758704 53.2796085088 53.767649676 29.3978990025 29.8903501689 65.7024044054 53.4733598547 30.2046971639 31.886326427 52.2856968652 50.4269220267 31.7758486592 51.7834952898 30.5165522577 30.174547126 29.301241312 31.6078589441 31.230989376 31.3933473746 29.05527652 31.5979429285 31.377625187 31.8870804122 30.3115268126 29.3298253838 28.5498781203 30.2412688657 51.3831183731 55.7373308976 31.6815180322 30.7223845556 31.9496858553 30.2891271924 29.5639896135 71.9921304088 48.0136454226 29.4164684262 30.4048373415 29.5792709737 30.3749557669 31.7021896409 32.0087765847 29.6190953266 30.8577951695 31.5620535325 30.0139424002 32.017641667 30.453464993 66.1972237405
0 0 0 0 0 0 0 0 0 29.7597994995 32.0348262863 30.453918028 29.0238373961 30.2488528556 29.7881027668 31.274436836 30.8705435998 31.8215680537 31.1427902784 29.0628344468 30.9081588419 30.8752857899 32.0109388618 28.5475507013 28.9389086737 30.0220253678 31.742773951 29.2125694117 55.5379908758 55.5379908758 55.5379908758 31.3410715547 29.561260248 30.9740063911 31.8929854757 30.1174531292 52.9569308751 29.6242815533 30.9145615167 29.6003708036 30.3948107275 30.3850085333 71.9921304088 31.1058826497 29.8186844154 30.2026574233 31.6211642093 30.8193552967 31.7554975007 30.5802112998 30.3080393582 28.823081411 30.147712648 31.7239685653 30.2196631768 29.1509701946
0 0 0 0 0 0 0 0 0 30.5476516618 30.8913028313 31.4910212085 32.0051370307 31.2260526929 30.2440040679 28.9906961708 30.5080206382 31.1885996659 28.6951430908 31.6781953244 29.3570362343 29.8094769227 30.7660279627 31.1247694905 31.1285171145 29.7431707114 29.7208411052 30.8750748958 55.9640218589 30.2385826294 29.768374803 29.1971333229 30.1751201123 28.6377027798 52.9569308751 52.9569308751 29.678440356 30.6289406273 31.0794484379 30.27580761 67.3110304028 59.13660207 31.4556697013 29.8848265821 31.9345037174 29.5053510477 31.9636394738 29.8028613986 29.4318918845 29.6477763105 31.5815342656 31.5868113596 30.5819181608 30.5350801251 31.8856383755 57.2515766577
0 0 0 0 0 0 0 0 0 31.9968638099 29.271842467 31.2541422794 29.0060909656 30.0899609059 31.6706717354 28.6730155664 28.860473797 30.5099450177 31.0617513405 30.2802057317 29.7973753965 29.2409508177 29.2021046626 31.2405552138 29.6873022999 30.2276214201 29.70302479 31.1627124897 74.2632315566 74.2632315566 74.2632315566 29.9421895202 30.8728752411 31.7695226539 68.4315088302 68.4315088302 68.4315088302 31.0100667625 31.0871748555 31.1317529505 59.13660207 59.13660207 59.13660207 31.2123896967 31.3760675296 28.9307894537 31.4302444868 31.3324673553 29.3548677381 30.8093178531 30.1832442931 31.1048073472 30.3560311678 30.5894454987 31.1342383178 57.2515766577
0 0 0 0 0 0 0 0 0 30.226731037 29.6531665799 31.3705194533 29.8804318104 29.9973583608 31.581966311 29.5052416596 30.0673619942 29.4452348734 30.7472991018 31.7917368676 28.968170657 29.9186772272 29.5543322451 30.8144147342 31.6915599536 31.1678167469 29.4256776476 31.131935711 29.3590847779 74.2632315566 74.2632315566 31.5609043152 28.6016074253 31.4876458333 30.5134102933 29.5265797465 28.7569869905 29.4973997217 29.7389345695 30.8271113738 31.0183491181 55.947541416 55.947541416 31.6305202099 31.9103149901 28.7097578503 29.3433117318 30.1477303955 29.9617114028 30.5936587793 29.746377025 30.3856712188 30.8106733045 28.7910018407 29.0928767464 32.002028422
0 69.2314019752 80.1236992038 0 58.3068292644 72.2944043687 68.3628347603 0 0 0 28.5729812049 29.3997060439 28.7649632379 31.4348613999 32.0091045996 31.6511127097 29.550894507 30.6491190716 29.3899436591 28.5571743783 29.0166104536 30.5660057034 30.2747413976 31.7124300105 30.333739221 28.7955945954 29.0076954233 29.8008160817 31.0468837679 28.7558464371 29.0862101406 30.8856621055 31.6832843696 30.2518277698 28.986925942 30.8362065754 42.9453215674 42.9453215674 31.3289938631 29.7630953104 55.947541416 55.947541416 55.947541416 28.8838905738 30.8622716096 28.7961365493 31.0225370836 31.5402466421 28.9527843521 29.2075000642 31.1561184323 31.2183795083 28.6497130017 31.0497364868 29.4811989842 31.724987148
