Spatial_Output/BAU/BAU_0618.asc
NCOLS 155
NROWS 192
XLLCORNER 196769.923733
YLLCORNER 449719.875193
CELLSIZE 27.603701
NODATA_VALUE NaN
[rows 0 to 22 of 192, columns 53 to 105 of 155]
25.4776871015 24.9800497587 25.3457921793 27.0363702411 25.1894327188 25.9470548933 28.6670419204 46.0147884406 48.1355511363 49.5268021196 28.9691302999 0 0 0 0 0 0 0 0 0 0 0 0 0 0 0 0 0 0 0 0 0 0 0 0 0 0 0 0 0 0 0 0 0 0 0 0 0 0 0 0 0 0
25.7824606961 27.699249382 25.5796293618 27.8944150844 25.6032643478 25.1646266971 26.3805912945 39.3522888155 46.5986156941 42.4024797832 29.2077270082 27.482128848 0 0 0 0 0 0 0 0 0 0 0 0 0 0 0 0 0 0 0 0 0 0 0 0 0 0 0 0 0 0 0 0 0 0 0 0 0 0 0 0 0
28.8524956919 25.5765697141 28.0219146087 25.0054599343 27.3902170948 25.1117217084 26.7461186632 37.7660968484 48.0090292818 43.843087527 25.7083104854 28.2128118764 0 0 0 0 0 0 0 0 0 0 0 0 0 0 0 0 0 0 0 0 0 0 0 0 0 0 0 0 0 0 0 0 0 0 0 0 0 0 0 0 0
28.997037267 27.2490262204 27.1402489178 24.7290719558 26.992148307 27.3430360321 27.273339841 27.5552102075 25.3754066647 27.3820719279 25.3211274352 25.1236028082 28.2826270795 0 0 0 0 0 0 0 0 0 0 0 0 0 0 0 0 0 0 0 0 0 0 0 0 0 0 0 0 0 0 0 0 0 0 0 0 0 0 0 0
26.6361914137 28.3360994731 26.7828382777 27.4228247549 27.3450758939 27.4275633313 26.7472202419 26.2090999539 28.5492405482 27.0955153108 28.7904496484 28.0702606129 26.7307568816 25.2521019045 27.6573289906 0 0 0 0 0 0 0 0 0 0 0 0 0 0 0 0 0 0 0 0 0 0 0 0 0 0 0 0 0 0 0 0 0 0 0 0 0 0
26.2502466692 28.3731047888 25.6312903077 26.0951935926 25.6980780655 29.3889403657 25.3789857748 28.0674489089 25.2629795539 25.348019606 24.9336823786 25.7681477069 27.8145098423 25.3227079678 24.5422901342 29.0527973206 0 0 0 0 0 0 0 0 0 0 0 0 0 0 0 0 0 0 0 0 0 0 0 0 0 0 0 0 0 0 0 0 0 0 0 0 0
27.9234636091 27.5194013406 26.2551151293 26.6706556471 26.5562010314 28.1893318848 25.8454397099 28.2160815445 29.3291669588 27.1980338859 26.2092786002 25.0695571873 26.7893606438 25.702672133 25.3699998019 27.6129317803 29.2906436082 29.0177885961 0 0 0 0 0 0 0 0 0 0 0 0 0 0 0 0 0 0 0 0 0 0 0 0 0 0 0 0 0 0 0 0 0 0 0
26.1449242424 26.8251852902 25.5912144177 55.6618332823 55.6618332823 25.6753988977 52.3212547338 40.227303004 25.7466834227 25.5823887114 27.0866901428 27.4918565442 26.9326988092 27.6276444934 27.4396200082 27.5354190821 25.6859214584 26.0986285105 26.0434644587 0 0 0 0 0 0 0 0 0 0 0 0 0 0 0 0 0 0 0 0 0 0 0 0 0 0 0 0 0 0 0 0 0 0
26.7977891475 25.6571800492 55.6618332823 55.6618332823 55.6618332823 27.3426128669 52.3212547338 52.283648963 52.5574193885 56.9971544551 56.9971544551 26.9581065564 27.7931971686 25.9336736652 24.6786551225 26.47135849 27.4459742803 28.7839997047 29.243739071 27.0586359141 28.2959327626 0 0 0 0 0 0 0 0 0 0 0 0 0 0 0 0 0 0 0 0 0 0 0 0 0 0 0 0 0 0 0 0
24.6398193041 29.3076252999 24.9446249993 27.9288960435 70.1929760922 70.1929760922 52.283648963 52.283648963 52.283648963 56.9971544551 56.9971544551 53.3392313848 24.8790688532 28.171198907 28.1616256223 26.7625711096 25.9664071163 26.251492122 26.4110408121 28.4377819564 28.6854997645 25.5795535515 29.0521285544 24.7824234182 0 0 0 0 0 0 0 0 0 0 0 0 0 0 0 0 0 0 0 0 0 0 0 0 0 0 0 0 0
26.2581785298 24.7111681944 29.4238684929 19.4753872368 70.1929760922 70.1929760922 52.9434005141 52.9434005141 27.461845892 56.954112998 56.9971544551 53.3392313848 57.5195685978 26.569994041 25.9945522788 25.5599527273 25.5475029419 26.4346403253 28.9156583396 27.565221945 24.9172945453 28.2177957821 26.1836559363 28.3653236483 27.4400606934 25.8091674544 27.133035984 26.1972091219 27.8035320899 0 0 0 0 0 0 0 0 0 0 0 0 0 0 0 0 0 0 0 25.4218631746 24.6968789846 25.607366882 24.9800337174 24.6605222608
27.0666557226 28.1507675109 24.8382811958 26.1181902367 70.1929760922 52.9434005141 52.9434005141 27.7128069555 26.6234153166 26.0950305732 49.1623229166 49.1623229166 25.5913603747 27.9048800224 27.9541387996 27.7690180406 28.9668647379 25.930089186 26.7274577952 28.4344276777 28.9265865264 26.3067349543 29.3254831729 26.4883235145 27.818512633 27.7310535466 27.6457128486 29.150133949 26.7648278952 29.211498636 27.6900962756 0 0 0 0 0 0 27.0831929908 26.0311344796 26.77600604 27.6315496933 24.512715996 0 0 0 0 0 0 26.8973083104 26.2377091269 26.5585853614 26.1067953925 28.2554686233
24.7548408253 25.5121625221 27.4902913159 26.9691573342 26.1464998288 26.1446790725 25.2148604236 53.4192722536 53.4192722536 49.1623229166 49.1623229166 49.1387169765 49.1387169765 50.8803031127 25.7856097687 25.589866129 27.113652815 29.1223288126 29.066736001 26.9616959225 27.3230814097 29.0586891838 26.7298992951 24.5621275413 29.3386986144 29.4248546932 27.29830042 28.6532902816 28.0852223807 27.6182706097 25.5886875448 0 0 0 0 0 0 26.7423005973 27.612989443 25.7829158504 25.4447584623 26.0058053844 25.1048760863 27.3594151057 25.8833142782 0 0 26.6476130269 25.6941306202 24.589439996 25.782471759 25.7801263902 27.496068162
26.5323116563 28.6781346619 27.2995200823 25.870621902 24.8376001218 41.6392732696 41.6392732696 53.4192722536 53.4192722536 62.89412566 62.89412566 49.1387169765 49.1387169765 52.0893819226 25.8327812316 28.675283794 28.7743331448 28.9143696436 27.2875349708 24.5178284803 26.7183032886 27.4391469651 28.2307882758 26.5237198655 26.6567597975 28.1153122065 28.7518461416 26.4474014497 28.9821044313 25.4010700387 25.8917885259 24.9973410626 27.2135086001 25.4519243954 25.1421725284 28.9559074458 28.0926074285 27.1120643615 24.6489471921 28.6676310996 28.3257209742 25.3533894175 25.1184525987 28.7692799063 26.6113663509 27.6354973116 29.2445206502 25.9718724097 25.3024163905 26.2163957681 27.6038623914 28.3389488985 27.1590744127
25.032770332 28.3499265677 28.2459435743 27.6037821932 24.7537963748 41.6392732696 41.6392732696 53.4192722536 24.9963232789 62.89412566 62.89412566 52.0893819226 49.1387169765 61.0629721443 26.1739581298 29.1654110472 25.0606318866 27.7327221504 25.3885622807 26.9618506639 28.4729505588 25.5997587458 27.4991956584 24.7671092885 28.7150244526 29.0213853872 24.6552721921 28.8738344887 27.494384799 27.2205034453 29.2415793174 29.1379043481 25.8525263976 27.857039296 29.3062869346 26.5777564968 29.2039419049 24.5406440177 27.3609925417 24.8808196889 24.9853074344 25.0948361823 27.0305320139 27.3737594283 25.1181725401 29.393381132 27.6032034804 29.1852588496 26.1289551475 28.6855458948 25.6627241714 28.012497193 26.7748055392
28.603427325 27.3070058811 25.698807413 26.3736496906 28.0817140687 41.6392732696 26.5055995015 25.385029903 25.7695339489 62.89412566 57.3826553997 57.3826553997 61.0629721443 61.0629721443 61.0629721443 27.4070508146 26.2991505462 28.9936030806 26.0640933906 29.0440256953 27.5239142421 27.686593946 28.6684266919 25.2890394778 26.9997900565 25.4191854637 26.2305934385 28.2340362213 28.8136784774 27.3938039616 28.9896799223 27.0742522457 26.2406227239 24.7200268688 28.0064953439 28.8018267554 24.537459482 27.3076724388 27.1743083418 29.3916331859 28.5114796086 28.6504217147 29.2364270751 29.3401256022 26.2663808986 28.8944759286 25.9329224867 25.9974596672 25.0457728471 28.3092798146 26.1205025567 26.9015512891 25.4877326355
27.9803175447 25.0477615986 28.5614811929 25.4975596028 56.7542641106 27.9758933067 56.7542641106 24.8197669728 27.8202095969 57.3826553997 57.3826553997 57.3826553997 61.0629721443 61.0629721443 29.399183932 27.6856936991 28.8971624242 26.1755288966 28.7358205427 27.6933256858 26.4369510375 26.1681859615 24.6285031323 29.2419176917 24.7784480911 25.6016363601 27.5960217973 25.8432633822 26.04807599 26.1577087841 28.0744995371 26.3949798282 28.9675808789 26.6438587867 26.7485619016 28.3406186709 29.0814582059 29.133538835 26.0266988462 28.9332919611 24.9219003261 27.6926070739 27.3343234673 26.074880258 25.3242479648 25.5245252699 26.0818669262 28.7016665086 28.4354738651 28.8959335658 28.1793821993 29.0883293181 24.5325965999
28.1417477757 28.3373378274 27.9991034705 24.7473090257 25.6634489594 48.2795237493 48.2795237493 48.2795237493 28.4533811038 26.8592507326 49.1355488616 49.1355488616 57.1593467101 57.1593467101 27.9109444229 27.0293064046 26.645485335 28.018382213 25.9626572449 27.0767774642 29.0591142593 27.2526801196 29.0371663143 26.8286349493 28.4266043789 26.6561802064 27.0492502659 25.6072072376 26.1193385904 27.435725707 26.7323489055 24.6803295354 26.0154972076 28.892810162 27.8249100894 27.5894611725 27.1329713612 28.173543681 26.4990807919 25.8545063289 24.7778535844 26.1187641621 27.1197381071 29.0189355698 28.6482848663 29.4168527056 24.587706639 25.8771163658 25.6743088899 25.3279209973 27.3970808239 25.9689439195 26.8641329733
25.0600740077 27.8412165362 26.7066924618 26.9985349013 28.4089393763 48.2795237493 47.7411616619 47.7411616619 47.7411616619 27.4113934591 27.2991618267 49.1355488616 25.5011237394 28.5108015211 24.9724021809 25.0080111877 28.9981821041 28.9229539785 26.4598441078 27.9218524873 28.4585799228 26.9863740492 25.0090311321 26.5775976114 25.844322086 28.1568847219 28.9785588709 29.4144193678 27.9407182388 28.2612753604 25.33551018 26.5390601131 27.7512500623 29.1625314504 28.8104712336 25.5764331506 27.1888382094 29.2612715855 26.6853234646 26.3220982145 25.2387686109 26.6371040154 24.7225430499 25.652479458 25.6630025676 26.5579583712 25.8902069339 29.1796625483 28.3527799749 25.9979881965 25.7213740083 24.9844317607 27.1770755477
28.4532436178 28.666905869 26.9452512524 25.3614166269 29.1308587427 27.2120369533 47.7411616619 47.7411616619 78.9327116079 26.6256918998 25.9230608936 27.0738552953 27.1327467827 26.9800531913 29.0889729014 28.3142902378 25.5394865341 25.5013359793 26.3490944041 27.7024472866 27.1837764649 24.502741944 25.0926148199 25.6729768888 29.0628460026 25.1516335985 27.7107331794 28.105896735 27.3088456398 26.7025693843 27.6350841799 29.3495586241 24.7462475408 27.1119937834 26.8793949864 28.593632498 24.9664761178 26.3551823555 26.0444437952 27.1637248705 26.0810383078 24.8951794996 26.4035972299 26.7390414407 26.7554017712 24.9634973813 28.4181991925 28.223645303 27.5495216697 27.9568647901 24.911728691 28.2942105904 28.9770588542
25.5931066839 25.6650875161 27.5625740564 25.7582162278 27.3341685841 26.234144046 28.3294102026 44.5443614082 44.5443614082 44.5443614082 26.04763038 29.2159530004 28.5931457382 25.4862176839 26.4391529071 26.7278806949 24.86273577 28.6737586428 25.2692692532 29.3983318822 24.6808890951 27.8824279593 27.3086197046 27.5747968039 27.8173412867 26.411211089 25.7080932492 27.1388163702 27.0605597146 28.8459724009 26.8149412693 29.1799506616 28.932392568 27.8401898335 25.8532359539 28.7345082634 25.5095727673 26.4381372525 27.9503561898 25.8387637392 24.8913403001 27.254844535 28.8566010143 26.2633860117 28.7663460517 27.7124768408 28.6515554228 27.5512770828 28.2889804108 24.7208815161 26.7841733163 28.7800629197 28.3189216611
29.0985393138 28.253225683 28.4812687005 26.2017083438 27.0417334026 27.4352753866 27.2486066848 44.5443614082 63.7849118272 25.97766684 27.584919748 29.0188758948 28.5188477119 24.8505640755 25.3440795903 25.5190980869 25.1257504151 26.0977872638 25.1434756494 26.8909263414 26.3713516093 26.3617803415 26.2663006615 24.8725248316 25.9543199654 28.7646766222 28.8267906067 26.3143493351 26.0980473355 25.5190644251 26.9510815748 26.4493548412 28.5098697517 25.581140314 26.0664854669 27.878497772 27.6099925451 28.5738967368 24.7128333792 27.100633956 27.6755592739 26.4635509893 27.360045671 27.5136762882 29.0283615771 29.3056818771 26.8319096175 26.8615042699 28.889976221 24.9576886331 26.0498039695 28.9540943193 28.9505981932
25.7231393162 25.5505206673 24.7720506625 26.2984781327 25.6927728052 28.996238549 27.108279023 28.5519540524 63.7849118272 63.7849118272 63.7849118272 27.9208274089 25.255405014 26.477829195 24.6263326168 28.0887015496 26.7784418428 25.6811803744 25.209677176 24.9688456744 28.7848672117 26.9657353371 24.8827763578 26.7544404595 29.164527932 28.9118494702 29.4257088396 29.3593840459 27.1310197731 28.3466386881 27.3868328291 28.9810870142 25.6086460623 28.7435118183 26.4947117231 27.407692715 28.3771188084 27.5109719381 25.3635245832 26.6555089819 25.5840291258 25.0690112235 27.1617256045 25.6681753964 25.1137635893 25.8757645403 26.0858542819 27.392728969 25.6819614349 28.1180998543 27.9516546069 28.1215687148 28.2114984423
