Spatial_Output/BAU/BAU_1320.asc
NCOLS 155
NROWS 192
XLLCORNER 196307.867259
YLLCORNER 449144.565805
CELLSIZE 33.573938
NODATA_VALUE NaN
[rows 102 to 135 of 192, columns 76 to 151 of 155]
61.593241874 69.917795382 61.593241874 29 29 29 29 29 29 29 29 29 50.1562552525 38.0199182638 38.0199182638 29 29 29 29 29 62.2591608079 29 61.9027040147 55.8364343998 29 29 83.7936766506 52.3947188197 52.3947188197 56.5753817933 53.755153082 64.6654718655 64.6654718655 43.5092057888 59.5852554231 49.5630122437 47.9103899218 65.1441023455 77.2492538712 60.1714013555 77.2492538712 29 29 29 29 29 29 29 29 29 29 29 29 29 29 29 29 29 55.7155666925 55.7155666925 69.6956005139 52.5479290887 48.6521785496 48.6521785496 48.6521785496 0 0 0 0 0 0 0 0 0 0 0
69.917795382 69.917795382 69.917795382 29 29 29 29 29 29 29 29 46.6842690746 38.0199182638 38.0199182638 38.0199182638 43.536978089 47.8127452765 47.8127452765 47.8127452765 29 62.2591608079 62.2591608079 29 29 64.2119048216 83.7936766506 83.7936766506 52.3947188197 52.3947188197 56.5753817933 56.5753817933 57.8776005959 29 43.5092057888 29 29 29 29 53.4271901714 53.4271901714 29 29 29 29 29 29 29 29 29 29 29 29 29 29 29 29 29 46.3023597639 46.3023597639 55.7155666925 55.7155666925 63.7483269059 48.6521785496 48.6521785496 48.6521785496 0 0 0 0 0 0 0 0 0 0 0
41.5581790285 69.917795382 29 51.4295071261 40.0366599505 62.5796399814 29 29 58.186179261 58.186179261 29 46.6842690746 46.6842690746 61.1714425194 43.536978089 43.536978089 43.536978089 47.8127452765 29 29 62.2591608079 62.2591608079 86.9312958338 55.8364343998 64.2119048216 29 70.5519340383 83.7936766506 52.3947188197 29 29 29 29 29 29 29 29 29 29 29 29 29 29 29 29 29 29 29 29 29 29 29 29 29 29 29 29 46.3023597639 46.3023597639 46.3023597639 29 0 0 48.6521785496 48.6521785496 0 0 0 0 0 0 0 0 0 0 0
65.7592676195 29 57.3232962574 40.0366599505 40.0366599505 62.5796399814 62.5796399814 43.3690329738 58.186179261 58.186179261 58.186179261 46.6842690746 68.4242003091 61.1714425194 61.1714425194 43.536978089 29 47.8127452765 29 29 29 68.6448710061 29 29 29 29 29 29 29 29 29 29 29 29 29 29 29 29 61.9217632176 74.3752777028 61.9217632176 29 29 29 29 29 29 29 29 29 29 29 29 29 29 29 56.6011587241 29 29 29 0 0 0 0 0 0 0 0 0 0 0 0 0 0 0 0
85.0042795173 85.0042795173 57.3232962574 29 40.0366599505 62.5796399814 61.20150697 61.20150697 29 29 29 46.6842690746 29 29 56.7627255176 29 29 29 29 29 29 29 29 29 29 29 29 29 46.7345854461 46.7345854461 69.3142291955 29 29 29 29 29 29 29 74.3752777028 74.3752777028 74.3752777028 29 29 29 29 29 29 29 29 29 29 29 29 29 29 29 29 56.6011587241 29 29 0 0 0 0 0 0 0 0 0 0 0 0 0 0 0 0
85.0042795173 85.0042795173 85.0042795173 29 29 29 61.20150697 61.20150697 29 29 29 29 29 29 56.7627255176 29 29 29 29 29 29 29 29 29 29 29 29 46.7345854461 46.7345854461 46.7345854461 46.7345854461 29 29 29 29 29 29 29 57.5598235496 74.3752777028 52.8085355736 57.5598235496 75.4798958182 29 29 29 29 29 29 29 29 29 29 29 29 29 29 29 56.6011587241 29 0 0 0 0 0 0 0 0 0 0 0 0 0 0 0 0
29 85.0042795173 29 29 29 51.7595883277 51.7595883277 51.7595883277 29 29 29 29 29 56.7627255176 56.7627255176 56.7627255176 29 29 29 29 29 29 29 29 48.6025557267 29 29 65.8526235128 49.0646165957 81.8733426834 49.100680169 48.2862145679 51.7023832992 29 43.6324067721 53.6982507714 29 29 55.1187976317 83.1961882519 52.8085355736 75.4798958182 75.4798958182 50.8525031745 61.4315178697 29 64.6554506332 29 29 29 29 29 29 29 29 29 29 29 29 0 0 0 0 0 0 0 0 0 0 0 0 0 0 0 0 0
29 29 29 29 29 51.7595883277 77.4744964697 77.4744964697 45.825299938 29 29 29 29 29 43.9081392524 48.8165055096 29 29 29 44.0660566741 46.5071399098 50.2938352162 54.418733606 54.418733606 48.6025557267 54.9367503327 47.4219915104 47.4219915104 49.0646165957 81.8733426834 48.2862145679 48.2862145679 48.2862145679 56.0270900031 43.6324067721 43.6324067721 29 29 83.1961882519 52.8085355736 52.8085355736 75.4798958182 75.4798958182 50.8525031745 64.6554506332 64.6554506332 64.6554506332 49.6813179084 49.6813179084 42.1788073954 48.7595929151 59.9501397651 29 29 53.2943677188 53.2943677188 29 29 29 0 0 0 0 0 0 0 0 0 0 0 0 0 0 0 0 0
29 49.8803110617 49.8803110617 29 29 29 77.4744964697 77.4744964697 45.825299938 45.825299938 52.9480015487 29 52.2988981751 43.9081392524 43.9081392524 66.340055688 29 29 29 46.5071399098 46.5071399098 50.2938352162 54.418733606 54.418733606 48.6025557267 54.9367503327 47.4219915104 47.4219915104 49.0646165957 60.7426050638 81.8733426834 48.2862145679 51.7023832992 51.7023832992 43.6324067721 29 53.6982507714 44.6710362682 29 55.1187976317 52.8085355736 29 75.4798958182 50.8525031745 29 64.6554506332 64.6554506332 49.6813179084 48.7595929151 48.7595929151 48.7595929151 59.9501397651 29 29 53.2943677188 53.2943677188 53.2943677188 29 29 0 0 0 0 0 0 0 0 0 0 0 0 0 0 0 0 0
42.9539899032 49.8803110617 49.8803110617 78.2025738917 29 29 47.1088790302 47.1088790302 47.1088790302 45.825299938 52.9480015487 29 52.2988981751 43.9081392524 43.9081392524 64.7612356973 53.1024577735 29 29 29 46.5071399098 29 66.934599173 54.418733606 48.6025557267 54.9367503327 47.4219915104 29 60.7426050638 60.7426050638 60.7426050638 29 29 29 29 29 29 29 29 60.1473061836 60.1473061836 29 29 29 29 29 55.5107526686 49.6813179084 42.1788073954 48.7595929151 48.7595929151 29 29 53.1067206573 53.1067206573 53.1067206573 29 29 29 52.1488716001 40.7781986634 0 0 0 0 0 0 0 0 0 0 0 0 0 0 0
29 49.8803110617 78.2025738917 29 29 29 47.1088790302 64.8584964743 45.825299938 29 29 29 29 64.7612356973 60.8785369121 64.7612356973 29 29 29 29 29 29 29 29 29 29 29 29 63.1941014844 63.1941014844 54.05800115 29 29 29 29 29 29 29 29 29 60.1473061836 29 29 29 29 29 29 29 29 29 29 29 29 61.921702139 53.1067206573 53.1067206573 29 29 52.1488716001 52.1488716001 52.1488716001 40.7781986634 0 40.7781986634 0 0 0 0 0 0 0 0 0 0 0 0
29 48.8772936129 29 29 29 29 59.8912840717 59.8912840717 59.8912840717 29 29 29 29 60.8785369121 60.8785369121 60.8785369121 60.8785369121 29 29 29 29 29 29 29 29 29 29 29 55.8765319074 54.3333957712 29 29 29 29 29 29 29 29 29 41.5191666517 29 41.5191666517 29 29 29 29 29 29 29 29 29 60.6392572674 46.838223587 46.838223587 46.838223587 29 29 29 52.1488716001 52.1488716001 40.7781986634 40.7781986634 0 40.7781986634 40.7781986634 0 0 0 0 0 0 0 0 0 0 0
29 29 29 29 29 59.9128936934 29 59.8912840717 68.5221268528 29 29 29 29 29 47.7497424762 47.7497424762 47.7497424762 29 29 29 29 29 29 29 29 29 29 29 54.3333957712 54.3333957712 54.3333957712 29 29 29 29 29 29 29 29 29 29 42.0786695094 29 29 29 48.1659821344 29 29 66.7149948978 29 60.6392572674 29 51.3766952007 51.3766952007 51.3766952007 46.838223587 29 29 0 0 0 0 0 40.7781986634 40.7781986634 0 0 0 0 0 0 0 0 0 0 0
56.008180439 29 29 42.6402190858 29 29 29 68.5221268528 68.5221268528 68.5221268528 29 29 56.4317507169 29 47.7497424762 47.7497424762 29 29 29 29 29 29 29 29 29 29 29 29 49.1543722631 41.6764151262 49.1543722631 29 29 29 63.7464196934 29 55.4306792427 80.1977899418 57.1773907127 29 60.3212687818 60.3212687818 48.1936386981 42.6046812892 42.6046812892 29 29 66.7149948978 66.7149948978 74.5126847612 29 53.4250282853 40.4852495006 51.3766952007 51.3766952007 29 29 57.736153207 37.2637924353 57.3874499766 57.3874499766 0 0 0 0 0 0 0 0 0 0 0 0 0 0 0
29 29 56.008180439 29 42.6402190858 59.9128936934 59.9128936934 68.5221268528 68.5221268528 68.5221268528 68.5221268528 29 29 67.6590656321 29 54.5541521827 69.1314862181 69.1314862181 29 70.1415265961 29 51.0956746447 29 51.0956746447 35.8911902545 29 58.5025083806 58.5025083806 41.6764151262 41.6764151262 41.6764151262 43.0212292815 55.41617056 53.8249896321 63.7464196934 63.7464196934 80.1977899418 80.1977899418 29 29 60.3212687818 48.1936386981 48.1936386981 42.6046812892 42.6046812892 29 46.6286031137 66.7149948978 66.7149948978 74.5126847612 29 29 55.6444377937 55.6444377937 29 29 29 57.736153207 37.2637924353 37.2637924353 57.3874499766 0 0 0 0 0 0 0 0 0 0 0 0 0 0 0
55.9485660505 42.6526624394 42.6526624394 29 29 29 44.9023690186 29 29 68.5221268528 29 56.4317507169 56.4317507169 29 54.5541521827 54.5541521827 69.1314862181 69.1314862181 70.1415265961 70.1415265961 54.4055110246 54.4055110246 54.4055110246 35.8911902545 35.8911902545 58.5025083806 58.5025083806 58.5025083806 69.5116190453 69.5116190453 69.5116190453 29 55.41617056 55.41617056 63.7464196934 63.7464196934 80.1977899418 80.1977899418 29 29 52.7119573471 52.7119573471 48.1936386981 42.6046812892 29 29 51.6083196801 68.0808611853 66.7149948978 74.5126847612 55.7820574742 29 29 55.6444377937 29 29 29 57.736153207 37.2637924353 57.3874499766 0 0 0 0 0 0 0 0 0 0 0 0 0 0 0 0
42.6526624394 42.6526624394 54.1918864074 29 29 29 29 29 29 29 29 29 29 67.6590656321 63.3905400371 63.3905400371 63.3905400371 69.1314862181 29 70.1415265961 54.4055110246 54.4055110246 29 29 35.8911902545 29 58.5025083806 58.5025083806 29 56.6721600551 56.6721600551 29 55.41617056 53.8249896321 29 53.8249896321 29 29 29 52.7119573471 52.7119573471 52.7119573471 29 29 29 64.9379466373 29 29 74.5044790858 74.5044790858 55.7820574742 72.8568115383 72.8568115383 29 29 29 66.9575347672 0 0 0 0 0 0 0 0 0 0 0 0 0 0 0 0 0 0 0
29 54.1918864074 54.1918864074 54.1918864074 29 29 29 29 29 29 29 29 29 29 29 63.3905400371 51.4676397668 29 29 29 29 29 29 29 29 29 29 29 56.337410947 51.9782937937 56.337410947 29 29 29 29 29 29 29 29 29 53.9601374336 53.9601374336 29 68.6493536981 29 29 64.9379466373 29 74.5044790858 74.5044790858 55.7820574742 72.8568115383 72.8568115383 72.8568115383 29 29 0 0 0 0 0 0 0 0 0 0 0 0 0 0 0 0 0 0 0 0
29 29 29 29 43.3528988757 29 29 29 29 29 29 29 29 29 29 29 29 29 29 29 29 29 29 29 29 29 29 29 80.5594277187 80.5594277187 80.5594277187 80.5594277187 29 29 29 29 29 44.6308927658 29 60.8611028336 53.9601374336 53.9601374336 68.6493536981 68.6493536981 68.6493536981 64.9379466373 29 29 29 29 29 29 72.8568115383 72.8568115383 29 29 0 0 0 0 0 0 0 0 0 0 0 0 0 0 0 0 0 0 0 0
29 29 29 29 60.7037850398 29 29 29 29 29 29 29 29 29 63.3472977238 40.6939903565 29 29 29 29 29 29 29 29 29 29 29 29 29 80.5594277187 80.5594277187 29 29 29 29 29 56.1579655024 29 44.6308927658 60.8611028336 60.8611028336 69.3101056183 29 68.6493536981 68.6493536981 29 29 29 29 29 29 29 72.8568115383 29 29 0 0 0 0 0 0 0 0 0 0 0 0 0 0 0 0 0 0 0 0 0
29 29 29 62.8789754799 62.8789754799 62.8789754799 29 29 29 29 29 29 29 29 29 40.6939903565 40.6939903565 29 29 29 29 29 29 29 29 29 29 29 29 54.2126890213 54.2126890213 29 51.6463980075 29 29 56.1579655024 56.1579655024 45.9858865594 44.6308927658 60.8611028336 68.0137185644 68.0137185644 29 29 29 29 29 29 29 29 68.9595682302 68.9595682302 29 29 29 0 0 0 0 0 0 0 0 0 0 0 0 0 0 0 0 0 0 0 0 0
29 29 29 62.8789754799 62.8789754799 56.4961097833 29 29 29 29 29 29 29 29 63.3472977238 40.6939903565 40.6939903565 29 29 29 29 29 29 29 29 29 29 69.9870084928 29 29 70.0865198609 70.0865198609 51.6463980075 51.6463980075 74.653898299 56.1579655024 56.1579655024 29 29 29 68.0137185644 68.0137185644 29 29 29 29 29 29 29 29 68.9595682302 68.9595682302 68.9595682302 29 29 0 0 0 0 0 0 0 0 0 0 0 0 0 0 0 0 0 0 0 0 0
29 29 29 29 29 56.4961097833 56.2380003569 29 29 29 29 29 29 29 29 29 29 29 29 29 29 29 29 29 29 29 29 69.9870084928 29 29 70.0865198609 70.0865198609 51.6463980075 29 29 29 29 29 29 29 29 75.6912545449 75.6912545449 29 29 29 29 29 29 65.7065860519 65.7065860519 65.7065860519 29 29 0 0 0 0 0 0 0 0 0 0 0 0 0 0 0 0 0 0 0 0 0 0
29 29 29 29 59.4699700549 59.4699700549 29 29 29 29 29 29 29 29 29 29 70.2203909105 70.2203909105 29 29 29 29 38.3524186937 51.0696132729 48.3546824098 29 56.2687459441 29 29 29 29 70.0865198609 29 29 29 29 29 29 29 29 75.6912545449 29 29 29 29 29 29 29 29 29 65.7065860519 65.7065860519 29 29 0 0 0 0 0 0 0 0 0 0 0 0 0 0 0 0 0 0 0 0 0 0
29 62.5423672692 29 59.4699700549 59.4699700549 61.0236283314 57.2050363764 29 29 29 29 49.2329834463 29 29 29 70.2203909105 70.2203909105 70.2203909105 29 29 29 29 51.0696132729 51.0696132729 51.0696132729 29 29 29 69.9870084928 29 29 29 29 29 29 29 29 29 29 29 29 52.2415719255 52.2415719255 29 29 29 29 29 29 47.2110954657 59.0236503678 29 29 29 0 0 0 0 0 0 0 0 0 0 0 0 0 0 0 0 0 0 0 0 0 0
61.8096587378 47.4773491727 47.4773491727 61.0236283314 61.0236283314 61.0236283314 76.3783425058 76.3783425058 29 83.4114149916 83.4114149916 49.2329834463 49.2329834463 65.7379477738 65.7379477738 29 70.2203909105 60.543530148 29 52.1891946649 29 29 38.3524186937 29 51.0696132729 29 29 29 29 29 29 29 29 29 29 29 29 29 29 29 51.7142008886 51.7142008886 29 29 29 29 29 29 59.0236503678 59.0236503678 59.0236503678 29 29 0 0 0 0 0 0 0 0 0 0 0 0 0 0 0 0 0 0 0 0 0 0 0
61.8096587378 47.4773491727 47.4773491727 52.5002081348 52.5002081348 61.0236283314 76.3783425058 76.3783425058 29 29 83.4114149916 49.2329834463 49.2329834463 65.7379477738 65.7379477738 29 60.543530148 60.543530148 52.1891946649 29 29 29 29 29 29 29 29 29 29 29 29 29 29 29 29 29 29 29 29 29 51.7142008886 51.7142008886 29 29 29 29 29 29 29 59.0236503678 59.0236503678 29 29 0 0 0 0 0 0 0 0 0 0 0 0 0 0 0 0 0 0 0 0 0 0 0
29 61.8096587378 47.4773491727 52.5002081348 52.5002081348 60.0026689699 60.0026689699 29 29 29 83.4114149916 49.2329834463 56.4108052059 65.7379477738 29 60.543530148 60.543530148 60.543530148 29 29 29 29 29 29 29 29 29 29 29 29 29 29 29 29 29 29 29 29 29 29 63.685354335 63.685354335 29 29 29 29 29 29 29 29 29 29 29 0 0 0 0 0 0 0 0 0 0 0 0 0 0 0 0 0 0 0 0 0 0 0
29 29 29 29 29 43.1137736679 56.4108906072 66.7059035938 29 29 29 29 29 29 29 29 29 29 29 29 29 29 29 29 29 29 29 29 29 29 29 29 29 29 29 29 29 29 29 29 29 56.3743564374 29 29 29 29 29 60.3611639547 29 29 29 29 0 0 0 0 0 0 0 0 0 0 0 0 0 0 0 0 0 0 0 0 0 0 0 0
29 29 29 29 29 29 66.7059035938 66.7059035938 46.5481924083 46.5481924083 64.3114172132 29 29 29 29 29 29 29 29 29 29 29 29 29 29 29 29 29 29 29 29 29 29 29 29 29 29 29 29 29 56.3743564374 44.6781739854 56.3743564374 29 29 29 29 29 29 29 29 29 0 0 0 0 0 0 0 0 0 0 0 0 0 0 0 0 0 0 0 0 0 0 0 0
29 29 29 29 29 43.1137736679 66.7059035938 66.7059035938 46.5481924083 46.5481924083 29 56.8586529086 29 29 29 29 29 29 29 29 29 29 29 29 29 29 29 29 29 29 29 29 29 29 29 29 29 29 29 29 44.6781739854 50.5415684821 44.6781739854 29 29 29 29 29 67.6973291406 67.6973291406 67.6973291406 29 0 0 0 0 0 0 0 0 0 0 0 0 0 0 0 0 0 0 0 0 0 0 0 0
29 29 29 29 29 29 29 29 29 29 29 29 29 29 29 29 29 29 29 29 29 29 29 29 29 29 29 29 29 29 29 29 29 29 29 29 29 29 29 29 50.5415684821 53.1256898686 52.2848425273 39.4670941231 45.5406064688 29 50.7619945746 29 67.6973291406 67.6973291406 29 29 0 0 0 0 0 0 0 0 0 0 0 0 0 0 0 0 0 0 0 0 0 0 0 0
29 29 29 29 29 29 29 29 29 29 29 29 29 29 29 29 29 29 29 29 29 29 29 29 29 29 29 29 29 29 29 29 29 29 29 29 29 29 29 29 50.5415684821 53.1256898686 53.1256898686 50.0455266032 45.5406064688 45.5406064688 50.7619945746 50.7619945746 56.8689756867 56.8689756867 66.7539330666 60.2006463871 60.2006463871 43.484659431 48.2995619474 0 0 0 0 0 0 0 0 0 0 0 0 0 0 0 0 0 0 0 0 0
29 29 29 29 29 29 29 29 29 29 29 29 29 61.4406528307 29 29 29 29 29 29 29 29 29 29 29 29 29 29 29 29 29 29 29 29 29 29 29 29 29 29 29 53.1256898686 53.1256898686 50.0455266032 45.5406064688 45.5406064688 50.7619945746 50.7619945746 56.8689756867 56.8689756867 60.2006463871 60.2006463871 60.2006463871 51.0264659064 29 51.4579509686 51.4093329249 0 0 0 0 0 0 0 0 0 0 0 0 0 0 0 0 0 0 0
