Spatial_Output/BAU/BAU_0176.asc
NCOLS 155
NROWS 192
XLLCORNER 196307.867259
YLLCORNER 449144.565805
CELLSIZE 33.573938
NODATA_VALUE NaN
[rows 100 to 124 of 192, columns 57 to 113 of 155]
44.5979231769 45.0526781095 44.7761812439 44.6825331164 44.8207861831 44.9706983515 45.0951217167 45.1403206319 45.1118775154 45.0108318569 44.6222623132 44.7434826348 44.9177921293 44.7832412789 45.0495244116 44.748635774 44.91345793 44.5598221013 45.0215858588 80.8093651408 80.8093651408 80.8093651408 44.8533230174 45.1353786888 45.0611935318 44.9579372986 45.0911954126 44.5800701566 45.0346335872 44.7361526998 44.6037216668 44.742893227 68.0890751348 44.5962575774 44.8738562363 44.9564657084 44.5247246165 44.7197808015 44.8412191567 45.0311006379 44.82427876 45.057500992 44.9410037622 45.0800471788 44.8608168468 44.6425111172 80.7072476331 80.7072476331 45.1637067411 45.0218726939 44.8966657797 44.7389720778 45.0807607547 44.5130962807 44.589225658 45.1795569231 44.8808505614
44.6819032306 45.0178941397 44.9770856072 45.1162706602 44.7599673088 44.8946575262 45.0941804647 44.7515982193 45.1463513513 45.0796577349 45.102631612 44.5671423041 45.1882645696 44.6548556033 44.5795840373 44.916684406 44.6930155584 44.9842952711 45.0626780203 44.78008791 63.0366406626 45.0262012247 44.9317839073 44.7266002761 44.6903167042 44.733855631 44.6271864083 44.8387932169 44.6489278105 44.5971925176 45.0201436497 44.5349337574 44.5069193493 45.0206794197 45.0605733101 44.9695481865 44.8566386495 44.9233252462 45.0685458812 44.5826296376 44.9963304718 45.1731962314 44.7638804379 44.6631287278 45.1496293524 44.8742407483 44.5523179154 70.5655110364 80.4756658208 80.4756658208 79.6698887849 65.9755449596 65.9755449596 45.1142939398 44.846886056 44.6097694996 44.7855973058
44.5281717579 45.0165324894 44.9679348238 44.9897673173 44.7889583818 44.7100725967 45.1611629699 44.9546699191 44.5104610313 44.564752173 44.5077110803 44.6597692851 44.9242355461 44.7060072089 45.1354438535 44.5783881669 45.1406437315 44.834961217 45.0979742805 44.9090808181 44.7462709251 44.9020787895 44.7922111159 44.8272980352 44.9177894844 45.0352442104 45.1218278125 44.6073853289 44.5874815384 44.6987934178 44.9389961148 44.513754914 45.1609239953 45.1133331211 44.8037717641 45.0734622042 44.9961887571 45.1601964874 45.0751635734 44.7906824033 100.1042133064 66.4741472282 58.2203065674 45.1343747098 44.5437899572 57.9181939772 73.8931739851 73.8931739851 64.9341971051 80.4756658208 80.4756658208 65.9755449596 65.9755449596 45.2030272682 44.6441102062 44.8710333262 44.9863077712
45.0624785513 44.8680780966 44.6864575726 44.5935541984 45.2051033809 44.9835100302 44.540455074 44.7229634075 44.7762297248 45.0586881858 45.1218721799 45.018976041 44.8896245868 45.1564352834 45.1938141885 44.7325072126 77.4417534281 44.7196700742 44.7669031172 44.9219985729 45.028837914 44.6466933755 44.6825115166 44.5088038562 45.0731181585 45.1755952867 44.6270925354 45.1921124164 65.2128099402 45.196490284 68.2113571344 45.146769729 51.9181288803 78.8189711789 78.8189711789 44.6528199674 72.6320982101 45.20388905 78.4041865773 44.9084628254 68.3569891954 68.3569891954 58.2203065674 58.2203065674 44.7315458098 57.9181939772 73.8931739851 73.8931739851 70.9023073105 80.4756658208 79.6698887849 65.7924149635 44.6659698881 45.0180795617 44.805042219 44.8525869202 44.9042942731
44.5079896226 44.8487256569 44.9212504439 44.61146557 45.1592873284 45.1440020737 45.1409240828 44.7280054153 44.5795364143 44.5984447799 45.1906761057 45.0531269647 45.1333567763 44.7399560088 44.733835564 77.4417534281 44.9493425732 44.6080369733 74.8237530417 44.5804006899 45.0411576587 44.7121613739 44.8887709233 45.0364740277 83.5179518883 71.82640912 71.82640912 65.2128099402 65.2128099402 68.2113571344 68.2113571344 45.0281025485 51.9181288803 78.8189711789 78.8189711789 78.8189711789 72.6320982101 72.6320982101 44.6256004823 45.1139755285 68.3569891954 68.3569891954 58.2203065674 44.9298620447 45.179995885 57.9181939772 45.1535928823 73.8931739851 70.9023073105 44.7566063177 44.7136147011 45.0898348091 45.0236827695 45.0646516735 45.0503930414 44.5871875246 44.5205081201
44.6155371426 44.6380187862 45.0234257851 44.9819745312 44.6552262436 45.1121209632 44.9242756224 45.0528691955 45.2006028899 44.9444985117 44.8263734204 44.5256117481 44.9709741581 44.7441389444 45.0851582354 77.4417534281 77.4417534281 74.8237530417 74.8237530417 44.6329335413 44.5961848327 44.6603656799 44.5008623525 83.5179518883 83.5179518883 83.5179518883 71.82640912 65.2128099402 65.2128099402 68.2113571344 68.2113571344 44.7422375663 51.9181288803 78.8189711789 78.8189711789 45.1609922715 72.6320982101 44.8603578525 97.3066335994 44.6512541786 100.1042133064 67.4545074196 44.8315295133 44.9895604356 45.0498646414 44.7314313057 45.0197830396 45.1040458559 45.0243705051 45.1408069245 44.682729238 44.9835606024 44.9919896071 45.0146455684 44.8380218515 44.6972552763 44.9501611527
44.8302997856 45.0734905606 44.5031134463 44.597056612 44.9565278639 44.5251130711 44.52367009 44.5834835989 44.7375617606 44.9871131805 44.8876542565 45.1431293344 44.6881600225 44.7405557749 45.0366450301 45.0683239556 44.6307473722 44.5450778969 74.8237530417 44.729545068 45.0522084579 44.9964758374 44.9883458114 45.0252296392 83.5179518883 78.9966524736 44.7368825957 54.5874459029 65.2128099402 44.8027906549 68.2113571344 44.5662133554 45.1243020473 45.1040930636 44.5811573561 45.1637187831 45.0064863242 44.5536324467 44.9519335391 44.8670497668 44.8751164303 44.8733048112 45.1374674225 45.0800092201 45.1746827651 44.7719650562 96.4315289176 96.4315289176 96.4315289176 96.4315289176 44.6633599333 44.8079434622 44.8593763663 44.5051285484 44.6317907445 44.5985043851 45.1676292867
44.6968243773 44.6187730932 44.8657202958 45.0810328079 44.8434082855 45.0758525824 44.5532044311 44.5740062044 44.5065748506 45.037299654 44.7527761163 45.0958730757 44.7727614057 44.9453550407 45.1257118665 45.0598592038 44.7468988302 44.6390704531 44.9591322125 45.0073827155 44.6484169714 44.5922796643 45.1230776257 44.9053664246 78.9966524736 69.6710779059 69.6710779059 45.1858229482 45.0818757422 44.8069498173 44.9346233771 44.7414271477 44.5572030517 64.4554059133 44.9922525497 44.6812421903 44.9453548703 45.1667941677 44.7401696371 44.5026246573 45.0942073109 44.6015621591 44.7431540004 44.6202523155 45.0758542595 44.8916224167 44.8160098851 96.4315289176 96.4315289176 44.6522899765 44.7497718832 44.9958886186 44.5413446126 44.7123817627 44.8786872495 45.1178543896 44.504870548
44.9923318023 45.2038699387 44.7917222984 44.6746081513 44.7092625722 44.870722959 44.8930619521 44.8545858286 44.6356482814 44.8640431927 44.9860031659 44.9215084956 45.1040648151 44.8667255036 45.0971735594 44.534203529 45.1562595644 44.6528071796 44.974462672 44.5497767563 44.5898580908 44.9685738439 44.9139843467 44.9612624156 69.6710779059 69.6710779059 69.6710779059 44.8729201964 44.9838820092 44.6281906987 44.5177447903 45.1907973132 64.4554059133 45.1281294227 64.4554059133 44.9925690145 45.1680115055 44.9328131163 44.9356344051 44.6161009677 44.9158426661 44.8912095544 75.6486404124 44.8455661989 44.9205178187 44.8401726443 44.7835604477 74.353433387 94.2490795128 85.2448448751 86.1417435517 75.6018560154 67.6045313022 67.6045313022 61.6465980294 61.6465980294 45.1929528098
45.123574589 44.5040355582 45.0627573827 44.9445022736 45.1794632428 44.7380026128 44.9393149693 44.7413669005 44.5469827201 44.6917163423 45.1301342399 44.6714701322 44.74690229 44.759618186 45.0594776896 45.1443380025 44.9232640164 44.5735309614 45.2012118193 44.918995531 44.7142412026 44.6110657207 45.0653876121 45.1029341555 44.8375686038 44.6164589473 44.8716981644 44.8631341737 44.9957865182 45.0797721448 45.1385818383 44.7260518335 44.9503365686 84.551430021 44.6881402068 45.1343948232 45.0208424206 44.832846654 44.7998827551 86.7030492712 44.6913814468 44.8890821262 75.6486404124 75.6486404124 44.9259604445 67.817773219 67.817773219 74.353433387 94.2490795128 86.1417435517 86.1417435517 75.6018560154 67.6045313022 61.6465980294 61.6465980294 61.6465980294 44.8707527666
44.7286603295 44.5562135875 45.1873327994 80.2200363385 64.4027007417 64.3663818205 45.1000596267 44.7494455867 45.1583551948 44.6483958191 68.1019203128 45.0972520614 44.8828814971 98.5905499079 45.1422965351 44.7651987312 44.5558226298 60.8083041945 44.6660769935 44.7182368353 44.5631111658 44.5843694853 44.509827496 44.7972783381 44.883414004 44.7473095106 44.8574508499 44.9134279966 44.5381160781 44.7911862141 44.5263556605 45.172782458 44.530018798 44.7665113888 45.2025379085 44.6922791003 44.9031563748 44.6404552315 51.7282125271 86.7030492712 86.7030492712 60.0688362827 75.6486404124 75.6486404124 45.0249223389 67.817773219 67.817773219 74.353433387 94.2490795128 94.2490795128 86.1417435517 75.6018560154 75.6018560154 67.6045313022 45.0582431928 61.6465980294 44.9012859067
44.9267483246 71.980931693 44.9709524592 80.2200363385 80.2200363385 65.205143763 67.0865157965 67.0865157965 44.8562870045 44.7319004829 68.1019203128 68.1019203128 98.5905499079 98.5905499079 98.5905499079 44.690903921 60.8083041945 60.8083041945 44.9798075728 44.8436163617 45.1011342765 44.7282688112 44.9373005056 44.5059730833 45.1015495133 44.5104764235 44.7563731525 44.934362993 73.7729943439 45.0622554761 44.8805342199 44.8344184767 44.8190979503 68.3444508219 44.7319316726 44.8138172244 45.1070992764 45.0407188257 44.5538054216 86.7030492712 44.9175301487 44.93322777 75.6486404124 44.6453568392 45.1704176299 44.9731558441 45.1133913545 93.5353553578 93.5353553578 93.5353553578 44.7158305212 44.6115326592 45.1348999699 44.9370296096 45.074825562 44.9167877938 44.6655476006
44.9803145675 71.980931693 44.6360213955 80.2200363385 80.2200363385 65.205143763 44.5683934348 45.0294041229 45.0036059045 45.0881590189 44.9367484709 68.1019203128 44.7012483035 98.5905499079 45.2022219172 45.1475437664 44.8771936052 60.8083041945 44.7336705571 44.7566528525 44.5680386087 45.0428535658 44.6195988908 44.6701172899 45.1673620159 59.4540577503 44.578484973 66.5179970805 44.8716589934 72.1789690523 44.5296713975 45.0829196539 44.6180627131 44.8826993646 44.6326906755 44.8355041246 44.8248021132 44.9836986347 45.0881224792 44.7829548587 44.70855525 44.8477427241 44.6010382213 44.7190928467 45.1736193629 45.1770085946 44.6293269647 93.5353553578 74.1812958799 45.1019286378 44.5148413418 44.8428492744 44.6798969831 44.8771476509 44.9679386938 44.9218267381 44.8298197523
71.980931693 44.6560390934 44.6059563309 80.2200363385 64.4027007417 64.3663818205 44.7439805933 44.6182354613 45.0252834832 44.97728675 44.9203788431 44.9102999177 45.0829934897 44.6309740648 44.6623990426 44.839622355 44.8329914296 44.893684243 44.7929576297 60.0443034893 67.7483733099 60.0443034893 44.636395003 45.0136547364 44.913875035 45.0368770973 44.6458415954 44.8444226183 44.8513093049 44.8852389659 44.9222602851 44.8282714822 44.7952778748 45.0511239502 44.5547575058 45.1478607484 45.0119126962 44.9670427089 44.8864175299 44.8412342187 45.039428735 45.03402837 45.1181701926 44.9352409577 44.7737736736 45.0602886588 44.7191121602 74.1812958799 74.1812958799 74.1812958799 44.9677637023 45.1172167588 45.0940993734 44.6187826632 44.8860489742 44.8238160378 44.6448041177
44.7395131937 44.5318399846 44.8331678794 45.1965171018 45.0649027612 44.5576578918 44.5057640177 45.0554574725 44.949345913 44.6557069945 44.7806200475 44.6305746126 44.5579744741 44.7623450115 44.9002713155 44.9250905786 44.8014581689 44.6395698581 67.7483733099 67.7483733099 67.7483733099 45.1880235901 44.5748312961 44.5759412332 44.9849279735 44.6396030436 44.9404490252 44.569991136 44.8227486551 44.6936156546 45.1421641028 44.7725528821 45.0428107434 44.8195728964 45.0919905782 45.1221813181 44.9806906699 45.0205815143 44.8492465381 44.8947095176 44.8545896272 44.8661258259 44.7985669103 44.7183011706 44.6591076817 44.8075147109 44.8126684194 83.8001286151 64.2499379088 44.5904966321 44.6778980765 45.0393364505 44.7825856111 44.8616404002 45.0160834347 45.061914898 44.5720451083
44.9427641404 44.6170944445 44.7012849056 44.9940834625 44.8670172911 44.75151395 44.7128439556 44.8924030804 45.0556928104 44.9315470638 45.0446563418 44.7838964132 44.6642112015 44.951209469 44.9414944058 44.8450634947 44.830144445 44.9990186577 44.6189926366 91.6119048463 67.7483733099 64.701951042 44.7656175335 78.3412082084 78.3412082084 45.1672881943 44.5743861594 44.5198804667 44.8220978835 44.520432374 44.9233038799 44.5925975857 44.6122222228 45.120241278 44.7143534004 44.5670167615 44.5643934798 44.7949486801 44.5003109518 44.7535294443 44.5606503304 44.6829763154 44.7191113252 44.9231191577 45.1970365727 44.5522780464 44.9686687647 64.2499379088 64.2499379088 64.2499379088 44.8410915949 45.0684603154 74.2007982796 45.1916906659 59.0105160393 45.1272386962 45.1757657369
45.0223452862 44.7616653431 44.9267888858 44.9668563521 44.5975649437 44.8236844092 72.7078419197 45.147819014 44.9025239484 44.5931068007 44.8462778368 44.8091185734 44.7955117824 45.0430763176 44.9389707823 45.0136828162 44.9930226673 44.8788161708 68.9068005135 58.3806687161 62.3640057736 62.3640057736 78.3412082084 78.3412082084 78.3412082084 44.9911563801 44.6087595243 44.8333713312 44.8671053456 44.8814955125 45.1757363836 44.7196991204 45.0176949114 45.0650541057 45.0539344324 44.8820040783 44.7654165397 44.6541945247 44.6091774465 45.0323540967 82.6703968181 44.857822681 44.6162717019 65.0217568609 63.6467832823 45.1921059843 63.0438936081 55.141579551 70.751385229 65.2023632457 65.2023632457 44.6580400558 74.2007982796 59.0105160393 59.0105160393 76.2807883183 44.5945573599
45.0357914643 45.176580091 44.6674006178 44.6789999664 44.612015313 44.992065423 44.9687583662 44.8631761179 44.9302336681 44.5744690437 45.1620523615 44.534822348 44.9513271212 44.542951731 44.5011774018 45.0205720988 45.1995878641 45.0806612583 68.9068005135 58.3806687161 58.3806687161 70.6865092877 45.1495923054 81.5371916046 78.3412082084 45.1252078485 45.1377917067 44.9615900644 44.8434581046 44.8748681764 44.6004479917 44.892886994 45.1140757758 44.774539728 45.1580282513 44.586339165 45.0945135906 45.0340689214 44.770592443 44.7565945161 82.6703968181 82.6703968181 44.7234617613 65.0217568609 63.6467832823 63.6467832823 63.0438936081 70.751385229 70.751385229 70.751385229 65.2023632457 76.4989896678 74.2007982796 59.0105160393 59.0105160393 76.2807883183 44.7741973153
44.8206245292 44.5032221235 44.8818407502 44.566316352 44.7285420899 45.0877180496 45.0941085984 44.9930975338 44.6186977251 44.8331020206 44.95444735 44.5288302136 44.6019286414 44.8673721933 44.921648522 44.9393674086 44.9281501964 44.6686208134 45.1532963431 65.4288597216 58.3806687161 49.9773125618 49.9773125618 44.7898536752 44.6522353311 44.5846933707 44.7414129729 44.589091334 44.7321971684 44.5914482837 44.6160764089 44.6234061198 44.8513865764 45.0586445008 44.9340375585 44.5489226737 44.6879920571 44.5410902077 44.968968788 44.9737746126 82.6703968181 45.0463854447 45.1460675515 65.0217568609 63.6467832823 45.1675346686 44.7359875586 70.751385229 70.751385229 70.751385229 65.2023632457 44.5469137131 44.5307600301 44.8538453958 59.0105160393 44.9401387696 45.0973450828
44.9276121807 44.5138444225 44.8601831548 44.5037245148 45.0989687461 44.8285250057 44.8807442517 45.0698309502 44.5817137403 44.6924884392 44.6449524099 45.1310985365 44.8350761615 45.1532328827 45.14273985 45.1149272436 44.5372678749 44.6765031026 44.9110681561 44.899816873 49.9773125618 53.1211145077 53.1211145077 62.6528824819 44.7945157319 44.7532817368 45.1345915107 44.9782910962 44.5304754828 45.09206143 44.7026174182 45.0282547494 44.5652052138 45.0524808624 44.6985357635 45.07706914 44.821224659 44.8996718611 44.6435441846 44.9078068595 44.6735864533 44.8635501427 45.0206873628 44.8906546969 44.7229743084 44.6847610099 45.1105323726 45.0089449649 45.102301173 44.6115194249 44.7468815752 44.5006564879 44.6049546713 44.6188464929 44.9331164908 45.1189532834 45.0415205597
45.1261294098 45.105247768 44.6289666526 44.8119281064 44.5033178733 45.1144139472 44.7864866811 45.1608774755 44.7401916874 44.9179124383 44.7965708771 44.5138088892 45.1267027914 45.1522138967 44.7475503599 44.9270125119 44.7158108801 44.6033190248 44.539305259 45.1640689274 53.1211145077 53.1211145077 53.1211145077 80.3163290315 45.0840088762 45.06168537 45.057445547 44.9976001859 45.0670176735 45.1467925562 44.7042342608 45.164676183 44.8688413456 44.9689900009 45.1256089204 44.5293564469 44.841935724 45.097965759 44.5314862562 45.0243404045 45.0866088315 44.8831626428 44.8467659748 44.5375547804 44.5763761473 44.6100286909 44.8441555953 84.0719135436 71.062211035 45.132801612 44.8941012673 44.641501882 45.0653761201 44.8040338188 44.6272552464 44.5526459262 45.2040337581
44.8737100314 44.9448135516 45.0634951635 44.7000320608 45.2040023594 44.7510956127 44.5911507193 44.553358882 44.9403148111 44.8531736172 45.1169168977 45.125070674 44.5340766412 45.2024920482 44.9261234229 44.7907620197 44.7637122428 44.5757392881 44.9986328583 45.1212401401 44.5295342033 80.3163290315 80.3163290315 80.3163290315 80.5892358482 44.8275823113 45.1972555252 45.1301658422 44.6106456911 44.7438898625 45.1931941985 44.7222088889 45.1848943862 44.8176431682 99.360353391 44.6402168838 44.8289472798 44.8009884004 44.5256510738 44.9183132786 44.774307358 45.1651011771 44.6578450638 44.5963465585 44.8828775969 45.141421361 44.5305170589 44.8772980749 69.5856341539 69.5856341539 45.0305008854 44.7295877708 44.5539932448 45.1628468221 44.7570615193 45.1490978971 44.5192874028
44.6020776616 44.9147210218 69.1858157936 69.1858157936 44.8356416474 45.1688895619 44.9097220487 44.6060984271 44.8985073463 44.6383973774 44.6810312179 44.8312377557 44.7308931745 45.026569357 45.178467847 45.1809060269 44.5512313148 45.020538795 44.9681227517 44.6586512344 44.9213973099 44.7830700041 44.9068858885 62.7332604806 62.7332604806 44.8353985924 45.0003317931 44.7752563192 44.849365195 44.5923707441 44.7622170327 45.0288287589 44.5748071867 44.697319188 99.360353391 99.360353391 44.7862798664 44.8864991712 44.7124549304 45.0306479016 44.9754744702 44.8487745518 45.2006995334 45.1160300878 44.8153433135 45.0893761085 44.8042872983 69.5856341539 69.5856341539 69.5856341539 44.7509326129 72.8024799033 65.8794436732 65.8794436732 69.73694088 44.6021423348 67.691627939
44.6739071531 69.1858157936 69.1858157936 69.1858157936 44.5976003719 44.7046797982 44.754696106 45.1266838142 45.1137184762 45.1862095876 44.9271064323 44.815992326 44.9018409723 44.7416061352 44.6079232839 44.9905907672 44.9628639699 44.8110365642 45.0768868534 44.7766245771 44.9998002009 45.0165537021 62.7332604806 62.7332604806 44.6463920437 45.0103630373 44.7119600718 45.1299799211 45.0321407111 44.7290450208 44.717306755 45.0330615062 44.7490377577 44.6112736681 71.8811869151 44.9832615707 45.1391266535 45.0753015627 45.1294035685 44.9078210225 44.7040013396 44.9225735488 44.5099237179 44.7668828919 44.868991797 44.776211305 44.5372499613 44.9584697565 44.8295072933 44.7684488967 44.969305061 72.8024799033 72.8024799033 65.8794436732 69.8935516987 44.9752752859 44.8116563339
44.680876909 44.9337050209 44.9279075211 69.1858157936 44.7580832323 44.8434390832 44.9096432538 45.1470321284 44.8953917444 44.6727076753 44.8195110822 45.0430276916 44.638907863 44.7074811113 44.8296071563 45.1580134158 45.1153137813 44.5988884101 44.5863027688 44.9702179671 44.5003609112 45.1293814844 44.852865605 87.2667848356 87.2667848356 45.1219960664 45.0537202011 45.2067668014 44.6732031977 45.1929875735 44.8745128345 44.7770409648 44.6552922741 44.8167395523 44.8744342409 64.9001103394 44.5988154857 44.7871710968 44.7727640951 44.8001616052 44.8090711397 44.5170738169 44.9643045297 44.5342590891 44.7284781528 44.9895281068 44.8850747294 44.9495023132 44.5518442137 45.0644636875 76.5925928679 72.8024799033 71.0079541164 65.8794436732 69.8935516987 44.7005271459 44.7719385285
