Spatial_Output/BAU/BAU_0776.asc
NCOLS 155
NROWS 192
XLLCORNER 196769.923733
YLLCORNER 449719.875193
CELLSIZE 27.603701
NODATA_VALUE NaN
[rows 115 to 137 of 192, columns 0 to 52 of 155]
0 0 0 0 0 0 0 0 0 0 0 0 0 0 0 0 0 0 0 0 25.4961041993 23.808515859 23.4229846014 25.8353893018 24.4624735988 25.0150185876 23.971366011 25.9144123871 23.0676069535 25.9500686535 24.2500286694 25.0535597846 24.023728916 25.3338964536 24.0612326898 24.1003681602 23.9937165201 25.2895830905 24.062670994 26.4823458769 25.0736776578 25.3517169929 55.4808933617 55.4808933617 55.4808933617 55.4808933617 23.2674546228 24.4153654279 23.4555580514 25.1421287731 23.017831163 26.0027611924 26.7898943425
0 0 0 0 0 0 0 0 0 0 0 0 0 0 0 0 0 0 0 0 25.3330070248 27.0218331587 26.8925168432 27.0068818005 24.6307451054 23.3469155676 27.1573320723 26.3583226255 24.7001077889 26.9093295954 24.637497789 23.1113523342 24.9844205224 24.9867222804 23.8929344907 27.2210233707 24.0770366622 26.519868834 25.3267671251 26.5733282298 24.0329922894 26.2485836197 24.8014137843 26.1279626938 23.0011779102 25.0599000728 26.271710265 24.4130736259 26.0167432 26.4548963913 25.9031931483 25.9524686392 23.943975455
0 0 0 0 0 0 0 0 0 0 0 0 0 0 0 0 0 0 0 0 0 25.5005850599 23.5992873565 23.5458275287 25.2491631165 25.886297413 25.7788705244 24.1939861716 24.5543771849 25.6822120342 25.8977733077 24.9210073097 26.5394224952 24.6198133331 26.3263615828 24.8295147886 25.064568339 24.8979932956 23.2058863293 23.1437132048 24.3051569962 26.0719378008 26.59852448 27.0896556558 24.6667714061 26.0180045589 23.4568963093 25.3008356428 23.6233592193 27.0040577324 27.0599953991 24.9412150887 25.337996272
0 0 0 0 0 0 0 0 0 0 0 0 0 0 0 0 0 0 0 0 0 25.5981565148 23.0920922912 24.606479543 24.718364157 25.7799754219 26.9450810102 23.5500453228 24.500265586 25.1721584092 23.8761559818 26.1583942735 26.0717925181 26.4231508517 26.6336721713 23.3907973609 23.4858706179 24.6264535521 25.1628740651 26.7080246432 26.3490997881 25.5803694507 54.1474776299 25.4219173156 26.301128322 24.1273295668 48.3403049361 26.7339388885 62.2593993331 67.3765648188 24.4486752878 24.8741661991 25.2081458846
0 0 0 0 0 0 0 0 0 0 0 0 0 0 0 0 0 0 0 0 0 0 23.9860158836 25.9144265263 23.6664108126 25.3788100915 26.6838327152 23.7320969946 26.4101410546 25.6354832045 23.1185350929 25.6064877337 24.5491942023 25.7467052939 25.2401814932 24.6927845593 26.1789680359 24.0765867943 23.3541684428 26.561258247 26.8258383043 24.8786727906 24.1490834834 24.7658584447 24.5291860969 48.3403049361 48.3403049361 62.2593993331 62.2593993331 58.759165745 26.8657716589 24.828371307 23.0955725742
0 0 0 0 0 0 0 0 0 0 0 0 0 0 0 0 0 0 0 0 0 0 26.0427541004 23.2095218813 24.7175081887 25.5050695784 23.4807408743 24.1231821746 26.0680985876 25.4104731946 24.5461122305 25.5681264309 26.3838166162 26.0595255607 23.0218494549 27.1933852556 23.095507349 26.9527048266 24.6265654399 25.8277937191 25.4439772884 25.8732189436 24.9916373948 23.4682715702 26.0092921304 48.3403049361 23.3189967499 67.3765648188 62.2593993331 58.759165745 27.2319143551 24.6052995262 24.8416194905
0 0 0 0 0 0 0 0 0 0 0 0 0 0 0 0 0 0 0 0 0 0 0 23.9521102304 24.3048204455 26.0015108257 25.9086105484 26.2620288542 23.1968351826 26.4540992286 26.6490035624 26.2582536309 23.2098023514 23.3876739804 25.0664920135 25.1295962477 26.071279458 23.3769465503 25.500261254 27.0316797783 26.4637582432 24.9813683168 25.3171493092 25.1064353343 25.1882393984 26.906693842 26.2080005468 25.9814331916 23.9639408119 58.759165745 24.6811275913 24.8758147684 23.2761474369
0 0 0 0 0 0 0 0 0 0 0 0 0 0 0 0 0 0 0 0 0 0 0 0 25.6422671499 24.480354722 27.1717687923 24.235078489 25.597508261 26.5486769796 25.5723656608 27.0308173669 26.5534353115 25.4955670213 26.8575801172 24.8205240404 27.138708622 26.7483318714 25.7344124172 25.6808212408 24.4097062954 24.6520389254 24.2672588982 23.3134232636 42.647848533 23.0385790588 24.4684233772 23.2927719907 26.0474450444 26.8410456255 26.7924059464 25.6755060562 25.2820685701
0 0 0 0 0 0 0 0 0 0 0 0 0 0 0 0 0 0 0 0 0 0 0 0 27.0735289485 26.6365022629 26.5639398102 24.2776308591 27.1970006216 24.0302993267 24.063633419 23.2170444125 23.6817105845 24.7216516097 24.2266420895 23.3409115916 23.1792025086 25.3548519898 26.7244656962 25.3757143157 24.4246830491 49.5170196158 49.5170196158 49.5170196158 56.4004813305 56.4004813305 24.2026644266 25.0133720659 27.2252442322 25.1383734123 25.902810096 25.1934158837 75.6381081045
0 0 0 0 0 0 0 0 0 0 0 0 0 0 0 0 0 0 0 0 0 0 0 0 0 25.2589373412 23.2810998532 23.6894035292 25.3323929756 24.6003232571 23.4044353035 23.7884794819 25.9698079959 23.1308257892 25.2173959025 26.4498406034 25.6962002401 24.163997171 25.3390888905 26.7536409247 24.343941976 51.5638907134 51.5638907134 51.5638907134 56.4004813305 56.4004813305 26.7801109692 50.1148562043 25.2749101058 24.8935358251 24.4637889044 23.8588482352 51.8283587323
0 0 0 0 0 0 0 0 0 0 0 0 0 0 0 0 0 0 0 0 0 0 0 0 0 23.6715222227 26.5215204604 24.2575595682 26.540650957 26.620534184 23.5595445315 23.8088159251 25.8562271276 25.0922763237 25.0288575042 26.768424366 26.3436949034 23.9121281713 23.4575638282 27.1196891373 23.0555554279 24.3442474851 51.5638907134 51.5638907134 56.4004813305 23.5657340293 50.1148562043 23.9788837701 27.0784363425 24.3447941752 24.0000734684 51.8283587323 44.3455637587
0 0 0 0 0 0 0 0 0 0 0 0 0 0 0 0 0 0 0 0 0 0 0 0 0 0 23.7477838439 23.0421637848 24.7324001091 25.2362268429 26.433035668 23.5181497184 82.0586140447 52.6782546386 52.6782546386 80.5404546315 27.1084716328 26.2133010971 24.966764445 27.1704862479 26.7395585379 53.5273406119 53.5273406119 23.1721093104 23.8873265513 24.0640158298 25.1879422693 23.4810107486 24.7638434141 25.9794100448 23.9853892687 23.2014466782 44.3455637587
0 0 0 0 0 0 0 0 0 0 0 0 0 0 0 0 0 0 0 0 0 0 0 0 0 0 23.0353627803 23.6300055223 24.9639371344 24.0606152346 60.5185125998 26.3751139002 62.8608340321 52.6782546386 52.6782546386 80.5404546315 24.0189758109 23.2423840558 24.7411371965 23.2876698531 24.7762575165 53.5273406119 24.4130319206 53.5273406119 24.9659253128 25.2483957146 25.3507919034 26.7345556084 24.6160789594 26.9247417409 25.8125790914 24.8977775333 51.6973446943
0 0 0 0 0 0 0 0 0 0 0 0 0 0 0 0 0 0 0 0 0 0 0 0 45.0672434413 59.5884350825 44.7794220626 51.9166402464 51.9166402464 51.9166402464 60.5185125998 26.4468813158 62.8608340321 82.0586140447 52.6782546386 26.9037113605 25.9615189344 25.7905510067 24.2317901701 23.5180500821 41.933715801 24.0497997161 23.1535739596 26.7926029422 25.9540997385 24.7566678507 23.2770906596 25.8976004793 26.9880962385 25.5591198204 24.6191137022 25.5801025926 24.9269432101
0 0 0 0 0 0 0 0 0 0 0 0 0 0 0 0 0 0 0 0 0 0 63.8737981019 53.185879581 54.2703339068 59.5884350825 44.7794220626 44.7794220626 51.9166402464 23.9886675742 23.3218657371 26.8512650354 23.1284984891 26.1988763881 26.3665379208 26.762011319 24.3254871843 25.4148861564 23.0559287547 26.2325872174 24.3971698297 25.3060712757 26.7162666126 25.6390763948 26.5416615783 25.9274746263 24.9403538824 23.7007170461 24.8259272785 26.1495342596 24.84979469 23.2581715623 23.5016242887
0 0 0 0 0 0 0 0 0 0 0 0 0 0 0 0 0 0 45.0347293776 70.4201162117 44.783129462 87.6528515035 87.6528515035 53.185879581 53.185879581 59.5884350825 59.5884350825 44.7794220626 51.9166402464 24.9693464957 26.6937463587 24.5071053338 23.0126916707 26.2645874141 23.0193628192 26.7962729077 24.2661911171 26.844967837 23.3129933745 24.9892451158 25.6521801295 25.5485826403 23.1110182082 24.2545057577 24.6532864079 25.7056523003 26.4097792817 25.7858596473 25.4494128932 26.4316034692 26.1381069172 26.9990983567 26.6956129679
0 0 0 0 0 0 0 0 0 0 0 0 0 0 0 34.2431954682 45.9303701801 39.1813218875 54.4839708075 54.4839708075 54.4839708075 87.6528515035 87.6528515035 53.185879581 53.185879581 54.2703339068 58.3494605592 0 0 25.5653223457 24.3577825332 23.5575456141 26.5604673507 25.3446985385 24.7391134826 26.0649004763 25.2936708429 23.3878666913 24.1662932476 26.1385019275 23.1588941901 24.9539792082 23.450626146 23.2757754167 25.7430015553 26.322078799 24.4160887337 27.0026932979 24.2198265515 23.4371740414 23.5060926816 26.7076910578 23.690568216
0 0 0 0 0 0 0 0 0 0 0 0 0 0 0 34.6537671297 44.9938815281 33.9396872195 50.7720279704 54.4839708075 56.3224416267 87.6528515035 55.9799241321 72.6894060495 55.3220142672 49.6027948607 0 0 0 0 24.0363900716 23.8216106015 24.5542737489 25.8839425579 26.2068237634 27.2003482521 24.5843734903 25.8672590652 23.2338444723 26.2511954415 23.2453739289 23.6631460044 26.661064069 25.6539612819 24.47757154 26.4534144989 25.3516606005 26.4091679804 23.3710224117 24.032218587 26.3859516665 24.4125278321 24.8835613842
0 0 0 0 0 0 0 0 0 0 0 0 0 0 0 44.9004466965 46.5559592306 36.3585413937 42.458095102 54.4839708075 56.3224416267 0 0 0 0 0 0 0 0 0 23.134177067 23.3889253592 26.4568461299 24.8651453947 24.6489054307 23.8415568778 25.0458218257 25.3492469166 24.3944187449 25.9258511505 26.3049508925 23.9220020185 23.5989688421 26.1359401449 25.6582854083 23.5719547827 25.3472250697 25.2375573133 26.9513697587 24.4994974651 51.6240897754 47.5080010814 26.3326566048
0 0 0 0 0 0 0 0 0 0 0 0 0 0 0 62.6930741198 57.262707857 50.7720279704 48.3484232941 0 0 0 0 0 0 0 0 0 0 0 0 24.7241400061 24.7243850108 23.5968656294 25.5065761954 23.43696325 23.5173556225 26.4788254114 25.6194542106 27.1753692516 23.0639147761 23.0187695352 23.1805300406 24.7250834248 23.4651081247 51.6142184552 41.7394829352 50.7002169463 50.7002169463 50.7002169463 47.5080010814 47.5080010814 24.1612888809
0 0 0 0 0 0 0 0 0 0 0 0 0 0 0 0 0 0 0 0 0 0 0 0 0 0 0 0 0 0 0 0 25.7795324635 27.1901897235 24.333004819 26.8321582385 23.6414745947 25.1976086505 25.2857095253 39.7203398685 23.963061553 23.5330487009 26.0847856845 70.3624487378 42.1773453996 42.1773453996 51.6142184552 23.4137221221 50.7002169463 24.8968156347 47.4236554103 47.5080010814 25.4938023451
0 0 0 0 0 0 0 0 0 0 0 0 0 0 0 0 0 0 0 0 0 0 0 0 0 0 0 0 0 0 0 0 0 23.4273813395 23.9920383961 27.0635331581 24.1794718158 39.7203398685 39.7203398685 48.3490001536 25.821125347 25.719808898 24.2508145245 70.3624487378 70.3624487378 51.6142184552 51.6142184552 23.0059719186 50.7002169463 25.9724551263 26.4311908076 24.0716815809 26.7441378931
0 0 0 0 0 0 0 0 0 0 0 0 0 0 0 0 0 0 0 0 0 0 0 0 0 0 0 0 0 0 0 0 0 26.6099891858 26.7605256581 24.4397823126 24.6675763257 25.6467549976 48.3490001536 48.3490001536 25.9631560294 26.8483021955 24.2115261632 70.3624487378 42.1773453996 23.2664914354 25.3540813255 26.232569358 25.5729739069 23.1410411148 25.1352364481 26.3706898381 25.4216389041
