Spatial_Output/BAU/BAU_0745.asc
NCOLS 155
NROWS 192
XLLCORNER 196307.867259
YLLCORNER 449144.565805
CELLSIZE 33.573938
NODATA_VALUE NaN
[rows 150 to 174 of 192, columns 57 to 113 of 155]
24.2474001801 24.9137696053 25.7961122067 25.2609061802 25.3147229676 23.0473474528 26.8704567704 26.5803269289 46.2785867855 44.6175466344 47.7786579409 25.273212411 27.2122820145 24.5612032087 24.4765975605 25.9950613917 23.2655333525 24.6132212768 27.010858715 26.5965049709 25.3793525749 26.2515891823 23.5825529513 27.2245802128 25.2444312414 25.9513130784 26.473858248 24.7281766292 24.8316098139 24.618560219 24.3184175777 26.2213822941 25.8783257951 24.5347723251 24.665110141 26.2407579345 73.1034176622 57.2676591385 57.2676591385 27.1954156707 26.5712772622 27.0552245421 24.5507720433 24.8091232794 23.2128563351 25.6214006543 25.7762413247 27.0240529503 23.3704712158 24.6675321631 25.8112932509 23.3454517039 26.7661847605 26.1357624591 27.1404650911 25.7970904895 23.0157078215
0 25.9271984309 24.9169722824 24.9706533918 26.5598725255 24.4112887776 23.1384109571 24.6019795916 44.2405312883 41.1981887474 39.9413030357 23.9517469865 23.5678322455 26.9347305318 24.2781547651 24.7665533412 26.9481743958 23.4077203055 24.7291107628 23.3267142875 23.2718197357 24.0042924431 23.3171231385 25.160146401 25.0139155711 24.4167591256 25.353182362 25.3270687574 24.1683890618 25.7646397439 26.3444395386 24.7332368267 25.1325144702 23.8529899954 25.5620259961 73.1034176622 57.2676591385 57.2676591385 50.2523197692 24.2592603185 25.7595642992 23.201658447 25.4402939335 24.4511176063 25.1105550508 23.7019794527 26.0722861402 23.118145222 26.9380772595 25.8248900214 26.125940821 24.2276743073 25.2428403525 24.5181746464 26.7056372193 26.5677302615 23.2996372976
0 0 0 0 24.9408728041 25.160681584 23.4679152989 25.3914679493 44.5774227206 35.4674621999 34.184280058 24.2049340111 23.8489643295 26.9133651709 23.3117312166 24.3277662329 23.1911849721 26.1931146511 24.5416120979 23.1296613363 24.8049952385 26.2583170914 26.7100958918 23.9471762411 23.9326681296 27.1002095313 23.3589481305 24.8975680557 25.6502515779 27.2053919511 24.2711594392 24.8132212069 24.6750378905 26.8547558896 24.6104878123 24.4484042139 50.2523197692 57.2676591385 48.7750557144 69.8704650364 23.4328981448 24.9201497461 27.0283527042 25.8179071666 26.8378070223 24.1075151105 23.1565225885 25.6162838841 23.844803568 23.6609144917 23.6017806962 23.2657912301 27.1022851943 23.0144496153 23.6745660187 24.8762116093 26.7513552561
0 0 0 0 0 0 24.2060818687 23.3679929815 18.3216140616 18.3216140616 18.1529236345 25.3916279216 24.5578478573 26.6527414887 26.5479827691 26.521079386 23.9387351596 25.182733447 24.2206121007 24.8893017027 25.486963284 25.4801204895 25.9979818979 27.1169675113 23.6964166147 26.4532142869 26.2940247782 26.6004199185 23.0918389673 23.8196879162 24.111429464 24.9846025156 26.8439492537 26.0176310556 26.8006756779 26.1353217859 25.8604968217 48.7750557144 35.8736867352 70.8506564222 24.1558449612 26.9090427157 24.4386547691 24.216492154 25.27026019 26.7539831089 24.3939098864 26.5613054545 25.7712180339 23.1998586476 24.0785058317 24.3261547597 25.4039785981 27.1956104791 25.2496071113 25.9608888845 23.3111892196
0 0 0 0 0 0 0 0 46.6388583099 18.1529236345 18.1529236345 66.2677524128 26.4231033826 26.0255115543 0 0 24.4448991353 26.7002299897 26.4435238429 24.2622243684 23.3451467933 24.2274001508 24.0664944595 25.4127990419 26.943239368 26.6500283761 25.9545760246 26.3329334851 23.6938818284 23.0124737415 25.3538033456 23.3386277083 25.8660415096 24.2362210753 26.51900457 23.0739905585 26.8937525614 44.7316346476 35.8736867352 35.8736867352 25.637975056 25.1071308733 26.3238051143 24.7714296841 25.0775129897 23.2835426035 24.6870869335 23.6145877793 26.0906438392 24.0563088338 26.6065803725 23.3406305383 25.2688447953 23.0322932062 25.9062744961 27.0066615749 24.2842938426
0 0 0 0 0 0 0 0 0 66.2677524128 39.1568955455 39.1568955455 59.0733785479 0 0 0 23.7947674087 26.3240188071 23.6437763611 25.058488791 23.5866328244 26.3205861874 23.6034575617 24.0637248358 27.1643069933 23.1599516972 27.0071544472 25.5429106478 26.0794276929 27.0702229451 25.8617584346 26.9588905044 27.2293011419 25.25209119 23.5303617283 24.6703110409 25.1682563908 35.8736867352 35.8736867352 68.9182650454 50.8978277884 25.7463876472 23.4195546599 25.0539689001 26.3069695977 24.1521425423 23.455153093 26.5756839672 25.2627615454 25.5989523335 25.4327770983 24.669374701 25.2156594331 23.5997203271 23.9071105794 25.8281558724 24.4535246648
0 0 0 0 0 0 0 0 0 47.1463193062 59.0733785479 56.6242577714 47.7676106222 0 0 0 0 24.5442674197 26.2572618916 24.8316021253 24.8919108848 23.6651917075 26.2316730985 25.6945888578 23.7624903893 24.6625820603 26.5672861608 27.1079158423 23.1126610344 26.4811994038 24.1470497861 23.1003875777 25.3583027777 27.1187151731 26.3092716435 24.2206420697 26.0280317754 24.4233846489 50.8978277884 50.8978277884 50.8978277884 25.0203701588 26.7371400012 27.0783947095 25.7199285263 25.7218366413 27.1923495812 23.0077372294 25.1749178359 25.855566306 23.8204780915 25.493176987 25.1574691009 23.6536842736 23.8272365437 24.519678407 23.7028230696
0 0 0 0 0 0 0 0 0 0 55.2030447551 56.6242577714 56.6242577714 46.2987137976 0 0 0 0 23.8646424572 25.9134678463 23.6845966792 25.2724969457 23.4801133426 24.8886103471 25.6362476052 24.6769955152 25.9401545402 24.4316893503 25.7732117684 27.193937075 25.4072659628 24.2295876109 26.1411734526 26.8049643124 25.4018768376 27.1862574858 23.3796573 24.9256045946 67.6124120246 50.8978277884 50.8978277884 55.3968118553 26.3144777657 25.7531003573 24.102564675 24.5114619234 26.7537566267 24.5498279461 23.0719018502 23.3319187468 25.3758238219 25.059209257 25.3490473264 25.1694467206 23.9928705604 24.4332817871 25.1548133596
0 0 0 0 0 0 0 0 0 0 56.6242577714 56.6242577714 46.2987137976 0 0 0 0 0 0 25.8207454141 23.4432876007 23.3068123831 23.5727791683 23.3807360816 26.7070987172 26.9347206983 25.642499903 25.3163751569 24.9755422161 25.9346551255 23.069638031 24.6990649802 25.1413909579 25.5182121164 23.0192286225 26.5660808818 26.3928456232 26.1460875135 26.8915717606 55.3968118553 55.3968118553 53.396289563 26.6651406553 23.4360961801 26.6668112849 23.7695629183 25.4494306852 26.5959123164 23.8160553649 23.6042244868 23.7908156883 23.9059171463 26.0784657847 23.8143456749 24.0222621186 27.1029479565 23.8306154782
0 0 0 0 0 0 0 0 0 0 0 0 0 0 0 0 0 0 0 0 26.0958643436 23.5109091975 24.0040839122 26.7829723245 24.701260797 26.6659967106 26.6670314135 24.5718795975 23.7140554083 23.4495322342 26.7507533857 25.5999833354 27.0920690105 27.0958541016 26.0060065056 23.4811208535 27.2262993679 26.0693582871 23.5261466602 53.396289563 53.396289563 23.2072173665 23.2459893856 24.1087197989 26.484121967 26.9397363856 25.6412388243 23.3200276129 24.0614885247 23.4458294496 26.2307078696 25.4532431281 25.5470362296 27.2136758409 23.1593420502 26.1902906148 26.3381940553
0 0 0 0 0 0 0 0 0 0 0 0 0 0 0 0 0 0 0 0 0 0 0 0 26.5015267878 23.4516496515 26.7069889219 24.9424061367 26.694368991 24.2051035917 23.5573425546 24.5289366765 25.981597398 24.4744078354 24.8853570203 25.7859059094 23.4202318762 24.8022865509 27.1325578018 24.1667093411 26.5661813676 26.1996518512 23.8760063868 24.7322200468 24.0955025876 26.633186489 23.5314453259 23.9186583758 24.6276653504 26.0618887997 23.4387795273 24.8451375002 25.7563377169 25.5307109307 24.8509157179 24.1860420021 27.2188523161
0 0 0 0 0 0 0 0 0 0 0 0 0 0 0 0 0 0 0 0 0 0 0 0 0 0 0 0 23.3076787568 25.5836107267 24.6716659557 23.594664183 23.3670214637 26.0117348226 27.1963352339 26.7521335666 24.3814538513 23.4560658906 26.5430778331 26.5924490568 26.1341459045 25.2434873151 27.1831431415 24.327774966 24.4615397101 23.7965348988 26.3324759608 24.8612074477 23.8617654057 27.1652554304 23.6869087918 24.1070110217 26.7566885407 24.2574033447 25.2639539866 27.0100113065 0
0 0 0 0 0 0 0 0 0 0 0 0 0 0 0 0 0 0 0 0 0 0 0 0 0 0 0 0 0 25.2289627165 25.7959352137 25.7271647671 25.8763386438 23.2513811093 26.1125031152 27.1247620633 23.9976158151 27.0422586357 27.1840533697 23.9006969897 23.9366625969 25.3472449153 48.7690943121 41.2189141717 24.0624675934 24.9451023056 26.8882671465 25.2478269133 23.9416796825 24.6022384642 25.2851523781 25.5089280115 23.4706588753 23.3091553394 26.6579933186 0 0
0 0 0 0 0 0 0 0 0 0 0 0 0 0 0 0 0 0 0 0 0 0 0 0 0 0 0 0 0 0 26.7564709009 23.3104600648 26.1249111201 23.9214614681 23.6201937152 26.2477638575 23.0134966718 23.9521133041 24.7592227604 24.3664935696 23.6095959106 24.9249331468 37.5665330059 37.5665330059 24.3678781811 26.8113623701 26.2753910925 25.4702418339 26.5664175203 26.3938227491 24.0044518661 26.9670330967 23.4387626172 25.8740058031 27.0541209305 0 0
0 0 0 0 0 0 0 0 0 0 0 0 0 0 0 0 0 0 0 0 0 0 0 0 0 0 0 0 0 0 0 23.2795827541 23.9331915263 24.4748320618 26.6563110165 23.5488602632 24.2936710045 24.9302881306 26.3988498155 26.1521392846 24.9310138429 37.5665330059 37.5665330059 37.5665330059 60.921690406 25.7549192929 26.3024578485 24.4450594289 27.1986252258 25.1039871856 24.6198261321 26.248176648 24.8017192209 23.4615361647 25.4951009134 0 0
0 0 0 0 0 0 0 0 0 0 0 0 0 0 0 0 0 0 0 0 0 0 0 0 0 0 0 0 0 0 0 0 0 25.7933628803 23.9272778363 24.8928094264 23.2180530278 23.5645835386 24.0555451824 25.252550453 26.0378613957 60.921690406 48.6037442267 48.6037442267 25.0699663252 23.9066344004 26.6681631298 23.85477898 24.8318939523 25.5997530754 24.2511824141 23.0936630753 23.7943484537 23.229981011 0 0 0
0 0 0 0 0 0 0 0 0 0 0 0 0 0 0 0 0 0 0 0 0 0 0 0 0 0 0 0 0 0 0 0 0 0 27.0963759698 26.2316261529 23.5969790131 25.9814111069 23.1702263669 26.3522634358 26.2015086243 27.0636839054 60.3624757536 55.5979165656 55.5979165656 23.7418572027 26.8397245626 24.7640953595 25.0404594893 0 0 0 24.5734519801 25.4436021098 0 0 0
0 0 0 0 0 0 0 0 0 0 0 0 0 0 0 0 0 0 0 0 0 0 0 0 0 0 0 0 0 0 0 0 0 0 24.2566305453 27.0528108796 26.8288130525 27.0971352223 27.0594773346 24.5448564859 23.2168796991 27.1755471245 55.5979165656 55.5979165656 55.5979165656 23.1473966688 24.895741781 24.3011086576 0 0 0 0 0 0 0 0 0
0 0 0 0 0 0 0 0 0 0 0 0 0 0 0 0 0 0 0 0 0 0 0 0 0 0 0 0 0 0 0 0 0 0 0 26.2181777133 24.0397540077 23.6759671664 24.7849674767 26.3498512952 26.5091780089 25.9457733398 23.9374509476 25.1234250114 51.3063408545 51.3063408545 24.549617972 0 0 0 0 0 0 0 0 0 0
0 0 0 0 0 0 0 0 0 0 0 0 0 0 0 0 0 0 0 0 0 0 0 0 0 0 0 0 0 0 0 0 0 0 0 0 23.9074770709 24.5251197256 25.7013193306 23.3809561506 25.9422962826 24.7609812376 24.7293332898 64.8000944739 51.3063408545 51.3063408545 50.3027230496 50.3027230496 0 0 0 0 0 0 0 0 0
0 0 0 0 0 0 0 0 0 0 0 0 0 0 0 0 0 0 0 0 0 0 0 0 0 0 0 0 0 0 0 0 0 0 0 0 0 24.8814852545 26.2569676017 25.3876326967 25.1698206634 24.169306761 23.5586222778 26.6206674547 67.63368321 46.4361719036 40.7420760851 44.1116381659 0 0 0 0 0 0 0 0 0
0 0 0 0 0 0 0 0 0 0 0 0 0 0 0 0 0 0 0 0 0 0 0 0 0 0 0 0 0 0 0 0 0 0 0 0 0 0 26.2811429972 24.659342622 24.1524951654 24.5725923898 23.1135968851 26.1482421765 25.2532394768 42.7100709488 38.8334832297 41.4385462755 48.643185861 0 0 0 0 0 0 0 0
0 0 0 0 0 0 0 0 0 0 0 0 0 0 0 0 0 0 0 0 0 0 0 0 0 0 0 0 0 0 0 0 0 0 0 0 0 0 0 23.51797285 24.5037994592 23.4324436589 24.931444558 26.7447136101 23.1005482515 41.1471340453 48.2247576535 37.6100815933 50.3684225968 60.1844434132 0 0 0 0 0 0 0
0 0 0 0 0 0 0 0 0 0 0 0 0 0 0 0 0 0 0 0 0 0 0 0 0 0 0 0 0 0 0 0 0 0 0 0 0 0 0 26.8106193632 25.9089750826 26.2090802943 25.6259394067 26.1351435637 0 0 50.3684225968 50.3684225968 52.7997704439 52.7997704439 44.3286941832 0 0 0 0 0 0
0 0 0 0 0 0 0 0 0 0 0 0 0 0 0 0 0 0 0 0 0 0 0 0 0 0 0 0 0 0 0 0 0 0 0 0 0 0 0 0 26.515322663 0 0 0 0 0 43.2470021843 52.7997704439 50.0896381291 50.0896381291 50.0896381291 0 0 0 0 0 0
