Spatial_Output/BAU/BAU_0631.asc
NCOLS 155
NROWS 192
XLLCORNER 196307.867259
YLLCORNER 449144.565805
CELLSIZE 33.573938
NODATA_VALUE NaN
[rows 75 to 99 of 192, columns 0 to 56 of 155]
69.2314019752 80.1236992038 80.1236992038 58.3068292644 58.3068292644 80.4101538359 58.1193782535 58.1193782535 82.7754590203 72.2813109616 80.1200983016 58.3681737716 25.4243141332 28.0226720727 28.1866407112 26.1004481065 25.7332662722 28.66648084 26.5269184373 26.8386614192 25.9929557635 27.1777477503 26.271482235 25.2543407332 24.5503592041 29.0686344486 26.9010901661 28.7536823445 27.2141531062 27.7571761459 27.0795922144 26.8243075454 25.5090860882 26.1879948737 27.7364214886 51.6899945408 45.4145083019 45.4145083019 45.4145083019 24.628538441 38.6385494442 49.0476508185 43.6190613242 27.6144520968 24.9402078607 25.3654428821 26.9072954442 27.2182390256 26.3982191034 27.599504219 29.3997207344 28.9499427256 24.5572514785 28.1842324139 28.5345979286 65.6790224868 65.6790224868
0 80.1236992038 80.1236992038 58.3068292644 58.3068292644 58.1193782535 58.1193782535 58.1193782535 72.2813109616 80.1200983016 61.9326321587 62.5502868817 26.3819046895 25.9767847105 24.5014128731 28.4849712584 28.2099743854 27.1958159481 28.9221526123 24.5102164749 27.9862718702 27.258345117 27.5833712226 27.9384477925 27.847010329 28.5669143414 28.0140785281 27.4187967564 26.957421298 27.656068336 27.658127936 26.1040956892 28.4543380626 27.7531306801 26.9137705965 29.2870048729 45.4145083019 45.4145083019 44.2903159097 26.5952659143 64.9777575434 56.5685473457 56.5685473457 56.5685473457 29.27012525 27.366768317 28.0497968762 25.1920717355 27.7138697945 28.9576304847 26.8185577239 24.6457404878 24.9918975746 28.7769612619 60.3547621125 45.6145713937 45.6145713937
0 0 68.9333533432 0 58.3068292644 44.9185358791 58.1193782535 44.7119450624 50.2615269702 59.9807727217 55.9609285815 61.9326321587 27.703992838 25.8106699953 26.5692387863 25.6073098761 24.8634978458 26.6021221715 26.951260627 26.1081962828 27.6634093281 27.6056256191 24.7816433495 29.0941458121 28.6949331601 26.6762203947 28.1072219883 24.5831991788 54.088101842 54.088101842 54.088101842 55.3221419063 27.850682134 28.7868740399 25.6903506906 42.1831913646 58.0543477776 64.6099239745 64.6099239745 28.959270221 58.3132268183 56.5685473457 56.5685473457 28.7258080493 25.0967850141 27.1790824899 25.1739111325 25.2525758118 28.7204309515 25.6988862422 28.4248120921 28.0919465067 25.5887919335 25.9001124053 45.6145713937 45.6145713937 45.8624982544
0 0 0 0 44.9185358791 44.9185358791 44.7119450624 50.2615269702 50.2615269702 55.9609285815 53.4329213095 62.365364434 58.5600831886 29.0410744301 63.7663065757 64.9396944198 64.9396944198 26.9847007899 55.2192004589 61.1305468862 61.1305468862 55.5584442237 55.8361450976 60.6467898848 55.4529719078 46.7212725667 48.5982977464 43.8525092942 29.4214575203 27.6236249755 28.8142302465 55.3221419063 55.3221419063 36.7440429399 36.7440429399 41.5794071385 41.5794071385 64.6099239745 64.6099239745 46.1437762383 46.1437762383 47.5478724321 47.5478724321 40.6969654498 41.5899470659 52.7636555755 29.0240505164 44.4491769754 26.5563789389 62.631210289 45.3629085856 45.4742490546 61.470846535 52.8340109756 47.9312476952 47.9312476952 47.9312476952
0 0 0 0 44.9185358791 44.9185358791 44.7119450624 50.2615269702 50.2615269702 55.9609285815 53.4329213095 62.365364434 58.5600831886 27.8170184025 63.7663065757 64.9396944198 64.9396944198 29.4431371344 55.2192004589 61.1305468862 61.1305468862 55.8361450976 60.6467898848 60.6467898848 29.3905366103 48.5982977464 48.7530375682 25.1567466608 26.1083615748 43.8525092942 26.6554249158 55.3221419063 50.2356206395 36.7440429399 36.7440429399 41.5794071385 41.5794071385 46.585383999 88.4366113241 46.1437762383 46.1437762383 47.5478724321 40.6969654498 40.6969654498 40.6969654498 52.7636555755 44.4491769754 44.4491769754 44.4491769754 62.631210289 62.631210289 45.4742490546 61.470846535 61.470846535 52.8340109756 39.0074339098 39.272881619
0 0 0 0 0 44.9185358791 0 0 60.3958482826 59.9807727217 55.9609285815 62.365364434 59.7141668257 28.2382087281 29.162176145 63.7663065757 25.3550609924 25.1123204613 25.9571627701 57.3315030236 61.1305468862 55.5584442237 55.8361450976 60.6467898848 28.2612791979 46.7212725667 48.7530375682 48.7530375682 25.239383911 28.5345842021 24.5076865952 26.139994568 29.2917779077 26.5727141758 25.134719221 27.0594558395 58.0543477776 46.585383999 88.4366113241 46.1437762383 53.3828019421 53.3828019421 54.7805312534 40.6969654498 40.6969654498 52.7636555755 71.4280581699 44.4491769754 45.2226106585 62.631210289 64.7804221452 45.4742490546 61.470846535 52.8340109756 39.0074339098 58.693896775 40.4674729198
0 0 0 0 0 0 0 0 0 0 0 0 0 0 28.6376218763 24.8625174581 25.2778846913 27.1474506958 25.3670503256 25.9161175967 24.9180305316 28.9834753988 26.2578818458 28.7984295263 54.3858874936 42.4972444391 42.4972444391 48.7530375682 48.7530375682 27.3058030897 25.6517212448 28.4078417137 28.3099596961 29.0380199192 29.2286112961 24.6485301076 25.016645294 27.5953684787 28.2082473267 25.2306867649 26.8611945181 29.065233375 25.4400703782 26.9729211005 24.5493971532 26.585611642 26.2816115802 45.2226106585 24.5591755342 62.631210289 26.3385386301 25.3465521364 27.7867613889 29.075158935 24.6244667994 27.3110057263 26.1417060579
0 0 0 0 0 0 0 0 0 0 0 0 0 0 27.8258290615 24.5245489453 25.3111968861 25.192289099 24.9515110877 28.2111432104 25.3281570507 26.6046137019 27.9476125308 26.6880365522 62.2182386949 42.4972444391 42.4972444391 50.3426109297 27.5412293865 26.7051353575 28.6462369556 27.1138658884 27.5362616477 25.9906069223 28.0500126823 29.0467898539 28.0594001334 27.9408185753 25.5339100626 29.1804197288 29.0099256294 28.5260745577 26.8297951121 27.9380597411 27.4336624776 25.73625967 25.334113688 27.5267008226 59.6279484541 59.6279484541 25.5050339716 27.1718127673 26.4215132341 27.0920020774 28.8005650158 27.9635448787 29.270963417
0 0 0 0 0 0 0 0 0 0 0 0 0 0 26.1051755416 26.4891309936 27.9893563178 24.9250365951 29.0293281612 25.2618026276 42.1928644374 26.541683304 54.8008398521 68.3390541622 62.2182386949 62.2182386949 53.9865879053 24.9665124028 24.9731705114 26.3043400513 28.4092072238 25.6713969953 28.9442913632 28.1488063632 25.6279479582 28.0766941118 25.4383718589 27.7713860214 24.8982001415 27.3667177191 25.6777657122 28.9691218363 25.3395407863 25.5698563774 26.8539792593 26.4824570324 28.1926443137 25.3386461708 59.6279484541 59.6279484541 29.3331155744 26.4560876687 25.2983358495 24.898011604 26.7923191911 26.5293832324 27.0671508822
0 0 0 0 0 0 0 0 0 0 0 0 0 0 26.7850639469 25.1059123928 28.4850247989 27.1104463745 24.8967333948 25.6290179458 43.8651873174 54.8008398521 54.8008398521 68.3390541622 68.3390541622 24.5323499326 27.6553502854 26.8582909084 24.6471737828 28.2665509959 26.1547461308 25.8856271023 26.4430272372 27.0320692999 27.1539562098 24.9927860083 27.5366266498 24.8998251214 28.3882459693 26.7876366003 26.4571683912 27.2779620305 25.9834912606 26.6570155883 28.561718498 26.2457512243 26.1994221059 51.7413442019 29.2176351489 54.3721165569 54.3721165569 27.3120298949 25.3937165487 28.5830286111 26.7134317783 28.0796519804 26.5250079579
0 0 0 0 0 0 0 0 0 0 0 0 0 0 27.9565459657 25.6796068262 29.2387026684 29.2718382296 61.1244412168 61.1244412168 61.1244412168 43.8651873174 54.8008398521 25.0705964288 24.8021945188 26.2998293552 26.5956482965 26.1734398799 28.2519468475 25.988648691 29.3550223457 28.8684378192 25.0601953777 27.5585943552 26.7753477983 24.5358590097 27.7669229714 27.5691566543 28.9137448624 28.3316540184 25.0886202752 26.5771342717 27.7367486102 28.4783942328 24.9055554462 29.0910085827 26.6358427119 63.6865048312 63.6865048312 63.6865048312 28.8281290559 26.0431148709 26.3095722285 28.4705361263 28.8630116645 29.3365258706 27.7669993637
0 0 0 0 0 0 0 0 0 0 0 0 0 0 26.7835061467 25.2879721576 27.6635115198 51.3742963182 39.4921406846 61.1244412168 39.4921406846 26.3229733017 24.563570401 28.8477493772 29.1857839391 26.0252506453 25.2646270579 26.8813725567 26.2320267246 25.4428980721 27.0876230519 26.1586274479 28.0623200977 29.4449546761 25.4280933365 29.3900939166 27.0569479565 28.6752768755 28.3499278017 25.3228549773 26.8596321793 29.2398100022 24.9881064148 26.2080365108 25.5382507883 25.9224315516 26.5485619835 20.5170747018 20.5170747018 20.5170747018 28.162970445 28.6124052607 29.305556026 28.0675678313 27.7233243405 27.9552690062 24.9597676981
0 0 0 0 0 0 0 0 0 0 0 0 0 0 0 24.6844088737 62.6543000506 62.6543000506 51.3742963182 26.1135991583 27.6746326292 24.5790318013 24.8478841379 25.0476691114 27.0502143846 26.5828669106 27.0094669521 28.2980554791 24.5986039161 26.8711201217 25.6584570552 26.0297932875 27.9571901597 28.0827554575 27.4092984649 25.6487356729 28.9580094763 26.603065143 24.5540645531 26.3603564413 27.8656366515 28.4457970597 26.3300007558 28.1172172118 28.0367959067 27.5839736618 27.7174698133 20.5170747018 20.5170747018 20.5170747018 28.0202410998 26.4135619774 25.9078156749 25.8762700428 28.8798083997 24.7865591695 26.2700686375
0 0 0 0 0 0 0 0 0 0 0 0 0 0 0 39.1035671752 39.3708537308 62.6543000506 62.6543000506 51.3742963182 26.1744160966 25.3037028225 26.1822749016 29.3156967141 25.4304049089 29.0455454039 28.5251570156 25.5342326144 26.1538094391 27.2022082727 28.2164596691 26.4530816275 29.141476769 25.0819697627 27.3525300564 28.5957890759 27.5027664983 25.6602029694 29.1895367963 27.7253498268 24.6757245362 26.0839239424 29.0610042277 25.4917043557 27.5974786157 24.9365365902 25.7146306611 62.1741656544 20.5170747018 62.1741656544 24.8677322564 28.1078278486 26.4372787545 26.3155775498 29.1535601453 28.4034335297 26.1198642821
0 0 0 0 0 0 0 0 0 0 0 0 0 68.3048298922 52.0102668612 39.1035671752 45.2860599215 39.3708537308 38.6717107538 27.3872968993 28.6093128755 28.7452441889 26.9351050626 26.4664694587 24.8190182392 28.0952293399 25.6955761401 27.5116810743 28.7009844374 26.9821852345 24.902047675 25.9966928871 28.7320856001 24.5931117272 28.957490074 25.7997158834 28.972419576 27.4819271232 26.1888821996 28.5758461727 25.1272862751 27.4141231714 27.0215043852 25.3380123886 28.6362164364 24.7589537693 25.6455495545 25.9940319086 59.0360902596 26.6141424846 28.607026373 27.9484232346 27.8768386196 27.8495945028 26.3292684641 27.6012880111 29.2882645026
0 0 0 0 0 0 0 0 0 0 0 0 17.9976659649 20.0438204506 20.0438204506 45.2860599215 45.2860599215 45.2860599215 27.6826978654 28.3865389889 25.4006292825 25.3548077861 25.6011423688 26.7279746735 24.6075494125 24.6108760856 28.3284923248 24.9507505792 24.7835436709 29.3962486696 27.3766278065 27.9676982796 26.2193884219 25.4937548742 24.5709265662 28.1961148331 24.9893917617 24.8881672087 26.9888978371 26.0807298535 28.8017542528 27.3537035206 27.2955862333 27.9860707916 29.4246606127 29.2893980203 24.8060496475 59.5007230461 59.5007230461 59.5007230461 27.4545477096 25.4264044723 27.9705733587 26.5061348961 25.2427016956 29.1286431607 25.7958018136
0 0 0 0 0 0 0 0 0 0 0 70.7595675087 42.3747843954 20.0438204506 20.0438204506 52.0102668612 46.2160223357 0 0 25.9395278503 28.1546243812 26.4385822972 27.6851604028 29.068671569 27.7561959243 26.2837668474 26.277980254 26.613136029 28.85298466 25.8926627863 24.5302878575 24.8400098036 25.634874982 27.5456755316 26.9209605836 26.1425136207 25.0176071606 28.6382572318 24.8900658537 26.0956673061 25.3229563093 26.0987935104 25.4849035202 28.3061694385 28.7413287197 25.8453809456 27.4701793098 59.046164877 59.5007230461 59.046164877 25.0662054871 29.0275358136 27.5069047672 29.370247824 27.1472910979 28.1796459119 26.9953577174
0 0 0 0 0 0 0 0 0 0 41.4496405668 64.6498997949 64.6498997949 17.9976659649 69.4360401045 53.0019601494 0 0 0 28.9420481491 24.7023022247 27.0955357263 28.1720361208 27.6437347188 25.6015392891 25.4537392187 26.1204845957 27.9081568392 25.2645089499 27.1086641228 25.7283611841 28.4896046048 27.611144837 27.2270411781 29.2173791708 27.5771831824 25.7754245184 27.0534376027 27.940925929 28.7453063769 28.8788923484 26.0607994875 29.3504311802 29.08474085 25.7895156223 28.3963703099 28.3624752961 24.8585474832 59.046164877 60.4129257903 26.1056054286 26.7435881419 28.2039815879 25.5473089312 26.832813503 25.3288369367 25.1992385088
0 0 0 0 0 0 0 0 0 62.9879967022 59.5339409618 64.6498997949 64.6498997949 64.6498997949 0 0 0 0 0 0 25.5706685696 28.7352692006 25.819523645 26.8795609301 28.5785539828 29.2721800112 28.8603783927 28.2890633213 27.8946294096 24.7768954322 27.6757343476 26.5469941009 28.3120544017 28.6628633312 25.8529131139 26.3867011325 27.9629557296 24.8016347982 26.4030503501 26.0797038474 28.2841601825 26.5934482311 28.0926940481 27.6239786956 26.2170380685 25.5607580794 27.2339822012 60.4129257903 60.4129257903 29.1127483348 24.7584885823 29.1187409405 28.45474928 25.0503427069 26.4307551198 26.4977780149 26.3394548479
0 0 0 0 0 0 0 0 62.3195812271 62.9879967022 59.5339409618 59.5339409618 59.5339409618 0 0 0 0 0 0 0 0 0 26.7932401005 24.5401034453 27.8522840665 28.2588272932 24.5672070092 27.5602010036 26.0592390571 29.1519994914 24.9934074546 24.5415279589 27.3466443834 27.5574422147 25.1642270602 27.4922553242 28.3593970959 24.6250079688 28.2723741407 27.3093391971 26.121388257 25.9878851113 25.8728237338 26.5243159461 27.0026218136 27.945655717 28.0065835627 56.0364992481 56.0364992481 56.0364992481 56.0364992481 27.9919561117 28.058169054 29.1572194678 26.4014806882 25.6233511636 26.3707709547
0 0 0 0 0 0 0 42.9091271911 42.9091271911 62.9879967022 62.9879967022 50.8546560167 0 0 0 0 0 0 0 0 0 0 28.6702430543 26.7488953159 27.1606480436 29.4150061839 27.4853697874 26.8198738016 27.0211159154 26.0122917626 27.4102060971 25.6350758828 28.3430467651 29.1056654635 25.5271975227 25.8958404286 27.7331086402 27.6762592375 28.5622863106 27.914120198 25.6458810849 25.5459036452 25.7209593893 24.7256570452 27.1374342331 26.132087252 27.8302010529 29.3643635622 56.0364992481 56.0364992481 29.1315118504 28.3973683593 25.2956829751 24.7971042541 29.0612024694 27.6368022449 26.3604556978
0 0 0 0 0 0 0 42.9091271911 42.9091271911 42.9091271911 62.3195812271 0 0 0 0 0 0 0 0 0 0 27.3445898966 28.6154309527 26.3225443292 24.8203532926 25.0945417825 29.4223949237 27.2062684253 27.7760059049 27.7057753292 26.2649306233 28.070149596 27.5290995141 27.5625102821 24.6815069816 29.261937571 24.6260051745 51.483077526 58.3442442956 49.1040959881 25.2500755701 28.5291100623 26.6444377079 27.4872975218 60.147950763 26.9024827688 29.2078347934 55.1559670664 55.1559670664 55.1559670664 26.8140672915 50.7376963245 53.8769996653 68.4718572816 50.44090175 50.44090175 50.44090175
0 0 0 0 0 42.4616432375 42.4616432375 41.5839877636 41.5839877636 0 0 0 0 0 0 0 0 0 0 0 29.0648455428 28.7124096453 25.3680019648 25.5704514282 24.6556428455 29.1571176301 27.4660291743 28.510655574 27.7097373428 29.1776948213 25.9604926339 29.3799995152 28.9614578201 28.2017885521 53.9256483211 53.6595937883 53.6595937883 51.483077526 47.5629441102 25.3197036632 51.4382773459 51.5888551422 51.5888551422 60.147950763 60.147950763 52.0288730414 52.0288730414 56.52545163 62.4664860043 62.9947857262 52.8894064699 52.8894064699 53.8769996653 40.7937231915 24.647330184 65.2990297009 65.2990297009
0 0 0 0 0 42.4616432375 42.4616432375 42.4616432375 0 0 0 0 0 0 0 0 0 46.2433281802 0 28.2733167049 26.7880498534 27.5027111879 28.7262784408 29.0160274421 27.6485850489 25.6905021949 25.7537320391 29.3741625893 28.1716472773 28.0885664284 27.4229288988 25.1274894758 28.4312820707 24.7214041677 53.9256483211 53.9256483211 51.483077526 51.483077526 51.483077526 25.4960918361 51.4382773459 51.5888551422 51.5888551422 60.147950763 52.0288730414 52.0288730414 52.0288730414 62.4664860043 57.8224639972 57.8224639972 52.8894064699 52.8894064699 40.7937231915 40.7937231915 55.5672035994 65.2990297009 65.2990297009
0 0 0 0 0 0 0 0 0 0 0 0 0 0 0 0 46.2433281802 46.2433281802 46.1376829441 47.1594175295 25.2474567541 26.5524464252 28.7432176932 25.1572349359 26.7621198709 26.234511582 24.523301967 28.2137413011 24.7216778391 25.4810119277 24.5848285982 27.0953615895 58.771796797 57.9999343366 53.9256483211 53.9256483211 67.5406418614 25.6549169486 58.3442442956 49.1040959881 26.014581632 27.6030327934 51.5888551422 52.3937548727 60.147950763 59.1199979305 52.0288730414 25.2091388196 57.8224639972 57.8224639972 62.9947857262 26.4320775501 53.8769996653 40.7937231915 49.2441334027 62.9871518479 68.3069772594
