Spatial_Output/BAU/BAU_1436.asc
NCOLS 155
NROWS 192
XLLCORNER 196769.923733
YLLCORNER 449719.875193
CELLSIZE 27.603701
NODATA_VALUE NaN
[rows 138 to 160 of 192, columns 53 to 105 of 155]
32.5731652936 32.527781827 32.6947641375 60.6126109326 32.5667946737 33.086796183 33.1742240078 44.6409547614 33.0104824496 32.9996904995 32.7306478259 33.0814028944 33.0180411858 32.6179351802 32.6290650685 32.6021300621 32.7773080871 33.1896138984 32.6732021599 32.7019798703 32.7339963093 32.5832577892 32.9829971794 32.997354934 32.7025618769 32.5750756413 32.6879677882 32.5982237134 32.831947409 32.7190050599 55.926774348 55.926774348 32.6531879177 32.5919327055 32.7254557771 32.5146549105 32.9368199627 33.0402321703 32.5253185844 32.8185605646 32.9950640209 32.8922344049 33.1065738572 32.5623581811 33.1000370629 33.1817842403 33.0714424249 32.9560106917 32.5026014777 32.6998416866 32.6791501375 32.5760629958 33.2030889918
32.9718215063 32.982380483 33.0567045693 60.6126109326 60.6126109326 32.7742403004 32.8046552838 33.1975367981 32.8619898981 33.0080889911 32.6955264343 32.5179896451 32.6716608937 33.0325193956 32.5454607666 33.1017926695 32.73602116 32.8762566415 33.0227524522 32.5108444998 32.585205374 32.8492173857 32.6893591379 33.0145722615 32.9331726204 32.8989065545 33.1142830067 32.7624688409 33.0949705309 32.6911284898 55.926774348 55.926774348 75.8232963444 60.3303728616 32.8129725108 32.5234446681 33.2060146348 32.9316178827 33.1410068349 33.1740741726 33.166330258 33.0366685229 32.9883526981 32.9260978634 32.8112551307 32.9654343354 33.0280743475 33.1889450294 32.6518041787 32.6876259123 32.9604680088 33.0376164655 32.5156930281
47.704916567 60.3270679823 60.3270679823 60.6126109326 60.6126109326 32.6097746492 32.5908329068 32.92510158 33.0898383676 32.977351124 32.6927591139 33.037333276 33.1346250798 32.9755450119 33.1920471518 32.7010971894 32.7828784545 33.1638169543 32.5116728937 32.8025355212 32.9293054948 32.6105297638 33.1463583409 33.0382869315 32.7452884954 32.5446256455 32.8478873138 32.5330661395 33.1265109147 33.1595020818 32.7426509103 75.8232963444 32.6201466289 33.1581638448 33.0659851446 60.5634096588 60.5634096588 32.5655654276 33.1203438658 32.5846744699 32.5218547059 32.7725510744 32.5857869408 33.1231354066 32.7616030419 33.1340664759 32.7244247827 33.0191395163 32.6421452202 33.043309622 33.2031865755 33.1764588409 32.8508882173
57.1806820316 60.3270679823 60.3270679823 32.8013820386 32.9999313757 33.1989210865 32.8587392244 33.0751052547 32.7684496317 33.1523301774 32.6084946098 33.1216456543 32.9092914834 32.8267990542 32.8757856635 33.1378814235 33.0286594404 32.5202276336 32.8245917358 32.6781160276 32.9048283184 32.7762852449 33.0278159322 33.1362143673 32.5816318064 32.6564986378 33.183525953 32.5706659997 32.7344104582 33.0629332367 33.1363618001 32.9879771022 32.8596578143 32.8548720717 60.5634096588 60.5634096588 60.5634096588 32.5087063346 32.7681598997 32.7551165248 33.1933982984 32.6268543406 33.105483377 33.0529867639 32.5138366802 32.5283841559 32.7109722392 32.7940288864 33.1695231962 32.7462115613 32.9035148775 33.177868728 33.1082814408
32.6052989733 32.9246881822 32.5869468152 32.9519352012 33.1457007768 32.8484888383 32.8451125454 32.7221455128 32.5817122603 32.6563498064 32.952071825 32.6086334032 32.6696478344 33.1024305762 32.6769118567 32.7716438186 32.9237097102 32.711409168 32.8415245368 33.0162493396 32.6865492609 33.07750453 32.9147587727 32.8957364357 33.1672763577 33.1875943526 33.1582257283 32.8355872362 33.1074131881 32.5223189419 32.7221510044 33.1055225339 32.9604155084 32.8923993903 32.829873186 33.1485542454 32.6383631774 48.9124283689 48.9124283689 33.1494220647 33.0765049814 33.1828332771 32.6891216067 32.9228951 33.1844356109 33.1516592317 32.9527374879 32.6221361947 32.8350471816 32.6453717442 33.063109828 32.7563802672 33.1778960688
33.0199661737 32.6833263278 32.5780798181 32.9080373856 32.5732470864 32.8862661527 32.8023077552 32.693577354 33.1564375411 32.7935055043 32.8876690697 32.8423491094 32.8247640365 32.9019167683 32.7769893812 32.7811345461 33.113589278 32.8960298945 32.947697162 32.9186217833 33.1449120397 32.5701559132 33.1113445442 32.5959451934 32.7176130484 33.1015391627 32.8467842412 33.1720540888 32.7712723849 32.9010303064 32.9091807284 32.5320135936 32.873001996 32.9395558921 32.7080767226 33.1772755364 48.9124283689 48.9124283689 48.9124283689 54.4255186217 32.8951843906 32.7025082464 32.5986229781 32.8033516541 32.5510895543 32.5686742358 32.7457362068 33.1592609921 32.8564185962 32.5109820682 32.5629673154 33.1226585791 32.51084323
32.6813786207 32.5650420755 32.7964483066 32.5642524407 32.9283192379 32.8201033452 32.8959410478 32.9225186857 32.9491688525 32.8603397534 33.1808729663 32.9000439463 32.8012496856 33.1896829682 32.7141643198 33.1650146893 32.7890791636 32.979141505 32.6847380006 33.1158791787 32.7895440136 32.6221167259 32.8849284849 33.1762850249 32.6199360074 33.044024723 32.9311856325 33.1709006023 33.1363719338 32.8135264736 33.0134011411 32.7280148396 33.2003023751 32.588220784 32.524450102 33.013446081 32.6877805632 54.4255186217 32.5156317101 32.7452988317 32.842188093 33.0773281811 33.0208225169 32.9445053752 33.1461836444 33.1180928627 32.7500838721 32.5767971361 32.7281884057 32.5636353779 32.9348229039 33.025036363 32.5665401513
33.1906371331 32.5277930642 32.6587490929 32.9605553668 32.6016188088 33.1061043093 32.8304188737 32.8925106105 33.0754795076 32.7182821105 33.1931507246 32.6421296378 32.9301902752 32.9566013907 32.9013760952 33.1359463351 32.6540629682 32.5575107191 32.8929020173 32.708305186 33.1220124858 32.6078735202 33.0527458207 32.9971632518 32.5265395678 32.7499912245 32.7359480146 33.1685451641 32.9698689645 32.9454016092 32.6072412431 32.6801938675 32.7870290987 33.0314899163 32.8611923082 33.0958672294 33.1250918492 33.0968834777 32.6683814179 54.7202736441 32.6957130014 32.9286872737 32.9239963622 33.2042313599 32.9777220001 32.8896555804 33.140145628 33.0785438059 32.8326105055 33.168324412 32.77835994 33.1785203002 32.9574687252
32.857587408 32.7185731282 33.0785083451 32.945331387 32.9473022535 32.661040139 32.6497719454 32.9443312254 32.829717179 32.7301561309 33.123304115 32.5533298373 32.9303928167 32.6949760279 32.5279227264 33.0195230819 32.5692672048 32.6980785661 33.0649274739 32.5188249158 32.6980630029 32.6739312852 33.2032263427 32.8032847882 32.6359170017 32.915340283 32.872209839 33.0930633579 32.8377959755 32.7257377904 33.1178528721 32.6288020254 33.0818836945 33.041824507 32.9972101615 32.9113009742 33.1597570064 33.0257687073 51.7057327965 32.8089444793 33.1678487051 33.0838757331 33.1342343696 33.0656123382 33.0853362163 32.9032530228 32.6588239078 32.5325851279 32.6031844749 32.8224052807 33.0413393582 32.5511180262 32.9928251852
32.7061892392 32.8931328879 32.6874098915 32.971964628 32.8881907178 32.5050193584 32.7925583642 32.7849362302 32.8784105069 32.9720317061 83.8007747324 32.9771434266 32.5168318438 32.7258181009 32.6742906571 32.9361959775 32.761513742 33.1405783649 32.5773326939 32.5489743526 32.6271110338 32.5651001383 32.5650506652 32.8525643056 33.0676393044 32.9046464408 33.2036631348 32.9868294284 32.6664591798 32.7372116398 33.1690460513 33.1211610758 33.1037202389 32.9048763417 32.9099545607 32.7909600054 32.5507587359 32.5482856049 53.2376126603 53.2376126603 53.2376126603 33.1270585919 32.5049425399 33.0909737904 32.6381475524 32.5719367837 33.095406303 32.7749454692 32.996689423 32.7496570342 32.8728273355 32.9479063411 32.8731685922
32.82485712 32.8586192506 32.7610569037 32.6305961107 32.5057146996 32.6193712586 32.8366013342 33.0982455361 32.8994509672 83.8007747324 83.8007747324 32.6108327609 33.0610148516 32.9430559745 32.6279018872 32.6983284039 32.6163997735 33.0375823743 33.026706207 32.9691921938 32.5733712909 33.1079799641 33.0400996466 32.8112752585 32.8825432413 33.1252467733 33.0197069129 32.7722062374 33.0394932278 32.6568371569 32.604719857 32.7858904461 32.9272594713 33.1645533821 32.6379080779 32.6866508512 33.088983573 32.9778624948 53.2376126603 53.2376126603 53.5541588798 32.8180852639 33.0221115309 33.0623366392 32.7284870332 33.1588319555 32.8191989558 32.8836249372 32.6722669613 32.7819454638 32.5610205299 32.6876940391 33.1724018991
33.049846868 32.6836704783 32.7151282668 32.7933775491 32.643054132 33.0750115488 32.7515398661 33.0810334916 32.6508772187 83.8007747324 83.8007747324 32.560855294 32.9964848962 32.6457469009 32.5059156768 32.9146794183 33.0841249612 32.8893089943 32.8891023651 33.0354012407 32.6347049616 32.7317024815 32.7363618693 32.7674719805 32.5854250032 32.860426384 32.8564290386 32.5310840581 32.8635549767 32.616986622 32.6128312007 32.625388679 33.0334459654 32.9423692013 32.6655662049 33.0545937423 32.9508988364 32.9212473301 56.1204540499 56.1204540499 56.1204540499 32.5689124765 32.7547181332 33.0840785878 32.8465268514 32.6946748299 32.6021440878 32.8374945553 33.093601977 32.971395359 32.6749907713 32.9866379465 32.9620238075
32.5068631262 32.7150374204 32.9130752362 33.1919364389 33.0220283317 32.9357204731 32.9939700564 32.8030886606 32.6625822533 56.8629861948 56.8629861948 56.8629861948 32.8386067259 32.8285774293 32.9540888605 32.6398580686 32.7946937572 32.6540096854 32.8204102594 33.1226654391 33.1573518971 32.6107331875 32.9303004446 32.7937959814 32.8260849551 33.1676266298 32.9983728414 32.8487309746 32.7466534637 32.5910177469 33.023960276 32.9433094159 32.5193152629 32.7105551998 33.160429688 33.1133694167 32.664015826 32.6350299559 63.0798804843 63.0798804843 65.7995277916 33.0815638148 32.9411095818 33.0940296613 32.6318616695 32.8055267116 33.1986570293 32.5619173621 33.1516676279 32.6229721438 32.8591295496 32.6462399414 33.1498278148
32.7802666399 32.652267541 32.9570836028 32.967509572 33.1679179379 33.0925415699 32.7922440046 32.7814666691 33.0568640187 56.8629861948 56.8629861948 56.8629861948 32.9595987756 32.9715084168 32.8885150326 33.1228320455 32.8635753422 32.9855893467 32.7412890754 32.8995027168 33.1928949299 33.1269288518 32.596098657 32.5835077352 32.7005006885 32.7690781899 33.1343642679 32.9285193615 32.5148051052 33.0378029216 33.0069364908 33.2000429401 32.808636479 33.101153456 33.1240393754 32.7036019477 32.7008931719 32.5645846088 65.7995277916 65.7995277916 65.7995277916 32.553380354 32.6698861075 32.5260741285 33.1635264182 32.5310525141 32.5239625584 33.122873245 33.1621781816 32.5786811352 33.0088730887 33.1979945997 33.1402238263
32.8689872601 32.747638887 33.0300164223 32.6077499065 33.0344121451 32.523746861 32.6869663876 33.1936759029 33.1150756935 53.9009918552 53.9009918552 53.9009918552 33.0563300327 32.6796723775 32.6445865837 32.6367693596 33.0615237698 32.6282682445 32.8765520146 33.2014496931 32.9907846509 32.8067772617 32.5433426281 32.5394921322 33.0650517189 33.1011999718 32.5137731759 33.0395961986 32.8153779643 32.5796759624 32.758070749 33.1659518588 33.0845605662 33.1356844273 32.6502087142 32.756102896 32.9242464488 32.6410294099 71.2358849656 64.2291634923 70.1376219793 32.7365843332 32.6854858729 32.8464108558 32.7284626576 33.0701611383 32.7777257642 32.7543039599 32.9811291055 32.592274754 33.1681235013 33.1542120149 32.9069064308
32.717344761 32.8216322451 32.5107979172 32.9038894091 32.7804950378 33.0620412052 32.5007321959 32.872244561 32.6480984093 79.3440405529 79.3440405529 32.8212103531 33.2042618338 32.7703747716 33.0391420144 32.6673934992 32.9916996419 32.5557262771 32.9057488561 32.6818058278 33.1751858022 33.032707273 32.8131658334 32.5033954878 33.0775584723 32.7791519261 33.1117987186 33.1727959967 33.0617474885 32.8534081381 33.136020175 32.8762016651 32.8440608837 32.5308843622 32.6469816324 32.8214565121 33.1208310056 32.7130462097 33.0074489945 70.1376219793 70.1376219793 70.1376219793 32.9378368734 33.1773035991 32.6415881038 32.8713406467 32.7740831234 33.1178545292 32.963173054 32.7755246904 33.1473231086 33.0680686389 33.1161298342
32.5046673472 33.1761067564 33.1117642338 32.7249236275 32.7127083678 33.1484003046 32.7213984936 32.8434373808 32.7719115952 79.3440405529 79.3440405529 79.3440405529 32.8394624334 33.109639867 32.5120533642 32.6943831743 32.8894668241 32.6347775485 32.5293034986 32.7674642962 33.1598663687 32.8631517607 32.5468485275 32.5928002227 32.7541828878 32.9886116001 32.5920418312 32.5143474877 32.6320511818 32.715467387 32.9492614089 32.536645065 32.5453467483 33.1785005186 33.0562030551 32.6588839404 33.1675511521 32.9030707165 33.0701785611 70.1376219793 70.1376219793 63.5999365589 55.5651215787 32.8866459712 33.0550608316 32.8381872313 32.874681875 32.9653369276 32.665300635 32.8524391652 33.1896340303 32.8123026864 32.5036657299
33.1263382425 32.9797226576 32.8004800817 32.5029834775 33.1389315827 32.7003503239 32.9310867576 32.5626978215 33.0471654967 74.6013207211 74.6013207211 32.8550372744 33.1874626554 32.8397094428 32.9802572383 32.9546803973 32.5363775131 32.7427590661 32.6049953554 32.8807743497 33.004908965 32.8365827192 32.5251787777 32.5364258575 32.8223978308 32.6468153986 32.8299172303 32.6946173051 32.5960890184 32.8680359468 32.7147156899 32.7961461447 33.0548179751 32.9082207994 32.7233078809 32.7716472451 33.0947086909 32.6438237197 32.8893903808 55.5651215787 73.7069250396 73.7069250396 32.6907040781 32.987120609 32.8441297695 32.5892671221 32.5645578967 33.0753289703 33.0395343376 32.8936464017 32.7114102104 33.0907802687 33.1051946329
33.1520663184 33.1299686402 33.1042423804 32.6853353686 33.0806954992 33.1412402734 32.733309331 32.7616365909 33.0692842297 74.6013207211 74.6013207211 74.6013207211 32.9836704996 32.6668422418 32.7214228857 32.8290527425 32.8121967013 32.6299878418 33.1825236986 32.5804936826 33.1402411281 32.7951628797 32.8009882897 32.8510900749 32.6250350698 32.6546762216 32.7086017952 32.5644461285 33.1013510476 33.0606078547 32.8949413359 32.8044827485 32.9131381577 33.1491803458 33.1137148893 33.0392172074 32.5625727735 32.6042339465 33.0852797094 32.7950595964 73.7069250396 61.6516211131 59.7486703519 32.5495759797 32.6372390534 32.9830485148 33.0115149989 32.7127000943 32.769734073 33.0428651776 32.5214714387 32.9443203883 32.9225949833
33.0042193047 32.5687913497 32.5143320118 33.1402823198 32.5877016705 32.5338049971 32.8679450286 32.5591430743 32.8385380041 33.1325536888 33.1097605437 32.9918593443 32.6836613339 32.9678287496 33.1466651987 32.7583541685 32.7196323652 32.7179890736 32.5583504528 33.1434066321 32.8109020989 32.9990625105 32.7671732563 33.019731441 32.5432957609 33.1123875881 33.1651475755 33.1536657305 32.6715279729 32.9802692153 32.6641968794 32.6243312923 32.8810660121 32.8120967544 33.0221216548 32.9274305745 32.9852401078 32.7848044756 32.7514037677 33.0394668469 90.1662287905 61.6516211131 61.6516211131 61.6516211131 33.1058114475 33.0271031606 33.0043380179 32.5394679153 33.0729626666 32.8246813227 32.8117799616 32.5096482101 33.1617820413
33.0851427203 33.1068715256 32.8243588016 33.0679932821 32.7092221649 32.5785645957 32.8221830738 33.0131373471 32.7095604835 32.8529067385 33.054305017 33.0664090726 32.6131185607 32.9901689261 32.7447720854 32.8903726325 33.1736035656 33.0640215353 32.9477174432 33.1969445403 32.5697972298 32.8733820423 32.5216561499 32.6390977608 32.7865294735 33.0780327425 32.7858159455 33.0675730902 33.134793021 32.6045953693 32.5483844008 32.654029473 33.1330428089 33.0510948226 32.9073637021 32.8750677212 32.93708003 33.1777524114 33.134432579 33.0081323206 61.6516211131 61.6516211131 61.6516211131 57.6074708402 32.6083178259 33.0083589612 33.1466659036 32.6357909819 32.6816784994 32.9893672431 32.6065749732 33.1683161502 32.7402845308
33.1734610573 33.1695410121 33.0293307297 33.0100482595 32.5536426644 32.6714863562 33.1332019139 33.0400475231 33.1325117797 67.6474335997 32.5728474264 33.1759362584 32.9875215326 33.1813330371 32.5676665289 32.9384250836 33.1015615968 33.0459504007 32.7896146322 32.5947829255 32.7830407027 32.6404337403 32.5960137394 32.9881484033 32.581161483 33.1418201162 33.2043691345 32.6728657009 32.9420196832 32.5146692472 32.6475929332 32.50509632 32.6212473891 33.1971807523 33.1530022136 32.9751292094 32.8828789754 32.6484667411 32.8900374348 32.7244087493 32.8785688937 75.7493862216 57.6074708402 57.6074708402 47.8488553749 32.6805328007 32.9953898309 32.6648014814 32.7879949208 33.1140348894 32.6749840817 32.7554319908 32.6096104206
32.5503097505 32.8050607201 33.0427577022 32.622432651 33.0487346512 33.1544308965 33.1318776579 32.6466975758 33.0702487412 32.9834343957 67.6474335997 33.0701446735 32.6934214718 32.8446890525 32.5795633438 33.045075765 32.8043263451 32.6933894974 33.1282987737 32.6999872867 32.7761632353 32.5085552746 32.6624122377 32.8172321804 32.9045042386 33.049439969 32.7343010394 32.7681704548 32.766500486 32.918028823 32.7046871148 32.5200122184 33.0834689561 32.535536923 32.6873097206 32.7103616114 32.9800801838 32.5335584357 32.7912783751 32.6897016888 32.874917423 32.7887459946 48.7858226069 50.3481696457 50.3481696457 32.6196502793 32.9189958668 32.5718160562 33.0327766206 32.7033907409 32.8653512929 33.1460670851 32.6674857893
