Spatial_Output/BAU/BAU_0191.asc
NCOLS 155
NROWS 192
XLLCORNER 196769.923733
YLLCORNER 449719.875193
CELLSIZE 27.603701
NODATA_VALUE NaN
[rows 23 to 45 of 192, columns 0 to 52 of 155]
0 46.0486565321 47.0073651598 46.789086206 47.319322 47.166893027 46.3760839373 46.4196008961 46.2476021172 46.9989392895 46.2173109538 47.0395189014 46.0001447734 46.4593683923 46.3610730914 64.6115249945 64.6115249945 82.2897270068 46.2520617624 47.2792656667 47.0170232159 46.457299375 47.0380405069 47.3992756724 47.0395640296 46.7939934379 77.3815639274 69.4673649051 77.3815639274 46.6598185429 46.7907446554 46.1587194663 46.7689672552 46.8106659503 46.9376045819 46.1309561387 46.6256294875 47.404970387 47.3817106952 46.9124730518 47.1452961366 46.4306100809 46.7950580906 47.2088549587 47.1663440258 46.1963479533 46.6696247381 47.0646981148 46.310533388 47.3910976423 47.1444028474 46.9625350394 46.7438148002
47.2583196862 46.5287822653 46.3282485909 46.0078547833 46.4950667232 46.0227400225 46.3534344851 46.798419339 47.366894555 46.591446702 46.3925330566 46.4672222562 46.7799843204 46.1986088077 46.4329817233 55.8092887942 82.2897270068 82.2897270068 46.3153784412 46.9910145998 47.0585969668 47.0916900474 46.3527337313 46.1188342448 46.7834149158 46.3205407213 69.4673649051 58.1914157945 61.7542500415 47.1674602448 47.383769587 46.7650784321 46.887660202 47.097054264 46.0969918855 46.6542202476 46.9498601085 46.6341598397 46.5456651183 47.3732260247 46.8631509407 46.2241289419 46.4773400811 47.3229307103 46.2416931462 46.0556535181 46.0917087384 46.043235184 46.8900610831 46.4894038721 46.8975473427 47.2652540587 46.972447372
47.1602949824 46.1360783529 46.4136595341 46.6241905421 46.47385011 46.7105832675 46.1497570778 46.9054217812 47.2634217208 46.9655532373 46.3556476102 47.0074162443 47.0597927548 46.3298781325 47.3384557488 46.1957929869 46.6886011736 55.8290546355 62.3728989195 46.718345989 46.5103453333 46.2251630735 47.2177366035 46.8900366859 47.1185996158 47.3312228381 58.1914157945 58.1914157945 58.1914157945 73.6096539711 46.7306921275 47.0218269338 47.0875599649 46.6487852191 46.042794833 46.4635257317 46.5360546382 46.9910776657 46.6308210272 46.9883991636 46.951255879 47.3226959309 47.3228609693 46.0314068864 46.5825358773 46.8310526456 47.2403010918 46.1932913755 47.1672329286 47.2253676689 46.1040871829 46.5579344013 46.9279736954
46.2822106848 47.0369355858 47.2544560308 46.1521004293 47.1273577532 46.4121879898 46.9418467766 46.9729488899 46.9860212337 46.8721262977 46.5406271008 46.4755101317 46.630720909 46.2534241633 46.0050730498 46.6170271235 46.3111893164 62.3728989195 62.3728989195 62.3728989195 46.1373026687 46.710142293 47.2167440996 46.6405823355 46.9610379182 46.3637840334 46.0316918325 46.5080489657 61.7542500415 63.0697229742 47.1113083892 46.9947639775 47.0482309948 46.5864839593 47.0226498031 46.1198905242 46.9830840796 46.39447384 46.3532356002 46.4050568883 46.3821867741 47.0607816866 46.4359651412 46.1495311113 46.9648059085 46.8628737991 46.6661171063 46.5491039652 46.2270919954 46.0621511131 46.3751865645 46.0984535946 46.3158422219
46.9714148524 46.4776445959 46.5379044039 46.5145661217 46.7788512291 46.4564321469 46.0568822732 46.537338254 47.2332072263 47.0969273471 46.9836321542 47.2044918777 47.0343563786 47.2864144802 46.7250475748 46.070660061 46.0311529693 62.3728989195 62.3728989195 46.3554931733 46.2883475597 46.543970636 46.3767897034 46.6591517994 46.0250064615 46.5759015582 46.5390668135 74.5558843652 46.9696886098 73.589603038 73.589603038 73.589603038 46.4349820306 46.0440959847 46.2262253536 47.1860307214 46.6562533737 47.2115959979 47.260995815 46.5019078752 47.3082115436 46.010601151 47.2215092977 46.0376025123 46.4822823779 46.1196602569 47.3961688202 46.7307731155 46.5320265444 46.6318291296 47.1392051053 46.7790341333 46.7509578471
46.5874324178 46.6474331801 46.0253608151 46.4089410986 47.2732870694 46.0787772374 46.3583571317 46.9502625346 46.1025633391 46.8815448511 46.2952033184 47.3389721641 46.4412852989 46.1442467556 46.0997251252 46.8887431258 46.764281786 46.4438549763 46.445106023 47.2119568859 46.7611412241 46.0446056885 46.4425153431 47.0418835252 47.0916960702 47.3247272241 47.0471168877 46.5083376287 46.741835901 73.589603038 66.5465190145 84.1149488798 84.1149488798 46.6340014409 47.4081526197 46.0332016463 46.0617430186 46.4579459124 47.2302095699 46.7789052659 46.9876604754 46.5524643728 46.530315706 46.2194130578 46.8043819933 47.3703183477 46.3569993978 47.4021153688 46.2046358413 46.0232855016 47.0926486863 47.2092061422 46.0174963591
47.2445218495 46.9043961411 46.2367023548 46.0812841067 46.3915038473 47.3893727666 46.9184589741 46.5327277119 47.3960564662 47.0523597104 46.8471036649 46.2192147908 46.3692824019 46.9165776824 46.1437152185 47.2614957319 46.4140292309 46.4561371695 46.3396975419 46.5736062009 46.7921650242 46.1875640185 46.978854383 46.7380400097 46.2665919673 46.9559508609 46.9106047558 46.186660519 46.9521686032 73.589603038 66.5465190145 66.5465190145 66.5465190145 46.9114595301 46.5336422024 46.7290976393 46.7341227617 46.6416072408 46.0241302461 46.7532386656 46.5578583313 47.281815645 46.4874221946 46.8459155037 46.1753666521 47.1874290898 46.7857600061 46.2919142699 47.3890802564 47.1799666935 47.0460830334 47.2456345253 46.306476233
47.2924375519 46.4894842222 47.199922445 46.0844860311 46.1247509247 47.2005150366 47.1698956263 47.2695023726 47.2458519958 46.4700993203 47.1724155584 46.1394643131 46.1669634195 46.8296838487 46.8696589999 46.1158663589 46.4094994858 47.3653187032 46.4857817031 46.1063946675 46.9939078373 46.2984748904 46.8592408842 46.0674284551 46.8720681802 47.0246090126 47.0207430959 46.7269500726 47.3871323821 65.0993787155 66.5465190145 70.2378175861 47.2028239395 46.0145842726 46.5614302013 46.4797821975 47.0060987401 47.1876269224 46.2078345917 47.389140414 47.1930187734 47.3968732809 46.7913314915 46.9018670079 46.2335315313 46.7725244202 46.557310187 46.3855990875 46.9235448922 47.0377844309 46.7740251766 46.9055268529 46.4344190449
46.9768547271 47.3375804482 46.1956547381 47.2780338042 47.3246158371 46.4778571538 46.4127329557 46.8963371372 47.3536590323 47.3945792337 47.3225726612 46.2954163087 46.8534113095 46.5700336849 46.955598483 46.1081302655 46.4560389561 46.6167810366 47.1762469725 46.3086395517 46.7335789454 46.2030936462 46.4491546132 46.7538273926 47.0849124974 47.3975184522 46.6293884703 47.3647297034 47.3373500385 46.778434467 70.2378175861 70.2378175861 70.2378175861 46.5648652043 47.3339406219 47.095326211 46.0408308087 46.3338261431 46.9381064666 47.3937584698 46.6307205415 47.1883255427 46.7313545535 46.0058393678 46.1536580008 46.0513552914 47.3893498167 46.3491984945 47.2900293191 47.4136756474 46.9339603596 46.5325102055 46.2567990454
46.1183863791 47.2899287629 47.0246032377 46.754910481 46.837388863 47.0159992727 46.108094643 46.3489188907 46.3172312621 47.1556825101 46.6097212139 46.0554337336 47.1876234586 46.6355000343 46.523730565 46.1027183568 47.0626885545 47.2754948052 46.7681833261 47.1141511773 47.2486518828 46.2938504215 47.1368394623 46.0254254568 47.0442015464 46.7296464179 46.3313356684 46.9609230662 46.8414249455 64.921410999 47.1622554791 47.1913714019 46.7740355041 46.4343499445 47.1458095428 46.0528449668 46.2056104565 46.7032074222 47.2698476415 46.8362715756 47.1389722093 46.9968016701 47.0010137231 47.1178283769 47.3164040084 47.1046387117 47.3820637718 46.6696446789 46.5294551448 47.0965118699 46.9977979806 46.2374898262 46.2557633059
46.8019984678 46.6645102728 47.0841229414 46.7333876461 47.0038864576 46.8751147584 47.2655374123 47.1060753044 46.2929015291 47.2460515094 47.245648464 46.0170462279 47.1963026567 46.3935674544 46.3734407795 46.5289851386 46.2798249309 46.9400430082 47.3679585887 46.5788244423 46.7020605994 46.043825075 46.8943730561 46.8808955454 47.1641742351 47.2419783379 47.2360763415 46.6640502595 60.814750104 78.7709075217 78.7709075217 78.7709075217 46.5445995332 46.8642620257 47.2485536925 46.6590457451 46.7995436138 46.6510236047 46.8316698818 46.2707170341 47.0865179771 47.1126595359 46.2678083053 46.3827906098 46.1094698751 46.2367877656 46.3870224418 46.1005618518 47.0530643008 47.3914223358 46.2905522807 46.9514962926 46.879977548
47.3788984704 46.4460537459 47.0453410437 46.8826221691 46.7186648372 46.2455909147 46.8783402685 47.2804034189 47.0343923836 46.2616305447 46.0466334292 46.3731040929 47.2580062196 47.1803785419 47.0088423815 46.0485305383 46.716808598 46.3580661818 46.4271749854 46.6732884991 46.0453228826 46.6095074765 46.632055263 46.6059362266 46.0458208189 46.1556702217 46.4682068415 61.0455088372 46.548079756 78.7709075217 78.7709075217 47.0282113085 46.7222239972 47.4093257973 47.3480130607 46.2225519412 46.8286958464 46.0636675856 46.8201276293 46.5210695891 46.4763728339 46.6146035443 47.2768491401 46.675213637 46.4309997235 46.2383900842 47.4050385541 46.4973316228 46.931467798 46.1960045813 46.20963429 46.869237512 46.6001220805
46.0169051303 46.9955492232 46.6854757495 46.1135036199 47.2186310307 46.412264227 47.176210662 46.6534266713 46.7599140179 46.463923512 46.9931707449 46.0999515321 47.1747696753 46.7623794971 46.2875243128 47.3464267934 46.6299796073 46.9364902276 46.5451628008 46.3762017874 66.399161698 47.0132990114 46.3499152871 46.9129826943 46.5543173353 46.9071211149 47.1930059444 46.0047510616 46.3680203056 76.570076753 78.7709075217 76.570076753 46.3407040925 46.4975841373 47.0232241527 46.9966778858 46.7499305444 46.9871950008 46.1693078493 47.1639561825 46.7979505629 46.4534521978 47.0004935727 47.149215612 46.6440966382 46.5358582006 46.9898551567 46.7130177618 47.2293096746 46.9612357487 47.0226867412 47.1368205701 46.5845609856
47.0553345574 46.9844335502 46.6770009072 46.7907415563 47.0961752495 46.2565727201 47.4117990085 46.4019232857 46.5517286963 46.5542522903 46.7895771622 46.2955257892 46.5084395392 46.7822487837 46.3532395661 46.1245258773 46.3064073884 46.5847929663 47.2300634552 46.1020153109 47.1046217399 46.5300822876 76.8126877097 47.1313845915 46.8723775022 46.0944009507 46.5497200721 47.3933841183 66.0902286341 47.2668422946 76.570076753 47.0874816293 47.0087200269 46.2993474314 46.0268600921 47.2871925837 46.3277782539 46.3164634806 46.1770916461 46.6937894293 46.7809884772 47.3033672621 46.3548337929 46.4795222939 46.7823771286 47.0663029522 47.2531624057 46.0657207033 46.4113568055 46.6491422312 46.9753536872 46.4276293783 46.5041711257
47.344233381 46.3208148913 46.0148549239 46.7903912673 47.0959730802 46.7661750849 46.3046352767 47.083741599 47.2702454959 46.6231093065 47.0510101137 46.1279618877 47.2769416036 47.0561830498 46.1083916964 46.8611980592 46.2909397978 46.8293080894 47.0575850545 46.0053388719 46.5338285597 90.1939541746 47.3042299897 60.7057236932 46.26096016 46.3166083049 47.3311186424 46.5211810759 66.0902286341 46.7046713739 47.2902255281 46.4455490236 46.5416139313 47.3308893747 47.2446543902 46.7511687042 47.3044751593 46.5254232704 46.3869280819 46.2124061301 46.5217915008 47.2771463887 46.8534868693 47.1403097393 46.8428617531 46.5533782597 46.1641498583 46.0278888516 47.243281037 46.8861938734 47.4045435874 46.6905221016 47.0384808234
46.5344058614 47.102078735 47.3121216718 46.4875930503 47.0410313664 46.4328132544 46.8744221776 46.5905805655 47.2748005539 46.3815754186 46.9127147803 46.2056287024 46.8391744706 47.1822339755 46.9311534763 46.9655964657 47.2841146657 46.5283476181 47.2105316169 46.438823547 90.1939541746 90.1939541746 58.1685046495 60.7057236932 60.7057236932 83.7689090897 83.7689090897 81.6491703056 46.2802993668 47.1006355739 46.6386555224 46.6328122358 46.6213596171 47.1116290907 47.3101358834 46.3168113834 47.2878939964 46.4061545782 47.4129873034 46.700863794 46.8854010209 46.0892963891 46.6289989803 46.2110364087 46.1899286679 46.9973196321 47.0406984957 46.7089182073 46.8417130423 46.4797556548 47.1376022939 46.3548658808 46.336585335
46.7104075146 46.2457274589 46.8293764631 46.6406488387 46.3020171418 46.8706470394 46.4273460525 46.3394810655 46.1935918131 47.322116059 47.0752340453 47.1395543325 46.7024353527 47.0787883198 46.8396235123 46.5407925234 46.2225917874 47.012224587 46.0204785386 46.1381639989 46.3076773786 46.9444076604 63.6322148543 60.7057236932 60.7057236932 59.7548115868 83.7689090897 83.7689090897 47.0449730528 46.9092953556 70.5974324766 70.5974324766 47.3313132537 46.0434089348 46.1414649362 46.8932708215 46.0614761048 47.1776906086 46.0912666753 46.6527090844 46.2955468384 46.6543929883 46.6432668875 46.6015163288 46.4074574291 46.8410002674 47.1245976555 46.5541749451 47.2695755338 46.6112111412 46.4397513853 46.2109988003 46.1915943976
46.4654826819 46.1294246172 47.1012624078 47.1084381302 46.3827674348 47.1618975158 47.1662614475 46.2769030861 46.4223347239 46.3283255933 46.3913321004 47.3232950673 46.7020089932 47.3886000841 46.621234023 46.433762848 47.2377731374 46.4719512485 46.6160645054 46.7603214325 46.3453644254 46.4330371061 46.4382341586 46.5503703534 46.0029853191 46.6079651159 62.0602588654 46.3567742788 79.4546634741 66.8261668007 66.8261668007 46.6526513131 46.4578243258 46.886658899 46.8729908453 47.1455277706 46.1268547798 46.2955919356 46.5772129477 46.7052815522 47.144213395 46.2303784346 46.4357847987 46.568553983 46.0664576354 46.1434781596 46.0614714561 47.2797128729 46.3885630001 46.7832142052 46.4892859239 46.6326316684 46.5406651471
46.4723058251 46.6494227064 46.0534082358 47.1327992516 47.1354089585 47.0548751496 47.2953222139 46.1704412887 46.2429316641 46.5941423112 46.2290399058 46.2782173676 46.5700831261 64.3511892754 65.5916132199 65.5916132199 46.2667221797 78.9133306187 46.8435975751 46.2469455952 46.4187901573 46.3269262175 46.3839907334 47.3096807048 46.6574199249 47.3617783203 46.7565255318 47.3605192519 46.937314628 66.8261668007 66.8261668007 66.8261668007 46.992452985 46.3556624081 46.4690732222 46.9426510117 47.0338828516 46.2695357076 46.9309693582 46.0674063218 46.9072476656 46.9635257572 46.3510005222 46.106858452 46.7064345102 46.40729928 46.0938689961 46.5801397775 47.2947244866 46.4358568776 46.2688370416 46.8513995868 46.2844240574
46.9601844612 46.2215391924 46.5791069672 46.3654679719 46.9745151849 46.1789792085 46.200929909 46.6800488626 46.0748719461 46.0775192086 46.5699517864 46.6310176936 59.8385938562 59.8385938562 65.5916132199 65.5916132199 65.5916132199 78.9133306187 47.2798539992 46.1934909601 47.2907386378 46.1349580422 47.137390838 77.3914217337 59.0286205728 46.7761367019 46.3606843718 46.199261555 47.2030785325 70.4816107197 80.8363080457 47.0391969708 46.186099461 46.962828203 46.2929951043 46.5782143335 46.8508738268 46.5397901297 93.0616987349 85.9741851752 47.0285940886 86.3296382678 76.6826064619 46.1548355442 46.4750688648 46.9895515395 46.8208788555 46.6356488177 46.7577446489 47.1480521218 46.9879444155 46.599387602 47.0774372394
47.1521416698 46.0229882295 47.0922005279 46.4011831362 46.701248251 46.231065138 46.091246454 46.9192256256 47.2861251204 46.9040838747 46.4774615514 47.1540595208 59.8385938562 59.8385938562 59.8385938562 65.5916132199 78.9133306187 78.9133306187 46.0318664651 46.1835063713 46.3353343873 46.7266849337 77.3914217337 47.3079462506 46.9700310613 46.834802762 58.9717423417 46.8140492362 70.4816107197 70.4816107197 70.4816107197 74.5689234341 75.467937448 47.3046109077 46.4209037617 57.7065487128 46.5978618269 47.0537364734 93.0183610424 93.0183610424 46.5059528669 76.6826064619 76.6826064619 46.65244631 46.8103363256 77.5710142915 46.3954869054 46.5513450862 47.3048724013 46.8650666303 47.1332994757 47.1476916345 46.4842287026
47.2649473411 47.0866300655 46.8744384335 46.5819619398 46.2411496976 47.4039170531 46.4255859143 46.1912205576 46.1238794266 47.2546962658 46.2617890442 46.9468482007 58.8112390722 46.5102655767 46.7697640129 46.864823942 46.8490979689 46.5861447581 46.7602844578 46.631629856 46.8902105942 47.0832016794 47.3438214154 46.4051437376 46.8670238042 59.0286205728 70.6155503199 46.1832925676 47.1912157688 70.4816107197 70.4816107197 74.5689234341 64.5686793568 64.5686793568 46.6119166836 57.7065487128 57.7065487128 46.0132254056 93.0183610424 93.0183610424 85.9741851752 86.3296382678 76.6826064619 46.2658354746 47.2658040651 46.2690145838 46.2205744306 77.2135108234 46.893307162 46.8565805508 46.046735252 46.5145032925 75.0910911933
46.1613166128 47.2356508943 46.3445712609 46.8236205741 46.6616862531 47.1117322252 46.1413054436 47.042853885 46.5624829809 46.0505323669 47.0022064017 80.3996875017 80.3996875017 46.4896104294 46.7113476458 47.2170564261 46.9139296303 46.368889437 47.337327126 46.0517276893 46.9906044341 46.3199284738 65.3543128087 46.5415437966 46.8779894064 46.1879427684 46.5291009569 46.9053650644 46.9495049417 47.2257468397 74.5689234341 65.7070055176 64.5686793568 64.5686793568 57.5129136531 57.7065487128 57.7065487128 57.6768291786 46.7060948672 93.0183610424 46.9927415227 46.6175919105 47.0474355519 46.5841473156 46.8088378678 47.3023313107 47.2659085664 46.3441901619 47.0930103685 46.5318457414 53.9311970247 75.0910911933 75.0910911933
