Spatial_Output/BAU/BAU_1059.asc
NCOLS 155
NROWS 192
XLLCORNER 196307.867259
YLLCORNER 449144.565805
CELLSIZE 33.573938
NODATA_VALUE NaN
[rows 150 to 174 of 192, columns 56 to 111 of 155]
23.1988851626 22.9002179896 22.8825756428 22.5986054493 22.9168614188 23.0964131709 22.7601270953 22.5259219873 23.0690810113 14.4920651343 31.2568151764 9.6627734652 22.568611001 22.8783641411 23.1419730818 22.6512867799 22.6534995294 22.7521588555 22.7672634439 22.6979371543 22.5948802294 22.6082946151 22.5639729597 23.1606052061 23.1254686605 23.1897411001 22.809400577 22.5268885464 23.0013078318 23.0208770386 22.7950802769 22.9783091505 22.8161801369 23.0678514771 22.6252834596 22.635239267 37.1105140643 39.7547998861 39.7547998861 22.8791784861 22.9296227773 22.6931994886 23.1366148615 23.1600828475 22.6813365258 22.8112557988 22.7404688453 23.1103394824 23.0454708488 22.5474179997 23.0965940568 23.123369389 22.9292800231 22.5936690235 22.759370809 22.6570260556
0 0 22.6361779489 23.0843593488 22.6929689241 23.1905699737 23.1426481249 22.600603554 23.0164197512 15.4096960998 28.2076376471 16.2529575684 22.7909756606 22.5565033059 22.5085549186 22.9391355373 22.5269492454 22.5688092761 22.9911686511 22.5325123659 22.8157270737 22.6983461601 22.9063622562 22.5558918029 23.0408595768 22.7080202507 23.0633294676 22.9068872166 22.735457919 22.9682349905 23.0078451751 23.1260815866 23.0063718038 23.1007332637 22.8266402451 22.5484528499 39.7547998861 39.7547998861 22.8210528032 37.5884649787 22.778290404 22.6340146902 22.9893879531 22.5489206419 23.1192182224 22.9608979537 23.1502082594 23.0624670223 22.9507794079 23.0667536331 22.6459747879 22.637532345 23.0812559815 22.9838612388 22.8996470045 22.7378266782
0 0 0 0 0 22.5904619619 22.6062250991 22.9272545739 23.1610843637 28.9161377781 18.1993800806 12.1000885748 23.13964457 23.0300430353 22.6138786136 22.9062327068 22.7573415731 23.022410802 22.9187128668 23.1679135081 22.534901919 22.6270485037 22.6469530725 22.8889829504 22.6226816668 22.6511216188 22.9167658371 22.9296414325 22.5199003753 22.6513627723 23.1967401988 22.9052518285 22.6414046429 22.6744034309 22.502773792 23.1600201898 22.5965715298 22.6875164562 37.4315608591 42.7022131536 22.9294674873 22.625433505 22.6700057277 22.6810498806 22.6880287727 23.0269824684 23.0980837075 22.8686897666 22.9397434628 22.7878553949 22.6101742541 22.6449831363 22.8145808672 22.5862374216 22.8944092 22.8394267714
0 0 0 0 0 0 0 23.0972307077 22.7849719145 22.7126138295 64.8026957666 64.8026957666 22.9813184593 23.0308783947 22.9906369475 22.8359514058 22.717741167 22.5349039914 23.1676662629 22.8147057519 23.0866642315 23.099451956 22.5526383181 22.6755985762 22.6757984664 22.8929963869 22.8489283988 23.0098524231 22.7587929883 23.1227538638 23.1747809611 23.0535456992 23.1162209682 22.6993281216 22.8890419514 22.6802198378 22.8635664632 23.0767215817 37.4315608591 37.4315608591 37.4315608591 22.8752980645 23.1198123796 22.8848561355 23.0520546718 23.1017785991 22.9287366298 22.9260272679 22.5399424397 22.8734947389 22.9912991318 22.6920033339 22.5144268264 22.839084148 22.960435193 22.6662948404
0 0 0 0 0 0 0 0 0 64.8026957666 64.8026957666 64.8026957666 62.3372574451 23.134254188 23.0212336089 0 0 22.6686701696 22.527550231 22.7441905332 23.1806572935 22.9755537152 22.9671102229 23.1907681337 23.027106428 22.7091412779 22.7792800981 22.5274387079 23.1343822161 23.1507521741 22.5059320516 22.9917968376 23.0346678379 22.537355869 22.5235749611 23.2032631522 22.7053114736 23.2040373885 37.4315608591 37.4315608591 22.5406058174 22.8074497365 22.9419911011 23.0149305535 23.1247613226 23.0516622592 22.7335965312 22.6634881841 23.1914916398 22.6545438102 22.8520657628 22.9810857116 23.1491601235 22.7312999998 22.8778994143 22.9646984077
0 0 0 0 0 0 0 0 0 0 61.1182453252 62.3372574451 62.3372574451 57.2665663597 0 0 0 22.7201278221 22.9174686226 22.8586839365 22.8120459482 22.9468254583 22.5428525074 22.7009602084 23.1098046782 23.0745991445 22.6245038893 23.1792693076 23.0720971121 22.6388983021 22.8866391659 22.8059249227 23.1050623657 23.1280284246 22.6598051797 22.6096056247 22.6737653314 22.8914616699 22.6419059497 23.0431784168 23.2001436795 23.1963267226 22.5799626588 22.6065469741 23.0070542778 22.9069136236 22.6242446255 22.9005893407 22.990124657 22.9571639794 23.039829238 23.1792243823 22.7896985286 22.6439640071 22.6457362494 22.9199314469
0 0 0 0 0 0 0 0 0 0 47.1463193062 57.2665663597 57.2665663597 57.2665663597 0 0 0 0 22.5864948341 22.9689207736 22.9973035435 23.0972064138 22.7948770453 23.0275635632 23.1023746024 22.8667084657 22.5420046206 22.6929695803 23.0148707361 22.5369570121 22.8113972751 23.1609298957 22.5203544817 23.0851045445 22.6776021953 22.5875508171 23.1719984319 22.7986288879 23.1655993445 23.1825674074 22.5455894974 22.8579240444 22.8939310519 22.7810481175 23.1936692273 23.1956141249 23.1003621387 22.8799606523 22.5992331038 22.7646764184 22.9910437004 22.7147248206 22.9197653021 23.1824623341 22.838806771 22.8637032468
0 0 0 0 0 0 0 0 0 0 0 53.1702123194 78.0102145872 78.0102145872 56.0474666474 0 0 0 0 23.0814104425 22.5728944922 22.6917021872 23.1951573271 22.7918101226 22.7644320922 22.8795114562 22.9972913359 22.9297327189 23.0669854406 22.9918072868 23.0554200914 23.1464556889 22.6115258071 22.7207503519 22.6921478468 23.1639749822 23.07919605 22.9974449781 22.6528861676 22.9710854016 22.9028005773 22.6222501143 22.6868816694 22.8036702633 22.9185203113 22.5889145159 22.9451054016 23.0363229515 22.6464150027 22.8457341008 23.0895574477 22.9967836554 22.877984127 22.8464569198 22.919239343 23.0630010824
0 0 0 0 0 0 0 0 0 0 0 42.3014984396 78.0102145872 78.0102145872 0 0 0 0 0 0 22.6775099493 23.0514451723 22.7237102833 22.7816756621 22.8005463427 23.065387666 22.9807507118 22.7639134495 22.6121613604 22.7352275817 22.9633031769 22.9645501849 22.6951270633 22.9819776859 22.5849760294 23.1711661264 23.131110268 22.7009272993 22.5138384743 22.568523776 23.0000404527 22.552235779 22.8310610703 22.6948018695 22.8503408312 23.128013563 22.8211178596 22.7450242772 22.9731531021 22.9473376304 22.5231832069 22.6086059837 22.9647195173 23.0552392811 23.1507435441 22.8297377973
0 0 0 0 0 0 0 0 0 0 0 0 0 0 0 0 0 0 0 0 0 22.7191636443 22.9629751885 23.0204879654 22.6266157415 23.1555282559 22.898766285 23.1733032946 22.5209849375 22.5861849179 22.8354050561 23.1615361838 23.0875266182 22.5945310372 23.0196426335 22.9196349134 23.1309841931 22.6052446926 22.8358038169 23.1872359721 22.9006550405 22.7364393497 22.8524319658 22.8541635001 23.1645146143 23.1970239051 22.5575092263 22.7339820339 22.825603874 22.5849466099 22.9957632981 23.0735965193 23.1893804561 22.7595252832 22.7906985184 22.5254446368
0 0 0 0 0 0 0 0 0 0 0 0 0 0 0 0 0 0 0 0 0 0 0 0 0 22.898829937 22.5388449605 23.1461185132 22.6363817196 23.0018847032 22.847668193 23.1464961566 22.5775259433 23.1408816621 22.5567172473 23.1763543256 22.5545230498 22.8096429774 23.1838398709 22.779501326 22.512115966 22.6240431058 23.2034018608 22.8700092928 22.7602977488 23.1631686723 22.8148118449 23.0610047051 22.5045928582 22.9713184356 22.9021118388 22.7038668057 22.552061034 23.1409846131 22.8430761642 22.6573287037
0 0 0 0 0 0 0 0 0 0 0 0 0 0 0 0 0 0 0 0 0 0 0 0 0 0 0 0 0 22.7145857335 22.5732887824 23.1031919215 22.8778229757 22.7746116765 22.5585433262 23.0406424717 22.8690133539 22.921435488 23.1355356722 22.7836068125 22.6609088276 22.8051195816 22.8450161648 22.8762914133 22.6190657496 22.7447287504 23.1769236282 23.0357650074 23.021569288 23.0331329702 22.7247390238 23.016865038 22.9463239986 22.5724372314 23.0609217537 23.128122191
0 0 0 0 0 0 0 0 0 0 0 0 0 0 0 0 0 0 0 0 0 0 0 0 0 0 0 0 0 0 23.1660434991 22.6827399094 22.5813468035 22.8219064461 22.5223143256 23.0530950456 22.7385964403 22.7593443687 22.6038945119 22.5202507067 22.5547466551 22.6860559824 22.6233677668 22.7828891806 23.1298338883 22.6303850586 22.9597524074 23.0244403668 22.8458224097 22.8317923001 22.5145839101 22.5214160121 22.7032877696 23.1186815901 22.7289984293 22.9898635925
0 0 0 0 0 0 0 0 0 0 0 0 0 0 0 0 0 0 0 0 0 0 0 0 0 0 0 0 0 0 0 22.5822123039 22.901677198 22.9233049402 23.1411042545 22.9428457508 22.7420190624 22.7306203782 22.9366606838 22.9939160519 22.6427422418 23.1914059799 22.591145595 23.0446180099 22.9376478829 23.0006617404 22.5471102871 22.9256099161 23.1727081583 23.00820319 23.1715885182 22.8348018821 23.1761754777 23.0630579325 22.9475155241 23.0148070022
0 0 0 0 0 0 0 0 0 0 0 0 0 0 0 0 0 0 0 0 0 0 0 0 0 0 0 0 0 0 0 0 23.0577255211 23.1553785807 23.0237338341 22.641261229 23.1530777179 22.9745044866 22.8612832358 22.6585103066 23.0706912264 23.0273360976 22.9976997587 22.7155771409 22.9056714182 22.9404701578 23.0929289302 23.0940541315 22.7639453301 22.8842777727 22.8283737977 22.6189089284 23.0041672378 22.9518240325 22.5480543445 23.0323203973
0 0 0 0 0 0 0 0 0 0 0 0 0 0 0 0 0 0 0 0 0 0 0 0 0 0 0 0 0 0 0 0 0 0 22.7723499665 22.7503042725 22.9473609345 22.7861059761 22.5156004723 22.9259380703 23.1880243719 22.9500760771 22.6105399616 23.1701732429 22.7234046598 22.9465702698 23.1535730651 22.5063101377 22.624463993 22.5219672594 23.1188563331 22.6400142629 22.9081348903 23.0620365181 22.7711833481 0
0 0 0 0 0 0 0 0 0 0 0 0 0 0 0 0 0 0 0 0 0 0 0 0 0 0 0 0 0 0 0 0 0 0 0 23.0224407267 23.1267029605 22.80223544 23.0364363698 23.2060256609 23.038678124 22.7690351241 22.5267590012 22.6777101151 23.1492182861 22.8700067847 22.8280495874 22.8308251749 22.669873551 22.9725344041 0 0 0 22.7414070245 22.7979290287 0
0 0 0 0 0 0 0 0 0 0 0 0 0 0 0 0 0 0 0 0 0 0 0 0 0 0 0 0 0 0 0 0 0 0 0 23.1099937244 22.6979436914 23.1081300727 22.6298472973 23.0647919942 22.5129670064 22.8631963894 22.7756058562 22.6184139458 22.8402418693 23.1176626698 22.6122086138 22.7420100049 22.7189618049 0 0 0 0 0 0 0
0 0 0 0 0 0 0 0 0 0 0 0 0 0 0 0 0 0 0 0 0 0 0 0 0 0 0 0 0 0 0 0 0 0 0 0 22.6679169964 23.1181005403 22.757376669 22.7686794452 22.8038621899 22.5122786389 22.5427961332 22.5433060713 22.6296092859 22.8176870579 23.1083173796 22.940801796 0 0 0 0 0 0 0 0
0 0 0 0 0 0 0 0 0 0 0 0 0 0 0 0 0 0 0 0 0 0 0 0 0 0 0 0 0 0 0 0 0 0 0 0 0 22.6944614052 22.5076805577 22.9920851189 22.5739012143 22.555635215 23.087186871 22.886672838 22.5686502703 22.5156704954 23.0394266925 34.9657878722 42.6702662508 0 0 0 0 0 0 0
0 0 0 0 0 0 0 0 0 0 0 0 0 0 0 0 0 0 0 0 0 0 0 0 0 0 0 0 0 0 0 0 0 0 0 0 0 0 23.1882732835 22.8446348535 22.7928651129 23.1291685269 23.1147431784 22.9235224757 22.7414410735 23.0643690432 18.8222192377 9.2297147991 23.1854909704 0 0 0 0 0 0 0
0 0 0 0 0 0 0 0 0 0 0 0 0 0 0 0 0 0 0 0 0 0 0 0 0 0 0 0 0 0 0 0 0 0 0 0 0 0 0 22.9883496644 22.8698977491 22.9763882337 22.9460375365 22.5788139366 23.1066111343 22.5761659491 20.1646546201 20.0528467712 15.8406542762 50.9466185547 0 0 0 0 0 0
0 0 0 0 0 0 0 0 0 0 0 0 0 0 0 0 0 0 0 0 0 0 0 0 0 0 0 0 0 0 0 0 0 0 0 0 0 0 0 0 23.0182198443 22.7762145371 22.9671213495 22.9376959404 23.0449327494 22.7200949846 27.928464437 13.0873732014 21.8749618873 60.4658204153 60.4658204153 0 0 0 0 0
0 0 0 0 0 0 0 0 0 0 0 0 0 0 0 0 0 0 0 0 0 0 0 0 0 0 0 0 0 0 0 0 0 0 0 0 0 0 0 0 22.7976868232 23.06107329 22.6961409271 23.2020465948 22.7605249311 0 0 65.7458551613 60.4658204153 60.4658204153 57.9838360497 35.5718391817 0 0 0 0
0 0 0 0 0 0 0 0 0 0 0 0 0 0 0 0 0 0 0 0 0 0 0 0 0 0 0 0 0 0 0 0 0 0 0 0 0 0 0 0 0 22.7839059033 0 0 0 0 0 43.2470021843 60.4658204153 60.4658204153 57.9838360497 45.9430686759 0 0 0 0
