Spatial_Output/BAU/BAU_0846.asc
NCOLS 155
NROWS 192
XLLCORNER 196307.867259
YLLCORNER 449144.565805
CELLSIZE 33.573938
NODATA_VALUE NaN
[rows 111 to 147 of 192, columns 0 to 82 of 155]
0 0 0 0 0 0 0 0 0 0 0 0 0 0 0 0 0 0 0 0 0 0 0 0 0 0 0 0 0 19 19 19 19 19 19 19 19 19 19 19 19 19 19 19 19 19 19 19 58.613724613 50.465854023 50.465854023 19 19 65.8848389413 19 44.1780918961 44.8774531145 44.8774531145 50.1827172562 50.1827172562 47.3547490223 19 55.1444975313 55.1444975313 56.6838599083 44.1651219669 44.1651219669 44.1651219669 33.6707842553 39.42582379 39.42582379 48.702758215 48.702758215 19 42.8448446765 42.8448446765 19 19 19 19 19 19 19
0 0 0 0 0 0 0 0 0 0 0 0 0 0 0 0 0 0 0 0 0 0 0 0 0 0 0 0 0 0 19 19 19 19 19 19 19 19 19 19 19 19 19 19 19 19 19 19 19 58.613724613 19 19 19 65.8848389413 65.8848389413 65.8848389413 44.8774531145 44.8774531145 19 50.1827172562 47.3547490223 19 55.1444975313 55.1444975313 19 19 44.1651219669 45.4317930541 33.6707842553 39.42582379 39.42582379 48.702758215 19 19 19 42.8448446765 19 19 19 19 19 19 47.990110012
0 0 0 0 0 0 0 0 0 0 0 0 0 0 0 0 0 0 0 0 0 0 0 0 0 0 0 0 0 0 0 19 19 19 19 19 19 19 19 19 19 19 19 19 19 19 19 19 19 44.2952969113 44.2952969113 19 42.9785243692 19 42.9785243692 42.2593716987 19 44.8774531145 19 50.1827172562 19 19 19 55.1444975313 19 19 19 19 19 19 19 19 19 19 19 19 19 19 19 19 19 19 47.990110012
0 0 0 0 0 0 0 0 0 0 0 0 0 0 0 0 0 0 0 0 0 0 0 0 0 0 0 0 0 0 0 19 19 19 19 19 19 19 19 19 19 19 19 19 19 19 19 19 44.2952969113 44.2952969113 44.2952969113 44.2952969113 19 19 19 19 19 19 19 19 19 19 19 19 19 19 19 19 19 19 19 19 19 19 19 19 19 19 19 19 19 39.4838680928 39.4838680928
0 0 0 0 0 0 0 0 0 0 0 0 0 0 0 0 0 0 0 0 0 0 0 0 0 0 0 0 0 0 0 0 19 19 19 19 19 19 19 19 19 19 19 19 19 19 19 19 19 44.0981079534 44.0981079534 19 19 19 53.5931290082 36.0783834064 19 19 19 19 19 19 19 19 19 19 19 19 19 19 19 19 19 19 19 19 19 19 19 70.1007629554 44.1513370709 44.1513370709 49.3153192364
0 0 0 0 0 0 0 0 0 0 0 0 0 0 0 0 0 0 0 0 0 0 0 0 0 0 0 0 0 0 0 0 19 19 19 19 19 19 19 19 19 19 19 19 19 19 19 19 19 44.0981079534 44.0981079534 19 19 53.5931290082 53.5931290082 19 19 19 19 19 19 19 19 19 19 19 19 19 19 19 19 19 19 19 19 19 49.6141159036 37.8877583699 37.8877583699 37.8877583699 44.1513370709 44.1513370709 49.3153192364
0 0 0 0 0 0 0 0 0 0 0 0 0 0 0 0 0 0 0 0 0 0 0 0 0 0 0 0 0 0 0 0 0 19 19 19 19 19 19 19 19 19 19 19 19 19 19 19 41.7066873939 41.7066873939 48.534121197 19 49.2461079265 75.1319988342 53.5931290082 40.0030245503 75.5385945333 19 60.7621084451 19 69.7672247467 19 19 19 19 19 19 19 19 19 19 19 19 19 19 19 19 37.8877583699 37.8877583699 19 70.1007629554 44.1513370709 19
0 0 0 0 0 0 0 0 0 0 0 0 0 0 0 0 0 0 0 0 0 0 0 0 0 0 0 0 0 0 0 0 0 19 19 19 19 19 19 19 19 19 19 19 19 19 19 19 19 55.6529884932 41.9319236379 41.9319236379 49.2461079265 49.2461079265 69.8025537953 40.0030245503 40.0030245503 60.7621084451 60.7621084451 60.7621084451 50.8192242148 50.8192242148 42.7207666606 19 19 19 19 19 19 19 19 19 19 19 19 19 37.8079686893 19 37.8877583699 19 19 19 19
0 0 0 0 0 0 0 0 0 0 0 0 0 0 0 0 0 0 0 0 0 0 0 0 0 0 0 0 0 0 0 0 0 0 19 19 19 19 19 19 19 19 39.4082066429 49.8492074605 19 19 19 19 45.3277175136 48.534121197 41.9319236379 41.9319236379 49.2461079265 49.2461079265 69.8025537953 40.0030245503 44.4903704123 44.4903704123 60.7621084451 51.4928273966 50.8192242148 42.7207666606 42.7207666606 19 19 19 19 19 19 19 19 19 19 19 19 19 19 19 19 19 19 19 19
0 0 0 0 0 0 0 0 0 0 0 0 0 0 0 0 0 0 0 0 0 0 0 0 0 0 0 0 0 0 0 0 0 0 0 19 19 19 19 19 19 19 39.4082066429 39.4082066429 39.4082066429 58.2490253944 19 45.2332995629 45.2332995629 45.2332995629 41.9319236379 41.9319236379 19 19 19 44.4903704123 44.4903704123 19 19 19 19 50.8192242148 42.7207666606 19 19 19 19 19 19 19 19 19 19 19 19 19 19 19 61.7997170396 19 19 19 19
0 0 0 0 0 0 0 0 0 0 0 0 0 0 0 0 0 0 0 0 0 0 0 0 0 0 0 0 0 0 0 0 0 0 0 19 19 19 19 48.337706162 48.337706162 48.337706162 47.9062178183 39.4082066429 49.8492074605 19 19 19 45.2332995629 45.2332995629 19 19 19 19 19 19 36.9558396235 19 36.9558396235 19 19 19 19 19 19 19 19 19 19 19 19 19 19 19 19 19 19 19 19 61.7997170396 19 19 19
0 0 0 0 0 0 0 0 0 0 0 0 0 0 0 0 0 0 0 0 0 0 0 0 0 0 0 0 0 0 0 0 0 57.4986684938 59.3306282728 40.8678081847 19 19 19 19 48.337706162 19 19 19 19 19 49.8994653934 19 19 49.8994653934 19 19 19 19 19 19 19 36.9558396235 36.9558396235 36.9558396235 19 53.2004850929 19 19 19 19 19 19 19 19 19 19 19 19 19 19 19 19 19 19 19 19 19
0 0 0 0 0 0 0 0 0 0 0 0 0 0 0 0 0 0 0 0 0 0 0 0 0 0 0 0 0 0 37.7344170153 38.0838197666 31.1124457107 40.3134492218 39.9242219351 59.3306282728 19 19 19 19 48.337706162 19 19 19 19 19 19 49.8994653934 19 19 19 19 19 19 19 19 19 19 36.9558396235 19 53.2004850929 53.2004850929 53.2004850929 19 19 19 19 19 19 19 19 19 19 19 19 19 19 19 19 19 19 19 19
0 0 0 0 0 0 0 0 0 0 0 0 0 0 0 0 0 0 0 0 0 0 0 0 0 0 0 0 42.339781604 61.9033153634 61.9033153634 42.4989029564 41.0838643598 33.6968480187 42.4218580118 59.3306282728 56.0011800061 19 19 19 19 19 19 19 19 19 19 19 19 19 19 19 19 19 19 19 19 19 19 19 44.6290445606 19 44.6290445606 19 19 19 19 19 19 19 19 19 19 19 19 19 19 19 19 19 19 19 19
0 0 0 0 0 0 0 0 0 0 0 0 0 0 0 0 0 0 0 0 0 0 0 0 0 66.8947949249 48.8885726936 54.7292598508 54.7292598508 61.9033153634 61.9033153634 52.5952184101 44.1964902586 36.7116242279 31.6648426627 54.7063549248 0 0 19 19 19 19 19 19 19 19 19 19 19 19 19 19 19 19 19 19 19 19 45.0787380781 19 19 19 19 19 19 19 19 19 19 19 19 19 19 19 19 19 19 19 19 19 19 19 19
0 0 0 0 0 0 0 0 0 0 0 0 0 0 0 0 0 0 0 0 0 0 0 0 0 66.8947949249 48.8885726936 48.8885726936 54.7292598508 42.339781604 61.9033153634 52.5952184101 51.6051166195 55.145741716 0 0 0 0 19 19 19 19 19 19 19 19 19 19 19 19 19 19 19 19 19 19 19 19 45.0787380781 45.0787380781 19 19 19 19 19 19 19 19 19 19 19 19 19 19 19 19 19 19 19 19 19 19 19
0 0 0 0 0 0 0 0 0 0 0 0 0 0 0 0 0 0 0 0 0 0 0 0 0 57.1963571753 48.8885726936 60.8954813382 54.7292598508 50.6089134352 0 0 0 0 0 0 0 0 0 19 19 19 19 19 19 19 19 19 19 45.3469258939 19 19 19 19 19 19 46.6152703273 19 45.0787380781 45.0787380781 19 19 19 19 19 19 19 19 19 66.8300686322 19 19 19 19 19 19 19 68.6649991494 35.7006705033 19 19 69.9825083781 19
0 0 0 0 0 0 0 0 0 0 0 0 0 0 0 0 0 0 0 0 0 0 0 0 0 0 0 0 0 0 0 0 0 0 0 0 0 0 0 0 19 19 19 19 19 19 19 19 53.268134686 53.268134686 19 19 19 19 19 62.1178761767 19 46.6152703273 19 19 19 19 19 60.1792145167 19 76.0401035661 19 19 38.3053566436 39.9192525413 39.9192525413 19 19 19 49.6317482123 19 19 19 35.7006705033 19 19 19 19
0 0 0 0 0 0 0 0 0 0 0 0 0 0 0 0 0 0 0 0 0 0 0 0 0 0 0 0 0 0 0 0 0 0 0 0 0 0 0 0 0 19 19 19 19 19 19 53.268134686 53.268134686 19 45.3469258939 19 19 19 19 19 19 19 19 19 19 65.7900454542 19 60.1792145167 76.0401035661 76.0401035661 76.0401035661 38.3053566436 38.3053566436 39.9192525413 39.9192525413 51.3520698833 45.5493149267 49.6317482123 19 19 19 19 19 19 19 19 43.1353147735
0 0 0 0 0 0 0 0 0 0 0 0 0 0 0 0 0 0 0 0 0 0 0 0 0 0 0 0 0 0 0 0 0 0 0 0 0 0 0 0 0 19 19 19 19 19 19 53.268134686 53.268134686 53.268134686 19 19 19 19 19 19 19 19 19 19 19 65.7900454542 65.7900454542 60.1792145167 19 76.0401035661 19 19 38.3053566436 66.8300686322 19 50.0030518172 19 19 19 19 19 19 19 19 19 43.1353147735 43.1353147735
0 0 0 0 0 0 0 0 0 0 0 0 0 0 0 0 0 0 0 0 0 0 0 0 0 0 0 0 0 0 0 0 0 0 0 0 0 0 0 0 0 0 19 19 19 19 19 19 19 19 19 19 19 19 19 19 19 19 19 19 41.7322839913 65.7900454542 65.7900454542 19 19 19 19 19 19 19 19 19 19 19 19 19 19 19 19 19 19 43.1353147735 43.1353147735
0 0 0 0 0 0 0 0 0 0 0 0 0 0 0 0 0 0 0 0 0 0 0 0 0 0 0 0 0 0 0 0 0 0 0 0 0 0 0 0 0 0 0 19 19 19 19 19 19 19 19 19 19 19 19 19 19 63.1775988928 19 74.6410237991 19 41.7322839913 41.7322839913 19 19 19 19 19 19 19 19 19 19 19 19 19 19 19 19 19 19 19 19
0 0 0 0 0 0 0 0 0 0 0 0 0 0 0 0 0 0 0 0 0 0 0 0 0 0 0 0 0 0 0 0 0 0 0 0 0 0 0 0 0 0 0 19 19 19 19 19 19 19 19 19 19 19 19 49.2290192121 19 63.1775988928 19 19 74.6410237991 19 19 19 19 19 19 19 19 19 19 19 19 19 19 19 19 19 19 19 19 19 19
0 0 0 0 0 0 0 0 0 0 0 0 0 0 0 0 0 0 0 0 0 0 0 0 0 0 0 0 0 0 0 0 0 0 0 0 0 0 0 0 0 0 0 0 19 19 19 19 19 19 19 19 19 38.1558789219 49.2290192121 49.2290192121 49.2290192121 19 19 19 19 19 19 19 19 19 19 19 19 19 19 19 19 19 19 19 19 19 19 19 19 19 19
0 0 0 0 0 0 0 0 0 0 0 0 0 0 0 0 0 0 0 0 0 0 0 0 0 0 0 0 0 0 0 0 0 0 0 0 0 0 0 0 0 0 0 0 19 19 19 19 19 19 19 19 19 38.1558789219 38.1558789219 19 19 19 19 19 19 19 19 19 56.315611091 56.315611091 19 19 19 19 19 19 19 19 19 19 19 19 19 19 19 19 19
0 0 0 0 0 0 0 0 0 0 0 0 0 0 0 0 0 0 0 0 0 0 0 0 0 0 0 0 0 0 0 0 0 0 0 0 0 0 0 0 0 0 0 0 19 19 19 19 19 19 19 57.3586399543 19 19 42.8793700568 19 19 19 19 19 19 19 19 19 38.8426212484 38.8426212484 19 19 19 19 19 19 19 19 19 19 19 19 19 19 19 19 19
0 0 0 0 0 0 0 0 0 0 0 0 0 0 0 0 0 0 0 0 0 0 0 0 0 0 0 0 0 0 0 0 0 0 0 0 0 0 0 0 0 0 0 0 0 19 58.7431312224 19 58.7431312224 19 19 57.3586399543 57.3586399543 19 19 19 19 19 19 19 19 19 19 19 38.8426212484 19 19 19 19 19 19 19 19 19 19 19 19 19 19 19 19 19 19
0 0 0 0 0 0 0 0 0 0 0 0 0 0 0 0 0 0 0 0 0 0 0 0 0 0 0 0 0 0 0 0 0 0 0 0 0 0 0 0 0 0 0 0 0 19 58.7431312224 53.9375739474 19 47.3071922504 47.3071922504 47.3071922504 19 19 19 19 19 19 19 19 19 19 19 19 19 42.8020283992 42.8020283992 19 19 19 19 19 19 19 19 19 19 19 19 19 19 19 19
0 0 0 0 0 0 0 0 0 0 0 0 0 0 0 0 0 0 0 0 0 0 0 0 0 0 0 0 0 0 0 0 0 0 0 0 0 0 0 0 0 0 0 0 0 19 19 19 53.9375739474 19 47.3071922504 47.3071922504 19 19 19 19 19 19 19 19 19 19 19 19 42.8020283992 42.8020283992 42.8020283992 19 19 19 19 19 19 19 19 19 19 19 19 19 19 19 19
0 0 0 0 0 0 0 0 0 0 0 0 0 0 0 0 0 0 0 0 0 0 0 0 0 0 0 0 0 0 0 0 0 0 0 0 0 0 0 0 0 0 0 44.0489072443 57.8744494234 52.6837330076 53.9375739474 53.9375739474 19 19 19 19 19 19 19 19 19 19 19 19 19 19 19 19 19 19 19 19 19 19 19 19 19 19 19 19 19 19 19 19 19 19 19
0 0 0 0 0 0 0 0 0 0 0 0 0 0 0 0 0 0 0 0 0 0 0 0 0 0 0 0 0 0 0 0 0 0 0 0 0 0 0 0 0 64.5413482847 52.6837330076 52.9815718561 52.6837330076 52.6837330076 52.6837330076 19 19 19 19 19 19 19 19 19 19 19 19 19 19 19 19 19 19 19 19 19 19 19 19 19 19 19 19 19 19 19 19 19 19 19 19
0 0 0 0 0 0 0 0 0 0 0 0 0 0 0 0 0 0 0 0 0 0 0 0 0 0 0 0 0 0 0 0 0 0 0 0 0 0 0 64.5413482847 34.8405565924 64.5413482847 64.5413482847 64.5413482847 52.9815718561 57.8744494234 52.6837330076 19 19 19 19 19 19 19 19 19 19 19 19 19 19 19 19 19 19 19 78.0073828027 78.0073828027 19 19 19 19 19 19 19 19 19 19 19 19 19 19 19
0 0 0 0 0 0 0 0 0 0 0 0 0 0 0 0 0 0 0 0 0 0 0 0 0 0 0 0 0 0 0 0 0 0 0 0 0 0 51.1563790301 64.5413482847 64.5413482847 31.8814029672 64.5413482847 52.6837330076 57.8744494234 0 0 19 19 19 19 19 19 19 19 19 19 19 19 19 19 19 19 19 19 72.2055621647 19 19 19 19 19 19 19 19 19 19 19 19 19 19 19 19 19
0 0 0 0 0 0 0 0 0 0 0 0 0 0 0 0 0 0 0 0 0 0 0 0 0 0 0 0 0 0 0 0 0 0 0 0 0 0 51.1563790301 64.5413482847 64.5413482847 34.8405565924 51.3352958902 0 0 0 0 19 19 19 19 19 19 19 19 19 19 19 19 19 19 19 19 19 72.2055621647 72.2055621647 72.2055621647 19 19 19 19 19 19 19 19 19 19 19 19 19 19 19 19
0 0 0 0 0 0 0 0 0 0 0 0 0 0 0 0 0 0 0 0 0 0 0 0 0 0 0 0 0 0 0 0 0 0 0 0 0 0 49.553435664 51.1563790301 49.553435664 0 0 0 0 0 0 19 19 19 19 19 19 19 19 19 19 19 19 19 19 19 19 19 46.9452833551 46.9452833551 46.9452833551 19 19 19 19 19 19 19 19 19 19 19 19 19 19 19 19
0 0 0 0 0 0 0 0 0 0 0 0 0 0 0 0 0 0 0 0 0 0 0 0 0 0 0 0 0 0 0 0 0 0 0 0 0 0 0 0 0 0 0 0 0 0 0 0 19 19 19 19 19 19 19 19 19 19 19 19 19 19 19 19 46.9452833551 46.9452833551 46.9452833551 19 19 19 19 19 19 19 19 19 19 19 19 19 19 19 19
0 0 0 0 0 0 0 0 0 0 0 0 0 0 0 0 0 0 0 0 0 0 0 0 0 0 0 0 0 0 0 0 0 0 0 0 0 0 0 0 0 0 0 0 0 0 0 0 0 0 19 19 19 19 19 19 19 19 19 19 19 19 19 19 19 47.9442464231 19 19 19 19 19 19 19 19 19 19 19 19 19 19 19 19 19
