Spatial_Output/BAU/BAU_0256.asc
NCOLS 155
NROWS 192
XLLCORNER 196769.923733
YLLCORNER 449719.875193
CELLSIZE 27.603701
NODATA_VALUE NaN
[rows 69 to 91 of 192, columns 53 to 105 of 155]
44.7169124251 45.1301727159 45.0235201668 44.8528910761 44.7486060587 45.1069554358 44.8303346848 61.4278541162 61.4278541162 61.4278541162 44.9410401939 44.8930928867 44.6174343117 45.0023580647 44.6441446961 45.1338575663 44.8193994859 67.0851910011 44.9804914455 68.3861449346 45.1182740342 45.0499376405 71.0511782041 44.9881732696 44.5082019125 45.1638723258 44.616366224 44.7842005262 59.652308937 59.652308937 59.652308937 71.2984259685 45.0977183177 45.1270692609 44.9114110676 45.0333385544 44.563323854 45.1115619125 44.8562520591 44.5106615245 44.5807207985 63.1452906535 89.3729047011 89.3729047011 44.9003326092 45.0431261728 44.9183438301 44.6453362522 44.8416239905 44.9464979716 44.9329097974 44.7036571361 44.9221658232
44.7399755601 44.9533082674 44.8438422802 45.1941810714 44.6594343929 44.5344997587 44.9583213053 61.4278541162 61.4278541162 44.7811970632 44.5285057012 45.1380924124 44.5343575814 44.8338424725 45.010127358 44.8210719974 44.7031357387 44.5005487031 82.9645961602 82.9645961602 82.9645961602 45.1178731993 45.043403962 44.621712923 45.1178655768 45.0811847133 44.6599717033 45.0235127854 44.6970045869 44.7066921739 59.652308937 44.8244378011 44.8993874319 44.9768644563 45.0999160632 45.0831892731 45.1645066562 45.0527143283 44.8044773007 45.0161133261 45.0451590537 44.7254691391 89.3729047011 44.9806270006 44.7182526057 44.7292309913 44.7390396575 44.5765901505 44.897193483 45.2012809865 44.8148470253 44.7887310177 44.6806711799
44.7083941855 44.7493658551 44.7347126465 45.1480900453 44.9982459716 44.7935622284 44.8973228899 90.5928097608 90.5928097608 44.7922003691 44.5178197729 44.826077065 44.9615677135 44.5956357581 44.7714854836 45.1370119445 44.5826022312 44.6377954317 82.9645961602 45.148476696 45.2069254592 44.7260103326 44.8243285383 45.1541669516 45.0908493369 45.078593579 44.6564547691 44.7973722251 44.7822977046 44.7872357913 44.5602495352 44.9032862312 44.6815292261 44.9785064363 44.6738916839 44.8405712242 44.8192618256 44.5588360481 44.8286059632 44.8862789 44.5439870021 44.9269405006 44.8883705431 45.1669689097 45.0729103015 44.6396724918 45.0550126844 44.7834273179 44.8973597819 63.6038652058 45.2032764979 45.0802249273 45.1768863164
44.6255565221 45.048393984 45.1391070387 44.6272539257 44.9859904418 45.1200419307 45.119441701 90.5928097608 90.5928097608 63.8221802817 45.0789212892 44.9846695623 44.6824819834 45.0658101939 44.6225492061 68.7713572843 44.5862190967 44.7579042968 44.5278704386 45.1535946238 44.8583552374 45.0565237308 44.6674080372 44.5625883864 45.1644198722 44.5376037947 44.5611988015 44.9387823135 44.76803802 45.1573748637 44.7525916673 44.9623072206 44.9981699079 44.512584526 44.7077920961 44.6916872155 44.8182619348 44.5534194393 44.5551083671 44.7981647337 45.0333046959 44.6373269137 45.1895030295 44.6636416702 44.8240236 45.1674631827 44.5261746781 44.5987723646 63.6038652058 63.6038652058 44.6192742076 77.4427462392 53.3378449097
44.6285420206 44.838182672 44.7211650289 44.513732195 44.6985905332 44.8079314063 44.8870128658 44.6338583734 63.8172659198 63.8172659198 63.8172659198 44.7969012705 45.1271725791 44.8725741763 75.2356541154 68.7713572843 68.7713572843 44.6576542812 44.8275898346 44.5967271427 44.7722541677 45.183568051 44.815237411 45.0352803779 44.6851318171 45.1670022459 45.1272957218 44.6800221612 44.8775307612 44.5448339228 45.1503768402 44.7519665581 45.0884826384 44.5735722637 45.0181787546 44.9736487305 45.0843484392 44.606584215 45.0934339058 44.7705819302 44.6061298236 44.6623003075 45.105212682 44.5705960439 44.8602218928 44.5936020327 44.8307834569 44.6393110932 63.6038652058 63.6038652058 44.6893078435 45.1458621499 53.3378449097
44.9477749882 64.2653394782 44.7704423465 45.1890993251 44.7974132148 45.0412651059 44.609990534 63.8172659198 63.8172659198 63.8172659198 44.6969380844 44.9706642059 69.8936298388 61.8807297461 45.04841769 68.7713572843 68.7713572843 45.1688902592 44.8373744938 44.8426507257 45.1630706248 44.8667692026 44.7231629773 44.9175091494 44.6674625173 44.5311442307 45.0385826133 44.8621763924 44.7727736838 44.6896880885 44.6758849308 44.6207380593 45.1485739076 45.1114547796 45.0402201607 45.0322990484 45.0163455794 45.0935116979 44.5938535497 44.7302710358 44.6116250262 44.5694832853 44.9265313872 44.5159973938 44.8827134041 45.035536593 44.9471823179 44.9063741023 45.0693337199 44.9896593336 44.960489462 53.3378449097 44.8295832616
64.2653394782 64.2653394782 45.2047659437 65.8821014417 65.8821014417 44.7652297438 45.124976659 45.0384722269 45.0656802875 44.760750953 69.594227542 69.4724380362 69.8936298388 69.8936298388 59.0446269658 44.6275545013 44.6769788728 45.1866803219 44.7496801858 45.0239978295 69.0959832915 44.7238333869 44.8223952263 44.617480873 45.0701754676 45.0747917928 44.5982364732 44.829301162 44.6897413314 45.186552978 44.7019299287 44.8425200061 44.5801762883 60.9634563106 60.9634563106 44.73740289 45.1074766417 44.788427112 44.5464125302 45.138646865 44.7679524628 45.0780634278 44.6877421987 44.7293180762 44.6899461713 45.1489232093 45.1700384873 44.9600970464 45.151575238 44.891370751 44.5040636215 45.1995067882 44.5982342565
64.2653394782 64.2653394782 44.9455109566 65.8821014417 65.8821014417 65.8821014417 44.7618514305 44.9773286165 45.1306629427 44.9547359319 69.594227542 69.594227542 44.7541822699 69.8936298388 45.0755146474 44.8402398575 44.6390800191 45.1679817617 44.7498581352 45.0150437614 67.1658838022 67.1658838022 44.5528911634 45.1461393844 45.0488002286 44.6157929275 44.8896572549 44.8776055817 44.5396991792 44.7926944121 45.1876159338 44.7241725595 44.7524174886 68.332439536 68.332439536 44.7637154885 45.1490251344 44.5219499464 45.1903431106 44.6396954401 44.8199416347 44.8857187285 44.6810904711 44.7843917974 44.5460450692 45.125133545 44.9329692884 44.5100676298 44.8872645432 45.1530371034 45.0651036259 44.5599454462 45.143122824
45.1926025418 45.1138966702 45.1117126734 65.8821014417 44.897371958 44.5477069177 45.1446825711 44.7218173918 44.9637389357 45.0063959715 69.594227542 69.594227542 44.5856149697 45.049247681 44.9001232472 45.2027843982 44.920388606 45.0048159078 45.1476545392 44.5849824816 67.1658838022 73.5443879593 73.5443879593 45.1146070499 45.1769670951 44.8852612517 44.8880008708 44.7742555736 44.9571669967 44.8368213066 44.9417179545 45.1537216113 44.8840790595 68.332439536 68.332439536 68.332439536 44.6967619283 45.1685357751 44.8260345332 45.0263865057 45.0146304474 45.1949300598 44.7201313896 44.7422354855 45.1696061592 44.5940994005 44.5239718537 44.9715796595 44.9066425807 44.9055713087 44.5980736933 45.1990910288 44.7010229922
45.1829693084 44.6016427237 45.0703271033 44.7340519111 45.0285736552 45.0132368928 44.8734776891 44.9574257636 45.1215028569 45.130625821 44.8789698991 44.8115013287 44.8352638531 44.6914004985 45.0117224234 44.6508562206 45.0702535524 44.5492091566 44.6791557716 44.7768546572 73.5443879593 73.5443879593 73.5443879593 44.7817405254 45.0842084064 44.9564347568 44.8493571633 44.6967846684 45.1550689418 44.705539055 44.728070717 44.6445701897 45.1179027688 95.9062449234 44.5577931257 95.9062449234 44.9328508896 44.8973965963 45.168345937 45.1930257558 44.9871495237 44.7400034488 45.1257828999 45.0168967915 45.1782443772 44.8394441773 45.0610261587 44.6035094963 45.1821076593 44.5490981261 45.1777315596 44.9686613532 45.0411652575
44.8692566892 44.9687523597 44.5768451721 44.5200737367 44.6354713047 44.9461251694 44.5645494091 44.813109179 44.8168270885 45.1539089495 44.8013685427 44.5125834133 44.868339548 44.8612907549 44.6540397 44.8358859333 45.1637067574 44.581002613 44.5152492136 45.1729211523 63.1547941933 62.9422784186 62.9422784186 62.9422784186 44.7293154959 44.565279723 44.5562612152 45.1443003691 44.7366133382 44.6377086486 44.6204630321 45.1089039942 44.5940104654 44.8145081522 44.5583474836 44.5012034046 44.610706462 44.518310981 45.0544135443 45.1984654544 44.6107604078 45.0742697414 44.8391057754 45.1932269824 44.5905898498 45.0937808409 45.0873194571 44.5313372739 44.5486171808 44.987665719 44.9176899857 45.1191573458 44.7730465516
45.0312101444 45.1653262792 44.782722573 45.0044277397 44.9462247056 44.6417533563 44.7563319271 44.8376849965 45.0828735736 44.6539927666 44.5663099014 44.6293584971 44.8290425526 45.1459613821 44.5926137743 44.5055849367 44.9510665442 44.8732218052 44.7197568714 44.5980832836 44.578092997 62.9422784186 62.9422784186 44.6544308633 45.0808394043 44.9562888969 44.7590867148 44.7414926249 44.5316491273 45.0818784425 44.6629302241 44.8638369482 45.1608426048 44.8990643098 95.6246717987 95.6246717987 95.6246717987 45.1023260354 45.1645627651 45.0354933736 44.8578868079 45.1293899073 44.8603443167 44.8675542293 44.7080106696 45.1579889591 44.5011184634 44.9702071649 44.8032273498 44.52542624 44.8323384524 44.7892179061 45.1476697114
44.9182929505 45.0408899307 45.1681506763 45.0293223142 44.7242079076 44.5404175968 44.5785735419 44.7417334438 44.8161583766 45.1701717777 45.0807073647 44.9539317094 45.0241349759 44.8025829894 44.6505540912 45.0961658648 45.1462310414 44.8987686974 44.954530296 45.1323613767 44.7273148103 44.866896069 44.6452547155 45.1747164485 45.0572992174 44.8092655676 44.5229494046 45.1065461071 44.9645598906 44.5965293015 44.6313182032 44.8297221427 44.5543519769 95.6246717987 95.6246717987 95.6246717987 45.1524093989 44.5987434182 44.9521036647 44.52201033 44.6264684557 44.8889637726 44.8705956817 44.866379793 44.8420396911 44.5457000905 45.0916834651 44.7375599784 44.638049992 44.9775232302 44.855564681 45.0293150706 44.9353710234
44.821625941 44.9868379534 44.5844554316 45.0881765232 44.6327732801 44.6895263668 44.7873265862 44.9473587543 65.2206453408 65.2206453408 65.2206453408 44.7362570414 45.071119864 45.0061434645 44.6727835051 45.0355516163 44.7894379727 44.7971497185 45.0557570626 44.576641183 44.7557457187 44.5210051524 44.6534328 66.6573653557 44.651656749 44.8033197867 45.1073992942 44.7016235112 45.107468876 44.5575634491 44.5626773911 45.1159771775 44.557407962 44.7231396866 44.531247616 95.2365755953 44.9387345873 45.1313319886 44.7888903519 44.8665997894 45.1443597121 44.7320135176 44.6960729534 44.6001200194 44.7006773296 44.8118024126 44.5155501053 45.140637133 44.6080283118 44.8918550552 44.5137897526 45.0062632946 44.7150545769
45.1172206693 44.5443179002 44.8436160437 45.1016539885 44.7428800759 45.1949918228 44.6044862671 44.970585153 45.0817851645 65.2206453408 44.9537362172 44.9210851969 44.8972639512 45.1488533127 45.0596304799 44.7785747128 44.5554594851 45.0506300998 44.7044530419 44.7209496897 44.9126854746 44.7350187996 44.6052094206 54.8781290391 45.1458087991 45.0917751182 45.1719329741 45.0036715977 45.1622029684 45.1421297923 44.9252437787 44.6358419994 45.0053858984 45.2012803826 95.2365755953 95.2365755953 95.2365755953 45.1703677742 44.9970904004 44.6368001423 45.166849674 44.6358663398 45.0217140997 44.6729606574 44.6340552716 45.0317504552 44.9112749865 44.9426173399 45.1280449071 45.0454688605 44.5156843242 44.6524488522 45.149594732
44.5822343435 45.074033549 44.8245732031 44.8377788397 44.5782093394 44.9064208335 45.0374116014 44.7928067953 45.1890661594 67.3768749476 72.2805899744 44.9263517696 44.9667699866 44.6207082903 44.9457944029 45.1285144441 45.0449313407 44.7333179466 44.5063417518 44.6652010295 45.1950987466 44.5715756742 45.1807370268 54.8781290391 44.9353502114 54.8781290391 44.5873742954 44.5039871689 44.670151173 44.7245822901 44.5707824738 44.5559307433 44.7504810799 44.5810059892 44.5907381666 45.1005059594 44.8656749687 44.543877605 44.9577262516 44.8417655712 45.1174514444 44.5714641208 44.9409407903 44.9712897644 45.0599479745 45.0065866549 44.6019514642 44.8659462382 44.6065250253 44.516851741 44.9071213941 45.160348217 44.8722372614
44.8972471709 45.13618413 45.1059510515 45.0000024704 44.8715887099 44.9019151001 45.0844879787 45.000091623 67.3768749476 67.3768749476 67.3768749476 44.5022566656 45.0491404262 44.6234855022 44.5264458193 44.7514624787 45.0651482695 44.5905100198 44.8982101885 44.6013511366 45.183393893 44.9373985784 44.8249246888 54.8781290391 69.2409327283 69.2409327283 44.6734175732 44.8064064585 45.0622556438 45.03253078 45.1328958843 45.01861199 45.128593375 45.0024438348 45.0900907886 79.1200134389 78.9959526366 45.142228124 44.7722331955 45.0749307916 45.0129565323 44.8674988498 44.9498345135 45.1328701174 44.9415711791 44.9640437941 44.6792223625 44.5623284774 44.8741035201 44.6332407465 44.6756016907 44.7668114805 45.0266248874
45.2054414403 44.8893958144 44.7057584579 44.8139907617 44.6784247646 45.0193270259 44.5728850267 45.0374885199 48.4991428858 67.3768749476 45.1995516287 44.6102204912 44.9795578706 45.0251849179 44.8007313718 44.5929266873 44.6941165527 44.891508749 44.7770061839 45.1968932954 45.0749454348 45.0509084742 44.5313181158 44.5366750657 68.1830169258 68.1830169258 44.5019750842 44.960595977 44.6638660615 44.9303998948 44.8975825679 44.6832863386 44.9272320055 44.794915387 44.9348658487 78.9959526366 78.9959526366 78.9959526366 44.939204306 44.9710057994 45.1106783602 44.5791531578 45.0692127869 44.8659227789 44.9256172925 44.7676065578 44.8060126034 44.962276407 44.7266051082 44.5298575579 44.8790769746 44.892943204 44.7668596831
45.0227228444 44.7531394851 44.5864702155 44.8820861335 44.6350446682 45.1270225401 44.5507320709 44.7021800816 44.9173753296 44.9790906764 45.0965510161 44.6483574162 45.0464887434 44.6704326588 45.0835127196 44.9652828547 45.1544598304 45.197316165 45.093535513 44.960514116 44.832251279 44.7758864479 45.1734148548 64.5893283844 68.1830169258 68.1830169258 44.8894439513 44.7806512361 45.1109955536 44.5291527758 44.5314967211 45.0479072628 44.6528303194 44.8004460819 45.0625406133 44.9802157399 44.8202132501 44.9697765127 45.1783190919 44.6452041906 45.138275577 44.8945327781 44.9373894227 44.8454765908 44.8363145073 44.8000691966 45.0512038993 45.1794939831 44.9862575144 44.9962223486 44.682908609 44.5039165207 44.844396568
44.9509497631 44.9068380076 44.9085438147 45.0137887366 44.683528141 44.5961173353 44.5720762378 44.6141518592 45.0480825785 44.5951499584 45.051436492 44.9393720024 45.1833056185 44.9882860213 44.6626015308 44.655384301 45.0716644235 44.5974051741 44.554448061 44.6992953655 44.6054503052 44.9904110469 45.1745780294 64.5893283844 64.5893283844 68.4008665492 61.8526726471 45.095939057 44.5895006657 44.6849342244 44.9291192892 45.1719018984 44.9924075169 44.9017454002 44.5028935196 44.782217832 45.0945729191 65.7990214077 44.5700855649 44.7196043464 44.5381323155 44.9919642688 45.0925929049 44.7650890632 44.9055482755 44.7371770411 44.5307204096 45.0497823977 44.9066938452 44.7804817379 44.7898358307 44.5751990183 45.0638846373
45.0505794395 44.8366079825 44.7623967962 44.8145072743 44.947350868 44.9203162067 45.0147699871 44.8771433551 44.7844706325 44.8386743167 45.0744655118 45.0776936106 45.0489539259 44.8437555478 44.7472822362 44.6760309161 44.9145518136 45.1987812475 45.1983001601 45.1263546618 44.8457190262 44.7660138697 45.1397306231 64.5893283844 64.7081122974 68.4008665492 44.9526002166 45.1212128223 44.8570547155 44.8391193327 45.1043482042 44.7881055284 45.0009208037 44.9548828503 45.0035907395 44.6287131348 44.5545876866 65.7990214077 45.0962701122 45.0069856595 44.879348066 44.9778169975 44.5081336194 44.8691146213 44.7840431139 45.0752122582 44.8506889023 45.0090987116 44.9390170069 45.0182009988 45.095128398 44.9280257914 45.0308098625
45.0339026541 45.160432287 45.114873045 45.0853530718 44.7951358323 44.949027658 44.5779777132 44.587298678 44.9113545484 44.6735242215 45.0083036367 44.9112105481 45.0420664843 45.0411426689 44.8006000831 44.8279128317 45.0604600794 45.0051547251 44.5406844929 44.5685464299 44.989116867 44.5519699561 44.703630648 64.7081122974 64.7081122974 64.7081122974 44.9607819623 44.5682451576 44.8098324042 44.8082924393 45.0866305246 44.6076118375 44.5051584935 45.1443239909 44.8178076301 44.9666536639 44.7124647032 44.7481620352 44.7115262023 44.8652714109 44.9603317756 44.5653278343 44.5250959297 44.5834790468 44.6911178219 44.5407146255 44.5754370693 44.9958955146 44.6219092778 44.8467473526 45.180220745 44.887620164 44.9026312296
44.95726045 44.5629740667 45.1216578668 45.0986139645 44.743995395 45.1005257414 44.5577083824 44.6626902994 45.1472487868 45.065868412 45.192645499 44.8717442454 44.8850142449 44.9105647809 45.142310484 44.8734528941 44.5520284632 45.1953548991 44.9416235972 44.8988111336 45.0187161466 45.0125468575 45.1605325768 69.6204016667 64.7081122974 69.6204016667 44.9480238801 45.0094400504 45.0696640958 44.7529028847 44.6576126813 45.0830217822 44.5501110517 45.1693614577 45.1266464559 45.1139956474 44.7728670689 44.7408212882 44.8919601635 44.9248733338 45.0302422564 44.7158074574 44.628216212 45.0515199094 45.1643826831 45.1592669884 44.9349808128 45.1163255762 44.9169472074 44.9464790309 45.0880133336 44.7374294714 44.6934848207
