Spatial_Output/BAU/BAU_0765.asc
NCOLS 155
NROWS 192
XLLCORNER 196307.867259
YLLCORNER 449144.565805
CELLSIZE 33.573938
NODATA_VALUE NaN
[rows 100 to 124 of 192, columns 57 to 113 of 155]
26.5445219704 24.0631221599 24.6818032576 27.1295054842 26.90603278 26.3620745685 25.0722714609 26.4951827364 24.434235799 25.8981026515 25.9838700953 25.6158645118 23.1997583261 26.8483868382 25.4570061883 26.2723855405 26.4323572079 26.7254330748 26.8702140796 69.199016397 69.199016397 69.199016397 24.2281734775 26.4360802401 24.4617993718 24.1349811929 26.5960479615 23.8187589963 24.8496664849 25.0526968347 24.0790330986 23.4049659852 71.9432766772 27.1554284974 25.8760060751 27.1445377096 23.2423789791 23.0553877914 24.7176364086 23.4453287935 23.8021044713 25.1048632432 24.5216978066 26.1208795173 25.7911886902 27.0166297299 24.5473711966 52.571771523 51.0533292756 24.9202329422 23.0250591857 41.6862695023 37.2291869768 23.525204026 41.2507241164 41.2507241164 23.8608725079
27.2182454559 25.3980918041 25.3303049437 25.8110922445 25.6304564733 23.9600542029 26.1062207498 25.8583785256 26.6771852646 26.6957145438 25.5149353758 24.0800596413 26.1183710594 23.3345731021 26.7792711181 24.2351479105 26.7247779138 26.0678952165 23.8883318305 45.3503398181 45.3503398181 45.3503398181 25.8843167917 26.8546712918 24.722266085 25.5084029299 23.5122495174 23.6847153403 25.1614988997 27.050554883 24.9996541741 25.7101047448 26.6239154774 23.1389741871 27.001461423 23.6875307786 26.9197122918 27.0958422427 25.1849204552 26.3305199268 27.1866528512 24.2419432271 23.2599702689 27.0911493499 23.8047469136 24.1837121717 52.571771523 52.571771523 52.571771523 42.4429507132 42.8413703581 63.273897968 37.2291869768 37.2291869768 41.2507241164 41.2507241164 24.3051024479
25.6079288287 25.8626475847 26.5024254689 25.1921641474 25.6390541609 25.9564626633 26.3552381612 26.0385938187 23.2948068855 27.0127530845 23.277467489 24.8190371354 23.4188378324 24.8574075 23.1159987255 26.2999525247 24.3192940483 26.9940361761 27.013139445 52.4321175043 45.3503398181 45.3503398181 23.606672743 26.0252243931 23.8556799222 24.612286053 24.9376660451 23.64838863 24.4814272751 24.0044891337 24.6388854769 23.6337793378 25.1172947724 27.2067712385 24.5322743814 23.4333486411 25.0497157414 23.6530836413 25.2918197019 27.2296600878 43.5858669373 26.3712504493 53.6727062306 41.1635362423 51.2698342503 46.9839502355 41.3032432195 52.571771523 42.4429507132 42.4429507132 42.8413703581 63.273897968 37.2291869768 37.2291869768 62.5743352992 41.2507241164 42.7515552151
25.75159871 23.2228342721 24.0787069516 26.5726843729 27.2110446793 23.2937762023 23.9741328593 70.5417505592 59.4902597425 59.4902597425 23.0866604451 23.5926340182 24.4627732609 24.8497938048 24.1836229829 24.9161066244 24.8468704401 25.5482369556 26.3358698485 46.2030299994 46.2030299994 46.2030299994 23.6062226792 25.286722781 44.436242435 26.424180316 44.436242435 73.9265582893 73.9071949795 36.8888404207 67.9143107524 55.4561730301 25.0018718649 26.0436537602 23.6740506086 26.8563471847 64.2242655066 64.2242655066 41.1000860141 41.1000860141 43.5858669373 43.5858669373 53.6727062306 53.6727062306 51.2698342503 46.9839502355 63.8789930672 57.8467389671 57.8467389671 42.4429507132 26.3477515714 49.619176897 24.8705398436 24.9195132525 27.0293152027 24.0182593824 26.5058344366
25.8706069768 23.2331399672 27.1658985762 24.2898617295 24.3994368791 26.5972116629 23.9793321092 70.5417505592 24.9143363034 24.4079246772 26.1880587656 23.5335456158 24.9589100911 24.6427042879 24.6983174903 24.7192950075 23.7663187549 67.5390256928 56.2161753076 56.2161753076 51.748973582 40.4026493251 50.9864357658 24.7445820139 49.9912327067 23.9123223196 42.0355716348 23.5247098101 37.0094978073 36.8888404207 55.4561730301 55.4561730301 26.7262736275 25.9415567415 24.9794076388 64.2242655066 64.2242655066 64.2242655066 50.6021881277 41.1000860141 43.5858669373 43.5858669373 53.6727062306 53.6727062306 51.2698342503 46.9839502355 63.8789930672 57.8467389671 57.8467389671 57.8467389671 23.3262355066 23.2690118661 23.7228646514 26.1578847061 23.8215417416 24.8035920003 24.5492651231
23.9888867416 26.2204622794 25.4175637772 24.336257371 26.8671367101 26.1498171167 25.9200376394 69.1079309094 26.935356966 26.8253711881 23.7940274259 24.2759013227 24.0340927758 24.6243418339 24.3761256262 24.5255148647 67.5390256928 71.0356575594 56.2161753076 56.2161753076 40.4026493251 40.4026493251 40.4026493251 49.9912327067 66.3900703076 66.3900703076 66.3900703076 23.5893352765 37.0094978073 36.8888404207 36.8888404207 35.4149025876 35.4149025876 35.4149025876 35.4149025876 26.3925973576 26.3077338829 64.2242655066 50.6021881277 41.1000860141 24.0285685054 24.9992162986 25.6501497674 23.3391356137 24.2621113422 24.4173507559 27.0914919338 43.0184805443 37.9982654725 59.4297032912 26.0091703567 23.737819804 25.6238607083 26.0864799721 24.5291271087 25.9489426357 24.4252631625
23.2105446255 23.018793643 26.9870745147 26.5421527355 24.1020239184 24.0931963484 26.5374674596 23.1336153961 23.0264745355 23.8102200086 23.682454601 24.0951510847 25.8148367249 23.6535771543 27.1762949008 24.3748004962 23.701900065 67.5390256928 56.2161753076 51.748973582 62.9693704873 40.4026493251 50.9864357658 49.9912327067 60.2847268673 66.3900703076 66.3900703076 27.004131223 24.0118911226 24.3751706102 66.8086531919 23.8691102489 35.4149025876 35.4149025876 26.6483038917 26.3694071704 26.2807301691 24.1236813683 23.2273604679 24.0115118336 25.3589970551 24.0279079666 23.6734621805 25.936059012 26.9911808327 24.1950146709 23.9928352227 38.6419041278 38.6419041278 43.0184805443 24.8169036484 25.1219143198 23.3247921228 23.1873029317 26.7344559649 23.8006840358 26.8310062156
24.4831062958 23.7063754489 25.7284493971 26.5170554001 23.7662754795 24.0704000592 26.5969372721 23.5292275802 25.7043669317 24.0574001335 23.0427304933 24.9774859419 24.3612065845 25.7051512479 23.3772051331 23.3087595734 24.4732476583 25.2302660339 24.1141165465 25.6773872172 68.6331607247 23.523120703 26.9835372756 24.0539501009 24.3528022289 60.2847268673 25.9620404505 26.8516043508 25.1143453669 25.0111159888 25.4602974108 26.3643160699 39.9091525712 39.9091525712 39.9091525712 26.5478349093 26.8036448344 23.777410981 23.8499059401 26.756501037 24.3778436992 24.3630568134 25.7970010558 23.2599214102 23.6084489653 24.8917292812 38.6419041278 38.6419041278 38.6419041278 25.7985639642 23.6458468969 25.8998236042 24.3380184699 23.2018970513 26.3248912747 25.9527169388 23.9511816635
26.8669917017 26.7077163907 24.3755268763 26.8703259109 23.2753901641 24.8635340351 25.0377484318 24.0196218622 25.4024425024 27.0692181786 24.455302268 23.240911359 25.1790572038 25.4292555962 26.0901170239 26.0941043025 23.3013871605 25.0042279946 24.2099727634 24.2495157595 24.6731807271 68.6331607247 26.6900946811 24.5294139705 24.1885154137 54.5430842479 54.5430842479 25.6538394504 23.0826612393 26.7263622779 27.1375471301 25.6450265094 39.9091525712 39.9091525712 41.8702622194 23.8616042743 24.0125582443 23.4816798519 25.2817542548 26.5419395413 23.7738478712 26.2313434262 23.0820153025 25.9519669574 25.0719156139 23.0725146216 55.0112875143 46.8742176706 47.6872041896 56.2697382617 56.8923676604 25.9755799635 23.0631444203 24.9934754498 24.0791651351 25.9297485362 59.1679898066
26.5464550411 25.0814589846 25.6728317499 26.290285915 25.6142294659 24.3632686379 23.634638686 23.6658818607 23.9105042646 24.9592403464 27.2382363164 26.9759397824 26.1965583974 26.4466203491 25.3793294783 24.9293305725 23.411335369 26.009900853 24.3179424304 24.9241048707 68.6331607247 26.9949099795 24.4210377403 27.0163163903 54.5430842479 54.5430842479 54.5430842479 79.3399418777 24.3987861923 26.9812254588 70.8114628172 24.4024811881 47.9425593768 41.8702622194 55.0454135271 45.7205261258 67.6299306394 48.2087178795 53.9752877121 45.9697659473 66.5074787886 42.4409250122 23.2242861503 25.220278012 26.814583146 24.1770197238 24.7971037377 49.6684053765 47.6872041896 47.6872041896 56.2697382617 55.511037373 55.511037373 25.1545378738 25.2655352288 26.8470015141 25.0559446689
23.6833717184 27.0300121247 25.3790410482 25.0658585839 23.1699407131 26.0255122057 24.4279882472 24.8660499231 23.1008816613 25.0651093662 25.4593389504 63.7258517621 62.6927404534 26.7555967602 24.9638256789 26.6904383231 25.5335233864 70.3604725523 25.5185589735 26.5483060008 53.1994950888 49.636233912 26.2991874551 24.9801675585 45.2442551823 45.2442551823 65.5012106255 65.5012106255 26.3456548201 50.7494009641 70.8114628172 47.9425593768 47.9425593768 51.1943522434 45.7205261258 45.7205261258 67.6299306394 67.6299306394 45.9697659473 45.9697659473 42.4409250122 42.4409250122 42.4409250122 57.2918581163 26.5115922848 23.3697664753 39.5919009332 54.0388287233 47.6872041896 47.6872041896 56.2697382617 55.511037373 55.511037373 26.4215026647 24.664937542 25.0346131053 26.8102716716
38.492746994 38.492746994 60.4433176605 23.259155194 41.6473328474 40.2249598025 40.2249598025 25.2714972626 24.0618974589 49.9227529568 26.5286228621 63.7258517621 63.7258517621 62.6927404534 23.0774278239 24.8158471756 25.9202636896 26.4577862199 25.1167185807 24.3164644118 53.1994950888 24.6258676872 24.0550905369 25.0531400102 24.2842890669 45.2300409966 65.5012106255 65.5012106255 40.6797244116 24.3906413193 70.8114628172 47.9425593768 51.1943522434 51.1943522434 51.1943522434 45.7205261258 67.6299306394 24.8268658241 53.9752877121 45.9697659473 66.5074787886 42.4409250122 56.2429747189 24.5375859043 26.3230884299 24.2963898047 26.6021407647 54.0388287233 54.0388287233 23.2611092806 26.084286875 23.4218867774 23.525117252 26.9481800699 27.1567361478 23.1396388477 26.0379874633
38.492746994 38.492746994 60.4433176605 24.9621334353 41.6473328474 26.3491617192 40.2249598025 26.4927507738 49.9227529568 49.9227529568 26.8659278368 63.7258517621 25.4704999645 62.6927404534 63.1137091431 23.0531704649 23.9010916226 23.1916348381 27.1834533182 25.8276195159 53.1994950888 49.636233912 50.5161365053 23.8034483949 26.8756889938 23.9381904886 25.0558728142 24.5442426032 40.6797244116 26.5186236076 70.8114628172 23.9970267238 47.9425593768 80.4400565495 80.4400565495 25.1018434153 25.281924002 26.9390174274 25.4556156066 26.6697248978 26.6059729384 25.6422040521 26.0390918702 24.797355732 23.4942211157 23.551699009 24.4852078256 24.3504347813 55.7248159772 55.7248159772 25.8523250943 25.6741996611 23.7694001656 26.7832654844 23.1566110125 23.5756257829 24.0410620366
25.079397472 26.3556755309 23.8188955525 24.0434087224 25.5759003001 23.8681586033 23.1304357094 26.5900500031 25.8793729305 24.6820030541 25.4865559959 25.9787969368 26.721353636 26.1062197137 25.3015441257 25.788321888 23.9783487325 24.4322282802 25.1439787955 23.6060145931 25.6963728314 26.9058965516 27.1389608305 25.0400895882 26.5972338474 23.3672069793 66.6477240402 25.0911772487 23.3157196595 23.8046744123 24.1677312034 25.5690815493 27.2143715351 46.0298935173 46.0298935173 23.6575693875 26.0179174187 26.2684681211 25.3329193826 24.3986503106 26.0345110371 26.6851618839 23.5616543443 25.4410755258 24.0707553437 25.0760973064 25.5461694533 24.3185957965 26.5618784774 26.323461292 26.7315104739 25.2008064801 24.5953525544 26.9397028339 25.723881683 24.8476168776 25.9938135421
23.9146736022 25.2889400129 26.2787335683 26.665728171 24.3452537149 23.061110484 24.6760851819 24.132751518 23.1016710098 24.9973496053 23.077130605 24.6301219979 23.8384589685 23.3020879714 24.6445817947 24.6749631733 23.7614275336 23.4796350454 23.8914862588 23.3177598234 23.6760820613 24.5150365408 26.7786749733 24.508386493 23.0654049995 26.559149626 49.112404889 23.9649221435 26.3685728195 24.7282941904 24.361336028 26.5564471599 46.0298935173 43.398522611 43.398522611 46.0298935173 26.530221568 26.8106980108 26.1876947674 24.4150865844 26.501829403 27.0058045014 26.4885332158 24.4349412896 25.8773464738 26.3765309975 25.2201681298 27.0675567224 25.1491090975 26.2149267987 24.6831694784 26.9462984552 25.3816586445 24.1724090239 25.1445576767 26.3930795928 24.4832331164
26.3936722082 24.1179055998 26.3491559223 23.5745430276 24.1364100228 25.1985687948 24.6942731952 26.8088599027 23.4098104039 26.2716936735 25.8912599972 27.0411739606 23.820882636 23.1888167687 26.4717708475 25.377952593 25.8751848838 23.8487314688 23.9714612839 25.9065244299 25.2460974404 23.1367868449 26.4934655318 25.9948627225 25.5380489186 49.112404889 25.2630317607 25.9810002516 50.9015580035 50.9015580035 51.5791660263 23.4886320942 23.9885236271 43.398522611 43.398522611 26.0891068416 24.2905229947 27.0087397055 25.3145152478 23.4234570476 24.9100250427 23.4820876334 23.8125080011 24.9001674422 26.5514258998 24.0075208097 26.4939222339 71.7880389533 71.7880389533 71.7880389533 24.4354176131 23.7306741234 24.022768708 62.6740967593 24.7778648937 78.1531167792 53.1199645818
24.8695192126 23.2806679617 23.9595132672 26.5132310347 23.5177962712 26.1643078499 24.1477946818 25.54185089 23.6891670298 23.1285986391 23.196800052 23.576480096 25.1969468084 24.2027667803 23.7987232004 26.1209535745 26.5161312319 27.1195081861 26.5615363528 25.2376631566 26.4852966351 24.6757366679 25.8425592948 24.3160744889 26.698145687 24.3096380844 26.7654487753 24.5250622889 50.9015580035 50.9015580035 26.2261574914 25.0800731671 61.5674449012 58.7894064633 58.7894064633 25.769223833 27.2008531375 61.0720624643 61.0720624643 37.2718788232 42.084055368 62.6379325095 26.4962180786 26.5381087513 24.3267504933 23.389804746 26.1175848359 26.4693157207 24.0980696622 26.0168842854 24.1913540826 24.7593669206 23.2944018438 62.6740967593 62.6740967593 78.1531167792 53.1199645818
57.2284402896 25.6360670161 26.2816284079 52.8229235227 25.5487651379 24.9526275816 26.6137075106 25.537894213 24.7520176895 24.8329156211 25.8828691912 25.5633106628 24.7693397697 24.1293595309 23.506879577 23.0110347961 23.0813008913 25.9318061608 26.1876255846 26.3303568881 24.415599927 23.1558828977 24.0184328223 25.7138951369 23.4212362645 27.2199444698 23.5068134399 23.7060940419 50.9015580035 26.8153258408 51.5791660263 24.0540421736 41.4194690559 58.7894064633 58.7894064633 26.3861764429 25.1513325576 61.0720624643 61.0720624643 37.2718788232 37.2718788232 62.6379325095 62.6379325095 25.4104515598 25.2906145372 24.7433505065 56.4916961134 25.225183405 23.280813407 26.8172237693 24.032789809 23.9013625864 23.6975769985 62.6740967593 62.6740967593 78.1531167792 53.1199645818
25.9667114673 23.2451248979 24.7463183551 53.8232368838 36.899033715 36.899033715 26.5161041623 26.0521442317 26.8361186106 26.4290817557 26.8153050808 26.4368404644 23.4084649774 27.1751220247 26.0039704021 25.0154325001 25.7885431634 27.1579894115 24.7997063482 25.7511980567 24.9344889082 25.5020520294 24.3629634675 25.0937679311 23.0237002747 24.6065361438 23.6976362717 24.3802003609 25.1766672515 26.0430313228 25.8672027731 25.4739124339 23.7864719078 78.2098510915 24.9667268534 25.7419578131 23.3409969519 61.0720624643 37.2718788232 37.2718788232 48.6502332315 62.6379325095 62.6379325095 23.0022179638 26.0096426804 24.6868510645 24.2785365635 53.356598578 45.712875216 45.712875216 23.5936586404 23.0653008798 24.7189996229 62.6740967593 26.317100896 25.7725219319 25.6831981752
26.7455818735 27.042587032 24.2628463472 53.8232368838 36.899033715 36.899033715 24.2329987888 24.5658217718 26.3924982287 26.7474425253 23.3686977138 24.0136479008 24.2166860034 26.7978712034 25.5070544599 23.727487904 23.5676334932 23.3547024537 27.0103869788 24.1236800294 23.9636465109 26.8939951641 57.2220271212 57.2220271212 23.8523670075 25.8653373688 26.7664727864 24.8933391086 25.8382147535 26.6375641091 23.2504108376 24.8576690558 26.2018341286 78.2098510915 24.0022651534 78.2098510915 25.0161480126 26.2528206444 26.4240444428 25.53332955 24.6643266285 24.814215641 63.3975012363 26.3975534889 25.6227016198 26.5097390787 23.7593275975 45.712875216 45.712875216 45.712875216 26.9458376167 25.3188673714 23.9381139462 25.3504381932 24.6158425587 23.8370345475 26.0340053092
26.118817032 26.6451482159 24.0316456123 53.8232368838 36.899033715 58.772355845 23.4751245722 25.0471090642 26.0806023044 27.0120240945 23.6546577991 25.2219832951 23.4625813757 24.1615764397 26.8129666359 25.8967009179 24.8427296829 23.4196528118 26.5341848371 24.1137396009 26.3357394457 57.2220271212 57.2220271212 23.5428176542 27.0392783672 26.4179956825 26.7154450814 24.0909788779 27.0549243693 23.0184097106 27.1636175852 27.152974386 24.7267246409 52.5236443174 49.7480070663 49.7480070663 24.1308140598 23.3341741864 25.4593082781 26.2483608988 23.9569775689 23.3546013088 26.8456216799 24.6466087039 25.3622457303 25.8873605653 23.6204652453 25.8234111499 26.2069862643 45.3614454071 26.8118466406 23.7270120514 23.6374151543 25.481157659 27.103246142 26.2235702741 26.866399942
26.2349800779 56.7286652288 56.7286652288 23.563757557 23.203983658 26.2494137241 23.8700969854 24.6829583337 26.5848502982 25.4354530544 26.7666510491 24.9301602553 24.0657128941 25.4448876018 23.6076484115 25.4883754512 23.5740259968 26.8016065465 23.5945261834 26.3870656443 26.414312313 24.2853349994 57.2220271212 25.9023436145 23.525397118 23.9139492879 26.8478509662 27.2089973371 25.1993314083 27.0617452724 25.3822252313 27.1248336695 25.4560929401 49.7480070663 49.7480070663 49.7480070663 24.8532882229 23.775588176 25.6681175313 24.9076952466 23.0914830047 27.0581873035 26.9754363177 26.8006362965 26.0209410632 26.3762691664 24.7036457125 48.1090568592 25.7017388269 45.3614454071 25.5019129521 24.3174186798 24.318522251 26.1821709036 26.1861335311 24.6818013311 24.4263805582
56.7286652288 26.0160327113 57.1961273219 43.1114155963 26.3415384162 23.5679049572 25.3787190248 24.0136945902 25.8874756243 23.3506256717 23.4268694364 25.7880596891 23.4471645699 24.1884571743 24.6807448169 23.9061363347 24.6727024327 23.6953176905 26.7711918165 23.221474786 24.5524761111 26.1339336335 44.157188495 44.157188495 44.157188495 27.0680073906 26.5998841912 26.1247407294 23.7784768832 23.8384799393 23.4943213987 24.9249815455 24.3872839317 23.033956626 68.5039394885 68.5039394885 24.959955742 24.2707461907 24.285496898 24.9427968713 23.312779551 25.611695697 23.7274303347 25.0913435001 24.0270429443 23.89707494 26.7697082737 24.7733371394 24.9322877003 25.1555830222 26.1848014663 25.0606445518 42.5886531542 42.5886531542 23.678147415 23.4589693404 24.3407711902
25.2548054848 43.1114155963 59.9214995168 59.9214995168 39.6621984551 25.2463743601 24.797377878 26.1123188225 24.5645078475 25.9029729146 24.7643522866 26.4404436887 23.943297713 24.8664275812 25.1743387241 24.469316009 27.2387671906 27.1076802135 24.8993873039 23.2396491305 25.6925918527 26.2586282449 44.157188495 44.157188495 44.157188495 27.0527611592 26.2000324491 24.7512569918 23.3473154999 24.8211693721 23.1154341928 23.4067240078 23.9307089694 68.5039394885 68.5039394885 68.5039394885 76.2275464821 26.543637574 25.7003116408 23.4694616993 23.7578744546 26.5578999991 25.9794239976 23.0068137433 26.0715855432 23.9398388883 25.4455734586 24.3563679971 25.8229820048 60.6143295942 24.4477661471 25.3298374809 42.5886531542 42.5886531542 23.7882691921 26.3523668166 24.0312911258
26.9680809108 26.193039023 59.9214995168 59.9214995168 23.0780072724 24.8681934125 24.8528375585 23.7042630756 23.5059156049 27.1525246053 26.7022110974 25.7940990545 26.2256901032 24.6597601981 26.7242508527 26.2026444694 26.5485382384 23.0758811193 23.2837619183 26.6010108737 25.4304788586 24.3197641165 23.0718674656 58.355772755 23.5958301651 23.9984123527 23.4803467847 24.9838106008 23.734005299 23.4229589845 26.3434743386 26.7559276315 25.752856912 51.1030808739 44.0277077251 44.0277077251 24.6738435845 24.2126621764 23.8357632572 25.0875476441 26.9813459595 23.7298166414 25.5244053046 68.0516553473 48.0245283004 27.1099301584 25.8857532726 25.752321824 64.2419535776 49.6776560696 23.0840721445 24.0051599116 42.704653638 42.5886531542 24.8648378524 26.6031520241 23.868146879
