Spatial_Output/BAU/BAU_0403.asc
NCOLS 155
NROWS 192
XLLCORNER 196307.867259
YLLCORNER 449144.565805
CELLSIZE 33.573938
NODATA_VALUE NaN
[rows 75 to 99 of 192, columns 57 to 113 of 155]
32.8773463436 34.3425602908 32.6065422418 32.6756838849 34.2611919981 71.5776569112 71.5776569112 71.5776569112 34.1230404511 33.6820460044 31.8066091767 31.7622293916 33.6571977036 34.9760883319 60.0157885884 64.7316011753 53.8772947388 85.374839438 78.3502489058 78.3502489058 33.9083097315 78.1851568051 34.7392781126 32.6949602036 32.2613347402 32.6338049799 34.5283431656 34.6426560259 32.4481396253 34.5328054813 33.5648471225 31.9161023907 31.5051131042 33.0317553092 31.8457323836 34.4800024151 59.0384754913 59.0384754913 53.8772635066 53.8772635066 32.9277549135 58.047215416 32.9155718051 34.0841632335 80.9174611281 51.9807767063 51.9807767063 34.9913338726 34.0412526205 32.89228685 34.7519159881 34.5464215425 33.843926955 32.3146186337 34.5482907484 33.1219683962 34.4564390467
89.6953708132 31.7306993814 33.4342285734 33.6347219093 32.5318025557 31.9054536148 52.9813344943 52.9813344943 52.9813344943 32.4604240639 32.8164517666 34.5828227987 32.2338422022 31.7077221009 39.6488385412 39.6488385412 64.7316011753 78.3502489058 78.3502489058 78.3502489058 34.5773063457 34.6192743956 34.5942421345 33.2947085894 33.2439989942 32.6595905169 32.1136683991 70.3119575966 32.1061088434 31.9300472865 32.9367118914 32.8719603238 34.5959804067 33.8345380934 32.6728088217 33.0556761165 33.5154556294 54.5708178124 53.8772635066 58.047215416 58.047215416 58.047215416 32.9585374787 32.0473303335 51.9807767063 51.9807767063 33.8868295842 33.1353830682 33.0343723744 33.2539327265 33.9174619855 33.061616352 34.3163715366 32.777385371 32.5562816112 34.7608914072 34.526290716
69.813569141 32.8490569902 33.559540925 31.8750882167 33.7141392362 34.902053053 52.9813344943 52.9813344943 33.6589118705 72.8566516338 31.877165971 55.6823743618 55.1401838998 69.7266094199 39.6488385412 39.6488385412 64.7316011753 45.4186254365 33.5338013235 32.3570529961 35.0211810293 32.9766301842 33.8889390633 34.9233111179 34.4763146315 33.3599534691 34.0573448482 32.8843089993 70.3119575966 34.471155107 32.8942569254 31.9749701659 34.4242754383 32.4351426438 32.7174351268 33.8513556167 32.3192814322 33.524202365 31.9280321526 33.3521842334 58.047215416 34.9483378356 33.0863514602 33.1388099118 33.0632732391 56.2648555308 33.16734368 34.3391922232 33.9151934295 32.4307679688 33.2903485677 32.9452677052 31.6575477921 33.635369797 32.7008080752 33.7927509617 32.727665137
69.813569141 62.8986593489 59.4156407304 59.4156407304 57.6063498131 61.2533834333 33.6004530278 47.5770291892 34.8601363255 65.5878230085 53.988792879 52.0903618537 63.1478796296 69.9059332842 34.3325263133 53.0620205911 34.4892004175 31.904524 34.4374078702 32.8502071071 32.9496208235 31.6332348956 33.5565609943 31.9263515997 34.692932091 34.363462513 32.4176096798 32.0357454651 31.5797408409 35.0248990717 32.4462656537 31.6595713179 32.7017371388 31.8132912594 31.9044799845 34.4310260555 34.468759718 33.8349283596 31.7730306703 32.7984002627 31.6657318327 34.9815282817 35.0318201641 31.5353436684 33.3567030775 56.2648555308 56.2648555308 56.2648555308 34.3688289401 32.1817454249 31.9801586665 34.5980053594 33.9787422526 34.9156771906 32.5287562001 32.3435546605 31.9579815182
69.813569141 69.813569141 59.4156407304 59.4156407304 57.6063498131 63.7989818323 63.7989818323 78.1179075422 78.1179075422 78.1179075422 53.988792879 68.9577181703 65.6728850832 63.1159649057 34.0552374108 34.7753102069 32.5491608899 33.1172268546 31.8434205204 31.9510741594 34.1685833927 34.8286096948 31.7858294912 35.0338905674 34.5951296808 32.0755784074 32.9284982797 34.1750335322 32.5454293109 34.4765859178 32.4793834018 34.7304576473 34.8791019348 33.5871307586 33.8013849543 31.7142731758 31.7396393615 33.3852103795 31.6086859924 34.9391507389 31.7018758663 32.9989660823 33.5576611132 34.1040507018 34.6593953006 56.2648555308 33.5343687576 34.963815796 34.3232064355 34.3297366928 33.1093408434 32.1741844069 32.8493250586 32.6675690764 32.6660377158 32.9064655642 32.0197482368
69.813569141 33.7624969896 59.4156407304 57.6063498131 61.2533834333 63.7989818323 63.7989818323 78.1179075422 78.1179075422 58.2983011248 53.988792879 53.988792879 33.5469039052 33.6143744892 32.3819325141 33.4464648144 32.0660482429 33.8366566285 34.2912243934 31.5169117384 32.0320389884 34.0310428882 34.4043536815 31.9719673797 32.3607445697 34.1924767303 32.649560202 32.8509022504 32.2768927844 32.8757727866 33.8458310957 32.47036194 31.6241770673 31.7939489942 33.1584541695 31.7536126999 34.8568019968 32.1574727116 34.4812233422 34.4985531375 32.6120104919 32.0706491822 32.7554476058 32.0515738339 32.8701179136 33.256762716 33.6971936319 34.3238003285 32.5771946828 32.825864139 32.0597182413 32.9598065668 32.5144020388 33.8388462077 34.0812431549 32.0656215754 31.8109876944
34.6085371673 33.6070948475 32.9425555769 33.1985057496 34.2794133719 70.7285509389 31.71598953 58.2983011248 58.2983011248 34.6194970553 32.1923856976 34.2270856491 33.7933844384 34.8111112968 32.7367037122 31.6080250547 32.2427535821 32.3310114595 33.3525622833 34.2801727162 32.6534709755 34.5890487163 33.4410281895 33.7694276887 31.8442499586 33.754582334 33.9578331294 52.4632659618 79.4717613201 79.4717613201 31.5648827276 32.8627283512 33.3959534012 33.9184025819 31.9340883825 33.3247365908 33.6847557334 33.5342103993 31.5853494842 34.9665088525 31.7720283434 33.4686897083 33.1191601826 34.8707895244 34.9619995548 33.5240685202 32.806681065 34.0382094524 32.4017531285 32.6142758167 31.9244323343 34.4083157038 34.9103065789 33.9125359745 33.9902588209 32.1266402744 34.1912905925
33.216001985 34.0557259911 32.5982607729 33.3085699324 33.4715304209 32.3090849461 61.5934379138 31.6139114376 52.7045000174 32.1190225507 32.6383937508 34.8474990942 34.3554501417 34.0056897844 33.5042069359 32.3633982592 34.8194312953 33.4556712282 49.6617247466 49.6617247466 34.3192149441 32.3033000034 34.3354420556 33.8285490052 33.3341536038 32.9623944716 34.9986305148 33.5548766744 79.4717613201 79.4717613201 32.4356418415 33.477580426 34.7843810088 31.6327353371 33.8559527491 31.6090792817 34.7137539495 32.557680276 32.567038624 31.7907730564 32.6254364633 32.0985194983 31.8899241778 34.9916659882 34.1544141003 32.3603008283 32.8331967941 32.4505170574 33.6291501635 32.4992542661 33.4133088545 34.4791179832 33.7376005791 31.9662339489 32.6575238867 32.7797193711 34.7411895452
34.3015261375 33.0485576157 34.0717803138 33.2624816901 32.0161947125 31.9591342847 34.2819105802 66.4882702517 34.9759509433 31.8688691781 31.901516398 32.388991061 31.7283057438 33.3866750907 31.8456819156 32.6991279714 34.8590275119 49.6617247466 49.6617247466 49.6617247466 32.5769836007 33.364183535 33.5439339361 32.8007950498 34.1718356488 32.3860675956 34.6139961607 31.6751577718 78.2942119092 78.2942119092 78.2942119092 31.9853910389 32.4304361346 32.3864086269 33.7468077962 33.4902177367 34.0016030774 34.6008545315 34.9452700233 33.7595294381 34.5996385575 31.5241047844 33.3114231958 33.8314279564 31.8858035703 33.2243057757 34.9040625262 34.7344031361 32.4317226185 32.5655999262 33.5845168633 31.7403448065 32.4800320171 34.5997711857 33.5021427687 32.3785804923 32.5619944072
34.7669778322 31.678585656 32.9176418016 33.2160832941 34.3669868517 31.8354525996 32.7234831708 80.0103323484 80.0103323484 77.6509539501 33.6060655511 33.8162859949 34.1265609456 32.8628643436 34.305898886 32.7088081392 34.2479715819 32.1685228234 32.9792564127 66.3108036588 66.3108036588 34.4422255005 32.8375860414 32.865364441 33.6683742702 32.9496980907 34.2745080962 34.8086131999 78.2942119092 78.2942119092 56.6509162567 34.790890985 35.0352295852 33.3855926702 33.2186450035 32.1777899483 31.9079278023 33.8919751208 31.8222777927 33.9665179698 32.2043364798 31.5856216266 33.2725159912 34.0702806143 33.9996665324 32.2732798658 33.2729018543 34.4517817622 34.7452688933 32.6880515918 34.7160949112 32.632349084 33.1187536354 31.9700583386 34.6300900095 31.572892719 31.7419177479
33.4287300176 34.7612667891 33.2099706367 33.7418098792 33.7089956326 32.0533914788 80.0103323484 80.0103323484 80.0103323484 80.0103323484 33.209670749 33.9499267444 34.4865051105 32.3784234057 32.8332410121 34.4968997192 33.3173466896 33.7506703547 66.3108036588 66.3108036588 32.1957984024 34.8496602111 34.5447360108 34.6244676228 34.791269792 34.2418438885 34.1004170789 34.2733290568 32.349624572 50.1713611516 31.9657730745 32.614085264 31.8944417879 33.0275919959 33.8903712737 31.9212041206 32.9578991023 32.1290264155 35.0264377962 34.5977380576 33.7234561582 34.2741870486 32.2038484106 32.2526650024 34.9580011199 31.6508630941 33.6625510829 32.2002513629 32.1706748605 31.6713273874 33.883233259 32.5459531764 34.4986954944 33.2040870101 31.9670069153 33.0224406447 33.8620997637
34.7695043594 34.7600288499 32.7445608053 33.1774920288 31.7835082277 32.3391783016 76.1781049135 58.9826011346 58.9826011346 76.1781049135 32.5503038054 31.7183009008 32.7808429557 32.4974122072 34.8928140088 33.3336665662 31.7207186362 32.5499341443 32.3751485652 65.1238689438 65.1238689438 65.1238689438 34.7955398408 33.0766904858 32.2596171076 31.8819207382 32.3158819365 32.461593558 32.611425046 50.1713611516 50.1713611516 50.1713611516 32.3307697516 34.451968679 32.6420240073 32.3616473449 32.581230443 33.3252483314 32.6527410314 34.6690347021 34.3534725687 31.7947398302 34.8378802679 31.5865190938 32.0674931853 33.3279609897 32.9388147085 67.8680339354 34.9414868756 58.2157462636 82.1238132207 82.1238132207 32.9856154558 34.7565031608 34.5143900591 33.0935813956 34.9663627515
34.9485768647 34.1215770412 31.6961432692 34.5866927046 32.8249916397 32.621224259 32.052625795 58.9826011346 58.9826011346 58.9826011346 33.4306074944 33.9397797163 34.8118701956 34.9164650971 33.2129790835 33.62558107 33.0065298194 32.8553972633 32.2407061912 65.1238689438 65.1238689438 65.1238689438 34.3355279779 33.7896725289 32.3511021949 32.2118861778 33.7891463388 34.1587904007 32.9112524316 50.1713611516 50.6157024083 32.6583881712 35.0219165158 33.4813924875 32.3469270692 31.6594274836 32.3037224409 31.8373435358 33.6074127863 33.5757958332 33.0733557376 32.7406111537 34.2986500645 32.4791155598 32.9327024861 32.3513695726 33.7834904024 67.8680339354 67.8680339354 32.9122619157 51.3940078929 82.1238132207 32.0815472404 34.5553806355 32.4675972518 34.6104852109 32.0911523753
33.1546149774 34.8170898553 31.7759381612 34.2254384185 32.0619570286 33.5811821207 33.6771959342 41.0813066825 41.0813066825 41.0813066825 34.4812745874 32.7785308041 34.3191778082 32.0641264701 32.5057411802 33.944023918 33.7490476221 33.3770242457 33.7559684193 64.7179683374 57.4213914235 57.4213914235 31.5321792542 33.6790396305 32.7354621849 33.3209843363 33.1297576034 34.5637180181 31.77048822 32.3313506042 31.9789726155 32.5518391624 33.817794123 32.3326865476 33.7879413735 32.8230127771 31.5825509954 33.2519868153 33.6563440639 33.4005283989 32.01196293 31.9666864906 31.9819939158 34.5940046658 32.3152090669 34.6307591394 33.4546732711 67.8680339354 67.8680339354 34.4044989141 34.2150670235 34.3645982815 34.7043110646 46.9103781629 34.8630886397 33.8481495959 32.7304526022
32.9730310896 34.4038052571 31.8262612733 34.9372743683 31.9354737232 31.9231932019 33.5130407255 31.99881901 70.1443700822 31.5608552603 32.9713932656 32.5969515071 34.0296570903 34.4198232135 31.7289193843 34.5988849818 32.7907226274 31.7009275348 34.2325444173 52.1757207423 63.954710319 63.954710319 52.1757207423 32.8535809264 56.0118183423 33.6048154834 60.5113045381 60.5113045381 49.7321592229 53.7092802793 32.129457358 32.1695269973 31.5110795014 32.3902325947 34.8268739713 33.5608835002 31.5327945421 33.3486226801 34.9174168531 32.6932141222 32.1870526514 33.4445196682 32.0927948427 33.8344902473 34.0101708398 58.5652889863 58.5652889863 58.5652889863 31.7018581428 34.2617472115 31.5106231045 34.3910620935 32.1826061231 34.7448115102 32.7413878047 32.4866491643 33.9992838352
32.8877250261 32.1174519518 32.3465916423 33.2895532452 32.2232467051 34.0499396816 34.0471240663 70.1443700822 70.1443700822 70.1443700822 34.2324590892 33.164860281 33.8257266482 32.4087283767 32.7534017207 32.5963542662 34.6489168294 32.2734560385 31.72371825 63.954710319 63.954710319 63.954710319 31.6344975726 34.8281277092 32.2215241944 55.5857187572 60.5113045381 60.5113045381 49.7321592229 49.7321592229 52.4827594678 33.4888523305 33.7340897561 32.3224262534 34.2610316304 32.1812934036 34.0031264796 33.6190186161 31.5954680023 33.8047240274 33.6322783829 33.0121202568 32.2498523942 33.4079932272 33.3801279601 34.4757281994 33.032866018 33.1791397393 33.1489768769 31.958864261 31.8562040778 32.9391515752 31.8400816883 32.4713962296 31.6890493938 32.4004842874 32.3311869428
33.1355037481 33.2138483823 34.304418713 31.7502993377 33.8631922599 34.7255605479 34.5671289407 93.0188579782 93.0188579782 93.0188579782 33.7543621935 31.6797444965 32.3767604849 33.6858192179 31.8944734945 33.7252490698 34.0961719867 34.5619009074 32.433131542 51.807051386 51.807051386 51.807051386 33.0477865291 33.5992849611 33.6083790322 34.8159919547 55.5857187572 60.5113045381 49.7321592229 53.7092802793 65.0709916408 33.6126571147 65.0709916408 31.951249107 32.3709959885 33.6498682652 32.8480814703 31.8915788295 34.9125678233 34.1957894963 33.7029315418 31.766189397 32.169566211 34.1172443647 31.635117377 33.7759197565 34.2144740133 31.9669958429 32.9023520139 33.7976076277 34.820948329 34.8383997652 32.7928434458 31.7441402743 34.4655293678 33.3051574564 32.9919017898
34.004536578 33.813626361 32.1122347652 34.6859533746 34.7860746115 34.3903926656 32.7745227539 93.0188579782 93.0188579782 33.0357769422 32.6244049811 32.0533181492 34.2821343463 32.0963071859 34.3235732749 31.6951890431 32.4291403325 31.5400679878 34.9347275896 59.0410203677 66.6843578106 34.5071549665 32.1229119127 32.2985426399 34.7298283533 33.8819994607 32.9503267221 31.7066378 31.9744918239 32.7193068297 33.3069739134 33.1976340168 32.1416289506 34.989449808 32.29321166 32.7182466646 33.7127660557 31.8066977957 32.5647667882 33.2766287612 32.3836495509 33.6234816183 34.5253085456 34.6606844568 33.1995690743 34.2949500663 35.0169237949 31.6952103574 33.0819892736 32.5219134028 33.241672914 32.3785056695 33.4300258605 33.8795914327 31.6665252055 34.0370726059 34.8118180187
31.9326716293 33.4733820258 33.1278386939 34.5362608208 32.4083573731 33.304537084 34.9096683395 32.8905983491 34.9457623848 33.3556884516 31.5737009085 31.8423215254 34.7680995586 33.9155154829 33.4334261377 32.5221558878 34.5469679593 33.4891523417 34.3158235863 66.6843578106 68.4385514238 66.6843578106 33.4805415614 33.9669593109 32.9058232379 32.5451589275 32.7852046572 33.811997175 31.5347727413 32.1977527055 64.0374079257 65.0709916408 34.7502116049 34.2457106144 34.8229559299 32.1667151509 33.1871676885 34.2827111271 35.0169473694 33.9860190146 33.3079960126 33.3495960178 32.8373568935 33.6383086036 32.9950852963 32.2775164752 31.995151587 34.6373712861 34.5292577986 31.8057187014 33.6525827947 31.7159924106 33.5193833814 34.8967188122 34.6932567404 32.4614622139 32.4592325411
33.0480655732 33.8879490756 34.0003617558 34.1639108677 31.7193289986 33.0863569516 33.5088212805 33.4751522917 31.6851706038 34.6381404998 34.4550966686 31.9712257834 33.2459449186 34.9300789876 34.9949334787 34.8091228235 32.5764572846 32.3470051056 33.4760069993 68.4385514238 68.4385514238 68.4385514238 34.5257256245 34.936170678 31.5323905786 33.3334418875 33.2248113977 34.7112264797 31.9430143435 33.4353833338 34.0265803785 34.7140601173 34.0914407902 33.7393902326 32.9677937007 32.0725812617 31.9243037626 34.4809440364 33.5439659876 34.6561593923 32.4632611566 33.6493683178 31.6818986781 33.3432707095 32.4379507372 34.5096086145 34.2890404813 34.049092497 33.5709226597 34.2745791451 33.3267090956 33.1910741533 34.7501012395 68.5237226028 35.0270881598 71.1339300033 47.6967554414
32.8547863741 34.5787390384 33.3294000741 33.2777087285 34.9247696094 33.8796427652 34.2389285633 56.6487409881 56.6487409881 34.2005772655 34.7745518709 34.3884020523 32.3032633393 32.9497249339 33.6778311468 33.5710945244 34.3327195298 32.4257776153 34.6311051823 33.1480810144 68.4385514238 34.9602118606 32.4404058981 32.1241792175 33.7660565775 33.3921659368 33.826682149 32.6883646514 33.1321937245 33.3998685749 33.5755721805 32.8170567275 32.9104343032 48.6092470891 32.4101051685 31.5790702223 32.4169560131 33.5850882186 46.7596674333 56.6209707692 33.3036900492 34.6899614343 52.0841550405 61.1832040233 33.6820768105 61.7878505442 61.7878505442 32.3767860933 33.0633314455 33.1465508692 33.6261981301 31.7389426273 55.4731378674 68.5237226028 68.5237226028 71.1339300033 47.6967554414
32.57067979 33.6705332104 33.7835196947 33.7216452261 31.5939738559 32.7650518294 33.0823451899 56.6487409881 56.6487409881 56.6487409881 33.8555577781 70.664667713 32.1690452617 34.864956771 33.3510640421 33.6829869965 31.5665825716 31.6601391048 33.053144708 51.9582328447 50.4390410104 51.9582328447 57.3118441881 31.784647769 32.9402522419 55.7439753179 32.0147225326 34.7192693649 70.6608560176 34.5018255309 68.9921325694 31.7397967371 68.1864669149 48.6092470891 48.6092470891 66.877646178 32.2590803585 46.7596674333 50.0007221299 50.0007221299 64.2366321637 64.2366321637 61.1832040233 61.1832040233 59.8622042033 61.7878505442 61.7878505442 34.3955927066 32.5288105077 33.1646423634 33.8392359611 34.7865001281 31.685354374 68.5237226028 68.5237226028 71.1339300033 47.6967554414
34.2573911589 34.0577556658 33.5785561125 32.6352964738 33.0788573224 31.7507430197 32.2294199524 54.2824418313 60.1360000193 68.3816681942 68.3816681942 70.664667713 56.1931619402 56.1931619402 33.4180019648 73.3401542234 32.8648006187 33.2890571766 33.146997822 50.4390410104 50.4390410104 50.4390410104 57.3118441881 62.7287828212 62.7287828212 62.7287828212 55.7439753179 70.6608560176 70.6608560176 68.9921325694 68.9921325694 68.9921325694 34.8886254577 48.6092470891 48.6092470891 66.877646178 31.8552143745 46.7596674333 50.0007221299 50.0007221299 64.2366321637 34.7623251185 61.1832040233 61.1832040233 32.7854552735 32.2724494017 61.7878505442 34.5958154058 33.770982677 33.2408715738 34.1998646372 31.5545256922 32.2009284522 33.8531503877 33.4245270248 33.0903947233 32.249639809
34.0373144812 33.3020122726 34.9178519471 31.6846394724 34.2357292276 31.7408459087 32.6787085675 60.1360000193 60.1360000193 68.3816681942 68.3816681942 68.3816681942 56.1931619402 33.502678834 34.0645519326 33.4922449122 32.48791253 34.5280994547 33.7434695153 31.8116987928 33.5406553621 33.276456587 57.3118441881 62.7287828212 62.7287828212 55.7439753179 55.7439753179 34.5896644634 70.6608560176 51.6680639775 68.9921325694 56.2209335197 56.2209335197 48.6092470891 32.549763758 34.4828052781 31.5444553585 33.4049787426 46.7596674333 56.6209707692 32.5971760618 31.7868796023 33.3333884537 32.0378653444 32.4906984202 32.7538677176 32.3569155318 34.5450551605 31.8146050118 33.624455975 32.1827943323 33.0477642788 34.3080662992 34.4917556369 33.1217813913 34.9297855204 34.4528013799
34.4503423804 34.7143292122 32.0596909103 32.1410977176 32.5410482985 33.681258947 56.15391496 57.6683180393 60.1360000193 56.15391496 68.3816681942 70.664667713 33.3199358796 34.2549141524 32.1139016215 33.3697698414 34.8451331314 34.4830162293 33.7625587803 34.8525609483 32.1792833915 31.6573490966 57.3118441881 31.9226962116 32.9828076 33.0819830984 33.2040346917 33.1642774684 34.1026036949 33.2078990801 33.2615287098 34.9322240801 56.2209335197 82.9577943539 32.5347487195 32.4111537495 33.7543793019 33.4246176514 31.8646347099 31.5544540068 34.1432576628 34.7474636455 32.9719747657 32.9521802617 32.8853201797 33.5915598039 34.0400278714 34.6304435353 34.7517229477 32.6606464246 32.5002687071 33.7823216401 34.6591770039 33.0176431557 32.6084453594 31.9428569507 34.9119565307
