Spatial_Output/BAU/BAU_0418.asc
NCOLS 155
NROWS 192
XLLCORNER 196307.867259
YLLCORNER 449144.565805
CELLSIZE 33.573938
NODATA_VALUE NaN
[rows 50 to 74 of 192, columns 57 to 113 of 155]
34.253524894 31.8148047483 32.2912400255 33.4860166653 34.2247135234 32.0031093346 75.7701912654 34.6152966602 33.6277319632 34.9084991436 34.9958127672 32.9878474752 32.7552088641 33.0294775734 32.2649825142 32.6466643871 33.7722771004 33.5641382948 31.8136253374 32.4755276521 32.8466166997 32.3832852572 33.8602124768 32.8664024684 32.166066328 34.4135149176 33.3846444959 31.5130508883 34.3071369405 34.8839862783 34.1651404386 33.7915557198 32.1515093282 34.6088491733 31.8803662573 33.011489204 32.94856071 32.9045846765 32.0535392543 33.6770343259 34.2856921238 32.0835520999 34.2443204187 33.222537591 32.4713982423 31.7437121018 32.2458451309 34.8429196856 32.5402833259 33.5909964151 31.6816145266 31.8502610552 33.4040810369 34.133082803 81.6601638492 60.3377850799 56.6362305923
32.869320309 64.2122349103 61.8309826526 32.5663677003 75.7701912654 68.9762064732 32.5296742143 75.7701912654 33.7893306622 34.1904849381 33.1206818167 32.76846691 31.5030233055 32.2980511792 32.5744556294 33.8566985975 32.2984793636 34.1556720071 31.5569735128 33.793780859 33.5397678433 34.0592447519 33.9935397798 34.3818634492 33.3680611639 32.0687303738 33.8338164149 33.7929961511 34.425707982 31.8427357233 32.8097085446 34.4966515072 34.1599248257 34.4555943134 32.9349108725 34.8192153234 34.5155319164 33.3892079981 34.6481437956 31.9102352776 32.540922289 32.1667240195 33.8336555756 33.3026478129 34.261777792 33.8936257225 32.4951339815 34.4885209025 32.0617673112 33.9453617931 32.8228180507 34.1998032356 49.8110157207 49.8110157207 49.8110157207 34.4303663151 32.1145236618
50.6614584675 61.8309826526 61.8309826526 31.5299621416 68.9762064732 68.9762064732 68.9762064732 59.9026830773 32.3789022111 31.52817584 34.9583200518 34.2313288798 34.2357604867 33.485114732 32.9389969429 33.5223272982 33.4644185795 33.3797239481 34.911137305 31.8933156847 34.0769158152 33.8859082379 31.5131629701 31.9529237389 33.134888704 34.7307358431 31.9768811685 33.6671749375 32.5393457201 34.6242316013 33.4412613522 31.8172582194 32.9773672392 34.233882169 32.6860779438 33.361488051 32.1939954801 32.3583295496 33.643455252 34.7209615914 34.5884539411 32.5865197039 34.4598513943 32.3456671712 33.2278222827 32.7991705371 31.8376168867 34.1749456972 34.8972970362 32.5428428166 34.1611759461 34.942199557 49.8110157207 32.2151940864 32.124250741 34.6911455497 34.9228109075
32.4236795177 61.8309826526 61.8309826526 33.7938622669 51.5114449029 68.9762064732 68.9762064732 59.9026830773 33.3946850125 34.2049176477 34.5342340288 31.5145632049 31.5025043336 51.9853860628 32.6951384862 31.7780462936 32.5155513765 34.9978383828 32.8183208819 33.0835033991 32.9982304385 33.3386385383 32.9197479439 34.8066328813 33.8411714952 34.3554579105 32.0216730968 31.6271505533 34.7194930178 33.6031057665 33.1452133997 33.4114507377 31.532077598 32.6027736001 31.7911607794 32.7619478758 33.8211684298 31.712259714 34.6202559098 32.9664107242 34.4427861893 34.1659591951 34.8243300643 34.6735537047 32.885907491 32.7786780909 33.0489550974 32.3176935897 33.1864321412 33.0919742904 33.9172333399 33.6241700197 34.8007565346 34.954268172 33.1363891414 31.7005047607 47.9496557937
33.206153923 64.2122349103 31.791542332 33.7220073419 51.5114449029 51.5114449029 45.8590978526 45.8590978526 32.7279254959 34.6609607498 33.2546949751 33.8440392163 62.5329644886 62.5329644886 62.5329644886 32.0561982306 32.5225085725 32.9149249846 31.6557762255 33.1525410435 34.2162539406 33.8555605431 33.7972769886 32.6248863998 33.3259887184 34.2202693402 33.5188415495 34.1565699828 32.548689216 32.0985088025 32.5190852449 32.9707432267 31.7607809111 32.2293698011 33.0740462316 33.2221344791 32.3752084244 34.2340651506 34.9143930054 33.5803741683 33.6684314234 33.5142443076 33.0105486146 31.9325347318 32.7090481455 32.3042405233 32.7641864165 33.9831355239 32.2261402514 72.2427551695 33.5154872432 33.1464993385 33.3412076531 32.5862410848 33.3677380096 33.4294462769 50.5040413122
82.1332914357 82.1332914357 32.8702133638 31.8928094474 32.862349022 75.6176291825 33.419931635 45.8590978526 33.1323837477 33.3209991456 32.3957738416 33.6260920681 32.2871830484 62.5329644886 62.5329644886 33.8603832259 34.644991196 34.8750904864 33.8355825457 32.6320200913 34.4510753305 32.0254211339 33.1166072892 33.5568168169 34.0748287464 31.9388969966 34.9561315409 33.9092067674 34.4128680332 32.5260729233 34.1814413997 33.5275284968 34.3963449623 33.1450786131 34.293903301 34.0025860225 32.6679336346 33.5364244476 34.4021378807 31.8820676288 34.719611064 31.8720996961 34.1604151425 32.0395647037 33.5705304011 32.6845889065 34.682874493 31.7504844512 32.1253194292 72.2427551695 72.2427551695 34.5937229048 34.1189721851 33.350377727 34.3089616864 34.5791098701 32.7018802839
82.1332914357 82.1332914357 32.4071332884 33.6698285155 50.1793897394 59.5090049301 32.1389744926 33.645264023 32.3141366094 35.0183876737 33.6047731759 31.8242560705 34.7008753394 33.8921957278 33.6619991057 34.0568448653 34.4259179982 33.2331232122 33.9617513029 33.7483427083 34.6934067397 32.6009271776 33.6699978692 32.1116722739 33.5024218758 31.8915640444 33.9154166152 34.3765171124 31.6184152465 32.304907981 33.4526540562 33.789378502 34.1366215287 33.3461219324 32.8652569905 34.3798918437 32.6964030509 34.5133447976 32.9960189356 34.0831594582 32.0008679049 34.9921678673 33.5051434575 33.9445544419 32.4096522448 33.0056531428 34.7423058396 48.4742452076 59.7664867721 72.7614817242 72.7614817242 34.3592544098 33.016779046 31.7995923406 32.0513358123 31.7967603235 33.1131423427
46.789312276 34.1881799915 33.6273123567 62.6073400328 59.5090049301 59.5090049301 59.5090049301 34.9749324944 33.4438720823 32.9596805181 32.3484178041 32.4179221407 34.3492966216 61.067678297 33.9013800351 34.0472436125 34.9960837927 32.9671154516 34.5077935575 31.9571217659 32.5759371133 34.4792141998 31.7710863287 33.174599617 34.2552420641 31.6336905474 34.0451912064 34.7070321494 31.9361542603 33.1190164585 33.9964721362 32.4656191799 33.3722410857 33.9534159187 33.7266834575 33.7392749831 33.1755353815 31.8654260073 32.3378385851 31.6674962756 34.5579819686 34.9765038384 32.0524644284 33.3296415233 31.9178896259 33.6945444683 33.0386510351 48.4742452076 48.4742452076 59.7664867721 31.7565429305 34.6865008741 34.1306686957 32.0579335116 32.7842490767 32.5966919746 32.8995465169
54.6500388121 54.6500388121 50.8969931907 50.8969931907 50.8969931907 59.5090049301 54.1168923399 33.3111428467 32.6380991028 32.6942742829 32.0521466702 32.840632613 61.067678297 61.067678297 61.067678297 32.7100928936 34.8025095368 33.7525751437 31.6183252813 33.9122277128 33.426890852 31.869289718 31.774952836 33.5850036118 32.5508093806 33.755206272 33.1854055008 34.0716344975 34.2330807763 32.8264006521 33.9242151535 32.1100706717 34.645205004 32.7404058618 34.1900230406 33.4328885813 33.2496605856 32.1433279005 32.0434743964 34.3052487703 34.486579806 34.5778601778 33.9074817248 34.5034978506 34.5094214172 80.5811000334 47.7861505387 48.4742452076 48.4742452076 32.1357707925 34.2456379292 31.9156035776 31.7246632952 32.339026322 33.0731867359 32.7432556404 34.0640019002
56.6215112523 56.6215112523 54.6500388121 55.7595387246 55.7595387246 44.366235152 34.6228530476 33.1285493578 33.6360529803 32.5894124709 34.7073668323 34.8678277996 34.8456744445 33.329383075 85.5910313431 34.4393664553 31.7839237729 32.8877840327 34.966760458 33.2750424882 34.0165592897 33.6576707815 32.7154126061 32.0468479398 32.7517869756 33.2244320021 32.9064994659 32.2862930298 33.9270232014 32.7468699426 33.0588424063 34.122622907 34.5864876346 34.9420239821 31.7005394256 32.4120499434 34.6250098024 31.7436104295 32.6636868761 33.5639642896 32.986631515 33.5068596137 33.9275083816 31.9246392482 34.5348363651 46.1900424787 47.7861505387 47.7861505387 32.5651345371 33.2357413773 34.5601598769 32.4924175223 32.0601000967 32.2814900996 31.9229671336 34.1523655164 34.364163671
56.6215112523 56.6215112523 55.7595387246 55.7595387246 48.3209774923 57.9001298957 34.7428107323 34.9326804802 32.4234366472 31.5566861693 34.8571908207 32.8128241802 33.9178388326 33.1159986905 33.0749494841 34.9902344947 34.5007762573 32.3813024982 33.1038261108 32.3559910362 33.3613314912 34.7856411328 34.5524893427 34.4401083545 34.1048547955 34.2527366645 33.434726866 34.1866827443 32.6871695311 34.9125770268 33.5656176662 34.9762240453 33.0962005563 32.3834493744 32.0348876891 31.6647275887 32.5227276083 33.4870243808 32.2584879582 31.5239175732 31.935132195 33.9139648435 34.6137632104 35.0057804952 46.1900424787 34.9314374109 32.4071526031 80.5811000334 31.8404455914 32.9596368356 31.9114366178 33.4293871293 31.5827645984 31.9148711394 33.5266978794 33.6721373255 33.3546899609
33.0646640469 62.1992518478 62.1992518478 62.1992518478 48.3209774923 78.0107773749 34.4143540114 34.977241134 33.1758295646 31.55531084 33.1838457106 33.938399274 52.8754093264 46.1147564931 52.8754093264 32.3993633559 32.5252878907 33.9087088782 31.5660932421 34.3764803898 33.4371454851 35.0093190305 34.3947073382 33.3651906442 32.3864665992 32.8645470995 34.4850183252 34.9636913305 32.0859070923 34.0338912277 34.7360203049 33.7119289617 33.60573337 34.6151379246 31.5426346347 32.586012059 33.6573732527 33.5890423946 31.6478448413 31.9061142547 32.0322001033 31.8655577915 71.7499472153 71.7499472153 71.7499472153 46.1900424787 34.9964055431 34.6775872802 34.8260235293 33.1172519309 32.4595747557 34.664215561 32.218450898 31.5257994449 31.8684082514 32.0774117057 31.9209377501
32.5463471203 53.2952370334 62.1992518478 62.1992518478 60.5590699499 60.5590699499 60.5590699499 34.7288336888 32.977817738 32.6466482898 32.4051961055 31.6740305728 46.1147564931 46.1147564931 46.1147564931 32.322969635 33.313811257 34.3762752472 34.1619940488 32.969339635 32.7287979196 32.5122451862 32.6952916858 34.1846259269 31.6120927085 32.9410043211 34.2519515262 33.6639400003 32.6962505043 34.510198386 32.4404396195 33.2675519531 31.6231020589 32.9485352428 34.1464368458 34.2001794108 31.7106754228 32.6266231856 34.2967873688 33.0273496988 32.1440652153 33.7534173475 64.9247487899 71.7499472153 71.7499472153 32.0559217009 33.7694318762 31.9685403598 33.3228841367 34.1129024058 34.0781393017 34.1864319818 32.0497518848 34.9676075293 31.7045353679 31.8823375801 34.8744277888
56.0014507262 62.459557515 31.8416592688 34.7814925808 60.5590699499 60.5590699499 32.6962821127 33.6639125899 32.7435926807 32.3236774674 32.1583548611 34.63077196 33.2635553962 54.9559073081 54.9559073081 33.3507066485 34.1333641921 34.5555853502 32.7628153642 34.5092794029 34.1003147288 34.3421682917 32.4389451994 32.7204023708 32.0689804918 34.4346877067 33.4459329774 32.2102928226 33.7695117836 33.3073697768 31.8462359241 32.2436148319 31.9011953103 31.7205600607 33.4457967515 32.3883526768 33.7536502762 32.7076866293 32.1245096187 34.3532219623 34.7132977619 33.5176089545 33.3035474393 64.9247487899 71.7499472153 32.9597661837 33.9381691841 33.4371492973 34.7062298241 34.4303254481 33.5759619614 33.5369469689 31.8236045713 32.8215812587 32.3302577855 33.7923434924 31.7379977772
55.293448881 56.0014507262 73.9342849957 61.6232778784 60.3844881187 60.3844881187 43.2477495703 32.4492823304 33.1562036311 33.2179254016 33.2062746625 32.5187686013 33.5999068641 55.2015315531 33.3742579926 34.7230288038 32.2764740727 33.0723273682 32.1187209353 32.3554385309 33.2336467984 32.8305170513 33.3022498731 32.6396833694 33.7483010982 31.7368966052 34.7112189307 31.86892537 33.2078997043 31.7890043426 32.4929947527 31.9383160494 34.3310741903 34.9124655945 33.9380565021 31.5316377979 32.4674285292 32.7113963015 32.2803189386 33.691571128 34.3798252136 32.3922216327 65.1296039453 33.081646439 65.1296039453 32.2279989335 32.7460422 32.437123664 33.0113863029 33.0703871552 31.898965191 32.9065188907 32.3856554767 34.1743742476 31.851820659 33.4860929633 32.9523806495
52.0482089215 52.6287007475 61.6232778784 61.6232778784 55.3355553245 81.2814631362 79.0694210685 81.986463337 33.559381852 34.2454638467 34.6443997264 32.1619782138 55.2015315531 55.2015315531 55.2015315531 31.606768964 33.9187935471 33.3755876886 33.4703715798 31.6771275078 33.0675199132 33.5519761968 32.1090153704 32.5068288175 31.8023630816 33.3270921685 32.3889275618 31.8662624952 33.4780252062 32.7984588745 34.0743749786 31.6836294024 32.9426327535 31.5825554915 32.6710354779 33.4400240781 34.8098277922 34.5409273122 33.8480197434 31.6523455472 33.1649037103 31.5419825169 32.3792622273 33.4595090313 60.4594445107 31.8938336735 34.0521698199 34.8211378762 33.9636725744 33.9273162496 34.3205046464 33.9982947813 32.7385069593 34.2695128334 32.8950835107 32.9141796036 34.0825212782
73.921439963 55.293448881 61.6232778784 61.6232778784 61.6769740618 61.6769740618 55.2923158592 55.2923158592 32.5803313947 53.266676416 33.0300795595 32.9620194518 33.2671273835 55.2015315531 55.2015315531 66.4081494784 34.0635179847 56.8493875477 56.355023967 32.1954433783 62.0243965439 62.7359827453 43.5326765208 45.4658277385 33.2580654343 45.4658277385 34.8753253152 34.7992936397 33.8723405016 31.8843141176 34.0012140295 33.4360858988 32.3592527705 32.1410566926 32.1652126315 32.8983321711 34.1042797914 31.9268912858 31.7060871044 32.0324479419 34.2387111653 34.7330688691 60.4594445107 75.71700471 75.71700471 33.8254978294 32.5324718136 33.3571321363 33.9522787128 34.9622806134 32.1418036791 31.5560005755 34.5917959182 33.3797966081 32.4271692888 32.3668354447 32.2571015406
73.921439963 33.2522456525 61.6232778784 32.4825261899 61.6769740618 61.6769740618 55.2923158592 65.374719661 53.266676416 53.266676416 63.8114939559 50.5862792216 72.3973726803 72.3973726803 72.3973726803 66.4081494784 66.4081494784 56.355023967 56.355023967 31.5354278311 62.0243965439 62.7359827453 62.7359827453 43.5326765208 32.3096547533 32.3596741879 33.5641893889 33.221704057 33.0390708297 33.7594321197 31.9577388839 34.121160661 33.0206717891 33.797259075 32.0888173817 32.7660581775 34.5734408712 32.6457977298 32.1836893829 31.5876338563 33.1343363257 31.6471325513 75.71700471 75.71700471 75.71700471 32.0960672833 32.4337920233 32.3892547237 33.6225445049 31.746926637 34.7268964942 33.1527937368 32.1768545237 34.9952455682 33.0861064343 33.1957500102 33.1174861721
48.0323916248 32.208263797 32.8246275724 32.6512206912 46.8629580354 61.0709067276 49.6991393232 33.8071246143 34.3708006993 53.266676416 33.9759266809 50.5862792216 55.1009192228 55.1009192228 31.9930579567 66.4081494784 66.4081494784 56.8493875477 56.355023967 34.7716008695 62.0243965439 62.7359827453 43.5326765208 43.5326765208 33.6527004298 32.0364065969 33.0780380589 34.9567063602 33.3891142166 34.2259573459 33.5382309062 32.2144950719 34.7917692792 34.6286528886 34.2568998903 33.4909127839 31.8820060489 31.7512070996 34.1872981823 32.5940865979 34.8731196356 32.4899456855 34.8656437657 44.9384829532 44.9384829532 33.6503684042 32.8014463537 32.143314133 31.9971407039 34.2076020995 34.7476052126 34.9299905558 33.5213388624 33.9521585321 32.0740166568 31.5733534833 32.7141900386
72.8192870365 33.4369339353 34.3238497565 31.877468888 49.6991393232 49.6991393232 49.6991393232 55.6180419181 31.9291046621 32.3297466399 34.0911107151 33.4821504495 33.4213186285 32.6552187033 32.1895360453 46.9343248383 34.0244963151 66.8180404667 66.8180404667 34.7935891167 31.9254183951 33.089670454 34.3373904791 32.6830004038 31.553046273 33.9250540989 33.17908427 32.71043361 33.7324400847 32.2542318715 35.0071062635 34.6321393923 32.539769087 34.9010495988 33.7008982394 31.8783906463 32.9873125328 31.620049442 34.5868794949 33.5587000376 32.7354634944 31.930215631 32.6861238219 44.9384829532 44.9384829532 44.9384829532 33.7796456476 34.4700393419 33.9279821738 31.6053798028 32.3620856396 33.8874830661 32.0040836406 31.6134253062 33.4352656913 34.2205551969 32.458708084
32.5108110197 32.2460562236 34.1213823963 31.5345726445 31.8042139654 33.5453833212 33.1435894435 34.111270402 31.8959004927 32.833125007 34.0630161176 34.8378144167 33.8644196302 34.924100585 33.2612837886 34.1378712251 33.5256588688 66.8180404667 66.8180404667 32.7423358175 32.6227466032 32.9528513727 34.7925502124 34.9626421182 77.3591469469 33.4131573178 34.1370192764 33.9697166063 31.8451655712 33.3757154622 33.2383208333 33.5041700006 32.9640125624 31.7661596288 32.1189509616 34.1262529485 34.7652302844 33.7832426576 33.434335504 34.6313410217 33.1600091798 32.9967689754 32.3087239096 32.2255661309 72.7144129253 72.7144129253 32.1464417968 34.8668141575 33.663943874 33.2674965269 32.6627299936 33.1812393644 33.685153509 32.2956913859 34.0535789475 34.7659973292 34.1424653856
58.0587347575 33.3865209052 32.5087810915 32.3252229393 34.4268122914 33.3777895438 32.2147620402 34.32024218 32.7701187865 33.6074549695 34.7912701333 33.6525934061 34.7834030701 34.8008206894 34.3328870458 32.5917709715 34.5996742839 60.6143650674 60.6143650674 60.6143650674 32.2518499501 33.0570361463 32.1352469096 45.907124692 45.907124692 45.907124692 31.7782105362 34.5642645341 32.6155569396 34.3629740943 31.8227490414 34.1811989081 32.8351473486 32.4156218065 33.6082893152 34.9911871121 32.9403212539 33.2294570304 32.1774605954 34.1150803672 34.2593679959 32.1562677402 32.6252117681 72.7144129253 72.7144129253 72.7144129253 32.7062779139 34.4043513338 32.9480266424 32.8264064921 34.8571856808 31.7623805843 31.873523061 33.5146794291 33.9072021186 34.2467528257 31.7189122806
31.6645588803 33.6481622462 34.6819647983 33.6156713876 32.3306683307 52.8854522198 52.8854522198 52.8854522198 33.8345162128 33.1567163892 34.2703134642 31.6993857549 34.0538410733 33.8688410906 31.8649627764 34.3989612824 62.6542150085 62.6542150085 72.3513603769 62.6542150085 32.6624818486 34.5757476066 31.8024623589 32.3354829383 66.9334854226 34.2949051233 32.9624543484 31.9146989933 33.8424333007 33.5575061581 34.4514361405 34.6705586996 32.7207853852 33.3518053335 33.2578453445 32.0712676267 34.0616478637 33.7825029521 33.5383841059 33.5286433898 32.4068187533 32.4355570889 31.7336254769 31.7096237897 67.0854060388 67.0854060388 33.4627573166 33.5100251297 34.0776076985 33.0964911629 32.2698559478 33.7007523025 32.1349636719 34.779828357 33.2611992035 32.1493470987 31.8836490124
57.3439875749 34.9675334119 31.7058308607 34.7837029569 33.4650293988 44.4614366021 52.8854522198 52.8854522198 31.826178663 34.1339886923 33.3194727441 32.3911697291 32.6718727517 31.8338343373 34.7977027639 34.8522163403 72.3513603769 72.3513603769 72.3513603769 31.9048025604 60.8864011944 60.8864011944 33.4984350548 33.5175295875 33.0994523683 66.9334854226 32.1275458783 33.3117740995 31.5929001067 32.2549190732 34.2169073291 33.1755755908 31.771205604 32.3457165764 33.4966764295 34.5244920564 31.7272922344 32.7306062834 34.9566976222 33.8032850911 32.438736127 34.1690028693 31.8912859316 33.4216195191 66.1594129781 66.1594129781 66.1594129781 34.7781889006 31.511820945 32.0229106079 34.1814765639 32.3136237027 32.8754511278 32.0821024362 31.7795136361 34.3853804943 32.4076014813
33.8009904975 33.4411615375 33.1697619538 33.7281578839 33.5844597892 32.4147729298 44.4614366021 32.2579461965 32.4826256619 31.5545672684 33.9823594764 34.5765931194 31.5382995105 34.0401302509 31.9189672388 34.0962709204 63.2094136298 63.2094136298 54.0591841878 60.8864011944 60.8864011944 60.8864011944 34.0963896928 31.9859962771 34.4493529901 35.0010911625 31.7452176349 32.2194837835 32.3327044045 34.4811533475 32.5261683261 32.6568457941 33.1984529388 31.5537710569 31.7123344944 49.1996947545 32.95505608 31.5090438314 33.2477637035 33.6176212142 33.9475923637 33.8346780995 33.3459617027 32.589064751 66.1594129781 66.1594129781 31.6614912523 33.8842404953 33.6887229243 32.0194492279 34.1658085055 34.3506104615 33.6705413687 31.906937191 34.6561980683 31.715171333 33.3965920437
