Spatial_Output/BAU/BAU_1420.asc
NCOLS 155
NROWS 192
XLLCORNER 196307.867259
YLLCORNER 449144.565805
CELLSIZE 33.573938
NODATA_VALUE NaN
[rows 50 to 74 of 192, columns 0 to 55 of 155]
32.6032638498 32.852162187 33.1733992936 32.7972759318 33.0146898333 33.0954085494 33.1297855467 32.6484715781 33.0710175364 33.1752412271 32.8337729392 32.9817081627 32.803355524 32.5479087188 32.7106951759 32.6258553356 32.6774933428 32.5611775779 32.7439417745 32.5693394757 32.5257198856 33.1293988345 33.0226975358 32.7881432882 32.9360744225 51.5678150136 66.8114508985 32.9875082368 33.1400906439 32.9055225921 33.1764271736 32.9347054393 46.9281943299 33.1274275122 57.0917495474 57.0917495474 32.8216187124 45.0323709532 45.0323709532 51.4584321636 33.0351131557 32.8267990849 32.9109310125 32.669108731 33.1413572251 32.5798775414 33.0044254993 32.6388906611 33.0644678489 32.7347286923 33.1693315573 33.1383100226 33.1907850302 32.5160500687 33.0532519715 32.9164907902
32.9928233309 32.9259511883 32.9694455906 33.1690735904 33.0758888465 33.05579463 32.6977673477 32.8208368122 32.5313299032 32.513504718 32.7439767752 32.6575609777 32.5873535247 33.0249650639 32.7131427674 32.8593112174 32.7505882759 33.0406065512 33.1787359252 32.8221245367 32.6391614016 33.1858643501 32.8507183497 33.164183605 32.5016637103 51.5678150136 51.5678150136 66.8114508985 78.9421641348 67.5287768905 47.13038314 53.193036672 55.7439394469 32.9344645147 32.6128276913 32.5294773449 32.5791174508 51.1058916182 51.1058916182 45.0323709532 32.6979682621 32.9383988262 32.5477599321 33.0558204192 33.0671321832 32.9065605068 32.84670902 32.9484704873 32.6859793994 32.5483864098 74.3816269961 32.9532019748 32.5552633625 32.5377934617 33.0109298669 33.0724105689
32.6137589612 32.5585906608 32.9016105994 32.9939725729 32.9093402124 32.5338397425 32.9313642999 33.0923078673 33.1749574503 32.5882009153 33.0375881758 32.7654213809 32.720416866 32.5484066379 33.0328400055 32.5083581246 32.655712219 32.7367522983 32.5725318096 32.8124750475 33.1788349556 32.744528382 72.5608369324 49.8461993481 33.110876844 51.5678150136 51.5678150136 78.9421641348 67.5287768905 67.5287768905 53.193036672 53.193036672 32.5050325815 51.4202759818 69.5351810116 32.7283574379 32.7463175157 51.1058916182 51.1058916182 51.1058916182 49.4839199255 32.7315472163 32.8928156249 32.9669295244 33.1168743153 32.7356222439 33.0189477512 33.0088440189 32.7322931435 74.3816269961 32.6469705108 69.788642596 44.2559698853 33.0063794168 32.738935742 33.10331487
33.1597680962 32.6418115897 32.736848574 32.9172787485 32.5900765179 32.5539833939 33.0003843845 32.8152038116 32.6117395041 33.2012953198 32.9620551387 32.8866623132 32.5503218405 33.0491956839 32.5476983463 32.892463444 32.8952197233 32.8805247732 33.1260735795 33.0201116492 33.1301296724 32.9686024626 48.0904848792 48.0904848792 48.0904848792 32.8541780413 32.5749388491 32.5691573359 78.9421641348 67.5287768905 53.193036672 53.193036672 33.187250757 51.4202759818 69.5351810116 32.6785851621 32.7820019066 73.7099011173 32.9557696872 49.4839199255 49.4839199255 32.7957484051 32.8604442239 32.9105994763 32.8391618153 32.7194068525 32.6927929578 32.5370537242 33.1516423633 32.7463448278 74.3816269961 44.2559698853 44.2559698853 69.6260033911 32.785353633 32.9127126326
32.663373057 32.554816778 32.8174162625 32.9018878912 32.8575073914 33.1786355535 32.5386086843 32.7333370085 32.5832103604 32.8406993927 32.8512683296 32.6886628902 33.0570325078 32.9428459051 32.523098792 33.027941891 32.8734024247 32.9516235196 32.7029701769 32.632912702 32.7588846115 32.9696479112 32.879606099 48.0904848792 32.8103074105 33.1140084372 33.0232570415 33.1882910451 33.0850091754 32.8417514401 61.2386321901 69.346831277 32.5504775611 32.9375103151 62.5698969167 33.1896640107 73.7099011173 73.7099011173 32.9522691981 54.6930866686 70.2295622064 70.2295622064 32.6646698379 32.9166358341 32.5723485308 32.6864946553 32.9976312672 33.0297038075 69.1033073468 32.7587264723 32.7129076043 69.788642596 44.2559698853 69.6260033911 32.8660912051 32.6175583177
0 32.6916056265 32.5907076841 32.6062824508 32.5249524597 32.773504268 32.9881485485 33.0296932325 32.9497922952 32.8150176608 33.0763309669 32.9531307354 32.9308113793 32.7682340361 32.8777928987 32.5415589943 32.6411481938 32.6005782606 32.5498646251 32.8707128318 32.6330660056 32.5678624693 76.8901155012 32.9918043874 32.7392033729 33.0384216518 32.7532455898 32.7418319891 32.6242618487 33.1106591094 32.5194392827 56.2300694249 56.2300694249 42.520886481 32.8182194714 32.6599142093 32.7458562269 32.9987884602 32.5309521137 70.2295622064 70.2295622064 70.2295622064 32.7431861019 32.8947178224 32.5885623732 32.9463350287 32.6478739545 33.2013408778 33.0408994418 32.6462522325 32.8779835687 32.7507660074 32.5925549263 33.0157387488 33.1108789921 32.9024138131
0 0 33.1199806362 32.6623430599 32.8079973778 32.8020125171 33.1197665051 32.5807644816 32.8139486349 32.6195486053 32.6671180152 33.0356536403 32.5275145757 32.6988339994 32.9050373954 32.6410450639 32.7330484351 32.959883252 32.5424679046 32.6151044661 32.9448095829 32.926181652 32.709405575 33.1901239252 32.7071628089 32.6534051695 32.692692549 33.1675482879 33.1410700994 32.5180722588 32.7777541318 56.2300694249 56.2300694249 42.520886481 33.1106938473 33.1938285217 32.7170998236 33.0315269284 32.9735020295 55.702628888 70.2295622064 59.3390940365 32.9015303687 32.7801789193 32.8873560348 33.1898656733 32.6913380522 32.5735021345 32.8981647705 32.6816668289 32.6211137483 32.526780823 32.8698634451 32.8598655347 32.7118513989 33.0164763228
0 0 0 32.7719880671 32.5281221229 33.1677881049 32.5089137539 32.699675121 32.6855159357 32.596644403 32.9137885802 32.8285307713 33.0314079409 32.5734405977 32.6462756725 32.7536482537 33.1882957662 33.1076934062 32.7792808629 32.6777217649 33.1313350171 32.7673282517 32.9398555732 32.6920512061 33.0636967626 32.5628857409 32.5067009811 32.5930904876 32.7110558269 32.7471887298 33.0106782594 70.1558059419 32.8693344633 32.5116395806 32.9926017354 32.7727929725 32.5404129226 32.6615094476 32.5684954154 32.6892370883 52.6372772812 52.6372772812 32.9022236039 32.9817494527 32.5567269311 33.0151206258 32.9599951149 32.9140179045 33.0747635725 32.9116746408 32.89535455 32.8837166982 32.937406269 32.7166964036 32.7830196367 32.9551166918
0 0 0 0 32.930403431 33.2045226296 33.158322408 32.830032379 32.9586072008 32.5841154386 32.7436587922 33.0888532362 33.1657034157 33.0667872492 32.5005275287 33.1284686551 32.5387034764 32.9926364476 32.7259245237 32.8190454994 32.5199483958 33.0855662702 33.0428889717 32.9783572485 32.8605748354 33.0801355152 54.1224416352 32.5509581193 32.8652253719 32.6874794685 32.8090933093 32.6489786767 33.0454892384 32.5081990016 32.6341686074 32.7324742664 32.8608086457 32.5182792432 32.8395198731 52.6372772812 52.6372772812 52.6372772812 33.1638048911 32.5969834422 33.0895000377 32.6422552797 32.8145156313 32.5949409582 32.7849347039 33.1368218559 32.9510894399 32.8648922216 32.9101916899 33.0683443431 33.0978928858 32.5664078328
0 0 0 0 32.6010568968 33.0930618368 33.0019236145 32.5845695274 33.0220254923 32.746371706 32.501604121 32.5700406763 32.519965772 33.0868130208 32.7973699089 33.1919484496 32.9945487773 32.9182310326 32.6131947993 33.1374682147 32.687903529 32.5693661201 32.6573976739 32.8395170267 33.0387486074 62.2694072373 33.0177966297 32.8970632923 33.0160901213 55.0483165255 32.9867096013 33.1570337583 32.9620022128 32.96710742 32.7422586899 53.4401966804 68.069050661 61.408917316 60.1678949632 60.1678949632 48.5765350951 48.5765350951 56.0961452518 32.6706464018 32.6209938271 33.1815233975 32.9737444447 32.5293225552 33.022601524 32.8526210065 33.0841191265 32.5546551058 32.6164623988 33.0543437491 33.1969707818 33.0937054956
0 0 0 0 0 32.5920514474 32.8579223984 32.8877590197 32.5732238241 32.7281866739 32.9806048388 32.6433949514 33.125658838 32.6940170405 33.0126363608 32.9991891866 32.9067815873 32.5199475565 33.1448019077 32.569989432 32.5951554829 33.0302521449 32.7006078133 32.7672645335 32.5887745779 33.0651615023 33.0610606909 32.7800701804 55.0483165255 32.7494829065 32.9607123471 33.1586050031 53.1874579039 32.7293289992 32.8109521088 32.5338627618 68.069050661 68.069050661 57.6013001847 60.1678949632 53.9238859599 53.9238859599 32.7841213496 32.9115762041 33.0831323935 33.0342519012 33.1907109781 32.9491011866 33.0348429232 32.8257958793 32.6458390683 33.0857605273 32.9967614226 32.9123595277 33.1858366522 33.0220352702
0 0 0 0 0 32.6897075731 32.749333207 32.6615061976 32.6332478319 32.7797170138 32.8124632342 32.7217881434 33.0215438368 33.1119649827 32.9025042806 32.548014682 32.8701139783 32.8028540577 32.5464306666 32.7510082361 33.1642444202 32.7985853128 33.1187318639 32.7814533568 32.5654714738 32.9240303397 32.5960153658 32.521748111 32.9073092723 32.7442173422 32.8191261156 32.9869369614 64.1904206463 65.0858673534 65.0858673534 32.9134801839 68.069050661 61.408917316 81.2819924481 53.9238859599 53.9238859599 53.9238859599 53.9238859599 33.1851227043 33.0721266303 33.2021324803 32.5704550669 33.0700590689 33.1209556378 32.8505956068 32.9419301796 32.6115792142 32.6017048431 33.0744809589 32.696738074 32.6879495881
0 0 0 0 0 32.5901733499 32.5375052605 32.7857030711 33.0197122766 32.8340275907 32.7836770797 33.1856395612 33.0998567102 32.8432341274 33.1915813462 32.8743482998 33.0513494616 32.9186084008 32.5254239254 32.8431956802 32.8467101882 32.810032239 32.8922969497 33.2043082286 32.8374205659 32.5313578035 33.1930540527 33.0592703633 32.5638931117 32.8083982248 32.9889001789 32.621941869 65.0858673534 65.0858673534 65.0858673534 33.1257451735 32.9396544569 32.8931688532 32.8263418955 48.5110364881 48.5110364881 48.5110364881 48.5110364881 32.7479439061 32.9637341007 32.839180002 32.659347181 33.1468501543 32.8623232175 33.145965565 32.6015229872 32.7378726293 32.6869006888 33.0957759899 33.1106458271 32.5568277353
0 0 0 0 0 0 32.6021158557 33.0209726251 33.1227357141 32.811953857 32.9761368427 33.0515939784 32.571631306 32.7713141428 33.10241372 32.8872610267 32.9866464503 33.1466010428 32.7164762102 33.1129153782 33.0858690717 33.1953619765 33.195628162 32.6420690034 32.6302520786 32.7852254319 33.1154617524 33.1880542821 32.8984828005 33.0153917163 32.6831452303 32.9551997716 32.5784150414 32.8497686631 32.7865514538 32.8151848479 33.029711912 32.6388631511 32.8441616403 63.2549275421 60.2735155816 60.2735155816 33.0031675999 32.5698438642 32.6695663413 32.8745268409 32.5661936333 32.7517492694 32.9341396198 32.7713205888 32.8193984909 33.1354834565 32.8647346619 32.6637850769 32.5579560156 33.0462583277
0 50.6543402332 61.609138521 63.162841419 90.4520669693 90.1341036086 90.1341036086 32.7575821784 33.0502169405 33.0039107282 33.0248483558 32.6273715342 33.0234298976 32.5615520496 33.170511356 33.1959597578 32.5726120534 32.7261845058 32.9688355049 33.0369738826 32.8929485341 32.6909517045 32.9050247765 32.8900013239 32.841971535 33.1742512005 32.9593032832 59.0625974287 59.0625974287 32.8934027768 32.8298068552 33.172873129 33.1521946126 32.9954294683 61.4427266405 32.9127979391 32.5316569965 32.7607513129 32.6948028872 33.0367006995 60.2735155816 60.2735155816 32.8171444741 33.1362295825 32.6522253083 32.9461489431 33.0958329745 32.5926977693 33.2039535958 33.0216047278 32.9929587717 33.159922952 32.6005174591 32.6704427402 32.7467411504 32.5455456838
0 61.609138521 63.162841419 63.162841419 90.1341036086 39.6021893422 39.6021893422 39.6021893422 32.6012208902 33.1834805454 32.5407749833 32.6884373632 32.7669121017 32.7963783102 32.6792953449 33.0816529471 33.1143878707 33.068430191 32.6921930932 32.6833261394 32.6588259172 33.165890452 33.0413674282 33.1566750613 32.7653127785 32.7897702455 32.8132898932 59.0625974287 32.6710552487 32.796197927 32.7357105149 33.0278760718 32.8525707785 61.4427266405 61.4427266405 61.4427266405 32.5835050363 33.1679147386 32.5884084536 32.952205873 33.0745512302 33.1454153264 32.9628352575 32.6894573545 33.0580556931 32.5895635207 33.1735612426 33.1806524371 33.0489831679 33.1380037441 32.9492997322 32.7961426626 33.0566469969 33.0065760965 32.5317160877 33.1110403007
0 60.2311324439 61.609138521 63.162841419 90.4520669693 90.1341036086 37.2237118138 73.0243302465 50.3208128222 66.4479397036 32.617574527 32.5547588791 32.7764620328 32.5040788689 32.9908084855 32.6839760824 32.6461208063 33.153375584 33.0286508326 33.1169787707 32.677284084 32.9597067296 32.9652440932 32.5912942802 33.1764002216 32.718389949 33.1378818477 68.944362743 50.3386318925 50.3386318925 32.5472986791 74.7995373694 74.7995373694 54.9457851734 61.4427266405 32.9036745429 32.8606309646 32.6229906699 51.8447670819 57.7045065601 63.5670973756 63.5670973756 71.8291344762 32.5548994806 32.5554593999 33.1554822541 32.8666504846 33.198542173 32.9809834162 33.1537073588 33.1427097931 32.5619078595 33.2019739457 32.6092948509 33.0464770608 32.8466927807
0 44.6366547488 36.9367990362 44.340384395 57.7951937338 58.0394075036 37.1446919533 37.1446919533 44.4517346221 36.9457198494 36.9457198494 33.169422076 32.9595212282 32.5675225464 32.9105715598 32.8237132031 32.8053385513 32.9825478385 33.0132432347 32.5889141716 33.1970774017 32.604028583 32.6370754394 33.1256234031 32.7939387963 32.5888563388 68.944362743 68.944362743 50.3386318925 50.3386318925 50.3386318925 74.7995373694 74.7995373694 54.9457851734 54.9457851734 54.9457851734 65.3571808315 51.8447670819 57.7045065601 57.7045065601 63.5670973756 63.5670973756 32.9254943267 32.5954498695 33.1410983071 33.1885019615 33.0975149887 32.6555640883 33.0060161379 32.6733918118 33.1312336783 32.9128792454 33.1123356983 32.5367746884 32.8373466766 33.1140536502
44.6366547488 36.9367990362 36.9367990362 36.9367990362 44.5396099231 44.5271517968 37.1446919533 37.1446919533 44.4517346221 32.638110165 32.9751572142 32.6212902063 33.163917956 32.6980525493 33.0850728206 33.0877762885 32.7301383982 32.838307355 32.8152743566 32.7116125363 32.9381170749 32.5468316655 32.9222079895 33.1549582193 32.711769094 32.6322166503 32.6771234178 65.2940813433 65.2940813433 90.2304187838 32.8023179392 33.0308947162 74.7995373694 54.9457851734 62.1157689874 62.1157689874 62.1157689874 51.8447670819 57.7045065601 57.7045065601 33.1414111995 32.9684808129 71.8291344762 33.1250219788 32.6571620973 32.6016630412 32.8968100157 33.1933084633 33.1303750354 32.8265189895 33.1085149081 32.8941355866 32.5401697466 32.9764378667 32.7627778033 32.8969230447
0 44.6366547488 36.9367990362 44.340384395 50.1122392243 57.7951937338 44.5271517968 37.1446919533 44.4517346221 32.8605562101 33.0168923828 33.0274980357 32.8100982779 32.6799200046 32.6297128786 33.0125640087 33.0295178169 32.9675948622 32.882073632 33.0032613383 32.8482939762 32.5745195031 32.964933919 33.1849096091 33.1552981663 32.891523588 65.2940813433 65.2940813433 65.2940813433 80.881904927 32.6012570643 33.0210387991 32.8808503158 33.0019775074 62.1157689874 62.1157689874 57.4063079886 32.6098391884 32.6501865554 32.5478190465 32.8792945659 33.1901432583 33.025850144 33.10493972 32.8956916263 32.6800076384 32.6626242455 33.1906337031 32.6698769817 32.7988204946 33.1793452866 33.1781397934 33.0430581544 32.5765236886 32.5527781746 33.1509357472
0 0 0 0 0 0 0 0 0 32.527878275 32.9652530987 32.5918410124 32.7295898239 32.5293666226 32.8304652016 32.8682140488 32.6341899418 32.772979393 32.5770081475 32.7798923562 32.8728334377 32.5870306745 33.202257761 32.6026706435 33.1859227846 32.7742836552 32.6157012217 80.881904927 90.2304187838 62.876469637 63.2327986374 33.0972142279 32.8928922689 32.8357824601 57.4063079886 70.1936269183 70.1936269183 32.8103887118 32.6437629983 32.8021052958 33.0695857509 32.6375693773 33.0053482509 33.1027120396 32.8009329141 32.8773695093 32.5609857456 32.5960071002 32.6121945263 32.5005574201 32.6629735163 32.7939506463 32.5488171472 32.7414329047 32.7080850746 32.6785789161
0 0 0 0 0 0 0 0 0 32.638184678 32.7911804948 33.1349804646 32.6580084441 32.5089905486 33.1704664947 33.1572245083 33.0561155432 32.6112732208 32.7951366977 32.752869413 32.9358073427 32.8395094667 32.9618489448 33.1132687934 32.9035176875 33.1916001903 33.1529978807 62.876469637 62.876469637 62.876469637 63.2327986374 33.2011207003 32.925050168 33.0554915039 70.1936269183 65.3629059439 50.7250790592 64.957116903 32.7066382291 33.0912176503 32.9897235647 32.5262518284 32.9578874699 32.5696509705 33.0918173354 32.8988787017 32.6428130844 32.9828948041 33.1298782003 33.0996737879 32.9728241448 32.5329612535 32.6201811766 33.0340885146 33.0024384796 32.6991024813
0 0 0 0 0 0 0 0 0 32.8603363729 32.6391746953 33.0482936954 32.8898168645 33.1062600904 33.0441224384 32.6380967715 33.0500600673 32.5372058834 32.9688323144 33.07774425 32.5096187632 33.0246627444 33.106431141 33.0672083669 32.533980197 32.5271104881 32.6671983452 32.9453945099 33.0273060016 44.8097751927 32.5325967146 32.5338734952 32.7894937079 32.5608917381 56.0843851514 50.7250790592 50.7250790592 53.906347818 32.6899261326 32.7052307703 32.7071337181 32.9497041995 32.9271767791 32.5723620725 32.8095860285 32.7865373399 32.5480405234 33.1918614682 32.6328669974 32.5632805337 32.683268932 32.6250215926 33.124275773 32.7179020383 33.0822498191 33.1809355138
0 0 0 0 0 0 0 0 0 32.7839065649 32.7179822792 33.1517635988 32.7941617157 32.8234677853 33.0354725185 32.6391392752 32.5019147252 33.0683620905 32.8083630566 32.9139389264 32.7996149497 32.8919785168 32.9673531446 33.0194855928 33.0573763681 33.1518591079 32.9307486939 32.6851795457 44.8097751927 44.8097751927 44.8097751927 32.911764247 32.5950753479 32.7428153591 32.685173961 53.906347818 50.7250790592 54.8476471594 32.6940213843 32.7115933116 32.9680926452 32.8445609567 32.7468808619 33.0120532984 32.7345489067 32.5495538007 32.7998765074 33.1607635271 33.2024073237 32.9898775893 32.926983176 32.9636196799 32.6511300571 33.1165662812 32.5244641682 33.0915072782
0 69.2314019752 45.4291857032 43.2357644943 58.3068292644 43.3590544435 68.3628347603 0 0 0 32.9864324127 32.5188527751 33.0260087818 32.7014814719 32.9670649255 33.1800632076 33.18226586 32.5754107864 32.5704693502 32.8122070786 33.1446002048 33.0775840511 33.0203398932 32.7550665021 32.5102837028 32.9227993141 32.7990128 32.7546281434 73.7935317053 73.7935317053 73.7935317053 33.0393122362 32.5332479654 32.5663593731 33.1452981291 69.8795213043 62.2020387797 62.2020387797 32.9681546993 33.1664114335 32.77775068 32.9058239523 32.7775402238 32.9410033451 33.1992963645 33.0355794924 32.6392640135 32.9755485845 32.9785517858 32.9776649301 32.8987517738 32.9111437422 32.5170384658 33.0167595873 32.7216253607 32.9834586041
