Spatial_Output/BAU/BAU_0630.asc
NCOLS 155
NROWS 192
XLLCORNER 196307.867259
YLLCORNER 449144.565805
CELLSIZE 33.573938
NODATA_VALUE NaN
[rows 150 to 174 of 192, columns 57 to 113 of 155]
27.3753506741 25.5905993266 24.63582776 26.0817835295 27.3073683131 26.4657950997 28.5153093941 53.00445082 38.0484791087 47.4604437474 41.5184683128 26.3922946411 28.6234060337 25.6963065966 26.9400099578 24.7765790046 29.1364127817 24.980223442 24.7612830011 24.8206628145 25.730106857 25.6777135619 27.3097301649 27.9585279188 28.8020059181 26.2555414392 26.1883342145 25.617768562 24.7073084527 28.0742044361 27.1191375926 26.1451410751 27.5816138536 25.1809552569 29.4280932117 25.9081574743 26.0086691314 40.654698505 40.654698505 29.1913556033 27.3197274241 26.6669699622 27.5938915668 28.4559571344 27.7340572134 27.0180772287 26.2349616105 28.7735231595 29.1890662337 28.1192190946 24.6290262088 27.4255708752 26.0056154144 26.6489677042 28.4340813981 29.4441405033 29.254678052
0 27.5172472809 29.2816685743 28.5889245028 27.6197993188 28.8330885961 29.4001932518 53.4849955044 39.9123659413 47.6955889829 44.1123598025 28.7448137281 25.007975869 26.3366130319 27.2152397731 24.9196932913 28.9710658461 27.3511098192 29.1106293016 25.0698297502 28.6459252115 28.9971133179 28.3888012406 26.6971524616 24.6974059965 27.6975438109 24.9492523147 28.4164787235 27.0833216388 29.3034140906 25.5300094443 28.0662918087 24.9761073115 27.520772123 26.8851725072 25.3612545282 40.2236415388 40.2236415388 25.3478612456 27.3912966822 24.5433125185 25.7791878722 25.4789768837 28.3434212488 24.5271466783 24.5838819758 29.1761832688 29.1952000588 28.1718857724 24.9128280741 25.4224148016 24.5497077162 27.6836377811 24.7931908497 25.9286646617 24.9008319416 24.6805791356
0 0 0 0 24.9601869127 25.3966140534 25.1090772237 25.4395546563 49.6679715345 47.9340912767 43.9093255281 27.0792790075 25.9718278623 26.519942724 28.5519860087 28.3761246649 28.1845172999 27.2445727468 24.698512016 28.0237291748 28.1122590081 25.5909481291 28.5565377308 25.1774270462 29.1122982997 27.9866695463 26.1992753669 27.2675683638 24.5982785126 29.2332851239 27.1954777406 24.9829030967 25.416878104 25.5887946156 27.894057803 29.2051029779 25.435987209 40.2236415388 83.4169851626 83.4169851626 29.3311708377 29.2201207356 26.1277138757 24.9806541871 28.1623330778 27.0580701942 26.4463664015 27.036247127 27.575938987 28.4926650748 28.8431643082 29.4380133739 25.1151171856 29.1283531651 27.4873347904 25.4820155463 25.9871723637
0 0 0 0 0 0 25.5949855862 25.4375533608 43.1264096673 43.1264096673 26.3984151333 50.7690257352 28.0483818064 28.6238453109 25.9273955422 25.3910770958 29.4127888155 28.2470453334 28.2990479659 28.0320420727 28.1915723846 29.3682544182 29.301502126 27.5504205032 27.354476902 26.7995509905 28.2444334797 26.238639793 25.4084356771 28.6742024045 24.8772099788 27.6044023182 25.6865087502 24.9785241896 26.910022829 28.9414372758 63.5360247357 83.4169851626 83.4169851626 42.7721836642 29.1422803049 25.5201965721 25.2547370016 29.3867669769 26.9898714953 26.0152406864 25.3879150836 27.7976883937 27.2194687955 28.9758131964 27.8118073462 26.8530590023 26.0142337227 28.9577245525 28.8722330467 28.0647224162 24.6503907328
0 0 0 0 0 0 0 0 63.2529749673 51.4543973499 51.0886110648 51.0886110648 28.9166108505 28.6970876531 0 0 28.8607770465 28.3360281793 28.331503548 25.5024504571 25.2755129424 25.7570654234 27.3577957849 24.9683898045 28.7253387415 25.4325036968 27.3154793751 24.9541300537 24.7744063126 28.8370882185 28.4398713257 25.9830150555 28.4561097569 26.823387506 26.5404356112 25.3033617871 24.9672724405 42.7721836642 83.4169851626 42.7721836642 40.2672290631 25.527079301 29.2111653475 24.5975594033 25.6991121403 27.1385960438 28.3968295024 26.4971869519 25.7224185938 28.1708456561 25.8832848607 28.4863557826 25.000979465 25.9070151333 27.6971178723 24.507501317 27.1548753115
0 0 0 0 0 0 0 0 0 51.0886110648 51.0886110648 51.0886110648 46.9284420727 0 0 0 28.7135766621 27.5503529717 24.596680546 26.8182393364 25.6382304164 24.5946425929 25.000692677 28.3106695321 25.345463599 24.8884815371 25.872857587 29.2227748669 28.2649236848 28.5075322261 29.240322434 29.0663871751 29.314579297 25.6359427186 27.7842449312 27.0339780637 29.1872244601 56.1101409206 42.7721836642 56.1101409206 49.5158394624 25.4242047321 25.9382846623 27.0533037736 25.7932556753 25.1133585097 26.055867057 27.4183221603 24.7018242642 25.9186756543 28.7635161347 26.2023132934 28.0019218648 27.8074065358 24.525269077 24.6099288804 25.6177425119
0 0 0 0 0 0 0 0 0 47.1463193062 57.7064045332 48.7359748411 48.7359748411 0 0 0 0 25.9852154856 28.6065601379 26.6433347335 26.7363699621 29.1824002124 29.2590858054 25.4526660525 25.6884715883 26.1009327782 28.0894968717 26.0684564293 25.0253734038 28.2231287676 27.9975134294 26.9101997554 25.3620302915 25.0305414329 26.1604925149 27.6330164978 25.503970958 26.1108607507 43.8030025679 43.8030025679 43.8030025679 28.5558831642 27.9941601847 27.3580633961 29.4298771655 28.1782680129 29.0152984525 26.2503682602 27.1708918935 28.7322999001 25.8398209681 25.9181585665 25.9601379954 28.0129191386 28.1655644983 25.2663269093 27.0243484559
0 0 0 0 0 0 0 0 0 0 48.7359748411 48.7359748411 48.7359748411 54.8824471028 0 0 0 0 25.681403543 25.6374741463 26.6864017067 24.9904463592 27.2239816579 27.0093646565 24.7592076897 24.731751215 25.8344033556 25.4232012498 26.2126044678 26.352571923 27.6390951939 27.5665473861 24.640466621 25.895056408 27.7796683275 28.0942895587 25.6488351521 27.0033156053 26.7802749615 64.4929632174 64.4929632174 64.4929632174 27.3420289387 29.289662053 26.5482642148 26.3843344941 25.3222453265 25.0091041071 25.5699648145 29.1501391025 29.271482882 29.2208715533 26.8991700162 26.1639546765 25.6434895834 26.477531056 29.2227511222
0 0 0 0 0 0 0 0 0 0 57.2077462402 57.2077462402 78.5398072725 0 0 0 0 0 0 29.2562806192 29.4091725024 24.9328678578 29.3933935454 27.8878149273 27.8476118843 28.6456811324 28.4306273481 28.8859625746 27.9615337354 27.6489958343 26.6703546496 28.2488305515 25.3298155771 28.0530506667 29.0615236172 25.5711499654 25.3885578152 29.2567936412 26.0887124085 56.9719717353 64.4929632174 63.5443074348 27.9305741725 27.4148623876 27.6887203667 24.5795726691 25.2462465604 25.8167995332 28.2844417466 27.6146770431 27.5664023241 25.351856787 28.6494085538 26.3080843292 24.8273381721 27.8507002261 26.9630790457
0 0 0 0 0 0 0 0 0 0 0 0 0 0 0 0 0 0 0 0 28.9316359082 26.0893580639 25.516788347 29.4179333873 27.1557579163 28.8429846612 25.5183621485 27.4563623031 28.0593936875 25.9461721896 26.7488244946 26.6024264592 28.2059537672 24.5533529877 28.586581764 28.8119770018 28.0159359802 27.6550329787 26.0742076311 63.5443074348 63.5443074348 63.5443074348 59.2864986269 27.302483391 28.1402115683 28.3326116753 27.0373338339 25.1295785296 25.7129346258 25.1944332544 25.5878402126 28.5090020315 24.6317773864 25.9067103122 24.55935758 27.5020678439 28.6655643872
0 0 0 0 0 0 0 0 0 0 0 0 0 0 0 0 0 0 0 0 0 0 0 0 24.8599902498 26.7669885073 28.163741406 28.6532198342 26.9373163555 28.2498454573 25.4749679927 24.5725116121 25.4416316121 25.5930926783 29.2567097516 27.5809500925 26.6048077663 28.1953907351 25.6038622342 27.6834983946 19.7862084511 19.7862084511 19.7862084511 28.0870820756 27.8941143976 26.8867978009 29.1784692988 27.0305480151 27.0424316034 26.2417598561 25.6804266441 26.7540884854 24.6452236311 29.2130465792 26.5235779307 27.1519063126 25.7483625607
0 0 0 0 0 0 0 0 0 0 0 0 0 0 0 0 0 0 0 0 0 0 0 0 0 0 0 0 26.6889581255 29.4446181847 26.0121077577 25.6499422756 27.3387696419 29.3217989699 27.8935882993 28.447488609 25.3570846015 25.2218568929 27.5012934669 25.6623011458 66.7731052818 19.7862084511 19.7862084511 48.0726999409 28.9910536129 25.576457564 25.7599683258 27.6899741118 28.4864859678 27.9844484079 25.4578147507 25.4407486684 29.4440246677 26.3303019195 25.551331759 27.8518007044 0
0 0 0 0 0 0 0 0 0 0 0 0 0 0 0 0 0 0 0 0 0 0 0 0 0 0 0 0 0 27.8179653832 27.2229655708 29.2076551952 24.6722209457 26.7380426595 27.2046203734 29.3379780587 28.2427416751 25.7098538694 25.9797533098 26.6878181743 48.0726999409 74.9325110687 74.9325110687 43.7417980966 28.2612700121 26.6322504396 27.5241461186 29.0750811255 25.3547873743 26.2130326327 26.3108043968 27.0319918433 27.5096169735 27.9618635569 26.0263649021 0 0
0 0 0 0 0 0 0 0 0 0 0 0 0 0 0 0 0 0 0 0 0 0 0 0 0 0 0 0 0 0 25.959575187 24.8753900605 27.1173433526 24.6978887512 27.0275549619 24.5405597557 27.2525861364 26.2971697268 28.1666903272 28.8936736678 25.8578057363 43.7417980966 74.9325110687 52.57057556 28.2061130934 26.0182861939 28.2581032001 25.8926127682 28.3275625174 26.5440269955 29.1375723819 28.8293362587 26.0685350799 25.5157024673 28.1866351221 0 0
0 0 0 0 0 0 0 0 0 0 0 0 0 0 0 0 0 0 0 0 0 0 0 0 0 0 0 0 0 0 0 27.2887941396 27.7846398547 26.982099351 28.9616087262 28.7755527738 25.3071538305 29.0862472964 28.3869240519 25.5881833559 26.3631548298 52.57057556 52.57057556 52.57057556 25.7612460419 25.4330587144 25.6760987916 29.4429836029 26.9354497165 27.7092790786 25.1971084628 27.8829134086 24.9328984273 26.010542245 27.2606262922 0 0
0 0 0 0 0 0 0 0 0 0 0 0 0 0 0 0 0 0 0 0 0 0 0 0 0 0 0 0 0 0 0 0 0 26.0194918208 26.6992812848 27.8490036028 26.9615143465 26.118919905 28.7723809007 28.9192226009 24.7645549066 25.74918904 60.0993919586 60.0993919586 73.0897065512 46.635555284 26.6630063903 27.9756862446 28.1932229681 27.6139330137 25.7019634007 28.11592707 25.3389497539 25.1303914175 0 0 0
0 0 0 0 0 0 0 0 0 0 0 0 0 0 0 0 0 0 0 0 0 0 0 0 0 0 0 0 0 0 0 0 0 0 27.9196869557 26.3226326394 24.8968576304 27.2294289563 28.0137978752 25.2873192965 26.2569573769 26.0007329979 73.0897065512 73.0897065512 72.7585229245 24.9054890007 26.8778894768 28.7125351418 26.9790069239 0 0 0 28.6742188036 28.0620758594 0 0 0
0 0 0 0 0 0 0 0 0 0 0 0 0 0 0 0 0 0 0 0 0 0 0 0 0 0 0 0 0 0 0 0 0 0 25.1470747221 24.8007241781 27.6306712636 28.4096118104 27.5407420614 25.5801307616 29.1063282429 24.8728769395 61.9768243242 52.2496306785 80.511788801 80.511788801 29.4083320754 27.0203199019 0 0 0 0 0 0 0 0 0
0 0 0 0 0 0 0 0 0 0 0 0 0 0 0 0 0 0 0 0 0 0 0 0 0 0 0 0 0 0 0 0 0 0 0 27.1828216369 28.7330914873 27.24485864 28.9886806041 25.4242434409 29.3590914656 26.272545128 52.2496306785 80.511788801 80.511788801 56.4809258678 54.4080965786 0 0 0 0 0 0 0 0 0 0
0 0 0 0 0 0 0 0 0 0 0 0 0 0 0 0 0 0 0 0 0 0 0 0 0 0 0 0 0 0 0 0 0 0 0 0 27.8784103983 28.782036634 29.0159086971 27.0235367228 26.7499039879 28.7776692161 24.9060991125 24.8522757798 80.511788801 29.4299241765 60.0841395032 45.7231227558 0 0 0 0 0 0 0 0 0
0 0 0 0 0 0 0 0 0 0 0 0 0 0 0 0 0 0 0 0 0 0 0 0 0 0 0 0 0 0 0 0 0 0 0 0 0 26.184764024 27.4668331088 27.7453918973 29.0933185065 26.1627966492 25.3748670159 45.6865826881 49.6144477093 46.2970816292 47.1199625504 49.9711014992 0 0 0 0 0 0 0 0 0
0 0 0 0 0 0 0 0 0 0 0 0 0 0 0 0 0 0 0 0 0 0 0 0 0 0 0 0 0 0 0 0 0 0 0 0 0 0 28.1450111741 25.3751388142 25.1252224159 26.450008451 27.6421135427 28.3511680427 25.6251077196 43.6307194383 39.4406811655 48.3520522971 65.41163448 0 0 0 0 0 0 0 0
0 0 0 0 0 0 0 0 0 0 0 0 0 0 0 0 0 0 0 0 0 0 0 0 0 0 0 0 0 0 0 0 0 0 0 0 0 0 0 26.816697228 26.7809962938 25.3367701543 26.5413788714 26.2351754597 28.3256408634 41.1291774554 46.3721359575 41.5211803051 80.6109974451 60.1844434132 0 0 0 0 0 0 0
0 0 0 0 0 0 0 0 0 0 0 0 0 0 0 0 0 0 0 0 0 0 0 0 0 0 0 0 0 0 0 0 0 0 0 0 0 0 0 28.6655532518 25.7122279173 24.5025596691 25.7826588688 24.5658720988 0 0 80.6109974451 65.41163448 48.687578159 48.687578159 44.3286941832 0 0 0 0 0 0
0 0 0 0 0 0 0 0 0 0 0 0 0 0 0 0 0 0 0 0 0 0 0 0 0 0 0 0 0 0 0 0 0 0 0 0 0 0 0 0 29.1849468401 0 0 0 0 0 43.2470021843 48.687578159 48.687578159 64.636753678 18.4857455945 0 0 0 0 0 0
