Spatial_Output/BAU/BAU_0536.asc
NCOLS 155
NROWS 192
XLLCORNER 196769.923733
YLLCORNER 449719.875193
CELLSIZE 27.603701
NODATA_VALUE NaN
[rows 23 to 45 of 192, columns 53 to 105 of 155]
28.0895979084 28.2200835336 27.4864395347 27.9582465165 27.8495941003 27.1123590531 28.3607812325 56.2830470537 56.2830470537 48.2330390556 27.1460236276 28.0869500955 27.1383298321 27.3356017305 27.1341996725 27.4619407046 27.9146806249 27.4172874949 27.4368238985 27.1014711648 27.7298045679 28.0870426173 28.2469469592 27.8229884818 27.0850687134 27.4404910511 28.1061644785 28.0294881768 27.2965853832 27.8771038964 27.6830127444 28.2122074439 27.2413617411 28.0425968668 27.3365432487 28.3827827505 27.6135894066 27.717417309 27.5292428385 28.2134426267 28.0151929571 27.1692141527 28.0354184974 28.0873697414 27.3932721277 28.3225633319 27.7952388129 27.2185352862 28.1626927185 27.5469704749 27.9982460336 28.3624155671 27.0848513793
27.614986535 28.0730184043 27.7226843278 27.2990733906 28.1792245064 28.0513902002 50.9238404684 56.2830470537 56.2830470537 55.4057503873 27.6046857672 27.2184296971 27.7709105108 28.382375396 28.1031453002 28.0614052701 27.5343453437 28.3922401858 27.303588333 28.0065140812 28.0752992318 27.7812290233 27.4022812637 28.37579527 27.264527774 28.0055532871 28.4129182663 28.3733598357 28.0650639748 28.1643913055 27.3356050621 27.5620221203 27.5523955343 27.2549878138 28.002271482 27.5172296126 28.0290349022 27.2783100885 27.0593294399 27.4126775387 28.2574783441 27.7025043785 28.18936536 28.3147297813 27.3490637654 28.3725346017 28.0512508715 27.7447684951 27.699434021 27.5655081145 27.883585666 27.9099456089 27.0065088363
27.1897619769 27.2266395427 27.9265226656 27.6827182344 58.4754729937 58.4754729937 50.9238404684 50.9238404684 27.6023674462 27.7135779149 28.2401664248 27.1225022227 27.5999356538 28.1229639618 27.8159659673 27.9900991156 27.6734384088 27.7717049186 27.186961823 27.3952450491 27.5384262333 28.0400304504 27.2469971118 27.0467575326 28.3099133707 28.3360230607 27.8832646762 27.6408760203 27.3547367846 27.4120262013 27.1254155679 27.0019872838 28.2316268569 27.5373521166 27.6178876164 28.0882862366 27.832130514 27.6857863208 28.2510789687 28.1494546683 27.703778554 28.04883377 28.0942581484 27.3981961313 27.5892936001 27.6429523125 27.3607996844 27.7715937653 27.7284100659 27.8996206077 27.0325402486 28.240635438 27.1615440026
27.6404930809 27.3745053449 28.0178941525 28.0385057311 27.6955114104 58.4754729937 27.0572543442 27.7658071128 28.1073420933 27.7739484294 27.704792144 27.6045330132 27.0964962098 27.1996595785 27.2063576494 27.7324369489 27.4717668166 27.461059759 27.6574167372 27.5925710405 27.1865761453 28.0378612961 28.003109403 27.9930267976 27.7827375532 27.7079812627 27.2577477881 27.6596731546 28.1331193224 27.9693298668 28.2300701719 27.0325846377 27.0195859943 27.7327664314 28.3194708312 27.3608474851 27.2341371246 27.4956853939 28.2820769488 27.2835717667 27.9926379117 27.3470763681 28.2541498761 27.1451926324 27.3689990128 27.2849980238 27.089409739 27.451129644 27.851310989 27.7622704596 27.1784138243 27.1938425478 28.2078770766
27.5680653495 27.6965788868 27.5036489993 28.2568393373 27.9171056205 27.0249908744 51.5275019709 28.0456277783 27.5246870261 56.1063012161 56.1063012161 56.1063012161 28.3481663281 28.3051901633 27.9737027329 27.1996958644 27.0724391536 27.3503837705 27.5406751342 27.4114748217 27.3524442995 27.8304499869 27.3042928796 27.3597022398 28.3685236748 28.3370429697 28.3942565791 27.1858334136 27.0171861725 27.8203785626 28.3884166699 28.2469875797 27.7637114947 27.3415487886 27.1676309389 27.5924414015 28.3961305473 27.3296654492 28.0546839114 27.3281764032 27.2007640042 27.6911114614 28.413720757 27.1053972216 28.3302003006 27.9695223517 27.3769598451 27.6626729784 27.067335293 27.6705830716 28.0285818401 27.0133558332 27.6806386181
28.2659385737 27.3108444275 27.9697175366 27.6771543472 28.2638337605 56.3073109979 27.3270523352 27.6500969305 70.8997191 56.1063012161 56.1063012161 56.1063012161 63.0546501605 28.2005591027 27.588470285 27.3537122812 27.0275932603 27.3452153345 27.5423840981 27.5685449235 28.0915113687 27.3076723504 27.7663942226 28.1949532493 28.0713861342 27.3390726209 28.3592343841 28.0240161215 28.2078503671 28.3309752061 28.4037283667 27.5472579943 27.6389059414 27.4202755785 28.1303778192 27.8097561938 27.7819181305 28.2668387208 27.7004488023 27.4298683231 27.1295363937 27.3714389734 28.0020370729 28.1588247964 27.6915430386 27.1268265385 28.1328579785 27.0524659661 27.2975943424 27.8534263413 28.2960177231 27.7841208304 27.3687842864
28.3145035435 27.3570945948 27.1019503641 27.9934467597 27.9923453668 27.6464295071 27.8288657669 55.3853087661 49.409011892 70.8997191 70.8997191 63.0546501605 28.2518149124 28.1220734581 27.4602555219 27.820184782 27.1160941862 27.3346773706 27.6252058842 27.4582568141 27.0045023285 27.9111739839 28.4008925711 27.9962795658 27.7917877461 27.1408361508 28.2409614346 27.8707799467 28.1213819346 28.3726387931 27.3500759006 27.6585007029 27.1612074784 27.7320518155 27.0595366529 27.3516488331 28.2675267475 27.0847326836 27.9037881244 27.7779423652 27.9214816146 28.2829856557 28.1590457278 27.4794189056 28.0747068656 27.9853556944 27.7225300025 28.1922751242 28.3656162585 28.3150624229 28.1483718967 28.2604466497 27.5742096744
27.0760565622 28.0879698439 27.7684041443 27.2502137142 57.95290406 27.9291392104 63.4576800939 27.7214723197 55.3853087661 70.8997191 49.409011892 48.406523376 48.406523376 48.406523376 61.1278426321 49.7476155815 28.0230436698 28.275600302 27.2087181939 27.014860684 28.0878859215 27.3700069454 27.4632217344 27.8318031762 27.9968154852 27.0206662474 27.7522361417 27.1777343535 27.4188342432 27.1988997772 28.2927787615 27.3799603599 28.1121557314 27.0199401801 28.3154541696 27.4151284307 27.9552894341 27.60135988 27.0323559919 28.2615275293 27.0189207517 27.6968911889 27.0311405365 27.2106557823 28.4074375865 27.1950213547 27.8806277069 27.3838667543 27.5689965942 28.0459958918 27.8922464243 27.7897635764 27.0675988587
27.3506271369 27.2306034694 27.3641211387 27.9791211216 27.190547902 62.831300102 62.831300102 27.4611767418 28.0700191883 28.0258219821 47.4175952848 47.4175952848 48.406523376 61.1278426321 49.7476155815 49.7476155815 28.3743426076 61.9936142054 27.8631936527 27.7727102704 28.2851388161 27.6087571123 28.0842087169 27.9987626768 28.1580006112 28.2358079175 27.7288872648 28.1086419864 27.3748282452 27.0654039012 28.3890048292 27.653736068 27.9076660228 28.3208533903 27.881757772 27.9438484903 27.2739705204 27.5763655464 27.5651818996 28.1893836342 28.2422694495 28.1396593425 27.3237358892 28.095720904 27.8205211888 27.7085732665 27.6046556121 27.0040675618 27.5573750202 27.619588414 28.0410979478 27.8172667312 27.8884441577
27.8804350117 28.2988971203 28.2510627935 27.7927374455 27.5629951667 27.8848401807 28.0550964209 28.1749792482 27.7260542103 27.7919558328 47.4175952848 47.4175952848 67.5728555631 27.5908526223 49.7476155815 61.9936142054 75.0408092499 75.0408092499 42.8621524803 27.95742556 27.9239506391 28.0647223246 28.0638030134 27.4264127036 27.4714653734 27.5826933469 27.6613608107 27.3157166878 28.2685995595 28.0853622018 27.1468000097 27.8813210622 27.4899245713 28.2318383589 27.8446452512 27.3273963456 27.5549683654 27.8482166613 27.088742162 27.545737117 27.7885900701 27.3046466987 27.3542080736 27.273956299 27.0397623256 27.4660690217 27.8682798418 27.6582194428 27.8640495517 28.0733149316 27.6036959132 27.3866618191 27.7855595116
28.3313280051 27.0777417674 27.6924189816 28.2491137577 57.9367917102 27.8719632105 28.1827436237 28.2681458784 27.2678922713 27.304664074 47.4175952848 27.1797369877 27.4918559712 51.0308893572 27.2693691552 61.9936142054 75.0408092499 75.0408092499 28.2429710156 28.3808592296 27.8811706732 27.8750881112 27.7431437138 27.0056403646 28.2380132484 28.2548605911 27.8717461092 27.6460592592 27.2887649277 27.5825354975 27.7513424249 27.3493843223 28.1233409178 28.1697147617 28.4085248383 27.9964442577 27.1686548653 27.8529132089 27.0622211928 28.2237774301 27.9032512619 27.7570076971 27.7612564636 28.2882761898 28.1958994688 27.6460992112 28.4029926644 27.0715250963 27.1992777931 27.1061582871 28.104334649 28.0205479283 27.9053396293
28.4022134204 27.360131091 27.2153807277 28.2190950087 42.6542836108 43.5988012203 27.0437853027 27.3252162365 27.3236681415 28.3853709778 27.6383570948 27.7587946023 27.5889436008 27.3606529054 27.9357477779 55.7142077949 75.0408092499 55.721811107 49.0848780567 27.5371833181 28.065828601 27.7320819953 27.6317487031 27.378036853 28.338638897 27.639976696 27.4670114472 27.87919064 27.014193094 27.6019180227 27.8201568908 27.9316408102 27.9930771758 28.3726613558 28.1813822722 27.2334296749 27.8190312404 28.0281809176 28.4052877914 28.2337004588 28.2428511796 27.6937482713 28.0423909107 27.9854749081 28.413022062 27.949316549 28.3063255935 27.3447140345 28.4102616331 27.3092309408 27.894477934 27.0290352017 27.1666066969
27.1134797705 28.2414871953 27.1074828755 27.1467161438 43.5988012203 43.5988012203 43.5988012203 28.06967485 27.1635304638 27.446454685 27.3668554356 27.0650944424 27.6208595136 27.3434611333 27.3096035129 28.1570412693 49.4630344874 49.4630344874 75.0731716452 27.4386543874 28.2415910166 27.7216450285 27.8762069502 28.0846024338 28.1555308051 27.8050621369 28.3306320243 28.3298940961 28.0111663498 28.1084705747 27.6422203875 27.6793284906 27.8306206328 28.3054902815 27.7158797777 27.8362666748 27.0684517196 28.2240647076 27.8650357189 27.0776416705 27.3359225547 28.3348960537 28.3547244931 27.6596119332 28.3518703841 28.0694978424 27.8726848557 27.9469401464 27.2129835122 28.1957356145 27.7935795632 27.1278634257 28.2565379841
27.2526881111 27.1778777001 27.5421302235 27.244632492 43.5988012203 43.5988012203 43.5988012203 27.4176795631 27.9388467393 28.1226755208 28.145365598 27.1695541283 27.8018175566 28.3338496403 27.3602418665 27.9565264137 47.0414953756 47.0414953756 47.0414953756 27.2962665683 27.337618247 27.8877020626 27.245832485 27.1516632713 27.5741126221 27.9018716236 27.4828649343 27.3605829644 28.0657117683 27.5560457134 28.3216042624 27.1637442963 27.2627699475 27.4038339202 27.0872859748 27.6063513235 27.0869296132 27.6255759841 27.5798910359 28.1275541649 28.2750417339 27.4709299161 27.4688214244 27.629962563 27.681122029 27.0523808082 27.8172655655 27.3138240748 27.4262785164 27.2088866298 28.2541450282 27.3327743607 27.0483599278
27.5622799455 27.7454411752 27.7240086695 28.3795501787 27.2209262051 72.3992781804 47.8540451242 47.8540451242 28.0921470514 27.3390698774 27.7214256782 27.4979940607 27.5821268196 27.3043175091 27.9907212789 58.8140941242 58.8140941242 58.8140941242 27.879972254 28.3922041867 27.6906933023 27.9414531119 27.7717936433 28.1213972922 27.0700489686 27.6512269593 27.9321423915 27.6494465247 27.3783708939 27.8105630036 27.6408522202 28.0460655631 28.0219401322 27.0047774952 27.1852939261 27.1864653848 27.7767073643 28.0055936274 28.0721051631 27.2274475122 27.4104767739 27.4242579414 27.7686325224 27.9784437786 27.9481259046 27.264063032 27.4566267839 27.0442811789 27.2387036818 27.3144078602 27.4573350711 27.9598358567 28.2583920148
27.6690286388 27.6289789202 27.4256307115 27.8129522388 27.27651439 47.8540451242 47.8540451242 47.8540451242 28.1257541646 27.7492352312 28.1258500694 27.6870594607 27.7505443898 27.4471195995 27.8466420539 56.0536182514 56.0536182514 56.0536182514 27.5836193308 27.3054751411 27.4308446996 27.3714256503 28.0865617457 27.0547620425 27.2595808295 27.6223499804 28.3417527056 28.3743494448 28.1473368601 27.1456033998 27.7018085131 27.0754078539 27.8424052048 27.8381801357 27.6722982138 27.3265809509 27.9130910838 27.8627588794 27.6673942174 27.332620908 27.6444483652 27.6738343644 27.5803359105 27.8728485189 28.1335112727 27.9383922109 28.3310067472 27.4784333106 27.1123656682 27.1270700243 27.698698078 27.2526586187 27.7762016065
27.6576730002 27.2663295486 28.1986045954 27.7665773979 28.1303957579 28.1336184906 51.6906523594 51.6906523594 28.4079786783 27.1660321704 27.6447191093 28.2638166265 27.4174063531 28.3382414719 27.4728659439 74.7926449558 56.0536182514 56.0536182514 27.0972368541 28.3551836696 27.5684236195 27.6202392272 28.3663526127 27.0714030172 27.4906457844 27.0360179022 28.0752032551 27.0798520891 28.2967745066 27.5553566708 28.3279494353 27.7844180134 27.1810627089 27.0510142993 27.5720504995 27.7548799907 27.0497360406 28.0899351386 28.3077930101 28.2209565042 27.9646818798 27.5140306239 27.0003003337 28.1654035311 27.1013818545 28.3767786636 27.383526001 27.5347109353 27.7156613239 28.1289186203 27.7911997813 27.4776008918 28.2853319795
27.2673059513 27.680022773 27.8935399413 28.2365794411 28.0865386314 51.6906523594 51.6906523594 51.6906523594 27.178051101 27.7702899856 27.698611641 27.3736020022 27.9137116865 27.8432100542 27.2317877154 74.7926449558 49.1633525994 74.7926449558 27.2694333342 28.1516109684 28.1122272321 27.1455274028 27.2500538514 27.1954590397 27.0172432942 27.3786882872 28.1046873143 27.2300814054 27.1831794659 27.5314377753 27.2374095895 27.0189445682 27.8808010112 27.6237344694 28.4040898493 27.9380003558 28.2351360037 27.832106123 27.3727697582 27.6403462917 28.0511247994 28.089034889 28.1213205455 28.2083134738 27.4356166843 27.342581832 27.3593908631 27.4483113643 28.027619201 28.1829725582 27.1488145862 28.0289422123 28.4030849678
27.4796224876 27.9687096336 28.1610136092 27.8199045952 27.2438831757 27.1942788714 27.7655059712 50.8610004564 27.0760883824 28.0966464917 28.116993333 27.5536061251 27.5961758252 27.8167727707 27.7361821589 49.1633525994 49.1633525994 49.1633525994 27.4417560023 27.5261124506 27.7722634317 28.3141781757 27.0734089617 28.1121722962 27.0476453841 28.4073264954 28.0794644148 27.8663694794 27.3131953096 27.9887808923 27.5175808785 27.8448859286 28.2000209761 27.432411577 28.0558083242 27.7466059816 28.1765522954 27.6151125745 28.1827950815 27.6225509931 27.1901817403 28.25166685 27.735012273 27.4037573974 27.2541153372 27.6133495662 27.4029437584 27.2910155658 27.3181442565 27.4745297862 28.1748920215 28.3139674005 28.1130141556
27.4824650658 28.1812816686 27.2479766662 58.2873641536 27.4664640434 64.8894040462 64.8894040462 73.3441978598 28.1779599328 28.0931117412 27.892401076 27.128730681 27.395529387 28.020650915 27.489682563 27.9867783841 68.1165445446 68.1165445446 27.7615121922 28.3733936773 27.6532892663 27.9003132767 28.2624118712 28.3959860936 27.0697546157 28.2720450764 28.4042664354 27.0826350009 28.3502462993 27.7100484517 27.9235606699 28.2201128516 28.3142391793 27.2942534997 27.0430388328 27.2186072716 27.3188664751 28.0724681371 27.9785646127 27.3286609653 27.3524159679 28.2299180018 28.0980316623 27.7689987684 27.9256254229 27.5024143683 28.2312012442 28.2667365265 27.9543994308 28.1007026863 27.3088746542 27.038154741 27.5442295048
64.2176671467 45.097084773 58.2873641536 58.2873641536 27.6591295061 64.8894040462 64.8894040462 64.8894040462 27.0513426595 28.2015310343 28.0605063291 27.9847852422 27.8835538916 27.1346502859 27.6367243359 68.3003212674 68.3003212674 28.1516764481 27.937763699 28.1408092314 27.3482184499 28.2638267021 27.3161362875 28.2810114827 27.567803386 28.2440153822 28.1226567512 27.7022541049 28.0682015552 27.4201684512 27.5920594608 27.1907977815 27.9907326506 28.3427897638 27.5315356648 27.0159731302 27.3967242269 27.5717025372 28.0147377501 27.606658169 27.645328107 28.0530179983 28.2057435464 28.1521156476 27.450664655 27.3118450582 27.65903197 28.2347691457 27.7631895736 28.0184616915 27.2458908419 28.2132966086 27.4117641011
27.8469516672 27.8210140852 58.2873641536 58.2873641536 27.379992802 55.192388569 55.192388569 28.2020638456 27.632099976 27.6102908187 27.3182277826 27.8164070507 27.5463541381 28.2146115325 27.5502446944 68.3003212674 68.3003212674 68.3003212674 27.0823732968 27.9971473693 27.652007411 27.3235455933 27.4992553834 27.0943688026 27.8815025011 27.5511527437 27.6908652521 27.7440435995 27.5058496212 27.7736709997 28.0997020331 27.9903370892 27.3312651461 27.2324361721 27.6087431363 28.1010258036 27.2005964588 27.5906228865 27.8188375438 28.2973474193 27.6973048803 27.2603842213 27.2524379356 27.4110331765 27.3397605455 27.0008881356 28.2407273043 27.368492649 27.9131871384 27.1158366047 28.282476058 27.6753287128 27.9185441476
27.8714202584 27.7467464882 27.7556175959 27.1393864959 27.7295759335 27.9606636442 55.192388569 27.5794716459 27.0435799524 27.4304977161 27.4362642313 28.0100357856 27.1897854727 27.9890235901 27.5944433574 28.0848291113 28.1035226488 27.5171337225 27.2757686329 27.0144381223 27.3443107158 27.7541394366 27.4037104502 28.1490718937 27.5795039353 27.7683526183 27.9408091065 28.320935145 28.3651775742 28.1631708482 27.0993779053 27.0281701484 28.1078378974 28.0081714055 27.7363056446 27.1112708538 27.8590344411 27.6550427461 27.6468212304 27.0726176045 27.0910023297 28.1668797593 27.62794087 27.1261437113 27.4769680839 27.5008879283 27.471304609 27.3807269836 27.9153295537 27.0892848076 27.637182601 27.4600265422 28.0203886397
