Spatial_Output/BAU/BAU_1140.asc
NCOLS 155
NROWS 192
XLLCORNER 196769.923733
YLLCORNER 449719.875193
CELLSIZE 27.603701
NODATA_VALUE NaN
[rows 92 to 114 of 192, columns 0 to 52 of 155]
0 0 0 0 0 0 0 30.7848760372 30.1340427943 28.9063768679 29.6673331545 31.2479997695 31.3171790647 31.4627068128 28.5183408028 30.7687878557 30.1045420462 28.7542436068 31.4079089349 31.2716012288 29.3223136507 28.5205031626 30.8453999195 28.8278112167 31.6389862571 30.6305065583 31.765613141 30.0145814415 30.6188733604 29.972120899 29.2973101521 29.9965062772 31.0354102608 30.9405410793 30.2739471123 28.5547815282 31.3576034821 31.8005496019 29.1016180238 29.4092054086 31.4542601042 53.4441627751 53.4441627751 46.4522851216 55.2682249066 31.152827228 31.4692933114 31.2788756541 31.870477159 31.8142312138 30.4226724439 31.9321367783 29.6000528369
0 0 0 0 0 0 0 0 31.3358295012 30.0563884005 30.5344793259 29.2079523668 28.5636984223 28.8889227865 30.1636749018 30.5787129077 28.6868022 29.7843826678 31.8569084578 30.4167429824 30.7191711741 31.2405504285 28.5231329692 29.3915170001 31.0209418961 30.1636867315 31.030425746 30.6764960165 31.4870223139 31.0204505382 29.0079353467 30.2157508677 30.123648266 29.1380704407 30.48276674 29.9823473993 30.4405363089 29.2584597802 30.8294269685 29.7841068097 30.5818594703 48.6161820023 53.4441627751 65.9847729702 65.9847729702 29.0225424599 30.5053709794 29.8284520878 31.7186556249 29.370230809 31.1575178851 31.7602480137 29.0368813064
0 0 0 0 0 0 0 0 0 0 29.405945707 30.134707168 30.4020080565 29.3537397474 29.3111727287 29.0798645174 29.3266267438 28.7272404137 31.2134690579 31.5340667813 30.1773856355 30.7611393575 30.673165926 31.4935010728 29.6363781497 29.2215189332 28.7683265333 31.8113904767 30.3398367962 30.7263542619 30.7792409904 30.098221386 29.5158657004 29.9374029356 30.3537325376 29.9277500161 29.7735637637 29.3207645991 28.6983953008 31.3104854512 31.9308382834 31.6230468991 48.6161820023 65.9847729702 65.9847729702 54.2069142298 29.9586254402 31.8611325146 29.2323501197 28.7995958353 30.6813946933 29.9119168022 29.8697144611
0 0 0 0 0 0 0 0 0 0 28.9436788315 28.5782924036 31.5759052789 30.3039288998 31.6157905162 29.3468588303 29.8470170419 28.5330869631 28.5991043563 31.5965587778 31.6544036666 29.7004163095 29.0042579498 31.0994917897 30.9201310512 28.6329250617 31.0214780808 32.0333615572 31.0852598904 30.2911847246 31.4816402873 29.2607179494 28.566422635 29.0761837972 29.7681419778 28.6183448646 29.530642053 30.0894732538 30.7271238468 31.4570184195 30.5076203404 46.6248816628 53.3447922174 31.0667546724 44.76156365 31.3474819403 31.7214489825 31.5822573991 31.7487488877 30.969261097 29.2227800162 31.6144724686 30.8766454827
0 0 0 0 0 0 0 0 0 0 31.5128747549 31.1943673749 31.1642606963 30.817554894 31.4888889298 31.5355131193 31.0866880577 30.6149981875 29.4641453978 29.3496298609 29.4760056233 29.8071097447 28.5111120658 30.5018379944 28.6733405264 31.2469487266 30.8502922508 29.1910748183 30.6467066172 31.4744953145 30.2817643686 28.7815295042 29.2291035357 31.6863031046 31.4299277639 28.7217397175 30.9180885889 29.5079383646 29.6746208789 28.551801333 30.2846373548 30.3367231563 46.6248816628 31.4144907934 40.749952725 40.749952725 31.0546660292 29.020254709 30.2039249397 32.0092272024 28.6407562334 31.4686489582 30.414204709
0 0 0 0 0 0 0 0 30.0860495461 32.0259349375 31.2624470433 28.8577484583 31.0148169456 31.9088358503 28.9879732826 29.315737063 28.6777530672 29.3882051708 29.0497642517 29.189485864 31.2566252443 31.9734710216 31.1096577588 31.0585964211 31.8567589447 31.5059187884 30.2760220866 29.8780153203 31.6019575191 30.5200057485 29.7036259102 31.6981087574 30.902675221 31.4653445263 30.4379929499 60.1997313129 31.9200383723 28.8240216164 54.5384995885 56.0471210167 29.6571998505 63.4387709382 54.0272721152 40.749952725 29.2682870881 63.1705299901 87.5627548141 51.6329314526 48.6202518743 65.4743330098 30.8900772844 31.6273543954 29.7992820601
0 0 0 0 0 0 0 29.8457997012 30.5482773916 31.7025058507 28.6537758647 28.6777855291 29.7973252927 29.15335069 31.7737313391 29.1317191834 31.8483215273 30.413451755 31.7240633382 29.7039722003 29.8807778415 29.9957373246 30.873352085 29.2317486391 29.2553719691 29.4914030763 31.1786800481 29.8812909718 31.3735117754 28.5900403603 28.9329061531 29.5252648193 31.511980283 28.5962939007 29.4615377056 60.1997313129 60.1997313129 60.0496936946 54.5384995885 56.0471210167 56.0471210167 54.0272721152 54.0272721152 62.3921504147 62.3921504147 87.5627548141 51.6329314526 51.6329314526 48.6202518743 65.4743330098 65.4743330098 29.2094242087 31.4425544178
0 0 0 0 0 0 0 31.4654930346 28.9119765147 28.503815098 28.6546723977 30.0457504371 31.9078544929 31.3245067382 28.6210234802 29.84600246 28.9774172213 31.7222950707 31.1089035218 31.9585513394 29.1897258998 31.1923840661 28.5755278053 31.4307122549 31.326111159 31.9467248342 29.8302231292 29.5354719263 30.9775000567 30.7173988335 29.7266057612 29.3076126853 31.6765062787 31.7605853726 31.941977223 60.1997313129 60.1997313129 29.61600886 28.6664364398 56.0471210167 56.0471210167 54.0272721152 54.0272721152 62.3921504147 63.5714760599 63.5714760599 30.9637062427 51.6329314526 48.6202518743 65.4743330098 30.0332156352 31.7801246685 28.8160162493
0 0 0 0 0 0 0 0 31.6003349801 31.6274661517 31.1513986781 30.3694662762 30.7371820294 31.4801306533 29.0517052757 29.9206078011 31.3439493775 29.7835662809 30.2103335022 30.1090246287 30.5507784549 30.8641831629 28.987456784 52.7431236892 52.7431236892 29.1093291089 29.5254947847 28.5017761101 29.3253651998 30.8785747893 30.1231097878 31.2510329855 29.9861597251 29.9611136299 28.8515400692 31.8461689548 31.5091523582 30.7138334705 31.7072147148 56.0471210167 29.6044372901 29.0698034768 50.1253610047 63.5714760599 63.5714760599 28.7175323703 29.5618296953 31.532936718 30.7211386595 30.1699491023 31.3573853642 29.8809097662 31.1606890365
0 0 0 0 0 0 0 0 0 29.5342696445 29.1132125093 30.7313102492 29.462033585 30.2338256926 31.4365770101 31.25615597 29.5883695812 29.1945430591 30.3514025552 31.4843147881 29.0845910756 28.9979237882 30.1803691731 52.7431236892 52.7431236892 31.4159453689 30.1538398811 29.7957094624 28.938202048 28.6314332696 31.6461334796 28.6675095843 28.594811322 28.5893584409 29.2602072473 31.8741569163 31.7549596054 28.7281166625 29.9962158739 30.9633305359 30.700755258 31.0838468044 49.2205406557 49.2205406557 49.2205406557 30.6840669332 30.3543962466 30.3158390309 29.0956366591 30.1439700233 28.7074466208 30.630678338 28.8070331163
0 0 0 0 0 0 0 0 0 0 0 29.4795681111 31.3710176162 28.836136281 29.7770536391 31.7981427462 31.0907020926 29.2276710309 30.0854489016 29.5028761877 61.2860647782 31.3619446958 30.9941291256 28.706800362 28.6045872028 28.7716540684 31.8300517571 30.3188600413 29.2938685835 31.6921780744 30.8332487754 30.3370555353 30.2193242126 30.2295687388 31.5840873168 31.3177979197 30.4589130683 30.1926581465 28.614814154 31.2105753662 30.0950756378 29.8151546148 31.5791999501 49.2205406557 28.6972947797 29.5347471809 31.9695572759 30.6398073458 28.9072175492 30.1088678891 28.9586565085 30.1648810502 29.2405481254
0 0 0 0 0 0 0 0 0 0 0 0 0 0 31.4141495506 28.9535271986 29.7322095633 30.4378664425 29.2105605291 29.8975524212 57.5945073498 29.3403228367 28.7893627048 28.9826022537 31.0241427261 28.7874068453 29.7209991869 29.4842823123 28.9803092198 28.5178132052 31.6926990669 31.611790702 29.5324577846 29.2738792979 30.1041678094 29.5061058316 29.9437780448 31.8989790704 30.2771942584 28.5163017521 31.8348405748 31.6085153542 55.6171902569 55.6171902569 55.6171902569 30.6453629997 28.7710252143 31.2141340687 29.5263155062 29.8188989232 28.9100433939 29.5050511439 29.7097631209
0 0 0 0 0 0 0 0 0 0 0 0 0 0 0 30.5787237214 30.6414465352 30.6634486967 56.4558524992 56.4558524992 56.4558524992 61.2860647782 29.2255568528 28.8484932391 31.0230856503 28.7064579424 29.3641680752 31.0405259412 28.7412694013 28.6442200238 29.2971246566 29.3519588588 30.8962579033 30.7299886058 29.7764514364 30.1050998935 30.1804744362 29.3792247912 31.3369961817 31.2130730202 28.7954659635 29.0687541516 61.5261617985 61.5261617985 61.5261617985 29.8771611175 31.8806571903 30.3525348207 30.7858727391 28.6000012921 31.8517745606 29.0641749548 29.7385204444
0 0 0 0 0 0 0 0 0 0 0 0 0 0 0 29.7842586313 31.5318164399 31.9606233424 56.4558524992 56.4558524992 29.2898066092 29.439373577 30.8984338028 31.3621975107 30.7144651738 30.8431628917 30.7864702975 31.7549366205 28.5526112329 28.8876057988 30.4155302846 32.0173669949 29.4846099276 30.9417479634 28.8623427095 29.4714024799 31.5014493986 32.0180978434 28.7099825282 28.7438970008 29.9973220193 31.4733484822 31.3981974538 56.1884158329 52.0018723006 31.0947298171 30.3551357081 30.048297098 29.6980864622 29.0540037764 31.2479902743 31.6616217606 31.874369592
0 0 0 0 0 0 0 0 0 0 0 0 0 0 0 0 30.567547437 30.971881796 29.011483951 29.7377275046 29.0517807757 28.8402507068 30.4754467597 31.2087179597 30.1302352636 31.436297792 29.5695789955 30.3033265649 31.7198370519 30.8896200687 31.0437944135 30.8608571434 31.933935363 29.045061752 30.4548137788 31.8469061864 28.9870051398 29.2642477155 30.208806415 29.5977424554 31.8228784005 31.0720192414 56.1884158329 56.1884158329 56.1884158329 31.9003373204 31.6846655562 29.17163496 30.3837021491 50.6876695595 50.6876695595 50.6876695595 29.7478801123
0 0 0 0 0 0 0 0 0 0 0 0 0 0 0 26.8323354906 30.4098467395 24.4777376116 31.7244405182 31.8705289396 29.2374522899 31.6924430226 28.652917627 29.4598566949 30.7446055533 30.1164804112 31.2120711489 30.8402933628 29.6801491697 31.6854166726 28.9111356416 30.6914456142 31.8991819712 30.0620056318 31.6982291805 29.6941083833 30.3848573653 30.2242064419 29.1236393149 30.7463545097 31.3986059911 30.581409281 29.7452574733 29.7672230709 28.6234291416 30.0813269774 31.5877892545 28.819487476 28.8722405733 28.8584020068 57.9002684302 31.4155284331 28.7728372597
0 0 0 0 0 0 0 0 0 0 0 0 0 0 51.092216101 29.8056056445 14.598039468 17.756659892 29.1422716428 30.9235917714 31.9783452329 28.9928937462 31.8718034152 31.867331299 29.2757131526 28.8867483401 29.7279047039 29.2199439216 29.9815111137 28.9772325118 29.2908572315 30.0394436823 28.9330420736 30.6744687059 28.7824288792 30.106450676 29.461704574 28.732997255 31.6389369539 31.9603014381 30.9092482723 29.0785333432 31.8753445046 28.5981529341 29.8098038745 31.6546841668 30.0933813237 29.0426633894 30.3524740222 57.9002684302 57.9002684302 57.9002684302 29.7052024955
0 0 0 0 0 0 0 0 0 0 0 0 0 0 40.207096046 24.429680131 18.6412561069 28.1067458526 30.2977099866 29.5001496934 31.6151149179 30.5593114846 29.1692744781 31.0213443873 29.761563892 29.5958720816 31.6014266875 29.0711142922 29.0360789527 30.9152969591 29.8578565087 29.5255602001 29.2846353721 30.2510773898 29.9244956023 30.4717782392 28.8528962648 29.958584076 31.2756612653 28.6299328013 31.8680108217 30.7063490147 31.9203275925 31.1643144715 30.3689422377 29.0919601672 28.9480897341 30.8775962778 31.1151904751 30.0202335034 57.9002684302 30.1403397612 31.0860351529
0 0 0 0 0 0 0 0 0 0 0 0 0 0 0 40.207096046 40.207096046 31.0266155703 29.1986093473 31.1193228276 29.5818795537 31.6808746896 31.2468408149 29.5326077603 31.9812320874 30.2109320752 31.9211257895 29.5805220279 30.1365468821 29.2923747993 29.6900102704 31.5458654484 29.1592241289 31.7376836935 30.003557161 31.337121011 30.4502585756 28.6807468874 30.6712134178 28.5357352512 30.9952943801 30.5790974432 29.8314896632 28.7729944862 29.4837581529 29.7794625651 31.0676732051 31.6374657182 31.8735352462 65.1304866178 65.1304866178 63.3382311301 29.5401524119
0 0 0 0 0 0 0 0 0 0 0 0 0 0 0 0 0 29.2680943501 31.1376942079 30.1068422212 28.8216251915 28.6541539377 30.0376471483 31.1763750272 28.5455567477 28.6085991827 31.5374479284 28.8815177151 29.6571344869 29.0485754267 29.2249609521 29.1427802564 31.5331924324 31.8013501356 28.5386035145 30.9315985668 30.0127144774 30.5563818735 30.0938215327 30.1897372927 31.2636322302 30.0272137134 30.0784589966 30.9128457002 29.7460391743 28.8523385155 30.0119828922 31.8498029892 30.120517151 65.1304866178 65.1304866178 65.1304866178 31.5408235693
0 0 0 0 0 0 0 0 0 0 0 0 0 0 0 0 0 0 31.3585066774 28.5106959372 28.7009141232 31.2184683195 31.9163048415 30.6542216493 31.8155653502 31.222547532 28.9772613927 28.8122288663 31.3454917731 28.9393059497 28.8277619382 31.2661307395 31.7342295502 30.4129513513 29.9142464564 31.8915622055 29.6254047367 29.5263417093 30.5043272681 30.9179662146 28.6731703206 29.0061909722 50.0576838547 50.0576838547 50.0576838547 30.7459566597 29.1224442678 30.6096211674 29.6035256527 65.4681919573 59.1270327414 29.5590305978 31.4368833375
0 0 0 0 0 0 0 0 0 0 0 0 0 0 0 0 0 0 28.5805266573 29.3309055362 29.5589446615 30.2651428498 31.3668626902 29.4013353729 30.670471052 31.3136760555 29.1958309615 29.3412592578 30.4640906783 31.8358567832 29.9182352093 31.5918376212 30.9013381428 28.6272935798 31.2203914595 31.7648732229 30.7561493608 31.9179548074 30.3760281266 29.8152441933 30.971168782 31.2549053308 29.7309969808 50.0576838547 29.9601924176 31.6681878495 29.7041503857 28.9037616451 29.3551938579 30.8188061262 51.4149183035 30.433944606 31.3955370454
0 0 0 0 0 0 0 0 0 0 0 0 0 0 0 0 0 0 0 30.2905542255 31.9742410942 32.0278722026 30.1654321231 29.2546561686 29.4393006961 28.774451152 30.0207577211 28.5397381751 28.912440792 30.6236383825 28.6974096894 30.9810486653 31.420970057 28.7475787393 30.0730974736 29.3987799497 31.9452448265 30.3796396799 29.5385014609 29.7924390502 29.4077353882 29.4293202397 29.9736093721 69.4938092491 69.4938092491 29.9540189678 30.8455224535 30.0263039072 29.030971653 51.4149183035 51.4149183035 51.4149183035 30.7251297546
