Spatial_Output/BAU/BAU_0251.asc
NCOLS 155
NROWS 192
XLLCORNER 196769.923733
YLLCORNER 449719.875193
CELLSIZE 27.603701
NODATA_VALUE NaN
[rows 0 to 22 of 192, columns 0 to 52 of 155]
74.5057757609 82.2080337863 82.2080337863 67.0791426078 74.0725593202 0 0 0 0 0 0 0 0 0 0 0 0 0 0 0 0 0 0 0 0 0 0 0 0 0 0 0 0 0 0 0 0 0 0 0 0 0 0 0 0 0 44.6647488959 44.56963263 44.6278131979 44.6743556808 44.9368446561 44.5238303803 45.1537415971
0 83.8499178827 67.0791426078 74.0725593202 74.0725593202 62.2987209311 57.6927973682 0 0 0 0 0 0 0 0 0 0 0 0 0 0 0 0 0 0 0 0 0 0 0 0 0 0 0 0 0 0 0 0 0 0 0 0 44.5006164066 44.797077031 44.5829309082 44.8740608845 44.7015025568 44.7074663627 44.9174444332 44.9302856366 44.6760697401 44.6004547453
0 0 51.5449462491 74.0725593202 62.584912503 62.584912503 66.386027424 57.7931952374 0 0 0 0 0 0 0 0 0 0 0 0 0 0 0 0 0 0 0 0 0 0 0 0 0 0 0 0 0 0 0 0 0 44.8123071514 44.8737483187 44.8017341258 44.8806326012 44.7291869232 44.622657864 45.0784257067 44.7746833985 44.5717047607 44.8322026565 44.8821553521 44.6845937498
0 0 0 57.6627949692 62.584912503 62.584912503 83.3815263113 83.3815263113 58.0476297683 0 0 0 0 0 0 0 0 0 0 0 0 0 0 0 0 0 0 0 0 0 0 0 0 0 0 0 0 0 0 45.1407006088 44.7687077533 44.6045390266 44.5091472807 44.7723529073 44.9621076017 45.0258679072 44.5297646231 44.6283723711 45.0719039589 44.7371968656 44.6873983345 45.0468857708 44.9680885701
0 0 0 0 0 66.386027424 83.3815263113 83.3815263113 58.0476297683 65.9900180396 0 0 0 0 0 0 0 0 0 0 0 0 0 0 0 0 0 0 0 0 0 0 0 0 0 0 0 44.745220026 45.1278769372 44.7616601871 44.5346204115 45.0360475003 44.6671346714 45.1411992803 44.6962141773 44.6735331088 44.8105895876 45.08249512 45.02106028 45.1193039668 44.8465076422 44.828318862 44.5391939514
0 0 0 0 0 0 83.3815263113 58.0476297683 67.455412328 67.455412328 67.455412328 0 0 0 0 0 0 0 0 0 0 0 0 0 0 0 0 0 0 0 0 0 0 0 44.9393043179 44.8860385175 44.6683205906 44.8668862502 44.7316236521 44.5214844605 44.7456085946 44.9437459151 44.9978170997 44.7836284016 44.9935755044 45.0497186541 45.1890709159 44.6420866136 44.9349784728 44.9971083033 44.7497512111 45.1204483793 44.5397734091
0 0 0 0 0 0 0 61.8546602461 67.455412328 79.6461875278 71.7234102761 71.7234102761 79.5814894277 0 0 0 0 0 0 0 0 0 0 0 0 0 0 0 0 0 0 0 45.1181033677 45.1823637034 45.1641927567 44.966357983 45.0718513625 44.8349392539 44.6522177064 45.1883237728 44.7528993034 44.8137029111 44.6854166527 45.1476291098 44.6395278281 44.9749446926 44.5650188953 44.9498717254 44.9827563191 45.1832454298 45.181033057 44.9732481975 45.1457095745
0 0 0 0 0 0 0 0 60.3518608418 79.6461875278 71.7234102761 71.7234102761 44.9596219036 45.0941820467 44.8084019557 44.7302589932 44.8918672727 44.5745178616 45.085686183 44.7280433131 44.6828458379 44.6796932149 45.0851505801 44.7331258733 44.8034030053 44.9640710054 44.576081965 44.9116939672 45.0448661004 44.5330707237 45.1074023157 44.938290177 45.1578669901 44.668266299 45.0106426463 45.1663682484 44.85555491 45.1921686632 45.1505929919 44.8383326137 45.0633168141 45.0744862469 44.8226163278 44.6468521682 45.0149768827 44.9831920011 45.0931186478 44.5167023246 45.0029330667 44.5026100812 45.0482465417 45.1058301873 44.7629807816
0 0 0 0 0 0 0 0 0 75.3627509504 82.691269871 82.0843152045 65.8168407196 44.6467088521 65.8168407196 44.8847590168 44.8854752049 44.8471317736 45.0657918019 44.608758903 44.82027236 44.5293578571 45.2047531408 44.5670234646 45.1343684238 44.7191386392 45.0986929648 44.6768142421 44.8091358603 45.113999432 45.0864269467 44.70401211 44.6875445205 44.5796168844 44.707544152 44.8821202632 44.9749364567 45.0790973161 44.5091721454 44.8831238185 44.8489101914 44.5616674626 44.5280167431 45.0322427367 44.6704843533 45.1743172993 44.791915833 44.9279719218 44.9600847056 44.953806487 44.7238437297 44.5200482807 44.6615794571
0 0 0 0 0 0 0 0 0 87.2590976478 75.0680810503 77.7094554094 65.8168407196 56.7046343814 56.7046343814 56.7046343814 44.8282185059 44.6318787687 45.025401495 44.8787568678 44.7302763176 45.0629015291 44.9741511385 44.7949105645 44.719357742 44.7308265451 44.8577216181 44.894917727 44.5118821242 44.8852471741 44.8913652488 44.7846489709 45.0936753533 44.6326235165 45.1285690944 44.8055401908 44.5277911055 44.6358671168 45.162043423 44.9918479883 44.8500313494 44.8669515993 45.0324879105 45.0813651396 45.1647551636 44.520903311 45.0015794757 44.6809405368 45.1977474736 45.1782052548 45.0753538023 44.8782210954 44.5994789708
0 0 0 0 0 0 0 0 0 70.720168937 80.0997412683 83.6143546953 65.8168407196 56.7046343814 56.7046343814 70.5947894864 70.5947894864 44.8201283979 44.6366214249 45.1977203857 44.6539617709 44.6453595323 45.0678339962 44.6990337759 44.8204810771 45.0588262595 45.1784601388 44.5927656702 44.8267716594 45.0819342449 44.8798021053 44.6681546001 44.5272227265 44.5876932275 45.1441617512 45.0773625792 44.8019490063 45.1064702923 44.7495840427 44.5586187788 44.6519055928 44.9022654666 44.5151619773 45.0522502497 44.6486786433 44.6325141987 44.9390784416 44.8175728891 44.5517422784 45.0388824615 45.1041019112 44.6652874541 44.5728655514
0 0 0 0 0 0 0 0 44.5847614684 44.649812595 45.1775302406 44.7115229405 45.1544870871 56.7046343814 32.4933182957 32.4933182957 32.4933182957 78.9512648719 44.8394031021 44.9484042675 44.8561531179 44.5111565024 44.8107445205 44.8660035517 44.5702591852 45.1747448545 44.7430242865 45.0165285111 44.7199174807 44.9678149961 45.1679900461 45.0214339215 44.8320690987 45.1122991261 44.6322909057 44.8230630647 45.1599219525 45.1953289755 44.5247051001 44.5452837741 45.0800008123 44.8413892851 45.1440010234 45.0421219306 44.6029683962 45.1246622386 44.9356981966 44.5536799342 45.1038465908 44.5185061986 44.9739558216 45.0932910893 44.8126218919
0 0 0 0 0 0 0 0 45.0595260563 44.5267875974 44.5226458286 44.6901210473 45.182106411 44.7100736739 70.5947894864 32.4933182957 75.9141691548 75.9141691548 75.9141691548 44.5465389099 45.0444816761 44.5210652054 44.9942409016 44.667269692 45.0504913835 44.5859515424 44.7349952405 45.0915041852 44.7347654833 45.0605433742 44.6425705251 44.5673721944 44.5488716303 44.6225744244 44.5729643768 44.5307579989 44.8727463342 45.0089919076 44.6577126082 44.8985876819 44.8874410587 45.0192249828 44.7908043701 44.5634892718 44.6933208354 44.5956340492 44.6317495401 45.0600017203 45.0588702337 45.0809698262 44.9251997765 45.1704930408 44.8999050324
0 0 0 0 0 81.9357456723 84.0087937114 75.9275379391 44.5189055065 44.9258651973 45.1561475651 45.0573562449 44.667163279 44.9125501479 45.070304691 76.1550219259 75.9141691548 75.9141691548 58.1550476058 65.8782039582 44.7399959796 44.9602152299 44.9168472329 44.5065145275 44.927333136 44.7411580248 45.161620334 44.8896386912 44.8680927719 45.1995911359 45.1547935935 44.5557427981 44.5617424132 44.7392448051 44.9650932287 44.5076387558 45.2031502295 44.7920462035 45.1862923913 45.1593779435 44.9234084425 44.7843767592 44.5462577749 44.9715439289 44.8311283754 45.0780920994 44.9473386897 44.7364030565 44.8199004397 44.8394829422 44.9966524408 45.1309282818 44.6027087141
0 0 0 0 0 83.6984519746 71.1484357568 85.5540018038 44.5378976563 44.9237559708 44.7654889563 44.8063328868 44.6460861094 44.9153145985 44.7318876901 44.8973758983 75.9141691548 58.1550476058 74.9168276871 65.050936016 65.050936016 95.8232361935 44.5659656725 44.7270592009 44.9861883062 44.8965868559 44.9171334753 45.0884986609 44.9595461796 44.5402954954 44.8415191173 44.7849729933 45.0017989144 44.6635979301 44.7436440081 44.783614786 44.8197048908 45.1529352672 44.7181856112 45.1168153997 45.0463595618 44.9817902231 45.0141965663 45.1538630532 45.0744413602 44.7712451793 45.076699678 45.1260257854 45.1840690974 45.0530331993 44.5346355608 44.875313553 44.8729382836
0 0 0 0 44.5954923483 77.9406527606 82.5201999821 71.471159209 96.8165315773 45.1128795641 44.9708676805 44.5998733453 45.078139375 44.8418082822 44.5085811203 44.931520441 44.9466179401 44.723693897 45.0978283254 65.050936016 67.5575420223 67.5575420223 44.9045362556 44.8419933923 44.7129926909 44.5869101479 44.95896551 45.0920342192 44.6161762516 44.9835321533 44.8533166048 44.6878216007 44.8325895535 44.5181431575 45.0728209723 45.0203431849 44.8954885768 44.6483872744 45.1485199347 44.5097197899 44.8141500034 45.1837912477 45.1470493474 44.599418692 45.0570734544 44.5619368521 44.6560984728 45.0303645494 44.799208051 44.7096873036 44.5562773332 45.1156943385 44.865099984
0 0 0 45.1215177518 44.8894877249 45.1985179719 96.8165315773 96.8165315773 96.6865179636 44.9894876649 44.5566002337 45.0725460238 44.8303029141 44.6661743858 45.1938299481 44.7072408299 45.1580428657 44.8522504243 44.5336996055 45.0905230365 67.5575420223 67.5575420223 62.4731209577 62.4731209577 65.1099683768 45.0969762888 44.6238068443 44.5802536075 45.164848855 44.8217071781 44.8935324095 44.7333683014 44.7937415688 45.1823077789 44.6465387049 45.0142608889 45.1781616886 44.9810932422 44.5502788195 44.8457647667 44.8419552808 44.5776272523 44.8520697272 44.746850271 44.6568335346 44.718692088 44.7160284765 45.1187228903 45.120549565 44.9379408606 45.0559258951 44.6640307156 44.9475396099
0 0 45.1728267743 44.7501329298 45.0002966304 44.9531061531 65.5128583719 44.913712428 45.0788047444 85.3720541503 45.0222323424 44.8841827272 45.0890003393 44.8665409227 45.1487495679 45.0901440734 45.1860936862 44.9088362508 45.0171959047 44.8212615014 44.7629270205 44.961736313 62.4731209577 62.4731209577 69.7306149278 44.7833593404 45.0191871948 44.9219211671 44.7436887785 45.1678318034 44.8584630712 44.8949111928 45.0151982889 44.9239363778 44.9953033509 44.771367907 44.6433194924 45.0580607486 44.6339524466 44.6974103064 44.8125303864 44.5107073572 45.0680457602 44.7869398781 45.0297186589 44.663086937 44.5867470072 44.558659418 45.1872545979 45.1227689698 44.9626369786 44.6940659583 44.9265197478
0 0 44.6629370053 44.5750855376 44.833667865 44.7918603286 44.6790877687 85.3720541503 56.9895284843 56.9895284843 56.9895284843 60.378537481 44.5865482989 44.5071784271 45.0059030931 44.9365792268 44.617209858 44.9525152292 44.6125033587 44.5139489199 44.8710673045 44.6897386036 71.8223272155 71.8223272155 64.8538779465 64.8538779465 64.8538779465 44.6256395416 45.1871381296 44.5389328763 44.7243843693 44.903921187 45.2047836487 45.1812989314 44.8185702701 44.6631303783 44.9216515677 45.1654755776 44.8529257083 45.1885189484 44.8415126096 44.8679014972 44.7362527646 44.7068133987 44.9258900234 45.0690270057 44.5113925926 44.8283419164 45.163889953 44.896260441 45.0848300562 44.6969707556 44.695552619
0 0 45.1031288864 45.1303211527 44.9480596178 45.0973885629 44.5412187881 44.8540705617 56.9895284843 56.9895284843 60.378537481 60.378537481 44.6457504576 45.1104827088 44.9845969429 45.0071858591 44.7190871013 44.6672280355 45.0288706553 44.5298801561 44.8153226758 44.5911987213 45.2066856584 44.6533978976 64.8538779465 64.8538779465 53.0619176279 67.5786966645 44.9261423632 44.7104034657 44.8288228439 45.1986780351 45.0414716607 45.171239229 45.1386069799 44.7278395564 44.5296160605 44.5791555591 44.9886496953 44.8120323222 44.8651089029 45.1462100509 44.7245403959 44.6606759572 45.0004843478 45.028772755 44.9002232562 45.077978455 44.5925945409 44.5344483295 44.8205116203 44.7212459416 44.6064962844
0 0 44.9731673295 45.0913317187 45.1160362673 44.8828599653 44.9462872595 45.0035770492 44.7625419018 60.378537481 60.378537481 60.378537481 63.3866584294 45.039522397 44.8471897914 44.6319196977 45.1596990742 44.8442728428 45.1541437329 44.8052622306 45.0646995845 44.7949523218 45.1301449725 45.1696109301 64.8538779465 64.8538779465 67.5786966645 67.5786966645 44.9884349502 44.9486691886 45.0654921835 44.5096124977 44.7297124192 44.9443808137 44.821729102 44.866769357 45.063513056 44.7491989553 44.5491516275 44.841200401 44.5431189498 44.6368842277 44.6648198713 44.9418039173 44.7562566533 44.8675568204 44.5315346693 44.8171596028 45.1311021954 44.7568831858 45.182817125 45.0765326044 44.9689831224
0 0 44.504186659 44.6559378402 44.9084095036 45.089276683 44.6168134527 44.7633077942 44.5414047617 44.9229018261 78.3372403336 63.3866584294 63.3866584294 72.6009206715 84.3011934724 84.3011934724 44.5877879076 45.1178972471 44.8256036982 45.0365007787 44.984340288 44.5346993106 44.6579591765 44.997140888 44.7651127725 44.7088419631 75.405009811 75.405009811 75.405009811 45.065884587 44.5623452463 44.7174725703 44.8474087153 45.1922276632 44.7374964963 45.039957934 44.5495675421 45.0473233496 45.181137908 45.0616050049 44.7487481114 44.6442598642 44.851276863 45.0688361431 44.9473882751 44.7376474906 44.744439036 45.0755753148 44.8120841372 44.9576185258 44.6197155879 44.903998551 44.6134741022
0 0 44.8401457095 44.9859254263 44.9024840821 45.0714982507 44.7114488088 44.6967777863 44.931426245 44.8817170634 44.5429774763 63.3866584294 72.6009206715 45.1999124094 84.3011934724 84.3011934724 45.0972325257 44.6541537156 44.7712232405 44.9786512777 44.9653504781 44.9172777425 44.9958659933 44.8725559109 44.7221587251 44.939483259 45.0279591102 75.405009811 44.7012744446 45.1934812506 44.9320137384 44.8841920593 44.9215248631 44.6895418842 45.0577784895 45.0486581392 44.7057268353 44.6142605086 44.5463755238 44.997689011 44.619415745 44.6984034049 45.0844933542 44.8157304469 45.0743679489 45.1516548844 45.059404554 44.844991651 45.1958398936 45.0983391508 44.8317258572 45.0911546799 44.8322757507
