Spatial_Output/BAU/BAU_0475.asc
NCOLS 155
NROWS 192
XLLCORNER 196769.923733
YLLCORNER 449719.875193
CELLSIZE 27.603701
NODATA_VALUE NaN
[rows 69 to 91 of 192, columns 53 to 105 of 155]
30.614239734 30.5883842412 30.5070951139 30.932750287 31.1567564242 30.6582099611 31.1705845337 31.1872844449 30.6676000223 30.9804263489 30.8099610156 31.2033016783 31.0182940721 31.0731879526 30.9605511628 30.612808565 30.7669998194 49.2725559355 65.8382779621 65.8382779621 65.8382779621 31.0487956769 30.6554892738 30.8242372933 31.124594561 30.8677009008 50.835470579 50.835470579 56.8981124628 56.8981124628 56.8981124628 30.5723923274 49.9648418605 49.9648418605 49.774123085 30.6061830504 55.5211564845 30.6958483882 55.7241382735 56.0046956271 30.9618770602 30.7949805437 74.0842879254 74.0842879254 86.5932650544 73.6889014382 49.6056390035 30.8445967167 30.8238784387 31.0267060079 30.5002637894 31.0164711166 30.8322064082
30.6529592577 30.6517826174 30.7985752896 31.1473385798 30.8125148226 30.6183702655 30.6749349934 31.1728432964 30.5853581486 31.0168963275 30.8176174786 30.9483874833 30.888045504 30.5185522099 30.6557549337 30.7147550453 31.1506995115 65.8382779621 65.8382779621 65.8382779621 31.0718778821 31.0405503572 31.1637865974 30.7927070199 30.9167322479 31.1161176241 65.7047134904 50.835470579 50.835470579 54.8541102617 58.7182309471 75.4295824073 49.9648418605 49.9648418605 49.774123085 49.5890973718 55.5211564845 31.1854127813 31.0260871948 30.6556702704 30.5164917894 30.7054980878 74.0842879254 74.0842879254 86.5932650544 73.6889014382 49.1042321902 30.6537050484 30.5807217592 30.708633035 30.6534847325 31.182137413 31.0305368363
31.0596778243 30.9675332078 31.079934792 30.6320668268 31.1554018245 31.1928747041 30.6951477147 31.1133878952 31.1501855378 30.8884577268 30.7479875353 30.7056231894 30.6592007295 30.7340790254 31.1298066206 30.6571917566 30.547542217 31.1460651202 30.7797982527 31.157900587 30.940365796 30.6529244783 31.0686866714 30.8813262163 30.9043129108 30.8462031261 65.7047134904 65.7047134904 31.1953227776 30.7249945436 31.0303813991 30.8580465452 30.8491560665 31.0755555035 30.5871636044 31.0625778262 30.84566528 30.6061132548 30.7091787752 31.0319694054 30.8383257002 30.7889894808 30.9956095501 86.5932650544 30.6119928092 49.1042321902 49.1042321902 49.6264661495 49.6264661495 30.8470044428 75.9491028035 30.9591236452 30.7926947204
30.5126684057 30.7477947581 30.7316078927 31.0928321056 30.643698966 30.8047150901 30.7932916807 30.5830555395 30.5345929508 30.5309489597 31.0232528358 30.8670937144 30.7660080324 30.8177284916 30.5908267542 30.686913502 62.9534023989 31.1852260256 30.7703888055 30.8355971284 30.7076258394 30.9988292736 30.5915772739 30.6691361576 30.6448117402 30.7569560887 30.5634343867 30.7916452783 30.631647827 30.8755122427 30.8949957592 30.7450543412 58.3408116199 31.2057516958 30.6628055993 31.1069449912 30.6182137196 30.9325181779 31.1990404786 30.7023739261 31.0115179935 31.1095211189 30.6559694524 30.8157274406 30.682931856 31.0722345885 30.5007092744 49.6264661495 49.6264661495 76.1476480439 76.1476480439 69.3425395843 30.6466668525
30.9408081173 31.1468281739 31.1719134737 30.5994294672 30.8973349537 30.8693942634 30.7133392857 30.6404674407 30.6439582784 31.1515244238 30.5596532782 30.6000422809 30.8235226511 30.9013566017 30.8432813063 30.6411119773 30.7282714045 30.8548359349 31.0983544274 31.0857513127 30.616731063 30.7338793039 30.7295534822 30.9055153722 31.1520363089 30.8082337499 30.5857460976 31.1183429193 31.0176912096 30.7141959639 30.8216019969 31.0565367304 58.3408116199 31.0557946493 30.8774945092 31.1240137923 31.0893992068 31.0963722285 30.9672485749 30.8250556392 30.5410608591 31.1731984428 30.5024750538 30.6322361336 31.1539173643 31.1577122219 30.5419315699 49.6264661495 31.1468747089 76.1476480439 76.1476480439 30.6932731053 31.043636664
48.9014029887 30.9209999474 30.6407805204 56.1801631862 30.8091836646 31.0948769414 30.9525722399 31.1589315599 30.5610369375 31.0966770499 30.8005181642 30.5167886648 30.5517661962 31.1159001474 31.0688195223 31.1776535465 62.9534023989 62.9534023989 30.7549080776 31.0788116109 30.6492129786 31.1676646236 30.623495319 30.8532640756 30.6663345181 30.5331897468 31.0292300653 31.1345689385 30.5304333639 30.6204355106 30.6990173485 30.7132610153 30.7962410997 30.649004182 30.6485719881 30.7978635858 30.6089500948 30.9329475508 31.1660231478 30.643005368 31.1909207353 30.6367671082 31.0192193477 30.8962394299 30.5892576558 30.9934899946 30.87458921 30.7715614945 30.6816012079 76.1476480439 69.3425395843 69.3425395843 69.2937081643
30.5607133657 31.1198594021 56.1801631862 56.1801631862 65.0919434494 31.150119265 63.5672759864 30.5374017666 30.5696687817 30.7904581466 30.8741961856 30.7668818201 70.3144388962 31.0307747076 70.3144388962 31.1273670624 30.60210485 31.1516662863 31.1087744048 30.7893163409 31.1334356334 30.5651591447 30.8158581815 30.9654975993 30.9102445339 30.8655623368 30.6356094792 30.9521559333 30.8132233553 30.7385385512 30.8252987533 30.6636061455 31.0685461855 30.577588545 61.7861074806 30.9322512988 30.882060202 31.1594033988 30.6673880384 30.9225098615 30.8179863701 30.7820570993 31.0166517309 30.8356360672 30.6693485848 30.6046050547 30.6902465431 30.7907734244 31.1534874722 31.163886416 30.7838441532 31.1769001055 69.2937081643
30.731971262 30.6668398006 56.1801631862 65.0919434494 65.0919434494 63.5672759864 63.5672759864 30.655661119 30.606107195 30.6353596485 30.9786791394 31.0772110932 31.1528565483 30.6506973661 30.7093931725 30.745741429 30.6143673962 30.6149167992 30.5393185847 30.6052390203 30.6998134636 30.5483570611 30.7198126097 30.9419592368 30.6315723872 30.880509069 30.5690454066 30.6113863879 30.7496651989 31.0121559073 30.9090409274 31.0082464212 61.7861074806 61.7861074806 61.7861074806 30.5634154157 31.0595189378 30.5259944136 30.5243101884 30.7428308448 30.5579188825 31.0608898162 31.0744117955 31.2011567384 30.7926981335 31.1757919887 30.9033878779 30.7877674234 30.9340556837 31.124703454 30.5877779559 30.8477124142 30.8368507239
30.8500962376 30.6858595115 30.5433440733 31.0956706568 65.0919434494 30.5062903152 63.5672759864 30.8725246525 30.8573913072 31.0575217526 30.9037155199 30.7837506641 30.6815893402 30.9613152594 30.882628494 30.893589786 30.9174533375 30.5494968278 31.0938708772 30.7218033557 30.715625596 30.7564314709 31.0182808063 30.9794307184 31.2010518294 30.5595289401 30.948096988 30.6509288764 30.7719798174 30.7798323982 30.5403189036 30.8196520099 30.676264818 57.1377768845 61.7861074806 57.1377768845 31.1989675466 30.8549560539 31.1404268328 30.9738562562 30.5901029386 30.8140204808 30.9636126505 31.0374088792 30.9466701018 31.0488119158 30.8885813583 30.7811357018 30.8870986903 31.1520865877 30.9230536359 30.9725286171 30.5656868041
30.979898321 30.8957550892 31.0702516598 30.8957036725 31.1072730084 30.9607134993 30.939345542 30.5048185324 30.5737422532 31.0682587158 30.5242222115 31.1789796056 30.7240217601 30.8208302205 30.8083058188 30.5358699215 30.843259822 30.8062283143 30.6851034968 30.6501412277 30.7932308549 30.7668093225 30.5068890561 30.8688078162 31.0250202399 30.6596814916 31.1460077383 31.1890806704 30.6613630563 31.1731532179 31.00949093 30.9518675948 30.8258909726 73.6204888035 73.6204888035 73.6204888035 30.7510661318 31.1608332841 30.9028767479 30.8253307798 30.9395269828 30.7184102801 31.1144393305 30.6852874071 31.0766691419 31.2056829524 30.8194069043 30.8628644251 30.7959701142 30.9940293894 31.0207307855 30.7343375215 30.834953431
30.542725792 30.539191041 31.112134073 30.8468061364 30.7343338177 30.5659341945 31.1668775362 30.5012204874 30.6750178744 31.1353918876 30.6995421949 30.719395592 30.523514696 30.8137956685 31.0610197405 30.5322863021 30.5850658733 30.6543029733 31.1511016636 30.9763779674 31.0656255865 30.6647695499 31.1692694866 30.9211488721 31.0641336659 30.7832951339 30.7495108818 31.0748026623 30.6322410115 30.9340345819 30.7151862551 31.0625880405 30.9923210235 64.6348902181 73.6204888035 64.6348902181 31.1500342177 30.8876714964 31.1106001583 30.5203053982 31.084869579 30.7998592752 31.1938793437 31.0181006756 30.6266547707 30.774513918 30.6099322506 30.5450358095 30.9017513114 30.979478582 30.5576160426 31.1533572243 30.997595155
31.1804461052 31.0441428327 30.7949611475 31.0488893606 30.7520294994 31.0914882243 30.5209071417 30.6678005339 31.1058888702 30.8674466616 30.6024614893 30.5653116161 30.8536293874 31.1019643531 30.8956957513 31.1789958019 30.8037967825 30.7334014516 30.777252379 30.7283414015 30.6892518968 30.7405801681 30.8813141865 31.0697579121 30.6306230634 31.1030794558 31.1571668718 31.2058327856 30.9523524194 30.9265596549 30.7078614614 30.7745802374 30.966740075 30.9162896942 71.062930054 71.062930054 71.062930054 31.1766321837 30.5937626557 30.906856357 30.9007269928 31.0997944566 30.8320596448 30.9851341336 30.8829520715 31.043781112 31.1153869443 30.8923112642 30.6966385253 30.9367193097 30.6882775509 31.0790199676 31.0562426696
31.0801498 30.5661239098 31.1846372804 30.5372551057 30.6573158773 31.0033288333 30.9055559999 31.0511211438 31.1241607205 30.7345391088 30.8282993498 31.001652935 30.7644051161 30.6789613648 30.7391809177 30.704441372 30.6619205656 30.7516637629 31.1766315665 30.9625067586 31.0601512561 30.6606504509 31.0955398128 31.1593166949 31.0038687235 31.0401148619 30.7618281431 31.0869924524 30.8534026319 30.545663777 30.6351255799 30.6749118573 31.1462958841 48.2200782893 71.062930054 71.062930054 69.1367635057 30.5637705496 30.5314163349 31.0854881608 30.9246219769 30.6344659845 30.9575245964 30.6510586899 30.7678526134 31.1272979683 30.5899943236 30.9920378082 30.5452369725 30.6492366705 30.9463274521 31.1486717098 31.125436018
30.948834063 30.627578904 30.9902449986 30.6279341945 30.97888873 30.8083249025 30.799073115 31.0132795557 30.8180185232 30.8454176935 30.9730152401 30.9925159791 30.9818140982 31.1436592143 31.1009196772 30.9616841499 30.9821852746 30.6603369871 30.523514846 31.0770712918 30.6457457583 30.5449391244 30.5694498007 30.7254446067 30.7323779694 31.2068938788 30.6116323144 31.0822756734 31.1950956576 30.8526074638 31.1934636654 30.740447465 31.0004807097 30.8087283192 69.1367635057 48.2200782893 63.8161578574 31.0353002871 30.5968967353 31.1446772629 30.8447565301 31.1903588016 30.6433646713 30.8246338132 30.6013815589 30.9893336168 30.5078828415 31.0454288021 30.6499937284 30.9186908157 31.1806465114 30.9501998445 30.5471661764
30.5162750314 30.9622065286 30.9445615068 30.7477741392 31.1602443427 31.0343360464 31.1577612471 30.6584150187 30.8519472119 30.9914199857 30.7942910708 30.9957383786 30.788327504 30.9608372665 30.7653129461 31.0743623424 31.1485957611 30.8659325695 30.8834171504 30.8017732408 30.7416014597 30.7972779227 31.0812125455 30.5719009898 30.9050228176 30.8629982735 31.0200082752 31.177722148 30.5279597906 30.7697263343 30.806211119 30.7504743036 31.0819709112 30.9207332189 31.1420422618 30.7223788599 56.840688899 31.1231438684 30.6197793138 31.1129506999 31.0032517797 31.0426998418 30.6835468314 30.5720469826 30.5295612118 30.8399503018 30.9737606247 30.7254698545 30.694759506 30.828122875 30.620950762 30.8006658359 30.9221036591
30.6834996852 30.5043178814 30.7912292103 30.7787782514 31.1740916609 30.5433490807 30.7335015303 30.738766344 30.9114753454 31.0725293477 30.7340457982 31.1422952016 30.9066320098 30.731917495 31.0394689224 30.8547311137 31.1545927273 30.9082835883 30.8156114721 30.978942947 31.000584053 30.7103170299 31.0044667351 30.5080245065 30.5035607486 30.9128700294 30.5945387654 30.7235222292 30.5032940739 30.7637656396 31.0437957395 31.1495823947 30.8753147016 30.6466243697 31.0961518644 31.1317166625 56.840688899 30.66422135 31.1861391184 31.0118912872 30.5875754613 30.542107074 30.5985294151 31.1111970339 30.6542499029 31.0702882047 30.7837163302 31.0482688672 31.1818390023 31.0971725489 31.1590860142 31.1063902476 30.7821748148
30.988835634 30.9398943768 30.8283800042 30.5536834397 30.6423152432 31.2055939815 30.9114907025 31.0342500372 30.6966043769 30.6334000782 30.8703651025 30.8660561943 31.1319049738 30.594385574 30.7797650099 30.9507910708 31.0040638008 30.7555020421 30.7832043705 30.9553252008 30.5195809944 30.8271534608 30.8948664622 31.0145716876 30.6784805337 31.172339112 31.1122271033 30.7912248845 30.9044411348 30.6139527814 30.5600990725 30.7129076042 30.9596666104 30.9177362566 30.5458463565 31.0552161017 30.5086753967 30.9113273047 31.1096735497 30.9694131 30.9450613437 31.150006945 30.8986208198 31.1961259027 31.1908813765 31.1081404917 31.0244308761 30.5009851842 31.0664940983 31.0024444755 30.7645606873 30.7627535594 30.7599572432
31.184139561 31.0034118228 31.0865612965 30.8430948057 31.0844245677 30.5004561376 30.9376308813 31.0254720957 30.9591060499 31.188308291 30.579946682 30.5194679717 30.5281340218 31.1702159697 30.7482285141 31.1513705259 31.036743874 31.1533487823 31.1557476537 30.6956701184 30.6059946146 30.9693248832 30.8580746027 30.5208122717 30.9205395567 30.5974750189 31.0418564834 31.0372129147 30.5762708497 30.995749538 31.0338069313 30.7961748366 30.5428198374 30.8178028397 30.5930339193 31.1382082196 30.5681850415 31.0273224411 30.8523867053 30.7680850822 30.5867152912 30.5209425518 30.5184893023 30.5674704292 30.9480319104 30.9453870608 30.913191889 30.7651449918 30.5364499318 31.0035689155 31.0347828589 30.8348273322 30.9265433333
30.8813766675 30.8857788463 31.0312255084 30.6854500884 30.5441791656 30.6282049888 30.7395473792 31.0243614952 30.5836370478 30.7984643095 31.041400518 31.1557951077 30.8760942058 30.7364422432 30.5914029038 31.1607838417 30.736617788 31.0177033867 30.6149575795 31.183876209 30.5430975372 30.8727315611 30.9919245557 30.5544818162 30.7060741509 30.7290510546 31.0895276457 30.7840796897 30.7649088994 30.9609664192 31.0644443456 30.5007820377 31.0076648608 31.0496615153 30.6863341067 55.0919537124 30.8432457138 30.985695346 30.972497065 31.0023449196 30.8464059648 30.9526034352 30.9990769205 30.7522883995 31.1343998841 30.6958532985 30.7390009233 30.6830061249 31.1428214416 31.0923962322 30.5910129037 30.8703453261 31.1525908786
30.8530765231 30.9482826093 30.9035671487 31.1747387109 30.9778112387 31.1422856446 30.6141960558 31.1065356154 59.7818209077 59.7818209077 59.7818209077 30.5318242588 31.0850346977 30.6249693916 30.5023616009 30.5392463346 30.8181831027 30.8120699092 30.889354759 30.8258811063 31.0312841003 30.8171886106 30.6624831551 30.8997436708 30.9771793082 30.6059877037 50.3299389962 50.3299389962 30.5696229164 30.9596986074 56.4231841814 56.0875498959 41.25545751 41.25545751 70.1095083011 70.1095083011 71.2821874693 71.2821874693 30.6834258231 31.133935475 30.5592431832 31.0587552221 30.9940484595 31.1316991247 30.7674299184 30.7047430064 31.0634346712 30.6137861911 30.9766417383 31.1752188291 30.9810199843 31.1221245459 30.7975200188
30.9199494165 30.9171959344 31.0539620332 30.9540769474 30.9845051537 31.06676884 30.9084421234 30.7944089835 30.7492595685 59.7818209077 30.9982361063 30.7445463564 30.7489917193 31.0659980992 30.9457231554 31.0489073703 30.774333795 31.0105860249 30.5855131496 30.8451851585 30.8721056881 31.128040823 31.0218917417 30.5250293335 31.1677400967 31.0645979212 50.3299389962 50.3299389962 30.9021499828 56.531098375 56.4231841814 56.0875498959 41.25545751 41.25545751 70.1095083011 71.2821874693 31.1318789974 71.2821874693 30.9856443025 30.8778078613 30.844344416 31.0546928138 30.7821840719 30.6934938896 31.1877177546 30.8874268034 31.162606408 31.0263403232 30.5921480544 30.723454892 30.5664499791 30.7574731758 31.1678563279
30.9774112973 31.0466608145 30.7563572253 30.7051134997 30.7064167055 31.1574039806 30.5641209416 31.0287875303 30.5197517378 53.9069719382 30.5497571631 30.5571234861 31.2013591582 30.544747033 30.5698022478 30.7674838571 30.9018702313 30.7372542493 30.9108667612 30.6216977057 30.7069694655 31.1129665314 30.738954254 31.0402249232 30.8264594457 31.1322732629 30.8519116303 31.0937183828 31.1255401868 31.0330960902 30.6239532304 31.1157397919 30.8235148669 30.5425034949 30.7564356854 30.8797595604 30.815820531 31.0000209377 30.6164751898 30.5569083408 30.5673046526 30.6154575096 30.7011267494 31.158510759 30.9451746053 30.960392412 30.6915528204 30.5472312613 30.6106173375 30.8217272112 30.8356478853 30.6363505301 30.5639945957
31.1043184194 31.1819360122 30.9705856158 30.7189927572 30.5904610477 30.550957929 30.5772955487 31.044001971 30.9764948609 53.9069719382 30.6028142189 30.854345562 30.945673048 31.1644280775 30.79253605 30.545136646 30.7906193984 30.7163084797 30.7131475486 31.1628135084 31.2048657551 30.6241793054 30.7387021293 31.1103482877 30.7350193418 31.0314037558 30.8288979495 30.6000900058 30.8518000165 31.0882217554 30.9776867731 30.6299059706 31.2030529471 30.5725486908 31.1771016998 30.8484555678 31.0290866353 31.1779747513 31.2057511341 30.8846861259 30.980265049 30.8922299812 30.7327853549 30.5441140028 30.7332285193 30.8382454459 30.7551611569 30.921559736 30.5546398733 31.0074137696 30.7189031022 30.8700869871 30.6463309216
