Spatial_Output/BAU/BAU_0758.asc
NCOLS 155
NROWS 192
XLLCORNER 196769.923733
YLLCORNER 449719.875193
CELLSIZE 27.603701
NODATA_VALUE NaN
[rows 0 to 22 of 192, columns 53 to 105 of 155]
26.6090295338 24.9198650537 25.6062277959 26.1088478508 24.0119464875 23.849740334 25.0081808048 46.8820326585 34.2925891757 44.8768850633 23.3828585705 0 0 0 0 0 0 0 0 0 0 0 0 0 0 0 0 0 0 0 0 0 0 0 0 0 0 0 0 0 0 0 0 0 0 0 0 0 0 0 0 0 0
26.7424331359 24.8841599231 26.2708056463 26.1995572811 26.2227606248 26.5173560502 26.418656059 36.9997333109 34.347456238 41.15606696 27.1494361226 26.5217438706 0 0 0 0 0 0 0 0 0 0 0 0 0 0 0 0 0 0 0 0 0 0 0 0 0 0 0 0 0 0 0 0 0 0 0 0 0 0 0 0 0
23.8406293787 26.2031676196 23.2065563327 26.4789266911 23.9117985406 25.5959642993 23.134233483 35.8256896425 47.8433335174 45.3043701064 26.8632259592 26.74311289 0 0 0 0 0 0 0 0 0 0 0 0 0 0 0 0 0 0 0 0 0 0 0 0 0 0 0 0 0 0 0 0 0 0 0 0 0 0 0 0 0
23.0006267282 24.9594643197 23.3770460599 23.6401803256 23.2905123384 23.9581785908 23.04756411 26.5697188043 26.0991489389 25.4840494421 24.7345015826 23.3695235839 24.4909284936 0 0 0 0 0 0 0 0 0 0 0 0 0 0 0 0 0 0 0 0 0 0 0 0 0 0 0 0 0 0 0 0 0 0 0 0 0 0 0 0
25.5288071065 24.133469677 24.1472461755 26.1307102854 24.7841560651 26.0903360338 23.3670702438 24.6695618177 23.8721938912 27.0554803469 27.0225769934 23.700085215 25.5799555803 26.4775721709 24.1227038126 0 0 0 0 0 0 0 0 0 0 0 0 0 0 0 0 0 0 0 0 0 0 0 0 0 0 0 0 0 0 0 0 0 0 0 0 0 0
27.1238595226 25.9171655522 27.1756888423 23.6345010073 26.907691351 41.4273725021 26.8767333392 26.7673494259 23.2678270104 23.6459310973 27.2302800727 25.8687497458 23.7420668614 26.7270784128 25.8610110253 24.0044500894 0 0 0 0 0 0 0 0 0 0 0 0 0 0 0 0 0 0 0 0 0 0 0 0 0 0 0 0 0 0 0 0 0 0 0 0 0
25.5041348481 25.0568328254 26.3608373307 24.0998468332 23.2883531066 44.3710982452 23.4231757132 25.8536443524 26.2358346397 25.2745924937 23.6569047185 23.2592967827 25.1837924476 24.8637276571 24.9843456261 26.0895495297 24.0323845488 25.5627898434 0 0 0 0 0 0 0 0 0 0 0 0 0 0 0 0 0 0 0 0 0 0 0 0 0 0 0 0 0 0 0 0 0 0 0
25.0811664482 25.1415768339 26.6068333174 24.746615129 44.3710982452 44.3710982452 44.3710982452 23.5909769983 24.9163029677 25.0893260165 24.4442220893 25.2999573852 26.3542701564 24.166387169 26.4954672247 25.1050620619 25.5256288382 25.1298910223 26.7135462685 0 0 0 0 0 0 0 0 0 0 0 0 0 0 0 0 0 0 0 0 0 0 0 0 0 0 0 0 0 0 0 0 0 0
25.1492471597 24.247838353 24.0343018845 26.5193576147 43.0956350222 23.0033209862 25.2402897313 25.5158220585 24.0509121081 26.6766058971 26.2518536037 26.8372501157 23.3929900611 26.8576544059 23.1009878851 23.7254586519 24.7567060711 27.1975063003 24.0359090564 23.2706852477 26.565613089 0 0 0 0 0 0 0 0 0 0 0 0 0 0 0 0 0 0 0 0 0 0 0 0 0 0 0 0 0 0 0 0
24.6420046297 25.1218178276 26.6389868677 43.0956350222 43.0956350222 23.4265079052 24.6382369002 25.5675061027 24.2748178901 24.0749453164 26.6120156346 26.0326259066 26.1209761994 26.3164479029 25.4547284171 26.6507600107 24.2520955343 26.308920589 24.1700210292 23.8978007974 25.6492818647 24.8292736418 23.0242405198 25.2405893196 0 0 0 0 0 0 0 0 0 0 0 0 0 0 0 0 0 0 0 0 0 0 0 0 0 0 0 0 0
26.6980067285 26.3552617827 26.6130584092 43.0956350222 43.0956350222 27.241211874 27.1959591326 23.6300179127 27.0414577479 25.2900109021 25.8755404656 26.3515150577 23.2864119564 24.8597513978 24.305137311 23.3843496664 25.3298671843 23.554702106 26.4529737806 25.1703184218 24.991403001 26.5341223485 24.2600019894 23.6515178498 25.0046213528 25.4347924935 26.4148213571 23.4962996605 25.9617813191 0 0 0 0 0 0 0 0 0 0 0 0 0 0 0 0 0 0 0 23.2362454018 26.1301523083 26.3529949208 26.2303218096 26.0161393603
26.9007940232 24.2999263644 23.50147987 23.7780899025 26.8235852424 24.5343538271 24.8905447233 24.499486751 25.9691488842 25.7104664912 23.6011429084 23.521735095 23.5837461669 27.0007886919 25.267381014 23.687589374 25.4974149703 25.2232664204 26.7245344818 24.3603518858 24.0720545616 24.0216315922 26.0635481365 24.3160816661 23.9654714363 24.8607893623 25.617743681 26.052496537 24.4603664853 26.5222864189 25.0296968484 0 0 0 0 0 0 24.1576748956 23.5611829894 25.5622134183 27.1675806207 23.557475185 0 0 0 0 0 0 23.6757551445 23.2052580416 27.0137308389 25.5483790959 26.476465818
23.7631574607 27.1020890551 26.0251648049 27.0305409619 24.1131053292 52.2289542888 52.2289542888 42.6869141294 42.6869141294 42.6869141294 24.1062731212 43.7938031241 43.7938031241 27.1324195536 27.2027589074 23.9447053281 26.2671397694 26.4902790775 26.0576985146 25.1184649083 23.3119873303 26.3945359212 25.6262141088 25.6890006128 24.797699557 25.6013193756 23.0678914802 24.252608214 24.0214849791 23.8600109872 24.8569770599 0 0 0 0 0 0 23.1154187064 23.4550282242 24.456445259 23.2005354678 25.513612632 26.199590763 27.1880094659 27.1832161743 0 0 24.9786627006 25.6364957128 26.6277959398 27.1623661353 25.0608164297 25.0198265246
23.9134821709 23.5123519359 24.5444881307 23.7419650589 24.0880253427 38.2512521936 52.2289542888 42.6869141294 74.778143068 74.778143068 43.7938031241 43.7938031241 43.7938031241 23.2257671023 24.0123904077 25.8037531885 25.8070115968 23.7840648646 24.4616947958 24.9441418096 25.7788986527 23.227384569 27.1958434637 24.932772724 24.6475298887 23.0703399966 25.0950745406 23.5961257621 26.9493177583 24.1210032577 26.7364378359 25.3077764687 25.8055563267 24.6512107833 23.914546183 27.1674208771 23.2551788021 25.5115427727 26.9582458001 24.3655527163 24.746097916 24.0720573884 25.3143067288 23.2143353296 26.7781592673 24.4836745731 26.4596448415 25.1499772916 25.0349764131 23.4816355446 23.4475453501 23.4595067451 24.0866663471
26.2649450649 25.4822357568 24.2360544438 25.0549904753 24.2658096279 38.2512521936 38.2512521936 38.2512521936 54.5440789318 67.3452553534 60.6635896787 24.3701895781 25.2809667606 23.4318238832 24.3553140458 26.1993748252 27.0264748355 26.6454279911 25.2062234364 27.0733497213 27.0374367317 26.1186121858 26.149091474 23.2750272345 26.6996061068 25.9873723187 23.3704313818 25.589946297 24.5216383496 27.1859829163 23.1147271422 23.8480097311 26.511550693 25.7415844074 26.5753515667 23.9029704976 25.7753675861 24.1829024875 23.4551512334 26.4573690352 23.4374577016 25.5302253282 23.0754853248 23.1909964032 23.6313132313 26.7520069497 26.2825693221 24.5654177476 24.9487209957 25.5341857257 24.6939569291 27.0587126454 23.2659143203
25.7214688436 25.2677373907 26.2462334293 26.4950891379 23.6082155482 38.2512521936 46.2183736307 25.2367899979 23.1900724866 67.3452553534 67.3452553534 67.3452553534 26.2151159407 57.1914248908 57.1914248908 26.7207314594 26.8483409377 25.2040351194 26.9573962946 23.0919698115 26.1296834251 25.4822915248 25.6248496896 23.8559845834 24.0026590484 24.3312829371 25.9577763365 24.1578761968 24.6091561269 26.3125461638 23.4372642458 25.2318038411 26.0518730544 25.8649190448 23.3076717955 25.3719755055 25.9942287948 23.876930492 25.7792260878 23.3260694413 26.9556569569 25.6692350397 26.869974242 26.6412365214 26.4386231471 24.1244597136 23.6779874001 24.87287206 23.5914814082 27.0408752543 23.8470813681 26.9007415184 23.1345003043
24.7009762805 24.8869829294 26.7286540886 23.4285540655 46.2183736307 46.2183736307 46.2183736307 24.0799506712 26.9982816624 67.3452553534 67.3452553534 43.0666279061 25.6202451763 25.181895298 24.6723045753 23.458520355 24.1244533649 23.8104178992 26.204091434 26.4354929704 26.1718315246 26.8282222854 25.0261283972 24.1284969747 25.4391774817 23.3452443434 26.2069303699 25.0868808579 24.7154839034 25.240541389 24.461635022 25.109444746 26.0755760895 26.6850322814 24.9069939643 26.1133232711 24.4657683695 25.5570083976 23.2855259371 26.1018261503 25.2641262175 25.7926086999 23.7136577447 24.487628582 26.5605023748 25.7885112075 26.7477318176 25.9766203781 25.8690907953 25.6694981921 24.0843670614 24.7668328994 25.9532848188
26.96516731 25.3113926196 24.0533267737 26.440258993 25.8385038006 46.2183736307 46.2183736307 56.4141094678 26.7309004985 23.3952230843 26.2165023958 25.9200434555 24.6119680776 23.5233402808 23.3037113801 23.5720291172 24.6238654368 23.4578809211 26.2475536423 26.8168135511 27.0003857598 26.9562059406 24.7278869753 27.1092393394 23.5957689374 25.4365755531 25.5970442213 24.8347406341 24.5368467186 23.512160469 23.7321331345 24.1532082858 24.2442707384 27.1427929334 25.6581682082 24.9966263363 25.5785148059 24.2987349882 23.4680730709 23.8282510357 24.5086348267 25.045328569 24.5138912866 24.7558012386 24.7500043965 23.0226008155 23.7126020301 24.4529561301 26.3256565753 25.0125467911 25.8615137483 26.3398890546 25.6956966138
27.0888208484 27.1297188128 27.0884774093 27.2258735855 25.6920427869 24.7883720513 25.3477224606 23.2269494879 25.4056751458 26.5850026289 26.3438289232 27.0075543728 24.0791714534 25.4236654607 24.4914283489 27.0542121939 23.5216515077 24.6638540422 23.4848145447 27.207469952 24.1135780958 25.8213772137 25.289693645 24.1595385234 23.5702321824 25.5237745209 26.0877450951 27.1260102039 26.3072050625 24.0049443322 23.226076727 25.1952958316 24.0477861238 25.9129038505 24.7707107772 26.6698745972 25.7557518446 24.4772527975 25.243625859 24.7198351847 25.6697009774 23.9930433225 24.2574530422 24.8639040318 27.1204944484 25.9900274494 24.9694972749 23.0217696177 26.9497905688 26.4043813982 24.5696424825 25.6877141362 25.4046196621
25.5221573716 25.6459498097 25.4300446676 26.8266058779 26.9328689902 25.8291883898 27.1241569339 23.1242828708 23.1715041039 24.0005089588 23.5788100685 23.3552226491 25.5471764772 23.2700251066 23.7229721584 24.3193557447 23.6263958962 25.3839342367 23.3605549208 25.1743166083 25.6723655991 24.346761096 25.7373510432 23.0566322122 26.8634350428 26.2235366419 25.3743493657 25.5858565067 26.108025972 23.8027893917 26.6915941842 23.4927966847 23.804662184 27.0668725581 24.7039518095 24.66559454 25.0373040595 25.051966394 27.0075908066 27.1028181865 23.9874157247 23.7131600762 26.0494595612 24.3766020855 24.1111618059 24.7787046104 26.7365627677 24.0042896106 23.0101740704 23.1777179899 23.7735599815 25.1965270679 24.8526683858
25.5461144053 25.0572093739 24.1532912669 24.9644146763 24.7116616002 24.9264438007 24.2967682356 23.2435013762 40.4338477201 23.5182161851 26.7605312552 24.532020506 25.1160195254 25.6529595026 26.7358694485 25.5022390972 24.4128557348 24.0898887173 26.8308649419 24.6136410817 26.6989120576 26.6016621434 25.3192398587 26.6996974406 26.8082698814 27.1894754002 23.3398907875 24.0439069226 24.9471157959 26.7496796775 25.763619418 25.9330071297 26.7927676487 23.0357143902 26.1429718624 24.4287048314 26.0950310942 26.0266132188 24.0923600195 23.4732632496 25.3877712624 25.4414963267 25.2840866429 25.1429175912 26.2526859466 23.7030857512 25.5119605529 25.5676566491 26.3238947894 25.7903022166 26.7524075375 23.4705438478 23.2652155589
25.2213718026 24.8317327454 24.9061911846 23.5316503845 26.4815476505 24.6853614671 25.6718927163 23.1992485667 26.1686092942 23.2180246872 26.3071121726 25.0276448381 26.0559280219 24.9616095757 25.686439528 24.9966857355 23.3007715635 27.071225883 24.6543649739 23.7357959026 23.7017051933 23.1860586806 25.4196726967 24.8065603232 25.1446346809 24.5881712933 26.6359464218 25.3549876388 23.8717407411 23.162450206 25.8291510865 26.5583985731 25.9796179412 26.8730504302 23.398998015 26.2936605864 27.0837842972 24.133720119 25.0895377253 24.5610041419 25.2704816241 23.8006676504 25.1433024758 24.5820419718 25.7796875647 25.635230801 24.3104751405 25.3969743761 26.6435698491 24.9923601591 26.7183938217 23.4422319064 26.9338596202
25.0066641185 27.1039981871 26.980163757 23.1021257932 26.2117786529 25.9227674949 24.5039541913 23.1089074107 58.6279662086 23.5858123204 26.4094592383 23.1494469826 26.5861426556 23.6055737219 23.7623360405 24.8758490477 25.9882341618 27.2252703692 24.1240511993 24.2223819425 24.535963739 26.4663699156 26.3467641409 26.7814739493 24.2057985088 27.1565804616 26.4201790163 25.5524219054 24.994036925 24.3761536508 25.1606259707 26.2323371452 26.575296201 25.21977413 24.8624700325 23.0210788876 26.4543865988 24.6340840239 27.122106003 24.3537271915 23.1258723733 25.1077541431 25.8937161101 24.8387297407 26.869229827 23.8098540756 26.2328332851 26.037013536 24.1906390787 25.3885886742 23.2961517514 23.1956614506 23.4423979167
