Spatial_Output/BAU/BAU_1165.asc
NCOLS 155
NROWS 192
XLLCORNER 196769.923733
YLLCORNER 449719.875193
CELLSIZE 27.603701
NODATA_VALUE NaN
[rows 115 to 137 of 192, columns 53 to 105 of 155]
48.2313060863 48.2313060863 47.6205715258 28.1705308851 27.7096634791 28.01717604 66.2410187868 66.2410187868 55.2255735243 75.8386495155 75.8386495155 27.709401035 27.7573068268 56.4419494102 56.4419494102 49.7021505219 54.9536193277 54.9536193277 43.9706567499 43.9706567499 43.9706567499 67.3733360682 74.5962882007 58.8491336112 58.8491336112 59.3574945778 59.3574945778 46.4639513044 59.1100031609 59.1100031609 53.678898738 50.0080439014 42.3833708025 27.9353441023 55.9358531612 58.2627920835 28.0026597172 28.0257043999 55.6219974819 53.0374193667 42.1549316254 42.1549316254 27.5956657327 28.1809296375 27.6251214313 27.5337957909 28.1228575101 27.5553628762 27.9047647331 27.8143954329 27.7412064234 28.0136182632 28.0283235957
27.9875107181 28.0757024143 27.8417221658 47.6205715258 27.9930388919 27.9790181167 27.5545499573 66.2410187868 27.8346521336 75.8386495155 27.6053318745 27.6655514109 27.8527358319 56.4419494102 49.7021505219 67.7941107603 54.9536193277 50.085973953 28.0121436839 43.9706567499 28.2025816876 67.3733360682 27.8090934644 48.9153456433 58.8491336112 60.8246221119 27.6670566014 27.9731623233 27.7685661449 27.5733553673 63.4230427209 59.2311264919 59.2311264919 27.6230489087 27.9976827286 27.7111955715 28.0656100957 27.6819755165 28.1925243559 28.0175721816 42.1549316254 27.8614397823 27.9732047234 28.0884377259 27.8579609193 27.7546069926 28.0162168751 27.5969289466 27.5539603082 27.6863098351 27.6370376916 27.5471367818 28.1803120244
27.6493914742 27.9156367122 27.8096901249 27.5282567568 27.9959402536 27.8209362708 27.8911357943 62.7903154874 27.5591630104 27.9725953551 28.0075417573 28.0781065441 28.1106120805 28.0677960406 27.8421593445 27.9172715267 27.9922053188 28.1148364276 27.7584048991 28.1908674162 27.9404698419 27.6758215212 27.5213571071 60.8246221119 60.8246221119 57.0720702301 28.10985677 27.5823303717 28.0457901035 28.085225642 59.2311264919 59.2311264919 59.2311264919 28.161328461 27.8847568637 28.1061573242 27.6908906407 28.0960392363 27.7980469076 28.1520390802 43.986988341 28.0052493207 52.497943355 27.8415166602 27.7864166845 27.8018731231 27.6853118195 28.0305245757 28.0983665976 27.7201236084 27.944749661 27.6212130971 27.7101554571
28.0727787307 27.574870889 27.6941879303 27.7684235327 27.592095809 27.6734763221 27.7229939718 62.7903154874 62.7903154874 62.7903154874 28.1566239943 27.7626500448 27.5072705153 28.0117664222 27.9231908063 27.8984211158 27.9896294472 28.1602199403 28.0899609684 27.6421199731 27.8760043215 27.5348373071 28.0429381151 60.6598544763 60.6598544763 27.9506456145 27.6713095793 27.9026242189 27.7662214602 28.0063811019 27.7519993838 50.8076730757 27.6614744348 27.8090197035 27.6697558109 27.5453855859 27.8533032475 27.7269872302 28.0443742979 27.700645207 43.986988341 43.986988341 27.6443277374 27.8874511412 27.9093419534 27.631186386 27.5802202927 27.9351624009 27.8882977801 27.5609691504 27.9102576222 27.8107679115 27.7431966803
27.9665000132 27.5812318907 27.5332680279 27.5900770014 27.7480192555 27.8496260938 28.1673884523 62.7903154874 62.7903154874 27.7776656212 27.6452889212 27.6085324188 27.5328160972 27.8844537942 28.0484901545 27.7624797107 28.1023700572 28.1350536879 27.8055918522 28.1173158971 28.1352152978 28.2021313689 27.6432903884 60.6598544763 60.6598544763 27.6391976165 28.0746531344 27.7768912261 28.0114156368 27.5731865051 81.2124240985 81.2124240985 27.8639782386 55.977682801 52.409586111 53.4119112891 28.0760704191 28.0600222182 27.8003335353 63.7000756994 43.986988341 63.7000756994 28.1665213738 27.646660754 27.5433709969 27.5194065553 27.5878977752 28.1176703171 27.7840667424 27.54039058 27.6303989635 27.725791971 27.5968250411
27.6016123988 27.6970154509 27.7136710592 27.5798724937 27.5104546574 27.5073125957 28.0623455989 27.5662076942 27.9224678492 28.1575577342 27.6531585085 27.6427770396 27.8295207186 28.1339550653 27.6575201854 27.6691360873 27.9861936448 27.9839205951 28.145611028 27.8129798667 27.8156897861 28.1508943222 28.094553602 60.5305544412 60.5305544412 60.5305544412 77.2752913383 77.2752913383 77.2752913383 81.2124240985 81.2124240985 55.4102420332 55.977682801 55.977682801 56.7516719905 71.164239534 71.164239534 58.411233036 27.707493886 28.0353609864 27.6030212439 27.9876779521 27.7846236822 28.0091064322 27.684986691 27.9720578914 27.5686413954 28.0236941875 27.7715013388 27.676692836 27.839731339 27.7739826579 28.0247478281
27.9877279081 27.7566807736 27.7253968821 28.009610659 27.9747925311 27.9663829741 27.7666834409 27.9779803365 28.1610805093 28.1749966651 27.9992985859 27.9787988052 28.086352356 27.9820141161 27.507758476 27.7618186791 27.8122756535 27.5221805664 27.9605812557 27.6620994196 27.7195123365 27.5263658882 28.172502901 48.7329962128 48.7329962128 48.7329962128 27.92502858 77.2752913383 27.5779073817 64.7854661073 55.4102420332 55.4102420332 55.977682801 55.977682801 56.7516719905 71.164239534 71.164239534 40.2648372677 27.6667966211 66.3768849868 56.1350889373 56.1350889373 56.1350889373 63.7545281029 27.8352963418 43.5720105074 40.51664938 28.0048413589 59.8281469155 28.1967572806 28.1056813423 53.5143561203 51.4467196266
37.3129907964 27.6833373241 57.3496411354 27.842766611 27.8737006361 27.8344287255 40.2996963318 40.2996963318 27.710738776 27.9269385076 27.5425731827 27.8385516102 27.9398381699 27.7580540841 28.2001974998 27.8470430089 27.6657936649 27.9841510466 28.089427276 28.0865218471 28.1726813168 27.7436465601 27.5957656051 63.5257536743 48.7329962128 27.7259096716 64.3334798487 77.2752913383 28.2044884774 27.9183902741 27.7293595316 55.4102420332 28.0353959643 28.1683015129 27.7681814385 49.0862101774 71.164239534 58.411233036 40.2648372677 66.3768849868 56.1350889373 56.1350889373 63.7545281029 63.7545281029 27.7667583307 40.51664938 40.51664938 40.51664938 59.8281469155 59.8281469155 53.5143561203 51.4467196266 51.4467196266
51.8010049562 57.3496411354 57.3496411354 57.3496411354 61.4584427847 61.4584427847 40.2996963318 27.8973247632 27.765077573 28.1053256479 28.1575990481 27.9704260331 27.5623386355 28.0779802667 27.5567813472 28.01106518 27.6957169096 27.5597842611 27.7221980078 27.5473493278 27.5272114072 27.5824030084 27.5751761664 28.0738702918 39.7392878269 39.7392878269 40.8787008403 28.0372420903 28.097659949 27.6987611514 27.6465360892 28.094802001 28.1232072758 28.0687699349 28.0615045201 27.5790774629 27.5691457065 27.6502054394 40.2648372677 28.0129515183 41.514012373 47.1726366485 27.7462183652 27.6098308236 27.5501401539 43.5720105074 40.51664938 27.939905501 59.8281469155 27.7796067444 58.7774880618 51.4467196266 51.4467196266
28.0968525343 57.3496411354 57.3496411354 48.2344912645 61.4584427847 61.4584427847 55.1784669806 28.047557229 27.7781964902 27.8039522989 27.6286615161 27.6952253778 28.1861742129 27.6488575732 27.5947349069 27.6115107404 27.5876053772 27.7880635878 27.8293196154 27.5817681294 27.8871291903 28.0966906442 27.8153830175 27.7256292871 40.8787008403 27.7498581949 27.87599208 28.1989378001 28.0120400145 27.9647248221 28.1515366242 28.1011244686 27.7415365846 28.0728385322 27.8962844656 27.6471496627 27.5737251439 28.0769974556 27.5607415223 27.7666737424 47.1726366485 66.0981512231 66.0981512231 27.5555025182 28.130579405 27.5044149832 27.9579356149 27.9204563922 28.0023355456 28.1987826455 28.111942213 27.5079488533 28.0593896272
58.9421057703 52.9616121606 27.6714114849 27.8964389462 61.4584427847 27.5526725356 55.1784669806 27.6909221516 27.9170504226 28.1152479993 27.7495826895 27.5640302959 27.718610589 27.783051686 28.1139238166 28.0103392872 28.1097625176 28.0305608021 28.0706587491 27.6963738379 27.6607854219 27.8788193328 27.7060518483 27.5061984581 27.9782715887 27.6353348823 65.4754362917 65.4754362917 27.5350611713 27.8286237788 28.041821489 27.5993646713 28.0034904219 27.7299936065 27.9552117557 27.6926706824 27.5728558876 27.8685956273 27.7433911619 28.1901184318 66.0981512231 66.0981512231 66.0981512231 27.9398918703 27.7742034458 28.0153254296 28.1505029544 27.7651432323 28.1972680258 28.0433668999 28.0326580606 28.0242189261 27.9681490326
52.9616121606 52.9616121606 27.5712469147 27.6622953726 28.0366529945 27.9974567232 44.5900929114 44.5900929114 27.8341416804 27.5471023899 27.9030425139 27.8250685545 27.6372614399 27.5258128084 27.860775142 28.0925447644 27.9530574772 27.820937843 27.7552686422 27.5174135683 27.555372393 27.5172619917 28.1132138377 27.7785136603 27.6133623534 65.4754362917 65.4754362917 27.5220656611 38.4597899409 28.0003392167 28.1657968531 27.9889108192 27.9897694846 27.959319941 27.8076883287 28.0723158125 27.7728206986 27.7023566287 27.931953201 27.6816342502 27.6451971256 66.0981512231 53.2588489973 28.1271354488 27.7141215038 27.5216262826 27.9284630256 27.8162192591 28.125671835 27.9460823319 27.8027078134 28.1635747482 28.1070066201
52.9616121606 28.192650728 55.2346108442 28.1740647198 27.8818139367 63.7047508228 63.7047508228 44.5900929114 28.0617950392 27.8026336996 27.9784663533 27.6844868628 28.0909798476 27.9621910669 27.7406604691 28.095399114 27.6679069685 27.8017154627 27.9791185332 28.1206358936 27.8973707268 27.7147975091 27.7920878802 27.8399467065 27.5588982128 27.8398822774 79.8980910848 79.8980910848 79.8980910848 27.7002772059 27.9376010298 27.9028531476 27.8255306326 27.9439590984 27.9043637214 28.0810872242 28.1702373839 28.1339308899 28.0146324084 27.9512777666 60.5061086852 60.5061086852 60.5061086852 28.0445696108 27.9630966949 27.6644526701 27.6222811385 27.9385928152 27.7024306102 27.5608392011 27.6556531832 27.6132550338 28.0564229828
27.7040964833 55.2346108442 55.2346108442 27.7654652541 67.3673526342 63.7047508228 63.7047508228 28.2059578374 27.9065084385 27.6010945962 28.1715919581 27.6165665175 27.8352337187 28.0330128727 28.1751343608 27.7757373412 27.7771612718 27.6173176113 28.0792609092 28.0352670649 27.925886383 27.9596303638 27.8135079398 27.7960683071 27.8778115171 27.9493981191 27.9450296111 79.8980910848 79.8980910848 27.5283184224 27.9956054667 27.8882429031 28.1308410885 27.5677479129 28.0614593475 27.7205029882 27.6596275323 27.7404676164 27.5403474753 27.6740046195 58.3711080082 60.5061086852 60.5061086852 28.0047234391 27.8877182269 27.6350650312 27.9083474875 28.0420836701 27.7328123334 28.1161082789 27.8589698988 28.1233079637 27.5961031186
27.8868580857 55.2346108442 28.1611019088 71.7938499306 67.3673526342 67.3673526342 67.3673526342 27.9745631403 28.162850268 27.5500563679 28.0776984662 27.5706767576 27.7060128102 27.5869810232 27.6828478397 27.6967691164 27.9593467795 27.665083978 27.6047162112 27.7744595546 28.055811234 27.5704615667 28.1110563396 27.9124212572 27.9748172454 27.5161536586 27.9424528953 55.7780561678 55.7780561678 55.7780561678 27.6838145711 28.161776071 28.0149144113 27.7543494128 28.0559852036 27.8802052253 28.2049985634 27.9691923342 27.6898999295 28.1305188565 27.9737510728 27.9747671347 27.6190501412 65.3333774242 28.1713122885 28.0960408678 27.7944675574 28.0959765349 28.1314507905 27.8501977554 27.6594908558 27.7099596106 27.7558540723
27.8581665868 27.8332015591 28.0398667246 61.1148005273 71.7938499306 71.7938499306 28.2033111765 27.712208467 28.1976196124 27.6333879635 28.1688924417 27.6210113223 27.7937415675 28.0045858774 27.8850087113 27.7015547901 27.9249780481 28.1517141023 27.6042260576 27.9395556739 27.7040622729 27.5321134433 27.8875791719 28.0362280047 27.5879404454 27.8473915484 28.0904314613 27.6346028757 55.7780561678 48.7169883807 28.1183404683 27.9383798646 27.6053449604 27.6368297126 28.0668190647 28.1362612697 27.8597214513 27.6388158506 27.5108694465 27.9070566019 60.4078071532 68.9566937297 68.9566937297 28.0704948025 28.115812081 27.8709426272 27.714523229 27.8952409893 27.8267272982 27.8733139826 27.70757632 27.7861015856 27.8739891575
27.6072539771 28.0977312042 27.6280178787 72.7633117671 72.7633117671 61.1148005273 28.0383457034 27.5282470891 27.8836088298 27.7655756345 27.7898976084 28.141374836 28.0467507802 28.0167097279 27.9876592173 27.9556955345 28.1704062879 27.8972419892 27.9873344862 27.8002236646 28.1235070344 27.648343742 27.9693176981 27.7331030916 27.6533470153 27.5293905151 27.9234529709 48.7169883807 48.7169883807 48.7169883807 27.6801631627 28.204943025 27.6779507952 27.8330109753 27.7511267301 27.8229691165 28.0101914629 27.7248375983 27.5874910482 28.1710408935 27.9612305787 68.9566937297 68.9566937297 27.8338069908 28.1643775631 27.7706342719 27.8715219001 28.1008440961 27.993155287 27.9403345971 27.8937616469 28.2025897494 28.0825010168
57.2143740567 27.9275073996 27.7277870459 72.7633117671 28.0715097091 58.6047321281 28.0263692702 27.6088600819 27.8205227286 27.7666702066 28.0592472137 27.9493023718 27.6714098764 27.525678166 27.7570819458 27.5180770022 27.552313807 27.5598795126 27.7924194898 27.6427762575 27.6932480403 27.9288756626 27.5867099685 28.1486415916 27.8475220085 27.9754328368 27.5557220471 28.0120182161 48.7169883807 27.5148224712 27.5908915199 27.6724020905 28.1212350146 28.1018118373 28.0371575871 28.2059989804 28.1322547717 27.6933000783 27.5090519642 28.0804388698 27.6401515902 61.9183702025 61.9183702025 28.0352964557 27.6164780079 27.6943721394 27.6560996429 46.8841318766 59.7862263213 27.6197122186 28.0723787772 27.8747271971 79.19992514
62.7210458401 59.1060474409 28.0385334196 58.6047321281 64.747448526 64.747448526 27.9916338858 27.9874774883 27.5834139635 28.0262305807 28.1406893031 27.7384380826 27.6951630755 28.1547398978 27.9797347363 27.7818516915 27.5150161519 27.8329784975 27.5429337458 27.7917125264 27.6720364495 27.7227237214 27.8553249485 28.1266758091 27.6394950063 27.9610717591 49.5165220789 28.1286114228 48.7796529839 48.7796529839 27.6052389682 27.7193679946 27.5757504494 41.1764889364 27.8232198171 27.5906514947 27.5221748135 27.7280093431 27.6981412923 27.92420508 27.7297592144 28.030325574 61.9183702025 27.9757760023 43.999405515 78.0790382807 67.0716925084 67.0716925084 46.8841318766 46.8841318766 62.3772745428 27.7671514995 27.6578156851
62.7210458401 27.5356766342 28.170174437 28.0826309077 64.747448526 64.747448526 46.0268578389 27.6745278571 28.0956577446 27.6365291325 27.7722703041 28.0684182817 28.1392696881 27.6805108289 27.9830796817 28.1699329086 27.6407033827 28.0011401692 28.137584659 72.5454156235 28.1535554121 28.0222999639 27.7281796473 28.2029724417 28.077912855 49.5165220789 53.26901022 59.7395082528 47.7183513438 47.7183513438 47.7183513438 52.0175745709 59.6589378212 45.1824692717 45.1824692717 48.9301816815 48.9301816815 39.1869521428 54.3502823083 28.0785060967 65.3037962846 38.2400012628 43.0737473923 43.999405515 43.999405515 78.0790382807 78.0790382807 67.0716925084 46.8841318766 27.5093656467 28.0588779951 27.6749763306 27.6959673829
59.1060474409 28.1544405198 28.1935669007 27.5991204151 27.660889489 28.1703995842 27.738377083 27.7629045263 27.5546964499 39.3947523612 27.6601318455 27.7897486856 39.3387841844 28.1943151218 28.1243655479 62.8431905593 62.8431905593 28.065982418 27.8417350423 28.1757865989 72.5454156235 28.1227291862 58.9843861151 27.6620765447 27.7951779642 49.5165220789 53.26901022 47.7183513438 47.7183513438 47.7183513438 27.5301420735 27.6783003912 59.6589378212 45.1824692717 45.1824692717 45.1824692717 48.9301816815 27.5436721566 54.3502823083 65.3037962846 65.3037962846 43.0737473923 43.0737473923 43.999405515 43.999405515 78.0790382807 27.8104398019 67.0716925084 28.0639696681 27.9155723147 28.1685799886 28.0577535059 28.0051799076
28.1311813456 28.0780601657 27.6366328196 27.5049977821 27.71188602 27.6432964472 60.4671694092 27.6499880048 27.6395214068 39.3947523612 39.3947523612 27.8574418504 39.3387841844 39.3387841844 39.3387841844 62.8431905593 62.8431905593 27.9704502035 27.5781698211 72.5454156235 72.5454156235 27.8254980744 27.635165662 27.9243749336 28.1198992271 27.9831681854 49.5165220789 27.9992704139 60.7090783246 47.7183513438 59.9028916237 27.9775265955 59.6589378212 27.7565846442 45.1824692717 48.9301816815 28.1930234073 27.7192410545 54.3502823083 27.569227015 65.3037962846 38.2400012628 44.1788475565 50.5892972746 27.7041773714 27.8656247608 28.1712563735 27.5556016669 27.5121693552 27.6616054969 28.1728520935 27.975897316 27.6410082663
27.7385114087 27.6016955766 27.8587012789 27.8787922489 28.0107770747 51.2505681735 51.2505681735 51.2505681735 28.1214154187 39.3947523612 39.3947523612 27.8981722877 27.6493277949 39.3387841844 27.9424135667 27.6430852745 62.8431905593 27.5459453432 28.047867238 28.185685086 28.093710459 27.9424676395 27.5201968197 27.9245336123 27.5500915655 27.9753907759 27.5035514805 27.8416514214 27.7232223334 51.5019258605 27.7153346651 27.6267664841 28.0650976281 27.8713189417 27.8158824685 28.1016573953 27.8740293861 27.6657477285 28.1004595282 28.1479205962 27.7232059033 27.9507247169 27.9120616523 27.5938053416 28.1872480253 27.6954243137 27.8268249836 27.6648496446 27.7588264329 27.5164138231 27.9079287994 27.8527105734 27.7639263585
