Spatial_Output/BAU/BAU_0571.asc
NCOLS 155
NROWS 192
XLLCORNER 196307.867259
YLLCORNER 449144.565805
CELLSIZE 33.573938
NODATA_VALUE NaN
[rows 50 to 74 of 192, columns 57 to 113 of 155]
27.290657395 26.796911856 27.8530677979 26.6968676305 28.2195968139 53.9373762951 27.4838717198 28.2485944955 27.0894546348 28.3289736798 26.5814052709 28.5171786099 54.6931907366 54.6931907366 54.6931907366 26.5469557454 26.9108335044 27.714759049 26.7966989051 26.6339717908 27.0935420481 26.5457372281 28.5480057039 28.3054519129 28.2178907011 27.6062083021 28.0563398856 27.0160063811 26.91893987 26.5955490271 28.2420431366 27.7567161613 26.7966366727 27.6854688765 28.0262349677 28.4836792743 27.4192585731 27.4690354371 26.9841452001 28.0366801244 27.6288671384 27.3041533062 27.5000178074 28.3652955643 28.3499760504 28.3617190701 26.7694935668 28.2066858484 26.7258814336 28.1002496087 28.0188212486 27.3240509728 27.6202793942 52.920307933 52.920307933 50.6226346782 44.7372681181
27.6599437707 28.241751088 27.25881336 28.0322880148 28.1999623372 28.6167025866 28.415731165 27.0184043548 27.2646738567 28.1662501431 27.4507310514 27.4342138796 28.5048473644 75.2316204271 75.2316204271 28.3468792031 26.8031815071 27.1648660864 27.2866606412 27.5551530788 27.7019705289 28.078204316 27.565188193 26.8588756174 26.7967541677 26.7888939315 28.462690123 26.987698619 27.4406376741 28.3555528235 28.5420846666 28.449679585 27.3787806948 26.8894505883 26.6962636675 27.4808353125 27.9732667449 28.5336302137 27.2361033485 28.1214589057 28.2629553905 26.7833151361 27.1917745613 28.2643091083 28.1817306192 28.0321905488 27.949811265 27.5796509643 27.2450718534 27.0888030007 28.4759518302 41.9412673637 49.7300950319 49.7300950319 57.5503652116 27.5854352864 27.9437830293
54.1150406292 66.5719721942 28.3041844114 49.7030182338 27.6777652549 27.7587646205 28.3496188801 27.7266211028 26.7947063955 27.5551022095 26.8303472584 26.8190093307 40.9528222162 40.9528222162 40.9528222162 28.5216528437 27.9476250103 26.7622368465 27.1934390732 27.8071852611 26.8057831287 27.0643544138 28.5075470427 27.0551031773 27.9215527109 28.054871973 27.9177347518 27.0340857708 27.5857093252 27.7654119387 28.0073315964 27.0143442456 26.9448972544 28.269419339 28.5586255611 26.5394371617 27.2985402592 28.5562793223 28.2807423413 26.9249215829 28.2029756196 27.2336899517 27.9508474381 28.4418890134 26.8640406213 28.587422928 28.0354154204 28.1215307425 27.0857614939 27.7509198117 26.683723616 60.6578720715 60.6578720715 49.7300950319 49.7300950319 53.8783021016 53.8783021016
56.6480527817 66.5719721942 66.5719721942 28.5613552411 43.0416317366 43.0416317366 27.9366374618 27.6611688155 28.0091057157 27.4612578716 28.3410893119 27.4868942803 43.5244734068 40.9528222162 43.5244734068 27.0071373601 27.8711356227 26.8433777893 27.8152722941 28.0344678786 26.9025029389 27.641192125 26.823767647 27.0942086735 26.7050523217 28.2606246546 28.0688712807 27.7607232447 27.3716828693 27.061147808 27.5030280262 26.8093484868 28.4710348979 28.0375135188 26.8301334841 27.7414165674 27.1313830531 26.7736172882 27.5725728162 28.3534545046 27.7226364918 26.6044447068 28.5038831457 28.2125599291 26.6083624813 27.1653922731 27.113658404 27.9532691188 27.4647074768 48.2987263194 19.9517650247 60.6578720715 60.6578720715 41.9412673637 27.6888057629 27.7643438104 59.2725715198
56.6480527817 66.5719721942 66.5719721942 28.5892123481 43.0416317366 43.0416317366 27.3708620778 27.3524237112 27.5216276038 27.735071965 26.7751533486 26.5882121354 59.9141445722 43.5244734068 19.7245119259 28.2104162565 27.9802087699 27.3331250328 27.5616364891 28.5405076624 28.2396891077 26.8656880198 28.1731293742 28.2145540909 27.2146052575 26.8277799463 28.4068489047 26.5893206143 26.966708916 26.9573622984 28.5758053929 27.7540401802 28.1518553188 27.8988312056 27.2360974934 28.2854787156 27.1162489157 26.5638482889 27.0038315773 27.720232802 27.5200202214 26.9351047761 27.8390023096 27.4779994212 28.3044521024 26.5892559691 27.345152208 27.0529290248 28.384871248 71.203375079 19.9517650247 19.9517650247 26.8664422336 26.5757070239 28.5110084807 27.4750655523 70.4381910822
68.1092780619 68.1092780619 27.639315972 27.5896792408 40.2069407834 40.2069407834 40.2069407834 27.1741589587 26.7051695455 27.6227554583 28.3763706429 28.1540589844 27.8656739872 19.4433725696 19.4433725696 48.832125905 27.1398870072 27.6688464806 27.6847257787 28.4936503227 26.9264478309 28.0301158204 27.5518100829 27.3920102261 26.8566255388 28.3520471566 27.1268544023 26.7683688031 27.3507354927 27.1427161013 26.9080400862 27.8393712543 27.5300951395 28.1372958398 28.3668422153 27.0094178876 27.039440608 27.9403120871 27.407427406 27.2373458296 27.5970886424 28.5874574758 27.6485196377 27.7836198992 28.1165930352 27.1324811773 26.5836210281 27.8984721871 28.1428150183 71.203375079 19.9517650247 19.9517650247 28.0460897369 27.9315198856 27.2294311539 26.7306366044 28.3812030197
68.1092780619 68.1092780619 66.6091777201 27.7247185362 40.2069407834 40.2069407834 40.2069407834 27.1787715401 27.887950155 27.994993198 26.9408495059 26.8107889376 19.4433725696 83.3798474863 19.4433725696 27.7948328773 26.8878393328 27.1270265132 27.0535636316 28.2964188788 26.5614241196 27.3438418866 27.9469219901 26.5278057311 28.1909042364 26.8418854456 28.3308662844 27.8013705877 27.3495613535 28.0837425449 27.062511884 27.2631217743 26.6447790153 27.6638219492 27.9839465023 27.9500511289 28.1737574574 27.1987896112 27.858862223 27.6166723315 28.1622369903 27.422902589 27.5006457343 27.77104559 27.1132499241 28.1646417197 27.420639356 27.5162078016 19.3664453051 71.203375079 71.203375079 26.9273477871 27.1990734955 27.4707950621 27.8805407363 28.3317821888 51.5785722296
68.1092780619 51.7903856294 27.5968937871 26.5229413726 27.6540790031 47.7100705155 59.0812900876 27.3482190239 27.5418101947 28.0308700359 26.8157255481 28.1666923305 83.3798474863 83.3798474863 83.3798474863 26.7558879876 28.1516593812 28.581736012 27.4161201251 26.668596557 26.749815346 27.890974301 26.6691249075 27.6602591657 27.4331728939 28.1420818432 27.5146917547 27.2206396319 27.0516918264 28.0106146985 28.4931501254 27.8723330064 27.9526615841 27.9813626492 26.6081542957 27.9217251552 26.8312004073 27.8282611032 27.6124460602 28.1370329783 27.576352104 26.6575744608 26.6876931822 28.2097979194 26.5043511363 28.3360753655 46.5929298387 46.5929298387 19.3664453051 19.3664453051 27.3433659904 28.2052437289 27.33302449 26.5940050934 27.4108879289 27.7452543761 57.0908909526
28.2236880968 26.8088987839 51.7903856294 28.267972929 53.6341787501 63.882066289 27.3097398979 27.0962500578 26.6346417104 27.9651004142 28.1067445735 27.9495960534 28.4924927317 83.3798474863 52.6332435169 26.9408830835 27.5849395877 28.1926100188 28.317240705 27.203648227 27.5409202919 26.8263525908 26.7253862757 27.1404318395 26.583529547 27.1620599904 27.3738979843 28.0909433774 26.9430539935 27.276507398 26.6244057302 27.6440862691 26.6794374579 28.4136555172 26.678916075 26.8956541643 27.8928947536 27.7152506417 28.4392698855 27.3395444421 26.5712420609 27.3828616071 28.4090498247 27.0470538227 28.1451975287 28.6015267757 46.5929298387 46.5929298387 85.3585439878 27.3007178105 27.5390227014 28.2867713923 28.0675416711 28.0417791388 28.614692724 28.5874862613 27.3721807184
27.9089293739 26.8130717526 53.6341787501 53.6341787501 53.6341787501 63.882066289 28.5572152455 28.5387088633 27.5221639254 27.8785300002 28.4870372639 27.262380516 27.3535583914 46.2376602153 46.2376602153 27.8229371634 27.3311545587 27.6029036793 27.1850203138 28.1077659882 27.6105774536 27.3808061885 26.7496630587 26.7796713185 27.7528213432 27.9133197031 27.7217383197 26.9572127813 26.9673527024 28.597913093 28.1371636266 28.2334080751 27.0584026746 28.4365727233 27.2289623814 27.7160078744 27.8488000567 27.7165567351 26.6603651761 27.972766335 28.0183334286 28.3361761572 28.5414036048 66.4791906112 27.85055395 26.9054983887 27.333228282 46.5929298387 28.3905229949 28.0858953705 28.2787943605 27.2652732562 27.4674765339 28.1076005006 27.0290913366 26.6558751762 26.6774722817
46.0211417889 46.0211417889 26.5551708541 53.6341787501 53.6341787501 28.3066288321 26.71012284 27.0461051983 26.5700802255 28.4182803947 28.2910869618 28.3045550867 46.2376602153 46.2376602153 46.2376602153 26.7917413445 26.6784856151 27.1243002377 26.7936764831 27.9231429104 27.2085616601 27.9519261298 28.1473170841 28.3105127966 28.0820829572 27.6199996022 28.520909018 27.5628729966 28.5137353684 27.3025911697 28.3670768219 28.5071506521 27.3613229575 27.0903569335 28.4480963036 27.9198165644 28.4823559986 28.4995582837 28.0615685046 28.3237542924 26.7620098799 26.804606284 27.4395907213 27.1890043292 44.5022171476 66.4791906112 26.8030900433 27.0347400466 28.1554191793 27.8397541407 27.1338274695 28.4877410228 26.9923508263 27.9719155978 26.7043632552 27.0443738923 26.5726102847
27.4410416427 46.0211417889 27.676271983 28.0559048731 43.6045082483 43.6045082483 28.2875448132 27.771577363 27.3873026253 26.7413107846 28.0887189752 27.7657104666 28.2640825762 27.4748983841 28.2468370892 27.856208176 27.1757593711 27.360977112 26.6845581531 27.0224958165 26.5338869327 28.5388846944 26.875732276 27.851995487 26.5349323047 28.3403859393 27.8395145741 28.3597122767 27.4955431796 27.0888611624 27.2698221376 27.987960486 27.5244058608 27.3038622813 26.5415318533 28.3288619933 26.585556721 27.5085465115 27.5556479467 26.8768936824 28.0336819337 28.2842993104 58.7739369845 44.8544097352 44.5022171476 44.5022171476 52.2238916362 27.4873845781 26.6979602385 27.7227001919 27.1307781118 27.5055191601 27.0851811675 28.5657963695 27.005368915 27.9327354479 26.617072611
27.9369340259 27.0231313985 26.6711261479 43.6045082483 43.6045082483 40.6637334805 28.2011970719 27.1523563426 26.5810120065 26.7582752177 28.6004701386 27.8390992623 28.45496669 48.861845745 48.861845745 28.5704548035 28.1874777021 27.884219497 28.4287053768 28.0066072612 26.9853053638 28.0632491168 26.9862601681 27.9050433157 27.1391819464 28.3938487855 28.0548423191 27.6453976678 26.8275384617 27.9122730099 27.8474299931 27.2137331248 26.831696241 27.3076278418 26.8310219211 26.6315063663 27.3826220365 27.2233858722 28.5203189946 27.2400289414 26.9983389582 26.8180836685 58.7739369845 26.5392506243 44.8544097352 26.6639109154 27.908420923 28.6148618883 28.4192519024 28.515691211 27.4054764351 26.7940848015 27.3793219248 26.7988729758 26.5703205586 27.903674838 28.6142149277
28.2909072203 28.2571023108 26.6881135747 51.2776364857 40.6637334805 40.6637334805 26.5698277278 27.2198506335 27.5950057341 26.5232281762 27.1430288083 26.9933185892 48.861845745 48.6587465609 48.861845745 27.3554992434 27.3635795104 28.3846206527 28.1804943638 26.8882628063 28.1260730033 27.6183912087 26.6256812087 28.2988690828 28.1505874933 28.5214655948 27.4792600865 28.2362606368 28.0552748945 26.9627366595 28.1303311107 26.872448332 28.1326361046 27.9167814279 27.3470610334 28.5997691129 28.5153641976 27.3274493765 27.9997526377 28.4054727436 38.3066672375 38.3066672375 28.0530006329 27.1251681663 27.5854915321 28.4733634383 27.3383778234 27.8148155401 26.9264676312 27.8394138421 26.596404488 26.8754031716 27.5700381899 27.1221504047 28.5743730578 27.5113077978 26.9670724802
28.2172272789 46.6985762984 27.5735523908 28.552151107 40.6637334805 40.6637334805 26.9722529759 28.1927523599 27.4240503161 28.4591929286 27.2853312007 27.5045252273 48.6587465609 48.6587465609 48.6587465609 27.266213748 27.5718081979 27.9559056372 28.2201905165 27.808083439 27.5977078501 27.574737828 26.5622429708 28.5223427379 27.0756798656 27.5770383839 28.5744662262 28.4053144869 28.2912159799 26.5405758442 27.8063905382 26.5404629305 27.4766898084 28.2172312123 27.0839035358 27.8492163388 27.2683218718 26.6208475088 28.4814279337 39.1231787301 38.3066672375 38.3066672375 38.3066672375 28.1962703611 26.7235488543 27.2074124249 27.588407567 28.5185441587 26.8207647559 26.795391537 27.0655015204 28.3887317974 26.9216829532 27.7249698135 27.6278718305 27.518613476 26.8327220232
26.6590265195 46.6985762984 46.6985762984 42.1026111378 45.9308743721 51.3337797601 51.3337797601 51.3337797601 27.2199420099 66.3985176516 66.3985176516 27.3040260976 51.1169619865 48.6587465609 51.7316140426 27.2107027703 28.0523972925 27.4847081266 27.9284563128 28.10220439 26.5458172248 26.9029400082 28.4800153458 28.3684874237 70.7637147141 70.7637147141 27.2310219039 27.7940837657 26.9573033818 27.765698554 26.9405006838 28.5695967677 28.1752837721 26.6607748836 26.7271578135 28.2385618355 28.3447327566 26.8087952083 27.9239224763 27.8322649349 38.3066672375 38.3066672375 38.3066672375 28.6036151202 28.1623618458 26.7535633115 28.4996667044 27.2488451394 26.6641069339 27.7024749088 28.2315849741 27.2470887125 26.6133039296 27.1690898797 27.9462249374 27.667179377 26.8977381555
60.962694575 46.6985762984 46.6985762984 42.1026111378 45.9308743721 51.3337797601 69.3223484915 69.3223484915 69.3223484915 64.5901961377 66.3985176516 50.6720499856 44.9888243644 44.9888243644 44.9888243644 61.9667346754 47.340329129 27.220466805 27.5524777844 26.8277944541 27.2329210191 28.1871145716 26.7596901676 70.7637147141 70.7637147141 70.7637147141 65.5136548128 27.5310330169 28.0170358546 28.5796703188 26.5563658605 27.5730903529 26.9906561465 27.1098024177 27.0695683768 27.5391210657 27.8557394591 26.5257618608 28.0519762024 26.5314344062 27.3999950553 27.5316730283 27.3839910067 28.0675845577 28.0039672861 27.5470682366 28.0518768377 26.6691283922 27.3143716542 26.5566897302 28.3375628502 27.0103984865 28.2121754018 28.1968615481 27.8406060552 27.6838424359 26.6295243711
60.962694575 28.34611395 42.1026111378 72.0856986947 45.9308743721 71.4059289843 69.3223484915 69.3223484915 64.5901961377 64.5901961377 64.5901961377 39.9483960155 41.3838591843 44.9888243644 41.3838591843 40.8758293083 72.0301017701 28.324333897 27.1651015065 27.3266881068 28.1945478246 27.0910553646 27.3113678775 67.4459034435 70.7637147141 27.4687227886 27.416710306 27.7668612124 27.5312201798 27.7781824476 28.4197765176 26.8996463814 27.6901374496 26.8912468693 27.254452646 27.1453051312 27.1086172079 28.5996654575 27.3980793468 28.3244673263 28.5625962681 26.9574298126 26.6438315613 27.551456847 27.3522207807 28.5717528267 27.0054494269 27.5988812152 27.6133764192 28.0725391957 27.6076799813 27.6701326161 27.1615891421 27.3890228159 27.6114566985 27.6382000686 27.3803317443
72.7437443276 28.1517471095 28.027813809 27.9491487181 26.6144390104 64.5484586107 64.5484586107 45.4946141653 64.5901961377 64.5901961377 50.6720499856 39.9483960155 45.8379191129 59.9038695604 48.5966048705 40.8758293083 40.8758293083 70.5075562873 70.5075562873 28.0459299485 27.1156732196 26.5590696474 26.7418653211 67.4459034435 61.0004096188 65.5136548128 26.5884907874 27.3143264475 27.5553610414 28.1947069043 27.2579230915 28.4804689011 26.771005591 27.1711456274 27.5159690433 26.9882153801 28.0034457561 28.4455683443 26.9119344403 28.235294311 27.5420354808 26.9691491946 26.8171079064 27.3272751286 26.5856926738 27.4870507106 26.5307089255 27.8656082258 26.583796141 26.6072503804 28.5685558565 26.7795651726 27.3675192541 26.6974735992 27.638128276 28.0036760674 27.7933654194
48.0984965923 27.765708961 28.4312180922 27.6582136848 69.1537240645 64.2245058475 64.5484586107 64.5484586107 27.1814356705 26.5754053962 27.3918424486 28.3456553565 48.5966048705 48.5966048705 48.5966048705 27.0309498836 48.4408182768 70.5075562873 70.5075562873 48.4408182768 27.3616596457 28.5806019224 26.715048567 61.0004096188 26.9271738082 27.9838776281 28.4425682091 27.3788955918 28.0036450829 27.8401704616 26.5982972342 26.8780538746 27.2135947621 27.1019749864 28.5067203512 28.000762929 27.8161197443 27.4857428111 28.3709746164 27.5790400218 27.7924746685 26.6039708863 28.0829946693 27.6158450858 27.9835795286 27.270825043 26.6435956532 27.4714415053 27.4972505076 26.8219813494 26.8707398878 27.7886752121 28.5210558277 26.5044150592 27.5931574539 28.0147325696 28.2338276891
28.3088354504 27.1740125658 27.3215235661 27.9637242297 64.2245058475 64.2245058475 64.2245058475 27.4759492384 26.9003992595 26.793990825 27.3329929176 26.7706755218 64.3246734873 64.3246734873 64.3246734873 47.9218503572 27.1272276612 48.4408182768 48.4408182768 54.6033240922 28.5028207973 27.5562292796 27.8574004932 27.7831012913 50.9995521224 27.6471929686 27.7605075418 27.7451764831 28.1188348483 27.6623969197 26.8614795013 27.6147888565 27.7004976205 27.8786534051 27.3900242605 28.1661532848 28.4287772906 28.3016452881 26.5565881617 27.3115164798 27.6479277072 26.7067590215 26.5412080555 26.9579502218 28.268832394 28.4083749343 26.8526605276 28.4505652935 26.9630090456 28.1879543431 27.6154771622 28.2385808582 28.4188849815 27.5409831912 28.3770976434 27.3744168993 28.2196475915
54.3898498965 26.848378033 26.6882857862 27.3370366353 38.7908640804 38.7908640804 65.4419211319 66.2181212241 28.1324235223 27.0070689817 28.5929683195 28.1310838783 26.793328662 47.9218503572 54.7486408644 54.7486408644 28.5768277695 58.1836689469 54.7214824122 26.6326474958 27.9412852206 27.3859526528 27.3745469826 50.9995521224 50.9995521224 50.9995521224 28.2535459272 27.9714964267 27.5467468575 26.7971960896 26.7581278928 28.1777610474 27.3871657964 27.9287713273 28.2383671563 26.5812835664 26.7476599895 28.5859499137 27.351539997 27.4535535612 28.3911934089 28.0544204077 27.8912071732 27.7970532092 27.7569864754 27.9058615495 28.4110929895 26.6482003726 27.3032451655 27.2546734996 26.8495902153 28.4720169346 27.6646565014 26.7169522625 28.3067560172 27.6235779754 28.1855313834
27.1035622641 28.465584901 27.0251155507 27.7697571797 27.8298062669 65.4419211319 65.4419211319 65.4419211319 27.1072552014 26.8768531348 28.5984720944 28.0882088486 27.6868724844 26.7459807284 54.7486408644 54.7486408644 54.7486408644 54.7214824122 54.7214824122 61.5291780779 28.3608402065 28.5304268823 26.6484791261 28.2314500931 50.9995521224 26.8843229946 27.7608989058 28.5759547434 26.8907792527 27.2176023257 26.5494438028 27.5295371023 26.5876744835 26.6410257771 28.4178664619 28.5668169147 28.3022941403 26.5121545306 26.9487308904 26.5429170502 27.6084349709 28.5647883062 27.3372653731 28.5756627183 28.3575674766 27.3500421203 28.1713266186 26.6292833019 26.5313670563 28.4314841093 26.9726343606 26.5141420568 28.0623562 27.6220164252 28.1103551843 27.296528924 28.428159763
26.9055465901 26.9562722748 26.7299431966 26.744356372 27.8798700248 65.7148705158 65.4419211319 27.8199376232 26.9671704834 27.8738380219 28.0957931985 26.5076219663 27.749703539 26.5231917814 53.4877049904 53.4877049904 53.4877049904 63.9353767739 54.7214824122 45.2394062743 76.1711578569 53.3926002503 53.3926002503 54.4870299033 26.7799603661 26.621070868 28.6114249491 54.5517957778 27.9378345575 26.9447014982 27.2946020289 27.010718757 27.12068674 27.9031931354 27.4064071987 26.7894777936 28.3260216375 27.2594599791 26.9324328046 27.6299565707 28.5268864732 26.7072366814 26.5472437936 26.9931998627 28.1455552979 26.6693563488 27.7151986284 28.6130784785 27.8902298338 26.6087378389 28.2266246106 28.4400219913 28.069936484 28.269310506 28.5600111379 27.7061461874 26.8428343192
56.0495131629 26.5125831694 27.8451537986 27.4577127022 26.6599678729 27.2835042181 27.3949761606 28.2354270092 27.735045205 27.3887999712 28.1384541043 26.6136930448 27.548676904 27.6675848182 53.3955458475 59.5329211523 59.5329211523 59.5329211523 63.9353767739 76.1711578569 53.3926002503 53.3926002503 53.3926002503 54.4870299033 28.5528972139 54.8540308949 27.7218835283 54.5517957778 28.1900853116 28.5511693275 27.3126666399 26.567607361 26.7009872493 27.0095806148 26.825438687 27.3466498335 28.398557624 35.9346798574 35.9346798574 28.4346855849 26.7942595536 28.5394422378 26.839980231 28.4352828934 42.1339141516 42.1339141516 42.1339141516 26.928745344 28.071472727 28.486401139 28.3400823665 28.4640391825 28.0509043232 28.0871797829 28.3056515565 28.054008081 27.9732747706
