Spatial_Output/BAU/BAU_0687.asc
NCOLS 155
NROWS 192
XLLCORNER 196307.867259
YLLCORNER 449144.565805
CELLSIZE 33.573938
NODATA_VALUE NaN
[rows 150 to 174 of 192, columns 57 to 113 of 155]
27.7745291422 28.8286895612 27.6958040234 25.5802747235 27.4922198873 25.4792595968 26.986735207 51.7096789018 36.7284480886 45.8279411307 43.3808225456 25.7468720878 27.2622749858 26.1699921217 28.3694734642 25.5008775795 28.6244540225 27.1169542612 26.4774298579 26.3024381125 27.8873760548 25.6011059543 27.5964027215 28.710745629 28.7904666212 28.0734759588 26.4213215499 28.8391564216 25.5345692377 27.2748984516 28.8068102068 26.5652662959 28.2226684639 29.0897072914 26.8704001175 37.294113482 39.894492186 37.294113482 26.4063607935 28.0566397356 26.7555991868 28.1080036538 25.2598725662 26.173296847 27.223760865 29.1341826945 28.4016299624 29.2420698823 25.2113576284 27.5382803016 26.5109904475 27.7016313439 25.9904709876 26.8215117381 25.9694609659 27.7203956841 28.7038748747
0 25.3702778623 25.1078634725 26.1813166332 27.0849045196 28.3961451781 25.2397185899 40.0100304336 43.377393798 35.1651189512 37.4192813928 27.0688595815 28.9991212323 25.6400530954 26.1259464242 27.3779848011 26.9206696478 25.7960356778 29.1595965895 28.8267519723 28.4495759131 27.7084282063 26.5409267961 26.4780496164 26.6027216776 25.6119805453 28.8789268254 25.8635220721 29.174625878 28.7072843882 26.2355683633 28.8006583571 28.668860175 25.1025264725 25.4838003165 29.2354367975 37.294113482 25.420527048 61.6102901826 25.2736941081 28.5618869608 26.1527021519 26.765755537 28.4488301099 27.4491434018 27.3840633973 28.4335914696 25.9607498348 26.7114524432 26.6716836971 26.5614777987 25.972923169 26.265226318 26.7409454175 25.4811294903 26.996828447 26.0830188211
0 0 0 0 27.266263677 26.6962161453 27.5827439603 25.0236983318 40.9054842267 40.7430572571 42.8216259946 27.0326018143 25.3404353447 25.124321198 25.1916933102 27.735520105 27.332648003 27.8464379579 27.095295861 26.1715602739 27.6687608579 26.7373464945 28.385833113 25.9151737347 27.7432801482 28.9677622238 25.6688440604 27.6280715367 27.0939719345 25.406981014 28.0086302354 28.0187459436 28.458504675 27.1487321949 27.340517134 29.0730876925 61.6102901826 61.6102901826 61.6102901826 25.6811941624 27.9473986455 25.2374728793 25.3112708246 28.4042896825 28.4430568496 27.6945304035 28.093629747 28.6810124915 25.5177474285 27.1096669487 28.6148670313 29.2080716395 27.1696555982 29.1415538038 25.2178741527 29.2164761423 26.5225562119
0 0 0 0 0 0 28.8779853988 26.5082639985 19.4046476197 19.4046476197 20.3516026114 27.8314325376 26.7791407435 27.2916526515 26.7602330074 28.293650571 26.6846304714 26.1171333698 28.2394244495 25.2003442981 28.9277965116 26.6093943687 26.4258713491 26.0480686318 26.3874624251 25.4929960435 27.019281778 26.0287008944 27.6737327225 27.8573795175 28.4393449622 25.3473468222 27.7717137348 26.0906752197 28.1587118475 26.3473243198 25.4268141556 61.6102901826 61.6102901826 70.9275218513 25.5863856021 25.6475074912 29.1204564111 27.4464741608 26.8429287841 28.5664465646 28.1544672073 28.2602244451 27.6082152593 29.1895156342 26.0623050828 27.22104935 26.6590996804 27.9073379358 25.4461926856 25.9922786183 25.5398268452
0 0 0 0 0 0 0 0 68.8625431056 47.6624574044 47.6624574044 47.6624574044 28.0279580243 28.4584745937 0 0 27.8457718497 25.4068215567 28.8745232817 26.0424524461 26.2878774234 26.3247462329 27.6539232237 29.0904367937 26.0545527769 28.2346192435 29.056957434 28.1770488891 28.0482039972 26.3834769213 25.2817278899 25.2198874621 25.8085815035 28.4669243976 27.7595571663 26.6432104866 26.6457957296 70.9275218513 70.9275218513 50.2020245509 25.8961519138 29.2189188501 28.6571610332 28.6078568928 28.2947400212 28.6429080264 29.1825285827 25.9608938951 28.5332101299 28.8484323323 25.9452960341 28.6456134706 27.0588978201 27.8189153118 26.241701193 27.9878135652 26.8191532232
0 0 0 0 0 0 0 0 0 47.0364656693 47.6624574044 47.6624574044 62.6133995974 0 0 0 25.7729155276 25.0390368792 25.9174356505 28.7251803571 25.8195399361 25.7184650014 28.144167183 27.3596197325 25.5522848236 27.9315141431 26.948745351 27.2446947696 26.9563084102 28.6344592976 26.6479460252 28.1607401665 27.8499290204 28.529460865 28.9721845128 25.9494181911 29.0208762266 28.8197218108 74.6963434143 26.857764393 73.645088972 26.1753790705 25.1675343841 26.2325110899 28.8254085365 26.7454473184 27.624364568 25.1176988768 27.343011699 26.3902492869 27.6155605947 27.5175591512 26.523315185 27.4701412434 27.2807956368 28.7069072628 28.2069407733
0 0 0 0 0 0 0 0 0 47.1463193062 62.6133995974 51.0770827596 58.6339938762 0 0 0 0 26.3513621136 27.3062230397 28.1657606541 26.7746581654 26.5016025874 29.0228337939 28.0595749425 25.5283408326 28.2097142366 28.4292038441 27.8960362442 28.1125232154 28.763847621 28.1691359259 25.7289173584 27.0831877963 27.055687084 28.7917511133 26.3378148057 29.2389793851 27.7297165976 73.645088972 73.645088972 73.645088972 26.5214278311 25.1175533149 27.76399234 28.89227203 26.1514677416 26.3868144871 28.8652986907 25.3129786709 28.9565077611 28.3196991212 27.1231036946 28.9583333014 27.2450246413 28.1282603875 28.2794264535 26.7261827164
0 0 0 0 0 0 0 0 0 0 58.6339938762 51.0770827596 51.0770827596 54.8824471028 0 0 0 0 27.9399650786 27.2575721756 28.2351706014 26.3538179816 27.9705823941 26.4252494007 28.9682683224 28.9699039256 27.2544650132 25.2463090313 26.1457921427 26.0736058683 28.6163335211 29.1510388687 27.3303587884 26.228249257 27.3370273803 27.9023583456 28.8607518422 25.7040918299 27.613481932 73.645088972 77.1168207575 77.1168207575 25.424442484 26.258942107 26.1143830628 29.1249555752 25.2980608496 27.3243095691 28.620513353 28.981711916 28.5605274183 26.9779116167 25.2984470597 26.9120336661 28.0926629374 26.4722778978 25.815823393
0 0 0 0 0 0 0 0 0 0 51.0770827596 51.0770827596 38.2886389091 0 0 0 0 0 0 27.0992720547 28.9014817506 28.8136752982 27.7017761413 27.0817682115 28.8003525334 26.2033604793 25.8256554094 25.3439478887 26.4245920549 26.4878674271 27.4086797872 28.298430297 26.5129304394 25.2297262901 27.397581046 27.9126574229 27.9616429485 29.0858457144 25.1211194284 58.4241882217 58.4241882217 63.2239395659 27.3406944392 27.5444903608 26.2680202688 29.1468110775 28.9483994971 27.1688836542 26.5963990099 28.0084134431 27.3176672111 29.0476932415 28.28839899 26.1314135774 29.117217361 26.7571281124 26.9926865713
0 0 0 0 0 0 0 0 0 0 0 0 0 0 0 0 0 0 0 0 28.9795325563 26.5814371276 28.2754838616 29.117330018 28.8800406169 25.2563255349 28.2196402411 25.8267779381 29.1525845995 26.5153306913 28.4825796953 27.2879277623 27.096479556 28.5257370038 25.1274214412 26.577351953 28.679615451 28.6280594879 25.2207654982 25.0201722792 63.2239395659 63.2239395659 25.3637540907 26.5904059716 26.9755704707 25.6104380241 28.6635798521 28.8531738796 28.6470124469 25.2458614885 28.7319206651 25.5219938866 28.0330069292 25.0760294113 26.5284438261 28.2872301109 26.6972966093
0 0 0 0 0 0 0 0 0 0 0 0 0 0 0 0 0 0 0 0 0 0 0 0 26.9123788071 26.962048024 26.8702021444 28.6374543461 29.1339123411 28.7164963317 28.5804767744 27.4123599992 26.3973438777 28.747508143 26.0250620609 27.861309308 27.2501483484 28.7520491737 28.1896965021 25.8694330593 63.2239395659 63.2239395659 60.0866325302 25.0626835641 25.9047085951 25.6571237402 26.6882289582 29.1560619362 28.1353055135 27.145474353 26.2334396963 26.9852654795 29.0386634578 26.3664953259 28.4903131265 27.8962541841 27.1047322074
0 0 0 0 0 0 0 0 0 0 0 0 0 0 0 0 0 0 0 0 0 0 0 0 0 0 0 0 27.9440436317 25.4909149399 25.9865683625 29.0783830118 28.2171952483 28.1129886116 28.6589424024 25.1762683381 27.0223852839 28.2784640317 25.0306398428 26.6201847235 27.4599877157 58.687964345 58.687964345 28.8278601985 29.1342002848 25.2661102592 27.6404157261 26.2181517677 28.3041632578 25.2058277354 28.7277649648 28.3642155441 25.3194304347 26.1721092319 25.0131947347 27.7291689024 0
0 0 0 0 0 0 0 0 0 0 0 0 0 0 0 0 0 0 0 0 0 0 0 0 0 0 0 0 0 25.4902374824 28.3222645669 25.078743296 26.5179899313 26.6298638143 29.1306602532 25.64446355 29.1682836359 27.4290760382 27.8775030584 26.0623088826 58.687964345 58.687964345 58.687964345 29.1197268444 25.9320077005 28.2455469 28.870187875 25.9234259564 26.0691539555 28.7264971352 25.3310107475 27.7457091202 26.1917089744 27.8788360853 25.9826031152 0 0
0 0 0 0 0 0 0 0 0 0 0 0 0 0 0 0 0 0 0 0 0 0 0 0 0 0 0 0 0 0 27.8500755744 25.1426882963 27.3536535861 26.440881467 29.0977800787 25.4687624326 26.0281312977 25.7977186703 27.9893474078 27.2270164117 25.0165357027 54.302517335 47.8731340044 54.302517335 68.0733370949 26.4499651635 26.5486266061 28.9907357612 28.8817268672 25.8379650204 25.3503731345 28.1002509974 25.1626663031 28.3644359473 25.3473501276 0 0
0 0 0 0 0 0 0 0 0 0 0 0 0 0 0 0 0 0 0 0 0 0 0 0 0 0 0 0 0 0 0 26.8954478518 27.9381923393 27.1609660436 28.2810108081 26.3264962106 27.6095121247 26.2189297536 26.3651122914 26.3969143107 26.4711574965 54.302517335 47.8731340044 47.8731340044 47.8731340044 26.6426095046 27.9018592212 26.7153604911 26.4959100315 29.0854979762 25.3972819207 25.5476492668 25.7996382688 28.4196372135 29.1213499722 0 0
0 0 0 0 0 0 0 0 0 0 0 0 0 0 0 0 0 0 0 0 0 0 0 0 0 0 0 0 0 0 0 0 0 25.1155061862 26.6161031954 27.2000228134 29.0564851191 28.2370420879 27.4740595872 29.0279596129 26.1511549897 47.8731340044 47.8731340044 68.0733370949 26.1119232495 27.9338355567 25.6516388902 25.3223997612 29.2406278207 26.7663733345 25.0452191741 28.647220733 28.6337591501 25.7652018791 0 0 0
0 0 0 0 0 0 0 0 0 0 0 0 0 0 0 0 0 0 0 0 0 0 0 0 0 0 0 0 0 0 0 0 0 0 25.1929966088 27.3066231435 25.606137171 27.4053167307 26.1690192845 27.1993060888 25.8909864741 28.8142373359 57.9571689682 25.0170233942 56.419897412 56.419897412 28.2258995903 28.193150073 29.0491280989 0 0 0 27.4293224064 29.0209009835 0 0 0
0 0 0 0 0 0 0 0 0 0 0 0 0 0 0 0 0 0 0 0 0 0 0 0 0 0 0 0 0 0 0 0 0 0 26.8945592308 25.9924818952 26.1391030751 25.8212633703 25.8050157009 25.0370272092 26.1324999529 28.2802152948 27.0994722271 56.419897412 56.419897412 27.7858244865 26.9094187615 25.8319940748 0 0 0 0 0 0 0 0 0
0 0 0 0 0 0 0 0 0 0 0 0 0 0 0 0 0 0 0 0 0 0 0 0 0 0 0 0 0 0 0 0 0 0 0 27.4499057493 25.2351892722 26.5127675376 25.7147743284 26.2497845436 27.9869924595 25.6139703871 28.0137336997 26.6422126945 56.419897412 48.062655324 29.0026617689 0 0 0 0 0 0 0 0 0 0
0 0 0 0 0 0 0 0 0 0 0 0 0 0 0 0 0 0 0 0 0 0 0 0 0 0 0 0 0 0 0 0 0 0 0 0 28.8504723262 28.1950954812 28.9021104619 28.1238603462 27.77919184 28.5564596215 28.6563180716 26.9148118726 48.062655324 48.062655324 42.444282752 42.444282752 0 0 0 0 0 0 0 0 0
0 0 0 0 0 0 0 0 0 0 0 0 0 0 0 0 0 0 0 0 0 0 0 0 0 0 0 0 0 0 0 0 0 0 0 0 0 28.4306665871 28.3358876672 26.0669259789 27.9147120608 28.2026985294 29.2204779357 25.759225943 48.062655324 48.0546077737 42.3679826513 46.5148464227 0 0 0 0 0 0 0 0 0
0 0 0 0 0 0 0 0 0 0 0 0 0 0 0 0 0 0 0 0 0 0 0 0 0 0 0 0 0 0 0 0 0 0 0 0 0 0 27.4927645985 28.4018627137 26.3991039389 26.7226172506 26.1349724473 25.9533716764 26.9353092475 35.968971567 43.3010585054 39.8569264639 39.6644059189 0 0 0 0 0 0 0 0
0 0 0 0 0 0 0 0 0 0 0 0 0 0 0 0 0 0 0 0 0 0 0 0 0 0 0 0 0 0 0 0 0 0 0 0 0 0 0 25.1139954262 26.5234017613 25.7258026523 25.7674622423 25.8233474621 28.4225632983 38.1298416616 36.4341845024 42.3711189761 65.1926316219 60.1844434132 0 0 0 0 0 0 0
0 0 0 0 0 0 0 0 0 0 0 0 0 0 0 0 0 0 0 0 0 0 0 0 0 0 0 0 0 0 0 0 0 0 0 0 0 0 0 28.5797736285 28.1490614532 27.1557847298 25.180340522 28.9735768469 0 0 65.1926316219 65.1926316219 64.7010213275 64.7010213275 44.3286941832 0 0 0 0 0 0
0 0 0 0 0 0 0 0 0 0 0 0 0 0 0 0 0 0 0 0 0 0 0 0 0 0 0 0 0 0 0 0 0 0 0 0 0 0 0 0 26.0441203886 0 0 0 0 0 43.2470021843 64.7010213275 64.7010213275 49.0985843365 49.0985843365 0 0 0 0 0 0
