Spatial_Output/BAU/BAU_1150.asc
NCOLS 155
NROWS 192
XLLCORNER 196307.867259
YLLCORNER 449144.565805
CELLSIZE 33.573938
NODATA_VALUE NaN
[rows 150 to 174 of 192, columns 56 to 111 of 155]
28.1911379535 28.1394455502 28.1900146937 27.7658421429 27.5928048592 27.8359779254 27.7588782499 27.7170940909 77.6981895713 23.5593944729 12.5797049936 26.2819048182 27.8280359875 28.084960714 27.7276906466 27.9075094138 27.9757763477 28.1340732129 28.0150371302 27.8583102664 27.8012371537 27.5101285737 28.0979296162 27.8971355039 27.662367371 27.7545125372 28.0808258669 27.7110099937 27.5266394154 27.7770926755 27.6520356399 27.5796645851 28.0415927464 27.9078925099 27.5077840809 27.5998599083 50.5826084886 50.5826084886 28.121886792 27.5434180307 28.0560105985 27.7116061335 27.8832537926 27.7363700077 27.9603836009 27.8614143097 28.1842145162 27.5600837715 28.0458859899 27.9148131204 27.9342422318 27.9445965377 28.163006566 27.6678678797 27.5049518718 27.5218453203
0 0 27.5001043022 28.154945417 27.9884897606 27.7440856618 27.5827335114 27.6464898763 28.0518626704 23.2674123722 13.5875469656 10.7554567229 27.6087553781 27.9286751239 28.0714695815 27.8699815108 27.7506083677 28.092949184 27.5147997749 27.5456567277 27.8566130887 28.1469934482 27.7772725415 27.9264336601 27.9696483045 27.6668840869 27.778878121 28.0103567812 27.7370589844 27.9134972427 28.2068133674 28.0281539216 27.7872623804 28.0572308117 27.9742794007 28.0389428057 27.9911217193 50.823499854 50.823499854 50.823499854 28.1145663854 27.806408677 28.1114718271 27.5403481929 27.5145389623 27.6196391761 27.5921371048 28.1984423127 28.0126139997 27.6820839188 28.0770091966 28.1301884394 27.9712103108 27.6703057098 28.0532922774 27.7019317122
0 0 0 0 0 28.1877312483 27.8229988058 27.9917338354 28.0412541619 17.5127203995 15.9946930305 24.7923987763 27.5949449889 27.5450229444 28.1776135343 28.1916490069 28.0400706284 27.8565902724 27.5604013417 27.8359510678 27.9746780499 27.7996953229 28.1820419026 27.596567066 28.0425245578 27.7695135736 27.584358223 27.9774324414 27.6181969101 27.8446230446 27.794060014 27.6504899876 27.7083419479 28.1843235974 28.011102919 27.8829185381 27.6346735678 50.823499854 50.823499854 46.4019816986 28.0419481494 27.8364869553 27.8626549179 27.6118472932 27.5419839618 28.1478093601 27.5515317583 27.6945304343 27.8567781999 27.9952954529 28.0306345296 27.8608905687 28.0430349382 27.788543617 27.7574586593 27.8363377876
0 0 0 0 0 0 0 27.7439727807 27.8441119588 28.1556454768 45.9437747046 45.9437747046 57.3498187803 27.8977482228 27.7142161875 27.6607687498 27.5365835063 28.1474686546 27.6258402403 27.6175193526 27.8401916005 27.9563466778 27.8734685367 28.1042268278 28.1258894797 27.7674820046 27.7566236087 27.954775873 27.7515733591 27.7398305186 27.9488981289 27.9198262912 27.6640842871 27.6537665711 27.5341367831 28.0259177982 27.8544068371 46.4019816986 46.4019816986 46.4019816986 27.7192475582 28.0275179931 27.7004282965 28.0832192424 27.5782787866 27.8593202965 27.9479562074 27.9315458834 27.9971626296 27.5260922119 28.2021000756 27.831616857 28.0969773992 27.9161390419 27.5929043535 27.9116611151
0 0 0 0 0 0 0 0 0 50.5463753318 45.9437747046 45.9437747046 27.6435926089 28.0988661901 27.5057995762 0 0 27.5473357341 28.0588400456 28.0961944575 27.7593791329 28.1173157596 27.6482284349 27.8940284348 27.8028395845 27.7461860788 27.8577710859 27.6940831854 27.5470051605 28.1416095642 27.9103178041 27.9538278886 28.0653811785 27.6292520579 27.5624176419 28.1042804413 27.9878141659 27.9752489761 27.8626845797 28.0922329176 28.0214954936 28.1895086807 27.6473828449 27.544565982 27.670325184 27.6461717296 27.517442092 27.9679394815 28.1076790646 27.6774954048 27.8558728842 28.1450311878 27.9873569488 27.5741735749 28.0006730223 27.618993792
0 0 0 0 0 0 0 0 0 0 73.0801820906 48.4680813367 48.4680813367 75.0731248495 0 0 0 27.7618585994 27.5826814962 27.8743876888 28.0406914632 27.9527956775 28.1108385477 28.0029270332 28.0361804493 27.7167007139 27.7804742953 27.7039960549 27.5932159985 27.6437457435 28.1099874934 27.6460763242 27.7194038029 27.8384948992 27.8299735619 28.1058862372 27.9242569254 27.7923740926 27.5626819769 27.5576607559 56.1629879964 28.0906285221 28.1431949051 28.1866093052 27.9940848852 27.6338705528 28.1537554255 27.8763619923 28.1617738872 27.8079407962 27.7721754277 27.5926261125 27.8491353624 27.8460700103 28.1198175109 27.7642738347
0 0 0 0 0 0 0 0 0 0 47.1463193062 75.0731248495 75.0731248495 75.0731248495 0 0 0 0 27.7595036214 27.572756372 28.0181147337 27.6218687989 27.7190495403 27.6149312872 28.1831958155 28.0775408041 27.9333938499 27.8916362528 27.8134542201 27.6045196748 28.1147341065 27.5387040214 27.8834919265 27.9047887346 27.6026917805 27.7404325215 28.0209720906 28.1769421721 27.718277018 56.1629879964 56.1629879964 56.1629879964 27.8052933769 27.7227365031 27.8233180164 28.0220361019 27.699063953 27.7532871724 27.9221619321 27.6415216327 27.588019212 28.098925537 27.9890699525 28.1325455154 27.5508993026 27.5789573719
0 0 0 0 0 0 0 0 0 0 0 75.0731248495 53.0914033111 53.0914033111 59.0619704467 0 0 0 0 27.7307194069 27.5953277445 27.5731657507 27.6194823219 27.7858801206 28.2055427859 27.6761326711 27.962550014 27.7606324469 27.882209753 27.8428315438 27.620896317 28.0667510173 28.0011953833 27.8802979581 28.0336343927 27.8146554553 27.8599182921 28.062156297 27.9842928635 27.6462756701 27.8300354588 27.7381755653 27.8798239716 27.5729738077 27.6693290206 27.7928132256 28.0457863621 28.1058849446 27.9701039216 27.5010259297 28.1881076194 27.5066061038 27.9105218935 27.5764098806 28.0838264521 27.5470169718
0 0 0 0 0 0 0 0 0 0 0 63.0968988362 53.0914033111 53.0914033111 0 0 0 0 0 0 28.1336757221 27.761049733 27.9869866324 28.1578280713 27.6264309381 28.0906778422 28.0538724919 27.7649270677 28.0750473668 27.9701605689 27.543045188 27.6569921512 27.9982629038 27.8135138307 27.6336029377 28.1739498143 28.2041121104 28.150651401 28.1891289106 27.633405162 27.6542675072 27.8968127273 27.6860089835 28.0252954939 27.527466185 27.7623729143 27.5125202789 27.5114184899 27.7193824426 28.0367408566 27.5074467822 27.6044238993 27.6868811613 28.0103592047 27.6272375372 27.8849469752
0 0 0 0 0 0 0 0 0 0 0 0 0 0 0 0 0 0 0 0 0 27.8480203913 28.1488943782 27.7730959242 27.8395910475 28.1764815793 27.6566800984 28.0496081829 28.110892663 27.8739936839 27.5697940411 27.7625146205 28.1747410454 27.6808134518 28.1360821777 27.7805021617 28.2021033981 27.5934428371 28.0146871628 27.624128091 27.8682707026 27.5842582741 28.0575104826 27.7943565689 27.7943854523 27.5831040317 27.5998337103 27.8867798436 27.5304679903 27.5952261981 27.9261933406 27.6744738085 27.7371841109 28.153548063 27.9956021525 27.9953515276
0 0 0 0 0 0 0 0 0 0 0 0 0 0 0 0 0 0 0 0 0 0 0 0 0 27.9902159212 28.0437507056 28.1655674311 27.6158046814 27.8982300866 27.884400755 27.7957970633 27.5124337104 27.9910563131 27.9221262653 28.0927153015 27.6518009564 28.1128211549 27.8518244405 28.0329169114 28.0692869313 27.9198753385 28.1008576288 27.503551941 27.8483586838 28.119772038 27.5796875456 27.9435408522 27.5267445861 28.0726642546 27.7492979109 28.1868357706 27.998280156 27.6334839384 27.7108333966 28.2013186911
0 0 0 0 0 0 0 0 0 0 0 0 0 0 0 0 0 0 0 0 0 0 0 0 0 0 0 0 0 27.8713823211 28.1636347477 28.2060754346 27.7940576214 27.7100595601 27.5874894705 28.0614825162 27.54135741 27.616768098 28.1774730243 27.5622474019 27.9423576427 27.9566958681 47.0657792896 47.0657792896 27.5223409977 27.9958350992 28.0615467948 27.5029184067 27.5430855303 27.7265575665 28.1930052065 27.819667308 27.5716847251 28.1421053554 27.6166525819 28.1604700229
0 0 0 0 0 0 0 0 0 0 0 0 0 0 0 0 0 0 0 0 0 0 0 0 0 0 0 0 0 0 27.8903855318 27.8801059292 28.0844749197 27.9048812505 27.9311467649 27.9399023017 27.5616936396 27.8258082117 27.9880321059 27.555565469 27.9201783629 47.0657792896 47.0657792896 47.0657792896 28.0944850482 27.7936570442 27.8332777636 28.1164616219 28.1109598395 27.8348909331 27.7251773906 27.9061534366 28.1606368879 27.8734753488 27.9671763357 27.679263053
0 0 0 0 0 0 0 0 0 0 0 0 0 0 0 0 0 0 0 0 0 0 0 0 0 0 0 0 0 0 0 28.188724753 28.0871855883 28.065232575 28.0831802177 28.1600059824 28.0415759435 28.2019873166 27.876128532 27.9411467305 27.9991266531 28.1766903984 52.0695125571 52.0695125571 52.0695125571 27.833354096 28.0254750916 28.1569698562 27.8391245701 27.6770472541 27.9388289169 27.5875665594 27.7519327615 27.7475550463 27.6565041612 27.9310026359
0 0 0 0 0 0 0 0 0 0 0 0 0 0 0 0 0 0 0 0 0 0 0 0 0 0 0 0 0 0 0 0 27.7949515933 28.1305182637 28.1801072682 27.508032941 27.6672784364 28.1271321322 27.5928535029 28.0456134772 27.7268884627 27.8603450267 27.8408902095 73.7531753261 73.7531753261 27.928507729 27.7151044941 28.0313396212 28.1519523278 28.2048145403 27.5648035456 27.8630381194 27.8075953779 28.0457461057 28.0545145232 27.7694483529
0 0 0 0 0 0 0 0 0 0 0 0 0 0 0 0 0 0 0 0 0 0 0 0 0 0 0 0 0 0 0 0 0 0 27.6723157139 27.5023267919 27.5494442826 28.014708826 28.1972160523 27.8747596036 27.6965771575 27.6427555755 73.7531753261 73.7531753261 73.7531753261 73.7603460842 27.8286730264 27.9857877366 27.8722183351 27.9532969112 27.8694792272 27.5649457953 27.6164854411 27.7027645461 28.0320686281 0
0 0 0 0 0 0 0 0 0 0 0 0 0 0 0 0 0 0 0 0 0 0 0 0 0 0 0 0 0 0 0 0 0 0 0 27.5953345691 28.132626049 28.125468318 27.7995063201 27.79673699 27.8080579111 27.5698465933 28.0532193372 61.0885840184 53.6169073353 70.1833516709 63.9867885453 27.9999817429 27.7386880662 27.7664630041 0 0 0 28.0983367336 27.9580400751 0
0 0 0 0 0 0 0 0 0 0 0 0 0 0 0 0 0 0 0 0 0 0 0 0 0 0 0 0 0 0 0 0 0 0 0 27.6047708398 27.864000952 27.6146465676 27.7358606263 27.5298115943 27.6249723675 28.1673366453 28.0699114028 61.0885840184 53.6169073353 53.6169073353 58.2082451318 27.6124626932 27.5888659168 0 0 0 0 0 0 0
0 0 0 0 0 0 0 0 0 0 0 0 0 0 0 0 0 0 0 0 0 0 0 0 0 0 0 0 0 0 0 0 0 0 0 0 28.1238956173 27.8510488495 27.9933083165 27.7476418681 27.6551520694 28.0788618727 28.1517299551 28.1371590763 58.2082451318 58.2082451318 51.8558816507 28.1525742056 0 0 0 0 0 0 0 0
0 0 0 0 0 0 0 0 0 0 0 0 0 0 0 0 0 0 0 0 0 0 0 0 0 0 0 0 0 0 0 0 0 0 0 0 0 27.7235315965 27.7762124864 27.8734203675 27.5175313341 28.0538125161 28.0989507735 27.8647314323 60.6257245041 51.8558816507 51.8558816507 55.1484974907 40.8521564384 0 0 0 0 0 0 0
0 0 0 0 0 0 0 0 0 0 0 0 0 0 0 0 0 0 0 0 0 0 0 0 0 0 0 0 0 0 0 0 0 0 0 0 0 0 28.1586301466 27.8445205174 27.5814175152 27.5522128256 27.7407014071 27.5029619583 28.0166242284 27.5319324838 31.5822479446 12.9288001999 18.6494077815 0 0 0 0 0 0 0
0 0 0 0 0 0 0 0 0 0 0 0 0 0 0 0 0 0 0 0 0 0 0 0 0 0 0 0 0 0 0 0 0 0 0 0 0 0 0 27.578528611 27.8573276174 28.1991074375 28.100336584 28.0507131957 27.9788069578 28.0418132373 10.4541394692 13.4549011996 22.5351498836 63.9801024163 0 0 0 0 0 0
0 0 0 0 0 0 0 0 0 0 0 0 0 0 0 0 0 0 0 0 0 0 0 0 0 0 0 0 0 0 0 0 0 0 0 0 0 0 0 0 27.5693902769 27.9956996008 27.6049964576 28.0692168857 27.9718058682 28.0410036334 22.3122596047 18.7214829504 23.1796930897 53.235255605 46.3258867338 0 0 0 0 0
0 0 0 0 0 0 0 0 0 0 0 0 0 0 0 0 0 0 0 0 0 0 0 0 0 0 0 0 0 0 0 0 0 0 0 0 0 0 0 0 28.0261293767 27.9862982129 27.9032848125 28.1645417554 28.1165929914 0 0 64.3745369327 64.3745369327 53.235255605 48.6763276918 35.5718391817 0 0 0 0
0 0 0 0 0 0 0 0 0 0 0 0 0 0 0 0 0 0 0 0 0 0 0 0 0 0 0 0 0 0 0 0 0 0 0 0 0 0 0 0 0 27.7052889356 0 0 0 0 0 43.2470021843 48.6763276918 48.6763276918 48.6763276918 45.6729042269 0 0 0 0
