Spatial_Output/BAU/BAU_0604.asc
NCOLS 155
NROWS 192
XLLCORNER 196769.923733
YLLCORNER 449719.875193
CELLSIZE 27.603701
NODATA_VALUE NaN
[rows 138 to 160 of 192, columns 53 to 105 of 155]
26.5717585691 28.8500219143 27.66000976 29.2621392781 25.9067982595 28.5064826496 29.1354876927 47.434327428 42.8751074017 46.13772526 58.4902879035 28.5723433801 26.7486240038 24.6650368505 24.7460469869 28.9376674079 27.6298163795 25.4752435475 25.6217006811 25.9760714163 27.4819516438 25.233857126 27.1428691303 27.8139212994 25.7062758657 26.0567778972 24.5260071376 25.9259845807 25.7241051755 27.4902707723 25.5244054769 41.8262774452 42.8255871297 28.1442387191 28.7397986067 25.677199845 28.3261406581 28.1157162522 27.8420628455 26.0507203625 28.206787938 24.7979024096 28.3011492609 26.884607021 25.8203279791 24.5399853642 27.3018019901 25.7725655707 27.2237198373 25.8050081898 25.4361451345 26.5998346197 27.6620263426
29.2537826961 62.7382689969 25.9953040048 27.0339825287 26.7578649194 26.0607601075 28.9173943695 28.9877996471 25.0819338556 28.4373563612 28.4028109918 29.214037459 28.7603692194 25.9823817832 27.5161848321 28.5072606574 27.0148488715 27.7130447421 26.1106809423 27.5845370145 26.768872543 29.2180540583 25.443226186 25.5527668948 29.1949971988 27.2102480817 27.367772731 27.188697031 25.4037740601 25.7265597105 41.8262774452 42.8255871297 42.8255871297 48.2592803026 27.8750828032 50.2645606043 25.4957443595 26.1472613394 29.1245965306 28.0172227335 25.9963959141 27.6319451183 26.4517817197 27.4741136802 28.9769867178 26.4451803996 28.3757984644 27.770294233 27.150095466 27.584398774 24.9359308888 26.6228439852 27.6506639857
24.8501081428 43.7222703158 43.7222703158 27.2741314887 25.2277430804 29.4147895911 28.567334567 28.9611261406 25.0034615185 24.5104245522 25.7032112661 25.2848029346 25.9722502593 28.6162412184 24.9224419262 28.0907897322 27.38111962 26.6767272696 25.9624566716 27.8648921787 25.8107411175 26.3240076272 28.5816243856 27.9405227849 25.3814663121 27.5912025427 24.6392870915 25.6777846145 27.2386038422 27.3135549571 41.8262774452 42.8255871297 42.8255871297 48.2592803026 50.2645606043 50.2645606043 28.107503172 27.0157183272 27.048421563 25.1478738477 29.241426651 27.0122280044 24.5976160898 29.4063400536 25.9738860922 25.1631185394 25.5594561242 27.4834474241 24.7301837409 25.2304798125 27.8269151485 25.7969224881 25.5815373576
49.4925493397 43.7222703158 43.7222703158 26.798265272 27.5318560057 26.772864137 52.0018443496 48.1530976453 48.1530976453 27.3988019298 25.9199612962 28.5063358136 25.3527418596 28.9887499493 28.203555604 29.2229220586 27.4881990597 27.0431104814 25.9599931715 26.4094582793 27.8677747979 26.972423461 28.7137913151 26.4845070275 25.1404140672 26.918879373 26.0538586284 26.8682451729 29.2826191262 27.6788704116 28.0288988394 26.3305443876 48.2592803026 28.2447268745 50.2645606043 50.2645606043 27.4776732553 42.9074996983 26.3868113986 28.3661140203 25.8126760096 25.6574948307 26.8545088142 27.6441400167 29.256493312 24.782330674 25.3745566905 28.9631439838 24.5631669157 25.681932485 28.57304963 28.1593264655 24.8349873333
59.39790875 24.986289401 43.7222703158 25.3679261078 27.497863344 25.2504764486 29.1313639043 48.1530976453 48.1530976453 70.3960832083 26.4916024902 28.3783606493 26.3651854438 29.1361217846 28.9944329063 27.4818076668 24.840181607 26.3539127004 26.4807872382 26.2875171069 24.8992114596 24.5496922761 24.8566801702 27.2173310345 27.2798485969 27.9280006237 26.1002854171 26.8113119447 26.901412761 28.6074073372 27.8726820324 27.7856058134 27.2026642775 25.8612474431 26.4624872281 25.0929984969 42.9074996983 42.9074996983 58.8052218876 63.6297238581 25.5214252878 24.7721488619 27.1833394934 25.5603722238 29.0983350035 29.1422481949 27.3864668493 26.6870103474 27.1004671221 27.4734928615 26.067649112 28.4406460567 28.4593047233
27.9628292958 27.0531954492 27.0496065287 26.6396719889 26.4407040457 25.0795397204 25.4799366211 70.817131792 70.817131792 70.817131792 26.8715824763 27.1959810727 29.3188676566 28.4166286932 27.6054745231 28.3668775965 25.9277214043 27.8263531682 29.188869121 27.6380638286 26.2510926189 25.337049067 25.7036756343 27.0483159851 25.3540439293 28.4645460492 27.9241499516 26.0585796472 25.0889758109 24.9182166157 27.0286627341 28.5675109277 25.3320216317 25.8537838575 27.5251683389 26.5744395213 63.6297238581 42.9074996983 39.8280801204 39.8280801204 29.2969307334 27.0075047734 26.3302512914 26.2914429936 25.4548773887 25.1406197237 26.261714756 25.3298848325 27.0616774772 26.8743523217 25.3941841109 26.4203986972 27.5277217449
25.3222298786 27.2512316317 28.3622006346 26.0205960512 26.5907354055 28.863413343 28.1454673691 27.9856609747 70.817131792 26.008586078 25.9102597432 25.8117427529 26.3956523089 25.1402669322 27.824082874 24.936367931 24.7067039227 28.3934663141 25.3995840412 25.2291738942 24.5284749947 28.0678246338 28.1981879783 26.1780403431 26.8480117602 26.7893687672 28.1369814338 27.2024032383 29.1654379538 26.3359814927 28.6202474008 28.4800237956 26.0874235907 24.8964715412 28.5131323659 25.0091453031 26.3764083179 39.8280801204 39.8280801204 27.2874379695 26.9687907983 25.6181436543 29.1378800575 28.7356441288 25.0908351352 27.652753351 26.7041287067 24.6399535005 25.5641036242 27.7349222988 28.8448531474 26.9119597076 28.8488006675
28.5681541017 27.1233848029 29.1435228344 28.1708997359 28.0164586868 25.8928237042 26.7565147114 28.6905598838 28.1868354486 29.1627461149 28.5724175958 28.9684464217 28.1464282556 28.4853655228 28.2259195949 27.802277835 28.1504378022 29.259237742 25.8310944378 25.0434960881 25.3493623597 26.5726823284 26.5779747931 28.3558371468 27.3635155487 28.9418278597 27.7343202267 27.1053097074 26.4977549814 28.4362386363 28.649924219 27.0167025092 27.5512489685 24.5701073111 25.7044086474 26.4084362518 28.6935215875 56.5832497382 72.2336781284 72.2336781284 28.2533648935 26.6037413008 26.2268849912 28.0442529658 26.1568863022 25.0472353758 25.7233940899 25.8385129575 24.7890117221 25.8185186794 29.0091136543 27.1961897613 26.5456181302
27.571722075 29.248402825 26.813983757 25.3176062928 27.4232420234 26.11849738 27.3743288938 25.6647961974 27.6602915957 27.6292403176 26.8385468593 26.5186703695 25.7318614615 26.6485649713 28.7965087662 28.2909078122 25.247676587 27.2419427041 28.949176291 28.5731292946 25.6283173147 26.3703371835 26.7883239757 27.8509787007 25.1253356884 26.2836108631 28.1442173734 26.9117754028 28.449044938 25.9694752083 29.2592302476 28.1518903148 28.3102946935 25.2781345704 28.6808268166 26.4326588268 27.4179229816 25.5771442405 72.2336781284 72.2336781284 72.2336781284 27.0246870256 24.8417449882 28.7812632115 26.3759428092 27.7903217769 25.9390181975 29.4127240241 28.4802987267 28.7910470262 27.2206995648 28.4298297141 26.3344375092
27.451452987 24.994281222 28.5372539934 26.7653649505 25.9059772878 28.9630378312 26.7788504217 25.2319045597 27.5807632658 29.1635380359 27.5462043968 27.7804542345 28.0476083147 28.2070613856 27.8660059852 27.7014026367 26.1807077574 25.8168100823 26.3478911788 29.2456645102 25.9155956706 25.1423872328 28.0068534796 25.934378272 28.8277906938 26.2886200019 27.9572251157 29.2303889333 27.4489228336 28.6235495291 26.1939784814 26.3726897962 25.4153473248 28.9087130837 26.8232308019 26.5726386515 28.1387332613 46.331601056 46.331601056 46.331601056 46.1465185734 29.0869544935 28.6266734209 28.7461022384 27.4509623325 28.8422576948 24.6722442046 24.5508936873 26.9860050436 25.9310750404 28.9375552671 27.807189705 29.2904720647
26.9430840781 24.9191335957 25.6701990666 24.7902053159 25.7390508075 24.6717599821 26.6203662781 25.531214794 27.7232389617 26.5328042997 25.3991231029 24.6027691865 28.5080221346 28.1220132081 26.8537024272 28.0326010303 24.993611741 27.6167688124 27.9122165293 28.8980561745 27.5044103721 29.053161454 25.7997082961 28.0490244163 26.2793179936 27.7590646654 25.9026118083 26.7233224616 25.7201452535 28.9609969278 26.0663145009 25.7286758856 28.9887206859 27.516912962 28.5323050586 26.7174010687 28.3418072174 29.2724410744 26.2607380219 46.331601056 26.9662353439 27.8866820388 24.5605790289 25.5098547498 28.8031757069 28.381579215 25.8027564318 25.2075505208 27.8949442301 28.7877251689 25.6683575042 26.2490381548 28.3990349897
28.8186715055 29.2730389193 24.786203549 27.3694723055 26.0667858029 25.7165979159 26.7413170275 25.7613732668 25.2889315861 27.9578181399 24.660730044 27.7454828969 29.0503540473 28.7131239336 28.2250450173 25.8904290807 25.9780393018 25.9634891498 29.4439302174 24.7162983487 25.9903882962 26.2194299219 26.3710622586 25.6854777574 26.7715453871 26.3335070923 25.037787383 29.2204877862 25.3307604075 26.3850030061 28.7551999046 27.7658185205 25.4217900032 29.3830273357 28.2655912518 26.4064536372 25.2403316398 29.3749884246 43.4973209743 43.4973209743 43.4973209743 28.508091475 28.0897670181 27.3560578964 26.2481633579 26.2128624383 27.6777502859 29.4157280029 26.0469729908 25.910467419 25.9538674703 28.6532887465 29.0872758055
29.119391791 27.5672973086 27.9252817127 28.126473418 27.6090481612 27.9623814915 28.7066790362 27.6687229757 27.6343953442 27.6445047606 25.9316938055 27.8754294398 28.3749803353 27.9088048221 26.3572998184 26.3280531232 25.0943984732 27.9694933694 26.6891703816 25.0421178491 25.9575895513 27.6157410038 26.6137271606 28.8755731761 25.6410056812 25.704239139 26.044467689 27.7462963176 26.7137745833 24.8427652718 27.4247066162 29.0261862854 24.7779427921 26.3789828092 27.3643599016 26.6568804443 29.00693362 26.8716203641 47.8028432472 43.4973209743 47.8028432472 27.8396212085 26.1655194878 26.3463320097 26.4914437273 28.1425790178 27.5510512339 27.2441619968 28.2257049318 28.0921362478 26.381541976 25.4389468867 29.0040978377
28.1770625653 26.78748786 24.6066136236 26.3027757299 27.0251783675 25.2012038526 28.0553060568 27.0109179887 27.3752283399 27.7249210801 25.4576188385 24.8010666587 28.08574118 26.819385823 25.7150794331 27.3566149499 28.5557600269 28.4390210885 28.694657352 24.6870821821 26.1037757305 26.3503291753 26.966937206 27.1216677301 28.7340954451 26.6308261777 27.1396198296 27.8928720458 27.9053055356 24.5839291682 29.3058311044 28.6147730732 25.4616216339 26.578206875 28.3718676116 28.1988154904 24.8942277786 25.5287339899 28.0118741055 47.8028432472 26.9838496032 52.2267623427 25.3432127822 28.3349697263 27.3085215786 27.1714717634 27.9495683581 26.2432398273 28.9179589138 24.8883540401 24.9399343725 27.1645992597 26.6284031077
26.2023720233 26.3646036782 24.7481241584 26.3482698213 25.1832225872 27.4849249845 28.4775356604 27.4543705956 26.2549695623 24.5651342978 27.8640231817 29.1600220511 24.8105700588 25.1029819991 26.8833404649 29.2499429603 27.4583121742 26.3689705091 27.9333668251 26.6547835172 24.5023052239 26.3776030573 29.1992294876 25.5082522727 24.7099960846 28.0471708196 25.9620361746 27.4352347757 26.1758515572 28.3108790264 24.7071133642 25.8893147621 27.0886998882 29.1169886792 27.3016043438 26.8949978636 29.330905897 28.8274095179 26.5888461458 18.7398908316 18.7398908316 18.7398908316 27.6318987589 27.1084943078 24.7498103364 24.756002301 27.7256674363 28.8577287929 27.8480745154 25.9565346441 28.6049308751 28.6890235387 24.9076138107
28.0406308619 24.8140704142 26.7492075227 27.5283019803 29.0614475286 25.0925081292 28.4879907362 28.7066128991 25.2019188209 26.8809736146 26.7072917944 26.5200630807 24.9083183221 27.0432464688 24.9170875842 28.322798316 27.7887406033 26.9361037657 28.8619987536 26.7998888014 27.5600776495 26.77126486 26.0583924296 27.4597788232 28.6905993584 25.6830997363 26.8973440916 24.5985779545 26.8884362264 26.7103556135 27.3005564775 26.1273755959 24.6025503667 27.3643508914 25.5678457969 29.0182005144 26.1228534784 28.6542852399 25.4202551657 18.7398908316 18.7398908316 39.3999566231 28.6697120074 27.2698969027 24.8969768026 27.4451041451 25.8591340413 29.4393040152 27.2847354802 28.3763917299 27.7554802277 25.1102948091 28.2863379159
29.1931071648 26.0595621353 24.9113236979 27.2332949131 26.3966536146 25.2273304495 29.0517831769 26.1414988402 25.2213104995 61.9736222469 61.9736222469 27.2111912032 28.9605504236 24.682000249 25.5493865337 26.1299367101 27.0673198526 25.0802123888 29.2283356161 27.5967813143 27.8029149846 26.3884354007 25.7828880727 27.922259889 28.3179413069 28.4101622618 26.3759641895 26.1647529872 27.4388877615 28.4275615445 24.5655970776 26.4041488538 25.1938017755 27.6009794211 28.0291826302 29.3506272343 27.2816968456 27.1935111363 27.7632995922 48.0421469852 39.3999566231 48.0421469852 27.7117366293 29.2979318358 25.132406366 24.7172334671 27.286266998 25.5041489783 27.2965709427 26.5755754845 27.5554025466 25.235246035 28.7481082358
26.1305155628 29.3618278366 28.446439542 28.2646695272 26.3562253596 25.1589231724 28.0366663654 26.5722425517 28.6446756937 51.9798817816 51.9798817816 24.712924684 26.6325948037 27.3498026152 25.2512180715 26.662791754 25.0360803818 26.013388086 26.7057961509 24.8245933798 24.6777248134 28.0285608359 25.176380519 26.0103526378 25.6980086816 28.9183392213 25.6342175668 28.4217624717 28.4643777395 27.1280238171 27.972471461 28.8156468647 29.2805896667 27.3885418105 26.7141551631 28.1818034029 27.1957481588 26.6410821007 25.5324936803 29.3511171354 40.3492035745 40.3492035745 26.5710960515 28.0950568521 25.4843524304 25.4784218423 25.5958657664 25.1140212942 26.9419480388 24.6260891242 25.2022535517 26.0813091978 29.4179521333
28.1547353341 24.6426741961 25.7111512921 26.617322064 26.4275063615 26.6603760706 25.3816296583 25.1404067594 28.7026107909 51.9798817816 51.9798817816 28.6816386814 25.0495447697 26.3045194198 26.6462707559 26.043228455 27.924600501 26.7980947313 28.577265259 24.5391022135 29.4182262023 29.202516943 26.8260830173 28.5230196825 24.982572417 24.9615851731 28.3451859844 29.3013602827 25.3577180071 24.5411640288 26.0727349092 26.2583520099 25.7672621626 25.6420737246 28.6626001774 25.5785389239 25.1059807954 28.1848373652 26.2350926452 24.8623291497 72.1938728902 50.0213681938 50.0213681938 29.0165775863 25.4140813675 25.6031094198 26.9019573922 24.7627913152 25.6723058406 28.9414434948 27.9375761562 28.9184323289 28.4601430319
28.0621716764 28.5607344184 24.9811507498 26.5833683183 27.7700860659 26.2228551009 28.4568481535 26.1525697667 28.3317976456 46.8183856638 46.8183856638 24.9825445387 26.2022011925 29.2361612644 24.5144291756 26.5136245376 28.4381576209 29.1487743678 24.9207598998 29.1677301905 27.0406403143 25.9834945922 27.5974254916 28.786143107 27.2280485338 26.4242584287 25.4637139364 25.0827420178 26.3406361653 29.4060370989 24.8614906502 24.6761154124 27.5274412826 26.9204134123 26.0121667183 27.0818213565 27.475989098 29.2927963119 25.3385035628 27.8833342341 50.0213681938 53.5837869664 53.5837869664 53.5837869664 28.5855228717 27.9443828992 26.2421999305 28.6603769748 24.5110047907 27.4488302231 25.0981459168 25.4466438499 28.1184544057
25.8809806751 24.7270174105 28.3691951093 26.2145953246 27.0169094033 25.6684418025 26.043365644 27.2916962814 26.6254663183 27.2743916641 24.9821648347 28.8297152033 25.5535057666 28.7128703735 27.1715197253 26.2985419197 25.8374498562 28.568777072 25.6869632482 28.8569677869 25.8104026748 27.0575970061 25.6620184975 29.2605842289 24.5404352665 27.9072527084 27.2000705411 29.2277192887 29.129143039 29.4068497159 27.6246078726 28.9990855945 27.8328683904 25.294141003 25.2415844173 25.1837951957 26.0980777598 25.8009122358 25.7486397272 25.351461861 65.9022812764 53.5837869664 41.0745191275 53.8258968462 28.2006769361 26.3703920239 25.8739721808 25.1741799501 26.3123686947 25.1905958212 29.0850716695 29.2684462418 25.3016519366
25.0439915881 27.0380785818 26.6075239424 28.6440334124 26.0937399728 24.559398934 24.643815465 28.2470799634 28.1607079712 52.564527782 25.9421108624 25.8481176434 25.6546529514 29.4496093217 26.3305308746 28.5761063987 25.4028969613 24.6090632515 26.893647009 28.9212983242 28.0499680786 25.0846778274 28.4008438519 29.1018984158 25.2074904237 26.5631328163 26.3257170704 28.7776402725 25.9280071775 29.2046543763 25.6643772293 28.5079340405 27.316896199 28.1623233968 25.3923229188 25.8914147849 26.5781855889 29.1391269955 25.2922398974 26.5186825141 27.5105044796 53.8258968462 41.0745191275 41.0745191275 40.8602563091 25.4716751023 26.04803642 25.220750795 26.94413644 28.2336307745 25.54939751 26.8766868158 25.3150941114
26.4683980654 24.7252117423 29.2970637816 29.0874823589 24.7013136764 29.1309988916 28.0425292482 27.5390454429 27.1804217428 27.0996380633 28.0520863551 24.8130329957 28.4445538253 29.3448750341 25.7116224924 28.1966822243 28.3615643005 27.4928918934 25.8824063462 24.5326565198 29.4340660304 25.2792706231 28.8808184586 26.3279679017 26.6189639851 28.3631507268 25.5669536425 29.2212968696 25.516257245 27.1888850979 28.25575858 28.9355494453 27.2262138934 25.6434689935 27.7426307104 25.9817149867 29.2623841231 29.2912576826 25.9139948856 27.2040422321 29.2696878086 41.0745191275 41.0745191275 73.6986698977 73.6986698977 26.218557062 24.7965363343 27.2464845038 27.3388279887 26.4212875223 27.3556595068 28.5005789744 27.4796334655
