Spatial_Output/BAU/BAU_1281.asc
NCOLS 155
NROWS 192
XLLCORNER 196307.867259
YLLCORNER 449144.565805
CELLSIZE 33.573938
NODATA_VALUE NaN
[rows 136 to 169 of 192, columns 77 to 153 of 155]
29 29 29 29 29 29 29 29 29 29 29 29 62.7167839963 52.6685247205 29 29 29 29 29 29 29 29 29 29 29 29 29 29 29 29 29 29 29 29 29 29 29 29 29 29 70.3368634092 70.3368634092 50.8851837669 56.265111457 29 29 29 29 29 29 57.5105197513 69.0959854041 69.0959854041 46.305453879 29 51.4093329249 0 0 0 0 0 0 0 0 0 0 0 0 0 0 0 0 0 0 0 0 0
29 29 29 29 29 29 29 29 29 29 29 29 29 29 29 29 29 29 29 29 29 29 29 29 29 29 29 29 29 29 29 29 29 29 29 29 29 29 29 29 29 29 29 29 29 29 29 29 29 29 29 69.0959854041 69.0959854041 29 45.4938272792 64.9640213436 0 0 0 0 0 0 0 0 0 0 0 0 0 0 0 0 0 0 0 0 0
29 29 29 29 29 29 29 29 29 29 29 29 47.4560107202 47.4560107202 29 29 29 29 29 29 29 29 29 29 29 29 29 29 29 29 29 29 29 29 29 29 29 29 29 29 29 29 29 29 29 29 29 29 29 29 29 29 29 45.4938272792 58.9028912454 58.9028912454 58.9028912454 0 0 0 0 0 0 0 0 0 0 0 0 0 0 0 0 0 0 0 0
29 29 29 29 29 29 29 29 29 29 29 47.4560107202 47.4560107202 47.4560107202 29 29 29 29 29 29 29 29 29 29 29 29 29 29 29 29 29 29 29 29 29 29 29 29 29 29 29 29 29 29 29 29 29 29 29 29 29 29 29 29 58.9028912454 58.9028912454 53.2106812748 53.2106812748 0 0 0 0 0 0 0 0 0 0 0 0 0 0 0 0 0 0 0
29 29 29 29 29 29 29 29 29 29 29 59.1531071261 59.1531071261 59.1531071261 29 29 29 29 29 29 29 29 29 29 29 29 29 29 29 29 29 29 29 29 29 29 29 29 29 29 29 29 29 29 29 29 29 29 29 29 29 29 29 0 58.9028912454 53.2106812748 62.6797920928 62.6797920928 47.1147280133 0 0 0 0 0 0 0 0 0 0 0 0 0 0 0 0 0 0
29 29 29 29 29 29 29 29 29 29 29 54.7801493667 59.1531071261 59.1531071261 49.9045257 29 29 29 29 29 29 29 29 29 29 29 29 29 29 29 29 29 29 29 29 29 29 29 29 29 29 29 29 29 29 29 29 29 29 29 29 29 29 0 0 53.2106812748 62.6797920928 62.6797920928 63.3886448612 57.7337265081 0 0 0 0 0 0 0 0 0 0 0 0 0 0 0 0 0
29 29 29 29 29 29 29 29 29 29 29 29 50.0692657376 50.0692657376 50.0692657376 29 29 29 29 29 29 29 29 29 29 29 29 29 29 29 29 29 29 29 29 29 29 29 29 29 29 29 29 29 29 29 29 29 29 29 29 29 0 0 0 0 47.1147280133 71.678437534 63.3886448612 22.0603709401 0 0 0 0 0 0 0 0 0 0 0 0 0 0 0 0 0
29 29 29 29 29 29 29 29 29 29 29 29 52.5916931432 49.9045257 29 29 29 29 29 29 29 29 29 29 29 29 29 29 29 29 29 29 29 29 29 29 29 29 29 29 29 29 29 29 29 29 29 29 29 29 29 0 0 0 0 0 0 57.7337265081 57.7337265081 22.0603709401 23.0143557897 0 0 0 0 0 0 0 0 0 0 0 0 0 0 0 0
29 29 29 29 29 29 29 29 29 29 29 29 29 47.5213768003 47.5213768003 47.5213768003 29 29 29 29 29 29 29 29 29 29 29 29 29 29 29 29 29 29 29 29 29 29 29 29 29 29 29 29 29 29 29 29 29 29 0 0 0 0 0 0 0 0 22.0603709401 22.0603709401 23.0143557897 16.655871591 0 0 0 0 0 0 0 0 0 0 0 0 0 0 0
29 29 29 29 29 29 29 29 29 29 29 29 29 47.5213768003 47.5213768003 77.7443382743 29 29 29 29 29 29 29 29 29 29 29 29 29 29 29 29 29 29 29 29 29 29 29 29 29 29 29 29 29 29 29 29 29 0 0 0 0 0 0 0 0 0 54.3721823982 43.635200614 23.0143557897 20.8586829985 20.8586829985 0 0 0 0 0 0 0 0 0 0 0 0 0 0
29 29 29 29 29 29 29 29 29 29 29 29 29 77.7443382743 53.0200876088 53.0200876088 29 29 29 29 29 29 29 29 29 29 29 29 29 29 29 29 29 29 29 29 29 29 29 29 29 29 29 29 29 29 29 29 0 0 0 0 0 0 0 0 0 0 0 18.1567492325 20.8586829985 20.8586829985 20.8586829985 22.8789431132 0 0 0 0 0 0 0 0 0 0 0 0 0
29 29 29 29 29 29 29 29 29 29 29 29 29 29 53.0200876088 53.0200876088 53.0200876088 29 29 29 29 29 29 29 29 29 29 29 29 29 29 29 29 29 29 29 29 29 29 29 29 29 29 29 29 29 29 29 0 0 0 0 0 0 0 0 0 0 0 0 13.87 22.8789431132 22.8789431132 22.8789431132 47.9262293379 0 0 0 0 0 0 0 0 0 0 0 0
29 29 29 29 29 29 29 29 29 29 29 29 29 29 53.0200876088 29 58.1839183381 58.1839183381 29 29 29 29 29 29 29 29 29 29 29 29 29 29 29 29 29 29 29 29 29 29 29 29 29 29 29 29 29 0 0 0 0 0 0 0 0 0 0 0 0 0 0 54.3721823982 16.6395505829 16.6395505829 13.87 13.87 0 0 0 0 0 0 0 0 0 0 0
29 29 29 29 29 29 29 29 29 29 29 29 29 29 29 58.1839183381 62.3167332374 62.3167332374 29 29 29 29 29 29 29 29 29 29 29 29 29 29 29 29 29 29 29 29 29 29 29 29 29 29 29 29 0 0 0 0 0 0 0 0 0 0 0 0 0 0 0 0 47.9262293379 13.87 13.87 13.87 33.069341925 0 0 0 0 0 0 0 0 0 0
29 29 29 29 29 29 29 29 29 29 29 29 29 29 29 62.3167332374 62.3167332374 62.3167332374 60.4747383459 29 29 29 29 29 29 29 29 29 29 29 29 29 29 29 29 29 29 29 29 29 29 29 29 29 29 0 0 0 0 0 0 0 0 0 0 0 0 0 0 0 0 0 0 33.069341925 13.87 13.87 33.069341925 18.623591646 0 0 0 0 0 0 0 0 0
29 29 29 29 29 29 29 29 29 29 29 29 29 29 29 29 60.4747383459 51.7968193756 51.7968193756 29 29 29 29 29 29 29 29 29 29 29 29 29 29 29 29 29 29 29 29 29 29 29 29 29 0 0 0 0 0 0 0 0 0 0 0 0 0 0 0 0 0 0 0 0 33.069341925 33.069341925 33.069341925 33.069341925 20.7844578999 0 0 0 0 0 0 0 0
29 29 29 29 29 29 29 29 29 29 29 29 29 29 29 29 51.7968193756 51.7968193756 51.7968193756 29 29 29 29 29 29 29 29 29 29 29 29 29 29 29 29 29 29 29 29 29 29 29 29 0 0 0 0 0 0 0 0 0 0 0 0 0 0 0 0 0 0 0 0 0 0 37.6480704107 33.069341925 33.069341925 36.4016895673 20.2337464621 0 0 0 0 0 0 0
29 29 29 29 29 29 29 29 29 29 29 29 29 29 29 29 29 29 40.154286945 29 29 29 29 29 29 29 29 29 29 29 29 29 29 29 29 29 29 29 29 29 29 29 0 0 0 0 0 0 0 0 0 0 0 0 0 0 0 0 0 0 0 0 0 0 0 0 18.6155668957 33.069341925 36.4016895673 36.5644282746 0 0 0 0 0 0 0
29 29 29 29 29 29 29 29 29 29 29 29 29 29 29 29 29 29 40.154286945 40.154286945 29 29 29 29 29 29 29 29 29 29 29 29 29 29 29 29 29 29 29 29 29 29 0 0 0 0 0 0 0 0 0 0 0 0 0 0 0 0 0 0 0 0 0 0 0 0 0 36.5644282746 36.5644282746 36.5644282746 19.0643570218 0 0 0 0 0 0
29 29 29 29 29 29 29 29 29 29 29 29 29 29 29 29 29 40.154286945 40.154286945 40.154286945 29 29 29 29 29 29 29 29 29 29 29 29 29 29 29 29 29 29 29 29 29 0 0 0 0 0 0 0 0 0 0 0 0 0 0 0 0 0 0 0 0 0 0 0 0 0 0 0 49.3551047794 19.0643570218 19.0643570218 0 0 0 0 0 0
29 29 29 29 29 29 29 29 29 29 29 29 29 29 29 29 29 29 29 29 29 29 29 29 29 29 29 29 29 29 29 29 29 29 29 29 29 29 29 29 0 0 0 0 0 0 0 0 0 0 0 0 0 0 0 0 0 0 0 0 0 0 0 0 0 0 0 0 0 19.0643570218 19.0643570218 0 0 0 0 0 0
29 29 29 29 29 29 29 29 29 29 29 29 29 29 29 29 29 29 29 29 40.6337184988 40.6337184988 29 29 29 29 29 29 29 29 29 29 29 29 29 29 29 29 29 0 0 0 0 0 0 0 0 0 0 0 0 0 0 0 0 0 0 0 0 0 0 0 0 0 0 0 0 0 0 0 0 0 19.3982061231 19.3982061231 0 0 0
29 29 29 29 29 29 29 29 29 29 29 29 29 29 29 29 29 29 29 40.6337184988 29 29 29 29 29 29 29 29 29 29 29 29 29 29 29 29 29 29 0 0 0 0 0 0 0 0 0 0 0 0 0 0 0 0 0 0 0 0 0 0 0 0 0 0 0 0 0 0 0 0 0 0 19.3982061231 19.3982061231 0 0 0
29 29 29 29 29 29 29 29 29 29 29 29 29 29 29 29 29 29 29 29 29 29 29 29 29 29 29 29 29 29 29 29 29 29 29 29 29 0 0 0 0 0 0 0 0 0 0 0 0 0 0 0 0 0 0 0 0 0 0 0 0 0 0 0 0 0 0 0 0 0 0 19.3982061231 19.3982061231 19.3982061231 0 0 0
0 0 0 0 29 29 29 29 29 29 29 29 29 29 29 29 29 29 29 29 29 55.2193775463 29 29 29 29 29 29 29 29 29 29 29 29 29 29 29 0 0 0 0 0 0 0 0 0 0 0 0 0 0 0 0 0 0 0 0 0 0 0 0 0 0 0 0 0 0 0 0 0 0 0 0 0 0 0 0
0 0 0 0 0 0 0 0 29 29 29 29 29 29 29 29 29 29 29 29 29 55.2193775463 55.2193775463 29 29 29 29 29 29 29 29 29 29 29 29 29 0 0 0 0 0 0 0 0 0 0 0 0 0 0 0 0 0 0 0 0 0 0 0 0 0 0 0 0 0 0 0 0 0 0 0 0 0 0 0 0 0
0 0 0 0 0 0 0 0 0 29 29 29 29 29 29 29 29 29 29 29 55.2193775463 55.2193775463 29 29 29 29 29 29 29 29 29 29 29 29 29 0 0 0 0 0 0 0 0 0 0 0 0 0 0 0 0 0 0 0 0 0 0 0 0 0 0 0 0 0 0 0 0 0 0 0 0 0 0 0 0 0 0
0 0 0 0 0 0 0 0 0 0 29 29 29 29 29 29 29 29 29 29 29 77.681634257 77.681634257 29 29 29 29 29 29 29 29 29 29 29 29 0 0 0 0 0 0 0 0 0 0 0 0 0 0 0 0 0 0 0 0 0 0 0 0 0 0 0 0 0 0 0 0 0 0 0 0 0 0 0 0 0 0
0 0 0 0 0 0 0 0 0 0 0 29 29 29 29 29 29 29 29 29 29 77.681634257 48.0960931957 48.0960931957 29 29 29 29 29 29 29 29 29 29 29 0 0 0 0 0 0 0 0 0 0 0 0 0 0 0 0 0 0 0 0 0 0 0 0 0 0 0 0 0 0 0 0 0 0 0 0 0 0 0 0 0 0
0 0 0 0 0 0 0 0 0 0 0 0 0 29 29 29 29 29 29 29 29 29 48.0960931957 48.0960931957 29 29 29 29 29 29 29 29 29 29 0 0 0 0 0 0 0 0 0 0 0 0 0 0 0 0 0 0 0 0 0 0 0 0 0 0 0 0 0 0 0 0 0 0 0 0 0 0 0 0 0 0 0
0 0 0 0 0 0 0 0 0 0 0 0 0 0 29 29 29 29 29 29 29 29 49.6805585586 29 49.6805585586 29 29 29 29 0 0 0 29 29 0 0 0 0 0 0 0 0 0 0 0 0 0 0 0 0 0 0 0 0 0 0 0 0 0 0 0 0 0 0 0 0 0 0 0 0 0 0 0 0 0 0 0
0 0 0 0 0 0 0 0 0 0 0 0 0 0 29 29 29 29 29 29 29 29 49.6805585586 45.0569598397 45.0569598397 45.0569598397 29 29 0 0 0 0 0 0 0 0 0 0 0 0 0 0 0 0 0 0 0 0 0 0 0 0 0 0 0 0 0 0 0 0 0 0 0 0 0 0 0 0 0 0 0 0 0 0 0 0 0
0 0 0 0 0 0 0 0 0 0 0 0 0 0 0 29 29 29 29 29 29 29 29 45.0569598397 45.0569598397 80.4054488938 29 0 0 0 0 0 0 0 0 0 0 0 0 0 0 0 0 0 0 0 0 0 0 0 0 0 0 0 0 0 0 0 0 0 0 0 0 0 0 0 0 0 0 0 0 0 0 0 0 0 0
0 0 0 0 0 0 0 0 0 0 0 0 0 0 0 0 29 29 29 29 29 29 29 29 29 29 43.9813378988 52.9795363959 0 0 0 0 0 0 0 0 0 0 0 0 0 0 0 0 0 0 0 0 0 0 0 0 0 0 0 0 0 0 0 0 0 0 0 0 0 0 0 0 0 0 0 0 0 0 0 0 0
