Spatial_Output/BAU/BAU_1181.asc
NCOLS 155
NROWS 192
XLLCORNER 196769.923733
YLLCORNER 449719.875193
CELLSIZE 27.603701
NODATA_VALUE NaN
[rows 69 to 91 of 192, columns 0 to 52 of 155]
27.9895268819 27.51957476 28.0999020995 28.1451214815 27.9926073378 27.5144103735 27.6579601761 27.7686440177 27.8369218558 27.9838713968 27.9892967638 27.7826652845 28.0155439441 27.5800062196 28.0215890023 27.8219197574 27.878338529 28.167872035 58.7071878612 58.7071878612 58.7071878612 28.0895579466 28.1444571902 27.823220636 27.5673223438 27.606834386 53.9557759358 53.9557759358 53.9557759358 28.1435025331 27.5644198516 27.938765871 49.9799441037 49.9799441037 49.9799441037 49.9799441037 28.1804761522 27.6638387933 27.5321353992 28.0766729113 27.7086125843 27.7092364017 28.1908057405 28.1441547714 27.8955347781 28.072819647 27.7393477709 27.8334419417 27.9363622181 27.8540331534 40.3577639455 40.3577639455 40.3577639455
27.8950320771 27.7195264618 27.8768855067 27.8727661496 27.8185429513 27.5276978963 28.0410939007 27.8091354482 27.6418228752 27.9451128161 27.8414875557 28.0702630583 28.1790543342 28.0376367636 27.8190385249 27.8622180887 27.8703582427 75.2150219289 58.7071878612 27.7904590885 27.925308583 27.7990419502 27.7107040255 27.5988665471 27.8226462951 27.8126520942 27.8177223354 52.195696227 53.9557759358 27.7986100336 27.6681420661 28.1476791728 28.1083660877 49.9799441037 52.3109374885 27.9272214762 27.9282088903 28.1211568695 28.1970428442 27.8764310451 27.9585394323 27.8435121533 28.001999892 27.6376232794 27.7087248286 27.8352713948 27.9082173651 27.9140623496 28.187329983 27.8114717158 60.2608293852 60.2608293852 60.2608293852
28.0263668437 27.828123542 27.7501247548 27.5154660399 27.7994233225 28.1625104396 27.7131464745 28.1735158309 27.8609327666 28.0222944124 28.1600959456 27.9804989585 27.8798459194 27.5116288032 27.9759455074 28.0236924021 27.8621124984 49.0810767719 49.0810767719 27.9217173148 27.5046289456 27.9529856124 28.1464503221 28.0342171158 27.9511291003 27.8413642942 27.9903589149 53.7887093117 27.5844615018 53.7887093117 28.149424116 27.5388138603 27.7047162968 52.3109374885 52.3109374885 52.3109374885 28.1709426163 27.7706935643 28.0738415997 28.0633690142 27.6782638882 27.5515542163 27.8171055511 28.0097416637 28.0849898058 27.9454444945 27.8853818011 27.65191775 27.5420918408 27.6849663456 27.9709632796 52.6089408526 27.7567738653
27.7553101812 27.969683977 27.9365795396 27.7132226549 27.76395087 27.592086928 28.0932191055 27.9227195059 28.1498076419 27.9444905976 28.1876025534 27.5033832879 27.7086940526 27.6815444816 27.9594058697 27.5605843001 27.7615176086 54.7962373133 54.7962373133 54.7962373133 27.5874448309 28.1101104535 27.5720530339 28.0959364776 27.5536230714 27.6209115426 27.8763347592 27.6673205261 62.1158394545 57.1401859322 28.0278513237 27.6093805758 28.0272720246 27.6496879195 52.3109374885 48.9956729961 27.7141836887 28.0701219941 28.0652773854 27.6116894213 27.7587886749 28.0180082877 28.0484631997 27.7500692555 27.847050861 27.9910209359 28.1396514771 27.9760265781 27.9679676697 28.0074597074 52.6089408526 57.6248526142 52.6089408526
28.0609722554 27.6034689259 28.1602879871 27.7097057743 27.8057801671 27.7603909332 27.8919263732 27.8170760755 27.525615811 27.987077969 27.8519011936 27.8672762355 28.1018897724 27.5867386603 27.896933313 27.5677129468 27.6781773539 54.7962373133 54.7962373133 54.7962373133 50.9521162148 47.6822050407 59.9641908784 27.5673160351 44.9058376245 28.1043893978 27.7973837998 57.1401859322 57.1401859322 57.1401859322 28.0394380125 27.8367003226 28.10027354 66.84270463 40.5054495778 40.5054495778 27.7361724759 27.8031244448 27.6401790399 28.1741647329 27.6387369536 27.5666585642 27.5903309252 27.5882377563 27.7893255654 27.779252424 28.0604399879 27.8543105597 27.8056247301 27.7609503101 57.6248526142 57.6248526142 57.6248526142
27.8054796111 27.5809809371 27.5929161593 27.5628262516 27.5448436588 28.1323285914 27.7709785089 27.7626408256 28.1783564335 28.0840198057 27.7332276988 27.889393398 27.8719464269 27.6093203793 27.9716539379 28.0668239828 27.837119466 61.997229741 61.997229741 65.0149879936 65.0149879936 47.6822050407 47.6822050407 28.057176789 78.6214600141 78.7055144431 58.7343956132 61.8186524661 59.2823550316 57.1401859322 27.5848563617 28.1492474416 41.3799334242 40.5054495778 40.5054495778 40.5054495778 27.7148334772 27.7378052584 28.2032305798 27.6736930754 27.6317333112 27.5501269881 28.0904899175 27.8649361265 27.8281749303 27.9045673943 27.890295726 60.0363392679 28.0452985764 28.0492525212 46.5462349261 57.6248526142 46.5462349261
27.554699457 27.6935977524 27.5779655532 27.973095078 27.9231210645 27.6652913179 27.9415621318 27.8593021463 27.6558214371 27.5721502893 28.1236287405 27.8783482957 28.1308621844 27.8576081079 27.5015763579 28.0647915723 70.2791230726 47.0033292159 47.0033292159 65.0149879936 65.0149879936 47.6822050407 47.6822050407 48.5512479038 78.7055144431 58.7343956132 58.7343956132 58.7343956132 59.2823550316 61.7334282914 61.7334282914 51.7573728661 41.3799334242 27.842969073 54.4847961123 54.8891152505 63.1815059946 58.1405089857 57.8635319277 61.2991783581 61.2991783581 61.2672128715 50.6843619513 27.8687037755 27.6124954377 53.1814710845 53.1814710845 48.090478349 67.9810317754 67.9810317754 55.6080669169 55.8305776713 55.8305776713
27.6107075478 27.7823270887 27.9601794112 27.5468664311 27.6852769018 27.7467072471 28.1872295361 27.6561729889 28.0129672959 27.7023703433 28.1593941762 28.0436273079 27.8561493107 28.1783878507 27.8108152896 76.2712950629 76.2712950629 76.2712950629 61.4120966456 28.0980793237 65.0487631271 47.6822050407 59.9641908784 48.5512479038 78.6214600141 78.7055144431 58.7343956132 59.2823550316 59.2823550316 61.7334282914 41.661969138 51.7573728661 27.7437509804 27.8476040419 54.8891152505 54.8891152505 54.8891152505 58.1405089857 57.8635319277 57.8635319277 71.0894171104 61.2672128715 58.8322738103 66.2976653911 57.4160966501 53.1814710845 53.1814710845 48.090478349 57.1401446823 67.9810317754 55.6080669169 28.0481482515 28.0395237939
28.1236109349 27.8403439441 28.1885996778 28.1658739979 27.5698587439 28.0030859954 27.6074702233 27.578510457 27.7688767314 27.6856661069 28.0624895995 27.5236791422 28.016668159 27.6128516979 28.0978815714 70.6258823538 53.2780678885 53.2780678885 53.2780678885 27.9782983577 27.6935815768 27.7533854427 27.7177924792 27.8875946193 28.0738929223 27.5753957836 27.8163859282 28.1296719946 27.8600607196 27.8375944017 28.0692739983 27.6156899398 41.3799334242 50.0152718018 27.8814688865 54.8891152505 48.5162898239 58.1405089857 57.8635319277 71.0894171104 71.0894171104 61.2672128715 27.6669350798 66.2976653911 66.2976653911 53.1814710845 48.090478349 57.1401446823 27.7199224538 67.9810317754 55.6080669169 28.0595297517 28.0075768567
27.9883715924 27.9197766028 27.6226204613 27.7810639278 28.1700831846 27.5956535508 27.5967273646 28.0894923658 27.9570955458 27.919067427 27.9503859794 28.0026940883 28.0266708933 27.5486399541 64.4536566746 70.6258823538 70.6258823538 53.2780678885 53.2780678885 28.0637819074 27.7616172394 27.894351682 27.9514653889 27.6988451527 28.0405945204 27.6547590063 27.9583710261 27.6349284805 27.600590345 27.8807250365 27.652177695 28.1196788024 28.1605262692 28.1895828798 27.8647922264 28.0049452939 28.1608091484 27.8674292996 27.5950103854 27.5225736641 27.8566147964 44.1961457461 44.1961457461 40.169940277 66.2976653911 66.2976653911 27.6944232673 28.0073266328 28.1303756752 27.7054242412 27.83330296 27.8195288325 27.6335268907
28.0430681221 27.8847936054 27.8355638582 28.0942312207 27.8491014062 28.159721376 27.9758897456 27.7230498713 27.9018583521 27.9641948592 27.7792915921 27.5180241119 43.47606977 43.47606977 43.47606977 64.4536566746 27.9935588696 27.5690268028 27.8080476105 28.0588295046 27.9704756414 27.7675787228 27.9489150374 28.0178979133 27.5261240056 27.8886906564 27.5059726875 27.899697748 28.0213080047 27.541042566 27.7429304229 27.7236396745 27.5287161641 27.5638883751 27.9624291124 27.8620162675 28.1881181703 27.7071896902 27.6671899334 27.9688706704 48.5579210531 49.8983898006 49.8983898006 40.169940277 40.169940277 27.8070006321 28.0389382593 27.8609534485 28.0677686547 27.7488578863 27.5977883607 28.14497098 27.7451204507
27.8715957796 28.0101584939 27.630327003 27.8574520692 28.0422455084 28.0289689356 27.8784460425 27.9320285413 27.6746254936 27.916370476 27.5195732996 28.1768214774 43.47606977 43.47606977 43.47606977 28.0070643014 27.5410644798 27.5997507592 27.6708100253 27.9196136984 27.9278339955 28.0262831845 27.7333309617 28.1568315754 27.5031582547 27.7263365585 28.1212252056 27.9507844769 27.679549987 28.0558600976 28.1792167838 27.8853927503 27.870206053 27.7570542529 27.9741459218 27.8752536434 27.8532226986 28.0491369598 27.7743748119 27.9660897931 27.933936139 49.8983898006 49.8983898006 49.8983898006 79.6669029536 27.5222044527 27.5444651765 27.7978816578 27.5812463883 27.6391900497 27.5929687822 27.5716574618 27.7232642935
28.1025945014 28.0292417836 27.7950116929 27.7335391806 27.8392778201 28.1115758351 28.0960861105 28.1611354887 27.9408745332 27.7516547752 27.8065755934 27.5024530123 51.1502627642 43.47606977 43.47606977 27.9721705902 27.9286459183 27.6145085647 27.8276749547 28.1930032494 28.0625433264 27.9414830794 27.5287135957 27.6153306087 27.8361801561 27.9967093356 28.0185253436 28.0604842552 27.6357897966 27.9306877434 27.9580800969 28.1227025898 27.7723389691 27.5568882014 27.5390688061 27.5348147903 27.9349471724 27.7852715736 27.7697150185 27.5769482844 28.0043695477 49.8983898006 48.3301490381 48.3301490381 48.3301490381 27.9304624137 27.5642371998 27.7651032728 27.743784205 27.7543095165 27.616494247 27.5030754915 27.8048980813
28.0187021194 28.135020081 27.8452810733 27.8063279713 27.8827438584 27.977140893 27.5970162963 59.1899520805 59.1899520805 54.2503382665 40.5351983957 51.1502627642 51.1502627642 27.8288877381 27.5329462088 28.1631333017 27.7135831572 27.5681895452 27.7656594861 27.8031964232 27.9200956771 27.6719718871 27.9117523925 27.9517871995 27.6773121645 27.6197544833 28.1641467271 27.6776353255 27.8736648223 27.6031245119 27.9483728169 28.064980732 27.9845216575 27.8625275766 27.6011237519 27.7162053422 27.6094695934 27.5787276446 28.1436564323 28.0906678591 74.9176694966 74.9176694966 74.9176694966 48.3301490381 48.3301490381 27.5883087381 27.852514636 28.0459381979 27.955198229 27.6924426832 28.173392696 28.178470856 27.8116944245
0 27.5713092827 27.9576903585 27.8997424105 28.101040022 69.6265966232 69.6265966232 59.1899520805 59.1899520805 28.0035944039 27.6095069116 27.6843786896 27.5945231312 27.8177801407 28.0018973888 27.9026922534 27.5945702274 28.1733416901 27.7711967687 27.915313049 27.5586103614 27.7975000518 27.7601486267 27.7752492493 27.5906141678 27.5511138755 27.5082560551 28.0767346451 27.9341531619 27.7867720237 27.9332190579 27.5082508049 27.7829718113 27.5842680082 28.2060620781 27.5494674988 27.6953667724 27.732265351 28.0063424172 27.6754037514 28.1110138687 74.9176694966 45.2417663036 53.6149667855 45.2417663036 28.1100065517 27.9143050043 28.0656078038 28.1916505019 28.0720490345 27.5976934806 27.9004554099 27.72057145
0 27.5777175578 28.0447809282 27.5751235442 28.0038129848 69.6265966232 69.6265966232 69.6265966232 51.3943834609 27.8822935806 27.6619858654 28.0162165253 28.0536931041 27.7359636048 28.0379965255 27.7098081677 27.9607983282 28.1578722999 28.1921179699 28.1796624433 27.6632535517 27.7967757638 27.9534957319 27.5115381876 28.0996048714 27.8346825229 27.5070376465 28.1825704317 27.9109751449 27.7326129611 28.1135831459 27.8924168497 27.5059837692 28.0526267695 28.1032385437 27.8826460485 27.718028763 27.8379372769 27.6570328523 27.7591004518 28.0182323097 27.6006751598 53.6149667855 53.6149667855 53.6149667855 27.765537064 27.5975452727 27.7004084912 28.1018899979 27.7031079829 27.6832432271 27.7106247939 27.8859883793
0 27.8903544872 27.5231188891 27.9848787195 43.3587626941 43.3587626941 69.6265966232 27.7273433005 27.6107302675 28.1640514808 27.5511431771 27.8984361758 27.7228605372 27.9333170725 27.8937309599 27.8432505516 27.6839916366 28.0092604974 27.6685494846 27.9316262717 27.5611011175 27.9907553196 27.6897748831 27.7703485846 27.7847631299 28.1826842153 27.8794374226 28.1705956741 27.7865292633 27.7224101447 28.0970065208 27.936024051 28.1267205194 27.9063623814 28.1413503385 27.7116944178 27.5110849739 27.5304683183 27.7265652086 27.7576490741 27.818446355 46.7506906383 78.4645120614 53.6149667855 27.9983643093 28.1339304557 28.203025706 27.5304956752 27.5387840363 27.9846422517 27.7779565346 27.6218396123 28.2040292807
0 0 27.5732265475 45.2696956749 45.2696956749 43.3587626941 43.3587626941 27.8598685949 27.9694010368 27.6169449878 28.156648887 27.9243924319 27.5319176452 27.7619923937 27.7077768088 27.6604328162 27.8999139761 27.8203937173 27.7228063564 27.8678934509 27.5405608879 28.1432456738 28.1306965819 28.064882452 27.7116797323 28.01878474 28.1474799507 27.718368933 27.5553790744 28.1795014481 27.6326364104 27.8021516172 28.0286598523 27.7642389977 27.5686613598 27.9775710695 27.7502228909 27.779846249 27.8282934797 27.7670467829 28.023603691 78.4645120614 78.4645120614 62.8501046996 62.8501046996 27.6986889439 27.957748905 27.5797724448 27.528834291 28.0359893254 27.8957789087 28.1280856731 27.66533489
0 0 52.4800034098 45.2696956749 45.2696956749 56.6952464056 28.0299374824 27.7311479871 27.9058788656 27.8634118873 28.0346112693 28.1076863554 28.1927305572 27.6280558928 27.7226831212 27.737924775 28.121073637 28.0530843464 27.9026923442 27.5773966397 27.9202446816 28.0782741889 28.1054585182 27.602702921 27.8598945836 27.7522474441 27.8911099012 28.0776971366 27.6782495361 27.9475833017 28.0695947753 27.9714541477 27.9212994706 28.1790835244 27.69757874 27.7345662883 27.9133773997 28.1009851672 28.0991472276 27.5109825247 28.1092679976 28.006240579 62.8501046996 62.8501046996 62.8501046996 27.9107042992 27.5487481631 28.1951573198 27.9334072569 27.7580610735 27.7718628255 28.0196472133 27.9964094194
23.3666882185 24.9416733986 12.0640447328 58.6779408535 58.6779408535 27.7809685142 27.7852291275 28.1239793348 27.6538732501 27.8686610161 27.5106296317 28.1316271434 27.9931888131 27.6277361231 28.0678168724 28.1986992869 27.7831525746 27.8351719623 27.5596667445 27.8154768431 27.7027660578 27.5048653483 27.5598044124 27.8701516323 27.7875668061 27.5535861488 27.5836903698 28.0573763521 27.971714945 27.5246498111 28.0936421067 27.5878443082 28.150670869 27.9830960944 28.0827063273 28.1154945521 27.6915152248 27.7543358812 27.5945681379 28.011279637 27.8838039068 78.4877043496 27.5076813859 55.8203893395 55.8203893395 27.7019723281 27.5727368079 27.7378848366 27.6062761696 27.5833980797 27.9110339827 27.8914598256 27.8457186913
12.4218669047 10.1894849181 19.655517986 50.5843215146 56.0197051892 0 27.9560982669 27.5113586896 27.9834432913 27.6935356856 27.9440851298 27.7651951932 27.9349389583 27.6688861455 27.8713930729 27.5736417055 28.0258742923 28.0100856999 27.6281121059 27.8799354004 27.6382324052 27.5909356678 27.950235815 28.1651400095 27.6119040013 28.1156206533 28.0202300528 27.7982185627 27.8322343323 27.7403320739 27.7184996599 27.9170595709 28.1621398662 27.8347065847 27.9114657965 27.6015986324 27.5616531536 27.6259639199 27.7173254887 28.0224440744 27.9222393116 57.6053489047 56.3966687136 55.8203893395 55.8203893395 63.2461687907 28.161767025 27.9089624063 27.8524000136 27.9611020407 28.0686842818 28.1740398767 27.7787097117
17.5633513819 21.4684231355 13.822353898 50.5843215146 0 0 27.8585084017 27.8702454665 27.8947799358 28.1117247294 28.1772136611 27.8134894135 27.8880011525 27.6026360774 27.9847164692 27.6662278477 27.569478927 28.1800762996 27.548958022 28.1382360226 27.643184599 27.582179063 28.1359600405 27.5866689929 27.8100986414 27.7799690819 27.9431730988 28.171543926 27.9077402293 27.9478169906 27.896129016 27.7663472192 28.0615622041 27.5165899964 27.7948753258 27.6932953965 27.8416655651 27.958886241 28.1665464064 27.5440262855 27.5782267713 56.3966687136 56.3966687136 56.3966687136 47.1300858577 27.7225605817 27.9410320308 27.9989006644 27.8224565651 28.1669857332 27.8359947987 27.5793253667 28.0341029492
56.9541040511 48.4429867836 48.4429867836 0 0 0 27.7027058522 27.6678204861 27.9598619898 27.5031087299 27.7374028385 28.133310274 27.7366319621 27.7126724231 27.8586937561 27.9833737564 27.8917982396 28.0270239138 27.5876344197 28.0007439698 27.697362248 27.5860955245 27.5659163765 27.9861000801 28.0207141879 27.5519591173 27.745539541 27.5734974666 27.6902664679 27.9256978164 27.9745449575 27.7456530401 27.8482948404 28.1188973822 28.1087397785 28.041897106 28.0994491397 28.0589551306 28.1128968302 27.661847556 27.9488089193 47.4110854126 56.3966687136 47.4110854126 47.1300858577 47.1300858577 27.6788070235 27.706536202 27.796849394 27.5848172187 27.5057545412 27.9918939356 27.6733517223
