Spatial_Output/BAU/BAU_0833.asc
NCOLS 155
NROWS 192
XLLCORNER 196307.867259
YLLCORNER 449144.565805
CELLSIZE 33.573938
NODATA_VALUE NaN
[rows 111 to 147 of 192, columns 0 to 82 of 155]
0 0 0 0 0 0 0 0 0 0 0 0 0 0 0 0 0 0 0 0 0 0 0 0 0 0 0 0 0 21 21 21 21 21 21 21 21 21 21 21 21 21 21 21 21 21 21 21 45.5581079534 45.5581079534 45.5581079534 21 21 43.8195039238 43.8195039238 34.8888443703 47.6179105673 47.6179105673 52.3178866029 53.195184505 47.4995918094 45.0706673577 45.0706673577 47.4856951434 21 21 38.9648359801 38.9648359801 49.0513803249 41.5086464086 41.5086464086 41.5086464086 52.3685369124 44.0070226459 43.1069810817 43.061584453 43.061584453 21 21 62.5569732944 21 50.8913377717 50.8913377717
0 0 0 0 0 0 0 0 0 0 0 0 0 0 0 0 0 0 0 0 0 0 0 0 0 0 0 0 0 0 21 21 21 21 21 21 21 21 21 21 21 21 21 21 21 21 21 21 45.2297598164 49.8102295502 49.8102295502 45.2297598164 21 43.8195039238 43.8195039238 52.976279379 47.6179105673 47.6179105673 52.3178866029 53.195184505 47.4995918094 45.0706673577 45.0706673577 21 47.4856951434 21 38.9648359801 38.9648359801 49.0513803249 41.5086464086 41.5086464086 40.2743952796 21 44.0070226459 43.061584453 43.1069810817 43.061584453 46.4332004895 21 21 21 21 21
0 0 0 0 0 0 0 0 0 0 0 0 0 0 0 0 0 0 0 0 0 0 0 0 0 0 0 0 0 0 0 21 21 21 21 21 21 21 21 21 21 21 21 21 21 21 21 21 49.8102295502 49.8102295502 49.8102295502 21 21 21 21 21 47.6179105673 45.2493093934 47.4995918094 21 21 21 21 21 21 55.3719631641 21 21 21 21 21 21 21 21 21 21 58.221176101 58.221176101 21 21 21 21 21
0 0 0 0 0 0 0 0 0 0 0 0 0 0 0 0 0 0 0 0 0 0 0 0 0 0 0 0 0 0 0 21 21 21 21 21 21 21 21 21 21 21 21 21 21 21 21 21 21 43.2204775878 51.8789956022 21 65.4305144005 65.4305144005 65.4305144005 21 21 21 21 21 21 21 21 55.3719631641 55.3719631641 21 21 21 21 21 21 21 21 21 21 21 58.221176101 58.221176101 58.221176101 21 21 21 21
0 0 0 0 0 0 0 0 0 0 0 0 0 0 0 0 0 0 0 0 0 0 0 0 0 0 0 0 0 0 0 0 21 21 21 21 21 21 21 21 21 21 21 21 21 21 21 21 21 21 21 21 21 65.4305144005 65.4305144005 21 21 21 21 21 21 21 43.0216448393 80.4178256347 21 21 21 21 21 21 21 21 21 21 21 21 39.7209104763 58.221176101 59.6240098979 56.2487408294 45.4843625873 21 21
0 0 0 0 0 0 0 0 0 0 0 0 0 0 0 0 0 0 0 0 0 0 0 0 0 0 0 0 0 0 0 0 21 21 21 21 21 21 21 21 21 21 21 21 21 21 21 21 21 21 21 21 21 21 51.2847538595 55.1745920117 21 21 21 21 21 21 80.4178256347 80.4178256347 80.4178256347 21 21 21 21 21 21 21 21 21 21 21 49.9789866376 49.9789866376 49.9789866376 45.4843625873 45.4843625873 45.4843625873 21
0 0 0 0 0 0 0 0 0 0 0 0 0 0 0 0 0 0 0 0 0 0 0 0 0 0 0 0 0 0 0 0 0 21 21 21 21 21 21 21 21 21 21 21 21 21 21 21 21 21 21 21 21 21 51.2847538595 51.2847538595 21 21 21 60.8686942463 53.5075493338 21 21 54.6496735486 21 21 21 21 21 21 21 21 21 21 21 21 49.9789866376 49.9789866376 47.245815008 56.2487408294 56.2487408294 45.4843625873 21
0 0 0 0 0 0 0 0 0 0 0 0 0 0 0 0 0 0 0 0 0 0 0 0 0 0 0 0 0 0 0 0 0 21 21 21 21 21 21 21 21 21 21 21 21 21 21 21 21 21 21 21 21 21 21 21 56.7538811569 21 60.8686942463 60.8686942463 60.8686942463 53.5075493338 47.5203396545 21 39.7802680764 21 21 21 21 21 21 21 21 21 21 21 21 57.7420481843 57.7420481843 57.7420481843 21 21 21
0 0 0 0 0 0 0 0 0 0 0 0 0 0 0 0 0 0 0 0 0 0 0 0 0 0 0 0 0 0 0 0 0 0 21 21 21 21 21 21 21 21 21 21 21 21 21 21 21 21 21 21 21 21 21 56.7538811569 46.4735412907 46.4735412907 60.8686942463 60.8686942463 53.5075493338 51.3418381209 45.7183328201 45.7183328201 47.5203396545 21 21 21 21 21 21 21 21 21 21 21 21 57.7420481843 57.7420481843 57.8013909765 21 21 21
0 0 0 0 0 0 0 0 0 0 0 0 0 0 0 0 0 0 0 0 0 0 0 0 0 0 0 0 0 0 0 0 0 0 0 21 21 21 21 21 21 21 21 21 21 21 21 21 21 21 21 21 21 21 21 37.5298702915 46.4735412907 46.4735412907 21 21 64.2078033098 46.1879481431 45.7183328201 45.7183328201 77.8975985449 21 21 21 21 21 21 21 21 21 21 21 21 21 21 21 21 21 21
0 0 0 0 0 0 0 0 0 0 0 0 0 0 0 0 0 0 0 0 0 0 0 0 0 0 0 0 0 0 0 0 0 0 0 21 21 21 21 21 21 21 21 21 21 21 21 21 21 21 21 21 21 21 21 21 21 50.5955737203 50.5955737203 47.6875134819 21 77.8975985449 77.8975985449 77.8975985449 21 21 21 21 21 21 21 21 21 21 21 21 21 21 21 21 21 21 21
0 0 0 0 0 0 0 0 0 0 0 0 0 0 0 0 0 0 0 0 0 0 0 0 0 0 0 0 0 0 0 0 0 57.4986684938 43.4846368367 65.1355628675 21 21 21 21 21 21 21 21 21 21 21 21 21 21 21 21 21 21 21 21 21 50.5955737203 50.5955737203 47.6875134819 42.6078403781 42.6078403781 42.6078403781 57.2984527188 21 21 21 21 21 21 21 21 21 21 21 21 21 21 21 21 21 21 21
0 0 0 0 0 0 0 0 0 0 0 0 0 0 0 0 0 0 0 0 0 0 0 0 0 0 0 0 0 0 37.7344170153 38.0838197666 40.9784267772 43.6201309302 43.4590640964 57.4986684938 21 21 21 21 21 21 21 21 21 21 21 21 21 21 21 21 21 21 21 21 21 21 21 42.5587488132 21 42.6078403781 42.6078403781 21 21 21 21 21 21 21 21 21 21 21 21 21 21 21 21 21 21 21 21
0 0 0 0 0 0 0 0 0 0 0 0 0 0 0 0 0 0 0 0 0 0 0 0 0 0 0 0 42.339781604 42.339781604 42.4989029564 42.4989029564 43.9558199294 34.9375375387 39.9601597567 43.4846368367 52.0434106701 21 21 21 21 21 21 21 21 21 21 21 21 21 21 21 21 21 21 21 21 21 21 21 21 57.2984527188 21 21 21 21 21 21 21 21 21 21 21 21 21 21 21 21 21 21 21 21 21
0 0 0 0 0 0 0 0 0 0 0 0 0 0 0 0 0 0 0 0 0 0 0 0 0 57.1963571753 69.1107326267 73.7669453859 42.339781604 42.339781604 42.339781604 42.4989029564 43.229662546 36.3413329068 33.4631014468 54.7063549248 0 0 21 21 21 21 21 21 21 21 21 21 21 21 21 21 21 21 21 21 21 21 21 21 21 21 21 21 21 21 21 21 21 21 21 21 21 21 21 21 21 21 21 21 21 21 21
0 0 0 0 0 0 0 0 0 0 0 0 0 0 0 0 0 0 0 0 0 0 0 0 0 57.1963571753 57.1963571753 57.1963571753 73.7669453859 42.339781604 42.339781604 45.1180240296 51.6051166195 55.145741716 0 0 0 0 21 21 21 21 21 21 21 21 21 21 21 21 21 21 21 52.2742118986 43.2340497054 54.0326024521 54.0326024521 21 76.485821902 21 46.0649265963 46.0649265963 21 21 21 21 21 21 21 21 21 21 21 21 21 21 21 21 21 21 21 21 21
0 0 0 0 0 0 0 0 0 0 0 0 0 0 0 0 0 0 0 0 0 0 0 0 0 57.1963571753 57.1963571753 60.8954813382 73.7669453859 50.6089134352 0 0 0 0 0 0 0 0 0 21 21 21 21 21 21 21 21 21 21 21 60.3916478626 39.399563981 39.399563981 52.7195364843 52.7195364843 54.0326024521 54.0326024521 37.6984401701 76.485821902 76.485821902 46.0649265963 46.0649265963 21 21 21 21 21 21 21 21 68.9858424988 21 47.2060321324 59.1091366032 21 58.4620973203 58.4620973203 21 21 21 21 37.9282251357 37.9282251357
0 0 0 0 0 0 0 0 0 0 0 0 0 0 0 0 0 0 0 0 0 0 0 0 0 0 0 0 0 0 0 0 0 0 0 0 0 0 0 0 21 21 21 21 21 21 21 21 21 73.4970187669 73.4970187669 39.399563981 39.399563981 52.7195364843 52.7195364843 60.4931522925 54.0326024521 37.6984401701 46.4931225228 21 21 41.7288168012 41.7288168012 41.7288168012 21 48.3844590819 21 46.3522266752 46.3522266752 68.9858424988 68.9858424988 47.2060321324 47.2060321324 21 58.4620973203 58.4620973203 58.4620973203 21 21 21 37.9282251357 37.4859053637 21
0 0 0 0 0 0 0 0 0 0 0 0 0 0 0 0 0 0 0 0 0 0 0 0 0 0 0 0 0 0 0 0 0 0 0 0 0 0 0 0 0 21 21 21 21 21 21 43.9107682556 43.9107682556 21 21 21 39.399563981 21 21 21 21 21 21 21 21 41.7288168012 41.7288168012 66.3400831144 48.3844590819 48.3844590819 48.3844590819 46.3522266752 46.3522266752 68.9858424988 68.9858424988 21 21 21 59.1091366032 21 58.4620973203 21 21 21 37.4859053637 37.4859053637 21
0 0 0 0 0 0 0 0 0 0 0 0 0 0 0 0 0 0 0 0 0 0 0 0 0 0 0 0 0 0 0 0 0 0 0 0 0 0 0 0 0 21 21 21 21 55.2961610918 55.2961610918 43.9107682556 43.9107682556 21 21 21 21 21 21 21 21 21 21 21 21 63.8184455177 63.8184455177 66.3400831144 21 51.8317738773 48.3844590819 42.8434925095 46.3522266752 21 68.9858424988 21 21 21 21 21 21 21 21 21 37.4859053637 37.4859053637 21
0 0 0 0 0 0 0 0 0 0 0 0 0 0 0 0 0 0 0 0 0 0 0 0 0 0 0 0 0 0 0 0 0 0 0 0 0 0 0 0 0 0 21 21 21 55.2961610918 55.2961610918 55.2961610918 43.9107682556 21 21 21 21 21 21 21 21 21 21 21 21 63.8184455177 63.8184455177 44.3899257494 21 21 21 21 21 21 21 21 21 21 21 21 21 21 21 21 55.0289614495 21 52.6677164456
0 0 0 0 0 0 0 0 0 0 0 0 0 0 0 0 0 0 0 0 0 0 0 0 0 0 0 0 0 0 0 0 0 0 0 0 0 0 0 0 0 0 0 21 21 21 55.2961610918 21 21 21 21 21 21 21 21 21 21 37.3016023034 37.3016023034 21 21 21 44.3899257494 55.4145884494 44.3899257494 21 21 21 21 21 21 21 21 21 21 21 21 21 21 21 21 21 52.6677164456
0 0 0 0 0 0 0 0 0 0 0 0 0 0 0 0 0 0 0 0 0 0 0 0 0 0 0 0 0 0 0 0 0 0 0 0 0 0 0 0 0 0 0 21 21 46.116176774 53.0425024913 53.0425024913 21 21 21 21 21 52.8017801969 46.9834110722 41.2659597954 70.9843594971 37.3016023034 37.3016023034 41.9342179129 21 21 21 55.4145884494 55.4145884494 55.4145884494 21 21 21 21 21 21 21 21 21 21 21 21 21 21 21 21 21
0 0 0 0 0 0 0 0 0 0 0 0 0 0 0 0 0 0 0 0 0 0 0 0 0 0 0 0 0 0 0 0 0 0 0 0 0 0 0 0 0 0 0 0 21 53.0425024913 53.0425024913 21 21 21 21 21 70.5450269421 52.8017801969 41.2659597954 41.2659597954 41.2659597954 21 37.3016023034 21 21 21 55.4145884494 55.4145884494 58.0502382295 21 21 21 21 21 21 21 21 21 21 21 21 21 21 21 21 21 21
0 0 0 0 0 0 0 0 0 0 0 0 0 0 0 0 0 0 0 0 0 0 0 0 0 0 0 0 0 0 0 0 0 0 0 0 0 0 0 0 0 0 0 0 21 21 53.0425024913 48.436537821 21 21 21 46.9258649654 70.5450269421 52.8017801969 52.8017801969 52.8017801969 21 21 21 21 21 21 21 58.0502382295 58.0502382295 58.0502382295 21 21 21 21 21 21 21 21 21 21 21 21 21 21 21 21 21
0 0 0 0 0 0 0 0 0 0 0 0 0 0 0 0 0 0 0 0 0 0 0 0 0 0 0 0 0 0 0 0 0 0 0 0 0 0 0 0 0 0 0 0 21 21 21 21 21 21 21 39.1463438861 39.1463438861 21 21 21 21 21 21 21 21 21 21 58.0502382295 58.0502382295 49.9016704943 49.9016704943 21 21 21 21 21 21 21 21 21 21 21 21 21 21 21 21
0 0 0 0 0 0 0 0 0 0 0 0 0 0 0 0 0 0 0 0 0 0 0 0 0 0 0 0 0 0 0 0 0 0 0 0 0 0 0 0 0 0 0 0 0 21 41.3234580768 41.3234580768 21 21 43.3640269786 46.1987129004 39.1463438861 50.9322850113 21 21 21 21 21 21 21 21 21 21 49.9016704943 21 21 21 21 21 21 21 21 21 21 21 21 21 21 21 21 21 21
0 0 0 0 0 0 0 0 0 0 0 0 0 0 0 0 0 0 0 0 0 0 0 0 0 0 0 0 0 0 0 0 0 0 0 0 0 0 0 0 0 0 0 0 0 21 41.3234580768 41.3234580768 21 21 46.1987129004 46.1987129004 46.1987129004 21 21 21 21 21 21 21 21 21 21 21 58.5750655727 58.5750655727 58.5750655727 21 21 21 21 21 21 21 21 21 21 21 21 21 21 21 21
0 0 0 0 0 0 0 0 0 0 0 0 0 0 0 0 0 0 0 0 0 0 0 0 0 0 0 0 0 0 0 0 0 0 0 0 0 0 0 0 0 0 0 0 0 21 42.9889199753 42.9889199753 21 46.8263156389 21 68.3941793717 43.3640269786 21 21 21 21 21 21 21 21 21 21 21 21 55.6064612236 21 21 21 21 21 21 21 21 21 21 21 21 21 21 21 21 21
0 0 0 0 0 0 0 0 0 0 0 0 0 0 0 0 0 0 0 0 0 0 0 0 0 0 0 0 0 0 0 0 0 0 0 0 0 0 0 0 0 0 0 44.0489072443 34.8405565924 48.7835746861 42.9889199753 21 21 21 21 21 21 21 21 21 21 21 21 21 21 21 21 21 21 35.4687975789 35.4687975789 43.7952896827 21 21 21 21 21 21 21 21 21 21 21 21 21 21 21
0 0 0 0 0 0 0 0 0 0 0 0 0 0 0 0 0 0 0 0 0 0 0 0 0 0 0 0 0 0 0 0 0 0 0 0 0 0 0 0 0 57.8744494234 57.8744494234 44.0489072443 34.8405565924 34.8405565924 21 21 21 21 21 21 21 21 21 21 21 21 21 21 21 21 21 21 21 35.4687975789 35.4687975789 62.7098367375 21 21 21 21 21 21 21 21 21 21 21 21 21 21 21
0 0 0 0 0 0 0 0 0 0 0 0 0 0 0 0 0 0 0 0 0 0 0 0 0 0 0 0 0 0 0 0 0 0 0 0 0 0 0 76.5004150792 34.8405565924 57.8744494234 57.8744494234 57.8744494234 44.0489072443 34.8405565924 21 21 21 21 21 21 21 21 21 21 21 21 21 21 21 21 21 21 21 61.5160441282 62.7098367375 21 21 21 21 21 21 21 21 21 21 21 21 21 21 21 21
0 0 0 0 0 0 0 0 0 0 0 0 0 0 0 0 0 0 0 0 0 0 0 0 0 0 0 0 0 0 0 0 0 0 0 0 0 0 76.5004150792 76.5004150792 44.0489072443 57.8744494234 57.8744494234 57.8744494234 69.9214308253 0 0 21 21 21 21 21 21 21 21 21 21 21 21 21 21 21 21 21 61.5160441282 61.5160441282 61.5160441282 21 21 21 21 21 21 21 21 21 21 21 21 21 21 21 21
0 0 0 0 0 0 0 0 0 0 0 0 0 0 0 0 0 0 0 0 0 0 0 0 0 0 0 0 0 0 0 0 0 0 0 0 0 0 76.5004150792 76.5004150792 68.6735279038 34.8405565924 44.0489072443 0 0 0 0 21 21 21 21 21 21 21 21 21 21 21 21 21 21 21 21 21 21 21 45.6496570482 21 21 21 21 21 21 21 21 21 21 21 21 21 21 21 21
0 0 0 0 0 0 0 0 0 0 0 0 0 0 0 0 0 0 0 0 0 0 0 0 0 0 0 0 0 0 0 0 0 0 0 0 0 0 49.553435664 76.5004150792 49.553435664 0 0 0 0 0 0 21 21 21 21 21 21 21 21 21 21 21 21 21 21 21 21 21 21 21 21 21 21 21 21 21 21 21 21 21 21 21 21 21 21 21 21
0 0 0 0 0 0 0 0 0 0 0 0 0 0 0 0 0 0 0 0 0 0 0 0 0 0 0 0 0 0 0 0 0 0 0 0 0 0 0 0 0 0 0 0 0 0 0 0 21 21 21 21 21 21 21 21 21 21 21 21 21 21 21 21 21 47.382798059 21 21 21 21 21 21 21 21 21 21 21 21 21 21 21 21 21
0 0 0 0 0 0 0 0 0 0 0 0 0 0 0 0 0 0 0 0 0 0 0 0 0 0 0 0 0 0 0 0 0 0 0 0 0 0 0 0 0 0 0 0 0 0 0 0 0 0 21 21 21 21 21 21 21 21 21 21 21 21 21 21 47.382798059 47.382798059 47.382798059 21 21 21 21 21 21 21 21 21 21 21 21 21 21 21 21
