Spatial_Output/BAU/BAU_0748.asc
NCOLS 155
NROWS 192
XLLCORNER 196307.867259
YLLCORNER 449144.565805
CELLSIZE 33.573938
NODATA_VALUE NaN
[rows 25 to 49 of 192, columns 57 to 113 of 155]
26.3659967335 26.0070519164 26.6086723156 50.6262858478 43.9089623597 43.9089623597 24.9697944026 43.4611117953 43.4611117953 43.4611117953 24.7373571826 27.1037477753 24.4059772252 27.0555572473 23.8217765112 24.3985630259 23.2990351905 23.4965091737 24.2046567744 23.6220161825 24.6322188135 23.6692834504 24.1709849549 23.4063469567 0 0 0 0 0 0 0 0 0 0 0 0 0 0 0 0 23.6161926357 27.078356672 23.0326148606 24.085088401 23.475701539 25.1866474566 24.331357846 24.2947902011 23.8041690768 23.3139997887 24.1103236444 26.0587185273 27.01260731 27.107264458 25.153052355 23.7901270248 26.5970101375
25.9088624726 24.7677279896 26.8285735462 24.3224655171 43.9089623597 43.9089623597 54.5232065238 54.5232065238 25.6969868515 43.4611117953 26.9597074573 25.2312534371 25.3313455301 26.6466748455 24.3775039714 24.7849366508 24.5920624609 24.4652973083 25.4722988698 25.1488957572 23.768697964 23.7678760791 25.8757408754 24.5622913384 25.8763707164 26.5747886756 0 0 0 0 0 26.909356819 23.5435006888 26.8543671791 24.4453162936 24.4012464902 0 0 0 0 25.634583426 26.8138516207 26.3481413408 24.9244407846 27.0436956225 24.5131327052 23.0400504144 23.7592714522 25.7519088325 23.4521574567 24.1284627366 27.028761557 24.5439926331 26.9289178607 23.4399613951 25.3275201206 27.1771013634
24.8440099789 24.6592650098 25.5417711591 23.1031748099 58.4576468018 58.4576468018 54.5232065238 54.5232065238 26.3872519707 24.594376188 23.0056160129 24.3555556047 25.52045164 24.0616558133 26.6017831691 23.0864286176 24.6544580927 23.9081704507 23.4058187188 25.3075977303 26.0302305342 23.1075741363 25.3453325294 23.8969377355 25.3961976346 25.803524846 24.5674089758 23.6382044675 27.0679736621 24.1536562631 26.2132131806 24.0218912731 23.7968707351 26.7137189706 24.592023715 24.2249198541 24.0364573555 24.4128270438 0 26.5607971708 26.9040856844 23.3515649426 23.9475516121 25.9880032192 26.8051733456 25.4890643226 26.9760142689 27.0686537858 27.224330426 26.4977593896 25.3889822577 25.3539666173 26.0088141767 26.3863006324 26.5557731874 25.1764998344 26.5925731706
23.6748263311 24.0575082835 26.3903272525 27.1449823263 58.4576468018 58.4576468018 24.8080747485 54.5232065238 23.6931436406 23.4578725711 38.4003918773 38.4003918773 38.4003918773 26.7615202485 25.0246826827 24.9482135417 25.0775934476 26.9302738829 24.3065212064 23.6275791207 23.8436850751 27.0555036658 24.1332209271 25.0871718743 24.9515210642 24.1367051843 25.7504726242 24.0962003963 23.1214198094 23.7987437339 24.3690031144 25.5595917161 25.3859912326 23.1467773539 23.4510568205 23.0765871811 25.6819248658 24.7088596648 23.7165468137 23.2471854985 25.0613275179 24.8540514539 26.8501743604 24.736118295 25.9788876591 25.9145467221 25.2258035803 24.1165961136 26.143214973 23.7705191918 25.6083369917 23.7734756967 25.9402748052 24.6002522532 25.4129632841 25.6594390665 25.0403348577
24.4755435518 26.1988342627 24.933254357 23.0591426965 52.2759620678 52.2759620678 24.1032557298 25.5715725982 24.9348407785 24.7423823649 26.671145924 38.4003918773 47.1700145853 27.0612565791 24.5003087914 27.2302801838 23.3670263034 25.3484322563 24.1502916362 23.2998987996 25.8926447308 26.5053863673 23.6382241274 25.4107989293 23.8878126078 26.3543281282 23.8317268758 26.1796386611 24.8618410247 24.8569528479 24.0545336477 23.3153779381 25.9722343824 24.0629179032 25.4234158282 25.9384983935 25.8761392918 23.222741476 23.423021921 25.2624231984 24.0833942274 24.718010978 23.2013154597 24.3119683119 25.8712250045 26.752479442 25.9089738054 23.2753715773 23.9068841101 26.932424467 25.1053057212 25.427934235 27.1830596807 23.4921329733 26.6855109465 25.8584178967 24.7138404862
25.194570174 24.5975301634 23.8527562317 52.2759620678 52.2759620678 52.2759620678 43.9753899161 26.4678879058 26.8937271628 23.489159998 25.3231157824 23.1591410353 23.3929648416 25.1611047483 23.8965537825 23.4287543051 25.2202442534 24.3617324761 23.3598861586 26.5084620332 27.1274614951 23.1355946526 26.3897993675 26.9554647751 25.0946150014 25.4571801948 24.7074498693 25.1758377579 26.045948999 26.5407243524 26.9676424654 24.222694914 26.6244272031 27.1872413487 26.4339001952 26.9215268491 23.9229538894 26.9646087922 26.3283187646 26.7941634054 25.6657063972 23.5309347296 27.1044332648 26.7469122092 24.3483299932 25.1322638025 24.618415018 24.4353058091 23.8126319907 24.3892538459 26.1139179933 24.35338256 27.2396663153 26.6236873846 27.0773439144 26.0795533795 24.0184224013
23.2065347886 24.548941964 26.3720467307 24.6871829402 23.5492060487 59.0823550439 59.0823550439 59.0823550439 25.6230953138 26.9836017602 26.7996869433 26.4590395648 25.7885371451 23.8708488766 23.6917262191 26.8197436041 24.4562438626 23.2161540478 24.7123320922 25.0118924539 23.0732895329 24.6724808007 26.9035609482 23.092092467 23.4345356342 25.833239183 25.3837096751 23.9114186278 25.6305350895 25.7837338975 24.1933891769 23.9569057997 24.5274055098 23.7197212578 25.4596988836 26.2795360188 26.5548794401 25.9353768926 23.641279682 23.3977405284 26.7319663915 23.5262628241 26.9261918118 24.6538833961 24.7209321572 26.1102557283 26.5069222137 24.0570345021 24.2436218174 25.5559673691 26.8190775541 26.10965256 26.6796133531 25.6683304375 24.3266629214 24.5119656302 23.633635421
23.3014471568 24.413659084 25.1644725573 26.5156905406 27.0139540279 59.0823550439 59.0823550439 26.5495649044 26.3263949588 26.097550723 23.3577227523 23.1826001176 23.5139216582 23.413687992 23.0250382157 27.13721143 25.7510476948 24.0771585472 25.8294044319 24.5511970457 23.8038208151 25.1489747904 23.7628966949 27.1853406684 26.199154326 25.4031323834 23.9458891649 23.9290121157 23.618852275 25.8691803255 26.7788064291 23.7335058519 24.6820446982 26.6132244036 23.5700277655 24.9863794269 23.9419171012 24.0357887827 23.3706812707 25.9872211596 25.0619863446 25.4825955006 26.717043639 26.5766968301 27.0039703809 26.3963788428 23.6975216093 24.3843398407 24.3411705453 23.3570009779 23.5838814289 26.7646868462 26.3418293017 25.5424597798 25.3347138909 24.9173977782 24.2552630934
23.4446671595 27.1200637903 24.4266232167 23.2625159152 25.3732720711 26.4069275003 27.0163031351 39.2489253672 24.2205979076 27.2118456994 26.857313523 25.7331706063 23.425003998 24.1342527471 24.3527458367 25.1249633475 25.2562259877 25.2199854252 25.6394835478 23.7363366549 25.982949274 24.494013905 24.6000609693 23.8774817219 24.2313282402 26.9430010867 26.5609912069 26.3248608494 23.9882031486 23.9671711705 27.0735988909 23.0679919903 27.0801060871 23.7361057465 24.103717653 24.6084895902 23.5548233798 23.6542296909 24.0105205279 24.7724737818 23.3288536253 25.1460058677 26.1638940698 26.752737148 25.0281933499 24.109265578 26.9564263009 25.1247150963 23.844565323 26.0006501402 26.2099522214 24.152366584 25.2232941226 23.7876993188 24.5719386261 23.0573204325 24.555397491
24.3400596209 25.4103451143 23.2867306408 26.8875536122 24.0597995526 25.3784226109 25.7830935025 25.8771982454 23.635633221 27.2153239702 25.8089352997 25.8300671671 23.5259888251 23.5954714014 24.0549668961 24.9571632109 26.2864658726 24.127337167 24.4747251933 23.9848697641 24.5748266363 25.3037487106 26.3458401023 23.8608361607 25.9277999496 24.01426351 26.7700710195 26.0788796702 26.553192031 26.3010422672 26.5200049124 26.9816116121 25.4505663479 23.7283633379 23.8945360992 24.1624531053 23.9194682264 26.7175455546 24.2894792835 25.5784665052 23.8855042705 26.877602036 23.1873547588 25.6712484379 23.628112532 26.3858978273 26.9924964022 25.3066840988 25.435663089 25.6570101387 24.4175132198 24.654248435 25.7113192405 24.2289136794 24.639877117 26.3776024231 23.3858026105
26.4820240074 23.0841701184 26.7693188831 25.8029912425 23.3294049057 24.2706526185 26.8140028962 23.9328311323 26.1212443256 26.9746005301 24.7076077584 24.7050230413 23.6475725362 25.1327733911 24.2221564111 25.1930612783 23.988928724 25.2433021606 24.3568012877 24.3567344723 23.6530734693 26.2672482813 25.5052391003 25.8312190929 25.1963576127 24.6369698279 27.2400845183 24.2021965088 23.2148434505 26.7832014224 26.8363135708 24.7884628727 25.5299132811 26.0850580129 26.6853633643 25.8837629311 24.9340584184 25.2396181798 24.9135800708 24.8443000789 25.1928766876 26.2447569479 25.7729472702 25.108639361 27.1166025692 25.9757167217 24.0149746173 25.412844949 23.7276079536 23.0216317757 26.0299261152 26.5900021207 24.6254974217 25.3302281911 25.7842644356 26.9886903212 23.277920639
24.4912761334 26.4144163229 25.1720814125 23.9143933662 26.7955103443 27.1870998666 23.2014839495 26.9481723558 23.6599061797 24.2544877154 23.1192806057 26.897886284 25.512665238 25.7927936312 24.3155039009 27.2346624682 24.3831761888 25.8917608665 23.7269998965 24.9590230734 23.6338841612 24.2618901736 23.9205068619 24.8028709081 24.5816598002 24.0435814288 26.2347089081 24.9127428809 25.4355370021 26.0086656864 25.1474059015 27.1646798829 24.4427604615 26.457432254 26.3106177223 26.8540390772 26.8352476267 25.4515510763 26.5381910832 26.9548249646 24.7333189194 27.0800175266 27.0892494857 25.252924694 23.1969869062 25.4854486101 25.3818764918 25.7712421189 24.9036166721 24.9152003594 25.8870743371 26.6187246242 23.0909860624 25.7964326145 24.5361488162 24.8224700853 26.6902833212
26.1207320254 25.5737461436 25.2399029826 25.1645627696 26.3802874022 24.658617338 25.576544552 24.0145297679 24.9462824208 26.5337682258 25.8448422738 24.3044663164 24.3443924938 25.6066244965 24.7207773266 25.8086815516 25.4941732522 25.6601789407 25.1152627363 25.0664970949 23.3219195088 26.1377660326 23.2081015079 26.3669088923 24.5674672896 24.5616593066 25.033164136 27.2342322705 25.6669666079 24.033970569 24.8517619016 23.9583562738 25.5115384752 26.0460782606 25.0635137678 23.4934095648 25.2781443779 27.2135367406 23.0752886938 26.2178533125 23.1748752583 26.6415339255 26.6585307728 24.5322103682 26.8940184364 25.743754802 23.4966538993 23.3232974416 26.280121697 26.7944980428 26.9679859215 26.1574033008 24.8592212972 23.2641538431 23.3099195151 23.8776959555 23.9188916755
27.1269130023 23.3186130084 23.2474181773 23.0062543978 25.9859510903 44.0894646214 26.3511829967 23.966028239 26.5465215855 23.0482350843 25.3061262728 23.1071312509 23.7264686631 23.506791609 24.2328262408 24.133678333 24.412039306 25.0779451888 26.5640319209 25.7319528236 25.3357437219 23.6222018587 26.0338228759 23.8654037201 25.8279581642 24.9694435353 24.4524828818 25.3885781717 26.61416783 24.8697479331 26.7398411219 26.2130211658 25.7691890696 25.1184643551 25.4653368255 23.8379072311 23.384392658 25.9401452265 23.5079541969 25.2607212164 24.3608970889 24.9946398505 24.4914714485 25.7444976487 26.3457037683 24.3628589452 24.2819164257 26.8249974114 24.7175942153 23.8438030576 25.5160305547 25.4517468856 25.1800651156 25.7434355738 24.5157019115 23.4133841363 26.0572902819
23.7641803816 25.8802685583 25.2678485753 41.6261526693 26.9385264627 44.0894646214 25.6997558459 25.1018305456 23.8186014533 23.2738597794 52.2370245357 26.3463178722 24.5196822171 25.9759314342 25.722258939 23.3593410412 26.275702844 26.0171538824 25.0383301263 26.5868154056 23.47361153 23.9420288308 23.0942746306 24.2508692232 26.5360860455 26.5461605731 25.9488153265 24.8992955813 24.0857711656 24.9636551263 24.9940136206 24.6032451028 25.0981467992 23.7342031186 27.154685833 25.905706796 26.9793634384 26.9816424126 25.6081791726 24.4936773845 25.2483179473 24.5385133566 26.6070238864 24.8638321766 25.4455220752 26.94348801 23.3102169036 24.1627702561 24.0126013069 26.6056772586 23.3420819926 26.2622556709 25.1801489858 23.9296804211 26.7248300833 23.3723829061 24.2563701933
26.9407184653 24.583957229 24.6852901783 24.5390044595 68.772735601 25.6849089187 63.7844129702 26.36594736 25.5516152752 58.2026610194 58.2026610194 25.625808745 23.6142077489 23.3078333184 23.7217498698 25.2676608885 26.6791092085 25.9603632165 23.2731034897 23.9246708443 24.4355085376 23.6577656466 24.8872271296 25.7867370024 25.8997447513 24.0439250535 25.3790638324 23.7451384006 27.1341069592 25.6420677827 24.933119216 24.1330099142 25.4164978534 24.4630114115 25.4974934271 25.9033131926 24.0061431999 25.492386065 24.5743014467 25.0171736504 26.8210887957 24.9890350739 23.5206133245 23.4658606274 26.5986851688 26.0928414794 25.263510025 26.0620257258 24.3087253589 23.5700984222 26.8145360046 23.0700553524 24.0587573618 26.4585206615 24.2939823665 25.0665496837 24.86934319
24.68922791 25.4270119139 25.4614145766 23.0057629359 68.772735601 68.772735601 63.7844129702 63.7844129702 58.2026610194 58.2026610194 58.2026610194 27.0480019984 24.830199828 26.1215394203 23.02178816 25.4154894898 27.1519187458 24.0654237518 26.3793129548 25.1475338383 26.1418024912 26.3075798905 23.3767407344 24.9188479891 23.7410765347 25.2058495931 24.2098525094 25.4189176569 23.5663817603 24.8130360027 25.0073475987 25.5217211693 25.5959334751 26.9978498598 24.1415592311 24.8080334737 26.4812116344 26.1072702565 25.2410640329 26.6810603958 25.7020455341 25.3544903092 25.1522555494 26.9633209647 24.2456661599 24.9961289235 25.8986938477 24.6119044684 23.4886669777 25.064524425 27.180075237 25.714251526 25.3809691346 25.6584791025 24.4961674388 24.9484272353 26.1971773966
25.2919604723 24.6629466029 23.6333728915 61.5122039608 68.772735601 68.772735601 64.2082452233 63.7844129702 24.2182818334 25.7488663081 46.336664149 46.336664149 26.3874526372 23.3686957169 26.3902402203 27.2211713742 26.7359024465 23.0314854245 25.9825083464 25.4034492086 25.9444658547 25.4688656961 24.1203305833 25.3726953799 25.5345161578 24.5248875858 23.3801578648 25.8413890184 25.2347174854 26.5834002983 26.5971223773 23.8324705473 26.2224482619 25.771655552 26.6164463788 26.3177028547 26.7996578638 26.1737029903 24.7083694125 26.5525794483 26.6524459929 23.7955455281 26.0699341429 26.0040898349 26.510722975 24.9650474572 25.2726682375 25.0973841636 23.339940915 27.1974896195 26.9950451927 25.2814236303 23.513754949 24.9948665707 26.1133473108 23.1633010038 25.1097561507
26.2460238857 23.0256153213 23.4097420237 38.3289127583 64.2082452233 64.2082452233 25.6930807163 26.7061358211 23.4367128278 25.850579741 25.2187867361 46.336664149 66.2456919173 25.1687362796 48.6854627711 54.9849531027 26.1661531228 25.199792758 23.0335717187 24.4092857518 23.1740549794 25.9460976138 23.566496621 26.4183440595 27.2166065619 26.856359415 25.8426533053 26.5522568285 25.676859313 24.8171952816 24.4658067067 24.168099277 27.0198631371 25.6766746066 24.6442027197 25.1470593897 25.3412719986 27.112651259 25.0024729002 24.5838499668 25.1560571647 27.2359792656 27.1214357445 26.3645198628 27.0485998359 24.0409136653 25.0628526024 24.3106770059 23.7888295625 26.039924342 26.3329812776 24.0410351589 27.1140478877 24.6359008726 24.5241490138 23.6728021271 25.2519997243
23.8231754205 24.2792672229 23.7814722354 64.3035639436 64.3035639436 64.3035639436 64.3035639436 25.3790547551 25.790250038 26.1995816111 24.4076457652 23.7516638185 24.1419378693 23.7624175747 26.7524552654 25.4865795502 26.5032769139 23.7520402617 23.4703270467 24.5151554211 24.3213508966 25.3094996835 25.3757437183 26.3722910565 24.2820033416 26.3832726964 24.171233785 26.9449699869 23.5819205756 27.2167387173 27.2365187155 26.0721028898 26.9199405026 23.1943468135 26.4385287538 25.0847901565 23.1347261428 23.739572047 25.7063865371 25.7808679568 26.236929264 26.1868483479 23.0894066094 25.8620142641 23.2602428951 23.578860859 23.9080485229 24.1585417351 26.588790533 23.0608925498 26.1323995013 26.4105619903 25.8109988129 26.3421132657 25.7785560356 24.1230409531 40.2285665255
24.0972097911 24.4658138834 23.7952770498 26.224815199 59.3643525388 59.3643525388 25.923573305 25.6386662795 24.3764134745 25.567093723 26.1803470737 25.2186526113 24.374663909 26.2284038237 26.6928383672 23.3198590753 26.8011172297 26.8084365629 24.8586869233 27.1578392114 26.5178442828 27.1511099689 23.1230747245 23.7091705946 25.3075290177 25.6023010563 26.0445507589 26.2590491669 24.0295671394 26.615539367 26.309178875 26.1655220531 26.2763029927 24.5461301719 23.6286088762 24.3168362528 24.9599479584 25.5355364827 23.3508748321 23.4598704739 25.5395021108 27.1446652375 25.4149785242 25.5997862771 24.0929153252 23.1168975344 25.3774023379 24.8369968049 23.5950743442 23.5619533467 25.4059077676 27.0418232196 24.682828398 23.2646215276 26.9210723588 27.2172660027 23.7181855545
26.9297595296 26.6471972172 23.78450937 26.746271493 59.3643525388 59.3643525388 26.0900395934 25.5770009676 26.0224051274 23.0100905717 24.7002838635 26.4989871676 26.4879729206 25.4874972814 25.8984910636 26.8451134127 25.4864348624 25.5640965851 24.9683071591 26.6534101073 26.8316759804 26.051547845 27.0562924604 27.213853696 26.9971391926 26.9269171526 24.581422228 25.9622187233 24.4862520369 26.6177139202 24.9055130346 25.0364696572 25.3819077348 27.0786836767 23.7205417326 26.3258976636 24.6914310459 24.601102439 24.3288557579 25.7122918262 24.0057391735 24.9739195976 23.3889344445 26.5217602238 25.91057802 24.6931265948 25.4593082349 26.0732313739 25.565775171 24.432978485 24.6998421249 24.8641260322 26.0736410097 26.01226023 25.068540762 23.9458294519 46.0376230613
26.6465277385 24.4481654407 25.3844663557 23.8805266344 25.277641929 26.535532979 23.6505958508 26.1487731701 24.0080640108 25.4242594923 25.1839807927 24.5348459056 25.1698002166 24.4087757273 23.1186207394 23.5492040507 26.2497481092 26.718664723 24.5933703145 25.7707643511 24.6777231476 23.6489405543 23.4441079822 24.2497037042 27.1168961085 24.7050939772 24.6284022029 23.091043012 23.2518212583 26.78621954 26.3339168305 24.9274621577 23.6302079615 23.5026208343 24.7180315554 26.8747677729 23.4546187014 27.044522584 24.1327325515 26.8593421765 26.0464547958 24.3804940073 24.9881952424 26.3598312029 24.9646115163 26.4976523273 23.6329046648 24.570417121 26.3460484582 26.3797139349 24.1601269778 24.4572049921 25.8920204364 23.8514153462 24.4893868821 24.1188152412 44.2810915864
23.9356191694 23.6436589018 27.0837098265 25.0568522996 53.1931258289 44.9271152261 44.9271152261 53.1931258289 25.2473560449 25.8353991619 26.4329724327 24.3908137414 23.3243217095 64.2609131481 64.2609131481 64.2609131481 26.6701143331 24.9605365489 23.1955454235 24.9840902923 23.8235110473 25.6750015127 23.8320205318 23.3235453926 25.672671895 26.2301904438 24.6958102358 23.5160373608 25.5444384902 23.1772772966 26.8036291094 23.124178141 23.5423074807 24.540272807 23.5945352306 27.0242999013 26.0857718343 23.8619820135 25.2247560534 25.5491559744 26.389366893 26.0447466896 23.4125704992 23.8120270762 25.4360298509 25.0370431399 26.5067365079 25.0120959632 24.642719158 25.4734964294 25.1180248851 23.8246904294 24.5495560705 25.2067613092 55.3722267927 43.7415204207 43.2430493195
26.8744451902 25.2444718169 26.2078890253 27.0981938118 26.7483278466 57.4215927598 57.4215927598 57.4215927598 25.300564647 23.1011189653 24.7311543161 25.0188463547 26.7607984241 64.2609131481 23.8421548936 25.7829100473 27.0154261704 24.2788813736 25.2486356294 25.8723136649 24.8366349464 26.9649794748 26.1857035342 25.7077713419 24.1835266786 24.7659812959 26.9135465904 23.4358336244 26.6902550158 24.6720839319 25.2658667229 27.0595147099 25.7148247399 23.7498590804 26.0973840232 23.0334693819 25.1365920786 26.7563519325 26.7224444244 26.7315865171 26.9480481374 26.3383471996 25.6034627117 26.7080908021 25.5191133073 24.0731952794 25.7427631866 26.1405865542 25.3119347348 25.6118107341 26.6776936672 25.7433072557 25.0535451704 25.2197157304 55.3722267927 39.8256357512 43.9754753245
