Spatial_Output/BAU/BAU_0979.asc
NCOLS 155
NROWS 192
XLLCORNER 196307.867259
YLLCORNER 449144.565805
CELLSIZE 33.573938
NODATA_VALUE NaN
[rows 75 to 99 of 192, columns 56 to 111 of 155]
52.9348239283 53.8530677729 24.1320670661 23.8901397765 23.7605352674 25.4653516536 61.6995444563 61.6995444563 61.6995444563 24.8821051053 25.099046697 24.4507041769 24.8292640931 23.695484673 24.1592450883 45.7226733341 42.0620516048 42.0620516048 38.0138398596 25.0652903711 24.9387780335 81.518099163 24.5046507583 24.5161028488 55.8347074179 55.8347074179 55.8347074179 55.9124783215 55.9124783215 35.8260927943 23.5125017216 23.9543498104 25.4054172753 25.0533643159 23.8744466236 23.8886843415 24.57034148 24.8649103043 23.9794960726 25.3993714228 24.306313507 24.8561033218 24.7034503875 24.5211808207 24.42898021 25.332311877 23.66361632 24.8029890957 25.4756831949 24.8961713558 25.4710213297 23.513552237 25.5875726687 24.6531789086 24.4164019294 25.3090260774
52.9348239283 52.9348239283 24.28549474 23.8876346199 23.7703088033 25.4258042148 24.0896580476 24.1238147423 25.1362400081 25.1039463625 23.7974123632 25.1940514062 24.7044365957 52.0526497966 23.7698843495 24.4628611211 57.3825617529 38.0138398596 38.0138398596 24.779168766 25.6213200347 23.6712165252 23.9042433874 24.6084292817 24.2163816541 25.5001530605 24.4643920989 52.4639544011 50.1793439989 50.1793439989 25.5654306568 23.6561041638 25.0268444237 25.009360682 23.6635647649 24.0835004578 24.68905427 24.146138904 25.3634375902 25.3127221513 24.8936503267 24.0419587253 23.8877071283 25.2845209249 24.838876867 24.2850236159 23.9025790342 24.8487519721 23.6179389744 25.0291087214 24.9738677652 24.923134882 24.8731263941 25.2925266784 23.5754253448 25.567327891
42.929614621 24.9996531697 24.9999654471 24.8113916799 24.1425880344 25.171290111 25.0207147456 24.9347299188 24.7799734032 24.0533657264 25.4088977992 25.4130611718 31.0988357851 40.1962920389 32.3237834328 57.3825617529 57.3825617529 23.8418976615 59.3427933894 23.9926300071 25.0244699824 25.055761275 23.8441402216 24.6332807067 25.2479022912 23.6635136223 24.6179401027 50.1793439989 50.1793439989 50.1793439989 24.265594278 24.7035880929 24.0915559645 25.0684111304 24.6322364276 23.6531742334 24.0353950688 23.8299411633 24.2577884509 24.4720433693 25.3677736362 24.8441402771 24.8203439246 24.0945036027 24.0998069053 24.1379795496 24.1732448219 24.3479880608 24.4618498279 24.2893952504 24.1148898366 24.0706692298 25.1735338341 23.8107441973 25.1966981897 24.5661680782
42.929614621 42.929614621 53.5857709565 56.137125195 53.8171390287 77.6394904822 57.616579767 25.3931455488 23.7082770727 59.3252207611 24.9741356983 25.4697860116 36.7926898002 34.7111671708 30.8797169998 23.9989220465 24.0611898196 59.3427933894 24.1144710995 25.0907674272 24.4118420274 24.8497037305 25.3958042644 24.0278971096 24.0844231722 24.3009366155 25.5829671272 25.5766833621 69.4187498294 69.4187498294 59.2427786645 24.1960886609 23.6076609288 24.7532985281 23.9888692054 25.567265678 24.8467925967 24.6761938341 25.0125888778 23.9867979231 23.9038280832 23.6467974075 24.2018149012 25.556089627 24.3844046781 24.8479326938 24.3498905917 24.565797574 50.4803065217 25.5119364563 24.9072118325 75.1178257275 24.2307908318 25.4358590512 24.5516973897 24.5504347744
42.7922320356 42.7922320356 42.7922320356 53.8171390287 53.8171390287 77.6394904822 77.6394904822 60.0954122114 60.0954122114 60.0954122114 60.0954122114 23.5386325895 36.7582258595 32.8195712069 31.3969371933 23.5746067275 24.3250215385 24.0815705327 25.1838626876 36.0023735744 24.0798439993 24.9612357687 24.4851058388 23.5534832361 24.3912310975 23.9112712087 25.350700899 24.4673439023 69.4187498294 69.4187498294 69.4187498294 25.515064783 23.6486286737 23.8165873763 24.6465406032 24.8999137824 25.2572506909 25.1664552133 23.7223411242 24.416640182 24.0093627444 25.3205669219 23.5646572958 25.5817732846 24.8267236896 23.8585386179 24.3126951131 50.4803065217 50.4803065217 50.4803065217 24.9549812424 24.0233822901 24.6454377824 23.8237316987 23.8840761854 25.2063715188
42.7922320356 42.7922320356 53.5857709565 53.8171390287 77.6394904822 77.6394904822 57.616579767 64.4829634607 60.0954122114 60.0954122114 23.8971134134 24.133493545 24.9429660226 23.6537224038 25.3791017507 24.4869865038 23.8733240871 36.0023735744 36.0023735744 36.0023735744 25.5158175762 24.7125999333 23.8580874065 23.5969659368 25.1272275534 25.0734726278 23.7075807702 23.8582291239 33.0316245074 43.7972660232 80.0093788491 23.6702190309 25.0640696089 25.1784975844 23.8263008256 24.7931820148 24.4840642318 24.8747518576 24.6124905175 24.3900100373 24.1498146586 24.0942034662 25.0509032361 25.5754379019 24.6092605584 24.6904046596 24.0051446427 23.7545070486 50.4803065217 24.8360600358 25.487443961 75.1178257275 75.4675039589 24.7168340334 23.8939153458 25.5931641634
23.7810249523 24.1206791665 25.5920198123 23.9711233948 25.6141367408 25.138935082 69.4822722531 24.2074027754 43.2669288273 24.262743416 45.2735986127 23.8555866003 23.8107318867 25.5440950439 24.5832424638 24.8919766996 24.4572856879 24.4193830375 36.0023735744 36.1771197188 25.5192350647 24.9609013169 25.5752155774 24.0334683318 23.9916469675 24.1537727444 23.6290256946 24.0720561272 43.7972660232 43.7972660232 43.7972660232 24.4662194995 24.3086523951 25.5950186413 23.6472470268 24.2454760555 24.7811406403 25.1042070513 23.7481455444 24.7729197945 25.0359571409 24.0370297083 25.4310532897 25.5833494604 24.9389383698 23.7738684483 24.7946217391 40.6048862221 25.523868775 24.1486883249 24.9714737497 24.4916122714 24.3732636938 25.3030302345 23.6681991181 23.6661710419
24.3934171877 24.0769928667 24.2258880864 24.7459064038 24.7870266303 24.0004262685 24.3752271446 35.395015201 64.2847247194 64.2847247194 25.1326760292 24.142419129 23.8437358568 23.8799065594 25.143214122 23.7496337667 24.3406519738 24.0746053527 23.562406986 36.1771197188 24.4809104044 24.8322968096 24.326097654 24.8407535984 25.6103812025 23.8598777303 24.8286169983 24.8490914851 62.5495104572 62.5495104572 62.5495104572 25.4518915755 25.0582015751 24.1185544558 25.0978433471 24.3394081642 24.6785811508 25.2792422816 25.2236502382 24.9015986405 23.7878842821 23.5276784312 25.5464752713 24.5459402829 24.4542628675 25.1707965626 40.6048862221 23.9514337329 40.6048862221 24.6428505367 24.7138557904 25.3983747315 24.4840857832 24.367355472 25.0495413537 25.4451808375
24.0163113662 25.4171941873 23.7019763939 24.6700576277 23.8414149629 24.2081487906 23.747433725 64.2847247194 64.2847247194 64.2847247194 64.2847247194 24.4861999572 24.8969023281 24.5244280981 25.1144603881 24.9174431049 24.8427664977 23.8707360457 24.442233655 63.8218255925 45.7836323758 24.293434027 24.103816374 24.7345550275 25.219350731 24.4108001807 24.4370381525 24.8610493626 24.8006371284 62.5495104572 62.5495104572 23.6436201479 25.1820972431 25.2920340334 25.354708668 23.54584925 23.6447841605 24.7244540501 24.1402121438 25.3118759939 24.8693687024 24.6301205245 24.4704045222 25.0004733498 24.1223826463 23.590927577 25.1880134509 40.6048862221 23.9786965761 25.2557116854 23.5890593816 24.2472576558 25.4456315734 25.0457395996 23.6420792839 23.7806408967
24.2442150111 24.4446146903 25.3949778274 25.4279293415 23.789322822 24.0745864556 24.5532301054 23.593982417 25.2610318227 23.8052827151 55.0219062186 25.158179298 24.7020263002 23.9544957775 25.1049290953 25.4612744685 24.2383229366 23.711705204 25.4109660998 24.500790801 24.0701987354 45.7836323758 23.6735547848 24.5099985539 23.9438842486 25.1161305884 23.7091661437 25.2221078325 24.8412473725 58.9639717031 58.9639717031 24.5062182903 25.4899486758 25.1365224334 23.7078437733 24.0759498097 25.3620746669 25.1305507605 25.0875813252 25.1915102554 25.0294446661 25.2054384341 24.9520487367 25.5270731893 25.2010075557 24.3782142456 24.6191053236 24.9519935649 25.3920638756 23.5546346977 25.5897070705 24.2326585213 25.1725865795 24.0553196242 23.5462337215 23.6624816848
25.5857123048 24.8818287316 24.0638222287 25.4049989466 25.1399174126 24.7134473657 25.0021815419 24.0808148526 51.1966295947 51.1966295947 23.9799204116 23.6289100013 23.5540243801 24.4838449947 23.9037342541 25.5863371638 23.5462356924 25.049305948 25.0180384601 45.7836323758 45.7836323758 24.090989064 57.797465188 24.9670305739 23.9954261243 24.7629862996 24.0986192941 24.2082695014 23.8501669968 24.8539096989 58.6770241041 58.6770241041 23.6371845038 24.8483446261 25.3735062775 25.3444027198 25.1124815777 24.9463251843 25.2978847154 24.5205053843 23.8123895231 25.3624536121 24.0989416667 24.1773670794 24.2645669241 25.071919267 24.4342383357 23.7016007397 24.2103887759 25.0039224907 24.2394279184 24.0211350731 25.1554862605 25.4082337992 23.7116383838 24.3208351057
23.8279133899 24.7204535452 25.2262009915 24.2608871078 23.5477684901 24.0876204127 25.5135093983 58.0774616373 51.1966295947 51.1966295947 51.1966295947 24.9010234282 25.0416020155 24.77783383 25.1516319076 24.0759926443 24.5862951198 24.2614025853 24.8006964474 23.873227485 60.6379155022 60.6379155022 60.6379155022 24.1445094562 23.9829497285 25.5857137118 23.8234011839 24.6474981401 25.1057453458 58.6770241041 58.6770241041 58.6770241041 66.5154355369 24.2518193125 25.1976084864 23.977086142 25.2015816158 24.8142013302 24.2616526251 25.0101468877 25.5661091691 24.1653476412 24.3644129511 24.0513024396 23.53991674 25.360570622 24.6178433253 23.9916660216 24.9318935195 45.9024575795 25.1637013363 23.6919434182 41.5563843741 23.7811316152 25.3773966503 24.0073698958
24.9786338171 24.4280644155 23.9997322417 23.9895121351 25.3970037419 24.9339789848 25.2649214398 25.2764078052 58.0774616373 51.1966295947 52.9992008037 23.5102902925 23.7490323245 24.7126052863 24.3682418591 24.6062921436 23.7071302936 24.0185932291 25.4860438783 23.781909417 60.6379155022 60.6379155022 25.0366976601 24.4615981642 25.6157752733 23.7124647652 24.4672098372 25.5312183148 23.5693699499 66.5154355369 66.5154355369 66.5154355369 23.6432892606 25.3585369628 25.4742513035 23.8776477375 25.039679484 24.7327905598 25.0180770989 23.5299119963 23.6412301455 25.1626566128 24.4024078521 24.3944947952 23.9934710977 25.2349515974 24.6641314102 25.2606059983 45.9024575795 45.9024575795 45.9024575795 25.461849827 24.4913878135 25.4240414687 24.2538010298 24.0663742837
24.8084877945 25.1724723771 23.6092959156 25.2111674786 25.5716255997 24.890921807 23.8705681922 25.1555959246 49.4878310537 62.32842351 49.4878310537 23.7063229809 24.9428415972 25.1425814574 24.0040974417 25.2631359379 23.5548106181 24.4854213469 25.0047005226 24.8403267593 25.1979820873 65.1363857015 25.1167212721 25.2226601378 24.6278346756 23.8004520155 23.9900060891 25.3455488644 23.6715466311 24.7559432789 61.4782325522 25.1314233678 61.4782325522 24.5565015489 24.0356780712 23.6111446964 24.6197074904 23.6518872517 24.1762159143 24.1734271951 24.003719536 23.9894464749 23.5779188772 24.6038520821 25.1448035142 25.5483791156 24.0315771641 38.7830154244 38.7830154244 45.9024575795 24.7984733325 41.5563843741 41.5563843741 24.9664707126 23.5004875975 23.9074140159
24.2048168402 24.3411635122 23.9152773581 24.5229975399 23.5318797061 23.5773941823 24.5102983708 76.469050317 62.32842351 62.32842351 62.32842351 23.8265387333 25.1058718187 25.0907050295 24.4861098289 23.6121232536 24.3082325306 25.5546920728 25.0059344443 23.7977412063 24.9467500745 25.4110596299 52.4246774511 23.6605282467 49.8426652799 59.2732096213 59.2732096213 24.1696026936 50.5840381009 50.5840381009 52.0891899769 56.6912965129 56.6912965129 56.3613364004 25.4996120664 24.9849200941 25.306322273 24.9168800267 23.5165332226 24.3945986666 24.4636910262 23.6910200685 24.4095464171 24.1593184097 24.4987243848 23.6063932709 38.7830154244 38.7830154244 38.7830154244 23.7959534725 24.9528594117 23.5645806532 24.5961408 24.9231791775 25.0426889978 23.7106263053
24.3623032517 24.1465645158 23.9339822154 24.3096803284 23.6937356917 23.7249527467 24.0995274297 25.1597819679 23.5599214181 76.469050317 44.1429974146 24.7862312682 23.7335390886 23.83897354 24.5263976057 25.0010441436 24.231796403 24.8627078273 23.7763001685 24.6626641157 24.5170349066 64.6008503822 25.4980051084 25.222232105 49.8426652799 49.8426652799 59.2732096213 24.6541428663 50.5840381009 50.5840381009 50.5840381009 44.7393373603 56.6912965129 56.3613364004 25.5790213579 24.6513587183 25.147132352 23.7321847166 24.2347084409 23.6914686839 24.6070224571 25.5533026222 24.2083905837 25.0730913822 24.5945904148 24.4495451721 72.9523822704 61.2642352443 25.15931062 25.4451746875 24.8651071813 25.3731952689 25.0462991116 24.0237320888 25.3556674341 25.1492576082
24.307403079 24.959156627 24.7306850988 23.9784836094 24.8404034827 23.6150456399 24.5653748843 25.2879807656 48.2473748845 23.7799560374 66.7340143449 25.037410161 25.3961102944 23.9935838659 24.9242657948 24.2882044681 23.7192307424 23.5458479005 23.7653421195 24.7753909116 24.1021441432 64.6008503822 23.7283700315 25.5839276115 49.8426652799 25.1531637203 25.4803162567 24.0681168702 23.9086749745 50.5840381009 40.335511416 44.7393373603 44.7393373603 44.7393373603 23.9391728505 24.8046416733 24.0601688122 25.4272289657 25.5002418708 24.7427467294 25.3088551279 25.4263953992 24.0992029868 23.8627776286 25.5467204057 24.0545443921 61.2642352443 61.2642352443 61.2642352443 61.2642352443 25.2741605228 24.458106514 25.0077052789 25.2777009769 24.186315128 25.373725759
24.979253573 24.0463881452 24.5581627451 25.2926580275 25.3201046355 23.6079726638 23.7087033099 24.9482056078 24.3147302087 38.8574956885 38.8574956885 24.6750226254 23.7418266491 24.6617629388 25.4579025161 24.8551610282 23.5560485727 23.5272008854 25.1834473561 23.9545571875 24.3916653004 25.4385485204 24.7265961413 23.8859762143 24.1697532785 24.2040201715 24.7355683209 24.4642260678 24.2464394612 23.5526349101 24.5502834045 44.7393373603 44.7393373603 58.1103051347 23.6628125155 25.4169653058 25.4881305947 25.078642821 24.2448380619 23.8550060666 23.7486523065 24.8281322824 24.5566535781 24.4640974477 24.4801347929 24.7812614095 25.6052183036 23.9277973026 24.9831975734 25.1353649414 24.4827379106 24.1088847672 25.2126202217 24.7612774432 25.1478413385 24.4523372769
23.59943583 23.820671977 25.3257622578 23.9067704101 24.1180623048 23.7953374625 24.015517013 23.8225622753 24.5815405697 24.2573335127 25.1873288879 24.6202200456 24.6925802254 24.6291868821 25.0292950418 23.9482530597 24.5483398117 24.0817888129 23.9912680387 23.7232475347 35.9318782455 35.9318782455 24.714020469 24.1569907689 25.2644555461 25.0928081119 24.307095214 25.36162172 25.2317808139 24.5935034632 23.8038328516 58.1103051347 78.393554414 78.393554414 24.3809446888 24.3545486307 24.2398961027 24.2226819462 23.6241407342 23.8732162107 23.5141649076 24.8942478198 24.5039291912 23.73715368 25.3691736683 24.7172668116 54.3741763451 25.0798266131 23.6553695019 24.4080045742 23.5194980778 24.1854220226 25.0343640159 25.6123658018 23.8901587214 23.5808451397
23.9601805554 25.2440442166 25.2809331576 23.6200715305 24.0837458407 23.6428548804 24.2266022515 24.7114790463 23.772474409 67.3090609487 24.2658650224 24.0808323747 25.1504082919 25.1091373642 23.7117026741 25.6033675287 25.5169047359 24.0069158959 24.0012434351 24.2259749021 24.8563730862 25.4403654915 24.4548831252 24.294397093 24.3200776457 24.1472172081 24.6524020633 24.7797745139 25.4705712241 24.3499377967 24.1777084135 78.393554414 51.5508505702 78.393554414 24.3267083178 25.4612050342 25.5368437337 24.6884263909 24.1005066407 25.3671695975 24.505233746 23.8710565816 23.8880985568 24.7521199268 23.6854738741 25.4921654718 24.7789262224 54.3741763451 23.8839334829 24.5531500811 24.8323196608 24.9523911739 49.1865234362 24.8445195017 51.320961953 65.4214466963
24.3178534737 23.5577661284 25.1113797137 24.0175507545 25.0313838583 24.3730042091 24.1157546042 24.1196782031 24.4625848085 23.9510873329 25.1910194053 25.1410619221 25.4058886107 25.5092447723 24.7599816698 25.4438899291 25.1363467843 25.5557018872 24.7132567668 24.4154317558 61.9063808272 61.9827579862 24.5370288002 24.8928396073 24.6467141915 25.5364088056 25.566045313 24.5182676042 25.0301059979 24.7917361337 24.513797589 23.9232077476 51.5508505702 51.5508505702 51.5508505702 23.9707832328 23.8182464643 23.6397315704 24.7156561228 43.1490303752 53.2588708614 50.0740175561 53.6671990517 25.4013241587 24.5332680255 24.1911817934 52.9340575098 52.9340575098 48.6155014767 58.913699035 24.6465809545 49.1865234362 47.6169270653 47.6169270653 65.4214466963 80.4918779458
24.7431143335 25.2375760015 23.5628085975 23.8596535002 51.5118447652 24.0141785131 24.1668621269 25.2432156636 25.072674031 23.9594686649 24.897470643 24.8761531511 24.5141274934 24.511427576 24.1892621188 23.7988448693 23.8105078758 25.0245115394 23.5386856456 25.0062219335 24.1402890231 24.2050742715 61.9827579862 24.9892802892 25.0289582837 24.1276016171 23.9126810427 23.9152930763 24.9646480367 24.7580919746 25.0277596724 25.2575167392 51.5508505702 58.6960938618 24.6388664616 25.412126365 23.5517286572 65.211430057 42.0730616707 42.0730616707 43.1490303752 53.6671990517 53.6671990517 53.6671990517 47.9916580102 25.5835351767 52.9340575098 52.9340575098 58.913699035 58.913699035 58.913699035 24.3587749216 47.6169270653 47.6169270653 51.320961953 65.4214466963
57.1386008398 24.5614263851 52.1529180053 52.1529180053 24.9086522408 24.029045388 25.2514916684 25.2922145966 23.6408675661 57.5395626636 65.8051296915 24.8298469053 43.8104518434 24.7345814627 23.756062744 50.3098785468 24.0285704849 23.8946804657 23.7903286679 55.6345668038 61.9827579862 23.9481705719 61.9827579862 44.9003484175 24.4562487958 23.9195975188 25.0985880222 23.5864213061 25.3782096897 25.1004543628 24.2757206013 24.0385164962 23.780546895 25.2989485328 24.1465039797 23.6799095688 24.9910448333 65.211430057 42.0730616707 43.1490303752 49.9183027982 24.037980468 53.6671990517 53.6671990517 47.9916580102 25.3672971579 52.9340575098 52.9340575098 25.0195332932 58.913699035 25.2445382191 24.1691932768 49.1865234362 47.6683545945 23.5330400658 25.1520122217
57.1386008398 57.1386008398 52.1529180053 52.1529180053 24.7936973233 25.2931119699 23.5512981221 23.9014475881 23.8457580155 57.5395626636 57.5395626636 43.8104518434 43.8104518434 24.8054746879 24.4861207532 23.6313716911 25.1084544515 25.2566345264 55.6345668038 55.6345668038 52.638700291 23.7874686014 23.7982129634 24.7131186282 25.4799961699 24.7925643563 24.4737543192 24.7682602101 25.3646069329 23.628887119 25.1573421189 24.4248431037 24.2821179548 25.5371042832 24.9704739299 23.7636513122 25.5934588991 25.1202044781 42.0730616707 43.1490303752 53.2588708614 50.0740175561 24.8500434624 24.2826087436 24.8018777049 24.5274045282 25.3451758443 71.1562740253 24.5509888075 24.5502513303 24.5470127469 24.3116452378 23.6994039226 23.7938337547 23.9663603417 23.6096623229
57.1386008398 23.5854470452 52.1529180053 24.4341205964 23.751012693 25.6064081248 25.2969236733 23.9065750857 25.148748925 57.5395626636 25.0111322433 43.8104518434 24.0389892505 25.1721856065 24.2627662962 24.7968310058 24.4094992009 25.3358394066 24.1779220332 55.6345668038 24.6644346442 25.3031062306 44.9003484175 25.600989341 24.3002082412 24.1178625199 24.8509000489 24.8943424278 25.0046960729 24.8866623462 25.5738072448 23.723197249 24.0627838405 25.1097356056 24.4747258837 23.8717909135 24.7182505452 25.0326219322 25.1603291635 23.5534338763 24.1571630719 24.4196558718 23.7969887756 23.605301104 25.4995192524 24.614569462 24.7031168444 23.6847136381 69.5298129787 63.6889855484 25.4096408027 25.5588019443 23.831610852 24.8278383749 24.3060239721 24.5349535333
