Spatial_Output/BAU/BAU_0760.asc
NCOLS 155
NROWS 192
XLLCORNER 196769.923733
YLLCORNER 449719.875193
CELLSIZE 27.603701
NODATA_VALUE NaN
[rows 69 to 91 of 192, columns 0 to 52 of 155]
24.5672164597 24.1020244571 26.4676973663 26.78031168 24.3490977502 23.2756714258 23.8182181802 26.0736996386 23.8167305367 26.2474316114 24.5756550203 25.3591945861 24.1927189933 26.219412026 27.0791735319 23.2601754319 26.4693365939 27.1968562141 26.2405865201 26.2550030076 26.7221006787 26.2927825823 25.7450279129 27.2250505415 25.4076160701 23.6307148325 59.9719096761 59.9719096761 59.9719096761 44.9793738685 23.0975863766 25.6246816942 55.9075512478 55.9075512478 55.9075512478 25.1734389628 26.0657266089 26.7417547712 26.5118869722 23.1325782315 23.1205400345 26.99238963 25.307939559 26.731042693 25.2786362355 23.2281358519 24.4254485551 26.350126609 26.521068101 23.059893866 27.2183645392 71.9637871954 25.0378259733
24.1660341158 23.9623594258 27.2133320606 25.1385266351 25.2679656807 24.9254248634 27.074787667 23.2610129572 24.083522911 23.6750797543 24.6517109705 23.385256186 26.5110773005 25.1715832475 24.4028277641 24.4400447764 25.1456949236 25.5097178765 25.7506312283 50.997671136 50.997671136 23.6601093964 26.4224329067 23.2840561506 25.7834135879 24.7652585703 25.8886842406 24.2314177118 44.9793738685 49.0210358254 23.6637324154 24.9507357608 23.8828164306 58.3127546204 57.1506594944 23.7997143166 25.514989635 27.1964576664 26.9563788207 26.0708823944 24.0918571283 24.2074557968 26.4482521061 25.0929580137 27.0813327683 23.0928474325 23.4673092319 25.5021002261 24.5323602966 27.1612399545 23.7696524376 52.6962941285 52.6962941285
24.6820428028 27.1831224716 23.9161011501 24.7344397996 24.746117016 23.541152573 24.4612098043 25.9189942439 25.7248486079 24.8277469961 26.2639179258 26.2846464403 25.5404692599 23.6804483017 25.8056339545 25.3693049221 23.9694843926 23.7547612785 55.6075762695 70.2769688471 26.2588835478 24.7269026311 26.2440109977 25.0992219317 25.1293104184 23.9864728556 24.7048725642 27.1344167248 24.080480647 27.1892592629 26.5024481307 24.3741083723 25.3312940709 57.1506594944 57.1506594944 57.1506594944 26.3960725249 23.8217903067 24.1705799062 24.3484664195 25.1994885334 23.5982778408 26.8134707572 23.5559277955 26.4143842478 24.8957350446 24.5608051914 25.0602874145 23.9885181877 23.7721029046 72.1081545913 52.6962941285 52.6962941285
26.6873703789 24.7587952644 25.7209246017 24.0830981557 26.0713098107 24.8689858793 25.3525125081 24.7225551033 26.9233584882 23.08235666 23.1057388417 26.4638194666 24.8096358949 23.1994039316 23.1996038696 24.7560451785 26.9540678556 55.6075762695 55.6075762695 55.6075762695 25.4734015103 24.0341280129 24.7211270405 26.6188882083 24.8483593744 23.8206227265 26.905137735 27.1627670932 51.2593690579 24.002690861 23.4063341325 26.9836747401 25.0223627857 23.4996550753 24.4757305039 23.2988346725 26.5538297355 24.3330048053 23.7853240595 25.6517916733 23.3569263747 24.7404867657 23.2099242243 26.9997088939 24.4218195727 24.3388712491 25.9443877612 27.0152331729 23.2916283652 24.8571439522 23.4858124612 72.1081545913 26.9604800213
23.6146043694 23.7188651274 26.5111991597 24.6027688791 26.7062066153 25.8657939006 24.0171287171 23.9738176653 26.5638534365 26.0696371518 26.9884698123 26.4049729397 25.2315283823 25.7765601277 25.0103205011 26.4391597266 24.5554809179 26.1710409294 24.8759797486 27.1485569702 25.1470062315 25.3104001847 52.8649546979 26.5960163782 54.1091421492 25.8796481768 25.0210400615 23.1886433472 71.431547185 71.431547185 71.431547185 25.6777987886 25.2867872689 24.2059260469 54.5832737981 54.5832737981 26.82053494 23.7234117627 26.3246410124 24.8793863933 23.6289638203 40.9728642842 40.9728642842 23.6007468416 26.0974437864 23.771130696 23.6461023782 25.2858415302 23.7909304419 23.8589399042 24.5230261001 26.5214191931 25.5406783409
24.5482749626 23.7577639736 26.8321284864 25.4066453115 24.8054447856 24.7101629515 24.3798372825 23.9133044076 26.5287306957 23.7587795387 24.8790304706 24.0323207614 24.6212914776 24.331997119 25.4944465785 27.1854244245 24.3066557995 57.4528427543 57.4528427543 25.726929294 52.4098564798 24.4404331093 26.9610112555 55.3336158595 47.1503174307 47.1503174307 60.1466795375 42.0986576044 71.431547185 71.431547185 76.6007820487 26.437471321 24.0381210878 26.8586107037 24.1067199013 24.0820957921 26.8505824608 24.6630509179 24.5424065024 24.5248311283 27.1641457261 40.9728642842 25.7593949409 24.9848195396 25.564274538 24.7045078408 26.9476956791 74.4526930834 46.4061382549 55.13159907 44.1449808173 58.2819859686 50.2787025577
23.3177198699 23.6139038119 27.015980909 24.2250288871 24.8510198566 23.9936420951 25.4675138443 23.7787187661 25.382675566 24.3599678461 23.1584549049 27.2100426764 25.9906573432 23.3283394986 25.7002031172 23.7862721083 25.6680346347 57.4528427543 57.4528427543 57.4528427543 26.7048080187 26.4581438104 52.8649546979 26.3126119558 47.1503174307 47.1503174307 60.1466795375 42.0986576044 42.0986576044 25.0994565821 25.6370311692 27.0863684956 23.9898242504 26.4284780594 25.2412182062 25.3257324626 26.9949821062 47.8520558761 43.0241238726 53.2053239962 53.2053239962 53.9046132027 53.9046132027 79.4872171025 46.7053508561 49.6173782922 47.5479176945 46.4061382549 46.4061382549 62.2008873408 62.2008873408 58.2819859686 58.2819859686
26.8324426245 24.0943084218 24.0792226135 23.7958791697 24.9104097201 23.8795107327 25.6817370397 26.3398304346 24.5045224418 23.799065547 23.0791810773 25.3949951812 25.4827860526 26.9907309543 23.6423277668 23.5323970305 56.7838497029 56.7838497029 24.2829984891 26.661831039 26.0778419754 26.804911024 25.7273363739 41.8645672109 55.3336158595 45.9905426811 60.1466795375 42.0986576044 42.0986576044 26.0400565445 25.3347649625 24.3850670299 24.2159847652 23.8323758898 25.8118341455 24.8886342785 26.2037491593 47.8520558761 43.0241238726 43.0241238726 53.9046132027 53.9046132027 53.9046132027 38.961461934 49.6173782922 49.6173782922 49.6173782922 46.4061382549 46.4061382549 62.2008873408 62.2008873408 58.2819859686 58.2819859686
25.7537266628 25.124492678 25.4343776059 24.8168057172 26.1918284843 24.5269934664 23.3972458483 23.2821589172 27.0695569546 24.786976236 24.7555569812 24.8783703868 24.5671899017 23.4220651971 25.8115827203 24.178582452 56.7838497029 56.7838497029 23.9636567788 26.850764504 26.4391369357 24.8449733574 23.0912911943 26.2958201065 26.0242088976 24.0567305263 24.904077405 23.6330506515 25.6774066112 23.1095248747 25.2939566188 24.9175345832 25.3797520481 25.2705514395 25.1540306781 26.3965262457 26.0050159979 47.8520558761 43.0241238726 53.2053239962 39.8026079853 53.9046132027 38.961461934 38.961461934 54.4776928376 49.6173782922 47.5479176945 54.7321798244 46.4061382549 55.13159907 26.9632649273 23.4158222101 23.0178671174
26.244939526 27.2092255363 25.5880525016 27.0929467978 24.269299746 25.8117820952 25.7099168866 27.0200672886 27.1594869572 27.1760203322 23.1254944843 27.0591190085 26.6489267916 49.0801736201 57.5092254962 25.4295965367 60.0260207248 23.6110960883 24.0430902383 23.0101312091 23.4394984977 25.6376268442 24.4790840777 25.5898697997 25.4667860815 24.9120670052 26.214191503 23.5806106263 26.7089104957 24.442051412 23.6313467234 24.1616733017 25.2156487295 24.5800607278 26.1877749436 24.8883804885 25.4284089208 25.3176392311 25.5429813844 24.393174542 23.8388509141 37.3438522697 27.0111025357 44.4005455273 54.4776928376 54.4776928376 23.2240543138 23.7358018054 26.9034155385 23.1045451414 26.3313622322 25.7044750887 23.6357637041
26.8681988069 23.1644804544 26.4598701943 25.1994507324 24.6869657812 23.7277373231 24.8330705194 26.7303982324 23.8472006902 26.599947372 24.7720369015 23.0369654664 80.7499619137 80.7499619137 49.0801736201 57.5092254962 26.2918758169 24.0321416365 24.4246857919 23.1656136004 26.49474672 24.7225268915 27.1093831529 26.1778215629 25.5849578931 23.7512934136 23.3846933278 26.7751425228 25.3451837174 25.1643841317 25.2381845564 23.8630942267 24.407267011 26.2245173555 23.366411176 23.860777857 23.4151364916 23.2054937007 24.238061276 26.2175415564 26.5951464138 37.3438522697 41.4860143474 25.3203175768 44.4005455273 25.809559976 24.9350557352 26.1763391599 24.1214437049 27.1636954035 23.8975864978 23.4612971078 23.3930356679
25.4503721055 25.2256746526 25.5228018203 23.2690898665 26.2673526569 24.1798510616 23.5734903587 25.3408225607 25.5894161214 25.6928374896 24.8350307098 47.2963362692 80.7499619137 80.7499619137 49.0801736201 49.0801736201 25.3302902255 24.9027119795 24.7339765186 27.2234153051 24.9537987339 26.5015046448 23.5102812387 24.9237372816 24.40294355 26.9151812209 24.168384902 24.919920246 23.8742153789 23.7373241529 25.1625793565 23.9296901066 26.8878342753 24.1733863803 23.1989681387 25.4847355611 23.6742183806 26.9677020096 25.6557556141 25.7846648204 25.5725364022 24.7161609525 53.7627461889 50.4509269683 50.4509269683 26.6194205792 24.9719740041 26.451661207 24.8103999719 24.965516223 27.1376311879 23.8172516543 25.8233458173
26.5273919502 23.8617782951 26.8598458166 23.4086699241 26.4398778067 26.8860433866 26.373723889 25.9162007347 27.2423480421 24.5801399731 25.6454952292 47.2963362692 80.7499619137 80.7499619137 80.7499619137 26.0737420454 24.1072666056 27.1580979455 24.6867954727 25.1741050565 25.5975608271 26.6947486435 23.2030719712 25.7789436511 23.0073281749 25.6783184162 24.4252264007 25.6055684235 26.2506892412 23.3927859955 27.2217031522 23.1508550054 26.9551150086 25.5986527396 26.3689584905 27.2201778064 24.9935234471 25.3836882223 26.3867731802 26.467065532 26.605695229 26.2281673461 50.4509269683 44.0682283512 50.4509269683 25.0666000308 23.0280861517 24.748357514 26.6034245187 25.138154918 26.6843086871 26.2709729721 25.655550384
23.2383014241 25.2528131692 27.1767194104 26.1779884367 25.1177200177 24.0612825829 25.8212008644 24.2644448295 48.7136251788 48.7136251788 23.2076692762 23.1444828089 47.2963362692 26.2022505503 23.1754738298 23.8405554917 24.8161814009 26.8945712907 23.2224306569 25.6984187921 23.9966114926 26.7714219266 26.1168733211 25.4569413082 25.2477643021 23.8142298808 25.0547164921 26.5187005339 26.2543926354 23.4667411278 26.4390155297 26.2663247959 24.3551084207 24.7878685175 25.2073988227 27.1016496713 27.2288173724 26.4654590931 23.7817439571 24.052645057 25.6892735278 25.225895265 26.3467546216 64.6067392468 64.6067392468 26.7069375018 26.056110195 26.9677072573 26.7635118779 26.4029476209 24.6682072701 24.1293498331 25.5373482407
0 26.2458652499 26.1865355384 25.5005676369 26.6062930916 26.4614105586 26.9119099121 25.186920287 24.5007052843 48.7136251788 26.049731131 25.775090538 26.8973765469 26.9076298559 23.1161626428 24.1910970485 23.2209600225 26.3636231725 23.1843783247 23.6215504503 26.5641050022 23.3718543748 23.954439731 23.4603883572 27.1642008956 25.8079537473 23.8125132971 24.0806424374 23.9548288708 25.5674279959 23.7672350394 26.7312429761 23.7068260398 26.0803202823 23.7958744199 24.0439454394 25.9887144337 24.6486026065 23.1405625241 26.4120718549 23.7765270199 24.6216633636 64.6067392468 64.6067392468 64.6067392468 23.1928676649 26.0554726042 24.4519654955 25.2263106089 23.6578890209 23.1965136406 24.9993466585 25.3377231872
0 25.3745645622 26.8686564332 25.2302326041 26.0376784173 23.516308183 23.2381802752 25.5917691863 23.185682502 24.9465862917 27.2353878126 23.8304382966 25.4545342052 24.800875335 23.2049928848 26.1819186272 24.154193459 26.8256192047 23.1598198717 25.7929634788 23.2061562944 26.9296818487 23.5896180971 23.566565733 25.1922939396 26.1309701895 24.2389267342 26.9662758119 24.3397222016 26.2704414364 23.4264490705 26.5292207704 24.0714860836 25.5320655736 26.740279115 26.4230105303 24.4561293426 24.9004375887 25.8488038762 25.3080726778 23.2596808768 60.3471895407 60.3471895407 52.6053033123 52.6053033123 26.5747715666 25.0547092159 24.8770268293 25.0409511097 24.0746368583 25.3234659981 23.1970532691 25.0840051904
0 26.7954991477 26.7346244689 26.0373113808 25.7060437057 25.4079805379 24.8979115999 26.4051926022 23.41368317 25.5685350194 26.5742419391 26.3541720539 24.4780098233 24.534816542 24.1949000777 25.1341615003 25.1771062076 27.1705971201 26.8394550014 26.9632236053 26.7115420266 23.2896207227 23.8991798877 23.9832459246 26.5786012687 23.9671561378 26.5806882364 25.9509863842 24.7961808117 24.0342779897 25.4012553997 26.3373128797 26.0450434799 25.1145519464 26.6436247426 26.8617685123 24.032467208 26.4684269162 25.7557699159 25.8261604681 23.9909803531 60.3471895407 49.4345322793 49.4345322793 49.4345322793 26.7100409182 25.8447051228 23.7221571568 26.1202218932 24.2825154147 24.664359173 26.0830850737 26.0639470343
0 0 23.2767249272 72.2834927532 72.2834927532 72.2834927532 72.6005433865 25.5708141099 25.1561948563 27.0135007158 24.9068483593 26.6349768947 24.8474588334 24.8522509445 26.612179767 24.3329387542 23.599725544 25.0158058262 23.571566141 26.5392398936 23.4876172558 24.2246914587 26.2077832674 24.9895480131 23.1864368978 25.1512407959 25.7791316844 26.9445063578 24.1832884363 25.2338667695 23.019485387 25.9690359001 26.7832516267 24.3248126624 25.4050207994 25.1964067779 23.5266265851 23.4347740349 23.6229528096 25.6956842013 25.3983637848 23.6058841234 60.3471895407 49.4345322793 51.5839854615 26.9198956973 25.1208867677 25.7078862978 25.3257038978 25.5680569339 25.8086703068 25.6427606804 23.5452674226
0 0 54.8727670195 25.3611839658 72.2834927532 72.2834927532 26.5771605341 25.5160143085 25.4457362034 25.9202725391 23.1691032252 24.5998866095 23.8280897418 26.4649419848 26.2813606876 24.5248223867 26.071905213 25.7338305282 23.0379078703 23.1078369366 24.2624242403 26.7710921136 24.7867358979 26.7810578215 26.5544941816 26.3721350691 24.5666277531 26.3247788279 24.0504651309 26.6268117246 25.9316887728 24.500407388 23.4549520059 23.8562546904 23.4918794737 25.1713779711 23.6240507438 25.2197774099 26.7184724413 25.3010176441 26.5525475258 25.5303291173 67.4808035888 67.4808035888 25.8844888212 25.8870041233 25.2506159661 24.1535683881 24.2452332308 27.1756900745 25.979666934 27.0080979061 24.5813437409
45.563915388 35.4721901642 36.469616483 48.516749757 48.516749757 23.1444583138 23.6132500109 26.425678569 26.0798094079 26.8076423372 24.5871392937 27.0063659468 25.4733196212 26.0793670272 25.6585098575 23.0413790626 24.6883165347 26.5179751679 27.173747874 26.0120726345 24.3229086334 23.2899731023 23.1665307991 24.7911356078 25.1911221658 24.4103782983 23.1367984565 24.6136365045 23.6633305371 24.6432727097 26.0045238849 24.2032813419 23.5360491423 25.8987726419 25.8059071869 24.5070941696 24.5758742706 23.9936472618 24.3005552507 23.3667755841 27.0291360689 24.9582334581 47.9129478702 67.4808035888 26.7066237328 24.5545868243 25.8099501485 24.6664419774 23.295632644 23.2989190111 23.2063295073 25.8145388076 26.6416268928
43.3247656801 38.959755658 36.7467814435 48.516749757 48.516749757 0 23.7797247669 25.0211019426 24.0871853943 24.8369425557 26.8987742297 25.985192185 25.37589185 26.0175733541 26.2768310533 26.2456865692 27.2258624166 25.3986111392 23.5525468381 26.0605952557 25.9709309799 23.5018028878 27.0873947799 24.3124296423 23.1654381408 23.9446725521 23.8193765948 24.5082799956 26.0103878956 24.2062303654 25.5354515649 26.888926636 27.1348632161 24.9560145472 23.4099521465 26.4364697862 25.0498479769 24.0322897496 26.3405477586 23.4825938761 26.8978945828 58.7049467107 58.7049467107 58.7049467107 26.5019223059 25.4225328263 23.4609541398 26.522075635 24.3922284872 26.7542260353 23.1771137985 26.154329712 24.0398551772
43.8247482481 45.4902204044 46.7473563912 38.0128083464 0 0 24.1605131357 26.209351094 23.7159085717 26.753633005 25.2633698899 24.8957805148 26.2631964917 25.9116497726 24.3056659848 23.1521686506 27.2291187225 25.0964443119 26.1376712601 23.7378147945 24.210461993 25.8285122516 23.5633813136 23.812454673 26.651636904 24.2968077942 26.4903411577 25.6597369329 24.2137957269 26.4139801887 26.3886947275 26.7676077017 23.0949783776 23.2870439735 26.610822804 25.4817429534 26.5531430478 26.2204127097 25.8004783293 25.6408368547 25.5531136903 58.7049467107 23.0337063071 26.2314121926 27.1840435773 26.4165708011 27.0495364684 25.9443770731 25.3113330581 24.6110780161 25.9217731737 24.3706662596 26.8444869278
0 0 0 0 0 0 25.8730099774 23.2969891304 24.6793027173 25.5350237271 24.6853500991 27.1391194071 25.6056169249 25.8392695173 26.7184710764 24.0204884293 23.690392763 24.8848225435 24.2819299174 27.1457006831 23.3883342041 24.7871910408 24.5272075539 25.0811655841 25.8008163776 26.8750017272 25.3646699829 23.6877957362 24.2060278108 24.4794058293 25.7985136206 23.527297588 23.7625963128 26.6787272979 23.1512928672 24.3263916038 23.6511940415 24.5358293816 24.9288241948 26.391323954 23.3626315935 27.2277209514 58.7049467107 24.7572579432 41.7629128173 41.7629128173 26.0366274011 26.3725614411 23.5870885433 25.554994119 25.8214192929 26.3582650436 27.1207363805
