Spatial_Output/BAU/BAU_0135.asc
NCOLS 155
NROWS 192
XLLCORNER 196307.867259
YLLCORNER 449144.565805
CELLSIZE 33.573938
NODATA_VALUE NaN
[rows 75 to 99 of 192, columns 0 to 56 of 155]
0 0 0 0 0 68.3628347603 73.051214216 73.051214216 0 68.4415294122 73.1149948076 73.3552259491 45.1424109831 44.7197453799 44.7094423474 44.7973296022 44.8991465737 44.6936094801 44.7754132485 44.844790784 45.1760345286 45.1017302262 44.5718409917 44.9524652881 45.0676706715 44.943814235 44.9158511086 45.1562182916 44.965422239 45.0473658148 45.032113462 44.8266355551 45.0306365417 44.610619103 44.8289056713 49.1366548313 49.1366548313 49.1366548313 62.8899316411 44.7020377494 44.6674266117 78.8439033888 78.8439033888 78.8439033888 44.9206582813 45.1513942562 44.8909934993 44.5528554116 45.005613783 44.6061540916 44.9750359363 44.6858279993 44.6262008119 44.5594489956 44.5628140627 64.5607268474 64.5607268474
0 0 0 0 0 68.3628347603 73.051214216 73.051214216 68.4415294122 73.1149948076 73.3552259491 73.3552259491 44.6612729267 44.7269136436 73.19281156 44.7322448722 44.9472705373 71.6471082106 71.6471082106 73.0712032325 45.0153212589 65.7508564657 45.0300311934 76.8880352368 45.079470844 45.1827430557 44.7438060295 45.1929399363 45.1192997861 45.0794238661 44.5392216206 70.2093335806 70.2093335806 45.1444260182 44.5465527174 44.5664902192 44.933796001 64.9144136431 62.8899316411 45.0235430724 44.601804656 78.8439033888 69.6986625773 44.9585196716 44.5712859089 44.7041662209 44.5516695934 44.7493065397 44.8212487225 45.1981135273 44.5780981928 44.7074409074 44.9273330141 44.856888595 44.9469075267 68.1836346439 44.5010405562
0 0 0 0 0 0 68.3628347603 73.051214216 0 68.4415294122 73.1149948076 73.3552259491 44.8512385056 44.7514135341 73.19281156 45.1435255793 71.5608310759 71.6471082106 71.6471082106 73.0712032325 65.7508564657 65.7508564657 76.8880352368 76.8880352368 44.6667821511 90.4218402816 90.4218402816 81.7578140867 45.1698054602 59.8596709992 51.7242698272 70.2093335806 70.2093335806 44.5619257633 45.0106405355 45.0465325601 44.9743935942 64.9144136431 64.9144136431 44.8309800716 45.0943114802 69.6986625773 69.6986625773 69.6986625773 44.9906640996 44.8183989615 45.0144738731 44.5354412763 55.7500485905 55.7500485905 44.6274536454 45.1704372984 44.5114624119 44.7203701453 45.0803149723 44.5921208656 45.0649186349
0 0 0 0 0 0 0 0 0 0 0 0 0 44.6120802677 44.8851114688 44.6502606078 44.6189825861 44.8676710267 71.6471082106 73.0712032325 68.5265130759 65.7508564657 68.2473336875 76.8880352368 44.5821722091 90.4218402816 90.4218402816 59.8596709992 44.67493748 59.8596709992 51.7242698272 44.7101401657 44.8219517802 44.6898430145 44.7797268903 45.0717647154 64.9144136431 64.9144136431 64.9144136431 45.0170563256 44.659612711 69.6986625773 69.6986625773 65.1891912568 61.7102156753 63.6886303823 44.5847188793 63.7604058174 78.6894604099 66.8410195131 59.0812337368 44.9992138074 44.6213830621 44.5465907697 44.8623947285 45.0053333825 44.8267375171
0 0 0 0 0 0 0 0 0 0 0 0 0 44.5729244691 44.8945653884 44.6227527711 44.8292882989 44.7966072156 45.1303514359 45.1396727578 45.0745908319 44.5851315771 44.7417420421 76.8880352368 44.7025530632 90.4218402816 45.0100882639 70.0021372933 70.0021372933 44.5751637115 51.7242698272 45.10478996 44.9832718415 45.0116069847 70.2774224126 45.1044334306 44.6857354437 44.6184820716 44.8236171382 44.6529771921 44.54148769 65.1891912568 65.1891912568 44.5236609058 45.1745862023 63.6886303823 63.6886303823 56.1111364178 66.8410195131 59.0812337368 59.0812337368 59.0812337368 44.6009148205 44.6728854498 44.6394773778 44.9010491445 45.0014060723
0 0 0 0 0 0 0 0 0 0 0 0 0 44.5991755627 45.0307915499 45.1388257327 44.5710811058 44.6438030723 44.8931178791 45.0730911691 45.1345222574 44.9888572119 45.0712287671 44.8273790406 45.1169121946 55.1456402026 79.2721710633 70.0021372933 70.0021372933 44.7601449265 44.6494904243 44.7096002924 44.9057835321 44.9655930254 44.9364044369 44.925107303 45.1013904039 44.7897153205 45.1169646028 44.6889467228 44.910763794 44.5762046121 44.6353615705 44.6760178281 45.0294091724 63.6886303823 63.6886303823 56.1111364178 58.5657256855 66.8410195131 59.0812337368 67.4854172355 67.4854172355 44.6594351351 44.5843243438 44.8055458579 44.5540855762
0 0 0 0 0 0 0 0 0 0 0 0 0 0 45.2041653257 44.954081937 44.7245303569 44.6456549331 44.6115757869 44.6441498066 44.6779044424 44.8893445095 44.8018399757 45.1700701577 44.6757641352 55.1456402026 79.2721710633 79.2721710633 68.2007624392 44.8895225255 44.6298925985 44.5051445736 44.8348604529 44.718268299 44.565368047 44.5823375071 44.7881787182 44.7224476146 44.6136219691 44.602742908 44.7915530344 44.5204302594 44.9987237887 45.0853900463 45.0982113461 45.1560021765 45.0195521901 62.7451530255 62.7451530255 58.5657256855 44.5320341198 44.7154549673 44.6278212935 45.0369802834 45.0751173022 44.8273093087 44.9056147666
0 0 0 0 0 0 0 0 0 0 0 0 0 0 44.6894971049 45.2005067802 44.9207685568 44.9076737453 44.9045723539 45.186800273 45.0806904493 44.9660281167 45.0344998322 44.8061518292 62.8284678716 55.1456402026 55.1456402026 55.1456402026 44.6521275122 44.7128172817 44.9700200552 45.1280534046 44.5143865656 44.8771435877 44.9903007989 45.0123362508 44.685950871 44.6938203697 44.9644491788 44.7108651884 44.9703138076 44.999074208 44.5655454627 45.1151913567 45.1279555206 44.9190655948 45.0904177824 62.7451530255 62.7451530255 62.7451530255 69.617022649 44.8631433829 45.0621259984 45.0889817324 44.9924586458 44.5175526268 44.9415307055
0 0 0 0 0 0 0 0 0 0 0 0 0 0 44.5770161766 45.0743198148 44.8951580442 44.5875391957 44.9115484171 44.9771771058 55.4390698445 55.4390698445 45.0317790292 72.4113930578 76.3679025071 76.3679025071 76.3679025071 44.7654069203 44.7573918584 44.6993641044 44.9198391519 44.7377119722 44.8369137556 45.045034326 44.5081220609 44.6046727987 44.6379191685 44.5574461727 44.839192145 44.5581782693 44.6954915364 44.9797036492 44.594138831 45.0166453711 44.7005637532 45.1928311196 45.1267737466 55.5089524367 55.5089524367 62.9448292144 44.7264560088 45.0437627691 44.6585605827 44.9749062145 44.5678023564 44.9460137095 45.1038993746
0 0 0 0 0 0 0 0 0 0 0 0 0 0 44.7040063069 44.9478113284 44.9321759958 44.6323348125 53.7889351932 81.2230346144 61.8297592671 73.0847669948 73.0847669948 72.4113930578 72.4113930578 68.7424521932 44.8549769431 44.9448038928 44.7004488663 44.5972696125 44.6495433134 44.8093501834 44.7252188051 44.8949439455 44.5148834045 44.8878421779 44.6148314192 44.6512567096 44.9357565339 44.6267693755 45.195662845 44.6792660859 45.141429955 44.6989386514 44.5723200681 44.9841719333 44.874686951 62.9448292144 87.3030110009 44.9592348522 45.0727289495 44.9975717418 45.0112802924 44.9196057103 44.8161781022 45.103930087 44.9350835964
0 0 0 0 0 0 0 0 0 0 0 0 0 0 44.6836068303 44.78164076 44.9416766421 44.8211498657 69.6705138212 69.6705138212 61.8297592671 61.8297592671 73.0847669948 73.0847669948 44.8730369602 44.9225851013 45.0352677534 44.5109403234 45.0422788446 44.7180278302 45.1041001431 44.8414005312 44.9323419985 44.5283985774 45.0298952888 45.0479916659 44.9749680437 44.5895159427 44.7894432258 44.8883497585 45.2052774333 44.6898172607 44.6490912383 44.955819012 44.9305891832 44.9283885762 44.7105108764 87.3030110009 87.3030110009 87.3030110009 45.1896231904 44.8896240447 45.1636142906 44.6871937234 45.1608598621 44.6936440539 45.0764921694
0 0 0 0 0 0 0 0 0 0 0 0 0 0 44.8082142707 44.7966559329 44.525130706 70.2798184776 69.6705138212 69.6705138212 81.2230346144 44.9742415087 44.8320533453 44.6812927828 44.7620676566 44.8878903824 44.6623587278 44.6618939124 44.5975043937 44.7780501694 44.6977064711 45.0561907405 44.9039812486 44.6102665346 44.7143397836 44.7502165094 45.033909743 44.5903471827 44.7818843703 44.6695385977 44.6996140625 45.1465702317 44.7499914283 44.9248777665 45.1070174212 45.0510531803 44.7659666183 44.7731025368 87.3030110009 57.8063227456 57.8063227456 44.9986367191 45.0897853075 45.1834583171 44.9837563357 44.8824635277 44.7430974395
0 0 0 0 0 0 0 0 0 0 0 0 0 0 0 44.7985765155 72.0029886274 70.2798184776 70.2798184776 69.6705138212 44.8364163533 44.5263450153 44.7471942467 44.5203049314 44.6940071339 45.0994205321 44.7553144724 44.537119843 44.719842189 45.2016155441 45.1234543074 44.9322700628 45.0526003054 45.0918877162 45.1407265781 44.6012339123 44.8856508168 44.548302256 44.7150013569 44.6374072557 45.1664224072 44.7701535428 44.8195547853 44.9796581169 45.0090783789 44.6306286029 44.5474637591 87.1867607294 87.1867607294 55.3380740485 55.3380740485 45.0698742469 44.7791251203 44.9101647354 44.7391580775 44.794828705 44.5695879502
0 0 0 0 0 0 0 0 0 0 0 0 0 0 0 56.3984290521 72.0029886274 72.0029886274 44.9914918946 44.9903560919 45.060938685 45.0608466014 44.8860448723 44.7801155965 44.7551619766 45.1765344565 44.7061453648 45.1918621521 44.8291791184 44.7078254628 44.9126798475 44.9018587696 44.8486158794 44.5587826492 44.6199487026 44.7003746575 44.6746502468 45.0779523225 44.8641845458 44.7242958757 45.1258380744 44.6966913299 44.6622749147 45.0861005152 44.852045904 45.0425524018 44.8090721275 44.7666433182 55.3380740485 55.3380740485 55.3380740485 44.5984517436 44.7596160274 44.5499558759 44.5629575744 44.9187978578 45.0652931958
0 0 0 0 0 0 0 0 0 0 0 0 0 0 78.7320070559 56.3984290521 72.0029886274 72.0029886274 72.0029886274 44.8384422887 44.7048329391 44.8371444678 44.55680714 44.5759919552 45.1574722928 45.1284387807 44.6966780015 44.5799032298 44.5166215775 45.059710284 44.5714349986 45.0710238388 44.7081702061 44.9439455513 44.5282724521 45.0750066034 44.6003156422 44.7124383288 44.8085033732 44.9712291887 44.7375206367 45.1675458935 45.0198626996 44.7815814174 44.7873156624 44.6220938657 44.9514566665 59.6109429022 59.6109429022 59.6109429022 56.7336232675 44.7104806632 44.6462081656 44.7881667122 45.138419586 44.5900519729 45.1808199047
0 0 0 0 0 0 0 0 0 0 0 0 32.6928305789 32.7168821693 32.7168821693 68.4093691526 68.4093691526 70.5272314305 45.0177520133 45.2061910238 44.9372911439 44.8376772065 44.9373493857 44.5123165816 44.7365690057 44.8476005363 44.6644972051 44.763464592 44.9723327342 44.889685494 44.9625769007 45.1881968041 44.6468220929 44.8382737414 45.0435702522 44.9619000741 44.5629699911 44.7125463309 44.534059866 44.6691007605 45.1723894861 44.9586202363 45.1588473366 44.6942912622 44.6355304027 44.9744528039 44.6856587867 58.5966763102 59.6109429022 56.5974127074 56.5974127074 44.6251848273 45.1804114329 45.0598680623 45.0517942301 44.7182299324 45.0210420361
0 0 0 0 0 0 0 0 0 0 0 69.5794076467 56.9478671887 32.7168821693 32.7168821693 78.5454378704 68.4093691526 0 0 44.8414064131 44.5694104734 44.6532048561 45.1528048352 44.6047050848 45.1898945627 44.5841711017 44.6718780292 44.7292101717 45.0768633611 44.6144554301 44.7077094372 44.5539464678 44.7896230579 44.6096119066 44.8856332158 45.1649254458 44.5565626546 44.7447496631 45.1640990191 44.9158338283 45.0804250724 44.7930870211 44.9442940567 44.7253457714 44.8111291863 44.5385523977 44.9646524464 84.8801436481 84.8801436481 84.8801436481 56.5974127074 44.8218859646 45.004386865 45.1287497163 44.699020557 44.5231713456 44.9723059916
0 0 0 0 0 0 0 0 0 0 64.0522000836 56.9864534138 56.9478671887 32.6928305789 71.5455285315 66.2224820868 0 0 0 44.5870966838 45.0897081703 44.6540858522 45.0647336528 44.7499964476 45.1389905622 44.703408852 44.5666447806 44.9588557464 44.8992603601 44.8175551527 44.6455694609 44.9561675035 44.9726433443 44.7178489142 44.6585130823 45.0818705461 44.6559517815 45.0619242572 45.0946134206 45.0768864013 44.7697175008 44.6297582662 45.0685591321 45.1944675976 44.5690204772 44.9115439849 45.1413406055 78.2918819949 78.2918819949 78.2918819949 44.6194290975 44.7008031803 44.8636320313 44.9918009784 44.9420484397 45.202098565 45.0755306667
0 0 0 0 0 0 0 0 0 56.8406311105 64.9105985358 56.9864534138 56.9864534138 69.5794076467 0 0 0 0 0 0 44.6212719998 45.128828227 44.9228112174 44.955228414 45.0485703 44.7208042899 44.7033744482 44.769960123 44.8087301896 45.0997265538 45.0589325959 45.1294259836 44.9474166604 44.9066294528 44.6024331564 44.5918354994 44.6032130172 44.61193553 44.777740943 45.144014822 44.5306130629 44.9203702432 44.8137780736 44.5506248256 44.8866311321 44.9586476222 44.857131194 73.0102953169 78.2918819949 78.2918819949 45.0111408426 44.9489313255 45.1896371095 44.9110190816 44.7408515713 44.5601947443 44.7158233299
0 0 0 0 0 0 0 0 68.8933493782 56.8406311105 56.8406311105 64.9105985358 64.9105985358 0 0 0 0 0 0 0 0 0 44.786401318 44.9761171915 44.9141080857 44.5444093233 44.5013940896 44.5744908405 45.0432176894 44.6377039622 44.9985043463 45.0713512763 44.6035143756 44.8577894674 44.855403654 44.9999050929 44.8505552187 44.88913749 44.5700517998 45.1401867646 44.6587247327 45.0505710357 44.9256673157 45.0723032912 44.7170910833 44.7583416334 45.0674114098 86.9514874866 73.0102953169 86.9514874866 44.9540979809 44.6334922656 45.0185582643 44.7983576568 45.0152482997 44.5556374772 44.5493434594
0 0 0 0 0 0 0 0 68.8933493782 56.8406311105 56.8406311105 67.0373508753 0 0 0 0 0 0 0 0 0 0 44.9459621768 44.9222574763 44.5737575873 45.1039936095 45.0611633364 44.7170111384 45.0904019007 44.7964479702 45.0659486367 44.65319708 44.7183262125 44.8375434832 44.7479214584 44.512008172 44.7039199402 44.5164369798 44.7433901477 45.1671061868 44.6393798501 45.0552621768 44.7607259144 45.0917926896 44.5325877805 45.0787503439 44.6705740869 45.0936517906 86.9514874866 87.4401172257 44.5942588338 44.7591693991 44.9634704052 44.7231496904 44.7044735285 44.9120464076 44.8847173151
0 0 0 0 0 0 0 67.3651589034 0 0 68.8933493782 0 0 0 0 0 0 0 0 0 0 44.7751815712 44.8288300967 44.5296719158 44.6117090298 45.1654848153 44.626255342 44.6836902172 44.7287078401 44.8452971166 44.5732496944 45.0683984947 45.0478248401 44.5630942602 44.9715354865 44.7300217279 75.6891014896 45.0918640801 45.0091541364 69.1417954234 45.0876557547 45.0220088639 53.8799047567 45.0265833502 44.8447311845 45.0128336977 45.0787706386 87.4401172257 87.4401172257 87.4401172257 44.8903929527 44.7212663822 60.5126569195 44.5612723491 70.6057168973 44.70108482 44.6090494863
0 0 0 0 0 0 0 67.3651589034 67.3651589034 0 0 0 0 0 0 0 0 0 0 0 44.7106341267 44.5580236395 44.9413109717 45.0446987074 44.5979080582 45.1243438224 44.5929475708 45.077253068 44.736266892 44.8144874787 44.982061499 45.0574526361 45.0156722718 44.9077008716 44.5557546319 67.1125339078 67.1125339078 60.3866360854 69.1417954234 69.1417954234 74.9083292566 67.593323886 80.5823334889 66.347457825 66.347457825 79.8472594031 59.0549323807 85.2365539228 87.4401172257 77.8360517489 93.4214266886 44.9585908761 60.9984550583 70.6057168973 70.6057168973 44.6397278823 52.0846869556
0 0 0 0 0 0 0 0 0 0 0 0 0 0 0 0 0 0 0 45.0911638771 45.0143633026 44.8788841302 45.2002204491 44.8566420484 44.5899188707 44.9157742713 44.500728181 44.7773571596 44.6776070592 44.9214885162 44.5346142145 45.0700978031 44.8671240668 44.6734494612 44.9014547717 67.1125339078 67.1125339078 67.1125339078 69.1417954234 69.1417954234 74.9083292566 80.5823334889 80.5823334889 66.347457825 66.347457825 79.8472594031 59.0549323807 85.2365539228 94.5727215457 59.7064062489 45.1818354523 93.4214266886 60.9984550583 70.6057168973 70.6057168973 45.1022982506 52.0846869556
0 0 0 0 0 0 0 0 0 0 0 0 0 0 0 0 0 0 0 0 45.0651866261 45.1714054383 45.019790798 44.5643901156 45.0148144446 45.0308541443 45.1740380173 44.5021799415 45.0689654312 45.0385774141 45.0550908201 45.1905720877 70.2097440785 45.1294369791 45.1614431166 44.8886649027 44.8989708988 44.7686720483 45.2042839474 69.1417954234 74.9083292566 44.8044194415 80.5823334889 66.347457825 79.8472594031 59.0549323807 65.6218647634 44.6568398137 94.5727215457 45.0421251584 60.2786800538 45.0265541033 60.5126569195 44.6254161892 70.6057168973 44.7624326491 45.0945738593
