Spatial_Output/BAU/BAU_0932.asc
NCOLS 155
NROWS 192
XLLCORNER 196307.867259
YLLCORNER 449144.565805
CELLSIZE 33.573938
NODATA_VALUE NaN
[rows 105 to 139 of 192, columns 0 to 78 of 155]
0 0 0 0 0 0 0 0 0 0 0 0 0 0 0 0 0 0 0 0 0 0 0 0 0 44.7371642753 33.8238949456 13.87 13.87 13.87 19 19 19 19 19 19 19 19 19 19 19 19 19 19 19 19 19 19 49.591847048 49.591847048 49.591847048 19 19 19 49.6167652574 49.6167652574 49.6167652574 19 19 19 19 19 19 19 48.7565791766 19 19 19 19 63.7225847851 19 44.2152880776 19 19 19 19 44.9507310436 19 19
0 0 0 0 0 0 0 0 0 0 0 0 0 0 0 0 0 0 0 0 0 0 0 0 76.3567426032 49.8378548573 49.8378548573 19 19 19 19 19 19 19 19 19 19 19 19 19 19 19 19 19 19 19 19 19 50.9407125563 50.3603528839 50.3603528839 19 19 19 66.4309995783 59.6091997665 19 19 19 19 19 19 19 48.7565791766 48.7565791766 48.7565791766 19 19 19 19 19 19 19 19 19 19 19 19 19
0 0 0 0 0 0 0 0 0 0 0 0 0 0 0 0 0 0 0 0 0 0 0 30.6949916754 30.6949916754 42.1207062396 49.8378548573 19 19 19 19 19 19 19 19 19 19 19 19 19 19 19 19 19 19 19 19 19 52.4254626954 55.3736959443 55.3736959443 19 19 19 59.6091997665 59.6091997665 59.6091997665 19 19 19 19 19 19 48.7565791766 48.7565791766 48.7565791766 19 19 19 19 19 19 19 19 19 19 19 19 19
0 0 0 0 0 0 0 0 0 0 0 0 0 0 0 0 0 0 0 0 0 0 0 30.6949916754 30.6949916754 30.6949916754 39.7746066647 42.1207062396 19 19 19 19 19 19 19 19 19 19 19 19 19 19 19 19 19 19 19 19 55.3736959443 55.3736959443 55.3736959443 39.1732850319 19 19 59.6091997665 59.6091997665 19 19 19 19 19 19 19 50.5169610476 34.3531374177 68.5118627865 19 19 19 19 19 19 19 19 19 19 19 60.1365151265 19
0 0 0 0 0 0 0 0 0 0 0 0 0 0 0 0 0 0 0 0 0 0 0 50.37929478 50.37929478 0 0 0 19 19 19 19 19 19 19 19 19 19 19 19 19 19 19 19 19 19 19 19 19 46.0911203059 46.0911203059 19 19 19 19 19 19 19 19 19 19 19 19 64.2592657803 68.5118627865 64.2592657803 19 19 19 19 19 19 19 19 19 19 60.1365151265 19 19
0 0 0 0 0 0 0 0 0 0 0 0 0 0 0 0 0 0 0 0 0 0 50.37929478 50.37929478 50.37929478 0 0 0 0 19 19 19 19 19 19 19 19 19 19 19 19 19 19 19 19 19 19 19 55.3376718399 55.3376718399 55.3376718399 46.0911203059 19 19 19 56.0324946348 56.0324946348 63.7176103317 46.882630792 19 19 41.373386994 19 19 51.4646364561 19 48.2775526942 37.5471383965 48.5877051361 62.424920707 54.0519073967 19 19 45.8934071385 19 19 60.1365151265 60.1365151265 19
0 0 0 0 0 0 0 0 0 0 0 0 0 0 0 0 0 0 0 0 0 50.37929478 50.37929478 50.37929478 0 0 0 0 0 19 19 19 19 19 19 19 19 19 19 19 19 19 19 19 19 19 19 19 30.8016115271 55.3376718399 55.3376718399 19 19 58.2531983865 19 39.418033641 63.7176103317 63.7176103317 46.882630792 44.6231399303 44.6231399303 44.7766227715 41.373386994 51.4646364561 51.4646364561 51.4646364561 48.2775526942 37.5471383965 62.424920707 62.424920707 54.0519073967 19 19 45.8934071385 19 19 60.1365151265 60.1365151265 53.7174997501
0 0 0 0 0 0 0 0 0 0 0 0 0 0 0 0 0 0 0 0 0 50.37929478 50.37929478 0 0 0 0 0 0 0 19 19 19 19 19 19 19 19 19 19 19 19 19 19 19 19 19 19 55.530613348 39.428690973 39.428690973 19 19 19 19 39.418033641 19 19 46.882630792 44.6231399303 44.6231399303 44.7766227715 41.373386994 51.4646364561 51.4646364561 48.2775526942 48.2775526942 37.5471383965 37.5471383965 62.424920707 54.0519073967 19 19 45.8934071385 45.8934071385 19 19 19 19
0 0 0 0 0 0 0 0 0 0 0 0 0 0 0 0 0 0 0 0 0 0 0 0 0 0 0 0 0 0 0 19 19 19 19 19 19 19 19 19 19 19 19 19 19 19 19 19 41.5352157666 49.1332714581 49.1332714581 41.5352157666 56.5494710788 19 19 39.418033641 19 19 46.882630792 55.0255160034 19 44.7766227715 19 35.1276622531 19 64.9754847976 19 19 19 19 19 19 19 19 19 19 19 19 19
0 0 0 0 0 0 0 0 0 0 0 0 0 0 0 0 0 0 0 0 0 0 0 0 0 0 0 0 0 0 0 19 19 19 19 19 19 19 19 19 19 19 19 19 19 19 19 19 49.1332714581 49.1332714581 49.1332714581 35.9723430616 19 58.4200033445 19 56.5494710788 19 19 19 19 19 19 19 42.9874251828 42.9874251828 19 19 19 19 19 19 19 19 19 19 19 19 19 19
0 0 0 0 0 0 0 0 0 0 0 0 0 0 0 0 0 0 0 0 0 0 0 0 0 0 0 0 0 0 0 0 19 19 19 19 19 19 19 19 19 19 19 19 19 19 19 19 19 32.7161227723 45.0019746157 45.0019746157 58.4200033445 58.4200033445 19 19 19 19 19 19 19 19 19 36.2997656799 42.9874251828 19 19 19 19 19 19 19 19 19 19 19 19 19 19
0 0 0 0 0 0 0 0 0 0 0 0 0 0 0 0 0 0 0 0 0 0 0 0 0 0 0 0 0 0 0 0 19 19 19 19 19 19 19 19 19 19 19 19 19 19 19 19 64.9528959129 32.7161227723 45.0019746157 64.9528959129 60.5829597038 58.4200033445 45.6914261649 45.6914261649 19 19 19 19 19 19 36.2997656799 44.4788783294 36.2997656799 19 19 19 19 19 19 19 19 19 19 19 19 40.3884214523 40.3884214523
0 0 0 0 0 0 0 0 0 0 0 0 0 0 0 0 0 0 0 0 0 0 0 0 0 0 0 0 0 0 0 0 0 19 19 19 19 19 19 19 19 19 19 19 19 19 19 19 19 64.9528959129 64.9528959129 19 45.6914261649 45.6914261649 45.6914261649 19 19 19 19 19 19 44.4788783294 44.4788783294 44.4788783294 36.2997656799 19 19 19 19 19 19 19 19 19 19 19 19 40.3884214523 40.3884214523
0 0 0 0 0 0 0 0 0 0 0 0 0 0 0 0 0 0 0 0 0 0 0 0 0 0 0 0 0 0 0 0 0 19 19 19 19 19 19 19 19 19 19 19 19 19 55.2631703605 55.2631703605 19 45.5786474391 45.5786474391 19 19 19 19 19 19 19 19 19 36.9058008285 36.9058008285 36.9058008285 44.4788783294 44.4788783294 19 19 19 19 19 19 19 19 19 19 19 19 19 40.3884214523
0 0 0 0 0 0 0 0 0 0 0 0 0 0 0 0 0 0 0 0 0 0 0 0 0 0 0 0 0 0 0 0 0 0 19 19 19 19 19 19 19 19 39.6803185748 66.9576640059 66.9576640059 51.9953500759 55.2631703605 35.3219611147 35.3219611147 45.5786474391 19 40.9448257565 19 19 19 19 19 19 19 19 36.9058008285 36.9058008285 19 19 19 19 19 19 19 19 19 19 19 19 19 19 19 19 19
0 0 0 0 0 0 0 0 0 0 0 0 0 0 0 0 0 0 0 0 0 0 0 0 0 0 0 0 0 0 0 0 0 0 0 19 19 19 19 19 19 19 39.6803185748 39.6803185748 39.6803185748 19 19 19 35.3219611147 35.3219611147 19 40.9448257565 19 19 19 19 19 19 19 19 19 36.9058008285 19 19 19 19 19 19 19 19 19 19 19 19 19 19 19 19 19
0 0 0 0 0 0 0 0 0 0 0 0 0 0 0 0 0 0 0 0 0 0 0 0 0 0 0 0 0 0 0 0 0 0 0 19 44.9692828487 38.01508215 43.6883835808 48.5941081397 48.5941081397 47.5166685456 39.6803185748 39.6803185748 66.9576640059 51.9953500759 19 19 35.3219611147 19 19 19 19 19 19 19 19 19 19 19 19 19 19 19 19 19 19 19 19 19 19 19 19 19 19 19 19 19 19
0 0 0 0 0 0 0 0 0 0 0 0 0 0 0 0 0 0 0 0 0 0 0 0 0 0 0 0 0 0 0 0 0 36.6976416792 54.2211139723 43.4593693574 44.9692828487 38.01508215 38.01508215 48.5941081397 48.5941081397 19 19 19 19 19 19 19 19 19 19 19 19 19 19 19 19 19 51.5939639234 51.5939639234 19 19 19 19 19 19 19 19 19 19 19 19 19 19 19 19 19 19 19
0 0 0 0 0 0 0 0 0 0 0 0 0 0 0 0 0 0 0 0 0 0 0 0 0 0 0 0 0 0 50.3760559484 40.4301407631 29.9582704078 27.8859977896 28.3048954577 43.4593693574 43.4593693574 38.01508215 38.01508215 43.6883835808 48.5941081397 19 19 19 19 19 19 19 19 19 19 19 19 19 19 19 19 19 51.5939639234 43.4995060963 34.1333109162 43.4995060963 19 19 19 19 19 19 19 19 19 19 19 19 19 19 19 19 19
0 0 0 0 0 0 0 0 0 0 0 0 0 0 0 0 0 0 0 0 0 0 0 0 0 0 0 0 58.0115917969 62.5558646622 42.1741765039 50.1666644559 39.5051873607 40.3425686695 31.4541266153 43.4593693574 43.6984127257 19 19 19 19 19 19 19 19 19 19 19 19 19 19 19 19 19 19 19 19 19 34.1333109162 34.1333109162 35.7965886126 35.7965886126 19 19 19 19 19 19 19 19 19 19 19 19 19 19 19 19 19
0 0 0 0 0 0 0 0 0 0 0 0 0 0 0 0 0 0 0 0 0 0 0 0 0 42.8988405735 50.6741216216 49.5871154865 62.5558646622 62.5558646622 42.1741765039 50.3760559484 34.8682954787 32.4577337691 40.4706528338 54.7063549248 0 0 19 19 19 19 19 19 19 19 19 19 19 19 19 19 19 19 19 19 19 19 34.1333109162 34.1333109162 35.7965886126 35.7965886126 35.7965886126 19 19 19 19 19 19 19 19 19 19 19 19 19 19 19 19
0 0 0 0 0 0 0 0 0 0 0 0 0 0 0 0 0 0 0 0 0 0 0 0 0 42.8988405735 50.6741216216 49.5871154865 62.5558646622 62.5558646622 42.1741765039 50.3760559484 40.1334576828 45.1332057357 0 0 0 0 19 19 19 19 19 19 19 51.5132753754 51.5132753754 51.5132753754 19 19 19 19 19 19 19 60.1643044268 60.1643044268 60.1643044268 34.909622236 34.909622236 63.9816919265 63.9816919265 63.9816919265 19 19 19 19 19 19 19 19 19 19 19 19 19 19 19 19
0 0 0 0 0 0 0 0 0 0 0 0 0 0 0 0 0 0 0 0 0 0 0 0 0 57.1963571753 42.8988405735 49.5871154865 49.5871154865 50.6089134352 0 0 0 0 0 0 0 0 0 19 19 19 19 19 19 34.9243736049 34.9243736049 51.5132753754 19 19 52.5466658795 19 19 19 19 60.1643044268 60.1643044268 60.1643044268 34.909622236 34.909622236 63.9816919265 39.8449239371 63.9816919265 19 19 19 19 19 19 19 19 53.9874378304 19 19 38.2621818311 19 40.1943215853 41.5123003767 41.5123003767
0 0 0 0 0 0 0 0 0 0 0 0 0 0 0 0 0 0 0 0 0 0 0 0 0 0 0 0 0 0 0 0 0 0 0 0 0 0 0 0 19 19 19 19 34.9243736049 34.9243736049 34.9243736049 19 19 19 19 19 19 19 19 19 60.1643044268 19 19 19 63.9816919265 39.8449239371 39.8449239371 39.8449239371 19 43.6451572868 19 76.9380431593 31.5372355747 31.5372355747 53.9874378304 53.9874378304 19 19 38.2621818311 38.2621818311 40.1943215853 41.5123003767 41.5123003767
0 0 0 0 0 0 0 0 0 0 0 0 0 0 0 0 0 0 0 0 0 0 0 0 0 0 0 0 0 0 0 0 0 0 0 0 0 0 0 0 0 19 19 19 41.8978805369 41.0424435827 41.0424435827 57.4422967883 57.4422967883 19 52.5466658795 19 19 19 19 19 19 19 19 19 19 39.8449239371 39.8449239371 54.413414244 54.413414244 43.6451572868 76.9380431593 76.9380431593 19 19 53.9874378304 53.9874378304 19 19 38.2621818311 19 40.1943215853 41.5123003767 41.5123003767
0 0 0 0 0 0 0 0 0 0 0 0 0 0 0 0 0 0 0 0 0 0 0 0 0 0 0 0 0 0 0 0 0 0 0 0 0 0 0 0 0 19 19 19 41.0424435827 41.0424435827 41.0424435827 57.4422967883 57.4422967883 19 19 19 19 19 19 19 19 19 19 19 19 43.3952830936 48.8346581178 54.413414244 19 43.6451572868 76.9380431593 76.9380431593 62.5014308474 19 19 31.5372355747 19 19 19 19 19 19 19
0 0 0 0 0 0 0 0 0 0 0 0 0 0 0 0 0 0 0 0 0 0 0 0 0 0 0 0 0 0 0 0 0 0 0 0 0 0 0 0 0 0 19 19 19 19 65.8710889683 40.8732073892 57.4422967883 19 19 19 19 19 19 19 19 19 19 19 19 19 63.1581530121 54.413414244 63.1581530121 19 19 19 19 19 19 19 19 19 19 19 19 19 19
0 0 0 0 0 0 0 0 0 0 0 0 0 0 0 0 0 0 0 0 0 0 0 0 0 0 0 0 0 0 0 0 0 0 0 0 0 0 0 0 0 0 0 19 19 61.4141516276 19 19 19 19 19 19 19 19 19 52.7644396441 57.8550950505 19 19 47.9454014575 19 19 63.1581530121 63.1581530121 42.3548787146 19 19 19 19 19 19 19 19 19 19 19 19 19 19
0 0 0 0 0 0 0 0 0 0 0 0 0 0 0 0 0 0 0 0 0 0 0 0 0 0 0 0 0 0 0 0 0 0 0 0 0 0 0 0 0 0 0 19 19 19 61.4141516276 19 19 19 19 19 19 46.1304463027 44.690338497 19 57.8550950505 57.8550950505 19 19 19 19 63.1581530121 19 19 19 19 19 19 19 19 19 19 19 19 19 19 19 19
0 0 0 0 0 0 0 0 0 0 0 0 0 0 0 0 0 0 0 0 0 0 0 0 0 0 0 0 0 0 0 0 0 0 0 0 0 0 0 0 0 0 0 0 19 19 19 19 19 19 19 19 19 46.1304463027 44.690338497 44.690338497 36.2654756518 57.8550950505 53.5941865196 19 19 19 19 63.1581530121 19 19 19 19 19 19 19 19 19 19 19 19 19 19 19
0 0 0 0 0 0 0 0 0 0 0 0 0 0 0 0 0 0 0 0 0 0 0 0 0 0 0 0 0 0 0 0 0 0 0 0 0 0 0 0 0 0 0 0 19 19 19 19 19 19 19 19 19 55.3814814612 44.690338497 44.690338497 19 19 19 19 19 19 19 19 19 19 19 19 19 19 19 19 19 19 19 19 19 19 19
0 0 0 0 0 0 0 0 0 0 0 0 0 0 0 0 0 0 0 0 0 0 0 0 0 0 0 0 0 0 0 0 0 0 0 0 0 0 0 0 0 0 0 0 19 19 19 19 19 19 19 19 19 19 55.3814814612 19 19 19 19 19 19 19 19 19 19 19 19 19 19 19 19 19 19 19 19 19 19 19 19
0 0 0 0 0 0 0 0 0 0 0 0 0 0 0 0 0 0 0 0 0 0 0 0 0 0 0 0 0 0 0 0 0 0 0 0 0 0 0 0 0 0 0 0 0 19 19 19 19 19 19 19 19 19 19 19 19 19 19 19 19 19 19 19 19 19 19 19 19 19 19 19 19 19 19 19 19 19 19
0 0 0 0 0 0 0 0 0 0 0 0 0 0 0 0 0 0 0 0 0 0 0 0 0 0 0 0 0 0 0 0 0 0 0 0 0 0 0 0 0 0 0 0 0 19 19 19 19 19 19 19 19 19 19 19 19 19 19 19 19 19 19 19 19 19 19 19 19 19 19 19 19 19 19 19 19 19 19
0 0 0 0 0 0 0 0 0 0 0 0 0 0 0 0 0 0 0 0 0 0 0 0 0 0 0 0 0 0 0 0 0 0 0 0 0 0 0 0 0 0 0 0 0 19 19 19 19 19 19 19 19 19 19 19 19 19 19 19 19 19 19 19 19 19 19 19 19 19 19 19 19 19 19 19 19 19 19
