Spatial_Output/BAU/BAU_1422.asc
NCOLS 155
NROWS 192
XLLCORNER 196769.923733
YLLCORNER 449719.875193
CELLSIZE 27.603701
NODATA_VALUE NaN
[rows 115 to 137 of 192, columns 0 to 52 of 155]
0 0 0 0 0 0 0 0 0 0 0 0 0 0 0 0 0 0 0 0 33.0930492777 32.8213689749 33.105551984 32.9736140744 33.0851319486 32.5121371914 33.0356109817 32.8940830042 33.1339102388 32.5902267338 32.6843728482 33.1585452249 33.0958299168 32.9788137482 33.0340181653 32.538154639 33.0193902771 32.7491069223 32.6119801274 33.2063172279 32.785952024 32.6502642068 32.815460819 32.7399981236 32.6520281761 33.1512268701 32.5220018437 32.7570209721 32.7447663774 54.5937138171 54.5937138171 49.9400527989 49.9400527989
0 0 0 0 0 0 0 0 0 0 0 0 0 0 0 0 0 0 0 0 32.762704986 32.7985212572 32.9028100675 32.9432701111 33.1083761559 33.150992851 32.9615199901 32.866563751 32.6829627713 33.0407026152 33.1931645934 33.0584478958 32.5081289046 32.6997265051 32.8071450193 32.6997400002 33.0131259618 32.744594394 32.664718505 32.5209514697 32.6922559148 33.1486171328 32.9129805521 49.9855935745 49.9855935745 33.1305198202 32.9905356842 33.1481410034 33.1050054518 54.5937138171 54.5937138171 54.5937138171 49.9400527989
0 0 0 0 0 0 0 0 0 0 0 0 0 0 0 0 0 0 0 0 0 33.0065019582 32.8565142063 32.6438910641 32.8316010017 33.1595935977 33.0632615562 32.9468680019 32.5420343996 32.9935567515 33.1381133655 32.9694299018 33.1383194116 32.6664516792 32.6447605798 33.1962065636 32.639977329 32.8119245114 33.0752730614 32.6297724001 33.1751306926 33.1855690454 32.8196978977 50.1785889666 50.1785889666 32.6772481398 33.0061430337 33.1419345795 78.8680680886 78.8680680886 32.7899286536 32.7826246003 32.8390938383
0 0 0 0 0 0 0 0 0 0 0 0 0 0 0 0 0 0 0 0 0 32.5999826743 32.5601473526 33.1905429451 33.0126217933 32.5424758935 33.047073522 33.1558963815 32.5142929156 33.1716409189 33.1230103702 33.0084449046 32.811211203 33.1236720275 32.9825806777 32.9785935287 32.9068682912 33.1174314468 32.7376685229 32.9539770776 33.1601241897 33.1329931879 50.1785889666 32.9867360532 50.1785889666 32.5961280368 33.1215168226 33.0260219444 33.2007349757 32.9294359479 33.1100649158 32.753335185 32.5834686174
0 0 0 0 0 0 0 0 0 0 0 0 0 0 0 0 0 0 0 0 0 0 32.5290608065 33.0452867151 32.813348666 33.1120455171 32.9011007286 32.7028397538 32.6645514673 32.7860304028 32.9104735317 32.9630707344 32.8530591514 32.5989753758 32.9863382634 32.944641333 32.6127385634 32.8132836695 32.5902298391 32.7388599217 32.5035445202 32.5357730902 32.6827761791 33.0067919979 32.7407409776 32.8284989916 32.886303808 32.638447418 32.8827266706 32.9822164147 32.6233501948 32.7362864227 32.5463278441
0 0 0 0 0 0 0 0 0 0 0 0 0 0 0 0 0 0 0 0 0 0 32.7409981623 32.7596859455 33.1419298212 32.7721935223 32.601959038 32.7117917032 32.5441594526 33.0012875977 32.7314927893 32.9100738928 33.1260893496 32.6614742665 32.8655281018 32.7945214429 32.8403378135 33.0254464537 32.7897851517 32.5102505497 32.8618983995 32.5382798585 60.8641749263 32.9663045381 32.5837305477 32.9495640239 33.188465552 32.9184666992 32.9284720344 33.0126678043 56.8616306404 33.1160828908 32.5445654593
0 0 0 0 0 0 0 0 0 0 0 0 0 0 0 0 0 0 0 0 0 0 0 32.5732637554 32.8144388113 33.0657490217 33.0036529143 32.6635093015 32.875433872 32.9913245428 32.630394026 33.1553585584 32.6497821655 32.9601122968 32.5425172174 32.6769034398 32.5741799989 33.0314588153 33.0517290482 32.7396672956 32.6368304768 32.8274709261 33.0216266661 33.1219947334 32.8532078657 33.1910067942 32.6474546752 32.5080851696 33.1153814067 56.8616306404 56.8616306404 33.0242460845 32.5233503484
0 0 0 0 0 0 0 0 0 0 0 0 0 0 0 0 0 0 0 0 0 0 0 0 32.7054754402 32.5932184856 33.0537582798 33.1628162659 32.5624965651 32.6015971801 32.5650959402 32.8841947018 33.161819488 33.1751753739 32.7055908011 32.9376700033 32.5681544173 32.9430510374 32.6725595951 33.1487424187 33.1578370833 32.6138376263 32.591226007 32.8940942278 32.5942910386 33.0665857851 32.8441981676 32.7872042871 32.6199549028 63.0945999848 32.9744066863 33.1347309728 32.9288861525
0 0 0 0 0 0 0 0 0 0 0 0 0 0 0 0 0 0 0 0 0 0 0 0 32.8034301541 33.0151457908 33.1478393335 32.6855218918 32.826020796 32.8851333551 32.8571970843 32.6467071241 32.9400929209 33.1532402354 32.6705992339 32.7458443535 32.8839467534 32.5234778374 60.1111016472 32.9719775896 32.8883431033 33.1901087456 79.4855778689 33.1044420924 58.6455656333 66.0684191692 64.7348118835 71.7190550686 71.7190550686 32.9531356492 32.7846405859 32.6931495086 32.6872766205
0 0 0 0 0 0 0 0 0 0 0 0 0 0 0 0 0 0 0 0 0 0 0 0 0 33.0436644445 32.7195521296 32.5363976435 32.9660137627 32.9942122073 33.0781459707 32.5454376131 33.1775384776 33.2035121524 32.9808225548 32.7011747901 32.7127319771 60.3782753187 60.1111016472 60.1111016472 33.0919971606 32.8887541791 79.4855778689 79.4855778689 66.0684191692 66.0684191692 66.0684191692 71.7190550686 71.7190550686 33.1617279555 32.6527065282 63.1175416702 33.147173734
0 0 0 0 0 0 0 0 0 0 0 0 0 0 0 0 0 0 0 0 0 0 0 0 0 32.7604214116 32.9304921047 33.049171953 32.6418183414 33.1650367983 32.5407525696 32.6743803179 32.9673855774 33.0733033652 33.1486704907 32.8728813375 33.0359242854 60.1111016472 60.1111016472 60.1111016472 32.8949220607 33.0970908324 79.4855778689 79.8037371358 58.6455656333 66.0684191692 33.0774525299 71.7190550686 32.6154914658 32.9733094871 33.1393523133 63.1175416702 50.9049119601
0 0 0 0 0 0 0 0 0 0 0 0 0 0 0 0 0 0 0 0 0 0 0 0 0 0 33.1741381665 33.2062900814 33.0259450999 32.7590860522 32.5582707647 32.5226741655 60.6719215342 33.1662650539 67.026158779 32.6743587325 32.5696626074 32.7723403376 60.3782753187 32.8415722588 32.9867124373 76.8051403557 76.8051403557 32.6436122755 32.5647629845 32.9109109159 32.650540781 32.7919554419 32.9827898723 33.1812005163 32.6969226895 32.679908789 50.9049119601
0 0 0 0 0 0 0 0 0 0 0 0 0 0 0 0 0 0 0 0 0 0 0 0 0 0 32.5705917278 51.0283135015 32.6653529928 57.8849652815 32.67923207 38.7461551828 60.6719215342 60.6719215342 67.026158779 32.8140053296 32.7462965713 33.1008201777 32.5597196131 32.6794519466 32.6301873161 76.8051403557 76.8051403557 76.8051403557 32.5828953041 32.5220884951 32.9882223128 32.895300923 32.8350053644 32.524018538 32.6551223269 32.8530011804 50.9253484094
0 0 0 0 0 0 0 0 0 0 0 0 0 0 0 0 0 0 0 0 0 0 0 0 71.6345087548 65.9459077086 71.7377585872 51.0283135015 51.0283135015 57.8849652815 57.8849652815 38.7461551828 60.6719215342 60.6719215342 33.0567856946 33.0918197155 33.1757922778 33.0011431949 33.0549348606 33.0818276321 58.6800250412 76.8051403557 58.6800250412 32.868442935 33.0250342944 32.7830040399 32.6164728624 32.6432285613 32.7393134014 33.1344030801 33.0227446989 33.1206439019 33.1534249998
0 0 0 0 0 0 0 0 0 0 0 0 0 0 0 0 0 0 0 0 0 0 71.0972366852 40.4473166205 71.6345087548 71.6345087548 71.6345087548 51.0283135015 51.0283135015 57.8849652815 33.0423214628 32.5175928792 33.0176436527 32.8008926508 32.6336116179 32.957009248 32.7559751155 32.5911965317 33.0100173547 33.0204550114 58.6534951328 58.6800250412 33.0228990847 32.6842022276 32.5957351381 32.9729150217 32.9536023033 33.1542481588 32.5779760393 32.620923555 33.0051014371 32.777176888 32.5419633071
0 0 0 0 0 0 0 0 0 0 0 0 0 0 0 0 0 0 90.4930817181 77.9836514913 73.01531331 51.5072646326 71.0972366852 52.6363591306 52.6363591306 71.6345087548 53.2959292738 71.7377585872 33.1759110993 32.8989708523 32.9699218108 32.5806217191 32.7901235172 32.8552716216 32.8053232176 32.6863486954 32.5078659802 32.9212362574 32.6246287856 32.9386972442 32.593439248 33.1328186766 33.0933582474 33.1798513854 33.2050642966 32.8014178997 32.6125680451 32.9230783394 33.1736186517 32.9231684216 32.7297913732 32.6683106903 33.0682010888
0 0 0 0 0 0 0 0 0 0 0 0 0 0 0 49.1451185663 43.4879765028 44.7811075544 55.9681494579 73.01531331 73.01531331 71.0972366852 71.0972366852 52.6363591306 52.6363591306 71.6345087548 53.8970566687 0 0 32.5043550285 33.1921839902 32.8626661358 33.0891553697 33.1595628638 32.5158705321 33.0340888782 32.9596794363 32.7220464399 33.0187954717 32.88914993 32.5864024498 32.9926007024 33.2044042948 32.8780235215 32.5547816926 32.7326704847 32.5601799905 32.7062003912 32.7874978551 32.5991797442 33.1879037742 32.9694522922 32.9762182522
0 0 0 0 0 0 0 0 0 0 0 0 0 0 0 43.5460329199 46.9531945517 51.7771843552 43.391175765 55.9681494579 73.01531331 73.01531331 59.0508499156 71.0972366852 52.6363591306 49.6027948607 0 0 0 0 32.681817895 32.9311444356 32.5683568589 32.7852299737 32.7225063497 32.663555896 32.5617281942 32.5484886673 33.159213817 33.1930186267 32.5628704988 32.5542726751 33.0005887651 32.5319896103 32.6942503014 32.5423071465 32.9469798361 33.2037086743 32.724992001 32.7731501307 32.8233353258 32.8443465716 32.8234966936
0 0 0 0 0 0 0 0 0 0 0 0 0 0 0 46.7214106696 47.4869529249 47.2973015421 43.391175765 90.4930817181 61.0651474378 0 0 0 0 0 0 0 0 0 32.5015742213 32.6496550368 32.5570629493 33.1108783119 32.6669267427 32.876403114 33.1764508005 33.0485539959 32.7072497288 32.9729956881 33.1913654012 33.0749423051 32.728904295 32.6647572667 32.8637563046 32.5014984189 32.8448513593 68.45534194 32.8580573507 55.5533967395 33.0728217439 70.7420236579 70.7420236579
0 0 0 0 0 0 0 0 0 0 0 0 0 0 57.9535623311 52.6856693072 46.0673459919 48.2910812409 72.0924705195 0 0 0 0 0 0 0 0 0 0 0 0 32.6356566301 33.0316665851 32.8006496136 33.2061244617 32.7842525461 33.0771262679 32.6611628 32.8244690695 33.0372351677 32.6131800769 32.691957339 33.0187766982 32.6783593764 53.0503149864 32.8321484024 32.6467098022 68.45534194 55.5533967395 55.5533967395 58.6645785675 70.7420236579 70.7420236579
0 0 0 0 0 0 0 0 0 0 0 0 0 0 0 0 0 0 0 0 0 0 0 0 0 0 0 0 0 0 0 0 33.0200981341 33.0157066664 32.7961862211 32.765044486 32.5013489606 32.8508517935 32.7214617278 32.6951876577 32.7604865519 33.0468747414 32.857770846 32.5018395442 53.0503149864 53.0503149864 68.45534194 68.45534194 68.45534194 33.0679744652 32.5141959401 32.8333099499 70.7420236579
0 0 0 0 0 0 0 0 0 0 0 0 0 0 0 0 0 0 0 0 0 0 0 0 0 0 0 0 0 0 0 0 0 32.6312123376 33.0341941006 32.8064733815 32.9271166601 32.7367934903 32.9943606503 32.8154213068 33.0090927617 33.0280645409 32.727365913 53.0503149864 53.0503149864 53.0503149864 32.8135255803 32.9347821198 32.570205779 32.941803695 33.1848028597 32.8995344529 32.7377106103
0 0 0 0 0 0 0 0 0 0 0 0 0 0 0 0 0 0 0 0 0 0 0 0 0 0 0 0 0 0 0 0 0 33.1045636484 32.8635504334 32.8940939074 32.9702436362 32.8552320028 32.878269751 32.7413980735 32.829105509 32.6379187607 44.4858963244 32.6269041866 32.9742450674 32.9537432479 33.1411293843 33.1435163697 32.5133559495 32.7028394132 32.6481593741 32.9435348229 33.0190349952
