Spatial_Output/BAU/BAU_0331.asc
NCOLS 155
NROWS 192
XLLCORNER 196769.923733
YLLCORNER 449719.875193
CELLSIZE 27.603701
NODATA_VALUE NaN
[rows 46 to 68 of 192, columns 53 to 105 of 155]
36.6518514049 36.7196142086 36.5544185006 36.2533961475 36.8510255186 63.6214784162 63.6214784162 37.4008459117 36.4870595122 36.3916045951 36.3473690952 37.3403347072 36.7938521758 37.308725862 37.1895425096 46.0536582575 50.8382991075 46.0536582575 36.1500602536 36.7534687522 36.1803692432 36.0254143984 37.1924825327 36.2175879072 36.799593339 36.7282015741 36.6765106909 36.1504686968 36.6355330887 37.1772794724 36.7331091362 36.0498298957 37.3391854357 36.1679276863 36.0370220218 36.3543848581 37.1641438604 36.5807871354 36.0736607912 37.1006042551 36.0396658267 36.9390176589 37.2040474954 36.7194398028 36.162884195 37.1715351677 37.144438553 37.2044153892 37.2340065919 37.3660320284 37.321448098 37.4082206762 36.4016711762
37.1929064837 36.4653017431 37.4124560295 37.0070152186 36.9832694242 36.6793493049 36.1758724998 36.1235850104 37.3951627939 36.6922334344 36.7651790468 37.1172874624 36.5268347353 36.1317689251 36.6699137406 50.8382991075 66.1002114226 50.8382991075 36.0107541915 37.2995268867 37.2099204986 36.7153064058 37.0632272255 37.1473337184 36.3721337704 37.3997283514 37.280254772 37.215156227 36.8866302724 37.3388452025 37.3922246353 36.8022865394 37.0033375634 37.149783346 36.9257773275 36.828357858 36.8539573787 37.0970626098 36.0112736384 37.2421849998 36.9544502542 36.7368403315 36.8496337306 36.4989619544 36.228552558 37.3679861638 36.272412103 36.4285197035 37.2657381802 37.3600592527 36.0116799324 36.5498804738 36.5102888211
36.3746364042 36.6331501877 36.0807471423 36.8601077905 36.3266527034 36.6932433534 58.2727884904 36.0875404247 36.9471376033 37.0986040637 37.1834990133 36.0828099343 37.224157849 36.4664143009 36.9690219754 66.1002114226 66.1002114226 66.1002114226 36.6365427984 36.4791015555 36.7438835713 36.2670738961 36.5753095379 36.7917118604 36.0190311815 37.316254542 36.7573208764 37.0815558496 37.1057403251 37.2936065615 37.3299149758 36.5691444382 36.2299071227 36.5132527636 36.0362154777 36.9135804533 37.2202694482 36.4720201157 36.2401473599 37.3639289266 37.1245240442 36.7111979555 37.2874101959 37.276223197 36.8790257135 37.1483220003 36.1717145417 36.3337353929 36.4698860348 37.117632672 36.9198400466 37.274434704 36.6033919098
36.7414664344 36.8361711457 37.2494003823 36.9216708514 79.6806665378 79.6806665378 57.3121554095 58.2727884904 36.6938882295 36.4223598343 36.9803640164 36.8153066071 37.177912191 37.2676797797 37.2931376341 37.0355565379 66.1002114226 36.3490051872 36.0853272024 37.3372792816 36.5160126791 37.2834696974 37.3571518944 36.3551055025 37.0783053074 36.3218567072 37.0757769997 37.0021179878 37.335723314 36.3585323436 37.0821181531 36.1752330838 36.9496513993 36.484448546 36.1521075841 36.7993104946 36.6260885313 36.1319781954 37.0709733587 36.1897203841 36.7087633977 36.8151564089 37.3167200377 36.0952011352 36.9318709916 36.9514950895 36.4709683441 36.8895329485 36.5210892806 36.3198696249 36.6939277453 36.4344517811 36.290822708
75.7901011477 75.7901011477 36.7587315403 61.7747339369 79.6806665378 79.6806665378 79.6806665378 36.0323844024 37.3466955956 36.4696491007 36.4399576005 36.0625040677 37.3968211547 36.2340159581 36.6519233962 65.9684097712 48.5630332442 36.3642118061 36.090235193 37.1931610984 36.2019954118 37.2824556291 36.0766673153 37.4141359539 36.6504973316 37.0911161704 36.2311472794 37.0269097037 36.245243957 37.2133998338 36.6187965156 36.8374648404 36.3847623273 36.1282922381 36.2105032692 36.2097422781 37.313926398 36.7315877714 36.4372846937 36.386587596 36.5102394304 37.0687199987 36.5093892364 36.4308772142 36.1658937273 36.9831896189 36.1735828796 36.640120106 36.7541320365 36.1329440079 36.5364022116 36.6276637535 36.7287035346
75.7901011477 75.7901011477 37.1616617187 36.4173384161 36.081424967 61.7747339369 36.0133490573 36.7181844066 36.229230448 37.3890563197 36.8222517192 36.2809267469 37.16560227 36.7593125511 37.0098396406 36.4890255727 49.066163433 48.5630332442 37.1384591994 36.9109426156 36.3162631183 36.1273091809 36.7868806847 36.8332121993 36.3636142269 36.1075440414 36.121666979 36.6362886131 36.2548984491 37.2831159646 36.703690704 37.3556309506 36.9880163446 36.9667680169 36.1793807906 36.4588886522 37.290960555 36.6952190688 36.8631668476 37.1747200056 36.3288402575 36.2850717237 36.4387537225 36.8322493015 37.178019001 37.0381558061 36.0556752799 36.6740700467 36.840982043 36.4690878284 36.8594449815 36.0589109053 37.267157465
75.7901011477 36.2858166285 52.1002003858 52.1002003858 36.7437631361 52.1046595838 37.0448476833 36.9271509825 36.5038619151 37.1701326532 36.4594310583 36.959316262 37.303503961 36.8381871389 36.9773637751 49.066163433 49.066163433 49.066163433 36.5043327881 36.7451947261 37.0668505059 37.0522658076 37.137416417 36.1094112772 36.365319291 37.1529606505 37.2190398976 37.3207662512 37.1866908917 36.2496746692 37.2621263027 37.0978162616 36.7265573645 36.4019781305 37.2865772581 36.4916676776 36.2485483673 36.515400861 37.173756212 36.6674341913 37.3723805396 36.7515867315 36.2681818818 36.3328562083 37.0861168838 37.0503880749 37.3179158356 37.0342442256 36.4010333362 36.7099804501 36.5873308529 36.8748630791 36.7474691961
69.9878816252 59.5762614419 52.1002003858 52.1002003858 52.1002003858 51.7185100614 36.642854088 36.0003483291 36.3763348418 37.3820460054 37.3643205923 36.989905542 36.8707554375 36.2404338605 36.8113258852 37.3107672945 37.1707999893 37.2183306822 37.0577183648 36.4489287317 36.178380643 36.1373216778 37.3910372555 36.1271655059 36.0326756988 36.7564530345 36.4474942175 36.6548014691 36.8400277524 37.0696446711 36.7390899875 36.8311979415 36.1221891927 37.1524808774 37.3989768572 37.3656638422 37.2041265155 36.3216675492 37.0522544662 36.6251628052 36.3615359098 37.2224857917 36.2476435355 36.7225200413 36.6462312255 36.1316035279 36.927611003 36.7608844414 37.0440850554 37.4063256516 36.620768532 36.1537254253 36.4966108104
69.9878816252 59.5762614419 59.5762614419 57.5242004874 36.3656609425 37.0409612496 36.804398476 37.2949151975 36.7304986277 36.584048172 36.3856787654 36.2179575263 36.9385982282 37.2167643519 37.3252345363 56.6715985174 56.6715985174 36.338675633 36.8019533939 36.2201952941 37.0953070645 36.6183378952 36.9311056785 36.0321750011 37.011125452 36.1061105553 36.5248746458 36.7050700717 37.0754372814 36.3872636523 37.4030952957 36.2123886731 36.3455923521 36.8356527177 36.5087328934 36.5438834511 36.9916195576 36.5399666808 36.2611858027 37.1652734227 37.3486401065 36.5837666187 37.3100662524 36.284349125 37.1790247006 37.0579084632 36.7849973171 36.0439784271 36.5258555697 36.1323221395 36.225599951 37.2247220643 55.3984344274
36.2099854824 54.4668903977 59.5762614419 37.3183212936 36.6082441671 36.8149005261 37.3702523523 37.1170503374 36.9276017211 37.0310948665 36.4220369119 37.3439185595 36.2891178061 36.8789838267 37.334048757 48.4591433908 48.4591433908 48.4591433908 36.7076452866 37.0263127273 36.2024375918 37.3488136054 36.9000834499 36.2798907423 36.6938261731 36.7892555405 37.1589742154 36.3533614607 36.7153995855 37.2144206652 36.8692964574 37.3288635472 36.7024584537 36.926111752 37.348169647 36.8806488954 37.1333948623 37.0569979537 36.5458391379 36.2336211589 37.2478921659 36.7358757697 36.183836576 36.3666485982 37.3174782234 36.6969132386 36.7525841617 37.1036739435 36.2160050405 36.3913824728 36.7097498481 55.3984344274 55.3984344274
36.4677624266 37.2679937558 37.3440048146 36.7799708988 36.227462904 66.0021967642 66.0021967642 52.2106427831 36.9773592368 37.2692963396 36.5846481058 36.6248761976 37.0085411522 36.3583258072 37.0296151644 56.9296735258 48.4591433908 56.9296735258 37.376832481 37.1051360601 36.6731860705 37.0848528525 36.600902752 36.2674538107 37.2005360343 36.2940415341 37.3223683145 36.109415849 36.5591108957 37.3247371282 36.3433388815 37.3409710122 37.1904363055 36.949246057 36.392719808 36.2433229611 36.4828097373 36.5842431109 36.5573784256 37.1559668299 36.5101780329 37.1510260158 36.3674779312 37.3425545105 36.303466157 36.514562966 36.3770499203 36.24718119 36.9254047495 36.638039663 36.3023063538 36.0329915409 36.5618755341
75.3468566131 59.7878081903 36.1558707242 36.5558379222 66.0021967642 66.0021967642 66.0021967642 67.6393365241 37.1754724932 36.1708571493 36.1940554754 37.2947414367 36.2853921985 37.3880884156 55.020800666 55.020800666 55.020800666 55.020800666 36.5721702986 36.7801185458 36.4964456644 36.1822762821 36.6132841276 36.9119880448 36.4706410091 36.8988820019 36.4141155131 36.6607877011 36.1484795687 36.7239971038 37.1982813671 36.3524677674 37.3696602596 36.0823113391 36.8362174519 37.0004509455 36.6320971012 36.1425213422 36.7286783176 36.0800746365 36.392069138 36.0375781267 36.3606609958 36.2048629516 37.3446987113 37.0715762272 37.0342642518 36.9742971624 36.5855206921 36.508441172 36.2974539986 37.2340124764 61.6359302402
66.8669119163 43.2140272978 43.2140272978 50.4328236305 65.6821717219 37.3713537065 52.7010321059 52.7010321059 52.7010321059 37.3512364973 36.2318535005 36.3804371219 37.358980071 36.1447523122 37.0795423101 55.020800666 55.020800666 37.2822770517 37.1837990651 36.7223137155 36.2031307907 36.0275690394 37.219309362 36.0680063625 37.2459789425 36.4394885989 36.5477089654 36.180387568 36.0735257736 37.2185627734 37.1718494332 36.7405796233 36.5158028962 36.5708026928 37.346810059 36.6816520025 36.3770859221 36.4856074306 36.6825039043 37.1550570186 37.2139557182 36.19210113 36.2922178961 37.0180883195 36.5265538192 37.2249894047 36.4714463612 37.1755193156 37.1116815208 36.8539995776 37.2976831735 61.6359302402 61.6359302402
66.8669119163 43.2140272978 43.2140272978 50.4328236305 50.4328236305 50.0702818276 52.7010321059 52.7010321059 79.0579535699 36.1934783684 36.8394495445 37.3610169747 37.0350127887 36.3687034665 37.1185777501 65.7489636245 65.7489636245 36.4425386305 37.1233604856 36.5607216338 36.4800424936 36.7011686031 37.3548713996 37.3067697877 36.9660003114 36.5793922726 37.1059501981 37.1087897951 36.5759400408 36.8602921954 36.9138003149 37.1524587198 36.6880356943 37.268643363 36.5754874537 36.8196877831 37.3171766532 36.9795822329 36.6756522962 36.4787096147 37.1445315065 36.8346347547 37.3483061177 36.118455919 36.6830660072 36.0424403554 36.8581783708 37.3146279327 36.4323747382 36.110431123 36.6896585088 37.1844845512 36.1945177571
60.6346492206 43.2140272978 65.9193101726 50.4328236305 50.4328236305 50.0702818276 79.0579535699 37.1246786691 61.1655343819 68.9097401564 68.9097401564 36.4948727714 79.4097846125 36.5234811056 65.7489636245 65.7489636245 65.7489636245 65.7489636245 36.2471887052 37.3308296325 37.3281515241 36.2478575381 37.0852171198 56.1323325424 55.8814117826 36.6021968349 37.2723238559 36.8996700202 37.2751746335 37.1104479075 36.9829476505 37.1690426235 36.9303567616 36.0141528367 36.9111874202 36.8657706006 37.3617563621 36.8054633568 37.2950471801 36.3588264715 36.8878524057 36.1851303547 36.4108824597 36.9068453353 36.8717860618 37.1529515116 36.8286701976 37.0667946222 36.7360865924 36.924081839 36.0869881384 36.6068312244 62.5593485119
60.1814656151 36.9913935722 37.3446777665 36.104278812 50.0702818276 36.3323903832 37.3899519689 36.3874203814 36.4724981416 68.9097401564 68.9097401564 80.1896906384 36.1220725718 79.4097846125 53.6960510475 53.6960510475 53.6960510475 36.8387876338 36.7301656417 58.5753401678 58.5753401678 37.3130523474 70.8191509911 56.1323325424 56.1323325424 55.8814117826 36.3689085251 37.1520924896 36.4802626918 36.130615114 36.6422036857 36.6801995017 36.7417242325 36.045590388 37.2150206976 36.8678544855 36.7840177467 36.4609343701 36.8211202865 36.0868980599 37.1217575626 37.3424862997 36.3903994701 36.5386046133 37.3809839946 36.7723840539 36.673903838 37.2419163614 36.7569314535 36.9301284952 36.2578792647 36.8579759116 62.5593485119
36.63490099 36.1932010462 36.7425517572 37.0990801869 36.225413158 36.9208061708 36.6778408873 36.5691279754 36.6035444543 68.9097401564 37.1671334474 37.2077338503 37.3606784341 36.3508836923 53.8058945057 57.8606265482 53.6960510475 64.0878877509 58.5753401678 58.5753401678 58.5753401678 36.7921313444 36.5675072557 56.1323325424 56.1323325424 55.8814117826 70.6621712176 37.3764890366 36.4197385203 36.3214301407 36.1565254602 37.1290718807 36.3902497238 37.3701639291 36.7234454584 36.0590681244 36.0842893809 36.7263244661 36.3563132837 37.3518317628 37.3885442912 36.0220070906 37.100926844 36.6227776652 36.1029167078 36.6790509507 36.7332300586 37.0929326304 36.5698668951 37.3634497685 36.3891859383 36.1799568831 58.9647854233
59.9242500711 37.2817706724 36.9127136247 36.0212823209 36.4104424214 36.9805016598 36.4589274047 36.4874067557 36.8048158181 36.8392769034 36.7270179332 36.668980352 36.5140521625 36.6220556172 36.0295103146 36.2034533627 70.2239970518 70.2239970518 36.8861166903 58.5753401678 36.1407536954 36.8219450035 37.1371614164 56.1323325424 36.36052698 36.3287696587 37.4074100127 36.9582516924 37.0998731807 78.6595768226 36.1647839783 36.1682454806 36.44218905 36.0684925873 36.1481135252 36.1162646941 36.8523750545 36.5096992389 36.6961019428 36.8554678716 37.1482523974 37.3699569936 36.5724554254 36.3787192868 36.8403286637 36.8550942894 36.3571175784 37.2929404194 36.1741393506 37.124129051 37.1906930557 36.542858362 59.4651095265
36.9030939964 36.3540133831 36.5234599256 36.1249215328 36.5181975479 36.9393101741 56.148244938 56.148244938 36.889154381 36.4079262751 36.092626506 36.2508508191 36.9401182196 36.8930501044 37.0054466739 70.2239970518 70.2239970518 71.8964461669 71.8964461669 36.6586096983 36.7504440591 37.3500636169 36.2325909658 36.1106256809 36.0150287678 36.1758553351 36.5786754839 36.7877626948 78.6595768226 78.6595768226 78.6595768226 36.4911846908 36.6233301012 36.0542295788 36.5999543175 36.9653755424 36.0365059177 36.8471887011 37.133234365 36.7647391735 36.8530486611 37.3534359211 36.1222914918 36.0552581111 37.0801016458 36.1222308729 36.5296780016 36.0087812708 36.6820841551 37.2576933837 37.1999854552 36.4936269354 36.7111335929
36.1485522872 36.8129753935 36.7177367392 36.4161311493 37.2349089522 36.5791021661 56.148244938 56.148244938 56.148244938 37.1055206205 36.2631226542 36.9886813827 36.710229076 36.4771585368 37.1964310103 36.4113082953 71.8964461669 71.8964461669 71.8964461669 37.0571823263 36.4757713704 37.2026342401 36.5837568008 36.7120979191 36.6924290015 36.6072191291 36.7627847537 36.3309914279 36.5232826008 78.6595768226 78.6595768226 36.5537009225 36.286172124 36.0077655945 37.1580575385 36.1038817861 36.0752375192 37.3383669485 37.2311985623 36.1192515312 36.1039843925 36.0897916126 36.6268529387 37.011593801 37.0899431235 36.9630821112 36.1022760847 36.8674436541 36.4509572092 36.6702701621 36.1761604255 36.5904309272 65.7655150607
37.3366647924 36.657608559 36.9235325263 36.016748823 36.8826338382 36.1951801837 56.3617926094 56.3617926094 37.1596348559 37.3852015526 36.6024000882 36.5395569417 36.2056908153 36.9762500641 37.3774842399 36.7672136986 62.0681524972 62.0681524972 62.0681524972 36.2787205905 37.1843373311 36.768534502 37.1309303054 36.0721606131 36.3709222236 36.9978834178 36.9191344908 36.1079088339 37.2833949818 37.2774228827 36.3053136491 37.1974001903 36.0413492273 36.7726523754 36.6273824762 36.6828305177 36.1743076011 36.5922209618 36.8642945529 37.0165730056 83.7368333058 36.2907139069 36.8179489982 37.2245964474 37.018284026 37.2826212882 36.98846434 37.2253602301 36.1264360182 37.1546321041 36.7036397399 36.0443128303 37.3284902189
37.2730839313 37.0684596259 36.0287364916 36.2876814341 37.3853033325 37.1931085793 65.1528897772 37.0841378077 36.3491042138 36.4475844597 36.2341770437 36.8507599278 36.6696727295 36.4037019225 36.4982980271 37.0298148721 60.4325937454 60.4325937454 36.3728878012 36.7081381837 36.1540535697 36.2582139217 36.0375160043 36.4413734577 36.0982046953 36.2507069334 36.5645083123 37.083728854 36.0694492601 55.5600238861 55.5600238861 36.2811849114 36.5991898761 36.0514615268 36.4804645729 36.9269047217 58.8241795465 73.1383308664 73.4425340222 52.2866767679 57.5676657516 57.5676657516 88.2611437613 36.3848973671 36.0373766476 36.3230370854 36.2472976898 36.3354429083 37.2249869508 37.2221897448 36.975090265 37.000307272 36.531005616
37.3413345782 37.0042541537 36.677597449 37.1562233939 36.6147666798 37.1678776292 64.7042347385 64.7042347385 36.2236646994 36.6519452706 37.2356816858 36.2649173672 36.5034499577 36.90764414 37.0483919436 36.6285912991 36.229684517 36.0610050706 36.0326524412 73.8320893819 37.2034411326 37.0957375397 36.006448594 36.3819877246 37.0214509374 36.5260288058 36.211602388 37.2879568868 55.5600238861 55.5600238861 55.5600238861 36.6610903651 50.8936600605 36.5905733927 52.1625490594 52.1625490594 73.1383308664 73.1383308664 73.4425340222 36.3120597863 57.5676657516 88.2611437613 88.2611437613 36.6325267947 37.212504929 36.0901717666 36.4469907811 36.7106238782 36.0054349617 36.9690442158 37.0695997542 37.3330809313 36.2352657324
