Spatial_Output/BAU/BAU_0004.asc
NCOLS 155
NROWS 192
XLLCORNER 196769.923733
YLLCORNER 449719.875193
CELLSIZE 27.603701
NODATA_VALUE NaN
[rows 138 to 160 of 192, columns 53 to 105 of 155]
46.2010700731 46.2081978854 45.52994016 45.7854637786 79.5785635697 65.452248991 62.1998386408 62.1998386408 62.1998386408 45.1692290945 45.2226946285 46.0376135869 45.3998720404 45.7344701559 46.0492748369 45.1540279145 45.2115242428 45.2102450393 46.0327411333 46.1147945154 45.1061711418 45.7649882091 45.8120943855 45.1880561041 45.9504399947 46.2407826915 45.9313644501 45.3998785157 45.8432135672 32.9681167445 32.9681167445 69.6433562942 46.0445652743 58.7922773714 46.3337805631 46.3082662619 45.8209661083 45.3393127232 46.202996977 45.9095644405 45.8510534056 45.9796210898 45.7506855212 46.0719480006 45.4149581049 45.5694170062 45.7370538865 45.8759254579 46.0770721733 46.0225768226 46.2973287724 45.7492063522 45.9744533779
45.0886300851 45.9936724688 45.2856377366 79.5785635697 79.5785635697 62.1998386408 62.1998386408 62.1998386408 45.8742360542 45.6632400207 46.245575482 45.7895525554 46.3371586578 45.5940495429 45.5291656096 45.5958849223 45.0140053551 46.1586710311 46.11758029 45.5654035303 45.325383736 45.37908439 45.4607584502 45.5008079803 45.9091276215 46.2286451457 46.2315112877 45.389627233 45.6845561224 69.6433562942 69.6433562942 69.6433562942 58.7922773714 58.7922773714 45.9118221613 66.5494097801 45.4725376306 46.2781209347 45.4832116214 45.844439812 45.5615588975 45.4829826682 45.643397703 45.3560175168 45.5170228901 46.1308476845 45.244267846 46.2384772728 46.0634515054 45.7913690702 45.9192318244 45.3199710111 45.4193688884
45.1909562914 73.2080638265 45.562048397 45.9686660991 45.1304896265 79.5785635697 45.9124748477 62.1998386408 62.20526831 46.2382365005 45.8941193279 45.6537351841 46.0629637337 45.6344050959 45.5352630973 46.211322185 45.1483808418 45.7077863385 45.4190743305 45.4283112818 45.2792959375 45.9463257216 45.8344372345 45.4947899295 45.2169510353 45.9559281048 45.0812634081 45.3753795171 45.7538665517 46.3608422362 45.5183143188 59.8859134086 58.7922773714 58.7922773714 66.5494097801 66.5494097801 90.1706391838 45.2140728594 46.0762983593 46.1475986599 45.3199214474 45.9642149354 46.2095093167 46.0990526367 45.9139492712 45.8048939056 45.6590043227 45.1799151872 46.3941460461 46.2321603568 45.6620940499 45.3307031092 45.2224760757
45.5999832499 45.9011265784 61.6124652958 45.0870029242 45.6342786499 45.4843857029 62.20526831 62.20526831 62.20526831 45.4756048914 45.7210824579 45.4610386037 45.8486810545 45.4134807513 46.2892295644 46.0203443495 45.1459162564 46.0985945525 46.3830912301 45.5689557384 46.1072667295 45.5442553231 46.3167907371 46.2245795173 45.1754038954 45.2487922024 45.9243826092 45.1036257213 46.3409249341 46.0220875443 45.4165504002 45.862344526 45.1160121462 55.4583967911 66.5494097801 66.5494097801 45.7671270648 83.3501547365 83.3501547365 45.795636187 45.0069243927 45.8927813379 45.7419713631 45.9612597839 45.9212907785 45.2761225047 45.5039969523 45.2221960666 45.5330268599 45.8881305833 45.4632158678 46.0136610378 45.6065167159
45.2138393417 45.8156210605 46.0692578887 45.4216054533 45.8277201914 45.2597347231 46.045931466 64.6851575177 62.20526831 64.6851575177 45.2252443667 45.1406531252 45.2844807738 45.7994986849 45.7134879667 45.6952648659 45.4564058491 46.1056705356 45.9302092633 45.6829821767 45.1881600004 45.2986831659 45.2385017054 45.6352677048 45.4556444844 45.7662418593 45.0028868696 46.3843830963 46.2902794346 45.665567844 45.179661929 45.5700041785 46.2290909297 45.7283645569 45.1059661043 46.0082026492 83.3501547365 56.8131914923 56.8131914923 46.0508870469 46.1901856704 46.0729584702 46.3235778888 46.1873976387 45.0462327822 45.0479106245 45.0325928392 45.7210268583 45.0732010184 46.1258016566 45.3363144742 45.8878753278 45.7263112098
45.3696872873 46.1115179299 45.6752795807 45.5281388305 45.6240893212 45.2801386464 45.607289778 45.1352555771 80.6823163287 80.6823163287 45.8642873878 45.2035458973 45.6094366403 45.2405002707 45.3706189751 46.0969860061 45.6762990907 45.7024007134 45.950297092 45.1110254114 45.8021119526 45.3596582944 45.4727283519 45.6003381478 46.363382817 46.3369198555 45.3916491291 46.1384895088 45.5883655885 46.2531522348 46.3470727555 45.4153900262 45.4963867617 45.8193516413 46.0203705998 46.2530686825 56.8131914923 56.8131914923 56.8131914923 45.5530016779 45.8388902349 45.1825957495 45.3511043877 46.3501401919 45.0278569529 46.1774739192 45.7578655054 45.2872375725 45.9124445988 45.5650141149 45.497744386 45.1903365626 45.4982715794
46.3421072328 46.2864473687 45.4506020974 46.1763114166 45.6223333183 45.5532458489 45.5386899791 46.3095445853 80.6823163287 80.6823163287 81.5786063024 46.1404071919 45.7955530505 45.2375082893 46.0618432569 46.2956153833 46.289682705 45.7629534797 46.0000361997 45.4368089049 45.3968843154 45.6768880487 45.5288157342 45.4968811977 45.1878510678 45.8621977287 45.6841442872 45.1086995933 46.3208423398 46.2558528893 46.3093676327 46.1139062903 45.8033314575 46.3912963741 45.0131036262 46.387834505 45.2543454748 57.6259395658 57.6259395658 57.6259395658 45.0843424077 45.9892718146 45.0144326855 46.0252271954 45.7602835049 45.1771570268 46.310749303 45.7541570468 45.3364004721 46.3176055108 45.6977388924 45.1363265153 45.952229135
45.0225463523 45.9251667475 46.1683458434 46.3030543072 45.0097568234 45.0868000488 45.6295192213 45.7092180435 81.5786063024 81.5786063024 45.7043048201 46.1462001636 45.6201115914 45.8472504327 45.2876556972 45.537256433 45.661387175 46.307770996 45.9279099027 45.7985207162 45.6519814186 45.1563318927 45.3371646738 46.1792987748 45.0887537904 45.1970188158 45.1412980654 45.6546665873 46.3209690812 45.8000696099 45.5820918828 45.6925958437 46.3823254294 45.7314423505 45.8647057632 46.289652501 45.3102623919 46.2084516178 57.6259395658 58.3123745287 45.0947202821 45.5383861708 45.2836987996 45.22435605 46.1911187374 45.1372823127 45.1878495472 45.1321532541 45.0432491462 45.8471437738 45.6925573629 45.1505436765 45.8722575003
45.4828399428 45.4488382749 45.9458357862 45.5364416973 45.3902467775 46.0129417638 45.1873881084 45.4925112157 46.0574260611 45.2632931698 45.1653687751 46.2962785605 45.4691823722 45.5987539686 45.0259623688 45.4921613554 46.4029688939 45.2557160036 45.3042805122 45.7256776562 46.3802919641 45.1765977151 46.1135956373 45.464452782 45.2539149979 45.0485089918 45.4766841884 45.6631528397 45.5095367564 45.2692695227 45.6716339108 45.7164736767 45.562611498 45.6355327049 46.3422354599 46.0929232727 45.2695597034 45.6585221328 45.5777377668 45.1772699547 45.9698880583 45.6763128085 45.4022317684 45.2204179539 46.1905261194 45.9065493063 45.2827814627 45.9744360567 45.8737892375 45.6768020067 46.2137282389 46.0240694259 45.0695337408
46.2635771874 45.8164235104 45.302621351 45.0531089348 45.6434189531 45.4933769167 45.0910406731 45.1821814471 46.3193564289 45.7477897935 45.6840225344 45.9104389394 45.8643367699 45.8860433108 45.6834701281 46.042927597 46.3783992566 45.4551502967 45.0634108236 46.4057182588 46.051689422 45.668345933 45.6738662467 45.9009346982 45.4187011016 45.4728391046 46.3749197221 45.3796806264 45.2228287233 46.3800696309 46.2425555555 46.3192042014 45.8255672912 45.6102498929 45.9926002496 45.5112883263 45.427539002 45.8544354701 46.0851084416 45.4857470813 45.2749053311 45.9220560816 45.9272016706 45.8517935211 45.7757329493 45.1791068883 45.5661896141 46.3299067877 45.9855815196 45.238609087 45.8652027826 45.8179113658 45.6904039854
45.2232034267 45.6415130224 46.0597948279 46.3416021496 46.0541960859 45.6250692663 45.1733911336 45.7031648234 45.932524951 46.3495049556 45.2588128331 45.4962379897 45.2373357601 45.3619180632 45.9743167832 45.3925181516 45.610188561 45.3371063116 45.7138043151 45.5004719416 45.1427728164 45.769537308 45.283204447 46.367913714 46.3438796123 46.0257209026 46.4140551453 45.8753601383 45.3897292481 45.1998375918 46.1262222029 45.7866409426 45.6662938137 45.4513473089 46.3923633114 46.2867035683 46.3422693604 46.37373081 46.0338702933 45.3452812392 46.0595969904 45.8570421929 46.0549760392 45.558796726 46.0507856246 45.9695314738 45.9234463251 46.0011873554 45.6112217832 46.1007010052 46.0274546711 46.316337712 46.0993308784
45.5313550337 45.5009075769 46.3728445406 45.0698245876 45.130487907 46.3949619719 45.9854828693 45.5312808995 45.0837501347 45.8372819245 45.0194332816 45.4536653052 45.8430358644 45.2634839379 46.0258626046 46.3361106818 46.2751523572 45.6920432191 45.0448358329 46.3838941202 45.7141561087 45.0263916092 45.2985761113 45.3124322252 45.8005798305 45.4762130802 45.9814942577 45.6137967838 45.2746596861 45.8254814167 45.8870516438 46.3802506425 45.5355402269 46.241605838 46.3899843524 45.5699380881 45.9156440666 45.8628181457 45.0015569628 46.0312730113 45.2173952147 45.9359096343 45.3562699213 46.1821730886 46.2612364851 45.6918085496 45.3895776394 45.7002402693 46.2827613881 45.6870603343 46.2608116289 45.2725147337 45.2431027684
46.1299875883 46.3670878719 45.6260757525 45.326016322 45.9293215349 45.9140586677 46.3963911704 45.0846905776 45.4093986391 46.3817433677 45.9356406948 46.3627812281 45.5447608875 45.2355991737 46.1288130909 45.279642373 45.2995102792 45.1723030586 46.1560747802 46.2108446325 45.9102158838 45.2686393523 46.3209150966 45.312881267 46.1887041846 45.6598866857 46.3118586442 46.2617168812 45.4399695007 45.9611917294 45.9637808219 46.2696491877 45.0844455813 45.0372713317 46.1166975656 45.0230282931 45.3275908924 45.7179894159 45.9632214286 45.6371943798 45.2452673904 45.3021226351 45.0906738006 46.3598834 46.0746315261 45.5080145715 45.3888965026 46.2236230428 45.7954435952 46.0232725659 45.9801459183 45.69185466 45.3692808454
46.1521172344 45.8419527345 46.1973198279 45.6948831516 45.1841700415 45.6947606139 45.4879881974 45.4602376911 45.3643903872 45.4977310152 45.1178777326 46.2271642361 46.2722541263 45.5017996123 45.5273559986 45.5778866905 45.4978662573 46.0514803296 45.8680782819 45.250476208 45.6332978145 46.0192151153 46.1539092119 45.9169585975 45.1151085356 45.8541846989 45.2225344654 46.3821371884 45.8680462262 46.1973346726 45.8445414466 45.4476627207 45.1896058807 46.2399807175 46.2261340947 45.1248248438 45.6327588599 45.2267572694 45.5821074257 45.7888377835 45.4544238558 45.9933611689 45.448673801 45.5433272816 45.0958396102 46.1169553594 46.2793777569 45.9509653335 45.7782713159 45.8327678416 45.3507130954 45.566684739 45.1061733809
45.5720598961 45.0914159271 46.07664172 45.9852697117 46.1363039774 45.114857974 45.0965396876 45.8621345493 45.7800963832 45.2534538298 46.1132071956 46.1591444974 45.8727233473 45.0608920329 45.530067301 45.5321330381 45.9134255119 46.001201688 45.5277354447 46.2931554594 45.4267471196 45.6241590549 45.6450652634 46.3527704483 45.749700927 46.2476244311 46.2994351471 45.5892375026 46.2580406371 45.3977180994 45.1083995108 46.0540747914 46.3969593163 46.2740108637 46.1237025417 46.3918901118 45.0324930427 45.4324862942 46.3760080516 33.8006747542 33.8006747542 33.8006747542 45.6424121569 45.8261993228 45.4280270875 45.5697115499 45.5726897193 46.2157467308 45.8486586287 45.4910807694 45.6299353025 45.5556453876 46.2792888633
45.6570092755 45.2874931031 45.9173459166 45.0249863765 45.7843953248 45.6731999806 45.0212501144 45.420257713 46.2758041744 33.0716035786 33.0716035786 46.3855341894 45.1696166452 45.483839106 46.0319275497 46.4051033931 45.9126632675 45.5851072758 45.9293072246 45.6415854202 46.250535506 45.4465493193 46.1579768206 45.4559780404 46.0474490648 45.8836481673 45.533039722 46.066195245 46.1528209815 45.6055817858 45.3180211261 45.5720338488 46.2001382966 46.0658723585 46.3129619028 45.5661986902 46.1598441204 45.9743239294 45.6675425541 33.8006747542 33.8006747542 63.1748377518 45.2367099511 45.8427130213 46.1225334328 46.0357310184 45.7198929656 45.2076998464 46.2068532976 45.9332057298 45.0097476298 45.0782719601 45.2962871353
45.8046842106 45.0958689038 45.3918981406 45.658421884 45.5924219943 45.1513317262 45.9227043135 45.3682154799 45.9104424578 33.0716035786 33.0716035786 33.0716035786 45.9874485289 45.3653526907 45.8850207258 46.077454873 45.1713240143 45.1648306819 45.1514886404 45.2502020115 46.3839803393 45.9458958652 45.9658671015 46.2723832811 45.4597460362 46.0034401526 45.362855511 45.9334430063 45.7768730253 45.4340741619 46.1673041523 45.5849843516 45.1576234361 45.5354945237 45.4939678712 45.2747506807 45.5278458046 45.8940286769 46.1891340367 45.9664261357 63.1748377518 46.1820597422 45.816605638 45.6894673454 45.7605933748 46.0092217028 45.2944927859 46.0412275482 46.0031344061 46.2916816419 45.2519530874 46.3480732417 45.5456220713
45.2929293539 45.3078416234 45.5687329702 45.8359766174 46.0431633199 45.9438623054 46.231107958 45.9782623813 45.7516255827 32.9480710306 32.9480710306 45.0309954258 45.4610749391 46.0814199033 45.3248276377 46.004401056 45.8610727751 45.1359754038 46.0766799588 45.8030799333 46.0482402919 45.1293389642 45.9175558248 45.6403433418 46.1433887519 45.083940996 45.8691953874 45.1269419341 45.2367314731 45.6281151605 45.1849302036 45.6117066531 46.2795571045 46.3760765032 45.5447519246 46.2015496179 45.4708492786 45.4959904684 46.2434681679 45.5432697311 45.4895999718 46.1670300709 45.2326476557 46.2084240698 45.2263154447 45.4189600767 46.1237946211 45.2194120535 45.3196332934 45.6352993918 45.6217293498 45.1117511119 46.0181277391
45.573472813 45.1295990506 45.4290932795 45.3017761937 45.7086429529 46.1505068527 45.9239784769 45.0610060314 45.538843707 32.9480710306 32.9480710306 32.9480710306 46.1292214462 45.7218331603 45.5407384957 45.9061828456 46.2341523111 46.0290150087 45.7399557338 45.765023193 45.3911415036 46.3329757741 45.1317541568 45.8613490589 45.4653796173 45.0736620071 45.8345716717 45.2417860154 45.8468492936 46.2862818469 46.0669287351 46.3542697187 46.2602970331 45.4118591712 46.0455499784 46.0180743399 45.1659121162 45.8964954971 45.412830444 45.0761144955 45.4854175752 46.3430130994 45.6021194613 45.5751683915 46.18927519 45.9194531564 45.0839249885 45.4012210646 45.7528722737 45.9917838676 45.1846199459 45.1933890883 46.0577427569
45.5804311342 45.7116511091 45.4074797337 45.8062832332 45.0118447944 45.6541544078 45.5858874335 45.8506904088 45.6283172037 61.2129366338 32.9480710306 61.2129366338 46.2233701241 45.8903015361 45.7028858288 45.0306354063 45.5225000429 45.8117078936 46.2589470055 46.0018235518 46.0569084164 45.7974452113 45.1247514896 45.6245043457 46.0405071118 46.0674713153 45.2402464253 46.1834179311 46.2270554671 45.787430342 45.2161632872 46.2840428857 45.9734007132 45.3409684768 45.1266950257 45.8655681938 46.2872718804 45.3539596491 45.8442606016 45.5038193944 45.2827274023 46.0257816695 46.1959088261 45.0392527252 45.4152307184 45.8806872879 45.9502119418 45.3821351491 45.7362508409 45.8398862331 45.9303429815 46.2115786077 45.4000268795
45.1646992801 46.1897389096 45.3143228725 46.0200510856 45.0180841264 45.9743212671 45.5764766198 45.1699995196 45.0232785182 45.5750899534 61.2129366338 45.6830161688 45.535627882 46.1703166706 45.2904287697 45.4805701297 45.4814125732 46.0410111296 45.6375950389 45.424988927 46.2738451397 45.2085940299 45.5158383792 46.1116926497 45.4484016198 46.3457212362 45.3278666585 46.37229524 45.4777377038 45.8244973796 46.3888211469 46.262163529 46.0531967507 45.1304537132 45.4430516582 46.1049590701 46.228552804 45.3393162783 46.057385624 46.4036166164 45.6898120326 45.2018557927 46.048975538 45.1819514969 46.0792989033 45.9911234541 45.0210570912 45.3129545405 45.0219395808 46.27974979 46.1526175313 46.0814285083 46.0861353064
45.2879246737 46.4102365484 46.0873665776 45.2424397273 45.7831621498 45.7766508136 45.6748072828 45.4308523391 85.0338956514 33.8541507062 33.8541507062 33.8541507062 45.7880492398 46.2102290908 46.1435903047 46.2217931402 45.9491798331 45.7405932749 45.0651314053 45.2711741714 45.3359384126 46.309697261 46.3710120139 45.1723929546 45.1872443766 45.04549659 46.2932198422 46.1927735928 45.322609688 45.5609681646 45.3758421706 45.9963365232 45.21912007 45.4869356005 45.6572642947 45.1738652408 46.3560237981 45.892031128 46.3122896177 45.4520758687 45.8810068958 46.0329292064 46.1638475487 45.8534531004 45.5602370731 46.0638212029 45.9445207363 45.0756247508 45.323218029 45.9821065475 45.5587387299 46.2962651083 45.5205361122
46.3962873698 45.5576747346 46.2861665005 46.2836679099 46.2158096439 45.313075669 45.144766136 45.6499253703 33.1298208233 33.1298208233 33.8541507062 33.1298208233 45.0946520686 45.295697823 45.9177901927 45.5985149803 45.9648239345 45.8329142768 45.4853812692 46.2400324163 46.0719508135 45.3287935997 46.2994586797 45.0246494992 45.2594591884 45.5443943589 45.0526835691 45.0583035208 45.925664423 45.7903771413 46.1002654856 46.2709074076 45.9806583407 45.420511836 45.4027020159 45.1360501095 45.9826691645 46.1680213623 46.3844834682 45.9482423982 46.3996805306 45.7993900918 45.31700693 45.4432749714 45.7439679092 45.1028002922 45.3748171233 45.0347720777 45.9730961651 46.2207643781 45.329813762 46.376800267 45.0443611546
