Spatial_Output/BAU/BAU_1334.asc
NCOLS 155
NROWS 192
XLLCORNER 196307.867259
YLLCORNER 449144.565805
CELLSIZE 33.573938
NODATA_VALUE NaN
[rows 50 to 74 of 192, columns 0 to 55 of 155]
33.549491617 33.4460624168 34.2749380573 34.0661218714 33.6900414289 33.4091166424 33.9360760107 34.1144367766 33.2815003261 34.3645810801 33.3893461686 34.0690356239 33.7638148286 33.6967353421 34.1217464498 33.975968786 34.2225075008 34.2681120104 34.2544082405 34.0704991596 34.2589142047 33.2400044048 34.1091003446 33.6651951025 65.9912622563 33.4860058413 33.9176877592 33.7513819838 33.6635962622 33.9323140564 64.5011846478 73.9367589834 64.5011846478 33.5963777026 33.9807326962 33.7900360099 33.1513343557 66.2526691408 66.2526691408 66.2526691408 33.5705473029 33.773793627 33.1394756819 33.8104181592 33.0368578386 33.3786142763 34.3669522501 33.0918277498 33.1296790409 34.045048102 33.7895497643 33.5850966731 33.1513845786 34.1222219751 33.8146818716 33.0269268674
33.7107639032 33.4057518984 33.2661918008 33.8580749884 33.3057824628 33.1138390911 34.3740093997 34.322275475 33.5042223043 34.0420945595 33.7215153992 34.3650987854 34.1690127634 33.8780709272 33.0089203303 33.4409130041 33.5169050934 34.3163766505 33.9043205546 34.3099824879 34.0528858392 33.7000197591 34.274291588 71.4821521071 71.4821521071 59.8518553213 59.8518553213 60.7149140103 33.3894604117 34.3568815264 33.223527804 58.6341120979 58.6341120979 33.6024956082 34.2977697556 34.3388345099 34.4015318823 34.2074915151 53.1451052337 33.2072237949 33.2849750699 33.2498349145 33.06517818 34.3504522503 33.5593245908 33.887483273 55.9503440267 41.9166954569 57.0105316523 34.3461674037 33.1204246112 33.2218615195 33.2010988461 33.7300039015 33.9131654626 68.0582480464
33.9222002418 33.1260305928 34.2399828547 33.8645236892 34.3691558711 34.3207061582 34.2668529262 33.5070068293 33.0146443615 33.3310826154 33.8049257818 34.0009550728 33.1336514389 34.0780682896 33.9651679898 33.6290195828 33.1545268718 33.4718327308 33.5622584154 33.5269566324 33.3836684236 33.4104068406 59.7244973513 71.4821521071 71.4821521071 59.8518553213 59.8518553213 34.0743049226 50.7559614046 80.1656511575 80.1656511575 58.6341120979 58.6341120979 64.2458192564 64.2458192564 53.1062607179 53.9288158669 53.1451052337 53.1451052337 53.1451052337 64.2563925875 72.2405046239 33.3611356137 50.6932559558 33.3894221188 62.2708281739 55.9503440267 55.9503440267 41.9166954569 69.5882434481 69.5882434481 33.8279840672 54.487499867 71.0452746082 70.2500573826 33.3488229583
33.5881729788 33.5305554199 34.1817406139 34.0663497104 34.3858253747 33.6730920899 33.3672167824 34.2014882509 34.0111878877 33.75910336 34.073043566 33.6546371636 34.3879887659 33.0485261632 33.9443218316 34.2565601108 33.2002095588 33.9214848451 33.8668639758 33.1447253388 33.0002128098 33.7929468193 62.716271932 62.716271932 58.3813136196 59.8518553213 60.7149140103 33.7671369482 34.306381902 80.1656511575 80.1656511575 79.1166175012 64.430442724 64.2458192564 64.2458192564 53.1062607179 53.9288158669 33.3817222254 66.583830996 66.583830996 58.1049547069 72.2405046239 72.2405046239 52.7721365557 62.2708281739 62.2708281739 55.9503440267 41.9166954569 41.9166954569 69.5882434481 69.5882434481 69.5882434481 54.487499867 70.2500573826 70.2500573826 45.6900796518
33.8736788207 33.2544838164 33.0362515632 33.5851009069 33.4246219775 34.2373441981 33.2331151655 34.3679774243 33.4770820917 34.1763813605 33.7685033143 34.3619671876 34.0706819616 33.792400886 33.1749004048 34.1720965883 34.0586931825 33.2069124142 34.3068058646 33.8943586162 34.3770436716 34.0610225887 34.311001135 62.716271932 56.0657723351 33.7661653113 33.1177408107 33.5862051978 33.6672399638 33.7514194779 79.1166175012 64.430442724 44.107102674 64.2458192564 40.3327556989 53.1062607179 33.3922575449 33.7839435085 66.583830996 58.1049547069 58.1049547069 72.2405046239 72.2405046239 52.7721365557 34.3737733645 53.1980836327 62.2708281739 33.0607722705 57.0105316523 69.5882434481 34.2488416001 69.8639811119 54.487499867 70.2500573826 70.2500573826 45.6900796518
0 33.0866876265 33.7498583119 33.3578859003 33.1073515729 33.410267844 33.1080421558 33.3182627641 34.3779398577 33.1966412037 34.39310692 33.1429217568 34.2729232964 33.1612522419 33.9007376258 33.9946744969 33.3744189881 33.3135649731 33.3242320974 34.2494061659 33.1359047018 34.0731510914 33.2935210683 33.4218566258 34.123812652 33.0555431302 33.7066907303 34.2332441444 33.9940214936 33.5349380355 33.1122550579 79.884063121 79.884063121 79.884063121 34.4039710408 34.0991424194 34.2870505985 33.6651625718 33.657086705 34.2236858886 69.1595667007 56.4299590529 34.3949205145 33.1110636112 33.031341049 33.2549830227 33.7170056587 34.3186460147 34.2823642325 33.3250881227 33.8138712424 33.1344027709 33.8000778559 33.7072949954 34.1252455358 58.8570405709
0 0 33.1607794011 33.8024867055 34.0025927963 33.565544156 33.3117419901 34.266761441 33.9263953772 33.9863805862 33.0499578793 33.2147555197 34.3568468122 33.5616324432 33.36510899 33.8245542161 33.1544720606 33.5964021192 33.5003760829 33.6401799188 33.1099981991 33.8610564028 34.3174027364 47.430187816 45.2203697462 34.2461470777 34.2733830362 34.4065432189 33.3066755398 34.1111816728 49.3426158187 79.884063121 79.884063121 49.3426158187 34.2448672298 33.9635218354 34.2180114111 34.0807485115 33.0962246201 33.9173650784 47.0619003252 47.0619003252 34.2639473054 33.200294845 33.5459944591 33.7091070645 34.2111300536 33.4110709284 33.7918469562 33.3280820265 34.1214508621 33.3587902647 33.9174843366 34.3019592674 33.7302304016 33.0127783972
0 0 0 33.1798794573 33.0074211836 34.2751411165 33.9931322131 34.0653568487 33.2748048353 33.1288127123 33.1005856003 33.0196788154 33.1101043804 34.0191368581 34.2979840741 33.6271690246 33.4197105112 33.9539475145 33.698461034 33.8993915342 33.3796971425 33.7118067619 34.2829076017 33.4924599696 45.2203697462 49.7900807417 49.7900807417 33.8312595162 33.522311492 33.3108739664 34.0476420374 33.3706653 34.1124797438 59.6909809294 34.0928538121 33.898620618 34.0985466604 34.3536950315 33.4013961349 47.0619003252 51.5118992466 51.5118992466 33.6817903578 33.6862976561 34.0552799301 34.268650291 33.9853591296 34.2437355398 33.6563491907 33.4211131228 33.642371773 33.3964728824 34.1198727307 34.1436208429 33.8849968554 33.1751357034
0 0 0 0 33.2503821795 34.062728735 33.9872356933 33.1816989534 33.3827419179 33.3454561408 34.2546795703 34.3233665275 33.3166468306 33.2692394584 34.0034168473 34.2885818304 34.3736627353 34.2254724545 33.2331711807 33.9614772824 33.8439105628 33.4346021086 33.766413246 33.9103444304 49.7900807417 49.7900807417 49.7900807417 33.5682511685 34.3281327552 33.1426620979 33.6796579186 33.897774571 57.340953507 57.340953507 34.1044266818 33.1644647077 34.2175167767 33.9704140824 52.9555864645 33.255997701 51.5118992466 66.4677642669 33.9715039298 33.8888145599 33.8226532419 33.9948698959 33.8971061848 34.1958841508 34.2556270448 33.120609858 33.7231579384 33.6418925938 33.4397342684 33.2553317262 33.7658820038 34.1841453999
0 0 0 0 33.9198493422 33.4768371556 34.3040668915 33.7270214865 34.2922559108 33.7598157991 33.1293161301 33.6919113729 34.2039205082 33.1323041735 33.8355949931 33.5776829902 33.0992240542 33.0806328627 34.036037352 33.0767327436 34.011255313 33.8435200324 33.4332118234 34.3598026064 34.3872915137 49.7900807417 53.5040938907 65.5714935628 65.5714935628 34.2685109706 33.9444300897 33.3734060406 57.340953507 70.6605790791 57.340953507 33.1274709704 61.3649478162 49.0779780681 52.9555864645 52.9555864645 66.4677642669 66.4677642669 33.0843122427 33.8440109041 34.1043659423 34.0090192491 33.5686343092 33.5239029954 33.7417339708 34.2492666978 33.6450629654 33.1265245444 34.1978077934 34.0267858895 33.0870859251 34.078948948
0 0 0 0 0 34.0975298401 34.2527320939 33.7060017583 33.9506897425 34.097221007 33.6226390016 34.0560915487 33.4668415033 34.0063357729 33.7560601207 33.4811621111 33.6665825405 34.3198585794 33.5670607119 33.7170432076 33.6832471333 33.8272028749 33.9323058846 34.4058758846 33.7945720274 51.688377147 67.0408840081 67.0408840081 67.0408840081 57.0616399632 60.8847672527 33.0897873062 63.5576862551 70.6605790791 70.6605790791 61.3649478162 61.3649478162 61.3649478162 52.9555864645 67.3053244926 67.3053244926 66.4677642669 67.3053244926 33.1772383816 33.7863900283 33.6498987925 33.5165788675 34.2217585359 33.7315499307 33.0471501726 33.8675277787 33.9918725834 34.0695394151 33.8759143045 34.3702897055 33.1448406053
0 0 0 0 0 33.0993649083 33.5633855627 34.3208169283 33.797682468 33.5390758574 33.0327929024 34.0736337523 33.7488730369 33.5735076856 33.2134986363 33.2408206657 34.1411368795 33.9320020284 33.1587352425 33.0469634685 33.6120030504 34.2618677082 33.3114053127 33.6477217306 33.7823062706 33.6965934964 63.9346781645 46.6851381716 63.9346781645 57.0616399632 57.0616399632 33.0831570982 48.4337043709 70.6605790791 70.6605790791 63.4896133907 61.3649478162 33.0720979744 33.9323367929 54.5921581769 54.5921581769 54.5921581769 54.5921581769 33.2381839992 33.6211183382 33.8839278817 33.1440071666 33.0128007721 33.5968587728 33.0405587951 34.3872348171 33.3845373193 34.1442302021 33.6350478299 33.2136891405 34.2898091399
0 0 0 0 0 33.410879408 33.8118290577 33.2923476277 34.3917001743 33.5022568737 33.5576587611 33.1255573244 33.2634700101 33.4066400333 33.7441168515 33.7572682418 33.902859584 33.9661318023 33.9646592736 34.1412027653 33.9164978759 33.7117900033 33.0050167114 33.0872222735 33.0734124825 33.6592662539 46.6851381716 46.6851381716 46.6851381716 57.0616399632 34.1293716086 48.3548839979 33.5306853735 62.8599353887 62.8599353887 33.6892006941 33.4555839769 34.1386956817 33.1971345891 33.2317273779 54.5921581769 54.5921581769 33.2753555894 34.2868275697 34.1013102409 33.5612349829 34.3981065789 33.2650600549 33.89439677 33.6161475705 33.8321971663 33.6740283522 34.2681810263 33.5577828132 33.7514546304 33.5840841673
0 0 0 0 0 0 34.2228349716 33.3726807465 33.8136302078 33.6942939244 33.4982307182 34.3365978349 33.5653833472 33.0981337901 34.2828557976 33.821960299 33.9186903798 33.0849149289 34.0364041412 34.0966784649 33.7692014682 33.7129178067 33.1140071183 33.7626322203 33.1709516147 34.1002807901 52.8062432634 46.6851381716 52.8062432634 33.3038004501 33.0324626933 34.3861894391 33.3778908509 33.8374842087 34.2079945479 48.5197477867 33.9392369516 34.0010005678 33.1400684211 34.0783287935 73.2022524861 73.2022524861 33.5044951456 33.6426943633 34.174603294 33.1318339901 33.2723766884 33.0044806854 33.2705328578 34.2187386905 33.0814670098 33.8930444202 33.1598417205 33.2155652889 34.3245360086 33.8255070312
0 50.6543402332 61.609138521 63.162841419 90.4520669693 90.1341036086 90.1341036086 34.2583708671 34.2420222379 34.2026607164 33.6392461355 33.0971734091 34.1896479302 34.2094348786 33.4711639758 34.1525371722 33.6058904486 33.7038734085 33.7368929741 33.4536034218 33.6397458766 34.2456032284 33.0193911499 33.9543570866 33.1990740673 33.6115255026 33.4674590804 67.5030092074 33.4381080265 33.6961720239 33.4119482762 33.2888443182 34.3417390782 48.5197477867 48.5197477867 79.1841315468 34.173805982 34.3339588203 33.3529810465 33.6950248427 73.2022524861 73.2022524861 34.2844365133 33.8750626999 33.9822235376 33.131153067 33.5530450193 34.0222652284 33.1110254587 33.4293642724 34.3933876411 33.472642429 33.4232927411 33.8180105461 33.8313176612 34.3172429658
0 61.609138521 63.162841419 63.162841419 90.1341036086 39.6021893422 39.6021893422 39.6021893422 33.3592609548 33.5918775935 33.9495376439 33.3179829664 33.3494142936 33.3455450082 33.1126764125 34.1785880075 33.2667890963 34.0295880248 34.0885870505 34.3564057273 33.3336560297 34.2943500333 33.0632871781 33.2962561999 33.2099833372 33.8835487256 67.5030092074 67.5030092074 67.5030092074 34.2745414894 33.9094065279 34.4064499471 33.0021994365 79.1841315468 61.7722838304 79.1841315468 33.1805513652 33.8603851298 33.5943560267 33.560671584 71.3289552938 71.3289552938 33.6809604199 33.5556788384 33.5931904477 34.3676447816 34.2344206106 33.0615183093 34.3918057588 33.7486838038 33.6790977353 34.2125992744 33.7410822783 33.8430354227 33.081677154 60.2371260046
0 60.2311324439 61.609138521 63.162841419 90.4520669693 90.1341036086 37.2237118138 73.0243302465 50.3208128222 66.4479397036 34.3061215284 33.646606193 33.3721506562 33.1965845334 33.7430580963 33.2674341645 34.3811559225 33.8821731902 33.0264561831 34.1707494956 33.3641390258 33.6958772405 33.3162610479 33.6526009834 34.0818928567 34.0447979793 72.0707569447 52.6760062761 52.6760062761 33.8054513245 84.0223708882 60.2496050766 58.1296017729 67.0569526207 67.0569526207 61.7722838304 33.9529369347 58.7690657934 34.3697402674 33.9245981433 33.136480529 51.6899150231 33.6418735083 33.7980012214 34.4001326906 33.6824653753 33.9151667966 33.9834461981 34.1961380045 33.5147386463 33.8401859077 33.7612257535 33.1946999551 34.0387410183 33.866023303 51.5691283371
0 44.6366547488 36.9367990362 44.340384395 57.7951937338 58.0394075036 37.1446919533 37.1446919533 44.4517346221 36.9457198494 36.9457198494 33.8667816094 33.287845899 33.5503403901 33.8503119306 34.276397146 34.1241381823 34.0680118313 33.9411739297 33.978387291 34.0399883667 33.7109172439 33.1107272375 33.664341256 34.3792851903 33.5230980723 67.7463491405 62.8706261534 52.6760062761 84.0223708882 84.0223708882 51.2520014499 58.1296017729 67.0569526207 48.8073121445 48.8073121445 33.9390256676 33.9981267335 33.4129575931 34.3554341795 51.6899150231 51.6899150231 34.344149831 33.8056331613 33.9547531567 33.3025120252 33.0320090176 33.2333314103 33.4565834762 34.0116835666 33.9068707711 33.806045013 33.1935538092 34.0999825535 33.6121794475 34.0376500776
44.6366547488 36.9367990362 36.9367990362 36.9367990362 44.5396099231 44.5271517968 37.1446919533 37.1446919533 44.4517346221 33.6747993651 34.3114964817 33.3756523735 33.7694504539 33.4928905012 33.6409837623 33.9505655767 33.5184240027 33.3185279105 33.7356027435 33.8839746241 34.1685599058 33.8619829547 34.2436787 33.1426195198 33.0480978332 34.4020536471 72.0707569447 62.8706261534 62.8706261534 62.8706261534 84.0223708882 60.2496050766 58.1296017729 52.326304393 48.8073121445 48.8073121445 66.6486584438 58.7690657934 33.8899557862 51.2181409168 71.8897627263 51.6899150231 33.8085053154 33.6218867448 33.0644507549 33.7876932554 34.3153921587 33.161028057 33.0801888055 34.1667426462 33.4049959549 33.82327739 34.2304128535 33.3100945657 33.3849006813 33.0692290279
0 44.6366547488 36.9367990362 44.340384395 50.1122392243 57.7951937338 44.5271517968 37.1446919533 44.4517346221 34.3320731585 33.5026206755 33.0591302166 34.1703711265 33.6747039811 33.135731804 33.4336296721 33.9197826488 33.1632779694 34.0606957285 33.084279874 34.3585039034 34.3767146284 33.9921334573 33.3970691468 34.0066696313 33.2511066639 55.4661537256 62.8706261534 55.4661537256 53.3898598093 33.7277680008 33.3702268072 34.0824912157 65.1595995515 66.6486584438 66.6486584438 60.9184583207 33.7332754453 34.3809194124 34.0320842726 34.3730709674 34.3133060489 33.8774300709 34.396664748 34.3356347046 34.0067614481 34.0227433852 33.9776116966 33.1461124187 34.0706905282 33.9036504734 33.0330981808 33.1745845423 34.2257903009 33.6549796093 33.9606856314
0 0 0 0 0 0 0 0 0 33.4857155314 34.2994819979 33.7375266956 33.3691506125 33.9681095271 34.182358165 33.8498588523 34.2704535183 33.7541066879 33.6279813824 34.031134698 34.1934789018 33.5628659657 33.6447250118 34.4092699178 34.3364107755 34.1381832319 33.1329630434 34.1227477888 71.8603566754 71.8603566754 71.8603566754 34.0883103921 34.3231948023 60.9184583207 81.9573105168 81.9573105168 81.9573105168 33.1558984076 33.9525758469 33.9861834742 33.3075927291 67.8515386343 34.1937656477 33.4262277784 33.7837508797 34.0374864174 33.1772642534 34.32125128 33.8964162042 33.2672568194 34.0504687594 34.1657544005 33.028456184 33.5217173528 33.2601382051 72.3248595278
0 0 0 0 0 0 0 0 0 34.2878328525 33.9535351125 33.0201131373 33.6908496041 33.1985918774 34.2213920478 33.4084177617 33.8915848605 33.9906238644 34.1662015106 33.6620152636 33.9664328516 33.4765094957 33.4954658621 33.5109801764 33.2888752771 33.2587417305 34.0110973066 33.0056866751 92.8352611535 71.8603566754 92.8352611535 67.1210390132 33.2028909761 33.7407876644 82.6767079267 62.6163416422 62.6163416422 33.7381712681 33.3035324409 33.6239870705 67.8515386343 67.8515386343 67.8515386343 33.2375523603 33.6986818641 33.8727089877 33.9621615505 33.4405546135 33.4204603716 33.9595249292 34.2132980708 34.2272192213 33.6985455454 33.8603414754 33.8980380324 69.719649594
0 0 0 0 0 0 0 0 0 33.265346983 33.8720177369 33.9692042414 33.3275959072 33.9993047538 34.0710730126 33.1011687333 33.5929227292 33.0947796524 34.2002689814 33.2188748306 33.3110677229 33.3951681946 33.0092276245 34.3414497681 33.9781180072 33.4471323045 34.2882938981 33.694026699 66.8291880892 92.8352611535 92.8352611535 34.3880667319 34.3750436913 34.2976740024 62.6163416422 62.6163416422 62.6163416422 63.9687653318 33.5443032394 33.2117251918 50.214532423 67.8515386343 50.350330812 33.4565958904 34.2619444983 33.2847036964 33.882124484 33.8381545748 34.382239402 33.1386827376 33.2137600706 34.1908408007 33.1391005848 34.3023559414 33.3108770917 69.719649594
0 0 0 0 0 0 0 0 0 33.1346402045 33.4423495481 33.0509451729 34.3486398167 33.359385505 33.4895158197 33.9624520595 33.4588654062 33.8837890244 34.3878485489 33.2269863709 33.8540901305 34.3089540075 33.6968077658 33.8612947386 34.1369343673 34.1523332175 34.4115370151 33.179955128 33.6331035824 57.2142318004 33.3558304594 34.2466205915 33.1313718508 33.9433630657 33.7391450006 78.7310090922 80.5023144338 78.7310090922 34.0433577245 33.6714629839 50.350330812 50.350330812 50.350330812 34.3452461335 33.8116514822 34.363364277 34.1767615722 33.7406219672 33.4857768437 34.3302662952 33.3960401146 34.2553703006 33.7002404158 33.152777043 33.9100861515 33.6074480332
0 69.2314019752 45.4291857032 43.2357644943 58.3068292644 43.3590544435 68.3628347603 0 0 0 34.3456909405 33.0927626547 34.3153024095 33.1208495977 33.2940715434 33.9496355529 33.2264969289 34.0849027597 33.2762359042 33.1544917822 33.2797508155 33.7448092756 34.1242518056 33.309785138 33.0226729765 33.9427120603 33.6489618186 33.4289453119 57.2142318004 33.8124816799 57.2142318004 33.9105443898 34.2258480128 33.2358285195 34.3295867144 33.9033316599 80.5023144338 80.5023144338 80.5023144338 33.554080709 33.1290805566 33.7879764158 33.7941558067 33.2730749 33.1624716007 33.6682348434 33.5182245873 33.4723243156 33.0219204907 33.0470158265 33.3742472541 33.877184329 33.6067181466 33.7704537637 34.0706341363 55.259922287
