Spatial_Output/BAU/BAU_1324.asc
NCOLS 155
NROWS 192
XLLCORNER 196307.867259
YLLCORNER 449144.565805
CELLSIZE 33.573938
NODATA_VALUE NaN
[rows 125 to 149 of 192, columns 56 to 111 of 155]
33.2770090874 33.1838855441 33.3774712737 33.459857613 52.0836273903 34.3070315338 34.2779477471 34.0753672668 33.0980184467 33.3214574797 33.6552080912 34.0381436298 33.1012211426 33.3203488543 34.3751455558 34.2668510949 33.4680869953 33.2053550927 33.8100464119 33.3365731629 33.1932706693 33.0759167304 33.6961501856 54.4831720817 54.4831720817 54.4831720817 33.3181981955 33.7582949035 33.6676844399 34.2376871271 33.9040836383 33.4040452321 33.3187986198 34.1932836619 34.0255602615 33.6208442804 33.5793193756 33.7646316847 33.8638891312 33.8781046997 33.5119487773 34.0305611844 59.1904900941 53.383627694 53.383627694 53.383627694 33.84180492 33.349553957 71.8387621125 71.8387621125 33.0355558945 33.6744446066 33.9542209494 33.9382990558 33.5179384664 33.8361049568
50.8501714559 48.1621247898 48.1621247898 69.6141669359 33.8404419516 33.8645018826 33.0030307138 33.958006469 33.5496531963 33.0554959406 33.070142381 33.0187624337 33.8036979274 33.007667256 34.1036696777 34.1589212319 34.3809191725 33.6437113005 34.2580087225 33.1372134813 33.7054424189 33.5171531107 34.3926578782 48.4289849166 48.4289849166 49.1381496206 33.8206066444 69.1189423225 34.0993917683 33.2129607017 33.2055660288 33.9738931066 33.2933396559 33.2039762538 33.4614067817 33.4775871416 58.00479359 33.915860862 34.3149922707 34.2973831688 33.5541039659 34.0862352234 59.1904900941 59.1904900941 53.383627694 54.5505487581 33.1983553244 33.3413138508 33.6119432161 33.0651169522 34.1907460807 34.1128664966 33.8172092602 33.0129347448 33.5033744258 33.7889467009
50.8501714559 48.1621247898 48.1621247898 34.3253684794 33.7066520748 33.6151296079 34.1605122498 33.1814060746 33.1793626002 33.2731603936 33.2268251834 33.1308835571 33.0010271032 51.321586188 75.3371200216 34.2390439976 77.2092909409 33.316055156 64.3344884964 63.5701653063 82.5398151663 71.8598056427 73.4861300594 48.4289849166 46.0836786026 59.855946298 33.334641352 69.1189423225 69.1189423225 33.2412043431 33.1918723194 34.1536990425 33.4111501138 42.9309505719 33.568413434 45.5700264736 45.4403451971 58.00479359 34.2573895636 57.0999392484 57.0999392484 34.3013771273 59.1904900941 33.2006391609 53.383627694 33.9907294452 33.3064191149 33.6396064659 34.2645615406 34.2310838864 34.4020836585 33.5385140786 33.2488120663 34.2557701557 33.7370927347 33.3389910495
50.8501714559 33.3673183428 48.1621247898 33.6594553132 34.3132130485 59.2267113548 34.0632433294 78.7999628934 75.3435252746 47.6780038257 46.3044236937 46.3044236937 34.3477098631 51.321586188 51.321586188 33.3472209114 77.2092909409 77.2092909409 64.3344884964 82.5398151663 82.5398151663 82.5398151663 73.4861300594 48.4289849166 59.855946298 59.855946298 59.855946298 69.1189423225 34.2494129863 34.2218731961 33.2730479716 33.2234707485 42.9309505719 42.9309505719 33.7408864 45.5700264736 57.965491292 57.965491292 33.156175289 57.0999392484 34.229314033 33.083852357 33.514302909 33.0649232738 33.8433750708 34.0789484908 33.312586046 33.3355160777 33.0843085551 33.5050560873 33.0782915032 34.0622542513 33.4323401151 34.301468183 33.3527679802 33.847502721
34.3100047858 33.146152775 33.6255266749 34.0080143239 34.070262988 59.2267113548 75.433800339 78.7999628934 78.7999628934 47.6780038257 46.3044236937 46.3044236937 61.4530335407 51.321586188 51.321586188 34.392136665 77.2092909409 77.2092909409 64.3344884964 64.3344884964 82.5398151663 71.8598056427 33.4081461096 34.1927486109 59.855946298 59.855946298 51.4436653156 33.7689872788 62.8911628816 34.0266677592 61.4796636322 33.6889402225 96.1898256268 42.9309505719 33.6428269327 57.965491292 57.965491292 57.965491292 34.3498146221 33.6721781312 34.126994475 33.2690931937 33.8109556906 33.1911045776 33.3243884804 33.0334324593 33.9295523631 33.1377332154 34.0656313524 33.1742754353 33.0764206153 33.4677415125 33.4123042974 33.8199420011 34.0527840264 34.1649649808
34.2425704056 34.3479362656 34.3565590129 33.1927554559 55.5752050698 55.5752050698 75.433800339 75.433800339 78.7999628934 47.6780038257 46.3044236937 46.3044236937 33.9968812047 51.321586188 33.4922855793 34.3793728911 33.300356623 33.1296744969 33.6038231019 33.3540210828 34.19383963 33.4684345298 33.0718360699 34.3283575252 34.3606749187 33.4513003978 53.7059855771 34.0805230912 34.2421247777 34.1299906806 33.7596887217 34.2723180447 33.7103921951 33.2555546069 34.0898815068 34.3372502845 33.6599520978 34.3614776233 34.3709401411 34.1816279093 33.6082976746 34.2464699431 33.0391391015 33.299450554 33.8012035256 33.3056916322 33.8169886387 34.1842948362 33.9793717457 34.0437885028 33.522335988 33.5603585475 33.2320318052 34.3334698898 33.2448542707 33.652554633
33.1454256335 33.3218603435 63.7612795631 63.7612795631 55.5752050698 55.5752050698 41.6838500467 75.433800339 61.4912396095 33.8680668049 33.3724456759 33.6484853197 34.0454346344 33.9080812711 33.0518134887 34.1536004385 33.6320300347 34.1655292757 33.9062819444 34.2979483045 33.473064753 33.2141517164 33.4996402889 34.3126864954 33.7617683805 33.5809540795 33.6237796977 59.5891708518 59.5891708518 33.5923032089 33.9253564151 34.010141879 33.1186653726 33.4333837026 33.5324656292 34.0890907071 33.0177183605 34.3737174888 34.1688349607 33.8043781662 33.6541499441 33.8563952409 33.5135459569 33.5863787969 33.3159089604 33.7006285154 34.2681812849 33.2011299271 34.3749423051 34.1146680247 33.3510555661 33.3831601607 33.9100374941 34.1962487533 33.8380351868 33.710574381
34.194495106 51.3434860792 51.3434860792 63.7612795631 63.7612795631 55.5752050698 61.4912396095 61.4912396095 61.4912396095 34.400678468 33.5360473801 34.3510323256 33.7850424491 33.099136623 34.2449427324 33.8946854068 33.3927121251 34.0010422824 34.016172569 33.4945416428 33.0805342122 34.1431960722 33.6005995172 33.409991173 33.1904277 33.0792688456 33.2939630924 59.5891708518 59.5891708518 51.472023938 33.5438875028 33.4682172969 33.6887827027 33.3515745363 34.2034744097 33.1029005686 34.4085746615 33.0977751923 33.5867194664 33.091460221 33.3636262685 33.4097771946 33.7081351305 34.3760472757 33.6144397032 33.6990166757 33.29271451 33.5477814004 33.9963525959 34.2827101146 34.2887037532 33.8020663511 33.0457909943 34.3367449349 33.8700080821 33.3735667655
86.0687842761 51.3434860792 51.3434860792 63.7612795631 57.8822430169 33.4340673995 33.5079418323 61.4912396095 34.3142444428 33.9190157885 33.2849685736 33.3280133395 34.1761443994 33.7473767839 33.8924448758 33.0546944195 33.9399588808 33.2243207207 33.3314222276 33.2394762085 33.85676982 34.0687773187 33.7488832023 34.184786416 34.2777066295 33.0948142971 33.109698246 59.5891708518 34.3237439183 33.8921135769 34.3951439593 53.3485151547 71.8534712447 71.8534712447 33.6745612601 33.1069060963 34.1725442783 33.0713630083 33.6864158335 34.1870415814 33.0209603736 34.2721552295 33.0915456686 34.0200518065 33.1992098795 34.27810551 33.1518847882 33.085159585 33.1710794169 33.8539695625 33.0058603604 33.0121845707 34.2171801755 33.6993302703 33.5689247924 33.451709799
86.0687842761 33.2912419032 51.3434860792 34.3085492892 33.2226517568 33.9070775694 33.0986926382 62.6224258389 62.6224258389 33.6882154459 34.062137872 34.1180828065 33.3605728 33.0679822658 33.1047952824 33.2992339554 33.4576953267 33.1847635815 34.0228274676 33.9208606052 33.832140222 33.0285200497 33.751286197 33.554401108 33.6444799864 33.7687227563 34.0931307169 33.8057756691 34.1243934345 33.367170858 33.3506078127 71.8534712447 71.8534712447 50.3048057652 33.2624944499 34.20848924 33.3837918404 34.3609663121 34.2429620294 33.0920713721 34.3310563295 34.2249366188 33.575944339 34.1359196759 33.2152751275 33.0404606663 33.6606292523 34.1908769323 33.8996722791 33.4772629045 33.8538385397 33.5078618454 33.944627718 33.767510882 34.0769455617 34.1220257821
33.9865429799 33.0636008744 33.9035431972 34.1733049023 34.1981894507 34.2456133555 33.6412097633 45.2375040547 34.2806976805 45.2375040547 33.8907611874 33.5959017779 33.3742857522 34.2074898194 33.812559304 34.2788647757 34.2960317396 33.15515386 33.1193821932 34.0266611501 34.1364265104 33.9623362447 33.5032234802 33.4560504139 33.1060037098 33.6568058105 33.4187343078 33.1770630261 33.4061888598 33.4146475582 33.466375869 53.3485151547 71.8534712447 50.3048057652 65.8362876699 33.7491977858 33.8221409203 33.7774508848 33.2421812275 33.1048481317 33.715570555 33.2531448277 34.3295795307 33.2383534672 33.6743399357 33.1534324927 34.3307403887 33.8485351894 33.763609718 34.0548873245 34.0371144694 33.2260345266 34.1961602736 33.1830797896 33.798379502 33.1931256173
34.0511463687 34.3745954677 33.1125761977 33.2664249607 33.0109622629 33.6251433753 34.3493721238 33.4972091164 45.2375040547 34.062615311 33.9036278819 33.0743108734 34.0283196844 33.4212098896 34.1634722475 33.6943550474 34.4095995686 33.2125953016 33.2299880778 33.5745596288 33.7394052842 34.4017248254 33.889004131 33.0656155178 33.665093448 34.2535865764 34.3458816275 33.7163744331 33.0562275288 33.6473098053 33.7532465129 33.6569442663 50.3048057652 64.4204108955 33.7841169647 33.2351948189 33.9164622364 33.6813398485 33.1546536898 33.3130923708 33.9730260995 33.6192362976 33.8519216338 33.6459579722 33.0107954695 33.4221172591 33.3883084591 33.1986271472 33.5603144442 34.1874469491 33.2227117284 34.2636261322 33.1546744909 33.1973318509 33.3090838789 33.7852789718
33.6973928227 34.2827186863 33.9365129206 33.4409822122 34.16883569 33.8261345321 33.1355343403 34.2599269224 33.8277905349 34.204537396 33.2961453961 33.6439589854 33.8434200469 33.2305663494 34.3526745293 33.9589310658 33.493021252 34.3180598492 34.0011995978 34.1618199644 34.068746196 34.1347216965 33.4290819428 34.3149932204 34.1227448248 33.338381087 34.0141195624 33.5074341217 33.9518916894 34.2178958688 34.2018608593 34.2089056285 64.4204108955 51.1412411795 64.4204108955 33.0560510285 33.432348109 33.9236663886 33.020293752 33.7227509112 33.3907480053 34.4101507766 33.6815697017 33.5363262434 33.6815455911 33.3666517492 33.1599964361 34.2851635301 33.0037587784 33.7798542252 34.4021187055 34.0104544266 33.8383215297 34.1533996738 33.2604172658 33.7796006405
33.1046227155 33.2529861252 33.7908218362 33.0118540833 33.3258211108 33.9720005961 33.0276914036 33.6154958097 33.768826448 67.3167984236 33.8783790026 33.5693666424 33.3395438145 33.4307373712 34.1716185161 33.1795132219 33.9886882592 34.1103536264 34.2180681527 34.1280928113 33.4793103125 33.3979368715 33.6450569401 33.0398765762 33.3974325743 33.2407606106 33.5989911162 33.7528451286 33.2658578572 33.9666255666 33.6232056876 33.2803282046 51.1412411795 51.1412411795 51.1412411795 34.12885666 34.0208931204 33.3604470744 33.5242689049 33.7497817489 34.3561546253 33.7840491478 33.412573693 33.2599248975 33.2782909737 34.3074012777 33.04227621 33.77155842 33.7146596081 33.780160312 33.4215486007 33.8431182902 34.0905938838 33.327498113 33.0252866914 33.7258159784
33.6163521588 33.0012448261 33.9138759343 34.2879418398 34.0458244779 33.2389516452 33.8243475462 34.2112190815 33.0511709889 33.4488370708 34.3128127305 34.0938246567 34.2892612321 33.3953528668 33.5197948002 34.1863229633 33.5257362524 33.4420863033 33.7686576486 34.1862824404 33.4040180162 33.8107599534 33.5731598148 33.2601793705 33.2995368947 34.2576542675 33.2388559775 33.7577716556 33.3497924641 33.2896799624 34.1766849931 33.3646504843 34.1887156442 34.1343710689 34.072815231 33.1024635893 33.3315617489 34.0465610592 33.6578800233 33.4333011547 34.0678992035 34.0237389613 33.8961420653 33.4814706272 33.6646879632 33.4212125389 33.7281008818 33.3604276035 33.1651406639 34.2960950309 33.8336846355 33.4733052967 34.1680561743 33.4046013641 34.1608565349 34.189375498
34.1309212448 33.5351949785 33.7972281331 33.7844582697 33.9147595538 34.215513774 33.6819177022 33.6571205965 33.1697530454 33.9931988397 33.3668514388 33.0660127583 33.9510101687 34.2337368085 33.0982370378 34.0701320161 33.3130024633 34.0489170536 33.1106315233 33.4439365338 33.8468018035 33.9974096267 33.7427278813 33.8037065361 34.3406120878 34.3509873656 34.1133914866 33.0440072673 33.5611411911 34.2086493432 34.0301318563 33.0552602443 33.1012945043 57.9747858005 33.5726253351 34.3440593041 34.0619470443 33.4774380886 33.4307724678 33.4699498971 33.6191817961 33.0313805755 34.1998029069 33.9148909043 33.0743087554 33.6735410841 33.3018098696 33.4867754313 34.2740496269 33.1828656872 33.5243454438 33.8682895684 33.1047824247 33.2704469955 34.0949945264 34.031641021
34.3522224829 33.5062355389 33.4789020766 33.3869174476 33.0240889898 34.0680733326 34.2576989527 33.7066427794 33.0114139166 33.2564071689 34.3900106534 34.3903893013 33.501929937 33.1677005227 33.7211500899 33.3104122569 33.0229901932 33.0817942481 34.287398872 33.0255865855 33.1967050574 33.3768516949 34.3439834985 34.0035255959 33.1798136321 33.1647021323 34.1625110107 34.0583442798 33.0426170752 34.0005562939 34.3095848762 34.1299909739 33.377763645 34.2841039563 33.548605506 71.091324745 33.0906335702 33.3134650172 33.1612975811 33.7324149008 33.8844182129 34.0169486284 34.0994787009 33.2679734763 33.8267374164 33.9126708341 33.9898261043 33.7568374003 34.2455842084 33.1540472304 34.0363208567 33.7511422413 33.3062210394 33.7642732562 34.0549476484 33.6444981093
33.49468611 33.2126863246 33.0353686109 33.9690255209 33.370884761 34.0331201006 33.6768095256 34.3695778975 33.4793854367 33.7703029597 33.9160450847 33.2763599903 33.9814474978 34.3014126556 34.0735389999 33.1575297287 33.3710099355 33.4862873184 33.8136973493 33.7617627069 33.4906369874 33.9695017013 33.953223048 33.6290558404 34.0725254804 33.3990333457 33.768935499 33.2136517687 33.4544310418 33.1615969968 33.757082574 34.0758328319 33.2753051384 33.51106791 69.4020483314 69.4020483314 33.0109225337 33.0967182557 34.3491723075 33.6045251288 33.0351006344 34.3850297224 33.6919813352 33.3612005848 33.8209716543 33.0055888986 33.1185374405 34.3527092942 34.1854270541 33.8364509764 33.3672389657 33.1650055708 33.1749512996 33.3685084759 34.3153746655 34.1628804874
34.022273512 33.3027981287 33.6217700828 33.5017202244 34.3512019112 34.0459786891 33.067091122 34.0532117053 33.7308475712 33.525037124 33.4560559583 33.304793499 33.4157600605 34.060783205 33.6576996085 34.0248320586 34.2103802084 33.5223178467 33.4187508769 33.548580262 33.3927663554 33.1855032149 33.9610229737 33.0946892135 34.4096858032 34.1877405949 34.0581216102 33.2203822578 33.8430225024 33.1257764384 33.7855561647 33.6435469028 33.676484876 69.4020483314 70.3200772459 70.3200772459 33.3020641123 34.4035739466 34.0309810074 34.3580742006 33.3556924475 33.7565812692 33.1787820365 33.043086975 33.800286128 33.2238322137 34.1465638601 34.3131190545 34.20755056 34.124457793 33.2737760274 34.1471248498 33.1139869547 33.2813186878 33.7195344374 34.3346056055
33.4183186827 34.0699748143 33.3232922906 33.8490101037 33.0855234811 34.0977961304 33.2435880102 33.3864824481 33.4765960133 33.787675465 33.6696675156 34.3391244224 33.3652965163 34.2316051695 33.9067333753 33.1930663711 34.3362942992 33.0976501106 33.7446991553 33.3378339857 34.1377837854 33.1855706116 34.1360973292 33.0466315086 33.7610286581 33.5959061781 33.051227207 33.8430831934 34.3555559841 33.4789537948 33.7131863023 34.3842190998 33.1802583824 70.3200772459 70.3200772459 70.9417685885 54.5367549537 33.9514453707 33.7920014746 33.6910198491 34.1363932247 33.8411445019 33.5237475612 33.8046126487 33.2862079674 33.4178084756 33.9003127209 33.3289939122 34.4104258356 34.3835730068 34.2792324181 33.4534224739 33.2389706113 33.9694949607 34.2316712889 34.3420799922
33.601977023 33.8099963053 34.271471653 33.2100968214 34.4094130407 33.5830331775 33.6659797697 33.3004051252 58.3618911759 58.3618911759 58.3618911759 33.4132543882 34.3964286172 34.0554730145 34.2401219823 33.2341626789 34.3934894671 33.3765697157 33.7265413532 34.3882594576 33.2960520603 33.1081092961 33.915801603 33.3868610237 33.6053513118 33.7650049768 34.0561245293 33.666819325 33.1932851601 33.6224298554 34.1779295626 33.8326367294 33.7390572617 33.4004889042 70.9417685885 70.9417685885 70.9417685885 34.0387976467 33.1137417117 33.5390602532 34.1669362166 33.2745791045 33.0933328755 33.1801062447 33.0261524866 33.7708754157 33.8700730012 34.2217708671 34.1739492238 33.013214723 33.5278210188 33.9192351129 34.2461905571 33.230213153 34.2206225843 33.1291480009
34.3855599808 33.659924345 33.3036591447 34.2376653134 33.9579759487 33.0152187122 33.6849494156 34.1194437461 34.3531574062 58.3618911759 58.3618911759 33.422857801 34.3850194549 33.3099445643 34.2952896354 33.4709254179 33.8311793041 33.6841589194 33.1112588804 33.1830427049 33.3178060763 33.298542805 33.2167912899 34.3991218354 34.3457458447 33.5977562325 33.4539789939 34.1338494073 33.0476062908 33.1937111704 33.7556825264 34.3039014019 33.7231310267 33.6075814055 34.3173112758 72.4408501099 72.4408501099 33.4688576066 33.8645507071 33.5047215558 34.3177093724 33.6881046801 34.1712659282 34.1194540039 33.9905800219 33.6810647592 33.9603675804 33.6575664332 33.1512107302 33.0927184591 34.2696301438 34.2986967617 33.5265719011 33.5607419498 34.1380763328 33.8601288315
33.587413614 34.3825838877 33.0146604982 34.2470793955 34.0522395981 33.5490527031 34.3541463809 33.4622175696 34.1515822239 33.7049017304 33.1813407901 33.164235463 33.535227425 33.0472132677 33.8067483481 34.3801289212 34.2358693367 33.3138414503 34.0284348761 33.5313152683 33.2861695732 34.2686028436 33.0742539626 33.8832177417 34.1448624269 33.8290131053 33.1103297969 33.0084503297 33.0402467361 33.4173271425 33.0807324059 34.2806367917 33.8659624723 33.4170861836 33.6442530324 33.6752894169 74.4398338804 74.4398338804 33.303137969 33.282857678 33.8331559544 33.6667397681 34.3417913686 33.9442690899 33.7098621851 34.210018802 33.3383960927 34.3767126135 33.8161238391 33.7832873515 33.4796457671 34.1908674659 33.0687896763 33.4949284088 34.0361171178 33.0183318408
33.8059179997 34.3743637076 34.2870286138 33.3045001215 33.772024806 33.4906959916 33.6018169092 33.5326958437 34.3741236096 33.9652100103 33.9614351275 33.7975572834 33.8467422559 33.3438730007 34.1576478371 34.2711966301 33.0606079103 33.9977742248 33.0827766093 33.4084812539 33.8720765059 33.4193553713 33.8721014785 33.6856116297 34.1008338191 33.3754499771 33.1597070632 34.0798172665 34.0979629674 33.8270672918 34.1043905984 34.2428418607 33.6073577718 33.9046889176 33.1599036147 74.4398338804 74.4398338804 59.0385555851 59.0385555851 33.7434270254 33.5607392681 34.3833265028 33.4013975725 33.6468454106 34.0258687037 33.0882702961 33.1799969144 33.5219031747 33.5574403192 34.08347318 33.763865774 33.1551246029 33.2047440626 33.0717300051 33.4261237414 33.6729339676
34.3694657841 34.0873573661 33.2538290199 34.1786225786 34.0446932795 34.0593799963 33.1076045367 34.0099689099 33.0309189983 33.4145540636 33.997490937 34.0585821091 34.1290499954 33.5295682088 33.5099695823 34.1485205818 33.688585062 33.0047127071 34.1403150157 34.0599582104 33.6946092967 34.4103614804 33.9440245108 33.3777720288 33.623389641 33.9414549823 34.0008304153 33.4433423394 33.4160775017 33.0620859251 33.6681578958 33.7721159911 34.2571093907 33.0953593695 33.7362747496 33.8240614174 34.2316323785 59.0385555851 34.2087029334 33.1545394626 33.1102996683 33.2728117733 34.0324278954 33.7737964941 33.2962330522 33.9458266981 33.4060296829 33.7995833009 33.5050532136 34.300119409 34.3235686068 33.1362716019 33.9774950217 34.3126084191 33.6979498369 34.3302845666
