Spatial_Output/BAU/BAU_0361.asc
NCOLS 155
NROWS 192
XLLCORNER 196307.867259
YLLCORNER 449144.565805
CELLSIZE 33.573938
NODATA_VALUE NaN
[rows 150 to 174 of 192, columns 57 to 113 of 155]
34.679201522 32.6344557423 32.8733503275 31.7542731428 32.3061215868 32.5628418776 33.4801851221 58.2492828933 69.8464161531 53.1474054253 58.6218859068 33.5475634593 34.2191660361 34.7923852203 34.6028254138 33.5976946885 32.9812230394 34.2517988278 33.7125032413 33.8808819362 32.7594664152 34.4178089265 33.8445107301 32.7748252199 34.1378993093 32.5471722767 33.9061294469 32.739027555 33.5971031112 34.7772807479 34.838345641 34.622753871 31.7459230432 33.4212997277 32.0457276244 42.4604604756 42.4604604756 42.4604604756 33.635256632 33.6346960894 32.3732934196 34.8539221721 34.3361697522 32.3350730065 34.9356355717 34.8741343423 33.2659484437 32.7532398992 33.2461655869 34.2031931948 33.8161015654 31.5419766295 33.7048065504 34.9499783451 32.8613286063 32.6160763863 33.4115063615
0 34.1283569488 34.0787006814 34.7473461573 33.6733895793 32.896413666 34.9021405108 79.0264998167 59.9235150985 53.2563305062 54.3214481225 32.5694325672 34.9650896473 32.6048029211 33.1081396071 32.1889092274 34.1742313905 31.7385948856 33.8023655111 35.0082838941 34.4484732736 33.5331984046 34.1918880514 34.6558043265 34.3758751794 33.6690006452 31.7592580336 32.8087692897 31.6180426124 34.5909615419 34.1980065543 32.2281191851 32.1007273627 32.4138926003 33.0730711046 34.6640481449 58.5977531406 59.920083688 59.920083688 31.6463144267 32.8815656832 31.7473197793 33.0015028167 31.7678373884 34.9229530107 33.0242840349 33.3510777213 31.8384885412 34.9650389849 33.5113141772 34.0909526594 33.5786834955 34.915835971 33.5611223037 31.7075152129 33.5986235519 32.4117515698
0 0 0 0 32.5905218469 34.7138674548 34.3428866869 79.0264998167 53.7296128706 69.6849422287 67.7826714134 33.2038178472 34.6330660965 34.8408830647 33.3354504021 34.8495816163 32.087320592 31.678559974 32.8097449323 34.2271941384 34.3155068066 32.5354877119 31.8038768008 34.3953657698 31.6959155884 34.8578210625 32.1437465666 32.8540347125 33.4813005918 33.3771864518 34.2912378069 32.9075624736 33.3546359556 35.0320622552 32.7707575575 32.9931344964 59.920083688 59.920083688 59.920083688 33.6124301994 32.2497843247 33.4025683411 33.1249050031 33.4827732978 33.7787575344 32.3091654516 34.3945483832 33.7132302722 33.6541740078 34.7158849632 31.5600860269 32.5327360311 34.9372330001 32.4568090842 34.1961925061 33.6510617913 34.5156178593
0 0 0 0 0 0 33.0932266861 33.4025524151 34.5976058415 32.1501114445 33.9503688002 33.7160657956 32.9572300752 31.855854092 33.2115892675 34.6731912476 32.5269000764 33.8170370556 33.5486978174 32.4603506874 32.2079914142 32.1503081832 32.5422098498 31.722872521 34.0472075421 32.5425254534 31.8520391785 33.4860612637 32.5585772106 31.8625251818 33.0198606308 32.777012368 33.5353155323 32.6192227427 34.9787019541 33.4978087899 33.0800693819 61.5314677626 58.3638456275 58.3638456275 34.5459884041 32.9874786763 31.7672907505 33.4826065391 34.3303159556 33.4488233056 34.6891159559 33.5979332054 33.3038950867 34.8905891884 34.9730947904 32.2974627424 33.4736358128 33.4907333761 32.1771468605 34.0049592295 34.1618825764
0 0 0 0 0 0 0 0 74.1117596748 32.8731600745 32.3202379601 71.1969711521 33.7697295027 32.8345623943 0 0 31.5383720497 33.1453440204 33.4554649464 34.5895539024 34.6991011673 32.539940749 33.7046998582 32.7668119776 34.3872424674 35.0216408089 31.6386366392 33.5315819049 33.5928347528 34.7665616044 31.7476035882 32.2475157293 33.275535086 33.3880970557 32.3554870597 33.8287209424 32.7479069614 58.3638456275 58.3638456275 42.5603973163 31.7918786109 34.031614927 31.9311874444 33.4361712449 34.5951427767 32.4018522683 34.5147697296 33.3108326429 32.0875505704 34.7893397986 32.7840947896 32.0492239835 33.0756191289 33.5622128756 33.9422482355 34.4154435197 32.4137709275
0 0 0 0 0 0 0 0 0 71.1969711521 64.4790022077 64.4790022077 64.4790022077 0 0 0 34.7892540894 34.5613010501 33.9109354644 33.6978660709 33.1161469564 31.6177648246 34.7194701096 33.7174990591 33.2834967811 33.3705747404 34.8972393726 32.7670552731 33.233923506 34.5250412223 32.8469567114 32.6001428687 33.6936977258 34.50530368 31.9739135315 34.5900223476 34.671132998 32.661754211 67.1257193605 50.0258757504 50.0258757504 33.8159380299 32.541200563 34.5150113494 31.6924879489 34.471021066 34.0635989216 34.1750317874 34.9171695716 34.4743564166 33.1833674891 32.2474860747 32.7146318609 33.3015823177 33.1910175769 34.3963369144 33.7169659936
0 0 0 0 0 0 0 0 0 0 64.4790022077 64.4790022077 64.4790022077 0 0 0 0 34.6604052275 33.1961933462 34.2160731152 32.4831309932 31.707559758 32.6744104218 34.5574216812 33.8287214821 33.9926340882 32.8433663785 32.4139035134 33.7534718128 34.1634089995 33.8066553127 34.0598620362 33.5779700321 32.0504430879 32.3929076008 33.6664914001 32.6063692173 32.3709788631 50.0258757504 50.0258757504 31.8249755777 31.6520705218 34.9283398131 33.9226257245 34.9259531796 32.8213107482 32.9025197645 34.6863642731 34.2905900919 32.3793901917 32.9242661948 34.9569369818 32.732098446 33.2528924918 33.377890509 32.77406191 32.2760888729
0 0 0 0 0 0 0 0 0 0 53.6823914761 53.6823914761 53.6823914761 83.3981063416 0 0 0 0 34.3014342023 32.0294748117 33.4133000675 31.7054287645 34.4524448936 33.6002616733 33.2681957085 33.7013365515 34.7803594332 32.9151296406 34.5810558826 32.2595414989 31.6449382915 33.8264608402 32.5480610521 32.1201843997 32.83529205 31.7526363409 32.839656575 34.9163465845 34.2239242443 32.7367631833 47.4909686218 70.1462821128 32.2146888167 31.6602189777 33.2635755532 34.194510432 34.7600308704 32.6767135407 32.6006997363 32.1494370218 33.0505921165 33.2792390827 32.8896558409 32.1575791693 34.8194005697 31.9956292526 34.5713151128
0 0 0 0 0 0 0 0 0 0 55.8546038792 57.0320269211 57.0320269211 0 0 0 0 0 0 32.0224294123 32.0452832123 32.1492173072 33.9709509557 34.2004689338 33.5315097865 34.6446616268 34.8783064189 32.1687455213 34.0282726034 33.5598774732 34.2444900012 32.2351346436 34.7668153634 31.706583821 32.6090248353 32.1081256807 31.56226631 32.3585089075 31.6449626592 70.1462821128 70.1462821128 70.1462821128 33.1047314994 32.5302230178 34.5597539846 32.1230365144 33.1658096373 32.3709939459 31.7901923526 32.1186606352 33.5285776925 33.6803068597 33.6479685086 32.4065073285 34.1260476153 31.713285409 33.2261935493
0 0 0 0 0 0 0 0 0 0 0 0 0 0 0 0 0 0 0 0 32.627722141 34.2951709465 33.4133537205 32.0937553486 33.9166759821 34.2504892322 33.795961871 32.3026853063 34.2082608961 33.5289358469 34.4369036717 31.5115260999 34.5493119914 32.4386545973 32.2716235183 34.1812001628 32.018475333 34.5121735112 33.0771515098 34.0606826378 70.1462821128 52.0815127403 31.9668929794 32.6581107594 34.5836381234 34.4837822357 32.3556749127 32.3462418977 32.1055054055 33.123224756 32.0641936744 31.887936264 34.631234423 32.1814235066 32.6058417796 31.760007982 32.4402738044
0 0 0 0 0 0 0 0 0 0 0 0 0 0 0 0 0 0 0 0 0 0 0 0 31.7966142693 33.7581956175 32.71981608 35.0085467059 31.6916072929 32.3404735282 33.3108233811 32.9630986578 31.7872501241 31.6162976047 31.5866545299 32.5601606771 34.4425686944 31.8727432045 32.2952779139 35.0119146086 73.8614685068 73.8614685068 63.0076333767 33.7867690345 32.0826547639 32.3091964286 32.9190860602 34.7566390979 32.7331306548 32.2259561294 34.1521382802 33.9876996286 34.1940918239 33.8449578823 33.8638527592 32.9462685619 33.0283872981
0 0 0 0 0 0 0 0 0 0 0 0 0 0 0 0 0 0 0 0 0 0 0 0 0 0 0 0 31.7428245459 33.3918024347 32.3470025857 32.6653030464 34.6260551363 32.1235928984 32.83407383 31.9023862409 31.7005651938 33.1744310044 33.2942666654 34.110683492 65.0638241771 63.0076333767 63.0076333767 34.9795719355 34.0742094162 34.0263821412 32.5217187762 34.3329466251 34.4233817366 32.5414795797 31.7526684506 34.6625934671 32.2479595329 34.6072427736 32.7615573301 34.8202656079 0
0 0 0 0 0 0 0 0 0 0 0 0 0 0 0 0 0 0 0 0 0 0 0 0 0 0 0 0 0 32.0946392287 33.5260928199 33.3410754049 33.1480737185 34.5361022167 31.6404941135 34.7047323127 32.158460178 32.0390256429 34.4147408573 31.5913290444 33.2471185833 65.0638241771 63.0076333767 55.9905307951 32.0454696184 33.6711637145 31.752551909 34.919793971 33.6275122438 34.2857106152 32.2945872044 32.701308499 33.8608254665 32.4285419144 32.3199089724 0 0
0 0 0 0 0 0 0 0 0 0 0 0 0 0 0 0 0 0 0 0 0 0 0 0 0 0 0 0 0 0 33.4468048236 32.8117546119 31.8044407024 34.6587896535 34.9375340407 34.6309063303 34.1564015389 32.0542150634 34.5171209948 32.7110841201 31.6873825519 55.9905307951 55.9905307951 61.1994358885 34.8791836329 33.8880882624 34.5685336004 34.1529983243 33.7860717798 33.3974358444 32.3638731346 32.6538939807 31.5183749499 33.1215891147 34.4783350772 0 0
0 0 0 0 0 0 0 0 0 0 0 0 0 0 0 0 0 0 0 0 0 0 0 0 0 0 0 0 0 0 0 34.7259819724 31.9833976446 31.9239691908 33.6665355583 32.9044637342 33.6363794272 32.6566014497 31.7393732584 34.0227567468 34.7271883776 61.1994358885 61.1994358885 61.1994358885 34.9383841401 33.1443412388 33.3320577031 31.9186063437 32.8216737927 31.5081634033 32.7363265477 32.1519284902 34.2917031926 32.419565032 32.4740619457 0 0
0 0 0 0 0 0 0 0 0 0 0 0 0 0 0 0 0 0 0 0 0 0 0 0 0 0 0 0 0 0 0 0 0 32.5604322685 32.5190217865 33.936941338 34.6004115221 31.9325292994 34.2626093136 32.4964566443 33.5686866753 56.5443347654 61.1994358885 56.5443347654 54.1789263278 54.1789263278 33.6015794136 32.1828632727 32.850327772 31.895540107 32.0673995106 33.7095483206 33.7075603123 34.3586867499 0 0 0
0 0 0 0 0 0 0 0 0 0 0 0 0 0 0 0 0 0 0 0 0 0 0 0 0 0 0 0 0 0 0 0 0 0 33.1014701984 34.4557045733 32.6606932992 32.5427526972 33.5937515578 35.0187547631 33.6498157634 32.2996924184 45.0597264495 56.5443347654 54.1789263278 33.7900197363 33.4085671107 34.2205734233 32.3409175673 0 0 0 34.0783715716 32.4440199925 0 0 0
0 0 0 0 0 0 0 0 0 0 0 0 0 0 0 0 0 0 0 0 0 0 0 0 0 0 0 0 0 0 0 0 0 0 34.4476759771 33.6627273736 33.5281997388 32.592344099 34.3292362334 34.4094484571 33.2092914051 34.9935312964 45.0597264495 45.0597264495 51.3825763377 51.3825763377 34.6342808929 34.6081157174 0 0 0 0 0 0 0 0 0
0 0 0 0 0 0 0 0 0 0 0 0 0 0 0 0 0 0 0 0 0 0 0 0 0 0 0 0 0 0 0 0 0 0 0 32.0050285683 33.8158033369 34.0981919068 31.8912291037 34.3028495931 31.827497547 31.7012855723 57.5313623948 51.3825763377 51.3825763377 32.8196624542 34.3105714516 0 0 0 0 0 0 0 0 0 0
0 0 0 0 0 0 0 0 0 0 0 0 0 0 0 0 0 0 0 0 0 0 0 0 0 0 0 0 0 0 0 0 0 0 0 0 33.6140792102 34.4190200731 34.8659770441 32.429149316 32.9416525097 32.1532538309 32.8174894579 76.4627486722 59.6634393654 59.6634393654 53.355601473 58.3823999184 0 0 0 0 0 0 0 0 0
0 0 0 0 0 0 0 0 0 0 0 0 0 0 0 0 0 0 0 0 0 0 0 0 0 0 0 0 0 0 0 0 0 0 0 0 0 33.1445543427 32.8715547197 33.6827529915 33.2264085992 33.5447184814 31.7457830122 34.7351600291 59.6634393654 64.1519398119 68.6503391686 69.8467139971 0 0 0 0 0 0 0 0 0
0 0 0 0 0 0 0 0 0 0 0 0 0 0 0 0 0 0 0 0 0 0 0 0 0 0 0 0 0 0 0 0 0 0 0 0 0 0 34.0754690217 33.6242704058 31.5163746485 32.9327594316 34.2548002411 32.6212582474 34.6088397904 53.15791932 63.1466635318 64.528510043 71.4708045756 0 0 0 0 0 0 0 0
0 0 0 0 0 0 0 0 0 0 0 0 0 0 0 0 0 0 0 0 0 0 0 0 0 0 0 0 0 0 0 0 0 0 0 0 0 0 0 31.5096253227 31.528417269 33.1987656527 31.882292389 33.8115214012 34.5900976847 66.9949950128 69.58929511 60.6589583055 49.8371096262 52.6297880859 0 0 0 0 0 0 0
0 0 0 0 0 0 0 0 0 0 0 0 0 0 0 0 0 0 0 0 0 0 0 0 0 0 0 0 0 0 0 0 0 0 0 0 0 0 0 33.2585582486 31.8980073372 32.0680153134 33.117646595 34.8746549355 0 0 49.8371096262 78.73004452 78.73004452 49.9817095299 59.3480331243 0 0 0 0 0 0
0 0 0 0 0 0 0 0 0 0 0 0 0 0 0 0 0 0 0 0 0 0 0 0 0 0 0 0 0 0 0 0 0 0 0 0 0 0 0 0 32.117198292 0 0 0 0 0 80.2034118667 78.73004452 78.73004452 49.5441829504 83.9580395679 0 0 0 0 0 0
