Spatial_Output/BAU/BAU_1114.asc
NCOLS 155
NROWS 192
XLLCORNER 196769.923733
YLLCORNER 449719.875193
CELLSIZE 27.603701
NODATA_VALUE NaN
[rows 23 to 45 of 192, columns 53 to 105 of 155]
30.0895949535 32.0140638506 31.9472110887 29.7436090652 31.8858986713 45.9304405694 31.6793867788 59.7333690257 59.7333690257 71.7444457339 29.2594435129 30.4148709611 30.3666686561 29.0660134213 30.2549817923 29.6702260556 28.6370231478 28.7563747771 31.5237974833 28.7569884091 29.6877468861 31.6062092499 29.4849848502 29.4629079151 29.2574410302 30.6720150539 31.2031920785 30.903791008 29.6512866807 30.7282302081 28.5565355553 31.804106431 30.413546838 31.5090407785 29.5633888092 31.3646725563 31.7912898596 31.4160790086 31.9082467656 31.8437221906 30.2824507789 30.8161685484 29.5683362586 28.9827636649 29.2010857516 29.3773206529 31.6372328185 31.0451876437 31.1712072962 31.9895996208 31.7432568784 30.0377624064 31.7059477535
31.0386278298 30.1461067457 28.7296603107 28.9010681426 30.2858503845 45.9304405694 45.9304405694 45.9304405694 59.7333690257 59.7333690257 30.61936785 30.6043877235 30.2126947855 29.4512056143 30.7118595497 29.1629369634 30.985675951 30.0848649546 30.0514692434 31.5827434948 28.8348163106 29.4816625026 30.1146940042 30.2170269686 31.8699190546 30.3375917269 31.6010656674 29.5620756302 31.8316260717 29.4043589162 29.5036567996 30.9773367598 28.6058967753 29.6148990885 30.3992154544 30.9764365618 31.3875469421 31.8489858282 31.0889348855 30.893585658 28.9588556698 29.3857766644 31.807819754 29.1351051858 31.1970782707 30.9568900754 29.7892541449 29.6272103763 31.2698863361 29.7178765274 30.8032067324 30.3061516727 31.7674350791
31.8427735923 29.5928283597 28.7898729083 31.9963304906 77.2245226414 29.0453187643 45.9304405694 29.8987198488 29.4403964645 28.9589414673 31.1044089112 29.271940602 30.9023532773 31.8825381981 30.8811903402 30.9069017254 30.1270674707 30.7103149807 29.3836737275 30.8974790263 30.1005729234 31.1219334808 31.7667135441 32.0066676228 28.619154188 30.9125333559 31.8096806111 29.0354293656 29.2066621859 31.4836250645 29.3477258126 30.1575456248 29.4029981452 28.5538239305 28.7768012011 31.164256132 30.1984043805 28.5089809928 29.3264390135 31.1938440849 31.8298357199 28.7372275679 31.4355251076 31.0682878195 30.6593003177 30.2759059124 28.8146829044 29.3934330138 31.5597799771 31.2046078781 29.3218877154 31.1122503687 31.6649911554
28.7574431038 29.3507785752 31.3853685909 31.519400934 65.4246901132 71.0124402827 71.0124402827 30.4629291638 30.36335428 30.3149632545 28.704869063 31.3353181184 28.9089331154 28.7086382762 31.9110896088 30.5586384532 32.0220684254 29.7224586623 29.0597274494 31.1311770501 28.9233524778 30.6667582462 31.3148957008 28.7753955928 30.7398570599 31.8253594258 29.431240312 32.0009186828 30.5831471324 29.6955708759 31.0420557729 31.825202323 31.9986551818 30.397769632 29.253437266 28.8131821421 28.9893657328 30.2730329411 31.4904358416 30.8571600714 30.9215978132 30.8709742624 30.8780973672 30.6475702016 28.5219979038 31.3490496938 28.8040448102 28.8632722062 29.3246190041 30.7108198586 29.0533020894 31.6928869712 31.761098946
30.9084899137 30.7140641741 28.6390201257 31.5245902829 62.0674465351 62.0674465351 62.0674465351 30.1086962406 29.8625518203 30.7822931608 29.954960663 69.0159360318 69.0159360318 30.7780297711 31.6128758392 28.5048663211 29.5274408643 28.6114703765 31.9657371227 31.2729883378 31.6760892342 30.6243682193 28.8560247149 31.6422794961 29.6011469392 31.0582318079 29.8980474242 31.4856152945 28.5793356393 31.9688946452 28.7964499928 30.7252209261 29.9481627034 31.9398168806 29.5974762989 31.7520649021 30.144040495 30.334249971 29.4316104533 29.3363655753 28.9632419943 31.3194085882 31.3371615179 31.9656532434 29.2961478301 31.1569938955 29.3145378494 28.5524605739 30.474548666 31.4474254763 28.9955538219 30.1857005552 31.6373961107
28.8770120197 30.1725097295 29.3145674617 29.8791272326 74.9388932858 62.0674465351 62.0674465351 29.1654860431 31.8984094309 67.1765855844 30.2030200914 69.0159360318 69.0159360318 31.5171616033 29.7082371049 31.345617931 30.9320084983 30.0178516048 30.9353447003 31.2729306662 29.3294917639 31.5855514098 28.7980638809 28.9578263592 31.97077966 31.06366377 31.9598890343 31.2949063416 32.0063011813 29.3486058095 29.4055016484 28.9949167215 30.09280816 31.9261115565 31.4290052654 30.1840320764 31.1731658899 31.3251501532 29.6142427338 31.4365558835 29.3387694959 29.9994633333 28.9250979144 29.1655219299 28.9061635517 31.9587905286 28.8926239286 31.8274230173 30.1525057138 30.4781481014 29.8264514074 30.9028191037 30.9860213613
29.8540793771 28.8842239776 30.0578016598 28.8162546036 30.2585812767 62.0674465351 30.0755457591 53.0350609467 30.8972864319 67.1765855844 30.8284975896 75.0560260515 69.0159360318 31.8108726887 30.5391042368 31.9841091714 29.9823508445 31.5609388024 29.9993974988 31.7294959404 29.2549380816 30.1653678043 29.054315885 29.1187693564 31.3712087706 29.4450068167 29.7393184039 30.2234157027 30.6599407392 31.7957077033 31.878130951 29.6856500437 30.5973404007 31.733826238 30.0225153713 30.1566734036 31.7834061159 30.7759898005 29.0595800912 30.6169057948 31.2546026263 29.934301575 30.1725394625 31.3347834141 30.0883374503 30.6016032358 29.2884112777 29.5917637697 31.7442043949 29.0244279606 30.8304167376 29.1210643911 28.7719580305
31.2093505482 31.9805999208 30.4270702438 30.5071457977 51.8639073644 51.8639073644 54.112095614 31.0656076803 29.7468208425 30.9855415988 30.5844670298 75.0560260515 75.0560260515 75.0560260515 31.3463478677 30.5215645177 29.1829524509 31.4472567388 32.024905938 29.2272983659 30.83087855 29.7154404017 30.608312617 31.8722545852 31.2682134183 30.5126128523 31.6321119011 31.7173076612 30.2143935421 30.3770587544 29.2815563346 30.5288768154 28.6004177887 29.5726572631 29.8394955061 31.2798169402 29.3875669796 31.8263436404 28.9362351433 31.975372195 31.6292436549 31.0475931237 30.2491562867 31.9659715744 30.2870041387 28.7805503667 29.0378712901 29.9815933186 31.5805805899 29.917655003 30.4135520776 29.4531546068 31.8584384745
29.0792714662 30.3335887196 28.7084171269 31.3519535596 51.8639073644 51.8639073644 63.9861658642 53.0350609467 30.6726719986 30.319753668 31.817707658 75.0560260515 75.0560260515 30.4946776707 31.128703035 30.1121659075 31.8310412313 30.2388845399 29.00963524 30.584314944 29.7253008721 28.5977683969 29.6678555601 29.5208368795 31.2548756107 30.8533136414 30.8568819677 30.3872928495 31.9668956962 30.4523863686 29.6472538658 29.8565678999 29.8650110551 29.6342963329 30.8860989091 31.7270609023 30.7958596213 31.3221440358 30.826518689 31.0066271055 30.693549908 29.6140817336 30.6291125886 28.8562159517 30.038166134 30.6520024626 30.7964490081 29.8438559416 31.1214507671 31.3300181783 28.8063955363 28.6359629484 29.4039676137
28.7209841598 28.7595008303 30.9321954933 30.3321314673 60.3164086145 60.3164086145 60.3164086145 30.7774547791 28.8490040686 28.807291309 30.4607642038 30.3606767432 31.193547335 31.5719562928 28.5471038187 29.0494573082 31.3189440956 29.5463115844 31.7080356517 31.6765462564 29.6012861929 30.7462229796 31.3015680451 28.8980107264 29.2214042868 30.0576986135 29.4349526196 28.6377070946 30.3427965475 28.7455386072 30.6077295264 28.8442443193 31.8505449392 31.0088840314 29.6169496227 31.4811329848 29.4698139281 29.4886910788 31.7117583489 28.8110619222 29.7784348541 28.8979148982 31.0065664918 30.5939688056 31.8489368219 28.5065627772 29.0575714663 29.5627717706 30.7911727823 30.1864203915 31.0827988854 31.5320550761 28.9665283251
31.2301994353 31.683794937 30.9928671715 31.8061492276 60.3164086145 60.3164086145 60.3164086145 29.9801895369 28.7772529094 30.5150760782 30.7519387791 29.6350692572 30.4501878733 30.9436967432 30.3246636468 31.428473477 30.0541923521 28.9088365426 29.4155287701 28.9017422932 29.2853383029 31.5257131236 30.1256958902 29.849780895 28.9225380392 31.1540836783 30.9959654527 28.6930824881 30.1652260608 29.2317313234 30.2615428076 31.7708816717 31.0937232845 28.7124377817 29.1672520387 30.1744824214 30.5100190878 30.340547216 29.9283093806 30.8720510589 30.148323597 29.286579414 29.7819383083 31.0474158569 31.076269764 29.6126748476 28.8939357653 30.1062548938 29.2841817288 30.6680003506 28.5020592256 31.2758086156 31.8599290889
28.6180174626 29.3655207002 31.7946593051 29.8620796767 51.9176797471 60.3164086145 48.810761744 31.433476082 31.2289423552 31.7206509123 30.7564205147 30.5485317166 30.9431866751 30.6479036954 28.9335088939 30.4685417587 31.2393872744 29.7167983698 28.7768112895 31.5916260024 29.953153333 28.7720413871 30.9136516257 31.6140319327 29.6153764973 30.1385546836 30.2262876951 29.9522863548 30.0654360341 28.7327002153 28.6348980307 30.4587068583 28.9059641084 30.3524242666 30.0091051806 31.6786410937 28.7430626716 30.7837856037 30.290998104 29.4333312424 30.2582156104 29.0135318247 30.7236789616 29.5175363758 28.7658505763 28.9690138706 30.5729799763 29.5322185329 28.8109615434 29.3411540004 30.1674290791 29.0989365592 28.5358187101
29.9826925809 28.8373132699 31.5954384623 30.6211094975 28.924454023 48.6523077975 48.6523077975 48.6523077975 30.3608253809 28.8728829971 29.9954084102 31.4290161835 28.5814452258 29.6673786363 30.4455933901 31.2587442354 30.5539777278 30.6848054804 28.9399588313 29.4829673355 29.1473700544 31.8029920798 31.709009357 31.6560959846 30.8859505329 29.1340674975 30.7689106705 29.6136024419 31.4728780515 31.7934858571 29.2997141474 28.852597833 29.8334553684 29.7952543306 29.8491506116 31.5525285128 29.9618293223 30.5924344373 28.9933307278 29.8282704398 29.606432111 29.5673657914 31.1617211999 31.2957067155 29.3908658353 30.6712495488 29.6930374355 32.0236591368 31.5784922446 29.5747828453 29.6027453866 28.6682680217 29.6969805988
30.5545338074 30.9011076088 29.5729013548 31.7279219012 29.0075463966 48.6523077975 47.8749216669 61.647242244 29.3962321449 30.4701476588 29.8164992055 31.3635623756 29.5374569414 28.978025073 29.1166380637 29.3393694911 30.2452725901 30.143424459 30.3328326191 28.5924367835 30.7985476227 31.7435776464 29.1613019363 29.5662846268 30.1495616154 31.2778273657 29.2290208162 31.8556290442 31.8049829184 29.6433917617 28.7274217422 29.7859427265 31.5519765582 29.4779205331 29.5357379168 28.7513601947 31.6240930931 29.1950155155 31.4749793872 30.5617105487 31.1819343761 30.3165629146 31.2743575156 30.6340883945 31.0257868061 30.8060117316 29.1198721306 31.5731707923 31.4808171166 30.4948672059 30.0075933536 31.0730790637 30.1441432805
29.6781804551 30.2601051508 29.4310939044 29.8950867588 28.7823866529 47.8749216669 47.8749216669 47.8749216669 31.4274955352 29.5776458683 30.0373601291 30.9469203338 29.9279243681 30.1862446152 31.2891478586 31.7188322939 29.4703944525 30.3577442732 29.3762167285 30.6452049034 29.4728444252 28.8047600273 30.6493632583 30.7475928287 29.4597172254 31.742903988 30.6279266234 30.9632668432 30.829848778 31.3641147829 29.6997780427 28.5603163316 30.7316517998 30.9067753469 31.2647407055 31.5416710937 29.2801085939 29.3781275747 31.161999993 30.9491932641 29.0870225101 29.4208292157 31.7738370929 30.9729024637 30.5514039613 29.238610108 29.2145349982 30.7807244756 28.9525320933 31.0869156158 29.2845715285 30.546376273 30.8875935376
29.3540196672 30.4955277943 29.4824568228 29.8050833203 29.7637709426 47.8749216669 44.3018969726 53.657214698 29.463315087 29.4850107845 31.7968575931 31.1652457881 29.3869075901 31.7762839161 29.4554091608 30.7703063103 29.781253124 31.2587128336 31.6899925784 29.2585407767 30.0443456781 31.7029399937 30.4010881885 29.4478385663 31.3367366534 29.3270541934 30.3043949086 30.3374637499 31.5495595711 31.0458813314 31.8872137543 31.8734634807 31.9067510263 31.3569025806 30.5393452449 31.1078036126 29.9638105908 28.956749656 31.4249317505 30.4262740379 30.6206898782 31.3588207228 30.0635596888 28.8837993546 30.8262739931 30.9129466134 28.8621607459 31.3471914823 30.2257089846 31.2576765636 31.3695853487 29.0947402156 30.3872860312
28.9226411467 31.8584878437 29.1718293463 30.8676236649 31.5150213551 30.3219393117 31.5108342442 31.102650776 30.7624789674 31.05787159 28.734910774 30.8929770213 28.7631102389 28.9673173775 28.9250383474 31.9074857612 31.6088306148 29.6202237418 31.6331166175 31.2748779167 31.1462543831 30.665133589 29.4507726512 28.8894926459 30.2689857231 29.5895462821 30.9149010406 32.0160182979 30.7252000134 30.0714546349 31.6090949652 29.2940272658 30.3108428635 30.3260002351 29.786893645 31.3464320348 30.2864208033 29.3349028919 31.7691802795 31.3667928622 31.2871059012 30.2103244268 30.4185410014 28.9417997005 30.5996303694 29.0964314689 31.2455136488 31.4829530437 28.5553153454 30.8475279402 31.7480850839 30.2043487164 31.877208291
30.5486806993 31.0618580652 29.18143219 29.4719128632 29.304994475 29.858017743 31.2043751142 28.6413343927 29.1597771696 30.5873378834 31.5951384869 30.7402004049 31.2860868084 30.2414554639 29.3392317442 29.9643511281 31.837386333 57.164161534 29.0250004005 31.850515617 31.7306217668 31.6228260739 29.7672600057 30.9846172528 29.7625372084 29.6931658288 29.2157427128 30.322872751 29.512427359 29.2671546494 31.1980877698 30.8773113878 28.8131538682 31.571047294 30.2986336557 29.4880426802 30.1648787231 30.7794909892 31.0684812392 28.6051070396 28.7112057704 29.8426907468 31.0406526188 28.7831390009 28.9091496311 31.9765055035 30.019216692 30.1574112377 29.5864481866 30.5206167806 29.769710627 29.0312788088 29.4690713143
30.4890069421 30.2539122888 31.5745481196 29.8492575741 29.9564281709 31.234720077 30.1566203404 31.0038944613 31.9359812421 29.671211431 30.6735547203 28.7402378074 31.7797626967 28.9754541684 28.8832203805 29.4010950236 29.1774996921 29.9883830589 28.8170783104 29.3666429671 30.3142513615 31.5883623237 29.6759245216 29.9441833948 29.760297496 29.8731932748 29.2854979858 30.1358981293 30.6610469743 28.6917701361 28.8772464311 30.7888621774 28.9187884496 31.307887388 30.7036765628 31.788684792 29.4868371583 29.523493617 28.7209067617 30.8082353754 29.4972916963 30.2743935005 30.4021388567 30.1349290876 30.0562299306 30.9309231033 31.474289739 30.1642799678 31.4488633272 30.6558375696 29.350888868 30.14058027 31.5368958182
31.8793832827 30.4443477981 47.2007043533 57.7676385023 30.8102890741 29.2006809756 30.9782739348 32.0033876767 31.641877385 29.6480056514 29.0380948547 28.8252690638 28.8973067107 29.4289598343 30.3084062237 46.2643667802 65.0591363241 46.2643667802 29.3988941782 31.2705657776 29.2152083641 29.2103260383 29.891061925 31.1087432227 30.1498188108 30.3300494354 31.083607548 31.8652537231 31.9747718487 31.1404679418 30.5074054191 31.3898492586 30.3288599506 30.9311795481 28.9443859663 30.6733579189 31.1646602183 28.6215327132 29.1260788272 30.9553910654 31.5153511902 29.2055000057 31.0504643598 31.8552085022 31.5817067834 28.751510544 31.9809194706 29.9387510466 28.997486089 29.8686571404 29.1077190633 30.6260778118 30.4263667004
80.4178951314 47.2007043533 47.2007043533 28.7978318705 31.7457424138 30.6595327714 28.7867416324 29.1130945037 31.050185998 29.4726333455 29.9611485956 30.211048101 31.5865870641 28.6153299735 30.3029418689 65.0591363241 65.0591363241 65.0591363241 31.0505943409 29.1679964943 29.4611949277 29.576128729 31.4410487538 28.7096378563 29.4836664641 30.2821852476 30.1390620046 31.1479962241 31.4577893737 29.2504550426 31.4470869372 31.9281645168 29.2858508519 30.7018288672 29.6868849504 30.4171830629 31.9116174253 29.366763896 29.4408469073 31.8236216437 31.2937287975 29.0691285362 28.7728521744 31.0778718981 29.391139321 31.9399816995 31.0592469097 30.082657227 31.0199277218 28.6022326199 30.3469497816 29.4008555827 30.4627878167
63.9472737782 47.2007043533 47.2007043533 30.5718625395 56.7436765782 29.2114226231 31.9262225283 31.3694965117 29.9562572424 28.5619528067 30.8589409739 30.1625043885 31.7108115115 30.7516128541 29.4294062769 65.0591363241 65.0591363241 65.0591363241 30.3463096794 28.7446585355 31.9950730376 30.9008258175 28.8906382997 31.4829820502 28.9277884692 29.6191025616 29.141351995 30.9945696088 28.8085490942 29.4950129579 29.5672494603 31.8803525635 29.2369032438 29.6535687375 29.8988932343 30.710381448 29.1852524909 29.1393258736 29.754542258 29.8609811437 30.0557240285 28.9132900753 30.439617478 30.2343079815 31.6997172293 30.5596353682 29.2450948454 30.4883930227 30.4114763097 30.5507809954 29.2799436434 29.6610213617 31.0833723635
29.7895379259 29.9718619124 30.0831810106 30.5412295475 44.9897742219 44.9897742219 44.9897742219 31.0575577354 29.2665176157 31.0179039131 30.8322401361 31.5003758123 28.6681590412 30.3712335932 29.7543971983 58.0710324325 58.0710324325 58.0710324325 31.4659382735 29.3632023001 31.1739414936 29.6190077313 30.2100719743 30.9118374178 29.0703033375 30.6363951894 29.1560643425 29.8737943061 31.3737442938 31.14956034 31.0018297753 30.2116102935 30.668188572 28.6001448462 28.7866415773 29.8380235116 30.5201415654 29.1102655711 29.9106206815 29.9878869257 29.1083103842 30.1806783001 28.9195002124 31.493448855 31.4459780807 30.0435011708 28.5205229607 30.1201209624 29.1736325361 29.7397299795 30.7307362012 31.0474556471 29.8135266771
