Spatial_Output/BAU/BAU_0030.asc
NCOLS 155
NROWS 192
XLLCORNER 196307.867259
YLLCORNER 449144.565805
CELLSIZE 33.573938
NODATA_VALUE NaN
[rows 78 to 103 of 192, columns 0 to 56 of 155]
0 0 0 0 0 0 0 0 0 0 0 0 0 46.3007426422 45.0464471512 46.2937949741 45.3016558532 45.7405567819 45.8918316058 45.2044855823 46.2562358951 45.0821478781 46.3256841148 45.0554479605 45.698306298 46.1510986914 45.8350246102 45.6584617991 66.4932319337 66.4932319337 86.2244746106 86.2244746106 77.5674209168 84.6653312893 84.6653312893 60.7765398076 66.077809915 66.077809915 63.1011869878 46.3452842109 63.8194439255 45.1729263758 45.0122082723 45.2494370091 60.8256619447 45.4471891414 45.7630077804 46.0916199144 46.1086746251 45.6183126471 45.7518841496 45.5544344504 85.5115125319 45.7375063524 45.4153488698 59.2358187629 45.8151432032
0 0 0 0 0 0 0 0 0 0 0 0 0 46.3911907982 46.2329860239 46.1818322047 45.3438147098 46.268399749 45.1651193368 45.087764167 45.8698851765 46.2363494007 45.8055275822 46.3683648534 45.5159216803 45.2241874961 67.6885141927 67.6885141927 66.4932319337 68.3814484726 71.6585149598 86.2244746106 45.2888865557 45.225008837 84.6653312893 60.7765398076 66.077809915 66.077809915 63.1011869878 63.1011869878 63.8194439255 45.0205450823 46.3158357664 60.8256619447 45.7129721234 45.2899721697 45.7140105245 45.6141948889 45.6430739898 46.1087821863 45.1086316115 85.5115125319 85.5115125319 45.2849412261 59.2358187629 59.2358187629 46.3367810453
0 0 0 0 0 0 0 0 0 0 0 0 0 46.3593197263 46.0554736551 45.1885365777 45.6400116161 45.4926672823 45.2706314811 46.2079225257 45.5162701555 46.0488433213 45.031618255 46.3782820525 46.2038409946 60.110265307 83.4644024374 83.4644024374 67.6885141927 84.8210684506 45.5689323405 45.7057055927 46.2176237811 45.234516016 45.1690239616 46.0701368545 45.7503483555 45.9358090428 46.2138473541 70.0358800561 63.8194439255 46.3498569723 45.283233865 45.076817296 60.8256619447 45.4081608107 45.8909207765 45.4178360791 81.228944316 62.919788898 81.228944316 85.5115125319 85.5115125319 46.3655771322 45.3942332483 59.2358187629 45.5919520799
0 0 0 0 0 0 0 0 0 0 0 0 0 0 46.1666832807 45.562038364 45.7150355701 46.0146575294 45.3503912631 45.9176301985 46.0984650967 45.3558903365 45.7250787801 45.5496411387 46.2941585917 76.4488662062 76.4488662062 83.4644024374 67.6885141927 45.2920563465 45.8052756339 45.2474528034 45.9966397676 45.6101301988 45.2486264759 45.7490253851 45.8809942415 46.0365167935 46.0437789951 45.4579249264 45.7870804924 45.195198872 46.2361044801 46.0784645222 45.9609815624 45.228236397 45.7804692527 45.9293450196 55.4965467553 62.919788898 62.919788898 45.1216288663 45.0707207253 45.0068047731 46.0538382019 46.2879559332 45.39836489
0 0 0 0 0 0 0 0 0 0 0 0 0 0 45.6383440225 46.1127744661 45.7346322118 45.6362812201 45.9128949088 45.3857005169 45.4023169506 45.7310844679 46.3595054653 70.3659812419 80.2941417077 76.4488662062 76.4488662062 68.0803502831 46.2474161443 45.2107560371 45.9494012822 46.4126970753 45.7298785572 45.9736025997 46.2296387692 45.2513400311 45.5647045285 45.1739223854 45.5979329225 45.9849984011 45.1979564388 45.0210170156 45.8361887903 45.2193046211 45.8161428547 46.2447168866 45.9119336917 46.1079379444 62.919788898 62.919788898 45.6261862753 45.4146970954 45.7479790647 46.1481003553 46.3586771048 45.6769993768 45.3728708693
0 0 0 0 0 0 0 0 0 0 0 0 0 0 45.3757865542 46.2169530223 45.0712356781 45.443498528 46.2156725367 46.2067238904 68.9445074442 64.3517502365 60.1833055993 60.8836872133 80.2941417077 59.5546162798 59.5546162798 45.1600977021 45.881395103 45.8273923072 45.3476443379 45.7726958044 45.7340466056 46.3862347261 45.7564700453 45.8775226095 46.3746108746 46.3208629401 45.0488050463 45.8257319848 45.9055748812 45.8115120497 45.7779781764 45.990107407 45.0922528005 45.0574321374 45.3675628674 45.1476923523 45.4736455266 45.1825769488 46.1059609989 46.0807948327 46.2398321656 45.315052204 45.8864139336 45.2511198649 45.457175501
0 0 0 0 0 0 0 0 0 0 0 0 0 0 45.2118480939 45.6456748516 45.4622281411 45.9276782003 45.3657769657 73.7631405197 66.6669703111 60.1833055993 60.1833055993 60.8836872133 70.3659812419 80.2941417077 45.8655111325 45.5528427617 45.0098243496 45.9289929798 45.8907013275 46.1301310144 46.2800289957 46.3992549355 45.1708184864 45.9715015286 45.5522484925 46.0869316564 46.3347053619 45.2774862551 46.2290724728 46.410530715 46.0889448707 45.4945019922 45.828435263 45.7244558967 45.5293736748 45.578454805 64.9678214222 64.9678214222 45.5358461578 46.1283377985 46.3307904557 45.3973150874 45.8434047599 45.9781255889 45.4918413475
0 0 0 0 0 0 0 0 0 0 0 0 0 0 46.4087923578 46.1724140588 46.3530229585 45.3120056773 76.7211795517 73.7631405197 73.7631405197 68.9445074442 60.1833055993 60.8836872133 90.0905001893 45.3669849764 45.458182354 45.6755064391 45.7862180194 45.9399677057 45.5005580589 46.1373183241 46.0471179835 45.405117403 46.0903532995 45.4560748151 45.0857308697 45.0813308223 45.6976990229 45.3021542081 46.2403235717 45.4377934427 45.413492393 45.909439969 45.5185613739 45.6801304175 46.2472762659 46.2451656579 45.6431029502 46.1165418846 46.2929330441 45.5570770549 45.5405328681 45.4610129342 46.3871989509 45.7677858626 45.4015145477
0 0 0 0 0 0 0 0 0 0 0 0 0 0 45.3495840402 46.2800019961 45.1273640975 63.0179963993 76.7211795517 73.7631405197 76.7211795517 45.6684884176 45.8825175987 46.0841482145 45.57294979 45.5193873769 45.8633055091 45.215937564 46.4140040969 45.9875664175 45.5705279703 46.3535323706 45.8361827747 45.8454118095 45.8382444948 45.9625511263 45.3836244898 45.9340657459 45.9127807144 45.8480229113 45.112743925 46.2812173843 45.534650511 46.0206328746 45.2441850192 45.1327722427 45.7387482785 45.259850717 46.0557237816 45.7211739694 46.4072513111 46.1557439938 46.0491249841 45.294641092 45.2533046751 45.2024537493 45.8327767163
0 0 0 0 0 0 0 0 0 0 0 0 0 0 0 46.384951079 63.2402023243 75.4890095437 63.0179963993 63.0179963993 45.7675845556 45.2793242254 46.3818424648 46.1594159293 46.2319720585 46.1302326952 45.8720438169 45.3026765696 46.1581373898 45.3231824488 45.9567001501 45.5815054507 45.948623184 45.4369432964 45.5424449076 45.6415783743 46.016705647 45.2503268454 45.5535301532 45.9775010475 45.4892228718 45.4062995863 46.1846025964 46.1917149888 46.000522058 46.2938197945 45.8329365524 45.448289276 78.4745885924 46.1029049493 45.7544263141 46.1633588391 45.9334303017 45.551350958 46.3715209863 46.1653577499 45.7293172734
0 0 0 0 0 0 0 0 0 0 0 0 0 0 0 57.4935174517 63.2402023243 63.2402023243 75.4890095437 45.2389011378 45.0027397918 45.1795695037 45.7450120874 45.5156297232 46.2200456877 45.8091665582 45.0381471949 45.2250337966 45.6812000791 45.3941994211 46.147707498 45.9402649854 46.0255962224 45.760290742 46.1501886279 45.9144789446 45.4278128498 45.4961297104 46.3738640847 46.0510275341 45.1934166834 46.14121461 46.1373788958 46.0444969587 45.7480680907 45.9694084261 45.779786181 46.2647300897 78.4745885924 78.4745885924 46.4131591765 45.2391601313 45.4526029253 45.7118414633 45.9820466227 46.1122003139 46.1044588838
0 0 0 0 0 0 0 0 0 0 0 0 0 0 63.9994241427 57.4935174517 63.2402023243 63.2402023243 63.2402023243 45.3599042909 45.7708195559 45.0728753861 45.0401060738 46.2791804035 46.1890003894 45.55669318 46.1526986167 45.5237671829 45.9518199833 45.9832796752 45.6778463906 46.1899273707 45.2670867411 46.1332371824 45.6950826207 45.0035247522 46.1468929265 45.2700989457 45.5747384791 46.2365868292 45.7056253385 45.8136900029 45.9949195205 45.6946717051 45.2820020121 45.3584038297 45.2911484911 78.4745885924 78.4745885924 78.4745885924 46.0390563159 46.3499779946 46.3158710999 46.2203084014 45.8105307292 45.0894845211 46.0008326618
0 0 0 0 0 0 0 0 0 0 0 0 33.2064016803 33.1842979486 33.1842979486 63.9994241427 57.4935174517 57.4935174517 45.5364355282 45.4751879899 45.2787328951 46.1404129259 45.9430419451 46.3507847765 45.6902949062 45.8430805651 46.0534413473 45.9021010748 45.5029944083 46.3911582721 45.1767939996 45.6094378943 45.0459752168 45.854056047 45.877030655 46.1555428796 45.6825211097 45.0871055417 46.3087534212 45.0356971281 45.431889503 45.1043037902 45.5161968562 45.8081777653 45.0004080013 45.2151714334 46.1075907861 59.9923278474 59.9923278474 70.1142158722 70.1142158722 45.3213339312 45.3104602118 45.2668424543 45.6704896839 45.7486332719 46.0666554576
0 0 0 0 0 0 0 0 0 0 0 72.4111818037 79.9644598301 33.1842979486 33.1842979486 63.9994241427 67.5705312858 0 0 45.7922683018 45.9736721548 45.8068093293 45.5899380104 45.6498059088 46.3262468471 46.2157201139 45.5307249103 45.0322691219 45.6440719606 45.8429419608 45.3686729541 46.1685486818 46.2796370395 45.0725655296 45.392765204 45.4615680785 46.126548637 45.4882963118 45.644011465 45.7559158341 46.0059516977 45.3847007265 45.8988264571 45.4421031905 46.1932440919 45.2715810042 45.7523208146 60.2856620319 59.9923278474 70.1142158722 70.1142158722 45.5173303998 45.1990638108 46.0008440845 45.4718837373 45.7914175435 46.2000409741
0 0 0 0 0 0 0 0 0 0 48.091309235 72.4111818037 79.9644598301 79.9644598301 48.1527330618 81.9395372729 0 0 0 46.0509636089 45.2443669178 45.5906285745 46.1303559609 45.7330703821 45.307839236 45.7554525487 45.2973806282 45.7070895117 45.2533533828 45.7042177687 45.4624337819 45.6399778685 45.4113098781 45.7047704568 45.4207757789 45.9028866974 45.1216384744 45.628928936 46.2196883889 45.3935773649 45.3501438898 45.7658479746 45.9099630629 46.0001836918 46.3637843719 45.1125447327 46.1162386395 69.7873432094 69.7873432094 69.7873432094 45.8653487128 45.2221082384 45.9135039826 45.283970856 46.3706752477 46.0301670892 46.1011648233
0 0 0 0 0 0 0 0 0 62.6119392033 62.6566886341 62.6566886341 72.4111818037 72.4111818037 0 0 0 0 0 0 45.3348464662 45.0670018022 45.4521058001 45.3058476959 46.0952803699 45.1086823243 46.2821732018 46.176698538 45.6305853721 45.8302184993 45.4297529972 46.3063480831 45.2743853044 45.3397085845 45.6002589274 45.5997201638 45.2752772326 46.2663048822 45.4195799536 46.1134374295 46.3702154006 45.1044157302 45.8028401888 46.2789596562 45.5940879454 45.8318999186 46.1143804748 45.2043146992 84.1520727167 66.7307090775 83.0218367635 45.6663831408 45.2995049335 45.6303907949 45.8358077169 46.1832883303 46.0922689628
0 0 0 0 0 0 0 0 0 62.6119392033 62.6566886341 62.6566886341 48.091309235 0 0 0 0 0 0 0 0 0 45.8035121127 45.312239178 45.903133224 45.9973636046 45.6224160407 45.100335918 45.6167033715 45.6579001855 46.2425352901 45.6899272714 45.8392854497 45.1207499749 45.6263261275 45.4810278158 45.8876498294 45.4641801501 45.5599718002 45.6111835005 45.295202438 46.1361644753 45.0787946425 45.3859574235 46.0508783208 45.9019650536 45.1490921758 84.1520727167 84.1520727167 84.1520727167 83.0218367635 46.3170945505 45.2576150657 45.6059204143 45.9814162396 45.7221038016 45.9535773493
0 0 0 0 0 0 0 0 0 62.6119392033 62.6119392033 62.6119392033 0 0 0 0 0 0 0 0 0 0 45.248689738 45.7883395803 45.5963375535 45.811360287 46.3000647938 45.2538300702 45.3426654586 46.3482359125 45.6866599851 45.6594614165 45.6316846876 45.902369103 45.1579928435 46.0762774539 45.0487211569 45.3948753481 45.2420811342 45.1708476652 45.4755363598 46.3074335288 45.518503361 46.3662547104 45.1474723194 46.3806057997 46.1219813691 58.2188396128 84.1520727167 58.2188396128 46.0538471119 46.3690751108 45.6906573817 45.1773125047 46.1686784751 45.4995126404 45.907578958
0 0 0 0 0 0 0 0 0 0 0 0 0 0 0 0 0 0 0 0 0 45.5344230261 45.4341753917 45.211841818 45.9051686689 45.8202644305 46.2710937505 45.4273803031 46.3416193963 45.679113952 45.9181934555 46.2294243113 45.6127572719 46.3621917864 45.2265211075 45.2214764026 69.903751718 45.7973775035 45.7381150073 45.6802788851 45.6799090708 76.952915117 45.6103227899 77.3778123543 45.6590692022 46.1234552278 45.0112935341 46.2795637431 45.8916721686 86.7742413267 45.1316046096 45.3694605211 45.4542919304 46.2385641648 78.4576759761 61.5032313518 98.2596876842
0 0 0 0 0 0 0 0 0 0 0 0 0 0 0 0 0 0 0 0 45.9719406161 45.9422180506 45.1335758804 46.1552149741 46.1463836962 45.5755784374 45.7665936565 45.8374299025 45.6575926361 45.2099884893 45.2686907894 45.3113179544 45.4489853515 46.3404387005 46.2403012617 69.5424301578 69.5424301578 45.0397756635 45.5631596888 88.1765182466 79.0926365619 79.0926365619 77.3778123543 77.3778123543 69.9355638099 90.0965846112 79.9702851747 79.9702851747 53.4802634357 86.7742413267 86.7742413267 46.1766745618 65.6867144144 65.6867144144 46.1728413595 98.3734157065 69.3951375846
0 0 0 0 0 0 0 0 0 0 0 0 0 0 0 0 0 0 0 45.3919769272 45.7555095231 45.8810791796 45.3161412773 45.8915364634 46.1834096241 45.8421245795 45.3242707895 46.1616773478 45.4867349034 45.8200583515 46.0161542048 45.6114678908 45.7455694296 45.3184555698 72.0689494225 69.5424301578 69.5424301578 69.5424301578 88.1765182466 88.1765182466 79.0926365619 79.0926365619 77.3778123543 77.3778123543 69.9355638099 90.0965846112 79.9702851747 79.9702851747 53.4802634357 86.7742413267 86.7742413267 86.6560291317 65.6867144144 65.6867144144 56.4324786895 98.3734157065 98.3734157065
0 0 0 0 0 0 0 0 0 0 0 0 0 0 0 0 0 0 0 0 45.9723264378 45.4610644099 45.9992429084 46.275905591 45.5290673147 45.2795146244 45.3527608502 45.1684677581 46.1652387676 45.1455639344 45.4243985087 45.1948120194 45.0693528482 62.3994377577 62.3994377577 46.1944081447 45.2763559729 45.5960450053 45.5918705714 88.1765182466 72.3585617574 76.952915117 60.7979721474 77.3778123543 45.4903877289 46.0146925571 90.0965846112 79.9702851747 65.2933970051 86.7742413267 46.1901636126 45.1444184019 46.2345021449 66.9616040959 93.543852336 98.3734157065 98.2596876842
0 0 0 0 0 0 0 0 0 0 0 0 0 0 0 0 0 0 0 0 0 45.064546654 46.0690266939 46.221478653 45.3915602339 45.9720823123 46.2394508923 46.0827969822 46.1664247909 46.2234356062 45.2575231835 67.1575035282 61.332728849 62.3994377577 62.3994377577 45.5112331838 46.2580114217 45.7818601468 45.674561619 46.1713869758 45.1658226323 45.4062742521 46.220059062 45.2651773353 46.0168442395 45.2903608641 45.4767069572 46.1514620289 45.6418180994 45.5442025861 45.6617949959 45.3024010643 45.8411367313 45.2522091348 55.1058631667 55.1058631667 55.1058631667
0 0 0 0 0 0 0 0 0 0 0 0 0 0 0 0 0 0 0 0 0 0 0 46.1122977769 45.1807130472 45.9534052722 45.3041307819 45.6137662675 45.0243254424 60.0149975071 45.2813879532 67.1575035282 67.1575035282 61.332728849 46.2832773196 45.1736612374 45.7541418868 45.283378649 45.4594747765 45.8042722901 45.4333613516 46.083276682 45.3851988575 46.0965474942 46.3220327165 46.1703896383 45.6340336123 45.8688182255 45.9745584692 45.0549173919 45.0882505449 45.149919932 46.0023530159 45.090653432 45.8047092865 56.2474090728 45.2448438078
0 0 0 0 0 0 0 0 0 0 0 0 0 0 0 0 0 0 0 0 0 0 0 0 0 45.1623803556 46.0661175382 45.5626947091 45.9077318621 74.8991379103 82.1457120732 67.1575035282 67.1575035282 45.9774171219 45.171359113 45.4784789982 45.5620295407 45.5428611314 45.0229797788 45.9958186019 45.4186661811 45.4950057833 45.8925932229 45.8714678198 45.1605303619 46.2357971814 45.3959393887 45.2781401999 55.7529161811 55.7529161811 45.4440666976 45.4915075637 45.6140547421 46.0138043139 45.3727199202 79.5596856242 56.2474090728
0 0 0 0 0 0 0 0 0 0 0 0 0 0 0 0 0 0 0 0 0 0 0 0 0 0 45.8897065794 68.860191236 75.6717825018 74.8991379103 74.8991379103 68.7294325928 45.2797156738 46.2697698571 46.0232643646 46.2610561849 45.4975792727 45.7773785624 46.4006222391 45.2025447312 45.0670472322 45.984322548 45.5269675544 46.3591931386 45.489931665 46.2946764614 45.4721067591 45.3053761294 46.2753127941 45.8285202338 45.697139421 46.0400352204 45.336974058 45.220008602 79.5596856242 79.5596856242 79.5596856242
