Spatial_Output/BAU/BAU_0726.asc
NCOLS 155
NROWS 192
XLLCORNER 196769.923733
YLLCORNER 449719.875193
CELLSIZE 27.603701
NODATA_VALUE NaN
[rows 115 to 137 of 192, columns 53 to 105 of 155]
27.2294168158 23.1223678367 23.1635016132 23.3389633639 26.5086369341 67.5459724025 26.9233150892 43.2069956824 43.2069956824 43.2069956824 46.9011660786 46.9011660786 25.9729155206 25.6095676896 27.0614130971 23.349608142 25.5784469709 24.7930399513 24.8881132156 26.9747555962 23.6570650812 66.0875458005 23.0150625716 24.0759679265 73.2631841459 26.1168958787 23.1057329416 26.2398144456 48.2790795404 45.3336483492 56.9057366237 77.0759441741 56.9057366237 51.8379305501 67.4590145257 51.8173130487 66.0772560408 49.3340369418 44.8266878167 23.335259658 23.5284251957 24.528034161 26.37405429 26.6117524022 24.7888383024 25.5168557938 23.7559520907 24.4080285494 23.1700812521 23.9502847596 23.5404853192 27.1788740685 25.0066582469
27.0128386713 24.0537813769 24.773409607 24.6822023379 25.9577861002 26.4452179908 23.7137573405 43.2069956824 43.2069956824 43.2069956824 46.9011660786 23.2845183142 23.9822306067 25.0787952393 23.4423496768 24.7990577084 26.0564945832 24.8987432349 23.1392977956 25.525831718 23.6191167483 25.4560453666 25.330142296 72.1493491733 25.2884786497 25.0773473943 24.237826889 23.6255478284 26.8958909124 25.2476683971 77.0759441741 77.0759441741 77.0759441741 26.5705721711 23.8990684964 23.5362684497 23.3159004213 27.0157023722 23.7279326064 24.1511124107 26.2005453906 23.2358065649 26.0475999257 26.4348288241 25.1244949782 24.7294404401 26.6077232629 24.4501867342 23.4374202953 23.3066001699 23.1964204218 26.3319925912 24.7255105571
24.3969899286 26.3668477666 26.6408346161 25.5279614979 23.3855349505 26.5660072526 23.1866626122 26.8099094196 26.6592490929 26.3636106458 24.3137778825 26.5484516655 26.2355675697 24.4411339778 26.616765597 23.632803762 23.2768839774 25.5348186557 23.4870354996 24.2743271729 24.2263845735 26.9372444031 27.1811805597 66.6133596222 66.6133596222 66.6133596222 26.4134192031 23.9595596371 24.4612416832 27.0229457892 23.5258815763 56.9057366237 53.4986358592 25.2379327948 24.5594257975 23.776220438 24.9278402379 26.7161209963 27.0901192443 24.3179832824 23.1463109706 25.4389097976 24.3805159031 27.0063467653 24.8224223914 26.4288266017 26.1223777931 25.5284685204 26.154564338 23.9042516528 23.5157864619 24.5327217853 23.6787571947
27.1291054574 23.0644139872 23.5710088235 23.5863268473 23.5992467645 24.875663235 26.3222204924 25.8998661634 23.7667472452 24.7619552697 24.1526760645 25.3766863445 25.0619155214 25.5804814665 23.9874196909 27.0655214466 26.4726313182 26.0816373493 24.6663903977 26.8500765853 26.0723368099 26.2485890119 23.4199193394 66.6133596222 66.6133596222 42.7086372533 24.861744701 26.8425688051 27.0221185294 26.4569002624 60.2346416134 85.0581777844 27.0975035311 24.6737677922 24.6866905293 25.3878328597 25.4214118191 24.7004449359 25.0391288449 47.3739312052 46.1251322712 53.5725650061 76.2041945069 25.408903581 24.5626612791 23.0768925758 25.396585318 23.6435042689 26.4120867035 26.5597900661 26.9082233412 26.1149277423 25.7369916018
26.2815033224 26.3901707932 26.7035308822 23.3928818632 26.2164388579 23.033490869 25.2209299289 25.4604517371 24.1214459588 23.2235730979 26.4782291291 23.5501273947 24.3604051165 26.8572497618 25.3935544424 25.9067013058 23.0495983909 24.5981469153 24.9039257529 26.9822446334 24.3872842898 23.5866024966 26.9176059205 75.3871120233 42.7086372533 26.687956716 27.2107595709 25.5376330352 71.7084509679 74.2181262569 52.1939444203 52.1939444203 52.593508212 52.593508212 25.309587068 63.8497951846 23.4812508955 23.8162026677 24.0489534947 24.6235652612 47.7282650792 47.7282650792 25.3463087705 26.5537775971 26.5434621236 25.8158953587 26.1334010013 23.8323485691 25.5689535218 25.2695368588 26.9526992646 27.1255845254 27.0925086906
24.7247683541 23.4753958069 23.4866393095 23.8323443155 26.3005644586 23.4415444344 24.8986164383 24.6268210281 23.9033941897 25.903127869 25.0151110135 24.0160323559 24.4146333739 25.0276499553 23.2511861284 24.7311990251 25.4015580633 24.1264785099 25.2332223003 24.0699333738 26.9077599418 23.3736162453 27.1614066876 23.5056343027 23.8564144348 26.5972983078 49.4345000265 65.0979722551 65.0979722551 60.2346416134 52.1939444203 52.1939444203 52.593508212 54.4692349382 25.2673358732 52.5639823435 52.5639823435 53.4309195111 23.4879742967 47.7282650792 47.7282650792 47.7282650792 42.9434364911 26.3597888835 25.4477882078 42.2133011616 24.1732028813 25.5494501034 23.9230692395 23.1691976579 24.1266777105 23.4750884198 24.4520632078
25.7735108378 23.3343662682 26.5280226924 23.9537161159 23.4275274707 23.458755322 25.1344365146 23.5861968222 26.5075186292 24.4745263915 26.7570869379 26.1546529804 23.9044355222 24.6843794651 24.9209493118 24.447147619 23.1892753106 25.1635365408 26.174537095 26.2212629896 23.8604851435 26.5775746627 25.8836580061 24.4977779485 44.6995551841 44.6995551841 49.4345000265 65.0979722551 65.0979722551 74.2181262569 68.992913679 68.992913679 52.593508212 24.1962921874 50.1795339841 52.5639823435 53.4309195111 53.4309195111 79.4647680753 79.4647680753 64.1008849586 64.1008849586 64.1008849586 49.2475339791 49.2475339791 42.2133011616 80.2581504035 58.8511114425 23.9667913805 24.3370698949 24.4425193605 67.578642987 67.578642987
24.6599913574 24.5339865888 26.4945387025 24.5534131455 24.1174961422 26.1088802184 23.038148768 25.9462105269 23.4392365234 25.1069067563 27.1452955917 25.0717991857 23.1140549315 25.075941277 23.333914695 26.6093323828 26.7352783925 23.6304143179 25.6967281578 23.3581902896 23.1175067665 23.8877325204 23.3895672828 44.6995551841 44.6995551841 44.6995551841 49.4345000265 24.8262651068 24.219995527 25.5659644141 25.448980423 25.351383787 25.1643901052 23.7966426661 25.7311591558 52.161680403 53.4309195111 53.4309195111 79.4647680753 79.4647680753 25.2621452512 25.6624665362 24.021329484 49.2475339791 49.2475339791 49.2475339791 58.8511114425 58.8511114425 58.8511114425 67.3448761233 67.578642987 67.578642987 67.578642987
24.3106801239 26.550366672 26.1113083469 23.9355117336 24.6978309015 25.4062385485 24.1207207661 25.0857211408 24.1301058964 26.6450164195 23.3921992638 26.2030489713 25.7875224443 25.8638446543 23.3844869501 24.2491113751 26.3732284768 25.5761211751 25.9825030603 25.7385480294 25.6354774266 26.1823198193 26.9266334068 26.6757320815 26.6513382603 61.2700233497 23.8006672385 24.4529640341 27.1821198275 26.212301357 24.7097927898 27.0674768517 25.6645178866 26.5403032031 26.2113634755 24.7767577772 23.1941332757 23.280862473 23.5297199891 25.7918766362 24.0618025204 25.6830570345 25.2133802459 24.5132275898 68.985686673 42.2133011616 80.2581504035 58.8511114425 57.9028741978 60.6142049403 67.3448761233 67.578642987 67.578642987
25.4773719847 26.8036294549 24.580375183 25.5002961288 25.4221639483 60.4639218719 23.4673427723 25.8393595403 23.1707006236 24.8985893274 26.81982428 26.0122300847 23.3583265702 23.0464190432 24.844323284 26.0291161304 27.0023850998 24.1853527065 26.4067462366 24.8630975143 23.8568513559 23.6575761267 25.3284062432 23.9951887124 26.3419139692 46.6159892335 46.6159892335 25.214391778 24.5630548198 25.592905865 23.7488841232 24.5048769142 24.6252526464 24.6211406918 26.4271067773 26.4845559042 24.8256899698 25.7594281568 26.1451627096 27.2183160421 24.1590684276 27.2380409476 23.7039949506 26.8506761465 23.4290823927 26.3090919369 26.2520604761 25.8972713015 25.1546862357 27.0928350488 23.8757378568 26.1045712544 25.2350899843
26.8106352038 24.7206265647 23.4384438343 26.3546094818 24.6712743016 60.4639218719 26.4616568398 26.2398156934 26.7076249224 27.2175605704 24.602283593 23.2464899897 26.7883967896 24.6053360961 25.241096521 23.7723743342 23.9365079955 24.9388815248 23.6816283316 26.1371059212 25.5879926448 24.4689721461 25.8120168154 24.6278581663 24.3610732245 46.6159892335 25.3311860212 25.8628536138 23.5930470054 26.8351291259 25.1853983782 25.6554441143 23.1152954594 26.4681721933 23.0581736811 25.0194045345 23.1640694362 25.9060457597 23.5855707421 23.8017035968 26.8328041469 52.7730465348 25.2509602834 24.8138392197 26.6312158299 25.4295198244 26.5153613451 24.6290374337 26.1446416195 26.9522298265 24.7201679968 26.5696749354 26.5497519687
24.0455155294 24.8614795819 23.2969956342 25.0056258568 24.863074437 25.1910285054 23.3785612959 25.7612040343 23.3928257185 23.1051768749 26.442200186 24.5042888968 23.0272519438 23.5579405654 24.3513524307 23.7776294534 26.0356256066 23.4848893891 25.9416662192 25.6276095342 24.4937663371 23.7192446396 24.2974035648 25.5480424106 26.3220798366 23.0233039495 23.6991277959 55.89382562 57.6519624218 24.367854027 26.6251368096 25.8433142489 23.0005153154 26.5334667099 27.180372464 24.4895677657 23.9166087634 25.9065464276 23.887168387 23.7913195344 52.7730465348 52.7730465348 52.7730465348 23.5921015314 27.0113564876 23.9849887638 25.0461450754 24.4880646638 26.9451816799 25.2838718491 25.5235075967 26.1440507581 26.7320672577
24.2092179838 23.9826815995 24.274576457 23.7756511799 26.1095940982 23.5241529523 24.5713129413 23.8005106794 25.0060006082 23.2055893541 24.3613517573 24.9159428283 25.4527177285 23.2647429221 24.2173576561 24.8754305919 25.8184544013 24.3515537665 24.5448323416 23.7399040803 23.8907194569 24.8990202834 23.2833678092 25.8875040696 27.1002128551 26.4402048317 57.6519624218 49.1665271591 49.1665271591 49.1665271591 25.6403392871 26.7247296265 26.7302737487 25.5580190917 27.1821689028 25.8051091872 24.8921947673 23.7900122537 24.6872557097 26.1759296613 24.9631216204 52.7730465348 25.9788657905 24.8250471303 25.5843126642 24.4524527162 26.8216445198 26.5641048579 26.8002377757 25.2080293746 25.4019922616 25.3915226972 25.4441179761
24.6599739416 23.4163166823 26.7502983315 23.3889218819 23.7577909146 25.1258033675 24.7822508481 24.3600354927 23.3563448438 26.2993163038 26.3458102659 23.9356709407 25.7606806677 24.8637541522 23.1716348514 23.4877109902 24.3173551749 26.423284358 26.8952846242 25.1872630269 24.6156940607 24.8686057413 23.9419837882 24.6946450777 25.6398930527 23.8695860394 55.89382562 74.3393674891 74.3393674891 74.3393674891 25.7271777102 26.7804763715 24.1133568633 25.8160971213 23.656550037 26.0838369035 26.0850455589 24.6493193998 24.0249560902 25.9150255206 25.357069686 23.2354525496 72.5373203907 26.4237948453 24.2056645436 25.336555659 23.2365142371 24.9842690506 25.6928806047 23.0731059213 25.7850810726 23.9549881573 23.6609970798
26.6665972104 26.0372965093 26.2628804802 25.4152864797 38.6257445503 23.9348188135 24.7502667791 26.7998256046 27.1389528529 24.2683550461 24.3990652156 25.8971396001 24.7216137458 25.4534668355 23.766224971 24.5407970823 23.1725248467 24.4790227651 25.2396044604 23.9943702794 23.8517789763 26.9772335377 23.2830839219 23.086576072 24.6887486258 23.4221110846 24.4232683192 74.3393674891 74.3393674891 41.7996086368 25.0296961158 25.4983784872 25.1883346923 26.8840471381 24.7129017983 23.7541447517 24.7529964874 27.2421935176 24.154755555 27.1069277754 23.7410145265 38.2122608947 38.2122608947 26.6410561209 27.1397868556 24.7939647432 23.8349358893 26.4535105223 23.1541815698 26.3820444696 23.6682852943 23.5104627794 25.3873329387
25.9710833283 23.9527401896 38.6257445503 38.6257445503 23.7547307481 25.9094789181 26.4936732769 23.7698660849 27.1629968921 23.3286859589 23.7562134926 25.561113212 23.8253798484 23.3470327766 24.1498688448 24.4263900484 24.2573913228 26.0691455068 26.5628238852 25.4253190251 25.6690228879 24.0355192958 26.644267156 25.8341926926 23.1952928882 24.3007926971 25.4328314808 41.7996086368 66.4312249096 53.4115929015 23.7498376275 24.4356234292 26.6092680661 26.6797642378 27.0535662849 25.5453556953 24.8532911796 23.4172174093 23.5518349376 23.6447767604 38.2122608947 38.2122608947 38.2122608947 24.4665776595 25.1307461874 24.715986808 25.8904043977 26.8240697273 23.8219341826 25.1445647101 23.644686528 24.07945305 24.994296094
27.1656239218 24.0746127213 24.0929533422 26.6603651341 25.5345695683 26.73237865 24.3823502583 26.8566894275 24.1912855201 25.1211674988 26.224462485 26.3307243746 26.2624546971 26.1758881197 25.0780356974 26.7925175412 27.0071611597 23.8003553105 25.8551521011 26.784199998 25.1495619134 23.5521861952 23.5351406063 24.8494743332 25.9494272892 26.3391232461 24.685957497 63.8719471617 53.4115929015 63.8719471617 26.9076711328 25.9113470624 23.7690518358 24.27521018 23.5633407825 26.620394015 24.2652422458 26.047319984 23.8592528 24.4365887709 63.0924447277 25.6591036309 65.0437976621 23.0692990729 24.6923863318 26.944742892 25.3754337829 24.7870239959 24.1832723652 24.6563097434 26.4811102485 43.0342919392 52.1739153752
26.3518020917 25.7884394824 24.7410422595 27.2099248501 26.8598418295 26.0065102851 23.0072765852 26.4078768627 23.7228395878 24.830969337 24.9145303952 25.8345654909 23.6375467428 25.6548669743 23.7154567768 26.7511275629 24.6888085759 23.3767536178 24.308799691 25.9835927034 26.4777261031 25.8829967528 25.6543869714 23.0281541372 25.2267658972 26.471582758 24.3154296671 64.8125703088 64.8125703088 64.8125703088 56.4578674131 26.0863398498 23.0358074341 26.8885060435 25.5205354811 24.2445148554 25.7346909323 26.2085452205 25.6591227347 24.7261923784 25.4698518253 65.0437976621 65.0437976621 65.0437976621 23.5150245714 25.7588692972 23.5746313944 62.6116847797 61.1597139496 65.8904544122 65.8904544122 43.0342919392 52.1739153752
24.4790110079 25.8073758465 23.0464378447 25.0493794428 26.4504212476 26.8723530617 23.5930512772 27.1338380768 23.2805961358 26.5455259923 27.1617859752 24.8488614966 25.7519567768 26.2904480781 25.6191546356 23.5559800919 24.6356711922 24.0213604389 26.3918996963 26.8938267154 25.0282781922 23.7206083338 25.9506100178 23.0455411871 24.0371390145 54.1256263405 60.7202516491 59.5551063998 52.4616853984 63.3583476212 49.3877857962 54.3291134661 53.8958747215 53.8958747215 23.4912046271 27.1410953197 24.4192785586 27.1175381567 26.999360319 27.0134520086 26.5373219 62.388447398 27.0797637422 53.6547121887 23.6617202451 47.5131273612 25.820492309 62.6116847797 50.6217894093 65.8904544122 65.8904544122 25.1765609972 52.1739153752
26.4618916758 26.3551875221 25.3225867582 26.2168706152 24.0506273234 24.2531207018 23.953156496 26.2606214734 24.9749265793 23.0459933416 26.7037500906 26.1192798942 23.4002945871 24.3624846399 26.1143194027 25.8531832371 25.9127345619 25.4482985254 24.771356918 48.7270824498 72.6297883403 46.9199563215 60.3812671106 42.1694950613 55.3451403847 61.2184347506 48.6549769544 48.6549769544 52.4616853984 46.8944627882 54.3291134661 54.3291134661 45.2140433606 45.2140433606 45.2140433606 34.4046892771 23.6756333492 65.933699472 65.933699472 45.0070282483 48.6986430803 27.2394972895 49.0178879942 53.6547121887 47.5131273612 47.5131273612 47.5131273612 62.6116847797 62.6116847797 25.8671381556 65.8904544122 23.5167157096 25.2655589062
24.7490629381 24.5652921579 26.2968492582 24.2255699406 26.580906063 24.2599404187 24.2224209489 25.7720847666 24.3936896545 25.094753243 47.7218132064 26.4385020481 42.6729078575 52.8821403595 26.3349555387 65.0437220673 65.0437220673 54.4193894938 54.4193894938 48.7270824498 72.6297883403 46.9199563215 46.9199563215 42.1694950613 55.3451403847 55.3451403847 48.6549769544 48.6549769544 46.8944627882 46.8944627882 49.3877857962 54.3291134661 45.2140433606 45.2140433606 48.3142474639 34.4046892771 34.4046892771 65.933699472 65.933699472 45.0070282483 48.6986430803 48.6986430803 48.6986430803 53.6547121887 53.6547121887 47.5131273612 26.6018368084 24.2371053746 50.6217894093 27.1544278759 25.2252285657 24.3960641653 24.1208139276
26.5683028677 25.7858629879 23.162723147 26.3811423815 26.8799725425 26.393473781 23.4451788783 24.4302608607 24.0908654511 61.1330021674 47.7218132064 47.7218132064 47.7218132064 42.6729078575 65.0437220673 65.0437220673 65.0437220673 54.4193894938 54.4193894938 48.7270824498 72.6297883403 46.9199563215 45.1819168846 42.1694950613 55.3451403847 54.1256263405 61.2184347506 26.8314330578 25.6180086442 46.8944627882 48.8585096132 26.5978400184 25.8801802745 45.2140433606 48.3142474639 34.4046892771 24.0914270906 65.933699472 63.1161394425 23.1039520727 26.1683891021 48.6986430803 24.1760516563 25.6994023537 53.6547121887 25.4300892886 26.8691985295 26.1527579551 25.4053589729 26.0067291495 25.4087918644 27.0389774945 23.5907564127
24.1730752686 25.5559435309 25.1174087142 24.4291701159 24.9932529062 24.0175072393 23.249422707 24.2833242323 27.0353613196 61.1330021674 47.7218132064 47.7218132064 42.6729078575 52.8821403595 25.7022150313 65.0437220673 55.52817256 23.6220912519 62.3881806349 26.4476153287 26.643194706 25.2054081682 26.6656829962 25.7227034257 26.3138045913 23.9627879099 24.6568124426 24.409535068 39.4892008673 34.2986862117 24.0835212926 23.3255193809 25.0403350433 25.2787179464 23.0799635037 23.6923275105 26.4365426289 25.1091502093 25.0480060806 24.0160833847 26.5424410517 25.8226915676 24.3247127107 26.2819385054 24.5474872833 26.4483570083 23.8897551072 26.2578880334 26.356310781 25.3802986215 23.4368776533 26.8369168852 23.3936611994
