Spatial_Output/BAU/BAU_1408.asc
NCOLS 155
NROWS 192
XLLCORNER 196307.867259
YLLCORNER 449144.565805
CELLSIZE 33.573938
NODATA_VALUE NaN
[rows 50 to 74 of 192, columns 0 to 55 of 155]
32.7861352899 32.7245709555 32.8624349655 32.8443975958 32.6098365236 32.7187164489 32.9384411129 33.0573292065 32.6858930765 32.8551853799 32.9646388021 33.1428096325 33.2021931642 32.9130751098 32.8145234389 32.712241217 32.7303672296 32.6140873096 32.5531598914 32.8375301469 32.9786651878 33.0348795211 33.1861392594 32.6761406076 55.6434658806 49.7249790602 72.4856559284 33.0073678984 33.1441569614 32.9514395159 33.1007675261 32.5600778453 33.055406548 32.698021673 57.407088304 57.407088304 33.0991604756 44.1586638323 78.0961738465 44.1586638323 32.7660389215 32.9685689043 32.633421764 33.147120117 32.6223557082 32.9161666099 32.9628210509 32.5349384085 33.0332753891 32.9531932383 32.6961221487 32.9113679942 33.0766292046 33.1485410898 33.0631210394 32.6639368036
32.6795405211 32.8901249192 32.7096141972 33.0549592174 32.7343335351 32.8962825856 32.559655269 32.8155019794 32.8958840277 33.1609116481 33.010896433 33.1309840955 32.6643880797 32.9276577494 32.8712941699 32.9101911604 32.8954027027 32.7546675148 32.9613142477 32.9050682251 32.963468217 33.1939522543 32.519197965 48.3220851465 55.6434658806 49.7249790602 49.7249790602 32.9194256754 33.1493296072 33.0581518346 32.8771569594 32.9330714073 66.5215055745 32.8166960891 71.8438885491 32.9527851875 33.1946316351 78.0961738465 78.0961738465 61.4900289928 32.5704195135 32.8129191278 33.0519557156 33.0530514217 32.6006357152 32.7588055448 50.7742519446 75.430972301 33.0605251064 53.3770938754 32.6716574287 32.6501286341 33.1209232464 33.1648088031 32.6707735623 33.1435054616
33.0003053889 32.7055872929 32.6551629351 32.869394306 32.6700819394 33.0323351361 32.9540754697 32.6382183914 32.7101142288 33.0071154328 33.1401224129 32.5766746017 32.7434725695 32.7508659523 32.5765133534 32.6696640047 33.1586917639 32.8200049026 32.7616745917 32.7227776122 32.8898409755 32.920793555 59.8267159668 48.3220851465 48.3220851465 49.7249790602 49.7249790602 72.4856559284 66.8704113939 32.8504049546 32.5750821883 33.1657119117 32.7685124968 32.5922407448 67.1476481498 67.1476481498 45.0124488172 78.0961738465 78.0961738465 78.0961738465 33.1398352557 33.1008199736 32.729736515 33.1880524609 32.8246952689 46.7662354238 46.7662354238 75.430972301 75.430972301 53.503465816 66.3966734159 61.957727526 32.9471399783 32.9277802843 60.3171777406 32.7603473913
32.7531646763 32.8815086011 32.5313837336 33.137218282 32.5429611412 33.1843659567 33.0540788946 32.8217405193 32.6166222405 32.8913321959 33.2016281397 33.1401780652 33.0787389686 33.1049039814 33.0037585102 33.1465766903 32.81174988 33.101459365 32.8234284706 32.5312920739 32.5128175433 32.5863333552 32.5654477834 48.3220851465 59.8267159668 32.5752091455 32.6970767771 66.8704113939 32.5001127281 32.749302949 33.1661951555 32.597334789 60.1163338024 32.7021876156 67.1476481498 67.1476481498 56.6398316475 45.0124488172 45.0124488172 74.0911690719 32.8168779345 33.0929337274 32.647003936 32.5823123549 32.9050773913 46.7662354238 46.7662354238 75.430972301 75.430972301 53.503465816 66.3966734159 61.957727526 68.7284959536 68.7284959536 68.7284959536 32.9270177575
32.7695301341 32.573287147 33.0488009069 32.7125396115 32.9457193228 32.8555953045 32.6380953421 32.8431795001 32.9097551087 33.0567197403 32.848280407 32.9140161607 32.841226856 33.0515781976 32.8210554188 33.1310407812 33.2023871344 32.7273748777 32.7838738958 32.6404638667 32.9471258558 32.5643676883 67.6068379494 67.6068379494 67.6068379494 33.0408793453 33.138505618 33.1247019364 33.1713506023 32.8209218818 32.9576655893 44.0862322401 32.5621061655 32.974299735 67.1476481498 33.1977809829 70.9444334505 45.0124488172 74.0911690719 73.9795635334 33.0516017232 32.9172111793 32.9851908958 33.1890902449 32.6718034045 32.9337242689 46.7662354238 32.6967343801 33.14818382 33.0290755264 66.3966734159 61.957727526 32.6332347793 68.7284959536 32.7528740541 33.037308601
0 32.73533077 33.0246789116 32.5083868492 32.8993160267 33.1773194401 32.5973875341 32.856545067 33.0980774086 32.7556197808 33.038688784 32.8662444858 32.6941591289 32.5505055248 32.736348668 32.804589082 32.7410252788 32.7035798567 32.8196931026 33.0633618324 32.694780283 32.7955445529 33.1732269272 67.6068379494 67.6068379494 32.5019276665 33.1399791926 32.7487333459 32.6198232148 32.8168369484 33.1437674681 32.5897851985 44.1769381729 33.052116266 32.9876214725 32.907683258 33.1141360224 33.083267571 32.5424657775 75.5958383821 32.5883015533 49.417291931 32.921780149 32.6835498388 32.8429346471 32.5550093965 32.5035472217 33.092181127 32.7316501655 33.1508061306 33.0997537196 32.6530714185 32.7442710237 68.7284959536 78.9956013498 32.8523032952
0 0 33.0526049383 32.9986294474 32.6203956806 32.6689304311 32.6853083423 32.5047773557 32.6251814195 32.9869586472 32.8338356438 32.6664385856 32.7199682148 32.5939034567 32.8887780728 32.6740014604 32.5015267699 32.9361797438 32.7514774457 32.6805329609 32.594967336 32.6181096458 32.6067263597 44.8361325085 44.8361325085 44.8361325085 32.9735466776 32.7685402682 32.6920171018 32.7577986282 32.9749640468 32.9511338841 70.6587161346 33.0077037565 32.9229435398 32.8343052442 32.8814054824 32.5287132868 32.8103404754 49.417291931 49.417291931 49.417291931 32.9518609939 33.0221772202 33.0492216392 32.7736513787 32.525377371 32.5082820444 33.1988353323 33.0188487068 32.8121135993 32.9077975928 32.8878199844 32.7620174165 32.9360770831 33.1966578619
0 0 0 32.7440286993 32.8668375217 33.0731916593 32.7088575371 32.6130560169 33.1159478444 32.6103915397 32.9385812089 33.0011778639 32.5745542096 33.1226264504 33.0555581374 33.1128976295 32.9340143891 32.6177654451 32.5536608438 32.5868975143 32.8021131157 33.0075779301 32.5251966007 44.8361325085 44.8361325085 66.4250316701 32.8821336702 32.6032618564 32.8573572185 32.7642586834 32.6912157519 32.7141381051 32.8404258017 52.3603151092 33.0236675183 32.500623529 33.0645811141 33.0832719634 32.7580259815 33.0650752528 49.417291931 53.9552942306 32.5246347487 32.7882936336 32.9738236398 33.1056406838 32.8403097513 32.8097669741 32.894286368 32.5601069553 32.5199754149 32.5930125436 32.5835553962 32.575033582 32.7018333169 32.9536630815
0 0 0 0 32.8529446365 32.5100827009 32.8658784498 33.1161543843 32.5901984752 32.9964322495 32.6833054193 33.1401957906 32.8738281291 32.8305379875 33.2057185366 32.8706283298 32.6384331081 32.6884433182 32.7079497099 32.7805461784 32.7977184468 32.6600017583 32.5100024827 32.8771450926 66.4250316701 33.1540606691 32.6778206235 32.96811253 32.8282549689 33.1062614983 32.9842202148 70.6587161346 52.3603151092 52.3603151092 32.780993945 32.9671096812 33.048344928 32.7200031537 65.8152859342 32.9465591859 32.66926974 32.5021115472 32.6769814707 32.9976341826 32.8806641575 32.7180228599 32.8068574344 33.1483424214 32.7810104173 32.6910290785 32.8530080131 32.9083785951 33.2006733604 32.5506648185 32.8726221715 32.5897631409
0 0 0 0 32.6428290485 32.5840195016 32.766739778 33.1383353147 32.7799646768 32.7018957575 33.1393909299 32.9773931263 32.8164854828 32.5006829212 32.5404288518 32.5772387032 33.2053895133 32.9094727778 33.1029568829 32.5272924244 32.7846594619 32.6761838265 32.810855361 32.7482645299 32.6508074186 32.7305336739 32.6457785228 32.9268955648 32.5100573582 32.8611080839 53.3255892898 32.6980353581 68.4647877126 55.3392101664 56.1109474133 92.3860959126 64.7027942935 65.8152859342 65.8152859342 32.6531274243 82.8226816188 82.8226816188 33.0372467296 33.0005135626 32.889469017 33.1108989579 32.671594327 32.5180558224 32.5570379115 33.1269693548 32.8465625229 32.7810542396 32.6460592846 33.0015020997 32.6366492918 32.5310086853
0 0 0 0 0 32.605042512 32.6578726013 32.9575244798 33.1530476563 32.7894564909 32.65365409 32.8171214284 32.7661337269 32.9468123379 32.8425615508 32.5146699146 32.7662945392 32.9129303746 32.9773281279 32.9386158375 33.1175913511 32.8036882298 32.6484500949 32.7610020992 33.1061775731 33.044757181 33.1410123813 32.5094633768 56.7678109222 53.528889328 53.528889328 33.1427539113 68.4647877126 40.7585812665 40.7585812665 40.7585812665 33.0933043352 64.7027942935 65.8152859342 65.8152859342 82.8226816188 82.8226816188 32.9634783048 32.6843405364 32.7168500988 32.5701980898 32.6058830297 32.8011268478 32.7892449278 32.9125460689 32.8878195833 32.7690077948 33.0747373832 32.6869608276 32.6920404285 32.6379368415
0 0 0 0 0 32.8815587687 32.5409843459 32.6036057897 33.0873739547 33.1311342036 32.770667427 32.8687155574 32.6889772879 33.1501834909 32.761191887 32.7120599345 32.6787138106 33.1479597233 32.9563869765 32.9718574435 33.0605618365 32.9948785566 33.1847344117 32.7566186224 33.0138707198 32.7817574834 32.5083320997 32.8088817884 56.7678109222 53.528889328 53.528889328 33.0193310633 68.4647877126 55.3392101664 40.7585812665 92.3860959126 33.067074037 64.7027942935 32.9846037724 32.6596693969 58.6211747087 58.6211747087 40.8191181277 33.0440396088 33.0710314327 32.6837404762 32.9862012232 33.1499782193 32.5384638854 32.9138361347 32.7958948102 32.6681256366 32.7236616704 32.8498170533 33.1062892729 32.7507123109
0 0 0 0 0 32.6425872157 32.8082800502 32.5139181076 32.6791452652 33.0939479212 32.6849085042 33.2016742145 32.952605673 32.9708254238 32.6053671512 33.1158505114 32.7500145255 32.6393251891 32.604986731 33.174976331 33.20072889 33.039391554 32.6659879322 32.6872624214 32.7520012535 32.5550862616 62.2648739968 62.2648739968 62.2648739968 32.5553916355 53.3255892898 33.1956594644 58.0672154663 58.0672154663 64.7036259857 32.6969888289 33.1649929936 32.7248663598 33.1403939441 32.7450786585 58.705830832 32.8876501144 32.5360958988 33.1787650427 32.8956681846 33.037620181 32.6516934225 32.8835739414 32.7819608971 32.8747201487 33.1255497121 32.6612100882 32.8242267486 32.7667427666 32.6805678945 32.6829684603
0 0 0 0 0 0 32.9491290691 32.8474101657 33.168997216 32.9368261121 32.6249443935 33.0390787869 32.76035543 32.9787602587 32.5329360066 32.804321216 33.0683869726 33.0492791458 32.6115890962 33.1774595368 32.5073395412 33.0914334492 33.1793588409 33.1439570062 32.6085215291 33.1499614642 62.2648739968 62.2648739968 83.3274689476 32.5323874752 32.8617370166 32.8670130679 32.5360270176 32.8793383737 32.6476775009 33.0340831281 32.5360659248 33.0959108626 33.1109776705 33.0071956225 58.705830832 58.705830832 32.5843730144 32.6920733297 32.7153106091 33.1916482255 32.826726234 32.7715068051 33.1769424669 33.172716737 33.0805000586 32.795914739 33.1267292124 32.8970797055 32.7707377 32.6485047073
0 50.6543402332 61.609138521 63.162841419 90.4520669693 90.1341036086 90.1341036086 33.0231165477 32.6789989756 32.997349537 32.8665761027 32.9357870324 33.1759034554 32.7774318956 32.6032770264 33.0370554894 32.540730203 33.0980648842 33.007889544 32.5540814636 32.8309265651 32.7890880347 33.0798943761 33.1529879755 32.6903693475 32.6064865418 83.2603586876 67.425443387 33.0171300742 32.7602143583 33.0277102073 33.0542942082 32.5696453051 33.1827405617 33.1453925582 52.4440850767 32.548069302 32.5135803883 32.899243117 32.8213535745 32.7961814804 40.7892390135 62.6660272262 32.5564420357 33.02935739 32.6842656698 32.7227079826 33.1853219823 32.7728775876 33.0524835206 32.5772565918 33.0417640206 33.028557614 33.086652524 33.2068076596 51.1943208646
0 61.609138521 63.162841419 63.162841419 90.1341036086 39.6021893422 39.6021893422 39.6021893422 32.9436916885 32.9357704427 32.5994437893 32.7249471657 33.1068472157 32.8408506809 32.5892775962 32.8648732051 32.9631013443 32.9875046844 33.1629122265 33.1108169391 32.9302494931 32.8738213166 32.5384226661 32.8499699915 32.9973689777 33.1923752738 48.2041241796 67.425443387 67.425443387 32.9635835605 33.1373023218 32.7789605459 33.1548634259 33.1500669412 32.6238047907 32.7611988038 32.513672052 32.9186029861 33.1989848535 32.5131236368 40.7892390135 32.7077023433 32.7624985999 33.1197853734 33.1041190977 32.5879413277 32.88632772 32.9656628599 32.9175618864 32.9728399621 32.9618189341 33.1997344259 32.8553169375 33.2020380777 32.8738745829 51.1943208646
0 60.2311324439 61.609138521 63.162841419 90.4520669693 90.1341036086 37.2237118138 73.0243302465 50.3208128222 66.4479397036 32.7072479131 32.5860223398 32.9471921103 32.9786190985 32.5773218068 32.956344325 33.032881935 33.0781409975 33.0447309691 32.668569862 32.8106629147 32.8871379253 32.8075007954 33.1891490663 32.9851985501 33.1012976665 67.425443387 67.425443387 67.425443387 47.9412587182 59.1863001431 32.9020813155 72.1602422663 54.2043273483 54.2043273483 65.7478444158 72.1010463619 69.8983607823 32.9602180591 44.1584456732 40.8911967376 40.8911967376 32.7186664962 32.886665662 32.7776355908 32.966417558 32.9911040513 33.0447882587 32.6618118465 33.0110862921 32.7578312459 32.9702367676 32.9185440073 32.7957872991 32.7513258317 51.1943208646
0 44.6366547488 36.9367990362 44.340384395 57.7951937338 58.0394075036 37.1446919533 37.1446919533 44.4517346221 36.9457198494 36.9457198494 33.0158459118 32.768118284 32.8506504756 32.5422968126 32.9573611166 32.7004268686 32.8541940168 32.5400105456 32.807056747 32.7439369929 32.8145054714 33.1925111618 32.8063125799 32.7978277289 32.7860621184 48.1407822307 48.1407822307 55.6541758922 33.19418409 47.9412587182 72.1602422663 72.1602422663 54.2043273483 54.2043273483 72.1010463619 72.1010463619 72.1010463619 69.8983607823 40.8911967376 40.8911967376 40.8911967376 40.8911967376 33.0923175946 33.0603274494 33.0395536753 32.6945753612 32.9202517346 32.7943449609 32.8575070734 32.8481715368 32.8289865055 32.6297976478 32.518485652 33.0976108876 32.7377448445
44.6366547488 36.9367990362 36.9367990362 36.9367990362 44.5396099231 44.5271517968 37.1446919533 37.1446919533 44.4517346221 32.9733712726 33.1288593821 32.5089380041 32.5570523215 32.7396111138 33.1949159406 33.0271785426 32.8019501011 32.6318765047 32.6337734911 32.5970839087 32.5011921822 33.0310055874 32.988591581 33.009792314 32.6706261567 32.6863035737 48.1407822307 59.9804630477 59.9804630477 47.9412587182 32.5838211921 52.9171908369 32.7993285396 72.1602422663 54.2043273483 32.6786433818 72.1010463619 69.8983607823 44.1584456732 44.1584456732 44.1885133473 61.055627767 32.6622109866 33.1519603255 32.8892422349 32.6741047267 32.8715096209 32.5580733277 33.15140585 33.0085559575 33.0948637735 32.549750807 33.0102442168 32.8664667308 32.6545977345 32.5118973688
0 44.6366547488 36.9367990362 44.340384395 50.1122392243 57.7951937338 44.5271517968 37.1446919533 44.4517346221 32.6628575031 32.7109034669 32.5382990379 32.6517731717 32.7109970463 32.9632396676 33.059593385 32.627267364 33.0372250558 32.64489884 32.9877080238 32.7011997762 33.1502759652 32.9439638502 32.836348404 32.96882727 33.0531479255 61.0041141124 59.9804630477 59.9804630477 46.0667826096 32.6020988725 32.5781385556 33.1494050391 32.9363085311 33.0319025531 70.4402813065 33.0114727073 32.7384395021 33.0231422364 33.1089660464 32.7903986981 61.055627767 32.7430637571 32.8462676199 33.1779172581 33.1935817359 32.5668892657 32.9405795728 32.6391769335 32.6261493376 32.6865129981 33.115005869 32.6086936997 33.1971963447 32.965083454 32.5253890169
0 0 0 0 0 0 0 0 0 32.50875502 32.897544177 33.184858027 32.8585653672 32.5310621805 32.7966854633 32.5397029624 32.8708877919 32.6969325204 32.7409174814 33.0499928737 32.7112895095 32.5344526852 32.6240359846 32.7670102564 33.1704063641 32.6968728222 32.6020095089 50.768996691 59.9804630477 46.0667826096 33.1353580922 32.9872682081 32.8647055617 33.1735128664 32.6470080841 69.1560620477 32.7246084784 32.7834957074 33.1538551286 33.1070379915 60.9723108499 32.542578096 33.1978857082 32.856965181 33.0648974275 32.6451694454 32.8208803807 32.9563331895 33.1351242211 33.0297066595 32.7360975535 33.1669456634 32.8152626292 32.7396499058 32.8137657579 32.7703519708
0 0 0 0 0 0 0 0 0 32.9371319511 32.8782233369 33.0050309733 33.1537606444 32.7193989004 32.6988478011 32.8486861323 32.9738230162 32.6114812521 33.0155736944 32.7452615915 32.7294305483 32.9695060416 32.9906835162 32.5822530898 32.733239133 32.5746633615 32.6342712506 51.0523793519 46.0667826096 59.8812215864 59.8812215864 53.489195675 32.9110404414 33.1958328192 69.1560620477 32.8641367937 69.1560620477 33.0902188374 32.5563600935 32.8986422969 32.934844706 32.6605995846 32.7042639628 32.9912221193 32.988324388 33.140702319 32.8319657598 33.1750138938 32.9212927181 32.5824522234 33.1727904599 33.2040299116 33.0798832606 32.567026494 32.5588117896 32.6582545492
0 0 0 0 0 0 0 0 0 33.1401335858 33.0074948465 32.5330348347 32.716849789 33.1399354095 33.0942489185 32.9996997458 33.0756526018 32.7468044504 32.7759622033 32.7817624652 32.8269747694 32.9386563766 32.7569001814 33.0136848977 33.159820373 33.0680727377 32.7033639468 32.5289509843 59.8812215864 59.8812215864 59.8812215864 61.0327109182 32.7955064506 32.6768291934 75.18618615 48.9402595402 48.9402595402 48.9402595402 33.1243013523 32.9066768772 32.6349178239 32.7412248085 32.7430617369 32.833922882 33.0816635779 32.8377232269 32.6946442684 32.7100870389 32.5964397339 32.8339239206 33.0453975582 33.137717444 33.0878264461 33.1520542803 32.7006331241 32.5456130971
0 0 0 0 0 0 0 0 0 32.5281967644 32.9663315037 32.5877404661 32.6321374458 32.9367347047 32.8105511251 32.6639416803 32.7980102722 32.6170412635 32.8356817292 32.9207213237 33.2046462245 32.5920042211 32.8533462355 32.6245595869 33.0394216942 32.8220984143 32.6431589327 32.5022215672 32.9683278235 61.0327109182 61.0327109182 50.888300671 33.080819267 32.6488235951 33.0943024666 48.9402595402 47.0850750473 47.0850750473 32.7599834833 33.1031528074 32.6278811615 33.1632254812 32.6475446853 33.1956802294 33.1020654034 32.6218049067 32.5384778309 32.8296018718 32.9928966129 33.1866805325 32.6439984997 32.5032114906 32.5054655626 32.9904490925 32.599867018 33.0705232609
0 69.2314019752 45.4291857032 43.2357644943 58.3068292644 43.3590544435 68.3628347603 0 0 0 32.7130322664 33.0254575178 32.9793049697 32.6657741711 32.9353902481 32.7483224489 33.1243651398 32.820519353 32.519257274 32.8814447299 32.778613349 32.7668855913 32.6212075477 32.9665332789 32.7224726253 33.2001863909 33.0634900244 32.966253619 54.9777972178 54.9777972178 33.034383238 32.5016406017 32.7428316375 32.9109864933 32.9950404759 47.0850750473 47.0850750473 47.0850750473 32.6480113114 33.0795194722 32.5800300632 33.1047058908 32.5141915645 32.6819204275 32.8942846346 32.8225015045 33.0866798293 33.1182367235 32.5761321058 32.8380331144 32.585306912 32.8059583068 32.9327252973 32.5107467055 32.8848550416 33.1732827727
