Spatial_Output/BAU/BAU_0551.asc
NCOLS 155
NROWS 192
XLLCORNER 196769.923733
YLLCORNER 449719.875193
CELLSIZE 27.603701
NODATA_VALUE NaN
[rows 138 to 160 of 192, columns 53 to 105 of 155]
27.9720976327 26.9047403177 26.904904548 28.0089737402 56.7386145727 59.6326813456 59.6326813456 59.6326813456 27.6295837876 27.6992102399 28.568570872 27.2649913011 27.6227007692 28.5046222042 28.5165809128 28.3647822095 27.1135917904 28.214223094 27.7232111746 26.9538961172 26.8504009167 27.8784004311 27.8990364451 27.7454546532 28.0501677374 27.0180715113 28.4798630045 28.3976972499 26.6297675002 62.0436836382 62.0436836382 58.2485858147 27.6512272504 70.4289792347 27.3191790191 28.2508689125 26.8746845093 27.6647333721 26.7878859392 27.579775627 28.5426823105 28.1166784533 27.252807187 27.7493359871 27.6115825932 26.9743409653 26.6550267265 28.2041702549 27.8201242018 26.5209884419 27.2738360405 27.4479912359 28.4785247959
27.8012990126 51.0478218669 54.5969971414 53.6689014013 56.7386145727 56.7386145727 59.6326813456 59.6326813456 27.0288608483 27.9898740537 27.3400197391 26.9598646622 26.7302091464 28.422620482 27.2092717017 27.1122275009 26.9283595272 27.6088558484 27.9912202032 28.4927415893 26.8332920499 28.5821413709 28.6195057078 27.1776704517 28.3270882406 26.5875315437 28.0281902481 26.9285803285 26.5816839093 62.0436836382 62.0436836382 62.0436836382 70.4289792347 70.4289792347 44.127479793 53.9869460088 28.2482578001 28.0540632376 26.6599698499 28.2555424336 26.7484388375 26.6985015308 28.3194993418 26.8461746565 27.909495965 26.6261279648 27.1257384846 28.0984275544 28.1202280536 27.7796041524 28.2462181787 26.7189891325 27.8557670785
27.7101694591 54.5969971414 54.5969971414 54.5969971414 53.6689014013 56.7386145727 27.8728385694 51.4656245821 51.4656245821 27.0283271971 28.2032034685 27.5495684321 27.0849034212 28.6043400695 28.5296660909 28.4817904239 27.962660217 28.3195085336 27.9124729114 27.6974156238 28.1284688551 27.2080713008 27.443494301 27.5882998491 26.7791167202 28.1894448682 27.7469112802 26.8217897156 27.4162618382 27.325637333 27.1392502758 58.2485858147 70.4289792347 44.127479793 44.127479793 28.2747663603 40.4456634965 27.7263272682 28.5787084103 28.6160105482 28.0209577959 27.5876235743 26.570111458 27.0016359286 27.8785751905 27.3981276048 27.6641663895 28.3133467948 27.0913782479 27.293738714 27.1658538601 27.9937016597 28.4031372505
45.155082318 65.3453444981 54.5969971414 54.5969971414 28.3443045671 28.3249868892 27.4230835566 51.4656245821 51.4656245821 27.0462291564 27.2519986038 26.8023669596 28.4866886279 28.2556882591 27.1216140826 28.0724296409 27.349428207 26.8404986079 27.8737415087 28.1541451807 27.09706986 27.1280605125 28.1683406935 27.6924236012 28.2277658961 26.6022023406 28.0033149709 28.218193535 27.9203053717 27.6364819468 27.8304499163 28.0530199457 28.1740181577 44.127479793 28.294425827 40.4456634965 55.1310983026 55.1310983026 54.4895718604 27.4885754744 27.4919337815 28.2127791368 26.7360407041 27.6749094014 27.5937356798 26.8854702286 27.0042252761 26.8559134783 28.4156594056 26.7712330194 27.6481174499 27.1949078228 26.5310683756
45.4048847078 27.0347242057 26.7603430819 26.6760406976 27.0074174371 28.1789095208 27.6588684554 26.998737885 26.7244648318 26.9393038231 26.9523593708 27.732439354 28.0341572013 28.0722817188 27.0573423264 27.8413500025 27.8517435205 28.425628615 27.5900356257 26.5658703307 28.3863836553 27.3883293514 26.8829442052 27.7999699361 26.9465556152 26.9117185061 27.0422116136 27.8857209502 28.3204137678 26.9058427382 26.8840503581 27.1152602068 27.1414216533 28.345951283 26.8125169786 28.4206260658 55.1310983026 55.1310983026 28.5894146212 26.9270630967 26.7218488432 27.8821254166 27.5067832667 27.540859302 28.341812014 26.9952866216 28.1340762133 26.56991065 27.5106946554 26.8196243856 28.4668105814 26.9465629498 27.6283017012
28.1123178086 27.2212703931 27.7557596272 28.1298648106 28.0546702081 27.4773987715 28.1873437343 27.1977941241 65.8400873732 26.6575991236 26.5376020969 27.4844106152 27.3579984533 27.1655063037 28.581525816 27.7232611093 27.7243546404 26.8003287717 27.8743707548 28.1795531445 28.3852793036 27.6978378839 27.798521398 27.1201262155 27.4415374162 28.2479417313 27.2488228983 27.3288281281 27.7028699138 27.3217111598 26.9956011315 27.686042978 27.0562602324 27.5411039405 27.6241494958 27.9950459345 55.2068098503 55.2068098503 55.2068098503 28.1761927783 28.413346918 28.3080588596 26.6198301953 27.4008065092 27.4977069239 27.0357317385 26.9200040099 28.3960322097 28.4524056121 27.639986244 28.1271875343 27.0221218676 26.9397668813
26.6202991159 26.9484697564 27.8593858048 27.2930624952 27.3789369256 26.5595733094 27.2328811732 27.8729835076 27.9610198513 27.5681283173 45.2850109763 28.3592600777 26.5570532031 26.9896411508 28.50664966 28.4129826191 27.7826413831 27.3694743549 27.318669019 27.4014162805 27.7661375667 28.4958690113 27.6778699615 26.510695806 28.1377573105 27.2001624427 27.8225583698 28.3998823098 28.3337697327 27.9036495745 27.4121764781 26.597449092 28.2846577753 26.7021627185 27.9428246946 26.6986798587 26.7307894883 27.540035341 27.5522939749 26.707357609 27.068928951 26.5217613868 27.3587859046 28.2370152378 28.2737260277 26.9232854865 26.8558681285 27.3800693178 28.2591712019 27.5655567291 27.7354769643 28.4252239807 27.6937533438
26.8515489623 27.8422291323 26.6977813419 26.9834608527 28.4442848446 28.1321824096 27.9850800974 28.1453049162 45.2850109763 47.926333219 49.7853846485 26.5403632853 27.1714912741 26.7426495786 27.2079817767 28.1275871269 27.9421579349 28.1560056109 27.5111093991 27.1804599333 26.9842094891 26.6047881942 27.2519264781 28.2292747167 27.8772214255 28.4299218322 27.4972913981 27.8000060434 27.5149257103 28.2731111768 27.9788896276 26.5977004196 27.383713646 27.0754560665 27.2904112674 28.29942176 27.9090428031 27.8344178681 61.6955541569 61.6955541569 60.2772772986 26.5894315137 26.9418900521 28.3509034669 27.1056465091 27.6382028748 27.3239081242 28.2301346514 28.5933808715 26.8442321769 27.0032552233 27.4651249749 28.0577932734
27.8979315772 27.0263556289 28.1286594482 28.3340810306 27.2669885151 28.5260721701 26.6704931194 27.2347259041 47.926333219 47.926333219 47.926333219 28.5499368744 28.1391508363 28.4393708651 27.0860203242 27.7339300742 27.447762897 26.5755971749 27.4639011374 27.3227082971 26.5075684813 27.8744997586 27.3964660321 28.6040273036 26.6472687961 28.0523551147 27.9976572509 26.8826522058 27.716943821 28.0332921808 28.0124561481 26.9066010931 27.969886525 27.8890587902 27.7190447066 27.3176632922 28.1264184544 61.6955541569 61.6955541569 61.6955541569 28.5803891676 27.5389260389 27.5947439089 27.4421587358 26.5972914187 26.9751265285 28.1194403619 26.6491340524 26.5089129175 28.1889852024 27.6719622464 27.5722839332 26.945873656
27.8876480582 27.7445720029 26.6923102971 26.8046746384 26.5680993573 27.2397901582 27.7891481773 26.728373862 28.6188321467 64.0582188697 64.0582188697 26.5404398941 27.7335321221 27.2446142511 27.1195450986 27.8682504866 26.9318264748 28.4407787228 26.8350078385 28.1858695799 28.2064933955 27.2392850618 27.7385361664 27.6246106209 26.9858254056 27.597799108 26.5779394713 27.7221132856 27.4984346572 27.9350371415 27.1991933703 27.7941087928 26.9209753108 27.6323179138 27.9164752895 27.1774943848 28.2783090604 28.1168970341 40.121798413 54.1922772677 54.1922772677 27.1883334279 27.3309001692 28.2788318711 26.9377609535 28.5840076509 26.8560838913 27.4568317139 28.3707718757 27.4281936238 28.0037979213 27.4291526184 27.8817829198
27.1204279829 28.5160723866 28.1903764407 28.2142968485 27.3511223904 26.8695166725 26.5157437169 28.5429155731 26.9306519244 64.0582188697 64.0582188697 26.7475082424 27.1085393936 28.3892490672 27.1014937341 28.3128671419 28.4574511939 27.2299398108 28.3532547443 28.5382195686 28.0042086481 27.2820409099 27.1446882018 27.9986566179 28.4178961717 27.5820731008 27.1566257182 27.3785700574 28.3558200032 27.9765702231 27.4888048318 27.0568335765 27.8774346718 26.7373892064 27.6763851781 27.5548756785 28.1201606679 28.1142319566 54.1922772677 54.1922772677 54.3474841555 26.6679156797 26.6012378208 27.4242257957 27.572327196 27.0780171563 27.7283067668 28.3576362653 28.2337342816 27.8709074682 26.8405952359 27.8352773159 28.3941665219
27.7275700848 27.9447872819 27.4706517829 28.3159810158 27.8304524464 27.5917370259 28.330621885 27.6797623986 27.0485920901 27.8034419556 27.1716424936 27.2147329371 28.1506934728 26.88344306 27.3099422447 28.2898332208 28.2724182631 26.503087365 27.0036399213 27.4791119857 26.6343223282 28.2173569935 27.7472789617 26.5647896804 28.3589664927 26.8641544924 28.0794706201 27.3378462599 26.546691072 27.0270996508 28.5155873596 27.8684229656 27.370044692 27.9355113541 26.8734027361 27.8487342946 28.4415433748 27.2040733293 54.3474841555 54.1922772677 54.3474841555 27.2441995288 26.9204185012 26.9352977262 28.2482934278 26.6062840301 28.1906310334 26.8771581572 27.780333395 27.6264930052 26.6158034948 26.8232701034 26.819028445
27.5415720444 27.8825585142 27.8642304181 27.6078100828 27.7296794216 26.9888902236 26.5353856996 27.6324540311 28.2208623767 26.5957024343 27.8124167418 26.8803151119 27.0322407831 27.9928469283 26.5530531465 27.7984150623 26.6129158541 26.9144014121 27.9404006746 27.368422486 27.5985917443 27.9422952843 28.4642607124 26.6169964947 26.7938249691 26.6011478805 27.133552469 28.3105710686 26.5523819685 27.2641220666 27.4582373783 28.4492356818 27.8541053928 26.6667479694 28.0402087974 26.8215228635 28.6129255078 27.0836947144 43.8648196891 43.8648196891 43.8648196891 28.3678694998 27.3191173387 26.576449285 27.6743332137 28.3624087622 28.5271765773 27.8571929242 27.3554881034 26.8980673247 27.5003124897 26.5833669823 27.7245433615
26.6889101753 28.5941807817 28.1569616183 27.0204510275 28.4816176917 27.9199856694 28.3195465067 28.1101109771 27.59758536 28.2428929264 26.9683594581 28.4935549752 27.5022051733 26.7714131518 27.6456776115 27.0699273448 27.1280934309 27.9857851815 27.4322005275 26.9995398878 27.4559752233 27.8559119822 28.0610913507 27.0621330141 26.7264283816 26.7516693298 28.4830312821 28.443647946 28.2686100104 27.6741182247 27.0907546708 28.1573229358 26.99298654 28.323126292 28.1811888985 27.1842456238 27.1331506865 26.6995475223 27.0172835441 43.8648196891 27.1604753148 27.468039152 27.3089744981 27.4407135112 27.9016988677 27.3789379699 26.7490776517 27.1331136924 27.1637174408 27.1335178328 26.7290644699 28.0898156755 28.0379800674
26.5574304505 26.8714842257 27.4708809222 28.101466555 28.0131694031 26.7935006217 28.0280350942 28.4296933818 27.4842552587 26.6826657033 27.7823513981 27.3897287941 27.7113868444 28.4866081553 26.8333786465 27.1523584214 28.4376898402 27.694000819 26.7976501008 27.9274062399 28.4823164149 27.3348618794 27.1507581319 27.0549509732 26.8879460439 28.5507641232 28.3914624041 27.4788276979 27.155557202 27.484263335 28.4407531672 26.9555348866 27.1187056748 27.4954248271 27.6001603001 27.7102720173 27.4497772808 27.3121264757 27.423023638 53.4370885282 47.3841035525 47.3841035525 27.5301436286 28.1404887231 27.5063509298 27.2877917236 26.9871202443 27.3841707911 27.3584982068 27.8895726786 28.3262776708 28.1617802263 27.4403099495
28.4615713637 27.4530665677 28.0593893817 26.6287311149 27.7864647945 26.7830901829 27.938861132 27.1269897716 28.3998892937 26.8704351722 27.956324393 28.3736038302 27.1300726812 27.1327836712 26.6921073762 28.2826131388 26.8807780736 28.0815302145 26.6982905188 27.93558458 27.1245391397 28.0421350697 27.7524605333 28.0733940583 27.6258275014 27.9141805661 28.2234109939 27.3853036927 27.7100959998 27.1708083469 28.0430915866 28.4304789914 28.2903285059 27.3543111424 26.8683763274 27.8038531561 26.9422664388 28.240104206 27.2829861485 47.3841035525 47.3841035525 47.3841035525 26.6962138536 27.6894361831 28.3881410037 28.0013627745 27.3354531204 27.3628875288 27.4224149462 27.0833898608 26.7108875676 28.4709966454 28.0736703316
27.8245429485 27.9294523597 28.2101520713 27.3221053963 28.2910919041 27.7549259602 28.5808734494 28.0637891714 28.2715606529 27.4969742576 27.1155848222 28.3869009017 28.5553215188 28.6195398443 26.9699347838 28.401708228 27.020512052 28.4767000302 27.2544637161 27.8793954311 26.8165543955 28.3634283159 27.4833557594 26.5623264196 26.8338315393 28.2407758339 27.2644388597 26.9840773487 26.6989273035 27.2742396746 27.1626809436 26.6230655552 26.6623388501 27.5270280595 28.4549188902 26.9083514711 27.1009296424 26.8685322197 28.4224258266 27.2786217524 47.3841035525 27.8453631499 26.7629835188 26.5918240524 28.3141447289 27.3970915807 27.6482848019 26.9752121943 27.3945158371 27.9244690314 27.5716175734 26.8471173326 26.8787207042
27.0989280498 28.4221951022 28.5392907804 28.0335501804 27.1824547041 27.1166804298 26.6365693704 28.0307242531 28.2911880273 61.5080452453 61.5080452453 27.0711453317 26.9491733829 26.9573804966 27.3270024071 26.8701875357 28.4642895717 28.4195215722 27.2503420669 27.242929637 28.0821779318 27.8021775292 27.5434256488 28.1406847471 26.931870382 27.5311507938 27.9456576314 28.4799635786 27.4350803628 27.0796369956 27.6964841974 26.5069105468 26.5644000349 28.6038374091 27.1366596465 26.9592815709 26.8492662931 26.7901547355 26.95723174 26.6034953816 27.1343108748 27.0178824474 27.7419418912 26.6973132695 27.4599933577 26.8760581052 27.4526446346 27.0625018252 26.8666149547 26.6667654555 28.3647226909 27.3701319072 28.6105260697
27.9965355032 27.4489458484 27.9984556623 28.366948112 28.359832715 28.0133044696 27.2091563467 27.5216280429 28.6051580661 61.5080452453 61.5080452453 28.588791938 27.1823234492 27.9182356841 28.1211099783 27.9280257536 26.9849714135 27.9764436568 27.3457103697 28.5631546762 26.5587083755 27.2833054783 27.3765464501 27.4881132897 26.747972493 28.0481179997 27.9090089525 28.2273483762 26.6507956224 27.2221018146 28.2536284526 28.3634164313 27.4000115118 27.5566650071 28.5718393456 28.1890077314 26.8975581732 26.8301222059 28.2823014393 27.4951127512 42.8481118848 42.8481118848 27.3749719322 27.5595914233 26.502062637 28.2747886399 27.9744838541 26.9273349502 27.0174188737 27.2325541325 28.0499157179 26.938297802 27.8965959356
27.7780713721 26.8096087415 27.9719351393 27.1828246296 27.5812709984 27.7076561861 27.9966897526 27.8650418037 28.4568736707 28.0781143537 27.1955840343 27.1827956181 27.2632902446 26.8708809207 26.9150327633 28.0490103908 26.6843557032 27.3939139678 27.7688500857 27.7210940345 28.0375805359 27.7980266725 27.8637467458 28.0795012296 28.2619075963 28.130045866 28.4350852325 28.4722231122 27.8061453782 27.9631500459 27.6544336209 27.183987467 27.4717552775 27.3643435644 28.2362248515 28.4632151053 27.5175927889 28.3506720578 27.8867024768 26.9117131817 27.4190814481 27.2988876699 55.9715236331 55.9715236331 28.6066229831 27.0308913057 27.6399303925 27.9710018676 28.444611666 28.0604000793 26.5710130159 27.5790576006 27.6612469987
28.2165113541 27.3244106641 27.943488334 27.0771317389 27.4710098337 27.3194397777 26.9471351035 27.1660375042 27.5528575122 26.5409823056 27.9041060584 61.5867708134 27.2487604907 27.5897462776 28.304317936 28.1867817938 28.1784671284 26.9190323923 26.9454257758 27.8533032752 27.5026800525 27.0342273322 27.8541137657 27.8002877468 27.5051506 27.3131015824 26.8595596272 27.7542508228 27.1213299184 26.5466759627 27.7284644684 26.5342777942 28.0921396415 26.6404052896 27.7007823918 28.2061282898 26.9311982969 27.0604696446 26.9683170993 27.9702322654 27.8137204678 55.9715236331 55.9715236331 73.7394746964 27.3849429447 26.5173934836 27.3374238458 28.5896121672 27.0663009022 28.2932407242 26.7883693134 27.1517920858 27.6150460225
27.6873082927 27.2212962756 26.8921201172 26.7969760612 27.0205837046 27.8110311794 27.5920174981 28.1227738321 27.4323421827 61.5867708134 28.5302125768 27.7021358652 27.0294989992 27.4862061292 27.5250177113 27.3177843032 26.7152057509 27.9983962754 26.8721124091 27.6881580273 26.6742987506 27.2310833657 27.126266201 26.7382001923 28.2647618986 26.9274667027 28.1360079785 26.9572901363 28.0585675182 26.746378368 28.2332182666 27.3633092119 26.8580119043 28.425064018 27.1301180425 27.4731980395 28.1066328251 27.750741982 27.7543935002 26.9330450825 28.0847760052 73.7394746964 73.7394746964 73.7405644525 61.0230266159 27.5269846354 26.8971475311 28.5910660313 28.5855501181 28.422543559 28.2543665206 28.3137167794 28.2532911628
26.7082469999 27.1913191639 27.1050004267 28.349435379 26.6560111359 28.2161623483 27.9558421612 28.3590383212 28.2175272498 28.431806408 27.8015776055 28.4051552407 28.2091390177 26.903341858 26.9485136885 27.6120504579 26.9943679949 28.3193687765 27.2200377714 28.0834757439 27.3400685841 28.3353729764 28.5875353144 27.8543180772 27.6983763499 26.9586479372 26.5300764222 26.5263207523 27.7271512981 26.5122959678 26.8582105651 27.9991487816 28.2064327165 26.5352488058 26.7630118439 27.5858172558 27.2588532318 28.1006003198 26.9954446509 27.9459384014 26.872241656 27.1565266236 61.0230266159 61.0230266159 61.0230266159 27.5787528447 28.5754402638 26.5072852579 28.4620850242 27.8795110944 27.2851101177 27.8425027897 27.1117088632
