Spatial_Output/BAU/BAU_1235.asc
NCOLS 155
NROWS 192
XLLCORNER 196307.867259
YLLCORNER 449144.565805
CELLSIZE 33.573938
NODATA_VALUE NaN
[rows 99 to 131 of 192, columns 76 to 151 of 155]
28 72.509966043 39.0053573383 28 28 28 28 28 28 28 28 28 70.3898406772 60.2142443109 70.3898406772 28 28 28 28 28 28 28 28 28 28 28 28 62.3082830823 62.3082830823 28 28 28 28 28 28 28 28 53.0571613065 53.5731383983 53.5731383983 53.5731383983 62.7025982258 46.5747865858 53.8203316011 51.0618873371 51.0618873371 50.2467858192 53.8618359276 53.8618359276 50.2467858192 28 44.0737547593 44.0737547593 69.1666786753 28 69.1666786753 69.1666786753 72.7436856956 46.5157831565 55.983947362 40.428744374 40.428744374 62.7053133142 62.4106245815 67.2598287413 62.2381492199 67.2598287413 67.2598287413 0 0 0 0 0 0 0 0
41.9554118108 41.9554118108 41.9554118108 28 28 28 28 28 28 28 28 28 60.2142443109 60.2142443109 60.2142443109 28 28 28 28 28 28 28 28 28 28 28 28 28 28 60.4890049149 28 28 58.4144685287 28 72.1628942724 72.1628942724 28 53.0571613065 60.8733632194 60.8733632194 60.8733632194 62.7025982258 46.5747865858 53.8203316011 51.0618873371 51.0618873371 50.2467858192 53.8618359276 50.2467858192 50.2467858192 28 44.0737547593 44.0737547593 44.0737547593 44.0737547593 69.1666786753 69.1666786753 72.7436856956 46.5157831565 46.5157831565 40.428744374 40.428744374 62.4106245815 48.6521785496 67.2598287413 67.2598287413 67.2598287413 0 0 0 0 0 0 0 0 0
28 41.9554118108 58.0696436653 28 28 28 28 28 28 28 28 28 48.2218350917 70.3898406772 70.3898406772 28 28 28 28 28 28 28 28 28 28 28 28 55.7810059075 55.7810059075 60.4890049149 28 68.9908438177 28 28 72.1628942724 72.1628942724 28 53.0571613065 46.9916239221 60.8733632194 60.8733632194 62.7025982258 46.5747865858 28 51.0618873371 51.0618873371 28 53.8618359276 28 50.2467858192 28 28 44.0737547593 69.1666786753 44.0737547593 28 28 28 56.4177502779 56.4177502779 56.4177502779 50.5099116039 48.6521785496 48.6521785496 0 0 0 0 0 0 0 0 0 0 0 0
28 42.4216995619 42.4216995619 28 28 28 28 28 28 28 28 28 70.3898406772 70.3898406772 70.3898406772 28 28 28 28 51.0601677168 28 38.0280392898 28 60.109972298 55.1804113318 28 55.7810059075 55.7810059075 55.7810059075 51.2858161425 66.112041384 68.9908438177 28 28 72.1628942724 72.1628942724 28 28 45.9163330302 45.9163330302 45.9163330302 28 28 28 28 28 28 28 28 28 28 28 28 28 28 28 28 28 46.6977615033 40.2246638178 40.2246638178 46.6977615033 48.6521785496 48.6521785496 48.6521785496 0 0 0 0 0 0 0 0 0 0 0
28 52.7833872273 28 28 28 28 28 28 28 28 28 28 46.6369402169 46.6369402169 46.6369402169 46.6369402169 28 60.7857436134 70.2635009967 70.2635009967 38.0280392898 38.0280392898 60.109972298 60.109972298 60.109972298 55.1804113318 65.5507327549 65.5507327549 55.7810059075 51.2858161425 66.112041384 68.9908438177 28 28 28 28 28 28 63.7317413654 45.9163330302 82.9620838672 28 28 28 28 28 28 28 28 28 28 28 28 28 28 28 28 28 28 40.2246638178 40.2246638178 63.7483269059 48.6521785496 48.6521785496 48.6521785496 0 0 0 0 0 0 0 0 0 0 0
60.9706311908 60.9706311908 60.9706311908 28 28 28 28 28 28 28 28 28 49.6476655391 45.8486877461 45.8486877461 45.8486877461 56.3794843895 28 70.2635009967 70.2635009967 38.0280392898 38.0280392898 28 60.109972298 60.109972298 28 28 65.5507327549 52.8662949407 52.8662949407 28 28 28 28 28 28 28 28 82.9620838672 82.9620838672 82.9620838672 28 28 28 28 28 28 28 28 28 28 28 28 28 28 28 28 28 63.1334034993 62.8925076375 28 0 0 48.6521785496 48.6521785496 0 0 0 0 0 0 0 0 0 0 0
43.9463661571 60.9706311908 43.9463661571 76.0939394337 60.7206407702 28 60.7206407702 28 28 28 28 28 48.9852718674 45.8486877461 45.8486877461 28 28 28 47.1048531537 70.2635009967 38.0280392898 55.3505497621 40.3490063967 28 28 28 28 28 52.8662949407 52.8662949407 28 28 28 28 28 28 28 28 60.8565456856 60.8565456856 60.8565456856 28 28 28 28 28 28 28 28 28 28 28 28 28 28 28 56.9930574223 56.9930574223 63.1334034993 28 0 0 0 0 0 0 0 0 0 0 0 0 0 0 0 0
54.8214693226 54.8214693226 76.0939394337 28 28 60.7206407702 62.6326677158 28 28 28 28 28 67.7169497675 28 67.7169497675 28 28 28 28 28 28 28 28 28 28 28 28 28 28 43.2411621875 28 28 28 28 28 28 28 28 28 53.1401723549 53.1401723549 28 28 28 28 28 28 28 28 28 28 28 28 28 28 28 56.9930574223 56.9930574223 56.9930574223 28 0 0 0 0 0 0 0 0 0 0 0 0 0 0 0 0
49.5815742193 28 28 28 28 28 28 28 28 28 28 28 28 28 28 28 28 28 28 28 28 28 28 28 28 28 28 50.0053164622 50.0053164622 50.0053164622 28 28 28 28 28 28 28 28 53.1401723549 53.1401723549 65.0787644176 28 28 28 28 28 28 28 28 28 28 28 28 28 28 67.2778607525 67.2778607525 28 64.2397476113 28 0 0 0 0 0 0 0 0 0 0 0 0 0 0 0 0
54.5554539901 45.1046768039 28 28 28 28 62.8841274994 28 28 28 28 28 28 28 56.9682965834 28 28 28 28 28 28 28 28 28 28 28 28 28 50.0053164622 46.7527954849 52.8084163911 28 61.8673149088 28 56.1880407352 54.2189886608 61.0483254266 58.3770195961 53.1401723549 53.1401723549 53.1401723549 53.1401723549 64.1199431784 45.4800608317 47.4487100927 57.2998637309 28 28 28 28 28 28 28 28 28 67.2778607525 67.2778607525 28 28 0 0 0 0 0 0 0 0 0 0 0 0 0 0 0 0 0
51.5143907553 51.5143907553 45.1046768039 28 28 28 46.6593434245 46.6593434245 28 28 28 28 28 28 64.8928112089 72.0127294752 28 73.243258617 73.243258617 36.8554452163 28 28 28 28 44.7824931584 44.7824931584 28 44.9277157261 44.9277157261 46.7527954849 46.7527954849 52.8084163911 28 28 54.2189886608 54.2189886608 61.0483254266 61.0483254266 28 43.5684523579 65.0787644176 65.0787644176 28 47.4487100927 47.4487100927 56.997942317 56.997942317 54.998866076 28 28 28 53.0235179323 53.0235179323 28 55.267608678 55.267608678 55.267608678 28 28 0 0 0 0 0 0 0 0 0 0 0 0 0 0 0 0 0
51.5143907553 51.5143907553 51.5143907553 60.0315520743 28 57.585610585 57.585610585 44.3700905729 44.3700905729 28 28 28 28 64.8928112089 51.7413582111 72.0127294752 73.243258617 73.243258617 36.8554452163 36.8554452163 36.8554452163 51.8230101284 28 28 44.7824931584 44.7824931584 28 44.9277157261 44.9277157261 66.4159099043 46.7527954849 28 28 61.8673149088 28 54.2189886608 61.0483254266 28 28 28 65.0787644176 28 28 47.4487100927 57.2998637309 56.997942317 56.997942317 28 54.998866076 77.466273092 28 28 53.0235179323 28 55.267608678 55.267608678 28 28 28 0 0 0 0 0 0 0 0 0 0 0 0 0 0 0 0 0
59.3338018793 49.950922816 60.0315520743 60.0315520743 72.2314547205 57.585610585 57.585610585 44.3700905729 44.3700905729 28 28 28 28 28 57.4331795854 72.0127294752 72.0127294752 73.243258617 73.243258617 36.8554452163 28 28 28 28 28 44.7824931584 28 28 66.4159099043 66.4159099043 66.4159099043 28 28 28 28 28 28 28 28 28 28 28 28 28 28 56.997942317 45.458712322 73.3104047324 28 28 28 28 28 72.2113791981 54.7107667108 28 28 28 28 52.1488716001 40.7781986634 0 0 0 0 0 0 0 0 0 0 0 0 0 0 0
59.3338018793 49.950922816 53.8564931806 60.0315520743 57.2859470536 72.2314547205 50.605395517 50.605395517 44.3700905729 28 28 28 28 57.4331795854 57.4331795854 57.4331795854 28 28 28 28 28 28 28 28 28 28 28 28 28 66.4159099043 28 28 28 28 28 28 28 28 63.7977807034 28 28 63.7977807034 28 28 28 28 28 28 28 28 28 28 28 28 28 28 28 28 52.1488716001 52.1488716001 52.1488716001 40.7781986634 0 40.7781986634 0 0 0 0 0 0 0 0 0 0 0 0
28 28 28 28 28 28 50.605395517 50.605395517 50.092477406 28 28 28 28 61.3083114012 50.192290058 50.192290058 28 28 28 28 28 28 28 28 28 28 28 28 57.1586225662 28 28 28 28 28 28 28 28 28 28 28 28 28 28 28 28 28 28 28 28 28 73.4910121836 28 28 48.753006079 48.753006079 28 28 28 52.1488716001 52.1488716001 40.7781986634 40.7781986634 0 40.7781986634 40.7781986634 0 0 0 0 0 0 0 0 0 0 0
28 28 28 28 28 28 28 61.3647646814 28 28 28 28 28 50.192290058 50.192290058 50.192290058 50.192290058 28 28 28 28 28 28 28 28 28 28 28 28 57.1586225662 66.4159099043 28 28 28 28 28 28 28 28 28 49.4345453869 28 28 28 28 28 28 49.274382112 28 28 73.4910121836 73.4910121836 28 28 48.753006079 28 28 28 0 0 0 0 0 40.7781986634 40.7781986634 0 0 0 0 0 0 0 0 0 0 0
28 38.5096739955 65.9233207907 28 28 28 61.3647646814 61.3647646814 61.3647646814 28 48.2675188918 66.0899431654 28 28 40.2189765574 28 28 28 28 28 28 28 28 28 28 28 28 28 66.4159099043 28 28 28 28 77.9995899522 53.5033401753 28 28 28 28 64.0475072625 49.4345453869 49.4345453869 61.3150647357 63.3076662361 57.2459791125 57.2459791125 66.7087758043 49.274382112 28 28 28 28 55.5797589753 55.5797589753 28 28 28 57.736153207 37.2637924353 57.3874499766 57.3874499766 0 0 0 0 0 0 0 0 0 0 0 0 0 0 0
53.3095368613 53.3095368613 53.3095368613 65.9233207907 28 44.6661385566 76.0176657691 61.3647646814 61.3647646814 48.2675188918 66.0899431654 66.0899431654 45.8996837249 28 68.306862849 68.306862849 68.306862849 28 52.5332888157 52.5332888157 69.4893275316 42.879086006 28 49.4949720362 52.3567116197 52.3567116197 41.8557946615 28 47.217594155 47.217594155 58.5126710296 38.7006524089 64.370208076 77.9995899522 53.5033401753 53.5033401753 28 28 64.0475072625 64.0475072625 49.4345453869 74.2804715678 63.3076662361 63.3076662361 57.2459791125 57.2459791125 66.7087758043 49.274382112 49.274382112 50.5422894098 50.5422894098 28 55.5797589753 55.5797589753 55.5797589753 28 28 57.736153207 37.2637924353 37.2637924353 57.3874499766 0 0 0 0 0 0 0 0 0 0 0 0 0 0 0
61.9780241421 53.3095368613 65.9233207907 65.9233207907 28 44.6661385566 42.4353974562 42.4353974562 28 48.2675188918 66.0899431654 66.0899431654 45.8996837249 38.1571132979 68.306862849 68.306862849 39.1602415535 39.1602415535 52.5332888157 52.5332888157 28 42.879086006 42.879086006 42.879086006 52.3567116197 52.3567116197 28 28 47.217594155 47.217594155 58.5126710296 28 77.9995899522 77.9995899522 53.5033401753 53.5033401753 28 49.3951210721 64.0475072625 64.0475072625 50.7249806459 28 63.3076662361 63.3076662361 61.3150647357 66.7087758043 61.5133363645 28 28 50.5422894098 50.5422894098 55.3486147022 55.3486147022 28 28 28 28 57.736153207 37.2637924353 57.3874499766 0 0 0 0 0 0 0 0 0 0 0 0 0 0 0 0
28 28 28 28 28 28 28 28 28 28 28 28 76.3411506836 28 38.1571132979 52.3519344719 39.1602415535 28 52.5332888157 28 28 49.4949720362 42.879086006 42.879086006 52.3567116197 52.3567116197 28 28 47.217594155 47.217594155 28 28 64.370208076 77.9995899522 53.5033401753 28 28 28 28 28 72.2905212624 42.3192942779 28 28 28 28 28 61.1193130041 65.8782354824 65.8782354824 56.9973509733 55.3486147022 42.2931718586 51.0119562876 28 28 66.9575347672 0 0 0 0 0 0 0 0 0 0 0 0 0 0 0 0 0 0 0
28 54.3433558288 67.6883874388 67.6883874388 67.6883874388 28 28 28 28 28 28 28 28 28 52.3519344719 52.3519344719 52.3519344719 28 28 28 28 28 28 28 28 28 28 28 28 60.681238085 60.681238085 28 28 28 28 28 28 28 28 48.721763431 45.3094636642 44.1514853721 61.9744918241 60.0388100171 60.0388100171 28 45.0566594264 28 28 28 56.9973509733 42.2931718586 42.2931718586 42.2931718586 28 28 0 0 0 0 0 0 0 0 0 0 0 0 0 0 0 0 0 0 0 0
28 28 67.6883874388 67.6883874388 60.5392438531 28 28 28 28 28 28 28 28 28 52.3519344719 56.4602949665 52.3519344719 28 28 28 28 28 28 28 28 28 28 28 28 60.4746886268 28 28 28 28 28 28 28 28 28 45.3094636642 63.0791244885 44.1514853721 61.9744918241 61.9744918241 60.0388100171 28 28 61.1193130041 28 28 28 49.8934112764 42.2931718586 42.2931718586 28 28 0 0 0 0 0 0 0 0 0 0 0 0 0 0 0 0 0 0 0 0
28 28 53.2088408235 60.5392438531 46.808543437 28 28 28 28 28 28 28 28 28 56.4602949665 56.4602949665 56.4602949665 28 28 28 28 28 28 28 28 28 28 28 60.4746886268 62.6975961892 28 60.4746886268 28 28 28 44.9594275857 53.1739062387 53.1739062387 55.5043789462 44.5764039135 44.1514853721 44.1514853721 61.9744918241 61.9744918241 60.0388100171 28 28 28 28 28 49.8934112764 49.8934112764 49.8934112764 28 28 0 0 0 0 0 0 0 0 0 0 0 0 0 0 0 0 0 0 0 0 0
28 28 28 46.808543437 46.808543437 28 28 28 28 28 28 28 28 28 54.2956853896 54.2956853896 54.2956853896 28 28 28 28 28 28 28 28 28 28 28 28 62.6975961892 62.6975961892 62.6975961892 46.885915883 46.885915883 57.2945006428 44.9594275857 44.9594275857 53.1739062387 55.5043789462 55.5043789462 59.2708523093 59.2708523093 44.1514853721 28 28 28 28 28 28 28 43.9186587065 28 28 28 28 0 0 0 0 0 0 0 0 0 0 0 0 0 0 0 0 0 0 0 0 0
28 28 28 66.2856226789 46.808543437 28 28 28 28 28 28 28 28 28 28 54.2956853896 53.5913814008 28 28 28 28 28 28 28 28 28 28 28 56.4724353479 55.091268365 51.0424511546 51.0424511546 46.885915883 46.885915883 28 44.9594275857 44.9594275857 53.1739062387 28 83.555625728 28 83.555625728 44.7070919333 28 28 28 28 28 28 28 53.3833764024 43.9186587065 43.9186587065 28 28 0 0 0 0 0 0 0 0 0 0 0 0 0 0 0 0 0 0 0 0 0
28 28 28 28 49.3833899748 50.8467379198 66.1140605622 28 28 28 28 28 28 28 28 28 82.3042227156 28 28 28 28 28 28 46.3482331476 28 28 45.4844822883 45.4844822883 55.091268365 58.6169234337 51.0424511546 51.0424511546 28 46.885915883 52.1709186412 28 28 28 28 28 28 28 28 28 28 28 28 28 28 28 40.1300022249 40.1300022249 53.3833764024 28 0 0 0 0 0 0 0 0 0 0 0 0 0 0 0 0 0 0 0 0 0 0
28 28 28 28 49.3833899748 49.3833899748 49.3833899748 28 28 28 28 28 28 28 28 54.9690392057 53.5913814008 54.9690392057 28 28 61.2112571985 49.9532568959 28 52.8091879837 46.3482331476 28 45.4844822883 45.4844822883 28 28 28 58.6169234337 28 28 28 28 28 28 28 28 58.0089584697 58.0089584697 58.0089584697 28 28 28 28 28 28 43.9186587065 40.1300022249 40.1300022249 40.1300022249 28 0 0 0 0 0 0 0 0 0 0 0 0 0 0 0 0 0 0 0 0 0 0
28 28 28 52.8089788635 49.3833899748 50.9440441965 28 28 28 28 28 28 28 28 28 53.5913814008 82.3042227156 53.5913814008 57.2060034862 57.2060034862 61.2112571985 61.2112571985 52.8091879837 52.8091879837 52.8091879837 85.1180660273 45.4844822883 28 28 28 28 28 28 28 28 28 28 28 28 28 58.0089584697 58.0089584697 28 28 28 28 28 28 28 28 43.9186587065 43.9186587065 28 28 0 0 0 0 0 0 0 0 0 0 0 0 0 0 0 0 0 0 0 0 0 0
46.7941663134 46.7941663134 48.9520660301 51.7363720045 50.9440441965 50.9440441965 42.1499711613 28 59.1479189704 49.1806833444 49.1806833444 65.0201348511 28 62.7571563337 59.0006113119 82.3042227156 82.3042227156 82.3042227156 57.2060034862 57.2060034862 57.2060034862 61.2112571985 49.9532568959 52.8091879837 46.3482331476 28 28 28 28 28 28 28 28 28 28 28 28 28 28 28 52.4246854167 52.4246854167 65.7894360386 28 28 28 28 28 28 28 28 28 28 0 0 0 0 0 0 0 0 0 0 0 0 0 0 0 0 0 0 0 0 0 0 0
46.7941663134 46.7941663134 48.9520660301 51.7363720045 51.7363720045 50.9440441965 28 28 59.1479189704 49.1806833444 49.1806833444 65.0201348511 28 62.7571563337 59.0006113119 59.0006113119 67.3384313693 67.3384313693 56.348383405 57.2060034862 28 61.2112571985 28 28 28 28 28 28 28 28 28 28 28 28 28 28 28 28 28 28 52.4246854167 77.1141943769 52.4246854167 28 28 28 28 28 28 50.8828157146 28 28 28 0 0 0 0 0 0 0 0 0 0 0 0 0 0 0 0 0 0 0 0 0 0 0
46.7941663134 45.0178528128 61.8691816212 48.9520660301 28 47.6246850213 47.6246850213 28 28 49.1806833444 28 28 28 28 59.0006113119 81.472405769 67.3384313693 67.3384313693 61.1309949635 28 28 28 28 28 28 28 28 28 28 28 28 28 28 28 28 28 28 28 28 28 77.1141943769 77.1141943769 77.1141943769 28 28 28 28 50.8828157146 50.8828157146 50.8828157146 28 28 28 0 0 0 0 0 0 0 0 0 0 0 0 0 0 0 0 0 0 0 0 0 0 0
28 28 28 28 28 47.6246850213 47.6246850213 52.3733187221 28 28 28 28 28 28 28 28 64.7764449083 28 28 28 28 28 28 28 28 28 28 28 28 28 28 28 28 28 28 28 28 28 28 28 77.1141943769 77.1141943769 77.1141943769 28 28 28 28 28 50.8828157146 50.8828157146 50.8828157146 28 0 0 0 0 0 0 0 0 0 0 0 0 0 0 0 0 0 0 0 0 0 0 0 0
28 28 28 28 28 47.6246850213 28 28 53.2544320281 28 57.2730964775 28 28 28 28 28 28 28 28 28 28 28 28 28 28 28 28 28 28 28 28 28 28 28 28 28 28 28 28 28 50.4605705358 50.4605705358 50.4605705358 28 28 28 28 28 49.5853771718 28 28 28 0 0 0 0 0 0 0 0 0 0 0 0 0 0 0 0 0 0 0 0 0 0 0 0
