Spatial_Output/BAU/BAU_0131.asc
NCOLS 155
NROWS 192
XLLCORNER 196307.867259
YLLCORNER 449144.565805
CELLSIZE 33.573938
NODATA_VALUE NaN
[rows 150 to 174 of 192, columns 57 to 113 of 155]
44.5261069359 44.851444474 45.1656651087 45.1596371836 44.6705383134 44.8363009907 45.105096223 67.5345979867 59.6589247428 70.427724546 62.8607978563 44.9999242774 45.151936552 44.7314492503 44.9910902841 44.5123984031 44.6311753706 44.5760075426 44.6035040288 44.5608792422 44.6949318366 44.6034958924 44.5726454791 44.9487216969 45.0217383945 44.5473617947 45.0109732927 44.9589559028 44.8831396924 45.1183619987 44.6373846539 45.1592844945 45.1139400053 44.6615615312 45.0371786109 84.0308336052 84.0308336052 83.8700172736 92.0220643085 45.1638005752 44.8759026417 44.6812757127 45.069795791 44.6247841338 45.0094586686 44.9023437973 44.8170816212 44.8341794148 44.8771279343 44.8907908616 44.8247647339 44.9561142458 44.5305473816 45.0763123131 44.9964477663 45.1100711312 45.1607268349
0 44.8034000044 44.6835354056 44.9739058762 44.9237540295 44.6507155989 44.6726097286 44.5496661565 69.172186601 70.7800187802 65.0447618469 44.8445789449 45.1421955723 44.9334415584 44.5859623622 45.0059994183 44.6845940216 45.1565412442 44.6697423381 44.7101134513 44.9554770173 45.1322932114 45.1956888373 44.9926857149 44.7850322763 44.8887097885 44.99933889 45.1734117124 44.6020538878 44.6434504268 45.088141175 45.1650887184 45.074972277 44.8895300969 44.934595493 83.8700172736 44.6784423455 91.7391402706 44.8797370445 44.5760974198 44.8802678521 45.1139527158 45.2044699899 44.9464803635 44.5961393825 45.0785251345 44.5097979635 44.626203408 44.7941255171 44.5071009075 45.0793110075 44.6234961719 45.0151987492 44.5451098573 44.6299210552 44.6334014249 45.0719762237
0 0 0 0 44.8691459979 44.7589637304 44.8209388195 45.0532032145 66.5546496846 68.6871343704 58.8138967167 44.9560170505 44.8689220345 45.0704205216 45.0673711084 45.1876436434 44.6257032252 44.8606643521 45.157797006 44.5773773001 44.9536272406 44.8514813242 45.1810185756 45.0381084542 45.0766784694 45.0060740118 44.7786060632 45.1905796487 44.7375489742 45.0572412616 45.2054142794 44.7874127589 45.072718828 45.1531957999 44.7104024532 44.6990402081 83.9828090798 45.1293955866 44.9436042694 44.6447974772 45.1805859066 44.8245629888 44.6683751776 45.1929053563 44.8629686359 44.8465970872 45.165047017 44.7829458387 44.5652184469 44.5124669682 44.9927143575 44.9135604494 44.965795647 44.5673152275 44.850110314 44.8433304031 45.1203144995
0 0 0 0 0 0 44.5103472648 44.5555692082 32.7671509384 32.9796121093 32.9796121093 56.9468824565 44.8986506312 44.9472590592 44.9679056251 44.7527649962 44.9366940382 44.6305874096 45.0069791775 44.9325856615 44.9881536216 45.0238530167 45.0523913388 44.5247838565 44.5383487511 44.917919297 44.7336547016 44.8982267626 44.9266017308 44.6986010642 44.6712552586 45.1629039773 45.1736196101 45.2064475105 44.6422624485 45.1747416017 91.7391402706 45.0141591652 45.0888928846 65.1341897371 45.1135547124 45.159549764 44.5976195329 45.1025319523 45.1327625429 44.9139221572 44.8523953485 44.5948026688 44.6960283891 44.9859922953 45.0759927636 44.550219252 44.7690257631 44.9321427458 44.63542797 45.1395337667 44.9616824577
0 0 0 0 0 0 0 0 32.8963474011 32.9796121093 32.9796121093 45.0227561217 44.621515497 44.7850640292 0 0 44.5062645201 45.158941161 44.7327059617 45.1232690974 44.9634023664 45.0331283948 44.5707025951 44.9684235133 44.5805794579 44.6473021308 45.1555036249 44.6253591169 44.8148910348 44.7136010725 44.7607955328 44.5910502306 44.5679159228 44.672801577 44.5553404728 44.5179770599 45.1598117069 65.1341897371 58.5615171816 58.5615171816 44.6192894882 44.6134504447 44.5411319331 44.6225921365 44.6930019049 45.1812241927 45.0921742444 45.1699630264 44.7853708091 44.5101154091 44.8823946511 44.6473404487 44.9525360547 45.0264591387 45.0115527123 45.2049249714 44.897774263
0 0 0 0 0 0 0 0 0 66.0952604592 67.0899620883 67.0899620883 67.0899620883 0 0 0 45.0244059055 45.1135830394 45.0873950405 44.6010206084 45.190169233 45.1650386582 44.7865966883 44.6829942115 44.6890286642 44.6995084746 45.1303519917 44.9953242551 45.1593413865 45.002227803 44.9290846169 44.5537083252 44.7504702052 44.7893661145 44.9357782282 44.528197314 45.000421033 45.1939174433 91.6104490153 91.6104490153 91.6104490153 44.5803033806 45.1953976598 45.0493209661 44.7271069264 45.182134535 44.6506899534 44.7422960615 44.891624794 45.1171228958 45.1580852934 45.0939144997 44.8234584751 44.7866712049 45.0678083273 44.5641472795 44.5501405551
0 0 0 0 0 0 0 0 0 0 67.0899620883 59.4237987115 59.4237987115 0 0 0 0 45.0333929966 44.789356566 44.8320221202 44.5824277751 44.9033700928 44.8641253335 45.072890921 45.0856241006 45.0160123458 44.6685845524 44.6238879197 44.5161695537 44.7972019737 45.1425094046 44.666740852 44.7985741455 44.6242355396 45.206129824 44.7834061036 44.6295184542 44.6952282634 76.8919771731 76.8919771731 76.8919771731 44.7030410544 45.0024563947 44.5061170517 44.801492955 44.8939251554 44.5314708175 44.8692830747 44.9360829527 44.5686145959 44.7288581559 44.6926093806 44.8631906281 44.9207355474 44.8188754747 44.9447455645 44.5319063457
0 0 0 0 0 0 0 0 0 0 59.4237987115 59.2302652567 59.2302652567 59.2302652567 0 0 0 0 44.9565223323 45.1432289986 44.8103118901 45.0068621506 44.6924920433 44.9348085291 44.5350507395 44.6335553199 44.7627639914 44.9573297676 44.929868856 45.0109574846 44.5768360863 44.8340867081 44.5508494465 44.7854094889 44.9043789448 44.8567467295 45.1517962567 44.8825066012 78.2569565335 76.8919771731 76.8919771731 44.7626524773 44.6580714656 44.9666300926 44.9425987667 44.5435563557 44.8919600235 44.711199016 44.5665043376 44.9659418091 44.6400142402 44.7850479161 44.7837941019 45.1856622591 44.9163116769 44.6343503982 44.6515205834
0 0 0 0 0 0 0 0 0 0 61.0434689714 59.2302652567 59.2302652567 0 0 0 0 0 0 44.9658964475 45.1257566116 44.6350422275 44.7178804098 44.8923633191 44.9370576582 44.6231860275 44.5431682748 44.9118214685 45.1999619587 44.7792168048 44.5660095666 45.0121706115 45.0543920876 44.5595000698 44.8876383219 44.910618332 44.6749858421 44.6445822813 45.0459219974 68.4234586352 81.732600934 81.732600934 45.1762869407 45.0588235217 44.9636923277 45.1632085435 44.6563357048 44.7701016253 44.8585352866 44.8787008502 45.0905271093 45.0971046373 44.9915787961 44.5041327271 44.7515208782 44.7001314113 45.1285840934
0 0 0 0 0 0 0 0 0 0 0 0 0 0 0 0 0 0 0 0 44.8593657051 45.0631918673 45.1157305871 44.6912123719 44.8389435765 45.0102711712 44.6891577407 44.5083302477 45.0682445297 45.0380043589 44.6475405261 44.6828118589 44.7088783146 44.7054111722 44.6784198227 44.7347479301 44.941285193 44.990630465 44.9632567502 81.732600934 81.732600934 81.732600934 85.7817460301 44.6798606246 44.937487769 45.0723167053 44.9079970905 44.8529271228 44.8657277307 44.9442363732 44.5335823923 45.0418054968 44.5482803371 44.6563071579 45.093242882 44.698143963 44.7081758722
0 0 0 0 0 0 0 0 0 0 0 0 0 0 0 0 0 0 0 0 0 0 0 0 44.8104632909 45.0107630266 44.9331917628 45.0340906124 44.6424974304 45.1611239682 44.5823905231 44.9197026936 44.6929590625 44.8727265528 44.8343872809 44.9866029735 45.1902730833 44.5696144161 44.6243520248 44.7937617443 55.0513375883 81.732600934 57.8984174415 44.9342244174 44.5397711011 44.9783600705 44.8969975284 44.8384002956 44.8519126551 44.693726553 45.004996265 44.7058486708 45.0444931628 44.7851796227 44.9351877693 45.1732569864 44.7750157718
0 0 0 0 0 0 0 0 0 0 0 0 0 0 0 0 0 0 0 0 0 0 0 0 0 0 0 0 44.8228253533 45.0788703535 44.5365412932 45.0368857595 45.1636351708 44.7612615924 44.7702082833 44.5870760223 44.6357704338 44.9123721631 44.6652818634 45.1154603293 57.8984174415 57.8984174415 57.8984174415 68.3097995547 44.5569624962 44.6660389882 44.7928610465 44.507069087 44.8400905339 45.2026088974 44.9416468666 44.9228455784 44.9524653418 44.7771475115 44.6364652641 44.5548685731 0
0 0 0 0 0 0 0 0 0 0 0 0 0 0 0 0 0 0 0 0 0 0 0 0 0 0 0 0 0 44.7336239118 44.9946328451 44.8843970918 44.8954410036 44.5053567527 44.7911093451 44.7059350736 44.9112669696 45.1424409153 44.7692023078 44.9196203843 68.3097995547 57.8984174415 72.3925338735 45.0044649148 45.1134320247 45.1813031942 44.6609485325 45.1882565302 45.1721086205 45.1183570504 44.6259828614 45.092548982 44.8490166447 44.7143094184 44.8160892539 0 0
0 0 0 0 0 0 0 0 0 0 0 0 0 0 0 0 0 0 0 0 0 0 0 0 0 0 0 0 0 0 44.6812394205 44.5232149968 44.9321051184 44.8871084565 44.9802984989 44.7396910355 44.8699305878 44.8723650114 44.7775980255 44.811362811 45.0873941058 76.4908622874 69.7754999813 69.7754999813 44.632471518 44.817816802 45.0902619801 44.9246702239 44.9829688158 44.6968408567 45.1251305653 45.0579363793 44.9312715156 44.5489433985 44.6637229157 0 0
0 0 0 0 0 0 0 0 0 0 0 0 0 0 0 0 0 0 0 0 0 0 0 0 0 0 0 0 0 0 0 45.0813804311 45.1043764076 44.9997246274 44.6343175165 44.7808464178 44.7981324971 44.7393735149 44.7645866435 44.9172436351 45.1388642803 50.0103401023 69.7754999813 69.7754999813 63.35977535 45.1861769005 44.8388602551 44.5943913134 44.9506886222 45.1746956176 44.686479388 44.6221475865 44.5804562663 44.740941075 44.6611247462 0 0
0 0 0 0 0 0 0 0 0 0 0 0 0 0 0 0 0 0 0 0 0 0 0 0 0 0 0 0 0 0 0 0 0 44.9551002977 44.9022433486 44.6646876972 44.5502617446 45.1484420937 44.8374200551 44.6603896872 44.9025942331 77.268601334 63.35977535 63.35977535 63.35977535 45.0042011346 44.6602345313 45.0888860021 44.9030393625 44.5525623983 44.5156906447 44.7014864988 44.92470293 45.1432761275 0 0 0
0 0 0 0 0 0 0 0 0 0 0 0 0 0 0 0 0 0 0 0 0 0 0 0 0 0 0 0 0 0 0 0 0 0 44.6037557296 44.7569285185 45.1928660403 44.8635998911 44.9046620139 44.7719479732 45.2028704894 44.9269182967 61.7012770151 67.2666253855 67.2666253855 44.6970176422 44.5473148775 44.9832622031 45.1367203208 0 0 0 45.0380069689 44.945716724 0 0 0
0 0 0 0 0 0 0 0 0 0 0 0 0 0 0 0 0 0 0 0 0 0 0 0 0 0 0 0 0 0 0 0 0 0 44.9643954209 44.9363173465 44.5713167232 45.1251414388 44.7253768751 44.9548662116 45.035925592 44.6444362942 67.2666253855 67.2666253855 67.2666253855 65.0486221691 80.9831300921 44.688458552 0 0 0 0 0 0 0 0 0
0 0 0 0 0 0 0 0 0 0 0 0 0 0 0 0 0 0 0 0 0 0 0 0 0 0 0 0 0 0 0 0 0 0 0 45.0505117093 45.0938601692 44.6422826118 45.0401703018 44.8567573 44.6117038079 44.9244689096 45.0236539187 65.0486221691 65.0486221691 65.0486221691 44.6943055834 0 0 0 0 0 0 0 0 0 0
0 0 0 0 0 0 0 0 0 0 0 0 0 0 0 0 0 0 0 0 0 0 0 0 0 0 0 0 0 0 0 0 0 0 0 0 45.0920674432 45.1114263081 44.8077150514 44.6944337125 45.0226654205 44.6802450405 44.8980859262 44.672987505 65.0486221691 63.575709937 80.5312135376 61.1164318916 0 0 0 0 0 0 0 0 0
0 0 0 0 0 0 0 0 0 0 0 0 0 0 0 0 0 0 0 0 0 0 0 0 0 0 0 0 0 0 0 0 0 0 0 0 0 45.1493934973 45.0334562918 45.1080915193 44.9433576014 44.5556846069 44.928770278 45.0824757057 44.988441975 59.3941488514 59.8767863058 69.1737522758 0 0 0 0 0 0 0 0 0
0 0 0 0 0 0 0 0 0 0 0 0 0 0 0 0 0 0 0 0 0 0 0 0 0 0 0 0 0 0 0 0 0 0 0 0 0 0 44.526492843 45.1279964548 44.9316802665 44.9220886513 45.1976165647 44.9244761651 44.7142926178 60.3084226939 67.4907441472 61.796976374 65.6010979174 0 0 0 0 0 0 0 0
0 0 0 0 0 0 0 0 0 0 0 0 0 0 0 0 0 0 0 0 0 0 0 0 0 0 0 0 0 0 0 0 0 0 0 0 0 0 0 44.6016631705 44.9269126395 44.6032038384 45.1600318677 45.155198061 44.769377514 67.7315306511 66.30482432 61.8375152772 78.6458199813 32.8834300461 0 0 0 0 0 0 0
0 0 0 0 0 0 0 0 0 0 0 0 0 0 0 0 0 0 0 0 0 0 0 0 0 0 0 0 0 0 0 0 0 0 0 0 0 0 0 44.8552638205 44.7600593553 44.7079243583 45.0879658272 45.1217893976 0 0 78.6458199813 78.6458199813 78.9453372999 78.9453372999 0 0 0 0 0 0 0
0 0 0 0 0 0 0 0 0 0 0 0 0 0 0 0 0 0 0 0 0 0 0 0 0 0 0 0 0 0 0 0 0 0 0 0 0 0 0 0 45.1697079446 0 0 0 0 0 85.2234030284 78.9453372999 78.9453372999 67.6792871394 32.8874095716 0 0 0 0 0 0
