Spatial_Output/BAU/BAU_0105.asc
NCOLS 155
NROWS 192
XLLCORNER 196769.923733
YLLCORNER 449719.875193
CELLSIZE 27.603701
NODATA_VALUE NaN
[rows 0 to 22 of 192, columns 53 to 105 of 155]
44.0849620613 44.4397986607 43.7874215799 45.3021582829 44.9731464186 44.9092356133 45.0274016778 54.9757499702 56.8728873702 53.9526414278 44.5208818779 0 0 0 0 0 0 0 0 0 0 0 0 0 0 0 0 0 0 0 0 0 0 0 0 0 0 0 0 0 0 0 0 0 0 0 0 0 0 0 0 0 0
43.6820603624 45.5362076421 43.6619324537 43.5315889349 45.1519177669 44.7890889712 44.3759640507 53.0553020261 56.6412279867 64.5197592952 44.8781787014 43.1032649582 0 0 0 0 0 0 0 0 0 0 0 0 0 0 0 0 0 0 0 0 0 0 0 0 0 0 0 0 0 0 0 0 0 0 0 0 0 0 0 0 0
45.2848391033 43.3201788833 43.184547745 44.2535424588 44.1678070762 45.0276154395 45.2214522481 53.1586685284 53.098011994 54.2967694123 44.7859291553 45.3212722412 0 0 0 0 0 0 0 0 0 0 0 0 0 0 0 0 0 0 0 0 0 0 0 0 0 0 0 0 0 0 0 0 0 0 0 0 0 0 0 0 0
45.6687921069 45.3932189499 45.39192426 43.8814654006 43.7576193163 45.0911437912 44.7555000042 44.4854916501 44.64526581 44.8628804851 44.6200704026 43.4875963224 44.43438688 0 0 0 0 0 0 0 0 0 0 0 0 0 0 0 0 0 0 0 0 0 0 0 0 0 0 0 0 0 0 0 0 0 0 0 0 0 0 0 0
44.7245383077 45.5906819541 45.5039046719 45.6125318942 43.6797392517 43.0130959688 44.7032234219 44.2379850437 43.5763373553 43.965038163 44.6201792509 45.2328130982 43.2086817216 44.8414606619 43.5275073378 0 0 0 0 0 0 0 0 0 0 0 0 0 0 0 0 0 0 0 0 0 0 0 0 0 0 0 0 0 0 0 0 0 0 0 0 0 0
44.6628115375 44.1705260641 45.1967246953 43.1971851815 44.3313402177 45.0117724986 44.9141039363 43.626220173 45.5149721128 43.7220659541 43.5322584861 43.5226249587 44.0483110774 45.3425134045 43.2232434083 44.9132193697 0 0 0 0 0 0 0 0 0 0 0 0 0 0 0 0 0 0 0 0 0 0 0 0 0 0 0 0 0 0 0 0 0 0 0 0 0
43.7866927188 43.2327760013 45.3996875452 43.7713631694 45.4582532081 44.6450056641 43.7010831891 44.3713569993 44.9405366454 43.7940622743 44.5994874013 43.7159002687 44.1702322943 43.4622784595 44.9186019696 45.0222698802 43.8502889439 44.3577576542 0 0 0 0 0 0 0 0 0 0 0 0 0 0 0 0 0 0 0 0 0 0 0 0 0 0 0 0 0 0 0 0 0 0 0
44.2274523929 44.6088007717 44.3201804833 43.1165736167 44.2729918326 44.7251710585 44.8135494001 50.9306758189 64.4473711342 61.9173087021 43.8528917743 44.4486217425 44.8636430818 45.4105965477 45.4607890784 44.7442358137 44.3980607282 43.8819897606 43.1140772519 0 0 0 0 0 0 0 0 0 0 0 0 0 0 0 0 0 0 0 0 0 0 0 0 0 0 0 0 0 0 0 0 0 0
44.8262576366 45.7735787832 45.47450182 44.5461536747 44.6900951294 44.5437528123 60.1486766075 50.9306758189 64.4473711342 64.4473711342 61.9173087021 43.489861918 43.2660140122 45.4942493855 43.188857867 44.5874103878 44.3370684426 44.0809928634 45.3101638891 43.5685987599 45.1561805797 0 0 0 0 0 0 0 0 0 0 0 0 0 0 0 0 0 0 0 0 0 0 0 0 0 0 0 0 0 0 0 0
44.211978292 44.9119133546 44.220576852 45.6773218318 32.8001041021 32.8001041021 60.1486766075 60.1486766075 50.9306758189 64.4473711342 44.9797467874 45.60374622 45.0235124935 43.1394623149 44.0667735789 43.3431003617 43.978947676 45.2796545173 44.3443636736 45.4246968321 43.2280413796 45.3436357119 43.4403125562 43.4873810304 0 0 0 0 0 0 0 0 0 0 0 0 0 0 0 0 0 0 0 0 0 0 0 0 0 0 0 0 0
43.4418396652 43.0517767159 43.6735143701 32.8001041021 32.8001041021 32.8001041021 45.5125474602 60.1486766075 44.748029183 44.7611109755 65.6035577994 45.4730336524 44.8712936843 45.3597845332 43.8352019 44.9833459588 43.7952597644 45.5772103667 44.4610775691 45.7194639571 44.4758151565 43.1930637619 45.5269731934 45.2806870358 44.6175154588 45.6664302185 44.9053778167 45.4320751637 44.5984778856 0 0 0 0 0 0 0 0 0 0 0 0 0 0 0 0 0 0 0 44.9019953065 44.7227762997 45.1943914365 44.7676485971 44.5055637691
43.5796296731 45.1844413013 43.3432816626 45.8101592882 43.2222878363 43.7233962985 43.2295845938 44.0142327601 43.8901679449 44.9876197804 65.6035577994 65.6035577994 65.6035577994 43.6134913257 43.4059339304 43.8757407388 43.1025941831 45.0264660394 45.451159407 43.4815988637 43.1350682891 45.3997203918 45.5866860828 45.0466110714 45.4414388709 45.560752779 45.5414028664 45.0209751372 45.1207008268 45.4632149575 45.3177180281 0 0 0 0 0 0 45.6133621464 45.1983880667 44.6884664078 45.1139110956 44.8550833043 0 0 0 0 0 0 44.372625884 45.211930641 44.5173490848 44.187823604 45.8038115317
45.176954253 44.7304272571 45.5361219118 45.5127471434 44.2969424791 45.2565158716 64.1147463291 64.1147463291 72.7218763295 72.7218763295 65.6035577994 65.6035577994 44.9021549289 45.7292847641 43.4991923919 44.8121016435 43.0694168554 45.6465079295 44.0536029591 43.1200995503 44.3700034366 44.6464081053 43.0644269781 45.0101799588 43.4108864794 45.745618948 44.7938523774 44.343786779 43.544850947 44.2555647149 44.0431894394 0 0 0 0 0 0 44.5316499048 45.2479035686 45.1593477911 43.3032341687 44.5124411792 45.37194694 45.6733932777 43.167339576 0 0 43.5195464951 45.4504955308 43.291160313 45.2461129675 45.2959015248 45.4629319967
44.3163971066 43.3702585188 44.3577317152 45.2828909484 59.3188316256 60.3464610504 64.1147463291 64.1147463291 72.7218763295 72.7218763295 44.7151267914 43.7921596057 44.8729968583 45.5820384266 44.6538924572 43.9264479167 43.8823342201 45.3833431525 43.83505193 45.2259460965 45.0374964589 43.8675407682 44.4559642591 44.473628524 44.8378219581 43.8797655569 44.6666134842 45.3869545369 43.0923261139 43.1457624637 45.0982720268 44.4117383264 43.5656000722 44.0786034912 44.8348582037 43.0248938011 43.0967076746 43.0612513658 44.8935125161 45.780644786 43.7528090521 44.3795554958 45.5268172913 43.6934790034 44.2916403269 44.7583070558 43.6854873718 43.5039330165 43.4286945802 45.3962740514 44.5984398585 45.0250786152 43.7882592815
43.2752044752 43.854584508 43.5801820748 43.6758276167 43.2448155574 60.3464610504 43.0505949123 45.1412238643 66.1559309483 66.1559309483 87.8947581814 44.9026219132 45.7443241049 43.4443286615 43.558843447 44.1117604559 45.5129701591 45.2103259204 45.2335822953 44.6169415936 44.0041423216 43.3844988226 43.3192869495 44.7064781265 44.1098494056 43.9013760588 43.9810889924 45.3835021088 43.7842282241 44.5942310472 44.2562578566 45.2853239967 44.9647021721 43.4135174941 45.7193699283 44.178996083 43.390129344 45.1556497338 44.3046436178 44.8852332891 43.9469506232 43.4039964273 43.9360190788 45.3289816317 44.4013995313 44.9337174106 44.9166716052 43.6224731366 45.7611325784 43.3064905814 45.4611553928 44.8457198018 45.6344313701
43.9920654504 45.1173836895 45.4872021462 44.8354751548 44.7618620489 72.3558996226 43.0038492854 45.349378862 45.1017647697 87.8947581814 87.8947581814 44.6043155425 44.0857233244 76.2095023127 43.399957078 43.4471384696 43.6188993232 45.0147042687 43.964774345 43.123751936 43.0435017799 45.6778657678 45.6240593422 45.6917169018 44.880760749 43.3665626127 43.8924993384 44.6066426474 44.7905387577 44.1321911348 45.5757877873 44.4025242564 45.681579062 43.7778828703 44.090045523 43.9095718101 45.5143819999 45.4222205553 44.9964949862 44.6838209893 44.8740833731 44.0163949856 44.4935136797 44.4945535564 44.8732169892 43.5915620683 45.5125063005 43.2553497201 45.6962488671 45.1829557564 44.0207514918 45.5215838512 43.157886658
43.4469049867 45.0806242851 45.7923957007 45.4755947651 72.3558996226 72.3558996226 72.3558996226 45.396909663 45.1913340706 87.8947581814 87.8947581814 65.8171925506 45.2220091712 65.8171925506 43.4247343337 44.8654572221 45.636295481 45.560388203 43.6412946857 44.932464875 44.8359439793 43.3865930113 45.1029994753 45.5834372604 43.6339039922 44.4959320091 45.4092783775 43.725567569 43.5665497983 44.8665385568 45.3907409447 43.090210039 45.4021249551 45.0060874993 45.2337316499 43.8267211161 44.1217584021 43.43720696 43.699840473 44.5573698202 44.6454458609 44.3034357604 43.194314567 43.9614458849 45.4190565614 45.7823323982 44.4496497363 44.8424969302 44.5281738969 43.2359067271 45.3109688112 43.4190038153 43.9460662265
45.6260218069 45.5808313576 44.9554282418 45.2642239988 43.7387217925 72.3558996226 72.3558996226 45.365133421 43.4159523508 45.4915243828 77.3158653574 45.6728267912 65.8171925506 43.4366748674 44.2216361147 45.1661963042 43.9186984809 43.3443526774 45.240342529 45.4908442292 43.6093761607 43.2846358741 44.8855495971 44.8121533758 43.9320564486 44.531570563 43.3052393749 43.4851335575 45.5609859627 43.3278096354 45.8084883728 44.995286147 43.2662617869 43.5794114765 44.9320403895 43.1232586338 44.5364544349 44.7315225883 43.7745109926 43.7609431718 45.510192709 44.0599251636 44.4330158229 44.7065887801 43.8257097526 44.9963997287 44.1375956103 44.375729117 45.4234825619 43.2096824186 43.489093555 43.1752988237 44.1662152919
44.5402458862 44.8399476214 44.7454363191 45.2797445409 44.2799027904 43.0629908661 65.1594809345 65.1594809345 43.8265001405 45.7835276436 45.6589259798 77.3158653574 44.4303457204 44.2569111136 43.6428754021 45.2809752118 44.5342217385 45.0598700116 45.0861258836 43.7592310023 43.0684712368 43.7800956264 45.2127481638 45.3032446505 45.8208830955 44.1312811991 43.8995185353 43.7892261432 45.7543482221 45.1351039792 43.5042180653 44.9357142646 43.889957548 43.7177292667 44.2830376655 45.1594990246 45.0918508715 44.6694917628 45.0705367155 44.3374412008 43.8589998652 44.513176532 45.6043447433 44.3206284399 44.4540367151 44.6149797704 45.7982728037 44.8741413532 45.0210845426 45.679093467 44.4042780393 44.479809015 43.7941751233
44.8021471153 43.4948544857 44.9818056415 43.3065759067 44.9047521961 44.6433763656 65.1594809345 74.2865525314 63.9989195796 45.7052307056 44.3889625276 43.9524582521 45.1057467322 45.0593200368 44.1492056389 43.9702781417 43.5308822159 45.5498617592 43.9760581488 44.9870554594 43.8311515956 44.5760529136 45.4268405261 43.9859208281 44.3010761553 44.1002034694 43.8560810517 45.1954768402 45.1109027747 43.5019822541 43.7164321523 45.5089236667 44.9833473633 43.9651701267 44.4248961419 45.4041432426 45.3009339651 45.0059803791 45.3835361694 44.4250064183 44.024476584 44.6872389868 44.2505869008 44.0388583222 43.2098886862 44.9778373122 43.9222086049 43.106436403 43.6310710465 43.7876688696 44.3575650469 43.5559694651 43.2241658651
44.8926637914 44.467175498 44.7101204912 43.4348947376 45.6891144701 43.1177871795 45.4189688342 74.2865525314 74.2865525314 74.2865525314 45.5100024417 44.0185733585 45.5487993711 43.8256979501 44.1985543996 45.4569015032 43.9691314084 44.7897720578 45.0942608565 43.6153248674 43.2477866181 45.4165099564 43.3648024911 44.8808087029 44.1120035433 44.7905247515 44.9142070372 44.3770661467 44.7025496023 43.8060521098 43.0691167129 45.2989309651 43.4249854395 43.0162941735 43.3520420393 44.9808463815 43.9829427214 43.8446479356 43.1767672521 44.3596037359 43.4230829392 43.141644266 43.6685935717 45.4564640718 44.6217706744 44.4808944345 44.9165438742 43.6828147524 43.443804564 44.5254995796 44.1531725411 44.4758702252 44.5538916085
43.1592777275 45.7648089673 45.5631346913 43.7564438893 44.6283534241 44.9780368753 45.0432447173 74.2865525314 74.2865525314 44.9214550918 45.0328626332 44.7099356729 44.4004962885 43.2326520347 45.8247812626 44.5663519792 44.8903708249 44.7223708113 43.3382680603 44.7576824757 43.6011926774 45.0109650729 43.9826383127 45.1463477156 44.4399424238 44.6833489003 44.7312594867 44.6690808383 43.5812439253 45.7683838839 43.0319267288 43.7797472747 43.2033366465 44.8821046251 43.4897683679 43.3992375829 44.0437838841 45.5828646288 45.0825077004 44.231219087 45.1255401529 43.8638258883 43.6800208274 44.3484136979 44.776266924 43.2205695163 45.7815024981 44.7704572139 45.0601140204 43.9320208547 43.1381123131 45.7972004541 44.5432357269
44.7560025487 45.3433890864 45.0270074488 43.5297531546 43.6954039159 44.2795805487 44.5715850111 54.5337271015 63.1500452007 43.189451654 44.8808947095 44.0360081137 43.2394027495 44.5887928774 44.1857297983 45.7720834343 45.7584366386 43.3575310025 45.7882925156 43.8698677554 45.2465880037 44.1460252166 45.1188221154 45.2046089709 44.5527082551 43.0633785104 44.7404425305 43.9199902938 43.993834919 43.8331180343 43.8323235263 44.56530893 45.4341066425 44.4039887146 43.8959515875 45.018458123 44.1186909586 44.8377312419 43.3711819085 44.110833334 45.2300079726 44.4075992163 44.4101703382 44.6861955944 43.603044385 43.5445642214 45.2320098109 45.0108912425 43.8444713218 45.6152914724 44.6255324702 43.3185664947 43.0882758158
