Spatial_Output/BAU/BAU_0156.asc
NCOLS 155
NROWS 192
XLLCORNER 196307.867259
YLLCORNER 449144.565805
CELLSIZE 33.573938
NODATA_VALUE NaN
[rows 50 to 74 of 192, columns 57 to 113 of 155]
45.0760127627 44.8343041863 45.0130798499 44.5831618591 45.0562180707 44.7242029472 44.6026421514 45.1186698848 44.9963785187 44.5790165482 44.7280520836 45.0848565377 67.2316271152 67.2316271152 67.2316271152 44.6157137385 44.8983441566 45.1598825925 44.9588867964 44.6579570735 44.784269605 45.0720674572 44.6466728824 44.6076565711 44.6613626122 44.7540199629 44.8657914229 45.1306678766 45.0883817525 44.7019763292 44.8491188477 44.8900338097 44.9976633087 44.8208277248 45.1363374463 44.698254296 44.7427024023 45.1495732944 44.5836198857 44.6280110348 44.9886675033 44.9455453065 45.081244569 44.6445634389 45.1079566197 44.8524810457 44.8997613318 45.0489050225 44.9187466136 45.0465096395 45.0429434327 44.7506406318 80.471144907 80.471144907 80.471144907 64.4051492279 62.2434512197
44.9643453474 44.7782438475 45.1024947462 44.7376131533 44.9745547202 45.1417607246 44.9997446329 44.6949559264 45.1492727101 44.5870491501 45.0242707446 44.5450693863 63.7952915743 67.2316271152 67.2316271152 63.7952915743 44.7331371409 45.0941707222 44.9418164183 44.9417376307 44.5042488213 44.7783000763 45.1640021104 44.9831521588 45.1437302843 45.1010060205 44.9543823787 44.7615104303 44.9474169243 45.1067365218 44.6555152476 44.6305994984 44.8231172721 44.5379004847 45.1930307982 44.8816347761 44.8593898076 44.9696258453 45.1134442255 44.7680412362 44.8604248612 44.5303017624 44.7425592558 44.5412250009 44.8240506531 44.6701748744 44.7422244409 45.1962299433 45.1178996047 44.5519488896 45.1631049473 44.7322049633 44.5497952334 80.471144907 80.471144907 44.5042308581 67.5279337596
44.5463629 44.6263439012 44.8749031124 44.5545971084 45.0039844141 44.9909156778 44.7304755877 44.6522585006 44.7925402185 44.7195575117 45.0904036478 44.7241194895 44.5151461821 66.1100048164 45.2045142889 45.2015881758 44.5353872549 44.588972725 44.8606711296 45.0417443126 44.8597619654 44.5977617045 45.0009324984 45.0365223596 44.7494695228 44.7809645187 44.9684750443 45.0267510513 44.5429845528 45.1009178934 44.6692336414 45.1779801647 44.8613934458 44.720629648 44.8739997628 44.775394714 45.0407017137 44.5605164754 44.8013486797 45.0476158793 44.8918852479 44.6652118711 45.1172014638 44.6446824422 44.823123346 44.7952940701 45.1116882889 44.8429831875 44.7593805963 45.1044517747 44.6766774885 44.5277577921 44.9043851829 45.1049365808 44.8118868406 67.5279337596 67.5279337596
44.6116100157 44.8614958794 44.7683809916 44.8530150608 55.1824349626 45.1380103527 45.0390225805 45.1617535838 44.6200392908 44.502018744 44.5209751024 44.653657695 66.1100048164 66.1100048164 66.1100048164 45.1984233725 45.0682414189 45.0995260529 44.6681140175 44.5028041259 45.1484697259 44.8686432996 45.1413966354 44.8780188444 44.8639504858 44.5417818106 44.7105786805 45.100941953 44.9907766099 45.0390487699 45.0398436213 45.0412819675 44.993958014 44.6048648576 45.0303492964 44.625874866 44.953148034 44.897075559 45.0641618491 44.9902075201 44.946425995 44.7591558912 44.5606586271 44.5692961646 44.7542029238 44.6499801844 45.0435461715 44.8400195331 44.9040470415 45.0563241464 44.6697407962 44.9796193365 44.9071298278 44.7007770669 45.0221663576 45.1597018885 44.9031343981
56.9747493813 60.3306934447 44.9890972384 45.1144132204 45.0723195754 55.1824349626 45.151763851 44.914010191 44.833966283 44.9608275498 44.8017352792 45.1274648057 44.6398773358 45.1457735036 45.0077061664 44.6447481402 44.6315383891 44.5023492083 44.671291954 44.8992265465 44.6851581029 44.5662801379 45.1879528746 44.7289555927 45.0650147199 44.6381625617 44.9792025688 44.5194780748 45.0588974663 45.106534569 44.5978701944 44.8039504939 44.6621542444 45.1912249468 44.5483643713 44.7452392132 44.8309377197 45.1792658936 44.917830291 45.1945470846 44.7670938081 45.0094573636 44.8943943177 44.7864093438 44.9954744952 45.0962859412 44.9830742998 44.5752703335 44.7857679297 45.1349074596 45.0374476469 44.8276405313 44.6234492608 44.8422951218 45.1350067451 44.6378176122 44.6082946817
56.9747493813 60.3306934447 44.967830737 44.8563413264 55.2940214437 45.1076199418 44.8291500724 44.8317659998 44.9441942329 44.6084979756 45.0064160827 45.1871459372 45.0475340006 44.867873475 44.5755129786 44.9627488646 44.7470620359 44.7892776143 44.5926113862 45.1039349728 44.8457631733 44.953114865 44.7298246545 45.0492632508 44.8168630137 44.8117498265 44.6051046452 44.8155717579 44.821057039 44.7585775897 44.7277812294 44.8689442622 44.7750532749 45.148601233 44.565675652 45.0079913647 45.0030529505 44.7898382397 44.8456150461 44.6213316713 44.8086158592 44.97680535 45.1008410925 44.55606448 44.7088935266 44.7135680434 44.5204405703 44.8010709987 44.7316272657 44.9357804114 45.1503921437 45.1460310353 44.981203789 45.1793555704 44.6236697142 44.5718275832 44.6558739374
56.9747493813 44.7519853092 44.6216995856 44.7580717455 44.8777652905 45.0975517502 45.0078259573 44.7857351649 44.5618982668 45.1313543297 44.8255544848 44.6980308081 44.6858100783 45.2007815698 44.8004183158 44.6430270043 45.0092687375 44.5638433554 44.9112379207 44.7185475039 45.1949818935 44.8780054121 45.1786182617 45.019370778 45.1190593639 44.8202286881 44.8688855957 45.1687177535 44.9024399312 44.5649190126 44.7996530717 44.6334858003 44.8316289827 44.648187242 45.064629435 44.7117144494 45.0268304424 44.5624754644 45.1505051004 45.1956753767 45.201241809 44.8197368062 44.526385418 45.0470876841 44.535354775 44.9937816315 44.862088674 44.7755455225 44.6712627181 45.1182028137 44.8883722667 44.6203356687 44.5780586472 44.9606243922 45.0779154801 44.841839872 44.5199403335
44.9206903989 44.881400775 44.597195685 45.105967211 44.9693658526 44.5677808114 44.7667119258 45.081309033 44.6777714911 44.6211622279 44.8488270862 44.6297219528 45.1370334386 44.8856138347 44.5002600582 45.1889000412 44.6947517716 44.833988904 44.7639696417 45.0041674543 45.0534930867 45.1381027415 44.6567163516 44.8895980485 44.5140564211 44.9369831262 44.9070467554 44.7519297285 45.0827222163 44.843056595 44.9018688971 45.1849698704 44.555985393 44.8654687355 44.5597538735 45.082439831 44.8550046853 45.0535927273 44.6129143958 45.1334657817 44.8331708087 44.7810035194 45.1400620141 44.5793950709 44.9635782683 44.6948282864 44.8814829785 45.1071814405 45.1464102405 44.5232658979 45.1498359501 44.9657174642 45.1767131041 44.6410821228 45.1078652767 44.6899080492 45.1252985771
44.669424063 45.1893691527 44.8435274153 44.9212006664 45.1053288016 44.7023704677 44.7495875418 45.0653923881 44.8331819614 45.1315471775 44.6852240233 44.9784144856 44.8462470159 52.5034599082 45.0362233081 44.8480651173 44.5221657046 44.9306264095 44.9849512043 44.5054000068 44.6187284384 44.9627436457 44.652809911 44.5268325774 44.8513712034 45.0169593291 44.7317545857 44.5488746985 44.7042397704 45.1462301463 44.9411461484 45.0917661311 45.0196024873 44.7612204188 44.7246179938 45.1184018172 44.9924682154 44.6294808501 44.5469138593 44.5743369566 44.5634972722 45.0606095607 44.7873579402 44.6049721522 44.6500379308 44.8639469017 45.1905729512 45.0621016657 44.6845592908 45.0970606023 45.092939686 44.5782757923 44.5398535891 44.5603353396 45.1391786362 44.9223985262 91.213405402
45.0399386951 44.9225084137 45.0830647761 44.9131953784 44.5460798736 44.6627790001 45.0302482334 45.165758708 44.5830819069 44.9942461501 44.9602327056 45.1604427974 45.1682919295 44.74322649 52.5034599082 44.8133259487 44.5015495065 44.8189557767 45.0819933685 45.071968447 45.0314259705 44.8090813847 45.1677040902 44.7683556656 44.5667230812 44.7570001364 44.5176445989 44.8904322504 44.6957781287 44.8648362548 44.7103355522 44.8874514003 44.6515221589 44.6740298318 45.1789308372 44.7615770951 44.5750258074 45.0774433409 44.5922321363 44.5622946622 44.9887562149 44.6562025871 44.8385485259 44.9787381993 45.1371990262 45.0542324493 45.1551495998 44.7160509095 44.7002588359 44.8878895543 45.110560242 45.0897724302 44.6711407679 45.1766236934 44.931149622 44.7118574107 44.7419235323
44.8851399335 45.0671981607 44.8730190168 44.8742173085 76.0166362178 45.1607753331 45.1728459739 45.2027968607 44.7824860517 44.9114087691 44.8247208984 44.5860662743 44.8366109057 44.566040102 44.6079197345 44.6416833191 44.9208681976 44.8168904244 44.8954447993 45.2050852418 44.9568478003 45.0402255229 44.6538565894 44.6401023792 45.098198754 44.6796173236 44.7044669857 44.5214870566 44.9409148204 44.6389063318 44.8888452987 44.845391195 44.7525146514 44.9708717559 44.7200954384 44.5754945752 44.5819545877 44.8529050989 44.7490762778 44.5259272587 45.1894739133 44.7815004553 44.878193513 44.6719706015 45.1115546123 44.7083845736 44.7496168318 44.8859781778 44.9328717057 45.1176726905 44.8020563551 44.9242721416 44.6109341323 45.0048066344 45.1157340141 44.5055553497 44.8378702669
44.698463664 44.9760363868 44.6096877371 44.6572280074 45.0514456656 44.5796998319 44.646579408 44.644932459 45.0796221548 44.5845818338 44.8845119253 44.5377065349 45.1766480711 62.9283656485 68.9431450409 44.5116368484 45.0377030502 44.8530849821 44.5514369103 45.0539907247 44.9208298434 44.5071777503 44.7030942139 44.6515326681 44.6847699402 44.7791916881 44.9226285532 44.9657874438 44.9050009364 45.1943919228 45.1496554268 45.1467291535 44.7134319786 44.8726963154 44.5329744312 45.0550725995 45.1332027802 44.7814672353 44.9116124515 45.004636367 45.1548280459 45.0986003921 45.1790656188 44.6120021075 45.1758596845 44.6606980198 44.5994497154 44.6477243095 44.7862234332 44.5541702493 44.9429103386 44.686387132 44.6042365114 44.622231818 45.1358816659 44.5560395367 45.2016880165
44.5800619162 44.9639782135 44.8945122816 44.6850529681 44.8606967422 44.7268998477 45.1929401077 44.5367417801 44.7193034499 45.0388969826 44.7643929856 45.1718882312 62.9283656485 62.9283656485 62.9283656485 45.0489581146 45.1989655232 45.0315392327 44.9242924987 44.9803629644 44.851779233 45.1793459161 44.8673597458 44.773988034 45.0390185832 44.6866141284 44.8375661685 44.7642499451 45.1878372993 44.8001897463 44.527330982 45.0081972553 44.5568103004 45.1446586641 44.930031052 45.2052678714 45.0474627417 44.942577829 44.8499554926 44.8056501802 45.0920521632 45.0391285587 45.0627868016 44.9690395598 44.878575946 44.9839746094 44.6892694479 45.1863941699 44.8232848442 45.089504674 44.8214249065 44.9170070059 44.7667023141 44.5422767649 44.9339680455 44.5687456683 44.7056173912
58.7696981882 44.559306014 44.8849578035 44.6977081844 45.0560543476 44.5877537117 44.5991664335 44.6104754181 44.6200082092 44.7980885775 44.6902776269 44.8862897265 76.0112044182 52.7099151086 76.0112044182 45.1141615539 44.7203260335 45.0944136941 44.688391323 45.0413364856 44.836579847 45.0917855843 44.5698406468 44.7845056983 44.849707687 44.5172229631 44.9935262143 44.5434389755 44.586304298 45.1690496422 45.1657779089 44.5751473406 45.1524513352 44.6112972368 45.1650175181 44.7878830255 45.1465939925 44.9815190694 44.5844000098 45.1433476663 45.0572474339 45.0009737671 44.7937897821 44.8385740992 44.6733630338 44.7415450361 44.9520247855 45.0288286613 44.9808371678 44.7774437593 44.6317835288 44.9801298024 44.5259522758 44.5902017841 44.9902738481 44.5953742178 44.5656249979
58.7696981882 58.7696981882 44.7644703147 74.8868062083 44.6219199519 45.1501755908 44.8346827185 44.9159126726 44.5395223888 44.7594678849 44.8412760496 44.8971698514 52.7099151086 52.7099151086 52.7099151086 44.7016204015 44.7363575901 44.9476497219 44.7294169303 45.0311662914 44.8381125602 44.6645599486 45.1374296343 44.6683876392 44.9708219278 45.1888139348 44.6743368016 44.754502821 44.746870165 45.1852901014 44.7201348265 45.0141602311 44.9356373338 45.178190526 44.5517992812 45.1772956972 45.0228024758 44.9828268171 44.7371356137 44.6363308144 44.5448575727 45.127781157 45.1668650994 45.0642950898 44.8129025305 44.741640439 45.1984852821 44.784467149 44.875282316 45.1361962293 44.9306288509 45.1044984872 44.785699227 44.651222884 45.1210013915 44.930797912 45.0279113291
58.7696981882 55.6285294712 74.8868062083 74.8868062083 44.7217062701 44.8347206362 44.9112396465 45.0863364574 45.1660503611 45.1236568225 44.9413838473 44.730834144 45.0988389424 52.0849375033 52.0849375033 44.9853685212 44.8479214009 44.861813496 44.5264463298 44.5592216066 45.195778104 45.1294483961 45.0953808915 44.7900732705 45.125762728 44.637263109 45.0055368739 45.0867456589 44.8843770072 44.6459407072 44.9871504912 44.7067835911 44.9810538399 44.9562132416 44.7240938423 44.5781452883 44.8895113188 44.6249590364 44.6144437135 44.9272358019 45.1694489948 44.7642242682 45.1919033441 75.0219765401 75.0219765401 44.8976884853 44.6995810744 45.1608908865 45.0839472593 44.6064357308 44.5103496691 45.0977473346 44.9679838326 44.6824871528 44.7129203292 45.0394659235 45.1341284289
55.6285294712 44.6864989615 74.8868062083 74.8868062083 44.95357146 44.5141816208 44.616979559 45.1362195397 44.5484958358 44.5199511884 44.8570206184 45.108329409 44.8550993233 68.2882474082 45.1521022949 45.004385343 45.0493755826 44.9180625405 45.0002407889 74.343397339 71.8731880048 44.702987789 45.1209764288 52.6112714423 44.5032123637 44.5089995737 45.2037498057 45.096723632 45.0588690382 44.7261812508 45.0818993968 44.9228109449 45.1678452765 44.5407724172 44.6599390308 44.6899752591 44.9683043909 44.5152580811 44.7677149816 45.053908635 44.5260719656 44.9854676374 44.9440469763 75.0219765401 75.0219765401 45.0650545352 44.5131926214 44.5796615008 44.6102039791 44.9863407354 44.541441496 44.6321091515 44.9665463312 44.7387903235 44.7557122112 44.9023197714 44.5773482976
44.7208851067 45.0930196931 74.8868062083 44.9133691842 45.168045302 44.8579081077 44.6447987771 44.6718168435 44.9401077326 44.9480060152 44.6007153439 61.0058068932 68.2882474082 68.2882474082 68.2882474082 44.8191964385 70.420846918 74.1972629428 74.1972629428 45.1649229991 71.8731880048 71.8731880048 44.8363780029 44.6258407029 44.6179962569 52.6112714423 45.1566836543 45.1772701099 44.7487285943 44.7475301448 44.7715158818 44.9597645131 45.1909300826 44.7163610389 44.6916794385 44.9189321664 44.7410160459 45.1780040023 44.8509810451 44.8190520108 44.8218901891 44.6959066322 44.5663262195 71.2925252108 71.2925252108 71.2925252108 44.6846267132 44.968663988 44.7987218352 44.5309575346 45.1359145777 44.5558853438 45.1690582815 45.0683903739 45.0435890014 44.8233066469 45.1391147887
44.7922915748 45.0550418257 45.1566677972 44.5688241571 53.1469445054 53.1469445054 53.1469445054 44.5974995822 45.0531797469 45.1759016688 45.1941664633 45.0064085333 65.148157852 65.148157852 65.148157852 44.569777674 70.420846918 74.1972629428 74.1972629428 44.8243535257 71.8731880048 71.8731880048 44.9512264387 44.9439735655 44.6547957238 44.5598262585 45.2016063862 44.6418184789 44.9999181407 44.6375815069 45.1279383476 44.9889818623 44.9124461665 44.7046972662 45.104241108 44.8048336071 44.6752013943 45.0339344381 45.0310516478 45.1374470454 44.5772554395 44.5223494458 45.185866101 71.2925252108 71.2925252108 44.5719229684 44.7740321663 44.8093414444 44.7524023221 44.8339203703 44.5732520366 44.9158489482 45.1224427636 44.5274854209 44.7604192998 44.6750572982 45.1910557004
44.537058414 44.622518277 45.1808790212 44.7823593591 59.7593676116 53.1469445054 59.7593676116 45.1237793622 44.7886728642 45.1042956071 44.7968502077 44.7029546998 45.0699272004 44.705603244 45.1415380363 45.0880407117 44.9665301239 44.9157336946 45.1429428316 44.748612075 71.8731880048 44.7504184564 45.1261942204 44.7585418786 63.4061578704 44.8889076921 44.5182096784 45.1083589228 44.8172097926 44.9991130809 44.8249290133 45.171963525 44.9637177131 45.196026589 44.9718901181 45.1052549902 45.1331319807 45.1990936565 45.0259373949 45.160276522 45.2053358372 44.8173482909 44.5320994144 64.0405441579 64.0405441579 44.8694499568 44.9581078629 44.7240320874 44.7934291216 44.7873699691 45.0153013848 44.9446188768 45.078812882 45.1621117737 44.7734849548 44.6897182357 44.8579093164
44.7986264962 44.7463033178 44.5507408757 44.9121670829 44.8319468473 44.7621800105 59.7593676116 44.6931618522 44.5743797044 44.9391560709 44.5420001296 44.6820795577 45.0883993481 84.9613006416 78.2927811751 78.2927811751 44.6607038904 83.5398792871 83.5398792871 44.7248699066 44.7345038795 45.0659537234 45.0713612396 44.6575570497 63.4061578704 44.8396176462 44.9662482849 44.6271314792 45.0992985676 44.5878400294 45.094205709 45.0093596677 44.8067705366 45.0782635729 44.7671155767 44.6129923268 44.7832594204 44.9257984345 44.993625052 44.633393307 45.1038758243 44.6203415675 44.7859582297 63.2660917313 68.4823511296 45.1322262447 44.9601617908 44.5168330934 44.8659519362 44.621653901 45.0897059123 44.8990357585 44.8374714524 44.8367352554 44.9995269356 44.646543883 44.8383234845
44.7154897622 44.8136121613 44.5753010595 44.5900639492 45.1810823984 45.0044479047 45.1940286335 44.9085167154 44.7286619598 44.5810489257 45.0504790452 45.0018719183 44.8045853632 78.2927811751 78.2927811751 78.2927811751 83.5398792871 83.5398792871 83.5398792871 83.5398792871 44.9260588693 45.1116393088 44.7735805344 44.6696467651 45.0901118367 45.03005322 44.947315462 44.9912079854 44.9472797648 45.122731888 44.592847933 44.808512594 44.7089430968 44.8780039794 44.8911257096 44.9713285775 44.9472700826 45.1257658888 44.6622988817 45.1041790229 45.033388417 44.9652456352 44.8946769465 68.4823511296 68.4823511296 68.4823511296 45.1192802076 44.5851502794 45.0951532034 44.7437150788 45.2013792674 44.6040221981 44.7127397802 44.7742207426 44.7915211487 44.6797070209 44.7441607132
55.1972222697 45.0251601204 45.1325712052 44.8972469315 44.8133936307 44.6703383408 44.9251278388 44.5194762245 44.6565429857 44.7511081447 44.7506378821 44.6290711076 44.5088164752 44.8065490938 44.7922071863 85.2076349699 45.0785472719 45.1532048755 44.8397333135 44.9961887335 44.9831542688 45.0954304653 44.9205207956 44.861923506 44.6018484505 44.9938032732 44.537765419 44.7279594319 44.6279072074 44.9889615725 45.1142729845 45.1537458021 69.5707424577 44.8424443045 66.7452021199 67.3053803359 44.6625762183 44.5667992875 45.1809601814 44.9752417725 44.8617582577 45.0869560416 44.5939471857 68.4081185317 68.4823511296 71.4747605794 44.6237958992 45.1261625178 44.5527364812 44.8821356245 44.9534053576 44.795988589 44.6292430422 44.9433553493 45.0581393945 44.7625541079 44.786293726
44.5956500752 45.059503691 44.700257619 44.7932347246 44.5062713497 44.7000013755 44.8032391498 44.5515654644 44.5014237003 44.6976419246 44.9490127015 44.7702964954 45.0784447415 44.5641626569 66.3985990247 98.2883894388 98.2883894388 73.8254784168 52.7042773459 44.8829349303 68.1912988452 45.1200635824 93.7311611842 44.5925664478 45.0867487137 44.7604116338 44.8091424969 44.703801534 44.7937341332 44.8486112167 44.9335965168 45.119775972 66.7452021199 44.6317011251 67.3053803359 67.3053803359 86.9490603808 44.7995942795 45.2021914991 44.8449863348 44.7321243374 44.7484903611 44.7270459113 44.6122106816 71.4747605794 71.4747605794 44.6396021107 44.8115173674 44.798888768 44.8677607345 45.1352820438 44.891556092 45.2028842988 44.7702385362 44.9583179554 44.6905845133 44.7934505959
44.90839979 44.8883903929 44.8657269261 44.5132779603 45.0164300352 44.800188273 44.9788523734 44.7227135086 44.6435282782 44.8076292263 45.115885629 44.7111361664 45.1290825206 45.0558530024 98.2883894388 98.2883894388 98.2883894388 45.135658922 73.8254784168 44.8754823005 44.7168208468 44.8441254238 93.7311611842 93.7311611842 74.3238735583 45.0947288184 44.7084068518 44.5961259354 44.9020695753 44.6626375466 45.0558393559 44.5392687413 69.5707424577 44.9971770192 67.3053803359 86.9490603808 83.5566010309 83.5566010309 74.41835036 86.8792385469 44.6264567788 44.736961383 45.157146091 45.0858377209 44.5141936722 45.0367131818 44.8473572008 44.517370598 44.5354564019 44.892228288 44.8562123326 45.1536160094 44.5285331172 45.1994484714 45.1690907523 45.1856284328 44.5201241331
