Spatial_Output/BAU/BAU_0212.asc
NCOLS 155
NROWS 192
XLLCORNER 196769.923733
YLLCORNER 449719.875193
CELLSIZE 27.603701
NODATA_VALUE NaN
[rows 69 to 91 of 192, columns 53 to 105 of 155]
47.2173310909 46.1804160843 47.1682809392 46.2979845458 46.7940321641 46.1646770008 47.0169515566 59.2579642684 59.2579642684 47.2587830979 46.9881836683 46.7902775549 46.0438022574 46.5100899264 46.4319024578 47.099173935 46.6098900824 46.6653468772 46.7892764487 47.2666313241 46.3713636849 46.9895076185 47.1568679967 47.0724921093 46.2085717534 47.2803767644 46.8287260343 46.4008740105 46.1515938184 47.4104437551 60.3741642693 60.3741642693 60.3741642693 47.1460053516 47.1216310706 47.0529296077 46.7733697011 46.2759763818 46.3581004626 46.8033489913 47.1138499759 64.5798345557 64.5798345557 64.5798345557 68.9901635567 68.9901635567 46.3665739038 47.3039418845 46.2876064777 46.0101349157 46.5267651128 46.6164956147 46.0754296738
46.9622910368 46.7059012054 46.7212397502 46.8866772669 46.1555847186 46.0043593888 46.2734954096 47.0318415476 60.5512450741 63.8073220384 46.3277714785 46.2690173488 46.4203254787 46.2849372436 46.4672804298 46.4630109148 46.308773455 47.2199989557 46.1915171267 46.5264121002 47.1978060529 46.1859271202 46.9477183994 46.9174224559 46.9016510384 46.0185261824 46.9134909276 46.3527936284 47.1503212783 60.4676635555 47.2697219585 60.3741642693 46.756292812 47.3471309634 46.9510535785 46.0444986078 46.4078798074 46.7174731963 46.7612977786 46.215990688 46.3619755925 46.7692128745 65.1011656467 65.1011656467 68.9901635567 68.9901635567 64.3279595197 46.7079019404 69.8580434433 46.8815460032 46.0952195733 47.0499840524 46.7688559288
46.3780252962 46.2028608019 46.3075623463 46.588736451 46.3627170558 47.1788879106 46.6451001165 60.5512450741 60.5512450741 46.2113409674 46.6062153341 46.1043030032 46.7085111242 46.9151923943 46.1849595552 46.4401454359 47.182902727 46.9917072962 47.1203466066 46.163698537 46.9544713975 46.1295331294 47.2519008702 46.2151216257 46.4158255849 46.156763343 47.2542496414 46.8629890841 46.6610318096 46.9116620307 46.7926793581 46.0358801779 46.3876266293 47.393430838 47.1733154942 46.3382683671 47.1132632819 46.9404146773 46.3575197367 46.9410437123 46.3482686131 47.0026260358 46.7710688738 46.4218685596 68.9901635567 64.3279595197 46.650937664 46.3396552914 69.8580434433 47.0906304983 47.3334145966 46.6183430845 46.9873222764
46.3843148153 46.271760895 46.0651040435 46.7881140634 47.1410990026 46.8416118819 46.2037945355 71.5360032984 47.3908782521 46.3514576365 46.404582138 47.0434999933 47.2688156089 46.3590947534 46.2469677783 46.5411323936 82.0990803412 47.1821532367 55.3121809636 55.3121809636 46.5681874382 47.2884789698 46.4005819633 46.3869360668 47.1047133897 46.8891660322 46.1599269904 46.2348731751 46.2338211815 47.110572245 46.8332762581 46.2673582776 46.3263661788 46.6915333027 46.3494997896 47.2383721857 46.6207401374 46.2276121553 47.3340334919 47.3875098854 46.1074779517 46.4817466067 46.5975964004 47.0281384847 47.0216826698 46.5101690411 46.4353795801 69.8580434433 69.8580434433 47.3233569377 46.8423620428 46.4427786013 46.6696713904
46.3804505353 46.8805355431 47.3803253806 46.1118353854 47.001302665 46.2612778514 46.7557293866 46.6427076283 47.3043858524 46.2953359592 46.0302697191 47.314602279 46.9897249727 46.5375182169 46.0163834463 62.2399782477 67.446188172 67.446188172 46.6408866303 46.2039036112 46.4812228669 46.651469813 46.6247226474 46.9138310321 46.437920321 46.5996277795 47.0876523904 46.6848529128 46.704367978 46.5442490847 47.2692729131 46.9287490992 46.1724344348 46.412798077 46.9596845988 46.1287288417 46.9353648618 46.5994306025 46.2124349125 47.0980561307 46.9427111215 47.0289851827 46.2273864392 46.8883185072 46.7515550409 46.5353341685 47.3708534957 46.0175578512 46.8521523857 47.3106713635 47.0728009649 46.705009955 46.8690123118
73.1220094736 46.4260472039 69.7921825839 46.5551091162 47.008539773 47.1206022741 46.8745709056 47.3799883156 46.9915701771 46.046352215 46.8706398355 46.8859698816 46.3249947562 46.6265815508 47.2385446859 62.2399782477 67.5187606695 46.6597925091 46.8090513306 46.41063544 46.0744357912 47.3363607115 47.3672871337 46.514210509 46.9045334405 46.0858465217 46.4655690694 47.0990476372 46.6588684459 46.8904089434 47.0946678109 46.5674071073 46.2858863539 46.8739949859 47.2661183189 46.5430770831 46.9759521444 47.0132332696 46.210684898 47.3779190681 47.2242334611 46.4036912319 46.5707780165 46.2756545699 46.7066724199 47.0145144963 47.2698759519 46.1163245208 47.0388496336 46.6089120482 46.1285703632 47.1029134984 46.1651866166
73.1220094736 73.1220094736 69.7921825839 69.7921825839 69.5736034998 69.5736034998 46.6452153721 46.068229962 46.1760441425 46.2749806117 46.7460309113 47.0373405283 46.4391509933 46.962671012 46.7369996437 47.2869978593 47.2959369946 47.2243022909 46.1165027734 46.8772148591 46.966829984 47.289406 46.2905888827 47.348200459 46.9087131654 47.3871662393 46.118055387 46.3108913546 46.9060086665 46.6937445348 46.0015546288 46.55017754 46.3706405939 46.6069774413 46.9741481728 46.4980481042 46.7121277556 46.2614173774 47.0058061366 46.4621082736 46.1301531253 46.1768104771 46.7992934926 46.3445849099 46.414601894 46.342407014 47.2273979456 46.5935314043 46.1130056827 47.3754721569 47.3821357025 46.3151268363 46.2609967474
73.1220094736 46.0063174668 69.7921825839 69.7921825839 46.8203013247 46.0549881107 55.463531864 46.2584478264 47.3149018614 46.276532738 46.0692232654 46.1706242265 47.1528766194 46.0270463153 47.2198480141 46.4649874582 46.1691705217 46.9101690318 46.8755467873 46.2882559763 47.1746219634 47.3437902256 46.7624616435 47.1271924455 46.3799504162 46.4996066684 47.3721025124 46.4453704321 46.270677514 46.3612222453 46.0266047855 46.3221719904 46.7153732898 47.3675883588 46.9084053597 46.6662976469 47.3904470413 47.0136238828 46.8836142123 46.055762407 46.6999814072 47.0354427425 46.3431658769 47.163987 46.8101659804 47.2691197564 46.4343172109 46.7019448233 46.339587682 47.1487049566 47.4013295548 47.2062161239 46.1934881506
46.4873057957 46.2087463011 70.628720008 46.2254371146 69.5736034998 47.1506064561 46.6260989015 67.8081009057 47.0168382031 47.3825675641 47.3845293171 46.0458878938 47.3560604045 46.5584436931 46.4347047655 46.1279319087 46.4107516253 46.1096249268 46.5269335134 46.4990102858 46.1658674665 47.123233633 47.3461999133 46.0458081697 46.2689875937 46.2229483682 46.3255670478 46.0325112019 46.1772183699 47.0251587948 46.6671251968 46.7708832775 46.4408283393 46.811080361 46.208390407 47.1234443512 46.475189971 46.7739510668 47.404857158 46.5383990812 46.6385562483 46.3347431041 46.5196222608 46.4285252223 47.1563196984 46.7881214423 46.9282092255 46.0012524628 46.5657280152 47.2013891659 47.3994015866 47.3495867771 46.60874231
46.3869464728 47.2729822652 46.8249011004 46.2115533175 46.6786814752 46.0505179408 47.1780054808 69.9519890844 69.9519890844 46.0303992756 46.968288485 46.0591679582 47.3756856857 47.412920719 46.0284129229 46.3750649784 47.3949631468 46.3879018579 47.1247684256 46.976038075 47.4125632636 59.6906503199 59.6906503199 46.9029521999 46.2645148332 46.3172581524 46.3934630692 46.7543531278 46.3813366013 46.549921048 47.1744960503 46.8445192884 47.031893437 46.2154895876 47.3502819168 47.0929632805 46.2343324133 47.0939382591 46.1067945324 46.4447200177 46.5440819411 47.0491194996 46.7137884593 46.2935971011 47.3694930799 46.7755016135 46.0303969601 46.9781785838 46.3432919059 46.8040215378 47.2289743619 47.2281587323 46.5809681765
46.1005780858 46.5466691095 46.7170604399 46.0312551194 47.0821315004 47.1449052739 46.5808935481 47.3281819216 67.8527730154 67.8527730154 46.6858240869 46.0484733429 46.585116555 47.3797066443 46.6164787647 47.1605293267 46.1051618696 46.9354762928 46.9734448869 47.0663882157 59.6906503199 59.6906503199 59.6906503199 46.7551429999 47.1456282508 46.891331766 47.2314979624 46.3252927034 46.4052026589 46.4307314736 46.7422972591 46.3308708211 46.0134941692 46.1075476136 47.1614255661 46.9296719305 47.0700665515 47.2598785851 47.2217379042 46.9148779431 46.973537221 46.7617781242 46.8344467658 46.9750769715 46.8679300768 46.0028291131 46.1606320765 47.0612547091 46.7387458497 46.5136889086 46.6016484123 46.4374869113 46.7689110219
46.0830178885 47.0249202207 46.105700264 47.22011519 47.3449096971 46.7697069255 47.390582701 46.0206546303 67.8527730154 67.8527730154 67.8527730154 46.3362620215 46.0209298953 46.715936192 46.8465126088 46.7556068192 46.6073603267 47.1227732613 47.4120175137 46.2491673891 47.1655958363 60.6448102395 59.6906503199 60.6448102395 46.4386860491 46.8456049158 46.7761110525 46.8124281856 46.2766902697 46.7608542879 47.4128975741 47.0771408452 46.2839471485 46.8146282883 46.9524826099 46.1791377765 46.3003977379 46.1021076003 47.0666728659 46.4276705524 46.9611150123 46.3878153672 46.3470986286 47.1218015398 46.757073347 46.0069391977 47.1203381506 47.1814555347 47.4112799527 46.3834190783 47.3016381808 46.5876779901 46.0907015342
46.2180480896 47.1822305345 46.9390701947 46.1458771954 46.2814581199 47.1704645646 47.0920252544 47.0281159265 46.6150115772 67.8527730154 66.7145239125 47.3288771332 46.1986816757 47.094588106 47.2404015911 46.0002390972 46.7685296576 46.298859698 47.3181234631 47.1429166828 46.9152131082 46.6638163651 46.1960140358 56.0922368288 47.0511736128 46.5677664731 46.8644866469 46.4782939917 46.1494324623 47.2903570948 46.3564575005 46.321973811 46.9828926076 46.1637685028 46.4010084525 47.4015726238 46.0778437088 46.6763489051 46.7082579612 46.2734462846 47.3205844737 46.0836849771 46.1874239684 47.2367248069 47.3587344328 46.9710168705 47.270596013 46.2917656107 46.7673882841 47.130994192 46.6149636673 47.211580326 46.7262530529
47.3998891827 46.0851806695 46.5829026595 46.2689606136 46.2126263955 47.3905233316 46.1005531391 47.3142120943 46.6552000067 46.0857844688 78.8031565265 46.5142820953 46.6235303776 46.9362700669 46.4262869576 47.0103412184 46.2792652745 47.3247521896 46.6049834525 46.545532137 46.8413520679 46.0492094241 65.8218697171 65.8218697171 65.8218697171 46.3997856954 46.0449190922 46.3025609823 46.154093511 47.2941996021 46.73406505 46.6304557068 47.0768200595 46.2556687051 46.0536662657 46.367361595 46.2414087279 46.9097107294 46.786723094 46.9340637664 46.2389347394 46.2737962633 46.9230329672 47.2196056507 47.0285571108 47.3040216246 47.1189229266 46.5714611349 46.7092118802 47.0755645131 47.1424700464 46.0627776292 46.2233228272
46.906116571 46.7522910889 46.783016587 46.6451200195 47.0905366862 46.3165178836 46.587498217 47.291520654 46.9882949287 46.9212394523 47.3289338163 47.2867325201 46.7257341965 46.0678000162 46.4648466612 46.1632181055 46.1747526212 46.8541916609 46.5161370357 46.8285904351 46.1708010302 46.6023186995 65.8218697171 65.8218697171 47.200770619 56.9722729111 46.4929831263 46.898753394 46.4442007139 46.8065357148 47.2177882269 46.5324651667 46.8702616289 46.8691262749 47.2427557441 46.1525806154 47.2650345161 47.0667942904 47.0797169851 46.1853775825 47.2520483672 47.0485477696 46.9596312205 46.7693469923 47.35392484 46.4801753154 46.6040205749 46.4260664619 46.3128157658 47.3934858963 46.0410439102 46.0570408516 46.4010744495
47.0113713267 47.06970087 46.7124157677 46.7757936563 47.0408820427 46.8827192919 46.3253912231 46.5685527129 47.3455440045 46.0355959248 47.2195153998 46.3562527968 46.2010006908 46.8526968428 47.0396142177 46.0533508882 46.4432971828 47.1657238386 46.0038926496 47.0614356377 46.0157911218 46.4267392608 46.7849226414 46.6498733142 56.9722729111 47.2995977589 46.8797043928 47.3979008975 46.8188029886 46.7902127739 46.4851370546 46.2644690751 46.6333770206 47.2833397726 46.9733108304 46.668266034 47.1093558225 46.9434941455 47.2856135785 46.0973296592 47.3831700582 46.8803682626 46.975579289 47.1643366613 47.2667468256 47.1485305742 47.3205162107 46.0278307781 46.1098488447 46.3180771106 47.063161021 46.7826029714 46.0060570428
46.6131165092 47.3628464385 47.4071874688 46.7664357868 46.0738681748 46.0249268978 47.1283151286 47.1218024319 46.5323318717 46.7844138967 61.3818385421 46.8117938845 46.3726958598 46.1486591109 46.6777544074 46.6249987385 46.9729207023 47.1800439619 47.1722744113 47.2278263055 46.4460312771 46.7903444917 46.6409815423 47.306447621 74.9817137358 74.9817137358 74.9817137358 46.0329483949 46.297432581 46.6799358072 46.0691139804 46.2392215897 47.0505264875 46.6575108056 46.9057025765 46.2699898912 47.3617602862 46.4443512743 47.0437295889 46.3651847945 46.2807888271 46.0259582072 46.4427612346 46.8586614304 47.0449809184 47.3310547919 46.8373760457 47.2823452839 46.7821194346 47.3121548415 46.8671674272 46.2074863633 46.9377157244
46.047284885 46.7150111426 46.7615705254 46.8886241053 46.5023618185 46.3426620954 46.6345796822 46.5152367877 46.6892398375 61.8676137496 46.2207187322 46.8721431857 46.5991710303 46.6985449271 47.2557723648 47.1415429715 46.8848761445 46.6200896861 46.9599999883 46.0886668553 46.8004736646 46.0907079274 47.1061393064 47.2406847971 74.9817137358 74.9817137358 46.6617788396 46.5937542946 46.3841237683 46.5518239783 47.1253966736 47.2827254782 46.0884821395 47.021652437 46.27175585 46.4689244737 46.476428274 46.2625285493 46.4861286153 47.1788697244 46.1442874966 46.9829967121 46.1083871754 46.8392570642 46.1687936731 47.2423018955 46.1878805317 46.8617549662 46.3685854054 46.3459618703 47.3138940308 46.1854463597 46.4511528002
47.4063755845 47.3255326866 47.2305214976 46.2724375505 46.6566321916 46.985546854 46.3128213151 46.0437494774 47.1110715067 61.8676137496 61.8676137496 46.9436152871 46.2798146076 46.0983788908 47.0228961674 47.2132641789 47.0656163664 46.9962406481 46.6903277764 46.6605873518 46.3999851946 47.1408714042 47.0302671392 47.1314558415 47.1467513667 46.2688924634 57.1636014017 46.1773863016 46.5740391659 46.3576915477 46.5042333392 47.3555477348 62.2495219863 46.1127492908 46.898510798 46.1047753627 76.4646968207 46.1873479769 46.7642851308 46.2807378786 46.3269394491 47.3096249317 47.1031356004 46.1529414101 47.0673101866 46.6235544825 46.4414277196 46.7476552399 46.7778002583 46.5981849222 46.0035205902 46.8793626438 46.1603324535
47.234299546 47.0140207861 46.590610818 46.0238468283 46.3862453462 47.0919998674 46.1291443876 46.9431014882 46.3760438203 71.8212713364 47.1902937238 46.2469535019 46.365242937 47.0734765471 47.3038238912 46.3440242006 47.3992105093 46.5371132089 46.9794305659 46.2251778682 46.9900188184 46.685623142 47.1056698726 47.2345039653 46.5154185626 47.3597314495 57.1636014017 57.1636014017 47.0021153172 46.7239316156 47.1642375179 62.2495219863 62.2495219863 46.87982657 47.1734677883 76.4646968207 76.4646968207 46.6694153162 46.3619684785 46.895249577 46.5960244025 47.2394574398 46.8970696131 46.4335903113 47.2407202174 46.6105311739 46.4189181327 46.3859828332 47.2663240691 47.1917405026 46.3264664979 47.1665208927 47.2752476327
46.5000762094 46.9329246172 47.3938253232 46.5850171408 46.6160618875 47.2051103732 47.308255354 46.1713908857 71.8212713364 71.8212713364 71.8212713364 46.2285763734 46.6890365394 46.2657830585 46.3584245763 47.313627521 46.1635578735 46.5243466835 46.4257014293 46.2436543955 47.2983192589 46.4644682896 46.9698495758 47.095659609 46.4573497083 47.0642455952 57.1636014017 57.1636014017 77.2350752713 47.403528317 46.4871406379 62.2495219863 62.2495219863 46.5598700336 46.3707182165 76.4646968207 76.4646968207 46.4274317197 46.4450698367 47.0218506732 46.8030428984 46.7982250354 46.9897318633 46.9813500143 46.2648697439 46.3944580217 47.1950631998 47.3463735337 46.71891366 46.6623666918 46.3204449927 46.588395102 46.6597119316
46.1658363667 46.0793845404 46.5674433511 46.3157591798 46.6152741625 46.4545787537 46.4524022185 46.0623866627 69.8453366602 69.8453366602 69.8453366602 46.7097452085 46.5810437905 46.4981443837 46.4074348473 46.6148137145 46.7251131597 47.1674192457 46.7478296008 47.3255643463 46.4745506752 46.031991813 46.8760849402 46.1475230668 47.3000272633 46.0785484045 57.1636014017 77.2350752713 46.5087213584 47.1686164223 46.7630788983 46.7147172526 62.2495219863 47.4123180907 46.0040688728 47.1781174505 76.4646968207 47.1084732187 46.9898573105 47.3146565611 46.7979730177 46.8361694281 46.6076020606 46.9844403315 46.4489909856 46.6490968729 46.0795803822 46.8165176404 46.5605776251 47.0222109159 47.2366321748 46.689824674 47.0658064395
46.5570814405 46.4130465319 46.9926675544 46.204915712 47.4136294451 47.2289107867 46.2483166204 47.1410054546 46.6766957403 69.8453366602 69.8453366602 46.410054303 46.7517262263 47.0971904707 46.1892406458 46.7632913066 47.341588959 46.5799969031 47.2584629844 46.1454621473 46.5335743685 47.2621088616 46.1184991225 82.8409610103 82.8409610103 46.7453929897 46.5219958755 47.1314131515 46.0406728689 47.2482018216 47.1039609599 46.7775139617 46.8534994566 46.6582138599 46.0555969275 47.1937595758 46.8157917374 47.3795778707 47.3321997407 46.8491201108 46.5446896571 47.2483738885 46.7525152687 46.8362581002 46.7926147107 46.1082779475 46.4187002671 46.4564487092 47.0649947762 46.2266878243 46.1725063371 46.4558902362 46.4046573193
