Spatial_Output/BAU/BAU_0764.asc
NCOLS 155
NROWS 192
XLLCORNER 196769.923733
YLLCORNER 449719.875193
CELLSIZE 27.603701
NODATA_VALUE NaN
[rows 46 to 68 of 192, columns 0 to 52 of 155]
23.7522151244 25.3831839283 26.5613955709 25.1142090153 24.5357832204 25.8528906071 25.0985555694 25.9791566409 25.1219478212 25.2638756882 25.2949211959 53.450247541 53.450247541 53.450247541 24.7888757606 24.1530380749 23.9708797308 23.7372276645 27.1406633363 24.8891624514 25.6992368467 44.2569508533 44.2569508533 54.5421725775 26.7447872656 23.4670943204 23.7104643287 23.1387104162 23.8909198992 24.0904821957 26.8966883262 25.194186267 25.3698580326 23.9741044511 25.4667048042 23.8853778077 23.0870828354 26.9935164206 23.9486381751 26.8104324355 24.9031756426 23.6502540782 25.6977886697 25.9107438281 26.63433487 23.1736230544 26.6062277411 24.0578886505 60.9464311094 52.0528686917 52.0528686917 73.2299310939 44.8424032185
26.3545969962 26.1014489131 26.706294098 23.233991753 26.4457789469 23.2756201927 23.6701085371 23.4115618369 25.690755554 23.4180667027 23.2714823803 53.450247541 53.450247541 53.450247541 25.7845383771 25.306179079 25.8831505348 27.0613503726 26.0105879429 23.6650900276 25.1589070002 44.2569508533 44.2569508533 74.1880299839 27.1332725836 23.7478045226 23.7648287573 24.5405490832 25.2948121289 23.3679167885 23.8769039235 24.1633946918 24.1294195902 25.1549462143 25.7306698761 26.5616522166 24.8187667558 26.0413137204 25.7707175838 23.8753954116 27.1560891057 23.2541812944 25.2337415142 25.0297375997 25.5368816769 26.8505909343 24.0723760215 24.1147280404 26.4234417275 24.8251004665 25.7160135598 24.0583129652 44.8424032185
26.8366484688 26.89035781 26.7269927917 25.5033184078 24.6454938313 23.5954610071 25.7721679106 26.2723344722 24.7448872106 25.6737543112 26.4568836955 23.7046975325 56.5519307435 25.1815372447 23.7002782481 24.4842309465 26.7666010372 26.9323576168 23.1060155023 23.9086030832 24.7441296406 24.3872988109 74.1880299839 24.2289038071 24.0764117767 24.5135627026 23.1961291097 24.3855516126 26.5760289055 23.6561302022 26.1895768213 25.5412610819 57.1757107999 26.9573996866 26.647425393 23.7257400985 25.5184517545 27.2211815566 26.6621458916 24.3553439393 25.1685196319 26.1468092979 24.1943751995 26.4156888158 24.3787476979 23.0282834275 24.6357694408 24.9972610831 23.6153824344 25.5446604666 24.4360196467 26.7692550398 56.6351890305
26.1846209332 25.9835990483 24.1828777251 26.4483462842 24.380413551 25.8855875644 26.5033827783 24.2020680881 24.2722409132 23.9124657661 25.3128081093 24.8506708148 23.9979052229 62.6544672681 62.6544672681 49.1036763947 26.5474273606 23.2690049299 25.0637982702 26.3822049727 23.6331700704 24.6501631475 50.8331128298 48.8523127356 50.8331128298 26.8885638118 24.4783820977 23.1414264633 23.4426747602 23.0366749791 27.1641540083 25.3181222111 46.7913250475 46.7913250475 25.2388083557 23.7765402037 25.2895342684 25.0038877248 26.1187507807 25.4970199699 24.9378131948 24.904360772 26.4580460508 24.124714349 24.5428598291 26.2749913659 24.6704855123 23.2509112241 24.2495696437 23.6470605784 23.6868365123 24.7067548593 26.3518641536
26.0097642469 26.7055411868 23.1357638446 26.1132239643 25.4766557199 24.927740396 24.9075534871 25.4717696584 25.7531041887 25.6204490308 24.6716800457 23.9847998557 62.6544672681 62.6544672681 62.6544672681 24.0940655286 24.4987599247 24.553352396 26.2590206148 23.252195975 25.4544007018 25.9217406077 48.8523127356 48.8523127356 48.8523127356 24.8859272458 26.687474413 25.874873104 24.8966608942 23.3728079917 23.7607158729 46.7913250475 46.7913250475 46.7913250475 46.8546028885 23.9328344314 26.2127623361 26.4695847364 24.8159864687 26.5950361387 23.3557072836 26.8863223722 27.0237107716 26.7715531169 24.9415052483 23.5484068168 27.0290082141 25.1748475151 24.0309188837 23.6379139173 25.6120793372 25.2423880108 24.2278902982
25.2494623762 26.819924921 24.8704596175 24.1688356128 26.632510266 26.2668282062 23.6464344605 24.0322255589 24.035178301 24.4372665609 26.8605811161 23.902998874 23.1550688773 63.197747127 63.9025383788 63.9025383788 55.9403432621 23.3135825937 23.478891422 25.6872348576 26.9997939634 24.4779281181 46.7058193149 43.2024514831 23.878424665 24.2298696285 62.0846192148 56.7545269545 25.2792341708 23.6308468942 26.493249913 23.4486945054 24.498599411 25.821369475 26.8936248302 26.3087081443 26.8091513367 25.5703948567 26.9740149704 23.9275530857 23.6234552553 24.2751118329 25.720129397 24.637343944 23.2312170765 25.5163904959 25.4313133191 26.8363984528 24.2283977164 26.2200910212 26.4360219753 25.6983694622 26.3804032692
23.9478356628 25.6419290329 25.5235675942 26.7718605705 25.9755127417 25.9441278811 24.0366980455 25.5527413303 23.039364339 24.0352869161 23.1287482193 26.8699723153 24.2561972391 25.7004795175 63.9025383788 63.9025383788 54.5495762611 51.472634164 52.604267573 57.8428926013 48.7011176028 57.5871578074 42.6438503422 42.6438503422 56.365252446 26.6431459823 56.7545269545 56.7545269545 26.4230395172 23.1352648428 24.5979334972 23.7322300691 26.2505986633 26.2675343348 23.6591349664 25.5097662296 26.7697597906 24.1599700231 25.925883685 25.5969854101 25.266998308 23.0402461258 23.3296725237 23.2574614073 26.3355565112 25.4094971236 24.2378900221 25.475099764 26.6211493728 24.7212762767 23.377385139 26.9991880334 24.0156888216
25.7923539492 25.1662941232 25.0585958812 23.8464603639 25.6332879751 23.8329444691 24.9178632278 26.9148557392 25.0106554367 24.134076431 26.1743162633 25.138546668 24.6561900047 24.7089712496 55.9403432621 54.5495762611 54.5495762611 51.472634164 51.472634164 61.8413770867 48.7011176028 48.7011176028 42.6438503422 42.6438503422 56.365252446 65.5955251147 56.7545269545 56.7545269545 26.2335529953 26.0803871835 23.2569095425 26.1577584348 25.6593943713 25.0835240106 26.922667247 23.6956966242 26.0189560597 25.0058401669 24.3453080101 25.8211534219 25.3298851462 23.9904270557 25.5225664748 26.8237779616 23.2373093503 25.6707356965 25.4420313923 25.1384427613 24.0562297329 23.8139958432 23.0989653636 26.3609998698 27.0798422569
26.9769581374 26.2059053453 25.1223667657 25.306846421 23.8833068648 24.2278146711 26.4198526855 25.4671390804 25.7400945132 24.6650543617 24.9283149415 23.4641681067 25.8818388566 25.492172229 27.1112383619 59.0673889182 51.472634164 51.472634164 52.604267573 26.6143028601 48.7011176028 57.5871578074 74.0970916495 42.6438503422 53.1985315075 26.5353217207 62.0846192148 56.7545269545 24.2167023307 24.7287163322 24.7803906616 26.255437078 25.4536701689 26.262979593 27.2272257533 23.045427074 26.2554656653 24.5008053953 26.2237082503 24.5898587407 24.5347301798 23.5758643978 26.3743772809 25.2674237278 23.1250027915 27.1143636082 25.1918753531 25.1927753038 23.4404666165 24.4027630369 24.1283722283 24.9168543764 23.6753624566
26.3530219489 25.6614736398 26.2653445134 26.167508083 24.8252583125 24.4585864029 24.0945251163 25.7718957937 24.8215626587 27.0262051794 24.0781518458 25.5126681849 23.5944810614 23.8948868507 24.0261063918 51.4909637231 51.4909637231 51.4909637231 25.1196267092 26.3571701663 24.4921042382 23.5258324244 26.6643061138 53.1985315075 53.1985315075 53.1985315075 25.4460786764 23.3478639428 23.1060427374 23.7911747117 25.9307721773 43.51706154 43.51706154 43.51706154 43.51706154 26.628455644 23.8724165721 26.548472389 26.3596425934 25.6131703287 25.0623600531 23.0662113544 27.0998035125 26.5599999496 26.888357154 24.0357585562 24.5401944078 24.1784549706 27.1083452263 25.5017499588 23.0149465604 26.8380321545 23.2933884024
23.9230888753 25.0490689402 27.0324326804 27.0006357234 23.8162363004 25.1896351545 25.7330181427 25.7129411989 26.4796987781 26.5756793525 24.5359070898 23.2292337571 25.951450856 25.2988950661 25.2676999562 51.4909637231 51.4909637231 61.7200652879 25.1568809194 24.3633579543 25.6244335828 24.970995258 23.94188112 53.1985315075 53.1985315075 24.0338127573 26.5136748239 24.3003765667 26.7513398418 23.713047461 23.9082458478 27.0336072464 43.51706154 43.51706154 23.2775495403 26.3407101617 24.5216054295 25.6219064939 25.8022549837 26.9528652116 23.2502703685 24.6413698017 25.8211870089 23.7045244863 25.346194556 23.1110946278 26.006334753 23.2973529593 23.444961854 24.5274134367 23.756411814 24.2015851209 26.3645725424
26.5059082297 23.9744888602 23.2389618765 23.1644981768 24.6699453488 23.1357328497 24.8725842941 23.3832579295 24.3140075086 23.9407515748 25.7381692226 26.7536587767 24.6203372695 26.401674432 26.0686476004 50.2600770753 42.6862645308 42.6862645308 24.4933945466 24.7704244981 25.4790522124 23.1173487482 24.3858509873 24.1908382782 65.9205552422 65.9205552422 65.9205552422 23.5280765008 24.625266248 24.9155680676 26.5875619305 59.1870142078 59.1870142078 59.1870142078 59.1870142078 25.9642526124 26.1690098433 26.7574258543 26.7100116209 25.5232731516 24.2817711794 25.3802562891 25.0511125806 25.7052620309 25.3831347272 24.1915828586 26.8057345677 26.5206995637 26.5343727644 24.4196068774 24.3691307465 24.2154627233 23.9632853209
26.1097057026 26.1218090299 25.0594789848 23.6272746118 27.1986895555 25.6448376112 24.784341868 23.5940203103 26.3082739236 26.3090344132 24.9162373464 23.5674914254 23.6173768628 23.0352859986 24.1748474871 42.6862645308 42.6862645308 42.6862645308 25.1663522212 23.2506967202 26.23157215 26.7146742542 26.782705921 23.1534082258 62.4423113044 62.4423113044 62.4423113044 24.3763476559 26.9098179617 26.1098884462 23.3036676014 56.0523267039 59.1870142078 59.1870142078 56.0523267039 26.6333082347 23.2459464393 25.7428029007 26.8177919322 27.142856164 23.7391694015 25.960782202 25.2563581162 26.6345446334 23.6942722934 25.2080744407 23.144353342 24.2503322079 25.1313586035 23.0824136789 23.8131917985 25.7163365575 25.801727411
23.1313795102 25.2650595161 24.257444112 27.1981716011 23.4220670245 27.1586463625 26.756600773 24.2995244138 23.7471095044 26.1627888848 24.908744164 25.7494338516 23.5518279176 23.3074985285 25.3029861185 25.9379326938 24.4326026123 24.0216240057 23.0065090423 24.15430064 24.0365861533 25.6264895694 26.6327800682 25.0933062821 62.4423113044 62.4423113044 70.8317316451 25.4342850572 25.4996588471 26.9410380166 23.3327942823 26.3755104869 56.0523267039 56.0523267039 25.8436497502 25.5552787777 27.0826433212 25.1319294926 24.8900731798 23.7097596518 24.4312342932 23.0684947725 26.989132295 26.5556186463 27.1576494495 23.5949006222 24.792561069 24.5331690888 26.6495452613 23.6337690741 23.9797963449 25.4336778088 46.5844117644
25.0385264025 24.3066441144 25.3022029093 25.8311964092 23.9500966788 23.5669950596 23.8165463428 23.6886714692 26.796757498 27.1912385463 26.1933471213 26.5229591482 24.0196993585 26.5717638181 26.7324024974 23.5915717574 25.7481956291 25.6304673405 43.2228652356 25.7428938722 40.9834943127 23.6442486894 24.0123216613 54.962995424 70.8317316451 70.8317316451 68.91167683 68.91167683 25.0969872103 56.0874215529 40.0154626951 58.0438518673 26.9319873979 24.9772111488 25.875056679 26.662531507 24.9203565347 23.7947017266 25.8362149546 24.2599630395 25.2594576903 26.9416588755 25.9916786383 24.8658718906 27.0026633677 25.0158595916 26.1594975739 23.6800460277 24.5863697007 23.6007551664 24.9951559697 26.9507420486 46.5844117644
23.3717178049 26.0658929917 24.2331741334 23.5417660233 27.0970640405 25.3925987375 26.2131346851 26.7359681739 27.1572659743 25.0572709058 24.6278141969 26.7566887661 23.0425302367 24.1460976854 23.1481837692 25.2310294473 26.9062835638 43.2228652356 43.2228652356 43.2228652356 40.9834943127 40.9834943127 54.962995424 54.962995424 23.4666107876 24.2500774478 68.91167683 68.91167683 24.6049086788 68.0522734285 40.0154626951 58.0438518673 58.0438518673 46.7570667008 41.1207964046 49.0387782315 23.7395758175 23.7984044358 25.876935848 24.7969126911 24.2189134608 26.4364173233 23.197060493 26.9459276904 26.1864641636 25.3263746622 23.353124782 26.4394842148 25.0943023793 26.1107223926 24.7361266387 19.5371601683 19.5371601683
23.8975128295 24.882812464 24.4252136434 24.9572052952 25.8033372322 27.1205510651 24.0007960399 24.8407822343 23.3827902333 26.7694715661 27.1219853315 25.07029083 23.7457852466 25.5585302174 23.7170903067 26.6617169625 67.9488475056 25.5986830734 43.2228652356 24.6407296929 23.2463230771 27.0378777129 26.9495118691 54.962995424 23.3830373435 24.9264845619 68.91167683 25.6761655599 26.7043348629 56.0874215529 40.0154626951 58.0438518673 46.7570667008 46.7570667008 46.7570667008 25.8075591417 25.8546753965 23.7577824363 23.541477769 26.1286657575 23.3253618436 23.6872778579 23.9427401863 24.3260940559 25.9427795732 27.0750765586 23.0411693073 24.5101234214 25.0380839932 24.24790301 23.2359041145 19.5371601683 19.5371601683
23.3352362662 25.5409112966 23.5357442496 25.9884220277 26.4806206313 24.9770897071 25.7897427084 26.0116259367 26.3441244396 23.7910411777 24.7470360044 24.7857297574 25.7784905584 24.9426037201 25.1273623865 25.2768724858 25.7042179433 54.1299968146 26.2442148976 24.8987931371 26.5727987355 26.3416341018 23.4749412774 23.9909521803 23.5288490785 26.7899693203 23.1192899457 26.984354065 25.5288340939 26.9011497198 25.4442297315 23.0657519396 51.6249904654 37.64727377 24.2734435706 26.2671213403 23.9169019619 25.2858477285 26.5143743029 23.4446904877 26.6082991351 25.096034042 25.1862215339 24.796069258 25.990990864 24.6248499392 23.602965442 24.4803092173 24.4471701914 25.9693835416 23.1966093743 26.4739596961 24.7918776608
26.4784971061 26.9772361399 25.3131056517 26.4198080642 24.1271028685 24.6315590744 26.2418532804 24.6627736587 24.0350143281 25.5403234918 23.2297325839 25.2712957096 23.9891000615 23.9602556023 26.9444261379 23.0958364314 26.8545907102 23.7964176236 54.1299968146 54.1299968146 26.6085472702 25.9901139402 25.2155730638 26.1033719415 25.2940726714 27.018499764 74.3829371284 74.3829371284 24.5980921555 27.0608083344 25.5509711767 23.9562472786 37.64727377 37.64727377 37.64727377 24.6038302612 25.1619969154 24.4698919444 23.7665347033 23.7964504236 24.2903927327 25.5470326047 24.463509868 25.8925989231 23.908347668 25.4313948465 25.6311597867 26.3570685912 23.7614790967 25.3705996922 42.1254733981 25.8827319286 24.9426419092
27.0132593985 23.3913471584 25.6957730453 23.559885237 24.6013098715 23.848497318 23.2546581382 24.0492791588 24.3413686082 25.3385172595 25.2461247283 23.6324260576 26.8724681985 24.8308431054 26.5307146909 23.0627439787 25.3056127677 26.3345921473 26.5700259127 24.1048123711 25.1270173972 24.2709215259 24.7230031662 27.0349920738 23.7374988674 73.0236298402 73.0236298402 73.0236298402 26.8871185798 25.7135589968 25.3031633139 24.4885032767 37.64727377 37.64727377 37.64727377 26.4983675023 26.4540432481 25.3065272895 27.2207513496 26.2269083171 26.1830533776 23.5429274878 24.4491002512 24.3074658973 26.4730621937 25.4265869508 26.6263603483 25.2762390741 26.4703720807 24.3073803968 25.5917402287 47.4525589337 47.4525589337
23.6203284432 25.3498327343 24.986883567 23.7794907548 25.1064010846 26.5048540632 27.0525626234 26.0773534957 23.6662756137 24.117167208 26.629196709 23.0143251361 24.7422130709 25.8450529342 27.2125573295 25.902744636 23.4857245178 26.5526406281 56.8908133004 23.7671180458 56.8908133004 25.4848868124 25.4567908164 26.6669070386 26.5746028855 73.0236298402 73.0236298402 61.2417245146 51.9993683477 23.5074476098 26.7611127004 26.9637129498 45.1635308189 84.9244449824 84.9244449824 26.2616832037 26.7568293915 26.3923737037 24.475860356 23.5244148025 24.8906502819 24.5883853321 25.8440732087 25.3304005076 23.4525940452 24.3855059072 24.4165790633 25.1037426892 24.7104452624 26.7167236041 47.4525589337 47.4525589337 47.4525589337
25.8052403938 25.8800977906 26.9149040779 23.6040271125 25.8176548023 25.7267579316 26.8815158971 24.8029085308 27.1329197819 25.7300510823 26.6949663919 24.6664636686 24.6998947946 25.6884998214 26.0907933531 24.5781015716 24.104150008 27.2400920044 56.8908133004 47.025695189 71.1359689626 25.7953623457 27.2011067048 25.7601330099 24.9247809039 23.7878077559 51.9993683477 61.2417245146 55.9373070244 24.8624284455 23.0292807597 26.2303561728 84.9244449824 84.9244449824 84.9244449824 23.4018887546 27.237548027 24.5190408377 25.421739972 23.952976455 23.5708205293 25.1982366782 25.3713245382 24.0467074951 24.4651351865 26.549293877 25.3550871899 24.4355057755 25.2389446615 23.7502483671 45.0422803505 54.0933809661 25.7768826297
25.3581714949 25.2544336923 26.7530831907 27.1709585286 25.0167362838 25.242037803 26.2336844219 24.9438424176 23.4466275073 24.6812421206 23.5203304421 27.0956424608 23.0351010599 25.3027294229 25.7501556214 26.0175253026 24.6139849654 27.1354344034 47.025695189 47.025695189 47.025695189 23.0490026147 25.5585862531 26.6829589368 26.8572514756 27.0306847496 55.9373070244 50.8055186142 50.8055186142 25.9611342359 23.3743151947 26.2679257719 58.3445257787 39.3057833817 58.3445257787 26.0797931366 24.8449610587 23.6619271371 23.0780202373 24.7821093112 25.1797101155 24.8400548705 23.0577535021 23.0742298607 27.0687669555 25.9741050744 25.955193989 25.7712237868 25.0894516902 26.4918135084 54.0933809661 54.0933809661 54.0933809661
