Spatial_Output/BAU/BAU_0510.asc
NCOLS 155
NROWS 192
XLLCORNER 196307.867259
YLLCORNER 449144.565805
CELLSIZE 33.573938
NODATA_VALUE NaN
[rows 50 to 74 of 192, columns 0 to 56 of 155]
27.6526359356 28.1813636591 27.9884827549 27.9189674537 28.0189012431 27.4180028894 27.676875373 27.0817129849 28.1894758665 28.1197381478 28.2028768988 27.8909682793 27.4323135507 27.3557755709 27.2952513964 27.8307053554 27.7439351062 27.447692825 28.2592533626 27.638484599 27.9332573862 27.6988471774 27.073790934 27.2698144972 28.2656736201 27.3677106447 28.21552982 27.5816049309 27.9158356913 28.3898546619 28.1470972988 27.174324817 27.0791655363 66.9651782571 67.0938793426 67.0938793426 27.5777336751 73.1097973145 73.1097973145 73.1097973145 27.7901248563 27.7526708985 27.1912993812 28.107595262 27.2443807551 27.6923130037 28.1127549138 27.0451244521 28.0932913953 28.1441606409 27.5216580537 27.2981702262 28.0029667959 27.9971292115 28.195478447 27.2789421523 27.6130728361
27.6987490111 27.3592068389 27.6342913527 27.6034298446 27.0052183602 27.8073729784 28.3969516495 27.2872671781 28.2294575337 27.1166124108 27.1213348814 27.5509770155 28.3966605502 27.2461088747 27.093875293 27.1197663778 27.0687191444 27.8467884657 27.499100159 27.2081098319 27.4268175902 28.2497721207 27.559165168 27.6634400515 28.1333202765 28.0344684663 27.4512427861 27.4274310838 27.0340301939 27.9673195811 27.0340803387 27.3547922862 27.8798032883 27.9871865602 27.5466303707 48.200688229 27.0362080852 63.9626911548 46.6591174125 52.0394137712 28.2178734959 28.2949723789 27.767756021 27.8862368763 27.5988286352 28.2920074921 27.4881633912 27.311716301 27.5869874521 28.1763482864 27.6381724033 27.9153744493 28.12031895 27.5186803374 28.2050096918 27.1534704367 49.6722720844
27.8863147226 27.5268092118 27.5095764 27.3897337412 27.285137013 27.0493567583 27.0456491795 27.0759875857 27.6093857427 27.4318392257 27.5349120713 27.3858830969 27.1392058821 28.3644187708 27.0077907676 28.0894011565 27.2625897429 27.6058120324 27.8256697001 27.9850863949 28.4044328388 27.4753648374 27.5406140629 27.3896160423 27.1317830501 27.2009893237 27.1819208852 28.322961849 27.2265387305 76.143006589 28.0515820995 75.6263153578 27.2729264675 28.3591699453 27.5929598821 35.0578438477 46.6591174125 46.6591174125 46.6591174125 46.6591174125 27.9443328911 54.9036652943 27.7112200447 28.1297541143 27.7072974654 46.5383373716 46.5383373716 28.388710789 74.2363674588 74.2363674588 28.0920103854 53.9895800769 60.5425531369 27.3714189201 27.5943267628 49.6722720844 49.6722720844
28.3561107358 28.1111518686 27.0303893847 27.745638986 27.1688507807 27.3892641002 27.7954516063 27.4692286392 27.397685647 27.474650247 28.028235351 28.0783495406 27.5704905633 27.7987642456 27.2876334776 28.1397808078 28.200216042 27.3716624821 28.3501252809 27.7463074607 28.0361749217 28.2122527181 27.3695559184 27.437177101 27.7346960336 28.0439986948 27.4288683027 27.7014520447 28.1503601271 27.8998560849 44.9847536096 44.9847536096 44.9847536096 28.1337774112 28.3751361028 35.0578438477 35.0578438477 35.0578438477 48.8537646937 57.6775611053 28.3659786688 54.9036652943 54.9036652943 27.3632380148 55.185761129 46.5383373716 46.5383373716 27.5593311482 74.2363674588 74.2363674588 27.5717426392 27.7923385102 60.5425531369 27.2874526489 61.6049505945 49.6722720844 49.6722720844
27.9810757507 27.97816939 28.0949604427 27.4652883869 27.7618350199 28.2735233319 27.5539135949 27.7150557475 27.5985435299 28.3277329432 28.3674266397 27.8692388477 28.1316324623 27.7823460423 27.7473071939 27.4713184617 27.6733454469 27.909073394 27.5388677338 28.1808623552 27.2523781358 28.2691105129 28.1674556428 27.3396785583 27.1179989904 27.216931918 28.1740265428 27.5394039077 27.0508049353 28.1888421182 57.0104800602 44.9847536096 44.9847536096 28.1085046939 27.5673945614 45.0626671791 48.9682977367 48.8537646937 48.8537646937 48.8537646937 27.2280085138 28.2780471112 54.9036652943 27.5049439192 27.0646002767 46.5383373716 28.238921518 27.5650955578 74.2363674588 27.6516612474 27.6191279134 60.5425531369 60.5425531369 55.4148840983 55.4148840983 48.4801880718 67.6037308191
0 27.530255322 27.1214877132 27.1950283597 27.5821355111 27.0624272516 27.0282684224 28.27062847 28.0478430668 28.0036699813 27.7293410962 27.2404870844 28.2302796833 27.2040460069 28.2988953687 28.361872863 27.254131899 27.0047641842 27.2063570477 28.1563914397 28.1779016647 27.7394218225 27.3988267839 27.8236606323 27.8834244754 27.1422189922 27.7868363158 28.3270988603 27.6879233816 27.5581547541 58.3526433242 58.3526433242 28.2134053675 27.6542227117 28.2964103538 27.9180690534 27.8221293851 48.9682977367 48.9682977367 27.2436591509 44.8060498567 47.8769299653 27.1193528672 27.6440854923 28.1740801686 27.0917236728 27.5041465708 27.1887181763 28.3623399614 27.2401330895 28.1251012208 27.3281345093 27.1282788011 55.4148840983 55.4148840983 48.4801880718 43.1225801473
0 0 27.4095137407 27.1481682798 27.3041244918 28.1049866261 28.1762089522 27.2472261147 27.6293145068 27.5787133341 27.6922275734 28.3826367598 27.0515002995 28.3629968049 27.2007895271 28.1746284498 27.4460590841 28.0967945172 27.5543953223 27.8250329661 27.9207581592 27.7455047833 27.9068174048 27.2267446556 28.1703318676 28.0327540162 28.1090638366 27.6677004767 28.224112514 27.9093488086 27.4827271462 27.5405189695 63.6492060849 63.6492060849 27.1136005894 28.3046713909 27.3790246065 28.0101532273 27.0981146302 44.8060498567 44.8060498567 44.8060498567 27.7143485124 27.3171449866 27.1105490203 27.5480536471 27.1822357776 27.2601519107 27.3175197998 28.0001118261 27.2409707899 27.4771345253 27.5020230944 27.4942558358 27.5617774475 28.2729441152 51.9737860558
0 0 0 27.7531093905 28.344146007 27.8996122359 27.3055447592 27.4320810203 27.8826197952 27.0356505029 27.9200431839 27.9314537488 27.6774686042 28.1492684536 28.3484810348 27.472807685 27.2222347113 27.5590799217 27.2428892119 28.4057639864 28.3174897395 28.1966299891 28.2287751494 28.1010022697 59.0976159329 47.3420685547 49.5481805535 27.7446459243 27.4040038659 28.1743038809 28.3759432871 63.6492060849 63.6492060849 63.6492060849 28.1241999811 27.5598787736 27.2439022131 27.5838952561 27.8714352601 52.6191663187 44.8060498567 52.6191663187 28.1677560212 27.0080916672 27.663472985 28.1380663518 27.2922876306 28.1969242681 27.7947761445 27.3654747425 27.4231875112 27.5482844875 27.3242583368 27.4614068162 27.7786398353 27.7637170002 28.0491252421
0 0 0 0 27.8220193186 27.4493843187 27.5144465898 27.8169008146 27.7705245561 27.2575467832 28.1955312188 27.314371867 27.3961400944 27.2806688781 28.0804735651 27.8047854696 28.3153334396 28.2901724638 27.1204365955 27.1856351186 27.0483017028 27.4606463782 28.0274189077 27.4411854091 47.3420685547 49.5481805535 49.5481805535 27.814629018 27.9834594172 27.3465269164 28.131048266 59.0101305481 63.6492060849 59.0101305481 63.9876806465 27.1164082535 27.749258513 27.7414765622 70.6282891491 27.7936703782 52.6191663187 28.3492992894 58.6229834832 27.9874617922 28.009072378 27.3974027301 27.4707743765 28.0014650276 27.3795252769 27.1221184167 27.5628153353 28.3177260914 27.3638494882 27.8786887921 28.0030848541 28.2019918295 44.283586774
0 0 0 0 27.6298712463 27.0252741208 27.1681759938 27.7918771439 27.5254850555 27.7145148276 28.387800176 28.0292270334 27.0152346554 27.0735432519 28.3813478313 28.0235180966 28.3382025873 27.0546839548 28.4050291321 28.2879120572 27.9621207959 27.9064716943 27.0771084784 28.091790154 49.5481805535 49.5481805535 49.5481805535 41.6110600787 28.3932893101 61.1005610785 50.9444905425 64.8563560997 59.0101305481 59.0101305481 27.1612454206 66.7093755145 66.7093755145 77.1613778861 77.1613778861 52.0559853027 52.0559853027 58.6229834832 58.6229834832 27.1977383993 27.5692665593 27.4865423415 27.0931531118 27.2796863877 27.2428249398 28.0591003451 27.6252913988 28.0808091397 27.1883040359 27.7654259439 27.3493471081 27.7589858639 28.4034842074
0 0 0 0 0 27.306339156 27.7167867827 28.3870468603 27.9950294939 28.3219502604 27.9190930685 27.1744529372 27.569544524 27.6957974616 27.1310916952 28.4116363272 27.9418486684 28.3276843919 27.7721093538 28.0213945374 28.3106528898 27.8536575342 28.238056495 27.9696283454 27.2698635301 44.5183055744 44.5183055744 41.6110600787 41.6110600787 51.2088544964 50.9444905425 68.6212503 68.6212503 50.2670017315 66.7093755145 66.7093755145 66.7093755145 77.1613778861 77.1613778861 70.6282891491 52.0559853027 48.4477824885 58.6229834832 27.448056251 27.165666893 27.1198815412 27.0256095833 27.3625834635 27.8459166554 27.6409510687 27.9667451124 27.858769566 27.9463525256 27.027027245 28.117780326 27.3411211682 52.4833412418
0 0 0 0 0 27.4881815517 28.1859189797 28.024768588 27.6776533147 27.882382266 27.9802167146 27.0824734006 28.1310181842 27.7078998558 27.8030787339 27.0845663543 27.1913562311 28.0574062021 27.363977129 27.9912816303 27.6128134954 27.4324409724 27.6398102526 27.5097460222 28.4056390984 44.5183055744 44.5183055744 60.6190090118 51.2088544964 51.2088544964 50.9444905425 68.6212503 68.6212503 67.0758723147 27.9601117998 27.2604765361 66.7093755145 28.3723964998 77.1613778861 27.6772488017 28.3114227728 27.3962728574 27.3794278613 28.3881184059 27.6337586721 27.1652040605 28.3400306616 27.1961966609 27.4921102778 27.7196177045 27.3513878747 28.0094624991 28.40242624 27.7414083687 27.6942987583 63.8614059546 63.8614059546
0 0 0 0 0 27.7118396242 27.5866185422 27.0439131091 27.77453142 27.4303328284 27.0116022718 28.3809403729 27.9274980614 27.671318886 28.3513509576 27.6096066543 27.0074497991 27.1568402526 27.1685781629 27.1031551127 27.1809452128 28.0664579156 27.482425981 28.1565228061 27.5364524135 27.8950520799 50.0180767393 51.0804971778 50.0180767393 27.7435332476 50.9444905425 64.8563560997 41.4807251174 67.0758723147 67.0758723147 67.0758723147 28.0820635054 27.6424408253 28.0998549949 27.3686775502 51.0292132645 51.0292132645 28.3997390082 27.5543410671 27.824970769 28.313839934 27.238058887 27.5214477415 27.48306074 27.4157107471 27.7597563135 27.7742989292 27.6101320471 27.7119527689 28.2189363358 63.8614059546 63.8614059546
0 0 0 0 0 0 27.3169021612 28.0058164575 27.1366164276 27.037172764 27.2775486172 27.5310663719 28.0442046056 27.2382154925 27.8214202396 28.3289323433 27.2090071045 28.0068139299 27.0811888002 28.2594816734 27.5665253734 27.6698999024 28.0577346726 27.3170909526 27.1068350348 27.4424576564 51.0804971778 51.0804971778 51.0804971778 27.2318233723 28.1120721517 27.2879529269 28.3611613439 67.0758723147 67.0758723147 27.1118517297 27.9798003284 27.6515791116 27.1108992741 51.0292132645 51.0292132645 51.0292132645 27.238068218 27.058306434 27.6606049417 28.0781136587 27.2334642629 28.412321067 27.4827653321 27.7930104193 27.8331173557 27.723750641 27.6668724369 28.0702598406 27.6114585539 28.1997457843 63.8614059546
0 50.6543402332 61.609138521 63.162841419 90.4520669693 90.1341036086 90.1341036086 27.9830927845 28.1374517892 27.2010419888 28.1107990703 27.5059887981 27.8075629926 27.7893552174 27.0103205079 28.1887103763 28.1664205642 28.1603434259 27.4562573758 27.32995014 28.2673268503 27.6514640988 28.3632031944 27.2930003357 28.259625091 27.8194109642 67.5838666104 67.5838666104 67.5838666104 27.4232013137 27.2227790984 27.5479800714 27.0785828852 58.1154741363 48.3465066191 28.0388539784 28.154186628 27.816046098 27.3602041423 27.0483639537 27.3697622565 27.9699342766 27.0501875364 27.2301075076 27.7145091232 27.3020808797 27.2908477527 27.2380091017 27.3624776101 28.0070606518 27.5052765026 28.1090772487 28.3104450606 28.3007817395 28.2134114142 27.1430570029 27.4967198736
0 61.609138521 63.162841419 63.162841419 90.1341036086 90.1341036086 62.2621900181 62.2621900181 27.2375482518 27.0071100098 27.0272084081 28.1572312047 27.2948714948 27.7441214516 27.3233352221 28.3508109797 27.1280507957 27.6085935927 28.0465517401 27.9471235056 27.0306917176 61.6092234136 54.3469854267 28.4052329906 27.5235671868 27.1191236577 28.0863424593 52.5058627858 28.2271347657 28.2870177646 28.2653012382 28.3039256549 28.4125309454 48.3465066191 48.3465066191 48.3465066191 27.0400966745 27.750824613 27.6766823834 28.2649389873 28.3378769553 27.0491923543 27.341236806 28.3484987794 27.5298952165 27.7530532537 27.3208334564 28.2185971699 27.0578555711 27.7817828022 27.2683345661 28.279733102 27.0083599514 27.0219458183 28.3465947018 27.1438333031 27.6977031638
0 60.2311324439 61.609138521 63.162841419 90.4520669693 90.1341036086 90.6405124486 62.2621900181 50.7790491799 61.7129049488 27.9180636939 27.1696807486 27.2023817744 28.1552709805 28.1267619436 27.112087163 27.5211902611 27.4694962594 53.6429961577 53.6429961577 61.6092234136 54.3469854267 54.3469854267 52.2655693204 28.3708125926 27.0265260921 52.5058627858 52.5058627858 27.7698179164 27.1213596211 43.3606124242 43.3606124242 27.121317497 65.7111498428 65.7111498428 65.7111498428 27.7540823177 71.4834123431 86.1593192531 28.180030279 28.098317575 27.2461874992 28.0750209498 28.2242580209 27.7012760718 27.2412942821 27.9153117167 27.6145958448 27.7596210772 27.2117277904 28.1313352431 28.0628690741 27.5544452349 27.9344860511 27.7254517803 27.1341817949 27.3259472669
0 51.5703598369 71.132944641 71.132944641 51.5517096604 54.9923665775 54.9923665775 46.569398601 55.384239018 61.7129049488 55.4203010951 27.0474016657 27.3219821893 27.6546003292 28.0780364087 27.1128332965 27.9417075235 27.7398040909 27.0849851494 53.6429961577 27.9246950952 61.6092234136 54.3469854267 27.4264992369 52.2655693204 71.5887859877 52.5058627858 52.5058627858 27.0042944906 28.3912577267 43.3606124242 43.3606124242 57.2548071927 76.5104752545 48.835528963 48.835528963 27.0005259933 86.1593192531 86.1593192531 86.1593192531 27.0393781951 28.1436882724 27.7398171322 27.8694144273 27.2035208742 27.137523137 27.4225284527 27.5867074721 27.3624474536 27.882537673 28.3667207981 27.1119614198 28.1423532309 27.1135584826 27.5556119719 27.7250749969 27.8691079532
0 71.132944641 71.132944641 71.132944641 54.9589007978 54.9923665775 54.9923665775 46.569398601 55.384239018 28.0645774787 28.2521219155 28.2995335004 27.5789897458 28.2373636414 27.1504958408 27.6364173199 27.6922221096 27.156459219 27.2419543631 27.3486604738 28.1611039361 28.3146378961 27.3510608338 28.3656744045 27.9234121524 28.100919334 27.1895613513 71.1447351062 71.1447351062 27.7809170115 43.3606124242 43.3606124242 28.010005124 28.41138098 48.835528963 48.835528963 27.6595785881 28.1264902679 86.1593192531 27.3834958579 28.1587601066 28.3445306298 27.0692388369 27.0501494841 27.1492691653 27.0253377753 27.9332644618 27.5096821204 27.4097890297 27.0273839815 27.8654229987 27.1202781798 28.3137310044 27.9144591815 27.2117960429 27.2841428802 27.48999509
0 0 71.132944641 0 51.5517096604 54.9589007978 54.9923665775 0 46.569398601 27.7089628669 27.3359831038 27.3882436151 28.2528547408 27.9172664931 28.2690929405 27.6083486855 27.3548593559 28.4101041054 28.2448688978 28.160774068 27.6925890327 28.1426363579 28.0095136381 27.3830750518 27.4521439753 27.1930988706 71.1447351062 71.1447351062 39.108572074 39.108572074 27.3117935277 27.5465639175 27.0435840591 28.4029641848 60.2489152438 60.2489152438 28.209073218 28.2072244878 27.7568046354 27.97985993 38.6580561704 28.2216926403 27.4488157065 28.3072747006 28.2991323023 28.0210160861 27.9376239912 27.871108858 27.1735782894 27.1407575225 27.7391263429 27.3275755171 27.4189069268 28.027679364 27.4036776758 28.3722562293 28.2934185323
0 0 0 0 0 0 0 0 0 27.5632837441 27.1728093257 27.3350609375 27.3974514954 28.0629065323 28.3113656658 28.263830562 28.0467091722 27.0513830122 27.2314305801 28.2436528056 27.1843342214 27.9843782463 27.2945505629 27.2156258132 27.232712646 27.7437106264 27.9739574493 39.108572074 39.108572074 28.1319695213 27.3590828575 27.7840408842 27.600115887 27.300190477 38.4186672019 60.2489152438 38.5005059691 27.5667833509 27.6716062239 27.0360592684 28.1198941158 28.0325174693 28.1535182673 27.2646897649 27.4274230193 28.228606535 28.0210587204 28.2349725059 27.0415164523 27.9887193691 27.6981325433 27.0565310748 27.4764784706 27.7088968562 27.0526709054 27.6954422307 27.7281976964
0 0 0 0 0 0 0 0 0 28.2208930153 27.7278777605 27.6481842937 28.3736965916 28.1516735704 27.0056254841 28.2807702211 27.374029981 28.000723703 27.1223257666 27.9833965433 27.7390787183 27.8916738991 27.1018946451 27.431421315 27.178933315 27.1990666156 28.2599055991 27.6213176612 71.1486310594 74.714686042 48.1043033496 27.521630678 27.2417627 27.1473769964 27.9655253276 38.5005059691 28.0511751565 27.7202865058 27.9513927792 27.3658977084 27.0071611874 27.2544627931 27.9957040666 27.7496359168 27.1951332452 28.1364766958 27.7519790402 27.4614218348 27.4779267397 28.3679987067 27.1617620927 27.5937612659 28.1652975568 27.7060108196 27.8245667435 27.5061365622 28.3121311535
0 0 0 0 0 0 0 0 0 27.7381304497 27.2747213801 27.1692183347 27.0456271658 27.5875410453 27.0630010899 27.6525171443 27.8818848714 27.0739523602 27.6223970886 27.0141840878 28.2307008859 28.0480937799 27.1009512889 28.3486368123 28.0072284153 28.235858592 27.9298403516 27.9680459833 74.714686042 48.1043033496 48.1043033496 48.8418676929 27.3667706959 27.2016130656 27.7398472639 27.5926625095 27.6170854439 27.7258463486 27.6149170596 27.3233187767 27.9300878137 27.6133432229 27.1868649859 28.3633437379 27.5494453281 27.0688865347 27.2834365837 27.1684170745 27.8710511911 27.6797877999 28.127136293 28.2192088911 27.5489959517 27.9456543521 28.0289724639 28.3649008789 41.632718472
0 0 0 0 0 0 0 0 0 27.1049954303 27.899743715 27.2901347921 28.0795588315 28.2801221456 27.6590780096 27.9954785517 27.9021014302 27.525424954 27.9070642429 27.0589519951 27.7078568047 27.825935284 27.4743053273 27.5259018784 28.2106949984 27.0068531102 27.5742113254 28.3421110576 46.9895718325 48.1043033496 48.1043033496 48.8418676929 28.2824460714 28.3994670744 27.5849518125 52.9790351411 47.2374060116 28.076907309 28.3109721073 28.0347968515 28.3677174233 27.9974911999 27.3075575968 27.4012059073 27.7473906046 27.5698718316 27.1606699333 28.3654956658 27.8645695081 27.1039976158 28.1609146903 27.4762709682 27.6083490069 27.1527476986 28.1065673766 41.632718472 27.875127895
0 69.2314019752 80.1236992038 0 58.3068292644 72.2944043687 68.3628347603 0 0 0 27.5596173492 27.26255859 27.3411873841 27.6282513322 27.3805313913 28.0719087217 27.4781510024 27.9686627381 27.0429091177 28.0051677345 27.7450329911 28.2165341798 27.6134720868 27.438032468 27.0988948332 27.9763577394 28.4077214385 28.0579464333 46.9895718325 46.9895718325 48.8418676929 48.8052353235 27.8066895309 27.6283158422 27.0978358602 27.0522720017 27.2003564987 27.5078309158 58.2513175809 27.0637723185 28.0384519449 28.3314810244 27.7172129109 27.8738348141 27.8234562261 28.1401257568 28.3048597961 28.0114845258 27.9177020027 28.2004043128 28.2004251998 27.409207298 27.4033400256 28.1026344199 28.2679596713 27.7605134902 41.632718472
