Spatial_Output/BAU/BAU_0565.asc
NCOLS 155
NROWS 192
XLLCORNER 196769.923733
YLLCORNER 449719.875193
CELLSIZE 27.603701
NODATA_VALUE NaN
[rows 69 to 91 of 192, columns 53 to 105 of 155]
28.0048765342 27.9346148615 27.2550732961 26.8108595004 27.5881658994 27.3040378418 26.9910782176 36.1704821974 36.1704821974 27.1540565741 27.092628422 28.550714542 27.3884829233 27.0866156768 28.3587259098 28.3514456336 27.1806650355 27.3992511719 28.3501820833 26.7686659145 28.2475877964 27.9732793706 27.096104323 27.1055842926 27.1254939209 28.0617924299 27.679925279 45.3368483182 27.0259454851 27.6152881603 28.4285502565 28.4366550965 46.8051780664 46.8051780664 27.2208453866 27.3313551565 48.9771255764 28.2872385745 27.3420283717 75.8105593963 78.4056699774 46.0985407853 76.3431370163 49.2219556456 49.2219556456 51.7014404122 27.8867402789 26.5459297258 27.6078500509 27.2275064012 27.9433678069 26.8081653129 26.8165200979
27.9683578144 27.7326685141 27.2814611723 28.5001051309 27.8423790002 26.6804778392 27.3142080844 51.1573641126 28.2925230787 28.5368625187 28.2166452729 28.3071254723 26.6866024267 27.2157396438 27.7324215953 26.8060801222 27.3911047325 28.4186883685 27.8224688615 28.1270774436 27.9699586219 27.0765999202 27.5668077927 28.4600406458 27.366723516 26.8803549722 27.6251647707 45.3368483182 27.754164978 28.4722153781 28.0175687947 26.7763791388 27.4115912742 26.874064027 26.7550727142 42.3555993876 27.6334048872 27.7827094105 26.722455633 27.0867910988 27.0279341798 26.9381891905 26.8504583657 49.2219556456 49.2219556456 51.7014404122 41.5704792111 62.6544914112 27.7758537196 27.1622566453 27.5804087955 27.5474478399 27.2200045418
28.4733535331 26.7537879408 28.5140503929 28.2366705579 27.194229419 28.5205346979 27.6138138515 51.1573641126 27.5822059325 26.7442231277 26.9871600192 26.8261754913 27.0240858321 27.9731566692 27.493574731 28.2030541003 26.84064213 27.7086433158 26.6779212535 60.5291192978 45.9392843496 27.9321399554 27.1939963369 26.6389315061 28.2993818255 26.8958579075 27.0579654968 27.5394791586 27.1793378292 28.1527982218 27.4603355527 27.4312615286 26.9335527114 27.6224944932 27.7688748617 27.4917800098 26.7584998553 27.6288994713 28.5888311053 27.5685569416 28.5589213317 27.5535276544 27.9447359738 28.4812286277 51.7014404122 41.5704792111 62.6544914112 62.6544914112 63.7191652811 53.7851473917 53.4182421764 28.1302626147 28.05583363
26.9938693122 27.6617862065 27.3868918716 28.0514388906 26.7765338057 28.0142225248 27.0245843334 28.045558791 27.9700556543 28.6202875081 27.1512417991 28.0355418557 28.2773060321 28.0834747911 27.6798410389 62.6609332445 55.5023735559 73.6626323644 73.6626323644 60.5291192978 60.5291192978 60.5291192978 26.9984113838 27.1693001293 27.8977830659 26.6772203385 28.1007562255 26.857884111 28.306421205 26.7905318658 27.9935255177 27.0326958841 26.7035257014 28.3153403983 26.6912891738 27.605661226 27.8216410676 26.9724690516 27.343872691 27.1225864239 27.9044869529 27.4158437535 28.5579393768 28.0896521743 27.794399009 41.5704792111 62.6544914112 62.6544914112 53.7851473917 53.7851473917 51.4529527745 51.4529527745 27.2428214858
28.3465964518 26.5513256298 28.4273722245 26.9679088773 26.8193310958 27.465636476 27.3277394526 27.0090229105 28.0231208973 27.144547603 27.3601990124 28.563113366 27.7836666356 61.6161536766 26.7210110286 62.6609332445 55.5023735559 55.5023735559 27.4551891417 60.5291192978 60.3009532106 27.7743280737 27.2098426736 28.5940287793 26.5316552489 27.9794774171 26.7295554311 28.4437326115 27.1859789192 28.0224202284 26.588631105 27.2138874547 28.506358971 28.1990739741 27.1592447586 27.6622976535 26.6009797185 28.3789334204 27.7138786826 28.1656818724 28.2562801406 27.2480433046 27.8746219941 26.5486353106 27.6315175242 26.5143819056 26.5776329327 63.7191652811 53.7851473917 53.7851473917 51.4529527745 51.4529527745 51.2094831493
62.238759501 27.4905518963 27.0542661722 45.1162887772 26.7843457514 28.1459564655 27.8563878512 27.591258404 28.2966580509 26.7072031414 27.3448114266 27.2139204451 69.3221041024 61.6161536766 61.6161536766 61.6161536766 62.6609332445 55.5023735559 26.9823875439 60.3009532106 60.3009532106 60.3009532106 27.0503932472 27.6357411315 27.1745553773 28.4775803259 27.3370779732 27.9561938812 27.4749954352 27.1484841024 26.9621251786 26.6546942844 26.8497070727 27.5262177345 71.0392338626 27.4698547144 27.0969915276 27.1166145265 28.1852881226 27.0345647406 28.0201589313 27.5863438633 27.2428006903 28.0879048491 26.8986757579 27.805003955 27.4866118015 27.455302473 27.7734738019 27.8577273283 51.4529527745 51.2094831493 51.2094831493
28.2205785787 66.564314966 45.1162887772 45.1162887772 58.5982427094 58.5982427094 27.4340595664 51.116458968 51.116458968 51.116458968 51.116458968 42.6802477628 69.3221041024 69.3221041024 61.6161536766 26.5178677106 51.1283802035 27.9419276483 28.5762413748 60.3009532106 51.6328622321 51.6328622321 26.7237499878 28.0249778339 27.1641125052 27.2176608546 26.6474618156 26.9070416694 28.2279150649 28.4810094779 27.3409691358 28.2760018292 26.8905244447 27.9528489549 27.3234060697 27.5697788861 27.7746250686 28.1986757229 26.6010183054 27.2193499914 27.3420115062 27.8477967955 28.277148956 28.5572745893 28.4322895918 27.1740494206 28.2651333267 27.5432227104 26.8963870856 26.993090142 26.7587301278 51.2094831493 27.7740784967
66.0023119729 66.564314966 45.1162887772 45.1162887772 58.5982427094 58.5982427094 28.2988095999 46.5818633078 46.5818633078 51.116458968 50.2444079693 42.6802477628 42.6802477628 69.3221041024 55.0621223581 26.6291556831 27.6756637045 28.1466309487 27.497580619 51.6328622321 51.6328622321 51.6328622321 27.7653059286 26.7189365547 27.800398717 27.5081006048 27.7129037493 28.5727701257 28.2623021984 27.4138051336 27.1178346629 28.0339963151 27.727974248 28.606337362 44.2144584443 26.6934273982 26.7547126524 27.6079313779 27.194461573 27.7915603093 28.1487639076 26.6687549238 27.0507689261 27.3043328837 27.6250879762 27.2954440171 28.2989225951 26.5265788167 27.6004142224 26.7280828915 26.929930777 28.1368784869 27.3083199012
27.1183110118 59.7031297036 27.8482820486 28.4954447943 26.6387897908 58.5982427094 26.949213077 46.5818633078 46.5818633078 27.3387230589 28.0931837651 42.6802477628 27.1767114927 26.9715463355 27.4423575802 28.1127047869 28.3970535579 27.6241691711 28.5167408657 26.6069266013 27.0076073028 27.290843031 26.9412210128 27.7062551202 27.0701634852 27.019037826 27.2548993004 27.3962812083 28.3498391438 27.439502663 28.4446306823 26.5806685175 26.522912631 44.2144584443 44.2144584443 26.5869094669 27.4337103547 28.4713124664 27.4921010001 28.3042820146 27.0095440364 27.8392639255 27.657909033 27.4566782555 28.3154585734 26.6131709817 28.6185697784 27.7548683565 27.7606807758 26.9453560538 27.3561712467 26.8752520822 27.3798552944
27.50240669 28.3662328175 26.6618460107 28.0587008842 26.7039719403 26.7323268904 27.8149807256 46.5818633078 61.4617954648 61.4617954648 61.4617954648 27.5940599948 28.1044157475 27.8178954794 26.5146719633 28.2129434436 28.2133663009 27.9846877677 27.6163718287 26.922705251 26.6647653908 43.2806309613 28.3095252033 28.3522301144 28.5378233859 28.4550245468 27.4357584863 26.5228443555 27.3479341503 26.7741330405 27.8480450559 27.0790928473 27.5995205775 28.3355722066 77.7122920394 27.0528294951 26.5695096925 27.0510116682 27.8297308313 28.537520363 27.8564914708 27.4212239601 27.4021976013 27.4934274811 28.2964602856 26.7407723957 27.6438182683 28.546574451 26.8280726865 27.1011392974 27.1099186478 28.0203975045 27.079931674
27.8955237718 27.276297438 27.3017932978 27.8632208957 27.8872572115 28.0641573679 27.8763135788 28.3341825615 61.4617954648 61.4617954648 26.6495908058 26.693146519 28.1201632478 27.8871011289 26.7169258216 27.4187593322 28.0702239652 26.7220352668 28.2904821903 26.8766763852 48.4654036574 43.2806309613 43.2806309613 43.2806309613 28.4037145104 26.9571395943 27.4914620668 26.5209656002 27.763451551 26.8787270218 27.8900067182 27.4901498623 27.6747742543 27.7433010575 77.7122920394 77.7122920394 26.7251449904 26.7196323032 26.7249077001 27.1679628267 26.9618735032 27.3244531972 28.1218089777 26.5746747178 27.1581597578 28.2231607652 27.1922038354 26.8024495355 27.5351930597 27.408650978 27.3306015728 28.1322351541 28.3867440691
28.031403631 27.5081339053 26.6972690618 27.0977295285 28.1285955203 27.4893482407 26.636305171 27.213641981 27.6401172303 61.689579112 28.0831163811 28.0681402723 26.5123652436 26.9835404009 28.1817187097 26.7733091874 28.1834523152 28.2710837696 27.6015075081 27.6314151325 26.962664407 43.2806309613 28.3278080387 27.5390181023 28.2792230717 26.9206880381 28.1473357512 27.9052501776 27.1482741263 28.0479902018 27.3456224386 26.6675003407 27.9887274889 77.7122920394 77.7122920394 77.7122920394 28.601457123 27.6122723226 28.0140759817 26.6311572949 26.7684558693 27.0851749364 27.0008238873 26.8558545959 28.4657964823 27.9055690491 28.3336183578 26.703721515 26.9577447237 28.234283256 27.8847537839 28.6069195251 27.8290446931
28.3304780798 26.5981550343 28.4591701258 27.7867288556 28.4242002281 26.53944874 26.7564170351 28.2011560475 27.2991350595 26.6300655864 27.6321023124 27.2972611385 28.1023986357 27.0728501823 27.1641851791 28.5128477678 27.2679316824 28.3957254078 27.7045280611 27.3140234032 28.6195643426 27.0753434754 52.3752330847 52.3752330847 52.3752330847 26.672657959 28.1571599974 27.0142050826 26.5900258113 26.9931806944 27.2425803252 27.7716831914 27.1543992599 27.4409808357 27.8177668721 28.3550190019 26.8091628574 27.8273459244 27.4352107261 26.5851030291 27.7080830614 26.7764736255 27.4072387181 27.5948523421 28.1727737029 26.5882461398 28.5960452036 28.2636654809 27.8150291653 27.0598938152 27.6219384571 27.4603567435 27.8779131163
26.8339649904 26.8994719588 28.3748415692 27.364671202 27.6169625711 27.27310355 27.928171815 27.9842935153 27.5390654906 27.2394495346 54.3330977819 27.5907087195 27.2403008922 27.2929085361 27.8212943436 28.1295954512 27.410193359 27.8389627513 28.2691252324 28.1455465274 26.6118788214 27.6626854784 52.3752330847 52.3752330847 56.4504890044 27.0059640089 28.028616447 27.2377180286 27.7014035033 28.0756309429 26.5760721849 27.4095163211 28.5280333507 26.8210126445 26.9422620307 27.6938582833 27.3441899781 27.3499449547 27.882111201 28.2956408242 26.6108007347 26.6262604881 27.936197923 27.5167183031 28.5588256991 27.1851893257 26.7725823075 27.5440039633 28.5528992581 28.1099887272 26.8252850868 26.7085873594 27.3426293615
27.1675486797 27.4864063816 26.7450499188 27.055117492 27.8186520978 28.1142182573 27.7696688513 28.3594982381 54.3330977819 27.3160511299 27.8129663903 28.4907184378 27.6606495997 27.711712953 27.1335029468 27.0843594456 26.7929691589 26.8122089202 27.9033300345 26.9364238778 27.0449577906 27.9150525752 56.0948235263 67.9348693322 67.9348693322 27.6543193707 27.9091263936 27.6331331786 26.5089785928 28.0680592786 27.658885701 27.3265316636 28.0300861682 27.3049218432 28.5186384977 27.6084713867 28.0206092152 27.1254943865 28.5464745107 28.2944144073 27.3989816354 27.4864240493 26.5200629045 27.1118693553 26.569760905 26.8773843659 27.3349524352 28.2735051049 28.2815426394 28.4970870771 28.3991789201 28.3872829116 28.0471902461
27.4126515936 26.8398525622 27.6415473525 26.6987510205 27.2136167328 27.1514932489 28.2449423433 28.3763246988 50.0493832866 50.0493832866 50.0493832866 27.3887116165 26.8194672612 28.5552995159 27.4623870773 27.9561273129 26.5566637892 27.4735593766 28.1322018888 28.3102648783 27.6031879299 27.1239359203 27.1632585331 67.9348693322 67.9348693322 67.9348693322 28.0025158637 27.4354956352 26.9603210125 27.0575146116 26.711571209 27.4867186092 27.2587359659 27.5422078747 26.5164703781 27.1537761827 27.6920658162 27.1693773951 27.877675846 28.4059000716 27.1276423226 27.5388567447 26.5959936015 26.6823649276 27.7474482731 27.9345502643 27.9747952836 26.7013389097 27.3600908961 28.6193674555 27.4108641956 26.6016682071 28.0865729206
27.5150681249 27.8379733655 26.8647274592 27.6269259984 27.6337308903 26.7473734911 27.2798500594 28.2113382359 27.9531956458 39.822975446 27.5908195704 28.3728740126 27.5192954097 27.8471258304 28.1151112886 27.250611845 27.6453244462 27.6398242586 27.9904125894 28.4079240736 27.0997952533 26.8243409234 27.8024507701 67.9348693322 28.5914645047 27.7488888577 28.1481512008 27.3069582153 26.7785797023 27.0640027815 27.8914021347 28.0236553042 28.005139627 27.7100483829 26.7192480071 27.3496131767 27.600116015 27.8142188757 27.7568367434 28.0152065064 28.5665123363 27.2167596357 27.225255496 26.6382432224 27.5324697821 27.8693440152 27.9599543934 26.6348490962 28.2475942078 28.3149715452 28.3146616043 27.6440554506 26.7055123851
28.1755117845 28.5392696187 26.7663201203 28.1442643149 27.0876956144 28.254172164 28.20187227 28.0448480669 39.822975446 49.4477396981 26.765181354 26.8418192712 27.4120908217 28.1596898993 26.9625172126 27.3660662856 27.3486304704 27.2929955861 26.9228750638 27.133538727 27.4560153782 28.2480646134 28.0241334283 27.985393956 27.1867399281 28.4958467299 27.465718209 26.627988774 26.5225318196 27.3567929988 27.6885007561 26.809684609 27.7187428851 27.3001745323 26.9043205546 26.7565184614 27.3297370346 28.4481097955 27.2544484644 28.3996502612 26.664178226 28.3463101335 28.4657049483 27.442875184 26.5632199536 27.577426459 27.6375829359 27.341660547 28.1374100664 27.7494906691 26.6554258028 26.5072343921 27.0928004261
27.0493084373 27.3149302476 27.9414187116 27.6972209514 26.6370362767 28.5595559561 27.7061504509 26.5477210433 49.4477396981 49.4477396981 49.4477396981 28.4723324532 27.4237195261 26.6765128057 26.8202898649 26.5059486685 27.405907075 27.2510377662 27.0616052403 27.554998409 26.5255207597 28.2559377345 26.7419337685 27.2039112179 28.4329732245 27.1647598931 27.4685377787 27.6369809653 27.0266645955 28.1960433609 27.9153016529 27.8434518129 28.0540138227 27.4709757616 28.3247401797 26.557041106 27.8833763175 28.512588615 26.5909812948 27.8320452913 27.1595431393 26.791136901 28.3077218972 26.9615117254 27.3257492162 27.8232211132 27.2960012684 27.4370819275 28.0946111366 26.6957148573 26.5814273377 26.937125398 27.5149791757
26.8588606641 27.0212813806 27.1358290115 27.5359103423 26.5548254357 28.5575046144 26.9393506613 28.3942036969 49.4477396981 49.4477396981 49.4477396981 27.9240033682 27.4428385435 28.2160879946 27.2712727649 26.8956712066 27.3328693393 28.4760298738 27.1541728212 27.0349993396 27.0211124588 27.0009433266 26.8325444412 27.088200288 27.6748499594 26.6966137358 27.8703036926 27.071669156 27.5386039373 28.4578994458 26.5091388802 28.5237545697 27.617189918 27.5970342626 26.8580203437 26.8175408665 28.5513574198 26.7293023594 27.0318204005 26.7396557823 28.4163833232 28.3119947873 26.9815690561 27.3322057209 27.0569731373 26.8535649269 27.8521788789 27.8569663396 28.2564422686 27.8829180068 26.9257432516 28.2943916637 28.4971972153
26.660092096 27.8333229809 27.298421049 27.7723396588 26.5021788891 28.1736861651 26.8599343591 26.5449248823 27.951666361 54.9600141711 54.9600141711 26.8385457134 28.4930075655 27.3503803687 26.8800001757 28.0691602891 27.437682016 26.9878241119 28.1410747012 28.3176559031 26.7641290078 27.4331711988 28.4693430227 27.4095706287 28.0208887014 26.713859796 27.6988470742 27.1827021885 26.8394973093 26.7280324614 27.7514054016 28.5978453981 27.1655838597 26.8698102438 26.8437247499 28.4669174822 26.6698741772 27.1468148897 27.8769576515 28.3099436845 27.9049476116 27.7987418278 27.0350434935 26.6977305718 27.3880731428 26.8087447422 28.092411095 26.9718594051 26.5420200751 28.1477558179 27.7971453469 27.832715293 27.5152244261
27.144395921 28.5043511094 26.7451128151 28.0448579291 27.7896972388 27.1025692947 27.1055573886 27.6663088645 54.9600141711 54.9600141711 54.9600141711 26.6279027905 27.9463438747 27.9256542866 26.6290368356 28.2830577538 27.2176408274 27.6817868994 26.7270524527 27.4174480578 27.4092516196 28.2353177793 27.561395532 26.6760536242 55.3918539439 55.3918539439 27.8409459265 27.8203180686 27.1028705513 28.1505552598 26.6781925074 28.2701935022 26.8311802334 26.6838029767 26.9941197372 28.240437919 28.4162445216 26.5503428423 27.1442276125 27.9338942231 27.4793344429 28.285575534 28.2509517148 26.7651596889 27.999182662 26.6134590191 28.1664155152 27.4016951357 28.2722033215 28.1530920279 28.234890062 27.7899139262 28.2634346274
27.7103573239 26.5870087213 26.7010028161 27.2567678778 27.9938103852 27.0106458424 27.5484436162 27.0381631069 26.6336435595 27.9403511071 26.836970544 27.7660414067 27.2663733952 27.6434742844 27.8791959136 26.6812076127 28.502416954 28.5494608932 26.8487019762 27.3370268561 28.193078797 28.1322073969 28.4271273157 27.0967754628 27.6240452484 26.6396985651 28.3656856452 28.3788085397 28.581059282 28.0843997647 26.604211167 27.2640608395 27.2607428108 28.096274787 27.3481309159 28.1252373948 27.148307027 26.863314814 28.0926791784 28.2905305924 26.9751832373 27.7869893311 27.5081079335 27.702365517 28.4355613988 27.5786914258 27.4023492104 27.7577292666 27.0946367391 28.2598793929 28.5657924706 28.3145271361 27.977982759
