Spatial_Output/BAU/BAU_0658.asc
NCOLS 155
NROWS 192
XLLCORNER 196769.923733
YLLCORNER 449719.875193
CELLSIZE 27.603701
NODATA_VALUE NaN
[rows 92 to 114 of 192, columns 0 to 52 of 155]
0 0 0 0 0 0 0 26.9297787552 25.8250607083 25.2177102413 28.8685974652 28.3854708731 28.5345835852 26.1804935466 27.1134249619 28.3532239218 27.9918632767 28.7530438797 25.8132344867 29.3696843415 24.9257150339 26.0183445194 28.7110904908 28.5592098386 27.2187717151 28.0578179516 26.8172706791 25.0430858068 29.0170230848 28.1149472377 27.4705411475 25.3997679285 28.1531822631 24.6372751226 29.2403471916 27.1662653546 28.6963773823 28.4481980569 27.1646895703 26.3412769692 28.6727763463 61.8808093116 61.8808093116 61.8808093116 51.6400936791 24.9809449079 25.9229703835 28.5439066662 29.3884713096 26.5741966161 27.0608971342 26.0883335118 29.3432592604
0 0 0 0 0 0 0 0 28.4984550351 27.961086729 27.212871461 28.717947412 28.7915427924 26.7432787432 27.3845567991 28.7030730654 27.3181380058 28.5335674141 26.3792135428 27.5702278919 24.7813766943 27.4159786197 24.7135337359 25.3310715126 26.4873693075 26.3992583136 25.7627500819 25.3094651832 28.8600090106 27.0606385605 28.9928555841 26.416654313 25.8730004417 24.543361335 26.2699182649 26.6052102049 28.3880585893 24.8501592617 24.7791719216 26.2281700473 28.2463252061 61.8808093116 61.8808093116 61.8808093116 51.185962716 51.6400936791 26.9863479174 25.7788129222 26.4537296641 25.3109978973 29.0287771278 28.1494193191 24.7637748343
0 0 0 0 0 0 0 0 0 0 27.4212465356 27.6875886148 27.4386786212 28.8258096188 28.2893053779 25.9662122507 27.2010074169 26.3805485652 27.0915616871 26.66121979 27.5939662824 25.9919745462 25.9167131435 25.5124661656 28.2933684662 27.7003156941 26.7785964408 26.6197399586 26.442511514 26.281242141 26.7071785343 25.4384155607 28.5395765062 27.6141792758 27.4610754754 27.3443143573 25.8230635019 24.6473188892 26.3564078671 29.4234278091 24.8663503757 59.3723017494 61.8808093116 59.3723017494 51.185962716 27.0016537373 27.6095766425 25.1971047467 28.8278403649 25.9778055893 27.1428297295 26.7358669302 26.7729570901
0 0 0 0 0 0 0 0 0 0 25.71745502 29.4236082161 26.8558656342 25.7590836382 27.968276961 26.4553266957 26.7317845882 27.3688196518 25.3599472124 29.0932481139 28.2912726626 27.8942256736 27.4730938248 24.7295132447 26.2034808486 24.7289274527 27.0588959569 27.5549207462 26.7367046335 27.1902607288 25.1452550005 28.5877683516 27.4052776197 29.2915350471 29.1325419486 25.6093793468 29.1290462706 25.6216531499 29.0579252296 26.2520123921 24.8157286538 58.3913123538 59.3723017494 28.5033116109 28.9303413453 26.8170787395 28.556253108 26.4396858217 24.65780484 27.6688300781 26.7515845034 27.1502074402 26.2057519888
0 0 0 0 0 0 0 0 0 0 26.3672517634 25.9212824855 26.9613719098 27.1274752 25.8978077912 25.4865381399 25.5455335598 25.537906996 27.7829942407 25.0716720553 26.4531595542 25.808549482 28.8383245507 24.5100138043 25.0713498496 27.434718358 27.10536146 25.7195825814 28.5869778417 25.1838942281 26.2103482254 25.7504153754 25.6195296296 24.6306666497 27.4841043445 25.9775326303 27.8081935401 29.4296517618 24.8836491611 25.1276670016 24.6557161281 28.4463725508 40.6385008053 24.6072233365 74.0823894101 74.0823894101 24.666027276 27.6947319549 25.6382909547 25.0401167007 27.3410155439 28.3101234501 25.4992840015
0 0 0 0 0 0 0 0 25.0428675946 27.7759523199 28.7002359512 27.9180787353 26.059776513 29.306232546 29.402318395 25.4584855175 26.1198973404 25.6327627393 25.4429601523 26.7103484777 28.6680336505 28.9541639256 27.983660944 25.1063130192 27.4873328989 24.7153772871 26.3485415831 25.4069018344 29.4474847397 29.1875898851 28.7249602242 25.6987150979 25.128988329 55.4708166427 57.3161979226 55.7989223166 76.0845234507 27.1298498215 27.1290421448 26.759363577 25.0210129462 70.0810513119 27.315911832 26.3016078363 29.2693101101 74.7704316059 65.0623748639 29.1429748571 57.8051273853 70.7786873842 50.9198794595 24.7640051696 28.8893167452
0 0 0 0 0 0 0 27.3646547287 27.5588214538 24.6387718145 25.7055481797 26.8577737011 26.1482737139 27.4313411788 26.6066459265 26.7436014816 26.8136456607 27.662190948 26.0575525218 27.6600137279 26.2492362649 24.9237645979 29.3115245024 26.599692965 26.1345533175 26.8794918376 27.2123398577 26.9749198787 26.7878320996 26.57347751 25.0123614994 24.7962334227 55.4708166427 55.4708166427 55.7989223166 55.7989223166 76.0845234507 76.0845234507 51.2825263979 49.2576614276 70.0810513119 70.0810513119 51.8133085402 51.8133085402 26.7209911002 65.0623748639 65.0623748639 65.0623748639 70.7786873842 50.9198794595 50.9198794595 27.3307862394 28.6397925053
0 0 0 0 0 0 0 26.6999877429 25.1846240979 25.3100419253 25.4717358789 25.9406457225 26.0242084887 27.7074335954 28.6476049096 28.2674332902 26.8305667076 28.0315268757 25.3588507139 28.1022906334 25.623826988 26.0287940014 28.0941865916 26.4952416505 25.630542388 27.6071919316 26.8233770349 29.0520669881 29.1593966042 27.4650267201 29.1604328762 55.9133292551 26.5145386513 55.4708166427 57.3161979226 55.7989223166 76.0845234507 76.0845234507 51.2825263979 49.2576614276 70.0810513119 70.0810513119 51.8133085402 51.8133085402 51.8133085402 29.0796166182 65.0623748639 55.1698142371 24.700328489 50.9198794595 50.9198794595 24.5189386659 47.6788052327
0 0 0 0 0 0 0 0 27.5932328742 28.5481848286 24.6861585522 25.2538948013 26.0880564764 25.5450154778 27.5914194092 25.0780638721 26.6257783945 26.3828879849 27.0319385995 28.2998638461 26.4260728726 25.9870683925 29.3168981546 24.9790113174 27.2165374225 25.6160166738 29.3671110437 29.2775812733 26.2782932179 27.516600796 24.743843756 29.4452639104 28.0461191959 25.2371290701 28.8572542213 28.0804975166 26.8840722331 26.3599817259 27.7854285928 37.4307670003 26.6275991225 29.4171890874 44.5912693264 44.5912693264 44.5912693264 27.3835161344 26.2378698041 28.1633242212 29.066181715 26.8765938444 26.0514261924 26.7335038248 28.958802348
0 0 0 0 0 0 0 0 0 25.2638471382 29.1473718757 29.3268655327 24.5928836115 28.9897952609 25.8637590226 25.4733390007 27.5472526779 27.5206720382 28.6065314388 26.3778568891 29.422802853 26.0351592227 25.0498425943 24.5841245092 26.2145991019 26.2602288785 27.40807537 29.0489363458 27.3907547654 28.3316797682 25.4213272617 27.8335557084 26.2594327582 24.790087077 28.7869632515 25.2542178255 28.1175509364 25.5762286509 27.8170927001 26.9967051047 28.4193236582 26.2982898587 41.1034479948 44.5912693264 41.1034479948 28.8945212869 24.5414082377 27.1048164568 27.5696838813 25.0494344706 25.4242544308 28.1673071545 28.3121282389
0 0 0 0 0 0 0 0 0 0 0 28.0520593458 25.1553464124 27.2890565683 26.6581136838 26.0885596717 28.2386665097 26.6233642679 29.3515923978 27.3124324323 27.0189270277 28.8918460017 24.7450602831 25.6194875926 27.0019477924 27.3444691983 28.4623556879 26.922715936 25.8341121585 25.7955074787 27.0658728634 25.0314747545 27.8442452361 28.469410509 28.2465058496 29.1829137197 29.1600056417 26.7845196344 28.3023289867 26.4203094401 25.0511859299 28.6693117692 58.5772743182 36.6557714093 26.7823380321 28.4573159761 27.7338545185 27.1551130716 26.5586433886 25.4371070899 27.2074617251 26.0671206662 28.6732660659
0 0 0 0 0 0 0 0 0 0 0 0 0 0 26.1975852607 28.0917416438 25.3482725697 25.5883999377 24.6906413174 28.6088824692 29.431523751 27.0308040841 29.1390624799 29.4483812043 26.9941709346 26.0019660474 26.7697280006 25.1274121649 25.3197923231 26.9195698959 25.5999937257 29.3316222312 25.6908322256 25.1597265514 25.2555803287 27.2536099683 26.4658109269 26.8623470577 25.4690772547 26.9739290579 26.6845964172 26.1905579601 36.6557714093 50.6633556553 36.6557714093 27.6522202257 28.5063007911 26.2827488725 28.9382209953 27.5900246355 24.6836508923 25.7240026241 27.9730446207
0 0 0 0 0 0 0 0 0 0 0 0 0 0 0 28.5612913507 24.5041697207 27.3914962355 28.2597411153 28.0103076425 28.836809413 27.7124925295 24.8739354635 28.8085157335 27.3194035725 26.4348240553 25.1157168305 26.2945006962 26.3734548005 25.7114525507 28.1302865345 28.6971909353 27.3272174622 26.1842011487 24.640815121 25.6696166067 26.7472210594 26.2520275739 26.2266056136 29.3956876176 26.1658230817 29.0092791209 50.6633556553 50.6633556553 50.6633556553 28.4911615765 25.9362042259 27.8579114464 28.4472822168 27.3102496383 29.3051907187 26.6027892689 28.6100875986
0 0 0 0 0 0 0 0 0 0 0 0 0 0 0 25.67901389 27.1365394845 41.1813565275 27.2942156919 26.8318436138 28.7250814835 26.6766287443 26.6365761492 26.0092103485 27.7510523682 28.8580844594 24.9898792761 26.6079890934 27.0333256661 27.9889952502 25.324328118 29.2006049702 28.1919518509 28.2286640714 24.7093953344 26.1608028872 26.737988586 25.6285715019 25.6930113959 25.1171942512 28.1471595529 28.9315437798 26.895321839 29.3202602329 25.642194102 29.4346930358 27.0793079861 25.6318544055 26.0647685197 28.2788756861 24.6860610863 26.044422928 28.6761952805
0 0 0 0 0 0 0 0 0 0 0 0 0 0 0 0 43.6544422444 25.2990650405 41.1813565275 25.233253526 26.6895668144 27.9856548714 27.952989521 24.5433343771 26.059892782 26.8138089022 24.5387202438 26.9614062904 26.2341034361 28.6401545545 26.8149587282 29.3910065015 25.979361212 25.0014928591 26.9465952728 28.5691753417 27.0170989012 27.294313508 27.6049673283 28.3174860207 28.4190112272 29.0626032107 44.7794061278 44.7794061278 44.7794061278 28.7428996254 25.0055947762 28.8075673395 25.7091452945 28.0645561843 28.683011561 29.2738395577 25.3788600115
0 0 0 0 0 0 0 0 0 0 0 0 0 0 0 46.7483862685 50.5773604136 50.4907421586 41.1813565275 28.4468371357 29.119554493 27.9103772593 27.2314212981 27.1597337962 27.5610230226 28.8971387858 26.1589272507 26.5949756631 27.4160272387 25.3942748632 28.8644273404 25.7509084492 26.0232190828 28.8984400507 25.9780132485 29.0805707818 25.28210395 27.1917451026 27.7891531237 26.7948678203 26.3598188879 28.9663256393 46.5938966168 44.7794061278 44.7794061278 27.4866880421 28.1279754236 27.5162736248 25.5893376718 25.0742298507 24.5099953325 27.0056729306 25.1113482196
0 0 0 0 0 0 0 0 0 0 0 0 0 0 74.3448679699 43.3018433216 50.2662950674 46.1272844094 25.0677260585 26.246972001 26.7233723233 29.0439980274 29.0803203176 26.3620253554 27.0220435243 27.8708725219 29.4061656597 28.085463063 29.3392670922 25.6893061205 29.2252659022 26.7458344346 28.0099703703 25.7989633248 25.8122908411 27.06252725 27.7404157322 24.5160013887 26.1156934046 29.3250875494 26.3225526826 26.7587546377 25.285489453 25.3534757745 28.5823985586 29.0523201976 28.1751412132 25.6779059731 25.8214205899 28.7649891339 25.3934935562 27.1708017254 27.4359526499
0 0 0 0 0 0 0 0 0 0 0 0 0 0 57.6235635843 45.5986832167 49.4764013613 38.9630670818 28.3275617308 27.1781408602 27.9330636729 25.4272128556 27.654168246 28.8339553262 24.9322307235 29.053592189 25.8406184431 29.0792298481 28.5178625101 28.4875684348 25.4721695218 27.7919106428 28.4966190795 28.8087854633 26.2612185189 28.3162857432 28.1175272341 28.9212654763 28.0330807592 27.0777752449 25.0842476008 28.9156008082 25.2066458781 27.0082584123 28.205338671 27.8812970933 26.1086225326 27.0247484104 26.4300160941 27.00812011 26.0378639751 26.7578535285 27.571057421
0 0 0 0 0 0 0 0 0 0 0 0 0 0 0 57.6235635843 57.6235635843 26.1941485651 24.6928618447 27.8765443555 27.2334953262 24.9815102948 28.1252322404 28.0142436037 27.771451992 27.3679850776 26.6715600576 25.3965444365 28.6401020559 26.8885639393 26.5541853584 27.3036316109 26.2371110973 27.620534265 27.928531829 24.5745883138 27.5666724822 26.5743197032 24.7110941536 28.9852037454 27.7014103317 28.6940718695 26.8924313743 28.395719133 62.9010350577 29.2767066591 26.6005066911 26.7110314168 25.2800127365 60.7305069265 60.7305069265 60.7305069265 25.2220112633
0 0 0 0 0 0 0 0 0 0 0 0 0 0 0 0 0 24.6727097306 26.1116857964 26.1779641898 25.9417803941 25.2593121768 27.0389616911 29.3081873303 27.6950958383 25.3515187188 27.2072256841 25.1309751009 29.2363160909 29.3609934364 24.5588988092 28.4261857191 26.3402613831 25.0584748784 27.0491919499 28.3838404405 29.2896989394 29.061798615 28.8764119208 27.4596786498 28.5279363973 25.0935970581 25.8903412301 26.3088067471 29.4051609376 29.1660618349 25.3023405472 26.9905664556 27.0997369464 45.6926297567 44.5564742496 52.6326300654 28.5714545399
0 0 0 0 0 0 0 0 0 0 0 0 0 0 0 0 0 0 29.1788652862 25.2005824803 25.101102386 25.7768567113 26.7784111646 27.8131669131 28.1090373951 28.9513241593 28.6617439981 25.4858808327 24.7670376785 24.8121067832 28.6044874931 26.1448209859 27.1057736166 28.5687622938 26.6829617803 26.625231446 27.7880201044 28.9674530594 26.1343357448 27.576379665 27.4228704063 25.1159690044 29.0430367454 26.493367231 28.9520365994 25.5978844412 24.9765164356 27.8899609941 27.8408501258 44.5564742496 44.5564742496 44.5564742496 28.9070507558
0 0 0 0 0 0 0 0 0 0 0 0 0 0 0 0 0 0 25.9509172826 24.626678744 26.5080226145 27.306474862 29.2535347615 25.0598206124 27.0806687975 28.5494981632 24.6306939811 28.0321791322 25.7467906735 29.2372904956 27.1181595297 25.459825443 25.5772706096 25.5949536269 27.0276698634 26.4137254904 25.6410709429 28.4026320313 27.5509741075 26.53210658 27.2165647113 26.6439868886 54.0068739682 54.0068739682 54.0068739682 51.2291680667 28.0766483434 26.4652434262 27.7433594242 55.3167727454 44.5564742496 55.3167727454 27.6270185238
0 0 0 0 0 0 0 0 0 0 0 0 0 0 0 0 0 0 0 27.0199200933 28.2961078825 28.8667535885 26.1207835838 28.7118663388 27.2889881651 25.9863284777 24.559362686 25.6235896449 27.3389350774 28.6573660442 27.4746142271 25.2572380525 26.5504667266 25.9259961614 25.26182087 25.9041838078 25.3965913358 26.309377628 27.2388165953 26.6560311245 24.8908099404 26.8298930303 27.3581025197 54.0068739682 54.0068739682 24.8197937946 26.9797648287 27.9637042227 49.1649674493 54.7840247367 55.3167727454 28.637937633 45.3010840497
