Spatial_Output/BAU/BAU_1400.asc
NCOLS 155
NROWS 192
XLLCORNER 196769.923733
YLLCORNER 449719.875193
CELLSIZE 27.603701
NODATA_VALUE NaN
[rows 69 to 91 of 192, columns 53 to 105 of 155]
33.1617761172 32.8024362737 32.8158615838 32.8144322688 32.7168854546 32.8092548119 33.1142498124 32.9105770208 33.0460124884 32.6312166288 33.1368678611 32.9950344105 32.846882315 32.9701167782 33.0352505121 32.6576179227 32.6706709098 32.5370655891 32.8240459488 32.9013143052 87.4101727998 32.5015750735 32.7932262572 32.7016035964 32.6019125382 32.8232425773 45.0008792236 45.0008792236 45.0008792236 33.0821382532 32.8705070564 60.6313241878 75.1446787496 75.1446787496 32.8625864543 32.5934966266 32.9958168223 33.0083715854 32.7701719212 32.9129952781 32.6893893855 33.0128980893 33.1117899857 53.2494232769 53.2494232769 44.0343648825 33.166179373 32.6358997244 32.5046321815 33.1010138626 33.1807638685 32.6507435887 32.6196958293
32.5666717306 32.6373868785 32.6504875003 32.9441778499 33.1086972285 32.6722418824 32.8030734447 33.0048434957 33.1771463538 33.0314182021 32.7164696617 32.6264651493 32.6998004667 32.8244920808 32.6150362386 32.6549309222 32.520515435 33.1136069363 85.1047207983 67.4092807733 87.4101727998 87.4101727998 32.8837390112 32.854543187 32.5694090659 32.9836538098 73.5116846833 45.0008792236 45.0008792236 32.6244096434 32.5993687311 75.1446787496 75.1446787496 75.1446787496 32.5492884326 32.5225668643 33.0421411969 33.0844741168 32.7442368743 32.8463083233 32.6399045748 32.9082932515 33.1465505972 53.2494232769 53.2494232769 44.0343648825 43.9869556965 52.856592928 33.0521333171 32.6409075077 32.531809536 32.9776199894 33.1315778865
32.8697381464 32.569109761 33.1331019185 32.9015877327 32.5389787833 32.9654462875 32.9523434426 33.1542510707 32.7588347856 32.5677402819 32.5908508378 32.8502802439 32.8472324869 32.6232092235 33.0178366552 32.9581638657 32.5205481212 32.9838530288 32.579635272 62.8360278817 87.4101727998 87.4101727998 87.4101727998 32.8970849082 32.8434030699 33.1302472301 33.0993912769 73.5116846833 32.5696782545 32.5758172459 32.9199971171 32.808064209 62.670864001 62.670864001 33.0777283672 32.6960649956 33.1716781357 33.2037955773 32.6157014594 32.8181279264 32.6724759496 32.5068796912 32.9053459977 33.0999056522 44.0343648825 32.6268136922 52.856592928 52.856592928 57.4241472965 57.7827964332 32.7088972692 33.0926427435 32.9624697201
33.1649458242 33.0229598747 32.8321968552 32.7137155768 33.0793332637 32.99635461 32.575596705 32.8063778201 33.0408065697 32.9152231751 32.831669217 32.9981669546 32.6129807157 32.6805344817 32.8444457505 32.9447876796 32.5639668514 32.8961830554 65.7514177169 50.9352211444 62.8360278817 62.8360278817 32.5676235113 32.8350564447 33.0850758039 33.190748049 33.1697251852 32.7996796503 32.738683839 32.5847267658 32.6393352355 32.8241337172 62.670864001 32.8671578692 32.8807089428 33.0509000698 33.171572469 33.0563041442 33.0472067076 32.7409722073 32.7736199544 32.8092037092 32.9426801827 32.9808664992 33.0691363112 33.062778949 52.856592928 57.4241472965 57.4241472965 57.4241472965 51.0879196533 32.6668754637 32.5065264519
33.1360526306 32.5667678409 32.8906626205 32.6307158977 32.7571001751 32.9037083018 32.8786146569 32.8907044843 32.5799120723 32.9860162998 32.631516923 32.7466865513 32.7529334196 32.8841259316 32.524776849 32.959879038 32.933086122 32.9893766464 32.7531072288 50.9352211444 50.9352211444 32.6283861518 33.0552869809 32.6073865957 33.2041685117 32.5539967212 33.0105777083 32.9687679776 33.183626904 32.7112913618 32.9879068528 33.0294952309 32.99525951 32.5781402497 33.1565408128 32.8228675357 32.7685135696 32.9968170203 32.9729433585 32.7797831817 32.5688792911 33.0209098402 32.7855338369 32.9528166243 32.5893102803 32.7789449174 33.1536640091 57.4241472965 51.0879196533 51.0879196533 51.0879196533 32.6701347092 33.0102207461
33.1109645248 32.8861628108 32.5705146688 32.7325553361 33.1800403633 32.7449761634 32.6711214605 33.1749585682 33.1548446545 58.3497331613 58.3497331613 32.5758254706 32.505988669 32.6298088403 33.120404659 32.6221575625 33.0012041027 32.6870542692 33.0010928782 32.6479440907 59.3593499585 59.3593499585 32.9507832404 33.1233027449 33.1151534159 33.1796710619 33.1895114685 32.5290556672 32.6998647009 32.8429612672 33.0671477044 32.9349635743 59.0814911882 59.0814911882 33.1479479134 33.1671848053 32.7945431602 32.9213063966 33.1786324025 33.0816468751 33.0616952339 32.6303347645 33.0209480374 32.8406196716 33.066807954 32.9065228904 33.1107812738 32.6670394263 32.7219806455 32.993151072 32.6235711135 32.6425894164 32.7316053783
53.6119115905 53.3707958078 53.3707958078 53.3707958078 33.0123876927 32.5500124458 32.949281646 32.9681650938 32.7554793021 58.3497331613 58.3497331613 71.0002944978 32.9142758503 32.5865794714 32.7652235122 32.9256621114 32.702536999 32.9599252911 33.0155315497 88.4660591595 59.3593499585 88.4660591595 32.7994293767 32.6786609964 32.9295493122 32.6066914512 33.106601492 33.2031728886 33.1007630178 33.1701576157 32.6099921545 33.0121129393 32.8293821832 33.1381317254 32.8305326834 33.0322632722 33.1849200353 32.9205558532 32.7118677345 32.608483148 32.9355221545 33.1310571264 32.5170054369 32.693063295 33.1678764741 33.0444035454 33.1209484438 33.1832923101 32.7030663067 32.7958156246 32.8962496892 32.94131769 33.1262692874
32.893127154 32.9234134271 53.3707958078 32.9903982224 32.555568412 32.6051348534 32.7422632134 32.7828156323 32.563470805 51.9528585115 51.9528585115 71.0002944978 71.0002944978 32.8743339495 32.5772539236 32.8843662013 32.8487180235 32.6129100069 32.6024486025 32.8454679033 88.4660591595 32.8460658354 33.1945164992 32.8203571927 32.7513438565 32.814400462 32.6903920719 33.1087181481 32.7971482636 32.7878748796 33.0467440826 33.2046069154 33.0789902785 33.0873615215 32.9665320718 33.061013425 32.8217250619 33.1942468845 33.0866234116 32.5088947512 32.5254224347 33.1745935953 33.0044272532 32.5597794103 32.9648401093 32.7925715405 32.9994027232 32.8110843478 33.1728762093 32.8902009459 32.7860708517 33.1754599638 32.9062544557
33.1124777868 32.8148525493 53.3707958078 32.9422945861 33.1332154388 33.1606434544 33.076171576 33.1730942083 51.9528585115 51.9528585115 51.9528585115 71.0002944978 71.0002944978 32.7797896504 32.8667345172 32.5272333428 32.8248373021 32.8904058335 32.9110642537 32.9174082908 33.0838217855 58.3767207575 41.3478727632 33.1481324381 32.7530896911 33.0767869789 32.7872219503 32.5108392359 33.1846955059 33.0670138278 33.1516008062 32.8225705612 33.0768367174 75.2578281501 75.2578281501 33.0176094664 32.8406305865 32.9165145634 33.2009056104 33.1427892302 32.9641387277 32.9691342044 32.5526228421 32.8815962297 33.159585018 32.9925615316 32.7688917609 33.1907740591 32.619905494 32.9594843414 33.2039689825 32.5361908249 33.1930530214
33.1914150331 32.9876669337 32.791176147 33.122116141 32.7903589711 33.1161706922 33.165903154 32.8363034561 46.4629314554 82.2116894957 32.8384133779 32.6889794549 32.7864387213 32.6611973143 33.1707762326 32.7377614719 32.9647249121 32.7543596926 32.9547005923 33.1747752692 58.3767207575 58.3767207575 58.3767207575 32.6064103943 32.5374186727 33.0772959506 32.532355187 32.9320871184 33.130512497 32.9982778988 32.8087336266 33.1514779442 32.6681168429 55.6714176146 55.6714176146 55.6714176146 32.8721572571 33.1531757168 32.5806702895 32.8739971082 32.7051801754 32.5842674311 33.0746284308 32.6198861273 32.7120576682 33.1247755987 33.0926713308 32.6410593762 32.7391349092 32.8599334534 32.993034579 32.7315342489 32.6111487745
32.7497257001 33.075519378 32.8660983327 33.1792638479 32.6040264843 33.1782627717 33.1134205316 33.0612430703 32.6983879527 46.4629314554 32.7601345415 33.053921697 33.0073660013 32.654878192 32.9772243425 32.5138741638 32.8882028249 32.7980621951 32.919822714 33.0654553544 32.8075837437 32.8684228606 32.6182497808 33.1693662508 32.8651107221 33.1060361142 32.9541489476 32.7723738965 32.939643618 32.5371896608 32.6419519849 32.5597175804 32.6642474703 32.896457676 55.6714176146 57.1559465538 32.9166135539 33.0433290721 33.0054219117 32.6047099399 32.6103959121 33.1679907716 33.1820321115 33.1120514263 32.9685002425 32.7283508449 32.6568989799 32.8340325344 32.6912810967 33.1707078091 32.93289606 32.6071373405 33.1099985179
32.8178815752 33.0487006351 33.0010338512 32.5405085802 32.8721969079 32.9808709289 32.713168157 32.764868435 33.0590922794 33.1144396863 33.0542557513 32.7416304822 32.5287195143 33.0637073837 33.0042793265 32.586354661 32.9984800589 32.5718970258 32.768683293 32.682052051 32.5544713106 32.7495616045 32.7748025334 33.1166219774 32.7136755859 32.543944769 32.5812263093 32.5491115956 32.9038759534 33.0601032873 32.8270483593 32.8973900502 32.6256436806 57.1559465538 57.1559465538 57.1559465538 32.7712309398 32.6942646973 32.6185661236 33.1121567365 33.1479437191 33.1149192383 33.0441289286 32.6999241902 33.0651232338 33.1020357711 32.7602076542 32.9348267986 32.8267860555 33.1396511651 32.6584534111 32.5184251477 32.827977085
32.6088563173 32.5890241489 32.6852350045 33.0939117763 33.0839104712 32.7749529239 32.9941176292 33.0255869407 32.8792531024 33.0722663468 33.0630157848 32.7172863089 32.5473662136 32.5460389031 33.0838513388 33.1530370662 32.5291252315 33.1545067069 33.0021693292 33.084530669 33.0523139067 33.0779744349 57.8520113899 32.7748360164 33.1211818087 32.5267637924 32.9591370613 33.1972497111 32.8944043033 32.6318628739 32.6196264776 32.5408273853 32.9367319488 33.1888435256 43.5604525025 43.5604525025 52.9426111045 32.7831713153 33.1456723994 32.9061936623 32.8598118393 32.6565941663 33.0824950523 32.8416894621 32.8525658998 33.0245645688 32.9100184583 32.6755901795 33.1753683724 32.8741411167 32.5895370807 32.9717523077 32.6408821215
32.8902140435 32.661503897 32.6636921912 32.7301579058 33.1225952812 32.725390941 32.954583993 33.0901088553 60.7787936264 60.7787936264 60.7787936264 32.5245054573 32.9816249101 33.1174872432 32.5764575671 32.5785390686 32.9524971905 32.6400495723 32.8417503263 32.6188073426 32.7417227892 32.6899075344 32.6277008817 33.1901259905 32.6194419931 32.5330473145 32.7448666697 32.693860732 32.6056448339 32.588222184 32.8371696637 32.7018636121 32.9861816145 32.686228634 43.5604525025 43.5604525025 43.5604525025 32.5976136285 32.8737939678 32.9585965898 32.904543462 32.6160596671 32.5736125959 32.6539448303 33.121038274 33.1187269736 33.1865077188 32.5815159793 32.6039266163 32.8449421739 32.5072429345 33.182726387 33.0399288386
32.6236044619 33.2037223016 32.6896763873 32.7820824765 32.7930148441 32.6984363095 32.7011976485 33.0682710939 32.9831933873 60.7787936264 32.706824654 32.9105124812 32.9971239254 32.9353940689 32.5148327659 32.529852514 32.8614673363 32.700594631 33.0153741567 32.9395741519 33.0564214442 32.5833364016 57.3754121253 53.1782855196 53.1782855196 53.1782855196 33.0543958188 32.8538300891 32.5502798288 32.9143864481 32.8133178707 32.6199647788 33.121509243 33.1317713629 57.0124295425 57.0124295425 57.0124295425 33.1513806141 32.7034044749 32.5304717365 32.7541311749 32.515709097 33.1157497904 33.1473089879 32.7645966648 33.1451499426 33.0555636307 33.077745503 32.9932616573 32.8846091404 33.046181637 32.533273966 32.6904009234
32.6458153061 33.0861808873 32.875640285 32.7264670106 32.6355484583 32.6823419678 33.1412102666 32.7040655416 55.3533446696 55.3533446696 55.3533446696 32.9124189002 32.7670422763 33.1060935431 32.7934086274 32.8700137555 32.7101607657 32.9387467418 32.7874525092 32.8974165419 32.6084640541 32.5694281757 33.0223193697 53.1782855196 53.1782855196 32.8051664147 32.9209797634 32.7277625187 33.1295273028 33.0052132413 33.0771803195 32.8396889741 33.0564913677 32.982029365 33.1041188464 57.0124295425 63.0317455442 32.9123179225 33.0252954028 32.5169902083 33.1079029286 32.9546490819 33.2000104388 32.7188377998 32.8610340344 33.1664892978 33.152177811 33.1091422582 32.9712236648 32.5515316687 33.1397759863 32.8172749309 32.943065183
32.9384186173 32.8537622546 32.7236673216 32.7872803568 32.565500274 33.053382261 32.5095611682 33.1275148337 32.8949273723 32.7099025457 32.867078008 32.5791365332 32.9969455694 32.7425068435 32.8082687891 33.0344250163 32.5458436701 32.5298627833 32.8865418408 33.1855249086 32.7701548275 32.8290111696 33.1941232407 33.1231177352 32.6486033383 33.144165757 33.0599883366 32.5410492264 32.8983517905 32.6692994699 33.0565573861 32.780366176 32.7367038403 32.7708310542 32.6950354992 62.7247479732 62.7247479732 62.7247479732 32.5734145513 32.8261539246 32.5044253736 32.8002977066 32.5814675303 32.781774838 32.5967159931 32.9401599567 33.1889193723 33.1351627008 32.5830836905 33.0828812448 32.935089797 33.2001786194 32.7471572449
33.0736416622 32.51832451 32.8554434665 32.7345007234 32.7428356136 33.0249843109 33.0778936283 32.6392336107 32.9763414653 89.1965102807 33.0991281234 32.562433491 33.0374523106 33.0981362169 32.9556225932 32.8225080362 33.0641457997 32.5771066929 32.7403148865 33.1489820399 32.6496533741 32.7930957013 33.1043435146 33.2045838495 33.0584151017 32.6642577562 32.537735583 32.8111218397 32.6100477218 33.0191997851 32.7171479641 32.889624152 33.1350150741 32.8509044177 33.0229138272 62.7247479732 62.7247479732 67.5548377789 32.6410220039 32.6257538512 32.5878410318 32.9379038657 32.5631155491 33.0263138971 32.903458072 32.8189646021 32.6322105379 32.5504021094 33.1669555209 32.8415882199 33.1907571935 32.9582969616 32.8877029835
33.1501016224 33.0913372388 32.6453817777 32.6540768745 32.8858670193 32.7596500142 32.5229413711 32.8805953461 32.7226424472 32.7213005767 32.6628606477 32.7336558611 32.8544094405 33.1530459696 32.9008318625 32.6098188649 32.7386249037 32.8351544073 32.5741900684 33.1691670058 32.7379337425 32.9817669707 32.8561636853 74.9012341173 74.9012341173 74.9012341173 32.9773611408 32.7271225475 32.5398147886 32.604957681 32.5694317297 33.2059569882 32.9436860506 33.0418491858 32.7136088247 51.5661894844 67.7768491823 67.7768491823 32.7874315105 33.1197713198 32.8481551075 32.7100755081 33.1206781853 32.697308503 33.0388276469 32.6510051388 33.0778619054 33.1047115596 33.0564817453 33.006297142 32.6577711315 32.8655722416 32.5898937821
32.649876287 32.9473248062 32.7015109281 32.572889444 32.8019493766 32.5270248813 32.9866785096 32.5400945895 33.1336766048 32.6556852475 32.5697555557 32.7009979779 32.5633885198 32.6071999801 33.1696376037 32.8441530396 32.6917014351 33.1520102774 32.8242263317 32.5753913605 33.1686702285 32.822823509 32.791144891 58.1519636237 74.9012341173 74.9012341173 78.0774565293 32.5781077654 32.5043605194 32.8738516877 72.178714882 33.0276804322 61.9694594701 32.982804975 61.8922208298 67.7768491823 67.7768491823 67.7768491823 32.6760677016 32.5794253226 32.6747295172 33.1704034913 33.0256364885 32.7789714931 32.7866356986 33.0894537534 32.6783799889 32.6613576417 32.9631829434 33.0820373005 32.7505318161 32.7037658714 32.740621404
32.6345622124 33.2019741393 32.8839138641 33.1670459243 32.6311790887 32.6746780965 32.7628895025 32.9706662361 33.1574021963 32.7185696974 33.1511824188 32.5668509707 32.5279996144 32.5819360674 32.8541486035 33.1203878867 32.9344340361 33.0117435124 33.0501200223 33.1439284182 32.7190391747 32.5708551951 32.6711694765 58.1519636237 75.8463839811 78.0774565293 78.0774565293 68.0149047965 33.0361076435 32.769042322 72.178714882 33.0749501746 61.9694594701 32.6964127211 61.8922208298 61.9414593963 61.9414593963 32.5579680743 32.9821101808 32.7476884804 33.196707446 32.8211450098 32.6607192875 32.6498851528 32.6399405605 32.5962560803 32.8545381571 32.7974917576 32.9087154635 32.8479263392 32.7529217162 32.7438410352 32.9393534768
32.5420552484 33.0757106418 32.5593445912 32.8777458228 33.0040452501 32.8394880991 32.6551366744 32.5258013741 32.507821811 32.9497299292 32.6961943062 32.6724989769 32.83241014 33.1784285394 32.9927390174 32.82383842 32.9441016708 32.5872458136 32.9267027609 32.9523945944 32.8758296456 32.5120690955 32.5186220447 32.8305898484 33.1398988287 32.7298725163 78.0774565293 32.9651432469 33.0265097007 72.178714882 33.0788703256 33.0047411343 32.8891149192 32.9786498885 32.7190295631 32.5083827334 61.9414593963 32.6041860485 33.0282788708 32.5840736271 32.6884829066 32.5689245368 33.1563668474 32.8486420716 32.9361743956 33.152259018 32.5616065495 32.9401518083 33.1897921882 32.6506318642 32.8027975147 32.5841816589 33.025562687
32.8677855107 33.2022908015 33.050887629 32.905278363 33.1754288132 32.6936145528 32.7220955413 33.0673654991 32.9317509 32.5465494925 33.1635188631 33.0099062725 32.5720884036 32.8087625755 33.1182801647 32.6043693672 32.9127334969 33.0935486352 33.0539909862 32.6768014111 33.1816276256 33.0669216656 32.5830006968 32.5324496018 33.1213168205 32.8971461811 32.9866160457 33.1110533014 32.9822179229 33.1752719165 32.9417772732 32.7606909132 32.8823090541 32.7511552926 33.0135692568 33.0267527622 32.5514801144 54.182500951 33.1263696358 33.0281262134 32.6634254992 32.6357188613 33.1669381855 32.8084159722 32.9296465386 32.8645380909 32.6433754735 32.7255685766 32.7154918015 32.9778697086 32.5226575888 32.5500135051 32.6498597744
