Spatial_Output/BAU/BAU_0312.asc
NCOLS 155
NROWS 192
XLLCORNER 196769.923733
YLLCORNER 449719.875193
CELLSIZE 27.603701
NODATA_VALUE NaN
[rows 115 to 137 of 192, columns 53 to 105 of 155]
36.5130684382 58.5444715567 36.0221529053 36.7436221645 57.9792396071 57.9792396071 58.4564897386 58.4564897386 58.4564897386 37.3536515117 36.6653879998 36.9393993989 36.2515088275 37.2113283491 37.3102034041 36.5355125237 36.4375057368 36.6353704252 37.1585541275 72.759196408 72.759196408 64.8198591222 62.0283965323 62.0283965323 68.5403480401 68.5403480401 70.1249482154 57.4757557318 50.4813255962 70.9549392803 54.4637035489 54.4637035489 37.2153377674 66.2100713863 36.1816061509 36.1928360462 37.3391367978 37.1107782076 37.1070872358 64.2504317051 64.2504317051 64.2504317051 36.2364172112 36.9716134733 36.8996933873 36.8057346424 36.7181578662 36.9158408345 36.0022797969 36.6443724765 36.8334017258 36.6986769602 37.2669622152
37.3128000119 36.0915648611 36.5203363155 37.3751179056 55.3988011483 57.9792396071 57.9792396071 58.4564897386 36.1308991807 51.849029934 36.9816658917 36.425129631 37.3457515514 36.9274859462 36.3985606386 36.5900293906 36.6870117805 36.5809688821 36.0367798452 58.148847685 36.5200127829 64.8198591222 62.0283965323 68.5403480401 68.5403480401 54.2834647173 37.4092017811 37.1438108094 36.7879294728 37.224711261 36.8046558962 36.0406418056 36.2317249182 36.4350137297 36.9983643527 36.3112290067 36.6351929344 36.2294109867 36.7590035833 36.5761898977 64.2504317051 63.7670138672 37.007751246 37.2652913222 36.8713815262 36.8321091278 36.4602016469 36.5884163395 36.1305347785 37.0044528569 36.0441138937 37.0047889979 36.7992150135
36.4798430875 37.085034328 37.2818042987 36.1774610802 36.8985579222 36.7158144564 36.7748526667 37.2761536062 37.3464850733 37.2418349194 37.2601678985 37.354085792 37.3753053072 37.3308543237 37.18304278 37.118396769 37.2020543524 36.2739185282 37.1694522985 36.9597589036 37.0781597498 36.5693623516 36.4964715749 67.0244268851 67.0244268851 67.0244268851 36.8783004275 37.2165769002 36.4157502728 36.8377806805 50.911954244 50.911954244 50.911954244 37.2284992379 36.1625249435 36.2803441313 36.0114848999 36.6110889115 37.0114971915 54.1019830085 54.1019830085 54.1019830085 36.1231081272 37.0296905162 36.1764203636 36.5856203369 36.557389309 37.2613162002 37.0041245613 36.6420942293 36.7727406377 36.7639349627 37.2241377514
37.1508019877 37.1504284533 37.0971666444 37.1912289277 36.6323076128 36.5737561968 36.3362187503 36.7768898925 36.1743395719 36.9718344102 37.3135644417 36.3674732019 36.6958682764 37.2359284028 36.5919783352 36.5212648328 36.7420894829 36.9193416106 36.715131018 36.6650607068 36.0302655344 36.279968073 36.9299748327 71.1509717203 67.0244268851 37.3301082627 36.5921678573 37.0130950219 36.5972356853 37.1345849779 73.5075794993 59.7859403182 50.911954244 36.2639349598 36.2963786969 36.8608656384 37.0971020931 36.1024293435 36.3407855129 48.5100046248 54.1019830085 48.5100046248 48.5100046248 36.5883515165 37.3571153897 37.3387288881 36.8572604837 36.2299430853 36.7202305147 36.8006708914 36.4173904106 37.265838465 37.0102139938
37.1895291173 37.1912573606 36.4524535602 36.0601330406 37.0384254692 36.7923353829 37.1340650045 37.2168984103 37.1416331113 36.8837844824 36.4384348778 36.5601425423 36.1585435214 36.714482997 37.2399242163 37.1296727822 36.2633583007 37.3178261882 36.7131065596 36.2473362934 36.4978997848 36.1554992685 37.2861160796 49.5834943167 49.5834943167 49.5834943167 36.1913562774 36.7186061894 37.2516078709 59.6279445511 66.6300328524 59.7859403182 59.7859403182 54.5104389077 67.6947273398 72.9384784404 72.1110155599 36.29962166 36.3263299257 59.060895485 48.5100046248 36.5445411785 37.0846426184 37.3451004609 37.2476349781 36.3150320039 37.0006081426 37.0187224039 36.4768245953 36.6140764606 36.9775612964 37.1327891794 37.0864770775
36.8071528615 37.135270283 37.0104987598 36.8779896443 36.6978129324 36.2780589111 36.676622095 36.533738085 36.8636796684 36.3681442458 37.1909980304 36.0281800767 36.9237438685 37.19778789 36.1792671185 36.8707022018 36.5833139168 36.0124405329 36.6133034892 36.0937417602 36.515849472 36.9786538926 37.0632284991 57.374968765 57.374968765 57.374968765 36.3432618069 60.0718593922 59.6279445511 59.6279445511 59.7859403182 59.7859403182 59.7859403182 54.5104389077 67.6947273398 50.0751539713 50.0751539713 37.2048592076 36.4795718653 59.6292284657 59.6292284657 59.6292284657 59.6292284657 36.3716322643 50.3572821718 36.0421403728 36.1125845765 36.9251264483 37.0495612384 36.043606005 36.3233156701 36.9826973736 36.7540598175
37.12235558 36.6916660376 36.1266353036 36.5516644292 36.5183293089 37.015636776 36.1827366744 36.0731657035 36.3604060895 36.8021406715 36.4120458658 36.523467088 36.6345969614 36.3062794442 36.5416999338 36.6050126352 36.5765301655 36.2661300251 36.494019102 36.716135527 36.2351023984 37.1255405521 36.6562748203 79.1085994925 57.374968765 79.1085994925 37.2834205859 37.297036248 36.6474718021 59.6279445511 36.4573023701 36.2494331939 54.5104389077 64.0907491063 72.9384784404 50.0751539713 50.0751539713 71.3104378412 66.614670522 36.5599573055 75.2726745281 59.6292284657 49.6883049957 75.1918003166 50.3572821718 37.3369798606 37.0913166905 64.39230042 65.0091133701 36.0760457189 36.599821933 36.5532965675 37.0787245787
36.5290862176 36.1596431091 36.1590896187 36.0437001454 36.0224197918 36.997779916 36.0471820373 36.6160075468 36.7638641868 36.5228645203 37.1782668473 36.4964155537 36.0768842383 37.2804163738 36.054193068 36.8970430251 37.3255337247 37.0019641039 36.2591788591 36.9919846392 36.5119909835 37.4139663575 36.3938257152 37.2386585136 79.1085994925 37.0166777053 36.7111759648 36.5805773609 36.66470056 36.3024541772 36.8091649935 36.8418342143 36.088507064 36.9182322661 36.2088138308 50.0751539713 71.3104378412 36.8720912554 36.1539113807 37.391719205 66.7229508634 75.2726745281 49.6883049957 36.8115518424 37.2347393564 36.7180021924 36.9252166057 65.0091133701 65.0091133701 36.5947965394 36.6841059776 37.1784314122 36.1038402359
61.4726548243 36.5025491923 51.4073060026 37.2884030126 36.9669039541 36.5852763741 36.5444947056 36.3679513567 36.9610240932 36.9033773197 36.0028077802 36.922997109 36.5485010896 36.2777310727 37.0646144376 36.0986512718 36.7626469082 36.3431252622 37.2762750529 36.7373663075 36.7693559796 37.047956807 36.2455132823 51.3520153769 36.8740873371 37.2182452689 76.6648442643 36.4653532789 37.0327471798 36.7988362818 36.2465680425 36.1323264021 36.825852382 37.0857879209 37.0639663705 36.7979106932 36.3419802989 36.0740729451 36.199003221 53.5441572512 61.2895265738 61.2895265738 61.2895265738 36.817816395 36.2371616287 36.8848348709 37.3613787735 37.2108788388 65.0091133701 36.2237355175 36.5296341047 37.3048753168 36.9329220813
37.3642374036 51.4073060026 36.0110864456 36.3379583811 36.5820343459 37.2218729898 36.4641266668 36.1257880896 36.7139511928 37.1313761209 37.0309046566 36.7496824526 36.0087142098 36.2299105662 36.9325965336 37.3638616739 36.9315421596 36.6579862779 36.3932440078 37.1392377753 36.8561078313 37.0080253523 36.7675280429 36.730022067 76.6648442643 36.0302252094 47.9014747962 47.9014747962 37.234113258 36.5574706069 37.1518158812 36.6921174743 37.3182593525 36.9577237431 36.8230624328 36.1966094043 36.0707127044 36.5458249532 36.4061969751 37.1229358519 50.6620777316 66.5386305381 50.6620777316 36.1479282516 36.5741477675 36.0067531001 36.805521921 37.0909519462 36.9712656163 36.8262475 37.3696882556 36.962422634 37.3861573411
37.2884772914 36.1928607472 36.2465700277 36.8562360944 37.2206824796 37.3835951573 36.0624362945 36.2951801814 36.435646486 36.8856230722 36.1011851837 36.9105172085 36.4466865751 36.2180828954 36.2387894638 37.3989433778 36.9244092145 37.0470783811 37.1880126273 36.0997036207 36.9433713598 36.1197059048 37.0501559228 36.4914241698 36.8839996999 47.9014747962 47.9014747962 47.9014747962 36.9340145615 36.5191307389 36.2645466582 37.2199594314 36.4581835099 36.5898306804 37.1220069293 36.4990839621 36.66721519 36.8602804514 36.6507351253 36.6698564561 66.5386305381 79.1524350214 79.1524350214 36.5987299768 36.7232391445 36.1055544484 36.6380760792 36.2366179608 37.1164783364 37.1924175124 37.3184700335 36.1745628174 37.2320664098
36.7452076895 36.4297768315 36.327980361 36.7757336405 36.4528991902 61.1121196143 61.1121196143 37.2809601827 37.3418644178 36.7570961827 36.5631577898 37.3538006465 37.0245968132 37.0480878688 36.813550471 37.1172266535 37.3013595946 36.5723959217 36.8646077405 36.8423285001 36.1593304704 36.7945067017 36.416723539 36.3638980312 36.839890717 37.2054461146 47.9014747962 55.9952179742 36.4185165272 36.4790242349 36.7284334279 37.0589166337 36.6369972304 36.6281178246 36.813717518 36.3863485122 36.0848793646 37.3329366001 36.8469611944 36.8135472578 79.1524350214 79.1524350214 79.1524350214 36.4055236768 36.1713001383 36.9629703107 36.3224500897 36.2298742064 36.9733020689 36.6228140967 36.5911539115 37.2361649073 36.0526098198
36.2181437449 49.2837847757 49.2837847757 36.0928325963 37.2806125828 61.1121196143 61.1121196143 61.1121196143 36.1761302879 36.4060711468 37.1547852194 36.0146801538 36.6736899608 36.6747891936 36.9466810987 36.3470148727 36.2156471393 36.3088113448 36.0170473072 37.3406585835 36.6116398499 37.3405313379 36.5275660519 37.2285718602 36.6102951854 37.0747885863 77.4042873939 51.2137699342 51.2137699342 36.3360987082 37.2390529597 37.1558964424 37.0211420041 36.7680714774 36.1427310215 36.7365548724 36.5419907856 36.659876545 36.5306484947 37.25032785 51.1572958961 65.6190066036 65.6190066036 36.8441389161 36.6915964188 36.4639770719 36.407137452 36.242098831 36.8226335642 37.3248306614 37.3020619575 37.3228041829 37.3141243491
49.2837847757 36.1537475829 55.3223811513 55.3223811513 59.205335751 61.1121196143 59.205335751 36.418121967 37.2208120653 36.7021440682 37.158390767 37.3406689314 36.7139528072 37.1734710761 37.0856422699 37.2961152053 36.3881755438 36.8371606387 36.6855654145 36.1800249315 37.2445201502 37.3709385029 36.3942072938 36.1820079057 36.7741917802 36.7447397504 51.2137699342 51.2137699342 51.2137699342 37.0597413386 36.406987597 37.1223861877 36.5966905017 37.0728874776 37.0191015184 36.5554668638 37.0493924419 36.2496176123 36.0400629469 36.1862481262 65.6190066036 65.6190066036 65.6190066036 36.2137358536 37.1379548523 37.2665279056 36.8462308203 36.7741109906 36.8888530729 36.7205773131 36.3191656126 36.8555352063 36.4576531972
36.2933758074 55.3223811513 55.3223811513 80.4717712525 80.4717712525 59.205335751 59.205335751 36.499551221 36.0683829291 36.9237351807 36.3058904943 36.5203390446 36.9682927803 36.2418657192 36.7549709511 36.5767117389 36.3296921472 36.6696366627 37.0910688173 36.6580521162 36.9855854123 37.0932333397 37.2730947158 36.5267621689 37.1864845763 36.3306727518 37.097108189 36.5023249761 51.2137699342 36.4360695433 36.7946792073 37.0265585948 36.2115004141 36.6107878709 36.7342082319 36.0717324664 37.0559733237 36.7546025507 36.1898244325 37.2256610302 68.6148925343 36.2254092372 36.0621856321 36.6603655624 36.0492122439 36.7832017144 36.4806420583 36.0675532679 36.8252381226 36.1903074825 36.822804024 36.621495462 36.6791392772
37.2777506924 49.3999943948 77.8984235387 43.7232780772 43.7232780772 36.717344819 36.6714113557 37.1093747684 36.7644771389 36.9749347852 36.5994153267 36.4629610472 36.4895972821 36.3705547738 36.3996286634 37.2368671984 36.8142044908 36.2478298244 36.0387324373 37.0406296733 36.026777323 36.8685370353 36.9262078917 36.187496171 37.1909059552 36.7089345247 36.985840972 37.2528012129 61.9215611033 36.02756232 36.9798356571 36.885410336 37.1573180611 36.9841181606 36.69987481 37.1385451631 36.5041840997 36.0576111088 36.4383576035 36.2201615736 37.3753430088 36.6685863937 36.2304365062 37.3286748438 37.08928663 37.0188212864 37.1053375471 37.0371028553 36.9341410419 36.3950876974 36.3439867984 36.4703355697 37.2918228992
36.8262107123 37.3820049716 43.7232780772 43.7232780772 53.4740862391 36.6596856857 37.110590032 36.6576005071 36.4072885599 36.3515143102 37.0383971422 36.4459175475 37.1670390317 36.7305216308 36.648032995 36.1462813093 36.0949074649 36.1846741976 37.0418198473 36.4904115848 36.8044455453 37.0680001385 37.3489482701 36.6553789477 37.406660646 36.2562925231 37.3355816705 36.9943343084 61.9215611033 61.9215611033 36.8694985315 36.5916623974 36.3394436458 36.5087929955 36.1196293495 37.0547886437 36.3036492165 36.0841373011 37.3176095602 36.7322526231 36.4632362581 94.5496599236 94.053019205 37.3841897321 37.3362387721 36.0897142155 36.2359150811 36.516938376 36.7284403126 36.6217373649 36.0255935883 53.6759900242 54.4778271912
36.6627938301 36.1192267975 37.3213805999 53.4740862391 53.4740862391 53.4740862391 37.2741726256 36.7966802134 37.3361596187 36.1322530812 37.1239503494 36.3150501032 36.4310437366 36.4406494581 36.7589270307 36.689289919 36.5439677314 37.202193788 36.479225958 36.5567540425 37.0299792563 36.7378899655 37.2892579633 36.0200947712 36.639207505 36.0202060408 36.293384151 36.1674738773 65.0010350034 61.9215611033 36.0518249757 37.3103362519 36.0618199756 36.4401121237 36.5078158773 36.7241806217 36.1656992014 36.0415574258 36.5116399532 37.3045141259 36.8012773103 94.053019205 94.053019205 94.053019205 37.1432523079 36.1291726422 36.7541313388 36.6650530365 36.7525055749 47.4447625854 36.0556353519 53.6759900242 54.4778271912
61.9542347751 63.1886823205 36.6274290822 53.4740862391 53.4740862391 50.5059334736 36.1646663492 36.0112299991 37.3471024024 36.7293215199 37.0901647019 36.0023867221 36.97060175 37.0201705922 36.53999854 36.494864287 36.6203505894 36.4802370449 36.9083743829 37.4092806943 36.8578366628 36.0564239662 36.9344842215 37.0295632917 36.3214083546 36.2125524847 36.3169646456 65.0010350034 65.0010350034 65.0010350034 37.3818269902 36.1052516282 36.8723478993 36.5465038139 37.3997757946 37.3212721339 37.0182678596 37.3367810942 36.0414894583 36.8846176959 36.9146757222 36.7449371781 65.2423790084 36.9042825329 37.0115952148 37.3452466046 36.1080187303 36.4760568749 36.4322620843 36.4964482858 36.5511844506 36.2934402174 54.4778271912
61.9542347751 63.1886823205 37.2912740195 36.8851601816 73.8280312789 73.8280312789 37.4008819008 36.426782878 37.1422065625 36.2907030503 36.1165745223 36.7420284476 36.8847088645 37.3284319609 37.0644381429 36.7317455724 36.1230114564 36.290409105 62.1626414471 36.2349903609 71.1893852897 59.659255931 36.4029142952 36.5794984756 74.9408135463 75.0908722114 75.0908722114 60.6793161805 65.0010350034 37.2902194972 37.0366827338 37.2984459445 36.5141480616 37.2486801008 36.0535931433 37.1209573143 36.1697358171 36.7615762639 36.5244852424 37.1895038217 36.0062599278 37.2058209012 37.298194754 65.2423790084 36.0233022231 37.1534465071 36.7126960245 37.0390616131 36.7460051149 36.4780379733 37.3743934313 36.0821623619 36.9474203267
61.9542347751 36.53382949 36.9312644635 36.3252832765 36.0798130297 37.1360438194 70.4544198026 36.2446443464 82.8967063987 37.0099604181 55.3218869294 62.5227216965 36.8031413908 36.2056443581 76.6304304719 85.4675952552 70.9885608373 63.82972297 63.82972297 64.3522578311 71.1893852897 71.1893852897 59.659255931 36.5534999909 74.9408135463 75.0908722114 75.0908722114 36.3447158613 36.292280888 36.2459633374 36.3928289182 37.4079583084 37.1843191998 36.8768639887 37.0731689947 37.378470714 36.0349507579 36.0816368968 36.5475091754 37.0263461328 36.5411994296 36.6059861148 36.6741665759 36.5471158904 36.7085412564 36.0108208468 36.3981600429 37.3556602793 36.3178987745 36.8941536475 36.5801560254 36.2127676128 37.056978182
36.3916955295 36.1420001774 36.9581178126 37.2484472153 36.2921376904 36.3598438231 36.8813869766 36.069104328 82.8967063987 82.8967063987 55.3218869294 62.5227216965 62.5227216965 76.6304304719 85.4675952552 85.4675952552 70.9885608373 63.82972297 63.82972297 64.3522578311 71.1893852897 59.659255931 80.8570142704 56.3479201661 37.3602634005 74.9408135463 75.0908722114 36.0545693801 36.2079485975 36.7515628383 36.9770184069 37.1993767077 37.3880360546 37.1902841975 36.0362683763 37.1945829565 36.8033006018 37.2781223595 36.550083595 36.6477279871 36.4655879753 36.919017486 37.236684077 36.6953813734 37.3447008193 36.5470570065 37.3276896611 36.1754185365 36.1808564175 36.0222990959 36.4477492202 36.5206388204 37.3794725426
36.8645539379 37.1439477853 36.5223935982 37.3580067804 36.751374716 37.1645536025 70.4544198026 72.0823716508 82.8967063987 82.8967063987 55.3218869294 62.5227216965 62.5227216965 36.1395858954 76.6304304719 85.4675952552 65.5426978994 70.9885608373 62.1626414471 36.8825930705 37.2869133664 37.1546857295 36.9800766692 37.3484167695 37.062671509 37.3090648926 36.756676415 37.1066848071 36.0994011287 36.9671143967 51.4036191724 51.4036191724 37.1480782564 36.6842520046 36.4240748237 36.0206032803 36.4330330866 37.3697431842 36.0917968322 37.3232074626 36.0898219388 36.8938276237 36.4838631183 36.2797107662 36.0036472194 37.4086238259 36.5407901524 36.2849635679 36.7083566331 36.8117160229 36.0082216589 36.0810832066 36.6421758743
