Spatial_Output/BAU/BAU_0648.asc
NCOLS 155
NROWS 192
XLLCORNER 196307.867259
YLLCORNER 449144.565805
CELLSIZE 33.573938
NODATA_VALUE NaN
[rows 25 to 49 of 192, columns 0 to 56 of 155]
0 0 0 0 0 0 0 0 0 0 0 0 0 0 0 0 0 45.4552721243 61.7286848938 52.6604177004 18.3259186827 18.843649037 18.9316592398 18.9316592398 53.80934426 53.80934426 68.2147913289 27.4618208301 25.6957751289 28.6999430414 26.0604829584 27.2626539777 27.5525032471 26.3103520474 27.6737575446 27.1932976476 26.4303710818 27.2025983431 26.9676734244 26.8187901257 28.5243789706 28.4201365305 25.3630056015 27.1211600048 25.9072981372 29.3061458304 25.0246394229 27.8262442735 28.5157239144 27.9184567083 29.2165954687 29.2518667833 24.797742047 27.9680103526 28.9478204347 28.4837305681 28.7528108154
0 0 0 0 0 0 0 0 0 0 0 0 0 0 0 0 0 0 0 0 0 28.8479061685 25.6896622457 28.1633753292 53.80934426 68.2147913289 46.6207478283 46.6207478283 74.3986928113 26.0388103961 25.6832909703 25.4567609586 27.4103984588 27.9522440797 26.3028075839 28.7254539224 26.0151198669 28.0564822244 27.1198235224 29.1033110678 29.2514684974 25.3728011969 25.2710326787 25.6839389042 29.3443351514 25.8859726225 24.5504554487 26.9852691685 28.8372666961 28.6929125896 29.1203384667 28.212345854 26.7701529624 28.6079872078 26.2929250811 29.0810283642 29.2962162827
0 0 0 0 0 0 0 0 0 0 0 0 0 0 0 0 0 0 83.736513865 28.8435347271 26.6175236101 28.4138754741 26.7765130049 24.9484948938 27.3724799092 28.3178940066 46.6207478283 46.6207478283 47.742909859 47.742909859 58.6561324504 25.54485222 25.5128724572 24.6098969134 26.7850415126 28.1745858815 27.5749584377 26.4336673536 24.932302252 28.1980620512 25.7687154345 25.8209244685 26.250344248 25.1598959086 27.3491231719 26.5586446937 24.7272557755 26.8443163253 29.420087618 27.2285010766 28.6824825283 24.9086446661 28.7481569461 27.1011965755 27.7304657483 26.1865747643 26.6449264756
0 0 0 0 0 0 0 0 0 0 0 0 0 0 0 0 0 83.736513865 25.5068765513 29.4475143475 25.2771068438 28.4299150629 26.969369205 28.0910281466 28.1636475533 24.5940634371 46.6207478283 53.7005011598 47.742909859 47.742909859 45.4811590291 25.7616678514 26.9128987716 25.5771214406 25.7287789547 28.544322602 25.3042550984 25.0960318473 26.1440820037 26.3759021122 26.7518800235 28.0463753616 26.6149271798 24.6212016995 29.1044422844 25.5139382339 28.9245718017 28.9103276674 28.0207579149 24.7347328558 25.8454156568 26.0185312845 26.9139560583 24.5213873674 29.1325226978 26.5459238955 29.0695051272
0 0 0 0 0 0 0 0 0 0 0 0 0 0 0 0 0 27.0177887544 26.4007921009 42.1609427548 44.6779541473 37.7971591706 25.5373285345 28.5916089225 27.8736344208 27.7965595797 26.1871291992 47.742909859 60.647512126 45.4811590291 49.7505323447 49.7505323447 49.7505323447 28.242884791 27.2052871488 25.404539253 28.2345007397 27.6958617798 25.8111347418 24.8843920447 27.2531755202 25.7160270791 27.8199823624 26.6349562036 25.8836501483 24.6834504666 27.4283181816 25.293391679 28.7353960301 25.6713200037 27.6467810172 26.9877683872 29.2099553426 27.7327863559 27.1632839047 27.5453510464 25.4912751913
0 0 0 0 0 0 0 0 0 0 0 0 0 0 0 0 27.3501114254 29.2102336828 26.9103415461 47.1268457494 37.1506815754 40.1279328827 26.883541617 24.6798514744 28.8795519882 28.7721097007 28.657757955 28.0133773428 24.7641941786 45.4811590291 49.7505323447 49.7505323447 54.9189901784 54.9189901784 25.6744111803 25.3614427805 27.9589420838 25.1927361236 28.2428777082 24.8153926127 27.0879836631 27.6109996322 28.1259273177 27.5462806528 25.5495525954 29.250596244 28.7210368053 26.5020158536 25.0718109578 26.0555339741 28.0105627542 26.497327455 28.7376725957 27.9350233761 27.7870594196 26.2508580289 26.9537096201
0 0 0 0 0 0 0 0 0 0 0 0 0 0 0 24.8647753958 29.3481247222 25.3135417216 25.6964122941 49.6251936544 40.4493374861 48.8881580578 42.3852594107 27.1253589189 27.2716883478 28.8263453851 25.2963544328 26.1976392101 28.8663377624 28.3493376963 71.0523466666 49.7505323447 54.9189901784 54.9189901784 44.430445577 24.8243393973 27.5714963649 24.8959953684 24.8570800508 25.9092525174 28.9546897013 25.2508469618 25.7308744489 26.3991200657 26.2715644259 29.0518304527 28.347011012 25.2356316858 27.3943043455 25.842448968 28.6797840912 26.2315167588 25.2600398483 27.3640473374 25.4241085944 28.1476597545 28.9983623813
0 0 0 0 0 0 0 0 0 0 0 0 0 0 0 28.8508539319 27.8504606668 27.8380535175 26.1132594443 46.509172751 49.275976446 48.4823067541 48.3800259332 25.5858347184 24.6228466289 29.0328038182 26.0032704445 26.6507742443 29.3736543269 25.7169443363 25.5511886079 54.9189901784 54.9189901784 61.4464393664 44.430445577 37.7583641937 37.7583641937 27.7926154812 26.8351027748 24.6831132739 27.0468930025 28.5173498957 26.2304601974 28.3292637938 27.0224463098 29.3887798266 25.9702759405 28.4048094699 27.8804526457 27.6827799443 27.6288937062 28.471247876 25.6813261609 29.3129162487 24.6144125707 27.0180366176 25.3026619322
0 0 0 0 0 0 0 0 0 0 0 0 0 0 0 27.6218201172 26.9288647992 28.7560074214 26.0874904661 26.7581804999 49.5797863952 39.1891577485 49.9426577596 27.7295884715 27.8181526312 25.4044882135 29.1453419174 27.392284582 29.232443326 26.8050100806 24.9560922208 27.1139020557 27.4677616311 44.430445577 37.7583641937 44.6062022208 51.0234670603 51.0234670603 27.6652901271 26.283272496 28.7168299203 27.7352016131 28.3573632591 28.101260862 25.9773111488 27.6748642677 24.663604791 29.3072988959 25.0902817248 24.7593465246 27.4849675278 25.0613924869 27.383367062 26.4773416217 25.9294794829 25.7736485023 27.8967030326
0 0 0 0 0 0 0 0 0 0 0 0 0 0 0 25.5072401295 27.2444852123 28.7438627319 29.1919714617 27.9239356829 25.4950974496 27.5596568968 27.3022060833 27.7476134932 27.4378468851 26.631560309 26.2494698591 58.6930826576 26.6304126064 29.114513746 28.6694230865 28.8753009491 25.0675061371 27.3123630105 51.106536898 51.0234670603 51.0234670603 51.0234670603 27.2146824666 27.5877609002 27.7134849904 26.7355319594 28.6415965369 28.1164380335 28.552489226 27.3594580907 27.0900450023 25.7594879637 26.1434720947 28.8753767523 25.7447949553 28.0490196417 26.8145692838 27.6929295735 28.9750504767 24.9741036012 29.1166408966
0 0 0 0 0 0 0 0 0 0 0 0 0 0 0 26.9725592728 27.0463204193 28.7253148448 25.590158945 26.6729163039 26.5439505186 26.0239607572 29.2141794952 28.4001627158 29.1783790959 27.577841874 58.6930826576 58.6930826576 24.6411056735 25.7464963142 25.571769944 25.9934738182 28.7990378174 26.8718203161 27.1927294995 51.0234670603 51.0234670603 43.6846901962 24.6424541744 26.8082652301 28.4267022948 28.4166990463 26.4251011654 29.0473649094 25.3072917896 27.5126037579 28.749597403 29.4205867309 28.3376500571 26.7461091934 26.7866197505 27.9060291483 28.3662618831 28.8006434089 29.0048400311 28.5785073304 27.0939458221
0 0 0 0 0 0 0 0 0 0 0 0 0 0 25.9636713953 28.3394113665 26.7166032453 24.5794237748 28.0831761526 25.5327904759 28.1207647697 26.6246788179 29.3331463663 28.4743646955 27.578631279 58.6930826576 58.6930826576 58.6930826576 76.3852521275 29.1367223753 26.6875273601 27.7908311155 27.607833971 28.6283421957 46.2517197942 43.6846901962 43.6846901962 44.4213435926 26.6727074435 27.5215672369 28.6297480994 24.8293522938 24.62238557 29.1789018044 25.2209156426 28.6484079526 28.157708037 27.1215765789 29.1477584619 29.2982845309 27.1581714918 27.5842063212 29.3585870668 26.9419230163 25.0734676465 27.7140719864 24.8861086877
0 0 0 0 0 0 0 0 0 0 0 0 0 0 26.2058324398 26.4693285424 28.8007613037 26.6952730571 27.0511449318 26.8721896939 25.7124687995 27.9290592214 27.4804770753 24.7748335915 25.5119924644 25.9929845612 76.3852521275 76.3852521275 76.3852521275 45.2336069711 26.6029477409 27.074822712 25.5777930838 25.1325440745 28.5171831448 46.6938612524 46.6938612524 46.6938612524 25.6377097047 25.4225916914 27.5873707696 28.4119291534 29.315490752 29.3492242113 24.8802722947 26.8704171399 25.7158991348 27.4155578567 25.7503945106 25.7020047341 28.1204265041 26.393069486 26.7502072075 28.7728795759 29.1270676259 25.0461988082 26.9499635636
0 0 0 0 0 0 0 0 0 0 0 0 0 26.9996325696 25.0431084394 27.2163019226 26.5225895332 25.4585989153 28.2111678611 28.4929582922 28.026662968 28.678379489 29.1319321998 27.7955977989 28.3070058778 25.7924993867 28.5561297498 45.2336069711 45.2336069711 25.8793100153 27.7674850291 28.65978712 26.3546103568 28.7646953462 26.8816912107 45.2161617417 58.9185088178 66.6931442123 66.6931442123 24.5934945301 29.1951575968 27.4673736626 25.6697427068 28.9582407725 28.0686182443 25.5111182889 26.1934696092 25.8749112681 25.9752450751 27.1510704815 28.3331268777 29.0761433539 28.9419315066 27.0234719762 24.6660894802 26.1424934852 27.7062693625
0 0 0 0 0 0 0 0 0 0 0 0 27.3325627231 26.6587092042 25.6932800185 29.287167328 28.0832317189 26.6321573818 25.8519836681 27.3341891864 27.5093509374 28.0353959812 27.8315929935 29.3938732941 27.903044233 27.2043473757 28.7196628409 55.3243190839 38.815319727 37.1897394947 41.4034183388 28.7315209344 25.6399432494 25.4312337512 24.7703623434 29.2424706071 29.1652152021 66.6931442123 66.6931442123 48.0519602078 24.7603144758 25.2733312534 26.7595438485 26.1716568265 27.3409627802 26.5489985744 26.5367465206 27.2185479159 24.85776344 27.8436459502 28.583198056 24.9332625997 27.4578806482 28.795009511 27.992776487 27.8206668269 26.6746549249
0 0 0 0 0 0 0 0 0 0 0 25.7550286384 27.9638175363 25.6782785624 26.1468634583 25.138983687 28.9015787975 25.9127519474 26.875418494 28.3428497151 26.0090787732 26.0560142853 26.5431484428 29.1197302798 28.3970182336 25.3618150084 25.4724791208 29.4314214573 49.2192384236 48.1917005151 45.6672920377 27.4208122325 29.3196341695 28.8464297848 28.7359348266 24.7742238485 27.0238081007 48.0519602078 48.0519602078 28.3960715158 27.239686259 29.2566488651 27.7385728634 24.6858826722 25.9504348148 25.9217657018 25.2569087492 28.623729335 26.5051059345 25.9829168275 27.5277854965 27.3792789474 28.2126198896 25.6190243507 25.9326556594 24.7596380158 24.6222923517
0 0 0 0 0 0 0 0 0 0 27.146283447 27.7883530511 29.2812263475 25.7651268787 26.9362261797 28.4237949113 28.3100912843 25.6354201741 25.5119442146 27.318032255 24.8952692897 25.406640314 26.9385173221 26.1277010842 29.0852446822 28.359303042 28.6456383369 28.8536595365 49.7278209632 42.2649542645 49.496901914 25.0962273895 24.5172310837 27.903376438 27.2133291983 27.1732772217 27.1289281598 27.1141385268 26.0509168705 48.0095184082 48.0095184082 27.9835301153 26.0841924698 25.9716207804 25.2474933814 27.7808159266 26.4795086606 25.5242707488 28.602737568 27.031813887 26.6236747204 25.7262825758 26.7023318118 26.171366673 27.3040855812 25.6719842647 24.9141402503
0 0 0 0 0 0 0 0 0 0 24.921136135 26.398876137 27.0761815833 24.6300383278 28.2117256428 28.4350598669 28.330753286 26.9354003761 26.8656553941 26.2355455236 27.5887088191 27.0588016028 25.6238478574 28.7966415378 24.9379229345 28.0568743772 26.6823770845 28.9193246029 48.3369645988 41.5812088388 50.149778085 64.0881806651 28.3456810534 25.8347367575 25.6135405267 26.6984890977 25.6859228236 27.5283678572 25.5999366574 48.0095184082 53.5987648967 24.9806543747 28.5706285874 27.3121084512 26.0739779093 25.1642109366 25.7657036255 29.4211682894 25.4803053326 27.6851861479 26.445025352 28.3125313655 24.5055442851 25.6412245735 27.850713026 26.4928066387 27.0325448569
0 0 0 0 0 0 0 0 29.4090147094 28.7046290375 28.2211692954 28.3001714206 25.2407479582 28.8429620673 28.148803511 25.9725181319 27.9586140727 28.5523355161 26.2000397193 28.2820830965 28.4566313729 27.9226330811 28.1001379363 25.3323360055 25.4424752786 26.2812263615 24.9811198904 24.8555409687 28.8304466224 64.0881806651 37.547252098 26.4937581706 24.5397024565 28.4735667401 29.1815233466 27.2336689759 24.6526630451 38.4967032307 38.4967032307 38.4967032307 27.6571484967 27.8745549606 24.5751142642 28.1310898618 28.7372284314 28.8791293112 24.9825163272 26.2515736122 27.3400208741 27.2528977908 25.0463478064 27.5407172353 26.186823156 29.1195591442 25.340609131 25.7666464332 29.4275771711
0 0 0 0 0 25.1664611909 28.168860615 24.7978751323 29.1745590496 28.2562986241 25.6226388677 27.6805936378 27.9182237072 27.2901939092 26.097454877 26.2769311552 25.9700626541 24.5963444152 28.3204058681 25.3075656537 29.3307209338 27.8431391433 26.9111680161 29.3256599252 25.6555778431 29.3685946337 28.4308024417 27.8369308799 27.4263959958 26.2996263392 28.9373675963 26.0422676469 24.7432143592 28.5923042623 28.8995137202 27.8362594168 72.2856965014 58.8163662792 38.4967032307 38.4967032307 25.7822352228 27.90267991 26.9170434236 28.414626005 26.1041436763 24.9515508283 27.3547136664 26.8609970432 27.3152542875 27.7944801119 25.050550286 25.0463173105 25.3369927916 25.6334913105 28.3636233838 28.4756602439 27.5445664496
0 0 24.7656381685 28.808788861 28.4655725469 29.3774755695 27.5945962876 27.8075418852 27.5100050171 28.386794427 27.9499309189 25.6847837539 28.9795140764 26.8053285922 26.1356864559 28.3030058415 25.1658140348 25.5931434895 27.5986760556 28.5861981383 28.873406092 27.6362156563 27.4283007907 29.4396108406 28.6505617155 28.1176505709 24.6262968888 25.2987594594 27.4423166016 26.4198222501 25.9356892965 44.7193393431 28.4426856884 26.7501521917 27.8097703932 27.8949223862 72.2856965014 72.2856965014 72.2856965014 56.5094638124 25.2084942804 25.9970517561 24.703728507 29.2398312641 25.394378908 29.0587324689 25.9706271836 28.0660443436 25.2776355988 27.8319608295 24.9582130158 28.4369019426 27.5846165287 28.6921176649 29.0750344258 27.1527479911 25.6172215617
0 27.2536243702 28.5024471298 28.2218932671 25.4480340561 28.1489314519 24.9996551689 28.2893675795 27.1833049143 24.9121588997 27.9029071734 25.1477762272 25.6882982591 26.8971957394 25.1130571508 27.4863659501 29.0178640754 25.4343037683 29.218844418 25.2584307032 25.6028017538 29.1328754885 29.4009247509 24.6199125171 29.3872887945 27.0424958092 28.5369219421 28.0162602181 28.7184149357 24.9810761935 24.9393480841 44.7193393431 26.8127250857 28.9950923395 29.4346860945 53.0194013177 72.2856965014 72.2856965014 59.3133050665 56.5094638124 24.5132426357 24.5302469164 25.9518376579 29.3495858771 25.2311239177 24.7941041951 25.6734690393 27.8712382143 27.0305071637 29.2999737956 28.808969501 26.0415850064 27.4713349812 25.5140603304 24.6221588896 25.5799289943 28.8261378989
28.642980297 28.1748010225 25.6883305221 27.9242185647 24.5368412898 24.8594513824 29.0922296236 28.6726548995 27.2785206623 26.2888136433 24.7766385031 26.1994031701 29.3551529124 28.8821786922 29.0121390467 27.7147147643 28.9178130265 29.1882851637 26.047752745 25.5761264143 24.8862256622 27.9854885037 25.6157900121 28.5054061896 28.9854872198 25.6674974429 26.1660025356 26.1186724753 27.5427564563 24.7363264645 25.6145219825 28.8751413069 35.4021393424 63.1932116555 70.3989541327 68.4498245763 45.4635222433 29.3569036863 57.3326158712 57.3326158712 26.4510998471 24.7865021239 28.7111242901 28.4143961339 24.7294693449 26.727552333 24.6566386427 28.8376001458 28.7671647493 25.7493747607 25.2028512278 27.9254756487 28.8353167346 25.5208187447 25.0469748982 26.3755055572 28.0647483444
25.9208797977 29.223128645 29.1983774603 26.6951711674 24.820522147 28.2321182329 27.88794765 27.6322751009 29.3583424692 27.9862583151 26.5609141214 28.3940232843 25.3232524143 26.9589156115 24.9585967026 27.9904329953 27.3164178837 26.6262984228 27.7483401669 28.304354539 27.0618254929 26.6330300553 26.481823957 29.1656654958 29.3908206858 27.4195965132 28.035709872 26.4095334019 26.3292607765 28.3797194185 53.164014945 48.0023766522 48.0023766522 63.1932116555 63.1932116555 68.4498245763 45.4635222433 50.4924262672 57.3326158712 57.3326158712 57.3326158712 27.968385651 26.8213128247 26.6661833551 25.89627454 26.142924297 28.2639803246 27.4316114419 25.8049269816 28.0218904765 28.5888538126 27.966897424 28.677198459 27.9181753174 28.3688405138 27.7818129581 24.8075216313
28.6796074038 26.3620083703 24.8012025718 26.632973459 28.2967860065 26.2903051616 28.8564659154 26.4913501244 24.8594822708 25.450045871 26.1739352223 29.060140673 29.1648674262 27.681846522 24.8997091202 28.5826740322 29.312885372 25.1725033411 28.0261198174 24.7659002511 27.6165151847 28.7156515189 26.041380577 28.6436349905 27.6735851689 24.9883054093 28.7995138618 26.554352111 27.8733850766 26.5786731785 43.8993754802 48.0023766522 48.0023766522 51.9744300793 51.9744300793 51.9744300793 26.2148278024 24.7650967764 57.1113063332 28.1218491325 28.4751417727 28.7586821531 25.49805723 27.5791761713 28.6092399183 27.6463619141 27.5890601144 25.9925122714 25.8572180437 27.3088221962 25.4607043065 28.6242326538 26.4341333203 26.8558516672 28.0177164367 26.8994792078 28.7423422351
