Spatial_Output/BAU/BAU_0309.asc
NCOLS 155
NROWS 192
XLLCORNER 196307.867259
YLLCORNER 449144.565805
CELLSIZE 33.573938
NODATA_VALUE NaN
[rows 75 to 99 of 192, columns 57 to 113 of 155]
71.6560164533 37.0099548693 36.936815069 36.0365414448 36.6489602733 36.7703783662 37.3636394699 36.3761154121 36.466812081 36.9977284828 36.917923018 36.2898559928 36.2688291201 37.3684529277 67.2383169744 67.2383169744 37.1918695981 65.4697689499 65.4697689499 65.4697689499 36.921032595 37.2810185827 37.1486030766 56.0255773462 36.9272681637 37.3589954609 36.1135886537 36.3386440718 37.3187887373 36.838268286 36.6633338046 36.2795566331 37.0420870004 36.1567644787 37.3103836233 74.2547520092 64.7362080991 64.7362080991 37.4027729799 36.0979787442 64.1163888758 36.4342619814 37.3195790508 36.214245198 36.7246225701 37.1075698553 36.6546654244 36.2038949471 36.690420896 37.0788457603 36.174572 36.667393742 36.3413948583 36.7113942171 36.2470399653 36.8153146642 36.2362597754
71.434756119 36.5419772541 37.1745034354 37.2828261398 36.1281250805 37.4007965308 37.0822764235 36.0277505465 36.5659042361 36.1801303681 36.9509120911 36.441309956 37.0962170543 36.849215501 37.0915736492 61.5988194369 36.3148342504 65.4697689499 65.4697689499 60.4050251294 36.7991352039 36.7397725929 37.3203766822 37.3266001033 37.3256998802 36.1944698928 36.768014652 56.0642420435 36.8142129847 36.2289979805 37.3236697602 37.1270645049 36.4106831448 36.4480127671 36.3693106711 36.5471493191 36.2909978153 64.8373631381 36.7442265353 36.7666974934 64.1163888758 36.9121671099 36.4426174751 36.3342997027 36.2090690837 71.9772506005 71.9772506005 37.110781248 36.6035919798 36.0493248641 36.7720444745 36.176742104 36.2263839509 36.8103410827 36.6394488951 36.2736710685 36.8460679053
36.4581797111 36.8698718614 36.3733677904 36.7547289509 36.0601947095 36.5345082613 36.0165674922 36.6992740309 36.9567160739 36.2602553828 36.4363521024 79.5728204591 68.2489063165 80.3221385797 61.5988194369 61.5988194369 61.5988194369 36.4575204669 37.2676964462 37.3609988229 36.3129156094 36.2400711875 37.3273295864 36.332586837 36.2688685243 36.0848806568 37.1164959091 37.1030597485 36.7212633814 37.2193300722 36.7902673187 37.2304494618 36.758600233 36.840780515 37.2272285275 36.7624120223 36.1700208941 37.3794478145 36.4660631735 36.1689205695 36.5708546983 37.295022162 36.9067360344 37.0666970382 71.9772506005 36.5272925914 71.9772506005 37.1925251481 36.8598827287 36.7419984912 36.0665805832 37.2152387938 36.3046791694 36.8298107389 69.1424798453 36.386466905 51.6985032632
36.3379746387 36.1604139214 36.9391899498 36.9342928465 36.8842417695 37.1788937286 36.2652551429 37.0929572371 72.1804815879 36.5780652921 59.8233861621 80.8976922595 81.4601309678 65.7125555181 36.9641276881 36.8440498502 55.4676781406 55.4676781406 55.4676781406 36.469825737 37.2443416224 37.0508838684 36.1763322653 36.126488706 36.7284068537 36.8009894207 36.6149044888 36.5930703222 36.4193795534 36.3532544534 37.1333411669 36.4811276837 36.4332013867 37.186741581 36.5371257378 36.1010401927 36.0076831757 36.3505375129 36.6052428282 36.6730266488 36.5908422423 36.3536175595 37.1575383809 36.3075183646 37.2730367535 51.8085691255 36.4066483616 75.829601557 37.235562304 36.1856523632 36.9708314142 59.4519904008 36.7221886867 37.2106745558 36.8476306618 76.8969417641 51.6985032632
36.4050302409 37.2969090612 36.6160682922 37.3868214044 36.4302228472 37.1782191943 36.8873206104 72.1804815879 37.0514202752 59.3731961767 59.3731961767 70.0666157579 81.4018858736 70.1776531986 36.7823686602 37.3342140624 55.4676781406 37.0302939655 37.1988024979 36.6851847104 36.2940532406 36.5012234668 36.5014300915 37.0341663922 36.937253007 37.3460016047 36.9465390399 36.7832100712 36.2119836666 37.1154241628 37.2924577054 37.1979586908 36.1517820187 36.7830269116 36.5093949687 37.0815473919 36.9688050078 37.0592257252 36.4710995229 36.4743911638 37.0681347886 37.1504623089 37.3749478479 36.029594748 37.2653258118 51.8085691255 37.2804512331 36.3818999412 36.7689612141 36.1222792805 36.7267788006 36.7797284039 36.8170097651 36.9096572485 36.1949879371 37.2155264975 51.6985032632
36.1805158854 36.3302671923 36.50996115 36.2654112226 37.0027206665 36.5046594274 37.1482702066 72.1804815879 72.1804815879 59.3731961767 59.3731961767 36.7921717821 36.4869771177 36.1942965507 37.1572566807 36.9978387607 36.7767632726 36.5493553998 37.1988392883 36.0696489994 36.6842653302 37.1923710608 37.2183846895 36.1829512904 37.0383875978 37.177594696 37.2345538171 36.5634848759 37.0670131508 37.310036479 36.4271002519 36.9871497773 36.9446992968 36.5712045682 37.2348587202 36.3448008829 37.1104819812 36.4865983133 36.9557114919 36.6673616776 37.1880853674 36.1574016444 37.0539876185 36.665639083 36.634595536 36.5636148784 36.6291514557 36.4272806924 37.3852802255 36.5180034317 36.8645407874 36.1111099674 36.1637389427 36.1861363768 36.4380918973 36.8780234375 36.8496841975
37.1564845647 36.2925695886 37.2759219504 36.3873816526 37.3904129391 37.354410856 36.3844041974 36.8861871348 37.3243050791 37.1945395539 36.0284146781 36.8305629483 36.1365803961 37.0524740542 36.5511469671 36.0541489125 37.0128481913 36.4402399297 37.0676903259 36.501719983 36.96719503 36.7697272003 36.6675429188 36.3153216799 36.8044750081 36.8522729663 36.7474996445 37.3172828033 36.8064592719 36.2545657294 37.1286390211 37.1400462132 37.1036310629 36.8928768084 36.1233019586 36.7740849377 36.9133967732 36.8897135065 36.8219404733 36.4683539002 36.4629688068 37.2497913298 36.7029983271 36.6954528058 37.0417666732 36.3567797072 37.0055138583 36.5700896043 37.1450307018 36.6405601116 37.2610603852 36.600525114 36.7544776075 36.5409176651 37.1357036382 36.3328577127 36.4044387288
37.0676076325 36.3141095111 36.6928231309 36.6304744956 37.0449081141 37.2102703513 36.2066799578 36.0869086292 36.7471037036 36.9804318574 36.6827689788 36.1387066798 37.0453732538 36.3448536005 37.3239566137 36.4775091183 36.033810698 36.7196504072 36.7952166492 36.7626380408 36.0722505529 36.2183010125 37.2443312631 37.3038837868 36.123378429 37.0600141908 36.4760126313 36.6488314793 36.4140436274 37.2278990045 37.0375692293 36.4988315212 37.3787441783 37.3180962884 37.0698970291 37.1826731248 37.021375235 37.1354978647 37.4116886964 37.2599095028 36.5137652365 37.1850174263 37.389581246 36.0548612945 36.9327643457 36.9972228405 36.7482223994 36.3413124563 36.5124066017 36.9636664786 36.9892545036 37.0027500995 37.3107848245 36.4917906272 36.5198521534 36.9390009493 36.8901114962
36.6953668927 36.6866154152 36.4637282647 36.4805984024 36.2836387636 37.1425284272 36.3519219624 37.1202685067 37.2836961627 37.2412548714 36.0969442372 37.3941739233 37.1128194886 36.6789237945 36.0155574437 36.5455073707 36.8256870059 36.1226479368 36.3693804298 58.2006130476 36.2507747814 36.4408581329 36.4225676148 37.2176501642 37.2090449609 36.5299018588 36.2285808081 37.3091970255 36.9605128999 37.2509134726 36.1080843434 36.1054447604 36.0898981477 36.6205001267 36.764046055 36.2081677036 36.7078056271 36.5767594923 36.7276145366 36.9367506422 36.1531138748 36.2834974453 37.1440810474 37.082110652 36.0781222547 36.4878421563 37.1570197859 36.0106290757 36.4021179492 36.089696975 37.1799174201 36.8986910627 36.8305380351 36.7837890787 37.4136038193 36.2541504097 36.0947870183
36.7391211228 36.4759754818 36.419220217 36.2196948046 36.5754361479 37.1197952693 36.5915808718 37.0295275212 36.0742410284 36.4605839336 36.0514409307 36.1032036062 37.2187565331 36.5625079031 36.2026252704 36.9449236743 36.6543803355 36.1525824716 58.2006130476 58.2006130476 58.2006130476 36.7208102715 37.3634194082 37.3427265518 37.4100484333 36.7669554126 36.4427831129 36.9611811127 36.1631380828 36.4239519156 36.4685690426 37.1341031612 36.9683744253 37.2874783777 36.4597590736 36.7863322034 36.3167060533 37.2858101654 36.5629760669 36.3043520448 36.5220467803 36.7131682142 37.0856920988 36.8630892321 36.34343546 36.6672798514 36.8303810715 37.3857350845 36.6967437378 37.4024158229 36.4005722572 36.5176215242 37.0361941594 36.8414152663 36.7771970944 37.0362374797 36.2736275442
36.1398354689 36.608410117 37.0569629653 36.2003407476 36.1223924141 36.0723575044 36.6683262785 37.0533920067 37.3063275979 36.046397563 37.358971832 37.405002574 36.8327745425 37.3102066563 36.4252297621 36.1253783247 36.4154757594 37.3703283552 36.3214367898 36.4182309669 37.3402659339 36.1443527808 36.4357713358 36.8967295873 36.3456775008 37.2606100215 36.8494823416 36.3006432649 36.6996592062 36.3648218347 36.6159717986 36.1568293751 36.5638493734 36.048605874 36.838663603 36.5353873212 36.3695644883 36.8792201437 37.1447622653 36.7715954819 36.997717418 37.1373607 36.6869894219 36.2492451154 36.5731266789 66.8922310084 66.8922310084 66.8922310084 36.9687695519 36.5154407974 36.4870197003 37.1585780795 36.9845924634 36.0064196827 36.0875318579 36.6174451084 36.8792269741
36.1541302488 36.8960531123 36.5328365124 36.5384092351 36.9424174535 36.0876994814 37.1292030755 36.9425986857 37.3411204638 37.1541157433 36.9298397706 37.0777935294 37.0197109327 37.4048043166 36.9195710894 36.2366445279 36.1328060308 36.500748646 37.0856277682 37.1868615273 64.4330172318 64.4330172318 36.8518767938 36.0843000349 36.1572076846 36.8977013794 36.9094068133 37.4130442056 36.1777662966 36.4858890033 36.1804644209 36.0006705915 37.3257019975 36.4770374617 37.1098164496 37.1168281976 36.5357679297 36.2040720076 36.7907579812 37.331363071 36.8549781336 36.5742474205 36.2301112554 37.2905367131 36.1349195365 60.1897443849 46.0231436203 67.5854883877 36.4844243493 36.7819745302 36.1707240249 48.4315992573 36.732033952 37.0314911536 36.540789604 37.037147585 37.2190467843
37.1864590171 36.34670347 37.2461771119 36.0534753005 37.0335116212 37.0000667708 36.1695422466 36.8962705696 36.0637745554 36.8748207549 37.1265244047 36.1262737873 36.5415227008 37.3090193726 36.4733205391 36.2818222563 36.2569564016 36.1857915285 37.06298588 64.4330172318 64.4330172318 64.4330172318 37.359894856 36.0438043281 37.403838929 36.1311320018 36.8161079714 37.3269723176 37.4113355466 61.7191959352 61.7191959352 61.7191959352 36.7462074715 36.0540627225 36.5303677459 36.3536920641 36.1409943178 37.0100473086 37.143736534 37.1007931899 36.223291189 36.2467414451 36.6397256029 36.1542303778 36.8337704289 46.0231436203 49.1520424201 46.0231436203 37.311083075 36.3230616845 37.051500602 48.4315992573 47.6405457371 36.0501842031 52.6384894197 36.6854150022 36.2634749893
36.6061109217 36.1756667516 36.7699751635 37.1721560279 36.235991431 37.2551034184 36.5668676944 37.4074662465 37.0098920115 36.8954678693 36.1789667917 37.318351922 36.0000753236 36.9029748761 36.8809572522 37.1116428822 37.3466670071 37.2633437618 37.1030470452 78.3905166279 78.3905166279 63.0033829676 36.4372160519 36.0853890117 37.0479118726 36.0222420649 36.0648165188 37.2461358706 36.877502459 61.7191959352 61.7191959352 69.6184174462 36.4433654823 36.0273102449 36.4424830999 36.0374032507 36.4358727861 37.0087485806 37.1034322331 36.8277511004 36.1781153785 36.5324667225 37.3223712396 36.500786434 36.6553842833 49.1520424201 49.1520424201 49.1520424201 36.5676347522 36.8812505059 36.3434010568 48.4315992573 47.6405457371 47.6405457371 47.3334627381 37.4009618242 36.6856405338
36.3168548199 36.1655584312 36.5921414873 36.6325691107 37.0076436827 36.5455124235 36.711647691 36.4715080556 36.8562041917 37.0033148644 36.1326431928 36.7042699802 37.3870347251 36.058350256 36.0825916954 36.0353404465 36.2926715764 36.8128391036 36.2866445609 36.7956047446 63.0033829676 63.0033829676 36.7564453421 36.9888569056 37.3399694536 36.5168175612 36.0015941304 55.6823025501 46.8509956598 69.6184174462 57.1695811012 57.1695811012 60.7356627009 36.2903217569 36.2227323398 37.4025266292 36.7075036664 36.7968144851 37.3560356739 36.6541437707 37.1468833659 36.882003726 37.2892145361 36.970206133 37.2430952601 37.1330543832 70.439476775 70.439476775 36.50317212 36.2173930312 36.9760904951 37.3087086134 47.6405457371 47.3334627381 36.9154953083 36.4619075346 36.9560800483
36.3935258945 36.5841643785 36.6940947513 36.6284821462 37.4120772795 36.4614013192 36.7997615547 37.2540282479 37.1336635839 36.264117132 36.6383288096 37.3183735005 36.5971708206 37.246908182 36.7317911839 36.2414631996 37.4106497248 36.4766034127 36.4159845694 36.2584383946 70.8717926151 70.8717926151 36.5290386147 37.3465598551 36.3239126341 37.2500136736 36.5114324177 57.6304177678 46.8509956598 46.8509956598 57.1695811012 57.1695811012 60.7356627009 36.5298195004 36.2953260168 36.4149052855 36.272506956 37.3273140286 37.1500992786 36.4945287578 36.7670768704 36.7672396931 36.7747475451 36.1023537999 36.5971098713 70.439476775 70.439476775 70.439476775 36.7024157622 37.1153487983 37.2736885599 36.5308823896 36.7208396447 36.9741950763 36.8929611335 36.4350561137 36.0262652767
36.5377673419 36.1551437358 36.4696125648 36.9181395154 36.7750812246 37.1517640668 36.0913166343 37.1999915052 36.2657234035 36.7674537503 36.933492216 36.6552658883 37.2911070288 36.3063113356 36.9834883219 37.4040383711 37.006675298 36.341154953 36.9383599665 37.2891411757 70.8717926151 36.0498759397 36.8113056703 36.1412825437 37.2593687388 37.2031298258 37.0918200262 55.6823025501 46.8509956598 36.223439801 37.2066329356 57.1695811012 60.7356627009 36.6737665715 37.3277525942 36.2659739358 36.1015423693 36.3537011764 36.8060134506 36.0709285907 37.2940493514 37.3829482441 36.7571824139 36.9977584708 36.7436342966 36.2355055596 36.036231735 37.1359605133 36.8412223786 37.1563590407 36.5323485011 37.1757889954 37.066938135 37.3412960331 37.2895863923 37.2417028397 36.7770360071
36.9497253188 36.2993532215 37.2218362362 37.0196593829 36.0546731562 36.9217806637 36.8033953983 59.6698092383 59.6698092383 59.6698092383 36.759621373 37.1465266222 37.0617845118 36.1253946468 36.661977826 36.4471552115 36.7791951797 36.0114290145 36.8920892428 36.9425872958 63.9627748937 36.0189341389 36.944296984 36.3412043492 37.1232336035 37.2913705412 36.9469369792 36.7771719462 37.0051175321 36.5446717068 36.2617024694 37.251651866 52.1730110267 36.5617776837 37.3671283081 36.7797767261 36.9226208189 37.3109551731 36.4523442726 36.0573529133 36.2465045521 36.990608925 36.1666973023 36.4318388795 36.6581089912 36.4568512209 36.6119271363 36.979558424 36.5285260163 36.3416319733 36.9067085585 37.1587401359 36.9530968325 36.5899927681 36.160008085 36.1680783637 36.1963183603
36.0248573434 36.5258891738 36.9014841187 36.7908413739 36.7149396701 36.1202204715 36.3108507199 59.6698092383 59.6698092383 59.6698092383 36.6789069566 37.2281755254 36.4313265198 37.0641755495 36.7402017208 36.9099787478 36.309670388 36.1870575909 36.3557294889 63.9627748937 63.9627748937 63.9627748937 36.0204460809 36.2885815889 37.1501277713 37.2542041524 36.1967147061 37.3594160897 37.1815731294 36.387023717 52.1730110267 36.9939409908 36.7782794528 37.374510103 36.3546384823 36.1711272818 37.3887182285 36.4934046638 36.0306990393 36.3221878564 36.9729742424 36.157444757 36.3746899785 36.5230798916 36.7247409387 36.22652778 37.3358058904 37.4090254123 36.1758575276 37.3748673425 36.4903755136 36.2876496777 36.0456362599 36.5684663638 36.931447579 36.2034837267 37.2593518768
36.468802836 37.3661951426 37.0639505049 36.9860686575 36.5338434878 36.8981031299 36.2829711096 54.1504793582 59.6698092383 36.5097133811 36.3755667358 37.0775330424 36.621964851 36.458431195 36.9339813873 36.029348875 36.2336175251 36.693747569 36.1568197874 36.7937044097 60.3559187773 36.987086535 37.2820951754 36.170901282 36.6038156501 37.1231120033 36.4596752663 36.5022069864 37.247012524 36.8800116785 36.5893628574 52.1730110267 60.8812184807 37.3717258819 36.1595083599 37.3722627367 36.2354996522 36.0661300822 36.7517909278 36.745817404 36.7369897556 37.3600026279 37.0754101877 36.3636322619 36.1261209071 36.858281366 36.5081540307 36.1217061777 36.0096975823 36.6268320284 36.2285702123 36.2123621399 36.5883588007 36.8388382174 36.7390058164 36.5036063805 60.8132286274
37.165725485 37.1671293553 36.0200367785 36.6018466634 36.5247950951 36.9063712859 37.240024424 58.4744956014 58.4744956014 36.0606817372 37.1067413996 37.1468823535 36.1687590689 36.6793202827 36.3543109703 36.7297789396 36.5935666939 37.2634749474 37.342972622 57.3627568056 57.3627568056 57.3627568056 36.2787331035 37.2269931077 36.8038514912 36.5043616325 36.3152054753 36.2741706678 37.053445407 36.2027382574 36.7167195959 37.2731143474 36.7158573098 36.1704146946 36.1405515105 36.9202982556 36.7011782861 36.7104337568 53.3567384959 55.1798488927 36.6501337905 37.0785822718 88.8516453431 37.1674258124 36.3694592227 36.89255751 37.3738932985 52.7727634912 49.8076157227 49.8076157227 36.2687333436 45.6565543619 45.6565543619 37.1424243856 56.5858308729 36.3988810869 58.8659596235
36.5246734375 36.5152873897 36.7064473827 36.7574216693 37.1936834146 36.5224797226 36.4545145165 58.4744956014 58.4744956014 58.4744956014 36.6442876068 36.2551816389 37.1419054251 37.0857099857 37.3827408331 36.6230431345 37.2709989168 37.0165066143 59.9859786845 57.3627568056 57.3627568056 57.3627568056 49.9036040902 57.2754572326 52.2021215247 55.4542557279 37.2364126003 36.4742866973 55.1212799444 37.1212068586 36.1556281713 37.4069989806 36.2851897431 62.7120456406 57.8479882803 57.8479882803 63.2102204394 63.2102204394 53.3567384959 55.1798488927 55.1798488927 88.8516453431 88.8516453431 36.5396907661 36.4482315657 62.3816455407 37.0621376775 37.0676574684 49.8076157227 49.8076157227 37.406687896 45.6565543619 45.6565543619 56.5858308729 56.5858308729 45.7273944389 36.0440071362
60.2029657482 74.2580644633 80.5421138973 80.5421138973 68.6494878626 68.6494878626 54.6383518723 55.5632598512 55.5632598512 37.0180268118 36.5391224811 57.0949745393 57.0949745393 69.1461878651 69.1461878651 36.1049153645 36.2781353747 90.3370607901 59.9859786845 54.8714657868 54.8714657868 49.9036040902 49.9036040902 57.2754572326 57.2754572326 55.4542557279 55.4542557279 55.1212799444 37.2618766617 36.9091182979 37.2599734826 36.644133802 36.9924305428 36.4843739936 57.8479882803 57.8479882803 63.2102204394 63.2102204394 53.3567384959 55.1798488927 55.1798488927 88.8516453431 88.8516453431 37.0850277305 36.4148802533 36.9592536359 36.4135340027 68.9515708136 36.0503850711 49.8076157227 50.3823470753 45.6565543619 37.2679053814 36.6124617273 36.6217602942 36.5962057037 36.2143042856
60.2029657482 74.2580644633 74.2580644633 80.5421138973 68.6494878626 68.6494878626 54.6383518723 55.5632598512 55.5632598512 55.5632598512 36.9212207082 57.0949745393 36.2136726439 69.1461878651 69.1461878651 36.1356510096 36.3607303151 90.3370607901 59.9859786845 54.8714657868 54.8714657868 61.595619584 49.9036040902 57.2754572326 57.2754572326 55.4542557279 55.4542557279 36.7887445218 55.1212799444 55.4438323227 36.3513770296 36.3996619643 37.4070093214 36.950435276 37.3261877105 51.2955922585 63.2102204394 63.7217891577 36.8028890392 55.1798488927 36.862069338 37.2103554503 36.9052699361 36.0676130563 36.0984512911 36.0683377613 36.7874668508 36.1659035909 36.5782456191 36.0450234364 36.3124625462 36.5188907219 36.3393309756 37.3495469948 37.127109371 37.40061738 36.7196270339
79.4155829785 74.2580644633 36.2803203087 67.4039530563 37.324905426 68.6494878626 36.1297155509 36.5098535303 54.0035080692 36.8986368667 36.8793995695 36.1050762109 36.2469383288 36.833067566 68.4409381938 36.4527136023 36.8521491013 36.6707735647 59.9859786845 54.8714657868 48.8516659269 48.8516659269 36.549181057 57.2754572326 37.0561070242 37.1638329151 36.7557656844 36.9180579876 36.0284089967 37.1059078483 37.1988770246 48.7403486274 37.0047266834 48.7403486274 36.9191048556 37.2355238154 36.1078834354 36.8095480105 36.6026258391 36.1305873759 36.3918406686 36.9394410456 37.1065479212 37.1595868113 37.3865990016 36.2781484255 37.2107017441 36.9243031707 36.7869761352 37.1089864797 36.8534187034 36.4810339189 37.2108391822 37.3038701955 36.2017092897 36.7516670847 62.1979149606
