Spatial_Output/BAU/BAU_0943.asc
NCOLS 155
NROWS 192
XLLCORNER 196307.867259
YLLCORNER 449144.565805
CELLSIZE 33.573938
NODATA_VALUE NaN
[rows 108 to 143 of 192, columns 0 to 81 of 155]
0 0 0 0 0 0 0 0 0 0 0 0 0 0 0 0 0 0 0 0 0 0 0 30.6949916754 30.6949916754 30.6949916754 46.9463745625 46.9463745625 19 19 19 19 19 19 19 19 19 19 19 19 19 19 19 19 19 19 19 19 42.5950705604 42.5950705604 42.5950705604 19 19 19 51.4303105935 51.4303105935 51.4303105935 19 19 19 19 19 19 49.9737263893 49.9737263893 49.9737263893 19 19 19 19 19 19 19 19 19 19 19 19 19 19 19 19
0 0 0 0 0 0 0 0 0 0 0 0 0 0 0 0 0 0 0 0 0 0 0 50.37929478 50.37929478 0 0 0 19 19 19 19 19 19 19 19 19 19 19 19 19 19 19 19 19 19 19 19 39.9236097381 42.5950705604 39.9236097381 19 19 19 19 19 19 19 19 19 19 19 19 61.9041586523 49.9737263893 61.9041586523 19 19 19 19 19 19 19 19 19 19 19 19 19 19 19 19
0 0 0 0 0 0 0 0 0 0 0 0 0 0 0 0 0 0 0 0 0 0 50.37929478 50.37929478 50.37929478 0 0 0 0 19 19 19 19 19 19 19 19 19 19 19 19 19 19 19 19 19 19 19 60.3081596931 65.3592722122 49.7422947168 19 19 59.9163039074 19 48.6090484633 48.6090484633 19 41.6962256401 55.3162609281 19 46.1406800954 19 19 32.8120009623 19 43.8049788017 19 60.2916336513 19 36.0936550108 41.9811608683 71.5202712064 19 19 19 44.2655341291 19 19 19 19 45.4252693991
0 0 0 0 0 0 0 0 0 0 0 0 0 0 0 0 0 0 0 0 0 50.37929478 50.37929478 50.37929478 0 0 0 0 0 19 19 19 19 19 19 19 19 19 19 19 19 19 19 19 19 19 19 19 49.7422947168 49.7422947168 49.7422947168 19 19 19 44.1140411245 19 19 19 41.6962256401 55.3162609281 55.3162609281 46.1406800954 64.528337119 55.7652459308 32.8120009623 32.8120009623 43.8049788017 43.8049788017 19 36.0936550108 36.0936550108 71.5202712064 71.5202712064 19 19 44.2655341291 19 19 19 19 19 19
0 0 0 0 0 0 0 0 0 0 0 0 0 0 0 0 0 0 0 0 0 50.37929478 50.37929478 0 0 0 0 0 0 0 19 19 19 19 19 19 19 19 19 19 19 19 19 19 19 19 19 19 19 49.2672770155 19 19 19 19 19 19 19 19 41.6962256401 55.3162609281 55.3162609281 46.1406800954 19 55.7652459308 32.8120009623 32.8120009623 43.8049788017 60.2916336513 60.2916336513 19 36.0936550108 41.9811608683 71.5202712064 46.5049977345 19 19 44.2655341291 19 19 19 19 19
0 0 0 0 0 0 0 0 0 0 0 0 0 0 0 0 0 0 0 0 0 0 0 0 0 0 0 0 0 0 0 19 19 19 19 19 19 19 19 19 19 19 19 19 19 19 19 19 19 43.6414516663 19 19 19 19 19 19 19 19 41.6962256401 55.3162609281 43.4463295189 46.1406800954 19 38.9603172547 38.9603172547 73.3972729257 51.2986670093 19 19 19 19 19 19 19 19 19 19 19 19 19 19 19
0 0 0 0 0 0 0 0 0 0 0 0 0 0 0 0 0 0 0 0 0 0 0 0 0 0 0 0 0 0 0 19 19 19 19 19 19 19 19 19 19 19 19 19 19 19 19 19 43.6414516663 42.4030351761 42.4030351761 43.6414516663 19 19 19 19 19 19 19 19 19 19 19 41.2901889711 38.9603172547 19 19 19 19 19 19 19 19 19 19 19 19 19 19 19 19 48.6990528585
0 0 0 0 0 0 0 0 0 0 0 0 0 0 0 0 0 0 0 0 0 0 0 0 0 0 0 0 0 0 0 0 19 19 19 19 19 19 19 19 19 19 19 19 19 19 19 19 19 42.4030351761 42.4030351761 19 19 19 56.3030545186 19 19 19 19 19 19 19 41.2901889711 41.2901889711 41.2901889711 19 19 19 19 19 19 19 19 19 19 19 43.8527746294 19 19 19 36.0598155367 19
0 0 0 0 0 0 0 0 0 0 0 0 0 0 0 0 0 0 0 0 0 0 0 0 0 0 0 0 0 0 0 0 19 19 19 19 19 19 19 19 19 19 19 19 19 19 19 19 19 19 19 19 19 19 19 19 19 19 19 19 19 19 19 39.8889997798 19 19 19 19 19 19 19 19 19 19 19 19 19 19 19 19 38.9332121028 48.6990528585
0 0 0 0 0 0 0 0 0 0 0 0 0 0 0 0 0 0 0 0 0 0 0 0 0 0 0 0 0 0 0 0 0 19 19 19 19 19 19 19 19 19 19 19 19 19 19 19 19 19 19 19 19 19 47.8540640048 19 19 19 19 19 19 19 39.8889997798 39.8889997798 39.8889997798 19 19 19 19 19 19 19 19 19 19 19 19 19 19 19 19 19
0 0 0 0 0 0 0 0 0 0 0 0 0 0 0 0 0 0 0 0 0 0 0 0 0 0 0 0 0 0 0 0 0 19 19 19 19 19 19 19 19 19 19 19 19 19 19 19 19 19 19 19 19 19 19 19 19 19 19 19 19 19 19 19 19 19 19 19 19 19 19 19 19 19 19 19 19 19 43.0507990405 19 19 19
0 0 0 0 0 0 0 0 0 0 0 0 0 0 0 0 0 0 0 0 0 0 0 0 0 0 0 0 0 0 0 0 0 0 19 19 19 19 19 19 19 19 37.7546015995 19 43.7680899236 19 19 19 19 55.869575963 19 19 19 47.8540640048 19 19 19 19 19 19 19 19 19 19 19 19 19 19 19 19 19 19 19 19 19 19 19 19 19 19 19 19
0 0 0 0 0 0 0 0 0 0 0 0 0 0 0 0 0 0 0 0 0 0 0 0 0 0 0 0 0 0 0 0 0 0 0 19 19 19 19 19 37.7546015995 37.7546015995 54.4113532302 54.4113532302 19 19 19 19 19 19 19 19 19 19 19 19 19 19 19 19 19 19 19 19 19 19 19 19 19 19 19 19 19 19 19 19 19 19 19 69.1885071491 19 19
0 0 0 0 0 0 0 0 0 0 0 0 0 0 0 0 0 0 0 0 0 0 0 0 0 0 0 0 0 0 0 0 0 0 0 19 19 19 19 58.9685044294 37.7546015995 37.7546015995 54.4113532302 54.4113532302 19 19 19 54.1069452821 54.1069452821 54.1069452821 19 19 19 19 19 19 19 19 19 19 19 44.8295855719 44.8295855719 19 19 19 19 19 19 19 19 19 19 19 19 19 19 19 19 19 41.3439454079 19
0 0 0 0 0 0 0 0 0 0 0 0 0 0 0 0 0 0 0 0 0 0 0 0 0 0 0 0 0 0 0 0 0 54.336420694 51.5473324099 43.129986012 43.129986012 60.2751323773 60.2751323773 58.9685044294 58.9685044294 37.7546015995 59.4059564829 41.1402493557 19 19 19 54.1069452821 54.1069452821 19 19 19 19 19 19 19 19 19 41.7438022832 41.7438022832 52.3923510079 44.8295855719 44.8295855719 19 19 19 19 19 19 19 19 19 19 19 19 19 19 19 19 19 41.3439454079 19
0 0 0 0 0 0 0 0 0 0 0 0 0 0 0 0 0 0 0 0 0 0 0 0 0 0 0 0 0 0 41.2929157415 40.4301407631 37.0456648887 34.8191558553 35.2042768929 31.196441738 43.129986012 60.2751323773 60.2751323773 58.9685044294 45.4602622145 19 19 19 19 19 19 83.694287245 83.694287245 19 19 19 19 19 19 19 19 41.7438022832 41.7438022832 41.7438022832 52.3923510079 19 19 19 19 19 19 19 19 19 19 19 19 19 19 19 19 19 19 19 65.5236485629 19
0 0 0 0 0 0 0 0 0 0 0 0 0 0 0 0 0 0 0 0 0 0 0 0 0 0 0 0 55.5576270897 62.5558646622 62.8039995948 41.2929157415 35.103531099 30.982323951 30.5181348672 51.5473324099 43.129986012 19 19 19 19 19 19 19 19 19 19 83.694287245 83.694287245 19 19 19 19 19 19 19 19 19 39.3418254702 42.7296605251 42.7296605251 42.7296605251 19 19 19 19 19 19 19 19 19 19 19 19 19 19 19 19 19 19 19 44.8719550601
0 0 0 0 0 0 0 0 0 0 0 0 0 0 0 0 0 0 0 0 0 0 0 0 0 42.8988405735 53.3056123191 59.7768869109 59.7768869109 62.8039995948 62.8039995948 41.2929157415 37.6634355008 37.1204906445 38.3362931416 54.7063549248 0 0 19 19 19 19 19 19 19 19 19 19 19 19 19 19 19 19 19 19 19 19 19 42.7296605251 42.7296605251 50.748522249 19 19 19 19 19 19 19 19 19 19 19 19 19 19 19 19 19 19 55.8445901403 55.8445901403
0 0 0 0 0 0 0 0 0 0 0 0 0 0 0 0 0 0 0 0 0 0 0 0 0 42.8988405735 53.3056123191 59.7768869109 59.7768869109 62.8039995948 62.8039995948 50.3760559484 40.1334576828 48.2377202036 0 0 0 0 19 19 19 19 19 19 19 19 19 19 19 19 19 19 19 41.2710956411 37.2677501087 37.2677501087 19 37.7461038605 37.7461038605 50.748522249 50.748522249 50.748522249 19 19 19 19 19 19 19 19 19 19 19 19 19 19 19 19 19 55.8445901403 19 49.7568922596
0 0 0 0 0 0 0 0 0 0 0 0 0 0 0 0 0 0 0 0 0 0 0 0 0 57.1963571753 53.3056123191 53.3056123191 59.7768869109 50.6089134352 0 0 0 0 0 0 0 0 0 19 19 19 19 19 19 19 19 19 19 19 19 19 19 19 37.2677501087 37.2677501087 37.2677501087 37.7461038605 19 19 39.1583275739 50.748522249 53.2426972825 19 19 19 19 19 19 19 19 34.7638393347 51.0256766701 19 19 51.2784685723 19 19 19 19 19 49.7568922596
0 0 0 0 0 0 0 0 0 0 0 0 0 0 0 0 0 0 0 0 0 0 0 0 0 0 0 0 0 0 0 0 0 0 0 0 0 0 0 0 19 19 19 19 19 19 45.525258768 19 19 46.6410892413 46.6410892413 19 19 19 19 37.2677501087 37.2677501087 19 19 19 53.2426972825 53.2426972825 53.2426972825 42.5722468944 37.8493979397 19 19 50.7725908196 42.2296972689 42.2296972689 57.5717279352 34.7638393347 34.7638393347 19 19 19 19 19 19 19 76.6888901339 76.6888901339
0 0 0 0 0 0 0 0 0 0 0 0 0 0 0 0 0 0 0 0 0 0 0 0 0 0 0 0 0 0 0 0 0 0 0 0 0 0 0 0 0 19 19 19 19 19 45.525258768 45.525258768 19 46.6410892413 46.6410892413 19 19 19 19 19 19 19 19 19 19 50.3967764243 50.3967764243 50.3967764243 37.8493979397 37.8493979397 52.951881704 50.7725908196 42.2296972689 42.2296972689 57.5717279352 34.7638393347 34.7638393347 51.0256766701 19 19 19 19 19 19 76.6888901339 76.6888901339
0 0 0 0 0 0 0 0 0 0 0 0 0 0 0 0 0 0 0 0 0 0 0 0 0 0 0 0 0 0 0 0 0 0 0 0 0 0 0 0 0 19 19 19 19 19 45.525258768 45.525258768 19 19 19 19 19 19 19 19 19 19 19 19 41.6599520854 43.1580278163 50.3967764243 19 37.8493979397 37.8493979397 19 50.7725908196 58.9945417658 42.2296972689 57.5717279352 34.7638393347 19 19 19 19 19 19 19 19 19 19
0 0 0 0 0 0 0 0 0 0 0 0 0 0 0 0 0 0 0 0 0 0 0 0 0 0 0 0 0 0 0 0 0 0 0 0 0 0 0 0 0 0 19 19 19 19 19 45.525258768 19 19 19 19 19 19 19 19 19 19 51.8785239824 51.8785239824 41.6599520854 43.1580278163 48.2727910336 48.2727910336 48.2727910336 19 19 19 19 19 19 19 19 19 19 19 19 19 19 19 19 53.4549949587
0 0 0 0 0 0 0 0 0 0 0 0 0 0 0 0 0 0 0 0 0 0 0 0 0 0 0 0 0 0 0 0 0 0 0 0 0 0 0 0 0 0 0 19 19 32.3204591444 32.3204591444 32.3204591444 19 19 19 19 19 19 19 19 56.6318789253 38.9361734236 47.4967505548 51.8785239824 51.8785239824 19 48.2727910336 48.2727910336 41.4175134028 19 19 19 19 19 19 19 19 19 19 19 19 19 19 19 19 53.4549949587
0 0 0 0 0 0 0 0 0 0 0 0 0 0 0 0 0 0 0 0 0 0 0 0 0 0 0 0 0 0 0 0 0 0 0 0 0 0 0 0 0 0 0 19 19 32.3204591444 31.7933337855 31.7933337855 19 19 19 19 19 19 19 19 56.6318789253 56.6318789253 38.9361734236 51.8785239824 56.6145056838 19 41.4175134028 41.4175134028 41.4175134028 19 19 19 19 19 19 19 19 19 19 19 19 19 19 19 19 19
0 0 0 0 0 0 0 0 0 0 0 0 0 0 0 0 0 0 0 0 0 0 0 0 0 0 0 0 0 0 0 0 0 0 0 0 0 0 0 0 0 0 0 0 31.7933337855 31.7933337855 31.7933337855 19 19 19 19 19 19 19 19 19 56.6318789253 56.6318789253 47.4967505548 19 19 19 19 49.9761344439 49.9761344439 49.9761344439 19 19 19 19 19 19 19 19 19 19 19 19 19 19 19 19
0 0 0 0 0 0 0 0 0 0 0 0 0 0 0 0 0 0 0 0 0 0 0 0 0 0 0 0 0 0 0 0 0 0 0 0 0 0 0 0 0 0 0 0 19 36.8328022647 31.7933337855 36.8328022647 19 19 19 19 41.8359376303 19 19 19 19 19 19 19 19 19 19 19 49.9761344439 59.9193970905 19 19 19 19 19 19 19 19 19 19 19 19 19 19 19 19
0 0 0 0 0 0 0 0 0 0 0 0 0 0 0 0 0 0 0 0 0 0 0 0 0 0 0 0 0 0 0 0 0 0 0 0 0 0 0 0 0 0 0 0 19 36.8328022647 36.8328022647 19 19 19 19 59.3754144689 41.8359376303 41.8359376303 19 19 19 19 19 19 19 19 19 43.7556029094 49.9761344439 49.9761344439 49.9761344439 19 19 19 19 19 19 19 19 19 19 19 19 19 19 19
0 0 0 0 0 0 0 0 0 0 0 0 0 0 0 0 0 0 0 0 0 0 0 0 0 0 0 0 0 0 0 0 0 0 0 0 0 0 0 0 0 0 0 0 0 19 19 19 19 19 19 59.3754144689 41.8359376303 41.8359376303 19 19 19 19 19 19 19 19 19 19 49.9761344439 42.796870797 19 19 19 19 19 19 19 19 19 19 19 19 19 19 19 19
0 0 0 0 0 0 0 0 0 0 0 0 0 0 0 0 0 0 0 0 0 0 0 0 0 0 0 0 0 0 0 0 0 0 0 0 0 0 0 0 0 0 0 0 0 19 42.0060052021 42.0060052021 42.0060052021 19 43.9553267226 59.3754144689 59.3754144689 58.6209754001 19 19 19 19 19 19 19 19 19 19 19 19 19 19 19 19 19 19 19 19 19 19 19 19 19 19 19 19
0 0 0 0 0 0 0 0 0 0 0 0 0 0 0 0 0 0 0 0 0 0 0 0 0 0 0 0 0 0 0 0 0 0 0 0 0 0 0 0 0 0 0 0 0 19 19 42.0060052021 51.3045128571 67.7044304307 19 43.9553267226 19 19 19 19 19 19 19 19 19 19 19 19 19 45.9086415174 45.9086415174 19 19 19 19 19 19 19 19 19 19 19 19 19 19 19
0 0 0 0 0 0 0 0 0 0 0 0 0 0 0 0 0 0 0 0 0 0 0 0 0 0 0 0 0 0 0 0 0 0 0 0 0 0 0 0 0 0 0 64.9624441636 41.9182891093 38.0799084688 38.0799084688 39.0504007684 39.0504007684 39.0504007684 67.7044304307 19 19 19 19 19 19 19 19 19 19 19 19 19 19 45.9086415174 45.9086415174 19 19 19 19 19 19 19 19 19 19 19 19 19 19 19
0 0 0 0 0 0 0 0 0 0 0 0 0 0 0 0 0 0 0 0 0 0 0 0 0 0 0 0 0 0 0 0 0 0 0 0 0 0 0 0 0 49.7799919651 71.0935192417 71.0935192417 64.9624441636 38.0799084688 19 39.0504007684 55.2274285178 19 19 19 19 19 19 19 19 19 19 19 19 19 19 19 19 45.9086415174 19 19 19 19 19 19 19 19 19 19 19 19 19 19 19 19
0 0 0 0 0 0 0 0 0 0 0 0 0 0 0 0 0 0 0 0 0 0 0 0 0 0 0 0 0 0 0 0 0 0 0 0 0 0 0 37.9252888101 45.2134146445 41.9182891093 71.0935192417 71.0935192417 64.9624441636 41.9182891093 38.0799084688 19 19 19 19 19 19 19 19 19 19 19 19 19 19 19 19 19 19 45.9086415174 19 19 19 19 19 19 19 19 19 19 19 19 19 19 19 19
0 0 0 0 0 0 0 0 0 0 0 0 0 0 0 0 0 0 0 0 0 0 0 0 0 0 0 0 0 0 0 0 0 0 0 0 0 0 58.4284217325 41.9182891093 45.2134146445 45.2134146445 45.2134146445 71.0935192417 64.9624441636 0 0 19 19 19 19 19 19 19 19 19 19 19 19 19 19 19 19 19 19 45.9086415174 34.5166526175 19 19 19 19 19 19 19 19 19 19 19 19 19 19 19
