Spatial_Output/BAU/BAU_0292.asc
NCOLS 155
NROWS 192
XLLCORNER 196769.923733
YLLCORNER 449719.875193
CELLSIZE 27.603701
NODATA_VALUE NaN
[rows 161 to 183 of 192, columns 53 to 105 of 155]
44.9967653006 44.8896493604 45.1274064746 45.1271111825 44.8643732715 44.7090748203 44.6915391101 44.969669451 67.8092380304 32.5024186322 32.5024186322 44.8699307298 44.8939970281 44.9708700838 44.9268309222 44.9708207416 44.9808333938 44.872067353 44.9796874991 45.0968118965 44.5482038437 44.780300019 45.1679183793 44.9786115012 44.7995724675 44.8495176191 44.9492274716 44.6095469985 45.1196255855 44.8305819884 44.7923693727 44.645651612 45.1012278503 44.7854449698 44.7501477732 45.1531009917 44.6412127737 45.093668766 44.6106512301 44.5303697612 44.8498576754 45.0621595939 44.6082976731 45.1170910596 54.3716751385 63.7985671899 44.6097080554 45.1562613212 45.004636362 45.0292296488 44.9069423662 44.6604872858 45.0590180708
44.9482646951 44.8434821208 44.9863803389 44.6771997932 45.1215834548 44.9086649723 45.0293984692 44.6812875676 56.6914841885 44.6973667372 77.2507914147 44.8703190442 44.834180417 44.5129568139 45.1929388244 44.8631949722 45.0508785369 44.6165924035 44.598343927 44.6592973086 44.9206077975 45.0219027594 44.5121491035 44.6627022684 44.7673465294 45.090877382 44.9512760031 45.0072549179 44.6710698669 45.1987367989 45.0133272873 44.9239949036 44.8920164471 44.881135198 44.9144008094 44.6577918424 45.1440516764 44.6161060652 45.1915214612 44.6991126148 44.6899816031 44.9995112848 45.1917922326 54.528529771 54.528529771 54.528529771 44.9261876145 45.1639354296 44.6124509649 44.8168752271 44.7187627937 44.9875378567 44.9707029739
0 44.7294316613 44.6567723054 44.8334186618 45.1022293245 44.6700052894 44.809433844 44.6972216205 32.7622080187 32.7622080187 66.6886978024 66.6886978024 44.9458074436 45.2039599932 45.1862560793 45.0219073503 44.75373061 44.8218954452 44.7615702965 44.5838283796 45.1737346829 44.8873402038 44.5282691162 44.8806488617 44.9319756454 44.7910504092 44.7725182456 45.1200696911 44.8179098442 45.1603260671 44.8899626263 44.7298514996 45.0789895637 44.781601974 44.9136365123 45.0470006764 44.6246564818 45.0788414298 45.1107115713 44.5440761719 44.5251623915 44.9080569012 45.0362129128 54.528529771 69.1053419851 69.1053419851 68.1034367606 44.9881764929 44.8237315361 44.8911949752 44.8451832693 44.9369473273 44.5736515093
0 0 0 44.7867665005 45.2030262031 44.7434409628 45.0892920852 44.5080812346 44.6558834842 32.7622080187 66.6886978024 66.6886978024 45.1900553453 45.001268295 44.9995477525 45.0976729191 44.8228450802 44.9584421467 44.5139906674 45.1131272761 44.8876539187 44.9497252342 44.9518346137 45.1731815991 44.5781552048 44.6049904195 44.6277144925 44.650279002 45.122953918 45.0381750799 44.5487658794 44.8059223539 44.5502884528 45.1194107612 44.8078935799 44.8666900019 44.7499390503 44.5324880468 44.7135035285 44.869725633 44.5563462898 44.9777427754 44.8575816652 54.8336458224 69.1053419851 69.1053419851 68.0781534301 45.0516589771 44.6941665255 45.0833604275 44.7033927698 45.0916439912 45.171966286
0 0 0 0 0 0 45.0343454222 44.8326922711 44.9542564589 45.0127673033 44.5215206245 69.5485236548 44.7662687853 44.8257900667 45.0855124776 44.9391348443 45.1282903683 44.9934857465 44.6982519719 44.8739073546 44.6999468184 44.9077691896 45.07424848 44.955465731 44.7189969848 45.0608371111 45.0764468242 44.5023552687 44.7593414958 44.7598835822 44.5779151148 44.5484456209 44.8405210593 44.8836745304 44.5323530812 45.0902649006 44.8674534137 44.5018555876 44.9014906337 45.057378968 44.5822499878 44.6671278867 45.035900808 44.8977294915 54.9132484119 66.1967465229 66.1967465229 57.5222078827 44.7514786277 44.9165244342 44.8756350946 44.591416936 44.8668377798
0 0 0 0 0 0 0 0 32.879070036 45.1549299771 69.5485236548 69.5485236548 69.5485236548 45.1064872751 44.715158616 45.1864307644 45.0541621398 0 44.5483042402 44.9736683535 45.0052716746 44.5797542752 44.7664271714 44.6476212716 44.5404990839 44.7300806432 44.7007802498 44.8019385024 44.6033647222 44.6142432279 44.9007826884 44.9273886949 44.791876063 44.7148857347 44.7841782059 45.060462876 44.9708837383 44.8423537092 44.8046441231 44.9632340215 45.1936400966 45.0695173632 44.9502458173 45.1693799334 45.1698668248 66.1967465229 66.1967465229 59.5271331726 45.0181411287 44.5232061334 45.0813499887 44.9920978326 44.5349994013
0 0 0 0 0 0 0 0 32.616947628 32.7468542606 32.6244668338 45.1266823801 44.6712550501 44.7726835692 44.9839076555 45.1416526051 0 0 0 44.9706018143 44.8858082152 45.1446646778 44.9355248334 44.5995693432 44.8967771762 44.8248921421 44.7844310604 45.084443568 45.0062132239 44.5481492817 44.873131421 44.7818321852 44.6120420381 44.8641565387 44.5704581802 44.8266306136 44.7224953203 45.0424148039 44.7673566243 44.8804045405 44.639534552 44.7177946756 44.6293309319 44.9719372737 45.0755007885 75.9442248701 59.5271331726 65.8042092002 44.6014040014 44.6538869313 44.6864181825 44.5245067419 44.6056911766
0 0 0 0 0 0 0 0 32.5936482312 32.7422141705 32.7422141705 62.6881454837 62.6881454837 62.2431530145 64.637832426 0 0 0 0 0 45.1963036077 44.8320331996 44.6935469147 45.0162282456 45.0764142449 45.189833493 44.5780723197 44.535206394 45.0173303512 44.6951526925 44.7821449149 44.6735064975 45.1470463055 44.8890845436 44.7437173497 44.9543474745 44.5894979622 44.6690293611 44.6079654697 45.1311206105 44.6787781446 44.6596388753 44.600479588 45.1963641734 44.5720458662 59.6754210432 70.7116381759 70.7116381759 75.7016586361 45.0977241217 44.5812424508 44.5645090441 44.9680148973
0 0 0 0 0 0 0 0 32.8265574591 32.8265574591 32.7422141705 32.8265574591 76.2269163999 74.2746579677 75.8601948015 0 0 0 0 0 44.8489044982 44.7149913354 45.1661997529 44.6760569062 44.5988497643 45.1953362618 44.96803239 44.7361900281 44.7804564149 45.0247994282 45.1922073542 44.7245910802 44.5756389255 45.070936098 45.1798850377 44.5882553832 44.8161759413 45.1149234998 44.8751667279 44.7208225281 44.6939552758 44.9073450221 45.1130480355 45.0375770297 45.2048922142 45.1206633272 75.7016586361 70.7116381759 44.9752010439 70.6389797042 45.1615984922 44.9004544066 45.1141930385
0 0 0 0 0 0 0 0 61.947384447 32.8265574591 32.8265574591 61.947384447 78.5803599824 84.5553086577 75.1729125224 67.2991730544 0 0 0 0 0 44.7807856276 44.9676302778 45.0613000835 44.9776752132 45.1502578351 44.5239775629 44.5693420754 44.6228600665 44.5465850728 44.6212560021 44.6485350518 44.5017483279 44.5534612531 44.9723364391 44.6517186246 44.5934639296 44.5471329443 44.6386622603 44.5536507414 44.6616478125 44.562164202 44.595657357 44.680121456 44.8021524063 44.9629907317 45.1468959119 56.1602235796 56.1602235796 56.1602235796 44.8778879807 45.0330654874 44.9536380943
0 0 0 0 0 0 0 0 33.8065910441 61.947384447 61.947384447 33.8065910441 73.7462047573 74.8660832865 84.1945725302 0 0 0 0 0 0 0 44.7921252481 44.6062986681 44.8216350004 44.9400891202 45.1056018279 44.8531963078 45.131730773 45.1992800478 44.9390346474 44.8950660376 44.6195714 44.6770100483 44.7399979677 45.032792228 44.6862075143 44.7245769222 44.6963219239 45.0008630288 44.8286800396 45.1685334853 44.9603511123 44.6411383034 44.7084230521 45.1763363835 44.9378866685 32.9962105381 32.9962105381 32.9962105381 32.9477906315 44.8395559442 44.5172761699
0 0 0 0 0 0 0 0 32.6949214143 32.6949214143 32.6949214143 32.6949214143 0 0 0 0 0 0 0 0 0 0 0 44.7599409646 44.5785308203 44.5693932023 45.1698540565 44.8158939303 44.7983424533 45.1051319573 44.5032014828 45.0284752453 44.987604727 44.7418993755 44.5068318078 44.6470736513 44.5607838196 45.1770795106 44.6787304382 44.5980428238 45.04391227 45.0230000828 45.1634880534 44.6969569445 44.6105386885 44.516683832 45.0702905509 32.9477906315 70.0741813335 70.0741813335 70.0741813335 44.9817100038 44.8329306514
0 0 0 0 0 0 0 0 32.7751405337 32.6949214143 32.6949214143 32.7751405337 0 0 0 0 0 0 0 0 0 0 0 0 44.7737768972 44.6251274108 44.5071982498 45.0670055804 44.520942247 44.5903395675 45.1506594589 45.0344021801 44.5139923448 44.9923769253 45.1147882666 44.610359997 45.1819124172 44.7186628517 45.1897616236 44.7236966777 45.0984460193 44.968379033 44.9154757193 45.0517823196 44.6561928336 45.1508427002 44.8349208482 44.7756040007 70.0741813335 70.0741813335 32.7728313686 45.1021148988 44.8709668587
0 0 0 0 0 0 0 0 0 32.7751405337 32.7751405337 32.6960050135 0 0 0 0 0 0 0 0 0 0 0 0 0 0 0 0 0 0 44.770615791 45.0331265973 44.7265704034 44.5043532471 44.6180900423 45.0838177319 44.6712061868 44.853279895 45.0012484477 44.5108145475 44.9933723581 44.8325356661 44.734579074 45.0545722044 45.165156913 44.6052003838 44.9397068512 44.5965871095 32.7728313686 32.7728313686 32.7728313686 32.9518367601 45.0799535332
0 0 0 0 0 0 0 0 31.9209637752 34.4518305793 34.4518305793 31.9209637752 0 0 0 0 0 0 0 0 0 0 0 0 0 0 0 0 0 0 0 0 0 0 44.7173061838 44.8544104162 44.984427847 45.0094010677 45.1839019377 45.2059178222 44.6195370845 44.7639482978 45.1589039972 45.1039332588 44.690399356 45.0349784473 45.1850975302 44.5969504509 44.9910060972 32.9518367601 32.9518367601 99.849946038 44.8255323287
0 0 0 0 0 0 0 0 0 34.4518305793 34.4518305793 0 0 0 0 0 0 0 0 0 0 0 0 0 0 0 0 0 0 0 0 0 0 0 0 45.2004946088 44.6181820386 45.0534498101 44.9189675176 45.0944383652 45.140375282 44.7021743036 44.742786311 44.7105927829 45.1962889474 44.7459646045 45.1122148519 45.077241442 44.9291071127 32.8906268855 99.849946038 99.849946038 85.2593151529
0 0 0 0 0 0 0 0 0 33.2789968721 33.2789968721 0 0 0 0 0 0 0 0 0 0 0 0 0 0 0 0 0 0 0 0 0 0 0 0 0 44.8838530234 44.5153268954 45.0289892561 45.1262728423 45.1881755899 44.6986425047 44.9247281649 44.7368012025 44.6380515147 44.8260121408 44.7652532615 45.0585433995 44.7296640813 32.7845244282 85.2593151529 99.849946038 85.2593151529
0 0 0 0 0 0 0 0 32.5932445136 32.5932445136 32.5932445136 32.5932445136 0 0 0 0 0 0 0 0 0 0 0 0 0 0 0 0 0 0 0 0 0 0 0 0 0 45.0401172607 44.9158446695 44.5550500095 44.7463677742 44.7196677783 44.6908275214 44.850141456 44.5052117639 44.951542551 44.563122801 44.5838199623 44.8103906435 45.2010435709 32.6069385349 32.6069385349 59.2839158868
0 0 0 0 0 0 0 0 0 32.5932445136 32.5932445136 0 0 0 0 0 0 0 0 0 0 0 0 0 0 0 0 0 0 0 0 0 0 0 0 0 0 0 44.7518359469 44.6841112937 45.0250577799 44.6585951118 44.9645353692 44.5256671177 44.8255054311 44.6482765156 45.0045608905 44.7862808877 45.1120662187 44.8345514877 44.7390357057 32.6069385349 55.3659824181
0 0 0 0 0 0 0 0 0 0 0 0 0 0 0 0 0 0 0 0 0 0 0 0 0 0 0 0 0 0 0 0 0 0 0 0 0 0 0 44.6290310126 44.5142019296 44.6040689344 44.9770232087 44.6993895532 44.9555130187 44.6796813613 44.995970057 44.7469580438 44.7995818576 44.8449111377 32.5774467269 55.3659824181 55.3659824181
0 0 0 0 0 0 0 0 0 0 0 0 0 0 0 0 0 0 0 0 0 0 0 0 0 0 0 0 0 0 0 0 0 0 0 0 0 0 0 0 44.6144930902 44.6193643785 45.1454830791 44.6618820956 44.9334927087 44.7660188759 44.8193014592 44.7103053619 45.1830560946 44.9181055784 45.0294051569 32.8661186078 32.5774467269
0 0 0 0 0 0 0 0 0 0 0 0 0 0 0 0 0 0 0 0 0 0 0 0 0 0 0 0 0 0 0 0 0 0 0 0 0 0 0 0 0 44.7863255806 44.6697198436 44.8957112548 44.9148359183 44.5552732614 44.7662637072 44.502666559 44.6123980311 44.963814851 44.8571238033 44.5793730404 32.8661186078
0 0 0 0 0 0 0 0 0 0 0 0 0 0 0 0 0 0 0 0 0 0 0 0 0 0 0 0 0 0 0 0 0 0 0 0 0 0 0 0 0 0 45.1323195516 45.0255975407 44.6174046004 44.7143578867 44.8054035157 44.5288761479 44.5932268233 44.5998519676 45.0645181542 32.744659927 52.3308419662
