Spatial_Output/BAU/BAU_0276.asc
NCOLS 155
NROWS 192
XLLCORNER 196769.923733
YLLCORNER 449719.875193
CELLSIZE 27.603701
NODATA_VALUE NaN
[rows 46 to 68 of 192, columns 53 to 105 of 155]
74.2789962024 74.2789962024 44.5542177018 45.0692736939 45.0448428627 79.5442376076 79.5442376076 44.6501093392 44.9734793631 45.037792764 45.1026756787 44.5830512195 45.0230824528 44.957794401 44.9571734105 44.6779192697 69.9560302732 69.0737786038 44.9892464718 44.528298255 44.6674176434 44.5462447883 45.1553249643 44.9359146136 44.5411363874 44.541225907 44.7853118786 45.0410190043 45.1746161783 44.5969314107 45.0869028288 44.9677909077 44.5829943617 44.8336926431 44.8861656554 45.0586127526 45.1872077634 44.9021135668 44.9840043734 44.5055153396 45.0575478624 44.7079036039 44.7087666439 45.0320076957 44.9059530985 44.5761617354 44.8260002766 44.8154109095 45.1829872834 44.8562322877 45.0334864488 44.7552986431 44.8185669359
74.2789962024 63.022355017 44.6031587122 44.6055370478 44.7094168988 44.9194092452 44.590672317 45.1004128408 45.1716433294 44.6832152308 44.6208304088 44.5054097602 44.9719602616 44.7353432418 44.566939571 69.9560302732 69.9560302732 69.9560302732 44.9664956694 44.9064855646 44.8833191381 44.5456077293 44.9010781453 44.7884362226 44.6804658755 44.8256292687 45.0373906171 45.1441619033 45.0392551567 44.5650864794 44.9200632638 44.9212026872 44.5728598932 44.728748616 45.1014524527 45.1334428936 44.820593714 44.6718467979 44.7292720518 45.1182813382 45.0120997223 45.1143055846 44.6789165956 44.9869100028 44.6939520601 44.6019641945 45.0935516191 44.5587747142 44.9644254527 44.66697563 44.6296477388 44.8297040258 44.8667495526
44.9941386118 45.0868519369 44.946687962 44.7993093728 45.10816082 45.1927874065 44.7063216731 44.6537700138 44.5329461177 44.8926168302 44.5186872111 44.5795809287 44.7228974939 45.037019379 44.7525914102 69.9560302732 69.9560302732 44.690725634 44.9962069568 44.5085368526 44.924112423 45.0423146888 44.7529030701 45.2057176942 45.0523455062 44.8580000799 44.8554689839 45.035241682 45.0550536299 45.1803372677 44.6951953802 44.5988957683 45.0953512306 45.1890443973 44.7152055195 45.011541482 44.725705726 44.536857338 44.8904046012 45.0662086731 44.9168379537 45.1493927297 44.5395386095 45.1772045359 44.9073571196 44.5511170291 44.6510361498 44.7258014571 44.7050399493 44.5996983302 44.9114498589 45.0709812922 45.0137790449
45.1082190367 63.3739302015 44.8573329119 44.751142671 44.9082143565 45.1579500584 44.7049224789 44.5739303872 44.5286696012 44.9466801635 44.8244740752 44.6577658407 45.1185894488 44.8534447487 44.7768103704 68.2718254601 68.2718254601 68.2718254601 44.7013924999 45.1319714396 44.8287414086 44.5198357754 44.9291907127 44.780250049 44.9506897228 44.8555651818 44.5292633274 44.8239008488 44.8615799359 45.0331934926 45.0490717021 44.9639825433 44.8823987389 44.5034467568 44.6118823232 44.5576247023 44.6200563604 44.5140563473 44.9073938178 44.6800842076 45.0782082634 45.0411950635 44.6415852125 44.8262722277 44.6950386505 44.9259704684 45.099098778 44.5144338572 45.1712948922 44.8122259371 44.9564467735 44.9823009741 45.1086751118
44.8237311458 63.3739302015 44.670331966 44.9039728816 44.5146729489 44.9703712553 44.95320292 44.5763438673 45.0829874994 45.0186068759 45.0890304468 44.5035173803 45.0499403797 44.8372197789 44.7786628527 44.7987061546 44.9659580363 44.8778733784 44.8745294631 44.7273952467 44.5212265585 45.0149048176 45.0244589521 44.5097613272 45.1029382063 45.1744335558 44.7102100799 44.5916083372 44.8010813496 44.722316849 45.05112132 44.6126608909 44.6219668003 44.6409822227 44.7408341322 44.728424268 45.1477391177 45.0929396947 44.9136810264 45.0033501328 45.1016073277 44.5921200746 45.0888651679 45.0056385101 44.978754618 45.0916085782 44.9408566782 45.2007028479 44.8206649621 45.1167348689 44.8990556037 45.1961919672 44.9135817454
44.6615013527 44.7878860937 44.8917568181 44.6421488061 45.1427738118 44.7754411743 45.1130771253 44.9222434552 44.725347703 44.7193140087 44.5594901314 44.8955833886 44.7433824751 45.1603747481 44.9302194185 67.4230744285 67.4230744285 44.7768286034 44.945885414 44.7236607571 45.0559250453 44.806902163 45.1116988137 45.0287341239 45.0302667342 45.0345539642 45.0608317361 44.9231932819 44.5164534372 44.985822483 44.5568794604 44.9989223037 44.5230512172 45.0283413991 44.5278840291 44.8173695931 44.6700084176 44.9268716137 44.9738156901 45.1330943239 44.7526512418 44.8434869778 44.9292032746 44.5984404187 45.1277483115 44.9017833134 45.1946296314 45.1309803454 44.7288074233 44.5724863955 44.7644936209 45.0315708798 44.9219530824
80.4429088733 44.9692913058 44.8521091039 56.3861035702 44.6377874022 44.9081854543 45.0950146144 44.7344507254 45.005658449 44.7373333144 44.7231227554 44.7743051179 44.5450021443 45.1906916225 44.865803992 67.4230744285 67.4230744285 67.4230744285 44.8560961677 44.7869053268 44.9369198531 44.6144523919 45.0867762838 44.9025100892 44.790693235 44.9527819569 44.7764699077 44.7713318559 44.5472196097 44.972028626 44.7567233923 45.13980163 45.1778385667 45.0537925153 44.6205391723 45.0699340471 45.0942860199 44.7070286922 44.5627480579 44.8169638904 44.9304018148 44.6117749782 44.6961362357 45.1339494032 44.8033691278 44.9009452987 44.6794446383 45.0318583628 45.0157094936 45.043331195 44.7771338832 44.57439141 44.8931151069
80.6812354694 44.8099339681 45.0088347769 44.5347439119 45.1176818295 44.9072233652 44.52564867 44.9465188555 45.1871757066 44.8087095422 45.040524287 45.0288063425 45.0462322754 44.5236892424 44.6892328223 45.2068496875 45.0355069896 45.0372868143 45.0406128375 45.0884570012 44.8920705609 44.5177620167 44.7546506164 44.5932611052 45.0217677215 44.6205591335 44.9805321006 44.6920491744 45.0954447963 45.20312787 45.1310530387 44.6130555121 44.9805095144 44.8128336884 44.8596416361 45.158022766 44.5698268497 44.9691125391 44.7084573945 44.5574433089 44.6221545815 44.5539703454 45.168660258 44.6635136245 44.5699993459 45.1703313226 44.9436527557 45.1013178833 44.7523055063 44.9294201368 45.0280680197 45.0577635528 66.3925887705
80.6812354694 80.6812354694 45.1081295902 44.5283311279 44.6007819384 45.1723543289 44.7605976108 44.972041797 45.0374478589 44.7361672102 45.0914883813 44.903482027 44.6380731148 44.5716531299 44.8590168293 73.4074444338 73.4074444338 44.8951551548 45.0979835124 44.8795690041 44.5298158378 44.7981471624 44.7382040585 44.5660025006 44.9312654598 45.0110474727 44.9618797983 44.7271060447 44.726378396 44.7220830126 44.902715621 45.0180874536 45.1682437604 44.5898203147 45.1522053757 45.109654574 44.786442719 45.0829790378 44.5906521322 44.801320265 45.0897022373 44.6656553632 44.8225104653 44.8173032519 44.9024572695 44.7116727281 44.7842305207 45.1638471106 44.773727987 44.9339754865 44.6105053191 45.0635658859 67.5177855234
59.6515539226 44.5215091282 45.152544928 44.6516811799 44.911687495 81.8746371838 44.6951569224 44.6854763158 45.2004874454 45.2002626047 45.0377714103 44.9484986416 44.6856886287 45.2011370781 44.596155404 44.5387354073 73.4074444338 44.704061962 45.1148394225 44.6798154796 44.640365691 44.8890059009 45.1104329969 44.7740833761 44.7734639496 45.000557971 44.6029462794 45.043709236 45.0467456177 45.0304637716 44.8753255199 44.9658245144 44.513160434 45.0454166058 45.1890880994 44.6149809861 45.1663763789 44.901812912 44.8822473186 45.0334574208 45.0567793268 44.674669939 45.17809774 45.0400175304 44.5243252185 45.2055299802 44.5571774487 45.1555003428 44.8935567319 44.5458297281 44.5806876498 72.8913446288 72.8913446288
59.6515539226 59.6515539226 44.8615714454 45.0618497964 81.8746371838 82.15415074 82.15415074 44.6571741196 44.9743462722 44.639776741 45.2006100735 44.6739524095 44.6147216902 44.7962296744 45.0445122258 44.9977380358 45.0017396889 44.8168797513 45.170113439 44.9254847321 44.8980568986 44.7523302728 44.5279910662 44.6565649428 44.6109437802 44.7813468073 45.1335141461 44.6121881239 45.1543284453 44.5155526443 44.638105511 44.7577455573 45.2046544196 44.8491174637 44.7696998692 44.7786423368 45.1677560368 45.1637635457 44.7682744909 44.8323354064 44.9856411202 44.9777178183 44.876593977 44.7302628409 44.7744397552 44.7154027294 44.6907931984 45.1712618841 44.7062125558 45.0291444058 44.9895223056 69.2099632721 72.8913446288
65.7684664543 44.5659562266 44.7729096279 44.6996340584 82.15415074 82.15415074 82.15415074 44.6571283877 45.0608219981 44.9626884377 45.1976110605 45.0757212842 44.7404782629 44.8755844715 44.8048734337 62.2329931468 44.5557033185 44.6661050584 44.7938755995 44.972155282 44.5357843469 44.6674769091 44.7846120469 44.698934876 45.034045143 45.1603961103 44.6414040923 45.007159904 45.1518373671 44.7110304857 45.2039950873 44.6386155666 44.7754673627 44.5810397933 45.1570956834 44.5639787319 44.6159359256 44.7685011511 45.1820713261 45.0871832766 44.768651282 44.8334119911 45.196584495 44.927553335 44.8276732305 44.9604889317 45.1421750729 44.6687658459 44.5628659285 44.7436621314 44.7092479667 44.9113331437 69.2099632721
66.191272664 65.7684664543 59.6894593795 82.0877417725 44.8333557725 44.7289036421 57.3949437561 57.3949437561 57.3949437561 44.8349339714 44.5996477979 44.8744540693 44.9161952922 45.2041033272 45.1106516797 44.6244963924 44.918027875 44.9605192879 45.0832442265 44.892314424 44.7627287367 44.6355287856 44.8683138732 45.0247131824 45.0285992715 45.1555211003 45.0362264838 44.5404257507 44.6393493041 44.7151281148 44.6008074979 45.1998946954 45.0702809705 44.5278797274 44.9498830218 45.0151730942 45.0741994039 44.513410795 44.5627575362 45.043027521 44.7427691674 44.5818944549 44.9890879365 44.7241467726 44.743896273 44.5775752971 45.0356203181 44.9241207591 45.0646514448 44.6613941336 44.5948395869 44.6656289623 45.1800037336
51.1374916438 59.6894593795 82.0877417725 82.0877417725 44.5069002944 44.5154461024 57.3949437561 57.3949437561 44.6648765213 44.9770859619 44.8811232794 45.0304676243 44.7424074607 44.9255453904 44.9824320099 81.5157963139 81.5157963139 44.5066912354 44.7901614301 44.7040480336 44.9850976895 44.5665823794 44.9240554527 44.7647270077 44.5649606662 44.6277707168 44.543525946 45.1967077607 44.8671384883 44.7780445224 45.0405458857 45.1554050926 45.1390883686 45.1543188056 44.8260489056 45.199209071 45.1327846274 45.0586045408 45.2056555661 44.5978808003 44.9289441689 44.5003106683 44.8704592121 44.9704442726 44.8176978377 44.8552064648 45.0494382288 45.1254900406 44.7898321271 44.6381257672 44.9343364605 44.5683212801 44.9295825177
51.1374916438 59.6894593795 82.0877417725 82.0877417725 44.5540115746 45.0324468637 45.0178160028 44.767551422 45.1834112769 44.5294766916 44.5434425202 45.167281249 44.8059379537 44.8584087762 44.721340954 81.5157963139 56.7325673184 45.0412568599 44.9351959794 69.8857679571 66.8777295533 67.6093796811 67.6093796811 44.8548506809 44.7037534255 58.2706057199 83.1999546204 63.1029863149 45.0405983731 79.4473617345 45.0348605237 44.5043180434 44.695524552 44.6559536006 44.6739007717 45.0895553475 44.8970299046 44.693324068 44.5586133149 44.8423704949 44.6287924429 44.5601395966 44.9763236986 44.8302878509 44.94514039 45.1254213798 44.8255405531 44.9739816668 44.8115001913 44.9052481026 45.0701212356 44.9732718009 44.6923708102
44.6671645988 44.7987292079 45.1213396975 45.0513987538 44.6301277582 44.6565440265 44.6231120923 45.1835853269 44.9124225979 45.0628565455 44.5411222194 44.7788618661 44.7679805803 45.0230581297 44.8091886437 44.698046878 56.7325673184 45.0219430715 44.8732036993 69.8857679571 66.8777295533 80.4145364997 80.4145364997 62.9885508659 58.2706057199 58.2706057199 63.1029863149 63.1029863149 63.1029863149 44.9789943038 79.4473617345 44.6231686335 45.0616229528 44.733481993 44.7742877988 45.120396063 44.6469281933 44.5357452484 45.1156569232 44.5788724796 44.810266927 44.6668572686 44.7398696884 44.8207815406 44.7761311311 44.7199041548 44.6327926023 44.7775783138 44.784122664 44.8092451354 44.5470630267 44.5619252867 44.7535156082
44.9000747682 44.6279293087 44.8146349027 44.8193345177 44.5950958167 44.6582991266 45.1308670423 87.994953932 45.0742932201 45.0664725423 44.8751746908 44.8179807541 44.5115501343 44.8972066737 44.6398651037 45.0455597205 67.4229726775 67.4229726775 44.730227642 69.8857679571 66.8777295533 80.4145364997 80.4145364997 62.9885508659 58.2706057199 58.2706057199 83.1999546204 63.1029863149 56.9671334504 56.9671334504 56.9671334504 44.5932626425 45.0413566542 44.8515100142 44.7533492622 45.1377392846 45.1439960796 44.8511638382 45.0858690907 44.7027748176 44.9853624538 44.6366551519 45.1948853115 44.8967673906 44.7564684685 44.9782972099 44.5229090523 44.6197120537 45.1345353697 44.6612861105 45.0262939483 45.1188070491 61.1979670028
44.7890740096 45.0054101954 44.6474660821 45.1896810369 44.9997686243 44.8835670748 44.5198871637 88.2272639245 87.994953932 45.0430514034 44.5627294485 44.604622534 44.6805737797 45.1092596748 44.708241217 67.4229726775 67.4229726775 67.4229726775 45.0058101979 45.0139112266 45.0081666367 45.0428600749 44.7761747976 45.0052747536 44.9509808671 58.2706057199 44.5280919972 85.0915076178 44.9016456843 56.9671334504 44.9308944891 44.9338072937 44.6340315562 44.9892028385 44.8984954011 44.68074989 44.7098275646 44.5001095101 44.8642027334 44.5475863245 44.9150717832 45.1391437513 44.5289957857 44.5705297827 45.0187597951 45.0653307771 44.5335843465 44.6271900368 45.0258092688 45.0530291011 44.5126474461 45.1249482842 61.1979670028
44.6001801509 44.7802398719 44.7201938316 45.1292081152 44.647118736 44.7220267795 88.2272639245 44.8890762525 88.2272639245 44.7966142732 44.6048198834 45.1941553547 44.8274037125 45.1896682155 44.8470990132 44.7516703264 67.1284314965 67.1284314965 45.1635534394 44.5393150071 44.8717825611 67.5222175211 67.5222175211 44.7566296389 45.0303385847 44.7822670719 44.7166390005 44.7876692896 44.6195377823 45.0169934743 45.0738417246 44.8456319107 45.1091192925 44.9993701348 44.9833627884 44.6281796499 44.9364392746 44.5515590291 44.9914781358 44.637595766 44.7101249293 44.5855314101 44.8290897806 45.0130757701 44.7325904136 45.0261920012 45.0514246026 44.6362304076 44.7869621761 45.0050021331 44.5171547046 45.0091714433 44.5833663041
44.8640869699 45.0468902437 45.1882628656 44.7430895047 45.014574375 44.9213885503 75.643648001 75.643648001 75.643648001 44.8071327397 44.5000504434 44.5493038108 44.8389667121 44.665422178 45.0576523899 45.0057553015 88.7093024202 88.7093024202 44.9154100974 44.7036661843 67.5222175211 67.4632118258 67.5222175211 44.6738641268 44.986563047 44.6611993924 44.6644411525 44.7947879154 44.9074521732 76.1840280601 44.7537925169 44.943318419 44.5483721693 44.8965623514 45.1434036341 45.1184787221 45.0898508549 44.7048426127 44.9203425206 44.8266047157 44.7082200232 44.87243718 44.5502238877 44.6175246246 44.6430498666 44.8747717555 44.9520881643 44.6395813426 44.638141096 45.0825613812 44.7504017761 45.1588052813 44.8124369927
44.7821035494 45.018468049 44.9716048137 44.7481160354 44.5015659811 44.5960107281 75.643648001 75.643648001 44.8092281333 44.5489183904 44.6323830518 44.917667235 44.5040108649 44.5075998141 44.7059627947 44.5899211213 88.7093024202 45.1216953283 44.9924893761 45.1326044174 67.4632118258 67.4632118258 67.4632118258 44.5719015993 44.5777517184 44.5799840967 56.3023541829 56.3023541829 44.9809704492 76.1840280601 45.0557563719 44.7268686969 45.0488996127 44.5511280678 45.0460102037 45.1264027863 44.9197684636 45.1204862803 44.8014574611 44.7017831546 44.5348205447 45.0106393067 44.5953177679 45.016357265 44.6493871368 45.0025878797 45.0899998152 45.0126271317 44.5108247413 44.5573205043 45.1982230407 44.5493037271 58.2223783
44.5439537453 44.6637347511 44.6891687928 44.5092333768 44.9014919479 45.0079486501 44.866732268 75.643648001 82.1684715798 44.9320664066 45.1512434429 44.9522286309 44.9383869956 44.6768131589 44.5228170072 44.7230821217 44.9987477518 44.76954168 44.5545412693 44.5229993945 44.8524737734 71.2192899061 44.9335723022 44.573757895 44.9734213905 45.0556231833 56.3023541829 56.3023541829 44.7083374644 75.2706499757 44.966383792 44.7644571612 44.6609646124 44.5040762719 44.5553278162 44.8658274785 45.074502007 45.0208798391 44.935118728 44.5941199509 44.7413053119 44.7834825797 44.8112335002 44.7968590088 44.6159149834 45.07920208 44.6750844271 45.0189468884 44.6846174116 44.9929841507 44.5717329256 44.8810991889 44.7189172232
44.7458656636 44.6053688406 44.8208597507 44.8251825245 45.0601894589 44.7515151937 82.1684715798 82.1684715798 82.1684715798 44.6339713221 44.9800034271 44.7967528799 44.885739669 44.5004141472 44.9346900534 45.0450882499 45.184866472 44.9443604315 44.7348144108 45.0322229196 71.2192899061 71.2192899061 71.2192899061 58.3608320021 65.8430304995 73.6472637827 56.3023541829 44.7543779055 44.996943086 75.125711631 44.5457036977 44.8739084381 44.8230050285 44.8577531 44.5191553438 45.0100964477 44.8811741624 44.7591209009 45.173470606 45.1120288487 45.0211341157 44.5573784654 44.5562304861 44.5613944013 44.8703456004 45.0262337852 45.1381032259 45.0380102923 44.9589647775 44.8647975937 44.7335094742 44.6432967143 44.5778526222
