Spatial_Output/BAU/BAU_0589.asc
NCOLS 155
NROWS 192
XLLCORNER 196769.923733
YLLCORNER 449719.875193
CELLSIZE 27.603701
NODATA_VALUE NaN
[rows 23 to 45 of 192, columns 0 to 52 of 155]
0 26.8916036658 28.2323162921 28.4113047675 27.8104985699 27.0654887344 27.3482319656 28.5641667926 27.2031039161 27.1234141599 26.6657511078 26.5313679722 51.8652313812 27.5977984932 60.3983431514 60.3983431514 77.3818149469 56.4420772224 27.8689257139 27.3043901782 27.8728125175 27.7176786858 27.416458056 27.6888054618 27.0913166892 27.5629369697 41.6753632775 41.0015881643 41.6753632775 27.3757949169 28.2972430861 28.1420005041 26.7693029754 28.4052384059 28.1902760055 26.7684144482 27.6479197287 26.9718384622 27.5099676515 26.894196998 26.6467776252 26.6420210887 27.6288791459 28.1818116448 27.2303565471 28.3800545249 26.5728410749 26.8036905747 26.9745012692 28.4268250002 28.1923308658 27.8845347606 27.5621137608
28.139789535 27.3371067943 26.9255963414 27.8450050977 27.5819974814 26.8353586203 27.0997271989 28.4425805198 27.7792114929 27.0788597879 28.1144995013 27.9515941318 27.3365524619 27.2228676069 28.3686831054 28.5193970715 27.6489903449 40.8319982328 40.8319982328 27.660091564 26.8771980137 27.0970210349 27.4706852008 26.5473840567 27.4594838044 27.1350443732 41.0015881643 41.0015881643 41.0015881643 27.2529303807 27.4464767992 28.054164502 27.7120110101 27.6587728974 27.9320613153 26.9616446478 27.7146483386 28.45121288 26.6660991758 26.6120587488 26.5964148103 27.958376734 27.4453855364 27.2520202847 26.6539169632 26.6953522798 28.2251122665 27.7473019607 26.6218351025 27.5433451639 27.533100298 27.5471130197 27.4593184835
28.1344320573 28.4637262529 28.2841568936 27.4222056385 26.9303865791 26.9231988528 27.0992630892 27.2015359102 27.0802326146 27.4395834498 27.5774853214 27.7483067243 27.0750371114 28.4415768829 27.9933432973 27.1480692921 27.2305757426 40.8319982328 40.8319982328 28.4173271746 28.5196536373 26.6703372878 28.1584214723 27.3676221195 27.5179204935 28.4921014298 41.0015881643 41.0015881643 41.0015881643 27.9406135065 27.1764285533 28.5525365262 27.421696414 26.9811425325 28.5242292564 27.5094184867 28.4509508543 26.9717053305 27.4728121529 26.8252685641 26.7369404577 26.5669628577 26.8003329597 28.4776584228 26.8690096264 27.1069127872 27.4111916002 28.5252724415 27.9019075894 27.3162018034 27.6031250748 27.072930816 27.5479527405
27.3528859443 27.5656267126 28.5723162621 27.216443916 27.7673374007 26.5912404566 26.9309389541 26.6935085922 28.144584442 27.6548233911 27.4300666612 26.8802125369 27.2331746332 27.0278227635 28.1337755307 27.0909909913 28.540184037 46.0987152512 55.6620464053 55.6620464053 26.6310675395 27.9909824128 26.6614952674 26.9399172438 26.7934582108 28.468590214 28.2253105115 67.810119413 54.1548107667 54.1548107667 54.1548107667 28.4729959379 28.6159633937 26.843233204 27.8121662155 27.6271334226 26.7565986296 26.5556129438 27.3871039173 26.6587639823 26.7989240495 26.7294651298 27.3026407477 28.5183383298 27.2200070588 27.1988132946 28.1449914253 26.8955577278 28.5308781107 26.9637661089 27.0154787609 27.0219025548 28.3971745793
27.477451366 27.785536972 28.4193757408 27.0751346388 27.2333999879 27.005873565 28.554672809 27.2284972269 26.8994021421 27.3815676291 28.1541793858 27.7008582699 27.923684569 27.8833857373 26.6138144913 28.4933692631 26.5186386209 55.6620464053 55.6620464053 27.7972650765 27.0414971168 28.6112982667 28.2499586519 27.8094524635 27.6670365547 27.7616719704 28.0682229864 67.810119413 54.1548107667 54.1548107667 54.1548107667 26.7219692879 27.7560854037 27.328775684 26.6476278833 27.7439012855 27.3531130837 28.1477255195 27.1838792218 26.7340994654 28.3142469691 27.5470507539 27.6412039139 26.6643777497 28.4907633263 27.1386451206 26.5396518478 28.6106107817 27.5961123818 27.2924094229 28.4415634865 28.336366516 28.0284600261
26.9628467731 28.0715888975 26.5447130571 27.0073868011 26.9154361416 26.5099602232 27.8421780402 27.8405728887 26.8900685366 26.8096085662 28.2369678627 27.9046219992 27.1747508644 28.4376253796 27.3100247884 27.7219835957 27.9221435746 27.9190005825 52.59100305 27.3596912387 58.9513316491 27.9606856959 27.255382858 26.6475801693 27.9000013233 28.5138663652 27.3576653081 27.5340940354 54.1548107667 27.5705250314 58.7490546172 58.7490546172 27.9229945601 28.5165735117 28.2935315021 27.845603477 27.4857949703 26.5627007958 26.5668694738 26.5918155316 28.0927362546 28.5726850523 27.1948219679 27.7392293436 28.0077244041 26.7560481077 28.4981525629 28.4334632225 26.6097668685 27.4537030332 26.7398690108 27.8243209468 27.1979473972
27.7498555523 27.8361961477 27.832078346 28.0087074292 27.555892334 27.334416595 26.9495485583 27.8910949855 26.5535803671 26.5816776523 27.9736049032 27.7358610204 27.9077697296 26.5192321346 28.0437724564 26.6721934619 26.7839788323 26.71390423 42.0606683051 42.0606683051 42.0606683051 28.210709629 27.5362844117 28.1473019913 27.5196612365 26.5480941973 27.7740502038 27.0332722219 27.4034395759 48.5221905976 58.7490546172 58.7490546172 26.9263443304 27.3577285142 27.058018043 28.268622908 28.426972918 28.4711559998 26.8882182209 27.6882914204 26.9847294372 26.6392101463 27.5871652659 28.0766779266 27.325415214 27.6733024889 27.1726861279 27.1903935905 28.3056933216 27.0530045675 26.9293274259 27.6154039633 26.9158213224
27.4432258188 28.0544100958 28.2259858426 27.0440939497 28.3246036859 26.6282863276 26.5609813737 27.9390919156 28.4263310446 27.6469256743 27.1082430983 27.5330437519 26.5481136754 27.5938795393 27.8133993406 27.1500528908 27.7799734499 27.3981417266 51.6691401196 61.0464162614 61.0464162614 27.031286367 26.8167871387 28.1960713127 26.8323432912 28.2894287127 27.2271297005 26.7193897414 27.606252111 27.9322384077 46.0039173405 46.0039173405 46.0039173405 28.1361347116 28.5706016024 26.995988716 28.047598636 27.7489677625 27.2896403818 28.4903895111 26.774983532 27.4055685457 27.783595651 27.8866159122 26.6845430689 27.8222084693 27.5952242467 27.2431767311 28.5600835669 26.7686891602 27.0134234163 27.193280176 27.1469833769
27.4621223177 26.8393842292 28.0183252721 27.9794893381 28.3605310375 28.1069429247 26.5817257604 28.5472268941 27.9966757175 28.5630721525 27.6387046432 28.0180753319 27.5662959982 26.9657154444 28.0139934486 26.7051475528 26.8904396993 28.3895619744 43.1522611901 61.0464162614 61.0464162614 44.3427207503 26.9885122281 26.6515475502 28.2754723907 28.5015171056 26.5196338306 27.9588323994 26.6205276706 28.3522507953 44.4638211884 46.0039173405 26.9239013691 28.4415129042 26.6381794379 28.556590055 28.4697034674 27.3375502051 27.5891133159 26.5993905365 26.8723590957 28.265308415 26.7962521704 26.8327526054 26.9328925922 27.35233558 27.5386641724 27.7258886252 26.5987258217 27.2616553608 27.4504757345 28.0671554745 28.6105048786
26.8460733206 27.3289880113 28.1718839361 27.3025666914 26.8898347106 26.7792254495 27.2131352966 28.4924523713 27.6045990382 27.5453287281 26.9671936991 26.5607651883 27.2244891025 27.3066936255 26.8523382165 26.7398095085 28.605284591 27.1345232997 26.9009506387 44.3427207503 44.3427207503 59.2312789376 26.6268596346 27.9161775292 28.5710131756 27.2827901316 27.939387095 28.1809117072 26.7924932838 44.4638211884 44.4638211884 44.4638211884 28.236880432 28.4303262044 26.8997090735 27.0004285904 28.1319125227 28.2443731902 27.8953791028 26.9813233596 27.454283586 28.4396508577 27.8289673121 27.5616667453 28.5804956883 26.8491660278 26.9983758618 27.6142308096 27.1078768856 27.9867820818 26.8543824601 27.3547395653 27.4719068196
27.6933570736 28.1669552264 28.5532010653 26.7213645966 27.5705738554 26.6786447125 27.4458718285 26.9544280351 28.560376036 27.6238810866 27.2509286787 27.2308766854 27.8895201469 27.9739554898 28.3697341622 26.6164219295 27.6185353218 26.7689736546 28.3767594322 57.9792557089 57.9792557089 57.9792557089 28.0832042252 27.2471054784 28.4742365203 27.7308271436 28.5181784191 26.6041339703 56.8471782872 56.8471782872 44.4638211884 44.4638211884 28.1510653105 27.4039018988 27.4519517582 27.7232643271 26.774911568 28.5916016438 28.1432998533 27.0092809992 27.010867918 26.9264340952 26.6767945802 27.0871520865 27.475464349 27.0203436004 27.5207955492 28.0432577798 27.7780929587 28.4073723218 26.8384638527 27.6403243392 27.4855155246
28.459822767 27.3464400058 28.6153278699 28.235255942 27.8734142407 27.8595715982 26.6140750483 28.269121177 27.1126836559 27.3004310043 28.1930876765 26.7026957069 28.5409060385 28.5876474926 26.6642441055 26.6609896242 28.4350262624 27.2874409372 28.4874681596 34.9414734392 57.9792557089 34.9414734392 27.2634663114 28.1816713034 26.6124703872 28.1047352936 27.6803852667 59.4898865984 58.8623902767 58.5731470353 58.5731470353 28.3103887872 27.5485847843 28.0725926694 28.2569996571 27.472963203 27.9258822626 28.4110967463 27.3829796359 26.7359265214 26.7824669628 27.6316882388 26.7012159631 27.2066026223 26.5300655919 27.8643231559 28.3251851099 27.7750316466 27.9786721913 26.5008338239 26.8333222441 28.1381102593 26.8253058575
26.5883614933 28.2531517005 27.8768318891 26.6825771536 27.8280580869 26.8522664838 28.2548392493 26.9845282788 26.9874952097 26.8922816819 26.9609101648 26.6111357275 27.0083395416 27.0577084496 27.5960757821 28.1285890788 27.1137948451 27.5860253678 27.9857243934 28.4790862407 28.436295283 54.5046590576 51.6421744907 27.387556805 28.6207572667 27.9726329181 27.361187647 59.4898865984 59.4898865984 58.5731470353 58.5731470353 40.3780596329 27.0010279838 27.883506742 27.9510718121 26.9806584276 26.664214808 27.714838221 28.4238176441 28.1663873121 26.7411330779 26.6835603159 28.4122545964 26.6961734357 27.2683324453 26.6243188128 28.6188667278 27.2214040864 26.6961757392 28.1464548314 27.4053578151 27.0981608277 27.2532359043
27.1425095547 28.1812365881 27.7051587191 27.4209808162 28.0331269295 27.4986029316 27.6878527698 28.2666551086 27.5050483711 28.1028761773 26.6058620295 27.9315318758 28.5819259651 28.3538600874 26.5219844002 28.3792767393 27.3582525265 28.354051844 28.0782839603 28.1538861147 52.0638807393 56.1775748911 56.1775748911 27.8166877586 27.1352052823 27.3274757095 27.4416730329 59.4898865984 27.1925371181 28.0852932122 40.3780596329 40.3780596329 28.3554711755 27.1110462613 28.0214671908 27.4655323094 27.6898116097 27.3031795575 27.6096675009 27.5229882219 26.5026356087 27.818040749 28.0850105947 28.2075176948 26.8174220994 26.9497904958 27.7115403831 27.9310281796 27.1411972381 27.5741870376 26.5457439171 27.104222622 28.3762933314
27.0598397239 27.7582318887 26.9127898228 27.3932614658 28.4469218533 26.6948686698 28.1738401897 26.6351344837 27.4346292056 27.5328040283 27.6954532681 27.5730761969 27.8389549138 26.5126167411 26.9580987821 27.3555801897 27.1500635664 28.6023703095 27.8378686062 52.0638807393 52.0638807393 72.1176785296 49.0822511705 28.2159190134 28.3094645081 55.7488418599 59.265912573 55.8889971698 59.265912573 27.4873082099 40.3780596329 58.2598022682 27.9597034876 27.7569609827 28.2359642647 28.5814003812 28.3696700081 28.1845680595 28.2542261332 27.1246724514 28.2764100947 28.1871703503 28.2540768749 28.4641909418 27.6790750291 28.2355805694 26.9315028501 27.300451305 26.5989071966 27.1019014123 27.9543329742 27.1470266202 28.3669399896
28.4292760454 26.5708948606 26.621469407 28.4273087075 27.0562480275 26.5052530005 27.0396085548 27.2697944335 27.8737006427 28.1332337682 28.4846373359 26.9896863446 26.6007582954 28.386530688 26.9388038854 26.8817122841 28.144768457 28.3325710996 27.164268229 52.0638807393 72.1176785296 72.1176785296 72.1176785296 71.8665234189 27.3347390288 55.7488418599 55.7488418599 55.8889971698 55.8889971698 28.57064775 40.2902442175 26.5677461994 28.4389814385 28.3490658308 27.1928669793 27.7590639339 27.5263803713 28.5555627034 26.6230936215 27.2508095485 26.7427642012 27.7140141077 27.5326290389 27.0468571578 26.8394836496 27.6420172314 28.1504430493 28.4825046042 27.7926026327 26.5383866813 27.216367369 28.407181515 28.3022405926
26.9444914945 27.7444388156 27.8979437395 27.0623508577 27.5545530035 27.1440810152 27.2454688445 28.1715968899 27.1222659898 28.3771890914 27.2942346326 27.1256315945 27.5768305484 26.9423028225 26.558227283 26.9236733739 27.0528039599 27.2498664855 27.5033384086 26.6275739041 50.6437883707 49.55351314 49.55351314 27.6986002828 71.8665234189 55.7488418599 27.9820960614 55.8889971698 26.7843121993 56.0531352494 56.0531352494 27.7206527462 28.2586494696 28.1422529748 28.6068178395 28.4011857247 26.7677835462 27.9445683049 28.0359701729 28.5585341416 26.7690528835 27.3650057528 26.6519596298 27.4286222817 27.8221332967 27.415866577 27.7804784755 27.7667713864 27.4669004215 26.7837301704 26.7557230139 28.5617519047 27.9275859587
28.3593086436 27.056016128 28.3556053096 28.0733274528 27.4937559294 26.9682591592 27.2823399732 27.9035044151 27.8346368684 28.0066061044 27.4310197869 28.3524530949 27.0765530847 26.8582332873 28.4096477117 28.1852129493 28.064841489 27.3331612495 28.6182834292 28.2235941549 73.1534754551 55.0574805405 27.6426417845 27.7149220764 27.515039473 28.3179475016 28.3681628841 28.0941731807 28.305532708 56.0531352494 56.0531352494 56.0531352494 28.0247564353 28.2681188059 28.0928642513 28.5777100581 27.5765306974 27.1670861188 26.5522484831 27.5741486553 27.8560612422 27.6896910098 26.6436930767 27.5199888004 26.7736109393 26.904720703 28.0542613156 26.9052121503 27.381521112 28.0295495498 27.9739205034 27.2380079211 28.5195948168
26.9026834408 26.55944229 26.8707083116 26.5406227839 27.9783479247 27.5687826772 28.2495940564 26.7373952006 27.0211895367 27.1673893714 27.2786274736 27.0860095601 58.3420348903 58.3420348903 26.7605299028 27.2096970667 48.0846334376 27.0417475037 27.4505827345 28.4888763427 27.4051570218 55.0574805405 55.0574805405 55.0574805405 28.3572793061 27.3083087221 26.5844292244 27.3192125604 48.6732391086 48.6732391086 48.6732391086 28.0526185947 28.2265009224 28.1497823678 28.1061855207 27.3029459061 26.8487400786 26.617793183 28.2741560241 26.680223935 27.8644917354 27.3909891941 28.0324383765 27.0342161857 27.3361096398 27.9205958138 28.3125356678 28.4102996969 26.8625960727 28.0491852086 27.4896474782 26.5945546566 27.3806588151
28.3595926243 27.6692159208 26.5149605955 28.2822711714 26.8720633639 28.211333023 27.9677899307 28.1421111824 26.5932075381 27.710920924 26.8523275799 26.739694977 58.3420348903 58.3420348903 58.3420348903 27.7679805593 26.6725405996 26.6764049837 27.9210561786 27.0110010007 28.0191498248 68.5586422079 68.5586422079 68.5586422079 28.2274347358 77.2133738922 75.9589675326 27.5376711422 59.6350271583 85.3380875611 85.3380875611 48.3899760932 27.981728143 28.0508507917 26.5986409652 27.2773744803 28.3053109455 26.5905531535 27.6623286081 45.6333880578 28.5799342447 27.6903569067 27.827123728 27.2325301543 57.1406497839 26.5168940324 27.1473792267 26.5511111548 28.1345862785 27.0209947182 27.7561701511 27.0491486521 27.8481968731
28.2274482931 26.5216473446 27.5007394689 27.4284711043 27.4081920509 27.2915617949 27.4855120408 27.3042471812 26.5213509075 26.9767903136 27.0383249128 49.1572729415 53.3017590815 49.1572729415 26.5601841709 27.7295918139 48.0846334376 26.7229239986 28.3491804429 27.3397527679 27.2929517752 68.5586422079 68.5586422079 28.491981667 27.3141775681 75.9589675326 75.9589675326 53.5214659162 85.3380875611 85.3380875611 85.3380875611 26.7556112177 27.7889431637 28.2788996277 79.3936593456 64.0339163327 63.7330120557 63.7330120557 26.8797340507 27.841955251 27.4572815734 26.6983927014 28.5358336429 57.1406497839 57.1406497839 67.8453516147 57.789160576 26.9927433518 46.755026569 27.9895153584 27.7317163052 28.5098919947 27.5094003278
27.0355345586 26.9676382271 27.0217240603 26.8428945696 28.1235001425 27.2415703693 26.5993714265 28.1617647653 27.191688319 28.5320735722 27.1310098819 61.6211328291 61.6211328291 61.6211328291 26.7016130876 28.5848700463 26.7385735359 27.7914190007 54.0819009644 28.3606564267 27.4055784853 68.0042205642 56.5131878455 56.5131878455 27.5166213811 75.9589675326 75.9589675326 53.5214659162 28.2842034964 26.9426956651 27.373811499 27.9938229536 26.6812694434 27.2239806254 27.6650737225 64.0339163327 63.7330120557 63.7330120557 27.9356528441 27.6078175873 27.5983518738 56.1574677954 51.5529028111 57.1406497839 57.1406497839 57.789160576 57.789160576 46.755026569 46.755026569 27.9949299264 54.5813305639 28.1872371061 63.9760627032
27.0432787641 27.6514511963 27.528468557 28.2515575895 28.5730952731 27.6153183352 27.5396591464 28.1207945029 28.5212079214 26.8246547293 27.6380448604 61.6211328291 61.6211328291 48.4210270544 26.5701966272 27.5500839649 27.9852061581 27.3213920917 28.111568925 28.2765557791 28.6089299978 28.2051057791 28.6147136044 26.589945432 28.4686113806 27.0518416244 75.9589675326 27.6524398046 28.1480551166 28.2655891564 26.8402460388 27.9524301417 27.5251757141 26.7554125076 27.3543487283 64.0339163327 63.7330120557 63.7330120557 26.6346208295 28.4416233137 27.166857264 28.5910659776 27.8269178561 28.4325911951 27.4371726326 67.8453516147 57.789160576 46.755026569 46.755026569 26.8330121157 54.5813305639 28.3517392662 28.05174342
