Spatial_Output/BAU/BAU_0380.asc
NCOLS 155
NROWS 192
XLLCORNER 196769.923733
YLLCORNER 449719.875193
CELLSIZE 27.603701
NODATA_VALUE NaN
[rows 23 to 45 of 192, columns 53 to 105 of 155]
33.2421571799 31.7195852788 33.4398865999 33.9875090672 32.6265858346 31.5472786265 32.6803091188 57.6811534184 57.6811534184 32.5993459236 32.8369508594 31.6946040364 34.7475812152 33.2557298156 31.8138582635 33.7596439364 31.8473962116 33.296995894 32.3818385179 32.1935603967 31.6422507641 31.6325236145 31.5889166154 34.5744463966 32.7853571028 31.5560960613 32.7468099102 31.6987999301 33.1229207227 32.0710365735 33.6023218276 32.6012756776 33.3056706861 31.8854914254 33.93027624 31.5271187795 33.0440214615 31.6859793406 34.7446135326 34.6451049044 33.7687936047 34.4591877927 33.7705876213 34.0101234605 34.6135812385 34.5299747498 34.7993935522 33.9731766242 34.9183596921 34.6354487602 31.5752596189 35.0262885694 32.4619161881
32.6004692692 31.7037005685 32.6263287335 32.7095826801 34.9871928152 31.8812914944 55.0671966307 57.6811534184 57.6811534184 57.6811534184 32.2335887003 32.2580720695 31.7627072123 32.6746186806 34.8731558629 33.5816264182 31.6325139965 35.0310628664 32.850134282 31.9117642368 34.5032086937 34.1977365248 34.8962649766 32.4927056147 33.3234644092 31.5696027026 31.7422336739 32.0426536624 33.6624491298 32.7469939097 34.5973461548 34.5190125761 31.9600735712 33.9631113569 32.9200645826 33.5959210111 33.3312599246 33.3008274918 32.0761161058 32.9571070317 33.1574687824 32.9552839702 33.5781110955 34.3664966206 32.012314868 32.4670846145 33.08954814 33.7844881671 32.7204850381 34.1635520718 34.4726640585 34.4393977951 33.7556407158
34.7781239709 33.3109297989 33.9280600336 32.3770018644 81.5483169647 32.501600937 34.9757749189 55.0671966307 55.0671966307 33.4788385107 33.669735231 34.4640190287 34.3031633471 32.0709688147 33.9566874991 32.4322950604 33.0777751799 33.8097833537 33.5312754164 33.5690313801 32.2300823773 33.053497847 34.4575451353 31.7196900857 34.8689884701 32.7523475497 33.0281533019 34.66821382 34.2811138974 33.2303119794 34.3294790129 34.4074080061 34.0152268634 34.3257394571 34.2238417214 34.7177707097 31.5010527425 32.732753651 33.153977422 31.5517445989 32.9999714366 34.7267649914 34.1195113424 31.937136724 34.8139202978 34.2861148114 33.9620038279 32.0460242897 32.1637700719 33.2395690302 31.8269178794 32.0857991408 32.108120962
33.7281297264 33.5064171566 34.0323362952 33.9627117699 71.6207893204 69.8172990975 81.5483169647 34.568365721 34.2549999791 32.1207879949 32.215088853 31.8493219392 33.2668879203 32.4294057653 34.6876659797 34.6087618686 34.2593040524 33.8042678088 32.8841452232 31.6386274682 31.932577334 33.6712964902 33.978168347 34.7977883482 34.1701956868 31.8111898294 34.8413426667 34.8390383897 33.4826030193 32.6468214501 34.3639971404 32.0845349907 33.6411842386 33.069098644 34.769414116 33.8548287102 33.6618699747 33.1988021753 33.2316279686 33.448839064 32.6946492905 33.5272513451 34.6894271626 33.1389800484 34.2475897423 32.0914996239 34.0682217697 34.8021438367 32.4342431909 31.9528871101 34.748293906 33.0585298734 32.4357076934
34.2932223758 33.9629418669 31.8323620704 69.8172990975 69.8172990975 69.8172990975 32.8219761175 34.374660045 34.1567132658 31.6184456174 33.6042187954 31.8592476574 33.2628988067 31.6804877498 34.1139100219 33.1007133344 33.8170432566 32.9181624288 34.3368152875 32.1346691658 32.7999648351 34.997832373 31.7450943336 33.8526144156 31.7520777674 31.6514003843 32.9109765322 32.1084235422 34.0555798178 33.169319854 32.0751835287 34.144115687 34.6232107328 35.0353032497 32.6302691431 32.8430736463 34.3514041866 33.3398781635 33.6203509785 33.5789587874 34.4054775179 34.7967808017 33.8829002813 32.1706277351 32.8801430436 32.4571883287 33.8268451485 32.7410070966 32.7234587104 31.7642753622 34.9179122343 33.8292914955 34.7831934559
33.5945233884 32.602223345 34.7670382975 33.9361759719 69.8172990975 48.3571679696 33.5002315677 33.0681923966 34.1285865262 32.3403167386 34.1518492639 31.8095051955 32.4667835562 31.7516436948 32.1407704938 33.9435778695 33.7628420727 34.9189958268 31.8334409105 33.8869141094 32.5977401046 34.2292461275 32.0468020218 32.9383477699 33.7608880152 33.6327196824 33.0137771204 31.8589814191 33.1160795409 34.3845214234 35.0112707962 32.628797188 32.5182428706 32.7546537156 32.2008751647 34.7061912037 34.6219763539 31.6024061394 34.6189886348 32.212397991 33.3452328443 32.3905817086 32.2763862955 33.439807174 31.8608477755 33.4740908996 32.5548873205 34.0183403994 32.6930755877 32.5303498935 31.6119898209 32.4261221483 33.9358226221
32.2924712274 32.7359962429 32.4924371159 32.9939503685 53.5478274065 48.3571679696 48.3571679696 31.9796314602 33.5772116591 31.6406212119 34.2002087737 34.104399057 33.1609558508 33.8939347426 35.0299785899 32.3763479998 32.0303081374 33.4314143696 34.9491936717 34.3344376835 32.6524711798 33.5181238733 34.7230443616 32.7927264008 33.8605687733 33.9051684364 31.8593080434 33.8639731872 34.4575730815 31.941378314 33.5032644314 32.3440520705 33.2077539128 33.5357104945 33.1346454669 33.5762539928 32.5567817013 32.5790003528 31.8987832735 33.5186735535 31.6365395517 33.4038729858 34.5773016674 34.1582369024 32.233970723 31.8537717941 34.1728209729 34.1235312437 32.7908844904 31.9931201491 33.5615774268 34.2575690971 32.9568218899
32.2256584354 33.0435995534 33.9698903794 34.4091195957 48.3571679696 48.3571679696 48.3571679696 34.7291348671 33.4118619886 34.3938348533 32.3340249648 31.6447205406 33.3224551682 69.0126512723 33.9589613875 31.7066441797 34.2878499935 33.3017339183 32.3190265376 31.6560362332 31.7099785076 32.3258516967 34.3418580018 34.2747124982 34.3718419448 33.0342112564 33.7694693809 34.4025749892 34.462273856 32.2608767488 32.8248306939 32.0461722957 33.2403503408 31.5249061547 34.4190881047 31.8422947229 32.9054810003 33.3348839435 34.8389616063 34.646503136 33.3954250355 34.645939569 32.8775188029 31.9863476667 33.9137041699 31.7158383879 34.8446301206 33.6928652779 34.9313692725 32.882346722 31.8578025793 34.1916585602 31.6144551767
35.0275601188 34.7507679351 32.1975553816 31.9396427366 53.6418478576 63.5673850325 53.6418478576 33.2717129686 32.8827437945 32.9743007275 32.9371978444 34.0205620353 32.3092303789 69.0126512723 69.0126512723 62.8342328095 71.6514099823 34.9055852293 34.0968196409 34.6131087779 31.5203769883 33.2722573226 32.2625775243 32.6845657829 32.6051652345 34.0098691082 32.5712150708 34.2319246269 32.0441955435 34.2446848698 34.3453979001 31.635256741 34.3314529704 33.1588793978 33.3674061189 32.3137309097 31.6447044556 31.7107018986 31.5211514574 34.8190165595 31.7030495025 31.7231213186 32.9330662264 33.6492761458 34.246797645 34.91321897 34.2589026912 34.9308944719 31.534776997 32.362482899 32.7351024808 35.0226293376 33.904687227
33.8468038468 33.5374899335 34.5604866201 32.381445792 63.5673850325 63.5673850325 63.5673850325 31.8241317357 33.2987273624 34.2747364914 34.8543170992 33.0554219994 69.7001804835 69.0126512723 69.0126512723 71.6514099823 71.6514099823 34.4866199522 31.8403346406 32.6804796513 34.8870247173 33.4027788533 32.1610569653 33.075288005 32.2279325104 34.4947560498 33.6420666427 33.761369301 33.1861883543 33.5543526058 32.8859984389 32.1269032698 34.1720270208 33.4420765802 33.4902783204 31.549286189 32.8013264762 31.7271212001 32.0941552701 31.6944000412 32.0255963354 34.5189986783 32.3450801964 34.9130889947 31.8503254076 34.6145226806 32.9386715022 34.1535458799 33.1269118853 34.2473778578 32.9927245026 34.0999715308 33.1280034245
33.0863507379 31.7013603723 33.3429785191 32.4070328915 52.9977291669 63.5673850325 34.7941446631 32.6370212748 32.5485158168 31.9064094823 31.6890087872 33.4381654353 33.7453485083 33.7148863958 31.5996513874 71.6514099823 32.1598561661 54.7978457254 60.4515731809 60.4515731809 31.7133400188 31.9746472073 32.3211958215 32.8721503048 32.1657316963 31.6725547237 34.0118383678 32.6423140153 32.5447452035 32.6809344902 32.0298241754 34.4454890702 33.0690114341 34.5284511365 33.6432821887 32.0612076402 32.8250926507 34.7165013173 32.505325898 33.0260240627 32.8018176855 35.0173774491 33.463268774 34.2074257296 34.8694680177 34.3106851349 33.0440566422 34.5102952411 32.5783674952 34.0600223349 31.7994761544 33.5475458816 31.7213559548
33.9640358263 32.9599579664 34.2696567884 31.5771797764 33.6042214152 33.3305739966 31.7000813902 32.2358447841 34.5936951874 33.9434574813 34.6996325533 31.676937294 31.5414529822 33.3239212361 32.9352747905 34.1488513543 61.6334353978 61.6334353978 61.6334353978 32.0856135836 34.8326626537 34.6848212343 34.0583252705 32.3500082348 33.9127191447 34.1383401473 32.7721690698 32.798533091 32.8172519037 34.1288011528 33.8532242961 34.6060114599 31.9956732131 33.3631144751 33.9077026376 32.5817513769 33.5197191967 34.7927822208 34.3366502926 34.7465865282 33.8735301144 34.2717931856 32.6701350999 34.1571823243 31.5248747824 34.0592476115 33.741808267 33.7129055074 33.4253117673 31.8640154423 31.648713767 33.9631291817 33.15204863
33.0436405009 32.9211689194 34.5443195346 34.2123268563 32.9349707372 32.4551633143 56.8107202719 31.5940282202 34.864030972 34.3594671902 34.5702640191 32.1312883079 32.7010970116 32.0213324387 34.4933944309 34.7628477873 62.3076142513 61.6334353978 61.6334353978 85.3556423365 33.072621674 31.6223077224 31.7864531358 31.6974293908 33.1965303121 33.7002597165 33.2429494944 33.8262958237 33.5268737728 33.8412205 34.1964439493 34.000173709 32.1861511835 32.4455302275 31.5445132932 34.9549914393 33.5908773303 33.8545718549 33.3629460658 33.2049605329 32.8322908329 34.1934558844 32.7523161622 33.7414062542 31.9404885111 34.3271016626 31.9205658696 32.2475637905 34.5189910013 33.5310065165 31.9064742137 34.7022438735 34.5905296164
33.7229597737 31.9061190297 32.5668409575 34.6186639247 33.9709077496 32.7473466566 34.2340547298 56.8107202719 34.841992073 32.3874021897 32.9896707584 32.7567337096 31.8203309199 34.5047141097 33.7678448318 34.5872600493 63.9790076794 85.3556423365 63.9790076794 33.7921149703 34.5559619322 33.0052937676 35.0343324632 34.6360400942 32.7410312549 31.587847269 32.7948903319 33.5426551795 32.0336113484 33.4365999889 32.6102200677 32.8976445457 34.0403380534 32.5740517225 32.9830601837 32.3594479497 35.0241672786 33.1511012174 34.0724582249 34.8778668964 33.3690500816 34.0181705039 31.9099430933 33.2894452685 34.5182477826 32.9346896755 34.0963766001 34.3709476032 34.423046508 34.8084226523 31.7316392547 33.2301338422 34.7266232241
33.5570426754 33.5495717877 32.3782966213 33.4781281249 34.4249318079 32.3712150926 32.7126915832 34.7714704944 33.7963885461 33.1954401179 33.3983548694 33.7580004177 34.3047596204 34.9561818648 32.6531662459 72.4502648186 49.9744733998 63.9790076794 32.7513128931 34.3050486294 34.0729569796 34.7778662963 31.7504613178 32.9730173124 33.4614237114 34.0583179364 31.6447429001 32.4159515607 34.7417131201 32.1283850265 33.0805501996 34.3652874926 33.4224267415 32.2949744779 34.0096517181 34.3709129726 31.895077171 34.819561188 32.2420127622 31.7595575555 32.025718493 34.5487440422 34.2671401947 34.9639961135 34.2728896076 31.8952270573 34.2783750038 33.7641734915 32.1081499273 32.3298264668 34.5561992731 33.1809400727 33.0981636777
31.8199094756 31.7236173874 32.9405697582 33.7481571415 32.5196427668 32.8765135807 64.0559658306 33.7085229697 33.6732896326 32.1154766021 33.6823859409 31.7814694668 34.4945700286 34.0339231337 33.4479838623 49.9744733998 49.9744733998 49.9744733998 32.2530683955 33.3466497693 34.1324823225 32.3819933848 33.3809960435 34.3191614702 33.5613939627 34.7144888905 31.930406739 32.3855730302 34.994889703 32.290470518 32.0964311718 31.7704531076 33.8539541409 33.0623188048 32.8279491618 34.4198697436 32.9568868303 34.8456664393 34.6862587015 32.6310170778 34.7480684843 34.2507271156 33.2300945493 32.1357736482 33.6604104312 32.7979849388 33.873116352 31.6536839165 33.3469328666 34.7236600414 32.7596555919 31.5596344039 32.3116303758
34.2842736301 34.9073492798 33.1628082728 34.9616328369 34.4299098974 34.3505619003 59.7924446264 33.5542180549 32.7719559061 34.071757413 32.4134438795 34.7890908395 31.9584934072 33.7533696424 32.0374880287 45.5705558439 34.3692266825 49.9744733998 34.9960994601 32.9811169415 32.0461571199 33.3036083703 34.4432969784 34.2227769691 33.6053168464 31.5219448337 33.5442939428 34.8916378494 34.9707206818 34.9481996367 34.433810904 33.45790128 33.3628636809 34.4388130535 33.7846329229 31.6377801692 33.3759487746 31.5379600315 31.7916448192 34.7667391276 32.1147480632 31.500299032 33.2772761682 32.5525839329 33.1609443258 33.3409678041 34.7955009881 34.6841323068 32.6902104424 33.7619061999 33.7940449104 33.9893210478 33.9432673623
33.2262051609 31.540386076 31.8647320934 34.8992839982 33.1793042342 59.7924446264 59.7924446264 59.7924446264 32.8624556988 32.5015103785 31.8009490905 34.1436747703 33.252795516 33.7655029836 32.8793395187 31.8035175857 45.5705558439 45.5705558439 34.0589265791 32.9786723322 31.8050105015 31.9122370229 34.5403873996 34.1269386305 33.6559891326 35.0042105648 31.8285184947 32.1617642588 34.4912344285 33.1582526272 33.1078364549 32.9994259258 33.4987468122 33.5827086987 31.7335586419 32.6107535635 32.2508352468 33.738806941 32.6038471991 34.2930316157 33.9493786835 31.824324658 31.9096789471 33.4194754824 32.9913023272 33.5933097582 32.3657649111 34.8461618022 33.6470591968 32.6980926004 32.8189254758 33.2034541204 34.0879652305
32.6110526528 32.4639196564 34.3350611177 34.4691121877 32.0452682703 31.6666393416 49.5230333123 63.2669023651 34.2042260529 32.2729900822 32.9208459993 33.256771982 32.625456713 34.0984486741 33.5097433216 61.7607669131 61.7607669131 61.7607669131 34.55418604 33.1290134907 32.0718150088 32.6448282687 34.9701436125 32.784014614 33.1524192073 31.866330018 33.2972271561 32.4643976761 34.8278815511 34.1493129724 33.2115463307 34.7665867371 33.9950512221 34.2492667642 31.5380398801 33.3638748283 33.6120153025 34.878916806 33.7501710199 33.8252708921 32.1869987024 32.322204319 34.6957088131 34.433777295 33.3101252981 32.6004736306 32.1091339767 33.1777922514 33.492739785 33.9638034371 32.922918441 34.4860163669 33.5389179416
52.1894468681 52.1894468681 70.265090485 64.4968122091 34.8955354427 49.5230333123 49.5230333123 49.5230333123 33.9294264416 33.7462226604 33.6438751131 32.1248006663 34.4646116559 33.1749094934 31.5958376574 61.7607669131 54.4888741785 61.7607669131 33.3852382287 34.211019173 33.4968281597 33.4282862995 32.5373514898 32.3116492679 31.6326792723 31.8680470767 32.1039141321 34.5270976025 32.6553133267 31.87833683 32.2724428848 33.5725906579 34.1177400651 32.7807378026 33.5814057264 32.1596650641 32.9009971062 31.7925172732 33.6241529086 32.7835288377 32.8135637213 31.8012039652 34.3949584431 34.4851074773 34.2955809646 31.7791567398 32.930681986 32.0394405184 32.8236706902 31.6252404558 31.8044688092 34.9419607615 32.1971872465
52.1894468681 52.1894468681 70.265090485 32.3067288883 33.6334350206 32.8952721596 49.5230333123 49.5230333123 33.7884572896 34.2318202668 33.3184368573 32.6812775631 32.3255804196 31.7687089212 33.2492153435 54.4888741785 54.4888741785 54.4888741785 33.1034157965 34.2032154305 33.6855487696 34.0098374814 32.7841483286 34.5825980947 33.6220450635 33.8255150415 32.0488564142 32.2776377749 32.6601487239 33.9936338842 34.9925124857 34.2597464059 33.0536590176 31.6246434679 33.1530679439 32.0662567681 32.7297992881 33.589137114 34.7178317051 34.9838653632 33.2934830516 32.4086093262 32.3309653046 32.4139290366 35.0204616755 31.7316556652 32.5319541389 34.0563027348 33.0292830021 34.9417244856 32.0896161409 34.2314981749 34.7702187337
52.1894468681 52.1894468681 32.8492110689 31.6575175915 32.8545002338 33.9736886078 32.4269209175 31.6769826629 32.3904821187 34.375218022 32.3818641909 32.0693374606 34.7142648459 34.8852416485 32.0052212995 59.0614539725 59.0614539725 59.0614539725 33.8720120212 32.5517725792 32.4919442618 33.0594316481 33.5185429486 33.3744823866 33.1091152917 34.0943459317 32.6140723864 34.5727820642 32.1596498882 32.5111763323 31.682192969 31.553239821 34.9512711198 32.282389407 33.6631851799 32.5265697509 31.8755890012 32.3059161771 33.4663877591 33.7076644287 32.1678423959 35.031054173 32.4218346388 35.010241053 33.9225018267 31.6132487549 34.5109269902 32.1785027095 32.7972790323 34.2765332839 34.6399144228 34.1377274701 33.2719516982
32.7704897738 31.5573618734 31.5692761872 31.7316115175 31.8588893041 33.814854746 34.2176544325 31.5364156235 33.8023088672 32.2991234691 33.0157849904 34.6582398429 34.0222715045 34.396992328 33.442809017 34.5728672075 59.0614539725 32.0482254575 32.1451145293 32.7450681529 32.4287081956 33.4278727058 31.655289344 33.0509041806 34.2911745913 33.9907069861 31.8283182244 33.6537718101 31.817802077 32.6612509859 32.507532146 34.5619750475 34.0351617792 33.8312146153 34.2459523698 32.4396850568 32.786655962 35.000698614 33.8441041506 34.1397340239 33.6645339164 32.1499577483 33.6966265191 35.0107868788 33.6293101006 33.2061573074 34.3324957028 34.9300845767 33.1164475398 33.8522270147 34.300669233 35.0016694086 31.8605675423
