Spatial_Output/BAU/BAU_0050.asc
NCOLS 155
NROWS 192
XLLCORNER 196307.867259
YLLCORNER 449144.565805
CELLSIZE 33.573938
NODATA_VALUE NaN
[rows 52 to 77 of 192, columns 0 to 56 of 155]
46.3400816567 45.0529331726 46.1717287083 46.3124231073 45.0267511152 45.5611764289 45.3816516305 45.4677532073 46.1134211573 45.1846896086 45.0508088767 45.3649247094 46.0907713999 45.9539918257 45.7329476267 45.203546704 46.0060806369 45.5722166316 46.1450698558 46.2464395183 45.1368842001 45.9169151666 73.4445879948 73.4445879948 78.8196983075 60.2041535706 73.6820175191 73.6820175191 66.483405843 66.483405843 60.1184251059 67.6650623923 58.8547120563 58.8547120563 45.5902933906 46.2259779094 45.1077557883 45.9414178633 45.4089069632 75.9896364526 46.0156476371 46.4087550762 45.7072678707 45.5328512015 46.0732784843 45.0459957929 45.193383882 45.1548087691 46.4079690389 45.8927568596 45.4928405391 45.2577723512 45.1841584684 45.326470186 62.3543383637 62.3543383637 74.7509497721
45.3569808626 45.0676695493 45.0920175163 46.3133537284 45.5257540797 45.3846442173 46.3088270111 45.6367440677 46.3540278901 45.5729582662 45.6263354097 45.2723366876 45.510707184 45.6350938247 45.4824669868 45.3381691408 46.1732790515 45.729838379 45.6257713406 45.3482226083 45.7302692888 45.9597888433 45.0064605367 73.4445879948 73.4445879948 45.5107805301 73.4106397861 45.695074324 66.483405843 45.0802353327 45.4914490435 60.1184251059 58.8547120563 58.8547120563 46.0952268108 45.1817112584 83.8003826078 45.9206217212 75.9896364526 75.9896364526 45.9313129379 45.9432981672 45.3480430005 45.5597647314 45.8208673892 45.5022788399 45.7653840815 45.0245573627 45.1262186427 45.8911531899 46.0684654037 45.0589148073 45.443544819 45.2945767547 62.3543383637 62.3543383637 74.7509497721
45.3457316599 45.317254965 46.2149873906 45.8478327088 45.1568644715 45.6942815098 45.7950797436 46.2844985645 45.8046967067 46.3055416437 46.0549369526 45.686828853 45.2647750753 46.4118828011 45.8829308785 45.4371871152 45.2625900294 45.098884984 46.2537947406 45.3878141792 45.0774106931 46.0511471681 46.323136593 57.8415380859 46.0803403588 46.379587805 45.20536671 45.0875003597 45.5378940719 46.0659550263 60.1184251059 65.1243371279 46.1420958692 45.7725344176 45.2488967087 45.2115595953 45.9292513255 45.1715010813 45.3803903083 75.9896364526 45.7980134525 46.3521233939 45.9787893259 45.1876919235 45.6042047722 46.2333295622 45.0483083462 45.2413002268 45.8288095524 45.0332231523 45.1780993179 45.9779719758 45.3687553115 46.4090711109 46.1973617555 45.7579812473 57.6495411035
0 45.2630309999 46.3619839655 45.6063606663 46.2758162175 45.5880244906 45.8083846399 45.4660520222 45.4189205148 45.5211440431 45.2494391223 46.3404054552 45.3933286839 45.5745861277 45.7818856385 46.0299176369 45.5705167685 45.5202140865 45.7583824139 45.9139709314 46.0447305862 45.1269722259 45.6853380336 57.8415380859 57.8415380859 46.0378321941 45.6687471029 46.0621514883 46.0331145587 45.2553382283 45.6646644308 46.0851078643 45.7283784118 45.8100285854 46.4072878168 45.2718763129 45.3609609599 45.6337112177 45.628236808 46.3938350482 46.2950983924 46.2943725646 45.1318055693 46.0544505724 45.5562028071 45.8644179288 45.6406940992 45.5238467055 46.2958523155 45.3904089778 45.9639130644 46.2087634467 45.6179261739 45.2154268478 45.1802097261 46.3824175857 64.5311756036
0 0 45.6183465916 45.6088858424 46.3078410945 46.2903685736 45.1305088581 45.0568226097 45.4790725527 45.6468180304 45.8337751924 45.4887585685 45.0267249501 45.7573590014 46.087634754 45.2003504329 46.0952649319 46.4102828034 46.2494876 46.1230158579 45.7106513979 45.5252451881 45.7908270825 45.6487079393 46.3482275464 45.4670851871 46.1003839731 45.5146428839 45.9890069587 46.2061256658 45.2538922264 45.6391650441 46.2383278722 45.8790954882 45.8377546007 46.2753208234 46.0066111076 46.1451385448 45.0216629563 45.8057448772 74.6832910867 74.6832910867 46.0619766933 45.045497324 45.2322308336 45.6467733661 45.4988670406 45.0354488136 46.2350596188 46.2892105738 45.9676037901 46.152899101 45.6547884029 46.3544072837 45.1026607351 45.5845502227 64.5311756036
0 0 0 45.7280611056 45.5372480225 45.1412524641 45.5996907255 45.7571380598 45.2502225103 45.9049840688 46.2262359449 46.1209194325 45.9093703693 45.2087132942 45.2044468499 46.278483795 45.0923856501 45.1645324903 45.6272259221 45.6006890618 45.8988067049 46.3086801511 45.9162233505 45.6328482094 45.2604607948 46.135684337 45.9346902498 46.1672416953 45.9372254525 46.0544382518 45.693173381 45.0822029159 46.073027537 45.5530566012 45.0824231565 45.9306524063 46.2395150591 46.2399669206 45.8479127207 45.0489428096 74.6832910867 74.6832910867 45.000329539 45.6728048668 45.4230356081 45.5822548906 46.0632755975 45.1260179308 45.1057306638 45.1942940862 45.3528492795 45.9156897375 45.0971375903 45.6404442447 45.2122421378 45.5430924063 45.7247619835
0 0 0 0 45.6718638218 45.9238040116 46.237282937 46.1214419124 46.0366587491 45.5524341136 45.6405024861 45.7123647504 45.6972088531 46.1408306724 45.6274923913 45.2398768938 46.2027445083 45.8315267102 45.362013765 45.9406338899 46.344212694 45.8028417459 46.3095915839 46.1875431957 45.5694849131 46.3814829103 45.2733299305 45.2192612244 45.8487184017 46.0447031219 45.70432104 45.9643408913 45.4171859384 65.9219071473 45.5583474498 46.0800069244 45.2114795515 45.9839543308 78.2202985278 55.131684669 62.9732336354 62.9732336354 45.2006915044 45.7196848872 45.8495498497 45.204709538 45.5788993275 45.9802912517 45.9489962847 45.685915219 46.2594641431 45.6018895239 46.2384829857 45.9601509091 46.0499104848 45.9255752016 45.5348935915
0 0 0 0 46.0528986917 46.169709941 45.7294834681 45.8677140965 45.6640170244 45.1601538722 45.4692398922 45.4932288687 45.6356535224 45.6926925974 45.0399931425 45.1901680524 45.2700606562 45.1810626993 45.9616588987 45.5296871411 45.1991444788 45.3705218362 45.8387250473 45.2125221657 45.1550614597 45.1376837396 45.2094506539 45.6960221468 45.0520921578 46.0732259063 45.5799544297 45.5470059122 60.7986985272 60.7986985272 60.7986985272 46.0357875897 45.5136484598 46.4026101035 78.2202985278 75.2337700396 62.9732336354 62.9732336354 46.3322927129 46.0514804709 45.6384314138 45.2698679309 45.3982695293 46.075214262 45.2832700691 45.353604505 45.1984906256 45.028653426 45.5436296068 45.9340904051 45.3975024765 45.5094767635 45.6955150532
0 0 0 0 0 45.3235843926 45.3989247906 45.2308235643 45.4552070554 46.3384212783 45.5211296902 45.966278518 45.6488629017 45.4496439819 46.3487961034 45.8771982643 45.2759760092 45.6219866488 46.2476473616 45.2446391144 45.1605714978 45.1982725756 46.2907525499 45.4339809061 45.0111813979 45.4444677668 45.4319685872 45.7168919433 45.9751103579 46.1304782591 45.7605410334 45.4541127946 60.7986985272 60.7986985272 45.5587895934 45.8455448158 45.1719243401 45.095199518 78.2202985278 63.1300968951 75.2337700396 45.1391129915 46.2767631479 46.3559193417 46.0995536027 45.6615334387 45.7057898471 46.4067460789 46.3923301744 45.8687776098 45.0658319265 46.1511179844 45.7619478006 45.7082743263 45.0863821778 46.2920893511 46.163789506
0 0 0 0 0 45.9649943791 45.0975675019 46.0006270971 46.1942267298 46.0993634142 45.6912674607 46.1752766316 46.0809899555 45.9002226761 45.8441931246 45.7867197585 45.8573379126 45.2351590632 45.5421754193 46.1906257678 45.4747770601 46.3790738376 46.3137648876 45.3206973925 45.8903643836 46.3095750043 45.2770248318 45.0490331576 45.998732902 46.0477102365 46.0863025077 45.4330262429 45.1200029215 46.2332523296 46.0722717563 45.8832076335 45.6211835671 45.537210188 45.8818218307 62.2897756304 46.2121547661 45.9764089646 45.2112626483 45.4182792679 45.6626743579 45.0962580123 45.9532272171 46.3204321947 46.1356636269 45.0175370915 46.2280695754 46.0012721302 45.6279821202 45.0009917481 46.3385204709 46.319696651 45.0700781922
0 0 0 0 0 45.2568981018 45.8409066669 45.7741754965 45.8943964127 45.1624054864 46.1921936912 45.8376480233 45.7197859864 46.1758831226 45.7307682769 46.3173950016 45.5268582992 45.3703777843 46.162738392 45.5757270128 45.446879998 46.0190290062 45.1438381764 45.36514908 45.9030870509 45.9538897061 45.1840853107 46.2480851214 45.2469054641 46.0475934788 45.7561720673 45.2049764288 45.7237461146 46.3876739042 46.3404468573 45.7312942294 45.7043627704 45.156098319 45.4086654728 45.9058860134 45.4958308765 46.1768272234 46.100536078 45.818754418 46.1635909322 46.3446299857 45.8513798554 45.4060717871 45.470347861 45.8845960708 45.108857678 45.0294095255 45.8768335454 45.2912323102 45.2760339429 45.1647267773 45.639916797
0 0 0 0 0 0 45.6247359449 45.8185935588 45.430702441 45.6560397214 45.6422764562 45.3745787641 45.8310339207 46.2040133385 46.08607531 45.3130167877 45.7772904592 45.2604845493 46.1404900441 45.7150903925 45.3350936985 45.0255833176 46.3383620673 45.9809465824 45.8113855098 46.1745539546 46.1623449428 45.7001160287 45.6994255086 45.5552566105 45.0928949486 45.2597510938 45.7925970704 46.4028341994 45.6483338658 45.2454129699 46.3312147804 46.1797185001 45.0892210602 46.3366704939 45.8637612106 45.6158825657 45.5658692321 46.142287311 45.2504261855 45.1991881271 45.3989052987 45.2616866973 46.0099242 45.2701421643 45.814353506 45.9596420645 45.3127520634 45.1425995558 45.0387903724 46.1279413221 62.6015554508
0 0 0 0 0 0 0 45.1876968063 45.3874174135 45.9239082408 45.5604108821 46.399279224 46.3675445561 46.2616196095 46.0597763265 46.1433807 45.5204667261 45.7858470843 45.560594612 45.5369472945 45.3198439352 46.116011861 45.3949468003 46.282621459 45.5454921288 46.1807224085 45.7816507232 45.1504834183 45.8220476602 46.1920869363 45.7466317451 45.8176322781 45.6993692615 69.5465053878 69.5465053878 69.5465053878 46.0356217725 46.0962477008 45.3955084017 45.5334236882 46.0701633273 46.3527270653 46.1556456205 46.4099927318 46.2969360737 45.851696347 45.7033041779 45.6599289202 45.7630436237 46.3696034176 45.728611081 45.1960075777 45.6933804042 45.1837524903 45.3826870442 46.0701244024 45.2899488056
0 0 0 0 0 0 0 0 45.374241965 45.3658062148 45.7429518422 45.4621656956 46.2728503398 45.603890316 46.1770528388 45.8181640884 45.7061443759 45.3503068426 45.7284428381 45.213210114 46.2960619974 46.2542906092 45.4842285925 46.2130895204 45.3618542854 45.4075355494 45.001931695 45.0545742149 45.7467614628 45.8773945421 45.2840380587 45.6938049516 45.4668256253 64.9754861633 64.9754861633 64.9754861633 45.8632743032 46.0162307752 46.0733890215 45.0236780711 45.0882059145 45.780930506 46.0844008091 46.1147325376 46.4092134081 45.8151798519 45.2605889415 45.7909713619 45.0112334679 45.583835688 45.1089450613 45.524213284 45.843019251 45.0758303272 45.1895047386 45.256600485 45.2941370616
0 0 0 0 0 0 0 0 0 0 46.3730789511 45.586477651 45.0226901535 45.3338995817 45.2374573135 46.2602179412 45.068667496 45.9519080081 45.7733012202 46.4075228366 45.6051748318 45.0064369595 45.4069625892 45.6956873176 46.3221739146 45.6546616585 45.6447296584 45.1337602068 46.2304102307 45.8236392344 66.5737014378 66.5737014378 73.0791272586 63.4469868516 64.9754861633 63.4469868516 58.1357917646 45.7565803737 45.3007375031 45.4355540938 45.8607079345 45.8998580678 45.4231544067 45.6117025972 46.2515957664 46.0684669722 46.1126525389 46.2790268963 45.4323886546 45.112264775 45.7710069167 45.2988345443 45.0803492015 46.0525450636 45.7999461606 45.7745787777 45.3125918076
0 0 0 0 0 0 0 0 0 0 0 46.0810699105 46.2712920818 45.4090589748 45.7183836149 45.3658077595 46.2748097671 45.9814526276 46.2754959369 45.9904405637 45.1087767465 46.1627165986 45.7999995734 45.9798795106 45.8352243345 46.330231227 45.5883487722 82.5206097697 82.5206097697 45.9421101294 66.5737014378 66.5737014378 66.5737014378 68.1502725704 63.4469868516 68.1502725704 63.5011789655 45.4855184683 45.8470700182 46.2399787849 45.171365928 45.2629900995 45.0605057508 45.0184741545 45.3975409897 45.3286030044 45.008337564 45.5803808511 46.3387666796 45.9081543268 46.1316537291 45.105147314 45.6932803554 45.9892371734 45.9707487703 45.647070045 56.0197746126
0 0 0 0 0 0 0 0 0 45.5558803629 45.2311604447 45.023308726 45.6441343205 45.6227823978 46.14513467 45.4448013745 45.3285745412 45.6884110265 46.1302310113 45.4770940036 45.2396556897 45.1444041767 45.1490110016 45.6540600598 45.9793531719 45.6880844341 82.5206097697 82.5206097697 82.5206097697 64.9533656584 66.5737014378 66.5737014378 45.4253840064 74.4133182553 74.4133182553 63.5011789655 58.1357917646 46.0509089357 45.362452735 46.304475253 45.646427642 45.59821268 45.131314868 46.1861457644 45.2447134784 45.742269617 45.9965828828 45.2132229508 45.2201056986 45.7920220619 45.5737135026 45.3829981323 45.4983951532 46.0994275828 46.1564286496 46.358544916 45.3360511333
0 0 0 0 0 0 0 0 0 45.9246853038 45.7332235781 45.8812395246 45.1428981809 46.2169156036 45.538354191 45.8040919678 45.994158563 45.5768532809 45.6725553166 46.127180145 45.003250317 45.3765533495 45.5951885246 45.0387710791 46.060408461 46.1367450076 45.5563280035 82.5206097697 63.1830726703 63.1830726703 45.856390642 45.8793458785 46.2059854705 45.4284143408 71.6494024028 71.6494024028 71.6494024028 45.6780814166 46.3240813631 45.0682883148 45.769663937 73.3065808177 46.0754386097 45.4046644928 46.4067013001 45.7551711114 45.4466069606 45.5759084953 46.0490537062 46.3308229486 45.7277010977 45.2461659113 46.3729881223 46.0726828737 45.6810154369 64.4238512917 64.4238512917
0 0 0 0 0 0 0 0 0 45.1549821846 45.4315548687 46.1084755373 45.2310979338 45.3955333261 46.2233198264 46.1252924816 45.6908855413 46.0503126023 46.0572189366 45.2768585411 46.4044567243 46.4025853291 46.0941537477 45.5644739156 45.7455650661 45.4145573775 46.283777905 63.1830726703 66.1163354919 66.1163354919 66.1163354919 45.2843891871 45.5124916735 45.9860024803 45.3598795437 45.6122107711 67.9672835581 46.2556659472 45.3697226882 45.1422435732 73.3065808177 73.3065808177 73.3065808177 45.5365492231 46.3534966934 45.9354540893 46.1945445311 46.0056677585 45.1937952899 46.3668976123 45.5065903775 45.4359216257 45.8253344362 45.5738327166 45.7971749992 45.1919744806 64.4238512917
0 0 0 0 0 0 0 0 0 46.0701974364 45.1027078653 45.6973980674 45.9500112419 45.4897119033 46.0405040226 46.0662293172 45.6318534986 46.1111879186 45.0301238477 46.1706337429 45.5293248708 45.8528976305 45.4491423552 46.337590047 45.4715263601 45.5411033108 45.2343902748 45.083664415 66.1163354919 66.1163354919 66.1163354919 45.7264118965 45.2634501269 45.2292991483 67.9672835581 67.9672835581 67.9672835581 45.3004207848 45.8223700268 45.29922647 46.1150015464 73.3065808177 45.6121067851 45.7520983771 45.5347184296 45.1981876556 45.4102956484 46.3419679483 45.3718146083 45.3474056909 45.813587943 45.2078734216 45.1294471893 45.2745697974 46.2987693047 89.9144814489 45.9761748894
0 0 0 0 0 0 0 0 0 45.2895803084 45.3367679837 46.322381517 45.9729212282 45.6565270947 46.2484883499 45.6758101725 45.9503503034 45.3772421136 45.5021969783 45.2380985373 45.5463051665 45.8728412589 45.8006712347 45.0235346137 45.4766161131 45.5822431503 46.205369469 46.3384936035 78.8996555721 78.8996555721 45.8638215869 45.4044229024 45.1771819961 46.3696049949 45.4092026328 57.0740127309 57.0740127309 57.0740127309 46.2119412028 45.8304143048 66.3743320215 46.0950373091 66.3743320215 46.2432362967 46.1324390527 45.5115829047 46.0165935496 45.2350225682 45.7679457526 46.2435622045 45.9087637975 45.0391399247 45.2462426236 46.0946763458 46.2466372245 89.9144814489 89.9144814489
0 0 0 0 0 0 0 0 0 46.0098717127 45.1064435349 46.398698682 46.3331714996 45.2497162 45.79819466 45.5396062419 46.0599422481 45.2123130476 45.2750774973 45.7251136985 45.2339456606 46.1368201483 46.2404099911 46.1207681823 45.3534926303 45.2065600992 45.4243916768 45.3610061555 78.8996555721 78.8996555721 78.8996555721 45.5292032823 45.7505153339 45.5103695497 46.2519839593 72.3054101024 57.0740127309 72.3054101024 46.2177519386 46.2592658988 45.7972131881 45.7296597987 45.6413178232 45.9535005392 45.7589606325 45.1076701335 45.0222588525 45.8138075125 45.6422054613 45.0076244735 45.7009029728 46.0356802181 45.787441454 46.3358054078 46.3112850271 46.3285210592 45.1159080806
0 0 0 0 0 0 0 0 0 0 46.1101708639 45.4383417522 46.3719488381 45.3706696743 45.8978141807 45.2861847672 45.0523339132 45.3417458544 45.789745031 45.5503405146 45.3818946901 45.1060685887 46.1590952963 45.119693741 45.0807319064 46.3148242586 46.0211555643 45.163374643 65.491750684 78.8996555721 65.491750684 45.7771857305 45.3037621254 45.6076696159 46.3822470629 45.0960520884 72.3054101024 45.7441218338 45.9803342343 45.4620744519 46.0667995641 46.0930917992 45.5080169688 45.2581257251 46.2877395705 46.093847694 45.4813565534 45.293324904 45.9051526805 45.5939328047 45.5716344198 46.1746494342 45.4035521401 45.4918047936 46.1672944678 46.0793887017 45.4613706167
0 0 0 0 0 0 0 0 0 0 0 0 45.4934374139 45.4115588507 45.9323522119 45.5511806039 45.6897243012 45.9183276186 45.1529436619 45.8525746938 45.6516076919 46.2806525845 46.1152495076 46.1678595915 45.5236818922 45.9880817831 45.9785953169 46.2318331618 64.6195602035 64.6195602035 64.6195602035 45.6498099561 45.0941087267 45.1445013336 45.2839696887 45.258428158 68.2788605939 59.1866208445 68.2788605939 45.0549151494 45.4854273058 46.3167647834 45.1561221836 46.0899300524 46.0542503321 46.3473163391 45.7543005837 45.2505002965 45.4549583076 45.1789871235 46.3075675812 45.7093055318 45.5694777853 45.6847617168 45.5725917769 45.6043932597 46.2362074154
0 0 0 0 0 0 0 0 0 0 0 0 45.838380355 46.2076443118 45.9673430178 45.6149065821 45.3922062395 45.4078199499 45.5379844756 45.5601259209 45.1171484108 46.0537838141 46.181847002 45.8404755191 45.0617799567 45.4685768428 45.2088973195 76.9255075213 64.6195602035 64.6195602035 45.7044372788 46.1727178802 46.0356030066 45.113906784 46.171785672 46.4076751664 59.1866208445 54.2931062701 54.2931062701 46.1633726341 45.2440812359 46.4101795389 45.1633853677 45.4294345719 45.4068936718 45.7747724725 45.6179586351 46.3878677759 45.590019618 45.5540896096 45.7855210784 45.1098644919 46.1065496878 45.5873680736 45.6609758571 45.1298915749 45.7685950584
0 0 0 0 0 0 0 0 0 0 0 0 46.0605317 45.3840104587 45.9249951235 46.2291120222 45.4574635086 45.5146968249 46.1872293268 45.6097092274 45.9877698465 45.525914417 45.7854465365 45.6641975651 45.8950552509 45.7045048279 45.6129137501 45.3185525492 45.1130995298 45.4722545582 45.8489775227 57.119080327 45.2600008076 45.8780288179 73.7937498087 69.5979091021 54.2931062701 54.2931062701 54.2931062701 45.2661595105 46.1531347142 45.3329506295 45.3880307441 45.3217883885 46.131064969 45.0084683842 45.402450306 45.4383382524 45.6536654213 45.6782901192 45.6689160827 46.0660487218 45.5018661344 45.0679295551 45.930834883 45.7793620919 45.1904859524
