Spatial_Output/BAU/BAU_0912.asc
NCOLS 155
NROWS 192
XLLCORNER 196307.867259
YLLCORNER 449144.565805
CELLSIZE 33.573938
NODATA_VALUE NaN
[rows 111 to 147 of 192, columns 0 to 82 of 155]
0 0 0 0 0 0 0 0 0 0 0 0 0 0 0 0 0 0 0 0 0 50.37929478 50.37929478 50.37929478 0 0 0 0 0 19 19 19 19 19 19 19 19 19 19 19 19 19 19 19 19 19 19 19 48.8530374488 48.8530374488 48.8530374488 19 19 41.2646428804 41.2646428804 43.0430085571 43.0430085571 42.8634795402 42.8634795402 48.7435021926 48.7435021926 48.7435021926 57.9658206987 19 57.515433496 45.0185743209 45.0185743209 19 19 35.1300942864 35.1300942864 41.8522236809 41.8522236809 62.9925808372 62.9925808372 72.7799708056 47.1293118324 47.1293118324 47.1293118324 52.0549806711 19 45.9212667635 55.7623943033
0 0 0 0 0 0 0 0 0 0 0 0 0 0 0 0 0 0 0 0 0 50.37929478 50.37929478 0 0 0 0 0 0 0 19 19 19 19 19 19 19 19 19 19 19 19 19 19 19 19 19 19 19 19 19 19 59.3011972575 59.3011972575 59.3011972575 43.0430085571 43.0430085571 42.8634795402 42.8634795402 48.7435021926 19 48.7435021926 19 52.014605732 52.014605732 45.0185743209 19 19 54.11960248 35.1300942864 19 41.8522236809 41.8522236809 62.9925808372 19 72.7799708056 69.3288376666 47.1293118324 19 19 19 45.9212667635 40.1976901877
0 0 0 0 0 0 0 0 0 0 0 0 0 0 0 0 0 0 0 0 0 0 0 0 0 0 0 0 0 0 0 19 19 19 19 19 19 19 19 19 19 19 19 19 19 19 19 19 19 43.5293762846 43.5293762846 38.4270746661 19 59.3011972575 59.3011972575 19 43.0430085571 19 32.8153356965 48.4458517176 48.7435021926 19 19 52.014605732 52.014605732 52.014605732 19 19 19 19 19 19 19 19 19 19 19 54.8669950114 54.8669950114 19 19 19 40.1976901877
0 0 0 0 0 0 0 0 0 0 0 0 0 0 0 0 0 0 0 0 0 0 0 0 0 0 0 0 0 0 0 19 19 19 19 19 19 19 19 19 19 19 19 19 19 19 19 19 43.5293762846 43.5293762846 43.5293762846 43.5293762846 54.0620663035 54.0620663035 54.0620663035 19 19 19 19 19 19 19 19 19 52.3515771537 19 19 19 19 19 19 19 19 19 19 19 49.3652827551 51.8675728922 19 19 19 19 48.5558013275
0 0 0 0 0 0 0 0 0 0 0 0 0 0 0 0 0 0 0 0 0 0 0 0 0 0 0 0 0 0 0 0 19 19 19 19 19 19 19 19 19 19 19 19 19 19 19 19 19 19 19 19 19 19 19 19 19 19 19 19 19 19 48.9616343987 19 19 19 19 19 19 19 19 19 19 19 19 19 51.8675728922 51.8675728922 51.8675728922 19 19 46.0992607062 48.5558013275
0 0 0 0 0 0 0 0 0 0 0 0 0 0 0 0 0 0 0 0 0 0 0 0 0 0 0 0 0 0 0 0 19 19 19 19 19 19 19 19 19 19 19 19 19 19 19 19 19 41.2599993649 19 19 19 19 19 19 19 19 19 19 19 19 48.9616343987 19 48.9616343987 19 19 19 19 19 19 19 19 19 19 19 71.1304509149 50.8613629298 41.3550526465 41.3550526465 19 46.0992607062 46.0992607062
0 0 0 0 0 0 0 0 0 0 0 0 0 0 0 0 0 0 0 0 0 0 0 0 0 0 0 0 0 0 0 0 0 19 19 19 19 19 19 19 19 19 19 19 19 19 35.960631914 42.3642973702 44.8061746423 44.8061746423 44.8061746423 46.3848015079 19 19 19 19 19 51.9174501243 40.7997179257 49.8267092214 57.7328477815 19 19 19 19 19 19 19 19 19 19 19 19 19 19 19 74.4886902666 50.8613629298 41.3550526465 41.3550526465 19 19 46.0992607062
0 0 0 0 0 0 0 0 0 0 0 0 0 0 0 0 0 0 0 0 0 0 0 0 0 0 0 0 0 0 0 0 0 19 19 19 19 19 19 19 19 19 19 19 19 19 35.960631914 35.960631914 55.5440490717 44.8061746423 33.7326685322 46.3848015079 19 19 19 19 51.9174501243 51.9174501243 51.9174501243 40.7997179257 49.8267092214 19 57.7328477815 62.3170040658 19 19 19 19 19 19 19 19 19 19 19 19 19 50.8613629298 52.2379411897 52.2379411897 19 19 19
0 0 0 0 0 0 0 0 0 0 0 0 0 0 0 0 0 0 0 0 0 0 0 0 0 0 0 0 0 0 0 0 0 0 19 19 19 19 19 19 19 19 19 19 19 19 42.3642973702 35.960631914 55.5440490717 55.5440490717 46.3848015079 46.3848015079 19 19 19 19 19 51.9174501243 40.7997179257 19 19 57.7328477815 57.7328477815 49.2663037547 49.2663037547 19 19 19 19 19 19 19 19 19 19 19 19 19 41.0814179366 19 41.0814179366 19 19
0 0 0 0 0 0 0 0 0 0 0 0 0 0 0 0 0 0 0 0 0 0 0 0 0 0 0 0 0 0 0 0 0 0 0 19 19 19 19 19 48.6638283794 19 48.6638283794 19 19 19 19 19 53.5094062346 19 46.3848015079 19 19 19 19 19 19 19 19 19 19 19 57.7328477815 19 49.2663037547 19 19 19 19 19 19 19 19 19 19 19 19 19 19 53.9314339245 19 19 19
0 0 0 0 0 0 0 0 0 0 0 0 0 0 0 0 0 0 0 0 0 0 0 0 0 0 0 0 0 0 0 0 0 0 0 19 19 49.9438016762 52.5222378525 19 48.6638283794 48.6638283794 48.6638283794 48.6638283794 19 19 19 53.5094062346 53.5094062346 53.5094062346 19 19 19 19 19 19 19 19 19 19 19 60.785247566 19 19 19 19 19 19 19 19 19 19 19 19 19 19 19 19 49.4168329212 46.4620575046 46.4620575046 46.4620575046 19
0 0 0 0 0 0 0 0 0 0 0 0 0 0 0 0 0 0 0 0 0 0 0 0 0 0 0 0 0 0 0 0 0 40.2866744285 50.1485843749 36.6976416792 36.6976416792 47.4488725683 47.4488725683 19 19 48.6638283794 19 19 19 19 19 43.8181714806 19 19 19 19 19 19 19 19 19 19 19 19 19 60.785247566 19 19 19 19 19 19 19 19 19 19 19 19 19 19 19 19 53.9314339245 46.4620575046 64.3239187292 64.3239187292 19
0 0 0 0 0 0 0 0 0 0 0 0 0 0 0 0 0 0 0 0 0 0 0 0 0 0 0 0 0 0 48.2909749713 40.4301407631 32.0514867211 38.2580078111 37.5137647099 47.113401766 36.6976416792 47.4488725683 49.9438016762 19 19 19 19 19 19 19 19 19 19 43.8181714806 19 19 19 19 19 19 19 19 19 19 31.9092026402 31.9092026402 46.0493414977 19 19 19 19 19 19 19 19 19 19 19 19 19 19 19 19 64.3239187292 64.3239187292 64.3239187292 19
0 0 0 0 0 0 0 0 0 0 0 0 0 0 0 0 0 0 0 0 0 0 0 0 0 0 0 0 58.0115917969 46.0206559006 40.5350229369 40.5350229369 38.6337539051 40.9142481483 28.0699803994 34.2479134203 36.6976416792 47.4488725683 19 19 19 19 19 19 19 19 19 52.6879143958 19 19 19 19 19 19 19 19 19 19 19 19 31.9092026402 31.9092026402 31.9092026402 19 19 19 19 19 19 19 19 19 19 19 19 19 19 19 19 19 19 19 19
0 0 0 0 0 0 0 0 0 0 0 0 0 0 0 0 0 0 0 0 0 0 0 0 0 42.8988405735 50.6741216216 50.6741216216 55.892131148 33.8022803894 40.5350229369 40.5350229369 37.8992397711 31.1809954359 39.95770075 54.7063549248 0 0 19 19 19 19 19 19 19 19 52.6879143958 19 19 19 19 19 19 19 19 19 19 19 19 19 58.6386093353 19 19 19 19 19 19 19 19 19 19 19 19 19 19 19 19 19 19 19 19 19 19
0 0 0 0 0 0 0 0 0 0 0 0 0 0 0 0 0 0 0 0 0 0 0 0 0 42.8988405735 50.6741216216 50.6741216216 55.892131148 46.0206559006 33.8022803894 44.4651887959 40.1334576828 45.1332057357 0 0 0 0 19 19 19 19 19 19 19 19 19 19 52.6879143958 19 19 19 19 19 19 19 19 19 19 19 19 58.6386093353 19 19 19 19 19 19 19 19 19 19 19 19 19 19 19 19 50.9380687828 19 46.3677280969 19 55.6761534857
0 0 0 0 0 0 0 0 0 0 0 0 0 0 0 0 0 0 0 0 0 0 0 0 0 57.1963571753 42.8988405735 50.6741216216 61.0507506477 50.6089134352 0 0 0 0 0 0 0 0 0 19 19 19 19 19 19 19 19 19 19 19 19 19 19 19 19 19 19 19 19 51.9618412655 51.9618412655 19 19 19 19 19 19 19 19 19 19 19 52.9439695659 19 49.8391867744 19 19 19 19 46.3677280969 45.3722506702 45.3722506702 45.3722506702
0 0 0 0 0 0 0 0 0 0 0 0 0 0 0 0 0 0 0 0 0 0 0 0 0 0 0 0 0 0 0 0 0 0 0 0 0 0 0 0 19 19 19 19 19 61.7776365527 61.7776365527 19 62.3169288 19 59.496007824 59.496007824 19 19 19 19 19 19 19 19 19 40.52601835 19 19 19 19 19 19 19 19 58.4237728857 52.9439695659 52.9439695659 52.9439695659 49.8391867744 49.8391867744 19 19 50.9380687828 45.3722506702 45.3722506702 45.3722506702 55.6761534857
0 0 0 0 0 0 0 0 0 0 0 0 0 0 0 0 0 0 0 0 0 0 0 0 0 0 0 0 0 0 0 0 0 0 0 0 0 0 0 0 0 19 19 19 19 61.7776365527 61.7776365527 61.7776365527 62.3169288 62.3169288 59.496007824 19 19 19 19 19 19 19 19 19 19 40.52601835 40.52601835 19 19 19 19 19 19 19 58.4237728857 19 52.9439695659 19 49.8391867744 38.1924362804 19 19 19 19 19 45.3722506702 19
0 0 0 0 0 0 0 0 0 0 0 0 0 0 0 0 0 0 0 0 0 0 0 0 0 0 0 0 0 0 0 0 0 0 0 0 0 0 0 0 0 19 19 19 19 19 19 62.3169288 62.3169288 19 19 19 19 19 19 19 19 19 19 19 19 19 19 19 19 19 19 19 19 19 58.4237728857 19 52.9439695659 19 19 19 19 19 19 19 19 19 48.4344858011
0 0 0 0 0 0 0 0 0 0 0 0 0 0 0 0 0 0 0 0 0 0 0 0 0 0 0 0 0 0 0 0 0 0 0 0 0 0 0 0 0 0 19 19 19 19 19 19 62.3169288 19 19 19 19 19 19 19 19 19 19 19 19 19 19 19 19 19 19 19 19 19 19 19 19 19 19 19 19 19 19 19 49.8617810603 48.4344858011 48.4344858011
0 0 0 0 0 0 0 0 0 0 0 0 0 0 0 0 0 0 0 0 0 0 0 0 0 0 0 0 0 0 0 0 0 0 0 0 0 0 0 0 0 0 0 19 19 19 19 19 19 19 19 19 19 19 19 19 19 19 19 19 19 19 19 19 19 19 19 19 19 19 19 19 19 19 19 19 19 19 19 19 19 48.4344858011 19
0 0 0 0 0 0 0 0 0 0 0 0 0 0 0 0 0 0 0 0 0 0 0 0 0 0 0 0 0 0 0 0 0 0 0 0 0 0 0 0 0 0 0 19 19 19 19 19 19 19 19 19 19 19 19 19 19 19 19 19 19 19 19 19 54.7195553317 19 19 19 19 19 19 19 19 19 19 19 19 19 19 19 19 19 19
0 0 0 0 0 0 0 0 0 0 0 0 0 0 0 0 0 0 0 0 0 0 0 0 0 0 0 0 0 0 0 0 0 0 0 0 0 0 0 0 0 0 0 0 19 19 19 19 19 19 19 19 36.2288043707 36.2288043707 36.2288043707 19 19 19 19 19 19 19 19 54.7195553317 54.7195553317 19 19 19 19 19 19 19 19 19 19 19 19 19 19 19 19 19 19
0 0 0 0 0 0 0 0 0 0 0 0 0 0 0 0 0 0 0 0 0 0 0 0 0 0 0 0 0 0 0 0 0 0 0 0 0 0 0 0 0 0 0 0 19 19 19 19 19 19 19 58.5162099811 58.5162099811 36.2288043707 36.2288043707 19 19 19 19 19 19 19 19 19 54.7195553317 44.6316846424 19 19 19 19 19 19 19 19 19 19 19 19 19 19 19 19 19
0 0 0 0 0 0 0 0 0 0 0 0 0 0 0 0 0 0 0 0 0 0 0 0 0 0 0 0 0 0 0 0 0 0 0 0 0 0 0 0 0 0 0 0 19 19 19 40.2054132278 19 19 19 19 19 36.2288043707 36.2288043707 19 19 19 19 19 19 19 19 19 19 19 19 19 19 19 19 19 19 19 19 19 19 19 19 19 19 19 19
0 0 0 0 0 0 0 0 0 0 0 0 0 0 0 0 0 0 0 0 0 0 0 0 0 0 0 0 0 0 0 0 0 0 0 0 0 0 0 0 0 0 0 0 0 19 40.2054132278 40.2054132278 19 19 19 47.6683268885 19 19 19 19 19 19 19 19 19 19 19 19 48.7559932046 44.6989575493 19 19 19 19 19 19 19 19 19 19 19 19 19 19 19 19 19
0 0 0 0 0 0 0 0 0 0 0 0 0 0 0 0 0 0 0 0 0 0 0 0 0 0 0 0 0 0 0 0 0 0 0 0 0 0 0 0 0 0 0 0 0 19 57.6332832914 40.2054132278 52.1555524915 47.6187546485 47.6683268885 47.6683268885 19 19 19 19 19 19 19 19 19 19 19 19 19 44.6989575493 44.6989575493 19 19 19 19 19 19 19 19 19 19 19 19 19 19 19 19
0 0 0 0 0 0 0 0 0 0 0 0 0 0 0 0 0 0 0 0 0 0 0 0 0 0 0 0 0 0 0 0 0 0 0 0 0 0 0 0 0 0 0 0 0 61.8322880589 63.597518848 43.9816731874 33.0379107487 33.0379107487 47.6187546485 47.6683268885 19 19 19 19 19 19 19 19 19 19 19 19 44.6989575493 44.6989575493 19 19 19 19 19 19 19 19 19 19 19 19 19 19 19 19 19
0 0 0 0 0 0 0 0 0 0 0 0 0 0 0 0 0 0 0 0 0 0 0 0 0 0 0 0 0 0 0 0 0 0 0 0 0 0 0 0 0 0 0 73.187450581 53.4244998478 53.4244998478 34.8254199203 43.9816731874 33.0379107487 33.0379107487 47.6187546485 19 19 19 19 19 19 19 19 19 19 19 19 19 54.6531456974 19 54.6531456974 19 19 19 19 19 19 19 19 19 19 19 19 19 19 19 19
0 0 0 0 0 0 0 0 0 0 0 0 0 0 0 0 0 0 0 0 0 0 0 0 0 0 0 0 0 0 0 0 0 0 0 0 0 0 0 0 0 45.8188519962 63.597518848 73.187450581 53.4244998478 53.4244998478 34.8254199203 40.9704328164 40.9704328164 41.3738393826 19 19 19 19 19 19 19 19 19 19 19 19 19 19 19 50.2577584933 50.2577584933 19 19 19 19 19 19 19 19 19 19 19 19 19 19 19 19
0 0 0 0 0 0 0 0 0 0 0 0 0 0 0 0 0 0 0 0 0 0 0 0 0 0 0 0 0 0 0 0 0 0 0 0 0 0 0 37.9252888101 37.9252888101 45.8188519962 63.597518848 59.7412878671 73.187450581 53.4244998478 19 40.9704328164 40.9704328164 19 19 19 19 19 19 19 19 19 19 19 19 19 19 19 19 50.2577584933 50.2577584933 19 19 19 19 19 19 19 19 19 19 19 19 19 19 19 19
0 0 0 0 0 0 0 0 0 0 0 0 0 0 0 0 0 0 0 0 0 0 0 0 0 0 0 0 0 0 0 0 0 0 0 0 0 0 37.9252888101 37.9252888101 37.9252888101 37.9252888101 63.597518848 63.597518848 37.9252888101 0 0 19 19 19 19 19 19 19 19 19 19 19 19 19 19 19 19 19 19 52.6212601114 19 19 19 19 19 19 19 19 19 19 19 19 19 19 19 19 19
0 0 0 0 0 0 0 0 0 0 0 0 0 0 0 0 0 0 0 0 0 0 0 0 0 0 0 0 0 0 0 0 0 0 0 0 0 0 37.9252888101 37.9252888101 37.9252888101 44.01078328 56.647320015 0 0 0 0 19 19 19 19 19 19 19 19 19 19 19 19 19 19 19 19 19 52.6212601114 52.6212601114 52.6212601114 19 19 19 19 19 19 19 19 19 19 19 19 19 19 19 19
0 0 0 0 0 0 0 0 0 0 0 0 0 0 0 0 0 0 0 0 0 0 0 0 0 0 0 0 0 0 0 0 0 0 0 0 0 0 43.8704694616 37.9252888101 69.5952949702 0 0 0 0 0 0 19 19 19 19 19 19 19 19 19 19 19 19 19 19 19 19 19 19 52.6212601114 52.6212601114 19 19 19 19 19 19 19 19 19 19 19 19 19 19 19 19
0 0 0 0 0 0 0 0 0 0 0 0 0 0 0 0 0 0 0 0 0 0 0 0 0 0 0 0 0 0 0 0 0 0 0 0 0 0 0 0 0 0 0 0 0 0 0 0 19 19 19 19 19 19 19 19 19 19 19 19 19 19 19 19 19 19 19 19 19 19 19 19 19 19 19 19 19 19 19 19 19 19 19
0 0 0 0 0 0 0 0 0 0 0 0 0 0 0 0 0 0 0 0 0 0 0 0 0 0 0 0 0 0 0 0 0 0 0 0 0 0 0 0 0 0 0 0 0 0 0 0 0 0 19 19 19 19 19 19 19 19 19 19 19 19 19 19 19 51.8301393956 19 19 19 19 19 19 19 19 19 19 19 19 19 19 19 19 19
