Spatial_Output/BAU/BAU_0530.asc
NCOLS 155
NROWS 192
XLLCORNER 196769.923733
YLLCORNER 449719.875193
CELLSIZE 27.603701
NODATA_VALUE NaN
[rows 115 to 137 of 192, columns 53 to 105 of 155]
28.121360921 27.9068739271 28.2496811446 27.2137351946 62.9216264798 62.9216264798 44.2802315675 44.2802315675 44.2802315675 27.053254897 27.0469312314 27.9822979512 27.0636110391 69.2726866487 69.2726866487 27.2638821697 46.8967358413 46.8967358413 56.4385329653 56.4385329653 66.795061873 28.0128916086 66.8036060567 27.6204621029 28.2000379432 27.3696705727 48.6363972418 27.8423186029 27.5694504098 60.6168693506 45.3093662807 67.1604448969 27.0119680581 42.1628722825 42.6819723388 50.8240559205 27.2992537587 28.314003607 27.8191367828 58.3278539943 50.7779191678 27.0496923484 43.8731618035 27.2440376634 27.1188193155 27.3620448073 28.4131661871 27.0410576842 27.4529812465 27.3649629337 27.3554390537 27.1193877005 27.4492337308
27.5972346298 28.3664354128 27.9430473852 27.2393357009 27.3103625482 62.9216264798 28.3163666372 44.2802315675 27.7727471675 27.6543966946 27.5877253312 27.7848851046 28.1376086719 69.2726866487 27.2333351802 27.184263211 46.8967358413 27.9539725168 56.4385329653 27.7254978728 66.795061873 56.0903480331 27.5567633405 51.1005231537 51.1005231537 51.1005231537 28.1653598098 27.7264059697 27.4593348136 27.0937124662 67.1604448969 67.1604448969 67.1604448969 27.7761473523 27.0692556146 28.231414757 27.5743102878 27.9216093961 27.4322280714 27.4195953619 27.8578522129 54.8995271053 27.4250389794 27.159691377 27.9800554961 27.6601551243 27.4119103806 27.5953568905 27.6727928906 27.3598199079 28.2594712438 28.2342753516 28.0434643882
27.7476658161 28.0613061759 27.1250672544 28.1493300801 27.9123513545 27.4533416452 28.2897470897 27.7383823812 65.9439375999 28.0722661135 27.5437005515 28.1187924829 28.4008279855 27.595973904 27.4293601211 27.3953818365 27.0530459026 28.1596743404 27.3726855281 27.1921937854 27.0542095086 28.062158849 28.1950940609 28.165701096 27.8313195861 28.3123668394 27.6475114564 28.2407098084 27.5704623969 27.8819490456 27.4911684757 67.1604448969 27.0473578319 27.2136035538 27.8532339521 27.6099512795 27.6416377102 27.853077215 28.0563362415 27.3156816984 48.5843102366 48.5843102366 27.4287577543 28.2401990835 27.9747885062 28.3818669103 28.2107414308 28.3121342885 27.8685279207 27.7932198281 27.6017359939 27.2378235406 27.642425677
27.7024537752 27.3742066066 27.4728092559 27.9241794041 28.4072580868 27.362539072 28.2917495404 65.9439375999 27.0140611456 27.7104851778 27.1926595884 27.6115958095 27.4275293859 28.0928256769 27.8238174992 27.1301612046 27.9960615446 27.8235784067 27.9700869987 27.7247174705 27.1781610981 28.0030268203 28.1272566758 61.3723539948 61.3723539948 27.5514891925 28.3604029757 28.297055135 27.9289089906 27.9591170975 53.7253043076 53.7253043076 28.1496384864 28.0650527238 27.1195779889 27.5083681058 28.1191389781 27.0117625122 27.8803936158 48.5843102366 48.7955193163 48.7955193163 27.0388067568 27.0919770392 27.5773134223 27.4566962359 27.9088281497 28.3916164955 28.3840572484 28.2371788723 27.8013238302 27.8802379087 27.4124804472
27.8380426446 28.3990567078 28.1968079467 27.671224616 27.1325561354 27.7454917682 27.3940775165 28.2759494745 27.0203821921 27.3442890796 27.6067933621 27.0579648298 28.397667664 27.833828555 27.2337730856 28.2366768036 27.9181809054 28.1282799496 27.7656882466 27.3179951609 27.839479782 27.4398533332 27.3232023987 61.3723539948 61.3723539948 61.3723539948 27.4858365781 28.0562616715 28.4038320226 28.0103022591 27.4126742851 27.9266893079 27.9741025034 27.2280032537 27.3345380931 28.2121871423 27.3124551532 27.4626079355 28.394998026 48.7955193163 48.7955193163 48.7955193163 48.4062388915 27.6000080285 28.1774197858 28.2796960482 28.2124363269 27.6664214256 27.4102692133 28.1411585133 27.2340969565 27.5171031251 27.9176006046
27.1336277219 28.2516867729 27.2842676452 27.3531761192 27.0672022519 27.8675803926 28.0364883076 27.9273644244 27.1642914713 27.2426894528 27.2522230774 28.1875198982 27.3580257718 27.8648235277 27.9613586511 28.0038688378 27.911148661 27.5397541743 27.326428556 27.2511297295 28.1442612811 27.3233020401 28.0044468626 52.5755147713 52.5755147713 60.0668211573 60.0668211573 27.6013711564 58.8671284405 58.3939350205 58.3939350205 54.4563590643 27.5412312844 27.1785556896 27.4311914824 28.1450696306 27.9625620632 78.3371472555 27.0276026551 42.083401195 60.6406406262 60.6883513987 41.2792605783 28.0634996018 42.4302195467 27.4450029204 27.7929977176 27.7956586576 27.2630617135 27.618125763 27.2970290278 27.8877425373 27.1760603573
27.0237533936 28.3652121691 28.1866714844 27.6648609823 27.3498011718 28.3765016283 27.9760641554 27.0016527442 27.9815061883 27.1669184849 27.0160912582 27.6813014909 27.5530975053 27.2954643635 28.2605866179 27.2936068263 27.2724867165 28.3136766459 27.154395279 27.8052411188 28.3927548832 27.7298978299 27.8181806187 63.7404090694 63.7404090694 60.0668211573 60.0668211573 43.359554946 58.8671284405 58.3939350205 27.1809476508 54.4563590643 28.000821634 27.7108209668 27.2669047472 48.7120527353 28.2454492449 56.0489389138 53.1095825467 58.5904614601 56.3538859911 60.6883513987 60.6883513987 64.4986067073 42.4302195467 65.3632315824 27.4595604573 63.2607308321 51.9754119331 57.558772681 57.5814066872 27.8031340737 27.7784831649
27.1243736485 27.2595099873 27.6296362848 27.566133665 27.2242953445 56.6980596292 27.2797894258 56.6980596292 27.9316150439 27.2444685617 28.1959871218 27.1540441449 27.8379629118 28.3097011166 28.3217165198 27.2834680366 28.3435777736 27.1138989462 28.3802306786 27.4065999457 27.6535625174 27.9707610063 28.0797018362 27.600212151 68.5372983571 59.0643846814 60.0668211573 58.8671284405 27.3988132703 27.0967802703 28.2445887588 27.8486861736 27.4798286632 27.1728114705 28.2871636214 27.6579871435 27.2614825828 27.4644975989 58.5904614601 56.3538859911 56.3538859911 60.6883513987 60.6883513987 27.1019310195 65.3632315824 65.3632315824 27.7877667531 51.9754119331 51.9754119331 57.5814066872 57.5814066872 27.2484135153 28.2332912093
27.1180571673 27.4375154426 27.1216167736 27.8746097532 27.2786133645 27.1286344923 27.3184491216 27.599070193 27.5606062206 27.0248680278 27.674133055 27.5235004953 27.8785318367 27.5424719336 27.0372651417 27.9186991762 27.8645796508 27.863620037 27.6660219195 27.7355387051 27.7733128151 27.7458441926 28.217135305 27.6995343232 28.0205559457 27.3749317578 28.1895288063 28.1670978654 27.1065646836 27.3161184476 27.8665955054 27.935736242 27.5948672934 27.0609051532 27.9415407844 27.9434392007 27.5704533897 27.3260149534 27.270877977 58.5904614601 56.3538859911 65.1194430116 51.0610217661 64.4986067073 42.4302195467 65.3632315824 27.2272418795 28.289247726 51.9754119331 57.5814066872 57.5814066872 28.0606967677 27.2008991068
28.0387675896 28.400170651 27.0548523149 53.742510207 27.5206806861 27.1640123923 27.6254865739 27.5801836042 27.655514969 27.5337827639 27.1454726636 27.7796088689 28.0467628879 27.4538262453 28.2279280592 27.7384479775 28.0738467265 27.457098261 27.0220338928 27.8312385018 27.5065905482 27.4486801026 27.4100629597 27.1848021127 27.6011995631 27.0427241646 27.884382029 78.386545655 28.401698066 28.0490838348 27.8103136879 27.0209840466 28.0974269872 27.0612752563 27.6198325599 27.1601218204 27.066752876 28.0715780069 27.4696351659 27.0951257529 43.7269310886 43.7269310886 43.7269310886 28.4005501587 28.0909577421 27.6393629795 27.724431198 28.3502873802 27.6989760531 28.2909258075 27.6563723329 27.2695286035 28.0157335741
49.9203051162 58.2197439765 28.2705062541 27.7110861995 27.200712064 57.0475232528 57.0475232528 42.6194049961 27.4107242889 27.2399197955 27.9724015256 27.1035527596 28.3911990773 27.4989060848 27.1515188699 27.7882810223 27.4450190651 27.3655564168 28.2076987282 27.8096083415 27.8674654609 27.313101369 27.6297927062 27.08842003 28.1921742679 78.386545655 78.386545655 78.386545655 27.2383824526 27.787178092 28.0854559969 27.7654489057 27.2082005493 27.053499444 27.2762602166 27.4982981668 28.0726912541 28.1114662985 27.9821296837 28.0544724652 51.4817277945 43.7269310886 51.4817277945 28.1409479159 27.0599759763 27.3400496276 27.8450099833 27.0884299443 27.8940700628 28.1709512454 27.1396441907 27.2761209772 28.0147805866
49.9203051162 58.2197439765 27.9866885765 27.6158863278 27.3734934112 57.0475232528 57.0475232528 57.0475232528 27.833024612 27.3700237385 28.3909511878 28.3253247224 28.1285675928 27.5324543458 28.3377502891 27.6174348647 27.794085123 27.0134068277 27.4143797493 27.6998995139 28.1377413399 28.0287605738 27.8506228756 27.5883966679 27.1430768097 27.1276397781 78.386545655 68.1135190644 45.8820450998 27.1588778025 27.2368861338 27.4271685903 27.0650326897 27.8766576854 27.6171908839 27.9266438471 27.4403210591 27.4880654572 28.0548766591 27.3991401219 51.7870377772 51.4817277945 51.7870377772 28.3118363577 27.6111092821 27.9672507314 27.7249149074 27.5799838258 27.8745971875 27.1770055543 28.408179328 27.3502808613 28.1417501301
58.2197439765 57.623818995 27.8914681084 28.2496409795 27.7698227883 63.4428758755 63.4428758755 45.5502822318 28.1592899362 27.2467762161 27.9798416253 27.3385572875 27.2636601729 27.6603136741 27.217849262 27.742972993 27.6584227406 27.3215182636 27.1927370139 27.9511616459 27.9636466843 27.4636693458 27.2801021374 27.7587318907 27.9144073149 28.297848445 84.866320025 84.866320025 84.866320025 63.5942413622 27.4128119915 27.2497837565 28.0299705156 27.4374035088 27.6298323007 27.826908483 27.536876703 27.6837249 28.181350169 27.729783033 27.9920417079 55.5704889033 55.5704889033 27.2943654418 28.2166525179 27.0140112557 27.6748020352 27.7567597156 28.3555471542 27.6185111157 28.2038038221 27.2212038529 27.2192273247
57.5281613312 28.0668889908 27.6106526296 27.3949572919 56.6648252545 63.4428758755 63.4428758755 27.0731769459 27.1569763314 27.1096326657 27.0512996088 27.1579586386 27.0675812031 28.1113404067 27.8898099168 27.3606754253 28.2077031718 28.2900874575 27.1789712498 27.9158818554 27.7239309318 28.1067888467 28.082345334 27.7522631506 27.07134452 27.6404492601 27.8960281128 84.866320025 63.5942413622 44.305268802 27.3899146173 27.8318014333 27.189670025 27.6662168903 27.0910949263 27.9769019772 28.0046892115 27.8465784712 27.790669009 27.033567427 55.5704889033 55.5704889033 55.5704889033 28.1685075571 28.3638869372 27.252660418 27.576389227 27.0317218994 27.5839690985 27.0716675039 27.3246139763 27.5837359194 28.2734282636
28.027485204 28.1351802558 77.6299640004 56.5177172051 28.1673473363 56.6648252545 54.9084360985 27.957165598 28.147665265 27.0306037352 27.4065146205 27.8315640518 27.9907104726 28.0984598783 27.5649047708 27.3690334521 27.0990678819 27.1747720521 27.4445630418 27.0887411085 27.970859226 27.244890734 28.1859625013 28.3320200677 28.2215318801 27.5808670877 27.0461740258 39.3526095856 39.3526095856 39.3526095856 27.2359102326 28.3306391325 28.1253809611 27.8437077139 28.0790389645 28.2802657441 28.1929051647 27.9686147329 27.2251673332 27.7569937235 50.7472138821 50.7472138821 50.7472138821 50.7472138821 28.015145211 28.315128539 27.5247942629 27.5983514129 27.9222364306 28.3131026453 27.8201874196 27.3818886772 27.469220953
27.8969140158 28.3285701877 27.8796138256 27.1593156292 27.3227791325 56.6648252545 28.0719740188 27.4415154752 27.7791096312 28.2279100717 27.7238219002 27.8080521446 27.7364453594 27.7700128832 28.3762097706 27.5980091904 27.561599998 28.3149105216 27.2278462799 27.1723236797 27.1914565963 28.279538129 27.0621410455 28.0979532115 27.7004922799 27.6301442397 27.1497662309 39.3526095856 39.3526095856 28.167564595 27.7929978865 28.400885362 27.6782606287 28.3153725286 28.1315437521 28.2574207715 28.0666414662 27.8877869034 27.2127861552 28.1488142985 63.5754143622 63.5754143622 63.5754143622 63.5754143622 27.3305587889 28.3867627956 27.2524919952 28.364269019 27.5699689486 27.2034287134 27.1769024242 27.44872079 27.9076325143
28.0508245715 28.3516051384 49.6680454093 27.0748426494 55.2989269369 28.1643893982 27.4595534547 27.4283535286 27.7986660009 27.5696620634 27.7306503299 28.0384735702 27.9700668254 28.2631237559 27.2307864829 27.9459020621 27.5311828751 27.5550110471 27.7399637543 27.543442186 27.9745432121 27.5453515861 27.0249769322 27.8082192874 27.5132801476 27.8268465413 27.9344419654 27.1278456371 50.8710501285 50.8710501285 27.0312960311 27.6799611971 27.6355195419 27.7310593587 27.625134849 27.2089368972 27.56957486 27.1036877873 27.7162720658 27.7760589981 27.6813202518 63.5754143622 63.5754143622 28.2796299475 27.5167006995 28.303682073 28.149784502 27.6572906381 27.4471755223 27.1403230011 28.1369103006 58.0877464954 27.898700674
41.9694595788 50.0004753002 49.6680454093 49.6680454093 27.0713520856 27.189806408 28.079610888 27.3855722907 27.7754850934 27.8926691986 27.0181297322 27.1444549203 27.8745954925 27.929164391 28.2173861206 28.1781851036 27.8448711594 27.3619059936 27.150828861 28.1019224914 27.11458353 27.5260891203 28.3354341884 27.6833793317 28.0229344909 27.8702904984 28.3981024567 50.8710501285 50.8710501285 50.8710501285 58.9542856427 27.8984517909 27.5340679656 27.3320763854 27.8142546692 27.318352871 27.338121632 27.9213903225 27.6830110581 28.046684156 28.0453342298 52.1682553589 27.4005223771 64.0224653519 27.664029792 27.8197628832 27.5211353278 44.9811810921 27.1191353582 27.780165427 46.6771345548 58.0877464954 58.0877464954
41.9694595788 41.9694595788 49.6680454093 49.6680454093 39.8110098191 27.8995648697 28.2116920843 27.5352602372 27.2896101518 27.101324147 27.4091680299 28.1140236051 27.9031715054 27.6045724285 28.2720362997 28.2641298879 27.6309857047 28.3313630419 27.8407456189 28.3307534545 27.2181435193 27.3333485566 28.0233761986 27.6811156521 28.2174732302 28.0679473035 27.8629323656 54.9811739486 57.5172386765 49.5291886804 49.5291886804 58.9542856427 40.6830838582 47.7007017402 28.1751402053 28.3724758781 27.0390201804 47.2433806132 27.2745583485 27.7800559523 28.2886914108 27.2074339302 64.0224653519 64.0095705639 27.6948519719 27.6104334578 48.8187904367 44.9811810921 44.9811810921 44.9811810921 46.6771345548 58.0877464954 58.0877464954
41.9694595788 41.9694595788 27.8593417619 39.8110098191 39.8110098191 27.1036997211 27.4215423606 28.3162630817 28.3901254562 27.7050488722 28.1387158637 27.4953216025 27.1240618165 27.4678175902 28.2965848472 28.2336546722 28.2307861569 27.129499562 28.1607223035 27.0582741212 27.313160974 69.8556403696 45.9357227602 45.9357227602 58.464761391 28.0628555285 28.1065668062 54.9811739486 54.9811739486 46.7183171558 49.5291886804 51.5439548189 40.6830838582 40.6830838582 55.499433455 27.744773344 68.3862095104 55.9023041162 47.4161179972 27.523573774 27.9434339369 27.4709523386 50.4969292765 27.3468196785 28.1440719819 48.8187904367 48.8187904367 44.9811810921 44.9811810921 76.4223553425 27.5024955179 27.5723823997 27.6997493009
27.3750330741 27.4556196568 27.0370745751 27.0970519334 66.2408971303 50.917935256 50.917935256 28.3783832841 27.7966734447 27.9616903686 28.4001199221 54.5957793506 27.861292382 27.2610899092 52.8947996442 27.3057363084 27.9964503931 27.5076979211 27.8574125332 63.7567370428 63.7567370428 63.7567370428 69.8556403696 45.9357227602 45.9357227602 28.3264734286 51.1158076933 54.9811739486 54.9811739486 47.8352414981 45.2566037104 62.1918744071 40.6830838582 40.6830838582 55.499433455 68.3862095104 68.3862095104 55.9023041162 55.9023041162 27.4811948269 68.5406303344 28.3517274412 50.4969292765 27.2570900626 27.0207571487 27.0636552682 48.8187904367 27.5166650215 56.2072596743 27.1485876506 27.6018225544 27.5538221358 28.1050560354
28.0515165786 27.2211590648 27.503632035 27.1930191084 50.917935256 28.2682998172 70.9672772091 27.8453718762 28.1571237578 55.3735410408 55.3735410408 54.5957793506 27.8911629733 28.0869184551 27.1484704671 27.8522479989 28.0534260258 28.2848866297 27.9251461226 27.9598445733 63.7567370428 69.8556403696 28.1696714967 27.0756418199 58.464761391 27.045302284 27.2181026001 54.9811739486 47.8352414981 47.8352414981 27.1277909175 27.9478840989 47.7007017402 55.499433455 65.4872608111 65.4872608111 68.3862095104 55.9023041162 27.5447618723 28.3271731673 27.8260515997 27.5402264567 69.2040212614 27.7681057148 27.9475273848 28.3057243112 27.0786599463 27.3341162246 28.2760801291 28.0583756017 27.9355332521 27.5805444969 27.2325836473
27.777658421 27.5849246774 27.6670104273 28.2472473383 27.375803553 70.9672772091 70.9672772091 70.9672772091 27.4867293006 55.3735410408 55.3735410408 54.5957793506 28.2222929718 27.8160995023 28.1207507525 52.8947996442 28.1362487465 27.1603681734 28.021980243 27.4765474843 27.9472394309 27.7752264019 27.8947715991 27.9646822152 28.2614662598 27.2432005499 27.3720822107 28.1098187583 28.1485795993 47.8352414981 27.2549959689 28.1162435886 27.3865989976 27.9034217693 27.5889051208 27.6073518622 27.4397001819 27.1434795804 28.2940412457 27.8700533192 28.2943190756 27.1139793937 27.8311914898 28.0238888246 28.3080240419 27.1117716237 27.330282943 28.2301576851 28.3436741173 28.3443190696 28.1648889781 27.7958281574 27.3682842284
