Spatial_Output/BAU/BAU_0463.asc
NCOLS 155
NROWS 192
XLLCORNER 196307.867259
YLLCORNER 449144.565805
CELLSIZE 33.573938
NODATA_VALUE NaN
[rows 25 to 49 of 192, columns 57 to 113 of 155]
30.8861108717 30.517008524 31.1348762964 30.9381325927 41.8069990872 62.3054223594 62.3054223594 54.4617112061 61.2969204668 60.1522385811 44.1182341562 30.5027381828 30.9045145027 31.0188383066 31.1060105731 30.5635911413 30.7767785562 31.010589846 30.5947794228 30.7072566765 30.8493623039 30.7421736322 30.7107514464 31.0292193833 0 0 0 0 0 0 0 0 0 0 0 0 0 0 0 0 30.7613107611 30.8123351196 30.9437231582 30.9121877268 30.8712945102 30.9157974448 31.0586177671 31.1197802952 30.981057863 31.0648563132 30.8923494472 30.735180992 30.7298919607 30.9180868619 31.0736444977 30.8988566062 30.6514150263
30.692514821 30.7635663725 31.0744587595 64.2101301581 41.8069990872 73.1851313023 73.1851313023 59.2493399672 60.1522385811 60.1522385811 60.1522385811 31.206733613 30.9632756659 30.8139955636 30.8185827878 30.653727343 31.1682931922 30.7644492094 31.139105339 30.9347333457 30.6985742505 30.6616876546 30.7374058286 31.1871717256 30.7959168489 30.8693834809 0 0 0 0 0 30.7807309362 30.7780906103 30.760699089 30.7299360435 30.8186554095 0 0 0 0 30.8571757683 30.5422450382 31.0921958587 31.2009053341 30.6664478232 31.0603045127 30.5429268096 30.9373681293 30.9275812168 30.897048297 31.1956823139 30.869230724 30.9236652488 31.0955429357 30.5906293248 30.6918355736 31.0634769967
30.8348527375 30.77265945 31.1811951533 66.3138917282 30.5198953061 31.0895989376 59.2493399672 59.2493399672 58.085832797 60.1522385811 47.9944855248 31.1082660632 30.8163560182 30.8401703533 30.6093765098 30.891901625 30.6123745146 30.9123300228 31.1135175444 30.6251813625 30.7046652281 30.9234196538 30.5861580152 30.945040395 30.9612058564 30.5955949609 30.640773819 31.0993335326 30.8409846179 31.1188474442 31.0247061998 30.8318549302 30.7028167087 30.7084231963 31.0498764492 31.0330449219 30.9307968693 30.8533856187 0 30.8793269669 30.6772168858 30.6936354519 31.0209020346 30.7078222999 31.1156669647 30.7630149916 31.202282931 30.7789931403 30.8615390403 30.846107049 30.7481255098 31.1992513338 30.9132898373 30.5475266125 31.0488798993 31.1058739041 31.1003995647
30.5233647322 30.6626024234 31.1181308206 30.5572603419 44.0726690277 44.0726690277 58.085832797 59.2493399672 58.085832797 47.9944855248 30.8435930819 31.1395214241 30.5807739506 30.9826863309 30.8014777767 31.1622746241 30.5309260305 31.0913078371 30.952151717 31.1733540121 30.7297392898 31.1799043965 31.0744195068 30.6872247814 30.5018529061 30.8056317108 30.7401253359 30.8667957612 31.0937737897 31.0791460317 30.8355237321 30.6735490225 30.668322409 30.9214572152 30.7859423518 30.7310966858 31.1818743092 31.1229063183 31.0686596666 30.7023238955 31.1615852085 30.7608269881 30.750836548 31.1954418963 30.6521835122 30.5681358744 30.7235148437 30.5171083634 30.9218841723 30.953622481 31.1358138542 30.5525548073 31.0702588272 30.5062917854 30.6156926142 30.8803617665 31.0941297652
30.6192167357 30.701328607 31.1978824401 45.0904997578 45.0904997578 44.0726690277 70.1439161468 31.014244172 65.8082740724 30.5813288888 58.3325366614 54.93722486 54.93722486 31.1154830278 30.6552481776 30.6823436485 30.9925192666 31.1799761628 31.0180692742 30.776185069 30.7296284247 30.6050140894 30.6838604792 31.183949173 31.1793911711 30.6639400387 31.1042027906 31.04687625 30.9941071666 30.7539466337 30.7118992305 30.5701648574 31.1108253788 31.197411991 31.2013675749 31.1466908809 30.7080048571 30.74262888 31.0398330581 30.9039319339 30.8970756311 30.833582148 31.0977463956 30.6765280846 30.7850878035 30.6544345135 31.1663601391 30.5078412282 30.8076265333 30.905862783 31.0024159533 30.5752874608 31.1244211712 30.8104798127 30.8858071074 30.6385663047 30.5181695973
31.1101057613 30.8734886182 30.9044874829 45.0904997578 45.0904997578 78.0598541966 31.2069666135 30.8558258894 30.5279184233 70.3939353117 54.93722486 54.93722486 62.542052175 30.746946718 31.1506518079 30.9237014721 30.6769957496 30.826660328 30.7821616583 31.0918213254 31.1718248081 30.5616741936 30.7556610424 30.5843179608 30.9727910518 30.8196950588 30.8525114158 31.0246195813 30.6579352414 31.0784769018 30.9160008332 31.0527550145 31.1201896894 30.9797169934 30.5548339896 31.0895113446 30.8991261204 30.6257973546 30.6501648746 30.873508863 30.969691922 30.7467462912 30.725513551 30.670845591 30.756740247 30.5867921979 30.6146795575 31.178261578 31.1572259589 30.9372060658 30.8574803274 30.636871704 31.0911568386 31.0276859662 31.1754685995 31.0285441767 30.939943682
30.5437965282 30.7035616192 31.1618780914 69.9207725417 39.9162297762 39.9162297762 51.1739610832 70.8690383075 30.5243844523 70.3939353117 52.2794438403 52.2794438403 30.9052120293 30.658318467 31.0762280061 30.6575115105 30.6268281175 30.6765225305 30.736076573 31.1055822922 30.7516187608 30.9708082244 30.9425586426 31.1871480323 31.0390870152 30.6474683148 30.9402757369 30.8784396682 30.686594239 31.177999047 30.5315826596 31.0942146582 30.9077262754 30.7785493803 30.630825308 31.039817369 31.0716639945 31.0010657391 30.7898933101 30.8898620444 30.7408443405 30.7045496596 30.6835774145 31.0246557782 31.1319603169 31.1313314641 30.8913278973 30.653820028 30.6045960597 30.6549967241 30.9044920636 30.6243627223 31.0165745379 31.1428806604 31.0025637209 30.9508927827 30.7057002208
30.6820144915 30.757993066 30.8990752345 31.0012148508 51.1739610832 51.1739610832 50.5445645571 50.5445645571 31.056687241 30.5184686918 52.2794438403 30.9840476386 30.691990243 30.7083275786 30.6577245434 31.1359942601 30.7602525895 30.9264953854 31.0703023932 31.0822495486 31.0811009197 31.0986676573 31.0684949156 30.9359303558 30.7862682189 30.7972895549 31.0069308934 30.5242369325 30.8369350725 30.5271896569 31.1568964339 31.080691233 30.6348853981 31.1621029077 31.1965691255 31.1603645532 31.0052340838 30.6011958869 31.0147072108 31.0913545882 31.1514543515 30.8164174853 30.7934542902 30.5183898862 30.9569874754 31.1915713488 31.2042915783 31.1910833229 30.5057938098 30.8904466813 31.0169335595 30.5956958557 30.5632872267 31.1298449255 30.6909516775 30.7125591641 31.0095883486
30.6687248317 31.0268233258 30.8473625066 30.6195363182 30.765213251 52.657440981 50.5445645571 50.5445645571 45.4840400073 30.8695551239 30.6540876963 30.906523957 31.1402139649 30.8331491514 31.0279809916 31.0051200064 31.0589052258 30.5446776883 30.7345357082 31.0835098472 30.8434609848 30.575159178 30.524452721 31.1180393507 30.6480111883 30.97420881 30.7499610183 30.9587831025 30.9146942398 30.7420188162 31.0261799415 30.9290790726 31.169695496 30.5351276262 30.977139358 30.5927073119 30.9331131046 30.5013547535 30.9984954163 30.8770814951 30.9584534561 30.9039961372 31.0484683133 31.0462282857 30.6056559288 30.9483317783 31.069001263 30.9057968339 30.7221568914 31.0338286909 31.0920365586 30.9448588049 30.9190205588 30.5072956291 31.0609595638 30.6000988965 30.533967088
30.9783519981 31.1022018815 30.6420711046 30.8526230179 30.6426401076 31.0727166674 30.8799689375 45.8082413206 30.5485627983 30.5087634007 31.1703355098 30.7564043673 31.1783601459 30.8146581645 30.6053710336 30.9455610545 31.0715503005 30.921331079 30.9280520434 31.0797168079 31.1728403143 30.6490301706 31.1244457432 30.9499968777 30.8598267878 30.525153992 30.7002802033 30.5114326135 30.6889686175 30.9085994514 30.8813118267 30.7567677659 30.8034314566 30.5234091155 30.7348985177 30.6704301084 30.7358951407 30.535182842 30.5438711097 30.555596012 31.0612124227 30.6761187149 30.7066551373 30.9865426534 30.6000483115 31.004509194 30.8333941262 30.7190612225 30.7854863751 31.1641246859 31.0515931609 31.0506968825 30.5061575555 30.5380151625 30.9623717721 30.8959769284 30.7510572358
30.9343179886 30.5606075518 30.5377384419 31.1792589166 30.8149125353 30.6105474611 45.8082413206 45.8082413206 45.8082413206 66.3758071107 30.9959467032 31.1843372228 30.6873280971 30.8740845425 30.6635553495 30.8177577024 31.1009781225 30.915722805 31.1302922281 30.9077788516 31.1329529009 30.5344046873 31.143860616 30.7021879815 30.5556584976 30.8718478945 30.9255625452 30.5525070262 30.5154314954 31.174508295 31.1274778186 30.8258286032 30.6901054498 31.0764807646 31.0806713549 31.0536628961 30.9427413988 30.6239352943 30.5709893717 30.7248830357 30.7642700255 30.9957482934 30.6411065618 30.8088121364 31.1997142329 31.0526585324 30.9679945049 31.0967432046 31.0601686429 31.074521247 30.6037987985 30.6607338287 31.1222134351 30.7038043334 30.7705156034 30.8037584057 31.0701297074
30.5550696905 30.9046286116 30.7890831202 31.0599008975 30.9369073469 30.8600642447 60.3349811812 60.3349811812 30.8539304558 30.6577076015 30.7888764172 30.574310761 30.6640166231 30.7111461153 31.1487199409 31.0112747094 30.7986364279 30.7109105952 30.7493844352 30.8195504496 31.1185965032 30.8985391041 30.6269897809 30.6252792977 30.8270997357 30.7013615676 30.8823673217 30.8089411706 30.6791624164 30.5113697927 30.5494340926 31.1908252775 30.6692789753 30.9409374362 30.8250493592 30.6004182522 30.5691071346 30.6758276709 30.9269161586 30.707693655 30.6377775776 30.7904643709 30.9998921169 30.9112029377 30.6550475631 31.1910855937 31.1269501021 31.0895320901 30.7626090788 30.9941373782 30.7573148584 31.1566704646 30.8714889049 31.1016306427 30.6558012206 30.8843757017 30.6282663669
30.5584807959 30.5743368348 30.9353548919 30.8160923574 61.8538728247 61.8538728247 60.3349811812 60.3349811812 60.3349811812 30.6742959122 30.7432317262 30.6319494505 30.5092706418 30.7674239861 30.8701030125 31.0266262615 30.5495471016 31.0868672081 30.560024767 31.1063598763 30.9245838658 30.8470257302 31.1056045023 30.8272869858 30.6046886912 31.1029272186 30.5008817869 31.1365851416 30.9697964674 31.2019541009 30.8575906879 30.943740981 31.1372702429 31.1323213423 30.8138812572 31.1003357601 30.7899926614 31.0817095383 30.5695698258 31.168070197 31.061527255 30.8523208216 31.0169186671 31.0709319455 31.0959145437 30.8402964297 30.6926364983 30.9833986498 30.5310681966 30.7566628398 30.8915975496 30.6535167047 30.9094803471 30.792069347 30.8811129885 30.8334585211 30.8579175856
31.1717819357 30.7627984038 30.9494857628 51.4253370587 51.4253370587 61.8538728247 30.524921363 30.6141186676 31.1484020744 31.0623277937 30.8712098469 30.7720104361 30.8733233313 30.8647814981 30.6614781953 31.1041551505 30.548642264 30.6939012427 30.952864889 31.0510681127 30.5808308005 30.9830613333 30.7550251949 30.8722938118 30.640246824 31.2042916029 30.8194856034 30.9946701331 31.0245836479 31.0994662389 30.8857136703 31.1613715492 30.9746399529 30.7273470771 30.6375192595 30.5242312036 30.6153277434 30.7050861489 31.0427032288 31.1274270623 31.10793609 31.0597691289 31.0296610241 31.156775446 30.6621655268 30.6046824297 31.1211771439 30.841059467 30.9917627874 30.6932316239 30.684039109 30.9960355272 30.6862616247 31.1810358174 30.8438863851 30.8304485743 30.616862258
30.8715063439 30.8859818809 30.6510883369 51.4253370587 51.4253370587 51.4253370587 31.0100217582 31.152961545 31.0993913409 30.8462282891 30.562280161 30.7851273337 31.199098851 30.7358590246 30.6989599201 30.591729813 31.1389584771 30.6227155948 30.6370075596 30.8688384303 30.9142506433 30.8908156951 30.8935922115 30.8269637695 30.8935902073 30.7113401311 30.9848577068 31.0150104631 30.5477538531 31.1006718593 30.7706004689 30.6511353422 30.8042729799 30.9564980365 30.7818008998 30.5353680256 30.8084898831 31.0904391901 30.7153559425 30.7253986017 30.8697193978 30.9031520698 30.8547606895 30.8438079923 30.9652559833 30.6750668376 31.154180396 30.9069413374 30.657210026 30.8953964817 31.1927442596 31.0118919974 30.6235874485 30.5076957737 30.6013731692 30.5013545576 30.8372360903
30.6406544562 30.7806133265 30.9050989131 50.4893505151 50.4893505151 50.4893505151 56.2776422738 31.0818393001 30.74544149 30.5695480797 46.4084427956 31.2045543 30.5585797063 31.0620701885 30.6002796797 30.6108401929 30.9579058206 30.5205688311 30.7088537755 30.8585240809 31.0834522358 30.5368240427 31.1172989603 30.5817880297 30.8119609836 31.1899912127 30.9176553189 30.9535134434 30.7060703547 31.1135733848 31.1057049818 30.8994487611 31.0282059291 30.901914824 31.0984940134 30.7940172948 30.9969119615 30.9462558291 30.9186719794 30.5123189008 31.1837261362 30.6085712373 30.5035103841 31.0387823284 31.1754375274 31.0980872066 30.9770047913 30.9753225071 30.6158498251 30.8488789502 30.5338352431 30.7653619893 30.5110641901 30.5800328834 31.1924189903 30.8060629411 30.6732502918
30.6621487746 31.1131616864 30.7509487448 30.6678737393 31.0076228338 31.037039016 56.2776422738 56.2776422738 30.7479323409 30.7345515263 46.4084427956 30.946902527 30.5663403652 30.907992649 31.1719104486 31.1654710377 31.1567057684 30.7534122288 30.9654966667 31.1685622838 30.6426220954 30.500129613 31.0049886894 30.737910957 30.6399879852 30.7503750429 30.943203521 31.0043577592 30.7842000284 30.6953418016 30.9582569893 30.7975637952 30.5290699371 31.0173238162 30.7858753788 31.0985267306 30.7116912605 31.1366751456 30.9272835355 31.203437701 30.9465234735 30.7967125181 31.0575515018 30.9230472452 31.015410143 30.5014960378 30.6492274619 31.0994559786 30.9896225341 31.0538910123 30.5752092796 31.0746391759 31.0025409813 30.7585561736 30.7202698499 30.7508150297 30.7572928937
31.1261804508 30.6429289115 30.7748807801 31.1085555098 30.5566299972 31.0831016707 30.6849682447 56.2776422738 31.1804341799 46.4084427956 30.6768878256 31.1232272816 30.9178237552 30.7116123787 30.8857208386 30.6035277897 30.8295976678 30.8890704791 30.788405673 30.8048698619 31.1355320856 30.6024867487 30.5199928096 30.5449369202 31.0890412016 30.5407570648 30.8412604057 30.503461911 30.9739566236 31.1406331766 30.5061297458 31.0727721723 31.0124308019 30.6386188138 30.7526693211 30.7476208489 30.9639215305 30.9766953637 31.1066372818 30.8561449803 30.5472978258 30.9021810395 30.513525124 31.0186913038 30.5887388658 30.8787238038 31.0996285148 31.1081604322 31.1462041844 31.06961453 30.7254961562 30.8525104835 30.646125672 30.9312232793 30.5412626091 31.0232464037 31.0398970223
30.8678908723 30.5565951168 30.9277191234 31.1736869628 31.0083546939 30.7860218138 30.7958715438 30.7155870815 31.1492997981 30.523104293 64.5002090574 30.6246848773 30.7317014312 57.9280284168 30.5905075811 55.1347611477 30.6594347041 30.5759241655 31.0374998509 30.5480166395 31.1447810654 30.8727124042 30.5747471696 31.1787853359 31.1173221125 30.7121915745 30.90953847 30.7157502336 31.1253537947 30.5744754056 30.9442445974 31.1137367319 30.9027982555 31.0509468747 30.7902109776 31.1956778115 30.6716763999 31.200958256 31.1601539867 30.9775867179 30.9638152448 30.6606387126 30.5958199749 30.8391074284 30.9942357024 30.5717072565 31.2008787482 30.652211772 30.6705989196 30.5566283261 30.9530043593 30.7793432913 30.5677689331 30.5645933067 30.8434862498 30.6473933756 30.6120384781
31.0906391424 30.9594675909 30.8456682893 63.7532473983 65.7707610777 65.7707610777 30.7040357934 31.2043866588 30.9784050029 64.5002090574 31.182995615 30.5373482169 30.9705983745 30.7209397889 55.1347611477 31.0234050965 30.7005251939 31.097179812 30.955557166 30.5545792615 30.8399117677 30.9983667163 30.593060804 30.7020490175 30.55214171 30.7508434861 30.7988803687 31.0423466617 30.7404217594 30.6443116178 30.8818314836 30.5441364408 30.9253253717 31.0550748354 30.7084168722 31.0007603307 30.7807368368 30.5208715091 30.8472454319 30.643207169 30.7566509931 30.7450881237 30.8285762502 31.1639913387 31.1904872519 31.1643447344 30.651246687 31.0593195203 30.7923542198 31.1691237027 30.9279328003 30.5362878041 30.9350959107 30.6544921564 30.5161880098 30.5281244657 71.8762318285
31.1656930925 30.6029024962 31.0364563668 65.7707610777 65.7707610777 65.7707610777 30.954729431 30.8798444274 31.181861172 30.8609152111 30.8511603822 30.9816546203 31.1491407427 30.5724629746 30.9428717899 30.5411071958 30.5606388893 30.8885809253 30.716541963 30.9946018536 31.1024867553 30.9168091494 30.9531686684 30.5046973939 30.5177607548 30.7228028635 30.8352517775 30.5650976636 30.6683393658 31.1322226461 30.5777928596 30.5135584118 30.914887319 31.1507577996 30.8947991378 30.6929319868 30.9074690352 30.6057136459 31.0234497709 30.8648042463 30.5829906975 31.0081045382 30.8996225765 30.7849169643 30.7241763315 30.6981913123 31.0787127563 31.1669692587 30.7514414643 30.7726186687 30.585038484 30.5312550993 30.7736425258 30.8022122267 30.8312994989 30.9953790709 31.049857936
30.7338767962 30.8696443509 31.1711952809 30.9983222674 62.5352353188 30.8492293652 31.2004724291 30.9489309749 31.1207240648 30.7594780891 30.8633721947 30.7289987805 30.6170566271 30.7626375856 31.1231217877 30.7722635883 30.8345040639 30.5453830419 31.008542706 31.1206155399 30.7292238812 30.7126230075 30.6055641831 30.8060382486 31.0811057249 30.7845337876 31.0936677211 30.9023808445 30.8554337765 30.9482384836 30.531062239 30.6794825192 30.5490494632 30.9043205036 30.792379433 30.9000680603 30.5573878641 30.9192122151 30.6179408635 31.1636032144 31.1278677839 30.7511685268 30.9973461276 30.8789390755 31.1535310167 30.6005391986 30.5241754355 30.8662967078 31.1469411362 31.0642357316 30.973133879 31.055709566 31.2041388389 30.9595353624 30.7833049685 30.9504064459 31.0062162119
31.1849601426 30.5539502404 30.7847888634 31.0749095909 30.8984214344 50.2548234151 50.2548234151 31.0157350593 30.7862939466 30.821351291 30.7568076372 31.1066619717 31.1506244372 30.805986218 31.1904115878 31.0682712028 30.6881471361 31.1030212608 30.7500787643 30.7934428862 30.921604207 30.9827833269 30.9724101216 31.1989810992 30.9371583966 31.2023213733 30.6672857256 31.1729946368 31.1896341355 30.7803169261 31.0397199223 30.6406219564 30.7655756394 30.7924050352 31.0527716549 31.1934281469 30.5356573568 30.524732084 31.2030537009 30.9425498106 30.5194161408 30.5658150066 31.1173392425 31.1172688545 30.5927596855 30.6675370648 30.9145045907 31.1811637507 30.6390182913 30.7137314344 30.6502995548 30.8932227152 30.5201590602 30.7676607116 48.2199736438 30.8418203803 30.5232833695
30.5747329705 30.8486534902 30.6408749658 30.6040265121 50.2548234151 50.2548234151 50.2548234151 30.6940758918 31.0174779858 30.920289758 30.9781086878 30.8661570618 30.7051419163 31.1963580703 30.9058788109 30.7682619862 30.8881060367 31.0937080728 30.5768832954 30.8913295197 31.1309433299 31.0337893705 30.8647500513 30.5832598083 30.8574536269 31.1513614897 31.0283771542 30.8468978954 30.5125697617 31.0455001109 30.6736930369 31.0575654612 30.6063499426 30.6502432136 31.0370474044 31.142925765 31.0449836553 31.1744347374 30.9338141994 30.6977024198 31.0129494769 30.7449582958 30.5994531921 30.7056940331 31.0022114864 30.8161808984 30.7358314728 30.9898469938 30.8048435257 30.8507194175 30.9838626304 31.09361962 30.9156096256 30.9617573643 46.0858876273 53.5040999295 54.0881862015
30.5493149148 30.826018844 30.5833573126 30.9333626154 31.0423403375 30.7552237239 30.8014335279 30.6419815714 30.6703777653 30.8735220552 30.8592845782 30.8733163033 42.943201534 42.943201534 42.943201534 42.943201534 30.5978260979 30.8254827066 30.6205097741 30.7029354697 31.0994122061 30.9290931956 31.0580194446 30.8903130265 30.7242127394 30.6412718276 30.8041231797 31.1522529899 30.5567098645 30.9229801885 31.1431119586 30.5449790587 30.730737909 30.6048174874 31.1814139684 31.1467020334 30.7533861294 30.6521843861 30.5741061503 30.5706791236 30.5695101303 30.8454935909 31.0626444907 30.6018613844 30.692683143 30.9653958392 30.7178863713 31.0499498926 30.7306517002 30.6157815531 30.5656935095 30.6842425541 30.5583430198 38.6673321434 46.0858876273 45.9213758529 46.3170525783
