Spatial_Output/BAU/BAU_0213.asc
NCOLS 155
NROWS 192
XLLCORNER 196307.867259
YLLCORNER 449144.565805
CELLSIZE 33.573938
NODATA_VALUE NaN
[rows 50 to 74 of 192, columns 0 to 56 of 155]
47.1253660389 46.6016461991 47.133121491 46.5919204611 46.603351418 47.2696096708 46.293614637 46.2009110995 46.6415060577 46.3960975261 46.8648412592 47.13351851 46.4211393599 46.2296813111 46.2520336445 46.4349355108 46.7129483023 47.0979206195 47.3417537041 46.825624591 46.0669515485 46.8121154188 47.1336583704 46.5861990988 47.3335057316 47.3848122622 46.4604539279 47.2894001866 46.3877155852 46.1589403306 73.7397896783 66.9303608075 66.9303608075 46.3243367129 46.8998975096 67.0110941248 47.3665966928 52.7420379201 73.4879711728 73.4879711728 46.5236025102 46.1533160767 46.6151886025 46.6678189489 46.8436400402 46.3277778708 46.33383587 47.1930943437 46.3274344695 46.9740474632 47.0824055208 46.1305837457 47.2989776963 46.1065858392 47.3535226563 46.0792095238 46.4211958683
47.0427409735 47.3393440218 47.1229223426 47.2393233801 46.2787219061 46.2507442499 46.2136289833 46.1340509763 46.7743682988 46.9036216565 46.4432681772 46.0001574511 47.3837574537 47.351741356 46.3531783438 46.0756489013 46.099975155 46.4617792079 47.3638824871 46.1648014512 47.1852333794 46.1967817758 47.0985613643 47.2509942339 54.9672930099 46.64297367 90.7737686898 90.7737686898 66.8548598736 47.1007828443 66.9303608075 66.9303608075 66.9303608075 47.3351586968 47.2033605549 46.4681336012 46.7534097814 47.1763936665 55.7029479985 92.7984828889 46.9065155187 46.7723928877 46.2375219079 47.1268105248 47.055773665 46.4018288878 46.3758170355 46.5819687699 93.1033314492 47.2464929576 72.6647766726 46.217163883 46.0279395231 46.5330274865 46.3859397158 46.1207053519 46.2025158074
46.7670008139 46.7720072173 47.3999641753 46.1483704971 46.3712135529 46.3328190349 46.6356045503 47.1439732914 46.4449841221 46.8061992505 46.4727118084 47.0734322743 46.3173985792 46.5350647408 47.2175960808 46.7980920936 47.2142296641 46.8471933 46.3952014311 46.8987005918 46.7288873853 47.1343657012 64.4515833345 54.9672930099 46.7376612855 46.5220973351 90.7737686898 90.7737686898 68.4792397957 74.8803448251 50.5827392318 76.2531918676 76.2531918676 46.7745416443 46.4653337182 46.7422406383 71.2282731235 55.7029479985 55.7029479985 70.9568694677 46.2898317758 47.4008685544 65.4887796334 53.2994609746 65.3118044755 47.136478669 79.2091728768 79.8491664685 59.3318082578 59.3318082578 72.6647766726 46.0693046998 46.9801402493 46.5402618519 47.2029742711 46.0301969525 46.3429383397
46.62699217 46.2734477252 46.7802782479 46.038285761 46.2082803346 46.6283673181 46.4135364174 46.8395747758 46.678108927 46.8268997467 46.5239047019 46.0233059453 46.4640116577 46.3079585884 47.2942214088 46.6404041885 46.544322015 47.3668043076 46.5508154468 47.2723023334 47.0796190407 46.0829583365 46.7405195146 70.4242956392 70.4242956392 46.0725572991 47.3317287413 68.4792397957 87.6822959709 73.6431012936 74.8803448251 46.1886479342 47.2084045615 47.4073954899 46.7816234169 46.3291731299 46.2224621724 47.3433341993 55.7029479985 47.0513690622 46.9126366625 57.120429261 57.120429261 65.4887796334 46.8202335279 46.7223457263 47.0796018929 79.8491664685 59.3318082578 59.3318082578 72.6647766726 46.0490177917 46.2282449487 65.2919226608 46.166398948 47.3879646633 56.0336892805
46.6472678827 46.3457514196 46.3063720545 46.7122030478 47.0994297164 46.8672322137 46.0752701807 46.2842752149 46.8693278066 46.1893507324 46.031122612 47.4096449261 47.1875877987 47.3657205458 47.0083385208 46.454465296 46.7383153646 46.3600086851 47.2521392012 46.1661907233 47.1889060114 46.3198111516 70.4242956392 93.7845914893 93.7845914893 46.4235005749 46.2934312481 47.2824097028 46.2610628231 46.8448308112 74.8803448251 47.3243662325 47.3069425015 46.8600097106 46.571651518 47.2373764944 46.6809710882 46.2147640274 46.2888027072 47.0418280631 72.272801656 57.120429261 65.4887796334 46.3513998762 53.2994609746 65.3118044755 59.8558288173 46.5381195473 93.3132586914 93.3601700943 72.6647766726 46.5166011294 46.1766878783 46.6380720506 46.1930387331 46.5538777836 46.0695761874
0 47.341082751 47.3508692838 47.1666208879 47.2336634965 46.766366822 46.5831956312 46.5354498493 47.3723182417 47.1646785956 47.1891807547 46.2706003053 47.2006440901 47.0551044821 46.3761623114 47.2085167173 46.1792422807 46.0703503829 47.221686837 46.2577211579 46.421336725 46.1161260225 93.7845914893 93.7845914893 93.7845914893 46.1074644384 46.9431481303 47.4120187213 46.7208834421 46.8329301707 46.1068864867 59.3692373186 46.3142599061 46.7476815147 46.9767253325 47.2296040994 46.835620479 46.8730627889 46.89340698 46.3852422396 57.3273004957 57.120429261 47.0714059964 46.490282292 47.4111885226 46.0507757622 46.1135660342 46.9066013503 47.1619851536 47.1047605683 47.2425441988 46.4350011842 46.3913165924 46.9698946908 47.1076702837 46.4665619409 46.0561988337
0 0 47.3469377986 46.2071525294 46.808846162 46.9844386492 46.562660256 47.0924072883 46.4368355088 46.3675918469 46.5195702148 47.1044174882 46.6812892567 47.3894675706 46.7468875248 47.3756789062 46.3803038028 46.12051955 47.0047216044 46.3817573139 47.267007134 46.9199586857 47.3035162877 69.9135892498 69.9135892498 69.9135892498 47.0814603325 47.3275546693 47.2289751587 46.9521815116 47.1248996447 47.3949465851 55.8794607741 46.7587724164 46.2019628502 47.0920292603 46.0469769742 46.1704614251 47.3316228967 66.3413171906 46.6711074379 46.4008623783 47.3505599786 47.160084805 46.7017044447 46.7449923478 46.4591931138 46.0797044433 46.8200514979 47.046009538 47.1218867647 46.7277201287 46.0338229997 47.308933259 46.4354050008 47.1300534808 69.8134779604
0 0 0 46.3173824424 47.0224893309 46.5235928207 47.3174628324 47.3871247602 46.6971500403 47.0008639659 46.7396561836 46.9372096836 47.2931298332 47.1426690473 46.2728166303 46.2965749286 47.2830957086 46.1812475533 47.3066940802 46.2718619233 46.5880118529 46.6340185147 47.1392031187 78.0757879976 60.1769129319 60.1769129319 60.1769129319 46.4627283462 47.0633043157 47.0997855942 47.3738996071 46.0216365846 46.5363478292 46.8718248743 46.1616724293 46.284966191 47.071140994 47.2292551645 46.7676099705 46.1922244672 46.3753906599 46.2977774765 46.3084519275 46.6492254985 46.2532671723 46.3761388531 46.6827015597 47.2478671513 47.2953658773 46.3073474509 46.8588469406 46.5516123223 46.0162811385 46.3204051183 46.7326319926 46.0738881845 46.3138997171
0 0 0 0 47.3831834118 47.1237886308 47.0452621553 47.3710934613 47.1641685287 47.3434952208 46.3586566833 46.6653735862 46.0395934159 46.7069668655 46.5153856741 46.1734267265 46.3843759684 46.3436610257 46.7820473633 46.837638771 46.9953312733 46.2479174168 46.8269195443 56.8934795221 60.1769129319 60.1769129319 67.3160833536 47.1894421641 47.2623550136 46.6967803279 46.7486803046 55.8794607741 55.8794607741 47.3149936142 47.2119022148 46.2954280916 46.8422786531 47.3062684889 46.1052102872 47.0261243862 47.2813321919 47.2446623538 46.4219060282 47.1445778552 47.0157186374 46.679771616 46.6674888459 46.8384571031 47.0098564598 47.224080079 46.04460175 46.4495421348 47.2103692577 46.4780220067 47.1917774952 47.1324971174 46.4095061253
0 0 0 0 47.3953475797 46.5515455851 46.0683406927 47.0130442443 46.3845582451 47.0586395633 46.3384410839 47.102305399 46.9221562247 46.7494989863 46.0176287294 46.6676200533 47.087280205 47.2255199644 47.3121446411 46.3070716896 46.8020314317 47.3688646198 46.5213230589 47.1106225604 46.8223885593 79.8525377872 79.8525377872 79.8525377872 46.3807402348 46.7793524121 46.5988422404 47.276967396 46.8613851867 47.2447560898 46.1925118208 47.0005469137 46.0523391707 46.6675147374 46.70957719 46.5002667933 46.583642018 46.3228941045 46.3300690974 46.0694351459 46.1189175433 46.4984062915 46.9115789424 46.0685379488 46.8520217098 46.903948613 46.4036304431 46.9088172376 46.6960672872 47.3722063677 46.0428168867 47.239775639 46.429096765
0 0 0 0 0 47.0137595179 46.3287792125 46.9667547627 47.0419347721 47.1884012663 46.7892780176 46.9399970844 47.2430535851 46.2582575956 46.5353605354 46.132945615 46.0483719854 46.9078750525 47.2759912612 46.2340548014 46.3920568718 46.5273015527 46.4900604378 46.781189863 46.5590783914 79.8525377872 79.8525377872 46.7500990275 46.8987774176 46.7911492481 47.2363530603 46.9103933818 46.0271152445 46.0485505875 46.4067680222 46.3004975044 47.3168960839 46.6681058692 46.4256459257 46.0708037019 46.3227760261 46.3139000195 46.5127411834 46.7536511417 46.8954122959 47.4068757123 47.3371247916 46.0149147549 47.2944578281 46.2615346679 46.7911342002 46.2527687393 47.1721020696 46.8437881731 46.5846313526 46.4227641018 46.3910784712
0 0 0 0 0 47.192647895 47.0401886615 47.0752135984 46.1034933397 46.1426892088 46.3169386363 46.0299780772 46.7515820432 47.2488357048 47.0203561303 46.8662001621 46.0142811204 46.1404700242 46.0643419228 46.5529192108 47.3543912792 46.4819424252 46.1461633213 46.7583265802 46.9749124093 47.4045466057 47.3150456764 46.1728733273 46.5785616625 46.9189159616 47.1282813009 46.4915860249 55.2143080044 46.6509415559 46.2119673121 46.9630184379 47.3586944117 46.4197690581 46.8032432933 61.3309287103 61.3309287103 46.1300700851 47.2023371148 46.6978097671 47.0156059471 47.3038423542 46.8161340651 46.2574359864 46.652232042 47.2164104738 46.1339313179 47.0292325531 47.32609472 46.3366767706 46.8606418453 46.4756657528 46.7530225806
0 0 0 0 0 46.3578697021 47.0045104027 46.513178989 47.1531309966 46.2027255512 46.3583749201 47.3298602364 46.1889060105 47.4058515078 46.3213802949 46.2528488266 47.1977187275 46.0122066356 46.1509419709 47.2760386547 46.4308346573 46.032106683 47.1126907409 46.6612383542 47.0980290992 46.0226575024 46.3225169464 70.4218743298 70.4218743298 47.2872752868 46.5686563062 46.5936710915 55.2143080044 47.0994095642 46.8613552337 46.4681082037 46.0729036961 47.1345578473 47.1321723519 46.2691268343 61.3309287103 46.3307805666 46.5775691341 46.6470193004 46.8998138093 46.5457824217 46.360426335 46.8338008248 46.7290603281 47.2837921452 46.7775525155 46.35504718 47.2805306843 46.6151546666 46.6198928724 47.1820210232 46.2023556036
0 0 0 0 0 0 47.3403034453 46.401567109 46.3792618952 46.8401988427 46.0481419009 47.3627064527 47.2294946925 46.6974160734 46.9558750607 47.1018041663 46.2775784517 46.4439036374 46.5232323965 47.1424222021 47.367303604 46.1735436626 46.7700441806 47.2451842012 47.0542437184 46.2575218627 46.7807307785 46.2122260014 46.7882161871 46.7894416467 47.1888678197 46.240685179 46.6662075792 47.3997441775 47.4019130471 46.1554282782 47.3114322456 47.0950620958 46.1973747754 46.5526069347 46.8087558659 46.1509027153 46.5280072411 46.6505110137 47.37218326 47.0246376289 47.3977685104 47.0856589297 46.6045294828 46.4342028482 46.3375500529 47.0550340033 46.8948670489 47.0405051936 46.8142525589 46.5667574907 74.6333852077
0 0 0 0 0 0 0 46.3234653477 47.2753737244 46.4592217241 46.3046954252 47.2902376796 46.4741439318 46.6476194398 46.7622150915 46.8586630216 46.4426458747 46.6752676474 46.2240701759 47.067086588 46.4662281584 46.2101086757 46.8864251195 46.1760532593 46.6679580403 46.0306539003 46.3319228998 70.4218743298 69.9634879486 46.7424703454 47.0396951742 47.3903037855 46.2045452798 46.4311684543 46.1361176616 46.4384722002 47.1334033496 47.3191480185 46.3258903991 46.0894707852 46.3952141536 46.8390344709 46.0887990154 46.6533452988 47.3050620023 46.9517520328 46.5418077084 46.2264322171 46.8033057687 46.4778216527 47.3922755228 46.7099329944 47.1794364752 47.0999747123 47.3625670967 46.7385561906 46.9585156028
0 0 0 0 0 0 0 0 46.7313125366 46.2509962006 47.3885998004 46.0080319168 46.2966696387 47.4076307817 46.0756690382 47.1421668099 46.41063909 46.7066750421 47.3568213669 47.209920702 46.4585946002 46.5703479739 46.3529448076 47.2943617306 47.2014684751 46.1621473936 47.2928773045 68.8332623872 46.5957802261 46.023187648 46.5185906965 47.3074658393 47.0310687436 46.6624253823 46.9182529323 47.162874186 46.5538461469 46.0614992426 47.0384208305 47.1058261203 46.9028982611 47.1257802525 47.1265541285 46.8226059719 47.1289856628 47.1645242835 46.8248934416 46.7243133133 47.1446803016 46.9651697456 47.3105212653 46.1704552428 46.1455785828 46.3785601142 47.3527687183 46.311205328 46.2132327585
0 0 0 0 0 0 0 0 0 0 47.1227082252 46.6584603758 46.2888718678 46.5560940587 47.3407236949 46.7741700076 47.1703619325 47.1254328413 46.7421759868 46.1630662849 47.1543894674 46.6915995591 46.503975166 47.1455974552 46.4676041975 47.1147925874 46.9985828417 46.6496866611 47.1126695403 47.0260230418 46.8260807829 76.0767839652 59.85150356 46.7831388762 63.1709660283 47.2660628333 46.1101688479 47.3023885997 46.0970373221 88.5369408419 46.5227103631 47.3381015175 47.0705524569 46.6319177004 46.1204176074 46.3856161728 47.012291154 46.8127850981 46.1860353233 46.4644157403 46.7638165554 46.5252782677 47.0008482309 46.364683409 47.0452378994 46.5308358958 47.1296174716
0 0 0 0 0 0 0 0 0 0 0 46.7928541941 46.8078416977 47.3862709544 46.7919654891 46.1894997337 46.662398744 46.4966397248 47.0263102076 46.450928479 47.3332945357 46.1376716385 47.2707924306 46.986570146 46.7215413763 46.694976883 62.013963299 77.0667775972 77.0667775972 60.8527465097 47.3289429886 47.1451495153 59.85150356 71.8271747154 61.2960385606 61.2960385606 47.3037986655 46.8906896068 88.5369408419 88.5369408419 46.5772110991 46.4875439064 47.4052531536 46.5613145891 47.2880338715 47.4115398001 46.728454847 47.0335832831 46.5733162343 46.7803108702 47.2875926212 46.8293921495 46.2465763864 46.5674455996 47.4122238796 46.6506656131 47.0604662456
0 0 0 0 0 0 0 0 0 46.4219296202 46.5952658418 46.0940410908 46.890401108 46.4008328192 47.1862885392 47.1990786439 46.4706297075 47.2232577818 46.0546301602 46.9930297599 47.3661513446 46.9490541854 47.3637178967 46.859991515 47.0383191684 46.2614344014 77.0667775972 77.0667775972 77.0667775972 47.0761434962 60.8527465097 76.0767839652 59.85150356 63.7612971187 61.2960385606 61.2960385606 46.472395108 46.794292996 46.3003100744 46.1681753827 46.0748926523 46.9517233699 47.4016727591 46.1643988936 46.4383411326 46.1864877855 47.2575580766 47.019226787 46.7376548669 47.3014943942 46.3667377163 46.1727249993 46.2812958251 46.178890724 47.18147036 46.3110353269 47.2760163058
0 0 0 0 0 0 0 0 0 46.0033983863 47.1273161855 47.2053260276 46.2319144091 46.0443534348 47.2848491997 47.2137771765 47.0313208633 46.1197968123 46.7758300312 47.0041259932 46.268704383 46.6703136875 47.3873592338 46.3549711087 46.6255045023 46.596731361 70.0788247841 77.0667775972 70.0788247841 46.6165554342 47.040569229 46.7537383285 46.4423757617 46.5984482959 46.3214955434 64.320127076 64.320127076 47.1345219475 47.3526119152 47.325173587 74.4726240329 74.4726240329 74.4726240329 46.2870104717 46.7633720163 46.015697149 46.6026843062 47.0992127911 46.5964962168 46.7288119253 46.5552279358 47.3762348301 46.2609506736 47.017064092 46.9699727815 46.034873017 46.5357534874
0 0 0 0 0 0 0 0 0 46.640677524 46.1402475165 46.3866181062 46.4241696727 46.8106499658 47.3837404983 46.3724475868 46.2168020446 46.2203664736 46.5966362242 46.1318770756 46.0416708829 47.3563035725 46.0561076641 46.6450422692 46.1218990063 47.1137342231 46.1738197277 46.4019812001 77.7046723585 77.7046723585 77.7046723585 46.9417464708 46.2037689639 46.0839723908 64.320127076 52.7174730152 52.7174730152 47.098220851 46.0246052617 46.9340885359 46.333651619 47.057263452 46.1810216342 46.290505467 46.8256143911 46.4151057413 47.0441398681 46.4376564905 47.2332197276 46.5127088324 46.5587900094 46.3533496839 46.3789068748 46.9012960042 46.1665856828 46.1531052245 47.1135007161
0 0 0 0 0 0 0 0 0 46.5708015611 46.6777082678 46.4504516867 46.4417062828 46.2495980303 46.617949833 46.467084326 47.1578258699 46.6545216156 47.1235394199 47.1106307155 46.7802939668 47.2144991074 47.2611737014 46.9160161743 46.7466355895 46.1388214737 46.5710797851 47.2929529835 47.4008800695 77.7046723585 64.292154294 47.2534166332 47.407687944 47.379774378 52.7174730152 61.7478879349 61.7478879349 46.3659090753 46.3776666711 46.8954162274 47.2208278975 46.5594471803 46.525658163 47.2193682552 46.7318247968 47.3103308538 46.5604364802 46.2740377436 46.4835274614 46.3504669796 46.6180051348 46.0026694226 46.6557147162 47.2266265628 46.0679937766 47.0810037155 46.4383403234
0 0 0 0 0 0 0 0 0 46.328687929 46.0495115598 46.861541271 46.5516337848 46.7783379644 47.2142044973 46.9217997147 46.2536973996 46.4032308707 46.8240259928 46.6932780495 46.0738532475 46.5239249812 46.8834800676 46.4519113907 46.3566682022 46.1252401995 46.0629055576 46.7219777309 46.620756119 80.8467789426 80.8467789426 80.8467789426 47.3136432765 46.5985656819 46.8848113999 61.7478879349 61.7478879349 82.0335609187 46.2626624564 46.5023185431 46.4037367848 46.2033270519 47.0888400314 46.7945407927 46.8516472319 47.1116108368 47.3413233924 46.1020922006 46.5797173159 47.1239966751 46.6716957795 46.2754015349 46.1127605521 46.6768433656 46.9678702134 46.2273709145 46.3570625624
0 0 0 0 0 0 0 0 0 46.569301427 46.8933895316 47.1597271192 46.685434008 46.0219639428 46.3439471229 47.3437560839 46.3808968621 47.3738154719 46.0611075493 46.8313501777 46.7006726075 46.495953307 47.172637282 47.1265692206 46.6720507496 46.7020810957 47.2981636886 46.282092992 46.2459433843 80.8467789426 80.8467789426 46.0777564786 47.1885276425 46.4379162454 47.1399063118 68.3303938067 68.3303938067 68.3303938067 46.9790483455 47.352138497 74.2384277321 47.071854837 46.9658816021 46.5962191255 46.5167589488 46.0688100919 46.5096160733 46.1308422154 47.3264591778 46.8731461576 46.8563362461 46.2843797621 46.1959158466 46.476493504 46.9091676636 46.7927559326 47.0088286583
0 0 0 0 0 0 68.3628347603 0 0 0 46.0060376319 47.077905258 46.9087053306 46.7810490311 46.990329373 46.3678535433 46.2913862308 46.6098959906 46.0210479478 46.2720693992 46.1801686873 46.9592642522 46.2788798208 46.5295431475 46.242430165 46.6489383323 46.0894184198 46.4293720946 74.4664182869 77.2517002642 74.4664182869 46.2812638497 46.3389991565 47.2099814599 47.0229203217 47.2739983365 68.3303938067 68.3303938067 47.1005314423 46.2809757173 46.1591346473 60.2245145773 60.2245145773 60.2245145773 46.880411194 47.3567754592 47.0963549649 46.1790539094 47.2143552855 47.0428024894 46.8299002067 46.838494478 46.09436362 46.9333777293 47.1826530993 46.1189012287 46.242333392
