Spatial_Output/BAU/BAU_0398.asc
NCOLS 155
NROWS 192
XLLCORNER 196769.923733
YLLCORNER 449719.875193
CELLSIZE 27.603701
NODATA_VALUE NaN
[rows 23 to 45 of 192, columns 0 to 52 of 155]
0 32.4782111953 33.6088505202 31.6653594178 33.9612932477 32.6745608833 33.4284203515 34.0518890023 34.5580503727 34.4144295878 31.7302687957 34.802864122 33.6544929789 51.025414403 49.0575701815 49.0575701815 51.7069186684 51.7069186684 51.7069186684 34.9856475353 33.7950278028 31.6705037129 33.1424025349 33.3846821473 33.6563416509 32.3433044711 59.2883434874 66.6152132664 62.5229770757 34.0470941873 31.6837787846 33.8075873545 33.9918754023 32.710382634 32.4720454207 33.3363258302 33.6986271647 33.3785319944 33.7130933487 32.4447699637 34.3592553335 34.8279308436 34.6984002527 34.8825783112 34.8060673456 34.1227170907 33.5514598091 32.7862623265 31.5364376369 34.5443029192 31.6014373324 32.0146887044 32.4697550689
32.1865865154 32.1085670835 32.6738628521 33.1915235125 33.3574095857 33.0010382946 33.2669896278 31.6438411122 33.5965135244 33.5437779137 34.4808784762 32.9135854337 34.0596441676 32.5938346 33.4186536875 33.6675671853 51.7069186684 51.7069186684 34.6910058311 33.1363818539 32.485021752 31.9268904152 32.4646742109 32.413193583 31.9940203758 33.6744137281 69.6058575004 61.9104783875 69.6058575004 31.958223059 34.3309839595 34.2056733269 33.0666779803 32.4610734139 33.8800873172 34.385563449 32.2095345173 33.1238057907 34.5598290166 33.4119624666 34.30769094 34.6811918896 32.5297953202 34.2602652084 33.3952410263 32.3491043542 32.7650329667 33.1533913987 32.0085246107 31.9867507584 32.751257027 33.2777103491 33.2426135699
32.6626611793 32.1546911867 34.7582292978 32.7001711504 33.6852778514 32.1292738271 32.4293590906 34.4642650873 33.3405421945 31.6852963789 34.6058775444 32.4233917001 34.1024729306 33.8862856441 34.514493551 32.6565863968 51.7069186684 51.7069186684 34.947227842 31.9089191917 33.4554076187 34.0470027119 34.562152437 33.9065904328 33.1474110715 34.9244314529 61.9104783875 61.9104783875 61.9104783875 33.1792185525 32.4920768484 34.8921764918 34.8313918146 33.7200489552 34.0848474479 34.9961198551 31.6181941494 33.7856806552 33.1558550635 32.5367892191 33.0586103946 31.6214497377 34.2826762252 33.6668597009 34.6958626202 34.6216318361 34.7611696664 33.5198120583 34.781373188 32.7374832606 33.4931325223 33.6846887836 31.950941266
31.8384330265 33.6254557958 33.9111117913 31.8520811954 32.4191190643 34.4941988105 33.5942645781 34.4771888942 33.425892323 32.8757361004 31.9042443784 32.1045131834 33.5858298669 33.0633071336 31.898362169 34.6085326558 34.9160397577 31.6056654788 31.7631447149 33.8313919705 32.0346401862 31.8852390003 31.9454138935 31.5946634909 34.0020853086 33.8780406397 31.590859083 61.9104783875 53.9271746019 53.9271746019 53.9271746019 31.9126980331 33.6229812553 34.5510772648 33.4721671818 33.0307498443 34.6785664097 32.559545825 32.5580394179 32.612442389 33.9188971237 32.2725929462 32.8997760097 33.3930801094 33.015508697 32.8429762176 31.625905786 33.0802575185 34.5557151355 32.7119338138 34.8055229126 33.1514946615 33.7522608345
34.6352924923 34.1969227293 33.2024951405 31.7246827958 31.9749996803 34.6492548415 33.7817832469 31.873081715 34.524744095 33.6402097182 33.7154193928 34.73742176 32.3489938804 34.6185316045 34.7571850728 35.016538174 34.6315361458 50.1721848547 50.1721848547 50.1721848547 31.5702183525 33.6729158899 34.3474447404 33.9967651019 33.9742161986 33.8834252228 31.5253548623 32.7717928836 53.9271746019 53.9271746019 48.5555339317 33.6186763722 34.5512247255 34.9258746935 34.4652867315 34.1835775261 33.9625266573 33.6642423534 31.6966133225 34.1603417212 34.5382788419 34.5768677095 32.9318456909 33.8703599778 32.4220847292 32.3951639356 32.3379028162 31.7923864844 34.4037228597 32.4242820346 32.3575539839 31.6578700137 31.9216972471
34.6049827433 33.2947407316 34.6701572388 33.9140208164 31.8294720701 33.6945478288 31.8238226499 32.204605744 32.0888768646 32.0114547963 32.1260715296 34.328863189 31.5710932538 32.4213435472 34.9310451173 31.7136519232 32.5571820329 34.9787277623 50.1721848547 50.1721848547 33.5693083789 34.4314194406 32.5464184014 32.2880548394 33.0833986414 33.7340197788 32.2784784025 34.177919654 31.765735141 48.5555339317 48.5555339317 48.5555339317 32.1436479557 32.7498535025 33.2868360606 32.2457905399 33.9658802861 34.5802990199 34.625320735 31.6834542294 34.0793857587 31.7356101003 34.858647275 32.4023872309 34.3665195021 32.3389135401 32.8053385116 33.2543141756 34.8068079507 32.9321476324 34.8787488913 33.6476668893 34.6106041815
32.7441199252 32.1230248496 32.454025518 34.4297245069 31.8376739895 32.8646150249 33.4703048027 34.0714588932 32.3312154768 33.8762695442 34.9192035398 31.9045483364 34.8606679075 34.0273519374 31.5943590336 33.987738019 31.8283929986 34.5413402696 33.4087789049 65.3179416333 65.3179416333 33.7907322506 34.5045310871 32.8547870465 32.2898151374 33.9261881001 32.637985672 34.5452612842 32.8716502172 48.5555339317 48.5555339317 47.0405852329 47.0405852329 34.9823068988 34.775550023 32.6786887469 35.0010596579 33.9967364109 33.4169810325 32.3650440879 33.7999891445 33.4543564257 32.5538705109 34.3880757086 33.6308619735 32.4932098082 33.8700441549 34.1180939182 32.1120192178 33.6254793719 33.3700049275 32.8403426242 31.6171662282
32.5231351735 33.6355229986 33.5598426549 33.1711802046 33.6701288167 34.3658433446 33.8182303579 31.7873325211 32.9687423033 34.2178769105 32.650020909 34.7723583957 33.6188679883 31.7910230543 32.4535040372 33.7315339337 32.3786354251 32.4015450632 65.3179416333 65.3179416333 65.3179416333 31.6892923499 31.8877278577 33.8983536598 31.6696541533 33.2217984423 34.2581083019 32.6041593959 34.2829305596 31.9200034662 47.0405852329 46.7464222404 46.7464222404 33.7761897018 33.6659174112 34.0551947803 34.8416413969 34.510618616 33.53066737 32.8402865074 32.1753671448 34.3703893213 33.9938078474 33.3240035246 33.4254414641 33.2975467297 34.357066148 33.2846346569 33.4251638357 33.7415674397 34.02524704 33.8957653873 31.8896351622
34.0356357116 34.741421099 34.5684779807 34.0762041231 33.6227049108 33.5019296035 33.6572548006 31.9823099993 32.642610515 32.9140203324 33.1339734232 32.681336298 34.385084457 32.8443008765 34.23235093 32.2908388544 32.439912116 32.083415718 34.9584193837 34.1046862656 66.2974410971 66.2974410971 33.5077271138 32.6640047162 32.6430867476 32.1466985116 33.9521918171 33.7289339085 33.5041367022 33.1214611341 46.7464222404 46.7464222404 34.1509436605 31.7067090349 33.8662240624 31.6866614524 34.4065370546 33.5235275857 33.9729479461 33.4380335017 32.8399350713 35.0112664288 33.3848659308 34.4955922525 33.0841023935 32.8708872952 31.9310416448 31.6880186181 33.1563468218 31.9550161157 34.5100587395 34.8380477291 34.1395322878
33.1189209765 34.1400626797 34.8983009151 34.6828603698 33.6126876926 32.1424293 33.9499732371 32.7894921368 31.5716888417 33.4154901188 34.7002181098 34.4048358731 34.5423767627 34.6943262263 34.6497755307 32.5695137007 31.6858113267 32.6890362765 32.453921074 34.220075438 71.3458375606 33.9526441144 33.8033294033 32.1430407327 34.0589593744 34.081284342 34.072930333 34.7443093092 31.833295568 53.4102470845 53.4102470845 32.1143563928 75.9160591638 32.8921449511 33.2965299095 33.6361084268 34.3031018567 32.3237975447 34.69292382 34.4141653941 34.2941826101 33.9183634487 31.6361628197 35.0339561652 33.5481321857 32.3540204653 34.3026513361 34.942853792 33.2770243546 34.3366799538 34.5964925816 31.813304923 33.1479809152
31.9211914217 31.5121458621 32.6447268707 32.8785887175 31.8072749725 34.0226925814 33.0416713919 34.7846252893 32.7568841956 33.2043875983 34.9043909312 34.2325267894 32.7699492397 32.4171987985 34.9717176183 32.3537013111 33.142439375 33.6993062475 33.0731099007 31.6776914214 71.3458375606 71.3458375606 33.0471490464 33.4059800506 34.2381554215 33.1681096253 31.9762061276 32.1248572953 32.7841056688 62.7997080109 62.7997080109 62.7997080109 34.442130866 33.9262016219 31.5503792778 34.977077427 34.5228360769 34.7263772425 32.2283949378 33.4051980761 33.4093892485 34.7295571586 33.5117921421 33.5624685672 31.7989789842 34.1105217753 33.2674458011 33.642525127 32.4114736822 34.3750865858 33.3945850118 34.8342808448 34.9293799872
32.9644339268 32.6109896176 32.8512918044 31.6735783518 34.2844262068 32.2659945743 33.7735070789 32.4196960663 31.9256831262 32.4911978596 32.9138479418 32.8325047313 34.4349040249 34.3193440282 32.3819017707 32.3226027237 32.3356574125 34.1698685483 33.4728089479 34.649581615 71.3458375606 32.6416488097 34.1981571151 34.3458625863 33.5174986905 32.7887872565 32.6509956332 33.2104136359 31.8519788953 62.7997080109 62.7997080109 62.6295202905 32.7747481806 34.7890198993 31.8843855002 34.2045971096 31.775442879 33.6860333739 34.5859056242 34.8610808097 34.0259767665 34.9037307745 32.5387011144 35.0202010658 32.7268495724 34.3773964364 34.7953857655 31.9649731275 33.789973489 32.0341781207 31.7912505751 33.1624486452 32.0789772152
33.7292940469 33.1993412024 33.8164952299 32.5376599782 33.3446158351 34.0866633376 33.84596909 33.0126108198 31.7014266553 32.7242690667 33.4687366824 32.6486032409 33.7510542764 31.7089011951 32.4910614594 32.3016199677 33.9861049628 34.7935577575 32.4848633502 34.7928308065 58.1017202787 58.1017202787 34.8390326131 33.908953738 32.8805704704 33.1944837011 33.1190409999 35.0085565163 34.9563769401 57.8969107017 57.8969107017 57.8969107017 34.2990055219 31.8304931728 32.4267250593 32.2239536235 34.1947361986 33.8368408975 34.9624887666 34.1270164962 34.54133426 32.4632289041 34.8695971692 33.5611371377 31.6779484119 33.0589235403 31.8419929402 32.8425176541 34.3013979846 34.5724528287 32.6459241503 33.5605418141 34.962556929
34.4256865167 34.8741221616 33.0903517821 31.7879007141 31.8344776913 33.1048748717 32.2589626499 31.9295619667 32.9315655107 32.7488656774 34.7850459524 33.8008761892 32.4069623632 34.0574298471 32.3329926523 33.5359009159 34.8206980219 34.3324572181 34.4268258414 33.2689628721 32.6785626633 34.1885450782 32.0986177345 31.8289932446 32.2994635664 32.8391156547 31.59781818 34.1838649445 33.1422929483 50.3992577907 50.3992577907 50.3992577907 34.2167333384 33.2015650984 34.6171919396 31.5260567951 34.4320800971 31.9532371841 33.9135147754 34.3434035335 31.9221801463 31.6149822192 33.9065728104 31.6342033378 32.1660913434 32.1082946987 32.8233961086 32.7723119593 34.0476255992 31.6924328707 32.8553442213 34.1061423713 33.0010511135
33.8763146781 33.8066063385 33.8345886003 34.565485103 32.357395502 31.7015210245 33.1654875108 32.3967585017 34.3790815607 33.6386777024 31.6641027375 33.2023535339 33.3385663533 34.2368504638 33.4715727142 33.8252037113 31.6521170731 34.997296658 34.763821467 33.3056103953 34.9462695933 33.4229398354 71.2566391603 31.6027529081 60.7100942393 60.4661610762 34.10066351 59.3564002497 33.9226435525 33.4136481247 50.3992577907 50.3992577907 33.3179931578 32.6354501399 32.8895652051 33.3796921166 31.7493645639 34.4158391228 34.2999743384 33.3470446827 34.5822010437 34.1714205068 34.9167751048 32.1449539715 32.898072373 32.046525652 34.8587423303 33.7221691966 33.6183626816 34.0992894972 32.5275272938 32.0280065145 34.5625754724
31.5323271471 34.9615072767 34.7614722435 33.8684970496 31.8303443708 31.6588735117 34.6562189275 32.8921699027 33.1971644823 34.0361537248 34.3430760247 33.0545634975 32.3917156169 32.6066253766 34.0286311241 31.6840926539 33.8455114971 32.3316112981 34.8682723373 33.9436642723 69.8395755044 57.5044262024 57.5044262024 60.7100942393 60.4661610762 60.4661610762 59.3564002497 59.3564002497 34.9392846697 59.2928847107 50.3992577907 71.229260531 34.5356808521 34.5587123815 34.6675088389 34.9796158329 34.7333435697 32.2366787206 34.1325965745 34.4916176291 32.6948961912 34.6263929844 34.0336339785 32.7768926406 33.7273314007 33.7785019039 32.3099327495 31.8056377841 31.9242874419 34.3179389883 31.8819126304 34.3825086931 33.4674247234
32.0986510998 32.5778111486 32.7478887077 34.2867688459 32.6725046996 34.6641645605 33.7402258781 33.7416859241 34.9786901996 32.6685915216 33.6392773851 33.2386770918 34.7725514315 34.7443771168 34.663425383 32.3674779716 33.1879905905 34.1027508614 34.8862197591 33.0883171621 69.8395755044 31.818802321 71.2566391603 34.0177140518 31.5142481693 60.4661610762 59.3564002497 59.3564002497 34.631990158 59.2928847107 59.2928847107 59.2928847107 32.7628424558 33.5291572901 32.5350697657 34.5556600487 32.8217567011 32.637247628 34.5974139817 34.4974843965 33.9230932432 34.8851412092 33.0600273993 34.2076666673 33.8106141379 33.9640103945 33.5650092211 34.9441846268 31.7144766795 33.4326482224 34.4262225599 32.8254304111 32.8092847146
34.9954895999 32.2797605622 33.6795104649 33.9552051781 34.7722175291 34.368197315 33.7259460148 34.1554425745 33.9698838458 34.2740244872 32.1492613217 31.6875352692 34.5928510974 31.9971251941 32.1044766625 33.0164723304 34.3497739486 32.3647557709 34.1794095943 34.342679751 32.397876591 57.3332547406 57.3332547406 33.257330127 32.7225886794 33.7749300948 33.5925366054 33.0802112316 33.7107977053 32.137153585 62.3153511117 31.6233029179 34.3243327248 31.9630008584 31.7824541229 32.7667104144 34.7331511749 34.4807487495 33.7658161974 34.9473366764 32.5730958227 33.1781013074 31.6674903656 32.7827842023 32.102729218 34.805966323 34.976239708 32.7570244885 31.8132190348 34.3069364643 33.6955613491 33.6363493661 32.124587891
31.9152352417 33.8656415798 31.7668441829 31.8459964498 34.9570123363 33.3607908398 34.8683900149 33.2802855029 32.3334101008 31.8286326058 33.0190713023 33.7135259726 33.4867197826 33.1098335406 33.1236123175 51.462740172 34.2896655645 31.5039689425 33.6258354949 32.8529171422 32.5769513888 62.9720759384 62.9720759384 31.8130052422 33.6585640849 34.0731324277 33.3598220078 31.8300328061 31.5272328829 49.0127369064 32.2111895988 34.8788116849 31.9808683406 32.7616868088 34.9197088527 33.8862176284 31.9430488741 32.5226239044 33.7795814777 31.6415963037 33.232707872 34.4606094834 35.0297443137 32.7880664625 31.7639961799 32.5909758193 31.913420276 33.7847768767 34.5773466993 34.5232001036 34.1794682012 33.2355511904 33.0065924044
31.9299187841 33.9336191089 33.4302819854 34.6301856338 32.7929830787 34.3632044764 32.1691087025 32.9445301276 34.8869259529 33.6708383861 32.1713013962 34.7119488595 54.6311295084 54.6311295084 51.462740172 51.462740172 51.462740172 51.5634926195 31.671993631 44.6260745677 44.6260745677 48.8737543486 62.9720759384 70.3459551303 58.7450692654 60.512587786 31.9328028564 34.7546257137 51.2850861006 56.9167192335 56.9167192335 49.0127369064 32.8350930533 32.0673685988 32.1400899266 32.8050933235 32.5196095858 31.7774914053 32.0276254357 31.9143015556 48.8685852856 33.6328707598 32.0585530502 33.5716358054 33.9751798992 31.9988365216 32.1676501127 32.0394556165 32.935784304 32.4043915732 49.769069811 49.769069811 62.1395101572
33.474618387 31.6052070338 34.2816707573 32.0543180404 32.2237077405 34.8149801505 33.7628205805 34.2980435705 35.0064384743 33.4500646183 33.8917377915 51.8861404504 54.6311295084 54.6311295084 34.5570652945 51.462740172 34.6987792686 34.1898514794 44.6260745677 44.6260745677 48.8737543486 48.8737543486 88.2554619096 70.3459551303 70.3459551303 58.7450692654 34.1047703128 31.6787052401 66.5339681048 56.9167192335 56.9167192335 60.2591336555 53.3004100977 75.3521931126 33.3257021357 32.0695898894 68.1950487728 68.1950487728 33.8960128741 33.7385337263 48.8685852856 48.8685852856 65.1281083699 32.1796077351 34.0718399397 31.9887335696 32.0687610376 32.9298453114 32.3648357576 55.8356355776 49.769069811 49.769069811 49.769069811
34.3043748256 34.4317460041 33.3157995591 33.5757992763 33.2176536061 32.13470316 34.9968362259 32.8563897315 33.9702264426 33.3835553483 33.4419534025 31.6700311561 80.8043192155 33.4148969622 32.9277088306 31.9223229033 33.2943428939 34.6334970083 32.3418034409 44.6260745677 48.8737543486 48.8737543486 88.2554619096 70.3459551303 58.7450692654 58.7450692654 34.7007240124 57.4807276903 33.0857520712 50.7005527373 60.2591336555 60.2591336555 53.3004100977 75.3521931126 75.3521931126 55.3067836352 68.1950487728 68.1950487728 56.7203364645 33.0433265499 48.8685852856 65.1281083699 32.5961452817 34.5559310801 34.111359929 33.3751698586 32.5455868533 31.6952072545 32.3076247167 31.7990545955 49.769069811 49.769069811 32.2505374099
32.8562381784 32.67721266 33.8290911747 32.6374463662 33.5953208281 31.7691897497 34.5484950991 32.2825761053 33.6502728558 33.722307292 64.224892877 34.8684193398 33.2492959459 33.1393879862 34.9158318467 33.9705586655 33.8801089066 34.9171124476 33.514448198 31.7856746849 32.9700482454 63.6856885494 88.2554619096 63.6856885494 58.7450692654 56.7221262082 31.9822647423 33.7118515635 34.4884387534 49.488378409 60.2591336555 48.5786108141 34.6110516562 75.3521931126 75.3521931126 34.5047569377 34.423670766 68.1950487728 33.4227052749 33.0507498241 33.9481221416 33.776369325 35.0260701366 32.9356343926 31.9834405836 34.7920858586 32.3309517836 33.4055621304 33.0291013335 32.9545231306 33.6113089718 33.8243771548 33.6891149768
