Spatial_Output/BAU/BAU_0034.asc
NCOLS 155
NROWS 192
XLLCORNER 196307.867259
YLLCORNER 449144.565805
CELLSIZE 33.573938
NODATA_VALUE NaN
[rows 26 to 51 of 192, columns 57 to 113 of 155]
46.1148900489 45.2382589417 46.3663025819 46.3246231105 56.5384225794 56.5384225794 45.6116564472 46.0311105395 45.1372194041 66.4498085683 66.4498085683 45.8445036559 45.314871404 45.0659603488 45.3855457305 45.0031080632 45.5038049872 45.4669907248 46.3046307425 45.6433616952 45.7085149929 45.2739331945 45.9763590772 46.2632905366 46.4138012641 45.9313686077 0 0 0 0 0 45.0731981734 46.2023469707 45.2714204813 45.2887745799 46.2538117637 0 0 0 0 46.2625695738 46.204144353 46.2232880657 45.5710302792 45.9252567278 45.313390957 45.0183367096 46.0399776162 45.6905937638 45.8658185939 46.256510356 45.1306221798 45.0421740469 46.3277400863 45.2339562992 45.8754382769 45.713980238
46.0116839564 45.5968207211 46.3167991579 45.2774480713 64.2598805007 82.1521538376 82.1521538376 82.5490312531 82.5490312531 66.4498085683 66.4498085683 45.8682906699 45.9906034745 45.7645292411 46.4089352014 45.5167943562 45.9556980684 45.1629771296 45.2421349557 45.1249299223 45.4531825191 45.0553831244 45.9510958418 45.9627120576 45.9247299559 46.0084969084 45.3775286303 45.7352227674 45.4524440303 45.8188495734 45.2249312447 45.4177877677 45.1721436454 46.2878369309 46.0719157238 45.0317431098 45.4805701816 45.9805071088 0 45.2712990068 45.2608995869 45.2579277363 46.2373473855 46.2525366184 45.2425516025 45.3189402804 45.0217946781 46.0959080776 45.8853238362 45.0663129825 46.1625454551 45.6023133539 45.2685504677 45.7125347682 45.8557505287 45.6673409884 45.9967960882
45.8361008249 45.4644048315 45.7022079794 45.2727835984 59.7932441951 59.7932441951 82.5490312531 82.5490312531 82.5490312531 45.6662747864 45.3324463261 45.1269597551 45.8119279981 46.3893891204 45.0873847989 46.0809147918 46.0815275697 45.3694826416 46.2910191992 45.316262586 45.7354493826 45.7967557433 45.6016862027 45.804644936 45.6207019596 46.1477790103 46.0657833145 46.0445122832 46.3785266046 45.8419709608 46.3783205957 45.2594869039 46.3308875834 46.2485215073 46.2208934683 45.3091121753 45.4334756776 46.0635025534 46.1100940841 45.5935902416 45.2881608788 45.0435365784 45.833970191 45.1388593154 45.2482755165 45.7676214606 45.9421783824 45.6413064974 46.248765787 45.7443060549 45.4702610182 45.8745026106 45.7535521 45.5068143952 46.1235413762 46.394332505 45.3141360841
45.0334407872 45.1643785562 46.125882743 59.7932441951 59.7932441951 59.7932441951 45.5727754636 68.8421229167 63.1048792647 45.3284388984 46.1911782818 45.6775062934 61.5956802973 46.0989860437 45.9763976497 46.4029425541 45.5639579976 45.4168038246 45.2259552313 45.7756951816 45.8980694878 46.129440733 45.7496693648 46.2302514256 45.9855007765 45.9199564263 45.669848667 46.3850434024 46.2123072945 45.8080498803 45.0372747409 46.0384066411 45.8024126501 45.6849413449 46.0013386582 45.7664000607 45.1551018561 45.7640432036 45.9604998086 45.3043037672 45.9810331988 46.3295320844 45.9658475695 45.2422328327 46.1695392551 45.5156857374 46.3518430636 45.8219024962 45.3425826765 45.899000301 46.3097968152 45.2759591781 45.2862978363 46.3656026514 45.1108062318 45.8646103205 45.5349053562
45.8261547426 45.5680699505 45.697488523 45.65194153 46.2544725203 59.7932441951 45.0909320475 68.8421229167 57.9353253977 57.9353253977 62.9344312808 45.8735049093 46.0624906036 45.8295296849 45.5066789239 45.6960532824 46.2469862066 45.6060728138 45.4280702542 45.2513927195 45.5865784882 45.1810536583 45.6808665511 45.8984146287 46.0810145196 46.1373317514 46.0367122579 46.1520463318 45.197946188 45.6555284798 45.9289533325 46.0658631715 45.3933093228 46.3303214059 45.3259982033 46.0817692411 45.2374554084 46.201961305 46.1379804113 46.0744412598 45.3186068388 45.2450689437 45.1992311321 45.8947039403 46.3930586781 45.0570676376 46.2240438758 45.2700545141 45.8692799259 45.7283006788 46.3115443479 45.239067837 46.1988884651 45.228182055 45.6653568336 45.2035598551 45.1592920835
46.0284554465 45.409227008 46.0922459487 45.3708173428 45.3375839544 81.8370898127 81.8370898127 45.9591311227 57.9353253977 57.9353253977 45.6751636302 66.5858370194 45.3608842314 45.7994944863 46.2016899793 45.6694272804 45.7658586622 45.0949197053 45.9418992385 45.7279553292 46.0397973779 45.4359397996 46.2981036721 46.1736310153 45.181002232 46.1891841288 45.8498764027 46.3548536964 45.4744326692 46.2373586405 45.0509893557 45.2712345939 45.7870983998 45.0425888437 45.0685590662 45.7469673795 45.2736256317 45.6363474074 45.4362894463 45.8505277483 45.818158187 45.2811342264 45.2024629688 46.0458204629 45.3166644512 45.7865529318 45.8711145019 45.4779493176 46.3012797636 46.2698009911 46.020660292 45.4311434253 45.528923698 45.4861093561 45.3038423009 45.2636970741 46.1439447898
45.5023201826 45.5425059874 45.3353699959 46.3111222552 81.8370898127 81.8370898127 81.8370898127 68.245726514 46.3012129783 57.9353253977 63.1311333759 46.0154207678 45.9198867641 45.2425716879 45.1554541392 45.0706732456 45.4580441757 45.3033296705 45.8900250715 45.8946638696 45.1599320775 46.3432637389 46.1789778112 45.4688501798 46.3817718099 46.2689983099 46.2779277209 46.2016654338 45.1701603069 45.0538914166 46.0535008113 45.9254926107 45.286414879 46.1098401069 45.2587512594 45.0058721063 45.5888070127 45.7596575315 45.6001499802 45.8794873618 45.6107080219 45.6941325223 45.1728584292 45.0820966508 45.0749476447 45.305487165 45.7023650291 45.2474501975 46.2498475565 45.06795076 45.3588206765 45.832233843 45.6389313793 45.5879462043 46.3865479999 46.0373603943 45.4061391753
46.0038117624 45.9060020994 45.1067611143 45.2202630417 45.1370100198 45.8262456115 45.587846874 45.0788379266 45.2535077189 45.2312811129 46.29250273 45.901851073 45.8949294752 46.2607798646 45.1344626568 45.432496691 45.7855286786 45.4743655772 46.0190272125 45.3494373524 45.2564760409 45.3790471663 46.281548899 46.2084612851 45.2307861191 45.3303960988 45.7996799556 45.8778125245 45.1549357721 45.8572020754 45.7331854961 45.9607599639 45.4504022796 45.848894872 46.098362023 45.4590413149 45.5686437092 46.3170890379 46.3564937555 45.4358265803 46.1084092798 45.6547302267 46.1785581095 45.1277424369 46.1796108557 45.7510475172 45.2931095291 46.1695029696 46.3910812333 45.9460103786 46.4052882638 45.909277739 45.7532087932 46.0681681213 45.4992904614 45.8868553751 45.125478965
45.7668318122 45.8912656486 46.2854034706 45.9901415822 45.8066857097 46.1401092304 78.5730898708 71.035556657 71.035556657 46.2414427646 45.619615436 45.1849169041 45.1758619191 46.4010439403 45.0022765619 45.1178903767 46.40904706 45.5996249987 45.4454624349 46.1211739977 45.9792052551 46.2693584659 45.4242078548 45.1043677644 45.8068406674 46.2035683088 45.5210555679 45.0751606111 45.5617848389 46.18813072 45.3981142741 45.8375861896 45.378082352 46.1305828041 45.5610314431 46.1495155895 45.0287388556 45.2366184368 45.1028548839 45.4195919184 45.2532282498 45.9765592104 45.3115389229 45.2024683695 45.9322247297 45.892949835 46.1615624817 45.8725450481 45.252131209 45.7415084443 46.187235884 46.2987955285 45.615773382 45.7761771192 46.3618614176 45.4259980311 46.0668234348
45.892541205 46.2746516019 45.1232861251 46.3191549941 46.3687346399 45.004314465 71.035556657 71.035556657 71.035556657 45.7018587316 45.3364672312 45.5246406177 45.8456582286 45.6110189448 46.3168658467 45.8273750819 45.6685502074 45.8198708852 45.9071227953 45.8183666669 45.0885142768 46.4102496932 45.8555348611 45.6436672916 45.3630851931 45.1815640099 46.138945727 45.3803851806 46.0294195355 46.014804659 46.0802571276 45.6394651937 45.0385171275 45.4395626402 45.3936277323 45.3773696071 45.0475614255 45.912879066 46.3472492141 45.625914853 46.1503398027 45.655249988 45.7336399011 46.0644399422 46.1665891134 45.9599409159 46.0364651661 45.9650027629 45.2012357537 45.2556146868 45.8954767172 45.4382745526 46.2328369603 45.8315763888 45.8749784487 46.1457573402 46.2034226088
45.0139853156 45.0454234399 46.3722149824 45.6783598013 45.4631497372 45.2261453024 45.5909309189 45.5147400038 45.0755624496 45.1696603309 45.0615567922 45.5376921938 46.2530996869 45.8864254076 45.7948303879 45.7136739869 45.6852254904 45.1794664225 46.2750728658 45.7174727524 46.007417681 45.8651017783 45.2522720024 45.6697170506 45.2197987824 46.2694104755 45.3791943328 45.066390431 45.3140251723 46.1098001377 46.0894081404 45.520490083 45.1781078208 45.7563334526 45.8912290111 45.1273193496 45.0741304532 46.0525606615 45.1941008846 46.2750476209 45.2138874084 46.1227756307 45.3067260711 45.3475710664 45.3866450265 45.5481018579 46.4140967209 45.9637973335 46.337854278 46.2705652101 46.406959345 46.2768757699 45.9157640089 45.6061185472 45.1659211507 45.8852242034 46.3922326042
46.2004443244 45.7444309805 45.6224859243 45.9980092695 46.1789016955 46.3038005187 45.0127469716 79.4880863369 84.3470991713 45.8998025282 46.0029697791 45.6780821474 45.6229974259 45.4785348587 45.1937431254 46.4080853119 45.0127288155 45.9469301682 45.1804692562 46.2940164769 46.3358447952 45.1579312765 45.8095921513 45.6305838596 46.1502476448 46.2382415642 45.9501995146 45.9750653879 45.450015287 46.2225115122 45.7516110407 45.2469425248 45.219488302 46.2470129915 45.3300111725 45.0799863038 45.4561748889 45.344926585 45.5852737599 45.6866944769 46.3163472005 45.903776244 45.5402184388 45.7790920856 46.110177948 45.9100848708 45.3803522747 45.9878564624 45.8273832298 45.289950557 45.2513504756 46.1060258472 46.2523433566 45.4187740623 45.9229388049 46.2306726405 46.2559625353
45.3718919007 45.5254996591 45.9554482498 46.3721186821 45.7437846042 46.0501628205 46.197654556 45.3681763232 45.7308807003 45.2415353856 45.7785249426 45.5462834004 45.6252549411 45.3537024102 46.399574248 45.3987937286 45.3131620311 45.1047080876 45.774528716 45.4722271473 46.2674037049 45.6466381366 45.9149530573 45.8819267655 45.0344024686 45.0539666599 46.3768541704 45.2304990295 46.0322095032 46.1884132102 46.0215026464 45.5904453057 45.4707348231 45.0246150011 46.0244145684 45.2424188424 45.5466526572 46.0200293866 45.3436390354 45.3212804741 46.1312782586 45.0174889058 45.5085026976 46.1765956697 46.1273055798 46.0011583968 45.2697064868 45.2092815354 45.819399948 45.0408314861 45.6494615445 45.8403465853 45.6531348392 45.0483190966 46.0001580319 46.015417238 45.8394655175
45.2041077846 46.3244082965 45.9012373537 58.7202932181 82.2312003739 73.3216789458 45.9273168086 45.7837230007 45.3051161095 83.7464178285 83.7464178285 46.2014952622 45.2617324734 45.4315629136 45.2496524649 45.8699480066 45.0930172036 45.7693587416 45.3592359096 45.8323953702 45.1534546827 46.0643863416 45.4037461182 45.2168684987 45.3964636859 46.1191424263 46.0577830356 45.1044265207 46.0114974301 45.9815300016 46.256564744 45.6149209706 46.0666039637 45.2181655022 46.1513756848 45.7626890775 46.0080593953 46.0463408389 45.5525126485 46.3151529515 45.114262047 45.4674880391 46.1295505491 45.192694567 45.4471364757 45.5321801882 45.5235433226 46.0364740263 45.8568287384 46.025683971 45.9140810705 46.3826321124 45.4960239014 45.507517519 45.9568121961 46.0178608592 45.0312166966
45.9430173392 46.1633979786 45.1267233804 82.2312003739 82.2312003739 82.2312003739 45.2669501676 46.0507187886 45.6821240813 83.7464178285 83.7464178285 45.0136895861 45.8766344415 45.5723972214 45.5838190381 45.5494482047 45.6048930256 45.9509487838 45.4881542127 45.6060528971 46.2116801581 45.8118721156 46.3558696523 45.5823766772 45.5125349347 45.4115628473 45.0168362909 46.118217918 45.9860979447 45.6968963348 45.5241797824 46.0835867996 46.3028884955 45.1002492285 45.1657295273 46.0377628518 45.0548804439 45.9334753209 46.1555453362 45.4095019402 46.348119085 46.2377748988 45.1819275422 45.836787993 45.7044118936 45.024743011 45.0801986882 46.2297951053 46.1982014394 45.3647321165 45.1139860368 46.0893692531 46.0724406577 45.7897577246 45.9839782025 45.2835878582 46.365148667
46.0365735482 45.4326082619 46.0254482883 72.568338472 72.568338472 72.568338472 45.0396730066 46.0449283529 46.1069486845 46.0919853898 83.7464178285 45.8953949588 45.4360444422 45.1038974393 45.1847219549 46.3106636308 45.6437912033 45.8118542819 45.5296982758 45.9427761738 46.0580406875 45.5001657682 45.4182464188 45.1616854383 45.728611967 45.4368620215 46.2718308364 45.4456300028 45.2263817143 46.1964768567 46.2614657242 45.464426759 45.1608363825 45.3754249726 45.2007472794 45.7224640092 45.0325055139 45.0699065783 45.4783471616 46.0462036493 46.2408448651 45.1788988185 45.0412852819 45.2143262558 45.4433968054 45.445131939 45.3053382937 46.2523157575 45.2488755135 45.6254081876 45.454623769 46.1318992055 45.1682092467 45.5594340312 45.873346017 46.1677218203 45.6215312992
45.8676605915 45.8608638457 45.9490564696 45.3698113234 45.6942415581 58.268067125 68.2444946138 45.2075722804 45.8564966065 45.7001335093 46.2030820511 46.1475657775 46.3047030078 46.0821647862 45.5910478402 45.9397586482 45.7464399853 45.8055108008 46.4120573519 46.050135108 45.2855575028 45.6619656099 45.4674823836 46.3112336263 45.6401933171 45.228824823 45.0947194134 45.4447640165 45.7048011367 45.4543755154 45.1083194773 45.2499296397 46.2031972817 45.646414514 45.7876121524 46.05852071 46.1356076243 45.0628929227 45.9195084672 46.4035370543 45.5814493399 45.2847496248 45.5114434801 45.5066941226 45.7359755171 45.4962951079 46.0363025751 45.1800652163 46.3209400954 45.7024810455 46.2198137838 45.7254185068 45.130016281 45.2288835818 45.379268288 45.3632134446 45.2417756036
45.9040614759 45.3866245542 45.3519659532 56.6292802471 46.1532090531 58.268067125 46.285617644 45.4221051844 45.3125586369 45.8827415961 46.1189348796 45.5547127485 45.3234065586 45.8370148736 46.3952258134 45.9191255268 45.1501252814 45.2310406478 45.6938279998 45.6998431244 45.4912030171 46.0879064251 45.4552720408 45.551795642 45.2094872714 45.2964384139 45.0071515403 46.2964670697 45.5866346811 45.2052660243 45.5549580312 45.6517335607 45.0504039725 45.7006849008 46.2474094558 46.3804350649 46.2482365567 46.0549491652 45.5632780163 45.5479222773 45.071492744 46.0897359799 45.8516108212 46.3840509164 45.7699360339 46.0448938075 45.40428038 45.6622224183 45.0097544589 46.2145565957 45.0903141345 46.0023380012 45.3185332539 46.3961052116 45.588545176 45.3289362572 45.5408599423
46.1448077581 46.1743999315 45.1796158309 45.7595793229 56.6292802471 56.6292802471 45.0053610151 45.6264183565 45.8369930126 45.3124028412 46.1406919103 45.9383843521 45.2029525533 45.9081267968 45.4352227004 45.0793140999 45.2253971634 46.4008853547 45.509458381 45.836499061 45.6524957134 46.2845349659 45.8957204106 45.7361112493 45.6949023803 45.7980781613 45.8336298266 45.2531560442 45.3685762665 46.0360205893 46.0237363578 45.8165394436 45.129369295 45.3477332252 45.7964039274 45.0233858106 46.3165250727 46.1706258705 46.2754348422 45.1660025485 45.6869572875 46.0045375923 45.2785955011 45.9011415373 45.7429085928 46.242097717 45.9395763423 45.9217344549 45.36924661 45.4983162202 45.957971786 45.2975418575 45.3350892513 45.0596101318 46.3534351076 45.1504668085 45.5145280336
46.2968831467 45.6074235868 45.3994504542 45.7124323809 46.0086569739 46.0784561612 45.2089439991 45.6054626301 45.5146356611 45.489195951 45.8163438773 45.1636453667 46.0741879392 45.1422327055 46.1922058081 45.7829545351 46.4020091925 45.8681849166 45.6024248653 45.4678938278 45.6632825119 45.7458888453 46.2762642132 45.8324957777 45.7515810873 45.2044164343 46.0672155363 45.875207585 45.1603977146 46.1893728705 45.932703411 45.7884455667 46.1050840024 45.0839071213 45.2996019818 46.1561795804 45.994737947 45.2741752797 45.4453691767 45.3964350949 45.8546337502 45.5349910892 45.7864580224 45.7754539859 45.5195297239 45.7859001553 45.7976163974 45.1290146245 45.2753851765 46.3826046515 45.7767504245 45.5337533234 45.6527589901 46.3937447 46.3506325461 46.3440978624 92.9208654739
45.7079544617 46.264795022 46.0009577457 45.5635355172 45.5046873889 45.6831668249 46.1022777474 46.0655127043 45.4912464783 45.1272121665 46.1994088611 46.330702642 45.5839231997 45.907366812 46.0713777286 45.178800813 45.2159976447 46.000045605 46.0884634946 46.017848436 45.7132662945 45.2889102255 46.2408808912 46.3063383299 45.5208364304 46.1067851695 45.513066043 46.0446670766 46.4139132982 46.0323914114 45.2396014669 45.6187845952 46.1634643633 45.7272544441 46.051937696 45.8177938529 45.367056629 46.3752894649 45.9320572906 45.4869858079 46.303753694 45.120897112 45.5103981012 46.2759835893 45.037831167 46.3017820429 45.8167598221 46.3423940122 45.700684681 45.4562353683 45.6062667605 45.2494480803 45.9460881226 45.0699425235 45.6664167825 85.4788708272 85.4788708272
45.1022291286 46.3746865016 45.6755724437 45.9123074327 45.3460550091 77.1793062531 45.0448282764 45.6951992255 45.6418840448 45.0363357963 45.7831947066 45.9375295879 45.8711907993 45.7729340656 45.4249935748 46.2382401411 45.7795701003 46.1410138852 45.8133276472 45.7756070824 45.2153735975 45.1935285662 45.2051888877 46.3766822846 45.5802162024 45.1929722174 46.0536349822 45.5902515435 46.0470261572 46.0687328928 45.4435150688 46.3367078029 46.2128313101 45.7101737605 46.4012761448 45.4796140504 45.1662638541 46.1333683947 45.1766235047 45.8389001774 46.1653380248 45.8156694738 45.5064246454 45.1423726157 45.4273995826 45.7721236305 45.5151523446 45.5808469006 45.4392627456 45.4803442574 45.3940577773 45.4752643162 45.124541842 45.7020789088 45.6119543561 45.8755841073 85.4788708272
45.3283313261 45.3579476901 45.6672169852 46.2897438522 46.1613312824 77.1793062531 77.1793062531 77.1793062531 45.5375008377 45.5096400586 45.444321754 45.6187614758 45.4078049512 46.2763568771 45.508588399 45.4447466169 45.5204415161 45.8183130569 45.167063787 45.3386782455 45.9348826999 45.5700396548 45.3175353291 45.6702107621 45.1979313534 45.4022975537 45.6391661213 45.521676343 46.3298187946 46.3205456782 45.3035756094 46.3360550331 45.9929140681 46.215175327 46.1588065014 46.0374503129 45.7030794005 45.8339379457 45.9693909325 45.8589854083 46.1334294005 46.1460449549 46.2987778006 45.4624012341 46.408669811 45.5607978633 45.6308858491 45.1476700666 45.0366780126 45.6139578462 45.021839782 45.9822122155 45.4780496443 56.4727690281 56.4727690281 64.1248047658 55.964869004
45.390311797 45.8635865896 45.0983830832 46.0969784777 77.1793062531 77.1793062531 61.5980890952 45.8872117695 45.8415517344 45.6702177057 46.0323140015 45.1686415545 45.0542950313 45.5506631206 45.4202637911 46.2604059327 45.9520096397 45.125801763 45.5026461525 45.4242397764 46.1753759743 45.2651443074 46.3361686542 45.7225679367 46.2721279009 46.1902510362 46.1446961546 45.6217791646 45.724792147 45.6247212338 46.0028634546 45.1318710124 46.1202531567 46.1858902609 46.3819112084 45.9740795822 46.1272545994 45.1144657087 46.0417097281 45.3330301323 45.7237429492 46.200416703 45.7835833189 45.5718729668 46.1869082704 45.3553533516 45.4380102385 46.0339180951 46.3093867771 45.1755896618 45.2238805372 46.1980352466 45.5346740247 45.7790267836 56.4727690281 66.8743379147 65.1997626229
45.802519036 45.249052386 45.963960487 45.2872469992 45.9625471764 46.29140816 45.6385158619 46.3590729737 46.113912748 45.7946068183 46.3641759194 45.6086348347 45.5702551875 45.1093410356 45.1867948796 46.1471777269 45.0162185513 46.3105068891 46.1422329891 45.9239365786 45.9446602419 45.2234865153 45.9650606744 46.2793046984 45.4497116959 45.2209768901 45.8769996365 45.6722021252 46.3234427797 45.3422780142 45.0735916478 46.3409694782 45.1057001526 45.4186140503 45.0708354607 45.224683006 46.4128852997 46.309167352 45.8123113085 46.3542890299 45.8608162512 45.6828567767 45.385769815 45.5724814493 45.7494999571 45.8845748086 45.333497349 45.0565533339 45.2286983195 45.3680712337 46.363881083 45.393923212 45.9320576485 45.443040681 45.2478266636 53.9041290236 58.9341114846
45.3055545161 45.5829438253 45.8511632236 46.1800687149 46.0846102469 45.9588901473 45.4247588483 45.6871975541 45.9060326028 46.2424799043 45.864815868 45.012559952 45.220347723 45.006253332 45.4758123767 45.0598643997 45.6677860051 45.2283194359 45.7561431751 46.2179580852 45.6295670846 45.3946720388 45.6161836584 45.3208719875 45.2113314165 46.2086894007 45.8733201946 45.4687860205 45.2865810703 45.9736219345 45.5393996316 45.8685286382 45.0572375365 45.2094326359 45.0563267516 45.0765662352 45.6549792548 45.1893122446 46.0376575988 45.269430236 46.2800628593 45.0993281629 45.3702268149 45.2388894321 45.9356325771 45.1518641677 45.737489124 45.7245170061 46.0273793147 45.5009194523 45.7365529547 45.4793705814 72.8238933721 46.4126029013 63.2087826171 45.0053587815 45.9980471362
