Spatial_Output/BAU/BAU_0677.asc
NCOLS 155
NROWS 192
XLLCORNER 196769.923733
YLLCORNER 449719.875193
CELLSIZE 27.603701
NODATA_VALUE NaN
[rows 0 to 22 of 192, columns 53 to 105 of 155]
28.6661287998 28.3800134574 25.3295164648 28.1451597824 25.8019543888 26.3132629914 25.5186051579 40.7938295278 38.8633134602 48.6400003281 26.7473426415 0 0 0 0 0 0 0 0 0 0 0 0 0 0 0 0 0 0 0 0 0 0 0 0 0 0 0 0 0 0 0 0 0 0 0 0 0 0 0 0 0 0
25.1428312943 25.6787110686 26.8541765661 26.1524494766 25.2728946198 25.6818241116 28.3266746859 43.9568523318 41.6881870799 37.9931731015 25.6691769884 26.9408339438 0 0 0 0 0 0 0 0 0 0 0 0 0 0 0 0 0 0 0 0 0 0 0 0 0 0 0 0 0 0 0 0 0 0 0 0 0 0 0 0 0
28.7256313909 25.6324750377 27.2018105724 26.5780222047 26.5036888409 25.8660299859 27.942879561 41.6608661483 43.2014637343 46.5966372893 27.938125086 25.3498363765 0 0 0 0 0 0 0 0 0 0 0 0 0 0 0 0 0 0 0 0 0 0 0 0 0 0 0 0 0 0 0 0 0 0 0 0 0 0 0 0 0
26.7241257504 25.7062832204 28.2015341612 26.9715797762 28.933367904 26.4717559769 27.9089485829 25.8255477361 29.102067296 28.7484533947 26.6106713467 25.6953941129 28.2259308278 0 0 0 0 0 0 0 0 0 0 0 0 0 0 0 0 0 0 0 0 0 0 0 0 0 0 0 0 0 0 0 0 0 0 0 0 0 0 0 0
26.7991240157 26.7579691827 28.3182781205 28.5524727589 26.8898254969 28.3513584049 29.2100329498 27.9340730506 25.7571785461 28.3275666049 28.3083838005 28.9695598067 26.9419110153 28.9419297225 27.7601773881 0 0 0 0 0 0 0 0 0 0 0 0 0 0 0 0 0 0 0 0 0 0 0 0 0 0 0 0 0 0 0 0 0 0 0 0 0 0
28.7678761139 29.2180007409 26.8286940744 26.0777599715 28.7073412167 40.4506378492 40.4506378492 27.3251389463 26.8518904844 25.2053033661 28.9769752466 28.3034579218 25.4452374083 27.0796050073 26.7608131774 26.2678692227 0 0 0 0 0 0 0 0 0 0 0 0 0 0 0 0 0 0 0 0 0 0 0 0 0 0 0 0 0 0 0 0 0 0 0 0 0
25.7489027802 28.544216602 26.4727980193 29.2144012287 50.7043731008 50.7043731008 50.7043731008 40.4506378492 26.494193977 27.1385987566 28.840915181 27.358000801 29.2384160875 27.4615223457 25.9647270119 26.1129811516 27.1675024706 27.070829707 0 0 0 0 0 0 0 0 0 0 0 0 0 0 0 0 0 0 0 0 0 0 0 0 0 0 0 0 0 0 0 0 0 0 0
29.0695911881 25.5115425487 26.6956197013 28.2303794651 25.6812622398 50.7043731008 50.7043731008 25.1574058126 26.1621128757 26.8648558958 26.5443554909 25.9824932689 28.0010409873 26.1345012652 29.1531471407 25.407206568 28.1362910422 27.7161792222 25.4271388232 0 0 0 0 0 0 0 0 0 0 0 0 0 0 0 0 0 0 0 0 0 0 0 0 0 0 0 0 0 0 0 0 0 0
27.1069237987 25.9941481635 60.7629815401 28.0043829485 28.5530875897 28.7590290441 27.5006184289 41.5794146084 28.9501954553 27.9457573426 27.3109215367 26.7155830907 28.7752666443 27.5531961433 28.8611153158 26.4395790603 29.1561032988 25.0464246572 27.6775382676 27.7215711209 27.1775543955 0 0 0 0 0 0 0 0 0 0 0 0 0 0 0 0 0 0 0 0 0 0 0 0 0 0 0 0 0 0 0 0
25.7602438337 27.7581438025 25.581512139 25.1936018442 71.5201140318 71.5201140318 28.5552266631 41.5794146084 27.1067708663 42.6685787019 25.2642598694 28.2314041432 28.0306790466 28.3725985782 25.0438536988 26.2729998973 27.6030340746 27.1158986731 26.2593238885 25.5991775707 28.5540043027 26.9180765256 25.379998416 26.2393095619 0 0 0 0 0 0 0 0 0 0 0 0 0 0 0 0 0 0 0 0 0 0 0 0 0 0 0 0 0
28.6395100448 28.1893587676 25.8406605555 25.4895371412 71.5201140318 71.5201140318 41.5794146084 26.5932412024 25.2679299633 27.3214578268 27.488695078 67.1806901765 28.5380579622 28.4443067022 25.0370103431 28.449192611 26.4085722301 28.7905389401 27.5525958462 25.7025300255 28.7458571686 26.5547093956 26.9617107859 28.6151756196 25.7988647509 28.9479686342 26.4077481567 28.0143538202 26.6411686388 0 0 0 0 0 0 0 0 0 0 0 0 0 0 0 0 0 0 0 28.7701714426 25.4023962744 28.3790317081 28.7386997013 27.3914162596
25.9181404221 28.488751429 26.9498446148 29.0633193646 71.5201140318 28.5442527101 26.081360813 28.0170588511 25.4344823778 25.860326247 67.1806901765 67.1806901765 26.0600595155 25.8887602762 25.6084498639 26.3229475639 27.5492209471 28.7878005879 27.2390843751 26.8408235471 25.4785767835 25.4271001667 27.3829522183 27.7947552882 26.7883043811 26.7897923046 28.9751654406 26.2894027172 26.638848277 26.5958556013 25.3309662562 0 0 0 0 0 0 25.0468452913 25.8546735534 28.0054948394 26.6353777388 26.1616677998 0 0 0 0 0 0 29.1065155135 28.3878168867 25.3520158267 26.8435642494 26.9493166621
26.919705196 27.1735479434 26.2429108482 29.1340251357 26.4678031906 28.31252602 48.9737336882 48.9737336882 42.6954845036 25.7349983292 67.1806901765 67.1806901765 45.8961504023 27.547294714 27.9872305247 27.8725497177 25.2880282859 26.5703715996 25.2365700533 26.1684875853 25.1877637798 25.4497347762 25.2439369525 25.890958381 27.2072078444 26.5796943581 28.2920847616 28.9891297024 26.6196389959 26.1539405689 26.2695095868 0 0 0 0 0 0 26.6973339137 29.1540492925 25.5565274496 25.6180464698 27.7065598691 26.8158903378 25.8662929492 26.8406144328 0 0 27.3937324527 25.3079371421 25.0280916104 28.6066604156 28.6405876723 28.6209858582
28.7846187351 29.065272313 28.4289584945 25.6816946276 42.1784759775 25.9721439957 48.9737336882 48.9737336882 42.6954845036 42.6954845036 46.5366046608 28.5316804835 45.8961504023 45.8961504023 45.8961504023 27.0100479183 29.0501113434 29.1431798373 26.6951031691 28.4201155258 26.0044197219 27.5256924976 25.8250388168 26.2453583255 28.5517575036 26.1927320618 26.6420027842 25.3872525725 25.9440250872 26.2472766161 25.3563953489 26.8136092064 28.0021652491 26.6199530076 27.3251623342 28.223060431 28.5377845551 26.9247496846 26.647695596 26.9513550071 27.1238931365 25.5318522077 26.0464940642 25.6718333347 28.2822765807 26.2932485662 28.5752411809 28.1687311355 26.6399593494 27.1225193238 26.019547849 29.012962559 26.2670942366
27.014219646 26.1340379714 25.9830039348 27.861310657 27.0855228723 49.8783842559 49.8783842559 27.8657773316 27.1944489165 45.3852052455 28.6021884648 27.1369590813 44.8998396952 44.8998396952 27.2218762844 28.9615788055 28.5385084596 29.1160311677 25.9719188355 27.1380471389 27.2424483103 27.9806258966 28.4145829799 28.6563404248 27.7599836691 28.1032390772 27.6607600855 27.4571594792 26.8043569757 26.5881526828 25.0239391016 27.5794500649 27.8795424002 27.6292689389 27.4859641611 27.5333668143 26.2011392378 25.9117368399 26.3447443306 25.1618941263 25.5508413407 28.4212139788 28.8745073056 28.9454109384 26.7964331653 26.9441149962 25.1577951148 28.7695001585 25.5344416021 25.23592958 25.8027583634 27.939972834 25.111949587
25.5500880603 28.2378056728 26.4659410891 25.0119118576 49.8783842559 49.8783842559 56.742061372 29.0390939911 25.3965987503 27.3332133049 72.1193234785 72.1193234785 44.8998396952 44.8998396952 28.4485730323 28.7015145814 27.709113583 27.5791980005 27.2181913949 28.6235568507 25.1244880639 26.0474126235 26.4861453446 26.4805545422 28.096158019 26.8058987931 28.5665200674 26.4626193236 25.9492021183 27.9301204844 26.9817823751 27.8438236347 25.0184635761 26.8920221136 28.1622767657 28.7896148472 25.9369932758 25.036506861 25.3000922694 28.121120868 27.4318154321 27.1522832244 27.1934828404 27.2071048889 27.1747600157 26.9768350527 27.4734104603 28.7175981144 25.9924772695 28.6430321844 27.3824243515 26.5045263978 26.311509033
28.9283123987 26.188552432 27.4450073445 26.0696458981 56.8399613419 49.8783842559 56.742061372 26.9969909237 29.081501053 72.1193234785 72.1193234785 72.1193234785 62.3520178838 44.8998396952 44.8998396952 26.9987458086 25.7681687073 27.1245906175 28.090164346 27.9578272143 25.1708115264 27.5326338594 25.6122821121 26.8278710213 27.7387655231 29.1442606947 27.1733595571 28.7455388469 25.3422364139 27.2012949251 25.9347384218 28.9004902027 27.6863060755 29.073654507 28.3644269417 27.9430230817 25.8892934578 27.2870482788 25.2027049304 27.5875149588 25.6626350293 25.3408966865 28.5817262851 28.2185939993 29.0050945945 26.8294790917 26.0603557103 26.0078990659 26.7804618813 28.9455197489 25.8533053568 28.8320076131 25.5136264288
25.2584221455 27.5448613173 25.3275912382 27.5404621429 27.692047972 47.8613354885 47.8613354885 47.8613354885 77.821989528 26.040439103 28.3202133427 62.3520178838 27.4484765755 26.4131193875 25.9821658311 27.1005862905 27.7108098228 25.234090794 27.8443458982 26.1994640536 27.0342868791 27.3111074499 28.3768503647 28.9079679325 25.8475987365 25.1648340071 28.9818141807 25.6237111656 25.4986266233 25.5003280388 29.1186464994 25.6398312256 27.2686329164 27.1984241192 27.4036342893 27.4912321511 27.5317266789 25.4262314605 25.8661545503 28.5280189153 28.0412397295 28.4236267073 28.9890540546 25.027494368 27.0275221248 26.0800308062 28.7332700658 27.4361326799 26.1320511345 25.3581663172 27.6572611039 27.877559126 25.0319121555
26.8083757637 26.4521097461 25.4014165805 27.973146642 26.7468276559 25.4888597899 26.8193760966 47.8613354885 26.2762484071 29.0060658736 25.4015261556 28.9054553455 28.3485751966 27.1600663704 27.9362630839 27.4908999006 25.1087313996 28.7559824223 25.0691698414 26.4671616954 27.8887056069 26.3886389544 27.9869919269 29.2168514087 26.8756845423 26.1547379744 26.6231300363 27.590822025 28.2244187175 29.13352924 26.462774437 27.6037049935 27.5228677025 25.5713913378 27.8704052189 28.0529460053 27.2135439657 27.2190490687 26.696650708 26.24848891 26.282677072 27.0608744555 25.7100139245 27.3366572031 28.1297578311 27.8605024965 27.0080353794 27.7070753917 28.5844436404 28.3318102778 26.9584695252 28.5163331066 27.3959497583
28.3169135734 25.6850068663 25.5775697921 26.244338752 28.7639635356 28.0478511402 28.9386262949 29.0896637571 26.0567816211 25.0164156378 26.8181645767 25.4490961475 25.4272696948 25.5883127049 27.2551012845 27.3329891238 28.8877330787 27.8183009582 25.4510063083 25.9401718248 27.7018135645 25.9258363698 27.7990694265 28.8492530565 25.8152290355 27.9328567588 27.6258386407 27.9309031709 27.7550555219 25.170932367 27.7420077631 25.7407423638 27.8192279465 25.1911663662 27.9335009611 25.8605476992 25.1610469674 25.8923983291 28.4746086023 28.8859143822 26.1258699399 26.7816120244 25.1982028539 25.8137938395 29.1341999119 26.0914173809 27.17512516 26.0683405973 27.0543451029 28.2745765396 28.6423282768 28.0017306622 26.7445223882
25.7976129388 26.1221917503 27.4042108839 26.9636225578 27.2323672131 27.0255342961 28.8323990184 26.8195573468 26.7542006257 27.6080202651 26.3607152705 28.3502879968 26.2827282605 25.4076191808 26.6853175513 26.2790511398 25.7024302261 27.6982938245 27.5043191691 28.7881424594 26.8404999816 25.7518255817 25.0846166725 25.3900579013 28.3828588372 27.8030943951 27.9830124119 25.3721546096 27.602581647 25.0298512925 28.6203023272 26.7131589566 28.6282669476 28.8239132345 25.0660624407 26.5201870821 28.6832399387 29.1510526581 26.9882716271 26.9175687258 28.5743663428 25.2234046207 25.7768880231 28.1439021706 26.1028149549 26.6869704083 25.2132950746 25.0269822765 26.7991519432 27.8271932345 26.5727352671 28.1766233878 26.5105889815
27.4078738572 28.976848912 28.1171216597 28.1852026083 26.2317626414 26.0308337961 28.5647093927 26.7346390977 26.9734284485 29.1837819492 25.2045313328 26.1581808031 25.9712626288 25.9216249832 26.1040922964 27.738614017 25.2509077727 27.1976178177 25.277563429 26.5262904614 28.7863614568 27.6414461028 26.6732988435 25.491898612 29.2045848108 26.0150284215 26.3631125659 28.8118572576 27.6065557762 29.2175707901 26.8069738268 26.878090361 25.5116225327 28.2066521082 28.2775178544 28.0030613792 26.849846592 27.0417669696 25.6971564788 26.7794467252 25.263890883 25.7349070675 28.987804002 28.411566214 28.810842456 25.9414614619 26.6550898135 28.7574309011 28.2898710392 25.5682071673 26.1593562154 27.6835136852 25.7845803228
27.1304221427 28.3853140229 29.1265368911 25.8988359514 28.4667708863 25.6469715752 25.7307552493 60.8943971516 61.0262851593 61.0262851593 28.1787852033 26.8720140289 27.3591202953 27.6116972472 26.6252690608 26.6743564588 27.3941686363 26.9200524568 26.4846628807 26.3627869342 25.3779967147 28.4578518747 25.0032061347 26.9328541056 25.0049127234 25.1858152613 27.9464460293 25.9337813566 26.0136501526 27.8738773852 28.554913832 25.9220821289 28.5208201604 25.6330922438 26.3712183538 26.2898039365 27.8301633074 27.0181588839 28.5594090568 25.916924254 25.540065966 26.3542003085 25.7176516678 26.808931777 25.1563335959 26.9874896506 27.7799171539 27.0116034711 25.0188642893 25.5635460648 25.8331493039 27.3552763913 25.1106931239
