Spatial_Output/BAU/BAU_0460.asc
NCOLS 155
NROWS 192
XLLCORNER 196307.867259
YLLCORNER 449144.565805
CELLSIZE 33.573938
NODATA_VALUE NaN
[rows 150 to 174 of 192, columns 57 to 113 of 155]
30.9916428886 30.59142106 30.7664594244 30.8458373361 30.976418935 30.9869136093 30.5429840828 30.7545621671 57.1392898636 58.2109074289 56.5936720861 30.9206961862 30.9998077469 30.8937499657 30.5522172247 31.1209583175 30.989140651 30.552624087 30.8608785562 30.6029420552 31.1314241268 30.56193606 31.191778628 30.9987071378 31.02343499 31.1425041344 30.6963300377 31.0884523975 30.7882623379 30.7662824205 30.9970080091 31.1565173791 31.014207191 30.5567685609 30.7933522607 30.577846199 48.2562972045 48.2562972045 30.5230816953 31.0024587766 31.1381543901 30.5435442363 30.842632527 31.0538753659 31.1630178391 30.5972038961 30.8620572246 30.9135382126 30.7839294468 31.1103094537 30.5292956193 31.0456409764 30.6684668257 30.9855532204 30.8304444546 30.8497804995 30.8758614744
0 30.6963872191 30.7237902809 30.5610007649 30.6649513157 30.7315645885 31.1589126438 31.0583974643 48.0715773003 55.916933767 52.6016091455 30.6559716117 30.8157362558 30.6316256363 30.8194279617 30.8482015063 31.0508464042 30.5299820411 30.8420621464 31.0889948177 30.5646091391 30.8957032042 30.8327490585 31.163673213 30.9762860267 30.5392205817 31.1264834572 30.8117033777 30.5496667121 30.5687108299 30.7077713235 31.1519655961 30.8613543353 30.9615550521 30.9152400756 48.2562972045 48.2562972045 48.2562972045 62.9077622101 31.1053212851 30.7587654112 31.1048779119 30.5571195666 31.1022019389 31.1069162621 30.9169628624 30.9430343539 30.7256396637 30.7071246248 31.0915677473 30.6156345447 30.9211984047 30.9659083514 30.914345347 30.76629799 30.9760748464 31.0458406558
0 0 0 0 30.6928975196 31.0674471184 30.6352670007 30.8075142953 46.2827133794 51.7382510156 60.9364149383 31.1836408548 30.6452183942 31.1255584339 31.1904287488 30.6548733847 31.1935525511 31.0788724564 30.9271641807 30.7268941679 31.171695358 30.5513165223 31.1057033875 30.5971513612 30.904415939 31.075017735 30.6924099226 31.1185765554 30.9369181429 30.7832348981 30.8474273701 30.8238771771 30.6493117142 30.5366971535 31.0472834726 30.7241442004 62.9077622101 62.9077622101 62.9188744451 31.1896530794 30.8070123535 30.8306558833 31.1020791399 30.7752870885 30.9280067351 30.832817835 30.5126610402 31.1265290291 30.742358516 30.5780595169 31.0125314647 31.0917021325 31.1298332367 30.9107867342 30.7989701264 31.0798973769 31.120806823
0 0 0 0 0 0 30.8329337777 30.9260877881 30.7051004748 22.7501616348 22.7501616348 64.481681987 31.003642137 30.8766450382 30.9987832169 30.6522467372 30.587283001 31.1134444697 30.8297839666 30.8126382353 31.0177303097 30.8183533163 31.1653385478 30.7365344575 30.755914178 30.9739055651 31.19764226 30.5524426443 30.8191358157 31.0292400159 30.6313493164 31.0685743798 31.0808932607 31.1156653528 31.0946872199 30.8300063059 30.7842928367 63.0509110026 50.5111851717 30.5443648396 30.6937477923 30.5530672371 30.7968908498 30.9527392018 30.5537548955 30.592288934 30.7850165692 30.7782076319 30.6312776427 30.9708391087 30.641330298 31.071290738 30.6599632965 30.8960729049 30.9956395643 30.8163061067 30.6864634511
0 0 0 0 0 0 0 0 22.7542690018 22.7501616348 81.2531371051 81.2531371051 30.5824934946 30.9080102785 0 0 31.0106786136 30.7767116744 30.981679866 30.6507705254 30.5321900865 30.7534047722 30.7955987057 30.822089256 30.7365334018 30.55059762 30.5458171186 30.6811908383 30.9173612926 30.8251949316 30.53000068 30.5628136498 31.0685718247 30.5519324911 30.9391930461 30.6320231925 30.8845660577 50.5111851717 30.894885583 30.7582797458 31.1830114064 30.7988392342 30.7419440379 31.0294144364 30.8623328156 30.9516460899 30.5194896696 30.851337905 30.7863478632 30.704992905 31.0427945002 30.9729740639 30.6458542161 30.9968306466 30.6052137131 30.9619182802 30.5811332933
0 0 0 0 0 0 0 0 0 81.2531371051 81.2531371051 81.2531371051 49.6598518476 0 0 0 30.9156274789 30.7323786156 30.7181224621 30.851211667 30.878489297 30.6844802859 30.6258549928 31.0416155809 31.0739207113 30.6409106227 30.6707411422 30.5401964942 30.7130486345 30.9323941009 30.8535754564 31.121377352 31.2057747103 30.8889800391 30.6288949914 31.1322080074 30.5502037228 30.8721421825 31.0157138331 31.0269697744 58.4457422299 30.8237178682 31.048197379 30.8231508625 30.5721420404 31.0034880099 30.7621884065 30.6238700578 30.5401273815 31.2050229298 31.1940554651 30.9233738044 30.9454775902 30.9674814084 31.0479598914 30.9901756806 31.1068654114
0 0 0 0 0 0 0 0 0 0 49.6598518476 49.6598518476 66.9492057375 0 0 0 0 31.1419685938 30.7794904269 30.6600021841 31.0229858722 31.1192267722 31.0390694325 30.5396597272 30.6445416804 30.8418913821 31.1125122703 30.9633999122 31.0423264927 31.088161474 31.0620712676 30.6894619749 31.0279097872 30.7491492653 30.5610184682 30.8047911274 30.5403176673 30.5137585277 31.1048707148 62.5003860189 74.7230080093 54.491140087 30.6240145454 30.6281711265 30.5227233552 30.5196335838 30.6925093307 30.9117233323 30.6362027618 30.5084598261 30.7429023824 30.8998388201 30.7005347192 30.7697818714 30.5133779442 30.5934555756 31.1851692775
0 0 0 0 0 0 0 0 0 0 66.9492057375 61.7479498246 61.7479498246 42.8754575272 0 0 0 0 31.1138641533 30.5354645869 31.1565355951 30.8264935187 30.9460892458 30.9354572942 30.7717058481 31.176152596 30.5879642202 30.8352324416 30.9649526477 30.5989704147 30.8568369479 31.062693999 31.0645232199 30.733747975 30.8232936239 30.8126600279 30.7001696165 31.1268295207 62.5003860189 74.7230080093 74.7230080093 63.4873013865 30.8148740203 31.0587471133 30.6226009256 30.9490377329 30.6951659802 30.9088400857 30.5155665032 30.5228585862 30.9907439008 31.011606082 30.6276805068 31.0960839578 30.911890245 31.0412088004 30.8482416183
0 0 0 0 0 0 0 0 0 0 42.8754575272 61.7479498246 61.7479498246 0 0 0 0 0 0 30.5777437291 30.5049074714 30.8840342949 31.1387169306 30.8941465506 31.0870879223 30.9023322575 30.5241708099 30.6597727024 30.8979800071 30.9699934454 30.9420466971 31.0197810864 30.9281076352 30.829509293 30.8087808645 30.8358404585 31.0194022272 30.6622959723 30.7166762863 74.7230080093 74.7230080093 49.8817541741 49.8817541741 30.9278420295 30.6883686236 30.9480373257 30.5389386798 30.540296262 30.556170509 30.5021082504 31.2032362744 30.546580156 31.0956149281 30.9889866059 30.5005300279 30.8523797458 31.0571187275
0 0 0 0 0 0 0 0 0 0 0 0 0 0 0 0 0 0 0 0 30.6439179632 31.1002131203 30.7610820484 30.9447149196 31.1505926492 30.6563798231 30.5594129623 30.9119547266 30.9364592073 30.7899196559 31.0150942739 30.8361226041 30.8659442218 30.8982292475 30.8103091156 30.998790194 30.8371550713 30.5720728056 30.720448049 63.7371545451 49.8817541741 49.8817541741 65.2548233803 30.7484795325 31.0142712761 31.1244355396 30.9475337946 31.0634707995 30.6367463837 30.7346393575 30.8003959373 30.7129164974 30.674502442 30.8467751968 30.6720454222 31.0917046217 30.6828303939
0 0 0 0 0 0 0 0 0 0 0 0 0 0 0 0 0 0 0 0 0 0 0 0 30.6528632706 30.680619084 30.544936968 30.5882863191 30.8311224002 30.5666482693 30.9937228346 30.7073082 31.1466082916 30.7593374817 31.0645189657 30.9314730425 31.1969649359 30.8819807796 30.6807304552 30.6485677797 54.2988496111 54.2988496111 54.2988496111 30.5373882713 31.1166460244 30.7816344612 31.1240497462 30.5841894199 30.7209529514 30.5002226987 30.9038889736 30.7033875501 30.5499914328 30.9289078586 31.0329180525 31.0858317611 30.9561230075
0 0 0 0 0 0 0 0 0 0 0 0 0 0 0 0 0 0 0 0 0 0 0 0 0 0 0 0 30.5592255529 31.150947872 30.8848073134 30.8945490871 30.6839361321 30.5352694344 30.5533442624 30.6209110399 30.7965119414 30.5741288005 30.8970213198 30.7220497881 30.8921172986 54.2988496111 70.0246121175 70.0246121175 30.8261979673 30.5778506871 30.536341677 30.738448199 31.1623876073 30.7894108232 31.202122872 30.9931404287 30.5565786711 31.1898083907 31.2019802908 30.7808365532 0
0 0 0 0 0 0 0 0 0 0 0 0 0 0 0 0 0 0 0 0 0 0 0 0 0 0 0 0 0 30.9681642432 31.2012639317 30.6106125226 30.9336398015 30.8648060292 30.9810610515 30.5182361427 30.947354313 30.93357855 30.8457106618 30.7897257526 30.9258813238 70.0246121175 70.0246121175 65.2294361752 30.8118622063 30.9463200405 30.7813018301 30.7919575023 31.0224431676 30.7805439871 31.0095622652 30.7715726832 30.5807023075 30.5127860392 31.09243521 0 0
0 0 0 0 0 0 0 0 0 0 0 0 0 0 0 0 0 0 0 0 0 0 0 0 0 0 0 0 0 0 30.614794009 30.6423609508 30.9579153267 31.1790244673 30.9744847707 31.1043193361 30.9014172693 30.7502189366 30.5296270608 31.1187046615 30.7007444281 65.2294361752 65.2294361752 46.9191911357 64.8787485608 30.6297803709 30.5636505081 30.9370685728 30.7396101067 30.5285012583 30.9162313738 31.1723158185 30.7243321097 31.0341657064 30.8399959126 0 0
0 0 0 0 0 0 0 0 0 0 0 0 0 0 0 0 0 0 0 0 0 0 0 0 0 0 0 0 0 0 0 30.6992825439 31.191759695 30.6171548602 31.0072946827 30.9932912082 30.756059493 30.8566329825 30.6416650717 31.183265523 30.619793374 78.1598915031 78.1598915031 78.1598915031 31.0865045708 30.7868855839 30.5032430174 31.1153855762 31.0214978424 31.0811234042 30.896212159 30.5713449016 31.1249045368 31.1747302447 30.9311860097 0 0
0 0 0 0 0 0 0 0 0 0 0 0 0 0 0 0 0 0 0 0 0 0 0 0 0 0 0 0 0 0 0 0 0 31.024248012 30.5839840353 31.1258850959 30.6474358617 30.696463147 30.5885401895 30.9000696777 31.1306524761 30.8771452576 54.3709500376 54.3709500376 54.3709500376 30.650068394 30.8902869372 30.9922198774 31.1797699015 30.5015043095 30.5137149117 30.7952888129 30.9411417799 30.6588959017 0 0 0
0 0 0 0 0 0 0 0 0 0 0 0 0 0 0 0 0 0 0 0 0 0 0 0 0 0 0 0 0 0 0 0 0 0 30.5949614478 30.657821167 30.8175339055 30.6326839729 31.0773372846 31.1984177568 30.7292522341 30.9774583514 54.3709500376 54.3709500376 30.7728925449 30.6160493604 31.1390278799 30.9092856667 31.0937802998 0 0 0 31.1178980329 30.6474616177 0 0 0
0 0 0 0 0 0 0 0 0 0 0 0 0 0 0 0 0 0 0 0 0 0 0 0 0 0 0 0 0 0 0 0 0 0 31.0510902608 31.0750969818 30.7609626482 31.0180074592 30.5795843171 31.1919558509 30.5820671286 30.8737431293 30.8479954108 31.1324956475 31.0436364591 31.1348765824 30.6927648967 31.1943209033 0 0 0 0 0 0 0 0 0
0 0 0 0 0 0 0 0 0 0 0 0 0 0 0 0 0 0 0 0 0 0 0 0 0 0 0 0 0 0 0 0 0 0 0 30.607392645 30.7182309528 30.5284819695 30.9691512337 30.6556495137 30.709357044 30.922755303 30.6836190241 30.6985599692 64.1884795944 64.1884795944 64.1884795944 0 0 0 0 0 0 0 0 0 0
0 0 0 0 0 0 0 0 0 0 0 0 0 0 0 0 0 0 0 0 0 0 0 0 0 0 0 0 0 0 0 0 0 0 0 0 30.8250088521 31.0232444469 30.7707442091 30.7190038453 31.1159630548 30.8429974538 30.7407731009 31.0844056521 64.1884795944 64.1884795944 58.6301200399 40.899906647 0 0 0 0 0 0 0 0 0
0 0 0 0 0 0 0 0 0 0 0 0 0 0 0 0 0 0 0 0 0 0 0 0 0 0 0 0 0 0 0 0 0 0 0 0 0 31.1588427622 30.7801824897 30.8767916769 30.7977037945 31.1470664796 31.1385526145 31.0530582863 31.0963074055 51.0469278139 44.352880956 49.752250301 0 0 0 0 0 0 0 0 0
0 0 0 0 0 0 0 0 0 0 0 0 0 0 0 0 0 0 0 0 0 0 0 0 0 0 0 0 0 0 0 0 0 0 0 0 0 0 30.692465691 30.856708776 30.5305057692 30.5914321109 30.9597602243 31.0767593708 31.124079667 58.5509315716 45.9420478032 56.8068603591 56.6202253476 0 0 0 0 0 0 0 0
0 0 0 0 0 0 0 0 0 0 0 0 0 0 0 0 0 0 0 0 0 0 0 0 0 0 0 0 0 0 0 0 0 0 0 0 0 0 0 31.1192247542 31.1273950995 31.0523705406 31.0125454921 31.0937792606 31.1282549524 45.3255067517 46.8070703289 51.3283088553 22.4783618409 22.3667667572 0 0 0 0 0 0 0
0 0 0 0 0 0 0 0 0 0 0 0 0 0 0 0 0 0 0 0 0 0 0 0 0 0 0 0 0 0 0 0 0 0 0 0 0 0 0 30.8268089722 30.7788490462 30.5286591102 30.8055978034 31.0284347746 0 0 22.3285741332 22.6308841982 22.6308841982 22.6308841982 59.3480331243 0 0 0 0 0 0
0 0 0 0 0 0 0 0 0 0 0 0 0 0 0 0 0 0 0 0 0 0 0 0 0 0 0 0 0 0 0 0 0 0 0 0 0 0 0 0 30.7913143729 0 0 0 0 0 80.2034118667 22.6308841982 22.6308841982 57.7190657714 57.7190657714 0 0 0 0 0 0
