Spatial_Output/BAU/BAU_1424.asc
NCOLS 155
NROWS 192
XLLCORNER 196307.867259
YLLCORNER 449144.565805
CELLSIZE 33.573938
NODATA_VALUE NaN
[rows 50 to 74 of 192, columns 56 to 111 of 155]
33.189672488 33.0814386352 33.0840605016 33.0193356517 33.002227431 32.8543529418 48.280433653 32.5400156579 33.1244331783 32.6871711003 32.7982529168 33.100689221 33.0336285225 32.8879921793 32.5903439133 32.7711743181 32.5861420204 32.5532367568 32.6117451306 32.8275899916 33.2014893862 32.635057221 32.9107935902 33.1415922947 32.6051636341 33.1103520072 32.7627125922 32.6111822906 32.8621239777 32.6863689851 32.6600163778 32.5878876008 33.0430825264 32.8966693054 32.7341632887 32.7977858543 33.083082348 33.0069955119 32.6522450865 32.7156108415 32.9071569493 32.6849693674 32.9129457013 32.611583351 33.030552801 32.7498428698 32.6062465157 32.9548625835 32.986329009 32.7641689431 32.911472058 33.1438556169 32.9338899816 33.1153932098 67.0090703434 67.0090703434
53.038197466 32.5168819601 32.6191255473 55.4225068282 73.010221667 48.1770551373 48.1770551373 48.1770551373 32.6053559506 32.7154933284 32.8646131291 33.1192744053 32.9825657783 32.9173271343 32.6111606717 32.9343066626 32.5362302248 32.83250841 33.0792069357 33.0696216446 32.9250102852 32.8303883087 33.1118003279 32.9813415941 32.915220223 32.8375316944 32.6715166923 32.5993827858 32.8312314039 32.9226540448 32.8704216439 32.7051624107 33.0082580151 32.7714764921 32.6192920987 32.751688595 32.5823935119 33.0201898058 33.0238246289 32.7223020878 33.0893731465 32.5224918701 32.8159818173 32.5206226952 32.8380300323 32.8762816001 32.5200442074 33.1472316842 32.6066621378 32.7391630876 33.0537657296 32.8112589319 60.0671122003 33.0129082491 32.9963601167 33.0812215709
53.038197466 53.038197466 33.0991020536 33.1857842277 32.934923037 32.5575886658 48.1770551373 48.1770551373 32.8800132333 33.0500813772 33.0448356176 32.6110675501 32.6693123905 33.1675797364 32.532519849 32.5312231175 32.5922754275 32.5392061562 32.9475507371 32.9164263115 32.7291253954 32.6049973703 33.1361789072 33.1648235237 32.7605514017 32.8540621602 32.8871774914 32.6655479828 33.0941554549 32.6884373908 33.1247181484 32.5005163173 33.1913884506 32.5511093761 32.8228239352 32.722554083 33.0909240347 33.0076875672 32.6970388634 33.0195578828 32.8321504919 33.1898752141 32.8622091094 33.0911482039 33.0150940381 32.7987499833 32.6374424983 33.1598510049 33.1039082927 32.5912509611 32.5708737854 32.8189159112 60.2408313284 49.3877986734 32.5119418933 32.9540357826
53.8659742977 33.0341584048 32.7220460129 73.010221667 73.010221667 62.4165891248 33.0033401639 32.5983306921 33.0067224542 33.0552172413 32.7766808889 32.5655661462 33.11955614 32.9087178905 32.7422883639 32.5505600548 32.62717339 32.6118890316 33.1417527962 32.8709215311 32.8058363801 33.0183189265 32.6326161853 32.9493202762 33.1529077409 32.8024707227 32.7203327128 32.6052221752 33.004258353 33.119524455 32.7594333754 33.1233863946 33.136423417 32.5885292872 32.9041784388 32.5715507403 32.9611093625 32.5761539788 32.8753208396 33.0303835901 32.6540064215 32.9199174576 32.8892060899 33.1560076137 32.7477278523 32.5658674919 33.091042385 32.6994408921 32.9432327121 32.7178938033 60.3984636106 32.9380801949 60.2408313284 60.2408313284 32.6701719708 32.5746017941
53.8659742977 65.0420745002 65.0420745002 33.0009881473 73.010221667 62.4165891248 33.1136121901 32.7434978206 32.9228510957 33.1416714216 33.0118473056 32.602371273 32.5408716335 32.6212207147 32.6859359762 33.1096547685 32.9369672478 33.008872668 32.7413116016 32.6170498288 32.7411444549 32.8758945541 32.638412619 33.0379107345 33.101663935 32.613807838 32.8316141145 33.1006146861 33.0713717695 32.9258034892 32.6711125368 33.0915055412 33.0764623259 33.0855407824 32.5432528499 33.1237769061 32.9789865547 32.8205582252 32.9495631145 32.8084396339 32.5546399007 32.532479946 32.7601236186 33.1820619914 33.1380662204 32.5172923391 32.5570161453 32.9567787903 32.5371553796 33.141217703 32.6661311718 33.1356718523 32.5867550989 32.6309924533 32.6943060025 32.9360591043
65.0420745002 65.0420745002 67.5369551898 32.5265475497 32.6216244796 32.8011478344 33.0972180123 32.6009566398 33.0858406412 32.8565686072 32.6176414223 33.1316860839 33.029045739 32.7276383389 33.1985508912 32.6248656353 32.7717923915 32.6207984003 33.0159146749 33.1629889211 32.5082849551 32.5799251418 32.8051241132 32.7713313337 32.7211319713 32.7314106354 32.6439481046 32.5310155315 32.5758768941 32.5489039428 32.6595371518 33.2035745643 33.1515728522 33.1509199382 32.8668167937 32.6886471506 32.8995371308 32.8543204739 33.191325038 33.1849782744 33.1608242146 33.18941418 33.0367043893 32.8376651468 32.6436958761 32.5138374106 33.190853777 32.8527658146 32.6858949591 32.5366229041 32.7888723012 60.3984636106 60.3984636106 32.9030045817 32.7282049609 32.6408180506
65.0420745002 65.0420745002 67.5369551898 32.7608834081 32.9634300205 33.1333326162 32.9251806838 32.6113601105 32.877832232 32.7217211908 33.079782516 33.1406687046 32.9152993968 32.7224361864 32.8048941607 32.5035778909 33.1533623858 33.0652221 32.701538181 32.8067993676 33.0640952075 32.5478595993 32.7171310086 32.8332934925 33.1853606507 33.0746774868 33.0221051087 32.710626167 33.0942145799 33.1108649338 32.5913217409 32.8842320163 32.5250773425 32.646610886 32.6373439419 32.7513504625 32.9798842381 32.5344375146 32.7278786027 32.6690554718 32.954281234 32.649479764 32.7777312165 33.0320473543 32.9508598878 32.8107977933 32.8203337071 32.5503488611 43.7433104367 43.7433104367 43.7433104367 33.0899230433 33.0058204498 32.9846339106 32.8651893149 33.0447410176
33.2024734449 52.472336403 52.472336403 52.472336403 32.9976914687 33.1737175569 32.574271707 32.8708126507 33.0786046257 33.1453904787 32.6985167412 32.7179296633 32.8244065099 33.2003517088 32.8444231751 32.8065353545 32.8862858141 32.8558603331 33.1867776083 32.5594565322 32.8871240401 33.1568771609 32.9083484205 32.9022879722 32.6442890743 32.5530184838 32.7643608919 32.5077213615 33.0020906228 33.0985520626 32.7347306942 32.9224448318 32.5806109995 33.1814701676 32.6454533482 32.6486468003 32.6157658376 32.7195497738 32.6263650275 33.1052500498 32.9468778499 32.5606356968 33.019214929 32.5818771847 32.9945261946 33.0749270881 32.5924921134 57.463364521 32.8253598934 43.7433104367 43.7433104367 33.0202746782 32.9770225825 32.5245697145 33.0169167385 32.7879769323
52.472336403 52.472336403 52.472336403 56.5908852256 65.0306058576 65.0306058576 32.8187477214 33.0485510427 32.745679057 32.8377829838 32.609166187 32.6981458016 32.8436623619 71.1582775623 71.1582775623 71.1582775623 32.629150883 32.8181637998 32.9077726207 32.5383364231 32.5450350124 33.1528257289 33.0922236256 33.1778454819 32.5067516685 33.0354799189 33.0606685412 32.6354952695 32.6794046435 32.5802797373 32.6972784517 32.9037694274 32.9038922332 32.974188887 32.9858409418 32.7066812766 32.9543471469 32.7467919385 33.0778070486 32.7043439504 32.8954877745 32.6489319045 32.8306929939 33.060421968 32.5665779357 32.863526432 55.9225090843 32.9302947302 57.463364521 57.463364521 32.6409650161 32.8036981145 33.1526690863 32.9130708634 33.1700140504 33.0737575087
32.9515436298 48.1368956539 48.1368956539 32.9059098399 65.0306058576 65.0306058576 32.6045571104 78.7309224502 33.0807166125 32.8649684263 32.8037067219 32.9610957233 32.6282563858 33.1987797976 71.1582775623 71.1582775623 32.6357082613 32.6311510517 33.1634358112 32.5694456886 33.0279291828 33.1714624489 32.6684873142 32.8762732698 33.1132173221 32.9984171481 33.0992319041 32.7005087086 33.0006435447 32.8714613586 32.7875617609 32.5896286458 33.0876658743 32.9576985977 33.1670578157 32.9456042837 32.6700682085 32.6458242936 33.0285861243 32.7520221532 32.8626176203 32.7923829135 32.9124311159 32.6472927179 32.9591909554 48.2383518653 55.9225090843 55.9225090843 33.0048975499 33.1239262963 33.0299165868 33.1810791028 32.5611711045 32.7328336157 32.5736724384 33.0448162495
48.1368956539 48.1368956539 48.1368956539 48.1368956539 33.0374093031 65.0306058576 32.7785471179 33.1086277792 32.9865630009 32.6471377585 33.1723608797 32.605916756 33.0623927064 32.55008714 33.1523527332 32.697798104 32.8776786239 32.6932247271 32.6179587673 33.0621160088 32.6025578601 32.9014514089 32.887765042 32.7436093708 32.6246994262 32.9971451216 32.6011331695 33.104842829 32.8913409962 32.7614214336 32.7719080773 33.1955232885 32.7067862813 32.7586347751 33.1447291091 33.1324936187 33.0131628628 32.9105908094 32.8286168234 32.5030874833 32.5042944915 33.0964584559 32.7851061755 33.1408781614 33.1930737236 56.6534533418 55.9225090843 55.9225090843 32.7060058478 33.0465666293 32.8547170495 32.9441411251 32.7265794709 32.5257519784 32.6034027149 32.9351757273
32.9251694486 32.7871126239 32.9683772211 32.6159835365 32.7084361911 32.9004043481 32.5773788678 32.597140155 32.9376956703 33.0643256413 32.9531605592 32.5099371149 32.6981871825 32.7273283802 54.2090087663 32.5311921069 33.0897319106 32.6697141609 32.9675415821 32.6252782625 32.9130673442 32.7106493878 33.0772335064 33.0191915393 32.5263823456 32.842210283 33.0486595832 32.8509625547 33.1228033882 32.9326392687 33.1815239458 32.6826935993 33.075767148 32.6042119012 32.8873262632 33.1641221872 33.10886445 32.6341501379 33.0461199245 32.7182882514 32.5875455407 32.5634495006 32.826474152 32.6307629133 73.6075575919 73.6075575919 56.6534533418 54.7503500158 33.0049788734 32.8525463992 32.7914676645 32.885780622 33.1811624314 32.9003381441 33.1444180171 33.105034085
32.9059469213 33.1414085307 33.1758924603 32.5276675528 33.045861549 32.5801489005 32.5915798401 32.8756163699 33.0365069272 32.9617613108 32.9127668177 33.1333391358 32.6922732653 32.5585998602 54.2090087663 32.7700972854 32.8184230552 33.2026600999 33.0589132708 32.7360753147 32.5072751315 32.5974302425 32.8331956951 33.182707207 32.7064035204 32.8919345408 32.7857250221 32.5434605675 32.7632335306 32.8640870602 32.8974797528 33.1898639735 32.9818709791 32.600670739 32.6552569498 32.6433508094 32.6742671791 32.777561682 33.1634679924 32.642164564 32.606237213 32.6373756768 33.0724522575 32.7708739792 56.571919605 73.6075575919 33.0505429492 33.1475505201 32.5029336551 32.567447058 32.7321604775 33.0762130823 32.8507242758 33.1148924982 33.1023293528 32.5522990612
32.5276971544 32.8676551044 33.1218968386 32.9780751691 33.182489018 32.9309748358 32.8304862767 32.5032288917 33.1244453958 32.6798537922 32.8747972993 32.8563517146 32.6951887637 32.5959118156 32.9116311594 32.7842227065 32.8413734351 32.9999342 32.8357028518 33.0271475801 32.8265099707 32.9334191343 32.5943293242 32.9530845231 32.7806293739 33.1867612094 32.9642048792 32.9389119142 33.046152559 32.6366698968 32.8302179609 32.6523398578 33.0816438267 33.111068596 33.1780035885 32.6398192474 32.5436580698 32.5003924088 32.9847929093 33.0222440097 32.6196139097 33.2027381183 32.9237354796 56.8419795815 53.2424367869 32.7609951934 33.104281121 32.7788327635 33.1942011468 33.0855139765 32.5990990781 32.8591621784 32.6748565083 32.8408063068 32.5637561004 33.2025575813
32.7088761471 32.6964218318 32.7253949313 33.0796123559 33.184230025 32.9466936616 32.9668806042 32.5200375456 32.9377116481 32.9642242547 32.5251721251 32.8117405747 32.9830114868 32.8842665641 33.190723887 33.1686211695 33.0117858468 32.743953425 33.1704743987 32.6001904198 32.5641188202 33.0391530951 32.5721104268 32.966207837 32.8947981471 32.9203291505 33.1100077791 33.1930242463 32.5479990084 33.1654318069 32.8693170689 32.9845106211 32.927722437 32.8456892389 32.9553934813 32.8561855025 33.1830750692 32.9015336117 33.1620202814 33.1911181676 32.9377177881 32.5525464799 32.531285979 32.9531186639 32.7810717728 32.6752100615 32.701737147 33.0312106585 33.1726226968 32.8625416602 33.0089307046 33.009150768 32.8618167235 32.739664212 33.050970419 32.8320837377
33.184816334 32.9699266359 32.9465835103 32.8674297483 33.1245476683 32.7919989002 33.1303526438 33.0872793926 32.9985141017 33.0685846254 32.7126623914 32.861805457 33.1065533038 33.1772017079 32.6463909146 32.916381777 32.8398218224 33.0850801218 32.6744413897 32.8262602386 32.7738106715 32.5420221908 33.1202235149 32.6003126382 33.0942067751 32.5354831871 32.7947945343 32.7043625553 32.9486761903 32.9761522325 32.6085215531 32.8092354488 32.8923982058 33.1342411134 32.9447719546 32.8831071272 33.086662448 33.2063079909 32.7977270857 33.1706342985 32.5136770921 32.8677361233 32.6038508426 32.5241069272 49.4934611208 49.4934611208 32.9081526427 32.9888911464 32.8214054045 32.5022108405 33.073350736 32.9665051165 32.8667340851 32.6232320347 32.7731128177 32.9161572678
32.9944114185 33.1056828221 33.1709426854 32.8736658404 33.2069821931 32.7359126008 32.5632390046 73.8848814276 32.5240473033 33.1273745278 32.7101096201 33.0795480456 32.7033442777 33.1947687244 32.6937507066 32.8170582691 33.0132707675 33.0222990347 32.6424043361 33.0836344704 32.5736319816 32.6964674588 32.7403608205 32.9466337818 33.206030472 32.6847210192 33.1754221261 32.7599404607 32.8508407303 32.6466183851 33.2047176161 32.7509249532 32.6770758871 32.6002017859 32.9643953137 32.9319507495 33.0769093269 32.76162516 32.8962155155 32.6762801935 32.6941476856 33.0045117923 33.0663523519 49.4934611208 49.4934611208 49.4934611208 32.5737554002 32.5664955791 32.9435193419 33.0620265334 32.5821425454 32.6538532617 33.1405833124 33.0562791496 32.9278984241 32.5138603018
32.5811386197 32.6133270373 33.106201129 32.6043633254 32.6761490828 32.7125708537 32.5070829478 33.1089771196 73.8848814276 33.0267133569 32.6519770472 32.5981689498 32.5617651617 33.0565708161 32.8675540112 33.0541455 32.5909515899 33.0901532436 32.8085755698 32.7296856602 32.9586684564 32.8633763736 32.7464048643 32.6007596417 33.1727003623 33.0179569225 33.000065498 32.7293571121 33.0845279274 32.8254667548 32.9205991255 32.8793965075 32.7112551529 32.6231538957 32.7943768268 33.0949337586 32.918633066 32.6736994527 32.7160535245 33.1226803861 32.5745636795 32.9304651405 32.8956833198 43.7445471388 43.7445471388 43.7445471388 33.1296364183 32.6850793883 33.0935171519 32.7762538126 32.5192782042 32.9076346606 33.0373245826 32.5882779695 33.1864832752 32.5409160112
32.8895593638 32.6745861532 32.5339366289 32.5183599648 33.0862375536 32.5753095332 32.8451841864 73.8848814276 32.9082582474 32.5278439365 32.6175228443 32.7295150477 32.5132862258 33.111642255 33.1394563693 32.7361798361 32.5047962084 32.7282663006 33.0266826273 32.5198082467 32.8024499635 32.8349226241 33.1979059673 32.9721707713 32.638859944 32.946636392 33.096647835 32.9813105156 32.634526328 33.1951197367 32.9139400562 32.8363732544 32.9893620064 33.0081703705 32.962702707 32.592683414 32.9467621485 32.8414413417 33.1906236517 32.709643479 32.8460565915 32.628935028 32.9488881027 32.9469117571 33.1188519425 32.7581501776 32.7008601871 32.8166856358 32.5208315464 33.1707847813 32.6143528542 32.9049302441 32.9703663749 32.984019481 32.6686107699 32.9830201292
32.9683748934 32.9439443884 32.9519518075 32.8506319276 32.5264554563 32.821739408 32.5901247323 32.7634827816 33.1681501713 32.8454609445 32.6466471924 32.7626154208 32.8145903864 33.0845501945 32.7474786628 33.1392901708 32.8092218334 33.1360274569 32.5087471852 32.7913161268 32.6716063468 32.84242167 33.0668484546 32.6636166444 32.5117570644 32.7406055625 32.5382969424 32.6504701249 33.1511817937 33.0831697923 32.5072524487 33.1460649348 32.6979748616 32.7089813577 32.6701537077 32.5753627193 33.0480481899 32.9005344172 33.0341967901 32.5344377133 32.5508793191 32.9078943391 32.9401227731 33.0295289013 32.8676464432 32.5994291133 33.0167537132 33.0525306143 32.6464260794 32.5130904885 32.9431746367 32.5783558626 32.9329622652 32.5736495067 33.1468009835 32.6527545631
32.9663642858 33.07010758 33.04446758 32.6717294108 32.513557876 32.6131145471 33.108926655 33.0037278976 32.5339555657 32.9306867938 33.0230366939 33.0708534311 33.1835046754 32.8883174876 32.5590905238 32.5991013715 32.5755235018 32.6695361965 32.6497632253 32.6092689353 32.5691854057 32.6338498924 33.1629732784 32.6577318502 32.806079403 32.7753114209 33.1433443525 33.0527137539 32.6175861122 32.8502158278 32.5295360559 32.8740860857 32.7339389197 32.5766030345 32.5420186486 33.0502187718 32.5353158581 33.1078041518 32.735293284 32.7149574533 33.0348248955 32.8603685411 33.0827680804 33.1449949804 32.9819965918 32.8125741886 33.021535979 32.9543483383 32.7855386779 32.5038531811 32.9032823174 33.1015858855 32.7026277875 32.7946342319 32.7378274465 32.7939224663
33.03215575 32.8097950207 32.829936875 32.9552681473 32.9090242661 32.959640219 32.8736892066 32.9052548428 33.0395371804 32.5685226635 32.7710433866 33.1316006351 32.8246991574 33.0110283827 33.0703390087 32.9459804386 32.5775566717 32.515384299 33.1411880179 33.105263687 32.5283111622 32.5026110707 32.8886232598 32.9116567345 33.1172593039 32.9681390182 32.6873155685 32.7108736225 33.0962208187 32.9557415017 33.0580613882 32.5002288245 32.9736307428 33.0737053375 33.1824237384 32.5126240092 32.5243129801 33.1682561245 32.977311309 32.8646017918 32.652982006 33.1946428368 32.7163166064 32.8278642893 32.6125199285 33.1183597031 32.6591869256 32.9275924233 32.7456768898 32.9186854867 32.9913041664 32.9827427556 33.033521154 32.5810148104 33.1720927826 32.7992720161
32.7146225894 32.6309801433 32.5923600234 33.1799623899 32.5248589098 32.8965640094 32.9068958706 32.6886110851 32.9568665737 32.6409648271 33.0404880089 32.8931947905 33.1219783466 33.019034495 32.6600667871 32.9412349267 33.1547825674 33.1592655401 32.9345077718 32.6162640303 33.0203408354 33.0045662297 33.1221674489 32.9287061928 33.0441135682 32.9764130597 33.0866880708 32.6633326909 32.9104216801 32.9708680508 33.1378706157 32.6817931702 32.6197526076 32.6090203043 33.1539978913 32.7569420955 32.5636452061 32.7094540832 32.7006402172 32.9427983347 32.5923915905 32.7696743233 32.5369294462 32.5222165448 33.1321942509 54.9638312713 54.9638312713 54.9638312713 33.1612914497 32.6373055424 32.5878180607 33.1697195014 32.8848378594 33.1058921156 32.901924225 32.7024440955
33.0272170461 32.5315196264 32.9202976728 32.5881937546 32.7406961171 32.550138606 33.0564248372 56.8776971217 56.8776971217 56.8776971217 32.5107566238 33.0651408012 33.1861703584 32.5970240453 32.6341735902 33.1754435711 49.6369233174 49.6369233174 33.0789014041 32.9704247313 33.0923976734 32.768646641 32.5141478394 32.5929875011 33.0089629137 77.8057311597 51.4618106198 51.4618106198 33.0447801715 32.7592167784 32.9887956283 32.5127669993 32.8616781313 32.7814766241 33.1428669867 32.5111591964 33.0213371939 33.0627749463 32.7553496279 32.5707199827 33.1435565893 32.8412857579 32.9535938288 32.9347098304 54.9638312713 54.9638312713 54.9638312713 32.9249983222 32.5039111453 32.8358036192 32.6379512951 32.8094648371 33.0700474341 32.637440956 32.8651900678 33.2065300442
32.5493541441 32.8175263293 33.1811887253 32.7891549874 33.1844068409 32.5667027195 32.5719551579 56.8776971217 56.8776971217 33.0080409595 33.0735789159 32.5721744904 33.1003946432 32.5605641813 32.8274150016 49.6369233174 49.3643468845 49.3643468845 49.3643468845 32.9760068874 33.1559783646 32.9798129919 32.7175596003 33.002059092 77.8057311597 77.8057311597 77.8057311597 51.4618106198 33.0493468392 68.9089687052 33.0484778025 33.1195888206 32.7800836574 32.8310215249 32.9795106454 33.1733813015 32.7068803555 32.8702613307 32.8654151626 33.0483331646 33.111790695 33.0202169169 32.7972116262 32.5869900986 33.1926580982 60.0980775591 60.0980775591 60.0980775591 32.8404675437 33.0205683318 33.0040481155 33.1062631813 33.0882246255 32.8568617202 32.9972338564 32.6577947107
