Spatial_Output/BAU/BAU_0456.asc
NCOLS 155
NROWS 192
XLLCORNER 196769.923733
YLLCORNER 449719.875193
CELLSIZE 27.603701
NODATA_VALUE NaN
[rows 161 to 183 of 192, columns 53 to 105 of 155]
30.6668633473 30.7578404067 30.6110496144 30.9333416834 30.8379029143 30.7251264658 30.6476479275 30.6964128982 31.0711772238 22.7793507314 22.7793507314 31.1519446909 31.0703467306 30.8003192422 30.6203943415 30.7254959517 30.609286717 30.8639087753 31.0760725089 30.8392496066 31.1578347074 31.1247091505 30.7271075465 30.7278888609 30.6420171581 31.2001812271 30.615998808 30.780676249 30.9523843768 30.9578586915 30.869974286 30.8731018571 31.1949682223 30.9476739725 30.5826177496 31.0248419303 30.6385087431 30.8044152602 30.8934025513 31.1511324516 30.6206132801 31.1259655834 45.758114735 45.7584126564 45.7584126564 45.7584126564 30.5644110886 31.0824129309 30.8887082793 30.7889422204 30.7606271489 30.9000568974 30.6819905353
30.6812221284 30.7510507568 30.6318507825 31.1504139454 30.8883489723 30.7098843586 30.6811875 31.1891480867 22.479139692 22.479139692 22.479139692 22.479139692 31.0706835439 30.752967914 30.6611926652 30.9480554571 30.5329504059 30.7338641503 30.6058622166 30.9504970738 31.043460166 30.6562359775 31.1263029935 31.1938525103 31.2045370017 30.5224691286 31.0613560203 30.5882952324 30.6217773114 30.6400705285 30.8048474906 31.1171600666 30.7627683344 30.6912078006 30.537372066 31.0567640286 30.9888259038 30.8482326276 30.5232853504 30.6763657899 31.0883766985 31.1444465615 30.8491119043 45.7584126564 45.7584126564 31.0766267325 30.7695227751 30.7003040351 30.5313120795 30.8028246982 30.8116546768 31.1017714253 30.7890868231
0 30.6559072607 31.1137778596 30.8970570992 30.5528229116 31.201756425 30.900593565 30.5657936197 30.9473933335 22.479139692 22.479139692 68.3290495059 30.7786346706 30.9897627065 31.0388204002 30.7251306249 30.9398036638 31.024799267 31.0296399713 31.004958798 30.7726735154 30.9905543826 31.0749670712 30.8425791314 30.9514959211 30.8320925752 30.6926092152 31.1043312922 30.8422655766 31.200905536 30.8772795993 30.6678893524 31.0518836258 30.5365668317 30.5134457815 31.0277498376 30.5615117471 31.0709622552 30.8643125856 31.0357060339 30.8113340435 30.7850996628 31.1006371233 30.8893206001 72.0617434488 72.0617434488 72.0617434488 30.681525414 30.8411966922 30.7035410344 30.9660414398 30.6761498508 31.0783596524
0 0 0 30.7522409208 31.0768510288 31.0559451437 30.8046281389 30.9852424813 30.8714776203 22.4241152209 30.8938414551 79.5144524154 79.5144524154 31.1355556581 30.8886132306 30.9153800871 31.1966280296 30.5225122018 30.7859391456 30.8294402442 30.9291115209 31.031554014 31.0125628113 31.1130529429 30.6833119166 30.6649920426 30.5923115279 30.8780229486 30.9190140795 31.0140859564 31.1646326474 30.911380599 31.0813225511 30.5468427074 31.0078559837 30.5916060621 30.9616043365 30.7404045023 30.7946382666 31.0363227587 31.0191857872 30.6344304185 30.5198086123 30.7197114153 72.0617434488 72.0617434488 57.3234657438 30.5030573582 30.5598010072 31.0696508595 31.0297258786 31.0029224438 31.1458869484
0 0 0 0 0 0 31.0259102377 30.6898702958 30.7284934781 30.8425238542 79.5144524154 79.5144524154 30.9347934925 30.9179397262 31.0800918796 31.0342651247 30.9237697729 30.8547620419 30.5140253262 30.846950722 31.0253094259 30.6019355977 30.8467462301 30.5767283973 30.5970605045 31.1739304562 30.9234986396 30.6105672929 30.7845562225 30.7761318713 30.9008142928 30.7728382906 31.1318649505 30.5020242373 30.7270337878 30.6700607973 30.7374065142 30.6565935026 30.9906787556 31.069269379 30.9113555423 30.9992106341 30.6999998173 31.1128472934 57.3234657438 66.7892281156 66.7892281156 66.7892281156 30.8047021764 31.0891595582 30.5838225675 30.9644539927 31.0901109473
0 0 0 0 0 0 0 0 32.879070036 31.0141074665 79.5144524154 47.4472852307 47.4472852307 31.1025425869 30.8595797369 31.0659853634 31.1859534059 0 31.0615199286 30.8455938209 30.8534981113 30.9467051556 30.9248317532 31.1506480422 30.7001691171 30.9736355722 30.5059290727 30.7862070294 30.6287757409 30.7860200369 30.7616889552 30.6672866014 30.604650586 30.6057147943 30.5025166318 30.9296180364 30.6535747515 30.6735076511 31.0102907506 30.6090352659 31.0510498925 30.6609803531 30.6429950791 30.6953114316 30.7742643593 66.7892281156 66.7892281156 53.0721803345 30.7630151896 31.1828788641 30.8966868744 31.1748215332 30.5915568005
0 0 0 0 0 0 0 0 32.616947628 22.3394529219 47.4472852307 47.4472852307 47.4472852307 55.6897735848 31.1131724789 30.8756984336 0 0 0 31.0772469892 30.5214591883 30.8582524212 30.7622680138 31.1945007581 30.6482841572 30.8066145055 31.1535425001 30.9348700958 30.6823515962 31.1783953625 30.7984924555 30.6246223207 31.1676112924 30.7406947232 30.5985304646 30.660330447 30.920206091 30.6853877054 30.991783364 31.1391754559 31.1413889352 30.654065573 31.1508246517 30.9489369822 30.8479079528 53.0721803345 53.0721803345 53.0721803345 56.2412575679 31.0108839826 30.9932852157 30.650170986 31.144122465
0 0 0 0 0 0 0 0 32.5936482312 32.7422141705 32.7422141705 55.6897735848 55.6897735848 56.6474399564 56.6474399564 0 0 0 0 0 30.8270840017 30.6632181246 30.8115360146 30.7603495916 30.9236327895 30.9302674561 30.8202051347 31.0699179616 30.721281252 30.881747701 31.1605915191 30.9637443686 30.8221736149 31.159743157 30.8498392914 31.0523858684 30.7362510535 31.0449305413 31.0330717997 30.7918147673 30.9882323668 30.8689648384 31.1648704463 30.954600904 31.0790622827 30.5179580269 53.0721803345 53.0721803345 67.3731375613 31.1948310763 30.8037747979 30.9347717731 31.0750794895
0 0 0 0 0 0 0 0 32.8265574591 32.8265574591 32.7422141705 57.392028696 47.2505874978 45.1396636776 44.0634179818 0 0 0 0 0 30.704308562 30.6999841535 30.7970723192 31.1230883966 31.1499523079 30.895009254 31.1859177366 30.6788335102 30.6405239308 30.6873183254 31.1439775531 30.8586307035 30.9063833883 31.025860216 31.0078749528 30.7478934744 30.5049024908 30.6550288698 30.5490819518 30.6730928099 30.9401589006 31.1183493603 31.0674580521 30.7107523726 30.8253742021 31.0418699055 67.3731375613 81.9792692945 81.9792692945 55.4416307553 31.0004460292 31.1598542384 30.7080556729
0 0 0 0 0 0 0 0 61.947384447 32.8265574591 32.8265574591 61.947384447 50.1755191325 52.3961375883 55.3126813337 58.573976825 0 0 0 0 0 31.0686113385 30.5744852881 30.8115580687 30.8523748393 30.6038456217 31.0681891047 30.9760260844 30.6351975116 30.7171080523 31.0661240992 30.9870922582 31.0760439706 30.5748982934 30.590656931 31.0376449478 30.7960073011 31.1291008766 30.9244004508 30.7928167934 30.5689370596 30.7858813922 31.0663955609 30.5383664143 30.7460860189 30.9227625217 81.9792692945 81.9792692945 81.9792692945 47.6192221634 30.7442089911 30.7940717032 30.8022760546
0 0 0 0 0 0 0 0 33.8065910441 61.947384447 61.947384447 33.8065910441 54.5427002832 53.745171845 55.8597437465 71.3938233398 0 0 0 0 0 0 30.6175795187 30.5705769959 31.157537367 31.0376775979 30.566798946 30.5197969943 30.5698045636 30.9139416064 30.9498706292 31.1044880112 30.8727786626 31.1280000882 30.5307214907 30.5251450945 31.1254399447 30.7194289134 30.6615478876 30.5589989363 30.5107152427 31.1357095895 31.0928156652 30.6464228656 30.7870410795 31.0624471478 30.6946732154 22.4877693726 47.4077853365 22.4631615529 22.4631615529 30.8938826349 30.6016741623
0 0 0 0 0 0 0 0 32.6949214143 32.6949214143 32.6949214143 32.6949214143 0 0 0 0 0 0 0 0 0 0 0 30.9447106347 30.5547041355 30.5541080719 31.0462938472 30.9092419734 30.9778893388 30.6405006031 30.6713872054 30.6490401014 30.6828292081 30.9990350701 30.6699214348 30.6113229762 31.029017322 30.8529598991 30.97477413 31.0866262539 30.9707167038 30.8684991971 30.5306307255 30.7237361939 30.6345474995 31.1925735076 30.5898695441 22.4631615529 22.4631615529 22.4631615529 22.5858913538 30.6094458926 30.9935894683
0 0 0 0 0 0 0 0 32.7751405337 32.6949214143 32.6949214143 32.7751405337 0 0 0 0 0 0 0 0 0 0 0 0 31.0359679993 30.7431848713 31.0937677748 30.526431306 30.8699380899 30.9786413586 30.9314847812 30.8059312803 31.0453082736 30.8378482294 31.1623586934 30.6908344229 30.9024636534 30.8580629741 30.6060349406 30.9381896279 30.7783647176 30.8683303127 30.5673068951 30.6329099481 31.1650301512 30.517572505 30.7512231956 31.1472505825 22.5858913538 22.6948161309 22.6948161309 30.9470523781 30.6776529292
0 0 0 0 0 0 0 0 0 32.7751405337 32.7751405337 32.6960050135 0 0 0 0 0 0 0 0 0 0 0 0 0 0 0 0 0 0 30.9962381297 30.8083001868 30.7560764478 30.6425804396 31.0905602357 30.906772554 31.0205969719 30.8789548616 30.7350918293 30.5491343948 30.7284372911 31.0213404667 30.5547719539 30.5484202605 30.838525115 30.8159210582 31.0726778602 30.7344642429 22.6948161309 65.6912856807 65.6912856807 65.6912856807 30.6130035692
0 0 0 0 0 0 0 0 31.9209637752 34.4518305793 34.4518305793 31.9209637752 0 0 0 0 0 0 0 0 0 0 0 0 0 0 0 0 0 0 0 0 0 0 30.9992450736 30.9162759712 30.8220740831 30.7919059079 30.7138158596 31.2008387204 30.5748046732 31.0336736059 30.682681605 31.1831497649 30.6304516301 30.7659756933 30.5444898046 30.5507280249 31.1817071975 65.6912856807 65.6912856807 22.3313655734 31.0904799606
0 0 0 0 0 0 0 0 0 34.4518305793 34.4518305793 0 0 0 0 0 0 0 0 0 0 0 0 0 0 0 0 0 0 0 0 0 0 0 0 30.7126058679 30.7284253664 30.8176272398 31.0576736348 30.7872698398 30.7227281079 30.7336603185 30.8850614842 30.5404250887 31.1892262236 30.6448962961 30.9748693521 31.1292724623 30.5024079125 50.698707992 22.3313655734 50.698707992 45.8379704945
0 0 0 0 0 0 0 0 0 33.2789968721 33.2789968721 0 0 0 0 0 0 0 0 0 0 0 0 0 0 0 0 0 0 0 0 0 0 0 0 0 31.0441785782 30.8376036813 31.1334474084 31.0137900087 30.6823014063 30.8439871985 31.2019138688 31.1937286908 30.785907253 30.850765406 31.1966339477 30.8482599301 30.7420568629 50.0760219163 22.6038803926 68.0035302275 68.0035302275
0 0 0 0 0 0 0 0 32.5932445136 32.5932445136 32.5932445136 32.5932445136 0 0 0 0 0 0 0 0 0 0 0 0 0 0 0 0 0 0 0 0 0 0 0 0 0 30.7636379468 30.8530827906 30.7798127385 30.945431251 30.8458177009 30.5073033354 30.5892688826 31.0869897761 31.0821140098 30.5880600572 30.9119844397 30.7857661638 30.6244115402 22.7230704973 22.7230704973 22.7230704973
0 0 0 0 0 0 0 0 0 32.5932445136 32.5932445136 0 0 0 0 0 0 0 0 0 0 0 0 0 0 0 0 0 0 0 0 0 0 0 0 0 0 0 30.7873417362 30.9755202917 31.077125737 30.9590177818 31.157993101 31.0703388434 31.0806255213 30.5682102448 31.0574699733 30.5435613521 30.6327079017 30.819829979 22.7230704973 22.7230704973 68.8254837602
0 0 0 0 0 0 0 0 0 0 0 0 0 0 0 0 0 0 0 0 0 0 0 0 0 0 0 0 0 0 0 0 0 0 0 0 0 0 0 30.757628727 30.6440004824 31.1421942726 31.1661527759 30.6596530512 30.8473913055 30.9791231334 30.7526637208 30.8098805103 30.6580637279 30.7266603865 31.1280031469 53.7986764334 53.7986764334
0 0 0 0 0 0 0 0 0 0 0 0 0 0 0 0 0 0 0 0 0 0 0 0 0 0 0 0 0 0 0 0 0 0 0 0 0 0 0 0 31.186311021 30.7869755984 31.1384225818 31.0162152563 30.6908041586 30.6274511486 30.8421365637 31.1445364373 31.0399808599 31.0439377781 30.734567618 53.7986764334 52.8371906277
0 0 0 0 0 0 0 0 0 0 0 0 0 0 0 0 0 0 0 0 0 0 0 0 0 0 0 0 0 0 0 0 0 0 0 0 0 0 0 0 0 30.8080665277 30.5005370385 30.6277147344 30.7633208527 30.8844805475 31.1166569093 30.9506988171 31.149730147 30.8447905361 30.7523788621 30.655530422 52.8371906277
0 0 0 0 0 0 0 0 0 0 0 0 0 0 0 0 0 0 0 0 0 0 0 0 0 0 0 0 0 0 0 0 0 0 0 0 0 0 0 0 0 0 31.1775536217 30.5597878347 31.2017419495 31.0647039159 30.6681820264 31.2000137863 30.5398901079 30.5916356093 30.7658285657 30.6628710096 22.4348247456
