Spatial_Output/BAU/BAU_0585.asc
NCOLS 155
NROWS 192
XLLCORNER 196769.923733
YLLCORNER 449719.875193
CELLSIZE 27.603701
NODATA_VALUE NaN
[rows 69 to 91 of 192, columns 53 to 105 of 155]
28.2141788255 27.4123215837 28.1943259932 27.1409383575 27.9720516019 27.177600134 27.9032514299 45.6442804605 45.6442804605 45.6442804605 28.3021855276 27.2915627287 27.8095134575 28.5622727338 26.736759665 27.4707062729 27.1425288724 39.9766091436 39.9766091436 28.5698877292 26.9428742054 26.8032545499 49.670973375 49.670973375 49.670973375 28.6167017841 27.0761972636 44.393070317 44.393070317 26.7914679093 64.4528524893 64.4528524893 64.4528524893 45.4432531934 27.4369773484 26.5933068728 50.5259431446 50.9722970368 26.5325681295 49.8010480849 26.5087972295 27.6768216147 27.1825867824 27.8736298883 27.8932399553 57.4450102624 81.7140513164 27.6619740811 27.9794673878 27.4899943948 28.1255735572 28.2962799767 26.5438740825
26.5091676335 27.521974936 27.0182365732 26.8055559299 27.212721567 27.0956949354 65.9100963948 42.8277447273 42.8277447273 42.8277447273 27.7971066836 28.5814653847 28.5692423175 26.585924181 26.9897184398 27.8715443102 27.3214557691 27.6678611938 26.819678387 28.4018796789 27.0017812771 68.0413048232 28.0346225581 49.670973375 26.5640600399 63.7680453572 63.7680453572 44.393070317 44.393070317 27.3475685212 64.4528524893 64.4528524893 28.3500624898 27.3725672468 26.7546556848 26.876147402 28.2600812008 28.6095017785 26.7616932073 28.0498140714 27.7384843402 27.7870815563 27.1589651828 28.5166599794 57.4450102624 41.0802621871 41.0802621871 28.2317104181 81.9603062728 28.5274961529 27.9977967046 26.5115730137 27.1107104482
28.3915264278 26.7040107819 28.0107644695 27.4614707064 27.7239605223 27.9593551723 27.9402818073 42.8277447273 42.8277447273 48.9207192724 28.2288761852 28.2283233807 27.738856574 28.1429798457 26.9455399725 27.9646141765 27.3748388304 27.5454258791 27.1118843476 26.9606336923 27.1607805529 27.6741569116 27.7406059245 49.670973375 27.5551452277 27.7208686588 27.2020153418 27.7761473131 44.393070317 27.4170119914 28.0823904645 26.7688850105 26.9186490393 27.3194196022 27.273514236 26.686208046 28.1362131935 27.3880355102 26.9679684231 26.8492725156 26.9062043479 28.1598783698 26.95486708 28.3581725835 57.4450102624 41.0802621871 41.0802621871 47.4704468248 47.4704468248 27.1347803986 26.5533468938 26.8921801625 26.5842462612
27.1517669325 26.5210572166 27.4050560501 26.759351109 28.5690461682 28.344610445 28.5577094003 59.3102544915 39.3539117956 39.3539117956 26.5349197188 27.2677643022 26.934720998 28.4016258309 28.0864375134 27.6628688343 27.5620075132 27.1559037351 27.3448012374 27.1541083715 28.5114717131 28.3817603401 28.1387039268 27.8930650501 28.380375546 27.884777354 26.6047959236 28.3828298885 28.6001994876 27.115980753 26.7604517264 27.2621599586 27.5366901135 27.6490975872 26.6653762502 26.6627385178 26.7210106177 27.1475870509 27.6139943657 27.0035949069 27.5033039183 27.6394432162 26.7234727226 27.2224470841 26.8259882298 49.579616957 27.2219117278 47.4704468248 47.4704468248 27.7414221339 52.2713519436 70.5522734995 27.5551373121
27.6696705386 28.5069984355 26.9143343326 27.3624452599 27.3133538139 27.3751347246 26.640503714 52.2570450531 39.3539117956 39.3539117956 69.0179773921 26.6831406299 27.3847716981 26.8518841616 27.4864117494 28.5260492564 27.8681754795 26.8508051246 26.6051952251 41.2482277878 41.2482277878 41.2482277878 27.4986640619 27.8818077276 28.2700745502 27.4745099181 27.3294671919 27.3805725346 28.1191656597 28.2854277385 27.7250887959 28.1400754452 58.2985625265 46.2560079251 28.172011447 26.5858240329 27.4312374951 28.1037554024 27.7038683197 26.6632175092 27.5049266765 27.3358034481 28.4643360808 27.8534740507 27.8280504644 28.5508947477 27.5740173923 41.1117952994 49.556626747 52.2713519436 52.2713519436 52.2713519436 27.8913321161
26.9705051686 28.1399233626 28.4900505577 27.1531994201 28.5957948429 28.0453064432 26.6322681038 69.0179773921 69.0179773921 26.61521758 28.2624236163 26.564933177 26.9583047713 27.2804600264 27.7784380284 28.2873077863 28.1291610023 26.898782594 27.4587979693 50.2939519471 41.2482277878 62.0024028736 27.3896095814 28.5325415198 28.363365694 27.5979785283 26.7601168096 26.5056707036 26.5681749706 26.72717758 27.8243539076 27.7928752632 46.2560079251 46.2560079251 46.2560079251 26.8367151637 27.8470252171 27.6660255445 27.675335828 28.2436396215 28.0901700957 28.0919708871 26.6295991712 27.9865672921 26.5561662017 26.7509684392 27.4381578723 26.8157881928 27.5294142354 52.2713519436 70.5522734995 70.5522734995 64.0415763192
28.5279223306 28.1519330991 27.5497443883 28.0539977356 26.5666161605 28.3201071722 27.1146862913 28.0662020195 28.1746839687 57.9087336641 67.7755573563 26.5726690066 61.7929160944 28.3528050819 26.9382292758 26.6148130423 27.0962452369 28.1063648638 27.6706882719 62.0024028736 50.2619103607 50.2619103607 27.8350291513 27.2193495599 27.8472427146 26.7438468945 27.1231781051 27.7253056315 28.6060579807 28.56815238 27.0141930217 28.2968627483 53.5300599673 46.2560079251 44.813652966 57.7750490674 27.3412300525 27.3354282216 28.5211071277 26.554911135 27.2139211517 27.9571276262 28.3283606085 27.0774237709 27.8009813859 27.1570570695 27.410274732 27.5048823981 28.540234206 27.6250638434 27.1837341339 28.3332157554 27.7144741654
26.9775140051 28.0529238406 26.6474871245 27.8493696231 26.9978746446 28.1259918992 27.2853270622 28.39364277 57.9087336641 50.1911638503 50.1911638503 50.1911638503 26.8702700527 26.5396902923 28.1093260926 28.4185811657 28.2634675531 27.9122367333 28.0898852979 50.4978836802 50.2619103607 50.2619103607 27.2798847966 27.2122691706 27.8388995833 28.1061628778 28.3462148376 27.50055617 27.4236178146 27.2713562927 27.1509797066 26.8379310424 26.7615411713 44.813652966 48.4745099951 26.8817556203 28.0783839064 27.836406696 28.1162740395 27.9133734653 26.9448340505 28.472715668 27.8629251422 27.5717855048 28.5993772248 28.4747012174 26.8876638516 28.4549609527 28.1856268922 28.3007165876 28.5219953996 27.3890134998 28.6058730783
26.7294473365 26.6999015407 28.5302491945 28.3368378491 27.6043819811 28.5319063263 28.204546425 27.4944244318 27.2412442644 27.0231682719 50.1911638503 67.7755573563 26.8405915716 26.9441810995 28.4072633944 26.5221882199 27.0575928665 27.1918182835 26.5002659922 27.0004465469 49.5709016263 40.9817784004 27.4822329298 26.8800445731 26.8365164601 27.3859541797 28.3972378487 27.8995364536 26.7720447152 27.1130625131 27.7659136552 27.0399254781 27.9051627313 48.4745099951 48.4745099951 48.4745099951 26.9914062506 27.6271947739 27.5287362226 27.7116451952 26.8514725672 27.4041495198 27.9309358469 27.3042515878 28.2245748776 28.5657966965 26.6373184461 28.4426348169 26.6012555278 28.5026824346 26.6942980722 28.5626231346 26.5189447387
27.7459864375 27.0381384875 27.2267674585 27.9291469897 27.0821049328 28.184222135 27.2901553006 27.7107675176 26.6826593788 69.5060519083 27.6137800773 26.7908919738 26.8702853488 28.1965534729 28.0799363543 27.8569774872 27.6097416295 28.6068077542 27.8155640364 27.9383293904 49.5709016263 40.9817784004 40.9817784004 27.9677266164 28.1596569406 28.3177170133 28.364445501 27.6671902267 27.9442680925 26.987824103 26.9749343669 28.3017489227 28.4809642033 48.4745099951 48.4745099951 28.2785865044 27.9758137322 27.5512201348 27.4896254463 28.5147886963 26.9789740381 26.7436435576 27.068054055 27.9098400456 28.1008903194 28.4411374355 26.7030696369 28.5106038524 28.1734631002 28.6174483314 27.3699329171 27.268989217 27.7091892722
27.8211560194 27.3277229332 27.4507617012 27.7103918483 26.6402860787 27.4411426607 26.5869472882 26.6684895882 69.5060519083 69.5060519083 69.5060519083 28.1264324144 26.516558838 27.2609135925 27.0453606388 28.3002388243 27.5864261155 28.1592456297 27.9014528669 26.6464944036 40.9817784004 40.9817784004 52.1643530253 28.19068877 27.7729828891 27.7131541007 27.4803180983 28.1197387903 28.1390609606 28.0419262453 27.6502322636 26.6285603252 27.7175369451 27.3000292168 52.1120273096 52.1120273096 27.5837573459 27.1935430031 26.8409170769 27.5986386148 28.0078327393 27.0427492793 27.5189468297 26.7241322384 27.8200883159 27.5631339873 27.8661619889 28.3778677625 28.0443469432 28.1695153219 28.3987606456 27.238402942 26.8419982661
28.3253545401 26.8732723179 26.6841808374 28.4407562689 27.3895153745 26.9914554625 27.1798155954 28.1148404224 57.0490317448 69.5060519083 27.3156398944 26.7750983889 27.1637140442 26.5397034437 27.3499586802 27.9737461122 26.6474579028 27.5923231098 28.2060692184 28.001600845 27.2218245791 52.1643530253 52.1643530253 52.1643530253 27.2748957712 28.3279839286 27.165507814 26.6213996389 27.2267647781 27.3813780144 28.1509052784 26.6725417833 26.8995083539 27.2533127278 52.1120273096 27.2746577624 27.7309316931 27.9760968295 27.2428047439 27.4025359806 27.1725726366 28.490567559 27.4064084597 26.9200108182 27.8807230854 27.6616623346 28.3614068088 27.3082243682 28.4520696744 27.9911068709 28.5433070202 28.0705107172 28.1033207432
28.3464994694 27.6357465494 28.5208186902 26.9350360378 28.1512767814 27.6519038667 27.683014596 28.281663416 27.6014226413 26.6142568961 59.4693290819 26.8726990543 27.1979563831 26.5945199906 27.1424569225 28.2283178598 27.8873864004 26.8202424178 28.4399622934 27.6763960688 28.5141412233 28.067000932 28.1458349416 27.172791087 27.702429381 27.1846967115 28.0756703752 28.20188894 27.027170261 26.7573097762 26.6026142593 28.4107513368 26.7214469928 26.76248176 28.4217584749 28.4015866652 27.2048053427 28.4018380639 27.7994524377 26.8896476538 28.0718074945 26.5985474388 26.8197926109 27.8029178236 27.8255235596 26.510165855 27.2499306475 27.8574640867 27.0691284374 28.0936930281 27.9027840077 26.7434154355 28.24825048
27.4469276282 28.4335082015 28.2340617603 26.8275921156 27.5576136993 28.469533406 27.0863645437 26.6596619374 27.8549065699 59.4693290819 26.5917664432 28.4690588477 27.7731216196 27.7820679388 27.8987336037 27.47199723 27.333462501 26.7523903714 26.7131570388 27.9719204091 26.7334359772 26.980003925 60.7231643587 72.909751091 72.909751091 26.6673812492 28.1500222895 27.2651272713 28.3157723871 26.9753587756 26.8204578312 27.9685930753 26.8565136998 26.6281168531 27.9515949206 67.1760993107 67.1760993107 26.5983025104 27.1066174457 27.2241414914 27.0040497437 27.5517956543 26.9684217517 26.8651605225 27.8326103158 28.2084569844 26.6798663747 27.3761966174 27.7895997754 26.7024806981 28.1675618838 27.1637252874 26.861437163
27.9067453252 26.904139096 27.0320114773 26.5463636952 28.0572348585 27.3423941043 28.402669658 27.8959925604 42.9610430862 26.5077050591 27.2603404803 26.5303157468 27.1751942418 28.3719894453 27.5635073453 27.0684861662 27.812902544 26.868814408 28.4572272336 26.8648642058 27.0895591495 28.175780856 72.909751091 72.909751091 72.909751091 28.5626834833 27.2186074669 27.4209328041 27.6342244991 26.663117859 27.8615240724 27.3522781401 27.1301457749 26.9695879642 67.1760993107 67.1760993107 67.1760993107 26.551630842 27.5169213218 27.3423171323 28.3088801942 27.8624977739 27.6505148413 28.2916307905 27.7572385732 27.3827222395 28.6147865946 28.436252501 27.0218831497 27.0854736385 26.9592266037 28.0216985557 27.4729491194
27.4835358787 27.3631299622 26.7955569178 26.7187976689 27.4441301701 28.5524551461 27.6251706506 26.6266878953 26.55655656 27.027704901 27.4945421426 28.138231819 26.8777670233 27.3424605139 27.7478058676 26.7873522453 27.0976727766 28.4144202037 28.0124595362 27.2642145396 26.5540533675 26.9573641775 28.3809485301 67.0103780419 67.0103780419 67.0103780419 27.8293928886 27.2036594879 26.7008292623 27.4791377049 27.5879272767 27.6017576021 26.9133341152 28.5418814998 27.2674829664 27.3694256793 61.6454038593 28.3740061663 27.9430387869 27.2019909519 27.8028930063 26.7844436926 27.060114038 27.8681283651 27.0973053977 27.7013695855 27.6065573087 28.1232130077 26.9969140396 28.0340062172 27.5798604086 26.6341326346 26.6088600009
28.1764372808 27.6417305816 27.2904220455 28.4606116559 27.8873020836 26.6914142133 26.8772464794 28.4689848842 27.3973295152 27.5085480338 27.3285242967 26.9002230376 27.9574500034 27.6746232688 28.4144746173 28.2956110482 27.1325491474 27.126658622 28.4939840992 27.6802414792 28.3415987851 27.7025799665 27.6853958452 67.0103780419 67.0103780419 59.2747075291 59.2747075291 27.4410341687 26.8671791235 28.2899315954 27.6330178802 27.1847688786 27.9647073178 28.3535563425 61.6454038593 27.421470904 61.6454038593 27.4613210838 28.5953179678 28.0092105627 26.9657527532 28.2917373982 27.165891164 28.483368686 27.8190873059 26.663889187 26.9392247965 28.3927426362 27.4137345712 28.1697715278 27.3631632883 27.2416344015 27.0322973517
26.8567168088 27.9349903893 27.602998939 27.3369344624 27.0253615079 26.8078739229 27.4399236431 26.6781507252 28.1117813311 28.3646166209 27.5827352051 27.3382966452 27.6916585336 27.7886029811 28.1295030779 26.8359849088 27.4669608606 27.9285622197 28.3415028203 27.1978757915 27.3489582978 28.003720966 26.8547437522 28.266988542 50.5839908674 50.5839908674 28.603454885 27.2118231226 28.3623283741 26.5042631321 28.2360817332 28.1741660906 27.7766867508 27.6353236736 27.1061035333 61.2818678175 61.2818678175 61.2818678175 27.4434458732 26.8526903936 28.101120209 26.909385635 26.6633946746 27.8807320666 26.6380237404 28.2149905212 28.3092490376 26.7955248079 26.8362018826 26.5089883295 27.0256679756 27.8285150649 27.1494303245
28.2208985536 27.1323565413 26.6106501395 28.2060172547 27.3196754725 27.0319328156 26.6987235364 26.9724569382 28.0436617763 26.8693672069 26.7408741646 27.0726799219 26.6808923915 27.2609013236 26.8893140652 28.4189211008 27.9060390655 27.0816844795 27.4531765124 26.6868874958 26.7291064533 27.8228456516 27.456470417 38.5372820867 50.5839908674 50.5839908674 60.9633208702 26.9919949678 27.8162580623 27.216464803 49.2347145235 28.2393936746 28.4624603245 26.6933387672 47.4287575278 61.2818678175 76.6326739423 76.6326739423 26.7761614097 26.7165096248 27.249586665 28.3228473883 28.2962358208 27.6609371582 28.3000967559 28.2639205981 27.6930752382 27.7922615763 28.4129509917 28.2942458121 27.7537163386 28.145921545 28.3970918624
28.5459822091 26.6877727539 27.3976272065 26.6077588125 28.256436827 27.4056409615 28.193371472 27.4670259304 26.8942351966 28.0107612809 28.4865111501 27.2236667819 26.7354667964 27.6991810935 28.4413183302 28.0141719289 26.8450533276 28.2433225419 27.2269053065 27.1235481841 27.5773417932 26.7609133349 27.6552178133 52.0159947754 61.7092097674 61.7092097674 41.2001550463 28.0470112492 42.0884606233 42.0884606233 49.2347145235 27.6315554781 67.7253585927 67.7253585927 47.4287575278 47.4287575278 47.6069905274 47.6069905274 76.2363223657 27.7719510017 28.526689082 26.8763999539 26.7930318383 28.1664592602 27.8076415703 28.407423335 27.537350193 27.5253228297 26.5419598743 26.8504419425 27.7475874727 28.3950143936 26.597572336
27.2489404793 26.7880885252 27.1157213155 27.170491759 27.3403333503 27.2232698874 27.4893992692 27.0451495514 28.5188399394 27.8107575534 26.9845448691 26.6264125953 27.5949223091 26.7550999532 27.3442750377 26.617017406 27.2082196375 28.5363502734 28.4561507124 26.5013233202 27.4662145499 28.4056457217 26.5014742721 56.3787130059 61.7092097674 61.7092097674 27.4673627083 42.0884606233 42.0884606233 42.0884606233 49.2347145235 27.9764854501 67.7253585927 67.7253585927 47.4287575278 47.4287575278 53.693126673 53.693126673 76.2363223657 27.1222447535 27.9212540415 28.0430422646 27.6306269856 28.0857882134 27.389888534 27.6167720849 26.5786346316 27.6016323247 28.042030745 27.5491556243 26.6058955237 28.6120926181 28.3403747452
28.6084278574 27.3683493965 28.1416038659 28.4261444714 27.0507492228 27.7821976152 27.5513840332 27.4921086953 27.7273850703 28.1832213116 27.0596172852 27.2023978872 27.2428035035 28.1573452963 28.154491378 27.5565145077 27.3989702259 26.7604592501 27.3811801966 28.038340114 27.5004759066 26.7511548589 28.4690971154 38.8250530646 27.3618255723 26.566458906 41.2001550463 27.5035471212 42.0884606233 26.9402599736 49.2347145235 27.1386326246 27.9728687844 67.7253585927 47.4287575278 27.7269646834 53.693126673 53.693126673 59.9207266317 27.7968423318 28.2599737752 27.2204599382 26.850219704 27.1788939669 27.8269369116 28.4637369942 27.6305688662 28.3189676069 27.0063768602 26.5695680108 27.3987748628 28.1619686179 27.0363225405
27.9306092753 28.4599913912 26.844498102 26.9272319545 27.2443914329 27.0910533758 27.1490039126 28.0650715034 27.9558079326 27.3541768893 28.5612152157 28.3908225353 27.2087475281 27.1479542887 28.4603075323 27.038073492 27.0799072532 26.6708724637 26.8783585217 28.589390296 27.3145409566 26.9981711509 27.5789222346 58.357993222 58.357993222 58.357993222 27.5136654595 27.5319782052 27.5908824455 27.4425709995 28.3085465447 28.5982927887 27.774952936 27.8921226553 27.6641572952 28.2868315533 71.4897905412 48.9297915312 48.9297915312 27.3302908723 27.6450789108 27.3797697682 27.1138602063 28.1032592181 27.9688144556 28.3900923893 26.6082300257 28.0416675965 28.5322114984 28.5000377974 27.1246535667 27.9582804596 27.6898347489
