Spatial_Output/BAU/BAU_0737.asc
NCOLS 155
NROWS 192
XLLCORNER 196307.867259
YLLCORNER 449144.565805
CELLSIZE 33.573938
NODATA_VALUE NaN
[rows 100 to 124 of 192, columns 57 to 113 of 155]
27.1112657684 23.0936214609 24.2749652628 25.5879307742 23.5932352739 24.732375211 26.445137068 62.4098327185 25.935315494 26.8509800774 27.1142044442 26.6071644439 25.4578480145 24.337217447 23.149965032 25.5277781546 25.3448217336 23.2225954709 23.2452558893 43.6263606882 43.6263606882 43.6263606882 25.2173257482 23.6275882196 25.062342827 26.6101399543 23.1353817801 23.2018519661 25.1376867802 25.6993919317 23.8043867347 44.8952201275 48.4803248532 72.2707122212 27.2252772686 25.2480583869 25.4447941544 23.2605154063 26.9750104325 23.2950856845 24.6886395432 25.8180595744 26.4713290081 24.3868686663 23.2510325132 25.6738415801 48.7641206964 62.4741719473 62.4741719473 26.9852029005 26.881661 27.056193843 53.5294075534 79.7614037629 41.7275344388 59.4024472022 73.2082297435
27.1558101348 25.195349339 26.9277345138 23.1376103498 24.7006146558 24.5594728836 62.4098327185 62.4098327185 62.4098327185 26.6069455545 23.6261799869 24.4188009746 24.9409573114 25.8255185469 24.0019125455 24.9140818605 23.2245221654 23.9141060757 24.927047458 23.5450138176 43.6263606882 43.8148051419 25.7600737974 26.7672371459 23.116370271 23.831431219 26.3158237345 24.4260358783 25.2252874133 25.8680621191 26.1277019975 72.2707122212 48.4803248532 48.4803248532 25.1348962989 23.6092023046 25.6430099675 23.3188283693 26.4343797968 24.1924700714 25.7071308534 24.5719829121 24.5023971706 26.1471094457 25.7287991904 24.8068653386 62.4741719473 62.4741719473 62.4741719473 43.8459225476 26.9559106574 54.7998052561 79.7614037629 79.7614037629 41.7275344388 59.4024472022 73.2082297435
25.6754404804 24.6099844018 23.5429841589 23.3702476168 25.980152977 23.2076010501 26.2034399411 23.0202665649 25.3563211421 24.3229724196 24.9405022384 61.2067383864 59.1848669979 24.2811517303 23.0605821769 23.6667393472 24.3707074659 24.3932666204 27.1176279497 23.4821943401 23.1339624698 56.7806238087 25.2775746563 26.7403699955 24.7260177269 26.2500233288 24.5408806524 23.9301718517 26.6437801536 25.7614111005 25.4836882915 48.4803248532 48.4803248532 48.4803248532 25.5226421715 25.7300733424 26.8898438163 23.060410853 42.4381986335 24.9295709332 73.6645684554 23.7002976784 56.3512755739 47.6220828685 23.7530194089 63.2376238468 63.2376238468 26.6159880136 51.2817052892 51.2817052892 54.7998052561 54.7998052561 53.5294075534 79.7614037629 41.7275344388 59.4024472022 24.0355337469
25.8165075458 24.1528121839 24.0008836403 23.9561680353 23.1846504644 25.3866257057 23.0905849904 24.9785821054 24.6631854313 26.2808756029 61.2067383864 61.2067383864 67.0129213961 24.6294505958 63.6789034056 26.5849989237 26.2609973976 44.8374644858 24.0609428229 24.9786834762 24.3256512584 24.1680407262 25.1632237085 26.9121242545 23.9377821593 26.1976300539 23.2071173874 27.1330045363 23.3043388813 23.1239511811 45.7151849644 23.4244290664 23.7657688814 26.880931366 65.785080582 67.0528819473 26.2240977446 27.0772752236 42.4381986335 51.1404180818 73.6645684554 73.6645684554 56.3512755739 56.3512755739 47.6220828685 63.2376238468 63.2376238468 60.5328288231 51.2817052892 51.2817052892 57.4139418002 24.0262255643 25.3128669331 25.3720397905 26.2577255874 26.2829407278 26.2093472279
26.656959292 25.1606603882 25.3919665291 23.045874394 24.3421913314 26.6343337918 26.1091134622 23.7098633584 23.8180124181 26.9961886436 61.2067383864 61.2067383864 25.9499323589 27.1667090195 42.3087842478 26.2460105226 26.1632185691 38.9612955271 38.9612955271 35.188369387 69.1601130905 26.7855746736 25.5461372442 24.4104238322 23.1543080897 23.7272302542 26.2106529422 23.6881226132 26.1552032059 51.4844774729 51.4844774729 45.7151849644 26.6974405524 25.3562793007 27.0953066987 26.5106976843 67.0528819473 24.058482581 42.4381986335 51.1404180818 73.6645684554 73.6645684554 56.3512755739 56.3512755739 47.6051161475 52.2942404415 63.2376238468 60.5328288231 60.5328288231 25.4472180826 27.2418128787 26.5822587281 26.0726575888 24.5016860166 25.1629335256 26.0249839117 26.9043691565
26.8808100924 26.8271519658 24.4142694739 24.7217021396 26.6645327994 24.4573255681 26.4854833178 26.1705026611 24.8354681209 25.1996471797 24.0948352026 26.676337573 25.3589613632 26.966227966 23.9774769998 26.756533165 38.9612955271 24.6674664255 35.188369387 35.188369387 69.1601130905 53.4671032457 23.3659925346 26.6062479902 25.0554092672 24.5213104286 25.8428141968 25.7008930468 25.8136248741 51.4844774729 51.4844774729 45.7151849644 23.3448815392 26.043245162 23.0275816759 67.0528819473 25.2828976556 26.9993632373 26.7410353091 23.9425026178 54.8195832502 24.665836162 25.4230890082 26.0528695029 26.7444843884 26.2372710066 60.5328288231 58.0482612718 52.4289073064 46.646050218 26.5560827849 25.6794532724 27.1953252323 25.511530515 24.3156770755 26.8380140647 24.3383018242
26.5565378076 23.3147622607 25.7691853522 26.8619811035 23.8179143304 24.1408711078 24.5020317841 26.4612723111 23.1433019034 25.2055997232 26.5155930739 26.4289699877 25.9728099834 26.9593458995 24.5458873224 24.055355046 24.8912951671 38.9612955271 64.4631100664 35.188369387 27.031874478 25.3297193483 26.5363881009 24.4767327135 25.9122396131 23.2697190517 25.5114347354 23.4755383037 23.5483809654 24.2984775452 45.6927771614 23.4241308639 24.5525579013 25.9121324122 24.3721500742 25.7147462884 25.550017783 26.3194694034 23.9150165982 26.5841630231 24.7359117218 26.2063689003 26.2368649651 24.7883485285 26.9597645109 23.9997834378 23.9063580983 40.3926731226 40.3926731226 58.0482612718 25.3030518075 23.5925014134 24.2141869128 25.1780992525 26.6909992698 26.3074295201 24.9724475257
24.1187815955 23.1393933589 27.1098068137 27.2115832656 24.5415566627 25.5825443221 23.2336483655 60.0232819292 26.6162051977 24.7305634683 25.0653354955 26.6537827355 26.4470325853 23.7493930596 23.0220170709 25.4976340179 23.3010484491 25.3537411687 26.864258979 55.8343500414 55.8343500414 25.3880728666 26.0863509055 23.25163578 45.4287898495 45.4287898495 45.4287898495 25.6920926364 24.0028666121 24.2490645956 26.1557841867 23.5057956827 26.0323617895 26.6275119771 25.8024447968 23.9744562276 23.8107867901 26.0632526119 25.2328962417 25.833707171 23.1079170633 24.3667566112 24.6294490206 27.1593422677 23.2722231436 23.7857843758 40.3926731226 40.3926731226 40.3926731226 40.3926731226 25.7367755034 23.0730764447 23.8132633146 26.2534737766 24.2324897236 26.8471798064 26.4848365287
26.957535879 26.147203039 26.1832901813 25.5619410096 24.1278533808 24.022265743 60.0232819292 60.0232819292 60.0232819292 27.0884581115 23.278636866 26.8945260556 23.9715281579 23.8520601871 23.6329982954 24.671578582 26.5075124711 24.4175017821 23.1117100428 47.0252468407 47.0252468407 47.0252468407 25.5600679024 25.7144565632 47.4534206853 47.4534206853 47.4534206853 23.0092603573 26.6963755383 24.5799951528 25.337082656 25.0498967932 26.0703921257 24.9813479474 23.1501856065 26.1632649887 23.7001044863 24.4529105458 23.8332032696 26.5228416844 23.9075404586 23.0071838409 58.8309276679 72.7876360789 23.1928841385 61.1786193971 64.8653853967 61.6647961793 61.6647961793 61.6647961793 26.6155678066 45.7409886083 69.5536542646 26.9725709496 23.6743349461 26.7299666074 24.3076300701
26.5657160173 24.1520061209 24.6494557686 25.6905318707 24.3956050786 26.2404375033 35.6684198289 46.2726779633 35.6684198289 24.8952021789 27.2336974458 25.0004122682 23.093686691 24.8380606752 23.9878489673 25.9591045287 26.1333374395 25.6954327972 25.4724051094 49.79061863 47.0252468407 49.79061863 24.170460539 24.6247464448 24.7237908466 47.4534206853 47.4534206853 24.1883511078 54.2498692119 53.4462458345 72.3554391106 59.3094890467 23.2710416548 24.2092239295 26.2479399721 26.8565771586 23.2404286707 40.1984360309 53.6993226409 55.5551547258 23.8319893188 58.0938250606 25.6512939758 72.7876360789 61.1786193971 64.8653853967 64.8653853967 61.6647961793 65.3491377602 65.3491377602 45.7409886083 45.7409886083 45.7409886083 47.5937181574 47.5937181574 50.3370100806 45.7089207458
25.1539723104 52.114552036 24.3536169713 24.646627977 61.0654308702 77.9387520895 46.2726779633 66.6822963286 46.2726779633 59.1188667359 23.6954222894 24.3068213915 25.0820750184 23.2794334964 26.1264363655 24.6737599551 75.549846482 26.4852013202 23.6123422917 41.2932065436 41.2932065436 70.0439957336 45.8081672649 42.6132915121 42.6132915121 42.3740247335 42.3740247335 47.631520293 47.631520293 55.0842582058 72.3554391106 39.8933499044 39.8933499044 24.0674134094 25.9698999489 24.5417610587 26.8735979927 53.6993226409 53.6993226409 53.6993226409 26.0202386507 58.0938250606 26.2388666589 23.5718724893 61.1786193971 61.1786193971 64.8653853967 24.2800821999 55.1688240485 55.353303271 23.5670838272 45.7409886083 25.7446840933 74.0598728931 25.9334766702 24.5457258167 23.5264694902
48.3105909973 52.114552036 26.970568453 24.8477622644 61.0654308702 61.0654308702 66.6822963286 66.6822963286 66.6822963286 59.1188667359 74.2542103856 25.6467595967 24.3045099046 23.4760341895 23.3236431599 23.6040288979 75.549846482 75.549846482 75.549846482 39.8459730631 39.8459730631 53.8321725586 42.6132915121 42.6132915121 42.6132915121 42.3740247335 42.3740247335 47.631520293 47.631520293 53.4462458345 72.3554391106 39.8933499044 39.8933499044 23.2933549197 63.1395766964 26.1615288369 23.2142933964 40.1984360309 53.6993226409 55.5551547258 26.8336486498 27.1794145311 26.3042290254 72.7876360789 23.6192423989 61.1786193971 25.2653429195 23.5028129755 26.2025827364 23.0759375041 25.0838353579 25.7855076651 27.1391925912 25.4704407446 26.508886588 23.4298948879 27.0415136017
48.3105909973 26.2497024371 23.1819135922 24.8755068146 61.0654308702 61.0654308702 66.6822963286 66.6822963286 66.6822963286 59.1188667359 74.2542103856 23.1057156421 23.797123269 26.2433900657 26.717786108 23.9198291203 75.549846482 75.549846482 26.0074144699 39.8459730631 39.8459730631 39.8459730631 45.8081672649 42.6132915121 23.9302562089 23.8518907086 55.3660901042 26.9544836165 54.2498692119 53.4462458345 25.6257746227 59.3094890467 26.3090458669 24.9029114982 25.8485707358 27.1002777732 23.2586128994 24.8059358103 26.9493630152 24.6641625387 26.2343435417 25.1899652738 23.3449107546 24.2421195274 24.6437693975 26.4055810172 23.0381932308 25.8215645189 23.9458173812 26.2545315749 24.2086949463 26.8345842799 24.9126381676 25.1556258679 26.7433426695 24.8038698692 26.1436475668
26.6711978789 26.8260080499 25.3517856816 23.7997072758 26.8364623172 77.9387520895 67.5112229892 67.5112229892 67.5112229892 24.0550814957 25.2498321512 25.4310064014 24.4125303614 24.0742094868 23.7158777576 25.7219065236 23.3493564997 26.7034528128 55.5957755561 55.5957755561 59.399546447 24.5981582445 26.2796587653 23.0413552278 25.0517836335 55.3836738751 55.3836738751 50.0049109676 25.8699084525 24.4396476451 26.8915863379 26.888240384 25.3455765148 24.2711469703 26.0829335434 23.9106618958 27.1727811163 24.048883126 26.0661300564 23.0499257463 25.5393321593 24.3265705642 27.1194578311 23.5154314903 25.6096788222 26.3928210687 23.8660510213 87.1965562977 87.1965562977 87.1965562977 23.002235611 27.1410963241 25.0416844906 25.8339283462 25.8070081441 25.793348593 25.4683437461
24.2582215621 24.7650362141 26.4259557792 24.0966921253 23.0316006115 23.2437984537 48.4629987737 48.4629987737 46.1596406852 27.1660058498 23.085382995 23.1296455883 25.4937041167 26.5893429668 26.4878867565 24.0221083476 23.1533959804 27.2163860641 55.5957755561 55.5957755561 59.399546447 59.399546447 24.9916574805 26.7069517464 58.8177108279 64.7732954469 66.3091844613 58.7488333608 60.6836225086 24.9936064549 25.9749922788 25.9217182301 25.4851359553 26.0311285583 23.0181497905 26.9023384688 26.7115693215 23.391156354 26.0999866819 24.1966096967 24.011044117 26.2523338214 24.873720342 25.8006803861 25.5870607271 26.7770495347 27.2315297578 87.1965562977 87.1965562977 24.4863979775 25.9430167998 26.4224407461 26.8045471413 23.8198295277 23.5247008964 24.9717599846 26.5005348954
24.8699963073 24.7001480753 26.3922874854 25.3092497433 24.5189700621 48.4629987737 48.4629987737 48.4629987737 23.0897519625 26.9774238139 25.2154394793 26.5354133532 26.1115413369 25.7262203311 26.8730064227 23.2935588873 24.2135203774 25.2648709054 23.0524403948 59.399546447 59.399546447 42.7054528617 44.1543131381 24.5736827115 64.7732954469 64.7732954469 42.5645667032 70.1979965817 60.6836225086 62.7064330503 26.2317559605 57.0545481066 25.3355103938 24.1953494828 23.0722171242 25.6502978366 26.4653857195 25.7998428986 24.6018214895 24.8252991441 23.7687549033 24.3484216599 23.3270255233 24.0856282735 24.8638567103 25.6944709892 24.1432533226 58.3064111679 87.1965562977 58.3064111679 25.4555440828 24.7380566521 27.181605291 23.9431292095 25.7911397912 25.1092641183 25.3880990867
23.0106617862 25.3281276938 26.560002559 27.1873600273 25.7190765305 24.2280458261 24.6594109801 24.9720492717 26.3806080678 23.5981800661 26.0916740515 26.4698554601 26.4789253399 25.8090039522 23.2771397319 23.5313086748 23.2502393326 25.3937335127 25.7725963083 23.0070050416 25.0440889354 42.7054528617 44.1543131381 44.1543131381 64.7732954469 64.7732954469 42.5645667032 42.5645667032 60.6836225086 57.0545481066 57.0545481066 57.0545481066 23.1714080726 44.657947585 26.6577205609 24.3900707513 23.4290662317 25.9836425816 23.8213783749 23.4061923833 23.8885103067 24.0592247001 26.5529002533 25.7105686596 26.0213953004 26.2768323551 58.9425888945 37.8023502005 58.3064111679 77.5650876945 35.383518409 25.3626326351 27.0651263454 24.0958688424 26.5559548476 23.7946557227 23.304598491
46.3350987474 27.0563627411 60.9213086448 23.4365400215 25.7444023841 25.8896725183 26.111770009 23.9575593777 25.8680519171 25.6165048751 23.6577735342 24.8708322219 27.2394184594 24.8754092915 23.0517675916 24.3457857427 24.1437690225 25.3985674092 23.2870156296 26.7074551522 24.8086660626 42.7054528617 44.1543131381 44.1543131381 23.3327255922 42.5645667032 42.5645667032 25.7084846515 25.2243730247 25.3661829369 57.0545481066 57.0545481066 44.657947585 23.8245671915 44.657947585 26.3984521267 50.3607131523 23.6314261797 24.5820014323 25.111684944 25.0516990992 26.6595595458 25.6654194622 24.9080978202 27.174426059 58.9425888945 58.9425888945 70.370545618 77.5650876945 77.5650876945 77.5650876945 43.0842964709 26.9755442698 23.2117417302 25.9445146611 24.0281790457 23.6413392302
46.3350987474 60.9213086448 60.9213086448 25.1336250386 24.2468895904 23.4380393539 23.0638563984 25.0157170767 24.2037604252 27.0311695367 25.5486492246 27.1880707119 27.0048043196 23.9818592872 23.0308672398 24.3677672904 24.7946590186 23.7845592821 26.7244043195 24.1088627802 25.0687366465 24.1648502147 24.8419916234 25.6667648132 24.2309506385 23.7864590109 23.680178542 23.3207056833 25.6914788913 25.5462590616 24.4292781658 26.8359421695 52.0451145016 48.8231648548 48.8231648548 48.8231648548 25.3338225063 26.5909578381 26.466919146 23.3687024702 25.6871828747 25.3461683091 27.1421335608 23.4611168572 26.0406280336 23.8463831225 58.9425888945 63.2056727293 63.2056727293 77.5650876945 35.383518409 23.3030350755 26.6726821437 25.5083317358 23.2134980355 26.8894345013 24.4974309502
48.2628338987 42.7728656897 60.9213086448 26.7436785466 24.703567393 24.0278958116 23.763314088 25.7950501547 23.3180534725 24.5721331514 25.2518604275 26.0495542144 23.9254428859 24.1172777248 25.9853691315 26.35023431 24.1596054658 24.7917552451 26.8798372446 23.9600135208 24.5863565479 55.8002432581 24.3268162427 26.9238806373 24.3156918194 25.813044835 25.3671859287 26.0139084598 23.484886008 25.9734680733 25.6581291871 25.9105009796 25.2370279497 40.7988064842 48.8231648548 40.7988064842 23.933927721 23.3105225425 26.9370438756 23.1288824451 25.4019449884 26.8380352849 26.7841808536 26.8747264483 25.8840788553 23.0382893846 25.9191948809 25.0201264393 42.7941182611 23.2911663224 25.5919523625 24.816837513 25.959703745 24.4128211252 24.0492568616 25.8572816865 25.2388523519
42.7728656897 42.7728656897 23.479610325 24.5507532319 25.117788626 23.1078304873 23.0215622736 23.2167937905 23.0148604141 26.3124016945 24.7851281049 23.3858651313 23.0350269807 26.8587539013 24.8327191926 24.1068027959 27.2014692803 26.8768466489 24.4798251805 26.6918956972 23.0014350826 23.4028813648 26.1010112291 25.4463399939 26.0571990412 26.0121047502 25.9330848897 24.8190601162 23.6835792343 25.9721292798 24.0212911869 25.6895108085 25.4189804907 45.4069119724 45.4069119724 45.4069119724 25.6732914687 23.1968174879 26.5163960767 25.1318303831 26.9900149018 24.2605830101 24.8907687534 25.8904219634 24.6084947668 25.3703243922 23.5093984999 23.0751505657 27.1589406275 23.7459748546 25.9397339437 23.7225509695 23.7547021163 23.2236790038 23.5642861557 26.9667816851 25.7827816574
42.7728656897 57.6903042649 57.6903042649 23.8154393488 61.8350530446 61.8350530446 61.8350530446 26.5567804195 23.6890660436 24.2654675141 25.2343518598 26.4186244777 26.8665624757 25.0169824002 25.5836243848 26.515383043 23.7435128435 24.0552068149 24.6415377623 23.8666378624 26.9576246982 25.238491277 23.26334395 23.3431539493 23.8360490353 26.160536945 25.1137411179 24.947573414 23.5214263617 23.0551326443 27.1077065409 23.9322704245 25.7354270214 45.4069119724 45.4069119724 45.4069119724 24.8127907134 25.956911303 25.1930469119 24.8767272357 26.9846156432 24.282248301 23.3964997946 23.7699851281 27.0622402084 25.7395915377 25.2450119389 27.2075976577 23.4899925814 25.5960549132 27.0692102419 24.5476290421 24.5475076272 23.4920805817 23.8161162245 73.5998486855 49.7225318009
57.6903042649 56.7334606677 56.7334606677 26.3004356362 61.8350530446 61.8350530446 24.4895240693 23.6505050003 24.9754564634 27.129999883 26.4196987932 24.8106112891 23.3364473296 25.6577643788 26.6632490956 26.8967962052 23.0998942921 26.8873597343 23.466552372 23.3240548206 26.3750594681 25.4316056812 23.0798337632 42.6792556703 23.2432833688 25.5179304745 24.5174219745 24.7880970496 24.8270274179 25.9935988744 25.2722430676 23.4800033615 23.444712221 69.1762655612 67.746996001 69.1762655612 25.1504866235 26.0076969154 23.8772347191 26.2495764473 24.9782768426 25.4253657599 24.1694700311 26.0106281878 26.018296504 23.8619741878 25.8048533348 24.4065532912 25.2365006729 25.9201039118 25.0084724301 26.3799159756 24.9726918278 24.4323267537 25.5177614467 23.9928525279 23.855152428
26.0633615419 56.7334606677 72.482397016 72.482397016 64.5085580236 64.5085580236 26.9329122774 25.6162461146 24.8737191752 23.6573463373 26.7971581221 25.0679656828 24.0035389197 25.3322817246 25.0551929104 26.4903916143 25.6207462109 25.6459635516 25.0663208647 27.027530351 25.8031589292 25.8267351054 55.5649487187 47.3147259328 26.5918333334 24.3614602995 25.2073818985 26.7939494254 25.7601149392 26.6666581067 24.6420251606 25.4782926046 26.9525855591 25.3126921856 67.746996001 67.746996001 23.9645072639 25.5342101306 23.5986130982 26.1410113227 26.9563415643 25.5810056834 26.8528404217 24.715132387 23.3613649873 25.6649910627 27.0581595851 23.3673394585 69.7956281811 26.2176051427 25.7905198416 25.2379450702 26.2753714968 24.9646621554 23.7481318119 24.334482958 24.6692224685
25.7803467824 23.6973052126 72.482397016 36.3805904878 64.5085580236 64.5085580236 26.9186760813 25.7140995337 26.3088045945 26.2387876682 26.9215450711 23.7390215558 24.36637371 23.4989408305 23.1622095394 25.7250193204 24.2051476433 23.2238787231 25.7712340349 26.483008054 26.7476575627 23.2205042044 25.2712200772 68.5278509166 26.70198626 24.1477311799 25.2655750855 24.6245772748 25.3523272747 24.9010087997 27.1430144609 23.3883277437 26.9574646534 46.4142290658 67.746996001 46.4142290658 24.7154781473 27.20817961 23.6736818643 23.0727979409 26.848640325 26.3823755506 25.0674209233 23.7358070156 24.475561917 62.7337611222 62.7337611222 69.7956281811 69.7956281811 25.8888331811 25.5243914476 26.3658387553 25.3385466737 23.132178895 24.0293567675 26.2821666858 26.9889664403
