Spatial_Output/BAU/BAU_1037.asc
NCOLS 155
NROWS 192
XLLCORNER 196769.923733
YLLCORNER 449719.875193
CELLSIZE 27.603701
NODATA_VALUE NaN
[rows 46 to 68 of 192, columns 53 to 105 of 155]
56.3259808323 56.3259808323 22.6327406905 22.6121688097 23.1227080426 22.8029775784 22.5749858713 22.8382796292 22.9283574645 23.1468395434 22.5880267074 22.8103315772 22.7842980548 23.1233131251 23.1606770731 22.7935093326 22.7054715324 22.6255067006 22.8778035926 22.7726690982 22.5945526908 22.5036399474 22.8508921157 23.0728552106 22.8766742907 22.5719035111 22.9294576551 22.8308625592 22.9448884874 22.6762259461 22.8532335627 22.8472536945 23.0608121405 22.653212507 23.0841647761 22.9484886995 22.9006775043 22.8250834557 22.9138366383 23.0029796681 22.5329714624 22.9519403423 22.8544314432 23.037074231 22.8999764684 22.9959548364 22.6378130501 22.7999312022 22.938599483 23.1204476943 22.8238008535 22.5193198865 23.1342668519
45.2780691327 45.2780691327 23.1634662096 23.1052393637 23.2032976155 22.7280279431 40.314477436 22.8044805983 22.6274386853 23.0397783036 22.8966991336 22.9386541473 23.0675953808 22.9682814928 22.7539957786 22.5536022552 22.6099046248 22.8898453886 22.7522090606 22.6813480299 23.0990175356 22.7528349204 22.8557336642 22.6899593986 22.5398977926 22.9649788967 22.9008385173 22.5513055313 22.9600800709 23.1292019957 22.727594988 22.924202783 23.1203159634 22.6563733886 22.9874244561 23.0669920989 23.079156636 22.8774482115 22.5737073446 23.0876260472 23.1213479463 22.8343102687 22.5119440457 23.0553118164 22.7505945238 22.9549712948 22.8747806322 22.6414084823 22.9942570385 22.7754517677 23.1850937477 22.9644063445 23.1230111523
51.7519413954 51.7519413954 23.1892674797 23.1401172731 23.1998628422 22.7773852763 40.314477436 22.7418158166 22.8612584111 22.9280153747 22.5279542117 22.8406548138 22.8325420671 22.8009133328 22.7628640353 22.8134200013 22.9797153451 22.8494456046 22.8606151928 22.5904333526 23.0385645617 22.52080964 23.0475917514 22.5369877449 22.5751242894 23.1234351511 22.6840502971 22.7872487839 23.1188742488 22.8331297928 22.8968931939 22.9238331669 23.1461261026 22.9537797938 22.6927719517 22.6797240736 23.0253097183 22.9184779156 22.8132565066 22.9353754539 22.6344174187 22.5764258819 22.9146714757 22.8395057027 22.5878387988 22.5833280305 22.7651181615 23.0481928477 23.0137824433 23.0285955252 23.1525357011 23.0708352205 23.0044906838
51.7519413954 51.7519413954 23.0737559221 23.0166142075 22.9978153037 22.7645852372 23.2061159287 23.1140428015 23.059169697 22.6437119609 22.885320883 23.0035829186 23.1788259969 22.6185851113 22.8309877073 23.1627648164 23.0828748678 22.7560951369 23.0775608129 22.6433980437 22.5772694226 22.7564856496 22.9739459286 23.0921074418 22.5625333515 22.6647793347 23.0268677251 23.0291972378 22.8348719613 22.5076822457 22.8862165013 22.5923134996 22.829294757 22.9186350748 22.8935861632 22.5188946199 22.8721265494 22.8056036891 22.5172806039 23.186702162 22.8186106906 22.9247668414 23.1762375948 22.7901137232 23.1289210119 22.6278699537 22.6303700459 23.0490869525 22.6115110342 23.166237307 22.8544457329 22.6963086834 22.9975679324
56.2431261029 23.0334495885 23.0708347733 22.5978870386 39.206923315 39.206923315 39.206923315 22.6075680988 22.842304311 22.7334853286 22.6339030245 22.9824735971 22.5050278684 23.1616415769 22.7915487893 23.1122558413 23.0269444054 22.740976729 22.5631207775 23.0221570086 22.6063536566 22.7489141986 22.6513929278 22.6502600536 23.1287120973 22.7298300699 22.5934965445 23.1283188124 22.9391944315 22.9512919479 23.2029148665 23.1716583952 22.7558809442 22.613782047 22.934498929 22.8151385705 22.5142487573 23.138011535 23.1751648016 23.1686409878 22.7721762663 23.1353688505 22.9932033703 22.60315523 22.776336655 23.1825842711 22.500138101 22.6259764461 22.5435145306 22.5319201661 22.9145381265 22.722200947 23.1641006194
23.1216130713 23.1670309886 22.8770548509 37.6355784465 37.6355784465 39.206923315 39.206923315 23.1638495912 23.1167590198 23.0092409774 22.6561045118 22.82291237 23.1053461619 22.8126927448 22.5541848496 23.0042864211 22.5187471996 22.5349486008 22.5766686237 23.0213651746 23.059187524 22.7142660912 22.8018056642 22.5656364833 22.9146477212 23.15925215 22.8124819395 22.7655044718 22.7127138023 23.0695776749 22.6536070909 22.960513761 22.9421732247 23.2034660718 22.571683487 22.6318846988 22.803788871 22.9699185457 22.9188855693 23.11868349 22.9237422421 22.656384202 22.830355201 22.5143861983 23.181157479 23.0681741873 22.8155392787 22.8049057618 23.0772523959 22.6847149801 22.9436636057 22.6418016614 23.1122242712
53.8783071631 53.8783071631 23.0365060824 22.9053663423 56.3478261667 56.3478261667 22.5801369113 22.7470229457 23.0902880598 22.8823415199 22.8574429663 23.0160653252 23.0895741112 22.7242612364 22.6573221732 22.9690226496 22.5592589931 23.157907121 22.6302834331 23.0120362507 22.5340375609 23.1789409899 22.8740694248 22.9558446064 23.1851445625 23.0823795661 22.7426696887 22.5202956056 22.7731784573 22.5474127145 22.7348383617 22.7268438354 22.9922439366 22.8209574494 23.0275647661 22.8420118599 22.9655675172 23.168339816 22.6198384449 23.1194603121 22.8675722725 22.8524656261 22.9043014098 22.8018803868 22.7984430393 23.1153551132 22.6474914273 22.566175564 22.8483981782 22.7869712893 23.0066200524 22.8937844137 23.0840785606
53.8783071631 53.8783071631 23.0869415803 56.3478261667 44.4944246712 44.4944246712 22.8026237608 22.6738012785 22.9587760641 22.6472816927 22.8520144065 22.6493287768 22.6839772154 22.845338341 22.9501833802 22.9915629657 22.602389931 22.7610369453 22.7167706238 22.7325723729 23.0103187225 22.5793764073 22.7595100012 22.6566397184 23.1718660563 22.7735265389 23.0544725142 23.0169345544 22.5526442483 23.0846246552 22.8795783135 23.0934627676 22.7158073297 22.8843006759 22.6645394438 22.6464679194 22.8906972182 22.580176398 22.9221164837 22.5883995793 23.0708861174 22.8781140185 22.5831204298 23.1403763621 22.504260193 22.7394822837 22.7525990116 22.9362534476 23.1007427674 23.0924547923 22.5074866108 22.5162417423 46.0743259961
22.5124033703 22.9926944096 22.8288834306 44.4944246712 44.4944246712 44.4944246712 22.5486154874 22.8763358066 22.910838755 22.846324979 22.9775352676 22.9315819797 22.6470260794 22.7374294492 22.7192218697 23.0668783387 22.8612334908 22.7838724506 22.5161963403 22.9698803209 22.6386507375 23.063761542 22.8042661371 22.5149325769 22.9153220069 22.6441954411 22.7100650637 22.8554545251 22.9553416915 22.9121496889 22.7227626638 22.6522732422 22.9201740422 23.0325033036 22.5486832541 22.6352122892 23.1678586741 22.8210235967 22.9290800574 22.8675581216 23.1936247366 22.7879814122 22.6036819083 23.175615182 22.8456541397 23.0910947042 23.1441724122 22.9872445901 22.9618364978 23.122564298 22.9622461213 37.9935087704 43.1618189851
22.6153479436 23.1523544561 22.7493947653 22.9222906587 58.5911441127 58.5911441127 58.5911441127 22.5859140584 23.123817887 22.9578000999 23.1058486788 22.9352307918 23.1324940404 22.7090815151 23.0268789324 23.1699503039 23.097877927 22.8790246649 22.5250510736 23.0628143533 22.7266471065 23.104098749 22.667330353 22.5800262107 22.8734303653 22.7348555042 22.6317883683 23.0314314674 22.6322684246 22.5387091428 23.0842399978 22.5414396676 22.8990490913 23.0159456444 22.5962274958 22.6204671229 22.9073080501 22.6852648705 23.0786192621 22.6556317451 22.519022477 22.6436909299 22.6056932065 22.9872087209 22.6267654031 23.175955036 22.9548022397 22.7702805291 23.1371785791 22.7866611668 22.7945038628 43.1618189851 43.1618189851
22.7545953456 22.9924832393 22.5546983202 23.1249201668 58.5911441127 58.5911441127 60.7163844062 22.5857654489 22.5693240349 23.1802797546 22.5487790904 22.8119191165 22.5845874164 22.6686424445 22.8539517447 22.595690294 23.0627639808 22.6721342109 22.5179739636 22.6859904999 22.8237161189 22.9569675384 23.0468433885 23.1537630156 22.6827145066 22.577242785 22.6941141452 22.9750727429 23.0710902358 22.8340513062 23.1833562091 22.9725865841 22.8087924711 22.6783017557 22.839926897 22.9329524827 22.9985376954 22.9969995715 22.8052420332 22.6081180103 22.9166023783 22.8718266408 22.7955943138 23.1123240142 22.7411413607 23.0934397567 23.0976192965 22.6936271356 22.6381710504 22.791785209 22.5459385263 22.6678828287 43.1618189851
63.2081739018 22.5601688667 22.9432381582 23.0342642903 60.7163844062 60.7163844062 60.7163844062 22.5698393559 23.0224572463 22.6797639734 22.6157978925 22.6983296208 22.6989585286 22.7133884499 22.6664049099 22.7776054195 22.6841123809 23.0575002933 23.1412861921 22.7392029405 22.9674668518 22.7655175743 22.5698800745 22.5642581302 23.1716053447 22.5718259916 22.7131742277 22.5724639152 22.6524213791 22.5926490444 23.1770137956 22.9502820388 23.0176405409 22.8300210309 22.8266159101 23.0609135511 22.6191775793 22.8351883877 22.8312651223 23.1635984518 22.8121370064 22.8726203575 22.5023886259 22.9834881945 22.6167055987 22.6792133594 22.681405749 22.6984355882 22.838374714 23.1480077455 23.1246722414 62.9178633589 61.7047468019
63.2081739018 48.3460836263 48.3460836263 57.0988561626 42.5103632578 48.4825971437 23.1241973434 67.8451213308 22.571279449 23.0207399163 22.8990452907 22.8592146002 22.8097747678 22.501839557 22.8962907705 23.0279058233 22.7353694149 22.6722887673 22.5761556016 22.5297818898 22.7866802683 23.2068564576 23.2046405598 22.9585056998 22.9910915733 22.8273467232 22.6866347754 22.5374927029 23.1265476175 22.7586689012 23.0367800842 23.1309408313 22.5057190391 22.6570311796 22.6548870542 22.7924517629 22.613909968 22.9866646277 22.6311170371 22.6329718494 22.612601714 22.7590353544 22.9929141148 22.8753852084 22.9927945071 23.0756895311 23.1458757197 22.8418237395 22.7462922573 22.8652818377 23.0756902645 52.5069730912 52.5069730912
63.2081739018 48.3460836263 48.3460836263 57.0988561626 57.0988561626 64.629137144 23.0204942774 67.8451213308 22.6820602721 22.9091436104 23.009348091 22.5050113702 22.9310688227 23.0345992122 22.7228763654 22.6657266176 22.8888938842 22.7649997959 22.944408205 22.9875251428 23.0122537034 22.8678242485 23.0874156652 22.7085089127 22.826435228 22.5317790595 22.6225958292 22.5502922242 22.8007590441 23.1186334885 23.015857307 22.6426236136 22.8238544912 23.1045861003 23.1016055929 23.0670619972 22.997554001 22.8487345738 23.1574741055 22.8532525624 22.658645592 23.1413762341 22.8737543848 22.5643315821 23.0224889953 22.7652497333 23.0295242953 22.9421014997 22.6919584438 22.9183286986 22.7886232726 23.1048222424 48.6962256874
59.1073057491 48.3460836263 48.3460836263 57.0988561626 64.629137144 22.7599052971 22.8697447774 22.985828734 49.0152688651 36.7687063619 45.1948640207 54.5830622796 64.6187783255 45.2528747635 22.8489480915 50.9350080002 23.1461391553 22.7338391239 22.8519545434 22.7989070517 67.5760970378 23.1912635511 44.2523635759 22.802186399 22.7085521515 23.1227734941 47.2114036882 23.1174044724 22.8986623462 22.964360127 22.6284027915 22.639774209 23.0119920867 22.5719953738 22.6252941861 22.6527111544 23.0036067459 22.772354611 22.9307152363 22.593364969 22.6759186844 23.0564635084 23.0173091089 22.5379615232 22.5637421475 23.018945499 22.8524346214 23.1493477023 23.1897744709 22.7176020406 23.0535754225 22.9006123716 48.6962256874
22.7018558299 22.7485107424 22.5029092091 22.5672234723 64.629137144 58.1734802589 23.0769496214 50.0787651735 49.0152688651 36.7687063619 45.1948640207 45.1948640207 45.2528747635 45.2528747635 50.9350080002 50.9350080002 61.5487305121 22.8646060954 22.796779368 47.9235790103 22.8803299115 44.2523635759 44.2523635759 22.9443803289 22.8967302184 47.2114036882 47.2114036882 47.2114036882 23.1290628752 22.856153006 22.6405173972 23.1521917568 22.5608520209 22.663172652 22.7781081427 22.6706459241 22.8857703567 23.1337723509 22.6074392532 23.0880518696 22.855073616 23.0986115139 23.1940201415 22.9038984339 22.5935425216 22.6274593457 22.8721022035 22.662484549 22.7501370347 22.7673455893 22.6449115216 23.0678589968 42.1008401547
22.9542811558 23.1332143396 22.687163287 23.1274646676 23.1049867903 58.1734802589 36.4348644732 22.8535140829 49.0152688651 36.7687063619 45.1948640207 22.5436743478 64.6187783255 45.2528747635 50.9350080002 50.9350080002 32.2954628194 61.5487305121 47.9235790103 47.9235790103 22.7082929977 36.8891137077 36.8891137077 22.8151630406 22.5560919781 23.124102011 47.2114036882 22.5306044584 23.0808929462 23.0071002542 22.8018790482 22.728526175 23.0849051344 22.7184756914 22.9897511763 22.6213380308 22.594136098 23.064590064 23.0809107221 23.0648232821 22.921671314 23.1530478404 22.8914366955 22.5769759198 22.5925127047 22.6371484816 22.7266499747 22.587473446 22.9484857188 22.652191387 22.938154786 23.0436651891 23.0154774517
22.8113688868 23.0680492975 22.5647478377 22.8517640151 22.5585222633 22.7097370214 23.0931808538 22.5157848087 22.8176231273 22.5810014173 22.8931631013 23.1730970637 23.1865298335 23.0684942356 22.9955881883 43.036767604 32.2954628194 22.5717708567 22.7440013475 47.9235790103 36.8891137077 36.8891137077 36.8891137077 22.950441277 22.9463243092 22.8342535167 22.5495885799 23.1162763707 22.8603455751 22.554024931 22.6774218096 22.8185982424 23.0129890091 22.750882799 22.9066482876 22.9037706766 23.0369636484 22.5271402654 22.965111015 23.0303170875 22.6439362451 23.0833183174 22.9420177286 22.8105552018 22.9826907542 23.1120601197 22.7019552872 22.9071105179 23.0275385704 22.9995810929 22.7864161031 22.9202440961 49.097939827
23.0022584399 23.1228845741 22.6938305969 22.5951216637 22.6586608741 22.7618183641 23.0579077824 23.1203732122 49.4697740975 22.8942045438 22.6526865576 22.9348628803 22.5638170029 23.0615977076 22.9882020633 23.0674321188 69.8921839723 23.0932474801 22.612518069 22.8307541229 23.1380948205 59.4666000478 59.4666000478 22.614386651 22.5190259512 22.5150265102 23.1785080729 22.8152239733 22.8327690563 22.5155343595 22.6317303483 23.0534926465 22.7911369968 23.0716507806 22.6879736252 22.7320177589 22.7581217023 23.0520883566 22.7989079409 22.5484598026 23.0833676621 23.0895016424 22.6768321283 22.9517738779 22.7493191182 22.5441582511 22.6568138108 23.0612746293 23.1954496005 22.7842046823 23.0729813946 22.6450716236 49.6656536593
22.9911679678 22.7437933461 23.1081812897 23.0815231875 22.502536046 22.9818565851 49.5647086953 49.5647086953 49.5647086953 22.6963961928 22.9382182415 22.5503759305 22.8419797748 23.1388271447 22.7808090131 22.6944431528 22.7604842473 23.1446924642 23.0482187355 23.0195572827 59.4666000478 59.4666000478 59.4666000478 22.7223079691 22.930386877 22.9091031348 23.039793223 22.9657490789 22.5610612654 22.9701484533 23.1178315606 23.0187745457 22.5765403047 22.5254654032 23.094243924 23.1699166355 22.9526483583 23.1740356978 23.1376382658 23.1686261954 22.8412119106 22.8279888673 22.5528507622 23.1112137006 22.9546316195 22.5471928693 22.9165613104 22.8284681589 22.6418016733 23.174476818 22.8149647699 23.0429801371 23.1243136191
23.1433439274 22.540153673 22.5580573391 23.1108068555 22.5010825142 22.8681425016 49.5647086953 83.5897792609 83.7213254582 23.0288021581 23.0116874802 23.0489758624 22.8597403801 22.5523778145 23.1702281445 22.5408587504 22.7287733929 23.0321790123 22.9640623629 22.7893262695 59.1043415745 59.4666000478 23.0653233937 22.8133202129 23.0839025296 23.0515849552 22.8471883013 22.9309234347 22.8583593397 22.8814355486 22.8823629887 22.786841346 22.5244161702 22.8641099368 22.6286676475 23.1826185944 22.8836198537 22.9250446847 23.0588115385 22.7896223645 22.8725272139 23.0785733738 22.9260616464 23.0619735443 22.5378968392 22.7162123209 22.9979984611 23.0518847073 22.746677457 22.8269749105 23.065051631 22.9096244231 52.4022919699
23.0600292952 22.6844434224 23.0508811219 22.8500490127 23.1057693636 22.5522942554 83.7213254582 53.3310326785 83.5897792609 22.5171223774 23.129487085 23.148772345 23.0703417659 22.7468167265 22.7803215456 23.1378623001 22.9548138373 23.1680669401 22.8722610498 22.6423099096 23.1248096531 59.1043415745 42.3359861786 22.5124982994 23.003006173 22.8256541486 22.8209546726 22.6598059377 22.6309688946 22.8562267691 22.7862881653 22.8311866832 22.7287828566 23.1401142069 22.9718113399 22.736934514 22.6145691506 22.7667666327 22.7083462705 61.8885622402 22.5362646176 22.7846845226 23.1156859831 22.7535082446 23.108131227 23.149444763 22.6598525192 22.9831522166 23.0983885153 22.6942536507 22.7345460402 22.692837279 22.9325402934
22.9606680347 22.7803461271 23.1099189979 22.5166726398 22.5077923254 23.1997863806 83.5897792609 53.3310326785 53.3310326785 53.3310326785 23.0368022426 22.863989508 23.0044273697 23.1355598565 22.9102656298 23.0817098296 22.73588445 23.0464671558 22.9396893835 22.679341768 22.7797296649 42.3359861786 42.3359861786 23.1350608978 22.7478214684 23.1649577936 22.994533128 23.1469448799 23.0412180271 22.9452201295 45.6943151262 22.5769295125 37.5624065597 51.5004369015 42.040237628 22.7824624445 23.0032349342 23.0257295712 22.746938139 61.8885622402 61.8885622402 23.1012709391 22.5473578029 39.4434440395 22.794901189 22.6551721665 22.8970837726 22.747348023 23.0425533914 23.1367660907 22.9601093345 22.8927538443 22.899995943
