Spatial_Output/BAU/BAU_1110.asc
NCOLS 155
NROWS 192
XLLCORNER 196307.867259
YLLCORNER 449144.565805
CELLSIZE 33.573938
NODATA_VALUE NaN
[rows 125 to 149 of 192, columns 56 to 111 of 155]
31.5666935476 29.7035601767 55.7693525063 55.7693525063 64.1728264056 64.1728264056 31.7308300972 29.6238133614 30.0718782799 31.0473718307 29.0421080923 31.9082902687 30.7038880404 31.0309702068 31.081896215 29.3611309033 29.9322272514 30.4122052802 29.5746994895 30.209314891 29.4157682134 30.8096798853 30.0047485461 29.2679290965 30.374609997 29.0758119484 30.137007825 29.1734126339 28.8659647699 29.1302326699 30.0053454164 29.8643677135 31.1023347299 30.7148341372 29.0086476587 31.6472565966 30.0828828926 31.9158981871 28.7091451687 28.6715828355 30.7832435674 50.773676812 75.4603324046 50.6631062074 74.4213756658 68.2464770341 61.6390045772 61.6390045772 54.2910582496 54.2910582496 50.4476797602 55.2180046295 30.7607755402 30.808658673 29.50808609 31.9211938337
51.2462484038 49.6190845064 49.6190845064 55.7693525063 29.0496422275 28.5466127983 30.663642393 29.325636135 28.8247123563 31.3213704171 29.8655939812 29.0915354365 29.4536552221 31.9373716517 29.2891474553 29.8354147498 31.0879648426 31.7570440522 30.2574467629 30.6359384313 29.6961907335 30.2906950262 48.7705163725 31.2233505218 56.6752069042 56.6752069042 41.5374732393 72.8215719502 68.8080876549 29.7947345527 30.7605061635 30.4339426314 28.5848197135 47.3645577865 29.9241778078 31.200793535 31.126981061 62.311768858 55.4221909582 50.2529689236 67.0915629012 67.0915629012 75.4603324046 75.4603324046 74.4213756658 68.2464770341 61.6390045772 49.5918121107 29.6497805506 30.1640497148 29.0592992709 29.8881199756 31.0066087756 30.7178177171 28.6996999278 29.3336347871
51.2462484038 51.2462484038 49.6190845064 55.7693525063 28.8600496838 31.6259654637 63.0566484339 29.5438417495 29.2439580762 30.5619191172 29.4240627562 31.5961811267 30.5048305696 29.1910992734 30.9749916912 31.4810329411 29.4517808336 31.3089253998 31.799980997 28.9998935377 49.6017663036 56.008799039 56.008799039 57.7222606214 56.6752069042 56.6752069042 56.6752069042 72.8215719502 68.8080876549 61.3049132699 43.9305545012 30.0943952795 31.1459777667 30.4197357539 29.5860584838 69.8309025359 69.8309025359 56.6889512398 56.6889512398 56.6889512398 67.0915629012 67.0915629012 75.4603324046 75.4603324046 74.4213756658 31.8400254654 30.6731181059 30.3555298341 29.0726074009 31.6215917113 30.6869056558 31.4782282705 31.9833839489 29.2826791207 31.7961891094 31.7457249472
51.2462484038 51.2462484038 57.275070132 31.7157873833 63.0566484339 28.9374526772 63.0566484339 30.334108146 29.2547032813 30.2369422939 28.8659757133 64.0665280644 52.1820214959 52.1820214959 31.4734249076 29.8777116164 29.157389615 30.8231259852 29.6276352155 31.5902122564 49.6017663036 56.008799039 56.008799039 57.7222606214 56.6752069042 56.6752069042 72.8215719502 72.8215719502 68.8080876549 43.9305545012 43.9305545012 43.9305545012 30.2086429828 47.3645577865 30.9128092264 69.8309025359 69.8309025359 29.7511645157 56.6889512398 55.4221909582 50.2529689236 28.9346969919 30.1496142256 28.8198318486 30.0704093831 30.1467105157 29.4334912332 31.9974874148 31.8392275992 30.9917084362 28.7159657199 30.1836086664 29.6045321693 30.5272714096 29.3791125777 30.8872591231
29.7553025136 31.892289211 31.9438191796 30.5634141121 30.5997714784 66.8556044276 49.7245951207 29.0490374568 68.9163318844 29.1010256474 64.0665280644 64.0665280644 64.0665280644 52.1820214959 31.898354032 29.3008539355 29.0585557795 29.3602518462 31.3792298392 29.0917489037 49.6017663036 66.1100638127 56.008799039 30.9560976265 57.7222606214 29.8702137657 31.2779623344 71.3948155505 40.1475622432 61.3049132699 43.9305545012 29.9313294254 28.8088019793 47.3645577865 29.4919827965 31.4871440343 69.8309025359 30.2453482776 29.8508068457 30.9329713709 28.7896022492 31.2562296241 29.7101481945 29.3890226459 31.4280084372 31.0149930641 30.5686238532 29.93118122 31.5831494333 30.2610662529 30.2542695428 29.9092666517 31.5041694775 29.697974005 28.8777203106 30.4642272368
30.99364318 31.7785893615 28.917284996 30.489037424 31.2209814685 66.8556044276 49.7245951207 49.7245951207 68.9163318844 68.9163318844 29.8579003348 64.0665280644 28.5805061198 52.1820214959 29.8374867203 29.6498776628 29.8826188353 29.6953807226 30.2689510886 31.1203969486 31.5401077033 31.0569278047 30.7069951712 29.2731160222 31.7126718119 53.7038829708 53.7038829708 53.7038829708 28.9181798639 29.037227693 28.5032906127 31.6968704195 30.0764309311 30.2105277525 29.6686246475 30.7305561937 31.4218450203 31.8330511812 30.7509375999 31.5394703813 30.0815318657 31.5938481631 29.3363363958 28.7562274338 30.7639043094 28.536837538 31.0302098925 29.5226888826 30.8123729793 29.7644591085 32.027125722 31.5947125547 31.2208782153 30.8994163735 28.9449875612 30.5864144376
31.2076408082 30.0115914006 79.6726357521 58.1712693809 30.9354891941 31.4298120466 49.7245951207 29.3107011356 52.0092542349 30.9354045501 31.8388964586 28.8597546584 28.6211796328 30.5228056471 31.8147388814 30.2658529404 29.3694154097 29.7089222101 29.6007163903 31.1923365748 30.9735245798 30.2091861112 28.8366761882 29.0133998224 30.8069355598 53.7038829708 53.7038829708 31.8209198638 29.8549928767 28.7980908317 29.8082575823 28.9956924557 30.5417633735 30.1661040725 29.1905497158 29.9476961531 31.1121355999 30.7676329209 30.1914714647 31.0610619495 29.9661479852 28.8744710649 31.0009809403 28.5374222508 31.8477093176 29.625847867 31.7228327547 30.263624111 28.553625553 31.3052159066 31.7859934159 30.8530221223 29.5368235923 28.6338431124 30.7135783623 30.7555049585
46.3130499143 48.4845508939 79.6726357521 79.6726357521 79.6726357521 29.7165035736 28.8554965803 52.0092542349 60.5615582831 29.1633160796 29.4951967379 30.121658142 31.429361283 28.8382807672 29.9952668803 29.709274999 28.5351457814 29.4778720403 29.129102802 30.2603470874 31.0176908383 29.2219696586 31.1047332531 30.6772833638 29.1792786979 29.6519201342 31.7732558602 31.1494288838 29.0071141618 30.2517176926 29.4725128995 30.07030224 30.7794567271 30.0071912192 29.3445964918 28.6913242499 28.6890595918 30.9330417316 28.5357196689 29.0202348836 29.8944437252 31.9918964135 30.4024457238 30.9794655678 31.6774140259 31.8093561531 31.9521834964 28.7357260253 29.4996763344 29.2120147299 30.3545487492 31.5683817327 30.2143511568 31.5437559208 31.6869817598 29.3242073296
46.3130499143 46.3130499143 48.4845508939 79.6726357521 58.1712693809 31.5863131771 60.5615582831 54.9452902966 54.9452902966 47.0136183939 30.3754521521 29.7303681598 29.8096918633 30.0803780089 30.9706658937 32.0212243151 31.8129245251 31.5377763607 30.4699769232 30.9630166257 31.6447877673 30.6905328039 30.8559164315 31.0849866566 30.5692592803 29.9794871474 29.2993221403 30.86500839 30.2972466287 29.6045352003 29.3797743077 31.1750914323 31.9924955391 31.3096464349 29.3646660844 29.4568320943 28.8598759401 29.0678075727 31.1405550215 29.0314095992 30.8827577609 31.3126520683 31.3927546201 30.1022046624 29.2251606588 31.7914551982 29.0604255128 29.870052122 31.2865465546 31.6420889558 31.5478240888 29.3764293535 31.0096224385 30.6032030083 30.2682219654 31.895093305
46.3130499143 46.3130499143 48.4845508939 29.2989719143 30.348842056 31.8674432425 47.0136183939 75.1448806082 75.1448806082 75.1448806082 31.7100264542 30.5917093177 29.0974639248 29.6978353068 30.2936838233 30.8035883825 30.926275828 31.7435529821 28.8545241348 30.0116071609 29.9832286599 29.3315261481 28.699392826 28.7873356485 29.0998659838 29.2150445101 29.0139745993 29.3877478103 31.4286171057 31.0676044032 30.76699036 31.2069356279 31.8580846439 31.3275661903 31.6829854544 30.9516626521 29.9457910844 31.4381517853 28.5357057536 29.7018728498 29.0406987683 28.9496291681 31.7402956366 31.414389904 30.3306292057 30.6222733206 30.8008178875 30.7718172089 28.6220945428 31.2676175954 30.4472306608 29.2416768153 31.298063861 31.9228989581 30.7766534634 31.4010829132
30.8530238988 29.9144396495 31.6633585303 31.7821721712 31.521292451 29.0408938978 30.8282631783 75.1448806082 75.1448806082 50.0685805183 30.3636831524 30.4156613544 28.5850161664 31.8247382841 29.1035235625 29.6729629 30.0322471981 28.7438441133 31.4925447578 28.5094288429 30.059492943 29.2790009933 28.821116019 31.2400216695 30.0488685713 30.9781713271 31.5976083241 28.628530926 31.6641541045 30.370005798 30.772297922 29.2303775566 28.6487184651 29.9628392778 28.6742148465 30.4977289776 29.5361222865 30.2964348669 29.7839472943 30.7758146937 31.4910715136 31.7703331536 29.020525002 30.520265786 30.1049809289 30.3311605553 28.6595574076 30.135038263 31.6488841161 28.5124060553 28.6505825642 30.1100060219 31.5593815105 30.0552047606 31.0628553645 28.5715372554
31.0490008549 29.9872616222 31.933980761 30.4470986022 29.7004475523 30.2819316275 31.2744422098 50.0685805183 50.0685805183 50.0685805183 30.4083323269 30.3521913837 31.9209797286 30.6947397554 31.7185829303 28.9973656871 31.0582788915 30.5486722067 31.5795612357 28.9183433642 29.3693797224 29.2197335985 31.2325754706 30.3429510282 30.7287360391 31.2829353624 29.1889460446 30.5746278747 31.9632008708 29.1562419694 29.3764718647 31.8959335886 29.0561013836 67.7483338919 67.7483338919 31.4925632924 30.3017678732 30.6335782951 30.4507599778 30.6299844057 30.6282999323 31.6152637828 30.9662543909 31.4146350396 28.6046845781 29.0616897544 31.5054660989 31.5533575868 30.6223983354 28.8401871949 30.6205822472 29.0796596906 30.5459876149 29.9246848567 29.4741019893 29.5927395636
28.6575633694 29.0725784441 28.8335040343 31.8405920401 29.1109452086 30.9589578883 28.5085736271 30.7679804648 29.7162666852 29.1792195762 31.4789634611 30.8721788309 30.1701777802 29.8095380562 30.8108386638 31.9016737109 29.1966657266 31.6431968099 31.0031101218 30.1916228765 30.5962627008 31.0778199214 29.0960306317 28.8955909676 30.5122625812 29.1786060186 31.1297307491 30.9965676642 29.8498823364 29.2064482082 30.9401715387 30.8180020934 67.7483338919 67.7483338919 67.7483338919 30.8156570368 28.9960584996 28.5243901797 30.6088032718 30.5820452086 28.9711458178 28.8607338463 31.0273829796 29.4638595098 29.2491318098 30.6722357456 31.9400312231 29.7011398771 30.9694181157 29.1749025671 29.2884177426 31.6698809675 29.9956606216 31.5423189408 29.7559610648 29.3768237913
30.3683081886 31.5043614248 30.3721092056 29.5253661466 29.5210391373 28.9513033721 29.0197823223 31.4818757245 28.6718839008 29.4030248161 28.7941955505 30.8049145832 28.9301784672 31.3178056854 29.4437684446 29.1770112705 29.6940242442 29.5496560374 29.7492120819 31.5441489794 31.3878296522 30.7295325141 31.0724810435 28.5497578047 29.2863974967 28.5495927852 29.5786293353 29.4427930919 31.42076749 29.1255620219 29.9016975238 30.1838451207 29.5474527098 67.7483338919 30.9984260826 31.0961364156 30.4614712962 30.0583501982 31.1895900842 31.9806043391 31.7663632336 29.8188154753 30.6744682671 30.6828026885 30.6904914336 30.5035008361 28.8231513469 31.7500477869 29.5581745969 31.2455949572 31.8933124218 29.694907447 31.8566314495 29.6366791122 28.7058802362 29.522744426
29.2761869898 30.4698487649 30.6208066667 30.4531533213 30.3599181991 29.9089897539 30.7622899795 31.7824581378 30.2836480989 31.6459674748 29.3237510464 30.6200506157 29.8218402626 30.5130252507 29.5286765483 31.9467679269 30.3439372297 29.9392665604 30.8981290753 31.0485437792 29.9894092245 30.8754831541 29.4403984419 31.6554614902 31.0955530283 30.3132703996 30.6124931911 29.0701922803 30.6523849411 31.0255836165 30.6745199327 31.7238395212 31.3137513022 31.1557385109 28.6994461637 30.1448485043 29.2576231018 31.3890619356 29.1680274935 31.8622353204 29.2330887566 31.4723845477 28.9282254369 29.6511562583 30.6449361395 28.5505459391 31.8800092685 30.4291527474 30.1768144132 30.4036652609 29.7347610134 30.4255394649 28.9190827588 30.5890954082 31.2325334894 31.5963520811
31.4426155623 30.13474114 30.4403193906 28.6232247853 30.1539405384 29.1228547778 30.8974901041 30.8702565422 30.5739579072 31.012023141 29.4056657684 30.2596158484 30.5630314264 28.9328685709 31.2840615239 30.0723226694 30.2684863261 31.4502294849 28.5613020388 30.2333233782 31.6405068395 31.3562225221 28.6647459134 31.5433909225 30.7300056281 31.5346795728 31.0966948545 29.5450854122 30.512827875 29.9828991526 31.3766042045 31.0992367968 29.105596869 31.8193155046 59.3516727534 31.3138463343 30.522350745 29.8850088651 29.7034881997 31.5227831715 29.1488304717 29.4038617693 29.3978617283 30.3102614488 31.8491093626 29.4472732766 29.1469778713 29.8698756805 29.4517626934 30.2686666102 31.254087577 30.4962596781 30.6151595326 30.6254295727 31.566464078 28.5614030945
31.6130876582 29.912146688 29.3015752286 28.5640470785 30.5127142505 31.0441851265 30.0899663603 31.075215375 30.2410042839 29.2344574844 28.9831834736 30.5303734903 30.9988420092 31.9233236968 31.7302502158 28.590933793 29.6118220381 29.2031916209 31.7677980324 30.0747118172 29.2350874379 31.2268091831 30.0847004368 28.6521455467 29.3808430534 31.4947599769 30.9046963772 29.5913752815 29.6650206048 30.9257149454 30.0383585648 31.744096015 59.3516727534 29.9029673891 59.3516727534 30.4741268006 29.3262947828 30.6146414287 31.588063856 29.6278501863 29.4111509031 31.0390260115 31.2285056104 31.8734864614 30.3215212601 30.4336469699 30.2819508344 31.1164883992 28.9658234045 29.5924620373 30.6658708602 30.5957587501 30.2270195455 30.0096490005 29.1989626524 32.015841408
29.0592543116 30.105056938 29.0581699425 29.8619956464 31.8858421512 30.6698325398 30.7859072575 28.6074392774 29.0771091629 56.0301491863 30.9734013524 30.5061541013 30.5967138792 31.1821204022 30.2398120605 30.1627187095 30.3199677016 29.956806621 31.9960664499 32.0137015353 30.2485693381 29.4257736782 30.317981211 31.3411857355 29.1196443365 28.5842112548 31.5228463666 31.1112626298 30.6994226416 31.7081926897 30.3006414875 30.4267040356 29.4925655565 31.2874686977 59.3516727534 31.3334840558 29.9936095471 31.2114946624 29.4597024895 30.9554868829 29.6779448005 28.9184408266 28.8446776474 31.8907900084 28.8579582139 31.7580136343 31.9975040893 29.3437641734 30.6010518234 31.6663424256 30.38984013 30.4958539471 28.7291069522 29.0268212424 30.6079558406 29.9089100956
31.2071121336 28.8521494183 28.8690117876 29.7294356652 30.4588676852 31.2289464625 30.0769499278 29.1580125118 56.0301491863 56.0301491863 56.0301491863 30.0753425568 30.8444111804 28.9326853483 28.9695911747 29.1527874975 31.612789313 28.7029767498 30.7659572398 29.939754573 31.602072788 29.3265961755 28.502173468 31.7448025123 31.3768942531 31.772539083 30.1664521691 29.0073944544 31.6509736084 29.295127285 30.8416629408 29.3198510153 31.4376789692 59.5560430859 30.6520204778 28.6250869882 29.9437473881 28.5367073923 28.9320271978 29.8060697462 30.9811702744 30.8073670303 28.7100661836 28.9217960985 30.1489341071 29.1420818456 30.6958439572 30.0427252215 30.8265766179 31.0504872645 31.3925260932 30.8642405721 31.0745236295 29.736776842 29.8043000905 30.7971861392
29.1990347834 31.5967807575 31.403320146 30.5123196587 31.6285018713 30.6543293867 30.2431303987 29.3345207509 30.8133503388 59.7636925526 28.7288069698 30.5822489363 28.6914829911 31.1343593811 31.0379266647 31.3500842818 29.9967546628 29.1822513302 31.8286657006 30.9271369438 29.9700437684 29.1449879313 29.3629369156 29.4463103831 29.3391622907 28.9594249908 29.9010284157 29.6439660337 29.1707055991 30.3470422586 31.7428530164 31.0373151661 30.6851672666 29.3390016065 30.4565475713 41.3094038731 41.3094038731 30.0350101933 30.6828644783 29.400222337 29.6112487717 30.156065142 29.9484291168 29.3692906371 29.1710620721 30.1017077613 29.0073806667 30.1148532515 30.7561960039 31.030431178 29.2854701795 28.5003107526 29.3623722945 28.774724819 30.5206212013 31.9952869423
30.5274193222 31.2748759041 29.650041185 29.8066578078 29.6309308402 30.5110818271 30.9613996708 29.6795966731 28.6323031782 28.7047325089 29.7457097529 30.4538370029 29.3080532784 30.1702947463 30.4117765574 28.5391933166 29.8849411686 30.5987928325 29.2395657199 30.9130134196 31.5294780157 31.5294277645 29.7455624297 29.4938587282 31.8733558408 31.9849545914 30.36188403 31.8203454045 31.9596777045 31.5667178898 30.063841783 29.2881040937 30.8941259107 30.4345249896 41.3094038731 41.3094038731 29.811330102 29.0642429679 30.2502654449 29.840417449 30.7947898685 29.9204489559 31.4062267788 28.9333361038 30.5597100196 30.9352603213 29.8989300233 28.526998831 30.3581453528 31.9111565083 31.1499754567 30.582910708 31.9289411497 29.079969228 30.1770777627 28.7293812483
30.619870678 30.5930694861 31.5060498809 29.4833897212 30.1475084203 31.0102041969 28.7251167329 30.4626306944 28.8239097226 66.4562791376 59.7636925526 30.9112658307 30.1299726773 29.5121421022 29.1869969559 31.7469935157 31.3260828299 31.5069599145 31.7920623716 31.9342879736 28.761239965 31.6680593742 30.3474810983 30.8267550701 31.2104981078 29.0266054958 29.7017539185 31.011355177 30.3471317602 31.5938903049 30.2006280636 29.9433721312 30.1186450336 31.610949174 30.8206494841 41.3094038731 31.5776560307 29.1913922459 30.8324489561 30.3605236448 29.8750601236 30.9061426142 29.1813935483 30.9232935807 29.7835134226 29.1169194947 29.7873612273 30.1261682346 30.0230381318 29.5656616239 31.870383949 30.377946354 29.3752080984 28.6815721555 31.5116321141 30.0360057707
30.1076117128 30.967465388 29.7504713018 31.5353228843 29.6400528147 31.7519070759 30.2305186525 28.7914214372 66.4562791376 55.0488665121 66.4562791376 31.4979529682 30.7129397007 29.4336220335 29.8049765141 30.7226911878 29.2665546362 30.1568083106 31.1203446474 30.7685883688 31.6195925253 29.3704480301 30.6003596195 30.9647504842 31.4301724231 31.7290585939 30.2520408524 29.1145316584 30.2667664841 29.9006692762 30.1819075336 31.2730773635 30.8438786489 30.4407916646 31.2304633092 31.4531873792 41.2946908845 29.8869180429 31.5121299517 28.8596396011 28.8924145072 31.5226097684 30.0919453294 29.363184125 31.142765572 30.3552512642 30.2967461658 28.5424501367 29.3430890385 29.1450974598 30.8379426124 30.1569152146 29.5380530257 29.4567224327 29.3356389697 28.5823092215
29.7408668025 30.0031687774 29.0268623833 31.5014505955 29.0363436258 31.3294498354 29.7294905071 29.2659538037 55.0488665121 55.0488665121 55.0488665121 30.0893577475 31.2223286652 30.0389106532 29.3266320149 31.4603332491 30.0158762849 30.4846253933 30.338397695 30.6367175862 28.6913615147 30.7029412048 29.8920692867 31.3998066323 29.359467652 30.7299326018 30.3655332927 31.2791392977 30.6458979256 29.5926105714 29.2652809213 28.7080588422 30.8542199951 31.9231963816 31.8830668322 29.8077707929 41.2946908845 31.2105691915 30.016079397 30.4396663314 28.8781930315 31.8007794634 29.8483661147 28.7078222785 31.3471820903 30.6087730851 31.0587822059 28.9812392503 31.5070771466 28.6272531784 30.9995171192 31.464269421 29.3809198826 30.5495980846 30.8535621271 30.0209092652
30.407375876 31.44053278 31.6706142599 30.7972419301 31.8087317951 29.4799113518 29.1671637287 28.5299636002 63.6755198337 64.4821450309 63.6755198337 28.5529623485 31.634098653 28.8759003613 30.2431691958 30.1519252312 30.2992123415 30.2734412355 31.0532498912 28.9268521603 28.5644723107 30.1460154508 32.0319038639 28.7573796956 28.6313738264 30.3297150121 31.4272977674 31.2469708599 29.7041217273 29.9554280895 31.5667551305 28.6711557568 29.9696995012 29.8464154493 31.4777205181 29.3204388209 31.5775894934 28.7653654962 31.8963530651 29.0983484133 29.5042618688 30.9348214151 29.2286464137 31.7413470625 30.1486312044 30.1531763638 31.4355181609 30.0588208077 29.0765597011 28.5605193662 31.7490401166 30.9708253375 32.026681571 30.2438497587 31.4606249745 30.3642656649
