Spatial_Output/BAU/BAU_0640.asc
NCOLS 155
NROWS 192
XLLCORNER 196769.923733
YLLCORNER 449719.875193
CELLSIZE 27.603701
NODATA_VALUE NaN
[rows 23 to 45 of 192, columns 0 to 52 of 155]
0 27.458657784 26.5110919075 27.3996320834 28.0069162305 25.7912052537 25.6640790193 28.5438650118 28.8455127281 24.9672739471 26.3968349694 26.6435509151 27.181144131 79.7129219463 29.3844376988 46.1815245605 46.1815245605 46.1815245605 27.2578540325 27.9041728001 27.0367820815 28.5908120304 28.0738753304 29.2186132015 24.8199669002 26.2127245985 44.2930093547 61.2557871683 61.2557871683 26.3820564971 28.9249311686 26.4551604946 27.1870060935 28.4944022958 26.3551945507 24.5766287983 26.7472754548 25.329396116 28.1262050499 25.6774762626 25.1832153996 27.0542205306 26.01068157 28.8337011083 29.2768708283 28.4403486141 29.0779071727 28.531249243 28.7809734044 29.15685304 29.0100248128 24.8159059719 27.6521346667
26.7058523686 28.2962249457 28.4604160153 26.6468119572 28.5461833157 28.4722921589 24.5279890817 25.7060028172 27.8674935426 24.9582714496 26.5971633312 26.880380584 26.200987402 26.8932407176 26.2000456787 46.1815245605 46.1815245605 46.1815245605 76.3019891105 26.6599770912 29.2147052933 24.6209020418 28.0153166072 26.8278800326 26.36567507 26.4360444797 61.2557871683 61.2557871683 61.2557871683 27.6909882428 24.7464176718 25.6580377054 24.6058389667 27.2031815276 25.7121019922 27.2574218789 29.4040915803 26.2690433808 26.9583044685 25.5658182689 24.5114952788 26.6835184953 25.1571287051 28.943413236 24.6286317439 27.1304522111 24.9556997491 29.4031612448 27.8385568157 27.0906723528 26.7139437582 28.8286088843 29.3760463949
25.2777015232 28.0104290213 25.3450099863 27.3546494017 25.1267788097 25.2222022932 25.672565017 28.1245854242 24.5281807738 26.9575864606 26.4606809801 25.745178503 26.2823312055 28.350908469 25.3088018738 24.700707828 24.5006549872 76.3019891105 25.7104317708 26.1921236405 29.2531868437 25.5852139333 27.8571115743 26.5513956769 27.3953340146 28.642089057 49.5588405072 62.5546918115 62.5546918115 62.5546918115 26.8225620294 28.9159548034 25.4793511504 26.5720587085 27.9852878055 25.7313046472 25.8197534509 24.5694250409 26.1515353639 24.7390854114 24.8655512257 25.4004999623 26.5217749121 28.6966517799 24.6441325903 25.2182483031 25.8992756599 26.9645164905 27.7168379746 27.6183142317 24.5162748146 26.7814279847 26.9848065736
29.0553903727 27.2102380162 28.4452932334 24.8152602753 29.3815712113 24.8516088928 28.7728178802 24.5862337425 26.8824100059 28.0305335211 28.6418154164 24.8423931098 27.5852635409 29.4160099929 25.4576339749 24.7829359436 27.4364699258 28.352878114 59.0783751463 59.0783751463 24.9491396037 28.4207089556 27.3858612774 24.9241086052 25.866265943 25.8706487808 25.1851984055 62.5546918115 62.5546918115 49.4284332629 49.4284332629 26.5187889243 26.4055631339 28.1140796516 28.0768583763 28.548662254 24.5319352335 24.8726008993 26.7260914621 28.2646569657 24.9730513027 25.2521559759 25.9612987794 29.335707287 28.4790672862 28.2403882291 28.4051250525 25.0268581634 27.7507203297 26.4495212188 25.5669226245 27.0962514366 27.9233587297
27.2343937225 24.5521538104 25.8778343379 28.6128182427 28.7106608021 26.7941446571 27.8743577739 27.0262264344 26.5431022302 28.9946988508 27.5148396969 25.7481813525 27.8151632963 27.6203480315 25.5245621526 29.1437773523 24.9816594521 26.3621956084 59.0783751463 59.0783751463 24.8799863702 27.4969920355 25.5792686659 28.2356919991 27.3956637139 27.4159652929 26.170841788 28.2496027118 49.4284332629 41.503828522 41.503828522 41.503828522 29.4413435886 26.785535169 24.5190631296 25.0667398519 27.8422379644 25.2831257386 26.0145348636 27.8305484396 25.5145045492 25.975417565 26.0352385212 25.0052823064 24.9782213125 29.2480570131 28.7032378447 28.7367083294 27.2610985278 24.6048374089 28.247494832 27.8960814294 27.3338052098
28.0741276929 28.5709245053 24.8172401103 26.4522427882 24.6524562582 25.6686297253 25.6523656422 29.104085251 25.5415743394 28.975121411 27.2464008678 26.768750942 25.2114197496 27.1341437097 26.5693290772 28.0736756781 29.2866882647 26.3632018677 26.0402247283 49.0387535643 71.4058453299 26.6050941049 25.7905858245 28.3250462032 27.9725840803 25.4547782994 27.4555616497 26.9799727158 49.4284332629 41.503828522 41.503828522 41.503828522 24.574865833 28.4995699928 28.6502471791 28.2632058626 24.5981083354 27.1456066044 29.187861177 28.2230620374 26.3953876146 24.9607301311 28.4644600507 26.8509775042 24.7906494762 27.6895364265 26.7279738425 27.3860443028 27.3649421371 26.0901189324 26.687325954 25.4235100954 27.1033238553
29.2105786712 24.9740677941 27.4209431657 26.7189747008 27.4229000598 24.9703334851 28.1377524069 27.6343749335 25.084175283 27.4811751245 25.0549055144 29.2550571792 26.3856183609 25.25615125 29.209568023 25.6629475314 28.7041882836 25.6569633166 28.7747037385 27.8909924777 26.0852105931 24.6171612649 26.954487651 27.0877551662 27.0019815052 28.1115400564 29.1432312119 27.2928984883 26.1433640544 41.503828522 41.503828522 55.829811198 27.3662308561 29.1504157453 26.7338319617 28.3629617098 26.2635634043 25.6033907238 26.1588234562 25.6429984464 25.7350188541 25.1977841135 25.6267975211 28.9251467839 24.8263711707 27.2918956543 24.8069436211 26.0578213085 27.9055669228 25.816147876 26.2851656558 26.5735760916 25.6024693466
25.4915172035 26.0482662605 25.1079593967 28.8014218465 25.309755938 24.9812510279 28.800679143 25.0911970926 29.439937258 25.2620273106 28.9419776359 28.3045618853 26.7842149435 29.42759555 28.8623577114 28.4957893658 26.3203368219 26.3246809794 26.2035441874 27.240942467 53.9669527021 29.2923763611 25.4092034119 26.0270229747 28.838784553 27.4042707644 27.3330918717 24.7861410071 25.6928504388 25.6780283521 55.829811198 55.829811198 55.829811198 28.3765698935 25.0883095948 27.0089328573 25.3579225008 24.760783495 25.0828986212 27.662903631 25.909038102 28.1463797107 27.8466475212 27.5206699758 28.5041508839 28.1243359497 28.8113763398 26.8369831178 26.9620053592 26.1864658908 28.0224383381 24.7454990551 29.0615141916
24.8242342377 25.9606361304 27.8079130924 27.6670459438 28.820202646 25.9817532681 26.6158841912 24.8129436001 29.2099112618 28.2487876204 27.2162887286 24.9878524706 26.2995446621 26.3855917338 28.9233346781 25.6293124754 26.413466752 24.8073201605 26.9475986757 26.4236751175 26.6837792084 26.2141371225 25.9185745741 25.4040285699 28.7487011178 29.1059779986 28.3822712322 28.1910059031 27.7116273012 27.7648651423 55.829811198 51.7008118503 51.7008118503 24.6846689743 26.3716363871 26.6144651889 28.9164555832 26.9157560911 25.2491305329 28.7756102241 26.6309365026 26.2677462341 28.4240113528 24.5797737056 26.5040876885 25.5103208006 28.3502499655 28.7762988332 25.2966168855 25.882021498 27.8137448718 27.4356727961 27.5278121696
27.9018455241 26.4651169429 25.1040683053 28.8282646261 25.6543074569 29.2005760596 29.4126679063 24.8391657556 29.0207489578 29.3106266754 27.4747997918 28.3446468608 27.2150938273 24.7240533415 26.1748328922 26.1162571756 25.2116829149 26.8040581506 25.9962003175 28.7478988421 49.3715551083 24.8110337289 24.7029194701 29.1043637915 27.5140348383 26.6030601564 25.3946681686 26.6900637018 27.3177666852 55.3006816471 55.3006816471 55.3006816471 25.7950565803 25.418986588 28.6399381718 29.340456319 26.7303803752 24.9028842867 28.7646170122 28.6546319911 27.2000062455 27.8862703832 28.4004411261 28.5321448015 27.998819394 29.3159009279 29.0245608196 25.2584581584 28.9824030229 26.4973550093 27.4056158892 25.8312697859 27.9441792314
26.0961262842 25.5135424477 28.8097750687 24.5837830941 28.9231991234 28.2981989999 24.7156646885 29.2291142201 25.6021475055 29.0363533622 25.6360119908 24.7763663423 25.0792990994 27.2751919491 29.3883643385 26.5042576906 27.9786652323 26.3762749287 25.5301157203 49.3715551083 49.3715551083 49.3715551083 28.3737951513 28.0713305178 27.0733563042 29.1306153743 28.4203057853 56.6359434246 27.2190237294 48.9845364699 55.3006816471 55.3006816471 27.4021640616 24.9761322128 27.2525880336 27.2223134171 24.988818485 25.2922313267 27.5523968379 28.1440781603 28.6755190431 27.190181461 27.938372058 25.3082706079 28.7551207256 26.559024664 27.1037150932 28.8976811861 24.6111891257 28.5803035265 27.1354454813 28.9112182396 27.7972890068
27.2627253777 28.5867569099 29.390181961 27.1245366043 24.5257956382 28.3719666841 26.6930378526 29.0774450624 26.6863454167 26.2552061964 24.9383261838 26.0488535808 27.951655654 28.8601871958 26.9684592631 27.4916631178 28.1209264477 26.3679845518 25.9120171679 27.2699166764 28.818815469 24.6935786325 25.0562129588 25.3459343486 27.8682599731 29.3313421311 26.2350714723 56.6359434246 27.0465534826 61.8817061477 26.2768309444 29.0474624314 26.8866805409 29.0048763872 24.7400242833 27.6752380291 29.1508200632 28.7561651156 28.4847024242 28.7826290381 25.114431533 24.7455994144 26.3153127466 27.216770844 26.9465749975 26.5704296779 26.584807 25.5761205677 27.8562652143 28.0305772885 25.089741515 24.8577173366 25.9717179605
25.356906775 29.0766685734 29.365109087 26.3827355323 28.7126755853 28.2633540036 24.8774790556 26.8719753005 27.0805971129 26.452999995 29.3833333116 27.8443582437 28.1568096869 29.0068561095 29.4434974919 24.8299884339 25.9168736443 25.1909751851 25.9590883034 26.2188939726 26.8606861531 27.7405019262 26.1239943691 25.0987340789 26.7287303138 27.6779539384 25.816571483 55.1272811424 29.2786227528 27.202210282 27.5588681722 26.750647753 25.934043091 27.1389965163 26.4142266585 25.9153000542 29.1375298206 28.6521214402 28.7176189857 27.4443591522 26.5665605795 26.958314222 25.563020288 28.9341952212 26.6649040466 29.0425146189 26.1130656358 25.9550836632 26.432962768 26.5867790764 24.5068500754 28.7264158048 29.0333978031
26.1643136461 25.4777596657 25.5180881149 24.9633994413 26.8764189389 25.7486910268 25.5410108689 26.9048658521 25.4327457926 25.6148679601 25.7424021597 25.267182955 26.4972923859 24.6384353363 26.4852726481 27.8727607371 28.4982152649 26.016943676 25.203396932 28.0551821622 28.1329815721 27.7604703764 27.7582289976 25.5285022614 27.5367013739 25.4634937417 68.1657880191 51.159165134 26.6950674147 24.7767761338 51.4570739579 29.3361026261 25.3359627985 27.2527984443 27.983477165 27.064981811 25.1123186921 27.4305073402 24.8573889746 25.3547666314 25.3562807651 27.250717804 28.363767459 25.9162064962 29.0575456923 26.9897932293 28.8976958687 28.8006538688 24.5841789236 28.3765322681 28.055071636 26.506505625 26.4465019155
28.121810866 26.5287367926 24.9898864066 25.8353715854 26.5483514388 25.8675507024 25.4096769787 27.737276139 26.1684290938 29.1862836329 25.5390387355 27.6420081359 24.9900398728 25.0075308459 27.0030581496 27.7433237153 28.8360748087 25.7321153439 27.8483006751 28.096775351 26.6107561569 25.6137126266 25.2333318049 47.6775577611 62.1738603678 57.354909355 51.159165134 51.159165134 68.1657880191 51.4570739579 51.4415622349 27.9665602744 28.6500654809 26.2122707928 26.3315832038 26.7529585098 26.5136865296 26.3410773884 28.9995862736 26.2066190752 26.3380563491 27.8657539378 28.9259501268 27.7706456098 25.657289535 27.2701251088 25.0671685697 24.7940138365 25.4116433385 25.3032126069 29.2293782693 25.5591250039 26.1309719306
27.2247359444 27.0384960234 26.3363136806 28.6351328923 28.9556709046 24.5240482927 26.1770665255 26.5263690077 27.9657838522 27.4623598311 26.9127093783 24.9235623383 28.9380148639 25.5365997306 27.6721076523 29.0413177428 26.5693207508 25.5341270212 27.0484357377 28.484278135 27.9094852533 27.920726495 26.3423103665 47.6775577611 62.1738603678 62.1738603678 57.354909355 51.159165134 27.3590701645 51.4415622349 51.4415622349 51.4415622349 28.6424890979 27.7909037362 28.4519994794 24.9160933841 26.0741043786 26.7928998342 28.6021127442 24.8730130933 25.0135090696 27.708338105 25.6629245237 28.4932134693 27.8987666733 26.899296331 24.9413018526 28.0744981454 28.8397847264 27.068865885 28.7560512318 28.0138244324 24.7340062972
25.7781892497 24.8454764298 25.1491935492 29.2592919178 28.2291645602 25.5806482121 28.1434094044 25.65974907 26.2542841395 26.7328853349 25.0926726626 28.6714614269 26.7267926566 27.9999643943 29.2459325745 28.4864075528 28.6529030064 24.5287432757 27.2674459402 27.8139786753 26.4453607475 25.5853172975 29.1566119504 47.6775577611 62.1738603678 25.4835318421 51.2629060368 29.2520120007 28.0877091768 26.6937532686 25.3157997683 29.14491386 25.4978023876 25.0948002305 25.2042462853 26.8565794776 27.8671756847 29.0086700213 25.1310334765 27.1342544733 25.3574577145 27.0050587196 29.2508498942 24.5030831137 25.891423906 27.8413222468 25.7025540391 24.6141330465 25.6469440086 26.8291969542 28.8800464107 25.8299676189 28.8075571133
28.1248797381 29.1314144958 28.3702199908 28.9276205314 28.8002848538 26.832931013 28.190213633 29.3927939102 27.5859101189 29.0591136676 26.0251208434 28.3361460615 27.789092209 25.0075712958 24.7306452443 25.3101664716 28.8053118375 27.5132442352 27.7306042264 25.5155380069 29.3149813516 27.0980353693 24.7453841655 25.5635672829 28.7345624098 27.1642806188 25.0959787599 28.0057717806 53.8539362153 58.998351957 58.998351957 26.758199319 27.7497595652 26.9754561374 24.5111667778 26.1243223789 26.775761997 28.0800031171 28.8507367264 24.777624508 26.7392175388 28.2109684865 24.8361740649 24.5283768144 27.9046771893 27.4798637205 25.6593006609 25.6751445877 28.0112153033 28.6189932389 25.1686580314 27.3513691079 28.2335714001
28.3534412059 25.0332636646 24.9902296509 25.5517076449 27.013737179 28.5797445503 25.1141985607 29.1269954866 25.6627114284 25.7556426697 28.7892110378 27.3083577124 28.8474701126 26.7440236219 24.5674620513 27.4862007315 48.0541380428 28.4398008014 29.2619910612 28.067463768 24.5870722667 27.4750022716 27.7455867334 26.1210559311 28.102652029 26.0116401331 28.99590287 29.1366766444 58.998351957 58.998351957 58.998351957 25.7274305071 25.2903687636 26.3321129241 28.5879121455 25.3644252831 26.2827028321 24.9934296969 24.5188562628 25.805040562 24.7026736635 29.2872317182 26.3866900093 28.2707823324 27.3664026057 26.2441591055 28.4259448899 29.1472145914 28.5719731966 29.0521217066 27.6964089487 25.1193287853 26.7522195836
27.4882984577 28.8299908406 27.3120321323 26.1364836906 27.4939943115 26.7698959455 25.0225924158 28.586204261 25.173840211 26.3431560942 24.5202379981 28.7560310609 29.3005196079 27.9155498976 27.3957303025 48.0541380428 48.0541380428 66.7057488064 66.7057488064 29.1144471414 24.7583501509 25.2501505279 24.6727612625 43.2345477654 27.3816050678 26.0442874375 26.7994548948 28.9090544443 28.2225889154 78.6061082672 78.6061082672 24.8415820069 27.4963266138 29.0067316236 26.5694200103 24.8825935788 28.9554732904 28.7732574966 26.3098990425 28.2842435409 68.1227072142 59.7359436531 60.9268297861 25.6167315146 29.2472344599 57.7209894689 28.8387878137 26.0878402839 28.832882938 25.6873079004 47.6839677673 28.9937687803 26.3471457125
26.7771417903 24.7875330013 28.953147993 25.0714753897 25.2337054671 27.3466605758 25.6792741211 28.1176367557 25.5364793487 24.6705300264 24.7565691356 26.8314759491 25.995874854 29.0785108421 25.2927280368 48.0541380428 48.0541380428 66.7057488064 66.7057488064 28.5478497124 24.56756511 48.4737704234 48.4737704234 25.0131800881 27.9096426181 25.1240445099 24.5039853203 26.5760877628 29.3949046842 28.3406511972 26.4654973547 56.5550980985 44.0087735974 25.0714985638 25.6961242817 48.8783695088 54.5118092835 55.2107661141 50.0341701975 50.0341701975 68.1227072142 68.1227072142 60.9268297861 88.8276283689 88.8276283689 88.8276283689 27.0166545035 20.9169120483 48.0337482862 24.65545681 25.4906042323 27.5334179575 49.2468010674
28.5785672253 27.141566202 27.5516242671 29.3318065767 28.5072254812 27.0256864185 24.779570461 25.8829668308 25.2668027512 28.1242915748 27.4074339701 29.2023397069 26.0006341614 29.4229718764 27.7021929206 26.0126603864 29.440181548 26.4384337693 66.7057488064 27.1487517408 66.5407933321 48.4737704234 48.4737704234 48.4737704234 26.7429729454 25.45602818 25.6878285545 25.5478601007 26.6123838998 27.4132459843 24.9076599174 57.0226445892 44.0087735974 44.0087735974 53.8487703665 48.8783695088 48.8783695088 55.2107661141 50.0341701975 50.0341701975 68.1227072142 59.7359436531 60.9268297861 60.9268297861 88.8276283689 88.8276283689 20.9169120483 20.9169120483 25.765814478 46.607876395 46.607876395 60.9222239347 29.2223222186
28.3060108287 24.9864234357 28.4934412513 27.0684041441 25.1697577085 25.1712641715 24.9930771013 25.0021849242 29.4107593057 27.6681870354 27.9640981585 26.1692680052 48.4230252712 26.92444539 25.6614589152 26.6327746682 25.4332295539 26.7529324872 25.6297518708 27.4777713853 27.093916486 39.2902221363 48.4737704234 25.3197292529 27.5062639394 26.9724763111 29.2386618664 26.560350402 28.2669708549 26.1309033598 24.9828305603 40.0063449338 44.0087735974 44.0087735974 40.0063449338 48.8783695088 48.8783695088 26.9465823309 55.2107661141 50.0341701975 24.5255433331 25.8650936774 25.6008252008 52.94281063 88.8276283689 29.0492720958 20.9169120483 20.9169120483 48.0337482862 46.607876395 46.607876395 60.9222239347 27.4023614028
