Spatial_Output/BAU/BAU_0345.asc
NCOLS 155
NROWS 192
XLLCORNER 196307.867259
YLLCORNER 449144.565805
CELLSIZE 33.573938
NODATA_VALUE NaN
[rows 150 to 174 of 192, columns 57 to 113 of 155]
37.2463952868 36.2429361564 36.8574755365 37.0004746467 36.541635331 36.5716559958 36.6401083586 37.0888062107 79.9813512373 70.7034726353 68.2579381831 36.458602215 36.1082788029 37.3579203687 36.4803427047 36.3217408114 37.251088995 36.2392384411 36.859079793 36.9426400606 37.036638142 36.1993433588 37.0038048957 36.9996290033 36.2811281778 36.8212866554 36.2912709873 36.3333404891 36.3476825197 36.844071729 37.1301890335 37.0577464389 36.7559794556 36.1383966577 37.0212074649 54.5765867263 54.5765867263 36.5444520627 36.0775367448 36.9709730589 36.2467487439 36.1352974636 36.1307305288 36.0012480433 36.2839540751 36.3235326872 37.3594330319 37.2430811421 37.0528484189 36.5309695689 36.2650402963 37.3905670862 37.215386154 36.5965928706 36.0498059081 36.2133325959 36.7798292671
0 36.2493090057 37.229765564 37.3398452427 37.0361647598 37.3127329826 36.6682644968 36.6306595118 81.3062258491 78.0416108687 82.6383714118 37.1502505249 36.4144493406 37.0182861473 36.7501865543 36.5020083399 37.0184602792 36.0986561684 36.3669057768 36.4351149543 36.0996718111 37.0664816127 36.8254860564 36.9715804212 37.2957856177 36.6995563865 37.1486032695 36.4213345132 36.9627395041 36.7866339623 37.0999264749 36.9819929408 36.0614663515 36.8518097792 37.2514186817 36.3888147318 76.9659107883 76.9659107883 76.9659107883 36.5128589054 36.448487149 36.44469772 36.2065328634 36.4877573067 37.0333428585 36.0595615002 37.2310374011 36.4082263006 36.6991021593 36.9991514247 36.8169528237 37.021726608 36.8647235836 36.6261094264 36.9271025953 37.2138108881 36.6354143944
0 0 0 0 36.100714259 37.3582035387 36.4834245961 37.4104003167 76.1488684536 64.6302766184 69.6029307552 36.3044595906 36.6439912537 36.2103111578 36.1930328521 37.2777977255 37.1883059628 36.9493779279 37.3286827802 36.8880024581 36.3192821808 36.2683059119 36.7324071466 36.0888337436 36.8570917348 37.3138021887 37.3713736135 36.312336586 36.7574738825 37.0702466891 36.3125837716 36.3683567028 36.6553165717 36.984468544 36.8825912986 36.5610977312 76.9659107883 76.9659107883 77.765122047 37.1494398558 37.2540291032 37.049258685 36.1791356168 36.5477555125 36.9181166059 36.0552692284 36.9755627184 36.4537621461 36.5121565846 37.3533840545 36.1948472625 36.8481403498 36.533218386 37.234494762 37.2457569047 36.0243436588 37.0298605053
0 0 0 0 0 0 36.1290641424 36.2780209439 36.2236403593 71.7271227059 69.4237829489 69.4237829489 37.3234606891 36.9204642771 36.5279431473 36.4844425188 37.0571911271 36.549400779 36.5476698331 37.385319386 36.3947735673 37.0174967196 36.0560035124 37.1018464631 36.9413103464 37.2485147252 36.8407301302 37.3005042865 36.5267551241 36.7701545111 37.2271153667 37.3044001234 36.5693022503 36.9624565775 36.9725066381 36.8903564878 77.765122047 61.6611373207 61.6611373207 36.4400947922 37.2757463911 36.7831692283 36.3500754759 37.206649042 36.5588512493 36.3499589337 37.38753554 37.2777391653 37.3992581728 36.706679111 37.3476521515 36.046451657 37.3326358132 36.9213194267 36.3777051063 37.0667657254 36.7293741141
0 0 0 0 0 0 0 0 64.0623312276 69.4237829489 69.4237829489 69.4237829489 37.1618657666 36.1464968096 0 0 36.4401643988 36.7884832916 36.8852081956 36.2504763491 37.2061572641 37.1089151922 36.920218829 36.6740761015 36.6350987242 36.6998717764 36.8449749624 36.1919236305 37.3280173064 36.722769954 36.4383861805 37.3020501942 37.0488284884 37.0478430452 36.2345245176 36.2425887831 37.2302240298 36.0892081537 66.811961066 66.811961066 66.811961066 36.167089811 36.6462278918 36.3401408859 37.1955019513 36.7175211204 36.2350686207 36.0067037362 36.6383453236 36.0107422555 36.2479156374 37.3461248129 36.113386263 36.5259078631 36.832260941 37.1839669529 36.1679363223
0 0 0 0 0 0 0 0 0 44.1430382576 69.4237829489 44.1430382576 64.2746182118 0 0 0 37.2677716983 37.412828002 36.5266452993 36.093607444 36.2439645296 36.6150733121 37.393216201 36.9818044453 36.271164513 36.2030787127 36.5339125652 36.9028119616 37.3293678182 36.3486919759 36.0791286399 37.0589289935 36.4914923641 37.06093649 36.4179904411 37.0392788024 37.2740690563 36.6723236927 66.811961066 66.811961066 63.3072143149 36.6879375685 36.208710093 36.0120527769 36.9759351808 36.7379493328 37.2122593986 36.756741242 36.7289344458 36.3451760567 36.6827506382 36.4185248743 37.3076558989 36.7040004125 36.2587161942 36.1834357535 36.4325051209
0 0 0 0 0 0 0 0 0 0 83.1455521786 69.9362020183 69.9362020183 0 0 0 0 36.630069376 36.1175912133 36.7658362028 36.5628597438 36.0381050944 36.0867521768 36.5101496769 36.9834062851 36.9233709563 36.0903303725 37.0027768164 37.0807571941 36.5973432837 37.3510967196 36.6707577339 36.8906100827 36.740379597 36.0668670288 36.4981232464 36.1647829697 36.4583900281 63.3072143149 61.8091176639 61.8091176639 36.5194496581 37.3720727237 37.3136771188 36.7078511477 37.0890474892 36.9298721514 36.0759090677 37.1427908098 37.2675448465 36.9156757219 36.6814877095 36.9519009776 36.9328101432 36.3765657497 37.3791050523 37.3121023633
0 0 0 0 0 0 0 0 0 0 69.9362020183 69.9362020183 69.9362020183 83.3981063416 0 0 0 0 36.6825451837 36.2664842768 36.5926483743 37.3674761524 36.2830353096 37.3649049778 36.635066919 36.6419717487 36.5426966576 37.4125566848 36.1995193496 36.6279839927 37.0059031088 36.5043669645 37.2370121061 36.6373872794 36.5292555503 36.0558355625 37.4101981409 36.927139999 61.8091176639 61.8091176639 61.8091176639 85.0477343552 36.3697889131 36.3801410128 36.0605389323 36.7617087719 36.6530338384 36.3344973359 36.6930853466 36.0428481024 36.8011882165 36.6856491541 37.1854744391 36.8644808083 37.1309611491 36.1385357968 37.0816737034
0 0 0 0 0 0 0 0 0 0 55.8546038792 57.0320269211 57.0320269211 0 0 0 0 0 0 36.7556708577 36.6544008117 36.6203273774 37.1753435496 36.330085775 36.5399648412 36.3491200254 36.7342569811 36.3563950958 36.432476029 36.1261834151 36.1899997776 36.830438894 37.3800692404 36.6386210707 36.7602644135 37.3448883415 36.5809999704 36.8274070825 36.9654971173 85.0477343552 60.6957531704 60.6957531704 37.2699793129 36.044919018 36.4502333719 36.3596521393 37.258277903 36.4000563667 36.7005872349 36.4558636538 36.610432224 37.0984939721 37.0003769549 36.2666869421 37.1661789809 36.1771863933 37.1795028714
0 0 0 0 0 0 0 0 0 0 0 0 0 0 0 0 0 0 0 0 36.3917808934 36.7279737361 36.7836232138 37.3008533235 36.3434494662 36.2292113984 36.7080809251 36.6468140942 37.0618478524 36.2990164788 36.5169604017 36.8166680515 37.3110480115 36.707949162 36.8453987515 37.2650191117 36.2342907515 36.795213061 36.5449588139 60.6957531704 60.6957531704 60.6957531704 52.5350032375 36.5969710956 36.8059963771 37.0081266413 37.2003883649 37.2029178423 36.2436842088 36.1577224603 36.6853123987 37.0490181466 36.4268888663 36.8566362631 37.090635636 36.1211727911 37.1299869188
0 0 0 0 0 0 0 0 0 0 0 0 0 0 0 0 0 0 0 0 0 0 0 0 36.834991127 36.756172596 37.2088889893 36.1884634794 37.2815437646 36.7097479336 37.2458264637 36.436243024 36.8165285658 37.2910485089 36.9986645226 36.985980762 37.2814970329 36.1916956833 36.7446781999 37.1992652278 52.5350032375 60.0484390838 80.3694878792 36.6428600897 36.9947863846 36.1114267569 37.2616525292 36.5269184909 36.753823241 36.4060472498 37.2291523337 36.2753932603 37.1313517763 36.7893874415 36.4361890914 37.0971028858 37.1491888443
0 0 0 0 0 0 0 0 0 0 0 0 0 0 0 0 0 0 0 0 0 0 0 0 0 0 0 0 36.6121808949 37.1555418522 36.6250647336 37.3074533747 37.2562508928 36.6756227133 36.8754642608 37.0010224555 37.1270766388 36.2734290101 36.9819194556 36.5057026174 60.0484390838 80.3694878792 80.3694878792 36.6300811982 36.9944097348 37.2872583266 36.6908564896 36.7479029544 37.3912967475 36.1715573371 37.0154960867 36.3651039632 36.5626928107 36.6357505921 37.3321667323 37.2824939929 0
0 0 0 0 0 0 0 0 0 0 0 0 0 0 0 0 0 0 0 0 0 0 0 0 0 0 0 0 0 37.0743858378 37.0141133296 36.6238565354 37.1353717453 36.1161463687 36.648907335 36.8987450406 36.346708257 36.6628580819 36.9562050874 36.1753790404 37.0165831598 57.7955266993 57.7955266993 74.395670501 36.5529656097 36.3055157901 36.1211919548 36.0003312053 37.1896601592 36.415850779 37.2959969652 36.1266918966 37.1000860001 36.4733754524 36.9325341832 0 0
0 0 0 0 0 0 0 0 0 0 0 0 0 0 0 0 0 0 0 0 0 0 0 0 0 0 0 0 0 0 36.5356236922 37.3518955549 36.5515005807 36.3558429895 37.1306690789 36.1329279924 37.0335305788 37.2642893613 37.1903125011 36.5117123135 37.2881106042 57.7955266993 57.7955266993 57.7955266993 73.1481754657 36.2376377022 36.177598387 36.0940211323 37.09696481 36.6562961654 36.7499545975 36.9165331212 37.0114115971 36.49661912 36.3505233912 0 0
0 0 0 0 0 0 0 0 0 0 0 0 0 0 0 0 0 0 0 0 0 0 0 0 0 0 0 0 0 0 0 37.2173160121 37.1786705967 37.4000203636 36.0717957015 36.2528982453 36.3215836766 37.0965875028 36.3336476752 36.4833684164 36.8074121477 74.2423867469 54.5101823554 54.5101823554 73.1481754657 36.9302204786 36.0650905559 37.0745167746 36.1413558585 37.1059378943 36.6106479749 37.1618047908 37.003559277 37.2710098059 36.5045780619 0 0
0 0 0 0 0 0 0 0 0 0 0 0 0 0 0 0 0 0 0 0 0 0 0 0 0 0 0 0 0 0 0 0 0 36.3137082246 36.665487087 36.8341976143 36.7205956803 36.1500694798 36.311737806 36.6732457178 37.1175204466 36.8291041107 74.2423867469 75.9162463355 75.9162463355 37.36028166 36.8616832109 36.7296870609 36.5477868651 37.2631492556 36.5616749671 36.7821509993 36.1558829933 36.79258066 0 0 0
0 0 0 0 0 0 0 0 0 0 0 0 0 0 0 0 0 0 0 0 0 0 0 0 0 0 0 0 0 0 0 0 0 0 37.3420473884 36.5199330968 36.7205181097 37.1979631635 37.1036795615 36.1627946016 37.1315799499 36.2205637869 36.1329073609 49.7263780966 49.7263780966 49.7263780966 36.1319378994 36.149506856 37.1878074629 0 0 0 36.6785351753 36.7196109689 0 0 0
0 0 0 0 0 0 0 0 0 0 0 0 0 0 0 0 0 0 0 0 0 0 0 0 0 0 0 0 0 0 0 0 0 0 36.2853423311 36.4912117659 36.0996007033 36.8082751488 36.1932236679 36.2222208525 36.6417039862 36.4431475139 61.0047599527 49.7263780966 49.7263780966 66.8018063378 36.2637455642 36.525951977 0 0 0 0 0 0 0 0 0
0 0 0 0 0 0 0 0 0 0 0 0 0 0 0 0 0 0 0 0 0 0 0 0 0 0 0 0 0 0 0 0 0 0 0 37.2964983706 37.3166598466 36.1171193492 37.1620180882 36.9344480792 37.4086174117 36.8614420102 37.2201446392 66.8018063378 66.8018063378 58.2982789119 49.8960610247 0 0 0 0 0 0 0 0 0 0
0 0 0 0 0 0 0 0 0 0 0 0 0 0 0 0 0 0 0 0 0 0 0 0 0 0 0 0 0 0 0 0 0 0 0 0 36.593240767 36.5992655933 37.0864179851 36.6834342826 36.8794432307 36.5876931264 36.0524989809 36.6021077467 58.2982789119 58.2982789119 49.8960610247 42.6459519881 0 0 0 0 0 0 0 0 0
0 0 0 0 0 0 0 0 0 0 0 0 0 0 0 0 0 0 0 0 0 0 0 0 0 0 0 0 0 0 0 0 0 0 0 0 0 36.7632446946 37.1748875501 37.2800678018 36.7755406238 37.0803852402 37.3305604169 37.1599081176 58.2982789119 80.3365488448 81.6119192891 69.4690223612 0 0 0 0 0 0 0 0 0
0 0 0 0 0 0 0 0 0 0 0 0 0 0 0 0 0 0 0 0 0 0 0 0 0 0 0 0 0 0 0 0 0 0 0 0 0 0 36.6528299888 36.6328037565 36.22976323 36.8749362212 37.3667921511 37.3505537201 37.1442584285 69.2344854092 84.4819136369 80.9217894381 68.1902757241 0 0 0 0 0 0 0 0
0 0 0 0 0 0 0 0 0 0 0 0 0 0 0 0 0 0 0 0 0 0 0 0 0 0 0 0 0 0 0 0 0 0 0 0 0 0 0 37.1251743614 36.9575687826 36.695972871 37.0502130228 36.327318953 37.3649366969 75.3170813596 71.2093044104 78.8836279611 68.1902757241 27.0497940564 0 0 0 0 0 0 0
0 0 0 0 0 0 0 0 0 0 0 0 0 0 0 0 0 0 0 0 0 0 0 0 0 0 0 0 0 0 0 0 0 0 0 0 0 0 0 37.1779960591 36.4416115866 36.2301794221 36.463184838 36.87487318 0 0 68.1902757241 59.2805531744 59.2805531744 64.3015327598 0 0 0 0 0 0 0
0 0 0 0 0 0 0 0 0 0 0 0 0 0 0 0 0 0 0 0 0 0 0 0 0 0 0 0 0 0 0 0 0 0 0 0 0 0 0 0 36.0713703089 0 0 0 0 0 80.2034118667 59.2805531744 59.2805531744 68.5203263024 68.5203263024 0 0 0 0 0 0
