Spatial_Output/BAU/BAU_0785.asc
NCOLS 155
NROWS 192
XLLCORNER 196307.867259
YLLCORNER 449144.565805
CELLSIZE 33.573938
NODATA_VALUE NaN
[rows 108 to 143 of 192, columns 0 to 80 of 155]
0 0 0 0 0 0 0 0 0 0 0 0 0 0 0 0 0 0 0 0 0 0 0 0 0 32.5052794941 45.2232996296 45.2232996296 21 21 21 21 21 21 21 21 21 21 21 21 21 21 21 21 21 21 21 21 63.8754390481 63.8754390481 63.8754390481 21 21 21 21 21 65.4647768863 21 21 21 21 21 21 21 64.2544553951 21 21 21 21 21 21 21 21 21 21 21 21 58.0305286523 21 21 21
0 0 0 0 0 0 0 0 0 0 0 0 0 0 0 0 0 0 0 0 0 0 0 0 0 0 0 0 21 21 21 21 21 21 21 21 21 21 21 21 21 21 21 21 21 21 21 21 37.2320172793 35.7655544792 35.7655544792 21 21 59.8908702965 47.0308887399 47.0308887399 21 21 21 21 21 21 21 21 21 21 21 21 21 21 21 21 21 21 21 21 21 46.9148567468 21 21 21
0 0 0 0 0 0 0 0 0 0 0 0 0 0 0 0 0 0 0 0 0 0 0 0 0 0 0 0 0 21 21 21 21 21 21 21 21 21 21 21 21 21 21 21 21 21 21 21 21 35.7655544792 35.7655544792 21 21 21 47.0308887399 47.0308887399 21 21 21 21 21 21 21 21 21 21 21 21 55.5278925779 55.5278925779 64.7779075295 21 64.7779075295 58.8871165319 50.3428614096 48.1360965172 21 21 46.9148567468 21 21
0 0 0 0 0 0 0 0 0 0 0 0 0 0 0 0 0 0 0 0 0 0 0 0 0 0 0 0 0 21 21 21 21 21 21 21 21 21 21 21 21 21 21 21 21 21 21 21 43.3494749105 43.3494749105 43.3494749105 43.3494749105 21 21 21 38.673198964 21 63.2944932627 63.2944932627 21 42.7615048302 21 48.3435659026 48.3435659026 21 21 21 21 55.5278925779 55.5278925779 55.5278925779 64.7779075295 21 58.8871165319 48.1360965172 48.1360965172 61.6473140242 21 21 21 77.3552747417
0 0 0 0 0 0 0 0 0 0 0 0 0 0 0 0 0 0 0 0 0 0 0 0 0 0 0 0 0 0 21 21 21 21 21 21 21 21 21 21 21 21 21 21 21 21 21 21 51.839380313 40.3441644843 40.3441644843 21 21 21 21 21 38.673198964 63.2944932627 21 21 42.7615048302 21 48.3435659026 48.3435659026 21 21 21 21 55.5278925779 55.5278925779 21 21 21 21 50.3428614096 48.1360965172 41.4576918142 21 21 21 21
0 0 0 0 0 0 0 0 0 0 0 0 0 0 0 0 0 0 0 0 0 0 0 0 0 0 0 0 0 0 0 21 21 21 21 21 21 21 21 21 21 21 21 21 21 21 21 21 40.3441644843 40.3441644843 40.3441644843 21 55.6282921688 21 21 38.673198964 21 21 21 21 21 21 65.963061537 65.963061537 65.963061537 58.6304201358 21 21 21 21 21 21 21 21 21 21 41.4576918142 21 21 21 21
0 0 0 0 0 0 0 0 0 0 0 0 0 0 0 0 0 0 0 0 0 0 0 0 0 0 0 0 0 0 0 21 21 21 21 21 21 21 21 21 21 21 21 21 21 21 21 21 41.9516557998 50.1379189209 41.9516557998 55.6282921688 55.6282921688 21 21 21 21 21 21 21 21 21 65.963061537 65.963061537 65.963061537 21 21 21 21 21 21 21 21 21 21 21 21 21 21 21 21
0 0 0 0 0 0 0 0 0 0 0 0 0 0 0 0 0 0 0 0 0 0 0 0 0 0 0 0 0 0 0 0 21 21 21 21 21 21 21 21 21 21 21 21 21 21 21 21 50.1379189209 50.1379189209 50.1379189209 21 55.6282921688 21 21 21 21 21 21 21 21 21 21 21 21 21 21 21 21 21 21 21 21 21 21 21 21 21 21 64.3018314 21
0 0 0 0 0 0 0 0 0 0 0 0 0 0 0 0 0 0 0 0 0 0 0 0 0 0 0 0 0 0 0 0 21 21 21 21 21 21 21 21 21 21 21 21 21 21 21 21 50.1199984973 50.1379189209 50.1379189209 21 21 21 21 21 21 21 21 21 21 21 21 21 21 21 21 21 21 21 21 21 21 21 21 21 53.6300570379 53.6300570379 40.4326124187 64.3018314 64.3018314
0 0 0 0 0 0 0 0 0 0 0 0 0 0 0 0 0 0 0 0 0 0 0 0 0 0 0 0 0 0 0 0 0 21 21 21 21 21 21 21 21 21 21 21 21 21 21 21 36.6204080937 21 55.6091032906 55.6091032906 21 21 41.9297897033 21 40.1125208201 48.627604281 21 21 21 21 21 46.9380556347 21 21 21 21 21 21 21 21 21 21 21 21 40.4326124187 40.4326124187 39.4547279219 39.4547279219 21
0 0 0 0 0 0 0 0 0 0 0 0 0 0 0 0 0 0 0 0 0 0 0 0 0 0 0 0 0 0 0 0 0 21 21 21 21 21 21 21 21 21 21 21 21 21 21 21 21 54.7051955941 21 21 21 21 21 41.9297897033 40.1125208201 21 21 21 41.5892332962 21 52.4891898942 21 21 21 21 21 21 21 21 21 21 21 21 21 21 39.4547279219 39.4547279219 21 21
0 0 0 0 0 0 0 0 0 0 0 0 0 0 0 0 0 0 0 0 0 0 0 0 0 0 0 0 0 0 0 0 0 0 21 21 21 21 21 21 21 21 21 21 45.3936160012 45.3936160012 21 21 54.7051955941 54.7051955941 54.7051955941 21 21 21 21 21 70.2868412579 70.2868412579 21 21 21 21 21 52.4891898942 21 21 21 21 21 21 21 21 21 21 21 21 21 21 39.4547279219 42.3070889389 42.3070889389
0 0 0 0 0 0 0 0 0 0 0 0 0 0 0 0 0 0 0 0 0 0 0 0 0 0 0 0 0 0 0 0 0 0 0 21 21 21 21 21 21 63.6931509874 62.2831386451 45.3936160012 45.3936160012 45.3936160012 21 21 21 21 21 21 21 21 21 70.2868412579 70.2868412579 70.2868412579 21 21 21 21 21 21 21 21 21 21 21 21 21 21 21 21 21 21 21 21 42.3070889389 57.344958002 57.344958002
0 0 0 0 0 0 0 0 0 0 0 0 0 0 0 0 0 0 0 0 0 0 0 0 0 0 0 0 0 0 0 0 0 0 0 21 21 21 47.0889150184 47.0889150184 68.8242282742 62.2831386451 62.2831386451 62.2831386451 45.3936160012 21 21 21 21 21 21 21 21 21 21 21 21 21 44.702008348 44.702008348 21 21 21 21 21 21 21 21 21 21 21 21 21 21 21 21 21 21 44.6641802641 44.6641802641 44.6641802641
0 0 0 0 0 0 0 0 0 0 0 0 0 0 0 0 0 0 0 0 0 0 0 0 0 0 0 0 0 0 0 0 0 49.3877604058 52.6697052443 51.7676388633 61.1225128059 61.1225128059 47.0889150184 47.0889150184 21 63.6931509874 63.6931509874 62.2831386451 21 21 21 21 21 21 21 21 21 21 21 21 21 44.702008348 21 44.702008348 21 21 21 21 21 21 21 21 21 21 21 21 21 21 21 21 21 21 21 44.6641802641 41.0807484997
0 0 0 0 0 0 0 0 0 0 0 0 0 0 0 0 0 0 0 0 0 0 0 0 0 0 0 0 0 0 53.2497769323 61.474995107 35.4323111915 39.0823294535 39.2969325812 49.3877604058 61.1225128059 61.1225128059 21 47.0889150184 21 21 21 21 21 21 21 21 21 21 21 21 21 21 21 21 21 21 21 44.702008348 70.9148328139 21 44.2815516668 21 21 21 21 21 21 21 21 21 21 21 21 21 21 21 21 41.0807484997 41.0807484997
0 0 0 0 0 0 0 0 0 0 0 0 0 0 0 0 0 0 0 0 0 0 0 0 0 0 0 0 43.4938121094 44.9099403653 56.5925096404 49.8138197008 40.0065209016 43.5445459669 39.6318746704 51.7676388633 61.1225128059 21 21 21 21 21 21 21 21 21 21 21 21 21 21 21 21 21 21 21 21 21 21 21 21 21 21 21 21 21 21 21 21 21 21 21 21 21 21 21 21 21 21 21 41.0807484997
0 0 0 0 0 0 0 0 0 0 0 0 0 0 0 0 0 0 0 0 0 0 0 0 0 45.9262858274 63.1251370305 50.9331106997 43.4938121094 67.5094202954 56.5925096404 49.8138197008 33.8158969273 36.6843223864 35.516254163 54.7063549248 0 0 21 21 21 21 21 21 21 21 21 21 21 21 21 21 21 21 21 21 21 21 21 47.7079847062 21 52.1724656305 21 21 21 21 21 21 21 21 21 21 21 21 21 21 21 21 21 21 70.5043018479
0 0 0 0 0 0 0 0 0 0 0 0 0 0 0 0 0 0 0 0 0 0 0 0 0 45.9262858274 63.1251370305 63.1251370305 50.9331106997 67.5094202954 56.5925096404 65.3277477984 48.8378919018 46.5992320701 0 0 0 0 21 21 21 21 21 21 21 21 21 21 21 21 21 21 21 21 45.7541358903 21 35.1068763527 35.1068763527 55.5550443156 52.1724656305 52.1724656305 52.1724656305 21 21 21 21 21 21 21 21 21 21 21 21 21 21 21 21 21 66.8083172948 21
0 0 0 0 0 0 0 0 0 0 0 0 0 0 0 0 0 0 0 0 0 0 0 0 0 48.7952647989 63.1251370305 63.1251370305 66.8741108022 65.3654410333 0 0 0 0 0 0 0 0 0 21 21 21 21 21 21 21 21 21 21 40.927692695 21 67.0712953867 67.0712953867 21 21 64.6635673606 35.1068763527 35.1068763527 55.5550443156 41.1149666234 21 52.1724656305 56.431460388 21 21 21 21 21 21 21 21 21 74.4454075 50.0576592401 49.3466234075 45.7877036166 44.5574773352 43.380338217 44.5574773352 66.8083172948 69.1030967741
0 0 0 0 0 0 0 0 0 0 0 0 0 0 0 0 0 0 0 0 0 0 0 0 0 0 0 0 0 0 0 0 0 0 0 0 0 0 0 0 21 21 21 21 21 21 21 21 48.6445884121 48.6445884121 40.927692695 67.0712953867 67.0712953867 21 21 64.6635673606 21 35.1068763527 55.5550443156 21 21 40.1222006354 40.1222006354 21 21 41.6986809632 21 51.1104821603 51.8027407824 70.0286293613 59.8897053775 59.8897053775 50.0576592401 50.0576592401 45.7877036166 45.7877036166 45.7877036166 43.380338217 66.8083172948 66.8083172948 66.8083172948
0 0 0 0 0 0 0 0 0 0 0 0 0 0 0 0 0 0 0 0 0 0 0 0 0 0 0 0 0 0 0 0 0 0 0 0 0 0 0 0 0 21 21 21 21 21 21 21 49.3941347685 48.6445884121 48.6445884121 67.0712953867 67.0712953867 21 21 21 21 21 21 21 21 40.1222006354 40.1222006354 47.0240577815 21 21 59.3635688664 51.8027407824 51.8027407824 70.0286293613 59.8897053775 59.8897053775 74.4454075 50.0576592401 49.3466234075 45.7877036166 44.5574773352 43.380338217 21 66.8083172948 21
0 0 0 0 0 0 0 0 0 0 0 0 0 0 0 0 0 0 0 0 0 0 0 0 0 0 0 0 0 0 0 0 0 0 0 0 0 0 0 0 0 21 21 21 21 56.5531531114 56.5531531114 56.5531531114 49.3941347685 48.6445884121 62.2864857903 21 21 21 21 21 21 21 21 21 42.0873918717 21 61.5194434073 21 47.0240577815 21 21 51.1104821603 51.8027407824 21 59.8897053775 21 63.0593916117 21 21 21 21 21 21 21 21
0 0 0 0 0 0 0 0 0 0 0 0 0 0 0 0 0 0 0 0 0 0 0 0 0 0 0 0 0 0 0 0 0 0 0 0 0 0 0 0 0 0 21 21 21 21 56.5531531114 56.5531531114 21 21 21 21 21 21 21 21 21 21 61.7518380837 57.2166524231 57.2166524231 61.5194434073 21 21 21 21 21 21 21 21 21 21 21 21 21 21 21 21 21 21 21
0 0 0 0 0 0 0 0 0 0 0 0 0 0 0 0 0 0 0 0 0 0 0 0 0 0 0 0 0 0 0 0 0 0 0 0 0 0 0 0 0 0 0 21 21 80.7907842609 21 21 21 21 21 21 21 21 21 21 43.9596982617 43.9596982617 61.7518380837 61.7518380837 57.2166524231 21 46.6162709923 21 21 21 21 21 21 21 21 21 21 21 21 21 21 21 21 21 21
0 0 0 0 0 0 0 0 0 0 0 0 0 0 0 0 0 0 0 0 0 0 0 0 0 0 0 0 0 0 0 0 0 0 0 0 0 0 0 0 0 0 0 21 21 21 41.3834089394 21 21 21 21 21 21 50.9039992049 39.5296699227 39.5296699227 43.9596982617 43.9596982617 54.0845631896 61.7518380837 57.2166524231 21 21 39.733802601 39.733802601 21 21 21 21 21 21 21 21 21 21 21 21 21 21 21 21
0 0 0 0 0 0 0 0 0 0 0 0 0 0 0 0 0 0 0 0 0 0 0 0 0 0 0 0 0 0 0 0 0 0 0 0 0 0 0 0 0 0 0 0 21 21 21 21 21 21 21 21 21 50.9039992049 50.9039992049 39.5296699227 39.5296699227 43.9596982617 21 21 21 21 21 39.733802601 45.5429730917 63.0919382306 21 21 21 21 21 21 21 21 21 21 21 21 21 21 21
0 0 0 0 0 0 0 0 0 0 0 0 0 0 0 0 0 0 0 0 0 0 0 0 0 0 0 0 0 0 0 0 0 0 0 0 0 0 0 0 0 0 0 0 21 21 21 21 21 21 21 21 43.2872427693 21 50.9039992049 39.5296699227 21 21 21 21 21 21 21 45.9495090769 51.0203748703 51.0203748703 21 21 21 21 21 21 21 21 21 21 21 21 21 21 21
0 0 0 0 0 0 0 0 0 0 0 0 0 0 0 0 0 0 0 0 0 0 0 0 0 0 0 0 0 0 0 0 0 0 0 0 0 0 0 0 0 0 0 0 21 21 21 21 21 21 21 21 21 21 21 21 21 21 21 21 21 21 21 45.5429730917 51.0203748703 51.0203748703 53.0481895906 21 21 21 21 21 21 21 21 21 21 21 21 21 21
0 0 0 0 0 0 0 0 0 0 0 0 0 0 0 0 0 0 0 0 0 0 0 0 0 0 0 0 0 0 0 0 0 0 0 0 0 0 0 0 0 0 0 0 0 21 21 21 21 21 21 21 21 21 21 21 21 21 21 21 21 21 21 21 21 53.0481895906 53.0481895906 21 21 21 21 21 21 21 21 21 21 21 21 21 21
0 0 0 0 0 0 0 0 0 0 0 0 0 0 0 0 0 0 0 0 0 0 0 0 0 0 0 0 0 0 0 0 0 0 0 0 0 0 0 0 0 0 0 0 0 21 21 21 21 57.3248122051 57.3248122051 21 21 21 21 21 21 21 21 21 21 21 21 21 53.0481895906 53.0481895906 53.0481895906 21 21 21 21 21 21 21 21 21 21 21 21 21 21
0 0 0 0 0 0 0 0 0 0 0 0 0 0 0 0 0 0 0 0 0 0 0 0 0 0 0 0 0 0 0 0 0 0 0 0 0 0 0 0 0 0 0 0 0 21 21 21 21 57.3248122051 57.3248122051 21 21 21 21 21 21 21 21 21 21 21 21 21 54.0691850158 54.0691850158 54.0691850158 21 21 21 21 21 21 21 21 21 21 21 21 21 21
0 0 0 0 0 0 0 0 0 0 0 0 0 0 0 0 0 0 0 0 0 0 0 0 0 0 0 0 0 0 0 0 0 0 0 0 0 0 0 0 0 0 0 59.432593878 72.1350483993 55.2309904498 72.1350483993 72.1350483993 46.01129625 21 57.3248122051 21 21 21 21 21 21 21 21 21 21 21 21 21 49.1892308482 49.1892308482 49.1892308482 21 21 21 21 21 21 21 21 21 21 21 21 21 21
0 0 0 0 0 0 0 0 0 0 0 0 0 0 0 0 0 0 0 0 0 0 0 0 0 0 0 0 0 0 0 0 0 0 0 0 0 0 0 0 0 56.274341556 69.5778925312 56.1053150068 51.6109235599 55.2309904498 21 72.1350483993 21 21 21 21 21 21 21 21 21 21 21 21 21 21 21 21 21 49.1892308482 49.1892308482 21 21 21 21 21 21 21 21 21 21 21 21 21 21
0 0 0 0 0 0 0 0 0 0 0 0 0 0 0 0 0 0 0 0 0 0 0 0 0 0 0 0 0 0 0 0 0 0 0 0 0 0 0 45.7569327377 36.7269682683 56.1053150068 56.1053150068 56.1053150068 56.1053150068 72.1350483993 21 21 21 21 21 21 21 21 21 21 21 21 21 21 21 21 21 21 46.2502792975 46.2502792975 46.2502792975 21 21 21 21 21 21 21 21 21 21 21 21 21 21
0 0 0 0 0 0 0 0 0 0 0 0 0 0 0 0 0 0 0 0 0 0 0 0 0 0 0 0 0 0 0 0 0 0 0 0 0 0 56.2805314826 56.2805314826 56.1053150068 56.1053150068 56.1053150068 69.5778925312 56.1053150068 0 0 21 21 21 21 21 21 21 21 21 21 21 21 21 21 21 21 21 21 47.114275261 21 21 21 21 21 21 21 21 21 21 21 21 21 21 21
