Spatial_Output/BAU/BAU_0168.asc
NCOLS 155
NROWS 192
XLLCORNER 196307.867259
YLLCORNER 449144.565805
CELLSIZE 33.573938
NODATA_VALUE NaN
[rows 25 to 49 of 192, columns 57 to 113 of 155]
45.0617198902 44.5643974138 44.9223352578 45.0296302601 64.2353975976 64.2353975976 44.8800648383 44.8561681258 58.4702821495 60.7031485811 60.7031485811 45.2063676357 44.5034922724 44.6346544573 44.8822636196 44.8645098378 44.8010559815 45.1304355164 44.9043079748 44.5406389189 44.8426273521 44.6071768714 45.0553468006 44.5237377652 0 0 0 0 0 0 0 0 0 0 0 0 0 0 0 0 44.907157432 45.1170888194 45.0873769813 45.1053841244 44.7361846277 44.8997076645 45.0549892894 44.8630998734 44.6657118443 44.9703976513 44.9549151943 44.9351330933 45.2005124603 45.055814693 44.7403498204 45.0896685493 45.0121326491
44.6889036173 44.6491012565 44.7409180168 45.1864837283 64.2353975976 57.2682857715 70.7475868605 44.8427394962 60.7031485811 60.7031485811 60.7031485811 44.7490257802 44.7145753327 44.5075672785 44.7426942615 44.6140069851 44.9697966859 45.0903922191 44.8682942205 44.7951103491 45.0384042936 44.6375271093 44.7972407801 45.0340560821 44.5490355516 44.675402409 0 0 0 0 0 44.5429563755 44.8841789946 44.943806624 44.6618681866 44.8924595836 0 0 0 0 44.5521908547 45.1039704646 44.6045939508 44.5992405699 44.9481018838 44.684320124 44.9014786809 45.1894304551 44.5380013509 44.5992123436 45.0665287855 45.0625056347 44.8365327332 44.5911333407 44.7488835387 44.545152463 44.7015414427
44.6184098855 44.6601952552 45.2002139622 60.6010661246 64.8248523995 70.7475868605 70.7475868605 64.0311326612 64.0311326612 60.7031485811 71.4124450555 44.5544272186 45.028262292 44.6131344864 44.6214789449 44.8608655547 45.0542236056 45.1079898326 44.9690788504 44.6788069024 44.9024821115 45.0006731576 44.5038725096 45.1305801276 45.1924808323 45.0087977764 44.6390045751 45.0561741975 45.1760007216 45.0524307811 45.1871896213 44.9859789504 45.1712238835 44.9628245773 44.5399233768 44.9159119059 45.1974043097 44.7859258583 0 44.8395352334 44.9473143408 44.616836095 44.9816990061 44.7360260118 44.5072378494 45.1543297768 44.8957214589 44.5185336973 44.954890047 44.6498090773 44.541069794 44.5978867582 45.051659468 45.135538453 44.6462026485 44.5156827106 44.9310242108
45.132280854 45.0776569729 60.6010661246 60.6010661246 60.6010661246 70.7475868605 70.7475868605 60.254634251 60.254634251 71.4124450555 71.4124450555 65.3854049248 65.3854049248 44.8200266603 44.7342471717 44.8487245081 44.7316622288 44.850495875 44.8401593758 44.6508824501 44.9841210411 45.1169494338 44.6093044279 44.6824978353 44.8105486451 44.678436004 44.8547720145 45.0664584274 45.1382600729 45.0385065637 44.9857532308 44.8277328796 44.5825931527 44.7129896804 44.9139754108 44.6150984944 44.9002451898 44.6282377361 44.9926799034 44.8729604608 44.8413582979 44.8033114659 44.6340399962 45.0690524396 44.6294788489 44.7652344936 44.748325764 44.7012372229 44.9544920796 44.8303760097 45.060319049 44.6516845812 44.7087493236 44.8073186697 44.6395461747 45.035216184 45.1591919206
45.1264994764 44.7405277984 60.6010661246 60.6010661246 67.0402746056 44.9069736532 60.254634251 60.254634251 60.254634251 44.7657597928 65.3854049248 65.3854049248 65.7528334145 45.0276128611 45.1826077249 45.0037276798 44.6327352378 44.8290941967 44.8293712384 44.5563354767 45.0043178466 45.1731988096 45.1304722997 44.5526660628 45.1520563747 45.0846186228 45.0160374971 45.0639526408 44.6984514163 45.1257557654 45.0970749715 44.9235701356 44.7592470475 44.9886484045 44.6625907445 44.5430610302 44.7795160196 44.5224079803 44.9565692285 45.1292125085 44.9123373414 44.6641045373 44.8774234855 44.6395565684 44.7113295415 44.9536165218 44.6662647102 44.9378417641 44.5184259538 44.7900639034 45.1186772216 44.7769130106 44.9733370094 45.1385058733 45.078323733 44.5752082699 45.0122268839
44.7184103721 44.8262903851 44.6190062943 73.8431266897 44.7951766966 83.8464264743 45.1279969342 58.3978727246 58.3978727246 58.3978727246 53.8447821771 53.8447821771 53.8447821771 44.6699265972 45.0910543956 44.658472118 44.8161412689 45.0744454842 44.5744537696 44.5666630669 44.9061755259 45.0387259579 44.9628920708 44.8497952617 45.2057232563 45.0069026172 44.7632327016 44.9408310143 44.6737169284 44.514408671 44.8453206529 45.0174837821 44.5151447127 44.7467529037 44.5162848686 44.6787060036 44.553436397 44.6174901952 44.8247678605 45.1307946489 44.8136255296 44.6226676392 44.9741472239 44.8385065489 44.875733173 44.5042046386 44.676946408 44.8972388798 44.7890181648 45.0300897297 45.0036514618 45.1097126142 44.5368564791 44.9014973379 44.6069028577 44.865679688 44.6473659217
44.634885616 44.9141053897 44.652270843 44.5273895333 68.6086170061 68.6086170061 83.8674422312 73.8007056545 44.5210930045 68.6175874134 53.8447821771 53.8447821771 44.9458816296 44.9737861792 44.8762763235 44.9005917383 44.700048272 44.6318937046 45.2044582496 44.8216435056 44.9700800438 44.5495563465 44.786369199 44.6483737531 45.0860566814 44.8176237705 45.1231068259 44.8750842566 44.8840701434 44.9747868991 44.6682615062 45.1227738027 44.5367945056 44.7904662534 44.5824157561 45.1205996 44.9813808611 44.7862399551 45.1940788558 45.07109368 44.9406481507 44.8778030561 44.6955095403 44.6628809078 44.7240112102 44.9167625962 44.9311741762 44.5904334195 44.7144243514 44.6984966474 45.0993796328 44.5653221619 44.8853157236 44.657634642 44.5971930454 44.586602308 44.6419889169
44.5828776759 44.8487628493 45.1255118624 44.7581932154 68.6086170061 68.6086170061 83.8674422312 58.2895455479 44.9564231321 45.1947651526 45.1325481356 44.9600246405 44.8350170342 44.6200151827 45.1115451842 45.0749551195 45.201239217 45.0127673119 45.1408482171 45.1319907043 45.0999869042 44.9157652279 44.8512679519 45.0318331032 45.1868678653 44.7885093071 45.1047402836 45.1004133545 45.1329755708 44.6944169713 45.1659453448 45.2040105879 44.9760866601 44.9356520395 45.1537802706 44.6453779432 44.7900169972 44.780920704 44.5839925934 44.5833784227 44.6740254565 44.5796250914 44.733709757 44.6132481103 45.0840728032 44.6310274178 44.8454746971 45.114220687 44.9955173004 44.580872811 44.7061384687 44.9685281834 44.7969201514 45.0423949072 44.8384879295 44.6055159882 44.7185891461
45.075299127 45.1181120897 44.6353503913 44.6735883983 45.0757991289 45.0269853043 58.171340661 58.171340661 44.7820619703 45.0264618616 44.7126803251 45.0064682014 44.716760665 44.7318944002 45.2018278566 44.5687338872 45.1060541212 44.5973154074 44.5704424179 44.8172963239 44.5304792261 44.5670953599 44.8910854423 44.5262279824 45.1012198653 44.7158478047 44.8076313467 45.1002147342 45.0884284012 45.0326462545 45.0032329589 44.9023759514 45.0381622413 44.905752137 44.83776444 44.9317449593 45.0282271659 44.55920443 44.6075048959 45.0154155389 44.7952935847 44.6841361942 44.5982031788 44.9298266472 45.1603696987 44.7745796122 44.8577829719 44.769405605 45.1162038118 45.0250673588 45.1399913944 44.567195588 44.7371989839 44.6122686652 45.0198034448 44.8489090145 44.6751756168
45.1496479087 44.5608271503 44.9008474256 44.8349880972 44.631626771 44.6585362331 58.171340661 58.171340661 44.663812245 44.7357769318 44.6804937436 44.6039175156 45.022416601 44.8455239368 44.8486583998 44.5259148646 44.998444335 45.0033275394 45.1948345456 44.6235667175 44.5608556601 45.1827497547 44.7852375896 44.5216614147 44.7003372874 44.642952352 44.7466288677 45.1350400739 44.8592498968 45.1964689318 44.8108583804 44.5088538622 44.9998445285 44.8100376094 45.1646196421 44.6725125939 44.6524553924 44.6809388454 44.5360452394 45.0271366491 44.8517499117 44.7320094548 44.6374872072 45.1818472646 45.0552668376 44.9329117171 44.9926813755 45.0089485029 44.5015938653 45.173931119 45.1305713407 44.6045593421 44.8669319256 45.0447785255 44.6633135988 45.0249934027 45.1876499992
44.9945620964 44.6100010286 44.5015528314 44.906572266 44.5755297641 44.6601184027 44.9331752955 44.8135625299 52.968369772 44.6666864584 44.8692535074 44.5864910162 44.6047037252 45.148803211 44.9452212185 44.7221055387 44.8821202261 45.078755338 44.8142413396 44.7644967208 44.9415285893 44.6878170538 44.6916459934 45.0454161776 44.9803486043 45.0445785429 44.8398396753 44.6078777556 44.9170760552 44.9560930113 44.9239820708 44.7007320493 44.7479807132 44.6709555108 45.1498573443 45.1009044007 44.7173722085 44.9324795488 45.0482239392 44.6876516602 44.7398142739 44.7020427835 45.1551267985 44.5349011491 44.7439129537 44.6476650191 44.9007919756 44.6579494873 44.8573878807 44.7760579502 44.833735871 45.1827648559 44.6453480456 44.706838915 44.7464921327 44.9866923687 45.1056895934
44.5659369547 44.7547657802 45.0688713082 44.5048380641 44.5571418905 56.7246052926 56.9514143891 56.9514143891 56.7246052926 44.5217933615 44.6892424527 44.6755818111 45.1884095951 45.008620801 45.1166834648 45.1545019188 45.0125125373 45.1881735975 45.1970620467 45.0090054935 44.9522271286 45.1469943548 44.8230930622 44.8483246609 44.6427971637 45.2042500755 44.8152897113 45.1910749437 45.0934991231 44.6793830418 44.6001310502 45.0997751481 44.9687393208 44.8476156584 44.5008397879 44.9460083831 44.6051005664 44.9071117698 45.0776299072 45.1331537344 44.9188116172 44.8664623206 45.1395641586 44.5136270245 44.5907950658 44.7946716299 45.0815684911 44.8126211222 44.525297153 44.9380000845 44.6509184388 44.6316944918 44.8116016602 44.6251707903 44.6119353555 44.7114664846 45.1466945432
44.6305295906 44.6810421499 44.568356486 45.0336169921 63.0246349485 56.9514143891 56.9514143891 56.9514143891 56.9514143891 44.8237221602 44.8388245899 44.5798259043 45.1963527094 44.9718288957 44.5724064365 44.7476244716 44.6800182263 44.7307319368 44.7162444022 44.5240016916 44.810051065 44.8370704501 44.7004550914 44.7503038508 44.6641583111 44.648010002 44.7547994984 44.5653768643 45.0962987921 44.828801705 44.8208146824 44.8087872593 44.8987808436 44.5248966995 45.1089138714 44.8158625149 44.5435081848 44.8701888954 44.7121866327 44.5421037549 44.9299966372 45.0771102492 45.0352187967 44.7356365221 44.7882968278 44.8083840183 44.8408278851 45.1090157504 44.518334976 44.7450667057 45.1375841638 45.1622100057 45.0513159464 45.1441602634 44.9165755374 44.950754906 44.9423398426
44.9891379999 45.101935087 44.8710832868 45.0684036432 44.6100718705 63.0246349485 75.4897132189 44.8177101694 44.8293438532 44.5143770652 44.5475737544 45.185327194 44.7557288104 45.0001516466 44.5264390925 45.2021362471 44.7680669431 45.0747236229 45.1098343526 45.0649285839 44.6802172894 45.0305329545 45.1815863307 44.7321136821 44.7560929077 44.656798169 44.5507862501 44.7607282608 45.0965955232 45.2021849522 44.8492492302 44.8273718362 44.5819279415 44.5358856954 45.0434255131 45.0073291817 44.7180362181 44.9480114264 44.7035738301 44.5658659406 44.8024805664 44.5318611736 44.5858981648 44.8733849666 44.7720726452 44.8260010483 44.6849036235 44.5147100958 45.0381965415 44.5825833376 44.7620276567 44.8115294302 44.6679210432 44.7900122653 44.9998006321 44.6897233606 44.908947848
44.9033381937 44.5886018126 44.7949618875 45.0252787588 44.5607231314 44.5028134351 44.5785702945 44.511975452 44.8104447099 84.064685533 51.1059467113 44.5761953779 44.6126784586 45.076538966 44.6006285813 44.9043981734 44.6163524644 45.0870399289 44.9726838127 44.7731292705 44.5203725113 44.6763080813 45.0388597801 44.5221165049 44.6565971018 45.1975849973 45.1322736438 44.9108689838 44.5616643201 45.1416749257 44.7137983423 45.1380756542 44.6671745825 44.8047700385 44.6382919332 45.121856231 44.6200448549 44.5637017565 45.0029673584 44.9662741762 45.1584600412 44.9949548923 45.0613588368 44.8772582763 45.0127838335 45.0643562529 44.7350841886 45.1959978919 45.0405488021 44.6295449592 44.9668778658 45.0949148879 45.1709376303 44.9448958585 44.6235544551 45.1644131309 44.9233095352
44.8682828945 44.7543512236 44.6552118681 44.9194225186 44.6372757509 44.9898409935 86.0753534909 75.8573596708 84.064685533 84.064685533 84.064685533 80.0269298141 44.8693281031 45.110657777 45.1334399111 44.764962441 44.9668688219 45.1123993601 44.5565458109 44.5394071089 45.1959578487 44.6483298197 44.7200724106 45.0064320825 44.764578234 44.8056542279 44.9289461902 45.1640412144 44.6282583351 44.6301900819 44.7514980114 44.7092626927 44.7437609816 45.1204588126 44.8299312359 44.5386623291 44.5385135342 44.5405944768 44.9274058933 45.0769053602 45.1677426785 44.9019293131 44.9973155703 44.8250827813 44.6099840309 44.5513581562 44.6267284109 44.5904629208 44.9721757632 45.1555190669 45.0295137549 45.143062549 45.1227893893 44.8626186736 44.8812219115 44.5332203607 44.6493137327
44.8783344591 44.9822825234 44.6412736984 44.5144278226 44.7226396048 58.8780288185 75.8573596708 75.8573596708 75.8573596708 84.064685533 51.1059467113 80.0269298141 80.000062351 44.697599715 44.9749726796 44.8861763576 44.9700514697 44.8501152275 44.5336092617 45.0696740809 44.5778473652 44.5814472593 44.6026222845 44.5033887255 45.0321721253 44.8429968759 45.0743499062 44.7703427127 44.5115411458 44.7396214963 45.200034165 44.6460205294 44.6021782129 45.0809941841 45.072527764 44.5738485761 44.8961574142 44.5821972095 45.0665218771 44.9543839343 44.9734614599 45.1367885378 44.8845881933 45.1018093932 45.0599399769 44.950475948 44.7830081278 44.9060045259 45.0768677917 44.6955637612 44.8641034784 44.6335080532 44.5147778718 44.9955963746 45.1016671968 44.6894338252 45.0311821876
45.1903348925 44.5035422864 44.7714928795 44.7935650816 58.8780288185 58.8780288185 58.8780288185 75.8573596708 75.8573596708 78.6208299833 78.6208299833 44.9242176009 63.533733361 80.000062351 44.5404206021 44.7212209521 44.6577013995 44.9201416533 44.8222963739 44.9521429916 44.557545282 44.74382618 45.1279922729 45.0089615886 44.9103857492 44.8543626329 45.1912964633 45.1088445412 44.8746677032 44.8896923228 45.1799352617 44.749612652 45.1450754311 44.9528346039 45.1984220125 44.8317017266 45.0306653442 45.0710735085 44.5253804609 44.7324337559 44.912047586 44.7830516232 44.5227487457 44.7135618326 44.5142017703 44.5425484068 45.0943272259 44.9353102351 44.9222754473 44.5052925663 44.7549911126 45.1792045218 45.0454163394 45.1149778706 45.1860981501 45.1932171793 44.8940860385
44.5174771603 44.9985006037 44.8089684085 57.5724977723 57.5724977723 57.5724977723 58.8780288185 45.0472574312 78.6208299833 78.6208299833 62.4758487673 63.533733361 63.533733361 63.533733361 44.9913901392 44.8434990211 44.8726726307 44.8540095023 45.0421478575 44.8322175704 45.1389460341 45.010907991 44.7094827911 44.9699531293 45.0508199671 44.565135325 44.5941768172 44.8355627825 45.0360478168 45.0044145589 44.8444437975 44.6408119933 45.0024012204 44.6564152233 45.072352087 45.0628100524 44.7953809291 45.0985745558 44.598821504 44.9936409783 44.7288263727 44.6284908546 44.8673900445 44.6259227193 44.7752834572 45.1883995216 44.7945954701 44.9591510784 44.8973596425 44.9786478956 45.0256225487 45.1988582661 44.6676753985 44.8525037571 44.6197298268 44.7192440761 44.5165676098
44.9571792914 44.9948106823 44.6114123701 67.9216203184 67.9216203184 67.9216203184 44.6369947881 44.9969233929 44.5942888727 45.195213081 61.9357093933 63.533733361 63.533733361 44.7282111542 44.6943388105 45.0322739212 45.0815193827 44.9348053486 44.9161872558 45.1485067936 44.5187100942 44.8004669426 44.955143976 44.8739791871 44.8557413372 44.7353426503 44.8071858542 44.5965350902 44.7515644931 44.9158375218 44.770834211 45.1247396759 44.913818818 44.7155536614 44.5214128066 45.0316730432 45.0918702201 44.7084739031 44.7257794404 44.7759210256 45.0058442379 45.0141369175 45.158154284 44.7911925101 45.1169362252 44.5710294609 44.9626188075 44.8213529316 44.6271369158 44.6889287639 44.5313850462 44.9936376119 45.0104908003 44.8259034668 44.7569635225 44.7014055645 45.172152534
44.6048610762 44.5251389849 45.0609214203 67.9216203184 67.9216203184 61.5677197849 44.8214305112 44.8850803614 44.8730003661 44.651095708 44.8669619589 45.0767838689 44.830477523 44.9637368665 91.3558889833 91.3558889833 44.7098950243 45.1060294595 44.5682935677 44.8791341745 44.9422357109 45.0348665311 44.6042472204 44.8447303076 45.0856249987 45.1805721212 44.9252888341 44.6682249751 45.0829225907 44.6397672289 44.5984033101 44.8854150953 44.9590991628 44.9324907449 44.6684612003 44.8951042888 45.1945712622 45.0178450934 44.8974053144 44.56284991 44.5334858813 44.8613960732 44.8912693928 44.9679794507 44.9004381214 44.7299771088 45.1240347494 44.9488077863 44.5291738653 44.5409517708 44.9418941501 44.5136509634 44.5722257856 44.6141192396 44.8540807562 44.633892029 61.267838054
44.547434095 45.0979483007 44.6524078461 61.7169859154 44.8476786055 73.5777891252 57.9205218023 45.1841886543 45.0447531906 44.6423448282 44.5429404955 45.1216162955 45.069465768 45.1713306249 72.9504970377 72.9504970377 72.9504970377 44.6902052668 44.6771356116 44.6899420858 45.0051905048 45.0787368242 44.9167312657 44.7499252002 45.1743249911 45.1863137015 44.6827853876 44.676371331 45.0393590462 45.1960355062 45.0555282373 44.8706337618 44.7646479263 44.5726551818 44.9254935187 44.6363378945 44.6976049151 44.5904878264 44.7499844016 44.7963270082 45.1657305238 45.0920166941 45.0730396861 45.1453612848 44.5819761235 45.059878956 44.7633098118 44.7440760179 45.1353157986 44.5978470689 44.7956795873 44.7529577634 44.8971058188 44.6974340747 44.5545452777 44.5382378962 45.097579371
44.8445847108 44.9602445056 45.1156542165 44.6970010637 73.5777891252 62.0848116224 62.0848116224 44.6666420103 44.5497983258 45.0366562072 45.0400658701 45.1158651619 44.6948033909 44.5974866046 72.9504970377 72.9504970377 87.8047541253 44.8089544732 45.1572169966 44.8222795615 44.6761741461 44.5205098839 44.6625458443 44.5711030508 44.8949031409 44.9510755081 44.9058071936 44.9941170744 44.5593066907 44.8844418171 44.5565473144 44.6824155001 44.5827841323 45.0402640671 44.870663509 44.9216016435 45.0720812657 44.5531539253 45.0413349906 44.8041120402 44.912591191 44.5518541448 44.9865418139 44.5405532019 44.9963665968 44.8648254865 44.7736728114 44.7960797954 44.9686321304 44.9393190501 44.9191254694 44.6961471194 44.6091151198 44.6640131426 59.4653520959 59.4653520959 45.1045754053
44.7329313712 45.1264087241 44.5855782861 44.8417956211 67.7000303511 62.0848116224 62.0848116224 58.1684923995 44.6613444188 44.7630181564 45.1248559002 45.0823930563 44.6863981026 44.789843525 44.9303416373 45.2004598434 45.0901112719 44.6865487902 44.5871513793 44.5787260121 44.7679872535 44.5829416701 45.1940141449 45.0831393258 44.8245584456 44.983420001 44.9568165147 44.5333251134 44.8934860769 44.5021026172 44.8349353157 45.0714906584 44.6642422967 44.9952589032 44.6918000425 44.572932322 44.9974522419 44.8832767429 44.5076664141 44.6176583641 45.1387478285 44.7456485583 45.0370190106 44.8227325225 44.9878026829 44.8259990621 45.0258012362 45.0304611112 44.7182474882 45.1856188486 45.0128346009 44.7028272756 44.5919184936 44.6072035154 59.4653520959 67.5230209761 65.4873613763
44.8179197158 44.901307961 44.9823538674 44.7538887981 44.9423638192 54.2565969049 60.2021759827 44.7396534491 44.9549946066 44.5108635929 44.7024940445 44.63198347 44.9130681073 45.1315805688 60.1174943524 45.1490096393 44.9322966994 44.7898215227 44.6824923137 44.956451432 44.680362471 45.1429185468 44.7233710778 44.8253630559 45.1870424611 45.0028937782 44.971116291 44.9252263248 44.9878197722 44.7086833466 44.7179569032 44.8859696993 45.0605655316 44.5193635219 44.5267602956 44.6449745173 45.2006789363 44.8505098912 44.5439320445 44.7265916282 44.7369324465 44.5376946935 45.1430948068 44.5938591478 44.6488074568 44.7889216191 44.6054028177 45.0417742383 44.7853838479 45.1765689049 44.6730164565 44.8216557716 44.6101492092 44.9239109606 44.8241587743 70.8756083091 72.4923455683
