Spatial_Output/BAU/BAU_1417.asc
NCOLS 155
NROWS 192
XLLCORNER 196769.923733
YLLCORNER 449719.875193
CELLSIZE 27.603701
NODATA_VALUE NaN
[rows 23 to 45 of 192, columns 53 to 105 of 155]
33.1111862704 32.8607872837 33.1371015609 32.688754126 33.0310069603 33.1079177572 32.5944876559 32.9242453206 33.1759879728 32.7899193282 32.7818140551 32.8119122758 32.6767804006 32.9569536718 32.8333146605 32.8080444083 32.7063657212 33.168278175 32.788974174 33.0147513651 33.1552815914 32.6174536089 32.5474603153 32.6885230904 32.6125383706 33.0455323228 32.8934486677 32.9467760038 33.1552441339 33.0480329344 33.0529776843 32.6786122972 32.7607787729 32.5578647886 32.7344177816 32.693706748 32.9281325656 33.0433373969 32.6737156256 33.1797525592 32.8397029946 33.0612279238 32.5518188858 32.970337661 32.734753986 32.892015228 32.8618659993 32.7320349257 32.8154256181 32.8215054454 33.1924389959 33.0019591027 33.2018762368
33.171252501 32.8852404302 32.9928691738 32.9174385227 74.3290860483 62.210789559 62.210789559 62.210789559 32.5618469167 32.7627391729 32.8115358732 32.8184630124 32.6235305222 33.0932730144 32.6449378603 32.9473288614 32.5647235771 33.1049271803 33.0362634559 33.0601209737 32.6434904152 33.0260540821 32.621109179 32.6209668545 32.8862348654 32.5698246898 32.75979078 32.5089030291 32.5984837919 33.1273895161 33.0162772294 32.9758821539 33.1670057002 32.9887611236 33.1904491177 32.7123501742 32.6228887187 32.986665577 32.8864429603 33.0466911006 33.1387048584 33.1077861577 33.0192089199 32.5685146724 32.5550980658 33.1649250157 33.0740938177 32.5745820844 32.6597476356 33.0945660657 32.990266646 33.086091119 33.1282563895
32.8307516469 32.710620667 33.013860588 32.5044137773 47.991980276 74.3290860483 62.210789559 62.210789559 32.8041293768 32.7168327832 32.6874848561 32.6773581263 32.7852215704 32.6537154703 33.0511790796 33.083289844 32.7344782316 32.6821443528 32.5351773296 33.1333554486 32.5773923747 32.6654077775 32.798239382 32.5939451673 33.0060793432 33.1796613507 33.0578711743 32.5622691793 32.764230581 32.7409732321 32.9386117407 32.7539519195 32.7343076857 32.6112843895 33.1187966491 32.9967468507 32.8038769375 33.0622332693 32.5979795949 33.1816858048 33.0366715885 32.5016748201 32.8968641197 32.7188290791 32.8707775316 32.5760950451 32.6219552758 33.1887075573 32.8560573477 33.1317550812 33.0330692567 32.8093059208 32.6925579078
32.9763203779 33.0472687718 32.8431117518 33.0892240127 32.9278990477 74.3290860483 74.3290860483 32.8894302919 33.0024241243 32.7194742006 32.6710845805 33.0261471562 32.6406773518 32.9854697904 33.0794372604 32.971939228 32.7466684029 32.5000267737 32.7360987498 32.8797370103 33.0057549503 32.7374786326 32.9620855376 32.9966234314 33.1076097279 32.7316643496 32.548704457 33.0903534229 32.9069705295 32.5523656302 33.0203794952 33.1514512743 32.5176759731 32.9297097186 32.8398242865 33.1207488371 32.8993996947 32.9592636582 33.1295914354 32.9770855507 32.5657928053 32.6953354182 33.0929873047 32.7403324553 32.6085128167 33.1276036453 33.0312602263 33.1111574878 32.9719334912 32.5851988086 32.5452975355 32.5889061444 33.0588642265
32.6043775415 32.7870837328 32.6400707908 32.7377195218 33.1439476526 55.3424402957 33.1104814521 32.5416746705 32.5791628746 33.0008123936 32.921561681 32.5788056295 32.9453597708 32.6550688132 32.7898308561 32.5454656221 33.1482804959 32.9128663172 32.8166981241 32.8798938524 33.1521376873 32.9499387013 32.9446776429 33.0236167728 32.646067119 32.9206755364 32.5350847182 32.8277397596 33.1435919411 33.0218097768 32.9312305102 33.0275491935 32.7309695187 32.9263472493 32.9798344919 32.6620950462 33.0868401785 32.7124579644 32.5645881133 32.8934419545 33.1200105302 32.9391546971 32.8311098793 33.1446202039 33.109700866 32.8524315836 32.8639280665 32.5561910162 32.8268539128 32.5613086925 32.66680626 32.5246169019 32.7023760519
32.8139134789 33.0012538357 32.7991595258 32.6369962266 32.9015415371 74.4058106744 32.7146293292 32.9301488658 32.6422041224 32.9835150869 33.0876970859 32.5539135309 33.0094623711 32.9146847919 32.7566905169 32.7252860887 33.1271186769 33.057023283 32.5974567261 32.530083772 32.5472472046 32.8030096657 32.5799896785 33.048539811 32.6398017271 32.6044009192 32.7956007833 33.1836551361 32.9525126606 32.9518071761 33.123481554 33.171856143 33.1929432712 33.00639042 32.8197997256 33.0293801933 32.903624002 33.0184573665 32.9508995378 33.1634540428 32.5565738919 32.7871769767 32.7660300635 33.1980119259 33.1332937115 32.7442132433 32.783986167 33.0142185458 32.8660887162 32.7102737461 33.0165305402 32.603794557 32.8832892521
33.0350771012 32.5281246789 32.7163091678 32.6862528216 32.5595677177 74.4058106744 74.4058106744 33.1270790414 32.908048947 33.0828239831 33.1807624774 32.691548517 32.8913226963 33.201945871 33.1053470275 32.7542643621 33.1082809452 33.1039206581 33.0406547486 32.7432406794 33.0871388613 33.0131213824 32.9505032855 32.9761950644 33.1681781971 33.1222587422 33.0392309806 32.7320248399 33.08909883 32.6619723021 32.8813725788 32.5801515116 32.8546322849 33.1381808037 32.851519848 32.6023928005 33.0100849388 32.6317941051 32.5507248442 32.9941586047 32.6202961782 32.8573137937 32.717013197 32.5027910663 32.7147131947 33.1676117503 32.6438664785 32.7297577656 32.7657326549 32.6092518411 32.6924716162 33.1003346178 32.6043448307
32.9900147485 32.9361405362 32.9176942467 32.7311883108 74.4058106744 74.4058106744 74.4058106744 33.1686036523 32.7217670621 32.9397283201 32.6773710331 32.7385272863 32.9601405596 32.5952248418 69.9306086677 33.0846545825 32.5527688448 32.9787650983 33.0328620417 32.63660676 32.602718139 32.6473417128 33.1763282978 32.9361997227 33.1835260136 32.6617210066 32.5360476895 32.9774402626 33.0535790018 32.7670328756 32.5659023771 32.7932527932 32.6116373779 32.7838577759 32.8989455002 33.1947604866 32.705846662 33.055209817 33.094901982 32.6946085962 32.9978949738 32.9028443907 32.8279067372 32.5504572774 32.6894979129 32.8574751256 33.0396143037 32.8172839373 33.0932682235 33.1090140477 32.8117351144 32.5010356221 32.6648371351
33.1278369383 32.7213995879 32.6526980391 33.1383210447 32.7299287057 33.0872218375 33.171776534 32.9426362888 33.0608721242 32.5192326566 32.8956700349 32.8431837524 32.9818426145 69.9306086677 69.9306086677 47.0457064894 64.1556578722 32.9592861802 32.6805178337 32.6175321626 33.0171342827 32.6249173356 33.1498263617 32.8548587472 33.172993335 32.9737207652 32.8129360821 33.1302006953 32.5389275718 32.9359047865 33.1423585875 33.1671004685 32.9706597891 32.8167208154 32.8643178643 32.6419203555 32.8104962391 32.7691230516 32.8379161424 32.6432248823 32.9386680179 33.0637865108 33.1454741975 32.9218882881 32.7482344513 33.1443034279 33.0709636222 32.6360284766 32.6935972581 32.7520976923 32.8575866267 33.1957511342 33.0212694747
32.5927444336 32.5516867465 32.9949918804 32.8436250387 33.1960665707 32.7521134594 33.1014010938 32.5236143488 33.1054998316 33.1993971214 33.090017674 32.8902818407 32.6384217188 69.9306086677 47.0457064894 47.0457064894 32.8137053602 32.6800193551 33.1738099695 32.543562499 32.8777990961 32.753642903 32.6193188339 32.9821982718 32.9086339963 32.5206004301 32.7283924382 33.0839102967 32.8883370285 32.5888027847 33.1148956867 32.5964216197 33.0363199468 33.1739968525 33.0469584738 32.6633416997 32.8813822528 32.8318850781 32.8365896315 32.9083283611 32.7949125403 32.7320554328 32.6405383927 32.6753998748 32.9812427251 32.8875190561 32.6432359158 32.5026903154 32.657125565 33.0373388813 32.8694261842 33.0723666198 32.9314991814
32.8012406764 32.8018498079 32.5848017128 32.9777797818 32.9213628525 32.5289692921 32.644041067 32.5722903439 32.8644651233 32.7071053855 32.7744819006 32.9728538335 32.5356033347 33.1397675923 47.0457064894 64.1556578722 51.3785252441 51.3785252441 60.521323505 32.9525557743 33.167010277 33.0729424419 32.6793287963 32.8416130746 32.7720169499 33.1244985651 32.9777107636 32.6851498582 33.0195655882 32.9955235312 32.6145976578 32.5754337874 32.7866277787 32.882955155 32.6329149133 32.7226186032 33.1675451703 33.1541465948 32.6974559476 33.0584101834 32.5659166792 32.7585538058 32.9542930339 32.8601527668 32.8583979705 33.0565730019 33.0673264424 33.1729746622 32.9179418653 32.6367366514 32.7782507005 32.9911066723 32.7238159658
32.540619128 33.191097309 33.0145675394 32.7029708167 33.0972944895 32.686030507 32.8956146235 33.0369606623 33.0793997099 32.6105556791 32.9639617798 32.997152082 32.8619837239 32.9337948466 32.5054797398 32.8273957482 33.1764896457 32.8357416329 63.1015564555 56.7826183805 32.6238997109 32.7996850249 32.6263638671 32.8316934034 32.5349318011 32.5092266837 32.7086812532 33.1194462299 32.5469954913 33.036535912 32.9700709826 33.0218090758 32.9464709321 32.6724760191 33.1342617505 32.9472840215 32.9148688358 33.1744868893 33.0984300894 32.7928762845 33.1147776562 32.6020822672 32.5791315672 33.1861349898 32.7893231305 33.1335232159 33.095929876 32.9499659363 33.1851011052 32.8784175383 32.8652181325 32.6853131222 32.7345059303
32.9365635574 33.0166548214 32.6212594426 33.0915445234 32.9217883938 33.2005734711 33.1081189836 33.0071037559 32.9908033586 32.6808108313 33.1227128536 33.1822739582 32.8826200744 33.1637229209 32.6347763913 33.0323472282 46.3324315348 46.3324315348 63.1015564555 63.1015564555 32.8461452506 32.7338361092 32.7971468499 33.1920033227 33.084680308 33.0800556926 32.8179556444 33.1666885115 33.0417549238 32.6999732747 32.7813863306 32.8195481756 32.9837335565 32.736657777 32.510979673 33.0632298456 32.8329050323 33.1257438907 32.6086231272 32.5642432917 32.5930303896 32.7277791132 32.8969825887 33.0060150446 33.1874563464 33.0662218562 32.6822290162 33.037177651 32.8712669388 32.7448665517 32.9176886035 32.5501038098 33.0414206438
32.8839552491 32.5211091703 32.9441512492 32.9692139346 32.6064189886 33.1587357164 60.873175287 32.9919671009 33.203283425 33.1864366197 32.9063287241 32.6853118177 33.159753485 32.7285232051 32.8583739663 32.7876861141 62.1971184076 63.1015564555 63.1015564555 33.145227445 33.1867905117 32.9989432341 32.9261562 32.9566308626 32.6705272094 32.7438919574 33.1573581115 33.180184643 33.0419523681 32.8787985433 33.0263100232 33.0590352552 33.1313658748 32.5762293373 33.1797413907 32.5048232311 33.0910352116 32.8224608458 33.0302747871 32.8578902722 32.7658940982 32.9064440548 32.9331329618 32.9940791031 32.6007777091 32.8710838355 32.6267383548 32.7049275333 33.1019930769 33.1446129121 32.5447236065 33.1669355142 33.0091399045
33.1900961945 32.6743824851 33.1807537264 32.7418847895 32.7973612603 60.873175287 32.5409037875 32.8085906981 32.6259821585 32.6085457516 32.7963379434 32.5487352841 32.9151259585 33.0104559782 32.6561663874 45.7414469284 45.7414469284 45.7414469284 32.9091888996 32.6832355055 33.0406926318 32.9442028714 32.9318506173 33.0007162439 32.7083064194 32.614954986 32.6576128134 32.6216969933 33.0068785107 32.7518836704 33.0081708591 33.0788895587 32.9475916931 32.8790005921 32.9596135714 33.1838158628 32.6098650556 33.0109402949 32.9240876195 33.0528354459 33.2030795522 32.9322017787 32.6937912239 32.9937287924 33.1517520114 32.7816862917 32.975301731 32.6139990288 32.9644745804 33.0016958968 33.1000972799 32.6276498667 33.1643643771
33.0395725018 32.7456449545 32.8872240567 32.8680788042 32.880255478 33.1637875685 60.873175287 32.5648951672 32.7221686467 32.9046684823 32.7079631221 32.671642083 33.1512805079 32.8826361223 32.6485142341 32.8647831076 32.8439808435 45.7414469284 33.0765666266 32.5557728535 32.7382034383 33.146378946 33.016277471 32.927139891 32.870481209 32.8726336208 32.5560072199 33.0739977799 33.2051404175 32.7282066159 33.0579741685 33.0605089852 32.612136221 33.011398656 33.1778968822 32.5644700999 33.1428379999 33.0653432383 32.9461777304 32.9063737339 32.5133066313 33.143395934 32.8933563754 33.077010259 32.9939296493 33.0470499109 33.1898846424 32.8240126642 32.5150545302 33.1876967615 32.5687384034 33.0709728637 33.2060223451
33.0473221063 32.8495605229 33.1297427519 32.6501273506 32.540527756 33.1343135314 60.9540776221 32.7857543514 32.7868195079 33.0869397576 32.6113371141 32.5947777605 32.7234618954 33.04597982 32.5501026127 72.8385783345 72.8385783345 32.8121324923 33.0590415706 32.7820778157 33.1263792104 33.1507546856 32.6285927579 32.7618339282 32.6094310637 32.7641020259 32.8653393136 33.1250887959 32.9683514368 32.5473221135 32.851110908 32.9958037762 33.0073197489 32.7173354583 32.5865782105 33.1754320143 33.0086695275 32.8679615142 32.8618157783 32.7297141254 32.6425262269 32.6751396293 32.7836834422 33.2030117988 33.0290076844 33.137961502 33.0500175925 32.9422603724 32.5181478232 33.0587115284 32.9666031358 33.0587834247 32.6733148226
32.7731401581 33.0850556946 33.0408532471 32.8533014476 33.0139777507 60.9540776221 60.9540776221 60.9540776221 33.1387051006 33.1786152631 32.9699785108 32.7822018644 32.8705001979 32.8983975268 32.6168316888 72.8385783345 72.8385783345 72.8385783345 33.1363648486 32.6735037293 32.9572365595 33.1688584387 32.6055524239 32.8827713844 32.5475286363 32.828114493 32.9405232998 32.801059315 33.1191181158 32.9992545971 32.9714059679 32.8619244019 32.6740034936 32.9878315233 32.7060809933 33.1098778855 32.8002016667 32.7970349922 33.0654217379 32.7353662293 33.133810572 32.8917903369 32.7889899456 32.6119976782 33.0249811748 32.6000271456 32.8638443899 32.8762460646 33.1065207592 32.6482726851 33.1893698475 32.7131534128 32.9883869824
32.666770026 32.9104258001 32.7141427112 33.1211370013 32.7699051946 74.0318574512 63.5551563902 32.8540637842 32.8308927998 32.7877783173 32.5401282539 33.0429454038 32.9278014618 33.1590572061 32.6535468132 33.0339390073 72.8385783345 33.1845423933 32.8957294534 32.8521667351 32.8481740508 32.6895011061 32.8014817498 33.1478515459 32.9281598153 32.7353584441 33.1075327369 33.0918656316 32.5953628037 32.5446440292 32.9154143507 33.066321067 33.0163843335 32.9802050203 33.035083806 32.8965718745 33.0038487926 33.0280568916 32.5849686478 33.0342871594 32.8748538 32.8758272633 33.0291705594 32.9148251341 32.5332608644 32.9719353161 32.8529014188 32.9562738232 32.913024718 33.0093082543 32.9449716229 32.521490728 32.9571427755
33.0821389873 33.098649908 32.9812038809 33.039061182 33.0459208851 48.260614456 48.260614456 32.7815387464 32.7940356553 33.1309405097 32.8719170162 32.6811069604 32.9148241132 32.7010052451 32.8793742375 32.7843429638 32.611653294 65.996812756 32.9049482839 33.1406826557 32.7558975638 33.1015561111 33.1157781178 32.960722565 32.6014243469 32.656345014 32.9163675022 32.7955359293 32.7700115028 32.918954143 32.582525169 32.9448964444 33.2042204943 32.720646396 33.1937071824 33.006814591 32.6581860341 32.561469777 33.1148415324 32.7445184641 32.8136452811 32.7787906475 32.9885438711 32.6683613898 33.1267885936 32.504199118 33.1241294881 32.8440155207 33.1753317015 33.1371568231 32.8837292725 32.6519002916 33.0846609051
32.6964265488 32.8164341674 32.8051983766 32.9529016812 32.8169224424 48.260614456 48.260614456 48.260614456 33.1645161416 33.0224539903 32.7272761382 32.930533425 33.1760140431 32.8847679967 32.7908857927 32.671042304 32.6901223865 32.8135490791 33.0925233239 32.7514263567 32.7280686945 33.0252590049 32.8951763005 32.9405824221 32.8185671588 32.8423845955 32.7268597389 32.6736640108 32.8145267332 32.6292565806 32.9648002184 32.7046709054 32.5655405645 32.6096519315 33.121671224 32.9393634113 33.1341537766 32.8760833119 33.2061401528 32.9505539055 33.1146585141 32.6075016719 32.8914480969 33.0390004942 32.9197187414 33.1929431053 33.1944334722 32.824322664 32.7334947573 32.8170532395 32.9201126547 33.0811439894 32.6157837355
32.6099441458 32.9681345363 32.5209428024 32.8249864032 33.1324606985 32.5963266422 32.6065340202 33.0059576574 33.0307958795 33.0415385381 32.8511021991 32.8467694363 33.1990607539 32.5689173268 33.1271823851 32.8779695869 32.7852456667 32.5304813516 33.123450239 33.1410343356 33.0318931087 33.0560932654 32.5434489771 32.5415165421 32.975008123 33.0234712108 32.9841548219 32.6512313423 32.5789567918 32.9747080697 33.0104148254 33.1720266531 32.9030382815 33.0443832613 33.0253605904 33.0109921558 32.9573515423 32.6466078327 33.0050593699 33.0990329273 32.6630395286 33.0202683408 32.9362027777 33.0033051527 32.58629439 32.5377886565 32.768863037 33.1756397589 33.1854559956 32.5695220771 32.9708001369 32.9829220657 32.7355634342
32.7661985135 33.0511342933 33.0144582614 33.1720861402 32.9096543418 32.926502037 32.8846803896 32.7101416298 32.7161173775 33.191230016 33.1939318847 33.064775038 33.1259925574 32.7752291908 32.6842540079 32.5449534379 32.9588850264 32.8746079415 32.5199347243 32.8808704766 32.6882437381 33.124625609 32.6345353356 33.0113429869 33.1844621982 32.5413449202 32.912822026 33.0680824918 32.6429079343 33.1219015338 32.8126508814 33.1749714127 33.0874481302 32.6290590109 33.1688481317 32.5477634961 33.1863019576 32.8967037327 32.7706287385 32.768853914 33.0992046534 32.7697763758 32.6094575205 32.8276283104 33.1487229835 32.8805227873 32.5389292759 33.1616217219 32.8541426603 33.1035411307 33.2057214751 32.690463972 32.5546209903
