Spatial_Output/BAU/BAU_0446.asc
NCOLS 155
NROWS 192
XLLCORNER 196307.867259
YLLCORNER 449144.565805
CELLSIZE 33.573938
NODATA_VALUE NaN
[rows 75 to 99 of 192, columns 0 to 56 of 155]
69.2314019752 80.1236992038 80.1236992038 58.3068292644 58.3068292644 80.4101538359 58.1193782535 58.1193782535 82.7754590203 72.2813109616 80.1200983016 58.3681737716 30.7537082082 31.0626703463 31.1330641501 30.514461043 30.6638410752 30.9909593506 31.1725922202 30.9910154254 31.0323488819 30.980107712 31.0359226154 30.9439482668 30.6459474511 31.10362178 30.5576380527 31.0058654018 50.6101266766 63.2208859628 50.6101266766 30.7926620121 30.6834162693 31.069560977 31.1470032008 30.8555121819 44.9408848335 31.2027630933 45.0747726808 30.595680813 60.8920440159 60.8920440159 60.8920440159 60.8920440159 30.7066025529 30.7342867975 30.9280414323 30.5415903214 30.710707833 31.0700001888 31.1998177126 30.7284693771 30.8794206019 30.9302342663 31.0951018196 55.1198672695 55.1198672695
0 80.1236992038 80.1236992038 58.3068292644 58.3068292644 58.1193782535 58.1193782535 58.1193782535 72.2813109616 80.1200983016 79.9143645716 79.9143645716 30.8118785987 31.0144916637 30.6379731327 31.1075106441 31.027829619 31.0638887844 31.0092699577 31.1617315228 31.1253504111 30.8093445932 31.1472679038 31.071612772 30.932921658 30.5429591562 30.8577847321 50.2025583022 50.2025583022 50.6101266766 50.2025583022 30.8832344014 31.0756481858 31.0840089018 31.2009954077 31.1848680662 31.1195750072 58.717754372 30.6020974734 30.9588836533 30.6097573122 62.6250028723 62.6250028723 62.6250028723 30.8614746247 31.168151965 31.1040817301 30.6051601748 30.6315744389 30.5729516775 30.6515420092 30.670742193 30.8219521608 30.704773107 31.1574984581 80.3754063269 80.3754063269
0 0 68.9333533432 0 58.3068292644 80.4101538359 58.1193782535 72.1247218142 82.7754590203 80.1200983016 80.1200983016 79.9143645716 31.1248227085 31.1101049119 31.1116543935 30.5568385632 30.9642932041 30.8540785147 30.8604079999 30.8517467761 30.7906574634 30.5923053807 31.0553370269 31.1547201945 31.0282508161 30.7659098136 31.0367855554 66.8725506023 66.8725506023 66.8725506023 61.6808947967 30.8988839155 54.1511249832 58.9092876428 63.5807512639 60.7312461509 31.0744795039 58.717754372 58.717754372 30.7718453672 31.1168646931 62.6250028723 62.6250028723 30.8406375751 31.1194038778 30.6230838401 30.5404346696 30.9408085326 30.5120252865 30.6922929196 30.9655890905 30.6377748969 30.750020068 31.0745708668 30.6332676175 74.9205869013 74.9205869013
0 0 0 0 0 0 0 0 0 0 0 0 0 30.7085043344 30.5189218719 31.0071698216 31.1008592987 30.7565105726 30.9668178439 56.6668381959 56.6668381959 30.8935582387 31.2051760964 56.6658077505 56.6658077505 30.5343481334 31.0354495801 52.7444919376 66.8725506023 66.8725506023 61.6808947967 47.7562092056 47.7562092056 80.7713839813 58.9092876428 46.0540716462 46.0540716462 58.717754372 30.6149820523 66.2555291827 66.2555291827 66.6008561282 45.8451563069 64.411761874 76.4357978696 30.7470097286 30.5123365011 30.6458029145 30.6664443414 30.8395218903 62.9764042835 43.5576547138 48.5447388904 64.6268842958 31.1179940017 74.9205869013 74.9205869013
0 0 0 0 0 0 0 0 0 0 0 0 0 30.7017202283 30.6732710744 30.6088256352 31.1100724079 30.702119304 30.6843797738 56.6668381959 31.1527669825 31.0799626945 31.0234138572 56.6658077505 56.6658077505 30.9693101935 31.0467107658 48.81984276 68.1995684361 68.1995684361 47.7562092056 47.7562092056 47.7562092056 80.7713839813 63.5807512639 46.0540716462 46.0540716462 30.7304445623 30.6682756134 66.2555291827 66.2555291827 66.6008561282 66.6008561282 76.4357978696 76.4357978696 76.4357978696 30.6417013745 30.7363680685 75.0673219594 30.9722826394 43.5576547138 43.5576547138 43.5576547138 64.6268842958 64.6268842958 64.9559578044 53.1170143888
0 0 0 0 0 0 0 0 0 0 0 0 0 30.535344533 30.7421798411 31.196462898 30.728352825 30.8091885227 30.6480030711 30.6449632789 30.8882699204 30.9822192804 30.7009386924 30.7080801184 56.6658077505 30.9171700342 48.81984276 48.81984276 48.81984276 52.6969409954 31.0769139647 47.7562092056 47.7562092056 80.7713839813 30.7039976442 30.5157300744 30.6823996103 31.0469611082 31.1878594045 66.2555291827 57.4167782794 66.6008561282 66.6008561282 50.0035620335 76.4357978696 76.4357978696 30.9668929431 63.0004520517 63.0004520517 56.4310541893 62.9764042835 43.5576547138 48.5447388904 64.6268842958 64.9559578044 30.5550734283 53.1170143888
0 0 0 0 0 0 0 0 0 0 0 0 0 0 30.7754406854 30.8431465614 30.666122714 30.9205597895 31.1260312133 30.6055900897 30.7891581972 30.7984476505 30.7037628985 31.1815681601 30.8363952715 73.526021404 48.81984276 48.81984276 48.81984276 30.9811169468 30.9162451906 31.0969787631 31.0369114963 30.8198465895 31.1829123518 30.7962900397 31.0495649587 30.813395518 30.9512656625 30.8059055392 30.5456578432 30.9614717317 30.6042589331 30.6010921867 31.0406368723 30.7057114006 30.8812212673 63.0004520517 63.0004520517 63.0004520517 64.2987349897 30.824630843 31.0393972332 31.1725341325 30.6882715725 30.6445717597 30.7479792931
0 0 0 0 0 0 0 0 0 0 0 0 0 0 30.9467290428 31.1087324458 30.894999801 31.006566326 30.8011808341 31.1735345249 30.7135557092 30.5907353286 30.5832231183 49.1931265615 49.1931265615 49.1931265615 73.526021404 55.0346642884 30.7953699587 31.1520448708 31.2010593005 31.1746972514 30.951875448 30.8554157312 30.8206110069 30.8055901529 30.9348443067 31.091648781 30.6773848807 31.1334601173 30.6765987184 31.0618426767 30.6388752051 30.5753556639 30.7597200792 30.5937398347 31.088032903 64.095321842 63.0004520517 51.0657691293 51.0657691293 31.1197883447 30.8714739719 30.7790600036 30.8839836411 30.5048831642 30.8288672631
0 0 0 0 0 0 0 0 0 0 0 0 0 0 30.9069413998 30.5471008618 31.1969013009 31.1138170979 31.0878602319 30.513456078 30.7006619267 52.0963971088 49.5821423708 49.1931265615 49.1931265615 49.1931265615 55.1442183132 30.6863852358 30.9065934829 30.8640498672 30.886938245 31.0313015174 31.05800395 30.8964120936 30.50243143 30.9386789872 30.7377766918 30.6299969761 30.5397856412 30.6532218714 30.8076736448 30.7593165575 30.6817594942 30.7433000481 31.0113276274 30.7891906951 31.1562576431 48.2780131248 58.3507700668 58.3507700668 58.3507700668 30.8514137669 30.6822790364 31.0974818494 30.971112655 30.8001452542 30.5424285266
0 0 0 0 0 0 0 0 0 0 0 0 0 0 30.7414024248 30.9624924353 30.8247219308 30.6979671496 30.5337520994 62.0811190826 41.8203979438 49.5821423708 49.5821423708 49.5821423708 49.1931265615 49.1931265615 30.7061000714 30.6197299835 31.0388560092 31.0131210426 30.5782798576 30.9473984899 30.7834809211 30.7848520351 30.973622783 30.54760674 30.6082798395 30.5197930631 30.6789641366 31.1687310408 30.9312756112 30.9075455771 30.7400043253 30.8996542109 31.2044833707 30.8536273923 31.1460308396 55.2087428902 67.3825439526 58.3507700668 58.3507700668 31.0212563775 30.8665615597 30.6935670333 30.7968197396 30.6428862902 30.5164362789
0 0 0 0 0 0 0 0 0 0 0 0 0 0 30.5292286425 30.5925201312 30.9232228649 31.0195993296 30.8575874428 62.0811190826 41.8203979438 41.8203979438 49.5821423708 49.5821423708 60.8637519225 30.7530032257 31.0834375697 30.8992646576 30.9381040044 31.194934743 30.9098030009 30.9244147814 31.2046200901 30.5238074883 31.1783668011 30.6881249834 31.1073628953 30.5760217908 31.2015660863 30.6768204202 30.9456410963 30.8806386601 30.9532140841 30.9734675879 30.5417543864 30.6841518073 30.6149132285 49.4268891244 49.4268891244 49.4268891244 57.9051974765 30.7778728345 30.869130641 30.8163333967 30.8169251367 31.1497115147 30.9722780957
0 0 0 0 0 0 0 0 0 0 0 0 0 0 31.0426556693 30.8076370331 30.8871185572 58.5307128685 58.5307128685 54.5724292456 31.0351929574 30.5630988678 30.9607952195 30.7647487678 30.8819732308 30.8437718866 30.7479457197 30.8972520459 31.0780113377 31.0927405157 31.0923970598 30.5652254653 30.5075223979 31.1823679829 31.0285894827 30.5190753707 30.7653590381 30.903965493 30.5870213666 30.8848137279 30.5315025753 30.8357599543 30.7730523067 31.1072662247 30.5703988801 30.6325505022 31.0302447762 53.1759708885 49.4268891244 57.9051974765 30.6699303568 31.0504221936 31.0236625937 30.9864210744 30.5126195868 31.0942492398 30.7510626352
0 0 0 0 0 0 0 0 0 0 0 0 0 0 0 30.9845763604 30.6415498849 58.5307128685 58.5307128685 58.5307128685 30.9867657346 30.569193709 30.5299471044 30.9742542486 30.9582419525 30.9750246796 30.5917547349 31.0019489998 30.5022287308 30.9700102867 31.0742117682 31.0076825264 31.2036507654 30.879471244 31.2070799967 31.0456676335 30.8012174621 30.6075158185 30.6005485396 30.959514607 30.7202396529 30.9253029147 31.1264548077 30.7009255511 30.6793091513 30.8531909141 30.5008146346 53.1759708885 53.1759708885 53.3513781185 30.5953181878 30.9562934122 30.845488628 30.7572547373 30.8410683538 30.5391365396 30.8253365191
0 0 0 0 0 0 0 0 0 0 0 0 0 0 0 41.5715890615 44.2955724125 53.9621134959 30.8979646079 31.0959584116 30.7194238033 31.1742037496 30.5628662479 30.7937734756 30.7088674698 31.091475058 30.7132285151 30.5756245897 31.1378391963 31.0431016179 31.0934415436 31.0085302154 30.8571052106 30.7771151341 30.556778077 30.9984543529 30.7063210687 30.965135215 30.8505094506 30.8887434697 30.5959153523 30.6260471954 30.9229195481 30.9018723378 30.6542076865 30.7417496473 30.5404322106 49.1700133722 53.3513781185 53.3513781185 53.3513781185 30.6119031486 30.7750805254 30.7892025173 30.5410330879 31.0467075765 30.975291744
0 0 0 0 0 0 0 0 0 0 0 0 0 68.3048298922 70.5929471424 41.5715890615 41.5715890615 44.2955724125 30.830287829 30.5159178451 30.8149571121 31.0872710825 30.8064727619 30.6846178973 30.7825641103 31.1321910724 31.161036306 30.6266779414 30.7799485326 30.6291337908 30.6384385152 31.2027436617 30.8984645966 30.5914172514 30.7935598815 30.6103090688 31.0339552852 30.81644046 30.871945167 31.125092764 30.5823517691 31.1471937072 31.175274748 30.5216359509 30.7588395553 30.7590784825 30.7165689036 30.6621370228 49.1700133722 53.3513781185 49.752169861 31.1356041031 30.7139396725 31.1976716955 31.0320649843 31.0504167797 31.0657130957
0 0 0 0 0 0 0 0 0 0 0 0 22.3046852273 22.3046852273 22.3046852273 57.9204731628 41.5715890615 54.0473906046 31.0595174922 30.8952638539 30.915053402 30.9938328811 30.5681199331 31.0336633068 31.1231939448 30.7337709274 30.7227407957 31.0319097643 30.989191066 30.8384762526 31.0459915437 30.7811448243 31.0391078208 31.0574386205 30.530887336 30.9885881006 30.6677454153 30.9712870719 31.1845291384 30.9037395726 30.5225897202 30.7539284344 30.5915524936 30.5080369086 31.1180485366 30.9197287332 31.0940215608 31.0505367593 31.0912716263 59.5710483633 59.5710483633 30.6809116678 30.528249561 30.8140551616 31.0202488321 31.0717902327 30.5882276819
0 0 0 0 0 0 0 0 0 0 0 69.5794076467 49.1074665837 22.3046852273 22.2924987151 57.9204731628 70.5929471424 0 0 31.1474589562 30.8705044145 31.1986748776 30.892924253 30.6852625209 30.9593411623 30.7046881371 31.1553862412 30.8683586241 30.8787024894 30.7979125747 30.9722779868 31.151808893 30.7785492382 31.017523205 31.1901630997 30.6691057296 30.8517905772 30.6970266684 31.0012417114 31.0460930682 30.9003373871 30.5237173375 31.0575213507 30.7734072086 30.8577002804 30.7405157868 31.0038481345 50.3963673219 59.5710483633 59.5710483633 59.5710483633 30.6477636733 30.6789880918 30.6907209714 31.1464683138 31.1235659709 31.1334832026
0 0 0 0 0 0 0 0 0 0 64.0522000836 49.2501275785 49.1074665837 22.3046852273 70.2603159619 62.3978440479 0 0 0 31.1416677472 30.5111559382 31.0663171244 30.5061595275 31.0990284152 30.6084684139 30.5073425077 31.0201663765 30.5412577418 30.9287459762 30.7175518519 30.810596968 30.5710567827 30.7223866083 30.9871278717 30.9398191783 30.7480978232 31.0826474939 31.1779995121 31.0752994763 30.5061456765 30.7005345296 30.7901884243 30.7566101511 30.5106498659 31.1281927864 30.691509905 30.8779991435 50.3657541521 50.3963673219 59.5710483633 53.5561826303 30.8586268021 31.1060564773 30.9459902698 31.0014613429 30.8490642367 30.9643652444
0 0 0 0 0 0 0 0 0 56.8406311105 70.3105098694 49.2501275785 52.2347786252 52.2347786252 0 0 0 0 0 0 31.105114547 30.9956750171 30.8336721766 31.1521720312 30.9789449759 31.1366225695 30.5925209527 31.1011023103 30.7373443852 30.636463648 31.1465174119 31.057058912 30.5270537881 31.0266035056 30.9083839446 30.7691555258 30.5357342592 30.9145257048 31.0546612771 30.5671268662 31.0017210383 31.1335224922 31.134200971 30.7464578051 30.6317361153 30.5823520534 30.6804854904 31.1998860713 30.578931132 53.5561826303 53.5561826303 30.7522323536 30.6342755509 31.0167986363 30.6951388836 30.8775633706 30.597213
0 0 0 0 0 0 0 0 68.8933493782 56.8406311105 70.3105098694 70.3105098694 58.0726088448 0 0 0 0 0 0 0 0 0 30.9276241427 31.0772124823 30.7019146073 31.0186658989 30.5803837167 31.1768818459 31.0895933849 30.6981716887 30.8619684119 30.8813499429 30.5647168814 30.8702476665 30.6049960391 30.6362898848 31.1902263756 30.6539358293 31.1898722861 31.0236743836 30.6795576122 31.1504094058 30.6893938485 30.6955357511 30.5360795364 30.5052107836 31.104860061 56.3842842924 56.3842842924 78.6680178136 78.6680178136 30.8388011111 30.6517109321 30.7671534756 30.9275053417 30.6235605798 30.5544851887
0 0 0 0 0 0 0 0 68.8933493782 56.8406311105 56.8406311105 67.0373508753 0 0 0 0 0 0 0 0 0 0 30.5563908221 30.5369702331 31.0475167346 30.7978744113 30.7577547997 31.145061534 30.9979880441 31.1940806929 31.1489858165 31.016229266 31.0409902729 30.8005160102 30.7080305773 30.9170512758 31.1476440099 31.204595097 30.7982084403 31.0818612404 30.9508744987 31.081854624 30.7689561607 30.9553976319 30.5388869917 30.5027334882 30.7278642275 82.9931555408 82.9931555408 60.4198946928 55.9175631015 30.6219463572 31.094773386 30.9814049601 30.6747211573 30.5819215172 30.6256515157
0 0 0 0 0 0 0 67.3651589034 0 0 68.8933493782 0 0 0 0 0 0 0 0 0 0 30.9545801192 30.7627568094 30.8753984522 30.6536022136 31.0145093877 30.8512446373 30.59481571 31.2044327635 30.9826862083 31.0685887905 30.5835821096 30.7164642615 31.0178914672 31.0073293979 30.7011339607 30.5060716402 64.0229892572 51.7030731989 30.8184903774 30.9713991151 31.1105333844 30.9748600745 31.0054292964 30.5475442627 49.336766499 30.5166554602 82.9931555408 82.9931555408 67.9551509234 74.1494501326 58.637461129 30.6570954073 30.6214249837 30.5357252317 30.6551831926 30.9501972536
0 0 0 0 0 0 0 67.3651589034 67.3651589034 0 0 0 0 0 0 0 0 0 0 0 30.7907541577 30.6816720322 30.6779402478 30.6726753532 31.0071018781 30.7066875084 30.6314774369 30.5497881498 30.9577851598 31.0557803351 30.8090007995 30.7401565483 30.812791899 46.8249506201 46.5180199297 63.7504357233 63.7504357233 51.7030731989 56.2506020336 56.5048041316 48.8585740502 46.079247271 53.2855273871 53.2855273871 47.4420756105 47.4420756105 63.9891178934 65.4479894408 58.9379454968 60.1393259366 60.1393259366 74.1494501326 58.637461129 67.9707202006 67.9707202006 31.117423664 53.4733842719
0 0 0 0 0 0 0 0 0 0 0 0 0 0 0 0 0 46.2433281802 0 30.8179322313 30.8910415341 30.7352276584 30.6718803843 31.0138119627 31.0990919283 30.566396312 30.538446144 31.1027816683 30.9462775822 31.0059751055 30.786877122 30.5201602073 46.8249506201 64.1360403125 64.1360403125 46.5180199297 63.7504357233 56.2506020336 56.2506020336 48.8585740502 48.8585740502 31.0315767884 53.2855273871 53.2855273871 47.4420756105 47.4420756105 63.9891178934 58.9379454968 58.9379454968 58.9379454968 60.1393259366 64.8283663784 58.637461129 67.9707202006 67.9707202006 39.3509865587 30.645978229
0 0 0 0 0 0 0 0 0 0 0 0 0 0 0 0 46.2433281802 46.2433281802 46.1376829441 47.1594175295 30.6206509211 31.0705286049 30.6853008139 30.6246282872 31.0560691673 30.5116703996 31.0034475453 31.1226593675 30.7463288779 30.5159898961 30.7323364245 31.0484589794 69.550103674 64.1360403125 64.1360403125 46.5180199297 53.9869405406 56.2506020336 56.2506020336 56.5048041316 48.8585740502 46.079247271 30.8048967268 41.2178051763 55.9106936293 47.4420756105 63.9891178934 30.9754040831 77.0518375555 67.9551509234 72.5705071494 62.5423071838 30.9631284539 30.8143291179 67.9707202006 39.3509865587 30.6382460935
