Spatial_Output/BAU/BAU_0706.asc
NCOLS 155
NROWS 192
XLLCORNER 196307.867259
YLLCORNER 449144.565805
CELLSIZE 33.573938
NODATA_VALUE NaN
[rows 25 to 49 of 192, columns 0 to 56 of 155]
0 0 0 0 0 0 0 0 0 0 0 0 0 0 0 0 0 45.4552721243 61.7286848938 45.13089563 18.400659878 18.3131581793 20.7389209514 20.7389209514 41.1403759829 49.8424904044 65.3546177069 65.3546177069 26.8770800352 26.2583882628 25.6233707772 28.8295847869 27.7340906389 29.2211164842 25.2467074781 25.5174952592 28.8176394942 27.2342549088 28.8944686856 27.7536019928 27.0551527788 25.4417156766 28.8083411984 25.0073894135 29.2106333636 25.284739733 28.8114708014 25.6183968134 25.8887941998 26.3447581951 28.5842103065 26.6616538056 28.1027888402 28.1927229019 26.6772361771 28.1347049827 27.4577510263
0 0 0 0 0 0 0 0 0 0 0 0 0 0 0 0 0 0 0 0 0 26.2688759753 26.5331928921 27.6978825474 41.1403759829 65.3546177069 65.3546177069 46.7763455911 51.11070467 63.3565572093 27.8257254424 26.2830054796 26.3090897584 26.7209561402 27.0646363196 26.2503261751 28.0677448313 27.2375683634 28.9947643124 28.2037992325 27.3027620725 28.379890289 27.1652924669 25.3916363972 27.2640755144 25.9435692837 26.7841943646 28.6496654886 25.9722757391 27.3695611134 26.2190747257 29.1812318576 25.6109625155 27.8747366055 25.3613559033 27.6377321373 27.6871706102
0 0 0 0 0 0 0 0 0 0 0 0 0 0 0 0 0 52.5506271383 52.5506271383 52.5506271383 28.2446942123 27.2047977469 28.5237026461 26.0811286874 25.141476545 65.3546177069 65.3546177069 46.7763455911 51.11070467 69.8042850748 27.0656534506 27.8003455744 25.8178626587 27.188133847 26.7742972012 28.2008873392 25.5256502957 27.4826511614 29.085618853 26.8725823634 26.7223966537 26.1361609019 28.6046630694 27.9162927759 28.1815266471 26.4350052003 25.4797044245 26.4083067922 26.2443880566 26.4544132893 25.6262257473 26.2183706136 27.6007076009 25.6749112013 26.683963544 27.9337325013 26.9235185019
0 0 0 0 0 0 0 0 0 0 0 0 0 0 0 0 0 52.5506271383 52.5506271383 25.1824919145 25.3567192219 27.5676407726 27.2724188311 28.3735412604 27.1502723828 26.7266622859 70.5244316264 51.11070467 69.8042850748 69.8042850748 48.1906780783 28.5103395845 29.2015157131 25.9133416156 26.3577866532 25.3581494441 27.8221288584 25.5726859684 28.4934165689 25.3313831443 27.1721239616 29.0736326275 27.1783641446 25.2617042897 27.6508529827 28.7200951275 26.8555424046 28.3416334676 28.5994389235 25.0645707008 27.5301612759 26.1731336575 28.9088399449 25.3272133798 28.8294547914 28.9440028576 28.1712128176
0 0 0 0 0 0 0 0 0 0 0 0 0 0 0 0 0 27.7404422253 28.3986523639 40.753289032 48.1118998625 41.3380242945 26.7732956882 25.5624583366 28.6864329161 28.4745743707 26.3436773352 26.5761499547 69.8042850748 66.9417757641 48.1906780783 61.4393964544 61.4393964544 26.7219249458 25.1216925406 28.8382394876 26.2557269203 25.8341003957 27.7385448504 29.1443739101 28.3232703994 27.0873019246 25.8431133944 26.3627231303 26.5336999015 27.0100793887 25.4414561509 28.0064424821 26.8238561956 27.8746671542 26.2914328366 28.1425340199 28.695031075 25.1356750833 27.9170627291 28.5824134529 28.2890489717
0 0 0 0 0 0 0 0 0 0 0 0 0 0 0 0 26.0934271571 28.8093210137 26.2867805323 45.455011911 38.4847433925 43.8748318744 26.924595082 28.0195626107 26.0983410145 27.3292541284 27.2604344722 25.1935851436 29.0701386839 48.1906780783 61.4393964544 49.015371747 49.015371747 40.1008551264 28.2807292673 26.9299892671 28.2908326242 25.2522920758 28.9284890838 26.2244844073 27.1504591379 28.8432957945 27.8440476063 25.2627418054 28.5288646884 25.7143212614 25.3749651516 26.0420250633 28.2809129979 25.2394796815 29.0204240664 27.5975984637 25.6276950203 28.683234649 26.1850100263 27.1162990908 25.6727811537
0 0 0 0 0 0 0 0 0 0 0 0 0 0 0 28.820426515 28.4247762054 25.6728919055 25.0388680397 44.6340002424 40.5546468309 44.9815860111 45.1581377311 27.1998919099 25.3402972775 29.0071880518 28.9760229784 25.3935473106 28.109524503 26.5740448835 61.4393964544 49.015371747 49.015371747 47.0069123902 47.0069123902 57.3635053896 27.6998228858 26.0988085493 28.6879863528 27.2331165468 27.9425076793 27.7227657799 26.4279626083 28.0848117903 27.3496424126 28.2068159869 26.9918902192 25.807782903 28.2322678157 25.1927445323 26.23316132 25.1853988816 26.8072959315 27.2013348994 26.9347574373 25.6854505815 27.5518251436
0 0 0 0 0 0 0 0 0 0 0 0 0 0 0 25.4908058842 28.0648214805 27.9202722204 26.1661868659 41.852105128 47.1409753302 44.0853280598 41.2521650399 51.9663712671 28.3296734053 27.9158439559 26.2157443413 26.1469277604 28.9973815333 27.752015513 28.5751089034 26.8268164886 40.1008551264 47.0069123902 47.0069123902 45.3186396433 45.3186396433 26.3547407635 29.0581847755 28.0951159099 28.2176005551 27.5298392876 25.048407968 27.8035072868 27.6614071108 25.893249496 26.5680539616 25.5478315266 27.7729531514 26.3295757868 27.8161584481 26.335552479 27.2386124712 26.5886439166 27.9339358177 25.3699876039 26.8102045555
0 0 0 0 0 0 0 0 0 0 0 0 0 0 0 25.7168858433 27.3354553686 25.1696996944 26.5874783693 26.4235506106 45.6429901583 37.9360604645 47.4623027415 25.5582606847 26.4916155346 25.2423735841 25.2051498044 25.0860999876 26.2403540653 28.5894374044 27.8669463884 26.1126848637 25.0179795158 47.0069123902 45.3186396433 66.9180547065 66.9180547065 25.2985446701 26.4135541848 25.275958031 27.0583250091 29.0268871683 25.5690055164 27.471443158 27.4553124544 28.2530934806 28.6620296342 26.6245164111 28.3885439959 26.8442418125 25.5586864669 28.5968268946 25.3430083457 26.5828693674 26.3478847814 28.1286065375 29.0910340344
0 0 0 0 0 0 0 0 0 0 0 0 0 0 0 27.6926151721 28.093161924 26.6372564254 26.083976789 27.7113971558 28.6844204755 51.9663712671 51.9663712671 28.0978744673 27.353555638 25.0398657037 27.304074061 27.2221895353 26.2026155168 28.6074499314 25.5354939266 27.2668269605 25.7162286283 26.8443997191 58.0218768619 64.050053523 60.9186569844 64.050053523 28.9721104703 28.7488756002 25.7224812781 28.5232133128 28.6247023083 28.5774069761 25.3777268647 27.7551241145 25.5641265784 25.7908083463 29.1447679801 28.8201394338 27.6017344421 26.2977308555 26.4262576679 27.2893719463 28.5084071123 27.6957675234 27.870097355
0 0 0 0 0 0 0 0 0 0 0 0 0 0 0 25.1438967039 28.871008849 25.6605219278 26.2224290911 27.6002904058 26.4151038685 25.3636411651 28.9818367584 28.2717402527 27.2791764317 26.2886191818 26.1087348086 25.9276736787 29.169658158 29.0518194116 25.8902282846 25.7471213087 26.7411478703 26.649705148 46.6444548103 48.8758070427 60.9186569844 60.9186569844 26.0234233328 26.0047645528 27.293497728 26.8923859649 26.3009954806 27.6543471812 25.5814196304 27.117402343 25.0012561256 25.9174186517 29.1182699132 27.6074353422 27.5308413056 27.1222096791 26.6341984212 29.0356254617 28.5032068655 28.5530389587 27.56600243
0 0 0 0 0 0 0 0 0 0 0 0 0 0 28.9269301718 28.495160274 25.738756642 28.0817415732 26.8500369193 29.0149985914 27.7553564786 27.6949974248 25.9097234617 26.6118281432 28.5861141037 25.1213237643 29.0659815631 26.9807176695 28.1844092715 28.7730108616 28.6418342066 28.3159488477 25.9615974011 26.0930770684 48.8758070427 60.9186569844 60.9186569844 57.490246708 28.5973327759 25.5528011332 27.5699722577 25.6478094957 25.3120578146 27.5999112768 27.8324513086 28.5210802442 26.4215168536 27.7092641971 29.0319342602 25.0697965534 28.6744751122 25.7773872499 27.3166021387 27.7840871635 26.8820689332 28.2551547897 26.9942090963
0 0 0 0 0 0 0 0 0 0 0 0 0 0 25.158972797 27.9484844195 28.4826717401 27.1311390195 29.0857246301 26.9084294127 28.4304115445 25.5468346042 27.2992761571 27.1376631976 27.1030220487 25.145655319 28.4280202906 25.7968440202 27.2241557435 25.0135124312 26.1906214539 25.4454205549 25.6017869574 26.7532189646 25.8180069817 57.490246708 57.490246708 57.490246708 73.7788064229 28.1217859459 26.2698930254 25.152322006 26.8449776995 26.0714948131 26.3707548513 26.4801345346 28.8884316235 25.2481469078 28.6726469563 25.9048819926 25.1941395073 25.2745400986 28.6849249115 27.5870623569 25.5616866122 26.0527381232 27.6760269843
0 0 0 0 0 0 0 0 0 0 0 0 0 29.2269249332 28.343242655 25.4495090843 25.5074989304 28.2585446614 27.6233980282 25.1943766504 28.8355926182 27.2095352887 26.8705237468 27.2130342174 28.5326225139 25.464742472 27.6375992497 27.9532749155 28.8682442835 28.1889932525 26.9211689156 27.8791191014 25.7353348776 26.1123701736 26.9542587241 57.490246708 57.490246708 57.490246708 54.4332824808 25.0504600873 25.3307239812 28.3576575857 27.8557075807 29.2008756574 26.5056319856 28.2945211891 28.2635771612 28.5383018876 28.3404677384 25.3065265084 25.3066913866 26.0206113878 25.2998334576 25.4840093134 28.3107611988 28.8252214908 25.5922371456
0 0 0 0 0 0 0 0 0 0 0 0 28.9778815673 28.5141940906 25.0564773293 26.2810193888 25.351078099 27.5829758256 27.6814041654 26.3367115798 26.5191766922 27.6537988649 26.7140359826 26.7771859694 28.4471170065 27.674726235 26.4708963718 26.4128786122 48.6486911373 40.4370887592 43.546840878 27.2364498805 27.0769819854 28.4306668122 28.1301161877 25.3955222068 57.323266106 51.6632440645 51.6632440645 51.6632440645 28.2092089033 29.0102333804 27.8451802763 25.876341854 25.4018747787 26.1231503788 25.2409556432 26.461985697 28.2122931538 29.2409766079 25.3038510667 29.1426509841 25.081427178 25.3241500467 25.0587455996 26.991230645 26.5897421776
0 0 0 0 0 0 0 0 0 0 0 26.1216701185 26.8164928017 27.0152202412 28.606609773 28.8620635677 28.6433123839 28.1225008646 27.3422464218 26.7649203744 26.4549233787 26.0533060131 26.0211264432 28.2337717484 28.5881484859 26.3758209699 26.0851829908 27.4959667398 41.7247141421 45.0577720382 39.8261419409 25.0448698277 25.9679493962 26.6649212781 28.2015741523 26.878011347 28.3097446267 37.7160044925 51.6632440645 47.5157878443 57.0980485304 25.2114951496 26.9751137544 27.6274101624 27.7045515592 26.8019476385 26.6930730448 28.155667634 26.0508443306 26.3697986779 26.2452402238 25.7836964257 26.0393033053 29.1855576734 25.8850294104 27.624272378 25.8235712305
0 0 0 0 0 0 0 0 0 0 25.5202322421 26.7701141423 26.8108266114 28.5545901534 28.4224160131 25.9405697878 25.8134685614 25.1145267387 28.572804882 27.8865062893 25.7597816215 25.1170773878 28.5758597202 25.4352806107 27.7874049207 27.6527266421 27.5843559908 26.3509279126 36.9649612647 44.9409911854 36.3937216521 27.2218481231 25.5203430213 27.4437039108 29.1697894989 27.9103399464 26.3826935516 27.2485118313 47.5157878443 47.5157878443 55.7658892132 25.736379978 25.0468222415 25.1114656307 27.1113234668 28.6049410029 27.2923144423 27.1084549719 27.7632960236 25.0406704385 28.4109276431 26.8532965277 27.1076427423 25.2937336041 28.6968466069 27.1890550373 25.5686774608
0 0 0 0 0 0 0 0 0 0 25.1073894785 28.6063201933 26.9452112483 28.2892520408 25.3986472177 28.524366031 26.8817223445 28.0704695576 27.7040290069 25.6449738663 26.0118963636 26.642081535 26.7709757857 28.3658650922 25.8983392668 26.7477721016 26.8855419296 25.5786496841 39.8656422011 48.4861882685 45.6053067576 28.7758914507 27.1421094328 28.8751631928 25.1529901698 27.9066386057 25.7454081364 29.0774911449 55.7658892132 57.9815222828 55.7658892132 26.8258884411 29.0448401715 28.1419377689 25.822938736 26.1330599963 26.7488515395 26.6765325161 26.7133736625 28.0080041279 28.2105892522 25.6558057481 27.8132436222 26.9322918789 26.6605701998 29.0142270463 25.4438399769
0 0 0 0 0 0 0 0 26.898927698 25.3975192235 26.2343081163 27.3155663765 27.1386792217 26.0293575107 25.1970248905 28.1913397195 26.7174067805 27.3239732074 27.9184526882 28.4432359338 27.5482926311 26.6803412461 27.150280389 28.8302618248 26.2145400771 28.3106572506 28.3731884542 28.1753135694 27.7119460586 25.7477622001 25.1238757362 28.7760810999 28.4396006613 25.446122683 27.3829239324 27.666475922 25.7486147007 20.7110571373 57.9815222828 57.9815222828 28.6018900569 26.8359679958 25.2563675931 28.0068393946 25.3460939021 26.7210690204 25.4816473056 25.4855169973 29.0094033191 26.9375972662 26.5060037911 25.8654713064 25.9159336969 28.3804565531 26.3616444113 28.8957100151 26.233301488
0 0 0 0 0 25.3778907031 26.3933048646 28.6853662933 27.8410846604 27.7370747029 25.712791071 27.745735748 27.7974267144 28.2592379744 25.8168929534 25.971594944 25.2194084654 26.097412196 27.3505725378 28.9439163772 25.9058232323 27.0448192211 28.9716099457 26.4123959739 27.8224135712 26.1484735437 27.5348187309 27.8349513713 27.4856923408 27.1939491009 29.0998201135 25.043933749 25.7082164196 26.3368546948 28.2999724946 25.1932759788 28.7322554374 47.3571791478 57.9815222828 57.9815222828 27.001197412 25.0105168002 27.1366730973 25.6466404387 25.3912222387 28.2974175886 25.082330334 28.1823134724 29.2279319261 28.2253661826 27.5180674659 25.4218614473 27.612966248 26.6373585823 26.697010403 25.8169939436 25.8734358961
0 0 25.8489803201 25.9607019802 26.9550486981 25.1300953713 28.1811518689 28.2940891685 28.2140063185 27.1176632522 27.2347113228 26.0980182406 26.4062176342 26.632822438 28.5792018986 27.7157065549 25.2183919365 28.1364511073 27.0236376899 28.6849339218 28.4970858073 28.6922899261 28.7105568688 26.1086666105 25.3275894213 28.002555264 28.9023264571 27.8089585416 28.3987220246 28.8082542743 28.2508535815 26.8061840318 25.6574723775 27.9825232878 27.4295346458 28.9860146967 27.9564287642 52.8027570166 54.6712313384 59.9618295817 60.4915251846 26.8778950871 27.9698384459 27.0480563062 27.4664199247 26.7847135768 29.0543744339 25.6807495422 29.0904765773 26.6001137696 26.8472890509 25.964682868 25.6592356718 26.6822918777 27.4592836695 27.3912525449 28.2005373427
0 28.0436433806 27.7518856486 27.0060139254 28.8035869699 27.5676329397 25.8083927985 27.0055817729 27.9686246942 25.3361073104 25.5702191116 26.9815860682 28.8376046574 28.6565630334 28.9596635367 28.862830551 27.6375606559 28.1465737022 28.2944200589 26.4897119455 27.5007374843 26.0197720046 25.0625728371 28.7930973443 27.2577295839 26.9001371076 25.6997993512 25.1255123811 28.3960116638 27.1765544762 28.7746317925 27.2161800368 26.775843395 29.0804439859 26.9791056901 47.6109215649 55.5151887964 54.6712313384 54.6712313384 54.6712313384 59.9618295817 27.8624913763 27.8523673736 26.8757804413 26.0208984402 25.5480238984 28.9778546942 25.58336595 27.4022522488 27.016008006 28.4216067579 26.2743576701 25.2998705218 29.0179575824 26.1857148583 29.0344125344 28.7763283777
26.5423325522 27.4034570707 27.9031769517 25.7963553482 26.4385081157 26.0740022208 25.2455742684 26.4818216191 25.8207600979 28.7871497881 26.7923725114 25.9020012093 27.2468946089 26.3479943083 27.7457714479 27.95158903 27.3929584522 28.6645120746 25.3432819539 25.8152261808 26.1049916441 26.4807868262 27.9222134814 26.8888537891 29.1717289409 27.4629518137 26.4752829844 27.4946527165 26.1213842444 26.3421467581 26.3286041819 27.1211813224 53.2862901986 38.1168991257 59.3775090597 55.5151887964 55.5151887964 26.5208226657 54.6712313384 51.4742532903 51.4742532903 28.5495277074 27.1946676861 29.0114351419 25.6062425817 25.2534022917 25.1522979241 27.944240977 25.610957941 28.5150218654 28.4206513344 28.612829467 29.0181554582 28.0333516162 27.3369977105 26.536923467 27.921048285
25.831802878 25.5851278607 25.4088389477 27.658132 25.0194385082 28.8826330073 25.354940247 28.4066410557 28.7337560666 28.7730587862 28.2222970463 25.3358890222 26.0115821778 27.7332342501 25.0150489022 28.7414311306 25.9997194245 26.9115105107 25.34296203 27.7813390438 26.2824861484 27.5326977897 26.9469161333 28.8952661963 26.9217604904 25.3294356662 25.2275685527 27.757595677 28.0406227643 27.1601260911 27.5665938972 28.8087241177 53.2862901986 38.1168991257 38.1168991257 47.8998022897 55.5151887964 53.0271091016 50.0277840067 50.0277840067 63.6823069806 25.258285729 27.7588876314 27.4324060214 25.2173598111 28.0327697216 26.3766737181 26.2287125746 27.1277558785 26.4192229371 27.3835829626 25.0185797932 25.7489617787 26.6130478477 26.585311158 25.3312484491 29.0572675748
27.6091070412 27.4933559018 28.5099134293 28.15229748 27.4791186965 28.3832447154 27.9456520649 27.1226593822 25.5345008383 25.0873142547 26.6077347688 28.8844531589 27.6476046521 26.0078804412 27.5328561276 27.9227482221 25.979327233 28.0475482576 25.2771920013 27.9608793661 25.4252001008 27.2181572475 26.4903848551 27.9542929759 26.7488845299 25.1501177025 27.6133013493 25.4838845213 27.1927194342 27.7530571848 71.557936374 71.557936374 71.557936374 38.1168991257 47.8998022897 47.8998022897 44.4244806908 50.0277840067 81.1921354071 50.0277840067 63.2347013777 25.3289273969 28.3867665443 27.3418140882 26.9470646467 25.2688464609 26.8879624057 27.2504467038 28.8732268013 25.7978850484 28.0174729997 26.1305476653 26.3120827687 27.9026820159 27.6386234493 25.3736149169 28.0295132251
