Spatial_Output/BAU/BAU_0214.asc
NCOLS 155
NROWS 192
XLLCORNER 196307.867259
YLLCORNER 449144.565805
CELLSIZE 33.573938
NODATA_VALUE NaN
[rows 125 to 149 of 192, columns 57 to 113 of 155]
47.183311959 47.0855108372 47.0995811492 47.225066683 46.0675653414 47.1772438123 46.2789074162 46.4406117353 47.2659730667 46.1057710394 47.1000891616 46.6036064193 46.196706861 46.8625252333 46.9327912557 46.540071659 47.1170998359 46.6795211577 46.0072298694 46.6941733429 46.7690395876 46.9840519383 74.7993341815 74.7993341815 74.7993341815 46.357956572 46.0197059777 46.7193378701 46.0115706245 47.0645355943 46.8739031983 46.8436684957 46.7865849349 46.3061074017 57.5590908738 64.1484984316 57.5590908738 47.2788438553 46.0573854592 46.1430233421 76.5999385384 46.1679509867 83.9414121829 83.9414121829 56.8463726397 56.8463726397 76.5084651742 76.5084651742 46.9809186565 47.2199862369 46.3003510942 47.1543849413 46.3805088938 46.5319981397 46.8755720718 47.0198178573 47.269523962
47.3192812978 46.1839300611 46.3819764811 47.1747120796 46.9546589882 46.8841622962 46.7482285692 46.6286601556 47.3296778322 46.0684303292 46.9132239546 46.9685881043 46.397316993 47.0132999 46.6006170834 46.2794595438 46.845811937 47.1180331205 46.2235733552 47.0665341256 46.6190935582 46.0643664618 46.1082087318 46.9687857063 46.0693833912 46.7710882858 46.0451161993 47.149656895 46.3030305976 46.7672210126 64.5348428599 46.428256951 76.4794338139 47.4002171283 57.5590908738 57.5590908738 81.8732907906 84.4874577051 47.3576252606 77.1224242659 76.5999385384 46.9060518467 83.9414121829 83.9414121829 46.465404815 56.8463726397 46.0414513162 47.3244005674 47.155739606 46.7919604095 46.9645298456 46.4196419841 46.8640789129 46.6551132779 46.3230078204 47.0289887284 47.2023078301
46.0597805884 46.1666614012 46.7897733542 46.5172135746 80.5745495051 63.8713814028 80.5745495051 47.1240852995 46.6222816174 46.3059386992 46.2643046882 46.7137538358 46.1617754752 46.0845281999 46.3539323222 57.9278588622 46.1616004671 47.2916481381 46.0999148685 46.5101890597 46.3089286551 46.2031025949 46.8423715586 46.0379849062 46.2975976045 46.0311564133 46.8248861043 46.3962264344 47.1456134966 46.3405710535 64.5348428599 64.5348428599 77.2724128775 77.2724128775 46.7109643814 58.1673291829 80.6938487263 80.6938487263 46.9971975548 81.5547624218 46.0167967104 76.5999385384 70.3643671775 98.3749384664 46.5904259653 46.4109398471 46.2742058329 47.3579712264 46.1403439468 46.588188243 46.8662560235 46.9589098172 47.0479877186 46.7822549742 46.088148917 46.0524529677 46.6126094435
46.8732183602 46.0441095519 46.0825403258 80.5745495051 79.1232986404 79.1232986404 79.1232986404 87.9825888958 71.1439605836 71.1439605836 73.9412840867 73.9412840867 70.0530235887 46.4754581707 46.7811945191 57.9278588622 57.9278588622 46.6081017517 46.1589290628 46.5888894851 46.3903617779 46.4478082187 47.054010977 61.1864438053 83.3769878048 61.1864438053 46.7637674182 46.9345452751 46.6523695121 82.9593979636 64.5348428599 64.5348428599 77.2724128775 77.2724128775 69.8714791818 46.8787457885 80.6938487263 80.6938487263 46.4728250847 47.1513836493 47.1105389184 46.0313424765 46.3216424447 46.682610758 46.2065937219 46.5794468757 46.9391748596 47.3565734332 47.3351203543 46.0669105447 46.5863158873 46.1291961539 46.4195857964 47.1068479542 47.0444801392 46.6471123577 46.2194514874
46.3323517635 46.6921146699 47.0457901752 46.0698681918 79.1232986404 70.535300896 70.535300896 73.6138423926 71.1439605836 71.1439605836 71.1439605836 73.9412840867 70.0530235887 47.3697980616 47.3538267529 57.9278588622 46.4967414047 46.471321565 46.3670360419 46.7325303478 46.440197214 47.0037724922 46.3956217332 83.3769878048 83.3769878048 60.3274176919 46.3659066975 46.5380822512 46.4547517472 46.8719082764 64.5348428599 98.7727087331 98.7727087331 77.2724128775 69.8714791818 69.611794262 46.916561504 46.9959492655 46.5739062502 46.9336438496 46.9988291401 46.3781589404 47.1003414762 46.0623456797 46.3818758134 46.7312886974 46.4961699012 46.216409907 46.6967205178 47.2001334709 46.8854530521 46.1260482304 47.0346440233 46.0200437983 47.0871454432 47.2510004073 46.6232866307
47.3725172094 46.3870559277 46.805905221 71.1594969647 70.535300896 70.535300896 70.535300896 87.9825888958 87.9825888958 71.1439605836 71.1665876599 73.9412840867 70.0530235887 46.5565823562 47.1663009626 46.9745377317 46.9093855282 46.333717236 46.943637108 46.2206687934 47.1979775836 46.9084564145 46.7982739644 60.3274176919 83.3769878048 60.3274176919 46.9816081273 47.0867697437 46.014587398 46.8012128773 46.6328391011 98.7727087331 46.6152555959 46.4543058158 46.1850872918 46.6850636055 46.7611895171 47.118064648 47.2929926962 46.9167224399 46.9077379158 46.6402648572 47.0338926062 46.4686448189 46.4690625816 47.2777900778 46.7498413139 46.2083060378 46.8090075281 46.6332822861 46.2130231411 46.272894329 46.8817503121 46.3885467989 47.1334824241 47.350914558 46.4845872623
46.0702688745 75.4139893116 78.0931164591 71.1594969647 71.1594969647 71.2068084018 63.7731467184 63.7731467184 46.6648385294 46.5474167592 46.8430390295 46.6173012495 46.0142527468 46.4701894644 46.1559898517 46.5712308556 46.4483612757 46.1023580092 46.8442793215 47.3754363493 46.530669909 46.6551946482 46.0793005838 46.1570024832 69.4122068061 69.4122068061 69.4122068061 67.4717339688 47.1815320223 46.6611061053 46.9436930102 46.567625092 46.3173930132 47.0113174284 47.1946490164 46.4569407536 46.6258323819 46.6790093754 46.5392263477 46.4143986947 46.816296858 46.6026658125 46.7940924267 46.8075532724 46.3762966053 47.2080714799 46.3761785813 46.5548176121 46.8110964734 47.0614263441 46.4158852586 46.2272806486 47.3956042191 47.3084323087 46.0423343315 46.0276403726 46.6063234505
59.3584826523 47.1286828028 78.0931164591 78.0931164591 71.1594969647 63.7731467184 67.4149714756 67.4149714756 47.4136397033 47.1032925725 46.0056047366 47.4074599487 47.2694217528 46.7125843956 46.7788261016 46.9098934127 46.8018924986 46.9108139981 46.943105286 47.335314291 46.4167728633 46.0322219353 47.0284737619 46.4302101814 46.4865946147 69.4122068061 67.4717339688 67.4717339688 62.736232706 46.1354041716 71.1004842847 46.0461476701 47.3859466868 46.0438890758 46.080215539 47.0759417367 46.1792042912 46.2880968657 46.1515745757 47.178506352 47.3343176714 46.8178866847 46.9622724009 46.4622225006 46.9773521172 46.3678847656 47.4010666541 46.5925874368 46.5153242117 46.6092230472 46.4569848136 47.1553567333 46.9504420242 46.7403055252 46.0774848649 46.6148661959 46.4980238358
59.3584826523 75.4139893116 46.3461660699 78.0931164591 46.3172411443 67.4149714756 67.4149714756 67.4149714756 67.0639149926 46.5182430312 46.0620050935 46.5875928442 46.4959013259 46.6860062628 46.7776654134 47.3549698021 46.5064166707 47.1201188607 47.3787555246 46.6092874661 47.3065351993 46.1841681848 47.0608941102 46.6548054155 47.2006557911 46.8317799164 46.2617201372 46.660812496 46.5476305131 47.2505954828 71.1004842847 46.6524691617 47.0654270997 46.5340898002 47.2374285954 46.08784005 46.0284768226 46.1150374751 46.9285497494 47.369936347 46.530546104 47.1966039492 46.6811751967 47.2447651775 46.2460923092 46.8147995027 46.7669163573 46.2228380738 46.4798134502 47.328710161 47.3729043783 46.9525258751 46.7320904368 46.5465812701 46.8006663623 47.3518258524 47.0316031357
59.3584826523 46.4160677469 46.5082547053 46.350252385 46.8883295172 46.5636939384 67.0639149926 67.0639149926 46.6221821052 47.3282553902 47.1874337028 46.8024073707 46.1782814821 46.6281576849 46.2931907679 46.3505137538 46.645864377 46.5554032652 46.8728617358 46.3937426427 46.531579391 47.0166942028 46.9128501919 46.2259189305 47.4131335302 47.3904516924 46.5380814171 46.3906048505 46.9814005664 46.6902086044 62.3374559471 51.5630311481 46.5229690209 47.3577959827 46.4995629762 46.3502947561 46.5704407207 46.2215363723 46.5963623792 46.6112430602 47.3538974922 47.2565655646 47.2266306928 46.1192394669 47.0050954083 46.4342053694 46.7454731257 46.0941790329 46.8668795271 46.5417753663 46.0217049121 46.9569736716 46.4503503257 47.0318303308 46.3298593758 46.6579672997 46.748740475
46.5977885339 46.309684199 46.8567719351 47.3442566439 47.2591494611 46.0379013669 84.0656890557 46.0412020337 84.0656890557 47.1943712075 46.6318691109 46.4384516492 46.5638320115 46.1193310805 46.4956056061 46.9246947467 47.2044365951 47.2920306476 46.9001073811 46.3456348483 46.146190658 46.1463621406 47.3745973811 46.4788745652 46.8653870934 46.4017025014 46.6751890811 46.928857383 46.523039702 46.7867107572 46.0469895534 46.6613379961 46.5491593343 71.1821560106 46.9738726408 47.0266730888 46.6374099397 46.2878742036 46.1779027806 46.0312545616 47.2259123407 47.1917656944 46.7393453462 46.9875526474 46.5732339021 47.1184606204 46.4574864337 46.7793530572 46.0190641245 47.229807058 46.0795434507 46.8945942523 47.077654607 47.3360843707 46.9563155975 47.1708372037 46.2413461916
46.7137385569 47.2396511486 46.9053072928 46.7644901925 46.0726679583 46.1164353658 47.0183118549 46.1731030884 46.3936477685 47.3058631047 46.623094966 46.1604365744 47.3531599465 46.6372762014 46.3644199936 46.9074052039 46.5378677812 46.5243325433 46.4667180278 47.0459311593 46.9308646793 46.8770348565 47.0210541865 46.3454530744 46.1351955134 46.4217160485 46.9061614943 46.0661028341 47.223368811 46.9675599202 46.9510566387 71.1821560106 79.2093331844 71.1821560106 46.8126174331 47.2168665074 46.5981907695 47.1869280064 46.0384121585 47.0871928159 46.4828753309 46.1182407705 46.8317720415 47.1066857599 46.7445791376 47.0258484056 47.4098338307 47.2247308807 47.1716156995 46.4051690962 47.3938039729 46.3066515532 47.2538394281 46.7074802052 47.3776592519 47.2745119047 46.6238693248
47.2760990217 46.1400079052 47.341161764 47.3264834319 46.4966201921 46.6507492341 46.7002961145 46.5333115759 62.3844270717 62.3844270717 46.6650083055 46.1483885654 46.1080133658 46.5266405755 46.4425639269 46.2048120698 47.0664070442 47.2856181365 47.3307159692 46.8254720196 46.4267888283 46.1224031601 46.9257384656 46.0310445829 47.2476040864 47.4090383823 46.2157660663 46.8701278349 46.6305082423 46.9740464085 46.1432082226 47.0619606683 79.2093331844 79.2093331844 46.8419473638 47.0837930568 47.2681011408 46.9897083975 46.7803667555 47.1731893451 46.1453084842 46.2750694694 46.0970346292 46.1924065558 47.1712627257 47.3648926744 46.965411182 46.0322140995 46.7525726138 46.0243846096 46.680045189 46.6895209144 47.4006472899 47.3365997626 46.2357599529 46.9682848074 47.2990413695
46.9494238047 46.8696281542 47.2897473843 46.4537521269 46.7745607485 46.1992709775 47.2217987694 62.3844270717 62.3844270717 62.3844270717 46.6389225788 46.0447215355 46.5281036787 46.4493096194 47.0165672946 46.7056939984 46.8186079259 47.164230335 46.4814398635 46.8616749336 47.1059607873 46.6067473469 46.4400769261 46.2602126784 46.424968696 47.0925748304 46.3149841548 46.8614710092 46.2456042678 46.9020677168 46.1513174664 79.2093331844 61.5495510925 60.9133928208 46.9038888869 46.067552906 46.1524948924 47.3782294854 46.0582830707 46.7089967356 46.0572509046 46.0635999379 47.1132394708 46.6957706401 47.2757783543 46.4512121384 46.6583813391 47.3835017824 46.4940582139 47.2654959958 46.7856610198 46.5169551863 46.6361278117 46.3820990574 46.8047555438 46.5871881646 46.6570079222
46.740516224 47.2956690034 46.660064876 46.3909263818 46.0825907758 46.7006329366 46.1175809503 65.6060357043 65.6060357043 65.6060357043 46.4579458062 46.6368710889 47.0289408363 47.2855260233 47.2308957578 46.6281863848 47.2950446669 47.2977506018 46.7889019863 47.0451142318 47.0554274591 47.2325568941 46.2978643715 46.8725331658 46.0591300246 47.1204753728 46.4291167546 47.1117915768 46.1241338496 46.5393864574 46.8935907555 46.3255805182 61.5495510925 61.5495510925 46.7810682944 46.8054597697 46.7345690491 46.0060790916 46.3882412865 47.3956285668 46.4722048091 46.3961683452 47.0107961605 46.3740682756 47.3179458656 46.7148685267 47.3697791234 46.7664245796 46.2455419501 47.0719974857 47.3286847458 47.1349124435 47.4013499219 47.2364209181 46.5710661486 46.3268970128 46.4029328782
46.496448648 46.7824995409 46.5399124679 46.6251457945 46.7780981929 46.7927975245 46.8335504943 47.1628429877 65.6060357043 65.6060357043 47.4051450597 47.180903036 46.7560961729 47.31685666 47.1225140449 46.3549549375 46.4832836991 46.2113294751 47.3407352272 46.1524799036 47.3565501509 46.2187421241 47.2786258368 47.3993469421 47.0153962885 46.6029176915 47.2125265911 46.4984922646 47.3875074697 46.9712902111 47.3862841586 61.5495510925 61.5495510925 61.5495510925 46.5376984844 47.3777318077 47.0094807817 46.7697357971 46.6203630973 46.4277426534 46.6866686825 46.275838029 46.5382503987 46.7507986551 47.3040342547 46.0871653995 46.3321017349 46.3084918063 46.3871842004 47.3143296819 46.6953642699 47.3858997647 46.1503121428 46.0823555155 46.8172316257 46.6311904659 46.2854536152
46.9653276233 46.5297280211 46.6502636849 46.3096182941 46.9811819017 46.9348283771 46.9689141982 46.885707775 46.0615595321 46.8849106845 47.1289529723 47.1736012192 46.2481985697 47.226162552 46.992949736 47.3678828695 46.1824057448 47.3180078813 46.7913353334 46.2456860245 46.7736985668 46.6546477788 46.5578470108 46.5331953032 46.9032897188 46.8367027651 46.2549237256 46.735772871 46.1197644466 46.7123630315 46.9126680127 47.1038434475 90.7888748279 90.7888748279 90.7888748279 46.1722095036 47.0264004826 46.9465512709 46.193462265 47.2755895522 46.3079716775 47.073345853 47.0619872241 46.1056065464 46.230263429 47.1712710495 46.8852091344 46.4450898189 46.508159316 46.320256346 47.2681505561 47.2729250487 46.4821891936 47.148466963 46.1853910373 46.061669089 47.3970440722
46.2727599879 46.8530764139 47.1731085765 46.6733898833 46.1702719631 46.9448443929 47.1203549693 67.4670575232 62.480391889 62.480391889 46.7297447229 46.8598365745 46.799795592 46.2254381681 46.6214153713 46.3628980185 46.7964019766 47.0300526235 47.3957128923 47.0818042797 47.398243681 46.7388415089 47.1541906424 46.9838136942 46.3235073061 46.6488045571 46.0595894189 47.1890518538 47.3264573829 47.0965762511 47.3470138833 47.0659795392 90.7888748279 90.7888748279 68.07317283 46.0780165563 47.3949939408 46.6862933157 46.6911452192 46.2797150346 47.196700888 46.8620540456 46.8645194679 46.8644602373 46.2711123227 47.2793344258 46.9516692148 46.0182618956 47.0491930376 46.4946875181 46.3944150338 46.3549929898 47.0494511502 46.1600400703 46.2119425889 46.0893472167 46.4245556681
47.3457376988 46.9712686111 46.2388088991 46.398122093 47.004511349 46.6116692225 47.1223774831 62.480391889 62.480391889 62.480391889 46.8885412494 46.9019432503 46.6034134821 46.5715188511 46.6603171251 47.1821008328 46.1948114075 46.6110442055 47.3551059783 47.2404328131 46.6791312803 46.2056648962 46.6995863319 46.9657929514 46.0682806365 46.0418865797 46.5372061727 47.2585364633 47.3729687943 47.277049011 46.4601291881 47.2413825075 68.07317283 68.07317283 68.07317283 81.3286642922 46.1789737413 46.5456641844 46.6309907089 47.3186528802 46.5695369148 47.2347499343 46.0899452826 47.3129313287 47.1597694488 46.8006977334 46.237994956 46.265032208 46.4893708727 46.0741140183 46.9806386324 47.1105315215 46.1930931112 46.1480881805 46.6276708696 47.3506357614 46.2964358409
46.9968516092 47.0807916301 46.6367479933 46.9798792885 46.1952254465 46.5931409844 46.3152075351 47.3176987127 46.8364967291 46.4949257151 47.3283722268 46.1457948821 46.9079516759 46.7721249808 46.3575052063 46.0607983195 47.3309877496 46.879944344 46.5173813165 47.2029068186 47.0278383653 46.3122939293 46.7012651726 46.6681994178 46.5552294566 46.2163984001 46.1086236471 46.6286774336 46.0853992747 46.9955913438 46.9441687308 46.6746463439 81.3286642922 66.8733824172 66.8733824172 66.8733824172 47.2565659404 46.233741714 47.0993887317 46.6177990607 47.2717232419 46.2331238639 46.267515589 47.1893710054 46.6219390173 47.0956492627 46.3270092622 46.3172328261 46.9603932725 46.2759733346 46.969228951 47.3421392295 47.376155452 47.2909596978 46.1787298197 46.1870375196 46.5763055811
46.7733621592 46.3725995214 47.0883560884 47.4119551902 46.0064521518 46.6028663986 46.5933937783 74.3357338554 74.3357338554 74.3357338554 46.8371374536 46.4932831329 46.5893086055 46.0602381854 46.3951001967 46.535590847 46.2842988264 46.937156237 46.7606137892 46.3845373676 46.3429461345 46.2582034149 47.3195373787 47.1226846859 46.4239808814 46.7184867898 46.0591336723 46.8526160059 46.913291111 47.3764786084 47.0754921235 46.0086419492 46.8402232634 66.8733824172 66.8733824172 46.8800587348 46.8396615561 47.1963712329 47.3119239896 47.3989913303 46.2123803244 46.5960917693 47.0819662659 47.0503443652 46.4826461694 46.4587251894 46.1518023621 47.3791392944 46.8534742558 47.3843999935 46.106453249 46.9807561244 46.5566873741 47.0066852827 47.2388303363 47.2828684417 46.2010590761
47.1447758072 47.2001676627 46.9509332319 47.2322911114 46.7127335566 47.2810483724 46.4521199119 47.1196925229 74.3357338554 46.7169121006 46.6475446354 46.6557209092 47.083090202 46.0996299607 47.0685452808 47.2503760971 47.3199407536 46.5807562517 46.4739264598 47.3103251173 46.3450106857 47.3889351216 46.5574511158 47.1073225398 46.2298811081 46.351019173 46.9897951854 47.3396775748 47.0248727451 46.7528947708 46.4744042591 46.2212600712 46.1934545329 46.0214228547 65.2925664436 53.1654004871 53.1654004871 47.2743925939 46.2744075593 47.3136026811 46.373899319 47.3550714913 46.993887088 46.1712192095 47.0562917914 46.1527248963 46.9541178862 46.1006541813 46.4320450744 47.3007937228 46.5912386016 46.2706935288 47.0177613853 46.9451428348 46.1316595402 47.1508761554 46.9795262413
47.1622971197 47.1994910893 46.6968310297 46.6532736901 46.887653521 46.7880040436 46.6712293795 46.3706685362 74.4437079751 74.4437079751 46.9165264897 46.2866154619 46.8723004255 47.2262568464 46.7625674707 46.2447768218 46.4826703306 47.1400777971 46.6320321226 46.5350682208 46.193468306 46.99552021 46.743546543 46.8876219987 46.4710297053 47.203769093 47.1648429589 47.1640655387 47.37280788 46.7236069995 46.6265795143 46.6427812667 46.3717320237 46.444519003 53.1654004871 53.1654004871 46.5704303656 47.1959512074 46.5416357941 46.9807407825 46.6868516507 46.1497080938 46.568714622 46.6863157142 46.568067585 47.3887687679 47.1013114711 46.6158725776 46.8030301945 47.3876310303 46.3731543065 47.2245335355 46.1250740026 46.4216423684 46.9807483838 47.0761150882 46.2270184707
46.0528417021 47.2514881924 46.2970276438 46.3701181618 46.0321886278 47.2607827767 46.5096615328 70.0847589058 70.0847589058 70.0847589058 46.8059558074 47.1430175312 46.8448899397 46.8838572186 47.08555881 46.3772427597 46.4323873873 46.9523722976 46.920256194 47.3227058499 46.8259293427 46.9146766964 47.3527080537 47.3500639086 46.9809445009 46.7195764718 46.4392284142 47.2231974721 46.9091661468 46.1835869359 46.2155384197 46.404310001 47.1260769849 46.4500047871 65.4222771998 71.4510938381 71.4510938381 71.4510938381 46.3785557169 47.1177277899 46.7826011915 47.1632756086 46.4885097292 46.376311522 46.1950514477 46.1540824799 46.4193201924 47.3904114961 46.9732372585 47.0921679548 46.19023336 46.9337983864 46.461775686 46.0517803766 46.7338398776 46.3319071302 46.625175499
47.3943526565 46.4362444962 46.7513841736 46.2997206113 47.3542932059 46.0939949235 46.140614812 66.7179584638 70.0847589058 66.7179584638 46.3485914675 47.0804869254 46.2001200859 46.6353613846 46.9672594527 47.3141617516 46.3635064152 46.0726067307 46.6128843411 46.0032033843 47.2176823277 46.2674014093 47.0904539591 46.2881299802 46.7269268211 46.4371198802 46.7865803914 46.6923553147 46.4272169504 46.0816888898 47.4101446742 46.7428711718 46.1112130693 46.952683953 68.5585757176 71.4510938381 71.4510938381 46.9431340112 46.4999975981 46.0670454044 47.2810582083 47.1715884871 46.1931426344 47.2840618865 46.4129582648 46.1122474237 46.7123965814 47.3661343264 46.9072879791 47.2310222601 46.1482937636 46.6206607018 47.1160306138 46.2365085612 47.3922239062 46.3102570113 47.1551714731
