Spatial_Output/BAU/BAU_0063.asc
NCOLS 155
NROWS 192
XLLCORNER 196769.923733
YLLCORNER 449719.875193
CELLSIZE 27.603701
NODATA_VALUE NaN
[rows 46 to 68 of 192, columns 53 to 105 of 155]
43.6698968288 44.7696532211 43.0165465804 44.1863058153 44.3111317983 44.8983415976 43.7563618536 45.7802297876 44.3850655479 45.7512558122 44.0825060492 45.0494255452 45.7224546688 44.1256843027 43.7568217892 44.1346830628 45.2158887833 43.6930794273 43.2661038543 45.3736679136 44.703234332 45.2272500669 43.7678578461 43.6232168522 45.0194444175 45.5294334231 43.5142177935 45.7169245042 43.1096939552 44.4041392031 43.5537155212 44.9415560292 45.3968010968 45.2219753845 45.255097506 45.0284581845 44.6575002315 45.3824934477 43.0027408409 43.4101009129 44.9449644467 45.0027262544 43.9337672009 45.5575274043 45.7333772411 45.3609650936 43.3569623011 44.0726138847 44.8570073747 45.005135462 44.5373225427 44.5802196191 45.7050046879
58.8609648559 70.5318660712 45.2027501338 44.7758078539 43.5138470195 43.283921042 68.1081587266 43.4030675525 43.9360157313 44.4780512265 43.3881357354 45.5005779085 45.0056342286 45.5372662091 44.0570447564 45.2261261037 44.4700407575 44.6895222147 45.5035683081 45.0761482684 43.1019724774 44.4667549566 43.0506641295 45.4732905097 45.6832838171 44.2493792247 43.661831377 45.3120440311 45.2433018225 43.0719375836 45.7319001542 44.0758084871 45.1659732193 45.1081413319 45.0169823737 45.035911423 45.3293012694 43.8298912206 43.7574931393 45.0843943757 43.0511863602 44.987847625 44.5838564289 44.4795263637 43.4922586712 43.0051379245 44.8011703445 44.270385966 45.7227622245 45.0526612908 43.0426620168 43.0606744171 44.9350341825
58.8609648559 58.8609648559 44.0932115407 45.0400441348 43.8207656687 45.1217711712 68.1081587266 45.036143565 43.7744759068 43.0002155663 43.1665688707 44.8792824736 43.5434124198 43.602788489 43.6226504966 43.4158031995 45.2097819015 45.5929932597 45.6672888782 45.1900109665 43.3370439735 43.5134083073 43.4083446769 43.2720828199 44.8894854921 45.0193742185 44.2170653347 43.9753606604 44.0214658315 44.2833821163 43.2088516228 44.5441481249 45.0763298195 44.6960411589 44.2729438253 45.2762202416 43.1041201065 44.4698968082 45.4094655341 45.3170524787 43.2780923668 43.3581271272 43.2971481121 44.5442994277 43.9058441544 43.7398522469 44.9472301419 44.8568130274 43.7817568261 45.7982388431 43.9120828677 44.6991975651 43.2549274095
58.8609648559 69.0670886094 45.8029234181 43.61669449 43.2456470261 44.4279218136 45.5420447682 45.2501786998 44.7323508296 45.7831156398 44.1997549437 44.4297141214 44.2861937026 44.0677897238 45.6376083194 43.1080248665 44.8881754829 43.6343341001 43.2341698848 44.8408324563 43.7661421209 43.2290812238 43.0294718017 45.26231824 45.2940293545 44.1440145989 43.4756836798 43.8951996957 44.014597248 43.1625158709 45.5895381452 45.1291825822 43.614263281 43.9208034099 45.2749129547 45.6849419201 44.6777643693 45.2082015706 43.2520556811 43.3327136623 43.9276596762 44.8962342852 43.0486566425 44.8668395268 45.5879930891 45.0697532698 45.2261145683 43.525844706 43.0851164919 44.7438332485 44.619578447 43.692089793 43.3722926421
69.0670886094 77.8943808398 43.4800510894 59.9907690988 59.9907690988 59.9907690988 43.9077572779 45.6033641393 43.8586153718 45.1835567216 44.2418144053 43.519338611 44.1449464047 43.8854812818 44.2139945088 65.7214697964 65.7214697964 65.7214697964 43.9630902664 45.1374260157 43.63818447 45.145635817 44.2971210868 44.0866745295 45.5333508489 43.6137154035 44.0075452018 43.9883100233 45.1329086893 44.6512320647 43.44613417 43.9436570572 45.7465776217 45.604161235 45.747923813 43.0475279817 44.0616686813 44.3751000526 44.6572418815 43.2526302497 43.7263739376 44.3271539425 45.0193129084 43.8229015667 44.2078148833 43.8977075296 45.645775995 44.8710076803 45.4989616418 43.2400066318 43.5887299286 45.6601406873 45.2174066944
45.3896804503 43.9740647418 44.921312909 59.6629105649 59.6629105649 44.4531326758 43.5338718358 44.2566312205 44.6499969885 44.1342792322 44.2934259696 43.0859450648 45.0814581893 45.6836388456 44.9292045695 65.7214697964 65.7214697964 80.9112974337 43.9140742766 43.0004737449 44.2620235659 43.426496836 45.0648125056 45.0650235958 45.4052495533 45.4872520153 44.7513008449 45.7537647365 44.8528035688 45.1523941218 45.0112317266 44.1654977998 45.0507328332 44.7678844775 44.7790321626 44.3271652381 43.8321180423 43.2853379213 45.0400830738 43.2199973849 43.797091372 43.2273441388 45.4551444372 43.4985987318 45.4142275191 43.0786169316 44.4333005167 43.1604450883 44.1794182112 45.7428081423 45.3312122286 43.8985664547 43.3172876919
44.1258333004 43.5375169491 80.2530277047 43.060106316 59.6629105649 43.0062709484 43.3756952618 45.2377615232 43.410133885 45.1961058522 45.6367941458 43.4672864175 43.3721770963 43.2298123001 44.2421526273 80.9112974337 80.9112974337 43.4058287907 45.4280225743 43.5610455595 44.2667049381 43.9486629455 43.6445076802 43.1904558353 45.2803769648 43.9025989188 45.5163765166 43.9699441668 43.55498058 43.0054705288 43.8286635582 43.4928331437 45.4119115067 45.4557772981 43.0452373314 44.3953394371 43.7088212896 45.5366385117 44.9045403996 43.7210689571 44.0384904104 43.705005352 45.3992978582 44.7933905341 43.3158650373 44.7115998191 43.4019303841 44.2662870617 44.831126269 44.3758287853 44.4524296671 43.6782274885 43.6840288973
43.7438954091 57.8042498867 43.7819831714 44.7956544472 43.1270806019 45.113297934 45.7156488526 45.7874472564 43.6841990758 44.5235956242 44.7300523148 44.2389986156 45.6303043153 43.8804660004 45.6484386744 43.6129071972 78.2399374461 78.2399374461 43.6279412036 44.0505635368 45.4450329135 45.498531034 43.4296893819 45.1703775915 43.918056277 45.5645110106 44.3448361422 44.1275282138 44.6140968549 43.5406297168 43.8255256357 44.078616149 45.8132100857 44.3626911139 44.299627424 45.0185801099 45.2157325421 44.141554394 45.4575602419 44.7688635237 45.4756153078 43.615900508 44.6701208426 45.5248430814 45.1810388747 45.7791129848 44.6505831279 44.9933652071 43.5214314801 44.6537794253 43.2816864936 43.0448544267 70.6530413023
43.549737746 43.7532831012 44.7272478201 44.5712041081 45.7772284342 43.0943831163 44.6244260544 43.3413851868 43.2640965319 44.3670825708 43.4391191278 45.3830545935 44.6103549648 45.3768731038 43.3781797786 78.2399374461 45.5822054253 43.0988247267 45.5919298654 44.7425473857 43.6519224458 45.7379631552 43.0528131317 44.4809761416 44.9766658 45.5714495575 44.9032076238 45.1699976804 43.7996212574 44.7920479811 43.9616960283 44.1119061809 45.2274690982 43.7346410502 45.6033812072 43.2918383179 44.7131047467 43.9695334171 43.3540458532 43.6891044309 44.3580336094 44.4643575185 43.4321493017 45.6520900804 43.740191645 43.1335520949 43.7765814763 43.7741471916 45.3736685496 44.7307420671 44.1872012137 51.4447738478 51.4447738478
45.1419980577 44.7926742417 44.8689563884 43.6486679228 45.2769392301 63.3227804618 63.3227804618 44.7885850747 44.4683630679 45.6164860028 44.996286338 43.1392620377 45.7916263811 44.6769902138 45.6133328886 45.7155894356 43.7514729454 45.0880533049 45.676352347 43.9534246504 45.267058996 45.712329888 43.2955442909 44.1396517765 45.4581214074 44.8972136903 43.9254504707 44.5498002772 45.780045011 45.4658898227 45.6917688321 45.101079559 44.8320254643 43.3637795124 43.1275257361 44.0174289215 44.9687793989 44.4640295772 44.360271459 43.236506636 44.7531656133 45.1581582029 44.696958541 44.7355308614 44.0130681162 43.5298743431 45.2835312902 43.9470012564 45.4550146147 44.7277269395 45.1824211645 45.4321319117 51.4447738478
57.4909701782 44.8916983527 44.3034292007 44.2162361349 63.3227804618 63.3227804618 63.3227804618 43.8019869792 44.5366139948 43.1210276418 44.122346162 45.002509662 44.3992045506 45.4534155982 44.0109960721 93.2131153255 93.2131153255 45.7314707507 43.5000697596 43.4154582569 43.6393002184 43.3083265114 44.7208093563 44.4565863172 44.9613431259 44.0817181811 45.1326104029 45.7106413501 43.8897895981 43.6012694064 45.5548860393 43.9997377563 45.1117766661 45.1490994621 43.93742244 45.4104114806 45.1142007922 44.9181728889 45.1143444236 45.6091277713 43.6202171866 43.822971915 44.0998130903 44.2644496899 45.341905527 44.0668815571 43.8821273624 43.8587886889 44.0598273631 45.3104157419 43.5865991803 74.0880057964 74.0880057964
44.9867891843 44.9199620603 43.1734375298 44.8767165584 43.1702631228 44.69162906 66.1959053994 44.9245486945 44.0074588882 43.5868467397 43.6896229045 45.448033612 44.6489052257 45.8108499196 43.3135375503 93.2131153255 93.2131153255 93.2131153255 44.3002578393 45.7844871652 43.4440690731 43.4144640448 44.6050352998 45.5876251551 43.2782564735 45.8255627443 43.5620779117 43.7419692811 44.8309977246 44.1558914645 44.7895783996 44.1055799976 45.1342154648 44.6526460817 43.8441998332 44.3604382238 44.2528841749 44.4891141615 44.4262468401 43.2543985661 44.3180705085 45.733509335 43.172575834 44.4162864961 45.478675518 45.3343378223 43.5770299955 45.5175530144 43.5145019135 44.7016935417 45.2569060549 74.2183819217 74.0880057964
43.0920150498 44.7953587609 45.7164164293 43.0587093149 43.3482964832 43.4560133286 66.1959053994 66.1959053994 45.350749203 43.3976794909 45.7329814203 43.2234328288 43.216537385 43.2758099186 43.9451800541 45.550952002 63.8558099829 43.1369363997 45.4204164964 43.2619099004 43.0462117165 45.7950481032 43.44664225 45.4064027953 45.811876212 45.7607357855 44.5328214137 45.724083713 44.0401899279 44.0341922679 44.0913111047 44.1673587677 45.2872964071 45.8068230201 43.0020992395 43.2833731372 44.2609705985 45.7091699106 44.3385594608 44.8268502013 45.2884540914 45.0367654095 44.0621804291 45.3410937654 44.1148423795 43.2281930917 43.2906856828 44.715730193 44.2389707909 43.0881803516 44.9750618954 71.1017390151 71.1017390151
44.9785109278 43.239496451 44.1619562662 45.4093186817 45.735282754 66.1959053994 66.1959053994 43.6167921735 44.553622641 43.662189388 43.8855076709 44.1620946843 45.648122765 44.0989765483 43.1377108368 45.5695340104 43.3952233205 45.7544499914 43.2269531852 43.787435629 44.741738536 43.6307951755 43.4073389154 44.0758349774 43.5726525282 44.8929432711 43.5914379636 44.7109886549 45.3529383911 44.9806056027 43.7334297196 44.0328536863 45.5875660366 44.1305298918 44.480398421 45.4820341359 45.3343622135 44.1958433251 44.7129064467 45.5285368361 43.5008482051 45.7375857109 44.4563948248 43.9044321723 43.0209313642 43.1001441621 45.282043479 43.3064783778 44.6578070428 43.6602313704 43.5591291793 44.9489179336 53.2396781442
44.495746619 44.7646660985 43.8391580537 45.6013421207 64.6577487552 64.6577487552 45.3531282227 44.6461417143 44.3450218573 43.8598316206 61.3074962145 60.7903768832 43.2189951085 43.7539149745 43.3629551053 63.4404513082 63.4404513082 43.980772023 43.8602089699 43.5609127946 43.4455097319 45.7792049566 44.0963330457 44.4899088332 43.8773708638 44.755963878 43.0973800583 44.7297532071 45.5750046723 44.1018147077 44.7306820316 43.9329388558 43.0837468128 44.9930890132 45.5885225665 45.5409490759 43.019167749 45.6644992298 44.0847809318 45.7019525187 43.6792498359 43.4354413881 43.0368099587 45.0215071362 44.5620757082 45.3001389877 44.3602854568 45.7087896157 45.4743889116 43.8066957217 43.3854891428 53.2396781442 53.2396781442
72.4865795985 45.6191101931 43.5685889339 45.3950645539 43.8835041284 64.6577487552 44.680340484 43.019006651 64.581866042 45.7758071959 44.3772591473 60.7903768832 60.7903768832 62.436695521 44.6631409501 63.4404513082 63.4404513082 45.804237635 44.7112999116 44.2629360697 44.144746655 43.5841018563 45.3436365587 43.1460029548 43.4678174329 44.9834327415 43.1143361874 43.5309604066 44.1437646957 44.0131281968 45.8070577745 43.8155996013 45.3195678978 44.832668441 43.4460932808 44.3042311421 45.4908629478 43.2542161107 44.7078945825 44.6272191719 43.9344092445 43.4693786314 44.4210874425 45.0896686864 45.3827407642 43.039248215 45.4214119102 44.5694378945 45.7980294151 44.5292893633 44.900470016 43.8179582164 68.8818854061
43.4783956923 43.7937063098 45.3406735724 45.8150761299 44.1044011039 43.056933705 44.8153656647 44.8933669813 43.4049914513 44.7825794087 45.1414246488 60.7903768832 62.436695521 44.5047775309 44.5397939372 56.3573814178 56.3573814178 56.3573814178 44.3026879406 44.1605298671 44.7869557455 43.4065266653 45.2101650224 45.4842673363 43.0448313234 45.7164473675 43.7354577223 43.838463581 45.492402042 44.2856561228 44.3002875184 45.0742090532 44.9343855724 43.9054097379 45.4106109836 43.9846201661 45.0664474741 45.8217164486 45.2237583807 43.9153422597 44.3513583446 44.4141038261 43.6886260663 43.2082447664 45.6217256579 44.341958057 45.7095161586 43.3632365107 44.1484374605 43.0911130457 43.1474930706 45.0971959514 67.9712828677
43.2989892696 44.1882983295 45.272641565 43.766862666 44.6288978135 45.5969913949 43.5807601609 44.8447499581 45.1699532049 43.4783715786 43.2959131091 45.0496641832 45.160509594 45.3168826125 43.1177048287 56.3573814178 56.3573814178 43.6613499937 44.6854045756 44.6257955421 45.2145366065 45.0609873938 43.8390375232 45.1229397751 44.6188267067 43.1185094445 45.5982745963 44.123770498 45.4326842514 44.7498825374 45.2638179946 44.6739425141 44.8448228933 45.0091522638 44.2546008949 43.4698197622 45.0307418262 44.3194945299 44.4993056206 44.7635393782 44.7978426776 44.3801212077 45.5518364421 43.642582488 44.7282610286 44.5641381181 44.9318160194 43.5250968538 43.1872433801 45.2000569733 45.0825319912 44.8992158633 74.3455125204
45.5427591497 44.7196219559 43.0637092379 44.5200103836 45.0217111104 45.1031465325 45.3941342764 44.5473648791 44.5392716759 45.0891356827 44.9280893014 45.3901361947 44.1660833006 44.8666988202 45.5372754233 45.0268292128 44.2578511513 43.3366503581 70.436372045 44.2553263251 43.0745963197 44.9568544156 44.0295344644 44.8436397921 43.4984816481 44.2058888178 45.5755343057 43.1363839063 43.6601041576 44.3879551758 44.4242447224 43.5747586324 45.5817891649 43.6909744935 44.2118533495 44.472969277 45.3233693885 43.5757590686 44.1349009804 43.9701806999 44.249118585 45.5868924101 43.1132153812 43.9860185026 43.7727413466 44.6388081115 43.5291124247 45.3664065743 43.3383909497 44.2368841733 43.557185632 43.7187243036 44.7030761258
43.5042222477 44.4404715699 43.4034104026 43.1356928427 45.1662862351 44.8666425545 43.1456936952 44.7010209566 44.9073894879 43.9085521093 43.7264150406 45.6263111529 45.2268460182 43.0664861789 45.6064307153 43.089387656 44.9475757971 70.436372045 43.4869700322 43.0014747139 45.6495347426 44.6291300575 45.0830211763 44.4051939202 45.2286388316 45.3901788518 44.448897493 44.626056222 43.5316480519 45.5597552396 45.7550263703 43.0737393566 45.5835282259 44.192149044 43.2023429556 43.0098666912 43.853481375 43.4902317741 44.8639007338 43.42343236 45.5948835359 45.8279576694 43.3221587536 44.0390740292 44.9022866137 45.2261591415 45.5798906751 43.6251986517 45.6209689542 44.4429576142 45.380107425 44.0368942285 44.8538392338
44.7618599206 44.7990025992 43.8327688829 44.6430902491 44.4499464481 45.7689407698 45.6440144576 43.3519300016 44.5250107002 45.0237027159 43.365954587 45.1707676313 43.7964959144 45.0384686943 43.6606865905 45.1560701824 44.8570903012 44.8326996306 45.1317845153 44.7000421084 45.7658044253 44.6062653561 43.9684537822 45.0904305219 45.6522191234 45.1886916446 44.2379160724 44.7081648075 44.1625893847 43.0594699677 43.4639513237 45.0681343235 43.5839993001 45.2189301682 44.639394199 43.801885988 45.1627338376 43.9063123017 44.3986464567 44.3105906077 43.3625313017 44.2773618601 43.9981465551 43.7894458236 45.7924412981 43.1580328542 45.580428705 43.1729303654 44.0830820856 44.803082477 43.3267661977 44.4964952994 43.7942079117
45.7595679892 45.7036103349 44.1120845906 45.7991998339 45.6153521564 44.6905109071 44.7679888396 44.5496464464 45.5700605511 43.678234747 45.4260178705 43.3178140018 45.6985740453 43.8151498151 44.4562962085 45.3652096543 45.5174158669 71.2552963089 45.3048649712 44.1516099508 44.0087113048 44.8837175803 45.707479997 44.8747144445 45.0437684078 45.394644369 43.0362973416 43.8665509971 43.9048725014 43.5760365238 43.9231599124 44.0442909117 44.3679366288 44.3963523682 43.9014214412 44.5665697334 45.1450203096 51.9268772601 44.0755777656 79.5629746207 68.309751702 63.8527545753 44.863556528 44.3629846736 44.1988456028 45.5000377469 45.674959787 44.7696395702 45.4868824635 43.9525264013 45.4801503023 44.9512119831 45.443651617
43.281341793 44.7700003286 43.9003996629 44.7554945623 43.621722693 44.5830623973 43.8824701862 43.4738796687 45.2126806343 45.6943700916 44.8397194184 43.0510060605 45.0595105006 44.8663687378 45.7144461067 44.1097339899 43.9245570098 44.5507967958 43.0926779355 44.4149189201 45.3900817111 45.0085203844 43.9780831516 43.9831938571 44.9174434123 45.6387507136 44.5924426845 43.4128263116 43.8952260146 43.8086587247 44.160561817 43.6566529571 43.0964236736 45.8171798154 65.1731491378 65.1731491378 51.9268772601 51.9268772601 51.9268772601 68.309751702 68.309751702 68.309751702 63.8088256612 60.897215671 71.5234519575 45.5871993155 45.769737659 45.2670056205 45.2355685791 43.8133519133 44.5813166624 43.9109962058 44.4713447236
