Spatial_Output/BAU/BAU_0427.asc
NCOLS 155
NROWS 192
XLLCORNER 196307.867259
YLLCORNER 449144.565805
CELLSIZE 33.573938
NODATA_VALUE NaN
[rows 50 to 74 of 192, columns 57 to 113 of 155]
30.6518325814 30.5103915209 30.6451415724 31.1605361209 51.3926493393 51.3782616945 51.3782616945 30.8351101384 31.1670510519 30.6405249422 31.0314767697 30.6715090984 31.1770821539 30.8878317344 30.5065577067 31.0134181745 31.0312552376 31.09652332 30.9134221202 31.048399904 30.6178943511 31.1437860289 31.0381542608 31.0155691887 30.5290154448 30.6043289036 30.5750802586 30.5554836981 31.0856544684 30.5439251301 30.648155654 30.6773068457 30.8384304763 30.6814106208 31.075983562 30.5561494684 31.0718194168 30.6979653252 30.5162135251 30.9376275446 30.5124398704 30.8091744914 31.1899561912 31.1247378983 30.7921300135 30.7639599114 31.0019175149 30.5663250808 31.0944687604 30.5432238298 30.5056906326 30.6033247427 66.6637763453 44.7248721679 44.7248721679 56.9632549365 48.9298696532
31.1634813387 30.750726848 30.5831012537 31.1413080549 51.3782616945 51.3782616945 51.3782616945 51.3782616945 31.0391732872 30.9512770223 30.9685808585 30.5167656759 30.7106237847 31.0009196962 30.878506254 30.7791789346 31.0362807018 31.0476158834 30.5412055702 31.0079597797 30.5436139368 31.1659309902 30.7321618519 30.9897239428 30.8255870832 30.9683251248 31.0898765512 31.1989504872 31.0300928784 30.9118433624 30.8929008976 31.1397261712 30.6668496181 30.5815473979 30.6441003402 30.6610787443 30.9671774393 31.1903551859 30.8887017609 30.6471543614 30.8081318463 31.200167718 31.1631676632 30.976121031 30.6156424461 30.7507686297 30.8938443434 31.1409635471 31.0206852806 31.0872577743 30.9126529163 30.5052957779 66.6637763453 66.6637763453 66.6637763453 31.1765070658 53.4723561035
59.2947098074 30.9956552056 30.7271600279 30.8121769008 62.4838294908 62.4838294908 62.4838294908 48.588245441 30.5180012308 30.7905550048 31.0965647378 31.1394386973 30.6444439476 30.5372784999 30.6069082751 30.5382665409 31.0857750178 31.095276649 31.0849482476 30.6824640019 31.1948197761 30.6750111685 31.0148941646 31.1455312884 30.9309518558 31.022073947 31.0284517381 30.9564175248 30.7225879102 30.6725801745 30.8678614568 30.6086263352 30.8019780694 30.5947107245 31.015512988 30.6314390278 30.5718058549 30.8332680641 31.1353479287 30.8971010752 30.9219266949 30.7036867917 30.9852091151 30.5843737155 30.7314168599 30.7423990663 30.7371985156 30.98831612 30.8626537139 30.9866457668 30.9570604589 30.6957474267 83.9156212538 30.5036031859 31.0371367915 30.6400480533 30.5297626726
51.0625128704 30.7945523235 30.8056346686 63.3947986582 81.3969797163 81.3969797163 81.3969797163 30.6383503705 31.1853354314 30.6942474723 30.7265810906 30.5030523549 30.9457113651 31.032184514 30.8740079561 30.7732961755 31.0717350914 30.7454442932 30.7234512206 30.6392331149 30.5808894 30.5690502862 30.8442051091 31.1116522023 30.5177604126 31.0980262499 31.1491249918 30.6857783163 30.7900034239 30.8241686412 30.569821587 30.9933970469 30.5742996545 31.1586227085 30.5767671959 30.9923916983 30.8303287514 30.929036644 30.7739857234 30.540988904 30.6108697045 31.0999105479 31.0973918474 30.8090419819 31.1059691105 30.6577412724 30.757789975 31.0134562573 30.5259017074 30.6660592976 83.9156212538 83.9156212538 83.9156212538 31.0966116086 30.6772721843 31.1773266313 62.856802466
50.8682846251 50.8682846251 65.2769047686 51.7351964235 81.3969797163 81.3969797163 51.7351964235 30.6639176675 30.9624904897 31.1658291005 30.6027052923 30.8772863482 31.1171372207 47.3021483591 30.5250190471 30.777617788 30.70394322 30.7728705996 30.7280789069 30.6835049008 31.0904622029 30.8720497125 30.5245535054 30.9469681064 30.5059109668 31.0021918644 31.1889181795 30.671350535 30.777536231 30.7605727247 30.593348807 30.8410949932 30.5093285793 30.9573902636 30.5474906687 30.7526296876 31.035984243 31.0337200004 30.5839082996 30.5279726697 30.9552575036 30.8265105502 31.2012131747 30.6003028383 31.0713529581 30.6812092428 30.9397787396 30.8490492052 30.9315974492 31.1229073963 31.1882110111 83.9156212538 83.9156212538 31.2039045777 31.1982727503 30.9216675098 31.0674349318
50.8682846251 59.2003294987 30.5104852901 31.1445979077 47.3690879428 51.7351964235 55.1573252632 30.5205988809 30.7180074316 30.9497303295 31.1144917696 31.1664831877 30.5069794181 31.1842581652 30.7625569266 30.9945735708 31.1023716127 30.8863520448 31.0699227912 31.1588679082 30.852184242 30.924409669 30.7354742135 31.1725313886 30.5400216758 30.6459940394 30.7181893912 31.1487777615 30.612801388 30.9519864114 30.7229371922 31.0464354122 30.7989349283 30.813413544 30.604964764 31.1630276752 30.8884901366 30.7085599044 31.1516039824 30.9706571994 30.5050356649 30.9841250724 30.9198123677 30.8522742935 30.7327924724 31.1780851433 30.8687675086 30.771438835 56.6792654645 56.6792654645 56.8562495972 30.6177895368 30.5682976344 30.7308581249 30.5363012745 31.0960621133 30.6967040034
50.8682846251 59.2003294987 31.1216726082 31.1730036701 44.9696009396 55.1573252632 85.9275170303 30.5462591067 30.9336371949 30.6670084603 30.6787602555 31.040025974 31.1816510017 45.0469905761 30.5191791572 30.8965388322 30.5067074 30.6863863464 30.5940371009 31.0021555179 30.668634388 30.7593431209 31.1763876245 31.1937497975 30.5461249463 31.0585805273 30.8220469618 31.121837538 30.6990219878 31.0140555997 31.1808256655 30.6522964878 30.8277222979 30.7254763792 30.8822570578 30.7727434865 30.6593030463 30.8546718951 30.9115036903 30.9221488295 31.0178987951 30.50408921 30.558262703 30.709804455 31.1521330758 30.9949893147 30.5253543598 59.8067281782 56.6792654645 56.6792654645 56.8562495972 30.9844026981 31.1382700007 30.8061414636 31.1230725227 30.5647648 31.085181415
30.5859927855 58.4415548213 30.7998217429 31.0964105928 45.1541388154 30.9224733896 85.9275170303 31.0003727555 30.6840205361 30.8246625641 30.6181921871 30.6127891558 30.5071775319 30.903603387 30.663546097 54.8638142305 31.0416235459 31.19815745 31.0178205495 30.9770480704 30.7622178582 30.6277996652 30.896851562 31.125586977 30.8016575729 30.7626429842 30.9364079502 30.968997204 30.660791514 31.1148037178 30.9751127016 30.861531404 30.5759505811 30.8639302155 31.0215465057 31.1784405246 30.7240753436 31.192886463 30.828302123 31.1841798352 30.8674584315 30.6058509485 31.0430905618 30.8358022287 30.8981391185 30.6109153285 51.5270066346 30.6728188222 59.8067281782 56.6792654645 31.1061015441 31.009630876 30.7535092978 30.5472359262 31.0036410963 31.135313062 30.5606495951
58.4415548213 58.4415548213 30.5654565234 45.1541388154 45.1541388154 45.1541388154 30.9306972323 30.7761399521 30.6558986336 30.772084089 30.850484486 31.1932015425 56.9180618582 56.9180618582 56.9180618582 30.6331136052 30.5880124774 31.0946300135 31.181244448 31.1407573875 31.0731259798 30.6773144523 30.9106555742 31.0728533324 30.6157626209 31.0465005788 31.1862207457 30.644737102 31.0338314669 30.8804962963 30.960719273 30.5759202251 31.1392817818 30.8726034272 30.7960322736 30.8079181327 30.9082540461 31.0716277919 30.9302828979 31.0197230602 30.5343457022 30.8346335479 30.6061061186 31.0927676438 30.5685358676 56.6350591552 51.5270066346 51.5270066346 30.6223721608 30.8873966127 31.1246233518 30.8034621962 31.0580716657 30.7137345945 31.0020599214 31.1445929738 30.7670445291
69.6644636567 69.6644636567 31.1703118822 30.7975530543 45.1541388154 45.1541388154 30.8489628548 30.8062115821 31.2052483408 31.0229653523 30.7774430004 30.8499492733 59.2878190763 56.9180618582 56.9180618582 30.9626667784 30.7630840901 30.97845287 31.0854110292 30.7616095666 30.7008863574 31.067273063 30.6218461415 30.5317271318 30.8118556205 31.0198360073 30.5092482192 30.7113583036 31.0995598485 31.1722962386 31.0994850361 30.6350849 31.1748796365 30.8238727698 30.6493771009 31.1936730016 30.6696546292 30.5533042027 30.5943870172 30.5280709801 30.6915092103 31.1125500751 31.0393769922 30.6856074735 48.6053543335 48.6053543335 56.6350591552 51.5270066346 30.7311187844 30.8982434416 30.7862812 30.8308294699 30.7622269126 30.8659848331 30.5360070595 31.1974938213 31.1125015039
54.7170775239 30.6051582417 30.5091642495 30.7849261851 30.6901756078 30.9605216212 30.6278466361 30.5512752845 30.8036567617 30.8595959506 30.5607896152 30.5038902991 50.5919591958 30.7984061097 30.8379583793 30.6810118371 30.781671263 30.9914000569 31.0211521023 30.8209346014 30.7106768023 30.6532553781 30.6901335171 30.5465551985 31.0942339105 30.5743357136 30.5773978836 31.0353958758 31.0777210369 30.9388632407 30.8274887436 31.2062502035 30.6359444558 30.9490303123 30.5597935095 30.892774195 31.0076410788 30.8038909132 30.9520502273 30.5872268947 31.1798779094 31.070921081 58.2644935019 58.2644935019 48.6053543335 48.6053543335 48.6053543335 30.8643138714 30.9979161328 31.0373181535 30.6059413371 30.9579327918 30.770957988 31.0698458489 30.6883333548 30.5101156337 30.9891505951
30.7445230937 30.5637513758 65.3328560777 73.7018172031 73.7018172031 61.5025790802 30.6454208857 30.9784944102 30.6394485594 30.9112401823 30.7099481621 30.8744268524 30.7135854235 69.4642921949 69.4642921949 30.7134487483 30.8854706053 30.6199862979 30.6587915783 31.1616767836 31.1047780052 30.763284296 30.7925629655 30.8437903428 30.792919434 31.0762896484 30.8665894103 31.0573241357 31.1316829211 30.9393181663 30.7091731061 31.1430306933 31.0165334453 30.8884618227 31.075931001 30.9990450008 30.5668372682 30.640616267 30.5560402793 30.8241295691 30.5987354658 30.6668094922 53.4043975953 58.2644935019 58.2644935019 50.3635080515 30.6371825937 30.6215664892 31.0910715394 30.6620151031 31.0076575263 31.0902065284 31.1708366357 30.8046275162 30.9001100017 30.9185695416 30.862500612
30.7942866373 30.9979206738 30.9164503565 73.7018172031 73.7018172031 30.5306520402 30.6129286165 30.9247250995 31.1597392794 31.0600402596 30.7822556962 31.0376786479 69.4642921949 61.8614001929 51.4569898576 30.5647900062 30.9423059525 30.991040787 31.1045041615 30.7552903062 30.8188060288 30.5714132478 30.7552638098 30.8023843327 30.9496113424 31.0371364778 30.7088750786 30.7909166426 31.0571794117 30.7454441399 30.8975365349 30.5212196745 30.8582823403 30.6663451154 30.5816329053 30.904523715 30.6177889588 30.5766730967 30.6160854648 30.6337574841 31.1123066089 31.1335592648 30.9957555602 31.0917865139 30.9171282359 31.0102861127 30.5365899045 30.8648525038 31.1642725643 30.7490886521 31.1797575348 30.6573641645 31.0898523761 30.7141917394 30.8003369093 30.8746777254 31.0944413203
30.7471474573 30.7727340161 30.9617487534 49.6182921047 49.6182921047 30.9596451418 44.5526946038 31.1172938217 30.5161419634 30.5356882137 30.8042336399 30.8612574599 61.8614001929 61.8614001929 61.8614001929 31.1026229573 31.1169768585 30.8266960581 31.0115321087 31.1344346175 31.163580507 30.7268183109 30.9307628847 30.8632384775 31.0306556212 30.8733199659 31.147123976 30.9250673892 30.6323090781 30.5743396072 30.6857468779 30.6021914497 30.7494646176 30.5440493589 31.1923795717 31.1340404459 30.7015725121 31.1988765498 30.6074044015 30.5673219298 30.5323709371 30.647942136 30.7550345751 30.7774042452 50.526977178 31.1175550045 31.0321073896 30.7528305545 30.5615191136 30.7084833564 31.0129182581 30.9585195076 31.1345527656 30.6742883781 30.6062175979 30.7324612162 30.587854957
51.6372014507 31.2064570402 79.6028276713 30.8111325571 30.6628118448 58.2354808278 58.2354808278 30.6586786811 30.9660683717 30.7646493492 30.993187906 30.7436539109 62.1984742366 62.1984742366 62.1984742366 30.5928983102 31.156956779 31.08764659 30.7254917835 30.5559299687 31.1085519531 30.5558665077 31.1129513189 30.85903988 31.146733548 31.1916330377 30.9729245937 31.139678237 31.1631077549 30.8160704505 30.7470855766 30.80379462 30.5900920558 30.5211473814 30.8275870675 30.7877704512 30.6852215876 30.985712693 30.6223114972 30.5696001308 30.5008780232 30.8635548976 71.9038779488 71.9038779488 71.9038779488 30.8185199255 30.6020454597 30.6075073161 31.0147042941 30.9906819126 31.0359419715 30.6096551648 30.9807333391 30.9828901026 31.013645969 30.6318280016 31.0681830391
30.853209444 31.1498648779 79.6028276713 72.2678661612 58.2354808278 58.2354808278 58.2354808278 31.0098416447 30.7916080965 30.7137481438 31.1178004401 30.9517853153 62.1984742366 46.7193326675 62.1984742366 30.9051900747 31.1539026009 31.1727124825 30.8990142138 30.7892466747 31.1984181215 31.0058356842 30.5501515507 30.7504221364 30.9578271778 30.5335363792 30.9800647592 30.5090832962 30.5161153525 30.8850125208 30.6333868111 30.6465393562 31.0170265942 30.5420708262 30.5481613932 31.0672591911 31.0333949954 30.6612377405 31.0660238923 30.8660962576 31.0541319379 31.0371573268 31.1305169741 71.9038779488 30.9248887069 30.5957796009 31.1752165547 30.8440111973 30.770572566 30.6575462133 31.0999153418 31.1400799605 30.630147245 30.5767866044 30.6180608993 31.1465342547 30.9488844072
30.7454616387 51.8379264362 79.6028276713 79.6028276713 54.2878680235 58.974049218 58.974049218 58.974049218 52.3951907996 55.2928760132 54.9598398297 68.0013534187 46.7193326675 46.7193326675 46.7193326675 79.7354372478 31.041308221 31.1113216403 60.1556566417 44.7469223146 46.2809344523 30.7628143585 30.9011230832 31.0942614292 30.6332719013 30.981242925 30.6280115304 30.8619801472 30.7738257548 30.7713019503 30.5462609594 30.6616528852 31.1808860759 30.5531199981 30.6907162499 30.9624945267 31.1300752267 30.6666855152 30.7817272481 30.9688399855 31.0807153408 30.8093090073 30.871867196 30.5142829191 30.5440389693 31.0488836966 31.0168507728 30.8405905358 30.6825773719 30.8627118277 30.8864502122 31.1989847989 30.9431113552 31.0045420681 30.7811503688 30.9737161636 30.7804495769
45.9316832184 30.9386405221 31.0199015244 30.9715440048 30.7196133553 54.2878680235 54.2878680235 52.6873052067 52.3951907996 54.9598398297 54.9598398297 54.9598398297 68.0013534187 53.5760948195 53.5760948195 49.6092572634 49.6092572634 60.1556566417 44.7469223146 46.2809344523 46.2809344523 30.8906305217 30.6611415386 30.7344411481 48.5278966376 30.7678455681 30.656570574 30.7979889743 30.8412083735 31.083830448 30.6503128508 31.1127624149 31.0420695008 30.5723644665 30.5371848872 30.8448903637 30.6224989888 31.0395719809 30.7100931992 30.9766658946 30.7663419532 31.1275921337 30.9653692198 31.0304745613 30.5494266781 30.9898369606 31.1959022058 30.9524865072 30.7115325022 31.1489742221 30.5417586472 30.897090057 30.7244455577 31.0039497386 30.9407450456 30.5662516141 30.8179288294
30.8508324074 30.9726278427 30.7631262114 30.9829565516 30.5813335108 67.3030190957 66.769027579 53.6929129135 52.3951907996 30.6652465561 54.9598398297 68.0013534187 46.6092508507 67.9139063605 49.6092572634 49.6092572634 49.6092572634 30.9105468659 44.7469223146 44.7469223146 46.2809344523 30.7010890226 30.6577186675 48.5278966376 48.5278966376 48.5278966376 30.5986491344 31.1781963178 30.7315709545 30.8836946344 30.5761741022 30.7112018714 31.0076680421 30.6586559444 30.9610559222 30.6044396865 31.1719828981 31.0756128566 31.1392489675 30.7467007209 30.6830042501 30.7462114563 30.9019461251 31.1428371375 30.6383988732 30.9556982972 30.8787616026 30.9225311045 31.0051231454 30.5282941435 31.0741216106 30.5133562631 30.5312509199 30.7294436107 30.7192822781 30.7699149207 31.0726537891
69.792195641 31.0621218894 30.8292444383 30.5468168277 30.8046847579 30.659298734 30.9659813276 30.6553272623 31.1232680346 30.5043603282 30.5209745059 30.5776162187 30.7689439036 63.7829752813 63.7829752813 63.7829752813 49.6092572634 55.3855377852 55.3855377852 44.7469223146 31.1623242641 30.9684566605 31.0521030586 48.902774527 68.6691271017 48.902774527 30.8255141854 30.7603476987 30.514835981 31.1120993637 30.8019154923 30.5989314652 31.0082218073 30.6324804164 30.9727188732 30.6822137928 30.7303314923 30.8252724388 31.003911666 30.9041306109 30.6314370316 30.9823642248 30.6067763765 30.9393878125 31.206587741 30.5994822932 30.6735050737 30.891781767 30.5509266048 30.9385835474 30.7014675571 30.5857327946 31.17348177 31.1492612621 31.2000678677 30.5756853639 30.8091663176
48.0272857072 30.7386279173 30.8823532999 30.6451213706 30.5233217963 56.3697844707 56.3697844707 30.8876291242 30.9048606034 30.5189341318 30.5340011082 30.5147528955 54.2623257339 63.7829752813 63.7829752813 30.6177209348 30.76137784 55.3855377852 55.3855377852 31.0296996054 30.5803089758 30.6105765388 31.1755432157 68.6691271017 68.6691271017 68.6691271017 30.6730152963 31.071319239 30.9262401148 30.5106935556 30.5921601174 30.9489063234 30.9468561999 30.607741425 31.178415965 30.6421765044 30.5589854352 31.1650622871 31.1418285357 30.7347805895 30.5499620094 30.6421304929 31.1082455897 30.6677677042 31.1543841805 30.5159566647 30.8357831437 31.1162679326 30.8752609023 30.7470697397 30.8068151275 31.1689247227 30.6363254784 30.798731617 30.8641749065 30.6719346228 31.0679154289
41.4881547321 30.7766963817 30.8891404886 31.0715381821 30.5370478293 56.3697844707 56.3697844707 56.3697844707 30.7446405776 31.1161450473 30.9245418879 31.1723370119 30.5340847582 30.7694523267 74.6356523212 74.6356523212 30.5834118068 30.5375746547 30.6805447992 30.6832825029 31.0052382987 30.5010106373 30.5527450387 54.2922629013 54.2922629013 54.2922629013 30.8942714641 30.6891344634 31.1157420161 30.7339361254 30.5266979672 31.0522173685 30.8879810712 30.8056852188 57.2466743705 30.9812747746 31.0383917391 30.9516171967 31.0474907116 30.6392554157 31.1296124967 30.852377286 30.872305565 31.0517670002 30.874052386 30.9795034583 30.9428798397 30.6634351184 31.1495016174 30.550436624 30.825331851 30.671249876 31.0123236055 30.632138267 31.1720462154 30.6039687542 30.5564928617
57.3662625816 31.0523867292 30.7701985459 30.9417543686 30.8724120266 30.6512844586 58.6381348331 58.6381348331 30.7498400558 30.5446766405 31.0592770199 30.7168761286 31.1041023812 30.8711559211 74.6356523212 74.6356523212 57.1293173581 30.9304558819 31.0150441841 30.8046229108 30.7325958201 30.7317124216 30.5630803445 30.6002834588 49.3594280097 71.1303343713 42.9060901942 42.9060901942 30.8898214169 30.5822524906 51.5700048451 51.5700048451 57.9093403128 57.9093403128 58.8136834948 30.747413586 30.7850933924 31.0164539179 31.0596757126 30.8650196918 30.7181737644 30.8001721024 30.5787766477 30.906149209 30.6952241637 30.8778641256 30.9697435895 30.8245557733 30.5828792712 30.9030822354 30.5620103594 30.893875748 30.6897309407 30.6105956526 30.8762360327 31.1108013062 30.9406662312
58.8655337037 31.1209286347 31.0731466073 30.9255884245 30.6201111386 58.6381348331 58.6381348331 58.6381348331 30.5870153028 30.9744136881 30.7591617348 30.8992438829 30.6489359531 31.0076076729 30.6235677412 30.6128574127 31.0972495924 30.6386508084 30.6034019314 31.0189148554 47.4988987527 47.4988987527 42.2494197318 49.3594280097 49.3594280097 42.9060901942 42.9060901942 42.9060901942 49.8545596185 30.8103514454 51.5700048451 51.5700048451 51.5700048451 57.9093403128 58.8136834948 31.1519027735 30.8936991994 30.7085238832 30.7841615503 31.0355170891 31.0134960491 30.8676312749 31.047598592 31.1548828439 30.8991243022 30.7070753048 31.0058011466 30.6827033446 31.043259857 31.2013733275 31.0841918705 31.0179957641 30.75072417 30.5657339723 30.7482749184 30.7430223105 30.9322790983
31.0993553908 30.7325152055 30.6146307171 31.0356494627 30.6569516718 31.0911058208 31.0188558347 30.8359329172 30.6443706004 30.5421183044 30.8832253807 30.9526760052 31.0639282537 31.1288324774 30.7674699017 30.777680688 31.100275835 30.66676302 31.1681585029 30.8947337759 47.4988987527 47.4988987527 47.4988987527 30.8944822021 55.0309485943 78.6295676807 71.6953296429 71.6953296429 71.6953296429 30.6620012578 51.5700048451 51.5700048451 30.5719981231 31.1802156728 31.1416910121 30.7637096469 31.0810867626 30.912781558 30.9661775639 31.0623916576 30.7943716063 30.8369174884 30.6798252098 30.8468578868 30.9548374409 30.8976046886 30.7225875064 31.0095378259 30.9275833332 31.1712680319 30.9974860583 30.8414777771 30.5855067711 30.8780717025 31.1965085541 30.8569340164 30.5319878495
