Spatial_Output/BAU/BAU_1127.asc
NCOLS 155
NROWS 192
XLLCORNER 196769.923733
YLLCORNER 449719.875193
CELLSIZE 27.603701
NODATA_VALUE NaN
[rows 138 to 160 of 192, columns 53 to 105 of 155]
31.4800988383 30.881324095 30.0636429347 30.0110323564 69.6157436766 69.6157436766 28.8869721152 31.9411894579 31.5194392937 30.0711637093 30.8763490537 45.6075777657 30.0279046882 29.0224352337 30.6936383408 31.7001239598 30.0558818085 29.6734996108 29.4325447643 29.4636870913 28.5418148568 31.5176755539 28.9557241581 28.9494934279 31.8344518195 28.5450084914 31.5810896269 31.9751390586 30.3151646478 28.8268903399 46.596998074 46.596998074 30.4062962279 31.2418854262 31.621618433 29.8027634574 31.0513456646 31.2619485176 29.148583987 31.6762535924 29.127884214 30.2954689872 30.6545176505 30.5955500066 31.0008775911 30.5567384967 30.8965358835 31.0399486266 28.6543868261 30.1326380688 30.3765724962 28.944338326 31.4735852501
29.4786763349 29.3196124998 31.5203353501 56.6150118818 69.6157436766 69.6157436766 69.6157436766 29.2645778179 30.3899040723 28.7282072728 30.2176512468 31.357282659 29.0330013994 30.5475310273 30.6146142767 30.1617270061 28.8256159573 28.8881422442 29.8656309675 31.6370866998 30.5733540117 29.5723595195 29.4019863889 29.1075998985 28.822582713 29.8527553301 29.6011746048 31.778019542 29.6564795237 30.4257882789 46.596998074 46.596998074 31.2724178845 44.0951781113 31.5829693513 53.4122547814 30.6982725734 29.0426378231 29.4106830488 31.5159692508 31.86135381 28.8634703466 31.6298443465 31.4800755336 28.6474922748 29.3734071239 29.9962750035 31.1784079779 29.2318014191 29.3685348726 30.9024019556 29.3336126709 31.7769077058
31.3357980829 28.8398172334 56.6150118818 56.6150118818 29.4651999281 31.4684960254 30.5332520782 29.1185972838 29.1081308605 28.9149767575 30.6636807973 30.928440327 31.8071021789 30.5164208992 30.7914573748 31.190613983 29.3052468877 31.2966312722 31.5210445897 29.9531689607 30.1476288379 31.3291943257 31.4730770239 30.8051559144 28.9065925431 29.7107261156 29.404376181 29.3206692227 28.7994993671 30.3509380159 30.4732361776 62.4562996286 44.0951781113 29.5929815806 53.4122547814 53.4122547814 30.1550757359 30.4733920095 31.4621236353 29.3417041184 28.6404649569 29.3102542717 30.2504949809 28.6001048918 31.6812085622 28.6237576872 30.816057818 29.5552008436 29.760429782 31.6606777253 29.9721886886 31.0464246023 29.8603046788
31.8211032596 28.59952973 31.308982647 29.7366636425 31.9954648858 29.416762361 31.9591077755 29.2807794454 28.7945157657 28.6195664669 31.4504806822 29.1588500824 29.3910108052 30.6596982261 29.5766428742 30.9008845669 30.9203392224 28.7428471526 31.9141562634 29.510624228 28.5606626343 28.5793609956 29.4735121885 31.6170920218 30.7235021434 31.9679887939 31.8323444619 29.1659988676 28.5959781633 31.920848278 31.619186877 31.4571224823 28.7318749852 31.8498867752 53.4122547814 53.4122547814 44.5116717562 29.7984762801 31.1048009375 29.0876043793 28.9391724819 30.4973861725 28.8556688888 31.3131709958 29.4074279075 29.5092605553 30.2135546462 30.4401267298 30.7593544197 29.5423750899 31.7778749371 31.5945185896 30.3543815013
30.6229651694 30.7205461836 29.572153643 30.4443460495 29.4388349482 31.0012403471 30.4177116697 30.2234420677 31.4268481367 30.217408193 31.4405866918 30.8912689577 28.7246339152 30.6035859629 31.4880191915 28.832492316 29.092164617 30.9393946027 29.93152998 31.378561908 30.2321014464 29.6026420384 29.0048120684 28.8394767577 31.3929606807 30.111169025 29.1921275993 31.18268784 30.8809332901 31.9196581484 30.2680888081 31.9529808276 32.0094477654 29.1702308619 29.6988108535 30.0297948902 52.5018303891 53.6367036911 53.6367036911 29.7022455419 29.6848504509 29.5628378427 31.6589523835 29.3872392565 29.7946743961 30.6116537326 31.8637617149 30.3199856301 30.8831838078 30.8208345355 29.5135952524 29.7354588881 29.9601176338
30.0595420781 31.9835458411 29.8099455584 31.2582010441 31.5625709218 29.4269359877 30.6910866094 29.6604679349 29.3844850954 30.3924075965 29.6408597125 31.0358326661 30.7144174143 31.7501411559 31.3475776709 29.5916937256 31.6866409358 28.8944814019 30.4911740612 31.251174316 29.401704582 31.3941750297 31.454501476 29.9187182491 31.0812138493 30.734261746 30.2384199944 31.5032747692 28.6130201062 29.654747776 31.6091699907 29.3287119092 30.4391888968 29.2496887154 29.8157124344 29.0504112646 53.6367036911 53.6367036911 53.6367036911 52.8004167385 30.6230242884 28.5497950574 31.4340081472 29.5687599257 29.2899844476 28.5753651665 31.527419746 31.2780803805 31.3948450641 29.0280437413 30.3118887313 31.9412507075 30.1972226478
30.5746564372 29.8071546141 29.8630768325 29.2358617709 29.5102606731 31.208355866 30.5483671165 28.7527503823 29.3589031785 29.9693372354 30.2845510144 31.0377978456 29.3154301347 31.950232001 31.7376614454 30.5506646968 31.5715258132 30.9684719473 30.0675384758 29.0674432759 30.8171844356 30.0177818633 28.6280823631 30.2599747065 30.4707874374 31.3915398789 31.2656650353 30.177956127 29.8658097768 30.1547053664 28.7518586622 29.0863965167 29.6160169841 29.6202852858 30.76474269 30.8623172601 29.7614749965 30.5120557178 53.6367036911 52.8114636078 31.3567560298 28.9556729538 29.1715415592 29.2932275557 30.704154331 31.8443961171 29.4651417061 30.5948526278 29.9882728635 30.8913969102 31.0352321736 30.6652217511 29.231058922
30.3662488991 31.2537421624 30.312909838 29.1002518979 29.574536393 31.5075709986 29.6858145917 30.3355391696 29.7166717697 31.0583083023 31.498086324 29.7217387875 30.6446752212 30.6148219726 29.1615165246 29.8102344681 31.6475237707 31.4397342242 30.9523783928 28.7107723899 30.0213749504 28.7858861684 31.9190147546 30.5516498288 30.4112772095 30.8326276205 29.223625667 28.7726157364 29.006095585 30.2693879653 29.7693811775 31.2475439953 29.1899962042 30.8442848747 30.525020001 30.0418568319 30.5107702422 28.5719610526 53.1063048106 53.1063048106 31.8736274418 30.3114627025 30.562697788 30.5536623636 29.6287043592 29.2471239763 30.3380976564 30.1275722 29.208423749 29.6942654758 30.2712226194 30.577742108 28.5978062782
31.9351820365 28.8342645636 31.7274009306 28.9964420205 31.5031338862 31.0058106845 28.555387856 29.0716346213 30.1847653325 31.213732473 29.2959586185 30.922925822 29.1547835022 31.0108865177 28.7386755444 29.5068975728 29.3967306641 31.2567533718 28.8190135801 29.2402612905 30.3798725171 30.8085672715 31.0478686741 28.9963762078 30.3294103569 31.5597200008 30.8663521687 31.9388128498 30.8905015929 30.0955837381 30.5036203618 30.8302876717 31.128440471 30.144152253 31.2625547028 30.7613055432 31.2003434501 29.227122757 53.1063048106 53.1063048106 29.0123119537 31.3313665715 29.4800294242 31.9533470416 31.159870436 31.1562740667 31.1031251462 28.5714253602 30.785620205 31.6728957309 30.1670866369 30.7372182164 29.0588583596
28.8255542005 29.0660912798 29.4356704941 30.392000906 31.8654842703 31.0018032584 29.1028182484 31.8298137772 28.9691486093 31.8686237996 64.6822636706 28.7330803217 31.5825347496 29.8767757585 30.7199045416 31.2672513333 31.4428867504 30.5033481367 30.0746580414 30.2794657275 31.3487113168 28.8163148357 31.0411005752 28.7815138461 30.8938564152 29.7360676579 31.0797380987 31.8174416266 28.5009783797 30.5698318655 30.6284429999 28.9980185345 31.4376080169 29.0866002067 28.5084447509 28.8298645255 31.4762447976 31.8674069038 47.1453126784 47.1453126784 47.1453126784 30.1125036357 29.7506708376 32.0021796089 31.8668217589 29.3015003677 29.5089285884 29.5145975303 29.6802675755 31.9830587329 30.8425069767 30.3690174478 28.9163411375
28.7947129657 31.722458119 30.5179209011 29.2937739261 30.2796187653 30.1898934372 31.5629199939 28.5688798638 31.2594741768 64.6822636706 64.6822636706 64.6822636706 30.9926854154 31.6696368176 29.3590132951 29.0948766902 28.7391395421 29.8560053309 30.4253645236 31.1527755841 29.2589077114 29.6030971905 30.3900599991 28.9327000861 29.3677458969 31.1244457267 29.2047519811 32.0098842912 28.6582656801 30.3535850296 28.7937641951 29.8960055811 31.0795258874 29.8273474552 29.9991106386 29.2131030117 31.408985745 28.570727075 30.5238726957 73.0155932345 73.0155932345 31.6267413265 31.3420930529 29.0678091123 31.9908188117 29.909886306 29.3308232657 31.7713274274 29.6606765847 31.9337304961 28.5420532735 30.824305305 31.1079917023
30.1865650414 29.5186869966 28.8349259107 29.3310586246 28.8548820147 31.994288112 31.1358833728 28.9441496204 29.3090619455 29.0180901842 64.6822636706 30.9612806712 29.0546396124 29.5016603711 29.7805841197 31.2978208998 30.1457294184 31.6572073486 30.9005752072 30.5455064828 30.3067031743 29.3866946155 30.8867450469 31.4299391849 31.8871695055 31.799689015 28.7096732174 30.7847364747 29.4469774914 28.6785542004 30.5023786201 29.0950712422 31.6608120092 28.8892169946 31.7682941983 31.1253852323 31.9997955323 29.6379656395 81.0659854305 81.0659854305 81.0659854305 32.0087257122 29.5506155747 31.770616071 31.8747982979 29.7338864583 30.4230809204 30.6859523289 31.9628918037 29.259570476 29.4571152005 30.8073060944 31.8727338589
29.9319176439 29.6148256376 30.3333611708 29.4507895131 30.2041975109 31.0350093658 28.5217983443 31.8093785166 31.1748737382 31.1592440447 29.0353552566 30.2165010246 29.7050794042 29.9717887195 29.954579928 30.8167759759 30.5746297722 28.9504398807 28.6345324405 28.7148558812 28.9424842555 30.9020517623 29.0329842947 30.957454167 30.6240625713 30.4843640229 29.5916977103 31.1008171266 31.4626053597 30.9964492197 30.4660954869 30.5880367853 29.0911740494 28.6773940526 29.9775012911 30.6181652178 28.7435519906 31.5045711231 49.8764751732 81.0659854305 49.8764751732 30.9337419657 29.3882251576 31.5674669475 28.7064431078 28.7813903658 29.1248441217 31.1314824243 31.9824621614 28.961338387 30.7300583605 29.0951313532 31.688199156
29.9417142577 30.0708884731 30.1357786649 30.5066343897 28.5514279893 31.5153548518 28.8446349174 31.7409939503 31.8353072036 60.6721713089 60.6721713089 29.048706009 30.9322224719 30.680369216 28.7571392533 28.6230437147 30.6380386128 31.9159274418 29.2381075159 30.8170117719 31.9014833376 31.4967184738 32.0090082287 29.9865572142 31.0611990441 29.8058773473 30.5548043678 31.0509522642 31.1828855838 30.2192325768 31.6811273194 31.2168487837 28.860749197 30.7834895999 30.3785923378 29.1660642974 30.3079654878 28.91569288 31.233821528 49.7884166193 49.7884166193 49.7884166193 30.8056847894 29.6396106149 29.7859475922 31.4699060181 30.5686704265 29.7265245008 30.8051337571 30.2188218609 31.5057221098 32.0317756026 30.3378470418
30.1019486985 31.4462904151 31.5056459783 28.5219022821 30.9045307054 30.5272158281 29.4272398808 30.6937411434 29.2289473911 30.3583966579 28.6485066165 31.4478399217 31.5968479984 31.7717317497 29.4501298094 29.0367407024 30.2952717598 31.024514263 30.8287543615 29.473044796 31.6560165773 28.726563927 31.9792430371 28.6074167797 31.3969903888 31.065631939 31.3138028166 29.0708830207 28.8650101808 28.8698777656 31.2501651974 30.1984970004 30.557126089 30.7641196613 29.3905951162 30.6997291172 28.8122822624 29.4134868198 28.7690368213 50.8812509401 50.8812509401 46.3855143562 28.9605891562 28.7027974287 28.5315711514 31.9488331847 31.0088386166 31.1903434792 31.2318158839 30.2036383906 30.2021687103 31.5487775249 28.6193465009
32.0167680689 29.6033972386 31.1554262805 28.5936521365 31.0504001076 29.8324603537 29.2427557362 30.0637331244 31.0493738235 48.2516241881 48.2516241881 48.4977788435 31.3002893795 31.9137342943 29.2818914503 31.8817806707 31.8987928822 30.887056111 29.5399554349 31.4048552219 29.5760730831 30.8913253848 31.0093672526 29.3467185849 28.9849983232 30.3388930827 30.6608498532 29.8338385246 29.9126933121 30.6485418215 30.3314031278 29.4018025916 31.9819715245 30.9225598841 31.8259532992 29.7221188835 28.9384746044 29.4498000293 31.0816192748 50.8812509401 50.8812509401 50.8812509401 30.2736503509 28.7003355961 28.7875430785 29.7301868858 29.0229728658 29.0164332519 30.4931874657 29.3608004665 29.3248755908 30.5314953775 29.4313165691
29.9556351334 30.4730546981 29.1047995861 28.5792853079 30.4494957355 31.678619835 31.2224523823 31.033129533 28.8465429095 48.2516241881 48.2516241881 48.2516241881 30.7771125031 30.2703504745 29.6807329124 30.6702195708 29.7510014203 29.832947846 28.5346847889 29.937677921 28.5047984942 29.328359771 29.2107086418 28.661893893 28.5364688299 30.9720401855 31.1839988471 31.738296047 31.5368757628 29.9440849552 30.4225319051 28.985770678 31.3497109972 30.5245214806 29.2663729 30.7432352676 32.0282798701 30.4115174526 28.8933083075 50.1326100066 50.1326100066 50.1326100066 31.5970990156 31.5754731156 32.0089545174 29.120804965 29.7486911243 28.7185112345 30.5097776409 31.384654421 29.7422929329 30.0155949999 28.8919348244
29.7835895632 29.5939188517 31.6776351642 30.0646247428 31.4905274914 28.8531457319 29.4972722036 29.4580339659 28.5508278456 30.3853977722 28.9606248149 56.7852189668 29.7247378889 28.977567722 30.3572749758 30.3335117457 29.1648744099 29.2992992464 30.4325013612 30.7783988473 31.6379931219 31.2173126981 30.7736737968 29.1756216069 30.8104927902 30.4683114985 30.0917288941 29.3267355644 29.7168721256 31.731416802 29.4537333298 31.603321845 31.1853326958 30.7997753827 30.7531796518 29.825506844 29.3463451442 30.6299719072 28.9201125881 29.868445458 53.5468267364 53.5468267364 53.5468267364 32.032741712 28.6678839211 28.7518998104 28.5012202769 29.1484859613 30.7217274734 31.9982876396 29.4559944763 31.6978078246 28.8070929284
29.5913864687 29.8123628577 30.3623231324 30.8134992744 31.9026476811 31.3370793249 28.8418713497 30.0022402744 31.9301603963 31.1777598448 30.5954121098 30.5297735988 29.5215175302 30.8362989041 30.3561235499 28.9968305354 31.1126152196 28.5416233764 31.5448420288 29.6050000417 31.986533794 31.0503064032 29.0184723909 28.6458617584 31.9944571547 30.8776549654 31.7750137812 29.2197648505 31.0664280496 29.1729260669 29.6146770257 29.8078165743 28.7189888169 30.2288466471 29.5004459637 29.7696245255 29.9484985285 28.9854741037 28.8342551926 30.5899866513 75.3560131518 75.3560131518 75.3560131518 30.9210460351 29.3386769223 30.6052919501 31.1214635121 29.603295813 28.7577461034 30.2085323435 29.8261140814 29.4003435256 28.7771538077
28.8088500619 30.8747352353 28.6252469031 29.4982525137 29.3085042481 30.3683320888 32.0236171157 31.3053686603 31.6812229412 64.7584916614 64.7584916614 31.2805182241 30.1874177885 29.7254188067 29.9329097567 30.649054205 31.5939407184 29.6944936667 29.6565883658 29.9909228061 30.8952688921 28.7932818331 30.58175649 29.2612445954 31.5005116481 29.8770578466 31.5835212307 29.3134597981 29.9651335882 29.4441833126 30.533368938 30.8047597298 30.2294255875 29.8688675642 30.8847488142 29.7924014878 31.9100582727 31.0876844565 31.2906670657 29.2085592639 75.3560131518 75.3560131518 75.3560131518 76.2752555164 29.4302218561 30.3885674248 28.5774042399 29.1528269292 30.4305915647 30.8579655096 30.1567679634 31.222117165 28.9921481189
29.3504032223 29.4453692241 29.5845583109 32.012814213 31.337819707 31.221577529 30.3437917024 30.0947356146 29.7213673785 64.7584916614 64.7584916614 28.897239108 29.1837185856 29.2516688285 28.5601734291 30.7334837139 29.1801879404 30.1135684706 30.9185898607 29.1488919925 31.2239566568 30.3182792691 28.7800416499 31.6159554564 30.3785794163 30.5255294406 31.1844777785 28.5595309592 28.5073313309 31.1606300811 31.0539301892 30.2358713308 30.4214610403 28.66489003 28.5427778884 29.4783616586 31.4332817457 31.1404074382 29.7714003102 28.942712956 76.2752555164 45.2065998157 45.2065998157 45.2065998157 29.737172178 30.5195024828 28.8926094318 28.908034729 31.0320517577 29.9420203023 30.2408238879 31.4646677713 29.9449641832
31.0591406861 28.9897194272 29.169431321 29.7992266093 30.9432660053 28.6840603111 31.3548941331 31.5901199452 29.3432776552 31.013666887 31.725461857 30.1128259152 29.1881871914 29.3651274786 29.4621444578 28.6839746742 28.9782113493 30.8141906418 28.5821296748 30.4118297122 30.097213841 29.2634630886 29.9361943787 28.987609812 29.7448500893 30.0494412646 31.0702343825 28.8790829969 28.9379712205 31.4425322541 30.1844479055 29.2843406579 29.8828593192 29.2630088473 30.8214209896 30.9035723159 30.3548315166 31.0761210431 31.8675833001 31.5499290921 30.0159418765 45.2065998157 45.2065998157 44.9082536476 76.3666427223 31.756243257 31.3935065398 31.7539952968 29.040709909 29.0184391312 29.2232026051 30.5091994554 29.2960876028
28.5351159204 29.6873832242 30.6659974012 31.5924563157 30.6336186324 30.5007590882 29.4057407498 30.7187164975 29.4989967732 30.8494027192 30.4152791751 30.2305915619 30.5980427256 31.538341056 31.8930838625 30.7748991161 29.3264347179 29.5101254859 29.0683833366 29.6042291903 29.6866137891 30.4237757073 30.2400386049 30.2019375814 30.2347219493 30.8627928835 31.0497619345 29.7998504527 30.403532278 29.2366215545 28.9729451192 31.0686924773 31.8773487499 29.0148039808 28.5668907918 31.1516028302 28.9190756199 28.9125863594 29.3997668461 30.9739860319 30.011302964 31.3688141739 44.9082536476 47.9860598653 47.9860598653 31.260040584 29.6526030501 30.2915935845 30.4435340261 28.886429753 29.3429350704 29.8951386648 30.6883460658
