Spatial_Output/BAU/BAU_0279.asc
NCOLS 155
NROWS 192
XLLCORNER 196769.923733
YLLCORNER 449719.875193
CELLSIZE 27.603701
NODATA_VALUE NaN
[rows 115 to 137 of 192, columns 53 to 105 of 155]
45.1882092133 44.6743488903 45.0510208601 45.0618499672 44.8993387977 44.9528874044 45.1567769759 70.2401441669 63.8132004292 63.8132004292 44.7056940416 44.874091816 96.2715261703 96.2715261703 73.5275073686 44.5387182977 76.7889708639 68.6368414905 68.6368414905 44.8355715731 70.7019779436 44.5330237635 44.6052969504 44.7171884856 44.7363667486 44.5601470305 65.0078897775 45.1236554392 45.1156451964 60.1550581675 45.1601963534 44.9729349479 68.4017185374 68.4017185374 62.2660744096 44.6447846873 44.9782413258 79.5661151693 44.6267669328 44.9606845496 44.729943924 44.7368233032 44.7956545187 45.1502583165 44.5837830504 45.1899918939 45.1685867377 44.5946410747 44.5994587123 44.9946885172 44.8120806875 45.1266376083 44.7780711005
45.1701696275 44.9483060141 45.1207709286 44.790698074 44.906483941 44.6040143014 45.1296795228 71.0995410411 70.2401441669 63.8132004292 44.6004144397 44.5370929248 96.2715261703 73.5275073686 44.7215633091 44.8618360228 44.9494329876 68.6368414905 68.7536341777 44.6044274012 44.7660195643 44.5675645196 44.8022933112 45.0747636271 44.9783477981 44.9303517786 44.5563689576 44.8720258527 44.5165363196 44.5029941528 45.0641259434 44.8700867944 45.1477225064 44.8447533539 44.7286959954 44.6013630187 44.6342073079 45.141688294 44.7239613021 45.0616421809 45.1228395912 44.5602283666 44.9179046831 45.1010929692 44.8073953606 45.0794190533 45.0764615268 45.2042007218 44.675460651 44.6642269327 44.6926842734 45.0706773557 44.6176767257
44.5890113758 44.7431986923 44.9728153937 44.6426180951 44.9414222839 44.8268854554 44.6513685609 63.3258578144 63.3258578144 63.3258578144 45.1890862472 44.7121865862 44.7705438231 45.2031504747 44.8321212243 44.5966786673 44.8286625832 44.7019853646 45.1490641147 44.8767441179 44.8027844757 44.9264627958 44.829343745 45.152315361 44.5740925137 44.7140579861 45.1090618619 44.8433316259 44.6464433263 45.0827001569 44.6580529754 57.5118866445 44.5144511055 45.1914674529 45.2021499978 45.1191589272 44.8029290304 44.5306522042 45.0935165717 44.6118394808 45.1888062088 44.6115222499 45.0914956776 45.1098266497 44.618984862 45.0374451695 45.0512785705 44.8035034208 44.5083248167 45.1683882732 45.1729866442 44.7328504419 44.9097292168
44.6450163332 45.2023206029 45.0905436926 44.838955725 44.9580568355 45.0423563117 44.9265258869 58.7509472818 58.7509472818 44.6673033798 45.0291058434 45.066581319 44.601112948 44.5348160186 45.0502566016 44.6800655422 44.971063957 44.573989116 44.644469093 44.6129224893 44.9867451803 45.0612619691 45.1432083632 44.617748341 44.6572158294 44.6706996484 44.6557084914 45.0495434441 44.855798465 45.0343451029 45.0064279878 44.678980794 44.8226718254 44.5324294879 44.8591720956 44.6560976739 45.1719432979 44.9651360931 44.8779826411 45.180785021 44.6109376969 44.6207002832 44.6980827589 45.0808855957 44.5723832005 45.1910993643 44.8387905554 45.1243998975 45.0449697333 44.8151988108 44.7233954269 44.8582944917 44.777201856
45.1224883225 45.0845413012 44.6459177779 44.8200224016 44.8145555822 45.1078015598 45.0014295765 58.7509472818 58.7509472818 44.6499803633 45.0552643081 45.0450151343 44.8607391916 44.829801198 44.9860617505 44.5723747589 44.5851460291 44.7692278609 44.7765195101 45.0900486008 44.9212652748 44.9428204844 44.964714279 45.1126968034 44.7511603205 44.7408459626 44.7887622987 44.7914463645 45.0337939112 44.5667579982 45.0207266417 44.9764759587 44.9057147728 64.0688374003 45.0642236927 45.2014222196 44.7541765135 44.7370240927 45.1057507735 44.8132478485 44.5927695836 44.7301330916 44.9709082102 44.7445490918 45.0637366708 45.1149996897 45.0101034371 44.8765934374 44.5368014175 44.9946432089 45.1202188253 45.1640350434 44.5079549599
44.6100547745 44.5590944964 44.7655636604 44.6144640402 44.9932448201 44.6930163851 45.0350037941 68.0108658023 44.8114963092 44.5515382835 44.8097240229 45.0774185422 44.9277812703 44.572040587 45.1948134607 44.6697617262 44.9073065547 45.0457961242 44.7835048263 44.8192534977 44.9957977877 45.0577016903 44.7689029456 45.1622364239 44.6976702129 44.8842385086 44.6598648314 45.0316077101 44.5192123537 44.5917838516 44.5762288914 45.1635268393 45.1790989671 64.0688374003 64.0688374003 87.7407455356 45.1501877067 44.6025569937 45.0182897601 44.9641784805 67.2753362878 44.5718416404 44.6126990898 45.1244672767 44.896304098 44.7625323114 44.5030623492 44.9088438877 44.5251716562 44.6255958039 44.7478226446 44.796685676 44.5384174048
44.7506494379 45.1553501458 44.7838519855 44.5117188869 44.8254840596 45.0193846703 45.1737171049 68.0108658023 45.0016803013 44.7127781657 44.9694533745 45.1900818186 44.8953377406 45.1769654381 45.1354397232 44.9176295181 44.9097723571 44.868992496 44.671823863 44.9820427141 44.6706890251 45.0482790175 45.0037322284 45.0050381943 45.0249425655 44.9978233423 44.7749594412 44.7454641084 44.9465483986 44.9488457673 45.0626580844 44.5379774628 64.2415426648 64.0688374003 44.6211303269 87.7407455356 87.7407455356 44.9463386191 44.7080257584 44.771762158 44.8686852125 44.5342130451 44.8179431974 44.7960553685 45.2049270704 44.5297041257 44.5893913921 44.6678554855 56.6499146496 44.8269571423 68.822038413 65.6704785657 73.3048565075
44.669042285 65.7415666448 45.1364533644 44.7068791426 44.7392277674 44.8594909586 44.8151996816 44.7788046207 45.148020495 45.0205419238 45.1443552865 44.7884956497 44.9259853453 44.8425525462 45.0438350581 44.6320979868 44.6009819309 45.0300660529 45.0976999952 44.6584212248 44.8837795097 44.5952341467 44.9516562015 44.9143876756 45.175481384 44.522689731 44.6772149148 45.1008889197 44.583292736 44.8348692832 45.0812513795 45.023355291 45.0625982518 45.1135681355 44.8245181151 87.7407455356 44.826630135 44.9792224039 45.0873310701 44.7125751392 71.1284158179 71.1284158179 71.1284158179 44.6841616887 44.957018685 45.0760308243 45.090240153 56.6499146496 56.6499146496 68.822038413 68.822038413 68.822038413 63.5083638409
65.7415666448 65.7415666448 65.7415666448 64.0924936072 58.9012469164 58.9012469164 44.8963249734 45.1068702633 44.6770470631 44.8588641132 45.0300207567 44.771823681 45.0696079635 44.6891640261 44.7652196052 44.5480833565 45.1982511013 45.1044056649 44.5840259177 44.520339553 44.5379199378 44.5945981992 44.8974911026 45.1024661013 44.9683766003 45.1197111167 44.9422765296 44.5332315667 44.565557653 44.9808864923 45.1088205126 45.0917126684 45.1299434903 44.9977490231 44.5937673507 44.8906920684 44.9130385232 45.1042508402 44.9734726737 45.1494219793 71.1284158179 71.1284158179 44.7329320366 44.9949799007 44.8228802446 44.6692584871 45.0514980221 44.9493371136 56.6499146496 45.205503764 68.822038413 65.6704785657 45.0309712739
44.7352866644 65.7415666448 44.6653893726 64.0924936072 58.9012469164 58.9012469164 44.9503719763 44.7639068878 45.1190306774 44.8396404358 44.5069130635 44.7562220393 44.7740302277 44.6606756201 44.5340525694 44.7836342066 45.0009343736 44.5127549887 44.9054431938 44.6733096184 45.1365650419 44.8521634172 44.6482954724 44.7652567319 45.0229885526 44.9201283894 44.7542243123 44.7514821168 44.7685070762 44.5927142694 44.5182331299 45.0039153681 45.0702979916 44.9841391635 44.7248201274 44.5016446781 45.0863953858 45.014948756 44.9149969528 44.8739025096 96.8058140799 96.8058140799 96.8058140799 45.1097374246 45.0837894443 45.2017907443 44.5849118617 44.7257749501 45.135123898 45.1172617406 44.6739797411 45.0766402968 44.7083658359
60.8758397828 44.9311890132 44.8923603976 44.9070085816 44.6769775001 45.0522325992 44.535053645 44.6161290564 45.0623939104 44.9501851624 44.7370977034 44.6883865477 45.0089730425 44.6899827828 44.5980001966 45.1635703145 44.794514062 44.5314560283 45.1730405998 44.8675460477 44.6435631448 45.1844487001 45.1197306765 44.5821945963 45.0764515819 45.0110100661 45.2025499907 44.9179866345 45.0211415041 45.1369379939 45.156955829 44.9928428384 44.8932811855 44.6127844225 44.9767644443 44.5523829223 44.5579654267 44.7013711398 44.9456744275 44.632555554 63.8484487944 63.8484487944 63.8484487944 44.6206722952 45.1958578677 45.0311389703 45.1195414666 44.5754104715 45.1499573454 44.7867200673 44.6213829887 44.5742568526 45.0014792018
60.8758397828 44.9451479975 44.921306649 45.0255626678 44.8626258825 44.5148209006 45.0890838618 44.7937823414 44.5331263878 45.1602260325 44.9019631229 44.6843534293 44.5635180983 45.1190278736 44.6940764561 44.5919759496 44.5372372554 44.9545481846 44.7751272029 44.7223374523 45.0794499544 44.713079112 44.5793810505 45.0357446764 44.8919002968 45.033148579 45.2055784203 45.1912904154 44.675581513 45.196763018 45.0994724363 45.0976700463 44.7082246966 44.6058302431 45.0114140291 44.6594413918 44.9707242806 44.60883069 44.5016279053 44.5080486581 65.132730792 63.8484487944 63.8484487944 44.5959705641 44.7461234907 45.0913310335 44.6185488071 44.7711512693 44.8482564916 44.6927115894 44.5465055564 44.6846614726 44.6712711861
60.8464202356 64.6331213083 64.6331213083 44.9159648334 45.0113224392 44.856597784 44.9535211531 44.7479991336 44.6138836473 44.6970365145 44.8661478171 44.9952982058 44.7312242996 45.0931789923 44.6847918745 44.7196305812 44.9553127289 44.6190223187 44.726162722 44.5236970959 44.5749238456 44.9937089661 44.6701070695 44.9542330907 44.5642436475 44.8202822971 45.052463596 44.82094064 44.890558758 44.5238142379 45.0905359473 44.986870704 44.9294004049 44.505255828 45.1318656832 44.8905224428 44.6377598821 44.6248203258 44.5866978073 44.9059337415 44.8011830099 75.3861023489 75.3861023489 45.0622826465 44.5357728954 44.5275547842 44.8947242138 45.0747060535 44.5602232484 44.6518446056 44.7565662429 44.8066192843 45.1841221332
64.6331213083 64.6331213083 64.6331213083 74.9974058179 44.8751444297 44.6184420629 44.5133485857 44.9676653108 44.8271412902 44.7614602708 44.8269371536 45.1153733144 44.896747612 44.5592120902 45.0974697535 44.5113996407 44.8093604073 44.6520785802 45.055223334 44.927609625 44.8583680923 44.5473389238 45.1656139778 45.0468952691 45.058109054 44.5026815807 44.7168629088 44.6239523157 44.528473957 45.0885982802 44.6968833775 44.997170092 45.1340372406 45.1173740068 44.9166767121 44.991666126 44.7914019704 44.5556684609 44.8951713657 44.863479831 75.3861023489 75.3861023489 75.3861023489 45.0515418801 44.9033082757 44.5039984696 45.0348259842 44.6040613653 44.775130067 44.7714129576 44.9654051136 44.877734027 45.0368727745
44.8975014523 74.9974058179 77.8865609901 77.8865609901 77.8865609901 44.7296828342 44.9052085559 44.9895056211 44.5613031166 44.575996027 44.8767485908 45.1611079333 44.9452425496 44.8220172661 45.1054473788 45.0254117267 44.5686469491 44.7025758048 44.6577667123 44.5406881062 45.0878399657 45.08503972 44.7708919265 44.5459877256 44.7881665567 44.9408129554 44.5480121952 45.2011842016 44.6925270728 44.949218761 45.1269278827 45.1868708018 44.7842199728 44.7772250782 44.8416283137 44.9743627047 45.0620596416 44.5582757199 45.1135384676 44.5174756755 44.7711613366 44.8188122701 44.9898270664 44.9041366958 44.5867746868 44.6197830548 44.9099968127 45.2009820753 44.7038113288 44.8325712425 44.7130343854 45.1541763208 44.5069228323
45.0047548776 44.5414767203 77.8865609901 77.8865609901 70.1840214369 68.0750348824 45.023064978 45.174166605 44.523482903 44.8371713715 44.799984499 44.5865268319 45.0142392365 44.6419775948 44.5014686908 44.7676625059 44.9304222562 45.0865763517 44.9955755381 45.1475219614 45.1243552565 44.8856013694 45.1462728018 45.1899565939 44.9709534371 44.5316551935 44.9456678255 44.5127874919 44.7257398005 45.1216292316 45.186947049 44.9581921965 45.187493173 44.7617480258 45.1987332379 44.7894502264 45.1619470519 44.7067457433 44.5475003093 44.7365012135 45.1389085907 75.2061809975 75.2061809975 44.5094107398 44.6572295991 44.586220293 44.6884170555 45.0086366675 45.1866984501 44.5487926643 44.943166507 44.7154105127 45.1468644367
45.0697480405 44.8611287962 77.8865609901 70.1840214369 70.1840214369 44.6450517442 45.0788889752 44.5191335855 44.8677328615 44.5828959145 45.1479421765 45.0348918147 44.9379043269 44.6692251707 44.8219472956 44.8052721632 44.6580048174 44.7422257687 45.1804773944 45.0127829435 44.6777874529 44.6181601813 44.6219198557 44.7363339238 44.8394968218 44.7009363668 44.5303727789 55.1589648063 58.8114865315 58.8114865315 44.7066350827 45.0319173543 44.7115534298 44.887836598 44.5220978564 44.9319521299 44.6220341067 44.6634835533 45.054909042 44.9967492894 44.6967923784 75.2061809975 75.2061809975 60.9360799625 45.0159311176 44.64442822 45.0817933055 45.1614378795 44.9832447525 45.1967601054 44.8444724262 65.6680148819 72.6566839403
45.0118062616 44.693865043 67.537035045 67.537035045 70.1840214369 70.1840214369 45.1785758924 45.1900926085 44.7184170735 44.9527588436 44.5222326264 44.6417361103 44.8319011342 45.0667053462 45.0576750174 44.6679564809 45.1741042119 44.9002265696 44.7767146202 44.7966370453 44.7803234389 44.6666283668 44.6925171301 45.1727868045 45.0187549941 44.6449389872 45.1283524866 58.8114865315 58.8114865315 58.8114865315 44.7233064874 44.7171038003 45.1004395709 44.708913785 45.0073674914 44.74879469 44.5792858882 45.1679257673 44.9468853874 44.6902516926 44.963002644 44.6690908559 44.5053434198 45.069454698 44.7751941007 44.7092182375 44.6959422938 69.0166339104 66.1140037891 60.5250084664 60.2628999172 64.539144174 72.6566839403
44.8485798463 44.8088432257 67.537035045 67.537035045 45.1020863696 44.8547729224 44.9961622816 44.8002460739 44.5088007918 44.5929759822 44.6950196689 44.5099832182 44.9272926313 44.6798873926 44.5735219116 45.1569475644 45.0268239106 44.7181531723 44.7862286762 44.8058745964 45.068250559 44.7266868658 44.5685521822 44.8798884404 44.5930556698 56.3816953435 44.5636702615 66.6854432389 61.9236364452 68.0189481475 73.1895589405 74.9707621553 81.9973335964 44.508392575 44.9192901413 44.9061305883 44.7539932706 44.7732077165 45.0727389305 45.1361655969 45.0888961182 45.0825282627 76.4581813073 45.1324516922 73.7810495459 52.4822450242 52.4822450242 68.8456918961 66.1140037891 66.1140037891 60.2628999172 44.9321584148 64.539144174
44.9092291648 44.9124809161 44.7592142885 44.9490247968 70.7731853559 70.7731853559 70.7731853559 44.915061141 45.0894205803 44.6309321287 44.5736987687 45.1798185686 44.9107313802 44.710976877 45.0687599038 44.7383155684 44.8038689645 44.7523528563 44.9923008748 72.3845844187 44.8512172661 73.9775671031 69.0512420498 54.2298461311 71.9269378109 92.5804223773 61.3458579476 68.0189481475 86.3124433265 86.3124433265 74.9707621553 74.9707621553 81.9973335964 81.9973335964 44.7006064786 44.9916921142 52.6338850162 52.6338850162 44.5682360166 44.8950217229 45.1186509995 76.4581813073 44.9534288608 76.4581813073 57.8046232093 52.4822450242 52.4822450242 52.4822450242 66.1140037891 66.1140037891 62.8822058647 45.0143330722 44.7241325451
44.8496962649 44.554037191 44.6774757604 44.6780143812 70.7731853559 94.9008867712 94.9008867712 44.7027437088 79.1340344401 44.5257565042 44.8959601086 83.7350450172 63.4672312646 44.7756890009 63.2724206973 64.0038619311 64.0038619311 74.7744409809 74.7744409809 44.8304337251 73.9775671031 73.9775671031 54.2298461311 54.2298461311 54.2298461311 92.5804223773 61.3458579476 61.3458579476 86.3124433265 86.3124433265 58.7957566953 74.9707621553 81.9973335964 81.9973335964 44.6287711678 45.1251318187 52.6338850162 52.6338850162 44.8998290986 52.799535165 45.1108604791 52.799535165 44.8225100748 61.4672504465 57.8046232093 57.8046232093 52.4822450242 44.5808808617 44.5209884008 45.00228357 44.6303860558 44.7203918069 44.7742504114
44.7812447504 44.7647610993 44.955215827 44.7198295894 94.9008867712 79.3470738901 54.6800703862 54.6800703862 79.1340344401 79.1340344401 83.7350450172 83.7350450172 45.0962992155 63.2724206973 63.2724206973 64.0038619311 74.7744409809 74.7744409809 74.7744409809 72.3845844187 44.5035723161 73.9775671031 44.6418509323 54.2298461311 71.9269378109 92.5804223773 61.3458579476 44.6024934318 64.2548214704 64.2548214704 44.9515175008 44.5351019611 81.6616032554 64.912213761 44.8895250112 45.1578842365 52.6338850162 62.9243329903 44.7194838973 44.5981259133 45.0079694751 44.6566766081 45.1439887973 45.1908543496 44.8949977986 44.9921061855 44.8037256264 44.9893037767 44.5212845622 44.8814353656 45.1861942947 45.0366685473 44.6689317863
45.1007868441 44.6944846262 44.6974098638 44.8776551087 45.0800093154 56.9350801094 56.9350801094 56.9350801094 79.1340344401 79.1340344401 57.0989208863 83.7350450172 44.6677157906 44.9239464682 63.2724206973 44.7938024756 44.5869817775 44.5149895316 45.1541109012 44.6735374946 44.562940668 44.873725498 44.7108966886 44.5743301587 44.7018020545 44.6170830061 45.0041507011 44.7220584336 64.2548214704 64.2548214704 63.1971978029 44.7829883708 44.6616488465 44.6014684695 45.0843210481 45.1123726021 44.9899929872 44.9654966485 45.0596050544 44.8691129779 44.7817017689 44.773403062 44.6833739748 44.8103315667 44.9058778148 45.1922072119 44.6725600236 44.9543848945 45.0686546894 44.8378335609 44.6122788742 45.0781091772 44.6250016635
