Spatial_Output/BAU/BAU_1146.asc
NCOLS 155
NROWS 192
XLLCORNER 196307.867259
YLLCORNER 449144.565805
CELLSIZE 33.573938
NODATA_VALUE NaN
[rows 150 to 174 of 192, columns 56 to 111 of 155]
27.6495521181 27.8301221848 28.1128756263 28.1537892094 27.5737686706 27.7380198757 27.937846486 28.1537198235 28.0742862152 17.2054810739 32.394302514 23.6792385278 27.6970746378 28.145403006 27.7875636047 27.6085768519 27.8225150932 28.026873012 27.8781061892 27.8326136058 27.5465446641 27.6510873257 28.1057492118 27.6250004943 27.6715211264 27.7677062136 28.1287703826 28.1935567243 28.0075208382 27.8376040166 27.8239650907 27.8687602552 27.9810182622 28.136991868 28.0637939213 27.9189977695 28.1415656381 27.5729742939 28.1844462198 27.933704188 27.6722269202 27.8867088836 28.1651428444 27.970401182 27.9364831572 27.6775465657 27.7000429046 28.0168626773 27.9428090025 28.2045471699 27.6741778212 27.9826373376 27.6518558302 27.9486012852 27.8557272995 27.5005750328
0 0 27.9046507904 27.5253178039 28.1955065337 27.6913160612 27.5159052682 27.7331361992 27.9053023891 13.0046745513 31.1483163103 16.4781872162 27.6291617851 27.5571188814 28.1414333092 28.12936923 27.8627900245 28.1940086911 27.6435121863 28.0543614777 28.0195240036 27.5769804186 27.8863478335 27.69032745 27.7949628076 27.5373314171 27.6241739677 28.0516006751 27.6961889227 28.1444474298 28.0139417735 27.6323720036 28.017866485 27.7994891594 28.0140184218 28.1383700341 28.1905111117 27.5781110614 28.0368151269 27.8647002425 27.5088071584 27.9992560932 27.777941219 27.9060952566 27.8168409721 28.1314132305 28.0608729737 28.1127341806 28.1433834779 27.9940188774 27.7120028671 27.8725333567 27.7820523253 27.9487862494 27.7591968325 27.7162832929
0 0 0 0 0 28.0104103278 27.5019892411 27.7630875947 27.9354876716 22.8859525701 19.5109538103 16.2180843696 27.8239454332 28.0260528376 27.8095682587 27.7217063906 28.1614694472 28.0297784014 28.101355048 27.8843442543 27.5389402034 28.1058213772 27.8931473534 27.7278479607 28.1127706441 28.1160469872 27.5376718413 27.5980696888 27.6487592851 27.8691712221 27.5706103677 27.7264484116 27.5991159564 27.6431808344 27.5876527447 27.6383270383 28.1964357246 27.509241596 27.5097454883 27.678081422 27.6805220631 27.6222786571 27.670943974 28.1276547413 28.1071091277 27.8436075177 27.9700204292 27.8957415192 28.0548229204 27.670159072 27.9903669432 28.1291061674 27.7206534576 27.8722559228 27.5988709402 27.8617587902
0 0 0 0 0 0 0 27.5625326441 28.1618884814 28.0602986747 27.7150891113 27.710501726 28.0875236271 27.5187795939 27.667708812 27.6686558723 27.9624154715 27.7917911688 28.0337166573 27.8299192495 27.6563909274 27.8129296425 27.996977412 27.8076790146 27.7944385692 27.7942751086 27.5505536284 27.8785984101 28.034580956 27.8680387821 27.933747999 28.1954392621 27.7527340056 27.7232129805 27.6761295503 27.7290737318 28.0198525231 28.1136003954 27.55811125 27.7230756486 27.8345884259 27.5955761608 27.9867404323 28.0983830247 27.7457428797 28.188834165 28.0033967333 27.8705552712 28.106492719 27.7272887606 28.0191228993 28.0143074465 27.5825374172 27.6794449729 27.6123645397 27.7371999451
0 0 0 0 0 0 0 0 0 62.9515991428 27.5863781261 28.1813037227 27.9743999211 28.0988129783 27.5182863198 0 0 27.7558784181 27.7253266744 27.9168494223 28.1382468151 27.9768920256 28.0972999924 27.8689748865 27.7048425347 27.5481754808 27.7328846569 27.7632483322 27.7123107674 28.1559904789 28.0438523615 27.7558216061 27.7187872111 27.5701270773 27.7036490604 27.7033905211 27.8639136672 27.656956617 27.5834798639 59.8093075893 27.8765656013 27.5389365845 27.6830865875 27.7033121378 27.8029555374 27.6203869058 28.1630997179 28.0928080308 27.9480808786 27.7844919675 27.5243954442 28.142584284 28.0755127692 27.5960865784 27.5304847403 27.5060782571
0 0 0 0 0 0 0 0 0 0 73.0801820906 60.6119895237 73.0801820906 46.2974002521 0 0 0 27.6534677534 27.6367529983 27.8894424553 28.0464575562 27.536595996 27.8435666038 27.6700464063 28.0877426583 27.8517847576 27.8192307289 27.5886301129 27.819673551 27.9839914943 27.8495431087 27.5457022593 27.5882709072 27.79862701 28.0172565349 28.0843973629 27.8680696812 28.0232710469 28.076215628 27.6638338152 62.7816170185 62.7816170185 27.7921650136 27.8345745081 27.685431902 27.6507654386 27.5871554668 27.5537871015 27.6146261627 27.6993563063 27.5828195788 28.1861599571 27.6936921947 27.8227222436 28.0111948456 28.1264938538
0 0 0 0 0 0 0 0 0 0 47.1463193062 46.2974002521 63.0968988362 54.4228008528 0 0 0 0 27.983223874 27.672848691 28.0836607706 27.5327711675 27.8120340707 28.123079223 27.5821575612 28.1115256807 27.8411521648 27.7148081745 27.8247041502 27.7139896931 28.1193317555 27.7586200221 28.1221122505 28.0409626871 28.0553414918 27.8128149446 28.0833495754 27.5996247139 28.1536339802 62.7816170185 62.7816170185 62.7816170185 28.085471323 28.1120037754 27.8209884828 27.7072391652 27.9668620048 27.7560872637 28.1417514864 28.1419749071 28.193302283 28.0217465115 28.0790604549 27.9285597369 27.5177572589 27.7796249923
0 0 0 0 0 0 0 0 0 0 0 54.4228008528 63.0968988362 63.0968988362 59.0619704467 0 0 0 0 27.7026990067 28.1797856213 28.0424506497 27.5346013636 27.7214994311 27.982183413 28.0103391797 27.9875348284 28.1560223397 27.8993398224 27.8973113134 27.8935452315 27.6426780307 27.9458012953 27.9973838971 27.914634731 27.5818451684 28.1967695996 28.0448247014 27.6687906655 59.4960448148 27.777463993 59.4702570602 28.077767144 27.7473246418 27.5261375345 27.9726257461 27.6448208677 28.0927169058 28.0294021917 28.0189057984 27.8218195895 27.6171250629 27.6004567515 27.5175186949 28.1953673099 27.5147495431
0 0 0 0 0 0 0 0 0 0 0 63.0968988362 63.0968988362 59.0619704467 0 0 0 0 0 0 27.921488455 27.9811316768 28.0144796204 27.8623532994 27.5362394163 27.5326626908 28.0658200856 27.5486396705 27.9914506718 27.8611663424 27.664837415 27.6900778156 28.1989467688 27.6464210977 27.8818780061 27.6896890893 27.523647246 27.908198864 28.025776239 27.5208057386 59.4702570602 71.8015896306 71.8015896306 27.7207359024 27.6348674 27.7732000673 27.6078999674 28.0770521603 28.0624649095 28.047953596 27.9039625505 27.588161024 27.5563720624 27.8915285168 27.6085520792 28.1874455338
0 0 0 0 0 0 0 0 0 0 0 0 0 0 0 0 0 0 0 0 0 28.1944056866 27.9253875069 28.1849924595 27.5857598254 27.7009384279 27.5196869475 27.8635811737 28.033114863 27.7376303552 27.9621147731 28.0394349139 27.5776322821 28.1310424049 27.9935043407 28.1608494273 27.9293397438 27.5591643113 27.624828856 28.1150502888 71.8015896306 71.8015896306 71.8015896306 60.6402622264 27.6933348 28.1465354755 28.1688934061 27.6593833252 27.6856572535 28.1407916964 27.534165398 28.0618087612 28.0935411043 27.6620608465 28.0726447584 27.6257462818
0 0 0 0 0 0 0 0 0 0 0 0 0 0 0 0 0 0 0 0 0 0 0 0 0 27.5542422784 27.8198421706 27.6564930328 27.5439107429 27.9973966644 27.7793047767 27.5988714431 27.9282207202 27.5905779637 27.7287584965 27.9951180573 27.864055049 27.6778633367 27.7087308934 27.7892077874 28.1751787671 60.6402622264 60.6976652463 52.7537687495 27.9150612557 27.8564385494 27.5535281866 28.2013668265 27.9856517805 27.7783766372 28.114329356 27.6122682671 27.7056090864 28.1704186911 27.8256333813 27.6835957195
0 0 0 0 0 0 0 0 0 0 0 0 0 0 0 0 0 0 0 0 0 0 0 0 0 0 0 0 0 28.1681804722 28.1840891159 27.7497699413 27.7029850733 28.1538764387 27.7823432296 28.0948400199 27.8609875742 27.9370429534 27.640889592 27.6632946082 27.7582474022 52.7537687495 28.0802947973 72.6715024886 28.1807815517 27.7747640481 27.7753829642 28.173364281 27.9398329774 27.5448548182 27.7946022568 27.5849534417 27.900728965 28.1813744975 28.1264754016 27.6811398643
0 0 0 0 0 0 0 0 0 0 0 0 0 0 0 0 0 0 0 0 0 0 0 0 0 0 0 0 0 0 28.0019805891 27.6437937434 27.966984159 27.7276304072 27.9844653085 27.5540207581 28.0471193082 27.8362314437 27.919075801 27.9498020209 27.8899019355 27.6472256219 58.0182736456 58.0182736456 58.0182736456 28.1480121814 28.0959192851 28.1250985433 28.1405942605 27.8915325869 28.1180125335 27.7276475991 27.5362507743 28.0235809073 28.1856975944 27.9391689157
0 0 0 0 0 0 0 0 0 0 0 0 0 0 0 0 0 0 0 0 0 0 0 0 0 0 0 0 0 0 0 28.0965021837 27.5269101799 27.5659123085 27.7547339239 28.1964869292 27.6139878778 27.8576889929 27.5384770335 27.5810601189 27.8916884277 28.1935760702 58.0182736456 58.0182736456 47.9811835458 27.7284207941 27.5123450699 28.022343513 28.106427432 27.7697625683 27.8683484538 27.5452462924 27.5977803495 27.5530593411 27.6307283535 27.7887813972
0 0 0 0 0 0 0 0 0 0 0 0 0 0 0 0 0 0 0 0 0 0 0 0 0 0 0 0 0 0 0 0 27.6349849715 27.5862961137 27.5080863841 27.8966536443 27.7400823318 27.7240400065 27.6644751602 28.0520272601 27.9933245111 27.9651530104 61.6898469892 47.9811835458 47.9811835458 27.5056829362 27.9358344302 27.568223402 27.7475814385 27.5557544465 28.0126232965 27.9449372102 27.848105341 27.7301041381 27.9022390474 27.5003744772
0 0 0 0 0 0 0 0 0 0 0 0 0 0 0 0 0 0 0 0 0 0 0 0 0 0 0 0 0 0 0 0 0 0 27.5647228916 27.9427808393 27.9444937018 27.5521156204 28.120948137 27.7849641874 27.5884955804 27.8094099406 27.5662474944 27.6712391222 39.9862408389 27.8254836213 27.7472274414 27.7081754296 27.5704660697 27.7497098736 28.1073435258 27.8666889619 27.5492541511 27.7782668184 27.6759629135 0
0 0 0 0 0 0 0 0 0 0 0 0 0 0 0 0 0 0 0 0 0 0 0 0 0 0 0 0 0 0 0 0 0 0 0 28.0233033689 27.9372875818 27.5852741265 27.6823535225 28.0917533793 27.5410641426 27.759538462 27.8650165987 39.9862408389 39.9862408389 39.9862408389 27.6493816227 27.9523451553 27.5338468639 28.0659482589 0 0 0 27.6003900862 27.7930405169 0
0 0 0 0 0 0 0 0 0 0 0 0 0 0 0 0 0 0 0 0 0 0 0 0 0 0 0 0 0 0 0 0 0 0 0 27.7940192638 27.8003729487 28.1432017904 27.7311698809 27.599928491 27.5683142071 27.8230865436 27.7715616119 39.9862408389 39.9862408389 76.4565146146 27.9620586997 28.1403138716 27.9800329313 0 0 0 0 0 0 0
0 0 0 0 0 0 0 0 0 0 0 0 0 0 0 0 0 0 0 0 0 0 0 0 0 0 0 0 0 0 0 0 0 0 0 0 27.8640558626 27.8836033445 27.5426233969 27.5404847728 27.9743924707 27.6257276424 27.8349939668 28.0317297932 72.0887980604 27.746536717 39.0134188599 27.8356811625 0 0 0 0 0 0 0 0
0 0 0 0 0 0 0 0 0 0 0 0 0 0 0 0 0 0 0 0 0 0 0 0 0 0 0 0 0 0 0 0 0 0 0 0 0 27.7582153459 28.1172206434 27.5561947743 27.9008621261 28.2008206118 27.8786389114 28.1959608323 72.0887980604 39.0134188599 39.0134188599 66.2057136199 40.8521564384 0 0 0 0 0 0 0
0 0 0 0 0 0 0 0 0 0 0 0 0 0 0 0 0 0 0 0 0 0 0 0 0 0 0 0 0 0 0 0 0 0 0 0 0 0 27.5253873459 28.145295896 28.0640792304 27.6818211804 27.9672774768 28.117064533 27.6528373545 39.0134188599 28.2512275621 16.5816484164 30.909951688 0 0 0 0 0 0 0
0 0 0 0 0 0 0 0 0 0 0 0 0 0 0 0 0 0 0 0 0 0 0 0 0 0 0 0 0 0 0 0 0 0 0 0 0 0 0 27.9160982498 27.9272322078 28.0469360844 28.1249142257 28.0220911723 27.6756638263 28.1836443393 12.3795544118 18.1032009737 14.5099824121 63.9801024163 0 0 0 0 0 0
0 0 0 0 0 0 0 0 0 0 0 0 0 0 0 0 0 0 0 0 0 0 0 0 0 0 0 0 0 0 0 0 0 0 0 0 0 0 0 0 27.6287874239 27.7143383507 27.6216582536 28.1929193428 28.1383699505 28.0648247077 22.0440517497 27.7571175608 22.7963958646 50.0973701816 46.3258867338 0 0 0 0 0
0 0 0 0 0 0 0 0 0 0 0 0 0 0 0 0 0 0 0 0 0 0 0 0 0 0 0 0 0 0 0 0 0 0 0 0 0 0 0 0 28.1565128638 28.111534633 27.9357076013 28.0532012352 27.7939732534 0 0 60.3341391148 50.0973701816 50.0973701816 64.1310367568 35.5718391817 0 0 0 0
0 0 0 0 0 0 0 0 0 0 0 0 0 0 0 0 0 0 0 0 0 0 0 0 0 0 0 0 0 0 0 0 0 0 0 0 0 0 0 0 0 27.5264856446 0 0 0 0 0 43.2470021843 46.3258867338 46.3258867338 65.9706786242 45.6729042269 0 0 0 0
