Spatial_Output/BAU/BAU_1006.asc
NCOLS 155
NROWS 192
XLLCORNER 196769.923733
YLLCORNER 449719.875193
CELLSIZE 27.603701
NODATA_VALUE NaN
[rows 46 to 68 of 192, columns 53 to 105 of 155]
44.6935125785 24.9235023312 24.4248976268 25.1235612722 25.106741682 69.122988183 24.4427462189 23.7750850939 25.5360252239 25.3459621094 24.2725716182 25.4339661812 24.7848344302 25.3060961103 24.392915664 43.0149317443 43.0149317443 25.6076520554 24.0844927697 23.6469931145 24.5873664756 24.596967002 24.4256551247 25.2985727712 25.1143700465 24.6217083026 23.6377668772 24.4924983693 24.7237306335 24.6346785872 24.9495743997 23.5779550023 23.5355149966 25.1496497319 24.1506009772 25.3977062188 25.1893836502 24.6520672385 24.2176660834 25.2391028709 24.3606527218 23.5556833003 23.8795405993 23.7412914859 24.3274016765 25.5723223538 23.5958933415 23.6936556379 24.656056048 23.5531756908 25.2354199493 23.7853204198 23.9916271198
25.0498798178 25.092977975 25.0392571848 25.2844730778 25.2646857278 25.3384568126 69.122988183 24.1015869794 24.3545411027 25.1039967553 24.6043647996 24.1340688599 24.7131793233 25.5753110685 23.6967189192 25.6056306383 36.5236840174 25.1237318986 25.2728674913 25.0896393987 24.2048484004 25.0604885676 25.0102739263 24.0274301964 23.938047052 23.9291822865 23.7634150454 24.6852741175 24.8836967221 25.1797466696 25.6139178805 23.51378968 23.736257606 25.2022075305 24.6931828901 23.8971023504 25.1564172289 24.3545748701 24.2397945669 25.5731249299 24.6580957788 25.3157248905 24.5901332711 24.2201658376 23.9903667028 25.5970941688 24.3637694326 24.9419345475 24.9812692191 24.1002767818 24.184263201 24.9051685951 24.1251813738
57.1824175051 57.1824175051 25.4477637195 25.6203423932 24.8609861949 44.4086791527 44.4086791527 23.9902576223 24.8037582243 24.4842274884 24.9547672194 24.641362144 25.1610678246 24.281072814 25.5789209909 39.4673763565 39.4673763565 39.4673763565 23.8330387138 23.6540412015 24.7592195853 25.1840902177 25.3094842577 24.5622523188 23.769538031 25.1921849597 24.1351604311 24.2901754505 24.3763666764 23.9634231393 25.5309006232 24.9586810353 24.5797821624 24.7493743005 23.7775295311 25.3143417949 24.5409639573 25.0577004607 25.0557182119 24.249630767 24.0075005591 23.9018620512 23.7742238172 25.3252951897 23.5118826177 25.1283323089 23.6993748043 23.7391966281 23.8003465185 23.5008683152 25.3283583381 24.5006410969 25.2965333959
57.1824175051 57.1824175051 23.8551752497 25.0515049312 70.1770684842 44.4086791527 44.4086791527 44.4086791527 24.4364185015 25.3099565819 23.5303532224 23.9344066933 25.5266449059 24.1245815614 23.8023548191 23.8297487462 39.4673763565 25.4193373667 25.4242713444 25.0821815415 23.5099756939 25.3850536359 25.1889111832 23.9017757673 23.8806247258 25.0951242257 24.9786703492 24.2204421922 24.2721726924 23.6754184369 25.2322217795 23.6407160081 24.2721356137 23.7521734146 23.9857545812 24.6944441005 25.2417927414 23.9955463698 25.0525631293 23.6941111085 24.3548630771 24.349763476 24.0142838522 24.9152368142 24.9664678049 24.7932518189 24.4768123717 24.1553408592 25.211318554 25.4782158067 25.130727024 23.518339822 23.7342843407
50.1977946426 50.1977946426 25.1573759102 24.2476237322 49.7956339021 49.7956339021 49.7956339021 24.7997788995 24.9901868331 23.5444250101 23.5000267078 23.8722034797 24.6375761248 23.9424412166 24.8808567303 38.902738876 38.902738876 24.3231084876 25.4075579029 25.2043856331 23.9026401223 24.1147299737 24.1066813782 23.5828576213 25.120106372 25.3975988806 23.8939756151 24.0007165287 25.460131919 25.2251530973 24.2115533446 25.0531276694 24.9308954601 23.8290115612 24.8059973328 25.4489308663 25.0299166333 23.9401507182 23.6746448358 24.3353405605 23.7583702591 25.034041376 25.0470068941 24.8137436755 25.3587994279 24.7627373412 23.8810193748 24.57216956 24.2540810384 24.636589354 23.756191573 25.2472484084 24.3061909566
61.3980119722 61.3980119722 24.6280037951 24.061777877 41.7374929654 41.7374929654 24.0128516754 24.9159697745 25.3271969255 24.5060515847 24.1708852856 24.3054347361 25.5826078486 25.1469771041 23.7841715124 38.902738876 38.902738876 38.902738876 24.8996867244 23.7052724479 25.3793298041 24.2376369293 25.1441877059 23.980140627 25.5583751762 24.3505177455 25.0784581006 23.8567301524 24.8567638026 24.7055682005 24.5431736163 23.8102807602 24.3766142885 24.674597349 25.1226326627 23.960826666 25.1686969315 24.3366297758 24.8813319085 24.2036635336 23.9745568692 24.6407870553 24.451584322 23.6247334009 24.7339599987 25.4290598802 25.4379770881 25.0255998862 25.0669312505 25.0040075651 24.5870750922 25.0288109116 25.5534282269
62.3156634257 62.3156634257 24.6148581347 23.5470332824 23.9365494069 41.7374929654 23.5297981735 24.502547983 25.3562629098 23.7556008873 25.4135064938 25.2774319999 24.0092432892 25.5670823303 25.508170346 39.0177539387 24.1966815321 23.5712734096 23.7518216079 24.9039249516 25.2949274423 23.5342627967 24.5995484422 24.1753168299 25.5738526746 24.157113337 25.5007026513 23.9825269756 23.970642752 24.914177209 24.4861279965 25.532321959 24.7953042318 23.912950247 24.4481629219 23.5362237044 24.8299417246 25.412479587 25.022994004 24.9646658504 25.5654740904 24.6156203993 23.7500719177 24.7063942913 24.7540750165 24.3182238321 25.5831344019 25.0298946028 23.7498303112 25.4593322473 23.731191921 25.4712755066 23.6106782075
62.3156634257 62.3156634257 35.2238357414 25.3639580916 25.2885257173 25.004373129 24.7333931281 24.5596282675 23.9997374712 23.6603261457 24.663707791 25.4712429287 25.0730283909 24.9730718927 23.6825731395 24.2986622309 52.7805707373 24.2668908987 24.0121035974 24.131385764 23.5146715594 25.3314675291 25.1621150674 24.1180566228 25.4041721128 24.8907531258 24.2184689068 24.9057543598 24.1219986342 25.1319355613 24.2330931198 23.7710356841 24.7054462403 23.5835606182 23.9237273346 24.6965770408 24.4072709244 24.3919766249 24.9978874664 24.033622616 23.7129292431 23.6414247459 23.6614708375 24.8788353126 25.3368340662 23.5395560977 24.7611951753 23.7666570103 25.5754180765 24.8706412784 24.0737023758 25.2202848212 24.8311047758
24.4531519862 75.4632143783 75.4632143783 35.2238357414 23.6075201177 56.9625023475 56.9625023475 24.5846491404 23.7981273994 24.2841512825 23.9184973132 25.5811522821 25.0538887211 23.5255102308 24.7065101385 52.7805707373 52.7805707373 52.7805707373 25.3762855117 23.7866688987 24.1356717291 23.6692200004 24.6153711763 24.9301110294 25.5931602854 25.3076680523 24.494691032 23.9051508548 23.7844172757 24.9615622714 23.8253147788 24.1838496985 24.6523076552 24.1816853009 24.9048937666 23.6521786827 23.7399147872 24.0259904427 23.5354615656 25.1190963072 23.5002146076 23.8548849377 23.7130788561 24.3559250761 23.9396438569 23.7683221619 23.9629545806 24.7284280057 24.8187322941 24.4703446151 23.5819562239 62.2403221013 62.2403221013
23.6171334991 23.8199700389 75.4632143783 23.8360076663 62.3119700704 56.9625023475 56.9625023475 24.0291645044 23.8939047905 24.6187681003 24.4067677256 24.5102820772 24.3732380442 25.5852484541 25.1856599008 24.0332847204 23.7738427129 24.7903220556 24.5671512003 23.8906216435 25.0410387814 23.859584313 24.8568439762 24.0528511609 24.1091663475 25.4421491755 24.3353032336 24.8220423668 24.4671921799 25.529926253 23.7841801753 24.9243946675 24.211965337 23.6774106149 23.8006230254 24.9779572838 24.7361069035 24.0328519072 24.9584382017 25.4607131764 24.0067217117 24.5466725711 24.089137651 25.2844897818 23.5146006331 24.1720943954 24.6976099215 24.0009516378 24.4573436436 24.8533077684 25.1793015303 25.3832402002 62.2403221013
24.3870138929 24.5687289496 23.9662803592 24.707352171 62.3119700704 62.3119700704 25.1025339174 23.6047131493 24.1797253309 23.7347179774 25.2630017043 23.621992981 23.687861646 24.8492387516 25.4262463679 23.5548106669 23.9263148316 23.9514700567 25.4450875687 25.392530069 24.0399201444 25.2516400219 24.1717723805 24.0901555064 23.5935899623 24.0261088618 23.8807196386 25.422713216 25.215969547 25.4076873425 23.8123810581 25.0752049383 24.1368289511 24.8242042094 23.813026181 24.6277905986 24.7349347536 25.1592395064 24.3789673147 24.9907710987 24.4363277394 23.5470713195 24.5473883753 25.0930131584 24.4953553533 23.8394053181 25.0272551779 25.0498797249 25.4402758269 23.7835488051 24.2372321569 25.5132700632 24.0906853395
25.0055067116 24.7399352885 24.6898555926 24.9019429114 24.3160502373 24.9349416401 23.739928737 24.4841251317 25.33390582 23.9913312885 25.1859174808 25.2910933016 24.9088403921 24.990859854 25.2214241104 25.1604943939 23.7257927806 23.7257781078 25.6003877287 25.3011358228 24.4454112061 24.756367952 25.6076485332 25.2685378513 25.5799609805 24.7488772723 25.4335997905 25.4372630056 23.7328570132 23.8232270273 25.3552430711 24.6646096747 25.1436444374 24.1138302442 24.2841045474 24.5481458644 24.4816659985 24.0494469113 24.7492171884 25.1342010896 24.5637240412 24.2069582179 24.2703373138 25.0538877448 24.4153480053 25.0473332455 24.6607578753 24.7839483301 23.6401724145 25.195637024 23.9114874003 48.4858928313 48.4858928313
24.344668059 25.3057335603 25.4887930738 60.221161477 23.6926006055 41.888766261 23.8581199953 25.1644342815 24.0486018763 23.5105417442 25.4790322134 24.3483500737 25.3637051024 23.5331924316 25.1561992028 25.0453676854 24.977798952 24.2915366438 24.4799274591 23.5520350695 25.2133764496 25.2933536697 25.2777438059 24.8272544566 25.4614711326 23.8157405117 23.8835824913 24.8598668589 24.630450295 24.8311440078 23.6159085584 24.6198836257 23.6966748951 24.5171041143 25.296953208 24.4358715614 25.0916809628 23.7679936691 24.9724293987 25.0290105262 24.6640679286 25.5624427152 24.5430968173 24.4103038829 23.896411342 23.6313728266 23.7964722282 24.0100677119 25.4128545516 25.6192733067 24.1211638947 48.3873849436 48.4858928313
23.6679449881 25.3646046504 25.2415674521 60.221161477 60.221161477 24.6033128356 48.2445320626 48.2445320626 25.0523152002 24.7797232211 24.5572408812 24.5374842266 24.1565072392 24.5286327952 24.9011921821 23.5022452059 40.9833274199 25.3667124479 23.5001939777 24.0562563787 23.804539246 25.3243109143 25.290102188 23.9208435996 24.101160865 25.2134062474 25.1499244816 25.5355422654 23.7848303886 25.6195769573 24.7106755664 24.8317899202 24.9112329156 24.1163161223 25.0464099894 24.4815854236 24.2721827739 23.7840258863 23.6332728295 24.5544853182 25.4006146792 24.3441529393 24.455793633 24.6394279321 23.7640118975 24.6570363517 25.3109017303 24.6286492705 23.7144688845 23.885792803 23.7724627747 23.9985516131 48.3873849436
40.5741359957 23.6484049469 25.5373551832 60.221161477 60.221161477 48.2445320626 48.2445320626 48.2445320626 25.3184378136 45.2808340691 24.124966629 37.3641827071 36.5840824818 24.6932365742 52.608070843 40.9833274199 23.5061445424 23.9608402982 23.5615474656 24.5773218882 24.9155942169 24.0855370233 24.5180790779 24.1094988401 25.0075653991 25.3521605533 24.1128559168 25.5831581786 23.7652055011 24.864157135 25.1920289557 24.1155353385 23.7914712266 23.8041122026 25.0936071026 25.2897254265 24.1071652657 24.0610378142 25.3220702135 24.0621816625 25.223424038 24.5615136719 25.0446781957 24.3729225134 24.7211541382 24.4302271833 23.8951248328 23.869971569 23.8287013031 24.2979365879 24.7165459776 25.5790109128 25.2738727182
23.8937753401 23.7846696086 24.4327084549 48.3963420605 24.3227704509 44.9331978294 48.2445320626 24.1171340157 24.16246524 45.2808340691 25.5034834947 37.3641827071 37.3641827071 36.5840824818 52.608070843 41.4849106998 41.4849106998 25.0823812418 24.6183598109 25.5050528818 25.358025001 23.6352152482 23.7729761891 23.8879330852 24.9819751956 25.2690412628 24.1296918065 24.6010450804 25.5093016434 25.566652007 24.6558418958 24.2723246003 24.071995048 24.1333360942 24.8136870739 23.9306002306 24.1352896818 25.1922047777 24.2456129002 25.5635099517 25.1874910879 23.5945832057 25.2087688271 24.3354082478 25.5655479998 24.0164187749 24.4155110113 25.1456098566 25.164213813 24.9121651577 23.9697307221 24.3213593758 57.2342946398
25.3963020809 24.3668593812 23.5337903726 23.7765366888 25.5641617129 23.9684742799 50.9156201932 50.9156201932 24.4616334536 45.2808340691 25.2686602994 37.3641827071 24.6859575778 25.3904951899 52.608070843 41.4849106998 41.4849106998 25.3144641489 24.8337165755 24.6669473379 25.1376757968 54.9563288628 25.6209290896 24.6297258552 25.5351820412 25.0929848701 25.5308338817 25.1525537584 23.7302536288 24.7634313237 25.0460956104 25.607979486 23.8560047233 23.9153922222 24.9091519943 24.8951132181 23.6171519054 25.5592974137 25.4667898736 24.7032737973 23.7283768051 25.3233552692 25.5717495497 24.2097877604 24.5798644984 24.0122824357 25.4992014889 25.0118550192 24.4010716178 24.81298404 25.6103806036 24.5527391833 25.3249332052
24.4024619149 25.6052985656 23.7047350069 23.8577045275 23.6413647604 23.581961867 50.9156201932 25.3182964037 24.4656861278 24.5115881715 24.9322882248 25.1892810246 23.6944313225 25.5299875545 24.6294168441 41.4849106998 64.9569140041 64.9569140041 25.348116302 23.8436354788 43.6485506139 43.6485506139 43.6485506139 24.6425223833 23.6275582723 24.7533081777 25.5199860709 25.3346672647 56.9575009141 56.9575009141 23.7884029529 24.6115799605 24.2051042971 24.8684867867 24.2524664128 23.7985275794 25.4795579378 24.3545227113 24.1524752467 25.1271662077 24.1303534691 24.9313184201 24.5272958708 23.8633105511 23.6664305922 23.5816796345 23.5565883884 24.8652833595 23.7785602122 24.9085947285 24.5950416628 25.1532529138 52.3994813844
23.7472291472 25.5686196153 25.2989459951 24.9500424616 23.5265111947 25.1568043048 62.8512767322 62.8512767322 62.8512767322 24.3146236106 24.7597960745 23.7486798972 24.163010713 23.8659327422 24.4267190974 44.7953714923 44.7953714923 44.7953714923 24.7232211201 24.037171529 23.5156992914 43.6485506139 43.6485506139 24.0285794384 24.369796692 24.5633257799 25.0041676269 24.2172507399 56.9575009141 56.9575009141 56.9575009141 24.8923230252 24.5173429538 24.756400016 24.8041939721 24.770661126 24.5506796307 24.7925959025 24.1689435876 23.6245189812 25.5271595197 25.0643792764 23.6885673096 24.0010939978 24.9870573069 24.3554581401 23.9034408277 24.7880805974 24.7426832753 24.3216434769 24.1256136425 24.0706035311 47.8547854031
24.0416460732 24.9013852918 23.5484475069 24.9316012332 24.3742249671 24.8464376598 62.8512767322 62.8512767322 25.6000851457 25.3400821668 23.7595733467 24.079006646 24.7467958474 23.8313428682 25.5646447451 25.5382666638 48.2247365669 44.7953714923 48.2247365669 24.6342978846 71.1765694442 71.1765694442 71.1765694442 25.4977076554 25.2850315695 23.7714680088 25.1569043011 24.9035135329 41.9675635569 24.1695818863 23.8790459922 25.1063097252 23.6508648023 24.7095455731 23.9332103807 23.5203535153 25.0863739692 25.4975891909 23.5502680647 25.0663416151 23.9208808026 25.5584733471 25.0022018413 24.6219657885 23.9965469876 24.3338897361 24.8318111506 25.0255772321 25.2308571555 24.2256233604 24.5287794425 24.2509123703 47.8547854031
24.6613835081 24.8384213975 24.1214206226 23.5781566539 24.9365381031 24.3488485016 24.3688664389 24.4472184708 25.5271035354 23.7045334467 25.3247912361 23.5861494471 23.6732294702 25.4234704947 24.2329358071 24.9179606131 24.8322642669 48.2247365669 24.6357917376 25.276156136 23.6354604619 71.1765694442 25.1200223386 24.4962423296 23.8987265024 24.1331270639 23.5382421753 24.7305177677 24.3102055299 52.8128780891 23.7664980727 23.5963595947 25.2114252303 24.1795015443 23.6152148269 25.0559831709 23.6021170796 24.1827738797 24.7274066457 24.5739518801 23.8255544161 25.2701564042 24.5783392064 24.6054414947 23.5408584941 24.9011463723 25.5005302224 24.7043364264 24.8025613314 25.1234285659 25.541549577 25.5212848951 56.1346328444
24.4434002896 24.7150850422 24.3809598203 24.5913659658 24.5031531934 24.0424113514 23.9143111164 25.1999206205 23.5888906627 25.4560686012 25.1324742531 24.0494978728 24.6979449292 25.3325994854 25.2330650008 24.0251419158 25.1009952048 23.6339973077 49.902842322 49.902842322 24.3486347775 23.6904938055 24.0417706876 23.6814291328 25.407559402 24.3548188809 25.5387897802 24.8667434072 45.0148065692 23.6610488752 23.6110077753 25.6118218439 24.5559108409 24.2179260717 25.3182624099 23.7917784863 25.2980671041 24.0492390745 24.2948410383 24.3227150542 55.3658626651 23.5860134396 64.1477364791 23.8467061872 23.5480167677 24.1791747816 23.94864125 24.6810494236 24.1140039257 24.378577984 24.9418490323 24.5711675408 23.6553995159
24.5696593727 24.8007478142 23.5485977234 24.7394815413 24.3104560334 24.9832039695 24.448157741 24.8475723295 25.4456101653 25.1822452161 24.39099018 24.2165438364 23.8680713093 24.6282269795 24.8544695833 25.2298368064 24.4086640632 49.902842322 49.902842322 45.0100170223 48.4618118996 48.4618118996 48.4618118996 24.2375981608 23.5293184595 58.2418079051 24.1013369935 55.5199604132 52.8128780891 52.8128780891 24.0278888209 25.5217424628 23.9030418315 23.9371121662 23.9319818796 60.3177223115 60.3177223115 25.3307324844 25.5218792051 55.3658626651 55.3658626651 55.3658626651 64.1477364791 65.0077292873 25.0191355651 24.688181497 25.0183229299 24.9321658589 24.7422205707 24.2480172027 25.0448967223 24.0958702748 24.240429466
