Spatial_Output/BAU/BAU_0554.asc
NCOLS 155
NROWS 192
XLLCORNER 196769.923733
YLLCORNER 449719.875193
CELLSIZE 27.603701
NODATA_VALUE NaN
[rows 0 to 22 of 192, columns 0 to 52 of 155]
48.2279295362 59.9683462473 75.9096962225 48.2341552054 48.2341552054 0 0 0 0 0 0 0 0 0 0 0 0 0 0 0 0 0 0 0 0 0 0 0 0 0 0 0 0 0 0 0 0 0 0 0 0 0 0 0 0 0 26.7290022733 28.5631160947 27.9310930117 27.931999359 27.0113984644 27.4263654908 26.7451711725
0 55.152245287 64.2552078911 48.2341552054 48.2341552054 67.8673879988 70.2165604946 0 0 0 0 0 0 0 0 0 0 0 0 0 0 0 0 0 0 0 0 0 0 0 0 0 0 0 0 0 0 0 0 0 0 0 0 27.7691507548 27.4215080374 28.4741345117 26.7716014463 28.4612817908 28.556433697 26.990523429 27.5516561312 26.9736638509 28.3593081434
0 0 64.2552078911 48.2341552054 67.8673879988 65.7126490279 65.7126490279 61.0508251699 0 0 0 0 0 0 0 0 0 0 0 0 0 0 0 0 0 0 0 0 0 0 0 0 0 0 0 0 0 0 0 0 0 26.9350896512 27.730591197 27.887158371 26.8639103416 26.5616298511 26.8884161074 27.7675747235 28.3112824018 26.5068961151 28.5155845066 26.5226646161 28.585134195
0 0 0 79.1914104534 57.0893484777 65.7126490279 65.7126490279 47.9833721879 52.9556624097 0 0 0 0 0 0 0 0 0 0 0 0 0 0 0 0 0 0 0 0 0 0 0 0 0 0 0 0 0 0 28.1703377459 27.3094793523 27.0505064091 27.3980585578 26.9754821528 27.7589046884 28.4481808225 27.5773088254 27.1092140635 28.0585975226 27.182796139 28.080269958 28.2514445329 28.1709730872
0 0 0 0 0 41.2075945445 47.9833721879 47.9833721879 42.3853779007 42.3853779007 0 0 0 0 0 0 0 0 0 0 0 0 0 0 0 0 0 0 0 0 0 0 0 0 0 0 0 27.1794146478 28.1877165383 27.5551182192 27.7796121682 27.6019220209 27.2883883764 27.9650124436 27.0686527368 26.5371166407 26.7342461634 27.4955264869 27.7607857689 26.9038812106 27.0219753617 28.3954233049 28.2997019929
0 0 0 0 0 0 47.9833721879 42.3853779007 42.3853779007 42.3853779007 45.9297549541 0 0 0 0 0 0 0 0 0 0 0 0 0 0 0 0 0 0 0 0 0 0 0 28.392903824 26.5558865246 27.3962829677 28.4108652826 27.9238365676 26.5439331092 28.5449864852 26.7055236612 28.2635545404 26.8852181692 27.593537423 26.7980867642 27.7131304897 26.9132555651 28.1364115139 27.8692808627 27.5538195413 28.4981457024 26.7660336379
0 0 0 0 0 0 0 62.6007503013 42.3853779007 60.3309261848 47.8432305505 47.8432305505 63.3569804562 0 0 0 0 0 0 0 0 0 0 0 0 0 0 0 0 0 0 0 27.6728119855 26.9846318032 26.6380239457 27.0555594131 26.6821375284 26.5092915369 28.1504029752 27.1468751546 26.7432112657 28.2322873618 27.9665257079 27.4420335017 26.8202056406 27.4921225427 27.4307708013 26.7063987783 27.2622535992 28.4102852258 27.9340264384 26.645959068 27.8986244775
0 0 0 0 0 0 0 0 45.9297549541 60.3309261848 47.8432305505 47.8432305505 60.879922904 60.879922904 26.6641971519 27.1744297227 28.0356896625 26.6138808305 26.6366146372 27.5071763774 27.0159800432 27.0021734336 27.1621687157 26.8481107989 27.3439917984 26.5357645424 28.347186442 27.0071913703 27.5413657091 28.2613258831 26.7601310136 27.4641127092 27.026476419 27.3018280804 26.6831330368 28.0989781777 26.8077972864 27.6274918998 26.9113230273 27.8670584614 26.8161573701 28.4006320651 26.68710074 27.2666342095 26.8363699592 28.0555696001 28.2857965649 27.8815294277 28.4138899444 28.5150444976 26.6615830519 27.890296463 28.1928509387
0 0 0 0 0 0 0 0 0 44.9409752191 49.2723405311 44.7615338635 53.1607255601 53.1607255601 53.1607255601 27.2263519934 26.6440537007 28.365665685 28.3711040536 27.4075771402 28.3160009815 28.1821836668 26.892403028 27.488042884 27.5539144549 26.8694007219 27.3910696397 28.5752543722 26.8136536252 28.0471521393 26.7614198502 28.4779723457 28.3216850596 27.7905138394 27.6652419407 28.1305782309 27.652460266 27.3421757972 26.5185718698 27.4591504975 27.2522663435 28.5666082725 27.51353375 27.4258079689 26.537458009 26.804254959 26.7927559665 27.3342736229 27.8589203096 27.4980051717 26.7891968274 26.550178439 28.4203492737
0 0 0 0 0 0 0 0 0 41.3846580087 54.55205432 54.1682748628 53.1607255601 46.568881725 46.568881725 49.6776240297 28.3260719929 27.6560250261 28.3296735191 27.4044400851 26.902847198 26.9144992462 27.0689677855 28.5552140136 27.9480972348 28.4559029787 27.3675258981 28.0150693523 27.9693745129 28.4391682966 28.4127511569 28.5694897311 26.5226246093 26.7387285297 28.5217935449 26.8760252945 26.8000836469 28.1215301754 27.9225504825 27.9599638575 28.0222958295 27.9583956604 28.0171201898 26.7482229242 27.2112062005 26.7234639237 28.1221720866 27.2724682841 28.5830584118 27.8137396872 27.1576302826 27.2276678002 26.5558578252
0 0 0 0 0 0 0 0 0 54.7987797271 52.1186456669 54.1349305467 53.1607255601 46.568881725 46.568881725 49.6776240297 28.5878883213 27.1538811144 27.9032989573 27.2823177403 26.5339091901 27.5586430379 27.3053795233 28.0680455176 26.7753442744 27.7570526537 27.1030331483 28.285678406 26.6010832068 26.8833128329 28.4539266463 27.4551049043 28.0835129335 26.8731979087 27.5460360448 27.6046176046 27.4945069792 27.8011543854 26.6354746675 27.639149807 28.5702106684 26.6256434455 27.8393003021 28.2310722522 27.0783446492 28.4286577039 28.0148672999 26.6197222112 28.0977014654 28.6077526335 27.4446988845 28.2189576717 27.9096066817
0 0 0 0 0 0 0 0 27.0476163551 27.2053692939 28.5072525577 28.5916416463 27.8312281427 46.568881725 49.6776240297 49.6776240297 54.1480903446 54.1480903446 27.0618118256 27.7106216434 26.5072916302 27.8069634151 26.6941303007 27.6185914667 27.7757700327 27.4373238694 27.9924757775 27.235015522 26.664545199 27.6278011555 27.6179362057 27.5235635865 28.4555615545 28.250519238 27.5304433365 27.7244586672 26.5157416865 27.4783208579 27.1702211583 26.6318990286 27.1703508926 26.6661163955 27.0150205022 27.7122841794 28.5720181212 28.1928409703 26.8198224139 28.5112524417 28.0508746418 27.786125896 27.4638897168 27.1799552047 28.2112091721
0 0 0 0 0 0 0 0 28.2322731977 26.7797269763 27.4071915173 27.5044875797 28.0380516765 26.6812556518 28.1996304554 54.1480903446 48.744446516 48.744446516 48.744446516 27.2870337892 27.0248493688 27.5342394816 26.77068955 26.6860191904 28.1451033921 27.6449549186 28.0590949674 28.1631942059 27.206017426 27.5939922273 26.7951978401 26.7729091819 27.0789854628 28.4187917003 27.3055908134 28.0483865635 28.1035913548 28.0665701281 27.9551620895 28.2393135373 27.764394979 28.2810382472 27.6329808452 27.9610773754 26.6245742075 26.7948986647 28.4750133027 26.7614768424 27.2823612209 27.8597923099 27.4344779282 26.9822734746 26.7677978909
0 0 0 0 0 54.0054750309 51.3452199534 53.9086089668 27.3583599406 27.604895727 27.8420583799 28.0528119711 27.0505304642 27.4548277492 27.4470975245 54.1480903446 48.744446516 48.744446516 52.8230174404 56.7251273043 45.024709871 26.9572236938 26.5140194583 26.9583749153 28.4925379354 28.1712767204 27.3698814145 27.3141374887 28.3448561968 26.9183114277 27.10417349 27.9967023164 26.6692052229 28.2071928067 26.6206023913 27.7195934742 26.6326277992 28.436631008 27.8134555047 26.8973069677 26.7456048572 27.3514993591 26.9295531257 27.573389509 26.6788083343 27.0886731497 27.2295656656 27.09184704 26.7320901481 27.1907796626 27.8263886547 28.3314977819 27.6290761041
0 0 0 0 0 49.7321810833 39.3718674209 45.6865553473 27.329083071 27.2667993868 27.4528708675 27.7549352705 27.6025336732 28.4208142337 27.7628396192 27.8595692913 48.744446516 53.6199052273 56.7251273043 56.7251273043 45.0261010778 85.7648920116 28.0665451342 27.6114158585 27.6746241767 27.454096912 28.0995381743 28.3688120384 28.4662840466 27.9677059873 28.3879290879 26.6399304795 27.3814692204 27.9827893143 28.4800816268 27.5258649641 28.4394393695 28.1421100616 28.4224405388 27.9274483987 27.2079036996 26.9322057808 27.7439269628 28.2474812762 28.5188635307 27.0526090382 27.7570827811 27.1940949412 26.7314567829 27.1133911487 27.7209028948 28.2769611928 26.7485980333
0 0 0 0 26.8227037376 53.9162292197 43.3581719238 43.3997821972 28.3901547005 28.5868271178 27.9924721676 28.1068068978 27.3966715347 26.7473173292 26.6649866581 26.6348944201 27.9561566813 53.6199052273 56.4124334752 45.0261010778 85.7648920116 85.7648920116 52.5154039612 27.3187934962 27.5449678226 27.1538834357 27.6920507478 28.486191485 26.8087243429 28.5498550617 26.5668558386 26.6867927796 28.0746476807 26.8985945945 26.5765783431 28.0451010439 28.2603994728 27.6130142357 28.5151725371 28.1138241009 26.5324410097 27.2918726996 28.1799651441 28.3501621123 27.7729253141 27.1888999897 28.6062872434 27.2815927224 28.5198658914 27.5404037048 27.7175574833 27.7765422114 28.5588015485
0 0 0 27.7936219473 28.5788507481 27.330931132 27.4669664684 27.1555954514 27.3724451108 27.8131383941 27.7349295659 26.9907897211 28.0526518108 27.582077032 27.8232759379 27.1680693481 28.5475579491 28.4310838939 28.1174115021 45.0261010778 85.7648920116 45.5740410453 52.5154039612 60.4537664726 28.3535467676 26.8487095965 28.4789641243 28.0178254834 27.5612836028 26.7634280512 26.8498302918 27.7859214713 28.2173284528 27.6114661716 27.6741990658 27.2224464205 27.2334442231 26.8198608716 27.6074346609 26.9306882905 27.6410313748 26.5943090383 28.147304581 27.4231204585 26.8076919802 27.5213066254 27.8132309913 26.8006904135 27.8579514873 28.0949216103 28.0321155567 26.6321609877 26.6901064248
0 0 28.2883486859 27.0962220472 26.686773666 27.2376124258 28.4099133642 28.6000446477 57.1386119352 57.1386119352 28.0929863022 27.1213882787 27.7281420592 26.7757112085 26.5125892409 28.3622126303 28.0040379416 26.5321334632 27.0115256879 27.2631775983 27.8715202943 52.5154039612 46.4562570105 46.4562570105 46.4562570105 63.9952085232 27.2820198613 26.8912974128 27.8856457083 26.902877696 26.6144050761 27.6280399146 27.4147743265 27.5554936328 26.9252854014 27.5144768229 27.5934958033 28.3827989969 27.2642010186 27.3090291828 27.9595104883 27.8381374391 27.3919784241 26.7316677568 27.3300181802 28.5226934273 28.1724888578 28.4569486707 26.5519904623 27.9115296243 27.8498542787 27.8159115724 27.476556404
0 0 27.7333834847 28.5106240065 26.5921812795 28.4524394989 28.2178350773 27.3898187283 57.1386119352 27.8843479719 28.1002064568 26.8048933231 27.8219702501 28.5815872696 27.7071733995 28.0106031532 28.1968180928 27.0335770978 28.5167431716 27.5717222529 26.7231327275 28.5373249734 46.4562570105 63.9952085232 63.9952085232 63.9952085232 27.1626416558 27.5849702764 27.3468158882 27.3821651499 27.7414922671 28.2185598625 27.4415950201 27.571576492 27.1136607347 28.4417722449 28.0334698942 28.2884993973 28.5249607136 27.6390864992 27.1456452691 27.0040613615 27.8964666442 27.17327087 26.8142789723 26.722104057 27.2091376982 27.3901658291 27.526259934 27.391870224 26.6780917769 28.4107391701 27.804318774
0 0 27.7627900982 27.2429863002 28.5321035019 28.6196904457 27.3152906379 27.4924466944 27.5026229388 44.7124694629 44.7124694629 26.6688161465 28.392397259 26.7047618641 28.4483773075 28.4455234127 28.2206627692 27.930280733 26.5573023331 28.5186196777 27.5145766828 28.5317968844 27.2091947666 63.9952085232 63.9952085232 61.2384395233 61.2384395233 61.2384395233 28.5703197923 27.4226427691 27.5763719982 28.3190034525 26.7337203985 28.1147084031 26.7548504722 27.5754569604 26.6393724017 27.8862124459 27.6951717543 26.8221295748 27.7692044305 28.3415283131 27.6792833785 27.4612671291 28.3555210671 27.775368511 27.4439981726 28.4844636035 27.3297058018 27.4140437284 27.27619478 27.4437470739 27.3382146065
0 0 27.2866164683 28.2755373692 27.3890410037 27.7390981273 27.3170549409 28.178033888 27.8502367333 44.7124694629 26.7668187133 56.7395751584 56.7395751584 46.2733275561 27.0003021653 27.927434972 28.4291528774 28.4541757144 28.5074617225 27.7976639348 28.4743975654 28.161867497 26.9805915741 26.6374440076 26.8711209241 61.2384395233 61.2384395233 57.9554062643 52.8472914134 27.4487264719 26.9554544444 28.0688786303 27.3884658145 26.6098585646 26.5535803068 27.4263796183 27.6304163325 28.4389151716 27.2239798277 27.7196850539 27.3639596385 27.0767640082 28.5309762301 28.330990806 28.3930410908 28.3897729433 26.6326673623 27.8188293134 28.4777256347 28.5936653256 26.7933349649 27.6122993351 28.4205927189
0 0 26.5194298944 28.0357419797 28.4823356329 26.9747474662 27.6878015642 27.5113353989 28.1207122725 28.4702553232 28.177360224 56.7395751584 49.61148354 49.61148354 49.61148354 27.5296555198 27.8662564131 27.9486383787 27.6717977648 27.7251022893 26.9063919704 27.2212964914 27.0952807758 27.8837419727 27.8254787018 48.2772448364 57.9554062643 62.9000006501 62.9000006501 28.1973178168 27.5420237285 28.0747788951 26.819985747 27.6992969883 26.503948025 27.2101046122 27.1613113701 27.3339663962 26.6375285236 27.3449571229 27.6927939618 27.8069959677 27.8830168668 27.0778234754 27.69804078 27.5491218078 28.1135428324 27.9350066874 26.8105369215 26.7637861292 28.5716253511 28.0649789466 28.5782271072
0 0 27.1155386031 27.7135164335 27.7966602234 27.4747112977 27.6277914557 28.1462174466 28.4406409379 28.4548734872 27.893676686 56.7395751584 46.2733275561 49.61148354 51.5647731417 51.5647731417 26.6328267598 27.7085447238 27.3201372259 27.9068096106 26.8293498041 28.5237681062 27.6075986984 26.9382955919 26.6597806954 26.6813429379 42.0969899909 62.9000006501 69.3946366805 28.1587531289 27.6281875798 27.2110063987 28.3623420356 26.8566695907 28.5782989677 27.6152429474 27.4745723351 28.0148065307 28.1846011762 26.674120275 28.0398920471 28.5316398704 28.1674629588 27.1302805441 26.6492983086 28.1704823308 28.1193108947 27.629353223 27.60737458 27.8407705104 27.6214494889 28.4418734533 27.2434499587
