Spatial_Output/BAU/BAU_0028.asc
NCOLS 155
NROWS 192
XLLCORNER 196307.867259
YLLCORNER 449144.565805
CELLSIZE 33.573938
NODATA_VALUE NaN
[rows 78 to 103 of 192, columns 0 to 56 of 155]
0 0 0 0 0 0 0 0 0 0 0 0 0 45.4864729467 45.1040151773 46.3640123069 45.6001258429 46.3650995399 46.0214874553 46.0766381057 45.6735496832 46.1273340933 45.6392265544 45.8929108316 46.3638221491 45.2694255009 45.0316631306 45.1327531011 45.5418083699 46.0013946081 45.5622642774 45.5369298303 46.2231585863 45.4325984649 63.1172113809 82.4470082368 82.4470082368 73.3794040088 45.9218235522 45.7744099883 45.3897036221 95.4532380407 90.3072213878 71.6236895888 58.8435480872 61.6548789518 46.1002354628 45.0007003932 45.4897541912 45.2314895645 45.5855715508 58.473392279 53.2806003379 45.1628253842 73.0191625791 64.0623038011 45.8809809266
0 0 0 0 0 0 0 0 0 0 0 0 0 45.1808827181 45.2529243764 45.9692550909 45.0156405214 45.0213815256 45.0671358871 45.3421481494 46.3608135619 45.8123572069 45.3737467022 45.1971334004 46.1016661109 45.1307006349 72.0335967815 46.4114040223 45.205666434 45.2550279036 45.5352540946 45.2087502702 45.9986556575 45.4010547254 46.1141287475 82.4470082368 82.4470082368 45.4257950306 45.7993889281 46.2034209966 45.1038947935 90.3072213878 90.3072213878 90.3072213878 61.6548789518 61.6548789518 61.6548789518 45.8494818605 45.5407328791 46.1259744149 58.473392279 58.473392279 53.2806003379 53.2806003379 73.0191625791 45.7203687635 45.0744166335
0 0 0 0 0 0 0 0 0 0 0 0 0 45.508241103 45.4166543435 46.1303359591 45.8009267996 45.0874827097 46.0693832478 45.4658366646 45.2878702022 46.1492688629 45.5490141447 45.6562134678 45.7187909202 45.8370675814 72.0335967815 72.0335967815 72.0335967815 46.3161514911 45.0506072891 45.8899119597 46.197374182 46.3839644249 46.1164160957 63.1172113809 45.7846725146 46.0707292377 45.3117992167 46.1502789882 46.2036967534 95.4532380407 90.3072213878 71.6236895888 68.1722749011 61.6548789518 46.1475839873 45.4211078176 45.3527792255 46.3583155152 82.8608981167 82.8608981167 53.2806003379 58.156776382 73.0191625791 46.3268139349 45.7162081672
0 0 0 0 0 0 0 0 0 0 0 0 0 0 45.1875353488 45.1163167491 45.9807002634 45.2933384192 46.1050646768 45.6763576711 45.2556545477 46.2941067644 45.7972930145 45.8841033827 46.177830676 73.3709444144 73.3709444144 72.0335967815 72.0335967815 46.1596733559 45.3947953188 45.5053876634 46.1282272496 45.4126241593 45.9235597029 45.3246247661 46.2375768317 45.2605967396 46.1633045351 45.4568358791 45.8947760977 45.201708482 46.1678979239 45.0268740696 45.3188046672 46.3982950164 46.0966717077 45.4239018839 45.6788641383 45.9608963529 82.8608981167 82.8608981167 45.4159391801 45.183034336 45.9421029564 45.202773765 45.6858724022
0 0 0 0 0 0 0 0 0 0 0 0 0 0 45.2117404768 45.8680065897 45.12240058 45.4946725267 45.5160655461 45.974048807 46.325603094 46.3231967276 46.3621267515 69.7716306346 60.9472401133 73.3709444144 73.3709444144 73.3709444144 45.6655700462 45.4258549851 46.38908145 46.0606780651 45.1674243519 45.3355800142 45.3359542053 45.9404131248 46.1678010056 46.3734044085 45.0387287685 45.98497265 45.4733464594 45.5269392724 45.5324862139 45.1600039217 45.4768512773 45.0376341021 45.3683072879 45.0220986088 46.2391079188 46.0731616841 45.1313139526 45.013382687 45.6042854417 45.434086155 46.0086936027 45.7610356228 45.0114462855
0 0 0 0 0 0 0 0 0 0 0 0 0 0 46.1952964346 45.5708109152 45.5250620895 45.8889944715 45.0875473092 45.3858167541 69.7802378366 45.5129794558 64.4527248707 90.0905001893 60.9472401133 60.9472401133 72.0528902002 45.4221330764 45.5092477144 45.4861669355 46.2647635787 45.8990334304 45.2811829032 46.3498307534 45.1343395733 46.0302595818 45.1134911881 46.0299708141 46.0504300288 45.3866425914 45.679346212 45.7155219816 45.1375482122 45.5003089419 45.3468518971 46.306593537 45.6480911661 45.1244614389 61.7562163512 61.7562163512 61.7562163512 45.984686774 45.3427518176 45.0849513058 45.8593342666 45.6609186881 46.1214724862
0 0 0 0 0 0 0 0 0 0 0 0 0 0 46.0613321062 45.7375034505 45.451585545 45.6352348053 45.8464136973 55.3307360497 68.057881967 68.057881967 90.0905001893 90.0905001893 90.0905001893 60.9472401133 45.651855051 45.0823316637 46.2688755321 45.6554494239 45.8632909607 45.1209797094 46.0219751983 45.3644509781 45.9389610083 45.3567170804 45.6611995805 45.8240566815 45.7842384715 45.6874416219 45.1400280485 45.9368929412 45.4047760014 46.257867871 45.0943939676 45.748739886 45.9161914208 62.1829223605 62.1829223605 62.1829223605 46.3513572223 45.0816724064 45.3384756365 45.2120036313 45.2571060424 45.9819478579 45.4817173098
0 0 0 0 0 0 0 0 0 0 0 0 0 0 46.2791201922 45.8837337774 45.0359577232 45.1097634628 75.0326882253 75.0326882253 68.057881967 68.057881967 45.3913196137 64.4527248707 90.0905001893 45.7559447448 45.7340527947 46.4130375954 45.0180600308 46.1072489924 45.501195208 45.0825976078 46.3007189804 45.5051874132 45.4335770774 46.2690731325 45.2260894019 45.6079165865 46.0868991083 45.5920806662 46.0543759868 45.477455312 45.2499211666 45.4744951369 45.0565217371 45.9591374455 45.2722968092 61.8410365962 62.1829223605 61.8410365962 62.0954007951 45.9418329629 45.2977287835 45.3706387821 45.706489437 45.1171024224 46.4137873241
0 0 0 0 0 0 0 0 0 0 0 0 0 0 45.2128714675 45.9851514365 46.4048829804 58.4742876495 75.0326882253 75.0326882253 75.0326882253 45.9731829768 45.624926156 45.9030917363 45.6455698584 45.9264701865 45.6286007995 45.2068786542 45.8602236285 45.5562780018 46.2935577392 46.0600401748 45.4974316136 46.3542426404 45.8841702523 45.0096025743 45.0598091482 46.0871401904 45.7951633269 45.5574205311 45.5061640397 45.6430233033 45.8313670243 45.608490977 46.0044430304 45.2216965999 46.1198268551 61.8410365962 45.3557180412 61.8410365962 45.3349048811 45.5696485222 45.5789444765 45.1643529249 45.8238972137 45.8301341138 45.1932685177
0 0 0 0 0 0 0 0 0 0 0 0 0 0 0 45.0685384187 51.2370896901 60.7489096172 60.7489096172 58.4742876495 45.7828545826 45.8025552712 45.3403142411 45.8795926987 45.6992207025 45.6951607678 45.1983137124 46.1287946645 45.8538213474 45.1360403159 45.7572238135 45.6089681661 46.0973608526 45.433304329 46.2760291989 45.7239535859 45.9981859027 45.0417372604 45.596820967 45.5796502602 45.5811693561 45.3211457905 46.1302682014 45.2141602155 45.6510855301 45.1959276584 45.0155708925 45.9919976029 59.6406701742 45.5716866828 45.6772259138 45.6883442365 45.1647313724 46.1338546616 45.8706145269 46.3240671761 45.9054045221
0 0 0 0 0 0 0 0 0 0 0 0 0 0 0 56.5435486464 51.2370896901 51.2370896901 60.7489096172 45.0627251156 45.0013882021 46.1951628779 45.3802366257 45.0989799741 45.4176758678 45.365537863 46.0647418886 45.5410937305 45.0861021784 45.2645676666 46.239395872 46.2041667103 46.145614247 45.3252189865 46.1686410523 45.2975352411 45.8260296208 45.2366765581 45.4062921618 46.0354623742 45.4620245857 45.0209941125 45.7612845352 46.0339873773 45.8649235238 45.009400172 46.0811422963 59.6406701742 59.6406701742 59.6406701742 45.5923537839 45.8724713009 45.4646286686 45.6076221494 46.2701764899 46.2931929246 45.8195182643
0 0 0 0 0 0 0 0 0 0 0 0 0 0 81.9264750091 56.5435486464 51.2370896901 51.2370896901 51.2370896901 46.3941719423 45.8092369733 46.2165879808 45.2428917982 45.2335246112 45.1178775518 45.5216843684 46.0743343279 46.4097564441 45.552428375 45.2696125181 45.0814678794 45.1059665358 45.0812052288 46.1053644687 45.4577723932 45.349539277 45.600406139 46.1407620019 45.9708754375 45.7677679541 45.0317031607 46.2001005561 45.435735884 45.0678668879 45.974575473 46.1013630902 46.2309213215 78.108089657 59.6406701742 78.108089657 45.8373258611 45.3388642927 45.7536197368 45.2887088631 46.2750011752 45.7631960783 45.3014699054
0 0 0 0 0 0 0 0 0 0 0 0 33.2064016803 71.853244179 33.3547979115 56.509973284 56.5435486464 56.5435486464 46.0364998024 45.4503920179 45.974879027 45.6504926899 45.1633201092 46.4098446459 45.8096428281 46.1691826794 46.0753989713 45.6490013029 45.8079168296 45.8389351924 45.9967887443 45.0682271459 45.7738920552 46.2330035341 46.0620664831 45.0429123176 45.3292321101 45.6507218154 46.3190080186 45.0823317905 45.2046183282 46.1636634003 45.5055910097 45.2807128148 46.0057011967 45.5958077211 46.101087722 45.5784849139 66.6759493223 66.6759493223 45.7061893873 45.7043212399 45.7871425084 45.0883557528 45.6077283485 45.5863648516 46.1911619199
0 0 0 0 0 0 0 0 0 0 0 72.4111818037 47.9250874637 71.853244179 71.853244179 81.9264750091 67.5705312858 0 0 46.2287458174 45.7451787351 45.05917893 45.8570892033 46.0724365914 45.7616609501 45.8576167163 45.0430213379 45.4045417396 46.305015781 45.4420010437 45.4935770726 45.8523882848 45.755875489 45.3124889434 45.544405906 45.9778036221 45.8398317135 46.1215383924 45.0301027765 46.3496969009 46.247952023 45.7715959305 45.3249506865 45.2788439226 45.5431946687 46.0350961555 45.8746911632 46.0039691228 46.0831613767 58.2236051044 45.5463548358 45.5334739437 45.8491930465 45.7464801245 46.3362352235 45.8221309144 45.9205582959
0 0 0 0 0 0 0 0 0 0 48.091309235 72.4111818037 47.9250874637 71.853244179 71.853244179 81.9395372729 0 0 0 45.9912056164 45.6004307254 46.3088567417 45.842180604 46.1735595709 46.4058533031 46.3427700307 45.4453959217 45.3595602508 46.1999466136 45.8697776353 45.2365301034 45.5935837239 45.7599392903 45.2536869618 45.0607916583 45.1923435005 46.1834893546 46.1172017539 46.3485197716 46.3630813823 45.7314307013 45.2045784882 45.3497463938 45.3310722606 45.7515199742 45.1519771258 45.9798873434 58.2236051044 58.2095070263 58.2236051044 45.3114515698 46.093991972 45.8155521447 45.7399494518 45.605235636 45.4628695976 45.2224902088
0 0 0 0 0 0 0 0 0 62.6119392033 62.6566886341 62.6566886341 72.4111818037 72.4111818037 0 0 0 0 0 0 45.5389649464 46.1731661374 46.313047777 45.2392461573 45.2195399223 45.7257803375 45.3806541123 45.2658490514 45.4392222383 45.468992199 45.1189917967 45.2181077436 45.6772325183 45.8757076106 46.2369567271 45.2749193489 45.3543541186 45.1224662587 45.4028136595 45.4959164331 45.7547770789 45.5898648071 46.2703605532 45.1264811667 45.6732477055 45.0046450001 45.6248236049 45.3668283207 58.2095070263 58.2095070263 45.6807439725 45.1753230552 45.20135618 45.4260302609 46.144633944 45.1268278453 45.4965219537
0 0 0 0 0 0 0 0 0 62.6119392033 62.6566886341 62.6566886341 48.091309235 0 0 0 0 0 0 0 0 0 45.8179336818 45.2357531728 45.1476493116 45.4324868328 45.0871186675 46.4112865817 45.5721811424 45.8332654559 45.1973038055 45.5385004351 45.4298684068 45.1434676514 46.2497980584 45.5326516029 45.2880574638 45.8338726307 45.2366602911 45.9782847377 46.2292047504 46.1811408288 45.5913937877 45.0976608551 45.4031336062 45.3557015025 45.4555771795 45.4807053885 58.2095070263 58.2095070263 46.3505478784 45.2172315712 45.9362556415 45.5570207588 46.2657739841 46.0614601142 45.5478542567
0 0 0 0 0 0 0 0 0 62.6119392033 62.6119392033 62.6119392033 0 0 0 0 0 0 0 0 0 0 45.8315806987 45.4820862417 45.5006943776 45.3719453769 45.0121769046 45.3270384291 45.9901403143 45.0164382329 46.1331252609 46.2026817004 45.4850318452 45.2055685798 45.1765720766 45.7991274482 45.8690272657 45.7431802264 45.3453926892 46.3351728424 45.4326701786 46.1946367898 45.7632979555 45.5173355656 45.8433582668 45.7475393206 45.6355007222 45.7615400981 69.040899987 69.040899987 78.8920209398 46.0294706587 46.3362105771 46.1086676177 45.4651315058 46.1262191017 45.2580117927
0 0 0 0 0 0 0 0 0 0 0 0 0 0 0 0 0 0 0 0 0 45.9216729057 45.942716675 45.498840993 46.3383869548 46.1080432292 45.8210733448 45.1181384491 45.5997844572 45.339730287 46.1728822658 45.6063234207 46.3205569243 45.8023633334 45.8230715834 45.1285984059 69.903751718 46.2361401922 56.9853778635 46.3561967535 45.0879880444 46.0391084912 46.0318399992 77.5529952605 65.8957222697 45.4653509954 45.2117295165 69.040899987 69.040899987 69.040899987 45.7001769761 46.3573643591 45.2366346657 65.3515271842 78.4576759761 78.4576759761 78.4576759761
0 0 0 0 0 0 0 0 0 0 0 0 0 0 0 0 0 0 0 0 45.7800576345 46.1515116334 45.993816584 45.6892490588 45.1896544578 46.3550930711 45.7982762789 45.6301943295 46.2576371175 45.2574374243 46.1862726636 45.7589150759 45.9027231985 45.6760933477 46.3736754774 63.1405710291 69.903751718 69.903751718 69.101690559 67.2610829206 45.7694764688 78.1648698561 78.1648698561 77.5529952605 45.3689742134 82.2481681961 82.2481681961 82.1121604011 69.040899987 63.9993138312 63.4060663591 70.2148375414 70.2148375414 65.3515271842 65.3515271842 78.4576759761 78.4576759761
0 0 0 0 0 0 0 0 0 0 0 0 0 0 0 0 0 0 0 45.0731667769 45.6532616877 45.3722726368 45.7774144733 45.7685235693 46.1752945667 46.3397045382 46.0515020513 46.3356485688 45.9585724031 45.4291738373 45.4528774717 45.1524357459 45.3986443174 45.2637839894 46.0726513167 69.903751718 69.903751718 69.903751718 67.2610829206 67.2610829206 67.2610829206 78.1648698561 78.1648698561 77.5529952605 45.6231974829 82.2481681961 82.2481681961 82.1121604011 56.8147824916 63.4060663591 63.4060663591 63.4060663591 70.2148375414 65.3515271842 65.3515271842 78.4576759761 59.6472171561
0 0 0 0 0 0 0 0 0 0 0 0 0 0 0 0 0 0 0 0 46.0067765563 45.5584995181 46.00069298 45.8184347483 46.4141177926 46.0080268842 46.2090759272 45.5915388803 45.3901447189 45.6677276261 45.1626683973 45.6831074272 45.8556989353 45.3294852126 45.109713956 63.1405710291 70.540373144 46.0020448228 45.8657155979 67.2610829206 45.2030811973 64.1574596549 45.4363540099 77.5529952605 45.6272738153 82.2481681961 82.1121604011 60.3321843826 56.8147824916 90.4540104539 63.4060663591 45.2159711315 45.6026578453 65.3515271842 75.2070402039 55.253408383 45.5393133383
0 0 0 0 0 0 0 0 0 0 0 0 0 0 0 0 0 0 0 0 0 46.0523794064 45.1963660847 45.4013874511 46.0767796426 46.2301624894 45.220404111 45.4603777486 45.777833852 45.3106630691 45.3545498531 66.1385237384 46.2746788682 46.0249683912 70.5543915944 45.3927228784 45.3461639959 46.3726762858 45.2680103936 46.0559993543 46.3619638459 45.2562055018 45.5502053036 45.0628509254 45.450676 46.0768724447 45.00589489 45.8594362828 45.6286145246 46.3188547892 45.7499260076 45.1231370496 46.2084273023 45.2279549091 55.253408383 55.6078082957 55.253408383
0 0 0 0 0 0 0 0 0 0 0 0 0 0 0 0 0 0 0 0 0 0 0 45.1301575866 46.3314665142 45.738189082 46.035710467 45.2883526996 45.2246052993 57.5282707346 45.9545486072 66.1385237384 66.1385237384 46.1848512611 45.3937071588 45.3278570251 45.5127128695 45.7724957657 45.7225316615 45.0925241235 45.613133343 45.2961051826 46.3878041905 45.3724547103 45.788485595 45.5044487823 45.2332951111 46.0153910052 45.0902268445 45.512876845 45.9835329779 45.1719741041 45.2560318828 45.5371515765 55.6078082957 55.6078082957 55.6078082957
0 0 0 0 0 0 0 0 0 0 0 0 0 0 0 0 0 0 0 0 0 0 0 0 0 45.9356836929 45.1584338781 46.2093012868 67.466417085 67.466417085 57.5282707346 66.1385237384 66.1385237384 45.5389023391 46.2700346166 45.9475533179 46.1926355647 45.3870355937 45.0606613313 46.0460379378 45.4442322572 45.3449992914 46.2743438232 45.7846888047 45.4972946141 46.0579024271 46.2429437491 45.504721939 46.0859803983 45.5313800987 45.4031530596 45.640849005 46.2910274001 45.5576326937 45.3964298253 46.3519601753 45.8202078189
0 0 0 0 0 0 0 0 0 0 0 0 0 0 0 0 0 0 0 0 0 0 0 0 0 0 45.3926782568 45.3422287018 54.6541684409 67.466417085 67.466417085 57.5282707346 45.0171445667 45.8932699492 45.0709131542 45.2894343429 46.0449662325 45.243982435 45.3379517221 45.1187177972 46.2815764208 46.190195454 45.7375564461 45.061648452 45.9233623891 45.0668878726 45.7275454155 45.7033703828 45.2335224399 45.8370312893 46.1981822563 45.0230267012 46.3333234752 45.2124890781 45.5126817554 45.5718600845 46.1800802102
