Spatial_Output/BAU/BAU_1322.asc
NCOLS 155
NROWS 192
XLLCORNER 196769.923733
YLLCORNER 449719.875193
CELLSIZE 27.603701
NODATA_VALUE NaN
[rows 69 to 91 of 192, columns 0 to 52 of 155]
33.6383535937 33.1857752765 33.6936553751 33.4157265239 33.2666360485 33.4148100796 34.3319363077 34.2432234278 34.3982429009 34.1669087175 34.2845792453 33.3417628295 33.2823753142 34.3202053561 33.4290371996 34.1785793788 34.0573005865 33.5492124702 59.3899005822 59.3899005822 59.3899005822 34.387243011 33.7368414072 33.6089845708 34.052392636 34.1873338686 33.6951641414 68.3270277603 62.445714848 68.3270277603 34.3695580796 33.7874038899 33.860153666 56.6036033827 56.6036033827 75.0692957764 33.275505913 34.2307146272 33.3678898731 33.81079222 33.6241707856 33.6530406438 34.2578863157 33.7243188581 34.2834387493 33.4267304607 33.988451712 34.1812957696 33.2435980974 33.9425720264 77.4095567575 77.4095567575 77.4095567575
33.7117796997 34.0700007764 33.2836767227 33.8018294406 33.1039322524 33.794067627 33.8981862546 33.5355428715 33.3886108255 33.6229048932 33.3062513933 33.8107513785 34.303859261 33.6067580842 34.0405080412 34.359510986 33.6617607674 95.1515360462 95.1515360462 95.1515360462 33.3571036711 33.8312598548 34.23487355 33.7855154344 33.6872766632 33.8880471647 34.2412676712 62.445714848 62.445714848 62.445714848 33.8139830121 33.5544072028 48.0399080969 34.0297068317 55.940069775 33.1432462585 34.0536285881 34.0217214368 33.6649325529 33.5950737673 34.3146501876 33.4865958082 33.1606184271 33.6118953734 33.7279030042 34.149797879 33.7810979151 34.176303452 34.2472942335 33.8402835697 77.7772279748 74.1948007094 34.2721024133
33.5829934676 33.9250844966 34.3512015721 33.3734321229 33.337324518 33.4664240174 34.0901856494 33.1983652714 34.4072199191 34.3462662854 33.3413695786 34.0591193923 33.5102282501 34.2184482984 33.0686239762 33.7589822692 33.6129947152 79.3847700522 95.1515360462 95.1515360462 34.3721910351 33.4623926323 34.1529816026 33.8616159839 34.3207189611 33.1345957894 33.8518686859 34.3950855249 48.7760995129 48.7760995129 33.6230565488 33.8745077885 33.1697064942 34.1244047622 33.1449428193 33.5057707191 33.7337299013 34.22672094 33.6450565055 33.3945445297 33.2474661092 34.1947267245 33.0221024583 34.3671120778 33.3627203753 33.568135137 33.1006792984 34.3884465947 33.7152016497 33.1423741284 74.1948007094 74.1948007094 74.1948007094
34.0552174121 34.0583864562 33.2753047321 34.294817453 33.5516866085 33.1901485563 33.322556532 33.550384972 33.3265615954 33.6601106676 33.5415028102 34.0361664075 33.8904232019 33.3406203009 33.5773216714 33.5197721495 33.462393071 55.318567003 55.318567003 55.318567003 33.4437483789 33.8671397294 34.3843561589 34.061845359 33.0416606615 34.1351463961 33.4023429429 69.6407414988 48.7760995129 48.7760995129 33.7833856328 33.9502842992 33.0814317995 33.861478182 69.7478714073 69.7478714073 34.2187478232 33.6447586996 34.1734128038 33.4729499707 33.7552750264 34.4011852959 33.0781952297 33.5800191761 33.8932922887 33.4498041224 33.0413036191 34.3032023531 33.4871244834 34.0813368456 57.2481300657 57.2481300657 57.2481300657
34.3193409939 33.9628710889 33.3092773654 34.1778598175 33.8331330647 34.1233051909 33.8024334898 33.4852764571 33.8793517049 34.1639423398 33.0414070261 34.1831123767 34.4137815181 33.8196164259 33.5491252292 33.3370823588 33.7492112968 53.8790203432 53.8790203432 68.861264623 33.6215820489 52.7375142648 34.2653345935 34.28196127 33.5621150083 33.8040226551 34.304217506 34.0986070353 69.6407414988 69.6407414988 33.8494798194 33.5201234242 33.0056415746 69.7478714073 69.7478714073 69.7478714073 33.3400945597 33.6928185948 33.6759258998 33.0577842299 33.1513309631 33.5616082743 33.9511025406 34.2222153688 33.5942852261 33.0720588823 33.7417305197 33.6191219413 34.0563795807 34.1350257966 57.2481300657 57.2481300657 57.2481300657
33.6780984585 34.2544619237 33.3959354461 34.113449 34.2559021816 33.4755278617 33.8306953454 33.1834224615 33.9950217068 33.4702568428 33.2175167171 33.8395087295 34.1126897636 34.1061879038 33.3633120719 33.0645446665 33.144492616 53.8790203432 53.8790203432 33.1126200278 34.1746992546 52.7375142648 52.7375142648 51.4604547873 51.4604547873 60.568662528 33.2957466425 42.0837801031 34.1855913294 33.5223390732 34.1399142046 34.3231414539 34.2167078694 55.8687450243 51.8870065524 51.8870065524 33.7281824252 33.56234378 33.9515783243 33.2762429803 33.1733199947 33.5060933056 33.5535456463 34.0120117656 33.1434939455 74.8537452841 33.8573357557 33.0132408068 33.1398685459 33.3028833643 70.153818329 71.0151790646 71.0151790646
33.9883576035 33.2947917024 33.02703666 33.6652539873 33.0847703975 33.9858723252 33.6782787475 33.7535788893 34.1797330375 34.0222694688 33.3119113607 33.7970779862 33.7284832089 33.2466212285 33.7388041746 34.3538396111 58.4741604765 59.4169787124 59.4169787124 69.5531076211 33.3004903398 52.7375142648 52.7375142648 51.4604547873 51.4604547873 34.026042935 60.568662528 33.7053255122 33.6036195233 33.2892036776 72.6010999814 69.0481422693 33.3570258995 51.8870065524 51.8870065524 51.8870065524 33.2855397988 34.0793422033 57.1551407532 57.1551407532 33.7492767062 33.1799709271 55.0101203906 46.3510092984 34.1462382619 74.8537452841 74.8537452841 34.0456823953 52.5733077641 52.5733077641 80.4565914125 33.3523905442 60.6117334968
33.2609467172 33.886276816 34.0473099386 33.5048918107 33.7553504706 33.1216485054 33.2011403736 33.6571242409 33.9878147921 33.7154856965 33.0493313597 33.3577682156 33.3278218144 33.5253308627 33.2084606026 34.3607550675 34.151130037 62.9393913036 62.9393913036 43.8521946433 33.902529181 52.7375142648 33.8792550675 51.4604547873 33.3188772355 34.2182903286 42.0837801031 33.702659897 33.9928278214 72.6010999814 34.2653504927 33.6996618337 34.134637962 33.1559503462 64.2164109254 64.2164109254 33.634636973 34.0119362729 57.1551407532 57.1551407532 33.4665657718 46.3510092984 46.3510092984 46.3510092984 34.2299716012 74.8537452841 74.8537452841 33.0432564441 52.5733077641 52.5733077641 80.4565914125 80.4565914125 33.2525907435
34.2217919453 34.0048266161 33.9474975565 34.0112867475 33.6623020999 33.8658061327 33.2604788818 34.0542465914 34.3637786295 34.3660406271 33.0541895366 33.7714523737 33.8890551037 33.8809903023 34.2666052311 33.2197182352 34.2926540937 62.9393913036 62.9393913036 33.7204702446 34.297038272 33.1398449281 33.5579755431 33.8687403541 33.5345690567 33.0923545609 34.1683340928 33.0009874779 33.1693417699 34.1649619844 33.6704705246 33.2485365136 33.5945932662 64.2164109254 64.2164109254 64.2164109254 34.2361670106 34.0303027417 57.1551407532 33.3697758514 33.8046887323 34.1825231686 46.3510092984 46.3510092984 47.7445388193 74.8537452841 33.0293725858 34.2289351636 52.5733077641 33.0904444381 33.727116346 80.4565914125 33.6706905749
33.9763728122 34.2831418055 34.3863268972 34.3045889615 34.17862106 34.2957871938 33.1440667819 34.070014635 33.6918477344 33.1453292483 33.850158159 33.3762263196 34.2900064496 34.156182095 33.4013243029 57.2877458739 33.8985014052 33.4856504918 33.8495262037 33.5443877692 33.4845668153 33.9408571133 33.8032664655 33.0301215404 33.2254540397 34.2626260286 33.7668791349 33.3606790576 33.2460767234 33.8002820084 33.9271179421 33.0689727449 33.1174807422 34.1942488147 34.3327046766 34.3478603991 33.4323043544 33.0142314791 34.4075618744 34.0488052162 33.5202875269 34.2085002098 63.6045414432 47.7445388193 47.7445388193 34.0107971004 33.7241400484 33.9253678027 33.4519603918 33.8380044401 33.5283331983 34.0773875215 34.1926205026
33.6989774918 33.093964329 33.8445749485 33.0295734403 33.6786656368 34.0232428422 34.151005426 34.3279659152 33.7261259581 33.0943547388 33.1405101818 33.0966986585 56.2945718606 71.0460394366 71.0460394366 33.381028665 33.3665916422 34.2688894679 33.0559275236 34.3743191435 33.1632484131 33.505925853 34.3408463287 33.4483161098 33.52991126 33.0519369368 33.9465874392 33.225242567 33.9721535615 34.0097723866 33.377623566 33.1754294179 33.4340395173 34.1852850271 34.3226329542 33.1186097105 34.1338877948 33.3851174549 33.0773999459 34.0234581841 33.8383450811 33.8665392739 33.7930877641 46.5990708329 46.5990708329 34.3444131251 33.9601171967 33.1476496097 34.0807015429 33.5654235565 33.4156211617 34.408255171 33.7739746262
34.1634152658 33.5174969569 34.2810813837 34.1162444064 33.5114259486 34.0826541039 33.7530235445 34.264632897 34.0652888782 34.1595719672 33.2684548392 84.6102473256 56.2945718606 71.0460394366 71.0460394366 33.6175828094 33.6962373808 33.3175919965 33.4542704506 34.0850660768 34.1158120591 34.2012107928 33.6547861358 33.0368756747 33.7497310895 34.002029388 33.8036768688 33.6739577853 33.1979143744 33.0419688088 33.6636632997 33.3145274571 33.9461499333 33.4803950389 33.0684071916 34.3692833175 33.323013751 33.1319009187 33.6706301105 33.7894220201 34.1099064063 33.2614914617 46.5990708329 46.5990708329 46.5990708329 33.2183541182 33.9244232929 33.334451212 33.2074239151 34.2879078176 33.4783185009 34.0995293414 34.3677341746
34.0230493044 33.5205063335 33.7368868121 34.198173514 33.4861594893 34.1717839002 33.686420901 33.9495442809 71.4996732191 71.4996732191 68.8746575302 84.6102473256 84.6102473256 34.3317420979 56.2945718606 33.0447592875 33.7842437088 33.8161953661 34.3011099817 34.0689726617 33.2685875465 33.6677055152 33.5240043336 34.1306793211 33.41799073 34.0339518765 33.283823835 33.5439287937 33.959298616 33.2564552192 34.0438821375 33.3581509137 33.6658197199 33.197281186 34.1925588971 33.8780731499 34.111723349 33.6490723495 33.6266616952 33.9802355622 33.0593433359 34.0947409019 58.5767739278 33.6105396587 33.1000579569 33.5178850393 33.4020907012 33.2770048715 33.3578318233 34.2960675213 34.2549905815 33.8031213539 34.2940748568
33.2928431983 34.3906092606 33.122987495 33.4975069024 34.3097035492 33.011345965 33.928230938 33.4268259852 71.4996732191 71.4996732191 47.9757080025 84.6102473256 84.6102473256 33.6383600374 34.3742663827 33.0903043856 33.1686577324 34.1047751916 33.5512465116 33.6205611898 34.0321731513 33.1937017459 34.1755292316 33.7969513802 33.3974871726 33.4312439143 33.6649952243 33.2980710594 34.2331235054 33.9635335227 33.1319508831 33.284784479 33.4957405799 34.1392782019 33.3761276609 33.0904380282 34.4121802956 33.8991715454 33.1989185532 33.9371174519 58.5767739278 82.8122453115 82.8122453115 82.8122453115 53.4525809707 33.2612507162 33.7454183811 34.2213317068 33.2450435127 33.1189858504 33.2359964773 34.1566946993 34.2232229116
0 34.0382340449 33.6635713422 33.7607548224 33.5149797039 66.9549299266 66.9549299266 66.9549299266 53.8259969814 71.4996732191 33.5237403556 33.8202979513 33.9971572751 33.9612193423 33.0107789975 33.5717086869 33.8632947116 33.3629270668 33.2416354419 34.0596167477 33.9036160015 33.3727972427 34.3250469389 33.5180580999 34.1132094923 33.0133848046 33.7682250202 34.2861492036 33.3411966326 33.1989893888 33.4504598395 34.262673464 33.5963004617 33.2097613373 33.405403769 33.2890808657 33.5691313542 34.1867679853 33.2396169179 33.0938814936 33.4767104101 33.2928574243 82.8122453115 53.4525809707 53.4525809707 33.2243259012 33.5944004615 34.3050814822 33.537405046 34.1361892912 33.9889565968 34.0227923476 33.0259943535
0 33.3745630426 34.3683335594 33.2984462162 33.5652749979 33.9280785878 66.9549299266 66.9549299266 33.7372582276 34.3373643687 33.9292868065 33.881225971 33.8099917469 34.4087782713 34.3669641126 33.428386158 34.3137929973 33.3425663147 33.7881371574 33.0912464263 33.904816508 33.1220651847 34.2300825067 34.3870451773 34.1237216455 33.3713614137 33.52150094 34.1600562991 33.6733608596 33.7524206814 33.9214265176 34.0993068792 34.4021704134 33.1689887325 34.3325483956 33.6193165384 33.4558260488 33.9186012418 33.8425355514 33.8421183467 34.1581735378 82.7998498899 52.1033588873 51.7567545046 51.7567545046 51.7567545046 33.5769219564 33.2269041378 33.2030420242 34.0939175147 33.8607722966 34.2126433844 33.0418089021
0 34.0349485341 33.2947814446 33.5143152689 69.226055435 69.226055435 33.2924729189 33.2772692533 33.398936894 33.5955097634 33.9528747244 33.0272404624 34.2422579305 33.9971617993 34.3547935066 33.6325014882 34.2687477773 33.1532778844 34.3955152171 34.2520393574 34.146778755 33.5131328186 34.1537249756 33.178138353 33.4490493423 33.0907485055 33.9678999682 34.0137780524 34.3002353761 33.5200247819 34.2917278713 34.0000713088 33.7563239336 33.4100003592 33.9224237728 33.7692721233 33.2431614893 33.4434186512 33.4697995651 34.3918200903 33.8385732384 52.1033588873 52.1033588873 52.1033588873 51.7567545046 33.5361101395 33.0652254429 33.2763121614 33.391527072 33.7932885927 33.0684346856 33.3038219586 33.3136152181
0 0 33.8043808418 34.3275951917 69.226055435 69.226055435 33.3712002147 33.653559065 33.6804712888 33.1781484016 33.4135536186 33.6553100556 33.9211392142 34.0003190898 33.1321075625 33.8534836582 34.0918742589 34.2165683062 34.3153322841 33.8452484701 33.6387471889 34.4064896293 33.5566529397 34.1610811398 33.6068571803 33.855841417 33.4862916459 34.3850450203 34.3096450727 33.3137240923 34.1533456186 34.0046306363 33.2637553175 33.4820628882 34.0112549131 34.3577251197 33.6220509015 33.2404088171 33.9220303652 33.0351968338 33.3600529207 62.2553733222 62.2553733222 80.5418996865 80.5418996865 33.2824047107 33.6733762634 34.2105707364 33.0499819015 34.0529098464 33.0971503339 33.6330942749 33.8581354991
0 0 51.5089735434 33.1516189368 33.0292835074 33.8605733237 34.1582048616 33.0291208232 33.2351317823 33.5821262854 33.5406746118 34.2888659371 33.7993227485 34.0580555843 33.2574436396 33.4924123729 34.260653945 33.347559376 33.1474255341 34.1764600314 33.9528708759 34.3715995985 34.3919933316 34.3129063198 33.4824530147 34.3599381799 33.1817800569 34.2481271179 33.9952509167 33.416393629 33.5075030164 34.0236224333 33.9401952713 33.5352684435 33.1601248899 34.3578390376 33.3179304769 33.6229532019 33.5509601476 33.5705818748 33.8085678782 62.2553733222 56.5780826337 56.5780826337 56.5780826337 56.5780826337 33.2834842884 34.1975284987 33.0650223158 33.3135832167 33.5254916018 33.5926141191 33.8939545222
25.2448409191 12.7851095306 24.666319739 71.0909066731 71.0909066731 33.6660265452 34.396190222 33.3675547544 33.1458468303 33.4134313488 34.3938783311 33.5326243826 33.6588700261 33.1206628181 33.2301763146 33.6308372551 34.2298976196 33.9652912225 34.2535599717 33.0683559803 34.0310466305 33.8839092446 33.5276287454 33.8078888626 33.0331825905 33.3776234886 33.2935833995 33.5405514217 33.1762071988 33.6586998423 33.8394492055 33.4738563096 33.3693101939 33.6759786391 34.0897355713 33.7497707208 34.0092426457 34.0000592897 33.8450035973 33.6990242469 34.2640866491 79.0033580723 79.0033580723 56.5780826337 56.5780826337 33.8566965264 33.2166815822 33.7898741734 33.0664641906 33.5752279103 34.2437877789 33.8233161155 33.8931199976
32.6226828076 14.7356703229 22.9230522994 57.4000702438 55.15305356 0 34.1898647066 33.451450124 33.3205608912 33.1430931206 34.2811295561 33.2016035794 33.8156518161 33.2787721625 33.6899450014 33.491241531 33.8402934515 33.3533704668 33.5098706355 34.0254845735 34.1283355026 33.1494739972 34.3894526134 34.0818724305 33.0077663255 33.0379235329 33.1423424462 33.2498309752 33.7634965897 33.0748655237 33.1001007133 33.490760737 34.3611807071 33.7317319985 34.2985840256 33.0828171234 33.8861603663 34.2065153171 33.573590562 34.376110291 33.3789535139 79.0033580723 79.0033580723 79.0033580723 58.6897400735 33.8089192204 34.2676291042 33.971209464 33.3759187362 33.0903154333 33.9832433994 33.908224203 34.0596300524
27.1214849858 32.3954650921 12.5239577294 63.5203944017 0 0 33.5475047119 33.7043732428 33.2373254233 34.3263015785 34.3577870235 33.4674407849 33.0563646736 33.8116030395 33.142326621 33.4165366959 33.8006746509 34.1853432912 33.8808810068 33.8122387248 34.0647179791 33.3540350684 34.1872007333 34.1786825118 34.2955893515 33.1296760295 34.2783563657 33.3510005937 34.1769055613 33.0551291381 33.6030548877 33.5612592582 33.1125255513 34.2897174946 33.967477086 33.3952399868 33.1591162688 33.2410952343 33.2383943028 34.2293308909 33.406402586 53.2026255411 53.2026255411 53.2026255411 58.6897400735 56.3427119014 33.7533129258 34.1627710565 33.8798120787 33.7951515997 33.5787773222 33.2918464218 33.7001069791
56.9541040511 48.4429867836 48.4429867836 0 0 0 33.8038571486 33.4806734184 33.9171001508 33.3094232872 34.1807273427 34.4054905367 33.1221858639 33.7003342477 33.4745128419 33.5035112723 34.2121295085 34.2053868581 34.2105368809 33.5614758122 34.2535507338 33.8820778661 33.6535018519 33.5129890136 33.7869525057 33.936885933 33.0876304353 34.1266087839 34.0913957341 33.4871865843 34.300553273 34.0844150379 33.787023688 33.0361376877 33.5423246759 33.2421018961 33.5524452083 33.9094854317 34.1614260753 33.7671458052 33.5003093963 63.1888859254 33.9242118071 54.7100609414 54.7100609414 34.4117536026 34.0096083379 34.3094536112 34.3201004129 34.1003405218 33.112575026 33.8171106753 33.4687990808
