Spatial_Output/BAU/BAU_0885.asc
NCOLS 155
NROWS 192
XLLCORNER 196307.867259
YLLCORNER 449144.565805
CELLSIZE 33.573938
NODATA_VALUE NaN
[rows 105 to 139 of 192, columns 0 to 78 of 155]
0 0 0 0 0 0 0 0 0 0 0 0 0 0 0 0 0 0 0 0 0 0 0 0 0 44.7371642753 69.9892012426 13.87 13.87 13.87 19 19 19 19 19 19 19 19 19 19 19 19 19 19 19 19 19 19 49.9464206511 49.9464206511 49.9464206511 19 19 19 33.594377077 33.594377077 33.594377077 19 19 19 19 19 19 37.9962692886 37.9962692886 37.9962692886 19 19 19 19 19 19 19 61.0617661015 61.0617661015 50.5237407696 50.2480286876 50.2480286876 50.2480286876
0 0 0 0 0 0 0 0 0 0 0 0 0 0 0 0 0 0 0 0 0 0 0 0 76.3567426032 39.0508946372 39.0508946372 19 19 19 19 19 19 19 19 19 19 19 19 19 19 19 19 19 19 19 19 19 65.5032850625 46.8782580321 65.5032850625 19 19 19 45.9756391503 33.9905101313 45.9756391503 19 19 19 19 19 19 31.7511778967 37.9962692886 31.7511778967 19 19 19 19 19 19 19 61.0617661015 19 19 52.3305955762 52.3305955762 19
0 0 0 0 0 0 0 0 0 0 0 0 0 0 0 0 0 0 0 0 0 0 0 30.6949916754 30.6949916754 39.0508946372 39.0508946372 19 19 19 19 19 19 19 19 19 19 19 19 19 19 19 19 19 19 19 19 19 46.8782580321 66.2047048359 66.2047048359 19 19 19 55.0146059797 55.0146059797 55.0146059797 19 19 19 19 19 19 31.7511778967 19 19 19 19 19 19 19 19 19 19 19 19 55.0610979435 55.0610979435 52.3305955762
0 0 0 0 0 0 0 0 0 0 0 0 0 0 0 0 0 0 0 0 0 0 0 30.6949916754 30.6949916754 30.6949916754 38.4640072516 39.0508946372 19 19 19 19 19 19 19 19 19 19 19 19 19 19 19 19 19 19 19 19 62.6360658209 66.2047048359 66.2047048359 19 19 52.2472525525 33.9905101313 55.0146059797 19 19 19 19 19 19 19 40.6383779279 19 19 19 19 19 19 19 19 19 19 19 19 55.0610979435 55.0610979435 19
0 0 0 0 0 0 0 0 0 0 0 0 0 0 0 0 0 0 0 0 0 0 0 50.37929478 50.37929478 0 0 0 19 19 19 19 19 19 19 19 19 19 19 19 19 19 19 19 19 19 19 19 19 43.8074756185 43.6815331851 19 19 70.4173411945 51.6156761973 51.6156761973 51.6156761973 19 19 19 19 19 19 19 19 19 19 19 19 19 19 19 19 19 19 19 63.8645599309 63.8645599309 19
0 0 0 0 0 0 0 0 0 0 0 0 0 0 0 0 0 0 0 0 0 0 50.37929478 50.37929478 50.37929478 0 0 0 0 19 19 19 19 19 19 19 19 19 19 19 19 19 19 19 19 19 19 19 51.7669821007 51.7669821007 51.7669821007 19 19 19 51.6156761973 51.6156761973 19 19 41.5739930623 76.4829112434 19 19 19 19 19 19 19 36.2830730264 19 19 44.0385883148 65.3577380326 53.4372651693 49.7793005006 43.2251281433 60.2946946798 60.2946946798 73.3454394936 35.8857360486
0 0 0 0 0 0 0 0 0 0 0 0 0 0 0 0 0 0 0 0 0 50.37929478 50.37929478 50.37929478 0 0 0 0 0 19 19 19 19 19 19 19 19 19 19 19 19 19 19 19 19 19 19 19 42.3862252711 51.7669821007 51.7669821007 19 19 48.5651723764 48.5651723764 48.5651723764 49.9762813349 41.5739930623 76.4829112434 76.4829112434 51.2033649485 51.2033649485 19 55.9512558659 55.9512558659 19 44.6272451266 36.2830730264 36.2830730264 19 44.0385883148 44.0385883148 65.3577380326 65.3577380326 60.2946946798 60.2946946798 60.2946946798 35.8857360486 35.8857360486
0 0 0 0 0 0 0 0 0 0 0 0 0 0 0 0 0 0 0 0 0 50.37929478 50.37929478 0 0 0 0 0 0 0 19 19 19 19 19 19 19 19 19 19 19 19 19 19 19 19 19 19 19 19 51.7669821007 19 19 19 48.5651723764 48.5651723764 19 41.5739930623 76.4829112434 76.4829112434 51.2033649485 51.2033649485 19 55.9512558659 55.9512558659 48.9705559872 19 36.2830730264 36.2830730264 19 44.0385883148 44.0385883148 65.3577380326 49.7793005006 43.2251281433 60.2946946798 60.2946946798 73.3454394936 35.8857360486
0 0 0 0 0 0 0 0 0 0 0 0 0 0 0 0 0 0 0 0 0 0 0 0 0 0 0 0 0 0 0 19 19 19 19 19 19 19 19 19 19 19 19 19 19 19 19 19 19 45.0745518703 19 43.6913213544 19 19 19 59.085408022 49.9762813349 19 54.5241257628 19 19 48.669062366 19 19 48.9705559872 19 19 19 19 19 19 19 19 19 19 19 30.7644483121 30.7644483121 30.7644483121
0 0 0 0 0 0 0 0 0 0 0 0 0 0 0 0 0 0 0 0 0 0 0 0 0 0 0 0 0 0 0 19 19 19 19 19 19 19 19 19 19 19 19 19 19 19 19 19 19 19 19 19 19 19 19 49.4082321524 19 19 19 19 19 19 19 19 19 19 19 19 19 19 19 19 19 19 19 19 42.4809719029 42.4809719029 42.4809719029
0 0 0 0 0 0 0 0 0 0 0 0 0 0 0 0 0 0 0 0 0 0 0 0 0 0 0 0 0 0 0 0 19 19 19 19 19 19 19 19 19 19 19 19 19 19 19 19 19 45.0745518703 45.0745518703 19 19 19 39.6554515032 64.5149159883 19 19 19 19 19 19 19 47.0490372591 19 19 19 19 19 19 19 19 19 19 19 19 42.4809719029 42.4809719029 52.89940123
0 0 0 0 0 0 0 0 0 0 0 0 0 0 0 0 0 0 0 0 0 0 0 0 0 0 0 0 0 0 0 0 19 19 19 19 19 19 19 19 19 19 19 19 19 19 19 19 45.0745518703 45.0745518703 45.0745518703 19 19 39.6554515032 39.6554515032 68.8454883405 19 19 19 19 19 19 19 19 19 19 19 19 19 19 19 19 19 19 19 51.2655501127 52.5100335898 52.5100335898 52.5100335898
0 0 0 0 0 0 0 0 0 0 0 0 0 0 0 0 0 0 0 0 0 0 0 0 0 0 0 0 0 0 0 0 0 19 19 19 19 19 19 19 19 19 19 19 19 19 19 19 41.6668436243 41.6668436243 59.557146765 19 49.5219665498 68.8454883405 39.6554515032 19 19 19 19 50.4013074962 19 54.0253439825 19 19 19 19 19 19 19 19 19 19 19 19 19 51.2655501127 52.5100335898 52.5100335898 74.6825294452
0 0 0 0 0 0 0 0 0 0 0 0 0 0 0 0 0 0 0 0 0 0 0 0 0 0 0 0 0 0 0 0 0 19 19 19 19 19 19 19 19 19 19 19 19 19 19 19 45.5988150754 41.6668436243 59.557146765 28.6155393781 28.6155393781 49.5219665498 50.4802138973 19 48.9765165425 48.9765165425 50.4013074962 50.4013074962 47.2335042508 47.2335042508 58.9657177345 19 19 19 19 19 19 19 19 19 19 19 19 19 51.2655501127 74.6825294452 49.1717356496
0 0 0 0 0 0 0 0 0 0 0 0 0 0 0 0 0 0 0 0 0 0 0 0 0 0 0 0 0 0 0 0 0 0 19 19 19 19 19 19 19 19 19 19 19 19 19 33.7510466938 19 59.557146765 59.557146765 28.6155393781 28.6155393781 49.5219665498 19 48.9765165425 48.9765165425 57.6743043655 19 50.4013074962 47.2335042508 47.2335042508 58.9657177345 19 19 19 19 19 19 19 19 19 19 19 19 19 19 36.5586300369 49.1717356496
0 0 0 0 0 0 0 0 0 0 0 0 0 0 0 0 0 0 0 0 0 0 0 0 0 0 0 0 0 0 0 0 0 0 0 19 19 19 19 19 19 19 40.6005957046 40.6005957046 19 19 19 19 33.7510466938 33.7510466938 19 19 28.6155393781 39.2494153996 19 19 57.6743043655 57.6743043655 41.3077068718 19 19 58.9657177345 19 19 19 19 19 19 19 19 19 19 19 19 19 19 19 49.1717356496 49.1717356496
0 0 0 0 0 0 0 0 0 0 0 0 0 0 0 0 0 0 0 0 0 0 0 0 0 0 0 0 0 0 0 0 0 0 0 19 19 30.163198723 46.7813588215 46.7813588215 19 50.850369207 40.6005957046 40.6005957046 19 19 19 19 19 19 19 19 19 19 19 19 19 55.4759405915 55.4759405915 39.9580495932 19 19 19 19 19 19 19 19 19 19 19 19 19 19 19 19 19 19 50.4313158448
0 0 0 0 0 0 0 0 0 0 0 0 0 0 0 0 0 0 0 0 0 0 0 0 0 0 0 0 0 0 0 0 0 43.0772482245 36.5813986978 54.6422418963 30.163198723 30.163198723 46.7813588215 46.7813588215 46.7813588215 50.850369207 19 19 19 19 19 19 19 51.6828880545 19 19 19 19 19 19 19 55.4759405915 55.4759405915 19 19 19 19 19 19 19 19 19 19 19 19 19 19 19 19 19 19 19 19
0 0 0 0 0 0 0 0 0 0 0 0 0 0 0 0 0 0 0 0 0 0 0 0 0 0 0 0 0 0 48.2909749713 40.4301407631 36.8623953971 29.8276169559 40.096814507 36.5813986978 30.163198723 30.163198723 30.163198723 46.7813588215 19 19 19 19 19 19 19 19 39.1728889961 19 19 19 19 19 19 19 19 19 19 34.4812473476 34.4812473476 36.787364545 62.6468728344 19 19 19 19 19 19 19 19 19 19 19 19 19 19 19 19
0 0 0 0 0 0 0 0 0 0 0 0 0 0 0 0 0 0 0 0 0 0 0 0 0 0 0 0 35.3544412289 69.6998721621 48.2909749713 40.8487614019 44.0491663064 33.3254372398 31.171005962 36.5813986978 38.1954278179 19 19 19 19 19 19 19 19 19 19 39.1728889961 39.1728889961 19 19 19 19 19 19 19 19 19 19 34.4812473476 34.4812473476 19 19 19 19 19 19 19 19 19 19 19 19 19 19 19 19 19 19
0 0 0 0 0 0 0 0 0 0 0 0 0 0 0 0 0 0 0 0 0 0 0 0 0 37.5995568224 38.964794492 61.0507506477 61.0507506477 42.9504742536 48.2909749713 40.8487614019 35.4735288778 35.7718201727 41.9803808125 54.7063549248 0 0 19 19 19 19 19 19 19 19 19 49.2406391009 19 19 19 19 19 19 19 19 19 19 19 19 19 36.787364545 19 19 19 19 19 19 19 19 19 19 19 19 19 19 19 19 19
0 0 0 0 0 0 0 0 0 0 0 0 0 0 0 0 0 0 0 0 0 0 0 0 0 37.5995568224 38.964794492 61.0507506477 61.0507506477 69.6998721621 42.9504742536 56.5162484141 40.8487614019 55.145741716 0 0 0 0 19 19 19 19 19 19 19 43.7597344806 43.7597344806 43.7597344806 19 19 19 19 19 39.3765820149 19 19 32.1120390892 51.2259851799 51.2259851799 19 19 19 19 19 19 19 19 19 19 19 19 19 19 19 19 19 19 19 19
0 0 0 0 0 0 0 0 0 0 0 0 0 0 0 0 0 0 0 0 0 0 0 0 0 57.1963571753 37.5995568224 39.3058894857 61.0507506477 50.6089134352 0 0 0 0 0 0 0 0 0 19 19 19 19 19 19 19 43.7597344806 43.7597344806 19 19 19 19 19 39.3765820149 39.3765820149 32.1120390892 51.2259851799 51.2259851799 51.2259851799 19 19 19 19 19 19 19 19 19 19 19 19 42.6370714549 56.4736790935 44.8416959801 43.2819472308 71.2399787635 50.5953843395 19 19
0 0 0 0 0 0 0 0 0 0 0 0 0 0 0 0 0 0 0 0 0 0 0 0 0 0 0 0 0 0 0 0 0 0 0 0 0 0 0 0 19 19 19 19 19 49.2406391009 49.2406391009 19 19 19 19 19 19 39.3765820149 39.3765820149 56.2873629803 19 32.1120390892 51.2259851799 19 19 19 19 19 19 19 63.6764326804 63.6764326804 58.5358652506 44.8293399042 54.3709279102 54.3709279102 42.6370714549 56.4736790935 43.2819472308 43.2819472308 71.2399787635 50.5953843395 19
0 0 0 0 0 0 0 0 0 0 0 0 0 0 0 0 0 0 0 0 0 0 0 0 0 0 0 0 0 0 0 0 0 0 0 0 0 0 0 0 0 19 19 19 19 19 19 19 19 19 19 19 19 19 39.3765820149 19 19 19 19 19 19 19 19 19 19 19 63.6764326804 63.6764326804 58.5358652506 44.8293399042 54.3709279102 54.3709279102 42.6370714549 56.4736790935 43.2819472308 71.2399787635 19 19 19
0 0 0 0 0 0 0 0 0 0 0 0 0 0 0 0 0 0 0 0 0 0 0 0 0 0 0 0 0 0 0 0 0 0 0 0 0 0 0 0 0 19 19 19 19 19 19 19 19 19 19 19 19 19 19 19 19 19 19 19 19 19 19 19 19 19 63.6764326804 63.6764326804 58.5358652506 44.8293399042 19 19 19 19 19 19 19 19 19
0 0 0 0 0 0 0 0 0 0 0 0 0 0 0 0 0 0 0 0 0 0 0 0 0 0 0 0 0 0 0 0 0 0 0 0 0 0 0 0 0 0 19 19 19 19 79.0747472996 19 19 19 19 19 19 19 19 19 19 19 19 19 19 19 19 19 19 19 19 19 19 19 19 19 19 19 19 19 19 19 19
0 0 0 0 0 0 0 0 0 0 0 0 0 0 0 0 0 0 0 0 0 0 0 0 0 0 0 0 0 0 0 0 0 0 0 0 0 0 0 0 0 0 0 19 19 42.7446523196 42.7446523196 42.7446523196 19 19 19 19 19 19 19 47.1515143816 69.5530481947 19 19 19 19 19 19 19 19 19 19 19 19 19 19 19 19 19 19 19 19 19 19
0 0 0 0 0 0 0 0 0 0 0 0 0 0 0 0 0 0 0 0 0 0 0 0 0 0 0 0 0 0 0 0 0 0 0 0 0 0 0 0 0 0 0 19 41.3364123842 42.7446523196 42.7446523196 19 19 19 19 19 19 19 41.0300492945 69.5530481947 69.5530481947 69.5530481947 19 19 19 19 19 19 19 19 19 19 19 19 19 19 19 19 19 19 19 19 19
0 0 0 0 0 0 0 0 0 0 0 0 0 0 0 0 0 0 0 0 0 0 0 0 0 0 0 0 0 0 0 0 0 0 0 0 0 0 0 0 0 0 0 0 19 19 19 19 19 19 19 19 19 41.0300492945 41.0300492945 47.1515143816 69.5530481947 69.5530481947 19 19 19 19 19 19 19 19 19 19 19 19 19 19 19 19 19 19 19 19 19
0 0 0 0 0 0 0 0 0 0 0 0 0 0 0 0 0 0 0 0 0 0 0 0 0 0 0 0 0 0 0 0 0 0 0 0 0 0 0 0 0 0 0 0 19 43.149273164 34.6174843925 19 19 19 19 19 19 19 19 19 19 19 19 19 19 19 19 19 19 19 19 19 19 19 19 19 19 19 19 19 19 19 19
0 0 0 0 0 0 0 0 0 0 0 0 0 0 0 0 0 0 0 0 0 0 0 0 0 0 0 0 0 0 0 0 0 0 0 0 0 0 0 0 0 0 0 0 19 19 34.6174843925 34.6174843925 34.6174843925 19 19 19 19 54.5495081978 19 19 19 19 19 19 19 19 19 19 19 19 19 19 19 19 19 19 19 19 19 19 19 19 19
0 0 0 0 0 0 0 0 0 0 0 0 0 0 0 0 0 0 0 0 0 0 0 0 0 0 0 0 0 0 0 0 0 0 0 0 0 0 0 0 0 0 0 0 0 34.6174843925 34.6174843925 64.9320433795 19 19 19 19 19 19 19 19 19 19 19 19 19 19 19 19 19 19 19 19 19 19 19 19 19 19 19 19 19 19 19
0 0 0 0 0 0 0 0 0 0 0 0 0 0 0 0 0 0 0 0 0 0 0 0 0 0 0 0 0 0 0 0 0 0 0 0 0 0 0 0 0 0 0 0 0 19 64.9320433795 64.9320433795 64.9320433795 19 19 19 19 19 19 19 19 19 19 19 19 19 19 19 19 19 19 19 19 19 19 19 19 19 19 19 19 19 19
0 0 0 0 0 0 0 0 0 0 0 0 0 0 0 0 0 0 0 0 0 0 0 0 0 0 0 0 0 0 0 0 0 0 0 0 0 0 0 0 0 0 0 0 0 19 45.2952533849 64.9320433795 64.9320433795 64.9320433795 38.9297235258 19 19 19 19 19 19 19 19 19 19 19 19 19 19 19 19 19 19 19 19 19 19 19 19 19 19 19 19
