Spatial_Output/BAU/BAU_0916.asc
NCOLS 155
NROWS 192
XLLCORNER 196307.867259
YLLCORNER 449144.565805
CELLSIZE 33.573938
NODATA_VALUE NaN
[rows 108 to 143 of 192, columns 0 to 81 of 155]
0 0 0 0 0 0 0 0 0 0 0 0 0 0 0 0 0 0 0 0 0 0 0 30.6949916754 30.6949916754 30.6949916754 39.7746066647 42.1207062396 19 19 19 19 19 19 19 19 19 19 19 19 19 19 19 19 19 19 19 19 19 35.410194032 35.410194032 19 19 19 19 48.8232211532 19 19 19 19 19 19 19 19 19 19 19 19 19 19 19 19 19 19 19 19 19 19 19 19 19 19
0 0 0 0 0 0 0 0 0 0 0 0 0 0 0 0 0 0 0 0 0 0 0 50.37929478 50.37929478 0 0 0 19 19 19 19 19 19 19 19 19 19 19 19 19 19 19 19 19 19 19 19 19 35.410194032 35.410194032 19 19 19 48.8232211532 49.4990659224 48.8232211532 19 19 19 19 19 19 19 19 19 19 19 19 19 19 19 19 19 19 19 41.9744747831 19 41.9744747831 19 19 69.6121478101
0 0 0 0 0 0 0 0 0 0 0 0 0 0 0 0 0 0 0 0 0 0 50.37929478 50.37929478 50.37929478 0 0 0 0 19 19 19 19 19 19 19 19 19 19 19 19 19 19 19 19 19 19 19 19 43.9904550769 43.9904550769 19 19 19 49.4990659224 49.4990659224 49.4990659224 19 19 19 19 19 19 19 19 36.8573937524 40.3209655947 41.5603490947 41.5603490947 19 19 74.8172271617 19 19 19 19 19 19 19 19 19 50.7074895541
0 0 0 0 0 0 0 0 0 0 0 0 0 0 0 0 0 0 0 0 0 50.37929478 50.37929478 50.37929478 0 0 0 0 0 19 19 19 19 19 19 19 19 19 19 19 19 19 19 19 19 19 19 19 43.9904550769 51.05281872 51.05281872 67.6688555819 19 19 43.2389199955 19 45.9214042787 45.9214042787 19 39.2618934592 19 19 44.9052605981 19 19 36.8573937524 36.8573937524 41.5603490947 41.5603490947 19 19 19 74.8172271617 19 19 19 19 19 19 19 19 19
0 0 0 0 0 0 0 0 0 0 0 0 0 0 0 0 0 0 0 0 0 50.37929478 50.37929478 0 0 0 0 0 0 0 19 19 19 19 19 19 19 19 19 19 19 19 19 19 19 19 19 19 58.751450704 51.05281872 51.05281872 19 36.1344685513 36.1344685513 36.1344685513 51.2010670221 19 19 19 39.2618934592 19 19 44.9052605981 44.9052605981 71.6911459098 36.8573937524 40.3209655947 41.5603490947 41.5603490947 41.5603490947 40.3209655947 19 19 19 19 19 19 19 19 19 19 19
0 0 0 0 0 0 0 0 0 0 0 0 0 0 0 0 0 0 0 0 0 0 0 0 0 0 0 0 0 0 0 19 19 19 19 19 19 19 19 19 19 19 19 19 19 19 19 19 49.1332714581 58.751450704 58.751450704 19 19 62.3535896679 19 19 19 19 19 19 19 19 19 55.104940545 19 19 19 19 19 19 19 19 19 19 19 19 19 19 19 19 19 19
0 0 0 0 0 0 0 0 0 0 0 0 0 0 0 0 0 0 0 0 0 0 0 0 0 0 0 0 0 0 0 19 19 19 19 19 19 19 19 19 19 19 19 19 19 19 19 19 58.751450704 58.751450704 58.751450704 53.5094704046 53.5094704046 56.8613752154 36.1344685513 19 19 19 19 19 19 19 19 19 19 19 19 19 19 19 19 19 19 19 19 19 19 19 19 19 19 36.260602262
0 0 0 0 0 0 0 0 0 0 0 0 0 0 0 0 0 0 0 0 0 0 0 0 0 0 0 0 0 0 0 0 19 19 19 19 19 19 19 19 19 19 19 19 19 19 19 19 19 19 19 53.5094704046 53.5094704046 59.1241609817 45.0236001065 45.0236001065 19 19 19 19 19 19 57.9512352109 57.9512352109 19 19 19 19 19 19 19 19 19 19 19 19 19 19 19 51.5469951788 52.0180390036 19
0 0 0 0 0 0 0 0 0 0 0 0 0 0 0 0 0 0 0 0 0 0 0 0 0 0 0 0 0 0 0 0 19 19 19 19 19 19 19 19 19 19 19 19 19 19 19 19 19 19 19 48.6302768432 70.2865457013 59.1241609817 59.1241609817 59.1241609817 19 19 19 19 19 19 57.9512352109 57.9512352109 57.9512352109 19 19 19 19 19 19 19 19 19 19 19 19 19 51.5469951788 51.5469951788 51.5469951788 36.260602262
0 0 0 0 0 0 0 0 0 0 0 0 0 0 0 0 0 0 0 0 0 0 0 0 0 0 0 0 0 0 0 0 0 19 19 19 19 19 19 19 19 19 19 19 19 19 19 19 19 19 19 19 59.1241609817 59.1241609817 59.1241609817 19 19 19 19 19 71.8164861869 32.6093866914 32.6093866914 32.6093866914 19 19 19 19 19 19 19 19 19 19 19 19 19 19 60.4762315698 51.5469951788 52.0180390036 36.260602262
0 0 0 0 0 0 0 0 0 0 0 0 0 0 0 0 0 0 0 0 0 0 0 0 0 0 0 0 0 0 0 0 0 19 19 19 19 19 19 19 19 19 19 19 19 19 19 62.4696147241 19 19 19 19 19 19 19 19 19 44.6644775373 19 71.8164861869 71.8164861869 19 32.6093866914 32.6093866914 47.8071958123 19 19 19 19 19 19 19 19 19 19 19 19 60.4762315698 56.1674724017 56.1674724017 19 19
0 0 0 0 0 0 0 0 0 0 0 0 0 0 0 0 0 0 0 0 0 0 0 0 0 0 0 0 0 0 0 0 0 0 19 19 19 19 19 19 19 19 48.371817536 19 19 19 19 19 19 19 19 19 19 19 19 19 19 19 19 71.8164861869 71.8164861869 19 49.8000860801 49.8000860801 49.8000860801 19 19 19 19 19 19 19 19 19 19 19 19 56.1674724017 56.1674724017 56.1674724017 52.3022231771 19
0 0 0 0 0 0 0 0 0 0 0 0 0 0 0 0 0 0 0 0 0 0 0 0 0 0 0 0 0 0 0 0 0 0 0 19 19 19 19 19 19 69.4107000439 48.371817536 48.371817536 48.371817536 19 19 19 19 19 19 19 19 19 19 19 19 19 35.0134771579 19 19 19 34.9183869537 47.8071958123 19 19 19 19 19 19 19 19 19 19 19 19 19 19 52.3022231771 52.3022231771 40.6994327687 19
0 0 0 0 0 0 0 0 0 0 0 0 0 0 0 0 0 0 0 0 0 0 0 0 0 0 0 0 0 0 0 0 0 0 0 19 19 19 46.9132441858 19 53.747838906 53.747838906 69.4107000439 48.371817536 19 19 19 19 19 19 19 19 19 19 19 19 19 35.0134771579 35.0134771579 19 19 34.9183869537 34.9183869537 34.9183869537 19 19 19 19 19 19 19 19 19 19 19 19 19 19 40.6994327687 40.6994327687 40.6994327687 19
0 0 0 0 0 0 0 0 0 0 0 0 0 0 0 0 0 0 0 0 0 0 0 0 0 0 0 0 0 0 0 0 0 36.6976416792 36.6976416792 43.6984127257 43.6984127257 44.5298722972 44.5298722972 46.9132441858 53.747838906 53.747838906 69.4107000439 19 19 19 19 19 19 19 19 19 19 19 19 19 19 35.0134771579 35.0134771579 19 19 49.1513679922 49.1513679922 35.4535432135 19 19 19 19 19 19 19 19 19 19 19 19 19 19 19 71.1163453828 40.6994327687 19
0 0 0 0 0 0 0 0 0 0 0 0 0 0 0 0 0 0 0 0 0 0 0 0 0 0 0 0 0 0 48.2909749713 40.4301407631 34.7361545179 40.7620191715 32.9237620021 43.6984127257 43.6984127257 44.5298722972 46.9132441858 46.9132441858 19 19 19 19 19 19 19 19 19 19 19 19 19 19 19 19 19 19 44.0261497354 44.0261497354 19 49.1513679922 48.9537870928 19 19 19 19 19 19 19 19 19 19 19 19 19 19 19 19 41.943811863 41.943811863 19
0 0 0 0 0 0 0 0 0 0 0 0 0 0 0 0 0 0 0 0 0 0 0 0 0 0 0 0 58.0115917969 40.0103225921 42.5578261285 40.5350229369 31.6949940835 40.075574641 36.9214170189 36.6976416792 43.6984127257 43.6984127257 19 19 19 19 19 19 19 19 19 19 19 19 19 19 19 19 19 19 19 19 19 19 47.2209368847 47.2209368847 19 19 19 19 19 19 19 19 19 19 19 19 19 19 19 19 19 19 19 19
0 0 0 0 0 0 0 0 0 0 0 0 0 0 0 0 0 0 0 0 0 0 0 0 0 42.8988405735 50.6741216216 34.1587271924 34.1587271924 40.0103225921 40.0103225921 40.5350229369 30.5337325076 31.6496045106 28.7177877717 54.7063549248 0 0 19 19 19 19 19 19 19 19 45.7561669286 19 19 19 19 19 19 19 19 19 19 19 19 19 19 19 19 19 19 19 19 19 19 19 19 19 19 19 19 19 19 19 19 50.6288456322 19 19
0 0 0 0 0 0 0 0 0 0 0 0 0 0 0 0 0 0 0 0 0 0 0 0 0 42.8988405735 50.6741216216 50.6741216216 34.1587271924 40.0103225921 40.0103225921 44.4651887959 40.1334576828 45.1332057357 0 0 0 0 19 19 19 19 19 19 19 19 44.938739778 19 19 19 19 19 19 19 19 19 19 19 19 69.2170478101 69.2170478101 59.4172991741 19 19 19 19 19 19 19 19 19 19 19 19 19 19 19 19 19 52.2503815583 19 19
0 0 0 0 0 0 0 0 0 0 0 0 0 0 0 0 0 0 0 0 0 0 0 0 0 57.1963571753 42.8988405735 50.6741216216 34.1587271924 50.6089134352 0 0 0 0 0 0 0 0 0 19 19 19 19 19 19 65.0315118552 44.0516014849 44.938739778 19 19 19 19 19 19 19 19 19 19 19 59.4172991741 59.4172991741 19 19 19 19 19 19 19 19 19 19 35.3844999979 47.4879489567 56.1089645509 56.1089645509 43.2612400769 19 46.6007368961 19 19 56.1258471957 19
0 0 0 0 0 0 0 0 0 0 0 0 0 0 0 0 0 0 0 0 0 0 0 0 0 0 0 0 0 0 0 0 0 0 0 0 0 0 0 0 19 19 19 19 44.0516014849 44.0516014849 44.0516014849 44.845122043 19 73.7582422209 19 19 19 19 19 19 19 19 19 19 19 19 19 58.4276139899 19 57.760635708 19 41.2923953963 41.2923953963 19 19 35.3844999979 47.4879489567 47.4879489567 19 43.2612400769 43.2612400769 19 19 19 19 19
0 0 0 0 0 0 0 0 0 0 0 0 0 0 0 0 0 0 0 0 0 0 0 0 0 0 0 0 0 0 0 0 0 0 0 0 0 0 0 0 0 19 19 19 19 52.0411429207 44.0516014849 44.0516014849 73.7582422209 73.7582422209 19 19 19 19 19 19 19 19 19 19 19 19 19 58.4276139899 58.4276139899 19 19 41.2923953963 41.2923953963 19 59.1384658291 35.3844999979 47.4879489567 56.1089645509 56.1089645509 43.2612400769 46.6007368961 19 19 35.5698003718 55.3294534733 55.3294534733
0 0 0 0 0 0 0 0 0 0 0 0 0 0 0 0 0 0 0 0 0 0 0 0 0 0 0 0 0 0 0 0 0 0 0 0 0 0 0 0 0 19 19 19 52.0411429207 52.0411429207 52.0411429207 43.7012819827 43.7012819827 73.7582422209 19 19 19 19 19 19 19 19 19 19 19 19 19 58.4276139899 58.4276139899 57.760635708 57.8431237097 41.2923953963 19 19 19 19 47.4879489567 19 19 19 19 19 19 19 19 36.7035905514
0 0 0 0 0 0 0 0 0 0 0 0 0 0 0 0 0 0 0 0 0 0 0 0 0 0 0 0 0 0 0 0 0 0 0 0 0 0 0 0 0 0 19 19 19 48.1056781681 48.1056781681 48.1056781681 43.7012819827 19 19 19 19 19 19 19 19 19 19 52.1034968811 19 19 19 49.3478676831 19 19 19 19 19 19 19 19 19 19 19 19 19 19 19 19 19 19
0 0 0 0 0 0 0 0 0 0 0 0 0 0 0 0 0 0 0 0 0 0 0 0 0 0 0 0 0 0 0 0 0 0 0 0 0 0 0 0 0 0 0 19 19 52.6835631659 52.6835631659 19 19 19 19 19 19 19 19 19 19 47.6258009994 52.1034968811 52.1034968811 19 19 19 19 19 19 19 19 19 19 19 19 19 19 19 19 19 19 19 19 19 43.7782924248
0 0 0 0 0 0 0 0 0 0 0 0 0 0 0 0 0 0 0 0 0 0 0 0 0 0 0 0 0 0 0 0 0 0 0 0 0 0 0 0 0 0 0 19 19 19 55.4086362563 19 19 19 19 19 19 39.2947268272 39.2947268272 52.6696432016 52.6696432016 47.6258009994 19 52.1034968811 19 19 19 19 19 19 19 19 19 19 19 19 19 19 19 19 19 19 19 19 19 19
0 0 0 0 0 0 0 0 0 0 0 0 0 0 0 0 0 0 0 0 0 0 0 0 0 0 0 0 0 0 0 0 0 0 0 0 0 0 0 0 0 0 0 0 19 55.4086362563 19 19 19 19 19 19 19 39.2947268272 39.2947268272 39.2947268272 52.6696432016 47.6258009994 19 19 19 19 19 19 19 19 19 19 19 19 19 19 19 19 19 19 19 19 19 19 19 19
0 0 0 0 0 0 0 0 0 0 0 0 0 0 0 0 0 0 0 0 0 0 0 0 0 0 0 0 0 0 0 0 0 0 0 0 0 0 0 0 0 0 0 0 19 19 55.4086362563 19 19 19 19 19 51.1995312368 58.7586370896 58.7586370896 38.0883754775 19 19 19 19 19 19 19 19 19 19 19 19 19 19 19 19 19 19 19 19 19 19 19 19 19 19
0 0 0 0 0 0 0 0 0 0 0 0 0 0 0 0 0 0 0 0 0 0 0 0 0 0 0 0 0 0 0 0 0 0 0 0 0 0 0 0 0 0 0 0 19 19 19 19 19 19 19 19 19 19 19 19 19 19 19 19 19 19 19 19 19 19 19 19 19 19 19 19 19 19 19 19 19 19 19 19 19 19
0 0 0 0 0 0 0 0 0 0 0 0 0 0 0 0 0 0 0 0 0 0 0 0 0 0 0 0 0 0 0 0 0 0 0 0 0 0 0 0 0 0 0 0 0 19 19 19 19 19 19 19 19 19 19 19 19 19 19 19 19 19 19 19 19 19 19 19 19 19 19 19 19 19 19 19 19 19 19 19 19 19
0 0 0 0 0 0 0 0 0 0 0 0 0 0 0 0 0 0 0 0 0 0 0 0 0 0 0 0 0 0 0 0 0 0 0 0 0 0 0 0 0 0 0 0 0 19 19 19 19 19 19 19 19 19 19 19 19 19 19 19 19 19 19 19 19 19 19 19 19 19 19 19 19 19 19 19 19 19 19 19 19 19
0 0 0 0 0 0 0 0 0 0 0 0 0 0 0 0 0 0 0 0 0 0 0 0 0 0 0 0 0 0 0 0 0 0 0 0 0 0 0 0 0 0 0 0 0 19 19 19 19 38.0888043961 19 19 19 19 19 19 19 19 19 19 19 19 19 19 19 19 19 19 19 19 19 19 19 19 19 19 19 19 19 19 19 19
0 0 0 0 0 0 0 0 0 0 0 0 0 0 0 0 0 0 0 0 0 0 0 0 0 0 0 0 0 0 0 0 0 0 0 0 0 0 0 0 0 0 0 58.231257938 50.5068718944 50.5068718944 19 19 38.0888043961 38.0888043961 19 19 19 19 19 19 19 19 19 19 19 19 19 19 19 19 19 19 19 19 19 19 19 19 19 19 19 19 19 19 19 19
0 0 0 0 0 0 0 0 0 0 0 0 0 0 0 0 0 0 0 0 0 0 0 0 0 0 0 0 0 0 0 0 0 0 0 0 0 0 0 0 0 45.8188519962 49.0233473424 47.7902347133 50.5068718944 50.5068718944 19 19 19 19 19 19 19 19 19 19 19 19 19 19 19 19 19 19 19 19 19 19 19 19 19 19 19 19 19 19 19 19 19 19 19 19
0 0 0 0 0 0 0 0 0 0 0 0 0 0 0 0 0 0 0 0 0 0 0 0 0 0 0 0 0 0 0 0 0 0 0 0 0 0 0 37.9252888101 58.231257938 58.231257938 49.0233473424 49.0233473424 50.5068718944 50.5068718944 19 19 19 19 19 19 19 19 19 19 19 19 19 19 19 19 19 19 19 54.3880097818 54.3880097818 19 19 19 19 19 19 19 19 19 19 19 19 19 19 19
0 0 0 0 0 0 0 0 0 0 0 0 0 0 0 0 0 0 0 0 0 0 0 0 0 0 0 0 0 0 0 0 0 0 0 0 0 0 53.4244998478 53.4244998478 58.231257938 58.231257938 49.0233473424 49.0233473424 53.4244998478 0 0 19 19 19 19 19 19 19 19 19 19 19 19 19 19 19 19 19 19 54.3880097818 54.3880097818 19 19 19 19 19 19 19 19 19 19 19 19 19 19 19
