Spatial_Output/BAU/BAU_0125.asc
NCOLS 155
NROWS 192
XLLCORNER 196307.867259
YLLCORNER 449144.565805
CELLSIZE 33.573938
NODATA_VALUE NaN
[rows 78 to 103 of 192, columns 57 to 113 of 155]
44.8058728883 77.8501953999 77.8501953999 45.1097900766 45.0858424091 44.6348638735 44.5550048685 56.6955256195 56.6955256195 64.7799524646 45.1300087088 69.4930845589 60.3924957343 71.2399111824 44.7419421987 44.6671226814 63.6635313427 44.6782780101 45.1923780117 45.154966298 44.6734507809 44.671244542 44.7484303353 44.8201664533 45.184191238 44.9998620772 44.5941787829 44.940419517 45.0761490526 44.8791936225 44.7692406707 45.024105566 44.8205903364 45.2039674958 44.7469578315 44.7236975178 44.7664804053 44.8793318731 44.626356772 44.9873873266 44.6107126177 44.6057718308 44.9884079052 44.8682188258 44.9927732752 44.7754622522 45.1077835717 44.5787948731 45.1293800089 79.0863139448 79.0863139448 44.5482028217 44.7860172131 44.6504314387 44.5192665705 44.9651341763 70.9091289892
44.6314618866 77.8501953999 77.8501953999 77.8501953999 44.6583766489 44.9808878333 44.924348265 44.9389143489 56.6955256195 64.7799524646 44.7312461611 69.5677733575 70.9640644534 65.2975641609 45.0846899018 45.0969080383 44.7372099568 53.2460353514 53.2460353514 44.9343354402 45.0207529226 44.9146485384 44.9704128704 45.1217929013 44.585067271 44.8388868636 45.0940485741 44.9071899609 44.812668792 44.9310872705 45.1625777338 44.5883752723 44.7796920026 45.1168815856 44.574635903 44.758497858 44.6424854619 44.7309688625 44.5706264833 44.5753741448 44.8827808574 44.5679446159 45.1326130524 44.6895027526 44.7906768851 44.8557447728 44.9871911175 44.9168166292 45.1688357882 79.0863139448 79.0863139448 79.0863139448 77.1073247529 77.1073247529 44.7633853204 44.5973584314 44.5980626959
45.1567354311 77.8501953999 77.8501953999 45.0587281611 44.7998929414 44.7918341083 44.902364205 66.7639608123 64.7799524646 64.7799524646 64.7799524646 44.5978400296 44.6272287754 45.0793917164 44.8608369001 44.5949333072 53.2460353514 53.2460353514 53.2460353514 44.5279630682 44.9296186732 44.6517940535 44.5206526998 44.7870135379 44.870744622 44.86029552 44.9612668202 44.7595324681 45.1597244242 44.8649714891 45.1923058945 44.8056786095 44.7549251371 45.1052935821 44.6575849254 44.9112084824 45.1863102772 45.0494404904 44.7676713326 44.6720917589 44.929295171 44.8658477122 44.8050027197 45.0257777965 44.889525294 44.8246624599 44.9283893357 44.908132281 44.5229556615 44.5862924694 79.0863139448 45.0027221247 77.1073247529 44.5507879041 44.5679560604 44.6026487482 44.5496133796
44.8807365029 44.8975556388 44.6853203512 44.9318489642 44.6377612968 45.0634348606 71.7530362411 66.7639608123 66.7639608123 44.5245552121 44.6674176792 45.150944891 44.6380292637 44.7418520091 45.0371863705 44.76654892 44.7657595448 44.5029415019 75.9809393104 45.0528357207 44.9738364164 44.9576007454 45.0110995978 45.1458815991 44.9624174555 44.9777472184 44.907789921 67.9098017453 67.9098017453 44.8513929863 44.5647620782 44.5063663844 44.6823671158 44.9098953903 44.8753502127 45.1271893048 44.9184100836 44.8645293007 45.1244464858 45.1886506717 45.1427912612 44.656304068 44.7366742997 44.6719290161 44.9548114647 45.1640401465 45.0996012494 45.0090594567 44.5360348339 45.0275345837 45.0544519363 45.2040656279 44.9630168704 45.0925541336 45.119459178 44.8944543774 44.6207718448
44.7415013972 45.0545220692 44.5347046017 44.6777697105 44.8524646889 45.0639741796 44.9406426797 72.3238962021 72.3238962021 44.7074947374 44.864405159 44.7757883363 44.9800114449 45.1964592632 44.9254509547 44.5350454745 44.7574245329 45.004773401 44.8297046073 44.5716101843 44.7099349805 44.709964676 44.8259442423 44.8031094903 44.8746089172 44.6594796771 44.9442957078 44.7920524894 68.8494537278 44.5218318068 44.9523178718 44.8109571226 45.0981560479 44.8662497282 44.854320042 44.517856948 45.089013396 44.9529619161 44.9281846834 45.1930135803 44.7424043965 44.8671557803 44.546102226 45.053583721 45.0696077337 44.9366347554 45.1380492893 44.7421696757 44.5377349142 45.1334124563 44.9708611235 44.8660608955 45.0476909951 44.6042345411 44.6013992771 44.6446215288 44.8165400899
45.181076502 45.1228962394 45.1609071767 44.7867427571 44.8852073335 45.1085896762 63.0403170469 62.8327177584 62.8327177584 72.3238962021 44.9387124481 44.6906196777 44.5723345715 44.5924329513 44.7686132544 44.5732864433 44.6768956396 44.8234089317 44.682330866 45.084738293 44.5432591572 44.9574569766 44.704736865 44.753116017 44.6821432265 44.5523125647 45.0234622194 44.8926136098 44.8196919793 67.5835414894 44.9556484101 44.5673652939 44.8319234067 44.5842915107 45.1822813454 45.130508479 45.084128976 44.9766824854 44.8167146341 45.0876240923 45.1629161356 45.1522472482 45.0676944764 44.7495177074 44.7246560044 45.1704459184 44.6077807902 44.8781326282 45.0380949399 45.0334431382 45.1693643249 44.9762827804 44.9870726059 44.6130800334 44.9753703219 44.8206336265 45.0544036097
44.8700854246 44.8185779258 44.8647442472 44.9127000312 44.5706730511 44.981566222 62.8327177584 62.8327177584 62.8327177584 62.8327177584 44.7684005915 44.5898051106 44.9905971933 44.5423380251 44.9556630457 44.8346958117 45.1339071543 44.5146943959 44.6401861794 59.8713502531 59.8713502531 45.0440834576 44.6608354092 44.6619166698 44.6273796428 45.0421989624 44.5568980375 44.8192230976 67.5835414894 67.5835414894 67.5835414894 44.8088352849 44.877217976 44.6722129086 44.5629101288 44.8386475811 45.0644478263 44.8233096158 44.9633155953 45.0314960709 44.9257951198 44.7748134582 44.6394367522 44.9257359859 44.6870964599 45.1893717579 44.7826446287 44.8597478675 45.0217733583 44.8571264713 44.8289302434 44.7834361137 45.154964573 44.9585714446 44.9957369837 44.9550888409 44.5269248322
44.8901408087 44.8523461982 45.0330643465 45.0463666083 44.797118783 45.1264041681 44.6883631274 44.6034016316 44.7308625165 45.0048763064 45.046824764 44.7790239776 44.8256416631 44.5853636539 44.5773575141 45.0886637813 45.1245641141 44.5594465932 59.8713502531 59.8713502531 59.8713502531 44.9004854142 45.0623293597 45.2067648023 44.6930123766 45.0177788015 45.0984495528 45.0113139777 84.1520096684 84.1520096684 84.1520096684 44.7653363176 44.6899767906 45.1056664288 44.8077157169 44.6020504448 45.1224454228 44.6174607776 44.934104058 44.5770824154 44.6645094125 44.686394358 45.1860397839 45.0371429858 44.7487932159 44.7448442155 44.6616624458 44.8737939962 44.9602057861 44.7633519686 44.99236472 45.1997982626 45.1169030935 44.9947516419 44.7345153663 44.5985591392 44.6516579604
44.6404962119 44.8224028071 44.6355321307 45.1641775403 44.5534603299 44.9962961886 44.8312359535 44.975966752 44.5179811562 45.0927066983 44.9521379506 44.7779374789 45.0149473782 44.522801822 44.9488203566 45.1170835382 44.6036097627 44.5093355052 44.6531195995 45.1069673427 59.8713502531 44.9565020539 44.7504364853 44.8988196861 44.9734033358 44.9886978724 44.9481170528 45.0345411684 84.1520096684 84.1520096684 60.9200259661 44.5561589226 44.725293273 44.5940134725 45.1647033487 44.8005354782 44.9915037647 44.7523536746 44.5131860145 45.0920133264 44.7794577822 44.5784233192 44.6270811188 44.5129045051 44.6930543886 44.6188704493 76.1755889088 76.1755889088 44.9747092188 45.1991036864 45.0878621656 44.8523584672 44.8746062464 44.5410996956 44.9952324004 45.1138206915 44.7500368184
45.1964720691 45.1528411603 45.055827444 45.0801971893 44.7349428274 44.6207320671 44.8852654575 45.1871409934 44.6091698222 44.9498685414 44.7591598359 44.8240472289 44.7168333176 44.6761262673 44.6548957824 44.7342912035 44.6395213985 45.0379908128 44.7585652487 45.1722521507 44.6253892031 44.5790888082 44.558142373 44.9933732922 45.0886858551 44.881944646 44.672015474 45.1491336451 44.5128990546 45.1130181006 44.8702869392 44.8805765093 45.1533230906 45.1356994682 44.8904640927 44.6446260981 44.5159598061 44.8958984805 44.7443000043 44.9449252354 44.8043635163 44.6719642542 44.6345149471 44.7644085164 44.6028072112 44.6710423156 76.1755889088 76.1755889088 45.0301310351 44.8401112213 44.6155939983 44.6870087792 44.7134399597 44.8519500071 44.5250962833 45.1044340793 61.6408373012
44.795831063 44.8177964381 45.1890763855 44.730603762 44.7548674504 44.7870004963 44.6280385918 45.0914148333 44.8025262647 44.5872254461 44.6956488224 44.6946620343 44.8509803241 45.0293184552 44.525944588 44.9427121016 44.7649530394 44.5522707235 44.9258311413 44.9907760631 44.7746440272 44.9240760392 44.8386823116 44.7244554841 44.5993723313 44.8148501338 45.1387776097 44.7820384428 44.5503814135 44.5521045937 45.1024753869 44.6505684527 44.7083930506 45.0298617889 45.1617057569 44.6130966707 44.9493912812 44.6075588178 45.1855431893 45.148960336 45.0556669395 45.0724135701 45.1023202452 45.0256190044 45.161045128 45.180094223 44.5563025438 44.9572838945 62.038851208 45.0027606052 44.9944827399 44.8955396763 44.5434994099 45.0847062899 45.0128035467 45.0190350265 44.7848795177
44.9840243562 45.1013440469 44.6393225859 44.5636471086 45.0753542261 44.8247717201 44.5248373524 44.8325921559 45.1890302651 45.0155235463 45.1812960613 45.0329302434 44.5811277644 45.060395222 45.0405207588 44.5587244085 45.012861955 44.6299105643 44.9454471867 45.1946230349 44.8445166107 45.0660012285 44.5991582236 45.0466123674 44.6442946793 73.2587149226 44.9962218268 54.9996314976 45.0240994707 44.6796618267 44.9081373517 45.0286727353 45.1929091708 45.061296788 44.8274864568 44.8823919805 44.8757773605 45.11785226 44.6934984049 44.7226027231 44.7071078841 45.0116881355 44.6102096713 44.8987986597 44.6795291692 44.6956239784 44.8436367376 45.0275156611 44.9060492422 44.9719020703 44.776656613 44.5735297596 44.7277689257 44.5606378147 44.8906823649 61.9656259758 45.1497647689
44.7140818108 44.9099768348 44.6215983525 44.9787294046 44.9879840018 44.9054096934 44.9757511128 44.8515449707 45.0247615981 44.8306656031 44.7287546061 44.552953232 44.5853138568 45.0203658541 45.1732628628 45.0791705168 45.0855463015 44.6400935204 44.6790241227 45.1961901324 45.0603309328 67.6177996008 45.1338586211 44.6357860879 45.0710806365 44.5640644433 54.9996314976 44.9957677188 44.6249818999 73.2778107386 45.0227946287 44.772376938 44.9049139433 44.6834657588 45.1152040113 44.8404614123 44.8647336874 44.9287741683 44.7510941579 45.0219085936 45.1013262984 45.1767955582 44.7639115607 44.7983207179 44.7469777188 44.9079245176 44.7227605606 44.9385773833 44.941014527 45.0957444323 44.6446798558 45.1939547668 45.133573709 45.1958965996 45.1190770105 45.125456069 45.0521586172
45.1898324633 44.5938993441 45.1418027936 44.8384675478 44.9313774051 44.5399075964 44.7561632225 44.7279898641 44.5529540567 44.8780277129 45.2003956623 44.8837114016 45.1718540336 44.8366179062 44.5883157285 44.7360865735 44.7618733452 44.9103937736 44.5834053008 81.0823968728 81.0823968728 45.0856903325 44.5285143692 44.7631843196 44.7075306275 45.1957902875 73.2587149226 45.1037010589 44.9885715458 73.2778107386 45.1570910475 45.1403476963 44.670060574 44.763551916 44.861612428 44.5680109203 44.8139204042 44.7866025678 45.0217887642 44.6966433628 45.1597279176 44.9171719453 44.6204210909 45.1291952838 44.5920260856 44.6935746198 44.9760190974 44.5175117284 45.0426803217 44.6205760752 44.7946925862 44.9289713257 44.9365241324 45.1227814057 44.6885835326 44.9132941859 44.8744129682
44.8750464397 45.1909929977 45.1364330367 44.6246895945 44.8474353444 44.8283931294 44.853552157 54.4519368421 54.4519368421 54.4519368421 45.088217231 44.61196926 45.1063664174 45.1577315108 44.6264113422 44.5255589637 45.2049429859 45.042113931 44.990046692 81.0823968728 81.0823968728 45.0496016965 44.6124608435 44.6727482721 44.9389209376 44.927792211 44.6382861884 44.5189998119 44.5966188428 44.6304398343 44.6777872585 44.9711779777 44.5993186597 45.1879542747 44.9622857141 44.8657510362 44.5527102247 44.8052310242 44.7272075206 44.9647832906 44.7597977443 44.6702900358 44.5059807202 44.7079237632 44.8182520735 45.0610566537 44.6547518308 44.7852152378 44.9717632931 45.112081733 45.0902157138 44.5902986649 44.5178008113 44.8471962364 44.9554138445 44.9248327193 44.7743863421
45.0048913672 45.1653977538 44.6563681358 44.8076123123 44.8638548911 44.7044034888 44.7019220624 77.1128182652 54.4519368421 77.1128182652 44.9301026231 44.6351586406 45.1409347131 44.9490480441 44.5703439813 44.5523865694 44.5946383205 44.7327781888 44.5733534369 44.8220821935 81.0823968728 44.8731128212 45.0756279324 45.0389816145 44.883190901 44.8985939058 44.7572124256 44.5665546167 44.6496871072 44.6005964686 44.8741521448 44.7350202129 45.0390247441 44.7930361346 45.1616506189 45.190250749 44.5160970249 44.6666594337 45.1652292758 44.613638775 44.6844420943 44.6464409406 44.7601266032 44.5534178035 44.9851547313 44.6792242614 44.5784517839 44.8314693861 44.9980337188 45.064767219 45.1284060638 44.5067724298 44.5784091356 44.5003667703 44.8076823637 44.8178484985 44.6657825115
44.9862101871 44.8354591264 45.0223696461 45.1639353923 44.8714876208 44.7820964943 44.5559454687 44.9977587729 77.1128182652 44.6723398217 44.7848370898 44.5103093895 44.9477444215 44.5793270764 45.1253923585 44.6092924037 44.7291216807 44.5021649559 44.7109950474 44.899528166 44.8897522627 44.6516593819 45.1668433945 44.8365751903 44.8703466659 44.7537783552 44.5636961107 44.5500430834 44.5926662853 44.611974139 45.1009910928 45.0519080377 44.7901139176 45.0942077745 44.6917247558 44.7468856164 45.0588333204 44.654383335 44.8719645893 44.8347788891 44.9307371276 44.8725543598 44.6227200222 44.5462827704 45.1364424407 44.7938049543 44.9840927622 44.5223265394 44.759404545 44.5584787324 45.0931459467 45.0629899601 45.0311756054 44.8345252539 44.8300356384 44.8334674054 44.9170556646
44.624076251 44.9440920978 45.1996835586 44.825555794 44.9647447604 44.8408341361 44.7302955171 61.2080573855 45.0952697945 61.2080573855 44.5594729217 44.520124947 44.5389786889 44.6174116637 44.7318136287 44.5445564009 44.5705699366 44.618593646 44.8444886315 44.9624447821 45.1934331768 66.6332683164 44.5283782329 44.7763936125 44.6441497661 44.7216728026 44.8851661714 44.5512982842 44.766937469 44.9855137298 44.7124795553 44.5963809087 45.0856128046 44.6127264143 44.8973171589 44.6372186535 44.9059467118 44.5465238067 44.963328166 44.5949688257 44.9853405306 44.9230673896 44.7773162771 44.6372439308 44.7933593798 44.6231496851 67.11611167 45.0888743871 45.0929602127 44.5273676218 44.7064054577 45.134182111 44.7614561721 44.8684527172 44.6717009478 45.1064004723 45.0353572651
44.8386940133 44.8782245003 45.1587144557 45.1845528094 44.6395150181 44.8552617353 44.7932554794 61.1474120718 44.7084831331 61.1474120718 66.3863513134 44.9278752524 59.6693689354 44.543095237 57.4675052387 45.1647053619 44.5168595634 44.6645481852 44.8236409543 66.6332683164 44.9560499804 44.9787203526 45.1469677949 44.7250384889 44.6123945451 66.7796078344 44.5788112446 45.0857691955 44.676376078 45.1897978874 44.6762407797 45.0258904065 44.7055549873 44.7061588255 44.9565748585 45.0883850361 44.5471562255 44.9549141397 44.748919 44.6261905568 44.9506614166 45.0514721932 44.6609063753 44.6241182484 44.7166441085 44.6217969863 44.7966195113 44.8490454755 58.0129014137 44.5853999528 44.96474371 44.6785163795 44.612078015 44.7376740977 45.1387072866 44.9439578257 44.9656534946
45.1445261079 44.7998892834 45.0872965474 44.7097934554 45.031050229 44.9769536061 45.0577998725 44.6290579987 61.5705678538 92.1635239364 66.3863513134 66.3863513134 90.5451364326 90.5451364326 44.8288630266 74.1419681642 44.8852253556 44.8203445915 44.6022082771 44.5525146126 44.7324836952 68.8702188677 68.8702188677 55.4410629842 44.5514834885 66.7796078344 66.7796078344 44.839968548 45.1440865776 45.1173125602 44.8821746053 44.9364033582 45.1094135617 44.6352214266 44.5629933362 44.6759501467 44.6673437554 45.1702596185 45.1062803827 44.675009252 44.9239171896 44.6567721411 44.6317997646 45.0589026194 44.704179616 68.8461830507 81.2498053027 81.2498053027 62.9636746976 44.7357941642 44.8951371303 44.8304590203 44.8790174171 44.8390718041 44.6920983401 44.5473409073 45.1223303558
44.5288944189 45.0108981335 45.1051316967 44.5352995786 44.5677234319 44.6426608867 44.5730862726 44.9671582237 45.1643705099 92.1635239364 66.3863513134 66.3863513134 90.5451364326 90.5451364326 45.1274940105 74.1419681642 45.0684551617 45.148851866 44.894323709 44.7923016664 44.937226889 68.8702188677 68.8702188677 55.4410629842 55.4410629842 66.7796078344 45.0033026185 45.0442655949 44.6167813273 44.819152323 44.6226819841 45.1042890542 44.7791120928 45.2037970362 45.093332362 44.6998677648 45.0836981637 45.0380272901 44.612492023 45.1362523089 44.561701622 44.9234491487 44.9794053237 44.7952686336 45.033067105 44.7552658829 81.2498053027 81.2498053027 44.8087554257 45.1844324785 44.8880651473 44.8867626502 44.8347143888 44.8200535733 44.8471911231 44.8603381374 45.0540794226
44.952656592 45.0844968502 44.7887986743 45.1277098283 45.1930710072 44.8212067447 44.6017733772 44.6884909292 70.0824294124 45.1207765785 66.3863513134 44.5930693761 59.6693689354 44.6460276576 57.4675052387 45.0976038031 44.893880261 45.1146810144 44.5099062093 44.9557730633 89.321505925 89.321505925 45.0946519832 44.8126250371 44.569867978 67.1599192699 44.7009794141 44.6463994031 45.1286546672 44.803961307 44.9571292672 44.7384029048 45.0157225443 44.8930023133 44.6867745652 45.0942386148 44.6734305202 45.1984450081 44.6329385324 44.5365770853 44.9736384246 45.1336725746 44.7524558745 44.7524999156 45.0751296755 45.178500784 45.0083643606 81.2498053027 45.1950003464 44.8514238326 44.9502330365 44.8502095848 44.7536937979 44.9606395807 45.0044220241 44.8058224025 44.8948251476
45.1986480702 44.795021588 44.9219742194 45.172698053 44.5119606574 45.1981846705 44.551479321 44.7360504279 44.5345466255 44.8203757226 44.8304236732 45.1612325426 44.7801044708 45.0078403541 45.0478747882 44.7740186739 44.9244747374 45.0708250536 44.8751312542 44.940691297 64.6458416232 44.8446096079 45.1387092675 44.8468214107 44.6367295506 44.8267436599 44.8916126472 44.9143828138 44.9926596119 44.6371200449 45.2008344691 44.7584350732 45.0214146347 45.0761177712 44.7184357796 45.1958227054 45.1552771917 45.0646997557 44.8852931229 45.1724200333 45.0057993646 44.633748175 44.805920562 45.1523963319 44.9753926871 44.7446263106 44.7009766224 69.1479630412 69.2529611248 45.1935460945 45.0918267538 44.5800359747 45.2060063125 45.1964680656 44.6108641971 69.8665416372 69.8665416372
44.5008983774 45.1931747905 45.0966250401 44.8539239714 44.5216197819 45.1424091568 57.5583535429 72.8542952313 44.6168523102 44.7956651952 44.5271396687 44.8092589148 44.9587282108 44.9745730344 45.0986185138 44.936946526 44.8365896722 44.6046353562 45.0790392202 64.6458416232 64.6458416232 64.6458416232 44.9455824534 44.6625274795 44.5156903619 44.7695080671 44.7741447159 44.6491167777 44.9411797696 45.0288794588 44.7287647814 44.9201010468 44.9650895135 45.0229937721 44.6717668733 44.7170590064 44.8968841504 44.7711246957 44.9158385609 45.1847862649 44.9367671656 44.5955295147 44.511877612 44.9970071186 44.9897034169 44.9783905005 69.1479630412 69.1479630412 69.1479630412 44.8000564117 44.7942442781 45.1877619552 44.6432318456 44.990868803 45.2046327455 69.8665416372 69.8665416372
45.1647413491 44.815482335 44.5637436105 45.1897226785 44.6796012774 44.5868906882 72.8542952313 72.8542952313 72.8542952313 45.0337489121 44.5007485166 44.6136952485 44.6261293634 44.9790098728 44.7483195756 44.6107764005 44.5339686192 45.0810977878 44.7870707629 45.1754132255 64.6458416232 64.6513610397 44.9769617051 44.6711289582 45.1058552395 45.1571360621 44.7931929734 45.0117906533 45.0156467022 44.530140144 44.9964906686 44.9293882135 45.1206811547 45.1957229787 44.5590047375 44.8100045835 44.7112902552 44.7367279508 44.755207715 44.5264313315 45.0830128834 44.8364049446 44.5844171479 44.9133292125 44.9457926412 44.9231690521 45.1002102328 44.6135783431 44.7136314645 44.7557276375 44.5025287909 44.874850867 44.7227801937 44.6937881125 45.1413918814 45.1437860329 44.9416490109
44.69325805 44.9859322978 45.0331284661 44.5565651922 45.1723516227 44.9525739814 44.8810802404 44.5162291782 44.543713064 45.0179658346 44.9261792698 44.5274638846 64.6846100158 65.3178497416 45.1846706029 65.2771426927 44.6296099864 44.7679851675 45.1031876985 44.651331738 64.6513610397 44.7193781604 44.5009817659 44.6008980988 45.1237669444 45.1684436521 44.9151159703 44.6302073355 45.0651694943 44.553590724 44.7176439927 44.5830749231 45.0748749557 44.9322002699 44.5090171063 45.1270837283 45.1111811153 45.0805208197 44.6449179342 45.0378013085 44.8122010201 45.08398403 44.6798891543 45.1206055819 44.519838688 44.9995977372 44.7198874057 61.5146788052 68.3197949954 45.118450229 44.7094981807 45.0774751964 44.6549407101 45.1528174636 45.0080437084 44.8018498961 45.0436609884
