Spatial_Output/BAU/BAU_0112.asc
NCOLS 155
NROWS 192
XLLCORNER 196307.867259
YLLCORNER 449144.565805
CELLSIZE 33.573938
NODATA_VALUE NaN
[rows 130 to 155 of 192, columns 57 to 113 of 155]
45.3966769491 45.1941374113 43.2298146444 57.6199364122 57.6199364122 53.8382514386 53.8382514386 44.8926376158 45.0895480762 43.9632272725 43.0328783266 43.1949278922 43.8472869481 43.307092431 61.7673667045 44.6052142937 44.4398828747 45.2080789034 44.7966107714 43.8237932144 44.899636582 43.4783140499 43.6662828615 45.6179546169 45.7808020269 44.880849585 84.073577493 44.7137429455 45.3760310291 45.090052849 43.0956339741 43.9897958618 43.1065142236 43.7751270774 45.1029127492 43.1890925716 45.4283567681 45.2105867472 44.6882957035 45.5721435168 44.9225208642 44.5219537387 43.3056030081 44.3852364377 44.7051180522 44.1468240597 44.7405212618 45.3555483965 43.8607073303 43.0047884051 43.7165547053 43.7732196415 43.6824327428 43.9660297044 43.3504811191 45.4359605098 45.1860564506
43.811255526 44.2209234312 44.5651543393 57.6199364122 57.6199364122 53.8382514386 53.8382514386 45.4314646922 43.8968322966 43.0917546871 44.9874298255 44.4980859373 43.0727795036 43.9864110239 43.1650749925 44.9901674059 43.677997074 44.5140532643 44.3927035968 45.4830103375 43.5643245982 45.1605860046 45.3690302152 45.3258782612 44.9157803472 84.073577493 84.073577493 84.073577493 69.0627001696 45.6889814363 44.3172857832 45.7132756925 44.7268102954 45.6510668621 45.7183527673 43.8649029635 44.0901965614 43.7614948622 43.9973397233 43.0112896575 45.2681337915 44.7071359232 44.1519221609 45.6409448598 43.0706620377 44.7974921025 45.3131567967 44.1488316428 43.2695597623 43.2247423915 44.7994285879 43.1445358872 43.3015073931 45.3235176852 43.5654600691 44.883873622 43.6596108967
43.971455694 43.09427727 45.0875078029 57.6199364122 57.6199364122 59.0242226802 43.1184371793 43.1401761507 43.3361730527 45.6796336549 43.762915178 44.9371753026 43.8139606777 45.6745460329 45.3882367041 43.469634289 43.9749347967 43.6591256562 43.3255072376 44.7699509856 43.7412914945 45.6004584743 45.0777861601 45.6571474993 62.0974691858 84.073577493 84.073577493 69.0627001696 69.0627001696 43.3297153816 44.4281417973 43.2355547396 43.6954021522 44.3036073788 45.7078870108 44.6080738741 43.6223464176 45.593758497 44.1135765174 43.9988873347 43.1279019804 43.835297665 45.3293194998 45.8270483753 44.5511333713 45.8183601306 43.2118158361 43.2122531837 45.1463478715 43.5435101106 44.3691223902 45.1844291073 44.8058593247 43.4756434796 44.9122148372 44.7607287924 45.4687417646
45.5414106403 65.140671663 44.1412244353 44.7548676581 44.0771345589 59.0242226802 59.0242226802 44.653785573 76.5889645163 43.1222317421 43.7060964022 45.1224544992 43.5009113863 43.9489917246 43.1356865561 45.6560816462 44.1408243836 45.30079013 43.0227094161 45.4513726498 43.2809287745 45.7365925398 43.477786733 44.4955326961 44.7292301242 45.2850960698 44.4853571712 45.6390963921 44.0784554322 43.423985624 77.4129800972 77.4129800972 43.8866167636 45.4877338287 43.1069462105 44.3553525263 44.5110705806 45.7172179853 45.2583359507 44.7066160153 43.707189745 43.8311557089 43.619569004 44.4208433633 43.5104404031 43.8031357133 44.5899450333 44.4620958748 43.678423319 44.408225082 43.9397317575 44.8182862361 43.0974994989 44.6554139536 44.6089282851 43.3867733849 43.2439144439
44.8435888106 44.1564301122 44.6485359158 44.5568055934 45.5265372415 44.7163952838 44.056273297 76.5889645163 43.5732869804 44.0668571552 43.918399165 45.3829574964 44.8647569139 44.9002608105 45.6561822033 43.529019733 43.2106993664 44.1910037318 45.0703955124 45.7501455713 43.1450653297 44.9867963006 45.2770138092 43.0684446161 44.0062693661 45.4162022837 43.3612567602 43.2105847214 43.3211723887 77.4129800972 77.4129800972 77.4129800972 50.0379588223 50.0379588223 43.2526294401 45.4938822205 43.8097313706 44.6590140249 43.4668189994 43.9041424478 45.7039615262 44.4763899344 43.4761283168 44.4934832765 44.2383518995 43.4582511201 43.6662596646 45.3558576451 43.8873557489 43.4434974291 44.196602669 45.522969199 43.4955725481 45.6383738818 43.0631033638 44.3076011717 43.499804804
45.1818851916 45.131846075 43.9745168555 44.3451365084 43.860887893 45.6612365598 45.0248813106 52.3723365276 43.0034960833 45.2268038404 43.3992872736 43.0713436373 43.6926033111 44.7611170968 44.4768775977 44.9834656419 43.8362488499 45.4188428168 44.0759760467 44.6416820512 44.3907863131 43.3979406458 44.206947454 45.7786046462 43.833584409 44.7585230102 44.2715768668 43.8427409546 43.7982520568 43.8813332271 53.8323711478 43.975345172 67.2871137939 72.4076226683 45.1384951836 44.1249824955 43.522551491 43.0159568181 44.9477761595 45.3352072545 43.0132728179 45.4180680333 43.2214787535 43.1624556547 45.4460464689 44.1813478096 44.0817382279 44.1716072809 45.0775939293 44.9374169859 44.0118350417 45.0482889552 44.917814249 43.2427484246 43.6351358084 44.2271549998 45.6127372016
43.1488755536 43.3448176944 44.5945607901 43.525573053 44.6803887363 45.303737941 43.7939695822 43.953068731 45.3454375922 43.754522169 43.8130829187 45.4511211979 43.7036556957 44.2173041167 43.725535426 45.1791348304 45.1601184136 44.9634115074 44.7980844572 43.4749406386 43.0154859715 45.575910168 44.2661413707 45.4302417419 45.7562455284 45.7375236577 43.8507534784 44.7499289029 44.9894542718 45.6887015404 43.5209999813 67.2871137939 67.2871137939 44.6511102297 45.4426719377 43.8048351623 43.1565571879 45.6512218053 45.0220948519 44.9935146479 43.1600887921 44.7565167728 43.2761388163 44.1489463297 45.6342214971 43.6898413957 43.1257241762 44.9193303664 43.1680222936 45.1767286038 45.484825671 45.4203166964 43.5968854727 45.1990211859 44.9261066533 43.7455066022 44.3769457756
43.2264928196 44.9950893258 45.6814589499 44.2929375948 43.9887995662 43.1368282122 44.9729453102 43.3893466405 45.1412931257 45.2263975455 44.9000703342 45.2365310712 43.1756088641 44.973394172 45.1085343023 44.4211954944 44.4734051355 45.2647855647 45.4080767488 43.5246226055 43.795506565 45.410841654 43.1940997359 44.6359489287 44.2276419162 44.7968938122 45.0710439157 45.4528258415 44.0779863703 45.2655617378 45.4468926436 43.2673561408 60.5205935191 45.0057675935 43.6626432284 44.1060754209 43.151432448 44.8613601689 43.0998999341 44.2823890655 45.0623830238 44.0538604703 43.7338929681 45.5940378658 44.9634893373 44.4345646064 45.0540122831 43.389940981 44.8403565297 44.5036239238 43.8001857324 45.7033332182 43.322087627 44.0131766917 45.0783172647 44.7223319692 43.6045872526
45.2348723341 44.750376323 43.3979589209 44.579728143 44.6019168059 45.3153864143 43.1255964959 45.3900292914 45.3799361036 43.2341771062 43.8519066082 43.3356367424 43.1949140782 44.6855035683 45.6914794759 45.2822334705 43.9924436865 43.8015249716 43.5618947375 44.4507108989 43.4026178201 44.4277796128 44.1783473828 43.9358608159 43.2101083463 43.0339997854 43.4965569386 45.0110085591 45.4534541102 44.2214303044 43.4691407269 60.5205935191 60.5205935191 60.5205935191 45.75142774 45.3220905033 43.7711138258 45.6936491422 43.6052725454 44.9912944396 45.123967263 43.2821899301 45.7142754051 44.2472712518 45.4110105157 44.4472187538 45.3117608184 43.7335195192 44.8247270353 43.4945190976 44.3473817071 43.286218056 44.0833334612 44.3688894461 43.2979753896 43.7511049595 45.6986420201
43.4034628356 44.2429695037 44.9148343626 43.924770689 45.2449744538 43.745904127 44.0818049617 45.5496586106 55.185849467 55.185849467 43.7502478416 44.6388440371 45.497585297 43.5735558105 44.7846231211 43.3922435173 44.3714630998 43.6145415917 44.726818134 45.0022047602 45.1062003952 43.0912908417 45.6113094379 45.7699046732 43.666983268 44.346931689 45.4187803238 44.578826888 43.1630472562 45.1904800415 44.6015360283 71.979233951 94.0060962424 71.979233951 45.3680507382 45.7445066077 43.9086909863 44.2988685142 45.4973761374 45.0097854333 44.0098545262 44.8063746477 43.4744845393 43.2502550853 43.0067036729 44.2542124196 44.8580860639 43.398681217 43.7800294851 44.0170123409 45.7864839921 43.5391193777 43.5418278918 43.2638254408 43.1359357992 45.1068784124 45.8051914614
44.064499494 43.9265960206 43.0206545378 44.7158584055 45.5442421958 45.4036716832 45.2423567176 43.6431043652 65.7611077996 65.7611077996 45.1014873907 43.0655065932 44.1944387615 45.7225003944 43.5013778787 44.3884293349 45.3305764983 44.343313946 44.6988624906 44.6773880566 45.0575664776 45.1644923917 44.7974639579 44.5486446359 44.2812774622 43.2255916931 43.2523652925 45.200160387 45.497559692 45.0540454189 45.1950605609 69.300297504 69.300297504 69.300297504 43.4838302931 43.1473254947 45.2723828119 45.5273017168 44.4759562994 44.4676592134 43.2951778818 43.0173864551 44.9182529643 43.4774667806 43.976820808 44.634812313 44.604421139 43.0461040979 43.6868472568 44.5906190342 44.5114336347 43.8937112085 45.792637539 44.3569894609 44.6106970955 44.8591579645 44.8132389871
44.6495008388 45.1266057752 45.4404076572 44.8189867786 45.5375216568 45.4902059821 45.1312843872 65.7611077996 65.7611077996 65.7611077996 43.8866788536 44.8680644705 43.9610821292 43.7969959358 44.716750096 43.4876436962 43.7293821078 44.0486917405 43.5207129408 45.597356789 43.125037757 45.2891941339 44.9221326065 45.7026215011 44.2200415466 43.0152761761 43.9693727022 45.12491439 43.1030917094 44.2838206033 45.8050374921 44.6113169995 89.2568136472 89.2568136472 89.2568136472 43.5591542547 45.1402028158 45.6567199771 43.5296225239 43.3059941592 43.5155593403 45.3475711593 44.0531415406 43.4434632752 43.033408657 44.8147764106 44.1811962364 45.214539004 45.2949339497 44.3795461295 44.3447129383 45.0167887878 44.6767229815 43.5681408022 43.8849884001 44.6887738061 43.1254302061
44.4509920902 44.3257575899 43.8468639771 45.3089882114 45.1433997111 44.3710186066 44.7051253496 68.9252107609 68.9252107609 68.9252107609 68.9252107609 44.3192220307 43.4928360382 44.4996795457 43.0831596793 45.6048009577 45.2703365567 43.5202561262 43.756466066 44.1674808912 45.376746049 44.7492300413 45.3383870629 43.6381429231 45.2881085623 44.3538519801 43.2811506871 43.9750381295 43.6084236218 45.5234693898 44.9405745164 45.8157716199 89.2568136472 89.2568136472 54.6018724001 45.8135369214 45.6895554903 43.6952110254 43.3809715395 44.1652458533 44.3805121179 44.7533567257 43.1861423092 44.2029746144 44.8787277736 43.7395526939 44.8694861768 43.6956631084 44.0696376374 43.9222418802 44.5921852104 45.4462884916 43.7005039552 45.4886059046 43.6315721316 45.5380279088 43.285929697
45.5242262043 45.8173854276 43.9469516577 44.7670430053 44.6446453463 45.729773577 44.2205738713 72.2223391929 68.9252107609 68.9252107609 44.4017675373 44.8532873833 43.9702602454 44.4184746645 44.8800181014 45.3706315566 43.3286880413 44.7073624247 45.7267907392 43.0240159541 43.5799089275 44.6642378173 44.9272351982 44.4773227722 43.0513924136 43.9010550649 43.4398046528 44.7233599276 44.6392341398 43.0253307062 45.1020507939 43.6733544518 54.6018724001 66.0669168281 66.0669168281 44.1411283557 44.2723771868 45.5758606012 44.0261991681 44.1925354936 43.2112657945 45.2160997239 44.5721355305 43.0417032843 44.1207747873 43.0008705227 43.3121618293 43.3601441565 44.9113151145 43.3825606553 43.6755022665 45.5197064304 44.4401292558 45.1670162836 43.5004258525 44.4961609079 45.3456178449
45.7790081518 44.0866632651 43.8506826743 43.1036049995 45.341708285 45.354956802 43.8151463501 43.3774077339 43.6068318515 44.830030154 43.7762692861 43.5996384961 45.0890774528 43.5473713393 44.0780008186 45.7329242016 44.160810467 43.9369212117 43.6331938539 45.2275034963 43.9210723136 43.9750343336 44.0754697292 43.8603430806 45.8081075058 43.160891451 44.2234984894 43.1752698886 43.6519035886 45.2927491353 43.0264644543 43.6480663133 66.0669168281 66.0669168281 66.0669168281 45.1975448218 44.0487228029 45.091762885 45.1936147978 43.7827681993 44.9656417164 43.9283207772 45.3511614961 43.5953363928 45.4653278514 43.8345111096 44.3303424836 44.7129745108 45.8165467731 45.5189837328 43.8228204926 43.1683872509 45.7073615837 44.4162612423 45.5484760224 43.1249919281 44.1795191263
44.7234268511 43.6591307661 45.5043817342 43.8610624394 43.9567967386 43.4217340412 45.5620459377 45.389122641 91.9796171929 91.9796171929 44.237076273 44.2552808283 45.2246338507 43.0680813333 43.8464349357 44.9029188011 43.6057564579 43.033240644 43.9723202577 45.6128468958 43.7054879369 44.2070029421 45.7955594074 43.7371905864 45.4665970197 45.3701216934 45.3375703994 43.856267527 44.376084171 45.3438137042 45.0239506805 44.7992384957 67.8589384514 45.2138169069 61.7564389294 61.7564389294 43.6098264261 43.2274084745 43.4605851584 44.3185834132 45.0548200361 44.4474618394 44.619418531 45.5368740446 43.4351519898 45.3421781208 44.7366115873 44.9077128978 45.6788877646 44.8260098637 44.3155482047 44.6350890526 43.0127224819 44.2021031389 44.4819215227 43.30667505 45.7178882458
45.4625583597 45.3930716395 43.6526962528 43.1079471486 44.2963646525 44.3176760072 44.3583632522 44.0660512133 91.9796171929 45.4174836723 44.9729415622 44.5849999787 43.2471401505 43.6237898287 44.5568032983 44.4742253653 45.3534613847 44.3257748527 44.6627094631 43.095214414 45.6649774834 44.8311059972 44.7276428167 43.2422960734 45.0049587701 44.0250894856 45.0940834458 43.4278415799 43.1937883798 44.0931639562 43.8180851161 43.2351243684 44.8727400595 61.7564389294 61.7564389294 61.7564389294 55.7839761245 43.4476603036 45.4277868494 44.4512811631 44.8234794557 43.3491505755 44.5164230871 43.2801086479 44.2263702595 43.8720033245 44.6939501277 44.4084977954 44.6784613712 45.4129163508 43.0041836589 44.077110036 43.8986091047 45.2894147223 43.8162184491 44.9612708655 45.2214560808
44.9637113805 44.6645222552 45.5249382552 44.7624076117 43.59113896 44.9495361832 44.4484525468 43.8314883848 67.1906278394 44.3424188763 44.7147378176 43.0124302162 44.0105194044 44.4540235626 43.017991858 44.3334502668 45.4192948655 44.2955828087 45.1178454643 44.8769956737 43.5432079139 44.7435235245 43.6954660485 44.2989650858 44.9701360702 44.962555208 43.4844952941 44.2497471814 44.2373842201 45.5585811335 44.2110232449 44.9500563292 43.5665363629 58.2872071174 58.2872071174 58.2872071174 43.5079837243 43.2835076478 43.3055653767 45.3392161344 44.2119327516 44.1084757204 43.4623885254 44.2357553837 44.8396076695 44.4059151826 43.5132972966 45.8019373693 43.2893556206 45.4331402946 44.9360419897 45.262441963 44.4227727247 43.7522046904 44.9556985436 43.6539171341 43.5317585444
43.3559058336 45.5043104497 43.2103834098 43.183865362 43.4990364399 45.2293330852 44.138388296 77.5330321596 77.5330321596 77.5330321596 43.0183824337 43.762946596 44.7127687036 45.6050915356 45.3168908385 45.3844751341 43.9985364826 43.9774280323 43.5502223908 44.7081771185 45.1128716598 44.8764226971 44.6427627501 44.7188118714 45.1491330126 43.5519067245 43.0546753066 44.7871935688 44.4976716202 44.0210026966 43.450748028 45.5404778065 43.5398698282 45.2144563208 61.4629475827 61.4629475827 61.4629475827 45.0775129303 44.1003848435 45.0836415508 43.3405610517 44.0638175736 44.2617631564 44.492347277 44.4666815337 45.2806015241 43.7256694772 43.9409811755 43.1235105665 43.2395604313 43.8573917541 44.749918106 43.9686699306 45.6403456802 44.3134470592 43.130883968 43.9542537297
44.0625210565 44.6236707152 43.3663050819 43.2277350033 44.9426214012 44.7027298898 43.9987376005 43.5691946453 77.5330321596 77.5330321596 43.3825752701 44.0789960033 45.5096370334 43.3274332762 44.7170370231 43.158909438 44.3547426677 44.1825797005 44.4906987893 43.5836613245 45.6426417057 43.1893843504 44.2149295839 43.0887106426 43.6388753881 44.6122897611 44.7903881423 43.6661212879 45.7873194065 45.123605673 44.0006659286 43.9614349795 44.5405135993 43.2933037067 45.0395133004 56.6999620549 60.2916186196 60.2916186196 45.7521660116 45.8162826056 44.2991287698 45.5038752399 45.7564050367 44.718759867 44.7049959737 45.745813148 45.6919115736 44.599132517 43.2838794155 44.0663450886 44.8288395766 44.0930908959 43.9437437223 43.9961576965 43.9616959837 44.5878438248 44.9635503202
44.8037093252 43.1860019077 45.2014086032 44.4889109301 43.6166954625 45.7814231156 44.8227832227 45.4150559705 63.7938764466 60.8888536821 64.3777409473 44.4842702904 44.0783537461 45.1782845476 45.4142506092 45.7871697271 44.8808185517 43.6453210998 43.3105936663 44.9267954955 44.4539046749 43.2823634828 44.181144149 43.1437865363 44.5807780496 44.9373189395 44.4678863956 43.8163253293 44.295229534 44.2241280023 45.2434080656 44.9408831709 43.9696353285 43.1082573906 43.9866951644 60.2916186196 69.2954687994 69.2954687994 44.0916801566 44.6155883127 44.8822694805 44.759454114 45.5329026537 45.0158835973 44.5629260404 43.0434844204 45.596887349 45.5002480161 43.5291445429 45.3741126027 43.683072998 44.1664723987 44.3192709808 43.1839422617 44.3772944089 43.1948746194 44.9270826359
0 44.2544631987 43.2565503502 44.5476088698 44.4438525637 43.6291890206 45.2744821585 72.5663264844 59.3116573316 57.1968485026 55.8708592544 44.3799463931 44.8917674631 43.6220193113 45.7962263151 45.7469068553 43.5963544889 44.3258969294 44.8743899991 45.2476770282 43.0708159108 43.8892569849 44.8152625626 44.8420282383 44.4829783022 43.4770923757 44.2084341278 45.4182435923 44.6400298235 44.6748424396 43.6690726355 43.9956332761 45.4994032354 44.9174801361 44.1476520106 86.3499280077 69.2954687994 69.2954687994 61.3465339275 43.8689111149 45.5303539353 44.6828413596 44.3048395087 44.67210587 43.3813675633 44.4792807061 44.6274488427 43.9775017459 43.3660054385 44.3638794076 45.664727363 45.5981058136 44.5775154919 45.8055318228 45.207106544 43.7781878699 43.7698323823
0 0 0 0 43.6090880994 43.8809520361 44.0135635385 45.5912002741 55.0165300338 60.2506257248 57.7254318208 43.3180018456 43.3777980303 44.1541171465 45.0673312794 45.5576530904 45.6661722102 45.3049418265 44.2159727922 45.1055767648 45.5423321288 45.0638290036 45.034068131 43.0150886065 44.604869134 44.7857893461 44.5541880862 45.423272165 43.543006028 44.6188749267 44.7463900029 43.3579864732 44.5667159782 45.8191243658 43.601223902 43.2190810677 61.3465339275 61.3465339275 61.3465339275 44.1298138028 45.3886635333 43.9956862497 43.907574515 45.1797454282 45.0010011964 45.6050211989 43.0094197056 45.5440593399 43.818844558 44.6213706354 45.3641811592 43.4442088172 43.7230710434 44.6376630096 43.425667245 44.333825415 45.2512965545
0 0 0 0 0 0 44.8580990508 43.1296879855 31.8273084996 32.3714962927 32.3714962927 74.7084159137 44.5488193022 43.5179041238 45.7547040534 44.9447912889 44.788808642 43.620675743 45.3305873641 45.7597575267 43.7104717384 44.8626013736 43.8739630285 43.5112827287 44.136756235 44.2613918556 44.9829763293 44.9765880188 43.9012735274 45.1467345227 43.9094349047 45.2351467437 43.8579190523 45.0394857061 43.7617142895 43.8130191676 60.759476258 61.3465339275 61.3465339275 60.1749238702 44.5753153031 43.2464657254 43.2968299847 43.0569455075 44.7973853221 45.1929505451 45.2049669298 43.7007141132 43.8585768398 44.3366431667 45.0129480042 44.7966840531 44.694793863 43.2142090751 43.9647486284 45.4532141838 43.1003688222
0 0 0 0 0 0 0 0 74.7084159137 32.3714962927 32.3714962927 74.8874823814 45.1193878572 44.8397158241 0 0 44.2867427045 45.4058020138 45.7302567424 43.7360278228 44.2658979696 43.5509153428 44.954308076 45.6943023637 45.5716617199 43.3540422648 43.3418327295 44.15758456 43.4140148135 45.0342657279 43.2290655304 43.7959789318 45.1595818719 43.9178874161 44.2940053787 44.2736239812 43.5758562584 60.1749238702 60.1749238702 57.7217685081 57.7217685081 45.8224209909 44.0762295246 44.4225202575 43.1776379216 44.8873437071 45.2754692725 44.0298159103 45.4096402532 44.8497351879 44.9987672091 45.6101985498 44.4589084077 45.4309175105 45.3103618685 43.2164007954 45.5162715617
0 0 0 0 0 0 0 0 0 74.8874823814 74.8874823814 64.7067625145 67.0287552696 0 0 0 44.4648356017 45.7759124813 43.0640189729 44.5955308677 43.0752369535 43.9669131191 44.4194009877 43.4355967434 45.0128642732 43.87632164 45.4376736072 43.3582388394 44.6682870069 45.5470386759 44.7134306445 43.1632555316 44.9771492266 45.3570959636 43.0482251448 44.2173722604 45.0663503151 43.5987224315 57.7217685081 75.4428333818 75.4428333818 44.2245711617 44.664190372 45.2483826465 43.51972009 45.3587454774 43.3297434476 43.8097928478 44.9597748715 44.7964865283 45.0473497638 45.4553693416 44.9870827663 44.0767327207 43.0745881825 44.8798047318 45.1195805758
