Spatial_Output/BAU/BAU_0454.asc
NCOLS 155
NROWS 192
XLLCORNER 196307.867259
YLLCORNER 449144.565805
CELLSIZE 33.573938
NODATA_VALUE NaN
[rows 75 to 99 of 192, columns 57 to 113 of 155]
31.1069295771 30.9994627357 31.0413590535 30.5490911207 30.8276044916 30.7550931224 31.1191913918 52.8737805138 52.8737805138 30.8705918698 31.1721885177 30.8884703276 30.6973707624 56.5712664761 68.4573598639 63.5704077146 63.5704077146 63.5704077146 31.0360832977 30.5182427142 31.1638412551 30.5857297546 30.9288390802 30.7496406092 31.033474322 30.8179952756 57.4107720512 57.4107720512 49.5672549006 30.7325152306 30.9650004948 30.7013673398 30.7813980853 30.8538802367 31.0752919461 30.7330015572 30.7718921548 30.5034761046 47.2311202852 47.2311202852 30.6788883692 31.1432499883 30.6091496036 31.146339113 31.1531281417 45.2521512913 45.2521512913 30.8941283783 30.6707831299 30.952141363 31.1749790133 30.75899094 31.1193316868 30.6916531841 30.5087695706 30.70669206 31.073504665
30.9970715266 30.7119636663 30.9602156856 30.857641539 30.7633731905 30.5087145956 52.8737805138 52.8737805138 30.5688056511 30.5596345793 30.8931080758 30.6090994532 44.0113334815 56.5712664761 56.5712664761 30.6013759615 52.3439592405 52.3439592405 31.1741784412 30.6417938624 30.7317137036 30.6527118261 30.9989155449 30.6093142274 30.8770326871 30.9461231455 30.568297946 31.1378827455 30.8382137104 30.8410732774 30.938152421 31.0340759007 31.0592758994 30.7372925654 31.1528188636 30.9372462836 30.949432239 30.720946373 30.8458807591 30.9350032145 47.5535563342 47.5535563342 47.5535563342 30.7096357507 45.2521512913 45.2521512913 31.1515231606 31.0928662702 30.9738262861 31.1707295983 31.2038448625 31.06657803 30.5757388041 31.0550991335 31.0589132728 30.5887533674 30.7306313122
31.1775906337 30.557821681 31.2018764359 30.9268427397 30.8410187303 30.6433577103 31.1017479157 52.8737805138 30.7097214814 30.8955024287 31.0366698872 55.4387555118 56.5891180736 48.4828699425 44.0113334815 31.0640473821 60.8294120584 60.8294120584 60.8294120584 30.9555595302 30.8683695316 31.0449940272 30.7632268774 30.9353002085 30.7143949917 30.7056421519 31.0342503375 60.2260572759 60.2260572759 30.5522109173 30.9724372972 30.6713744696 30.7361794015 30.9272928767 30.9452339779 30.6471110108 30.5757537993 31.1735480182 30.5274186572 31.0223213121 30.9851638833 47.5535563342 47.5535563342 44.6706398655 44.6706398655 30.5394575227 30.981262299 30.5468096424 30.5066230502 30.6022019338 31.0963558437 30.6913568287 30.6947177049 68.0253509744 30.5339914408 30.7140343664 56.7869914857
67.6329648688 30.783296561 62.534998407 63.2720283081 31.0018632378 30.8332424011 49.0019042356 49.0019042356 49.0019042356 49.0019042356 30.7505808838 48.0509329184 51.9953276956 44.4586847662 31.0506014438 44.9992334626 60.8294120584 91.9086281398 30.6937980335 30.8676281458 30.8085783161 31.0948931188 31.1700834929 30.9503255351 30.8240283632 31.1851628399 65.3469790565 65.3469790565 65.3469790565 31.19238494 31.019694744 30.5346476273 30.7572375045 30.6145626967 31.0355036355 30.7099556226 30.9984778375 30.6388999925 30.9640348987 31.0619927114 30.9035872152 47.5535563342 30.5177060525 44.6706398655 44.6706398655 30.5676228232 30.9363094583 31.1316990912 31.0635733208 30.6448229785 30.9745912273 30.515857386 30.8642036058 30.8646279988 31.1251385857 57.190330846 56.7869914857
70.968797611 56.1175574623 30.9550529918 63.2720283081 63.2720283081 53.8027269788 30.9727215631 49.0019042356 79.0174047563 79.0174047563 30.7520323488 56.5741759027 60.3607976925 44.221156507 31.1599232349 30.8908952833 91.9086281398 91.9086281398 91.9086281398 30.8935551858 30.6971240617 30.8800578056 30.9915266054 30.9548151532 30.5474296781 30.6295242251 30.9152148976 65.3469790565 65.3469790565 30.6306659773 30.8011986161 30.5018179685 30.5013282762 31.0571762767 30.6438494337 30.7418887354 30.9985839331 31.1141916586 31.108651308 30.8078146561 30.8752540699 30.9215272687 31.0468766731 44.6706398655 31.2052977679 30.9811435025 30.9895628596 31.1833576876 30.8603706665 30.5984748414 30.6353470993 31.1430693828 31.1402588912 68.0253509744 30.8278080158 57.190330846 56.7869914857
56.1175574623 30.7477421903 62.534998407 63.2720283081 30.6194876464 53.8027269788 57.536137068 57.536137068 79.0174047563 79.0174047563 58.1083658609 30.6412014535 30.7737930902 30.8200717381 30.6876127381 30.9340476302 30.6287587031 63.6813949485 63.6813949485 63.6813949485 31.049348558 31.1056386004 30.7776123504 30.7916277567 30.8776750706 30.6847428757 30.5969878905 30.9543483309 65.340810542 31.0252873267 30.9278150668 30.879574923 31.0516990751 30.8623876502 30.5597762954 30.9201626453 31.1600694352 31.1392384318 30.9565726992 31.0719471588 30.8292136101 30.6081706233 30.8072919375 30.7485401467 31.1834872173 72.2914385647 30.9974723356 30.5595412642 30.8981514944 31.0849720136 31.1286734526 30.9928418655 30.9785125508 31.0786801825 30.8893371854 30.5105563702 30.5395561698
30.9860169016 30.699183972 30.6625657458 30.6686116061 30.959694571 30.8326016576 30.5657503692 57.536137068 44.4452340845 79.0174047563 30.6149397882 30.6713938507 30.8365440911 31.1174858442 30.6807653195 31.1588663614 63.6813949485 63.6813949485 63.6813949485 53.0113912921 30.6929062485 30.7294274843 31.0603002218 30.6703660517 30.6592537088 30.9972110674 30.686952206 69.3070078368 69.3070078368 30.8938121417 30.592254709 31.0261773333 31.1722491404 30.8788015666 30.6172388828 31.1673570826 30.5105479079 31.0358215073 30.5524442617 30.5883160741 30.8398255058 30.6923687639 31.0251697861 30.5009342233 30.6619094387 30.9200132538 30.5146435918 30.9375834726 31.1956139136 30.5786365067 30.6575422389 30.8693966728 30.6859166948 31.0314720177 30.5259722726 30.6648912164 30.875059635
30.7707296338 31.150119978 30.7617222324 31.1450207671 31.1120238307 31.1775381159 44.4452340845 44.4452340845 44.4452340845 44.4452340845 30.5325817671 30.553568621 31.2065957033 30.8838737505 30.8831510499 30.9259790632 30.7992960816 53.0113912921 51.1991372736 51.1991372736 31.0131275907 30.6982571475 30.5513397087 30.7351146814 30.5116024746 30.8820702512 30.9745167508 31.0004407644 30.7785051269 31.1016025224 30.8237797513 30.7597202509 30.7323068404 30.897710393 31.1181715945 30.8631456411 31.1038839862 30.5964648137 31.1682445064 30.6315186026 30.6921059033 30.5034545354 30.738817842 30.6675862361 30.6014684044 30.5953791596 30.5933265721 31.1040656252 31.1344287031 30.6193490109 31.1373221437 30.7383633049 31.1398038419 30.9886381395 30.6550255423 30.518518732 30.6562273509
30.6637846679 30.8084954025 30.599758594 31.1053154454 30.7336083298 31.0004062565 30.6808342949 54.076378658 54.271704491 54.076378658 31.0155242242 30.9869521449 30.569429765 30.9035604739 30.936398251 30.8260166222 30.8390304694 51.1991372736 51.1991372736 51.1991372736 31.0666981651 31.1504893055 30.6375721219 31.1351814537 30.8459788038 30.9180032235 30.6664374355 31.1636946618 30.7933609747 30.9656025454 30.8616110135 30.7088485758 30.8306201421 30.5287337417 30.8840268059 31.0174882298 30.870288905 30.9034665264 30.5771007996 30.5897255627 31.1345226662 30.9566533774 30.7073686531 30.5877580313 31.0526491043 30.6696755227 30.5448970179 30.6428274998 30.6830800529 31.0855526068 30.6834644213 30.9955403795 30.7180948516 30.7937634604 31.0306269594 30.7895204548 31.1097650375
30.8146455062 30.575697218 30.5150572282 30.5168135358 30.8410885942 30.510808887 31.0961763297 54.271704491 54.271704491 54.271704491 30.9800502658 31.1389176274 30.9615733689 30.742459614 30.8932040312 31.1481607363 30.7575479578 30.9238488392 47.0766631656 51.1991372736 47.0766631656 30.8808809622 31.0128155953 30.9972769349 31.0268446996 30.7971831456 30.752185505 30.6654574564 30.6164567222 30.7297831792 30.8286097292 30.7108913653 30.9594331221 30.7656171566 31.1852199228 30.5316007659 31.1916596843 30.8372147528 30.9309772439 30.8468915289 30.8765569239 30.9860985785 31.0469225831 31.148463604 31.1258856664 55.4970632726 55.4970632726 55.4970632726 30.7637475097 30.727013042 31.0209992256 31.0161289285 31.0762025161 30.5646127045 30.6202256231 31.1727207731 30.6493753591
30.8727912081 30.6346621191 30.6654139076 31.1962555177 30.7751371964 30.6708797151 31.0845592145 30.9225792826 31.1816828585 30.8836497059 30.9113985372 31.0396387494 30.8201333432 30.5486929496 30.9732262971 31.0689251708 31.0499266553 31.1970300908 47.0766631656 31.0326272914 30.9179970921 30.6768942502 30.5249028983 30.644168023 31.1591436949 30.6775863003 31.0615478676 30.8695460814 30.7875555822 31.1224145411 30.7950888463 31.1721289477 30.7425465401 30.7861140705 30.6518345224 30.7733176662 31.0886720216 30.8786583204 31.1694381057 30.8119729854 30.6679441883 30.7428969619 30.7332869639 30.8082300168 31.0557072502 48.8736371793 55.4970632726 48.8736371793 30.7394631999 30.6885731306 31.0582087688 31.0815530601 30.8926026783 31.1872143087 30.6620641226 31.1242171711 30.6244028114
30.7753729745 30.7758735534 30.5617097038 30.6756988007 31.0617635803 31.150548332 31.0274635518 31.0482368628 30.6464279838 30.6965001959 30.8857615618 30.5119786228 30.8265885299 30.5180546625 31.0315501319 30.5637385927 30.9861141764 31.1276704334 30.7318637931 71.2742184674 30.5425766809 30.7904456371 30.5970781677 30.8667712466 30.9749948836 31.0947750918 30.928774338 31.0908327123 30.6183150816 30.696107554 31.1981373689 30.6621025024 31.0968239807 31.0712885113 30.8516015227 31.1161576491 30.5504461428 30.6792879767 30.7304976498 31.1407910963 30.6691629298 30.8892280871 30.9412167986 30.6131076321 31.0683810641 37.9001472993 64.3125020076 64.3125020076 72.2154408329 30.7707817341 82.1664974497 44.2304461094 82.6876308044 56.0303053758 30.5265586678 30.8167320522 30.5054602017
30.8358642176 30.8334236134 30.8052378043 30.5301929658 30.5490733838 30.9968657639 30.7020864695 60.3244457657 60.3244457657 60.3244457657 30.7498079978 31.1967970031 30.6333266995 30.9006893324 30.8756694525 30.91694368 30.5207950885 30.7508046187 30.8805357086 30.5489797316 30.9869815061 30.5570237824 30.9998847999 30.634020512 30.764705476 30.8449726113 30.7670444227 30.7510210702 30.8260420097 30.601071184 30.6483703563 30.6498320319 31.1415257936 30.7013880968 31.1834302981 30.6320994742 30.8296942487 30.8713700786 30.609766768 30.973870919 30.6763994637 31.1336698422 30.8737795278 30.6487353049 30.5586395764 64.3125020076 64.3125020076 64.3125020076 72.2154408329 72.2154408329 48.2986384004 44.2304461094 44.2304461094 30.9649153715 56.0303053758 31.1695337148 30.5211314668
31.1254685931 30.5300804697 30.7689857172 30.7150124801 31.1952496403 31.1315314441 30.9733417974 60.3244457657 60.3244457657 30.7673546471 30.9109074495 30.7485241923 30.7158134339 30.9097164971 30.5020269739 31.181842226 30.7487964193 31.0323652742 31.0672441221 31.1579712622 30.9505615489 30.8890889244 30.8887473888 30.6135216692 30.8112011249 30.8823042067 31.0013012259 30.6558586187 31.1148280447 31.1739739668 30.5148414582 30.8642091619 31.206519736 31.2049201042 30.5846017173 31.0106258985 31.0812266622 30.9016887217 30.6530524196 30.6309051804 31.0763119643 30.7662755965 30.9932795194 30.5789469683 31.0919844448 55.0796415084 64.3125020076 57.2187164939 72.2154408329 55.0792343402 44.2304461094 44.2304461094 48.2986384004 56.0303053758 30.6284702146 30.5299216468 30.9166683818
30.9002400918 30.6685600404 31.0258761271 31.0837104454 30.7641392003 31.122882105 31.1136687043 50.1468952974 50.1468952974 50.1468952974 31.1121905676 31.0005114233 30.7345437164 30.6652788977 31.0651545867 30.6097686627 30.6523968452 30.5190809446 30.5239243813 30.5897836361 30.8826464252 48.6665687061 30.9363162561 30.9232551005 31.073233457 69.7054865815 31.1270323118 30.6973785304 30.5293464964 52.5173982041 52.5173982041 52.8080714968 30.5206431681 30.6194439985 30.5976588808 30.6447599522 31.1168614261 30.7765878476 30.7915286981 30.8572997578 30.5887283576 31.0557502228 31.0705922738 30.7132355059 30.8692370177 52.5643708576 61.3386765017 61.3386765017 30.750861842 30.693767169 30.9346945771 56.1956824387 56.1956824387 30.6442914635 30.7047897901 31.0911389989 30.7241012452
30.7767059488 31.0744700903 30.8266795559 30.5446848355 30.5811806569 30.8827658193 30.8421530664 58.9776787081 50.1468952974 58.9776787081 31.1612510724 30.5914422728 30.8163392534 31.0998750184 30.8232809711 30.694797932 30.8449872674 31.0931283703 30.6486322495 30.9608172875 30.8892609129 48.6665687061 48.6665687061 39.259780012 69.7054865815 69.7054865815 69.7054865815 52.5134046898 52.5173982041 52.5173982041 52.5173982041 59.0365217377 30.6991509069 30.9216036704 31.0345566496 30.8258298647 30.8656041638 30.9765833924 30.742674511 30.8342186812 30.981941372 30.8337799156 30.5728525273 31.1311344787 31.1267995327 56.8025652356 61.3386765017 61.3386765017 56.8025652356 30.6256346844 31.0832388841 30.8505089328 30.7777379977 31.187312774 30.7774939146 31.2009990719 30.5495044837
30.5361550581 30.9049069949 30.9403741326 30.5886502255 30.5860329964 30.6269587057 30.9216908181 30.8742749347 58.9776787081 31.1974832063 30.6612371706 30.8145092677 30.902471974 31.1753431395 31.2020508742 30.8958618262 30.9772768628 31.1904208653 30.9003155866 30.8332001424 30.6578257691 48.6665687061 30.622466416 39.259780012 30.6973446595 69.7054865815 31.0014586525 52.5134046898 31.1141026559 52.5173982041 59.0365217377 59.0365217377 58.9993943533 30.6519394298 31.0183588221 30.6733881292 30.7622763137 30.7889642017 30.7257405356 30.7147194252 31.131441001 30.9036736012 31.0435643034 30.6709840757 31.1121111535 67.7791500624 67.7791500624 67.7791500624 30.9475124462 30.6331342607 30.8019833897 30.5499016459 30.9769033326 31.0836398883 30.7221427598 30.5996053278 30.7178369255
31.0250802256 30.9153322095 30.9879396832 30.7448855848 30.590015701 31.0349640996 30.539460107 31.1324635947 62.6879984088 31.1560534708 30.9173428136 30.6121050314 30.535086066 30.5636700832 30.9040892795 30.7579217896 31.19253056 30.9614057068 30.633462373 30.8752695623 31.0440208652 30.5749955138 30.9449574136 30.7890192037 31.0725490608 30.8346193929 31.0882168261 30.935922574 31.1250837556 31.0189156337 30.7485509003 58.9993943533 31.0838755377 30.6565287088 30.6975856496 31.0409847168 30.9146674447 30.8732068446 31.0521062182 30.9649505168 30.7626110615 30.9450961896 31.0432622533 30.8946899131 30.8505808188 31.1341342211 62.9595051401 62.9595051401 31.1881374994 30.5151341975 30.97905352 30.6012207583 30.5418472695 30.8122190881 30.8494514837 31.1496123075 31.1982767564
30.5418196933 30.8155066412 30.5077184491 30.8141761437 30.7677636714 31.0806750203 30.5616642903 62.6879984088 62.6879984088 62.6879984088 31.1998365949 30.7661640847 30.725865195 30.8793086767 30.6310368209 30.6780976077 31.19635051 30.7182828654 30.5517923647 30.837444638 30.5868187864 31.0011434291 30.913586347 30.6196261638 30.8974313709 31.0588396664 31.0457052695 30.7407310429 30.7347434092 31.1463362613 31.0491873657 58.9993943533 30.7314251353 30.5156620912 30.5148353143 30.760648764 30.7474999092 30.8311913191 30.9822119735 31.1517982681 30.7607616651 30.9484236454 30.8506888244 30.7389935949 30.9203701617 62.9595051401 62.9595051401 62.9595051401 30.7802810631 30.9001710626 30.7669605811 30.5610719955 31.1143702937 30.7435875339 30.5805670298 31.1232494925 30.5539065814
30.8396622463 31.1197659639 30.5623804416 30.8053814343 30.8676594663 30.8214736044 31.0974227708 62.6879984088 62.6879984088 62.6879984088 30.9761379816 31.1039154831 30.7890417027 30.8200555787 31.1509815211 30.5694755877 31.0725045902 31.0332254513 31.0506681547 30.9786494004 30.6086906964 30.6195574568 30.7784454507 30.6826275991 31.0659487491 31.16584751 31.1215949603 31.018914795 30.7162523264 30.8097900367 30.6432072942 30.6117282972 31.1508862139 30.8196551472 30.7790013956 30.7904177248 30.9072912155 30.7048428116 31.1547838231 30.8900330866 31.183712314 30.635795151 31.1810676274 31.0921680934 30.5408593926 30.8537282084 30.6949285631 31.182443588 76.2483478665 30.5759116 31.0449404294 31.1051640356 30.8016145639 59.9158865975 30.5773867271 30.6098388176 49.7461603354
30.9020935658 31.05720059 30.6053520516 31.0759507067 31.1435963768 30.6683618394 30.894486412 30.979485657 55.9527985698 31.0358815308 31.0348402361 31.0431972805 30.6839069333 30.7710681455 30.5084628971 30.9317131862 30.7375918599 31.0707266564 30.6445606595 31.01273265 30.6385829756 30.7941288624 30.6089568272 30.9654531042 30.5660688365 30.7126625964 30.6881653049 30.7902073454 30.8092055369 31.2049022239 31.202408149 30.6013155032 31.0280680369 30.6694934516 31.0794754778 30.8430027274 30.6056443748 31.1974090163 60.928466238 30.84292506 60.6517462094 30.8029119187 50.2654854481 79.6792620947 31.1584272955 30.953554873 81.9694120443 47.6341979599 47.6341979599 85.7517072629 85.7517072629 60.0799531757 30.5906506273 59.9158865975 59.9158865975 49.7461603354 49.7461603354
73.4458542708 30.9099296727 79.6456435972 57.122330603 30.6985342657 30.5545084757 30.5013057835 48.4758905593 48.4758905593 55.9527985698 30.9083487933 30.7424953793 79.2066934071 31.0399216559 51.4498679442 30.6173479239 30.7336659055 31.1280113426 30.5758447702 30.7402581594 30.5118286026 57.6126539097 75.0702156368 30.5390757908 30.8790180996 81.8212619484 30.9361204024 30.5405507339 46.808601034 65.9083811707 52.1321538981 30.7391818295 30.7813435635 30.7065841319 30.6587859257 31.2019509219 30.7995402648 60.928466238 60.928466238 60.6517462094 56.2989750433 56.2989750433 50.2654854481 50.2654854481 30.5197464954 81.9694120443 81.9694120443 30.5421420113 30.9269767442 85.7517072629 31.0111054851 60.0799531757 70.3112922622 59.9158865975 59.9158865975 31.1557504202 49.7461603354
61.8038357535 61.8038357535 80.012225805 61.7768924699 56.9885192103 30.50191791 61.5071120421 48.4758905593 48.4758905593 48.4758905593 42.6175400517 79.2066934071 79.2066934071 51.4498679442 51.4498679442 40.0657136752 54.4324280686 57.2272536918 30.9225458697 30.9464716848 43.2097417639 43.2097417639 75.0702156368 75.0702156368 30.8301997564 81.8212619484 30.7572237438 46.808601034 46.808601034 52.1321538981 52.1321538981 61.24641887 30.674824409 30.6395515383 30.741553692 30.7684202908 30.8358579495 60.928466238 60.928466238 60.6517462094 56.2989750433 56.2989750433 50.2654854481 79.6792620947 30.7164319261 30.5492422747 81.9694120443 45.3462814791 45.9410559166 30.9306431704 31.0412681908 30.6881277937 30.9491397776 70.3112922622 30.5345765765 30.6998020839 30.7354975705
61.8038357535 61.8038357535 80.012225805 80.012225805 56.9885192103 30.966393569 61.5071120421 61.5071120421 30.9509157954 30.8116710139 30.7570820609 79.2066934071 79.2066934071 51.4498679442 51.4498679442 40.0657136752 57.2272536918 57.2272536918 57.2272536918 55.6929714523 43.2097417639 43.2097417639 75.0702156368 75.0702156368 30.9944321966 30.9839159237 30.6370095429 46.9277271194 46.808601034 31.0006992591 52.1321538981 31.2008545707 30.783807108 30.8599127542 31.0185991316 30.7062341616 31.0048445185 30.8858667408 30.6206869018 30.9846131731 60.6517462094 30.9482645388 30.8477682114 31.0344276744 31.1823830172 31.1062366012 73.3312177328 73.3312177328 73.3312177328 30.539987028 31.0506367071 30.7853339621 31.0154472648 31.0159569998 30.6019435671 30.7552935674 30.6400977772
61.8038357535 59.4795585476 61.7768924699 57.122330603 56.9885192103 31.2008825739 60.8638001525 61.5071120421 31.0793908637 30.9400347414 30.6297777288 30.5153884429 79.2066934071 30.8413321043 51.4498679442 30.5938982673 54.4324280686 57.2272536918 30.5381072307 46.9180365358 46.9180365358 46.9180365358 57.9091008492 30.7200352167 31.0053008753 30.6050310298 30.9122424881 31.0189086815 30.9368233623 31.1607599946 30.7011132433 31.0433164235 30.6528731985 30.8728225427 30.8120976332 31.0974997803 30.7611791239 30.6379162632 30.6493361255 31.0740389458 30.622364249 31.1317477003 31.0251383816 31.13136161 30.5674277952 30.9922943038 47.7837135307 47.7837135307 47.7837135307 30.9105288899 30.7617693836 30.6923909018 30.628304057 30.5249713694 30.5274725396 31.0922378322 30.6540075758
