Spatial_Output/BAU/BAU_0206.asc
NCOLS 155
NROWS 192
XLLCORNER 196307.867259
YLLCORNER 449144.565805
CELLSIZE 33.573938
NODATA_VALUE NaN
[rows 150 to 174 of 192, columns 57 to 113 of 155]
47.2895897816 46.0023825599 46.1630941881 46.5147613392 46.9578826604 47.2264536066 46.8839165855 65.0658746348 66.6565624113 69.9151723847 70.2353300063 46.3020346533 47.0251207556 47.3383208486 46.6985030443 46.2918242927 47.2747977762 47.1933633313 46.3104953622 46.8116977982 47.023562825 47.0028910438 46.3017276847 46.2652921352 46.9824505149 46.6756597484 47.2682490407 46.9077036591 46.9717914413 47.0246769399 46.1226532404 47.0383537594 46.6220499594 46.7323193083 47.0049757092 61.5021442726 65.6432916135 65.6432916135 47.4044897047 46.3877466743 46.8633753274 47.0492029318 46.4332269916 46.622306859 47.0907000938 47.1499655052 47.3002811911 46.8328998922 47.2235676944 46.2768810676 46.1735848632 46.3283590673 46.2417788975 46.6190588008 46.0663683592 46.1489601333 46.4745081772
0 46.9098115956 46.4244111826 47.1829832153 46.6555331695 46.6334221213 46.5635209092 46.8147586199 70.3736736162 73.472929112 65.6325366366 46.8662652656 47.3340983772 46.039444505 47.4107924332 47.4046491832 46.8090189276 46.4215334277 46.6322477415 47.1741296615 46.518524067 47.1695046554 46.291875777 47.2770253681 46.8014848247 47.2067234172 47.3071932571 46.9216338383 46.3044761152 46.0558833388 46.9321465315 46.240063155 46.2257116419 46.4431704679 46.9671876974 91.0619783112 47.1029738057 65.6432916135 46.6548771788 46.2746141038 46.7795391482 46.1342380047 46.4723998342 46.2968640096 46.9064906363 46.2467304005 47.0762499157 46.9321615811 46.5699446162 46.2365755014 46.8855987441 46.8985860624 46.0093607131 46.1399498886 46.147437396 47.1495367921 47.0417680369
0 0 0 0 46.2630402176 46.7900680877 46.1523378912 46.8367054517 71.5461807099 67.9104719665 70.7400025769 46.512124286 46.8855694082 46.3581749633 47.3064791458 46.1812025305 47.3900578584 47.2851892488 46.2931606981 46.310503622 47.2193246147 46.7915198647 47.1555021546 46.4868031854 47.0137789018 46.4753309129 46.8866358011 46.7068205838 47.000964494 47.1145730774 47.2785120397 46.8147985997 46.0303984161 46.2460896941 47.2533050292 46.9858427299 66.1812739593 69.4003931732 69.4003931732 67.1101739659 46.1923009233 47.0192225299 46.53679729 46.1051453508 46.4439820195 47.3779061078 46.7262304297 46.0528504023 46.1901734072 46.1487007843 46.7926476541 46.9985532479 47.1691358009 47.2133375616 46.5797559609 46.6149763836 46.5428365263
0 0 0 0 0 0 46.0303742414 46.2980878378 34.1142747269 34.3724981755 34.3724981755 46.5538709362 46.8662104755 46.7025216258 46.285593422 46.6073718552 46.1916375382 46.7295768134 46.6904092258 47.0189386453 46.8898472838 46.599848396 47.3307481327 46.2022826889 46.5103064503 46.2494262528 46.8444294342 46.5125492252 46.06060429 47.3574488249 46.5830756261 47.2834059667 46.6581877972 46.9948275056 46.260691894 46.2674747632 47.3077983445 69.4003931732 69.4003931732 65.19414819 46.3013912398 47.0880037077 47.4004050898 46.985237824 46.1644973446 46.2396904601 46.8293918729 46.7645675516 46.7248237786 47.3814332413 46.220832876 46.284835075 46.6080968246 46.66243347 46.187023349 47.053930065 46.8132808768
0 0 0 0 0 0 0 0 83.7048359315 34.3724981755 34.3724981755 46.8725036375 46.9502270449 47.2386051863 0 0 46.0818530086 47.1220854697 47.1074313499 46.4377103114 46.3277159804 47.0815855231 47.0042926104 47.0635209504 46.0320702117 46.2368035478 46.8375907775 47.0436150835 47.3506213898 47.1908164228 47.2117846855 47.2300916931 47.4029137323 47.22576097 46.9262350848 47.0425412475 46.3524709917 65.19414819 65.19414819 65.19414819 46.1962373253 46.1057390138 46.9174945677 46.7635802017 46.1761693567 47.0665996903 46.0328181634 47.0609204124 46.1222070839 46.3597113066 47.0095124921 46.2178642252 46.705306724 46.429021123 46.8159099687 46.5449447774 46.4358232944
0 0 0 0 0 0 0 0 0 68.0280019485 74.5439748128 74.5439748128 74.5439748128 0 0 0 47.3531342621 47.2362222038 46.8095573282 47.082492938 47.190667725 46.6462460183 46.089638235 46.3686896856 46.1163028406 46.0079172368 47.1705879278 46.8673742797 46.988787626 46.0320998698 46.9056411601 46.7603331979 46.0150564436 46.5395322053 46.0122389307 46.2174415712 47.1466848038 46.3610941187 70.9547319271 55.7210555687 55.7210555687 46.1367218392 46.0581369632 46.710583436 46.5356485514 47.027661217 46.9246770258 47.3461759476 47.4086165763 47.3246285556 46.007976436 46.5376761831 47.0165020705 46.1473150195 46.7025918507 46.3993656221 46.9884332034
0 0 0 0 0 0 0 0 0 0 74.5439748128 73.3230350708 67.5425345949 0 0 0 0 46.4113336446 46.1200232905 47.3724541805 47.1728988331 46.3149382533 46.6655816734 47.0636320421 46.1142439334 46.6999793389 46.2255756624 46.3956818427 46.6325246169 46.0020813463 46.0537014649 47.3418488317 46.1097287926 46.7409360218 46.6577633746 46.4424393151 46.0517125284 46.7840003302 55.7210555687 55.7210555687 55.7210555687 46.2943012252 46.536335197 46.1112106764 47.4032551649 46.6953688587 46.898044433 46.7140004304 46.400961549 46.9190973665 46.8650255138 46.141772232 47.0014845252 46.763749448 47.3343069591 47.2565882701 47.3185720908
0 0 0 0 0 0 0 0 0 0 67.5425345949 73.3230350708 73.3230350708 59.2302652567 0 0 0 0 46.9031160051 46.7014817244 47.394977698 46.3604577702 46.6685692856 46.5865674769 46.0873543438 46.0363621248 46.596081672 46.096654283 46.1956261892 46.6957736747 46.4573831326 46.6275837941 47.3298060526 46.8723398313 46.850455309 47.2270134594 47.1022858623 46.071279876 86.2492908025 86.2492908025 86.2492908025 75.1482774547 46.3998618472 46.6258628133 46.5400502064 46.2802718031 46.8138928475 46.4233155689 46.8989810127 47.2422376215 46.2486356944 46.4737525318 47.2243383607 47.1188456637 46.3161997427 46.6432548331 47.2352939243
0 0 0 0 0 0 0 0 0 0 105.1776243773 77.0039398251 77.0039398251 0 0 0 0 0 0 46.5107465988 46.0237545311 46.7248981629 46.2571730909 47.2863143949 47.2655422311 46.6560760551 47.30738655 47.0107597717 46.2431621477 46.6675855626 46.1462461945 46.7978809108 46.2855722934 47.1738129778 47.0289600671 47.0832444187 47.0697330066 47.3681271725 46.1432196745 75.1482774547 52.5097298388 75.1482774547 47.2560373231 46.4658404309 46.5935940753 46.7884856135 47.1304566575 46.1866525085 46.3275289428 46.8077489302 46.0920465934 47.3260291275 46.5555436571 47.0215718937 46.743794064 46.6794146228 46.6320454162
0 0 0 0 0 0 0 0 0 0 0 0 0 0 0 0 0 0 0 0 46.5436885093 46.1678965519 46.6693741703 46.8503413812 47.3682352046 46.1724679032 47.2576954938 46.1413877298 46.9085033803 46.2790597335 46.9922735557 46.5015315885 46.9279547796 46.4062671786 46.7425461062 46.3625227288 46.8581017301 46.7051526752 46.1889280006 71.7847876145 75.1482774547 58.5582197409 46.0356060738 47.2233850009 46.3974928745 47.2716796919 46.970747552 46.791134833 46.6789374702 46.8345539783 46.7515611807 47.11704942 46.2901294523 46.4274275709 46.3595696996 46.4046105903 47.1024375983
0 0 0 0 0 0 0 0 0 0 0 0 0 0 0 0 0 0 0 0 0 0 0 0 46.7495707589 46.6049386531 47.3093814135 47.001715017 46.7518551283 47.1870262085 46.7229034709 46.3217361691 47.3256990408 47.0044422626 47.0954871153 46.5993260012 47.1234252005 46.0339457723 46.9210225482 46.3361152931 58.5582197409 98.2940470833 98.2940470833 46.67737908 47.2342847728 46.230443048 47.3286955186 46.9785372068 47.1902238828 47.4061693897 46.0127911934 47.1038400369 46.2178993988 46.3617332862 46.0606661172 46.2304287234 46.401891339
0 0 0 0 0 0 0 0 0 0 0 0 0 0 0 0 0 0 0 0 0 0 0 0 0 0 0 0 46.1887131389 46.1305847635 46.6001297606 46.2730564826 46.4414800923 47.2376713462 46.6849173767 46.5643895189 46.0936297581 47.0721179731 46.3707525187 47.1425222829 98.2940470833 98.2940470833 65.1484357838 65.1484357838 46.7003051599 46.3158744091 46.671585465 46.4681084279 46.6856641016 46.7843720386 46.9804412812 46.5472723702 47.0524397389 47.3951579148 46.7429442909 47.3172342105 0
0 0 0 0 0 0 0 0 0 0 0 0 0 0 0 0 0 0 0 0 0 0 0 0 0 0 0 0 0 46.3720795131 47.0697425915 46.1175052065 46.6907143372 46.4361407491 46.8078144493 46.270610095 47.2703474639 46.7916894421 46.8234524443 47.2452882625 65.1484357838 65.1484357838 65.1484357838 72.6942874515 46.8328306557 47.1560779511 47.3485520131 46.2048444229 46.6620885843 46.9733163935 46.332961516 46.7784350733 47.3203864328 47.1115514454 46.740878384 0 0
0 0 0 0 0 0 0 0 0 0 0 0 0 0 0 0 0 0 0 0 0 0 0 0 0 0 0 0 0 0 46.5077353572 46.929995049 46.6404199442 47.234812566 46.9415863828 47.3402466473 47.1187145145 46.0341775536 46.3955198548 47.26577844 47.3255561686 72.6942874515 65.1484357838 80.0914031564 46.9749901065 46.3221153159 46.6134492425 46.6355903197 46.7269867153 46.0597782479 46.4976458744 46.2003823567 46.7020137232 46.6648692568 46.3006108651 0 0
0 0 0 0 0 0 0 0 0 0 0 0 0 0 0 0 0 0 0 0 0 0 0 0 0 0 0 0 0 0 0 46.8670989095 46.6508193358 46.8107684983 46.1161951051 46.9086261594 46.9042822328 46.2853234479 46.1753034769 46.6459476567 46.4523422289 79.3359266654 75.4337442812 60.4234425333 60.4234425333 46.0989531053 46.0292103812 46.8094291198 46.6612805786 47.2071709477 46.0370327194 46.5263393255 46.7788647986 46.4621116742 46.5301105698 0 0
0 0 0 0 0 0 0 0 0 0 0 0 0 0 0 0 0 0 0 0 0 0 0 0 0 0 0 0 0 0 0 0 0 46.8231651871 47.2742075691 47.390266159 46.2263079261 46.437739361 47.0141491078 47.0136810755 46.0444554232 75.4337442812 60.4234425333 60.4234425333 60.4234425333 46.1900239318 46.3911923015 46.6296345246 46.9505592111 47.0556408586 46.1021445363 46.3417970163 46.6233255922 46.132436365 0 0 0
0 0 0 0 0 0 0 0 0 0 0 0 0 0 0 0 0 0 0 0 0 0 0 0 0 0 0 0 0 0 0 0 0 0 47.4069492159 46.1209855841 46.908397189 46.1828132473 46.3353351796 47.2321596937 46.6271628258 46.1623502912 64.1755698215 75.4337442812 60.4234425333 46.9040161469 47.0261133886 46.3613469033 46.2560389504 0 0 0 46.0959599622 47.4010801014 0 0 0
0 0 0 0 0 0 0 0 0 0 0 0 0 0 0 0 0 0 0 0 0 0 0 0 0 0 0 0 0 0 0 0 0 0 46.2429975269 46.9681197859 46.8086683335 47.2342701517 46.558855883 46.5632958275 46.6689341992 46.3751994245 64.1755698215 64.1755698215 81.05176275 68.6142905929 46.4812620352 46.0063807671 0 0 0 0 0 0 0 0 0
0 0 0 0 0 0 0 0 0 0 0 0 0 0 0 0 0 0 0 0 0 0 0 0 0 0 0 0 0 0 0 0 0 0 0 46.2602856538 46.1154080313 46.0708416197 46.7686816307 46.1476054105 46.0899703497 46.5953531132 46.9145588394 68.6142905929 81.05176275 68.6142905929 78.1746162674 0 0 0 0 0 0 0 0 0 0
0 0 0 0 0 0 0 0 0 0 0 0 0 0 0 0 0 0 0 0 0 0 0 0 0 0 0 0 0 0 0 0 0 0 0 0 47.372556136 46.8785018301 46.776408374 47.3051024127 46.8693179841 46.1277605007 47.1930483397 46.9536093738 94.0932109719 94.0932109719 57.0792738333 57.0792738333 0 0 0 0 0 0 0 0 0
0 0 0 0 0 0 0 0 0 0 0 0 0 0 0 0 0 0 0 0 0 0 0 0 0 0 0 0 0 0 0 0 0 0 0 0 0 46.9507660886 46.2802645265 46.1999349856 46.9925193011 46.9068471553 46.9951336431 94.0932109719 94.0932109719 69.0099053744 74.4040000491 63.820806159 0 0 0 0 0 0 0 0 0
0 0 0 0 0 0 0 0 0 0 0 0 0 0 0 0 0 0 0 0 0 0 0 0 0 0 0 0 0 0 0 0 0 0 0 0 0 0 47.2363557828 46.0445471213 46.2287659531 46.6399246026 46.5988874121 46.6847282088 46.6036278524 75.3780729839 68.3074967311 65.0967841325 72.860920434 0 0 0 0 0 0 0 0
0 0 0 0 0 0 0 0 0 0 0 0 0 0 0 0 0 0 0 0 0 0 0 0 0 0 0 0 0 0 0 0 0 0 0 0 0 0 0 47.1703271895 46.0523717059 46.5867240763 46.277920884 46.2515270427 46.966103812 76.8501788784 71.8766518625 76.6621803904 34.492571654 32.8834300461 0 0 0 0 0 0 0
0 0 0 0 0 0 0 0 0 0 0 0 0 0 0 0 0 0 0 0 0 0 0 0 0 0 0 0 0 0 0 0 0 0 0 0 0 0 0 46.4869877673 46.8633630639 47.1708480846 46.6536198125 46.7967433068 0 0 34.492571654 34.492571654 34.492571654 34.401419154 0 0 0 0 0 0 0
0 0 0 0 0 0 0 0 0 0 0 0 0 0 0 0 0 0 0 0 0 0 0 0 0 0 0 0 0 0 0 0 0 0 0 0 0 0 0 0 47.1881752371 0 0 0 0 0 72.9062606214 34.3846190429 34.401419154 34.401419154 32.627672834 0 0 0 0 0 0
