Spatial_Output/BAU/BAU_1335.asc
NCOLS 155
NROWS 192
XLLCORNER 196769.923733
YLLCORNER 449719.875193
CELLSIZE 27.603701
NODATA_VALUE NaN
[rows 23 to 45 of 192, columns 0 to 52 of 155]
0 34.1358497484 34.2128180978 34.1732669476 33.2331810566 34.237368781 34.2555000585 33.473019154 33.950550869 33.6514561368 33.3446390153 34.3520003263 33.9845857821 33.8604867975 34.1720668347 33.2779154728 67.3720465903 67.3720465903 34.3899396773 33.4519954866 33.089556689 33.1663061868 33.4227801801 33.4166504969 33.1299084541 47.0256029421 47.0256029421 47.0256029421 34.0310575184 71.342509646 33.4090871487 34.1387042796 33.8766875397 33.0754014404 33.113038057 33.3029435496 33.7583017415 33.7744742761 33.9811010913 33.4379251841 33.3180614292 33.0363796092 33.1725166608 33.8171103767 34.3137328095 33.5908658533 34.0427165731 34.1152573611 34.1632851781 33.3287027403 33.8448348185 34.1594643225 33.4147889154
33.0496504573 33.0971602067 34.2812101633 34.288846919 33.883963924 33.6864196144 33.0989143516 33.8336641036 34.0335946416 34.3026711113 34.2532200534 33.2796736345 33.9089548574 33.1331915411 62.0024941768 33.8137924977 67.3720465903 67.3720465903 42.823248473 33.6217000355 33.3484723239 34.1318462503 34.1993822195 33.9272627366 33.9257853029 33.1618670235 63.4797189191 64.3949397456 64.3949397456 33.4560006355 33.9356614284 33.6463730333 33.0987705391 33.9848046464 34.1924398496 34.2655645074 33.409917006 33.9921926853 34.0340918094 34.0387135749 34.2373539607 34.3156104437 33.2318476193 33.8178377235 33.6513557601 33.6649203719 33.3972104732 33.1020008979 33.1219973331 34.065486718 34.1811925586 33.479104685 33.2454475035
33.0755955819 34.005248857 33.4071863849 33.7949086732 33.1045767618 33.343963319 33.1069000956 33.6311518943 34.1019528889 33.6778690676 33.7703012504 33.1683323898 33.3877394647 33.468106967 34.1992906361 33.6974268403 67.3720465903 42.823248473 42.823248473 33.7825842061 33.7822024593 33.3887607876 33.797544563 33.8222379096 33.6192869481 33.6747456332 64.3949397456 64.3949397456 64.3949397456 57.7211416488 33.4332869384 34.2566867809 33.7578257018 33.1997040719 33.1375338106 33.9733649893 33.9538941022 33.0383781353 33.4222806538 33.9162746608 34.0698848753 33.5946907701 33.7944229514 34.0381688004 34.2832093679 33.9821420932 33.7276634998 33.2902571824 33.0845860863 33.6742528932 33.8252428442 33.4361006963 34.0664653055
33.9639250376 33.6277588116 33.759301055 33.8178834781 33.4003064673 33.6719880954 33.2399593451 34.1194332674 33.9985154946 33.2129990822 34.2093662967 33.1770884756 33.4159583072 34.0731915317 33.0197016403 33.8986369076 33.6874715267 33.4537107786 63.2785838812 63.2785838812 33.2029641013 34.3157726077 34.0631891792 33.1324046432 33.0308594722 33.0002973116 34.0048652857 77.6231140232 58.6825300651 58.6825300651 33.9846006362 33.5879734849 33.2806758576 34.1665950121 34.2186654918 33.4986994322 33.3305639533 33.8962191473 34.0710815545 33.9163751879 33.5718698444 34.3887112064 34.2097325292 33.4350826888 33.2116323412 33.2033803102 33.8517413918 34.1921775289 33.0597165991 33.5142684083 34.0048860286 34.1287395157 33.3751689653
33.8283189272 34.0511696825 33.8357601789 33.1547685011 34.356013431 33.9635524143 33.489024228 34.3674362259 34.3099376831 33.1624079093 33.9763741776 33.3068499521 34.1689271848 33.7755925562 33.716647049 34.2600560252 34.4006820485 63.2785838812 63.2785838812 77.1920749616 33.2202964389 33.5275907817 34.1279597748 34.2084250667 33.6078806885 33.5111451752 34.3295969886 33.3393159384 58.6825300651 58.6825300651 57.0902274242 57.0902274242 34.0808562236 33.9021142376 34.1674977481 34.3759436351 33.4187551917 34.1900189988 33.1305172597 33.1687049036 33.7441308285 33.4720019193 34.148925382 33.0094815518 33.38476992 33.9734029723 33.767810725 33.7982181676 33.8362564522 34.2986165275 33.6090062521 33.6908590934 34.2647231677
34.3678419047 33.3520186096 33.0333205626 33.8360431927 33.1425078889 34.3754301634 34.2434865422 33.7448526134 33.5484270809 34.070620362 33.9314604105 33.8308595295 34.0124375802 33.6269422028 34.034104581 33.8615084432 33.6492116354 33.9450525662 72.8569108456 72.8569108456 72.8569108456 33.2876174623 33.8475008277 34.2778809241 34.0487013338 33.6235384495 33.2466641123 33.7857008287 34.0840809818 57.0902274242 57.0902274242 57.0902274242 33.3228414948 34.1578601921 33.9537533463 33.3455409105 34.1275449819 33.7208825867 33.9042440301 33.2224350868 33.3143585754 34.2082089524 33.1955022522 33.8443152963 34.0638781352 34.0361642941 34.3437401723 33.8712527993 34.0581203436 33.1382099204 34.1717412467 33.856569729 33.8123770157
33.5570648017 34.0723508532 34.0172558217 33.4472068519 33.9799808203 33.8079722446 33.7412282925 33.1591333098 33.7894084733 33.173257377 33.0522491522 34.1625259283 34.2336106883 33.2451209585 33.2891180122 34.4054288684 34.1065025615 33.6428531984 72.8569108456 72.8569108456 62.5979422726 33.3345280517 34.200244255 34.0097377615 33.3607052068 33.027043974 34.1848576741 33.0072538021 33.1308628671 76.111848257 57.0902274242 66.7929830717 42.7839916156 33.8911010646 34.0511017425 34.340620406 34.0275493687 33.0591947968 33.2989813204 34.1859945519 34.3802831359 33.4461157232 33.9098947874 33.1469426567 33.672478435 33.0020673008 33.9481161547 34.0138374874 33.4958814164 33.7584656299 33.3771277438 33.7824179759 33.3796694028
33.1773413988 33.4656405393 33.7089022623 33.7845712305 34.4053627454 33.7399591714 33.575688078 33.0929171606 33.5241067732 33.2460788688 34.0433442291 33.7920359606 33.5850398611 34.124002532 33.4027236509 33.0529896056 33.1580243062 33.3432036069 34.2412941079 33.3576299216 72.188116511 33.4189194897 34.142095865 33.4006480684 34.0845586002 34.1552990169 33.5874230477 34.3711589977 33.3408496932 33.4544941444 66.7929830717 66.7929830717 66.7929830717 33.2569403482 33.1317159457 33.5338861609 34.0875420629 34.1867098489 33.6396188905 33.1323645368 33.949447021 33.46174122 34.3823836529 33.9476803466 33.5490898516 34.170563847 34.0634912743 33.8198468972 34.1660943659 33.7940960935 34.20704171 33.6536454256 34.1588827065
34.197283872 33.7622459481 34.021570515 33.4720059719 34.0303121387 33.3321857439 33.7588706824 34.2661277762 33.0314335887 34.2094606952 34.2322022151 34.0689043203 33.1255146213 33.7127371676 33.8208430999 33.3851200854 34.3794015034 33.1742386475 33.2587675886 69.5744385729 69.5744385729 69.5744385729 34.3779255005 33.7162463682 34.2488398213 33.8335620414 33.6612046951 33.9162842767 33.5152351126 52.7635080369 66.7929830717 59.0413215135 33.3824194428 33.4862795366 34.1210764795 34.4017973201 34.2791394816 33.1769251009 33.5474782304 34.1014567925 33.0180099473 34.3427180598 34.3559933453 33.5222025499 33.2997282725 33.8137388637 33.026117241 33.288636062 33.0447323647 34.3049520278 34.1097358904 33.2772430634 33.1199354493
33.3048334396 33.0890887293 33.0713076982 33.0175231383 33.4270363393 34.1874618592 33.3263667494 33.8967738335 33.369014277 33.458073796 33.9990152678 34.3736470217 33.4548416152 33.9757886806 33.6672931301 34.2998676339 33.0564009381 34.1711107607 34.3151901004 69.5744385729 69.5744385729 34.2772890837 34.2327431675 34.3049526894 34.3972447204 33.9172995932 33.6465410122 33.9611830246 61.9581071786 55.6586776424 55.6586776424 55.6586776424 33.321336933 34.3120337921 34.1119984706 34.1646453762 33.3710748797 33.9768208264 33.2582214277 33.8537608395 33.3556947224 34.0503150389 33.8163863396 34.1712731992 33.4770238127 33.6347661325 33.9846799033 33.2568598341 33.0390681621 33.0910279871 33.7137834874 33.3024591104 33.7162883072
34.3158327496 33.5590256332 33.5095288066 34.0580846461 34.2977727299 33.061287909 33.246976557 33.1750205647 33.8944650855 34.204877591 33.3779339817 33.8408084777 33.9204995171 33.2901757087 33.0064669332 33.3149501242 33.6426345331 33.1426226151 34.1300596069 34.2006482924 34.1109399219 33.3518008089 33.1253974338 33.3492754922 34.3540209949 33.7965052346 34.2304156996 33.7483730158 61.9581071786 61.9581071786 61.9581071786 33.2468546164 33.8427434642 33.2564545647 33.5030031116 33.073378111 34.0863182945 33.5503674097 33.7866260062 34.2477310634 34.3528986708 33.3902701559 33.0980984893 33.1430615611 33.1157670553 33.979117546 33.7545716552 33.5444295476 33.850319551 33.7420893432 33.4985896324 33.431013861 33.8862268819
33.9166912407 34.0362952668 33.9556289603 33.6016649041 34.2257844594 33.1326896575 33.855982096 33.4345196752 33.0972630432 33.4685837121 33.2816647446 33.5026545459 34.2490592556 33.171160158 33.4863742748 34.327179444 33.490000632 34.2250181947 33.1371119179 58.4178368509 58.9015604574 33.4264072513 33.5646472445 33.0471401738 33.497152417 33.5588953061 34.0779825785 57.1063328086 61.9581071786 61.9581071786 63.912565279 73.954856267 34.3581693218 33.0084815596 33.6157457059 34.0850780263 33.1211087362 34.0686866195 33.3423985532 33.7732017899 33.7520728863 34.2634688378 33.7315586784 33.2369419193 33.8202289177 33.9981760209 33.1363776755 33.3814154232 33.5311271174 33.2647353156 33.9161737422 33.2617621937 34.0493473888
34.1908371255 33.5258445584 33.8600887063 33.3840778521 33.4851795042 34.252426744 33.9275784639 34.2165092786 34.3176394406 33.3387621526 33.2425142792 33.551363779 33.2498383926 33.9339392246 33.248992055 34.1595777345 33.8867456557 33.3290880947 33.7604960087 34.0473584845 54.3252484466 68.6212326809 54.3252484466 33.4259944573 33.8546478689 33.3428423788 87.9313558899 87.9313558899 87.9313558899 63.912565279 63.912565279 63.912565279 33.4673759884 34.3735065398 33.8098386475 33.185237254 33.3717604899 33.6229609278 33.0236087833 34.1906343804 33.1784857522 34.2701323742 33.6261869434 33.5712847717 33.4318300449 34.2146000867 33.0828082101 34.2657264219 34.1866665736 34.1883720681 33.3729032379 34.0584636837 33.7889817148
34.3953234588 34.0770274607 34.0224829422 33.1709156374 34.0882547288 34.2639836298 33.3779792597 33.7217835235 33.1364122538 34.3980569629 33.1545083482 33.1670699965 33.6804130654 33.2289057945 33.5492267411 33.5097772473 33.5740485263 34.281595411 33.6358819868 34.2970525645 68.651849884 68.651849884 68.651849884 33.1721711531 33.4645610558 33.1919228447 33.6794810266 74.5086175999 87.9313558899 64.7873364999 63.912565279 48.2619450814 33.0355898438 33.8255338038 33.49762832 33.4167012195 33.6867385745 33.4190546148 33.9971567714 34.0261127341 33.8403871984 33.6688213318 33.3761820555 33.5875539629 33.4349967357 33.4171236764 33.7807431538 33.5389471665 33.383337877 33.8667205528 33.3970630641 33.8837560908 33.5346241508
33.0727567877 33.9313556717 34.3176186017 33.8891982729 33.313623157 33.3491695264 33.6435364877 33.231657968 34.2893623827 34.4045240946 33.1296922307 34.1460198199 33.1419897405 33.965214294 33.118172828 33.246570483 33.2100676577 34.2749653831 34.1927388958 34.332115522 68.651849884 68.651849884 34.2880267845 33.45471929 33.8172133079 34.2683000055 74.5086175999 74.5086175999 33.0397504608 48.2619450814 73.7598862084 48.2619450814 33.8198034459 33.8710021971 33.4167180271 33.9186155898 33.8343304248 34.3686021461 34.0439898223 33.1235517009 33.3606279886 33.1848918334 34.3910168158 33.8422914684 34.0493443029 33.8901055276 33.6108502341 34.2932736928 33.6994752825 33.1495498707 33.7950800902 33.5326981769 33.7962784916
33.3039045958 33.4671793557 33.2908856544 34.2146952474 33.1539304344 34.2864036575 34.1533862247 34.3945114752 33.9994295595 33.0355119303 34.2961938204 33.9151216962 34.3934036933 33.0186146436 33.4436271359 33.0546215832 33.0762804434 33.0137865684 34.1305792564 60.6285029286 70.7264538636 70.7264538636 33.6322600054 64.4992180559 33.7482109336 70.0898748979 70.0898748979 74.5086175999 34.2632289302 73.7598862084 73.7598862084 73.7598862084 33.420137816 33.6940109827 34.3684474689 34.3089824573 33.5473305205 34.3186925714 33.8428043203 33.4119580329 33.3564164393 34.0902619511 34.0824041888 33.3643407767 33.3267389143 33.2724912389 33.9956412851 34.0592459389 33.5994749599 33.5295248385 33.1544490652 33.7548614894 33.8520121528
33.9073029851 34.4022047737 33.0995597912 33.1334602998 34.1337518691 33.9723742084 33.09474478 34.1531464513 33.4680337276 34.1727520767 34.1406687973 34.1928489437 33.5893720372 33.7806796937 33.9975739791 33.5033479717 33.9876845267 34.4042407519 33.5472354309 34.1504518236 33.3763555756 69.0572466339 69.0572466339 34.1246184357 64.4992180559 70.0898748979 70.0898748979 34.2239871938 33.8475134895 53.9335930706 73.7598862084 58.7483135148 33.6896398885 33.3277452573 33.6285065601 33.720560015 33.9914936074 34.3025349069 34.3092232927 33.0171500133 34.2566126977 33.436896214 33.6082444105 33.9001803459 34.018034983 33.5840679837 33.067983569 33.0925591652 33.1966778126 33.8319006019 34.2281732593 33.1946676004 33.2694102788
33.1973200919 33.4332154491 33.5440397214 33.1011626006 33.8535641762 34.1209643809 33.8698334154 33.7695432599 33.4048724426 33.9554165696 34.3268763077 33.4139765668 34.2837881096 33.1529499875 34.2673590342 33.1973879346 33.5645505817 33.7534130446 33.7518547714 34.0671568796 69.0572466339 69.0572466339 69.0572466339 64.4992180559 33.9118634589 33.3492091016 33.5281439548 34.2113677592 34.3391003119 55.698346599 53.9335930706 55.698346599 33.3983558415 33.3108290283 33.7355208921 33.4990420421 33.2282305872 33.1799587505 33.1890754499 33.2962351061 33.513233351 33.9464948307 33.8724718244 33.3323277447 34.1547952806 33.3902303663 33.1345500206 33.0087131459 33.1437774562 33.3176148438 34.3305621436 33.3448877388 33.4474996483
33.3808456223 33.4376945543 34.1029826902 33.9241550372 33.4963554047 33.8061152101 33.4195378761 33.9770371808 34.294509979 33.8933988101 33.8761452085 33.322823876 59.1195004698 59.1195004698 33.1652025301 66.5917225813 33.6607134022 65.7463278754 33.7082449754 34.1508250615 64.1431156281 64.1431156281 64.1431156281 33.7210853835 34.3307599179 33.5142824094 33.7563118266 34.3555943623 33.1515121609 47.6653216248 47.6653216248 47.6653216248 34.0721095177 33.8769171205 33.1608003536 33.0394991957 33.4265720174 33.862704251 33.1932099346 34.3667824947 33.3424474838 33.6900408537 33.3882320351 34.3313697517 33.1606511553 34.112106703 34.1354826415 33.1947279552 34.071598599 33.1285670378 34.372611796 33.7898152969 33.0213111621
34.1924771348 34.0342878625 34.2987229099 33.2040564932 33.7575845845 33.6272256092 33.392797965 33.7617033834 34.1077028306 33.7836523384 34.0606108842 33.4560016397 59.1195004698 59.1195004698 66.5917225813 66.5917225813 66.5917225813 65.7463278754 68.3419128605 46.9967785355 48.766928595 63.1281357572 63.1281357572 64.2285888954 49.727293387 34.3657908594 94.2817642141 34.1705353008 42.2738983751 47.6653216248 47.6653216248 33.0827937826 58.8755648693 33.8069587314 34.3714968921 33.2713187985 33.0799012293 33.9846824889 33.5601099847 33.4706260519 56.3455755276 68.9702134576 33.2714954942 58.78178901 56.4360679979 33.2610266423 33.7602839716 33.5154778002 33.4113152716 33.9006995812 34.3542248827 41.8457877446 41.8457877446
33.991473101 33.655463693 33.8449564234 34.4130871997 33.0434613564 34.2961963931 34.2955662258 33.1117335037 33.274581889 33.1887836378 34.2795764018 34.126250888 33.7218145755 59.1195004698 33.0718751465 66.5917225813 65.7463278754 65.7463278754 65.7463278754 68.3419128605 63.1281357572 63.1281357572 63.1281357572 64.2285888954 64.2285888954 49.727293387 94.2817642141 94.2817642141 46.0822831839 42.0821752655 42.0821752655 33.4156338315 33.5513005221 34.2751096495 48.4575365107 34.3901119306 34.1976383269 33.8712197845 33.4344734399 33.3532212546 68.9702134576 68.9702134576 52.4680216778 56.4360679979 56.4360679979 50.5204957301 50.5204957301 58.2416164134 33.70293302 34.1309155898 34.3961809065 41.8457877446 41.8457877446
33.8698155839 34.3239274411 33.2493024459 33.7803688708 33.6318232399 34.3580713989 33.9551981477 34.0822621301 33.3833300301 33.357115827 33.014525827 34.2505201276 33.2632395755 33.8364116094 33.9698187093 34.2797592344 33.3786643204 64.6758263079 68.3419128605 33.9152516401 33.8451385004 62.4722648634 61.6792809539 61.6792809539 64.2285888954 34.1230117402 94.2817642141 94.2817642141 46.0822831839 46.0822831839 69.6793005537 82.2348708673 82.2348708673 82.2348708673 48.4575365107 48.4575365107 34.3221048879 49.0910429394 33.1657739992 33.7475964578 56.3455755276 68.9702134576 33.5861005459 56.4360679979 56.4360679979 50.5204957301 50.5204957301 50.5204957301 74.3908792468 74.3908792468 33.0544609532 51.8876112058 51.8876112058
33.2626726166 33.8431027956 33.6173209385 34.281791458 33.7197044922 33.8344180045 33.3263476627 34.143852047 33.5419260955 33.5119615025 33.224214685 34.2023190795 69.0364649699 33.8813100031 34.0821662574 33.4733231793 34.3442046227 33.983216765 33.9127171243 33.7659503489 60.8656328498 61.6792809539 61.6792809539 61.6792809539 33.085027461 33.592718264 94.2817642141 46.0298892223 46.0822831839 33.0570430744 33.3056005723 55.2326084551 82.2348708673 82.2348708673 48.4575365107 48.4575365107 33.2705907675 33.2299597291 33.5968395992 34.0140709008 33.7895910551 33.5477916212 33.387228217 33.235743697 33.4845278705 50.5204957301 34.3699872301 34.2703035807 74.3908792468 74.3908792468 51.8876112058 51.8876112058 51.8876112058
