Spatial_Output/BAU/BAU_0797.asc
NCOLS 155
NROWS 192
XLLCORNER 196307.867259
YLLCORNER 449144.565805
CELLSIZE 33.573938
NODATA_VALUE NaN
[rows 108 to 143 of 192, columns 0 to 80 of 155]
0 0 0 0 0 0 0 0 0 0 0 0 0 0 0 0 0 0 0 0 0 0 0 0 48.2964592555 48.2964592555 45.2232996296 49.8396852927 21 21 21 21 21 21 21 21 21 21 21 21 21 21 21 21 21 21 21 21 39.9584445388 39.9584445388 39.9584445388 46.3624207611 21 21 21 21 21 21 21 21 21 21 21 21 66.1996190299 21 21 21 21 21 21 21 21 21 21 45.0861897679 45.0861897679 45.0861897679 45.0861897679 21 21
0 0 0 0 0 0 0 0 0 0 0 0 0 0 0 0 0 0 0 0 0 0 0 0 0 0 0 0 21 21 21 21 21 21 21 21 21 21 21 21 21 21 21 21 21 21 21 21 80.5085220573 39.9584445388 39.9584445388 21 21 21 21 21 21 21 21 21 21 21 21 66.1996190299 66.1996190299 21 21 21 21 21 21 21 21 21 21 21 49.9766854318 49.9766854318 21 21 21
0 0 0 0 0 0 0 0 0 0 0 0 0 0 0 0 0 0 0 0 0 0 0 0 0 0 0 0 0 21 21 21 21 21 21 21 21 21 21 21 21 21 21 21 21 21 21 21 40.5577725724 53.5457076276 53.5457076276 60.339734168 21 50.6797165847 21 51.6651920416 58.4735237798 21 42.8847537176 21 52.0834587871 47.9687455684 21 21 38.2569965971 38.2569965971 21 21 21 49.1702593679 21 47.6169990926 48.8378856931 48.8378856931 75.5689519651 49.9766854318 49.9766854318 49.9766854318 30.499292748 30.499292748 53.1503939858
0 0 0 0 0 0 0 0 0 0 0 0 0 0 0 0 0 0 0 0 0 0 0 0 0 0 0 0 0 21 21 21 21 21 21 21 21 21 21 21 21 21 21 21 21 21 21 21 52.7972821808 40.5577725724 39.3085516216 21 46.4083783241 50.6797165847 66.9554403611 66.9554403611 34.8248364611 34.8248364611 74.6947341072 74.6947341072 41.2537786172 41.2537786172 74.6947341072 38.2569965971 21 21 21 48.8378856931 48.8378856931 21 47.6169990926 47.6169990926 47.6169990926 48.8378856931 75.5689519651 52.3178704731 41.163986968 30.499292748 30.499292748 30.499292748 53.1503939858
0 0 0 0 0 0 0 0 0 0 0 0 0 0 0 0 0 0 0 0 0 0 0 0 0 0 0 0 0 0 21 21 21 21 21 21 21 21 21 21 21 21 21 21 21 21 21 21 57.6530128372 50.4067899968 50.4067899968 60.339734168 21 50.6797165847 66.9554403611 21 34.8248364611 34.8248364611 74.6947341072 74.6947341072 41.2537786172 41.2537786172 21 21 21 21 21 21 48.8378856931 48.8378856931 21 47.6169990926 47.6169990926 48.8378856931 75.5689519651 48.0262874682 42.5214355278 45.5258604147 30.499292748 21 21
0 0 0 0 0 0 0 0 0 0 0 0 0 0 0 0 0 0 0 0 0 0 0 0 0 0 0 0 0 0 0 21 21 21 21 21 21 21 21 21 21 21 21 21 21 21 21 21 58.7132559371 50.4067899968 50.4067899968 77.1369679469 40.487595265 40.487595265 40.487595265 56.5625303033 58.4735237798 41.9320370287 21 21 52.0834587871 47.9687455684 21 61.220713333 21 21 21 21 21 21 21 21 21 21 21 21 45.5258604147 45.5258604147 45.5258604147 21 21
0 0 0 0 0 0 0 0 0 0 0 0 0 0 0 0 0 0 0 0 0 0 0 0 0 0 0 0 0 0 0 21 21 21 21 21 21 21 21 21 21 21 21 21 21 21 21 21 37.5907090562 58.7132559371 58.7132559371 62.3457780639 51.1245016392 51.1245016392 41.6471249834 21 21 21 21 21 21 21 21 21 21 21 21 21 21 21 21 21 21 21 21 21 45.5258604147 45.5258604147 21 21 21
0 0 0 0 0 0 0 0 0 0 0 0 0 0 0 0 0 0 0 0 0 0 0 0 0 0 0 0 0 0 0 0 21 21 21 21 21 21 21 21 21 21 21 21 21 21 21 21 37.5907090562 37.5907090562 37.5907090562 62.3457780639 51.1245016392 51.1245016392 54.5155480334 54.5155480334 21 21 21 21 21 21 56.8304842431 56.8304842431 56.8304842431 21 21 21 21 21 21 21 21 21 21 21 53.5963313756 63.2937062529 63.2937062529 47.9619547257 45.9113943984
0 0 0 0 0 0 0 0 0 0 0 0 0 0 0 0 0 0 0 0 0 0 0 0 0 0 0 0 0 0 0 0 21 21 21 21 21 21 21 21 21 21 21 21 21 21 21 21 37.5907090562 37.5907090562 44.1450340459 62.3457780639 51.1245016392 51.1245016392 54.5155480334 54.5155480334 21 21 21 21 21 21 56.8304842431 56.8304842431 56.8304842431 21 21 21 21 21 21 21 21 21 21 21 63.2937062529 63.2937062529 63.2937062529 47.9619547257 47.9619547257
0 0 0 0 0 0 0 0 0 0 0 0 0 0 0 0 0 0 0 0 0 0 0 0 0 0 0 0 0 0 0 0 0 21 21 21 21 21 21 21 21 21 21 21 21 21 54.6607814184 21 49.9110483788 37.5907090562 44.1450340459 48.0175167731 21 21 54.5155480334 61.9626970006 21 21 47.8638368419 54.592395456 54.592395456 21 21 56.8304842431 56.8304842431 21 21 21 21 21 21 21 21 21 21 21 21 63.2937062529 41.129189529 47.9619547257 47.9619547257
0 0 0 0 0 0 0 0 0 0 0 0 0 0 0 0 0 0 0 0 0 0 0 0 0 0 0 0 0 0 0 0 0 21 21 21 21 21 21 21 21 21 21 21 76.9359557026 21 56.6255483596 21 59.423783245 49.9110483788 49.9110483788 21 21 21 21 53.1123107545 21 21 47.8638368419 54.592395456 54.592395456 21 37.190832586 21 21 21 21 21 21 21 21 21 21 21 21 21 21 21 82.8503129128 21 21
0 0 0 0 0 0 0 0 0 0 0 0 0 0 0 0 0 0 0 0 0 0 0 0 0 0 0 0 0 0 0 0 0 0 21 21 21 21 21 21 21 21 21 21 76.9359557026 76.9359557026 76.9359557026 37.8879087525 37.8879087525 37.8879087525 21 21 21 21 21 53.1123107545 50.239924315 21 21 21 54.592395456 21 21 21 21 21 21 21 21 21 21 21 21 21 21 21 21 82.8503129128 57.2901154868 21 57.2901154868
0 0 0 0 0 0 0 0 0 0 0 0 0 0 0 0 0 0 0 0 0 0 0 0 0 0 0 0 0 0 0 0 0 0 0 21 21 21 21 21 21 60.8585833722 60.8585833722 60.8585833722 21 76.9359557026 21 56.6255483596 37.8879087525 37.8879087525 21 21 21 21 21 21 50.239924315 50.239924315 21 21 21 21 21 21 21 21 21 21 21 21 21 21 21 21 21 21 21 39.6746195749 21 21 21
0 0 0 0 0 0 0 0 0 0 0 0 0 0 0 0 0 0 0 0 0 0 0 0 0 0 0 0 0 0 0 0 0 0 0 21 21 21 21 21 21 21 60.8585833722 60.8585833722 21 21 21 43.5998841768 43.5998841768 43.5998841768 21 21 21 21 21 21 21 21 51.4694547443 51.4694547443 21 21 21 21 21 21 21 21 21 21 21 21 21 21 21 21 21 21 21 57.2901154868 43.1518125837
0 0 0 0 0 0 0 0 0 0 0 0 0 0 0 0 0 0 0 0 0 0 0 0 0 0 0 0 0 0 0 0 0 38.7821816355 38.7821816355 38.7821816355 21 21 21 21 21 21 60.8585833722 21 21 21 21 43.5998841768 43.5998841768 65.4212380851 21 21 21 21 21 21 21 51.4694547443 51.4694547443 51.4694547443 21 21 21 21 21 21 21 21 21 21 21 21 21 21 21 21 21 21 21 53.1777016617 53.1777016617
0 0 0 0 0 0 0 0 0 0 0 0 0 0 0 0 0 0 0 0 0 0 0 0 0 0 0 0 0 0 57.1518353551 38.0838197666 34.7439781306 43.9824619361 33.318713384 38.7821816355 21 42.2084405336 21 21 21 21 21 21 21 21 73.7756396732 73.7756396732 21 21 21 21 21 21 21 21 21 51.4694547443 21 21 21 21 21 21 21 21 21 21 21 21 21 21 21 21 21 21 21 21 21 53.1777016617 53.1777016617
0 0 0 0 0 0 0 0 0 0 0 0 0 0 0 0 0 0 0 0 0 0 0 0 0 0 0 0 54.5851266794 54.5851266794 43.4283721128 38.0838197666 31.8629911255 40.3847437689 38.8749534512 38.7821816355 47.2766597796 21 21 21 21 21 21 21 21 21 73.7756396732 73.7756396732 73.7756396732 21 21 21 21 21 21 21 21 21 21 21 21 21 21 21 21 21 21 21 21 21 21 21 21 21 21 21 21 21 21 21 68.2229611501
0 0 0 0 0 0 0 0 0 0 0 0 0 0 0 0 0 0 0 0 0 0 0 0 0 45.011939462 55.2219178769 55.1769757107 54.5851266794 43.4283721128 43.4283721128 38.0838197666 34.8827648742 44.2483151642 39.8725888197 54.7063549248 0 0 21 21 21 21 21 21 21 57.6091545326 47.8054028269 57.6091545326 57.6091545326 21 21 21 21 21 21 21 21 21 21 21 21 21 21 21 21 21 21 21 21 21 21 21 21 21 21 21 21 21 21 21 52.3707775109
0 0 0 0 0 0 0 0 0 0 0 0 0 0 0 0 0 0 0 0 0 0 0 0 0 45.011939462 55.2219178769 55.1769757107 43.4283721128 54.5851266794 43.4283721128 51.8962545045 48.8378919018 55.145741716 0 0 0 0 21 21 21 21 21 21 21 68.49523671 47.8054028269 47.8054028269 21 21 21 21 21 21 21 37.9735826859 37.9735826859 21 21 21 46.8951557276 21 21 21 21 21 21 21 21 21 21 21 21 21 21 21 21 21 21 52.3707775109 52.3707775109
0 0 0 0 0 0 0 0 0 0 0 0 0 0 0 0 0 0 0 0 0 0 0 0 0 48.7952647989 55.2219178769 55.1769757107 68.4228946082 65.3654410333 0 0 0 0 0 0 0 0 0 21 21 21 21 21 21 68.49523671 47.8054028269 68.49523671 21 21 21 44.875199327 44.875199327 21 21 37.9735826859 37.9735826859 21 21 21 21 21 46.8951557276 21 21 21 21 21 21 21 21 21 21 21 21 21 21 21 21 21 21
0 0 0 0 0 0 0 0 0 0 0 0 0 0 0 0 0 0 0 0 0 0 0 0 0 0 0 0 0 0 0 0 0 0 0 0 0 0 0 0 21 21 21 21 40.5920452847 21 68.49523671 44.4898312719 21 21 21 44.875199327 44.875199327 21 21 21 37.9735826859 21 21 21 21 21 21 21 21 44.4818544256 21 21 50.0295417515 21 21 21 21 21 21 21 21 21 21 21 21
0 0 0 0 0 0 0 0 0 0 0 0 0 0 0 0 0 0 0 0 0 0 0 0 0 0 0 0 0 0 0 0 0 0 0 0 0 0 0 0 0 21 21 21 61.7918425386 56.5837769464 56.5837769464 56.5837769464 54.243484822 21 61.0463114893 61.0463114893 21 21 21 21 21 21 21 21 21 21 47.1305984453 47.1305984453 21 44.4818544256 44.4818544256 43.3036226678 50.0295417515 21 21 21 21 21 21 21 21 21 21 21 21
0 0 0 0 0 0 0 0 0 0 0 0 0 0 0 0 0 0 0 0 0 0 0 0 0 0 0 0 0 0 0 0 0 0 0 0 0 0 0 0 0 21 21 21 61.7918425386 56.5837769464 56.5837769464 54.243484822 54.243484822 41.9531173673 21 21 21 21 21 21 21 21 21 21 21 47.1305984453 47.1305984453 21 21 44.4818544256 43.3036226678 21 21 21 21 21 21 21 21 21 21 21 21 21 21
0 0 0 0 0 0 0 0 0 0 0 0 0 0 0 0 0 0 0 0 0 0 0 0 0 0 0 0 0 0 0 0 0 0 0 0 0 0 0 0 0 0 21 21 21 21 21 21 54.243484822 21 21 21 21 21 21 21 21 21 21 21 21 21 21 21 21 21 21 21 21 21 21 21 21 21 21 21 21 21 21 21 21
0 0 0 0 0 0 0 0 0 0 0 0 0 0 0 0 0 0 0 0 0 0 0 0 0 0 0 0 0 0 0 0 0 0 0 0 0 0 0 0 0 0 0 21 21 21 42.8477226216 21 21 21 21 21 21 21 21 21 51.0844635345 21 21 21 21 21 21 21 46.0376779508 21 21 21 21 21 21 21 21 21 21 21 21 21 21 21 21
0 0 0 0 0 0 0 0 0 0 0 0 0 0 0 0 0 0 0 0 0 0 0 0 0 0 0 0 0 0 0 0 0 0 0 0 0 0 0 0 0 0 0 21 21 21 42.8477226216 41.8170154219 21 21 21 21 21 46.1935665938 41.2585502147 41.2585502147 51.0844635345 51.0844635345 21 21 21 21 21 21 21 21 21 21 21 21 21 21 21 21 21 21 21 21 21 21 21
0 0 0 0 0 0 0 0 0 0 0 0 0 0 0 0 0 0 0 0 0 0 0 0 0 0 0 0 0 0 0 0 0 0 0 0 0 0 0 0 0 0 0 0 21 21 21 21 21 21 21 21 21 53.0505108202 41.2585502147 41.2585502147 51.0844635345 51.0844635345 21 21 21 21 21 21 46.0376779508 21 21 21 21 21 21 21 21 21 21 21 21 21 21 21 21
0 0 0 0 0 0 0 0 0 0 0 0 0 0 0 0 0 0 0 0 0 0 0 0 0 0 0 0 0 0 0 0 0 0 0 0 0 0 0 0 0 0 0 0 21 21 67.7199836418 21 21 21 21 21 39.4948312456 39.4948312456 21 21 21 21 21 21 21 21 21 21 21 21 21 21 21 21 21 21 21 21 21 21 21 21 21 21 21
0 0 0 0 0 0 0 0 0 0 0 0 0 0 0 0 0 0 0 0 0 0 0 0 0 0 0 0 0 0 0 0 0 0 0 0 0 0 0 0 0 0 0 0 21 67.7199836418 67.7199836418 67.7199836418 21 21 21 21 21 39.4948312456 21 21 21 21 21 21 21 21 21 21 21 54.4498775557 21 21 21 21 21 21 21 21 21 21 21 21 21 21 21
0 0 0 0 0 0 0 0 0 0 0 0 0 0 0 0 0 0 0 0 0 0 0 0 0 0 0 0 0 0 0 0 0 0 0 0 0 0 0 0 0 0 0 0 0 21 21 21 21 21 21 21 21 21 21 21 21 21 21 21 21 21 21 21 54.4498775557 21 50.8332450896 21 21 21 21 21 21 21 21 21 21 21 21 21 21
0 0 0 0 0 0 0 0 0 0 0 0 0 0 0 0 0 0 0 0 0 0 0 0 0 0 0 0 0 0 0 0 0 0 0 0 0 0 0 0 0 0 0 0 0 21 21 21 21 21 21 21 21 21 21 21 21 21 21 21 21 21 21 21 21 21 21 21 21 21 21 21 21 21 21 21 21 21 21 21 21
0 0 0 0 0 0 0 0 0 0 0 0 0 0 0 0 0 0 0 0 0 0 0 0 0 0 0 0 0 0 0 0 0 0 0 0 0 0 0 0 0 0 0 0 0 21 36.1308175944 36.1308175944 21 21 21 21 21 21 21 21 21 21 21 21 21 21 21 21 21 21 21 21 21 21 21 21 21 21 21 21 21 21 21 21 21
0 0 0 0 0 0 0 0 0 0 0 0 0 0 0 0 0 0 0 0 0 0 0 0 0 0 0 0 0 0 0 0 0 0 0 0 0 0 0 0 0 0 0 51.7769958375 36.1308175944 36.6226853606 36.1308175944 36.1308175944 21 21 21 21 21 21 21 21 21 21 21 21 21 21 21 21 59.8978173791 59.8978173791 59.8978173791 21 21 21 21 21 21 21 21 21 21 21 21 21 21
0 0 0 0 0 0 0 0 0 0 0 0 0 0 0 0 0 0 0 0 0 0 0 0 0 0 0 0 0 0 0 0 0 0 0 0 0 0 0 0 0 48.6314742538 51.7769958375 55.4309149626 55.4309149626 51.7769958375 21 36.1308175944 21 21 21 21 21 21 21 21 21 21 21 21 21 21 21 21 21 59.8978173791 59.8978173791 21 21 21 21 21 21 21 21 21 21 21 21 21 21
0 0 0 0 0 0 0 0 0 0 0 0 0 0 0 0 0 0 0 0 0 0 0 0 0 0 0 0 0 0 0 0 0 0 0 0 0 0 0 41.150075614 53.3185212987 53.3185212987 43.6057756133 55.4309149626 55.4309149626 36.1308175944 21 21 21 21 21 21 21 21 21 21 21 21 21 21 21 21 21 21 21 21 21 21 21 21 21 21 21 21 21 21 21 21 21 21 21
0 0 0 0 0 0 0 0 0 0 0 0 0 0 0 0 0 0 0 0 0 0 0 0 0 0 0 0 0 0 0 0 0 0 0 0 0 0 48.6314742538 41.150075614 53.3185212987 53.3185212987 51.7769958375 51.7769958375 43.6057756133 0 0 21 21 21 21 21 21 21 21 21 21 21 21 21 21 21 21 21 52.5987304789 52.5987304789 21 21 21 21 21 21 21 21 21 21 21 21 21 21 21
