Spatial_Output/BAU/BAU_0019.asc
NCOLS 155
NROWS 192
XLLCORNER 196769.923733
YLLCORNER 449719.875193
CELLSIZE 27.603701
NODATA_VALUE NaN
[rows 138 to 160 of 192, columns 53 to 105 of 155]
45.9772746374 46.1563499046 45.8812341668 45.7043162062 60.0805545627 60.0805545627 65.0439075464 81.4971088164 64.8351687567 89.3085543248 59.4367129492 46.3043446629 45.0254882574 45.0826450991 45.6955395725 45.3970990009 46.1637066103 46.042000521 45.0774239085 45.7747930809 45.7410002849 45.013780158 46.3807017951 45.3281876163 45.2297231576 46.3578676394 45.0873623351 46.3559288214 45.9385241434 45.109655509 45.988607174 45.8090892733 46.075219051 45.515680538 45.4865939217 45.8833800837 46.192791298 45.557375383 46.0152360002 46.2586088072 45.6246507714 45.3905721964 45.2401432389 45.4493050554 45.2700720189 45.2429986485 45.6509549482 46.3308688244 45.7680331972 45.0086771279 45.2632952181 45.8636415951 45.6532210962
46.4139657936 45.6149537742 45.1649887876 69.726163386 69.726163386 60.0805545627 65.0439075464 81.4971088164 91.0254399637 45.671365745 45.8621170675 45.0236397294 45.6634622803 46.2456353049 46.274969249 45.5148564731 45.3909499739 46.0949901869 46.1308531896 45.3996200048 45.8070144906 45.2477630751 45.823340512 45.2186783153 45.3331417665 45.262790251 45.5989930625 46.3970075895 45.9500468346 45.7613678465 46.1150686977 45.7092241715 45.3875838047 45.6094291899 46.3482168363 45.4951258362 45.8188706934 45.9054837779 45.1949130376 45.1984983641 45.2168024197 46.2052542261 46.3996916955 45.8503897319 45.8904137083 46.2128906704 45.0535333614 46.2684582176 45.2229702403 46.309457677 45.8006896204 45.452290463 46.2007417459
45.8692409387 45.0735243951 45.7298164095 69.726163386 69.726163386 60.0805545627 45.7061939746 60.9623123936 33.6183128525 45.822842119 45.7224665632 45.3050780707 45.1087003432 45.6822486706 46.3190156489 45.4934064382 45.4789106841 45.0783641191 46.3500160084 45.7011648549 45.403863576 46.1058602037 45.1278439572 46.2054605966 45.9825848154 45.5074186933 45.8602502038 45.842056157 46.4078194818 45.9647090077 46.1172066966 45.7527178358 45.147736211 45.94307427 64.4637941678 64.4637941678 45.9311396925 45.2382957347 46.0857427517 46.0465294802 45.9184505582 45.5787848229 46.1951081793 45.5486807245 45.6028407998 46.1073771152 45.9766902561 45.496721805 46.1369126994 46.4113161576 45.4904136725 45.5730809902 46.4022496312
60.9087571915 46.3109674092 45.4280547014 45.5288496406 46.1296511901 45.6636661622 33.6183128525 33.6183128525 33.6183128525 45.9047670544 46.1408418267 45.5419952353 45.0480122481 45.9973150071 46.2619633693 45.5792890779 45.5282405396 45.3715680261 46.0592904531 46.3076355427 45.1704258391 45.1527682514 45.8846392181 45.0398739543 45.3424492557 45.0040756561 45.2060816155 45.3088218502 45.6412448683 46.2396589073 46.2336434237 46.1064821387 45.0174205182 45.273659338 64.4637941678 45.1875932251 45.0807889936 57.4141754653 57.4141754653 45.8408440725 45.5874079504 46.4062641849 45.408125417 45.5857093631 45.4808923377 45.4227863343 46.1459121946 45.4530509378 46.1285689579 45.0628827358 46.0489672771 45.1168735947 45.810518376
60.9087571915 46.0152899832 45.3888702407 46.3549379673 45.7665204562 45.4577436117 46.1129754595 45.2393319014 33.6183128525 45.1890916036 45.1390123158 46.3576814083 45.3345438415 45.5084345933 46.2710393922 46.1732525119 45.1106321337 45.7683958669 45.8366476014 45.5425723755 46.3452954351 46.1952830007 46.1915106516 45.9924405857 45.7407446356 45.9991765531 45.9374755982 46.1567988646 45.0156634288 45.5946356814 45.9903094313 45.7977049232 45.3615811455 45.3766383226 45.3415119538 45.3873550562 57.4141754653 57.4141754653 46.2934580367 46.3965458471 45.1329790077 45.0232772441 45.2841801422 45.4966881205 45.0928564357 45.3965660949 45.272967484 45.3160319952 45.3829148273 45.4057524272 45.1153596632 45.4955660963 46.3123155649
46.0469597262 46.0796284925 45.1603503666 45.1397982896 46.2822452209 45.1017848111 45.992882463 45.1834180842 45.1177601681 68.1845263793 45.7891724044 45.0292899987 46.3425944617 45.7266276355 45.2234365189 45.4858958439 45.8715139339 45.7495330512 45.0819352441 46.4068191587 45.1100353554 45.6141580137 45.5568536466 45.2601528132 46.0139548823 46.2012052465 45.8291446021 45.1251464239 45.3730655883 45.4311210668 46.1228333738 45.4194852795 46.0860479986 45.8782183048 45.3017679183 45.4588893579 45.4224230788 57.4141754653 60.5255532482 60.5255532482 46.0762181542 45.5197392924 45.926462841 45.9689080462 46.1574691533 45.1191052557 46.1734109129 45.3151229984 45.6159956899 46.1540082296 45.0716057633 46.3992559305 46.0463079989
45.3740030559 46.0652773048 45.1717627183 45.4096836741 46.2688853263 46.0316359803 46.035996257 68.1845263793 68.1845263793 68.1845263793 46.127449764 45.3016175107 45.6916693367 45.2389495902 45.7743284765 46.2160755736 45.2461388325 45.6577247648 46.1846081884 45.5594562245 45.2507742107 45.424144683 45.7958494555 46.2824376028 45.3849791471 45.810115001 46.2668509893 46.0990041534 45.8268133784 46.2851497893 46.1332615183 45.7430416488 45.6948820928 45.3992168063 46.4134504357 45.9032735477 45.4639501726 46.1298287821 46.1881058037 45.5430586579 46.2997175602 45.7755302508 45.482545698 45.9222241253 46.1505481302 46.0262565513 46.0017001702 46.2914307871 45.5003518073 45.6554091583 46.111245458 45.6324232415 45.398635465
45.3285367989 45.5145664131 45.3651134705 45.1197838708 45.6212411921 46.2944384096 45.1868047373 45.0724411608 68.6256466266 68.1845263793 68.6256466266 46.1534900993 45.7517360099 46.3892428124 46.4038138324 45.422159887 45.7748040023 45.0321877055 46.2246076063 45.7389012305 45.7640952768 45.17930857 45.3575020562 46.3607982856 45.1268267771 45.7197037232 46.2078064373 46.3825417739 45.3909630505 45.2186486894 45.0835865559 46.2835779332 45.9402753942 45.9683630855 45.2896509621 45.2590952907 45.3880724099 81.9446571511 68.2210794648 68.2210794648 68.2210794648 46.1370716402 45.983511385 46.0413548602 45.1155526436 46.0153028711 45.7722599452 46.0786209045 45.8390165094 45.790680681 45.2959014656 45.8101006973 45.1877800587
45.6607418902 45.0889665747 45.253591396 46.0313712451 46.1851118112 45.5696391972 45.3409154137 46.2957657956 76.3827316571 68.6256466266 46.3364671571 45.9480370124 45.0135005208 46.249532074 45.5158406017 45.1804554045 45.0294667292 45.7366781766 45.2308860157 46.3558991958 45.4690217272 45.331665844 45.9277709038 45.1598813389 45.95604461 45.4297552172 46.1520849446 45.337985244 46.2447692293 46.1616152801 45.3289102479 46.1065962079 45.9526001646 45.9988584907 45.0801201946 46.3123186726 45.6081324544 45.0416413838 68.2210794648 68.2210794648 45.3565338381 45.9524480119 45.3946860195 45.5362443687 45.5975678014 46.1064595071 45.1426163817 45.9535606625 45.4650009562 45.2769690351 45.4657274775 45.5699031726 45.5110422162
45.8153064985 45.8759700681 46.2866315598 45.3224324652 46.1787474105 45.6250108467 45.0168744984 45.2751709987 45.1130988892 76.3827316571 72.1628293283 45.4837128949 46.0294420174 46.1150059568 45.2591394062 45.3977922523 46.2906295555 45.345394076 45.2370396981 45.8822265112 45.5140602754 46.3021537124 45.7918286651 46.1204146232 45.6228688878 45.0879987741 45.0875692374 45.2668173223 45.9270628939 45.274048342 45.6851172623 45.9295161468 45.9476227269 45.0142026401 45.6556334899 45.4676893746 45.2350753632 45.0962808298 46.1786824072 45.3429782974 56.9201815603 46.1624702302 45.6286002196 45.8952862749 46.2921305748 45.1424313483 45.8563533731 45.3185868547 46.2666607047 46.0746189101 45.8319753832 45.0112543774 45.2709590369
46.099141159 45.1934099389 45.7288225589 45.9760017235 45.3562320671 45.2380452664 45.0245053844 45.9418200634 46.1609161478 45.1024126962 45.6194041668 45.0132221539 45.3364207801 45.2328935081 45.9103737426 45.39422452 45.7397958381 46.0490126202 45.5502174328 45.6817810922 45.0353641608 45.5172394832 45.0015891972 45.1149918541 46.184153566 46.2377063042 45.4115346329 45.2323171783 45.4934963025 46.340615875 46.1832099333 45.7731912697 46.1356708674 45.8627629243 45.3242151048 46.3173175673 46.4067700843 45.3422386233 45.0083964118 56.9201815603 56.4714194036 45.9660974517 45.4442821211 46.0206594418 46.1481278082 46.1484108912 45.9677825421 45.1995391289 45.1040180649 45.9602350465 45.9251409134 46.115195746 45.2352271321
46.3210542257 45.3025540502 45.5887885878 46.2624592126 46.0658902268 45.9481290103 45.1839360957 45.2843126734 45.2518869981 73.3403768225 73.3403768225 73.3403768225 45.2095157161 46.3805675627 45.075336218 45.0050496558 45.2827020167 45.9607144999 45.7931264059 45.3369140836 45.6823410647 45.1371921593 45.3494316687 45.1562364446 46.1860954428 45.3690978425 45.6007403965 45.0734988486 45.499772607 46.2684899297 46.1429091508 45.3646196421 45.7073856505 46.0820842726 45.5978629454 45.3926104128 46.2126870625 45.6306008495 77.1417466965 77.1417466965 77.1417466965 46.1791210995 46.4036855232 45.0412735486 45.1478218637 45.2492123046 45.8481729605 45.1493587763 46.0153196167 46.364048537 46.2111430964 46.3747578829 46.0334208118
46.3437849827 45.718501205 46.1675205626 46.2439009857 45.6901790426 45.8586460389 45.9495405518 45.1839024248 45.1327525119 73.3403768225 73.3403768225 73.3403768225 46.1619085807 46.3787502004 46.2526068534 45.0327014724 45.9829830195 46.2267092928 45.5524848074 46.0304883182 45.4126793485 45.5475666261 46.1579338016 46.3681640555 45.1431662854 45.9179571166 46.3866710032 46.2841399152 45.1441423236 46.3518905706 45.3947882051 45.9988780129 45.5932973253 45.5986935394 45.7931826986 45.0241263019 45.4731420454 45.4823572756 74.5952198543 77.1417466965 46.3421740814 45.5614228707 45.9262910946 45.4380782868 45.1304217994 45.1381363134 45.6385557586 45.0084123429 46.260102168 46.2768615192 46.3838558214 45.4461392622 45.760388762
45.7664379113 45.1486316524 46.1946156197 46.3964256426 46.115729046 46.2597905031 45.5864211777 46.0546936524 46.2291200126 56.4102238338 46.0407637815 45.7279848665 46.3331805641 46.27869604 46.2064495717 45.4137235301 46.1008901193 45.2921345194 45.0219595439 46.4011382586 45.2644376866 46.3602087598 46.2163178254 45.4665369158 46.3536926137 45.5640798602 45.3899224371 45.0572602541 45.1153415121 45.3709966786 45.5138417838 45.8404771544 46.2196643477 45.8606315444 46.1819275085 45.6774587941 46.2896008784 46.395475881 45.2962444014 45.8295885764 45.375261917 45.5503840379 45.469701233 45.8603982288 45.7866425318 45.3124375055 45.385309561 45.0416153429 45.3245565107 45.4358734346 45.143352247 45.5782976604 45.1782339017
45.6044330177 45.7846056001 45.28839347 46.2597176569 45.9751467055 46.3714907192 45.5428862495 45.6779601984 46.0573643927 64.5158327529 45.2536910602 46.1457943966 45.4652694937 45.7037434498 45.0292203447 45.8096928172 45.8377977337 45.1526337264 45.4981985384 45.2746497215 46.0101486937 46.167997536 45.2191002148 45.3811377546 46.1160483015 46.1683577114 46.360605937 45.934554707 46.1456523244 46.3202850089 46.0602450215 46.1673180171 46.0830219931 45.0501854805 46.1138176277 45.4955925633 45.8475881903 45.4012520501 46.0834773823 90.8128371249 45.3558938485 45.7727414158 45.4647270352 45.1979478549 46.2904204041 45.7714198353 45.8618265159 45.6028892054 45.298242913 45.3914954099 45.4170074634 46.2392270613 45.340509545
46.2095030657 45.4990829521 45.7037366328 46.0292574536 45.1833971062 46.2187996096 45.1214494402 45.0573252612 45.006379051 73.553603756 45.745677207 45.7830849647 45.0254581926 45.0031873678 45.4739296266 45.4621229237 45.4646443117 45.0411803813 45.1528615145 45.2379804569 46.1798102762 45.8799791937 45.6955289521 45.3579569058 45.5385707313 46.2020898691 45.9544246274 45.656018746 46.1652766817 45.3322970407 45.2995322385 45.3142083437 45.4499368763 45.8001913839 46.2118531247 45.2873596823 45.1548041995 45.6456690664 45.4470258061 45.8832891268 45.791805818 46.3562571815 46.1702922442 45.0293281547 45.6571034317 45.0667443664 46.0027491293 45.4798463669 45.4290940529 46.071001039 45.5095657514 45.5894238123 46.2658759929
46.3467966117 46.1907811049 46.2462418783 45.3848995774 45.2955063457 45.8232270185 45.7126421206 45.9587275233 33.0143596225 64.6281068126 64.6281068126 33.0143596225 45.097091093 46.3811048254 46.3130038593 46.2719181398 45.1675344729 46.0170838228 45.7585720942 45.9007865958 45.1389514239 46.3314092999 45.6742090267 46.0324988707 45.9076233348 46.3829472897 46.0680572799 45.5758496186 45.181570914 45.9910907432 45.962305949 45.890698941 46.3850067278 45.0530648096 45.2442350702 45.2976218997 45.5230329005 45.186030457 45.1401994201 60.9859847009 60.9859847009 46.4005148432 45.6260016408 45.6132888486 45.1684650839 45.1827353796 45.6443576706 45.5868805863 46.2690843052 46.0491165327 45.0213425592 45.2821910115 45.1510607092
45.9504182081 45.8657808987 45.4732701922 45.9413087582 45.8761729309 45.3230386425 45.1113304541 45.0150323293 46.3355416003 64.6281068126 64.6281068126 64.6281068126 45.8291865036 45.0344214044 45.0884687957 45.5138554225 45.9958154844 45.4326974001 46.2006339917 45.4411643308 46.1213517714 45.4534975262 45.1164160374 45.9624939587 46.3085022926 45.1279559092 46.2677523074 45.3655392159 46.1810057562 45.0041113401 46.3592217853 46.2648795623 45.3846984458 45.3543917476 45.2740608848 45.0579454094 45.0438272607 45.1029752423 45.4849096852 45.7752065007 46.0748318211 45.5133258306 45.2936861886 45.863273852 45.8584069543 46.0396279953 45.8900544257 45.0932582316 45.5357850316 46.3959642472 45.103024003 45.5661244167 45.3185138284
46.0685333379 45.8253917607 46.029134478 45.7969817741 45.3978732927 45.5150080505 46.0666046231 45.0875578222 45.7085227871 33.2794691581 33.1041501235 46.0147004134 45.6236719711 46.182233648 46.3504807047 46.3739346623 45.732382399 45.5903456231 45.0011196356 45.2917777489 45.5724168619 45.4933836079 46.102467347 45.0483895348 45.1798587451 45.2574662376 45.1378399722 45.8998087979 46.2064098015 46.0832256879 46.1883754901 46.2430526099 45.7565224647 45.0378883337 45.326322906 45.3128938586 45.9635787481 45.2306276045 46.1106737441 45.8893091601 45.2936489408 64.0270286228 64.0270286228 46.3886468997 45.7585454027 45.2618217721 46.2946860215 45.2915677751 46.120368902 45.6815794595 46.031499032 45.8807041672 46.2938104803
46.3237350103 45.6699656882 46.3905066321 46.3144352303 45.8202853505 45.7137740393 45.680109544 45.1674813823 45.604329552 33.6974690607 32.9161567984 45.1195256027 45.7306845451 45.0494444536 45.1605830231 46.1872715364 46.1605382359 45.0667326296 45.9591055376 46.2222770047 45.0974300392 46.1970419923 45.3329751898 45.9153880657 45.2023132527 45.3622878637 46.2232486868 45.2439010478 46.1790818954 45.8140552031 45.608052234 45.8177429662 45.7936808649 46.3767008712 45.8821279006 45.2086020224 45.80055514 45.5184872141 45.9011107605 46.0446371139 64.0270286228 64.0270286228 64.0270286228 64.2932754406 46.0902412249 46.3495042989 46.3338608215 45.9508601239 46.3390812436 45.2135673626 46.3111941907 45.174645941 45.024689433
46.0991308781 46.2482193176 46.1047111474 45.6246146722 45.0422277768 45.5958244369 45.3276221934 46.3941997974 45.6407402924 32.9161567984 32.9161567984 32.9161567984 45.5694633592 45.7828626247 45.3321356959 45.3005323949 46.0487624584 45.2834240345 45.1725086003 46.4033995408 45.9090248011 46.1680571503 45.3546666568 45.1342017633 45.4153019077 45.1568375469 46.0052957326 45.2426656252 45.9215262117 45.321773184 45.6120821778 45.897233516 45.9082890077 45.5121829249 45.611130136 45.7568736484 45.8511324752 45.7209872899 45.4121903623 45.6903895678 45.5759843734 64.4689081554 64.4689081554 64.4689081554 46.1458459652 46.1653052981 45.9804402512 45.1674111503 45.2381255692 45.2181665308 45.212597182 45.9776602976 45.3350712998
45.6051687927 45.4439027893 46.1962197114 45.6291510781 45.2907944114 45.3002861744 46.1644710123 45.1858131308 45.0070485285 33.542415007 32.9161567984 33.4478699452 46.084881497 46.3200170461 45.6607022516 45.8590406531 45.39832956 45.0681109655 45.0638420841 45.8179813354 45.3827132846 45.5219376131 45.5972756488 46.1894614057 46.225913746 46.1361054649 46.3026122727 45.1444754504 45.4545326124 45.8298423184 46.0955131855 46.1241080294 45.6481355066 45.46005964 46.3091956174 45.6946483802 46.1843849426 45.4739592248 45.5724498131 46.398237851 45.3040198403 64.4689081554 53.7668339627 53.7668339627 53.7668339627 45.2640505724 46.2316692841 45.1728594073 45.3213339913 45.8946321705 46.3854109122 45.5606179211 45.6122350547
45.7001208604 46.1578861734 45.516986896 46.1327584547 46.3258533557 46.291664313 45.2254813092 46.2941244461 33.677734531 33.677734531 33.677734531 33.677734531 45.4580600129 45.2004633202 46.2757009266 45.248313834 45.6645611157 46.2275307582 45.5816989559 45.0112887774 45.8503679701 45.4062554037 45.4886158762 46.0659664804 45.9535917577 45.1996461616 45.5677467994 45.6640370967 45.4922211269 45.2913909252 45.8185479908 46.1303109562 45.9865018825 46.4053029666 45.775806937 46.2112014581 45.4581438091 45.9233587158 46.1375349891 45.9885770016 45.9313613546 45.2546525209 53.7668339627 53.7668339627 63.9883050221 46.2046058809 45.5361514703 45.8675557226 45.8728073123 45.9232286305 45.5589794219 46.3808744109 45.5081878529
