Spatial_Output/BAU/BAU_0663.asc
NCOLS 155
NROWS 192
XLLCORNER 196769.923733
YLLCORNER 449719.875193
CELLSIZE 27.603701
NODATA_VALUE NaN
[rows 115 to 137 of 192, columns 53 to 105 of 155]
58.6482698292 58.6482698292 70.0611022448 70.0611022448 76.5184064807 74.5870276356 74.5870276356 25.432970983 67.2236153061 26.5404268262 58.6521155033 58.6521155033 29.1787644647 28.5187434481 61.1968708064 28.4306945014 53.5079185329 50.3208617411 50.3208617411 27.2065556197 27.3089834866 65.3725308894 51.5579112527 54.3182941774 54.3182941774 68.77368972 38.9380417093 28.9289099758 29.2050350162 28.0647384488 25.9376201724 54.5311144725 54.5311144725 28.6698997451 28.4782517511 25.8237566552 28.4674433678 25.3883156774 27.475705527 28.4491132304 27.9206474063 26.8838991691 60.0304943104 28.6860753317 25.1354354276 25.9794834163 26.3478993305 25.7952043865 27.8111075776 28.6272701658 28.1304851437 28.6797615877 28.2783286191
58.6482698292 28.5638278786 70.0611022448 70.0611022448 74.7839430259 25.1919954553 74.5870276356 46.1307157815 46.1307157815 28.0975658515 25.0839565434 58.6521155033 28.8992841029 26.89334621 27.4142082387 27.1610918729 26.5648964681 26.4708381199 50.3208617411 25.6528461443 27.5221619527 29.0481650773 26.6349740098 46.5457650266 54.3182941774 50.8016134082 29.0465659272 27.2950255399 26.1091857545 27.6288336273 54.5311144725 54.5311144725 54.5311144725 26.0422619806 28.3064159974 29.0216366895 25.3677641788 28.1614007781 28.5403310297 25.8993333696 27.6980215225 26.605455023 25.2371670109 28.9826688268 28.1757573299 26.746403002 25.2262704521 28.5828274772 26.2456974491 25.8840752576 25.1795906436 26.9393889522 25.0698674098
27.9016237963 26.6513053771 26.5446019716 26.9114758445 27.0651712231 27.9244893803 25.5992000956 46.1307157815 46.1307157815 46.1307157815 26.7541886438 27.97164093 28.3692314024 25.9207720986 28.0140130447 27.5335944657 26.6502924824 29.1649914994 26.3575833501 25.8599256 25.5399548267 26.8853091567 28.0804885679 46.5457650266 46.5457650266 46.5457650266 26.4041114883 26.7429883866 27.5221797744 28.9262115739 25.7884603723 54.5311144725 25.5870411375 25.3364213417 28.371706345 28.0872893606 26.5428106103 28.0817976196 26.4543149594 25.3088598 28.4214752938 25.3513937229 28.5467183604 26.55681881 28.8204107105 26.3593363438 26.8258798154 27.9581369355 25.4225137516 27.3582848433 25.9944408015 28.2759703745 26.9294075423
28.7084860565 28.3840786026 25.9367184968 25.2646495517 25.5627122973 27.9772873332 26.3576241195 29.2040516508 27.0461340231 27.6444302388 28.3153747317 27.2640728488 27.6723399059 27.6155961503 28.453624437 27.4002045696 26.9278064404 26.3213727773 26.5433368248 28.1905821852 27.490564005 28.8836219992 25.3933870044 26.0189056403 26.9555802682 28.919681909 25.5843802906 25.4732863181 26.3837063271 28.3488512919 25.6338015623 25.2830978599 25.7484011379 25.8576484166 28.4940770177 29.1476023127 27.0864653557 26.9280013467 27.075819122 44.4500683586 44.4500683586 44.4500683586 44.4500683586 28.5070971707 26.8587230192 27.2196160127 26.6748508827 26.2601380074 29.123785548 25.6744746689 26.452683316 28.5496686159 26.1452778946
25.0762987019 28.8575539422 28.0163782905 27.6350389735 27.0218436434 26.3890618756 28.0753542567 26.0424789241 26.9722169138 26.8628841544 28.4067883413 26.396515649 27.2983769326 25.032322499 26.3118732749 26.7452731889 27.8246521036 26.5955080307 27.8613549123 26.8486083672 26.7096009196 27.7933749442 25.0837153036 26.0245018289 25.0717127354 28.3584535816 26.335928303 26.2797625651 55.7504582607 55.7504582607 64.0322441272 29.0419937297 65.2082691876 65.2082691876 27.7351263552 53.4008051959 26.5161556735 26.8427915766 26.7181557897 27.6518017751 44.4500683586 44.4500683586 28.0187891126 27.5007932072 25.7870292993 27.8828972581 27.5864579466 26.1139025034 25.2193588929 26.2940367032 28.1292673281 25.7361465536 26.4892489467
26.9465520105 26.1618564432 26.5026482777 26.0620770533 27.3940789126 28.027091767 27.8087709822 26.8517957126 65.9915136207 25.0416375751 26.5402782794 28.3942613746 26.7559420478 28.0402394058 26.2983502021 28.7456322947 27.9007333111 26.9531934739 28.4043450107 28.5945588938 29.1119737022 26.9278426847 25.1866487566 25.3658937894 26.8957957329 25.7690438907 65.0987139282 65.0987139282 55.7504582607 27.9621970879 25.5186724929 49.0547249364 26.3620829027 53.8489907285 28.2075592279 46.2611348443 55.6036315767 44.7938385485 25.1921355888 26.2465514215 65.327404839 65.327404839 45.5765723107 25.5464371665 27.0861669673 27.3120027386 28.7949085335 27.3281947292 26.3333436482 26.3619324112 27.2663310863 25.5555044418 27.3425117353
27.8981514713 28.2491950644 27.2929331018 27.0041308323 25.5730339075 27.4216383917 28.9132540243 25.580603043 25.1029233067 25.56984955 28.3740434261 28.6794522463 26.3949225732 29.2382820591 25.0606376744 25.7702271799 25.8857818239 27.6694618873 29.1192914112 28.038364676 26.5292270591 25.4486967242 26.3504791834 26.5284697604 28.0147566579 27.9245754968 65.0987139282 65.0987139282 25.9870836248 55.7504582607 64.0322441272 27.544461849 25.0055994506 53.8489907285 53.8489907285 55.6036315767 44.7938385485 44.7938385485 25.712586646 28.3509796922 65.327404839 45.5765723107 45.5765723107 47.8795093546 45.0814266726 79.5152863022 64.8006477042 56.0895647977 53.7101074676 28.0671157111 28.304037156 28.4757543397 26.0535640594
28.8764898714 26.3301782545 27.3345017792 27.6897365673 26.1406923145 26.4538650745 28.1972225469 44.5355986489 26.8499653461 25.8554807657 27.6601419388 26.4746981021 28.7438705541 26.1770097208 25.0540590092 26.8649708076 27.7270146557 25.7348875767 25.8327436358 25.1746137177 29.0710359401 25.3367182338 26.9347403452 28.5466175873 28.6241947205 25.6379909253 26.1405515004 28.3278194781 25.7477276363 27.7671836401 27.090409833 27.107894079 25.4542959621 26.2519035868 25.517319838 27.607622138 44.7938385485 44.7938385485 25.1147234017 29.1878691866 51.8964145313 45.5765723107 45.5765723107 47.8795093546 79.5152863022 79.5152863022 64.8006477042 64.8006477042 25.4476460036 53.7101074676 27.4590006605 25.4756235388 27.035807725
25.7018654213 27.4237009012 28.2440688757 25.7782260953 26.0048626232 28.275606126 26.944084077 29.0489081757 27.8081432456 27.0285242491 29.0489986434 27.8314841278 25.3152862308 28.6648294435 29.0054440931 27.6206097959 26.1925474224 25.9100925675 25.5831156013 27.2939220255 28.0031927271 26.0198080396 27.3066719835 26.6119816253 28.4119374797 26.5204336646 27.0977575047 25.1070219727 25.1767248633 28.5190167698 28.5105234418 27.6493481811 26.3430464547 28.1691903587 27.1859007135 28.6642252272 26.899672679 28.9897659467 27.8104019466 26.7218875821 25.0105433845 53.9486709225 47.8795093546 27.4920965614 25.682213933 79.5152863022 64.8006477042 29.0723883024 25.3554599086 27.9378019342 27.0350455294 26.5279743232 27.4203788713
40.6648610168 26.368130507 28.6268205949 29.2235470276 27.0075325883 29.0831529551 26.8521022017 27.671646355 25.4603851895 28.3738365561 27.7669561542 27.8782766701 28.6796860434 27.7278224836 25.5581426307 27.3889881197 28.6375257556 28.7611326686 27.4397392245 27.4816757593 26.8885933884 25.3291141033 28.0154537446 27.1655516277 28.3147699305 27.3897146923 53.2420245104 27.7382567319 28.5577931494 28.5781062455 25.9426608496 26.4457405397 25.9139727885 28.0218155362 27.7808099117 29.1395751359 29.0509294722 25.9546688311 27.6286136141 26.5746614589 57.5585090882 57.5585090882 57.5585090882 29.0000276681 25.9486137441 27.3138615727 26.8493789102 29.1341326138 27.4881633913 26.6113458843 26.7446202119 26.7904162988 27.9681670639
61.3671440568 28.4152982096 26.1225406969 29.0118281135 28.945356841 25.0396863648 25.8720987025 26.147459117 27.0523404572 25.4700698509 27.3729249197 27.4019341887 26.7642542069 25.1314442712 28.506168854 27.8496276658 28.3468445696 28.2578310734 28.9175115977 25.4667022542 26.7980041108 28.8589624026 25.2351089556 25.6334732173 26.8194042716 28.7921077226 25.2552316138 27.9065588799 27.2551902154 27.5320611773 28.4858962073 26.1376575496 28.5376195351 27.3599434058 25.7418141024 25.0675298441 26.3720887166 25.4335218898 25.9400393873 27.9810665855 57.5585090882 57.5585090882 57.5585090882 27.0228171622 28.8965685965 27.9708308835 26.5413775325 28.5763793724 25.2141804748 26.2761597091 27.3390189228 29.1468001107 26.1695449343
61.3671440568 27.2486804216 26.5024952056 27.0521999657 27.514884183 26.5409481197 27.0948868331 27.7679493252 26.5041951709 25.7434031905 26.4522360517 27.9622342978 27.0252786572 26.6603109017 27.0389682948 25.7664372054 29.187266391 26.7107013764 26.2405652504 26.6640773704 25.1513422663 27.8315711678 27.7727859552 27.8613099005 28.9871766423 28.9154348035 25.8787250663 25.1977992086 25.9910438217 25.0432423398 26.1394732424 25.5918142876 28.3448633239 26.427694441 25.0277457123 28.2112763941 26.8219285958 27.4937814993 25.8740345075 27.5781913634 28.1143183261 25.0955441874 25.9364830038 28.0207595475 27.2867319644 25.3797681039 29.1897078732 26.8570931176 29.0621561216 27.1106735177 27.4900611896 26.0426039226 28.0430938514
25.8669176053 28.1315231381 25.9167374715 28.2956165474 29.0520363772 28.0866899683 28.1794812551 25.2440403117 25.6857211281 27.919278776 26.9856175554 25.8643706268 27.9105539064 26.158729103 27.650954524 28.0030089559 27.5484670727 26.2692786609 29.180182202 26.2154670303 25.1283512253 27.7554590652 27.1381921815 27.7074908053 27.3451916595 26.3783703662 25.157592786 27.367675402 45.6520969653 25.0197369624 28.521036419 26.0814826178 27.2048100613 26.1541354953 26.114572234 27.1286276976 26.2582853895 25.9475997728 26.412639373 26.0478337457 57.8135567969 29.2069334797 57.8135567969 26.2902312495 25.4951678579 27.3596012422 26.6123443958 25.845013756 25.3736412081 27.3922163362 28.1803060709 28.3408584733 25.3776541475
27.7896492932 37.960659118 37.960659118 28.4701518599 26.5703385251 28.2771008398 27.9480987607 27.4088027946 26.0808313041 28.4179295748 26.4062211775 29.2245388387 25.4643661142 27.7560010539 29.0689940183 26.4178338967 26.7512689797 26.2459805083 29.2085192119 27.6611375338 26.1738200444 28.8324987457 27.6019959583 28.8175673132 28.5601360796 25.0609654213 28.8689421638 45.6520969653 41.7768917697 25.6155296557 28.4785822423 28.3565801851 27.797262123 27.5965629423 26.1070309796 26.0926608172 25.9082982444 25.7451316096 26.9901107131 28.6427475103 28.3114257814 57.8135567969 51.604956018 28.8529558423 25.2472149152 27.6704621335 29.1978935008 28.1425481809 28.0078371921 27.0986616893 27.9846353448 25.1387593196 25.8849151221
26.0471314342 37.960659118 37.960659118 52.4638322784 47.283813718 27.0517923603 28.2982471518 25.9377486579 28.8923722559 25.9687920475 25.9935764712 27.2085988751 28.4285772145 27.3191411595 26.6642446587 27.3782548736 28.6297997364 27.2614742484 26.0425084938 28.727011784 25.410508634 26.2652519688 28.7462168053 27.5698648955 25.8624677155 25.9061712813 28.1424330759 41.7768917697 41.7768917697 41.7768917697 27.2761799779 28.5405733369 27.5040030579 26.8182211956 28.1690347465 27.7142025407 26.3293602933 25.6420843883 28.5922486099 26.6716567971 25.9814999645 28.4242110106 27.7449581704 25.6315494556 28.6775826378 27.9806040043 27.7684414396 27.6721506921 26.6960136577 26.7230020603 29.0409254091 28.232751378 27.10243728
28.0051941561 28.6195392769 52.4638322784 52.4638322784 47.283813718 47.283813718 25.3213253097 27.2599974605 26.2779564046 26.4419027707 28.4885335496 28.583448238 27.0555937782 25.8146239569 25.5068291155 25.6617909946 29.0372338057 27.5677672982 28.81370769 27.9955732127 25.5513946148 25.7972083144 26.1612115324 25.3807492596 25.1632176915 25.9503665248 26.3028322874 26.6129274104 43.1864535821 41.475715772 26.359868356 28.5384076454 27.5004630801 25.2435105416 25.0921112936 27.5712283377 25.3350949925 27.5891276132 26.2910462039 26.1857731405 25.6433514145 26.2856891204 27.4467647005 26.7740569047 25.8505797618 29.2390513078 25.2479498718 25.3451543541 25.5578360687 25.9654583885 26.9815013783 25.4361780113 26.4250575413
28.681392717 28.9347425435 44.4156183044 44.4156183044 47.283813718 47.283813718 28.8111540177 26.5012805365 26.9053110624 28.1205077465 26.1046083162 28.382914517 27.0324331846 25.8058521511 26.6120750371 28.3159887081 25.0605936651 28.6479273651 28.5155255061 26.9143859268 25.838296239 25.0848750954 27.4427621833 28.3773672757 27.996782782 26.176816389 29.087524635 55.1947984612 54.575112815 54.575112815 25.2809353142 26.6200185165 26.4736987243 26.6252799125 25.0221591496 26.0847851958 26.5072459107 27.1142706508 28.2209035429 28.5186315495 25.5023675372 29.1551853985 27.7468050684 28.1667241742 26.317956395 25.8346789553 27.7865931716 28.1620819619 27.4941223494 26.7654973175 28.9620521406 27.0046020812 25.8031307881
75.5479010199 28.4582356969 44.5568728417 44.4156183044 44.4156183044 44.2785572506 27.1622303889 27.9795252158 27.7675854718 28.3638302768 26.7423233413 27.9661722441 27.9885516736 27.3109205197 25.0232350888 26.7420095502 28.4417993161 25.9631294631 28.0216304838 29.1851998771 25.7871442414 27.5582042061 27.2694290564 25.2307519628 28.6090685089 28.1075524524 28.1284036848 54.575112815 54.575112815 54.575112815 26.6081675634 29.0146984296 29.133502112 28.7360722429 25.9138203975 25.2259194225 27.0877310447 26.8424689442 25.3200192761 28.3978776609 27.6632352693 27.8078148487 28.9505190939 26.7376026369 25.7887597671 28.2293177512 26.0206457106 28.5242840526 27.3914152334 57.6796282601 57.6796282601 25.9790680303 46.7295759379
75.5479010199 75.5479010199 27.5662818228 55.6381036736 55.6381036736 55.6381036736 27.8722138632 28.4506916933 29.1657381996 27.3278068888 27.434738243 25.3308102803 28.5105558827 28.8475173641 28.7424122056 25.5395303668 26.5388022194 28.8939009257 26.6706093251 28.4424590326 25.3582229281 25.8545415564 27.7728595124 27.9123850965 27.8103687286 25.0999339555 29.037579045 53.5756255416 54.575112815 69.7785035316 27.0082212831 61.1427696333 59.4497487916 25.7620113795 26.5557259771 25.0872240294 26.6633082739 25.116836901 27.5828570788 27.1866388861 28.5902970683 26.0649130967 26.7279179359 27.5108455348 29.0459367361 25.4318860685 29.0191641312 25.7501583399 26.5540445111 57.6796282601 57.6796282601 25.0543364409 28.9959713455
75.5479010199 75.5479010199 25.0865826969 55.6381036736 55.6381036736 25.5961899304 27.8930526951 28.7547618692 26.6227523065 26.1963296167 27.9481248851 25.4115851636 28.0639674186 25.7756618133 25.3734888799 25.0912745318 26.3493773408 26.3176008939 28.5406583705 25.5467772492 28.2387500618 44.5184992798 67.4904537453 51.700365513 59.5298806795 51.5825505771 51.5825505771 69.7785035316 69.7785035316 69.7785035316 61.1427696333 61.1427696333 25.6732264297 59.7886226579 59.7886226579 50.2627010576 55.0802835447 56.4589604762 48.1827358159 52.2669486485 64.0815087848 64.0815087848 28.3741015682 29.1267573344 27.6973420912 27.0152352252 29.1334455168 26.6264444921 28.6248782884 26.6606349136 57.6796282601 26.3601657577 25.6914251139
25.7658952852 26.3327309456 25.0117703082 26.8536012925 27.5761717624 26.9249295711 27.4924420575 26.7241508134 28.3796777858 28.3274794879 28.6026833994 59.5730996144 62.2908737228 26.4641425367 28.5169166541 26.5508062984 47.5238784566 47.5238784566 48.5804709333 28.8352758054 44.5184992798 44.5184992798 51.700365513 51.700365513 51.700365513 51.5825505771 51.5825505771 70.9016216361 47.7620871758 47.7620871758 61.1427696333 61.1427696333 27.9373357614 59.7886226579 60.7719909878 55.0802835447 55.0802835447 56.4589604762 48.1827358159 48.1827358159 64.0815087848 64.0815087848 28.2129436224 25.2791883552 28.7325181019 27.0761274192 28.4738765619 29.1932476649 26.9468758466 28.9239265671 27.7109131857 26.2457550291 27.8001784836
27.3712244187 26.3301804098 26.8269269655 27.2631024226 26.4912168016 62.2581062335 54.4229431433 51.21560215 51.21560215 67.4451487529 27.8333676042 62.2908737228 62.2908737228 62.2908737228 59.9644746804 26.207575072 47.5238784566 47.5238784566 25.489010668 54.921037939 28.892826384 44.5184992798 25.3864472456 51.700365513 28.9701409685 51.5825505771 27.1934466226 27.8534785395 38.0458124697 46.4271199018 57.9958199476 52.9400241861 60.8073552785 59.7886226579 42.6235992458 50.2627010576 55.0802835447 56.4589604762 48.1827358159 52.2669486485 64.0815087848 64.0815087848 26.6716371291 27.3665638088 26.8917380043 28.6396345311 28.0777855863 28.7827525519 25.2041154279 26.5962115388 25.9338530503 27.5084248216 28.9809364902
27.4937976556 27.3758921659 27.4412009341 28.5349140652 26.0786640901 47.0968557647 53.2706364734 51.21560215 51.21560215 50.2602599684 25.0915817037 59.5730996144 62.2908737228 59.9644746804 25.0295787227 28.0566563518 47.5238784566 27.6551188639 28.6881575404 25.0733963781 29.0000368118 28.9437239266 25.825349008 26.0826565561 26.2966869018 25.793666324 26.9322424953 27.381106543 57.9958199476 46.4271199018 46.4271199018 25.4968184395 26.8346540204 25.759046612 27.5955071102 28.7873260687 28.9914851251 28.5034864536 26.7826441892 28.8345126296 27.1406581492 28.7578185685 26.8397325931 28.5442337523 27.2218459022 28.7270802165 28.6072602033 28.1739877804 28.6359914512 25.4979747253 25.1663816273 26.3978270243 25.8408725336
