Spatial_Output/BAU/BAU_0545.asc
NCOLS 155
NROWS 192
XLLCORNER 196769.923733
YLLCORNER 449719.875193
CELLSIZE 27.603701
NODATA_VALUE NaN
[rows 69 to 91 of 192, columns 53 to 105 of 155]
26.9081418864 28.3370847625 28.3991873409 26.8615537155 28.467994661 27.4478140235 70.1567551488 58.7680976511 58.7680976511 58.7680976511 27.9148759369 28.3076015968 27.654937388 26.9526937645 26.8454717118 27.3453974653 26.6149485434 27.8855019939 28.4986777991 65.2702918199 56.7196929452 28.3122490574 61.1103819466 46.1275211155 46.1275211155 27.4985218055 27.5608740845 52.5182100294 52.5182100294 27.8707149225 45.9911200773 45.9911200773 45.9911200773 26.9295119616 26.6156151268 27.8671481103 27.8421023897 28.4153423479 27.8472205993 53.5283224698 27.4830471023 28.0173677629 26.7258004915 66.7995524529 66.7995524529 56.8223749796 26.7688751489 27.5439493111 28.5266548079 28.2497345493 28.2578250611 27.1371318028 28.5089686632
27.151159682 28.3897840921 28.0977727261 26.6836316755 26.9412665031 27.5688671247 26.8503848934 58.7680976511 61.8127901048 61.8127901048 26.8889738583 26.8095126495 27.0321280904 27.4350184273 26.8277836064 27.8790133332 26.6384686202 56.7196929452 65.2702918199 65.2702918199 65.2702918199 28.1020107238 61.1103819466 46.1275211155 46.1275211155 27.5600938522 60.3465182238 26.8996829404 28.025637414 53.0696812127 26.8505317242 45.9911200773 26.8017010718 44.471435696 26.6384453665 27.1808346861 26.8372046945 26.8956290987 28.2915673717 26.8400379761 27.5887892305 28.5888665577 45.3236560577 66.7995524529 27.4600957104 27.4478213249 56.2355966767 56.2355966767 26.5009994558 28.3411273941 27.360432162 26.9749088826 27.0463764905
28.1302204639 27.35398369 26.5779603069 28.0846963837 28.588035466 27.4808464744 28.0383178352 48.888796533 48.888796533 74.9079164903 27.8693436702 28.1008620708 28.5219342469 27.900239765 26.5164101799 28.0322704793 27.7865865208 58.0173498084 65.2702918199 53.0870497308 56.5923496189 27.5010272547 61.1103819466 26.6843844234 26.9451362245 28.5917712307 26.8607016788 28.2697253438 26.7179338186 28.3266427499 28.3879364329 72.5685497507 72.5685497507 72.5685497507 28.5972596091 28.41702449 27.2863269304 28.3407418161 27.2413798612 28.5595894597 27.8056565556 28.0358158658 26.6174300621 27.5340599818 56.8223749796 28.4426884301 68.3822155215 68.3822155215 26.6134650179 27.9668054156 28.2906357397 27.5629873398 28.2585006755
27.4010340594 27.2949710121 27.2839436524 27.2332735488 27.3750085445 27.0569132227 27.1355548018 48.888796533 48.888796533 51.9310776999 26.992480887 27.4019180711 27.0516056871 27.8931542339 28.1772737705 26.7629819304 27.8943215883 47.5774649935 47.5774649935 65.938860985 65.938860985 65.938860985 28.5829064646 28.5575779371 28.3998830099 28.5820397836 28.4676860619 28.5823654546 28.27592435 27.4303842577 28.0681706714 27.8391872025 72.5685497507 72.5685497507 27.0314106036 27.6923533998 28.1377116436 28.2754120577 27.1887199291 28.3100950922 28.293001399 28.3603978018 26.7055270872 28.543213245 27.3100155814 26.8104459259 56.2355966767 68.3822155215 28.4251166839 65.6540785006 65.6540785006 28.6097960197 26.8793506246
27.6281592124 27.8601956922 27.576568632 26.6643487078 27.1270787443 27.2640124456 27.0074589954 27.3521976975 44.6170772168 44.6170772168 44.6170772168 26.8437436217 26.8106000471 52.023481269 26.9421179812 27.8923821715 27.0557528838 47.5774649935 47.5774649935 65.938860985 65.938860985 65.4614849264 26.9522581368 27.5302622788 27.7383360203 27.408740688 26.8070435049 28.4150610923 27.5046863853 27.2316932679 28.2610436234 28.027625046 28.5350692724 71.9733904659 27.7676271232 26.987857656 27.1038517581 26.5658906893 26.899624878 28.3941253667 28.5944036629 27.0632333156 28.4410937938 28.2132859559 28.3659991849 27.7619221944 28.4518375729 28.2618483982 27.2340091192 65.6540785006 65.6540785006 27.6204660374 27.2551223666
44.9587443125 65.8134824101 28.3256718589 28.2448292821 28.5715608795 27.8658446416 26.8137674007 67.703168188 44.6170772168 75.8242421714 75.8242421714 27.9042006744 26.7144560077 52.023481269 52.023481269 52.023481269 27.0930070418 28.3757959899 47.5774649935 65.4614849264 26.7591944682 27.1302890983 27.0879460495 26.8817767587 27.0847616726 28.4734693823 27.5809878838 27.4505682315 27.2950502645 27.5111564982 28.170841658 26.8359597666 52.4694009694 52.4694009694 52.4694009694 27.3957506595 27.4847169394 26.8167471064 28.3233023392 27.7244489609 28.2173518954 27.6329370745 26.9640712129 28.5157727906 28.280738699 27.0229347106 27.9966334903 27.6276545833 26.5289983471 65.6540785006 28.0620012038 27.7912798728 26.6609990225
44.9587443125 65.8134824101 65.8134824101 28.4212037589 28.5445287573 27.3226138396 27.866922336 27.6369527734 27.7575148346 64.6365157815 64.6365157815 59.3378932814 59.3378932814 26.8851574129 52.023481269 45.8008966295 26.6895609844 28.0486863924 28.3533510122 27.1485395107 28.0224254914 26.9263212489 28.1535244916 28.0468139 26.8793893034 27.2209781474 26.5748177439 27.1963443 27.6048526309 28.1072579694 26.8167950622 27.2656360784 27.26857256 52.4694009694 26.8969451442 26.6709658502 26.821447531 28.1545835702 27.4999337776 28.5650256531 27.806554389 27.1034686247 28.5109972983 28.5095433603 27.6893086871 27.8735008895 27.1184967835 27.7873464027 28.0457761685 26.8249064996 28.6056329062 28.1062139821 27.9588716103
44.9587443125 65.8134824101 27.7166215823 27.9556759412 27.4409578611 27.8746376262 28.4109477956 26.857729662 64.6365157815 64.6365157815 27.1954952388 59.3378932814 59.3378932814 28.4790507177 26.6178875484 28.396000031 27.6263775809 27.2718914352 26.6564849363 27.0325781668 42.6885167668 42.6885167668 42.6885167668 27.5739883466 27.8656489019 28.2943453355 28.47709046 28.0982074289 27.9414070626 27.8194089149 27.2301698968 28.2493521386 28.2062079297 26.9011810825 40.7153713477 27.7266796686 26.5807142994 28.6082076738 26.7599073944 26.5021970328 28.5505588889 28.4022524118 28.0713356869 28.5901308272 27.1846499429 27.5466658462 27.0369756853 28.5937707093 28.2362277377 27.0038144541 27.65594265 26.5426532447 27.8311760487
27.3412982699 28.3370214496 28.3127392783 26.8396041222 28.3926879365 28.4379015312 28.0476666145 27.9115683319 27.7534132337 27.3345502374 27.5565345035 27.8679180716 59.3378932814 27.8249385808 26.7491664776 28.2462344495 27.4519531792 28.5513466107 27.9055346933 27.2775979055 42.6885167668 42.6885167668 74.0572657396 28.4582517288 27.7007232961 27.7381040131 28.3083837661 28.4276513599 27.1980940869 27.9620484886 28.3449854865 27.533298698 28.099811893 40.7153713477 40.7153713477 26.5042387383 27.7763734499 26.755498783 26.9779039271 27.6173923487 26.5313603828 27.3073324147 28.6090397065 27.8434989941 28.4316222044 26.8759398451 26.8641446587 27.0616276656 26.6418268897 27.0576152612 27.1756507227 27.0694954422 26.6341114791
26.6778567375 28.6004454416 27.937868485 26.769469438 27.9431363739 26.7262512261 28.598816754 27.0932275488 27.0174983904 26.9992845738 27.3101031469 28.4614634944 27.7931267603 28.273373879 28.5859654988 28.300794279 27.7067981162 28.404952445 27.9811484373 26.5362160269 27.3291393552 74.0572657396 74.0572657396 28.3700957179 28.3509383221 27.256905482 26.5048704468 26.5343380106 28.2097869629 27.6713950702 26.8034655341 27.6099896108 27.5596229321 27.6402918778 40.7153713477 26.7365990622 28.2826070004 28.0338263913 26.8735937884 28.5020380058 26.9936795937 27.9919197374 26.8265614553 27.2490305832 26.6425118671 27.61066224 26.6279706886 26.9880233721 28.0341703827 28.4887011391 26.691752225 27.121619106 28.0096823322
28.058330228 27.8447237646 26.5581257724 27.8163845039 26.8272385382 27.3777357762 26.5815944519 27.3894477452 26.7168787344 26.5805322593 27.283684387 27.3931321982 27.2321577589 26.7391725632 27.6923952454 27.4923932669 27.1415135433 28.0511049434 28.3402730879 27.2380285053 27.6340748128 74.0572657396 26.5405499416 27.7442747342 28.2042836508 27.4377578591 27.6543880913 26.6265994285 27.2069172291 28.3557916313 28.3190041765 26.716619739 28.4827440152 28.5327032288 49.0135091045 28.0173529455 27.3376021831 27.9941107792 26.602227481 28.0852460625 27.2489685677 28.4007072836 27.6568380987 28.2642288008 27.0577748869 27.2691162656 27.3275372383 28.5351091329 27.0423155363 26.5441081182 28.2837271155 27.6573521026 28.4199713428
26.9998961773 27.0677463181 27.3722639568 27.1519834693 27.660894593 27.5367402697 26.7291483141 26.9713715737 27.4783856363 28.5258850585 28.0959244801 27.8038530415 27.1948857933 26.933734641 28.5694504555 27.7905302436 27.3543075725 26.5727019421 28.3786490865 27.5854841486 28.254053763 51.7889430368 28.4637672392 51.7889430368 26.5601388616 28.1432000488 28.0170448952 26.6334106368 28.104600486 28.5402693192 28.5798261874 27.0029754173 26.6225114992 26.7946485623 40.766355317 26.9914996181 27.8249311799 27.5588853507 27.1848195656 27.3957739512 28.4786067989 27.7167666382 27.2758859246 27.1956731837 28.126933161 26.8759146926 27.4629806072 26.8431532672 28.2093887848 26.5527213983 26.5614885714 26.8805700093 26.6293955133
27.8768195935 27.8807186755 28.1114084671 27.7291020852 27.9832587828 27.4689894077 27.7422262019 27.2012026354 28.4930645813 28.2451935576 26.8663336773 27.6176364552 28.3904159127 28.4542293071 26.573465066 27.3337768621 27.3205470107 27.580624428 27.3097902067 27.0682405004 26.7092279004 26.5417941878 28.2168191408 26.9122753088 26.6180172168 27.791547015 27.7886636714 27.6255090259 27.9440060471 27.448698417 27.3209630309 28.6014735251 27.9549373769 28.1790556441 26.5192731815 28.4267740231 75.4005650209 26.9472929921 27.0085716761 27.0364305945 26.7736013436 27.9295966025 26.506583463 28.4196885067 27.1888400814 27.2392084399 28.5088438349 26.8262182259 27.3094670643 27.075419675 27.0141673651 27.4774651772 27.6723479715
26.8070458447 27.1631737398 27.6733093425 26.5099056167 27.2245152417 28.3055970005 27.2547753134 27.1246935852 27.9417246754 27.3258028668 26.98170178 26.9896477345 27.1582358686 28.4904642777 27.1012647712 27.0350445559 27.1817355312 28.5874425221 28.3759733767 27.9106121441 27.5509954857 26.8326352214 28.3500285281 27.9714222694 28.3292421161 27.7508486218 26.759145905 26.9911187273 28.3390981872 27.5393820944 28.4581033039 27.2078442468 27.002027237 27.4390182743 49.3528492307 49.3528492307 49.3528492307 27.5890792699 28.2555026364 28.4691765668 27.9350952001 28.3185075676 26.6146374552 28.1421069389 27.528838687 28.2502750473 27.3711776201 28.4894011097 27.2762034562 27.9013849332 27.7584525717 27.2607443084 28.225792717
26.7385609071 27.8396982715 27.7972417468 27.4154487586 27.847995045 28.0025969549 27.0978334813 28.321265209 28.2254068824 26.9259835145 28.3292748458 27.7564274261 27.7934191059 26.5768024989 27.4910205634 27.8938678413 26.7980859288 28.1939439311 26.862651457 28.4255776754 28.2371399264 27.7869897849 27.8491980915 28.3522953196 28.1188904598 28.3598778767 26.6820180965 27.5956721108 27.5209857351 27.5604019751 27.1264044464 27.1859999299 27.6834295392 27.4699008108 28.0013854852 49.3528492307 49.1242252842 27.2826076375 28.294924355 26.7662926397 26.7839375573 26.7583665465 27.3204376226 27.1263878919 27.6766375767 27.3641098891 27.9712853861 27.0362164793 27.776058499 27.7890758104 28.5466236706 27.126008227 27.0818038201
27.4007923688 26.8906705438 26.8328583606 26.7565172084 26.9699628987 28.2181454142 26.9657141883 27.1503867103 26.7014465658 28.584971134 27.5015044073 27.5650240221 27.876902755 26.7121007851 28.409782263 27.5401578115 27.3533730525 26.546398241 28.1081644509 26.8599099952 26.7569404372 26.7821697301 27.6649510104 27.8125964626 27.4073294993 26.938615868 28.4633140187 27.0226069838 27.4714518307 27.3588111849 27.1093728412 27.8970296977 26.7105693517 27.0610363402 27.2976265674 26.5850272935 26.6792173978 27.9321525555 28.4934887394 27.8719712914 27.6784802526 27.340554339 26.9924939894 26.834403953 28.5305986792 28.6159278474 27.8159458957 27.6567521247 27.783266907 28.1768006589 26.8417023006 26.6174218967 26.7965977832
27.1888963302 28.5347104272 27.6846152025 26.55188241 27.4727134161 28.356743129 27.7096011794 26.8893180962 27.4115668956 28.2108548484 57.6382104643 26.5526138302 28.5104610163 27.0536087639 26.7271785365 28.0712039878 28.2851670561 28.5984231625 27.8252679855 26.7304028458 26.9186574201 27.8368298604 28.6208078838 26.6823715078 26.9633631375 26.7717869694 27.9679254534 27.0268202471 28.169356801 27.7058699136 27.8985569713 27.8671636628 27.4968781213 26.8723350882 28.3753571292 28.1109834857 27.9651638471 27.1052862046 28.0856609909 28.6099100768 28.5280551015 28.0359020267 27.2140616278 27.4213042918 28.4540356095 27.6497314084 26.6295470151 27.7573503395 28.2935455301 28.6025995546 27.8428940852 28.095633744 28.1644660611
27.6487119772 27.6814892609 28.041608081 27.2733228562 27.815248614 27.9619632258 26.9553827731 26.6015337666 28.0340674307 57.6382104643 27.0460918861 26.6220064141 28.0960690603 26.8045994653 27.029730121 27.3609795502 27.0568160096 28.0478342723 28.3388723187 27.0514725052 26.7762234179 28.1583107309 27.5913306664 27.306242414 28.5317712316 27.3998952674 26.8831321339 26.8677693675 26.8320893903 27.7072938707 28.0190848671 27.9268378306 27.5795666459 28.5819815524 27.467300162 27.7707141867 27.0605193352 27.7851527939 27.8978304704 27.7623774956 27.9378584905 26.6912449465 27.7703914096 28.2092017927 27.5074065887 28.1816545798 26.5004322909 28.5422576769 27.0723562967 28.4389514281 28.5546572138 28.273646136 27.7878167436
27.1784501073 26.9124035557 27.893746324 27.3466112565 26.8093450984 27.5196931813 27.3229775301 27.0676605477 28.3265908009 27.5237162534 26.5324474688 26.682568267 28.0933704564 28.0767157781 28.243820054 28.1510005645 28.4743807179 28.4184068412 28.2371814187 28.5677399357 27.597317332 26.7638508508 27.1998989474 26.8422314038 27.555845707 57.3066257024 63.084260796 28.2826821661 27.5575752337 28.0603566377 28.6134959021 26.991968645 28.3005010651 27.5665907339 27.3030776627 60.4025754161 27.3810643006 27.523439269 53.4047438894 26.5736478225 28.4558369052 27.09833113 27.3839583535 28.2041680485 28.2277102802 28.6166620205 28.2237295804 26.7326872433 26.8728921436 28.1646578191 28.5161570763 28.0556549258 27.2470940043
27.4079138325 26.6810545222 27.8024911503 26.7549372277 27.5606838056 27.6566937035 28.2330223927 28.4153633011 58.0788163996 58.0788163996 58.0788163996 28.427631682 27.9566161961 27.5337481645 26.8112787943 27.5762558388 27.2497495149 28.2457357471 27.6315067367 26.7039032979 26.7904098451 27.7128659597 27.6513743555 57.3066257024 57.3066257024 46.4709343217 26.9606570949 28.4232814433 69.8288389799 69.8288389799 28.2951836053 58.7032163054 27.043859065 27.6430825251 60.4025754161 60.4025754161 27.6358821174 28.1988080488 27.5565466236 27.2332026299 28.4835913771 27.9160550439 28.5473743786 26.7702224528 27.965819253 27.308112145 27.7455515085 26.7708156334 27.1093553046 28.4687692177 28.2093633704 27.3444143838 27.6387299786
28.2438592739 28.1289172401 28.0915229702 28.3655493568 26.6730478799 28.1838844472 27.7072577077 26.7820370047 52.9802535601 58.0788163996 37.4830461003 28.4083330739 27.5423341506 28.4538392545 28.6108569142 26.8041137006 26.6152996794 28.2355770275 27.1746844806 27.7400839197 27.5744002459 26.8645547519 27.9026023436 27.8045328103 26.6037280882 28.4763569109 27.5671850504 27.8141222658 69.8288389799 69.8288389799 26.9331487491 27.8885538458 58.7032163054 27.6586419823 60.4025754161 60.4025754161 27.681450756 53.4047438894 53.4047438894 27.3171887804 27.2501449149 27.2282415405 28.3475353907 28.109041474 27.4639377694 27.4224761393 28.3985561377 27.9736236766 27.419543545 27.3090014014 27.5496394588 27.2321610111 28.1159927617
27.2734942808 26.830015572 28.4900655644 27.9000007818 27.8574550662 26.7661791023 28.4866791307 26.6704012434 49.0796651384 49.0796651384 49.0796651384 52.7881219621 28.0054849867 27.656688171 26.5911009762 26.6506784682 26.904553191 26.7701292414 27.7051854743 27.7463577855 27.9859042805 26.6678660598 27.017341163 48.2088271126 48.2088271126 48.2088271126 27.7432194217 27.8406368763 37.3308772652 27.665579322 43.2854475763 27.6300986254 58.7032163054 26.7114628738 28.4114602407 60.4025754161 28.1320493212 54.5918498074 53.4047438894 28.1403653479 27.1170266332 27.8647478401 27.0681229733 26.6085767131 27.4325964852 27.0596566803 26.7053498788 28.12775238 27.1924601724 28.3718654528 26.9754112148 26.7560203321 27.0161140505
26.8141020063 28.4339678962 27.7842051777 26.8276326533 27.8221214599 27.2972098701 28.2799431582 28.3342699228 49.9363268004 49.0796651384 49.0796651384 49.9363268004 28.522284645 28.0608086689 26.6321983213 27.7443748102 27.1682088713 27.3984054666 28.5845581467 28.2318860668 27.1176947556 26.8018871248 27.4223808731 27.5202523838 48.2088271126 48.2088271126 27.9546982953 27.3568582024 27.3221295528 27.8014417647 28.0944112135 27.8264725214 27.5363404372 27.9410462057 26.5739003389 28.2141049054 54.5918498074 54.5918498074 27.8749732474 28.4512223725 27.6911646619 26.8410835954 27.1847731264 28.1404910459 28.2654500689 28.1730986946 28.4606196246 27.6321393782 28.5601942408 27.0950585715 27.2867280312 28.3891827119 27.1846539574
