Spatial_Output/BAU/BAU_0010.asc
NCOLS 155
NROWS 192
XLLCORNER 196769.923733
YLLCORNER 449719.875193
CELLSIZE 27.603701
NODATA_VALUE NaN
[rows 69 to 91 of 192, columns 0 to 52 of 155]
45.2331791205 45.4686496875 45.045875763 45.3349997184 45.8780572484 45.9719268756 45.4708629746 46.1098031186 45.9556194481 45.1815995874 45.2537015271 45.5875292097 45.4405580176 46.1519653431 45.3797789777 45.4277066105 45.8869007674 45.8594688837 45.696740999 45.0849600576 46.0594553616 45.8241874767 45.9913519795 46.3125311461 45.0868129157 46.1080586476 45.798599533 67.3435538148 67.3435538148 45.6138819711 45.2011738551 45.3485450896 46.2754379433 45.7389592614 45.4101241949 45.4517253426 46.1840826526 45.9102459147 46.3702340626 46.1632729748 45.307834219 45.9603948752 45.3979468009 46.3242761295 46.3412103575 46.2401350658 45.4006396906 46.3648274686 46.065787859 45.7660745925 45.8734484449 46.0059384704 45.0803346097
46.0129423421 45.8039257068 45.7971413072 46.1034992462 45.8152989574 46.0999521407 46.3414775211 45.4809697453 45.4615460971 46.0836400339 45.3965047511 45.1418021756 45.7461721035 45.25445361 46.0540227804 45.6586942896 45.0348182837 46.3749492774 45.5495182003 45.9966017162 46.3159746019 45.10578853 45.8761655387 45.1745151055 45.9346123162 45.5970880584 45.5383274575 61.3849462328 76.6312188546 61.3849462328 46.3766429603 46.149378743 46.0142783682 46.2942239479 45.1646626995 46.0081623382 45.1639622696 45.50885968 45.1404756724 46.2784306969 45.8269150178 45.5375356103 46.3727201778 46.3941951914 45.097827941 45.8332663811 45.7704002927 45.5897603205 46.1296245763 45.0781707365 45.1500258075 45.5139083531 46.3112177505
45.9560280795 45.9113267629 45.2863684703 46.2347256928 46.0558101879 45.5362967433 45.1487043846 45.1379030386 45.458986781 45.9433100385 45.8850945873 46.1430256222 46.2710471273 45.3183472413 45.3383999506 45.0588442808 45.037933397 45.5570415809 45.8705399814 45.5031654156 46.3883266928 45.1296054797 46.1022350936 45.4792883549 45.4242278987 45.5689121058 45.5826839578 76.6312188546 57.4563935656 76.6312188546 45.4918221104 46.4070087795 45.1953564908 45.7305365431 45.0889491415 45.0874814491 46.0234971164 45.3706695204 45.134889797 45.998640914 45.0198936665 46.2800849228 45.7072521285 45.1251496437 45.604797153 45.7875273337 45.7183421509 45.8593907577 45.4829220995 46.0874484742 45.0769154044 45.1966798369 45.2744927766
45.7968990534 45.9673166713 45.6227682746 45.161031153 45.2976946516 46.2098857795 45.8525341195 45.3877720805 45.3224007828 45.3435092192 45.4475795054 45.907557163 45.6034969021 45.5359849361 46.3953237641 46.3953647183 46.1375705166 45.1711453181 61.0185171757 46.2412762724 45.7384265921 45.5656760489 45.0886121659 46.126500614 46.2635112059 45.2912258692 45.213842332 46.2715661141 57.4563935656 57.4563935656 57.4563935656 45.4832963542 46.1259673041 45.2388780232 45.282465154 45.0177226646 45.4382459932 45.5209488879 45.8047330205 45.6222919341 45.790797403 45.4525235714 45.6897191911 45.8589267984 45.6033746892 45.5292240492 45.3729199337 45.4008432341 46.3830827335 45.854854903 45.8048411283 45.9873278855 46.1687193179
45.8156761029 46.1876449846 45.1184171293 46.0810911414 46.3765047445 46.0820605608 45.9904338879 45.4027891958 46.381784962 46.1498370474 45.4759203287 45.0547436587 45.1533474599 45.9001460087 46.3672816258 46.2124351167 45.3972982132 61.0185171757 61.0185171757 45.4421483015 46.0864639125 45.2158836442 45.7247686849 45.4033573965 46.4018219018 46.1839300904 46.3349665713 45.0122170613 57.4563935656 45.149471411 46.2751317267 45.4357907768 45.7507426086 46.1143765216 45.9426087354 46.2563622125 45.4013177363 46.1926122654 45.3089392008 45.9236862646 46.3544502497 45.2057455414 45.3260629213 46.3087777791 45.0129228257 46.4022721037 45.5729524416 45.2952051953 46.0312272971 45.2323572704 45.8646467427 45.9249750511 46.334702233
45.8449656769 45.5651527293 45.3617117687 45.1837979633 45.4323755976 45.9066458605 46.0259937433 46.1993428239 45.4551334843 45.9910046713 46.1670889337 45.3100150041 46.3697416349 46.1189767029 46.3349325699 45.5389798768 45.5617454502 61.0185171757 61.0185171757 45.049993506 45.3121126522 46.3631840444 46.069148798 46.0305060903 78.1762676636 63.5583700027 78.4151363826 45.2433162345 56.6571829976 62.0240331115 64.5513590882 45.903569843 61.0899095438 46.0009545546 45.8213840607 45.1609882676 46.2576428768 46.1134346703 45.2563393196 46.0056480835 46.2669043521 45.8874650508 45.7154599916 45.3864754156 45.2995121517 45.6349623923 45.2441837684 46.0852841335 46.1656279072 46.2288401241 45.8027821421 45.6305946037 46.0793984919
45.7478040191 46.1634845853 46.1800057 45.2306783621 46.4092635071 45.1177236725 45.9921774549 45.6590239745 45.618992273 45.8430314079 45.2990191813 45.1152050324 45.5513806897 45.0537875744 45.640241125 45.293852195 45.629008999 45.5479838614 45.3134978186 46.2388542567 45.7540180728 45.8988029756 45.8151449468 45.4366352379 45.9365972595 78.4151363826 78.4151363826 56.6571829976 62.0240331115 62.0240331115 55.0010415443 61.0899095438 61.0899095438 46.1609837133 46.4123150302 46.0539835307 45.6766284441 45.2844846995 45.0120882607 83.9457164794 83.9457164794 45.4589072795 45.9491509469 45.8431526776 98.1074531124 45.0876623916 45.6176511368 45.8168452134 46.3510444039 46.0068986186 46.2657452781 45.1798453682 45.6635822727
45.8224758532 45.9130072109 46.0771446202 45.0355980539 45.1978282533 45.7926079 45.2717134921 46.1273693732 46.0809467956 45.2671531382 45.2195907343 45.5727862046 45.827460507 46.1390485336 45.6848711988 67.9689501017 74.5874261768 74.5874261768 45.9075003792 46.2172751691 45.4074687108 45.8212739375 45.9038796769 45.2334846228 45.8022978322 63.5583700027 78.4151363826 45.5806034932 62.0240331115 62.0240331115 72.4713588828 61.0899095438 61.0899095438 45.9631622971 46.1381457818 45.8156836242 46.3733903938 46.4006941199 45.3920839453 83.9457164794 83.9457164794 46.0854578492 45.9036527761 98.1074531124 98.1074531124 98.1074531124 46.137855438 46.1672862784 45.3429344458 46.3478153133 46.2594784706 45.8902438491 45.5976554493
45.6564066045 46.2024082197 45.7990773234 46.3448479137 46.0273433741 46.1559471763 45.1563613272 45.2082096528 45.8085136287 46.0136903479 45.2083276528 45.234451044 45.3799974631 45.8859007336 45.1044231126 67.9689501017 74.5874261768 74.5874261768 45.4894992991 45.8016923107 45.283516028 46.2426203283 46.3536621305 45.4791911643 45.0401619344 45.8313597678 45.6245293268 45.8865036911 46.2837787299 46.1953440411 72.4713588828 46.2610221249 61.0899095438 46.0169286168 45.5266221801 45.2171631419 46.3595928187 45.0754944749 45.4105660419 83.9457164794 45.1646116305 45.8609326796 46.0061420016 46.0000886495 98.1074531124 46.2387345926 45.318743791 45.478179376 45.4023907392 45.6283328036 45.7616869062 45.2267821909 46.3751666051
45.729288291 45.3017729603 45.1348392117 46.3431731142 46.1384921266 45.0707379941 45.3281005932 46.2144263781 45.1053773168 45.0664957898 45.8767908843 45.6955415295 45.6700441705 45.9185225026 45.3214401225 67.9689501017 67.9689501017 46.1335754949 45.4741124752 45.0757033802 45.5021855819 45.472746641 45.9153191882 45.1538281935 46.2739160605 45.3265742939 46.1420697879 46.2939761479 45.3816634551 46.2972296543 46.2154467777 45.9572402493 46.1581405606 45.9659708721 46.1996496286 45.0452267182 45.898248427 45.1962513171 46.0917404555 45.484822362 45.4154928483 46.0956809529 33.6189857964 33.6189857964 46.0367490141 45.4985442919 45.8963387463 46.2753671291 45.356236057 46.3019199343 45.4971295635 45.5803669447 45.2865960751
45.4510205456 46.0757955156 45.5919439626 45.3530773609 45.2075766183 45.6358451226 45.6884381695 45.8769410636 45.6273211143 46.1431478274 46.2167878634 45.1658936881 45.6459066181 46.1731263874 45.4909355591 46.1867434879 45.7995705784 45.6753153093 46.0040888294 45.0986166301 45.9177372747 45.3313890252 46.1741907851 45.4434360762 45.9771220816 46.1387034707 45.3532873741 45.1714738636 45.6482451269 45.6096482209 45.7243551065 45.1284851215 46.3892881076 45.6919127493 45.0947216921 45.2717924572 45.7033527846 46.2337221259 45.362308621 45.0505312772 45.6930958474 45.8342493038 33.6189857964 46.0197601919 45.6925738538 46.3769082569 45.0363947851 46.0774123119 45.8543007764 45.1343031587 46.4025620054 45.0764071976 46.3191528963
45.1859564743 45.8005395235 45.6701708229 45.948695605 45.1355927724 45.2902248313 46.2150003241 45.2417968441 45.6857709858 45.6401632027 45.6250869437 45.1999086279 45.0664661279 46.3466024666 46.2270872676 46.094210611 46.0190594103 45.2583525939 46.2316704105 45.9709590509 45.589529993 45.3054059284 45.7121993488 46.2841288641 45.9775666494 45.8469969706 46.0094460736 46.0558443359 45.3214949973 45.8670141447 46.1678652733 45.9451695651 45.1106550715 45.8621139665 45.6551082167 45.7938834057 45.2305041098 45.0765726225 46.1867346604 45.8214363446 45.7909343621 70.7980895042 70.7980895042 70.7980895042 46.0497330718 45.8513629369 46.3848297554 46.4055611141 45.1549846116 45.0777804073 46.0695919252 46.147480946 46.0742289746
45.7283427833 45.8861789086 45.7708548205 45.1481706852 45.5064440932 45.5256073537 46.2633517744 46.1704122469 68.9512202581 46.1101939942 45.9816594844 46.2116075384 45.5602787055 45.625130742 45.5452865561 45.3014149722 46.1432440779 45.7103861072 45.4038203064 45.4937895934 45.8049568105 46.3448771032 45.4078712436 45.2411516715 45.4265151017 45.8427234155 45.9920005706 46.2246340448 45.3674709405 45.5933684016 45.4577820671 46.3715523558 46.3572736115 45.6256198423 45.3402517074 46.3141441504 45.0317410071 45.650208981 45.9165454508 45.0260833105 45.9866597382 70.7980895042 70.7980895042 46.0860694931 45.6515471955 46.12572806 46.3311605446 46.0480125051 45.2419715355 45.2752584243 45.5544426982 45.3169781931 45.5896211593
45.4627431273 46.1081224086 45.0864217713 45.4659707446 45.560105613 45.3193340037 45.2622922542 46.2016165221 68.9512202581 68.9512202581 45.4621464508 46.0441657214 46.2631342668 45.1046000231 45.6471714904 45.0132694728 46.1729175362 46.1029241365 45.1197724999 45.2441437268 46.3970517112 45.2690813404 45.1578437689 45.1465550181 46.2264143416 46.3192516592 45.34916007 45.181284214 45.952095198 45.3639820307 46.3351073613 45.0730627036 45.6409618627 46.0130063182 45.0522185607 45.5668747863 46.0904889083 45.8983130704 46.3943545503 45.4482559237 45.7140600836 70.8718399657 60.7121414095 60.7121414095 60.7121414095 45.6246561367 46.4081386503 45.0675173119 45.0823429802 45.3521170086 46.2598441259 46.3864278493 45.1859422921
0 45.7820491141 46.4060028382 46.2132437528 46.3942842564 45.9547563827 45.1703046537 46.0001147118 68.9512202581 68.9512202581 45.885644071 45.4844575101 45.960546388 45.011562429 45.1219948965 45.6191850505 45.4544148741 46.3796795456 46.2831401974 45.6710731777 45.6635448793 45.1054043492 46.1855130689 46.2807903839 45.3102919117 46.0239869979 45.531098998 46.083429378 45.2708559734 45.2688085898 45.359484055 46.3103664964 45.5141537083 45.3252379866 45.7482603803 45.7248418475 46.3461572883 45.2628206205 46.2116973612 46.4028527929 46.0627423701 70.8718399657 83.5492794103 60.7121414095 60.9822867665 45.8471949467 45.7241622279 46.3430169148 45.2182180085 45.0319429549 46.2597621644 45.7836656243 45.7772067948
0 46.3244987778 46.1133619834 45.9106982203 46.3807859024 79.3397336546 79.3397336546 45.1271858461 46.2229166441 45.2024676923 45.6411392688 45.1435562697 45.6244212795 45.3805961759 45.4194292666 45.3436442686 45.4727000288 45.9267593569 46.1792769909 45.4924612923 45.1701871365 45.455971832 45.5992039034 46.3785120668 45.9188524705 45.6970947869 46.2117764732 45.8484734981 45.770594948 45.0664824994 46.3086502116 45.7142766828 45.5886319008 45.7219926414 45.176958167 45.5092508225 45.7412649368 46.19340652 45.3040405518 46.1623436879 45.0056613217 83.5492794103 83.5492794103 83.5492794103 45.6236412134 45.1961278177 45.1577210341 46.1312278492 45.3584122757 45.1690881531 45.7643270331 45.2935521932 46.2203361927
0 45.9516381178 46.314241926 45.4695209335 78.8351750259 79.3397336546 79.3397336546 45.4141838187 46.2538071793 45.407046749 45.1111599699 46.3434895792 46.1059541172 46.1181157533 45.0323040655 45.6027030841 45.6707834883 45.3799389783 45.9683054387 45.7281306534 45.447581383 46.2637497803 45.104951077 46.0870325619 45.8522492186 45.5764112464 45.966000649 46.1710442547 46.154287799 45.3300111103 45.2905222321 45.4222472022 46.3429266488 46.2944674482 45.8210741645 45.0171479127 45.7222690995 45.3777722846 45.0727459989 45.6664857295 45.640964694 62.9894318888 62.9894318888 62.9894318888 45.7777141011 46.2029798616 45.978849488 45.5243527461 45.2346007533 45.6073426172 45.0576756402 45.0667460101 45.7341085256
0 0 45.6807728163 53.7189200259 45.5283638401 78.8351750259 45.7263468752 45.1409063818 45.5697807422 45.7868515389 45.9982928455 46.3483711943 46.3644249824 46.1202464841 45.7647098492 46.1902263123 45.6380466443 46.1553135088 45.0979471703 46.1440451079 45.9141115672 45.8434462097 46.3957866209 46.0554534837 45.6922070494 46.4028185593 45.9985645976 45.5279545914 45.2773522915 45.2009072767 45.2821630307 45.7656248707 45.2244627669 46.1372858911 45.4922593775 45.0829931166 45.3049039429 45.3913429916 46.0794829529 45.6656159601 45.76282714 45.0741381133 62.9894318888 83.0209839748 46.0918622726 46.2930925647 45.5239040591 46.0744155829 46.3231301919 46.3581966942 45.6211242228 46.3352668943 45.4822391832
0 0 0 53.7189200259 53.7189200259 46.3255672016 45.2931211079 45.0666025456 45.2827284421 45.4333660564 46.1860055912 45.490098328 46.3666931935 46.1563013759 45.7103473693 46.2023227288 45.9866349714 45.2124540236 45.6041641267 45.8956978479 45.3556470506 45.7614798093 45.5522714477 46.0347350057 45.3046607592 45.3271426611 46.1517836183 46.2244090342 45.9320722424 46.1011101316 45.1060301422 46.2816134055 45.4639971707 46.0817295973 45.4309394395 45.1627430757 45.8508659917 45.8534313075 46.1434321968 45.0725127202 45.7384196252 46.2721754637 79.3104147495 83.0209839748 83.0209839748 45.4595423911 46.3648806266 45.3179506948 46.3737148995 45.3610532202 46.4068939234 46.3935890619 45.3174175906
66.8608404368 61.1757875676 63.4051311362 53.7189200259 53.7189200259 46.0496390312 45.9219186552 46.0330265953 45.5223368742 46.3823849336 45.1327957805 45.0618212165 45.1967367139 45.4856748003 45.224570205 45.0067050707 45.1897621835 45.2871488166 45.566504097 45.4843473841 45.7474657611 46.2009290631 45.3274072161 46.165414953 45.7625320935 46.1810624979 45.7710356135 45.6980859819 46.2211513537 46.3695800031 45.0987916566 45.420745087 45.322358388 46.132785456 45.3026888843 46.0905325369 45.2376939705 45.2907107725 46.0439185249 46.0989153441 45.549467096 79.3104147495 79.3104147495 79.3104147495 46.4000781215 45.5083334379 46.4020303308 45.7347083136 46.0753496929 46.1288837132 46.2675806994 46.1286248842 45.390479721
60.524200401 59.1662697555 66.049876949 68.3724834421 68.3724834421 0 45.2528099474 46.03238381 45.2440667333 45.0601195173 46.1632571594 45.4210440819 45.0050439152 45.4452034191 45.3903859225 45.5543637063 46.2089163841 45.1982674841 46.2950300217 45.2195558027 45.5546689661 46.2347694959 45.4208626743 45.5795984638 45.4230553268 45.0416816226 45.1072332491 45.9340297155 45.0261318916 45.4369597473 45.551646067 45.1370478195 46.0304811645 45.6724721002 45.735574464 46.1385346439 45.3724744161 45.5276148924 45.8495000678 45.2972366226 45.5126696134 63.4507872768 76.7097127901 60.1209303365 60.1209303365 45.1129958526 45.1709620125 46.200634697 46.096192596 45.6561540396 45.5572389535 46.2702408917 46.1980484957
63.002201835 64.4039840605 55.9823301992 0 0 0 45.905954701 45.0613926449 45.6511080367 45.0659567919 46.2672314906 46.3788485503 45.8562868421 45.8829761169 45.1372623234 45.0842070603 46.0823880486 46.3759802936 46.330992787 45.6483261659 46.1914799794 45.8993281973 46.1491962967 45.503112763 45.8932440513 45.4868316524 45.0212839159 46.1991791405 45.8700606469 46.2919814881 45.617902182 45.0352369137 45.7764614637 45.2733660776 46.1645661312 45.4197609397 45.9340655123 46.0539277739 46.2924631489 45.8961706729 45.8238024318 45.1328700528 60.1209303365 59.8411882259 59.8411882259 46.1214552143 45.7782255927 46.0489986804 45.0457714076 45.8909872594 46.3636724045 46.3718101858 45.2948832142
0 0 0 0 0 0 45.9745581411 45.8532874503 46.1338882539 45.3897391614 45.6089450666 45.6904962907 46.2635246488 45.7008998785 45.6675592907 46.1385213927 45.171439581 46.34796132 45.4347171217 45.0000398472 45.1769587687 46.2100791292 46.150555969 46.4079034992 45.0620588494 46.376508154 46.2769172643 45.7527180444 45.6039558307 46.3101829504 46.2603114035 46.2029638805 45.1622222845 45.795662774 45.7082918856 46.0799181239 45.2202145884 45.3242478772 45.4118331957 45.4555365477 45.330299565 46.2092356369 46.241038222 59.8411882259 59.8411882259 45.3262726399 45.0524918061 46.244637215 46.3399601092 45.5903975603 45.3251051933 45.4004971301 46.0649516677
