Spatial_Output/BAU/BAU_1049.asc
NCOLS 155
NROWS 192
XLLCORNER 196769.923733
YLLCORNER 449719.875193
CELLSIZE 27.603701
NODATA_VALUE NaN
[rows 138 to 160 of 192, columns 53 to 105 of 155]
22.6902877552 22.6592285702 22.6988731193 22.7879390393 22.6888161262 22.5225754739 22.5196957976 70.1355000272 22.5340847222 22.7255125296 22.5949979778 22.5847668897 23.0231961972 22.8251741393 23.0702761671 23.0373305417 22.7652218616 22.7996618425 22.5952172065 22.9319870571 22.8109449838 22.5784209877 23.0212810266 22.5567861432 22.7996115146 22.5386780745 22.6209828896 22.7006429715 22.8139634586 43.5915179132 43.5915179132 22.6202684487 22.5860685737 22.8392680652 22.8151275591 22.5172077244 23.1546235411 23.1773022195 22.7269254269 22.5998208822 22.7528109782 22.9634401488 22.784708696 23.074867279 22.5069703065 22.8315148349 22.6432320944 22.7689535435 22.9310384559 23.197466383 23.2020519994 22.7195758794 23.0353604401
22.782080135 39.0913188763 23.0884036553 22.8359274795 22.6131653043 22.5186487391 52.4138687814 22.5174939597 22.6416776161 22.9371898412 23.1123984642 22.7075597654 22.7103071794 23.0747596824 22.9845017949 22.829557093 22.7671753893 22.8944020533 22.9320296045 22.9348515077 23.1677123026 22.9096976827 23.177423151 22.9106978021 22.9557966963 22.8423486226 22.9457278013 22.5830560311 22.7550384661 22.6550534053 22.8334248448 55.1227535632 43.5037890717 22.6140988143 58.8882896595 22.6944196433 22.8530437663 23.1928128646 22.6082290782 22.5816829869 22.8238976728 23.0850644509 23.0598140741 23.1990392502 22.6293108502 22.7637797769 22.6656963363 23.1459279433 22.6818608151 22.9866050353 22.6979420057 22.9278942371 22.9227934444
68.5904449143 39.0913188763 39.0913188763 22.5651946792 22.7781331481 22.9491464774 51.1447084521 22.6966933037 51.1447084521 22.9029137139 23.1399819956 22.9671605539 23.0326528966 22.5269862155 22.9644902041 22.6884521995 22.9866298509 23.071434667 22.9764582566 22.5337966578 22.5161095492 22.9950098004 22.8700633215 22.8682550142 22.5265812112 22.8692831435 22.9415355707 23.1979477001 22.5991675692 23.1015683168 22.6637677745 23.0116363279 43.5037890717 58.8882896595 39.0029724411 39.0029724411 55.0634590763 23.1363610983 23.0518608043 23.1360529695 22.7702751172 22.666388688 22.631806183 22.8695272923 23.1332416268 22.6109585244 22.7195316177 23.1499186667 23.1107831156 23.1349077418 23.164488778 22.6651330105 22.610928024
22.5901023704 39.0913188763 39.0913188763 22.5232622396 23.076225908 23.0746009629 23.0282468339 22.6506595673 22.9022024557 22.7321468681 22.9209795477 23.024757153 23.0884158273 23.1941788779 22.7270058382 22.7297812619 22.7753163558 22.51903257 22.9880632429 22.5773405706 22.7792418567 22.6530525403 22.6523895127 22.9571122104 22.9494889482 23.0029690831 22.8736187752 22.5840581117 22.7542862793 23.1537350014 22.5157561514 22.9241295364 56.165068075 58.8882896595 39.0029724411 39.0029724411 55.0634590763 42.2664687645 42.2664687645 23.1315395918 22.9230358718 23.1702417764 22.6021584848 23.1663794595 22.696875191 23.1751336968 22.6740077543 22.9980273188 22.8001410162 23.1279072255 23.0419916307 22.7889175614 23.1641917073
22.513439771 23.1978238266 23.0005270574 23.0428637756 23.0048733798 22.6009961761 22.8767193545 57.3218829514 57.3218829514 57.3218829514 22.5817597457 22.7369702193 23.0201140338 22.5178857841 22.5353927274 22.9555865542 22.8176201876 22.8704218802 22.9666615584 22.8710764564 23.0825952829 22.5531022145 23.0368063245 22.808891973 22.8536774597 22.9874891332 22.6214113376 23.1624907071 23.0900338475 23.0333733807 22.6124174463 23.1253851461 23.0353688703 23.0602398981 22.6455628049 45.7325258816 42.2664687645 42.2664687645 41.5783478149 23.0030484582 23.2024911729 22.5714300399 22.9153773575 23.172169321 22.501898345 22.6973958339 23.0900727712 22.7534928173 23.1660416814 22.6637500282 22.6313857308 22.6035426016 22.9992338121
22.8233067154 23.0609614602 23.1605416836 22.5424369538 22.8997696315 22.7410732863 22.748303068 23.1178737547 57.3218829514 22.9112074391 22.6037947908 22.9778142307 23.0732412027 22.6103484339 23.019465835 22.8706568399 22.5946135183 23.1858563847 22.8124365023 22.8094552293 22.8380990852 22.7571077023 22.7936579812 22.6535332688 22.6870151769 22.7807043968 22.9335666889 22.507915312 22.8391163266 22.7746822849 22.7301119283 23.1839898004 22.9812205221 22.820838619 22.5007863883 23.1757802876 37.8302194271 41.5783478149 41.5783478149 22.9594484321 23.1811641937 22.7930147101 22.6681016931 22.5274461477 23.1347919673 22.941991043 22.5627556661 23.1625322924 22.9224172176 22.5662284103 22.5773098509 22.5048805263 22.5187795207
22.9713284193 22.5417479082 22.902301396 22.9464337519 22.7868975344 22.5799205606 22.9519327474 22.5777308262 22.7253047803 40.2151747706 22.644306596 22.675853791 22.6266830855 22.9548503153 23.0868840311 23.0706274207 23.1568340496 22.8880917537 22.9631027587 22.5777947497 22.800490724 22.6566006354 22.9953448837 23.1878946238 23.1490275955 22.5326084774 22.8686552826 22.8170117545 22.5243474515 22.5845121993 23.0322845999 22.7273171928 22.6633477084 22.7350422645 22.8595866157 23.0240189881 22.7496189554 39.3104105163 41.5783478149 23.0185768486 23.04930246 22.5898588983 22.6741215029 22.8273524023 22.7184024796 22.6013749653 22.9854344694 22.5528118947 22.6488031795 22.7191552658 23.0800369626 23.0171910848 22.545771081
23.0869722684 22.6623824722 22.7751461013 23.1721934502 22.929704827 22.7352597137 23.0700212365 22.5160055563 40.2151747706 40.2151747706 22.5681092265 23.1738308681 23.2021888468 22.7798963474 23.1556318763 23.1818514191 23.1341288089 22.8455877188 22.9974275176 22.6432043781 22.7198880682 22.5127969571 22.903553459 23.0515527914 23.0883329062 22.7667740833 22.5278815974 22.6415640192 23.048693383 22.9878784587 23.1515938079 22.9534391241 23.0036778914 23.0789454119 23.1284878446 22.5738589254 22.8298996217 22.6757508391 64.4224509811 64.4224509811 48.9319131684 22.5621095612 22.9486548648 22.8971673158 22.9671167832 22.8498489603 23.1803279642 22.6924045082 22.5373271116 22.6749624749 23.0846549724 22.9868640267 22.7278565657
22.9556123773 22.5649288309 22.8199479261 22.9395229765 22.6476533797 22.5127402588 22.7448345935 22.5608251381 47.4204765417 76.3182477278 76.3182477278 22.7993863753 22.8340969743 23.1441988914 22.5501656948 22.9040157354 22.9363712404 23.0424633975 22.8399784074 22.5904980443 23.0587165501 23.0235145976 22.5269300122 22.8897355286 23.2022482311 22.7834291978 22.5487562136 22.9039347979 22.7321468145 22.7687625245 23.0757658856 23.1502636007 22.5470778062 22.547448821 22.8127191331 23.0317857732 23.1158610873 64.4224509811 64.4224509811 64.4224509811 51.7891601351 22.6506201619 23.0227723599 22.8950096905 22.9015845933 23.1563834246 22.5597067173 23.19352094 22.7331773368 22.6622562103 23.0980465589 22.5619720543 22.8263139867
23.0225959295 23.0928247414 22.5617209087 22.7700345043 22.5631253465 22.7728200172 23.0204759547 22.9374661554 76.3182477278 23.1994815266 23.0005603458 22.8508790752 23.0616338066 22.6432142765 22.6297765833 22.6717923226 22.6575675266 22.8130627037 23.1034985085 22.6532788327 22.8831464881 22.8517251878 22.5490465009 22.5661346127 22.8910786774 23.1361293019 22.9407835817 23.0228911089 22.9864611096 22.9573034842 22.6412944427 22.7617730068 22.5532410327 23.1964109002 22.75979677 22.7671757483 22.7951368065 22.6757707101 51.7891601351 51.7891601351 22.5338094118 22.8130630739 22.6487693288 22.7551766819 23.1075515217 22.6232139768 22.8068203195 22.9639877348 22.5673248686 22.8876557475 22.703029774 23.1464587473 22.8823114265
22.9206508674 22.5487806404 23.1179993519 23.1497967502 22.7144960772 22.6134567542 22.7854077682 23.1698156042 22.6395184565 53.918649307 52.9207513981 53.918649307 22.633975565 22.6474444913 22.8069036976 23.1569753952 22.9933473727 22.5952691025 22.7732049898 22.9336105629 22.6750687336 23.1152964705 22.7786838989 22.7249184782 23.1766421533 23.0602842442 22.8757241146 23.0013400785 22.8107169519 23.0680026137 22.6909282142 23.1668469223 22.5640936061 22.8617727294 22.5797577961 22.7561602243 22.5964720232 22.6479916338 57.4497121856 50.3187672464 22.9416551374 23.075365 22.7177692301 22.7676480993 22.7636341298 22.7366089973 22.7913972218 22.6060971481 22.7918670121 23.1362870335 22.5966301945 22.7364050097 22.8908298206
23.0688273451 22.6740366817 22.8929784067 23.1934065075 22.9392370971 22.6396614104 22.9831858554 22.7627418366 22.9173440087 52.9207513981 52.9207513981 52.9207513981 22.788237545 23.1297976368 22.731384877 22.9714931167 22.5118322827 22.9790074112 23.0747500959 22.8818005315 22.948959902 23.1971187786 22.795819275 22.914178491 22.8178829266 22.9873868845 22.9735944372 22.7420434312 22.9933499984 23.0856218594 23.037498283 22.5873330496 23.050523127 22.8149271401 23.0579008617 22.956440929 22.5694113537 22.5068780337 50.3187672464 40.5507462692 50.3187672464 23.1780724784 22.8287985735 22.9144281834 23.1731829796 23.1372693507 23.0512222609 22.7884647153 22.9180847378 23.0200736452 22.9238009275 22.8120502164 23.0725150401
22.7746397807 22.5016277151 22.9669285363 22.5274499878 22.6215791467 22.813579567 23.0159075237 22.7041426722 22.5616760966 51.4553624188 51.4553624188 51.4553624188 23.203211654 22.8044877698 23.0545182124 22.7768499414 22.7258858331 23.1763153612 22.769389425 22.7572140965 23.165632837 22.8467216239 23.1042910958 22.9995110797 22.939563737 22.8530208382 22.5686911926 23.1498783964 22.6937434832 22.7659825259 22.5130698974 23.0953206832 23.0183546107 23.0273041732 22.6936645965 22.5671586268 22.9672335157 22.9363829899 50.3187672464 40.5507462692 40.5507462692 22.7831837966 22.9073631923 23.0212459826 22.6226866954 22.8822001877 22.9196428139 22.6475106131 22.5237719737 23.0296715303 22.8271286759 22.8902294659 22.7937593562
22.8428173605 22.8004422088 23.1102542388 22.5096946145 23.0695637137 22.6645721316 23.1617709578 22.6983392401 22.6442074513 22.82719199 22.6583331531 22.7969919798 23.0612778625 22.7775143754 22.9907329175 22.7362908042 22.95583853 23.0842731969 22.8031457621 23.2057520892 23.1497083066 23.0303566382 22.635445653 23.1602007135 22.5489084515 23.1383258507 22.6105725805 23.1864826217 23.1292705999 22.9015835069 22.5117502018 22.6029150058 22.9535491402 22.5506488774 22.6853970136 23.095271464 23.1971972767 23.1035931294 40.5507462692 40.5507462692 40.5507462692 22.7748897892 22.6253125614 22.5138212305 23.0751129121 22.8955099588 22.6297590774 23.1140140437 22.6220263844 23.0606615896 22.5149384932 22.690642787 22.629134341
22.5614240985 22.9328863874 23.0905573904 22.8911044468 23.1620517378 22.64223392 23.043997642 22.5371606161 22.6236821294 61.8922983126 23.1881064811 61.8922983126 22.7984894314 22.64427287 23.0335909062 22.6893491041 22.5701725153 22.9737014133 22.8471741315 22.7399402206 22.7047922125 22.7825677163 22.6807052175 22.544160546 22.5488217183 22.8751555097 22.6953190798 22.9640788383 22.51014658 22.5667310817 22.8529995554 23.1309478972 22.7458644672 22.576181222 22.5930666604 22.9780711593 22.6426791447 22.5737669399 22.6552058333 56.4934371511 56.4934371511 56.4934371511 22.6907623633 23.0369170119 22.9888643016 22.9211593944 22.5655747695 22.7051172199 22.8453316338 23.1806215928 22.9330735934 22.6965055047 22.8040533776
23.0471516335 22.7261106585 23.1198998458 22.9246330218 22.8397202512 23.1385080991 23.1969557639 22.6330863323 23.15732676 22.6471283031 61.8922983126 61.6779155838 22.6669894442 22.6988905376 22.5209773127 22.7741550243 22.7440259478 22.6395699324 23.0990909858 23.0856439003 23.1681734299 22.8315715289 23.1048340082 22.5357131159 22.8250990412 22.6116105281 23.097796399 23.0743699887 22.7786819937 23.1436265915 22.6127211099 22.5818315521 23.1549362089 23.1637991535 22.526191705 23.0847836928 23.0320235065 22.822498804 23.0627890094 56.4934371511 56.4934371511 48.7846398575 22.9393109004 22.7877610253 22.5290586962 22.7245164956 22.5533980959 22.895657639 22.5034732982 23.1462128763 22.6134646548 23.1488387629 23.0274035034
22.9022534923 23.0238911763 22.8194938551 22.9863782764 22.531561419 22.8922802629 23.1813795837 22.5544921408 23.0253161223 22.5109194663 22.5793401067 23.0296316547 22.8537830543 22.8067740567 22.9668745583 23.156034647 23.1381666008 23.1007044064 23.1915592776 23.1754500056 22.9308212584 22.9033745899 22.8910147817 22.6842424066 22.6537223122 22.8587137792 22.6766735476 23.1896379677 23.1287576345 22.9353102491 22.7741865842 22.7050916629 22.5190371332 22.8897751119 23.1615614373 22.7961659221 22.9167124474 22.8704129627 22.8126929572 22.9926099129 48.7846398575 41.1414238476 22.8626506488 23.0662689234 22.6120469351 22.8787441396 23.0908187141 22.9358224336 23.0249250467 23.1499188593 22.5621588457 22.6112149442 22.8888070761
22.7749647507 22.8794622603 22.7995661698 23.1227261355 23.05351663 22.6243252096 22.6906182636 22.8541849765 23.1180324789 22.9158811845 23.0427838364 22.9319827808 22.8538463279 22.5068449676 22.816880293 23.1604681997 22.6067145247 23.1166481437 22.7966121843 23.038061058 22.9473150815 22.6097409258 22.8299704255 22.9579402652 22.6873088663 22.5358306821 22.6116428646 23.1141769303 23.082047724 22.5368331066 23.0704370158 22.8837187442 23.0605453453 22.8666476152 23.1177503928 22.7227852495 23.03341333 23.1878351511 23.0694457045 53.8188808642 53.7891018889 53.7891018889 53.7891018889 22.7100041935 22.6098205229 22.5675234969 22.9684866263 23.1175258208 22.5489109565 22.6613947664 22.5718225888 22.9391708096 22.9217959822
22.6750119282 22.9408315811 22.5555920352 23.0764753659 22.5545268134 23.1204377913 22.8576600336 22.6866228751 22.8724893002 22.7475972028 23.2001770644 22.997496659 23.0912381911 22.5704679834 23.1394604696 23.0737084797 23.0907701198 22.8051538959 22.5971359324 22.6058224905 22.9190637926 22.6540567192 22.9809167011 22.819665963 23.1556625664 23.162834475 22.7607311798 22.7058501927 22.8571640326 22.6538195101 22.562811699 22.9687202502 22.519610051 22.6743218757 22.9387986252 22.7231749623 23.1861034606 22.5380323248 23.0264156496 22.8353909403 53.7891018889 53.7891018889 75.6125985448 22.6178606503 22.9796533271 22.6024653187 23.004687684 23.0643377184 22.8383034146 22.9320530595 22.626774167 22.663187384 22.9451264797
23.1608997143 22.7740017773 22.5059639072 22.7667524496 23.1195866549 22.7538556537 22.5862604835 23.097801419 22.563041485 23.1377753712 22.7345745354 23.0082262152 22.9925189477 22.625101108 22.6824419167 22.8619139954 23.0042408188 22.9842367445 22.7329936528 22.8040319925 23.1009066971 22.6424097005 22.9864288838 23.0263200105 22.8048625792 23.0359788055 23.1689413417 23.1083892333 22.5205122463 22.7874361546 23.1211436442 22.8573996795 22.5553783687 22.6934195093 22.8549566598 22.6416306917 22.8798087404 23.0816129802 23.0180006215 22.6092062672 79.6968524495 79.6968524495 42.8701871519 23.0624416986 22.801256648 22.9013048286 22.5680308311 22.6500766743 22.8272562853 22.8477003719 22.9110597999 23.0333260899 22.8247355774
22.6071981616 22.9144148501 22.5255654588 22.8287627392 22.7222759524 22.5205638579 22.9654089759 22.8009841606 22.5341200794 22.7950447187 22.8364331607 22.8884498232 22.8853631389 22.5683831105 23.0033181563 22.7672553621 22.5416560269 22.7369006702 22.7320361045 22.7382099744 22.9638136497 22.6516339913 22.8048291002 22.9108971036 23.1696511071 22.9789485995 22.7543671286 22.735403951 22.7372537207 22.9343020975 22.9205992068 22.6965798072 22.930399111 22.5482793652 22.8745140882 22.5144569186 22.6152996353 22.5765031641 22.8800268587 22.9427375564 22.5410920585 42.8701871519 42.8701871519 42.8701871519 22.5274330342 23.1300401997 22.9424445624 22.5868980371 22.6348194739 22.8446159505 22.5336530406 22.630330354 23.0235078219
22.5558575306 22.9937948659 22.8315920321 22.869055097 22.8741024526 22.530994866 22.9014946461 22.5106245408 22.5323119161 22.8149652195 22.5782353001 22.5267904072 22.7049317121 23.126233122 23.1621692285 22.8996888285 23.0723943238 22.5249810454 23.1143784239 22.7268465992 23.089639968 22.7519577717 22.6168537242 22.5114426955 23.1384561011 22.8256125442 22.577023772 23.0074756555 22.7060557375 23.1519093708 23.125265028 22.753610461 22.6417399253 22.9259926574 23.0483386189 22.6884942461 22.7977075042 22.718291223 23.1996210562 22.5085239027 22.9856504804 42.8701871519 45.2597185592 45.2597185592 22.7466560082 23.1087614005 22.9455853411 22.5857985626 22.5333360196 22.8761084228 22.9734806198 23.1935592773 23.0485128121
22.8337737025 23.1519247528 22.8708493888 22.6112926635 22.7281952719 22.6404847985 23.1797515465 22.9936736577 22.6756924578 22.7452817759 23.1303421952 22.6588092206 23.087781738 22.8225252039 22.7231986719 23.1743028979 23.1696039316 22.9669653327 23.1095279323 22.9222853096 22.817757984 22.9956038243 22.7111463282 22.9031166184 22.8568469958 23.069419913 22.9087164366 23.0571031496 22.5981205454 22.8339346912 22.9300994275 22.6482816248 22.6516162631 22.6580476314 22.9830156502 22.5683723656 22.593379096 22.6057391423 23.1121185936 23.1058433633 22.9218311758 23.1229731357 79.7576777516 45.2597185592 36.4304030833 22.9606449988 22.6654729747 23.1640071006 23.0349864677 23.176886636 22.6549396904 22.7013325721 23.094295545
