Spatial_Output/BAU/BAU_0479.asc
NCOLS 155
NROWS 192
XLLCORNER 196307.867259
YLLCORNER 449144.565805
CELLSIZE 33.573938
NODATA_VALUE NaN
[rows 25 to 49 of 192, columns 0 to 56 of 155]
0 0 0 0 0 0 0 0 0 0 0 0 0 0 0 0 0 0 61.7286848938 57.1400462896 22.6468499908 22.4381625708 22.4381625708 66.3388414051 69.356747859 60.6917425043 63.4248795735 51.7500270724 30.7878076471 30.7122719834 30.9676608061 30.9292318727 30.92757046 30.660381095 31.1656752793 31.1806208667 30.6292795256 30.836311432 31.1593568511 31.0812173821 31.000503842 31.0832258657 31.0708251421 30.5905565305 31.2053277902 30.9092443098 31.1696749515 30.7331905014 31.1356782128 30.7532757046 30.8675678023 30.9711033404 31.0503135492 30.8054554425 30.546627595 30.7321476767 31.2046300141
0 0 0 0 0 0 0 0 0 0 0 0 0 0 0 0 0 0 0 0 0 31.0939448651 30.9321425798 22.340831534 58.2810057844 51.7500270724 51.7500270724 51.7500270724 30.8791293283 30.9322652079 30.9014290711 30.8824539876 30.772300567 30.5840358066 31.176589213 30.7562856022 31.1940427629 31.0318862789 30.8139575242 30.5032129462 30.7444560341 30.9273991647 31.190698184 31.1941147003 30.5233495724 30.9364528286 30.7542933452 30.6786175399 30.7664694176 30.5566763195 30.5677919608 30.5059465822 30.7264708033 30.9082411225 30.6855775823 30.8218337619 30.627207706
0 0 0 0 0 0 0 0 0 0 0 0 0 0 0 0 0 0 83.736513865 31.003306869 30.5488633647 30.6844537058 30.8798084791 31.1227024551 31.1445199481 51.7500270724 51.7500270724 67.7964537022 67.7964537022 67.7964537022 68.2422668372 30.7109153656 30.6851290748 30.7534392213 31.1574532288 30.8703656018 31.1170854403 30.7225040975 30.8123707074 31.1955626225 30.8906853624 30.7250366069 30.8159997123 30.6741786744 31.1640082202 31.1022365729 31.1228364865 30.6937750277 31.1047519421 31.1392875444 30.6139208721 30.9042239274 31.1017562945 30.8197543207 30.895020592 30.6573568962 30.5670506688
0 0 0 0 0 0 0 0 0 0 0 0 0 0 0 0 0 83.736513865 30.8398553274 31.1835180849 30.7879128977 30.9991653783 30.9831394938 30.5713470575 30.784738504 30.6754424122 52.8500501689 67.7964537022 67.067799468 67.067799468 70.3204578031 70.3204578031 31.1837022287 30.96607697 30.5888095703 31.1977751543 31.1998852053 30.6217762616 30.6949902299 31.0129456111 30.7049823069 30.9762231857 30.7241639537 30.5249915504 30.6956301595 30.8046759614 30.9951137355 30.5787478924 31.0126859748 30.771143759 30.9181340555 30.7014161832 31.1472378518 30.7222275639 31.1823638146 30.8730560573 31.0235875432
0 0 0 0 0 0 0 0 0 0 0 0 0 0 0 0 0 30.8096297847 31.1753857326 45.1806655907 52.3989088803 59.8721784497 30.6630260341 30.5503898092 30.5630957568 31.0476743953 30.8041262555 67.7964537022 67.067799468 70.3204578031 60.8476387642 60.8476387642 60.8476387642 30.7908934871 30.5521587144 30.7068966312 30.5320687774 30.7409095839 30.9498522422 30.7290995466 30.6920058292 30.8676622779 30.6588351666 30.9270997794 30.8279992009 30.7524828791 30.841638935 31.1441754481 30.8182306649 30.9463480891 31.0966914695 30.7370970669 31.1407778856 31.01549138 30.9903083256 30.5844391222 31.0272140432
0 0 0 0 0 0 0 0 0 0 0 0 0 0 0 0 30.6563177624 31.1723608976 31.0984670264 46.3489819913 60.960512228 46.1825789066 30.9292614277 30.9112433582 30.9843839437 30.7075643209 30.6060092731 31.1304219368 31.0939618868 57.8132080035 60.8476387642 60.8476387642 60.8476387642 56.9662008552 30.9334338854 30.6688859685 31.0388608682 30.7249268394 30.677578328 30.7499823507 30.9720882001 31.042165439 30.5786051086 31.1712555681 31.2045383845 30.8961273665 30.8372809225 30.7522942652 30.5053681867 30.8406473844 30.8240944674 30.5207811066 30.940714419 30.7201752725 30.6328614708 31.1840858658 31.1536490431
0 0 0 0 0 0 0 0 0 0 0 0 0 0 0 31.0815725935 30.6053565455 30.5822850356 30.6235849276 54.3293013352 45.6185165216 48.6654316089 51.6257021727 30.9290475574 30.5475553769 30.975694442 31.2059596293 30.6208926179 30.8552619714 31.0259129015 67.927988269 60.8476387642 59.1144674567 59.1144674567 69.1106115054 30.8562388805 30.7045590922 30.9713497702 31.0492597157 30.8171240671 30.6000978286 31.0860444637 30.747304636 30.7617146811 30.7427217609 31.1570069153 30.9973963195 30.6220220563 30.5283254887 30.9423168067 31.02308663 31.000248667 30.5346193163 30.5864092034 30.500847678 30.8413017438 30.9750850039
0 0 0 0 0 0 0 0 0 0 0 0 0 0 0 31.1413523398 31.1049419636 31.193297252 30.9381041944 49.367036192 48.9784557109 55.6271202755 43.8308572425 30.8804365724 30.8705109551 30.8781893611 30.5370141195 30.9754549856 30.5637774392 30.8503931581 30.8836086852 56.9662008552 59.1144674567 59.1144674567 54.325622849 54.325622849 30.9077410169 30.8570825054 31.1060557405 30.9953600599 30.8187448229 30.7399352385 30.5230736086 30.8175042138 30.8286447018 30.5831182396 31.1317357412 30.6185307569 31.001833643 30.9089905054 30.945265385 30.6966137551 30.8204243985 30.5450547204 30.5591329057 31.0403690461 30.9311515914
0 0 0 0 0 0 0 0 0 0 0 0 0 0 0 31.0242417199 30.6741028292 31.0493008706 30.5134931648 30.9631518465 46.1299822903 51.6136900531 60.5006696411 30.5994106663 69.9004356539 30.7965217183 30.9774484339 31.1435521759 31.0725999897 30.9659734844 30.8021708848 30.9289557308 30.7520532214 30.5474788363 54.325622849 54.325622849 54.8951666523 30.7257549021 30.8156289994 30.8012929331 31.114631454 30.8562148453 31.1465617214 30.5563623482 30.6941489913 31.1697112314 30.6843494567 31.1183115562 30.8098056889 31.2025111351 30.7314893183 31.0070898601 30.9755201585 30.5583628249 30.508834223 30.6784140818 30.8807140835
0 0 0 0 0 0 0 0 0 0 0 0 0 0 0 31.2050521027 30.677823555 31.0851055358 30.8411818814 31.0442273599 30.8112196742 31.1491501509 65.9790277899 31.0591524794 30.6148193035 30.6757208106 31.0255973525 53.8242006923 31.1255257216 31.1405128117 30.7525671406 31.0528158942 30.737520527 30.5746507573 54.325622849 54.8951666523 53.015276738 62.1059019257 30.8032837891 31.1759094087 31.0086030651 30.6214316425 31.1392154545 30.9487668014 30.8854621613 30.7525187163 31.0826969232 30.8091957201 30.8177674734 30.9963327623 30.8264550199 30.8730096768 30.7581194094 30.706135599 30.7217931193 30.9796054443 30.6990149903
0 0 0 0 0 0 0 0 0 0 0 0 0 0 0 30.8242593592 31.145699808 30.5627961426 30.8607566107 30.7175251941 30.8714640871 31.1099859942 30.9525252273 69.9004356539 69.9004356539 31.0158710617 53.8242006923 53.8242006923 30.8828412564 31.0130769023 31.1372365133 30.5354662668 31.1833428276 30.7493333373 31.2016608443 71.8518283093 53.015276738 53.015276738 30.8109020517 30.9202789267 30.9399562132 30.7239076349 30.744158969 31.1621206315 30.6236332331 31.1076069963 30.6702537467 30.7849442949 30.8354169633 31.1279987407 30.7702526905 30.8733870388 30.7848397532 30.6141902647 30.7082027073 30.8182605199 30.9840527252
0 0 0 0 0 0 0 0 0 0 0 0 0 0 30.7267269978 30.7449517535 30.5004288362 31.0296675477 31.0940751793 31.1948240829 31.1037598189 30.8134717821 30.9989802836 30.7941862612 30.9236134337 53.8242006923 53.8242006923 53.8242006923 31.0895708456 30.6874469103 31.0647554681 30.9475976889 31.1151359122 30.7996543941 30.6354530062 53.015276738 53.015276738 46.0026897036 30.505920971 30.6830488528 31.0107997255 30.5656649983 30.9408946823 30.666933541 31.105424259 30.8766853085 31.1926450628 30.9322302153 31.1837617353 31.174658187 31.0532657743 31.0679901736 30.825074505 31.0703096757 30.8452060534 31.0902543819 30.7095683548
0 0 0 0 0 0 0 0 0 0 0 0 0 0 31.1674576924 30.8352657459 30.5761506229 30.9875927887 30.6871982144 31.1328615879 30.7891995197 31.2031340314 30.8553543578 31.0137140317 31.1059088432 30.7379650365 30.9922013836 30.8417096554 30.8773821405 30.7705284072 30.92616053 31.0088785342 30.7288589672 30.8061874141 30.9662181931 63.6194610908 46.0026897036 63.6194610908 31.1928336257 31.1127761782 30.8122488605 30.6186666414 30.761714404 30.5800371701 30.603528876 30.784199409 31.1672022652 30.5698598673 30.6800506995 30.6294608663 30.911537305 30.5672700004 30.5324266567 30.5016001326 30.9754861747 30.6796856623 30.6065978977
0 0 0 0 0 0 0 0 0 0 0 0 0 30.8617363731 30.5759162156 30.870138342 31.1371272904 30.6135014434 31.1839654033 31.1831668137 31.1127959626 30.5492090871 30.9663529781 30.8764330467 30.81853944 30.8669130603 30.8244645183 40.8403872443 30.8058156815 40.8403872443 30.9168094235 30.8876114952 31.0024715806 30.8449223729 30.937104841 63.6194610908 63.6194610908 57.3047891849 57.3047891849 68.4173543416 31.0611934121 31.0272770062 30.5721308443 30.8562403192 30.5298592991 31.0810499267 30.5739609858 30.7935423676 30.9121558553 31.0893443556 30.8857986734 30.9104222179 30.5466524454 30.6111983786 30.9210980139 31.0032953773 31.0206109205
0 0 0 0 0 0 0 0 0 0 0 0 31.0065109757 30.8266074906 31.2047319028 30.6707162999 30.5657684779 30.7642170824 30.9046220267 30.731520012 30.94106275 31.0597212161 30.9924743804 30.630029245 30.8319943479 30.5185937677 30.9930874608 30.9028475044 53.4611723812 58.1250095419 56.2599014148 30.6099151087 30.9177275448 31.1317218042 30.779964386 30.708446966 31.1650424171 48.1531051248 48.1531051248 48.1531051248 30.5475185342 30.7511144255 30.9901887549 30.7697572064 30.840459717 30.6681486798 31.19801265 30.724419007 30.6305679462 30.7283333263 30.944044883 30.6479052209 30.5719057174 30.6056722515 30.9088987833 30.5957623301 30.5354371946
0 0 0 0 0 0 0 0 0 0 0 31.0857195481 30.5148191861 30.617474339 30.7931926462 30.8486714398 31.0690254742 31.1743872964 30.5987925646 30.9023294507 30.6046785057 30.9212748667 31.0229876099 30.6159873604 31.0023189157 30.5371149406 30.5462904451 31.1689814812 43.9812775609 44.0363757574 52.5420181755 30.7044065504 30.8936260557 31.1047421692 31.1155529079 30.9809722669 31.1879996457 48.1531051248 48.1531051248 30.8316530808 30.8934938772 31.0001828638 30.9300439693 30.541515728 30.7144321593 30.9106001906 30.5029087898 30.6586601314 30.6896967229 30.7329016395 31.0288596042 30.8932479817 31.018073593 30.5081168664 30.9043320998 31.146049928 30.7963053085
0 0 0 0 0 0 0 0 0 0 31.1141660472 31.0639073499 30.6583787863 31.1460858248 31.1998368205 30.8201220385 30.9682344732 30.9848238396 31.0967607866 30.9268577843 30.6743198033 31.0385040558 31.1792356777 30.8569528112 31.1404471028 30.9707737966 31.1920831121 30.9807195999 48.8078829334 56.0085042666 51.3982230972 56.435808723 30.7734867377 31.2059278588 30.8157784108 31.076789648 31.1821083064 30.8167484617 40.1747250484 40.1747250484 43.9914996421 31.1816728312 31.1175584322 30.8527182305 30.7333207056 31.1708731539 30.9141826234 31.1924060117 30.5489337178 30.7314145981 30.6522017906 30.6379175692 31.040513529 31.1316950706 30.9264499743 30.6936491058 31.1862385794
0 0 0 0 0 0 0 0 0 0 30.6867575778 30.6654528097 30.5509001358 30.9900563645 30.6458031756 30.9742340247 30.904241653 31.0163987613 30.7922947341 30.6151516019 30.9550419215 30.6892153384 30.6770825231 30.6555932586 30.5349424956 30.5230544441 30.6104516106 30.6405160193 55.7380100056 45.1501031405 47.8738568684 31.0358596812 30.9467370692 30.8367114662 31.0064668786 30.942446296 31.154364455 60.1492975008 40.1747250484 40.1747250484 40.1747250484 30.9195983776 30.6177161671 30.5744539249 30.5078678682 30.6720214225 30.7365760674 31.0003743523 30.7431811656 30.9559434159 30.6224162006 30.516488982 31.1329150476 30.7421520075 30.6239581142 30.8198906696 31.0138874198
0 0 0 0 0 0 0 0 31.089862176 30.8947974206 30.9299832651 31.0418184559 30.7843905289 30.6271066375 31.1572704667 31.1654609452 30.5667496949 31.1488461647 30.9214972426 31.0252425973 30.5142312636 31.1355843714 31.1847305252 31.0395568851 31.1411620011 31.0541838027 30.5338942818 31.1886337298 30.7411533364 30.6972555381 31.0880975968 30.6808615227 31.1877118449 30.9648510282 30.8349734808 30.6211070579 30.5464321834 62.3848496743 43.1636870409 43.1636870409 30.9483380446 31.1950950544 30.8363299984 31.1816011066 30.8438069794 30.8014041251 30.8049987334 30.5932318727 30.9135572688 30.8193772702 30.8330017911 31.1641937896 30.732411938 30.9199647146 31.1319787329 30.8490303044 30.9069494896
0 0 0 0 0 30.7879943607 30.7652814545 31.1317767103 30.6464219992 30.5360111792 30.6469952313 30.8380023779 30.9295122511 30.9610989787 30.7568141466 30.5447947617 30.8174944132 30.7577490794 30.6695754255 31.0752279191 31.1107355314 30.5001257582 31.1444029118 30.9804802401 30.622412492 31.1316584102 30.6959034203 30.9439506146 30.9837056098 30.8987818448 31.0743271455 31.1438582604 30.8077457295 30.8807870241 30.6427942297 30.9860414231 31.1811622804 43.1636870409 43.1636870409 43.1636870409 30.9139652996 31.1569839379 30.6511911148 30.7176359755 30.8500315018 30.7609016616 31.1245565105 30.6539670427 31.2056895456 30.5469264476 30.5042907047 30.6886067985 30.6502378967 30.703297305 31.195180702 31.1356997741 30.7726533594
0 0 31.0720771983 30.8855663185 31.1125956587 31.0283964652 31.1098570398 30.9707564643 30.9049450331 30.6758575807 31.1890284216 30.7977489694 31.0439045169 30.9445400214 31.1025798909 30.9730582809 30.947096189 30.9683232782 30.7176186154 30.7343832208 30.6973907523 30.5266517709 30.7177486881 31.0513460103 30.8035753288 31.0273571426 30.6197480524 31.1913840131 30.9367071407 31.0098162927 30.951613214 30.9715343246 30.9669079958 30.7747753221 30.5754750783 61.6285498604 51.8083303548 59.5533206032 43.1636870409 59.5533206032 30.8945953255 30.7695218111 30.8440671189 30.8957486361 30.5155994207 30.8825170237 30.7286188187 31.1897638984 31.1938692963 30.8747797032 30.7958275819 30.8086491918 30.9198012719 30.9816703045 30.9756796404 30.8655708895 30.6282910654
0 30.8170152121 30.7371308261 31.129073747 30.812841491 31.1051916532 30.5046775478 30.6926954829 30.9799722475 30.9401129791 31.1883293941 31.1395393151 31.1305430757 30.6633190052 30.7224482073 30.7957814098 30.6090227004 31.0561457235 31.0072474093 31.1194410112 31.0765879933 31.1671389014 30.5502047675 30.5443790431 31.0328204672 30.5516841817 31.0950941421 30.9708620693 30.8050639646 30.8157175538 30.9925737787 31.002120721 31.1812663567 30.8554567191 30.9248688326 47.4617934402 47.4617934402 56.3340033551 43.4550325548 53.0468818843 31.123036616 30.9475069368 30.5864942314 30.632665737 31.1918744699 30.9823895365 30.5289194192 30.803988583 31.1963302791 30.6711450389 30.6566495573 30.6787899832 31.0462417954 30.7437440193 31.140883831 30.7670573186 30.7483652267
31.0448666084 30.5144970894 30.7708596516 30.6540645831 30.7424715894 31.0564984568 31.0178926117 30.8236192728 30.7984402299 31.06604738 30.5447352496 31.1915270938 30.6439186871 30.8171705002 30.6295416953 30.9032030099 30.8376866757 30.7268958729 30.7795210096 31.1392861663 31.1746277679 30.8008467042 30.6510130423 30.8662798172 31.1786773378 30.6707440866 30.594580095 30.8933865352 30.914255859 30.6127742795 30.6512444368 30.5275174399 31.1810237972 31.1875053286 43.884459107 45.4338583161 47.4617934402 47.4617934402 54.3150976286 54.3150976286 76.7162188887 30.7782967941 30.6319741367 30.6819849182 30.6852837165 30.9870294964 31.1087816086 30.9669037633 30.6638512079 30.5002446277 30.7398344069 31.1396698965 30.846598256 31.072571061 30.9624066912 30.6259798348 30.8383241166
31.0226762959 31.1308846146 30.7181184046 30.5628294631 30.9443274893 30.5971845415 30.5066642743 31.1504487574 30.5095687407 31.1990494708 30.7449683927 31.1751594854 30.6193379093 30.7961748824 30.9077163804 31.1070590674 30.8066858525 30.7614185909 30.6267005748 30.9874340051 30.8040951466 31.0698970991 30.5231048619 30.9746504145 31.0095316941 30.5880192543 30.6100597123 30.5968488983 30.5522905999 30.8390732403 31.145710178 46.9674303984 46.9674303984 30.9306431104 64.8648046529 64.8648046529 43.884459107 30.5047350605 54.3150976286 54.3150976286 54.3150976286 30.8816781273 30.5229337668 30.7203554276 30.5111791414 30.9155931459 31.1098994793 30.5187742295 31.1582912095 30.7677863564 31.2041723733 30.6840456989 31.0608544586 30.6884197047 30.5065641614 30.6230767426 30.996080369
30.989258393 31.0054892203 30.585410167 30.816769411 30.6115005598 31.0580405341 30.5253481039 30.7668457066 30.5427181593 31.14386165 30.6318434725 30.5340434521 30.9497309584 30.5910909636 30.6236842311 30.9795596942 30.7347203769 30.9962432978 31.1410498914 31.0648648292 31.1261123326 30.9998818947 31.156035825 30.6485158988 31.0989696256 31.1206440235 30.6972391056 30.714886378 30.6765209997 30.7409659922 46.9674303984 46.9674303984 46.9674303984 70.8933617483 64.8648046529 64.8648046529 55.5705611917 30.9711653701 54.450728082 30.5373654787 30.9664872095 31.0423214183 30.9752227434 30.9032206605 30.7155998802 30.9719927154 31.0780525535 30.8523700468 30.8486082267 30.9200314397 31.0648595668 30.8239445986 30.9763578803 30.7626503147 30.6427988174 30.7257943548 30.6419444023
