Spatial_Output/BAU/BAU_1346.asc
NCOLS 155
NROWS 192
XLLCORNER 196307.867259
YLLCORNER 449144.565805
CELLSIZE 33.573938
NODATA_VALUE NaN
[rows 50 to 74 of 192, columns 0 to 55 of 155]
33.0385951734 34.2032401414 33.3777167619 33.9095882547 34.0918744846 33.3501783468 34.1082232366 33.5768881505 34.2500495487 33.3799251865 33.6857183338 33.7833855056 33.4743372681 33.9680695018 34.1220220816 34.3176557389 33.9884345458 34.0441240373 34.2951247473 34.1987972064 34.0589374403 33.2383080448 33.3403842313 33.9371730937 33.4597021092 33.6591192581 46.5341314131 33.1171158627 33.2164810692 33.6999983079 33.8122286036 33.2351610072 33.3488824343 33.7388129033 55.2892214354 33.5305342969 33.2154121082 71.1458976604 71.1458976604 34.4039791142 33.3729142133 33.4477097253 34.2291430563 33.4597737709 33.1352831182 33.8794279858 33.8445709872 33.4878867611 34.2600550158 33.482180247 33.673206774 33.5953435748 33.7703863046 33.4054784821 33.93641194 33.9969703883
33.0776217614 33.6680603011 34.2328089003 33.4890383632 33.7076121513 33.9362469933 33.996274129 33.8848863601 33.7302428031 34.1249346114 33.2465856684 33.371544307 33.7576597807 33.9862548122 33.4673704511 33.6758130892 33.7708930895 34.3067992652 33.4615141261 33.5842291334 34.2669939939 33.4851379324 33.1340251872 33.9509635082 33.4231637109 57.4570383749 33.6822087163 63.3037697223 63.3037697223 33.9274013736 33.9828017169 69.6152831021 64.9963752656 48.9923630018 33.2795777612 34.3687924413 78.3263072214 71.1458976604 71.1458976604 71.1458976604 33.1812347392 33.1701838762 34.3831534485 33.9442857317 33.9956313814 33.3477435265 33.5071361268 84.8518802178 53.4975552988 33.4297042954 34.3013124884 34.2612688772 33.8600794134 33.2371424208 33.1083382309 33.1468893352
33.5814107469 34.3127132795 34.3857458253 33.4089972837 34.2922718528 33.1110928226 33.5691718229 34.1618200671 33.1263526161 33.9108145847 33.6765890813 33.9369835973 33.924817332 33.1171199845 33.8282850993 33.3647255183 33.784693218 33.059556974 33.1999640606 33.1967115332 33.1217403434 34.0721882674 68.007137475 68.007137475 68.007137475 68.007137475 33.8071578477 63.3037697223 63.3037697223 33.178329787 56.9539581994 69.6152831021 64.9963752656 64.9963752656 52.5139323453 78.3263072214 78.3263072214 68.5935691169 68.5935691169 68.5935691169 33.9364159678 33.1865003085 34.0689914585 71.2484838355 70.8670352816 49.9995353571 33.9676598496 84.8518802178 84.8518802178 53.4975552988 34.3201309639 33.2761023901 33.0805611786 64.640085473 60.9772215329 51.1822659749
33.0789073074 33.3488057117 34.0770832544 33.3164064684 33.2394339754 33.6914625716 33.7057493379 33.388947997 33.599158363 33.4947476774 33.2921671645 33.7395662545 34.1647334032 33.6133132177 33.85053419 33.5026917874 33.7836414914 33.556395289 33.2421243984 34.3225396667 34.3536258416 33.6830375586 68.6777804227 68.007137475 68.007137475 33.3745879553 33.429070651 63.3037697223 33.6643597505 33.3569498121 56.9539581994 54.0798420827 54.0798420827 64.9963752656 52.5139323453 78.3263072214 78.3263072214 76.1771784294 76.1771784294 60.5696118731 60.5696118731 60.5696118731 58.1392063811 71.2484838355 49.9995353571 49.9995353571 49.9995353571 84.8518802178 53.4975552988 53.4975552988 33.4808967959 33.7934344388 64.640085473 64.640085473 60.9772215329 51.6282042615
33.3287613901 33.0939914649 33.5634077704 33.5043153068 33.738126353 34.4082110636 34.1304701117 33.3956984358 33.6211505667 33.8166168545 33.3078169801 33.760301644 34.1147948237 33.4448525224 34.2543990225 33.685295031 33.8803681484 33.6251562833 33.5325779832 33.0028581685 33.6949871083 34.2738548416 59.1539396418 68.6777804227 59.1539396418 33.2198691564 33.0102329876 33.1211259545 33.718910209 33.093630434 54.0798420827 54.0798420827 54.0798420827 33.049423484 33.1406579128 34.1144323876 78.3263072214 76.1771784294 76.1771784294 76.1771784294 60.5696118731 60.5696118731 58.1392063811 71.2484838355 34.0141101701 49.9995353571 34.3701081476 33.5568409699 33.4267691914 33.0884438648 33.7105413197 33.1681150267 33.0554992272 33.4046159042 33.4419109951 51.6282042615
0 33.7490791953 33.9173402886 34.1942391871 34.2847070084 34.1053857517 33.5913336037 33.3824233054 33.1988617523 34.1800058807 33.4011108154 34.3809771676 33.189483102 33.6294602861 33.2960412854 33.7828554574 33.6079550953 34.1925337403 33.4837725249 33.1228128822 33.9011439569 33.8389733201 65.2493193062 65.2493193062 65.2493193062 71.6658849583 33.8598604866 33.5010994962 33.9042591377 33.4161707538 34.1000345054 79.4837772101 79.4837772101 79.4837772101 33.220034509 34.2742042077 33.513545401 33.5162756379 34.0170476977 34.0263350951 64.2839107609 64.2839107609 58.1392063811 33.827311966 33.312524363 33.5617347527 33.9623578924 34.181120574 34.1817665831 34.0508155695 34.076053606 34.0393935294 33.8579065399 34.0637889525 34.3160569289 33.1107136773
0 0 33.8371784664 33.0331436615 34.0799745502 33.7524227167 34.3082798074 33.8006106279 34.4052095353 33.0024416871 34.3396874429 34.3682932904 33.5144909382 34.4011625742 33.8600535009 33.9037107612 33.312230111 33.3232922879 33.8246240496 33.7613316117 33.299622107 34.2121725271 72.0843816081 72.0843816081 65.2493193062 77.5734374319 34.2957633646 33.2130170261 33.2442179681 34.4117230304 34.129030096 79.4837772101 79.4837772101 58.0531977527 33.159444466 33.084896102 33.5399926821 34.1743992979 33.9072334249 33.0463431284 64.1300065425 64.1300065425 33.2307629941 34.2276062595 33.1651577164 33.0430243617 34.1275000159 33.5815615342 33.2706093181 34.0487907586 34.1457488604 33.6579421261 33.9224424771 34.10073461 33.0922436305 33.3936114903
0 0 0 34.0412274544 33.1259473326 33.1072855 33.6334006239 33.4254450478 33.6278953394 33.8871178607 33.2922072652 33.0799028022 34.1897814545 33.6082849069 33.4115258052 33.5151993127 34.3969701305 33.7453208083 34.1372509928 33.7217990211 33.9117025519 33.6799080944 33.1120938555 77.5734374319 77.5734374319 33.461179988 74.6631121199 33.8015224847 34.2189837254 33.126204715 34.3742600158 34.2244379068 42.3723441794 33.4706442497 33.5520102659 33.4965165037 33.6816534688 34.05761484 34.2401463789 64.1300065425 64.1300065425 64.1300065425 64.1300065425 33.7497988706 33.9053720906 34.3466631097 34.315798107 33.3799329657 33.4051843795 33.844528911 33.7438293066 33.1563172896 33.6757916543 33.8488896039 33.4802534882 34.0011346303
0 0 0 0 33.3789382075 34.1013296788 34.1750181484 33.758664073 33.1099102144 34.1836704583 33.6950619173 33.7303574367 33.3837943242 34.3218029313 33.9327294938 33.9496797525 33.371381973 34.2621689476 33.0355452588 33.8251412946 33.6961657861 33.6044137274 33.7773394057 33.083914183 74.6631121199 34.1371154731 59.9869860245 33.7862913685 34.0293315412 34.1896648333 34.2183594681 33.5153367223 44.615985415 44.615985415 33.4084936534 34.1650873205 34.0015760412 54.258812838 51.5946834735 33.6657556802 48.2084129765 33.5593409712 66.2781346471 34.1432064757 33.7699946553 34.3558863988 33.7949287825 33.0468550562 33.2060016949 33.530370006 33.9347685907 34.0203276319 34.1712056115 34.2214203536 33.9197258117 34.2066438359
0 0 0 0 33.8513226076 34.2823384016 33.0689408297 34.206558956 33.4780363618 33.6249295623 33.2602448165 34.0885885813 33.9101057355 33.570763241 33.063300993 33.5658742847 34.3031010467 33.2067752943 33.7581967434 33.3219766095 33.9789262211 33.0417667099 34.2755722179 33.9343568129 34.2846438746 58.9207329371 62.6850354973 62.6850354973 62.6850354973 33.3008746797 33.6316868502 34.2618267434 71.4291963087 67.1902111483 55.1887021441 61.4593375804 61.4593375804 54.258812838 54.258812838 51.5946834735 53.3975704697 68.2515848698 34.4112386373 34.1382171573 34.1158599341 34.2250487194 33.8291384232 33.8293108316 33.6443912356 33.913524942 33.5716716963 33.9431884013 33.0877165511 33.3843170091 33.6205332382 33.6215570121
0 0 0 0 0 33.913165679 34.1125080196 34.0988774274 33.7073136302 34.3763190097 33.5122576212 34.0228391345 33.8590072737 33.0799480914 34.1261282711 34.0951187158 33.6231038235 34.0214256711 33.2097401073 34.3116789114 33.9501524622 33.7946057301 33.634463816 34.1731071149 33.7904329346 58.9207329371 58.9207329371 62.6850354973 62.6850354973 57.6768938377 57.6768938377 34.052540666 67.1902111483 54.7668476362 71.4291963087 61.4593375804 61.4593375804 54.258812838 54.258812838 51.5946834735 56.3861518132 74.2561835659 34.0431557287 33.5223081751 33.758004965 33.1232585821 33.3426483783 33.4077457201 33.7448752491 33.5333631477 33.9763914141 33.3991678537 33.6881771613 33.102016306 33.3150099993 34.2211204457
0 0 0 0 0 33.3658646953 33.2562917437 33.3745087787 33.418621988 33.3053326702 33.1836084516 33.4088568382 33.2412780295 33.8089529276 34.0827305422 33.3293993138 33.361730894 33.8127665956 33.9455445991 33.5650059895 33.4698966543 33.6361290108 34.0891887205 34.1081966817 34.1619833127 33.8161600808 33.0276416629 62.6850354973 62.8068885262 57.6768938377 57.6768938377 57.9103886533 54.7668476362 54.7668476362 54.7668476362 33.2948923728 34.0933382202 54.0831910782 33.8857828045 33.1356651034 33.222366244 76.5682075932 33.3510205488 34.1067269565 33.792815041 34.167966925 33.599450137 34.1329102883 33.2168262452 34.3620501726 33.9268722903 33.286135659 33.5270183438 33.2778127244 34.1177945494 33.5194061364
0 0 0 0 0 33.5875639063 33.3191358109 33.0117140582 33.5057842543 34.2927313004 34.1722259587 34.1386611052 33.0908064943 33.9633933582 33.2203810123 33.9380490683 33.9059479712 33.8869724073 34.0209137137 33.9481756774 33.276306675 34.2898999513 33.5038287979 33.566183751 33.5976897848 33.7142277982 69.2138019555 69.2138019555 69.2138019555 57.6768938377 33.2404019605 34.1323273106 54.7668476362 54.7668476362 33.0253120652 81.4160294815 33.708517725 33.843863812 33.1817882351 34.2275726313 33.6110181853 33.9501106945 33.9516933999 33.4296670096 34.0230179713 34.2535386244 33.177308799 33.6698517232 33.9174179504 33.7085043308 34.3378397961 34.0383860451 34.3883143434 33.865207246 33.6203700075 33.0173878424
0 0 0 0 0 0 34.243376964 33.2682601739 33.0424461806 33.4748731163 33.1928212037 33.2098531287 33.119766271 33.083910127 34.0905817585 33.0076706632 33.0255817427 33.2075307031 33.388358435 33.6659735002 34.0872473059 33.9553858592 33.8438458908 33.4970079973 34.3896729992 33.9370364763 69.2138019555 69.2138019555 70.023681289 34.2180173145 34.3570123587 34.3468349884 33.3922591955 33.1271545769 33.8751876275 33.7690478876 33.4409086083 33.8390329762 33.7454538083 33.8360216754 56.118464051 33.1428849929 33.7024087052 33.3156072632 34.1115601762 33.1567088445 33.4553176977 33.1186571286 33.4187115066 33.4240407796 34.1813038845 33.3801254259 33.097723522 34.4089298151 33.5502806457 33.5139012933
0 50.6543402332 61.609138521 63.162841419 90.4520669693 90.1341036086 90.1341036086 34.0861581699 34.355276186 33.231440072 34.2371348692 33.021752295 33.1055511733 34.2436581558 33.5117719697 33.6038373355 33.6489936658 33.1681180381 34.4101602471 33.2358759284 33.2644169335 33.9303102686 34.0756080604 34.3559180068 34.3458107068 34.2147833677 53.748247109 47.5661089974 47.5661089974 33.3952737807 33.1630123207 34.3647235018 33.550767151 33.0100588605 34.0448530834 34.1485870569 33.5641100804 34.2872026699 33.5366379905 34.3968834628 56.3223368639 56.3223368639 34.0939985258 34.3741728257 33.5658245711 33.0270264845 34.002698394 34.2831188022 33.3589919836 33.6315997774 33.9754435718 33.1246085119 34.3036835271 33.8794899185 34.0576016817 34.4080275763
0 61.609138521 63.162841419 63.162841419 90.1341036086 39.6021893422 39.6021893422 39.6021893422 34.0506424736 33.5385558365 33.0655584105 33.7745501754 33.3081309856 34.2183516649 34.2276410834 33.524003745 33.6262204971 33.4206874457 33.8077605258 33.0209696763 33.0652502527 33.7394533109 34.3052741134 33.4172580261 33.7919098326 33.9430707525 47.5661089974 47.5661089974 47.5661089974 33.4513174277 33.6655550342 33.5833726856 33.9460198627 60.3184319449 60.3184319449 60.3184319449 33.1594888662 33.1305254738 33.7146866276 56.3223368639 56.3223368639 56.3223368639 56.3223368639 33.0845824007 33.3667115529 34.2010934707 33.3684515027 33.0957749872 33.5652241264 33.5755020427 33.2130817306 33.4601429153 33.7837888326 33.7259438454 34.1840095705 67.6432808325
0 60.2311324439 61.609138521 63.162841419 90.4520669693 90.1341036086 37.2237118138 73.0243302465 50.3208128222 66.4479397036 34.2287054422 34.4106780934 33.6954353495 34.2298703071 34.3298301862 33.4190779852 34.2227918623 33.4921719429 33.7968111144 33.2275679361 33.9167074605 33.4956651834 33.0355438596 33.7979310515 33.124079637 34.3633379249 64.5025041326 47.5661089974 64.5025041326 56.3025138344 86.3580442413 86.3580442413 65.1641820602 60.3184319449 60.3184319449 68.0179273514 55.248454315 33.1654536027 33.7071593063 78.3341363151 34.0339956377 78.9542213543 33.8367854073 33.5706737143 33.5791260751 33.1795884615 33.4053978809 34.2459703163 33.0526650772 34.1404155204 33.5646611944 33.9792004338 33.5476463669 33.6072328646 33.9531708158 33.622675666
0 44.6366547488 36.9367990362 44.340384395 57.7951937338 58.0394075036 37.1446919533 37.1446919533 44.4517346221 36.9457198494 36.9457198494 33.6620851138 33.6605884526 33.9355745178 33.4789565107 33.2846032809 34.2228066415 33.2389247652 33.4908623569 33.212310242 34.1393761113 34.16932927 33.2307212721 34.0871474042 33.4710374372 34.3829816728 60.1061021795 56.5973975884 56.5973975884 56.5973975884 86.3580442413 65.1641820602 65.1641820602 65.1641820602 42.6874762956 42.6874762956 55.248454315 55.248454315 78.3341363151 51.9130465486 78.9542213543 78.9542213543 78.9542213543 34.3952139063 33.6868424118 33.9249237539 33.9264776591 33.6094735109 34.1296717212 34.340731138 33.0835255767 34.2947304627 33.2279590089 34.2361695627 33.835467267 56.9408476953
44.6366547488 36.9367990362 36.9367990362 36.9367990362 44.5396099231 44.5271517968 37.1446919533 37.1446919533 44.4517346221 33.4422629701 33.5605774814 34.1689426223 33.4625984461 33.9345924335 33.1482118542 33.7051839834 34.1564550749 33.0362224421 33.9420610113 34.0343013515 33.6116928639 33.5376512687 34.1690494874 33.669155007 33.1466052331 34.0570087326 33.6818156782 56.5973975884 56.5973975884 56.2648342454 49.4750386955 86.3580442413 65.1641820602 42.6874762956 42.6874762956 42.6874762956 55.248454315 34.1594548758 78.3341363151 78.3341363151 54.4022562234 54.4022562234 54.4022562234 33.0597354511 34.2539644486 33.6331870573 33.0360034019 33.5319815145 34.3645805271 34.3624218046 33.2199321465 33.2699174965 33.465879429 34.0847968889 33.4555050814 69.2687063186
0 44.6366547488 36.9367990362 44.340384395 50.1122392243 57.7951937338 44.5271517968 37.1446919533 44.4517346221 33.6656339493 34.4089517052 33.358027186 33.0109584963 33.2725001313 33.9946956031 33.0200698487 33.4292050315 33.6639384638 33.5390704981 33.9931132115 34.3884253291 33.7544082497 33.8257630532 34.381533324 34.2436696031 33.7336401424 34.3022701702 56.2648342454 56.2648342454 34.2997594005 33.9453781893 33.1151946209 33.0810461833 57.5169191339 57.5169191339 57.5169191339 33.3552280185 33.0339616527 33.1725722663 33.2490928941 33.6496701791 54.4022562234 54.610340991 34.3242045755 33.4996198423 34.3171342245 33.995925583 33.0978682621 33.9904568073 33.6588856808 34.1553707094 33.9169696341 34.2156177654 33.8681630924 34.3821450072 34.3151481875
0 0 0 0 0 0 0 0 0 33.736702904 33.1172517337 33.1885738618 33.3221410736 33.6216048341 34.2756842142 33.6115116483 34.1317188551 33.030536192 34.300295519 33.7114059503 34.3150152503 33.7185708515 33.5976207908 33.2729713101 34.0827223503 34.379198364 33.2441752441 33.1605873513 47.8164172609 47.8164172609 47.8164172609 34.1509483313 34.4104003974 33.8243229172 47.8769960068 47.8769960068 48.1958269951 33.8733750209 33.1910117101 33.8445480374 67.1771728733 62.2796071043 62.2796071043 34.2230632828 33.6030644614 33.0238025757 34.0762407415 34.0397966973 34.031379969 33.1617940364 33.0901776937 34.0639932826 33.8865548059 33.9492992257 33.1864820405 33.2169037954
0 0 0 0 0 0 0 0 0 34.1741629063 34.2271776631 33.8445830037 33.5196768032 34.3169634673 33.4435699551 34.1018494112 33.5181738103 33.2742985267 34.3027867054 33.0588072219 33.6793699175 34.21841105 33.0893325947 34.1059723491 33.8409152516 34.3988240347 33.1109381142 33.2121208867 60.7248207793 47.8164172609 60.7248207793 33.9019440498 33.923502376 33.9837187374 48.1958269951 44.3760930624 44.3760930624 47.8894536756 33.1097935658 34.0062004377 62.2796071043 53.8906585584 53.8906585584 33.8983745509 34.2225886856 34.0014832727 33.2710414459 33.9634016933 34.4122579092 33.7372975617 33.2385216377 33.9937489646 34.3206131934 33.9060774795 33.0136542582 34.0923001148
0 0 0 0 0 0 0 0 0 33.8015239535 33.347526954 34.0842589478 34.1580466401 33.1286240856 33.0725564707 33.0729266206 34.3527294366 33.208196817 33.7117337347 33.5622137575 33.2432651651 33.3146680342 33.2517123315 33.5901358293 33.371982873 33.2403106557 33.1528931462 33.9886971467 59.752807127 51.2795653362 51.2795653362 60.5631189411 33.3677269152 33.8218013755 44.3760930624 33.6655348774 44.3760930624 33.5727679564 33.8262127329 33.0041718112 53.8906585584 53.8906585584 53.8906585584 33.5574610322 33.8370241443 33.3388372823 33.9563086375 33.1623219353 33.0892897358 34.1721517125 33.6126978886 34.1904598826 33.9498772139 33.2474099319 33.6949524398 66.9508597579
0 0 0 0 0 0 0 0 0 33.2332465388 34.1272555533 34.4063362739 33.7641663819 34.3792969218 34.0991001228 33.1104554005 34.0160642166 33.5628271946 33.4032676133 33.3133709822 33.7493169346 33.5837378017 34.2693160378 33.36957423 34.0803047949 34.0679952035 34.3700488544 34.3960526117 75.0812910673 75.0812910673 51.2795653362 33.7539502434 34.0598972189 33.0303695025 33.4194827368 34.2999601618 78.6787237054 78.6787237054 34.0128009315 33.6539951973 51.8819842391 54.1565652384 54.1565652384 33.5033843028 33.3963110223 34.2748390153 33.8694188767 33.2972369099 34.2237010033 33.3408814086 33.9296443856 33.8341559398 33.5243563013 33.1610134824 54.0881919114 54.0881919114
0 69.2314019752 45.4291857032 43.2357644943 58.3068292644 43.3590544435 68.3628347603 0 0 0 34.2740172939 34.0224049011 33.0465803352 34.0451455568 34.101427593 33.2169068754 34.112809263 33.8519620784 33.0289075031 33.501679565 33.5584306929 33.2007897887 34.1822698845 33.3888121729 33.3887397858 33.7237164135 34.118259825 34.3091230892 75.0812910673 75.0812910673 75.0812910673 33.5492815879 34.1988939755 33.6669840585 33.3235120097 62.2792082899 55.7372322698 55.7372322698 33.7190166152 33.0691287291 34.1189050241 54.1565652384 54.1565652384 33.5315260736 33.5175111564 33.9798730476 33.5518805169 33.785540633 34.3167764906 34.3135744471 33.7221604644 34.0073472253 33.7961224959 33.4790189552 34.1821878262 33.5041977181
