Spatial_Output/BAU/BAU_0689.asc
NCOLS 155
NROWS 192
XLLCORNER 196307.867259
YLLCORNER 449144.565805
CELLSIZE 33.573938
NODATA_VALUE NaN
[rows 125 to 149 of 192, columns 57 to 113 of 155]
66.989148955 26.097600897 54.7775131423 54.7775131423 71.7369403094 27.1047923039 25.4408547258 28.6776211806 25.6898981595 25.7062837228 27.652065115 28.6936505137 27.1502186269 26.7896172491 26.5537796842 29.2113769683 28.6196152613 28.247695566 27.0695436696 25.3158871369 28.587995709 27.3778307955 27.7664742975 58.0210451946 25.2634750098 64.1477367704 26.1035263042 25.6329137282 28.8493858127 27.778204897 26.7246171233 28.1382011184 26.1263867415 25.5675262873 26.4350347358 27.2548745099 26.5850301258 25.4120050076 27.172204646 26.8940692348 58.3967687678 50.6139153118 50.6139153118 48.6707522187 72.3144223671 72.3144223671 49.9745401999 63.9867230924 51.2603199527 61.3090522554 48.9867308629 26.3843914026 27.1696973724 28.080296255 28.3470681254 27.1782892506 26.7391904139
66.989148955 66.989148955 54.7775131423 54.7775131423 28.7122377973 27.3689431158 26.1176825051 25.4205665877 25.4758447867 25.7660092863 27.5959295264 27.0986210954 27.6046232345 25.6061886625 29.0251824458 25.3068657272 28.5832312673 26.700992844 25.0892788815 25.3637980345 28.5851616701 25.451912398 26.263915079 26.3970678412 27.5786993674 63.7881972424 37.6547303233 50.0993297226 26.2374162589 26.4568021668 25.621505311 26.7522591692 28.1011497209 28.7730445483 26.9768648499 42.5657365609 27.7010044298 27.3891276209 26.8214877587 28.3270109719 58.3967687678 58.3967687678 50.6139153118 50.6139153118 48.6707522187 72.3144223671 26.8093881746 63.9867230924 61.3090522554 61.3090522554 27.3331520727 26.6872569159 26.1178065155 28.220122945 28.1487549896 26.0694177467 27.9410940749
26.7472102962 66.989148955 27.7876983475 54.7775131423 26.3367017045 26.7393442341 28.4062191532 25.3095061211 29.2421130649 27.2447745114 26.7944862123 25.7531496163 28.9769475977 69.2649429717 25.650105104 47.7843757217 52.2291274359 47.1370562818 57.2410649525 57.2410649525 64.4472341901 27.2524568724 55.74572847 55.74572847 63.7881972424 63.7881972424 63.7881972424 50.0993297226 61.4806790106 44.4593865427 45.9813886429 45.9813886429 27.038048732 27.9133717211 27.7275898746 29.012332995 28.178766764 26.4194430241 26.6550147236 25.6770466069 58.3967687678 58.3967687678 50.6139153118 25.4813647783 29.0373069117 27.0732495008 28.4199700059 27.2629023074 29.2099424048 61.3090522554 28.989723106 25.2580734862 27.1151226084 25.6987399544 27.006947279 28.4152991553 27.9792133677
25.9382408806 27.5246345719 28.535184755 27.5666344782 26.4329451733 25.7756426303 49.0197310558 47.930863554 26.8868451638 45.5977336555 25.4637002417 46.0345590487 46.0345590487 69.2649429717 28.0209220428 52.2291274359 52.2291274359 57.2410649525 57.2410649525 57.2410649525 64.4472341901 25.8288849087 55.74572847 55.74572847 63.7881972424 63.7881972424 50.0993297226 50.0993297226 61.4806790106 27.0626982261 45.9813886429 45.9813886429 27.1728929624 26.8739265035 27.5680401125 27.9659915326 26.3337345287 26.9933601774 25.0184222203 28.5307948575 26.4985180901 28.3825261929 27.2556263145 25.480947196 25.3774623786 29.2150277293 26.8905507728 28.795211927 27.7053579149 25.6328384988 25.4850169539 26.7702218471 27.8052322561 27.9051251013 28.862460889 27.8477987223 26.03460785
26.9598192834 26.9809287163 25.035585506 26.5997783635 25.2371472295 28.1972120224 49.0197310558 49.0197310558 47.930863554 45.5977336555 46.0345590487 46.0345590487 46.0345590487 69.2649429717 27.538893729 63.8758151675 52.2291274359 45.8041132887 43.7366822847 57.2410649525 64.4472341901 26.6566032236 28.096007262 43.1835970281 43.1835970281 43.1835970281 26.5885046843 62.5037588727 61.4806790106 28.6541301833 25.719342305 45.9813886429 27.8749519767 28.6053185611 28.8815965829 29.1155827766 25.2465298653 28.7659561687 27.5680528222 26.3276597674 26.485218379 28.141584019 29.1482265292 25.5271947462 28.9086728081 27.7833956591 26.6695526775 25.674369281 26.6561666015 26.6982768738 28.2641382641 26.8000306643 26.3641308386 28.6342561108 28.4735850217 25.6584238277 27.4822714933
27.7477930377 26.9365233425 26.2513197613 25.0385409184 47.5145889409 27.5252717532 49.0197310558 49.0197310558 28.6992221334 45.5977336555 27.0591019465 28.3111336543 25.6185450089 27.5594423126 27.3635915181 28.3544463778 25.1756746008 28.6283267998 28.0411099752 27.5092050388 26.6772657437 25.0017506755 27.1848780399 43.1835970281 43.1835970281 43.1835970281 26.7322483061 27.5894122295 28.0549629605 27.1111742926 27.4563888164 25.0409384271 28.5251691056 25.5749258626 27.8477491014 27.4688806417 28.0472587611 27.7807678514 26.9998198641 27.9124014478 26.612421491 27.2218938831 25.8896298108 28.0812521911 25.6639638187 27.9616284454 25.79247553 27.1154629684 26.0060095657 25.2158651616 25.8182981558 28.5876543928 26.7751415392 25.8818078066 25.410195579 28.9665189162 26.7781304002
27.3020577333 64.7451060745 27.4225701108 53.9420669996 27.3909719624 26.2262795952 53.4752589217 53.4752589217 25.0957554808 27.5557667179 27.5056035975 28.2763898551 25.7746845138 25.4014131032 27.2079199752 27.4059172437 26.8783849533 25.7708012127 27.6067857692 26.377629297 27.9462167045 27.5507271151 26.1400139583 26.6791736616 56.3459272791 27.8563263395 49.7071389795 49.7071389795 47.9064942603 53.4353983821 25.6419874357 25.6304814271 27.4715628355 25.8471827344 26.5234722778 26.9380326818 27.3866156929 26.970916158 26.6996666978 26.0811425451 25.2737183554 26.7142802548 25.5127688976 28.0303151433 25.6699042873 26.647985489 27.7378460461 26.165609978 26.6803526423 27.1970394416 27.7658091134 26.5215177917 28.492002865 27.0923979311 27.5617273655 25.3428395406 26.7573464015
27.1807239128 64.7451060745 64.7451060745 26.7174425837 53.9420669996 53.4752589217 53.4752589217 53.4752589217 26.2464757383 28.6500617926 26.5661817101 28.5105782474 27.5684420318 26.7934468109 25.2491176796 25.7820127252 25.0040370321 26.7704776003 26.375734817 27.6645935101 26.2084480238 26.4852804472 25.485431893 27.5471732746 56.3459272791 55.6927531322 49.7071389795 49.7071389795 53.4353983821 53.4353983821 25.5563797261 27.6799509632 25.2800012401 28.001427413 28.3859615292 27.4379120674 26.0796695586 29.1021209507 28.1507570242 25.1990644262 29.2400172813 25.0555068154 28.0625124367 26.9473429544 27.1264160481 27.8332426618 26.3203153144 27.9863847398 27.6077276332 27.5228012182 27.0536409584 28.3556901239 25.7245205051 29.0252931096 25.2256914879 26.9096516016 27.7077299497
25.3407458671 64.7451060745 64.7451060745 25.8556409193 28.2348731601 47.0322288326 53.4752589217 47.0322288326 27.2812500869 26.6962693273 25.0367384357 28.8787295736 27.8178918548 27.1600709868 28.4913202499 26.535085749 29.1735118562 28.328527083 28.9383131752 28.0718253043 27.2320641414 28.2419106331 28.0685520362 27.2084419451 27.9668763266 26.4927584812 25.0731818511 27.2034150653 53.4353983821 53.4353983821 26.8852307878 29.167485648 28.1954086079 26.1575015124 28.8957733689 25.4251804029 28.4629049329 25.7532276305 28.0030469004 26.0509519898 26.6753036945 28.2461551259 25.6896443683 26.2157030041 26.4114098243 28.944790864 25.8359497348 25.6837563985 25.3174106999 28.3584244479 29.0243503613 25.1472733761 28.9368926028 27.5763559087 26.0913999957 26.1513836582 28.0408645316
29.0615926206 29.2002370228 27.483625805 27.8458470695 26.2362709986 29.1309911795 54.6081242189 54.6081242189 54.6081242189 26.6095416018 26.1383448204 25.962850148 28.0289605837 25.41514953 27.681552528 26.6958550694 28.940057101 28.907745024 26.9038252858 28.1957200647 28.9362706653 25.8217634415 26.4603372909 27.6838459376 27.4828598844 27.4067998162 25.858624354 27.8529395178 26.7061104974 26.1808054813 25.9515383146 41.6622905975 41.6622905975 41.6622905975 27.7131089816 27.7737622603 26.6024999539 27.5978030505 29.0308460526 26.8881658893 27.5047357436 27.523203411 28.2303916911 27.2496065357 26.1356247061 27.1117062765 27.4150152511 27.1960739313 26.8898155239 29.20105939 25.9739856154 26.3700353124 28.9816484384 28.6013121288 26.6942026197 26.4559407041 25.1576731397
26.1493079995 28.7735909478 25.2950378892 28.8281700062 28.5128699517 29.1523009256 54.6081242189 51.907303943 78.275189237 25.7477621555 25.0277350221 28.5642328913 27.9547638979 27.5599600011 28.7437366918 28.4339286355 27.6781365562 28.1635470096 28.9251759889 29.2379423582 29.1943102305 29.161281556 27.1529329133 29.0200189548 25.8529622821 25.5031604721 25.4023598682 25.5837767398 26.9398477317 27.6093637767 28.4549411541 41.6622905975 41.6622905975 27.0667496149 27.6325581136 27.5899108167 26.7519685007 27.5027841423 25.8959074673 27.9387951605 26.1082170909 28.640996444 29.0036360369 25.9327695664 27.9284779803 29.0364321021 28.6035099716 29.0632013807 28.3192965648 25.9198727118 25.0296283332 28.3099256547 26.859348672 27.3051391848 28.9591216338 28.5603098854 28.8877208359
26.6270428379 28.3951263441 27.185902421 25.5058943066 27.2184893123 25.3738045574 26.7849412691 50.3596200524 55.2131124289 55.2131124289 27.3176887356 28.6749288658 27.1509824948 27.4854111572 28.4942083969 27.0625619896 28.8047812073 27.0124475361 28.1597772749 28.291439163 25.4651161976 27.3161518863 29.0882485194 26.8251205737 28.1010636807 26.1237148787 28.9846738777 26.6221630912 26.6493110001 29.1623053897 27.8732829346 67.9390192813 67.9390192813 27.9221526763 27.5712741916 25.0697180813 28.3917291036 25.521260251 26.3189506322 28.9804207768 26.5485617454 27.9000906986 25.8673852693 25.1685583219 28.2169190226 26.7383133345 25.9223595342 25.5573884303 26.7698213837 26.3833931572 28.3088058371 29.2399988366 28.2780641268 25.0081293091 25.2404723026 26.1821152904 27.6857132826
26.3225973742 28.3289782127 25.717999005 29.096641276 25.8734080745 27.0110192497 55.2131124289 55.2131124289 55.2131124289 27.422253858 26.8153784352 26.6708479506 25.059813047 26.6407262891 25.5132584981 25.3784771073 27.7091132052 27.7698046498 28.2810695454 28.132667081 27.4190413216 26.2994832511 25.6677399519 25.8844644076 28.1031050177 25.3579239629 28.08436937 26.0561622331 28.5011801598 27.4665316095 28.1998102786 26.8050972691 67.9390192813 28.1296764899 28.5099014433 28.2963647949 25.5832871092 27.975155584 25.1540199936 25.5107374604 25.6457711315 25.9684342665 26.0162029808 26.5098210643 27.839377094 28.4007441978 25.5259190716 25.5065040376 25.3593421634 25.381708339 28.2859000356 25.0330162853 26.140283388 25.0191066099 26.6967907064 26.5038667675 25.1316903351
25.5071873935 27.9499053545 25.3358918354 25.5299184485 28.8289173141 25.4255673217 26.4822723645 27.9964754825 55.2131124289 56.7626607615 26.086421273 25.5704106545 28.3142049867 25.4316747032 26.2716133665 26.1769311664 25.5649720105 25.3140313452 26.945926084 25.8180511549 27.535968653 28.0136524316 26.2123072003 27.4960021652 28.4426330522 27.1467537748 27.4526855055 26.2269737104 28.1981358505 28.937946792 26.6154369274 26.053453926 27.3318949471 28.321144435 26.5374612552 27.8803680144 25.9176441196 26.9030750604 26.8040392051 29.0122489658 29.0341591602 28.7843739627 25.0671122783 27.3643054958 25.2873600405 27.217729808 25.686997336 28.5118272841 27.3799921534 27.2637551863 25.5007081372 25.668922141 25.1767007982 28.0704834342 28.8960678039 26.9662976811 26.6903690947
25.5547796605 27.777558498 25.8273497923 28.7944103236 26.8146136888 26.4589152686 26.2786568663 56.7626607615 39.643269313 56.7626607615 67.4930491806 26.1087946191 27.0625410133 25.7755056516 25.2216127617 27.3180027486 27.7050202315 25.1146632537 27.1681796745 25.5393492426 28.7965052737 27.8624670488 25.1222410281 25.603803633 25.5726168365 26.1619714897 28.8708117903 27.5641868741 25.9554987906 26.2507735604 27.5058969119 55.7826763021 25.6244838226 29.076570129 25.2074273101 27.9638705017 27.4275685904 27.9288306646 26.2056301386 26.2137498763 27.508374297 29.1643130421 26.1757308507 28.8662060268 25.9755922245 26.6876033117 25.4908567986 28.5874114209 25.3790551835 29.2393442824 26.3144077175 27.5382683256 28.0207951196 27.736428524 27.7913084482 28.3313799078 25.7806263512
25.8661857388 26.8093513657 28.0395541176 28.5443638633 28.5572460972 26.4536102669 27.1219233884 27.4946907228 39.643269313 39.643269313 26.399448253 27.939667642 27.6992255707 26.8165314501 27.51763212 26.0867258328 27.5581198979 27.6274911058 28.7078762575 27.5443959772 27.7794880059 26.7530750722 25.503050879 27.614284516 28.2999609762 28.9584000771 27.940704966 27.0864908216 25.5784910654 27.2128341694 29.010699445 28.2423543344 28.5521399354 48.9899541518 27.8686938737 28.7842682595 26.8433785797 26.1341059826 28.8214220151 28.7809153063 25.399079111 27.8228001561 28.6214126992 27.7012748881 28.3800541571 26.6056666399 26.6611319206 26.550876397 26.5859045775 28.5302420944 25.4492880999 28.7366715095 29.1761031577 26.8322931552 26.5945774409 28.0775141509 27.0639816018
27.635544222 28.5782354349 26.4740993925 27.6121459653 28.1650256063 25.6735079584 26.1580690106 26.5162680155 39.643269313 51.5750714892 51.5750714892 26.948205547 25.6509518636 25.9753427172 25.2514620841 28.1684037507 28.3639710645 28.1977982529 28.9258051472 26.2646216257 27.5182510214 26.8562056381 27.2112389966 29.0729458739 27.8441544139 26.3283911111 28.6947521266 25.1656038332 26.4896705433 28.412600412 25.3266903444 48.9899541518 48.9899541518 48.9899541518 28.2853162365 27.9955645079 28.1017196187 25.9934562655 26.1240502529 27.4920930237 27.3445516017 27.2452723683 26.4828539687 28.1456818636 26.2075249006 25.141341441 26.9524004547 28.9813799516 25.3636507981 27.4546913008 26.7215225071 28.2634927288 26.3931963965 28.9031922202 25.1795675623 25.1471436175 29.0980177608
25.6623701045 25.7685934279 27.8744389614 26.8329989589 29.1313509837 27.6313091884 27.5633820078 26.0240447265 51.5750714892 38.3648827653 29.1004627631 26.9625451073 29.2395489302 27.7205041275 28.5861547688 26.979536846 28.9264482312 25.9703793766 27.3129064047 27.2696872139 25.8150169232 26.9010384439 26.761572589 26.7975937685 27.8740285077 25.1492030356 27.1318758882 27.8238086907 25.6569628477 25.51510452 28.5547749189 27.5735938869 25.2482031483 48.9899541518 55.6038027836 28.8509356533 29.1168167032 28.3447452296 27.1227865945 28.7586795583 28.5465237741 25.9433059396 27.1421293395 27.844798184 27.1265970389 26.2481200301 29.1983998722 28.4537930579 27.453546545 28.8726303407 27.983565398 27.4949217922 25.3516094282 27.4189707518 26.198180715 26.9499664392 28.8356893964
27.2182734837 28.1453892799 26.4580381361 27.2132704886 26.3243557445 28.5082983692 27.3621414979 84.432168475 84.432168475 84.432168475 27.7615984153 27.2369139773 26.3262968041 26.7023063457 27.8814658785 28.8782341068 26.1322508445 27.5653472764 25.525329574 28.8662445579 26.3168678991 29.2258581814 28.8814678956 25.4716389689 27.5778881152 27.2903810053 28.0718975399 28.1686507905 28.4954768089 26.8001762816 27.4242961829 26.6342563424 55.6038027836 55.6038027836 55.6038027836 29.1723998824 25.6100975659 26.9407219296 25.6382822037 28.9987621245 26.4993591669 28.5653562396 25.8099846602 28.4489843045 26.6610582247 25.0543114625 25.3959115832 25.7706070103 25.2044774594 25.7362329994 27.7359186067 28.9882763412 25.0088132494 25.5678953518 26.5432009162 26.433622308 28.4756024197
26.4270676324 26.8164405704 28.3233467189 25.1304914852 28.7333410057 27.5537711052 25.302624177 59.7559754155 84.432168475 59.7559754155 26.6592354285 27.0637440191 25.5079289953 28.1775680166 25.6643989805 27.1095750807 28.2473415454 25.9147581826 26.3805188325 26.6897923871 27.9525731872 26.354313427 29.242500507 27.6876719838 28.2306392847 29.1496675218 26.3213512736 26.5300015347 29.0689427689 25.3050632397 28.3316798296 25.4889144984 58.4866846503 55.6038027836 75.3027512294 25.3833035595 28.1258509375 28.3976500714 26.4214047679 27.8971040941 28.7975267776 28.137153608 28.8054100881 26.4324913778 27.985405978 27.645684033 26.9959971826 27.6619345546 26.4273397287 25.6105582866 27.4414032093 28.4991491222 26.2823028672 28.3918522051 28.2832219393 26.4797078174 25.5367660456
28.8563231044 26.0349713569 27.808250363 28.3462100806 28.2899320268 25.5193551756 28.6796794723 58.9143969634 64.3802185331 64.3802185331 27.0333514235 27.2579565065 27.3381143134 28.7870888214 25.0859957523 27.994756881 26.1942498425 25.1242993826 28.8129240702 28.8633336941 25.9908374794 27.589373421 26.486797098 26.0346032448 28.2972954923 28.295180644 26.7679014834 27.3506804311 29.2211111145 26.0877955807 25.0777874009 28.3412462515 26.136894537 75.3027512294 75.3027512294 75.3027512294 27.1564334368 27.647344851 26.3250538526 28.3747547559 28.7402216341 27.4773046156 26.8467147333 26.6216690664 29.1362913484 28.9086059341 27.9612365135 27.6354291172 25.7363426863 28.6086641703 25.2751273393 28.3767310493 25.3889147892 26.5601808272 25.4182467217 26.3937407789 29.0433021619
25.980710477 25.3390713372 26.815542932 25.4117675646 28.8327050943 28.0044432674 26.0368528074 64.3802185331 64.3802185331 64.3802185331 25.8079646305 26.6324941309 26.5645748998 27.5918783296 27.8644938513 27.7914206365 27.9685504043 27.0041460584 26.0230644802 28.8520187476 26.953854425 27.9667301633 27.3425669834 26.5763674689 25.9473269815 27.9043199754 25.7094883654 28.1395322257 27.7239491522 25.4670214194 28.9755775623 29.2415691061 26.8483557621 27.4228192932 28.3103814122 26.2755343696 29.1095919913 29.1567239265 27.9899548389 27.1936203483 26.9649405667 28.2293254646 26.3962110631 25.8299349387 27.8808795305 27.5925898492 28.5542708617 25.9227881844 26.3732106944 28.2859971164 25.457492618 28.9944202816 27.1591146381 27.2220812033 27.7239740751 25.541513871 25.0082801738
27.6561128844 25.3216990372 25.3470864939 28.2592736684 25.3096590002 28.4065171414 28.3206531218 27.9529323096 79.0405385174 79.0405385174 25.3289492705 25.0811275218 27.9230876524 25.7325214502 27.5495945228 26.6115569169 28.4061512999 28.7459508113 27.2606952848 27.0545642054 27.7484161382 25.1196132963 25.8323905182 25.694772036 25.8084476956 29.2027466749 26.661992874 25.6012292965 25.2935626334 28.0721014163 26.0474830777 28.0825115078 25.5094746882 26.0643304597 38.425507899 38.425507899 40.946950498 28.1503829921 25.1613036877 26.1616447828 28.4437882566 25.0671615266 28.8230060755 28.9399171751 27.8108338489 26.1097535231 27.2194187011 28.9433338797 27.3270711351 26.0583075765 28.5514253035 28.6104227132 27.4198074868 28.2655865635 28.4089239122 25.0480674601 25.1224546078
29.2418208984 27.9662119947 29.0231946008 26.1429667817 26.9010314378 27.7249483042 28.6668328266 67.844681058 67.844681058 67.844681058 25.7379463998 27.4702131383 26.6260048086 27.0432593581 26.6366820854 27.9781024912 28.8197349933 28.0434134284 27.1450185257 27.1495824141 28.9534806768 27.4101877182 28.7354577494 25.8742875841 26.0475866865 27.8332752917 28.3465167871 28.6570149684 25.7240263112 25.3918090451 28.9148086844 25.1655481349 29.1525905072 27.969896128 40.946950498 40.946950498 40.946950498 37.7489286044 27.6280310197 26.8537131012 25.6899009263 27.9770632258 26.8745327946 27.2698011321 29.2103367089 25.8280148873 27.3938752642 28.06706747 29.1341895334 27.8905108774 27.0345846482 28.9934392146 28.1800981 26.1737882991 25.6842021632 29.0832387876 28.349859
26.2212121666 28.2265022307 26.5655470886 28.0036702125 25.4529794017 26.1327090665 25.065615784 26.8904593942 67.844681058 52.0359568733 28.8990421153 27.0298107003 27.9602148069 28.696958184 25.3668406272 26.566659268 25.3219591704 27.4877480303 25.6276172271 25.1498530176 25.438759001 26.3460395178 27.186530769 28.740289763 25.0310544845 26.2021177194 28.7785650804 29.0065354963 27.0751995118 27.7711890671 28.0875574186 26.015812885 25.0369131061 27.2645133522 28.4203271854 40.946950498 40.946950498 25.133361994 26.4675994058 29.1525216161 25.2688590134 26.3008497106 28.0743129903 25.0327457956 26.2277117238 28.2283199576 25.9140146076 26.2694734947 25.1286197139 26.0518565202 27.5712121687 28.2003444425 28.8835605952 25.9373344473 26.8206676289 26.3674364363 28.2103604423
