Spatial_Output/BAU/BAU_1049.asc
NCOLS 155
NROWS 192
XLLCORNER 196307.867259
YLLCORNER 449144.565805
CELLSIZE 33.573938
NODATA_VALUE NaN
[rows 50 to 74 of 192, columns 0 to 55 of 155]
23.0307830854 22.6204630761 23.0372248083 22.9951639974 23.1881956802 22.604032894 23.0698976448 23.0305633612 23.0405363865 22.9233376956 23.0002076986 23.1622046577 22.8219402586 22.8981142379 22.9098856695 22.7514400019 23.1015923738 23.2026735371 22.8983811429 22.6489164124 22.7921806416 22.6768769046 22.8244662049 23.1252562734 44.3705672187 22.775900091 44.6183865425 22.6430935677 22.6550158372 22.8460096641 22.6497480228 66.595977774 22.7288423568 83.5410996763 22.9745692217 23.1170329537 22.6020157517 54.8157511439 54.8157511439 54.8157511439 22.5068727348 22.5662189174 23.140640852 22.753358962 23.0081975948 22.6254545027 23.0296100702 22.8912201048 22.8164993476 23.0275283988 23.169086545 22.9585539225 22.8236216051 22.5187798211 22.5389402139 22.7375688089
22.5561164389 23.1673498869 23.0716787331 22.5783271069 22.7337126209 22.9716120188 22.7715153069 23.1617146395 23.0636485364 22.8044765587 22.9617878981 22.6616006528 22.6964306742 23.1506925072 22.9187842686 23.0766325576 22.658840785 22.9379556038 22.9707452431 23.0726089441 23.1543094581 22.719282186 23.1391606395 23.0709252921 22.659351321 44.3705672187 44.6183865425 22.6753431722 23.0193947786 23.0860312417 22.8770386056 69.4839926922 69.4839926922 22.5689142602 47.8890264856 22.5314182891 22.7494171151 43.6801851484 53.8220945101 43.6801851484 22.6925581962 22.5785527232 22.8720425269 23.1777667585 22.6028199399 22.5510789947 22.9280084788 47.5583214462 56.3554404456 67.380462839 59.4617921424 22.6983862996 22.7725149671 22.9476836712 22.5894881075 23.1778452269
22.7842858018 22.9083365084 22.5427183028 23.0345385518 22.5151341305 22.8298820552 23.1383917006 22.9894343122 22.9336115231 22.7874105576 22.6563669248 22.8104780454 22.5443682168 22.8491395404 22.615570598 22.523856777 23.0004764561 23.0375640233 22.8811583193 22.5189481101 22.8090704243 23.0119998015 46.5960195347 46.5960195347 46.5960195347 46.5960195347 44.6183865425 44.6183865425 22.5115298669 22.7614941898 22.5292720498 69.4839926922 69.4839926922 22.992845437 23.0331479318 60.2659942402 60.2659942402 57.347018963 57.347018963 43.6801851484 23.0918066179 22.5505069456 23.110393595 64.4754252758 64.126958978 64.126958978 47.5583214462 47.5583214462 56.3554404456 59.4617921424 59.4617921424 45.27524092 48.0378242934 22.607978461 22.9342360209 23.016255213
23.1011312942 22.5872593256 22.5604344691 22.7438583193 23.1020461243 22.9801922264 22.5044085367 22.9842937482 22.8063042731 22.8491371667 22.8409875424 22.6142291762 22.7939172759 23.0172561014 23.0205270568 22.6452562999 22.8364557759 22.9382048935 22.9427778753 23.0249789317 22.8226572233 22.9677118569 22.8466484871 46.5960195347 46.5960195347 22.641091198 56.900997235 22.6060860935 22.9263006512 22.6499110943 59.1058318012 59.1058318012 59.1058318012 59.1058318012 22.6139048331 60.2659942402 57.347018963 57.347018963 57.347018963 57.347018963 51.0886016375 22.7888666366 22.8349063093 64.4754252758 64.126958978 64.126958978 47.5583214462 47.5583214462 56.3554404456 59.4617921424 59.4617921424 45.27524092 48.2916703989 48.2916703989 48.2916703989 22.6397670453
22.8327559711 23.0649597163 22.9795595934 22.5615222663 22.7554648525 22.5535610775 23.0193248063 23.0173212415 22.7871522894 22.9352882528 22.5566622873 22.6288524131 22.6791657662 22.966497484 23.2049094875 23.041565507 22.5089028582 22.56250487 22.8177571828 22.589692954 22.9397797603 22.7033010322 22.5869299056 47.4927961356 47.4927961356 23.0902615649 22.5148889309 22.8488545378 23.1254920195 23.0734665179 22.6244861597 59.1058318012 59.1058318012 22.9448606187 22.6335765521 60.2659942402 48.628673595 23.0256282113 22.506941905 51.0886016375 59.5834312483 59.5834312483 22.6441361057 64.4754252758 64.126958978 47.5245229185 22.5590759959 23.1253653113 22.965943265 22.8404342293 45.27524092 48.4269419551 23.1055376651 48.2916703989 22.6673090827 22.9247578431
0 23.1257362964 22.5350943834 22.6422582023 22.7203467972 22.9268668402 22.5625123332 22.7989449911 22.8814122772 22.659410235 23.0980554884 22.8893743259 22.9711962773 22.6661882497 22.992238538 22.7289870888 22.7959653657 22.582094819 22.8672590448 22.9985507461 22.8425277706 22.8716116593 47.4927961356 44.5368461282 44.5368461282 37.4840888911 22.5239493805 22.7671271721 22.5948326597 22.9003487508 44.4049798467 44.4049798467 44.4049798467 22.762633239 22.824668643 22.6683410119 22.8900315836 22.7689083287 22.9296067756 71.0112202142 71.0112202142 71.0112202142 23.1705216474 22.9484432394 23.1395266967 22.7995523614 22.8098504699 22.619370693 22.7684186896 22.776419826 22.6824581299 22.7933623887 23.0977486777 48.2916703989 22.6024496112 23.0596435499
0 0 22.8163427729 23.1827865164 23.1231960307 23.0157114034 22.7766077809 22.9025308201 22.7336897181 22.7490993056 23.1079789213 22.5817106658 22.6723941169 22.5364404995 22.9758554374 22.7327645301 22.765456362 23.0250238625 23.1748172674 22.5875790842 23.1552936145 23.031436603 23.0485564923 44.5368461282 44.5368461282 37.5707399528 22.5295302605 22.8389553382 23.1359516589 23.0260241533 23.0070075189 22.5062536701 57.1355256227 57.1355256227 22.5217751031 22.5012101674 71.5994396641 71.5994396641 23.1711881522 22.7661123264 71.0112202142 71.0112202142 22.966947465 22.5438343012 22.7608112287 23.1973176116 22.8323765109 22.8684719174 22.5893960105 23.0364584724 22.7839571957 22.8911041004 22.5268750471 23.0978037106 23.1814139316 22.6624167026
0 0 0 22.8361706576 22.9937959091 23.1024793577 22.6374050029 23.1106889591 23.1889396152 22.6199082132 22.8682177521 23.1462508152 23.1542832068 22.8849345327 22.7491359986 22.8984967677 22.5998518045 22.962106826 22.9578431525 22.7501869048 23.1043714938 23.1607580213 22.5472390705 37.5707399528 52.4405823825 52.4405823825 49.2584494747 22.6516377169 22.9749068411 22.8377519853 23.1097288633 22.9467077986 57.1355256227 22.6221655146 23.1988346534 23.0425039948 71.5994396641 71.5994396641 71.5994396641 22.9829889941 46.7603771996 50.1043006938 22.9257540618 22.9419154821 22.9715703754 23.0685750844 23.1121091129 22.5074095584 22.6830572288 22.538185611 23.1313546062 22.796461513 23.037475166 23.1023254851 22.6483031524 22.7897207981
0 0 0 0 22.5496593915 22.5865980347 22.6709488916 22.8482244819 22.6583104085 22.7185484216 23.1746801143 22.5446941279 23.1429892514 23.1199780316 22.9460077481 22.5408106623 23.0545316586 22.5314564307 22.7394137648 22.8908893143 22.921332244 23.0613654251 23.1206229744 23.0668774459 52.4405823825 52.4405823825 43.0366695774 22.697110006 23.0719352062 22.7145748785 22.7877687814 60.500806535 23.0154949288 60.6376592294 30.9540174811 23.0274337736 23.1125172131 71.5994396641 22.5078423153 46.7603771996 46.7603771996 46.7603771996 22.8596664497 23.1666391055 22.822579571 22.772305661 22.7416650675 22.5020252705 22.7909138445 22.87667676 22.6852450765 23.102483839 22.8499970631 23.1006949111 22.9930383024 22.7533730789
0 0 0 0 22.622008983 23.0953903681 22.8756194845 22.7026105702 23.0220363352 23.1407457657 22.6524245271 23.1581697488 22.8585411976 22.6259892858 22.7181538791 22.8836334711 23.0753253944 22.6248822755 22.9964764398 23.122040569 22.5897795026 22.8979195121 23.0328916104 22.8161652083 23.1008072431 38.0293944651 40.8098705031 40.8098705031 22.9578437179 22.669112164 22.842271544 33.6098330184 48.3432918876 47.7225608548 23.1561049185 22.7416450664 65.9514415719 65.9514415719 53.3789736801 52.1691531193 52.1691531193 52.1691531193 55.5913584277 22.9655606737 22.7123172029 22.9729816139 22.562158355 23.1994416057 22.7445677447 22.6525594423 23.1745452769 22.9516018919 22.8185761178 22.8777302719 23.0289190077 23.0359447706
0 0 0 0 0 23.0014592319 22.7465592663 22.6343009588 22.7017458238 22.6972941099 22.6204755709 22.718981557 22.734235624 22.9878944058 22.8998838881 23.1505836307 22.6605070338 22.9004009347 22.5081871612 22.5490420998 23.0145465396 22.5374019873 22.8312229417 22.6571079695 23.0591341844 40.8098705031 63.0585968368 63.0585968368 63.0585968368 59.6979625223 56.0410630656 56.0410630656 33.6098330184 47.7225608548 47.7225608548 47.7225608548 65.9514415719 65.9514415719 22.6012904621 53.3789736801 22.6122994288 22.6409911614 22.8647059198 22.6628280793 22.5063552314 22.8692179288 22.8473776065 22.6314450845 22.91429887 22.5994934698 22.7024918083 23.0316248163 22.8144103355 22.8641463408 22.7534126725 22.6994695886
0 0 0 0 0 22.809915444 22.7474553533 22.9634111261 22.742191124 23.1348185213 23.1893340732 22.9999120307 23.0474943972 22.6609341596 22.7592407326 22.7560548392 23.1322970095 22.632081606 22.7279575037 22.7141320465 22.6939335089 22.7328442609 22.6869825754 22.7661875147 22.9904469219 22.7741860027 63.0585968368 63.0585968368 59.6979625223 59.6979625223 56.0410630656 56.0410630656 33.6098330184 47.7225608548 47.7225608548 22.577425383 56.5901487973 65.9514415719 22.9184004409 66.485701494 22.6825513488 23.0610461386 22.5203654295 22.6026649571 22.9736075519 22.7038997664 22.7136809505 23.0395640501 22.5997842269 22.6504965549 23.1848174457 22.8850088307 22.6061468168 22.8816601847 22.9510278325 23.0507480038
0 0 0 0 0 22.6093983672 22.7037038797 22.9820764219 22.8643898757 22.6357780181 23.1915305189 22.9782499575 23.1845230666 23.1337837907 22.9900855667 23.0943375407 22.8078857544 22.5986113464 22.7980459611 22.6252384897 22.9842502978 22.8066569889 22.5807292995 22.7197277265 23.167842539 23.0292689797 22.6954328494 22.7258457816 59.6979625223 22.5383664897 22.8022918834 56.0410630656 22.7153152076 22.6927542653 42.0619545465 22.5952233684 23.0371964395 22.6906878037 22.9290273248 53.9158348854 53.9158348854 22.9857330544 22.9210605391 22.7435149343 23.1869918312 22.6662682191 22.8246150311 22.5591110763 22.5381319618 22.6930619687 22.8021933109 22.9837806735 23.0495355699 22.5130812176 22.9744763217 22.9568270012
0 0 0 0 0 0 22.6988669756 23.0328142324 22.6641836303 22.5137219965 23.0877757484 22.5599267361 22.550843714 23.2015582077 23.1949495555 22.725078379 23.1111645672 22.7351386216 22.616739331 22.8067830108 22.5512057303 22.8648942335 22.5303787216 23.1541042963 23.1407625384 23.1091845958 22.6881847516 40.6354579277 40.6354579277 22.9667453793 22.8755684055 22.7705384004 22.8060083804 36.9794194912 53.9926349577 36.9794194912 22.9362803758 22.9005349266 22.6324052521 23.0512036946 47.6006833074 47.6006833074 23.1962805613 22.6887147458 23.046751504 22.8485334486 22.6056485037 22.995818569 22.7398784201 22.502463581 22.9178613922 22.5059428563 22.8639110232 23.0174227366 22.7315426845 23.0665526948
0 50.6543402332 61.609138521 63.162841419 90.4520669693 90.1341036086 90.1341036086 22.7719809831 22.8190894228 22.8008229002 23.1503689244 22.5246151064 22.5942095661 22.9124018744 23.0462075094 22.559952017 23.0368155295 22.9971895333 23.1458714808 23.2015863795 23.0128527204 22.7312361854 22.7057183374 23.1157243911 22.9439956843 22.6361693911 23.0959079611 60.1783522766 22.8351156559 22.7628967727 22.8878951631 22.5516170418 22.788909328 49.0798924431 49.0798924431 49.0798924431 22.7845533839 22.5140189571 23.0060827492 47.6006833074 43.5652140699 43.5652140699 47.6006833074 22.6748341548 22.7662844313 22.6431913836 22.8208531454 22.75181219 22.5350258364 22.6290339226 22.6905664291 23.1984764838 22.728918126 23.0461777878 22.5904007953 22.7337007257
0 61.609138521 63.162841419 63.162841419 90.1341036086 39.6021893422 39.6021893422 39.6021893422 22.8772577373 23.1732037155 22.9406941292 22.7584828863 22.8855971994 22.6890583087 22.5695546864 22.9234160659 22.500742125 22.9997518461 22.8958716198 22.8430995238 22.8771205206 22.5080406134 22.6335971667 22.6241006929 22.5992561053 22.8822326108 60.1783522766 22.7429566758 60.1783522766 23.1095118836 22.5386077329 23.0264919542 22.9309164616 49.0798924431 49.0798924431 50.4925064487 22.8921774271 23.1694158469 22.9352318433 64.0525378615 43.5652140699 43.5652140699 64.0525378615 22.8043397423 22.9495700372 22.7302356395 22.5977985588 22.8210122309 22.9576959103 23.0166483281 23.0818487916 23.1015376275 23.0137101642 23.1515617793 22.9987555624 22.6203262398
0 60.2311324439 61.609138521 63.162841419 90.4520669693 90.1341036086 74.275901 46.4408207599 63.0172566201 47.8500955536 23.073359774 36.908392353 22.5613176033 36.7478321478 23.1323267319 23.0121349559 45.4239991008 23.1852966689 45.7933055128 69.0248751324 48.2122495839 48.0869217176 69.3026455866 33.2303869691 22.5870340454 22.8998446216 23.1545086313 22.9111040789 22.5806576767 22.7449405779 22.859095589 43.694409749 43.694409749 50.4925064487 46.0473848815 46.0473848815 41.6032210072 36.1919572276 22.7904099265 22.8262023312 23.1262151853 23.047965568 22.5445981945 23.1892187352 22.6810853182 22.6952851527 22.8342361214 23.0343651158 22.8228152115 22.8201819088 22.7018978533 22.6462335102 22.9731237249 22.8617930637 22.7650191956 23.1904331024
0 72.7346555343 72.7346555343 72.448490911 44.2386824279 42.5708657213 42.9520877863 44.4272030003 48.9144748665 48.9144748665 46.5303639905 46.8130084928 36.7478321478 36.7478321478 46.466098641 45.4239991008 45.4239991008 22.7933087281 22.5178328032 22.814097939 48.2122495839 69.3026455866 69.3026455866 22.8718486279 22.9128862801 22.9414202565 22.878797425 23.0362770997 23.1222080476 22.5618492044 22.8883512936 43.694409749 43.694409749 63.6936223659 46.0473848815 46.0473848815 46.0473848815 36.1919572276 46.2882567289 23.0905557931 22.9284289796 23.1046374738 22.7853391137 22.8339020543 22.8998334016 22.9397865474 22.7674940801 22.7839464939 22.9699458847 22.7549196752 22.8954223666 22.9267819226 22.6789937158 22.5040808106 23.2026716175 23.1244682443
49.6754086344 72.7346555343 72.7346555343 44.2386824279 44.2386824279 42.9520877863 42.9520877863 42.9520877863 48.9144748665 48.9144748665 46.5303639905 46.5303639905 36.7478321478 36.7478321478 46.466098641 45.4239991008 45.4239991008 41.0746162332 69.0248751324 22.7520097055 22.9569901096 69.3026455866 69.3026455866 22.7530515095 23.1191758648 22.5431877913 23.1820746386 40.4576468318 22.9589684221 64.9468429982 22.8809256672 43.694409749 34.2021574256 58.728889977 46.0473848815 48.7042670943 48.7042670943 36.1919572276 23.0125811129 22.7097768614 22.6724301612 22.8458195136 22.7813196733 22.9302640576 23.1400664887 22.5594548838 23.1106005565 22.7206500186 23.1334454327 22.5036676776 22.5077672147 22.848198301 22.6892265447 23.0682364196 22.8328626941 23.0896858878
0 49.6754086344 72.7346555343 72.448490911 44.2386824279 42.5708657213 42.9520877863 61.8697015744 49.8622532215 48.9144748665 23.003666842 46.8130084928 22.9779586644 36.7478321478 22.8129151012 22.6651560512 45.4239991008 22.8015708118 22.7760353406 22.8387657583 22.6866956996 22.6979249687 22.9373193949 22.8281955231 22.8416391288 22.9768428518 22.8816484648 22.617047535 22.8024570443 22.5312243777 23.0048426038 23.1901566995 22.6876771295 22.5011307839 48.7042670943 48.7042670943 78.4532202386 23.0313644398 22.5467033895 22.8822040145 72.2708101621 22.7729786371 72.2708101621 22.5901041315 23.0506123081 23.1716059758 22.5446639165 23.1832758788 22.864183855 22.8600263214 22.6507552865 22.5219029773 22.9832225617 22.5131485756 22.8183115027 49.8419761716
0 0 0 0 0 0 0 0 0 22.8984540319 23.1026190083 22.9799862357 23.044021627 23.0472808498 22.6157588828 23.1804790211 22.6295810184 22.569722504 22.83178043 23.1580984351 22.8594113013 22.8921740813 22.918946215 23.105301673 23.0282364019 22.7485571856 23.1441405424 59.7776696326 51.9403325265 51.9403325265 51.9403325265 23.050139346 23.1978617565 22.5252814974 70.6456526331 48.7042670943 70.6456526331 22.6586759581 23.009597697 22.5981027293 55.987828261 55.987828261 55.987828261 22.9670660361 22.5095112197 22.8179904219 22.570044138 22.7618591608 23.0736552833 22.6238662254 22.6820832353 22.5903484807 22.6310622305 23.0707384487 22.6975390349 22.554394035
0 0 0 0 0 0 0 0 0 22.977907389 22.5525329979 23.0301532666 22.8863555292 22.7236954812 22.5054081182 22.7684042076 23.1038474374 22.7248776402 22.9130165876 22.5530952871 22.8915101431 23.0235891154 22.9507962197 23.1710528277 23.1850295132 23.1577845102 22.9837998896 23.0876649445 51.9403325265 51.9403325265 51.9403325265 22.5037403753 22.6380533347 22.9615635042 70.6456526331 70.6456526331 22.803029024 50.7623365318 23.1521834165 22.8394467122 72.5390272189 55.987828261 72.5390272189 22.7051449567 22.8695754433 22.760903227 22.6459807558 22.9955357534 23.1923673199 22.7576423276 23.1963326586 23.1756363228 22.9280287672 22.7199865894 22.5226059201 22.8406147956
0 0 0 0 0 0 0 0 0 22.8083113075 22.6725619208 22.6273174713 23.1360239801 23.1735130693 22.5847493569 23.0964805612 22.5563807659 22.5227566456 23.1304074487 22.7109187654 22.9692014376 22.7916108674 22.766946648 23.0091240779 22.9762542182 23.1928976869 23.0138326691 23.0062780055 22.6808414223 51.9403325265 22.8449769757 58.5385094352 22.721570911 22.943998819 23.1944306989 50.7623365318 23.1816333494 50.4888618913 22.5722179513 22.844861775 44.7931671059 44.7931671059 44.7931671059 22.7701326821 22.9274168394 23.0860655526 23.2066833162 23.0917070725 22.844226692 22.5220820424 22.8781558605 22.6514684623 22.8485794605 22.720080007 22.765245835 47.8148288203
0 0 0 0 0 0 0 0 0 22.853086946 22.5827436594 23.0053512054 22.9374989378 22.6668696822 23.1845417461 22.7109946552 23.0369939816 22.7969483761 22.9660022605 22.9690206518 22.8667222827 22.6430021799 22.6599271309 22.6448608779 22.9418653459 23.0065752161 22.7517831044 22.8719361926 23.039008158 22.7598714597 22.59688802 23.1241289453 23.034864183 23.1086115378 23.0530378657 50.4888618913 50.4888618913 22.6944210089 22.5812158124 22.8075834512 46.6778235562 44.7931671059 46.6778235562 23.1792674 22.9799896331 23.1474762833 22.5776083851 22.6087475751 22.5443499817 22.8410449185 22.8221440591 23.0601378246 22.9652679369 23.1274266955 22.6976322884 47.8148288203
0 69.2314019752 80.1236992038 0 58.3068292644 72.2944043687 68.3628347603 0 0 0 22.7811220821 22.9418978905 23.1897154207 23.0958313662 22.7558313529 23.1323811095 23.0933115202 22.6909696475 22.9012181951 22.5687047752 22.9623618307 22.8199069481 22.7625536073 22.6289095064 23.1248048384 22.621660665 22.8049045897 22.652756775 55.2751623451 22.6246160493 55.2751623451 22.5271811775 23.0092336565 22.9422033598 22.6324390884 23.0275715379 22.8033276219 22.6445517952 22.6337774414 23.1986779204 22.6830770825 22.9902019412 22.5808000813 22.6195770478 22.5421748189 22.7851361533 22.666567176 22.5242734036 22.6274075508 22.5751023768 22.5974015453 23.0630063005 23.0819215703 22.8350186846 23.104020228 57.5335821919
