Spatial_Output/BAU/BAU_0452.asc
NCOLS 155
NROWS 192
XLLCORNER 196769.923733
YLLCORNER 449719.875193
CELLSIZE 27.603701
NODATA_VALUE NaN
[rows 115 to 137 of 192, columns 53 to 105 of 155]
55.4397588773 55.4397588773 30.6999095979 50.6296740587 50.6296740587 59.7775298269 59.7775298269 30.5889918289 30.5092506915 30.6015976908 30.968230106 31.0259738474 54.5590101604 54.5590101604 30.528218493 30.9173721788 54.7345992313 62.3043605936 62.3043605936 30.7134686292 31.1413670343 77.8418303669 30.5751393246 51.7876497233 51.7876497233 51.7876497233 57.5870261528 30.8491790278 31.139648043 31.0366247208 30.9620627483 30.8429486645 30.5373673168 67.6990758088 31.0545457483 31.1208542671 30.7318011436 30.9780247334 68.5949010554 30.983372166 31.0427415155 30.7089301356 31.1103926623 30.8622290401 31.0116717617 31.0890995783 31.0272870777 31.1811654457 30.8005244951 31.0485400854 30.6800385805 30.6097733167 30.7467850717
55.4397588773 31.1235660445 31.1380403554 50.6296740587 60.1371683984 59.7775298269 59.7775298269 50.8658801147 50.8658801147 50.8658801147 30.873331353 30.8176047657 31.0929426198 30.781877467 30.8771589242 31.0205625252 30.9860780534 30.9630814623 62.3043605936 31.0906186936 30.5698838097 77.8418303669 30.8713399743 30.8473942547 51.7876497233 30.7070826397 30.6486758506 30.8689304531 30.8262568123 30.7744149806 30.9726637771 30.7418223753 30.7166592933 30.6991224526 31.2053370541 30.7037183288 31.177855809 30.7766219517 30.6388631772 77.8233329147 77.8233329147 77.8233329147 30.8130645168 30.665726869 30.7777683247 31.1163769437 31.0551557017 31.1162562256 30.9368555839 31.1164138164 30.8622362724 30.862094083 30.6273342635
31.0557899466 30.6135334026 30.9762054553 30.7488083117 30.9374728941 30.9967532872 31.1777722679 49.845716458 50.8658801147 31.1495567112 30.9177099689 31.0003950823 30.9797130458 30.5536604159 30.7498811 30.9222326593 31.0085744131 31.1293862017 30.585344621 31.0895816526 31.1375500568 31.1371647786 30.7745173799 30.9093091891 30.5348620993 51.6378419103 30.7867180727 31.1944409784 30.7225434658 30.9857236433 31.0863834414 31.0040175111 31.0159713744 30.5039439581 31.07417859 30.8490896364 30.8729660168 30.6220565469 31.1463899602 31.1311697342 77.8233329147 31.0544745699 30.7620429906 30.6426494065 30.7548489884 30.6936094399 30.9260927757 30.5716996599 31.0846953897 30.6902867125 30.9286457332 30.6893768541 30.6457456124
30.7180647946 30.9195176054 31.0445167359 30.5022254904 30.9703924744 30.6295427287 30.6455081342 31.0490629282 49.845716458 30.5140705519 30.7747813514 30.6226205635 30.6434306742 31.0109390321 30.8658646777 30.8007112355 30.8825665898 31.0174972689 30.894453379 30.6775108896 30.5842848264 31.1778839821 30.5753550724 51.7840501307 51.6378419103 31.1783940428 30.9865515651 30.6871601286 30.8743862182 30.9648565037 31.0512940578 30.5397402437 30.6973693644 30.8206462552 30.7587729267 31.1245783686 31.0411919277 30.9027230723 30.9046825544 30.8112315839 47.3726795073 47.3726795073 47.3726795073 31.1396692472 30.7517963711 30.7637102458 30.542136653 31.0534206989 30.5701136608 31.1257398219 30.8023955327 30.8186222657 30.5509486476
30.9154539588 30.6641016602 31.0606521052 30.9918234867 30.9357972123 30.7991126295 30.5257185889 30.9264418038 30.7804055285 30.6030972236 30.7711351466 30.7738004209 31.0684756946 30.859152015 30.5436276227 30.8113624351 30.5929499399 30.5176404048 30.639432019 31.1626763863 31.0203897508 31.1786740071 31.0780044493 31.1390370441 30.7567195624 30.8110034913 30.6484184787 31.0411679159 31.1985210114 31.1985082311 30.7494277224 31.0993046428 30.9489553701 30.6944254916 30.9995726618 30.9663660411 30.8683833427 30.5372002173 30.7352655911 77.6120045693 47.3726795073 47.3726795073 77.6120045693 31.0073091881 31.1565712512 31.1082282026 30.6614318337 31.1245838026 31.0619015976 30.9841725226 30.6731738996 30.5091764543 30.7301940552
31.0577905416 30.7239767655 31.0547397058 30.5513190495 30.8306792742 31.0038553576 30.6734367799 30.7085132622 30.6637858359 30.7608507614 30.7246004591 30.5675020078 30.8193402724 31.0356585181 31.0790076672 31.1579011984 31.2021972489 31.0899735291 30.9213684227 30.6289392104 30.8520506739 30.85788233 30.8648032414 30.83159784 30.6783564835 30.9298925819 31.163884759 31.0462879031 31.0851365859 30.7454440055 31.1074983325 39.4271578712 30.9093101306 30.8541275935 30.6539428425 46.342983083 48.5623733144 48.5623733144 30.5456277373 30.9203626752 58.92297883 59.1062999624 59.2373218761 81.8741792175 30.9207282986 30.7804916036 30.5539714868 30.5553658539 30.744394682 31.1812963632 30.6438921403 30.9015596037 31.0904373375
30.9797359697 30.7429116923 31.0166017048 30.8324030751 31.0382087822 30.7089189435 30.8492812565 30.838585167 30.808033793 30.9002021807 31.0243628796 30.5937393313 31.0540716659 30.7444495242 31.1115975159 30.5784882364 31.0101141982 30.7780578115 31.0536873718 31.1464485989 30.8955134179 31.1280940638 30.6672595369 30.5585385426 30.5016178755 30.8831532027 30.8499550059 30.9430191682 31.1419093688 31.1341670794 31.036909141 30.9455705221 30.7148327876 30.9307227988 31.1407400002 46.342983083 46.342983083 48.5623733144 55.9575242525 55.9575242525 59.1062999624 49.3290587707 59.1062999624 30.7576664905 59.2154224868 61.7207299489 55.7508390015 52.5143085704 58.3230362061 57.5996627387 63.5967818791 74.2242081437 30.6176650419
68.709179634 30.6079048426 30.8256113304 30.6381149943 30.7738797854 30.8133838784 30.8176192948 31.1116039201 30.9688599182 30.7632731116 30.9580983014 31.0807444283 30.8501331598 31.1961713253 30.9551749925 31.1178418996 31.0232178356 30.5612392492 31.0928738408 30.5225462529 31.1805512756 30.9243920593 30.5830562867 31.0093132322 30.8046494689 30.5405114691 30.6207246583 30.9514807612 30.7301016059 31.049752987 30.8418229906 31.1069900586 30.8028486888 30.7177005859 31.0072256494 49.6568919915 48.5623733144 48.6237184627 55.9575242525 55.9575242525 49.3290587707 49.3290587707 49.3290587707 59.2154224868 59.2154224868 61.7207299489 52.5143085704 52.5143085704 52.5143085704 57.5996627387 57.5996627387 74.2242081437 58.6665153804
68.709179634 68.709179634 39.606222232 30.8377709922 30.954211639 49.2618588518 31.0927445859 31.0697062098 31.1505753011 30.5670810583 31.1987701583 31.12700555 30.9215598798 30.7089301762 30.8433421361 30.6218783834 30.7637191178 30.6793849344 30.5805657381 30.9243553698 30.6307558518 30.8194219297 30.6755187948 31.097364179 30.6372220911 30.6887786925 30.8898321525 30.9156065849 30.572811954 30.6687156656 30.5310925971 30.6745602282 30.9148309227 31.1324787067 30.7614856157 31.1268605776 30.8811704912 30.6123452664 48.344607418 55.9575242525 64.4775336376 57.3156594154 64.4775336376 31.1736130946 59.2154224868 61.7207299489 55.7508390015 52.5143085704 58.3230362061 57.5996627387 74.2242081437 74.2242081437 58.6665153804
68.709179634 30.9081136517 30.8468123951 30.7765017271 30.7005457405 30.7117141606 30.7057957528 30.8873616922 30.6378117221 31.0285371114 30.7845247838 30.6856068968 30.6939456117 31.0394686795 30.7233963324 30.6185280432 30.7676263046 31.1224988488 31.0372818949 31.0161907777 30.789277838 31.1813892695 30.7595392133 30.817541866 30.587133255 30.8670230596 30.9115514646 31.1371795402 30.6595128728 31.1845139068 31.0400333334 30.7051385995 30.6765855244 30.6402174838 30.7033682265 31.0067708415 30.5109520129 31.0165839598 30.9810903466 31.0479057185 64.4040115534 45.400589983 45.400589983 31.0601091566 31.09285516 31.1461705254 30.5783823161 30.8941177311 31.1329705276 31.0540385837 30.9159991852 30.9815038663 30.6771705999
30.590663751 30.6197979486 30.6852759526 30.6307811395 31.0470444626 30.7464586583 30.9793517705 30.8500156276 30.8821843665 30.6152040072 30.5420711585 31.1278811003 31.0834343006 31.189213059 31.0383253628 30.6717688204 30.5326174685 30.5904860659 30.7703286961 31.0983756854 30.750019245 30.7495910042 30.7572537193 30.7177651127 31.1484699055 31.1243968067 58.0295468474 31.1811286563 31.0530316674 30.7019825253 30.8814669033 30.8021013329 31.0912800926 30.734948432 30.6652892047 30.930545495 30.6326479776 30.8388899591 30.9000125848 30.7324226156 45.400589983 45.400589983 45.400589983 31.146280833 30.9408862612 30.6488684604 30.9792727179 30.7268868335 30.5624030707 31.0088896002 30.9367437751 30.572356807 31.0275938434
30.7915616167 31.0903643421 30.7726613866 30.9170174387 31.0046795648 59.5767301108 59.5767301108 30.5905067455 31.1352948386 30.5624298656 31.1546507933 31.1071676231 30.8669582478 30.596254826 30.5813603608 30.6019303848 30.7274050622 30.6596941753 30.7755922865 30.7518054793 30.6307811652 30.9693637816 31.1728804584 30.843807709 30.8092595839 30.6401789728 30.9354682916 30.9795549683 30.9307540751 31.1989789702 31.1073766881 31.094559686 30.70454051 31.0534950905 30.8297910481 30.9658668869 31.1338857498 30.5737636622 30.6699814069 30.7805351535 30.6564500249 48.0956080267 30.7012024146 30.735419658 30.6607214281 30.8168013924 30.5602715812 30.6187036695 31.0553080341 31.1788728092 30.6609854938 30.7433767218 30.7805548012
31.0625899438 52.052393618 52.052393618 30.8359982712 31.0666642976 59.5767301108 59.5767301108 59.5767301108 31.1840785605 30.5563496322 31.1220368196 30.9990751037 30.9025973984 30.5058660696 30.8803517372 30.6135260999 30.6749044961 30.8055506169 30.5675465234 31.1746982854 30.8027458081 30.9175932009 30.6049362967 30.6587601298 31.1834190102 30.8112335485 57.7977761372 30.649577509 57.7977761372 30.7876039953 31.139747579 30.6830136539 30.7321096889 30.7588190483 31.1672300841 30.7229996235 31.1272251768 31.0316175092 30.5934882088 31.04498044 70.4721265562 45.526170516 45.526170516 30.8345689499 30.6494106367 30.8488819459 31.0566370321 30.8845876414 30.9433900603 30.9319634284 30.5946988678 30.6452761307 30.5249322983
52.052393618 52.052393618 52.052393618 40.9645786438 30.8945550975 69.4048901309 30.9731812116 30.515744087 30.7557492883 30.7303677851 31.1046106056 31.0810407205 30.894813053 30.6469494843 31.110557017 31.1345150866 30.8004915838 31.1461749237 31.0946656764 31.082525057 30.7218658071 30.5536902867 30.7572415083 30.6515721259 30.8781079279 30.7235530602 30.5518861636 30.7108180629 30.6640997979 31.0302418539 30.8300517811 30.5306229565 30.624358825 30.6917444061 30.9211821943 31.1423968999 30.627126226 30.6497219555 30.805042066 30.8474412997 45.526170516 45.526170516 45.526170516 30.550985499 30.8256964177 31.0369767205 30.7468558598 30.7001731195 30.5387494949 30.6588697721 30.5054406217 30.8966275867 30.5704142751
31.0165336838 40.9645786438 69.0838006954 69.0838006954 40.7645989481 40.7645989481 30.617176741 30.530929981 30.6582147191 30.9739622846 30.8256765837 30.5371407515 31.0083347987 30.994820872 31.0212589612 31.0376120207 30.6271082806 30.8627966858 30.5794518599 30.5385343412 31.1787128908 30.6533855387 30.92945568 31.0800480037 30.7815541439 30.5725256484 30.8251635853 62.5861113741 62.5861113741 62.5861113741 31.1800171389 30.9802853679 31.1504786278 30.9733832382 30.8919572875 30.8181374548 30.576126883 31.0226506091 31.0167622599 30.9232157589 79.1493412638 58.4539284835 58.4539284835 30.6564451094 30.7301658261 31.0911867844 30.6874464413 31.0627288158 30.7877227614 30.7015801686 31.1351250386 30.7520166548 30.5401728198
30.7925796716 77.1019208083 69.0838006954 69.0838006954 40.7645989481 40.7645989481 40.7645989481 30.5642482709 30.9260113897 30.9930638577 31.1198859121 31.131755681 30.837014489 31.1869006118 31.051525062 30.6987087735 31.1157217529 30.7722758456 31.1395776796 30.8941477749 30.8618021075 30.6154890414 30.9937512484 31.029771824 30.8854031291 30.5394023444 30.9688305758 62.5861113741 62.5861113741 30.8226211727 30.6199851348 30.7989318573 30.6030558092 30.5816692623 30.6453353411 31.113905518 30.7859001575 30.9205915308 31.0957878621 30.8415048793 30.6678575331 73.2164513384 73.2164513384 73.2164513384 30.8729835147 31.1977265798 31.0173408601 31.1159442953 30.9990812337 30.510735984 30.6327566733 30.74096297 31.0069592371
31.0712642017 30.6137759392 50.0450865195 52.3897944001 52.3897944001 50.5973484902 30.8388544245 30.9284788645 30.9083276753 31.064347241 30.5219674496 30.8010681381 30.632092527 30.9223120967 30.6573355793 30.9491338775 30.8988724063 31.0806907943 31.0893922377 31.1885847346 31.0369178825 30.923704501 30.7859810621 30.7703915473 30.8832807409 31.0967751131 30.9691092442 62.7000932689 31.157041154 30.8889201604 30.6255489583 30.5841244236 30.538294832 31.0810911232 30.7154470904 30.9039504691 30.7559305554 30.8590602534 30.5039741622 31.0284826702 72.9427317963 69.2174829798 69.2174829798 69.2174829798 30.84720777 30.806942896 30.9440487382 31.0173198781 31.1810504336 30.5557306728 30.5688499447 65.0905801838 54.4717634614
30.8409640357 31.0445858507 50.0450865195 50.0450865195 69.646775564 69.646775564 30.9419294104 31.0082716724 30.9082917434 30.6421696024 30.6495224401 31.1526328122 30.6068686347 31.1854296051 31.0165245674 30.5621349162 30.5190523498 31.1989802897 30.6763166708 31.1962833576 30.8221341057 30.8933534555 31.1633012497 30.7991302541 30.575691431 30.9455788493 30.9048371207 73.3792276149 73.3792276149 73.3792276149 31.1110896788 30.5896667803 30.6138400122 30.7156409724 31.0974098019 31.1556449766 30.5180171417 30.7735846869 30.7561095362 31.0489707247 30.7158547718 69.2174829798 69.2174829798 30.534560189 31.1899971184 30.9197684173 30.8266422193 58.1018623556 41.2248103447 95.1595028266 95.1595028266 54.4717634614 58.4209709191
30.6872408066 30.5868255817 50.0450865195 69.646775564 69.646775564 70.8131259694 30.9109795977 30.6888273036 31.1503138152 30.9217687765 31.0910434827 30.587955344 30.5569442174 30.7112347668 31.0477435035 31.0189109291 30.6416184977 31.1838684521 30.860329275 30.7067796961 31.0599891993 30.7868519166 30.667162632 30.8548314885 30.8766225321 31.1586235141 30.6533861854 30.7324812883 73.3792276149 63.9410538823 57.3028239744 51.4661738431 69.862095816 31.0059563608 30.7448155905 30.742022521 31.1561663588 31.0748272884 30.7232569165 31.0841064638 30.5883298949 30.6426746957 30.8960099553 30.8580870309 57.8374228481 72.7994216775 72.7994216775 41.2248103447 41.2248103447 95.1595028266 95.1595028266 43.8368218409 54.4717634614
30.8926427834 30.6759750498 30.5893225017 30.9331161406 30.6903352898 30.9424359822 31.1790004719 30.9796354982 30.9659692911 30.5764616641 30.6994525417 30.5114631394 30.6570381485 30.7182929373 30.6827922603 30.7941072157 31.1601415391 30.7991549404 30.5070627856 81.0321557014 30.8843899619 30.9220800684 31.1396059994 31.0085289949 30.5801701783 30.5742959483 30.9540575048 66.0233821254 31.0613521707 57.3028239744 51.4661738431 51.4661738431 69.862095816 57.1861518193 46.0517086788 30.5177453984 57.7342500971 31.1628536317 61.8978714243 54.8217179187 54.8217179187 50.089488949 50.089488949 48.8563743695 65.0980428795 72.7994216775 72.7994216775 41.2248103447 41.2248103447 31.1958767216 95.1595028266 31.0952927593 31.1162078602
30.9725382021 30.6725886472 30.5990321544 30.5618214195 30.9892535325 30.9178952447 31.0255909567 31.083765472 56.7492767086 30.8528555936 31.0478685312 30.6003774695 30.6853175592 30.5758535769 30.7947548798 30.5715247115 30.5704431711 30.5095096352 81.0321557014 81.0321557014 31.1834752579 30.9729235499 30.6783216083 31.116418461 30.9910115239 30.9644783996 30.6660797527 39.38596949 39.38596949 45.2592153361 51.4661738431 51.4661738431 69.862095816 30.9727913842 46.0517086788 46.0517086788 57.7342500971 31.0975851878 54.8217179187 54.8217179187 50.089488949 50.089488949 50.089488949 48.8563743695 57.8374228481 30.6692379989 72.7994216775 41.3024716617 31.1273866788 30.5519229591 31.095053149 31.0430521819 30.8740495994
31.1253100394 31.0166595107 30.8737532978 31.0327563812 30.675241171 30.9203013956 30.7797662687 50.0121959013 56.7492767086 56.7492767086 31.0939263706 30.548061299 30.9891351018 30.5758534245 55.7137189227 30.6226666441 48.2969130041 48.2969130041 31.1407728803 81.0321557014 81.0321557014 31.147219777 30.9891688942 30.7086051008 30.5960855923 30.7212471746 31.1723557959 39.38596949 39.38596949 31.1568247467 30.6248246645 31.0604348097 30.5869592639 31.1922962882 46.0517086788 31.0273041747 30.9054717026 30.8307884754 31.0956534833 54.8217179187 31.0876578334 50.089488949 50.089488949 48.8563743695 30.776853601 30.6711664417 30.7444213389 30.9768351066 30.7385105446 31.0755353269 30.6102160339 30.5753416301 31.048597685
30.9565995658 30.6962755355 31.0561364147 31.0140166572 30.7345161956 30.6484932724 50.0121959013 50.0121959013 56.7492767086 56.7492767086 31.1905053961 77.3863289869 30.6257205463 30.7291306443 30.8718045924 31.1783654979 30.6201497156 30.518347121 30.6290082294 30.5871350874 30.7574156622 31.1631731737 30.662383272 30.5072003978 30.688986257 31.205777068 30.5170965472 30.7662542623 39.38596949 50.419613934 50.419613934 30.910886332 30.8968767211 30.972822791 31.0760980205 31.157514005 30.7762183499 30.6590374306 31.0541477235 30.7724716056 30.6180073111 31.196146383 31.0937373063 30.8894198823 30.6349559322 30.5797098503 30.7216349624 31.0661953887 30.7408373509 30.9653697208 31.2013845899 30.5475406333 30.8447873554
