Spatial_Output/BAU/BAU_0582.asc
NCOLS 155
NROWS 192
XLLCORNER 196307.867259
YLLCORNER 449144.565805
CELLSIZE 33.573938
NODATA_VALUE NaN
[rows 75 to 99 of 192, columns 57 to 113 of 155]
28.1604673103 27.3756216913 27.2448186657 27.504485694 27.2851661978 45.5073150088 45.5073150088 45.5073150088 48.2475096627 27.3185390861 27.5217593892 26.9063311791 26.7887501431 27.604542127 26.9415051324 54.7676960828 54.7676960828 52.2908086842 59.0913921983 59.0913921983 27.049770067 27.162832422 28.1716559685 54.9980833556 27.3203497377 26.7325014412 26.520163099 27.5789917264 27.0876290703 27.6595818338 27.5105421906 28.2365458438 28.1530531447 27.7452415429 28.5472608375 27.1022103027 27.4002719788 47.3015260744 47.3015260744 42.4197438452 42.4197438452 67.310219675 27.4984854903 28.436697469 46.1274987635 46.1274987635 46.1274987635 27.6167128386 28.454463091 26.7396765695 28.6209015039 28.0605210522 28.4215104275 27.8577908298 26.5636503822 26.8895409597 28.3242738787
28.0346420081 27.8977592407 27.2294393056 27.4118950916 27.0104401798 28.1632465484 48.2475096627 48.2475096627 49.6305333679 28.2276407944 28.0540817845 28.373392324 28.2598683765 43.6751924692 28.3462527778 62.7989120523 54.9734972614 54.9734972614 48.5409542899 27.1236487287 27.1223754071 27.1877564363 28.2779997061 26.6857201808 27.1604122687 26.8765817935 28.5119500087 27.0516757326 27.9562135309 26.7694748032 28.4797051452 27.4971980887 27.7459055686 27.9582388809 26.8910122703 27.5551921382 28.4157622167 27.6488828688 47.3015260744 42.4197438452 42.4197438452 53.4764300709 53.4764300709 27.0507327592 51.1454812685 51.1234630623 51.1234630623 28.474984013 27.4570505471 28.5665627019 27.3129468374 26.5356466578 27.9967515963 27.6908420387 27.748440201 27.8816006959 27.1344067526
27.9614563753 26.9003874064 27.6267655874 28.2184508347 27.8794791663 27.3295861543 27.6653407558 48.2475096627 49.6305333679 28.6054357521 28.6161285782 41.3924691207 47.6720100859 47.0316008508 43.6751924692 26.7699769866 47.9858883582 47.9858883582 47.9858883582 27.3429748165 27.9246446138 28.277759405 27.1145053368 28.4396161993 28.2859913234 26.6723756113 27.8905471912 26.8616474802 27.3158357671 28.1148938809 28.0053477695 28.5735550033 26.6678659568 27.6740791774 28.2188838512 27.6901854414 27.5586529273 26.7513554772 28.5611666086 42.4197438452 42.4197438452 53.4764300709 53.4764300709 28.1352519524 51.1234630623 51.1234630623 51.1234630623 28.2325123172 27.7303544548 26.7069766748 26.6417661617 26.5960212694 26.8286755209 67.0720063915 50.5857869031 28.5731305787 27.0725177047
82.2863517004 82.2863517004 56.9850363754 43.638514129 43.638514129 42.7128113543 28.4793933614 56.9879075519 56.9879075519 56.9879075519 27.2138573634 42.8182277386 51.7741479184 48.4734053185 43.6751924692 26.5995074537 53.9833374841 53.9833374841 53.9833374841 26.521444014 26.8196707561 26.6692304958 26.5461019042 27.5333489983 27.1497431922 26.7648579292 27.2604181643 26.8074476016 27.4586611476 27.6206971183 27.5435407871 27.3767737458 28.1114559406 26.6225365516 27.1151851328 27.1566197596 28.3539887258 26.8845649513 28.4812838928 27.4663840833 27.0619895441 53.4764300709 27.7909203756 27.8023431801 28.3410361368 26.8238290243 27.8014647834 28.2615047015 27.808398244 40.2685260118 47.0900250276 26.9334711683 46.9278941649 46.9278941649 50.5857869031 50.5857869031 26.8528970593
59.774200397 82.2863517004 56.9850363754 43.638514129 43.638514129 42.7128113543 42.7128113543 45.8985948672 64.1849790389 64.1849790389 50.24834542 47.4373339722 40.0379100102 46.4081317573 26.9284933273 28.0619926779 53.9833374841 53.9833374841 42.8531304748 27.6611407942 28.4072275759 26.6195497535 26.8065987839 26.7075930147 26.7408472154 27.5432410869 28.5980726931 26.6430994666 27.7916969893 27.8687830024 28.5002678052 28.5530227211 28.0339396422 27.1923962261 27.6347048812 27.2758318143 27.2328399058 26.9439315525 27.3892257682 27.7621349128 26.748896207 28.0876310261 26.7446876463 28.1218397731 27.5842375558 27.7612749312 28.5657952926 39.3835898692 40.2685260118 40.2685260118 40.2685260118 26.7565457383 46.9278941649 46.9278941649 50.5857869031 27.1931920893 27.5047778881
27.885875938 82.2863517004 56.9850363754 43.638514129 47.9024183165 42.7128113543 42.7128113543 64.1849790389 64.1849790389 64.1849790389 28.1279288516 28.2358660134 27.2971619658 26.7558838542 27.6933971359 26.814076243 26.855693287 53.8646722064 53.8646722064 26.6145236567 26.9460913724 26.8402059951 28.2779981167 26.9128566312 26.8132290299 27.3818816677 28.2611658182 27.8643349534 27.5732727124 27.1343327418 27.2710490243 26.5976863391 27.7461024249 28.0084492153 26.5376822352 27.5976715051 28.1777750123 28.3525419664 26.6345654971 28.4697276443 27.7716566384 28.2350422787 27.1871438385 26.9233393289 48.8394131495 27.5696541924 39.3835898692 26.9353128062 27.0480642706 40.2685260118 47.0900250276 27.7500444247 59.3341682997 46.9278941649 50.5857869031 27.6670607418 28.5769969161
28.0610302796 28.2919269923 27.8384018112 27.286875437 27.5262124021 45.389688384 27.2095751316 37.2278562056 27.9329256065 52.079961801 26.593925797 26.6847404149 27.380584227 27.6815364693 27.8603181456 28.3199559384 27.5590881544 53.8646722064 53.8646722064 46.9410365738 26.5244819404 27.8142418925 27.3463891242 26.5321496933 26.5931620932 27.3770020489 28.4277135568 28.6142621605 27.2912950587 27.1570197041 27.0036545229 28.2427891637 27.6073193883 26.8108930512 28.5497906349 28.0888643729 27.4633712531 27.3780332759 27.4401229036 26.8774426954 28.2155240721 28.4598575503 28.120925254 26.5070450689 27.0715404103 27.0683411135 27.8306017994 58.9115761803 27.9744219277 27.4810082177 27.4559580638 26.5516897404 28.5743475235 27.9864755173 26.6594972266 26.7409048295 28.5288998592
28.4862066873 27.4373738482 27.3232457376 27.5357005573 27.4978540771 28.1044480261 27.2690080878 50.1297968008 50.1297968008 28.2148808233 27.3729363433 26.6312049013 27.4434354576 28.0328921377 28.2334515866 28.3581002153 28.3587709796 46.9410365738 39.4478093371 39.4478093371 28.1518802039 27.6721786669 26.9213746733 27.4136490549 27.0891002933 27.4944933894 28.1841871805 27.0259995364 27.3186305454 27.4655529195 28.5520859132 27.4541271088 27.8315456537 27.6372294801 26.7268262426 27.6221267295 28.1258070642 27.1934938218 27.7189187323 27.9298482285 28.48495366 27.6369640647 28.5562826362 28.5623136049 28.142728141 46.7176754355 46.7176754355 28.1116472384 28.1750839846 27.6197137 27.6856773984 27.9692714185 27.6978914546 28.5325574172 27.6487606673 27.4666460743 28.552649196
26.7289563068 27.0297297515 26.6668334287 27.3196369711 26.6797149492 26.9667289774 50.1297968008 50.1297968008 50.1297968008 50.1297968008 26.9105125052 28.3763689507 27.9831197151 26.9506526352 27.1755929378 27.5534704675 26.5470494522 39.4478093371 55.7413955249 55.7413955249 27.6070223444 28.5463210463 28.4564402821 26.9268943284 28.3527294474 27.1467521624 27.9761398624 26.7186001277 28.570764635 26.9097033901 28.4666630465 26.5571861821 27.613672731 27.128081263 27.6306553391 28.5221753349 27.473568389 26.7627633219 28.3734076976 27.5468802282 26.8771387016 28.3651205092 28.3733337775 27.0500379595 27.004523484 46.7176754355 26.825214163 46.7176754355 27.5080204209 26.8781699557 28.577790788 28.6107512083 26.8209239975 27.9941712488 27.3448879888 27.6321074975 27.0209656104
28.4056442827 26.8659936328 28.2844901358 28.177679829 28.4165879118 27.232817309 27.1307811408 27.428580538 72.4360552121 28.1097791003 28.5627431555 26.767742385 27.7728927968 27.146991145 28.4393185109 26.6113101453 27.7398048225 27.9289697987 55.7413955249 55.7413955249 55.7413955249 28.0963348395 26.5805010846 27.7141154598 27.8839259762 27.2719086897 26.5183511634 28.1812421222 27.4072527368 27.9702268849 28.5691626053 27.1424204274 28.2960985797 26.9113536859 27.2191745295 27.3428875071 26.8390165406 28.393556208 28.5392632076 27.3880101994 28.2468438644 28.168689323 27.2425425192 26.8515421588 26.7947581281 50.239182335 50.239182335 50.239182335 28.2395632591 28.1864019031 27.9039950768 27.7955495776 27.1713822589 27.1571581241 28.6110038857 28.4586963141 28.3302220549
27.2339844442 26.6382312836 28.0064180139 26.6567268154 27.2785912259 27.7859459422 28.0063057417 54.714851779 41.7029879427 54.714851779 27.4245166688 27.8810075785 27.7636679725 26.9854174875 27.1276219452 26.7772346584 27.3308936392 28.282514515 28.369389905 51.0151901797 51.0151901797 51.0151901797 28.0969838367 26.9070228256 27.3520961775 26.5598301712 27.7227858903 28.0870641156 27.6265171211 28.1198310787 27.8083119018 27.226550914 28.2266368277 27.6236047394 26.8395556415 27.2614764118 27.1813644609 28.4414230564 27.2179165562 27.8847631321 28.3011431288 26.8258072806 28.2526048243 26.7664368428 28.2950503346 59.4788340734 56.9951294904 59.4788340734 28.2938090439 28.0769802852 27.4783727298 27.626511267 28.2070958817 27.8988086878 28.2276553533 26.758424829 27.6181016895
27.1354011443 27.0320191712 27.9445230155 28.5278936071 26.9250629554 26.6740660639 27.5312568587 41.7029879427 41.7029879427 41.7029879427 28.6026795716 28.5899628881 28.3984241992 27.5033360101 26.6135808635 26.610425039 27.89926922 27.8985309024 27.1795519035 51.0151901797 51.0151901797 28.5568455301 26.6369928426 28.1244542895 28.1188889873 28.1256226608 27.1741048227 27.1322601461 28.2710239519 27.3665558689 28.1977870663 28.6158956977 28.5826299052 28.1742595179 26.7909742967 27.8124485378 27.1200593735 26.5435041546 28.0313576427 26.5413055919 28.588357559 26.9386420792 28.3478631813 27.2714462326 28.3910959815 56.9951294904 56.9951294904 56.9951294904 62.0538665 77.4661839106 77.4661839106 28.0109122385 26.8876353313 26.544910265 28.1682185979 27.2578763597 27.5396664557
28.1789627939 28.5297269143 27.7643607936 28.2434036287 28.1797677618 27.7237138336 27.4394648258 53.9339422451 41.7029879427 28.6074403583 27.2432779041 27.1845551398 26.6770225088 27.4576790765 28.5807740821 27.3851998834 28.2719141712 27.3930116914 26.6362157196 28.076818285 28.4969235956 27.5725008937 27.2119268594 27.734205059 27.0405609781 27.0645203255 26.9325078829 26.7574956663 28.2846896571 27.0014890662 65.7947825664 60.6207695719 27.852900448 28.3893471381 26.8656101072 28.1519132831 27.6769854554 26.7975655352 27.6659208261 26.9000733821 26.6240159608 27.4890430524 27.659562722 27.4608366066 27.6471220503 27.3699070562 56.9951294904 57.1310331469 77.4661839106 77.4661839106 77.4661839106 28.2257518227 28.5680624821 27.3274536537 27.12684318 46.5894496202 46.5894496202
27.0992489792 27.7880028348 26.6716028946 28.0172452786 26.876433015 27.9279822444 27.3235058064 53.9339422451 53.9339422451 27.234223819 27.0801793 26.9136682253 26.8690671433 26.7779601979 28.3786394553 26.6566764662 28.3954900401 27.3831810676 27.270140444 27.9049577605 27.9761653025 26.7947531918 28.0785294165 27.9554599317 27.1732478801 27.7818765114 27.1434640025 28.4504093745 28.1298372288 65.7947825664 49.8982581235 49.8982581235 28.1905540733 26.7531633645 27.5182990445 27.6582243858 28.4763203597 28.6199262524 28.1200350249 28.5068078502 27.5674342386 27.0889147476 27.5645061257 28.0760288031 28.3888882335 57.8972010862 39.0774852315 57.8972010862 62.0538665 77.4661839106 77.4661839106 27.2155577925 28.4413856579 27.7033151463 27.7312135976 46.5894496202 46.5894496202
26.8326048859 26.7645224428 27.1766291045 26.6119095315 27.7849885565 27.3437060777 27.573834306 27.1507192417 27.9557023045 26.8954058341 27.3191454271 27.1685760084 28.0523945244 26.7339676025 28.0349745639 27.2965465412 27.6559107212 26.8076037339 28.5257106392 27.5747576228 27.3232686089 27.8406066252 27.9781594361 26.928840932 28.47219615 27.61663271 56.441064406 56.441064406 28.3563848189 49.8982581235 49.4374003 49.4374003 62.3889780062 27.5000184994 27.3161346056 27.7444355941 27.2635859035 27.0128392526 26.6333595864 28.1451015074 27.9133460381 28.0012958068 27.6135830014 27.620181806 26.6897809933 39.0774852315 68.6446278085 39.0774852315 39.0774852315 26.7642314538 26.9734961535 27.1777950504 27.623203336 28.5125042952 28.3021106261 46.5894496202 28.4029640424
28.2747895569 27.8286865115 28.0199647068 26.8252179218 27.1477835727 28.3453324674 27.6423553642 27.9054184123 27.8293545491 27.5027314658 26.9295173215 27.8839476 27.3171021622 26.6312156904 28.149527523 28.4481388552 28.3521973431 28.0744761582 26.7138349446 27.9006167109 26.984353215 27.7805050232 27.2023463366 28.1260626928 27.6614734032 27.0431984334 56.441064406 56.441064406 26.9711252118 49.4374003 49.4374003 49.4374003 62.3889780062 27.482490884 26.5337799726 27.2071584479 28.0402661564 26.9029077785 28.0459413036 27.2025714184 27.8837862868 26.5956434055 27.9509486975 27.601772711 28.340164829 68.6446278085 68.6446278085 68.6446278085 53.8770612104 27.800707698 27.1039786183 27.3953461897 26.9742403483 26.9529909037 26.9757504155 26.9864304775 27.2851598446
28.5220886463 27.6650261954 27.019741855 26.5550153491 28.5723785739 27.4899505846 27.4053857576 26.6418958842 27.7366166777 26.7171336102 26.7894716473 28.1290857465 27.1780878138 27.8580321009 26.8218347044 27.2779679641 26.9077593787 27.9438635022 26.8550538905 27.815895577 27.182698185 28.5758113264 26.8858231387 27.1050683851 27.5283115005 28.3737748455 27.0262697878 28.46157393 26.6720380529 28.2603936828 68.1179931859 68.1179931859 68.1179931859 26.6827122491 26.6497827527 26.6290392764 26.7818894931 26.7340795683 27.6035117687 26.9995393286 28.4991285401 27.7917866893 27.1529501855 27.1631952939 27.5673409557 26.5082874851 68.6446278085 53.8770612104 67.4149818652 28.230970946 27.7283845995 28.0549890643 27.6849397901 28.0821767915 27.6014578881 26.8846432532 26.7354363207
27.7363575036 27.0687444951 27.1519918301 27.2832383256 28.4295242797 27.4804457683 27.5589966714 27.166823074 28.6165043584 28.2491066796 27.1086800315 27.3750122303 28.4290897404 27.9619254796 27.4751988902 28.2650864445 27.6810942136 28.240759499 27.3327443588 27.6126093743 28.4489770715 27.0961831657 27.7176432027 27.0146234217 27.2555034261 27.8709413433 27.7026912779 26.8943074885 27.580082524 26.9157974919 68.1179931859 28.4607513059 28.5043174838 27.8825123848 26.8814002935 26.896858804 28.5717530866 26.9270181713 27.7596105181 26.9026369227 27.3487236561 26.9622072638 28.6162845563 28.4243419059 28.3365167679 27.3173638763 52.4486832222 28.1165767914 28.2873566853 27.1479838804 26.7384753556 28.5045471214 28.0520362203 28.226245898 27.2625639764 27.597548994 27.5646331344
27.9994924653 28.6047241519 28.0046847631 28.5990242374 28.0657927427 28.4368278098 27.2399984721 49.5398008447 48.286787946 49.5398008447 28.3523535996 28.4828748909 26.6500815692 27.7507359242 28.1274669589 27.1008531677 27.0136124819 28.1059188334 28.3152958783 28.4070351665 26.6114467718 27.6794991207 27.5057664593 26.9880818826 28.4933088255 27.9846257706 26.8623775876 26.6901868919 27.3811928421 28.1066886408 26.682828701 26.6893048941 27.0568431657 27.0702381024 28.477623321 26.7335662387 28.4736177255 27.4249070235 27.3980618053 26.5581177854 27.0910586898 27.090174726 28.2745782285 28.517391601 27.0739603679 27.5441920236 28.3571692656 27.2800659444 27.4336804899 27.9952855314 27.5466407556 26.722617862 28.1925510764 27.9333398679 27.6564486952 27.2199221831 63.1186017737
26.6911144807 26.974201658 26.6393358839 27.3015936929 26.6547918053 26.6093061218 27.3737290888 48.286787946 48.286787946 48.286787946 26.7963910934 26.7342828449 27.7494433889 27.975076522 26.9116850415 28.0128834877 27.3994503503 27.0858850854 26.7273812638 28.5970766239 27.7652862058 28.3697719536 26.6538634898 28.4219819901 27.2219631974 26.5351621966 28.0898972587 28.2090927557 28.2864957008 27.6097098921 27.8331253659 28.0112174469 28.6056292746 26.6051365144 27.0964020588 27.1891047264 28.590345643 27.2806076054 28.0160434074 28.141429257 26.6926538936 27.1622063014 26.8530498606 27.9772333598 28.3631974201 27.9425380119 60.6427518581 26.7120318758 63.2590786184 27.6551623404 27.8205926119 26.8451741413 27.0166806028 27.1451121093 76.1455554473 27.104788092 26.7585538842
28.0383972764 27.9595658396 28.4746053394 27.1647871751 27.4147697593 27.1347253959 28.3063690972 48.286787946 48.286787946 48.286787946 27.5033719911 27.3900217463 26.7249296057 28.265159935 27.6159610915 26.5072774619 28.6069579562 27.0408933333 28.068140169 27.3266222524 27.328911672 28.5030238833 27.6687003787 26.8230747301 26.558539067 27.3916305166 28.0164941783 27.2920806757 26.7904336641 26.5402951325 27.1661947077 27.095740012 27.4795838091 27.8973086003 26.8550432237 26.9505760083 27.0324116087 28.0982329564 39.9919711198 55.3534836691 55.8565434371 74.6848191986 74.8454951399 27.9204382933 44.9859370151 44.9859370151 54.6641440132 54.6641440132 54.6641440132 27.0739971661 28.258685792 75.9094963002 75.9094963002 76.1455554473 76.1455554473 28.0234205664 26.5838587338
28.067218801 27.7939969727 26.9284487922 28.5426855689 27.1846225265 26.5965879715 28.0146472576 28.5990360622 28.0949728458 27.8430510611 27.6792590654 27.1243593516 26.7628087591 27.9838218948 28.2918138697 27.396592681 26.8170154528 27.1521249724 26.6773231701 27.1027075839 28.0850739732 27.8290088747 26.8608853034 26.9412778553 28.2063231981 26.6274891193 20.4421722104 28.1971564051 27.0018930697 54.7968402793 54.7968402793 65.943834453 65.943834453 65.943834453 56.5499596866 56.5499596866 28.0704048588 28.1976658164 39.9919711198 39.9919711198 55.3534836691 27.7868643939 74.8454951399 74.8454951399 44.9859370151 44.9859370151 44.9859370151 54.6641440132 27.3460077303 28.6145034684 27.6123154429 28.2801265746 75.9094963002 76.1455554473 76.1455554473 26.7820057269 27.3719848592
27.8577511625 20.8846926821 53.7309570353 51.8665061406 51.8665061406 27.672744134 56.5214065533 28.5358665819 26.7992766478 28.4987026711 28.6027208256 27.3840422752 26.9147480875 27.8268219979 27.1251883748 26.9876021781 19.9854034267 19.9854034267 26.7972403284 28.3158827096 28.580723061 67.9541528178 27.8989616007 26.7339602117 27.4546397795 28.2461826141 20.4421722104 20.4421722104 26.7985712783 54.7968402793 54.7968402793 54.7968402793 65.943834453 54.6122190947 56.5499596866 56.5499596866 27.379329189 43.0670227648 39.9919711198 39.9919711198 55.3534836691 26.7853450133 74.8454951399 74.8454951399 44.9859370151 44.9859370151 66.2121840243 68.1562266787 28.2445721897 28.3351176881 26.8761864866 28.4548132833 27.3660257753 27.5832656016 28.4316787635 27.1575349583 26.8299065084
26.9936188131 20.8846926821 53.7309570353 51.8665061406 51.8665061406 56.5214065533 56.5214065533 56.5214065533 27.4721884168 27.8735086898 26.9605594279 27.8276420228 26.7492590738 26.9131463811 28.0026721727 28.164172068 19.9854034267 19.9854034267 28.1545034766 26.7677807412 27.24746786 28.0029591201 27.7966637436 28.600855588 27.5199222867 28.0380975651 27.6239518248 28.3465943862 28.1308824479 54.7968402793 54.7968402793 60.6703006321 48.9342257184 28.1651897839 27.6985233103 28.1318633241 27.5613392234 28.1727418484 39.9919711198 55.3534836691 28.4325875479 27.5898655945 26.7012579181 28.2616424455 28.4889501416 27.6983152186 68.1562266787 68.1562266787 68.1562266787 28.5781479689 27.7127029209 27.5473703273 28.2917883878 28.4992795443 26.7645689098 27.4207447934 27.4157481706
28.5968882411 20.8846926821 51.7498547602 53.7309570353 51.8665061406 27.868378167 56.5214065533 26.5812245433 27.5428438704 27.9788798131 27.4477461946 28.5111392201 26.7428365511 26.9022532416 26.6086629191 26.6486282374 19.9854034267 27.5941943883 27.8858370484 26.629907563 26.6060860223 28.0398514773 26.9787766351 27.2259357807 28.6160551487 27.9773458463 27.2870459564 27.1904314386 28.0038536795 26.7518921593 26.612131725 48.9342257184 48.9342257184 48.9342257184 26.6286923723 26.8656598326 28.47998466 27.8778703374 27.54544618 27.6243555386 28.3421602059 28.1680275803 26.6690630947 28.0387954333 27.490686031 27.1702002905 49.3291769512 55.7265382989 49.3291769512 26.6964011732 28.1167416437 28.302567649 27.4669241458 27.5699371045 28.079999967 62.175979489 49.8871399032
