Spatial_Output/BAU/BAU_0163.asc
NCOLS 155
NROWS 192
XLLCORNER 196307.867259
YLLCORNER 449144.565805
CELLSIZE 33.573938
NODATA_VALUE NaN
[rows 50 to 74 of 192, columns 57 to 113 of 155]
45.0185729961 44.9121060696 44.5503312426 44.625616844 75.789424068 44.5344008894 45.0772570159 45.1355945282 44.8681351181 44.7951679948 44.7420306566 45.0506549216 44.9360743446 45.1656065183 58.141562086 44.9656097433 45.0236966312 44.5314285685 45.0900747821 44.759288108 44.6727674359 45.1932347599 44.893478933 44.5923869432 45.0250863369 45.17355518 45.0319885298 44.6009493696 44.947209197 45.2040492734 44.5343821103 44.7202657836 45.1627763578 44.517593062 45.0041513764 44.6573494271 44.9863282768 44.550327677 45.0231325519 45.0850205555 44.6369812065 44.5869873178 45.0701631339 44.8383155838 44.6010695238 44.5716469151 45.1842251425 44.9924448098 45.0343516697 44.9818590299 45.1171437384 44.8450382871 44.7663612049 44.7652005201 45.1550842921 68.1228345689 67.8183259179
44.9919369617 77.6995821155 74.2571579211 44.7381850956 45.1399134191 44.8695638295 71.8826461027 44.5254130315 44.9762147427 44.9335384042 44.5757744102 44.7410600308 45.1271233353 44.850865908 58.141562086 44.7482964506 44.9334627846 45.0531321955 44.611766898 44.5253586242 44.7431870185 44.6811433607 45.0376869811 44.8045768084 44.8897887485 44.6405071998 44.7127705687 44.8810618667 44.8977150938 44.6702637889 45.1179931717 44.8034629017 44.9601172521 44.8151561637 45.0616602616 44.6404389113 44.8231305782 45.0989438453 44.8310361278 44.6968700676 44.8085545574 44.9653995238 44.6885741832 44.9044282593 44.7621779492 45.187179015 44.7629319902 45.0916302843 45.0985165263 44.6911252519 44.5082710629 44.8057345873 44.9915211048 44.7763495302 44.9979682854 44.5922515972 45.1666401605
77.6995821155 77.6995821155 77.6995821155 44.913644728 44.9365818254 44.8941784779 44.5158947712 44.5942985446 44.5803821715 45.1985635562 44.7460680784 45.0462482919 44.6167706842 58.4014078027 44.8362335144 44.7427931556 44.9639349555 44.5759874391 45.0754890412 44.703208367 45.0879023334 44.8244276714 44.8949825593 44.7362282121 45.0104748688 44.5137467351 45.1230905942 44.9314351326 44.7401558698 44.5431795392 44.6453869401 45.1292156566 45.0403453461 44.7300102165 44.6444979382 44.5848602015 44.9313659025 45.1136728926 44.585105281 45.201501918 45.1391498847 45.1080813171 45.1662457326 45.1906070039 44.9031470159 44.8474940098 44.9721491346 44.575446884 45.0153059324 45.0501120281 45.0918054518 45.1314814576 44.5632235655 45.167429731 44.6711203388 45.1457829696 45.1503721335
62.2069213499 77.6995821155 74.2571579211 44.6535493658 44.9331723411 44.936579331 44.7953751163 44.6908216281 44.6339241474 44.6527351624 44.8787282793 44.5230596145 44.9791819679 58.4014078027 58.4014078027 44.5600326917 45.0033853323 45.0285707154 45.1342488069 44.9375996751 44.5103094783 44.783759628 45.1322998692 44.8765552709 44.8534781523 44.5875009394 44.716504579 45.0041197172 44.7623335466 44.8706969673 44.8385114856 44.6560903764 44.6039538192 44.6595980501 45.1209770696 44.9908996545 44.7991486846 44.755305649 44.6552516492 44.7872091406 44.9806797004 45.1273307618 44.8459229037 44.8609357585 45.0813133145 44.8903731153 44.8429633871 44.5703974566 45.1113651897 44.5509603606 44.9388581863 44.7837049552 44.6194394507 44.5680623257 45.1783555678 44.8672368786 45.0934323869
82.2371677013 69.5101402123 44.6146929506 45.010267708 44.9728439148 44.5644831862 44.5825439071 44.9151451289 44.9669907607 45.0185659051 44.9139349623 45.0041208572 58.7444885121 58.7444885121 58.7444885121 44.9530495445 45.0479190204 45.0014133504 44.5613153352 44.5267709078 44.9007356104 44.8629767056 44.6902722991 45.1017917964 44.853240579 44.9149440827 44.5021510038 45.0892809351 45.1954617277 45.1671200131 45.0353414116 45.07680365 44.9355352733 44.823580544 44.5381023705 44.8552534543 44.9776640534 44.9399762451 44.898606332 44.8862870752 45.1514410216 45.1339515134 44.5309574042 44.881680857 44.8914060773 44.9608541587 45.001117123 44.8027183673 45.0507210703 64.9202601886 64.9202601886 44.6835812546 44.6690671859 44.5768364204 45.0918126214 44.7183241874 44.6717433306
64.2650873727 64.2650873727 44.9459775292 45.0948605228 44.523610459 45.0303778648 44.9558832447 44.7304884042 45.0880798008 45.1272064908 44.8318050301 45.1267315166 44.9225506078 58.7444885121 58.7444885121 44.5379909075 45.1994366247 44.8651744252 45.0449085526 45.0076296395 45.0445815989 44.8642633136 45.178874489 44.5360140284 45.1793933759 44.9512704411 44.501987158 44.5456422492 44.9809937488 44.7821497076 45.170729034 44.8370638061 44.5129100401 44.5959556969 45.1025105745 44.9259907734 45.1825264176 44.5897591735 45.1317336764 44.6562886341 44.7820805672 45.1384614215 45.144845108 44.6210825865 45.1520661461 44.9119770901 44.8559358824 44.8352043125 45.1191505686 64.9202601886 64.9202601886 44.9156994188 45.1966342385 44.7965703551 45.0051757127 45.1983506162 45.0033453039
64.2650873727 64.2650873727 71.9176088972 45.1798987084 44.7690353141 44.8751405156 45.1318486606 45.2046870217 44.6968413872 44.9060744764 44.9645382789 45.0663446743 45.0934581769 45.1261404705 81.294399225 44.6833298983 45.1719809885 44.7438140485 44.5184656133 44.6050471766 44.9095273766 44.6823013401 44.9569938168 44.7507584768 44.8265708909 45.0225359803 44.8282920967 45.1479817439 45.1577685753 44.8329074523 44.5054096516 44.6639474209 45.0582868283 45.0755024841 45.1771482094 45.1961343196 44.8013511701 45.0726549925 45.1798437807 44.8034733954 44.8253158706 45.0538325401 45.2001072586 44.6427017376 44.9463761265 44.7329376158 45.1957173262 80.987795887 80.987795887 68.4516852009 68.4516852009 45.190633808 45.0587969641 44.7355507847 44.6322657428 44.8596896068 44.628618975
64.2650873727 66.8018134057 66.8018134057 44.5455544899 44.6957535168 45.1883962119 44.5144745988 44.843294348 45.0637027327 44.8715382214 44.6907799561 44.6054168163 45.1737761924 44.5431032878 44.6477825422 44.5107982022 45.106043071 44.5600733618 45.1107214233 44.7616677306 44.5891860592 45.1334624007 44.9407337009 45.0392316155 44.6490808845 44.8818808418 45.0840123695 44.6542204542 44.5686215512 44.517448124 44.8052521945 44.7740413574 44.7005806057 44.9028963984 44.6489093386 44.9811269719 44.5315314494 44.6238949558 45.1820194596 45.0913355394 44.6068583492 44.6198382753 44.7770170182 44.7584727268 44.7764647555 44.5188622854 86.9824771713 80.987795887 80.987795887 80.987795887 45.1808509232 44.9302700332 44.6674802889 45.1550815567 44.5337498736 44.8642941438 44.6009139185
66.8018134057 70.959605844 45.1838836037 53.067814172 53.067814172 44.8008535644 45.1577488165 44.6088207129 44.6456627492 44.888850066 44.8532913473 44.5314107552 45.0919721311 52.7665042042 44.9893948713 44.9533421312 45.0079010299 44.5262106717 45.0256229035 45.0834729076 45.0844817361 45.1417526594 44.9120815137 44.7962523983 44.5981393151 44.5617688053 45.1377112122 44.5889335985 44.5112849188 44.8119327411 45.0466915758 44.6030943583 44.9993387888 44.8930312217 45.1747462121 44.8737631999 44.5608301643 44.8964277115 45.0879548401 44.7679394158 44.5349987154 44.7936319228 45.0219113088 45.0188709447 45.1045540974 45.1972695944 74.6584258594 44.8408987284 44.7451180451 44.953822362 45.06744847 45.0444378269 44.5421861171 45.1400005431 44.9881341558 45.036780561 44.6298779058
44.7738989568 45.0095176476 45.041798418 53.067814172 53.067814172 44.9694216342 44.7982528632 44.7149490515 44.8866162983 44.6616238861 44.6478998005 44.6340717575 44.9060678464 51.6885785188 53.1473235055 44.8017976608 44.6385880405 44.720942075 44.5613702317 45.1774118208 44.7956435586 44.6889316418 44.9698502154 44.8216942693 44.9689242865 44.7471856921 44.8919103867 44.8389264416 44.5210283762 45.0183293244 45.1401594913 44.8562907992 45.1209996198 44.9484986616 44.5601302312 44.6840395638 45.1098235407 44.5140909923 44.8723308577 44.9502282222 44.5708333794 44.6697262738 44.794830192 45.1318637479 86.700601059 86.700601059 86.700601059 45.1276270292 44.8473059275 44.5618009294 44.739827705 45.0432572236 44.6021042204 44.6866240097 44.8466853531 44.9770549348 45.1630447256
44.985546764 44.6347342001 45.1138616248 44.9781048449 60.0406661861 44.7317303238 45.1707644621 44.9618492713 45.1067202572 44.9263133276 45.2028000737 44.7102084974 51.6885785188 51.6885785188 51.6885785188 44.5043033338 44.5169641225 45.065596952 44.7921652765 44.5900426207 44.827681631 44.8622579775 45.079956672 45.0884870802 45.0465707015 44.7220476914 45.0926459199 45.1639083787 44.6233529458 44.9002895569 45.0251890206 44.8763278102 45.1290832879 44.6866005028 44.7913457477 44.7562966208 45.150657736 44.9442516953 44.6181387738 44.9125368182 44.8148877839 44.7473887579 44.8063905752 74.9189969313 74.9189969313 86.700601059 86.700601059 45.191321657 44.8601116995 45.1819379136 44.6574697088 44.5732919903 44.9867677529 44.8175625956 44.50211743 45.1515390096 44.7304891951
44.5628689063 44.9206900772 45.1724741491 45.0344049429 44.829422393 45.0597966075 44.709298378 44.7407851084 44.6739109399 45.147668286 45.1365954427 44.5203495772 45.1845921798 51.6885785188 66.6065787689 44.7661199434 45.1525050391 45.1218622357 45.0908505787 45.0340294841 45.0789108859 44.9974155072 44.9954735372 45.1007120224 44.6989910697 45.10058037 45.1860024098 44.9252351427 44.9987333584 45.0765010285 44.703817165 44.6241979652 44.9860882578 45.107426762 45.1098518904 44.9854175996 45.0660699398 44.5031938533 44.6938264237 45.0794572044 44.6732528733 44.6737309395 44.6017990859 59.5025552002 74.9189969313 74.9189969313 86.700601059 45.0145967979 44.7530194838 44.5638590556 44.8035682526 44.7209365267 44.5926604638 44.9098564932 45.1604299058 44.5686552358 44.5149333962
44.929507015 44.8910839738 45.1583242373 44.5736209384 45.1713529613 45.0311263002 44.8254953265 44.5125616269 44.8370391072 45.0042189128 44.7767176906 44.9625460018 66.6065787689 66.6065787689 66.6065787689 45.1315088287 44.5218393851 44.7768863595 44.8563461006 44.7155843773 45.0236798018 44.5262480889 44.9485649159 44.8433831601 44.8681602435 45.1796242327 44.559254924 45.1330435241 44.9352374948 44.5918442061 44.6431640316 44.5308629529 44.6032997861 44.535521461 44.8067248676 44.6560228757 44.7415153786 45.0143916844 45.0601911561 45.0985725259 44.9178013868 44.9028909492 44.5798982791 59.5025552002 59.5025552002 59.1184064117 44.5413802636 44.9821311207 44.7362351583 44.8671998532 44.6738660982 44.6020067455 44.7129979959 44.6047846337 44.8607842519 45.2029698504 44.6120709573
45.189764958 44.9290317637 44.6566447844 44.5429249696 75.8601011502 65.4621714468 65.4621714468 44.522355961 44.8088427302 44.8812493792 44.8323085236 44.989755955 44.785195882 55.1905953564 44.6085555614 45.0555743199 44.8475761093 44.9173765971 45.1229362481 45.1667960898 44.8631784782 45.1579607453 44.5077908582 45.1500265464 44.8783645486 44.5701190238 44.7122256847 45.0613638638 45.0642890178 44.8736091995 44.742119128 44.8722675132 44.6584545464 45.1899501736 44.5851869804 44.8689757326 44.936844052 44.9626370794 44.9104976036 44.818418697 45.0028439282 44.8266027053 44.7583255186 45.0985718537 44.6742342402 44.7302493872 44.6894370412 45.0456216017 44.7899545917 44.7591215276 44.8841784833 44.5627513386 45.1880770813 44.7807800281 44.7975067871 44.8481811428 44.9739239649
44.733862376 44.5209152864 44.5175432493 45.1762105952 65.4621714468 65.4621714468 75.8601011502 44.6655008069 45.0738885405 45.2004388487 44.7695964453 45.1217513619 55.1905953564 55.1905953564 55.1905953564 44.6053462442 44.6900933934 44.9662088521 44.7659479392 44.5450657329 44.8734762746 44.6673341917 45.0182670129 45.1122872865 44.7340767541 45.0586632784 45.1710477375 44.9706124817 44.8205162754 44.773936792 44.5303095409 45.1163741768 44.539873241 45.1102864084 44.9033208637 45.0080585707 44.9053550581 45.1585841496 44.5857833972 44.8165760662 45.103579897 44.6723029095 44.9521719592 44.7723681584 44.9726338181 44.6361636798 44.8185031289 44.9839997036 45.0213462746 44.7104461478 44.8042814082 44.7628668191 44.6131621662 44.9903342835 45.0177864698 45.1894572095 45.0046926253
44.980049561 44.8540319638 45.1057670187 45.0926651795 44.7479278726 82.1759028524 64.8388595823 82.1759028524 44.9081046031 44.5985406125 44.85426681 44.5816293925 59.8296516357 70.9948884177 59.8296516357 44.8353989348 44.7664806088 44.9555109944 44.8437267524 44.6957300081 45.1452435744 44.9786389499 44.8031355627 45.1698851562 44.5983740605 44.8333766269 44.8413500572 45.0939798098 45.038598036 44.6552634158 45.0617227803 44.9885420086 45.1792689559 44.6516525151 44.5458439468 44.6675403487 44.685030618 45.1116880922 44.8112027501 44.6505936498 44.6965302376 44.675478593 44.938923592 44.7455905691 44.8623046126 44.6535473544 44.7628478246 45.1339559204 44.8488846031 45.1755223155 45.1209018986 44.8230327353 44.5619400971 44.5611225401 44.812481933 44.9837013128 44.9340057171
44.6943252198 44.8877256481 44.9786055507 45.0385477664 68.84018413 82.1759028524 64.8388595823 64.8388595823 81.1090771861 58.1209717764 44.8544249523 44.9232348308 70.9948884177 70.9948884177 70.9948884177 44.8835736792 44.9131729833 82.893847043 45.0947468511 44.9642179258 55.6127489737 95.1557032563 79.2769022953 44.8086125515 45.175024566 44.9535887266 44.9879835008 45.2019413802 45.2019837206 44.8551717898 45.1640522123 44.7977513062 44.8356309261 45.1166343634 45.2067052632 45.1368683481 44.9560572193 44.9407804832 44.6060692137 45.1545732846 45.1610798341 45.0708206549 44.844872037 44.920709228 45.0619476132 44.6184897378 44.7721399047 44.8415721455 44.6844578782 44.7018253626 44.739328667 45.1680920134 44.6421839946 44.6760689518 44.9769304814 45.11545051 44.7503160104
76.5658241221 45.1111339194 44.9050981273 45.1411484408 68.84018413 77.8796538013 64.8388595823 87.1906737005 73.595532791 73.595532791 44.757106369 44.5086778075 44.7760644503 70.9948884177 44.9913022122 44.620840253 57.8165131485 57.8165131485 57.8165131485 57.8165131485 55.6127489737 55.6127489737 79.2769022953 79.2769022953 72.7190961905 45.0322918174 44.5584719708 45.0385431953 44.6976123376 44.6528337884 44.8633689579 44.9935130204 44.675984487 44.9895597129 44.9314505722 44.807968346 45.0769552285 44.7979060258 45.0049035232 44.7382074766 45.0480019257 44.8326685623 44.6858123041 79.8587995561 79.8587995561 79.8587995561 45.204801001 44.6623403421 44.888014297 44.5093665121 45.0201108188 44.5537575444 44.860382552 45.0729326389 44.5265219416 44.8313566166 45.202394008
78.0178140307 44.885653933 45.0345667383 45.1967786156 85.5367459121 74.3721615805 87.1906737005 95.2704524035 73.595532791 58.1209717764 44.6909628768 44.6495093886 44.9272295775 44.9815932061 45.049017315 44.5446708085 44.9698453349 57.8165131485 57.8165131485 61.2811587095 55.6127489737 55.6127489737 79.2769022953 57.1118279562 57.1118279562 57.1118279562 45.1178665579 45.1409817769 44.5066516503 44.9990850919 44.8740984081 44.9540124063 44.9517698301 44.6873659973 45.1540351287 45.158678673 45.0624346237 44.5048183049 44.8480421205 44.5288335306 44.8622197097 44.8338786872 44.6385561572 79.8587995561 79.8587995561 45.0973877115 44.689151113 45.1564313244 45.0494707599 44.8640019084 44.5477314418 44.802537641 44.5334506111 45.0144698652 45.2062566097 44.5229608057 44.6290582735
45.1163777168 44.9770243556 45.0240105279 44.9610863087 65.5714348748 65.5714348748 74.3721615805 45.1557989826 44.9065808489 44.6701912759 44.753572699 44.8258579068 44.7275878002 44.5010359749 44.6744019104 44.6066034965 61.0133038274 61.2811587095 61.2811587095 61.0133038274 55.6127489737 44.578497044 79.2769022953 45.1876174787 57.1118279562 45.1161043007 44.5150329634 44.8443589004 44.64762077 44.9051878391 44.7183814641 45.0124766336 44.6561040146 44.7522898725 44.7485211953 44.9007822063 44.9260121496 44.8225596837 45.1014149498 44.7987988546 45.0905367632 44.8313034608 44.8468018394 44.8399289218 44.8879527782 45.1963068854 44.8395073872 45.112738496 45.1552600684 45.040345544 44.7893528141 44.9123626886 44.6234579521 45.0118844824 45.0933141339 45.0736201782 44.9251783602
45.1061229711 44.9816696412 45.0958832798 44.7896482874 44.6217413657 59.7084516124 59.7084516124 60.7938072349 44.6505463156 44.6990288136 44.5307169789 44.922407804 44.6468120384 44.6006981579 45.1156157869 44.5155118871 45.0973675895 57.1641660141 57.1641660141 44.6857645409 44.7191950123 45.1644640507 44.6424130152 61.9631197963 61.9631197963 61.9631197963 44.5535884087 44.7580402728 45.0547080744 45.1347469613 44.7109568602 45.1353958526 44.7092886049 45.1429038299 44.6627863082 44.8168931608 45.1802002539 44.6070183971 44.9568670855 45.0831113723 45.0438198116 44.977735358 44.5018418425 68.1405883768 44.9234122049 68.1405883768 45.1295637586 45.1653321677 44.7128361625 44.9248616872 44.9712998998 44.7535679678 44.5049322729 44.6571835273 44.5999615618 44.9307239849 45.0368197093
51.0196689018 44.7375658115 44.5190305634 44.662448679 44.871990157 59.7084516124 59.7084516124 60.7938072349 44.6440676597 45.1841872578 44.7416546233 44.8072273226 44.5341703506 44.5894873353 45.1831960635 44.9666908199 44.7971572134 57.1641660141 57.1641660141 57.1641660141 44.8365283254 44.8360489946 44.517342616 44.6432991626 61.9631197963 44.7374264427 44.703140543 44.9744539601 45.0704225701 45.0284221348 45.0218897612 44.9590348934 44.9952056183 44.5592959078 44.6584560343 44.5141909381 44.6381114359 45.1895398861 44.5913670999 44.8009021861 45.0415111202 45.033901848 44.7468482449 68.1405883768 68.1405883768 44.633142253 44.960605547 44.5917351809 45.1432594314 44.8693759517 44.791889956 45.1660610883 44.6446566459 44.744257124 44.9445609512 44.5069863173 44.682465189
44.9721629476 45.0307717972 44.6695717688 45.0849885886 45.0543344041 68.3354874261 60.7938072349 68.3354874261 44.8398924543 44.9646319131 44.5188167872 44.5483458115 45.0342718507 45.0440707211 44.5757135579 45.1252880888 44.8628319513 44.7657026509 44.6168178602 44.5261792528 44.9047811577 45.0870998738 44.9959187065 45.1292306043 44.7796496928 75.5118042039 75.5118042039 75.5118042039 44.8245352242 69.6593148975 44.9189230635 63.5366825965 45.0047107584 44.6855539612 79.7424562568 44.9398771976 45.2048101921 44.5513123941 44.6408382889 45.0778312724 44.5146198882 45.0191571021 44.6304908739 44.9140492607 44.7295211457 67.8403376039 44.8312442616 44.8388596772 44.8828497359 44.697994259 45.1487482433 45.0680740785 44.99717936 44.7752976559 44.6463944254 45.078165104 44.8701456506
71.0581616479 44.9731991199 45.084731383 44.9846497769 44.5641898557 45.2017192972 44.9617254325 68.3354874261 44.8001466626 44.608752345 44.7617965531 45.1904515416 44.5726468206 44.65803703 44.9064465606 44.5718878076 44.9004761272 66.2936842785 62.9574892564 45.1829172401 44.6897620579 44.862376989 44.7100503957 44.5138055114 55.9683480305 61.5371212566 75.5118042039 75.5118042039 69.6593148975 69.6593148975 45.0456014409 63.5366825965 63.5366825965 44.8279773376 79.7424562568 79.7424562568 66.245045195 63.7911768968 45.0002328891 45.163518164 44.6150660983 44.7879968682 45.0386018344 67.8403376039 44.9227093352 67.8403376039 44.9874105624 45.0075411991 44.660769724 45.179094132 44.7644676001 44.5255099215 44.5033509242 44.5427205833 45.0913617532 44.5958982956 45.0546648464
66.9609707259 44.9789136245 45.034459424 44.5376292134 44.7092759273 59.0916130753 44.7847650251 63.773456211 44.5491975086 44.905567901 45.0349641474 45.1563173454 44.8986328176 45.1637494684 45.0663740405 55.5118808913 67.8548054403 67.8548054403 66.2936842785 44.6271872426 44.5725899184 44.6553167322 44.6684678967 44.9356292338 55.9683480305 61.5371212566 61.5371212566 65.5958981397 69.6593148975 69.6593148975 44.6973240787 63.5366825965 44.8161885435 79.7424562568 44.5766003027 44.8028454875 66.245045195 66.245045195 66.4357953882 64.1207904513 44.5648253673 44.7665125339 44.5722337222 45.0027808078 44.6586745293 44.6744554416 44.9570076312 45.0265860313 44.9853119907 44.9235461323 44.891599877 44.9890682789 44.7992432026 44.8841480837 44.8020704334 45.2003538067 45.0093923479
