Spatial_Output/BAU/BAU_1199.asc
NCOLS 155
NROWS 192
XLLCORNER 196307.867259
YLLCORNER 449144.565805
CELLSIZE 33.573938
NODATA_VALUE NaN
[rows 75 to 99 of 192, columns 56 to 111 of 155]
61.6308085908 28.1709017907 27.8905739692 28.0219158065 27.5899482664 28.1466136532 27.7328371249 67.0378696622 67.0378696622 67.0378696622 28.1399500417 27.880336199 27.5468453257 27.8295023577 28.0334723049 28.1426718337 49.5799712164 49.5799712164 49.5799712164 58.0846640378 55.6881011077 27.9104155158 28.0249121047 28.0529094872 50.420271959 56.7784187381 27.729393666 65.5010958674 43.3666014523 60.5403285206 54.162413387 28.1185744201 28.1906465929 27.7268157229 28.0194724581 27.918674284 28.1613921361 28.19561625 52.5044647745 52.5044647745 66.0381011981 66.0381011981 27.7485391588 27.5594571996 27.6585476427 69.7617705179 46.1743348053 69.7617705179 28.1458762134 28.0503925618 27.8120213132 28.2064755983 28.126147837 28.1936257903 27.6438628725 27.868670648
27.8284061054 27.8729716742 27.5400861446 27.7638271239 28.0206117938 27.5929840899 27.9974222389 27.6879392358 61.4013870711 28.1434207803 28.1563651994 27.7675627003 27.7896865564 27.955896889 28.0230288108 28.094922484 27.5197250135 49.5799712164 49.8171164648 27.6032985939 28.1624139677 27.8752197891 27.6326525008 27.6676780149 28.0672686151 27.7459854628 28.1519522468 51.7507915245 51.7507915245 51.7507915245 28.1870597672 27.6311274355 27.6008955639 27.6787019806 28.1911460489 27.8542629709 27.800858261 27.9345816412 28.0286078827 52.5044647745 66.0381011981 66.0381011981 27.9401475948 27.6011247331 27.9814665178 75.9910740055 75.9910740055 75.9910740055 27.702606115 28.0813843337 27.8032664065 28.0255890128 27.6013309265 27.5456042278 27.7528970335 27.7891785137
49.3702488592 52.586651125 60.4247538473 27.6512337146 27.8260658959 28.0155551186 28.0929367037 61.4013870711 61.4013870711 61.4013870711 47.3008729307 27.9107180561 15.8669982585 25.7832956467 13.7268781187 27.9188102534 51.7289312098 49.8171164648 49.8171164648 58.1506557401 27.800064443 27.5873662343 28.0811491261 28.0690229337 28.120719151 27.7551318404 27.5710280236 27.5173471953 51.7507915245 51.4239890261 27.7730950105 27.9730319129 27.9394040333 28.0809583508 27.6586976989 27.6079691039 27.5094720117 27.6627163159 27.5602349375 27.6702480403 27.8094899924 27.8425973771 27.5333655303 27.6292761596 27.6738694556 72.6120105718 75.9910740055 75.9910740055 27.5561318665 27.8596494008 27.8014646405 27.8203857455 27.8575867035 27.8151082722 27.7203549228 46.4702740284
78.6767943034 52.586651125 60.4247538473 54.5626865919 74.9652726922 50.4888795965 27.5664545224 58.3608766902 28.1114859731 47.3008729307 47.3008729307 58.5619198057 21.1293383898 20.1973680543 14.6811996905 27.5319928619 28.0304879976 58.1506557401 57.4432964132 27.974309843 27.5623802564 28.1890292123 28.1555534749 28.0297677778 27.7230138747 27.5190514711 27.5162912711 53.2665259597 45.7111014231 45.7111014231 28.1488001114 28.0203611998 27.6450736565 28.0280197562 28.1267299913 27.9283147327 28.1519007708 27.528701763 27.9833900318 27.8525797723 28.0449449762 27.679594498 27.5454243446 27.7871615422 72.6120105718 40.4603511956 40.4603511956 27.7399017055 39.7823207975 27.5530952307 27.786110289 62.3090520777 27.9127045755 27.872345565 46.4702740284 27.6205629756
78.6767943034 52.586651125 52.586651125 54.5626865919 54.5626865919 74.9652726922 27.9131118997 27.8664365533 63.1252790259 39.8986411615 39.8986411615 58.5619198057 24.7393992252 23.4911375269 16.0986913712 28.0332240972 27.6339219952 27.5951618371 56.7917338386 27.9660010883 27.578483621 27.9248439988 27.9483412295 28.0370029489 27.9533807456 27.7553914789 27.9669268032 28.2041743586 45.7111014231 45.7111014231 45.7111014231 27.7678422973 27.619485139 27.8431222776 28.1675632911 28.1493980036 27.7957900599 27.6598883021 27.5016711767 27.9352138875 28.0866711519 27.7699902087 28.0176532537 27.9489924079 72.6120105718 40.4603511956 40.4603511956 49.7347291313 28.0784873638 27.6217712235 62.3090520777 62.3090520777 27.5030664192 28.112628104 46.4702740284 46.4702740284
78.6767943034 41.7605285669 60.4247538473 54.5626865919 74.9652726922 50.4888795965 65.1064090001 63.1252790259 39.8986411615 39.8986411615 39.8986411615 27.7911570762 27.9919089648 27.6749523588 27.5318519276 28.1974898984 27.6406838475 27.9492700766 28.0847717224 28.1421852236 27.9558110848 28.0742881764 28.1401986613 28.0235500554 27.7947589284 27.7511785219 27.7259331901 27.5846249284 53.5568893304 53.5568893304 27.6142713652 28.0838228741 28.0380940249 27.6478107065 27.9599512733 28.1111857212 27.9680627789 27.5252440788 28.1028726843 28.1952718236 27.6233239724 28.0390021817 28.073334498 27.7979469552 27.7181984058 27.5299022922 49.7347291313 49.7347291313 39.7823207975 27.908042724 27.9447350745 62.3090520777 27.5804219628 27.9028096368 27.8501293988 27.8716193379
27.9400233106 27.6751374657 28.0076046676 27.5154396663 28.0357389967 27.9960361488 27.6098310017 27.8037769253 63.1252790259 39.8986411615 39.8986411615 28.2067274261 27.8431962167 28.1817752658 27.6479703371 28.1301837968 27.9734827911 27.8225881519 28.1850432033 27.6707854367 28.0474290687 27.9126952688 27.7906034154 27.7691370993 28.0273271628 28.033312857 28.1043492202 27.6743497714 28.1630898479 55.6531338781 55.6531338781 28.1603161168 27.558560957 27.9087484231 27.6950197685 28.2013076018 28.0028146877 28.1718270281 27.7524988755 27.6803335262 27.9935899437 28.0258653982 27.9344155488 27.5623392674 27.5224294692 27.989897433 56.6276895717 56.6276895717 56.6276895717 27.5465146537 28.0101148661 27.6813618914 28.1175998315 28.0112117109 28.1481666307 27.8970988573
28.1504494626 27.6199509458 27.9689912602 27.589367428 27.6830356449 28.0496758213 27.6428234098 27.8282592454 56.5477955034 56.5477955034 28.0670729755 27.5356958852 27.7614328152 27.9032560955 27.8396499938 28.1818115396 27.5983132344 28.1810980299 27.5440348334 43.0501993418 43.0501993418 28.1371339534 27.5389789599 27.983510757 28.186050576 27.983282156 27.9668891969 27.8150538696 55.6531338781 55.6531338781 55.6531338781 27.5410095737 27.7082407619 27.585876951 27.5578676972 28.071942716 28.1956591754 27.9460430303 27.5558983825 28.0603628298 27.6851329427 27.5793237475 28.0895061623 27.9466628545 28.1424668724 27.7539693495 56.6276895717 56.6276895717 27.5114813604 28.0460646549 27.7484561088 28.1203432852 28.1196191689 27.8276758607 27.7234780714 27.8035238412
27.8346680323 27.5846721231 27.5418208897 27.8602488177 27.5632270963 27.727501483 27.6309981043 52.2117908857 56.5477955034 56.5477955034 28.1436119423 27.5724125864 27.5896312404 27.9825281454 27.6931979854 27.6843242962 27.7645553704 27.6281660003 43.0501993418 43.0501993418 43.0501993418 28.2064539859 27.7631175678 27.9410341171 27.6417892872 28.0660598994 27.8860348809 27.9902657101 27.525127446 28.0302350075 66.0611589315 66.0611589315 27.680661398 27.9921390234 27.5272918756 27.8278696136 28.1091030114 28.0664204241 28.0415256416 27.9986332576 27.6015375678 28.1520348242 27.7918954925 27.9107878217 27.9489354663 27.5858189953 44.9921587183 44.9921587183 44.9921587183 27.7738498345 28.1199194877 27.8933126038 28.0545510958 28.1539756875 27.5822745732 27.9198539761
27.765250065 27.7304138627 27.5253405878 28.0059438424 28.0674701839 28.0659181741 27.8955628607 27.5156072898 60.8690848704 27.9012299542 60.8690848704 27.7431620651 28.0703062351 28.1228151312 28.0484076691 27.6698692691 27.6449655186 27.7395531296 27.7460920974 61.7342176656 36.2751645008 36.2751645008 27.6998106213 28.0972530928 27.5996140388 27.7701855959 27.5572499163 27.5891424439 27.9677235131 66.0611589315 66.0611589315 66.0611589315 27.7074006329 27.9836083059 27.7642679331 27.7872699255 28.1210833507 27.9251747376 28.0801802088 27.9828487546 28.0456099533 27.9095957316 27.7001358186 27.8394941932 27.6797338785 28.064100421 55.5534652406 75.4183234753 75.4183234753 28.0288617771 28.0504954521 27.9905690731 28.0949032269 28.0697028925 27.6614853654 28.1204894513
28.1464944489 27.9924370755 28.1422834789 27.6208316781 27.7970074698 28.1548518589 27.9728105825 27.7815184385 50.077275293 50.077275293 50.077275293 27.6246967111 28.0000305864 27.8312196309 27.5864525594 28.2016096524 27.6396766177 27.600041886 28.0248726738 36.2751645008 60.451761278 60.451761278 60.451761278 28.093105928 28.1566467397 27.8970875924 27.9320682378 27.7567791258 28.0369221415 74.5670477367 66.9977325195 66.9977325195 27.8027339923 28.1072043111 28.1473076558 27.5064714221 28.1669967352 27.553645583 27.5172950536 27.8035718375 27.7410979773 27.7197224447 27.7753517403 27.6860677417 28.1603331969 27.7403856243 75.4183234753 75.4183234753 75.4183234753 27.6921559646 27.6591860992 27.5630303225 27.5972391737 28.054649635 27.7372878888 27.7016570184
27.9451152204 27.7394873663 27.68717452 27.876435547 28.1688206198 27.5165124248 28.1930673624 27.9417223288 48.6781368885 48.6781368885 55.0780904663 27.7100983405 28.1279840766 27.5299177521 27.8274627009 28.0270926838 27.7284736026 27.5611588869 28.0212940024 27.5139495191 27.8599493758 60.451761278 27.5161651917 27.6159490785 28.1321097214 27.5362119611 27.6554089913 27.9776097992 27.6754973254 66.9977325195 66.9977325195 66.9977325195 28.1484714091 28.1149582497 27.7442474675 28.1756038938 27.8488140595 27.6522255036 28.157142853 27.9219116823 27.8453293004 28.0829480212 27.623327818 27.6503494927 27.7440169601 27.572243038 27.9864141471 51.8517438252 51.8517438252 66.7140223543 66.7140223543 53.4857082228 53.6187665369 28.1011662061 27.6939657995 27.5887085553
28.0119940101 27.8885080127 27.6381245323 27.5168317333 28.1029396634 28.146881415 27.7915428589 48.6781368885 49.5839495215 49.5839495215 48.6781368885 27.867543186 27.5956888 27.5924221872 27.8211321068 27.9247444405 27.6339117101 27.9112590366 27.8273098007 27.7583833201 28.0283975945 53.1181015466 27.6592697499 27.5117757599 28.0066093845 27.6319812613 27.534380339 27.7984087418 27.9797443913 27.9666336283 56.4837683884 56.4837683884 27.6751139204 27.5224148018 27.8140822456 27.9877629573 27.5896383691 27.5197840962 28.0998422397 27.6917874553 28.2046301244 27.9883674894 28.0371083518 27.6407638622 27.6896539722 27.6050611616 27.876854222 51.8517438252 51.8517438252 51.8517438252 66.7140223543 53.4857082228 53.4857082228 53.6187665369 49.2597010226 49.2597010226
28.2039505071 27.7970028394 27.9057402595 28.1435578573 28.0171929698 27.8499713438 27.529352832 49.5839495215 49.5839495215 49.5839495215 49.5839495215 27.7923276327 28.1312901742 27.8222513344 27.9175044846 27.5886903262 28.1391250567 27.815951643 27.8099234797 28.0578315966 60.8223113064 47.2919307241 47.3837790658 27.5819407064 27.8437071527 27.5160290694 67.3704700405 27.9051939374 63.890072117 27.8296267176 51.7080039949 51.7080039949 51.7080039949 27.783941959 27.5312734329 28.0201836269 28.0450852637 28.0188715212 27.8795619437 27.514801359 27.9679509996 27.6841163308 28.0995900117 27.6020579509 27.561726534 27.8839806869 63.0224383218 51.8517438252 51.8517438252 66.7140223543 66.7140223543 53.4857082228 27.9738793039 27.5119453476 49.2597010226 49.2597010226
27.7702885492 28.0867551405 27.9503342155 27.9110655421 27.5476461167 27.9259337282 28.0854304175 28.2031524785 53.7526632699 53.7526632699 55.8672489088 27.6090414629 28.1118104838 27.60877912 28.1905899479 27.9234502319 27.8772358416 27.9670805542 27.9282999915 27.522237253 56.3152099265 56.3152099265 52.3380676564 52.3380676564 47.002589106 47.002589106 45.8411598466 46.5939174994 46.5939174994 72.5275812759 51.7080039949 51.7080039949 72.6176793751 27.8950113154 28.0456172172 27.8533534332 28.1205056805 28.0402710597 27.5378977694 27.6920484878 27.8404717816 28.0125592229 27.9641020317 27.7902194511 28.19960228 27.9044683222 60.9219586675 60.88066576 60.88066576 27.7681600939 28.0451455907 28.1744216853 28.1243667824 27.8195528411 27.5656299166 49.2597010226
27.6038032658 27.5406018661 27.8960749923 28.1411677064 28.1678631713 28.0914762047 28.1273424774 27.6726532997 67.5067343003 41.0150191312 27.6579680451 27.639605404 27.5911039556 27.8626252704 27.9929739387 27.741537747 27.9283400405 27.5353347448 27.5968227578 28.0272400387 56.3152099265 64.3573274933 52.3380676564 52.3380676564 52.3380676564 47.002589106 27.5880008619 46.5939174994 46.5939174994 72.5275812759 72.6176793751 72.6176793751 72.6176793751 28.2062426214 27.8785718562 27.531451645 28.149568052 27.6006895 27.6103107794 27.6555959855 27.6538716071 28.1395147673 27.9615561842 27.8890075591 27.5097178681 27.8752676017 60.88066576 60.88066576 60.88066576 55.5374130528 27.6031942746 27.9623991186 27.6036382895 28.0572139743 27.6326783053 27.5015760999
28.111852851 28.1411889607 28.1299845515 27.6899705549 27.9423705509 27.6761343077 27.6014084699 27.7649374999 41.0150191312 41.0150191312 41.0150191312 27.5635982881 27.736311192 27.5008954588 28.1305282182 27.9168369225 27.7576549213 27.5453221027 27.9149681288 28.0679708018 64.3573274933 64.3573274933 64.3573274933 52.3380676564 47.002589106 27.9087928026 45.8411598466 28.087547488 46.5939174994 27.6310948947 58.9056384433 72.6176793751 47.4990814109 47.4990814109 28.007551031 28.0945179254 27.7388135911 27.5547067102 28.0483053455 28.0118087493 27.6218318389 27.7178753246 27.8166503528 27.7011046012 27.7371751551 28.1295282504 27.9270751432 55.5374130528 28.1965968986 27.951735504 27.9137493099 27.5454512458 27.8992439723 27.8626976821 27.8308250868 27.5275450133
28.1373853108 27.9948396573 27.5138752061 27.7585946908 28.177332293 27.5373971507 28.0043902876 27.9072586604 50.9454254779 41.2268671554 50.9454254779 27.7553761909 27.881494292 27.7133085907 27.9111465232 27.514518195 27.9133733586 27.7233702359 27.5972865649 27.5878010705 44.3917115098 64.3573274933 44.3917115098 27.9784311178 27.5681993966 28.1957358742 28.0876363685 27.7729753886 27.8568657731 28.1967266169 27.552076924 75.1682967097 75.1682967097 75.1682967097 27.5104794909 27.685493597 28.1214306084 27.5967271329 28.1553992816 27.867016455 27.8976153431 28.1976519487 27.7350318125 27.7697781168 27.9212072956 27.6687217163 27.9589452286 60.448465116 59.6495109847 27.5123316103 28.1691793033 27.9759966971 28.0524889977 28.0570993342 28.0515660927 27.8917630984
27.6089672776 27.5004665084 27.8993241615 27.8988990977 27.7921422581 27.6147367339 27.9972412171 27.8481018672 41.2268671554 41.2268671554 41.2268671554 27.8945533234 27.7572132618 27.6292594701 28.1476730556 28.2016673469 27.6473318736 28.177334701 27.5304495014 28.1501469622 44.3917115098 44.3917115098 27.707771051 28.0209612544 27.8132492347 27.9522366905 27.5608126918 27.7300554243 28.1945396698 27.9306778123 27.8382517862 75.1682967097 75.1682967097 27.5698274142 27.8544174173 28.1418155858 28.2003501148 27.9153280334 28.1798506955 27.7543966601 27.6942787072 27.5799140527 27.6583858968 28.0013921881 27.829675242 28.0596552226 27.8849688165 60.448465116 60.448465116 60.448465116 28.1499051517 28.0675290592 27.8798042493 27.8253863037 27.8991998247 27.9333266849
27.6263872531 27.531577252 27.8481500932 28.1886797314 27.5474291227 27.7867355367 27.5018808347 27.6845234813 41.2268671554 41.2268671554 27.6394616396 28.0439903415 27.7489643488 27.9881721717 27.7062682821 27.5270500577 28.0381920721 27.505004498 27.561132164 27.749357304 28.0791333865 28.1684213599 27.5561328486 28.041477864 28.1020878646 27.9498867043 27.7824548687 27.9485393946 27.7442977356 27.6795922084 27.5397954242 27.5030398775 27.8247580565 27.5720530223 27.8437242843 28.1102437781 27.7075920381 27.6783489152 27.7958530976 27.8220500205 27.5824767652 27.7436549567 27.6501544447 27.7936328844 27.5920412436 27.9614603637 45.275222394 45.4997667081 45.4997667081 27.6695715537 28.1278641069 28.1608592954 27.8354972084 28.037809097 28.0863868359 27.8949465426
27.8755065345 28.1386727607 28.1923581867 27.863889094 27.8017385751 28.0670780112 28.1317934274 27.8078297409 27.5495334347 45.5569161027 27.6280388253 27.8598289732 27.7056596145 28.0126675952 28.1218778125 27.7253799575 27.9986893081 28.0847640394 27.7445891657 27.7433082153 27.5850609625 70.8461211133 27.558234636 28.196276522 27.5410337861 27.5431372332 28.1513800244 27.8294483028 27.6832835793 27.7087955209 27.7534970133 28.0974054593 28.1202082758 27.5770887198 28.1406668285 56.1779012478 28.1267383848 49.2301844237 45.995414011 61.026514896 60.1994727095 60.013241673 54.4279780224 27.8010253743 73.2072482359 73.2072482359 45.4997667081 45.4997667081 45.4997667081 45.4997667081 27.9522627815 72.3374442498 27.7813667727 27.7220349686 28.106514966 27.6219127375
43.1180413441 28.0555724895 27.7355344594 60.0585761052 27.7251950922 27.5546713368 27.9319894226 28.1751779318 53.2848655023 53.2848655023 45.5569161027 55.6177980548 27.7751232597 27.7832187865 27.6064226791 66.7110235827 27.9463612596 27.5447916679 27.9259938324 28.1034122537 27.6231508019 27.7658430504 58.1356033002 27.7004716556 39.1105591629 28.0493946156 27.5777984751 52.6437077927 55.7968712001 61.0009764737 74.7815025064 49.7951245508 44.3194962707 44.3194962707 51.8738079307 56.1779012478 56.1779012478 45.995414011 45.995414011 60.1994727095 60.013241673 60.013241673 60.013241673 40.9498297353 73.2072482359 73.2072482359 28.1419568671 28.0959099563 72.5829459746 72.5829459746 72.3374442498 72.3374442498 27.9913865835 27.946623652 53.0098957758 27.7091111941
77.801786685 61.5367241652 61.5367241652 60.1005135623 57.178152346 56.4132377408 56.4132377408 44.4681566803 44.4681566803 57.5689681329 57.5689681329 55.6177980548 55.6177980548 27.9682939769 28.1737029425 28.0018517859 45.2540622031 46.8195698826 47.9430758959 47.9430758959 54.1137218366 58.1356033002 58.1356033002 27.7830839033 39.1105591629 39.1105591629 69.1500372755 55.7968712001 61.0009764737 61.0009764737 74.7815025064 74.7815025064 44.3194962707 44.3194962707 44.3194962707 56.1779012478 56.1779012478 45.995414011 45.995414011 27.625412353 28.0933387641 60.013241673 60.013241673 59.1297736223 73.2072482359 73.2072482359 27.9406787262 28.1696021256 40.065428921 72.5829459746 72.3374442498 27.9587541206 27.60515491 27.6404608604 28.0374326269 27.6664757559
45.7119841966 61.5367241652 61.5367241652 57.178152346 57.178152346 56.4132377408 56.4132377408 44.4681566803 44.4681566803 57.5689681329 57.5689681329 55.6177980548 55.6177980548 27.7322339591 66.7110235827 28.1991763362 28.1209886646 46.8195698826 47.9430758959 47.9430758959 54.1137218366 58.1356033002 58.1356033002 28.1035985671 39.1105591629 39.1105591629 69.1500372755 52.6437077927 55.7968712001 61.0009764737 74.7815025064 27.5277877606 54.8185841251 62.7718580982 54.3509256865 56.1779012478 27.6502527977 27.557459942 45.995414011 27.7470024292 27.6670666165 27.9588953949 28.1987144551 27.6048168549 27.5010524552 27.6757213772 27.9298521485 40.065428921 40.065428921 40.065428921 27.5380563299 27.8469835154 27.9511723745 28.0242851049 27.8277864514 27.8889727983
45.7119841966 27.6594825462 77.9907982463 27.6275249529 57.178152346 27.737807981 56.4132377408 44.4125710434 87.71710801 54.1326999347 57.5689681329 55.6177980548 28.1000506145 27.6288274543 27.5589370698 66.7110235827 27.6204491153 47.6988264367 46.8195698826 27.9187264736 48.2023380044 48.2023380044 58.1356033002 27.7350355582 28.1828198959 27.6931497941 27.5214407827 27.7278998342 27.6921992352 27.8844221156 27.9910358948 27.8424994692 67.628070448 74.8551504554 67.628070448 27.5417016572 28.1196853152 27.5505223956 27.656670244 28.0769054428 28.0911164646 27.6230944671 27.8699423623 27.5927147903 27.8118843388 27.8918511108 27.5792745455 49.2315298039 49.2315298039 27.6479590484 28.2019736634 27.8502212214 27.5489292222 27.8669104298 27.9732842332 27.6603087648
