Spatial_Output/BAU/BAU_0170.asc
NCOLS 155
NROWS 192
XLLCORNER 196307.867259
YLLCORNER 449144.565805
CELLSIZE 33.573938
NODATA_VALUE NaN
[rows 75 to 99 of 192, columns 57 to 113 of 155]
79.457347365 45.0019794462 44.5426606713 45.1531012985 44.8154249173 44.6835924061 44.6786420438 45.167920006 44.5426944265 44.5437559961 44.9490630466 44.6029494177 44.6010667829 44.700927694 45.1508708928 64.0880631667 64.0880631667 57.0640580383 79.3628407273 71.3788205969 60.295862888 45.0871477624 54.8570346418 44.5861210454 69.7508481343 44.5014865284 44.6252797994 44.6615481033 44.6727110211 45.1997088557 44.7047507853 44.5291194544 44.5929610438 45.044978049 44.7622243935 44.9531437794 45.1018568721 44.8668544576 62.5601580917 45.0056076776 45.1337617883 44.6916124668 45.1162919565 44.8191819529 44.8527128482 45.0883304409 67.2329848097 44.7935213734 44.8387647742 44.8344899216 45.1702568885 44.7086145929 44.7184858066 44.8487184355 44.6612154942 44.899155464 44.9358847829
93.0862236471 44.6204016296 44.9194335576 44.8843148096 45.0389088451 44.6357865429 67.1964426702 67.1964426702 45.1159169617 44.7813812468 45.2030861321 44.9436968615 44.733682924 54.3509181538 54.3509181538 45.1320689564 45.1258321294 58.4233440845 54.011546802 44.8800310156 44.5564043301 44.6235235424 45.0115896374 44.5940054884 44.88804015 44.6174749427 44.5751857904 45.1227918511 44.5006335661 44.6307420472 44.6578354252 44.6632732737 44.9305400072 44.5177685322 44.9014780189 44.7813189389 44.6112005153 44.9470905295 44.5304254925 45.1916198299 44.8220449971 45.0788363979 44.7490154053 67.2340716559 67.2329848097 44.9769234698 67.2329848097 44.7303543909 45.0937093576 44.9889891955 44.940561759 44.9051606856 44.880284953 45.1936559751 44.838642611 45.1703772835 45.1527512227
44.7712916076 44.9537309661 44.7092690784 45.0363512773 44.5935678058 44.8346871611 44.9045103334 67.1964426702 72.0734865937 44.819089402 44.9573114708 61.7849961787 60.7595774419 63.4025076515 54.3509181538 62.027448412 62.027448412 62.027448412 44.8930385002 44.6785610171 44.592249689 45.0848757195 44.5961649574 45.1890801077 45.0923047267 44.6119392865 45.1516191049 44.6797664385 45.0032418337 44.637155879 44.6149612796 44.5881425423 44.5997880978 44.9698130843 44.9707512903 44.8286481436 44.6868012752 44.8277154592 44.677885867 44.7277779325 62.5017704222 62.5017704222 62.5691238284 62.5691238284 78.9650446072 64.4907313411 64.4907313411 44.9716280678 44.7238957263 44.8893924199 44.5998769549 45.0026748697 44.8109096082 45.1476588071 44.943258718 45.002034095 44.7054545273
86.79995101 62.6909308033 62.6909308033 44.7034924328 44.7569212685 45.1648965776 45.0333215202 72.0734865937 72.0734865937 44.8879440243 44.8083369672 60.8262284154 70.2454081337 61.2195084868 54.3509181538 45.0490252575 45.0812115913 44.8293639816 45.0521758623 45.1789945828 44.5069756988 44.646132915 45.1470269511 44.636264922 45.0683128076 45.0434073713 44.8099489073 44.6722868385 45.063139177 45.0161991185 45.1894898516 44.5001670868 44.7355415957 45.0951419535 45.1732459797 44.5421793242 44.9325990087 44.6918133404 44.8313534999 44.8423516553 45.1598325793 69.2182735757 62.5691238284 62.5691238284 64.4907313411 64.4907313411 64.4907313411 69.7642354451 45.0801239977 44.6873788795 44.9645726226 44.9343697583 44.6461947517 44.6154273277 44.5449685231 44.6931466024 44.9000927982
52.6327282419 62.6909308033 62.6909308033 81.9560571582 44.5599374703 45.1694288684 44.8582364259 52.2444399128 83.2725773631 45.1100578541 44.9817725369 66.2506230251 63.6001906685 65.2111975915 44.7983826166 45.0969525201 44.7227338319 45.1324048542 44.8480334901 44.6977294755 45.0543488841 45.1024853593 44.8849157552 44.7156004556 44.5342679177 44.5942954845 44.6405735378 45.1855116872 44.5458804856 44.8227593422 44.8310424999 44.7865761956 44.8684731035 44.5260676728 45.1408835921 44.5618554179 45.0587580016 44.9623702489 44.9942319997 45.2007882245 44.5066970736 44.6521244796 62.5691238284 77.5314867773 65.8218292028 65.8218292028 69.7642354451 44.8151295517 44.6321257244 44.9841935502 44.6477523627 44.6048619702 44.5239067244 45.1135404508 45.0098484928 44.8977693788 44.5440989425
86.79995101 62.6909308033 44.8256821439 44.6437780771 44.6425322767 44.9900678645 67.8654200866 44.850207683 44.8437883095 83.2725773631 44.8338327594 45.1807190186 44.7922357415 44.5597587968 45.1698692111 44.9492338096 44.8358953132 44.7888952223 44.6064256133 44.6174666959 45.2050951782 44.9035886032 44.7178429301 44.71651669 44.5660500822 45.160670809 44.7066728275 45.1794079167 45.0042773918 44.950052189 44.9738991985 45.0617598908 45.1778137348 45.0910648721 44.9731860725 45.0277234555 45.1983156896 44.7742431105 44.6105498658 44.7695979665 44.5415470363 45.113094797 44.6244417256 44.6762899164 65.8218292028 53.8559078162 53.8559078162 44.5381070178 45.1893697735 44.5218039564 44.7938577939 44.9905366415 44.7203735185 44.5972809818 44.654778252 45.19748971 44.7759861266
44.5687048628 45.1856690236 45.1900786132 44.8856671337 44.8582672782 77.7141195403 44.8335757496 69.4656639698 69.4656639698 58.6251318734 44.9228337303 44.9342252178 45.1108743249 45.1383104214 44.837876505 44.958301251 44.6136263257 45.0594631529 44.782378124 44.9536531629 45.1037462142 45.0584220013 44.6240618782 44.8345177665 44.7863947981 44.8504159524 44.6967342745 44.807515046 45.0673692251 44.7144201584 44.5386549687 45.1241281828 45.1181319182 44.9962341367 44.5541803684 44.7182443331 44.8658717432 44.5816003463 44.868044066 44.7853376276 44.6738096678 44.5243802726 44.9735702531 44.5114575955 45.1605785494 53.8559078162 53.8559078162 53.8559078162 44.8358432222 44.6073581596 44.5555389349 44.9916970289 45.1182866918 44.5354883915 44.6968162745 45.0823057699 44.7985053444
44.9870894424 44.9735727927 45.1603683218 44.8236409236 44.6733557039 44.5545346088 44.964724573 69.4656639698 69.4656639698 44.9779023561 44.9627116694 44.5012350722 44.7317672071 44.6690858046 44.9313235988 44.5673169197 44.6413926098 44.6229885716 44.9754743973 44.607563275 44.8238419026 44.7669974401 44.7550095834 44.687731974 44.586652017 44.6352280979 45.0416640822 44.9914948442 79.04901271 79.04901271 45.1223408788 44.5092354933 44.8126286553 44.8779383891 45.11374419 44.793214957 45.0658662809 44.5338145887 45.1074754435 44.8541241975 44.7107819702 44.9142288968 45.0098655348 44.979779078 45.035141357 44.6073950254 44.9921697288 44.8438372184 45.0068971989 44.7420432185 45.0374310043 44.6770962587 44.8602801836 44.5059973017 44.7534145966 44.975646531 44.658870097
45.027180587 44.5952762716 45.0422898282 45.0171448731 45.1130193697 45.0078662177 44.729218752 75.4104246192 75.4104246192 44.5968044399 44.7206761349 45.1451752328 44.8396967935 44.8547749169 45.0739597381 44.7579622562 44.6034750393 44.7184158822 44.9522628495 44.9006832706 44.6802646572 45.139925961 44.567241462 44.5739122928 44.658152077 44.9423196024 44.914630861 79.04901271 44.8822104384 44.7658007595 45.0740313232 44.8691500506 45.1890891995 44.7930481723 44.9757891404 44.8323805153 44.713105702 44.7746515007 44.9557795484 44.6805986618 44.6562996438 45.0872964916 44.5490744559 45.1885022778 44.7921458906 44.5766414704 45.0406452497 45.1375345535 44.8764720292 45.026379011 45.1416641361 45.1001849166 45.167272186 44.5411445203 45.1211035138 45.082648529 45.1382391916
45.1924040555 44.9627370751 45.1901919137 44.9819000384 45.1487105327 44.7610976368 44.7550453555 44.9256819113 44.6013728012 44.5387556608 44.6516556438 44.8159292616 44.6879134385 45.117619656 45.0776380195 44.9894177234 44.8535197553 44.5629017608 45.0346842947 45.0616069774 58.4208369972 44.6194317087 45.0035861042 44.8416534665 44.9131802891 44.7698710595 44.9210759103 44.6690760148 58.8048849414 58.7785063704 44.5750626501 44.8531861607 44.7865051696 44.5302613819 44.7882484644 44.7875594236 44.8145106871 44.5619938299 44.9163384175 44.9978962229 44.7122572512 44.805571886 44.9208046443 44.8375818606 44.5449028297 44.5917267457 44.8989184172 44.9032917978 44.971539981 45.1036202831 45.0580992297 44.5541222761 44.830891177 44.8745167937 44.769346836 44.7310345181 44.8699993063
44.7589035879 44.9048867007 44.7687441243 44.8506460975 45.0920922548 44.9259381036 75.4962170355 75.5695907585 75.5695907585 44.5113954692 44.781925639 44.9249139139 45.1301948054 45.0029237304 44.6148811209 44.9358709723 45.1341904626 45.0512275421 58.4208369972 69.3437555236 69.3437555236 69.3437555236 44.7534808058 44.9283887219 45.1648011729 45.0286454199 44.7361937534 45.0465288207 58.8048849414 58.7785063704 58.7785063704 44.6014979819 44.6580761667 44.9538291488 45.0620974837 45.0841508068 45.0922683725 44.5874844928 44.8625592944 44.6979748345 44.7029933268 44.9719997715 44.5646197215 44.9692433896 44.9332520399 44.6824413641 45.0407426799 44.6326702645 45.0784832575 45.2014719414 44.7550134536 45.0406770505 44.6439843337 45.0450957465 45.1269603506 44.5471050321 44.8743915064
44.7030754341 44.5133988757 44.8079769777 45.1009865945 44.9000178599 45.1419806835 75.5695907585 75.5695907585 75.5695907585 75.5695907585 44.8874900815 44.644475097 44.5708092336 44.6059113681 44.531519204 44.7982330361 44.813776342 44.7854492628 45.0573912821 44.779864531 69.3437555236 44.5742095533 45.1964109145 44.9451190211 45.0876225588 44.7504166129 44.6777803562 44.9330096105 58.7785063704 58.7785063704 44.5812894686 44.7747276334 45.1612384401 44.8175582607 44.7627392648 44.7145448301 45.0706031328 45.1118682642 45.1610647998 44.7770822134 45.0074010511 44.7000060282 45.1849407511 44.5538242831 45.1158484382 44.7640792425 45.1799355569 74.5590012948 44.5125986042 44.5798141514 67.5566244985 56.2981692423 44.9620802799 44.8354093743 45.1800765889 45.1433324386 63.436574457
44.5644599919 45.1730304646 44.9004902531 44.637545325 44.7395822324 44.518578731 44.7637390006 44.6226003481 44.5325768644 45.1097878175 44.6047556303 44.6577003294 44.9973481242 44.76576444 44.9091840149 45.0738739753 44.8292351292 44.5148347518 44.8219818846 45.1480292759 44.9812348297 44.8944731295 44.6536403373 44.7602839462 44.7526726339 44.9717616691 44.5785560673 44.9978475323 44.9610413648 45.1186628498 73.60007446 45.0753437475 45.1615787839 44.5114015694 45.1352464833 44.7943529126 44.9873428686 44.9034905067 44.9495827113 45.053947234 44.5370326259 45.1776167447 45.1561339043 44.6651429897 44.7501409859 44.8812825535 44.857071109 74.5590012948 74.5590012948 44.6737325129 67.5566244985 67.5566244985 68.5369534515 61.9523201941 44.9791083739 44.5127574669 44.7315767759
44.6641542573 44.9486438876 44.5009717216 44.6004692025 44.7769279977 44.722776187 44.7084326812 44.7764905398 44.8109047779 44.9543604478 44.8126786806 44.6584546132 45.1917259801 44.5562522025 44.7436677283 45.1240657074 45.0152579162 44.8108374668 44.9883675552 59.3052758901 59.3052758901 59.3052758901 65.8931840584 45.1569245425 53.46255581 44.5099090379 45.1073019885 45.1020578854 45.0945086419 44.5361898115 44.8057617332 45.14076147 45.1375445049 44.7798033027 44.6061766927 45.1114299707 45.1294092756 44.8418537452 45.0992031875 44.6065483527 44.6383561162 45.1595407157 45.0545748016 44.9571974223 44.7119644929 44.5018833793 45.0573337716 74.5590012948 74.5590012948 44.8817254002 67.5566244985 84.258600506 68.5369534515 68.5369534515 61.9523201941 44.5523569862 63.436574457
44.8142286875 44.5272780181 44.8473986595 44.6217616604 44.577243101 44.7298151086 45.1525018545 60.4457441326 60.4457441326 60.4457441326 45.0316597973 44.9557660898 44.5421605152 44.8048350871 45.1678932865 44.6370511906 44.9947497676 44.7113658898 44.915218993 61.509172211 45.0594249443 77.386976717 44.6667964833 83.134855703 83.134855703 81.541961191 96.3454971416 96.3454971416 64.6814484135 64.6814484135 45.0036047694 45.1804093795 44.7464910892 44.9477103837 44.8199587899 44.5823885216 44.5754019108 45.1142044947 45.1013929348 45.0803502743 44.7227899645 44.5287220575 44.7915737417 44.9148778811 44.5165969105 44.8289763833 44.7747490083 44.6796519666 45.0074684718 44.7247710074 44.8343242031 44.831271587 45.0691203361 61.9523201941 44.712207892 44.8641279467 44.5965007454
44.5366258234 44.860185916 45.1078928228 44.8802371288 44.665194131 44.7949508789 45.1351092822 60.4457441326 60.4457441326 44.7961048224 44.9871536712 45.0195599768 44.6215659775 44.5552947317 44.7309258653 44.8544594398 44.8337707102 44.7246539235 45.0779532269 57.4191180468 57.4191180468 57.4191180468 44.5275565278 83.134855703 83.134855703 81.541961191 96.3454971416 96.3454971416 64.6814484135 64.6814484135 45.1839248364 45.0214325745 44.5562609082 44.7814611458 45.0886507702 44.9956539174 44.9368694339 45.1867113947 44.5620337537 44.5007791442 45.1295912794 44.5958517597 45.1107489783 44.5630117871 45.1845138298 44.5494848715 44.9539184693 44.6863959842 45.0065904327 44.6963357804 44.9719760319 44.6260844085 44.6376132492 44.8465474789 44.7706677928 45.1969988471 44.9624978254
44.8527642548 44.9415921753 44.5626201973 44.9710204874 45.1972748247 44.8724948706 44.595729674 60.2629519748 60.2629519748 60.2629519748 45.2000200797 44.5108044221 44.88296412 45.1605517726 44.5637175022 44.7705102391 45.1164313376 45.2053021378 44.9301821351 67.8408271839 57.4191180468 57.4191180468 67.9780092494 83.134855703 83.134855703 44.7390851991 81.541961191 96.3454971416 44.6705476912 44.923005412 44.8297555899 44.9655450241 44.8206623816 45.1324630081 44.8550657789 44.9352071099 44.7219654191 45.1887618345 44.7408229723 44.6235968934 44.6783813278 44.6425871824 44.9418621493 44.7754746615 44.6909761084 44.6245416787 44.518987948 44.9643377151 44.9150781156 45.0507616187 44.6071305542 44.5781563295 44.5958378136 44.7492660964 44.5327320925 44.7895639177 44.9217718717
44.5523838154 44.7663192627 44.9519104876 44.8775494479 44.6930774438 44.6312863305 44.6482708912 65.4721025822 65.4721025822 65.4721025822 44.8383167199 44.7109870518 44.8751004198 44.9533885569 44.8301306519 45.0020037133 44.7319343436 44.7648792883 44.8920727812 66.756599488 66.756599488 78.5191770919 44.7917796968 45.0717747097 44.8949012187 44.730284052 44.9061530288 44.6845236853 45.0669810497 44.591137566 45.0250901332 44.8815703744 44.5915035659 44.5062014605 45.1939802461 45.0581693127 44.9823964364 44.7477792537 45.0204139747 44.5023869053 44.6005513744 44.5424620458 44.5681207167 44.7740792855 44.9391009198 44.6125177169 44.9224088418 44.9608318397 45.1877164567 44.6532606752 44.7551296214 44.6992249999 44.9357517881 44.9415286226 44.900779322 44.7079514312 44.6985362811
44.7536155913 45.1526990143 44.641045427 44.5697770456 44.8553858436 44.5756839561 44.5873118602 58.3461118063 65.4721025822 65.4430495347 44.7232856666 44.6999815686 45.1671267087 45.1758091687 45.1536036091 44.557073724 44.9319531967 44.9838560434 44.6236796026 66.756599488 61.2332521476 66.756599488 44.9092252827 44.9189902252 45.1074952719 45.1878220115 45.0067627736 45.0106724472 44.7679413013 44.8856403096 44.5015211956 44.8023340986 45.0034978552 45.023617073 44.5752435883 45.1834729654 44.5603982367 44.9180169772 44.8024095629 44.590664079 44.8271193709 44.6901444569 44.9541743728 45.1037316692 44.8471979613 44.7444973142 44.6183357426 44.9607771295 44.594862816 45.199699435 44.7924591578 44.7786202451 44.7383804095 44.8264047541 44.8575939228 45.1129798962 45.0152528258
45.0152542475 44.6515282835 44.8572317881 45.1508713144 44.5456661017 44.7557371114 44.7391110704 44.9125398448 44.5518464635 44.5977703764 44.5804677109 44.7672764455 44.9697035983 45.0776447475 44.5942510342 44.8256239555 44.7217141578 45.0270282981 45.152925989 61.2332521476 61.2332521476 61.2332521476 44.7183534303 45.0904546729 44.7530566276 45.1169465674 44.8320286584 44.6944625152 44.7599639135 45.0979407728 45.1883882829 44.7886034537 44.8747971087 45.1881375536 44.6097489218 44.5644604324 44.802355477 45.1764845163 45.2039295862 44.7351184885 45.0787800805 44.952993508 44.804428172 44.9108844766 44.5209858223 45.1798072905 45.1005537449 44.7743764506 44.9419868489 44.9154061794 44.8092724586 44.866228842 44.978949643 45.1159264643 68.4584613973 45.0294984022 74.2372027144
44.8776325461 44.6441907429 44.5561601742 45.1724917765 44.810916959 45.0265028056 45.1958184941 45.028526127 73.3325641606 44.6020647987 44.5170390252 44.9371011778 44.9260439245 44.7154425264 44.6988167415 44.8758319682 45.1183041678 45.020302291 44.6340909156 73.4646252203 64.7188595333 73.4646252203 44.6367073584 44.5682285247 44.5945878229 44.879946616 44.5020489486 44.5010789219 45.1413076206 45.1959400724 44.7647159892 57.2297175214 57.2297175214 57.2297175214 44.651954448 45.1751487998 44.8557221431 44.9946669392 44.8226615922 45.1062244261 44.5672849682 45.0107216726 45.1854112883 45.1134390386 60.8909229089 62.8282657432 51.5150469421 51.5150469421 49.0032917852 49.0032917852 45.1595897831 63.6131768053 63.6131768053 63.6846355165 68.4584613973 68.4584613973 74.2372027144
44.8109819999 44.6342242333 44.5568254315 44.8024617995 45.1367227756 44.7409741155 44.5986006431 45.1986154512 45.1927621988 44.5047438239 45.1001429158 74.1027717018 44.9306876933 44.7819445374 45.1819883332 78.3421131486 78.7549732649 44.6296356586 45.0040377521 64.7188595333 64.7188595333 64.7188595333 44.5054765842 44.815825607 44.7312130219 44.9355193253 44.9943556053 45.0905247745 44.7203171031 44.7380857779 45.0147227489 57.2297175214 57.2297175214 62.242618832 45.0481049172 44.5918786173 44.7384479883 44.8196824112 44.7849745541 44.5711151816 44.9503932138 45.0479142302 44.676887108 44.9697655718 60.8909229089 62.8282657432 62.8282657432 51.5150469421 49.0032917852 49.0032917852 45.1808992111 63.6131768053 63.6131768053 44.7667570156 68.4584613973 68.4584613973 69.5587981467
80.2293442626 58.1363823018 73.0993542197 53.3686759633 63.5462716828 56.0261755069 61.1057951718 75.7505863256 60.126650364 78.3383736331 74.1027717018 74.1027717018 44.6199874878 63.6597087182 63.6597087182 78.3421131486 78.3421131486 82.0166837401 82.0166837401 44.8720710336 68.668185205 44.7587281487 45.1549186477 44.6337842878 44.9756304226 44.5336150254 44.7975544961 44.5228992029 44.6878785538 45.1235993439 44.5680577884 62.0465598201 62.0465598201 62.0465598201 62.242618832 44.9870027802 45.1137401357 44.6337662027 44.7481752177 44.6392754737 45.0310900208 44.7692687652 44.9700709652 44.75940989 60.8909229089 62.8282657432 62.8282657432 83.875500227 44.7178964254 49.0032917852 44.6028049193 63.6131768053 63.6846355165 45.1293517539 44.9531823209 44.9303225488 44.9318333705
80.2293442626 58.1363823018 58.1363823018 56.0261755069 63.5462716828 63.5462716828 61.1057951718 75.7505863256 44.7790605896 44.6484854966 74.1027717018 74.1027717018 45.1832533594 63.6597087182 63.6597087182 78.3421131486 78.3421131486 82.0166837401 82.0166837401 89.5917054365 44.7785735062 45.1810085067 45.1707531072 45.0410189247 44.6420327112 44.9493792942 44.8782254458 44.8824023515 44.9023872009 45.1278484688 44.8467362301 62.0465598201 62.0465598201 44.80233204 44.8573576485 44.7798189771 44.7903079706 45.0659373917 45.1946260658 44.6536911351 45.1084491977 45.0314021343 45.0327020031 45.0307654825 44.7141063983 52.1148112948 52.1148112948 52.1148112948 52.1148112948 44.9317368006 44.5713926233 45.2013626435 44.9296349084 44.7367416718 44.8574845864 44.5920435872 44.9247049658
80.1292615024 58.1363823018 45.0323631503 44.5249771101 63.5462716828 44.720788196 61.1057951718 75.7505863256 44.7775578847 45.0454691058 45.1267055151 74.1027717018 44.8437787926 63.9715938721 52.0281355937 78.3421131486 78.7549732649 45.1118760872 44.587111602 44.9458319464 65.7678435167 65.7678435167 45.0846857655 44.800773596 44.6116855583 44.6928109078 44.8334798163 45.1021577952 45.0111835795 45.08828526 44.6602604463 44.929269607 44.8684829337 44.9356117925 44.517796639 44.6322142735 45.1644968302 44.5688594618 45.1450989149 44.5385605841 44.5706506513 45.1606354814 44.9780371615 44.9832096522 44.7555897156 44.997701634 53.7458025516 52.1148112948 45.1145900877 44.6052128895 44.6483177784 44.679947717 44.5830643227 44.5254098404 44.604267357 45.0420387733 59.5146276414
