Spatial_Output/BAU/BAU_1048.asc
NCOLS 155
NROWS 192
XLLCORNER 196307.867259
YLLCORNER 449144.565805
CELLSIZE 33.573938
NODATA_VALUE NaN
[rows 50 to 74 of 192, columns 56 to 111 of 155]
22.7855598347 22.7771194236 23.1531853611 22.9969234291 23.0532643464 23.1133653367 22.9497997456 23.204663773 22.6408827204 22.9443327557 22.9187194687 22.5889944007 23.0956106872 22.6354832703 37.5864191642 22.5186761206 22.5407703355 22.9393285842 22.5390699559 22.6695367485 22.7575276415 22.9123495554 23.1738305757 22.9758225774 22.9801676606 23.0574904291 22.706290887 23.09628139 23.1333170023 22.8698365314 23.0723879936 22.6533412447 22.8482392401 22.8709998324 22.6505021508 22.540077749 22.7720482176 22.5809257375 22.6160172513 22.9251601442 22.9713280442 23.1923025269 22.9914404653 22.5795578238 22.7007332848 22.7830932558 22.7727314814 22.928965906 22.715665469 23.1549818449 22.8132610669 22.8716495451 23.1615502067 23.0541153662 70.2959073092 70.2959073092
22.5207487734 22.7100816066 22.6594986401 22.613303917 23.1622888871 22.6691913454 22.9085161125 22.9819193057 22.988508232 22.6170600274 22.9817875053 23.1980704004 22.8586113843 23.10141677 23.1019829881 22.6657114878 22.736166912 22.5761016825 22.8325905927 23.1766542827 22.5598622451 23.1471026662 22.9615014561 22.7768027578 22.5140145013 22.6759675853 23.0032885188 23.1982122968 22.8658365886 22.8458381228 22.7075355877 23.109722616 23.0295220894 22.5521323217 22.998175222 22.5949554424 22.6589507173 22.7213884804 22.7571345937 22.8157231822 22.9324366629 23.185402919 22.95799453 22.9438095481 22.8689783405 23.1138832361 22.5916764298 22.6632720963 23.1929295771 22.8552128158 22.5413807655 22.6363547432 22.9504750474 22.7460054649 70.2959073092 70.2959073092
23.1559525421 23.1069004069 22.5628937038 22.9925225456 22.621958189 22.9182588681 23.2062131928 22.8350277447 23.1455579222 22.8296198755 23.0449202131 22.9930268058 22.8610638761 22.5115894383 52.4055244448 22.9850995254 23.0435855733 23.1112941282 23.0111131229 22.8143628119 22.7508771626 22.6224777216 23.1450765011 23.0056978773 23.0563496313 22.6947744075 22.9227855437 22.6193346951 22.6305086729 22.8984116026 22.6577719168 22.9965081785 22.6530300188 22.5388338953 22.8268646954 23.0046334213 22.7988282759 23.1323340179 22.6543123285 22.5993943929 23.1260318785 23.1587283143 22.5806204217 22.8614292058 23.1057389179 22.5069141837 22.8052992108 22.9841386488 22.7302675671 22.8463574538 22.7314419158 23.0162212429 54.1097672159 54.1097672159 22.5294734741 22.7801905316
22.5988645525 23.0854893569 23.0905977344 22.6924259663 22.7982731253 23.1394175719 23.0634177603 23.0485065359 22.8433149218 22.8077782911 22.6879219175 22.8620823362 22.9697302762 22.8656177615 62.2314091367 62.3065883042 23.0561834305 22.6251035521 22.6084746807 22.5258057065 23.03293608 23.0620197506 22.6173408597 22.5922979316 23.1492795257 22.958681951 22.9682371272 22.9305805747 22.630723693 22.937376006 22.9180067677 22.9412684382 23.1581453883 22.9453111906 22.6513180278 22.9108211644 22.6601176644 23.0800346015 22.7155411486 22.5032256488 22.5065586198 22.5543887106 23.088732929 22.7726909224 23.1967985521 22.5963581411 23.0176908213 22.7035458102 23.05562946 22.9507649161 22.7361645295 22.5688109708 22.8692635362 54.1097672159 22.5102630186 23.0889770128
23.0432690007 22.6711204046 22.8863775665 22.610749142 23.130984822 22.7584132768 22.6204363223 22.6858514174 22.7980846786 22.8681900139 23.0353181668 23.0161589062 22.7584241831 62.2314091367 62.2314091367 62.2314091367 23.1313387326 22.7459767401 22.6116103965 22.9986329958 22.6500200622 23.0947804865 22.61681774 22.7539170428 22.7094579529 22.8466038452 22.8799197604 23.0105946281 23.1040789095 22.720503328 22.5196075983 23.1894608732 22.7431204126 23.136948984 22.6294741052 22.5622585703 22.8008127267 22.9553605543 23.0273281572 22.8297723687 22.9211227692 22.8027594956 23.1896188891 23.000743055 22.7036442876 23.0952917644 22.6853980813 22.5275541394 22.6535681901 22.5732217528 22.7428541668 22.9736277481 53.9985326779 53.9985326779 22.7255813397 22.8436187821
23.1572023188 22.7387764408 22.6587407429 23.1782640888 23.1061013614 22.7426816161 22.7162979362 22.8981236683 22.7683082591 22.6183627878 22.8835091308 22.5792035968 22.9923169385 22.8606354482 62.2314091367 62.2314091367 22.899026238 22.6345136076 22.6830846163 23.1469506116 23.0283226913 22.726149504 22.6251691256 22.6919097624 22.5176393897 23.0936460856 22.7963147306 22.5457215684 22.847647671 22.9377027321 22.8338805911 23.1650851553 22.9791702743 22.7256281906 22.7703313557 22.7158942641 23.0838278713 23.1944075874 23.0928578985 22.6767567451 23.1077770933 22.5237779245 22.5677399981 22.8402559763 22.5724495637 22.9551375939 22.5527863721 22.9349072191 22.8943348684 22.5282917349 22.9333683627 22.6697728833 23.1840647532 22.8498222146 22.5783830491 22.539789663
22.6172316443 22.973586806 23.0111762162 22.8275985548 22.6082143461 53.6120853029 53.6120853029 49.3466000986 23.0628174423 23.0561008889 22.7293225552 23.0065458903 23.065062913 22.968859612 23.1883864319 80.274177025 22.8795655951 23.1133912845 22.9220164579 22.7501513785 23.2033294323 23.1624473306 23.1581137098 22.7068575245 22.6095569414 23.0726965655 23.0448687698 22.5134620847 22.9365181441 22.6942893607 22.8317651902 23.0892015528 23.1419028409 22.8433248142 23.1551141769 22.9816209383 22.7578407235 22.9756843783 23.1678327861 23.015769402 22.7289628235 22.5173427714 22.5395420727 22.5100230672 22.8537799092 23.1920064686 23.1442840669 23.031558377 22.7412402828 22.6974941364 22.9444341246 22.5524645898 22.9198410541 22.7613883778 23.0521517055 22.8911128062
22.7527166436 42.2622687102 42.2622687102 22.8443004387 38.6096408801 53.6120853029 53.6120853029 53.6120853029 22.9339365329 22.7342504789 22.7681821167 23.1339761872 23.0288115076 22.910803105 47.1122768772 22.6556089587 23.0999199051 23.0167387404 23.0229670364 22.735463779 22.8526196971 22.9556310303 22.8636226516 22.5350431316 22.5769127382 22.8903701418 22.5884555414 23.0984407685 23.1381303135 23.0404494451 22.8205799398 23.1944628918 22.7152392127 22.8794436583 22.5766361996 23.1266487861 23.1923341295 23.1629816175 22.7944859474 23.0590852043 23.036777815 22.6094162656 22.7684362693 22.5379549061 23.0844934663 22.5230754555 22.9092850418 23.127821454 51.1839452719 23.1250460571 22.9812903635 23.155993293 22.8615743463 22.6490045331 22.9248556377 22.9159000125
22.7344244175 42.2622687102 42.2622687102 36.3416641496 38.6096408801 53.6120853029 38.6096408801 22.9145028424 22.532375503 23.1164637925 22.6561341945 22.8075910653 22.7950945353 47.1122768772 47.1122768772 47.1122768772 22.6284538082 23.1916395206 22.6728291281 22.5729266591 23.1596513455 23.1908354043 22.8424822879 22.8652049498 22.6960993068 23.0440245803 23.019889407 22.7342963354 23.0172173379 23.1664065796 23.0471190802 22.515491362 22.8491178404 23.0077628663 22.9466009835 22.7059844375 23.1271053748 22.8894630101 23.1030837505 22.7534802206 22.7990829437 22.6284249165 23.1626816891 22.6123429106 22.6868307624 23.074484319 22.532578051 36.8213818379 36.8213818379 51.1839452719 22.5500466686 22.9035078266 23.0685315015 22.6158818662 22.9554777695 23.0840287501
22.897552505 39.4796450329 36.3416641496 36.3416641496 39.5550878629 39.5550878629 58.0269590303 22.5999270594 22.6509331902 22.5973789387 22.7324166657 22.6912914057 22.5784588271 23.1423957727 47.1122768772 47.1122768772 22.8406353974 22.6814850438 22.6836293081 22.7165159929 23.0909079455 22.7914410769 22.7460476785 23.1488307362 22.5296273305 22.8640977325 22.877499774 22.6235146198 22.9111546854 22.8414552217 22.6394051734 22.8044278959 22.5923890508 22.9338313358 22.8487121741 22.9991036127 22.5565685663 22.695860136 23.1823932848 22.994305218 22.7084256648 22.642302817 22.5224942561 22.5110277255 22.8622128982 22.5274933897 23.0409458067 36.8213818379 36.8213818379 23.1581935989 22.7810614639 22.5345536169 22.8533207688 23.1893518025 22.6713136543 22.8222721384
37.4087534138 56.2212088912 36.3416641496 36.3416641496 39.5550878629 39.5550878629 65.3891898284 22.580113014 22.5067904209 22.5443315502 22.8371133234 22.8329581771 22.8638153521 22.8742365458 22.7174455245 23.0925157732 22.6939219868 22.7602777571 22.8027924054 22.5037785864 22.7909238341 22.812046512 22.6919627983 22.8794318714 22.5842776929 22.829839988 23.1729697273 22.8008804218 23.1169673803 22.7060458437 23.0579232532 22.5714195379 23.0572706408 23.1096041714 22.6037704423 23.1496639427 22.6445365755 23.1281619769 22.7352156574 23.1459718432 22.8074048868 22.8768888385 22.6239755946 22.9648695421 22.668395225 22.875354758 23.0977656417 23.0423133293 23.1506937588 22.8236946953 23.10229751 23.1046675917 22.5164935688 23.173664435 22.9877093188 22.7671575943
38.4615677809 38.4615677809 38.4615677809 57.0851451167 62.4525189374 62.4525189374 62.4525189374 23.1791484914 23.0019164113 23.0642174448 22.9750359921 22.7244857391 23.0265930788 22.5594927421 22.6481896861 22.9904520853 23.1327649321 22.6966295164 22.6759607262 22.6103473373 22.5346019298 23.0338334355 23.1154043258 23.1561308011 22.8635568989 23.0545592872 23.1521908761 22.9755144432 23.16795113 22.7979882541 22.6463805859 22.5788425205 22.663379316 22.8046177068 22.955098044 22.7273852485 23.0668650133 22.8488530523 22.8507032452 22.9918056809 22.6859518995 22.7237284516 22.7823907344 23.0590867539 22.6292802852 22.5815677509 22.8267519783 22.9597997978 23.0459515654 22.9425411834 23.1416522154 23.1206751857 23.1374541034 23.0421564069 23.0843942014 22.6520699396
44.149583789 38.4615677809 38.4615677809 46.0530589601 62.4525189374 62.4525189374 53.3277631921 22.7715359894 22.6390256163 22.6754215317 23.1887260266 22.6630432418 22.6524378493 22.8631302982 22.5957052267 22.9994075445 23.2008592762 22.991698235 22.8728386368 23.0344441501 22.613912257 22.8668367867 22.668925785 23.0277598032 22.6863081879 22.8818510498 23.0386332952 22.5834240252 22.9965164221 23.0186062204 22.8040050218 23.1091510682 22.6554665118 23.0263220801 22.5685598748 22.8917951557 22.8499611965 22.5280172662 23.0549575826 22.5698082341 22.5556856017 22.615483869 22.8184027971 60.6046768962 60.6046768962 60.6046768962 22.7480925647 22.603912669 23.0146973782 22.5239931798 22.526742418 22.5142698955 23.0772337597 22.8251474713 22.7056209875 23.096432989
41.7793044325 41.7793044325 41.7793044325 23.0489490923 36.0708230599 53.3277631921 62.7464009067 23.2035335872 23.0157581933 23.1511822037 22.7579788699 22.8675777054 22.7954502557 22.8723812868 22.7880864054 22.9563633581 22.7671015181 22.5616679067 22.699244333 22.959655359 22.756400195 23.0422672092 22.8663612601 22.6452371347 23.1890284527 22.98570583 22.7229120233 23.1790784547 22.9374274431 22.7754183818 22.6622187046 22.6429399798 22.7257148776 23.0050631216 22.8270946103 22.5830180297 22.6974712825 22.9082356617 22.7827788252 23.1735164658 22.9811247143 22.5783533906 23.187648841 22.7540134807 60.6046768962 22.5099844259 22.9021656497 23.0779926721 22.5175974124 22.7457365649 22.6926550103 22.9122875746 22.6908479048 23.0808522894 22.7415362951 22.6963680035
35.1896886717 35.1896886717 35.1896886717 45.6011653026 22.8570419176 22.7996002185 22.8488008205 23.1149876656 22.8242476325 23.0807563857 22.6977284902 22.6255816912 23.1899450429 39.6706862729 39.6706862729 39.6706862729 22.8126459821 23.0505200128 22.5126897049 22.8969538103 23.1051157931 22.9541434908 22.6174428439 22.5275548578 23.0328040114 23.189113626 22.6482360087 22.8181364616 23.1372967735 22.7249009125 23.1480549944 23.059885553 22.7652352619 23.1011943436 22.7211576693 22.6229159452 22.825862411 23.188031341 22.6825305012 22.820336318 23.1312086753 22.9953601779 22.7025787362 23.1486196272 47.1675490111 47.1675490111 23.0743261399 22.7865489625 22.9122839349 22.5565670989 22.5642227887 22.7965862299 23.049716703 22.8612285152 22.8815314287 22.7696581337
49.7479474379 49.7479474379 49.7479474379 45.6011653026 45.6011653026 72.7884282312 49.7813010846 57.3452666675 22.8680691005 22.8472379603 23.1732808647 22.9285232997 22.7052297 39.6706862729 39.6706862729 39.6706862729 22.6048729514 22.6672227657 23.041031665 22.5199319277 23.0555616852 23.1906899489 22.8941092196 23.0631839248 22.5646970751 23.1412597206 22.6684256508 23.1427220849 22.9264078683 22.8195830652 23.1350568096 22.6918647517 22.8972807961 22.953209903 23.2069810962 22.551530813 22.5553878808 22.8556958187 22.9997337973 22.6461776623 22.7551898122 22.71007171 22.8274102287 23.1403813619 47.1675490111 22.8574618798 22.6220549991 23.0731254501 23.1790573487 22.9564292423 22.5032909874 22.6506426171 23.0530353256 22.7737940866 22.5900979181 23.1463218407
43.7830371344 50.7061714432 22.727607416 45.6011653026 45.6011653026 72.7884282312 38.7255071564 38.7255071564 38.7255071564 40.6636976672 22.8487034459 23.1549869626 22.9163031472 55.6303184328 39.6706862729 39.7788079691 23.1082013564 47.3909371476 22.7414905677 23.119337617 22.6958947628 23.1083024365 22.7024250603 22.7413289485 22.8977046427 22.9592247295 23.1187277614 22.8879143882 22.6717350999 22.6770267322 22.6797422633 22.7375681946 22.9585846341 23.0939375243 22.9577989598 22.9735953456 22.7885629324 22.9537097524 22.588366184 22.6528493238 22.7204025137 23.1165269524 22.9393581645 22.5626525653 22.6493469846 22.6242466676 22.6959755116 22.8397106396 23.0477335484 22.9818124921 22.8586213917 23.1971468111 22.9312063774 22.6594846576 22.8267635463 22.6611833643
23.0405469316 23.1280789861 22.9054733821 22.8036913526 72.7884282312 72.7884282312 38.7255071564 38.7255071564 40.6636976672 40.6636976672 22.6131302014 55.6303184328 55.6303184328 55.6303184328 51.3400865995 45.0774157903 47.3909371476 47.3909371476 22.5250001666 23.0062167431 22.8823089257 23.1741123932 23.0633744431 22.8028763242 22.6543989449 22.7248431484 22.8589888393 22.9691223299 22.7245553553 22.5310231478 23.0604341572 22.6319509441 22.7489196299 22.9310405377 22.6528769089 22.7389485692 22.8812081086 23.1508446328 22.7921253078 23.0185270222 22.9861382041 23.1478750104 22.670682786 22.6071909929 46.8331220857 46.8331220857 22.8796088496 22.7433069373 22.5335349895 23.0366204419 22.8986363831 23.0825921566 22.9959702203 22.5003940309 22.8183046044 22.9642169732
22.7143514588 23.0630973282 22.9207453184 22.6090516569 22.9508339769 22.7111602207 56.8240115144 38.7255071564 40.6636976672 55.8310477218 23.1482991478 22.5499844838 55.6303184328 55.6303184328 51.3400865995 51.3400865995 47.3909371476 47.3909371476 22.7385269818 55.6114621931 55.6114621931 23.0261010748 22.6788010539 22.6692879391 23.0844724121 23.1662365226 22.5318563464 22.7571579568 23.0224836197 23.1661824522 22.5880583207 22.8328771169 22.9641236563 22.5733847203 22.6475027838 23.1982514415 22.9413552226 23.1303347098 22.7173083079 22.9919177335 22.8724477367 22.5499838676 23.1396436904 22.9064971924 22.7514404882 22.9464965353 23.0980788257 23.0441108447 22.8163534663 23.0899721109 23.0181333077 23.06169376 22.8196841056 22.6936639966 23.0429110685 22.7656914665
22.7262279427 23.0014192556 22.6390773618 22.6827809993 22.9318358803 22.7736272457 61.8917376997 61.8917376997 22.6590321088 22.9047259301 22.9479423409 23.1157148475 23.0557529926 47.9065697932 51.3400865995 51.3400865995 42.4630606699 22.5826432327 22.8433745807 23.2048465596 22.8410995948 22.9890782011 22.5571535327 22.5481388345 22.7705214905 22.5765078666 22.9074375857 22.962181834 23.0355630014 23.0794880372 22.7146109948 23.0761288209 22.5113122817 22.6694539122 23.1849127442 23.1320925491 23.1006995056 22.808599855 22.982898286 22.802587458 22.6889327574 22.6477184307 23.1391864456 22.6774701868 23.1203635935 22.8461566247 23.1794981362 22.6340667274 22.8979408376 22.6409432507 22.8713221997 22.7200988445 22.5518126587 23.0972617822 23.1621983752 22.8480468504
48.1408500359 23.0389037086 23.1877924058 23.0126090618 22.93933747 61.8917376997 51.1684227783 51.1684227783 51.1684227783 23.026102589 23.0029685911 22.8899304339 22.7869218871 22.8140850788 42.4630606699 41.656891945 41.656891945 22.9152239896 22.591644816 22.5622167525 23.0816623176 23.0766243458 22.6657767278 23.1837375732 22.78488937 22.7874754279 22.577015616 22.5580876161 23.006011466 22.7211467163 23.1751203642 23.0815268912 22.6458577288 23.1950373766 23.1406527679 22.721803518 22.5665470641 22.8015968775 22.5061615158 22.9817380474 22.5518725262 22.5779309286 22.5970341864 22.9235003907 22.5812416296 23.1233459922 22.9357928856 22.9588926672 22.9284883779 22.9562996022 22.6599319471 22.6243576861 23.1045787941 23.0183674227 23.0163468469 22.7171423661
48.1408500359 22.9547959205 23.0039870262 22.5234429388 22.5129440465 23.10370405 51.1684227783 51.1684227783 58.5312799122 22.8317255839 22.8501905796 23.1890696979 22.747054003 22.8971279944 41.656891945 41.656891945 41.656891945 23.0160728378 22.6649623154 23.0342256013 23.1247858391 22.9060415585 22.7181486087 22.8442989682 23.0339657267 22.952745731 22.741181998 22.7416079878 23.0258148417 23.1556357333 22.8107872259 23.101821943 22.9075855221 23.1698118928 22.5620768618 22.7533491891 22.8767474021 22.5877825564 22.9451255982 22.9331550002 22.8044849887 22.9587776778 23.1301707269 22.5144210553 22.8837978784 22.8049161398 22.6493618649 23.1322046439 22.882933987 22.6924837857 22.7862286956 23.1242298403 23.0068298328 23.1026458735 22.6982899145 22.8544679362
22.8645545405 22.5845522362 22.6581177243 23.0623808136 23.0577565723 23.0299398944 58.5312799122 58.5312799122 58.5312799122 22.9834954934 22.6206676983 23.1239523184 22.9429054593 23.1934218319 22.9660306238 23.0065743927 22.7672523203 22.8815482456 22.6616698754 23.014228933 23.0977355879 22.6536775915 23.1283517772 22.5460432551 23.0689269184 23.0788994506 22.6486506321 22.8154019807 22.6216948405 48.4133215455 23.0678526633 53.6155625667 53.5155718007 53.5155718007 42.2753572531 48.0255398275 45.0439124729 23.0059220287 22.9860657003 23.1268469406 22.7173842588 22.5879259697 23.1194447191 23.0488150604 22.714671279 22.5890608133 23.0447825966 23.1541724694 22.7426729678 22.5314701085 23.0567164881 23.1527876411 23.1894985822 22.6111599625 22.6262597695 23.0034441196
57.5335821919 22.8711616892 23.0956722112 22.9576929494 23.065028102 22.677992702 22.55033727 58.5312799122 43.6003350979 22.5334521572 22.9643661269 22.6920838747 22.984833261 22.9778030768 23.1915473649 22.760278373 22.945564793 22.6620001481 39.9937338214 45.9827910084 45.9698781037 33.6845303696 33.6845303696 22.7953691855 22.9627419424 22.5915612317 22.7137936106 22.787783658 22.7458764219 22.7739250846 23.019531038 49.7256578805 53.5155718007 53.5155718007 42.2753572531 45.0439124729 45.0439124729 40.9115794167 40.9115794167 23.015240641 22.73300041 22.5629001983 22.960102988 22.7117475158 22.6306634272 22.8141086832 22.6245553012 23.0085494365 22.5743588703 22.8087630752 23.1942620467 23.0411161177 23.0388580073 23.1836765641 22.6462122993 22.677293003
57.5335821919 22.7140956819 22.7103069653 23.0173048445 23.170370969 22.9176801043 48.4229005223 43.6003350979 43.6003350979 22.7858278945 23.0059485097 22.5260723518 23.0767863572 22.8787318828 22.935140475 22.9726945829 22.534045122 22.5680088464 23.0335588689 45.9827910084 45.9827910084 33.6845303696 33.6845303696 33.6845303696 22.9019025018 23.1938291113 23.0459230154 22.6790281131 65.3880730905 23.1912738053 22.8942056445 23.0105517279 23.0897623876 53.5155718007 42.2753572531 45.0439124729 45.0439124729 40.9115794167 42.6625891677 42.6625891677 22.6010340108 22.529443943 22.7081664908 22.523595923 22.5994001458 23.0024114236 23.040738896 22.5245380114 22.7985763186 23.0431637574 22.9233141457 23.0590648254 22.6926235103 23.1185722213 22.6062267997 23.0453017593
