Spatial_Output/BAU/BAU_1088.asc
NCOLS 155
NROWS 192
XLLCORNER 196307.867259
YLLCORNER 449144.565805
CELLSIZE 33.573938
NODATA_VALUE NaN
[rows 75 to 99 of 192, columns 56 to 111 of 155]
69.8701939837 37.3255918099 30.7252907279 30.4225730919 30.1615979351 29.0545001877 28.7193462222 50.2610714655 50.2610714655 50.2610714655 30.1426849773 29.6364703816 28.8607000567 30.6717716265 29.1748423526 29.0126056075 52.4724869573 56.9687063289 31.1105659676 58.0596346678 29.1399467551 29.6306308057 29.1105641752 29.7536468456 30.7501911163 30.8271604061 29.1039214588 31.8921852261 28.6021012733 31.1813293261 28.5932934866 29.4095621247 30.6368464579 28.899450741 31.5531376608 30.9859344505 30.8032490578 31.7498360942 31.1154516963 30.526994762 30.29198268 31.3324976805 31.7660521119 30.2168530302 30.6813750077 70.3446804746 70.3446804746 70.3446804746 28.7364586482 29.7046788564 29.5379579016 30.7624743787 28.6232272443 31.4308730314 30.4592838707 31.2021902345
37.3255918099 30.3193176805 31.1548606744 29.8099159658 28.9069792348 30.5338966493 31.7380751366 50.2610714655 50.2610714655 29.1503656975 29.1551629791 30.4477489944 30.7669961654 29.0995389134 30.2441866873 31.3543142801 29.791782809 31.2608989033 58.0596346678 30.134153997 29.3320655635 29.0851071435 31.8769065399 31.0599803622 29.6286257181 31.871319191 31.1588866764 31.999618571 31.3014487295 29.2413100352 30.5297605125 29.3492205707 31.6372564699 30.1416470137 31.1432321031 29.7657834391 31.0621853772 30.8152299265 31.788265039 30.9146215983 28.7939802206 31.8023901514 52.9992546656 52.9992546656 46.0921661486 31.0861939 58.6163834479 50.800787223 29.4218874227 29.7982133024 29.7100805688 31.8453929791 28.8653974325 29.4564220102 31.9007146097 28.6722028228
47.0169611326 30.0776723968 62.0039600442 31.4731388193 31.5690834664 30.1743676182 28.5859614031 31.725530288 31.7648084067 30.9109561584 28.541383812 30.9273792133 23.2583253928 18.8801073011 16.9735669069 29.3411429107 31.6911581294 28.7605619513 30.4557604537 29.6887732896 31.1329671277 29.108530865 29.6520875496 31.1160890037 29.6317400086 31.8237850248 29.4888437022 31.7211539537 30.223579306 31.91538008 31.8015319498 29.2124007702 30.7211200176 30.9961134026 28.824720521 29.6451333023 30.0999339515 30.4630802603 29.169219236 28.7569019406 29.5399575214 31.968749522 52.9992546656 46.0921661486 46.0921661486 50.800787223 58.6163834479 58.6163834479 29.1769542062 32.0247365311 31.7652189845 29.6629698864 31.6452123371 31.0285758016 28.5449682884 28.5518346354
47.0169611326 62.0039600442 62.0039600442 56.2190241795 44.2136436905 30.477749204 49.8953816342 48.7802201725 56.0695110896 56.0695110896 56.0695110896 31.9771263656 25.7569957308 22.0154622129 20.2346183878 31.9255666248 30.0712830792 29.1890082187 31.6645520671 48.3524790208 29.9690281128 29.8579198862 30.4748633988 29.3466580983 30.4328921269 30.656437631 30.1921768404 30.9945833525 30.1411762108 28.5628176925 30.091984049 30.034430719 28.8306298945 29.9928607398 30.4091686172 31.1889024758 30.5989471354 28.7341750844 30.6353411819 29.8683738664 30.199013242 29.527875233 52.9992546656 46.0921661486 46.0921661486 58.6163834479 58.6163834479 58.6163834479 47.1047956829 29.8466448777 63.4552113879 75.7601937236 53.3364831738 30.3215987932 30.9486206096 30.7951388087
30.0354939939 62.0039600442 62.0039600442 56.2190241795 44.2136436905 38.9551538585 48.7802201725 48.7802201725 56.0695110896 56.0695110896 78.8819741504 29.3042972322 15.2767864297 16.9813324577 24.9310219834 31.3168655117 29.4083975575 48.3524790208 30.1260946544 29.1235673514 30.2918035709 30.0453252568 29.0888502408 29.3015090035 30.4946019824 28.6912595104 30.1703413827 28.9725370752 31.9050675224 41.8886391826 29.3718565126 31.3109362614 31.4898573608 31.5296712616 31.6515150068 31.3022365616 30.937028585 31.6878070678 29.6027903564 29.9614102545 29.7197046706 30.5916514783 31.7501174099 31.4494882386 29.0615854572 53.6350710105 68.082640726 68.082640726 47.1047956829 63.4552113879 75.7601937236 53.3364831738 53.3364831738 28.986722794 31.9955984412 30.5348824443
48.5698822189 48.5698822189 62.0039600442 56.2190241795 44.2136436905 30.8441642616 48.7802201725 48.7802201725 78.8819741504 29.3428424091 28.8037104314 29.624706278 30.0685897472 31.934472217 30.8732674357 30.7046359595 31.7069473006 30.3477737081 29.6506104422 29.5357796992 28.8187891314 30.6871000367 28.6303537085 29.8325140894 28.6018409795 30.424098888 30.6399515177 31.236116956 41.8886391826 41.8886391826 41.8886391826 28.5309917905 31.2816235211 29.9712486292 31.7446510863 29.4054804848 28.9778790628 28.7757712573 29.7799661151 30.9414989904 30.9154027901 29.9576340939 29.3323576125 30.5728498656 30.1448358721 53.6350710105 49.368152276 49.368152276 47.1047956829 63.4552113879 31.3295765949 75.7601937236 53.3364831738 31.1374867238 31.7852187515 29.195825636
30.0052627678 29.1662017957 31.3678811619 31.9535721021 31.4929240726 31.6473808322 29.3195724424 28.5691833169 29.2277468906 29.8330515395 30.5738618146 29.8618161505 28.7628139992 30.4663927457 30.3298248131 29.7830881373 30.1785229046 29.5905111471 30.0888995975 31.0439771551 30.3795566763 32.0274982343 30.2662197689 31.9548138935 31.5389717513 29.8893116045 31.8689308449 31.4536745736 41.8886391826 41.0993370148 31.8551256452 30.4325490103 29.5715966812 31.0397633109 28.9793609827 31.3231215534 29.532191803 29.0114645345 30.7756469099 30.5238507653 29.9500461913 30.4177124825 30.9106480273 30.0897641637 31.2260193303 49.368152276 50.2586744595 50.2586744595 29.1362964276 32.0331113266 30.2250092968 31.4966586376 32.0279734249 29.995332378 28.7088377528 30.1302133002
28.9380595805 29.209951106 31.3758664023 29.8993284384 29.573295127 28.508594287 29.1754361477 30.9135367535 29.3147224986 28.5814236298 31.5635570186 29.0152664375 30.4812548922 31.6158584905 31.6161209071 29.6128362199 31.2666197803 28.5422566576 29.3640747315 31.981177611 31.5708502883 28.8235208949 31.0511469312 29.9735347596 31.507502592 29.3115118111 30.6167012147 30.4629654051 29.6531273975 41.0993370148 41.0993370148 41.0993370148 31.6952691316 28.5959614364 29.4595440432 29.258686594 29.0888317113 31.3886316158 31.4480674835 29.5421039447 30.137194267 30.3686109783 31.1041821627 30.0274485595 31.4150183458 32.0096680633 50.2586744595 50.2586744595 50.2586744595 31.4748045748 31.0122570165 30.1500198825 29.6301773581 28.9423979227 30.2551124426 29.4405102657
30.0770274378 30.7648762382 29.8534021976 31.6847018551 31.3900331446 31.0989861432 31.1430565459 28.9512690958 30.7224786663 30.0271857436 30.8623600957 29.0720024461 29.9933116138 30.5530668966 31.4661431142 30.1438763548 30.3305490544 29.5921914269 29.122774753 30.1467235961 30.0218273767 31.1217986362 31.0312394809 30.6766118951 31.0683849857 31.9676897977 31.1804729349 30.7218384377 41.0993370148 41.0993370148 41.0993370148 31.9346816551 29.6714864946 31.0127801758 30.0304219145 29.5017515084 30.320302615 29.9858027134 30.6074222034 30.6776620923 29.8089894622 31.0175735266 30.980028225 29.6606887473 28.5846699613 28.6418278826 31.7531276856 50.2586744595 30.102685332 29.7921718136 31.9732177086 29.3110300718 31.2965901259 29.6071528843 31.9773252795 29.982088233
29.4717150237 30.4657578471 29.5667209838 31.1451169289 29.158170752 30.9862430135 31.4594849107 28.8744403471 30.0352127636 28.9594685223 30.8770006051 30.3568135492 30.0898045819 30.3879408376 29.4592698314 29.7001327359 31.9019454094 31.3508500562 29.2380246381 31.9292039694 30.9650460933 29.9129306953 31.5796262416 29.0005842829 28.6765377269 30.3521159736 29.7436368253 29.5266607576 30.8275743668 31.0966775376 28.8384718943 29.3163750821 29.9652849561 30.7631636896 28.836998004 31.5714139912 29.0087915994 31.4002297299 30.4393406576 31.0466246572 30.6667639089 31.5356205709 29.4988109668 28.7688054564 29.2621674046 30.9216315142 30.1613439464 29.0329440743 28.6130792923 29.3038456308 28.8204298747 30.977748929 31.6789087709 30.0490910173 31.377756356 31.6745861953
28.8531358182 31.022387104 29.8856568503 28.6815735967 30.2257412147 30.3702903734 31.8017172498 39.3432726995 53.9806559118 53.9806559118 39.3432726995 30.5777122272 29.6143850817 31.6368433156 31.0636616008 31.6705441211 30.9083180424 31.4909094902 29.0037334413 29.7197080887 30.2971168361 29.6584572173 29.8599538009 31.13596262 29.7749772873 29.0605789663 29.9770353801 30.6107695751 30.3485317942 60.8293101574 60.8293101574 60.8293101574 29.9211950632 30.0537510754 30.1436344572 31.5569842261 29.905582254 30.4769414685 31.9153145297 29.0107605376 29.129434358 29.8290540829 29.827476496 30.5417887021 31.20036702 31.9127742035 52.393804359 52.393804359 52.393804359 30.414949795 31.7894618226 30.0966956639 31.0456090066 31.3303211269 30.2310962505 31.1762596854
30.7757880744 30.2692703619 29.8019859992 31.4018014907 29.013719472 30.0745852033 29.3062752604 29.5537511733 53.9806559118 53.9806559118 32.0036184791 31.4782923835 29.083538791 29.7868355755 32.0340208595 31.2055590709 29.7903789402 31.8468828687 30.2759369289 29.3108361754 30.4611975682 29.8977643123 29.3715025109 29.621100433 30.9151601397 30.6604648324 29.3089892916 31.680439138 30.2505871739 29.4142306991 60.8293101574 60.8293101574 31.1582879529 31.8441799506 29.397660202 31.5378461933 30.3959244145 31.8781652384 31.1509784152 31.0203642852 28.8517723714 31.7812790846 30.0757133821 29.0770819089 30.8714417715 28.7467125732 54.3597000502 52.393804359 49.457916985 29.972501969 29.2775708839 60.6659771403 28.7012002362 52.6708048293 30.8895198639 30.0828157744
30.9823234827 29.6314854308 31.0768019499 30.2676797981 28.7653386529 29.3968839028 30.2524258594 30.6774631686 57.2495058962 57.2495058962 57.2495058962 28.8908494811 29.8832221634 31.1910276613 29.261786389 29.8395330724 29.236736727 30.6974712083 28.7416645942 28.7729691599 31.0127231323 30.9818305528 29.9446644854 30.5893647488 30.2413179637 30.3162264199 31.2689990255 28.7383878117 29.9912712102 31.5808070099 31.3033167758 58.7193313818 31.9041312831 30.0234449218 32.034725921 28.6917773105 29.75983869 30.547657356 30.2179519475 31.3050826329 30.1446752364 31.9723109289 31.6749365858 28.7339863589 29.4747431466 64.2937288393 54.3597000502 54.3597000502 49.457916985 49.457916985 54.8566240517 60.6659771403 52.6708048293 52.6708048293 73.4282926978 29.3137706485
31.3733226264 31.3142467891 29.6775254717 29.6112691513 30.5010702922 29.7397946472 28.8023876331 30.7061085672 57.2495058962 57.2495058962 48.8868171305 29.2006005199 29.6610257274 30.292454539 28.7067978605 29.0670815381 29.7781440921 31.6859506699 31.135701335 29.8945505094 53.1791030898 53.1791030898 53.1791030898 29.4057822976 30.798969456 30.3956852315 30.3779889051 32.0044647678 28.8633961887 29.2509365024 29.4067077322 58.7193313818 58.7193313818 28.7914463215 30.3839296855 31.762379979 31.4296609793 31.6192501524 30.6635205375 28.846140442 31.9278331729 31.0040139721 30.4637645502 30.4962430544 30.0780310525 28.7819767387 54.3597000502 54.3597000502 49.457916985 31.5953200379 54.8566240517 60.6659771403 68.6453238746 52.6708048293 73.4282926978 31.1122721377
29.3973134326 30.8827879055 31.2404588548 29.2500385012 28.5456762292 30.8259919649 31.9596135041 29.3479415912 49.5510981136 49.5510981136 49.5510981136 31.5735645828 31.2848213184 29.5334403631 30.2953906482 29.207988514 28.7617778111 31.2105519551 31.8823583319 43.7878351536 59.0674629173 59.0674629173 59.0674629173 42.3228439627 42.3228439627 31.8237718847 28.7886433954 68.4505838769 68.4505838769 31.9060896022 42.5630563176 29.6154404287 81.0001554543 59.7737786812 31.0336576675 29.4125790888 31.3620922282 29.3599573764 31.8433798419 30.1168852735 30.514260882 29.7955912993 28.757790491 31.7993720636 31.8750601143 31.6790828016 30.9721545367 31.2017477621 42.7534074255 29.3874987989 28.5920870703 29.9496692173 28.7805043103 52.6708048293 31.74425228 28.7738949193
29.8774135684 28.7751613972 31.2659319722 29.5773333508 28.7562058877 31.6500781947 29.2931911995 28.5315358506 70.4569362516 49.5510981136 29.3597226232 31.6465458768 29.1507442612 29.4464996296 29.2225473067 30.3509029479 30.2864405092 31.8517083778 31.5724747343 43.7878351536 43.7878351536 59.0674629173 59.0674629173 42.3228439627 42.3228439627 30.1489844862 30.2503699083 68.4505838769 68.4505838769 31.0069455289 31.4735382145 30.3791752087 29.1773344765 31.0532394064 31.3215246291 28.5643459122 29.9969870029 28.5552891678 31.8759986169 29.6610673272 29.905238199 31.7955692419 30.49826145 31.707377847 30.9253313806 29.9498074728 29.3844957776 58.0910981287 58.0910981287 42.7534074255 28.61603777 29.7116843345 29.4579789184 28.7851595413 31.0662583654 29.1941547816
30.7961132819 32.0317825271 31.9963108884 29.1973509377 31.6192838037 31.7714030186 30.4403492714 31.1994586628 74.2656538384 74.2656538384 74.2656538384 28.8848184363 30.7781376343 31.8578696095 31.4651350202 31.1138765367 31.3416005737 31.3137017186 29.5093469993 28.5414004233 57.5180566113 54.631303004 57.5180566113 42.3228439627 28.6672119074 29.3126400203 31.7168386573 61.304931173 29.8262275021 30.1921783025 63.778385886 41.4061669887 63.778385886 29.0899360866 29.0299626612 29.2790546873 28.8041855983 31.71031232 30.2668532632 28.8476349334 29.4552156716 28.7993368995 29.0227929745 30.887516775 30.6065565384 31.2212463459 58.0910981287 58.0910981287 58.0910981287 58.0910981287 30.5122260175 29.4268133385 30.379901238 29.422244123 31.0321678263 29.6360431257
30.2569036494 29.8611219449 29.9052932798 30.419379751 31.0855419973 30.679683774 30.6008056355 31.6967656056 74.2656538384 74.2656538384 56.9250680521 28.9162838854 29.1856182281 28.8929220483 30.4106666128 30.8818044264 30.5935138216 31.0049834682 28.680417982 30.0710215558 29.8180828635 65.8863525359 31.3327304746 29.8613257317 30.2426010446 29.5106676825 28.9139327755 30.4155493854 31.2737766501 31.8363865647 29.8424679179 55.6414615766 31.2926272009 31.1930012819 30.4789738643 30.7452368248 31.1572750657 28.97819341 31.4335559182 31.9015485841 30.7969303621 31.6097865674 30.905895136 30.3041040365 31.5002378553 29.4570103143 31.8714153219 30.414014065 29.3944487742 30.4618105537 32.0044351868 30.8375739951 31.4231483271 29.6310812742 31.571010696 30.8648876581
29.9427761513 29.575069269 30.3206203616 31.8944020308 30.7068064058 28.5176502462 30.0776107483 30.4589945597 66.8477981364 66.8477981364 66.8477981364 30.2880824091 31.1518781044 30.9147095952 30.8885371204 31.4321207174 29.1788281604 30.7007202305 31.9384656727 28.7120742837 65.8863525359 65.8863525359 65.8863525359 30.5409712624 29.1813136175 29.4359376911 31.4671847673 29.3164318221 31.5178423011 30.2985599892 29.3156935905 29.9788458021 62.7327144003 49.8123823923 30.2946767114 29.1353394904 30.2486649789 31.8622497714 28.8399787051 30.6420101351 31.7150167848 31.7009591341 31.1427618578 29.2663348475 29.8529308951 30.8585545533 29.2233430386 46.9631090042 46.9631090042 63.8404327902 29.1085587597 28.7699936447 28.7782593315 29.770843661 28.7760723543 30.962857889
29.7592516828 29.3930281171 29.9789043087 29.8543434367 31.69705559 29.1776523555 28.7669754208 29.6332003257 58.8855498846 66.8477981364 65.9925504891 30.722604939 30.0310408333 31.0657271652 28.8121818774 30.993284954 31.7999711951 29.2009917257 30.4579677066 30.9600101362 30.3387583923 65.8863525359 30.293235949 29.3971742183 29.5647600726 29.1392428741 31.1170326919 31.9469548003 31.4351509892 29.2860938927 30.284167474 62.7327144003 62.7327144003 62.7327144003 31.9396731578 29.5883910344 30.3190562562 32.0287086412 29.5842416394 29.2174763749 30.2698360918 31.1746680866 30.9706997594 32.0263783198 28.9590266681 28.8028155715 46.9631090042 46.9631090042 46.9631090042 46.9631090042 28.8506859684 31.2891281283 31.3887416747 28.7590137712 28.8452734697 28.8638253168
29.1202203389 31.6274555328 30.210826609 28.6788811271 28.8452007515 31.9286758541 29.9279825536 31.6009147617 29.7340142942 46.0813901153 64.3274959401 28.6093653057 29.3623798332 29.5673186927 30.2547735105 30.8775780606 29.726856993 31.1649846785 28.9758872199 29.8746767062 29.4601388812 28.7025429467 29.5829872905 29.4851855307 29.7239832735 28.9741301601 29.0274449163 28.637029431 29.1724595968 30.1956771722 29.8570814043 31.3043613304 60.6583100964 60.6583100964 60.6583100964 76.4445196217 60.9568971986 28.8867682943 31.2664247435 31.8006037863 30.8833512059 29.8072446335 29.6873412727 31.4939838688 30.184281263 30.1222426651 53.9911437307 53.9911437307 30.8245459922 30.6076549949 29.0834405003 30.1390063195 30.0608349018 30.2026420788 31.9380473803 31.3796820328
30.8816559253 30.8742378759 31.6219832166 31.5764548207 46.6807305226 30.4610488657 30.4133295447 30.9024978333 54.4951055825 54.4951055825 54.4951055825 31.756378371 30.4948443762 71.4386953097 30.1766811042 73.943622615 45.1676709202 73.1640662942 57.7134772126 31.2194988667 31.6165769099 30.5563154074 30.5538023347 29.2116120523 30.2124330103 29.4699081976 30.3544171654 31.6065939068 31.2843640455 80.3126641928 49.9459397887 72.6369081219 60.6583100964 60.6583100964 31.0850952388 76.4445196217 60.9568971986 30.8338503119 29.191864717 29.8552048514 28.9302946556 45.8096400529 31.4660784032 30.2871689946 29.638175531 30.0760182793 53.9911437307 53.9911437307 30.5254144058 30.4549992297 30.8590488431 30.6696907887 30.4378658546 29.8495656206 30.1164340009 29.0249048932
53.6581336362 28.5111986937 30.5828147253 30.2039238736 46.6807305226 46.6807305226 46.2869303762 59.1366165302 59.1366165302 54.4951055825 55.4938720344 30.8068719753 29.9425072415 48.7760240761 48.7760240761 73.943622615 45.1676709202 57.7134772126 57.7134772126 41.045179202 73.7281279707 31.2657097568 37.5403742615 29.7065635551 28.5809548567 29.8199263509 30.021039588 31.3290668444 49.6140341831 80.3126641928 56.1263090948 72.6369081219 72.6369081219 60.6583100964 76.4445196217 76.4445196217 60.9568971986 29.4343400776 31.5843030663 31.4043809717 28.7331606986 30.2674777938 31.0716852926 30.9800178924 31.4727792775 30.7140499267 31.3878235559 53.9911437307 29.0588366636 28.5929761483 30.9867783858 28.876795719 29.0004556685 30.8285837461 31.1625757717 30.8735519751
30.3920327657 31.9592268021 28.8688893415 46.4358234759 46.6807305226 46.6807305226 46.2869303762 59.1366165302 59.1366165302 55.4938720344 55.4938720344 55.4938720344 30.7889639841 48.7760240761 48.7760240761 73.943622615 65.3147012356 57.7134772126 57.7134772126 41.045179202 73.7281279707 71.7246465082 28.8613033387 29.1874218739 31.5273773118 29.4585977325 29.7006808176 31.8466443847 49.6140341831 80.3126641928 49.9459397887 72.6369081219 65.041225315 53.3002529057 43.1443900239 76.4445196217 60.9568971986 29.7354810576 29.9124083117 30.43374676 31.703303866 28.7912288597 28.6511390223 30.9434180407 30.201831274 30.0185679057 28.9613276367 30.1473333372 30.3878537903 28.8545104682 31.5659271347 28.5961728608 30.7768943698 31.9948400986 29.5111326834 31.4948575289
31.6626253272 28.5712333475 31.5116580116 30.7012557319 46.6807305226 28.5032828387 29.0490622238 46.2869303762 59.1366165302 69.5407894935 29.2178153005 29.0734885346 31.6208446271 30.8186827808 30.2168591352 73.943622615 45.1676709202 50.0873973329 57.7134772126 30.9529984598 28.8259832298 29.2843016502 28.9101433231 31.4236545253 29.6457166825 31.7689998521 29.7436640343 31.5228153683 29.838981312 31.2693659203 31.3938069204 30.6593340654 31.0231342828 67.6624619338 42.634937058 29.4704652699 28.9137905794 31.3140944576 31.0947634909 30.4340656298 29.8520904044 28.8997537043 29.9256707228 30.6451649684 30.9472023664 28.9325664673 29.6172166306 28.9480523966 29.6051365411 31.4440996744 31.9044247261 29.0838176954 31.058487874 29.1990606788 30.3081615492 29.0650878261
