Spatial_Output/BAU/BAU_0400.asc
NCOLS 155
NROWS 192
XLLCORNER 196307.867259
YLLCORNER 449144.565805
CELLSIZE 33.573938
NODATA_VALUE NaN
[rows 125 to 149 of 192, columns 57 to 113 of 155]
34.1010991247 33.1281061684 56.247226904 56.245498082 31.5025498826 33.5750325228 32.8437665451 32.8441409927 34.5309501354 31.7655922951 34.8949755404 34.595891605 33.4261071608 31.5717941326 34.9792017003 33.491328044 34.1974124974 32.2483529738 33.1918976372 34.873078604 31.6447911718 31.9732911561 55.0702267866 49.6727443473 49.6727443473 55.0702267866 33.635385183 32.4286130512 34.7445059646 32.4363607485 31.7671086532 33.5717613254 34.1889767446 34.8979260132 42.3586301994 43.2004885153 32.4472553245 33.0770060478 33.3367172724 34.2345954013 44.6393093925 42.0131931087 46.4402139306 34.8799119909 32.0278117168 34.7601933936 34.5664830663 33.4797703154 32.9405249884 34.128565911 55.5222738992 32.272057823 33.6941592618 34.4912191602 31.6844018607 32.5880864512 32.5907707192
48.4122165694 51.5094812242 51.5094812242 56.245498082 58.244749055 55.7370819333 32.0151331854 34.9831128347 31.5166889359 34.2885421473 34.9597488446 31.8992831272 32.4965854558 34.5678963156 32.4566890279 33.0222561556 32.4257484135 34.6160499843 33.8015651217 32.6161362982 33.4148691415 34.0535583859 53.9794553342 53.9794553342 67.9609677333 52.1627928799 70.3839511866 65.5024150137 32.7182345863 32.0965412068 32.6975605047 32.6428250622 32.9365815128 33.8474368681 43.2004885153 43.2004885153 43.2004885153 46.4111172825 60.3887316878 44.6393093925 44.6393093925 42.0131931087 42.0131931087 35.0160221426 32.0749324867 31.6915563303 31.5261807349 31.6781624488 34.2686484734 34.826197571 34.7276445325 35.0266843378 34.6600995383 33.6822164985 31.5506931585 31.58205936 31.6501301396
48.4122165694 51.5094812242 51.5094812242 58.244749055 47.1657905449 47.1657905449 33.6705370904 31.6980037653 34.7157757482 31.7999996006 33.5488493718 32.5124386428 32.8561574462 34.7435274235 32.1995799622 32.7721328194 32.5258080787 32.5282883415 33.9836540073 34.6380252266 48.2401234089 48.2401234089 55.0329487345 53.9794553342 67.9609677333 67.9609677333 65.5024150137 63.2014222525 63.2014222525 71.4612756197 32.736351621 33.9508418045 35.0180035102 63.608069638 56.9316540101 43.2004885153 46.4111172825 46.4111172825 60.3887316878 44.6393093925 44.6393093925 42.0131931087 42.0131931087 46.4402139306 33.2880087786 31.9597284719 33.6201695247 34.0506340031 34.694802492 34.4633963229 31.7704680095 33.2297320376 34.5546656396 31.7577539584 34.8729532114 34.3741947414 33.4576780276
41.3518842859 33.0357365211 33.3027412626 42.8659275022 47.1657905449 47.1657905449 31.645946769 34.5016222531 32.1117924431 33.1466587327 34.5052487081 32.7885046895 32.6401522345 31.6347655796 34.2578127888 32.7846418386 34.1663854859 34.5088008713 34.4703565505 32.8240885359 48.2401234089 48.2401234089 68.2357568882 55.0329487345 67.9609677333 67.9609677333 65.5024150137 63.2014222525 63.2014222525 71.4612756197 71.4612756197 31.590027328 63.608069638 63.608069638 56.9316540101 56.9316540101 60.9151464376 46.4111172825 60.3887316878 32.4541674622 32.7904786512 32.8870894979 34.8924300431 33.7014550521 32.4316822039 33.4007549887 31.6106217685 33.9694538554 34.4543414294 33.4376436117 33.0413083286 32.9769255095 32.9265189055 34.928465361 33.7808842168 34.2191543557 34.4203571975
33.7935363042 33.2880137936 34.7566024285 33.0713588656 32.9855299542 54.3133837301 57.0563833885 32.4696681709 34.886981279 31.6428856607 34.3387183674 32.1785366512 31.6587616258 32.3639947035 34.9594915271 34.9625085506 33.3420454811 34.6226384015 33.5247160447 33.010363412 48.2401234089 31.6635686408 32.399281696 46.1156470285 46.1156470285 46.1156470285 34.984201337 33.9484145466 63.2014222525 71.4612756197 32.3734700102 32.8224366281 31.9982294634 63.608069638 89.4859536948 56.9316540101 51.0818961751 65.0800882557 32.5425447529 34.9849595703 34.6909301119 32.322425832 31.9004990969 32.0675525014 34.2098774425 33.3665033435 33.6843058796 32.7506507002 31.6953261088 33.1806648501 32.3778962003 33.0350177651 32.5686372282 32.5506588158 33.4745621037 33.2261187045 31.936824771
32.8700779185 34.2931736154 31.8731401593 34.3117018635 49.212673541 54.3133837301 54.3133837301 72.6268046771 33.3869442022 34.3707391438 31.8483901306 34.8361057746 32.7729681012 32.5513687037 34.1837554882 33.147244425 33.9962103111 34.3512596368 32.2089210634 33.9856239223 34.7275052852 34.6338825283 32.593179819 33.3632694154 46.1156470285 81.3425642942 81.3425642942 32.9336885548 31.5645606228 33.664064826 31.6224094908 34.1008711645 33.1840629644 32.2372033437 32.2758561264 31.5295711247 32.5745135911 34.2980831531 32.5694350498 32.5209607442 32.1230798238 31.5734917135 33.6485262564 33.9264881174 34.7542968777 34.9507141848 33.7340837601 32.3265289828 32.3460675504 34.8624218738 34.8076581967 33.5743695095 34.9961096774 32.4825333953 34.3354734036 32.3886259202 31.8750122046
32.0312588569 34.829276877 57.9609708509 51.4933134674 54.3133837301 54.3133837301 51.9784071473 51.9784071473 34.7398203153 33.0305010938 32.8414710488 34.5579638286 34.2950128408 31.5026963373 34.4125070952 32.6391983664 34.3327837475 32.8160834274 34.2579710551 34.6441248771 32.0303057181 33.3845268588 31.7579726231 33.1770083181 81.3425642942 81.3425642942 71.787727754 60.3039275678 60.3039275678 72.0719066353 34.4402588459 32.7332392648 32.7924904833 32.4555811697 34.2481691536 33.4954734853 32.8691434324 32.3557374445 31.7102881067 32.7891889437 32.9121449544 32.3041111302 32.0746445058 32.317232784 32.6417917944 33.0524765622 32.2627318767 33.0536724897 32.1216797498 32.8218063128 31.8066849162 33.1487911928 33.0310394806 32.8385047931 32.2721561687 32.1104368476 33.3697603093
51.8248496095 57.9609708509 57.9609708509 51.4933134674 51.4933134674 51.9784071473 51.9784071473 66.4128698647 33.9357140568 32.935533214 34.9218992198 32.2512684225 34.0969572526 34.910044824 33.9255859176 32.9219795675 34.8261025998 34.6796379953 34.1299764086 32.0600952314 32.224416847 33.7717772545 32.4617221603 34.6149460322 76.7016290068 81.3425642942 71.787727754 60.3039275678 60.3039275678 72.0719066353 34.3303471052 50.8328990092 34.5290365859 34.4910972891 32.5500277435 34.096947343 34.6084618431 31.8670477431 31.5792210586 33.1454210177 32.9731924672 34.3443238322 34.0702139075 31.7803447938 33.6533091982 32.0339528507 33.7299575775 31.9853848167 32.1432155814 33.5815721708 33.0664619209 33.0273339112 34.9528543886 33.1151151427 32.4857661279 32.0686599296 32.4375245259
49.5426683746 64.7929907614 57.9609708509 49.3520454083 33.2623573555 66.4128698647 60.9064767166 60.9064767166 32.9821366474 32.6679621938 34.8959859741 33.9423410097 32.4447377197 32.8307282902 33.2709971387 32.8093569596 33.5914103564 34.6268767278 34.6967644998 34.3353171181 32.7057695444 33.9685387054 33.012290206 33.7956932049 33.3696023314 32.6554757633 32.6070418234 72.0719066353 72.0719066353 34.4808866508 50.8328990092 33.1689864496 34.6673879152 32.3045885635 32.4838463248 32.2194934434 31.8994594349 32.2350618736 34.1830823354 32.32473533 34.5017508156 34.1778067048 31.5575699271 31.703347996 33.1342605166 31.9736799592 33.8189756924 32.2371658327 33.9483511039 32.5976083686 33.3623421948 32.305986925 32.8727082756 34.8168101594 33.4084330227 32.7607356225 34.9331871369
51.8248496095 33.1247994679 34.2713961808 32.4084216235 32.3800575907 33.8158414602 60.9064767166 60.9064767166 53.6923246333 31.9356602076 34.3511635817 34.7345359667 34.3724627295 34.7662773199 33.5101669791 34.2449762785 33.371486666 34.0196916078 32.5691873858 34.751703019 32.7231508598 33.8454413444 31.7842414364 33.5261368428 34.6928693158 34.4515095669 32.6124265422 33.1496481786 34.5980752048 69.4494419661 50.8328990092 69.4494419661 33.3912414725 33.0153656355 32.5678139084 32.8677311894 32.0478924768 31.7844083292 32.6227524544 32.2039439335 32.852317982 34.1130196061 34.3932018538 34.0308789876 32.1789362677 31.9254785635 34.2569708102 33.9793931597 31.5800254251 33.4517580449 33.572649606 34.5513728147 34.424520334 34.9500651324 34.3069443976 34.844275235 33.8172344277
32.7182626096 33.1300993466 33.0998244238 34.2094113655 32.7003136862 34.7415050699 33.9915492959 32.3187354175 45.445090624 33.4020094927 34.6051108358 33.2880030472 34.9226396198 34.8948685838 34.2940306331 34.2611820967 34.3658458893 34.7604814322 32.3550639947 32.6593060085 31.6576260857 33.0537526346 31.7420962212 32.1272700165 33.635020219 34.8566232757 32.2459193431 33.827360227 34.4323142064 33.201388082 55.9599389889 73.8894395971 73.8894395971 73.8894395971 32.3889571447 31.8897930917 31.5381657707 33.859275218 32.0086241961 34.3928951627 33.3624550215 31.9935689052 31.5790000745 33.9693624382 32.4520858431 33.6844817678 32.9665188418 31.7497589805 33.6992932982 34.3937889587 34.6106317204 31.9626428295 34.136787155 32.2045711556 33.2908035333 32.8405784213 32.1123438981
33.0652195924 32.2754540294 32.6142322007 35.0268641416 33.7128403337 32.6904945156 32.1413308962 45.445090624 34.4994708451 32.1852120056 32.8585068843 32.3944090894 34.8638530717 32.7577388429 34.2847566924 33.3435984382 33.8957595158 33.8155495251 32.6256421841 34.9116019903 31.8655922228 32.97992948 34.0687807829 32.2121456336 31.800727065 33.1664437919 34.1159781215 33.9503738353 32.160196557 32.2856912227 34.8548996279 73.8894395971 73.8894395971 68.8775399516 33.9242413829 32.3963499328 32.3382663977 34.2732089356 32.8987612487 32.5620405955 31.7207599422 31.6528744094 32.8649898878 34.6950437399 32.3180428588 34.4035463861 32.3085871082 33.0925957102 33.2114575954 35.028542924 31.9505845078 33.4627165234 32.6068439526 32.7336651802 34.4428022674 32.5455807036 34.8270842074
32.783829561 31.7517513697 32.1063569163 33.4068429604 31.5070890904 33.8076339531 34.6872217832 33.4640193884 31.6446482785 31.7964509784 32.8482017461 33.4232600323 33.1825727469 34.4456151742 33.7224696528 34.9152120447 33.6395550215 32.920398421 32.2332578516 34.518318282 31.6302189132 33.3654491739 32.8748859421 31.9924947593 33.2041953939 32.8095774794 33.6778058784 33.5581866809 32.8161072391 33.8280556116 32.3370508127 68.8775399516 52.1419768706 52.1419768706 34.9995291926 32.929016652 32.302411709 33.1372148993 34.38245877 34.395677786 32.9438129661 34.6879182903 33.9761702065 31.8648424977 34.5702617354 33.704047956 33.1413427289 32.1783410881 34.7342520532 32.0099096239 33.61047054 32.9767047799 34.3892265644 31.614782516 33.7656129309 33.0347188426 33.3991314804
34.4474625969 34.5058790113 34.4765031067 31.8604221177 34.426904184 33.3046228853 34.4117696275 34.1703944244 32.5491188818 33.028414947 32.0364288529 33.1764435223 32.4163782774 32.3086542246 32.5901673197 35.0296520881 32.6292621371 33.1716286881 33.9943011849 34.393879811 32.8579709303 33.3443657094 34.1732518054 32.0485413645 32.9620878071 32.8689595049 32.988374717 31.9975898526 31.6478879142 34.4007481063 31.970150825 52.1419768706 52.1419768706 52.1419768706 34.5682984336 33.2496573985 31.8561303223 33.8921592046 33.2591903777 31.5914777478 34.3883806535 34.1365777061 31.9207888628 34.4317004893 31.7954953566 31.5818986527 31.6637710179 34.5901107551 33.264882682 32.1918015734 32.299519421 32.6459342378 34.7617488733 34.1306125084 34.1802176741 32.0844486205 32.5374256185
34.6284196153 34.0931193698 31.6346984752 34.7584972969 33.8092320697 31.8964061905 33.0673348743 32.6364052304 32.3252945628 32.8668904144 32.583824475 32.7164970875 32.0262071812 34.8162565234 32.1440326979 34.9054137421 32.8648589718 32.6333682157 32.6078873414 33.089576467 34.5296610431 31.7478588251 33.51698568 33.4098402595 34.5615092667 32.3680688519 31.8702052399 32.005005755 33.6753808054 32.7004064958 32.1297906028 51.878956742 32.9305426393 33.5890965479 33.7791511076 34.130015143 32.6819976732 32.9194270047 32.5678566035 31.7054980763 32.3913431268 31.8799540484 35.0193538758 31.7408851566 34.9536228319 34.3690321322 31.6000689718 32.5503892339 32.3500155265 34.1785553134 31.7106161029 31.7172748383 33.0672393169 34.4233684708 34.2855398375 34.8887889824 33.073363055
34.4549367169 31.7952115744 34.1176680716 34.0260039927 33.3130038107 32.7065843899 33.7062118549 33.7929899774 31.8282628801 32.6895677685 34.3750744319 34.3630780509 34.6652101376 34.5827260701 33.0277889321 31.5004292874 32.7593686968 34.627614087 33.4394874054 31.6870447151 35.0067999371 33.4275561843 33.349573132 34.3440487848 32.8234515054 33.6157544134 34.566632154 33.4866057674 34.64982518 34.3929288112 32.1705991659 71.777338037 65.8514713226 65.8514713226 65.8514713226 33.1537536634 32.7965201473 33.5570639103 32.5878129026 32.2914225852 33.3047284632 32.3647213162 32.7796167565 34.694005366 32.6406099543 34.8923992988 34.8809852293 34.7568089171 31.7137245336 33.8061789251 33.3591926485 32.5571652444 34.1596238625 32.5341095829 31.7711483015 32.2936153397 34.4484824904
32.7512901694 31.8722321986 32.2693283413 32.4068538154 32.6338612352 32.7085519163 34.6477718031 33.2453426356 31.9467493802 65.1023434704 32.963691044 34.9220558886 32.386590876 31.71463849 34.3977594773 31.5151130917 32.3648739717 34.9962907774 33.3440704254 33.1144259706 33.1133864541 33.9330306188 32.3264074544 34.7624562009 33.1256223193 32.1215211498 31.846822732 32.0374785084 31.9727919856 32.177615073 31.6837202745 34.7351849741 65.8514713226 65.8514713226 31.9533071142 33.8178436286 34.1897205587 33.2791811627 32.7167536165 32.4602281121 34.8580217598 32.3402967479 33.9606642251 31.8895987316 32.5660827721 34.9041775707 32.9140668725 32.8654127538 34.2360818942 33.7108406539 34.128602659 33.1978101116 32.9999168274 34.9560894062 32.9160629292 34.1613171486 34.7652386895
31.915321311 31.7694687541 32.0660901697 32.3395843608 32.7088686651 34.7200227681 34.8771087189 33.7329754073 65.1023434704 65.1023434704 35.0203539377 31.7388983798 32.3367764671 34.1287363881 33.5111021347 33.1793669132 32.0472470989 35.0203341994 32.6278883645 32.1590312611 34.4509734459 33.8810215184 33.4852794492 31.576951916 32.1196627249 34.3195285329 33.0317967413 33.9974712192 32.6645461895 32.3923036214 34.3218131071 32.7373271456 33.1120768338 60.0836077613 60.0836077613 31.5370793376 34.1478703298 34.4818279355 34.1418067395 33.1307202488 31.6789016552 33.9133735712 33.0156948356 32.0360874136 34.1018015722 34.7998956699 33.4610311828 34.2876672214 31.7761300686 32.3957632217 32.8556130449 34.7668771588 31.5115622986 32.8006988632 32.9800041502 34.5624024074 34.9851977751
33.6507687854 33.3378146107 33.6633561744 32.9926646598 34.3450035391 33.2786483654 34.6891206731 64.6714868392 64.6714868392 64.6714868392 32.7911018642 32.2631061568 32.6975645109 33.5966483361 31.5908034517 34.3855561756 34.4351965572 34.7167383009 31.5913274192 32.512497121 32.0504073566 34.583602731 34.1949958825 33.0515991411 31.5922854681 31.6789611468 33.4288866698 34.9298631822 33.7217632046 32.5147374106 33.1384945037 34.4618626338 60.0836077613 60.0836077613 60.0836077613 33.231901124 31.9581909339 31.774661995 35.0352974063 34.0821672854 33.9955584134 33.1146953207 32.3288085647 33.8367476399 34.5536456473 33.6531968966 34.9895507948 33.8754362027 34.0884128453 34.8750874529 32.0810921894 32.0992495613 34.8892992462 33.0266144619 33.5251998047 34.6971859918 33.6909986892
32.4787961654 32.6281173287 33.3190094484 32.4180418226 33.5718321224 33.5789834508 34.2150026211 34.6790002667 64.6714868392 64.6714868392 33.5767208685 33.5424765464 32.6201329366 33.6832269557 34.208763715 34.0082460054 31.8074027645 32.2511034134 34.8912314669 34.1720281035 34.4699617435 34.1817873743 31.7024075129 34.6048933315 33.094135689 34.1536207073 33.5035621034 33.4630832041 32.367666072 34.1656977681 32.2346581233 34.3395522225 32.1137408639 80.4749754287 80.4749754287 80.4749754287 34.9640427119 33.1937359975 33.0700257999 31.5965740723 32.3948884461 33.0519172464 32.1671593132 32.4076357487 33.2345754355 32.2025806937 31.9211932241 32.4372237844 32.3000602482 33.8530790639 31.7896571452 32.3707448731 33.6254259578 32.877689935 33.5909833061 34.4397362818 33.2143547292
32.73965056 32.8386257237 34.2735058277 32.0995827266 34.196101937 33.6695803653 34.5192442304 34.5842454742 33.0738557455 32.5612905243 34.3058934336 34.7921083402 32.9094640834 33.6610319975 32.1847093803 34.1232308865 33.3881028527 34.0465908385 34.3079509535 33.2034615838 31.870879224 34.5663761517 32.741565277 34.5260811772 33.9883338672 33.6823609926 33.6350968812 31.9277328683 31.8194966209 32.7164797412 33.9651497442 34.9925098479 33.9428963145 80.4749754287 50.9906354428 50.9906354428 34.2261585995 34.606194921 31.7750645201 33.3387012913 35.0286987974 34.0301871464 34.8771488931 32.0930375392 32.6621810269 34.853731365 34.1826654192 32.9226906718 32.931898075 33.8127087401 34.2769898383 31.8913608812 32.4630165067 33.0411644127 33.094646867 32.1402076308 32.8603058047
32.9823447472 32.0659828525 34.0016742887 32.1130055972 32.557458812 33.1733090351 34.9231326535 34.4562813487 66.4249653679 33.9232004634 33.8238868002 33.441867835 34.2356651661 31.9315920447 32.2735706065 33.2155612802 34.0458374504 33.3218060946 33.5952914476 34.2178095111 33.8852345164 34.1837488944 32.3223645872 32.8564176376 32.007503335 33.7890586061 31.5490905981 31.9292891034 34.4040697609 33.8740942102 33.157257633 31.6287540059 31.5910625323 50.9906354428 50.9906354428 50.9906354428 67.5021174231 33.0417639666 34.1263077508 31.5564123794 31.8819412375 33.409380323 31.6820937586 34.6026445947 31.6114610262 32.1238267454 33.2716274533 32.0240121639 32.2047906792 34.7016962973 33.23965292 33.9311644946 34.5603238467 31.5351132818 32.953607156 34.5912776924 34.8074952355
32.0211194659 32.5459263197 33.6094843398 34.3046158412 32.3922746714 33.6046145542 32.238400851 32.3107122684 55.2869661874 66.4249653679 33.4053286165 31.989460046 32.8763170196 31.5093107014 32.537155216 34.0660972359 33.3634501564 31.741888537 34.5797072886 32.1347243329 33.4359431688 34.088467382 33.774136808 32.4442959995 33.7327119089 33.5901126353 34.1601661663 32.418501806 33.8567064024 32.3116237383 34.4926590564 32.3988000021 34.7817480261 33.1552465823 59.6984260828 60.679723475 60.679723475 34.2682485445 33.1337259776 32.2445966696 31.7120156012 31.5042751273 32.4672390653 31.7863050479 31.8139732998 31.9840988959 33.5357841922 34.1780839807 32.2923221628 33.1102941545 31.9822259237 33.5498913419 34.8247994482 32.9617785368 33.8347673249 33.7560362875 33.106123312
33.0841870388 33.2250798193 33.6741747133 33.4344637976 33.6724345991 33.5624236779 31.5271151629 55.2869661874 55.2869661874 55.2869661874 34.8380874928 33.384236982 31.7872975424 33.1897262901 34.7909850315 31.6105210791 34.7106099469 34.4345614971 34.2177083437 33.2640083393 33.696835961 34.603455587 33.5530000389 34.4102071638 31.9622223457 32.2360199044 31.9241384861 32.0602961706 33.1629508856 33.8077418419 34.8733097438 34.6021639685 33.3968361816 32.5974995789 60.679723475 60.679723475 60.679723475 32.9763359359 34.5832416044 31.7483181342 33.5242776948 32.3478626308 33.5213379541 31.9076906553 34.1460001742 32.2660633798 34.7487675396 33.85240454 34.3987759909 32.9327614895 31.8014053867 31.6355042353 32.689590948 34.091928693 32.2160376638 32.7072582674 32.528126324
34.9924656125 34.4698473466 34.7817590604 32.2563507308 33.7952706017 32.2452264633 32.9129054272 67.344175113 51.3365395472 67.344175113 33.8021779858 32.7003346062 32.7125235124 31.6583825025 33.8782027187 32.5057085112 31.8787390914 31.8044281571 33.3068940421 34.6596749307 32.7163225707 32.4671766966 32.7025208539 33.0488860607 34.740581659 33.3192665724 33.495460931 31.7829564793 33.0820040647 33.9945477312 32.5271719132 32.0226039103 31.6590655727 34.6042804937 63.0131030466 32.8684504097 33.6900822339 59.8292334901 33.4370077163 33.6855562093 32.1041053116 34.3183054102 32.9215430667 33.4954913196 33.8088147118 34.8090056609 34.8042894304 31.8282695527 33.0649690857 32.2107961189 34.3938983448 33.5929990496 32.1183515152 32.2216304761 33.3033536448 34.5141427543 31.6690859645
