Spatial_Output/BAU/BAU_0337.asc
NCOLS 155
NROWS 192
XLLCORNER 196307.867259
YLLCORNER 449144.565805
CELLSIZE 33.573938
NODATA_VALUE NaN
[rows 75 to 99 of 192, columns 0 to 56 of 155]
69.2314019752 80.1236992038 80.1236992038 58.3068292644 58.3068292644 80.4101538359 58.1193782535 58.1193782535 82.7754590203 72.2813109616 80.1200983016 58.3681737716 36.535850853 36.8930387126 36.4868950418 36.706287105 37.0383274156 36.6365215892 36.7795864551 37.0857245653 36.9890879057 36.5374841977 36.1952734245 36.6938381439 37.3015133243 37.2012603186 36.8797027796 36.7100294038 53.1217647196 53.1217647196 53.1217647196 37.2823485251 37.137456988 36.4792789858 36.0535205622 36.0403501173 65.5900147733 65.5900147733 59.1398568428 37.3589724447 36.9008375137 36.7328836067 37.3498009736 37.4106702339 36.3130504013 36.3986994775 36.946448084 36.1459841669 36.514822486 36.1245445891 36.0836932025 37.0482430772 36.1811944453 36.0101582708 36.2130670654 37.1104066442 36.1541362572
0 80.1236992038 80.1236992038 58.3068292644 58.3068292644 58.1193782535 58.1193782535 58.1193782535 72.2813109616 80.1200983016 79.9143645716 79.9143645716 36.1319254065 37.3828738381 37.0249557117 37.2923557394 36.9468004831 37.1977158477 36.8582494093 36.5038933767 36.402402461 36.3142905698 37.264830332 36.9634467922 37.0166237229 37.0614918097 36.9593755018 56.2087653805 78.8294072201 56.2087653805 56.2087653805 36.4063039706 36.7810421356 36.1829816637 36.577743429 36.2098639668 51.7933850286 54.6258428838 51.7933850286 36.958064506 37.3619240682 36.9549205959 36.7606718994 37.2376987473 36.3551351025 36.8664967691 37.0049668603 36.5211225385 36.7831973535 37.1688743843 36.4344301232 36.8763908036 36.8710365841 37.0766874788 37.1758831288 36.1761083667 36.6604848923
0 0 68.9333533432 0 58.3068292644 80.4101538359 58.1193782535 72.1247218142 82.7754590203 80.1200983016 80.1200983016 79.9143645716 36.5720209126 36.6575736053 36.3823500269 36.814866194 36.5532702438 36.0439283306 36.12273577 36.2777049883 37.0651966673 36.9042028468 37.0710256839 36.1476126364 36.7659375861 36.2653643503 36.5485677458 36.3854049835 78.8294072201 78.8294072201 60.1941248526 58.8224655499 81.2580038852 56.212417431 55.9794274737 36.8642628965 53.8077323172 54.6258428838 54.6258428838 36.816822057 36.3962490843 36.9380577465 36.7428303729 70.3933619957 36.35805913 37.276349294 36.5369870014 37.0100536445 37.1349062323 36.7271393867 36.9000856977 36.9136692039 36.8869231182 36.1926072706 37.3362099011 36.2345653352 37.3503865009
0 0 0 0 0 0 0 0 0 0 0 0 0 37.1151004101 36.7463881687 36.6925045398 36.3064929477 36.6587450715 37.1613143431 36.6749316228 36.9055801012 36.8270789044 37.2142670865 37.0158762071 36.8117186943 36.7130579124 37.0411855243 81.3186471727 81.3186471727 60.1941248526 49.7462533895 81.2580038852 81.2580038852 59.5330660971 66.1230753429 66.1230753429 54.6258428838 54.6258428838 54.6258428838 52.2049954299 36.906099142 64.360023651 70.3933619957 36.1058902377 36.1078877136 36.617451836 36.8220789957 36.2815665931 36.8283338668 36.5557394439 36.7551845421 37.2944229679 37.2031339496 36.1801196193 36.2017659006 36.1891541957 36.8511956174
0 0 0 0 0 0 0 0 0 0 0 0 0 36.1895066582 36.9618119341 36.0494714415 37.2650508754 36.0969821728 36.4972451687 37.1376571725 36.4154263604 36.0803610254 36.9859797465 36.0962024312 37.2064137749 36.7517957634 53.4108033479 54.9198790056 54.9198790056 81.3186471727 60.1941248526 81.2580038852 81.2580038852 56.212417431 66.1230753429 53.8077323172 53.8077323172 52.2049954299 56.2327196671 64.360023651 64.360023651 37.3673385982 36.4924624494 36.9597077367 36.9350067604 36.1114070623 36.8744014045 37.0589400428 51.2173908472 37.0982465682 36.1216047535 36.032219499 36.8764761147 37.3739906306 36.9505224885 73.0061343142 36.5466022074
0 0 0 0 0 0 0 0 0 0 0 0 0 36.5799239819 37.1059588789 37.0404467961 36.493295416 36.9782112218 36.8866949728 36.8447046146 36.8432184794 36.7931144242 36.0699235252 36.3807057628 36.7359192366 36.9139903286 53.4108033479 53.4108033479 54.9198790056 54.9198790056 36.2138231491 37.2838876 37.2977937526 36.2914973716 66.1230753429 37.0526820926 36.8445625932 61.97421222 56.2327196671 72.3689533001 64.360023651 55.5965421937 55.5965421937 55.5965421937 36.2488112936 36.1896787869 36.3742360805 36.7229272974 36.3105538749 37.4099103045 36.7070154732 36.3891322021 36.8404753942 36.652519476 36.0412567753 36.0028377987 36.1567465126
0 0 0 0 0 0 0 0 0 0 0 0 0 0 36.6756983346 36.4507547015 36.9067138474 37.1759045215 36.4184018044 36.5590184181 36.0437542941 36.9427511047 36.6642116288 36.750409751 36.0665837233 65.0079616272 53.4108033479 53.4108033479 53.4108033479 57.3503624742 37.152108853 36.6769548212 36.4714088294 37.1485710713 37.1167469043 36.2754423944 36.3004400059 36.471323773 36.5214099063 36.239210475 36.096581736 36.4127308278 55.5965421937 36.6549609505 36.7080602532 37.0989049289 36.2944320759 36.1297126547 36.2118471086 36.4170502139 36.0344988488 37.1636422756 36.5940481374 36.824064344 36.6144757077 36.6450286104 36.9430832057
0 0 0 0 0 0 0 0 0 0 0 0 0 0 36.3952966854 36.7117755571 36.3012841853 37.1754180132 36.5667030289 37.0378645032 36.868898442 36.8349688949 36.2821857868 68.8912822813 60.7777336177 65.0079616272 65.0079616272 56.2915620842 37.0921378555 36.266741897 36.0133328402 37.3225707342 36.7861843081 36.071309273 36.9924902341 36.9303459905 36.0286410327 36.9260850839 36.7617426707 37.096277965 37.2307197556 36.3090194252 37.0376190202 55.4934098564 36.668723378 37.1251298871 36.6255077859 36.5185024125 36.3616897815 36.118181653 37.2677776301 36.0931326296 36.6155119965 37.0732492177 37.1284427882 36.7236422615 37.2273899454
0 0 0 0 0 0 0 0 0 0 0 0 0 0 36.7703722721 36.4915270641 36.1074966358 36.1071032019 36.1960799777 37.2187797162 37.1354832448 55.6273359308 36.5201703941 65.8044536821 60.7777336177 60.7777336177 65.0079616272 37.3332250226 37.3428366762 37.0192629228 36.7104103085 36.9549607605 36.7166438108 36.3270746 37.0088462508 36.3617667835 36.4743618461 36.7835212261 36.065250531 36.7183993651 36.0887419364 55.4934098564 36.2699689303 37.2085067343 37.1498994673 37.1014443541 36.6515662113 36.6538927575 36.6317173489 60.943944042 60.943944042 36.756198286 36.5865576395 36.2448380304 37.2127389689 36.033484051 36.2196426692
0 0 0 0 0 0 0 0 0 0 0 0 0 0 36.5375274448 36.9789494176 36.7598539333 36.6636575451 36.5554387498 62.8561329976 55.6273359308 55.6273359308 55.6273359308 65.8044536821 65.8044536821 68.8912822813 36.0963019349 36.4205658731 36.9805670347 37.2899073838 37.0434601866 36.3751665613 36.3248183937 36.9338173985 36.0907107982 37.1036921111 36.9277833602 36.7889563701 37.2239856292 37.1900795964 36.2121886574 37.4048910967 36.749734856 36.6352780924 36.1922802164 37.1779263913 36.0224243463 36.9133177063 60.943944042 36.0424097701 60.943944042 37.0191981323 36.3930297542 37.0022596252 37.3424125013 37.3791142981 36.9468454358
0 0 0 0 0 0 0 0 0 0 0 0 0 0 36.4360213363 36.5090055426 36.7137114189 36.7793081807 54.995792908 54.995792908 62.8561329976 55.6273359308 55.6273359308 65.8826907837 65.5360742342 36.8121423226 37.1374630727 36.5935727321 36.5797282402 37.1096514964 37.3689615458 36.9985127621 36.8546409239 36.2231319006 36.7699711981 36.7799162003 36.9117979251 36.0025769573 36.1533699032 36.3224776929 36.8595874846 36.9835093029 36.7628236353 36.6412397519 36.0121338566 37.1365035026 36.4094772874 37.3848474583 36.0039399935 37.1394454019 37.3180343543 36.1635062423 36.4552018979 37.1234485034 37.0804976426 37.1932832679 36.0058757837
0 0 0 0 0 0 0 0 0 0 0 0 0 0 36.6921969493 36.7584673084 36.1129518133 61.5842121525 54.995792908 54.995792908 36.6152500521 36.1728890287 36.3693741053 37.0095273422 36.2219065552 36.4648082583 37.0182561776 36.8942807759 37.0690512968 36.6679547647 36.4346277799 36.4266050096 37.2697406858 36.1128366616 37.090474849 36.0915687103 36.2962934836 36.6508038075 36.1661721387 36.7608446855 36.9784279973 37.136455009 36.0387030054 36.7151344541 36.9393586437 36.2411200366 36.4905502578 36.7899306533 36.4343599213 37.4034304753 36.9090671161 36.4573850477 36.255377469 36.2797531044 36.0614346106 36.0189156741 36.9348613469
0 0 0 0 0 0 0 0 0 0 0 0 0 0 0 36.4803836637 62.1738089704 54.0540268958 54.995792908 56.7273156616 56.7273156616 36.0841614651 36.9619921225 36.2675606483 36.2278391046 36.113365216 37.0880053966 36.6712406591 36.8069023387 37.0674689682 37.2573708289 36.3125116952 37.1022828514 36.9683786113 36.0625571503 36.5340411592 36.8688217921 36.1202542496 37.0215332467 36.3047330566 36.7916258154 36.8596995274 36.387797217 36.9982252935 36.4475999178 36.0142979733 37.1188538253 70.2785721191 73.8209175976 46.7186233304 36.1228459915 36.3377097214 36.2896017215 36.9663002264 36.7767519609 36.3938578487 36.1030065947
0 0 0 0 0 0 0 0 0 0 0 0 0 0 0 65.0845599422 62.1738089704 62.1738089704 54.0540268958 36.0470138734 36.1376522558 37.2050535793 36.2906876633 36.0642262862 36.2951328914 37.1101916528 36.1306539648 37.4091952339 36.9103103028 37.1961414507 37.3394626983 36.5598337794 36.6886608034 36.091832552 36.8676971954 36.0258496681 36.9057230517 36.2098553031 36.4451222243 37.3503047614 36.1056447073 37.192527796 36.784936629 36.8872025589 36.2120136856 37.0889301643 36.9348488171 73.8209175976 73.8209175976 67.3120986454 67.3120986454 36.7543524266 36.6438545533 36.3780630375 36.3953116583 36.248262306 37.3877133314
0 0 0 0 0 0 0 0 0 0 0 0 0 68.3048298922 63.1443165786 63.1443165786 62.1738089704 62.1738089704 54.0540268958 36.7162463625 36.0580580332 36.9419993471 37.2781512727 36.7697255923 36.1252955295 37.1483813574 36.0852390807 36.0784748895 36.5395999914 36.9739933774 37.0052552698 36.795566981 37.3752521328 36.3855361924 36.4023981982 36.9263941921 37.0744086082 36.5175121634 36.5499930015 36.7971778405 37.0181315124 36.7055450663 36.9682812847 36.263457479 36.9984381185 37.3389826033 36.3287751695 52.1285982652 67.3120986454 49.5532326098 49.5532326098 64.3342362898 37.0763940849 36.6411904565 36.1584877882 37.1669498244 36.331015715
0 0 0 0 0 0 0 0 0 0 0 0 27.1684345396 27.2179766563 27.2179766563 63.1443165786 63.1443165786 65.0845599422 37.2972222335 36.5301743925 36.2390876761 36.704028732 36.9302469525 36.6563917258 36.2155662164 36.0019549615 36.6029905623 37.1938076134 36.4419081922 36.1481728755 37.0444346055 36.5596914249 36.0957782836 36.5702033497 36.7528022449 36.180321492 37.2172735647 36.4614787788 37.337108662 36.0619948551 36.9142191351 36.4292542358 36.4499561146 36.4604544672 36.975124799 36.1510400615 37.3887565075 44.7256809094 49.5532326098 49.5532326098 49.5532326098 36.0811917367 36.41514002 36.4564495422 36.9876208449 36.0596101816 37.0406941949
0 0 0 0 0 0 0 0 0 0 0 69.5794076467 70.152709547 27.2179766563 27.2179766563 74.6984361979 57.2748979909 0 0 37.2322561892 37.3250252902 36.2527489746 36.5480515233 37.21327755 36.8558465958 36.0857343767 36.878218783 37.1218718518 37.2606617684 36.0518899542 36.6537660516 36.7687536426 36.7685768666 36.9127882982 36.8318050627 37.3386311867 37.0331818147 37.1533303641 36.8972375742 37.2768384048 36.8376541842 36.2178682054 37.1035646861 37.110209784 37.2722511902 37.2972842044 36.3896849978 69.271623795 44.7256809094 44.7256809094 46.314402521 36.7702293513 37.0835064367 36.173875987 36.6908444821 36.7205892625 36.023657557
0 0 0 0 0 0 0 0 0 0 64.0522000836 58.4175396204 70.152709547 27.1684345396 62.7730972397 57.8392185492 0 0 0 36.662736168 37.0804161396 36.0844730016 36.1414898808 36.7149146705 36.5158255147 36.2855182831 36.0979166167 36.5351944846 36.938190816 37.1373583782 36.4101359515 36.3205975159 36.8640583379 36.7808928551 36.305143533 37.3558929951 36.3794211196 37.0376121545 37.1606273592 36.3599286743 37.3204354362 36.9863001062 37.0286227368 36.1423298024 36.3023708981 37.2001171278 36.9058331412 58.2526597248 46.314402521 46.314402521 46.314402521 36.1600404093 36.2648078233 36.0764958526 36.159953672 36.2119812642 36.7850603289
0 0 0 0 0 0 0 0 0 56.8406311105 58.0726088448 58.4175396204 70.152709547 70.152709547 0 0 0 0 0 0 36.8774350415 36.892638103 36.960677463 36.2457959802 36.6940078032 36.2627497626 36.9342847839 36.758929857 36.2889380984 36.6264636189 37.2191441303 36.0147574594 36.8200166239 37.1760585054 36.4600460354 37.3316992235 36.3088801395 37.0163291559 36.6281404193 37.1391627662 36.6155627987 36.9983056449 36.5438843577 37.0174492336 36.044617126 36.1694576997 36.5732932338 59.5049795343 59.5049795343 59.5049795343 62.8314712327 36.9035903366 36.4974253152 36.4696586959 36.3545509896 36.9285401395 36.2257350815
0 0 0 0 0 0 0 0 68.8933493782 56.8406311105 58.0726088448 58.0726088448 58.0726088448 0 0 0 0 0 0 0 0 0 36.3927225234 36.3622638922 36.4720327834 37.2894186974 37.3696240301 36.7476360453 36.023411511 36.494891717 37.1126958805 37.0860206718 36.85486099 37.3276228205 37.1494481548 36.2116480109 36.4722784198 36.0062033383 36.3914052859 36.0814223009 36.9986108462 36.5015946666 36.9138405717 36.7332075727 36.1514132666 36.3941676824 36.386928748 54.422568046 59.5049795343 54.422568046 62.8314712327 37.2032029903 37.1592698165 37.1443237142 37.3860231098 37.2458359818 37.1552014769
0 0 0 0 0 0 0 0 68.8933493782 56.8406311105 56.8406311105 67.0373508753 0 0 0 0 0 0 0 0 0 0 36.4783825121 36.7925366862 36.0489660692 36.5809431529 36.7031602868 36.8433232602 37.4091226483 36.3652180924 36.6435087088 36.9155694079 36.120580972 37.1085429384 36.6877443633 37.0260321587 36.4777679658 36.4041482857 37.121986359 37.173805593 37.0606945776 37.1073890059 36.3927201094 36.4699527462 36.9482255296 36.8597820083 36.7303988963 71.6347196279 71.6347196279 57.2159060468 61.5377048762 36.7284151479 36.9430500974 36.8494180559 37.0471828655 37.0203291221 36.3015058954
0 0 0 0 0 0 0 67.3651589034 0 0 68.8933493782 0 0 0 0 0 0 0 0 0 0 37.0648374633 36.7971769551 36.9916013142 36.0841335313 36.6955777258 37.3381088941 37.1202254685 37.2641915946 37.1975010793 36.2029899226 36.6734723845 60.3479377154 36.6229151834 60.2914412906 55.2522199599 36.5512465944 36.4553524733 52.6117970739 36.5882419428 36.2470783353 36.3897779578 65.5499246333 36.1602490206 37.3995739255 36.9880092938 36.9510607824 57.2159060468 72.1451347164 57.2159060468 57.2916673175 36.2337239483 36.9719513245 37.2993097202 37.2349425853 36.3221970227 36.1585368796
0 0 0 0 0 0 0 67.3651589034 67.3651589034 0 0 0 0 0 0 0 0 0 0 0 36.0645350781 36.4885524389 37.0903090262 36.0832884082 36.8479189678 37.0203240621 37.0955062735 60.0730331873 36.0213590058 37.0827826344 36.9537302443 60.3479377154 55.2238332854 60.2914412906 55.2522199599 48.8449321278 36.8708174961 52.6117970739 52.6117970739 84.0351314322 84.0351314322 65.5499246333 65.5499246333 57.0246426305 65.1381217477 65.1381217477 50.4738576954 72.1451347164 72.1451347164 57.5553600483 57.5553600483 59.8068997491 59.8068997491 58.5282764617 58.5282764617 73.6235606091 37.3202625711
0 0 0 0 0 0 0 0 0 0 0 0 0 0 0 0 0 46.2433281802 0 37.3700784045 37.3060962128 36.6374449862 36.369120843 37.3072877543 36.0521567038 36.1819351859 36.9404479284 36.9736185912 36.6551808929 36.657766696 36.2888686382 60.3479377154 36.3169273134 58.6055929871 55.2522199599 48.8449321278 48.8449321278 52.6117970739 52.6117970739 84.0351314322 84.0351314322 65.5499246333 65.5499246333 63.8528561793 65.1381217477 65.1381217477 60.6373092736 60.6373092736 72.1451347164 57.5553600483 57.5553600483 46.3915100897 59.8068997491 58.5282764617 58.5282764617 36.6450830704 36.2563218176
0 0 0 0 0 0 0 0 0 0 0 0 0 0 0 0 46.2433281802 46.2433281802 46.1376829441 47.1594175295 36.1499467045 36.9934103404 36.660209707 36.2751625033 36.6717850795 36.1556583558 37.26055677 60.0730331873 36.6656357529 36.3543112189 37.0287738053 36.717369333 36.9139068991 58.6055929871 58.6055929871 55.2522199599 48.8449321278 37.1858890632 52.6117970739 36.9794063362 84.0351314322 74.0968308996 65.5499246333 37.0067883009 65.1381217477 60.9586500665 50.4738576954 60.6373092736 63.4107278442 66.5344044443 57.5553600483 36.5314398961 36.5984318026 37.0607008022 37.2043253589 36.4763619386 36.1696749027
