Spatial_Output/BAU/BAU_0534.asc
NCOLS 155
NROWS 192
XLLCORNER 196307.867259
YLLCORNER 449144.565805
CELLSIZE 33.573938
NODATA_VALUE NaN
[rows 150 to 174 of 192, columns 57 to 113 of 155]
28.2076592243 27.4208592775 27.2490182323 27.4042170833 27.1245182877 27.2888960505 27.2483825521 27.6557704856 39.7325196709 46.941867373 46.2937450627 27.9664492258 28.4024509689 27.8399755586 27.583539747 28.1666725247 28.0612417267 28.2452453481 28.1107212923 27.8724641113 27.0777649685 27.3443239501 28.067264969 27.8950712529 27.8244895744 27.4484371625 27.3388039527 27.5745161828 27.2940111724 27.1250340434 28.2889358039 27.3642119434 27.2609053777 27.7462713087 27.1503224803 27.3753867111 44.4930330808 44.4930330808 58.815121466 28.0141081988 27.2510857227 27.2088122961 27.3500418547 27.856346902 28.3977524286 27.539493563 27.0353763525 27.3786376811 27.2999691363 27.8669933756 27.7016363857 28.0028668492 27.477675992 27.0384535788 27.7477902518 27.4271237442 27.0845025146
0 28.3422603232 27.1391304018 28.3644636344 27.2439451722 27.0378336697 27.5990201867 28.0697477207 43.0085118466 43.2608763011 50.3080781386 28.2677728551 27.7377422257 27.0902351284 27.5881238772 27.782741438 28.3815150047 27.7982900706 27.0536409384 27.8146997986 27.2447031781 27.5711118023 28.2314406171 27.3874770526 27.0567012452 27.951527645 28.0959487377 27.2980425488 27.5380926585 28.1039509029 28.105033678 27.8537115411 27.1773353358 27.3405235701 28.0035791508 44.4930330808 44.4930330808 82.4198667935 82.4198667935 28.2817506288 27.2724108198 28.0393615876 28.180699002 27.7252369207 28.2821565052 27.9459887429 27.3364158701 27.7744134827 27.5515288869 27.7264814802 28.3304229967 28.3933552319 27.2696547039 27.3111416177 27.8911605061 27.0929273015 28.0792879295
0 0 0 0 27.1170126491 28.0130524815 27.7432675446 27.4580669795 44.066355196 41.1221518578 43.7806917037 27.2536861816 27.2462650633 27.9206439813 27.9201391897 27.2733208395 27.8608995226 27.9613435156 27.8960486423 27.1494749576 27.5398662977 28.1563792171 28.296883561 28.4084717144 27.7256803305 27.653268039 27.8611139102 27.7703975204 27.4985636992 27.8054761368 28.1459661098 28.1548688247 27.0261487736 27.7360367101 27.8570384937 27.5659803408 82.4198667935 82.4198667935 82.4198667935 27.1702878283 28.0762676287 28.114983551 28.2350545721 27.2888103938 27.7348205205 27.7082923958 27.3684587957 27.6142308459 27.6610286859 28.0123225601 28.3189906917 27.9334530469 28.3049923314 27.1246432222 27.9792604118 27.3513794524 27.8999108286
0 0 0 0 0 0 27.0799100349 27.3643482831 63.1651599445 63.1651599445 27.6333112519 27.1486554102 27.5514454583 27.0312380509 27.0878119086 27.8864677421 28.001520119 27.5842820353 27.6618350663 27.5478879101 27.0484684902 27.0658666134 28.3380737113 27.3000140962 27.3342607915 27.2109960495 28.1005884666 27.6370622919 28.0545022557 27.6329680031 27.2818493205 28.0333503759 27.5839133556 27.1511839386 28.0461323102 28.0747359241 28.1029313379 68.5779108578 68.5779108578 68.5779108578 27.6514943828 28.1144294359 27.097767043 27.6022828889 27.0158285204 28.3934549151 27.9816065453 28.0386795846 27.6920360672 27.4006774116 28.0569127172 27.0937026711 27.9682352456 27.7282347466 27.3525750309 27.7955739055 27.1102489183
0 0 0 0 0 0 0 0 63.1475725423 63.1475725423 27.2350759165 27.1302650002 27.6145120928 28.0029035621 0 0 27.5577913081 28.3196364724 27.0530764705 27.5442902242 27.1439746354 27.4591622663 27.7285111045 27.1420093686 27.6374982592 27.7898977865 27.9220978124 28.278926109 27.9218608769 27.3233499789 27.2574332065 28.0393214845 27.1767926076 27.1693303584 27.2670914792 27.3173885838 27.4759447237 68.5779108578 68.5779108578 53.2563835368 27.1042787741 27.5753861373 28.3749131847 27.8520441764 27.0724437588 27.7001696371 27.270972314 27.2910779154 27.2052845821 27.0507682296 28.148962848 28.3063940272 27.4232047883 27.7727595236 28.1892707474 28.106439462 27.6607791904
0 0 0 0 0 0 0 0 0 49.2964127511 41.9715693889 43.6500055339 43.2608658301 0 0 0 27.9353907472 27.9331484381 28.2471821889 27.6055088616 27.9991165136 27.5745030769 27.5473364224 27.0492017974 28.0727321212 28.1842409268 27.6201837705 27.6158304194 27.3464258937 27.266912257 27.8626693739 27.6596984455 28.3954287903 27.4961139139 27.6521674036 27.0112943706 27.3581840031 58.3537705544 52.5102236967 52.5102236967 52.5102236967 27.8565021127 27.0774813396 28.1897218322 27.2150367347 27.6854886169 27.7297889226 28.3465636173 28.2716960789 28.2207212226 28.0498443351 27.6893181086 28.3911847322 27.3518298797 27.0712652138 28.1280414731 27.377014068
0 0 0 0 0 0 0 0 0 47.1463193062 43.6500055339 53.7443543991 43.6500055339 0 0 0 0 27.7919444251 28.1977373611 27.0090332907 27.1802914522 27.5418953917 28.2945659941 28.0586859655 27.5703267168 27.8347812547 27.9514570897 27.712065756 27.8862890415 28.1873627105 27.9538896437 27.0832123798 27.8928939719 28.0708853517 27.6699196889 28.113827056 28.0535016348 28.0622292588 52.5102236967 45.3359374669 59.5167899645 59.5167899645 27.6946822021 27.7901470727 27.4256534841 28.2353051648 27.3278581633 28.1578988153 27.8133209618 28.0327919043 28.054034389 28.3285651036 27.4371350667 28.0937318695 27.7875998606 27.0695667729 27.8132526713
0 0 0 0 0 0 0 0 0 0 43.6500055339 53.7443543991 53.7443543991 55.1227503453 0 0 0 0 27.9273355541 27.3994646137 27.0464046496 27.1176411791 28.4087862783 27.5734002145 27.681147733 27.4413192895 28.1249652708 27.9590456671 27.5236938184 27.1050095356 28.2937861266 27.2328997729 27.732773778 27.9859881813 27.0607771399 27.5020148621 28.0951464856 27.3029924653 45.3359374669 59.5167899645 59.5167899645 38.7125536468 27.8107459528 27.8894973563 27.6608073504 27.056377287 28.3971375561 28.2894064471 27.4052370032 27.4554683065 27.836712751 27.5477560711 27.6354594201 28.0012316797 27.0630271907 27.4940947947 27.0003373846
0 0 0 0 0 0 0 0 0 0 53.7443543991 53.7443543991 47.485309714 0 0 0 0 0 0 27.1063130387 27.7189177515 28.2496979022 27.1630468984 27.6429232791 27.7130272172 28.0293547956 27.0512014975 27.8152938291 27.5262631859 28.1291825352 27.4778311446 28.0318501478 27.0373925956 28.238068409 27.0423031024 28.2839157651 27.3121983317 28.1401743004 27.9747786127 38.7125536468 59.5167899645 38.7125536468 27.594895617 27.4358195412 27.955809024 27.8625965948 28.3488607194 28.2098020672 27.5228609458 27.4716445723 27.9014410725 27.6068749266 27.338987558 27.1020348519 28.4019452754 27.1370517007 28.3525140766
0 0 0 0 0 0 0 0 0 0 0 0 0 0 0 0 0 0 0 0 27.6727565921 27.5341945093 28.1593733243 27.7412758364 27.0896712753 28.282055633 27.479913265 28.0730107624 27.2656028372 28.0816267154 27.9430070411 27.806096625 27.1448954071 27.1608419547 27.1553247335 28.3608112269 28.03420506 27.2642522693 27.1706195729 27.6072453821 27.5341850351 46.7859687467 46.7859687467 28.2921977947 27.2557253367 27.626220351 27.8467037201 27.666433007 27.1888939123 28.3292064938 27.523468874 27.6066208215 27.2813797306 27.853407595 27.2516790429 27.8696751278 28.1323830179
0 0 0 0 0 0 0 0 0 0 0 0 0 0 0 0 0 0 0 0 0 0 0 0 27.7784562937 27.7090535343 28.0822347075 28.200062438 27.9602150369 27.3327024907 27.2848609181 28.034613126 28.4074389978 27.9096530578 27.6942145521 28.0329330216 28.0393832302 28.0728198571 27.3731362017 27.6766400758 46.7859687467 46.7859687467 46.7859687467 28.1432326731 27.7732058663 28.0970035234 27.8552682097 27.9103461971 27.9773073818 27.4822156916 27.9765863099 27.8050281464 27.471381738 27.4297939682 27.3429089376 28.1892024297 28.2240692558
0 0 0 0 0 0 0 0 0 0 0 0 0 0 0 0 0 0 0 0 0 0 0 0 0 0 0 0 27.5908698958 27.2528321135 28.2097531181 27.3320530726 27.3815366434 27.4499533748 28.2728213287 28.0258176899 28.1614010262 28.272503781 27.6125798572 27.8738601306 63.7269245959 46.7859687467 63.7269245959 27.9758526655 27.2590918885 27.9650384182 27.3635736818 27.717619315 27.8115078035 27.9806877043 27.847130002 28.356163802 27.5935926369 27.3087638182 27.4340302118 27.8046953137 0
0 0 0 0 0 0 0 0 0 0 0 0 0 0 0 0 0 0 0 0 0 0 0 0 0 0 0 0 0 28.275203802 27.0183996233 27.5531539553 28.0411360274 27.9657109415 27.0787958228 27.6692820657 28.0603592611 27.6103363875 28.1506438428 28.0660767635 27.0635385997 63.7269245959 63.7269245959 47.0598671442 27.8703412912 28.217026041 27.9409873449 27.6226627883 27.9446242904 27.4455416247 27.8630641985 28.0831019056 27.0029033599 28.2409101672 27.8159171644 0 0
0 0 0 0 0 0 0 0 0 0 0 0 0 0 0 0 0 0 0 0 0 0 0 0 0 0 0 0 0 0 28.2416474245 27.727689341 27.7079825508 27.0620729976 28.1111239093 28.1755414431 28.2785183529 27.3873450842 27.1443893777 27.7442894499 27.0806571566 28.0970150825 47.0598671442 42.6643247546 27.1550483651 27.2251474079 27.907207363 28.223025082 27.7476981 28.3350396462 27.2798887653 28.3564227624 28.355941624 28.2976548773 27.0186971091 0 0
0 0 0 0 0 0 0 0 0 0 0 0 0 0 0 0 0 0 0 0 0 0 0 0 0 0 0 0 0 0 0 27.756528405 28.2715125886 28.2297866512 27.6385586306 27.6337852581 28.151407763 28.4070986666 28.3148361206 27.3475308701 27.290967828 58.0531201283 48.0607262426 48.0607262426 48.0607262426 27.1842806267 27.2050880602 28.3198821345 27.588627726 28.2612628311 28.0593955843 28.3975478386 27.0977994945 27.8868256278 27.9837762672 0 0
0 0 0 0 0 0 0 0 0 0 0 0 0 0 0 0 0 0 0 0 0 0 0 0 0 0 0 0 0 0 0 0 0 27.2964101292 27.3286648087 27.8429316236 28.3942271445 28.2550235349 28.0598989283 27.2922151156 27.3411531177 27.4271301749 58.0531201283 48.0607262426 48.0685026226 27.2553248414 27.4756944016 27.9806154034 27.4086319171 28.2276746044 27.7285685423 28.0428257074 27.2185405479 27.3034396192 0 0 0
0 0 0 0 0 0 0 0 0 0 0 0 0 0 0 0 0 0 0 0 0 0 0 0 0 0 0 0 0 0 0 0 0 0 28.357964217 27.3989438824 27.7376623905 28.1681018067 27.2519187401 27.9722615619 27.5768202923 27.5667428993 47.2947814276 49.8951345065 49.8951345065 27.7170005202 27.665834768 27.6207755764 27.0286659041 0 0 0 27.9946913581 27.8997925407 0 0 0
0 0 0 0 0 0 0 0 0 0 0 0 0 0 0 0 0 0 0 0 0 0 0 0 0 0 0 0 0 0 0 0 0 0 28.0455241272 27.3583554063 27.3331736816 27.3026650239 28.0179252658 27.6199109625 28.1009967403 27.6477874094 49.8951345065 49.8951345065 49.8951345065 28.2795876874 27.1952472831 28.0481677845 0 0 0 0 0 0 0 0 0
0 0 0 0 0 0 0 0 0 0 0 0 0 0 0 0 0 0 0 0 0 0 0 0 0 0 0 0 0 0 0 0 0 0 0 28.0325449289 28.008432404 27.7065424627 27.2455167031 27.1969767239 27.7809441028 28.1291216279 27.2217336365 27.307126495 27.3730099395 79.4631920888 51.9402032928 0 0 0 0 0 0 0 0 0 0
0 0 0 0 0 0 0 0 0 0 0 0 0 0 0 0 0 0 0 0 0 0 0 0 0 0 0 0 0 0 0 0 0 0 0 0 27.9736639097 28.1293124709 27.9729702799 27.2159923387 27.5014224393 27.8420603896 27.2369656056 66.4281382315 79.4631920888 79.4631920888 51.9402032928 59.3550473564 0 0 0 0 0 0 0 0 0
0 0 0 0 0 0 0 0 0 0 0 0 0 0 0 0 0 0 0 0 0 0 0 0 0 0 0 0 0 0 0 0 0 0 0 0 0 28.0856948478 27.4795429285 27.0895300302 27.9669676616 28.317627679 28.4016241966 27.1452972967 79.4631920888 50.7243583026 42.9146431055 52.1485527306 0 0 0 0 0 0 0 0 0
0 0 0 0 0 0 0 0 0 0 0 0 0 0 0 0 0 0 0 0 0 0 0 0 0 0 0 0 0 0 0 0 0 0 0 0 0 0 27.5151926453 27.2666325175 27.8946577396 27.4482787799 28.1141589265 27.9282789577 27.8309726411 51.551250116 48.5076981457 40.8201861053 57.7176420064 0 0 0 0 0 0 0 0
0 0 0 0 0 0 0 0 0 0 0 0 0 0 0 0 0 0 0 0 0 0 0 0 0 0 0 0 0 0 0 0 0 0 0 0 0 0 0 27.779350335 27.4302520497 28.3937550075 27.4184875484 27.6745744176 28.078995231 45.4873871103 44.3402271845 45.333560232 63.4792135363 63.4792135363 0 0 0 0 0 0 0
0 0 0 0 0 0 0 0 0 0 0 0 0 0 0 0 0 0 0 0 0 0 0 0 0 0 0 0 0 0 0 0 0 0 0 0 0 0 0 27.8622998119 27.677131745 28.2783980121 27.8644192358 27.3882567776 0 0 43.1197750831 63.4792135363 63.4792135363 45.6264458855 45.6264458855 0 0 0 0 0 0
0 0 0 0 0 0 0 0 0 0 0 0 0 0 0 0 0 0 0 0 0 0 0 0 0 0 0 0 0 0 0 0 0 0 0 0 0 0 0 0 28.1896066824 0 0 0 0 0 43.1126163566 52.5914038171 63.4792135363 45.6264458855 75.137289823 0 0 0 0 0 0
