Spatial_Output/BAU/BAU_0006.asc
NCOLS 155
NROWS 192
XLLCORNER 196769.923733
YLLCORNER 449719.875193
CELLSIZE 27.603701
NODATA_VALUE NaN
[rows 0 to 22 of 192, columns 53 to 105 of 155]
45.7613689316 45.8491306522 46.0923033717 46.3150418404 45.4377425685 46.3016173996 45.3900859555 60.6664050381 58.7626533419 57.7391295588 46.3615825868 0 0 0 0 0 0 0 0 0 0 0 0 0 0 0 0 0 0 0 0 0 0 0 0 0 0 0 0 0 0 0 0 0 0 0 0 0 0 0 0 0 0
45.6634492012 46.3676281411 46.135487744 46.2258010222 45.2480550313 45.814126258 46.2622631689 66.3311426611 65.7019749531 59.1558486371 46.2267903486 45.3132518824 0 0 0 0 0 0 0 0 0 0 0 0 0 0 0 0 0 0 0 0 0 0 0 0 0 0 0 0 0 0 0 0 0 0 0 0 0 0 0 0 0
45.8856042809 46.0954099947 45.733555086 45.5230765418 45.273797704 45.0888899141 46.3271303151 60.6644335066 55.5155092208 63.697803724 45.7858736082 45.1622261108 0 0 0 0 0 0 0 0 0 0 0 0 0 0 0 0 0 0 0 0 0 0 0 0 0 0 0 0 0 0 0 0 0 0 0 0 0 0 0 0 0
45.4943656926 45.6468638435 46.2880015292 45.9726620845 45.0680044256 45.7488370917 46.0281917881 45.1620525673 45.3271770009 45.629344967 45.8645112841 45.5840364658 45.6191540294 0 0 0 0 0 0 0 0 0 0 0 0 0 0 0 0 0 0 0 0 0 0 0 0 0 0 0 0 0 0 0 0 0 0 0 0 0 0 0 0
45.3399067489 45.4913482217 46.0675630341 45.8040321368 46.4140249357 45.3650241913 45.6789596074 45.1411423637 45.8458482077 46.2257045677 45.838843038 46.3450517647 45.7527169898 45.1736911476 46.2377365329 0 0 0 0 0 0 0 0 0 0 0 0 0 0 0 0 0 0 0 0 0 0 0 0 0 0 0 0 0 0 0 0 0 0 0 0 0 0
45.0246655678 45.2932588001 45.3084976399 45.3925973462 45.8517446217 45.6514395461 45.8079047406 46.1495858708 45.4806519857 45.0752700114 45.2911682341 45.7924182407 46.4141686667 45.2757106075 45.7543213626 45.8620480542 0 0 0 0 0 0 0 0 0 0 0 0 0 0 0 0 0 0 0 0 0 0 0 0 0 0 0 0 0 0 0 0 0 0 0 0 0
45.1089019445 46.1117881116 46.0510779572 46.2534597324 45.6163191103 45.3166851778 45.7253653952 46.3723555741 45.7584577152 46.3408373356 45.4670029778 45.1908821548 45.59473937 45.2701039012 46.0423761179 45.4053934886 46.3835302021 45.8049189179 0 0 0 0 0 0 0 0 0 0 0 0 0 0 0 0 0 0 0 0 0 0 0 0 0 0 0 0 0 0 0 0 0 0 0
46.1961450796 45.7851472767 45.9921502657 46.0118116484 45.9867718139 45.6253213161 46.0068255466 45.927957819 45.8358802007 46.0786023403 45.7619216979 45.208342819 45.5377884405 46.0211641865 45.1291448498 45.5884492535 46.0154435486 45.1411282037 45.2874421662 0 0 0 0 0 0 0 0 0 0 0 0 0 0 0 0 0 0 0 0 0 0 0 0 0 0 0 0 0 0 0 0 0 0
45.0481731729 46.0597857588 45.9526318165 46.2571819134 45.4485068704 45.5820543159 70.5347161434 70.5347161434 46.3214857405 45.0508689226 45.7790164604 46.1432014536 45.4235102326 46.3363085877 46.0592561554 45.1269214779 45.5898332937 45.1768565575 45.5851430229 45.8020801367 45.2585597701 0 0 0 0 0 0 0 0 0 0 0 0 0 0 0 0 0 0 0 0 0 0 0 0 0 0 0 0 0 0 0 0
46.2740809453 45.7029288785 45.408581764 46.3292751337 33.088272771 33.088272771 70.5347161434 70.5347161434 45.765910838 73.0845978982 73.0845978982 73.0845978982 45.9621351478 45.0596264798 45.8373645079 45.865536766 45.5626599885 45.5807967592 45.2383552118 45.8631266495 46.1906951007 45.6770225831 45.9848699549 45.3531212198 0 0 0 0 0 0 0 0 0 0 0 0 0 0 0 0 0 0 0 0 0 0 0 0 0 0 0 0 0
45.7844373553 45.238507031 46.1525097619 33.088272771 33.088272771 33.088272771 73.9753108526 70.5347161434 46.3881199717 73.0845978982 73.0845978982 73.0845978982 46.1788996959 45.140949779 45.4086815656 46.157842412 45.7735268062 45.1670478567 45.3583013465 45.6690269438 45.7521743513 46.1497070816 45.4115403878 46.3519469843 45.1850204922 45.5554254231 46.2114553164 46.2108499695 45.5870383762 0 0 0 0 0 0 0 0 0 0 0 0 0 0 0 0 0 0 0 45.9818483969 45.861283013 46.0465822067 45.7203320151 45.6466192701
46.1831472481 45.0097875995 46.1004671273 46.2454018915 45.7311139759 46.1638173042 73.9753108526 45.4455967528 46.2436778298 73.0845978982 60.2507221383 60.2507221383 46.0560835846 46.2638311488 46.4138264853 45.6655055127 46.0685634031 45.8526858987 46.2122571668 45.0734363053 46.3189616846 46.3889769633 46.3666578122 46.1124992143 45.58240928 45.6375331344 45.2490133878 45.0641544353 45.4119148697 46.2910743083 46.2017688197 0 0 0 0 0 0 46.1159522753 46.2265941938 45.3905574307 45.186680396 45.1109745684 0 0 0 0 0 0 45.3978405888 45.1435207099 46.2176917915 46.0908669788 46.1040004409
45.9508215533 45.2213662598 45.1168340706 45.1676625155 45.3617389667 45.2851008179 46.0620189858 45.1744395305 45.5198646569 46.1909792044 60.2507221383 45.4976726084 46.1159569943 46.3190925209 46.3469325976 45.3635987626 45.094076722 45.7438534087 45.6756588318 45.0502014384 45.8974008678 45.7110948469 46.1745664214 45.7846109814 45.3452781877 45.840773124 45.5313178255 45.8567750405 45.8794282074 46.3296827175 46.2346202636 0 0 0 0 0 0 45.4127971463 46.3472790548 46.2261975011 45.6710170388 46.0331610003 45.0403392211 46.2149633125 46.2173489702 0 0 45.219265423 45.6729122664 46.2278005158 46.1270163767 45.8557667447 45.5650553092
45.7220383098 46.3792510394 46.262251067 45.6393732828 45.3528190132 45.1129693153 45.9439244078 46.027052189 46.3861339352 46.3344138559 45.0733099321 45.7452061192 45.3172361702 45.0503568067 45.1923963839 45.7530205122 46.1097836265 46.0154219293 45.0060645162 45.3652682155 45.1933922989 45.6177275645 45.0966986025 45.5055116381 45.8227637133 45.9969620088 45.9880388596 46.0228495397 45.9060693418 45.1650297724 45.8712207983 45.5337851027 46.2962989625 45.1119096604 45.1084497063 45.7833254752 46.0197594933 46.1640305229 46.0460636498 45.0079976507 45.2888121201 45.9190007967 45.7128066018 45.7439914245 45.0375472505 45.7015585227 45.4640736099 45.836933408 45.1420186716 45.7233210024 45.9999962758 46.4046028475 45.8715467603
45.359685953 45.3807704207 46.1286779502 45.7144561714 46.3950339823 45.4782376954 45.3992701052 45.6188645113 46.1049170259 46.3216437495 45.2769590118 46.138534654 45.505278141 45.3378858469 45.6061485856 45.6630092506 45.9298761639 45.8945869476 45.6932269445 45.5953158766 46.0676265833 45.8269098488 45.2472471871 45.9177263033 46.0453002393 46.3296065106 45.6235416418 45.1788948032 45.004821473 45.0588949045 46.347815119 45.1092908609 46.2385358638 46.1390346961 45.3852250117 45.375170483 46.3991911223 46.2895462443 46.1457548772 45.2535479707 45.189979964 45.0113167493 45.6752161038 45.9665501275 45.4039705775 46.3811822061 45.0180974253 46.3784908569 46.3494871879 45.9970785888 45.8544788999 46.1202730353 45.0735067968
45.6989979027 46.0884425739 46.1631979815 45.1071744301 45.648072161 64.6274483009 45.6306890694 45.8551376622 46.2175521386 45.1405355503 46.3515200288 45.8618600031 79.917637374 45.3273104845 45.5817035599 45.3230492787 46.4030121809 45.4570688842 45.6902297373 45.5315658591 45.1575668467 45.7257921261 45.2435182269 45.8263084017 45.6536803146 45.4207937296 45.6781076852 46.2649223476 46.3426164734 46.1382770096 46.3629114119 45.4833253038 46.2529008522 46.4061205657 45.0701958211 45.8036159165 45.6097259747 45.1489699199 45.8426233943 46.0424974174 46.3810811588 45.4601097734 45.5105465925 45.4086082982 45.8099335812 45.5196471152 45.8436314675 45.5416551376 46.370398994 45.1655044309 45.7077552976 45.9982517296 45.688136926
46.2879176598 45.0373598808 45.7889639593 45.7558674153 45.8338940221 46.3556619044 46.0545987332 45.9104899268 45.3795815956 46.1472197694 45.4097353384 63.0410398233 63.0410398233 63.0410398233 46.269575359 46.044632346 45.7761684161 45.8056312938 45.4659430684 46.2610847471 46.1333839077 45.5003341643 45.7914818949 45.8106260739 46.3978458966 45.5855484243 46.1464769064 45.4432999522 45.8533539121 45.7284788346 45.1792786099 46.0002309508 46.2291815442 45.1217786062 45.5249380041 45.0798902592 45.7330060463 45.0561884007 45.1726278699 45.1500398997 45.7640597471 46.2566361486 45.3161670997 45.8034317517 45.2279505324 45.0684044257 45.9196962627 46.3667811935 45.2272131616 45.563307531 45.3867461166 45.5439381476 45.4968473103
45.119152833 45.5345380912 46.175243207 45.3462200336 45.9926868193 46.2689936974 71.7727982582 46.3334311717 45.6916983098 45.5420863766 46.2979363033 45.2847319174 63.0410398233 63.0410398233 45.4190792738 46.0455111222 46.0052140933 45.8832733095 45.9035274729 45.4079880325 45.1446330633 45.9374386462 45.5523139841 45.8557210049 46.3598112315 45.6878635638 45.8759040837 45.2421570402 45.3556868829 45.5805887444 45.0017771245 45.1358443462 45.0079023892 45.3138019519 45.8296867548 45.648613853 45.7208743137 45.9429889415 45.0775311663 45.2183944587 46.0818176755 45.7066969967 45.2896207095 45.3998469911 46.3973827136 45.9370796212 46.0366833614 46.2755402711 45.4252211126 45.2477150304 45.7414368723 45.2914833053 46.1971446749
46.297440002 45.9645057334 46.0074542854 45.2881871871 45.3958646145 45.6169389557 71.7727982582 71.7727982582 45.8206183294 45.1290554802 45.7513745804 46.2329974499 45.3622111214 45.832773041 45.5231668805 46.3731690796 45.2222232215 45.959074791 45.3017943939 45.8800139633 45.4474629373 46.3904317745 45.6990419914 45.8363744444 45.197513804 45.2521053317 45.3431773323 45.89081553 45.5408860945 46.3024156322 45.2862183342 45.2297553051 46.3132434225 45.0980515693 45.4058057691 45.8881008289 45.3748168588 45.0911258355 45.1533076587 45.6325446291 46.0622598509 45.7892878255 45.0080865593 46.0712373608 45.7706258445 45.1258494727 46.2284644695 45.9053700014 45.7126299337 46.2295461095 46.0439420888 45.6996459453 46.3122080652
45.0112080138 46.3192406293 46.141397077 45.3156352586 45.8643293143 45.6604363745 71.7727982582 71.7727982582 45.0103882515 45.1856024452 45.9805547632 46.1811807445 46.2438611554 45.9630034151 46.4103693294 45.0257928569 46.1120024528 46.2755062066 46.1994530698 45.2860993054 46.0827562689 45.733616059 45.4068041866 46.1949566048 45.7411111135 46.1268844117 45.8132585591 45.9845983442 46.1223005557 46.3637087499 46.3142844157 45.1136063594 45.2628498262 45.1206652758 45.0031472385 45.177849508 45.0528728473 45.0526438197 45.9233423678 46.0421978522 46.3920926798 45.4752514916 45.936828808 45.7561821086 45.2933232563 46.3709922358 46.3034872619 45.1970425102 45.0277324076 45.9369441556 46.2121098888 45.1872928143 45.6161633608
45.073731648 45.9900238863 45.3698009858 45.3021000442 45.2020892337 45.3404291241 45.3506020337 45.7200096191 45.8685244908 45.3507454137 45.9914222492 45.1698579395 45.2203213848 45.2714721825 45.2306132234 45.6742521877 45.1692266579 46.0080150842 46.2902088797 45.926800288 45.5196420901 45.594882146 45.2550633243 45.6495366998 45.6559300582 45.3007073082 45.4328121639 45.0594166161 46.0979204573 46.2071819367 45.5035454076 45.13990167 45.7228978777 46.3204127703 45.0430766852 45.9678598621 45.5702403324 45.5937304617 45.7972593974 46.1613406937 45.5705954168 45.3494791179 45.6431068404 46.0354061179 45.5088327842 45.9296480671 46.3983975903 46.3978054877 45.5656999798 46.4005188253 45.6797710124 45.1872195621 46.1052228965
45.9140599398 46.3126082902 46.1207345327 45.9631291665 45.9095392041 45.3509769479 46.1752531286 45.989346486 45.1937974171 45.4593322384 45.8785673944 45.2873999596 45.1761833381 46.3907356234 45.418784389 45.0723827585 45.9032380966 45.8435566528 45.3573323636 45.2351727684 45.8494402216 45.5002128284 45.29624024 45.6089183135 45.5440327591 45.2651322097 45.7644287754 45.4459131696 45.445982081 46.2913458594 45.1769247851 45.2452783866 45.1132702304 46.1481778889 45.7383907487 45.8398773113 45.5660846665 46.0015659757 46.4077766682 45.8119204397 45.7740664493 46.3172839748 45.9369637109 45.2842259207 46.3276661895 45.795528709 46.2616499804 45.7489428991 45.5086656218 45.1327078085 45.788154038 45.7787022936 45.6258525256
45.4531464851 45.8792084941 46.2464672413 45.6108375493 45.4943041288 45.0941363447 46.2554046074 45.0449802017 45.2080218516 45.2805420037 46.3391296911 45.5833473056 46.2471914295 45.4476938579 46.2972732564 45.3603644588 45.9376875144 45.7263335291 46.3131650878 45.7418935979 45.6085009563 45.2729831694 45.1908355994 46.1689400882 46.3840411623 45.2545126339 45.9831230284 45.3015923213 46.066577626 46.3002467158 45.9983571119 45.1559202531 46.0082376713 45.5752204544 46.3464910282 45.4140312391 45.3387755217 45.8797366288 45.4121410429 45.0728128458 45.1867066445 45.4256458612 45.6010819995 45.3771401635 45.1630039226 45.8862987619 45.5212244651 45.8515147158 45.9412765538 46.1503015264 45.193981345 45.2240856199 45.8843659501
