Spatial_Output/BAU/BAU_0749.asc
NCOLS 155
NROWS 192
XLLCORNER 196307.867259
YLLCORNER 449144.565805
CELLSIZE 33.573938
NODATA_VALUE NaN
[rows 150 to 174 of 192, columns 57 to 113 of 155]
26.1230630162 25.6129519127 23.5464452181 26.7098953258 23.9398624758 26.1566222091 23.5407708925 52.0601714258 42.8429069913 35.0932540519 34.5814462742 24.70742448 25.0013510919 27.2224567185 24.7485156621 24.9821579179 24.8591231835 24.6793258359 25.6342561381 25.2904035819 24.035924815 23.8913661065 25.1278307466 23.4976771731 25.2065616042 26.5496170308 27.1057344141 24.2582946189 27.0959315782 24.7863453075 26.818893866 26.6094787564 25.5589718475 26.6233694365 24.3800283552 23.5359194715 56.9063597362 68.1873817796 23.8239886799 24.6407008211 24.6100588566 25.8087104997 25.003142516 23.481797862 27.0024589889 24.010474552 26.0800364603 25.3795606952 26.6997106274 23.0299020862 26.2640701378 24.3422069781 23.181185679 23.0193640108 26.6568202487 24.4590026482 26.5309664209
0 26.6215955348 26.9136767951 24.2466369561 26.1791411569 23.6777580833 25.1197888079 23.2042465556 42.128441393 42.4951302384 35.1766399919 23.8721414458 25.658316774 24.7774193181 26.3449760121 26.8526610789 25.4271593668 24.4241530833 26.3552642508 23.7217414361 23.8142633116 23.0786309974 23.2781169865 23.4554209796 24.1631891826 26.0516198416 26.0593228971 24.3333545094 23.6608897232 23.9590125474 24.9200155483 23.6475101711 25.9643202893 25.0853940033 25.7468249084 26.1405675956 68.1873817796 42.31133708 42.31133708 23.1642895791 23.3225934817 27.2254792201 24.0344200431 23.5099023656 26.329446575 25.473061214 24.7879792148 23.1525413661 25.2744436745 24.976983836 24.3757308469 27.0933745233 23.4081097824 24.3973797636 26.9653915981 26.1789845822 25.6055913156
0 0 0 0 25.5257320276 25.3431450356 24.9181653993 26.5309078339 46.2305401299 47.4079754502 44.4560769504 25.56070484 23.0742561912 23.0236378878 26.1671173413 23.8261900008 25.6649857986 25.3009202015 23.8379085803 23.4085405623 25.7137823142 24.9311856056 26.6258557736 26.7206863265 23.8212338879 23.2842049292 26.3967189395 26.160403702 25.6243528364 26.7065900511 23.3594195618 23.4241689459 25.2251360215 24.924878929 26.6851748247 25.9984380154 42.31133708 42.31133708 42.31133708 67.437119219 23.1073132949 26.4667232028 24.4858395129 26.1140296735 24.310757781 24.7439164025 23.3063691052 23.9745638318 24.1693618159 24.7830607225 26.8077502441 24.6993387565 26.164842083 26.4303607158 23.1583623421 24.2837158595 26.8978455681
0 0 0 0 0 0 23.7138697369 23.5749023363 18.609232483 17.3467390185 17.3467390185 26.6093031031 26.3638899673 25.3382126045 25.93165927 25.0730172944 25.2545267756 25.4825760899 24.7508025477 24.4352903331 23.5652305333 23.4656378359 23.5700224285 24.9688476525 25.9859885563 26.5845632547 24.6633869231 25.1166906581 25.7648103028 24.5458430757 23.1212220485 27.2355313534 23.7539854115 26.6485942185 24.8342827991 23.4739531668 24.7557447819 67.437119219 67.437119219 26.3665867479 24.2744082279 23.8542309483 24.1742214368 23.7427735981 27.2257494022 26.846105599 24.9067894759 25.9042378411 24.4277663828 24.0931287169 25.2061680008 23.8167414035 26.7620132764 25.1832835574 26.8966978141 26.0010964027 26.202425718
0 0 0 0 0 0 0 0 16.9860521103 17.3467390185 17.3467390185 55.1901239068 26.6239512518 26.6948878846 0 0 25.2423966836 26.5008430156 24.4072764104 25.2509300684 23.840548277 24.4749316894 23.5209178449 23.651944616 24.0100748084 24.9499095532 26.6099547279 24.3312265698 24.4949103338 26.8934600159 24.2726605361 26.4623179599 23.3386910674 25.6063813121 24.2407631871 25.8810356191 24.0267693282 26.2802526582 73.0065230839 49.6572666497 25.380818654 25.5427057931 26.6981520181 24.4413517005 25.53936268 26.1235743555 23.2225326893 24.5619224991 23.5013383411 26.5342137167 27.0623701036 26.6399288259 23.2188772189 25.6296961099 23.2119853121 23.1242343255 24.2359884688
0 0 0 0 0 0 0 0 0 55.1901239068 55.1901239068 55.1901239068 41.6771940501 0 0 0 26.1367217503 25.9675499253 25.6961562101 25.228274452 25.8131757557 25.3490066396 25.9607816258 25.2629642788 24.3059391902 26.9291897 25.8522546964 23.5306562303 25.4432654841 24.9864608065 26.4982668516 24.2143617771 23.2476733003 26.0931587442 24.354654606 23.5952070411 23.2651597557 27.0564707073 73.0065230839 73.0065230839 73.0065230839 27.1984633372 25.6957944387 23.2649049863 26.2550561327 25.7929264614 26.4518525735 23.0138763627 24.8111817529 26.7007680533 23.9801088665 24.2691827691 24.74511377 24.5047658349 23.2369646958 24.0233478012 26.5403090632
0 0 0 0 0 0 0 0 0 47.1463193062 41.6771940501 41.6771940501 47.7676106222 0 0 0 0 23.7275762427 26.1037037494 25.3578468819 24.9794894108 23.3966552864 27.0047211027 26.4798672534 24.3515260325 25.3477219639 25.9621896285 25.589354384 25.9610402881 26.2226066195 23.1097335867 24.9365902037 27.2408343141 25.9256779173 24.1842068758 24.3123744664 26.3523458974 25.0953117388 73.0065230839 41.1435417792 62.1188477235 24.0446339263 24.9279762345 27.0487408749 23.8733520392 23.8051178481 25.313052133 24.7689220246 27.1447239428 25.7268933761 26.685753321 24.5151025889 25.13780376 25.3678522715 27.1685345513 23.5599447257 27.2075989522
0 0 0 0 0 0 0 0 0 0 55.2030447551 43.3419771559 43.3419771559 46.2987137976 0 0 0 0 26.6636644667 24.343002293 23.9377994403 24.9153799011 23.5037536583 24.4340546391 25.1897304698 27.1883175157 23.4531731946 25.1395934121 26.1340043371 23.6701809167 26.3228633262 26.0168421764 26.26793988 23.1609315972 26.5126873587 23.0843564055 23.06167574 25.1580046164 63.2079610059 52.5625067212 66.4241119695 66.4241119695 24.9903596133 24.5107031458 24.6410598005 23.2806786871 24.4901567535 24.6153186117 26.0841818781 25.7587602946 24.2103340227 24.8420582993 26.2969221541 25.5950884709 23.7379854549 26.8236159791 27.2198119848
0 0 0 0 0 0 0 0 0 0 45.2925975316 43.3419771559 43.3419771559 0 0 0 0 0 0 24.7105397405 25.187531961 25.1639857007 23.2727755918 24.9790819291 27.1635005428 26.9419565809 24.4507363495 26.2510566664 27.1086970694 24.462021513 24.9495932502 24.6123443691 24.1774166095 24.3610500568 23.2439241664 24.3229602348 23.0494565296 25.5789940378 25.677021627 66.4241119695 36.6827871097 36.6827871097 27.0715274333 23.4237733039 25.2848749599 25.9505078033 24.9312578387 23.1239840881 24.2778212424 26.4941122187 26.3274383632 26.3984330857 23.9514661615 24.7560831767 26.7726479663 24.1388118725 23.981284769
0 0 0 0 0 0 0 0 0 0 0 0 0 0 0 0 0 0 0 0 27.1466807161 24.1063183624 26.8725263764 23.7801410811 26.7524586663 24.0622833183 23.2713274376 25.7465781997 25.4668680865 23.0160101774 23.3639777468 25.0758511238 26.433942698 25.1940857855 23.6002611224 25.4588020848 25.901931992 25.5809892202 26.7588407769 23.8362614358 36.6827871097 36.6827871097 23.8555584346 23.8075067464 24.9348485282 25.6223816243 25.8364773772 26.1467994191 26.8065525173 23.0726555796 25.0949909523 25.3104301105 25.838898973 23.4338197493 23.0610164582 25.7936703542 26.2692041657
0 0 0 0 0 0 0 0 0 0 0 0 0 0 0 0 0 0 0 0 0 0 0 0 24.0873415612 26.638868695 26.3926970931 23.3452794914 23.0880675262 27.1870657012 25.8418740689 25.2846373315 26.8282478633 23.957805478 24.309798746 23.9259256205 25.9461662765 24.4228597737 23.957885846 25.1843324502 23.698466718 44.0962133941 44.0962133941 23.6174289929 23.6534048977 24.7062403797 26.6980967725 23.9227351602 23.9522364928 24.7934335451 24.9106182713 25.1633855192 24.7750664512 25.1830249712 23.1063289124 26.3419470869 24.238421209
0 0 0 0 0 0 0 0 0 0 0 0 0 0 0 0 0 0 0 0 0 0 0 0 0 0 0 0 26.4244485789 25.7770609703 23.5988052001 25.0470836418 24.0459612346 23.909237192 25.2133659196 25.3051746724 26.2333388305 27.1848077719 23.2128619735 27.0463020361 44.0962133941 44.0962133941 44.0962133941 60.6792628171 26.6468488381 24.6365431645 24.5659766202 26.803208039 25.1829305926 24.6397635681 25.9316226738 25.6427486933 26.803764935 26.3011376967 23.3745913619 26.2351976558 0
0 0 0 0 0 0 0 0 0 0 0 0 0 0 0 0 0 0 0 0 0 0 0 0 0 0 0 0 0 25.296321072 27.0059458143 26.059305994 23.5005636901 24.7766112061 23.5576839062 25.9487382502 26.1657456701 23.6827650242 23.8286305327 25.1769901191 23.7423774645 82.7489841427 82.7489841427 26.5930680816 25.7245225321 23.1341143526 23.5013903329 26.1116837418 24.2002187725 24.3205138166 24.1658732271 23.5177902963 24.257541254 27.0495103397 27.0594098043 0 0
0 0 0 0 0 0 0 0 0 0 0 0 0 0 0 0 0 0 0 0 0 0 0 0 0 0 0 0 0 0 23.4558510419 23.647689249 26.6493093307 23.2964086099 26.4995852349 25.5090358874 26.9670685649 25.691628087 25.0140725772 23.7150860961 25.6384629449 26.6104755423 82.7489841427 26.6000601628 26.3370883288 25.7681327572 25.9416589472 24.2174912651 26.2104242337 23.2405768286 26.0685150366 24.1272410713 24.5140391926 26.4760124506 27.1228725713 0 0
0 0 0 0 0 0 0 0 0 0 0 0 0 0 0 0 0 0 0 0 0 0 0 0 0 0 0 0 0 0 0 23.2866369008 24.1817164368 24.8265383723 26.8564520256 25.105672229 24.6619660411 25.8089832465 24.6457093475 27.206772947 24.4071986461 23.1530736961 45.584286178 24.7702247431 23.4385292367 27.0852526541 23.5055881113 26.1897736641 23.2889301241 26.7001024501 25.8899854853 26.0215558642 25.7595055404 24.1481096328 25.9509196 0 0
0 0 0 0 0 0 0 0 0 0 0 0 0 0 0 0 0 0 0 0 0 0 0 0 0 0 0 0 0 0 0 0 0 23.7603486949 26.2777542434 27.1947496803 25.2278825376 23.5840322921 24.4134820968 26.7757356863 23.6395779079 25.1916852926 24.9013666983 24.7014926794 64.7128861202 26.8989822382 26.3108444935 26.0770238229 27.0212072161 24.9786143487 26.621219585 24.1941392108 24.5505653095 24.2805641331 0 0 0
0 0 0 0 0 0 0 0 0 0 0 0 0 0 0 0 0 0 0 0 0 0 0 0 0 0 0 0 0 0 0 0 0 0 23.3967021039 26.5402629239 25.252121696 26.1940818461 26.1821487636 25.4492445751 26.2046919104 25.2128493604 25.6792783658 64.7128861202 24.8284381994 24.4303167734 23.3821061015 25.8991035152 23.275692379 0 0 0 23.7664196159 25.0039564374 0 0 0
0 0 0 0 0 0 0 0 0 0 0 0 0 0 0 0 0 0 0 0 0 0 0 0 0 0 0 0 0 0 0 0 0 0 23.3491944289 23.203173997 23.89876509 23.8569903321 26.1679055759 25.3460137247 23.1823051131 23.4918001706 26.7216486369 23.9581109773 50.1844689198 50.1844689198 26.192661926 26.9567779222 0 0 0 0 0 0 0 0 0
0 0 0 0 0 0 0 0 0 0 0 0 0 0 0 0 0 0 0 0 0 0 0 0 0 0 0 0 0 0 0 0 0 0 0 26.5302864455 25.053597213 25.4106941929 25.6414836778 25.9533483497 26.6516349434 26.7426754309 24.9163655698 50.1844689198 71.8647149753 71.8647149753 24.4997358801 0 0 0 0 0 0 0 0 0 0
0 0 0 0 0 0 0 0 0 0 0 0 0 0 0 0 0 0 0 0 0 0 0 0 0 0 0 0 0 0 0 0 0 0 0 0 23.686526799 25.8436363735 23.3613978918 25.972417563 24.8534527379 23.9103727173 23.9993526107 71.8647149753 71.8647149753 71.8647149753 56.7207680101 50.3027230496 0 0 0 0 0 0 0 0 0
0 0 0 0 0 0 0 0 0 0 0 0 0 0 0 0 0 0 0 0 0 0 0 0 0 0 0 0 0 0 0 0 0 0 0 0 0 23.9896063148 25.2197075396 23.6529041645 23.3790451291 26.8784311104 25.4868647002 23.1383442718 56.7207680101 48.2695056145 34.8055271983 45.6939914694 0 0 0 0 0 0 0 0 0
0 0 0 0 0 0 0 0 0 0 0 0 0 0 0 0 0 0 0 0 0 0 0 0 0 0 0 0 0 0 0 0 0 0 0 0 0 0 23.792585347 24.1245037695 25.4568355517 26.6396648936 24.5581233332 23.2332312695 25.9974062299 42.9874619829 36.8001128236 35.5362943189 52.4848818295 0 0 0 0 0 0 0 0
0 0 0 0 0 0 0 0 0 0 0 0 0 0 0 0 0 0 0 0 0 0 0 0 0 0 0 0 0 0 0 0 0 0 0 0 0 0 0 24.6090909225 23.9685853552 26.1219827758 25.5292945209 24.4182457599 25.4423684449 34.5619674737 37.1542885793 47.8189253805 56.1923222515 60.1844434132 0 0 0 0 0 0 0
0 0 0 0 0 0 0 0 0 0 0 0 0 0 0 0 0 0 0 0 0 0 0 0 0 0 0 0 0 0 0 0 0 0 0 0 0 0 0 25.905363971 27.0958231142 23.5287764269 23.5792099408 23.2461107062 0 0 50.3684225968 56.1923222515 56.1923222515 52.7997704439 44.3286941832 0 0 0 0 0 0
0 0 0 0 0 0 0 0 0 0 0 0 0 0 0 0 0 0 0 0 0 0 0 0 0 0 0 0 0 0 0 0 0 0 0 0 0 0 0 0 26.2491866688 0 0 0 0 0 43.2470021843 56.1923222515 50.0896381291 50.0896381291 50.0896381291 0 0 0 0 0 0
