Spatial_Output/BAU/BAU_1397.asc
NCOLS 155
NROWS 192
XLLCORNER 196307.867259
YLLCORNER 449144.565805
CELLSIZE 33.573938
NODATA_VALUE NaN
[rows 50 to 74 of 192, columns 0 to 55 of 155]
32.9044472666 32.8902659266 32.7319468332 32.7756728651 32.7284176615 33.0287877477 32.7367958068 32.7957656595 32.9846749584 32.6092787138 32.5678126675 33.1743389503 32.6222593799 32.7667295421 32.6688603801 32.7766759655 32.6837187424 32.8552180888 32.6986657257 32.9734845924 33.1253663511 32.5931473982 32.7147521292 32.8704501962 32.920530225 33.1173834263 32.6083366903 32.5854590636 33.0650878522 32.8805504818 49.1898511033 49.1898511033 49.1898511033 32.6803582689 32.9789469588 59.4095721865 32.6334815664 33.1876305679 54.3345498055 54.4799249839 33.1544892409 32.8132362898 32.5690836439 32.8113928955 32.7177383393 33.0813717827 32.7665056689 32.7632402693 32.7975011964 32.7687136345 32.6542987382 32.6963276474 33.0017193124 32.5133301678 32.9672127116 32.7549573649
33.0343858978 32.7356957256 32.5581435887 32.9198735221 33.0112260574 32.9376441909 32.8051777006 33.0163431763 32.8574282436 32.7733773331 33.0499914549 32.8207361527 33.1298690688 32.7264256542 32.7447228321 32.6336990763 32.6396047194 32.5719396711 33.1922048734 32.6634163649 32.6298822237 32.6941431493 32.5089612178 44.0417100794 32.6137717304 33.0290229904 32.8755978689 32.9895624945 32.8257912043 33.1453334142 67.7483029602 67.7483029602 67.7483029602 33.0332089765 33.1749622682 32.9020515475 32.8643263427 54.3345498055 54.3345498055 54.4799249839 32.6112482037 33.0563115704 32.5242288707 32.5179784475 32.6624906016 32.7986314336 62.0219511385 56.4930838905 32.8836727563 55.905845961 32.5905769978 33.0074507236 32.7774235071 32.794980694 32.7994681942 32.6740928418
32.927718127 33.0577271009 32.8699078082 32.9145583236 32.6646117054 32.8781553865 33.074724668 32.7042949581 32.9445311583 32.5661331816 32.9376865286 32.5002889866 33.0171145642 33.1789389189 33.074507674 32.8627410154 33.005953224 32.7290952664 32.5937213094 33.1885778415 33.2031987473 32.5602217785 32.5983096821 44.0417100794 33.0556933633 32.6779477459 32.7167734841 32.9546134273 32.5450264819 32.7536668947 32.5029439807 50.9130898802 32.5493143902 63.4107303136 43.2065657684 32.728893336 32.9090597215 76.4564969546 54.3345498055 32.8722227541 32.7728693913 49.4589827875 53.8077156952 32.9811049104 53.9333692031 32.871745224 62.0219511385 56.4930838905 56.4930838905 56.2235912652 33.087143265 32.9718557041 32.6778655956 33.1367655368 32.7595345601 32.562827476
32.8753565068 33.1235230099 32.6135890865 32.7953786297 32.6307522765 32.8346850773 32.8417477229 32.6761804847 32.9753095077 32.8127121061 33.1737168337 33.001480463 32.505133674 33.1253762546 32.8550981382 32.6505494236 33.1973274809 32.7703670219 33.1246466948 33.0890725663 32.7339631917 32.9211301869 32.539849265 32.8457983156 32.7667462014 32.8107368491 32.7387503845 32.9691225616 32.6501152132 32.9151313927 32.7158617073 33.0009746587 32.72142498 32.7532791519 32.6150833361 32.7449458647 32.8289587429 32.8859990711 32.574754259 32.5306191792 33.0454596295 49.4589827875 53.8077156952 53.8077156952 53.8077156952 53.9333692031 62.0219511385 56.4930838905 56.4930838905 33.0091402702 33.0750760409 32.8253497955 32.6775245912 32.6229761645 32.976515615 33.0718074798
32.8681017203 32.5317960329 32.7148750207 32.6422553442 32.7279940738 32.9042376454 32.7485281242 33.038560722 32.5549898535 33.1955914493 32.6851328943 32.5732635693 32.9736478168 32.919566164 33.0575155092 33.1226565408 32.6299035615 32.5071031783 32.9710731303 32.7033039512 33.0234806112 33.01182555 32.7511363115 88.2181697574 88.2181697574 33.062761747 32.5865572956 32.8482841051 32.7223822048 33.1946209847 33.1282219292 32.6096790105 32.9717906364 32.741880475 33.1479467013 32.6229593583 33.0283552594 32.9984364243 49.1142156731 33.0604320367 32.6996205789 49.4589827875 53.8077156952 53.8077156952 33.1376715377 33.0248144777 62.0219511385 32.8149250723 32.5231261375 32.85876197 32.7947977825 32.8479143094 32.9909868287 32.8391093925 32.5981766733 33.149495152
0 33.0362471275 32.6418390021 33.0490375068 32.8295269496 32.7598338097 32.7570145324 32.9460077137 33.1802335796 32.533704583 32.9754331597 32.779948283 33.1396821992 32.6517323575 32.8817131185 32.5984910074 33.0089915643 32.8340144277 32.7516424646 32.7780925484 32.9645077655 32.6931309549 88.2181697574 88.2181697574 88.2181697574 54.6041236197 32.9047393581 33.1605697626 33.1844784875 32.9857053934 32.7324963505 32.8950083741 32.7033961483 33.1922054987 32.8901460273 32.5171511859 32.8967412223 32.9434473321 32.5404857898 32.7694233517 32.6458263487 32.5122255424 32.8121881344 32.7654140692 32.5041209319 33.0424330915 33.1138861735 32.7077357476 32.5806276802 32.5615725719 32.5571964265 32.9641867769 33.196856679 32.5906886166 32.9634493909 32.7262951832
0 0 32.7803664629 32.6792997325 32.9968108793 32.5008672458 32.5380336513 32.8418683166 32.6238506181 32.5610033362 32.9532228644 33.1853327855 32.5929266793 32.6126399582 32.5986484847 32.8870926634 32.790953302 32.8634921474 32.6206201462 32.5866969537 32.729127133 33.0178127507 33.0671285147 54.6041236197 88.2181697574 54.6041236197 33.0563637462 33.0266589091 32.9904019704 32.5940626344 32.7289333424 32.716845353 33.0539351447 33.171091815 32.968166855 33.1256431708 32.764058557 33.015888144 32.5488691962 32.9456348386 33.1121162429 32.574364659 33.2053137756 32.7904031905 32.9449398029 32.7369182089 32.9044531617 33.111301577 32.8266522518 32.6806161525 32.6161967058 32.9609404387 32.7448603799 32.6389826805 32.8027033727 32.728201064
0 0 0 33.0921014568 32.9407762927 32.9952835734 32.5335305483 32.7187704397 32.5769647496 32.7766468992 32.78599034 32.5804165903 32.6723429307 33.0116078089 32.9716954025 33.0086444036 32.9463397263 32.7613537947 32.6688125707 32.8476919881 32.61006065 32.528315033 33.1069885564 52.5246873972 54.6041236197 64.0194100785 33.0606113096 33.2021491529 32.7272215818 32.7754931784 32.7506695111 33.1891775354 32.9024769883 32.8987248975 32.7238639654 33.1554588163 32.8184482654 32.9624543392 32.9496219848 32.9247016681 32.5838282057 33.1599474545 32.8826218346 32.634149523 32.9043766437 32.5160530014 33.0030554145 33.2070277495 32.7465154954 33.0765417937 33.1365672442 33.1650279889 32.9212910467 32.6504545464 32.8939137891 33.1774571806
0 0 0 0 32.5667714295 33.1307580855 33.0556228144 32.7234166747 32.5641846478 32.9083792389 32.7869804843 32.653338394 32.7742705999 32.8883289876 33.0198745961 32.7067153251 32.8068496704 32.6258312093 32.9494498232 32.8745068851 33.0028063108 33.0979324002 32.7786765066 32.8878985683 64.0194100785 64.0194100785 64.0194100785 32.6958741466 32.6511922531 32.6672106 32.6798933514 33.1378304329 32.8229452139 32.8501906099 32.929967787 32.7659035051 32.5808112326 32.8506049653 32.6609162463 32.8608724248 32.8684927267 32.7862628465 32.9301787374 32.7899796456 32.7781063516 32.7935056385 33.0921507438 33.0010597005 32.7108218116 32.672097116 32.77886876 33.1597888459 33.0397838317 33.0731384847 33.1635178962 32.5752517033
0 0 0 0 32.6407692867 32.7918099004 33.0582545322 32.969155832 33.065501126 32.8224418039 32.7910341319 32.6586973528 33.1180081664 32.7573354332 32.7007379576 32.6570630401 33.0166764019 32.9435950404 32.5712190459 33.0988131591 33.0133857305 32.7835014378 33.0369781225 32.9467640888 64.0194100785 64.0194100785 64.2693725756 64.2693725756 51.7441884308 47.6782082892 65.0617717927 64.8817138419 52.9109402603 32.5933090867 32.5489824652 33.0865826081 33.1294999141 32.8181639716 32.5887648548 33.0773093725 32.9317195189 32.9465271822 32.9012295134 32.6626480336 33.0681901937 32.8367168999 32.7539696786 33.1854525988 32.7891988048 32.7216907102 32.8462389488 33.0295270619 32.646870202 32.6933484044 32.8581046961 33.1232567143
0 0 0 0 0 32.5943836425 32.8376256148 32.5758850519 32.7951550457 32.888411175 32.930523273 32.650614935 32.8868085738 33.0466107097 32.5917883224 32.6156422911 32.6320692708 33.113076031 32.9067772858 32.8249815751 32.8630693434 32.5128130438 33.1768418755 33.0870091625 33.0113855252 64.2693725756 64.2693725756 51.7441884308 47.6782082892 53.8177922117 53.8177922117 64.8817138419 52.9109402603 52.9109402603 32.6047756851 32.969874064 33.0308075007 32.8184390977 33.045759668 32.8538836083 33.115470591 33.073674683 32.5553126 32.8900404208 32.8156193727 33.1763941419 32.7678759109 32.593194288 32.72494202 32.7340174151 32.9282524649 33.0473357375 32.9829289112 33.08729267 32.7358914527 32.9126021892
0 0 0 0 0 32.9780342944 32.701397582 32.8139832564 33.0973920502 33.041786524 33.0325245549 33.189949249 33.2059643051 33.008817961 32.5112546278 33.1545691104 33.1751548727 32.9727428717 32.7128215653 33.1741334328 33.0953772211 33.0728636041 33.1762603245 32.7093745833 32.6040399525 32.5174400486 67.8415997036 32.5639365901 47.6782082892 53.8177922117 53.8177922117 64.8817138419 52.9109402603 74.7711171919 74.7711171919 74.7711171919 32.5975114804 33.1325679326 32.8633314477 32.8225580013 32.6003495392 32.596047487 32.7101872577 32.5573736003 33.0462836327 32.7956201963 32.7941036444 32.9057455728 33.080348824 32.8023796171 32.7381595205 32.7709878255 32.9744908369 33.0666972039 32.6813006152 32.5606903367
0 0 0 0 0 33.0292065011 32.9684293473 33.0384091507 32.7072146359 32.9153626585 32.7441179351 32.6259231057 33.0515240794 32.9335785824 32.6581977251 32.7274698756 32.6312441154 32.6092256336 32.6070631435 32.7734318954 33.0533827735 32.7997029759 32.7331573696 33.0394747837 32.7028413428 32.8964330738 32.5560199554 68.9064170818 59.8974945215 47.6782082892 53.8177922117 64.8817138419 49.577362773 74.7711171919 74.7711171919 42.4149166141 32.7120328055 33.1765773788 32.875372003 33.1426092804 32.7796912496 53.985462321 53.985462321 32.7192137791 32.9196011278 32.7474278596 32.9632997088 32.6176698148 32.6102810146 32.5325614214 33.0963202305 33.1734768555 32.6673076477 32.887934761 32.550282592 32.5884133592
0 0 0 0 0 0 32.8060976664 32.8245439892 32.6858934194 33.1988241074 33.0122151061 32.775805501 33.0714046147 33.1380185053 32.6601682418 32.6647894452 33.101793028 33.1276157093 32.7287387632 32.9595385766 32.9333234323 32.8515509616 32.7018724796 33.0489223642 32.8831839568 32.6174088106 68.9064170818 68.9064170818 68.9064170818 33.048818032 32.5868648378 32.6941342312 32.6615889809 42.4149166141 42.4149166141 33.205354171 33.1740840444 32.736491845 32.9814374698 33.0573500521 33.1026631141 32.7230452788 32.6794807053 32.8637966576 32.5537395133 33.1309603484 32.6170090748 33.0376527417 32.5621428418 33.1944646451 32.69149488 32.8869486399 32.6946973708 32.7126281667 32.5432983261 32.6549062031
0 50.6543402332 61.609138521 63.162841419 90.4520669693 90.1341036086 90.1341036086 32.9580368363 32.644846793 33.1872423213 32.6010948189 32.802059777 32.9974968497 33.1738704953 32.7498344983 32.5935283436 32.5521997184 32.7032500935 32.9140839494 32.8149829927 32.6094659612 32.7675368097 33.0780614386 32.8459235138 33.1101054269 33.1212378784 71.415143046 71.415143046 71.415143046 32.5573601812 32.9293485548 32.5949116209 33.1852622846 63.4889604382 63.4889604382 63.4889604382 32.5751808178 32.7613568273 32.9608131537 32.8692187636 33.1087377072 32.9701309843 32.5297588039 32.8705122877 32.5518645925 32.6081490963 32.6914098056 32.7797339539 32.6390794173 32.6026122089 32.5881056064 33.1787018892 32.9535014724 32.5519557302 32.5282080831 32.9042130554
0 61.609138521 63.162841419 63.162841419 90.1341036086 39.6021893422 39.6021893422 39.6021893422 32.5276209161 32.7268564283 32.7239374024 32.6374553722 32.5000735395 32.8763144033 32.8439268537 32.9582706083 33.0005385783 33.031961393 32.9572063273 32.8880861354 32.8082867359 33.106404831 32.7117250062 32.6965744571 32.5165397724 33.0673282504 33.1821654333 45.4802111434 32.5237658532 33.0306431872 33.1447585367 32.8721559069 32.8263311338 32.9847707748 63.4889604382 32.620455164 32.9437745189 32.8811594278 32.5998096326 32.6113505826 33.0505361409 32.7961722203 32.5636697171 32.876431786 32.5317839139 32.6742229225 32.717316215 32.5517271509 33.0053983663 32.6641508419 32.8275564188 33.1225293728 32.8107665824 33.1550076557 33.1531517296 32.9351324359
0 60.2311324439 61.609138521 63.162841419 90.4520669693 90.1341036086 37.2237118138 73.0243302465 50.3208128222 66.4479397036 32.9178739454 33.1387865493 32.8583543111 32.8480020433 32.7480472122 33.0807425044 32.9043622973 33.1780529535 32.8724992218 33.1965532801 33.0994089392 33.0301966605 33.096049565 32.9276795442 32.7782358287 33.0456735662 33.0931444458 45.4802111434 45.4802111434 32.9975665645 64.471690967 76.773852879 65.8753125404 68.3258836491 68.3258836491 63.3067466202 58.9079362223 32.8420027011 33.0008585599 32.8904354266 75.008037048 44.0711521991 33.0299436605 32.9560182687 32.9862158198 32.53078073 33.1106718187 32.7961419713 32.7658727511 32.5124080947 32.8320391283 32.6699565342 33.1572603571 33.043816941 32.9922148109 32.9451707529
0 44.6366547488 36.9367990362 44.340384395 57.7951937338 58.0394075036 37.1446919533 37.1446919533 44.4517346221 36.9457198494 36.9457198494 32.9873825639 32.6069397745 33.0965020685 33.1536382469 33.0005968409 33.1039790501 32.7648571892 33.0166965784 32.8328530154 32.646722685 32.7917903576 32.6175093811 32.5038853978 32.8892074684 32.7392210414 32.7970745436 45.4802111434 43.0046952977 32.5154510605 64.471690967 64.471690967 76.773852879 68.3258836491 68.3258836491 47.4774670044 58.9079362223 58.9079362223 33.1699275355 75.008037048 75.008037048 75.008037048 32.9097125103 33.1383961797 32.6965035567 32.9354840125 32.6335849176 32.6421993498 32.5541127405 33.1039095332 33.1303502655 32.7072492757 32.9843453309 32.7398503367 32.6419493915 32.9705670046
44.6366547488 36.9367990362 36.9367990362 36.9367990362 44.5396099231 44.5271517968 37.1446919533 37.1446919533 44.4517346221 33.1106775755 33.0016491458 32.7499502692 32.9409833305 32.6426449985 32.7584827359 33.1334456462 33.0445189921 32.8986746396 32.5449493379 32.8425530829 32.967874565 32.7616756253 32.7473220715 33.0080571498 32.7892960178 33.0844831092 33.0789863535 33.0119697275 32.755882759 33.0259557046 64.471690967 76.773852879 33.1867868611 68.3258836491 85.7304555486 55.2524502507 58.9079362223 32.634541862 32.5833149268 32.8862827519 75.008037048 32.6810573143 32.6124377237 32.9375261752 32.9899420234 33.1267895979 32.9746180765 33.1155277774 32.8716832132 33.0939096167 33.0243071781 32.8298270884 32.8225557204 33.0477550616 33.0332305126 32.7895326511
0 44.6366547488 36.9367990362 44.340384395 50.1122392243 57.7951937338 44.5271517968 37.1446919533 44.4517346221 33.0449196781 32.9079605987 32.8531602474 32.5321209379 32.678853172 32.7476864018 33.1940650925 33.0553758035 33.0456119002 33.0629066549 33.1089540341 33.1052177653 32.6226613411 33.1444799124 32.8918699206 33.013613138 33.1253450227 33.1048857325 32.9371726782 32.9536657528 63.0648482277 33.1982948815 33.0205684967 33.1658229588 32.9194203044 50.476970436 84.6221863355 32.9939232348 32.6814612027 32.5781096696 32.5252626315 49.4637994298 49.4637994298 49.4637994298 32.5477738756 33.0651012294 33.1666264078 32.6182296456 32.8883303797 32.5231654136 32.6058516199 32.9578783029 32.7363515356 32.7092063863 32.5610116324 32.6044968571 32.5410327043
0 0 0 0 0 0 0 0 0 32.590669214 33.1481700982 32.6727564598 32.6700787797 32.9203448428 32.5917832349 32.7468334365 32.5414136987 32.5739698016 32.8431789757 32.9189352874 32.7340360774 33.1856261655 33.0626420522 33.038620674 32.9817446625 33.1068425343 33.1709815413 63.0648482277 63.0648482277 63.0648482277 50.2799640976 32.8894624887 33.0588919582 32.5268679153 84.6221863355 84.6221863355 84.6221863355 32.7190181751 33.0729642256 32.9116760861 49.4637994298 49.4637994298 32.8779406444 32.5822941332 33.1268193725 33.1829948585 32.8276352736 32.5141688376 32.7216521227 32.9790532945 32.7257934569 32.6266018215 32.5518006082 32.953296475 32.8712068589 32.9122180495
0 0 0 0 0 0 0 0 0 32.6351229803 32.549255183 32.6192119272 32.5874864206 33.1800452867 32.7547131547 33.104729088 33.1022025563 33.005597315 32.7128274712 32.8340806158 32.5079138607 32.7173908358 32.8888771255 33.1453894774 32.7788144036 32.8229731948 32.7266625907 52.424430221 44.7879271901 44.7879271901 44.7879271901 33.1199417728 33.1775020779 33.136341798 84.6221863355 84.6221863355 32.6682099192 32.6383121172 33.0886299433 32.5051656425 57.665935626 49.4637994298 47.4101300255 32.6968191332 33.0842171042 32.568468079 33.1652516561 32.6297333795 32.9957142866 32.657924132 32.6893674814 32.5710752114 32.8883390109 32.6745171051 32.9155291712 33.1417187267
0 0 0 0 0 0 0 0 0 33.1575281991 33.0511952818 32.8711414895 32.5203066806 32.6848063776 32.7831516771 32.887993933 32.6761848165 32.521846551 32.6234284319 32.8383752079 33.1158882395 32.5510723628 32.9510077735 32.7696592786 32.8579558681 32.880986164 32.6257359848 33.1398906188 44.8444751215 44.7879271901 44.7879271901 33.0003516495 32.6780430454 32.7719024314 33.0778038666 55.8839219893 54.1206699446 32.6421595276 33.0615465539 33.1558677194 47.4101300255 47.4101300255 47.4101300255 32.8066165996 33.0830581609 33.0943842237 33.1669346174 33.1696254241 32.8113422855 32.6270740459 33.1250230515 32.7362147891 32.8335433627 32.8044980593 32.8729859353 32.8903557024
0 0 0 0 0 0 0 0 0 32.5098973524 32.6659973216 32.5621952406 32.5041510135 32.580583755 32.7938923162 32.571356143 32.7092435732 32.535966832 33.0411677017 33.162314033 32.8965196955 32.7490048166 33.1357958309 33.0721675261 32.9500705403 32.5788647081 32.7157652795 32.6223049676 32.5602465174 44.7879271901 32.6450090889 33.0884544526 32.7977571615 32.6939593489 33.0800697812 45.9692986715 54.1206699446 54.1206699446 33.1367537849 33.0701061059 32.7496192103 32.5652963529 32.9636949064 32.7060510434 33.1554394981 32.7375709345 32.857101725 32.5509438884 32.7831764224 32.6437960394 33.0452193968 32.5327567343 32.8618308103 32.8435059959 32.579833101 32.6064076341
0 69.2314019752 45.4291857032 43.2357644943 58.3068292644 43.3590544435 68.3628347603 0 0 0 32.9678720571 32.5167094145 33.1040336827 33.0365998733 32.8005426721 33.0836137497 33.0354636456 32.5396823286 32.5504829197 33.0636881299 33.0610768738 32.9454793745 32.7856133328 33.1548901374 32.8750009001 32.5590104744 33.127604886 32.8385224267 52.6743173455 52.6743173455 32.7649860116 32.6730618492 33.1062067159 32.8191316034 33.1111642524 54.1206699446 54.1206699446 45.9692986715 45.6737666838 32.7854255612 32.5548090544 33.08243893 32.896647971 32.672244676 32.918442204 33.0059661788 33.0083644997 32.9246594309 32.61502942 33.0009404647 32.5962357943 32.7085140193 33.0448139066 32.8912541127 33.0276287766 32.9353144685
