Spatial_Output/BAU/BAU_1315.asc
NCOLS 155
NROWS 192
XLLCORNER 196307.867259
YLLCORNER 449144.565805
CELLSIZE 33.573938
NODATA_VALUE NaN
[rows 102 to 135 of 192, columns 76 to 151 of 155]
49.7191174782 63.8099316136 29 29 29 29 29 29 29 29 29 29 29 57.8904787771 57.8904787771 29 29 29 29 29 29 29 61.5378500652 29 60.6932774153 57.8776349278 59.8093716045 59.8093716045 70.7382846228 29 29 29 29 72.771911965 49.94831103 49.94831103 74.871401731 56.5288051651 29 46.701806885 46.701806885 29 29 29 29 29 29 29 29 29 29 29 29 29 29 29 29 29 47.8060524357 47.8060524357 47.8060524357 46.6977615033 48.6521785496 48.6521785496 48.6521785496 0 0 0 0 0 0 0 0 0 0 0
63.8099316136 63.8099316136 63.8099316136 29 29 29 29 29 29 73.3673651569 29 29 29 47.9903865743 71.5646125516 56.4997001228 49.2023955212 49.2023955212 58.3658509288 58.3658509288 46.2705548932 46.2705548932 46.2705548932 60.6932774153 60.6932774153 39.3942647281 59.8093716045 59.8093716045 52.7222095159 29 29 29 29 29 29 29 29 29 46.701806885 46.701806885 46.701806885 29 29 29 29 29 29 29 29 29 29 29 29 29 29 29 29 47.8060524357 50.7772002283 47.8060524357 47.8060524357 63.7483269059 48.6521785496 48.6521785496 48.6521785496 0 0 0 0 0 0 0 0 0 0 0
65.925833364 51.7746188239 52.9450924758 60.5741792184 60.2408961275 29 44.2510269915 29 73.3673651569 73.3673651569 58.2136878085 29 47.9903865743 47.9903865743 47.9903865743 49.2023955212 49.2023955212 49.2023955212 58.3658509288 58.3658509288 46.2705548932 46.2705548932 61.5378500652 53.786623987 60.6932774153 39.3942647281 57.8776349278 45.4330142003 45.4330142003 45.4330142003 29 29 29 29 29 29 29 29 29 46.701806885 67.2740431238 29 29 29 29 29 29 29 29 29 29 29 29 29 29 29 29 55.6233268594 55.6233268594 50.7772002283 29 0 0 48.6521785496 48.6521785496 0 0 0 0 0 0 0 0 0 0 0
51.7746188239 52.9450924758 52.9450924758 52.9450924758 60.5741792184 60.2408961275 29 44.2510269915 73.3673651569 73.3673651569 58.2136878085 71.5646125516 45.4640646217 47.9903865743 45.4640646217 45.4640646217 49.2023955212 29 29 58.3658509288 57.7210868888 70.4673519753 61.5378500652 29 29 29 29 29 45.4330142003 29 29 29 29 29 29 29 29 29 52.4768704476 61.4622379568 52.4768704476 29 29 29 29 29 29 29 29 29 29 29 29 29 29 29 29 55.6233268594 55.6233268594 55.6233268594 0 0 0 0 0 0 0 0 0 0 0 0 0 0 0 0
65.925833364 62.7892839189 52.9450924758 60.5741792184 60.5741792184 29 44.2510269915 29 29 73.3673651569 29 29 29 63.7545799492 53.2669725467 29 29 29 29 29 29 29 29 29 29 29 29 44.0093744318 44.0093744318 44.0093744318 29 29 29 29 29 29 29 29 61.4622379568 61.4622379568 61.4622379568 61.4622379568 29 29 29 29 29 29 29 29 29 29 29 29 29 82.5121313898 82.5121313898 29 29 29 0 0 0 0 0 0 0 0 0 0 0 0 0 0 0 0
29 62.7892839189 75.7731630436 29 29 29 47.2318235443 29 29 29 29 29 29 63.7545799492 80.6565444423 29 29 29 29 29 29 29 29 29 29 29 29 29 44.0093744318 29 29 29 29 29 29 29 29 29 57.9706279396 60.2389891213 60.2389891213 29 29 67.5384767512 29 29 29 29 29 29 29 29 29 29 29 29 82.5121313898 82.5121313898 29 29 0 0 0 0 0 0 0 0 0 0 0 0 0 0 0 0
29 47.8041805529 29 29 29 47.2318235443 67.9060025253 67.9060025253 29 29 29 29 29 80.6565444423 80.6565444423 80.6565444423 29 29 29 29 29 29 47.6176114231 29 59.9238596126 55.3829215923 29 53.5981607546 52.3591557562 29 50.6979044549 29 29 29 29 69.7253413161 50.2739957022 50.2739957022 62.0214184485 60.2389891213 60.2389891213 29 29 67.5384767512 67.5384767512 62.4010807895 29 29 29 29 29 29 29 29 50.9522179984 50.9522179984 82.5121313898 57.1519504057 29 0 0 0 0 0 0 0 0 0 0 0 0 0 0 0 0 0
29 58.9633724597 29 29 29 29 67.9060025253 67.9060025253 29 51.254212663 29 29 29 59.4848225818 59.4848225818 59.4848225818 72.8181450552 59.0670984415 55.2004735984 64.774940186 64.774940186 29 62.680809291 63.6519907337 63.6519907337 55.3829215923 53.5981607546 53.5981607546 61.428646965 29 29 29 29 29 69.7253413161 69.7253413161 50.2739957022 50.2739957022 62.0214184485 50.5748574253 50.5748574253 29 29 67.5384767512 67.5384767512 62.4010807895 62.4010807895 29 46.0747698112 29 29 29 29 29 44.5859576324 44.5859576324 44.5859576324 29 29 0 0 0 0 0 0 0 0 0 0 0 0 0 0 0 0 0
54.3884831601 58.9633724597 58.9633724597 47.6060605746 49.8348855045 49.466321407 49.466321407 49.466321407 51.6053019028 51.254212663 51.254212663 29 29 48.5843156844 51.358196452 72.8181450552 72.8181450552 55.2004735984 55.2004735984 64.774940186 64.774940186 29 62.680809291 63.6519907337 63.6519907337 55.3829215923 29 53.5981607546 61.428646965 50.3343201854 29 29 29 29 47.0013945427 69.7253413161 44.0016688339 50.2739957022 62.0214184485 50.5748574253 50.5748574253 58.3274442525 29 29 71.9965320006 62.4010807895 62.4010807895 46.0747698112 46.0747698112 29 29 53.9705771231 53.9705771231 29 44.5859576324 44.5859576324 29 29 29 0 0 0 0 0 0 0 0 0 0 0 0 0 0 0 0 0
76.8996710578 66.4110461413 49.8348855045 49.8348855045 49.8348855045 36.8525576603 49.466321407 49.466321407 74.170773092 51.254212663 51.254212663 29 29 54.5087630614 54.5087630614 54.5087630614 72.8181450552 59.0670984415 55.2004735984 64.774940186 64.774940186 29 62.680809291 29 63.6519907337 55.3829215923 29 29 50.3343201854 71.1764918661 29 29 29 29 29 29 29 29 29 73.0007765291 73.0007765291 29 29 29 29 51.6048225826 41.0203898944 41.0203898944 46.0747698112 29 62.6408245475 62.6408245475 62.6408245475 78.8772883531 29 29 29 29 29 52.1488716001 40.7781986634 0 0 0 0 0 0 0 0 0 0 0 0 0 0 0
54.3884831601 39.4958214881 66.4110461413 47.6060605746 49.8348855045 29 36.8525576603 62.8893866235 29 29 29 29 29 54.5087630614 54.5087630614 54.5087630614 29 29 29 29 29 29 29 29 29 29 29 29 71.1764918661 71.1764918661 71.1764918661 29 29 29 29 29 29 29 29 73.0007765291 73.0007765291 51.7267157739 29 29 29 29 29 29 29 29 53.794536932 62.6408245475 62.6408245475 29 72.8313116934 29 29 29 52.1488716001 52.1488716001 52.1488716001 40.7781986634 0 40.7781986634 0 0 0 0 0 0 0 0 0 0 0 0
39.4958214881 39.4958214881 39.4958214881 29 29 29 29 62.7691601311 29 29 29 29 29 50.0994214039 50.0994214039 50.0994214039 29 29 29 29 29 29 29 29 29 29 29 29 71.1764918661 71.1764918661 29 29 29 29 29 29 29 29 29 71.4020387385 71.4020387385 71.4020387385 29 29 29 29 29 29 29 29 53.794536932 53.794536932 53.794536932 62.9766518935 62.9766518935 29 29 29 52.1488716001 52.1488716001 40.7781986634 40.7781986634 0 40.7781986634 40.7781986634 0 0 0 0 0 0 0 0 0 0 0
54.2153410187 39.4958214881 55.125936856 29 29 68.0124295656 62.7691601311 62.7691601311 62.7691601311 29 29 29 29 29 50.0994214039 50.0994214039 29 29 29 29 29 29 29 29 29 29 29 29 29 84.237304844 29 29 29 29 29 29 29 29 29 71.4020387385 71.4020387385 68.9034858542 29 29 29 29 60.0209819401 29 29 66.2502855836 58.204142821 62.6225309299 29 62.9766518935 62.9766518935 29 29 29 0 0 0 0 0 40.7781986634 40.7781986634 0 0 0 0 0 0 0 0 0 0 0
52.7884331626 29 56.2426621897 29 29 68.0124295656 62.7691601311 62.7691601311 62.8853070037 62.8853070037 69.5965124994 69.5965124994 29 29 42.4994513212 42.4994513212 29 29 29 29 29 29 29 29 29 29 29 29 29 29 29 29 29 29 29 62.4954972507 62.4954972507 78.6383651048 39.3146347729 61.1041701902 71.4020387385 67.2999551589 29 29 59.1769219925 29 57.7324192131 29 29 29 29 29 58.204142821 62.9766518935 62.9766518935 29 29 57.736153207 37.2637924353 57.3874499766 57.3874499766 0 0 0 0 0 0 0 0 0 0 0 0 0 0 0
54.500270746 54.500270746 56.2426621897 56.2426621897 56.2426621897 68.0124295656 29 29 62.8853070037 62.8853070037 69.5965124994 69.5965124994 45.6853882634 29 42.4994513212 42.4994513212 68.007800551 29 68.0056365908 68.0056365908 29 29 29 42.48880982 29 59.5433036464 78.1497001428 44.8117369513 65.0408029921 84.237304844 65.0408029921 58.1060258329 29 29 67.5427353459 67.5427353459 78.6383651048 39.3146347729 39.3146347729 39.0363642031 39.0363642031 67.2999551589 67.2999551589 59.1769219925 59.1769219925 29 57.7324192131 29 29 70.0804250642 70.0804250642 57.7324192131 42.4362153445 29 29 29 29 57.736153207 37.2637924353 37.2637924353 57.3874499766 0 0 0 0 0 0 0 0 0 0 0 0 0 0 0
54.500270746 54.500270746 54.500270746 64.5511966595 29 29 46.7920051318 57.8984521469 62.8853070037 29 69.5965124994 45.6853882634 45.6853882634 29 65.3175342263 29 29 29 68.0056365908 68.0056365908 68.0056365908 29 71.8972121352 42.48880982 42.48880982 63.7485752956 44.8117369513 44.8117369513 84.237304844 84.237304844 58.1060258329 58.1060258329 58.1060258329 29 67.5427353459 67.5427353459 29 78.6383651048 39.3146347729 29 39.0363642031 67.2999551589 29 29 59.1769219925 29 29 29 29 59.3823726973 59.3823726973 42.4362153445 42.4362153445 29 29 29 29 57.736153207 37.2637924353 57.3874499766 0 0 0 0 0 0 0 0 0 0 0 0 0 0 0 0
64.5511966595 54.500270746 51.370573874 29 29 29 29 29 29 29 29 45.6853882634 29 29 72.5558031363 72.5558031363 72.5558031363 29 68.0056365908 68.0056365908 29 29 71.8972121352 42.48880982 63.7485752956 59.5433036464 29 44.8117369513 29 66.8077172839 66.8077172839 58.1060258329 29 29 75.6440198773 29 29 29 29 46.6210301012 46.6210301012 46.6210301012 29 29 29 29 56.2939847254 56.2939847254 29 59.3823726973 59.3823726973 42.4362153445 42.4362153445 60.5915640196 29 29 66.9575347672 0 0 0 0 0 0 0 0 0 0 0 0 0 0 0 0 0 0 0
29 29 51.370573874 51.370573874 29 29 29 29 29 29 29 29 29 29 72.5558031363 72.5558031363 29 29 29 29 29 29 29 29 29 29 29 29 46.1797520129 46.1797520129 46.1797520129 29 29 29 29 29 29 29 29 29 46.4181014442 29 49.791778386 47.2799456393 47.2799456393 29 56.2939847254 56.2939847254 29 29 29 71.5019101757 29 29 29 29 0 0 0 0 0 0 0 0 0 0 0 0 0 0 0 0 0 0 0 0
29 29 51.370573874 51.370573874 42.8845309329 29 29 29 29 29 29 29 29 29 29 72.5558031363 29 29 29 29 29 29 29 29 29 29 29 29 59.1612026535 59.1612026535 59.1612026535 59.1612026535 29 29 29 29 29 29 29 45.8565515901 72.9657929478 29 49.791778386 47.2799456393 47.2799456393 49.0521734422 29 56.2939847254 29 29 29 29 29 29 29 29 0 0 0 0 0 0 0 0 0 0 0 0 0 0 0 0 0 0 0 0
29 29 29 57.3687600019 57.3687600019 57.3687600019 29 29 29 29 29 29 29 29 46.1280701541 46.1280701541 46.1280701541 29 29 29 29 29 29 29 29 29 29 29 29 59.1612026535 59.1612026535 29 29 29 29 29 29 45.8565515901 29 72.9657929478 72.9657929478 72.9657929478 72.9657929478 49.791778386 47.2799456393 29 29 29 29 29 29 29 29 29 29 0 0 0 0 0 0 0 0 0 0 0 0 0 0 0 0 0 0 0 0 0
29 29 29 57.3687600019 57.3687600019 66.5631821459 29 29 29 29 29 29 29 29 46.1280701541 46.1280701541 46.1280701541 29 29 29 29 29 29 29 29 29 29 29 29 29 29 29 29 29 29 29 45.8565515901 45.8565515901 45.8565515901 29 45.8565515901 29 29 29 29 29 29 29 29 29 49.4031300271 49.4031300271 49.4031300271 29 29 0 0 0 0 0 0 0 0 0 0 0 0 0 0 0 0 0 0 0 0 0
29 29 29 29 66.5631821459 29 29 29 29 29 29 29 29 29 29 29 29 29 29 29 29 29 29 29 29 29 29 29 65.2907979277 29 29 68.5455154278 29 29 29 29 29 29 29 29 63.8302286527 63.8302286527 63.8302286527 29 29 29 29 29 29 29 29 49.4031300271 49.4031300271 29 29 0 0 0 0 0 0 0 0 0 0 0 0 0 0 0 0 0 0 0 0 0
29 29 29 29 29 51.2554946809 29 29 29 29 29 29 29 29 83.0482879694 78.5510111706 78.5510111706 29 29 29 29 29 29 29 44.5276924601 29 70.4523072344 70.4523072344 29 29 68.5455154278 68.5455154278 29 29 29 29 29 29 29 29 63.8302286527 63.8302286527 52.9060309244 29 29 29 29 29 29 29 65.701354258 29 29 29 0 0 0 0 0 0 0 0 0 0 0 0 0 0 0 0 0 0 0 0 0 0
29 29 29 29 51.2554946809 51.2554946809 29 29 29 29 29 29 29 29 29 78.5510111706 78.5510111706 78.5510111706 29 29 29 29 84.6835138184 29 44.5276924601 51.1104672726 51.1104672726 29 29 65.2907979277 29 29 29 29 29 29 29 29 29 29 29 52.9060309244 29 29 29 29 29 29 29 29 65.701354258 29 29 29 0 0 0 0 0 0 0 0 0 0 0 0 0 0 0 0 0 0 0 0 0 0
29 29 29 51.2554946809 51.2554946809 51.2554946809 51.9801391588 29 29 29 29 29 29 29 29 29 29 29 50.818058428 47.6880584297 48.7800363474 48.7800363474 84.6835138184 44.5276924601 44.5276924601 44.5276924601 29 70.4523072344 29 29 29 29 29 29 29 29 29 29 29 29 29 29 29 29 29 29 29 29 29 51.1345542975 51.1345542975 29 29 29 0 0 0 0 0 0 0 0 0 0 0 0 0 0 0 0 0 0 0 0 0 0
61.0231276764 29 29 29 46.1824661289 46.1824661289 46.1824661289 29 38.1309048846 29 71.9050496329 29 54.5939514971 61.9943075164 55.144652675 29 61.1465624077 47.8026525302 50.818058428 50.818058428 48.7800363474 48.7800363474 84.6835138184 54.9767362469 29 51.1104672726 29 29 29 29 29 29 29 29 29 29 29 29 29 29 29 29 29 29 29 29 29 29 62.2902862811 51.1345542975 51.1345542975 47.0781027746 29 0 0 0 0 0 0 0 0 0 0 0 0 0 0 0 0 0 0 0 0 0 0 0
61.0231276764 61.0231276764 29 29 29 29 55.3029240977 29 38.1309048846 38.1309048846 29 29 61.9943075164 61.9943075164 61.9943075164 29 61.1465624077 47.8026525302 50.818058428 50.818058428 29 29 29 29 29 29 29 29 29 29 29 29 29 29 29 29 29 29 29 29 29 29 29 29 29 29 29 29 62.2902862811 62.2902862811 62.2902862811 29 29 0 0 0 0 0 0 0 0 0 0 0 0 0 0 0 0 0 0 0 0 0 0 0
61.0231276764 29 29 29 29 67.9873791728 29 29 38.1309048846 29 29 29 29 61.9943075164 29 29 61.1465624077 29 47.8026525302 29 29 29 29 29 29 29 29 29 29 29 29 29 29 29 29 29 29 29 29 29 68.3772330142 68.3772330142 68.3772330142 29 29 29 29 72.7111193239 29 62.2902862811 62.2902862811 29 29 0 0 0 0 0 0 0 0 0 0 0 0 0 0 0 0 0 0 0 0 0 0 0
29 29 29 29 29 60.4278625813 60.4278625813 29 29 29 29 29 29 29 29 29 29 29 29 29 29 29 29 29 29 29 29 29 29 29 29 29 29 29 29 29 29 29 29 29 29 68.3772330142 29 29 29 29 29 29 60.5838713622 29 50.676883486 29 0 0 0 0 0 0 0 0 0 0 0 0 0 0 0 0 0 0 0 0 0 0 0 0
29 29 29 29 29 60.4278625813 60.4278625813 50.2861315558 50.2861315558 50.2861315558 29 29 29 29 29 29 29 29 29 29 29 29 29 29 29 29 29 29 29 29 29 29 29 29 29 29 29 29 29 29 43.9682123315 67.9108006297 61.2129447087 29 29 29 29 60.5838713622 60.5838713622 60.5838713622 29 29 0 0 0 0 0 0 0 0 0 0 0 0 0 0 0 0 0 0 0 0 0 0 0 0
29 29 29 29 29 29 49.3901400048 50.2861315558 50.2861315558 53.4927653757 47.3607256681 29 53.0552272029 29 29 29 29 29 29 29 29 29 29 29 29 29 29 29 29 29 29 29 29 29 29 29 29 29 29 29 67.9108006297 67.9108006297 67.9108006297 29 29 29 29 54.7881044529 60.5838713622 60.5838713622 29 29 0 0 0 0 0 0 0 0 0 0 0 0 0 0 0 0 0 0 0 0 0 0 0 0
29 29 29 29 29 29 29 50.2861315558 50.2861315558 47.3607256681 47.3607256681 42.9412031591 42.9412031591 29 29 29 29 29 29 29 29 29 29 29 29 29 29 29 29 29 29 29 29 29 29 29 29 29 29 29 70.7842382067 70.7842382067 67.9108006297 51.722553194 29 50.4221138464 29 68.5394962816 52.3947473278 29 29 29 0 0 0 0 0 0 0 0 0 0 0 0 0 0 0 0 0 0 0 0 0 0 0 0
29 29 29 29 29 29 29 29 29 29 29 42.9412031591 42.9412031591 38.8897249474 29 29 29 29 29 29 29 29 29 29 29 29 29 29 29 29 29 29 29 29 29 29 29 29 29 29 70.7842382067 70.7842382067 45.5275508416 51.722553194 51.722553194 62.5394340369 68.5394962816 68.5394962816 47.8008723859 47.8008723859 29 29 57.1496561643 43.484659431 48.2995619474 0 0 0 0 0 0 0 0 0 0 0 0 0 0 0 0 0 0 0 0 0
29 29 29 29 29 29 29 29 29 29 29 38.8897249474 38.8897249474 29 29 29 29 29 29 29 29 29 29 29 29 29 29 29 29 29 29 29 29 29 29 29 29 29 29 29 29 48.8099726026 45.5275508416 51.722553194 51.722553194 62.5394340369 68.5394962816 68.5394962816 47.8008723859 47.8008723859 29 57.1496561643 57.1496561643 43.5429400487 70.7128764694 51.4579509686 51.4093329249 0 0 0 0 0 0 0 0 0 0 0 0 0 0 0 0 0 0 0
