Spatial_Output/BAU/BAU_1359.asc
NCOLS 155
NROWS 192
XLLCORNER 196307.867259
YLLCORNER 449144.565805
CELLSIZE 33.573938
NODATA_VALUE NaN
[rows 75 to 99 of 192, columns 0 to 55 of 155]
69.2314019752 45.4291857032 43.2357644943 43.2357644943 43.3590544435 43.3590544435 58.1193782535 58.1193782535 43.1493072925 43.1493072925 43.0017820988 54.4132794622 34.1116289369 33.3393363184 33.5759202143 34.1319422276 33.7537689644 33.820218409 33.6680572407 34.3872847253 33.4093767671 33.1444963309 33.5251859164 33.6451704087 33.4818415576 33.3324448441 33.7985462227 33.7777855975 79.1127748292 79.1127748292 34.1301378401 33.763664191 34.2523823033 33.0168689644 33.7661838664 34.3853044253 54.3346130311 34.249217768 33.5164700602 33.2803270629 63.0430552884 63.0430552884 60.7695785828 33.1001441514 33.8733686443 34.3976897331 33.4122199138 33.688891419 33.8163691492 33.0619501889 33.497413734 33.250876101 33.2047784937 33.1029618194 33.7096343562 71.7582585183
0 45.4291857032 43.2357644943 43.2357644943 43.3590544435 43.3590544435 58.1193782535 43.1493072925 43.1493072925 43.0017820988 43.0017820988 43.2710678794 34.3588247451 33.8881795759 33.9630284364 34.2390617368 33.7217286685 34.2805489141 33.8725043449 34.2339831443 33.7100218463 33.5278006107 34.2696354527 33.8945732654 33.4190988084 33.7187025391 33.6165331256 34.4098794581 53.1108236643 53.1108236643 33.4207685354 34.0794606812 33.5804255996 33.1818126972 33.3945884771 33.2422784826 57.6041897884 65.7388220038 33.3778123203 33.3072577611 33.0890462036 60.7695785828 60.7695785828 60.7695785828 33.6543767418 34.2350801759 33.8125657773 33.5800583043 33.8409491401 34.1937566188 33.4312783463 33.4796751719 33.085477462 34.3421971313 33.8855419352 52.6124456627
0 0 68.9333533432 0 58.3068292644 43.7452679597 58.1193782535 44.7119450624 43.1493072925 59.9807727217 43.0017820988 55.2681097471 33.5412422289 34.1390857115 33.9113490016 33.4209498441 33.8046359836 33.8696472093 34.2480010383 33.1494087573 33.5013254212 33.8576475677 33.7189860742 34.1185153254 34.0615310945 33.4260091685 33.4237544896 34.2637803048 52.6178140428 66.5067646454 66.5067646454 33.5562275067 64.8570689263 63.8475247895 63.0183915963 33.7123636587 57.6041897884 65.7388220038 65.7388220038 65.7388220038 33.4242602842 33.1172436272 60.7695785828 33.583280214 33.2190020945 34.3989709512 33.0554249211 33.5879840541 33.4528122727 33.4260304069 33.468248002 34.2001281312 33.9797302531 33.2916117024 34.0164631198 64.5091426438
0 0 0 0 43.7452679597 43.7452679597 44.7119450624 50.2615269702 43.9272737416 43.6663901563 44.3688634245 43.4996787868 73.1104034245 33.8513595679 33.3536642271 33.8098687713 33.4584730392 33.8750170876 33.0140603045 33.6255785249 33.3790675513 34.3022167042 34.2427837931 33.5283421767 34.2024482961 33.4827945469 33.1607204385 65.1413362623 64.006531611 66.5067646454 66.5067646454 63.5063178604 63.8475247895 59.9825677087 63.0183915963 63.0183915963 44.5494802503 44.5494802503 57.7459487921 56.3800089162 68.5370150003 67.5405674481 34.1685006299 53.1408570221 51.5198238897 33.2641042402 69.4917781341 50.5837539922 33.0853732605 61.7029520342 76.8554964988 55.0178660224 59.5614062879 56.1030724942 58.8807190636 64.5091426438
0 0 0 0 44.9185358791 43.7452679597 44.7119450624 50.2615269702 43.9272737416 43.6663901563 44.3688634245 43.4996787868 43.4996787868 33.2066442711 34.2754633398 33.3253139265 33.2784843976 33.6123417199 33.8937076101 33.2578577164 33.5824356782 34.1053647049 33.2799939453 33.9800156486 33.7143910116 33.3485620378 64.4794471727 66.3076158153 64.006531611 64.006531611 63.5063178604 65.6386969055 34.3732829329 63.8475247895 63.0183915963 63.0183915963 44.5494802503 44.5494802503 47.9985885796 34.2305661996 33.6477944574 33.0581884302 67.5405674481 51.5198238897 51.5198238897 51.5198238897 50.5837539922 50.5837539922 61.7029520342 61.7029520342 76.8554964988 55.0178660224 55.0178660224 59.5614062879 63.66234688 63.66234688
0 0 0 0 0 44.9185358791 0 0 60.3958482826 59.9807727217 52.498118026 62.365364434 52.8193304746 33.6932707506 34.0343417072 33.496597831 34.3013591282 33.6463422953 34.4129164601 34.3392773788 33.7717253298 33.6119843533 34.1571868694 34.2040481361 33.3813109848 33.7867972172 63.1198354863 63.1198354863 66.3076158153 33.5826271876 34.2425667801 34.4041329421 33.6271926905 34.071786352 33.4980901303 33.7552564299 33.5427618238 42.6959706005 47.9985885796 47.9985885796 33.4216984894 46.1194496335 46.1194496335 51.5198238897 51.5198238897 69.4917781341 50.5837539922 50.5837539922 61.7029520342 56.0494660325 56.0494660325 55.0178660224 55.0178660224 59.5614062879 58.8807190636 63.66234688
0 0 0 0 0 0 0 0 0 0 0 0 0 0 33.4675112167 33.7297526316 33.8025129614 33.3585876924 34.0110019031 33.3285918344 34.2028255449 34.0853685417 33.1714932694 33.5539576646 43.3265318767 45.6120063745 45.6120063745 63.1198354863 66.3076158153 34.1210888795 33.005843381 33.8391378549 33.7341500545 33.938687708 34.0652503637 33.7957817134 33.8542890068 33.9194692026 33.0742117551 33.4525161233 33.9021938494 46.1194496335 46.1194496335 46.1194496335 33.2733662335 33.9022512418 33.2664611206 34.053200997 33.7472195885 56.0494660325 56.0494660325 69.0083177457 33.2698644597 33.2850133328 33.2240500849 33.6449671067
0 0 0 0 0 0 0 0 0 0 0 0 0 0 33.7793269392 33.5285204887 33.6047014662 33.9228432687 33.1863520542 34.177382402 34.401929626 33.2791802944 33.2425895061 57.7374462128 43.3265318767 45.6120063745 45.6120063745 56.8466601119 33.1986698113 33.9478866718 34.0025896803 33.9699036181 34.3239550611 33.6337038445 34.0222096799 34.3780637351 33.5189535823 34.3975827835 33.0661388486 33.8788398574 34.2522726051 33.584377295 33.0553719841 33.872262817 33.0628454093 33.0185183098 72.7372169634 72.7372169634 72.7372169634 33.8687139442 56.0494660325 33.2975667548 34.3488017218 33.7332584721 34.3122106518 33.3022251173
0 0 0 0 0 0 0 0 0 0 0 0 0 0 33.1876201152 33.2006204136 34.2980086116 33.2824862981 34.2898219358 33.2690511566 65.7525611601 49.0683391146 73.2020612056 57.7374462128 43.3265318767 43.3265318767 43.3265318767 34.0875115132 33.1993877557 33.726360441 33.7575995081 34.1941469804 33.3851516415 34.1048256232 33.080222786 34.0711539456 33.1503124977 33.731873507 33.9951841643 33.5286952626 34.1869350246 33.9141312786 34.101513179 34.0064351474 34.0354915373 34.1631696011 33.871951806 51.6865098917 51.6865098917 51.6865098917 33.1186083595 33.8865394466 34.4101118984 33.2479226684 33.8898882277 33.7417614429
0 0 0 0 0 0 0 0 0 0 0 0 0 0 33.9921542875 33.7465967591 33.5254073552 34.1574609055 33.8858970062 74.3783851748 65.7525611601 65.7525611601 73.2020612056 73.2020612056 57.7374462128 61.5305073353 33.5685192977 33.4929147593 33.6586693885 33.2187599353 33.5923671651 34.2870444853 34.4007090797 33.0658801167 33.5198146536 33.6780940865 34.0446560789 34.0973378918 33.0255499039 34.0098064983 33.5641582938 33.5220185153 34.4016988581 33.7023594959 33.8120190508 33.2139748811 33.4889773186 51.6865098917 51.6865098917 51.6865098917 34.4111703203 33.0104712373 34.2501816766 33.9775329992 33.4115743282 34.1794742259
0 0 0 0 0 0 0 0 0 0 0 0 0 0 33.0646011986 34.1146488588 34.3091647277 34.069813449 50.2129527161 49.9179182216 65.7525611601 65.7525611601 73.2020612056 73.2020612056 43.3967349419 33.9227009181 34.1159589246 33.0736263171 33.1329569674 33.8731404315 34.2593889979 34.0932496306 34.3356410057 34.3131300086 33.1194649948 33.7622113155 33.9529530111 34.0442320546 33.7861663803 34.1574144269 33.1077038345 34.2002357197 33.9362071736 33.9451585242 33.6483989982 33.7916487107 34.2732994017 33.0884085127 51.6865098917 75.3706416327 33.902042574 33.9095939075 33.167076978 33.6574504347 33.1246816878 33.5566810294
0 0 0 0 0 0 0 0 0 0 0 0 0 0 34.3522906737 33.3754568552 33.8278857173 34.0067628866 50.2129527161 50.2129527161 49.9179182216 61.0081138976 33.3764775504 33.4263787763 34.0194307044 33.0825738323 33.6250155164 33.6789092671 34.3932734968 34.2876736878 34.0768674026 33.0821109498 34.1087255153 33.0211214603 33.9511974624 34.4074625809 33.7791698576 34.017927059 33.0826850638 34.0338604169 33.4480953549 33.0737204447 33.5468234425 33.8497791149 33.7337385259 33.4170731325 33.5041881123 34.1586986668 83.5627079973 58.4535323159 72.6831955859 58.273413973 33.2092142896 33.6753228798 34.0110749117 34.2554192932
0 0 0 0 0 0 0 0 0 0 0 0 0 0 0 34.2359340833 33.6565466113 59.8625366718 50.2129527161 50.2129527161 33.9889070854 33.695105007 33.0684390042 34.3662913217 33.4130257969 34.0517010812 33.5842837346 33.2727951933 33.8893794288 33.3586880762 33.5801637204 33.2112234066 34.0145313887 33.5497068655 34.2640641684 33.5170194835 34.2456832951 34.1477586762 33.7990784944 33.2454431716 33.2785504668 33.3191116037 33.8835412391 33.8035328166 33.2410425031 33.5101145822 33.0670528315 83.5627079973 58.4535323159 58.4535323159 58.4535323159 34.2150152699 34.0719293272 34.3249391699 33.7365407818 34.3099617355
0 0 0 0 0 0 0 0 0 0 0 0 0 0 0 57.0325048334 55.5927870985 59.8625366718 59.8625366718 33.7690100831 33.0365905696 34.304444577 33.3039549437 33.2611958939 34.1547207914 33.4650986092 33.8916528935 34.3352871164 33.7334606668 34.0392085095 34.0539973689 34.3502554 33.2716308898 33.8774899242 34.1683864423 33.1852307961 33.4090920766 33.303833182 33.2880509768 33.777366265 34.1750428875 34.2436483555 34.2996413085 34.2175173082 33.30420953 33.351291745 33.2037735551 33.0389103955 34.1893708871 58.4535323159 58.4535323159 33.6138662138 33.3257215965 33.2000703532 33.7973626568 33.7662272377
0 0 0 0 0 0 0 0 0 0 0 0 0 55.2546119818 59.3377497545 59.3377497545 48.7760653991 59.3122955431 59.8625366718 33.0988827816 33.0328383097 33.216229777 33.840697178 33.9992477456 33.320606358 33.2955656472 33.1235278739 33.3708387509 34.2692824119 33.9143937683 33.4671869502 33.5273553803 33.9051462102 33.6403063651 33.1396587687 33.7340865787 34.192961709 33.139531632 34.3178089336 34.0219723647 33.5299806262 33.2572305397 34.2619714238 33.1175182865 33.4111398089 33.0650896537 33.375624605 33.7759701352 61.9461080458 72.6355145193 72.6355145193 70.5444643599 33.9678107852 33.6912183995 33.0809969048 34.2422962546
0 0 0 0 0 0 0 0 0 0 0 0 24.1024589901 44.4530609875 44.4530609875 48.7760653991 48.7760653991 48.7760653991 33.4136992335 33.8714852688 33.8877652154 33.9812458281 33.6458602723 34.059770727 33.3246387587 33.0674958832 34.0037696186 33.7391415501 33.6663273905 34.2642830758 34.2396514046 33.1673667558 33.8393224102 34.0571993048 33.7289048078 33.000538909 33.9060535569 33.8395356865 33.7373877917 34.206741031 33.8557018992 34.2405081528 33.920579358 33.8335869908 33.9449722235 34.3790919377 33.6628250007 61.9461080458 59.8563400277 72.6355145193 72.6355145193 72.6355145193 33.7271747443 33.9710300894 34.3346779756 33.9258009309
0 0 0 0 0 0 0 0 0 0 0 53.0230016906 54.7872542183 44.4530609875 44.4530609875 52.4409470179 59.3377497545 0 0 33.141513517 34.1330278743 34.271280937 34.2074387553 33.2505031186 33.4906105086 33.1466975623 33.3008834795 33.1518621292 34.073796149 33.768109129 34.276526114 34.0628882653 33.5911296964 34.3294668454 34.2666360669 33.9207127278 33.481841725 34.0433583008 33.8781386606 34.2783039662 33.8759574516 33.6108905586 33.3538253263 33.0302245846 34.3096985711 34.3715178634 33.1976195694 59.8563400277 59.8563400277 59.8563400277 34.0962303397 33.6827366957 33.667633083 34.2228776514 34.4094152075 33.0638168972
0 0 0 0 0 0 0 0 0 0 56.8006358188 54.1419004781 54.7872542183 24.2024028201 44.4530609875 67.2147963225 0 0 0 33.2808941197 33.917187163 33.649066223 34.1156508456 34.105148394 34.136240897 33.9042663594 33.1628556194 33.4087847152 33.3468943637 33.3347981665 33.2060695866 34.3970104918 33.1175797989 33.5828856039 34.1145831435 33.0674947622 33.1155848043 34.343833251 33.2506581726 33.1558475849 33.7686237487 34.0115799939 33.6231496011 34.0778201677 33.5476765992 33.4585529162 34.2387536721 73.5935186594 73.5935186594 76.6675840852 76.6675840852 34.3092518455 33.8863156876 33.0169721708 33.671629496 34.3794575495
0 0 0 0 0 0 0 0 0 50.1121363676 54.1419004781 54.1419004781 54.7872542183 54.7872542183 0 0 0 0 0 0 33.5264783528 33.4266972093 34.2302061776 33.7915126932 33.4575002952 34.271313455 33.5576920666 33.3548251763 34.3606242502 33.2904296699 33.6369803314 34.275914303 33.2889751301 34.2760169418 33.9629436223 33.2680810745 33.9923181777 33.6453664626 33.4466990933 33.0764651082 33.4340811958 33.9007082834 33.4297185421 33.1595449744 33.6562565209 33.4635618286 33.0243670249 33.2701023406 76.6675840852 76.6675840852 76.6675840852 33.3718463493 33.0203561379 33.4557800608 34.0760633982 34.3517770789
0 0 0 0 0 0 0 0 56.8934725666 56.8934725666 54.1419004781 54.1419004781 54.1419004781 0 0 0 0 0 0 0 0 0 33.7360211795 34.1746997103 34.1028333363 34.4126935906 34.3428654841 34.3683755163 33.4871037561 33.6395663593 34.0703365742 33.0673689986 33.0054372169 34.0620671315 33.9803093775 33.8767674659 33.4953184906 33.5000713134 33.1366477371 33.3436737616 33.6105513065 34.3157201668 33.7894035696 33.8125698929 33.8130877949 34.0472098962 33.703940561 54.5769062562 54.5769062562 54.5769062562 55.5988464349 33.0589497359 34.3033268833 33.3378598968 33.3325173485 33.7216213469
0 0 0 0 0 0 0 47.6932804037 56.8934725666 56.8934725666 50.1121363676 50.1121363676 0 0 0 0 0 0 0 0 0 0 33.0913989219 34.1983060958 33.3731985319 33.3610330324 34.0346273552 33.021556019 34.3808368682 33.0560659117 33.7893809723 33.5284535898 33.6614542342 33.6374258196 33.1535788972 33.1912674902 33.2713572558 33.0165582883 34.0777865627 33.5840560351 34.2326868734 34.3214266118 34.157050772 33.7307591707 34.2647847824 34.2616978277 34.2805283578 33.5156184754 34.2524317675 34.0277746004 33.2619582474 43.7442740476 33.0530700969 33.7999494058 33.9398443105 33.2373237778
0 0 0 0 0 0 47.6932804037 47.6932804037 56.8934725666 56.8934725666 56.8934725666 0 0 0 0 0 0 0 56.5999185671 0 56.5999185671 33.2203548091 34.0247015462 33.3997463279 33.2299209843 33.3232712007 33.0333440037 33.2651862636 33.8687247734 33.313947017 33.9327915973 34.2623315462 33.6599873474 33.5758084989 33.709089372 69.0164896429 33.1784904823 33.2349971649 33.4176985464 33.1981071205 55.9308260097 33.7842887728 62.1139352048 73.5596513314 33.6974760716 34.26831282 33.5362798042 33.8991760469 33.8548617642 33.710229014 33.2105202922 33.4537102162 33.206845143 34.2625516056 34.1235578576 34.0737268269
0 0 0 0 0 42.4616432375 47.6932804037 47.6932804037 47.6932804037 0 0 0 0 0 0 0 0 56.5999185671 56.5999185671 56.5999185671 34.1171809183 33.497096665 33.3761577036 34.1236343028 33.7022340828 34.0802985512 34.1673679537 33.7902055999 33.8406696056 33.7349067986 33.4140953564 33.7215461534 33.2680147029 34.2429989306 43.1643834869 69.0164896429 53.723408942 53.723408942 46.3283687952 33.9966965989 55.9308260097 55.9308260097 73.5596513314 73.5596513314 69.7096664941 58.285011408 66.8073167014 58.6293734869 47.8280048089 59.6477865306 44.694801122 34.3237002994 34.2889407661 33.4890953851 48.8466550167 48.8466550167
0 0 0 0 0 42.4616432375 42.4616432375 42.4616432375 47.6932804037 0 0 0 0 0 0 0 0 56.5999185671 56.5999185671 34.2319914327 33.2604738517 34.4074137275 33.3251776401 34.0279361537 33.2813248687 33.009454707 33.8323533584 34.3882296457 33.1109127622 33.8958720686 33.6395139148 33.4201359279 33.3556970368 84.2293628518 43.1643834869 43.1643834869 43.1643834869 53.723408942 34.3853840151 34.2597350872 55.9308260097 55.9308260097 73.5596513314 73.5596513314 69.7096664941 58.285011408 58.285011408 58.6293734869 47.8280048089 47.8280048089 59.6477865306 44.694801122 33.1999615922 44.7737869166 34.1395931619 48.8466550167
0 0 0 0 0 0 0 0 0 0 0 0 0 0 0 0 46.2433281802 46.2433281802 56.5999185671 47.1594175295 33.1188325035 33.4854134612 33.7829509905 33.7662380097 33.4680775827 34.1519257449 34.1572614325 33.8597329062 33.3502462979 33.4899992275 33.2258609622 33.6938099348 49.8309391073 84.2293628518 84.2293628518 43.1643834869 34.364177897 34.1480484278 33.7958281192 33.931040468 55.9308260097 33.3939461194 34.0756212621 73.5596513314 34.024185083 58.285011408 66.3607735485 58.6293734869 47.8280048089 57.2793167824 57.2793167824 34.1772792189 34.0231113592 34.1674895345 44.7737869166 56.7948464916
