Spatial_Output/BAU/BAU_1156.asc
NCOLS 155
NROWS 192
XLLCORNER 196769.923733
YLLCORNER 449719.875193
CELLSIZE 27.603701
NODATA_VALUE NaN
[rows 23 to 45 of 192, columns 0 to 52 of 155]
0 28.0791907911 28.1562300624 28.1448447646 27.645563512 28.0852464785 27.7842240983 28.0872607242 27.5291373081 27.8411989976 28.0788981289 27.5883853475 27.83602012 55.3102720801 67.4435961672 67.4435961672 67.4435961672 49.4774962765 70.8460657749 27.9738980028 27.6483165246 27.7841417949 28.1594304329 27.5872898005 27.7719500501 27.6095066735 71.6351433466 71.6351433466 71.6351433466 28.0434988168 27.6221346442 27.8580078813 27.7890124683 27.7954038308 27.8269287599 27.7308106728 28.1681856623 27.8721445606 27.651058413 28.041417476 27.6001141773 27.681738016 27.5329191129 27.7817695163 27.7808054901 27.6996212912 27.9845389248 28.0245435726 27.7029460196 27.8625050741 27.8651661903 27.909511859 27.6079828866
28.1868124048 27.5004808542 27.8442685562 28.1224956532 27.8611328328 27.6376032082 27.9959172427 27.9464386044 27.6376863292 28.0199159574 27.6936509884 27.6374101303 28.0574257213 27.7852751885 27.7143501014 49.4774962765 49.4774962765 44.3323414096 44.3323414096 28.1179037303 27.667389897 27.8158052206 27.6271765752 28.2003501603 27.9246866221 28.1476181681 59.3524783998 67.6393174741 52.4136717099 27.7879455143 27.9804463057 27.9263180835 27.9210197618 27.5570771327 27.8642541641 27.9745815571 27.5986102918 27.8639463629 27.8802866825 28.0360768109 27.7173025179 27.5127839113 27.826017489 27.8962268853 28.1985516145 27.9697301983 27.5136243082 27.6620970329 28.2069105592 28.0171765544 27.79043566 28.160237963 27.8831131054
28.0631485072 27.6206942635 27.8466371277 28.1966969217 27.6209648799 27.6858868391 27.7336771896 27.5499327685 27.9235210614 28.0200379849 28.1160847728 28.1225622956 27.5029192273 27.5208098162 27.8411475738 27.8124623102 44.3323414096 44.3323414096 44.3323414096 54.3652929302 27.9360566675 27.8791284523 27.9762723401 28.1411104694 27.9961841841 27.9772159624 67.6393174741 67.6393174741 67.6393174741 68.9316537001 27.8555800973 27.5434466449 27.5834245153 27.9947824552 27.7545818946 28.0056421354 28.0862141802 27.785981137 28.183021551 27.591693521 28.1835273702 27.9680970635 27.8342728189 27.6275204887 27.6063181887 27.7590748173 27.8847793959 28.2040810073 27.9481891787 27.777567593 27.8381946385 28.0482790433 28.1304063619
27.9932216167 27.5809704779 27.926337912 27.5378150345 28.0281524063 27.9539959174 28.0226547009 27.6530586226 28.1512043394 27.6269715295 28.0080379183 28.1988297079 28.1833049149 27.602982419 27.5306984644 27.59802486 27.5891087719 47.5287662337 44.3323414096 27.6889150356 27.7410491908 27.6133594966 27.6446759869 28.0020661025 27.5818620962 27.8454892962 27.6594380334 52.4136717099 68.9316537001 68.9316537001 27.5820590575 27.8673836909 27.7821640789 27.8456096478 27.6996178019 27.8495295613 27.5030416854 27.7721786637 28.1916919201 27.8784832651 27.6898190402 27.8642469509 27.5779259482 27.8086392863 27.9517281436 27.6029279931 27.9242380641 27.5134840168 27.8542993004 28.0385297029 28.1239709424 28.163254105 28.1759028127
28.1482832475 27.6451245569 27.7637451592 27.7373236007 27.9461431 27.9104702374 27.6844594086 27.9429948822 27.5009623489 27.7718955573 28.069611786 27.995414556 28.0519926744 27.8084319141 27.6480804536 28.1587845361 27.6447784631 27.6136418659 28.0804195741 27.7122918464 28.1540037372 27.5715124403 28.0384816787 28.0846902953 27.9878724919 27.9719771037 27.7341851726 27.9285961579 51.7883736749 65.2375273078 65.2375273078 47.3624815858 28.136855019 27.9472141069 27.8891907775 27.7381324982 28.1529383428 28.1880436222 28.0654704894 27.6117608333 27.8838525953 28.0445108108 28.1277146809 28.0380041801 27.5615148104 27.7474854123 27.7375519946 27.9455569115 27.7099797809 27.510541976 27.993777874 28.1890832797 27.6662618998
27.9661052707 28.1614304858 27.5768074805 28.0657114884 28.0087257184 27.590878606 27.5614834549 28.0811610933 27.6868979308 28.1905040574 28.061315157 27.8377496299 27.60617765 27.7948913732 27.7272567745 27.6545455168 27.6259948132 27.8482651986 48.1543767625 48.1543767625 48.1543767625 28.1361098553 27.8248014547 27.6620507318 27.7738248056 27.9283760891 27.705479993 27.6272885209 27.7364705941 65.2375273078 65.2375273078 28.161488756 28.1492227391 28.1716442719 27.9167407796 27.9498252562 28.1821796045 27.8411974207 28.2065572033 27.9128525786 27.7079220266 27.6174509031 27.7824977445 27.8700019544 27.7582330801 27.9858682631 27.5212325244 28.0645432689 27.9209409369 28.0493941212 27.6118037489 27.9981989513 28.1767368826
27.9309612308 27.700239011 27.6890194399 27.5077865802 28.0216051212 28.0241862853 27.6368225264 28.1638902824 27.7842762692 27.6565134736 27.7607355935 27.5241903761 28.0899608524 27.7290474019 27.6371146881 27.9231893638 27.5616141744 27.935923915 48.1543767625 70.5896095671 70.5896095671 27.9129102246 27.7744990313 27.5681744214 27.5732903485 27.5562465442 27.6114738951 28.1931672511 27.8261572985 65.4065747559 28.1244092288 27.9349851452 55.0263445965 27.8802677991 28.005351625 28.1512372719 27.6889628438 27.7467048325 27.9853807722 28.2008648726 27.6175873329 27.9833306489 28.0503922301 27.7520766987 27.5775697855 27.6730371728 28.1936066312 28.0794568051 27.6994493282 27.8980459391 27.9605794016 27.8904335075 27.9996502193
27.8678315158 27.9805586341 27.7803010367 27.551589698 27.5202174748 27.764341152 27.6717547296 27.8699931728 27.7141830915 28.1492650132 28.1319972917 27.8639328151 27.9735768678 28.0429882964 27.544900005 27.734220629 28.0563409212 27.5958712076 70.5896095671 70.5896095671 70.5896095671 27.970169424 27.7373805655 27.9579136527 27.653528972 28.1085235464 27.5295786153 27.9790887962 27.8432329498 27.9793018373 27.6598381218 27.9992494953 28.0844698069 27.6119283483 27.867290765 28.0311046396 27.7669668766 27.7582871248 27.9563246686 27.6630003085 27.7925174917 27.6738537151 27.9106964907 27.5079524324 27.5009832116 27.6157454577 28.152140258 27.7824432206 27.999039273 28.0426754373 28.044310851 27.9254980818 27.9481111511
27.5145317743 27.8132911043 27.8379717979 27.511711284 27.964123352 27.9375496067 28.0678378931 27.9003717618 27.9543358238 28.1459061864 27.8642509447 27.6381216644 28.0164120599 27.8643230088 27.8736423291 28.1624778752 28.0115766907 27.7108397893 28.1700608849 61.3497079661 61.3497079661 62.8850413833 28.0107206157 27.6436259999 27.8824337648 27.5458352974 27.8358465567 28.080553357 27.8968931623 61.9642214749 53.0847970978 61.9642214749 28.0115621134 27.7671511763 28.1360711801 27.8534932073 27.5131329101 27.6992031997 27.6870027065 28.0621601159 27.7592432192 27.9244959102 28.0409019906 27.9058225842 27.936464433 28.1897455846 27.6109904146 27.5808181903 27.5205226827 27.996986892 28.0530800024 27.9310736524 27.669833643
27.8252254707 27.9698827049 27.7744627071 27.7739805548 27.594009853 27.5606388218 27.7471003042 27.7005952736 27.6141820881 27.8734585643 27.640005973 27.9121471675 27.7907612405 28.2041399344 28.173611979 27.6880946719 27.5394864807 28.058397061 27.7644462533 57.0693069627 57.0693069627 57.0693069627 27.5534056161 28.0757061765 27.7451780393 27.8184809914 27.545539606 27.6172728105 27.8083644251 70.4952733241 43.9252654359 70.4952733241 27.9426969442 27.630233494 27.8190404609 28.0753124037 28.1507764734 28.0563383991 27.6033539593 27.8127747349 27.8867536542 27.8377164476 27.7901556845 27.6612807322 27.6214802323 27.8594036509 27.8825599223 27.6885922022 28.108875424 27.9255774156 28.0899618434 27.9480145648 27.7343995129
27.5255146182 27.7676451854 27.5482773371 28.1977326889 27.7633765428 28.0814123647 27.5255964026 27.5882591077 27.5282469664 27.6318139638 27.8952633518 27.9701156141 28.1485989051 28.0929345924 27.6363642819 27.9891232343 27.6514384181 28.0751072161 27.8498699683 71.4033463218 59.6491664304 59.6491664304 59.6491664304 28.1678462447 27.9294665245 27.6674859306 27.6133564278 61.9919865405 43.9252654359 43.9252654359 43.9252654359 53.0847970978 27.9862954563 27.7035845789 28.0553332371 27.7999395256 27.8431776801 27.7236314635 28.1506313051 27.5277971434 27.502427857 27.6215740052 27.6116566192 27.9562996991 28.1304709746 27.697183176 27.7061967088 27.9535337503 27.5693189504 27.7075518857 27.8326382598 27.5412590594 28.0767891425
27.8057113922 27.8578624176 27.5379289515 27.5499379153 27.8989017279 27.8401148214 27.5021812806 28.092779526 27.6542185048 28.1900827242 27.6700388017 28.0478929899 27.8841345265 27.8702200339 28.138579132 27.9568559836 27.6762878242 27.8302826571 27.6136665103 56.7762230373 57.9799117786 57.9799117786 57.9799117786 27.6589370107 28.0469434306 27.609082816 27.7325110871 61.9919865405 61.9919865405 75.0168017547 43.9252654359 75.0168017547 27.750921147 28.1584761825 27.799666941 28.1257556633 28.0376057071 27.9854554938 27.8193665941 27.6546335581 27.5092974573 27.8168595475 27.7301369241 28.1889739638 27.8984187346 28.1930040255 28.0273257775 28.1497644792 27.8658895921 27.5635601653 27.9976235523 27.9175291055 27.6866100015
28.0415206821 27.7743263073 27.5309492723 28.0966100431 27.9422819335 28.0202014121 27.8297088475 27.8149277361 27.582852153 27.6252049741 27.8739756189 27.8661585597 27.7021261745 28.0166252646 27.5582121524 27.5157977187 27.5358612964 28.1182499026 27.8133290041 27.821737048 57.9799117786 57.9799117786 28.1202400679 28.127287721 27.9755305954 27.9285703688 58.3288486167 58.3288486167 61.9919865405 27.7970299718 75.0168017547 61.2726477097 27.7412680628 27.7408298442 28.0512715907 28.1894325671 28.1859352667 27.9257564004 27.9621443637 28.1761759388 27.7267500409 27.9525831361 27.8502606885 28.0848396355 27.8194819557 28.0018277372 27.7634704838 27.7094953681 28.1354093391 28.0448027464 28.0579208039 27.5822002145 28.148824691
28.1464705415 27.8697532546 27.5380688789 27.8712575311 27.7371651423 27.904891011 27.672728403 27.5279098975 28.0479265573 27.8120912081 27.6840917279 27.7005558818 27.6266018422 28.0689389343 27.8738203038 28.1030647296 27.8101035815 28.0517543958 27.6422240103 27.9704544507 65.1295781427 54.1663934885 63.2494481787 27.7642286381 27.5078568804 27.5903215083 74.1411303619 74.1411303619 58.3288486167 59.3541956854 49.2053838601 49.2053838601 49.2053838601 27.6594243399 27.918019677 27.8286931519 27.771069071 28.1030978678 28.0933078653 28.0228318153 27.8199099785 27.7003153954 27.9088784691 27.6524143306 27.5153554304 27.8661623661 27.5334177421 28.1947978958 28.1754909471 27.6384771663 27.6766007113 28.0796785828 27.6709642273
27.7676738896 27.575902303 27.5300426526 27.7550958165 27.8596418738 27.9817601052 27.5245106869 28.1744645321 27.7004917622 28.0824225491 28.0366680916 28.0324348142 27.8436122319 28.2016689828 28.0555599257 27.7433951361 27.7557396156 27.5565477322 27.7356552339 27.8043326194 65.1295781427 65.1295781427 61.0237694101 27.8776568954 53.3666313934 67.1670825435 74.1411303619 74.1411303619 28.1275754339 50.5421687185 49.2053838601 27.8395833019 27.6075648546 28.2050650128 27.6184529147 27.6913132097 27.8276224607 27.5075760151 27.6191464097 27.7862719766 27.6166920115 27.8219455713 27.7000742663 28.1621271366 27.9787515734 28.1485851331 27.7121736034 28.1199328923 28.0091485587 27.8956646583 27.818661952 28.1003826057 27.6892031446
28.1808026418 27.9707238075 27.6488048979 27.8109027228 27.9895208599 27.754555327 27.6451129509 28.0553627208 28.0715613855 27.6649995712 27.5257178777 27.9866428897 27.6206997672 27.7566608156 27.8572209549 28.131824367 27.8705562286 28.0573217553 27.5037914713 65.1295781427 65.1295781427 58.0644808265 70.7941801323 40.4036916774 53.3666313934 53.3666313934 67.1670825435 67.1670825435 27.9704710828 51.1722477894 50.6610989398 50.6610989398 53.5845011378 28.1326885377 27.7103598487 27.6537206312 28.1557439664 27.568846108 27.763853547 28.1509649962 28.033634779 27.8607171069 27.7064077734 27.8230020323 27.8864951914 27.6547863263 28.0766270283 27.609875872 28.1240970425 27.9022269594 27.5116596425 27.5007579726 27.8836611597
27.9230848766 27.9825535692 27.7649196091 27.8409662309 28.1942700838 27.9013559257 27.5529326615 27.8709391355 28.130143997 28.0830842135 27.5291977835 27.6260140834 28.045817026 28.1765439412 27.5862339411 27.9265312773 27.8485067873 27.880642137 27.5953201102 28.1140507378 58.0644808265 58.0644808265 58.0644808265 27.6357799874 53.3666313934 27.8489729895 27.8882184308 28.2031765458 28.1264049828 50.6610989398 50.6610989398 50.6610989398 27.6741211697 27.6712478644 27.8171919475 27.6624891931 28.047155579 27.6648307155 27.5736451886 28.0489407993 28.0686563585 27.5549067291 27.5411495701 28.0511704321 28.1958398689 28.0810728412 28.168358298 27.5692012467 28.0905769042 27.9636610295 27.5019054042 27.7911783366 27.9951243581
27.9562592382 28.1691535761 28.0614572024 27.599736426 27.5699982761 28.1651947697 27.6556790261 27.9032554354 28.1819684859 27.691738749 28.0296112773 28.1233528121 28.0636493049 28.1456767156 27.7000083962 27.9623056561 27.5797616542 27.9410214502 27.5217244338 27.952907095 46.8090029273 58.0644808265 46.8090029273 27.9412028303 40.4036916774 65.1115897158 65.1115897158 27.6156344413 45.6177006442 45.6177006442 45.6177006442 52.3133710686 27.6778300861 27.9687278513 27.7956096539 27.5945287259 27.8561391553 27.8436835623 27.8993619596 27.9127726246 28.1195971425 28.1600684081 27.568950837 28.1037034124 28.1419982535 27.8772350582 27.6925361579 28.0247508129 27.6090812246 27.8879026665 28.0869888442 28.1207251036 27.8853277619
27.8018268713 28.0863890155 27.7307477366 27.7639473854 27.6975920106 27.7975641451 28.0381405192 27.8848605901 27.9627538375 27.7041211069 27.8433451017 28.1686967289 27.6087548295 27.7567188141 52.9137693715 27.5684044232 27.5763144252 47.4314473694 27.6664101884 27.9776590829 27.719885534 46.8090029273 46.8090029273 28.1930516546 27.8721743648 27.9488548109 28.1549718217 28.0540274846 62.700598658 62.700598658 45.6177006442 27.554201017 27.7741888631 27.8312233857 28.0865127287 27.7441634883 28.191956313 28.0041184922 27.5441615645 28.0494498554 28.0856778029 28.1691129756 28.0922786595 27.9315971317 28.1641188819 27.9027252853 28.1290985663 27.6494448241 27.9125046091 27.998956505 28.1064871357 52.8489882875 28.0020383231
28.1443090447 27.7658641043 27.7546416653 28.0790374237 27.7279287147 28.1956528551 28.0977733358 27.5000740637 28.1295127158 27.6210656443 27.9563390491 28.0977291473 58.4249544454 52.9137693715 52.9137693715 52.9137693715 27.9837686244 59.1532319564 46.9703074922 46.9703074922 55.863572846 55.863572846 46.7453244819 27.742165667 28.1456072012 54.2665857192 27.6004977137 27.7474137075 51.4677802118 51.4677802118 51.4677802118 38.9743527614 27.7908667629 27.6893502583 27.9798789244 27.978858298 27.6691654922 27.5166656386 27.8042117267 75.3668725284 50.596615986 28.0996984662 49.9909755331 27.8875608103 28.0839455161 28.0810922135 28.1029993668 28.1334804795 27.6321973372 28.173550801 27.7784995779 27.5240483406 52.8489882875
28.2063822571 28.1939610761 27.6715432959 28.0296407785 27.7637923594 28.1529143678 27.9290208226 27.613316193 27.9543019053 28.1222834982 27.9985063438 50.5271073414 50.5271073414 55.1711381793 27.6851843818 52.9137693715 27.9268387346 46.9703074922 46.9703074922 55.863572846 55.863572846 55.863572846 75.4987569825 27.7157827747 54.2665857192 54.2665857192 55.9073654965 55.9073654965 68.5471983495 51.4677802118 51.4677802118 66.9130459483 78.1002986215 42.9781373102 56.8015363879 42.6057925636 56.5513693146 60.6484816873 46.1167078274 50.596615986 50.596615986 62.4945619849 49.9909755331 28.1945509887 27.9571068782 54.434736546 54.434736546 27.6862218357 57.1768367225 78.092351099 60.6549945166 27.9529789484 52.8489882875
27.7095732078 27.5682455598 27.6915381073 27.6064998674 27.5217951048 27.6017804253 28.0933190691 27.6090101368 27.6792976186 28.0916472639 27.7038692227 50.5271073414 50.5271073414 28.0922878736 27.7200389099 27.8068954657 28.0987845118 59.1532319564 46.9703074922 28.1254456811 55.863572846 46.6766852715 66.3926596022 66.3926596022 54.2665857192 54.2665857192 55.9073654965 55.9073654965 61.336102741 61.336102741 61.336102741 66.9130459483 78.1002986215 78.1002986215 42.6057925636 42.6057925636 56.5513693146 56.5513693146 46.1167078274 46.1167078274 50.596615986 62.4945619849 49.9909755331 28.0965625525 48.40935707 54.434736546 54.434736546 57.1768367225 65.3107960185 65.3107960185 60.6549945166 44.8678820132 61.9878682674
28.182366591 27.9191367969 28.0142219534 27.6888284697 27.8909547492 27.918637531 27.7566218101 28.1844182279 28.1366095394 27.5829922613 56.5512395301 56.5512395301 56.5512395301 41.7477709838 28.1107535962 28.0314206896 28.1296973701 27.6628046359 28.1447885798 27.9335974521 27.5781575708 66.3926596022 66.3926596022 28.0633195247 27.6796605492 55.8422004326 47.2778385886 47.2778385886 58.3407397784 58.3407397784 66.5460699742 66.9130459483 78.1002986215 78.1002986215 44.0966923937 42.6057925636 56.5513693146 56.5513693146 27.5283382152 46.1167078274 27.7605511877 27.8297210873 28.094286552 48.40935707 28.1616419868 54.434736546 27.7667952202 57.0314328681 65.3107960185 65.3107960185 60.6549945166 44.8678820132 83.8322954403
