Spatial_Output/BAU/BAU_0447.asc
NCOLS 155
NROWS 192
XLLCORNER 196769.923733
YLLCORNER 449719.875193
CELLSIZE 27.603701
NODATA_VALUE NaN
[rows 23 to 45 of 192, columns 53 to 105 of 155]
30.5146645358 30.7162602793 30.9061758619 30.8707191942 30.7153259358 30.9980444405 30.7248951678 67.3320936454 67.3320936454 30.8619370879 30.8675692292 30.9749223474 30.5622342259 30.8131497154 30.6407876762 30.9938531349 30.9745101217 30.6386211943 30.558510903 30.8490857635 30.8875981505 31.1604624844 31.159688518 30.8583293337 30.5307364035 30.6404215025 30.5124251091 31.0181452487 30.9926763571 30.6955466774 31.1497686866 31.1544745854 31.1073203183 31.129133705 30.5262759673 30.6109086065 30.8705753566 30.8841125035 30.5566295007 30.6799993934 30.5443688928 31.0349193 30.9813471223 31.0947482861 30.8239253895 30.7439931388 30.596930838 31.0608730741 30.9571113614 30.5962638296 31.1432645806 31.0285017988 30.8119564317
31.0285773626 31.0054654319 30.800233269 30.7267533522 30.7680497045 51.3549900852 51.3549900852 51.3549900852 60.7869455902 57.6645011127 30.7933971021 30.5103890566 30.8031097006 31.2041802149 30.7312029456 30.5896119129 30.9061348738 30.9920823227 31.0088962059 30.6215341499 31.032438834 30.5777038543 31.2062180614 31.1766171564 30.8396056298 30.7624240574 30.9893518508 31.1574074955 30.9536307119 30.9995379299 30.8775474016 30.5956203566 30.5869501162 30.9183003011 30.8332163582 31.0177411286 30.8822504686 30.5656525715 31.0663469198 31.0691973321 31.0247332435 30.8445561875 30.9590524358 31.1706945012 30.6358013442 31.1362022822 30.9228744691 31.0969201174 30.698496643 30.7643750832 30.8652381752 30.804432399 30.7222290576
31.1878485221 30.9227520949 30.6904887194 30.7612570508 30.8042225006 30.7123998157 51.3549900852 51.3549900852 49.2788109921 31.0470351439 30.600724451 31.1578356215 30.6149930572 31.1148702961 30.9407103734 31.0600960266 30.6999968025 31.0478154888 30.8051222541 30.6221258881 30.5566451367 30.9356397086 30.6607740475 30.808779598 30.8473556022 30.8434973412 31.1737563157 30.9008875086 30.9737950483 30.7257237412 30.6927068296 30.7775915153 30.8366190621 30.6974213069 30.8667057855 30.6220910321 30.7977645575 30.5091749675 30.7094593405 30.5213835518 31.1953179266 31.1190441235 31.1861842278 30.7793312545 30.5303510978 30.8155905708 31.1690881115 31.2031300908 30.9161656945 30.6104149764 30.7661235409 30.7310094385 31.0096906472
30.728774808 30.6270968466 31.0456478022 30.7519971585 78.31122133 78.31122133 31.0433282865 31.0818773441 30.565109172 31.196740449 31.0492859808 30.8645072423 30.7762612727 30.5745819139 30.7374719676 30.6482180652 30.7971790388 31.1303412959 30.8283127117 30.6218999661 30.7512285287 31.100867143 30.5986873463 31.133830541 31.0820632517 30.993267211 30.7466149841 30.9613157806 30.8170447013 30.7284114606 31.1687719638 30.7740441881 30.9922700648 31.0950544655 31.0406693356 30.7999023126 30.7713623777 30.9559349942 31.0935597426 31.1240197944 31.0401773216 30.6565300641 30.7652385751 30.9461543918 30.8367055788 30.7883539209 30.9435407336 30.5814886145 30.9019049285 31.1732591437 31.0839524969 31.1317220145 30.7620420597
30.6352493544 30.9775957201 31.2062724091 30.6472941948 78.31122133 78.31122133 30.5246600889 30.9248461574 30.6571214509 48.8211619566 31.0854679857 30.9266351142 30.6658624812 31.0682156951 31.1055452574 30.6740567342 30.5658694283 30.718350589 31.0012268166 31.0222756058 31.0335414602 31.1230760846 30.8339136953 30.5237334652 30.5495785765 31.1141144791 31.0981794261 30.9056899687 30.7364078377 30.6392110362 30.8551559231 30.8002292523 31.14496902 30.840449674 30.5046467922 31.0679410449 31.1348914459 31.1812886624 30.5574438212 30.6154398951 30.5103257356 30.649489198 30.635154067 30.5447430785 30.9050469908 30.8439281269 30.6451737522 30.5165433828 30.5472126926 30.6456023451 30.529361105 30.8042507962 30.6078732348
30.651414866 30.950312481 30.5689930866 31.1114949133 42.8397086299 54.342610067 42.8397086299 31.1227163141 53.1987168858 48.8211619566 48.8211619566 31.1164342247 30.8029882937 30.5547783917 30.65559991 31.1648989359 30.8996738918 30.7917611928 30.9081033176 30.8487063174 31.1532192255 30.9791387191 30.5595192369 30.6199737887 30.9757849494 30.5580810503 30.8771052602 30.8806923889 30.8753672202 30.7942756972 30.661312122 30.5370701256 31.0755533094 30.5253129957 30.5334437521 30.5254059203 31.1273090543 31.1686001634 31.1520448431 30.918876478 30.7242859924 30.8143273813 30.9183278977 30.5996896785 30.9784006626 30.7410024894 30.8666490167 30.5538735427 30.8820130802 30.8387046409 31.0087813977 30.8277115295 30.5301745474
30.9981977716 30.8391193736 30.5064443675 30.9356799746 54.342610067 54.342610067 54.342610067 53.2030448916 53.2030448916 53.2030448916 30.5801325501 31.018282495 30.9969176152 30.6273836027 30.5737562476 30.652763848 30.8858085231 30.634104446 30.5811855034 30.7594992922 30.8567851494 30.9338764104 31.1619482931 30.5498063212 31.0590393659 30.7635771084 31.1485460647 30.6291268649 30.872094632 30.7927065884 30.8805986104 30.8077834939 30.7414022272 31.0175224318 30.775602881 30.7838191745 30.9693372354 30.8555951237 30.5690487159 30.6349121327 30.6110252366 31.0573959405 30.6678575364 31.2051697658 31.1433914574 30.5555372221 30.9248566559 31.1073271234 30.697527831 30.7786626102 30.9288465421 31.0100500042 30.9578612061
30.9108316584 31.1087319876 31.1955595748 31.0503937743 31.0877506406 54.342610067 31.1530449132 53.2030448916 53.2030448916 53.1987168858 30.9457539568 49.2494152521 53.2042603146 30.9562165499 30.7525882836 50.2138101085 30.7497539978 30.6867435347 31.1268257744 31.0021808586 30.8140228027 30.6599250863 31.2052267854 30.7293136027 30.5300660797 30.8864929756 30.9233943002 30.7064955431 31.02400329 30.9390500195 30.7025941549 30.6054955956 30.9340033498 30.5759656752 31.1030452117 31.0765186464 30.5838424761 30.8759856287 30.720501627 30.8778700311 30.8700112116 30.7096516238 30.7075291765 30.8572897911 30.6244637247 30.8170375475 30.6015340749 30.5284034341 30.7632948927 31.035906842 30.8444703538 30.9562739608 30.6278457291
30.5787440788 31.0204092043 31.1273299052 30.8265173572 30.6740951717 30.8063828064 30.5981351975 31.0192275151 53.2030448916 31.0643103951 49.2494152521 49.2494152521 49.2494152521 52.8504604401 30.8368279183 30.9947604024 30.9395067712 30.8868489522 30.6587195026 30.6237853054 30.6258107511 30.6754678654 31.051713774 30.6805622501 30.9272934303 30.5056739087 31.1432102935 30.721155088 30.6012753229 30.5372129078 30.8655375768 30.6528545582 31.1400528188 31.0891060789 31.1744612509 30.8075744332 30.8000139967 30.607727822 30.9551277458 30.9283979424 31.0854583463 30.8445817721 30.9672862123 30.5249994446 30.5798011775 30.7860737442 31.1977818997 30.5170746093 30.6232878598 30.8044456566 30.5000612853 30.7886780293 30.9825014511
30.6360594169 30.6641965901 30.7160265213 30.5136174428 30.9703650325 31.1717293473 31.03403682 30.9896289257 30.5340134572 31.0732574376 49.2494152521 47.1092663684 47.1092663684 47.1092663684 30.6879790242 60.9787012763 60.9787012763 61.9341898274 30.9448491109 30.8823427456 30.7583996284 30.7719863457 30.6917867464 30.7818558875 30.8996065585 30.93366876 30.6582356113 30.9612233087 31.0993932786 30.6964762442 30.5665697648 31.1243756474 30.971594824 30.7748509464 30.5643328751 30.7264266386 30.6585305321 30.8929574542 30.9505755995 30.6625508497 31.1544760736 30.8923337258 30.5673837197 30.7473859564 30.6821967036 31.042699955 30.7763780659 30.8552868139 30.7820511846 31.1474323909 30.5316316264 30.5939634349 30.7785091472
30.7904160795 30.5902091142 30.9991142153 30.9239358397 30.5175005969 30.9105616909 31.2048542812 30.6376407088 31.0797904899 30.9575078577 47.1092663684 47.1092663684 47.1092663684 47.1893018838 31.0160307935 30.7513220231 46.7905443671 46.7905443671 30.9604701464 30.5230997902 30.7437173488 30.8822077624 30.757922989 30.6513951145 31.0319521838 30.7271914783 30.9418108619 30.8268832988 30.8448068207 31.0261010203 30.9110488552 30.8265791844 30.8106600969 30.6343662327 30.8868702633 31.2011997094 30.7323555797 31.0800265636 30.8122359884 30.8857047175 31.0435849561 30.9807600619 30.7220239092 31.1202081931 30.5630662026 31.2025736921 30.9523542145 30.6130762248 30.9924441752 30.6427194824 31.1905370421 30.9221262385 30.7099659578
30.9122637913 31.1843281541 30.7503872788 30.6885629583 31.0759788512 30.9665341566 30.6270645734 31.1809508942 30.7541972706 30.9309121154 30.8920803977 30.8971870506 30.781351265 30.8375370513 31.0350660188 30.9612887938 47.04208694 47.04208694 47.04208694 30.7765507755 31.1506500316 30.634970952 30.8447324938 31.0151344712 30.8654924669 31.0722866175 31.0154752138 31.0043952755 30.9848619311 30.9445140408 31.0291069374 30.7308049938 31.0767893198 30.6684089037 31.2006446307 31.1798732738 30.933739338 30.6890079743 30.565457669 30.7416073576 31.0290957583 30.5511007516 30.5743767344 30.9440711423 30.8993170953 30.9608603076 30.89082434 30.5219691294 30.6495708257 30.5526627232 30.6199917837 30.6931919829 31.0267576026
30.6351328336 30.5364258162 30.6041987171 30.8674486449 30.5819616975 30.5102375622 30.9220710255 30.501751023 31.0369845541 30.9150610706 30.5544824845 31.1707098886 30.8497832193 30.7389981036 30.8298826219 30.8645543059 30.8949818234 47.04208694 47.04208694 47.04208694 31.0903623088 30.6034959205 31.0612930883 31.0548299972 31.2025075365 30.7307585292 31.0923846809 31.0181218626 30.5235561625 31.1471537211 31.1849026956 31.0082516486 30.8799026463 30.8620062193 30.566569759 30.9765761188 31.010561822 30.5556151612 30.6447181985 31.0681668653 30.8576276452 30.7269169012 31.1353637777 30.8525613664 30.5573190583 30.6023078272 30.6611793385 30.961805271 30.8669459619 30.6643963947 30.7421021576 30.7075662954 30.9241712036
31.021376045 30.6256319565 30.7915730495 31.0001515989 30.5008212042 31.0370957529 30.5744016511 30.8338274831 31.0656720594 30.6398632773 30.5585498111 30.6719911103 30.5190143551 30.8350617333 30.9757330906 31.0061886292 43.5823027498 47.04208694 62.3269972772 30.7397012705 30.8415878366 30.6395852111 30.9454377997 30.6489485097 30.62143066 31.0017901868 30.8973502412 30.8497011764 30.6903567289 31.0738415094 30.7679972555 30.9961204886 30.9618025032 30.776562366 31.0672715416 30.5257628618 30.6126557998 30.9753042417 30.6502113362 30.5655316094 31.1014563992 31.0542294049 30.6625078513 30.8835374997 30.6669096699 31.0879307872 31.0405026227 30.9736093575 31.0518528075 30.8342492809 30.8382224486 31.1177596279 30.5755526902
30.5041351368 30.5778845544 30.6341790209 31.1579014071 31.1108461732 31.194434286 31.0635604476 30.7077405041 30.6010938673 30.7320192882 30.7867100391 31.1224653726 31.013139974 31.1625172093 30.8402932179 52.2224851813 43.5823027498 43.5823027498 56.5196447546 31.0976572565 31.0405760156 30.5569656043 30.597569137 30.7450553265 31.0084596006 31.02178842 30.9860780601 30.5659277242 30.58724351 30.9274676891 30.6910610976 31.2038168361 30.7260356239 30.842584891 30.5372002182 31.0724045679 30.9291027633 31.1438447961 30.6686460026 30.5156761519 30.5427460967 30.7172225516 31.1300460316 30.5376868119 31.03368709 31.0234951059 30.549813401 31.0086666752 30.9149339279 30.8408368079 30.7377893906 30.5040747514 30.977843764
30.5095905222 31.1120758026 30.8306451854 30.8090688781 30.753970879 30.6453174899 62.2605115503 30.7367211659 30.5414053044 30.9023348719 30.9845286246 30.7541451457 30.5784548027 30.8831991516 31.171948096 31.1087991705 30.8802254512 52.2224851813 30.7475480024 30.6525076998 30.9011083605 31.0617366403 30.9085323967 31.1981879847 30.7445532963 30.7003506849 31.0976280371 31.1675132711 30.939196651 30.7083215826 30.5212420489 30.7790796519 31.0705988403 30.9434860706 31.0296510691 30.6695371027 30.8077253348 31.192070805 31.0501374201 30.7541278176 30.5878212869 30.8510894818 30.7448994163 30.5713205487 30.7778429886 30.7365720216 31.0907385482 30.5595034098 30.7552874008 30.5746151589 31.043734876 30.7491427636 30.6319029064
30.8342465282 31.1759102443 31.1990580184 30.7795625867 31.1093169958 64.7729202567 62.2605115503 62.2605115503 62.2605115503 30.667089183 30.9367400473 30.7027690095 30.7371698712 30.9505411608 31.1314194329 65.2205771095 65.2205771095 65.2205771095 30.6200261292 30.5425776058 30.8354156162 30.9961788991 31.1192085188 31.0007806991 30.7490077109 30.7059729982 30.9394688032 30.5088590122 31.1174027479 30.6671814885 31.2013030021 30.5373923689 30.9923142944 31.1723314149 30.934975644 30.9553108036 30.6850612474 30.6642059121 31.1111753914 30.575660834 30.9460891663 30.7738534969 30.7661572494 30.5367302644 30.5716615953 30.845779222 30.9189296941 30.6433358847 30.9783092671 30.9485707898 31.1104205232 30.5568564706 30.8511858925
30.6736003991 30.693050934 31.0553150932 30.6332751519 30.7522433358 49.2996655632 62.2605115503 64.7729202567 30.727726091 30.7821403857 30.695870457 30.8886176898 31.1514437284 30.9279640275 30.9363183443 65.2205771095 68.5993120902 65.2205771095 30.7662057618 30.6726566703 30.8286106332 30.534912464 30.7478318383 31.060497567 30.6751121192 30.9078495689 30.9583972067 31.1707668827 31.0593053924 30.7722189184 31.0620113811 30.7045298671 30.9887374701 31.0095079419 30.8612467931 30.9113830445 30.9142206585 31.089922586 30.6265456534 31.022523779 30.5038298885 30.5054843174 30.6755568521 31.0325343464 30.5933069045 30.8208968835 31.1053498132 31.0164828674 30.9860758523 30.6461915266 31.0439862762 30.9144421926 30.9946430101
31.1032776994 30.5912668154 30.9124821177 30.8834774468 30.6331399383 48.7615967819 47.027425971 49.2996655632 31.1094707851 30.6080386949 30.5394244731 30.7871179047 30.858133468 31.1607448065 30.8089483288 68.5993120902 68.5993120902 68.5993120902 30.8381041736 31.1539050664 30.8513549541 30.5257169957 30.5765992252 30.8740019466 30.7437486047 30.8678739933 30.9372077781 31.1524540715 30.641139644 31.0295928586 30.8135113973 30.8138272657 30.8685411488 30.6589580393 30.7332015172 30.8320755312 30.6890591076 30.7265662196 31.0082825637 31.108074868 30.683409755 30.5213059729 30.7036095989 31.1359845278 31.0048573379 30.6830521826 30.6280785629 30.8915067975 31.1128782532 31.0135736829 30.8401778257 30.6338447894 30.7073210717
49.5770545802 40.388372767 40.388372767 30.5008684677 31.0286825853 47.027425971 47.027425971 47.027425971 30.6549680301 30.9252563201 30.7219418791 30.5604070491 31.180602037 30.8293003775 30.5821074218 30.8116717177 89.6753357612 30.9288181554 31.0423821546 30.8285323965 30.8983650019 31.1541281712 31.1329656963 30.8498288802 31.0040454743 30.7091436364 30.9211166161 31.1370059327 31.0831618042 30.8281407005 30.6586768147 30.8643407295 31.0908167292 30.5338054882 31.1007713133 30.5477039884 31.0744389583 31.1230780049 31.2034265509 30.8466104523 30.5439796584 30.8969944431 30.7106411436 30.5213423529 30.7465414642 31.1739023717 30.8475240799 30.9619245132 30.8036448137 31.112367689 30.996750165 30.8951638741 30.8853925742
52.1665488937 40.388372767 40.388372767 30.6346554834 53.3308458658 67.3492086625 47.027425971 31.1585442063 30.913490091 30.8799570496 30.8226019944 31.1583128487 30.9413076214 30.9360480679 30.8478735425 60.4750884056 30.892702538 30.6365867066 30.7905527767 30.5442137017 30.6774402871 31.1245202018 30.8662202369 30.534513816 30.9150507095 30.8393951089 30.7055822065 30.7897669479 30.5590816869 30.7038421468 30.5298043223 31.0343979177 30.8547401439 30.6400607725 30.5126072654 31.0374242108 30.5093865437 30.6648738396 30.9514663521 30.5009291471 31.0436393153 30.7769318753 30.900026641 30.8209779345 31.1305064744 30.8014564152 30.9919627358 31.0075543336 30.7841128404 31.1487793286 30.8143094489 30.9597434172 30.9091581017
52.1665488937 40.388372767 40.388372767 30.6511780906 38.1540380139 38.1540380139 38.1540380139 59.2469597072 30.8486778162 30.9877221874 31.1591084407 30.9832836821 31.1842487574 30.5177308986 30.9952933017 31.0721553658 52.8608162842 30.7828060746 30.8798575368 30.8514874774 31.1650618835 30.5377730266 30.9959744188 31.1287431238 31.1705720893 31.0141081754 30.9151781813 31.1808102813 31.1538173864 30.8263326798 30.5998388897 30.5696043301 30.5093705544 31.1965578562 31.1093775236 30.7482662485 30.5513484788 31.1476661229 30.8085732228 31.1383605371 31.1094594434 31.1465521239 30.5451348601 30.7693352306 30.6946307531 30.6700270984 30.6862993328 30.5935307132 30.8467043017 31.1295183988 30.961862465 31.098147999 30.5323875515
44.4497513848 30.5246757514 30.8738891883 31.1174219818 59.0047001443 59.0047001443 59.0047001443 44.1650335731 30.8049165995 31.0737973417 30.5108350496 30.9722045457 30.7720753857 30.6235379397 30.7115113072 30.7961308515 31.012956292 52.8608162842 30.857460228 30.7831307294 31.0695883427 30.5407690148 30.5441147485 31.1724046996 30.5088959324 30.7689342768 30.7220059956 31.007070112 30.6291167082 31.2011051898 30.6153883101 30.8621026143 30.7073724033 30.6321187563 30.7647426431 30.6175932761 30.7034798159 31.0092149062 31.1492716373 30.9977985549 30.5721416453 30.7345796091 30.7276439597 30.626952316 31.0139290036 30.6618621874 31.1051789759 30.9117819643 30.7027971913 30.8849132258 30.6848228145 30.8172272023 30.7042407669
