Spatial_Output/BAU/BAU_0698.asc
NCOLS 155
NROWS 192
XLLCORNER 196307.867259
YLLCORNER 449144.565805
CELLSIZE 33.573938
NODATA_VALUE NaN
[rows 75 to 99 of 192, columns 0 to 56 of 155]
69.2314019752 80.1236992038 80.1236992038 58.3068292644 58.3068292644 80.4101538359 58.1193782535 58.1193782535 82.7754590203 72.2813109616 80.1200983016 58.3681737716 25.4159331154 27.3475509677 27.8563537294 26.9692103395 25.5427206138 28.6811896719 27.1404107412 28.7918065173 27.7448385879 27.4521693536 28.4048786393 26.0274494139 25.1635933635 26.9914362721 26.1516042976 26.7182165678 28.4847629166 27.6824704849 26.0076736757 26.9520013761 25.4883953408 27.6080449482 28.0089029026 42.8280088005 42.8280088005 42.8280088005 26.5923777637 26.0753603212 28.1943041394 66.6569233137 66.6569233137 26.3038978443 27.5144727108 25.3653508759 27.5573583802 25.1564089704 27.7296318276 28.8845422619 25.9199737246 27.3902424532 25.7753481713 29.1719701624 27.4873296554 67.1336532601 67.1336532601
0 80.1236992038 80.1236992038 58.3068292644 58.3068292644 58.1193782535 58.1193782535 58.1193782535 72.2813109616 80.1200983016 61.9326321587 62.5502868817 27.693657893 28.9796881705 28.6312094371 28.4864363138 25.0419872964 26.2743883563 27.4376864703 25.2430196423 26.9516289254 27.7006894946 25.3683203924 28.1052206085 26.7440416922 25.0417348865 26.6754592652 26.6022243639 26.7401034021 27.4323764652 26.3969353083 26.4010102339 27.4839424815 27.6700651139 27.5787005361 26.4777179365 28.9169840101 71.4977027499 49.4608750883 25.5746193257 28.1719794148 66.6356454824 66.6356454824 66.6356454824 26.9602464416 29.0684763157 25.7111723429 27.4274461789 28.500766555 28.5388411369 25.3592842262 27.9844207403 25.6694689079 26.1785755365 25.5893817616 25.9735122826 70.11184405
0 0 68.9333533432 0 58.3068292644 44.9185358791 58.1193782535 44.7119450624 50.2615269702 59.9807727217 55.9609285815 61.9326321587 25.7680833173 29.0908675856 27.9612473227 28.306261824 25.6570620648 28.0642251221 26.3574048525 25.2490554736 26.425752235 28.3616118399 26.6493052999 28.1936730093 28.6537283529 27.2862753012 26.4293139838 70.5249488233 70.5249488233 26.6389771189 28.3670229973 26.1906134857 68.6683386462 41.2361281666 42.05337086 78.1898901906 79.6909596906 77.0706077162 77.0706077162 28.6264599217 27.2653743255 66.6356454824 66.6356454824 42.0940792379 27.7051631748 25.2427200028 26.1229421953 25.803927527 26.4039379232 27.2428592289 28.7715458088 27.5909992029 52.0888263794 28.0034590666 27.0009681851 28.9016350977 27.221272883
0 0 0 0 44.9185358791 44.9185358791 44.7119450624 50.2615269702 50.2615269702 63.1178622253 62.8169080115 56.8047565188 56.8047565188 28.0743622713 26.5655365068 29.1584105934 27.9389637281 27.9228199175 25.9925164488 25.6685037949 28.9729252692 53.7697779557 27.8701344257 28.9995042851 55.1558674558 27.8299172264 26.9372583852 46.7216234844 46.7216234844 27.5813276777 26.0517608116 46.6161765513 68.6683386462 42.05337086 42.05337086 79.6909596906 51.9540351144 77.0706077162 77.0706077162 28.782511424 28.1420528625 65.2074240625 27.9433063108 76.505256099 69.8864030492 48.8270635142 57.473124846 28.1371442262 26.0983168075 25.1807907523 55.2285611317 70.4704093289 77.2235014935 77.2235014935 68.7600802571 46.5480230824 46.5480230824
0 0 0 0 44.9185358791 44.9185358791 44.7119450624 50.2615269702 50.2615269702 63.1178622253 62.8169080115 56.8047565188 57.9816101138 25.8899696385 27.6581749278 25.7813501203 25.1006961654 27.1548135153 56.4400706285 27.759315222 26.9486805009 25.2896507614 53.7697779557 55.1558674558 55.1558674558 55.1558674558 41.8778985694 46.7216234844 46.7216234844 28.9683826073 26.731673863 46.6161765513 68.6683386462 41.2361281666 42.05337086 51.9540351144 51.9540351144 51.9540351144 84.0727653 28.0553493952 65.2074240625 65.2074240625 27.221841384 63.2137402442 48.8270635142 48.8270635142 38.394867112 38.394867112 54.1658923969 42.3674231232 42.3674231232 42.3674231232 77.2235014935 77.2235014935 68.7600802571 28.9875642949 55.7069524978
0 0 0 0 0 44.9185358791 0 0 60.3958482826 59.9807727217 55.9609285815 62.365364434 56.8047565188 26.3256417942 26.5862442134 25.5247104598 26.4815866161 27.6118913418 26.6313138747 29.1192623645 26.0398627162 27.9061524755 53.7697779557 26.5394241094 55.1558674558 26.030266552 55.4146498176 27.9134483055 46.7216234844 26.9604942511 27.854901159 25.06480239 25.2716025803 27.835751134 62.2582583514 26.8496585103 51.9540351144 61.5852638464 26.3280900623 56.9529596312 27.4982799294 27.2645308407 28.7735064974 63.2137402442 48.8270635142 38.394867112 52.7350456119 51.2762189843 51.2762189843 60.7901206578 42.3674231232 55.2285611317 66.1522985807 54.3360025605 68.7600802571 65.2953346069 27.7189749216
0 0 0 0 0 0 0 0 0 0 0 0 0 0 25.6873557674 29.1291937867 26.7943334541 27.1274019368 25.9709801229 27.123148095 27.0902866816 29.1018857212 26.0241903725 28.4557201079 27.10339764 61.8350979387 55.4146498176 55.4146498176 26.6332203538 26.6555886566 28.0773473464 28.0704162062 28.1377430929 25.7125261733 28.8124257708 25.9406535073 28.7220226667 26.32014447 27.1165935655 25.8906823971 27.2950566678 25.4755359088 43.6299557648 70.1127861495 25.0985077751 53.5728169002 51.2762189843 51.2762189843 51.2762189843 60.7901206578 53.4771334397 60.0962209371 27.1875153676 28.5868407711 25.8657036946 26.9264301796 65.6356099029
0 0 0 0 0 0 0 0 0 0 0 0 0 0 26.964400503 28.9236937702 26.4991019823 27.1038736583 27.7046187616 27.3310509478 27.9433513953 27.9256612931 26.2771586729 51.9375364902 51.9375364902 61.8350979387 61.8350979387 55.4146498176 28.4072538876 27.533536144 27.4954167324 28.0074799221 28.0451271478 27.8475914585 26.1918460777 25.1026730758 27.6026366351 25.0425890483 25.4091318378 28.3228166939 26.5331742178 28.2780249879 28.5638960233 26.8662139119 27.7860097315 27.6173919488 62.4013906661 52.7350456119 49.355481187 51.2754723266 66.343476742 28.8306992027 25.4719572777 28.5849625076 27.8710644645 25.5897233886 25.3321507401
0 0 0 0 0 0 0 0 0 0 0 0 0 0 27.9840676405 28.0570744525 25.825967766 27.3455211593 25.1301558386 27.4063361575 62.0810440016 69.3212372893 69.3212372893 61.9893602061 61.8350979387 61.8350979387 61.8350979387 25.7202988425 26.8284340305 26.5546722285 25.7445215985 25.2278350799 26.6127121121 26.2212273136 28.954736739 26.5265246355 26.7662950273 27.8854552735 28.7664935145 28.6676563758 28.5193583154 27.2605986586 25.706457079 27.7916571033 25.407559984 26.9726108499 28.2181694373 41.8988843307 72.6935222657 41.8988843307 28.6411208974 25.0838392457 28.6541139753 27.3872568033 27.1164375088 25.8610681399 29.087995813
0 0 0 0 0 0 0 0 0 0 0 0 0 0 28.5341850007 28.849340523 26.3164476565 26.7161683417 27.206152963 67.1783022892 40.5003787058 69.3212372893 69.3212372893 69.3212372893 51.9375364902 51.9375364902 26.8730429615 28.3409267434 28.0299367379 25.4821948785 26.2915529605 27.4069222688 27.0862538033 27.506780274 26.7622625194 26.5007898731 26.6489705531 27.6886016624 26.9822617564 29.1239272052 27.8569151336 25.510438426 26.6929116932 27.6807438893 28.0812310101 28.5315096418 27.1308272364 72.6935222657 72.6935222657 72.6935222657 57.4119351831 26.3106352196 28.2343645025 26.6169018764 28.6631496276 27.2838267172 28.721680019
0 0 0 0 0 0 0 0 0 0 0 0 0 0 26.090383479 27.4389172756 28.8730965207 28.6066779126 38.7386784597 49.1999945858 40.5003787058 40.5003787058 69.3212372893 61.9893602061 25.1967202618 29.0536008992 28.2268622303 27.8278472091 26.6784210048 26.4441306294 25.0771814882 25.1529063498 27.7880791404 25.1354765369 26.8042614862 25.2978670806 25.9605727768 28.5015389888 26.65738897 25.1214933875 25.8523423376 25.6960610513 28.1447723343 27.0562040471 25.3530220316 27.2432261454 25.4244839662 64.0463958611 64.0463958611 57.4119351831 57.4119351831 63.1942209623 29.1919717442 25.1023799068 25.2710244524 25.1896364833 25.7957166725
0 0 0 0 0 0 0 0 0 0 0 0 0 0 28.8054997727 26.6223031517 27.3635811046 55.4287972422 55.4287972422 55.4287972422 67.1783022892 40.5003787058 27.1087467978 28.7042818505 26.3325741806 25.8435301705 26.9216536078 25.7704880419 26.6571546722 28.7705414122 26.9405702575 27.8485345506 28.4127395541 25.8105486403 25.8237170703 26.0346585356 27.4568220225 25.3753140813 25.4084891599 29.0776915742 26.0135037815 25.6677062867 28.4373639791 27.167988279 25.2764986326 27.7530496363 28.1695551307 64.0463958611 64.0463958611 64.0463958611 42.7984368518 25.5685890992 26.6136299933 27.5579683132 28.2488840005 28.4831302091 27.2062820279
0 0 0 0 0 0 0 0 0 0 0 0 0 0 0 25.738383936 46.8598338121 46.8598338121 55.4287972422 55.4287972422 26.983718312 25.3182680146 28.4696762536 25.1042681351 28.0993647892 29.0555645217 26.6415079017 26.7380022831 25.5721643406 28.5370375451 27.8405429531 26.7630142678 29.1048413774 28.1738449118 26.8694636086 28.2091264483 25.3060302946 28.2635311034 26.47344693 28.0622820164 26.6096465312 27.9840699736 25.7042597152 26.7962167101 26.8284862871 25.4910793431 27.9340281508 58.6975287628 53.6378059715 53.6378059715 53.6378059715 53.6378059715 28.9170088841 27.6250978247 27.4169407285 28.8764214313 26.1376835488
0 0 0 0 0 0 0 0 0 0 0 0 0 0 0 60.395817311 46.8598338121 46.8598338121 46.8598338121 25.2178272096 26.006939977 27.4842732789 29.2183857163 28.7175035142 27.5114756515 29.0811146555 28.6350458185 25.9971064607 25.9327951589 27.2326617282 26.7778376485 26.9398650081 26.7710773215 26.0439781941 28.600187247 27.7091012133 27.7509790063 28.3107427587 27.157256441 26.1371228252 27.1346947624 26.9594062141 28.3410678595 28.0476409768 27.6217601413 28.3861353743 26.4556282339 45.0067161159 81.9936521234 53.6378059715 53.6378059715 58.5600490591 25.8721914542 25.2647540933 28.4967451441 25.1870589562 25.0318284117
0 0 0 0 0 0 0 0 0 0 0 0 0 68.3048298922 39.6796489676 39.6796489676 53.9159802532 46.8598338121 46.8598338121 28.739300256 26.3254187789 28.1079474871 28.1668544057 27.9587664838 28.8466981499 26.8550457541 25.2296755203 27.1486640154 28.7534813321 28.3002313987 27.4637644218 26.4049010239 25.9839766263 28.4553278466 26.4964767006 28.1628518015 27.6716899973 28.5846160781 28.9436730197 27.24808826 28.0836567114 27.2151287993 27.9200316802 28.8836519757 25.7208355159 28.922847459 26.4733784837 81.9936521234 81.9936521234 81.9936521234 64.3172057759 28.7177735179 26.8276662578 28.2712497859 29.205033829 28.4096599318 26.8932713983
0 0 0 0 0 0 0 0 0 0 0 0 18.3013270227 18.2596740413 18.2596740413 45.8018634401 48.0364631131 46.8367987872 26.1662854534 26.2618601418 29.1406414841 25.6487235868 26.7742474302 25.0840659869 25.1101093388 28.895581083 26.0755154878 29.0985799171 28.9423685896 27.3714059167 25.3490706757 25.8191655292 27.3035180414 26.2497525253 28.952664504 26.5749611085 27.3753102241 26.2485727422 26.3612890341 26.745546289 26.1611535355 28.2410901659 28.8157285154 26.71204152 25.5369782385 25.6975061394 27.5942946719 57.5551991276 46.9093504017 46.9093504017 64.3172057759 50.7274453544 26.1791169985 27.7442198214 27.30668098 28.6996316447 28.4981171044
0 0 0 0 0 0 0 0 0 0 0 70.7595675087 42.3747843954 18.2596740413 18.2596740413 39.6796489676 48.0364631131 0 0 27.469977167 28.3280724144 26.2148636291 26.2213110712 27.9435509124 25.446961538 25.5889041033 27.0154766044 28.160917612 25.4318764301 27.1585151175 25.6350429723 27.4902567684 28.4899102366 28.8765987053 28.3866887798 27.6622529838 28.5502014105 25.308712224 26.4108101325 27.6637299435 27.8656754333 27.1182305605 26.411917181 26.0904154601 27.5966451884 26.7203237689 27.1190834984 46.9093504017 46.9093504017 46.9093504017 25.9457623907 26.5852530002 26.4357373049 25.7855578338 29.1770945809 26.7650162539 26.4534663854
0 0 0 0 0 0 0 0 0 0 41.4496405668 64.6498997949 64.6498997949 43.1758940559 44.5893555753 51.5696307276 0 0 0 27.3962389861 27.6721348457 27.9870375989 28.463258959 28.772077271 25.9560004945 25.4092747053 28.5822817037 27.1705872591 26.8093293876 27.9507189766 26.915567722 28.6685939579 28.5365207927 27.0320442248 26.7007090908 29.1169886567 28.6819244709 29.1585894068 25.3582374429 27.9461930027 28.8258616879 28.1640600347 27.1504238385 27.4851490473 28.0547769881 27.3029285084 25.9053287425 58.5321211565 27.9953908627 58.5321211565 35.966581138 27.4421510223 28.1632958602 25.6525709661 27.692497453 26.2717355215 28.0863662701
0 0 0 0 0 0 0 0 0 62.9879967022 59.5339409618 64.6498997949 64.6498997949 64.6498997949 0 0 0 0 0 0 26.5242854251 28.8647752852 26.047218406 26.2709315421 28.0466472516 26.6727032046 28.3144922445 27.4977265484 29.1607512075 28.679105593 29.0177390292 25.2985489644 28.0875339795 26.0987028703 27.2370428261 27.3100721043 25.8120367266 25.029754228 27.2141757157 26.8360561377 27.375369472 25.6225265156 25.9884167806 25.3857060676 25.6791880382 26.7667439387 28.9213129702 25.2896900593 29.2282171902 27.864561281 28.6524507398 27.405623656 27.5162573613 25.0359824657 25.3245950965 25.0809783357 26.7686094346
0 0 0 0 0 0 0 0 62.3195812271 62.9879967022 59.5339409618 59.5339409618 59.5339409618 0 0 0 0 0 0 0 0 0 27.4746326752 29.0984212477 28.5130808832 27.881184568 27.2325202348 26.4147787175 28.2001508153 27.6433324759 28.7063258601 26.183610515 27.4046740657 27.5815366143 28.9666791062 27.7472273119 25.607164123 28.6052058853 28.3154671764 29.1000456351 28.638835738 26.9820934741 26.7333784155 28.6451639777 27.515449952 28.963477386 27.3327532884 28.4554487548 25.6575028532 25.0807838127 27.2691211812 25.2907450388 25.6348197289 26.9389504618 29.16970737 26.3484874046 25.2259210989
0 0 0 0 0 0 0 42.9091271911 42.9091271911 62.9879967022 62.9879967022 50.8546560167 0 0 0 0 0 0 0 0 0 0 27.2061516349 25.2248740487 26.6368408138 28.3537051444 29.2332828515 28.0091061039 26.585749745 27.4452471839 26.6322786743 28.0669678293 25.6565660287 25.7898275603 25.7309949891 29.1800907414 28.6023580243 27.080380868 26.1685665953 26.1177463689 27.514946189 26.5072498309 25.1945019827 27.2639210177 26.4128554778 28.8830831077 27.6018570765 26.5155919496 26.59713131 25.6560326776 28.4924405747 25.0479903658 28.3096288558 28.2762200635 28.9017229785 29.1091822884 27.4107886495
0 0 0 0 0 0 0 42.9091271911 42.9091271911 42.9091271911 62.3195812271 0 0 0 0 0 0 0 0 0 0 28.7776380536 25.6469977077 28.2445670678 27.7312223374 25.1827479347 28.3919756915 26.1666529576 28.1787594236 26.2736382727 26.0007747782 28.2001623881 25.6067140212 29.0741448689 27.4249545771 51.4939397499 25.9999616937 52.4402972265 69.377988828 65.0604486386 52.0308550419 26.395740518 25.2938440265 39.3394570177 27.0943810877 26.5633643596 26.6649812665 26.1993254912 27.1304766821 27.4830821874 26.3481826957 26.9187827782 25.9586441972 27.3095722005 67.5017770735 25.3516381577 26.8920353192
0 0 0 0 0 42.4616432375 42.4616432375 41.5839877636 41.5839877636 0 0 0 0 0 0 0 0 0 0 0 28.7273407807 26.1491415356 27.7824143589 26.8417657262 27.9447732639 25.5648299352 26.5321939673 29.1790729065 29.1309589962 27.6969898354 29.1032467737 27.3396170556 27.4904960817 44.6426798033 83.0404298093 83.0404298093 42.072109605 52.4402972265 52.4402972265 65.0604486386 52.0308550419 44.0407795221 67.0588833798 67.0588833798 37.5962804061 40.3913412024 46.1602799047 27.9783029475 27.1825074926 60.6612212563 25.1349763126 26.7232509688 27.5568404405 67.5017770735 67.5017770735 26.4355055218 28.072915967
0 0 0 0 0 42.4616432375 42.4616432375 42.4616432375 0 0 0 0 0 0 0 0 0 46.2433281802 0 26.8321362508 29.0050303331 27.5753144171 27.4716374588 26.7061168064 27.5250927854 25.2835711288 28.7797196064 28.0953620727 27.3394163258 28.9716727471 26.8995795705 28.7014446581 26.1992713643 60.2541803649 60.2541803649 83.0404298093 83.0404298093 52.4402972265 52.4402972265 65.0604486386 44.0407795221 67.0588833798 67.0588833798 67.0588833798 37.5962804061 46.1602799047 46.1602799047 46.1602799047 28.7462943386 27.7355658262 26.8556390525 28.573150568 26.6813237334 67.5017770735 73.02741814 73.02741814 73.02741814
0 0 0 0 0 0 0 0 0 0 0 0 0 0 0 0 46.2433281802 46.2433281802 46.1376829441 47.1594175295 28.0787011395 25.0637996106 28.5238936029 27.1284653357 27.3190639333 28.5985459959 26.9543227196 25.3838338207 26.0006587125 27.1975777948 25.361664911 26.3546782787 70.7469756362 60.2541803649 60.2541803649 60.2541803649 83.0404298093 42.810719491 42.810719491 65.0604486386 52.0308550419 44.0407795221 67.0588833798 39.3394570177 37.5962804061 40.3913412024 46.1602799047 28.7392782444 48.5444724618 25.1854417612 27.9295750647 26.8948805145 28.3119084177 25.6508089034 73.02741814 73.02741814 73.02741814
