Spatial_Output/BAU/BAU_0040.asc
NCOLS 155
NROWS 192
XLLCORNER 196307.867259
YLLCORNER 449144.565805
CELLSIZE 33.573938
NODATA_VALUE NaN
[rows 104 to 129 of 192, columns 57 to 113 of 155]
45.9870497715 45.2420979044 45.5827920573 45.384542246 45.1096296852 45.3438967227 46.1271015712 45.3642499341 46.3865458377 72.1940408844 53.4262620479 54.3576183843 54.3576183843 70.1442432776 65.7864727038 65.7864727038 45.600266192 45.2598350356 45.8775966999 46.1704684645 45.548427482 45.5703467818 45.6565501956 64.9879607778 75.3890600822 75.3890600822 46.3537407268 45.3084778959 45.4205130765 46.1623793004 46.3220126387 69.1139790474 69.1139790474 69.1139790474 45.3423899778 46.0641416878 45.0687077881 45.5665032679 45.670229818 45.2417551439 45.238579246 45.5844490883 45.239248852 45.2159247234 45.1814304046 46.2597238783 72.4621012461 72.4621012461 72.4621012461 45.3346285787 45.5643551203 45.2819184399 46.0513167848 45.8296919057 45.8978766868 45.4936592819 45.7233261025
46.3718875912 45.7926159807 45.957403272 45.7790688462 45.8712891699 45.0342760973 45.175855204 81.2513562902 46.0658281373 45.4962538206 46.2701421608 45.9192215801 46.2619465232 46.2562873918 65.7864727038 65.7864727038 46.1490014529 45.1467355073 45.6120102277 70.8763028916 70.8763028916 64.9879607778 64.9879607778 45.3581683944 45.4798120196 45.5153674987 45.6539120878 45.2891425672 46.0657868944 46.1255920834 45.7306271291 59.9607173165 69.1139790474 68.1622066212 45.0615730416 45.9065457257 45.9245378978 45.3809296084 45.5274684962 45.2121756254 45.1118706503 45.4636456873 45.0244989499 45.9636367573 45.0709157286 45.5927326391 61.0621379759 72.4621012461 46.2722053129 45.448352924 45.5057286596 45.8122944961 46.2484336506 45.0614234018 45.9707137752 46.0578678428 46.2469962147
45.2319149933 45.4222905591 46.3885462008 46.1884829663 46.255974017 45.1233262689 81.2513562902 81.3906496567 81.2513562902 45.734163672 46.0931478851 45.6219937446 45.9505188994 45.1074072311 45.3365355656 46.0831107325 45.516048012 45.0169938838 46.1579517831 45.9215398805 46.2003829123 70.8763028916 64.9879607778 64.9879607778 45.0320263158 75.3890600822 45.2831898058 45.6678776453 45.9750460745 46.2162243507 46.169689796 45.0462606337 46.1238647785 45.2117769442 45.0921326073 45.91214571 45.2990379929 45.0713007341 46.4083734105 46.0102804454 46.1501373032 45.742608919 45.6424694527 45.273053374 45.8384987357 45.3742770726 92.7432884574 46.3937092581 46.0677507235 92.7432884574 45.9575461932 46.0107411157 45.6433894857 45.392571745 45.7690582475 45.9796296984 46.027520719
45.0644228111 46.1988571701 45.6037791785 45.8356800981 45.6878024099 45.0263162651 81.3906496567 81.3906496567 81.3906496567 46.0593258829 45.3046765494 45.8178552772 46.0593275117 45.0120388646 46.2420637225 46.1219245381 45.2060749773 46.0096623319 45.9109882785 45.7801385138 45.3574056642 46.2578889879 45.7079419772 45.2184979179 45.7164014647 67.0013108179 46.0133760925 45.9566285226 45.8884554498 46.0187160322 45.2533798568 46.335659545 45.3621475281 45.6800398717 45.8473294155 45.9638662563 45.6014728822 45.02660685 45.5430025482 46.1446178224 45.5990359158 45.0825389508 45.5404547293 45.9108205761 45.5887657349 46.0018592329 45.056725885 45.9981174446 45.4484394511 45.1418429104 45.1507021124 45.8053828688 46.2513763087 45.9072326705 45.4173715449 45.019243888 45.1164011587
45.2797242992 45.8354917707 45.3357011013 45.2800157487 45.2852180607 45.3064375128 81.3906496567 81.3906496567 46.0077684073 45.1460849648 45.4355657833 45.2139064718 46.1514133108 45.7956173257 45.9726540156 45.8538743323 45.7650294182 45.6061822889 46.0065581439 45.0811099449 45.7466723734 45.3721626261 45.514859431 45.7353933785 45.7280405629 45.1694847785 46.2327729638 45.3176157769 46.1453638289 46.3772400599 45.2978179283 45.5563701157 46.3767884988 46.1746355628 46.2869300228 45.9408342767 45.3011725693 46.09711287 45.8572314521 45.5199362448 45.6540448395 45.0621082494 46.2092134522 45.6113114832 45.5243749074 45.4521433766 45.2593126971 61.4846222789 73.4386283865 46.1003260343 45.726417339 45.6529622755 55.6186610195 55.6186610195 45.7619486047 75.6760897744 46.0127375506
45.7336734504 46.0646230909 45.5715874139 45.3169576337 46.2454051869 45.8594496184 79.9940234588 79.9940234588 79.9940234588 46.2870472412 46.2300546033 45.9545275925 45.7464857781 45.1390322964 46.3241922314 46.2387132031 46.1774701422 45.5075550706 45.260843456 45.3044760511 45.3126900438 45.6111972495 45.0138114007 45.4713544174 45.0250057921 45.1470021208 45.4321244413 45.5096562806 45.9148244181 45.8757223897 46.3288662411 46.1233780426 68.3572335443 74.0552128203 45.5773834149 45.3885021324 55.0104875907 64.359892568 45.6000116102 45.8756670029 65.2118454991 45.7448215637 46.104511925 46.3846826605 46.0586565617 45.7410298393 46.299605727 46.0549708145 45.2986901102 45.1581341633 45.0594701255 55.6186610195 55.6186610195 55.6186610195 75.6760897744 75.6760897744 75.6760897744
46.1969300649 45.3280828656 46.3092392825 45.0868765863 45.2326783538 46.1611969394 79.9940234588 79.9940234588 73.0424848319 45.137418436 46.2278655987 63.3081663804 45.4666877636 62.9061046106 45.830929046 45.1900174702 45.0818941496 46.2309938756 45.7231398746 45.2240740277 45.9453093896 45.2059659702 45.7326280535 45.7527992745 46.3769830261 45.842765167 73.6766302587 73.6766302587 75.1050786357 73.1393455162 73.1393455162 68.3572335443 74.0552128203 74.0552128203 45.2303056394 45.1364234273 64.359892568 64.359892568 45.1865137891 65.2118454991 65.2118454991 45.6852527438 46.0299238837 45.0011980339 46.198089308 46.4061710025 45.5697091848 59.8562301549 45.606480987 45.4863026679 79.3566420617 45.2799055722 55.6186610195 55.6186610195 45.8072915469 75.6760897744 45.8254662765
46.0126725699 46.1209821545 45.5666076508 45.2375423196 45.9991466609 45.5896500422 46.1460844973 73.0424848319 73.0424848319 73.0424848319 46.1923844641 63.3081663804 63.3081663804 62.9061046106 45.3663589666 45.5576672736 45.7047451098 45.9650183202 45.7239516903 45.1503162044 46.0441500047 46.3691236462 45.4143056406 45.4756984119 45.1540822327 45.0516486174 45.1376958835 45.3343334008 45.4839084155 45.2072822918 73.1393455162 46.2948929833 74.0552128203 74.0552128203 46.121380968 45.9516355481 45.5448778431 64.359892568 45.9382711354 45.9922633976 65.2118454991 45.6429310781 45.6070148474 46.2488307355 46.2639095439 45.7014048981 45.6039036284 59.8562301549 59.8562301549 45.9341412959 45.446031324 45.7700549124 46.1529795671 45.7717214469 46.3585315895 45.3589144355 46.3562302777
45.5651200105 45.5988343835 45.1243125479 45.0288061053 46.0891124086 46.1080458141 45.0152019832 46.0904075875 73.0424848319 45.2825943788 46.2539714992 63.3081663804 63.3081663804 46.213698394 45.6491923373 46.2990432131 46.2505147725 46.1049455487 46.0519141542 45.9761214156 45.1408170691 45.849194004 45.0864565216 45.0284552729 45.6834336174 45.6536677589 46.2761809666 45.6605040476 45.3363396389 45.8299976262 45.2396055437 45.1242924103 45.2230549923 45.8127987832 45.9227845215 46.1667257304 45.8783433277 45.3825291963 45.4459987987 45.7354314913 45.0719440125 45.7253476964 45.1316888397 45.9810855938 45.1482916996 45.3429556037 45.1279012884 45.0808166514 45.8551503288 45.0983691554 46.3805535736 45.1150153564 45.0917912708 45.3734850743 46.0552029172 45.4579106489 45.1520611381
45.5978639634 45.9256745068 46.2148903233 45.2704132162 45.4541791948 45.9278833076 46.0244231087 45.054049859 45.8222999023 45.0697271657 45.8297038133 45.0605427667 45.9309135729 45.498123307 45.141506209 46.3900985796 45.2816815974 46.3038288666 46.3780476973 45.6736454423 46.1591331588 45.4389652983 46.2001370895 45.2981408749 45.5360435522 45.0844135532 46.2931429918 46.1350278881 45.1952227049 45.6552456075 45.2654058056 45.3549972304 46.0387295019 45.3013420855 45.539070823 46.0646215584 45.1331363692 45.6630538134 46.2009196536 45.2017235941 45.2168512872 45.3613367003 45.8952790631 45.9889158648 46.1199189769 45.7982910911 46.1736145181 46.2195750815 46.3482624742 45.3105832021 46.3472423662 45.9857404774 45.0459571373 46.3464721654 45.2093019102 46.4055570808 46.4045020688
45.7716439851 46.1793336392 45.1164995516 45.9816207135 46.0745594972 46.0339442868 45.2835399726 45.889006042 45.4216842731 46.2013773822 46.1782004527 45.6662399977 45.49953265 46.3865145619 45.821821916 46.0857777605 45.1062031052 46.0297858992 45.8061912869 45.9994265009 46.0565612214 45.0038091722 46.1064808103 45.967791351 45.8298962637 45.0367705498 45.7089928845 62.0508022294 45.4225717459 46.2673104879 45.8939303848 46.1017697222 45.4109739632 46.3589314584 45.892418978 45.8000049913 45.0808894797 45.1327265715 46.0700522875 46.2731744237 46.4039251046 45.8499076019 45.835319203 45.7246428386 46.1835733292 45.1581304893 46.0292087388 45.8590700006 95.6167388822 46.3225742682 45.167774613 45.752536857 45.2693494649 45.2081810496 45.3348822719 45.4920410481 45.8769470268
46.1261677288 45.3178198831 46.134845568 45.4976024548 45.8349524525 45.0925692373 46.1371233345 46.3216314453 45.8420811817 45.4760630374 45.9606305439 45.3526150864 46.2130953866 45.829504769 45.8855119313 45.9887992831 45.0664014253 45.8971457207 46.0188868294 45.4584242535 45.112104687 46.0686419932 45.0717961659 45.5296424988 45.7174103274 45.8818764257 45.4140478661 45.585941204 45.0959981998 45.1071497504 45.0392770751 45.6534992789 45.2632505203 45.9867467724 45.3112460183 45.4901882286 45.8282984782 45.1275361065 46.0882945028 45.3616861032 45.4562855296 45.0066805839 45.0098533182 45.1674625348 45.3032136556 45.9725698051 45.8100643825 95.6167388822 95.6167388822 95.6167388822 45.3194473596 45.7395980354 45.2110908837 45.2179965734 45.7392345584 46.3912157001 45.2473077345
45.4618665488 45.8725353272 45.6984900918 46.0749260484 45.7052740617 46.4092776061 45.0021702219 45.7077995702 46.0541623446 45.0404705685 45.946921182 45.9366029986 46.3296690418 46.0248929097 45.3506303227 45.3677164825 45.0076642155 46.3842751058 46.319242172 45.9033590593 45.7708678332 45.3381560144 45.2084181281 46.2166704053 46.0853318822 46.1668541011 46.1155627551 45.0044879294 45.4199829651 45.8395494645 46.0783616133 45.4581230481 45.4786183591 45.8884169841 45.7801443614 45.5734419077 45.5747445375 46.0903565828 45.5894788793 45.9896496301 46.0068060935 56.225294078 46.0067853649 46.3873368463 45.3567883002 63.7967726196 46.3050522014 95.6167388822 95.6167388822 95.6167388822 45.2068067638 65.7418132516 65.7418132516 59.7965005984 45.960207888 45.6508781637 45.5913555244
45.6550331914 45.3999713056 45.5127369319 45.4738988965 45.4535090981 46.1727046811 45.7040129704 45.7490766168 45.6000616932 45.1007366631 45.3244180028 45.0361979507 46.1103662923 45.1366023711 46.0073008973 45.2050484431 46.1904766931 45.4056875803 46.0772882941 45.8342728351 46.3971953076 45.0520462884 45.5014717995 45.9034530971 45.8109069868 45.3486246654 45.7081864265 45.0928222825 45.4528086921 45.6388298144 45.2380027013 45.8121153332 45.8567952992 45.5675011077 46.3002311891 45.2151140562 45.55446064 46.2751936466 46.2030892922 45.450814112 45.4805360733 56.225294078 45.8800805584 91.215850939 63.7967726196 63.7967726196 63.2120098563 63.2120098563 63.2120098563 45.5649423953 45.9283749089 45.4169636816 45.1402783037 59.7965005984 45.7960970155 46.1198955626 45.4527731992
45.8208646245 46.1579369828 45.5518381483 46.0868543309 45.3352950267 46.4141477372 46.0300351678 45.1400331099 45.169922778 45.2610629061 46.350536737 45.4639907254 45.3737663989 45.450568057 45.2150463759 45.6270582894 45.3069860794 46.3168462022 45.3875294764 45.9485920723 45.009763221 46.0904848682 45.9403755522 45.8524306302 45.3702706535 45.6616866883 45.8565139164 45.5739297601 45.2099105309 45.1094126663 45.808772774 46.2284927643 45.0535227976 46.2584648662 46.3640279724 45.8093317328 45.7997004032 45.6382357945 45.0277513272 45.4228948097 56.225294078 56.225294078 46.2688989315 45.435759914 91.215850939 63.7967726196 45.0709314441 46.1618897736 45.4819978466 45.133186219 46.1803861957 65.7418132516 46.1970398734 45.8380772317 45.8486834713 46.2791296708 45.2551382658
89.5050045826 46.3637479968 45.1550181172 45.6298874153 58.0699173348 58.0699173348 46.0770758046 46.3791659279 46.0720733613 45.8703087078 45.7625587021 45.0643178935 45.8675450207 46.3505017518 45.5998384222 46.3294284522 46.1002109313 46.1227361822 45.0840107873 46.279794538 45.9216210281 45.1926556933 46.3990288396 46.3020779201 45.4508998882 45.1097718315 46.4067301469 45.1836502643 45.6459270398 45.357986841 45.4797600502 46.3348706437 45.1301288971 45.6287435504 45.2075787361 45.8759713321 46.103457265 45.4610881658 45.3447682853 45.3908845412 45.0365911378 45.1168386925 45.0346177743 45.2072177837 46.2496029779 46.137866642 45.8676038686 45.0318489502 45.654675007 45.4098917071 45.4787874753 45.8645511638 46.3033399482 45.6263519037 45.0401196693 45.8012174522 45.8581164713
89.5050045826 45.7684198752 45.7311644189 45.5832900569 45.3185389292 58.0699173348 58.0699173348 45.0190758977 45.2953859779 46.0258360282 46.3664424699 46.33302097 46.1314471382 45.156102036 45.8882437862 46.0336967125 45.5449300154 46.0555963608 45.4204738161 45.4165160075 46.0600745429 45.7720084578 45.8347699223 45.0827789454 45.025328632 45.9802322927 45.9896573183 45.5346822136 45.43109641 45.5758075101 45.9315636406 45.0712570289 45.6525604158 45.0661489643 46.1856407216 46.1505578434 45.5214158341 45.4471118713 45.7026198364 45.9843704925 45.4466340895 45.2890233995 46.0903770067 45.041442723 46.3423381899 45.075212172 45.1542486013 45.775357505 45.1891509736 45.4362148743 45.9740507263 45.3944786268 45.3672624687 45.8554300497 46.2901604625 45.5140208392 45.7659293334
45.1579409055 51.8867475313 58.1518533701 45.9439679529 45.7775405817 58.0699173348 46.3114362947 45.2734652555 45.0309283141 46.0192226614 46.0027118889 45.4790929658 45.847057794 46.3230548151 45.91615564 46.2934039858 46.2862913944 45.2015249581 45.496920807 45.0727774145 45.2637010729 46.3071098682 45.5708191235 45.5064954579 45.9809030489 46.1371787237 45.77037835 46.2437093633 45.3632312103 45.6409126685 46.1142773371 45.0893531828 45.5104793527 45.4673518245 46.282365795 45.3674958406 45.851432897 45.0874188851 45.8427121668 46.2416895032 46.0573244976 45.2648390268 45.7828094631 45.663057176 45.1718657439 46.244639753 45.3268113246 45.5059620002 69.3913434514 69.3913434514 45.8129312494 45.6241715288 45.3976689876 46.0574807922 45.2998687525 45.6223736798 45.5630756903
58.1518533701 58.1518533701 58.1518533701 58.1744779734 60.8231695264 45.2571822124 60.8231695264 45.6198319099 46.3346537376 45.4764305149 46.3752775328 45.9984153966 45.0063673171 46.2861147964 45.7173314995 46.0399857692 45.4209396294 45.2348343404 45.6174014017 46.1203542993 45.8255438607 45.7340160737 45.7661977679 45.6848735036 46.1967452858 45.0032151002 45.8811772712 45.6231373573 46.2938514305 45.6449813062 45.1608109132 45.7275797428 45.2881406928 45.1192076346 46.2479922511 45.8217296787 45.0447160423 46.3683087741 45.2684514813 46.0990573524 45.18254615 45.2052727105 45.0045556158 45.5396037922 46.3768869563 45.2235370912 46.234695687 46.0041032884 69.3913434514 69.3913434514 71.5207224783 64.9986175384 46.0241940326 45.5285899964 46.3567517481 45.525576899 45.7427177554
45.7865249342 58.1518533701 58.1518533701 45.6713794807 60.8231695264 45.3143837017 45.9150351325 46.3322599436 45.9578862322 45.647811689 46.3807635736 46.0862448474 45.2213373505 46.3774113294 45.7877257692 46.0602084145 46.1183288671 46.0669114638 45.1583470861 45.1775289411 45.8374525872 45.684836354 45.0529747632 45.0506314259 45.9429730503 46.2901795262 45.8272741015 45.5136571722 45.6017019096 46.1162531562 45.913452669 46.0173476822 45.0812160395 46.2761088983 45.8131712372 46.3333496868 45.3613105281 46.2445043199 45.3579920514 45.1461200824 45.1311684281 46.2743075758 46.1824339662 46.1195765434 45.2570218954 45.0615504559 46.0469349148 81.3236876402 81.2532682539 81.2532682539 64.9986175384 64.9986175384 45.4837184019 46.2062142807 46.229072099 45.5220669614 46.2675721705
46.4032276567 46.3815068216 45.3185872281 46.299948485 45.7470451495 84.3281926909 84.3281926909 46.3691116685 46.0899439399 45.3122917595 45.707714958 45.6478262805 46.4048276089 45.56350932 45.7794986195 45.8294415513 45.6375917544 46.0358575214 46.1919554185 46.3683557373 45.5888747256 46.1067189617 46.1667057238 45.2473631782 45.6096751864 46.0716187352 45.4708591192 45.8861558211 45.7682103979 45.6019879017 46.380965996 45.9978598444 46.0238803438 45.6197643349 45.9036756441 45.7912027036 45.0822036428 46.2147579135 46.1320632584 45.4892682163 45.5329690714 45.7145196136 46.1631727113 45.5702179278 45.4788197822 45.9023674242 45.8944879997 89.364177321 81.2532682539 81.2532682539 64.9986175384 64.9986175384 45.2099707853 46.3751469798 45.9310340254 45.674530517 45.861766718
46.3466657353 45.860809839 45.6349658541 45.9688318655 45.3848225666 45.9065920197 45.8359752052 45.8929813433 45.0537192226 45.7533930486 45.8778133085 45.7946487947 45.6761418609 45.0328635012 45.8136049223 46.0003739855 45.6428740513 46.3419171347 46.3442233737 45.4912253204 46.1592990436 46.3634328454 45.7908067181 66.9216852305 66.9216852305 45.0431185051 46.0031624534 46.2266682152 45.3403287646 45.7070521076 46.2230836428 45.7747336986 45.6537020386 45.189814206 45.751662782 45.4011050823 45.7717990065 45.8961180114 46.1938327063 46.3882615826 45.0382345309 45.2045274803 45.4334897331 46.0846509521 62.2189318265 45.8074943567 45.7629172587 45.0678188416 76.4980282418 81.2532682539 45.7054726108 45.5316257746 45.5395161756 46.3206412222 45.688127228 45.0646790515 46.2098475525
45.7925054455 45.4133679187 45.8010016524 45.2410981352 45.4349083092 45.1279441442 45.1814778385 45.8796343344 45.9877431192 46.0185870603 45.3825197124 45.2873071939 46.1670113144 45.1788734399 45.7295109467 45.0324022102 46.3786618068 45.2218219018 45.6361785589 45.9595222153 45.8871693235 45.1062712298 45.3588452062 45.8942787275 45.3164066713 45.2402418859 45.5754065887 75.0938446022 45.8455295507 45.7613583337 46.217672999 45.5860370403 45.0872970029 46.0327595389 45.2336156073 45.7760378202 45.7812443068 46.0166696421 45.1739987987 46.247786513 46.0280245733 45.747143357 45.8497001873 62.2189318265 45.9848704493 45.3885740259 45.9240273681 94.3299807139 45.6944508567 45.589260199 46.3272369069 46.0241998257 45.9571535278 45.2536074372 45.6954599805 46.1630111362 45.6156685725
46.0594401672 45.9966459799 45.4196427786 45.0536992291 45.1122748712 45.222664093 45.7169490363 45.4128954371 45.5689197018 45.3630516298 45.3565642255 45.0026994496 45.9548051808 45.1724346979 45.0849461281 45.331569013 88.2740827004 68.2299855721 90.4723666601 84.0763542216 58.1987909933 46.1048258131 46.1384026534 53.0150681672 53.0150681672 53.0150681672 75.0938446022 45.5183128571 46.0636027799 45.2205405456 63.8803444423 63.8803444423 46.3036445793 45.0578394083 45.3799468994 46.3078835491 45.0424962643 45.6603680411 46.3316860612 46.129643026 46.0839397372 45.3740987786 45.9867165875 46.2856928036 45.0901431238 46.1257049836 45.9617909514 46.0466568577 46.2611424173 46.3602222126 46.2204396823 45.903700916 45.7670700936 45.6583349254 45.916586494 45.1314269529 46.0714776537
45.6484073039 46.3075555997 45.6195887532 46.247350523 45.5293828062 45.9466014963 45.2220308597 46.1728150825 45.5265648461 45.5668177189 45.8591544013 45.3184363834 45.9844276877 45.4879884169 46.2322191372 46.1142574803 88.2740827004 88.2740827004 68.2299855721 90.4723666601 58.1987909933 58.1987909933 53.0150681672 53.0150681672 53.0150681672 72.0926589862 75.0938446022 75.0938446022 45.7973797491 45.8221443551 63.8803444423 63.8803444423 45.7891514125 45.980922313 45.6958633415 46.3773719804 46.0593059037 45.6722038761 45.7458417072 46.1921574977 45.1979059639 45.5422363862 46.0364218696 46.2852421633 45.5754587298 45.7452540198 46.0042571252 46.2509110918 45.550850084 45.5522190941 45.8060209561 45.3604209629 45.3286813985 45.2332547603 45.8769776068 45.2910318842 45.3315780118
45.2224563156 46.3178434642 46.3669381817 45.3835932508 45.0907258341 45.4879014122 45.2857102762 45.2120371858 45.8120148436 46.2030737228 46.143183218 45.2631453598 45.4985509529 45.7264893358 45.5650916188 45.2107666675 88.2740827004 88.2740827004 90.4723666601 84.0763542216 58.1987909933 46.2664686798 45.2497390425 46.4039451665 56.5812481933 56.5812481933 45.0669768431 46.0442744445 45.103134693 45.23018962 46.1607705082 63.8803444423 45.5740198403 45.1720794548 45.6467109245 45.6382739638 45.1938087673 45.6738295443 45.8864832957 45.7318398204 45.5930630797 45.2354552058 46.1205749404 45.5229808168 46.1701673318 45.7465791831 46.1309089791 46.1497787141 45.0351486738 45.157530051 45.0411661432 45.4930495884 45.311409678 45.2999876912 46.3615305003 45.3170058053 46.0140300225
