Spatial_Output/BAU/BAU_1040.asc
NCOLS 155
NROWS 192
XLLCORNER 196307.867259
YLLCORNER 449144.565805
CELLSIZE 33.573938
NODATA_VALUE NaN
[rows 125 to 149 of 192, columns 56 to 111 of 155]
22.8570681146 22.5325113572 45.0112341832 45.0112341832 60.4452313336 50.305662902 22.9535122225 22.5261115834 22.5061169535 22.5199742977 22.5090594755 22.6215436466 23.0025526196 22.8176451076 22.9116949206 22.9996081169 23.1950678006 22.5370534874 22.9899969781 22.5123568652 22.6733187342 23.0970536069 22.508049949 22.8267377196 47.5451885856 23.1338110036 23.0065714725 22.5911369557 23.106146849 22.5457617046 23.1059964508 22.9970487363 22.6332339851 22.7390027797 22.9178138852 59.585497333 22.6684645173 59.585497333 22.8007387812 22.8657272997 51.9665929143 22.7755316185 22.607547476 22.5735962301 23.1589038014 22.7055130472 22.9082762737 22.7662742644 45.9143364136 22.7524765143 71.6032487131 23.0346979614 22.7453932361 22.6501487899 23.0763499575 23.0686313232
22.8627001052 49.3354406737 49.3354406737 60.4452313336 60.4452313336 60.4045583157 22.9726708673 22.9845501193 23.0092183212 23.1326171099 23.0992786726 22.6653472526 23.1728413825 23.1588966359 23.1796140844 23.1592260264 22.5030276413 22.64588068 22.5505511889 22.7477343035 22.6869943107 22.946189659 22.6599483656 22.6395253963 23.1152282037 23.01400285 23.0529098669 22.5179309599 23.1059793142 22.9149773585 22.9178626226 22.8261847976 22.878415098 23.2056060848 23.1446727355 23.1570203692 22.9187182007 32.2367271462 22.7317170947 31.8748553875 22.874065982 22.7465812267 23.0070293125 22.8066254351 23.1611199628 22.8727259532 23.191235866 23.1501112406 22.6282402345 22.7989419171 23.1181145635 23.0989052747 22.9736213781 23.1389422821 23.1878626371 22.5812194553
22.8618343691 22.7052033037 49.3354406737 50.305662902 60.4045583157 60.4045583157 60.4045583157 22.6714262982 22.8318544134 22.6613502427 22.945093504 23.0738362488 22.5174430302 23.1607048053 23.0791085433 22.7515189647 22.9203725415 23.0731594288 22.5129952859 22.8351450026 22.7482378937 22.9965661675 22.7561424769 22.9648256549 22.9920690972 22.916339567 22.7764175628 22.7600141126 22.8928153394 22.6839129453 22.6803091578 22.6034599283 23.0916058354 22.7765541222 22.9047412434 23.2038451968 23.0880088467 32.2367271462 32.2367271462 32.2367271462 60.5666763409 23.1789659292 22.9088541351 23.1578107491 22.8287899185 22.59893434 22.7693075307 22.8939105395 23.1167988288 22.9456774333 22.8710016853 23.0431652438 22.6154178606 22.552875713 23.1588371339 22.9856204252
23.0291756765 23.1866909491 22.6733737632 22.5003715757 60.4045583157 60.4045583157 66.8625648055 23.1087259985 58.5975333179 62.977102733 51.9697427354 22.9580663075 66.9843264091 23.2030735472 23.0169518234 22.9367775434 22.837870284 22.7716148568 22.8787681365 22.7907307887 22.7858973659 22.8624105918 23.1860570734 22.8497963455 22.6352278131 22.9130179345 22.7365269481 22.582336443 22.8399585406 22.6440368003 23.0587524393 22.8567342023 23.0487349466 22.6399155362 23.0859645035 23.0878935128 23.1344416251 23.1966046271 32.2367271462 31.8748553875 23.0593767148 23.017098001 23.0115184335 22.8444211375 23.2038141995 23.1035985868 22.5015815624 23.1199754442 22.9457986468 23.0158432247 22.7356599485 22.8241654081 22.6656295444 22.7896612247 22.8144753059 22.6058393808
22.8206014224 22.5354491818 22.9269860978 22.5306681878 23.1823890615 47.4767627296 66.8625648055 66.8625648055 58.5975333179 58.5975333179 62.977102733 51.9697427354 22.633314371 22.7313156644 23.1891579086 23.0811519505 23.19231641 23.1332700879 22.6872603583 22.5934988945 22.6882000451 22.7094414635 22.6185256429 22.9024670087 22.765463217 22.8969604661 44.2810494061 22.9798121857 23.0592063003 23.1037813303 22.8284223983 23.0109139871 22.6014209951 22.7954043701 23.1364662491 22.8930097016 23.076780485 23.1370531564 22.5228679209 22.6997442858 23.0367066103 23.0492301304 22.6601095045 22.5580873894 23.1041800039 22.8551761057 22.8485366207 23.111299628 22.8235570664 22.6601920784 22.602341546 22.8106655824 23.1301147767 22.9475184052 22.5521133898 22.614186982
22.9222745171 22.7126241955 22.5919545708 22.5021656612 22.6268847612 47.4767627296 47.4767627296 66.8625648055 58.5975333179 58.5975333179 62.977102733 22.8061819985 23.1042474355 23.1630492841 22.9727566861 22.8317263045 22.9740475639 23.1984497867 22.7073360174 22.656434481 22.8618488582 22.6457000706 22.6047480067 23.0301389165 23.1230233823 44.2810494061 44.2810494061 42.3714480675 22.5738439573 22.7454384789 22.8099156526 22.6458167971 22.5133450738 22.8173896275 23.0652977172 22.9044623474 23.1454404082 22.6640470914 23.1104689898 22.6321654887 22.5558687729 22.998818197 23.0624928475 22.8684082916 22.9160967163 22.839535881 22.6409162852 22.8223994031 23.1661909254 22.9860390774 22.9066039823 23.1490752747 22.8381791512 23.1817364487 23.1706023484 22.6827511916
22.7145943532 22.9077134045 22.5503945533 23.1875161205 68.5909044596 47.4767627296 47.4767627296 39.0963329994 39.0963329994 22.6804398476 22.8848512588 23.0414656347 22.5980746129 23.1411561639 22.6612044093 22.9604026711 22.8239740007 22.7901054059 23.1126356714 23.0554446199 23.1641379193 22.7811671409 22.9690644509 23.0706820062 22.5629439927 44.2810494061 44.2810494061 48.8891956244 48.8891956244 44.682585236 49.8208230366 22.9690231623 23.0176802095 22.8516073512 23.1754861409 22.9181999658 22.9496729462 22.6385595259 22.5794440507 22.830611569 22.9156886891 23.0629014608 22.7313761677 22.5380990883 22.9785718124 22.7731950017 22.9203630724 22.6906027448 23.0064695864 22.5202234825 22.6043097112 22.6150355826 22.8023039487 22.563627618 22.8407522671 22.5849635687
52.5018957265 49.3980313593 22.8023433924 23.1585411505 22.9246859581 22.5475988232 39.0963329994 39.0963329994 39.0963329994 22.7726389154 23.1851158329 23.1507834685 22.9015143871 22.5684222407 22.5123421747 22.7853525329 22.8989307089 22.8735517496 23.0106132565 22.5203606765 23.1703524953 22.9143590862 22.8237990373 22.9114493705 23.0904128826 22.7411573707 22.8616377039 48.8891956244 48.8891956244 44.682585236 49.8208230366 22.9631638353 23.1603379463 22.9346834281 22.9384763982 23.0612518307 23.0551976747 23.1461647948 22.8358718991 22.576760814 22.8409798219 22.5694053351 22.7575316194 22.6681023964 22.9133414443 22.9242524341 22.8442521138 22.6714222521 22.9984288583 22.8781211469 23.0850276983 22.9339778384 22.9710554124 23.1775897809 22.8764233418 22.7116015783
52.5018957265 52.5018957265 49.3980313593 23.079465156 22.7093841212 22.978973105 22.7504428538 23.0069166851 22.9607351957 22.6493258304 23.1915348358 22.8182055248 23.0900903426 23.0360245577 22.7622658428 22.6894230201 22.5574645153 22.9728116702 22.9366277597 23.1070507431 22.701958024 22.9971749469 22.7799737279 22.9097701711 22.5292451693 23.1865208447 23.1054906639 22.6116269647 44.682585236 22.8053635678 23.1666616767 22.5682043831 22.7080091653 54.1196389928 22.8718350852 22.6355108911 23.1671937272 22.9232449997 22.6994660247 23.0785340621 23.139529359 22.8245237925 22.7212345082 23.0394835981 23.0357828412 23.1150231507 22.6052795046 23.0241626099 22.7161968389 22.6485661449 23.1990911866 22.992854224 22.7054561829 23.1246696806 23.0396871186 23.1754356776
52.5018957265 52.5018957265 23.2023258707 23.1828077203 23.1134317216 22.5277286767 22.8820638259 23.1850090021 22.9402019351 22.5433959467 22.5452225524 22.5417436973 22.7817418643 23.1316248402 22.9667901401 22.8697604288 23.181765958 22.9704471895 22.7846654516 22.9646243206 23.1567108294 22.6100610606 22.6923377117 22.805478389 22.8155544019 22.9510347524 22.6497088898 23.0383546818 22.8763656124 22.552675308 22.5438338324 54.1196389928 23.0809165392 23.1845224378 22.6885775362 23.1782014617 23.134406794 22.9647821607 22.9160941037 23.0836478433 22.9138285446 23.0368173146 22.893162068 23.1534859148 22.9723775992 23.0791871923 22.6681770897 23.0293487881 22.9430820911 22.7449914622 22.9610714772 22.7461807465 22.5860669617 22.813078808 22.7022157626 22.5810871911
22.620002809 22.9393508422 22.9498714134 22.6132815019 23.033778684 22.9593722028 22.8122251679 22.7646994377 23.0493227977 23.1303263475 23.1629351651 22.6087955152 23.0290472047 22.9763167881 22.90615051 22.9452176249 22.733570346 22.816165268 23.1119411879 22.6603420664 22.8304809726 22.8339281408 22.6745007192 22.5130476843 22.9800246439 22.6761703822 22.8378386427 22.6696042393 22.8194100857 23.125267287 22.7026070444 54.1196389928 22.795590271 23.1268896883 22.9867270045 22.8624519129 22.7819117604 23.0938201334 22.5077523263 22.7244663247 23.1316798828 23.112325822 23.1848736707 22.5253055048 22.9897076835 22.9245740881 23.158406583 23.2026021103 23.148422369 23.0536827544 22.6196748431 22.6497656025 22.8655242546 23.0532449355 22.5843059056 22.7194596523
22.5574794395 22.9584540056 22.8389975318 22.5930476564 22.8051313687 22.6559443171 22.6673966979 22.5011107554 22.8372327523 22.6588328166 22.7819221555 23.0349642121 22.6004167202 23.1202828292 22.5895244823 22.9909626206 22.5059289811 22.7634730102 23.0674160687 22.8651504987 22.7843060537 22.9572921483 22.8309588209 22.6066578149 23.0251761689 22.9429430715 22.5255734489 22.8227960164 22.7195735993 22.7528764214 23.1730758217 23.2020305774 23.0294317158 46.0882605041 46.0882605041 22.6033073717 22.9095789987 23.1278404709 22.7197912631 22.91708888 22.5333706601 22.8126490904 22.9097138046 23.0064278288 23.1985531664 22.722229002 22.855447775 22.7000577387 22.8184399322 23.0308528819 23.1797469945 22.7750623826 22.9079555585 22.6992139351 22.7404225117 22.8799089908
22.5742602575 23.0007772129 22.6211112348 23.0172210972 22.8108561017 22.8670415662 22.758346049 22.9688726718 22.8829320092 22.6328724459 23.1028231077 22.9566486598 22.9316399153 22.5827931562 22.648096803 22.8148314455 23.191496542 22.7150504587 22.679281049 23.2068825832 22.9804074337 22.6745626251 22.633261981 22.9991479129 22.6268297567 23.1170019687 23.2037916544 22.6090202394 22.6352983832 23.1979932897 23.1837127916 22.9730778485 46.0882605041 46.0882605041 46.0882605041 22.9982665625 22.6917659902 23.0587691836 22.665153375 22.5231910218 22.5408009541 22.8482853921 22.7053047331 22.7867215025 22.5122796922 22.998184419 22.6190727569 22.838372357 22.6391734005 22.9877024654 23.0312359563 23.0637334645 22.9106736546 22.8171985987 22.8949947423 22.8955377162
22.5365191598 22.6485593889 22.7628948339 22.6380681295 22.6500267404 22.5404002459 22.5736129094 22.675764135 22.9198445919 22.9110222952 22.553088079 23.0815020537 22.7576848636 23.1740203495 22.5498986591 22.6988967286 23.0956020398 22.6553497153 23.0202319769 23.1226542195 23.0908724762 23.1425140261 22.7025355379 22.9767999332 23.0933167823 22.6380804503 22.661885167 23.0749490655 23.1447837945 23.1533231728 22.9916826911 22.8086960747 48.0739493775 48.0739493775 48.0739493775 22.5538598923 22.9397165115 23.0954611385 22.7172296012 22.7808329858 22.6985438659 22.8986124308 22.6976170147 23.1806100173 22.60099892 22.8271348153 22.5093736032 22.8008659738 22.9613167593 22.9221182544 23.0002311368 23.1176279909 22.8936100764 22.5321659679 23.0209280262 23.0075667072
22.6957727893 23.2046521568 23.0964184895 22.5884013662 22.6360861712 22.8656186579 23.0003446647 22.5153712676 23.1945355926 22.941359843 22.8114096068 23.0563548706 23.0426525518 22.7211578439 22.798995692 22.5473931079 22.6302116752 22.8698983405 22.660171576 23.0138108743 22.9778035159 23.1226296527 23.0529080631 22.9987691116 23.0935138392 22.5192277784 22.5144261748 22.5307063763 22.5100527418 22.9407184668 22.6563024603 22.8467865634 48.2136586777 48.0739493775 48.0739493775 22.523931501 22.5254118099 23.1647946664 22.9443704115 23.1507370453 23.1440468399 22.5838093772 22.9222668713 22.7881691989 22.9892136796 23.0126063917 22.9028470227 22.7774735715 23.1419107324 22.8262757094 22.9148917298 23.1994805845 22.9348748214 23.1396165972 22.8618926167 23.1516704725
22.7688583553 23.1359004747 23.0087828937 22.5952074694 22.5053461321 22.9588602241 22.8465681638 22.7118865703 22.7323427123 22.5491066597 23.165609434 22.6891289969 23.2070415467 22.7884853597 23.0995978839 22.7279632952 22.9809942544 22.9623815695 22.5434073781 22.735061081 22.5003067965 22.5604501505 23.1579772157 22.9542730352 22.9474965453 22.9041013504 23.1715503792 22.5648958979 22.669102811 23.0889325973 23.1125791088 22.5312386675 22.6557015644 42.0468936273 42.0468936273 22.7967779195 22.915449208 23.0526988252 22.5069934305 22.8564897584 22.8254880591 22.7870603607 22.777209234 22.6002619174 22.7740398127 22.5126432992 22.780471402 22.9185244106 22.6962085911 23.1767493547 22.8837863691 22.6125448834 23.1685125479 22.9270158423 22.6699687928 22.7939529955
22.6140382627 22.9764998882 22.85509033 22.9602238204 22.9399124822 23.1637543514 22.9796837703 23.1709251338 22.8225438019 22.5325845081 22.8844999124 22.537281897 22.9559475805 22.946384992 22.939675177 23.2032541556 23.0116480871 22.7191078341 22.6710150067 22.6395173348 23.0012220541 23.1592953814 22.8508994792 22.8634033938 22.9099819053 22.671998256 23.0512213711 22.7447465255 23.163141346 22.9287583085 22.5239744811 23.1091995552 22.8844462526 42.0468936273 42.0468936273 22.9488883194 22.9467497813 22.6971427456 22.6153937578 23.1877957977 23.167846935 23.0359498162 22.5790720854 23.1155796742 23.0365122789 23.0661316296 23.0002647466 22.8973580914 22.5180584077 22.668260973 22.5790481541 22.5181923652 22.998777365 22.7799258009 22.7647835452 22.6881144109
22.7771943756 23.1796230518 22.8003148657 22.814914308 23.0323380596 22.723383568 22.8993630293 22.9358437499 22.7994920388 22.9048968213 23.1888886381 22.878150509 22.5458776405 23.1338645226 23.1570820965 22.7353084931 22.5516621652 23.0101579462 22.8879901712 22.6894039582 22.738649272 23.1967583177 22.9927487719 22.7422090393 23.0467891609 23.084381649 22.5159290553 22.6227631211 22.7934251327 23.0158338714 22.7444784125 22.510309361 22.8657153623 45.1704828224 45.1704828224 23.1650585134 23.0734231951 22.9850058452 22.9525800693 22.7772379666 22.8310932773 23.044435392 23.0173943368 23.0354889856 22.7885364935 22.5697941919 23.0976536069 23.0162336091 22.5678969536 23.1360398642 22.8295059054 22.9828832086 22.7273100116 23.1910785804 22.5413759734 22.7224815136
23.1209995396 22.7889399256 23.0294166533 22.6691782659 23.0952970967 22.5991206337 23.1387428 22.7152228954 50.5897961672 50.5897961672 50.5897961672 22.7425109536 22.9674581506 22.7096599599 23.1610232328 22.7869584169 22.7229922635 22.9559647219 22.7741850317 23.0578485 23.0999565381 23.0141344705 22.570394193 22.9440169931 23.025920954 22.5300714597 23.100571387 22.6750797781 23.108094341 23.1614673287 22.6790796733 22.6637402506 22.8214123196 22.6585180904 22.9972518953 70.8200643016 70.8200643016 23.1942867995 23.1855375059 22.9135566706 22.6540671121 23.1674875303 22.719889969 22.8830749108 22.6658415746 22.8033664398 22.6699065909 22.9422855323 22.6057992229 22.9475765879 23.1373808329 22.6635414683 22.9596751663 22.5268587877 22.7120740699 23.0054076663
23.070540657 23.1118758091 22.8671871971 22.7463491209 22.6778242045 22.9336385547 22.961872835 22.775728921 22.7987799602 50.5897961672 22.7221365296 23.1983738734 22.7542106023 23.1403982401 22.5797087249 22.9876892632 22.8704328398 22.8154932507 22.7618485869 22.9981016782 22.6913716716 22.7078819438 22.6045249923 22.9921033373 23.0771182242 22.623096853 22.9596788253 23.1353349929 22.590115259 22.6399269568 23.1849348599 22.5869810018 22.9496288764 70.8200643016 70.8200643016 70.8200643016 43.9336926352 22.9484687364 22.6570182742 23.0573437285 23.1107756925 22.8329550688 23.0391449094 22.8006414193 22.5772127548 22.8666101513 22.6864557176 23.0885507875 22.8770695005 22.7751498123 22.7134741464 22.7998449576 22.6729306153 23.0403796003 22.8998093184 22.8751399743
22.5028474999 22.7318739497 22.6427659481 23.0000965953 22.6722726013 22.9195706054 23.0713586964 22.7720797979 22.9963535144 22.6567244554 22.5441434199 23.008901087 22.7234338944 22.7070590717 22.6546364066 23.1517488644 22.7864957603 22.6114862245 22.8807198973 23.1866626272 22.7922726168 22.6997205456 22.6680021831 23.1539351968 22.5591670206 22.9997292394 22.7559902994 22.7770927974 22.5547129194 22.7938335783 23.1816057127 22.7923896076 22.9301537989 22.6389820791 41.70663657 70.8200643016 41.70663657 22.6014009925 22.657681437 22.5864319778 22.946934002 23.0769642368 23.200955099 22.9053413848 22.6780710188 22.7467060251 22.9747153885 23.1976287877 22.6523729158 22.9705463594 22.5478592572 22.9624742368 22.6440263917 22.8159493062 22.6762726152 22.5003899072
23.142836386 22.5470333502 22.8859407358 22.7852228772 22.8170819358 23.0821864138 22.7407356158 22.7709110692 23.060699873 52.9259969154 52.9259969154 22.9568434635 23.0385593039 22.6213157561 22.9280424349 22.6952797707 22.9187772239 22.7964491686 22.8566490139 22.9704536417 22.8854191551 23.07454353 22.7767080129 22.9347176832 22.8995064349 22.9946291978 22.8699222784 22.5734962125 22.9331402064 22.855224212 23.1828496786 22.6092451453 23.188693487 22.6618034753 41.70663657 23.091505198 40.1177657458 22.9658699193 22.6686796487 22.7044818241 22.6012598946 22.5940387969 23.0195242409 23.0586395228 23.1827678174 22.9735654685 22.667589241 22.9830429194 23.152134495 22.7143775889 22.9040160741 23.0869183223 22.9160924346 22.8676494876 22.9539744127 22.6584657791
23.0165949783 22.7411293587 22.6038832701 22.6932319354 22.6276373307 23.01733751 22.6677586135 22.5003428349 22.5459046286 23.0591640214 23.1208395352 22.6281770676 23.0316175176 22.9304746556 22.6202594181 22.8674963264 23.0869578908 23.0321479606 22.6242277746 22.925658295 22.7088017876 22.8658034941 23.0384143727 23.1219496224 22.8288713489 22.6357271409 22.7916438487 22.6868895928 22.7658022904 22.9883312975 22.5083518634 22.9323570077 23.0720913837 22.9730854644 22.8854962402 67.6868498752 67.6868498752 67.6868498752 23.0380763262 22.5002679431 22.7251686182 22.7517755222 22.9243904952 22.7194142924 22.9742325605 22.9342396707 23.141726703 22.8868271475 22.9298272465 22.9544214812 22.6939192459 22.9448721424 22.5211543166 23.1276874498 22.9857357882 22.8359082419
22.8608688766 22.9481105182 22.9521732038 22.8553561043 22.7776817728 23.1844568238 23.0483202539 23.0945512446 42.8031217706 42.8031217706 42.8031217706 22.5491533227 22.5332991873 23.1908769248 23.194241061 23.1815300934 22.8854526681 22.5311891273 23.1542800413 22.8012924364 22.7779185742 22.5079690161 22.7464452699 23.0275789959 23.1576074113 22.841153476 22.5185722824 22.7588463117 22.9496575942 22.8382724645 22.6170888842 22.8512222607 22.6388519452 22.6438264874 22.9272376137 67.6868498752 67.6868498752 58.6079150717 22.8203968798 23.0334466777 23.1148045336 22.6119012839 22.7366363551 23.0669597997 22.7853440987 22.7083393079 22.7227694043 23.1156764716 23.0881981908 22.8330710812 23.1400219146 23.1852920966 22.9973835072 22.6814273598 23.1110611006 22.9769361384
23.1206327124 22.5179525294 22.577959141 23.1331155056 23.1432239613 22.8001958181 22.6298984981 22.507271412 60.2557124742 42.8031217706 22.9284926457 23.0341454536 22.916579879 23.0879598722 22.5479878995 23.1391167546 22.7451033407 22.6712611641 22.5588096484 23.1628395668 22.6442975696 22.5689675262 22.7022521761 22.9200431912 22.8294925991 22.8143878522 22.9786294351 23.1255024093 22.7180672715 23.1069114914 22.8577920568 23.1344624612 22.9354838449 22.8847506212 22.5741440166 22.5475470379 22.5697324918 23.1606600454 22.7489858052 22.6141503795 22.8070243131 22.5814478791 23.0226534129 22.5989600085 22.7827060392 22.9656303755 23.0159960625 22.6733380372 22.8582722949 22.6389899528 22.9907480671 22.7414270122 22.8932042741 23.014603971 22.7648623155 22.8982083853
