Spatial_Output/BAU/BAU_0738.asc
NCOLS 155
NROWS 192
XLLCORNER 196769.923733
YLLCORNER 449719.875193
CELLSIZE 27.603701
NODATA_VALUE NaN
[rows 161 to 183 of 192, columns 53 to 105 of 155]
25.7934937804 23.0066669801 24.4924314248 25.8924362951 24.8508263669 27.0773584138 23.9515999934 26.2380951235 39.8505367303 19.1627792752 19.1627792752 24.7451805561 26.3632522426 26.4654078049 24.9897602697 24.4455951323 27.0831796966 23.337260808 26.0960401437 25.8469569938 24.7295828801 24.9299926265 23.5354532788 24.7452136088 24.4502720611 23.6651560408 24.9964692619 25.1075847792 23.8414427729 23.6842843846 23.6312060871 24.2097239931 25.179915477 23.3486637071 26.8505108934 24.0883722573 25.8347167715 23.581582789 24.233217447 23.386477463 24.86850677 23.1403598854 24.3351883235 42.8157162798 42.8157162798 23.3941358309 24.5663857991 26.7236219443 23.0793357477 23.6284613216 26.1704345045 24.578563085 26.7893552258
25.6211775826 25.0356790941 26.2316800555 25.5408068608 25.8031821731 25.5761586299 26.3581715481 23.9819249809 59.5886175835 23.6705515175 26.0245059722 23.4901447078 23.5997120783 25.2492902821 26.5454760241 25.8969577295 24.5803630681 23.7545431943 23.280393969 23.3715197773 26.7623786734 24.3588746574 26.4251153044 25.1851355202 26.1892654948 24.7576452403 27.233753157 24.4230830564 25.1122832905 25.7434426225 26.7233310746 24.1394963811 25.15978405 23.6513420831 23.0239724124 26.8812247857 23.3553658946 24.0880821408 25.053005343 26.7782974356 25.3966139644 26.9217500904 59.1506054677 42.8157162798 42.8157162798 42.8157162798 25.4118495845 24.8045980878 25.2198564527 23.8036310945 23.1051507016 24.7718453246 25.2601875956
0 24.2600130805 25.6945667611 25.7214995201 25.5933609633 25.2845347744 25.769037746 24.8429065071 26.6343990294 19.0299630915 19.0299630915 25.108760475 23.0202454803 23.947536749 25.9572160136 26.8250386218 26.9469965696 24.157934834 23.0835885621 24.5861074061 26.3119387311 23.2163796863 24.0781862824 26.3498775191 24.1345904857 25.4443079272 23.8634800988 24.3605748538 23.6481499411 26.6727657786 24.3968732229 26.2532499026 24.5091626148 25.2332071777 24.4164185858 27.2098959725 24.7890161658 25.4926762913 26.0300538413 25.0121029263 24.6545402641 25.4033887731 25.804588639 23.6912551883 23.7903461117 23.2220681126 24.6939579336 23.957006401 25.9158657863 24.4580440332 26.8323148012 27.1194258365 24.5063458068
0 0 0 25.5515228695 25.0829581459 23.6612165941 24.8031567064 26.3077679714 26.0333869238 23.4087243005 17.5351892634 17.5351892634 24.6295814426 26.515461632 25.396195766 25.7301413761 24.8915449775 23.5776912762 26.9392300684 26.758299411 23.031461322 26.3384922012 25.8230402 26.1087930704 24.5343016619 25.1690124251 26.587160594 24.959704636 25.9004808576 25.7864338163 24.4115823437 24.4242097203 25.6718130684 24.1886147022 23.9514628253 24.9321490726 24.4741489942 24.0252206673 27.1191657924 25.967301111 25.9528629738 25.8032219981 23.6723717239 25.1785621604 56.522939515 56.522939515 56.522939515 25.0659404444 25.4642191412 23.3219429835 26.686413873 23.2098064858 24.6767740911
0 0 0 0 0 0 26.6618901591 27.2238276569 17.0744791237 17.5351892634 24.446978174 44.5500393387 44.5500393387 24.3150420931 24.2742275704 25.9647934105 24.4388739487 26.5890616636 24.1378227294 23.2517094552 24.0841708343 23.448827101 26.9649575792 24.8010321314 24.1851846555 24.3711281433 24.1046576922 23.6713759258 25.9870937375 25.7609061275 25.1158138058 25.1703703936 24.9556888226 23.7282351221 25.5578850339 23.6051706838 27.1155904641 25.5530978939 23.4703695045 26.4904947849 23.3291389169 24.3710427388 26.4925939129 23.9328105774 56.522939515 56.522939515 63.4601461676 25.2229179708 24.5321721536 24.3345531427 23.155727831 26.9888875321 24.9734526801
0 0 0 0 0 0 0 0 19.3652413112 24.8151543261 44.5500393387 44.5500393387 44.5500393387 23.682983326 25.9468647294 25.1250786703 24.6546613472 0 25.1417356222 26.3738562834 24.0336660245 23.5344226111 24.4324320386 27.0140788288 24.0421974346 26.8880046811 26.2437814034 24.7980222136 23.9936308224 23.004112542 26.2902649548 25.5291896481 24.6093861119 26.6294810977 23.7909724597 24.0498302745 26.71791558 26.045201877 26.4476099145 24.038559127 24.481195987 25.0720826976 26.0946602585 25.915437973 24.9607686933 52.878965429 52.878965429 52.878965429 27.142672673 26.498157273 23.0095675299 24.6929729349 26.6744867862
0 0 0 0 0 0 0 0 19.2351525686 19.1552512714 19.1552512714 24.8243343752 44.5500393387 44.2701405749 24.1491023503 26.4053584107 0 0 0 23.7612422503 24.1505168003 24.1503587928 26.7106501249 25.9243001034 23.4847687454 24.1651031454 24.94125393 26.7688685372 24.6091628326 23.5813707865 24.3427429366 26.0869237072 24.6220762477 23.3006163847 26.8330681746 23.0503849896 23.6339097787 25.5311289674 24.3512354975 25.6059509854 26.2930401234 23.6366780925 25.7424684339 23.0819212095 26.3229784761 52.878965429 52.878965429 26.9415434943 60.8439005782 25.4209359845 24.7703171829 24.0486289762 26.3395489288
0 0 0 0 0 0 0 0 17.7612011678 19.3496115608 19.3496115608 44.2701405749 44.2701405749 46.7911373734 46.7911373734 0 0 0 0 0 24.2773834363 26.4093550051 23.5592994428 23.3162694637 24.0690940164 23.0691468912 24.819367915 25.7548366291 24.1978720815 26.2323035867 24.6043515897 26.9787356814 24.3066796313 25.2434312776 23.5259674449 25.5034029002 24.7379826748 25.6643504404 25.6723384294 27.0090570562 25.8860095034 23.3851051226 26.840487924 23.5478806191 25.4429493121 25.2028016145 59.1635289791 25.8277916533 51.0457905978 26.5865117675 27.2132028213 24.1697689059 24.9390960046
0 0 0 0 0 0 0 0 19.7694031066 19.3496115608 19.3496115608 19.7694031066 39.4805212471 34.0151375442 43.55592634 0 0 0 0 0 25.5039137906 24.1187903435 26.5879192491 24.7314606133 25.9643302187 26.3644219178 24.1164859979 25.5340874062 26.66439913 24.2886071958 23.498303275 26.8076046555 25.9512146744 25.4866692597 26.0313683891 23.8585034303 26.6030724692 26.8323813128 27.0005401667 26.7756083316 23.6101011801 23.1177060449 24.6691443143 24.5982628021 26.2101481672 27.1069278925 51.0457905978 41.9372370363 41.9372370363 44.3308279883 27.0455886111 24.3277598102 24.0211167108
0 0 0 0 0 0 0 0 17.3682088777 17.3682088777 17.3682088777 17.3682088777 46.6961798154 41.7985384285 47.5392468086 51.5996497576 0 0 0 0 0 26.3282519594 25.6327984185 26.5371920374 23.7201717351 23.3485388876 24.0277051746 23.0286913811 25.7826658859 26.0412966486 26.5388901744 25.4944606594 25.0690500648 27.0886621475 27.1379894147 24.5505645771 26.9959786371 23.6335039892 26.6953825314 24.3225480255 24.5235553275 27.0201935804 25.6004722354 23.0452992929 27.1734503467 26.450996857 51.8435081831 41.9372370363 41.9372370363 18.3787240959 23.0596074965 26.7505539175 24.4741390199
0 0 0 0 0 0 0 0 19.1519803619 17.3682088777 17.3682088777 19.2981497816 44.9453554079 42.5638010689 46.4240318698 71.3938233398 0 0 0 0 0 0 27.2063455277 26.1037059257 24.3154301745 27.0125323132 25.7313133934 25.7964791142 25.1002030481 25.929741604 24.0384444875 25.6282064408 24.7196626711 26.0947907097 24.3128930737 25.8948069732 26.6854430005 26.5221833259 24.7780573905 26.0113932368 27.0504151827 25.7760641605 23.4311313392 23.5098947601 24.3571425539 24.1596877382 25.2427457733 18.3787240959 41.9372370363 18.3787240959 23.563190666 23.2748538612 25.2400362955
0 0 0 0 0 0 0 0 18.6819703438 19.2981497816 19.2981497816 18.6819703438 0 0 0 0 0 0 0 0 0 0 0 26.1017906611 23.7818372771 27.2302480476 24.16689722 23.2843623903 23.8268161072 24.6904870165 24.904443857 23.7897853868 24.2354457886 23.8378955835 23.342845702 26.436174412 25.6155468821 25.0376138296 23.3673799205 26.2618090048 26.4156243822 23.9227815211 25.0678258562 24.6462415325 23.3747357431 25.0536717364 24.3304971448 25.484922474 42.5729812273 42.5729812273 42.5729812273 26.0267282082 25.3795363443
0 0 0 0 0 0 0 0 61.081855622 17.434067155 17.434067155 61.081855622 0 0 0 0 0 0 0 0 0 0 0 0 24.7496130767 25.4049516248 24.3863550273 24.2467653038 26.16479468 25.6227626442 23.4868695292 26.322862847 25.8721372317 26.7879105152 23.3947237975 23.1281644588 26.3799672281 26.5803319066 27.0275957228 24.4497912 24.221940112 25.5738218098 24.4673021081 23.4838056797 23.0377251513 25.0815635044 26.0281733106 27.0600610783 42.5729812273 42.5729812273 42.5729812273 26.1225017859 24.7364716774
0 0 0 0 0 0 0 0 19.0983037937 19.6985847499 19.6985847499 19.0983037937 0 0 0 0 0 0 0 0 0 0 0 0 0 0 0 0 0 0 26.0441892095 27.0927130041 24.3854966223 23.8795561365 27.190447706 24.993101366 25.6018537272 26.5375215684 27.1179605436 24.2428391581 23.2922572117 26.0534166067 26.3645402281 23.8578658118 26.4691197185 26.8488874008 26.1787698839 24.0678665648 19.4687578914 19.4687578914 19.1620116677 19.1620116677 23.4931693657
0 0 0 0 0 0 0 0 21.2506186657 19.6985847499 19.6985847499 21.2506186657 0 0 0 0 0 0 0 0 0 0 0 0 0 0 0 0 0 0 0 0 0 0 24.3512228479 25.626660961 24.4628974478 23.3192901182 25.2261189528 26.9405338286 26.0165146402 23.1681603179 23.4171682131 26.1949287963 24.5846036485 25.8547491872 26.2065553063 25.128496821 25.3246914879 57.8065898433 57.8065898433 57.8065898433 24.4921811197
0 0 0 0 0 0 0 0 18.3059762071 19.5241476189 19.5241476189 18.3059762071 0 0 0 0 0 0 0 0 0 0 0 0 0 0 0 0 0 0 0 0 0 0 0 26.3491261964 23.4086696109 24.1994859187 24.8345995654 24.1677910372 26.0555529478 25.1114831242 25.1187388794 23.4672795899 25.8534315342 23.3329838207 26.1299242427 26.287413607 24.9195529476 46.1536695175 57.8065898433 54.9061720449 54.9061720449
0 0 0 0 0 0 0 0 19.143034684 19.143034684 19.143034684 19.143034684 0 0 0 0 0 0 0 0 0 0 0 0 0 0 0 0 0 0 0 0 0 0 0 0 23.2209363822 24.7193968016 26.3630419574 24.7283029022 23.0414161023 25.5206480777 23.3112635771 25.1048173208 26.6427009314 24.3267691502 24.2249778984 25.1178627462 23.0674970519 26.262628726 54.9061720449 54.9061720449 71.5221100666
0 0 0 0 0 0 0 0 32.5932445136 19.143034684 19.143034684 32.5932445136 0 0 0 0 0 0 0 0 0 0 0 0 0 0 0 0 0 0 0 0 0 0 0 0 0 24.3742613013 25.7110708588 24.8308109584 23.4976392398 26.4903322907 25.6356986507 24.8986314768 26.5255973187 23.2452661926 26.6129698304 24.5634304602 23.3313927936 23.8224487679 17.6988998355 71.5221100666 47.0993062524
0 0 0 0 0 0 0 0 0 17.0976122661 17.0976122661 0 0 0 0 0 0 0 0 0 0 0 0 0 0 0 0 0 0 0 0 0 0 0 0 0 0 0 25.1390382425 26.5843845815 24.1332134989 23.6534895222 26.1721285875 24.0805405285 26.8249133595 25.319636237 26.3842481317 24.946610173 27.2232052964 25.6398028777 23.4870086639 63.389933344 63.389933344
0 0 0 0 0 0 0 0 0 0 0 0 0 0 0 0 0 0 0 0 0 0 0 0 0 0 0 0 0 0 0 0 0 0 0 0 0 0 0 26.4642425032 26.0174077897 24.0955611667 25.6930427516 25.8058233851 26.5245832302 25.7084978218 25.0130446796 26.8787529685 24.690403821 25.6811259985 23.2424371024 55.045733371 55.045733371
0 0 0 0 0 0 0 0 0 0 0 0 0 0 0 0 0 0 0 0 0 0 0 0 0 0 0 0 0 0 0 0 0 0 0 0 0 0 0 0 23.4432751583 24.6034444365 23.1853430405 23.3168479433 26.2724666959 24.9197748348 25.6758978288 24.7276112573 24.6824461343 27.0038195184 23.8960520304 55.045733371 55.045733371
0 0 0 0 0 0 0 0 18.4235260558 18.4235260558 18.4235260558 18.4235260558 0 0 0 0 0 0 0 0 0 0 0 0 0 0 0 0 0 0 0 0 0 0 0 0 0 0 0 0 0 26.1179725505 25.3100328591 26.763877607 23.6439979437 23.8057166499 23.8910427057 24.3329171955 23.6901299751 25.7221331283 25.5304627399 24.4974377834 48.2403973543
0 0 0 0 0 0 0 0 0 18.4235260558 18.4235260558 0 0 0 0 0 0 0 0 0 0 0 0 0 0 0 0 0 0 0 0 0 0 0 0 0 0 0 0 0 0 0 23.6543237954 26.6588867655 23.9363395371 25.0642042157 25.7244884586 25.082405563 26.206629259 25.718769228 23.4439061955 48.2403973543 48.7369465615
