Spatial_Output/BAU/BAU_1123.asc
NCOLS 155
NROWS 192
XLLCORNER 196769.923733
YLLCORNER 449719.875193
CELLSIZE 27.603701
NODATA_VALUE NaN
[rows 46 to 68 of 192, columns 0 to 52 of 155]
28.8961375083 31.6537733726 29.7791411149 28.6129481092 30.0751835997 29.8825127624 31.2891563441 31.0491445588 30.0506712159 31.3797204667 31.2293794608 50.8393300895 55.3318946541 30.191032187 29.3375812312 31.5555991752 31.7443447491 28.8611694456 28.5195441348 28.5641353669 30.300599049 55.1535626692 55.1535626692 29.0021760447 29.5156269521 30.2401089133 28.5714118553 31.0589225754 29.4883327216 31.0396661917 30.2778784295 29.7685927031 63.5530848912 63.5530848912 65.5136373282 29.3739222327 30.748159297 29.6337813272 30.3666234584 31.1847118095 31.505406232 28.7947477485 31.7389530272 31.3574160688 30.8398814484 28.7739758783 30.0317735586 29.5014472938 58.8235058069 30.1256910311 31.7582814666 63.1979757414 63.1979757414
31.6028953843 30.9935676405 29.349732829 31.7311125934 30.2883138515 30.8660859497 29.634918596 29.2100497451 29.2552252447 31.3077752232 29.9268315534 28.8784573226 55.3318946541 55.3318946541 28.8925599924 28.6222149215 31.1139707517 29.4396137791 29.9465688718 31.6507714695 29.8952221851 28.8256188458 55.1535626692 28.6550494628 31.8538375893 29.5807549468 31.3114633378 28.8057272937 30.8942402106 30.4156941931 30.7224904642 65.6491781568 65.6491781568 65.6491781568 65.6491781568 29.9730622974 31.6557990171 30.5219623704 30.3724999143 29.9986991707 31.8652356025 30.4917915511 29.3771823265 31.3212854571 28.5492123056 31.6446511719 31.7213086843 31.3732813404 30.7224650981 29.404811495 31.819994834 31.43720912 57.6103291175
31.71548354 30.9470192125 29.7520501847 31.6550562181 30.342901708 29.8253111235 29.1584224302 28.5560167494 30.9808834105 31.0746278378 30.0254885905 55.3318946541 55.3318946541 55.3318946541 43.5382152325 29.6949853303 29.3524416328 31.2716934473 31.3538864192 28.9233899723 30.4797912819 29.4693252174 30.0187789994 30.9775680159 29.2085414363 29.3950674533 30.4054066695 31.8801755161 31.8265812641 28.5553326914 31.0007323912 42.4880040575 65.6491781568 65.6491781568 28.6564408967 30.036259682 30.628850228 28.7478976678 28.7580070392 29.8245480202 30.1466107769 31.0115179719 28.882832396 29.0430401489 29.5464471707 28.9553511425 29.7924176682 29.9842465356 31.9291779157 30.4148535183 30.7946158152 29.5610832416 57.7647292332
29.9179562716 31.9948547331 28.6986533911 30.6564567195 31.8414306116 31.9499066918 31.0235837405 31.8300485548 28.8993052058 29.0240636738 31.3482211611 31.053002174 43.5382152325 41.6495898906 41.6495898906 41.6495898906 29.6844626364 30.9965320446 30.9032229254 31.1092842833 30.5254530465 31.8204813575 29.4197004111 31.042298701 29.4870830708 31.8250552542 28.64268744 30.7008021273 30.5176429722 30.1835610044 31.5172565872 54.01407319 54.01407319 54.01407319 54.01407319 30.523452807 29.8754750557 29.3911558352 29.3738497126 29.6671961581 28.8120664 31.0758047563 29.1340683843 29.4414826361 31.1806930849 30.1292372784 29.6687562107 29.2714351413 29.1717993588 31.6587122614 29.6714051703 29.3696967061 29.4312535274
31.7611250546 29.673996332 31.7271635291 31.5549582801 31.1881693901 28.5579960851 29.9097318488 30.9864560798 28.6942254392 30.6721458436 31.2426759078 30.1385379205 29.6443526021 41.6495898906 41.6495898906 41.6495898906 55.4623371634 30.9387253903 28.5885913542 29.856128998 29.7083799524 28.5327964335 28.8239386241 31.9455585531 31.9435634019 30.1066953492 29.7038003811 30.1615894004 30.3915287608 29.4811135071 31.5171138933 29.7205858329 30.1189222062 48.1435445417 29.5415347547 29.7102023825 31.58834312 29.8027304052 28.7098976658 29.5763227077 28.5148569166 29.8667675054 29.3707476159 29.316373739 29.2804128583 28.7470214477 31.681335464 30.8001459117 30.9191701166 29.9822662353 31.4335078629 31.9123193765 28.9685497188
30.3789965121 32.0231896792 30.3159420024 28.7124567922 29.8979214706 31.3694682733 29.5934978717 31.4661128525 31.1150504729 30.2876728478 28.8116299656 29.2702744959 31.3991414649 41.6495898906 55.4623371634 55.4623371634 44.3269211002 30.1547332724 29.4774835791 31.5422213521 30.5655975042 29.2933978327 70.8074770295 70.8074770295 70.8074770295 51.4528626222 28.8731255824 87.3382810065 54.896489949 54.896489949 42.617511761 64.9981036923 64.9981036923 64.9981036923 28.7320377459 30.3519711655 29.5161502281 29.857383116 30.5366284286 31.4516586485 28.9047457453 29.4886916201 29.445430541 31.1262604867 30.8466245009 30.2152719328 28.6888514641 30.2567554806 31.7943181625 30.761547255 29.9317461126 31.5258879461 29.0059806261
30.7625829799 28.6924782902 29.7722651556 30.0160900437 31.9583201468 30.2398709801 30.1199662437 31.0961551995 28.880623575 28.8889007227 29.4687985001 29.3749294443 31.4904193938 29.4394224954 44.3269211002 46.4830028331 60.2418594122 46.4830028331 31.9542014614 29.3442894133 31.8377499911 29.7853484105 28.8954829068 70.8074770295 55.8073102709 52.1184801717 52.1184801717 52.1184801717 29.6110732142 54.896489949 54.896489949 42.617511761 64.9981036923 64.8751939598 30.7198959616 29.0595607219 28.6953024424 30.4333854018 30.7042060511 31.2141160165 30.0388661069 30.7365518487 29.052414327 28.8208831875 29.2866956149 30.557124664 31.3287506243 29.0716909977 30.2922079882 30.817497848 31.1444485777 28.8144347662 29.2529141802
30.1677812381 29.4114259658 29.8276625217 29.0561053313 29.8263413784 29.9495427911 31.881981616 29.4820821873 30.7973567085 30.148398266 29.9689554004 29.3692689185 29.469051558 31.3922456539 69.3869271784 60.2418594122 60.2418594122 60.2418594122 62.3652115667 31.7866157793 31.314758161 29.0296759633 28.8710247436 50.237610583 55.8073102709 52.1184801717 52.1184801717 87.3382810065 29.518045072 54.896489949 31.1729103384 42.617511761 29.1797954716 55.9294780917 62.6246926062 29.3848234334 31.2533162022 29.5013911689 31.8335578522 29.3088017882 28.5379067734 28.9317229073 30.3045699066 28.9912660106 29.2287067005 29.6080131001 30.2846920645 28.8560132136 31.1622663569 31.5408486186 28.6767131789 31.168967244 41.6394307804
28.5412171382 30.6603735204 30.8291548465 28.6658365023 31.4834138598 29.0153595684 28.6444139752 29.3824545705 31.3278407637 30.7483578659 29.9671968611 31.140768336 29.9838759169 30.1573422066 60.1831647547 80.1925570475 60.2418594122 74.2218927943 30.9806514792 30.1955032548 29.8138591013 31.7340079654 31.7823775492 29.7155229317 59.1244698797 59.1244698797 30.0149862759 31.5791148973 31.0758302839 31.4772739771 30.4443504669 29.8574818675 55.9294780917 55.9294780917 30.9775845731 29.0023672154 28.6176897368 28.9497984916 29.4165209013 30.4628824422 28.958618064 29.4742118673 28.7401420681 28.5230696431 29.2497198305 29.0854611541 28.6389709858 31.7071111171 28.7244073893 30.4483523108 28.6781658956 30.07858818 53.3816761041
29.5896116572 29.0636988006 29.1847677179 29.2052698518 28.578464603 28.9585826554 30.6814948484 30.7840212646 29.4452483578 28.636480133 31.9117297296 29.0770649149 31.1294238523 29.5859371005 28.8420182709 74.2218927943 66.6332785048 30.4198639663 30.7714632876 29.2739518213 29.5373933732 28.9446690144 30.7852566439 59.1244698797 59.1244698797 59.1244698797 30.4239768975 29.8228338559 30.7680112756 30.3496472128 31.5805535778 29.0140906417 66.0870436442 66.0870436442 67.3298137429 30.2871090247 30.7086917551 32.0079367094 30.8588249253 31.970298008 28.636225906 30.3849350444 30.4592501016 29.9835987949 30.6196183172 29.2908458585 29.3593212778 30.111135764 30.3703475449 29.6548444494 31.609186739 31.7826116721 29.3081984843
29.498474245 28.5856562887 29.4552047618 29.1573028902 29.1740150923 31.0507071255 29.2657645814 31.3333013431 28.6056170589 28.5796049351 31.736477676 31.9803657776 29.379730878 28.637018409 31.3130089436 66.6332785048 66.6332785048 66.6332785048 30.8508190611 31.012756213 29.8231970964 31.6797827139 31.0370345326 29.0648588067 59.1244698797 76.7234949966 66.8325408954 29.0923510437 31.8049236138 30.4251114721 28.5694295417 31.0780848009 57.1821545059 57.1821545059 82.7792897466 31.579908259 30.9423045093 31.6830374762 29.7241797258 29.1157800236 28.5982629993 30.0219927364 30.5698704961 29.5171374797 30.7381408264 29.3684956931 31.3585450885 30.4865344148 31.9801725966 31.2425104191 30.1077596533 30.5094464718 68.1912898699
31.5479941037 29.7613105231 28.5789917497 29.0050194121 31.436846202 30.2939973261 29.9376607274 31.9044254703 30.2869741408 30.8686840822 30.8193488247 29.1890052496 31.7615357593 29.1938551814 28.9082421786 30.496106072 28.9911813152 30.2314825649 29.0129753779 30.3683847565 28.7056470034 31.4357569908 28.6647571749 76.7234949966 76.7234949966 76.7234949966 31.7383689457 31.1417711528 29.2616462029 30.7675200151 30.3265254734 57.1821545059 57.1821545059 57.1821545059 57.1821545059 30.4354838251 30.2533228263 29.1464817056 30.1521725644 29.9943637284 30.4729289377 30.9214232352 31.8877712803 30.7737928607 29.9738834673 30.1269430029 31.1238439556 29.2508921953 28.8588380502 30.9606788745 30.3975589544 31.8052499081 30.8246724254
29.3002551175 31.2965698763 29.6566067892 30.056347219 31.9601383507 30.0941866775 31.8651164791 30.412190369 32.0258226723 30.102229484 28.6847518594 30.3593344066 30.7597693608 29.1632282674 31.7507477263 30.3721276285 31.0933523748 30.2395760985 29.4828458363 29.6723833854 31.3938061524 31.1178244743 30.936387805 28.9481196634 30.5460633144 29.2081230066 29.374450167 28.8586681434 28.5461173285 29.4160543844 30.5315071878 30.3927910038 45.8570003783 45.8570003783 31.9589089152 29.505650537 30.4991679822 30.2632307475 29.6002616944 29.463541808 30.6320915323 29.0983924096 29.4679289717 31.926915101 31.318894117 30.0754440371 29.0617385874 31.0780469743 29.3707595191 29.4526412606 29.0400260391 31.5495273839 31.0665262383
29.3383339873 28.6624786763 30.9994284877 31.7273437992 28.9971007091 30.3097638696 29.1945162417 30.3932138781 28.7766959761 29.0899104767 31.9657317217 28.9437020536 31.7338256749 30.2265831549 28.6589801451 28.8792263876 30.7260701009 46.1975547344 29.8165885949 30.5150199108 29.3370286651 29.9328882017 30.6799123104 31.2440804964 28.7376610394 44.8510809248 31.9672731943 29.7870270273 29.0112332121 28.5745278461 30.2244681609 31.8214322635 45.8570003783 45.8570003783 45.8570003783 29.5651434818 28.6730688455 29.4440433489 28.7441160791 31.4670545606 29.8316613583 31.9214878429 30.6766861449 28.8535324146 29.5054412448 31.0170433219 30.5380439984 31.8184831121 31.913250523 30.1300001682 29.6844998889 31.6767129458 30.7985469804
31.0768872226 28.7872225428 31.9208720646 31.0833148245 30.4652581863 29.8554550835 30.1126205907 31.8629776575 29.6963455705 30.6926803139 28.7383687787 30.7139088522 29.0950095028 29.339541969 29.1514408929 31.8850824354 46.1975547344 30.8846495361 73.0805943936 29.3172026019 46.0977197735 47.376387378 47.376387378 59.9460025801 59.9460025801 44.8510809248 67.1483853297 43.906706951 57.8249189759 31.3360790908 66.3665760868 58.1048987574 53.3341660045 64.0556484059 28.8600701175 31.7288211291 30.2827149404 29.9495297652 29.9569080531 31.3186882232 28.8255435611 29.8740833122 31.1677067705 29.997593869 31.2281735048 31.4380298761 29.6271162043 31.7431657677 31.8668555803 31.1152640052 29.9322052985 57.9488358854 57.9488358854
31.4687839441 29.984571661 31.2982882655 30.7871480684 28.8924637992 29.105410011 29.6502514229 28.8995200687 29.3207289143 31.6625708475 31.4217436642 29.2088118963 29.7967498632 30.5596094199 31.9639523992 29.3168720156 29.2207975753 28.995636182 73.0805943936 73.0805943936 46.0977197735 46.0977197735 47.376387378 31.476591095 59.9460025801 44.8510809248 44.8510809248 57.8249189759 57.8249189759 66.3665760868 58.1048987574 58.1048987574 53.3341660045 53.3341660045 29.1329357096 64.6695612807 28.8813449783 29.732305187 31.1793567682 30.5865483948 31.1565674108 30.154738497 28.8099133764 30.7665154161 29.2230730105 31.995047434 29.8831320499 31.4404158971 29.601242077 30.4278612353 31.5461766037 57.9488358854 57.9488358854
30.5735774424 29.9220752237 30.9659447179 28.8759518962 30.1988027953 31.4113435319 28.6793791555 28.9613277124 30.7120524957 30.4033498889 30.2151309776 30.693826166 29.6727940947 29.0479115161 30.5466384055 28.8070539307 28.6084884627 28.672687898 73.0805943936 30.3579676775 46.0977197735 31.9801285166 45.4730000882 59.9460025801 31.3201529019 44.8510809248 63.4919546465 30.5626289015 57.8249189759 31.3204886273 66.3665760868 58.1048987574 53.3341660045 30.191457906 30.7851655972 29.1685725468 29.0584307128 31.8986987293 31.3550241311 31.7006391903 29.7283950503 31.3441348218 31.8257435773 28.6114101774 30.7922754324 29.2118471929 31.9928296511 31.4367749221 28.727754832 28.9453929123 29.1610589082 31.1676291559 57.1955072525
30.8570904644 29.3126956878 31.8699259059 31.1895200718 31.7452000931 28.6200052625 30.897095216 31.0309974532 31.3674465292 31.058354182 30.2517664292 31.2394772935 31.7389437567 31.2650815236 29.1308391847 30.7346260471 29.1097134635 29.7716427554 30.0590659659 31.7720757864 30.2536191442 30.7097064325 29.7384824457 28.5149886614 31.4163735633 65.5609218804 65.5609218804 30.1627542202 31.1225426579 31.6634644384 31.0592316913 29.7770127748 70.4762569158 30.0978323216 29.8210340596 30.5081334019 29.6024282689 30.2379507474 28.5531422805 30.8313899409 30.6275127781 31.9110969634 29.8437630599 30.7367241099 30.1843994167 29.8936083962 31.4478095599 31.1503663166 28.5138235149 29.0631930482 30.2870870841 30.817164223 31.3641354337
30.7825698476 29.0974998215 28.7668031653 31.7554940624 28.6362630168 29.0972456457 31.9521839269 31.6270653986 29.7041460205 29.5996423645 30.3695261993 31.3110102109 29.5556638617 30.3732944235 29.3816795062 31.2891014573 31.2377128446 29.2350820816 31.139424237 29.8821475639 31.0383733055 31.6660795419 30.4474391094 29.2775392522 65.5609218804 65.5609218804 65.5609218804 29.4652878706 28.8477224387 31.498664165 29.5236253796 29.6718344616 43.0190172649 43.0190172649 43.0190172649 31.0071045676 28.8164423236 29.3940657253 29.3848658848 31.7379579841 30.3287871434 29.1588261413 30.759115581 30.7657489327 29.5689159391 32.0049586679 31.6536549649 31.7620659863 28.6955687071 28.6977827179 58.7585692815 58.7585692815 58.7585692815
30.2411343823 31.7877278229 28.660827657 30.5555979264 31.9973577169 30.8879683952 29.0336252254 31.3268104857 30.0729993212 31.3109077746 29.6242841688 30.0787731573 30.541956767 29.6748144744 31.7079404408 31.1905650509 30.6729179415 66.3678228836 29.5593163196 30.2422125194 31.7881970054 30.3682552545 30.0196724983 31.6603895734 29.3598981671 64.3601628653 65.5609218804 61.3252303814 71.1737963046 28.541183925 31.8485907188 31.7941664587 30.2370293849 43.0190172649 31.8886359118 30.8135979591 30.7980434478 30.0754028597 29.5511903251 29.5279114352 29.3256834684 28.820023693 30.0670612109 31.9778611827 30.3851950502 31.1060478917 29.4297498188 28.6239779139 29.2676201175 30.8239386045 28.8692976717 58.7585692815 31.0818791445
28.5563190461 28.6895687462 30.0329307709 29.1687342419 31.6464895115 28.9628256157 29.149409963 28.6992220632 30.7753595276 31.7141286403 29.0345937185 30.7892788565 28.7592746258 30.026658976 29.8823179451 31.1928314838 30.2201803386 29.8482195022 31.1090283824 31.2291227694 29.0458145358 29.936637577 29.4995789823 29.0405280009 31.3790223246 61.3252303814 61.3252303814 61.3252303814 31.393394977 31.3102888958 31.3282833752 30.051281892 30.3845342862 47.1841281409 47.1841281409 30.9406131523 30.6896015737 28.5007908709 30.8444308454 31.492490726 30.5067224937 30.9362617248 30.1682574359 30.9651809771 29.4409021078 29.8574855323 31.7693703295 31.5840630903 30.0152812688 30.8870804465 51.3820897094 29.2209754537 31.3103452233
29.1132340673 31.410859183 30.8231529136 29.344039371 32.0218065174 29.8019492756 29.1207038104 29.2015358878 31.2813731169 29.3420386685 30.9429048611 29.6485722358 31.8962109939 29.5606119175 30.560714336 31.1236973223 31.2835308059 31.5985658191 29.6835140952 31.5542640094 29.3822798289 30.8188516174 31.3676418236 30.3970407375 31.5194522483 31.8574268051 56.8968141978 61.3252303814 29.3963858248 29.5005157769 30.7774263653 31.7298281702 31.0843814792 43.9942692049 43.9942692049 31.633380322 30.9775025387 31.8116569242 29.1663999054 31.9984687049 29.8802513967 30.2375766396 31.9753510925 29.6748450523 31.1842940935 28.9574364356 31.2170138373 29.9260049843 30.5580295724 28.6328809131 30.0627997928 63.4487819029 28.6350613397
31.1401116097 30.6007446625 31.0718816279 28.6538741251 30.0226558668 31.0842818565 28.5884542518 29.7297654848 28.9249989158 31.9359740225 30.5129882027 30.0924626725 30.6636028324 29.3566513934 31.4787679466 30.0597524596 29.6115961488 29.0013437797 62.9452469676 62.9452469676 31.4426654235 30.7255036204 30.0157439088 30.2503149019 28.5195118139 31.145921579 53.2815113973 65.9600216961 28.5258145839 29.7908116027 30.1522178525 28.8125192573 43.9942692049 43.9942692049 43.9942692049 56.2721145073 30.5580404488 30.908381428 29.8078557663 29.0936661133 28.9705185991 29.7532101043 29.0571623253 29.2367394352 31.4206671786 29.2982377397 29.8165607373 29.1520036264 29.6114826112 30.6989633638 52.8740002317 47.1212923589 31.1693926651
