Spatial_Output/BAU/BAU_0280.asc
NCOLS 155
NROWS 192
XLLCORNER 196769.923733
YLLCORNER 449719.875193
CELLSIZE 27.603701
NODATA_VALUE NaN
[rows 115 to 137 of 192, columns 0 to 52 of 155]
0 0 0 0 0 0 0 0 0 0 0 0 0 0 0 0 0 0 0 0 44.611841305 45.1002478084 45.1503686507 44.8701842548 44.6373660082 44.7641302144 45.1010735 44.7538384365 45.1442381589 44.6251607894 44.6255496392 44.8608994548 45.1494282062 44.8456390936 45.0623028065 44.5890830769 44.7774977786 44.9769087667 44.5391819798 44.5562207911 44.9856695052 44.8316294965 44.590464605 45.0437384307 44.8501735878 44.607473821 45.1599063821 45.0669453858 44.5787798868 44.7887870504 45.0924110235 45.1602719233 44.6471153375
0 0 0 0 0 0 0 0 0 0 0 0 0 0 0 0 0 0 0 0 44.9152105669 44.9147828294 45.1957253892 44.7563547153 45.0319707288 44.8701265872 45.1529949178 45.0625590651 45.1847645375 44.7593367298 44.5486394249 44.5202756833 44.8623716059 44.7909789033 44.7159534832 44.9854433362 44.5366738183 45.1473481204 45.1669189326 44.6680387818 44.9489185257 45.064126471 44.6677501092 44.8389342551 44.5424824109 45.1132225516 45.0229507985 45.2051717982 44.5060750927 44.9158524796 44.9932672941 44.9530086062 45.0797901199
0 0 0 0 0 0 0 0 0 0 0 0 0 0 0 0 0 0 0 0 0 44.8134662104 44.7909094368 44.6858351614 44.9577057548 44.8174874792 45.1897825805 44.5503167157 44.9931473922 45.1226907148 44.9486228366 44.8180208899 45.1093897548 44.919292925 44.5169826463 44.5537456911 44.8920008188 44.791663675 44.5780169263 45.0682422963 44.5961772005 44.5375682312 44.7008538218 44.8280223846 44.7889155697 44.7246870736 45.1951604749 45.0243560754 45.1741125408 44.7872150742 44.5272396724 44.8486345091 45.0339329325
0 0 0 0 0 0 0 0 0 0 0 0 0 0 0 0 0 0 0 0 0 44.6015422832 44.7108049815 44.9410622919 45.1666509477 44.7881293902 44.5329071329 44.66049424 44.7106801001 44.5919873167 45.0586795556 44.9287436996 44.5108165343 45.1754872318 45.1912615906 45.0753968193 44.8337801526 44.8582967446 44.5472137259 44.8115449143 45.07476621 44.6172236795 45.0638935833 44.9594061822 44.7948181909 44.7968053039 45.1398882628 66.2522500661 66.2522500661 44.8305987197 45.0094712183 44.9482265276 45.0946487171
0 0 0 0 0 0 0 0 0 0 0 0 0 0 0 0 0 0 0 0 0 0 45.130910449 44.727758794 45.1064700213 44.5080636008 44.5479795379 44.8888718578 44.9523629328 44.9481231304 44.6760501537 45.0246448982 44.9985565212 44.7573723639 44.9298591931 44.5084833969 45.1682781595 44.77556882 45.0415746806 44.5686057695 44.8770419295 45.1291277275 45.1336591451 44.925824742 44.6786109292 44.5985011823 44.5851858748 66.2522500661 66.2522500661 65.9645357527 45.0499570678 44.8306371471 44.7585913736
0 0 0 0 0 0 0 0 0 0 0 0 0 0 0 0 0 0 0 0 0 0 44.7756616684 44.7708746354 44.8448351731 44.9427478067 45.0934889784 44.6610280818 44.6912031691 44.7301286699 44.9906360264 44.7083732963 44.805787636 44.5283736246 44.9760708834 45.0474759958 45.1557612473 44.9375998196 44.7428988862 45.1973456272 44.6756910184 44.5027647214 44.9920088238 44.6815705643 44.5216286688 44.6595933824 45.0154815328 70.4716947213 65.9645357527 65.9645357527 88.8167189127 45.0118545699 45.1794747774
0 0 0 0 0 0 0 0 0 0 0 0 0 0 0 0 0 0 0 0 0 0 0 44.529541117 44.6374929488 44.6366273464 45.2017266331 45.0501207765 44.8328294259 44.6000232092 45.07864546 44.5351765474 44.6049045702 44.7473365505 44.7177554219 44.9437215776 45.0548564268 45.0344002506 44.5146239335 44.8232024872 44.7311628833 45.112917159 44.935766222 78.6483330779 78.6483330779 45.0269789181 44.6301739165 44.8104510174 88.8167189127 65.9645357527 66.3045296737 44.5834251272 44.9125631685
0 0 0 0 0 0 0 0 0 0 0 0 0 0 0 0 0 0 0 0 0 0 0 0 44.8341393021 45.0768075944 44.7438321425 44.8187692439 44.667235534 45.1579779264 45.1568696763 44.7523948038 45.0527866315 44.5003485673 45.1966330368 44.5928696005 44.7840279938 44.7567372036 44.673711183 45.0300538094 45.0429379299 75.0924424163 75.0924424163 67.7859027235 70.8018767911 45.1123150017 44.7330391562 45.2070792491 66.3045296737 66.3045296737 44.9834118485 45.1379600741 45.1971242395
0 0 0 0 0 0 0 0 0 0 0 0 0 0 0 0 0 0 0 0 0 0 0 0 45.0557469728 45.1064153397 44.8429200878 45.1497033396 44.8002883457 45.0099487113 44.9156334441 44.5290199491 44.588154412 44.6052105786 44.5184841172 44.9508483986 44.9296167823 45.1571998768 75.464777618 75.464777618 44.6720472991 44.7581066257 61.3945315644 67.7859027235 67.7859027235 74.5249042041 91.7814884021 91.7814884021 71.6513768972 45.0390050011 44.8990506962 44.7768498579 45.080845132
0 0 0 0 0 0 0 0 0 0 0 0 0 0 0 0 0 0 0 0 0 0 0 0 0 44.5125611449 44.9895132088 45.1647584518 44.5906545283 44.7153738445 45.1199879668 45.1290873233 44.9440656038 44.7485540918 44.7574736939 44.6545829865 44.8432368882 44.6784562078 75.464777618 75.464777618 75.464777618 87.2804060671 61.3945315644 67.7859027235 67.7859027235 74.5249042041 91.7814884021 91.7814884021 71.6513768972 65.4204314611 44.7901162106 44.8159079426 44.911602195
0 0 0 0 0 0 0 0 0 0 0 0 0 0 0 0 0 0 0 0 0 0 0 0 0 44.9021226783 45.0434977933 44.6453593778 44.6938256757 44.6376385745 45.023400195 44.5031368837 44.9009552025 44.5392176918 73.5495387466 45.1921566285 44.7274527943 44.5223182764 80.4380322257 75.464777618 44.7264389719 44.7453138735 70.6633218029 87.2804060671 45.0208755077 74.5249042041 91.7814884021 71.6513768972 71.6513768972 44.8876337615 44.9465863823 44.8276117626 60.8758397828
0 0 0 0 0 0 0 0 0 0 0 0 0 0 0 0 0 0 0 0 0 0 0 0 0 0 44.7880767902 44.6741686222 44.9575059468 44.5355513447 44.9252927422 44.5974362929 66.6964201934 66.6964201934 73.5495387466 73.5495387466 44.6715192954 44.7244210922 44.6475278977 44.8031404333 44.5114503824 70.6633218029 70.6633218029 70.6633218029 44.7851104795 44.8507495976 45.0416551598 45.1445099132 44.9927036829 45.1824855148 44.7548915462 44.6590208048 44.927307397
0 0 0 0 0 0 0 0 0 0 0 0 0 0 0 0 0 0 0 0 0 0 0 0 0 0 45.150355733 44.5626468547 45.0028328268 45.085047008 57.9455270752 45.0438407713 66.6964201934 66.6964201934 73.5495387466 73.5495387466 45.0113772302 44.8796203363 44.6639186202 45.1778847476 45.0450466823 44.5321760501 44.9708884433 44.7659840082 45.1799962567 45.1226323865 45.1682696009 45.0957058695 44.9406530575 45.1363589128 44.8838695222 44.6310274534 45.1469515516
0 0 0 0 0 0 0 0 0 0 0 0 0 0 0 0 0 0 0 0 0 0 0 0 56.5228753165 65.6923202101 71.2030085455 44.9300476344 68.0413753225 44.7700919128 44.6319008743 57.9455270752 66.6964201934 66.6964201934 44.5543284739 44.9887273195 44.9449400104 44.7527286665 44.9344233988 45.0101134578 44.5669267569 45.0728594116 44.5807427019 45.0014264729 45.1864936348 44.8241704915 45.167390525 45.0133902264 45.065825397 45.1642602891 45.1244730884 45.1494256384 44.8436098794
0 0 0 0 0 0 0 0 0 0 0 0 0 0 0 0 0 0 0 0 0 0 53.6155109158 76.4977647723 76.0770423593 65.6923202101 65.6923202101 65.6923202101 68.0413753225 44.6339141568 45.0714055998 44.8451612242 45.0189659286 44.5340378711 45.0895349553 44.8126807787 44.6493040187 44.9692239057 44.9684479196 45.0309303479 44.9343517401 44.8416615379 45.175865416 45.1029355462 44.8678856652 44.7478880608 45.2012176977 45.093596475 44.5923106176 44.6004383091 45.0788936298 44.6896161079 45.1730370946
0 0 0 0 0 0 0 0 0 0 0 0 0 0 0 0 0 0 65.1390735966 70.9459960159 59.6910878844 59.1909831635 66.541100535 66.541100535 66.5011709448 85.9576722122 65.6923202101 85.9926258309 67.6581776949 44.6459846791 44.7030125991 45.0288124327 45.0656052173 44.6646044175 45.0957244037 44.809212816 44.5560478981 44.815472765 45.2018311321 44.9767335601 45.0340588083 44.6807193113 44.7895317358 44.9729815789 44.7117187377 44.9080136386 45.0330812056 44.5030209552 44.7337111102 44.5399931762 44.9120753739 44.5495793887 44.9616505783
0 0 0 0 0 0 0 0 0 0 0 0 0 0 0 74.0679813865 75.2692120896 72.1999579114 65.6826571757 59.6910878844 59.6910878844 59.1909831635 66.541100535 66.541100535 66.5011709448 76.0770423593 58.3494605592 0 0 45.1004332586 44.9896068741 44.6589363843 44.8864465312 44.9765387614 44.8624048856 44.9480295428 45.00529948 44.6521763098 45.1139981203 45.0428085413 44.7537463547 44.5281151498 44.7910228512 45.0901800025 45.027486955 44.8693775219 44.8737817752 45.1339709827 44.7438411727 44.950805171 44.8617164731 44.8074074665 45.1665915299
0 0 0 0 0 0 0 0 0 0 0 0 0 0 0 87.2865280257 76.7379316642 86.8257268541 68.6272784427 59.6910878844 59.6910878844 49.0795940871 59.1909831635 66.541100535 66.1294690841 70.6391520557 0 0 0 0 45.0806821262 44.866148901 44.9953742528 44.9550519631 44.7448815569 44.6673739381 44.8401446255 45.0321697133 45.0975521803 44.6244399211 44.522859981 45.0595161033 44.7861457306 44.6914918831 45.1952189884 44.6436826546 44.6058483398 44.5416428637 44.8468510667 44.8951984409 45.1614904199 44.5407868647 45.0948758319
0 0 0 0 0 0 0 0 0 0 0 0 0 0 0 86.4855639893 86.9602057948 73.1168331924 68.6272784427 73.7421999531 63.6916628808 0 0 0 0 0 0 0 0 0 45.1448644393 44.7868161874 45.0426846239 44.8959514548 44.7631450078 45.0914727176 45.0737452019 44.5668788037 44.9417343895 44.6980579098 45.182756286 44.6103528442 44.5405628388 44.8546824117 45.1282165963 44.8678043289 44.7438969225 44.8316438326 45.1698548826 44.9731078458 44.8829114511 45.0908384888 45.1494817781
0 0 0 0 0 0 0 0 0 0 0 0 0 0 0 66.2739312218 77.3640708606 70.0636697286 76.3557584598 0 0 0 0 0 0 0 0 0 0 0 0 44.686890498 44.8315318773 44.9424165317 44.6754071361 44.6991504537 44.9014161592 44.7334250187 45.1627286914 45.1127467168 61.5815737919 44.8088491133 44.9285518799 44.6199798478 44.6198656232 44.9661742628 45.1374519243 44.9216380927 44.5910357672 45.0615869569 44.5884479285 44.719716576 45.1965640058
0 0 0 0 0 0 0 0 0 0 0 0 0 0 0 0 0 0 0 0 0 0 0 0 0 0 0 0 0 0 0 0 44.6553710409 44.7710617167 44.7878083563 44.5836729998 44.6287153943 44.5742913701 45.2005418084 44.9060399164 44.8159859141 44.9019805113 44.5949324742 44.9057552926 45.1036093294 45.133080285 44.6072065004 44.8820384005 44.5507591742 44.920072392 44.8656817731 44.9131407192 44.9573525909
0 0 0 0 0 0 0 0 0 0 0 0 0 0 0 0 0 0 0 0 0 0 0 0 0 0 0 0 0 0 0 0 0 44.9171884289 44.9448724211 45.1795594362 45.0835202044 44.5783839363 44.608254939 45.0116164309 44.5074989547 44.7793154063 45.1960174191 44.922729905 45.1579297255 45.1390548813 44.9871747283 44.6899459958 44.8515662065 44.9878136224 45.1087476672 44.8069904161 44.8957192424
0 0 0 0 0 0 0 0 0 0 0 0 0 0 0 0 0 0 0 0 0 0 0 0 0 0 0 0 0 0 0 0 0 44.8925967919 45.0652607673 44.7915760645 44.6918156196 44.7464123167 44.6093282979 44.6089397172 44.7703160208 45.0413599096 44.9744666231 45.0994911588 45.1551399427 44.7517649833 44.8096563214 45.1291630745 44.7465280456 44.8072354793 44.9791515958 45.1940922901 44.7543526273
