Spatial_Output/BAU/BAU_0134.asc
NCOLS 155
NROWS 192
XLLCORNER 196307.867259
YLLCORNER 449144.565805
CELLSIZE 33.573938
NODATA_VALUE NaN
[rows 75 to 99 of 192, columns 57 to 113 of 155]
45.1030452125 45.0951557578 44.9081082388 45.1377240616 44.8561276631 44.6109025685 44.7984471088 45.0734486594 44.6899785115 44.7020714164 44.6781357341 45.0129715677 44.5755633698 44.7630267967 44.531296713 66.5562464379 66.5562464379 67.8584417866 67.8584417866 45.0234486965 44.9327001177 44.7763817821 45.0193394416 45.0558604817 45.0370874261 45.1405989743 45.1207756643 44.7961310268 45.0090264417 45.1919848431 44.5931014196 44.624304477 44.8252012818 44.8856177059 44.8350874481 45.0338177441 44.5619663685 66.7034878468 66.7034878468 55.8626389251 55.8626389251 62.8095170117 44.560892507 44.5036021618 81.8817768558 81.8817768558 81.8817768558 45.1593169312 45.0991523224 44.9160826553 44.6103732114 44.66791941 44.8558710602 44.9991982266 44.5429774762 44.8262823936 45.1037103898
68.1836346439 44.797079422 44.5140227433 44.5052167807 45.0910071333 44.5269151405 44.6229246152 45.1638194263 44.6331144243 45.1626279811 44.9581247871 44.8092513309 45.1267541301 45.1569642904 45.1207531485 44.5659609408 60.3545144177 60.3545144177 44.774648958 44.6954487485 44.7674847864 44.9509022028 44.6040177392 45.142113767 45.1926536454 44.9639753711 45.0354089533 44.9329506192 44.5449613394 44.9849392541 44.5070416356 44.7632358917 45.0183020323 44.750095421 44.6686933098 45.1146090236 44.554525364 44.6793418642 55.7667725417 55.8626389251 55.8626389251 62.8095170117 45.0800717139 45.2015927717 45.1642163781 44.7284399626 45.0386392299 44.7297861755 44.6475661222 45.0705398369 44.5880191904 44.5796474748 44.7264367342 44.9268920348 45.1334690524 44.5749699962 44.5865653273
44.7851263247 44.6715038111 44.9471256547 45.1033607733 44.8790252187 44.6582202159 44.5508677174 44.6052086891 44.5414475883 45.1871572427 44.6277529628 61.4254206171 59.1895903881 59.9502683981 45.1702312731 44.5012014321 60.3545144177 60.3545144177 60.6721299606 45.1233971106 45.1008499482 44.7415716511 44.6411248051 45.1899550796 44.9857026974 45.1551624844 44.7968967565 45.043811357 44.8239242245 44.7078268545 44.692243571 45.178748774 45.0800480637 44.9407586131 45.0283795446 45.1834805716 44.7042379761 45.0259720075 44.7870173165 55.8626389251 62.8095170117 62.8095170117 44.8348929343 60.3418300846 60.3418300846 44.7340809386 92.5065832622 44.587263386 44.8318711513 44.656431379 44.7445423038 44.9791965782 44.5302239002 44.8054232087 44.8732383705 44.6871447222 45.1463747438
45.1094273264 44.5738273348 44.6628340763 45.0324122501 72.2365432802 44.5121003025 44.7220372493 44.6857398957 44.5302317773 45.0014798136 44.5720275613 67.3107661837 63.183225072 71.2264091853 44.8141547845 44.8261363805 60.6721299606 44.9235073434 44.9823195033 44.5401638425 44.9631229631 44.7401712626 44.9961976608 44.6693681517 44.6920664034 44.6495166622 44.5100361941 44.6871156566 63.1357773965 45.0430937309 44.6214186421 44.7399622927 44.6163357726 44.8657020319 44.7465481266 44.7113999797 44.5797297119 45.2009538036 45.1907964277 44.601789065 44.5732638635 45.0501128428 45.1905040211 60.3418300846 60.3418300846 76.2066931817 76.2066931817 68.372678569 81.8226888556 81.8226888556 74.5716729545 55.1310968962 90.5042747456 90.5042747456 95.7037537721 95.7037537721 80.704033803
44.8979295249 45.0768910417 44.7662577607 44.834785556 44.6741439284 45.0108106486 44.541784036 44.9188855585 44.9901013979 44.6638124352 44.5994331623 67.6839812378 69.2072520275 60.8778759797 44.5008178335 45.0113149429 44.6249174492 44.5564947441 45.1204015572 44.842742308 45.0078332033 44.7163837716 44.6363793731 45.1134094577 44.7177497525 44.5794352625 44.5391647325 44.7336342844 63.1357773965 63.1357773965 44.6140063056 45.0911255828 45.1988959021 45.1153360676 44.5464900797 44.7193575809 44.6976633327 45.0190946728 44.9741112961 45.0582783991 44.575122297 44.5417742273 44.9099604126 60.3418300846 44.9174737894 76.2066931817 76.2066931817 68.372678569 81.8226888556 74.5716729545 74.5716729545 55.1310968962 55.1310968962 90.5042747456 95.7037537721 95.7037537721 44.8496317555
44.6228151757 44.9461138262 44.6869277138 45.0421749759 45.0503814469 45.0575865417 66.2945965521 44.5854020847 44.6144959364 44.5953903041 45.1707842504 44.9522830633 45.1495855424 45.0775161432 45.1802539078 44.8490984031 44.5453335415 44.7468206462 45.1153311237 44.5163316468 44.6233305128 44.8859995104 44.9519687101 44.7519976335 44.8759661616 44.8251959357 44.9451753877 44.7025151217 44.7045665241 44.8718497043 44.7585529319 44.9575383035 45.0131924424 45.1178249922 45.1850665743 45.0251959451 45.1907432943 44.5947020545 44.5131568051 45.0388435351 45.1389033386 44.9682082434 44.6470272075 44.6498432387 44.9750013335 82.0158040272 76.2066931817 68.372678569 68.372678569 81.8226888556 74.5716729545 55.1310968962 44.8913238698 90.5042747456 44.6212886065 95.7037537721 44.5926502937
45.1812067276 45.1732298231 44.7812282002 44.6565164515 44.7953037536 44.6282162685 45.1399805878 45.2006060955 44.7904255047 45.1407303812 44.8758412782 44.7031646145 44.5605999584 44.7018024612 44.8013691364 44.7157159585 44.8725773332 44.6589537016 44.7847481757 44.5416483225 44.8908668175 45.1711616595 44.8583774531 44.5051672728 44.7213046636 45.0871672688 44.5473989858 44.8315047644 62.7648772314 62.7648772314 45.196643671 44.6734246734 45.1190286269 44.853497533 44.6050923574 44.5409405513 45.0817677551 44.915727108 44.7400613377 44.9963057392 44.5546251437 44.7204137603 45.0874863138 45.1009831335 44.6269799266 82.0158040272 82.0158040272 44.9044635253 44.9879522368 44.9806702098 45.0347708518 44.5190843201 45.0883379313 44.520315889 44.6601797525 44.7846246178 45.1498744408
45.0720004972 44.9251327161 44.9389900478 44.6553773727 44.6857832199 44.9377792801 95.8954103888 44.6118359691 44.8815767334 95.8954103888 44.7392305565 45.008887644 44.6613075232 45.0687218362 44.7376596517 45.1849943327 45.1009994847 44.7144359883 44.783797555 44.714103864 45.0052860622 44.7642543375 45.1989193091 45.2050938648 44.8319776406 44.9357826117 44.9625677321 62.7648772314 62.7648772314 62.7648772314 44.9334052923 44.954700302 45.1550362004 44.9336166129 44.5881450513 44.6289377264 44.8341230835 44.5835003771 44.713643422 44.6740587661 44.5769711471 45.0789477607 44.853205826 44.6274566697 44.7204815557 54.6499849447 45.0660984015 44.5003442398 44.5417722416 44.5340550397 44.5830474099 45.1556514651 44.6640482987 44.9091512369 45.2065085974 45.1944285675 44.7434620103
44.5559785522 44.9587518434 44.8587359968 45.2070675691 44.6648079495 45.159138767 45.0820310899 95.8954103888 95.8954103888 45.1661087079 44.7519478952 44.6995472831 44.5095187305 44.8576879486 44.6062442548 44.8016673958 44.816770551 45.0251865306 45.0478620523 45.022932271 45.1631341378 45.0925649303 44.7823377279 44.7766550203 44.9677897909 44.9219893739 44.723445522 45.1363693682 44.8368740868 57.7148909828 44.8457665721 44.7758134647 44.658734271 44.5271355223 44.5414627203 44.69694503 44.7030040761 44.7793302011 44.6545333268 45.0114860183 44.8887015257 45.1703035795 44.509813084 44.6376167454 44.9806677403 44.5065402352 44.5155087457 45.1513086411 44.9011761818 45.039564231 44.7150423693 44.950093235 45.0401325869 44.7430041212 44.8594255395 45.1281165909 45.0461080872
44.73367209 44.8897860744 44.790536208 44.8932474573 45.0460302514 45.1834100375 44.9478147181 44.9771717469 44.7559819675 44.9270874191 44.9785466822 44.7376527566 44.5027152955 45.0876372988 44.907112347 44.598680262 45.0309637519 44.6174216858 44.9138670704 60.7854604656 60.7854604656 44.5553355085 44.9086907333 44.7786799532 44.5891092098 44.9785971841 44.7318057031 44.5334905861 44.5456104562 45.1676959385 45.1076706376 44.6282842653 44.7337192972 44.7371279902 44.7398917462 45.0809674582 44.6758768873 44.5049164113 44.6151458372 44.5499456394 44.7896186879 44.9464677497 44.5459896594 44.8319076077 45.0640916695 44.6004946687 88.511688846 44.8763948874 44.5785178326 44.6071214549 44.6599411382 44.7692015342 44.6118310622 44.9936547004 44.8548247507 44.500219142 44.6186554952
44.5247341559 44.9973224051 44.6405745075 44.7473277413 44.8707908579 45.2021447375 44.5015234055 44.6236792852 65.331032707 44.7023982234 45.1847705442 44.5985600846 44.690549759 44.6853818347 45.1978811073 45.0102240618 44.8115084341 44.8777907759 60.7854604656 60.7854604656 60.7854604656 44.8321799186 44.5883940828 44.691981685 44.5559909268 44.9476639499 44.644270289 45.0162012246 95.5251796795 63.0122275947 63.0122275947 44.9323134505 44.5242618406 44.7299442777 45.0611210848 44.6571635408 44.8459852554 45.0217247968 44.9022568115 44.8550593749 44.8845832122 45.1877544832 44.7370233365 44.9791380425 44.8930758384 55.5222022031 88.511688846 88.511688846 44.5456688684 45.113737671 44.7351352157 45.1919611476 44.5885266522 45.0534626474 45.1670966656 44.8229920456 44.6439720023
45.092468935 45.0183937544 44.8961853686 44.6424420599 45.0750191743 44.6138391131 44.6233093436 65.331032707 65.331032707 65.331032707 45.0106544734 44.5792322559 44.738032828 45.1981369036 44.945246915 45.1417434535 45.0428885363 45.2004146855 44.7741195106 63.661026478 44.5471433128 45.1798389424 44.6097661993 44.5341698592 44.8662637965 44.7028212076 44.8079311898 44.6192014654 63.0122275947 44.6496021493 63.0122275947 44.5655166612 44.7290785741 44.5761662032 44.5930571578 44.9159501909 44.8690429975 44.6012053444 44.7464011781 44.6150570579 44.9135210792 44.7976322553 44.9380691345 44.9406622462 45.153355919 88.511688846 88.511688846 88.511688846 45.1578921282 44.8776716087 45.158411818 44.980649692 45.0799612594 44.6214894611 45.0502139921 44.8821805515 44.8437199904
44.8619954924 45.083810873 44.7013563797 44.5339337418 45.036912123 45.1732468063 45.046198832 44.689682979 65.331032707 45.1150151431 44.6079103335 44.5102688389 44.5071834198 45.0380516239 45.0824008493 44.614269208 45.1984891394 44.8261601597 44.5728995839 44.9969507276 63.661026478 44.6332767838 44.5810831189 45.0899429708 44.7104482723 44.8290256702 44.8338772535 45.0010302454 44.5165140041 45.1985046865 44.7521603355 44.610545403 45.1306584911 44.8919209355 44.8956486925 44.5914236798 45.0219442527 44.8143106902 44.5333706177 45.0122936738 45.0416924961 44.8812337977 44.6993441338 44.5969342171 44.8667937571 44.6681882582 44.9810256971 45.1158573376 45.0276902058 45.0850742819 45.0353705599 45.0539651154 45.1105155495 44.5628300557 45.0486816656 45.0337072717 44.6917156976
45.1471117704 44.8983649084 45.0910835878 45.0548699729 44.6979250877 45.1620015644 44.599473726 71.6323171733 71.6323171733 44.7330937025 44.7006955445 44.8485272126 45.1564477342 44.6845016906 44.974863695 45.178135851 44.8123873725 44.9244518189 45.1730345414 45.082388348 44.9738536489 44.609115054 44.5996256912 44.9647749612 44.6006509993 44.6368929365 45.1341448185 45.0876403413 44.9623521113 44.6304199221 45.0194753237 44.89960326 44.6701095434 45.0243548131 45.0692751567 44.8739384892 44.8129093444 44.9341633705 45.0452039371 45.0638335671 44.813593653 45.1746694632 44.8182309184 44.5120283093 45.0100381163 45.0954879118 45.0553302193 44.810932979 44.5582702168 44.5228887821 44.8314370058 44.9960637992 44.7491437004 44.9807122706 44.999617204 44.9021836393 45.1442165339
44.8527193629 45.0607581321 44.8416426969 44.8005478565 44.6005927855 44.6238195456 44.7452272222 71.6323171733 45.0558649754 71.6323171733 44.6264346712 44.8136495803 44.5036966684 44.9841511734 44.8009137804 44.6025688188 44.8092528318 44.9239344216 44.9122277537 44.676083359 44.9042547672 44.8860291191 44.8094035433 44.9543332484 44.701585482 44.7146967098 44.6212028609 44.9268764885 45.0439603297 44.6323483664 45.0800702772 44.73260597 45.0204166305 44.8809107893 45.0344987315 44.9137068904 44.8655660089 44.8787411018 44.8857474573 44.6962918495 44.9301545836 44.9952079904 44.5365426187 45.1590907745 45.0701859967 44.6892402059 44.8369113964 44.9340821664 44.576223403 45.0839359187 45.0841305244 44.6688902127 45.1370610254 44.9834369717 45.0639717731 44.6874483545 44.7672006184
44.7126429659 44.8383694973 44.635882275 44.7308939926 44.5789353282 44.5118975811 45.1104263069 45.0041816582 71.6323171733 44.5543910649 44.618436118 44.9435303347 44.8379981074 44.527611659 44.7634763908 44.8804413696 44.9168552956 44.9774251245 44.9276057718 58.9990275923 58.9990275923 58.9990275923 44.7984077406 44.5636088019 45.171046714 45.0934831804 44.5903859173 45.1218771879 44.7788021801 44.5799307632 44.5997387431 44.9040048826 45.0441926679 44.8823063496 45.0602751038 44.5726430319 44.8021785395 44.8602670219 44.5107849119 45.1046961797 45.1631628478 45.0126288499 44.6017303091 44.9871422491 44.8566382934 44.7167446246 44.9325423529 44.7095544539 45.1514214235 45.1669644482 45.0663357765 44.5843501818 45.2007902448 44.6285352947 44.795159743 44.7652608693 44.5020146191
44.8711666384 45.0460808816 44.6438648993 44.7736157331 44.7118337696 45.0703043212 44.520129648 45.1725850775 44.7723176225 44.6529194248 45.0843012016 44.6997437683 44.9064973771 44.9165247227 44.7884817698 44.5591579417 44.6655650396 44.5216293473 44.6315500318 44.5329244232 58.9990275923 58.9990275923 44.9618859473 45.0624028915 44.7237767508 44.974827107 44.9213457075 45.1970840844 44.5526150008 44.8282390112 44.6199193018 44.8949500534 45.1233464591 44.8320520945 44.7672605942 45.0586349767 44.8232326148 45.2053666883 44.8040327916 44.9204275797 45.0205660481 44.8452625947 44.8430380563 44.8524190787 44.8296357212 45.0648936625 44.8777158045 45.1389571443 44.9529456249 44.5417385835 44.5232157476 44.5808463898 45.1979150555 44.7315874913 45.1028801529 44.8723832038 44.6353955539
44.8051399113 44.6925173114 44.6573625973 45.1383891909 44.8639412901 45.0535213468 45.0580021603 44.87518765 44.5070288583 44.7323085757 44.7662576329 45.0690715694 45.0826120506 44.703168777 44.606308664 44.9991527517 45.0073888052 45.2032260234 45.0944605594 44.5898595945 44.8612599468 44.7153863773 44.6788037787 45.0843767146 44.9367231778 45.0622190015 44.6736217676 44.7662599609 44.663356661 45.0370970536 44.9011119592 44.90424647 45.0566610617 44.8977642513 44.8885139287 44.8056964576 44.5792714487 44.8216264797 44.6336776735 44.7747846634 44.5474138116 44.518801449 44.5678262001 44.7304094741 44.8891663583 44.547164165 44.8505602401 44.9276840055 44.9777711392 44.5654469332 44.9294959994 44.7924341315 44.8800909492 45.1646193223 44.6670394732 44.7546918124 68.5729788148
45.0559531921 45.1691100254 45.0677179002 44.702687907 45.0489367677 44.5683523785 45.1905507404 44.8005312441 44.9222903237 44.577480305 44.6296022029 44.8518808089 44.5575832952 44.7220022753 45.0619094445 44.9425961175 45.1055625348 45.0879426511 45.158968926 44.6016941098 44.6001556808 44.775769727 45.2040958623 44.9654890858 44.7801268961 44.7745542461 44.6051680633 44.7267871855 45.0751310579 44.9875326765 44.815931832 44.5393714771 45.1616206249 44.5877685112 45.0769256631 44.9600256129 44.7814732026 45.2060273078 44.6367194705 44.5753867324 44.6783401622 44.6874780599 44.6579564019 44.9329251722 45.1061356233 45.1011454509 44.6562597502 44.6831208969 44.5387533553 44.8944896594 44.8319381711 44.6594534882 44.5189488572 44.8837540863 44.6805304143 44.7160360033 44.7146048412
45.159186207 44.736966072 44.8170730647 44.8061203527 44.6765965162 45.0454594665 45.0461176756 44.9033186563 44.7159737056 45.0637070384 45.0255267909 44.8938546476 44.6861547851 44.701925594 45.0751953684 44.5018440725 44.9032855542 44.6677393941 44.5470356683 44.9600143148 45.1137447415 44.6720971052 44.9775415334 44.6387698617 44.9710868004 45.1362249563 44.6572544976 44.6098877366 44.6738989749 45.0035771328 45.144479692 44.8091821852 44.8571856126 44.5262459686 44.711098751 45.0072844738 44.9354712621 44.51535044 44.9447182389 44.6015462589 44.7366489428 44.769723818 44.7201095422 45.1594139348 44.9744583662 44.6731896857 45.0065307243 45.1324115411 45.1148837195 44.7556513388 44.7082306849 44.9207242317 71.4216570626 44.7569015291 44.7579234551 45.128675035 76.0404699916
45.0393335792 45.0257145991 44.64708173 44.6987659401 44.774740769 44.9549785323 44.6191080754 44.6849158185 44.9367234718 44.717318467 44.9522679045 44.9429731701 44.5497788675 44.9679845057 44.6884878565 44.916424443 45.1414128052 44.513740964 44.8330801286 45.1806102744 44.8560372342 44.5788343947 45.1301687919 45.021854011 44.5376024553 44.9826414857 44.927791835 44.918343042 44.8551420215 44.6501734656 45.0223802339 44.8578495216 45.1853295206 44.992770595 45.1176380029 44.7968837472 98.3092826673 44.7857613092 45.0977526629 44.6645554799 44.6166449316 45.124088823 44.5304236915 45.0561015209 44.9888354342 45.1456418238 45.0065470094 44.5405220538 44.5457597049 44.9683131746 44.6297049875 44.8654706202 71.4216570626 71.4216570626 44.9979028799 78.425817555 76.0404699916
45.0423047444 44.98867637 44.9502919691 45.0405395547 100.6235806405 44.5464705184 44.7499519649 44.6558091362 44.6503003518 44.7904376776 44.5032883377 44.7466059927 44.7111888648 44.8675320336 45.0545946583 60.6970569011 45.1773865887 44.6872252025 44.9988223579 44.984151745 44.931152659 44.7819580136 45.1847155924 45.0516186566 44.9108093064 44.977570714 73.9028225314 44.9783418489 89.1954354607 89.1954354607 87.9409422798 89.2738813621 89.2738813621 44.7065944625 98.1181926188 98.1181926188 50.2910970148 50.2910970148 75.2540463182 75.2540463182 44.6287079938 44.5922373997 44.9503283749 44.7127973426 44.8728449861 44.8378139769 44.618134696 45.1572430028 44.7015355848 44.6965680571 45.0644652116 44.8072359107 71.4216570626 71.4216570626 44.8822745952 78.425817555 76.0404699916
52.0846869556 44.7402094286 44.8601850363 94.0055713192 94.0055713192 100.6235806405 45.1678044831 44.7962614071 44.8271745175 45.1017880862 68.2650326058 45.1234303605 63.3041413225 63.3041413225 45.1905807401 45.145900353 61.8790208918 61.8790208918 45.1291186941 45.0633476215 44.8728569747 45.1199415464 44.5569956419 44.5348858822 44.6680465964 72.2686381097 73.9028225314 73.9028225314 44.7366339079 89.1954354607 89.2738813621 89.2738813621 89.2738813621 69.8876948606 98.1181926188 98.1181926188 44.9942433874 50.2910970148 75.2540463182 75.2540463182 44.602178628 44.7906229861 44.5148980691 44.6630143565 45.1893028627 44.9942437947 45.0068069176 44.5905150893 44.5298428342 44.6394217463 44.8545763166 44.6233954508 44.7860057637 44.9809292781 45.1798348496 45.0917322886 44.7455931838
52.0846869556 44.5835744732 45.0088817723 94.0055713192 94.0055713192 44.8323428399 45.1912208952 44.6010976449 44.5875823504 44.7594787993 44.8572424696 45.0769938136 63.3041413225 63.3041413225 44.8133795676 60.6970569011 61.8790208918 61.8790208918 44.9796210021 44.5087962783 44.6515580704 45.1929987509 44.7051864825 44.8825549857 44.6270198041 72.2686381097 73.9028225314 73.9028225314 44.9400907873 89.1954354607 44.969073032 89.2738813621 89.2738813621 44.6203380658 69.8876948606 44.9089139546 98.3092826673 50.2910970148 44.7106505279 44.5679092899 44.9669481737 45.0372454725 44.7632670031 44.9796200686 44.7987750813 44.9250189559 45.0564785447 44.8366478905 44.9645964505 44.764215945 44.7807231632 44.7286308902 45.1048840964 44.9117442805 44.5675794427 45.1413639345 44.5630299107
44.7378344764 44.5390428182 44.8100871119 94.0055713192 100.6235806405 44.5380821744 74.3340097624 74.3340097624 74.3340097624 45.1788707091 44.5208759895 68.2650326058 63.3041413225 44.8366968253 44.9739765014 60.6970569011 44.7193380914 81.5573976684 45.0168299288 44.9502090162 44.5929192511 44.9005970968 44.8919918897 44.5989310166 44.7405114096 45.196064183 44.9408651407 44.5464002098 44.9598487302 45.1469078854 45.0636414347 44.9727780706 45.1457204074 44.5277641973 44.5699109718 45.0678470692 44.7835996515 44.6789538919 45.0877019134 45.0078242124 44.9664011609 44.5382437703 45.113751768 44.5683637308 44.6023367571 45.1130187107 44.9524713929 44.6800140304 44.5150631509 44.6655655321 44.5956784922 45.1546286871 44.6635638562 45.0844209168 45.1317922727 69.8130157264 70.67515559
