Spatial_Output/BAU/BAU_0228.asc
NCOLS 155
NROWS 192
XLLCORNER 196307.867259
YLLCORNER 449144.565805
CELLSIZE 33.573938
NODATA_VALUE NaN
[rows 75 to 99 of 192, columns 0 to 56 of 155]
69.2314019752 68.9333533432 68.9333533432 68.9271576006 68.9271576006 68.3628347603 59.4884940115 69.2239886933 59.8983245849 69.3647630893 69.3647630893 69.1213435923 46.1984352293 46.246584364 47.3858924458 46.5508695663 46.3452146261 46.3427315855 46.8584314663 47.1215464192 46.9799263125 46.256333366 47.1182901916 46.8822605082 47.3472583901 46.8558466788 46.3158301209 83.6293385561 51.8884781616 51.8884781616 51.8884781616 46.7198566614 46.398401874 46.7417950703 46.4096631691 46.9897460793 46.4338984262 54.464494645 46.1165086338 46.4469431177 84.3994712059 78.8280203803 47.3245697359 46.8157939046 46.2366639748 46.1666288501 47.019477429 46.6494685074 46.8627345488 46.6948201959 46.0339213397 46.1151821525 46.1490234057 46.2539710048 46.9643262057 46.5992583162 46.8905476468
0 59.243237755 68.9333533432 68.9271576006 68.9271576006 68.3628347603 69.2239886933 69.2239886933 69.3647630893 69.1213435923 69.1213435923 68.708418743 46.8780431264 46.380337852 46.732871054 46.5553648574 46.7111479934 46.2299325584 46.3582236578 68.9165580735 46.5989873665 46.2851293059 47.3439051036 47.3178873118 69.627008329 47.3056385737 46.3394824358 46.6271006577 60.617959638 60.617959638 46.6905257746 46.7756127858 46.171583681 47.246051187 46.4106241515 46.67345323 46.5714761497 65.9167216968 65.9167216968 46.0632667502 46.653936519 62.9258515003 86.9592705536 46.8003103461 46.0586753783 46.4221860556 46.2054678975 47.3434654783 46.468815587 46.1391956552 46.70422104 46.7451779569 46.1936410935 46.2169009482 46.7294004578 46.2521580141 46.2277358653
0 0 68.9333533432 0 68.9271576006 0 59.4884940115 69.2239886933 59.8983245849 69.3647630893 69.1213435923 68.708418743 46.9204053819 46.3528705783 46.058351392 46.1940445823 47.1517153621 46.0656144285 46.4495387725 68.9274504251 46.9611716034 47.1223533385 46.4242284393 69.627008329 69.627008329 59.5270789584 59.5270789584 60.3626130068 65.6541101575 65.6541101575 70.8960595009 70.8960595009 68.2297406139 46.0994997254 46.9641021586 46.6126419531 65.9167216968 65.9167216968 65.9167216968 47.1227136981 62.9258515003 86.9592705536 86.9592705536 86.9592705536 46.5175685517 46.2805290145 47.3114084201 46.1369115296 46.6122369485 47.4139826373 46.4725983055 46.8964726627 46.4183676609 46.9180210027 46.1519961222 46.6699895976 46.139495769
0 0 0 0 0 0 0 0 0 0 0 0 0 47.3950258741 46.8677930784 46.2133495092 46.0109994313 46.2051477962 47.107434114 46.2354774413 46.4620063199 46.9797358075 46.1164497794 69.627008329 69.627008329 59.5270789584 59.5270789584 73.394482295 65.6541101575 65.6541101575 70.8960595009 70.8960595009 68.2297406139 47.0386602695 46.5043929418 68.3930630654 68.3930630654 82.9279235256 46.4240068478 46.3757880574 47.336050922 86.9592705536 86.9592705536 46.7851542129 47.0666917422 46.1911049457 47.3015994829 47.1587075898 47.0381023005 46.6893201372 46.5976326428 84.200959452 46.7571163562 46.6258999144 46.2568830547 46.9538030602 46.079788023
0 0 0 0 0 0 0 0 0 0 0 0 0 47.3109596497 47.0064816128 46.2027729218 46.2652859972 46.7018146 46.3927935931 46.442866721 47.1098849808 46.8504714064 46.8507962228 46.085938315 69.627008329 59.5270789584 73.7675502558 73.394482295 65.6541101575 65.6541101575 65.6541101575 70.8960595009 68.2297406139 46.1509589698 46.2084080308 68.3930630654 82.9279235256 82.9279235256 46.1459488243 46.3506882749 47.0890675827 46.7797521252 46.0677293492 46.8060595606 47.028819236 46.7456972481 47.3349239819 71.3632539959 55.2137876134 46.0092373556 84.200959452 84.200959452 84.200959452 84.2882073329 46.3153112127 47.1753323053 46.0280836242
0 0 0 0 0 0 0 0 0 0 0 0 0 46.7842619219 46.5726471693 47.0395840787 46.518049358 46.9004437374 46.4596298948 47.3931883879 46.5358678405 47.1962547775 46.1443308195 46.9925264073 46.7251172481 77.6525740946 73.7675502558 73.7675502558 73.394482295 79.8834160671 47.218237018 47.2607227433 46.4520260607 88.6383125248 46.420026515 68.3930630654 46.040606991 82.9279235256 46.9492166522 47.3794986795 46.811966261 46.2831280484 46.4671264007 47.1309206529 47.0737207311 46.7605507914 68.8803282716 68.8803282716 68.8803282716 55.2137876134 84.200959452 84.200959452 47.3252706371 47.2546863864 46.4248790802 46.2890317442 46.6819741482
0 0 0 0 0 0 0 0 0 0 0 0 0 0 47.1643822276 47.302536976 46.5766340878 47.1910220165 46.2600650134 47.1811968689 46.167144211 46.3138811078 47.0805758525 47.0583180593 46.6249786831 77.6525740946 77.6525740946 73.7675502558 62.4215016629 59.421100811 47.1807581488 46.5459770842 46.0389326714 46.1518478344 46.5056974103 46.8648721757 47.1984719455 46.4711762453 46.5158419218 47.1654327535 46.6171529142 46.258516677 46.3290672857 46.8141595194 46.6032008313 71.3632539959 68.8803282716 68.8803282716 55.2137876134 66.4521504711 47.2198831651 46.1199308756 46.9765418496 47.153189142 46.1415485087 46.5409796641 46.1828471766
0 0 0 0 0 0 0 0 0 0 0 0 0 0 46.2643464099 46.7240018799 46.3606690376 46.798766948 46.0285014437 46.0299206976 46.6173137313 47.3631042922 46.8465948321 47.030459128 53.4538783217 53.4538783217 77.6525740946 77.6525740946 47.0584464725 46.3243055395 46.4559818391 47.0675481655 46.5283390759 46.4405432412 47.1674051841 46.7797068284 46.9077925305 46.3059883071 46.3019975957 46.7891500445 46.407343546 46.9398041265 47.3013189314 46.988029659 47.1788883069 46.4447188562 46.2415943723 46.0604313811 46.9449661247 47.1309907295 66.4521504711 47.4096023013 46.6860246407 46.3934989175 47.0114386341 46.8324224007 47.1069909428
0 0 0 0 0 0 0 0 0 0 0 0 0 0 47.058792792 46.8492989433 46.8778601696 47.3597765155 47.0493959311 46.2903466163 46.8068986305 77.0413286276 66.3239962619 66.3239962619 53.4538783217 53.4538783217 53.4538783217 47.3235771003 46.9521557107 46.2006576836 47.3754147736 46.3543473387 47.0178076881 46.0942854509 47.2111716202 46.2601684477 46.375183011 46.8914815791 47.2717668095 46.915869395 47.1201979491 46.8376944788 46.2647052815 46.6168724506 46.684064867 46.2011742186 46.8022758548 69.5817506429 51.6994957449 59.3143744482 59.3143744482 46.2986629486 46.115992182 46.7356109424 46.9939937565 47.1111134335 46.1085880418
0 0 0 0 0 0 0 0 0 0 0 0 0 0 47.1437519871 46.4908366012 46.1495425411 47.1169198422 46.1982449556 58.4300480534 58.4300480534 77.0413286276 66.3239962619 66.3239962619 57.4711204295 57.4711204295 46.1309173066 46.7233108074 47.1780033574 46.7094320974 46.7187160908 47.0520939868 46.3627746168 46.0225391427 46.3918363622 46.9587457175 46.0063512589 46.71940051 46.3134168055 46.4546892194 46.9956173729 47.3059263075 46.6494762435 46.5641043198 46.4455806263 46.7473788883 46.2300457163 51.6994957449 51.6994957449 51.6994957449 59.0849809161 46.7242168023 47.1450647305 46.0734396189 47.0256583999 46.9678222859 47.015593304
0 0 0 0 0 0 0 0 0 0 0 0 0 0 46.7765016283 46.6557699047 46.2215560788 46.0725790949 81.6189783794 81.6189783794 58.4300480534 58.4300480534 77.0413286276 66.3239962619 47.3534612625 46.2454551892 46.4618200748 47.2080178866 46.9685472816 46.8124341803 46.1187083932 46.3229572659 47.3955091618 46.9802485868 47.0780282057 46.6395598914 46.0169406508 47.1359343133 46.2880304194 46.5121109198 46.2312295169 46.1096988664 47.1059796246 46.1077753807 46.6122296411 47.3993506316 46.2866605971 51.6994957449 51.6994957449 51.6994957449 59.0849809161 46.0029887508 46.8285910052 46.4788617752 47.3181641072 47.1429159285 46.7963478176
0 0 0 0 0 0 0 0 0 0 0 0 0 0 46.0760793212 47.2316600483 46.681072554 72.6465176518 81.6189783794 81.6189783794 81.6189783794 58.4300480534 46.919502013 47.1914199446 47.1514864893 47.0480511997 46.8679716086 47.1744908067 46.4219669393 47.1247489596 46.9087962717 46.0692581065 46.4265284765 46.6186098351 46.2523972731 47.0049343771 46.4581548869 47.1232655915 46.5438312564 46.6984287161 46.0949901542 46.5337825135 46.9460958921 46.8127540593 46.6312470704 46.4801005968 46.4085235548 73.1600200633 47.0480035537 58.7015498788 46.3465304855 46.3326945191 46.9552504728 46.7388555695 46.9040183798 46.328568481 46.355719904
0 0 0 0 0 0 0 0 0 0 0 0 0 0 0 46.9234643654 65.6273067232 92.4943421365 92.4943421365 72.2059429312 46.6204596611 46.9155551611 46.5916242699 46.0696252447 46.9326009002 47.28068511 46.4750388219 46.8356906614 47.3733409639 46.7740554084 46.3127263362 46.8524556457 47.2633175647 46.0004652969 46.8389732848 46.4716119585 46.466097705 46.4298936103 46.4185488858 47.405988907 46.3813244855 46.7888658462 47.0560083327 46.444215363 46.939892972 46.1729402399 46.3443500881 46.1039599178 58.0053089624 58.0053089624 58.0053089624 58.0053089624 46.0122836743 47.2162136042 47.4085942103 47.1874672676 46.0641470239
0 0 0 0 0 0 0 0 0 0 0 0 0 0 0 95.717269856 65.6273067232 92.4943421365 92.4943421365 46.5105831905 47.062689265 46.4599751298 46.9241128993 46.0559636223 46.605387229 46.0253897515 46.1118152168 47.3671477454 46.5191615361 46.9890468215 46.0623618065 46.5627311214 47.0036760956 47.3510842557 47.2444923576 47.2002418589 47.3182240509 46.5844041159 46.2281113862 46.6295722623 47.3475281247 46.461866376 46.3104590155 46.2635014454 47.0121392134 46.6645707873 47.1069273956 47.2642418985 61.4123288499 61.4123288499 61.4123288499 47.330740877 46.3801440963 46.611133619 46.2651378717 47.1938886408 46.9238447853
0 0 0 0 0 0 0 0 0 0 0 0 0 68.3048298922 71.4378316167 71.4378316167 65.6273067232 65.6273067232 65.6273067232 47.03588809 47.2147689636 46.0553216583 46.5092551712 46.6920855179 46.0954118571 46.4507563108 46.5075536694 47.1232728811 46.218421846 47.3878853675 47.2875024696 47.2962028429 46.4725796321 47.3524417649 46.4558561886 47.0142253652 46.9888714693 46.8265736228 46.6678591927 47.3898143178 46.6403172315 46.2508573744 46.1991392059 47.0189186172 47.187046599 47.2926034128 46.2253081937 79.2360782394 79.2360782394 61.4123288499 47.1440630767 58.1836045159 46.1327373265 46.5933255397 46.6909124407 46.8503776218 46.5824271166
0 0 0 0 0 0 0 0 0 0 0 0 33.6743983837 33.8746519786 71.4378316167 71.4378316167 95.717269856 95.717269856 47.3781977418 47.3456727235 46.2537822045 46.7540141905 46.9193129955 47.2556123346 46.8919607813 46.8371849222 46.8025583438 47.1683485766 46.1606471279 47.1804488922 47.0892103964 47.2509003263 46.5202264596 47.2319117 46.5849038568 46.2704500177 47.308046067 47.3772466847 47.0388248673 47.3348354346 46.4234513891 46.7935309848 46.2823061788 47.186484232 46.0659072141 47.2822218729 46.986267226 71.5625248075 71.5625248075 71.5625248075 58.1836045159 46.4951015436 46.4293300367 46.5933856596 47.1335159709 46.5765387219 46.2465545496
0 0 0 0 0 0 0 0 0 0 0 69.5794076467 77.5243993179 33.8746519786 33.8746519786 77.8139811326 71.4378316167 0 0 46.1770937346 46.5014092139 47.0244017524 46.3701374671 46.530447484 47.0457436503 46.3254886615 47.3977187935 46.6224113664 46.9590135566 46.3404759298 46.9059632973 46.9301968697 47.1975894639 47.2031730977 47.2100221408 46.857436543 46.2545099094 46.094812836 46.2961145623 47.3614336401 46.272966824 46.0336616275 46.8500010993 46.0826512447 46.5004862647 46.2084046081 46.7543797021 47.1473660479 71.5625248075 71.5625248075 46.2775135684 46.9159358619 46.2882049179 46.0143818635 47.1493565125 47.4116466235 46.54246654
0 0 0 0 0 0 0 0 0 0 64.0522000836 56.9864534138 77.5243993179 34.4988673903 77.2110834235 73.2380855244 0 0 0 46.0086582759 46.7396419637 46.0150084415 46.3808501755 46.1377850406 47.2416033952 46.4756532256 47.1318119224 46.1458242954 47.0189600224 47.1254907068 47.2137975652 46.3087433926 46.8310997087 46.5686140386 46.8894767771 46.644998356 46.9390870314 46.4236586759 46.1889373043 46.1093619465 46.7988813353 46.1759332976 46.3014311716 46.1597367362 46.6710273079 46.8528195411 47.2333513291 46.8316599324 46.1533289804 46.4201859785 46.1389419744 47.216659697 46.6562109576 46.8818404852 46.5482659528 46.2673800319 46.7221953164
0 0 0 0 0 0 0 0 0 56.8406311105 64.9105985358 56.9864534138 56.9864534138 69.5794076467 0 0 0 0 0 0 46.5286379156 46.4240253469 46.8762227888 46.1927777417 46.7674099251 47.1241603165 46.9005921716 46.2088957938 46.7335659293 46.976352996 46.9339632565 47.3914529471 47.0241992548 46.1713251288 46.8237078641 47.1048748851 46.2605406195 46.9491024709 46.6966277857 46.7023690667 47.2639922713 46.5471266183 46.4568460679 46.3357771089 46.7429489145 46.5701542981 46.1049326037 84.50201888 50.4643305151 84.50201888 68.7008860186 46.9658679094 46.7294970406 47.4071846154 46.4916142708 46.2891072176 46.7577461825
0 0 0 0 0 0 0 0 68.8933493782 56.8406311105 56.8406311105 64.9105985358 64.9105985358 0 0 0 0 0 0 0 0 0 46.2556052361 47.2251993862 46.988618815 47.1915284303 46.156926156 47.1209521267 46.1373277433 47.3767804722 46.369823403 46.8735154698 46.8743238658 47.3661475426 47.0293155954 46.8860237254 47.3095439813 46.5265586738 46.2477338129 47.3206128793 46.2503598394 47.3052968043 46.0630339299 46.9648114005 46.3758623752 46.2248514248 46.7559400813 50.4643305151 50.4643305151 50.4643305151 68.7008860186 47.3061502399 46.1043080461 47.1641835859 47.3230451934 46.3240145879 47.3750384528
0 0 0 0 0 0 0 0 68.8933493782 56.8406311105 56.8406311105 67.0373508753 0 0 0 0 0 0 0 0 0 0 46.0206587415 46.5053868137 46.0425992123 46.7467000928 46.0980841113 46.3235327154 47.1683487654 46.0803503641 46.242176636 46.7328916305 46.4012334288 46.7546367463 46.2528669974 47.0463160412 46.4680055924 46.6399729324 46.0935335315 47.3874121867 46.5730446203 47.2307572151 46.7924579275 46.3248147855 46.5415971589 47.2205777496 47.1332900089 72.4126309133 50.4643305151 66.6304083811 66.6304083811 46.4368096741 47.1076370378 46.2961533967 46.0170001312 46.7341117554 46.3720486886
0 0 0 0 0 0 0 67.3651589034 0 0 68.8933493782 0 0 0 0 0 0 0 0 0 0 47.2007748564 47.3359431063 47.0324018704 47.1641425854 47.1454017612 46.425877751 46.2737075867 46.848241208 46.0972142738 46.9855875848 47.2864377422 46.8577319048 47.1865386974 46.2415805987 47.3642742549 46.5442236808 46.3789556993 47.3717176555 46.288152356 47.0835629463 46.2925379272 61.0017140627 46.2692942676 46.3807485167 47.356644617 46.0863713079 46.0160960163 51.0856125404 66.6304083811 66.6304083811 66.6304083811 46.8336068347 67.5297833593 79.645332622 64.1617092564 64.9055521793
0 0 0 0 0 0 0 67.3651589034 67.3651589034 0 0 0 0 0 0 0 0 0 0 0 46.9279133439 46.2770868772 46.1895494643 46.9256090074 47.3553973576 46.9251210139 46.7718475517 46.7491942946 46.7163487214 46.6452628405 46.9255041648 46.7114574132 46.9884882196 46.8681454393 72.39789381 71.012438904 46.70719135 46.9345369183 65.0654482973 69.1504020285 57.1978638644 62.1093617888 65.2087827548 65.2087827548 60.8849758648 85.0996419004 61.5276304392 91.1241750268 91.1241750268 65.7000855428 62.4059488316 67.0119076767 67.0119076767 67.5297833593 46.4691357326 64.9055521793 64.9055521793
0 0 0 0 0 0 0 0 0 0 0 0 0 0 0 0 0 0 0 46.3325154153 46.491097669 46.19950217 47.3084545205 47.3572531349 46.8170768752 46.549251355 46.1424045451 47.0587370788 47.4100504744 47.2131818216 47.3104063833 46.477093841 46.3406773398 60.3844915756 71.012438904 71.012438904 71.012438904 61.9930859214 69.1504020285 69.1504020285 57.1978638644 62.1093617888 65.2087827548 65.2087827548 65.2087827548 85.0996419004 85.0996419004 91.1241750268 91.1241750268 62.4059488316 62.4059488316 67.0119076767 67.0119076767 67.5297833593 46.3231197814 64.9055521793 64.9055521793
0 0 0 0 0 0 0 0 0 0 0 0 0 0 0 0 0 0 0 0 46.9440222468 46.5302490903 46.343384013 46.4487770214 46.0101783506 46.8118372816 46.4759710812 47.3627100388 47.1119665026 46.196006032 46.8012210381 46.6535496588 61.0992705779 61.0741193671 72.39789381 71.012438904 71.012438904 47.1063543665 46.1009524292 69.1504020285 46.0530300006 62.1093617888 81.0301522035 47.0096187998 63.6728386643 85.0996419004 61.5276304392 91.1241750268 46.3135879965 86.8592095076 61.6048943187 67.0119076767 47.2384989485 67.5297833593 93.1740935449 64.1617092564 64.9055521793
