Spatial_Output/BAU/BAU_0126.asc
NCOLS 155
NROWS 192
XLLCORNER 196307.867259
YLLCORNER 449144.565805
CELLSIZE 33.573938
NODATA_VALUE NaN
[rows 25 to 49 of 192, columns 57 to 113 of 155]
44.8665916245 45.0431967583 76.7480645731 67.0768393343 67.0768393343 62.1502551808 62.1502551808 65.8209621551 44.6340150381 45.1030615735 45.0668216006 45.1851361714 44.6216239279 44.5912140428 44.7007146813 44.9056640053 44.8205395 45.1730671454 44.5117269224 45.0729139543 44.5605977795 44.6808001813 44.6818564262 45.1481630707 0 0 0 0 0 0 0 0 0 0 0 0 0 0 0 0 44.6260277 44.8832798708 45.0799271086 44.5446474871 45.0887433978 44.6975348955 45.0868654257 44.5455596829 44.8589494094 44.9733592494 44.7175030537 45.112696841 44.7648406807 44.871491185 44.8178526422 45.1077158308 44.9790724612
45.1082535846 44.9958803717 44.8382603071 45.0742556552 58.5977684325 62.1502551808 62.1502551808 45.0229394722 45.1854795548 70.8860180866 70.8860180866 54.2676481143 44.7276992539 44.9839780156 45.0419301655 45.1752452868 44.7646398418 44.7492609893 44.5488369066 44.5337259279 45.0784050383 44.9632392603 45.002448775 44.9298575541 45.0007093377 44.9271599519 0 0 0 0 0 45.1790362387 44.7752364582 44.7989867423 45.0732602638 45.0512125201 0 0 0 0 45.0821759704 44.6437855178 44.5006956794 44.6641303743 44.556222536 44.6035238678 45.1726202058 44.7727767903 44.9036038384 44.8286881807 44.9230119313 44.5336126646 44.5918580616 44.9543964834 44.5406393414 44.6798726243 45.0213231368
44.9400437953 44.68665886 45.0748795827 76.2381922863 62.1502551808 69.8218577199 55.5230018507 55.5230018507 70.8860180866 70.8860180866 70.8860180866 54.2078170486 45.0345948885 44.9532356157 44.5813899516 44.601922238 44.8003002857 44.8616969499 44.8277488124 45.1781631547 44.9194106366 45.1641035524 45.1979347065 44.9728367854 44.8887568505 45.1602888258 44.8025043983 44.6430734313 45.1136757129 44.5527794626 45.1173728281 44.6607348325 44.7949384597 44.6870765613 45.1181633041 44.6768180074 44.8320238453 44.5710601072 0 44.9943565556 44.8992686699 44.9376377037 45.184779965 45.1668407467 44.9600018672 45.1279397392 44.7127350194 44.6684960387 44.6570044331 44.8615713332 44.8166337764 45.0389929733 44.790403456 44.7133092503 44.9279832625 44.737406266 44.6282133968
45.0385473179 45.1053866393 44.8731425571 76.2381922863 69.8218577199 55.5230018507 55.5230018507 55.5230018507 90.4516130555 44.5607641054 54.2676481143 44.9127741477 70.1426468813 45.0378321106 44.7842200912 44.7920591431 44.8270847074 44.6203089748 45.1429623558 45.1845195071 44.5196230829 44.9472746039 44.7025112751 44.9293130828 44.9726250073 45.1749429809 44.9103594376 44.5133786948 44.6331650067 44.7614511654 45.1836427561 44.9649441095 45.0888267386 44.5670735648 45.1393100648 44.8308580932 44.600503362 45.1496539344 45.1552403053 44.7448953857 44.535100826 44.9144352504 44.7232923385 45.1076272294 44.6227491278 44.7237769576 45.1339513285 45.0068566324 45.1450744652 45.0766995921 44.9427996423 44.5478944681 44.8149888704 44.5549531028 44.506386665 44.7714230268 45.1547937256
45.1769673279 45.1191982006 45.1892240745 49.33242866 49.33242866 44.7031836006 66.2696756153 90.4516130555 90.4516130555 53.8257834505 44.841387513 45.0219305991 44.9861554401 44.6516607947 45.1157842736 44.7661363791 44.6733281309 44.7449593752 44.5704117061 45.1745742615 44.6837445285 44.9514916729 44.9314546465 45.0788527921 44.7610696138 44.5703039544 44.9401192629 44.8163362237 45.145930031 44.6075230436 44.7578811884 45.1801177117 44.6086423215 44.8554911268 44.8050029228 45.2005338281 45.0503120628 44.7099237146 45.1042052742 44.9767313392 44.930921471 45.1640383532 44.5818209225 45.1529353758 45.0341357823 45.2010762062 44.5721697721 44.7828963111 45.1876981353 44.7929457197 44.9707830195 44.8614751627 44.7476721818 44.7272509414 45.1929586584 44.6189436817 44.5671195479
45.1528224283 44.8073163576 45.0948674094 44.9633930061 49.33242866 49.33242866 45.1938161899 90.4516130555 90.4516130555 44.8272418629 44.9352172569 44.8327483599 44.8087940159 44.9917656696 45.1782465829 44.9265142369 45.1258086538 44.6509148357 44.5853743366 44.9761548364 45.0090209655 44.802316682 45.0486954717 44.6962830289 44.9899817342 44.7946159573 45.1280749881 45.1604888399 45.023459001 44.9045516625 44.906100731 44.635569807 45.0639434391 44.6818612647 44.8487714454 44.7832467136 44.8325014693 44.6445184685 44.8920582932 44.8247312299 44.6643597377 44.5452452139 44.8381706839 44.7375554517 44.8842042632 44.5866465105 45.0576094812 44.7968808377 44.9533304837 44.9746742575 44.7577037481 45.0472368562 45.1116651155 44.7439221528 45.0933390239 45.0079519397 44.7547279742
44.6203194101 44.9660191779 44.5479398835 44.5688661363 44.9499832117 66.1192070536 66.1192070536 44.8814887462 44.6686245675 44.9225320667 47.6970436273 47.6970436273 44.9086112145 45.0837712272 44.9821449493 44.5658384483 44.8642365611 45.0248076042 45.1284071857 45.0709700984 44.7447226977 44.822805787 45.0598774858 45.0828058724 44.9583684732 45.0459369016 44.58829562 44.6011333601 45.1077328339 45.0554608002 44.8157935601 44.9696003772 44.6767923076 44.5523001897 44.9586662949 44.6255666651 44.8731868848 45.052045018 44.792523877 45.1238907233 45.1841398671 44.8695307588 44.5622234993 44.7907217498 44.7800548684 44.7847315302 45.1824111086 44.7792977325 44.854607475 44.6333666341 44.6438457372 44.6556379422 44.6727376181 44.6192773599 44.8205294968 44.9235843024 44.5914010516
44.8046071779 45.1878789836 45.1716860943 44.6423553792 44.6442288685 66.1192070536 66.1192070536 66.1192070536 45.1893121333 45.1936375125 65.0955725881 44.9591308552 45.06056895 44.864241727 44.9061892116 44.7880452608 44.5935685816 45.1951267934 44.8162216003 44.9511216815 44.8620031665 44.9965311964 44.9420691231 44.5041787088 44.5588699923 44.6003856339 44.817516242 44.5052053334 44.5517588718 44.6375293798 44.8773114402 44.8010608047 45.099124561 44.6523401598 44.8796045576 44.8973076667 44.8735838707 44.723073974 44.8652332939 44.6458777151 45.0011029277 44.7283574641 44.6107886371 44.6013080933 44.5936052902 44.664318165 44.8976352171 45.1329456827 44.932766281 44.9940540743 45.1295118099 44.8819372149 44.719854425 45.1816147237 44.9409827882 44.5045054845 45.1482408487
45.0715763354 44.9637147883 44.9545352372 45.0437572457 45.1353667679 66.1192070536 66.1192070536 87.3115604305 87.3115604305 44.5013846796 44.7181937246 44.932987227 44.8247899548 44.9305557507 44.8924712454 44.8268515202 44.5362820678 44.988664295 44.6384907915 45.0179539961 44.7978751548 44.7611527802 44.5397216363 44.7120857615 44.5501068155 44.9980339325 44.9659096459 44.9553538214 45.1332911338 45.043463592 45.0670587275 45.0170023413 44.6307153432 45.1118331141 44.9981059625 44.8668975255 44.5769293115 45.0904251337 44.5188856073 44.8809559746 45.023073919 44.8726757695 45.0846109982 44.8932716819 44.6350219344 45.2028554458 44.8019012011 44.6606906491 44.8559554865 45.0218133493 44.9687640041 44.6000642636 44.7735606919 44.6730782921 44.6488391978 44.6776929147 44.6506854021
44.5585453688 45.171666247 44.5469498044 44.654653454 44.5222372765 44.8923915882 44.5379037978 87.3115604305 44.9168101237 45.0581076499 44.7215625718 45.0903251272 45.1379248518 44.886976181 45.1228721881 44.5618283135 44.5565611503 44.7653482471 45.1897158104 44.7774214898 44.8928164208 44.8535507099 44.8311701373 44.90879771 44.5674283811 45.0505334068 44.6418930589 44.7470055866 44.8844133043 44.892150317 44.5278329631 44.6561149682 44.5800346282 45.0996021388 44.6836170353 44.9311933157 44.9203488529 44.5928923062 45.153627697 44.9770320116 44.746858947 44.7341028342 44.8228539488 44.9655096706 45.1595470419 44.6102526476 44.6102611733 45.1114034853 44.9661573653 44.785511156 44.803696538 45.0051823105 44.5014323557 44.5169015624 44.6514878497 44.8128360342 44.537170281
45.0468373286 44.8507907278 44.6202307204 45.1262043641 44.6450322782 59.9983962128 60.4402650955 61.4383523915 61.4383523915 44.9347777624 44.5000197045 44.9594265438 44.9493741515 44.5146875746 44.9273268659 45.0967389962 44.5260861487 45.1711734945 44.5856870103 45.0004854349 45.0486549272 44.5728773167 44.8369627017 45.19609777 45.064586383 44.8031900033 45.0797457687 44.9085479794 44.5604295113 44.6317431299 44.7639107944 44.5743003833 44.692839436 44.5505916665 45.1408397004 45.0119406287 44.9530224282 44.530082093 44.930820135 44.8663071917 44.5018574017 44.5117484305 45.0283480505 44.7405727666 44.6820091694 44.5971378833 45.1435238086 45.0589820179 45.1987947018 45.0212596717 45.2044193462 44.9763989634 44.9764342763 44.7555722476 44.5809831035 44.806302024 44.5790448666
44.889415009 44.9313745825 44.6589178603 44.6854038502 44.8080068485 55.8141205017 61.4383523915 61.4383523915 61.4383523915 44.6870056961 44.9839766752 44.7015397416 45.0227488376 45.0153561143 44.5198777691 44.7323380614 45.1003400586 44.6153020332 44.7062679975 44.7014855553 45.121865629 44.6928302248 44.777652584 44.5736666418 44.7607266801 44.9919452487 44.6055817531 44.7087236349 44.8507656061 45.1906305601 45.0861122867 44.5227451058 45.0402564466 44.75421997 44.7269310752 45.0075999582 44.7518036942 44.6431001064 45.1833102139 44.8439339334 45.0299918174 44.6311869538 44.5035038824 44.7009618757 44.5934574328 44.9756704249 44.7555675332 44.6047900255 45.1834195575 45.0829699754 45.1780315557 45.1107505092 44.6025147254 44.8632395793 44.7138374596 44.5921830688 45.0837747516
45.0767890443 44.7713719445 45.0029026987 45.1837286949 75.7096905497 75.7096905497 60.4402650955 60.4402650955 44.6977180439 45.1021716426 44.5829748752 44.6358144797 45.0431944235 45.1676609894 44.5406743018 44.5280498578 44.8887157433 44.5855134606 44.94790871 45.0319180982 44.7391217902 44.9870205595 44.5901809922 45.0288259304 44.5435761026 44.9128178201 45.1231843148 44.8288743966 45.0058676723 44.8845741728 44.9997807001 45.2058179508 44.7167823411 44.9391857076 44.7968726935 44.8633795328 44.7342839486 44.5015461326 44.6619925154 44.5064826189 44.8274142861 44.6281040995 45.1876050255 45.010130703 45.0524259318 44.8319418148 44.7080264065 44.7915957139 44.7183519121 45.0329512104 45.0422844211 45.1899192369 44.6531591203 44.9149636587 44.8422477308 44.8182417473 44.7786690845
44.6833420136 45.0700133227 44.5354831165 64.8745852639 75.7096905497 75.7096905497 45.0309253093 44.9914137735 44.6887876439 44.816617103 45.073124738 44.7389691358 44.5619699061 45.1214123669 44.6023807493 44.5478840152 45.1731192832 44.5536481028 45.0151280744 45.1144628495 44.6850602524 45.0051709663 44.5656187317 44.8990748567 44.9861648672 45.0583822357 44.988333794 44.8942730945 44.966796329 45.0641654803 44.9208133526 44.8916635098 45.1320748858 44.5436623062 45.1253409498 44.5795368413 45.1719892489 44.5261990219 44.8706618082 44.8782596138 45.1051186455 44.9389060054 44.577812963 44.5223561392 44.6858031766 45.1719500227 45.1940287959 44.9399292052 45.1431463509 45.1338709548 45.0106009175 44.892856839 44.6388035797 45.0631440621 44.5749671641 45.0550378871 44.7924724572
44.7394975144 44.6200737321 44.9117891991 49.2545226839 49.2545226839 64.8745852639 44.550037593 44.8404752258 44.765006815 58.3129226445 44.5077183567 45.0168475007 45.0288896861 44.5106886815 44.8945234881 44.7501518412 44.9410481709 44.9653728186 45.0293084657 44.9536845375 44.6631864038 44.9636407989 44.8599586224 44.6433143006 44.9397611901 44.6495659705 44.9715847545 44.8626677226 44.5614355494 44.5834501161 44.6833611342 44.5453314864 44.9597506628 45.0154233835 44.6965930551 44.6317003277 44.7714008855 44.5331972625 44.5408328769 44.6411375913 44.7276632219 44.8035827929 45.1219368733 44.6465936928 44.8592755841 44.654293913 45.1515021127 45.1011388246 44.6507897583 44.9499955318 44.9663597152 45.1498970139 44.7125924466 44.918795527 44.5349413852 44.7286931576 44.6264465151
44.5259427926 44.6483345383 44.8890514487 44.9817531017 49.2545226839 44.5953826187 72.8554721256 44.7313398827 58.128926441 58.3129226445 58.3129226445 44.8123603706 44.739939718 44.8817476296 44.9453737989 44.841545129 45.0019558466 45.0592208759 44.5201177955 44.7569089125 44.6629824693 44.7153938275 44.7496492109 44.8178822038 44.8452010245 44.9396135109 44.9390709608 44.7743718617 44.9637143814 45.1755947797 44.9984795526 44.5257630739 44.7847632094 44.8357510242 44.7702728138 44.8316563819 44.905936551 45.033845848 45.0595500209 44.7068724056 44.7692631893 44.7365062414 44.8686387013 44.8313563801 45.063442346 45.0687034088 45.0983107994 44.5275659289 44.6056833656 44.773336308 44.8243196845 44.8716437247 45.0389784981 44.6754774121 44.6966503551 44.7358377212 44.9794164639
44.840812722 45.1658719024 44.6944649459 61.6038009834 61.6038009834 61.6038009834 60.4714633307 45.0572152915 44.9130440598 85.3370849363 58.3129226445 44.7449672477 44.5495192363 45.0673930647 44.7350112422 44.509250718 44.922682706 44.6700946466 45.1277339759 44.6023235387 44.7771624963 44.6315849479 45.2033238016 45.0382795663 45.1448576888 45.0090861366 44.5319074188 44.9709860553 45.03546681 44.9072429601 44.8176652946 44.7785042596 44.8609851911 44.7742718585 44.5247988083 45.1567187556 44.8108210893 44.9467596737 44.5905250141 44.7797724023 44.9790378222 44.8414187386 44.6192555501 44.5122100747 44.6092279584 45.0763987092 45.1387779882 44.7612050602 44.6432433772 45.1901171703 44.9837182444 45.0400663768 44.9382780405 44.613641055 44.7261516826 44.5800226901 44.843873757
45.0488580126 44.8686243649 44.5345036501 55.343856081 44.8785902163 60.4714633307 44.9458295748 44.7224640832 44.5717384459 45.1672703705 59.1649568619 44.7737449452 45.127836266 45.1527686906 45.0013745114 45.140946587 45.0969345648 45.0548425417 44.9047879673 44.5466967257 44.9241254519 44.5551891176 44.674464764 45.1247348391 44.7578011199 45.0900861103 44.5910599314 45.0205453999 45.1418657345 44.7564721332 44.9383852258 45.1896257642 44.9551399591 45.1537098976 44.6979357636 45.1076378863 45.0756247641 44.9176720254 44.9549323122 44.8156932078 44.5936580942 45.2008884277 44.5365482571 45.1947021305 44.7866395769 44.5703913756 44.9521881403 44.7442701926 45.0298483902 45.1705003639 44.6820644036 45.1778748899 45.0257954226 44.6431939758 44.6811457744 44.973573833 44.5055690612
45.1457472564 44.6732345674 44.8731541934 44.8247789529 57.9142590502 44.6151572491 45.1471436894 44.5943333948 45.1196901004 65.3075592739 65.3075592739 73.4439143361 63.2894084942 63.2894084942 63.2894084942 44.8107719645 45.0868505614 45.1709711887 45.0442553756 44.9355851067 45.060741562 44.6455677032 44.6784261486 44.7176750643 44.5617560395 44.868521147 44.7638523737 44.5244632202 45.175367304 44.6066323982 44.5540928086 44.5326226161 44.6206145382 44.6421739311 44.6502395248 45.146063422 44.6676603458 44.5831773223 45.0213842339 45.0862946055 44.838425698 44.9894009 44.5002979591 45.0898201758 44.6832794551 44.585422416 44.8931161595 45.1534065891 44.9024156869 44.7874587959 44.5282792375 45.164861147 45.0759705051 44.5268141405 45.0183176127 44.7123049962 44.9220118007
44.9238595351 44.5760593446 45.0995869084 66.4394204756 66.4394204756 66.4394204756 44.7533837647 44.6284572755 65.3075592739 65.3075592739 65.3075592739 44.9308463507 44.7182845404 63.2894084942 45.0882272874 44.5684348524 44.9678729275 45.0178189616 44.6150167653 44.5021260495 44.5846138311 44.9037317124 44.935853372 44.7876363731 44.6337736941 44.7047695444 44.8758013368 44.6771728407 44.7425120783 44.9158612828 45.0967409804 44.8197373806 44.9430541292 45.093370986 44.6045506874 44.8948871001 44.5211938409 44.9497310519 44.8101584297 44.7075725928 44.7944797374 44.5904742699 44.9915370401 45.1403961244 45.0010781848 44.8594823035 44.5505964537 45.0211675248 45.004779745 44.5690413391 45.079315963 44.6314519795 45.1522111012 44.856579023 44.9617778202 44.727435836 44.9166101824
44.7100685861 44.6904542546 45.0938368203 44.8739707634 66.4394204756 44.7208109243 44.5376775727 44.8641085932 44.554568883 44.9377023867 44.938803536 44.6591535201 44.9010792608 63.2894084942 44.7498414012 44.8735084057 45.1129408938 44.9541257303 45.0720987178 45.0290752549 44.84815313 44.5470907703 44.5369125077 45.1203353477 45.0133236547 45.1448984695 44.6869076794 44.611769244 44.6133161575 44.7507963595 44.8424898029 45.1117775841 45.0239203867 44.6165395565 44.8726623177 45.1264040217 44.7578338167 44.6994829168 44.7425260658 44.8804905235 44.691607625 45.0353318326 45.0943018988 44.7268845553 44.8758465598 44.6332491747 44.9367442902 44.5022656067 44.5293322161 44.5880083907 44.6437659608 44.5460733229 45.0181158891 44.8397835175 44.8228443926 44.6738611084 82.8326983364
45.1235193925 44.8232008755 45.10265165 44.9703859931 69.9547439709 45.0065937733 45.1718732322 44.7894861818 45.1654963784 44.5368863354 44.5751384837 44.9154680934 44.6940958851 44.8896614635 44.9683237052 44.5034588703 44.7369835363 44.5207226115 44.9626820401 45.2015266323 44.9229648954 44.6882332739 44.8069286452 44.8208128975 45.0595613296 45.0000277094 45.0952639556 44.5651399233 44.620187889 44.9463699883 44.6778144402 44.8370384161 44.5252437199 44.607012924 44.678568127 44.5174982441 44.7204843863 44.9800481982 44.5106855481 44.9943969414 45.1574632461 44.6344757173 44.5817039914 45.1129504298 44.7811574428 44.6108796905 44.8481975991 44.7523444007 44.9666263809 44.5675029256 45.0712351705 44.8868878489 44.9327167861 45.1399568686 87.244698674 67.0000139693 67.0000139693
45.0514996474 45.1454571731 45.0517678874 45.1886791437 84.7307599935 89.9383861059 89.7096187947 45.135425093 45.1467375203 44.5368593544 45.1925728331 45.0075420212 44.9882562405 44.7168790001 44.9782901083 44.5659550991 44.8691193132 44.7272119141 44.6428086258 44.980571958 44.8357617275 44.8310746569 44.6934993397 45.071707095 45.1290642157 44.7877687698 44.7678816767 44.8117882435 44.6510122449 44.7684680167 44.9415953991 44.7366074945 45.1718456274 44.850546645 45.1425368491 44.5822265523 44.9754096138 45.1468345598 45.0487523149 44.6875438422 45.0471046502 45.0927128684 45.1921330563 44.5347374068 44.5345235235 44.7750268994 44.989041062 44.6024977366 45.0124771047 44.6336704431 44.5533509795 44.735447063 44.9563236081 44.9811386533 73.0448478468 73.0448478468 73.0448478468
45.0114192971 44.7490923173 44.8364148441 44.9186723932 89.7096187947 89.9383861059 89.9383861059 54.0940532013 44.9040048553 44.5282189757 44.8034407257 44.7054744821 44.6890422452 44.8179994403 45.145112013 44.6772003803 44.6558328637 44.9265652101 44.9482803443 44.9543498618 44.7899006566 45.0246152092 45.1406598478 44.8530314902 44.6940536035 44.626644562 45.0612714359 44.8540765756 44.6612139636 44.8660226081 44.9271927403 45.1877106522 44.599501844 44.5625189531 44.8860212404 45.0941044827 44.8660784336 45.1023944629 45.1669039501 44.6661220872 45.1300405473 45.0266433324 45.0979491756 44.777353412 44.5444650476 44.6487225209 45.0121605892 45.061828599 44.8254070452 44.7852174759 44.5037649711 44.5673555671 44.9938003542 71.1339726374 63.621568189 64.1035620202 66.5392187907
44.7085669426 45.1052262673 44.617244726 45.0652283372 44.5604459685 89.9383861059 54.0940532013 45.114717181 44.556373829 44.952751583 44.8655785744 44.6663894874 44.7522619153 44.616854576 44.6399709366 44.7333933931 44.8382831144 44.9562852342 44.9265075783 45.1654402987 44.9196126099 45.1211787348 44.9330180342 44.7414837064 44.5698698491 45.1102192633 44.7242396618 45.0600419943 44.5537808538 45.1403017332 44.5549264608 44.562361241 44.6311557948 45.1684149108 44.5568780049 45.1425746577 45.0065419952 44.9810234821 44.7885884644 45.1230354468 44.5189237966 44.7871403911 44.7205232947 45.1886881368 44.9158016361 44.5007645032 45.0873290349 44.7205837113 44.8301705463 44.7531205802 45.0586124593 44.5487413377 45.0805056029 58.3592475512 63.621568189 65.2471233945 69.7530695601
