Spatial_Output/BAU/BAU_1401.asc
NCOLS 155
NROWS 192
XLLCORNER 196307.867259
YLLCORNER 449144.565805
CELLSIZE 33.573938
NODATA_VALUE NaN
[rows 75 to 99 of 192, columns 56 to 111 of 155]
53.9339811941 67.9520210413 32.8386042111 33.126267905 33.0016772097 32.5298963764 32.572913949 32.9676026474 33.0797515268 32.610352725 32.6790018814 33.0236487586 32.6253494689 32.5099159687 32.6555234503 32.6238537746 62.935179489 32.9167935575 32.8247501878 51.3327244837 51.3327244837 33.0560306807 63.4699502704 32.9281714467 32.8974978833 73.0727592224 33.1648401254 32.5258218537 33.1888807521 32.7273429565 32.6936076466 32.8100586686 32.5041264352 32.8420332193 32.5862197116 32.5288681878 33.0250180102 32.6729736009 32.9282353241 33.0695694687 32.7000391072 32.5524192285 33.0502382211 32.8050287238 32.8712632218 33.1086960109 32.6316409147 32.8858624819 32.9801613235 32.7885966756 33.1862268798 33.0933654678 32.7638751387 32.9971562743 33.1072930316 32.9158826963
53.9339811941 33.1376134086 33.1712145059 33.0078082703 32.7137687071 32.6879211715 32.7037882654 61.006152112 32.5649024446 32.8906032446 32.8778166711 33.1227232204 32.838532161 50.3456219022 32.9163443481 32.8431977648 33.0938977934 46.7642556188 32.8131633505 32.9667790379 33.1521481651 32.9822285929 32.6647657622 32.9525591425 32.6142852218 33.1200266329 32.7111527481 32.6405892009 56.5997345711 56.5997345711 32.7207963993 32.6123213041 33.1633779661 32.7606946455 32.8431067121 33.0387590954 32.8840030006 32.5846941219 33.0682412071 32.5018388471 32.7221109787 32.7184682285 32.660052859 32.7431880149 32.9328156932 32.6158239046 32.8045304804 32.8696393672 32.7998639891 33.1974938898 33.0358397064 32.6347129958 32.5603633801 32.8698691294 32.8927147566 32.545454792
53.9339811941 56.1030808846 32.7304106917 33.0610565493 32.7140627156 32.8999321317 33.1663878263 32.9327996339 61.006152112 61.006152112 32.8254342993 32.7459796585 49.4689103503 41.7217496624 46.980993971 32.6142356559 32.9281509076 33.0444305607 33.0318262819 32.805112283 32.6581025162 32.9068017438 32.8044652378 32.7183864387 33.0556447115 32.875507218 32.6539274704 56.5997345711 56.5997345711 56.5997345711 33.0397887541 32.5438507257 33.2046128412 32.9777025737 33.0985336048 32.8805669493 32.8010480219 32.6872825271 32.8462689485 32.9710220705 32.978938285 32.7000601741 32.5091647154 32.5702680142 32.7305622811 33.1021103833 33.0387038383 33.0186206822 33.1909548711 32.6638323086 32.9711430776 33.1199861574 32.5008678803 32.9570455609 33.1959552899 56.9169368326
59.3198496045 59.3198496045 32.6106351901 69.0637420147 33.0433867147 61.5477655911 54.0989449651 32.9588148523 32.5995691908 32.5216724995 43.0533067815 43.0533067815 44.5612005519 47.236969256 41.9487797515 32.6953990325 45.948407527 53.3415501294 32.8530828335 33.127637966 32.7828778585 32.9014050611 33.1718066109 32.7928698567 32.6562776567 32.5649818545 32.8537160268 33.0799492723 63.7778829393 63.7778829393 63.7778829393 32.9622248185 32.5936709243 32.7326232225 33.0880957674 32.7386218113 33.1661637766 33.1864006651 32.8288849859 32.8951064467 32.8111784719 32.6046933169 32.9826672763 32.6147424584 32.5252820827 61.8267328601 32.8058623457 32.5657949478 66.5100707943 66.452636554 61.2878195279 33.0820804825 32.9404642798 79.1724856753 32.9655801451 56.9169368326
59.3198496045 59.3198496045 69.0637420147 69.0637420147 61.5477655911 54.0989449651 54.0989449651 32.5150728747 32.9004724546 50.4811867963 50.4811867963 32.5261665826 44.4069319372 51.6949519292 46.784400747 32.5204422369 32.8619816661 32.7642077387 33.0316682607 32.5750927109 32.6931369321 32.9975412878 32.6827315327 32.5892596256 32.6893149149 33.0624306274 33.1126806777 63.7778829393 63.7778829393 63.7778829393 32.8874697077 33.0561346896 32.9958502993 33.1396103715 32.7810783405 33.051858166 32.6293276881 33.0916951702 32.6518827765 32.7143729547 32.5238330179 33.1134274006 32.6440212177 32.6622424333 61.8267328601 32.8468609581 33.1779878037 66.5100707943 66.5100707943 66.5100707943 61.2878195279 61.2878195279 32.6317203026 79.1724856753 79.1724856753 32.9508700673
70.953932438 59.3198496045 32.9662450943 69.0637420147 32.7508047116 61.5477655911 54.0989449651 33.1382456108 33.1872700106 50.4811867963 32.5025270846 32.6638762488 32.6649988439 33.0388761544 32.7101848843 32.6569084251 32.516177077 32.6330588286 32.7296594346 32.5130786931 33.2000714626 32.8089512731 32.7165548606 33.0121052457 33.0952636268 32.5177070872 33.0625253653 32.844635015 32.657139584 54.9695186978 33.1060360219 32.9874864282 32.8719068798 32.5443339013 32.6228031845 33.1902915885 33.0812456291 32.944689823 32.629428939 32.9174775143 32.5754673777 33.0640448937 32.64551677 32.5017213851 33.0037443549 33.1884422571 32.7948137231 32.8844102506 66.5100707943 32.7729779257 61.2878195279 32.6332964379 32.9319915877 79.1724856753 32.644316377 32.9852524721
33.1519587428 32.9383566471 32.6951840379 32.9838118621 32.9942855712 32.8482503676 54.0989449651 32.7235875344 32.852925172 50.4811867963 33.1461040496 32.6546362709 33.1605661685 33.0098616172 32.647002036 32.8127052011 32.8961010997 32.9358845327 32.9887863491 62.0016508711 33.0210182605 32.9667766574 33.195833241 32.7936741045 33.1328737428 32.9589315142 33.0322096234 33.0680510947 64.0698177133 64.0698177133 64.0698177133 33.1611415668 32.7412016804 33.1845152684 32.959445121 32.8335794371 32.8111953414 32.8601460462 33.1014430062 33.1927453319 32.7731753417 32.6659727821 32.5027924978 32.87910711 32.5502355337 65.7703119404 65.7703119404 65.7703119404 65.7703119404 32.7700405638 32.6521097969 33.0784759472 32.7517332612 32.5870601116 32.9606869252 32.5670438785
32.7936255785 32.8686332 32.9281431623 32.5769477756 33.0692828622 32.7075642827 33.0861512375 33.0809454096 32.5867050142 33.2003311192 32.7876957901 32.6684536861 32.7370901359 32.959656312 33.1020919698 32.8346895643 32.547803208 32.7145396731 62.0016508711 56.3907597382 32.9360358606 33.125479498 32.5431399954 32.8650659318 32.7321991802 32.8095419708 32.9058352867 32.7238753829 32.7267143783 41.0621376201 41.0621376201 41.0621376201 33.1760585168 32.5678756626 33.113927955 33.0569658356 32.7490084203 32.9397067818 32.8614611508 32.8603041672 32.5974630826 32.7992681324 32.5291300732 32.9044023619 32.8487421995 32.6061579517 57.3738287059 65.7703119404 32.9004946842 32.724674487 33.0911410543 33.1906073765 32.8015093148 33.1453224658 32.7417344715 32.98225203
33.0270650075 33.0428313182 32.8285394501 32.567510791 32.6741786833 33.0465881163 33.1212766933 32.6957502811 32.9889177703 32.8794737641 33.0174996492 32.6992392503 32.6385434851 32.6276611 33.1142309878 33.078947437 32.5005161192 32.7093004963 62.0016508711 56.3907597382 56.3907597382 56.3907597382 32.9451276222 32.7836384355 32.5148619955 32.8430691116 32.553390666 33.1287925823 33.1276597078 41.0621376201 41.0621376201 32.9910013009 32.7344921363 32.6002403854 32.5155104769 32.8868707802 32.6347995803 32.5646287828 32.9351568203 32.8084913753 33.168447742 33.183016805 32.6703626129 32.61252418 33.0740351387 32.5171616706 57.3738287059 57.3738287059 32.7317305693 32.5282044452 32.8458770196 32.740643532 33.1178101991 32.6555151902 32.8177622526 32.6936197284
32.878813126 32.9002671095 32.5431809084 33.0983001652 33.2050369581 32.6606218722 32.6415592801 32.6369206931 32.9301925155 32.6629137631 32.9113837888 32.8693888328 33.0402570101 32.5527944816 32.6918021029 33.1711403956 32.8473305804 33.2055819521 33.1372738987 56.3907597382 56.3907597382 32.9323322271 32.731306681 33.0933158948 32.7860097715 33.068071842 32.7454527325 32.6923310617 32.8937902818 54.8877351434 54.8877351434 54.8877351434 33.1527532623 32.7989487457 32.7333607442 33.1536978939 33.0387430009 33.0227501744 32.9631876581 32.6139384426 32.8776042872 33.1069613454 32.5052292346 33.0770682406 32.9449213949 32.6475441482 33.1067888454 33.1675589754 32.9465886244 32.9227468867 32.9138736702 32.8753820176 32.5336375638 32.8816630318 32.5729634365 32.7862441053
32.8357389305 32.5185373274 32.6736844627 33.1324720656 32.7827928022 32.8241040422 32.699405946 32.5013835474 33.1675902456 32.583338987 33.1501589166 32.5154568536 33.1681839524 32.8885460129 32.6213697616 32.9118849332 32.5841474741 33.1208170066 33.0124230516 32.6633604429 56.8418973464 32.8004538723 32.8995751183 33.1764808488 33.0898455047 32.9899456838 32.5658308987 32.7653421548 32.5255839945 57.9005889739 70.4843791877 70.4843791877 32.5529769832 32.8097512654 32.6432663248 32.8949520755 32.8698140441 33.1628343478 33.1230172612 32.9003791611 32.7912102462 32.5127830918 33.0040264407 32.930595784 33.046810288 32.7541298483 32.6230087424 65.488473223 33.1524012994 32.9840164918 33.1272287999 32.5249595941 33.1260329317 32.5505742523 32.9411947757 33.0182544333
32.7686813209 32.7197078279 32.7167480096 32.7129738321 32.7809094114 32.5111945226 33.0704578306 32.7949376441 32.9014799451 32.7583125757 32.6602965833 33.1381709162 32.7179537022 32.6289623346 32.8911121617 32.5805059728 33.0276541482 32.8590872786 32.8801200696 32.5285240833 32.5192855046 33.1535724112 33.0913781627 33.1768356081 33.1929403964 32.7561303935 32.5754485134 32.8889009089 32.8362289386 32.7654039924 70.4843791877 70.4843791877 32.6162153141 33.0775461003 32.543525057 32.8392915647 33.0859722961 32.5379644282 32.5184334934 32.6272941634 32.555712261 32.653137312 33.0559429845 32.9020397234 32.7610017101 32.9673818922 33.0485288717 65.488473223 32.6244875922 32.8889416971 33.1867129353 33.1358920616 55.624114582 33.1879543141 32.6916912272 33.0914942045
32.7656356447 32.8108107937 33.2042651316 33.1196678158 33.0219262352 32.5522127316 33.1286919719 32.8213795662 32.6837232688 33.009544433 32.9333577576 33.1177418093 32.859186147 32.5497556197 32.6985608876 32.8567206259 32.5394128647 33.0424508937 32.5083144448 32.585408044 32.516050372 32.8384275151 32.5376156915 33.0319463998 32.9490822727 32.5794525174 32.5529114409 32.8156758556 32.9110727951 32.7178675906 33.0826948805 32.7476746756 33.105563921 32.7328512779 32.770365724 32.5117966222 32.8301305527 32.6757938636 32.9555852456 33.1275042944 32.9915466033 32.9962669663 32.8467646979 32.9466510703 33.0080717725 33.0852825852 33.1433719968 32.6354672752 33.0777647798 32.6875744051 33.0694418426 32.6547608428 55.624114582 55.624114582 33.162829142 57.3999333809
33.1614198255 33.0543539016 32.6925484623 33.1861438003 32.7833625543 32.86320912 32.7240340221 33.0447263143 63.9519984252 32.5375307412 33.0388557067 33.0294853854 32.8432151142 32.9912509462 32.6237009282 33.0115065731 32.7434011805 32.7773515846 32.6283989661 32.9864047214 32.8603948788 32.9168839786 60.1027628142 33.0268702245 32.8218918582 32.7368934947 32.8832041923 33.0153472142 33.0196223705 32.9760281367 33.0008964318 32.562410568 33.134720436 33.1521230356 32.827715315 32.9251265147 32.732888819 33.0131145315 32.5549642025 32.5812735027 33.1034509818 33.0008011935 32.5269690857 32.8204422713 32.8009380152 32.5116085119 62.7720459132 62.7720459132 62.7720459132 32.7664101495 33.0325552809 32.568110183 55.624114582 32.8855329221 32.5999084951 57.3999333809
32.8597074012 32.7222764224 32.5388162738 32.8307782965 32.9443594669 32.9211698459 32.8561266418 32.7211362668 32.9711768515 32.8847121581 32.9196081811 33.1097608393 33.0904998805 32.5444482528 33.0280217833 32.8711020668 33.0728577682 32.822659128 32.9340061825 32.9393565618 58.7648034688 58.7648034688 60.1027628142 48.0866784969 46.3981419263 58.4133586168 66.9515075818 32.7280142576 33.1563495507 33.1696741426 32.5979300983 32.8336548373 32.7736570998 32.5604630539 32.7922046366 33.0542876887 32.6411520407 32.5651075297 32.8167180314 32.761405191 32.8505880206 32.5069017431 32.8220822437 32.7842653878 32.9513065252 32.5406351805 33.1508320886 62.7720459132 62.7720459132 32.9615065137 33.1962308872 32.9278229732 32.922608435 32.8572400248 32.7523442827 32.7488318784
32.8716242937 33.1256165749 33.1308593733 32.9541005018 32.8817181653 32.9814869093 32.9823012021 33.1875603843 60.1833413804 60.1833413804 60.1833413804 32.7187685034 33.1722609351 32.9965013341 33.066005033 32.9462045513 32.8555319454 33.1790129851 32.5489931067 32.8202255997 58.7648034688 58.7648034688 51.8317416363 33.0459819499 46.3981419263 46.3981419263 66.9515075818 33.04194585 32.7747849658 32.8146422992 32.6244919989 33.0742513628 32.8226255992 32.5771254711 32.5180157124 32.6966268884 33.0083639456 32.6781229321 32.8311700093 33.1763250304 33.1177556885 32.821598986 32.7856493818 33.0256454618 32.8148618045 32.7830704624 32.5606565325 33.1008259169 51.6126782704 32.620605321 33.0794195833 32.7849698945 32.6068489287 32.5369983682 32.5986232182 32.6355845974
32.7544681538 32.7786310896 32.6467633054 32.6317149072 33.0238483601 32.6752170577 32.6783524987 32.9269134557 60.1833413804 60.1833413804 32.7971482092 32.7349273208 32.7827989381 32.568560338 32.8843633571 32.6237881506 32.5823355008 32.5494145502 32.8569262297 33.1576009638 58.7648034688 51.8317416363 60.1027628142 32.9621239531 46.3981419263 33.189041889 66.9515075818 58.6422709809 33.0330628678 32.8281009618 32.5350985599 32.5466163326 55.9788334161 32.6085768132 32.5644173376 32.5072167554 32.5995649403 32.5939769999 32.7633491503 33.0235144667 32.9570833545 33.1703697173 32.9547128311 32.7309806441 32.5934806951 33.0893042451 58.6602889954 32.9379626302 32.689747607 32.9395419516 33.0563032876 33.0947896678 33.1280184877 32.6375601096 32.7114339639 33.166659424
33.0483089443 32.9865230296 32.7973354386 32.8763832537 32.8349899463 32.5221365614 32.7049667316 32.9794268693 74.7546899018 59.1839626977 74.7546899018 32.9881391109 32.5651311105 32.6998652325 33.0604994881 32.9623946626 32.9743509526 32.5486774477 32.6334951686 33.043360509 32.6573786034 33.1954333562 32.845347057 32.9007423246 32.9224831304 32.9228455958 32.9783423763 32.6242148367 32.857624621 32.5602647987 33.0521949148 55.7279597957 55.7279597957 33.0777092583 33.0143668826 32.9723503045 33.1148792707 32.5383021963 32.9474586183 32.6645967158 32.6963338055 33.1415818335 33.2012502533 32.7394014043 33.0154375007 33.1951947505 33.0187946933 32.6278865995 63.6063661134 32.9290578851 32.9245740204 33.0965510632 32.9416598584 32.6665066996 32.5410464576 32.9486428542
32.6289025612 32.9736373391 33.1954694666 32.6951414108 32.9764711259 33.1905449874 33.1375082686 32.7083270186 59.1839626977 59.1839626977 59.1839626977 32.5334692081 32.7969759418 32.7223539012 32.7021020492 32.9748164386 32.7719181654 33.2067024983 32.8523997918 32.9922587996 33.039717019 33.0199782119 32.9750422734 32.6974034719 32.8398245824 32.6864093372 32.6294960204 32.5586964479 32.7828097427 33.1836494221 32.6870014747 55.7279597957 49.4130852079 32.855444097 33.0636804092 32.6971244499 32.5529865018 33.0035610149 32.8953000318 33.1688645226 32.5445225271 32.5812402412 32.7167673594 32.5623644142 32.9735124213 32.7457582942 32.8652000107 32.7658534447 66.9472507953 32.7852863951 32.5941522398 33.0262667142 33.1042237643 33.109307193 32.5243510163 32.8678441517
33.0829421127 32.8221361473 32.7876960491 33.0633364193 32.6300433105 32.5188775336 32.5057588288 32.7243776822 32.7460310816 32.8966663749 32.5576847262 32.877517829 32.5447758106 32.6733334434 32.8753317333 32.9723773187 32.8026867307 32.7143186984 32.5985211243 32.7755859563 33.2027538927 33.0720734667 32.6520338509 32.98509103 32.7588855055 32.8316000607 32.6480944715 32.7760513023 33.188393716 32.7914841541 33.0612651677 32.9328990068 69.1329091289 69.1329091289 32.6179067239 33.0188719667 32.8279523901 33.0606302177 33.0381368415 32.8833439644 32.5815716235 33.0544314068 33.0735932526 32.7804562713 32.9561075607 32.8232497686 32.501319681 53.1646490351 53.1646490351 33.1009553632 32.8052816997 32.8529555489 32.6121622428 33.0939117156 50.537101133 33.1862812156
32.7560481773 32.8555875062 32.7889137109 32.7176401571 32.9151041109 32.8385370198 32.5468243276 32.8178938224 84.8479902727 84.8479902727 32.5166082933 32.6776549315 33.0234106161 32.9667166803 33.1807041699 33.0555910478 32.6390659558 33.1475488836 32.8322584134 32.9920300391 33.022116349 32.7111716581 33.0611784098 32.6444459598 32.7947598524 33.1972243617 33.1601218598 32.6210498043 32.7217074134 32.5162958133 33.1300740592 49.4130852079 69.1329091289 69.1329091289 32.6730464806 32.6430755598 32.7206219792 32.5539132157 33.1430017829 32.530140829 33.1860003092 32.6101626155 33.1813204455 32.6711073891 32.8912096175 33.1791110708 53.1646490351 53.1646490351 53.1646490351 53.1646490351 33.0229232467 32.7213119823 32.9894003792 33.0326104703 50.537101133 32.8431633676
55.9142389121 32.5276496757 32.5940665575 32.7225018756 33.0115809627 33.1874898907 32.9679793808 33.1653821839 32.6578115687 84.8479902727 84.8479902727 32.8497548579 32.7635911896 32.8192687971 32.8957206681 33.1084894447 33.1274198496 32.6541027588 33.043101302 32.6073261332 32.812588017 32.855642073 32.9549875428 32.8857828735 33.1582341778 32.5093314734 33.1726526755 32.7923766524 32.6027326771 33.0121976995 59.5865558569 59.5865558569 53.4756079747 54.8163013856 82.6924433808 58.721824169 58.721824169 32.539416797 32.8786352212 32.8753318622 68.6562098529 32.780300375 32.5245069215 32.8582616712 47.4966469556 33.0830373915 32.7680859467 33.0115180238 32.5842100529 32.7830230885 32.9745996785 32.6297510242 32.5407390173 32.9673986395 32.8539270855 32.5211238735
55.9142389121 32.7251449171 52.9970539314 52.9970539314 50.8032064268 49.2741254788 67.5510803775 48.4969686233 32.5320392253 49.6874135888 49.6874135888 58.1523322305 58.1523322305 48.8587945892 48.8587945892 33.1312738136 33.1366853271 32.870288339 53.5406529731 32.5430187349 33.0767948436 32.5053008182 32.8584800664 32.7578318902 32.6129549245 33.134767892 32.9012100937 33.1755158534 32.7859595665 33.1162947882 59.5865558569 59.5865558569 53.4756079747 48.4568596765 82.6924433808 58.721824169 58.721824169 32.7919513656 33.1226808038 33.062844984 68.6562098529 33.1836735939 32.8616456205 32.6232390864 32.870350671 33.0155469775 32.5442437772 32.7903893567 33.1428260472 33.1791937222 32.8810364549 32.5353606309 32.6395024316 32.9636046365 32.9515962886 32.6337009356
55.9142389121 32.8234242856 52.9970539314 52.9970539314 52.9970539314 67.5510803775 67.5510803775 48.4969686233 48.4969686233 32.9190590673 32.777629923 58.1523322305 58.1523322305 48.8587945892 48.8587945892 33.0734514087 32.9920715758 53.5406529731 53.5406529731 32.6156164176 33.1963468983 32.9154271976 32.8436211951 32.7858929648 32.5502472777 32.6039453988 32.8691319696 33.1995526663 32.8752159723 32.7920880153 33.1561910502 59.5865558569 48.4568596765 48.4568596765 48.4568596765 32.6230416787 58.721824169 32.8373071325 32.8686482011 32.6147762809 32.804151846 32.8164964477 32.617093766 32.514624926 33.1809060762 33.1389161991 33.0257421959 32.6327111645 32.6200317382 32.5328545157 32.7433892795 32.5016367041 32.6053191153 32.9861916038 32.6887720643 32.5755327766
55.9142389121 32.726251794 32.5441004173 33.0301534608 32.9063673548 32.8120512037 67.5510803775 48.4969686233 32.6508513831 33.0274477255 32.9818894191 33.0898663307 32.5853062695 32.7824653172 32.6124153565 33.1873805095 33.004346199 32.7683557766 53.5406529731 32.5965692935 32.9617920996 32.8475489143 32.6433786093 33.1680947019 32.8802269417 32.513498947 32.9966536202 32.5161864658 32.6981272058 32.5905148885 32.514719545 32.6694383419 48.4568596765 48.4568596765 33.1770448184 33.0899274583 32.5602112958 32.6352391127 32.7117384125 32.5063096804 32.5840829402 32.7017570279 32.6491465559 32.68006119 32.6737240555 33.1877429791 32.9292951511 32.9963926361 32.5021966714 32.9533492796 33.1519710773 32.7603589258 32.6911539864 32.6503333727 33.2023468329 32.764049971
