Spatial_Output/BAU/BAU_0673.asc
NCOLS 155
NROWS 192
XLLCORNER 196307.867259
YLLCORNER 449144.565805
CELLSIZE 33.573938
NODATA_VALUE NaN
[rows 25 to 49 of 192, columns 0 to 56 of 155]
0 0 0 0 0 0 0 0 0 0 0 0 0 0 0 0 0 45.4552721243 61.7286848938 52.6604177004 19.6067452715 55.1447695157 21.1244138322 57.344382781 60.3623067651 60.3623067651 53.4053407605 27.3236289829 28.8160771403 27.1312313556 25.7140844299 27.9163918179 25.653862837 27.1949446342 26.900422689 27.3306603867 28.4275023574 25.2327848834 29.1752496502 26.5512963204 26.1119244049 26.47285435 27.4141511116 25.4086742435 28.9628420478 25.0187651353 27.3687015684 28.9637074697 28.3210351336 26.1544128781 26.9160708858 26.2585484791 27.3649720156 28.1894033846 28.755563348 28.2060787941 26.0538819674
0 0 0 0 0 0 0 0 0 0 0 0 0 0 0 0 0 0 0 0 0 26.3626107784 28.6899749771 27.0977307763 60.3623067651 53.4053407605 69.4646804515 69.4646804515 68.7668718433 28.3491645931 26.2100492207 26.6288960451 25.3758901939 26.6004214473 26.4838625698 27.3809878744 28.6912309514 28.6480572898 25.2831061187 28.0030130705 28.7352139597 25.7815654559 28.7439485134 29.2361432998 28.006625578 26.5430558087 26.6504052499 28.575389388 26.4378413568 28.1301116603 28.6834583992 26.1792380577 25.2014914794 27.8659482175 25.7557643397 26.7262580885 27.140059932
0 0 0 0 0 0 0 0 0 0 0 0 0 0 0 0 0 0 83.736513865 28.6812587197 28.6299814587 27.0618417825 26.7898201733 27.856331513 28.9200964665 77.4040471808 69.4646804515 69.4646804515 46.3771456043 42.8210928734 42.8210928734 28.8469010545 26.8636251136 27.2654674548 26.4155435925 26.1837812312 29.1515276708 27.0352963344 26.6801110445 28.4848990685 27.2861684 29.0031770111 25.9623978062 27.8178944614 29.2324443905 25.8562023145 27.5026536565 27.0976187905 29.0225465114 26.425428128 28.0726898469 28.0751318094 27.5204043855 26.6741117576 25.9364660252 28.327677101 26.0640541956
0 0 0 0 0 0 0 0 0 0 0 0 0 0 0 0 0 83.736513865 25.0776339628 26.190478316 25.5211601715 27.5563111954 25.0735520126 25.624643533 26.8178169706 27.9975245285 68.7668718433 46.3771456043 42.8210928734 42.8210928734 49.8413943193 42.6880128127 27.3122653702 28.0147511086 26.1053711893 28.0080144981 28.6929882641 28.2147047866 28.0058214822 28.9239368381 28.005872455 25.4202973022 27.6600532507 27.6585323454 26.8393074043 27.5895604241 26.1789775637 27.514036516 29.113906559 28.8337996485 27.4225517361 28.335194339 27.3220702952 26.8995701776 25.942510891 26.0697035828 25.1247073008
0 0 0 0 0 0 0 0 0 0 0 0 0 0 0 0 0 25.1025627328 29.1490927874 40.6994739843 47.7816830703 44.9651539028 28.8819745865 25.1517019376 28.5377554038 25.1727850781 26.2826086901 70.5998081015 42.8210928734 42.8210928734 49.8413943193 42.6880128127 62.1614663675 25.5071112445 29.1017160531 26.4769948355 25.7241330907 29.0902640295 26.9955979433 28.2575253729 26.1114367539 27.0247742728 27.939523333 26.7641536512 27.9917174187 28.4192253849 28.8190030712 28.1647871025 27.2596900798 26.2663862652 27.0803315882 25.0908542407 28.9640580146 27.5152108371 25.9152684883 26.4361225606 28.7071950366
0 0 0 0 0 0 0 0 0 0 0 0 0 0 0 0 27.8811158985 26.7424979905 28.737417794 48.3814063414 41.8229886919 43.8056936156 25.1331250975 28.4794077158 26.6867998743 25.8957563237 28.7328317485 27.5493144781 27.6719559378 49.8413943193 42.6880128127 61.8898138387 49.2797977823 49.2797977823 27.5552049219 27.6048378217 28.536413499 28.3262817724 25.9324003135 27.6343257986 26.9157269116 26.7516246887 25.536546978 28.9198370415 28.4414190401 25.3064073099 26.8986627718 28.5180040785 25.4519486775 26.750290263 27.4951797995 25.4702808262 25.4487451893 25.7695143952 26.283107956 26.941343184 26.0836357681
0 0 0 0 0 0 0 0 0 0 0 0 0 0 0 26.5359443788 28.9319665487 27.3022180981 25.5760433008 45.7860803463 42.4219780688 43.5951353412 40.133713917 26.6816174652 28.0199557001 25.3777744142 26.9023982119 25.333586986 28.4368611856 25.947372896 26.0769094009 27.3134073355 64.0296823481 63.8187999788 63.8187999788 29.0199178113 28.1482486608 27.2111207803 25.7954171934 27.1097620354 27.7499959339 26.5671094844 27.8552701597 26.3089528075 27.894877125 26.9728818864 28.8501366094 27.5009217282 25.4095011788 29.1015645227 29.1515692422 26.5495270612 26.3809537456 27.8574641483 28.077179022 27.5376757629 27.9766438473
0 0 0 0 0 0 0 0 0 0 0 0 0 0 0 29.0587780736 26.7479047987 25.8893961621 26.3095273587 39.4644557035 44.3782292309 39.464338974 47.7323533694 29.230185371 28.5445819629 28.1541886213 28.6275401887 26.2405202989 25.9813211234 26.4004002347 25.9659912373 26.3023509039 64.0296823481 63.8187999788 63.8187999788 26.3539248269 28.9515021932 28.7383895191 26.3610681817 26.0624632027 26.7540922854 27.4738708874 27.1150734801 25.3561843925 25.8413501588 26.9555145585 26.5817722998 28.3043247632 28.6297069316 27.6122861931 27.358879646 25.4707146489 27.9284949542 27.3351873943 28.8499415484 25.8767853158 29.15346155
0 0 0 0 0 0 0 0 0 0 0 0 0 0 0 26.6056358169 27.6226328928 28.9249317703 27.0372347185 27.5036517973 47.030505048 35.1054069709 42.113319412 27.7061305598 28.4155028607 26.4056669363 25.1967100354 25.893889441 25.0891627475 25.6128830056 26.3289679363 26.436726671 27.709451562 63.8187999788 25.2571632501 28.1040835676 28.9108910575 45.7124976773 28.9415825226 26.5414291275 25.1072997958 28.5834572083 28.610277204 26.2082178047 25.5800314041 26.3833410039 29.1656056529 25.3641197896 29.0118363089 27.4498412356 27.416571309 27.8828775051 28.6381554021 28.8256826608 25.178649796 28.0894254904 25.3869253947
0 0 0 0 0 0 0 0 0 0 0 0 0 0 0 25.140841262 28.7662961198 27.1187064436 28.1360564573 26.3257554748 26.1452720902 27.4381352071 25.0320787921 27.742116121 25.1465326381 27.0983377395 27.4832568292 25.6249298369 28.5162022879 28.4076324165 25.3850247538 26.9451682463 27.9534714766 27.7481710625 29.1831037427 45.7124976773 45.7124976773 45.7124976773 26.1791830376 27.9202873935 27.3106111785 25.9754288495 25.4984040533 28.8259132317 26.2245061468 26.7917021935 25.6757329663 28.3319036089 27.4235018701 25.4862314632 27.2424479387 26.7298243393 25.3923980127 28.0532917397 28.8996284763 28.2274979116 25.6366709279
0 0 0 0 0 0 0 0 0 0 0 0 0 0 0 26.3285045 26.6533658237 26.0280820027 27.867611624 26.3679145513 26.6555398158 26.8609039131 26.3929501764 26.2906002323 27.2458369429 29.2179119856 28.9465557987 27.6789564221 29.0273354832 28.1557115056 28.1710296215 26.3587324215 28.2974380109 25.8865745517 26.0126691923 50.6661542978 50.6661542978 27.1973268696 25.8686407193 28.9262313918 25.9242721457 25.2554183491 25.9222034778 27.2058275748 27.4592721981 25.3152425945 28.8528681032 26.3225435333 27.9759533327 27.3391867524 25.2940506055 26.0948175655 26.4512021895 27.6070205381 27.0796085714 26.2992466864 27.7725163334
0 0 0 0 0 0 0 0 0 0 0 0 0 0 28.5272060068 25.5355490406 28.7460103413 28.2431611155 28.2456527982 26.8050873905 29.0230824068 26.5113752429 25.0167584437 26.5410505392 27.0984222843 25.3857696678 27.7572399974 25.0425655873 27.2304387534 28.0617243734 27.039771504 27.5593355558 26.4468891327 28.8222472962 25.6925941275 50.6661542978 50.6661542978 50.6661542978 27.4096885025 28.4944151623 27.4831628244 26.047220733 29.0801154705 27.2234823979 25.9117835271 26.9208025471 28.7457301398 25.388474264 25.1028981491 25.4161178592 27.8075325516 28.7599513863 27.8028425892 28.910801958 26.5533774819 28.3264104291 25.523860813
0 0 0 0 0 0 0 0 0 0 0 0 0 0 27.0110815838 28.2883573537 27.434360203 26.427331225 27.6843286826 27.129438912 29.1871242839 25.8029106519 26.9588419841 27.8980363442 26.8964132056 26.7459358592 27.6374962138 29.1211211666 27.8227129498 26.6598912404 28.0061145403 26.8835076719 27.3457617084 27.7264217932 27.1669654613 71.5140118765 27.0160314375 71.5140118765 26.7019852535 26.9852282098 59.2178529501 27.5056206234 26.3037269483 28.8194576664 28.4155707691 25.0364715092 28.9458002065 27.4918275616 27.2192564721 25.5200034046 26.9146203508 27.1975811399 27.549092424 26.2746533983 27.3510543389 26.9087613335 28.317021863
0 0 0 0 0 0 0 0 0 0 0 0 0 25.4911790036 25.1443042347 27.6640241473 26.7298992864 26.7994300423 25.8512609176 25.7119048876 28.3525599848 26.90351133 28.6581588821 26.1977114178 25.1774996389 27.1592867716 25.178735896 28.4605276517 26.2395384768 26.8367889044 28.354365899 27.7327480026 26.3762870885 28.2687211034 27.8161271843 58.0046123717 58.0046123717 28.2933767606 26.135884319 57.2500250659 57.2500250659 59.2178529501 26.291917416 25.6254194585 26.5333379473 26.287439093 25.0348081228 25.1708386898 28.2679061308 25.4505829905 27.6660292376 25.5745961598 25.1844627748 26.9936553827 28.2131416494 29.1318986269 25.4569727717
0 0 0 0 0 0 0 0 0 0 0 0 26.8083188359 27.1352001327 28.9024444755 25.5872384533 28.4841413204 27.7151310512 28.6348679071 28.0093942109 28.8443769496 25.9239676151 27.0302172565 28.0089500831 25.3254854936 28.4162416959 25.3032742085 26.8657759061 38.7577457215 47.4127012818 42.7880577023 25.0520299721 26.3324715562 26.0608694652 25.743534433 28.2967352053 28.6442402859 25.6732497735 46.4522032837 57.2500250659 57.2500250659 57.2500250659 25.4312828514 28.7186717961 26.0166056812 27.6761395351 26.8452512768 26.0562796448 28.2129071721 28.5569166776 26.0297661153 25.5281489998 28.0070275703 25.8433263567 26.2880183375 26.1271453422 27.8842317482
0 0 0 0 0 0 0 0 0 0 0 25.3253025423 29.0514968525 25.2423791211 29.0392131554 28.5476353425 29.1095381332 25.0795239277 28.5573211365 25.6722649045 25.8622164882 28.2115581203 25.4146593974 26.0984976112 27.6950386781 26.0459887063 25.2159666967 28.1259088899 43.0677830465 41.5703023042 43.5666492581 26.6220782293 28.2826835913 29.0242756576 26.3329222798 27.9803159005 27.9693569171 72.254892768 46.4522032837 46.4522032837 26.9437042097 26.8297571435 27.470825551 28.1806939093 27.377949085 27.5783907886 25.1409293619 26.0321066793 26.227108565 25.9301613853 29.0946819598 26.47206677 26.2640002467 28.6289089294 25.6884335997 26.4617689243 26.6137595104
0 0 0 0 0 0 0 0 0 0 28.1780032591 25.1455413241 27.1601948102 27.326619796 25.1739755189 26.0246639867 25.4753807583 28.7632485763 28.5270775954 27.9723513235 26.8616457732 26.8674848688 26.7136658899 27.3967694243 27.0444589202 25.9775785879 26.4546809248 28.318022576 39.6291474659 45.4053328826 38.8632843765 27.780159747 28.7549349049 25.9873145791 28.6442289833 28.9297834044 25.5176497314 25.628776012 46.4522032837 61.3331606726 62.0565480668 26.402115463 28.6216726759 25.572872259 29.0318023546 25.6660418031 28.4630875435 25.1391705385 27.4640165038 26.1412877448 28.7732849151 27.8217802134 28.6203585685 28.1942630619 25.8830005867 28.7278974928 27.661186547
0 0 0 0 0 0 0 0 0 0 26.7072052788 25.4617700073 25.7271058036 25.8184101833 25.8791706943 27.1920357086 25.2074675643 26.0122034022 26.0803494558 28.1399854727 26.3204907232 28.0354807341 28.4877793427 28.2007398006 25.6538923842 28.4201296033 26.6071821658 28.5142289859 48.5517531313 37.7356404085 46.0892718662 25.072789424 27.0054131547 29.059297005 29.1113940899 29.080305265 25.7163418966 72.8598720272 61.3331606726 61.3331606726 61.3331606726 25.062768382 25.6529893893 27.9734903112 26.4143692461 27.2191176737 26.6677870548 27.9821418 27.0422943884 25.0783769547 26.3449988494 25.6208424608 27.8963271332 27.7621085527 27.000733476 28.0043094334 26.2455909518
0 0 0 0 0 0 0 0 28.9817214471 25.3370981635 28.7057364728 26.962780418 29.036596192 25.1087551852 25.5700817817 25.6654591973 28.5097456546 29.2290334612 28.616760921 27.1851506156 27.0156193223 28.3338431415 25.1524171179 26.6419325408 27.7535478616 25.7007865783 26.6390037093 26.0045247762 27.8541548454 63.8957453524 63.8957453524 63.8957453524 25.7644299635 26.2654280981 26.1662507667 27.1722563916 26.3786081201 42.8342566098 42.8342566098 42.8342566098 62.5918892442 27.4400784413 26.8092382572 25.2190556934 26.5443908087 28.1621033012 28.2704893705 28.942670393 27.2178930342 28.1193224391 27.3933811814 27.3565272667 26.9314625517 29.113851168 28.0939896706 27.7243177467 26.6810772306
0 0 0 0 0 25.71260449 28.5818515784 29.1346734043 27.7548769587 26.9830095139 25.7449235639 25.8776017146 25.7987574189 25.6953348343 26.2851589615 26.6090608425 25.2997353884 27.9684986447 26.627562079 26.1630180741 28.5741981207 27.2636378318 26.8885376899 29.1691102472 25.8166234562 26.7619103097 25.4174208656 26.0939426815 26.2017643898 27.4193306151 63.8957453524 26.4937039036 26.6900299278 25.3664725939 27.0362728295 67.5884313513 67.5884313513 40.1916871421 69.9585975948 40.1916871421 53.6544531331 28.2610528496 27.2423963883 28.538931404 29.1252624993 28.8639593244 27.5517504286 26.7586845135 25.9887968883 27.7314551508 28.9875807363 26.4511177477 26.8358384228 25.2487055003 25.4363834716 27.5803232633 25.4569647376
0 0 26.4812777149 29.1970226145 28.9103611005 25.2091948248 27.7082102272 26.6584879405 25.2016780079 29.1037594022 25.9429046282 25.5868877173 28.2616652434 25.9268850785 26.624371814 27.0083555015 25.437024142 27.7135830588 26.8610972836 26.1438624153 27.0916663377 25.2115339283 28.2128242416 27.2924150978 25.5768222433 25.602464234 29.1201625499 27.6797701897 29.1416606684 27.1232862424 25.0781443278 28.7349754658 25.9827980219 27.9769033252 28.0021676313 27.4586617535 67.5884313513 67.5884313513 46.4495650977 46.4495650977 38.6351578157 54.3040390828 28.2632573913 26.4337070848 28.2129035736 28.0428239067 28.1462353149 25.8278279951 25.2999311241 26.1396294188 27.4304562768 27.7512004796 25.1048291064 26.3346795854 27.3592254278 26.8213128257 27.6415910839
0 25.1960590093 26.2217363398 28.0939494158 27.9240272316 28.7798932144 25.9112226958 25.3895583455 25.8139960279 26.2806481096 25.2250382765 27.3411852828 28.1255503778 28.0969956784 25.2482540981 28.2265411806 28.4736587916 29.0863583964 26.3266140373 25.962348491 27.070481502 26.7962996758 27.0173484558 28.4829027569 28.3886373629 28.4628042474 25.9904614291 25.4983035009 28.9634372 27.2087228454 25.2553781812 28.508451613 25.8380389968 26.3330390484 26.6181822853 43.2802545629 67.5884313513 46.4495650977 46.4495650977 46.4495650977 54.3040390828 54.3040390828 27.1916846792 25.7067905386 27.7813886537 28.12735904 27.801832806 25.102990315 28.3761012764 25.0842758544 26.7267948238 28.8388976369 28.4815016729 27.0271866789 27.188507585 26.7626304821 27.8943433954
25.8977453112 27.0532781976 29.1196530592 25.903980692 26.3404939485 28.4766626452 25.2798483007 25.7701390421 28.1362927238 26.0402839673 28.7914828095 29.0276230838 25.2343907938 27.8398178064 25.2566101231 27.9131886604 25.5680791214 29.0221178467 29.0791091405 26.1755072417 26.4396977486 27.9402147502 25.6792220251 25.972737103 27.7703455723 28.4492058867 26.7416607673 28.4080193404 27.7255817568 25.571823637 29.218230541 28.8142586916 27.9762687496 27.7793740241 27.916421024 29.1067822052 27.1789674999 72.0253936014 60.2461203685 60.2461203685 72.0253936014 26.6526749154 26.6296363147 28.4361967157 27.7452300759 25.8038602412 25.3516250336 26.4111551931 25.487771448 26.0564286188 25.8116162051 25.1210044037 25.4373442255 29.0163320138 26.8185085844 27.0684996257 27.1313559653
28.6758690456 27.7015076978 25.1949769905 27.2357133575 25.4327258543 26.0368257466 26.698745055 28.3022615144 27.9592797892 25.3348694362 26.8426619066 25.3020950444 27.6742154763 26.3966382433 29.0278292103 28.540701847 26.9386561405 28.6478900413 28.5765994051 28.9727940389 27.9504365122 26.8799137851 28.5317652736 28.2092891424 27.758700974 25.5498754167 28.1608678959 28.3647522615 27.4129539334 26.783430879 26.2205037545 28.6199098915 27.0110400658 25.3491560652 26.0272807875 27.7882407116 27.8281260448 27.9577153613 60.2461203685 60.2461203685 69.715200333 69.715200333 28.8792473035 25.0011370906 28.158586004 27.1027780159 26.4987956742 28.4678115138 27.9119256271 25.5857726312 27.7507890928 26.5309095864 28.1609244107 27.3706975169 27.4875713217 28.2060800407 28.4207611248
25.9538462073 27.8974414784 28.1669240645 26.7906430665 25.8129931547 26.5986089883 26.0089056629 28.7780477412 28.5298591334 29.2041330152 25.0791670891 27.3549294076 25.2100147725 25.6004343435 25.1892176241 28.3873047777 25.2159619924 28.3289005095 26.577097799 25.7436709089 25.0191658097 25.8069383982 25.3367475254 29.1042152644 28.6014259546 28.1910823443 28.1657513499 26.7559000089 26.5478718642 25.9699381473 49.4924099659 59.9215643238 59.9215643238 28.60779731 26.6762518859 26.2856925757 25.4793901007 26.2874989224 28.9638894117 69.715200333 69.715200333 69.715200333 28.2479983567 25.5540180865 28.929377199 27.9815431236 26.077769622 28.1938410652 28.4671068719 29.0336505944 27.8643885674 26.6519751758 29.1372855033 28.3083784428 27.6662152637 27.2512315994 27.6108943699
