Spatial_Output/BAU/BAU_0096.asc
NCOLS 155
NROWS 192
XLLCORNER 196769.923733
YLLCORNER 449719.875193
CELLSIZE 27.603701
NODATA_VALUE NaN
[rows 138 to 160 of 192, columns 53 to 105 of 155]
44.9181773455 43.5036668614 44.9002309368 43.2314605282 44.0283654967 45.2551831969 77.8888379295 77.8888379295 44.3296731145 43.2165334467 43.4949345347 45.2297916013 45.4175666563 44.8436287643 43.4523321462 45.4275533309 43.275745353 43.8215692508 43.0505599956 44.5323646621 44.7240462781 44.601566484 45.783448255 45.3737240406 44.6806004038 43.3051553238 44.7785086085 45.2536201505 45.421782928 66.581330322 66.581330322 66.581330322 70.2442792855 44.5328501957 44.4503097505 45.5262443091 44.0364248687 45.2940363082 44.7551461739 43.899781142 43.2065789285 44.7898344638 43.2076405006 44.1343059367 45.8254633595 45.3674945541 44.7561305308 44.4209450067 43.779071412 43.551991207 43.5648209489 45.458078399 44.3876008226
44.9154909147 44.3953276875 45.1420036971 43.6999951954 44.1115717791 45.662370229 77.8888379295 77.8888379295 56.4926158914 43.4149313094 43.7242245138 44.7261216588 44.7338164467 45.6721547249 44.706259184 45.8245201759 45.0316944839 43.3561111654 45.47855936 43.2854531017 45.07703927 43.5723291752 45.1281850652 43.3635563884 45.050318129 44.0908186636 45.0978598488 45.0315058554 43.5525070378 43.3815704856 70.7639374574 72.2959144451 70.2442792855 70.2442792855 58.0010418179 43.6974107128 45.348031298 43.3233172478 44.6857773609 44.3825584661 44.3342896845 45.6267558946 45.1283536304 44.0328676462 44.4333742401 43.1047870637 44.7946373142 45.2927624955 43.4162543242 43.215562314 43.2354096076 43.1262318731 45.7967745653
43.6845008563 45.2193584349 43.4900725847 43.0774268499 45.0096920271 43.578172089 56.4926158914 68.333001449 43.156998381 45.0866626831 44.345495955 44.1751399612 45.6017976424 43.4661669327 44.3515365872 43.9010178434 44.4382629154 43.684484892 45.7396969305 43.1094287146 43.7808806598 44.5307305878 44.9987707171 43.0896219043 43.9197677997 43.3285841392 44.2962675546 43.0930925192 44.8248948479 43.9798749051 43.4281912414 70.2442792855 70.2442792855 70.2442792855 58.0010418179 59.3213225936 43.3761613483 44.2653720871 43.5927961234 44.9153597171 45.5746550917 44.2075868138 44.6378509013 45.16004101 43.5042397654 44.9532371594 45.3481564863 45.273495633 44.6677140751 43.6476931946 44.4869106976 44.9350782214 43.7807414358
44.5631337909 44.5208547447 43.8200303526 43.3765230851 44.9425195817 43.5284541203 67.7179860024 45.650559944 67.7179860024 44.2491564518 45.4834099801 45.6916256396 44.7335280759 44.0878425236 44.8489761925 44.7516055966 44.0842977067 44.1327938738 45.3796155461 43.6105026719 44.6453692215 44.7186165051 43.6218014851 44.2486403375 45.0586612289 44.4560907321 45.3846379505 43.9199183352 44.0965677232 45.5289127216 43.2200803885 44.698365454 44.5220825445 58.0010418179 44.8164076018 59.3213225936 62.5950806572 62.5950806572 45.5275826279 45.3908621748 43.6955110473 44.4484403581 45.0480770101 44.2569732025 45.3893425696 44.6834244571 45.7389551094 44.7656902723 44.4239611898 44.3460615491 43.3003920916 44.9893987074 43.2431331593
44.5457046388 43.7802918498 44.405084773 44.6964957089 45.4726509569 45.1240871641 43.5671702706 66.2073986421 66.2073986421 66.2073986421 44.5105278637 43.4328596915 45.3062358725 43.6700230519 43.2433196749 44.8839660193 45.6229537905 43.6769757628 45.134434256 43.9964502354 43.5756355491 44.0913826837 44.4337680146 43.2769627418 43.0099739974 45.5254400353 44.9492988964 44.212746068 44.1887747564 45.057741263 44.2268862848 44.1671302397 43.507420455 44.6860786044 44.384317704 62.5950806572 62.5950806572 62.5950806572 44.639416654 43.6690632482 44.1026728864 45.5463786522 44.5267073768 44.5051327251 45.0670955524 44.4570937848 43.7025729786 44.7884507788 44.4077391333 45.6747691164 43.572197525 43.2826600636 43.0706807981
43.0691409199 45.7581088815 43.4106533825 43.698856855 43.0020783937 44.75342597 44.1231226606 60.2490562445 66.2073986421 60.2490562445 45.2586872807 44.1631487566 43.850284806 44.4507326486 43.636428829 44.2951957084 45.3210691944 45.2668470216 45.0786279341 43.7510369079 44.1247096926 44.8242156261 45.1315545815 44.4930966629 44.8287979615 45.185318573 43.4690478064 45.5806652358 43.0328528441 45.7237263388 45.5703307211 44.8078777783 44.5351986103 43.9549809638 45.0562537904 45.5489846784 43.5577683829 43.1629053301 56.5260960058 56.5260960058 44.6556161152 45.5295761821 44.6880021978 44.2447586613 45.6899585204 44.5940508891 44.3277820954 43.4574997784 44.347909159 43.9805497179 45.8123740007 44.5005129328 45.7275356692
45.6400464072 43.8426709203 43.5980625899 45.2038085194 43.615308285 44.6215708414 45.2245943824 55.4384434863 70.5309023877 70.5309023877 70.5309023877 43.4836828345 43.5382094654 44.018059606 44.3512621859 43.0754535983 43.0356945923 43.0075859471 44.8587563552 44.9285432649 43.1701799624 43.074386148 44.9063862536 43.4042765956 45.5266721366 45.2358839219 45.036553354 43.1982001352 44.5171278683 45.3893148551 44.4870672291 44.9306603049 44.8471826497 45.6215657438 44.2102333632 45.8098071875 43.7616264183 56.5260960058 56.5260960058 56.5260960058 44.3709049957 44.9692276377 44.7997853907 43.7793827218 43.6720912771 43.8368485714 45.6923682522 44.8357767566 44.8881658612 45.664093599 44.8683358357 44.6994294545 45.5804994073
44.7444530088 45.2200625366 44.44171161 45.5413620446 44.541692403 44.937261625 44.8074124607 45.0204795786 70.5309023877 70.5309023877 43.3805991063 43.4926068583 44.9200411939 45.4086357617 43.6591188018 43.4354574755 43.3843439711 44.5464075571 44.8150741872 44.6474588158 44.892905113 45.6517815015 43.2762403061 44.3622376158 44.1399413031 43.8294452134 43.7733748446 43.6414747937 45.3943133956 45.4967594044 43.8216524911 43.4347265034 44.1124376248 44.5906955478 44.056454763 44.1850868359 45.042772312 43.8123117248 58.097441125 58.097441125 58.097441125 44.9890288726 44.5325722088 45.3812361694 43.9057249063 45.7549288422 43.5442312214 44.9419065764 44.7389063698 45.2602522682 43.2043247632 43.6847762794 44.2658292383
45.8130779021 43.3196017631 45.1253702364 43.7627361936 45.1760443912 45.1188263177 45.761009324 43.7524445062 44.1535156013 45.2385201429 44.0188926804 45.7587433607 44.1486882073 44.2279595248 43.0846160895 45.5661616084 44.7603366407 45.3302048466 43.1005684999 43.323824416 43.8965682086 45.2028872753 43.4408790576 43.6174708357 43.9988779826 45.3105284029 43.355978383 43.3562783102 43.7551195615 45.3958133741 44.2200749211 45.545956178 45.4672367618 43.2560122362 44.814463926 44.7840113845 45.0523933205 44.8651178745 58.097441125 58.097441125 72.4467280545 44.585634434 44.5153157319 44.8347109698 44.8566886337 43.1190015023 44.2668294503 43.6235237506 44.2171997943 44.723531408 45.6585489087 43.6944870339 44.1821376379
45.1834167178 45.5708985309 43.100355734 45.2489795754 43.9788335524 44.2292037026 43.5976696483 45.3860335542 43.1248122629 89.8453107884 89.8453107884 89.8453107884 44.8700166577 45.7887477484 44.5101318701 43.1967011072 43.3095212641 44.7469736715 45.2294383391 43.3953322104 45.2660493985 45.1341566793 45.2115780557 43.161925597 45.72252767 44.0353422161 45.4325072285 43.087071894 43.062429939 45.4837941901 45.3073765471 45.6021511885 43.2731771644 45.2000783597 44.8171130182 43.4571789182 44.8264822611 45.0134207914 72.4467280545 44.2865619002 43.0910705985 43.8329087998 45.6033551834 44.9170396162 44.9478247663 43.1107073877 44.4383329804 44.6123589183 43.1264648826 45.239306311 45.5741846906 44.969990264 44.7811156664
43.3245118601 44.366880532 43.1168472095 45.0538519588 43.8820416484 44.7776131036 44.8056271866 43.023449691 43.2563823262 54.9497060755 54.9497060755 54.9497060755 43.3325782385 45.0627337007 44.7186712764 45.0655389607 44.6619671116 43.9780318493 43.2724680371 43.9555806046 44.3940833166 43.7383645658 44.9665219825 45.1984094023 43.5908422821 43.9234679627 44.3668165892 43.2119561168 43.9100802624 45.5857435788 44.8928574523 44.0383227955 43.9623337196 44.8423825571 45.1874737919 45.3941890159 44.3035934964 45.0296437698 45.1451696516 60.9846435681 60.9846435681 43.2455156829 44.6462857646 43.6627281474 43.2018441183 44.093670079 44.2329116315 44.8348076404 44.7453507104 43.4867041359 44.4380185973 45.115619691 43.4042355104
44.5769524112 43.3196657372 45.2300535478 45.4760943322 43.4287389844 45.8183753048 44.850049927 45.5154763432 44.6028211353 55.9232503665 55.9232503665 65.4239995538 43.2492808183 43.6032267711 43.3315772632 43.431604318 43.8952473398 43.9310079374 44.8210329367 43.6440384286 43.2392735587 45.7576885569 43.1357444614 45.0809539191 43.0921455074 45.7491139396 44.3834486951 44.6523093781 44.2890724239 44.0365546746 43.6776948259 43.8624955862 44.0597172083 43.1126328929 45.1182293053 45.2816643673 44.8099729796 45.2032822979 60.9846435681 60.9846435681 60.9846435681 45.7050386053 43.5302573465 43.5947159943 44.9222501524 45.2944465383 45.4294157775 44.0286624393 45.379398698 45.6178408151 43.8484615833 43.5079022491 43.6315178188
45.587361073 44.2794937976 44.2612773801 44.8973481177 45.6770030075 44.6088523226 44.9223323204 43.2264076399 43.1399614018 55.9232503665 55.9232503665 55.9232503665 44.5059616807 45.3223472576 43.1159092197 43.944402776 43.6413376448 43.9834571532 43.5091144781 43.1985310838 45.0818920066 44.7929577895 44.5620462825 43.2304798108 45.3357393324 43.4103387561 45.7539060471 45.4824830075 43.1693154523 44.1731388011 44.1508220866 45.8220263867 44.094043024 43.230910839 44.8766583649 43.7161364692 45.7817980771 43.7330081306 45.1548651071 61.9179174705 61.9179174705 43.3455578889 44.547396261 43.8763790847 43.8873661513 44.124847945 45.345376937 43.4889424853 45.0349708488 43.8675437091 43.5701451625 45.4415917283 44.5834594008
45.0247282806 45.2217100844 44.8752676756 44.5382853999 43.5194500579 45.2754752693 43.8129769609 44.1648676822 43.1513118736 43.7774014275 55.9232503665 44.8338726869 44.7573030881 45.6317127924 45.3714725165 45.369076271 44.7792448502 45.3679924922 43.0277944619 43.7080273417 43.618131728 43.6163532687 43.9332081544 44.1515938195 45.5035233759 45.4407782339 43.4006287059 45.5195064666 44.5106780639 43.0661310919 43.4872448693 44.7706285961 44.9210002427 45.3364990473 44.3336501591 45.4424899883 43.752610822 43.5615394083 61.9179174705 61.9179174705 61.9179174705 43.9436184609 45.4075154756 44.4957541821 43.498919783 44.937755107 44.4537705159 44.1156550865 44.3958222052 44.9020448309 45.6395660165 43.6243678905 43.3179841044
43.5104865183 45.5427043261 43.4573321436 45.2611567858 43.2685689999 43.4623043703 43.553952705 44.1776641267 44.9629331258 60.6476674381 60.6476674381 60.6476674381 44.564555713 44.5609935782 45.5794315888 43.6393283723 44.4316343917 44.4973549196 44.064469172 45.1358962402 43.1437857741 43.6480509573 45.4564296048 43.8371634806 45.087773551 45.4305871423 44.1380390085 43.7917489041 44.1909992923 43.9413174422 45.2243101586 45.7169057597 45.3046028574 45.3663326756 43.8904804633 44.5620355752 45.2840624957 45.4442628041 43.7077749951 43.3926959999 77.5297778487 77.5297778487 45.3314185732 45.0328125725 44.1033583219 45.1608617347 43.280995271 44.7551673364 45.812411858 43.9657056129 43.6872276198 43.8054740105 43.4284709505
43.755689783 44.3579250202 44.6402993767 45.6653861696 45.3107613459 43.9189850157 45.2581853336 44.7864721584 43.5925679187 61.8747929595 60.6476674381 45.3987661259 44.6846959786 45.1090655761 45.2984047661 44.6329738449 45.4099432683 44.5584982452 45.120498141 44.0209395921 44.6482222711 45.3307216641 44.3248215186 44.303101846 43.5268219906 43.697803736 45.7479280817 45.028598711 45.4425226313 45.1333941332 43.1677113115 45.2654073409 43.1025641278 44.2347482914 43.5181508957 43.8260885854 43.0173713623 44.5893901245 45.7329274151 77.5297778487 77.5297778487 45.1038077115 43.9146618804 45.103054477 44.7468692643 45.7378102683 44.5809183913 44.585455772 43.9284315713 45.0068755637 45.0626620822 43.1099754863 43.9481911289
43.581546388 44.9616281989 44.0781199883 43.8837849369 43.832062996 45.0794869295 45.5368223771 44.1589150073 45.2752038158 32.6063557052 32.6063557052 32.3444691303 43.9778097169 43.8935846287 45.0918365643 44.5523406564 44.7043599521 43.8213892505 45.6022525699 45.5522204893 44.7145734852 44.9921779242 44.1406502307 44.545579804 43.9313714549 43.5478168912 45.3190400677 43.5461460727 43.4472926037 44.5931311628 44.2865540416 44.2694625656 43.449488599 45.1957499299 43.517547528 44.969792461 43.8567884287 44.8739998568 45.1917534231 44.5104551092 56.1154241739 56.1154241739 44.1048554285 44.7763671157 44.6659256729 44.9826124605 45.7277895787 45.2990229712 44.6972943179 43.0373110672 44.3260454136 43.6325036153 45.3739999386
44.2474341415 43.7784161619 45.6086083474 43.6472695576 43.3655924823 45.3404607697 45.711381566 45.2549603493 44.0249034577 32.6063557052 32.6063557052 45.471609083 45.1378767324 45.4429988107 44.2921891779 45.5781807084 44.1727857805 45.7057013765 44.7346719177 43.0870311517 45.679091442 45.8081581993 45.6486613163 45.7489258907 43.223237087 44.2834768288 43.8241952303 43.7215830444 44.2322942962 44.0842065022 45.5627290692 45.5246272609 44.0478165659 43.0421323045 43.9443301794 43.3992194838 43.5468366319 45.1346840309 45.2495415324 44.477975658 56.1154241739 53.8850190499 53.8850190499 45.5679077515 45.3682629572 44.4496385211 45.0940304783 43.3129568994 45.4261453472 43.466801993 44.7894969793 44.4832469833 43.0937657267
44.549693266 43.7322795724 43.4096618521 45.7717749591 43.5277956194 43.1255660504 44.5996532213 43.8776900411 45.7554034451 33.2781314915 33.2781314915 33.2781314915 45.5976602115 43.8483186125 43.6558030005 43.281229252 44.6044262572 44.4132665104 44.72248071 43.9938287585 44.3934978845 44.430835555 44.8107499721 43.0065276713 44.937690798 45.5216147828 43.5761387685 43.1844812151 44.1629054552 44.2709992232 43.910207593 44.1708663376 44.676193395 45.4451014799 45.0966524248 44.9245515723 43.9265029815 43.8507577291 43.5280187528 44.7544299846 53.8850190499 53.8850190499 73.1419856842 44.3369021319 43.2717486035 45.055377695 45.7815364834 44.68605585 43.417311359 44.0615797534 44.6361986152 44.9260762457 44.2859630215
43.796382175 45.4996246665 43.6473359696 44.8028669436 43.1339005411 43.3931113566 43.7247272513 44.5729585499 45.5978421684 33.2781314915 33.2781314915 44.9643717794 43.5120136494 45.2078674891 44.3055164753 45.4084519823 43.570215049 45.1769465551 43.3302324177 43.4553320486 44.6711220299 44.1130673353 44.072085295 44.646769412 45.7057074631 44.8039549613 44.5972613413 44.1820504661 43.6627494817 44.5576979089 44.8503459903 45.7440650389 43.9440765896 44.952778813 43.2642075256 44.725254963 44.7640232298 44.3902300299 44.319371618 44.9067344076 45.2275075147 73.1419856842 61.4824225153 61.4824225153 43.6042552575 43.2004276411 43.7189233787 43.9561001343 45.506655558 44.5637519525 45.190526696 45.5210906246 43.2096320339
43.321560309 44.0348517577 45.3596971895 43.8640237073 43.256707012 44.94158423 45.7946530046 45.2575729348 45.4828776831 44.4973262821 56.8665277566 56.8665277566 43.0090389468 43.83586283 45.7436798032 44.7952528751 43.2695322539 44.2940307894 43.3672280124 45.61735099 43.6415795857 43.1680529377 44.7879995241 44.6151018016 43.8915667619 44.7515349931 44.5742254319 44.9256245584 43.7826379547 45.663943871 45.2329545427 43.3411036953 43.4909602841 45.0002209761 43.4292890386 43.0460293177 44.2224520405 45.364069588 43.8250166616 45.0551506008 44.0674331593 61.4824225153 61.4824225153 61.4824225153 43.3564382244 43.7120802768 44.9096469234 45.4622351614 43.4011861391 45.7385487151 44.9171441725 43.2940003717 44.4667519602
43.7438686543 45.2400963038 45.7738693552 43.4360062104 44.616313446 45.3236803201 43.6516674434 44.9786787912 33.1679137257 33.1679137257 33.1679137257 33.1679137257 44.7851075606 43.6672825025 44.5068596667 44.9192793944 45.3892330181 43.0703137221 45.5977544082 43.0674292966 45.5430866582 44.487229312 44.4127205449 44.9456946375 45.4380424918 43.9172069521 44.7072621806 43.2708375204 43.9760571234 45.8015985373 44.7233233094 45.7842891069 44.1502589989 44.8420612203 43.1378654118 43.4378142301 43.3962808279 45.5135507365 44.3677101968 44.7719240487 44.8593016864 70.9166294477 61.4824225153 81.8568281672 81.8568281672 44.3077040086 44.8568858516 44.7835706426 44.0606558387 43.1129346058 45.3032580599 43.8508963676 44.2610980729
43.9495841653 43.3806867223 43.75752837 43.4257777717 43.9286994144 45.6943682497 43.319083056 45.4852533036 32.4533402167 33.1679137257 33.1679137257 32.4533402167 45.8190268302 45.5982290058 43.6484649445 43.5670814018 45.6989658115 44.0454203257 45.6219072267 45.2582252477 44.4665747009 44.4957687926 45.6773303545 45.4983341031 44.8202832821 44.7086310082 44.4970786042 43.753938732 44.1894711997 44.6297577396 44.7501847452 43.2932578914 43.0723628806 44.9761020951 44.0427420174 43.6991687068 45.1401960099 45.2390397292 45.5259046872 43.961187401 45.289512491 45.8213229307 81.8568281672 81.8568281672 44.3281296575 43.4668403472 43.0060753868 45.1075242776 45.4582763853 43.1350300327 44.9909695777 44.0512284843 44.2910422302
