Spatial_Output/BAU/BAU_0770.asc
NCOLS 155
NROWS 192
XLLCORNER 196769.923733
YLLCORNER 449719.875193
CELLSIZE 27.603701
NODATA_VALUE NaN
[rows 23 to 45 of 192, columns 0 to 52 of 155]
0 24.8533896053 25.9065097286 25.2024113472 26.6769353488 24.1770654873 23.9896266266 27.0677537424 27.1352040818 26.3479440011 27.158929922 26.1012444832 24.6936358979 26.7255919395 53.9972080868 53.9972080868 53.9972080868 24.5743436108 68.4077309043 26.493634886 24.624044271 25.6989761084 25.3387581924 23.398766209 23.259888572 63.050945822 63.050945822 63.050945822 23.6622618779 25.4712150265 25.1354392998 26.3332038867 24.9638780579 23.9440656347 23.1228452377 25.8317028416 23.2463455 23.4079919936 26.0017256169 24.2996357714 23.434587833 25.2485258945 24.4721079139 23.5443645805 26.5970147132 26.7206959354 24.2692541244 26.7271658716 24.1995976034 25.0266832239 26.5747972856 26.5391478838 26.6871814457
25.2638938422 23.7912317361 26.0567373546 24.6572791102 24.9377912047 24.2724571977 23.2457223084 26.1347901028 26.4703762552 25.2887198278 23.0625247203 27.0511931552 27.1994670567 26.7061285294 23.0603139378 26.9954548595 38.6789331722 38.6789331722 38.6789331722 24.2019188024 24.0890347188 24.7541324626 25.2293170591 26.448017468 24.0735446952 25.463413982 24.4891248642 45.7300679071 45.7300679071 24.9017508947 25.6076075202 23.6158306708 26.3696344822 24.9533414013 24.2616143408 24.2009352795 26.8760824394 26.2858133327 23.7138592035 24.2677833434 24.2005349601 25.2851906844 26.3491973324 25.6144515029 25.0930096339 25.0705344268 26.3604787912 26.4379337475 25.4919279297 26.9865293661 23.5992784061 23.8526694576 26.3125148473
25.5149146625 26.2636901516 25.2284304223 26.4217595211 26.0012776962 26.7630332485 24.5037621199 26.5022264193 23.33422897 25.2628389037 26.0717174551 24.7554472835 25.5550484125 26.1364168156 23.2407503351 24.1035085179 41.2696454113 38.6789331722 52.1987319309 52.1987319309 24.0109060608 25.9479235114 24.1160970933 23.1418507033 26.5629127875 26.3004610407 45.7300679071 45.7300679071 45.7300679071 35.4453329322 23.7756365697 26.9267818667 26.6241950167 23.6089651236 25.4636269186 23.8426857739 24.8964729009 26.0495326157 25.5301047129 25.1388765549 25.3323284531 25.4535183804 27.0867368105 25.8095369381 26.490131114 24.1529624685 24.0672091794 24.2502478823 23.0885369683 24.2498464636 25.0903631652 25.9674888654 26.8490600763
23.0977505822 23.5343835497 26.3360464798 25.5164505337 25.4267937326 24.7936687111 24.9472312526 23.0343861755 26.6612967234 23.4871303738 26.2301095864 23.0924467047 23.6297609685 24.1649498364 25.7007911068 27.1212961539 25.1212255507 52.1987319309 52.1987319309 25.4842812079 24.6898288011 23.1939685678 26.7997773129 24.6742566908 23.6582288662 26.4674052321 24.3037899242 46.1345052952 51.2285226342 51.2285226342 38.93723998 25.660610629 24.0899023364 26.3224565636 27.2081254418 24.2376440878 24.7782199459 24.1134767146 25.7423139775 23.138785657 26.2229487013 23.1797455884 25.177545214 27.2086867223 24.3541668105 23.1294600074 24.2912660901 24.8467317342 27.2101494812 26.8773144729 24.0388817723 24.5330181683 25.8361157069
23.4997572735 25.0746814751 23.0648417096 26.9934585445 23.7033545294 23.6337605046 26.004335553 23.3185765603 25.1735930719 24.5986205789 25.2470598968 25.641645588 23.0612740222 24.8791365449 26.5800454846 24.3273535516 25.442330929 53.3885616461 50.4719172724 50.4719172724 50.4719172724 25.3333169884 24.1242300664 23.0349772809 23.4518188581 25.6729714096 26.7001334601 24.4245321666 51.2285226342 70.5169590449 70.5169590449 70.5169590449 25.319808079 23.8843780385 23.5559732247 26.4254164272 26.1477727583 24.4895441427 23.6149585301 23.8615584969 23.3499275578 24.412470213 23.0078572259 25.9024661331 27.0445286553 24.2804097052 24.4937232183 23.2338014268 24.2492926021 25.894914834 23.3899003997 23.6255485358 26.0019905493
26.6279906884 24.6429693555 23.6004928063 26.8728709897 25.0975331514 25.972275481 26.089489576 26.947149474 26.5135134115 26.2360487697 24.2342201591 23.0140251457 26.5400884458 23.5270892652 24.9717569319 24.3700094413 24.7229881573 25.2585376288 50.4719172724 50.4719172724 48.6911405405 23.5066560897 24.548499179 23.4047348984 24.4828149958 25.8421324335 24.7464075388 25.2559112724 25.1316892315 70.5169590449 50.5095055861 50.5095055861 54.0814087193 24.46733881 26.8107491094 24.7604181557 25.9346012705 23.650553572 24.2292679359 24.6380107271 24.1601469508 24.8542371741 27.0428837571 26.9502639395 25.4202462942 24.2648623039 25.5072288832 26.4034658903 24.5299333444 26.6734992411 26.8277919592 25.3358124782 24.2515702332
24.8142128873 23.2790644316 25.9996025453 23.0133375659 24.2111606231 24.7810846089 25.6060243081 24.9873673389 26.8675236184 25.0612343192 25.8315622671 26.3318824355 25.2201523315 24.6282686186 25.5196614028 24.7389363393 23.4912069322 25.1237052422 50.4251009214 66.1196790876 66.1196790876 27.0750533246 24.443557539 25.6010652646 23.4716547552 26.5808677659 27.2232145225 27.0473657903 27.139870291 50.5095055861 50.5095055861 50.5095055861 64.2522876377 26.9191785993 26.6946112239 24.1081236871 25.8388909205 24.2789779471 25.1848054044 26.2035635478 23.3515808945 23.7218139752 24.9387481995 25.1978663774 26.5054046602 23.4706842893 26.2988983986 23.9277760833 24.6122656355 24.140425918 26.8858094345 25.3163695196 23.2280560884
23.5317056804 23.7690270507 27.2258825949 23.0192708832 23.5383052875 26.7935480182 24.3060112352 25.5417205754 23.8647915785 27.1476250432 26.8084542653 25.501186113 27.1452273904 26.5359852529 25.8493507825 26.363213154 26.6631830853 23.6459472833 66.1196790876 66.1196790876 66.1196790876 50.9880742485 23.86237975 23.9474871521 26.6686531334 23.8324034745 26.0676402928 26.5640385561 25.6670414741 58.8025796182 59.0503300866 64.2522876377 59.0503300866 26.9703166215 23.8404287068 26.9188496367 25.1716668491 25.2374087676 27.0032023674 24.7767073724 26.5184227259 26.5518237858 26.5120273957 24.9593196282 26.3531158291 23.1185456346 23.0054052542 26.0586131472 24.6974964263 25.9659919676 23.625140432 24.3158284671 23.2744098241
26.1698137993 26.3758474777 26.296082364 26.4015996242 26.6555748559 24.8133501995 24.9935815024 23.8115241923 26.9296031252 25.6284891005 24.3075375488 23.6713936424 24.5455849382 23.2945773789 23.1363269895 23.0907190379 26.1131600242 26.083755487 50.9880742485 26.6951938657 24.1158735207 24.2341044519 24.1631889583 24.2015556637 24.2694038965 26.7291313779 26.6682511452 25.7399961262 23.1533971395 68.9759571777 59.0503300866 59.0503300866 45.3855090911 25.5492431631 24.0429158539 26.6391131207 25.7430223822 25.7788205433 26.2355968215 27.0197809558 23.6473590019 23.07950806 26.6577649882 25.7344655588 26.6781629444 23.5342867415 25.8134473764 26.4720642469 23.0691935566 25.9726628057 24.4145327595 26.1052978553 25.9740112319
25.0968056062 23.1868213081 25.4787851971 24.1613069975 26.1705454249 23.536863811 26.5148302627 25.2993493746 27.0133238825 24.8583330609 26.2403400102 26.3962808704 25.0442097841 23.1514441273 24.6535452234 24.5918145578 25.1693767274 23.5408595474 26.590993107 26.9651791737 24.2507789469 63.6856790496 25.3484283295 25.7161168663 25.3252347707 25.1448680987 23.1488296186 26.6410245359 68.8998734899 24.9643649511 68.9759571777 68.9759571777 24.9325688294 25.9972666475 23.3717998599 25.2007591057 25.4005321348 23.0339987425 23.3078417682 24.5439934903 23.1207863436 26.9850599513 23.360230097 24.6633339474 26.6733782549 24.8531082076 25.0486962772 23.7166895779 26.9784950908 26.2690847811 25.1132582096 23.456519755 25.9079669498
26.388562226 27.099660074 25.3930677045 23.346460504 24.1600834543 24.272424497 25.5121824379 26.5198207884 23.1144188404 27.1016341863 26.8508726065 23.1556394551 25.5179463925 23.387972507 26.2108250851 24.0153922491 23.4137534213 26.6129688293 24.8559070111 26.3877628274 63.6856790496 26.9129880665 25.8171510828 23.2776009044 25.5435438467 23.4561373134 23.7766181779 53.7514655918 56.1938427923 56.1938427923 61.5438498078 61.5438498078 25.7978716502 24.1923134478 25.2325226216 24.6250701875 24.0759821947 23.9986747923 25.8122500096 23.1141012579 26.7967765546 23.3745987354 27.2070407294 23.7670870741 23.170011074 24.5557840336 25.3884280371 25.0012722575 25.7238891122 25.4359680428 25.3941612747 24.3433455821 24.2615990052
25.5002514992 24.638197289 26.7624907178 26.0821519046 24.4489011344 26.4524171178 26.3457445813 24.5753170429 26.1956383727 23.7789087548 26.8749613947 23.2634280133 24.8123352103 26.3543481234 26.6078566916 25.0552853813 23.671299192 23.7010400233 23.6583321107 25.0007988913 27.017533401 49.4924101969 81.5671199433 25.1884864257 25.851798751 24.660526029 23.0856121871 59.7083208537 56.1938427923 56.1938427923 56.1938427923 25.8471656774 23.0996566792 27.1471592247 25.4480288398 26.7805812907 23.7973739542 24.6367670595 23.6421911612 26.2230180208 25.4510513546 24.7546317529 25.8144801885 24.3342077337 23.1399421176 25.6142994491 24.0917590368 26.9244199529 23.1278953086 25.4333315525 25.199498415 25.2817387848 23.3680852146
26.2771708528 26.1525787957 23.9992408242 24.596606436 26.1131371232 26.0482684895 23.9314183135 25.0719731934 23.7714957087 25.3926474605 25.2129845463 26.6178055487 23.9842558609 27.217406151 23.4325345494 25.4633598258 25.7655376939 26.6091115693 27.0826755264 25.7243428245 24.429571544 49.4924101969 27.0683428166 23.5112729815 26.784115792 27.0017447225 46.1447438274 59.7083208537 59.7083208537 50.4838096699 54.8866129123 54.8866129123 26.2358357946 23.4342592258 25.7988538562 27.0183407585 23.9878635502 26.418504547 27.2296232548 23.2412545537 25.9644103919 24.6180467973 23.0185881605 27.1069695056 24.8909448245 24.7261489045 24.5114250241 25.1910500041 23.258960641 24.0534257532 23.1551312642 25.7100877426 26.7143871738
23.4135472323 26.1188343629 23.3707584181 26.7631477755 26.6059420376 23.691940628 23.3331299506 24.3300802499 23.129833819 23.8019954114 24.878717717 24.4267357267 26.080992964 24.7098797502 24.0427072522 23.6129215559 24.1552945913 26.9398520625 23.8223885605 24.5972883795 23.0322147349 46.2250959964 24.4552477386 25.4253692916 26.7330420399 26.7405597578 26.1635836763 59.7083208537 59.7083208537 63.5329143713 51.6152192881 24.1730297098 24.8777163277 26.6075198984 23.1278001841 24.6573960204 26.1811838365 23.7559630088 27.169332037 25.6960307738 23.6295101272 25.9630434701 23.1894781085 23.7652231857 23.4660330871 23.8818107793 24.8210776992 25.404805381 24.4827836792 27.0368583962 26.7182828158 26.762182207 24.598002268
23.76749761 26.5931138641 23.101361059 26.6491271814 26.9893974078 24.5359891208 26.6900943467 26.9630908476 24.4275813253 25.9465621992 25.8834839067 23.6687674687 25.4291814896 24.9636491721 25.857857879 23.9601142591 24.3170561911 23.0904330098 24.3746995009 27.0905454846 46.2250959964 46.2250959964 46.2250959964 58.3388389978 27.0194240145 43.7472452241 49.7432954725 64.8064134147 44.2066597718 51.3465720175 51.3465720175 51.3465720175 23.0425400425 23.4933509684 23.4827796204 26.5060786232 26.2032404326 26.7561578587 27.083878472 25.2520809542 24.4934664017 23.0127893601 25.9945838548 23.487096947 24.8336775479 26.7077427956 24.6984462245 26.8249936151 24.7208775653 26.6028595803 25.0115419147 26.0189270164 24.0798057122
24.9439694988 25.9805468888 26.3629151444 24.4953067434 25.3871785553 26.7948946645 27.1266787597 24.1567722649 25.2978970267 25.5472919642 23.0566933748 23.0319449223 26.4007416183 27.0229094104 25.8799421875 25.719174795 23.213858307 24.1298862739 26.9920171356 24.3045169026 25.1423664343 46.2250959964 58.3388389978 58.3388389978 58.3388389978 43.7472452241 43.7472452241 43.7472452241 25.5208405725 51.6152192881 51.3465720175 54.9245542642 54.587408439 23.2956733575 26.9409204872 24.8812459395 24.0467800283 26.6919528792 26.3434850028 27.2255122212 24.4151941491 25.769577434 23.6752922915 25.87637611 26.050046159 25.1227605766 27.1371239406 23.879357293 24.8200461649 26.6024218765 26.6475259566 24.2712796258 23.259352453
24.9351640487 23.7554944779 23.1849136095 25.0238161477 26.4729469808 23.0304495479 24.546048538 25.7473925709 24.4936635742 26.4874670848 25.1779206568 25.3706638461 25.8979374669 25.1899485716 26.6522523507 23.120115328 26.1977684717 23.4835360471 26.7262405431 25.0275086705 23.7520412915 24.2225687456 67.7891664833 58.3388389978 48.4507217035 48.4507217035 43.7472452241 49.4662587075 26.2150860591 54.9245542642 54.9245542642 54.9245542642 25.777105961 25.1177292129 26.2161314809 24.8866662238 26.4335879413 26.8242092044 23.4620439676 24.2203927681 26.7973057636 25.4062153045 24.8788888273 24.8551244572 23.2551312879 26.9709039073 24.7772699999 27.020031158 26.249207212 25.7753260689 26.6621934917 23.5506006223 24.7438383083
25.3060729441 25.095846786 24.2064733866 26.7531797586 23.0841070468 23.9948159376 23.595664984 26.0154751626 25.9816580315 24.5844058958 27.0228405084 26.092876507 26.0462600211 24.0872736548 27.1291040608 23.843771333 26.1252776387 24.8379600399 25.1462396231 25.6888241994 25.0724319851 27.0420711518 24.1900466615 24.9635369904 23.844747552 48.4507217035 48.4507217035 23.3989513265 56.7486134802 68.7791221192 68.7791221192 55.20258807 24.3825348989 23.2675781203 23.1994769216 25.8288821999 24.9599420323 24.6661751571 27.1376431581 24.6169447795 27.139213075 24.9149273073 24.8225301248 24.1425407822 24.7175416194 27.13842093 26.6786613721 26.2873634053 26.0179319538 24.5344622701 26.0198876099 25.0380808605 27.0161773233
23.431676819 26.9894829015 26.6983185175 25.2532353892 26.5570956231 26.7892853915 26.9398381738 26.0601814686 24.9237705769 24.717779917 26.4327081354 25.5443920903 24.6473094323 26.2099510893 26.2894884593 24.3383550541 24.626382956 71.7592277322 23.7439712444 26.4812350478 24.3291777114 25.8790560248 27.0135092932 25.4961336761 24.100757362 25.2919927435 25.8544252601 26.7685638453 48.3515121631 64.8023192529 64.8023192529 68.7791221192 24.9318019071 23.3007631104 23.4620615066 23.7443743599 23.8411596035 24.9233852797 23.4739772465 25.1106875959 25.8371486877 24.2974523776 24.6738428821 26.6954863944 23.2790546216 24.8076281103 26.3188904002 25.973061739 23.8890045297 25.6783724618 26.5814830616 64.9306072387 27.0613826123
24.3027766484 26.0903689164 26.2283337104 25.6834152428 24.0447523933 26.2098820618 23.8235339363 26.8250275072 27.1951727968 26.0151670545 24.9290957898 24.7743047841 25.682598656 25.01808625 26.0068478424 26.0847112931 23.8285374619 71.7592277322 49.2382019854 49.2382019854 23.4463987 60.1486154517 26.4900496216 54.1919758508 84.1884824777 24.8354068202 24.2225528141 24.0762102125 64.8023192529 64.8023192529 64.8023192529 23.5159052573 23.5091792268 24.6111791415 24.0503047592 26.0074063131 27.1108995901 25.0122874959 47.4078852251 26.460465156 51.6980763115 25.028634772 27.1663849068 65.1980983329 25.7537278582 24.3783054278 24.0827081477 25.6139546051 25.6666745914 25.5373650085 25.3268920798 25.2091911773 64.9306072387
25.6020526758 23.3459683097 26.8460417661 23.0377276156 23.2158066212 26.3444295216 26.6512483078 23.5871516044 25.7244472336 25.7798975319 25.8837620246 24.1553395856 24.1002021958 24.5235825528 26.4039600953 23.8222010568 71.7592277322 24.1024499867 49.2382019854 49.2382019854 66.2206580006 26.4463259893 23.6521802684 54.1919758508 26.2360879335 23.4260383627 26.2119316155 23.0429440603 52.057993234 52.057993234 52.057993234 24.8644852175 27.1397903837 25.2981090848 25.1461896457 51.3044122264 23.1411064008 53.3485553313 47.4078852251 57.7306141848 51.6980763115 51.6980763115 65.1980983329 65.1980983329 65.1980983329 47.5222575375 23.7158468927 26.8841853566 26.1894741123 24.5476187917 23.0011485475 23.4843856444 23.5307766225
26.7071342168 23.221007426 23.5668354288 25.0860067342 23.178836837 23.2892045417 26.6957935134 24.3384237965 24.1435916823 26.5804829171 26.2257258219 26.4680721251 23.1642473401 24.3553661865 23.8293381512 23.2792603471 23.2223881723 26.6183072083 23.0331136884 49.2382019854 66.2206580006 23.9339299558 26.6715363967 54.1919758508 54.1919758508 24.8198303063 26.7357681465 23.6368395149 23.4093253678 52.057993234 52.057993234 67.3820445374 26.6491898098 25.3880880527 51.3044122264 51.3044122264 51.3044122264 47.4078852251 47.4078852251 47.4078852251 51.6980763115 51.6980763115 58.1014035887 65.1980983329 47.5222575375 47.5222575375 24.0092746588 23.7937028253 25.5400604268 24.0519668551 25.2294279444 25.4460213546 25.8201709716
26.9070365338 26.6963097203 23.8852740509 25.7404276274 24.3119773741 24.3465109793 24.5752767396 23.9892385029 26.3662889934 26.9475766151 23.4729195338 66.695447487 25.4823831775 23.6791122157 25.5572539824 23.7434433775 25.8592712509 24.7155468346 26.9284686579 23.7142741843 24.3803163809 26.9434389531 25.6536537549 25.7474822541 25.0293985544 26.3422311584 25.5173770537 24.684182989 25.6715353839 25.3759709166 26.4050507222 26.783552144 50.9097424936 50.9097424936 23.3811002474 51.3044122264 43.9089379707 52.8535111713 53.3485553313 57.7306141848 26.3597849743 26.248038541 26.8210225411 26.3218010533 23.5753193665 26.3652507649 24.795530224 25.4325239334 25.957981698 26.1305934559 36.6832879286 27.0909621193 56.6511453132
