Spatial_Output/BAU/BAU_0420.asc
NCOLS 155
NROWS 192
XLLCORNER 196769.923733
YLLCORNER 449719.875193
CELLSIZE 27.603701
NODATA_VALUE NaN
[rows 115 to 137 of 192, columns 0 to 52 of 155]
0 0 0 0 0 0 0 0 0 0 0 0 0 0 0 0 0 0 0 0 33.7298872035 34.5136553873 32.1335879193 32.351195816 32.5757664934 33.0977154594 32.8254884842 33.2728392314 32.9032700457 33.7213063621 34.3675696858 32.539844117 34.284267095 32.6974284793 32.9606998935 33.5485165267 34.1318035895 32.9846177458 33.6363610225 32.4862979808 32.6924558452 33.1401673919 34.3657309749 61.8476613581 62.6328350406 34.0452691814 31.9398979147 34.0353289158 34.447070553 33.8805877827 33.809614349 34.6535255715 31.9209774158
0 0 0 0 0 0 0 0 0 0 0 0 0 0 0 0 0 0 0 0 32.2220169391 33.8197315056 33.514348045 32.6931809664 32.7493327001 31.8787984741 32.2639832195 31.9657346475 35.0247962785 34.6842868821 31.7432239897 34.1384333736 33.5342973327 34.9463603323 33.9504529717 32.9988599967 33.600983551 33.8866778412 32.5172958822 34.8136469636 32.8702986031 34.8566738852 61.8476613581 61.8476613581 61.8476613581 32.124816892 34.7243145939 34.3978798919 34.3561593155 32.9106322827 31.9487642097 31.8060645352 31.6971356924
0 0 0 0 0 0 0 0 0 0 0 0 0 0 0 0 0 0 0 0 0 32.5680705384 33.4943303079 33.5142077531 33.3974981517 32.9101632957 33.6712500426 34.9458464675 33.5844709746 33.0013199052 34.8059312386 31.8909994296 34.7518341431 31.7430022478 33.9072788923 34.2809865568 34.0830024765 33.2357315435 31.9362758398 34.536215207 34.9070605204 32.446984156 73.0254677162 64.2938210216 64.2938210216 73.0254677162 33.3650154033 33.9735283541 33.2062537196 33.5362935334 34.6891945885 32.9774274268 34.4736150195
0 0 0 0 0 0 0 0 0 0 0 0 0 0 0 0 0 0 0 0 0 32.830264756 34.1119876299 32.4460748148 31.5191417895 32.2322421419 32.3059485303 31.5530838748 31.9656508071 34.0175495194 32.6466313251 34.2597557736 34.9098272443 32.6690289023 33.0748265324 33.848599913 34.5903833194 32.7215125641 33.1503233214 33.3358592251 34.0769049737 32.9441467864 64.2938210216 64.2938210216 64.2938210216 33.8731857387 53.3270304789 48.0671434746 56.1899880675 33.0480030993 33.7999445459 32.9463215829 31.8538537485
0 0 0 0 0 0 0 0 0 0 0 0 0 0 0 0 0 0 0 0 0 0 32.8351718423 34.2721541922 31.8123230693 32.5165458679 32.027909918 31.7147896801 32.2478902416 32.0859907257 33.8294567609 34.1811151428 32.3921952059 31.6291634026 32.5671403455 34.5855489786 32.2532379245 32.508233154 33.5500757666 32.5105095831 32.8080235551 32.8465378701 31.7783321487 34.744455322 34.919468485 32.7746417 48.0671434746 56.1899880675 56.1899880675 34.2751651336 33.5033059485 33.2012793767 34.3792261359
0 0 0 0 0 0 0 0 0 0 0 0 0 0 0 0 0 0 0 0 0 0 33.4099269702 34.4125825504 33.257203928 34.6649086701 34.6734144961 34.3024752893 31.6831653764 31.76009075 34.9425670977 32.2854013865 31.8741040329 34.5916724783 32.6975940972 33.5883633387 32.6938918095 34.487652882 34.0349720003 32.1711094978 32.0713948519 32.3718940844 32.1113358342 33.3717640108 31.5616699053 31.5804362244 54.4338780555 54.4338780555 56.1899880675 31.5362495802 32.7034808007 32.9485087196 34.5135682058
0 0 0 0 0 0 0 0 0 0 0 0 0 0 0 0 0 0 0 0 0 0 0 33.166507866 34.9522141605 33.6434850871 32.4813034519 33.2389311633 32.465035398 34.8747318548 33.7509767639 34.4238568817 32.2484863229 33.9285759938 32.1089819407 34.2717639637 32.9814297998 34.0998555846 33.4627050717 33.37629234 32.7206876781 34.5795497305 34.8745228889 31.9129011353 33.3707229408 32.2202109217 34.3292410257 49.0939675927 49.0939675927 49.0939675927 67.3635020244 33.0434779533 34.2651748628
0 0 0 0 0 0 0 0 0 0 0 0 0 0 0 0 0 0 0 0 0 0 0 0 32.9705035021 34.1433763915 32.6303959043 34.6476595936 33.2891950035 33.1474696435 33.3457534059 34.338198541 34.2102383871 34.7857745168 32.3798999013 34.624496024 32.7429057683 33.5835499114 34.4781772415 33.1173936853 34.4504332772 34.3355721319 34.7120286187 33.6085955452 50.8538873873 31.8473331683 34.1036151326 31.5477803518 33.1497238676 67.3635020244 67.3635020244 67.3635020244 33.7192916899
0 0 0 0 0 0 0 0 0 0 0 0 0 0 0 0 0 0 0 0 0 0 0 0 31.983344939 31.9861937695 33.4271766074 33.8812894002 33.0853278706 32.8256043602 33.0587477811 33.4762461869 33.4296627778 32.953656062 34.0642423619 32.1603375458 32.2402807428 31.6454252184 33.3292581234 31.8850953445 31.6678538482 34.3984845937 32.178161463 31.8446391307 50.8538873873 48.7072589981 34.6814319575 31.7126230942 33.8771815663 67.3635020244 33.8206271961 34.0317254861 55.0215114343
0 0 0 0 0 0 0 0 0 0 0 0 0 0 0 0 0 0 0 0 0 0 0 0 0 31.7674484953 32.5060218671 33.4719244253 33.3552417719 32.8870999507 33.3812494747 33.433706611 31.5713605008 32.9799275571 35.0209517203 34.2686540271 33.8671985787 32.4225801892 33.4268760052 32.5609931342 33.9037392668 33.8172245452 33.6142230123 50.8538873873 50.8538873873 48.7072589981 45.9227827459 33.9838696459 32.9476361729 33.080108115 55.0215114343 55.0215114343 62.2453848554
0 0 0 0 0 0 0 0 0 0 0 0 0 0 0 0 0 0 0 0 0 0 0 0 0 34.0743186632 34.4376205394 33.4990351613 32.3400057263 34.9476632683 32.8675517623 34.4952662305 33.7099346583 32.826682559 34.0439531481 49.6563230779 49.6563230779 32.0822527709 31.5952225187 34.6084197285 34.4716971985 69.3005699071 69.3005699071 69.3005699071 32.6555304125 34.7233193567 34.6739878652 32.0301029743 34.2439077367 31.7949259412 33.2077495704 34.6655473625 62.2453848554
0 0 0 0 0 0 0 0 0 0 0 0 0 0 0 0 0 0 0 0 0 0 0 0 0 0 33.3009755464 33.8326978344 31.5334482267 33.0851944709 33.1014915075 32.6471204672 46.9628417662 74.4936750081 57.9156211719 49.6563230779 49.6563230779 33.4314685097 34.6721547898 33.1198223422 32.1579641118 31.9030707351 69.3005699071 33.5278516901 34.0387887344 31.8771178168 32.3950180467 31.5112358393 34.3690127929 34.7944268591 34.9264593842 32.5969196844 35.0037841515
0 0 0 0 0 0 0 0 0 0 0 0 0 0 0 0 0 0 0 0 0 0 0 0 0 0 31.5401583196 34.2700887434 58.5880048986 34.900358418 33.9833307357 46.9628417662 46.9628417662 33.5363989265 32.305256977 57.9156211719 49.6563230779 34.4901490701 32.3642376662 31.6500918389 33.1375923988 49.671636209 49.671636209 49.671636209 33.9502681909 34.9706979413 32.2402003572 31.7125699078 33.6599061993 33.4282490258 34.941027358 33.6633961831 33.4425937293
0 0 0 0 0 0 0 0 0 0 0 0 0 0 0 0 0 0 0 0 0 0 0 0 92.5023289555 58.2317947606 59.5342070417 32.670132205 58.5880048986 58.5880048986 32.6172327638 46.9628417662 46.9628417662 31.58131329 33.927838534 34.0726340582 32.4929706897 31.9406384952 34.4271709536 34.5357387811 34.510482889 49.671636209 32.1486672808 31.9207438159 33.0085234633 33.2998483736 34.8765399067 31.773445269 31.7393365783 32.0083321537 34.1046337422 32.5689430413 34.1160566932
0 0 0 0 0 0 0 0 0 0 0 0 0 0 0 0 0 0 0 0 0 0 49.1502222016 88.1770979236 58.9600928828 58.2317947606 58.2317947606 50.7501432293 32.8929071515 58.5880048986 32.3005653881 34.8540628307 34.6517894535 34.6222658612 31.5012553884 33.0695364937 31.8048145746 32.5990989219 32.2063995512 33.1523214095 33.7346315554 75.4561136385 75.4561136385 32.4337255856 32.9085398001 33.735284331 32.2420080645 34.3678100836 34.8648340869 34.4642543155 34.1840950773 31.7824789844 33.5526991859
0 0 0 0 0 0 0 0 0 0 0 0 0 0 0 0 0 0 71.1799600804 53.9189552146 57.0644394572 57.0644394572 47.7464866912 57.3074828941 58.2317947606 58.2317947606 58.2317947606 45.3809261566 34.5960661972 32.2709882133 32.8360498719 31.5028475345 33.5057550222 31.9151603997 33.1786943247 32.304010473 31.5360396991 32.7837904438 32.7010772617 34.4061345928 75.4561136385 32.5288385772 33.9124208599 34.1896342834 32.4340743726 33.6780178366 32.2052868843 33.407194212 32.4087112962 34.0219160063 32.2741057907 34.0446119916 31.8387523629
0 0 0 0 0 0 0 0 0 0 0 0 0 0 0 57.7292790748 52.4809336118 58.2604326849 64.765967329 59.5924989784 59.5924989784 49.1502222016 47.7464866912 57.3074828941 57.3074828941 58.9600928828 58.3494605592 0 0 33.4434498289 34.8829470597 33.908766673 32.4222267307 34.158325718 34.6077831582 32.9829336044 32.3358131535 33.5238651738 33.6843127237 34.5336034255 32.7712932755 33.3566098125 34.2069532633 34.8373009591 34.0280462885 34.255847915 33.6062104816 32.7164778174 34.6405716562 31.8950188544 34.4868593918 33.023730807 32.1407953168
0 0 0 0 0 0 0 0 0 0 0 0 0 0 0 68.3202621421 60.4570849415 59.617827533 64.765967329 59.5924989784 59.5924989784 57.0644394572 47.5976180512 49.1502222016 57.3074828941 67.0462773359 0 0 0 0 34.8580625018 32.365735823 33.3563714882 34.5550100757 34.0442208079 34.2595716274 31.6872185224 33.3748217037 33.2961077294 32.9364572112 33.0112285568 33.4843117832 32.6456068483 33.6973584225 34.9955212875 32.4162581465 33.4807662999 32.173983043 33.0502343545 34.2541912459 33.7149241925 33.1131924146 33.0427065322
0 0 0 0 0 0 0 0 0 0 0 0 0 0 0 55.8358880804 63.1156446324 55.7454396842 64.765967329 64.765967329 68.5059831598 0 0 0 0 0 0 0 0 0 31.7433078049 34.5401647577 32.6449455761 33.3541248854 32.7896243118 33.4215145524 32.473835862 32.5293702387 33.3905329628 43.0548907222 33.1663318087 34.7780916091 31.8973648308 33.993619719 31.5746308816 32.5625831375 34.3675858419 32.821571278 35.0094732032 34.8570141431 57.2012027115 68.5279159542 42.8530785547
0 0 0 0 0 0 0 0 0 0 0 0 0 0 0 51.2983471652 43.0371015968 70.0256751468 76.3557584598 0 0 0 0 0 0 0 0 0 0 0 0 33.9451101591 32.599937122 34.568779632 33.4127945294 32.7560057119 34.3497749279 31.648720552 31.5452780835 43.0548907222 43.0548907222 31.6230562718 34.4657642098 33.5280067581 53.9871389253 32.4587989659 34.4228355843 34.0128038116 33.3468133192 53.2760879008 34.9359472913 68.5279159542 42.8530785547
0 0 0 0 0 0 0 0 0 0 0 0 0 0 0 0 0 0 0 0 0 0 0 0 0 0 0 0 0 0 0 0 34.6019431944 34.1187307209 32.2819255566 33.9175979093 33.3941864154 34.2208673256 57.952994559 57.952994559 56.3759927023 32.5054282685 46.5852036019 32.9725678327 53.0597530842 53.0597530842 32.6275030815 44.2480483866 32.4753818687 34.0033892481 33.3537420472 57.1046597765 68.5279159542
0 0 0 0 0 0 0 0 0 0 0 0 0 0 0 0 0 0 0 0 0 0 0 0 0 0 0 0 0 0 0 0 0 33.0267854124 33.1393791866 34.0288557451 32.033493064 33.0732627414 33.8754395271 57.952994559 32.8070612617 45.1298896517 45.1298896517 46.5852036019 53.0597530842 32.7712224556 33.4097866505 31.8251589793 32.0939990782 34.1393890102 32.360964239 32.2629694287 34.2340693508
0 0 0 0 0 0 0 0 0 0 0 0 0 0 0 0 0 0 0 0 0 0 0 0 0 0 0 0 0 0 0 0 0 33.8634112273 32.1142699478 31.9127973648 33.3360490001 33.4173568993 34.9078406109 34.3868855362 33.6657833406 45.1298896517 45.1298896517 32.8088806915 53.0597530842 33.6996317077 33.9262384037 32.4316190396 34.3140315065 31.8962215249 34.447477551 33.6087173509 31.5345334126
