Spatial_Output/BAU/BAU_0685.asc
NCOLS 155
NROWS 192
XLLCORNER 196307.867259
YLLCORNER 449144.565805
CELLSIZE 33.573938
NODATA_VALUE NaN
[rows 100 to 124 of 192, columns 57 to 113 of 155]
28.7472849203 27.5905435753 28.0019538142 27.8478765852 28.0288482925 25.0709927737 52.8540429048 52.8540429048 52.8540429048 28.0652928245 27.1033113143 29.2375801614 28.9996111069 27.5853317695 26.7692713006 26.5687359793 25.6176490105 27.048536592 28.67006823 26.2937364005 28.6163009668 27.6830361235 28.9097328922 26.2495521023 27.5555748727 26.3333625688 25.1383763378 29.1956386258 27.7756404583 27.6884771408 25.7915778696 49.8200752427 78.6710750415 78.6710750415 26.9303582951 25.6344231298 27.1767933333 26.2206211609 28.3661501201 28.4835910411 28.7245387027 26.9843446787 29.2283945714 25.2039522357 28.8050526466 25.576148606 37.6431296051 37.6431296051 37.6431296051 27.8625372843 46.850093141 27.3458365018 26.6654609161 45.6979664031 27.6424685714 27.1057706052 27.4268924788
27.0696079494 28.3678380924 26.9365238015 28.0385987592 25.9550130546 25.4434846197 61.5806070201 52.8540429048 52.8540429048 63.6581049012 28.9932503717 26.2558013877 27.6194433918 26.736564946 25.9100225199 25.2438595421 25.2528098597 27.135274326 27.356155511 28.8866241733 25.425339616 25.2501144357 27.2045415184 29.0943242889 27.5180083173 27.6982273451 25.7098864212 28.3288940917 27.1960552165 27.2053852686 25.4829963067 78.6710750415 49.6089914876 49.6089914876 26.6426246526 27.4472138031 27.3166392352 28.0760288286 27.8193588421 27.819986522 26.7688747539 25.8793290353 29.234277682 28.5153991051 25.4167760072 27.9747690675 37.6431296051 55.56005187 47.1679891442 27.6817584957 46.850093141 46.850093141 25.7722321285 28.591789603 25.276884863 25.4663424881 28.0207070693
26.411200171 26.4377575237 26.7772954248 27.4872520544 28.6139010266 61.5806070201 61.5806070201 64.4349974127 64.4349974127 66.9718590412 66.9718590412 29.0738696618 28.1026650601 25.1545077009 25.6689109939 25.2358245799 27.5729568879 28.9356791602 27.1718708366 29.1084224667 29.0715531952 65.3063183015 26.8714731267 26.3599409148 26.3239063293 25.1326941663 27.6354898324 27.9183449003 25.7692272303 28.3053800003 25.4166680106 49.6089914876 49.6089914876 49.6089914876 28.1597083238 26.3815286667 27.5321810129 28.7558595116 28.1306332342 27.4928265362 26.843414649 27.656232601 26.4304588948 25.4535479003 28.6901357297 48.7844946711 48.7844946711 55.56005187 47.1679891442 47.1679891442 46.850093141 46.850093141 25.0165918051 26.13696907 27.021563494 25.1334572777 28.8811407423
28.5275790568 28.2587640388 27.2340991109 27.1358941931 28.6406035276 61.5806070201 61.5806070201 45.5812938712 45.5812938712 66.9718590412 66.9718590412 48.3091257903 49.443965778 49.443965778 57.9990831725 25.506370605 27.4041596591 25.2546880667 27.0282811702 42.7773311659 65.3063183015 26.0954403984 28.9208267815 27.5784573183 26.5732730516 28.2128498312 27.3055731747 28.680413835 28.022794104 52.7227312003 27.5263608826 72.2834222894 67.8293245868 67.8293245868 73.9391334694 49.3244052276 26.878912766 28.0403544723 29.1557770969 25.9930009107 25.7593591513 28.2121332456 26.1147308167 26.983173316 28.9670772652 48.7844946711 48.7844946711 48.7844946711 47.1679891442 47.1679891442 25.5037723083 25.281038528 28.7763142246 26.7345695527 29.1252712811 25.5835504288 25.5271472057
25.9096529118 27.4322932622 29.2249930579 28.2107996295 25.1640314053 27.1784382055 45.5812938712 45.5812938712 45.5812938712 66.9718590412 26.6655583333 40.9302195214 49.443965778 49.443965778 57.9990831725 54.3744070333 54.3744070333 28.4055074399 85.6489192103 25.5871716974 68.8395851588 63.5095754301 61.4041391849 25.2373285025 71.7475482158 52.8129898641 52.7798345081 26.3025738187 26.1325554826 52.7227312003 52.7227312003 57.480595666 67.8293245868 67.8293245868 73.9391334694 49.3244052276 28.6577372842 26.7262319409 27.6565215921 25.0205499184 28.0348456938 27.8428781886 28.2341587649 25.5616525889 27.1031549808 25.5541935615 48.7844946711 53.7386901462 25.7993248904 29.1871780214 25.6786911424 28.0228332954 28.1139403008 25.4000780262 28.8291449992 26.3062504197 25.3294769682
29.0410347109 25.3630034479 25.9938608858 27.3168277807 29.0822394989 28.9968850106 47.5045740434 45.5812938712 47.5045740434 25.0055294303 28.8317576268 40.9302195214 49.443965778 57.9990831725 25.5627391385 54.3744070333 54.3744070333 26.7830982181 28.3628553519 25.3250634602 68.8395851588 68.8395851588 61.4041391849 71.7475482158 52.8129898641 52.7798345081 52.7798345081 26.8238448056 28.0639920745 52.7227312003 52.7227312003 64.4911524485 40.4327906816 64.4911524485 73.9391334694 49.3244052276 27.9796411464 26.3027121198 25.5681135415 26.3683785576 28.4150465583 26.6490625126 25.7088986183 28.6338338083 27.4367743626 25.3468309105 43.3298141289 25.1415920305 27.1367506313 25.0850900334 25.9947478057 26.9760617094 27.5715998286 25.4191212485 27.7418151679 29.1526338562 28.9729725192
27.1411521274 27.2687930336 26.8806237242 25.7272035321 27.7289040307 25.6959816805 59.8723022407 51.9321256871 59.8723022407 25.3805473479 25.7684554524 25.4183658884 26.0033797291 25.9824300903 27.7146142044 26.6449117381 26.0927937208 27.6980016679 85.6489192103 26.0462390381 25.7328057161 28.5883729552 25.5252552723 71.7475482158 71.7475482158 52.8129898641 52.7798345081 26.1998497089 25.7874315714 28.1724775984 26.5905397675 54.78053101 39.385116739 39.385116739 54.78053101 26.9698778182 25.4230914766 25.4149125713 28.2083544702 25.8623660347 27.7431240406 28.7246880573 26.610321332 28.2777368685 28.1719132109 27.512375274 61.6476865782 29.2370546802 61.6476865782 61.6476865782 28.544454353 27.0154747125 27.6302814585 25.1436940817 27.7767409314 27.7203108155 27.0246898293
26.2564814569 26.5508703734 27.0367758537 26.3257623514 27.357871568 28.611143532 51.9321256871 51.9321256871 51.9321256871 28.6573545765 29.083644489 27.0190069919 26.1771708835 25.8157725532 28.0673013244 25.5812420795 27.8830539217 25.2630771521 25.5148260152 71.4254053398 28.8626148082 71.4254053398 25.0232344138 25.4534033494 25.7116989898 57.0190690532 57.0190690532 27.6078806419 25.967093298 26.3146488958 27.2583532906 26.0961404653 40.5598024777 26.3532505118 27.5229253018 26.7690811018 25.747568685 25.6711735119 25.1704972919 26.5805323738 28.4567530618 27.8548175399 26.4104381076 29.2248960493 27.0390101719 27.9049398041 26.760064225 61.6476865782 61.6476865782 25.4221124178 28.1363089975 29.0059110245 27.806238042 25.4404165056 26.565632107 26.5613203826 26.8677123092
28.8404028077 28.8788468724 27.503598869 26.0346588375 25.2444562057 28.5386046131 51.9321256871 51.9321256871 51.9321256871 27.9823894497 25.2418476529 26.5698404768 25.4853178718 26.0283301359 27.1365990505 25.5110923607 26.8936948423 27.5936340089 26.8728839034 27.5216099261 25.0925401254 26.295575912 27.6516564307 26.4020089881 57.0190690532 57.0190690532 57.0190690532 27.3192465827 28.9343823651 29.2183308145 25.165409468 27.8595116926 25.285686814 26.1305926925 28.3974430031 28.9548814824 27.1313333287 25.9126601235 26.5524927574 28.6951822378 28.8322038438 59.8572597816 54.8019177042 63.5575473572 25.3077151985 28.5680953459 28.8556726529 26.190810739 27.8278775624 37.0817030085 26.095176594 27.9687410876 25.252493663 27.4367974084 26.1487339674 25.2543190797 25.8277977683
26.9303621285 28.6129159063 26.1121973734 26.8961518773 25.4668555532 27.2869652515 68.7222688181 55.4570197307 27.2935096039 26.390449119 27.45717234 25.0002633121 26.4292175143 28.5561268136 25.8186932235 28.4882889671 26.0821205238 25.3047447152 27.7727333323 27.3633045129 25.89664846 26.1729749293 26.3785296996 28.8654337283 25.4112106885 27.3570078655 28.6247842474 27.0272250348 26.5524373815 28.775932763 28.0439026456 46.2258482818 41.2885875887 54.8826640511 27.0684672066 43.0998688306 69.1884482599 28.8845251164 69.7821312564 44.5983725151 44.5983725151 37.5028621996 37.5028621996 63.5575473572 63.5575473572 60.8786947928 60.8786947928 54.7242969783 39.584860765 37.0817030085 37.0817030085 25.5015444302 25.2264703723 25.3216410349 28.5867977205 27.2104683655 27.9494956443
61.5987726042 25.0793490987 28.1615103103 60.5170175866 25.2412818276 76.9281246226 55.4570197307 55.4570197307 55.4570197307 27.2140699606 25.3387377595 25.8048233742 61.0971989048 29.0327828403 55.9873729584 27.8834700381 25.424047314 28.6341452426 26.0686965552 48.3339564942 48.3339564942 27.9207811842 26.8986705047 26.8063460757 26.6306515333 49.0478715499 27.0718393264 28.8166334823 45.4254393424 45.4254393424 27.4811020635 46.2258482818 46.2258482818 28.2555366898 51.5343720673 43.0998688306 69.1884482599 69.1884482599 69.1884482599 44.5983725151 44.5983725151 37.5028621996 37.5028621996 63.5575473572 63.5575473572 60.8786947928 60.8786947928 46.9834171796 46.9834171796 46.9834171796 25.2602666739 28.2757610209 28.189085636 26.5264241964 28.4607559765 53.7742043848 28.1305355289
54.3150993632 27.2301268987 26.9339895243 59.4158550017 63.8238265522 63.8238265522 51.2228364803 55.4570197307 42.4348762325 26.7767956198 27.1550285359 61.0971989048 61.0971989048 61.0971989048 55.9873729584 39.928009334 39.928009334 39.928009334 55.9201623711 48.3339564942 48.3339564942 28.5919338756 26.8646880506 25.0719989724 26.8789853019 25.9948504472 25.6625505051 28.0892498153 28.7369866973 45.4254393424 26.6373916708 46.2258482818 27.7296368365 48.869666867 25.6590610648 43.0998688306 69.1884482599 69.1884482599 69.7821312564 44.5983725151 44.5983725151 51.2363945538 37.5028621996 63.5575473572 25.616986256 40.3097338127 25.0137546738 46.9834171796 46.9834171796 53.6442652206 25.1369159648 27.9915715156 27.9216748219 27.8572457605 29.0211561395 27.6422954867 26.9412639884
27.5240504525 61.5987726042 60.5170175866 59.4158550017 63.8238265522 63.8238265522 51.2228364803 51.2228364803 50.6905799339 25.0314378463 26.008354255 25.6640751133 61.0971989048 61.0971989048 55.9873729584 55.9873729584 39.928009334 57.4948582376 27.0224672394 55.9201623711 27.1757248517 28.421528762 28.6895927319 26.4892150049 27.0930176442 25.3820181933 27.2896664501 27.0758580206 28.3202801554 25.528376263 46.8145547633 25.9507173483 52.7778850169 52.7778850169 52.7778850169 26.2657484971 28.3822169401 29.1104380096 28.9797495983 25.9717305868 26.6794136061 27.9885041091 26.8864927194 27.2759369764 28.6130080447 28.5634913735 28.8828340473 80.4174752445 52.6844292159 80.4174752445 28.0422933711 28.7655102672 28.353696207 28.8001672287 28.9474958639 26.1294329593 27.0106033039
28.4179408812 27.1015158781 27.3202527854 27.1640587966 59.4158550017 76.9281246226 56.9413649558 25.5697247834 26.8598466277 28.4311091046 25.5987227016 28.9389404497 26.7427068798 29.1995368644 28.0095157603 26.3239354206 27.3986741779 26.286980687 27.241026865 26.7123482556 25.5355370497 27.1998003955 28.4410366054 27.2484682287 27.6637260797 25.7912128578 28.1975021369 29.0927899953 28.1039575666 28.0805302245 25.0922331671 27.44810545 69.4127607711 52.7778850169 45.495214997 27.1519304488 25.3988747161 28.2754245107 26.0156952457 27.370508238 26.9430283328 25.0258941176 26.8304876703 27.8369961865 26.3034103513 25.5435987706 25.8948953534 52.6844292159 52.6844292159 52.6844292159 27.0402206218 28.3372633304 28.7015464985 25.5425941315 28.6039330573 26.0566565287 26.5102998465
28.4156210888 28.0505380351 25.0109637059 25.1772407516 27.1677282618 28.5843182096 44.760268211 44.760268211 26.4953241631 25.5040663594 25.9157862159 25.8437815458 25.0294968459 28.6721802373 26.0849435612 25.120128039 25.5085707083 26.7634963223 28.084541859 25.9326433698 26.2941874844 26.5864212073 25.383201431 28.2248425338 25.5522164067 25.5049831813 29.1025654345 55.1498256436 28.1682006469 26.3139015005 27.9395868277 28.6687619761 28.9084174842 27.3389316071 28.4983736511 26.1940147137 26.9053480573 27.5888936681 28.051999618 28.9467629267 26.1609477219 28.33469408 28.2728517133 25.4020057054 27.316283058 28.8942498255 28.4951700996 36.9956035888 52.6844292159 36.9956035888 25.93585939 27.4509413075 28.5832880142 26.4002137398 25.5197150905 25.1057273549 26.5467773473
28.028707884 25.4592525455 27.9133946259 27.2529187966 27.1407189513 25.187367074 25.3374932029 25.7041631129 25.0535640041 28.81901506 28.1123987835 29.0292972551 29.0612229802 27.4189540007 25.4770246492 26.1069399278 26.9213388665 27.5003211885 28.0427704333 26.7982397828 25.7739889064 29.0189170665 29.103315482 28.7601196641 28.3413522473 27.2711476665 28.5935183797 55.1498256436 55.1498256436 27.2700128736 26.9884434236 68.7060935742 27.874947021 59.5945323411 25.2359726427 28.5853668494 28.7057361898 25.0614822248 26.258558719 27.0159995905 25.5957866741 25.5717875066 28.0061498807 27.7634492166 27.8275809746 25.6017056784 26.4381433782 26.3624993347 48.1258125141 27.6751832483 25.2468710095 25.6700523787 25.7456379472 25.7711162885 74.8894165837 26.6235758032 46.7389037959
25.8635823198 27.5001079801 26.5622159648 27.8717920643 28.0123856662 25.5913955741 28.9339142539 25.9363220298 27.6764267245 28.8746257652 28.5327296529 27.1348098661 25.324503552 25.8218413328 26.1928229174 25.2535058325 26.3247044593 26.3230671623 25.4512206897 28.9923958615 25.2804122099 25.4813722217 26.9022307621 25.3669370793 26.2457903067 27.6877772452 52.8165788039 55.1498256436 55.1498256436 55.4265058863 28.2151243074 57.4897489713 26.4165050998 28.4165272149 53.3749789619 56.8447953932 27.4802781525 49.0640568896 69.2723983858 48.7168035293 58.6737358009 79.4284186762 81.0722293222 63.3461061318 43.8712671483 56.4012160877 47.6452109132 48.9674635369 48.9674635369 48.9674635369 27.6133012049 25.4423790241 55.9096972947 55.9096972947 74.8894165837 46.7389037959 46.7389037959
28.1813720902 25.801732355 28.1339352863 25.8671329183 27.6035042552 28.0861739821 60.4264435526 25.5273784502 25.1332191844 26.5067585954 28.7284789763 25.2496073448 25.942602356 25.8568014934 26.4934904236 26.897954869 27.3160873288 26.2341231591 26.5783141404 26.0091879166 28.0640918526 49.1919545276 27.4309220843 25.0900687291 25.6354116163 27.0321295222 26.5345546198 27.89889806 26.6113847394 67.3276461652 25.4204199248 57.4897489713 25.4194109251 25.6940197007 48.4296074541 27.6339013844 26.4825497342 45.8760153708 69.2723983858 69.2723983858 79.4284186762 79.4284186762 79.4284186762 63.3461061318 56.4012160877 56.4012160877 47.6452109132 47.6452109132 57.6612288453 59.5826869281 27.0968072797 26.8087370352 28.7855031655 55.9096972947 74.8894165837 74.8894165837 46.7389037959
25.7646901823 26.9505467162 27.1830464463 27.3437610858 60.4264435526 60.4264435526 60.4264435526 27.9866955918 25.3223343924 27.1113541521 28.9559559405 28.9082782699 27.5961047894 25.6701915432 28.1263991769 27.757284254 27.31594669 26.9868003731 25.1534322103 28.3594258394 25.2624266331 26.1034793102 29.0567211728 26.6353772478 27.7738311833 27.6598695342 27.6770937115 28.8364743626 26.3370051161 28.5937707227 27.3350935452 25.572025555 28.9335066165 40.3259139269 40.3259139269 40.3259139269 25.5836195412 28.6138181372 69.2723983858 69.2723983858 58.6737358009 79.4284186762 63.3461061318 63.3461061318 43.8712671483 56.4012160877 47.6452109132 57.6612288453 57.6612288453 57.6612288453 25.4744258814 51.3644161741 28.5183496494 55.9096972947 26.1909142066 25.5324218485 28.0062290797
61.7312951255 29.1976033428 28.7916082523 26.1923480831 27.8977002801 29.1472708841 60.4264435526 25.4300304887 27.7046366607 27.8773987273 27.3900872655 27.4853564241 26.9907681482 25.0635496605 26.3619843833 27.7337809831 28.7825018119 26.8419993068 28.3977186948 28.7416359896 28.2044688924 26.8896205568 27.0843656458 28.7647488191 27.6095867306 27.619498952 27.1488412184 26.5308885199 28.5513497234 26.7330826741 26.137802666 28.7110607535 25.6328555209 40.3259139269 40.3259139269 40.3259139269 27.7877210302 28.0479754067 25.5348354289 28.4030441296 58.6737358009 27.4657953911 52.8938430306 28.2400310797 26.8959885324 26.7637472348 28.8035881163 27.5745205734 57.6612288453 25.1964996438 25.5836237468 27.49793086 25.6961136252 27.0607798477 26.4461962417 27.7586636052 29.1967301341
61.7312951255 43.1471097134 27.1555502368 26.5407157428 26.7633132446 27.5806356198 28.8987744748 28.8954523705 25.2462592893 26.1555163691 27.2563070322 27.8579261965 25.7775842109 26.1248907168 25.099856204 26.8151495447 26.0178240234 28.6107503837 28.54752074 29.0432161101 25.3754414316 26.5521923653 27.8673268914 60.0854540082 26.8801638775 28.5596687217 25.0836734666 25.7289427272 26.442574723 29.1049303481 26.6239319409 29.2410424259 27.3919946644 47.4924502349 40.3259139269 47.4924502349 25.0555041518 25.4071485893 28.1285988335 26.7744666547 28.9392371114 25.6213036129 26.8498191528 26.760403148 29.2362180282 28.1533879215 28.7947209977 27.6679710091 29.0441207974 28.4649930156 28.3387689726 27.0296537452 25.5810338514 27.9831324542 28.1518111238 27.6580150914 49.2533510267
43.1471097134 43.1471097134 33.4025979701 28.1991346463 28.7466675611 26.9379777586 26.0200874299 28.5110224343 28.0600683795 25.7203022278 26.1521430593 28.9226922373 28.1305573412 28.9426799045 28.3231759847 25.4735006862 27.9458491937 25.2955854362 26.841559316 27.1354003591 27.0030344639 25.2842419895 26.237641128 26.3489790479 26.1886641834 27.7964797204 28.4949300017 25.0681953115 27.6791210837 28.0802151348 28.2461923112 25.9826535581 26.521196323 43.7063163156 43.7063163156 43.7063163156 25.4388306447 27.4194555115 25.2578491424 27.4717369258 27.8726015988 28.9694360952 26.7184229123 28.0225740233 28.1911826524 25.8402452178 27.9368602493 56.2042179016 63.2999365513 63.2999365513 28.1759302158 28.6083978011 28.4521311768 26.6323053596 76.0959095536 25.3746645003 48.6496993035
43.1471097134 43.1471097134 50.7346055371 58.2172429142 43.4515597056 35.6672207761 27.2288664542 28.1887508499 28.8612144915 25.5888220878 27.6479546015 27.1837788011 29.1859920645 28.8129477816 27.2473563644 25.3390473241 26.456083067 26.1452692221 28.4379835043 26.513407921 27.6992469042 27.479851859 27.5046540686 59.1793070092 59.1793070092 25.9830135203 26.1339737201 26.9520135766 26.1329571833 28.553836369 27.0797876091 27.9429107174 26.0077770934 71.0967404483 43.7063163156 43.7063163156 28.5236623249 26.4327737331 28.0964637539 28.9955607686 27.6164309094 27.5138580936 26.8916903048 26.3031990262 28.1093212685 27.6632069535 26.9771091164 63.2999365513 63.2999365513 63.2999365513 52.7563583703 53.8658696374 42.9088349705 42.9088349705 42.9088349705 76.0959095536 54.8824494851
33.4025979701 50.7346055371 50.7346055371 26.064959408 27.0929450716 29.0915554908 27.9627615336 28.8358941688 28.3620339297 25.9954569807 27.4357045659 28.4852531346 28.4421613929 26.2579364137 27.3752502764 28.7918494418 26.0643012728 26.9028492173 27.4907845124 25.7985234596 29.0962076414 26.890262115 59.1793070092 59.1793070092 59.1793070092 26.0539452867 26.1583617653 26.1222097336 25.2150150173 25.2702916113 26.1625522195 27.358951826 25.8841137447 28.9072016257 56.8202761004 56.8202761004 25.5916429361 26.9833482105 25.4046557731 28.1189703977 27.3751493049 28.3641089745 28.3004800015 25.9809598431 27.8908245214 26.3398072665 84.4342705258 29.0958513298 27.7931756402 66.8265123437 52.8900334812 52.8900334812 45.2186951236 42.9088349705 76.0959095536 76.0959095536 27.1868695854
27.0047403711 25.4448043108 28.1117033995 26.148205699 35.6672207761 27.5900315808 26.3470913053 27.0396858822 25.7542165985 26.8463095917 28.9789541242 27.3986824775 25.5375291221 25.29951377 25.9544868826 26.0508761096 26.9699549601 26.3382488885 29.2105282636 28.6683629365 27.0591813483 27.8743205163 25.4204092477 28.785299004 26.7474378365 25.9514183531 26.4968846131 26.214587714 26.6132710407 25.6249444567 29.144975329 25.874933883 27.0873706207 56.8202761004 56.8202761004 56.8202761004 28.3449823425 26.7154864675 28.0443742067 26.3915021338 27.1751470401 25.0484141816 29.0647709756 74.9779878866 61.1920478613 46.9914740854 58.774437332 27.6426692798 27.571514977 26.8426684543 52.8900334812 52.8900334812 48.2978056814 42.9088349705 60.5697907701 28.7019796295 26.3806858284
