Spatial_Output/BAU/BAU_0235.asc
NCOLS 155
NROWS 192
XLLCORNER 196769.923733
YLLCORNER 449719.875193
CELLSIZE 27.603701
NODATA_VALUE NaN
[rows 69 to 91 of 192, columns 53 to 105 of 155]
46.5350466478 46.5257374788 46.7756003774 46.4272233022 46.9770876252 46.2603521416 46.2435799175 71.6649387809 71.6649387809 71.6649387809 46.7602573311 46.8749007427 46.2715842094 46.1343659364 46.8012771511 46.5656710452 46.9255933923 47.2715121559 46.9216861214 46.6792941276 47.2093933057 46.5558671625 72.8596084702 47.3970274923 46.4056121755 85.8760335437 67.0874148975 67.0874148975 60.0196172979 60.0196172979 47.0170245395 46.4680860134 59.6654230727 55.8216435311 55.8216435311 55.8216435311 52.6294966404 70.0615873183 47.1853301132 63.0895174248 56.1761519927 46.5141873243 46.4244782875 69.9225885023 46.8030328003 73.85872853 46.6988367557 46.6542160883 46.6469521603 47.1526012034 47.3576413438 46.6935170688 46.8315620021
46.0376335682 47.1556847216 46.4894506664 46.6631754366 47.1994593836 46.6119673637 71.6649387809 71.6649387809 71.6649387809 46.6241020535 46.5955324492 46.0394596473 47.148985396 47.3277857899 46.8730476918 47.310767722 47.0363750816 47.3441968801 47.1659102257 46.6383079218 47.2608721278 47.3441671787 72.8596084702 46.2755792606 46.6812452249 85.8760335437 85.8760335437 67.0874148975 60.0196172979 60.0196172979 64.5495162672 59.6654230727 59.6654230727 59.6654230727 46.8008728651 63.4191168195 52.6294966404 46.161996663 46.8563193888 46.47452925 47.2796605134 46.3688824966 46.8053890409 69.9225885023 73.85872853 73.85872853 69.1761921936 46.2522654139 46.1938367022 47.0691929226 46.4165737597 46.1549934278 46.4701346934
47.2459244737 46.5792165808 46.3105203318 46.2244867936 46.7093416372 46.7440706826 47.3393143473 46.6987873771 71.6649387809 71.3650856005 47.0654199495 46.8053231371 47.3695912034 46.1490074396 46.828432239 46.1370138425 46.191913636 46.8858399691 46.6953201018 47.2540745894 46.9036477696 46.289767776 47.3215472931 47.1181513823 47.4056472661 46.4026061943 46.1385519892 47.168519411 46.4987423547 46.4432772861 46.7902022297 46.5580977653 59.6654230727 63.4273378534 67.105640552 46.8047454446 46.2150753216 46.493344759 47.2305212661 46.8686883368 46.4695171351 46.1466746446 47.3819593408 46.6604392118 73.85872853 69.1761921936 69.1761921936 69.1761921936 46.640131401 69.6436983885 46.9440151782 46.0162528712 46.9385223213
47.3488927968 47.2092533282 46.9017582353 46.2538828803 46.3537096816 47.2700177805 46.2109156789 46.8310480765 46.5207487268 47.1710193799 47.2186663286 47.2811124487 47.3101955229 47.1742289582 46.9162201537 46.5967483924 47.0418391292 47.1816472224 46.6399792439 46.3184114031 46.7954400735 46.216278099 46.3999610265 46.4054064145 46.6251667371 46.0986515685 47.1594415501 46.1745705274 46.9290565732 46.8781665389 46.0752254545 71.8540998657 63.4273378534 63.4273378534 63.4273378534 47.1950210648 46.8711286032 47.1548725313 46.842155655 47.2624902308 46.8716144064 47.1552449218 47.3015618327 47.066605687 47.0342891634 69.1761921936 46.3216617837 73.6956011997 69.6436983885 69.6436983885 47.1964861236 46.5500398603 46.7563652956
46.3292387935 46.816297734 47.268415764 46.4813502819 46.5411440323 46.3963051651 47.3279319495 46.5536985419 71.4428658833 47.0139360284 46.9695603907 46.4756352377 46.176677749 46.269457174 46.8746663854 47.0504216703 47.0833193455 47.110294421 46.0335013393 47.0434914071 46.2303022864 47.3517783457 46.6884056786 46.0510788248 46.2573763199 47.3620624069 46.6399587951 46.6722354671 46.9783325687 46.6107989556 47.2677535194 46.673556188 60.8649854946 60.8649854946 60.8649854946 47.3525350344 47.3523371423 46.024991162 46.6468339194 46.9725720289 46.4468154391 47.2152519213 47.1951450589 46.4463894775 46.4838755701 46.4884402026 46.1558230257 46.1637889316 69.6436983885 69.6436983885 46.2939019661 46.8521610227 46.8243445291
46.1220855447 46.048110069 47.2610227961 46.3296120772 46.5201313874 47.0673496133 46.1625172156 47.0676244535 82.2293102739 82.2293102739 82.2293102739 46.858119114 46.5495097638 46.3105437298 46.7506463944 46.2940629242 47.2846296837 47.0295695202 46.960225275 46.4555716698 46.900099816 46.0441972616 46.7858926273 46.0346338336 46.4081908599 46.2564162472 47.2057843804 47.0131788681 46.8333492161 47.3290664166 46.4468521081 46.4995287365 60.8649854946 75.9437394002 82.4188445774 47.0449136082 46.6996214846 46.770758823 46.4390755735 46.8314962957 46.948133598 46.686403098 46.6295961661 46.3128283388 46.7961940948 46.5333414625 47.1254948825 46.9528956682 47.0109857675 46.5335563126 46.2695726144 47.2251975732 46.8341416652
46.4911049193 46.72318492 46.9140512215 46.2637229839 56.2257050786 55.7042979947 55.7042979947 46.1641175784 82.2293102739 82.2293102739 82.2293102739 47.1267158606 56.9619262803 47.3824378147 46.288533083 47.3852156644 46.8103525024 47.4086640626 46.5977899531 46.2388857822 47.3950083404 46.7441281039 46.2954816676 47.3239974362 46.5215250791 46.9188764217 46.4320277422 46.7857376115 46.5283578287 46.6523310177 46.5664231995 46.7898130023 75.9437394002 56.0356612116 56.0356612116 47.0630879895 46.2658574664 46.3027524179 47.0976030598 46.4099842966 47.0544505712 47.0285357865 46.8094644833 46.7303329835 46.0205509296 46.4656388006 47.0046234151 46.4956783704 46.2883874754 46.5721992409 46.2832818127 46.4486840135 46.4602014379
46.1836371192 47.3954648755 88.5871853195 56.2257050786 56.2257050786 55.7042979947 55.7042979947 47.2384053674 46.014924872 46.4683491985 46.8217471916 56.9619262803 46.6607669782 47.3991091868 46.153214708 46.2831021754 46.8495495414 47.1315318882 46.3999044715 46.3492545704 47.1425309781 46.2574522134 46.8785198144 46.5522781533 46.2763752237 47.1079144996 47.2767150619 47.1736152026 46.218934237 46.8475313215 47.1303214641 46.1494732524 56.0356612116 56.0356612116 56.0356612116 47.0436278133 46.9244614918 46.939560908 47.2282501924 46.2422484925 46.955092361 46.9141388677 46.1240907611 46.9735964129 47.1506828226 46.7772403624 46.7462345012 46.3757840593 46.4737369833 46.162928284 46.7645964101 47.3977699832 47.0904046164
46.2781768495 47.3694445648 46.8510237265 46.8139014197 46.8774305963 46.1896867014 55.7042979947 46.3147668183 74.7410655622 74.7410655622 46.4375134729 46.2683424289 46.888034635 46.1046078387 46.6202865023 46.5380706733 46.2621969568 47.2247862812 46.6908483263 46.4465731667 46.0907925935 46.7952840431 69.5244359154 46.2546752851 46.3307872516 46.9985812436 47.0503225808 46.1411560113 47.3278855225 46.9919397276 46.7395580134 47.2211038493 46.0628585806 46.7850051149 46.5263421185 57.5977925661 47.1552079468 46.4207150917 46.156478719 46.6272455222 47.3504076115 46.2159616167 46.3384819654 46.3794520554 47.2242012969 47.408754901 46.3492384553 46.1980153206 47.3941500631 46.6205256796 46.7148091821 46.3544630772 47.2544037873
46.8420421001 46.9699265917 46.2040604219 46.9522666714 46.0019349563 46.2314545986 46.3162796033 46.0447969635 74.7410655622 74.7410655622 47.2768776218 47.0092182186 46.7685435625 46.0190613446 46.3342234987 47.0599620814 46.3806809503 46.0215410609 46.0140628863 46.4905241734 74.5842406898 74.5842406898 74.5842406898 46.8080091939 46.971836222 47.308728431 47.0733798595 46.6897497898 47.3649785115 46.5034416466 46.3830484737 46.5154275088 46.056869051 46.8279877751 47.1052017583 47.0035131106 46.3587944599 46.0039829645 46.7860457035 46.3282911355 46.7975555085 47.0316256363 47.2575138691 46.9972598737 46.1296683228 46.5762331243 46.9575194735 46.3889066963 46.9501553428 46.4951277226 46.6387278237 46.2461770475 46.2131072404
46.8511340112 46.4065383187 46.5465793999 46.3216196274 47.2676449671 46.115734367 46.9951369459 46.6272306697 46.6757731919 46.6219172135 74.8925694479 46.4800714988 47.1380980309 47.298502032 47.2491410312 47.0590262952 46.6761235511 47.1747702534 46.5197170197 46.2960287487 46.5926154384 74.5842406898 62.6546480115 62.6546480115 46.118110264 47.262017231 47.0992633814 46.9878355974 47.2351008036 47.3337385962 46.1587602713 46.5092178815 46.624205336 46.3124012088 60.5289747227 60.5289747227 46.2737790261 47.3049836553 46.7006612166 47.3434812555 46.2300764534 46.1667571404 46.834868344 47.1106975017 47.0269349285 46.4548402848 46.2611720602 47.0865963669 46.9692192107 46.314505233 46.8920817205 46.1414014167 46.1612332602
46.3865424908 47.1619583039 46.430122041 46.7901849698 46.3228421007 46.8640691364 46.6689741544 46.0197434297 46.1810081757 46.8181038422 46.6210742181 46.3357393194 47.3681237093 47.0746528639 46.5961701258 46.1357134566 47.3154122725 46.8500349891 46.6183197606 47.0360232132 62.6546480115 62.6546480115 80.6680529992 46.8068466969 47.276684701 46.2725134099 46.4584906811 47.1853890854 47.3836748774 46.1023379631 46.988327373 46.1555245075 46.1802693778 60.5289747227 60.5289747227 60.5289747227 46.9598444413 47.3680117389 46.1219969415 46.8174540192 46.3497230101 47.2469312166 46.8278519382 46.9815674952 46.6676122305 47.0167482192 46.0480633677 47.2251204095 47.0454323226 46.9658347314 46.0196911719 46.6214332245 46.2832379856
46.9257977188 46.6235818998 46.9588372002 46.8379080614 47.1220648011 46.2172905686 47.1488566619 46.6536681567 46.7294249652 46.436481356 47.0383719754 47.217253902 46.3799058447 47.4105328115 46.0864789669 46.7255058601 46.9432482626 47.1286611293 46.924392168 46.0756658246 46.7766323674 46.0665568401 80.6680529992 80.6680529992 80.6680529992 46.1902417475 47.3485977632 47.1954265656 46.2458697886 46.6454229482 46.779266981 46.7569250595 46.7520402244 71.9730369063 46.5561015 46.8831704831 46.2307818344 47.1633103731 46.8377387945 47.0323316188 47.0617438453 47.0026723041 46.2940464578 47.1268844856 47.1226951262 46.9789315881 46.9128230246 46.7309464777 46.4331024135 47.3199563341 46.7132700867 46.7595951716 46.7194576154
46.123247278 46.5581799359 46.3125430027 46.2054635091 46.56093548 47.4106130404 47.2457813939 47.4013800721 47.3180494414 47.0481350618 46.9431840049 47.0157734021 46.6864337904 46.5990487118 46.9489909416 47.3909090566 47.1873014926 47.2780625088 46.6051930092 46.6754314177 47.2921446167 80.6680529992 80.6680529992 80.6680529992 46.7307992592 46.8511283926 46.3839636824 46.0959351116 47.2198883814 46.2596478196 46.8732043472 46.2789148353 47.0159259894 46.5228006221 72.8598777306 46.5918151621 47.3771963782 47.3856273938 46.1129322998 47.2533099872 46.5135331434 47.0778238206 47.1662073459 46.9744517562 46.3233655509 46.3937372002 47.3122070552 46.7327522943 47.111342761 47.0528342065 46.1782758285 47.3332078552 46.5891660936
46.9374443325 46.8052041943 46.1922198206 46.4359667463 47.3992888434 46.3905610837 46.6691247601 46.46872575 46.0040056384 46.0833470758 46.7092856827 46.9338176855 46.7922516192 46.9799615689 46.4937895751 46.4006379542 47.2143705363 46.1005804294 46.5367293381 46.1101692611 47.2465191435 47.2969050953 46.3411680835 46.0158441925 46.4931516196 46.0284034259 47.3352335942 46.7659838522 47.2506913189 47.1316850183 47.0921342159 46.4354885647 46.8128290446 46.712910338 47.3368481221 46.1407351086 46.4382575117 46.3050359371 47.0018412081 46.3969827563 46.1573569103 47.2751445275 47.3083533918 46.8586586971 46.221352532 47.1002883979 46.9570989837 46.0186515901 46.2143579181 47.2838024248 46.4652907409 47.020343076 46.9205415542
46.6257462544 46.7161334126 46.1401822096 46.2638920054 46.1384895254 46.8356240272 46.9177245783 47.259071856 46.9228052706 47.1727204348 46.6126472003 47.3896840054 46.8841613325 47.3541671729 46.0077766755 47.1672913853 47.2797641693 46.6736127678 46.3096858798 46.1854179578 46.1058875877 46.4816036213 46.4470448122 46.1250426951 47.1866194207 46.6131558073 46.7636688206 46.4993613361 47.093723211 46.9637014561 47.0516580959 46.9170844757 46.4779627381 46.3392929358 46.7515712375 46.5897671228 46.4178259358 46.3688017213 46.7667780232 46.9647739605 47.0009022735 47.1670911113 46.9391397094 46.9122215055 46.3950417784 46.0010947573 46.0880773964 46.545449753 46.0693159611 47.0180262857 46.8171368147 46.4244420769 46.7796564941
46.1934689717 46.4984786528 46.6805496265 46.9369289732 46.2549122474 46.5745964309 46.1176872404 46.2438542078 46.4443054449 46.8228656801 47.0731697304 47.186462573 46.4202696973 46.1584058811 47.104732334 46.3236554461 46.5150739603 46.8426549505 47.1865661476 46.0253479596 46.4292982065 47.1869218005 47.4130325997 47.0708604924 47.1552398627 46.0318859546 47.3037416504 46.6498666655 46.5213391824 46.437507554 46.0734490041 46.5566599592 46.0104219579 46.539254339 47.2976497258 46.8875255399 47.11110916 46.6705151687 46.901032485 47.0629057618 47.0695809559 46.8331455237 46.6729907297 46.4233152176 46.1811074046 46.4573297792 46.5918819594 47.2076742826 46.341472164 46.6712281918 46.5343891468 47.2756564976 46.1237168972
46.22888058 47.1286304148 47.2573080257 46.3445723704 46.5523274895 46.1977723425 47.3526986893 46.3695989863 46.3082545462 47.3629801703 46.9176568627 47.0252746176 46.0382103365 46.0678456495 46.5019019806 46.6276358902 47.238234884 46.310097638 46.6959216893 47.0001276491 46.5745087328 46.8834940934 46.051165161 46.0351308603 47.1938292853 47.3623778391 46.8384863393 46.8171251223 46.1683195214 47.061992661 46.1566885325 46.88272287 47.3620343183 46.8605342258 46.6040394133 46.2038439704 46.8878344546 47.1014186187 46.6819163511 46.2215388885 46.6953815007 46.0272073051 47.3944531937 46.8747725655 46.3726609426 46.3847084802 46.8255743385 46.9849149991 46.4423975165 46.7226969744 46.1364517938 46.3355842119 46.5101828859
46.4705170502 46.2660547869 46.1289594502 46.1696925967 46.5433425253 47.1778579132 47.1113647968 46.6182097247 47.0790153853 47.1427953495 47.0825979178 47.3338279256 46.5526608657 46.0695606108 46.6571234757 46.5938617629 46.2956840608 46.6173626659 46.3827238926 46.2974415601 46.2068216647 46.8425742557 47.2915344239 62.9707382146 47.2661839621 47.2602791697 46.4501424896 47.4097989701 73.5199297284 46.0684249981 47.2435498241 46.5593715775 47.0731105237 46.0536917069 47.1230030023 46.9488673968 46.0239921488 46.2515152646 46.600856901 46.6366866554 46.542662141 47.100946479 47.0177747256 46.3053450872 46.7971588825 46.1499274218 46.0714470842 47.0556189843 47.1894309785 46.4673692214 46.556053163 46.0279454864 47.073864652
46.2080948404 47.0519709639 47.2904687508 46.2368376125 46.4452027143 46.3514249066 46.6320578665 46.5160779233 47.1154086896 46.4125100174 64.3464858749 47.1033242873 46.4581179617 46.6929006292 46.2694664632 46.7955075201 46.4384801141 46.864744726 46.111521445 46.565531271 46.3276606973 47.3273497871 47.1018645433 47.1068618606 46.5602000429 46.0534589407 46.9839212874 46.6935484842 73.5199297284 73.5199297284 46.1250885039 63.2381747392 46.3732448095 46.5191229477 46.2292568585 46.1836810709 46.5929901956 47.2763181714 46.0733099098 46.988687141 46.3674972671 46.1443504431 46.5174441758 47.3219658403 46.9814989369 46.993908792 46.5765900873 46.4025942359 46.921693392 47.1458328302 47.3102651254 47.1179134678 46.950995582
46.4402362993 47.2487637975 47.1172729784 46.0260777245 47.3752512591 46.4145656083 46.841536372 47.1154319505 73.2321553119 72.3866750587 73.2321553119 47.1940877698 46.0827677705 46.325234555 47.3183764102 47.2108071943 47.0464910369 46.9920681231 46.8372301005 46.9895917642 47.3048712629 46.2775815417 46.8343291564 46.4842946945 46.0294639398 72.6003137255 46.1847307715 46.4630868825 73.5199297284 73.5199297284 47.3371374884 46.7270869476 46.4735461192 47.0317566159 46.3860043539 46.430718671 47.0084625637 46.5007044943 46.5297246526 46.836545593 46.9255449003 46.6451622884 47.0856832803 47.1616363759 46.9346151373 46.9469464163 46.4276709599 46.5467736829 46.6223993833 46.7550660952 46.1056782841 47.1122427745 46.9914323479
46.5928610483 46.9458703289 46.7264802976 46.3023158957 46.2634539277 46.9043310822 47.3633619833 46.1482770697 46.1092870032 72.3866750587 72.3866750587 47.0440556955 47.0057278034 46.7685867926 46.4204562852 46.0513501555 46.3295517303 46.1264584111 46.9823704264 46.7780891862 47.1170300846 46.1208828664 47.3163326103 46.1827580707 46.8347877166 46.0944062793 47.1082060697 46.9525618717 73.5199297284 47.0726295565 63.2381747392 46.6242302104 46.3109327283 47.1714858716 46.3974249504 46.5185976775 47.1047146518 47.2094661027 47.3819334777 46.6229921732 46.5219765094 46.4877413104 47.1111178664 46.8093586026 46.9386718022 46.1102874056 46.2340638664 46.567392521 46.8784569898 47.2912956556 46.5519753958 46.1697142771 46.870635845
46.0580091749 46.1408129014 46.9843639436 46.2929129839 47.2618518302 47.0373555149 47.3632210636 47.3264045441 72.3866750587 72.3866750587 72.3866750587 46.1945643784 46.3871340905 47.1068449019 47.0026367645 46.8393668182 46.5873977201 46.4751673359 46.4141922241 47.2945943899 46.5390853089 46.5711509904 46.0328301562 47.0502136504 46.6846053966 46.8650322553 46.006363879 46.6171702828 46.65536142 47.141685576 46.0158199614 46.214693722 46.0399077278 47.0448648406 46.4807210453 46.5491373747 46.3522880533 46.7659633363 46.6962638398 46.87162021 46.0675534528 46.8808007224 46.1384128026 47.3703002964 46.9115654389 46.9459239475 46.2234460701 46.2522975189 46.1718084735 47.2934008386 46.0947032549 46.350045097 46.7282674953
