Spatial_Output/BAU/BAU_0762.asc
NCOLS 155
NROWS 192
XLLCORNER 196307.867259
YLLCORNER 449144.565805
CELLSIZE 33.573938
NODATA_VALUE NaN
[rows 100 to 124 of 192, columns 57 to 113 of 155]
26.7466047454 23.1412934822 26.8199406383 24.6834151292 24.5003986389 24.2007072803 46.9522261107 26.999511561 26.6148911669 24.8001868676 24.0684092619 23.5633105256 26.8979188197 26.5001389671 24.3221911141 26.4607039471 26.7101503263 26.093095229 25.1169804667 49.8193377056 49.8193377056 49.8193377056 24.1867801485 24.7248444405 25.7435874866 25.819009855 24.0963925153 24.267075942 26.2788531857 26.5163346273 24.1807681243 24.7730444174 24.3652412432 25.9451733932 27.2059968447 25.8853314535 26.3074830839 26.6792788488 26.4954721678 23.2470137373 26.9175318819 26.2102710219 24.1211204695 24.4379128877 23.9608023108 27.1647699323 50.6854626601 50.6854626601 23.1834415647 24.7175705202 24.2687059938 50.4213143264 26.3457052208 53.2993361016 25.0087951923 39.5133248804 39.5133248804
24.6381315009 25.3076088513 23.4549014951 27.0559712989 26.0541734886 25.5944178409 49.4002653984 57.2766231767 25.4415509657 23.4786957715 24.9567700507 24.4029741216 26.8113686626 23.4518611559 26.7936062653 25.0883059589 26.4448013317 24.6377060243 23.4921567093 26.3535174261 49.8193377056 24.5495269003 27.1498463892 24.8001949113 26.3047287284 26.177095966 24.5323272961 25.2945970444 23.2292390925 23.47854116 26.5105757361 23.3723784809 24.5926889697 23.2150419598 25.5314100494 24.3740524172 26.089624803 24.2039355936 27.2317341916 25.2210105342 23.4154382312 24.025497523 24.5584167722 24.5164806889 23.1393451096 25.2746801218 58.7575482674 59.7021212326 46.3087995303 46.3087995303 51.2035770535 51.2035770535 53.2993361016 53.2993361016 26.9596126905 39.5133248804 39.5133248804
23.904961007 25.6727749499 23.1289459994 26.9242223664 26.7890707364 23.5160249609 57.2766231767 57.2766231767 57.3404101448 57.3404101448 54.2003353346 54.2003353346 65.3992499196 26.00746225 24.5295466366 24.9056121167 25.138686345 26.1023690405 25.685634279 23.9012057931 24.3179628142 23.1522317605 23.2147425272 26.7068723921 23.1003059582 25.4780113529 26.7105630706 26.7453080365 26.8428976968 25.8752902639 24.0128588983 26.0955487313 58.4552828881 58.4552828881 24.6012509941 24.9031893282 23.6111391133 26.657970148 25.3780359348 23.9466422928 44.1333231643 24.0941656127 23.5660017796 45.0779368204 46.9858898803 46.0663581865 73.8705317274 63.7599086837 63.7599086837 46.3087995303 46.3087995303 51.2035770535 53.4202797293 53.2993361016 26.503633377 23.2435907741 39.5133248804
26.0897254146 23.291235557 23.5910046383 26.7495444625 24.4701065461 25.5086616782 57.2766231767 57.2766231767 50.6240156605 57.3404101448 54.2003353346 54.2003353346 26.5686435908 24.2099415857 25.9965742841 24.9336396524 25.3865196673 26.9556247738 25.9252327878 24.29079078 26.7482357567 23.6223525976 23.9232888881 23.4551912046 24.6465110223 24.3282569255 23.877851904 23.3689502216 23.3098297942 48.9830066575 42.2998386832 58.4552828881 58.4552828881 58.4552828881 43.5265262791 43.5265262791 25.3745173515 23.9844042171 25.0459491443 23.4038650479 25.7749346142 23.6177110725 46.8991164522 45.0779368204 46.0663581865 46.0663581865 63.7599086837 63.7599086837 59.7021212326 46.3087995303 49.8162137975 51.2035770535 26.9083405779 24.5976969861 26.0558210909 23.722192556 25.0270153633
25.1094601263 27.1908491505 25.7931822322 24.4079919676 27.2129398662 27.1300308975 45.7543458167 45.7543458167 45.7543458167 66.2494576085 54.2003353346 24.4070538406 24.0801104131 23.6623234967 25.0521956986 25.0873512229 24.3711854173 27.1569567381 25.7931266788 26.6620818144 23.2290484946 24.453320487 25.6340449568 23.0526764107 23.5364672078 24.2392522759 26.8530365894 23.5835403096 25.8466014526 43.0243393451 43.0243393451 57.8120076757 57.8120076757 60.0374759405 43.5265262791 43.5265262791 24.016067618 26.7602001969 26.1756638638 23.4559604032 44.1333231643 25.0033006359 25.9396721613 45.0779368204 46.9858898803 46.0663581865 24.1705891395 49.6710107456 39.7656219127 25.8315819325 24.1433625675 26.9306252953 24.8351301839 26.8910831529 27.1068251262 24.5456583343 24.8285284906
25.0921379439 25.3232820731 23.978561302 26.0421164185 26.8148506021 24.5198311172 76.8533366281 45.7543458167 76.8533366281 25.0869811535 25.4273831711 24.7972395179 25.7693524067 23.1729182772 25.8577718134 23.2086820624 23.8300811176 26.3163210868 25.7346538507 24.8020759273 25.8046370465 26.6966601345 25.1972273221 25.3995980465 43.3756068677 43.3756068677 43.3756068677 24.3378964352 24.4343351799 43.0243393451 43.0243393451 42.2998386832 57.8120076757 56.6091042027 60.0374759405 43.5265262791 25.1316780666 25.9352692357 24.7774959832 26.9611158515 26.5819551348 24.4758062784 23.290456553 24.2539486766 25.0529582258 26.8272648365 47.8178411303 49.6710107456 49.6710107456 26.4313698336 26.8532520659 26.8336596445 23.1111342254 24.545471106 25.1690417989 27.082970401 24.3560274271
26.6550200912 24.343893682 23.8005757929 25.2921593618 24.6315326266 26.317606585 76.8533366281 64.7591303578 76.8533366281 23.3283257778 26.0377132105 26.2621330736 24.2341444755 25.822160023 23.4529372186 24.3237967432 25.1442881859 26.1121170369 23.9414985906 24.0562342498 37.1871087438 37.1871087438 23.4976741041 24.7399040306 42.9332907232 42.9332907232 42.9332907232 26.1286629996 23.4693005486 50.0909663221 23.6873381477 26.6899004035 56.6091042027 57.9312749308 56.6091042027 27.0827965161 24.184534417 23.8234595701 25.4689401485 24.1698301519 24.255955183 27.2373574519 25.7888997206 25.4552413968 26.7041861003 25.9268016605 49.6710107456 49.6710107456 49.6710107456 23.1992527675 24.3024037329 27.076797063 26.6249779351 26.1981090253 26.4107813979 23.1239340964 26.2202659811
25.240960849 24.1743806765 27.0915386758 27.2302058636 24.2990085208 23.5037395404 64.7591303578 64.7591303578 64.7591303578 23.0816860689 25.384387441 25.3079977893 26.5948856386 25.4524106919 25.7408791192 27.1515763308 26.1797528624 24.1877493658 24.597678567 26.9343985151 37.1871087438 25.0913029702 24.450695388 24.2682986122 24.6599834483 49.0966939118 49.0966939118 24.6952747937 24.5312224591 23.6055105321 25.933982605 24.3824156435 57.9312749308 57.9312749308 57.9312749308 26.8475724724 25.0697819662 24.1719635739 24.488736612 23.3360191442 25.3089069923 24.6820696317 23.6848683613 25.423403612 25.0126140825 25.2067751749 24.6244565938 49.0115494028 49.0115494028 27.0984293767 26.7007079818 23.4823780974 25.8234439132 25.6349079286 24.412613734 23.308155584 23.3258676347
26.8151100624 25.014549122 23.777244164 23.5096920362 25.2202197208 23.0746770531 46.9553010795 64.7591303578 46.9553010795 26.9095970468 24.9367292266 23.3594654341 25.1464753936 25.522477402 25.4737484953 26.8910926795 25.9995391017 25.1237266493 23.2006677913 23.4040337055 24.90459707 27.0709133799 25.6154574474 24.2784432187 49.0966939118 49.0966939118 49.0966939118 23.03709717 27.0991852903 26.5887223315 23.2440640978 25.0749166714 25.7712083074 57.9312749308 23.100668255 24.4218038979 24.4231270163 26.8441825456 24.0111302211 27.0033236549 24.9747156744 23.7628273201 52.5615814446 60.0515191654 27.1323341067 26.1422356371 58.9287537356 58.9287537356 58.9287537356 58.9287537356 24.6943982744 42.7295169098 42.7295169098 62.9122010173 24.4307797543 55.0077621288 51.464986894
25.0195505464 25.0026709679 23.4521245786 26.5073489735 23.1449616873 24.1779509543 23.9287471546 25.1183163269 24.7347331551 26.8159228983 24.3465862023 24.7552462786 26.6824866589 24.8345103937 26.7674753355 23.5760721109 23.1258867199 26.9866718195 25.0174879027 25.5321657026 47.9760196091 23.5480962814 26.8696090892 24.2289200145 51.1722234241 46.2372971506 23.3610070799 24.6665333721 39.3121371682 23.982723304 67.6074138434 47.7700099573 55.3223157607 64.5501293193 64.5501293193 25.353542842 75.1958671344 58.7763732141 58.7763732141 39.1263331582 51.9884992665 51.9884992665 58.4752932518 60.0515191654 60.0515191654 42.6776288804 42.6776288804 58.9287537356 48.4311183018 23.6841075934 23.8721244574 42.7295169098 42.7295169098 55.4238111954 55.0077621288 55.0077621288 51.464986894
44.840786963 43.1843626864 60.2775520982 23.670570548 26.0769450357 26.1175865902 24.0827267823 55.2435222054 23.568609369 27.1626361772 55.6396741228 47.0825488895 74.7034066017 47.2004305353 47.0268032628 24.7803033099 49.5083643253 53.8046360585 26.3455962508 26.8242791198 24.5625239586 26.1716628328 54.5857468263 60.8696123133 69.9237544188 56.6013549212 56.6013549212 63.8761388887 40.0337725203 67.6074138434 47.7700099573 47.7700099573 64.5501293193 64.5501293193 64.5501293193 45.3529324731 58.7763732141 58.7763732141 58.7763732141 39.1263331582 51.9884992665 51.9884992665 45.9235099594 60.0515191654 60.0515191654 42.6776288804 42.6776288804 48.4311183018 48.4311183018 48.4311183018 25.562340654 42.7295169098 42.7295169098 62.9122010173 55.4238111954 46.464266464 51.464986894
43.1843626864 24.1559832756 44.6562950411 44.6562950411 23.4111427132 23.4453692033 45.9067723795 45.9067723795 55.2435222054 24.6383682126 48.4615454652 48.4615454652 74.7034066017 47.0268032628 47.0268032628 49.5083643253 49.5083643253 24.7649189498 53.8046360585 25.5065577055 25.6911626276 44.5385703261 54.5857468263 54.5857468263 69.9237544188 56.6013549212 56.6013549212 51.7146549607 40.0337725203 67.6074138434 47.7700099573 47.7700099573 24.6106759699 64.5501293193 23.001502451 26.1146041298 75.1958671344 58.7763732141 58.7763732141 39.1263331582 41.3679783222 45.9235099594 52.5615814446 60.0515191654 23.3690510301 23.8786076593 47.3882838691 58.0919317083 48.4311183018 58.0919317083 23.8371054661 23.280463264 24.7717408473 25.1331115007 26.8822358105 25.0100200086 26.0614081561
26.6623451631 43.1843626864 44.6562950411 44.6562950411 23.5949633413 24.1151396318 45.9067723795 23.3490519579 24.3827877083 25.1860875335 48.4615454652 48.4615454652 74.7034066017 47.0268032628 47.0268032628 25.198090706 49.5083643253 26.9331323647 26.3750875439 71.1651923329 71.1651923329 71.1651923329 54.5857468263 81.2773981049 48.5503371292 56.6013549212 47.4719849631 47.4719849631 39.3121371682 40.0337725203 67.6074138434 47.7700099573 23.3244628641 47.4853351388 46.7352517149 27.0010554447 24.5162036243 27.0250056044 26.5024261379 25.9754390965 23.3922533505 26.5926904878 26.9249016438 26.1872275832 24.2260635255 24.4378859524 26.3140382502 58.0919317083 58.0919317083 61.4919638992 24.6219425134 26.9718437059 23.276194132 26.1007816578 24.5180066411 23.411975644 25.0747602348
24.2896793516 23.7037219149 60.2775520982 24.6833311308 23.0010958496 26.0367106464 23.3047093343 26.6847002184 27.1105480811 24.6113416527 25.6452805122 25.7375146889 23.6387045572 25.1670217991 25.1582304797 26.7649364033 26.6230189419 23.4085501018 27.2142530135 37.760158529 71.1651923329 37.760158529 25.6154014063 23.8417605781 24.4853718504 33.9877559493 33.9877559493 58.8319077786 24.2764151952 23.9520138104 24.1404421653 25.6403130002 46.7352517149 37.2120681095 37.2120681095 27.2230529274 24.4176908546 26.677242964 23.6689115923 23.3395219769 26.3495373145 25.053715116 25.369848397 26.4413442483 25.6378960718 26.3916439366 25.9535694011 58.3014258676 58.3014258676 58.3014258676 25.0198379129 25.7394325379 24.6258435995 24.4694779542 24.4189500442 25.8528326577 25.660730469
26.9043317805 24.5640150423 25.735270085 26.7455218777 25.0670756337 24.8296088236 34.0485948338 34.0485948338 25.8974602549 26.2534951999 25.0574764454 26.9385169474 24.071309135 23.5767406995 24.6272963129 24.0465467583 26.6897200679 26.2231763797 27.0041682051 24.5260512937 37.760158529 25.1012838805 25.1394840845 23.2467600331 57.4955522428 55.2872521045 48.5429192313 55.2872521045 24.7948167253 27.229492316 23.951073723 25.6449161603 59.2592878131 59.2592878131 59.2592878131 55.0242079975 24.703779192 26.5908318502 23.5625320303 24.9583246124 25.4276668875 25.4753733329 24.409323874 24.5561118352 26.0593489461 24.9521912941 24.3859863979 58.3014258676 58.3014258676 53.6931652901 23.222168525 25.1803355489 24.5932787124 27.0838575146 24.9250608883 26.655348954 26.6805303267
23.0679612531 24.7133062917 24.0851380659 25.8318349844 26.3296477072 65.2258281024 34.0485948338 34.0485948338 25.6018298445 24.9116967947 23.9547744872 24.3662900909 24.4684509178 23.9897386192 23.1459393018 26.2456681004 23.7698390273 23.764814173 27.1097125165 50.3913600708 50.3913600708 50.3913600708 25.7503605102 57.9847386533 57.4955522428 48.5429192313 48.5429192313 48.5429192313 23.2235186756 25.7193560767 48.2705924358 26.6438653238 27.0278361682 59.2592878131 59.2592878131 25.4392798961 23.2763772237 24.83212996 25.0383676028 26.8112914522 26.270335847 27.1652461031 24.5373096783 26.4471272886 24.2805808088 26.6038778225 27.0969656365 53.0248067696 53.6931652901 60.2316812276 24.2521506671 23.1851405353 23.4938492882 23.0721398772 49.8599613025 24.6034875829 23.9250767128
23.2794830678 25.8818330854 23.2787968003 24.2044797405 24.6788393002 26.1893640611 25.6170643476 25.9922492686 23.1478776928 23.7952312823 25.7773725183 26.1646538969 24.1426839778 24.1315463844 23.8794539901 25.5799928189 23.0322856473 23.7035018787 23.4318460542 45.6280423383 24.8274048554 44.4696619313 26.4715066452 57.4955522428 57.4955522428 48.5429192313 48.5429192313 58.3760992175 24.4744135421 48.2705924358 48.2705924358 59.7957948321 23.6902116473 74.1567082836 58.9408017895 40.7633728673 24.4613675542 24.9955470789 26.5955099652 23.4607024242 24.8099240353 26.3021875774 23.8381770525 60.6959177275 25.7176378697 52.1600168271 49.9314398344 53.3594390209 53.3594390209 53.60591858 48.694244447 49.5971063243 49.5971063243 49.8599613025 49.8599613025 23.0593521565 26.919324762
61.3917075925 68.187850034 44.0634418518 26.9454458189 24.3975038793 25.1984570052 26.0673693719 23.2389931283 23.0996235144 23.8472629675 25.4295469138 23.4548509205 24.5435691891 25.1982989175 24.9191433088 27.0954731018 25.7482496855 24.3982905864 25.3615942926 52.4219329473 56.3542812828 56.3542812828 26.7756369899 27.1166445626 42.5946287145 23.2499112544 58.3760992175 26.1225362297 47.967412033 48.2705924358 48.2705924358 59.7957948321 23.4411375187 58.9408017895 58.9408017895 58.9408017895 26.7946787424 26.6210013754 25.5114631127 25.8131903471 25.2981316999 23.4061942863 26.3593458987 60.6959177275 60.6959177275 49.9314398344 49.9314398344 52.1600168271 56.1157301218 56.1157301218 48.694244447 26.6629424329 24.9461227905 49.8599613025 49.8599613025 23.1878608878 23.4432871256
45.3672597541 44.0634418518 44.0634418518 24.7167945719 26.9665817328 24.6937545005 24.82476442 44.318174932 25.4377238724 23.9463742112 24.6464408972 24.669297562 24.1780588339 23.2949886039 23.9403921729 26.9270717735 25.3608157496 24.1500481533 27.1953454839 56.3542812828 56.3542812828 56.3542812828 68.3714714219 23.5292373906 26.9061960612 24.2144710526 27.1940537423 24.5286145054 25.9278467967 24.5486758446 26.7178019053 23.5483238191 66.0796974033 39.077824852 70.6764984635 39.077824852 24.9934888838 24.473909002 23.4372691328 24.3425005187 25.9060115331 26.1698358831 24.6513707499 60.6959177275 60.6959177275 52.1600168271 49.9314398344 56.1157301218 56.1157301218 56.1157301218 48.694244447 23.9835075372 49.5971063243 26.2756132703 49.8599613025 26.846099654 25.6519416491
45.3672597541 65.0776137283 44.0634418518 27.2012201295 51.7405563014 27.1971296495 42.8040558112 26.0145437072 26.6552116906 23.4619026121 23.8203227905 25.6800812817 25.1736115667 24.7888125775 26.9277362957 25.9563428774 25.633408257 26.5647544925 27.0169332439 26.9564546636 25.519215615 24.3840854976 51.5510870603 26.6560099168 23.1631604609 26.477473398 23.9251822058 23.8665672526 24.9884434536 25.8338944701 23.5813013506 24.6391173712 25.7217611218 70.6764984635 70.6764984635 70.6764984635 24.1146223356 23.7142602151 24.7001532278 26.7807227634 25.0170523148 24.8316018457 24.8614618116 26.269875168 26.8739779713 25.583690935 25.1125018574 49.4519540438 56.1157301218 49.4519540438 24.1642557747 23.0520050419 23.7395213391 26.6779895785 26.0833924903 26.6203414358 27.059690384
23.2566528322 25.7534648535 25.1296878596 24.1257528095 55.0832005573 55.0832005573 55.0832005573 25.0609383833 24.3299675308 24.8563124546 25.797411858 24.3863966275 27.1827988567 26.0860299306 27.2415266102 25.0656075871 26.4280262108 24.7964142742 25.0781553956 23.5016732644 26.3538178155 26.9925621081 25.330151898 55.5978370443 25.9293495735 23.7176494497 23.1327868707 24.1499049814 26.1726340361 23.7451834739 23.5744364528 23.6065879902 27.2150076467 48.5525115989 48.5525115989 48.5525115989 25.9052522898 23.6124226326 23.7467643899 25.3475768336 26.7441250003 25.9089371133 25.8354143616 26.8430153895 26.4729482855 23.5401595792 27.0784202518 26.910058548 27.211444315 64.1764281821 64.1764281821 24.4478171764 24.1010885992 23.9143186121 23.5105114631 24.4827679381 26.1449476566
25.365183479 27.0520559304 24.1082776924 25.0661225447 50.3938516848 50.3938516848 23.647506551 23.7220243552 25.3656331701 25.1614136792 26.3574892705 25.7639588132 23.5572698237 25.7190450953 23.2030926397 26.3878505835 26.9627401254 23.9369140092 23.0681503529 26.2270616992 26.7406336564 55.5978370443 49.1133722767 49.1133722767 49.1133722767 25.1703670237 25.7541561174 26.2488490233 24.0008499476 23.518192725 26.301951847 23.1759373051 23.0733105695 24.1504480035 24.5006968577 24.1984177788 25.7307712461 24.4579479561 27.2071136905 23.3715996546 24.7845128965 23.8798636433 24.7724531294 25.2955873846 26.4411656071 27.0195915713 26.2135022445 26.1970498333 62.4137298182 62.4137298182 24.6685331427 23.7076636754 23.3772913069 42.102995806 26.2064854219 25.1561057551 23.4606186031
24.1076433051 26.193847367 24.4016221248 23.9697704855 24.047954626 23.552852167 24.226525577 23.6111044056 25.8877239934 25.062344289 26.7284028628 24.5151225112 24.5818927836 24.5863391697 25.5682617419 24.7665722894 23.5191147053 23.5019340323 27.0642819217 24.9241625888 26.5416230984 24.5971890627 49.1133722767 49.1133722767 23.8080328319 23.4133043858 24.4982292252 24.51543214 26.9932796548 27.0162280816 26.8958177689 25.1204806312 24.4308964092 24.9553938988 38.3443982719 38.3443982719 23.6512715527 26.8870384242 25.0411054475 23.2960325441 25.1989200384 26.5157208472 25.3023063685 23.4244597057 24.7110592866 24.5084635321 24.5397286247 58.5348226271 62.4137298182 62.4137298182 58.5348226271 49.9426164169 49.9426164169 25.1835043535 26.8117138571 42.102995806 23.8667711998
23.6981925355 23.3161342398 26.2989159753 23.3430170134 26.3313629695 24.2120666496 24.0518045642 26.4909602687 25.7915407311 23.2339219516 24.6634626024 26.7414084186 24.8717529225 23.3529934239 25.7532366806 23.0924537663 26.8594436613 25.4493794189 27.1029254617 24.4833869038 25.2880622528 25.0698571691 25.7616124039 24.015735943 49.0822563593 23.3476716988 27.0503267364 24.0203732358 26.921033016 26.213815531 24.0318558322 23.0153386831 23.2268528074 38.3443982719 38.3443982719 38.3443982719 26.765893991 23.677753687 23.2045054655 23.0478533272 23.2424658936 24.8295668096 24.0931910086 26.2420320586 27.0830202401 25.0804901794 24.2539937578 53.3733566093 52.7558020639 52.7558020639 54.5298340433 49.9426164169 49.9426164169 25.4832705849 26.4660332414 24.0432643098 24.4538948127
26.6486441844 23.727916111 23.5185125098 24.8181151343 25.8212243181 25.9739602182 26.8173720942 24.577257119 24.4685212047 23.9530246813 26.5976180664 26.3780551714 26.5061825045 24.5327211279 25.8491865361 26.0544931 23.4636026685 23.4572576318 25.1872862146 24.4319372963 25.7683110614 26.2288353977 23.9049061411 73.2167143764 73.2167143764 73.2167143764 27.0403242893 26.9497647495 26.5361912963 24.7367307687 23.0622113012 26.566190334 24.5194824797 25.6361723268 25.5737025989 25.026613099 25.8595642889 24.9224051071 26.1155009394 27.0062356836 24.9022935064 23.24878047 25.6441281968 23.8507267133 24.8032953866 23.0638677476 48.6400162262 48.6400162262 80.2712996147 54.5298340433 54.5298340433 25.2196699732 49.9426164169 23.8418683211 26.2496523606 25.9553392527 25.4369591681
