Spatial_Output/BAU/BAU_0853.asc
NCOLS 155
NROWS 192
XLLCORNER 196307.867259
YLLCORNER 449144.565805
CELLSIZE 33.573938
NODATA_VALUE NaN
[rows 108 to 143 of 192, columns 0 to 80 of 155]
0 0 0 0 0 0 0 0 0 0 0 0 0 0 0 0 0 0 0 0 0 0 0 0 48.2964592555 15.33 45.2232996296 54.180881817 19 19 19 19 19 19 19 19 19 19 19 19 19 19 19 19 19 19 19 19 45.9099299085 45.9099299085 45.9099299085 19 19 19 38.5441384886 19 19 19 19 19 19 19 19 19 19 19 19 19 19 19 19 19 19 19 19 19 19 19 19 19 19
0 0 0 0 0 0 0 0 0 0 0 0 0 0 0 0 0 0 0 0 0 0 0 0 0 0 0 0 19 19 19 19 19 19 19 19 19 19 19 19 19 19 19 19 19 19 19 19 45.9099299085 45.9099299085 45.9099299085 45.9099299085 19 19 41.6991360545 41.6991360545 63.9587976154 19 19 19 19 19 19 19 19 19 19 19 19 19 19 19 19 19 19 19 19 19 19 19 19
0 0 0 0 0 0 0 0 0 0 0 0 0 0 0 0 0 0 0 0 0 0 0 0 0 0 0 0 0 19 19 19 19 19 19 19 19 19 19 19 19 19 19 19 19 19 19 19 32.9561943946 19 32.9561943946 19 19 19 34.8731786968 34.8731786968 41.6991360545 19 19 19 19 19 19 19 19 19 19 19 19 19 45.3002188456 19 45.3002188456 19 35.5134489592 70.7174435814 70.7174435814 19 19 72.2663170866 19
0 0 0 0 0 0 0 0 0 0 0 0 0 0 0 0 0 0 0 0 0 0 0 0 0 0 0 0 0 19 19 19 19 19 19 19 19 19 19 19 19 19 19 19 19 19 19 19 36.303953584 57.4515380868 57.4515380868 19 19 49.4505324136 34.8731786968 34.8731786968 34.8731786968 19 36.6094400388 19 19 19 19 19 38.9497707673 19 19 19 40.5542852355 45.3002188456 45.3002188456 45.3002188456 45.3002188456 35.5134489592 35.5134489592 70.7174435814 70.7174435814 19 72.2663170866 72.2663170866 72.2663170866
0 0 0 0 0 0 0 0 0 0 0 0 0 0 0 0 0 0 0 0 0 0 0 0 0 0 0 0 0 0 19 19 19 19 19 19 19 19 19 19 19 19 19 19 19 19 19 19 57.4515380868 73.4566146741 73.4566146741 57.4515380868 19 19 19 19 19 45.4615725698 19 19 19 19 19 19 19 19 19 19 19 19 45.3002188456 45.3002188456 45.3002188456 35.5134489592 35.5134489592 46.1901364061 70.7174435814 19 19 72.2663170866 19
0 0 0 0 0 0 0 0 0 0 0 0 0 0 0 0 0 0 0 0 0 0 0 0 0 0 0 0 0 0 0 19 19 19 19 19 19 19 19 19 19 19 19 19 19 19 19 19 57.1469917743 73.4566146741 73.4566146741 57.1469917743 19 19 19 19 45.4615725698 19 19 19 19 19 19 19 38.9497707673 19 19 19 19 19 19 19 19 19 19 19 19 19 19 19 19
0 0 0 0 0 0 0 0 0 0 0 0 0 0 0 0 0 0 0 0 0 0 0 0 0 0 0 0 0 0 0 19 19 19 19 19 19 19 19 19 19 19 19 19 19 19 19 19 19 40.8797542036 40.8797542036 40.8797542036 44.1341302526 46.4841889644 19 19 19 19 19 19 19 19 46.9479412037 46.9479412037 46.9479412037 19 19 19 19 19 19 19 19 19 19 19 19 19 19 19 19
0 0 0 0 0 0 0 0 0 0 0 0 0 0 0 0 0 0 0 0 0 0 0 0 0 0 0 0 0 0 0 0 19 19 19 19 19 19 19 19 19 19 19 19 19 19 19 19 44.9024207611 40.8797542036 40.8797542036 44.1341302526 46.4841889644 46.4841889644 19 19 19 19 19 19 19 19 46.8647217346 46.9479412037 46.9479412037 19 19 19 19 19 19 19 19 19 19 19 19 19 19 19 19
0 0 0 0 0 0 0 0 0 0 0 0 0 0 0 0 0 0 0 0 0 0 0 0 0 0 0 0 0 0 0 0 19 19 19 19 19 19 19 19 19 19 19 19 19 19 19 19 65.7751331583 65.7751331583 44.2952969113 19 19 46.4841889644 19 38.7274494824 19 19 19 19 19 19 46.8647217346 46.8647217346 19 19 19 19 19 19 19 19 19 19 19 19 19 19 19 19 19
0 0 0 0 0 0 0 0 0 0 0 0 0 0 0 0 0 0 0 0 0 0 0 0 0 0 0 0 0 0 0 0 0 19 19 19 19 19 19 19 19 19 19 19 19 38.6798691396 19 19 65.7751331583 65.7751331583 65.7751331583 19 19 19 63.8084663205 38.7274494824 50.9345216054 45.1324696377 41.360851378 42.0250416736 42.0250416736 19 19 19 19 19 19 19 19 19 19 19 19 19 19 19 19 19 19 19 19
0 0 0 0 0 0 0 0 0 0 0 0 0 0 0 0 0 0 0 0 0 0 0 0 0 0 0 0 0 0 0 0 0 19 19 19 19 19 19 19 19 19 19 19 19 38.6798691396 38.6798691396 51.659461161 59.3413461941 59.3413461941 59.3413461941 19 62.3454945622 19 63.8084663205 63.8084663205 45.1324696377 45.1324696377 41.360851378 42.0250416736 42.0250416736 19 43.3533965195 43.3533965195 19 19 19 19 19 19 19 19 19 19 19 19 19 19 19 19 19
0 0 0 0 0 0 0 0 0 0 0 0 0 0 0 0 0 0 0 0 0 0 0 0 0 0 0 0 0 0 0 0 0 0 19 19 19 19 19 19 19 19 19 44.5161149149 44.5161149149 38.6798691396 38.6798691396 51.659461161 31.2410906267 31.2410906267 31.2410906267 19 62.3454945622 19 63.8084663205 63.8084663205 45.1324696377 45.1324696377 56.5910372534 39.648832183 42.0250416736 19 43.3533965195 43.3533965195 43.3533965195 19 19 19 19 19 19 19 19 19 19 19 19 19 19 19 19
0 0 0 0 0 0 0 0 0 0 0 0 0 0 0 0 0 0 0 0 0 0 0 0 0 0 0 0 0 0 0 0 0 0 0 19 19 19 19 19 19 39.1239400231 19 44.5161149149 44.5161149149 45.1465095483 38.6798691396 41.909793353 41.909793353 41.909793353 19 19 19 37.6957036243 19 19 37.4741460423 37.4741460423 37.4741460423 19 19 19 19 19 19 19 19 19 19 19 19 19 19 19 19 19 19 19 45.7210695076 45.7210695076 45.7210695076
0 0 0 0 0 0 0 0 0 0 0 0 0 0 0 0 0 0 0 0 0 0 0 0 0 0 0 0 0 0 0 0 0 0 0 19 19 58.9531594679 19 43.4222708902 43.4222708902 43.4222708902 19 39.1239400231 44.5161149149 19 19 19 19 19 19 19 19 19 19 19 37.4741460423 37.4741460423 70.2912384748 70.2912384748 19 48.0541666797 19 19 19 19 19 19 19 19 19 19 19 19 19 19 19 19 19 45.7210695076 19
0 0 0 0 0 0 0 0 0 0 0 0 0 0 0 0 0 0 0 0 0 0 0 0 0 0 0 0 0 0 0 0 0 57.4986684938 54.1609333637 40.8678081847 19 58.9531594679 58.9531594679 19 43.4222708902 39.1239400231 39.1239400231 19 19 19 51.3357736066 51.3357736066 51.3357736066 19 19 19 19 19 19 19 19 53.2803262536 40.5719580598 32.9604877984 32.9604877984 51.3290591567 19 19 19 19 19 19 19 19 19 19 19 19 19 19 19 19 19 19 19
0 0 0 0 0 0 0 0 0 0 0 0 0 0 0 0 0 0 0 0 0 0 0 0 0 0 0 0 0 0 68.5963809928 38.0838197666 37.6791154595 39.0830228955 42.8404716596 54.1609333637 19 58.9531594679 58.9531594679 19 43.4222708902 19 19 19 19 19 19 43.8230947431 51.3357736066 19 19 19 19 19 19 19 19 70.2912384748 32.9604877984 32.9604877984 53.8517046026 51.3290591567 51.3290591567 19 19 19 19 19 19 19 19 19 19 19 19 19 19 19 19 19 19
0 0 0 0 0 0 0 0 0 0 0 0 0 0 0 0 0 0 0 0 0 0 0 0 0 0 0 0 42.339781604 61.9033153634 68.5963809928 68.5963809928 31.8291917495 42.0643250918 42.6756384141 54.1609333637 56.0011800061 19 19 19 19 19 19 19 19 19 43.8230947431 43.8230947431 53.0391025508 19 19 19 19 19 19 19 19 19 19 19 53.8517046026 51.3290591567 51.3290591567 19 19 19 19 19 19 19 19 19 19 19 19 19 19 19 19 19 19
0 0 0 0 0 0 0 0 0 0 0 0 0 0 0 0 0 0 0 0 0 0 0 0 0 66.8947949249 48.8885726936 54.7292598508 54.7292598508 61.9033153634 68.5963809928 68.5963809928 38.9413208798 32.4887607132 31.2010649737 54.7063549248 0 0 19 19 19 19 19 19 19 19 19 43.8230947431 43.8230947431 19 19 19 19 19 19 19 19 19 19 19 59.0062512312 19 40.172972764 19 19 19 19 19 19 19 19 19 19 19 19 19 19 19 19 19 19
0 0 0 0 0 0 0 0 0 0 0 0 0 0 0 0 0 0 0 0 0 0 0 0 0 66.8947949249 48.8885726936 48.8885726936 54.7292598508 42.339781604 61.9033153634 68.5963809928 51.6051166195 55.145741716 0 0 0 0 19 19 19 19 19 19 19 46.8716205386 46.8716205386 46.8716205386 19 19 19 19 19 19 43.5799491892 19 19 19 19 59.0062512312 59.0062512312 59.0062512312 19 19 19 19 19 19 19 19 19 19 19 19 19 19 19 19 38.8837782672 19 19
0 0 0 0 0 0 0 0 0 0 0 0 0 0 0 0 0 0 0 0 0 0 0 0 0 57.1963571753 48.8885726936 60.8954813382 54.7292598508 50.6089134352 0 0 0 0 0 0 0 0 0 19 19 19 19 19 19 52.6493423092 46.8716205386 46.8716205386 19 19 19 19 46.8612836038 46.8612836038 46.8612836038 19 19 19 19 37.7720908047 59.0062512312 19 19 19 19 19 19 19 19 19 36.2593211802 55.798130364 19 19 53.6532375814 19 19 38.8837782672 38.8837782672 19 19
0 0 0 0 0 0 0 0 0 0 0 0 0 0 0 0 0 0 0 0 0 0 0 0 0 0 0 0 0 0 0 0 0 0 0 0 0 0 0 0 19 19 19 19 19 19 52.6493423092 52.6493423092 48.5246757286 48.5246757286 19 19 46.8612836038 46.8612836038 19 19 19 19 19 19 19 19 19 19 60.7652554065 19 44.6635793545 41.0897035311 41.0897035311 62.3191721936 19 55.798130364 19 53.6532375814 19 53.6532375814 19 38.8837782672 38.8837782672 19 52.3913840384
0 0 0 0 0 0 0 0 0 0 0 0 0 0 0 0 0 0 0 0 0 0 0 0 0 0 0 0 0 0 0 0 0 0 0 0 0 0 0 0 0 19 19 19 19 19 19 19 48.5246757286 48.5246757286 19 19 19 19 19 19 19 19 19 19 19 19 19 19 60.7652554065 44.6635793545 44.6635793545 44.6635793545 41.0897035311 41.0897035311 62.3191721936 19 55.798130364 19 53.6532375814 19 19 19 38.8837782672 19 52.3913840384
0 0 0 0 0 0 0 0 0 0 0 0 0 0 0 0 0 0 0 0 0 0 0 0 0 0 0 0 0 0 0 0 0 0 0 0 0 0 0 0 0 19 19 19 19 51.2061533662 19 19 19 48.5246757286 19 19 19 19 19 19 19 19 19 19 48.0270843312 19 70.75373455 70.75373455 60.7652554065 60.7652554065 44.6635793545 19 41.0897035311 19 62.3191721936 66.3102356368 19 19 19 19 19 19 19 19 19
0 0 0 0 0 0 0 0 0 0 0 0 0 0 0 0 0 0 0 0 0 0 0 0 0 0 0 0 0 0 0 0 0 0 0 0 0 0 0 0 0 0 19 19 19 42.1066035736 19 42.1066035736 19 19 19 19 19 19 19 19 19 19 19 19 19 70.75373455 70.75373455 70.75373455 47.7643255791 19 19 19 19 19 19 19 19 19 19 19 19 19 19 19 19
0 0 0 0 0 0 0 0 0 0 0 0 0 0 0 0 0 0 0 0 0 0 0 0 0 0 0 0 0 0 0 0 0 0 0 0 0 0 0 0 0 0 0 19 19 19 42.1066035736 19 19 19 19 19 19 19 19 19 19 19 19 19 19 19 47.7643255791 70.75373455 47.7643255791 19 19 19 19 19 19 19 19 19 19 19 19 19 19 19 19
0 0 0 0 0 0 0 0 0 0 0 0 0 0 0 0 0 0 0 0 0 0 0 0 0 0 0 0 0 0 0 0 0 0 0 0 0 0 0 0 0 0 0 19 19 19 19 19 19 19 19 19 19 19 19 19 19 19 19 19 19 19 19 53.038218238 53.038218238 35.1859325222 19 19 19 19 19 19 19 19 19 19 19 19 19 19 19
0 0 0 0 0 0 0 0 0 0 0 0 0 0 0 0 0 0 0 0 0 0 0 0 0 0 0 0 0 0 0 0 0 0 0 0 0 0 0 0 0 0 0 0 19 19 19 19 19 19 19 19 19 60.065184897 19 19 19 19 19 19 19 19 35.1859325222 53.038218238 53.038218238 39.4159525556 19 19 19 19 19 19 19 19 19 19 19 19 19 19 19
0 0 0 0 0 0 0 0 0 0 0 0 0 0 0 0 0 0 0 0 0 0 0 0 0 0 0 0 0 0 0 0 0 0 0 0 0 0 0 0 0 0 0 0 19 19 19 19 19 19 19 19 19 44.6219270911 19 19 19 19 19 19 19 19 19 39.4159525556 39.4159525556 39.4159525556 19 19 19 19 19 19 19 19 19 19 19 19 19 19 19
0 0 0 0 0 0 0 0 0 0 0 0 0 0 0 0 0 0 0 0 0 0 0 0 0 0 0 0 0 0 0 0 0 0 0 0 0 0 0 0 0 0 0 0 19 19 19 19 19 19 19 44.6219270911 44.6219270911 19 19 19 19 19 19 19 19 19 19 53.812167036 39.4159525556 19 47.9624622156 19 19 19 19 19 19 19 19 19 19 19 19 19 19
0 0 0 0 0 0 0 0 0 0 0 0 0 0 0 0 0 0 0 0 0 0 0 0 0 0 0 0 0 0 0 0 0 0 0 0 0 0 0 0 0 0 0 0 0 19 19 19 19 19 19 44.6219270911 44.6219270911 44.6219270911 19 19 19 19 19 19 19 19 19 19 19 49.6024523761 49.6024523761 19 19 19 19 19 19 19 19 19 19 19 19 19 19
0 0 0 0 0 0 0 0 0 0 0 0 0 0 0 0 0 0 0 0 0 0 0 0 0 0 0 0 0 0 0 0 0 0 0 0 0 0 0 0 0 0 0 0 0 19 42.7405515732 40.8034776943 42.7405515732 40.8201746207 40.8201746207 40.8201746207 44.6219270911 19 19 19 19 19 19 19 19 19 19 19 19 19 19 19 19 19 19 19 19 19 19 19 19 19 19 19 19
0 0 0 0 0 0 0 0 0 0 0 0 0 0 0 0 0 0 0 0 0 0 0 0 0 0 0 0 0 0 0 0 0 0 0 0 0 0 0 0 0 0 0 0 0 19 19 40.8034776943 40.8034776943 19 40.8201746207 40.8201746207 48.5855929625 19 19 19 19 19 19 19 19 19 19 19 19 50.4569811378 50.4569811378 19 19 19 19 19 19 19 19 19 19 19 19 19 19
0 0 0 0 0 0 0 0 0 0 0 0 0 0 0 0 0 0 0 0 0 0 0 0 0 0 0 0 0 0 0 0 0 0 0 0 0 0 0 0 0 0 0 44.0489072443 57.18661002 46.8788790419 19 40.8034776943 19 19 19 40.8201746207 19 19 19 19 19 19 19 19 19 19 19 19 19 50.4569811378 50.4569811378 19 19 19 19 19 19 19 19 19 19 19 19 19 19
0 0 0 0 0 0 0 0 0 0 0 0 0 0 0 0 0 0 0 0 0 0 0 0 0 0 0 0 0 0 0 0 0 0 0 0 0 0 0 0 0 43.8704694616 43.8704694616 43.8704694616 46.8788790419 46.8788790419 46.8788790419 19 19 19 19 19 19 19 19 19 19 19 19 19 19 19 19 19 19 47.4535676751 47.4535676751 19 19 19 19 19 19 19 19 19 19 19 19 19 19
0 0 0 0 0 0 0 0 0 0 0 0 0 0 0 0 0 0 0 0 0 0 0 0 0 0 0 0 0 0 0 0 0 0 0 0 0 0 0 64.5413482847 43.8704694616 43.8704694616 43.8704694616 43.8704694616 43.8704694616 57.18661002 46.8788790419 19 19 19 19 19 19 19 19 19 19 19 19 19 19 19 19 19 19 19 19 19 19 19 19 19 19 19 19 19 19 19 19 19 19
0 0 0 0 0 0 0 0 0 0 0 0 0 0 0 0 0 0 0 0 0 0 0 0 0 0 0 0 0 0 0 0 0 0 0 0 0 0 57.18661002 57.18661002 43.8704694616 43.8704694616 43.8704694616 43.8704694616 43.8704694616 0 0 19 19 19 19 19 19 19 19 19 19 19 19 19 19 19 19 19 19 34.6971206498 19 19 19 19 19 19 19 19 19 19 19 19 19 19 19
