Spatial_Output/BAU/BAU_0965.asc
NCOLS 155
NROWS 192
XLLCORNER 196769.923733
YLLCORNER 449719.875193
CELLSIZE 27.603701
NODATA_VALUE NaN
[rows 161 to 183 of 192, columns 53 to 105 of 155]
24.4825534548 24.0916308025 24.1783785424 23.8270339664 23.60693877 23.6880960673 25.0961238442 25.2727385209 44.5903656068 23.6838529688 25.4197757618 23.5592991591 23.7085405891 25.0653590322 24.0210533313 25.2414897747 24.8701885627 25.3513897926 24.7776108922 24.9277918853 24.9731923869 23.6221299414 23.7798154736 24.9890289703 24.8826732452 25.0100487182 23.5794021765 24.4946114712 24.5857335725 24.1624653537 24.301556197 25.014568447 24.0164962722 23.7099260735 25.59393016 24.8097359923 24.7643478565 24.8976808071 23.6690032376 24.5289203332 23.7869817628 24.8751795399 48.6822941869 48.6822941869 38.1294633133 38.1294633133 24.0344194201 24.7290756965 24.7055805637 24.0580038016 24.9372497752 24.8016369517 23.5346341086
24.9197110827 25.3488908217 24.8519063008 23.6432320639 24.0090714961 24.5675733331 23.9360354009 24.344103017 25.4664690989 64.8872348308 24.7630410115 25.6077704375 24.7155327889 23.8292266419 24.4786506678 24.6387586592 24.3817500165 24.2210396573 23.9025010943 23.7394800371 25.1709650309 23.9551613237 25.5009771952 24.3975582286 24.1902065228 24.9042925443 23.9316788812 24.1467350425 25.2886910804 23.7194758328 23.533040904 24.802610417 25.204160513 24.8911607763 23.8623553882 23.6031361247 25.4032270133 24.386757848 24.2712192403 24.6293698976 24.6748825353 25.1392468992 24.3159682411 38.1294633133 38.1294633133 38.1294633133 24.9913717151 24.1255256178 24.588639001 24.87309036 24.6041409347 24.6532503188 23.903181918
0 23.6429041452 24.2439614263 23.9933988354 24.0825106117 24.0008727395 23.6455731521 23.5178551008 24.5434498642 59.9572353979 59.9572353979 59.9572353979 24.9437010807 25.3506327866 23.8266228533 24.0661652664 23.9040819145 23.664530031 23.719416816 25.3266390826 23.8639511895 24.8057351482 25.0430471315 24.8135556388 24.9387803432 24.3142335924 25.4043176436 23.5400706486 24.602554166 24.9961948376 25.2575344477 24.7441773542 24.2222524372 25.4855787162 25.2733747738 24.048592699 25.189882484 24.1676728576 24.8245541206 25.5834451699 24.6191577544 25.6094337539 23.790164604 25.3070040282 38.1294633133 25.3816792545 24.2277881306 25.3277660247 24.6697247433 24.6123013792 23.5027911362 24.1780073771 25.4576652153
0 0 0 25.6013373354 25.0860333568 25.2675003757 23.6324637593 24.279777228 23.7629592078 24.8063838324 59.9572353979 59.9572353979 23.6315274274 24.5014269581 23.7993836333 23.9976710224 24.2336123479 23.7558664209 25.4888643712 25.4987469392 24.128661627 24.67785006 24.7190813307 24.1801813237 23.5624316165 25.1734500448 24.6802044732 23.5432355548 23.977469669 24.8951861689 25.3990594666 23.6315673833 24.1972470598 23.6346271977 23.6678342671 24.1916612008 25.2385529125 25.1239969444 24.305707183 23.9966710307 24.3149573398 25.4541809605 23.8251585511 24.8676569709 24.1893293116 23.8381273488 25.45332237 25.3010537408 24.8767362278 24.4664256899 24.4159559852 24.8413435952 24.5419372201
0 0 0 0 0 0 24.4663698172 24.5259184178 24.7509802318 25.291981998 51.078224904 51.078224904 51.078224904 25.1881043674 24.4194347692 25.5617835603 24.5096982126 24.113153398 24.4260579968 25.2954407827 24.0106879936 25.5275193862 25.3766743609 24.7667978578 25.0944180542 23.7789181042 23.7000550894 24.3955140668 25.3180151248 23.9467009595 24.444791764 24.7217783545 24.6006887018 24.3693213663 24.5622075535 24.5047902967 23.966234081 25.4345433511 23.6295914758 23.9659650876 24.7454027063 25.5483514566 23.9792935377 23.8284785927 38.2920816244 42.742385722 42.742385722 24.5306225084 24.1675462417 25.2388025743 24.738287568 24.0514628484 23.7789323362
0 0 0 0 0 0 0 0 15.33 23.7544448797 51.078224904 51.078224904 24.1747778737 49.4111118091 24.281682361 23.6136055641 25.0435116392 0 24.3185384407 25.0003602978 24.7952699058 23.5297855665 24.120328437 25.6133901977 24.2746426862 24.0404402897 25.5997946692 23.5687043566 23.9724490974 24.2750557592 24.3314232343 25.0667612811 24.9882449172 23.7715736227 24.8025319069 25.084266019 25.5430850807 24.8125496541 24.5680690801 24.3490351113 23.6253932858 25.5752645322 23.9014330581 25.3813786954 24.2881491929 42.742385722 42.742385722 67.6401430018 24.3414719926 25.1931345848 25.2701049085 25.3350972874 24.9478918024
0 0 0 0 0 0 0 0 15.33 15.33 44.2329485036 24.5748687924 49.4111118091 49.4111118091 23.6025641426 24.0588044188 0 0 0 24.7966390672 25.37372034 24.3194709517 24.6890090529 24.4573127403 24.8229181341 25.1077311679 25.4243325062 24.9881608014 25.5883533819 24.5802229628 24.7952955898 25.4452748572 25.2475224817 24.3689620299 23.7176655002 24.630421898 23.7765390943 25.5225380633 24.9748238085 25.1718748341 24.8195281862 23.9219581138 23.6086059469 24.3325105732 23.6572808862 67.6401430018 51.3978659795 51.3978659795 51.3978659795 24.6012961229 23.9535293799 24.3655556835 24.2590392229
0 0 0 0 0 0 0 0 15.33 15.33 15.33 40.0676076294 49.4111118091 40.0676076294 51.532551771 0 0 0 0 0 23.6838493982 24.6643634338 24.0045580598 23.5232390718 24.1574087655 24.1129559729 25.4009455036 25.1537470019 25.1096492604 24.340973293 24.5770009965 24.7632329121 23.854588845 23.8262599625 24.782606647 24.229637014 23.5647805104 23.7958241494 23.709270027 24.299975739 24.725026344 23.7151289166 23.6005210752 23.5981862245 24.4938075392 51.9580523144 51.3978659795 51.3978659795 51.3283957282 25.3600900871 24.6889324026 24.2664296114 25.5299022466
0 0 0 0 0 0 0 0 16.9243893937 15.33 15.33 17.9340332121 41.2262805339 35.5639014274 32.7533488773 0 0 0 0 0 25.340356586 25.1331419135 25.5446270412 24.3583079192 24.9059367882 25.1460162711 24.1706750328 24.8794823383 25.470648485 23.5951886206 25.5177073843 24.097585027 25.2781225719 24.3555943984 24.0916509014 24.6523542441 23.5319027268 24.1815969357 25.2842842574 24.5332545848 24.8211634833 24.6257504278 24.697602905 24.1597014005 25.5998101906 24.7779388593 36.1531455838 36.1531455838 36.1531455838 25.4317570141 25.0137065284 24.0765945118 23.8291904115
0 0 0 0 0 0 0 0 19.383243152 15.33 15.33 19.383243152 30.3112567544 39.1062817789 37.8742592754 66.8646460599 0 0 0 0 0 24.5829931585 23.8176981823 25.0513462497 24.4152161545 24.8253659958 25.3501103846 24.4083685706 23.5671481024 24.7985124957 24.9816825188 24.6848610994 24.5756787664 25.1812789988 24.292273886 24.9933066449 23.9296524936 23.7097393665 25.5775391552 24.0787830535 25.0597948831 23.998878789 24.6928682238 23.6505934162 25.0701087271 24.7162085722 38.1869225934 36.1531455838 36.1531455838 25.5869901918 23.5065628379 25.3863253879 25.4568701415
0 0 0 0 0 0 0 0 15.33 15.33 15.33 15.33 35.5283777486 31.3049810443 30.7338848765 71.3938233398 0 0 0 0 0 0 24.2436430899 24.2322985153 25.179401243 25.252268883 23.6005747811 24.7364979503 24.5593786144 23.8633970742 24.066329813 24.9630588918 23.5219785553 24.8134586211 23.7922850928 24.7635651775 24.4256421469 23.8804404952 24.989666696 24.6884239974 24.0616055166 25.1145849835 25.3126276833 24.3121786386 23.5582721247 23.8989169394 25.4924818175 18.3201083976 64.0225591524 64.0225591524 18.4480470452 23.5727402872 24.388860392
0 0 0 0 0 0 0 0 18.7846729634 15.33 15.33 18.7846729634 0 0 0 0 0 0 0 0 0 0 0 23.9405327539 24.2221755513 24.0940233599 24.7364025923 24.5899998244 25.1837022153 23.7252534673 24.7666388315 24.3728236152 25.1781921536 24.5788721208 24.2486839746 24.4230484591 25.4710757399 23.8508343585 25.3477719503 23.532407452 25.0816601628 24.1113157894 25.3058049881 23.5534309734 24.5845146118 24.4921751421 25.3288128551 64.0225591524 64.0225591524 64.0225591524 48.4444557101 23.7693713656 24.2306810143
0 0 0 0 0 0 0 0 61.081855622 19.1892110507 19.1892110507 61.081855622 0 0 0 0 0 0 0 0 0 0 0 0 24.7899798921 24.8755646898 24.1854479154 24.7102125498 24.0160775477 24.4755343924 23.6310912971 24.9703789371 24.8630908192 24.1775097836 25.387894494 24.3538199493 24.8042339582 24.7369281639 24.8325094154 23.5459863732 23.7694654367 24.4653200391 23.6126838975 25.0364314979 25.4835826547 23.5056407695 24.3858225812 23.9394809831 48.4444557101 48.4444557101 48.4444557101 24.9330304419 24.220619551
0 0 0 0 0 0 0 0 18.2500586313 46.0917424836 46.0917424836 18.2500586313 0 0 0 0 0 0 0 0 0 0 0 0 0 0 0 0 0 0 24.4050538319 24.4428573058 23.5336181766 23.9582471446 23.8101004418 23.7050895244 24.6202606835 24.1045291227 24.9340614998 25.481487225 25.3624302301 24.5547830935 23.6738208098 24.4378467224 25.0749433006 24.7825744091 25.1428399774 24.0927154023 17.6775599308 48.4444557101 48.4444557101 50.2086134232 24.3956187587
0 0 0 0 0 0 0 0 17.5702941593 17.5739336241 17.5739336241 17.5702941593 0 0 0 0 0 0 0 0 0 0 0 0 0 0 0 0 0 0 0 0 0 0 25.4949720041 24.7630441061 23.9109327843 23.5489759381 24.8705929162 25.6048340879 24.2961229112 23.5850906043 24.0026255998 23.9916204011 25.3674908222 23.5751382735 24.9493035492 24.3357702432 23.919366989 50.2086134232 42.1876108869 42.1876108869 24.1975832085
0 0 0 0 0 0 0 0 17.193124321 17.193124321 17.193124321 17.193124321 0 0 0 0 0 0 0 0 0 0 0 0 0 0 0 0 0 0 0 0 0 0 0 24.0241416887 24.5912059264 24.3779990513 23.8498089855 25.5460849867 24.5797180692 23.5943276625 25.5226573822 24.6597186348 25.0591490092 24.9803277891 24.0987616065 25.3782996922 24.3423951264 42.1876108869 42.1876108869 42.1876108869 23.7114392117
0 0 0 0 0 0 0 0 45.0199460738 45.0199460738 45.0199460738 45.0199460738 0 0 0 0 0 0 0 0 0 0 0 0 0 0 0 0 0 0 0 0 0 0 0 0 25.5241471331 24.5627332938 25.2545994459 24.7546656246 25.5524596195 25.552415826 24.415044474 24.6635652039 24.9757324919 24.013210482 23.8451755965 24.6198073144 25.5626232882 23.6483868721 57.1853962769 57.1853962769 58.5614192326
0 0 0 0 0 0 0 0 32.5932445136 45.0199460738 45.0199460738 32.5932445136 0 0 0 0 0 0 0 0 0 0 0 0 0 0 0 0 0 0 0 0 0 0 0 0 0 24.8177914407 24.6840240083 24.2292582144 24.7348803573 24.2806467998 24.9759757812 23.9303611275 24.6117370182 23.5932772481 25.5696938347 24.307190041 24.6080527705 25.1739628786 58.5614192326 58.5614192326 58.5614192326
0 0 0 0 0 0 0 0 0 44.9689238094 44.9689238094 0 0 0 0 0 0 0 0 0 0 0 0 0 0 0 0 0 0 0 0 0 0 0 0 0 0 0 23.796324252 23.7704799505 24.0172254128 24.0110662826 24.1828823666 23.7386862138 24.043436794 25.4585190877 25.4781092965 24.492145349 24.6521317794 23.9775204463 24.7201801988 71.4181610221 58.5614192326
0 0 0 0 0 0 0 0 0 45.3014296734 45.3014296734 0 0 0 0 0 0 0 0 0 0 0 0 0 0 0 0 0 0 0 0 0 0 0 0 0 0 0 0 24.8293048226 25.1411794096 24.8730745064 24.665177562 25.1879609255 23.6682627813 24.6650716094 25.3612767518 25.590681832 24.5319053672 23.7096304375 24.935560393 60.4621496511 60.4621496511
0 0 0 0 0 0 0 0 0 45.3014296734 45.3014296734 0 0 0 0 0 0 0 0 0 0 0 0 0 0 0 0 0 0 0 0 0 0 0 0 0 0 0 0 0 23.8898916943 25.5560444455 25.020517627 23.8418715511 24.0481769887 24.6760979995 25.3921573202 24.9785145338 24.1855399146 23.8992097656 23.5427421807 24.0316806812 46.9150170326
0 0 0 0 0 0 0 0 18.4235260558 45.2169582859 45.2169582859 18.4235260558 0 0 0 0 0 0 0 0 0 0 0 0 0 0 0 0 0 0 0 0 0 0 0 0 0 0 0 0 0 24.8730528137 25.2519076377 24.4115190922 24.4767021071 24.6910088492 25.1617760085 24.0794628924 23.7831583875 25.0823149645 24.6244677359 25.2168472459 24.449126692
0 0 0 0 0 0 0 0 0 45.2169582859 45.2169582859 0 0 0 0 0 0 0 0 0 0 0 0 0 0 0 0 0 0 0 0 0 0 0 0 0 0 0 0 0 0 0 24.6613835531 25.0276745566 24.3900080463 25.5940924131 25.5965748232 25.1765737227 24.4193170803 24.8531829722 25.1366361957 24.8582391555 55.2742600426
