Spatial_Output/BAU/BAU_0483.asc
NCOLS 155
NROWS 192
XLLCORNER 196307.867259
YLLCORNER 449144.565805
CELLSIZE 33.573938
NODATA_VALUE NaN
[rows 25 to 49 of 192, columns 57 to 113 of 155]
27.823747746 27.6218240395 27.4482960334 54.8514107304 54.8514107304 58.0921081646 44.5988184533 44.5988184533 62.1351739978 62.1351739978 62.1351739978 27.5972640046 27.5164561846 28.4008254774 28.3782981436 27.9017828816 27.6290514558 27.3795154051 27.4047126917 28.3324307574 27.4233875435 28.0087810002 28.0515873946 28.1941733855 0 0 0 0 0 0 0 0 0 0 0 0 0 0 0 0 27.4421764473 27.651615924 28.1916218925 28.0813028744 27.3000410807 28.2397743885 27.3724680056 27.2490573326 27.1921134948 27.0305694133 27.5848346426 27.739527013 28.1633597272 27.4330526492 28.3229795905 28.0237993686 27.5589765733
28.0595961165 27.3852380487 28.3169027529 72.3590714771 55.2396002118 58.0921081646 55.7303052514 27.5811816814 62.1351739978 69.1806787925 69.1806787925 27.2315170072 27.7787781572 27.6673547052 28.2636987432 27.6904613991 27.8826905279 27.7659609963 27.4991638475 27.1894832197 28.2112035655 27.7209543444 27.5632556202 28.083514102 28.3088437217 27.8310270231 0 0 0 0 0 28.1135438477 27.6778083643 28.050850458 27.2863398382 27.7094105531 0 0 0 0 27.919899407 28.0524668917 28.4055519057 27.815058402 28.3924081246 28.4089067751 27.5508013533 27.0826499994 27.3539171494 27.1979478924 28.0609450087 27.9412412373 27.7241342801 28.1714467718 27.3526843443 28.3357715562 27.3992893811
27.7550352146 27.6329768822 27.9304827124 27.0781165932 55.2396002118 55.2396002118 55.7303052514 55.4665277734 27.4131657086 69.1806787925 69.1806787925 27.4474068812 27.2126864052 27.4671079068 27.5476199277 27.8427600022 27.6614001932 28.3755103419 27.9334456006 27.4165168813 27.1794209103 27.6597114921 27.9753821257 27.5560484439 27.8943236841 28.0699970971 27.3360214634 27.3440887301 27.2154030236 28.0174011825 27.1991400848 27.3905150416 27.5912692968 27.7579689797 27.1073635168 27.8977832296 28.0608373465 27.7934199275 0 27.3310305841 28.1871140938 27.163930116 28.3256019022 27.2788840191 27.5773872471 28.139016711 27.4847640342 28.0132887925 28.2278721972 27.0561662931 27.4127159777 27.6840467604 27.4539207943 28.2823824515 27.8572121793 27.2701587879 27.4669155401
28.3191402133 28.0409146499 27.1465946628 28.399307865 55.2396002118 55.2396002118 55.7303052514 55.4665277734 27.6760707755 27.5567151894 76.0252753363 76.0252753363 48.4975413555 27.2743279969 27.5828167882 27.3525436919 27.9935068154 27.048444299 27.3105426495 28.045861008 28.3914557193 27.3347347811 28.1091979228 27.1947076485 27.8671596824 27.1810844761 27.0976761731 27.0819108214 27.7253337138 27.6772829192 27.1176714028 27.8084343993 28.1012343071 27.7019234681 27.1114908814 27.2543824682 28.2079188207 27.7124089707 27.665981626 27.1741616273 27.5500127391 28.4002153572 28.0013587764 28.2280327662 27.3543906472 27.5420836796 27.73268041 27.2794989083 28.2592382961 28.4075457574 27.2769434715 27.475802798 27.1947575729 27.5121659158 27.5475297414 27.6434062603 27.4910692121
27.0155184574 27.8803315702 27.2032681738 50.4860456327 50.4860456327 28.1641619722 27.2688904672 28.3878222065 61.3355767123 27.3206387521 76.0252753363 76.0252753363 27.736010702 27.789717676 27.5853166758 27.4934131978 28.269152207 27.7052588707 27.4955024877 28.031481956 27.1231808726 27.3550280596 28.123924734 27.1887014428 28.2071485223 27.7171509366 28.2842274358 28.2989599485 27.5321628414 27.1473256972 27.8024512439 27.6603219307 27.8855374749 27.6673113442 27.913628339 28.3591223284 27.5279112689 27.1866279028 27.3978406973 27.8350210395 28.2562589871 27.1617383536 28.0038477667 28.0371198473 27.6278492289 27.2321129052 27.4710669834 28.0476778242 27.2016051169 27.5121690642 27.8757287913 27.1213223703 28.4040432596 27.8634725957 28.3594329103 28.309457975 28.0959630998
27.899158221 28.4056441502 28.3888380729 50.4860456327 41.2271034278 41.2271034278 27.473866758 27.2647627962 75.8227554441 45.5758781654 45.5758781654 54.4037804688 38.8633291721 28.0102184194 28.3198618068 27.0370173195 28.0000474652 27.8924710819 27.8650204112 27.1976659655 27.4518741948 27.3775333325 28.3627613596 27.1884411493 27.5490505162 27.581393908 27.3638443179 27.5852770766 28.4044123448 27.8066063756 27.8880976347 27.6071310603 28.1090517548 27.6689517776 27.4434090666 27.1123618811 28.4080108808 27.612328815 27.8882525121 27.3183653211 27.6742851812 27.2460929966 28.1878024273 27.2170965888 28.2258423781 27.9900001316 27.7785709348 27.9040174349 27.5327986079 28.3482676943 27.5273559092 27.2805034168 28.2781686558 27.1784747827 27.6893849685 28.2618714257 28.1325059332
27.9916573725 28.1220344368 27.7539880119 41.2271034278 41.2271034278 41.2271034278 41.2271034278 27.062817592 75.8227554441 45.5758781654 45.5758781654 45.5758781654 28.1561704883 27.8773015891 28.3689700472 27.9750623867 27.964229885 28.0425665101 27.229810246 28.0844071129 27.8649103015 27.2385492743 28.2160839766 27.3523485003 27.2109760639 28.3779369955 27.2978762227 28.1712996511 27.1644381553 28.3804186441 27.4229932763 28.3364364222 27.3121090987 28.1526963977 27.8215210824 27.7121191299 27.1664288736 27.9547987917 27.1673841936 28.2496590065 27.6158546722 27.7849865445 27.2197482841 28.1547203792 27.3387415988 27.327658981 27.0386118871 27.8385991046 27.9070371178 28.0840643317 27.4931850529 28.1996784217 27.6316456163 28.1925921336 27.3514452474 27.0770422803 27.3834379331
27.2717093712 27.3096506449 27.1678603943 28.126937492 27.7780095177 54.1784651519 65.9709372246 65.9709372246 28.0445861425 27.3806274909 54.4037804688 70.8096021453 28.4025945983 27.5310759144 28.3200323481 27.9411311571 27.3561142078 27.3339164811 27.6725071371 28.3880601918 27.2246694098 28.2026875633 28.3203861112 27.8859214744 28.0597901212 27.1675218319 27.4857988576 28.226359346 27.9844161502 27.6023999256 27.9173156557 28.1092552364 28.0365433015 27.5359420859 27.7188812342 28.083671487 27.1409314948 27.6193219008 28.1764994302 28.3520388957 28.1038670709 28.15283002 27.0635585387 27.8979849283 28.0257133983 27.5200568743 27.6775089828 27.7396815337 27.8846126296 27.5179559812 27.2459889102 27.2067885902 27.5662971621 28.3131546166 27.0073900203 27.2764112122 28.3346492628
28.1648329607 27.3886713753 28.3456565787 27.7769404244 27.2033218638 65.9709372246 55.2357967861 55.2357967861 47.0183445402 28.400173103 28.3879581694 27.5139531756 27.8661511373 27.6318971632 27.0969162708 28.1757563836 28.1642001986 27.1357634993 28.3063950692 27.1102741769 27.8467185458 27.5793838402 27.0405860931 27.48401549 28.2126102697 27.4416011998 27.3632313649 27.5516519273 28.136793932 27.3770477184 27.4920534307 27.9352545155 27.0699193061 28.0352107464 28.2861996586 27.5792809627 28.2413906236 28.3262800252 27.8656760489 28.0284213997 27.6771736841 27.8714596047 27.1413604301 28.3648442122 27.5788893484 27.1062135558 27.737153492 27.9670518165 27.3536304029 27.2007786177 28.0899497763 28.3314575808 27.9632746239 27.0624040541 28.2443572925 27.2209425143 27.4017512114
27.8496629775 27.5853077717 27.8068744092 27.8170687266 27.733739763 27.6373220503 55.2357967861 47.706817681 27.4900365171 27.2897177436 28.1059027218 28.1230003015 27.3372651203 27.7824676642 27.657450114 28.2732711666 27.7076127565 27.6012325506 28.1444998768 27.6283659424 27.3656253775 27.0221435533 27.1396577265 27.4241543542 28.2567076915 28.3929259847 27.9582204353 27.3116024808 27.8304283854 27.7543294005 28.0512165528 27.265607776 27.3247891919 27.90539515 27.0670076008 27.7324742728 28.3398118881 27.3350294695 27.5101617169 28.2397665403 28.3072891423 27.1156731985 27.1816456103 27.141598228 27.7328398669 27.3715230061 27.6604964339 27.7798395135 27.3141470676 27.9133322318 28.4033938917 27.3730874587 27.97156792 27.53620618 28.2513216009 27.7075681693 27.8923293898
28.138124343 28.010071335 28.2868813916 27.8128722701 27.3087855126 27.5660889603 47.706817681 47.706817681 47.706817681 28.3830584351 27.2434731855 28.3868906396 27.8605366817 28.0777754618 27.2089866198 27.0747309611 27.2352769516 27.6552943486 27.1545814971 28.2924768822 27.6061868496 28.0229440723 27.8825061228 27.08462687 27.9151436934 28.3062283111 27.3061044239 27.8670522975 27.407736276 27.8918453858 27.3040908316 28.3910439747 27.6361375539 28.0972101763 28.0201952024 27.5605960964 27.9979345866 27.4920778638 27.2734833659 27.3922777065 27.3689074409 28.1893208477 28.1814706523 27.0552466566 28.1386020287 28.3340824666 28.3321898343 27.2890528947 28.0403652925 27.8283270266 27.5635352909 27.6510632016 27.0778234126 28.3287754098 27.2946598546 28.4079372951 27.7183157008
27.8205362131 27.3624568932 28.3484755666 27.3124927272 27.6957193977 27.4111632645 53.2142174428 53.2142174428 27.6649861341 27.9531586676 27.6609167626 27.9636054081 27.5893315755 27.7372024317 27.9160919647 28.3275978476 27.8592913633 27.6008489282 28.3477436747 27.019618223 27.8618590133 27.0093892118 27.487041408 27.7021258409 27.6487435602 27.4913801508 27.4214484452 27.8779599581 27.9646432992 28.2635794849 27.2404687224 28.1383726845 28.2063772951 27.5751581507 27.0336096306 28.1547900778 28.3958983972 28.0683775388 28.1574388341 27.6496722419 27.2607236666 28.1470306553 27.573149112 27.7995452198 27.9182664405 28.1150582472 27.3965101137 28.0517754047 27.403187386 28.3736962566 27.3785294968 28.3983369592 27.9052826881 27.1250866623 27.6074021184 27.3686785214 27.4688385435
28.2247609593 27.7044130767 27.5539297033 27.1887330721 28.1630286796 27.0102572941 53.2142174428 53.2142174428 53.2142174428 27.4554540734 27.9386524688 27.4459693296 27.6785700589 27.905994762 28.1864792651 28.3355620969 27.7412550852 27.0913371724 27.0077926744 28.412152844 27.0237235333 27.0659796273 27.6205597311 27.1032455922 27.6194972711 27.5558593584 27.9698023673 27.4030939879 28.0196006862 27.7034917971 28.3957236198 28.4056138538 27.6705937527 27.4434123575 28.2341118958 28.0515407711 28.0643479434 27.2581088244 28.2647322787 28.0257665228 27.0274640074 27.6419523978 28.2748136305 28.3118561133 27.9738709381 28.2217139177 28.4051429421 27.8435500269 27.6112156535 28.2675924252 27.8366558409 27.6825920831 27.9438655411 27.9833962417 28.2232132684 28.2085933974 27.4319028847
28.22151416 27.2771165843 27.8341771324 49.5685045911 55.1147095788 53.4532851011 27.9970792042 28.3450120841 28.1335530489 27.57378043 28.0702631407 28.4023399284 28.3434577196 28.2356375279 27.4422812737 27.2690480442 27.3079274906 28.0459298477 27.6564841616 27.1551757988 28.0246976413 27.1035439081 27.134216573 27.9692167319 27.7203454143 27.2264489415 27.4184915728 27.063768653 28.3961742841 27.3404514003 27.5565267036 27.2668874962 27.2766873344 27.9300104272 27.3006091815 27.8620294207 28.0572897448 27.7890421991 27.248504023 27.6768677346 28.3547714289 27.0898777523 27.9236638443 27.1466117126 27.0938554317 27.2376590988 28.2693928026 27.5959529192 27.6497483013 28.0176370117 27.28065958 28.0485142872 28.2501942095 27.5462642999 27.0913763917 27.3838365279 27.4528923051
27.9542535216 27.0101355993 27.8989667851 49.5685045911 55.1147095788 55.1147095788 27.7599028521 28.3277701496 67.2595650842 58.8210292374 58.8210292374 27.343264023 27.6958442786 27.8498798641 28.347687833 27.9099703246 28.0260955672 27.3052375867 28.123903163 27.5448560698 28.151241525 28.2197372472 27.8582042987 27.2303071273 27.8957304791 28.282793613 27.6546855189 27.4780083297 27.1382758482 27.9841491801 27.9218699893 27.3600719148 28.1709286078 27.1312891749 28.0091715053 27.2742995796 28.3321244132 27.853123432 27.4504315801 27.6084420542 27.5009579347 27.4158219958 27.783028687 27.0672417642 28.0741801058 27.4028817011 28.124396909 28.1474036337 28.0961986677 27.7820252209 27.4972583422 28.045890881 27.7831840016 28.0335632364 27.1955651752 28.3614790677 27.6186708565
27.1291125086 27.4183676145 27.7295171164 55.1147095788 56.7837613978 56.7837613978 52.6739306674 58.9147901379 84.2799261681 58.8210292374 58.8210292374 27.2560186524 27.9031208019 27.7085677083 27.1343359404 27.4626155513 27.8874349429 28.2529168238 27.4445313231 27.8738174487 28.0106787058 27.1423180299 27.5321668389 27.0343851608 27.4258484613 27.072710507 27.892609469 28.2326183002 27.4090619819 27.7910298474 28.1670634956 27.0435012118 28.2863313569 27.6408618772 28.0312972892 27.8509853528 27.6721184143 27.8105218698 27.6416020397 28.1383116945 27.6544980042 27.4526448044 27.9920348401 27.7633809855 28.0404848786 27.9656265543 28.1660078843 27.9546471785 28.375936414 27.2371611975 27.0701212096 28.3346775643 27.537445609 27.9490292508 27.2610853412 28.3108129233 27.9436405067
28.3829008261 27.8646923792 28.0527418758 56.7837613978 56.7837613978 56.7837613978 52.6739306674 52.6739306674 27.1520310956 28.0697713644 58.8210292374 50.1918798841 27.824717161 28.3260045599 27.392799094 27.1179533423 28.2994558484 28.3768488259 27.8518567875 27.6697627078 27.9812070118 27.108994307 28.039402571 27.6128892058 27.2367565315 27.7197842094 27.3803050693 28.2520012105 27.5648974207 27.4218218317 28.2934271136 28.0999010722 28.0418111971 27.9762069854 28.1026136343 28.3920278953 27.8071646389 27.2489044497 27.8869363526 27.1804031082 27.4432371931 27.6544422434 27.7281332849 27.134787722 28.28514962 27.4534687928 28.0847565166 27.0723458869 28.3387018789 27.8529373963 27.270126434 27.0924615116 28.1022888298 27.4542254543 27.1789671925 27.7877004471 27.1278145242
28.2351532439 27.6255665102 27.0874791359 53.7029715622 28.1300948894 28.1400374847 52.6739306674 52.6739306674 27.9728082504 27.343093991 28.1083934191 53.4001485369 53.4001485369 68.3782154456 27.4708317699 27.1607362174 27.5199945265 27.4028080961 27.4727479964 28.0330995835 27.7841847649 27.7159707944 27.5942892442 27.4143832974 27.6461418828 28.0891898917 27.5397461611 27.6903614467 27.7798932336 27.2101056873 27.6740928138 27.5998503078 28.3803625301 28.1092121826 27.4273443671 28.1811222017 27.3488987213 28.1228466776 28.036083091 27.0066699692 27.145928893 28.3236722881 27.2199032381 27.0876876699 28.1598672772 27.9520594451 28.206795887 28.0338911637 27.6748743729 27.9542422658 27.9173806105 27.9570588369 28.3991877826 28.2901516111 27.1563132449 27.9289548436 27.4806045155
28.03473007 27.3870874913 28.3125097438 27.7593367628 27.0942687817 41.936284802 27.3766205054 27.0619048392 27.8212396111 71.5159660228 71.5159660228 53.4001485369 46.389584868 46.389584868 43.9146281136 27.1450268241 27.8157438781 27.6441919198 27.8962776307 27.6424148572 27.7249094412 27.9434629963 28.3504575247 27.8085638571 28.3778520383 27.1104267134 28.2109298693 27.0042738426 27.1057189762 28.1867395466 27.3447661795 27.879319219 27.2944320323 27.2026219299 27.6995762699 27.9205151378 27.5831543047 27.8949950118 27.9625583342 27.8807913149 27.578854318 27.5736998131 28.3072649094 28.0767950264 27.449579317 27.4202753091 27.3254100753 28.2042199806 28.0782703544 28.0587069872 27.9010569444 27.2989878127 27.1204991156 27.4480853897 27.8690747635 28.1090469682 28.2578902615
27.2972499294 28.4080705796 28.1523642712 70.11218731 70.11218731 27.4590532175 70.11218731 28.2014823321 43.6299000697 71.5159660228 71.5159660228 43.6299000697 46.389584868 46.389584868 43.9146281136 28.0052161501 27.6445623513 28.3670679217 27.9773608131 27.4485608574 27.4427000977 27.1082261658 27.8754958541 28.2292868676 27.5377191201 27.3518287244 27.6281757105 27.1035965667 27.3168643729 27.956408238 27.2794034576 27.7025822968 27.6311104353 27.1200138212 27.8880434409 28.293374906 27.438125187 27.4006521574 27.4952157366 27.2099609892 28.1725407487 27.0947422134 27.8984587393 28.0430969391 27.6950671039 27.4107201253 27.2242967568 27.0053705506 27.3934258647 28.0478531469 27.1407205775 28.0104587483 28.2949156659 27.1031048781 27.4242609924 27.5400206305 27.1540645179
27.8965168715 27.7954449141 27.3591213559 50.5842904012 50.0223274963 50.5842904012 27.0792557534 27.4193153555 27.6168770224 27.6096281053 27.7985507014 62.417240967 27.6378110996 43.9146281136 43.9146281136 27.8642089937 27.4116630427 28.2063106519 27.9766156902 27.865106325 28.3274776173 27.8995349254 27.8346476057 28.1799940248 27.3452877271 27.9898489046 28.1541400016 27.9778121927 27.843179146 27.1914395281 28.2511901129 27.8633276401 27.8644716985 27.5610071726 27.1283383688 27.779423428 27.8385568117 27.6419221035 28.0352817529 28.2933004544 27.0835165518 27.9301911218 28.1797208366 28.1998517385 28.3498413342 27.8845798965 27.4948231708 27.6087332221 27.294165636 27.8759538077 27.0096496265 27.1600163513 28.1208921147 27.98067737 28.403944107 28.1674279619 72.7694622817
27.3882921513 27.7458758314 27.6063015699 50.0223274963 67.0361991525 67.0361991525 67.0361991525 27.724744423 28.3535394057 27.6708727877 28.1639125057 27.7920071518 28.2478956467 27.4480529239 27.3597616718 27.9100760761 28.2038253897 28.2745931923 27.0355205556 27.682715693 28.2091721928 28.1678235293 27.8555036831 27.609018698 28.0316765239 28.0673763893 27.0098617462 27.4546048508 28.4120788747 27.9691189984 28.1362339095 27.3337629592 27.934664911 28.3591690835 27.3663598556 27.6190853209 27.856738861 27.0434879671 27.2731686654 27.8293074525 28.0503444629 27.7194905417 27.011015177 27.7711731763 28.0190061755 27.2730865274 28.2901002776 27.2845816496 27.7431326955 27.0415722753 28.0932242578 28.1255398884 27.5906417542 28.1962589615 27.8574873807 27.9714171083 72.7694622817
27.0768614258 27.7230069451 27.6899707433 27.1659490255 67.0361991525 49.1931391544 49.1931391544 27.4917639037 27.5847132904 27.9114697299 27.9623255256 28.2370732078 27.4630924002 27.1375553929 28.2982165375 27.3121995533 27.6897023439 27.2287356962 28.1506243501 28.3394830426 27.0337195441 27.730369661 27.6704825756 27.9572756392 27.4711873382 28.2289147413 27.5486700752 27.5526410525 28.1068419581 27.8891022445 27.5352837566 27.347370068 28.0712989481 28.3720725458 28.1801478025 27.0120434264 27.8650381487 28.078447284 28.3186522834 28.3767057015 28.1463063572 28.1272408907 28.3975455113 27.8956934956 27.5319119743 27.6754644376 27.6275010572 28.1368261818 28.2876319793 27.0847794036 28.2309568735 27.5613394729 27.9585102729 28.1780457191 39.1012137205 39.1012137205 39.1012137205
27.3437855647 27.9141174531 28.2065767473 28.1854840192 49.1931391544 49.1931391544 55.7088667648 46.4972698611 27.3084252351 27.1013876891 27.6365280361 27.9907959057 80.701471739 80.701471739 80.701471739 80.701471739 28.2512702288 27.5319946411 27.1317088484 27.8942040815 27.0717066733 28.3500001412 27.5734018026 27.0324456153 28.0606240097 28.0727063314 27.9766271891 27.310405401 27.933127105 27.6829027311 28.225719156 28.1415139568 28.2377770185 27.0683752002 28.1673354439 28.3780066161 27.0698581376 27.2166279954 27.5347999136 27.9104163004 27.3589007589 27.2801276684 27.3952172459 27.9880927577 27.9299387337 28.0466868213 28.0779475082 28.0924640557 28.0091316902 28.3252703725 27.9231822136 27.1186636325 27.7124210972 46.8055011278 46.8055011278 50.1305075803 54.5597939955
28.2664031642 28.118295173 28.0253730056 27.3216482396 27.4186683409 39.2346723281 59.6052443033 59.6052443033 27.9010927152 27.5997401942 27.861467148 27.189855249 27.3702677123 80.701471739 80.701471739 27.7840697304 27.3701330521 27.4279981927 27.9157808769 27.0508962337 27.7705145765 27.7037732417 28.342617473 27.9072568967 28.0219576044 27.259770483 27.5755569662 27.5706950084 27.1887577584 27.7443454628 27.4916035946 27.0646799238 27.2207604077 27.6199341592 27.6590885239 27.5110440681 27.3648522042 28.0239718162 27.0289374349 27.3762637191 27.488574415 27.0086527081 28.0197189871 27.9523193053 28.0790052047 27.8657704521 27.3344057369 27.4320032232 27.3090287991 28.1859411625 27.4837449167 28.2669328934 27.2831808759 27.3878296122 46.8055011278 49.7203871993 47.7961868338
