Spatial_Output/BAU/BAU_0867.asc
NCOLS 155
NROWS 192
XLLCORNER 196307.867259
YLLCORNER 449144.565805
CELLSIZE 33.573938
NODATA_VALUE NaN
[rows 105 to 139 of 192, columns 0 to 77 of 155]
0 0 0 0 0 0 0 0 0 0 0 0 0 0 0 0 0 0 0 0 0 0 0 0 0 48.2964592555 46.9790129585 46.9790129585 41.2907565308 13.87 19 19 19 19 19 19 19 19 19 19 19 19 19 19 19 19 19 19 49.2311505072 49.2311505072 49.2311505072 49.2311505072 19 19 62.2919829515 62.2919829515 62.2919829515 19 19 19 19 19 19 46.6574017978 46.6574017978 46.6574017978 19 19 19 19 53.8556112449 44.793158306 44.793158306 19 19 43.6683404204 43.6683404204 43.6683404204
0 0 0 0 0 0 0 0 0 0 0 0 0 0 0 0 0 0 0 0 0 0 0 0 76.3567426032 70.1046357986 46.9790129585 46.9790129585 46.9790129585 19 19 19 19 19 19 19 19 19 19 19 19 19 19 19 19 19 19 19 52.9535033065 19 19 19 19 19 77.8844443103 77.8844443103 77.8844443103 19 19 19 19 19 19 46.6574017978 46.6574017978 19 19 19 19 19 19 19 19 19 19 19 19 38.7892610748
0 0 0 0 0 0 0 0 0 0 0 0 0 0 0 0 0 0 0 0 0 0 0 0 46.9790129585 46.9790129585 46.9483952608 19 19 19 19 19 19 19 19 19 19 19 19 19 19 19 19 19 19 19 19 19 55.4871402557 49.2388850464 52.9535033065 19 19 19 19 77.8844443103 19 19 19 19 19 19 19 19 55.6556692914 19 19 19 19 19 19 19 19 19 19 19 38.7892610748 38.7892610748
0 0 0 0 0 0 0 0 0 0 0 0 0 0 0 0 0 0 0 0 0 0 0 0 46.9790129585 46.9790129585 46.9790129585 54.180881817 19 19 19 19 19 19 19 19 19 19 19 19 19 19 19 19 19 19 19 19 49.2388850464 49.2388850464 49.2388850464 52.9535033065 19 19 19 53.4773821226 19 19 19 19 19 19 19 55.6556692914 19 55.6556692914 19 19 19 19 19 19 19 19 19 19 38.7892610748 38.7892610748
0 0 0 0 0 0 0 0 0 0 0 0 0 0 0 0 0 0 0 0 0 0 0 0 0 0 0 0 19 19 19 19 19 19 19 19 19 19 19 19 19 19 19 19 19 19 19 19 19 19 32.9561943946 19 19 53.4773821226 53.4773821226 53.4773821226 19 19 19 19 19 19 19 48.3786313901 19 48.3786313901 19 19 19 19 19 19 19 19 19 19 19 43.1045711051
0 0 0 0 0 0 0 0 0 0 0 0 0 0 0 0 0 0 0 0 0 0 0 0 0 0 0 0 0 19 19 19 19 19 19 19 19 19 19 19 19 19 19 19 19 19 19 19 19 55.4871402557 55.4871402557 19 19 51.0715541393 44.3466190319 53.4773821226 19 62.7817233621 19 50.2857057767 67.7112349318 67.7954650473 44.6960791933 63.7508580019 45.2744231318 38.2037392485 19 19 19 34.5685361608 19 19 19 19 43.5472589761 19 19 19
0 0 0 0 0 0 0 0 0 0 0 0 0 0 0 0 0 0 0 0 0 50.37929478 50.37929478 0 0 0 0 0 0 19 19 19 19 19 19 19 19 19 19 19 19 19 19 19 19 19 19 19 55.4871402557 55.4871402557 55.4871402557 62.2710694078 19 47.4632736596 44.3466190319 44.3466190319 19 62.7817233621 62.7817233621 67.7112349318 67.7112349318 67.7954650473 19 19 47.9922314623 38.2037392485 38.2037392485 19 34.5685361608 34.5685361608 19 19 43.5472589761 19 43.5472589761 19 51.3570411685 51.3570411685
0 0 0 0 0 0 0 0 0 0 0 0 0 0 0 0 0 0 0 0 0 50.37929478 50.37929478 0 0 0 0 0 0 0 19 19 19 19 19 19 19 19 19 19 19 19 19 19 19 19 19 19 19 32.9561943946 32.9561943946 19 19 19 51.0715541393 47.4632736596 19 62.7817233621 62.7817233621 67.7112349318 67.7112349318 67.7954650473 44.6960791933 19 51.3600187625 38.2037392485 38.2037392485 49.8928108635 34.5685361608 34.5685361608 19 19 43.5472589761 19 43.5472589761 19 51.3570411685 51.3570411685
0 0 0 0 0 0 0 0 0 0 0 0 0 0 0 0 0 0 0 0 0 0 0 0 0 0 0 0 0 0 0 19 19 19 19 19 19 19 19 19 19 19 19 19 19 19 19 19 32.9561943946 32.9561943946 32.9561943946 19 19 19 19 19 19 62.7817233621 19 50.2857057767 67.7112349318 67.7954650473 19 49.5910085757 49.5910085757 19 19 19 19 19 19 19 19 19 19 19 51.7163812157 58.6936799502
0 0 0 0 0 0 0 0 0 0 0 0 0 0 0 0 0 0 0 0 0 0 0 0 0 0 0 0 0 0 0 19 19 19 19 19 19 19 19 19 19 19 19 19 19 19 19 19 19 63.8872232264 35.2457905872 51.271593337 40.3856833074 40.3856833074 19 19 19 19 19 19 19 19 19 50.9448060137 49.5910085757 42.1388967302 19 19 19 19 19 19 19 19 19 19 19 19
0 0 0 0 0 0 0 0 0 0 0 0 0 0 0 0 0 0 0 0 0 0 0 0 0 0 0 0 0 0 0 0 19 19 19 19 19 19 19 19 19 19 19 19 19 19 19 19 35.2457905872 53.9463781077 63.8872232264 35.2457905872 40.3856833074 40.3856833074 72.8840245663 19 19 19 19 19 19 19 50.9448060137 53.5091983167 50.9448060137 19 19 19 19 19 19 19 19 19 19 19 33.9416887052 19
0 0 0 0 0 0 0 0 0 0 0 0 0 0 0 0 0 0 0 0 0 0 0 0 0 0 0 0 0 0 0 0 19 19 19 19 19 19 19 19 19 19 19 19 19 19 19 19 53.9463781077 53.9463781077 53.9463781077 19 19 40.3856833074 36.1001110356 19 19 19 19 19 19 19 53.5091983167 53.5091983167 53.5091983167 19 19 19 19 19 19 19 19 19 19 19 19 56.3325244651
0 0 0 0 0 0 0 0 0 0 0 0 0 0 0 0 0 0 0 0 0 0 0 0 0 0 0 0 0 0 0 0 0 19 19 19 19 19 19 19 19 19 19 19 19 19 19 19 66.310835806 53.9463781077 53.9463781077 66.310835806 19 19 73.3795948436 70.4535348739 70.4535348739 19 19 19 19 19 31.8231139744 48.0934170866 51.7631110028 19 19 19 19 19 19 19 19 19 19 19 19 71.3748716105
0 0 0 0 0 0 0 0 0 0 0 0 0 0 0 0 0 0 0 0 0 0 0 0 0 0 0 0 0 0 0 0 0 19 19 19 19 19 19 19 19 19 19 19 19 19 19 19 19 36.8013765227 36.8013765227 36.8013765227 19 19 70.4535348739 70.4535348739 70.4535348739 19 19 19 19 40.7845959702 56.8634567161 56.8634567161 56.8634567161 19 19 19 19 19 19 19 19 19 19 19 71.3748716105 71.3748716105
0 0 0 0 0 0 0 0 0 0 0 0 0 0 0 0 0 0 0 0 0 0 0 0 0 0 0 0 0 0 0 0 0 0 19 19 19 19 19 19 19 19 19 70.35734519 19 19 19 19 19 36.8013765227 36.8013765227 19 19 19 70.4535348739 19 19 19 19 19 19 43.600223544 56.8634567161 50.4968135878 50.4968135878 19 19 19 19 19 19 19 19 19 19 19 19 40.4434144795
0 0 0 0 0 0 0 0 0 0 0 0 0 0 0 0 0 0 0 0 0 0 0 0 0 0 0 0 0 0 0 0 0 0 0 19 19 19 19 19 19 19 19 19 70.35734519 19 19 19 19 19 36.8013765227 19 19 19 19 19 19 19 19 19 19 19 43.600223544 50.4968135878 19 19 19 19 19 19 19 19 19 19 19 19 19 19
0 0 0 0 0 0 0 0 0 0 0 0 0 0 0 0 0 0 0 0 0 0 0 0 0 0 0 0 0 0 0 0 0 0 0 19 19 19 64.3240648296 39.8959385807 39.8959385807 39.8959385807 19 70.35734519 19 19 19 19 19 19 19 19 19 19 19 19 19 19 19 19 19 19 19 19 19 19 19 19 19 19 19 19 19 19 19 19 19 19
0 0 0 0 0 0 0 0 0 0 0 0 0 0 0 0 0 0 0 0 0 0 0 0 0 0 0 0 0 0 0 0 0 57.4986684938 46.0439592775 46.0439592775 19 19 64.3240648296 64.3240648296 39.8959385807 19 19 19 19 19 19 19 19 19 19 19 19 19 19 19 19 19 19 52.4171894311 19 19 19 19 19 19 19 19 19 19 19 19 19 19 19 19 19 19
0 0 0 0 0 0 0 0 0 0 0 0 0 0 0 0 0 0 0 0 0 0 0 0 0 0 0 0 0 0 68.5963809928 40.4301407631 31.1740116398 44.0429623291 36.2869791666 46.0439592775 46.0439592775 19 35.2775846144 64.3240648296 39.8959385807 19 19 19 19 19 19 19 19 19 19 19 19 19 19 19 19 19 57.8157334969 52.4171894311 52.4171894311 44.7925629571 40.3646945145 19 19 19 19 19 19 19 19 19 19 19 19 19 19 19
0 0 0 0 0 0 0 0 0 0 0 0 0 0 0 0 0 0 0 0 0 0 0 0 0 0 0 0 42.339781604 49.5531994059 68.5963809928 40.4301407631 44.2225450454 42.0539038288 36.1184791982 46.0439592775 57.5733516215 19 19 19 19 19 19 19 19 19 46.9411478942 37.9974733119 19 19 19 19 19 19 19 19 19 19 19 44.7925629571 38.1411003482 67.3048470208 19 19 19 19 19 19 19 19 19 19 19 19 19 19 19 19
0 0 0 0 0 0 0 0 0 0 0 0 0 0 0 0 0 0 0 0 0 0 0 0 0 37.5995568224 37.5995568224 37.5995568224 54.7292598508 49.5531994059 40.4301407631 40.4301407631 29.3567579282 38.8214586792 43.8310344786 54.7063549248 0 0 19 19 19 19 19 19 19 19 37.9974733119 19 19 19 19 19 19 19 19 19 19 19 19 19 38.1411003482 19 67.3048470208 19 19 19 19 19 19 19 19 19 19 19 19 19 19 19
0 0 0 0 0 0 0 0 0 0 0 0 0 0 0 0 0 0 0 0 0 0 0 0 0 37.5995568224 37.5995568224 37.5995568224 54.7292598508 49.5531994059 49.5531994059 68.5963809928 51.6051166195 55.145741716 0 0 0 0 19 19 19 19 19 19 19 50.8897694216 49.3940583172 19 37.9974733119 19 19 19 19 49.9176104832 19 35.849612945 39.9763972561 39.9763972561 39.9763972561 58.5781078159 38.1411003482 19 19 19 19 19 19 19 19 19 19 19 19 19 19 19 19 19
0 0 0 0 0 0 0 0 0 0 0 0 0 0 0 0 0 0 0 0 0 0 0 0 0 57.1963571753 37.5995568224 37.5995568224 54.7292598508 50.6089134352 0 0 0 0 0 0 0 0 0 19 19 19 19 19 19 47.7577836837 47.7577836837 49.3940583172 19 19 19 19 19 49.9176104832 49.9176104832 46.0297780082 39.9763972561 39.9763972561 19 45.4884996006 58.5781078159 19 47.8511439729 19 19 19 19 19 19 19 19 55.4966780293 19 19 34.6727005897 19 19 39.053785495
0 0 0 0 0 0 0 0 0 0 0 0 0 0 0 0 0 0 0 0 0 0 0 0 0 0 0 0 0 0 0 0 0 0 0 0 0 0 0 0 19 19 19 19 19 47.7577836837 47.7577836837 47.7577836837 19 46.5248363518 19 19 19 49.9176104832 49.9176104832 19 39.9763972561 39.9763972561 19 19 19 38.1366944192 38.1366944192 38.1366944192 19 19 19 19 19 19 19 55.4966780293 55.4966780293 34.6727005897 19 41.5088660343 39.053785495 39.053785495
0 0 0 0 0 0 0 0 0 0 0 0 0 0 0 0 0 0 0 0 0 0 0 0 0 0 0 0 0 0 0 0 0 0 0 0 0 0 0 0 0 19 19 19 19 19 19 19 19 19 19 19 19 19 19 19 19 19 19 19 19 38.1366944192 38.1366944192 19 38.2431046519 19 19 19 19 19 19 55.4966780293 55.4966780293 55.4966780293 19 19 41.5088660343 39.053785495
0 0 0 0 0 0 0 0 0 0 0 0 0 0 0 0 0 0 0 0 0 0 0 0 0 0 0 0 0 0 0 0 0 0 0 0 0 0 0 0 0 19 19 19 19 19 19 19 19 19 19 19 19 19 19 19 19 19 19 19 44.3137116531 44.3137116531 19 19 19 19 19 19 19 19 19 19 19 19 19 19 19 19
0 0 0 0 0 0 0 0 0 0 0 0 0 0 0 0 0 0 0 0 0 0 0 0 0 0 0 0 0 0 0 0 0 0 0 0 0 0 0 0 0 0 19 19 19 19 19 19 19 19 19 19 19 19 19 19 19 19 19 19 44.3137116531 44.3137116531 63.1640407757 19 63.1640407757 19 19 19 19 19 19 19 19 19 19 19 19 19
0 0 0 0 0 0 0 0 0 0 0 0 0 0 0 0 0 0 0 0 0 0 0 0 0 0 0 0 0 0 0 0 0 0 0 0 0 0 0 0 0 0 0 19 19 19 19 19 19 19 19 19 19 19 19 19 19 69.9599864773 69.9599864773 47.1930105992 47.1930105992 44.3137116531 63.1640407757 19 19 19 19 19 19 19 19 19 19 19 19 19 19 19
0 0 0 0 0 0 0 0 0 0 0 0 0 0 0 0 0 0 0 0 0 0 0 0 0 0 0 0 0 0 0 0 0 0 0 0 0 0 0 0 0 0 0 19 19 19 19 19 19 19 19 19 19 65.8281764514 19 46.37937287 19 69.9599864773 69.9599864773 19 19 47.1930105992 19 19 19 19 19 19 19 19 19 19 19 19 19 19 19 19
0 0 0 0 0 0 0 0 0 0 0 0 0 0 0 0 0 0 0 0 0 0 0 0 0 0 0 0 0 0 0 0 0 0 0 0 0 0 0 0 0 0 0 0 19 19 19 19 19 19 19 19 36.3732838865 65.8281764514 65.8281764514 46.37937287 19 69.9599864773 69.9599864773 19 19 19 19 19 19 19 19 19 19 19 19 19 19 19 19 19 19 19
0 0 0 0 0 0 0 0 0 0 0 0 0 0 0 0 0 0 0 0 0 0 0 0 0 0 0 0 0 0 0 0 0 0 0 0 0 0 0 0 0 0 0 0 19 19 19 19 19 19 19 19 54.0639532405 54.0639532405 65.8281764514 19 19 19 19 19 19 19 19 19 19 19 19 19 19 19 19 19 19 19 19 19 19 19
0 0 0 0 0 0 0 0 0 0 0 0 0 0 0 0 0 0 0 0 0 0 0 0 0 0 0 0 0 0 0 0 0 0 0 0 0 0 0 0 0 0 0 0 19 19 19 19 19 19 19 44.3963989532 54.0639532405 54.0639532405 19 19 19 19 19 19 19 19 19 19 19 19 19 19 19 19 19 19 19 19 19 19 19 19
0 0 0 0 0 0 0 0 0 0 0 0 0 0 0 0 0 0 0 0 0 0 0 0 0 0 0 0 0 0 0 0 0 0 0 0 0 0 0 0 0 0 0 0 0 19 19 19 19 19 19 44.3963989532 44.3963989532 19 19 19 19 19 19 19 19 19 19 19 19 59.5242996005 19 19 19 19 19 19 19 19 19 19 19 19
0 0 0 0 0 0 0 0 0 0 0 0 0 0 0 0 0 0 0 0 0 0 0 0 0 0 0 0 0 0 0 0 0 0 0 0 0 0 0 0 0 0 0 0 0 19 19 43.1758140607 19 19 19 44.7322420133 44.3963989532 19 19 19 19 19 19 19 19 19 19 19 19 19 19 19 19 19 19 19 19 19 19 19 19 19
0 0 0 0 0 0 0 0 0 0 0 0 0 0 0 0 0 0 0 0 0 0 0 0 0 0 0 0 0 0 0 0 0 0 0 0 0 0 0 0 0 0 0 0 0 19 19 43.1758140607 43.1758140607 43.1758140607 19 57.7780951964 19 19 19 19 19 19 19 19 19 19 19 19 19 19 19 19 19 19 19 19 19 19 19 19 19 19
