Spatial_Output/BAU/BAU_0199.asc
NCOLS 155
NROWS 192
XLLCORNER 196307.867259
YLLCORNER 449144.565805
CELLSIZE 33.573938
NODATA_VALUE NaN
[rows 150 to 174 of 192, columns 57 to 113 of 155]
47.2460332264 46.9558392887 46.1076925045 46.7213163237 46.4254280888 46.2278998894 46.127947107 51.8943405201 70.8081115181 77.0813987285 66.0924652619 47.2856801621 47.3392473046 46.9693709569 46.1631812235 46.4937871301 46.0911491897 46.3219018454 47.0856620968 46.4979282247 46.5199075724 47.2173309861 46.766847519 46.1428239999 47.1383103532 46.5277820107 47.1386501218 47.3005336239 46.9783216593 47.2455827167 46.3750969139 46.1123008096 46.5110003089 47.2626418812 47.0510645153 75.6559991433 75.3823984012 75.3823984012 75.3823984012 46.07361668 46.1364767471 47.3504969095 47.2296564568 46.8531463102 46.7027781345 46.685742244 47.0082378442 47.2729382447 46.409894232 47.2281150949 46.4022318553 47.1187120202 46.2744376314 46.4940064758 46.9814129187 47.0473137677 46.2806326462
0 46.0394197556 46.3699768835 46.0479941502 47.1269412893 46.5211332714 46.6609833067 77.1384039076 64.6785081425 63.4195169393 72.1580069267 47.1285784108 46.7927441671 47.0569588502 47.2438231879 46.8672088611 46.4301228659 46.5124640171 46.9229843831 46.5466133611 47.2984716847 46.7665538778 46.7340972792 47.3314255881 47.3490236391 47.2956516847 46.3963573596 46.0567265563 47.1308388747 46.4812690982 46.7816290201 47.1833355565 47.3249620199 47.3679497401 46.30055253 47.2187829354 75.3823984012 75.3823984012 75.0585387324 47.2642527799 46.4582302237 46.0848423828 46.6820832851 47.111518473 46.4230072634 47.2167558725 46.0659918983 46.4896153938 46.0940386334 46.7872594593 47.1501046626 47.3750389761 46.8738166689 47.0765812475 47.3433215804 47.2675587366 46.1653328972
0 0 0 0 46.7246418885 46.6997719341 46.9691376642 47.1105162065 68.6811591883 64.5927497618 65.9334932339 46.2720812694 46.0891560926 46.6214498831 46.4614495584 46.2077535526 46.3311270181 46.3152268515 46.701672207 46.7364392094 46.567195675 46.6964346257 46.2425286516 46.7791705998 46.5445768097 47.4112839121 47.0754736711 46.2124213906 46.4780973453 46.8959659385 46.0679044503 46.2263111317 46.8035997321 46.7167956551 46.0147887972 46.6007521507 78.1920974413 78.1920974413 77.2086425302 77.2086425302 47.174406331 47.3096648685 46.6335524456 47.4069378634 46.3964509748 46.1026308433 47.2136703072 46.162307283 46.4434629805 46.3513457599 46.7368320376 46.5077926275 47.2875693571 47.0525293855 46.9609942102 46.6592785938 46.8938086569
0 0 0 0 0 0 46.9841099067 46.2762063264 47.4011781925 34.5579915664 34.5579915664 47.0271400187 46.7269539542 46.5648074668 47.3761199465 47.1504821999 46.0780996758 47.0970760691 47.3874879063 46.7655609424 46.0369208498 46.4687732838 46.1905764879 46.3610955125 47.0649043513 46.4816886493 46.0716874339 46.6890779795 46.6298233405 47.3993040164 46.5903473213 46.5548412363 46.1330861276 47.2597696015 46.5145427235 46.5131174585 54.2894706316 77.2086425302 77.2086425302 68.870500286 47.0044234072 47.2161464376 47.3363849901 46.5691241717 46.1494353963 46.7730787312 46.134155732 46.5882390687 47.3545156679 46.2630281007 46.8112843186 47.3318936815 46.2864936456 46.5666152036 46.7524325844 46.4600994296 47.0364388578
0 0 0 0 0 0 0 0 33.6986538547 34.5579915664 34.5579915664 46.0122523364 46.7661412298 46.7759012035 0 0 47.0825941936 46.6149073487 46.7031619993 46.0080843937 46.7019185318 46.210804798 46.5528195922 47.041725713 46.8360283323 47.0379493727 46.753595235 46.8146667581 46.7888940758 47.2420966433 46.3323019485 46.758074284 47.1777984672 46.9688227337 46.8204101739 46.3411945454 47.3981759924 68.870500286 77.2086425302 63.3585947708 73.3999969609 46.0955320342 46.8468827528 46.2837914078 46.4123777979 46.812516878 47.403124906 46.0249075003 47.0295732999 46.1840386557 46.5736845562 46.3840110538 47.0807708757 46.6823894041 46.0551289935 46.5822538301 46.7946367241
0 0 0 0 0 0 0 0 0 76.612351131 66.6391598173 66.6391598173 66.6391598173 0 0 0 46.7327434921 46.9330627294 46.0962005376 46.5681321001 46.0662415374 46.4371393088 46.3221641894 46.7284410524 46.5379601589 47.1664153573 46.0206555137 46.3254141923 47.0342711271 46.0357668136 47.2261973994 46.5713004041 46.9971728503 46.7559615576 47.1160559678 47.2410140643 46.4335092474 46.4670868834 73.6154297746 73.6154297746 73.6154297746 46.2127470169 46.9744682729 47.3287019122 47.1559081736 47.3322787358 46.7837389559 46.9632977698 46.0824731041 46.5797482823 47.2308668351 46.9095275088 46.0621180499 47.39878487 46.1967948842 46.2924045052 46.258122538
0 0 0 0 0 0 0 0 0 0 66.6391598173 66.6391598173 76.8691511356 0 0 0 0 46.3449923192 46.6408091275 47.2447379635 46.0927362814 46.2140442301 46.5888957876 46.6328077576 46.3728002774 46.5493615747 47.1829779937 46.6312060938 46.6715875954 46.5306752741 46.8684945343 46.2029128764 46.9813365277 46.6515067181 46.5875219026 47.304700988 46.1339720337 47.2776447114 73.6154297746 73.6154297746 46.7008538401 46.3605126541 46.9991199923 47.1950762212 46.0754255537 47.1546512064 46.6325067561 46.5465086405 46.320134316 46.9214569489 46.1565072084 46.0909190876 46.3391452436 46.7448816266 46.7574254912 46.8148524382 47.0399934568
0 0 0 0 0 0 0 0 0 0 76.8691511356 82.3112476495 77.0039398251 59.2302652567 0 0 0 0 47.2169889086 46.855414479 46.4607039517 46.7868197301 47.4082851714 46.0674736189 46.3270642411 46.5592301195 46.9805972113 46.3611395135 47.2209881683 47.3194215799 46.1262049536 47.0222473248 46.5499167598 46.9575475384 46.1098153654 46.6623411319 46.596034736 47.1257064291 47.0538870452 46.0633422425 65.4163660118 65.4163660118 46.4477056186 46.5141617782 47.0932558466 46.0494007922 47.0402651649 46.0790041861 47.1282578437 46.3995759638 46.1457293024 46.0885758901 47.1888513356 46.5386609392 46.5600795449 46.2026455258 46.3137094719
0 0 0 0 0 0 0 0 0 0 105.1776243773 77.0039398251 77.0039398251 0 0 0 0 0 0 47.3648439903 47.4086798003 46.9431095046 46.4717528716 46.4756536805 46.4658187964 46.3449417703 46.3238712712 47.2097971701 47.0033247343 46.0499732835 47.1640971407 46.7454799907 46.8461565764 46.0225547075 46.6115105677 46.2583838787 46.9872201888 46.2236033987 46.8361469367 65.4163660118 66.2678890296 66.2678890296 71.6920436591 46.3686952722 46.7441793353 47.1302124014 46.0043956858 47.3813028124 46.2792990994 47.3020527807 47.0271006989 46.0550736403 46.4663655001 46.4967897559 46.1770414947 46.1350651879 46.6128264645
0 0 0 0 0 0 0 0 0 0 0 0 0 0 0 0 0 0 0 0 46.3377629927 47.3450362558 47.0955036255 46.3517263267 46.6932727282 46.0290056647 46.4337086045 46.4162508093 47.1734610573 46.0122816206 47.368168606 46.757467777 46.2457784106 46.5212333591 46.825322585 46.1193743488 46.0677732639 46.2192153204 46.0937878663 66.2678890296 66.2678890296 66.2678890296 57.5476565325 46.8623600887 47.0058802184 47.1946645735 46.442070012 46.8377629589 47.1408445279 46.0291335422 46.4182531178 46.8538483024 46.0373639281 46.6508087429 46.0755857853 46.3538657917 46.6967626731
0 0 0 0 0 0 0 0 0 0 0 0 0 0 0 0 0 0 0 0 0 0 0 0 46.09262117 47.1279135355 46.9057649364 47.0078076856 47.3808057735 46.5736621401 46.657318499 46.9416751441 47.3042336045 46.1997857397 46.1356041319 46.3304433967 47.190297335 47.3232331921 46.7167581725 46.0645775679 72.459154865 72.459154865 72.459154865 46.6357670421 46.8185482904 46.13614283 47.1035472638 46.786391274 47.0984810348 46.5953710465 46.0891007872 46.8352673683 46.6343480177 46.2444058603 46.7101985155 47.4111685267 46.2167984841
0 0 0 0 0 0 0 0 0 0 0 0 0 0 0 0 0 0 0 0 0 0 0 0 0 0 0 0 47.230821736 46.7006379788 46.6383709152 47.3899693815 46.3311681408 46.8827779868 46.795192985 46.3495060806 47.1654615223 46.81643889 47.0301383618 46.618599974 46.89468184 72.459154865 68.2799584748 53.2594932789 47.036438917 47.0643764205 47.3753622461 46.3468436098 46.0126657931 46.9573540957 47.1232149118 47.0105519862 46.4335234143 46.6572906061 47.379479008 47.2569416243 0
0 0 0 0 0 0 0 0 0 0 0 0 0 0 0 0 0 0 0 0 0 0 0 0 0 0 0 0 0 47.2439739128 46.2266356855 46.8347442403 46.0477651762 47.0171808899 47.1723754872 47.1064255505 46.6162042528 47.39021951 46.8671861341 46.0249970098 68.2799584748 68.2799584748 65.8579744579 53.2790141882 47.0435984826 47.1267694578 47.3568698654 46.0512146871 46.1032642401 46.2629108569 47.0601015444 46.7043843774 46.9432651323 46.1425116308 46.1812956673 0 0
0 0 0 0 0 0 0 0 0 0 0 0 0 0 0 0 0 0 0 0 0 0 0 0 0 0 0 0 0 0 46.9243472819 47.1556500442 46.3747906793 47.3114917133 47.1094375069 47.1447572786 46.1645513362 47.0793128516 46.2676683876 46.4278287011 46.0158880761 70.6245338466 73.9703068213 73.9703068213 46.4202316309 46.2396230354 46.6031572696 46.9750740096 46.6355816193 46.5587963307 47.3789621089 46.2517904925 46.4822382278 47.332612727 47.3739358886 0 0
0 0 0 0 0 0 0 0 0 0 0 0 0 0 0 0 0 0 0 0 0 0 0 0 0 0 0 0 0 0 0 46.898014008 46.8712063204 46.660100354 46.3801039985 46.2938101376 46.4093447849 46.289776267 46.4598231586 47.2594555056 47.1871447108 73.9703068213 73.9703068213 73.9703068213 47.399105538 46.9337396413 46.8194259148 46.3060593235 46.3227509449 47.3138700286 46.3521587378 46.4366460766 46.2136811569 46.6360043572 46.7010857264 0 0
0 0 0 0 0 0 0 0 0 0 0 0 0 0 0 0 0 0 0 0 0 0 0 0 0 0 0 0 0 0 0 0 0 47.1165311248 46.5672437848 46.9177124581 47.2073294571 47.2289249294 47.3848308002 46.6935653501 46.0985654075 46.923002084 66.2291881281 65.9038959479 46.8795201127 46.2698791214 46.8231424428 46.7405327275 46.0750982839 46.9005055564 46.5917590808 47.3908646121 47.3368326054 46.3106464891 0 0 0
0 0 0 0 0 0 0 0 0 0 0 0 0 0 0 0 0 0 0 0 0 0 0 0 0 0 0 0 0 0 0 0 0 0 47.2358913999 46.9354173977 47.3535755097 46.4945106273 46.3563795226 46.2828160347 46.171666616 46.7040982188 65.9038959479 46.1989603526 71.4315343281 60.4837457411 46.3793030493 47.1882588021 46.8539337761 0 0 0 47.2689245723 46.4831384322 0 0 0
0 0 0 0 0 0 0 0 0 0 0 0 0 0 0 0 0 0 0 0 0 0 0 0 0 0 0 0 0 0 0 0 0 0 46.9074606873 46.6610368316 46.2143740645 46.7814259815 46.2583087346 46.1401662073 46.205284562 47.3530572188 71.4315343281 60.4837457411 60.4837457411 60.4837457411 47.1073902081 46.4716827326 0 0 0 0 0 0 0 0 0
0 0 0 0 0 0 0 0 0 0 0 0 0 0 0 0 0 0 0 0 0 0 0 0 0 0 0 0 0 0 0 0 0 0 0 46.6993414815 46.1944646392 46.1238192466 46.3324250666 46.6103885076 46.6074190096 47.0443989347 46.7102826938 46.0277332175 60.6746863045 75.2653248581 75.2653248581 0 0 0 0 0 0 0 0 0 0
0 0 0 0 0 0 0 0 0 0 0 0 0 0 0 0 0 0 0 0 0 0 0 0 0 0 0 0 0 0 0 0 0 0 0 0 46.3534752905 47.2985665188 46.5304146691 47.247430892 47.0187493698 47.4013143281 46.6408042828 46.5214200863 75.2653248581 75.2653248581 75.2653248581 73.5625745182 0 0 0 0 0 0 0 0 0
0 0 0 0 0 0 0 0 0 0 0 0 0 0 0 0 0 0 0 0 0 0 0 0 0 0 0 0 0 0 0 0 0 0 0 0 0 46.3264840047 47.1293762894 46.9963109788 47.1980515814 46.0636824575 46.8789340709 46.894992527 47.1013774736 73.1601425565 68.1579617633 65.3116573363 0 0 0 0 0 0 0 0 0
0 0 0 0 0 0 0 0 0 0 0 0 0 0 0 0 0 0 0 0 0 0 0 0 0 0 0 0 0 0 0 0 0 0 0 0 0 0 46.7821563988 46.9127413838 46.6059711878 46.2334110149 46.5446159628 47.2398495554 46.4860501993 71.7497662336 73.863579593 69.5267174004 61.8871552954 0 0 0 0 0 0 0 0
0 0 0 0 0 0 0 0 0 0 0 0 0 0 0 0 0 0 0 0 0 0 0 0 0 0 0 0 0 0 0 0 0 0 0 0 0 0 0 46.7298789379 47.2683411136 47.0562287734 46.2936211273 46.268947981 46.4321484398 77.1426015077 64.3450654894 68.4260736544 72.8847427185 32.8834300461 0 0 0 0 0 0 0
0 0 0 0 0 0 0 0 0 0 0 0 0 0 0 0 0 0 0 0 0 0 0 0 0 0 0 0 0 0 0 0 0 0 0 0 0 0 0 46.150072204 46.7728817038 47.2041880704 46.068627358 46.9065059466 0 0 72.8847427185 72.8847427185 55.3774280586 64.9529100959 0 0 0 0 0 0 0
0 0 0 0 0 0 0 0 0 0 0 0 0 0 0 0 0 0 0 0 0 0 0 0 0 0 0 0 0 0 0 0 0 0 0 0 0 0 0 0 46.1590404215 0 0 0 0 0 73.1262321218 55.3774280586 55.3774280586 65.080849334 32.627672834 0 0 0 0 0 0
