Spatial_Output/BAU/BAU_0989.asc
NCOLS 155
NROWS 192
XLLCORNER 196307.867259
YLLCORNER 449144.565805
CELLSIZE 33.573938
NODATA_VALUE NaN
[rows 25 to 49 of 192, columns 0 to 55 of 155]
0 0 0 0 0 0 0 0 0 0 0 0 0 0 0 0 0 45.4552721243 61.7286848938 52.4656277188 65.3833050752 17.3107432356 17.3107432356 48.1391927381 48.1391927381 48.1391927381 60.3554693498 60.3554693498 25.553882137 24.2164069118 24.3031204508 24.7859773973 25.474768978 24.163177955 25.6054616615 24.9107854895 23.8898939948 24.609923503 24.1857653607 25.3529485777 24.1497872924 24.6722608444 25.2205215673 23.9749058971 23.5739682584 23.9469488374 24.7023406144 24.1963370626 23.6142555576 25.2390877721 25.595053511 24.8257774705 24.830001195 25.442001204 24.5981259819 25.1878090952
0 0 0 0 0 0 0 0 0 0 0 0 0 0 0 0 0 0 70.8543547081 70.8543547081 0 23.907113321 44.4511459145 23.5299737162 48.1391927381 60.3554693498 60.3554693498 60.3554693498 51.5031858874 24.9123491761 24.6581616489 24.1603794313 24.8404202164 24.035164584 24.151224047 24.5621891108 24.3889731903 24.4347298224 25.2297016015 25.1290618191 25.3544449669 24.6968165836 23.9474273341 23.7875033286 23.5440106956 24.7225842258 23.9438382716 25.1124407676 24.323104328 24.469325183 24.2540927324 25.0928398872 24.4657066463 25.4915297545 25.2939906406 24.112776852
0 0 0 0 0 0 0 0 0 0 0 0 0 0 0 0 0 70.8543547081 70.8543547081 24.5711491376 25.5171765528 24.2695616502 24.2125434877 24.3831222 24.0168436469 60.3554693498 60.3554693498 61.5581566354 40.256937966 40.256937966 24.1578531518 24.8353196076 24.2255637269 24.2534082768 23.6775129295 25.2782506202 25.424188089 25.0197092172 24.2603872621 23.7226782476 24.7978355326 23.5788163894 25.0035259248 24.4037931886 23.8568480739 24.4628671853 24.7768431762 24.9263810713 23.5588878842 24.2723747619 24.2651934434 25.1686105314 25.1542323601 25.3683268924 23.5119786484 23.5478196507
0 0 0 0 0 0 0 0 0 0 0 0 0 0 0 0 0 52.5506271383 25.3055396294 25.2005378971 24.6673704517 25.3501431522 24.4889523848 24.98517358 24.0353060019 23.7938879966 24.3456455895 61.5581566354 40.256937966 40.256937966 43.546710166 41.3809370626 25.2521813184 25.3775644358 25.5415725173 24.2665472887 24.5912249018 24.6656113838 24.8483183394 25.1976396102 23.6963841487 25.4585019021 24.507859672 23.853027121 24.5213098229 25.2931123927 25.0428725935 25.0052020122 24.4455582587 24.0358356953 25.4028269639 23.6745456918 23.6712180047 25.2145885988 25.1886861755 24.3397667215
0 0 0 0 0 0 0 0 0 0 0 0 0 0 0 0 0 23.5533080589 24.6298912565 33.7020202638 32.951245684 41.3819297277 24.5687904774 24.6954188363 23.7570318767 24.4015859102 25.3791531415 24.9995144558 40.256937966 43.546710166 72.8609204569 72.8609204569 72.8609204569 23.5742403868 25.2221203013 23.9925190168 24.3153242056 24.8201306804 25.4872624036 24.1185438768 25.0430185361 23.5782441037 25.3626930109 25.6105252185 23.6410608214 23.5737805148 23.5968710718 25.0511816967 24.9346139264 24.1475117213 25.564874684 23.6945842919 25.5678488965 24.5879137973 25.1470346045 24.674525726
0 0 0 0 0 0 0 0 0 0 0 0 0 0 0 0 25.2019692572 23.5664446274 25.4042109956 34.2089568837 41.1514800751 34.7814936698 24.8479655285 25.5321811346 24.6497116805 25.0301522881 24.2220200144 24.920839072 23.6487292184 43.546710166 72.8609204569 52.2953925149 52.2953925149 52.2953925149 25.1615357517 24.3328673033 24.6229845475 24.648477384 24.1960047992 25.3394821464 23.8032258915 25.1039428227 25.4217007945 24.4477904315 23.9790862254 25.2409589266 25.5712954421 23.6182175401 25.5007222023 23.8088025563 25.2959263598 24.9170994201 25.6056272595 24.3897577594 24.6511428565 25.5087026257
0 0 0 0 0 0 0 0 0 0 0 0 0 0 0 25.163101607 25.0299653287 25.2150598772 25.5701152003 30.8657003821 39.2412495166 34.8863638028 38.8666676529 23.7069264204 25.3643302534 24.8294478189 25.0204950343 24.4164079739 23.7687890789 25.104361275 72.8609204569 52.2953925149 52.2953925149 52.2953925149 48.798142898 24.3834342556 25.1958365212 24.92888929 23.7698034591 23.6880408517 23.776775832 24.852054096 24.6970674297 24.0583459163 25.3349858069 24.4020378683 24.3283344216 23.8015289209 23.9710031383 23.8751556203 24.8828255246 23.984826878 23.9295411487 23.6806940317 23.8195503548 25.1638211211
0 0 0 0 0 0 0 0 0 0 0 0 0 0 0 24.7752381017 24.8659818031 24.4810284271 24.1893783548 39.8130779398 41.0936763875 35.2033038367 39.4463099403 25.3214002046 23.5452003031 23.5608556793 25.3369628025 24.3409744116 25.1064930915 24.7840885771 24.2114749972 25.2253323058 52.2953925149 56.8483732957 48.798142898 69.1913693474 69.1913693474 24.073023536 24.2501162754 25.3806266912 23.6646555039 25.5269807438 24.4871403396 25.2670727968 24.6372455375 24.9569457355 25.5836263102 23.8659730518 24.3798218464 24.1352990481 24.2095228991 25.0284523988 25.3216997641 25.3668809061 25.1500434888 24.8017623358
0 0 0 0 0 0 0 0 0 0 0 0 0 0 0 24.4824462107 25.0985755041 24.2417101664 24.8615369459 25.3848700895 33.1712366426 42.357457529 36.1201377037 49.4360020791 72.8382511174 25.3239224545 24.2690709913 24.997273721 23.509356306 25.4372386968 24.1843883598 24.3269377609 25.6099838243 48.798142898 69.1913693474 66.7654347209 66.7654347209 66.7654347209 25.2459862477 24.1855165629 24.4119501265 25.3430993104 23.5882616958 24.3280477378 24.9873160281 24.552516511 23.6945605078 25.5299560717 25.3239954537 25.0996749747 24.0021714677 25.1280259698 24.3709337336 24.3729080906 24.3028230121 23.5263119623
0 0 0 0 0 0 0 0 0 0 0 0 0 0 0 24.5542663251 24.4956365636 24.5254589037 25.0475849341 24.4141171715 24.9883138413 24.9644228054 49.4360020791 49.4360020791 50.6244611153 50.6244611153 23.8947501429 24.1925259513 24.3309520724 24.1569739146 25.5098493118 24.4944391419 25.4164556663 23.8218724814 69.1913693474 66.7654347209 65.0496627884 24.1008319492 25.4612275783 24.0043618163 24.8194842147 25.3914101885 25.0351038126 24.5865353676 25.4291328276 24.9483399436 25.2653695663 23.5112191599 24.6173014105 23.847185972 23.9079179702 24.352484392 23.7791185945 24.791039186 25.3339340129 25.0082797994
0 0 0 0 0 0 0 0 0 0 0 0 0 0 0 24.0418657839 24.5281128888 23.5086428391 25.5105145761 25.2558407327 25.5930741762 23.5703993441 24.9125244717 23.8798710929 50.6244611153 25.2796123072 25.1798604477 25.1577396036 24.759987977 25.1418353929 23.6241320565 23.9978184039 23.6031647879 25.4632964272 24.7460389853 55.6871049793 65.0496627884 65.0496627884 25.6022059322 24.5416058959 23.8896552557 25.5005804616 24.8803144712 25.0908399341 24.3937102126 24.740430027 23.7494393233 25.228201243 24.6255554513 23.7318470865 24.5175025965 24.8572314078 24.9768638995 24.447961255 24.3862721973 25.2559311408
0 0 0 0 0 0 0 0 0 0 0 0 0 0 25.4164153936 25.1262269345 25.0863408133 23.9957920393 25.0100091114 25.5594181205 24.574081739 23.9730765275 24.6350971896 25.3999756483 24.0501752845 24.3017938767 23.7711983355 24.3015186588 24.1899854643 24.1336758177 23.5103038299 25.3041532093 24.8736793419 25.0960188594 25.1942866137 43.0098442497 43.0098442497 43.0098442497 23.8260563193 25.354327366 24.2304969578 25.4439138166 25.3569117405 24.4293904789 24.519562902 24.4049173976 23.8179811149 24.0544412884 25.3107476664 23.9183629413 24.2458874529 24.5777796955 25.0400132163 24.1624699224 25.5122697037 25.1319362359
0 0 0 0 0 0 0 0 0 0 0 0 0 0 24.4236718245 25.2252124072 24.4059912887 25.4489076285 23.7716230056 24.5217960904 25.1273601955 25.1092706101 23.5240879607 24.4750293907 24.8096314332 23.9693991797 23.6957896913 47.7648171528 47.7648171528 23.659289303 24.5390067552 23.886022146 25.3244198992 24.6466552439 23.5322956578 43.0098442497 43.0098442497 43.0098442497 23.6877273975 24.1713801446 24.3542775651 24.6471311133 23.8804883397 25.2005557097 24.8282597383 25.2081047022 24.5681873554 24.6696277513 24.2877304657 25.0082971417 25.3980626737 24.6358085557 24.1142878383 25.6173659654 23.6191808173 24.8292953097
0 0 0 0 0 0 0 0 0 0 0 0 0 24.813239543 23.6179709683 25.2864336608 24.2713439577 24.1952830693 25.3961131955 24.2055649232 25.4719074551 24.5599940348 24.1819973868 25.4413394428 24.1239977575 24.7629081782 23.8280540287 24.8895722363 25.3811586699 24.7682537071 24.66609605 23.5020049349 24.574920264 24.6376285859 24.8151574757 45.7303128237 44.6925142548 44.6925142548 55.2430262135 55.2430262135 25.158789043 23.8155141464 23.7312354625 25.1740075487 23.6298448854 24.4582211766 24.6422169528 24.6165853097 24.4682784371 25.3530794579 24.0092092873 25.0102934331 23.957407152 25.2011046707 25.5820193993 24.1956089435
0 0 0 0 0 0 0 0 0 0 0 0 24.7097289598 24.7311309427 24.1528878125 24.6939287236 25.4905984568 24.929836618 24.8999978731 24.4224846852 25.4416542261 23.6757685316 24.2709480073 24.395601577 24.1393004987 25.3940444301 24.7347637005 23.6592145891 36.1716417807 37.2037836256 34.7969734661 25.4672405082 24.7025402125 25.3001678882 25.4003424651 25.2489888538 25.6013801207 41.7444323526 54.9807075695 54.9807075695 24.3021424209 25.084178011 24.0360161241 24.7952449978 24.1703699653 25.0887521353 25.2292085245 25.6149292631 24.4940191285 24.1109635937 24.6924395219 24.6449017243 23.7293181488 24.701823558 24.7360336581 25.2407415573
0 0 0 0 0 0 0 0 0 0 0 24.8497602378 24.2528662908 24.1097239827 23.5224474119 24.0404981377 24.540021273 24.4469806309 24.1038896802 25.2248263728 24.4175454563 25.3372375159 23.5590342801 24.916618653 25.0218010433 23.9197164378 23.7573781392 23.7683838192 37.4499734141 40.1881297858 32.5384213386 24.0959169146 23.9156944179 24.0328933432 25.1830810752 25.3100577666 25.3166521489 41.7444323526 54.9807075695 54.9807075695 55.8210878314 24.2512889253 23.8851394432 25.5881162352 23.6609937552 25.569911906 25.335826711 24.4750309216 23.9289765476 25.261782806 24.9645641177 23.8105286906 24.1661066989 24.125760139 23.9765070943 23.5224428359
0 0 0 0 0 0 0 0 0 0 24.2427340542 25.254468591 24.5863326293 24.1902563841 24.5367408648 25.0170954007 25.3208593356 24.3718899692 24.0401301221 25.2164048513 23.519318413 25.1566964917 24.8062220039 24.642898173 25.3672891323 24.524282675 25.2498794524 23.951868164 39.7855808722 31.2636901844 37.9654919908 24.1352820466 24.798407052 23.8993077411 24.1704411172 23.6851292489 24.7533004893 54.9807075695 55.8210878314 82.7278552184 55.7261158769 25.4052808312 25.4382610857 23.8651031569 24.1593399218 23.6250786455 25.3062336645 24.0175059596 23.9724498074 25.4564345124 25.5497126046 24.7649046175 24.9136216292 25.1556759108 25.0615610875 25.3430583454
0 0 0 0 0 0 0 0 0 0 23.8713584597 25.1751589464 24.3838084289 25.0053565034 23.6641283927 24.2702812415 25.5653967846 23.9494042154 25.4376550187 24.2934808743 24.7100619448 25.0931466489 25.3290752843 24.2167967715 24.5652573776 24.1267046973 24.0625846781 24.0512078063 31.3745799226 31.2400639522 37.1154366426 25.4120934452 24.9305140628 25.4406696141 25.4705601938 24.5576517157 23.8130297222 25.3329497473 82.7278552184 82.7278552184 82.7278552184 25.0633099757 23.7474426095 25.0596871649 24.0269097052 23.9331571303 24.4558579181 25.131817265 25.6187747691 24.1842124308 24.932394354 25.3180356692 25.0027305541 24.0718167141 23.9752994932 24.5175975032
0 0 0 0 0 0 0 0 25.4372700355 24.435478472 25.1541083855 24.702082718 23.5022384462 24.9141096879 25.046664884 24.6812159813 24.0828098255 24.4302486031 24.8006966762 24.5895439374 25.2718472713 24.2716570525 24.1143447597 24.8424792879 25.5494579552 25.6170281136 25.5362153943 24.9186505456 23.9221656959 24.9063243054 25.5146590953 25.5018887935 24.8053593224 23.6903104979 25.3974436447 24.393148076 47.3823242926 47.3823242926 42.8385505158 25.0010968325 25.4899327175 25.511387377 24.9982333395 23.8599631053 24.6988081884 23.5766526925 23.8852170187 25.3364214477 24.8348693386 24.5483904606 24.8550033775 24.9928488514 25.4562240227 25.1174471606 23.9620186935 24.3720042832
0 0 0 0 0 25.4896737369 23.5836792481 24.1063788954 24.4042930695 25.435174655 23.7832016522 25.2460930684 23.6565296763 25.3879379127 24.133110232 24.3061351025 24.6474762788 24.9304521357 24.6604212182 24.0878995277 23.6904418759 24.6577366768 24.8283588134 24.360410583 25.401163668 24.5642388329 25.6008972303 24.4682095898 25.5565164784 24.906774941 25.5832627906 24.5247810102 23.7404324982 25.54855121 24.278228533 25.0989086564 25.5245391053 66.2371141236 66.2371141236 66.2371141236 25.0756446111 24.7872658759 24.2131432488 23.9817482538 24.3269519225 25.2174727299 23.8475687342 24.6542037502 24.0496572196 23.8120714511 25.3453356416 24.2848680944 24.4419682299 25.5512690016 25.6001749899 24.8676427264
0 0 25.3484261439 25.5565310782 24.6907429383 24.0545740062 24.1039376785 23.6892945219 24.2893412499 23.5135768019 25.0888787605 24.8205630825 24.7388201982 25.441096238 24.2239694654 23.9513198656 24.0103847618 25.3962505463 24.8893526503 24.4005014594 24.6365662689 23.7787725478 23.6561504357 23.8196326593 24.3743627283 25.6105778019 24.0814920928 24.957401464 24.8010892207 25.1461854906 69.5000223243 69.5000223243 69.5000223243 23.5845045816 24.0703306442 23.5064012204 25.2412092086 66.2371141236 66.2371141236 66.2371141236 23.5529571971 24.6413326821 24.534632314 24.8469743869 25.4555793508 25.2195950651 25.1776580424 24.0661210169 25.0702571568 24.3373650646 23.7738395091 24.9323754737 23.8445692735 24.2161047973 25.6201151945 25.0726532133
0 24.8067799712 24.4016253235 25.0730676601 24.9267990064 24.3349858123 25.2721520683 25.6087801074 24.0303410936 23.6011386443 23.7976068651 23.9920054104 24.8725451971 24.0195175691 23.7747484168 24.9516514613 23.9663541941 24.755269538 25.1926712418 24.8945080596 24.9856217142 24.8093989291 23.7394036439 25.2872444918 23.6392383098 24.7684957664 24.7645903829 23.7613897204 23.9676831845 25.4641646695 59.8391276089 66.3932841992 66.3932841992 23.8816242122 25.2598831937 24.0338717852 23.9117624549 25.5124287576 35.4278938551 35.4278938551 48.9662975333 24.8632139804 24.8852619856 25.5416258945 24.7360862965 23.93389173 23.8482520343 25.4133771813 23.5671405933 24.2238695593 24.9678752087 23.7292713245 23.874400929 24.0985960772 25.2107205551 25.2018803231
25.5749482689 25.1351633326 24.1723313595 24.7366825699 25.4133484676 24.6143540056 24.840974961 24.6574232581 23.5659243963 24.7809483218 24.1723272547 25.356063031 25.2918709079 23.871794069 23.8976310825 24.5534424045 23.949513404 24.95694709 25.2131864964 23.9368267486 24.7259367406 24.7863923112 25.2738246245 25.4302126262 25.3461935144 24.0155019897 24.398627076 23.6035501646 24.1237653362 59.8391276089 59.8391276089 59.2839312011 53.9358100559 24.747387381 25.0048281212 24.8255586252 24.8738112748 23.6183133998 25.1344016444 23.9804287133 24.8767715737 24.6446659813 25.2943380898 24.698946744 24.6473037972 24.3976899715 24.6532903458 23.6832780708 24.148311159 23.6173723444 24.7975273012 25.5069548312 24.8871803646 23.6790206283 24.9764846988 25.4290359995
25.1775493462 24.1179139348 25.132916195 23.7946005885 25.3945697879 25.6112055173 23.9662098068 23.6606840283 25.0368864954 25.5267280296 24.1886664552 24.4302364178 24.1343637875 24.9514904488 25.3598398037 24.0532445216 24.9099758116 23.6272593376 24.6634441919 25.1091623938 24.6809072102 25.378808868 25.025749705 24.7134951872 25.6168493505 24.3345389659 25.5282863597 24.0556984348 23.9714713179 59.8391276089 59.2839312011 59.2839312011 59.2839312011 41.1347789313 24.7037724866 60.2127407001 25.1737703817 24.6636709727 25.0766820153 45.0978139634 24.3602847896 25.4517192899 24.1894182496 23.5473918051 24.4732312328 24.6972489629 24.1249843592 24.3002927595 24.4781030066 24.5000859746 24.7654226009 24.368349283 24.5300685035 25.3093145904 25.2854923981 25.4802820836
23.8292450829 24.1663032923 25.450577881 23.5663422402 23.6010050028 24.4271327033 23.565445224 24.9895101107 23.6772910289 24.4008595309 24.0059482952 25.0135016642 25.0675746405 25.3790655734 24.7275500188 25.4276555283 25.5469904547 25.1770666485 23.5046677072 24.1916435917 24.9196152977 24.3901406848 25.185892512 25.508416498 24.9541474877 24.6043440925 23.9777792243 25.4490152614 25.148205321 24.4811978408 58.8546529526 59.2839312011 71.8013974407 45.9614498884 60.2127407001 60.2127407001 25.1669414135 36.0139759017 45.0978139634 36.0139759017 25.0905881423 24.8902751363 24.1887040503 25.5330932421 25.4552064874 24.9193844307 24.3485102946 23.5949962769 24.9803705742 23.9542081664 23.6839217821 23.9152450441 25.0206110064 25.5026943414 25.1460278128 23.9505675122
