Spatial_Output/BAU/BAU_1163.asc
NCOLS 155
NROWS 192
XLLCORNER 196769.923733
YLLCORNER 449719.875193
CELLSIZE 27.603701
NODATA_VALUE NaN
[rows 0 to 22 of 192, columns 53 to 105 of 155]
27.9401258575 27.9844380467 27.6738806796 27.6340674268 28.1025810119 28.1878184507 27.5132994136 19.1097581135 11.8190406456 27.8119397691 28.0190697464 0 0 0 0 0 0 0 0 0 0 0 0 0 0 0 0 0 0 0 0 0 0 0 0 0 0 0 0 0 0 0 0 0 0 0 0 0 0 0 0 0 0
28.0566976904 27.6413314616 27.6914181516 27.7623882244 27.8785314447 27.8221031578 27.6403883667 23.7003854126 23.9323742052 16.3469958739 28.1925445709 27.9084204045 0 0 0 0 0 0 0 0 0 0 0 0 0 0 0 0 0 0 0 0 0 0 0 0 0 0 0 0 0 0 0 0 0 0 0 0 0 0 0 0 0
28.0294186346 27.8332115932 27.7620863382 27.5136791633 28.0289422751 27.7796618205 27.5654377422 26.9677312767 11.6293698147 16.8975207557 27.9439192563 27.6210253392 0 0 0 0 0 0 0 0 0 0 0 0 0 0 0 0 0 0 0 0 0 0 0 0 0 0 0 0 0 0 0 0 0 0 0 0 0 0 0 0 0
28.1228671117 27.8259002244 27.912160615 27.5441629322 27.8853924011 28.131580779 50.6646189616 27.7744001121 58.1682537142 58.1682537142 27.5107486075 27.9813873004 27.8797414756 0 0 0 0 0 0 0 0 0 0 0 0 0 0 0 0 0 0 0 0 0 0 0 0 0 0 0 0 0 0 0 0 0 0 0 0 0 0 0 0
27.594660903 28.1034131072 28.0080267077 28.1058777107 28.0411672375 52.622810461 52.622810461 50.6646189616 27.7009166433 28.2034085213 27.6494677995 27.725516488 27.7418624722 27.6959386589 27.79116588 0 0 0 0 0 0 0 0 0 0 0 0 0 0 0 0 0 0 0 0 0 0 0 0 0 0 0 0 0 0 0 0 0 0 0 0 0 0
27.5372202843 27.7193524098 27.7937735682 28.0548440382 27.8899406275 51.5514258405 52.622810461 52.622810461 28.0113741525 27.7951965051 27.9657558764 27.8274727466 27.715240703 28.0877948855 27.5950831913 27.7621856171 0 0 0 0 0 0 0 0 0 0 0 0 0 0 0 0 0 0 0 0 0 0 0 0 0 0 0 0 0 0 0 0 0 0 0 0 0
27.600477157 27.7180179662 27.5987343939 48.3689135271 48.3689135271 48.3689135271 51.5514258405 27.8628465038 27.67426463 28.0530532645 28.0002219452 28.0930554291 27.741950468 27.6114612744 27.6070782746 28.1847324448 28.0420896229 27.6468997103 0 0 0 0 0 0 0 0 0 0 0 0 0 0 0 0 0 0 0 0 0 0 0 0 0 0 0 0 0 0 0 0 0 0 0
27.5541577125 28.0513064573 28.0199973423 48.3689135271 48.3689135271 51.8694874434 51.8694874434 27.8096666451 27.8572937386 27.6429200184 27.8437362516 28.1188041944 28.1278667329 27.6650458551 27.6734959909 28.1800969918 27.5258790006 27.8987458306 27.8971402047 0 0 0 0 0 0 0 0 0 0 0 0 0 0 0 0 0 0 0 0 0 0 0 0 0 0 0 0 0 0 0 0 0 0
27.9183135401 27.7749178912 28.1671536116 27.8981564186 51.8694874434 27.8810884188 60.0385231781 28.0887010203 27.7400025803 27.7955364218 28.0138857124 27.7443898904 27.8511506202 27.8398311068 27.8594527947 27.9038519757 28.1900653741 27.9458420076 27.6918702487 27.6172699097 27.9539646667 0 0 0 0 0 0 0 0 0 0 0 0 0 0 0 0 0 0 0 0 0 0 0 0 0 0 0 0 0 0 0 0
27.6228616737 27.7266989462 27.7587245751 62.0296121698 62.0296121698 63.0889703816 60.0385231781 60.0385231781 27.6414573599 27.8413492644 27.918857957 28.1963535477 27.8912455453 27.9008009569 27.8713024936 27.5732186535 28.094992338 28.0209257077 27.7267963224 27.8054972825 27.6154637534 27.9642332198 27.996717764 27.9306385008 0 0 0 0 0 0 0 0 0 0 0 0 0 0 0 0 0 0 0 0 0 0 0 0 0 0 0 0 0
27.7644344287 27.8085456236 27.7357293937 27.7726208848 62.0296121698 27.6462419306 60.0385231781 28.1578322209 27.9907565574 28.0447934045 27.7547709016 27.8208250266 28.1987843188 27.8579166384 28.1489755562 27.6081731285 27.5470254129 27.7890688093 27.6190031114 27.5031247957 27.6255361184 28.1057621354 27.8044928893 27.5355827304 27.6161155664 27.7978172271 27.9325846488 27.5162568497 28.053847333 0 0 0 0 0 0 0 0 0 0 0 0 0 0 0 0 0 0 0 27.8210275978 27.9810761498 27.8826307575 27.7176459126 27.9053076156
28.0189870537 28.0825971507 27.9814999118 27.7626765054 62.0296121698 28.110092826 28.0503108239 27.8753420908 27.6506170632 27.7004373596 27.6213265097 28.0782059728 28.1184500789 27.9460442882 28.0681019629 27.8036569209 27.548842019 27.7595497085 27.5652386368 27.6008838129 27.6944643055 28.0460022021 28.0506267671 28.1843665003 27.6602125145 27.8966830052 27.5211169624 28.1172422253 28.0204390792 27.7272409314 28.1763320123 0 0 0 0 0 0 27.5671627293 27.8903936183 27.9623617194 27.9434204887 27.943042074 0 0 0 0 0 0 28.1929540668 27.5182823853 27.8793350713 27.5628227806 27.742146046
27.5139729087 27.8930988326 28.1651760915 28.0658028532 28.1665514364 27.7711866741 28.1947689868 27.8848851512 27.850008994 27.7716642519 27.9642869404 27.6474946309 27.6810154037 28.1395693607 27.9684310957 27.9417461258 28.1650900423 27.6411539381 27.9088658042 27.9566454487 27.7949503985 27.9469986946 27.6133417049 27.7888444959 27.5589594936 27.7820042957 27.8764565932 27.9230839726 27.6483325952 27.5878364023 28.1634205709 0 0 0 0 0 0 28.0270415755 27.5033109136 28.0332070976 27.7212117253 27.5721427945 27.7501792436 28.103289755 27.5433593071 0 0 28.0432407917 27.636181131 27.5987782253 27.6938139129 27.9480979918 27.8542475196
27.9159526859 27.8464448237 27.9700211562 28.0596778943 27.9606182144 66.7988120226 66.7988120226 27.9210624098 49.1503902451 56.5813990366 28.1074954178 52.5426726007 52.5426726007 52.5426726007 28.0711411412 27.6332465146 27.7551162699 27.7547474643 28.1561968152 27.7981550684 28.0618017236 28.1441464028 27.8392123462 28.1405350337 27.9247855573 27.7192138321 28.0963055777 27.5316967871 27.8221662119 27.9029748704 27.8792352956 27.9450521707 27.8215628632 27.990637831 27.880747561 27.7501860134 27.6645715164 27.7124724295 28.0164152544 27.5347892804 27.7057664863 27.8480343324 27.7550288004 27.7248005082 27.911149481 27.789916027 27.9648260874 27.7489803404 27.6590831978 27.8657365608 28.143711953 27.6324886089 27.8273957672
27.9355126449 28.0627779895 28.0001670528 27.9753667805 28.0106944382 66.7988120226 66.7988120226 49.1503902451 56.5813990366 56.5813990366 27.9836998901 69.0462434186 52.5426726007 52.5426726007 27.9656216903 27.8304030667 27.5192984711 28.1433519123 28.147277813 27.5811721643 27.5801298271 27.6104335619 27.5446554471 28.0713191359 27.8013379292 27.898176168 27.9524150378 27.913436687 27.8685397075 28.0989381069 27.8842551604 27.9893748542 27.6843291586 27.948876315 28.1973104609 28.1559937616 28.1536501923 27.6332892032 28.1507085763 27.7714357449 28.0039361818 27.5376776119 27.801647339 27.7016945039 27.7286882641 27.7307331816 27.6130462428 27.5538520169 28.0159315965 28.1796709538 27.6620149765 27.7741340142 27.8964618493
27.5196550667 28.1615800264 28.0276767145 27.8709320562 27.5222504082 66.7988120226 27.953340947 28.1293574246 56.5813990366 56.5813990366 44.791297204 27.5352048595 28.0536044835 28.1445627364 27.690254685 27.6642025691 27.5408597084 28.1860347425 28.1149601717 27.9118047184 27.6997814972 28.0195546656 27.5186592924 27.804414348 27.6378984665 28.0073483732 27.5332835956 27.5826372375 28.1156353462 27.5946539843 27.5690984471 27.6467921944 27.5674690972 27.8700114005 27.7577662887 27.5031962598 28.0904228956 27.6983154022 27.5902932332 27.6972040575 27.6232784685 27.8493003143 27.7591591203 28.1289756131 27.641409679 28.172366335 27.5795393664 27.5385286305 27.8751465207 28.115435806 27.5428021856 28.0104913601 28.0406106626
27.6830634187 27.689387325 28.0533039431 28.1396891719 27.7099350441 28.0259239816 28.07545413 28.195139165 28.0699655675 27.7988602911 55.0113151802 27.922497099 48.9075201824 28.1304246174 27.8683813687 27.5033569629 28.0484191386 27.7279557931 27.566844647 27.6549419161 28.0128312834 27.751063855 28.1690421176 27.8497422856 28.0152058179 27.7708635375 27.8076726855 28.1657148433 27.7340995697 28.1344889079 28.1769262014 27.5336436738 27.9601035904 27.9062859195 27.6178154933 27.6769948793 27.8557356149 27.6341851352 27.8078842385 27.7042710332 27.7486903159 27.8692786413 28.0418983538 27.6320155061 27.6878364054 27.848327261 28.0029620288 27.6961866498 27.6294002583 28.1033814413 27.5028628594 27.7043838693 27.5920261634
27.9088601446 28.1265062833 28.012433514 27.6811820864 28.0299029503 28.1496136687 27.9200149198 27.8873563794 28.140820112 27.7399041533 58.4281101659 28.1139775287 28.1093948371 27.6295303789 27.7724398146 28.0536284099 28.1443901611 27.6840711357 27.8200620683 27.5035111043 27.957616786 27.8280582069 27.6523156469 27.9100153155 28.0590681942 27.6904084457 27.8842444972 27.8093182576 27.6166939986 27.9724858851 27.6659416342 28.1092122714 28.0110706012 27.7160635087 27.6567739001 27.6777197971 27.7945806238 27.8357392803 27.6018443563 28.0620550095 28.0899052162 27.6931453939 27.886336043 28.1740675513 27.8580600037 27.8584440949 27.5706118942 27.9586051759 27.5856912505 27.5960379679 28.0249410205 28.0286055451 27.7224218394
28.0271849498 27.6922920754 28.0165787236 27.5194698688 27.5368261302 28.0805884158 27.613921944 27.8890004921 27.9609678529 27.6310872734 27.638381724 27.5705614533 27.9708885285 27.7433303718 27.7763389211 27.9092921635 28.0562744533 27.5070069745 28.1634952207 27.5172887443 27.6054813782 27.7008470679 27.7872315091 28.123827989 27.8200997981 28.1665578901 27.9452165984 27.8105587317 27.8514542349 28.0763780232 27.8780405143 27.666850408 27.7964178738 28.1118192286 28.1763804263 28.151029582 27.9785213862 28.0885538021 27.8085569256 28.0413154423 27.8386585642 27.8782459172 28.1988132839 28.189956802 27.635937464 27.8262454657 27.576191509 28.0232200513 28.0874153282 27.6346644919 27.9072966833 27.8168021356 27.8747652335
27.5632355298 28.1657872937 28.1685813377 28.1652893252 27.5628346142 27.7646167935 28.1837536443 28.144669845 28.193879237 28.173814235 27.7557577205 27.803650693 27.707334886 27.8996883723 28.1772659865 28.0248044816 27.7797753871 27.6220572583 28.0467133206 27.5870330898 28.0524662907 27.9197497128 27.9002484593 27.8770700135 27.9216379769 28.0520098157 27.9192356194 27.6232165521 27.5523684599 28.1142039982 28.1371667648 27.629670581 27.626277247 28.0180575265 27.6541204659 27.9877245997 27.7714044172 27.8590705905 28.0098990666 28.0638340594 27.9621084038 27.5073972154 28.137565903 28.0509829869 27.7166977429 28.201752584 27.510770369 27.9806062831 27.8283703258 27.8427526053 27.8951578568 27.9247556884 28.1677580249
27.7371445595 27.7721550948 27.6169467445 27.8808779274 27.8986533681 28.1500443281 27.7497094442 27.8141382516 27.7404348866 27.9054753892 27.5143083373 28.1811507491 28.1933468314 27.9229121118 28.0893022144 27.8983030631 28.0060108844 28.023752601 28.1749333179 27.6777195586 27.7849903408 27.8558549412 27.9920939341 28.1573432525 27.536412058 27.5618201715 27.5539818502 27.7578824215 27.6791930253 27.8075989199 27.604544739 27.5483309039 27.555533122 28.1760550558 27.8712933592 27.8073163501 27.5305975 27.8467014269 27.5721709877 27.853798576 27.5543213867 27.8089985403 27.6748669325 28.1679911085 27.8644466183 27.6820398803 27.8993401927 28.0555869022 27.566976362 27.9394339851 27.9830467054 27.8517247931 27.7239422573
27.8518331809 27.9080263142 27.871826398 27.8124945858 28.0029210963 28.1967021952 28.1542537403 27.8867530741 27.9259597981 28.1109566658 27.6279787764 28.0649372571 28.0196746816 27.777435698 27.5668251206 27.878138591 28.1497644502 27.6096886743 27.6694686047 27.94604214 28.0756386328 27.5824110488 28.1249757566 28.0316131886 27.6089522975 27.8752316894 27.798637332 27.7844408044 27.8230253433 28.0746669539 27.923379157 27.8412195548 27.7504407147 27.8095177002 27.5054955205 27.8244060559 28.0754324758 27.9179898072 27.8532528267 28.1055784135 27.591717612 27.528304984 27.7433008441 27.5170214111 27.7405505677 27.503645764 27.9594635196 28.1847429005 27.8316327398 27.6384145241 27.7725955338 27.5984596915 27.5137653859
27.5091629085 28.1747196594 28.0081092987 27.8656835533 28.1741874032 28.1322985397 28.051277642 27.6621086746 28.0467728951 28.0594516783 27.7241455096 27.6944401399 27.5366496321 27.8619816951 27.539767048 27.7211242139 27.7617250209 28.022539165 27.6624012469 27.8489622571 28.0780678601 28.0079756474 27.9573027839 27.7494948722 27.5455973162 28.1452158846 28.12814648 27.8824843044 27.5038421402 28.0106140126 28.1228039536 27.9382778694 27.6722051817 27.5343729084 27.6179412886 27.731834153 27.6977867007 28.0505619643 27.8722793629 27.9608449778 27.6097597622 28.1117781363 27.9706312473 27.7681663193 27.7906444814 27.9270562754 27.7469544407 28.1769662938 27.6611342725 27.8342509208 27.5905556784 27.5388585584 28.1071902344
