Spatial_Output/BAU/BAU_0321.asc
NCOLS 155
NROWS 192
XLLCORNER 196307.867259
YLLCORNER 449144.565805
CELLSIZE 33.573938
NODATA_VALUE NaN
[rows 150 to 174 of 192, columns 57 to 113 of 155]
37.018512709 36.5615367352 36.7788853082 36.7202363635 36.6732639106 36.4119428839 36.8169927089 36.1147606689 76.680152209 78.9563563586 82.1591564727 37.1448589541 36.1279073805 36.0748646975 36.4334340322 36.1298139938 37.226805657 36.7294347374 36.9761530791 37.3943678979 37.1117392569 36.4217594108 36.6767833305 37.1325481257 36.8274692451 36.9978623309 36.3548242238 37.0777848947 37.361238059 36.6693409766 36.0811387341 36.8298356585 36.865939918 37.2594786093 37.3248981703 45.0662465443 45.0662465443 44.7387290298 37.3434950901 36.1384149418 37.4023621742 37.1241892826 36.2292507076 36.625111455 36.9342031357 36.410579436 37.0364258338 36.0493763119 36.0132549377 36.5190933791 37.3532519776 36.0119216963 36.8092573121 36.8366396093 36.1795997279 36.6168672927 36.1251027703
0 37.0317748584 37.2032522692 36.4362203653 37.3904448008 36.7105863053 37.0768006307 36.9131973297 82.4395167513 79.1624310822 82.8832749491 37.2678470892 36.5457841859 36.4261436384 37.0279927699 37.3233225084 36.2629964186 36.5155087132 36.9346989229 36.0339164859 36.6619834367 36.547912837 36.9223752696 36.3152905498 37.390885152 36.5016859041 37.2334255729 36.0894646702 37.0560498205 37.4088594317 36.6518025332 37.2803562387 36.3483355378 37.0287296683 36.6665294168 37.1273270872 56.4128469797 56.4128469797 56.4128469797 36.109052067 37.1661963883 36.3305766795 37.3509328139 36.7616099369 37.2330734676 37.1387909034 36.6810686125 37.1864253444 36.8446191603 36.1608451244 37.2839525456 36.7122071934 36.1353538591 36.4845769759 36.6862050135 36.5204608944 36.6153543087
0 0 0 0 36.1872334792 36.9677836668 36.2732679417 37.2994657737 81.364621812 65.6284017091 74.1578239052 37.3483391701 36.8564959844 36.4238801723 37.3881828597 37.2886033262 36.641613631 36.0324893565 36.8329185229 36.4637796627 37.2972514683 36.6877926215 36.7032792156 36.7061225442 37.2372798378 36.8657548093 36.7472700776 36.1038555211 36.0625870394 37.3988492958 36.3642342325 36.7046802854 37.156898732 37.1665687594 36.2717701157 37.1670575406 56.4128469797 56.4128469797 60.57748391 60.57748391 36.3670098283 36.3997456357 36.5946067547 37.0496674116 37.2723068 36.4917559278 37.1570224965 36.091680773 36.2297212842 36.2391649788 36.2678166019 36.8443036587 36.2694172553 36.0415571368 36.4491644274 36.631294612 36.7867625764
0 0 0 0 0 0 36.2880182745 37.2008038805 36.3543301718 36.4013870565 36.0779627877 36.5519637979 37.3325709778 36.8758674384 36.0402266188 36.2312370548 36.5663099596 36.435647563 36.0090046564 37.1361426173 36.6801522917 36.9254593171 36.4786613503 36.0810361656 36.6485858429 36.3010579932 36.9642848651 36.8835678892 36.9683806291 36.6093096026 36.0971721337 36.0616382041 36.501155469 37.0010698891 36.8378409519 36.0553570006 37.2748456002 60.57748391 60.57748391 60.9504130639 36.667730185 37.3926619436 37.1125317938 36.873740983 36.6317176387 36.5220993373 36.636420747 36.7682021728 37.2560871871 36.0959349082 36.7857358823 36.0942578978 36.2039086745 37.3930130745 36.7501809067 36.3801619641 37.2072129079
0 0 0 0 0 0 0 0 82.5289047136 36.0874721093 36.8415062678 37.3154072018 36.6711273506 37.0243387397 0 0 37.0888545847 37.2058277823 37.0176725518 36.377926422 36.885784305 36.6039903242 36.0507106783 36.9739559838 36.9782938237 36.131808231 37.2600537018 37.353145473 36.6050281701 36.6472344266 37.1363206056 36.3740884382 36.6368957228 36.7881137009 36.6660524297 36.0604354042 36.0283650164 36.5876844632 60.57748391 60.9504130639 36.3732197478 36.0289514779 37.254664509 36.1593019385 37.0840773543 37.3356967559 37.1021537809 36.2403860763 36.6580591085 36.0476280498 36.9856275195 36.7729699497 37.0875965883 37.2006589231 37.2105735609 36.1818959156 36.7552514955
0 0 0 0 0 0 0 0 0 51.88089207 57.7852944132 57.7852944132 57.7852944132 0 0 0 36.7650921813 37.1642513081 36.5019106421 36.0052105976 37.0634892905 36.2447564804 37.1832715366 36.3771347545 36.0803575186 36.8698122368 36.3601261726 36.9638813355 36.4570097052 37.0992553065 36.6337732329 36.1863908774 37.3740338921 36.3559942322 36.1760738007 36.1884795128 36.3000155443 69.5933706728 36.9414672445 68.8613705342 36.2973409037 36.8209659605 36.8757126053 36.7600122147 36.9505140386 36.7105654225 36.1500360862 36.017786669 36.3928752191 36.6341992118 36.4107517125 37.2660962174 36.9198724768 36.3396755607 36.0884202472 36.5921941776 36.0244457406
0 0 0 0 0 0 0 0 0 0 57.7852944132 83.3981063416 56.6829414772 0 0 0 0 36.4154692918 36.3712735901 36.9383277572 36.1754393774 36.9260877198 37.0301766525 36.2156616371 36.3843792769 36.2968336031 36.8496887303 37.1841161841 36.2432688536 36.0604664125 36.6711250555 36.669562496 36.8905942068 36.095890561 36.5428932611 36.0598505459 37.120062253 36.1919173702 68.8613705342 69.6814027071 69.6814027071 69.6814027071 37.2544283858 37.016763261 37.168529398 36.8638329794 36.9398689837 37.3662490887 36.5777495296 36.871531566 36.2370027126 36.5708243443 37.1357077974 36.2540062652 36.7489039712 36.3946673251 36.2493790623
0 0 0 0 0 0 0 0 0 0 56.6829414772 83.3981063416 83.3981063416 83.3981063416 0 0 0 0 36.3097382716 37.0106940654 36.8063538841 37.0233883269 36.2875688182 37.125391885 36.1717558007 36.8960203404 36.1758657186 37.1421384907 37.3104989217 37.2688794851 36.1580047965 36.900243527 36.0964917256 36.483421548 36.3409557633 36.3048404906 36.6327081492 36.3064222207 36.5227116666 77.9424934176 77.9424934176 55.2213455567 37.1843908638 36.9611637855 36.3306368521 36.6843568522 37.1348567667 36.2554810657 36.691645423 37.0920948974 37.0303457861 37.3568474233 36.0856508023 36.2529423913 36.1250728456 36.1677275911 36.2533183861
0 0 0 0 0 0 0 0 0 0 83.3981063416 83.3981063416 83.3981063416 0 0 0 0 0 0 37.0940094799 36.6449852912 36.1698927567 36.6475830547 36.3284048029 36.8778837628 36.1651038959 36.2455240461 36.8504171311 36.6621673631 36.3814304206 36.3482085766 36.4502110458 36.7349079968 37.3722701858 36.541358889 36.5238307753 36.1640274698 37.4019787976 36.8495847763 77.9424934176 77.9424934176 55.2213455567 37.2654601457 37.0932558167 37.2183249936 36.1891171937 36.5805814311 36.6247022738 36.859399444 37.1409736141 36.1384565044 36.8020095969 36.7600305597 36.367759696 36.4742470287 36.2221085561 37.3898803317
0 0 0 0 0 0 0 0 0 0 0 0 0 0 0 0 0 0 0 0 36.0348624565 36.9909066692 37.1401153289 37.3755341695 37.2637438784 36.508816997 36.5487792651 36.8397283639 36.4876535928 37.3223523266 36.4118177079 37.2960841219 36.9125583725 37.3263889125 36.9201672794 36.3736634238 36.237870934 36.45489466 37.4052197347 66.059550393 55.2213455567 36.5832102829 50.0568678843 37.3113667455 36.3074443724 36.8470722412 37.1289490152 36.9056954512 37.1667022195 36.9343040632 36.2829826975 36.5621074416 36.5872528443 36.6221989561 36.9610940715 37.3174463402 37.1326476322
0 0 0 0 0 0 0 0 0 0 0 0 0 0 0 0 0 0 0 0 0 0 0 0 37.4026922752 36.8344086453 37.1634158547 36.5372521486 36.9775557393 37.3055932423 36.2028352487 36.1829459034 37.3222977949 36.766407568 36.9357073106 37.1928613913 36.5479993795 36.3273368129 36.17342694 37.0977069151 50.0568678843 36.4797736876 37.0831358687 36.6915278138 36.9284938127 37.0154861843 37.2465439201 36.0827540323 36.7978093128 37.2916234055 36.6815962422 37.2016621033 37.2645689567 36.609766715 36.7147759672 36.6818925447 36.3427622363
0 0 0 0 0 0 0 0 0 0 0 0 0 0 0 0 0 0 0 0 0 0 0 0 0 0 0 0 36.278926693 36.9419971867 36.3792534221 36.7970058985 36.759882925 37.0257499474 37.3523209708 37.255011368 37.0566316407 36.2057547356 36.3571050612 37.2845168528 36.1185235611 36.1665060042 36.9552777775 36.9091911076 37.3405471632 36.388656307 37.258044913 37.2873054715 37.0945252901 37.2966818753 36.4977678554 36.138907837 36.4890946679 36.8767560104 36.1194197358 36.8570899622 0
0 0 0 0 0 0 0 0 0 0 0 0 0 0 0 0 0 0 0 0 0 0 0 0 0 0 0 0 0 36.8375263491 36.2998724377 36.8872855827 37.3972151027 36.8204005908 37.024337509 36.5030699625 36.6085627802 36.6787450827 36.0356540696 36.6604563652 36.3440904626 94.6360178162 47.4172041865 47.4172041865 36.8606564567 36.458996735 37.1960938508 37.0201861641 37.3410722762 36.4962140016 36.996462031 36.7896531223 37.0371090299 37.3199602693 36.2549339996 0 0
0 0 0 0 0 0 0 0 0 0 0 0 0 0 0 0 0 0 0 0 0 0 0 0 0 0 0 0 0 0 37.3898482666 37.2000593823 36.2445056015 36.8906750929 36.0239990339 37.3300633187 36.5221469164 36.4425504001 37.351383927 37.2280861521 36.1355685157 47.4172041865 47.4172041865 94.6360178162 54.3766542764 36.3148905602 36.6447494193 36.7138134722 36.299082914 36.0452769573 36.7033424043 36.3092709267 36.6733834789 37.3602964636 36.5713676043 0 0
0 0 0 0 0 0 0 0 0 0 0 0 0 0 0 0 0 0 0 0 0 0 0 0 0 0 0 0 0 0 0 36.4147361058 37.3273237695 36.2945435059 36.9013351684 36.5586114167 37.2119370843 36.2505735285 36.4143139579 36.8857769859 37.3519779751 58.6042489496 52.8127028946 56.2983406074 56.2983406074 37.3742418422 36.7396271117 36.5344393189 36.4814311631 37.2952788628 36.6008324292 36.2711540242 37.3793700576 36.4532781344 37.0502323273 0 0
0 0 0 0 0 0 0 0 0 0 0 0 0 0 0 0 0 0 0 0 0 0 0 0 0 0 0 0 0 0 0 0 0 37.3184764543 36.8840451134 36.4358255147 36.8452599113 36.4142664592 37.0151018229 37.364669257 37.0585935711 56.2983406074 56.2983406074 86.2411473674 36.2909669137 53.7934171111 36.1784146595 36.5774281888 36.4443692857 36.7003846217 37.2345216168 36.6824023438 36.0287281179 36.4171219963 0 0 0
0 0 0 0 0 0 0 0 0 0 0 0 0 0 0 0 0 0 0 0 0 0 0 0 0 0 0 0 0 0 0 0 0 0 37.3901854278 36.3173425853 36.6990565809 36.7343921994 37.3725872309 36.4698860225 36.5094219778 37.4039137298 86.2411473674 86.2411473674 86.2411473674 36.0615329796 36.1874966832 36.6352475841 37.3704206878 0 0 0 37.262458625 36.7427564053 0 0 0
0 0 0 0 0 0 0 0 0 0 0 0 0 0 0 0 0 0 0 0 0 0 0 0 0 0 0 0 0 0 0 0 0 0 36.9450831464 36.1921130323 36.1575278515 36.1961367119 37.0830112742 36.5222645314 36.1110168281 36.2810584109 86.2411473674 86.2411473674 41.5661361959 59.1910901248 63.9362037362 36.5907141067 0 0 0 0 0 0 0 0 0
0 0 0 0 0 0 0 0 0 0 0 0 0 0 0 0 0 0 0 0 0 0 0 0 0 0 0 0 0 0 0 0 0 0 0 36.8318223261 36.7754345448 36.3604689073 36.0041255682 36.939785821 36.8002713752 36.1934031707 41.5661361959 41.5661361959 41.5661361959 63.9362037362 64.6101201094 0 0 0 0 0 0 0 0 0 0
0 0 0 0 0 0 0 0 0 0 0 0 0 0 0 0 0 0 0 0 0 0 0 0 0 0 0 0 0 0 0 0 0 0 0 0 36.6733532664 36.7976326374 36.9452838372 36.9174404729 37.3402090287 36.5384581559 36.1103125054 54.8919232843 56.5212194234 70.0256249694 70.0256249694 46.0791742737 0 0 0 0 0 0 0 0 0
0 0 0 0 0 0 0 0 0 0 0 0 0 0 0 0 0 0 0 0 0 0 0 0 0 0 0 0 0 0 0 0 0 0 0 0 0 36.867243874 37.1175138888 36.8264618702 37.3394231401 36.1299760948 36.1428866049 36.6699109647 56.5212194234 66.8282790006 64.4268203796 77.211794045 0 0 0 0 0 0 0 0 0
0 0 0 0 0 0 0 0 0 0 0 0 0 0 0 0 0 0 0 0 0 0 0 0 0 0 0 0 0 0 0 0 0 0 0 0 0 0 36.1224583066 36.0977255975 36.4256037019 36.9049296473 37.0455702154 37.1715453481 37.3434630701 66.1749530364 67.273347505 75.8697183563 26.5115927976 0 0 0 0 0 0 0 0
0 0 0 0 0 0 0 0 0 0 0 0 0 0 0 0 0 0 0 0 0 0 0 0 0 0 0 0 0 0 0 0 0 0 0 0 0 0 0 36.6188533747 36.2520373496 37.0569388139 37.1664635691 36.4029529048 36.7807182103 83.3644042161 77.2651797632 73.1894017655 26.5115927976 26.5941581554 0 0 0 0 0 0 0
0 0 0 0 0 0 0 0 0 0 0 0 0 0 0 0 0 0 0 0 0 0 0 0 0 0 0 0 0 0 0 0 0 0 0 0 0 0 0 36.0131662734 37.19240879 36.9129605871 36.0849748081 36.31796926 0 0 26.5115927976 26.5115927976 56.8069532126 56.8069532126 0 0 0 0 0 0 0
0 0 0 0 0 0 0 0 0 0 0 0 0 0 0 0 0 0 0 0 0 0 0 0 0 0 0 0 0 0 0 0 0 0 0 0 0 0 0 0 36.402723463 0 0 0 0 0 80.9117228337 56.8069532126 56.8069532126 76.1343526928 76.1343526928 0 0 0 0 0 0
