Spatial_Output/BAU/BAU_1323.asc
NCOLS 155
NROWS 192
XLLCORNER 196769.923733
YLLCORNER 449719.875193
CELLSIZE 27.603701
NODATA_VALUE NaN
[rows 115 to 137 of 192, columns 53 to 105 of 155]
60.9094506024 60.9094506024 63.1444912432 33.754752026 34.383676219 58.9684657134 59.0232364604 59.0232364604 59.0232364604 33.8777034858 46.3939004439 33.3308276595 34.0543577555 61.4240194444 75.7991860927 75.7991860927 53.4184372902 44.3482670536 89.7082861006 89.7082861006 66.484205427 34.2131463204 51.8982365358 51.8982365358 56.0054338173 62.8287216728 46.9910677279 72.6171901907 72.6171901907 64.6573066706 64.6573066706 58.0825955749 64.0043920458 67.8283323191 33.1271519527 47.5375543906 60.9104894779 72.7361655285 33.9600703963 33.9205517212 33.1462157727 33.792119508 34.3470750771 33.4453251528 49.8115612105 34.0508985715 34.248995278 34.0713271165 34.3032521626 33.0413651354 33.3165663899 33.4014042388 34.280460112
85.7782614828 60.9094506024 63.1444912432 33.1283682556 33.2614462143 34.3011275677 33.0799182936 59.0232364604 60.7554595619 44.7582388735 34.088124227 46.3939004439 33.1770886605 61.4240194444 33.2126633371 63.1354234042 53.4184372902 33.1690176031 34.349960171 89.7082861006 34.161205343 33.4735567133 34.3078152645 56.0054338173 56.0054338173 56.0054338173 33.1606433887 33.529062379 33.9726526747 33.3264579705 58.0825955749 58.0825955749 33.9873826989 33.8503002904 33.0039726213 33.4839762454 33.2192240599 33.5291132648 34.1031697128 48.3270989933 48.3270989933 48.3270989933 33.4410129115 33.3351453596 33.2102421997 33.362178568 33.01794674 33.171895859 33.2944937479 33.457686206 33.7098883962 34.0957303929 34.2936233893
33.0897812856 33.7172433412 33.4178644933 33.9558740539 33.2197316954 34.2625031397 34.0185159471 60.7554595619 60.7554595619 60.7554595619 33.9398900041 33.0347015518 34.1094089058 33.0722905334 34.2824887192 34.411073368 34.026457692 34.3576006263 34.1437344479 33.5286763211 33.3943309491 33.2673142033 33.5999391008 77.0383327601 77.0383327601 77.0383327601 33.1203566831 34.2108038723 33.014909688 33.2380063267 58.0825955749 58.0825955749 58.0825955749 33.207313937 34.0421656179 34.1098869743 33.0700987257 34.3409444388 34.2329280342 33.4128611895 48.3270989933 34.3504061176 34.3912295407 33.8114724859 33.0788138118 33.9553228047 33.8653837597 33.4079492694 33.1483432553 34.4080297789 33.2400675796 33.4803749041 34.3693735367
34.3214107981 33.8842041052 33.8742101269 33.3760366612 33.6413464112 33.0756001374 33.0138605876 73.2882818564 33.6979842889 33.3192319588 34.2367177517 33.0800280399 34.3158564237 33.3069572162 33.8113052142 33.3298298839 33.2210759628 33.3665732975 34.175148073 33.0263109155 33.4007289895 34.1713736051 33.031986113 77.0383327601 77.0383327601 77.0383327601 34.4011556778 33.4428194728 33.0264670744 33.1181763903 50.1152338028 54.7984252535 54.7984252535 34.1093457737 33.0817451837 33.4738007625 33.6419837894 34.1005646132 34.0175400775 34.3079248922 34.1395188001 33.3987518565 33.3885644593 33.5623065056 33.6228207914 34.1645698788 33.7802615347 34.0110684043 33.2170006205 33.3496426976 33.4376311056 34.2981634638 34.1649605103
33.9906088816 33.2372830443 33.2315153134 33.9714614521 33.5619942347 34.213015767 33.5652278954 73.2882818564 73.2882818564 73.2882818564 33.8122264896 33.0267113295 34.2672260061 33.5123275008 33.9478609417 33.5896284597 33.0647804342 34.0286600199 33.7621018491 33.6721071666 34.1672462724 33.8386630967 33.8755229927 33.2201949843 60.7083968781 34.1048756389 33.8763101638 33.5189418021 70.2471135682 87.842107542 50.1152338028 58.5559986548 63.869201376 33.5104337304 33.2604131062 59.3294497731 34.0643286147 34.1523541564 33.8641212592 33.6269788021 33.3626187753 33.6523064898 33.5917805457 33.9493024955 33.8606309078 33.8929359668 34.3459356831 33.0617753671 33.0536123242 33.8959521175 33.5261630922 33.5395303771 34.2698670163
33.7529009125 33.7636141983 33.3594524501 34.3198410835 34.1181199589 34.1004648974 51.7817256018 73.2882818564 51.7817256018 34.0554505104 33.5488632713 33.6636886702 33.840809893 33.1571836834 33.0772605777 33.1716545459 33.1897376099 33.3186549443 33.703048307 33.5515631999 34.1252404209 33.2395101464 33.3632202719 33.9194174378 80.4552266076 33.6840296973 70.843082068 70.843082068 70.2471135682 87.842107542 58.5559986548 58.5559986548 63.869201376 63.869201376 63.5134795889 63.5134795889 59.8338334789 60.7108548636 47.432290688 78.7562357743 78.7562357743 78.7562357743 78.7562357743 33.0598796677 34.3589907892 33.0088198454 33.4612551825 33.7839091491 33.8780198239 34.0115019527 33.045734466 33.9087400271 33.381453699
33.7826972926 33.6402225159 33.3023355884 33.2908607776 33.1714462095 34.0233404481 51.7817256018 51.7817256018 51.7817256018 33.608912843 34.318633752 33.4226060521 33.1509419432 33.8101646842 33.4976876496 33.6959237152 33.4488491824 34.0061847475 34.0296147471 33.3496142347 33.9716798504 34.1392954866 33.8828241008 80.4552266076 80.4552266076 80.4552266076 70.843082068 70.843082068 70.2471135682 87.842107542 63.9631770218 54.9040545412 63.869201376 64.657560573 63.5134795889 63.5134795889 33.3951763541 47.432290688 47.432290688 54.0047206263 78.7562357743 52.3909803859 33.3378547401 33.0772854864 33.3918123471 34.2745529096 88.3964934032 56.3846691475 51.2944426776 33.2307236733 51.933878745 60.8563277704 60.8563277704
33.6047899366 34.244227473 64.9447378425 61.5163650396 33.3322228747 33.1313301028 43.2792051858 43.2792051858 33.2824470574 34.1982107469 34.3906769973 33.0323107772 33.4462812572 33.174164588 33.565823977 34.0611703249 34.0116373712 33.6541450285 33.4455324269 33.2792273996 33.3534971514 33.7986197152 33.8810578311 33.3796137398 49.8872212023 49.8872212023 33.2222268025 70.843082068 33.8879350215 34.2572648151 33.5715070458 34.1271166696 33.1981607761 34.3729360556 33.5858708434 34.0993597949 59.8338334789 47.432290688 47.432290688 33.2909475949 52.3909803859 52.3909803859 52.3909803859 33.2022307263 33.6582845124 60.4741357675 88.3964934032 88.3964934032 51.2944426776 51.933878745 51.933878745 51.933878745 64.7962974849
33.1549001084 64.9447378425 61.5163650396 61.5163650396 44.2514556785 62.2680239379 62.2680239379 62.2680239379 33.2270008315 33.2313906784 34.2145717743 33.4143087779 33.3361426272 34.3136196006 33.8714206418 33.8697062767 33.3235172587 33.0609243945 33.9252905705 33.3465312652 33.0009284988 33.0424541572 33.6588086905 33.5677934877 49.8872212023 49.8872212023 49.6115293777 33.4928504788 33.411767205 34.0456337569 33.6416810059 33.5992346696 33.416811807 34.3402928776 34.1786058004 33.9934294795 34.2473928424 34.0101186011 33.9925683628 68.3426437076 71.5767164626 71.5767164626 70.8700811489 34.3428492226 33.9278070618 33.8905794091 88.3964934032 61.3472664968 51.2944426776 53.0404154051 51.933878745 34.3050508644 34.0225276768
34.2354727011 34.1979786567 74.065079862 61.5163650396 44.2514556785 33.8394371605 62.2680239379 62.2680239379 33.7685112313 33.4571374347 34.3943512593 33.7770505513 33.6232990728 33.740148957 34.3103428699 33.8523157265 33.502397268 33.1515250176 34.3084988069 33.0326917595 34.0670669014 33.3436799714 34.4033973217 33.3287326922 34.389990434 33.3613367818 49.7589624743 33.7501679551 34.296858081 33.8437386318 34.3449494701 33.9679694328 33.4317771866 34.0004531391 34.0705877425 34.3422519517 33.2939367829 33.2368333108 34.0869368219 34.1628089984 34.4119409908 71.5767164626 78.7192018927 34.2261798109 34.0710316597 34.072240292 34.1698247262 33.3289650939 33.9212813885 33.5606795055 34.2530708882 34.0008291308 34.0962140958
33.0756838631 67.344210563 34.1971653317 33.8077261921 33.7255811118 33.5559524504 34.3578442608 59.3753706009 33.8307890218 33.2303973838 33.5738759275 33.5247652506 33.3616245589 33.4019294551 34.3801970768 33.4207915264 33.2272340918 33.1659653984 33.8357147874 34.2662416285 33.0750926833 33.3485571779 34.0522286 33.9607234342 34.1580384601 34.0769688378 33.1574897949 33.1253501084 33.6468624963 33.0323288786 33.4265551564 33.5985786471 33.6024133445 34.3678021166 34.09283904 33.6806733413 33.7650895144 33.7720212546 34.0108242608 33.5876831204 52.8936694287 51.8554412143 52.8936694287 33.7744685273 33.272365424 33.2440540527 33.0853540538 33.2851539307 33.4732893043 34.1497680649 33.7257623044 34.059529318 33.3275935902
69.6605957906 69.6605957906 34.2330716698 33.4023794908 33.0135787696 56.3736953057 56.3736953057 59.3753706009 33.8501032553 33.3795358044 34.2791289301 34.1064901884 34.2191836306 33.4557497972 33.3402466252 33.6994518049 33.8955289422 34.363554118 33.2424646659 33.9168748898 33.3860140981 33.8736195492 33.162515355 34.1274946265 34.1696285111 34.3694147573 33.7183214305 33.2274804422 33.2464051923 33.1909275796 34.3288640034 33.5796797051 33.7048099494 34.3034774824 33.8388220805 33.8731311577 33.3338576378 34.256499441 33.7792818294 33.3529085488 51.8554412143 51.8554412143 51.8554412143 33.626030269 33.1674284523 33.8458437803 34.3538154805 33.5068765546 34.1337492937 34.1816272758 33.8479722712 34.2796941967 33.9138623554
69.6605957906 69.6605957906 34.1770451735 33.5125069439 34.1890296538 55.6826517254 55.6826517254 33.8551431299 33.8438294245 34.1402958967 33.6975235506 33.6657068808 33.7882229703 34.0986814168 34.3900235649 34.1970175418 33.5831130868 34.3625221741 33.0868757475 33.168372406 34.2162109783 34.2889866755 33.7711523599 33.0582256868 33.3533362596 34.2630079689 33.4585564218 68.4587224273 33.2698855248 34.1597389996 34.1144343411 33.6226537541 33.0358864851 34.0563698215 33.6060970278 33.3657498515 33.3544709405 33.2846282714 33.1727206781 34.362395424 34.3580439333 46.0410392654 33.3985709156 33.7432274375 33.2129623832 34.3695567152 33.3757573962 34.3230232128 34.3546745088 33.0127111641 33.6175815646 33.1286997186 33.7084368912
61.6268673498 56.2760544541 56.2760544541 56.2760544541 33.2650452122 55.6826517254 55.6826517254 34.0177270659 33.7520706216 34.340366748 33.0129201062 33.8636364945 34.360143701 34.3938626109 33.2734296323 33.9195166623 33.6306710217 33.6311157459 33.468504781 34.1077227991 33.61482533 33.0191716524 34.3218938993 33.6473664868 33.0054285788 33.1609562098 33.4514953954 64.6778216641 64.6778216641 64.6778216641 34.3020005436 34.2480571001 33.5619712622 34.0415984963 33.2518057657 34.1154698782 33.2561357997 33.8418193504 33.8794510564 33.8420629797 34.2114331399 66.1974551377 66.1974551377 33.1411254141 33.5240695467 33.9826248944 33.6234426771 33.4213942395 33.5578941861 33.2641130718 33.0540507791 33.3784089479 33.8345320037
34.2425695226 56.2760544541 76.4923095658 76.4923095658 34.3284368301 33.7747090406 33.8372306808 33.6171605738 33.1301572491 33.3363575359 33.1011194883 33.9514662113 33.9192686484 33.9768223385 34.1076122782 34.062082104 34.035167349 33.0151776485 33.178725253 34.2105306377 34.140522011 33.4757223235 33.2994877554 34.3564885358 34.1898836934 33.3337423878 33.7554829083 64.6778216641 64.6778216641 33.4414668505 33.7294428349 33.4657039962 33.893801781 34.1323961164 33.4445265936 33.1607373964 33.9370173343 33.0798346425 34.0324109602 34.1986326053 66.1974551377 66.1974551377 66.1974551377 51.4401849386 33.2903178492 33.2372569602 33.6298160942 33.5188389796 34.2007038846 33.1624643823 33.3094868806 33.2090763041 33.7094904077
33.3378045607 48.3069318274 76.4923095658 76.4923095658 48.9188660565 33.7915503942 33.903698903 33.8385993256 33.7979188904 34.3756734532 34.1751988581 34.0548202348 34.3752050967 33.7000526861 34.0370552415 33.9616947482 34.2590332769 34.2758930399 33.3366697876 33.4127315689 34.0067542097 34.0937912619 34.3584943599 33.5755986771 33.4598055908 33.7964590443 33.7232622457 57.4154213013 64.6778216641 57.4154213013 33.1093812985 33.931725806 33.0795138803 34.1746496727 33.2283633802 34.2156604258 33.2735238826 33.3123076439 33.1426075953 33.3448256681 33.7609865624 42.5106605084 42.5106605084 42.5106605084 33.2539683172 33.1369649413 33.1198701226 33.3225692786 33.8731097196 34.1084624244 33.919322038 34.239630377 33.518679814
34.273808071 33.4395972231 78.0123863384 47.3119512565 47.3119512565 34.3146408432 34.0642187846 33.6145989621 33.841028407 33.825105585 33.3861552158 34.2370584034 33.6483340857 33.3911625843 33.0624217817 33.7755907423 34.125068353 33.9683135053 33.8766440204 34.0629421465 33.1852343022 33.6219282758 33.8880915962 33.6777093142 33.0240459726 34.2480717759 34.0381829249 57.4154213013 57.4154213013 57.4154213013 33.0946177276 34.2569385174 34.2998882636 34.2508321585 33.4574267732 33.2428694241 33.4457045235 33.0816088519 33.3426426536 33.4673603687 33.1204503252 53.6853561973 33.7320675736 33.3278775479 33.3931624427 34.1400750376 33.4348713739 33.9944012421 33.7412323802 34.4009120491 33.8782073108 48.5424680722 65.5283250034
57.0620405928 33.7371910208 77.4891185003 77.4891185003 52.7721717523 52.7721717523 33.2351373333 34.1728976588 34.1820095716 33.737475921 33.6142161925 34.261460473 34.1896939177 34.0461139415 33.8563119213 33.2363040888 33.9461910807 34.3355084483 33.2634083401 34.0787656417 33.8255606285 33.1601151621 33.0092624429 33.9673959736 33.07395914 33.5502285979 34.1388885336 58.463447372 51.2528843123 34.2020000089 33.9472536644 33.0255372542 33.8651786296 34.3941392495 33.0649986303 33.5131381453 33.9507338688 34.3771427888 33.2262703292 33.3979174529 33.16965005 66.3638591564 66.3638591564 66.3638591564 33.4717945762 34.0520499283 33.1571624374 34.2669500402 56.5456116955 66.2229319726 48.5424680722 48.5424680722 65.5283250034
57.0620405928 57.0620405928 33.8951589398 52.7721717523 52.7721717523 61.0407155461 33.4556209335 33.6473559855 34.1806813103 34.3590299669 34.1307112287 34.2762762672 33.4391223899 33.1275082304 33.4360330949 33.3998875989 33.7280055922 34.2867464508 34.3777265184 33.9358262814 33.2486519809 33.838063109 33.440189963 34.002838889 33.121400141 64.6657338714 64.183206315 51.2528843123 51.2528843123 51.2528843123 58.712247589 49.0432045833 34.3111551049 33.5507139049 33.5482180489 33.2680406973 34.1751384999 34.152420856 33.1589238013 34.0002396489 34.3015351843 66.3638591564 66.3638591564 53.5633057167 61.924297587 45.9525527031 61.9485771464 56.5456116955 56.5456116955 66.4964289297 48.5424680722 48.5424680722 65.5283250034
57.0620405928 57.0620405928 33.1770458733 54.4311418557 33.9860759749 54.4311418557 45.1279680012 33.4438332358 34.3566252496 33.4589010285 33.9075586948 33.7914824859 33.3537116497 33.3943134731 33.5745578799 33.8443762096 33.7976454432 33.2474380611 49.5354400445 33.1935862005 56.8056509395 66.0307847541 33.1244922092 75.58937272 85.2808236149 64.183206315 64.183206315 71.8257204311 71.8257204311 71.8257204311 49.0432045833 49.0432045833 49.0432045833 52.0371314198 33.4291764673 33.614476432 33.0454065944 44.6932866826 65.3042178071 52.4235897971 52.4235897971 34.204118205 66.3638591564 53.7835219748 61.924297587 61.924297587 61.9485771464 33.5930858459 56.5456116955 66.4964289297 92.1960982493 33.9843555078 33.8148938964
34.1992476615 33.2573084784 33.6030422204 34.2064537412 45.1279680012 45.1279680012 45.1279680012 34.2681673427 33.6696991233 33.0143393008 34.0152550739 34.0528301513 65.0756827505 56.0900295269 64.6575594416 46.3762095026 46.3762095026 33.6058954469 81.8622966955 33.0196186105 56.8056509395 56.8056509395 75.58937272 85.2808236149 85.2808236149 64.183206315 64.183206315 50.5024923356 50.5024923356 50.5024923356 33.1953025198 49.0432045833 49.0432045833 52.0371314198 33.3437805902 34.1469477315 44.6932866826 44.6932866826 44.6932866826 52.4235897971 52.4235897971 33.6167083936 53.7835219748 53.7835219748 61.924297587 61.924297587 33.2880346282 33.2288245784 34.3426655846 34.3765064404 33.9184975312 33.8837828455 34.402751699
34.2376648074 33.1005360331 33.7745468463 34.1274142516 33.4093725223 45.1279680012 45.354865383 57.5854810363 33.5648902793 33.8724811734 57.292983542 57.292983542 57.292983542 64.6575594416 64.6575594416 46.3762095026 46.3762095026 58.7123336014 33.1040925731 33.9346143226 56.8056509395 66.0307847541 33.3742880336 75.58937272 85.2808236149 64.6657338714 64.183206315 33.172009073 50.5024923356 46.9343214027 46.9343214027 33.4263868054 33.7391810673 53.2523334844 33.428354761 33.7562270475 33.1217954579 44.6932866826 65.3042178071 52.4235897971 67.5803704819 34.0465214188 34.0225621726 53.7835219748 33.3636682205 33.7806957148 33.9084596006 33.1076859936 33.5874346254 34.158226065 34.3689543658 34.3571510137 34.2309038832
34.2826864963 34.3324109794 34.3507381374 33.0306342864 33.8142334487 33.5589074622 33.4082981754 34.3444645968 33.5990798018 33.0888434482 57.292983542 57.292983542 65.0756827505 56.0900295269 64.6575594416 53.9560091373 46.3762095026 58.7123336014 34.0853898416 33.900417979 33.8451007095 33.7286710577 34.0375553918 33.8109322124 33.2260717977 33.3478293128 33.8218153931 33.8245787896 46.9343214027 46.9343214027 57.3829345257 33.1210268692 34.2275115919 34.3106022677 34.1480650579 33.8332750068 33.7793398714 33.0824426237 33.1391852089 33.4127697831 33.083936753 33.9841306574 34.0192596633 33.0790601672 34.3054115422 33.8192507559 33.4333844408 33.4497230213 34.1912596231 33.0401079022 33.7071492507 33.3862885008 34.3193189818
