Spatial_Output/BAU/BAU_0275.asc
NCOLS 155
NROWS 192
XLLCORNER 196769.923733
YLLCORNER 449719.875193
CELLSIZE 27.603701
NODATA_VALUE NaN
[rows 0 to 22 of 192, columns 53 to 105 of 155]
44.6380323781 45.1347412372 44.8028374824 44.8176726302 45.16193682 44.9435857316 45.0679863099 85.0335219563 86.0204876036 84.9561502347 44.6971466818 0 0 0 0 0 0 0 0 0 0 0 0 0 0 0 0 0 0 0 0 0 0 0 0 0 0 0 0 0 0 0 0 0 0 0 0 0 0 0 0 0 0
44.8942310755 44.5209530068 44.5359448367 44.6110644565 45.1361785713 44.8758300797 44.806545808 78.571225387 81.3278659735 74.6484113116 44.5962359061 44.6867047473 0 0 0 0 0 0 0 0 0 0 0 0 0 0 0 0 0 0 0 0 0 0 0 0 0 0 0 0 0 0 0 0 0 0 0 0 0 0 0 0 0
44.5373168391 44.7270622985 44.7054453567 44.781810938 45.1920272261 44.6019986611 44.862163594 70.67245026 73.7146084383 84.0512201194 44.6487706562 44.966422414 0 0 0 0 0 0 0 0 0 0 0 0 0 0 0 0 0 0 0 0 0 0 0 0 0 0 0 0 0 0 0 0 0 0 0 0 0 0 0 0 0
44.7966805379 44.5401022181 45.0073739646 44.9370356202 45.1348496207 44.7708016261 44.7329332808 44.7861512361 44.9845289022 44.8528477635 44.9541653257 44.6702677497 45.0365829252 0 0 0 0 0 0 0 0 0 0 0 0 0 0 0 0 0 0 0 0 0 0 0 0 0 0 0 0 0 0 0 0 0 0 0 0 0 0 0 0
44.534757261 44.5992534465 44.9198794407 44.7436326017 44.8529317954 44.5398489527 45.0917487789 44.8746085602 44.6706764288 44.9768692796 44.8008941378 45.0369599357 44.5971180644 44.8688142748 44.860005939 0 0 0 0 0 0 0 0 0 0 0 0 0 0 0 0 0 0 0 0 0 0 0 0 0 0 0 0 0 0 0 0 0 0 0 0 0 0
44.5521610043 45.173643777 44.9211427934 44.6710439672 44.751454695 44.8621685699 44.5774784425 44.5733973618 45.116693021 44.7083742795 45.0186698527 45.0050999429 45.1002416247 44.8732998319 44.6604211553 44.9637772589 0 0 0 0 0 0 0 0 0 0 0 0 0 0 0 0 0 0 0 0 0 0 0 0 0 0 0 0 0 0 0 0 0 0 0 0 0
44.5612144803 45.1711847441 44.9680393816 45.0486301354 44.6404059996 44.5047133161 44.5949513923 45.146432472 76.6725930394 45.1841182336 44.8187499334 44.7274577185 44.5595167602 45.0531583638 45.1218636747 44.855983218 44.7862107312 45.0032519747 0 0 0 0 0 0 0 0 0 0 0 0 0 0 0 0 0 0 0 0 0 0 0 0 0 0 0 0 0 0 0 0 0 0 0
44.7383497502 45.0961090996 45.1346387806 44.5352223646 44.5010807068 45.1788185902 45.1387787461 44.7972589369 76.6725930394 76.6725930394 52.2166918758 44.7532525957 44.9146934261 45.2069766754 44.8449618979 44.9470776979 44.6811407262 45.0976891161 44.6910531703 0 0 0 0 0 0 0 0 0 0 0 0 0 0 0 0 0 0 0 0 0 0 0 0 0 0 0 0 0 0 0 0 0 0
45.0305430722 44.7480911262 44.6720860683 44.7638001374 44.5265509567 44.9471763904 81.4663440308 81.4663440308 76.6725930394 52.2166918758 52.2166918758 44.8236230706 45.0972035409 44.7828161863 44.8332775779 44.9502107056 44.5296975814 44.779930326 44.9079963536 44.8760858042 45.0559573165 0 0 0 0 0 0 0 0 0 0 0 0 0 0 0 0 0 0 0 0 0 0 0 0 0 0 0 0 0 0 0 0
44.7890588 44.9480093888 44.9114601327 44.6165347604 32.8889409597 32.8889409597 81.4663440308 81.4663440308 56.2999623214 52.2166918758 52.2166918758 44.8607326873 44.769957167 44.5699022079 44.9889105363 44.9477741651 45.0481646113 44.9814068108 45.0738937864 44.5922427912 44.8070105323 44.6190470534 45.1855156183 44.6601024381 0 0 0 0 0 0 0 0 0 0 0 0 0 0 0 0 0 0 0 0 0 0 0 0 0 0 0 0 0
44.8501452899 45.204974747 44.7140214937 32.6362717163 32.8889409597 32.8889409597 81.4663440308 57.4418049332 44.8948927784 94.4705361426 44.5979233462 45.074461035 44.6868829965 44.946011075 44.5775937773 45.1237270644 45.1608569429 45.0340142536 45.1225517709 44.9611137905 44.9575062565 44.8963877923 44.6688247428 44.8468057636 45.201579318 45.058876086 44.5252625975 45.0001066006 44.86523039 0 0 0 0 0 0 0 0 0 0 0 0 0 0 0 0 0 0 0 44.5866603467 44.5662548586 44.8669331581 45.1079392757 45.141497619
44.7703768947 45.1183073647 44.9150463912 44.6156666154 44.9104020727 45.0405823173 44.619094332 44.9847971391 44.8992938207 44.9344702777 45.1164480691 44.5408126716 44.5303689678 44.7987776759 44.5942859204 44.5494316377 44.6905212205 44.8398566172 44.5196465251 44.5878292524 44.5689277838 45.0035121275 44.5899066503 44.5163073634 44.810060061 44.9832094083 44.9367918974 44.7075573585 44.6363316153 44.6750755574 45.0261350043 0 0 0 0 0 0 44.768142905 44.5517863058 44.6615429862 44.589796125 44.6748045 0 0 0 0 0 0 44.7469999031 45.0390384448 44.8464456829 45.2058640605 44.7080604725
44.8824744563 45.0267277251 44.8870952448 44.6357852312 44.9962500186 44.9488475188 45.0991967941 45.0600198911 70.8546038493 70.8546038493 72.2787823303 87.6264537984 72.2787823303 44.6435301272 45.1672405923 44.804273219 45.0071309032 44.6154143477 44.9125568132 44.930190635 44.9225525052 44.6921665703 44.5489391925 44.7116752658 44.7064485932 44.6756616723 44.7251199615 44.5124704115 44.9374770878 44.9965880247 44.8904369112 0 0 0 0 0 0 45.1778235691 44.582072199 44.6472571243 44.8196143983 45.051102629 45.0777529116 44.8155825366 44.8213617128 0 0 44.8318287938 44.8738866981 44.9225762109 45.1988184242 44.9628297682 44.6932742414
44.8853172456 44.5652266836 44.9831459037 45.0942022717 63.9525540398 71.376913972 71.376913972 70.8546038493 70.8546038493 44.9545930656 44.7209249918 87.6264537984 73.7175614153 73.7175614153 44.9054601109 44.9519809612 44.7984057079 45.111962726 44.7365053634 45.0679064162 44.8311466356 44.7536224394 44.8841753848 44.9019162683 44.9358693706 44.5934082433 44.5620418704 44.5089854338 45.0848664126 45.1066386977 44.9945249816 45.0121280769 44.7666256867 44.9122936745 44.9965114005 44.9917626272 44.5358021409 44.6299135034 45.1169445064 44.5907309804 45.1754330671 44.517346846 44.8792440596 44.9007671979 44.7601704882 45.1126062177 44.8741916259 45.1346330125 44.9533032009 45.1295221834 44.6689656556 44.6261997576 44.680180594
44.9182968257 44.5032741884 45.1869539496 44.8642385419 63.9525540398 71.376913972 71.376913972 45.1084044738 45.1205159895 67.2997066292 44.5622205294 87.6264537984 44.7439163624 73.7175614153 73.7175614153 44.9163501933 44.8874553263 45.0066568614 44.7173359952 44.8122438897 44.5222948239 44.6579712928 44.7995836283 44.8214357273 45.2020626218 44.9265822728 44.6313092323 45.0407570408 44.7321953721 44.5968551633 44.6661569514 44.6866972586 45.1345938964 44.5252512004 44.8271634697 45.1818728226 44.6285487612 45.1066560786 44.6112660558 44.8128979861 45.0694121184 44.9476178998 45.1012884108 45.0272587202 44.5256383859 44.9881411373 44.7348366336 44.5337998979 45.1568931279 45.0561275663 44.5678723774 45.0681803422 44.7186684565
45.0405375686 44.6142587731 44.5033265393 45.0383894705 63.9525540398 80.7769396304 45.0465092479 44.6274457825 44.6987272181 76.6679008246 76.6679008246 45.1455721414 61.4144783033 73.7175614153 73.7175614153 44.6850725334 44.6230502901 44.8328170509 44.7895670073 44.6134243895 44.520413318 44.5029634328 44.6854561851 44.8530617284 44.8116196931 44.5780970684 45.09217735 44.6024362512 44.7819747561 45.0748490504 44.6123531476 44.7212085867 44.9417918023 44.5857424678 44.7402487759 45.0247359321 44.9428862303 45.1191559219 44.8192490199 45.0813688017 44.9215400265 44.8797614704 44.656169083 44.8798025609 44.879509449 44.9400924994 44.8726595746 44.6366983451 44.770518582 45.1744186026 44.5250557055 44.8305688946 44.8141861793
45.0700171107 44.7876195136 44.8167321421 44.5043040615 80.7769396304 80.7769396304 53.7022171261 44.7629242895 45.0019156676 44.9405369298 61.9744451901 61.9744451901 61.9744451901 53.2890198609 44.8700562079 45.142185489 45.1749352556 44.8078211581 44.9896126074 44.761049267 44.6446790835 45.1951228145 45.1079121835 44.7247116241 44.9424417856 44.5028589192 45.1306253729 44.6172583025 44.866575761 45.0093966711 45.0485014493 44.6571374642 44.8519046654 45.183503587 44.9599240239 45.0902078289 44.6211352844 44.6806867724 44.9033303695 44.6656060098 45.0765648588 44.7428682924 45.203618033 44.785826448 44.6773697373 44.811001508 44.8885401344 44.7118827384 44.6188941775 44.8122848767 44.5082897026 45.0939219138 44.545575949
44.5032315713 44.7684612785 44.5140606919 44.7572666818 45.1707565899 80.7769396304 61.0732647588 57.9059551909 44.6643394571 45.1428273615 68.8378948908 61.9744451901 61.9744451901 53.2890198609 45.2040294094 44.6597211452 44.9156776725 44.5658442752 44.6930523072 44.6845440401 44.99715276 45.1709266139 44.8577852161 44.8522579397 44.6146302707 44.9095686989 44.9614244998 44.861486354 45.0823461094 45.1505360421 44.543134894 44.9051632678 44.8440900385 44.8009658266 44.7931863373 44.5680487161 44.998520722 45.0769608051 45.0562565969 45.0059992241 45.2059354599 45.0586636205 44.6141477283 45.2070018926 45.1669529497 44.5562054508 44.9643925183 44.5019958995 44.8697361506 44.9056763598 44.6295604393 45.1230582119 44.5503862813
44.7278088721 44.8237232239 44.7435660984 45.0213056282 44.988117558 57.9059551909 61.0732647588 61.0732647588 95.9568329257 44.6287749034 44.9367682242 68.8378948908 44.9546997155 44.5819608318 44.9440224215 44.5418573683 45.1429397052 44.790680649 44.9180863758 44.55608252 44.8711463921 44.5899245874 44.6700714997 44.7824444378 44.8349639282 45.150811377 44.9986727391 44.7919131172 44.7593073631 44.6492661859 45.0504825483 44.5541822231 44.5284670463 44.7660648382 44.5592475964 44.5305804844 45.1847835244 44.7708319657 44.5752235354 44.5679817001 44.9215404128 44.8473617473 44.9742359555 44.8953892415 44.9671137616 44.8348952591 44.9349356386 45.1913178671 45.0202461907 44.5808860129 44.7108004759 44.9339784597 45.1895760089
45.1512183822 45.0020561775 44.7087669456 45.1277436077 45.2067429503 45.0380340151 61.0732647588 95.9568329257 45.0306706548 60.9258145065 45.1616414678 44.785124398 44.7820985996 45.1894253084 44.8621205804 44.5780975548 45.1710837555 44.7377643022 44.8291248577 44.8053600445 44.7692456374 44.9372328194 44.9482121933 44.9533906314 45.1274199583 44.9231134314 45.0431937843 45.1101914039 44.6889760048 44.8121183215 44.8143587679 44.5086704618 45.087183204 44.9115069171 44.8453143508 44.8708890131 45.1296614949 44.6988918811 45.1825581124 44.6422091321 44.9020287879 44.7670465421 44.6068450575 44.6903527491 44.6894819155 44.8539659763 44.6623569238 44.8727176849 44.8826437952 44.9817149416 44.9575489173 44.6544913392 44.7209298004
44.7326706966 45.2022138699 45.0965743697 44.8843219735 44.6527391578 44.8123057309 44.8272314253 60.9258145065 45.0379664832 44.9016224844 44.8826065239 44.9248109947 45.0125898739 44.9957742195 44.5957763864 44.9441486779 44.685645482 44.5017957827 44.5781358448 44.7145223722 44.5059565299 44.8396456905 44.8569632364 45.016383796 44.8008035979 44.6179498485 44.642333811 44.6867781387 44.6556323391 44.5533277786 45.1359433052 45.0439380327 44.9322160822 44.8992048004 44.8595575826 44.9766291718 44.9874597358 44.5290848695 44.7213867851 44.7687917177 44.5811030874 44.6403282302 44.9821728183 44.5529525815 44.7772179193 44.7747710732 44.9598037798 45.0446328496 44.8456768248 45.0664339922 45.1423874277 44.7680485275 45.1739567894
44.6972967275 44.8264325227 44.9617532615 44.935839568 44.9760947146 44.9616497352 45.0514980345 45.0879545337 44.9281694096 44.5578894886 44.8763761958 44.7975780879 45.1349432526 44.5340775303 44.5914655504 44.5237538303 45.0936902872 45.0967810006 44.5771035993 44.5356908931 44.68839651 44.6761474788 45.1678116494 44.7011217426 45.1766311647 45.2025286551 44.9118103369 44.771030092 44.6175799899 44.7039464671 44.8182618563 44.755646144 45.1577977381 44.5201115997 45.1038802569 44.7821694125 45.0035245034 45.0068241055 45.1469436697 44.5979009596 45.112707551 45.0941228464 45.193433681 44.6519441628 45.1683087891 44.5616214579 44.847953049 44.5064260321 45.1521068064 44.5165264149 44.8941792224 45.0080857149 44.5907870321
45.1948684348 44.5394663109 44.8882802346 45.1849097159 44.6111579431 45.0006563669 44.832317813 84.1976590558 84.1976590558 45.124456684 44.5978342374 45.185995504 45.12818955 45.0270178053 45.1825576191 44.823071766 44.7784950148 44.950253791 44.5942286941 44.6350847938 45.0983944315 44.7283183626 44.665842546 44.518567879 45.0592155059 44.750456257 44.9571748713 44.8065552635 44.788380378 44.7741387966 44.5071835596 45.1663555017 44.7449057018 44.7448646024 44.9177127327 44.6590432721 44.8173730025 44.7678491239 44.870350047 44.5075716067 45.1212357732 44.5246353248 44.7891779859 44.9056034411 44.7354906552 45.0675194945 44.8481871489 44.7819983871 44.6583852767 44.8534753779 45.0012491899 44.676923405 44.5313532922
