Spatial_Output/BAU/BAU_0559.asc
NCOLS 155
NROWS 192
XLLCORNER 196769.923733
YLLCORNER 449719.875193
CELLSIZE 27.603701
NODATA_VALUE NaN
[rows 138 to 160 of 192, columns 53 to 105 of 155]
27.1846108151 26.5468794548 27.0357240533 28.506377895 28.4603892048 27.671641389 26.9606420498 27.8992959912 26.6364486642 28.1684427605 28.0762027665 27.0301571709 26.9519940775 26.7790115377 27.484014637 27.4518169255 27.3091751857 27.2294870692 27.4440329133 28.6036015764 27.6791896676 26.8776207126 27.324025952 27.2636351933 27.2325529726 26.7267719942 27.9283502067 27.1063862044 42.5346574657 42.5346574657 50.0866894888 44.7593589249 44.7593589249 46.7644501724 27.0310953563 28.1952033153 26.8423327234 26.547687446 26.8625799688 26.967602805 26.7242752971 28.5771548632 28.4476806127 26.5103787441 26.6879678966 27.012094934 28.5550966943 27.2267073807 28.511162041 26.6231085292 28.2751884616 28.2524586534 27.0838130432
27.1636049895 50.7510607796 27.9329221853 27.9445097805 26.987546416 27.7670550013 26.779618186 26.6112064541 28.235345892 27.4549785088 27.6988768827 28.0150898726 27.3286478318 28.2248082651 27.2368430136 26.618919274 27.0007549025 27.2846188668 28.1331280414 27.3125482241 27.9816264929 28.1395052746 27.6043135255 28.3560669469 27.1249786033 27.8689062154 27.6901662848 27.955608207 26.5248079158 26.8763569802 71.8591823288 44.7593589249 44.7593589249 65.5142041411 28.487225468 28.3274330595 27.6416043363 28.4243588282 26.9728239616 27.6204576692 27.3386798471 26.5014098139 27.3505669471 26.5983659728 27.8628291097 27.2214794289 28.2920001211 28.122620565 28.1888864318 27.3647821894 27.0540819418 28.1394439041 27.8344443747
26.9947265245 50.7510607796 50.7510607796 27.4689108336 27.7910962651 28.5632103891 27.0253486202 57.539467479 57.539467479 27.5763153954 27.9206603332 28.3310593406 28.1165871713 26.5464773128 26.7659886368 27.6228290686 28.2921699972 27.2836673871 27.7229576492 26.8652178348 27.1552132645 27.4239851471 26.5958041218 27.4454471038 28.0125727145 27.1360706132 28.3532575166 27.4520209117 26.8977767955 26.7935610914 71.8591823288 44.7593589249 65.5142041411 65.5142041411 65.5142041411 48.3784183847 48.3784183847 27.0542978528 26.9165834788 28.1093237418 27.9904785526 26.8484965945 28.3934855211 28.0860031406 28.280725299 27.599930848 27.9639054652 26.7211484755 28.0739658839 27.8206792707 26.6025153527 26.8338224663 28.2240424499
69.7739943777 50.7510607796 50.7510607796 26.7384370516 27.3486310352 26.9928572265 57.539467479 57.539467479 57.539467479 35.9321851547 27.6496919735 27.9608523427 26.6841662207 28.4471812138 28.5293312853 27.4633235757 27.0470167434 28.5325289027 27.3896293462 27.5654856252 26.9638900073 27.902819774 26.9248084573 27.945154498 26.8775667377 26.5019496526 26.9924484011 27.2056350973 26.7546110022 28.6040880383 26.6975628414 28.4921921641 65.5142041411 61.2807689994 61.2807689994 48.3784183847 48.3784183847 50.6952767849 50.6952767849 27.2749626828 27.1132139753 26.7092090687 27.594600426 26.8714944496 27.1059771408 26.9224423157 26.6179060684 28.5607499847 28.2846565395 26.9699786508 28.4425694349 27.7586507958 27.7431536789
28.4479031743 69.7739943777 28.1285679026 27.5575341815 28.3362451976 26.653414089 27.7246141241 35.9321851547 57.539467479 41.7562197614 28.5762083124 26.7709362432 27.7470744033 27.2884681388 27.7355450745 26.9609238261 26.6678535274 26.7412228805 26.5481602723 26.9523948483 28.5071029863 27.5548671373 27.8403377415 28.6007526493 27.6736184755 26.5223129074 27.2127407737 26.7405768353 27.0095586299 27.4923886582 27.5611328936 26.7780479873 28.0482433813 28.5695955114 27.4698813237 48.3784183847 56.4900350435 27.3511779887 63.4000696246 27.5709716268 27.4877524692 27.8633416204 27.0021439898 26.7737916048 27.7897953079 28.4097491403 26.6850541333 28.5590284949 28.4353648465 26.7317125682 26.9186315116 28.5862028583 26.6529697486
27.4941381237 28.4263498842 27.9666396442 28.5691604933 28.2309154415 27.4261869463 28.0354870871 26.9954326084 35.9321851547 26.7660458655 27.4843800226 27.734867344 27.1513104966 27.8857115032 28.0222073567 28.1967500678 27.5481955869 27.6806449188 27.6853163802 28.578308796 28.1150449319 27.4265903249 26.541783116 27.6263362891 26.5800004487 27.3256920907 28.4044446183 26.7885692272 28.2564608944 28.3825953572 27.1493588971 28.5490713811 28.4565384814 27.5275668713 27.654789328 27.1247538 26.9216680438 26.8886069137 26.6143054655 27.1274571049 27.7444849666 26.5871078352 27.1789344815 28.0593523372 27.6575840353 26.7518537225 27.5404502032 28.0538118957 27.1483767855 28.5925671344 27.0802161465 28.1230944951 28.0565110501
28.5297804968 27.3967511035 27.6029717774 27.1654192069 26.8410487299 28.1695283305 28.0312231598 61.916977015 66.7974870272 28.1566599349 28.5767763542 26.7329182671 26.7820370328 26.5492775817 28.5685473376 27.1620933288 26.9266876729 27.8720239679 26.5412180424 27.6444728184 27.9403969991 28.4621184708 26.6903605058 28.6070492119 27.9786730129 28.3445264091 26.7262981878 28.5961247092 27.7727535831 27.9513970716 26.7927900684 26.5683576236 27.1724320587 28.1915224039 27.3784533783 28.5633558345 28.4852626023 27.0249199373 26.8212961224 27.2411661718 28.4226949415 26.757503187 26.8898100336 27.0693260551 27.5125911738 27.1860916607 27.1129345001 28.1063537711 28.1843036644 28.5088983854 28.1950987744 27.3597663508 28.3372515221
27.6288995685 26.5034986422 27.9563000598 26.8180163072 28.0860533807 26.7229544853 27.7113102182 26.7881741055 27.4494958372 27.3102833457 26.9745168901 28.5930331173 27.4952995358 27.7303373624 27.1274830145 27.1036511051 27.4119343696 28.1581879249 27.3771266911 26.8057862689 28.1301932126 28.4857515095 26.9600972858 27.1171036751 26.5669751284 27.8362227019 27.759406149 28.5328720982 28.4802552408 27.6164627126 27.8245797826 27.2196669994 26.5990949896 26.7141063191 26.8391266743 27.2472816541 27.3933208532 68.6602821833 68.6602821833 68.6602821833 26.6404458525 28.2297327645 27.0289999053 27.1545628311 26.8783298254 27.6121069437 26.6945847754 28.1822460572 28.3063810349 27.0254461076 26.8025355243 27.3313610298 28.1653235673
28.4738482693 27.8817026292 26.8490257602 27.7758815324 28.0552933124 28.2960354574 26.7251935273 28.1796356106 28.3200115673 27.4591013939 28.0658822413 27.652234702 28.0548800484 27.2359394451 28.0981401864 27.5186759616 27.4814682931 27.2232219325 28.3004357315 27.7326634259 26.74928745 26.8068762253 27.2234959421 28.1287798457 28.1514231336 27.6180694633 27.0595827929 27.957024655 26.588500854 27.3986169017 26.5294017966 27.5536902066 28.2643499932 26.8510836225 27.8264261649 28.5065300914 28.3864583506 26.8547847284 74.8452118803 74.8452118803 74.8452118803 26.5772442235 27.1505851759 27.834620421 28.1889065375 27.8697285343 27.9609250392 27.5374831388 28.1886252923 28.0796013747 27.4509286961 26.9935577812 26.9497061502
28.6104195961 28.314252528 28.5146517603 26.7396767124 27.5436329197 27.0462034027 27.7468249131 27.7129939632 27.9443998401 44.5956950529 44.5956950529 44.5956950529 26.7571628582 26.6121055368 27.1347325247 27.8928890559 26.5947914808 28.6103676732 26.892123234 26.8686052756 27.9085104371 28.0318076647 27.5601395664 26.884099957 26.6785437452 26.6313911326 26.798234599 26.670362475 28.4752679821 28.2524052731 28.6200198735 27.5477428188 27.8006923464 28.1315174558 28.2457809564 27.5799991194 26.6007500774 27.5225255418 74.8452118803 74.8452118803 27.4615824959 28.0501102037 28.3832540703 26.7455004959 27.8586479918 27.7453452047 28.1462789506 28.4000856342 28.355280526 28.3051500208 26.6478310469 28.4740322221 26.9686367144
26.8160362456 26.9238365994 28.5615560229 28.4081660909 26.558731826 28.3824555773 26.7058837126 27.5585220523 27.5273030502 44.5956950529 44.5956950529 27.1640171658 28.0298658838 27.4702680364 28.6025362787 26.9025819295 27.886453041 28.0189696618 26.5085761176 26.7658353263 28.2252142638 26.7045959189 27.1915650605 27.2561687608 28.522345481 27.5269808362 27.8327757714 27.770889975 26.9722243021 28.5478608584 27.3643958325 28.3331254109 28.0273717673 28.0580862318 27.0454085849 27.3732551411 27.9209944535 27.2978022406 27.3576506785 48.443303204 74.8740042858 28.2922035569 26.5458774407 27.4532551067 28.403520576 26.7847709639 27.8947819472 26.6236487461 26.7474213886 27.8566959305 28.2567274428 28.4085789214 27.1151402208
27.7162385629 27.2664445496 26.7768534227 27.7168323663 27.1515115836 27.8517253426 26.9281444843 26.7807031464 28.3437257387 56.2462747523 56.2462747523 56.2462747523 27.4023837448 26.6324892055 28.4362349524 27.244616528 28.5676991066 27.3270889445 28.1831836399 27.1923791613 27.2183863473 26.643295527 28.3064673459 26.5359099308 26.6254503989 26.8718575446 26.7707080461 26.6129158167 27.0182177725 28.5877485482 26.5472535467 28.5085086118 27.2811978279 26.9477799235 26.9511174233 28.3421663695 26.8405037915 28.1947461356 27.7513751876 28.0674088116 74.8740042858 27.4262119402 27.5018485959 28.094757857 27.0602215952 28.2598058365 27.296659493 28.331400673 28.1174838576 27.4917747057 27.4020744807 27.3723918851 27.7169672736
27.2472395999 27.1627477273 27.8208729981 27.2193642039 27.8625696895 26.852224344 27.8149841418 27.7122511676 27.190075868 26.6829391876 56.2462747523 54.017371614 27.5589297968 26.9028054746 27.4229730971 27.3577261144 26.722017083 27.6752837108 27.2059369979 27.1819289118 27.1146199459 27.4800614057 28.2143356525 26.576759629 26.8367066261 27.8188991475 28.3876915563 26.5500257114 28.303867433 27.2055954869 27.5116059242 26.8365962567 28.2462648607 28.3520419364 26.5707422813 27.1106647907 26.7359757158 28.1389524632 27.9488766324 26.5487242753 27.6619131099 26.9006368869 27.3589742132 27.3158494898 28.4285637854 27.0397615833 27.5808354653 27.7849711197 27.6827601836 28.2566569487 26.7560747245 27.9577516178 27.140628182
28.0464411475 26.5216369289 27.5934112862 27.0453193871 26.5548677665 28.0398919449 28.4681052417 26.8189726177 28.5556951286 57.1857804726 57.1857804726 57.1857804726 27.0355716608 27.4141973185 28.1632623701 26.9316701141 28.3645780832 28.1380265356 27.5738244132 26.5526688722 26.838267637 27.2220084709 28.2548105694 26.9393909588 27.3762072328 28.4192122949 26.7167790358 26.5494074688 27.6819378638 27.9776197574 26.6081416966 27.3244160673 27.1719284602 27.4564844514 27.9253298205 26.5163585932 27.2282485064 27.3803377035 27.539813479 28.0724639991 28.2736086622 26.785065635 27.9914074521 27.6481885422 27.5937583616 27.8166638897 27.8257444512 28.1859769133 28.5016852957 27.572959342 28.4019917893 27.919525167 26.8266400251
27.5610847309 27.584382104 28.4808599677 28.1863273108 26.7123719546 28.2963021565 28.1880414089 28.0768473184 27.3410048723 27.4554648025 27.098723658 26.8227501134 28.5297111959 26.9186178532 27.9512107037 26.6698193438 27.8437545097 27.7409774721 26.6687582661 27.6895419943 27.3681174637 27.4729281582 27.4222268421 27.0787656043 28.5844249427 27.9462800977 27.6004193322 28.4476354433 27.1538945486 27.064880352 26.754379631 28.0450597128 27.9489323654 28.2451741667 28.3475111121 27.8555070912 28.427065695 26.8174377358 27.1723731094 28.0078759919 26.7516508961 28.4553850509 27.0962686965 27.9926780401 27.6293459603 28.0876168008 27.0587115111 28.4023577319 27.5744025231 27.995102524 27.5884905655 27.7431820802 27.0379489637
28.2551776974 28.5584438454 27.7742468117 28.0442097235 27.7915013104 27.4954944145 26.9102724433 27.1337989084 27.4767732437 27.4203341293 27.950592291 26.7394215506 28.2805215873 27.5204622979 27.5120112325 27.3521059803 27.4692032378 27.4500583468 27.3150433826 26.9090249035 27.311383258 28.2895920287 28.2708896495 26.8873590488 28.5128564108 28.5693308356 27.0004876995 27.8978470878 27.729291123 26.8623064854 27.2297169617 26.7704693114 27.5783739679 28.4079582039 27.0289188805 28.242996296 27.3277442072 28.5478554343 27.6825804399 27.6574692114 60.5644424032 60.5644424032 26.8193698747 28.4154462919 28.536243763 27.1332610125 28.4421958372 28.1723921225 27.7799042158 27.3503386571 27.9088156272 27.7728231154 28.5680393297
27.8108892915 28.3238582756 27.1172601964 26.6177994299 28.2998810301 27.3415453066 26.576138989 26.5615509688 27.621284935 28.3060641471 27.8813836618 27.209566594 28.2773998593 27.9931180076 27.3639053505 28.0725204074 28.0587697721 27.9509545262 28.0376874273 28.585824994 27.0791032644 27.4791823553 28.2261347283 27.3608570584 27.9220918809 27.7718022367 28.587577025 27.6305260724 27.2991114215 26.5739593287 27.43313822 27.4115792581 28.501311995 28.1297573085 26.6775213384 26.9681275361 27.5190238998 27.6936152549 27.6884352231 60.5644424032 60.5644424032 60.5644424032 60.9002413221 28.0415587343 26.7481383712 27.7905848532 28.215156228 27.8203079823 27.6115400687 28.4412301832 27.9107427738 26.847542053 27.7164525478
26.6629280933 26.9068030719 27.2905132222 28.0396512955 28.2075451602 28.2950230441 27.1401074864 27.5945773528 26.7280089791 57.1710215084 26.8963311711 28.377406929 26.6910314879 27.1773801705 26.5978236693 27.1851154229 28.0520869812 27.2523162783 27.5752664102 27.1130083545 27.8056670491 26.6908934606 26.5555439761 26.5504421499 28.560331646 28.0978306364 28.5756660934 26.7618918679 27.996678202 28.285659731 27.9377366812 28.6170515119 27.8566747512 26.9977679655 28.221624277 27.4600228012 27.3079408686 27.8935579603 27.3237364538 60.9002413221 66.5348331929 52.4131986304 52.4131986304 26.9055363809 27.385559869 28.5912705828 26.9285028049 27.2342882232 28.403458591 27.6125344383 28.5646920006 27.2405762475 27.4629206233
27.2098678136 27.0071412475 27.9818920872 27.9768154593 28.6062563732 26.9464746624 27.674669944 28.0966255359 27.3094408605 27.5553371311 28.2509781839 26.6987192708 27.1158913612 28.3004881823 28.3721510358 28.3484349265 28.3956028919 26.5345402679 27.4375707302 26.6897460994 27.6164612206 26.8151384171 27.7086311095 27.879063651 27.6363673941 27.7439897489 26.5060161068 28.2491067266 27.9592959042 27.4662697186 27.9226259911 27.767345361 27.6303801558 27.3904386454 28.1105611104 27.7559403811 27.0380584445 27.6040341282 28.4010759694 26.5521885813 52.4131986304 52.4131986304 26.9833349497 26.6472433674 27.4080228061 27.3528878034 27.3649998083 28.1057705924 27.8618563227 28.4411150422 27.9217730379 28.2916381599 28.5428472402
28.2833921896 27.4081733325 26.7392806455 28.3637672124 28.117347758 28.1694157637 28.3346831821 27.0354466063 27.664245528 27.2117153202 27.9539615683 27.2621172076 27.3787511894 28.3847349817 28.4299820769 27.2067716476 27.7368872156 27.1717872226 27.7796797394 28.3316327434 28.3413293019 28.2632991615 27.9604997348 26.7152048933 28.4252240026 27.7101691815 28.0360340898 28.2657939525 26.5044440419 27.5265484623 28.0671361326 26.7874077201 27.6918847707 26.8459685367 27.04022533 27.9363456674 28.1548037344 27.0820981536 26.8682490742 27.6687220607 28.4055070058 66.2018253466 63.998877333 63.998877333 26.5572909432 28.381501713 27.5219879991 27.5598280646 27.5079128161 26.540393899 27.0925264763 27.8402201642 28.5879587206
28.3595017185 27.9123805099 26.51521666 27.824309114 28.5646418078 27.9678637897 27.7267052016 28.5844476516 27.2721986318 28.4359467496 28.1085114699 26.66597184 27.068448415 26.8091148961 26.6815125822 28.1944387726 26.5510023281 26.6516221216 26.876624654 27.6434623829 27.9441620079 28.0995308875 27.6369122528 28.2531260285 27.3982394603 26.5230558546 26.7577292785 27.7820023425 26.5167991966 26.8168188867 26.9471315584 26.9534373849 27.6642616841 26.9488645931 27.7586938479 27.431925109 27.6823298869 27.7054837304 28.5737238382 26.6766972563 27.6851488496 63.998877333 63.998877333 63.998877333 28.5462973683 27.7563640491 28.5243534802 27.7571106335 27.9781042463 27.4103209783 27.0640535514 28.5573276946 26.9155118304
28.4571691027 27.9429213022 27.6469661737 27.9868210457 27.3884282426 26.8038180157 28.2805761699 27.7409291152 26.6542615927 28.4585450945 26.6687111736 27.2773736791 27.1360049974 28.2972212882 28.2661438859 27.773206946 26.8504375548 27.3283605086 26.8318929285 26.7471592079 27.9472476899 27.6745124738 28.5896720869 27.8898129693 27.2440608271 27.3691964932 26.5769162468 28.4860394672 28.3340805689 26.7237928687 27.7146579939 28.064957862 26.5385243009 27.1466332694 27.8237939841 27.1208937159 26.9958315655 27.9986765847 27.8243483337 28.5877072025 27.8455362004 63.8800276299 63.998877333 63.8800276299 28.6112116234 27.1282371121 27.6121431357 26.9772702644 28.5563368037 27.603009237 26.8373514123 26.9437755817 27.7555490285
28.2123516831 27.0315817705 28.260448355 28.4046469733 28.0288363668 28.2305595765 26.9351930083 27.9565955551 28.2984956771 28.0078048487 27.4499832122 26.5207001538 28.0716513848 28.1532828307 27.0224842407 26.5827767498 28.3169933913 27.5548829516 27.4457031549 27.1754042169 27.3700259793 28.2403717772 28.4275624059 27.6936971178 26.993202094 26.5857999943 27.8887646294 27.3400907572 26.8922200722 27.5275224864 27.2237869297 26.6637810672 27.956067554 26.5625577908 27.4744276044 28.5078696473 26.8686959258 27.6908097709 28.403473615 27.7930026562 27.0033078806 27.0298065149 56.347004276 56.347004276 56.347004276 26.8299833932 26.8285654725 27.3023526179 28.5700509553 27.702875378 26.5668748299 28.1002896803 26.7968754782
