Spatial_Output/BAU/BAU_0074.asc
NCOLS 155
NROWS 192
XLLCORNER 196307.867259
YLLCORNER 449144.565805
CELLSIZE 33.573938
NODATA_VALUE NaN
[rows 52 to 77 of 192, columns 0 to 56 of 155]
44.9041314698 44.3851023892 44.2137588257 44.5808860249 45.682603942 43.3593608057 45.6749006917 43.25429403 44.9116202493 43.5329778119 44.8551614489 44.8767742606 45.5015981011 43.1510198589 43.7298174076 43.0137298962 44.1083550622 44.0398471466 43.4951873922 44.1117729314 45.2386888989 45.6641659164 44.0597718595 44.1635412257 45.3834437911 56.2761879866 56.2761879866 61.9942480236 43.6357479736 67.6984120337 67.6984120337 67.6984120337 44.6211976041 43.8920557961 43.3312858274 43.2498511653 45.2826779283 76.3196986529 76.3196986529 76.3196986529 45.1133431244 66.2233637616 59.8048332029 44.8094523294 73.2591582618 43.1078827218 43.4500251248 45.3492888824 45.240191906 43.3075034842 74.4980242124 44.6420386993 65.5035690271 45.4144632311 43.9752560258 65.2269933547 65.2269933547
43.1188586183 44.1734112845 44.6127929466 43.6304132483 45.3323312318 44.9811863028 43.9006603281 43.9887663239 43.4052539017 45.3195568947 44.0683748307 45.1862480894 44.4422180293 44.6920284815 44.4155465664 44.1561981033 43.0643983183 44.7868274232 45.8167402292 43.422647198 45.0469999122 43.5983217046 64.8506305062 64.8506305062 64.8506305062 44.5865323204 56.2761879866 45.4471450241 43.0710533791 80.9567204392 67.6984120337 62.7258909371 44.4675699363 43.8440457398 43.0930347159 44.2076806441 43.9855576462 43.3166982178 44.3578380278 43.3962271817 57.626303509 57.626303509 59.8048332029 59.8048332029 73.2591582618 43.2841978747 44.4103751334 44.029925892 45.4824254175 44.2569333992 43.3922675032 65.5035690271 65.5035690271 65.5035690271 45.8173572255 65.2269933547 43.4650820738
43.3902437757 43.7086874315 43.0259846938 43.921919855 44.3382201233 44.1350147146 44.2061543957 45.7013830298 45.2367298673 45.7756596133 45.2569268473 45.0938613765 43.532228862 43.5069799076 43.3127635218 45.0846371785 44.3599412957 44.6486151096 43.8617734576 43.4144231302 43.8896345073 44.5614689286 45.671955218 44.1320462158 75.9069443555 44.5609273895 45.323202135 45.6748561059 43.9778746599 43.464431528 67.6984120337 44.6891558503 45.413935838 44.945383233 44.8573868318 45.7110010761 44.8966888509 43.9745426189 43.9679289732 84.8369660595 84.8369660595 84.8369660595 59.8048332029 59.8048332029 73.2591582618 44.6964891777 43.2097268289 45.3063623471 44.0271756692 43.193730583 43.0888596403 44.7752370976 65.5035690271 91.7598806183 45.0370595032 45.4545405692 45.0004954615
0 45.3998344254 44.8549939427 44.6390957412 44.4479706007 44.2950942598 43.6280401269 45.4950927736 43.0766755936 45.0589451444 43.0567979598 45.456986117 44.6023850295 44.8769503148 45.1767018689 45.774701871 44.4329461182 45.0709774347 44.7553334098 45.5021699631 45.435990091 45.7075918952 43.7590421301 75.9069443555 45.5887014257 43.4004877025 43.9910715712 43.7054008762 44.9318006051 43.3882191719 43.0022312754 44.4614859891 55.9192435121 43.3550118133 45.5044706845 45.4974321516 45.2064707954 43.1494580507 45.0007840672 79.4230777436 84.8369660595 84.8369660595 44.9011440818 43.0731595968 43.9255637462 44.6241136408 43.6188995315 43.1905004265 45.2474374394 44.3976799414 43.3819867656 44.1357439483 43.4785935047 44.9050705089 43.0205486303 44.445711358 43.731908779
0 0 43.0959057116 43.7973844239 44.8553853733 45.544562414 44.2442199579 43.9811698145 45.35405716 44.5233270107 43.1876032838 44.8520066655 43.3827413311 43.8894490958 44.5672500929 44.7988671983 43.4811255281 43.4704160015 43.4812237116 43.2989629667 43.6171022865 43.6238315442 44.2853447204 45.0868030721 43.4521733911 43.132509266 44.4969470138 44.2860142788 45.0607243687 44.5076118252 43.3327763501 43.1963409794 45.2393262871 45.7457493971 45.407525888 44.5595025883 43.8534039613 44.1796149928 44.8623215173 45.5098544244 66.3583694377 66.3583694377 45.4629165817 44.1877964554 43.9887824037 45.4868359792 43.9425798296 43.7666148506 43.7551590682 45.6170801643 43.176814339 43.0512960264 45.3434953986 43.2065457765 44.342472678 43.1657342566 44.7733735091
0 0 0 45.7378624395 44.1553987568 44.1199433984 44.6903490099 43.2820910185 43.2497311548 44.1738542246 44.3629744396 45.2373032277 43.0943307268 44.3261176113 45.7719389313 44.5579434427 44.1945708522 44.9660596858 45.3036680679 45.6635119443 44.569499889 43.4106875544 44.9897206773 44.8905308624 45.7224635504 45.3267694778 45.453597588 43.1398779931 43.2040964881 45.0922796001 44.3314767417 55.9192435121 72.2963553236 72.2963553236 45.3162298213 43.403629879 44.9023357556 45.4277971607 43.2426822472 66.3583694377 66.3583694377 66.3583694377 44.4174461579 45.6716685733 43.8161985257 45.2996586942 45.3518125374 43.0879600396 45.1425600582 44.6683935002 43.0961022897 43.1532748456 43.8393935797 43.7333846543 44.8220286841 43.1281425122 45.6110563673
0 0 0 0 43.9390850597 45.2174360453 44.268248516 44.9007368108 43.9887212033 43.4469694788 45.0895320176 45.3198306441 43.1185396782 43.1890943484 43.4120193748 44.1390108522 43.5893525908 44.7192705167 45.4499058448 43.7683498418 45.7065377023 44.8708482604 44.9547350527 43.5630634579 45.7202653316 69.5471579154 69.5471579154 43.1046663091 43.2122717948 43.3198640902 43.9204955197 72.2963553236 54.8666406848 54.8666406848 44.6576759787 45.7878958988 45.7815335419 75.1572547031 51.9004432871 64.566199701 60.8168952337 64.566199701 64.566199701 44.4636087985 43.7338278643 43.3016660393 43.0097432411 44.2055036533 43.1362401838 43.1785948566 43.9439919372 44.5682507183 44.6006704776 44.4859299324 44.5697385383 45.5460968694 43.3506215537
0 0 0 0 44.453277637 45.2967712703 43.1297363 44.2837544167 43.1309558327 44.4275452664 45.3331621179 44.2027193509 44.1599240448 45.1092662404 45.5293667169 43.7274949615 43.3358536732 45.2481266154 43.8539531454 45.3506730369 43.6861721144 43.5962056017 43.4594454795 44.8467961594 45.3228888974 70.1735638018 70.1735638018 70.1735638018 44.1380277264 43.5083270899 44.8073108721 54.8666406848 54.8666406848 54.8666406848 64.7629700725 64.7629700725 68.1988805211 51.9004432871 51.9004432871 51.9004432871 64.566199701 64.566199701 66.8443217155 43.0176230292 44.7794341676 43.0877756558 44.7323193414 45.1441277193 43.9642428864 43.1213575073 44.3953117912 43.8420565236 43.7603748159 44.1492889971 43.5924606288 43.3542282586 45.377563152
0 0 0 0 0 43.0308724364 44.888002745 45.3631078705 45.3545919007 45.3975668255 44.9091090862 43.6349535982 45.2612172083 44.2456872837 45.0546409756 44.6532081294 45.031929085 44.4662111443 45.6830258927 45.3323021157 45.0786150969 43.272932202 45.538896812 44.3278472283 45.5392058439 70.1735638018 70.1735638018 45.2627688029 43.4520723444 43.4541214237 44.126591413 64.2887517367 56.2399267921 75.983453252 64.7629700725 64.7629700725 64.7629700725 75.1572547031 51.9004432871 44.3860469357 44.0910661889 44.1057153186 43.2606188292 44.9673308115 43.7867995874 45.6380298534 43.449771168 43.8960018059 45.4196491367 43.6135259557 43.3111937258 45.3705690465 45.5634122619 44.8791139958 45.4879745943 44.5373475709 44.074580509
0 0 0 0 0 44.0651608886 43.8195289975 43.5202990259 43.0467807894 44.7553579917 45.1078466515 43.1532718098 43.7475405445 45.7816235806 43.0125890319 44.5847131225 44.4165849837 45.6539379685 43.7553341677 44.5947335885 45.7947939936 43.9453160377 43.0381913664 45.4154557758 43.0196103294 44.5435905895 43.9647464573 43.7967133722 43.3608567683 44.369271622 44.4180282245 67.1060220643 56.2399267921 75.983453252 59.5727062052 64.7629700725 68.1988805211 62.8205783168 44.7019784626 44.4150762206 43.2033151094 43.8803787334 43.4230518239 43.9663576368 44.0371729435 44.2641874753 44.914313808 44.8233094972 44.378969526 44.787354049 44.9651433745 45.7646422153 44.5075781495 43.9947324326 45.7906427535 44.8115988302 45.523248274
0 0 0 0 0 43.4292146387 45.6762937738 44.2240535536 44.2684024287 45.0784334644 44.7179178995 44.3009142742 43.067695625 43.3597430881 44.3735913749 45.23904463 44.8152316569 44.9086780107 43.6467210138 43.887206861 44.8420811744 43.7689531974 44.3911574379 44.3428494347 45.3411078701 44.4347083064 52.90145634 52.90145634 43.4172940786 43.6055698917 45.7762971259 67.1060220643 68.9896576771 57.0023850844 57.0023850844 57.0023850844 44.8327949577 45.0347080092 44.1057898543 43.1005653972 45.7298528408 43.4937760666 45.4610171294 43.3632844191 43.3387206124 43.8230853734 44.1488138173 43.4128647837 43.1555204778 44.3858300924 45.0666615269 43.0969905323 45.5286515728 45.5515281184 43.6756707099 45.6533549775 83.2801351025
0 0 0 0 0 0 43.0293537221 44.6148199372 43.2509203228 44.9235509862 43.5162637388 44.8131311015 44.9877302923 43.0807795892 44.8256432406 43.4832730171 44.9864621524 43.3296691877 45.7887395546 45.0161819516 43.9606427382 44.1267894872 43.9299854603 43.7438454193 45.345113855 43.4354057865 52.90145634 52.90145634 44.5060824347 45.5269805012 43.7034877829 44.468927462 44.497992575 57.0023850844 45.1611026016 57.7805192 43.5855791161 44.8158902334 43.6080680703 58.1022362364 58.1022362364 58.1022362364 43.5345894552 45.5726795882 45.5047578337 43.5329459867 43.3178708148 43.1010100961 45.3380122429 45.0142186924 45.2378519356 45.2782057611 44.6938058859 43.9410518967 43.8569174213 45.1956305555 44.7624314126
0 0 0 0 0 0 0 43.2589191639 45.5905069349 45.7395038804 43.4530995779 45.0038884115 45.5728664804 44.6343808732 45.3477080496 45.7549525799 44.8198979706 45.7544440039 43.271659596 44.2452261771 44.9816578647 45.1969645108 45.4110016855 45.7116155063 45.3151751977 44.7158165445 45.0056108545 45.3023953535 44.1357959065 45.1488998468 43.5666696026 43.6935913876 44.1630730902 57.7805192 45.0557579684 87.4153478035 43.2421569758 43.2979694978 44.1477251288 44.1870756529 43.2366544271 43.2172677569 44.9557665985 43.0185027378 45.2450856737 45.2769089566 43.007993636 45.3781079317 43.6130114597 44.0730988789 45.511426412 45.3668001906 45.0869320497 43.7927232052 43.2257377067 44.92037042 64.213818542
0 0 0 0 0 0 0 0 44.6785189209 44.2154132607 44.5350586604 44.0576099251 45.3190107587 45.5379782364 45.7891535174 45.0226809924 44.2886759335 45.1383232959 44.0973772185 44.9566106108 44.7803723561 44.0413844297 45.4478048766 44.8938062106 43.2944605069 45.6343430864 44.2458094364 89.7807442173 89.7807442173 43.0828419505 43.5695002551 44.0944961631 45.3878922812 43.4468262275 43.0452797282 43.2564844021 45.0052469446 43.5956765929 43.2019493787 43.5283203718 58.3832176961 58.3832176961 43.6678740911 43.1944031206 45.3201192213 44.0821620612 43.0120416923 43.2408414977 44.1478483521 45.770895123 45.004786074 44.686908948 44.5169353572 44.2426010761 44.235735156 45.1112266634 64.213818542
0 0 0 0 0 0 0 0 0 0 45.1959724387 44.9170172809 44.1591553985 43.6663773311 43.9814307987 45.4091929258 45.4390847759 43.6878674642 45.614204462 44.9489190124 43.9226174496 44.2318277375 44.6079683975 44.8389860577 44.8272949171 44.2164896049 45.3265238614 45.5929559344 70.7098088288 45.1794974796 44.1750326954 45.7163910155 66.9374843504 66.9374843504 44.3224723663 44.9028293663 43.2607069345 44.4008488293 57.4421349782 43.5900746038 58.3832176961 58.3832176961 45.2677416428 44.7582243801 43.1571023213 44.8147486981 44.0470166566 45.5783230046 45.0019291083 43.3642777432 45.7921920333 44.4039043335 43.4540836528 43.0051202716 45.1253405195 43.9134025781 64.213818542
0 0 0 0 0 0 0 0 0 0 0 43.6987066325 44.1537473852 43.836699406 45.6768796023 44.5423122806 45.2667827996 45.5408152713 43.1911215085 43.024220811 45.3925432227 43.1155647847 44.1733967922 44.8551882373 45.3015001173 44.766548245 45.8089709219 43.6419093218 45.5919532485 43.0908312438 44.5620825479 43.2350129852 66.9374843504 66.9374843504 58.4258755321 58.4258755321 43.133698057 57.4421349782 57.4421349782 57.4421349782 43.6719354469 44.5882344576 43.0082018494 44.519088234 44.007257353 45.0340151907 43.4860266007 43.1249146978 45.1660909991 44.9849919829 44.9383174432 45.0081903114 45.6077526467 44.2098022496 43.3955321161 45.0034185192 44.3905618613
0 0 0 0 0 0 0 0 0 43.8821283635 43.9704635023 43.3439698476 43.2615982243 44.4192353195 44.4712766871 43.7759045959 43.0308672488 43.1450330335 45.0669204787 43.1525487483 45.2671296006 45.1673305706 45.2685188397 43.4331754438 45.6815269716 44.1166766707 56.5566577084 43.6118601452 70.7098088288 44.7617988717 44.8015462529 43.6263800648 45.3049048801 66.9374843504 58.4258755321 58.4258755321 45.4073904911 45.6670634673 57.4421349782 43.3292119496 44.8065899418 45.2998908359 45.5553200549 44.1326119088 45.6343991975 44.0927572945 43.6350167723 45.2451487362 43.1072602392 44.0088483627 45.3977984953 44.5167162412 43.8292138263 43.7894964876 45.207487528 43.2009037317 44.728155037
0 0 0 0 0 0 0 0 0 44.9524260404 44.2225779997 44.2403849204 45.4096424584 43.3222472415 44.5165693563 44.6374338591 45.0486150618 43.9992647093 43.4312256631 43.7730004042 44.5501591362 45.0156113545 44.6574530208 43.5630404585 45.5791913394 43.7619049217 43.0076840035 43.688035501 44.439160226 85.8254203031 44.3935937648 44.9662537998 44.5248092229 43.5742911247 57.7980065272 43.5315033985 43.1195277942 43.9500801736 43.6720880609 43.5138268706 66.3807774248 66.3807774248 66.3807774248 44.0271627265 44.4304766143 44.2672177852 44.6347296533 45.0757243246 45.661687936 43.9256299969 43.9486496788 44.3930056712 43.7933765065 43.3488570221 43.5727271574 44.6078617984 43.8581139863
0 0 0 0 0 0 0 0 0 45.7264344195 44.2731958095 45.6244640501 43.1905959075 44.6261679379 45.6616344832 43.8657740489 45.5051356207 43.7105938259 44.9450665889 44.4635002816 45.549311053 44.6337356209 44.6798017865 43.5943135603 44.1192206995 44.9915431427 45.368894774 85.8254203031 85.8254203031 43.5443238726 62.9175051378 43.6274643487 44.9711010955 43.4090158116 44.3951325997 65.5302494143 45.1911890751 45.3465254884 45.6002155358 43.4141918848 57.5420511991 66.3807774248 57.5420511991 43.2506142591 43.7172045784 43.3717495055 43.1328326516 43.4850655481 43.8272639897 43.6833179776 44.353115597 45.6183983375 43.0421547719 44.6265559972 43.8929314609 45.7560625422 45.4245889318
0 0 0 0 0 0 0 0 0 43.0853706943 43.5144448318 43.8142608045 45.2008458356 43.5348108281 45.3586768225 44.835594592 43.9120509275 43.5174533575 44.0272367398 44.7536091039 44.2248483074 43.1172713452 43.6544249707 44.931739142 45.3541300912 45.7626616221 45.499469166 45.018373445 45.7685269442 45.3157695878 43.7310820431 45.2231634817 44.0346318681 44.7944755501 45.0001061051 45.3227666407 77.7131251178 43.1428672141 43.1970310371 44.0192121684 66.9431852977 57.5420511991 66.9431852977 45.4366935654 44.0525907195 44.7590511483 45.2102583491 43.5094178999 45.6221235842 43.6238758705 45.073609291 43.9277348882 45.5213704682 45.3913834111 43.3137756023 43.4459651261 43.7894819344
0 0 0 0 0 0 0 0 0 44.3758416222 43.6490492951 44.6572588814 43.6218911534 45.2937097512 44.0894203779 44.497247577 44.1952728919 44.7705948033 44.2979584983 44.2051247623 43.3825480818 43.1113583733 43.1835117258 44.4858393938 45.1217443243 43.263869935 45.6298205887 44.4086953592 60.0212762011 60.0212762011 60.7392577361 43.980982626 43.3024325337 43.387428572 45.184088513 45.6573632806 43.4900978413 77.7131251178 43.1896399695 44.5265699042 66.9431852977 44.25290041 66.9431852977 43.5959953117 43.8042541533 44.5799239854 43.6554454061 45.6489299481 44.9029138483 43.509560446 43.2322061391 44.4568594102 45.0815336492 43.2348708412 43.1392100304 44.9080160617 45.7783695343
0 0 0 0 0 0 0 0 0 45.0961733834 43.6805190729 43.3846717005 43.5583944079 44.4870976095 45.17523847 45.5196443079 44.9196506827 44.1001033466 43.8044049126 43.2111113836 44.0284729281 45.7349830089 44.1996411661 43.0395374994 45.5016649881 44.3152482263 45.106317745 45.2772620179 77.7358062294 77.7358062294 77.7358062294 44.6241692669 45.0058924545 43.0979361257 43.0547532731 77.7131251178 58.7629290594 44.8413820251 45.0222554665 43.0589330268 44.0796560091 44.4015690165 45.7859908704 44.5133968556 43.9028541248 45.5477583077 44.2995469634 44.3029964231 45.1300367469 44.2210882931 44.129815116 45.2149800534 43.1834395791 44.645794369 45.2023845417 43.4891297202 44.1049921249
0 0 0 0 0 0 0 0 0 0 44.1996350411 44.7440776717 43.8461585359 44.7585148113 43.4725102395 44.4269428338 45.6225570907 43.7227667822 44.1367042374 44.8432184598 44.2256616177 44.401816311 43.9663282196 44.5083068367 44.7974790748 45.0244922154 45.6184909482 44.888284066 93.3412271742 77.7358062294 93.3412271742 44.9006025338 45.2767402857 43.6967441791 45.6641794587 43.558498538 58.7629290594 58.7629290594 58.7629290594 43.19243268 45.0495493728 43.8482434932 44.419930533 44.0936429301 43.5228564922 45.3532739262 44.9547167185 43.1232037896 43.5938391673 43.8553923774 43.5722551475 44.6847935278 43.9954322982 45.7542793483 43.4321548152 43.928918263 45.477664097
0 0 0 0 0 0 0 0 0 0 0 0 45.5739773481 44.2433615363 45.3422806147 45.4733651311 43.0589901752 43.8315169265 44.850128704 44.5928014186 43.8751878247 44.5365512112 44.6263109585 43.8429270634 43.0871655685 43.6449185877 43.0297481685 44.9908099758 93.3412271742 93.3412271742 66.5979696264 45.26332272 43.4393065449 44.6330860766 44.6409903531 45.7240131452 58.7629290594 58.8210605127 69.7997622621 45.5236545822 43.5507122072 45.4705650554 44.5315062561 43.887489458 44.3526650443 43.5116192832 43.4497884755 43.6980569098 45.2043229559 45.4544323342 43.160319528 44.5449584475 45.4814898117 43.1584940378 45.3352109318 43.8410270094 43.2658768754
0 0 0 0 0 0 0 0 0 0 0 0 44.7066924034 43.796934788 45.1705578442 44.3581268506 45.0375548477 43.7757324081 44.7509544725 44.9380122735 43.0346286684 43.4478761598 45.5402166862 45.5160014059 44.7881575228 44.082396759 45.366242483 68.8958972063 66.5051934362 58.5810149325 75.8490296601 44.0767551206 44.9420803569 44.2273938782 44.2427371973 44.0626887127 58.8210605127 58.8210605127 58.8210605127 43.890052613 43.3867188191 43.7134237771 44.6567854965 44.1775248461 43.6205892596 44.3084082982 43.3863230768 43.3022546552 44.9989706994 44.5749437377 43.2559252829 44.8962881544 44.2704493245 44.0350381283 44.1973589793 45.0824393665 43.5716163932
0 0 0 0 0 0 0 0 0 0 0 0 45.0348800227 44.0216638734 43.5878870158 45.311014165 43.7039487409 43.6384702437 44.3827530529 44.2686044951 45.6769015979 43.4759561426 43.4942924937 44.6950265946 43.376327626 43.4075431771 44.5430365034 45.3711748996 66.5051934362 66.5051934362 66.5051934362 50.9432665319 57.423158853 62.2506748576 44.1310300514 43.8576171933 70.4898669804 67.0265049892 70.4898669804 45.7183604127 44.0716230507 43.9571630256 43.9261803779 45.0048058838 45.0614563536 44.2229298558 44.9393954426 43.6741196682 44.6304716369 44.3368142572 44.1984899578 44.4490845883 44.2401283904 44.0466169802 44.9301266116 44.5504474235 44.6565350422
