Spatial_Output/BAU/BAU_0274.asc
NCOLS 155
NROWS 192
XLLCORNER 196307.867259
YLLCORNER 449144.565805
CELLSIZE 33.573938
NODATA_VALUE NaN
[rows 150 to 174 of 192, columns 57 to 113 of 155]
44.7551795654 44.7112736771 44.6816966449 45.1876025177 44.6879197112 44.5153200126 44.6300732027 44.6073667458 85.473428984 80.7187994095 73.4147221798 44.6336243546 44.5880112466 45.1758210907 45.0818924501 45.0786747659 44.6172982297 44.8871917739 44.5211684616 44.5060380594 44.9657199249 44.7914817091 44.6421567561 44.5016701053 44.6085258165 45.2007530122 44.6445247649 45.0682798396 45.0986581678 45.1253187311 45.0408887577 45.0524425377 44.9278236024 45.1779723581 44.7482504609 44.984030862 74.725180451 74.725180451 45.0991920289 44.9614206232 45.1601997798 45.1788020542 44.8676150039 45.0982496918 44.8727293504 44.685543419 44.5354555694 44.953477861 45.0890390978 44.6636902475 45.1279175868 44.9518055653 45.0683913277 44.9623228275 44.7229571139 44.7646137936 44.531949228
0 44.8352050957 44.8098292808 45.139495915 44.632980504 45.1803363738 44.5646734271 74.991889218 76.1909838181 74.607830627 71.4346493659 44.5360215668 45.0941563536 44.6846856799 44.7304550823 45.0390475688 44.9382608855 44.6319220871 44.9296481285 44.9684656967 45.0431537825 44.810638168 45.087428464 44.6812540931 44.7436978381 44.8665254733 45.0921268593 45.0994850306 45.1226567735 45.012307206 44.5926486597 45.0238491824 44.5327875556 44.6039071576 44.8263225168 44.9136153411 74.725180451 74.725180451 44.8652194771 44.5209262696 45.0802131986 45.0564041359 44.7319558106 44.7972061414 44.7351287488 45.1429452902 44.8749766026 45.0299020199 44.9678539339 44.5345235614 44.9866103559 44.8633159223 45.0247388204 44.7977545442 44.616261883 44.9762501562 45.0816882891
0 0 0 0 44.7980923675 44.8982044583 44.9190491626 44.9854187083 79.1424444345 86.2859776387 70.8908414528 44.5760721866 44.5533719928 44.5104742391 44.5901204811 45.1996400749 44.5919308032 44.6691142928 44.6045901685 44.535565169 44.9097396488 45.1983897138 44.5703345155 44.7285324722 44.661984816 44.6074534385 44.8418930346 44.7308332167 44.8936741908 44.6714150012 45.0848055909 44.8894459705 44.9124752386 44.7824935729 44.5570011229 44.9982948135 66.0332262571 74.5856346986 74.5856346986 44.9681881667 44.5622643469 44.7748002719 45.1653812192 44.6545098612 45.0394036643 44.711588542 44.9326720729 44.9366511965 44.5464324922 45.1383842331 44.7008374668 45.1659298208 44.719966815 44.5344249446 44.6926032478 44.7961183769 44.9024731631
0 0 0 0 0 0 44.9141428302 45.076757155 32.9069938251 32.650391837 32.650391837 44.720049609 45.1958221463 45.0588163902 44.7268218532 44.6930476819 45.1852729931 45.1312515706 44.6318536597 44.8818187118 44.736933616 45.1302020523 44.975022808 44.9602037038 44.8887554654 44.9561989928 44.7602637108 45.054597947 44.5387901655 45.1073362347 45.0810091636 44.9124289799 44.5354286269 44.6576198603 44.9693265076 45.0230835786 45.0491463337 74.5856346986 65.9305132132 65.9305132132 44.730830373 44.6250216932 44.7396543152 44.9098984997 44.810019945 44.9374515759 44.6462521884 44.7869322891 44.9736873402 45.1131129299 45.0521355311 44.7453323027 44.7356467616 44.6410559846 45.1751939538 45.0047407201 44.5589385626
0 0 0 0 0 0 0 0 32.8020035924 32.650391837 32.650391837 44.677016176 45.0597073517 44.7982933689 0 0 44.5884249591 44.509388221 44.6687698942 44.7158048039 44.9841265166 44.8184998047 45.1321735376 44.7713492497 44.6688957985 45.051296624 44.6370668686 44.5714824958 44.7952703402 44.8087763887 44.8587438229 44.9789734192 45.1193763843 44.7983817254 45.1217334085 44.5942015191 44.7073846126 65.9305132132 65.9305132132 72.7705945695 72.7705945695 45.1005885651 44.9951267152 44.9735182785 44.8908929386 44.6716649589 44.9195418846 44.6344018536 44.7608755125 45.0379570569 44.7098376366 44.5958558633 44.9194463039 44.7951308687 45.1752480654 44.7006219281 44.8618160936
0 0 0 0 0 0 0 0 0 58.497754032 58.497754032 58.497754032 32.7280916784 0 0 0 44.8370441801 44.8679599992 44.6696337255 44.9659496907 45.1579922211 44.9662848444 44.8266991297 44.5189097299 44.9463583918 44.6712177968 44.6595512624 45.1525704524 44.5744950916 44.5007602978 44.9757813046 44.9741202458 44.6310461625 44.6326527146 45.0976224005 44.9452053445 44.7456479597 45.1813511723 72.7705945695 72.7705945695 44.9786857055 45.0453533726 44.7064409305 45.1671314617 44.9994058658 45.0761539731 45.0256245861 44.5092749228 44.7024214289 44.7216202588 45.1717248317 44.6234297095 44.7090503538 44.6170703952 44.9073835656 44.5291320996 44.7744940788
0 0 0 0 0 0 0 0 0 0 32.7280916784 80.126074864 70.8338160717 0 0 0 0 44.5353803388 44.8320929042 44.9548126841 44.7195056563 44.674595836 44.7614815315 44.882141034 44.5077784784 45.0091719836 44.6869559582 45.0493698119 45.0991982547 44.6333979987 44.6058112771 44.9988970861 44.537946234 44.6225113605 44.7082293626 44.9877103642 44.5199011836 44.539154418 44.6590305719 80.1855920012 80.1855920012 44.5192563979 45.1929871367 45.0353976145 44.5398482815 44.6541092904 44.6962800099 45.1736366273 45.0692684893 44.7458355252 44.5192995377 44.9135027026 44.9933368164 44.6018350099 45.034026651 44.6126719007 45.1478280729
0 0 0 0 0 0 0 0 0 0 70.8338160717 79.7828124436 79.7828124436 79.7828124436 0 0 0 0 44.5995598814 44.9413975963 44.5717498189 44.5046518264 44.7703812791 44.7771498647 44.784661055 44.9191455528 45.1840612019 45.1792477186 44.8180063646 45.1138543871 44.7621630159 44.8345787939 44.5331208363 44.5384126936 44.950369621 44.8290993721 45.1695393276 45.1080593462 80.1855920012 80.1855920012 80.1855920012 69.5954418934 44.9893505782 44.5246679434 44.6793466102 44.8027363163 44.6332437349 45.1278525685 45.1903542649 44.5213796867 45.1007498202 44.8998196387 44.639841411 44.8068256081 45.0050103225 44.8035507482 45.0277072938
0 0 0 0 0 0 0 0 0 0 70.8544986883 79.7828124436 79.7828124436 0 0 0 0 0 0 44.7772338877 44.7250949234 44.8301116722 45.0262591152 44.6664875926 44.9641990354 44.685740284 44.6730143744 45.1649861748 44.6582586723 45.1295264735 44.7850208508 44.6971991316 44.6990148316 44.9347310911 44.5353647141 44.5415032013 45.0542258985 44.5769102219 45.1410869693 69.5954418934 69.5954418934 44.9222392262 44.9398113969 45.1008335461 45.1756942719 44.6680443247 44.9134061254 44.9332432934 44.8188142241 45.0312034308 44.9445018066 45.0369627019 45.1355767359 44.8936936462 45.0724765383 44.7943998866 44.9791531071
0 0 0 0 0 0 0 0 0 0 0 0 0 0 0 0 0 0 0 0 44.9716206541 45.0830758008 44.9794076867 44.602605215 44.5076488848 44.6675007103 45.199567115 45.1341177787 45.1403769437 44.8533907931 44.8575941897 44.9980900674 45.0284171946 44.6295132716 44.5920243255 44.8454441775 44.8086950774 45.1119865772 45.1208503744 44.9628459691 44.6722178121 45.0650648786 44.9549035183 44.6981193754 44.898622855 44.612643349 45.1872601391 45.1038841224 45.1709368938 44.7288408586 44.5978319644 44.7071511587 44.8697579499 45.1796451321 44.8796333066 45.0431880113 44.591752507
0 0 0 0 0 0 0 0 0 0 0 0 0 0 0 0 0 0 0 0 0 0 0 0 44.7706964652 45.1223191395 44.5799477089 45.1905390712 45.1839845471 44.9144241091 44.8516227838 44.5922437098 44.6252272394 44.5661974961 44.8681018817 45.1235866951 44.7186469307 45.160749943 44.9805316432 44.8436137263 62.6607552094 67.4130617645 67.4130617645 44.6586921298 44.6463838046 44.8085219097 44.7636503244 44.8613464633 45.0579817174 44.562989397 44.5089769866 44.8304795786 44.7354674279 45.1786050946 44.9875264487 44.9051675455 44.5753573013
0 0 0 0 0 0 0 0 0 0 0 0 0 0 0 0 0 0 0 0 0 0 0 0 0 0 0 0 44.921158133 45.0913012677 44.7197732759 45.0204740019 44.6356577093 44.6273096808 44.6928304489 44.9096869801 44.8359187784 45.0476208642 44.8973083101 45.1837622349 67.4130617645 57.1140785852 57.1140785852 74.3945743576 45.0689045181 45.0949515434 44.6406111315 44.6987083418 44.7218906873 45.0787690038 44.6499212178 44.8340752761 44.7947743583 45.0398882008 44.8857953436 44.8615445187 0
0 0 0 0 0 0 0 0 0 0 0 0 0 0 0 0 0 0 0 0 0 0 0 0 0 0 0 0 0 45.1593998477 44.6251695639 44.9092770187 45.2001165461 44.5578731127 44.6035829825 45.1304026999 44.9664082113 45.0927538396 44.6649176916 44.9600723791 72.6437048598 57.1140785852 57.1140785852 74.3945743576 44.6285097629 44.920561512 44.5512849829 45.060483952 45.1568647366 45.1613182258 44.9297016763 45.0774244555 44.5525831695 45.1823577981 44.7018572857 0 0
0 0 0 0 0 0 0 0 0 0 0 0 0 0 0 0 0 0 0 0 0 0 0 0 0 0 0 0 0 0 44.7082494323 45.086999643 44.5213019237 44.5971895295 45.1933114683 44.7810924625 45.1913884973 44.5481437029 44.6707427582 44.5866919964 44.639014491 69.2578258838 74.3945743576 75.8008236042 44.7055612575 44.8702070869 45.1699778558 44.5186660828 45.1222863 45.1543335493 44.5699741977 45.1300100551 45.039009532 44.7277736495 45.1971568271 0 0
0 0 0 0 0 0 0 0 0 0 0 0 0 0 0 0 0 0 0 0 0 0 0 0 0 0 0 0 0 0 0 45.1100212565 44.9707442654 44.7595370856 44.5731728614 44.9920254533 44.5280223498 45.0967196613 45.1685998146 44.9907270595 45.1289698224 44.8192074975 52.5476703528 52.5476703528 80.7081500596 44.7485095389 45.0798720815 44.9444838784 44.6036085526 44.568748639 45.0208594856 45.0908355509 44.9332636575 44.8976057865 45.1327711993 0 0
0 0 0 0 0 0 0 0 0 0 0 0 0 0 0 0 0 0 0 0 0 0 0 0 0 0 0 0 0 0 0 0 0 44.8305067326 44.869127528 44.9714486468 44.6116355777 44.5801574593 44.5750988919 44.7142029746 45.1928378705 52.5476703528 52.5476703528 52.5476703528 80.7081500596 54.3839198831 44.6394909609 44.5180417578 44.5104724964 44.7245380331 44.6693522157 45.0394392219 44.6533677077 45.1140857613 0 0 0
0 0 0 0 0 0 0 0 0 0 0 0 0 0 0 0 0 0 0 0 0 0 0 0 0 0 0 0 0 0 0 0 0 0 45.1575710872 44.6460737616 44.9803116104 45.1113088296 44.9781107243 44.675876259 44.9368362513 44.5013971133 81.0356096077 81.0356096077 80.7081500596 44.8845465898 44.9679536412 44.9993341037 44.5599460711 0 0 0 44.5347594563 44.7115703585 0 0 0
0 0 0 0 0 0 0 0 0 0 0 0 0 0 0 0 0 0 0 0 0 0 0 0 0 0 0 0 0 0 0 0 0 0 44.5502460313 45.1231077017 44.8885935637 44.9133148672 44.5983381766 44.704483623 44.6572134468 44.7110408777 81.0356096077 81.0356096077 54.3479325265 54.3479325265 44.5856460454 45.076482042 0 0 0 0 0 0 0 0 0
0 0 0 0 0 0 0 0 0 0 0 0 0 0 0 0 0 0 0 0 0 0 0 0 0 0 0 0 0 0 0 0 0 0 0 45.0351541046 44.5527576982 45.187840828 44.8389638053 44.9417532026 44.997880741 44.8457541788 44.7879015628 65.574862172 54.3479325265 54.3479325265 45.0942261016 0 0 0 0 0 0 0 0 0 0
0 0 0 0 0 0 0 0 0 0 0 0 0 0 0 0 0 0 0 0 0 0 0 0 0 0 0 0 0 0 0 0 0 0 0 0 45.0913430087 44.7465218016 44.8446067805 45.0222328419 45.167115697 44.948691467 45.118558225 81.2770123046 81.2770123046 81.2770123046 60.755368148 62.6169863471 0 0 0 0 0 0 0 0 0
0 0 0 0 0 0 0 0 0 0 0 0 0 0 0 0 0 0 0 0 0 0 0 0 0 0 0 0 0 0 0 0 0 0 0 0 0 44.9598120793 45.147672275 44.7023468121 44.9714939565 45.0601137558 44.8751582018 44.5238201505 44.7620088264 86.7875945431 73.489085881 83.7020474461 0 0 0 0 0 0 0 0 0
0 0 0 0 0 0 0 0 0 0 0 0 0 0 0 0 0 0 0 0 0 0 0 0 0 0 0 0 0 0 0 0 0 0 0 0 0 0 44.9479220158 44.7565438413 44.6503271463 44.718013245 44.8149320189 44.8233509053 45.0816377258 71.5425967526 76.0438022225 69.5367817985 32.4869117527 0 0 0 0 0 0 0 0
0 0 0 0 0 0 0 0 0 0 0 0 0 0 0 0 0 0 0 0 0 0 0 0 0 0 0 0 0 0 0 0 0 0 0 0 0 0 0 44.7962068844 45.0831848915 45.1165635442 44.5765167927 45.0952253042 44.8105953196 85.8286749998 83.6053507858 74.8665113367 32.4869117527 32.8834300461 0 0 0 0 0 0 0
0 0 0 0 0 0 0 0 0 0 0 0 0 0 0 0 0 0 0 0 0 0 0 0 0 0 0 0 0 0 0 0 0 0 0 0 0 0 0 44.5008170736 44.9621832332 44.5801749401 45.1445940408 44.6766876733 0 0 32.6126460682 32.4869117527 32.8206885019 67.9094552391 0 0 0 0 0 0 0
0 0 0 0 0 0 0 0 0 0 0 0 0 0 0 0 0 0 0 0 0 0 0 0 0 0 0 0 0 0 0 0 0 0 0 0 0 0 0 0 45.1160301755 0 0 0 0 0 80.9117228337 32.8206885019 32.8206885019 78.1479626926 62.5811175283 0 0 0 0 0 0
