Spatial_Output/BAU/BAU_1269.asc
NCOLS 155
NROWS 192
XLLCORNER 196307.867259
YLLCORNER 449144.565805
CELLSIZE 33.573938
NODATA_VALUE NaN
[rows 102 to 135 of 192, columns 0 to 75 of 155]
0 0 0 0 0 0 0 0 0 0 0 0 0 0 0 0 0 0 0 0 0 0 0 0 0 29 29 29 63.7963269797 60.2325454533 60.2325454533 75.3441180534 48.3836010583 29 29 29 29 29 29 29 29 29 29 29 29 29 29 29 47.0149635602 58.518539275 47.0149635602 29 29 29 29 66.819164154 29 29 29 29 29 29 29 60.4275865429 43.031195689 43.031195689 46.6870123677 46.6870123677 54.5903471652 29 29 29 29 29 29 29
0 0 0 0 0 0 0 0 0 0 0 0 0 0 0 0 0 0 0 0 0 0 0 0 0 0 29 29 62.4525465965 60.2325454533 60.2325454533 60.2325454533 29 29 29 29 29 29 29 29 29 29 29 29 29 29 29 29 52.313348211 52.313348211 52.313348211 29 29 29 66.819164154 66.819164154 66.819164154 29 29 29 29 29 29 53.1044999352 53.1044999352 53.1044999352 46.6870123677 46.6870123677 29 29 29 54.8971419474 79.2187548797 29 29 29
0 0 0 0 0 0 0 0 0 0 0 0 0 0 0 0 0 0 0 0 0 0 0 0 0 0 42.7971438552 29 62.4525465965 62.4525465965 29 29 29 29 29 29 29 29 29 29 29 29 29 29 29 29 29 29 29 52.313348211 29 29 29 29 53.8764618974 61.4886848585 53.8764618974 29 29 29 29 29 29 53.1044999352 53.1044999352 53.1044999352 46.6870123677 54.5903471652 29 29 54.8971419474 79.2187548797 64.1001579417 64.1001579417 69.4569087436 51.1218171376
0 0 0 0 0 0 0 0 0 0 0 0 0 0 0 0 0 0 0 0 0 0 0 0 0 62.4406525923 55.9394598134 29 54.3300494203 29 29 29 29 29 29 29 29 29 29 29 29 29 29 29 29 29 29 29 55.8924282836 55.8924282836 55.8924282836 55.8924282836 29 29 61.4886848585 61.4886848585 61.4886848585 29 29 29 29 29 29 58.140622641 58.140622641 58.140622641 29 29 29 29 54.8971419474 79.2187548797 64.1001579417 64.1001579417 29 51.1218171376
0 0 0 0 0 0 0 0 0 0 0 0 0 0 0 0 0 0 0 0 0 0 0 0 76.3567426032 41.0955755635 41.0955755635 29 29 29 29 29 29 29 29 29 29 29 29 29 29 29 29 29 29 29 29 29 29 55.8924282836 55.8924282836 29 29 29 29 61.4886848585 29 29 29 29 29 29 29 29 58.140622641 41.3163422353 29 29 29 29 29 29 64.1001579417 29 69.4569087436 51.0321144345
0 0 0 0 0 0 0 0 0 0 0 0 0 0 0 0 0 0 0 0 0 0 0 62.5057690398 62.5057690398 41.0955755635 41.0955755635 29 29 29 29 29 29 29 29 29 29 29 29 29 29 29 29 29 29 29 29 29 58.1637652333 58.1637652333 58.1637652333 29 29 29 50.0449144451 50.0449144451 29 29 29 29 29 29 29 29 29 41.7269117051 29 29 29 29 29 29 29 29 29 29
0 0 0 0 0 0 0 0 0 0 0 0 0 0 0 0 0 0 0 0 0 0 0 62.5057690398 62.5057690398 30.6949916754 41.0955755635 54.3715087513 29 29 29 29 29 29 29 29 29 29 29 29 29 29 29 29 29 29 29 29 58.3125181039 58.1637652333 58.3125181039 29 29 29 50.0449144451 50.0449144451 50.0449144451 29 29 29 29 29 29 29 29 29 29 29 29 29 29 29 29 29 29 29
0 0 0 0 0 0 0 0 0 0 0 0 0 0 0 0 0 0 0 0 0 0 0 50.37929478 50.37929478 0 0 0 29 29 29 29 29 29 29 29 29 29 29 29 29 29 29 29 29 29 29 29 29 29 29 29 29 29 29 29 29 29 29 29 29 29 29 51.2806550861 51.2806550861 29 29 29 29 29 29 29 29 29 29 29
0 0 0 0 0 0 0 0 0 0 0 0 0 0 0 0 0 0 0 0 0 0 50.37929478 50.37929478 50.37929478 0 0 0 0 29 29 29 29 29 29 29 29 29 29 29 29 29 29 29 29 29 29 29 29 29 29 29 29 47.394290708 84.290822821 84.290822821 84.290822821 69.288216064 29 29 72.1125636423 29 29 51.2806550861 51.2806550861 55.7880628996 29 29 29 29 41.878221028 66.9193826415 29 29 52.5516039326 58.1948839951
0 0 0 0 0 0 0 0 0 0 0 0 0 0 0 0 0 0 0 0 0 50.37929478 50.37929478 50.37929478 0 0 0 0 0 29 29 29 29 29 29 29 29 29 29 29 29 29 29 29 29 29 29 29 29 29 29 29 29 47.394290708 47.394290708 84.290822821 84.290822821 65.6880424018 65.6880424018 29 46.8972604045 46.8972604045 72.1125636423 50.7533808408 50.7533808408 55.7880628996 55.7880628996 29 29 41.878221028 41.878221028 41.878221028 66.9193826415 52.5516039326 52.5516039326 58.1948839951
0 0 0 0 0 0 0 0 0 0 0 0 0 0 0 0 0 0 0 0 0 50.37929478 50.37929478 0 0 0 0 0 0 0 29 29 29 29 29 29 29 29 29 29 29 29 29 29 29 29 29 29 46.5084915969 46.5084915969 46.5084915969 46.5084915969 29 47.394290708 59.4944591966 44.9835463629 44.9835463629 44.9835463629 65.6880424018 72.1125636423 46.8972604045 46.8972604045 72.1125636423 42.6388864883 50.7533808408 55.7880628996 55.7880628996 29 38.2969080354 41.878221028 41.878221028 66.9193826415 29 29 52.5516039326 29
0 0 0 0 0 0 0 0 0 0 0 0 0 0 0 0 0 0 0 0 0 0 0 0 0 0 0 0 0 0 0 29 29 29 29 29 29 29 29 29 29 29 29 29 29 29 29 29 29 46.5084915969 46.5084915969 29 29 51.47701227 44.9835463629 44.9835463629 44.9835463629 69.288216064 29 29 72.1125636423 29 29 52.5025438624 52.5025438624 52.5025438624 29 29 29 29 29 29 29 29 29 29
0 0 0 0 0 0 0 0 0 0 0 0 0 0 0 0 0 0 0 0 0 0 0 0 0 0 0 0 0 0 0 29 29 29 29 29 29 29 29 29 29 29 29 29 29 29 29 29 29 60.62656674 51.7250336973 51.7250336973 51.47701227 51.47701227 51.47701227 29 29 29 29 29 29 29 29 47.3570062489 52.5025438624 47.3570062489 29 29 29 29 29 29 29 29 29 29
0 0 0 0 0 0 0 0 0 0 0 0 0 0 0 0 0 0 0 0 0 0 0 0 0 0 0 0 0 0 0 0 29 29 29 29 29 29 29 29 29 29 29 29 29 29 29 29 63.8134900752 60.62656674 51.7250336973 51.7250336973 51.7250336973 51.47701227 51.47701227 29 29 29 29 29 29 29 47.0597453198 29 29 29 29 29 29 29 29 29 29 29 29 29
0 0 0 0 0 0 0 0 0 0 0 0 0 0 0 0 0 0 0 0 0 0 0 0 0 0 0 0 0 0 0 0 29 29 29 29 29 29 29 29 29 29 29 29 29 29 29 29 29 60.62656674 51.7250336973 29 29 82.3473633364 82.3473633364 29 29 29 29 29 29 29 64.5111671779 64.5111671779 29 29 29 29 29 29 29 29 29 29 29 29
0 0 0 0 0 0 0 0 0 0 0 0 0 0 0 0 0 0 0 0 0 0 0 0 0 0 0 0 0 0 0 0 0 29 29 29 29 29 29 29 29 29 29 29 29 29 63.3677986941 63.3677986941 74.9051340647 74.9051340647 29 29 29 82.3473633364 82.3473633364 58.4547928132 66.6307659511 29 29 58.6417160632 52.8289905109 47.8331103178 64.5111671779 64.5111671779 64.5111671779 29 29 29 29 29 29 29 29 29 29 29
0 0 0 0 0 0 0 0 0 0 0 0 0 0 0 0 0 0 0 0 0 0 0 0 0 0 0 0 0 0 0 0 0 29 29 29 29 29 29 29 29 29 29 29 29 29 63.3677986941 63.3677986941 74.9051340647 74.9051340647 74.9051340647 29 29 61.2073887501 29 59.9063105688 66.6307659511 66.6307659511 58.6417160632 52.8289905109 52.8289905109 47.8331103178 53.2273016445 53.2273016445 61.6656227469 29 29 29 29 29 29 29 29 29 29 29
0 0 0 0 0 0 0 0 0 0 0 0 0 0 0 0 0 0 0 0 0 0 0 0 0 0 0 0 0 0 0 0 0 0 29 29 29 29 29 29 29 29 81.2699409743 47.1213475966 29 29 63.3677986941 63.3677986941 29 52.794396197 52.794396197 29 29 29 29 49.2065934659 49.2065934659 49.2065934659 29 52.8289905109 52.8289905109 47.8331103178 53.2273016445 53.2273016445 53.2273016445 29 29 29 29 29 29 29 29 29 29 29
0 0 0 0 0 0 0 0 0 0 0 0 0 0 0 0 0 0 0 0 0 0 0 0 0 0 0 0 0 0 0 0 0 0 0 29 29 29 29 29 29 29 81.2699409743 81.2699409743 29 29 29 29 29 29 29 29 29 29 29 49.2065934659 49.2065934659 29 29 29 47.8331103178 57.9327855846 57.9327855846 57.9327855846 54.7536324394 29 29 29 29 29 29 29 29 29 29 29
0 0 0 0 0 0 0 0 0 0 0 0 0 0 0 0 0 0 0 0 0 0 0 0 0 0 0 0 0 0 0 0 0 0 0 29 29 29 44.7959820727 44.7959820727 51.6912997956 29 51.6912997956 81.2699409743 29 29 29 51.2854851719 51.2854851719 52.8460149015 29 29 29 29 29 29 29 29 29 29 29 70.3240534857 70.3240534857 29 29 29 29 29 29 29 29 29 29 29 29 29
0 0 0 0 0 0 0 0 0 0 0 0 0 0 0 0 0 0 0 0 0 0 0 0 0 0 0 0 0 0 0 0 0 42.0555022191 42.0555022191 46.5539037992 46.5539037992 46.5539037992 75.3310384724 44.7959820727 44.7959820727 51.6912997956 29 29 29 29 29 51.2854851719 51.2854851719 51.2854851719 29 29 29 29 29 29 29 29 89.7899528771 89.7899528771 89.7899528771 70.3240534857 70.3240534857 70.3240534857 29 29 29 29 29 29 29 29 29 29 29 29
0 0 0 0 0 0 0 0 0 0 0 0 0 0 0 0 0 0 0 0 0 0 0 0 0 0 0 0 0 0 58.2542738835 58.4186945451 25.9942923082 17.3145436473 22.8259392941 46.5539037992 46.5539037992 29 75.3310384724 44.7959820727 29 29 29 29 29 29 29 51.2854851719 51.2854851719 29 29 29 29 29 29 29 29 29 89.7899528771 89.7899528771 29 29 29 29 29 29 29 29 29 29 29 29 29 29 29 29
0 0 0 0 0 0 0 0 0 0 0 0 0 0 0 0 0 0 0 0 0 0 0 0 0 0 0 0 46.2853562438 46.2853562438 67.4336199531 67.4336199531 30.6566277135 27.7621762452 30.5756519004 42.0555022191 46.5539037992 29 29 29 29 29 29 29 29 29 29 51.2854851719 29 29 29 29 29 29 29 29 29 29 54.8659612874 54.8659612874 60.7809874526 60.7809874526 65.4701302086 29 29 29 29 29 29 29 29 29 29 29 29 29
0 0 0 0 0 0 0 0 0 0 0 0 0 0 0 0 0 0 0 0 0 0 0 0 0 62.7600850719 56.5324442018 43.4254671843 43.4254671843 43.4254671843 46.2853562438 67.4336199531 17.7607607554 14.1167945062 33.1286250738 54.7063549248 0 0 29 29 29 29 29 29 29 29 29 29 29 29 29 29 29 29 29 29 29 29 54.8659612874 60.7809874526 60.7809874526 55.0439273216 29 29 29 29 29 29 29 29 29 29 29 29 29 29
0 0 0 0 0 0 0 0 0 0 0 0 0 0 0 0 0 0 0 0 0 0 0 0 0 62.7600850719 62.7600850719 62.7600850719 43.4254671843 43.4254671843 67.4336199531 47.1119435768 59.7561276164 45.2101567916 0 0 0 0 29 29 29 29 29 29 29 60.9843129911 60.9843129911 60.9843129911 29 29 29 29 29 51.1866298466 67.6157626934 64.5432116908 67.2154172568 59.0909325408 59.0909325408 54.8659612874 29 55.0439273216 29 29 29 29 29 29 29 29 29 29 29 29 29 29
0 0 0 0 0 0 0 0 0 0 0 0 0 0 0 0 0 0 0 0 0 0 0 0 0 53.1225729883 62.7600850719 58.6438676525 43.4254671843 61.0159724882 0 0 0 0 0 0 0 0 0 29 29 29 29 29 29 49.3934764769 49.3934764769 60.9843129911 29 29 59.6327461749 48.387689226 48.387689226 51.1866298466 64.5432116908 67.2154172568 67.2154172568 59.0909325408 59.0909325408 29 29 61.3132092409 61.3132092409 29 29 29 29 29 29 29 29 29 29 67.2681024549 55.3334417062 52.0044707152
0 0 0 0 0 0 0 0 0 0 0 0 0 0 0 0 0 0 0 0 0 0 0 0 0 0 0 0 0 0 0 0 0 0 0 0 0 0 0 0 29 29 29 29 40.6252986073 49.3934764769 49.3934764769 49.3934764769 29 64.2869897233 29 48.387689226 48.387689226 51.1866298466 64.5432116908 64.5432116908 67.2154172568 29 59.0909325408 29 61.3132092409 61.3132092409 29 29 65.0361686282 65.0361686282 29 44.6844061366 29 29 29 29 29 67.2681024549 67.2681024549 52.0044707152
0 0 0 0 0 0 0 0 0 0 0 0 0 0 0 0 0 0 0 0 0 0 0 0 0 0 0 0 0 0 0 0 0 0 0 0 0 0 0 0 0 29 29 29 41.0924337139 41.0924337139 41.0924337139 41.0924337139 73.9582080065 64.2869897233 64.2869897233 53.9741500158 29 29 29 29 29 29 29 29 29 76.9104388856 76.9104388856 76.9104388856 65.0361686282 65.0361686282 44.6844061366 44.6844061366 44.6844061366 29 29 29 54.6324311557 67.2681024549 67.2681024549 29
0 0 0 0 0 0 0 0 0 0 0 0 0 0 0 0 0 0 0 0 0 0 0 0 0 0 0 0 0 0 0 0 0 0 0 0 0 0 0 0 0 29 29 29 29 40.1152534099 40.1152534099 40.1152534099 73.9582080065 46.0221973455 29 29 29 29 29 29 29 29 29 29 54.6718599973 76.9104388856 76.9104388856 57.391445926 62.0646751899 65.0361686282 29 44.6844061366 29 61.5916446587 29 29 29 29 29 29
0 0 0 0 0 0 0 0 0 0 0 0 0 0 0 0 0 0 0 0 0 0 0 0 0 0 0 0 0 0 0 0 0 0 0 0 0 0 0 0 0 0 29 29 29 70.4389066727 40.1152534099 70.4389066727 29 29 29 29 29 29 29 29 29 29 29 51.9827268711 54.6718599973 54.6718599973 57.391445926 29 52.4085695282 29 29 29 29 29 29 29 29 29 29 29
0 0 0 0 0 0 0 0 0 0 0 0 0 0 0 0 0 0 0 0 0 0 0 0 0 0 0 0 0 0 0 0 0 0 0 0 0 0 0 0 0 0 0 29 29 29 29 29 29 29 29 29 29 29 29 29 55.5957143073 50.6302004114 50.6302004114 50.6302004114 54.6718599973 54.6718599973 52.4085695282 52.4085695282 29 29 29 29 29 29 29 29 29 29 29 29
0 0 0 0 0 0 0 0 0 0 0 0 0 0 0 0 0 0 0 0 0 0 0 0 0 0 0 0 0 0 0 0 0 0 0 0 0 0 0 0 0 0 0 29 29 53.2913288242 53.2913288242 29 29 29 29 29 29 29 69.6746235152 29 55.5957143073 50.6302004114 50.6302004114 29 51.9827268711 29 29 29 60.455920882 44.7298194135 29 29 29 29 29 29 29 29 29 29
0 0 0 0 0 0 0 0 0 0 0 0 0 0 0 0 0 0 0 0 0 0 0 0 0 0 0 0 0 0 0 0 0 0 0 0 0 0 0 0 0 0 0 0 29 67.0010301831 67.0010301831 78.5805381195 29 29 29 29 57.152061739 73.5069237041 69.6746235152 69.6746235152 55.5957143073 55.5957143073 50.6302004114 29 29 29 29 29 29 29 29 29 29 29 29 29 29 29 29 29
0 0 0 0 0 0 0 0 0 0 0 0 0 0 0 0 0 0 0 0 0 0 0 0 0 0 0 0 0 0 0 0 0 0 0 0 0 0 0 0 0 0 0 0 29 67.0010301831 67.0010301831 67.0010301831 29 29 29 29 29 29 69.6746235152 29 52.8553512274 29 29 29 29 29 29 44.7298194135 41.9204282072 41.9204282072 29 29 29 29 29 29 29 29 29 29
