Spatial_Output/BAU/BAU_0395.asc
NCOLS 155
NROWS 192
XLLCORNER 196769.923733
YLLCORNER 449719.875193
CELLSIZE 27.603701
NODATA_VALUE NaN
[rows 92 to 114 of 192, columns 53 to 105 of 155]
34.6309448393 34.8966612098 32.8932990704 34.4731925023 34.8213912505 34.0086833094 31.5671462294 34.3756742154 31.7873598865 56.9923122784 56.9923122784 32.5917322135 34.3655137104 33.7852805119 32.1421182888 34.6063585792 32.7446294313 32.838057936 33.1661240001 31.8881052474 32.8895466823 34.9608493188 34.6880222735 70.795088975 70.795088975 70.795088975 31.7377267826 34.248379386 33.3029824173 33.8553391097 32.5360443735 34.0611467999 33.3194190947 31.6925114164 34.9216281369 33.4437655449 66.7126884335 66.7126884335 66.7126884335 32.133648841 33.7440997782 33.4447946491 34.3472250032 33.7290265494 32.6793955114 33.4353580552 32.7870297397 32.5065800248 31.8120325327 32.3729118828 31.7501091771 33.8270703266 34.706651525
34.9322753375 33.3003709786 33.9434078815 34.2554651734 32.0554230696 34.0254547915 32.4728028443 31.6434853426 33.7314393617 31.9854653744 34.1745174224 32.7256517848 34.0565965605 33.7750038085 31.9421651225 34.9400392756 34.296127318 32.3844777941 33.0829577004 34.98814477 31.9294826095 32.6814194672 32.5254878471 61.3486762518 70.795088975 32.5066445122 33.3353670147 34.782381679 34.1566568812 32.7760530726 34.2928846903 33.5004649024 31.823459019 34.1282040573 31.5573611045 33.1602010762 33.9366202201 33.7850907656 32.7898433575 31.5286903827 34.8771963226 33.1070543964 34.0447448791 32.5809775583 31.5341615228 32.2547050694 32.8323112895 32.1146203915 33.2637428779 32.669916289 34.0149707704 34.9266066794 31.7348744613
32.3558753391 33.6076207929 34.5959646061 34.6369823578 34.4905118891 34.8656203768 31.5705907632 33.290597139 31.8317525981 55.216951257 49.0359538141 33.0669913551 32.7594662308 32.9879671221 33.5064227724 33.2181204137 34.4510350813 33.014312097 31.9154955791 31.5321368896 33.8470808414 33.3044948716 32.5638641259 33.7134966446 33.4937047905 33.0132931644 31.9138403801 32.022287307 33.1704008316 33.2695611558 31.8061345694 32.8323888609 33.4413704745 33.284831703 31.5465747802 34.8997425044 32.2778480025 32.8562882126 32.0470771412 33.8519679449 33.225191001 34.2428040235 33.8117457204 32.9910970807 34.1170860314 32.708343134 32.4455508664 33.2355099757 31.9356611152 32.401973835 34.0057378882 32.0072685246 32.303420728
34.7349480694 32.1274218953 34.904686477 33.5249224167 31.9803991464 32.7325147696 34.9776731382 32.3610012758 33.215752708 31.9379805654 55.216951257 34.7156174782 34.4474936187 34.4746108739 32.0652193099 34.1282875291 33.0437433715 33.4117283663 34.2558322327 32.9058447543 33.1641548625 31.5838874973 32.3200143282 31.690877809 31.759282451 33.7415016326 33.4178851123 34.3650109368 33.0849704521 32.8194008672 33.7930929397 33.9846329929 33.090764353 34.5538183272 34.8480588927 31.5112966794 31.7180707677 31.7799705653 31.5119744295 31.7913323405 33.6541956837 33.9200007798 32.3448005312 32.0576029647 32.4245257719 32.4211650115 33.9720039451 33.1717989611 32.7434186569 34.1197490489 34.893960166 33.7203441998 31.5071775393
32.0511322863 31.7217726353 33.1435598415 32.9742146358 34.5381117975 34.6019261148 32.2460568738 33.6041214846 57.6162020396 55.216951257 33.8961090166 34.376469276 31.9269438819 32.8627044471 31.5412387462 34.4538046371 32.7544660269 33.573908202 31.8274997926 33.1369322706 32.9070085931 33.6155010453 34.42142795 58.7346956181 32.6344329107 58.7346956181 33.712910675 31.5169840444 33.5868715158 34.0313945532 34.2352117997 32.9343002593 33.9842802209 32.5510417343 33.1982947075 33.514588299 33.9932621029 43.5228732574 32.9650429525 54.3943700151 32.8892801845 43.2678850137 43.2678850137 68.5157614827 56.9742945914 56.9742945914 57.7448121944 34.5442255379 32.3191911129 31.8838124556 33.8392181707 32.916628113 34.9519051795
50.1787318927 50.1787318927 32.5171081856 50.4767048941 60.7371546648 42.6018402414 33.4224438344 58.4510733871 32.9286700904 52.0103079355 60.4800733035 33.898174175 32.3568024954 33.7380501639 34.4969338708 31.5325057265 33.7286889152 32.4580489888 60.1807751066 34.5501611261 46.6353631256 32.4194674708 67.6528161084 62.128414016 62.5051179638 62.128414016 34.5541668046 54.7844107313 54.7844107313 34.6542033228 32.9692092645 32.4905783859 34.7060195682 33.7281268693 34.4490289522 34.4178655733 43.5228732574 34.0736410563 32.0605717911 54.3943700151 54.3943700151 43.2678850137 43.2678850137 68.5157614827 56.9742945914 56.9742945914 33.9045198031 33.4063618864 60.9683085027 60.9683085027 33.3873368051 34.2711072057 33.0214727484
50.1787318927 50.1787318927 52.7252684114 50.4767048941 60.7371546648 60.7371546648 51.9098670596 58.4510733871 52.0103079355 52.0103079355 52.0103079355 34.8607265196 34.3228826512 33.3716426218 33.872371919 34.8614825942 31.8494610819 60.1807751066 60.1807751066 60.1807751066 46.6353631256 46.6353631256 32.9216442145 32.0636325261 62.5051179638 62.5051179638 34.4628792264 54.7844107313 54.7844107313 32.0428747985 33.5317600435 31.6614510144 34.4961707018 31.6611810199 32.2129446597 43.6494936913 33.3930398506 32.8996684832 34.1480951631 54.3943700151 54.3943700151 43.2678850137 33.5240213361 68.5157614827 56.9742945914 65.4817473053 32.9965913788 34.8173531177 34.7236981115 32.8599181313 32.027778431 34.9545344301 33.0021456985
50.1787318927 50.1787318927 67.4254547992 50.4767048941 60.7371546648 60.7371546648 34.7928515797 58.4510733871 58.4510733871 52.0103079355 65.6754605716 34.6508138036 34.9886644408 31.8252958411 31.9170568761 31.5467244861 32.5747581627 35.0163004191 60.1807751066 35.0075189233 46.6353631256 31.9856260333 67.6528161084 57.4105689584 67.7764609499 57.4105689584 60.9955859009 33.334766335 54.7844107313 34.5443014369 34.6241182854 34.4616213348 32.8954600007 33.2907109791 32.6750448611 33.9877817745 33.4350737293 31.6946956073 32.2558529275 32.1406504711 32.4114619584 33.3901486691 33.979786231 34.0118706811 35.0191463105 34.0638406473 31.6664127763 31.5811475786 32.354400268 33.0390943649 34.5596075345 32.2265299193 31.7819665945
31.5374299891 33.9084071761 34.0952417678 33.6181431696 34.571539931 33.4134373986 33.4677936587 58.4510733871 31.5257501655 51.0879258222 51.0879258222 32.1647988345 33.4791210138 33.6066800045 34.3693878645 32.4677346105 32.6921409001 33.6208051889 32.3595776683 33.3016283269 33.3208543962 34.632605186 33.7509925465 67.7764609499 67.7764609499 67.7764609499 32.4070318038 35.0119607073 33.1767244568 33.6244671545 32.1377236748 34.7300647025 32.2037788087 34.5821309136 34.0442767405 33.513256821 33.7005737107 34.3758861931 34.8583296201 34.4903788196 34.9198917902 32.8474563357 32.5750075164 31.9603309925 32.4880427168 34.9772918694 32.1630088733 34.6382597524 33.079032909 34.4042030759 33.2280413681 32.0921861484 33.4551115383
32.4440831338 32.1968100119 33.8128622692 33.9194193604 31.8732088582 33.2435950245 31.6081478853 31.9527684917 50.9651325814 32.7521104529 32.2530072741 34.7761668868 32.8643675934 33.4376019671 32.5280924374 31.6979451522 32.1834473434 34.7402591818 32.7164795728 32.1153897704 32.2740497578 32.6671266637 32.1456610232 32.1656387286 67.7764609499 52.1226593173 34.2509050973 34.058125906 34.9429152653 33.7201961364 32.2377055557 33.6429786478 34.8043044263 34.0422300614 34.7260012881 34.251744202 34.200895856 33.5504844367 33.5101482125 33.946933951 34.2366041284 34.6948040045 32.8992446833 31.8931500592 34.1558720565 32.9143376159 32.4901486782 32.2792208888 32.0913319473 33.8109022724 33.7596296237 33.2095454491 31.6711791974
33.2764372181 32.5512754445 33.1887016243 34.3208423742 34.442152293 33.1789928462 31.5781473397 32.3189421894 54.7505897167 54.7505897167 32.6232748217 34.6439712371 34.9520929898 33.847328133 34.769821917 33.1822807145 34.9620418659 31.8351298414 33.341052533 33.0911627216 31.6021254649 32.8764619499 33.2455572707 33.9572986949 52.1226593173 52.1226593173 32.7988133265 31.6836519899 31.7175511383 33.6711050274 31.8162057096 32.6090997654 32.0513907624 34.0096796558 32.9487722692 33.680595564 32.8350539741 32.5950819021 34.4480521304 32.7208207599 31.6644576627 32.5889705843 32.5925442517 33.830485424 31.9741892721 32.435824991 34.8780763268 34.994315308 31.8753729222 31.8329140187 34.1281528585 32.9098048153 31.6719903952
34.4942828434 31.9238178086 33.1492448269 31.7453707343 32.2635094369 34.5808149883 33.4001170806 54.7505897167 54.7505897167 54.7505897167 54.7505897167 33.567833652 33.203443749 32.8446604318 33.4892973666 34.8724965775 33.3645179058 32.7857364299 31.5193388194 33.6667915937 33.0538215326 35.0310595071 34.4648868259 31.6520333009 60.7539590669 32.063359252 34.7386977369 31.6973953822 33.3071770905 31.5779613541 33.1636711852 33.3473660037 34.6510148232 31.8888349106 34.1435878913 32.7851634153 34.9290775548 33.5935572839 31.8764254703 32.6782061763 32.131437962 31.9247990889 34.6454357912 33.4000508529 32.5133133307 32.4975421882 34.8090440366 34.5470551072 32.6280094752 33.2059604668 34.1634116818 33.8989747642 34.1518960434
31.8613594237 31.9820692072 34.9328355759 33.3609522001 31.6116717886 32.2984091435 32.9037245711 49.009286335 49.009286335 49.009286335 49.009286335 34.8353240466 31.7451335874 33.4534516187 34.647943548 33.9941176413 32.473148578 32.2076984228 34.3828472393 33.1492142745 34.4611424694 32.525986603 34.6294611524 60.7539590669 60.7539590669 60.7539590669 34.0923460593 34.4703594334 33.2480698114 32.3838809356 31.7375720592 32.3531623688 32.8455233484 34.7238286604 34.0996354878 31.7539651259 34.4418488247 33.5945108759 33.4118103734 58.6484232933 58.6484232933 33.62529 32.5580762717 33.8435326367 33.8959777767 50.1093665318 32.1196347647 32.0100195605 33.0664118199 32.328265844 33.4106842911 33.1014989546 32.7687530579
33.2161899666 34.3623531236 33.8849214152 34.9003318728 32.5888547158 33.9347158174 33.4746205672 33.2789269842 34.5725440626 32.0119666313 32.5338388193 32.0763680514 32.8571639701 32.591588375 32.1232670841 33.8228169273 32.7219334159 33.3058222042 34.0014541394 55.3619468285 60.1210917471 33.6405228553 32.7877175567 34.5681894357 60.7539590669 60.7539590669 32.3865843339 33.4050516005 33.8915735731 32.8181739221 32.3086319244 32.2935353739 34.3381519843 32.6363451147 54.3800029923 32.9291260799 32.0890751284 63.7342355445 57.6444493975 34.6022486909 58.6484232933 52.1947730711 52.1947730711 80.9431188658 65.2343795212 65.2343795212 31.9564017431 34.8700460346 32.6231165608 33.2095229691 34.4095219154 31.5032462612 33.7642341881
34.0180691908 34.685333292 31.6509045842 33.7262538353 33.2250321425 34.0329575512 34.8480620243 32.5439424827 34.0535671044 32.9286200711 33.7430734553 31.5082525669 32.4566921197 32.6505117732 34.1254456474 33.7817959996 55.5790944351 33.145358225 55.3619468285 60.1210917471 60.1210917471 34.9121867506 50.9078472851 33.5392992837 32.8081027071 34.256381715 32.9774699183 33.7971071629 34.1220342946 31.7279607752 57.4612459165 57.4612459165 56.6592814535 56.6592814535 54.3800029923 54.3800029923 62.8209229942 63.7342355445 57.6444493975 57.6444493975 57.6444493975 52.1947730711 52.1947730711 34.699976036 65.2343795212 65.2343795212 33.0337254909 34.4479557618 33.3073635298 33.3395856019 32.3132220177 31.7322939853 32.9685379118
33.6459094487 34.4831137472 34.4575879042 34.4286265554 34.8031783233 34.3029394319 33.8907041083 34.7682636406 32.6983991938 33.4099252858 32.3602356812 33.4605014429 33.5761183781 32.2750442032 34.0001046783 31.5548983472 33.1427008597 34.4211259539 34.2711941059 60.1210917471 60.1210917471 45.6238325918 34.2066258847 32.7109955824 32.505138277 34.55406256 32.3288929772 32.8088241194 33.4748824295 31.965279826 57.4612459165 57.4612459165 57.4612459165 56.6592814535 54.3800029923 54.3800029923 62.8209229942 33.7301376881 57.6444493975 57.6444493975 33.7102468395 34.5716777439 52.1947730711 31.9507817896 34.347537202 65.2343795212 34.2145418861 33.9969905608 34.6231544837 34.4529506171 32.6628838786 32.0996712407 33.206689767
32.7029594229 32.440800126 32.989060953 34.2585037701 33.2437085553 33.9224812554 32.0712458536 32.9800419687 33.8015138745 34.9387322235 32.5893896824 35.0302362877 33.84146922 33.9082332007 32.3535748363 32.6796973946 33.6293860494 32.9388722549 32.3236699001 33.8397545664 32.3197145727 33.5810085868 33.3404819234 32.8767718687 32.0105234144 32.8320725234 33.5437101298 33.7069852021 32.6859715424 33.1837931598 31.9486867113 57.4612459165 33.4532741935 57.389379578 54.3800029923 32.1919523166 62.8209229942 34.1849632348 34.7827532346 34.22889155 34.913568839 32.3310630605 33.8346029922 32.1977965067 34.2104208956 31.8095420993 33.8048396917 33.8433877575 32.2007859512 33.372688852 35.0188829567 33.8108866357 32.6639128631
32.1506283174 31.9451907396 33.6737435675 32.1015680254 32.4386134044 33.2996392847 32.0831275057 32.4974950873 35.0017022006 34.353814856 34.7934836803 32.0520328197 32.1211658613 34.0430683331 33.0244842226 32.9473235412 33.0045793907 34.9532773068 33.4310773342 31.5850024023 31.5289802693 34.9522132869 34.3948192712 34.0165990726 34.2113948589 34.5623726075 31.6450159956 32.2662280584 32.3486045326 31.7884696278 34.3037721342 32.7564471892 34.6784301175 33.5111417424 34.2763492323 33.3573546656 32.5599536927 34.6601531067 32.0773378371 68.1984917835 32.5253324818 33.5480821494 34.1594575059 32.6359326596 34.692838048 34.8224697203 33.6435471793 31.7318590578 34.2149801505 32.298000867 34.5098256246 31.5603182364 32.8066261734
33.7672385341 32.5291944511 33.0357936409 31.5536989988 33.5761167167 34.1504816022 34.268451041 32.9968651121 58.4398479799 31.8029158503 33.3434786117 34.7477142134 34.7405448243 32.0948139752 32.1992169827 34.3843300179 34.2380736314 33.4393296712 32.0124546377 32.4286091216 33.5908783669 33.9053294167 32.7454512453 32.00540796 33.3749345736 33.5094744514 33.2058955473 32.82613361 33.4526647736 33.6941826719 32.0730172149 32.9947426021 33.2010922956 32.337466384 32.1673418531 34.7205567902 33.5629420548 31.5805616557 34.3200308578 32.7111112474 34.1470375293 32.4653555377 33.981861424 34.923624899 32.6383266177 31.8618129571 33.1142045096 32.5565804301 31.5451910245 34.3071972698 32.4873220363 34.8505000777 31.5866770241
32.0602983709 32.7904285429 33.7313657701 32.2670054497 33.9748444427 32.2958993022 32.1166540648 86.1872600546 86.1872600546 86.1872600546 31.8376630244 33.0507469017 33.0311432939 33.9759172474 32.5788671912 33.5058033597 32.2115615959 33.4586763572 32.3557497563 34.5502436387 32.7756225711 32.8507300996 32.9503066061 33.2969588093 32.856004615 32.3972676999 34.7446511369 33.2694256262 33.8905458445 32.6383352931 33.1459421759 32.4989538601 32.0607633528 34.846765182 34.6450378616 32.988343487 34.5770802863 33.250468022 33.9179060578 31.5318559305 32.5515047494 32.3754413402 32.4377528649 32.0535222165 33.9675228683 31.5478017051 32.7564797647 33.4137517944 32.2961983059 31.8076430919 34.7764566695 34.5774126174 32.4425309192
32.047468169 32.2808613858 34.4622419263 33.4925694034 32.1406463766 32.071373245 33.7582127978 32.5929529421 86.1872600546 33.8531622692 33.2285519979 33.4145786989 34.0519893651 33.6924464172 32.9199050781 33.2780497071 32.7533634488 34.113790239 33.584467408 31.5606529147 33.774209378 33.9490573425 69.3201835477 69.3201835477 69.3201835477 69.3201835477 32.6938422344 32.4649182535 32.6292358028 32.2336653482 72.442061179 72.442061179 34.2139201349 33.6051126783 33.5768455948 32.4631505754 34.8015921272 34.7121985632 35.0163229626 32.1856809475 31.951317313 34.2069476618 66.8636441917 50.3410854233 31.6626316431 34.647914852 50.7526762975 32.0816855755 68.1314190701 49.1544340722 33.5526841885 32.5620267226 31.8474661778
32.1965880665 34.9558360706 34.4417647535 33.9074714003 33.3528839683 31.8158805689 33.0963086843 34.4578221007 33.3391016948 33.7237948877 65.9661857941 33.2863739007 34.1091199553 33.3570825687 33.6548585008 56.8768742661 33.6392699375 34.686897217 33.414603241 52.8377540366 34.5604796265 33.0247310621 33.4737253663 69.3201835477 69.3201835477 56.232781679 56.1624925368 55.0318971953 31.6452736815 32.5581577156 70.5277104835 72.442061179 32.2439973208 65.2126758725 65.2126758725 31.915886631 34.8260576437 34.5644126857 33.600267793 65.1490293508 65.1490293508 63.9341263257 63.9341263257 63.9341263257 50.3410854233 32.4693699176 50.7526762975 50.7526762975 52.7189618282 32.526115891 49.1544340722 49.1544340722 32.4037671799
66.2681595133 66.2681595133 57.4806612227 32.441486054 33.8171874622 67.9534418969 32.6665731096 32.0962694712 45.6167510494 55.4700301707 63.3943809585 62.3704128538 34.1856154187 70.1648719476 70.1648719476 56.8768742661 32.870886214 31.6374095385 32.2729866612 52.8377540366 52.8377540366 32.804971969 59.4903954117 74.1930248567 74.1930248567 74.1930248567 56.232781679 55.0318971953 55.0318971953 70.5277104835 70.5277104835 72.442061179 65.2126758725 65.2126758725 65.2126758725 32.5398021245 32.963055564 34.7253656475 32.0777475617 33.2957894952 34.2756562237 33.7079880907 63.9341263257 50.3410854233 33.8334252733 34.514602803 50.7526762975 32.7324144093 34.1413727705 32.3169513257 49.1544340722 31.8869684027 34.252624963
