Spatial_Output/BAU/BAU_0608.asc
NCOLS 155
NROWS 192
XLLCORNER 196307.867259
YLLCORNER 449144.565805
CELLSIZE 33.573938
NODATA_VALUE NaN
[rows 75 to 99 of 192, columns 0 to 56 of 155]
69.2314019752 80.1236992038 80.1236992038 58.3068292644 58.3068292644 80.4101538359 58.1193782535 58.1193782535 82.7754590203 72.2813109616 80.1200983016 58.3681737716 25.8180682124 29.4274983017 26.7019488158 26.6008041447 26.9706449011 24.5781715533 24.6233872618 28.4728579176 28.0600045366 25.7883767061 28.4841561475 26.6970456783 25.9472234669 24.6170308992 24.5170078116 28.3931952212 58.7435234145 58.7435234145 58.7435234145 28.2012960181 26.4875591418 26.8702344509 28.1298841907 24.7952408667 47.6417895708 51.2075149782 51.2075149782 28.5101655559 56.3332476824 26.1701616848 25.9311053857 41.3847948085 26.3064092619 29.0276715686 28.825028064 25.2934986744 27.9048621946 25.2726397149 26.99866769 29.446954218 27.9091753293 25.2238770748 25.0559004109 50.0772804525 29.0340504528
0 80.1236992038 80.1236992038 58.3068292644 58.3068292644 58.1193782535 58.1193782535 58.1193782535 72.2813109616 80.1200983016 61.9326321587 62.5502868817 25.5443655777 27.6895848404 25.0485219349 26.593513819 25.8908986479 25.2420014173 27.3338937522 28.935835406 57.894414848 57.140847838 27.2778995577 47.1226157949 42.086841038 26.6200453301 61.1651444199 24.6141115034 58.7435234145 58.7435234145 27.3662284561 28.2571633161 25.7139515671 28.9162802527 24.8474926336 29.1754641068 51.2075149782 51.2075149782 41.9160795575 24.8827871754 28.1612292613 24.879194779 61.264191169 27.1049693301 26.6541027135 28.0587475068 25.6241173869 26.2390100901 25.7146448502 26.4539307371 28.7016134578 27.7112723052 25.5575216586 28.111727901 26.2505232731 28.0768057598 50.0772804525
0 0 68.9333533432 0 58.3068292644 44.9185358791 58.1193782535 44.7119450624 60.3958482826 59.9807727217 55.9609285815 61.9326321587 27.9124253832 28.718749574 25.3012911168 27.5468221782 26.082075659 26.6468471945 25.8123982651 29.1584772132 26.4358303941 57.140847838 26.3551865069 42.086841038 42.086841038 61.1651444199 61.1651444199 27.3684181861 25.6637931486 59.9813036209 51.3622832893 27.2313320654 25.9319661814 29.4153703827 26.802069657 45.6956893084 25.7607551936 28.5068653023 26.4311298916 26.7724794963 25.1599390997 61.264191169 61.264191169 61.264191169 26.8888629657 27.2363971483 28.2468696987 25.3578709072 27.6709968485 27.979136387 28.8645223986 28.5937730657 29.0847569255 29.1440580114 28.8915098983 28.4432331872 25.1212023524
0 0 0 0 44.9185358791 44.9185358791 44.7119450624 44.7119450624 45.4804516169 55.9609285815 53.4329213095 53.4329213095 67.3349176484 26.3109613311 26.5740327111 24.6076945023 27.8631070357 25.9470099449 24.5082519139 25.1417888611 25.3505163354 54.6323775094 54.6323775094 75.980592163 75.980592163 61.1651444199 61.1651444199 28.2621661092 26.8433514042 28.6371503142 51.3622832893 51.3622832893 24.9031459768 57.9766681395 45.6956893084 45.6956893084 64.2779814581 58.8654325853 62.4574559277 24.9365011737 25.7039439684 61.264191169 61.264191169 27.705532783 27.6981576269 28.3182476331 25.5448054541 27.8936721228 24.713851578 27.8794568132 25.2980021881 26.8295373303 54.362826902 26.1038094878 53.2076199693 57.6010437746 57.6010437746
0 0 0 0 44.9185358791 44.9185358791 44.7119450624 44.7119450624 45.4804516169 55.9609285815 53.4329213095 53.4329213095 67.3349176484 28.3438836567 27.7340979176 27.218740532 28.421975641 29.043345241 28.5034439856 27.0874771697 28.4069344667 54.6323775094 54.6323775094 75.980592163 75.980592163 56.9805543808 61.1651444199 27.129757828 27.2883106454 29.2300245629 51.3622832893 51.3622832893 66.4573952473 60.2566929343 45.6956893084 45.6956893084 58.8654325853 58.8654325853 24.9326464048 62.4574559277 45.348896847 27.306050607 25.4456850246 25.9164113925 26.8641078827 27.0220208203 27.8417797483 25.8747763522 25.1426547305 24.7906675751 26.1592561117 27.5481042065 54.362826902 54.362826902 54.362826902 57.6010437746 57.6010437746
0 0 0 0 0 44.9185358791 0 0 60.3958482826 59.9807727217 55.9609285815 53.4329213095 60.6413929037 25.3726503228 27.5806517332 28.842147457 28.0105195528 25.6737843051 28.453315112 28.4168614753 28.9439901993 27.8882263951 54.6323775094 75.980592163 24.8742193289 57.3301928263 61.0399047755 61.0399047755 25.8742408386 25.1645018153 26.9897031178 27.4242739988 25.4057721828 26.2609437558 60.2566929343 45.6956893084 28.6913900422 58.8654325853 26.4364699945 26.8817475666 27.085817907 26.0413734604 28.2735871603 26.9207919856 28.9644922464 26.7812954378 29.1402206744 26.5137615982 25.9238045808 25.6662038718 25.0782227484 24.6350654801 54.362826902 54.362826902 53.2076199693 25.987958305 25.0276038017
0 0 0 0 0 0 0 0 0 0 0 0 0 0 25.5315471196 27.3055679227 26.872672607 26.4322050397 27.979197442 26.0345684751 26.3463495104 24.909717471 27.5165673879 25.4510604706 27.7359635905 50.1792781394 50.1792781394 61.0399047755 28.0744144884 27.3743233835 25.680030799 24.8993924212 25.3093036914 29.3618895945 26.9016375898 28.4533529719 24.5991001251 24.5958865557 26.3168780542 25.0739279366 25.5684831508 25.3626064826 26.3398771252 28.1509298127 28.3026655488 28.9064500563 25.6440420652 26.0421004588 24.9517981033 26.004747444 28.0004121015 26.2594367869 25.4564476838 24.5234882749 26.845146278 24.8908184919 25.5896759868
0 0 0 0 0 0 0 0 0 0 0 0 0 0 27.9821869059 29.2938320693 25.3574698737 27.9471823905 27.414163944 26.4687724955 28.8610623728 28.2623230808 24.5080916877 29.4495699541 62.891583998 50.1792781394 50.1792781394 57.8202388951 24.9167621546 26.6271122768 24.9404285216 27.9467418809 25.161124507 29.3713502866 25.1378562307 25.4062232867 24.5759925861 24.5828178584 24.5312554532 25.8698697521 28.303876646 25.4833743087 28.7988890831 27.460099909 28.8701605419 25.5510398695 28.8627470539 24.5196577792 27.1540549117 28.3997391159 27.459643017 26.6912953287 25.5371342789 26.3238994693 26.3148960971 25.1029368411 27.3534674762
0 0 0 0 0 0 0 0 0 0 0 0 0 0 26.0920331225 25.14556746 26.5967759234 25.3979767705 24.6645054904 28.5713009245 28.8705519669 50.2979555212 53.8995154945 53.8995154945 62.891583998 42.6543519902 28.5747225053 25.4787462526 27.692988691 24.653603923 26.5149274118 26.1866919871 26.8180438868 24.5143723879 26.6590829983 24.938651973 26.9154979172 28.3249274199 28.1152365838 28.7955624016 27.4403027642 27.3884585361 29.1399298921 25.6399842379 25.5738341561 28.9180366435 25.9647543371 26.7787442991 25.7814406169 28.1994400821 26.1002677206 29.2570621428 24.7262709231 28.548117963 28.7218055008 28.0796555997 25.2585530503
0 0 0 0 0 0 0 0 0 0 0 0 0 0 26.0542870737 27.8685903724 28.0046496501 26.252010708 59.0792902066 53.2208410365 66.2574919917 66.2574919917 53.8995154945 53.8995154945 62.891583998 25.2534589618 26.6906985166 24.5982893646 27.1896559958 28.1036830226 28.0590768913 26.3672445379 26.4143335193 28.6821162868 28.622692914 26.497466951 29.3920054986 28.0656376664 25.0191535378 24.7562980379 28.675098424 26.3813423525 24.5617123259 28.2870491755 28.8749592571 28.7512855902 25.8241639973 28.0478076416 28.4186280355 26.0747897963 24.9070975644 27.5120315419 28.417133392 28.1541163281 27.7256880252 29.0376129915 27.1917574945
0 0 0 0 0 0 0 0 0 0 0 0 0 0 28.149315241 27.9073890755 29.2918552998 29.0659864041 75.1737650579 51.400091584 51.400091584 66.2574919917 49.200539048 53.8995154945 24.697548476 27.413973551 28.4886339455 26.1755812938 24.559737012 24.8197814587 26.1658215914 26.6437276663 24.8808769489 25.988539895 25.424917126 26.9829793506 29.302303832 27.3773845485 24.6853976058 25.5218670001 25.3933496454 29.0863773732 24.7785944406 27.5469850598 24.8979983232 26.0569986516 28.7875138426 25.4612566699 24.5243731652 48.7903945617 27.9295922338 24.9025404103 28.4331265882 25.1297897451 25.9976569521 27.1845903426 25.4785846603
0 0 0 0 0 0 0 0 0 0 0 0 0 0 29.3516323903 26.7939731853 41.3190880798 25.3920016316 25.4330075114 51.400091584 51.400091584 66.644573776 28.7100992363 27.8961855557 27.9329161473 25.1059168555 28.8232367231 28.8472524062 24.793036131 28.7774403551 27.5965795448 29.2200379547 26.0825888322 27.5085617432 28.3973745711 27.3929715977 29.2363924621 25.695148436 29.4475555058 24.6912417905 24.8547293257 28.5013946251 26.9698771621 24.5524808803 29.4453560885 26.6589086184 26.9552706642 25.7548471967 48.7903945617 48.7903945617 48.7903945617 25.3078818429 25.1427644488 26.2260154764 27.5947982095 28.0954046347 27.4635444211
0 0 0 0 0 0 0 0 0 0 0 0 0 0 0 25.4462526586 41.3190880798 44.6764100673 44.6764100673 28.6499138883 28.7335298173 25.5761151708 29.1143597494 26.1569662319 24.5384963179 26.194060136 27.6958732529 26.2608557701 29.1888764758 27.9810269353 28.1478421719 25.5042871296 28.7905089683 26.2891524647 25.4982277633 28.6415196457 26.8654561528 26.7216638543 26.8063743807 26.6420343049 25.9729846259 27.9829091409 26.2583379402 26.9409781623 26.3862824145 25.8694211302 29.3935771102 27.1239765054 24.5277799613 49.8401650776 27.9715155985 28.6204016534 27.5641400806 25.1132090714 26.3931626095 28.9052861958 25.670981819
0 0 0 0 0 0 0 0 0 0 0 0 0 0 0 42.6483272824 41.3190880798 44.6764100673 44.6764100673 26.2571508868 28.3860222029 27.466609379 24.9060422149 25.7789741805 27.6599769402 27.4674159753 25.4259564564 29.2991681 26.8181917933 26.4487961154 25.6214547226 27.048910283 25.4129864495 26.1168874872 28.2463419886 26.3525497438 29.3512554481 27.8888694891 27.8399718051 26.3388793493 25.7380862021 27.9001708258 28.6090490883 28.3486636151 28.9141188405 25.4132277348 24.8872434561 29.1977623407 49.8401650776 49.8401650776 49.8401650776 29.2044985248 29.4409243002 27.4857140813 25.842637303 29.1892019838 28.8188596771
0 0 0 0 0 0 0 0 0 0 0 0 0 68.3048298922 52.7113503895 52.7113503895 52.7113503895 49.8172977555 49.8172977555 25.8423377436 26.8337834931 29.3290858846 24.7404258603 26.9055243638 28.1775085385 26.6899858695 25.0881444791 25.4688739606 26.4566013071 28.4671186091 26.9752123997 27.9313365999 26.2194475936 28.9824074088 26.2752415984 28.1969993954 27.785104546 26.5779431153 27.6610500732 26.4283074256 28.4040153292 28.7394676102 28.211660179 28.6478497339 26.894926385 27.1834782497 26.5701227413 29.4315781436 25.1844629307 68.8643131778 68.8643131778 29.4344038551 25.2522838483 29.0023954717 28.8705401422 27.7356229415 25.3455397813
0 0 0 0 0 0 0 0 0 0 0 0 18.7755179351 18.7755179351 18.7755179351 52.7113503895 52.7113503895 58.7633664863 26.4592512931 27.6204408486 26.6008145897 26.1181855555 28.1617886892 29.1744665071 29.1277734901 24.5435518459 29.0962505213 26.8254870557 28.7157046415 26.7433530845 28.1636469274 24.994948817 27.6441672465 25.6538796221 24.7634677038 27.024090386 28.2589951143 27.1058876662 27.9808236357 25.3735642963 27.2001004007 25.7020344502 26.505217846 27.1455446542 29.1912440332 28.7703681838 24.8557558869 28.2819059056 62.8981991781 62.8981991781 62.8981991781 28.3683329539 25.3212448654 26.2831411883 24.6235005315 25.2201072874 28.5097456825
0 0 0 0 0 0 0 0 0 0 0 70.7595675087 42.3747843954 18.7755179351 19.0686628861 51.284619912 51.1610298089 0 0 28.4965286844 28.2391217699 26.4510939568 27.1480070946 25.1743482706 29.1903288002 26.5254858333 27.3178002354 29.3051638033 28.9090122511 24.8169707725 29.2552283352 27.4378157561 28.3797097035 27.9821908376 26.5949607302 29.2194775315 29.0088674933 26.7809222405 27.7177972794 24.9159156649 28.4070469556 27.9496129777 27.9633387787 24.8291154963 28.0438861093 28.0073295593 25.9633236623 49.8103384266 49.8103384266 49.8103384266 62.8981991781 56.1870707287 24.9919400674 27.2684792326 26.6648696501 26.7797665863 27.1518715832
0 0 0 0 0 0 0 0 0 0 41.4496405668 59.5339409618 42.3747843954 18.7755179351 37.9823693474 53.0019601494 0 0 0 26.3003788201 25.976080136 24.6354725099 26.3852892796 28.1879448618 28.6503543433 25.5555457292 27.032379682 26.6748692517 27.4879165501 25.7384556664 28.0273994654 27.0605204191 25.5478802336 28.6816094635 25.0022149589 27.5421431081 28.6663677838 25.3690573829 25.9801938728 25.1161062028 27.5416325476 28.2358525272 28.1335030588 25.9715237555 27.0783105888 28.8140761182 28.2009084177 52.2320682528 49.8103384266 39.8437531426 39.8437531426 29.0610290012 27.0538190329 25.30440445 27.9888775402 29.1766132529 27.9053115936
0 0 0 0 0 0 0 0 0 62.9879967022 59.5339409618 59.5339409618 59.5339409618 63.1656787792 0 0 0 0 0 0 24.5859604294 25.7125258675 28.3750262954 26.1613235118 28.9142692567 25.4837922118 27.9184222111 29.1850365777 26.1995719019 26.2468250308 25.4572817904 25.4386340247 24.5665427662 28.5456347919 25.6309785848 28.1195309602 27.310415665 26.1471124125 29.269609231 27.5028315991 28.4664540332 27.7366054849 26.283442781 28.7791176018 29.3274020069 28.7954781711 28.1617938511 57.7513739112 57.7513739112 57.7513739112 57.8642756972 28.646900077 27.3125398909 26.1025439141 26.2938389149 27.3903619971 26.9875573503
0 0 0 0 0 0 0 0 62.3195812271 62.9879967022 59.5339409618 59.5339409618 59.5339409618 0 0 0 0 0 0 0 0 0 26.5072571186 29.4200220476 29.2184504686 25.5448073376 25.0084186725 25.0619632977 29.0302167383 29.0828238895 25.8396853123 25.4106255383 25.3390600614 24.8182015732 25.2371407351 27.9551712802 26.9024387127 28.9349531129 25.8491454412 28.3893117799 25.6608560095 27.8528217969 28.4270299059 27.4750077251 28.0895824509 26.1150130948 27.7366479178 45.9082480989 57.7513739112 45.9082480989 42.6283373171 44.6716427714 27.1174260626 24.8634021908 25.4401696261 28.6824519812 26.1660165803
0 0 0 0 0 0 0 42.9091271911 42.9091271911 62.9879967022 62.9879967022 50.8546560167 0 0 0 0 0 0 0 0 0 0 27.2723637214 28.2893141656 25.381912465 25.0849753692 28.5276261172 24.8949568448 26.5247537449 28.2852314791 24.7925203516 27.5151712368 26.971403899 28.5039476123 28.446082545 25.7375799898 28.7940209582 25.280911051 25.8737375217 29.1308743409 28.624076933 29.4211002698 26.413298988 26.9938957736 29.1167723139 27.6593473885 27.0045371912 19.7746765222 45.9082480989 65.4000565681 65.4000565681 28.5823921687 25.1924974889 24.6764824762 25.3439868351 29.1233415517 26.886551884
0 0 0 0 0 0 0 42.9091271911 42.9091271911 42.9091271911 62.3195812271 0 0 0 0 0 0 0 0 0 0 27.0728211849 25.7625928017 27.0807708302 27.7906842154 27.4658387947 28.6673317893 25.5170179914 26.3678667826 28.3208168593 27.9172971798 24.7483758575 24.8916886455 27.8684059153 27.9847437292 27.2456777914 29.3002549628 50.8719860766 41.55510101 42.0299289205 48.0849496589 26.2534048039 29.3082204583 49.1102759253 48.0353401011 28.8224215403 24.5852020371 66.534265932 66.534265932 65.4000565681 65.4000565681 42.1857945092 60.6004796818 26.8678704329 76.3115342799 27.1859511516 47.6820069672
0 0 0 0 0 42.4616432375 42.4616432375 41.5839877636 41.5839877636 0 0 0 0 0 0 0 0 0 0 0 29.2688171752 27.2774869714 26.8391683516 28.9390565157 28.5762803515 27.8094761823 28.1501835257 26.067753383 25.8985665161 25.6666821518 26.7537981569 24.9202742095 28.1707397875 28.3148372118 24.8782273562 56.7177425533 29.3078079801 26.4576739768 51.9316883825 51.9316883825 28.3700876682 65.9756512642 65.9756512642 61.4766635496 61.4766635496 36.9178712506 50.4824936025 46.5156098383 46.5156098383 57.3953229025 57.3953229025 63.1294315676 57.52239435 51.7558800538 51.7558800538 51.93667596 51.93667596
0 0 0 0 0 42.4616432375 42.4616432375 42.4616432375 0 0 0 0 0 0 0 0 0 46.2433281802 0 29.3650468725 24.5798166275 28.9763135225 26.4338930555 25.9297625696 26.118288703 27.812048617 27.4899951552 29.0931325553 28.0400186133 27.9567373078 26.6597728313 25.8612244611 26.7216609467 45.2093985253 45.6297366215 56.7177425533 56.7177425533 27.2437280193 51.9316883825 51.9316883825 65.9756512642 65.9756512642 65.9756512642 61.4766635496 61.4766635496 36.9178712506 50.4824936025 46.5156098383 46.5156098383 63.3576903591 57.3953229025 63.1294315676 57.52239435 51.7558800538 51.7558800538 51.93667596 51.93667596
0 0 0 0 0 0 0 0 0 0 0 0 0 0 0 0 46.2433281802 46.2433281802 46.1376829441 47.1594175295 28.1325162254 25.8882391562 29.3938634654 25.5236514174 25.0242786621 28.7656544756 27.302326382 24.9709081332 26.1280600855 26.5569152446 28.8458326421 25.9371730972 73.1874887663 73.1874887663 24.9540187528 45.6297366215 45.6297366215 28.5056343539 41.55510101 68.9820944134 26.7672678803 65.9756512642 41.544613305 25.431632696 48.0353401011 36.9178712506 26.0007306353 50.4824936025 63.3576903591 63.3576903591 63.3576903591 63.1294315676 60.6004796818 26.6398466303 50.9139176547 58.9568025748 51.93667596
