Spatial_Output/BAU/BAU_0319.asc
NCOLS 155
NROWS 192
XLLCORNER 196307.867259
YLLCORNER 449144.565805
CELLSIZE 33.573938
NODATA_VALUE NaN
[rows 25 to 49 of 192, columns 57 to 113 of 155]
36.2191004272 36.5546248672 36.4808847862 62.8086972063 62.8086972063 63.9090494433 63.9090494433 36.3041341572 73.0532888672 73.0532888672 73.0532888672 36.323725578 36.3844240788 36.5265587963 37.3790826327 36.2512413433 36.0145632639 37.2340341473 36.0425461483 37.1451108998 36.1176595767 36.3202240863 36.2820894934 36.7036032283 0 0 0 0 0 0 0 0 0 0 0 0 0 0 0 0 37.1331429547 36.9644019916 36.3456585744 36.1282560709 36.1547122395 36.560544768 37.028627174 36.1064107338 36.6941173076 36.9967071778 36.4875630031 36.8144650709 36.9916763463 36.8349346576 36.0880185129 37.4002010527 36.4034279336
36.6273720774 36.1711779676 36.6324344781 36.7686621616 63.9090494433 63.9090494433 63.9090494433 37.0477596262 73.0532888672 50.8836131142 50.8836131142 36.4715779834 36.7157235262 36.4440786822 36.4797095226 37.3182705767 36.9984917899 36.9243722554 36.2087097147 36.7462379246 37.2171814652 36.3386283066 36.2031000433 36.1556603967 37.1487011776 36.9812075153 0 0 0 0 0 37.2693894387 36.1276523085 36.3433241467 36.4579193944 36.6153400752 0 0 0 0 36.9960022055 37.1328545197 36.9886459214 37.2011761955 36.0436715033 36.5655453615 36.4871251729 36.0120967561 37.1292270689 36.5548142794 36.5010756383 36.2451014864 37.376544487 36.7795621508 37.2791437474 37.3690316995 37.2858739322
36.0529973822 37.0010335852 36.469141737 37.1329023001 66.0390799652 66.0390799652 70.0540176615 70.0540176615 70.0540176615 50.8836131142 50.8836131142 36.1180079184 37.3532427916 36.408665438 36.0558878059 37.2437419372 37.2415757747 36.479494861 36.1391827723 37.2185552805 36.7000063235 36.1987261138 37.4042248272 37.3358318025 36.8337555502 36.1077496498 36.2041361056 36.2937012579 36.3323245203 36.1377441368 36.5206789402 37.1681276867 36.3483451015 36.0860159182 36.6052132848 37.2228356622 37.2508074601 36.2929268029 0 36.4132883824 37.0473069096 36.5722935351 36.457436703 37.1823125543 37.0967803426 37.3096326173 36.9315415586 37.0349446471 36.1396919538 37.3068316874 36.7159297435 36.1496646183 37.11612883 36.5371386149 37.380768522 36.9131808421 37.0692527808
36.7307072452 37.0511110498 36.0205169405 36.9160693282 66.0390799652 66.0390799652 70.0540176615 70.0540176615 37.1083650701 58.1097771302 50.981707693 36.692333235 37.24761931 36.5792973576 36.2521858961 36.7216754895 36.0108793803 37.2866182027 36.8479979121 37.2195363157 37.0216507242 37.292655952 36.4337464416 36.4016810936 36.3935158742 36.3998633899 36.3928126507 37.0344146949 36.4414340895 36.0244074859 36.7227331799 37.270411105 36.4860428607 36.2228977284 37.2051783253 36.8072632303 36.2135339597 36.8692122329 36.7918512898 37.0276481046 36.9382949258 36.1828564812 36.7849829871 37.1175999022 36.5448975096 36.1713897029 37.2615897551 36.6434234071 36.6364756761 36.5844284911 36.1632412253 36.9749209721 37.3498876594 36.0937501963 36.8824265152 36.3222117547 36.6729479706
37.2141384564 37.3493445598 36.5630617027 53.1547878255 53.1547878255 52.4374510906 37.1060842024 36.139736782 51.7349295477 59.616391232 68.015854232 68.015854232 36.634085247 36.9523950585 36.9656151071 36.0316990353 37.3078560704 36.9358018867 36.7558637077 37.0395461144 36.4555273564 37.1224795129 36.9099515303 36.4911613692 36.6757857174 36.1770266134 36.9325249527 37.4074238962 36.8811699513 37.4056947953 36.3556433548 37.0497099828 36.638389213 36.8553099347 36.2944054071 37.1808178328 36.5500678671 36.079322939 36.9549074533 36.9537283189 36.5953976251 36.4914298558 36.4028537455 36.8580291935 36.2343184624 37.370725499 36.1356324543 36.0672605613 36.8493157982 36.1663181214 36.2514815685 37.0791518408 36.3745856137 36.9855570563 36.3003727619 36.3880737088 37.3499465512
36.3924881675 36.8855689646 37.4059872594 53.1547878255 53.1547878255 88.1356055345 36.0563975708 36.9308325257 51.7349295477 51.7349295477 68.015854232 68.015854232 68.015854232 36.8515648333 36.0891549553 36.2221984181 36.7538272647 36.3947898564 36.1835609291 37.0021902977 36.1419199469 37.2009934743 36.1060510118 36.0566067737 36.2376633039 36.9068973956 36.191033751 36.9030436687 36.35156579 36.024592329 36.2982249906 36.3258278417 36.7176317389 36.0525428689 36.9484407497 36.5533633205 36.1491569661 36.3529274979 36.1061708271 36.4515327663 37.3581504667 36.9978980037 37.2152316866 37.2705300757 36.531203446 36.2374043953 36.7833529412 36.472846915 37.2451117194 36.0604638188 36.1852201036 36.4194567876 36.9165223837 36.0003169728 36.8385934251 37.257625272 37.1930822384
36.0636393835 36.7952602937 36.8847174134 36.335356822 59.5874391303 59.5874391303 59.5874391303 36.1108368876 36.0825377625 74.8704980045 74.8704980045 74.8704980045 36.7505259814 36.6064177196 36.9807343541 37.4002030021 36.7567629901 36.5576133461 36.7927413828 37.3575978805 36.0332512108 36.2857930835 37.1811622355 36.2244240603 36.2542472809 37.3831551423 36.5481370122 36.0600252588 37.257706762 36.2542255843 36.0971749048 37.2256588698 36.5951635383 37.3912002168 36.1552382043 36.1540559019 37.2808460911 36.4851775483 37.2631503596 36.4474937483 36.1886382685 37.2164918498 36.1522844092 37.2010076665 37.0726176148 36.0503637849 37.4126476324 36.2326204551 36.3753915193 36.4186118079 36.8526511594 36.6104833291 36.9845516935 36.3874218664 36.6606067613 36.551345988 36.879323129
36.9601600985 36.9067050805 36.5798753507 36.6826470984 59.5874391303 59.5874391303 61.229868931 36.362937853 37.0172204149 36.388009021 36.7455570966 37.284742062 36.1549430459 36.0105215663 36.4606595789 37.3860323304 36.1761721026 36.3264781192 36.040784436 37.1068682496 37.2266653033 36.0169075524 36.7820721625 36.8573308009 37.261694939 36.62462533 36.1057035484 36.8892239156 36.1611398749 36.0673481338 36.453400476 36.3975925225 36.3104640005 36.1792155639 37.0690672889 36.805125568 36.3510910306 36.463041535 36.9261489673 36.025027786 36.4850948506 36.7178235343 36.4197969348 37.3928588739 37.0226776008 36.9064675462 36.9889399213 37.1818693388 36.0234679005 36.4784069802 36.1837033616 37.3631057122 37.278072287 37.1118726511 36.547439866 36.1135146298 37.2210346458
36.808428652 36.0767763977 36.8235568819 36.8878118681 36.7236646826 37.3707609781 47.1098074913 36.8506346937 36.1701320977 36.8397986502 37.1539620468 36.2731654385 36.0937590006 36.7002010138 37.2710897323 37.3822353585 36.6387912115 36.6831742349 37.1805686627 36.866111863 36.2907729891 37.1520256844 37.2393901042 36.0288670217 36.8018306065 36.7313861679 36.0947624244 36.0043602824 36.672191653 36.9674874407 37.1537744103 36.8474368218 36.8200716264 36.2441268813 36.4370437866 36.6644265067 37.1957010075 37.3267348922 36.3139413336 36.5870722681 36.222499181 37.2358850077 36.8484701409 36.8748772936 37.1698194861 36.5161561492 36.9790926937 36.9153750993 37.1064419901 36.2520966795 36.3665617509 36.7717899792 37.3222632594 36.8301927268 36.9905987078 36.4332278178 36.7030142918
37.308608209 37.3853394057 36.8960279972 36.9135569821 36.2377504822 36.6614602921 54.7210527907 54.7210527907 54.7210527907 36.4349000975 37.1709004415 37.3332644272 36.3417149344 36.4316945019 36.088694925 36.5543711135 37.3897823994 36.9592603128 36.8085992709 37.1510329534 36.8658470802 36.9597777462 37.1046117269 36.5745917536 36.3865747553 37.1272494811 36.3729476014 37.2946133289 37.3291276056 36.9716123555 36.8105086689 37.084959788 36.3892941045 36.1590735092 37.2377058337 36.6714768697 37.3011717197 36.2662636981 36.3560580283 37.0054711176 37.3288918518 36.6038830102 36.1860986932 36.7783577279 36.6748596739 37.3113574974 37.2403753424 36.607198593 36.0556411152 36.9671035824 36.819594431 37.3490323932 36.0181422671 36.726491034 36.1203298446 36.1409791315 37.2733957454
36.3826012971 36.3123381532 36.0008898002 37.0984232592 36.6507270264 37.1202565946 54.7210527907 54.7210527907 45.2683988863 36.2973303713 36.1518604785 36.0569913451 36.2463088797 36.0756912376 36.7775116204 36.5172088562 36.8999971792 36.083820967 36.1940791295 36.6427095794 36.3574439032 36.5438163415 37.1279400342 36.619618545 36.425106527 36.7360238862 37.039898234 36.8585896005 37.2232246338 36.4244091419 37.2444446433 36.3920653908 36.5603607414 36.8739689624 36.1689838847 36.7528912728 36.9143172873 36.9115717605 36.1787885188 36.6017940447 36.5556631467 37.2762776224 36.6837634529 36.0971667123 36.2741012058 36.2307907091 36.2624225368 37.0038931432 36.3668942926 36.3728839584 37.3751671016 37.1748848543 36.6534296245 36.3686303854 37.1609564157 37.1623511504 37.3959282897
37.4045664663 36.907862164 37.2988202077 37.3463039267 36.2565922694 54.5339806355 50.2376958624 50.2376958624 37.2655034455 36.1476553904 36.752687349 37.2250479353 37.3723746512 37.3665771692 36.5188017506 37.118557205 37.340877394 36.7967879376 36.5458003639 37.044953878 36.4388160195 36.9404795607 36.2795405756 36.7328032673 36.3597010228 37.3125921962 36.0749384795 36.0809979726 37.3003637606 36.170477381 36.1638275734 36.1161803179 37.1198888779 37.0176447346 36.969043492 36.9452848149 36.5910006737 36.8298248906 36.0512971966 37.044324152 36.9970146821 37.2286777773 36.8403702418 36.0800540311 36.3938344197 37.0611209868 36.9825384816 36.7353680512 36.6878646746 36.3693885911 36.1906675599 36.3332133016 37.2378736476 36.9563416234 37.2537803892 36.5589382871 36.4585586516
37.1419848292 36.1755069013 37.3446502873 70.2631111027 70.2631111027 50.0241818939 50.0241818939 50.2376958624 50.2376958624 37.1589332666 36.9038015215 37.3656212273 37.116679493 36.5804235041 37.4108758434 36.8418778563 36.7811000819 36.4152347859 37.0177200935 36.0962265768 36.2928780581 37.0250900691 36.1853898428 36.2578821622 36.9751970866 37.3917690105 36.6865170709 36.3790753537 37.2628766326 36.0364431096 37.2809357832 37.4122966408 36.5479541234 36.10894078 37.1767073317 37.3314086345 37.123789921 36.8985777124 36.5890662004 36.6510232001 37.1143156794 37.2030997219 37.3414228887 37.2322764191 36.185860862 37.2177799761 37.064486138 36.2436422836 36.8826502459 36.3859922281 36.8567769643 36.3071779213 37.3247416882 36.4045384964 36.2876585666 37.084586543 37.0248264694
37.3630537151 36.787327782 37.1048468971 36.2456081328 70.2631111027 50.0241818939 50.0241818939 64.1420886751 36.791446198 36.732934917 36.7381304488 36.5049055847 36.9579340488 37.3856469902 36.3019299046 36.2087512541 37.3607449819 37.2940064071 36.9593442943 37.0129423257 36.7594481683 36.2551805139 36.5541454934 37.3990658471 37.1833444998 36.3949717254 36.3135205228 36.9541207248 36.3087366478 36.9862724322 37.0296210219 36.995057187 36.801425017 36.1364427064 37.1135177337 36.1416332784 37.0890297518 36.4465301495 36.0705695431 37.0491223181 36.7209486423 37.18764758 37.2282593652 37.1972441804 37.0209545843 36.0985425769 36.5071038945 36.5788560083 36.6392351212 36.1707837466 37.311315672 36.0814582869 36.2664536924 37.3668338995 36.8920092909 36.6655992919 36.6148163056
36.4713288721 37.3793316083 36.857833938 36.4829288754 36.8522711504 70.2631111027 36.4499596664 36.2901586157 36.9377649103 36.3133658646 36.646773618 37.2993087557 36.8307135031 36.1432513201 36.9421573851 37.3183388034 36.7905941379 36.012728742 36.6337032669 36.1257137187 36.7362058285 37.1094925099 36.3701769264 36.0373226466 36.0383374862 36.6164967892 37.4124132125 36.6938133288 36.5788239127 37.0271530631 36.3561573032 37.1080775187 37.3073060507 37.2216995618 36.663964461 36.4284845139 37.354312513 36.6271980331 36.4892910126 36.1417271465 36.6202868396 37.0534866638 36.8044608558 37.3980612509 36.0788240646 36.6817385332 36.5663877075 36.8375135925 36.3606210648 37.0536534316 36.6036207111 36.4223603305 36.5458357294 36.313176569 36.8144116413 36.6871484542 36.1177930936
37.2555624749 37.297861826 37.3757149894 86.1797083852 86.1797083852 86.1797083852 36.6829353851 36.8993706582 36.1926683421 37.2286132177 36.6178632303 36.2643779749 37.2644688285 37.0661131631 37.1512216356 36.3081516752 37.3787640557 36.7017465899 37.0001227665 36.1384380294 36.0282311351 37.2174911648 37.1313927658 37.3839979548 37.4048109609 36.2514429121 36.556642423 36.0716521372 37.2445358691 37.3278992347 36.4952163438 37.358989319 36.0396725553 36.0592985721 36.0825122091 37.1171251013 37.3954228987 36.9282736539 36.935318304 36.7978469951 36.3681044689 36.3385699274 36.6613339592 37.2745382447 36.1381928136 36.3698964292 37.3017331408 36.4686613668 36.7806380546 36.0504526263 37.3661947801 36.6536835726 36.3885112364 37.2946718612 37.3116229519 36.7306033602 36.2139791295
36.1213665279 36.9837793987 37.2764449892 86.1797083852 86.1797083852 86.1797083852 36.9583218858 37.1635202228 37.1939232883 36.3677487608 70.6881181008 37.0148839642 36.696431124 37.0837065631 36.93635845 36.8060849662 36.3921291987 36.7958630903 36.6886535202 36.8685351831 37.2881333388 37.2694127387 36.4471557608 36.9524556857 36.8679312059 37.1739364819 36.15786602 36.0014139186 36.5317132095 36.8818311354 36.825454989 37.0238306158 36.5563738124 36.8161158095 36.1238995448 36.2926001711 36.1861491747 36.9535043927 37.0012079234 36.1649642657 36.2812711857 36.5698294064 36.3570447062 37.1473542008 36.8015569951 36.8189206485 37.0546316541 36.5216932918 36.1843984707 36.4017556065 36.9126507097 36.123775357 36.07483244 37.1620017168 36.117426413 36.1392427154 36.206947001
36.1315114384 36.0824332741 36.6840906365 37.3956886371 36.9611702094 36.0987661452 37.2019815206 36.7966934074 78.1508486983 78.1508486983 70.6881181008 70.6881181008 79.3348448809 55.2273009949 36.2350577506 37.084343125 36.8774843465 36.5165832838 36.784986918 36.0916045796 36.380743392 36.2326771659 37.0216697796 36.9899798812 36.0574710372 36.4951818204 37.2972138232 36.1470514964 37.1063487738 36.9325783386 36.2843853652 36.3238306226 36.2918190295 37.145434961 36.9129721762 37.3527799783 36.6533135629 37.001814895 37.0618575593 36.0027750153 36.4085186921 36.5175847854 36.0964254885 36.0717065809 36.8203249048 36.5856234007 36.3474660987 36.6750705122 37.1471450702 36.7103176174 37.279413568 37.3826456038 37.0103874694 36.3751035231 36.5972571061 36.7692460687 36.0550813202
36.0483624735 36.8876224043 36.223384511 36.3582329431 67.8564783607 36.3004377877 37.3716584401 36.8769305488 78.1508486983 78.1508486983 78.1508486983 79.3348448809 79.3348448809 69.2496876534 69.2496876534 66.6901703404 36.275996765 36.3835208836 36.1672744002 37.2858922812 36.1357890276 36.3516441567 36.2385593116 36.3818449913 36.1549216632 36.3659214399 36.0246640449 36.4875279786 37.1036887778 36.2983447607 36.4205827209 36.8472802025 36.5058434961 36.2213700417 36.6634466131 36.5358106599 36.1572467298 36.3505610627 37.3792124392 36.8798488754 37.314387153 37.0914455423 36.2001688934 36.4291094761 36.5296722716 36.4538883041 36.904873757 36.6731453371 36.1692477003 36.2345028759 36.9040872819 37.2814172228 36.5782934805 36.9632500854 37.0634306615 36.7032912972 36.9544048446
36.6899284888 37.0733262133 37.0662192939 36.2354369836 36.34850835 36.9427951525 36.8769069259 36.4505654723 36.7282909262 78.1508486983 36.0938102998 79.3348448809 79.3348448809 69.2496876534 69.2496876534 36.1834467985 37.3666205379 37.1028746903 37.0431135874 36.7784328018 36.3508360297 37.2406368886 37.1110183823 36.1432567855 37.1069167424 37.07620187 36.3159343068 36.9188307733 36.1931039549 37.2867187323 37.4109538246 36.5003260447 36.7709550656 36.3687064852 36.5366050134 36.978972158 36.2601117119 36.2092866092 37.2504502576 36.2245324522 36.6982271553 37.3215604409 37.0866967011 36.0084819814 36.4804834586 36.8774512973 36.7717142348 36.8479711886 36.5402356545 37.3650239158 36.9104771212 36.1824500486 36.5138236072 36.1615795833 36.6442379567 36.0549670413 36.0359522653
36.8817974067 37.3593604122 36.2283954908 36.396840005 36.0614922142 36.4695329337 36.6746626162 37.1994506829 36.0855714596 36.5829396223 36.6779262423 36.1310944581 36.2070727782 69.2496876534 56.5183043766 56.5183043766 36.480185062 36.3359595922 37.3383293499 36.4232139662 37.0789732352 36.6928470962 36.4597988047 36.3748667738 37.1250909505 36.9423031862 37.1405573867 36.2780180082 36.9888230212 36.3483398268 36.4016181355 37.3573995891 36.654044732 36.4697174982 36.8715005804 37.1525351851 36.9630746927 36.8060715802 36.0820212778 37.1590453528 36.8040440351 37.1055330082 37.3754239193 37.374756148 37.2992218699 36.0910542014 36.0529779376 36.1805451955 36.8524537808 36.2339320446 36.8825551697 37.280739361 36.6309818905 37.0050268787 36.1410298785 36.3558729682 36.3673970555
36.0960667922 36.9381559591 36.5677001329 36.7039844515 37.2600103388 36.6255524183 37.4100804478 36.664522151 36.014904337 36.6227609026 37.3682112139 36.9352779701 36.9436632597 37.0485781507 54.9583073623 74.5300968152 74.5300968152 36.7819961101 37.1880708582 36.4251892477 36.3521800044 36.6377196041 36.4977631267 36.1208496643 37.3777878279 36.0086151837 36.6044094273 36.8620215022 36.4799427394 36.1231851579 36.5509408954 36.5893857886 36.6601579515 36.5614547374 36.9468577895 37.3930418595 36.5658011199 36.6210598227 36.4831108659 36.544348394 37.0793422101 36.1687624304 36.1302796885 36.6689316207 36.7729150507 36.1017835069 37.1947150907 37.1483863513 36.9889720862 36.6593209893 36.1759829637 37.2030161595 36.175961832 36.7957067885 37.1053123775 72.7671579486 36.6371207732
37.0083283736 37.3111037665 36.2489072304 37.1648918843 57.5650565229 57.5650565229 57.5650565229 36.7374356346 36.430721714 36.5595593129 37.2633915663 36.7298169154 36.7086068364 54.9583073623 74.5300968152 74.5300968152 74.5300968152 36.5045141296 37.3905201939 37.2076287366 36.7873896597 36.0456315754 36.4040850949 37.3244159115 37.0969966216 37.2967259802 37.1273604286 36.1931373531 36.8311932048 36.3221216184 36.8087646366 37.1603851029 36.4452357373 37.0253481506 36.7708395055 36.5219463308 37.3655190174 36.3447509135 36.7558641493 37.0955746243 36.1326277328 36.4823372798 36.6408629609 36.5412967885 36.4628904792 37.1996025435 36.2410110328 36.5509811848 36.7600616788 36.4239522422 36.0553874897 36.9378779201 36.5234570252 37.338627265 36.5872637036 36.8293797139 36.8356252973
37.0017528257 37.3184763935 37.2998676613 37.1391374633 36.032383029 37.1729547449 37.396552383 36.6082073733 36.3202036944 36.5802493232 36.522729033 37.0993928092 48.166807459 54.3177779419 54.9583073623 54.9583073623 36.930189782 37.0811947401 36.2506753116 37.0536632436 36.6407045074 37.1457094519 36.1277062128 37.3530559192 36.7858622805 37.2513006276 36.9636017966 36.6750058793 37.0473121713 37.0082284901 37.199274863 37.1269179326 36.8139307834 36.0194266107 36.6141679029 37.1834497401 36.1633777633 37.3733399595 36.4093902821 37.2392214552 37.0675471439 36.7072883144 36.8660372756 36.1116910523 36.05961834 36.5093488123 36.4577608772 36.6387704865 37.1852437011 36.1454750062 36.169707748 36.0166823941 36.6879027138 36.1633800128 37.1506249165 67.5551502594 67.0857131034
36.3541760905 36.5665472938 37.1840988913 36.0936537087 37.2997782161 37.1439751051 37.1173301712 36.3226226338 36.3497231629 36.7137239732 36.9294905531 36.3741105592 66.2656954071 54.3177779419 54.3177779419 48.166807459 36.9317482107 36.9816128725 36.1549070967 37.0546100719 36.0555958563 36.1521076925 36.934805635 37.1054289093 36.9614737372 37.0419285239 36.9823119385 36.9677647097 36.659012285 37.088168212 36.7959319242 37.038492022 37.1765159333 37.3205798642 36.636972748 36.6082718734 37.1651598363 36.7805902334 37.277253406 36.026893943 36.0835979709 36.2275816006 37.3450501571 36.7165904522 36.5456148534 36.0547519304 36.648902965 36.0566158418 36.7091369912 36.8592404849 37.0472964608 36.8193235164 37.018885775 37.2827729531 36.8799982751 80.3744968313 67.006728867
