Spatial_Output/BAU/BAU_0494.asc
NCOLS 155
NROWS 192
XLLCORNER 196307.867259
YLLCORNER 449144.565805
CELLSIZE 33.573938
NODATA_VALUE NaN
[rows 25 to 49 of 192, columns 0 to 56 of 155]
0 0 0 0 0 0 0 0 0 0 0 0 0 0 0 0 0 0 61.7286848938 57.1400462896 19.8253499439 19.8253499439 20.6722030907 47.4872820435 36.604965811 55.6829248652 55.6829248652 55.4513273745 28.3791315344 27.6784479045 27.0766189196 27.5742006196 28.1306895318 27.4542045099 28.1197588192 27.4304059724 27.289064434 27.5359505649 27.6138965073 27.491692055 27.4846552747 28.4062917084 28.2341066902 28.1543313189 27.6352469777 27.2421724975 28.0397360184 27.1002209046 27.2680590749 27.5585819692 27.5832741679 28.3324321113 27.2328372873 27.5885342768 28.1235027891 27.3735565362 28.358381325
0 0 0 0 0 0 0 0 0 0 0 0 0 0 0 0 0 0 0 0 0 27.0319408334 40.3553613494 27.9575253002 47.4872820435 55.6829248652 55.4513273745 55.4513273745 39.9072178969 27.1133506031 27.1829848912 27.1141532575 27.4462941544 27.5627921288 27.6713497198 27.7884855763 27.0693914818 27.5734168527 27.6112154893 28.1641633252 28.3063982004 28.411061825 27.7517735105 27.2924020899 28.341474201 27.1627701821 27.0798324747 27.8819486891 27.5812626273 27.6365415855 27.3288848708 27.5092178588 27.33572852 28.3349353615 27.3904276196 28.0187473213 27.5271137805
0 0 0 0 0 0 0 0 0 0 0 0 0 0 0 0 0 0 83.736513865 27.0162577095 27.5351177067 27.4750771189 27.6241515698 27.4396394306 27.9109518634 27.2911898268 55.4513273745 53.0343608843 53.0343608843 38.1104307584 38.1104307584 28.2035393654 27.589020997 28.1173417398 27.2139166961 27.2006492563 27.8166933154 27.1138587372 27.5399604754 28.1710948688 27.0048861398 28.4117887692 27.6838343297 27.0568878321 28.0782756657 27.3918693005 27.2232917377 27.9012581374 28.2669615175 28.375113984 27.4572279823 27.3154157745 27.1831214594 28.2067466629 27.9374347374 27.0584072976 27.7336379776
0 0 0 0 0 0 0 0 0 0 0 0 0 0 0 0 0 83.736513865 27.5295494446 27.2319756362 27.3458145792 27.720723659 27.1847451662 28.3886514124 27.3455669639 27.8629070277 28.241350112 53.0343608843 53.0343608843 38.1104307584 54.3046163682 54.3046163682 27.8351144934 28.0084568605 27.7833850458 27.3177561509 27.2255065729 27.1911177012 28.218626478 27.972929931 27.5364225098 27.5785110926 27.6463407729 27.0562829423 27.3828276797 27.4776827443 27.6626161771 27.0226823672 27.512399532 28.0145121634 27.2087369686 28.3160878543 27.2024457713 27.5196048727 27.2664616933 28.2125895449 28.11981746
0 0 0 0 0 0 0 0 0 0 0 0 0 0 0 0 0 28.1500011109 27.2813135582 46.841997067 44.3709684956 48.9514248592 28.3272283627 27.7208626259 27.2283248096 28.3057594375 28.3844303535 41.4448837222 38.1104307584 38.1104307584 41.3164503785 41.3164503785 41.3164503785 27.6278253349 27.3350357566 28.0398137696 27.8217379564 27.5556521578 28.3010732531 27.235332765 27.8942944003 27.5259299662 27.6954847275 27.5806948074 27.0555552671 27.1003601982 28.3727699795 27.5299110678 27.8902196329 27.9292925106 27.2975291894 27.9748525328 27.6827017135 27.7041842042 28.1381783719 27.4954883443 27.2826592323
0 0 0 0 0 0 0 0 0 0 0 0 0 0 0 0 27.4213533291 27.8622332355 27.6301650911 49.1224640093 47.8872493313 48.8936737829 27.2762804473 27.4434899685 28.2464267849 27.8331778056 27.1505817898 28.086547186 27.389386439 28.24458283 41.3164503785 47.8077349939 47.8077349939 47.8077349939 28.3496765722 27.4940687413 28.3774830394 28.3352824872 28.2978149567 28.0906158036 28.1238242656 27.8870263312 27.0774331027 28.1032857934 28.0235117176 27.2943638176 27.1952086555 27.6038741349 27.2886833882 27.1646272465 27.415524589 27.1249047764 27.1500416904 28.3438448404 27.1070304996 27.9158293623 27.6405634858
0 0 0 0 0 0 0 0 0 0 0 0 0 0 0 27.4402679564 28.0727267861 27.4373215725 28.2552228361 46.3137232656 45.4523568576 49.1761413338 44.1273062437 27.0114767117 27.7520605156 27.4879178225 27.6026038718 27.717286928 27.6415409095 27.5598971255 41.3164503785 47.8077349939 47.8077349939 61.9530697983 61.9530697983 65.7885057058 27.6676569636 27.7721422815 28.0992945536 27.0019244698 27.8972969715 27.0381639852 28.2323995591 27.1106559019 28.1582733255 28.1719898699 28.2584696068 27.6263958924 27.6955168292 27.134985886 27.551647015 27.1118398717 27.5850378946 27.0528038392 28.1855011292 27.453299241 27.9330812403
0 0 0 0 0 0 0 0 0 0 0 0 0 0 0 27.9760309737 27.4627029482 27.927272939 28.1379125877 45.4670006212 45.8590113001 44.0413243057 42.2835981432 28.0257978551 28.0284475289 27.3582295322 28.2371692594 27.020698907 28.2939536332 27.8247822333 27.0225668812 47.8077349939 61.9530697983 65.7885057058 65.7885057058 54.5466548976 66.6413172833 27.7431824283 27.9390026227 27.9608588225 27.9089247483 27.9159392086 28.0069231531 28.0913222376 27.5449979225 27.2306509796 28.3597669147 27.2363961714 27.6640124044 28.1013795486 27.8523232573 27.9081913367 27.9355059953 28.0291524036 28.2251332377 27.2951845609 27.2382173363
0 0 0 0 0 0 0 0 0 0 0 0 0 0 0 27.7199413212 28.3181452246 28.2192407428 27.7487228678 27.8427192425 43.9842523963 41.75905411 45.4363232264 63.9470689713 27.9153536208 58.3727173167 27.5793555842 27.8647131963 27.0849966115 28.1860198721 27.5220061966 27.5052899553 27.3360425404 65.7885057058 66.6413172833 66.6413172833 66.6413172833 54.2832343607 28.3890221942 27.1662935243 27.9564852777 27.8844959894 27.5051464312 27.4366556853 27.205540183 27.4794875525 27.3830306793 28.1693576448 27.2356744928 27.4777110624 28.2392279941 27.2275609818 27.1795855493 27.1065763559 27.466511145 28.2300351261 28.4077258087
0 0 0 0 0 0 0 0 0 0 0 0 0 0 0 27.0650971663 28.0829560541 27.825782732 28.1086419443 27.8837433615 27.6950306977 27.1684642091 27.338400317 63.9470689713 45.9503728351 45.9503728351 28.4118631273 27.8326674731 27.735657191 27.2706306433 27.2255506174 27.3542725328 27.3033503216 27.7396665063 66.6413172833 66.6413172833 27.3875134871 28.0318454281 28.0239826278 28.3139754634 27.6541722343 27.4619022619 27.1816771838 27.1474381023 27.9954836435 28.2149333716 28.410086993 27.0997196003 27.4808379478 28.23764435 28.259416423 27.3199178265 28.3392035565 28.3868622976 28.1341481135 27.2712874189 27.423313807
0 0 0 0 0 0 0 0 0 0 0 0 0 0 0 27.5302094151 28.2591878174 28.3340560929 27.3538407843 28.0601591877 28.1595095724 27.2369244394 63.9470689713 63.9470689713 45.9503728351 45.9503728351 27.738105435 28.1884662964 27.0672773877 28.0335745415 27.1602798572 28.0548584072 27.5578697334 28.3326435617 27.2889983527 43.9075154178 43.9075154178 53.9387124523 27.9669684276 27.9436150845 27.4532251204 27.4348825567 28.258915212 27.0138202683 27.2542639174 27.499285005 27.2287452428 27.732483973 27.5410342606 27.1707134656 28.1352439701 27.0511525662 27.6789707698 28.1915467055 28.3000077896 27.544863787 27.7891913181
0 0 0 0 0 0 0 0 0 0 0 0 0 0 27.7398461198 27.8740733617 27.3337331462 27.5822680401 27.3096326794 27.8285752283 28.0660206461 28.3960255395 27.3758087509 27.2373887815 48.9647277297 27.6755796619 27.3013340353 27.7646830741 27.7604006747 27.6096710853 27.605685512 28.105106401 27.7133675979 27.1170470381 28.0060389589 43.9075154178 43.7240527615 43.7240527615 28.1389892332 28.4056886748 27.2387266545 27.1682029558 27.0515705188 27.5776474457 28.1285966017 28.0175179332 27.4328058494 27.7832254815 28.3416377551 27.6142654788 27.0111882223 27.6213614476 27.0583326823 27.7110475584 27.7710209783 27.5420009383 27.8916576634
0 0 0 0 0 0 0 0 0 0 0 0 0 0 27.6997176981 27.9032118249 28.2378716038 28.2211779127 27.2539609405 27.8495741676 27.3985375207 27.9554528127 28.4112662343 27.9821893533 27.6408257067 27.2079499177 28.2801780826 38.3132443796 27.1482979434 27.4474019252 28.2030024359 27.1120723191 27.4562396765 27.9175299832 27.8237144507 43.7240527615 43.7240527615 58.2856204013 46.7685854754 28.1520839334 27.0286409793 27.2557056323 27.0816117678 27.0382423917 27.1518922859 28.3735685348 28.00980029 27.2240447553 27.7696178284 27.9674705166 27.0673655678 27.0886630679 27.1785013443 28.2399316552 27.1693685202 27.3098166203 27.6646798002
0 0 0 0 0 0 0 0 0 0 0 0 0 28.0424431319 27.7746458362 27.4846336617 27.9133562434 27.4307513406 28.0215931015 28.1434760239 28.1803471026 28.3863751158 27.2030800823 27.0933152891 28.2377864331 28.0395921409 27.7364102259 27.0417663903 28.350705972 27.8514575761 27.6358677552 28.3503158093 28.2500873421 28.0613352519 28.0334950561 43.3528684649 27.1767542921 48.7304086515 48.7304086515 27.8638738203 27.1686495934 28.2707743361 27.3642427171 28.3724887982 27.6653966405 27.6368141643 28.2132638903 28.2111425223 27.6182222683 28.003233074 28.2590012974 27.911587675 27.1523784115 27.7682165781 27.1617337906 28.0746303585 28.1824524613
0 0 0 0 0 0 0 0 0 0 0 0 27.744903632 27.8366078596 27.8464886827 28.0774455138 27.564314213 27.3696965655 28.1128978924 28.1973912358 28.3410691143 28.1421145339 28.0502081203 27.5612446196 27.16754635 27.9791266706 27.5698841045 27.9173747054 44.3860363444 50.3707003139 42.2803161259 28.1113313083 27.9070732962 28.4035101702 27.4134756886 28.1819987338 48.7304086515 48.7304086515 48.7304086515 63.7875402508 45.9138366077 28.0277368118 27.641463866 27.5949579709 27.8645504258 28.294662084 27.6649769877 27.7461171621 27.7744742891 28.3079224412 28.1792280083 27.6098708041 27.7362208757 28.1467517292 27.1436384495 27.501454383 27.6469711339
0 0 0 0 0 0 0 0 0 0 0 27.7129118255 28.0073035931 27.4450161212 27.9950840621 27.6848614375 27.5560453474 28.0455088283 28.1267515659 27.1820776422 28.3032743589 28.3691812006 27.3667051074 27.7800313385 27.8462658447 27.9660228866 27.0105944434 27.0662197027 49.7178021952 43.5109290551 51.7687111224 27.9737382709 27.8019435432 27.2255299724 27.3369736583 27.7468226531 27.6580548314 63.7875402508 48.2673211911 48.2673211911 48.2673211911 27.9679195852 27.2690462632 27.6498727631 28.1670663174 27.5295595836 27.8370189858 27.3415726121 28.333483873 27.2297084774 28.1326628464 28.1307286953 27.9531830125 27.938420422 28.0317258061 27.2190319896 27.3799501673
0 0 0 0 0 0 0 0 0 0 27.4330840948 28.318577696 27.1133171287 28.0229024097 27.4372760498 27.9330195081 27.3848077004 27.4457928975 27.6309137349 28.2322322963 27.1955564588 27.797882394 27.5058644531 27.3727586375 27.9494348463 28.4063248178 27.5945619351 27.7319791528 51.0830872679 49.7830202206 42.4282847699 27.5564769028 27.5951646414 27.7482067805 27.4028827298 27.6085679452 27.8133266852 28.2325289652 48.2673211911 48.2673211911 45.9526239784 27.3589255315 28.3960151339 28.2293585539 27.1430085089 27.4370173255 27.476508494 27.2852576778 27.3059320744 27.7173555254 27.0303826372 27.5868601643 27.8167287343 27.4528301719 27.9917384061 28.2897500493 27.1611970321
0 0 0 0 0 0 0 0 0 0 27.0952374229 27.7365512375 28.1625335418 27.6019831787 27.7039152895 28.1449852216 27.1106456782 27.7774960006 27.2172705158 27.1135297397 28.1429637567 27.054384595 27.2068501866 27.6083859902 28.1606880939 28.1398650118 27.710310063 27.6911564761 51.8572370927 47.0654070405 42.1572659203 27.6752655266 27.0742023424 27.8112921224 27.5370466079 27.7996000691 27.3260229962 27.8737384279 61.7453581271 61.7453581271 61.7453581271 27.0542165035 27.2202882159 27.1375898313 27.1222191019 27.8907351115 27.2343847964 27.8792240071 28.3944328283 27.2649057949 27.0068873796 27.7677375384 27.7446001545 27.911466404 28.3224635729 28.1568829551 27.0239595649
0 0 0 0 0 0 0 0 28.244224475 27.0724274496 27.996694247 27.9410717849 27.8642990895 27.8924520862 27.9992967369 27.2809258176 27.6084254652 28.0320286329 27.9295167276 28.1930799545 27.7211073241 27.9584343449 27.4319185725 27.1726660476 28.0386401084 27.2895132968 27.283589193 27.9067594877 28.3493253075 27.5266049147 27.400675169 80.3946256697 27.1698105587 28.2825050643 27.0638440575 27.2976701062 27.1569310037 51.5247574041 67.0524788837 67.0524788837 49.7751763561 27.1831796234 27.9811632255 28.3412194258 28.0976337264 27.8562613417 28.1307636576 27.1172990605 28.2044670685 27.6332806188 27.9880720024 27.8113503042 28.1979651878 27.0577195046 27.3325911299 27.5676457355 27.3957089239
0 0 0 0 0 27.3869258101 27.5358619493 27.4428656766 27.5169939405 27.573345249 28.0307455697 27.3947042371 27.9396404602 28.1936202067 28.0845742295 28.2033714969 27.5395873423 27.6314417925 27.7816246627 28.053570178 27.5994082338 27.3401614044 27.5837595644 27.0815141224 27.8868220261 27.130314601 27.4170957483 28.2749538276 27.1844033635 80.4877871173 40.1048484334 40.1048484334 40.1048484334 27.1464140129 28.2842136566 47.4007934639 47.4007934639 27.2741847661 67.0524788837 67.0524788837 27.5516504702 27.1872677438 27.7452503654 28.0984095685 28.1650509523 27.223160932 27.1959501354 27.7375917537 27.9492487223 27.176111924 27.6513069116 27.8911203591 27.6293019711 27.5616991646 27.0928150373 28.1477115937 28.4095530869
0 0 27.9116582884 27.3956158325 28.3648335784 27.9635193794 27.9522513162 27.4231625472 27.7121188793 27.6237757628 28.0111065044 27.1003143076 27.0856098877 27.824614069 27.6969645981 27.9619211159 28.2920967213 27.4226993884 28.2827923758 27.4660339681 27.5164434787 27.5920497977 27.0690434829 27.837458957 27.8275382813 27.9255164783 27.6227589545 27.6113403983 28.0450301185 27.0642006736 40.1048484334 40.1048484334 46.7969529822 27.5499511037 27.5072366015 47.4007934639 47.4007934639 47.4007934639 59.2667612526 49.3489973702 27.4616117765 27.2243483286 28.0970961862 27.7062138531 27.7015529581 27.1681057205 27.8607890309 27.3659852441 27.8048392351 28.1935941987 27.1188674262 27.3391626769 27.3409914101 28.4055963093 27.9556908476 28.2532207981 27.5362281359
0 27.4981307024 28.1590279201 27.5239641984 27.7542488579 27.3073430696 27.8137438125 27.175701895 27.6181474292 27.2365530734 27.5337811409 27.0710556393 27.5358033206 28.0809282332 27.9461170294 28.4123176556 27.8307640706 28.2420805086 27.0562424693 27.5384806233 27.8895460518 27.8763682299 28.1741808313 27.84262615 28.057922404 27.7364107002 27.9609505899 27.6106267793 27.8186235329 28.3572849422 87.5098719588 58.2558544704 58.2558544704 27.442006469 28.406236545 53.1198822959 47.4007934639 51.7195485089 51.7979397736 51.7979397736 28.2119632615 28.1939019514 27.9721413114 27.5806988919 27.3463902198 27.4924789623 27.3700123107 27.7544451639 28.0254490891 27.4134608546 28.2960731481 27.6310519988 27.6799964036 27.5474862322 27.7937779023 27.6722286148 28.3856787999
27.6291592758 28.3543682144 27.1033193601 27.0354139675 27.1170804972 27.6599903481 27.3382450956 28.0610553107 28.3802560198 28.0111368042 27.7967341229 28.0958378486 27.1024271658 27.0355154308 27.4274274596 27.332478636 28.2101779216 28.2023931065 27.8174400578 27.2768292705 27.1011699204 27.075928201 27.8127642145 27.4058075976 28.113259257 27.3420048404 27.1289248716 27.3844173973 27.9084370484 87.5098719588 87.5098719588 50.765996551 50.765996551 57.0590266012 61.2329079233 55.6615365098 55.6615365098 53.1198822959 71.4681523039 51.7195485089 27.2756433672 28.0566726579 27.2166449296 27.3514020332 27.1341443228 28.1909005034 27.7943189909 27.14007879 27.2449060834 27.1813874614 27.6641410815 27.3308738336 28.0339177628 27.8171826962 27.6861124386 27.7018198297 27.0303164509
27.1284220563 27.5407424687 28.102584448 27.0136446267 27.4625006213 27.8591028424 27.5296601928 28.3925447262 27.6820694073 27.743408877 27.0181848075 27.7445204541 27.6214743864 27.3916812085 27.2927956833 27.0376959187 27.9124805866 27.1422986602 27.0222885587 27.2451081538 27.1722730546 28.2945267651 28.3522764722 28.2584477196 27.1414073019 27.7652773129 28.0540209902 27.11711567 27.2127342722 87.5098719588 87.5098719588 87.5098719588 61.2124373164 61.2329079233 61.2329079233 55.6615365098 55.6615365098 51.554430341 71.4681523039 71.4681523039 71.4681523039 27.2116191804 27.9163151139 27.5716884257 27.5834141932 28.2187031061 27.5681166698 27.5429260072 28.2717237545 27.3836933489 27.325915838 27.6128400999 27.2633390908 28.0190849213 27.7412741295 27.8854171131 28.3895739992
27.7709025958 27.0605042403 27.1090463176 27.7529982695 27.2253730143 27.3650536434 28.2817671427 27.3030722537 28.137674296 27.2275458878 27.8405131501 27.3773316042 28.0702452275 27.8756333703 27.2554064622 27.5122222559 28.2960294492 28.0668940992 28.197794212 27.3530325292 28.069775004 27.3930174612 27.9194429492 28.027941264 27.2666761339 27.8614156036 27.3274913857 27.937791977 27.6148562107 27.795933821 58.6827481974 58.6827481974 61.2124373164 57.0590266012 61.2329079233 63.1375535874 61.0702745699 53.1498182453 71.4681523039 61.569811782 61.569811782 27.5234872144 27.0200908311 27.4626782024 27.3258381257 28.1799638452 28.2497745673 27.0440688052 27.7114787099 27.9176284659 27.7598538791 28.074433695 27.7333004229 27.2483606963 27.4176920944 28.1015889214 27.4815014283
