Spatial_Output/BAU/BAU_0128.asc
NCOLS 155
NROWS 192
XLLCORNER 196307.867259
YLLCORNER 449144.565805
CELLSIZE 33.573938
NODATA_VALUE NaN
[rows 75 to 99 of 192, columns 0 to 56 of 155]
0 0 0 0 0 68.3628347603 68.3628347603 0 0 71.235847052 71.235847052 81.6180229505 44.7850076715 44.8547582063 44.8028445648 44.5024068147 44.6005677662 44.7971583976 44.8798564693 44.5320632844 44.7505176812 44.6230888433 44.8252810413 44.6614428833 44.6612844023 44.6771667574 45.0106964244 45.1834624637 44.5679202695 44.6849556705 44.8408086887 44.6917330557 44.6231040092 45.2034129194 44.8416363495 44.7965821622 44.743211372 44.5945035335 44.9098254956 44.732486582 45.1696357535 44.6514404907 44.8549180731 44.5613418105 45.1878654957 44.6670776476 45.0231838548 44.8042551561 44.6241332654 44.7572935159 44.6802449765 45.1289287476 44.6558884841 44.8706296403 44.7802923113 44.8174394074 44.9671168487
0 0 0 0 0 68.3628347603 68.3628347603 0 71.235847052 71.235847052 71.235847052 81.6180229505 45.1556805736 44.6569463726 44.6258611928 59.7512774626 59.7512774626 45.0749251494 44.545503429 44.7325405455 44.5323396142 45.0034249961 72.0184823917 83.6428296558 44.8978290527 44.6488137799 45.1887110667 44.6098081574 54.2047796663 44.5962508197 44.8409446018 44.7882470943 44.5808141866 44.8320256269 45.0464162817 44.9555789143 44.5970189729 44.9241305016 82.4249193991 44.8641531902 44.6642346461 44.8936834385 45.1737238814 44.8878599315 45.0534108545 44.5536986172 44.8920316038 45.1618215697 44.8945078445 45.005161782 44.6151181242 45.1197990549 44.6571139855 44.5673973243 44.9433698765 79.5671629213 79.5671629213
0 0 0 0 0 0 68.3628347603 0 0 71.235847052 81.6180229505 81.6180229505 44.9849384036 44.5959018635 44.7943280574 59.7512774626 59.7512774626 44.6548743834 44.9343572315 45.0530996278 45.1465751178 72.0184823917 72.0184823917 83.6428296558 66.0015102673 76.9264264686 76.7647059239 76.7647059239 54.1858875585 52.8271663058 67.5191137612 44.6464090461 59.5448505758 44.8307514978 74.1267337238 44.884530159 44.7752460237 65.3374915627 65.3374915627 44.81351788 44.6416956749 44.5959458921 44.6980742316 44.8730771387 44.8391891757 44.8454733719 44.622048771 44.6590985596 45.122648762 45.2005167994 45.1074038255 44.8572517216 44.635441427 44.7002823819 79.5671629213 79.5671629213 79.5671629213
0 0 0 0 0 0 0 0 0 0 0 0 0 44.9275473465 45.0986384184 44.716663433 59.7512774626 44.7472791452 45.1992782105 45.1991319746 65.4508771122 45.0855384628 72.0184823917 83.6428296558 66.0015102673 65.9460081145 76.7647059239 76.7647059239 54.1858875585 52.8271663058 52.8271663058 67.5191137612 44.7936069413 50.7779900039 44.5046857588 51.003664872 51.003664872 65.3374915627 65.3374915627 93.7495585004 45.1966002026 44.784214057 45.1097622666 44.5233041921 44.7116165463 72.2987994763 45.0489620566 84.070535313 99.5579462216 44.6915255759 44.6717393757 62.2692474395 44.8440872867 45.0612001111 45.0778371465 45.1093907028 44.6709346909
0 0 0 0 0 0 0 0 0 0 0 0 0 45.1692436295 44.8226845235 44.689281921 45.148995744 44.5117850905 45.0995755682 44.8388914551 44.6906082371 44.5963379083 45.0410127524 83.6428296558 44.8074810052 44.8518879044 65.9460081145 76.7647059239 59.8635902985 52.8271663058 67.5191137612 45.1450019009 50.7779900039 50.7779900039 51.003664872 51.003664872 51.003664872 44.8713011829 93.7495585004 67.3818676794 44.9336469987 44.7077886137 44.9573390352 44.5934243843 44.7263780751 72.2987994763 72.2987994763 99.5579462216 99.5579462216 99.5579462216 62.2692474395 62.2692474395 44.6082784035 44.8159531732 44.6677307618 44.9494768718 44.7275183338
0 0 0 0 0 0 0 0 0 0 0 0 0 45.0145090399 44.7725566837 44.7262442985 44.9203871052 45.0401620045 45.0333140767 44.679807972 44.5116083098 44.7111420731 44.8754034158 44.6499245949 44.9512990474 44.8128992527 44.628579216 64.7556527719 64.7556527719 44.7543311662 44.6253825369 44.6628830731 44.6215819942 45.0796466296 44.7045123165 51.003664872 51.003664872 88.0942443506 45.023847164 44.9962012379 44.7584906817 44.9369694548 44.5537993197 44.8389814304 44.7049371628 72.2987994763 44.7825518549 84.070535313 99.5579462216 44.6004803233 62.2692474395 62.2692474395 44.9487636456 45.1548860488 44.5847156761 45.0873700956 44.5012964531
0 0 0 0 0 0 0 0 0 0 0 0 0 0 44.7064714381 44.5813778078 44.9888339576 44.8285249884 44.6511195721 44.782130271 44.7497280377 45.0477300788 44.8232444385 44.9146895345 71.5247588352 57.1995848749 44.6867360996 64.7556527719 64.7556527719 45.0241523993 44.9858562759 44.8199614231 44.9638270575 44.6783875159 44.8736240751 44.7916752698 44.8207966712 45.1382717367 44.6470496157 45.0446954343 44.6760292391 44.5299338477 44.9839820806 45.1531449949 44.9222154127 45.0615157518 45.2011823765 44.7980900744 45.1214908236 44.9068820605 44.7176950946 44.5960409384 44.9639180347 44.6293431706 44.7050337954 44.9962435057 44.6096365518
0 0 0 0 0 0 0 0 0 0 0 0 0 0 44.5599965727 44.7181401064 44.8474066894 45.0047959496 44.9192614315 44.9595012037 44.9957459417 45.1657945689 44.9795041587 69.7029117281 71.5247588352 71.5247588352 57.1995848749 67.8350072786 45.1394459553 44.5550490874 44.975160225 45.036185952 44.5474617646 44.913944869 45.2043616229 44.6505047697 44.9009015345 44.760339842 44.9339568292 45.0890301576 44.8485315727 44.8825253472 44.7616617484 45.122674421 45.1920488842 44.9841223593 45.1943443788 44.7725514015 44.5604548798 44.7196388987 44.5943603451 45.1781225097 44.6097276037 44.8630759397 44.8738646858 45.1570297627 44.8082874655
0 0 0 0 0 0 0 0 0 0 0 0 0 0 44.9794824139 44.7104102856 44.6770163361 44.7737770672 45.1619813761 44.8467776878 44.797523648 53.6308535847 91.6991610014 69.7029117281 71.5247588352 71.5247588352 71.5247588352 44.58168914 44.7418276295 44.994992756 44.6121722824 44.922452852 44.7732564737 45.0934106887 45.2069187004 45.0235673379 44.9064007823 44.6874923865 45.009658472 44.9602778717 44.6953247797 45.0328589816 45.1256611437 44.63049295 44.7264781459 44.7791510726 44.9110342365 44.5451172654 44.5061926942 44.7692800543 44.6646847739 44.9689979365 45.0277395518 44.8691760563 45.109683052 44.6821921018 45.0947337991
0 0 0 0 0 0 0 0 0 0 0 0 0 0 45.1651243621 45.0222188093 44.5172479596 44.6947634038 44.997552106 65.8322867523 65.8322867523 80.7955473052 69.7029117281 69.7029117281 69.7029117281 63.7343578635 44.9839889879 44.6518392138 45.204420064 44.8854744092 45.0655669606 44.9545146943 44.6364127214 44.5187287734 44.5098153518 44.8523177622 44.9628499894 44.5068955669 44.5397564012 45.2010888053 45.0320451312 44.5372830895 44.8633871364 44.5367319697 45.1367734157 44.994510118 45.1789666625 44.6199601716 75.3313527388 75.3313527388 75.3313527388 44.7520672831 44.9963373384 44.7268512316 44.9499344691 44.5505910895 44.6327046745
0 0 0 0 0 0 0 0 0 0 0 0 0 0 45.1498443554 44.6091180736 44.8442917192 44.8897696132 69.4793543066 65.8322867523 65.8322867523 80.7955473052 53.6308535847 91.6991610014 66.1994548411 45.1920058003 44.9964114924 44.8462628639 44.6384592796 44.6657572841 45.0278244686 44.5263247441 45.1790706175 44.6728655746 45.1149783853 44.6988129411 44.929915134 44.605116543 44.8215165359 44.9014432337 44.7882231299 44.9432825942 44.5805276862 44.81127279 44.8493059621 44.9080869071 44.6822965657 83.3057743419 83.3057743419 78.5392370843 78.5392370843 44.7478290459 45.1493522918 44.8532424696 44.5206359586 44.5884548222 44.8150883764
0 0 0 0 0 0 0 0 0 0 0 0 0 0 44.5817010581 44.8226068609 44.9107411756 64.7955430949 64.7955430949 64.7955430949 67.5131224135 44.912417037 44.5536552447 45.0301740818 45.013214575 45.1945715643 44.554023753 45.0304213377 44.9334486509 44.904975803 45.1260081546 45.138388078 45.0881785143 44.853896421 45.1111022532 44.7755798377 44.9009630212 44.8897430968 44.5715834484 45.1112621765 44.8614812678 45.1601520653 45.122830829 44.6764543598 44.8125838658 44.6477353816 44.9014912367 44.988873082 83.4333759157 78.5392370843 78.5392370843 44.6270579564 44.7535699318 44.5823032857 44.7135471688 44.5681179468 45.040542231
0 0 0 0 0 0 0 0 0 0 0 0 0 0 0 44.7553614216 79.4620984639 54.2996980036 79.4620984639 69.4793543066 45.1150257895 44.8271779802 45.1836355709 44.6796145203 45.166283518 44.8794566188 45.1060062129 44.5976066213 44.5400519072 44.9395660507 44.9575869142 44.9429565553 45.0134250059 45.0300677388 44.7753482176 45.1652358905 44.537015324 44.9024626579 45.141010794 44.8186227995 44.6807238887 44.9411713046 44.6309230565 45.1836062119 45.153188258 44.8180573058 44.5278601304 80.5317949899 80.5317949899 83.4333759157 57.9890097508 83.2814928662 44.5102148011 44.8604485979 44.5036886122 44.9168713308 44.9019836257
0 0 0 0 0 0 0 0 0 0 0 0 0 0 0 71.0445404413 66.2400925423 54.2996980036 54.2996980036 44.9502396074 44.9205249375 44.73070645 44.9973782845 44.9006444691 44.5899502965 44.6038412085 45.201196215 45.1551793345 45.0894858675 45.0427505928 45.0893087669 44.7819814845 44.7388012528 44.7308223714 44.9806751199 45.0817653464 44.9793254491 44.8257743109 44.9941439648 44.8607412697 45.1801233519 44.6633152808 45.1179969928 45.1347307251 44.8203038914 45.1293434468 44.5407104217 57.8165240637 57.8165240637 57.8165240637 57.9890097508 81.5862556199 44.8353075346 45.0830304967 44.5771274134 44.9334024794 45.1300126499
0 0 0 0 0 0 0 0 0 0 0 0 0 0 66.2227567656 78.9524435289 78.9524435289 66.2400925423 44.715063739 45.1352021102 44.9912071336 44.5423234696 44.6971574284 44.549871991 45.1217190208 44.7947853752 44.8457557122 45.1722819333 44.6547366489 45.1937643073 44.6626396386 44.5045776145 45.2030284268 44.5233558025 44.5652163689 44.8517317431 45.1747904352 45.049326472 44.9990444247 44.6447881839 45.1264355992 44.5524449417 44.5782129598 44.8081180333 45.158495457 44.7644975539 45.06390673 66.4163153819 57.8165240637 69.3247295556 69.3247295556 44.5727400124 44.6428990761 44.9870091362 45.0141854313 45.0867339291 44.6532315662
0 0 0 0 0 0 0 0 0 0 0 0 32.8883335235 32.5864829805 32.5864829805 78.9524435289 78.9524435289 65.5180129091 45.1133825827 44.7616790198 44.8826546504 44.6715337257 44.8844781507 44.8328434633 45.0693181829 44.8152717753 44.7227045737 44.9391738371 44.973885468 44.715456519 44.9608307431 44.9073954298 44.5514708334 44.7501958403 45.1873037347 45.1373573724 45.160304293 45.0048092423 44.5359274711 44.5167404969 45.0374433123 44.8758041842 45.1295099291 45.2005265636 44.8903978051 44.7697392839 44.6935124386 66.2279949883 66.2279949883 69.3247295556 69.3247295556 44.8799170871 44.5377229796 44.8803607899 45.1833873359 44.6363873621 45.1327557031
0 0 0 0 0 0 0 0 0 0 0 69.5794076467 56.9478671887 32.5864829805 32.5864829805 66.2227567656 55.6013063811 0 0 44.8192461976 44.6045698644 44.5370268367 44.6682582773 45.1101835937 45.0485932426 44.6959566902 45.0221192239 44.9128426404 45.0527761121 45.1185256783 45.0946369278 44.7752705672 44.7487253667 44.6112152304 44.8575389943 44.8122591988 45.1837403589 44.8278739998 44.7042061352 44.5630930381 45.0259090884 44.5279660027 44.9509245456 44.8116775145 45.1798564653 44.7523548834 44.665678353 90.5647175065 69.1058844269 69.1058844269 69.1058844269 45.0360668235 45.0948603628 45.1343222779 44.9041826275 44.9858553356 44.5926626958
0 0 0 0 0 0 0 0 0 0 64.0522000836 56.9864534138 56.9478671887 32.8883335235 71.5455285315 66.2224820868 0 0 0 45.1195956757 44.8145677725 44.5919370992 44.8613844152 44.8864751689 44.552300218 45.0791085076 44.7252929444 44.5492043832 44.6708421628 44.68437466 45.0131170361 44.9673000677 44.9401077255 45.1577386857 45.0912359273 44.7201159702 44.8275731167 44.7763040054 44.9833073813 44.7263812327 45.1981882736 44.9555007682 44.5703481013 44.7650754355 44.821604821 45.1702638965 44.9179156404 67.5988663983 67.5988663983 71.1508827247 71.1508827247 44.8013774114 44.5878782483 44.6082461981 44.9969447605 45.2051228372 45.0818953596
0 0 0 0 0 0 0 0 0 56.8406311105 64.9105985358 56.9864534138 56.9864534138 69.5794076467 0 0 0 0 0 0 45.0835738175 44.7685447635 45.1677189687 44.7499360311 44.7815945081 44.8115681607 44.9422512815 44.7429451263 44.8423969742 44.7793062204 44.8850019527 44.8495993464 44.5335411298 45.1223350621 44.9093036754 45.1720545693 44.9288136608 44.5609481661 44.6007024776 44.712771696 45.0560889712 44.7329443657 44.9676211453 44.5232026519 45.1615989438 45.00081865 44.9372800159 44.5202587124 91.1232589989 61.8176741474 44.5273585243 45.1076387952 45.1849454205 44.8188090123 44.8899082092 44.764788023 44.7004540518
0 0 0 0 0 0 0 0 68.8933493782 56.8406311105 56.8406311105 64.9105985358 64.9105985358 0 0 0 0 0 0 0 0 0 44.5375007995 44.5499086417 44.9383910653 44.9503291356 45.0137028889 44.8407773467 44.9114893909 44.5502212193 45.1803515197 44.541716991 45.1913188575 44.5573888173 44.693390094 45.0604487364 44.7792544733 44.6968017272 44.8171601489 44.7578488235 44.7323052708 44.7085680332 44.6889426549 44.5294934601 45.168310897 45.006096722 45.1796212862 74.7928551615 91.1232589989 91.1232589989 74.7928551615 45.1788045751 44.8472160968 44.6473363329 44.8769333057 44.5962992172 44.6278226735
0 0 0 0 0 0 0 0 68.8933493782 56.8406311105 56.8406311105 67.0373508753 0 0 0 0 0 0 0 0 0 0 44.6603131887 44.9814715056 44.729605638 45.0213174975 44.9201672817 45.0225696184 44.8479851586 44.6902272844 44.6911887117 45.1024269476 45.07942662 44.6314477708 44.8774120244 44.7107257499 44.6742172098 45.1086094948 44.7287092037 45.0315373123 44.9419388442 45.2061351951 44.5698894783 44.8397276651 44.9935464373 44.6292975253 45.1689286361 44.6691773613 91.1232589989 91.1232589989 71.6159296629 44.5587569185 44.611089462 44.8616775277 44.6379074121 44.534522087 44.9271586202
0 0 0 0 0 0 0 67.3651589034 0 0 68.8933493782 0 0 0 0 0 0 0 0 0 0 44.9507616948 44.5045704136 45.014967898 44.6089193648 44.654116928 45.1251284276 44.7084786188 45.1894356193 44.6006184479 44.5495596881 44.6950081104 44.935548017 45.0358638765 45.0118755666 44.6015932532 77.8021243129 59.590847263 44.6479493144 74.4111898733 49.0296491884 44.7041962943 44.9768374068 45.0171944775 44.5326737823 45.0379763516 44.5489415458 52.5719553374 52.5719553374 71.6159296629 71.6159296629 44.9047302249 53.9912182548 72.9427681431 70.0661614809 47.3398730674 45.07631901
0 0 0 0 0 0 0 67.3651589034 67.3651589034 0 0 0 0 0 0 0 0 0 0 0 44.6968511295 45.0960967072 44.9395990155 44.8706828618 44.5568517825 44.5443679483 44.7313203521 44.5248009824 45.0754872967 45.002228825 44.9378715963 44.9336852916 44.9661316676 44.7979660608 44.9879802782 82.1002164262 67.2644335224 59.590847263 74.4111898733 83.9039770929 83.9039770929 59.6423839213 61.1943783513 61.1943783513 91.81951966 71.8805976185 44.7947390557 60.3287177934 74.2929803925 44.5779998578 69.938393351 69.938393351 72.9427681431 72.9427681431 47.3398730674 69.1792209705 44.6983698996
0 0 0 0 0 0 0 0 0 0 0 0 0 0 0 0 0 0 0 45.1296055335 44.670951467 44.7273664353 45.0940318073 45.0897663893 44.5495515945 44.9838600403 44.5401348385 44.6972737219 44.5732047962 45.1947436228 44.5537682251 44.6735357979 45.0656964577 80.2294394015 59.2044113357 67.2644335224 67.2644335224 67.2644335224 59.590847263 83.9039770929 83.9039770929 59.6423839213 61.1943783513 61.1943783513 61.1943783513 71.8805976185 60.3287177934 60.3287177934 74.2929803925 45.0620403419 69.938393351 69.938393351 72.9427681431 72.9427681431 47.3398730674 69.1792209705 69.1792209705
0 0 0 0 0 0 0 0 0 0 0 0 0 0 0 0 0 0 0 0 44.6019769206 45.0810169811 44.5133034254 45.1394566236 44.5419764214 44.5501028958 44.8620078541 44.5171429572 44.8755171999 44.6964297816 44.6075099195 80.0832861625 59.2008391107 59.2008391107 59.2044113357 59.2044113357 67.2644335224 44.6956832423 44.8375884295 44.7008241379 44.9656876751 59.6423839213 45.0311663868 61.7666884064 91.0819546595 71.8805976185 44.9277315556 60.3287177934 74.2929803925 67.0168215435 67.0168215435 44.9311514035 53.9912182548 72.9427681431 70.0661614809 45.2024859467 44.8256001545
