Spatial_Output/BAU/BAU_0186.asc
NCOLS 155
NROWS 192
XLLCORNER 196769.923733
YLLCORNER 449719.875193
CELLSIZE 27.603701
NODATA_VALUE NaN
[rows 92 to 114 of 192, columns 0 to 52 of 155]
0 0 0 0 0 0 0 47.1973176004 46.8984594363 46.5141305782 46.638835 46.7551308467 46.428792651 46.0985720812 46.3511375235 47.0727015806 47.0608077567 46.5223677175 46.3636758382 46.703990728 46.156161396 47.0241226761 47.1452259327 46.8582703692 46.7894134069 47.199703406 47.4072306593 47.0387727316 47.0011098674 46.932578638 47.2450421692 46.5178795996 46.6745603206 46.5143182849 46.6354587345 46.758306907 47.3790714479 47.2417776634 46.4891393633 47.0534364192 47.4113919424 46.3688870262 46.3606226699 46.9420393948 46.8354702732 46.201023327 46.0799017936 46.4465121556 46.5840183257 46.5621951742 46.6289825283 46.6060242297 46.7077409438
0 0 0 0 0 0 0 0 47.4105339293 47.1556974597 46.9933415122 46.137427655 46.4163712796 46.4108675181 46.7574413181 46.6113312208 47.3610597844 46.3670852119 46.2225090839 46.8226326289 46.8581966167 46.503257999 46.426909426 46.3488603564 47.1429261857 46.1839609377 46.2452144831 47.2950640823 46.8089046087 46.4048254394 46.4995896463 46.149866406 46.6938292842 47.1692747325 47.3057254714 46.0302530016 47.0661091637 46.1783418576 46.663737933 46.414012801 46.5430371283 47.166515224 46.326541784 46.1588900029 46.4107080929 46.3958733397 46.6776775939 46.8418761141 46.012945486 46.8192135484 46.2758723668 46.4861797947 47.252222005
0 0 0 0 0 0 0 0 0 0 46.7488988712 47.1959096266 46.8507278298 46.2747541327 47.0371436023 47.1956274446 47.1157851881 46.1374803155 47.0300650103 46.9710684528 46.4729807957 47.1410644888 47.2813491676 46.2534908822 46.5263813608 46.8653604459 47.095034152 46.7033139266 46.1209138517 46.0564880681 46.8669661469 46.2532105244 47.1106044768 46.4314348599 46.8609679932 47.099377148 46.3351518624 46.30142385 46.8614344783 46.3002249603 46.852196943 46.6712554207 46.8690686248 46.7747669177 46.6111424887 47.2479884829 47.0092021117 46.828748073 47.1102005885 46.3205664448 46.4760656293 46.5298528414 47.3515939322
0 0 0 0 0 0 0 0 0 0 47.32792317 47.3090205801 46.2095915459 46.5393812792 46.7788122241 46.1260027658 46.5099767156 46.3102056485 47.0805899484 46.7071213784 46.2434511179 46.4146100866 46.228785192 46.2395517718 46.1308232169 47.2765121963 47.051890112 46.0288811514 46.4307850522 47.0546726495 46.2060351436 46.1092949374 46.0868754485 46.3963636115 46.1302827994 46.0921713011 46.3856840548 47.148243271 46.4832097395 46.6562642991 47.1813262639 46.7742080371 46.8293210494 47.090325593 46.1964161778 46.9358825696 46.0459557049 46.5181113569 46.2425722556 46.924539988 46.132753064 47.3589935927 46.1792307185
0 0 0 0 0 0 0 0 0 0 46.4311696931 47.2317124447 46.0708517568 46.6149548403 46.1530603826 46.1508768024 47.0226789368 46.9904715293 47.1262303834 46.8604497545 47.2493553396 47.2447866486 46.8507432209 46.7386302266 47.1330298928 46.5422826757 46.3397975954 46.699530402 47.0476696073 47.2114992235 47.0082329604 46.9764712251 47.0138071314 46.6221389518 46.4498138056 46.043965514 47.2458235999 46.5587529911 46.7015421715 46.3791472714 46.6281707932 46.6293085421 46.872170331 75.6321967501 75.6321967501 46.2232102539 46.8469907405 46.135074694 47.1898767413 47.0194980721 46.3917432788 46.0119034772 46.4527877685
0 0 0 0 0 0 0 0 46.678557313 46.3612481508 46.9885832253 47.0423438019 46.339865012 46.8796078342 47.0872142126 46.5144975448 46.4475042567 47.0665596055 46.7703501059 46.664078849 46.4357390674 47.2506900277 47.3780597412 46.9013446743 46.6990077665 46.1259589546 46.5025712592 86.1298389581 46.8255717339 47.0763692995 46.1021715893 46.3020016982 46.5455666223 46.5954585722 47.0232515672 46.8018999794 47.0553708914 46.3490123744 47.2917521939 47.2252351609 46.3491746877 46.7319542268 46.9949349844 75.6321967501 65.857720154 80.4755264966 47.213430033 47.3623976192 46.1039698318 60.352964856 47.1677929061 60.352964856 66.1795522402
0 0 0 0 0 0 0 47.1365793626 46.0268628145 46.0798055184 47.2576563279 47.024028162 46.8351047908 46.8865773854 46.5195394187 46.8878282551 46.5645560421 46.4419549518 47.1536122301 46.9104132343 46.8951025279 46.6219612081 47.0101564907 46.9755428563 66.8823379587 46.4390555853 86.1298389581 86.1298389581 86.1298389581 46.5299450317 47.1482303486 46.8457139796 46.3068257414 46.9479902582 46.3910909365 46.7453454468 46.5653560952 46.3718877336 46.1131586843 46.0658736231 78.403963275 69.5635529563 69.5635529563 65.857720154 80.4755264966 80.4755264966 46.457677951 46.6728790669 46.1627584911 46.6264776762 46.7731189236 47.2459587524 47.1030623719
0 0 0 0 0 0 0 46.363932548 47.1478298241 46.9773673417 46.7808081476 46.4422133036 46.4174634631 47.0644349171 47.0034224323 47.0983048498 46.523835628 46.1269039898 46.9456159945 46.3065705598 47.0007966312 46.2110332573 47.0434459927 46.2093247569 66.8823379587 46.322347349 46.3507693209 86.1298389581 86.1298389581 46.2269740258 47.0474719236 46.2447995938 46.5384727886 46.2309545986 46.6834946305 46.5978595521 46.0402326071 46.1649962956 46.9929509456 46.6695389221 78.403963275 69.5635529563 69.5635529563 65.7396555988 65.857720154 80.4755264966 47.2486393829 46.0328757699 47.1973146981 46.5396953655 46.596313305 46.6343996048 66.1795522402
0 0 0 0 0 0 0 0 46.1598965991 46.1532535727 47.0503684273 46.8353358667 46.5479885579 46.1153178468 46.229315751 46.8437571688 46.7008936342 46.6794278319 46.8752457316 46.1427916201 46.2857656665 47.1159684126 46.1278455706 46.8889513195 66.8823379587 66.8823379587 66.8823379587 46.2475556916 46.2245294652 46.5291458318 46.1086760837 46.137492467 46.1305135088 47.0482569409 46.3326391061 46.1215321173 47.1425125453 47.272588343 47.1572608125 46.0824072851 47.0584553137 46.3974692058 69.5635529563 65.7396555988 47.2294399704 47.1925116029 46.6686557968 47.0822841357 46.5554554933 79.805256465 81.8682035854 81.8682035854 46.5189243746
0 0 0 0 0 0 0 0 0 46.8377697282 47.1066171876 46.7315965378 46.7465339173 47.229161729 46.1316950895 47.3928820914 46.8247928042 46.6935267094 46.703139317 46.2023087514 46.4509094049 46.0865875136 46.10113065 68.9074536511 46.0694989353 47.1714869904 46.7841340893 46.3165407085 46.1608726148 46.1394767736 46.8886603005 46.6677259096 47.0499496946 46.5603580877 46.2499738563 46.512734987 47.375839163 46.0834615334 47.1913337649 46.0381953478 46.2950031503 46.1231495044 46.378018756 47.3970077136 47.1658439918 46.5355537236 47.4059076553 46.0411601194 46.2940523647 46.2682677492 79.7134918793 81.8682035854 46.6603877681
0 0 0 0 0 0 0 0 0 0 0 46.7922440183 46.5329709645 46.4703552104 46.5052931092 46.950124867 47.1408277953 46.2045080425 47.3676460561 47.0327904634 47.0044851707 46.9923715411 68.9074536511 68.9074536511 46.1615339322 46.2790151601 46.4309495817 46.5684109929 46.7562407751 47.0260767336 46.5949628486 47.2317500552 46.6220177312 46.1419778113 47.0646772603 47.0134022117 46.9079234232 46.1711936374 46.3234533151 46.7550301999 47.3502472435 46.7339345664 46.3143528336 46.2319349235 46.9524746561 47.1513601209 46.3230389478 46.1324019107 46.4605895228 79.7134918793 79.7134918793 79.7134918793 47.0842321579
0 0 0 0 0 0 0 0 0 0 0 0 0 0 47.4037762042 46.0876468355 46.9838905674 46.2384130213 46.197251462 46.0659475593 66.1544307087 66.1544307087 47.0927912193 46.8305175479 46.1128593347 47.2080641966 47.3679705059 46.7913740461 46.5965587353 46.0332305115 46.6224866344 46.3860315857 47.161933649 47.0124754424 47.0823278549 46.0828483766 47.1192701663 47.0359727064 47.2077449072 46.2468019114 46.0795463659 46.5519312175 46.2103781757 47.0666634474 46.4755936612 46.8375794315 47.2161696609 47.1466597499 46.9558503495 46.6335489853 79.7134918793 79.7134918793 47.2766944095
0 0 0 0 0 0 0 0 0 0 0 0 0 0 0 46.4004492931 46.0302876556 46.5698733352 46.7651398601 47.0693398247 66.1544307087 66.1544307087 46.2647809369 47.1450831784 47.0695638726 47.1538992797 46.6449841046 46.5315895578 47.3408713018 47.1421776102 46.3339319976 46.4960480778 46.6299885923 46.8290620741 46.0269550698 46.3980227941 46.9564409514 47.0094513233 47.3010032848 46.4473400192 46.9265526751 46.8555110412 46.719028287 47.3222212858 46.0301776123 46.2476722575 46.1219948192 47.0112749312 46.7207713454 69.1164190587 69.1164190587 69.1164190587 47.3136156881
0 0 0 0 0 0 0 0 0 0 0 0 0 0 0 46.6979416743 47.1455559778 47.0592760549 47.1078010161 84.6199260383 46.6696255206 46.2559169475 46.3505791084 46.018427943 47.1405914385 46.0736188113 46.979441621 47.3872029347 46.956686672 46.114587671 47.4065301242 47.124936213 46.0014143383 47.2383875478 46.2814804204 46.1826452828 47.3527419497 46.763377663 47.093637094 46.2123393098 46.7920717681 47.1020597078 46.4429597439 46.9329684151 46.6170208545 47.2685769522 46.2701062782 46.0919314939 46.0716614232 46.208924237 69.1164190587 46.4234297997 47.3376287081
0 0 0 0 0 0 0 0 0 0 0 0 0 0 0 0 46.1562603435 46.2062212458 46.3208892357 46.4894501798 47.1855892925 47.0822276259 47.2544041303 46.4357530815 46.5727621076 46.8283073485 46.2753895907 46.5475835117 46.9010504101 46.6870169708 46.0581348031 46.7064267495 47.225744909 47.0279165212 46.7881650913 47.3765331838 46.1536434461 46.9085766698 46.8744959478 46.6079631964 46.8589566462 46.6235548419 47.1832572588 46.3120399156 46.578096982 46.8120522234 46.0089170659 46.1754838532 46.6290716715 46.8516165038 47.3482118848 46.2614829748 46.8705605817
0 0 0 0 0 0 0 0 0 0 0 0 0 0 0 67.5708078773 75.7914221565 71.2614171641 46.5548343077 47.1810004888 46.8286564478 47.212963803 47.3951396916 46.3577894861 46.9524591404 47.0403334286 46.574323624 46.4768857772 47.2427203368 46.1467603603 47.3581309027 46.4254344217 46.6369590107 46.5803305158 46.6551788423 47.2657930894 46.7605773402 46.7375592697 46.9112358048 47.3310605467 46.4291367303 46.1026716136 46.6186632448 46.7440329867 47.3153156024 47.3257906986 46.4182612745 46.9101671371 46.5013792107 46.3508986965 64.6958640126 46.5967527698 46.5282347522
0 0 0 0 0 0 0 0 0 0 0 0 0 0 76.2041357994 66.20822318 77.4014972755 79.0231220974 46.8276177112 46.9579679447 47.1469229718 46.7623283921 47.2380077973 46.5596301147 46.8214762199 46.37486312 47.023715658 46.7830314104 46.4517134834 46.5810089642 46.3333496646 46.034485159 47.2381940388 46.9427717686 46.896242058 46.7360567845 46.8785694034 46.0368178195 47.099417607 46.0778779274 47.2836906276 46.3270809711 46.6580826549 46.7112131943 46.371280977 47.1870091743 47.0132112973 46.0393619145 46.8998310857 46.9567632391 64.6958640126 46.3200879438 46.7676270413
0 0 0 0 0 0 0 0 0 0 0 0 0 0 0 69.8127980571 77.5743721185 77.4756608503 47.4135024419 46.1431280656 46.5006457452 47.1651831815 46.4542830619 47.2848013877 46.1623145773 46.5428672332 47.1156761118 46.2585810169 46.152001775 46.2208167059 46.8246366465 46.3391743411 46.2847777477 46.8817722596 46.4890839354 46.093556476 47.1050372917 47.218881615 46.1632486625 47.0906050836 46.6524385593 46.5144414837 46.4393474455 46.6734301278 46.7006277976 46.6781463693 47.246636988 46.5665829844 46.3099343376 46.7803581985 46.626867437 47.3422929104 46.2777204283
0 0 0 0 0 0 0 0 0 0 0 0 0 0 0 0 0 47.0369632457 47.0873984171 46.6856080156 47.1624098435 46.6778183506 46.9899475479 46.6927462313 47.0069576555 46.3494776512 46.0417759241 46.790061956 46.2906731517 46.2157900235 46.6505494245 46.1247884032 46.7060257234 47.0812555 47.0137637388 46.4114988696 46.3291411411 46.7228228747 46.4520776084 46.4167666561 46.306743951 46.760727856 46.8224155369 47.3668978317 46.1058863631 46.8318229982 46.9439010568 46.8333748358 46.2800897439 46.8985884075 46.3792294892 46.5296723554 46.8069414293
0 0 0 0 0 0 0 0 0 0 0 0 0 0 0 0 0 46.2244633412 46.757618467 46.958113006 46.5686101533 46.5051901528 46.806709445 46.7086727414 46.9401511493 47.3104293703 47.3558782152 46.2597469733 47.0703217529 47.1043094497 47.1730914675 47.1448041879 47.2880750454 47.2181323043 46.4365305251 46.5629767698 46.8649984334 47.0700423501 46.9520385985 47.2798988378 46.4203714441 46.4060226764 46.2988757009 46.2807893503 46.460705555 47.3536887926 46.6515995848 46.6978554646 47.1287796043 46.6414194601 46.9722676775 46.4022968877 47.4033208817
0 0 0 0 0 0 0 0 0 0 0 0 0 0 0 0 0 0 47.0098514364 46.8260605766 46.3478176453 46.240963563 46.8453078916 46.5383923491 46.5630640931 47.3361817502 46.3626987609 46.180981244 47.0890791219 46.253521307 46.5613393942 46.3501866674 46.8697077717 46.4010963435 47.2673999323 46.7323742716 46.5630381551 46.6219566296 46.7497310787 46.0580211237 46.7807014898 46.2360241501 69.7348303414 69.7348303414 69.7348303414 46.8649615409 46.9533093084 47.3778994359 46.194093946 46.813750157 46.3038454686 46.2606632059 46.7800771198
0 0 0 0 0 0 0 0 0 0 0 0 0 0 0 0 0 0 46.0253102523 47.1983813003 46.5916206241 46.713185652 46.8967949527 46.4472702222 47.1014239949 46.6656351261 46.5397690924 47.3856093804 46.015202557 46.623388048 46.7429665849 47.0987756593 46.1440355311 46.7849800004 47.3418378192 47.0347746346 47.0818025429 46.3651281476 46.8446294116 47.3866979133 47.3816914159 46.9942888756 69.3572266977 69.7348303414 47.236802467 46.2358079653 46.4390907368 46.6560862066 47.0018783922 47.2794158463 46.4678070674 46.9970707355 46.6852845615
0 0 0 0 0 0 0 0 0 0 0 0 0 0 0 0 0 0 0 46.3771693291 46.2072976045 47.1032239958 46.0110252445 46.8780877673 46.111124113 46.8834449478 47.1259328398 46.1558982799 47.0603546744 46.196883054 46.0777729032 46.9371008428 47.0075161422 47.094828271 46.8971738131 46.25970924 46.5293513186 46.3505215016 46.7122269373 47.3717329539 46.6008922423 46.0748755697 47.1740085983 69.3572266977 47.1181600231 46.0487088513 46.2128965927 46.8948798399 46.6790810895 46.0583624405 47.3474018256 47.0756297201 46.7286127577
