Spatial_Output/BAU/BAU_1436.asc
NCOLS 155
NROWS 192
XLLCORNER 196307.867259
YLLCORNER 449144.565805
CELLSIZE 33.573938
NODATA_VALUE NaN
[rows 75 to 99 of 192, columns 56 to 111 of 155]
55.7709954946 55.7709954946 32.9608716857 32.8204480731 32.9423497173 32.917187228 32.5120459436 32.7024319965 32.7991082125 32.6647783257 32.9901880525 32.7585459573 32.6253515007 33.0027428077 33.1913549011 32.5446874805 45.2138251692 45.2138251692 45.2138251692 33.1164276951 56.4370539374 48.0936795125 48.0936795125 32.5612755239 56.6036144517 56.6036144517 32.9466299171 33.1819330917 32.672017229 32.9791062754 32.8375235155 32.9113511909 32.6352293858 32.9395074657 32.9177775033 33.1284176551 33.1169637738 32.7871735489 41.951760737 41.951760737 32.5894165262 33.1542714372 41.9029598663 32.8550189504 33.0893165339 33.0516696141 33.016814423 32.7568760698 32.9739117097 32.8844871936 32.8357928297 33.0577952242 32.5932156711 32.9223097769 32.857626007 32.7781243745
32.6792033562 32.5988243691 32.9845584517 32.5726986439 33.1682828308 32.5253369286 32.8718178636 33.1949812726 32.5540579322 32.8608392088 32.6406117502 32.6754704734 32.9346938627 32.703796968 33.1225889499 32.6972325925 32.9393721542 45.2138251692 75.1792072278 32.6225287155 32.5045368444 32.5240800755 32.8570172496 32.9359885134 32.7739728573 32.8377674017 32.750131989 32.7684445069 33.1277241578 32.9617469493 32.9654244303 32.5909652194 33.1105745988 32.7087829001 32.700757665 33.0957861724 32.681475925 32.5464033913 33.0556539388 32.5096395975 32.8443052156 41.9029598663 41.9029598663 59.8072311827 59.6779672895 32.6964038328 32.6730832091 33.1385323354 32.6774345434 33.0022401372 32.5365041539 33.1003779546 32.8339186412 32.8564535668 32.9695536724 32.8392810186
32.5406924802 32.9796017976 32.5857291815 32.9398035779 32.5419998895 32.7207891117 33.0247573072 62.9542942493 32.9471360188 63.705329833 32.6450271806 32.9863500225 42.4180252016 50.9826890564 50.3044770197 81.6695030721 57.3495493018 68.4912473822 68.4912473822 33.1496388467 33.1372701953 33.0176896225 33.1708719599 32.8273645147 32.7551288562 32.7205718305 32.9905580276 33.0036403822 32.6800819171 32.5894183593 32.6825253606 32.9797074025 32.7651115219 32.5198466101 32.5583407836 32.9486014769 32.7708718567 32.9979016935 33.1707030313 33.1065615602 32.701060191 41.9029598663 59.6779672895 59.6779672895 59.6779672895 68.2903843779 32.5431054145 33.03935563 32.5045076508 33.1822364183 32.6811276839 32.9156083324 32.7922985716 32.5033572575 32.9101222927 33.1504365165
32.9805182367 32.6938928345 32.9732199069 32.9738419799 32.9464005827 32.7921052383 32.8388951428 32.8558047843 32.630242194 65.1458014862 32.8575054395 32.6336733534 51.9149729331 48.2604849355 49.5250168804 32.9126489014 32.5212078512 68.4912473822 68.4912473822 32.9580817704 32.5977447185 33.1136432155 32.7206909779 32.7218693003 33.1452110019 32.6833798667 32.7324355606 33.1329767094 33.0164779391 32.8423443839 32.5723294965 32.7118254279 32.6794649216 32.985820009 32.5630990504 32.5282243388 32.7834219586 32.7711589932 32.7859701028 32.6804349566 32.805017126 32.5220056681 32.651840204 59.6779672895 33.0554712663 65.797955848 65.797955848 32.7365829701 32.9947934876 32.5168343302 32.9322359462 32.645916211 32.5970381607 32.8457524879 55.0072849069 33.1090424511
32.7129175348 32.7692646098 33.159235541 33.1594055014 32.9204059546 32.926119377 32.6838248793 32.7434063943 65.1458014862 33.0732617967 32.6910638289 33.065725884 50.1749550687 44.1212150594 51.6394038157 32.9948860859 33.1856438241 57.6882250367 55.9910845511 60.4578384069 32.8618681244 32.7445493654 32.5279708879 33.0124153136 33.127050467 32.5495570312 33.0455439397 64.4510713703 33.1904177653 64.4592553788 64.4592553788 32.8699794045 32.6396113405 32.9123460147 33.1126657362 32.9300303384 32.6758861131 32.9385045673 33.0486384077 32.9214359734 32.8862908299 32.6528889205 32.7004887272 33.0511062331 32.5971525502 65.797955848 65.797955848 32.5154795931 32.898971814 32.8792046602 32.9939238824 55.229619871 32.8989995937 55.0072849069 55.0072849069 32.9186923236
33.1644720367 32.6282200566 33.1154905718 32.7727867684 32.9886143034 32.7965777729 33.1605591246 32.896219028 32.6151257162 32.9384905584 33.1102555443 32.7054798711 33.1297284397 32.8761986603 33.2067442394 33.0117972765 32.7940858265 32.9187546214 53.1425181001 53.1425181001 33.076432051 32.9717870256 33.0560513472 32.9627968778 32.5723807769 32.9658409301 32.778328684 32.9535610117 64.4592553788 61.3805018552 61.3805018552 32.7329641387 32.8570963063 32.8761352741 32.5448333108 32.9290130162 33.0229952841 32.9448580363 33.1405110489 32.874170035 33.143959641 33.1134211956 32.7300840269 32.8988933316 32.6445779241 65.797955848 32.6962178292 32.6224507272 32.5318427513 32.7683258411 33.071391375 32.634514924 33.1042454476 32.8189749031 32.666836807 32.7296843394
32.6635914805 32.5055762169 33.1695576884 32.6198969042 32.6522639289 33.0440805148 32.7436685661 32.8795591075 84.1953758729 32.6396129223 32.7814745582 33.1341178085 32.8977435791 33.1030734191 32.8564712623 33.042852741 32.6827013647 53.1425181001 53.1425181001 79.5627461125 44.3256505416 33.0784125504 32.9690196636 33.0700960062 32.9379741849 33.0111200828 32.6434129188 32.9305818459 61.3805018552 61.3805018552 61.3805018552 32.502310109 32.6092952232 33.1468463931 33.0532450404 32.8124225335 32.9876442555 32.7774889829 33.0410960422 32.8763963967 33.1192042343 33.1374005796 33.0511740096 32.710890757 32.8365465758 32.9648750015 32.6183154233 32.7970123013 32.5354486517 32.5583478213 32.794100769 33.1596757342 33.1028687477 32.7102638281 32.714799814 33.0854952997
32.8441737049 33.0266394384 33.1530583906 32.947342701 32.892555933 32.6133404453 32.523434652 61.9131755301 61.9131755301 61.9131755301 61.9131755301 32.9120055902 32.6967723711 32.8851196429 33.0888605851 32.7054462469 32.512972114 33.1479593384 79.5627461125 79.5627461125 79.5627461125 32.6387749802 32.7488008674 32.6876909121 32.6774573715 32.5244718164 32.7948955404 32.9179457302 33.1190849726 32.9674723374 32.6724337061 33.0992604969 32.9108649028 33.1467686107 33.1563042887 32.6224851251 32.5712964168 33.1105105684 32.6481717086 32.8588389093 32.7131013788 32.8632543798 32.9248775135 33.0084546355 32.5746662806 33.1171736006 32.7515656394 32.5068108174 33.0730275055 33.0497255177 32.8105833829 32.8058427747 33.054795855 33.0061123921 32.700393082 32.9375634639
32.6302781811 32.583338962 32.8551346109 32.9691243169 32.6387678872 33.1682439734 32.561095617 61.4682874266 61.9131755301 61.9131755301 32.7999354611 33.038182285 32.6351848461 33.0085514345 33.1052614694 33.2028332831 33.0707561258 32.9424050394 79.5627461125 68.672597177 68.672597177 32.8166878516 32.728411158 32.5650140647 32.8252576691 32.5835262159 32.8393356589 32.5960214242 32.8659969209 32.7705454748 32.8307400299 33.1811264408 32.6183321462 33.1370262238 33.0848104628 32.6848751908 32.7991164071 32.9153144965 32.9483975398 32.8836242174 32.9203596899 33.0152339594 32.7566058182 33.1664707528 33.0933933316 33.0516600906 32.6249022899 32.5977029667 33.2001978722 32.7983630905 33.0556448462 32.6116315457 32.7585415308 32.736650859 32.9655490654 32.5416984938
33.006331749 32.6652758001 32.5291248626 33.1099552378 32.8392217033 32.5210277028 32.5309929718 33.1822432602 32.6007590908 61.4682874266 49.3357653966 32.791949757 33.0221768784 32.758514095 32.6087901424 32.7053171299 33.1096780679 32.9639369806 32.8272794044 68.672597177 68.672597177 32.7419669369 32.6507468182 32.8845252806 33.0392797821 33.1825993656 32.7574999676 32.6819258528 32.7365796544 32.5904552059 33.0575121347 33.1180864554 33.0773005683 32.5721818981 32.9417154749 32.6933776662 32.7546922609 33.0526029782 32.7136430995 32.682552518 33.0662705643 32.9689287868 32.7419058983 32.6181108882 32.8203600906 33.1555184028 65.9577651129 65.9577651129 65.9577651129 32.6271335453 32.6025428187 32.6287478344 32.8372324214 33.0614842235 32.6142542307 32.526085202
33.1739841292 33.1343050229 33.1667557087 32.9965121794 32.7919704336 32.5556333509 33.1265686067 32.6532631588 51.2235354693 51.2235354693 32.8313577482 32.709001205 32.6541831313 32.5376306048 32.6923870773 32.5859166937 32.7637089584 32.904322377 32.9951414348 32.9745842523 32.7789018631 32.9180233507 32.8685600591 32.6697704786 32.5468530024 32.5649472596 32.5352436248 32.987471704 32.5938578584 32.6252017731 32.9313052815 32.5328050373 32.5885806935 32.9821163094 33.0389827235 32.6353616644 32.9554409034 32.5734060208 32.9012316788 32.9319480498 32.8807839273 32.7396447482 32.7621597843 33.1584670304 33.0528775502 33.1521634197 59.8593347636 65.9577651129 32.9583768851 32.6169603222 32.8582753391 32.9295361085 33.1279063361 33.1854515449 32.8916681438 32.6556305213
32.8441835762 32.8452967189 32.8907464394 32.6808812152 32.6240613535 33.1609790799 32.5185164176 32.8018290848 81.7493633537 81.7493633537 55.3531250258 33.0088376463 32.6663406224 32.8137937783 32.5933904191 32.688201275 32.9831715752 32.6889408696 32.7815019374 32.7725614235 32.5296150503 33.0022559292 32.5581915111 32.9881973243 32.9716736828 32.9079542126 33.0913884342 32.9799273639 32.5649044968 32.6159049221 32.9207191853 33.1921558711 32.8200794344 33.0242101196 32.9315218922 33.0072081857 32.9964119701 32.7426609653 32.521607918 33.0150148969 32.6170269871 32.9441174653 32.6723400355 33.1097208083 32.5086584611 33.0973024198 58.2920442802 58.2920442802 58.2920442802 61.6683132645 32.6955212677 47.0516984637 32.7415197189 32.8511965131 33.155228314 32.7865166812
32.6703530563 33.0298597175 33.0820603677 32.6980623058 33.0422589157 32.8124422959 32.6944954128 32.7484811897 81.7493633537 81.7493633537 81.7493633537 33.1967382145 32.6892725502 33.1470760116 33.107551635 32.7006879765 32.828126218 32.7861222128 33.1702971737 32.8612489423 33.0228960903 32.57088354 32.7517842627 33.0252807393 32.7798839889 32.8807787733 33.0865548742 32.6421414942 32.8716497374 32.9890709621 32.8681152191 32.6124386931 32.7605461067 32.9857784708 32.9098178729 32.5112421031 32.9571565247 33.0926435103 32.9126028638 32.55453141 33.0296968267 32.5713775411 32.505306916 33.0761420305 33.0564323785 79.1510236978 54.0308262765 58.2920442802 58.2920442802 61.6683132645 44.8451659427 47.0516984637 47.0516984637 32.7345535506 32.7618315239 32.7284234842
33.0060057359 33.1052391117 32.9783817979 33.1022125415 32.5516633286 33.1118390109 32.6397823345 32.7696045326 32.8077963068 33.1820494299 32.512739498 32.8145913461 32.8496573722 32.8482304651 32.8919016137 32.8492760659 32.7375778467 33.1164249631 32.9599795454 33.1950007583 32.9953646717 32.5963150781 33.0575166248 32.9489006943 32.7378032091 32.7162231699 32.6026393885 32.7021532959 33.060154762 33.1174651468 32.6206553362 32.6687737319 58.145214885 32.9986210774 32.5869372026 32.8567354104 32.729437988 32.985500355 33.063701227 33.1430889648 32.6958734158 32.6435389124 32.7904635936 32.5394437414 32.8562665934 32.6937919501 43.8168346881 43.8168346881 43.8168346881 61.6683132645 32.6682847306 47.0516984637 32.7587068873 32.8465736734 32.9088536303 33.0323346729
32.670079076 32.859462151 32.8894038539 32.9122774525 33.0152152619 32.6031148068 32.9886908666 33.1044958506 33.1124723812 33.0543907864 32.722031823 32.7364780101 33.2000068064 32.8459880206 33.1247473011 32.5812770786 32.5843836343 32.7918708427 32.7845528713 33.0045255132 32.9619906099 32.5501066997 32.8215987055 33.2048196309 32.8397674092 32.9512401758 32.7520518433 75.7688366327 75.7688366327 33.0859078446 47.8987052079 33.1765299855 32.7440671901 32.9950155738 32.9063831588 32.6828668503 32.6489505881 32.7971649997 32.6136275423 32.6356293652 32.9727118447 32.7578742858 32.7778320631 32.8604691406 33.1406361042 33.0538009824 55.0829255869 48.0470581515 55.0829255869 32.8079131497 32.5166878867 32.8532778998 32.5059192267 32.8321964737 32.9478504053 33.1494838733
33.0101923755 33.0090148967 32.9165819906 32.5829749236 33.2034807561 33.0390882907 32.7810928866 32.9856857455 33.0826344864 33.0058705802 32.8570723364 32.877453034 33.1548744724 32.61111758 33.1612815201 33.0062968078 32.8952505938 32.5051107355 32.9054353219 32.5974413877 32.939171907 32.6571127771 32.5823329497 32.7413885008 32.9121242653 33.2061564941 32.6098905966 75.7688366327 75.7688366327 32.7897271115 58.9658759064 58.145214885 58.145214885 32.9981887855 32.512987175 33.1418740178 32.5329397746 32.9186465009 32.9232112226 33.0562411561 32.926502007 32.7669505718 33.0340189805 33.0615453547 32.6830838033 32.9253541094 68.7571044728 51.3707154459 51.3707154459 33.0603654936 32.6804372161 32.6960324064 32.9044715669 32.5994261966 33.2066483303 32.9093086146
32.8821597254 32.7158549266 32.816383988 33.0358773228 32.8726606661 33.0510891447 32.5147663047 32.5266077014 32.5576406814 33.1536303025 32.9562800137 32.9526485497 33.1712323491 32.9098913994 32.7209504453 32.5774390244 32.9368991682 32.9422536667 32.7427392228 32.8257500319 32.654405184 33.0501203907 32.7081976781 32.8862928171 32.7273987569 32.9757586639 32.7843536145 75.7688366327 32.7141686734 32.8520481001 32.9579676786 65.6799817717 58.145214885 32.5531139681 32.668036417 32.9156191357 32.6119554385 32.65773085 32.9062899104 32.6084014239 32.798817674 32.9898940678 33.0743417483 32.8818290983 33.0671541653 33.1540295374 33.1888448385 51.3707154459 51.3707154459 32.8011416334 32.9560152162 33.1711485002 32.6481686051 32.7351227362 32.9302777988 32.8627022597
33.128965884 32.7645925603 32.6734373925 32.5774077184 33.0249142143 32.9225789247 33.194751894 32.8617903939 32.9147520008 32.9417907932 33.0691163787 32.5598835872 33.1628466185 32.708128853 33.0628493038 32.8080014651 32.6565430677 33.114696082 32.6944839647 33.1571262747 32.6709310252 32.9852674394 32.5574588045 32.6377967776 33.1356522059 33.0233683843 32.7023902231 32.7184128073 32.7984579568 32.6381396743 33.1159750282 62.9829264713 62.9829264713 32.6149279414 32.8550655148 32.9917389376 33.0633174619 33.1894174645 32.5704454734 32.5686225381 32.8338622052 32.8175628336 33.003050711 33.1005288948 32.6084357514 32.8618598971 33.0592240729 32.6564684064 32.9425840112 32.7043722454 33.0935592141 33.0985842395 32.7908448408 32.8243802949 33.2004571305 32.9758445765
32.7409486439 32.5830482202 32.7990333798 32.9185387968 32.924852087 33.1556790338 32.5852121451 33.1778734087 33.1216851218 32.5716314874 32.9442919043 33.1370013115 33.1686011005 33.0095804564 33.0795054372 32.9105145083 32.9147484705 32.8609761811 33.0859219922 32.9059697973 32.6331221308 32.808286491 32.5610065372 33.1527528077 33.0998519245 32.513448144 32.612924589 32.7228106641 32.8007396668 32.9063027137 32.5954058216 62.9829264713 70.704875228 70.704875228 32.5729694544 32.6259826844 32.9923656731 33.1215877806 32.6213403229 33.112819804 32.959912013 33.0739620522 33.021287522 32.5921635244 33.0167007505 32.6652247322 32.7837600222 32.8601390338 33.1786025669 32.5819238742 32.5104508651 32.8904335813 32.6404572926 33.0431690502 32.6472398316 32.7530822731
32.6309883114 33.1719575546 32.9305156355 32.530960872 32.5996766553 32.6287425669 32.5180475499 32.5233489188 33.0530363344 32.6861688359 32.9855665761 33.1631170174 32.6948528661 33.002893001 32.9009870852 32.5921515031 32.7050197802 32.789643777 32.5772641137 33.0899349007 32.6838832247 32.6869650188 33.1451770071 32.742123706 32.5305854034 32.8111483607 33.1365843107 32.6434324143 32.7465218457 33.0375026683 32.6051916817 70.704875228 70.704875228 70.704875228 32.9034397585 32.7501997846 33.1838939794 33.0064866604 32.9926794243 32.7857263272 32.5922405189 33.1425248374 32.5552115484 32.8314303301 33.0549027793 32.7393811376 32.9577346132 33.0688555011 32.842797669 32.798465284 32.9036922641 33.0724363673 32.9303632396 32.7771591397 33.1781377893 32.6419795574
32.5574958116 32.6834230129 32.9992575529 33.0289112024 33.0384855818 32.7403151043 33.1153891628 32.5899232333 32.5434125074 33.1037706745 33.066409009 32.71080239 32.5402402191 32.7199291719 32.7129716487 32.9607740195 33.0322360646 32.5747212391 32.6447029379 32.7298239553 32.7610349144 32.7261164132 32.7090142046 33.0907554168 33.1694166481 33.0764843221 32.800855151 32.5392020837 32.8900621017 33.0590061542 33.0236804119 32.6468820574 61.910357554 61.910357554 61.910357554 32.9333459419 32.568260038 32.9305672184 33.0963842179 32.8405190075 33.1395522869 32.6208304531 32.6385090099 32.9855696307 32.6088730221 32.7509403768 32.5289785571 33.1545577128 32.839908071 32.609448615 32.7231934798 55.1980258155 55.1980258155 32.8028436295 32.6976753751 32.582047791
47.6341314003 32.6589317387 32.5814447165 33.1888839026 32.7296050851 32.5525677161 32.7603946851 32.890563644 32.9493592988 33.0306268936 32.6958652225 33.1694993284 32.9075171243 32.5614086741 33.1033804632 32.7582766912 33.0149025525 33.0979792785 33.0251953253 32.5063327311 32.9929462379 33.1415273191 33.1861725443 33.1985524795 33.0869313878 32.9519557906 33.0871425289 64.1727413505 32.6166498885 50.0116884216 32.9188210534 33.0780178129 61.910357554 61.910357554 51.8871722241 32.901649519 32.9066315253 32.7549834855 32.5495087416 32.5418243147 32.5365174563 32.8922863851 32.9938502479 32.8083840347 32.9596897736 33.1338800672 32.769667119 32.9004234585 32.6659888733 32.9884739364 32.8778456762 55.1980258155 55.1980258155 32.6438654336 33.1987656393 32.8959676729
58.8897179544 58.8897179544 75.7708833356 53.0789679824 53.0789679824 52.7954058806 32.861933954 32.7455639697 32.7939334137 32.6385874738 32.5154758303 32.6079327014 63.1422653802 33.203924344 33.0475029503 32.6674601967 32.9349570777 32.700247882 32.9170732041 32.727219845 32.6022230113 33.1440956274 32.9829992737 32.8852805882 33.0681039755 32.5850692424 32.6235850041 64.1727413505 64.1727413505 50.0116884216 50.0116884216 32.6599974311 69.3622638833 69.3622638833 69.3622638833 33.1036185144 32.9282237574 33.0840539046 33.0695695818 32.9137911329 32.5019905484 32.8342910218 32.7860256081 32.7770637847 32.611998487 33.0253583003 33.0834857824 32.7411275522 33.0787122478 32.9481601979 32.5978949803 55.1980258155 33.030826933 32.5371708286 32.6881966816 33.0371456849
58.8897179544 58.8897179544 75.7708833356 53.0789679824 53.0789679824 52.7954058806 32.9207760621 32.8709834623 33.1158864 33.0801053675 32.6570523215 47.9423117603 32.6374850538 32.6700908365 33.1436254377 33.1394781899 32.7288874187 32.6494718928 32.7156015425 32.9674026083 32.9389811986 32.9775221403 66.1460594872 32.9732189162 33.1050412079 32.9281540939 32.9946849446 64.1727413505 32.5588340822 50.0116884216 32.6617941903 33.0966064546 69.3622638833 69.3622638833 32.6953842928 32.8314853221 33.1582562062 32.7665186926 32.6629067329 32.5643583447 32.594665394 32.9081481764 32.5053935582 32.8630076867 32.6256425033 32.9207883818 33.1994237427 32.9673966179 63.1659760935 32.7749563806 32.6563444156 32.9642006 32.8781512736 32.6597690915 32.7410045704 32.8394742527
42.0890581177 58.8897179544 75.7708833356 32.8950235702 33.0602693098 52.7954058806 32.5326521642 32.7395974333 33.1844706729 32.9793649748 33.0419324529 32.5259347127 33.1225189706 32.9726694972 33.0007333952 33.0922198381 32.6801389047 33.1858177193 33.1123616496 32.6893540546 32.8575324221 66.1460594872 66.1460594872 32.7908702169 32.8704355895 32.8636500118 32.9638002346 32.6502938881 32.761231375 32.9749786512 32.7526523324 33.1488441629 33.1532648871 69.3622638833 32.7204046528 32.7677601139 32.8092240559 32.9690498296 32.7896956872 32.7787025522 33.0632163112 32.5114923672 32.733068765 32.7038775001 32.8443420178 32.7546513398 33.0245845836 33.0720471227 79.9563963262 32.8862973298 33.1162577305 32.6475401297 32.6355668806 33.155750998 33.0320851307 32.8978624625
