Spatial_Output/BAU/BAU_0345.asc
NCOLS 155
NROWS 192
XLLCORNER 196769.923733
YLLCORNER 449719.875193
CELLSIZE 27.603701
NODATA_VALUE NaN
[rows 46 to 68 of 192, columns 53 to 105 of 155]
45.0395520397 37.1905206103 37.2251800958 36.705820747 37.396192935 36.0090608361 36.7894763555 36.3063309275 36.3683203853 36.6666277417 36.9709372787 36.9542881014 36.1610233193 36.7748544826 36.8758363304 59.1164219122 59.1164219122 59.1164219122 36.8876812952 36.7751797395 36.908690602 36.5673257614 37.3479196387 36.7115451909 37.3253089097 36.7140293679 36.2519841133 36.1812353125 36.3757194176 36.3221741683 36.2905483013 36.9614305802 36.9809260882 36.9656662811 37.4065576784 36.0736169638 36.5061088793 37.008410639 36.4414944997 36.0396935364 36.5998423367 37.0887302686 36.0916846812 37.0328591383 36.9656258892 36.8709529211 37.0795477196 36.5430855802 36.2778250785 36.307916628 36.8941408683 36.0325991013 36.7288932116
37.0907447738 37.0636127002 36.3993643033 37.3326911718 36.6069072087 68.0418155189 36.9251738308 36.3059970991 36.7543471854 36.9261559273 36.0244819824 36.7894840931 36.0543718333 37.30115081 36.7417831608 36.5412962254 86.0518517758 36.7611087194 36.3898188996 36.627203344 36.837122352 36.6417671067 36.4514339013 36.9531128047 36.7128794273 36.847388154 36.7691561712 37.3824493243 36.3465155458 36.3005130717 36.5521627948 37.2175078395 36.4708776235 37.0098947634 36.9355099063 36.6785489484 36.6270872096 36.213615976 37.0124685394 36.8078281582 36.803492661 37.1760437188 36.2309556173 37.213310499 36.583229885 36.2840691768 37.2640601075 36.3979368937 36.8953867919 36.5766967299 36.7676859241 36.4912415534 36.8347483181
55.6708517949 36.0625076652 36.8980589863 36.3053706662 37.333526301 77.2698986282 77.2698986282 37.3596410024 37.3953619757 36.8463933999 36.5215506641 37.0763124814 36.5979785171 37.1288891788 36.2023600313 36.8937776733 51.6382004168 86.0518517758 36.4142774971 36.1109182744 36.822589095 36.161544506 36.1092192224 36.051751548 36.9821525536 36.5344500979 36.3235369652 36.6537024267 36.3254890365 37.3757062694 36.7775477204 36.2620875144 36.5788187559 36.4990692983 36.1295388208 36.9090305525 36.9662709511 36.6272905013 37.1795036904 36.5549332516 36.3879343383 36.9705769883 36.132128408 37.3918857174 36.937085242 37.3974390161 36.9866412287 37.2331764775 36.5890749608 37.2728287023 37.3009326187 37.036568368 37.3316397904
57.6590404983 51.6268453017 36.8612118224 36.7349239388 77.2698986282 77.2698986282 77.2698986282 77.2698986282 37.3300760993 36.930541268 36.794777166 37.0965694438 36.3135692136 37.120583764 37.0781022828 51.6382004168 51.6382004168 51.6382004168 36.4987957406 36.0260040109 36.1704825778 36.9710841433 36.184645826 37.1754128736 37.2275482184 37.2418474851 36.6036050519 37.3073790957 36.0635874286 36.8061093581 36.5426049981 36.1362381299 36.4196137417 37.3310371516 36.3911795036 37.3534536432 36.0826946588 36.9205099961 36.2790648959 36.9383264133 36.1151452784 37.2858467335 36.3058775646 36.2874933226 36.5096866617 36.9050976388 36.0462077673 36.2490628724 36.921074885 36.3071569059 37.1011176951 36.7178467095 36.3877435755
57.6590404983 57.6590404983 36.8160742098 36.025670866 45.9384984021 45.9384984021 45.9384984021 36.0315696069 37.2147841622 36.7923726683 37.0088150569 36.595277235 37.3509410881 36.7449155428 36.3336092589 37.0824001345 51.6382004168 36.6052564486 37.0402552832 37.4019269134 36.9074107743 36.0138864506 36.6225828424 37.3980921957 37.2599246129 36.5593162837 36.1371979242 36.9220754213 36.5969101934 37.2936854801 37.2414684504 36.9613221164 37.2062221931 37.0846169608 37.4132202247 36.7575370326 36.848954226 37.1707390471 37.1249958199 36.2131106045 36.9547810832 36.3240553436 37.2411841773 36.921158263 36.9617954494 37.2409794981 36.252013202 37.2605427257 36.6351517531 36.7196673937 36.4141264364 36.1290801076 36.2067756189
57.6590404983 57.6590404983 36.2704843189 69.5426412777 69.5426412777 45.9384984021 45.9384984021 36.0492599921 36.1323857521 37.269627489 36.2027095614 37.200669979 37.0451586762 36.091587126 37.4135516627 36.9946726188 36.0796155545 36.6546413393 36.7802611709 36.2228517806 36.8132952943 36.8839353557 36.0174436412 36.3665767369 37.1822058657 36.8493369906 36.3676186776 36.5278842657 36.2192890969 36.5842358999 36.4946532853 36.0436668818 36.3650187531 37.2530743266 36.8720097426 36.5840541785 36.7007004789 36.060398389 37.1782722759 36.1151865594 36.7497334512 36.6328566959 37.346286231 36.8023391082 36.3017829111 36.5209294935 36.9328634246 36.5716021996 37.2394535401 36.7858668928 36.4943395998 37.1521037663 36.6173992428
36.720646388 36.1087896586 37.2718404437 37.3409539216 36.2948280157 36.3802529957 36.3546684741 36.598765429 36.7077720455 37.244678261 36.1936013335 36.4210403446 36.9520328433 37.0905053382 36.1420008264 37.0927483835 36.6226976349 36.3605597301 36.869068149 36.6779075241 36.6657647347 36.1664908048 37.0972952323 37.1573492063 36.2712506769 36.3946256562 36.6241696204 36.4598170194 36.7789967928 37.2397767165 36.2766560661 37.2523880971 36.2260092932 36.945251376 36.1947953755 36.0348677828 36.7584962279 36.5983420388 36.0474208065 36.0184177329 37.3410384351 36.3308514615 36.9429942734 36.9048754754 37.1970675199 37.1507086152 36.3684784983 36.3215204909 37.377106131 36.1380857965 36.1247004482 36.1396892191 37.3326040156
69.3027889756 36.4375373728 37.0903835735 36.5806733314 36.0926724976 36.1443030749 37.0798297638 37.388902007 37.1722371217 36.9626152216 36.9770252373 36.9558961527 36.4555930533 36.5703550994 37.0185673673 37.2454801091 36.6580301617 36.5244902472 36.6145392656 36.6324808898 36.8492744167 36.7081814054 36.0275698058 36.6983491004 36.8851333636 36.705984823 36.5340939437 37.2231172011 37.1494740655 36.6536686751 36.4929856676 37.2450063227 36.6147821007 37.2558536203 37.3040396094 36.2753859761 36.9814675349 36.6060445948 36.9342905861 36.2337039263 37.1096076405 36.0936129308 36.9849770877 36.0907267914 36.4867687747 36.5662054232 37.1542021351 37.0887102793 36.6880535911 36.0200130114 36.6260942976 36.9974732807 36.0925853259
66.6419448105 66.6419448105 37.2538443472 37.3501316875 36.657903978 36.9493204486 37.2376924711 36.137111674 37.2568262707 37.2732051406 36.5207710954 36.0042578725 36.8728482569 37.2178716996 37.3240459085 36.0056217235 55.305952513 36.4545800111 36.9980200066 36.2835994955 36.2741222558 36.4791872115 36.030445614 37.4030127165 37.1240426465 36.2181976246 36.2831258924 36.7850955336 36.3623422215 36.4546427236 37.2460885907 37.0566222744 37.1396509944 36.8024813587 36.4396767931 37.0831261309 36.8546054431 36.9353432411 36.9846944828 36.2752991492 37.2951575465 36.9709953996 37.3099915601 37.2107074061 36.3539073005 36.4638082543 36.8128046046 36.1646257649 36.6761253869 37.1915396323 37.2044255452 71.3893195018 73.0189376531
66.6419448105 66.6419448105 36.8465888696 36.1435720791 36.4923153677 36.2028412016 36.7972652292 36.0811731689 36.6776117098 37.2579752072 36.5574550266 37.0365591281 36.419706436 36.7492305661 36.7833060849 36.9000533325 36.4723548094 37.2815394712 36.8464337537 36.2745157424 36.3967582655 37.2671343193 36.3570992056 36.08386512 37.3362824353 36.8272005155 36.0020203687 36.9448691214 37.0277259706 36.185583617 37.0439966865 36.2089423852 36.9465988896 36.3343280617 37.2589807184 36.4657525187 36.1297528625 36.0555253421 36.2504647961 36.722929778 36.4823403765 36.2880902454 37.1850949958 36.8308320457 37.3011766306 36.3401106604 36.5445463793 36.172584942 36.9891144792 36.8241311993 37.0774696184 68.5896833512 68.5896833512
63.2365850607 63.2365850607 37.4034129761 36.9094898721 36.4093207462 36.7697747752 36.6134072269 37.1707345116 37.2300945173 37.0405664451 36.8678391028 36.307638261 36.8057094763 36.2239345287 36.89252622 36.9908097424 36.5605697185 36.1976059826 36.7125767562 37.2103507346 37.2334453619 36.2478214508 36.3423886928 36.2639486929 37.0257244721 37.1888116411 37.2185427532 36.2816476131 36.8493900613 36.2069871734 36.0271030216 36.7855081663 36.1221850712 36.9722687707 36.6211696053 36.3348897259 37.2240196457 36.195892648 36.466347168 37.3047783136 36.5782678955 36.0516353565 36.719554087 36.0133418184 37.3632202327 36.0792285977 37.2201779056 37.3363870411 37.2753749152 36.0769138759 36.4768983726 68.5896833512 68.5896833512
59.0750643523 59.0750643523 37.1156808991 36.1432523707 36.7027936167 36.0139409292 36.2510865588 37.0223579562 36.5289928008 36.4536824715 36.3442717484 36.0723507891 37.0027854125 36.9096039523 37.4104764686 57.0606637809 57.0606637809 57.1265697435 36.5932497949 36.3895517593 36.6845401706 36.9552346306 37.1154755448 36.1385930405 36.8095167264 36.4397101897 36.1230413366 37.2377805289 37.0766522107 36.9636316486 36.8406585589 36.9662387163 36.6553898883 37.2131557095 36.8954344743 37.3752679428 36.080371184 36.3539405704 36.6310123885 37.1712969822 36.7926011735 36.6773793017 37.2581525595 36.1357583261 36.5666162134 36.451868855 37.0911520483 36.8975519261 36.8145310247 36.090719412 36.0797883535 36.6844846662 37.3290079234
58.7954523269 58.7411122935 36.0178310415 45.660441286 36.9999806736 37.3795331668 36.9810840872 36.2790557156 36.5280924654 37.0539702334 36.0593053343 36.9579073963 37.0060756588 36.9575544086 37.2553146354 57.0606637809 57.0606637809 57.0606637809 36.064694267 36.833853257 37.1839949878 36.8381321227 36.4405216495 36.5181423994 36.1517498341 36.2697111498 37.2782385324 36.7166850993 37.0461253557 37.3550655851 36.8752419613 36.7962062691 36.3652104943 37.189461633 36.1268724793 37.2500314056 36.2549849552 36.1586749435 36.7712440898 36.0809081421 36.9195037964 36.2424139801 36.2505143804 36.636909346 37.3038854166 36.754365924 36.4074003946 36.1737781391 36.2012833451 36.7237579073 36.440788457 72.3790426061 49.2712151525
58.7954523269 36.8736699829 45.660441286 45.660441286 90.2386738995 90.2386738995 37.0598115982 48.923490874 36.3697698271 37.3427620342 36.311644374 37.1890346051 36.7147768869 36.9296469198 36.5979229845 50.9043507055 36.0944473838 36.8900099643 36.3857613126 36.1708133035 37.3212032052 37.0921783156 36.4641497256 37.0766941887 36.1783676494 37.0689755284 36.8359991752 36.4292974722 36.443725003 36.3427004282 37.2550178152 36.8982955422 36.3649909195 36.5127452351 36.6317028993 36.9329216821 37.3723269981 36.5313344338 37.1944033999 37.2539021294 37.1664283402 36.0857498214 36.7545142957 37.1583279615 36.0944381113 36.2041724404 37.231670244 37.378272451 36.7473772224 37.2195575748 36.5554527258 49.2712151525 63.074881081
37.3039736346 36.5141467882 45.660441286 45.660441286 90.2386738995 90.2386738995 53.8137216719 36.9060316294 37.3686167088 87.3655908354 37.1969738062 36.5899034492 36.3775935118 36.2015604097 50.9043507055 62.8124893786 62.8124893786 36.2201544343 36.8821017429 36.1501049611 37.0112157926 36.5343734977 37.1311404104 62.4733483137 52.1486678381 36.0088938883 36.58368825 36.359158231 89.71854265 36.857028884 36.0195132404 36.3569703234 37.2286454925 36.9832675099 36.47781959 36.1495713633 36.3558512919 36.8215471347 36.9089920071 36.2684214659 37.1087483343 36.2987172178 36.9741307506 36.8174262066 37.040659134 36.9297489561 37.1975610631 36.8016622007 37.1150111465 36.5895111907 36.2595539066 57.8700176137 63.074881081
37.3659540552 36.7728715999 36.7740336776 37.325048575 36.7461813 36.1020223072 37.163033975 36.7653124157 53.8137216719 87.3655908354 37.2401720751 36.9979711349 36.4176464879 36.724972262 37.0873312352 62.8124893786 62.8124893786 62.8124893786 36.9643175359 36.8041570534 36.0325128705 36.9658790965 62.4733483137 62.4733483137 62.4733483137 72.5885603416 36.2708255123 36.52723411 36.7994762101 37.1387501746 60.4764764122 36.4204479363 36.3119200145 36.6598418564 36.0747915499 37.0952392366 36.2962527417 37.2728539002 37.1997745461 37.2079643367 36.9330334808 36.6593257667 36.2776305197 36.3671694409 36.6082517216 36.1499925065 36.859400774 36.7814909941 36.1853487391 36.0010339396 36.2738845142 36.9087037016 62.4700966595
36.3134514825 36.3875961855 36.7196487317 36.1074986638 36.3545403884 36.4711815651 62.7942672901 62.7942672901 36.1718966758 87.3655908354 36.7943069813 36.1352482414 37.2419203434 36.7230937093 37.1276391937 37.0288142292 36.4704988996 57.8848327722 36.9642231491 36.3761740169 59.7250881308 59.7250881308 62.4733483137 62.4733483137 52.1486678381 72.5885603416 37.0940414249 37.1753076427 62.0114073951 37.1738527888 36.9979272951 36.4534006819 36.712461487 37.1336136485 36.265301806 37.0032211609 36.260546793 36.010437077 36.8357393365 36.5602992666 36.347695439 36.5556151364 37.2783999898 36.695870817 37.2994177205 36.3080503952 36.1379729909 36.0243856431 36.7137534277 36.235502845 36.326245955 37.0721778061 36.7678990419
37.1158821757 37.392854967 37.1623797574 36.748715931 37.0024552094 36.2167176741 62.7942672901 62.7942672901 62.7942672901 36.3340180869 36.9733714513 36.0676130277 36.4413502559 36.2547525126 37.3155466148 36.3735759738 36.9956070938 57.8848327722 37.2795554287 36.1676349563 52.333427769 59.7250881308 52.333427769 36.8649628899 36.3021860489 36.884715223 37.1313395357 36.2832160573 36.2393803184 70.4768877842 37.1718027459 36.4548750721 36.3183594572 37.0791528112 36.7722800578 36.0934964681 37.3346274792 36.2011293341 36.7959900948 36.6073885187 36.2045849233 36.0871354883 37.1566890362 36.9190768669 36.4157474257 36.9892800077 36.9937803838 36.8007711153 36.1123093488 36.0359866755 36.8182191303 36.8537399935 77.4584680752
36.3440554208 36.6644385989 36.0736849445 36.3392902 36.6006160192 36.1087358549 36.5705842049 37.2962795906 36.3134242718 37.0720369403 36.8145742324 36.5672068849 36.2655256923 36.1975213716 36.7238018671 36.8261177883 59.6991542089 59.6991542089 59.6991542089 36.7400047824 53.1295528587 52.333427769 36.3881101068 36.2324292982 36.4765514899 36.6201647412 36.0140694403 37.1298706525 70.4768877842 70.4768877842 70.4768877842 36.634813815 37.1803668332 36.563717369 37.1728231496 36.1029517709 37.3261641368 37.109327335 36.7719104612 36.6301838067 36.1857016918 36.5178713225 37.2297710086 37.0151510965 36.3441215234 37.2061829296 36.1059065636 37.2530645819 36.6909497308 36.4504296052 36.3334242083 36.3750698887 76.3923153249
36.595057012 36.5433352558 36.6292489484 36.178712582 36.7865177677 36.4452749272 36.1269118177 36.8300225702 37.006812771 36.32875734 36.0307273737 36.2885782269 37.0569559228 37.0992112584 36.244779356 37.2496092052 59.6991542089 59.6991542089 36.2423390564 36.4979148132 37.0366447845 60.0943198769 60.0943198769 36.3733140139 36.6859515782 36.7829188806 36.1475625325 37.1329297282 71.7664220016 37.0100479452 37.2019298666 36.0776316666 37.1568578271 36.0558203444 36.238518237 37.2961821269 36.1937741729 37.0419151852 36.7605608398 36.3202067837 36.9857104709 37.3986824503 36.9329066576 37.2583771176 37.3695401895 36.9056456594 36.2948538216 36.8286370327 37.1716675099 36.321511784 37.0301941457 36.8308317344 76.3923153249
36.7460929527 36.5023034057 37.3063063923 37.3770223916 37.3839420683 37.2524988963 36.0668286287 37.0135892195 36.0727891152 36.3157847016 36.005404263 36.3996362925 36.2113923816 36.4393379202 37.3172687042 36.9341258968 36.3067754238 36.3925380201 36.4305688075 37.1411263789 36.675388721 60.0943198769 60.0943198769 36.5091738554 36.3212096629 36.2379871235 36.8257444489 36.518607662 36.9624752233 59.1793675346 74.8796409465 36.1046285836 36.4607573549 37.129589005 36.6395638429 37.2135373 36.578298356 37.3921274575 37.1505195476 37.2922639943 36.7890912948 36.2775623375 36.2563298731 37.0185868508 37.3563105189 36.4491916928 37.0386786801 36.9149448294 36.6470056912 36.716451489 36.5635969563 36.3583405721 57.7122720546
36.9757142174 37.1503335868 37.1247957258 36.5183414042 36.5620798401 36.5636835709 36.0353036936 36.2191878083 37.3170334355 36.4410819136 36.2266262094 36.53460748 36.6490513956 36.8435347978 36.5602084757 36.0759799968 37.3731051563 56.1694212216 56.1694212216 44.2208947579 52.4959793733 70.7097746952 36.4459916096 37.3764945395 37.3624984746 37.1555478438 36.1789271294 36.3849037709 59.1793675346 59.1793675346 59.1793675346 36.3942711435 36.3716835966 36.9074781236 36.1129533613 37.2931370107 36.0163417125 37.1700337497 59.1311504331 37.0304392218 36.4125041852 68.9265252554 42.4197199458 36.2842575021 36.8345559176 36.1348745021 37.1065040587 36.4939728266 36.0679214714 37.0457912748 37.3474708245 37.1960607594 36.4928447503
36.5340938545 36.9695860837 36.3428031914 37.143369863 36.092993105 36.1402445187 51.9429643406 51.9429643406 51.9429643406 51.9429643406 36.5025698052 36.233419141 36.0876869407 36.9545029871 37.2979673289 36.5100034571 37.339201792 56.1694212216 56.1694212216 36.251594847 70.7097746952 70.7097746952 70.7097746952 36.928423883 36.2898822482 36.0270191864 37.3268311533 36.5931121287 36.95664347 59.1793675346 36.7260814153 74.3466783817 36.2136444275 36.4359790899 36.4005353258 37.3404771639 36.8560763882 59.1311504331 59.1311504331 59.1311504331 68.9265252554 68.9265252554 68.9265252554 68.3894295264 64.0263479989 36.9242057353 37.3749418322 36.8390439917 37.0805777372 36.7023045092 36.8266853044 36.6236815233 36.3341680568
