Spatial_Output/BAU/BAU_1186.asc
NCOLS 155
NROWS 192
XLLCORNER 196307.867259
YLLCORNER 449144.565805
CELLSIZE 33.573938
NODATA_VALUE NaN
[rows 100 to 124 of 192, columns 56 to 111 of 155]
45.8632054289 27.6271783051 27.5104747807 27.804802767 27.7168871667 27.6442573158 28.1047436943 27.8604794782 41.3427520462 41.3427520462 28.0171779258 27.7124340201 27.8744420154 27.7823070299 27.8565513627 28.0747901806 28.1650803895 27.9710747701 27.8008659788 28.0250640929 49.9885314712 61.2133599203 49.9885314712 28.1030230524 28.1287779073 27.5089485973 27.8241295436 27.6923606084 27.7851548022 27.5327942557 27.5074643353 27.6635960808 56.5116891831 56.5116891831 56.5116891831 27.8881875845 28.0719622585 28.0190360797 27.786227492 27.5154548186 27.9656370253 27.7408739295 27.6551016589 27.8534367879 28.1808168897 27.8265567514 27.6837887146 39.4133597873 39.4133597873 39.4133597873 28.1501783942 28.0073020091 27.5831830002 28.1869239325 27.6546426871 57.2065493846
49.8879114108 27.5725993567 28.1592562492 27.5050687233 27.5917443612 27.6838189633 28.0141810707 27.5085214329 41.3427520462 69.5631797366 27.8724415736 28.1361591897 28.1115178598 27.7207504337 28.1000815019 27.7775825061 28.0212246402 27.746297798 27.8172858654 27.591648523 40.4367441706 49.9885314712 40.4367441706 27.7919775587 27.527323237 27.9750273945 27.5343722501 28.162660002 28.1822772894 27.8729464617 27.7765410142 27.7529856574 54.1998684445 27.5277418622 27.9490034834 27.8205571038 27.5340296614 27.7621744714 27.6605740234 27.7509871611 27.6745639401 27.8156175302 28.1063042568 28.0573493828 27.9737333645 27.6618701094 27.9770244841 46.1406983307 46.1406983307 68.8373135956 57.1652281259 51.5427870926 51.917239921 51.917239921 27.7345765644 57.2065493846
27.5410188099 27.9333720697 27.7338180971 27.5067110675 28.1332876292 27.9755202802 27.9732723512 51.8950435811 69.5631797366 59.5493487649 59.5493487649 58.7074464863 27.609207521 28.0605452612 27.9926362047 27.8535072212 27.8945840948 27.9462328452 27.664600251 28.0524509919 40.4367441706 40.4367441706 40.4367441706 27.8041454114 27.6760899981 27.5455468113 27.5048872127 28.1635286743 28.0385041267 28.1433078874 27.9837935813 28.0160540808 52.5688219333 57.2972839054 57.2972839054 28.1419789201 28.1073998464 28.1293521321 27.9514105032 27.7594075133 27.7325718274 27.5091101986 60.4763094138 27.8595710637 69.7304790481 67.1352345281 45.6841079944 68.8373135956 70.0845332715 70.0845332715 57.1652281259 51.5427870926 51.917239921 51.917239921 27.6483515499 57.023226903
27.7332820839 27.5513448402 28.2035064661 27.6805178758 27.966369804 27.7758676723 27.689754021 44.7440472992 61.5361240712 59.5493487649 59.5493487649 58.9893995965 58.9893995965 58.9893995965 28.2065041611 27.6533827306 27.6908708941 52.5025701047 27.9602929722 28.0961079776 64.7945264523 63.5732050361 64.7945264523 27.6461597745 28.0085815097 28.0039425442 27.9140067455 27.6371815895 27.6414105675 27.9284132934 28.0759500511 28.0340912892 43.7333159759 57.2972839054 57.2972839054 57.6299176604 57.6299176604 28.0485810357 27.6116089547 27.8813866388 27.7874012811 84.5148641537 84.5148641537 84.5148641537 69.7304790481 45.6841079944 45.6841079944 45.6841079944 70.0845332715 70.0845332715 57.1652281259 27.8383049302 50.8368172437 27.8350205394 28.1449589503 28.0450359547
52.6054590076 27.8063457196 27.6926812987 27.8288580472 27.6691022494 27.5215718546 27.9407937232 53.9701599765 53.9701599765 53.9701599765 27.6727174165 58.7074464863 58.9893995965 59.49390909 59.49390909 27.8903881645 52.5025701047 52.5025701047 54.2367571748 27.5449884609 63.5732050361 63.5732050361 50.3314196023 27.6963114099 44.5204361801 50.2081133209 50.2081133209 50.1259738948 28.0967424468 27.6624614223 47.042886287 43.7333159759 43.7333159759 43.7333159759 59.1001573062 57.6299176604 57.6299176604 28.1092314558 28.1532179383 28.1527028301 27.9458713996 84.5148641537 84.5148641537 27.5210932231 27.5251177981 27.8246617405 45.6841079944 47.1865925352 47.1865925352 47.1865925352 27.697761046 27.6991493645 27.8629895618 28.171347483 28.0556918856 27.557925088
27.7843736069 27.5020653336 27.5936885585 27.8247579548 27.8472485988 27.7963104658 27.9321811206 27.8125582601 53.9701599765 28.0243285607 27.5033333606 27.5004544001 27.922372894 28.0816306139 27.6229963306 27.7102172979 52.5025701047 52.5025701047 54.2367571748 27.6484815324 63.5732050361 63.5732050361 63.5732050361 51.6580936204 27.5158782117 50.2081133209 50.2081133209 50.1259738948 28.1760687591 47.042886287 27.8808164675 27.6271955174 43.7333159759 43.7333159759 50.0015548529 56.0546350315 57.6299176604 27.8882699001 28.1477868092 28.0761213734 27.9370665072 27.5379731482 28.1014825498 27.5931859623 27.9158509783 27.6325222893 27.5160201266 47.1865925352 47.1865925352 47.1402379651 60.8944107913 27.8889706142 27.9808032757 28.0289830799 27.7463655327 27.9328628224
54.5306693222 27.8520694529 27.801386357 27.9400985741 27.760305757 27.8561901918 27.5078937982 57.2865199393 43.1524680405 57.2865199393 27.9107969261 27.9666180898 27.5253770637 28.1944418226 27.6032986893 27.5435423307 27.5222625147 27.9439937361 27.5614373577 27.8930768928 43.789165498 58.4692082948 50.3314196023 44.5204361801 27.9952736578 50.2081133209 27.9186757139 27.9913116701 27.7204885478 27.8742561657 27.9570570604 27.9031977955 27.721264072 66.7948744451 66.7948744451 66.7948744451 27.6722494515 27.9775213687 27.6052310673 27.503046464 27.8511897783 27.8926818053 28.1012096057 27.5963747163 28.129769927 27.9281409493 27.7980892963 47.1402379651 47.1402379651 47.1402379651 27.6708322587 27.9127492466 28.0253847064 27.7998845321 27.7832482115 27.5772476688
27.6527829952 27.7409556651 27.9624031201 27.7113424208 27.7408932256 27.8520976269 27.5834918862 43.1524680405 40.6951787507 43.1524680405 27.6469973304 27.81412356 27.6281235312 28.0173205287 27.9608382721 27.8982091223 27.5983423884 27.9884921766 28.0357589474 28.0398311988 58.4692082948 58.4692082948 58.4692082948 27.579277615 27.7061081487 27.9264897304 41.5929824908 27.6223998247 28.1702361252 28.0518267849 27.9134199481 27.6136219412 27.936589537 69.3589956792 69.3589956792 69.3589956792 27.6179277145 27.6018275403 27.5563719524 27.9758448215 27.665643113 27.7021174572 27.8709497187 27.7635153716 28.0703692084 28.0266149294 27.7754579778 49.9042302321 27.5770353339 27.733212705 49.9042302321 27.9675923714 27.5615363803 27.6192780762 27.7955078674 28.0911806683
44.7837127984 27.6506693772 28.0821322929 27.9855218554 27.9435600025 28.078944606 28.0403694721 40.6951787507 40.6951787507 40.6951787507 27.566914789 28.081271191 27.8392465282 27.6256597156 27.7693751979 27.6936165761 27.8610827088 27.6373396071 28.0988400441 56.9341725015 47.4516437775 47.4516437775 47.4516437775 27.9884334746 27.9198592727 27.9987150927 41.5929824908 27.5158807446 41.5929824908 27.5312570048 27.7676850085 27.5133934363 27.6908996055 27.6897505332 52.1080757176 82.4187842209 27.5623898084 27.6636773747 28.0258930225 27.6727356368 27.8766172878 27.5732795267 27.9103499681 27.7465548427 27.5741080907 27.5097856718 27.5228422056 41.350982098 54.655023719 54.655023719 41.350982098 28.0398046046 51.3267743751 77.2864473567 45.3809072094 49.5103774715
51.2962927889 27.7236039638 27.5909702634 27.6735929924 28.0895190127 28.1112031784 27.801350879 40.6951787507 40.6951787507 40.6951787507 27.8156799393 27.7497477037 27.8347408625 28.0813427712 27.8367783412 27.9596586926 27.773283717 27.8111823367 28.0773723644 28.061401494 47.4516437775 47.4516437775 27.782089371 27.5403332428 27.8264884204 28.0067612802 66.2016104038 28.0235795957 28.0593954411 49.9124292654 27.5905645197 27.6238991081 59.4660953004 52.1080757176 46.673581086 52.1080757176 56.0099917987 48.8752958093 48.8752958093 61.9350875752 66.6767383463 47.26558241 72.6597721254 64.0724018842 66.4220601976 66.4220601976 28.1432010771 65.0285488807 52.4330210516 52.4330210516 54.655023719 51.3267743751 51.3267743751 77.2864473567 49.5103774715 49.5103774715
44.177903913 82.7537854797 63.5954826114 28.0829821212 28.1930246223 28.0458524337 46.5298053561 27.7304954794 45.9275505346 28.1116399042 27.7490914607 27.6950357904 53.4295854353 27.9525880053 36.8055446582 53.4883452665 27.7390205247 77.648559257 49.3593516579 27.7253579814 47.8586272043 57.0551189797 58.9473131252 27.5033372133 75.6428158894 56.9109789072 66.2016104038 66.2016104038 66.3971708089 57.1591006821 57.1591006821 28.0143825105 59.4660953004 46.673581086 46.673581086 57.1194794596 56.0099917987 48.8752958093 48.8752958093 48.8752958093 47.26558241 72.6597721254 72.6597721254 64.0724018842 66.4220601976 66.4220601976 62.3615706954 49.4956314696 52.4330210516 52.4330210516 28.1529943431 51.3267743751 51.3267743751 77.2864473567 45.3809072094 49.5103774715
52.9974371015 63.0785827958 63.5954826114 63.5954826114 27.7150575776 54.9081213343 54.9081213343 45.9275505346 45.9275505346 45.9275505346 37.7278966509 27.9820026887 53.4295854353 28.0921038981 36.8055446582 53.4883452665 53.4883452665 49.3593516579 49.3593516579 47.8586272043 47.8586272043 47.8586272043 57.0551189797 46.8432133595 75.6428158894 56.9109789072 66.2016104038 66.2016104038 27.6568030595 57.1591006821 57.1591006821 27.5841333756 59.4660953004 46.673581086 46.673581086 70.4201500553 56.0099917987 48.8752958093 48.8752958093 61.9350875752 66.6767383463 49.0276020296 72.6597721254 64.0724018842 66.4220601976 28.0101864433 28.1582795295 27.884240462 27.766117497 50.9624498571 50.9624498571 27.7325637008 27.9149035996 27.9173933106 27.9498406686 27.8839192824
28.1678501891 27.637642533 63.5954826114 63.5954826114 27.6100440535 54.9081213343 54.9081213343 45.9275505346 45.9275505346 55.9962253958 37.7278966509 27.6024801353 28.198221425 53.4295854353 36.8055446582 53.4883452665 47.0219501154 77.648559257 49.3593516579 27.69938667 47.8586272043 54.3955312141 59.4527653012 56.4616441682 46.8432133595 56.9109789072 66.2016104038 64.9647122247 64.9647122247 49.9124292654 27.6134468538 27.8288869245 27.8707717271 28.1125001511 50.8433432476 27.8434769737 28.0795264671 27.828089201 27.7634190721 27.9490378707 28.1749837057 27.7973355451 27.8593935234 27.9813526463 27.9120212594 27.7782891888 27.7439378188 27.6647600018 27.6498841948 27.8086140379 28.172741839 28.1515693805 27.5103983763 27.9439631626 28.0785714679 27.5626447012
27.7035058809 27.7258937827 63.5954826114 27.8279890682 27.7300800888 70.8441771948 27.5389290141 27.8886977993 28.1921858907 27.6212721424 28.1376758356 27.8619781105 27.6546110644 27.8377565616 27.5108714896 27.556213565 27.6308414255 27.8313551553 27.514774245 27.8864760289 59.4527653012 59.4527653012 61.0488892203 28.1353622624 27.7500450258 27.6907095198 28.1175167875 28.134124091 27.7881896058 28.1520353048 27.5720799491 27.6534369503 27.8058111288 50.8433432476 75.027972407 75.027972407 75.027972407 27.8516223346 27.6696441991 27.9398917305 27.8694133064 27.7208778254 27.9747926199 28.1699033503 27.8215822024 28.1335744127 27.9613411201 27.6907331633 66.196861849 66.196861849 66.196861849 27.7697120952 28.1257672185 27.60660431 27.7327949798 27.5632259517
27.6603423767 27.6134467466 28.1914422111 27.6932469994 27.8017413193 28.1347535015 28.0444262374 28.0068234724 27.7420656044 27.9074853077 27.6995127032 27.8800454114 27.8211098175 27.6268361427 27.8366350573 27.6115097499 28.146712959 28.0355561002 27.6808578788 27.5496916283 55.3439931668 62.4719840745 62.4719840745 27.7264978362 28.1814147607 28.1528643652 85.0498380116 85.0886112319 61.6831294955 27.9173060633 27.8972449891 28.0010094612 27.6710666355 28.0185256535 75.027972407 75.027972407 27.5378016405 28.0369531576 27.8675089661 27.7939343741 28.0057134774 27.5577192489 28.1047659936 27.7538725398 27.705109497 27.601168115 27.528252882 27.7250003829 63.1782714451 63.1782714451 63.1782714451 28.1868491956 27.5208022072 28.0258590039 28.144655964 27.8910250705
27.9963783846 27.9878114716 28.0823124169 27.7488368097 27.9032432388 27.6826567199 58.1243892292 27.7734789495 58.1243892292 27.8601334222 28.1634582817 27.5057683761 27.7336209301 27.6716247327 27.6619729021 27.5202310303 27.653986937 27.9655321963 28.02939775 28.1330815609 63.7276233303 63.7276233303 63.7276233303 68.6263005973 73.0314512596 66.2704263737 85.0498380116 85.0498380116 85.7541835523 58.8749473974 58.8749473974 47.2088344954 27.9524389747 27.5003720046 66.8752536651 27.9531104906 28.006059395 27.7651395476 27.8986942082 27.8669119255 28.1901298671 27.8498945609 27.8972557327 28.1671989872 27.6770267067 28.1945849446 27.8227250711 27.5143280692 63.1782714451 52.1822427515 68.2868174387 28.1364547395 27.7628826912 27.5154736891 27.9492053946 68.4809674304
28.0829495398 27.8820249065 27.9739159058 27.6787157695 27.5417187421 28.163743619 28.1564551316 51.7734389488 27.9391115851 28.1468685227 28.1164068906 27.6762267271 27.974281195 27.5571618195 27.8187244757 27.9164368489 27.7467666807 27.8852301913 27.8628574752 27.9053671104 63.7276233303 63.7276233303 59.43093655 68.6263005973 73.0314512596 66.2704263737 85.0498380116 85.7541835523 85.7541835523 58.8749473974 58.8749473974 47.2088344954 47.2088344954 63.2126865406 45.2933229197 43.9715996357 43.9715996357 42.9336200826 27.6886199231 43.5926869864 79.3864256881 67.1161519878 40.9472685854 28.1945245726 69.3413298014 27.5272380287 53.702493414 64.1968610543 52.1822427515 52.1822427515 52.1822427515 59.678119516 69.8552534112 64.1981036949 68.4809674304 68.4809674304
45.3836149516 27.7629185381 27.7590636215 27.5982152659 45.1019505253 27.5720262438 51.7734389488 51.7734389488 51.7734389488 27.5824487283 27.9711225141 27.6982103917 28.0158444786 28.1667308646 28.0858426856 27.5679190616 27.7175240152 27.8401668951 27.927461783 27.768892341 61.2163637204 59.43093655 59.43093655 68.6263005973 49.0320265239 73.0314512596 66.2704263737 61.6831294955 56.0203807405 58.8749473974 27.5415771786 47.2088344954 47.2088344954 55.2235966548 62.4690307472 43.9715996357 43.9715996357 42.9336200826 27.7297470216 43.5926869864 43.5926869864 27.6191471007 40.9472685854 40.9472685854 69.3413298014 53.702493414 53.702493414 64.1968610543 27.7475941026 52.1822427515 59.678119516 59.678119516 27.9744816485 64.1981036949 68.4809674304 68.4809674304
45.3836149516 48.2645670797 27.9828727759 78.4970964095 78.3916295131 78.3916295131 55.0497901318 51.0233440483 28.0329973718 27.785282752 27.6660286649 27.6867520841 27.8879863521 28.1047088142 27.6231631861 28.1706549176 28.0625297223 28.1504645311 27.9772241595 27.8311497619 44.8422664207 46.95440081 59.43093655 28.0245080358 28.1854645121 27.6117305791 27.885470699 27.7239232031 28.1544223248 27.9394486937 28.0698208839 27.5047480199 63.2126865406 55.2235966548 50.5816812399 43.9715996357 43.9715996357 42.9336200826 28.1528092624 43.5926869864 79.3864256881 27.8205528232 40.9472685854 40.9472685854 69.3413298014 53.702493414 53.702493414 64.1968610543 53.9755910504 53.9755910504 43.8516734225 59.678119516 27.7516906366 27.7545848691 27.5066292584 28.1781776348
63.8984065229 63.8984065229 54.0603289343 27.745784949 78.3916295131 55.0497901318 51.0233440483 51.0233440483 27.867465189 27.645301656 28.1048139258 28.2066522631 28.0933370831 27.9098428666 28.1066666623 28.0204409118 28.0240771332 27.6117682873 28.0750027901 28.1321155349 27.5296647947 57.9847747296 57.9847747296 57.9847747296 28.1456053537 27.7961627404 28.1649903086 27.8395806039 27.737192573 27.8692006207 27.5321171788 27.6831000405 27.5530455284 27.6723951582 27.7901109562 50.5816812399 27.955976171 27.6153048104 27.5575362074 27.9814553253 27.764746433 28.1446593424 27.9343765742 28.0907640952 27.5564500455 28.0170773313 27.7361863514 27.847710119 28.0422039997 27.6672309163 52.7119039856 27.7593861695 27.7932344389 27.9998345523 27.7255376748 27.8729211761
63.8984065229 62.7668520087 27.5675122046 27.6818419871 27.9470413298 78.3916295131 27.551590566 51.0233440483 27.9432841685 27.6670743997 28.0469303703 28.0726990787 27.9402275238 27.6681034017 27.7977425355 28.0984424308 27.5497153042 27.8916619118 27.9724684456 27.9027506148 28.0129181259 27.6268262818 28.1803366282 27.7093426509 27.5072594573 28.1702841389 27.6762073514 27.9319290507 27.914523758 28.154034427 28.0705480602 28.0693900714 28.006745898 27.8937962904 44.1953699209 55.8720167992 55.8720167992 27.6203070223 27.899931383 28.0482926975 27.58478272 28.1784396382 27.9731973114 27.6554249114 28.1376022234 27.690401135 27.5787943125 27.5345378301 62.7750029858 27.7521447352 52.7119039856 27.6368128229 27.696937059 28.1942348814 28.0315093858 28.1476522756
27.5283661975 58.988280423 27.8317054798 27.8983751605 27.8591450719 27.6111567495 42.7963313191 42.7963313191 27.615214291 27.8559004448 27.5687706361 28.0342168626 28.1553183068 27.7870954606 27.7934234779 28.0058933451 27.7408541634 27.872462677 28.0669947226 28.023921678 28.1663025647 28.1553851083 27.9930520359 27.9304722447 28.0951754265 28.1404989581 27.6948754824 27.8744441049 27.8226813558 27.5462578077 27.9037508527 27.736733996 27.6807638263 28.0408746027 55.8720167992 55.8720167992 55.8720167992 27.7956206393 28.129660047 27.9549581604 27.7999841977 27.7013321054 27.6758643037 28.1428991236 28.1818078507 27.64729874 28.068507631 28.1071440494 28.1752331807 27.5146254266 27.9408727279 27.9420662133 27.5668572091 28.1080780736 62.5726780705 62.5502123939
28.0142633602 27.6762758443 27.5272611896 28.072936622 27.5355177436 66.6275415147 28.0208363551 27.9306830496 28.203553897 27.5460248042 28.1531762903 27.7747888553 27.5975134984 27.899289582 27.7033640762 27.5239142555 28.0516856464 27.6454466779 28.02130028 27.5068803206 27.5543865038 27.7056165018 27.5319118014 27.7372850704 27.8694727336 27.8309896284 28.1064643888 27.747447657 27.655383764 27.5569710569 28.1269621159 27.5669810257 27.6135856596 28.1165040261 88.6696301489 88.8412710068 28.1114326139 28.1639073762 27.8854720641 27.5930191674 27.7319405751 28.0332573507 27.7228292863 27.6928861495 27.5668689896 27.8093964348 28.1684059397 27.6202834783 27.7565520044 28.2028219517 28.1390602105 37.4617048079 46.2899510987 60.4633476158 56.4675068807 56.4675068807
27.527944704 27.8344889544 60.2487742003 27.6605078637 60.2487742003 27.7126726226 28.0596687534 27.8621277383 27.6211775131 27.598472965 27.9795824359 27.8668291268 27.6498059288 27.6706778653 27.7549393563 27.6498546527 27.5338339543 27.9712169987 28.023057516 27.8509114515 27.8002320501 27.5575378371 28.1870636464 27.6846596537 28.1399513734 28.1662720045 28.000435346 27.6796982475 27.9884352949 28.1613187217 28.1697422912 27.7815630998 27.8468410117 28.0014566024 88.8412710068 88.8412710068 88.8412710068 88.8412710068 27.921444146 27.5531309476 27.909523062 27.6475646143 27.7594139197 27.8180013231 27.9899280443 27.5813886368 27.6774623629 27.733878925 28.0148542927 57.9731441981 65.8431179148 37.4617048079 37.4617048079 60.4633476158 56.4675068807 56.4675068807
27.7130182668 27.521085792 51.882236463 51.882236463 75.8706286354 75.8706286354 27.9289436937 27.8883872905 27.8723717125 27.5822062905 27.5730545909 27.5515530765 27.5613522869 27.5988530347 27.9301547401 28.0928449043 27.7948082045 28.0624193142 27.8558061181 27.7843694267 27.8242959049 28.0409174724 27.7157346605 28.0240626735 27.9510599832 28.1001988137 28.1766248199 28.1135649244 27.9232713125 28.1044946901 27.5472626293 27.9177209647 27.5125337246 27.9107960774 52.6536146796 50.4718235374 27.7957667721 28.0360766801 27.95722751 27.5477770582 27.5212130437 27.9978446496 27.754955526 28.1746530189 51.8976443565 55.3001168319 64.7509666167 64.7509666167 57.9731441981 57.9731441981 57.9731441981 37.4617048079 37.4617048079 60.4633476158 28.2010772051 27.89119373
