Spatial_Output/BAU/BAU_0921.asc
NCOLS 155
NROWS 192
XLLCORNER 196307.867259
YLLCORNER 449144.565805
CELLSIZE 33.573938
NODATA_VALUE NaN
[rows 111 to 147 of 192, columns 0 to 83 of 155]
0 0 0 0 0 0 0 0 0 0 0 0 0 0 0 0 0 0 0 0 0 50.37929478 50.37929478 50.37929478 0 0 0 0 0 19 19 19 19 19 19 19 19 19 19 19 19 19 19 19 19 19 19 19 19 65.5006931511 41.2599993649 19 61.9595231553 61.9595231553 48.3462106608 48.3462106608 34.1799947469 34.1799947469 53.5334351173 53.5334351173 19 50.2797931935 19 19 19 19 19 41.9776494248 41.9776494248 40.6577719297 49.8887035979 49.8887035979 50.3041731463 65.1702197205 65.1702197205 65.1702197205 37.7800581044 37.7800581044 37.7800581044 46.6430458946 62.1568993522 62.1568993522 49.9209882976 49.9209882976
0 0 0 0 0 0 0 0 0 0 0 0 0 0 0 0 0 0 0 0 0 50.37929478 50.37929478 0 0 0 0 0 0 0 19 19 19 19 19 19 19 19 19 19 19 19 19 19 19 19 19 19 19 19 48.8530374488 51.05281872 52.092304663 52.092304663 48.3462106608 48.3462106608 34.1799947469 34.1799947469 53.5334351173 53.5334351173 50.2797931935 50.2797931935 19 48.5740494797 48.5740494797 19 19 41.9776494248 41.9776494248 40.6577719297 59.2970841112 49.8887035979 50.3041731463 50.3041731463 65.1702197205 65.1702197205 49.427939297 49.427939297 19 19 19 62.1568993522 49.9209882976 19
0 0 0 0 0 0 0 0 0 0 0 0 0 0 0 0 0 0 0 0 0 0 0 0 0 0 0 0 0 0 0 19 19 19 19 19 19 19 19 19 19 19 19 19 19 19 19 19 19 19 80.0655039907 19 19 52.092304663 52.092304663 55.6847445754 19 47.1282174011 53.5334351173 19 19 19 19 48.5740494797 48.5740494797 48.5740494797 19 19 19 19 19 19 19 19 19 19 49.427939297 49.427939297 49.427939297 19 19 19 50.3211286783 19
0 0 0 0 0 0 0 0 0 0 0 0 0 0 0 0 0 0 0 0 0 0 0 0 0 0 0 0 0 0 0 19 19 19 19 19 19 19 19 19 19 19 19 19 19 19 19 19 80.0655039907 80.0655039907 19 80.0655039907 19 19 19 19 19 19 19 19 19 19 43.6957760827 19 43.6957760827 19 19 19 19 19 19 19 19 19 19 19 49.668425293 49.427939297 49.668425293 19 19 19 49.4670141714 49.4670141714
0 0 0 0 0 0 0 0 0 0 0 0 0 0 0 0 0 0 0 0 0 0 0 0 0 0 0 0 0 0 0 0 19 19 19 19 19 19 19 19 19 19 19 19 19 19 19 19 19 19 19 19 19 19 19 19 19 19 19 19 19 19 19 43.6957760827 19 19 19 19 19 19 19 19 19 19 19 19 44.7977944797 44.7977944797 44.7977944797 19 19 44.4207670708 44.4207670708 19
0 0 0 0 0 0 0 0 0 0 0 0 0 0 0 0 0 0 0 0 0 0 0 0 0 0 0 0 0 0 0 0 19 19 19 19 19 19 19 19 19 19 19 19 19 19 19 19 19 19 19 19 19 60.1320437621 60.1320437621 60.1320437621 19 19 19 19 19 19 19 42.3629981403 19 19 19 19 19 19 19 19 19 19 19 19 44.7977944797 44.7977944797 43.606066122 19 19 44.4207670708 44.4207670708 19
0 0 0 0 0 0 0 0 0 0 0 0 0 0 0 0 0 0 0 0 0 0 0 0 0 0 0 0 0 0 0 0 0 19 19 19 19 19 19 19 19 19 19 19 19 19 19 19 50.4653805146 50.4653805146 19 19 19 42.1590278731 53.5130908945 53.5130908945 44.7763950711 19 19 19 19 19 19 19 19 19 19 19 19 19 19 19 19 19 19 19 59.7043748902 43.606066122 19 19 19 19 19 19
0 0 0 0 0 0 0 0 0 0 0 0 0 0 0 0 0 0 0 0 0 0 0 0 0 0 0 0 0 0 0 0 0 19 19 19 19 19 19 19 19 19 19 19 19 19 19 19 50.4653805146 37.512302685 73.9154391871 44.2700957152 35.2615647001 42.1590278731 42.1590278731 58.686490773 58.686490773 44.7763950711 49.3356910931 49.2390385512 49.2390385512 49.2390385512 19 19 19 19 19 19 19 19 19 19 19 19 19 19 19 43.490020262 43.490020262 56.1674724017 19 19 19 19
0 0 0 0 0 0 0 0 0 0 0 0 0 0 0 0 0 0 0 0 0 0 0 0 0 0 0 0 0 0 0 0 0 0 19 19 19 19 19 19 19 19 19 19 19 19 19 37.512302685 37.512302685 37.512302685 73.9154391871 44.2700957152 35.2615647001 42.1590278731 42.1590278731 58.686490773 66.0272782325 66.0272782325 19 19 49.2390385512 19 50.5231398056 72.515594866 19 19 19 19 19 19 19 19 19 19 19 19 19 56.1674724017 56.1674724017 56.1674724017 19 19 19 19
0 0 0 0 0 0 0 0 0 0 0 0 0 0 0 0 0 0 0 0 0 0 0 0 0 0 0 0 0 0 0 0 0 0 0 19 19 19 19 19 19 19 19 19 19 19 19 45.888889739 37.946180342 37.512302685 19 46.5829096633 35.2615647001 59.1651003791 19 66.0272782325 66.0272782325 84.5776093004 84.5776093004 19 49.2390385512 19 72.515594866 19 19 19 19 19 19 19 19 19 19 19 19 19 19 19 56.1674724017 56.1674724017 19 19 19 19
0 0 0 0 0 0 0 0 0 0 0 0 0 0 0 0 0 0 0 0 0 0 0 0 0 0 0 0 0 0 0 0 0 0 0 19 19 19 19 19 19 19 19 19 19 19 19 45.888889739 37.946180342 19 19 19 19 19 19 19 84.5776093004 84.5776093004 35.7943517408 35.7943517408 19 19 19 19 19 19 19 19 19 19 19 19 19 19 19 19 19 19 19 56.1674724017 55.100014598 56.1674724017 19 19
0 0 0 0 0 0 0 0 0 0 0 0 0 0 0 0 0 0 0 0 0 0 0 0 0 0 0 0 0 0 0 0 0 36.6976416792 47.6272260171 43.6984127257 19 19 19 19 19 19 19 19 19 19 19 19 37.946180342 19 19 19 19 19 19 19 19 35.7943517408 35.7943517408 19 19 19 19 19 19 19 19 19 19 19 19 19 19 19 19 19 19 19 19 55.100014598 55.100014598 55.100014598 19 19
0 0 0 0 0 0 0 0 0 0 0 0 0 0 0 0 0 0 0 0 0 0 0 0 0 0 0 0 0 0 50.3760559484 40.4301407631 30.1184472551 31.9384383679 31.1272730415 47.6272260171 47.6272260171 19 19 19 19 19 19 19 19 19 19 19 19 19 19 19 19 19 19 19 19 19 19 19 56.5166545213 56.5166545213 19 19 19 19 19 19 19 19 19 19 19 19 19 19 19 19 19 55.100014598 41.3623619093 41.3623619093 19 19
0 0 0 0 0 0 0 0 0 0 0 0 0 0 0 0 0 0 0 0 0 0 0 0 0 0 0 0 58.0115917969 62.5558646622 42.1741765039 50.3760559484 36.8849212776 37.7051852586 29.8822475038 47.6272260171 43.6984127257 19 19 19 19 19 19 19 19 19 19 19 19 19 19 19 19 19 19 19 19 19 19 19 56.5166545213 56.5166545213 56.5166545213 19 19 19 19 19 19 19 19 19 19 19 19 19 19 19 19 41.3623619093 41.3623619093 41.3623619093 19 19
0 0 0 0 0 0 0 0 0 0 0 0 0 0 0 0 0 0 0 0 0 0 0 0 0 42.8988405735 50.6741216216 49.5871154865 62.5558646622 62.5558646622 42.1741765039 50.3760559484 35.136797674 39.6286668368 35.2982889428 54.7063549248 0 0 19 19 19 19 19 19 19 19 19 19 19 19 19 19 19 19 19 19 19 19 34.5802901664 19 44.9996111589 44.9996111589 19 19 19 19 19 19 19 19 19 19 19 19 19 19 19 19 19 45.081466776 41.4729586761 41.4729586761 45.081466776 19
0 0 0 0 0 0 0 0 0 0 0 0 0 0 0 0 0 0 0 0 0 0 0 0 0 42.8988405735 50.6741216216 49.5871154865 62.5558646622 62.5558646622 42.1741765039 50.3760559484 40.1334576828 45.1332057357 0 0 0 0 19 19 19 19 19 19 19 19 19 19 19 19 19 19 19 19 41.7473444365 72.2126414902 72.2126414902 60.0075916209 34.5802901664 34.5802901664 44.9996111589 44.9996111589 44.9996111589 19 19 19 19 19 19 19 19 19 19 19 19 19 19 62.4530308714 19 43.9039761874 43.9039761874 41.4729586761 58.1248883368 19
0 0 0 0 0 0 0 0 0 0 0 0 0 0 0 0 0 0 0 0 0 0 0 0 0 57.1963571753 42.8988405735 49.5871154865 49.5871154865 50.6089134352 0 0 0 0 0 0 0 0 0 19 19 19 19 19 19 19 19 19 19 19 32.537844349 33.4959345272 49.6417597531 41.7473444365 41.7473444365 72.2126414902 72.2126414902 52.2228266986 34.5802901664 34.5802901664 44.9996111589 19 19 19 19 19 19 19 19 19 19 54.1447894664 19 47.3138969765 19 67.0863584231 67.7398571327 67.7398571327 19 43.9039761874 43.9039761874 43.9039761874 43.0609231051 52.8701563797
0 0 0 0 0 0 0 0 0 0 0 0 0 0 0 0 0 0 0 0 0 0 0 0 0 0 0 0 0 0 0 0 0 0 0 0 0 0 0 0 19 19 19 19 19 19 19 19 19 35.8941505324 32.537844349 32.537844349 49.6417597531 41.7473444365 41.7473444365 47.4948461931 72.2126414902 60.0075916209 19 19 19 19 54.2607034158 54.2607034158 33.7836222185 19 19 42.1246610848 42.1246610848 19 19 54.1447894664 47.3138969765 47.3138969765 47.3138969765 67.0863584231 67.7398571327 67.7398571327 62.4530308714 43.9039761874 30.9116358233 43.0609231051 43.0609231051 19
0 0 0 0 0 0 0 0 0 0 0 0 0 0 0 0 0 0 0 0 0 0 0 0 0 0 0 0 0 0 0 0 0 0 0 0 0 0 0 0 0 19 19 19 51.9667572924 51.9667572924 19 19 35.3153150082 35.8941505324 32.537844349 32.537844349 19 19 19 19 19 19 19 19 19 45.8689114718 54.2607034158 38.4987934841 33.7836222185 33.7836222185 33.7836222185 42.1246610848 42.1246610848 45.6521564403 19 54.1447894664 54.1447894664 47.3138969765 47.3138969765 67.0863584231 67.7398571327 46.3263519207 19 30.9116358233 30.9116358233 43.0609231051 49.7861404256 19
0 0 0 0 0 0 0 0 0 0 0 0 0 0 0 0 0 0 0 0 0 0 0 0 0 0 0 0 0 0 0 0 0 0 0 0 0 0 0 0 0 19 19 19 19 19 19 19 19 19 19 19 19 19 19 19 19 19 19 19 49.9681317219 45.8689114718 45.8689114718 38.4987934841 33.7836222185 33.7836222185 33.7836222185 42.1246610848 19 19 19 19 19 19 19 19 19 19 19 19 49.7861404256 49.7861404256 45.494290805 37.33414354
0 0 0 0 0 0 0 0 0 0 0 0 0 0 0 0 0 0 0 0 0 0 0 0 0 0 0 0 0 0 0 0 0 0 0 0 0 0 0 0 0 0 19 19 19 19 19 19 19 19 19 19 19 19 19 19 19 19 19 19 49.9681317219 19 45.8689114718 38.4987934841 59.3666186461 19 19 19 19 19 19 19 19 19 19 19 19 19 19 19 19 49.9864864824 49.9864864824 37.33414354
0 0 0 0 0 0 0 0 0 0 0 0 0 0 0 0 0 0 0 0 0 0 0 0 0 0 0 0 0 0 0 0 0 0 0 0 0 0 0 0 0 0 0 19 19 19 19 19 19 19 19 19 19 19 19 19 36.7714710187 47.4236852434 47.4236852434 19 19 49.9681317219 19 59.3666186461 41.8874359216 19 19 19 19 19 19 19 19 19 19 19 19 19 19 19 19 49.9864864824 37.33414354 37.33414354
0 0 0 0 0 0 0 0 0 0 0 0 0 0 0 0 0 0 0 0 0 0 0 0 0 0 0 0 0 0 0 0 0 0 0 0 0 0 0 0 0 0 0 19 19 19 19 19 19 19 19 19 19 19 19 19 36.7714710187 47.4236852434 47.4236852434 19 19 19 41.8874359216 41.8874359216 41.8874359216 59.3666186461 19 19 19 19 19 19 19 19 19 19 19 19 19 19 19 19 19 64.1058081648
0 0 0 0 0 0 0 0 0 0 0 0 0 0 0 0 0 0 0 0 0 0 0 0 0 0 0 0 0 0 0 0 0 0 0 0 0 0 0 0 0 0 0 0 19 34.1737386663 34.1737386663 34.1737386663 19 19 19 19 19 19 19 19 36.7714710187 36.7714710187 47.4236852434 19 19 19 59.3666186461 41.8874359216 41.8874359216 42.4572293009 19 19 19 19 19 19 19 19 19 19 19 19 19 19 19 19 19 19
0 0 0 0 0 0 0 0 0 0 0 0 0 0 0 0 0 0 0 0 0 0 0 0 0 0 0 0 0 0 0 0 0 0 0 0 0 0 0 0 0 0 0 0 19 34.1737386663 34.1737386663 19 19 19 19 19 52.5900161835 19 19 19 19 19 19 19 19 19 19 42.4572293009 42.4572293009 19 19 19 19 19 19 19 19 19 19 19 19 19 19 19 19 19 19 19
0 0 0 0 0 0 0 0 0 0 0 0 0 0 0 0 0 0 0 0 0 0 0 0 0 0 0 0 0 0 0 0 0 0 0 0 0 0 0 0 0 0 0 0 19 70.3478585793 43.4578391311 43.4578391311 19 19 19 50.4752235237 52.5900161835 52.5900161835 19 19 19 19 19 19 19 19 19 46.6401714982 53.9900558046 53.9900558046 45.7104276858 19 19 19 19 19 19 19 19 19 19 19 19 19 19 19 19 19
0 0 0 0 0 0 0 0 0 0 0 0 0 0 0 0 0 0 0 0 0 0 0 0 0 0 0 0 0 0 0 0 0 0 0 0 0 0 0 0 0 0 0 0 0 19 43.4578391311 43.4578391311 33.8117248079 19 19 50.4752235237 52.5900161835 52.5900161835 19 19 19 19 19 19 19 19 19 19 53.9900558046 53.9900558046 53.9900558046 19 19 19 19 19 19 19 19 19 19 19 19 19 19 19 19 19
0 0 0 0 0 0 0 0 0 0 0 0 0 0 0 0 0 0 0 0 0 0 0 0 0 0 0 0 0 0 0 0 0 0 0 0 0 0 0 0 0 0 0 0 0 19 52.2606847842 52.2606847842 52.2606847842 19 19 50.4752235237 50.4752235237 19 19 19 19 19 19 19 19 19 19 19 45.3702957611 45.3702957611 45.3702957611 19 19 19 19 19 19 19 19 19 19 19 19 19 19 19 19 19
0 0 0 0 0 0 0 0 0 0 0 0 0 0 0 0 0 0 0 0 0 0 0 0 0 0 0 0 0 0 0 0 0 0 0 0 0 0 0 0 0 0 0 0 0 19 34.7313251541 52.2606847842 44.4230360302 38.6952420396 19 19 19 19 19 19 19 19 19 19 19 19 19 19 45.3702957611 71.3300582475 71.3300582475 19 19 19 19 19 19 19 19 19 19 19 19 19 19 19 19 19
0 0 0 0 0 0 0 0 0 0 0 0 0 0 0 0 0 0 0 0 0 0 0 0 0 0 0 0 0 0 0 0 0 0 0 0 0 0 0 0 0 0 0 49.0233473424 49.7799919651 34.7313251541 34.7313251541 38.6952420396 38.6952420396 19 19 19 19 19 19 19 19 19 19 19 19 19 19 19 19 71.3300582475 71.3300582475 19 19 19 19 19 19 19 19 19 19 19 19 19 19 19 19 19
0 0 0 0 0 0 0 0 0 0 0 0 0 0 0 0 0 0 0 0 0 0 0 0 0 0 0 0 0 0 0 0 0 0 0 0 0 0 0 0 0 49.7799919651 41.8746315095 41.8746315095 49.7799919651 34.7313251541 34.7313251541 34.7313251541 19 50.0345706723 19 19 19 19 19 19 19 19 19 19 19 19 19 19 19 40.8184657314 40.8184657314 19 19 19 19 19 19 19 19 19 19 19 19 19 19 19 19 19
0 0 0 0 0 0 0 0 0 0 0 0 0 0 0 0 0 0 0 0 0 0 0 0 0 0 0 0 0 0 0 0 0 0 0 0 0 0 0 37.9252888101 57.1169241106 58.4284217325 58.4284217325 41.8746315095 49.7799919651 49.7799919651 19 50.0345706723 50.0345706723 19 19 19 19 19 19 19 19 19 19 19 19 19 19 19 40.8184657314 40.8184657314 40.8184657314 19 19 19 19 19 19 19 19 19 19 19 19 19 19 19 19 19
0 0 0 0 0 0 0 0 0 0 0 0 0 0 0 0 0 0 0 0 0 0 0 0 0 0 0 0 0 0 0 0 0 0 0 0 0 0 47.7902347133 47.7902347133 57.1169241106 57.1169241106 58.4284217325 41.8746315095 53.4244998478 0 0 19 19 19 19 19 19 19 19 19 19 19 19 19 19 19 19 19 19 19 19 19 19 19 19 19 19 19 19 19 19 19 19 19 19 19 19 19
0 0 0 0 0 0 0 0 0 0 0 0 0 0 0 0 0 0 0 0 0 0 0 0 0 0 0 0 0 0 0 0 0 0 0 0 0 0 47.7902347133 47.7902347133 57.1169241106 58.231257938 58.4284217325 0 0 0 0 19 19 19 19 19 19 19 19 19 19 19 19 19 19 19 19 19 19 58.53632508 19 19 19 19 19 19 19 19 19 19 19 19 19 19 19 19 19 19
0 0 0 0 0 0 0 0 0 0 0 0 0 0 0 0 0 0 0 0 0 0 0 0 0 0 0 0 0 0 0 0 0 0 0 0 0 0 73.187450581 47.7902347133 69.5952949702 0 0 0 0 0 0 19 19 19 19 19 19 19 19 19 19 19 19 19 19 19 19 19 58.53632508 58.53632508 58.53632508 19 19 19 19 19 19 19 19 19 19 19 19 19 19 19 19 19
0 0 0 0 0 0 0 0 0 0 0 0 0 0 0 0 0 0 0 0 0 0 0 0 0 0 0 0 0 0 0 0 0 0 0 0 0 0 0 0 0 0 0 0 0 0 0 0 19 19 19 19 19 19 19 19 19 19 19 19 19 19 19 19 19 58.53632508 19 19 19 19 19 19 19 19 19 19 19 19 19 19 19 19 19 19
0 0 0 0 0 0 0 0 0 0 0 0 0 0 0 0 0 0 0 0 0 0 0 0 0 0 0 0 0 0 0 0 0 0 0 0 0 0 0 0 0 0 0 0 0 0 0 0 0 0 19 19 19 19 19 19 19 19 19 19 19 19 19 19 58.53632508 58.53632508 19 19 19 19 19 19 19 19 19 19 19 19 19 19 19 19 19 19
