Spatial_Output/BAU/BAU_0936.asc
NCOLS 155
NROWS 192
XLLCORNER 196307.867259
YLLCORNER 449144.565805
CELLSIZE 33.573938
NODATA_VALUE NaN
[rows 108 to 143 of 192, columns 0 to 80 of 155]
0 0 0 0 0 0 0 0 0 0 0 0 0 0 0 0 0 0 0 0 0 0 0 30.6949916754 30.6949916754 30.6949916754 39.7746066647 42.1207062396 19 19 19 19 19 19 19 19 19 19 19 19 19 19 19 19 19 19 19 19 19 43.6414516663 43.6414516663 19 19 19 35.5440016541 35.5440016541 19 19 19 19 19 19 19 41.1724217835 19 41.1724217835 19 19 19 19 19 19 19 19 19 19 53.2101728663 53.2101728663 19 19 19
0 0 0 0 0 0 0 0 0 0 0 0 0 0 0 0 0 0 0 0 0 0 0 50.37929478 50.37929478 0 0 0 19 19 19 19 19 19 19 19 19 19 19 19 19 19 19 19 19 19 19 19 78.930256271 65.6130040538 65.6130040538 78.930256271 19 19 35.5440016541 35.5440016541 35.5440016541 19 19 19 19 19 19 41.1724217835 41.1724217835 41.1724217835 19 19 19 19 19 19 19 19 19 19 53.2101728663 53.2101728663 19 19 19
0 0 0 0 0 0 0 0 0 0 0 0 0 0 0 0 0 0 0 0 0 0 50.37929478 50.37929478 50.37929478 0 0 0 0 19 19 19 19 19 19 19 19 19 19 19 19 19 19 19 19 19 19 19 65.6130040538 65.6130040538 65.6130040538 65.6130040538 19 19 19 19 45.2098671483 19 19 19 58.9813698564 19 19 35.5383445409 56.6504798699 19 19 19 55.5242567655 19 19 48.3782762063 19 19 53.4973010499 53.4973010499 44.6228143719 44.6228143719 57.0289657058 56.5534137538 57.0289657058
0 0 0 0 0 0 0 0 0 0 0 0 0 0 0 0 0 0 0 0 0 50.37929478 50.37929478 50.37929478 0 0 0 0 0 19 19 19 19 19 19 19 19 19 19 19 19 19 19 19 19 19 19 19 62.7728955026 62.7728955026 62.7728955026 62.7728955026 19 19 37.9651823867 37.9651823867 37.9651823867 19 19 19 58.9813698564 58.9813698564 19 56.6504798699 56.6504798699 19 19 55.5242567655 55.5242567655 55.5242567655 48.3782762063 48.3782762063 19 53.4973010499 53.4973010499 53.4973010499 44.6228143719 44.6228143719 56.5534137538 56.5534137538 19
0 0 0 0 0 0 0 0 0 0 0 0 0 0 0 0 0 0 0 0 0 50.37929478 50.37929478 0 0 0 0 0 0 0 19 19 19 19 19 19 19 19 19 19 19 19 19 19 19 19 19 19 19 42.4794892746 42.4794892746 19 19 19 19 19 19 19 19 19 58.9813698564 58.9813698564 35.5383445409 35.5383445409 19 41.9823769857 19 55.5242567655 55.5242567655 55.5242567655 48.3782762063 48.3782762063 19 47.277974504 53.4973010499 53.4973010499 39.2068404654 44.6228143719 57.0289657058 56.5534137538 57.0289657058
0 0 0 0 0 0 0 0 0 0 0 0 0 0 0 0 0 0 0 0 0 0 0 0 0 0 0 0 0 0 0 19 19 19 19 19 19 19 19 19 19 19 19 19 19 19 19 19 19 64.6418642446 64.6418642446 19 19 19 19 19 19 19 19 19 58.9813698564 19 58.4810333386 35.5383445409 19 19 19 19 19 19 19 19 19 19 19 19 42.0374073751 42.0374073751 19 19 19
0 0 0 0 0 0 0 0 0 0 0 0 0 0 0 0 0 0 0 0 0 0 0 0 0 0 0 0 0 0 0 19 19 19 19 19 19 19 19 19 19 19 19 19 19 19 19 19 64.6418642446 64.6418642446 64.6418642446 19 19 19 19 19 19 19 19 19 19 19 19 45.5463518952 19 19 19 19 19 19 19 19 19 19 19 19 42.0374073751 42.0374073751 42.0374073751 19 19
0 0 0 0 0 0 0 0 0 0 0 0 0 0 0 0 0 0 0 0 0 0 0 0 0 0 0 0 0 0 0 0 19 19 19 19 19 19 19 19 19 19 19 19 19 19 19 19 19 19 19 19 19 19 19 19 19 19 19 19 19 19 19 45.5463518952 19 19 19 19 19 19 19 19 19 19 19 19 19 19 19 19 19
0 0 0 0 0 0 0 0 0 0 0 0 0 0 0 0 0 0 0 0 0 0 0 0 0 0 0 0 0 0 0 0 19 19 19 19 19 19 19 19 19 19 19 19 19 19 19 19 19 48.6151303757 19 19 19 19 19 19 19 19 19 19 19 19 19 46.9045823776 32.7589468446 19 19 19 19 19 19 19 19 19 19 19 19 19 19 66.1255569219 19
0 0 0 0 0 0 0 0 0 0 0 0 0 0 0 0 0 0 0 0 0 0 0 0 0 0 0 0 0 0 0 0 0 19 19 19 19 19 19 19 19 19 19 19 19 19 19 58.0459468911 48.6151303757 48.6151303757 48.6151303757 19 19 48.7244150401 19 53.0547195873 53.0547195873 19 19 19 19 19 19 44.2671067879 19 19 19 19 19 19 19 19 19 19 19 19 19 19 56.4973879747 56.4973879747 19
0 0 0 0 0 0 0 0 0 0 0 0 0 0 0 0 0 0 0 0 0 0 0 0 0 0 0 0 0 0 0 0 0 19 19 19 19 19 19 19 19 19 19 19 19 19 19 50.4334169216 35.3219611147 48.6151303757 35.3219611147 19 19 48.7244150401 53.0547195873 53.0547195873 53.0547195873 39.6424716703 19 19 19 44.2671067879 44.2671067879 44.2671067879 19 19 19 19 19 19 19 19 19 19 19 19 19 46.7091305375 46.7091305375 46.7091305375 19
0 0 0 0 0 0 0 0 0 0 0 0 0 0 0 0 0 0 0 0 0 0 0 0 0 0 0 0 0 0 0 0 0 0 19 19 19 19 19 19 19 19 19 19 19 19 19 43.6392292226 43.6392292226 38.0603442372 19 19 19 48.7244150401 48.7244150401 60.3549659757 60.3549659757 39.6424716703 19 19 19 19 44.2671067879 44.2671067879 19 19 19 19 19 19 19 19 19 19 19 19 19 46.7091305375 46.7091305375 36.9016825717 19
0 0 0 0 0 0 0 0 0 0 0 0 0 0 0 0 0 0 0 0 0 0 0 0 0 0 0 0 0 0 0 0 0 0 0 19 19 19 19 19 19 19 19 19 19 19 19 19 43.6392292226 43.6392292226 19 19 19 19 19 39.6424716703 39.6424716703 33.2742197081 19 19 19 19 53.5838277229 19 19 19 19 19 19 19 19 19 19 19 19 19 19 19 41.9829607337 41.9829607337 19
0 0 0 0 0 0 0 0 0 0 0 0 0 0 0 0 0 0 0 0 0 0 0 0 0 0 0 0 0 0 0 0 0 0 0 19 19 45.8423525678 47.2286028328 47.2286028328 66.9576640059 66.9576640059 19 19 19 19 19 56.7361055896 43.6392292226 19 19 19 19 19 19 19 19 57.5192089628 44.558599426 44.558599426 19 45.8271232829 45.8271232829 19 19 19 19 19 19 19 19 19 19 19 19 19 19 19 41.9829607337 41.9829607337 42.3811730203
0 0 0 0 0 0 0 0 0 0 0 0 0 0 0 0 0 0 0 0 0 0 0 0 0 0 0 0 0 0 0 0 0 43.4593693574 44.0685993435 45.0816813801 19 19 19 47.2286028328 47.2286028328 66.9576640059 19 19 19 19 19 56.7361055896 56.7361055896 56.7361055896 19 19 19 19 19 19 19 44.558599426 44.558599426 44.558599426 19 45.8271232829 45.8271232829 45.8271232829 19 19 19 19 19 19 19 19 19 19 19 19 19 19 19 42.3811730203 19
0 0 0 0 0 0 0 0 0 0 0 0 0 0 0 0 0 0 0 0 0 0 0 0 0 0 0 0 0 0 50.3760559484 40.4301407631 33.2589416018 29.6005991659 34.9469163124 45.0816813801 45.0816813801 19 19 47.2286028328 19 19 19 19 19 19 58.3031593294 19 19 19 19 19 19 19 19 19 19 19 44.558599426 19 19 38.9610824065 19 19 19 19 19 19 19 19 19 19 19 19 19 19 19 19 19 19 19
0 0 0 0 0 0 0 0 0 0 0 0 0 0 0 0 0 0 0 0 0 0 0 0 0 0 0 0 55.5576270897 62.5558646622 59.0695766833 50.1666644559 29.1882134184 40.4261518996 29.6486490799 45.0816813801 45.0816813801 19 19 19 19 19 19 19 19 19 19 19 19 19 19 19 19 19 19 19 19 19 19 49.0697069976 49.0697069976 49.0697069976 41.1296725321 19 19 19 19 19 19 19 19 19 19 19 19 19 19 19 19 19 19
0 0 0 0 0 0 0 0 0 0 0 0 0 0 0 0 0 0 0 0 0 0 0 0 0 42.8988405735 53.3056123191 49.5871154865 55.5576270897 55.5576270897 42.4203987894 59.0695766833 39.815185942 33.3919776279 40.3716202089 54.7063549248 0 0 19 19 19 19 19 19 19 19 19 19 19 19 19 19 19 19 19 19 19 19 19 49.2509837886 19 46.143988572 19 19 19 19 19 19 19 19 19 19 19 19 19 19 19 19 19 19 19
0 0 0 0 0 0 0 0 0 0 0 0 0 0 0 0 0 0 0 0 0 0 0 0 0 42.8988405735 53.3056123191 53.3056123191 55.5576270897 55.5576270897 59.0695766833 50.3760559484 40.1334576828 32.1179804855 0 0 0 0 19 19 19 19 19 19 19 19 19 19 19 19 19 19 19 19 68.4517891061 68.4517891061 19 49.7901064218 49.7901064218 49.2509837886 19 19 19 19 19 19 19 19 19 19 19 19 19 19 19 19 19 19 19 43.3975583774 19
0 0 0 0 0 0 0 0 0 0 0 0 0 0 0 0 0 0 0 0 0 0 0 0 0 57.1963571753 53.3056123191 53.3056123191 49.5871154865 50.6089134352 0 0 0 0 0 0 0 0 0 19 19 19 19 19 19 19 19 19 19 19 55.8313030153 45.5088445492 45.5088445492 45.5088445492 45.5088445492 19 50.8868699939 49.7901064218 49.7901064218 49.2509837886 19 19 19 19 19 19 19 19 19 19 19 19 19 19 57.0971051398 19 19 19 69.5708119251 69.5708119251 19
0 0 0 0 0 0 0 0 0 0 0 0 0 0 0 0 0 0 0 0 0 0 0 0 0 0 0 0 0 0 0 0 0 0 0 0 0 0 0 0 19 19 19 19 19 19 19 19 44.0602016611 19 55.8313030153 45.5088445492 45.5088445492 45.5088445492 58.8479898594 68.4517891061 19 50.8868699939 49.7901064218 19 19 19 19 19 19 19 19 44.8519501041 19 19 37.7907303176 19 37.7907303176 19 57.0971051398 19 19 19 69.5708119251 69.5708119251 19
0 0 0 0 0 0 0 0 0 0 0 0 0 0 0 0 0 0 0 0 0 0 0 0 0 0 0 0 0 0 0 0 0 0 0 0 0 0 0 0 0 19 19 19 19 19 19 19 44.0602016611 44.0602016611 19 45.5088445492 45.5088445492 45.5088445492 19 19 19 19 19 19 19 19 80.4042133157 80.4042133157 80.4042133157 19 19 44.8519501041 44.8519501041 51.8069453878 51.8069453878 37.7907303176 19 19 19 19 19 19 19 19 48.2530880606
0 0 0 0 0 0 0 0 0 0 0 0 0 0 0 0 0 0 0 0 0 0 0 0 0 0 0 0 0 0 0 0 0 0 0 0 0 0 0 0 0 19 19 19 19 19 19 19 44.0602016611 44.0602016611 19 19 19 19 19 19 19 19 19 19 19 45.4475935154 19 80.4042133157 19 19 19 44.8519501041 48.3091122111 51.8069453878 19 19 19 19 19 19 19 19 19 19 19
0 0 0 0 0 0 0 0 0 0 0 0 0 0 0 0 0 0 0 0 0 0 0 0 0 0 0 0 0 0 0 0 0 0 0 0 0 0 0 0 0 0 19 19 19 19 19 19 19 19 19 19 19 19 19 19 19 19 19 19 19 19 19 80.4042133157 19 19 19 19 19 19 19 19 19 19 19 19 19 19 19 19 19
0 0 0 0 0 0 0 0 0 0 0 0 0 0 0 0 0 0 0 0 0 0 0 0 0 0 0 0 0 0 0 0 0 0 0 0 0 0 0 0 0 0 0 19 19 19 19 19 19 19 19 19 19 19 19 19 19 19 19 19 19 19 19 19 19 19 19 19 19 19 19 19 19 19 19 19 19 19 19 19 19
0 0 0 0 0 0 0 0 0 0 0 0 0 0 0 0 0 0 0 0 0 0 0 0 0 0 0 0 0 0 0 0 0 0 0 0 0 0 0 0 0 0 0 19 19 59.1136143126 59.1136143126 59.1136143126 19 19 19 19 19 19 52.9416741491 52.9416741491 19 19 19 19 19 19 19 19 19 19 19 19 19 19 19 19 19 19 19 19 19 19 19 19 19
0 0 0 0 0 0 0 0 0 0 0 0 0 0 0 0 0 0 0 0 0 0 0 0 0 0 0 0 0 0 0 0 0 0 0 0 0 0 0 0 0 0 0 0 19 59.1136143126 59.1136143126 38.6477343687 19 19 19 19 45.0307655908 45.0307655908 52.9416741491 52.9416741491 19 19 19 19 19 19 19 19 19 19 19 19 19 19 19 19 19 19 19 19 19 19 19 19 19
0 0 0 0 0 0 0 0 0 0 0 0 0 0 0 0 0 0 0 0 0 0 0 0 0 0 0 0 0 0 0 0 0 0 0 0 0 0 0 0 0 0 0 0 19 38.6477343687 59.1136143126 19 19 19 19 19 45.0307655908 45.0307655908 45.0307655908 52.9416741491 19 19 19 19 19 19 19 19 57.248447236 57.248447236 19 19 19 19 19 19 19 19 19 19 19 19 19 19 19
0 0 0 0 0 0 0 0 0 0 0 0 0 0 0 0 0 0 0 0 0 0 0 0 0 0 0 0 0 0 0 0 0 0 0 0 0 0 0 0 0 0 0 0 19 55.8907946012 55.8907946012 19 19 19 19 19 19 45.0307655908 45.0307655908 19 19 19 19 19 19 19 19 57.248447236 57.248447236 57.248447236 19 19 19 19 19 19 19 19 19 19 19 19 19 19 19
0 0 0 0 0 0 0 0 0 0 0 0 0 0 0 0 0 0 0 0 0 0 0 0 0 0 0 0 0 0 0 0 0 0 0 0 0 0 0 0 0 0 0 0 0 19 35.5627858468 19 19 19 19 45.9584145056 45.9584145056 19 19 19 19 19 19 19 19 19 19 19 19 41.1760017125 41.1760017125 19 19 19 19 19 19 19 19 19 19 19 19 19 19
0 0 0 0 0 0 0 0 0 0 0 0 0 0 0 0 0 0 0 0 0 0 0 0 0 0 0 0 0 0 0 0 0 0 0 0 0 0 0 0 0 0 0 0 0 19 19 19 19 42.9198652235 42.9198652235 45.9584145056 45.9584145056 19 19 19 19 19 19 19 19 19 19 19 41.1760017125 41.1760017125 41.1760017125 19 19 19 19 19 19 19 19 19 19 19 19 19 19
0 0 0 0 0 0 0 0 0 0 0 0 0 0 0 0 0 0 0 0 0 0 0 0 0 0 0 0 0 0 0 0 0 0 0 0 0 0 0 0 0 0 0 0 0 19 19 19 67.9362300924 67.9362300924 42.9198652235 57.8281635222 19 19 19 19 19 19 19 19 19 19 19 19 19 19 36.3227884095 19 19 19 19 19 19 19 19 19 19 19 19 19 19
0 0 0 0 0 0 0 0 0 0 0 0 0 0 0 0 0 0 0 0 0 0 0 0 0 0 0 0 0 0 0 0 0 0 0 0 0 0 0 0 0 0 0 49.0233473424 41.9182891093 41.9182891093 52.0812112657 19 67.9362300924 67.9362300924 42.9198652235 19 19 19 19 19 19 19 19 19 19 19 19 19 19 45.945161849 45.945161849 19 19 19 19 19 19 19 19 19 19 19 19 19 19
0 0 0 0 0 0 0 0 0 0 0 0 0 0 0 0 0 0 0 0 0 0 0 0 0 0 0 0 0 0 0 0 0 0 0 0 0 0 0 0 0 49.7799919651 62.0915716217 41.9182891093 41.9182891093 41.9182891093 52.0812112657 52.0812112657 19 19 19 19 19 19 19 19 19 19 19 19 19 19 19 19 19 45.945161849 19 19 19 19 19 19 19 19 19 19 19 19 19 19 19
0 0 0 0 0 0 0 0 0 0 0 0 0 0 0 0 0 0 0 0 0 0 0 0 0 0 0 0 0 0 0 0 0 0 0 0 0 0 0 37.9252888101 41.9182891093 41.9182891093 62.0915716217 41.9182891093 41.9182891093 41.9182891093 19 19 19 19 19 19 19 19 19 19 19 19 19 19 19 19 19 19 19 45.945161849 19 19 19 19 19 19 19 19 19 19 19 19 19 19 19
0 0 0 0 0 0 0 0 0 0 0 0 0 0 0 0 0 0 0 0 0 0 0 0 0 0 0 0 0 0 0 0 0 0 0 0 0 0 58.4284217325 58.4284217325 41.9182891093 41.9182891093 62.0915716217 61.3331361187 41.9182891093 0 0 19 19 19 19 19 19 19 19 19 19 19 19 19 19 19 19 19 19 19 19 19 19 19 19 19 19 19 19 19 19 19 19 19 19
