Spatial_Output/BAU/BAU_0333.asc
NCOLS 155
NROWS 192
XLLCORNER 196769.923733
YLLCORNER 449719.875193
CELLSIZE 27.603701
NODATA_VALUE NaN
[rows 115 to 137 of 192, columns 0 to 52 of 155]
0 0 0 0 0 0 0 0 0 0 0 0 0 0 0 0 0 0 0 0 36.2853675011 37.2772317017 36.0913863369 36.4700830157 37.039958718 36.8560530769 37.1049637415 36.5263580872 36.4012159117 36.6625151161 36.9715326071 37.2330226505 37.272735662 36.137229427 37.3230797157 36.831113486 37.1806214292 37.0951794334 36.5864924502 37.1585554312 36.5274314671 37.0265215071 37.2077387377 54.1027817637 54.1027817637 37.3281178209 37.0284851059 36.1597984313 68.666116323 36.8753944556 85.250983618 58.4943825527 58.4943825527
0 0 0 0 0 0 0 0 0 0 0 0 0 0 0 0 0 0 0 0 37.2838163246 37.3421637928 36.3711031324 36.5877165641 37.1136344259 36.4505993283 37.36143776 36.9587184876 36.4834931693 36.9470551295 37.1933614281 36.5048447005 36.9863630215 37.1068232566 37.0316533405 37.3932061733 37.2509779615 36.6892788263 36.2723487306 36.7547625318 36.965808763 36.0175682937 54.1027817637 54.1027817637 54.1027817637 36.890448987 36.5193674443 37.089160946 61.029983008 85.250983618 68.666116323 58.4943825527 58.4943825527
0 0 0 0 0 0 0 0 0 0 0 0 0 0 0 0 0 0 0 0 0 36.0418092248 36.01658662 36.7275689843 36.8982570801 37.1217888341 36.2228740253 36.6889439121 36.6713532931 36.6729141967 37.0589184088 36.1867908402 36.4310792906 36.6931281011 37.0699607594 37.1381852312 37.3194373197 36.5296291504 37.1210308351 37.3001853067 36.4126783806 36.8126707839 36.3081059362 50.9816067841 50.9816067841 36.682435671 36.5758697997 36.6387013408 61.029983008 36.9333435181 36.4056382632 36.3840992111 36.8414924491
0 0 0 0 0 0 0 0 0 0 0 0 0 0 0 0 0 0 0 0 0 36.1736371018 36.4998289803 36.513358905 37.1936485684 36.3353517955 37.4108131624 37.1246334046 36.2687218187 36.4315088039 36.1250084428 36.0330542091 36.124298441 37.262943819 37.2007174074 37.1790784183 36.5614201086 36.3495359122 36.7641128052 36.4573109926 36.1748464543 36.23111996 37.2788495561 37.1613637531 37.4008089713 36.286939796 36.9063952309 37.1646792205 36.4320814768 37.2649403639 37.3411941925 37.0440186704 36.4822025148
0 0 0 0 0 0 0 0 0 0 0 0 0 0 0 0 0 0 0 0 0 0 36.3734689259 36.4913186182 36.9060832182 36.8183039746 36.3736599436 37.2142606051 36.184157129 36.126175116 36.0094950327 37.2132793424 37.00006127 36.1154000928 36.1558174034 37.2301647941 37.0590416799 36.1065086752 36.0966073463 36.7564944463 36.6455729149 37.0999842202 58.1320148826 53.7460414912 36.357373457 36.49315449 61.9444862465 70.5242324974 70.5242324974 70.5242324974 36.2355661473 37.0554394278 36.0371858292
0 0 0 0 0 0 0 0 0 0 0 0 0 0 0 0 0 0 0 0 0 0 36.0967250455 36.9395951488 37.3675657416 37.0263813656 36.6482755864 36.4160221442 36.7382554168 36.5578579194 36.7242692329 37.0961011197 36.2990156974 36.6275489027 37.2619468458 36.9824376035 37.3237622409 37.2871003825 36.3789121526 36.1422827823 37.3792989604 36.1341821814 58.1320148826 61.5963262176 36.1973576393 36.4499106505 37.0736418266 36.9251218254 70.5242324974 89.0561396331 89.0561396331 36.3581970058 37.1976179637
0 0 0 0 0 0 0 0 0 0 0 0 0 0 0 0 0 0 0 0 0 0 0 37.3890528144 37.3973559901 37.3659555138 36.3648655429 37.0265414085 36.3333431975 36.590343634 37.2450255601 36.3472881229 36.5630650076 36.4352478043 36.8628382486 37.0713026455 36.7836344806 36.8732518675 36.3557124418 36.5195658414 37.1268931053 36.8150714162 61.5963262176 61.5963262176 61.5963262176 37.139127162 36.8370586624 60.2139739187 70.5242324974 36.6192609506 89.0561396331 36.934079518 36.1990188648
0 0 0 0 0 0 0 0 0 0 0 0 0 0 0 0 0 0 0 0 0 0 0 0 36.7745228461 36.5026855198 36.6643264519 36.5969019316 36.4624386055 36.4375755174 37.3597668191 36.3623585752 37.3930911148 36.6478847371 36.6234093519 36.5801010063 36.223027192 36.1512798842 37.2589353019 36.7286855436 36.2505779806 36.6536638389 37.3755455159 36.6749301908 36.3953046711 36.5213171665 36.8699685133 36.513131142 49.4108887312 36.2450024849 56.0760089628 36.9702791629 59.4424555502
0 0 0 0 0 0 0 0 0 0 0 0 0 0 0 0 0 0 0 0 0 0 0 0 37.0706938882 36.4311485366 36.2403674641 36.2785025257 36.7829537152 37.2099119995 36.3854537696 36.2851476133 37.0924515281 36.0970264694 37.3926067215 36.3888284076 36.9521680974 37.2689746413 50.0075509205 36.8213445777 36.9690334262 37.3506142756 36.0464541197 36.9973040106 36.5539265117 37.1163275893 37.0738481435 36.1710023327 36.646007197 56.0760089628 56.0760089628 59.4424555502 36.0880535907
0 0 0 0 0 0 0 0 0 0 0 0 0 0 0 0 0 0 0 0 0 0 0 0 0 37.2757112094 36.3539201768 36.4138729636 37.285078596 36.3159979144 36.9428681136 36.513865723 37.0607564411 36.8076309613 36.1687556197 37.2865286205 36.7310648125 36.0443966181 36.1837713206 36.1527079839 36.3535435521 36.1682739902 57.8349482789 57.8349482789 57.8349482789 36.2179572668 36.0221011332 37.1925136442 36.5123969578 56.0760089628 36.2757539784 53.7000064832 59.4424555502
0 0 0 0 0 0 0 0 0 0 0 0 0 0 0 0 0 0 0 0 0 0 0 0 0 36.7625356319 36.2969654305 36.4116087768 36.6710630932 37.4098725718 36.6551640972 36.796029354 37.2279555956 36.786870872 43.9243710067 44.1819352167 59.9355898393 37.3400569485 36.8090539043 37.2806036034 36.4746271111 66.3646161124 66.3646161124 67.212182928 36.4221240108 36.4898001916 36.793051229 36.5478049007 66.9401889735 36.1031501356 37.2260146426 37.1770184933 36.7486740423
0 0 0 0 0 0 0 0 0 0 0 0 0 0 0 0 0 0 0 0 0 0 0 0 0 0 36.1571469646 36.0310910837 37.0827729598 37.3106500991 37.3072456215 37.2957626185 37.3321974248 62.0123329687 43.9243710067 43.9243710067 37.2612906975 36.7493998028 49.9832471451 36.3934776052 56.3612888338 57.3382813177 66.3646161124 66.3646161124 36.3986462664 36.0025604285 36.3572678501 36.3723970382 36.0327765234 36.6891550852 36.2839449628 67.6248538098 52.7317224235
0 0 0 0 0 0 0 0 0 0 0 0 0 0 0 0 0 0 0 0 0 0 0 0 0 0 36.9654708653 36.4586405519 36.944745448 60.6907178738 60.6907178738 62.3149114842 62.0123329687 62.0123329687 43.9243710067 43.9243710067 44.1819352167 37.3229539517 36.9625223178 36.7071308853 58.7529175862 57.3382813177 57.3382813177 57.3382813177 36.6048757408 36.3999704645 37.0502800433 36.5994493484 37.1547001308 36.6774131513 36.3040168382 36.2282405677 52.7317224235
0 0 0 0 0 0 0 0 0 0 0 0 0 0 0 0 0 0 0 0 0 0 0 0 60.1211297028 67.9043879331 73.8179246156 67.7649825215 36.0819123964 60.6907178738 60.6907178738 60.6907178738 62.3149114842 62.0123329687 37.1685940121 36.7719808033 36.3566893687 36.5565320591 36.1545277953 36.2558058263 83.1404204834 57.3382813177 83.1404204834 37.129042554 36.8550064772 37.0327970906 36.955304538 36.677941921 36.3278091105 36.6676572588 36.5030576225 36.24491574 36.2588518001
0 0 0 0 0 0 0 0 0 0 0 0 0 0 0 0 0 0 0 0 0 0 67.8999933378 48.0240803749 56.8923261147 56.8923261147 73.8179246156 73.4573097016 37.0310185626 37.3012856753 60.6907178738 61.4344922706 36.3646147763 36.0982961227 36.9837804495 37.0063411742 36.6289508935 36.2181929801 36.9955511397 36.0026331339 58.0499487053 83.1404204834 83.1404204834 37.3051918419 36.8687498894 37.1173338315 36.6518691911 36.2697111834 36.3255954362 36.8625516373 37.1574125351 36.152975252 36.4026477791
0 0 0 0 0 0 0 0 0 0 0 0 0 0 0 0 0 0 59.0657929995 76.9710439068 71.2491857421 49.7718111413 54.6739359656 48.0240803749 56.8923261147 56.8923261147 73.8179246156 73.8179246156 36.9116528915 36.4417929151 36.3160357432 36.5331062488 36.5706596642 37.1763646706 36.189186732 36.3768877695 37.1018344488 36.5366154367 36.6674088947 36.7551781698 61.7988937355 36.4311954537 58.0499487053 37.240170586 36.1781844573 37.4027038008 36.0044271559 36.7183378576 37.07800962 37.4088237502 36.785731421 36.1686324693 36.5571178216
0 0 0 0 0 0 0 0 0 0 0 0 0 0 0 79.179752867 68.1774819537 82.0739412053 59.0657929995 59.0657929995 49.7718111413 49.7718111413 49.7718111413 67.8999933378 48.0240803749 73.0996900332 58.3494605592 0 0 36.2753983413 37.0736493397 37.1557710847 36.9084642171 36.28926317 37.1240117666 36.6039492612 36.6418950223 36.5622221204 36.8601447077 58.5720478402 58.5720478402 58.5720478402 37.1430830132 37.1062782441 36.955604154 36.9603828657 36.6983789814 36.4509416583 36.2800956297 37.3251412078 37.3479685858 37.1462892435 36.7550909591
0 0 0 0 0 0 0 0 0 0 0 0 0 0 0 69.4088358824 77.791412639 83.5625357846 59.0657929995 59.0657929995 71.2491857421 49.7718111413 66.5580026794 67.8999933378 76.6273452456 55.3331103639 0 0 0 0 37.1036253941 36.3596701539 36.3860714702 37.3603017081 36.7269132685 37.3710951663 36.7569340846 36.1075591805 36.5143165247 36.4887860756 58.5720478402 58.5720478402 36.6408091276 36.0871141951 36.8414725709 37.3096144385 36.5914299007 37.2373230681 36.8223627158 37.3296489119 37.1195421907 36.7854840412 37.2220711168
0 0 0 0 0 0 0 0 0 0 0 0 0 0 0 74.6705400653 67.6989459673 67.6828608538 57.5277771649 59.0657929995 62.1675640297 0 0 0 0 0 0 0 0 0 36.7437767013 36.2055079069 37.3784272183 36.6957262261 37.2440945332 36.9642281552 36.5319044593 36.2589050391 37.0776418363 37.277922046 36.6155943945 36.9751394909 36.0846322765 36.9038967361 36.2750091829 37.3499162935 36.0192339817 36.2020284637 53.3826978352 66.8607782181 66.9799403698 37.3778927553 73.77749666
0 0 0 0 0 0 0 0 0 0 0 0 0 0 0 63.1621656041 72.2123309374 70.1942765153 76.3557584598 0 0 0 0 0 0 0 0 0 0 0 0 36.7693705397 37.2447402498 36.2318635671 37.2179995277 36.6507435459 37.2882078562 36.0289967328 57.9196709548 57.9196709548 57.9196709548 36.4425161915 37.1735772632 36.351167277 36.674739169 36.4370912725 36.7243267823 73.3279584691 53.3826978352 53.3826978352 66.9799403698 66.9799403698 36.0381134177
0 0 0 0 0 0 0 0 0 0 0 0 0 0 0 0 0 0 0 0 0 0 0 0 0 0 0 0 0 0 0 0 36.8863874607 37.1422436091 37.0577096543 37.2853515505 36.1071895647 36.3522979696 36.6873535702 57.9196709548 57.9196709548 36.1200319539 36.8433994337 37.336459344 36.5011269912 36.2533231698 36.1828820476 73.3279584691 73.3279584691 53.3826978352 66.9799403698 37.3678424742 36.3490852948
0 0 0 0 0 0 0 0 0 0 0 0 0 0 0 0 0 0 0 0 0 0 0 0 0 0 0 0 0 0 0 0 0 36.5579227475 37.1005748761 36.849527208 36.7555240752 37.013628643 37.3448584386 37.1815985168 36.1950446825 36.7935081327 37.2426887766 37.2583318925 36.900745715 36.555565212 37.2098057047 73.3279584691 73.224965955 37.3731612309 36.8383280177 36.1347936176 36.3817152693
0 0 0 0 0 0 0 0 0 0 0 0 0 0 0 0 0 0 0 0 0 0 0 0 0 0 0 0 0 0 0 0 0 36.699262173 37.2371328826 36.5534469119 36.9826836474 36.8687535492 36.6395257567 36.2706280289 36.5704918509 36.5603909869 36.899391143 36.6839203785 36.7218858461 37.3911636388 36.6267613126 37.157374436 36.3306770642 36.4589184316 36.5475363901 37.256934852 36.5146096505
