Spatial_Output/BAU/BAU_0574.asc
NCOLS 155
NROWS 192
XLLCORNER 196769.923733
YLLCORNER 449719.875193
CELLSIZE 27.603701
NODATA_VALUE NaN
[rows 138 to 160 of 192, columns 53 to 105 of 155]
26.7943095006 27.0745042966 27.3296207858 28.5569463871 59.921732411 68.220788029 28.2141563087 50.7890587002 61.8834857022 26.9461080399 26.8906344181 28.12440472 27.083660034 26.7141020741 26.6168284856 27.4822705136 27.4885301749 28.105088648 26.6857580261 27.067013585 27.286079875 27.5504600443 27.3938722847 28.073782548 27.1981271832 26.9303629235 26.578048377 27.1926799992 26.6692533546 26.6405272241 28.5690295893 28.0169316993 28.2485701358 37.793927965 27.3141696088 28.516720326 28.468629884 26.7976612954 27.541452745 27.3741506099 27.7957405822 28.3460766428 28.094844348 27.0088498249 27.7181501376 26.7582152013 27.3377935074 27.7264000248 28.351471647 28.49757876 27.5099736048 26.655777858 28.1142976366
27.0805162852 28.2725525107 27.0799093171 59.921732411 59.921732411 59.921732411 28.3620362847 46.0538086169 46.0538086169 27.16032114 26.6620493183 28.4201600858 27.0062342235 27.6567002215 27.9120347652 27.9985223984 28.1734876476 27.0069996814 28.0474982689 28.3332593871 27.7258416276 28.6026743067 28.184539709 26.578897634 27.612229538 27.7758396329 26.6654693679 27.0840392883 28.4645994828 26.7848660533 27.1838910265 27.7776776987 37.793927965 37.793927965 27.6187196529 27.9597893986 27.3673439708 27.3037214919 28.2198388784 26.8413563294 27.2908832662 27.1483409799 28.5557928768 26.8463453098 28.1626605483 27.1050087061 27.7704549845 26.5708534526 28.1022570314 27.4808997054 27.1769958787 28.2521432882 28.1418215556
27.9158014847 27.8523250642 69.4752019989 26.9938948523 27.9449309701 59.921732411 46.0538086169 26.6109751121 46.0538086169 27.602304522 27.1098975576 27.4073699134 27.0373902287 27.0689888168 28.3805651406 28.1581590216 27.4489117749 28.2040260262 26.5705675527 26.8307385459 26.8870598174 28.4698561505 27.2298243953 26.9779370224 27.641590839 28.3990087417 28.3242262064 27.0233986671 27.5804299138 28.2966359593 26.6539458594 27.6417412076 37.793927965 37.793927965 37.793927965 28.4802843231 27.2571478866 27.250822982 27.6818378085 27.7399106631 28.3899011353 27.3313456295 28.5876541276 27.91675486 26.9137236539 27.9681584392 28.5423161158 27.3334383088 27.7273079098 27.9730081668 27.8871160475 27.2117991907 27.7267376713
27.728517479 26.9997851193 27.4275796605 26.8156157227 26.5535931069 28.2450523039 27.4079707978 26.5178309322 27.088976275 28.5270925442 26.7344904745 27.3633179046 27.4353229602 27.6642332675 26.8785597254 27.4408232645 26.509551035 28.1484518798 27.9781461369 27.4289411779 26.6484393308 27.1699385046 27.22332818 26.9429518701 27.714793414 27.0506009404 27.0611370488 28.1340683009 27.0871096715 27.4863473541 26.5339774544 27.2546456856 27.8835771852 28.4766486775 28.3661502639 28.2478435257 26.6355935132 57.912310365 57.912310365 28.0858811825 27.4307150559 27.1812706146 26.5988056383 26.7784792245 26.9564981555 27.8028535569 26.5883699063 27.219165305 27.6371696443 27.9967941641 28.2208248205 28.23631661 26.8970509405
28.2829065764 26.699911306 27.1755812575 27.5022240986 27.2291906172 26.5419936574 28.3621807768 28.6111548806 26.9146702748 28.1219725759 28.0714404395 26.8888078843 27.5585804683 26.9036796988 27.4411977141 28.3694934618 27.7236380625 27.4896194381 27.3836170157 27.6503520568 28.3139741056 26.7198139271 27.8003705179 27.029251328 27.6697305856 28.2085975066 26.9055017158 28.5355268438 27.1841580904 27.2358855427 28.0135330924 26.830094087 27.4446074799 27.3186194963 27.264646499 28.4747819594 57.912310365 55.3204892506 55.3204892506 27.8678593736 27.9737556879 26.7822805813 26.774001186 26.7217229931 26.8528298402 27.4073482318 26.9265378072 27.0408152547 27.3930617078 27.8201237296 27.4752912315 27.0213888584 28.0053849028
27.8967243081 27.8259904008 26.7191350317 27.8483818972 26.5055360237 28.1201172311 28.3669690653 27.8204030817 28.2696732503 27.3032736828 27.1330628413 27.646126027 27.2471647451 26.6086616963 26.9051240716 28.0961189764 27.9191070663 26.6959537326 27.3285865103 26.5102642773 28.5370020489 27.5575661737 27.2966547424 26.9820961516 27.8007837448 27.5505844338 28.0321909659 28.2027243866 28.2205655381 26.8325221575 26.5486855648 27.335423219 26.780830833 27.507279139 27.4915195768 28.2430558596 55.3204892506 55.3204892506 55.3204892506 26.9995435079 28.2830947872 26.6464234219 26.6750957947 26.5298977422 26.6802906152 27.1795058911 28.0826766394 27.4622039757 27.4235321536 27.567318746 27.7756388161 28.1546437012 27.3650026064
26.6768262322 27.6344353585 27.9668388279 26.8787848883 26.9681976052 26.5320834141 26.6991256108 26.8333170423 27.5612082896 26.7819799598 28.0121070809 28.6100377231 27.9151754805 26.977593358 27.1260724824 26.6617235086 28.2701989556 26.9890164654 28.286628853 26.8034364945 26.5929686922 27.2926168211 26.9866422894 27.5066077918 26.760588996 27.1798453563 27.7896585869 27.4245047301 26.6249539929 28.0279025412 26.9921956117 28.1479616566 27.4715174346 26.6271962703 27.9011792075 27.3967899626 27.1361209388 51.1830534026 51.1830534026 47.0496176499 27.6477720059 27.0675541103 28.2234634796 28.589794857 26.6997505128 26.9488014379 27.0052930149 27.198640697 28.3984591256 28.4583328205 26.5099672332 26.7462038977 27.886271796
28.0707553181 27.2213424566 26.7489142691 28.6003513732 27.1427012561 28.0152532976 27.7368041988 27.7979449938 60.8849042559 60.8849042559 28.0453497235 27.9733196742 26.937535389 27.2483266823 26.6883400236 26.9415885248 26.8322447947 26.6805572322 27.4956459508 28.5556300765 27.1621377702 27.2690936515 27.1405216017 27.584867157 27.069395214 28.4455887123 28.1716861678 28.2634655326 28.20922663 28.5624890522 27.7507529734 28.0324096465 28.2333587085 27.229006006 28.3032620447 27.066816267 27.1736748001 38.2591851744 47.0496176499 47.0496176499 26.5295437779 27.6753434031 27.2089300409 27.3349912535 26.7664887916 26.6003858191 27.5502065716 26.7053989394 28.0838180886 26.5484689473 27.0713144641 27.4337522236 26.5315924537
26.6923445558 27.455142214 26.8454051403 28.023754723 28.3614483373 26.9333499456 26.6537065442 27.174325845 28.2925396273 56.7135951511 56.7135951511 28.4185556248 27.8341798413 28.3173080534 27.9804159908 26.7630977079 27.1752222333 26.695383573 27.3670177848 26.6644748302 26.8387376069 26.8076117012 26.6640276484 28.1370781348 27.2026407836 28.4610197928 27.8050102711 28.4336330986 28.2176531674 27.1340165427 27.4835658281 26.9430049916 26.6066091319 27.2524674386 27.5204949294 26.780640813 26.6531605018 60.608909577 38.2591851744 27.3768347467 28.5080449296 27.3746505097 27.4394954762 26.5253388963 27.3545802482 26.9005810784 27.4689068721 27.707663345 26.7077157879 28.3902588752 27.5303217745 27.3689573268 27.9674373651
27.1499966479 28.1017442619 28.4130006564 27.5390658193 26.6091864641 26.9937714069 28.1106275314 27.624147678 27.5038088564 64.4817314831 64.4817314831 27.4862928392 27.0572472793 26.9648178429 26.8168070807 27.4180018014 27.5027811281 27.2681073077 28.485900973 27.3491699313 27.1556378916 26.7150821536 27.2154149579 27.0268240178 26.8846582596 27.2120197181 27.9384037537 27.9217156524 27.574226768 27.38132829 27.3585236459 27.1146562611 27.5793348724 26.9564637057 28.3789420037 28.3172000134 27.3945715882 26.5172051211 26.6507818391 39.866438433 39.866438433 27.8228554477 27.2478306733 27.0375444491 27.6369543902 26.6718857136 27.8292787934 27.4963703475 28.2398577392 28.3888594179 28.2797484106 28.47583245 27.4658423163
27.8178384599 27.7703785745 28.3557314663 28.5762757524 27.8257023904 27.3380611922 28.3380707192 27.0843073113 27.5302977892 64.4817314831 64.4817314831 27.9745708307 26.7457761634 26.9605394041 26.9066214511 27.6079165397 27.296032018 27.8411162001 27.9307646499 27.6948212118 27.8931463527 26.5493228004 27.1932515258 28.4738783424 26.539974501 27.9833285867 27.0933688242 28.4500880476 27.3197407678 28.0049848589 27.6437173235 28.0659749273 28.5958776725 27.1782885533 27.4989534563 26.9644370873 27.1063477973 26.5942082824 39.866438433 39.866438433 42.3265916901 27.4583811335 28.5004960647 26.5108861145 26.5699977505 26.6204180141 26.633312953 27.4032667193 27.9966575701 27.8598892456 27.0780318101 27.826327905 28.185324515
27.5033223007 27.0478750622 28.1699669703 27.5956469615 26.8221428155 27.8732696947 27.0888832333 27.3267082912 27.3962864378 27.9466099319 50.9571501259 28.1481036859 28.47151664 28.1116857842 27.0236435469 27.8395783597 27.7146727383 27.8879159263 27.1110336239 26.6533058225 27.2987189099 28.0761275444 27.1463058948 28.0086663946 27.3929826645 27.5213579876 28.2534001275 27.769779365 26.9521305661 27.9951231683 28.4618115598 28.1320986482 26.9816210368 28.409854108 27.9970258466 27.1724552241 28.113020153 28.2338782605 58.5887197694 61.490294576 28.3273857513 27.2099432318 27.2154620982 26.6529984316 26.653782192 27.5829182284 27.4774963057 27.2810713636 26.5828687447 28.1507693638 26.5729311861 26.9755710375 28.4174760173
28.2623086048 26.9203257151 26.6615410707 28.0477219331 26.5545868899 28.5395827182 27.8782011455 28.244132114 28.3655678382 50.9571501259 50.9571501259 50.9571501259 27.7567431315 26.8689062141 27.0957927775 27.4139259725 28.5238616851 27.8401604677 28.04142588 28.0744194711 28.5060940692 26.8478882362 26.6750947232 26.9865916702 26.503858307 27.3101448399 28.5701075479 27.7107750088 27.1631667756 27.4090550928 26.5933245543 26.6888568396 27.3451526936 28.4717719086 27.8455054792 28.5043459044 27.481946825 27.6755421139 27.8417304058 54.2217398876 54.2217398876 26.8876573572 27.085968036 27.6031364369 26.943066398 28.2592802131 27.5843180877 27.2869479644 27.4664002621 27.4440265486 27.7835955664 28.3394604807 26.6317276738
28.2016883943 28.3401719929 27.6800124274 27.2434187656 26.9133415124 27.1828079401 27.8239461648 27.0924861052 27.5529044821 42.5901071426 58.408375642 26.7751512854 28.3170906848 28.5733214358 26.9378900804 28.4702712116 26.7326864398 26.5125839919 27.8940412755 28.4921219891 27.2695930633 27.7095985318 27.473742609 28.1642484569 27.8607672642 27.9445459499 27.1710037197 27.9922052494 27.6731196878 27.4629284745 27.0877669715 26.9948180958 27.2638944186 27.7001703631 27.770349852 28.1807490256 28.477390714 28.2068967605 54.2217398876 54.2217398876 54.2217398876 27.1717478074 28.6198255221 26.6813654467 27.7815341618 27.2906874487 27.6772354051 26.6585950907 28.3614788537 27.4273854084 26.9757851218 26.7467745313 26.8837241156
27.004211023 28.2471443568 28.0426204343 26.9697431759 27.8013296979 26.5357942544 27.5271408777 27.8372014447 28.4925606074 58.408375642 58.408375642 58.408375642 26.9289484767 26.7885604989 28.2976426798 28.4818609864 27.1126606468 28.4857983241 28.4888851169 28.2684960158 28.0047019349 28.5936264603 27.2098050707 27.2992924385 26.7355732049 27.1940027361 27.8187707505 28.2494954225 27.1418543688 27.9079376893 26.5161051648 26.5634408654 26.7194631118 26.891345361 27.0412940536 27.2925245063 27.070368142 27.4285454845 27.9544428505 27.1879240984 52.2494726184 52.2494726184 27.6837631818 26.6016935733 26.9343664252 27.5882809332 28.4473134735 27.7622371615 26.9329311628 27.2931264325 28.3438226564 28.1178352762 27.8012899059
27.4740679325 28.1486190403 27.2011076851 26.8708562599 27.0750909827 27.3763303075 28.0469225139 27.138785256 27.4874004876 27.8751483889 58.408375642 27.6302047556 26.7252558444 28.0956232443 28.255309468 27.7475683812 28.3018854187 27.0067577119 27.0114082912 26.6669819177 28.5112584269 27.8060296473 27.2072686156 28.4156828216 27.8090005882 27.0138603943 27.1757822547 28.4094223989 27.2233639328 28.1663289998 26.7778460538 27.2623428795 26.8080253198 27.8762969012 26.7241017773 28.4088380016 27.3097136559 26.9921681713 27.9427701652 52.2494726184 52.2494726184 49.4764389348 28.2278033633 26.5276954429 26.5545249681 26.9503457616 28.5885977191 27.0754416158 28.1412155342 27.5397462053 28.1354967304 27.1665655406 26.7102667567
27.3681052817 28.4005043575 27.3037728191 27.0222979833 27.2703157355 28.1133252176 27.2587934479 27.053648578 27.9965818321 28.2810151486 27.1216100405 28.2486609518 28.2881405579 27.3923216669 26.8342041196 27.244000137 28.0161611843 27.1323617648 28.5007763803 27.7492152408 27.0378515936 26.6957127688 28.351632177 26.902087829 28.1720595273 27.7395786793 27.6785604437 27.7085618335 27.4037300265 28.610023061 26.8229913339 27.3026443551 26.6441202672 28.1058513808 27.9186709601 27.1931773704 26.6266846488 28.5294977618 26.9290273921 27.3101966305 64.3541847968 64.3541847968 26.8940488193 27.9837722025 27.4046986309 27.1690017427 27.2903876275 27.0873657223 27.3441568504 26.8288190731 27.780547675 28.3953394885 27.2766353452
27.3142645912 28.1749572272 28.5686507815 28.1110070043 27.4303606388 27.0618623711 28.1878196862 28.3059362841 27.2750561858 26.999474011 28.5888616971 27.6336927142 28.0399067016 28.5642802421 28.1957883543 26.8715370166 26.564220015 27.0570095693 27.6940729443 27.6813055871 26.5790263701 28.1635095867 28.1454959013 27.923915378 27.0087528019 28.4099163869 27.0335409022 27.5877915001 26.8421972865 27.9708269507 28.3544016868 26.8742552879 27.9638962308 27.8011833242 27.5073059883 27.1057572868 27.6765171949 27.934283302 28.4271829616 27.1646004655 64.3541847968 64.3541847968 50.7439938194 26.8456204488 27.2334145695 28.2098716759 27.7920991588 27.3635772266 27.2955769512 28.05964698 26.7269038652 27.3738253186 28.5179450582
26.8548134486 27.6179348464 27.8777422764 28.0062216609 28.483622561 26.6308015233 27.0954133763 27.4225362091 27.826378495 28.2405745648 28.1568922273 28.4921222403 26.8638562696 27.9339000293 28.0435804609 27.6707862702 26.825967485 28.0224349528 27.965371288 26.658119576 28.1767270412 28.1379859771 28.0659417643 28.541442779 28.3099065705 26.6636443776 28.6019199891 27.8293324261 28.0691440287 26.6565017703 28.1725907713 26.9595541043 27.1507200772 27.6226445938 27.8478761861 27.195571668 26.5850324412 26.637417704 27.9660306323 26.9358307407 50.7439938194 50.7439938194 26.9619153157 27.1897817537 27.8359676517 28.0366292961 26.553337195 28.2960132186 28.1831420526 27.003269514 27.481787065 27.2062397588 26.7578076281
26.6377374551 28.5423066609 27.7830129566 26.7805737496 26.6460871478 26.9613061121 28.1807395438 26.5430536973 27.2732545917 27.2298450766 27.7473641847 27.4428412444 27.0869485302 27.5124823294 27.1751073735 27.7248118073 27.1582083889 27.6135163197 28.1560342058 27.3625794024 27.2572646574 28.0449400175 28.4624221461 27.8035580896 27.6310309543 26.834225626 27.0253523674 26.893232325 27.4596853669 28.5657538495 27.3522272366 27.4995080268 27.2423973156 28.3301334746 28.2333263849 27.0632786956 28.0227254148 27.9189429053 27.1986201509 28.0124830647 27.650428426 47.353737344 47.353737344 61.7348586192 27.6483234773 28.5781280591 28.6134020733 27.6645355512 27.3565869816 27.2190456522 27.4331285764 28.2117851108 28.214806061
27.8205598174 27.964625645 26.7679350816 28.3912741995 27.224289153 27.3793383747 27.839919686 28.4756720292 27.5678441698 28.4840395721 26.9632355575 27.6092537787 27.1536135695 27.8340404903 27.7059695211 28.4929219591 28.3800369746 27.8515585672 28.1845248647 27.2376447915 26.5292152697 28.1520615168 27.9720229458 26.6086807549 27.2635194352 27.3857565064 27.2601628189 26.7428644719 28.3366345685 28.0117367243 26.7764076061 28.422034391 28.1769131997 27.7241228103 28.1942051238 28.3032791167 28.5674848185 28.3185144314 27.1750555065 27.0203040044 47.353737344 47.353737344 47.353737344 46.4416968576 27.7844670511 28.1144539225 26.8589746073 27.5879071047 27.1554279188 28.5824257275 27.5135138245 27.970205881 27.9836858238
28.1322226939 26.6268357227 27.6556222291 28.5795032001 27.0275784035 27.4853762325 27.951953651 28.509434953 28.2618437637 27.3419673049 27.2029952197 27.5436116427 27.3011270564 28.5406950914 27.6150243762 28.018175273 28.0324736812 27.5040692584 28.5605431355 27.1702829324 27.3349027448 28.4199486399 27.2629236151 26.8742736656 26.8946820206 27.4261338488 28.4558243189 28.4825843676 27.4987242299 26.5264859457 28.4748572082 27.6078967505 26.7479304564 27.8288390383 26.6569876561 27.388822674 27.7362019256 27.5110184764 28.3413787731 28.1013859642 26.9769412606 26.9868071419 27.6633803289 26.9887682254 69.9577942399 27.0416626978 28.4446197837 27.3222738298 27.2317672803 28.4419170904 27.8726108774 26.6875540879 28.0494232712
28.4997768454 26.5758687494 28.1739933775 27.6037377054 27.8476386239 26.9928388271 26.8325077184 27.7719264928 27.3995604279 39.6892359625 39.6892359625 28.3284062007 27.1477265354 27.7469776364 28.4072411748 26.8712205005 28.0838521381 28.2990031935 26.7248394988 28.4567814224 28.2983612299 26.7699908761 27.8195538118 27.3692892773 26.7490828694 27.1150107781 28.4686654716 27.5734014974 28.4098834713 26.6409524619 27.780999487 27.1877212969 28.460203694 27.1546745899 26.9095101191 28.2226631533 28.6182038224 26.6695278186 26.6752737853 28.4189510243 27.5348174995 27.5893649725 51.1442913832 51.1442913832 51.1442913832 26.7179105526 26.5627053248 26.9220024939 27.4757815506 28.1453562758 27.2820052995 27.9912207918 27.8690724447
