Spatial_Output/BAU/BAU_0385.asc
NCOLS 155
NROWS 192
XLLCORNER 196307.867259
YLLCORNER 449144.565805
CELLSIZE 33.573938
NODATA_VALUE NaN
[rows 125 to 149 of 192, columns 57 to 113 of 155]
67.9051143857 67.981411956 67.981411956 45.1809714934 33.0500707284 33.5067302251 33.656038417 31.615846591 31.6999217551 33.0125019526 32.6959423756 33.2621572832 33.6154485305 34.4465788188 32.7827693045 34.4295400183 32.8620006857 31.6864414879 35.0129194906 33.283639516 32.5711388589 32.9366234326 31.7451440749 65.9464284897 34.0545111518 33.4856489836 33.2872859968 32.8193639994 33.1948035519 32.7044019663 34.7586995964 32.5384478885 32.8455523589 34.0614152592 53.322252328 53.322252328 53.9684443072 34.6240084275 35.0246204258 34.7379623235 35.0325763179 53.0591060634 53.0591060634 32.5531268805 72.958716792 34.1727391695 34.1101705849 50.973092375 50.973092375 31.8985548603 33.5094682967 33.8092480054 33.0996666321 31.814991492 34.4434354032 33.5361720798 31.6319198941
67.9051143857 49.0414400073 67.981411956 34.5679123052 33.3146975797 33.7877940447 33.4663058937 34.5006883863 31.741412779 31.9955570445 33.3295535119 31.9875679627 33.4293165429 34.4198758611 32.8905809913 32.9402502795 32.2021788159 31.6006922684 32.9753557275 32.661564028 31.9837973457 33.4555299727 32.0827238074 46.6928509777 31.7891851046 33.0011246899 69.4352527733 31.5382522162 33.7521703179 33.6313627925 32.6717006864 66.440297337 32.6215916432 32.0659051838 53.9684443072 53.9684443072 31.6117075624 53.6323654406 34.4256287131 32.9652640333 31.8696585444 53.0591060634 53.0591060634 53.0591060634 31.9430899289 33.3861577508 33.6812224122 31.9773017055 32.676909866 33.9000147793 32.4866755234 31.8145341538 32.6763733594 34.0985929108 33.5385414071 33.8332024311 33.7936775648
67.9051143857 49.0414400073 49.0414400073 31.8252275954 60.2700425374 60.2700425374 32.6715594029 32.5365257522 33.979530248 33.8302661682 31.6709314431 34.843596581 34.9894459079 54.986019892 51.7702477162 32.4094163824 34.0101140249 45.3551914524 45.3551914524 32.8440598734 32.3239411667 32.6745018884 32.4478443273 46.6928509777 63.8772823324 63.8772823324 32.0024411199 59.9282264884 59.9282264884 66.9560758594 42.4984643454 42.4984643454 48.7773084222 64.6158954788 64.6158954788 46.4612832931 46.4612832931 51.5918172989 53.6323654406 34.2053607442 33.931488362 33.492056462 53.0591060634 34.2072441451 33.9912448805 32.9294531598 33.747456149 33.9500723657 32.9381701738 31.9507661844 34.7425278023 34.2187995819 33.7733617136 34.5840287641 33.5030365503 31.7224708079 32.3404532278
66.7326145384 31.8874292205 32.5781394361 34.0058229037 60.2700425374 33.0515083084 34.4092912593 60.0419326866 32.8301098828 31.9826067048 68.956720456 56.5089039806 56.7635739623 56.7635739623 53.1557123985 53.1557123985 34.7265413011 45.3551914524 45.3551914524 76.3291468352 33.839057657 33.4430283244 34.9859501511 63.8772823324 63.8772823324 69.0094799191 34.9555967014 59.9282264884 59.9282264884 66.9560758594 42.4984643454 48.7773084222 48.7773084222 48.7773084222 64.6158954788 59.1792987733 59.1792987733 51.5918172989 53.6323654406 32.216339362 32.2676378914 33.9292113009 32.1729458956 33.7080848464 33.2119394509 31.8686451491 33.4898765274 34.5028084209 32.9447941205 33.4176782245 34.6185104691 34.3120345855 33.2154713919 31.8786299698 34.5616664083 33.0568292009 33.1446462562
34.1446386442 33.8034059483 32.0495444178 32.4047759038 34.4287723765 34.5357320146 34.411109296 60.0419326866 60.0419326866 31.9791722724 68.956720456 56.5089039806 56.7635739623 56.7635739623 53.1557123985 71.5787640219 34.2190691267 45.3551914524 45.3551914524 76.3291468352 34.073954501 31.5922494273 70.0567814154 55.0834268477 55.0834268477 57.7463707049 34.5513555207 32.1865984367 59.9282264884 66.9560758594 33.7788335498 42.4984643454 48.7773084222 32.0859760159 59.1792987733 59.1792987733 59.1792987733 32.9372806339 33.5883660006 32.8617004478 32.577156651 34.9966825081 32.9001173059 32.8601771485 34.5759564128 34.753318419 32.7173436728 34.7454027734 32.6831185021 34.1872935897 33.222750562 31.655416547 33.2413319726 32.0033339848 34.4967601279 34.0246779185 31.587045934
33.6852721838 34.6351147972 32.4024081798 31.8544959895 32.0842197329 32.2843732086 34.9942727983 33.6684968585 33.7192243481 31.5703466854 60.2829961411 34.6327985923 82.1771474254 56.7635739623 53.1557123985 71.5787640219 33.7499206951 33.3704146081 34.260450221 31.7918323281 34.7911022997 32.5807538845 32.8754153081 55.0834268477 55.0834268477 57.7463707049 45.7367649189 34.4914307826 34.5645090436 34.4750709601 32.5474635988 34.0151572544 31.6284860485 32.2577439548 34.11566594 31.6868626452 32.6809290021 34.864885366 32.0378541775 32.8205819212 32.0808825212 31.8548504544 32.8808871925 31.5538186167 32.9355623328 33.8644735689 32.6046589817 33.9576094196 33.2582693243 32.6743920234 32.0357382823 34.017863913 31.6641814989 31.999084459 32.9731565666 31.7390644175 31.7852178296
34.7909160088 54.5451718664 63.0563024729 33.1944457715 32.4063378298 31.9679960745 32.5828576453 34.1161432358 31.6023338686 32.7257450735 31.6213242742 33.1378246439 31.7444837592 34.1881279925 33.3431609852 33.985888076 33.6211906486 34.3360477627 31.8676757817 34.4627591738 34.599888762 31.8134834179 32.0037351128 31.8780956246 57.7463707049 57.7463707049 45.7367649189 45.7367649189 55.9538600118 34.866363194 59.1814657259 33.2204959668 33.2608882544 33.0849004676 32.2053908437 34.8693385281 34.7256675718 34.3033663236 33.650892544 33.69447383 34.1067853636 32.3764447182 32.434542803 34.5123310668 33.8254746917 33.3484179939 33.6628343434 33.8153279654 32.4864732814 33.8019371042 34.2889977375 33.1642409933 32.4602112608 34.0745932276 34.5569342066 32.9942075593 33.3272620609
57.2366829472 32.3799556213 63.0563024729 63.0563024729 32.9815237079 34.7627562259 32.0333582332 32.0909932393 33.5705768611 35.0243990533 32.6514540509 34.4463007775 32.5624657409 34.4655361942 34.44608539 34.6464574604 34.0316988197 33.5204152746 32.7558705839 34.0601824139 34.0705059544 32.92300932 32.3064771847 32.2724565975 34.7294905263 33.7240545592 45.7367649189 45.7367649189 32.0311333923 59.1814657259 59.1814657259 59.905064275 34.6341227915 32.8067558875 34.8760504891 33.6238335864 31.7174550859 34.741125931 32.1771204549 34.8648470988 34.1136163275 33.7496577342 32.2484551063 34.0947818326 33.4954748024 34.9753051259 33.408854779 33.2689418643 31.792203289 34.4922493993 32.7727170918 31.5654309561 33.7494319631 34.792971468 33.7229106179 31.5946337535 33.8270602508
57.2366829472 55.8320851818 63.0563024729 34.0001075729 35.0114795539 32.514505645 32.7277172054 33.1145520325 32.3746136461 32.8889630529 32.3119185213 31.9775689721 31.7061691054 33.0124191047 33.2430235205 32.0310378451 33.3440914804 32.5823055358 32.0748889349 33.8759730389 32.4975656756 31.8795481854 33.6807783763 32.2370327303 31.7573049764 32.7808761558 34.0998835608 55.9538600118 33.2886802764 32.2836868279 67.6476052844 67.6476052844 33.079725956 34.3439611692 33.7847747327 32.3434686534 32.9033429929 31.6238593615 33.4983760148 31.8064376536 32.5440996448 34.7428707738 34.3017444603 33.0092071537 34.4998767666 32.2408036751 33.7529642007 34.0408872078 33.1191908832 33.7930276921 32.6156956884 31.9328303433 34.021732348 33.7599109483 34.3141585006 34.0652572654 34.2639481816
57.2366829472 31.7023974761 31.5416670521 34.9807883207 34.8097026249 32.1184103865 32.9914182234 33.8353345034 34.5293363011 33.6688869726 32.0763667636 32.7268244161 33.7591577173 31.8917012331 33.1912927247 32.9386838827 33.758615809 34.8054842476 33.8449482191 33.1190126854 33.5713102287 33.7395120468 33.7595592424 32.4984228165 32.6661847505 32.9387136074 32.6368430044 32.9825134374 32.4869860319 31.8451149663 67.6476052844 67.6476052844 61.54211935 34.6745988035 34.3591981688 32.378424341 33.4553442199 34.1502024492 34.7056692622 33.8921455766 34.0388468322 34.7044433249 33.5798487428 32.2910859342 34.3029089152 34.643584442 34.1782025985 31.5321417388 34.4832839665 33.806211997 33.9744824427 32.3380679906 31.7422789292 34.1549124738 32.8641094129 31.881675115 33.5521213742
32.6939752734 32.8529950491 32.1885462955 32.4397751278 32.580235238 33.3212628312 33.6374106837 69.6047615114 45.4229377015 34.809709554 32.9283668644 32.362848936 31.6657489844 32.4770224209 32.0875969771 34.5913934051 33.2672810785 32.8583770565 32.4823257422 32.5510980306 33.8179924631 34.6255139719 31.892432114 32.2567532645 32.8246836986 31.5234449695 34.9780573643 34.2169153238 31.8905596809 32.3607775085 67.6476052844 40.7707187204 40.7707187204 40.7707187204 33.7365501227 33.7133703773 31.6403699914 33.2327014804 34.2929633187 33.8437705626 34.8624217123 34.5759154819 32.3719759253 34.5932468155 32.5906918752 32.1250185535 34.9238254162 33.0645750125 34.3821525777 32.3234972757 34.0624215111 31.6948080042 33.8265711272 32.2145232605 33.0321764515 33.9970513078 31.7154058291
31.6356238938 33.9523038719 34.3635388562 33.4537404382 33.0800610166 34.4097003946 32.5015921248 69.6047615114 69.6047615114 33.3192161844 32.4750977661 33.737101544 33.9263518315 34.4933545332 34.3117015523 34.7648869102 32.1712697459 32.8232803813 34.8285824712 32.8025016397 34.3621518538 32.0751384379 34.7122331706 33.2195516536 33.0733453066 33.4092596138 34.8524861076 34.6936439379 31.8297769231 34.6697710202 33.1816152271 40.7707187204 40.7707187204 40.7707187204 34.7013352061 34.5850520715 34.2162959563 33.9295681904 33.6043743449 32.0529269478 32.8493050527 33.2891410486 34.1819691462 34.4296091692 31.8854227643 34.1998088603 34.8478425213 34.1320545568 34.2800974772 31.7046355743 32.0678668456 33.238303858 33.7797217002 33.5173561886 34.4460356222 34.9288358991 33.5789905273
33.0910497907 33.6399764805 34.7477343938 33.9291430919 32.8516457486 32.031945294 34.5457803772 32.374013674 52.6177376883 63.3654359458 34.6372017248 34.0585065357 31.8505450931 31.9885440415 31.6823677156 31.7304550183 33.3817342086 31.5699709201 33.857369103 33.3946010265 32.6365334311 33.7222433696 34.4220981434 31.6878157208 34.5939228899 32.8819549867 33.8007372941 32.5104743551 32.683326169 33.4120325598 33.2033059121 40.7707187204 33.5733501703 34.9026723853 32.4726752852 34.709998538 34.4533100774 32.8377558903 32.7347625415 31.9453660663 32.7559203571 33.3515509428 32.4495359256 32.2757714735 34.81466348 31.6019483854 32.8150820159 31.7908158097 33.4476986717 32.1637437924 34.3796931072 34.5098141149 32.1189373792 34.4744375372 34.0866327816 32.3831737668 33.115382711
34.3874158007 33.110028357 33.0898416677 32.6596809009 34.1368585863 31.8135497704 34.05737005 52.6177376883 52.6177376883 52.6177376883 34.1158295301 34.90105131 32.1508545134 32.3370798386 32.0574529062 34.7540196594 33.1183363351 31.7894170736 32.6675173549 34.5810083054 34.7984053624 33.0953813471 31.6534672656 32.2054862182 32.7012090345 34.9429480071 32.3876928337 32.1609600953 34.6348867816 34.0086171772 34.9979305261 34.9620113525 57.8337731736 57.8337731736 34.5930559608 33.3154871265 33.3778313475 31.9651255046 31.7843949037 34.0229684919 32.226785904 33.2812126852 34.2750462299 33.804311637 33.8478196089 32.6249179549 32.2223879762 33.3933604535 32.2597137923 34.7087157996 33.484140813 33.974707816 34.4623585946 31.8001127801 31.9799609962 31.9533530421 33.9415010251
32.2396282425 34.4565369701 31.8978088633 32.6513582019 33.333408816 34.1830719595 32.3110309715 52.6177376883 52.6177376883 34.7042704495 32.5525023029 34.9444751379 34.7447782953 31.6149690705 31.9924990577 33.6203230871 33.8082602563 34.525718141 32.7949168336 32.0112708883 31.7631196249 31.577748066 32.8496433927 31.8754176312 32.0401622735 34.3443093123 32.7591780733 32.8884700273 33.9177784762 33.3005669179 33.9274566864 57.8337731736 57.8337731736 57.8337731736 34.5096271314 32.9850335273 34.1526816917 33.0879082468 32.6931190801 34.8961783134 34.5423660886 34.7330918292 32.7293055948 32.5006951675 31.638935389 32.9148669654 34.3691194425 31.5494713588 32.2213427854 33.8018477863 34.2480565728 33.0765784524 34.7265969864 33.0504803859 33.4490474729 33.4172553662 33.726515852
31.8345027029 35.014267991 31.5193174742 32.0282324566 34.6428962563 32.8144356961 33.0550871043 32.5558543419 34.9352244701 34.0344356682 33.0416898443 34.6409859939 33.8423119489 31.9148365883 32.4154879348 33.7158089526 32.9436453937 33.3504420861 33.4047465378 31.7472713015 32.6293240937 34.2018400937 33.3378891612 32.0896255968 32.5470370537 33.7258842678 34.6490114391 33.3144736742 33.4467326152 32.6357382698 31.7450355723 32.9306601886 57.8337731736 45.411218421 33.8918132003 31.8575735902 34.856234297 32.0487220047 33.7263980342 33.9648782025 32.9423192135 33.8726312331 34.9929048138 31.680824376 34.0639056378 34.5764636598 34.6937108724 34.4260810868 32.506640963 31.8172678859 31.6464717889 32.7452280118 32.4060901528 33.4014188785 32.6455370141 32.1252456157 34.4402163686
33.6524387 34.3318483457 32.9718511531 32.9201823046 31.8572374754 34.0957842682 33.4253182716 32.1382632848 32.9186404751 33.1190654702 34.0091485251 34.2814726464 33.6236746376 31.8311209954 32.2632561074 32.9863845361 32.0143158198 34.8134242766 31.79403238 31.7789168606 33.6795518143 34.968149614 33.2191805955 32.5066949992 31.6833797993 32.1286242788 34.6352158236 32.1141930994 33.0544055988 31.7314537421 33.3022552438 45.411218421 32.6604366684 32.2171889481 47.8443197821 31.6040879601 33.7466238485 34.694151304 33.9618965601 34.7897918788 33.6254727024 31.6001702551 33.5511814716 32.7684014321 31.6119052657 35.0046445507 33.3377740519 31.8957942556 34.3735723437 31.5802875576 32.195811357 34.8034321844 34.6649885488 33.5498639117 31.835305903 33.2155911359 32.8867188481
34.6975652334 33.0542870792 34.1191741497 33.7699106626 34.0345271577 34.5191596455 34.6736331302 32.629881366 32.7529174718 31.8815801479 32.6213161048 31.6528230207 32.4535337445 32.4286829254 33.1157261464 34.7696642352 33.1273902052 33.8292820226 32.7016654811 34.8998726856 31.6380610781 34.8296106366 32.3917438043 33.1500952952 34.4385996632 32.0450108264 34.6931781099 32.115379272 32.1771506685 33.1165281849 33.7280663808 34.5669619129 52.1452689281 52.1452689281 52.1452689281 34.322653801 33.0515673799 32.6426833685 31.5221099048 34.39605748 34.6639885415 32.7801870178 34.4990503569 34.3734614107 32.039221703 32.2934820549 31.8344089527 33.5778477815 33.3859600989 33.6652405796 33.8340043167 34.7561905114 31.7890697525 32.4341575776 31.5695052952 32.6736636657 32.0811055448
32.2431705443 33.8600031598 32.7022493091 34.4968890022 33.5308850265 34.2485773673 34.7437947142 34.0567949225 31.9147660075 32.925947416 34.9283491344 32.5914967219 32.2932363469 31.923247883 31.7316140742 34.1743987176 31.863696991 33.4748647099 33.8813260736 34.7024180376 34.1123484769 33.6311496433 31.7002868292 34.4743488611 33.6400736376 33.7052750101 32.3924549149 34.5396170271 31.8342429909 31.659579045 31.8472416782 33.2107430513 48.1430332971 52.1452689281 48.1430332971 31.8632556882 32.4335646709 32.2841009856 33.4168845398 32.5277904334 32.0755620424 34.1357198471 32.0340271824 31.9226142144 34.9167723549 34.7445323291 33.0798731312 34.2577188839 34.8888483803 31.9571503395 34.442667729 33.606812596 31.8075372358 34.864129922 32.6985287289 32.4201720064 32.9224144567
31.6874512403 33.0477280386 33.8799596296 32.6080909105 33.6550405429 32.9845864718 34.7462751754 33.6010367386 32.6588627816 34.8149925704 32.5474597087 34.5665214131 33.1317522021 35.0127040592 31.8971053591 33.0121233945 32.3219481897 33.7571115513 33.9443250814 34.9941200957 34.623516254 32.2082817762 33.8668672672 32.876433192 34.871051356 34.4282035135 33.6220780828 31.8767677175 32.6443891269 31.5372424451 34.8654813672 33.6270671236 32.0414153919 56.4939133485 56.4939133485 56.4939133485 34.9702216884 31.9986819952 34.9108996091 33.4126873006 34.5574214655 31.8663635996 33.7662407974 33.2310396869 31.87708914 31.8533223223 31.9850576126 33.5488098013 33.6311984384 34.6868005546 33.4737905657 34.0012121867 33.6442365054 32.9588941988 34.759662679 33.4376097712 32.2407604288
33.6866540161 32.5853715409 35.0251908526 32.7629905497 34.6717426266 32.4185270231 33.613770963 34.0980834786 34.2383853429 33.1487152424 33.660227496 34.6420223167 32.9786423427 32.0287666552 34.048547852 31.9087575426 35.0106761569 34.2583628284 32.963492169 33.1673416546 32.6046538653 33.0901863371 31.8206430715 32.1319219897 33.2974958196 33.0054476076 34.4804600658 32.5252157181 32.9789378735 34.5411122067 32.4664919426 34.5999577569 34.9411358275 56.4939133485 56.4939133485 54.8863784296 32.8882117431 32.4763768917 32.8412257871 31.5935860379 34.3317699267 33.2239739945 32.2381132129 34.1044636053 33.1483576242 31.9605566981 34.4599649113 34.7847722825 32.4559670506 31.5023467806 32.857345937 33.3700509991 33.123011265 32.9285490243 31.562739555 34.4182245682 32.3737520158
33.4114456883 31.8095596184 31.7514551128 33.6445582509 32.7895293044 31.8350224241 34.9276977043 60.3391022607 60.3391022607 60.3391022607 32.4736570714 32.0762194803 31.7364512127 32.2443718802 33.1653001757 31.9576548612 34.1252832844 34.3748654459 34.7239810427 32.4474450043 33.4487735139 33.5589298932 31.7906909531 34.3335338764 33.2245781493 34.4218489781 31.8562012412 32.8841437355 32.281495046 33.2717090412 33.548824516 34.8845109181 32.4194478668 56.5981271849 54.8863784296 34.3031729759 32.0832292598 32.6123105185 32.6643484041 33.0391304502 34.284018088 33.5133958483 34.4528176841 34.1235421688 31.6599327948 33.4187869193 31.8962121148 33.8137561931 34.0983526423 31.6390972792 33.8945353996 32.7975197305 33.8213319269 33.3489418581 32.319366013 33.9037643487 33.8610854458
33.176713376 34.5222892711 32.6525356621 31.7339609201 35.0321965392 33.9966656099 34.8397164829 34.4009827245 60.3391022607 60.3391022607 34.6037711815 32.460619806 32.1862842277 33.6817560779 34.6393515303 34.5127265625 33.8624262885 32.7131349761 33.7223049212 31.5666792385 33.7618852205 32.7790988681 33.4408965256 33.4730372617 34.7945421254 32.2084799009 32.1002430565 33.3066471664 31.7772995062 32.9745132828 34.6948360293 31.532309044 32.2393344699 58.0995225745 56.6543247569 56.6543247569 56.6543247569 32.5679762774 34.1315889219 33.7641251006 33.0777764865 31.7010251463 35.0023596557 33.6503177988 33.2096638635 32.5486368274 33.5018401762 32.9449796032 34.7990881555 32.6438933295 34.9199763669 33.1106097054 32.7188509029 34.1416872833 34.9882376304 33.3655318752 32.5030909825
33.9864305099 32.5455697447 31.678562742 33.9199362583 34.9700200407 32.735393583 32.2147841014 58.7730198719 58.7730198719 58.7730198719 31.9841310392 31.9184249066 34.0154594994 32.6006105326 32.5112722567 33.4205315461 32.7579406476 31.813694372 31.8717797641 31.8798682477 32.1919228273 31.9885147601 33.6276390987 34.8071203616 33.2358644047 32.0302545875 31.8114190078 31.9038407417 32.5216920596 33.4102689679 32.0361623892 33.5512907927 32.7069243496 32.2753117901 56.6543247569 56.6543247569 54.7275698577 56.8771408072 32.1706513699 33.294038344 33.4277654846 31.8627345488 33.430470401 31.6666868461 33.8195915471 33.2257939071 34.0753991136 34.358983279 32.056150667 33.3609231172 34.6463564155 34.5486817303 33.2161288247 33.7838699871 33.1642249931 33.0632536754 34.6501864723
34.78896181 32.9659268644 32.3749834978 34.885968887 32.2562209416 33.8466294505 32.8359690568 31.9826412837 58.7730198719 58.7730198719 32.8379032956 33.433276029 33.027682668 33.7860812293 32.7638768235 34.3959509129 34.2324898757 32.0100664797 31.5870929147 32.131526644 32.1443114964 32.6426292857 33.776010739 34.4720571726 33.0560109315 32.3001943357 34.5936086159 32.1906063388 32.3039652748 34.2261019826 33.8927697951 33.544450291 33.4298841979 32.3127961261 31.515065104 54.7275698577 54.7275698577 54.7275698577 33.8077408358 32.8658665248 32.640286707 33.8195833831 31.9604393118 34.3571096905 31.6728827236 31.7331653215 34.5202576965 34.6097396786 33.401126851 32.6622064055 31.8972802935 33.9492298132 34.0237536455 31.6672568245 34.1868652594 34.1589028757 33.2118164421
