Spatial_Output/BAU/BAU_0668.asc
NCOLS 155
NROWS 192
XLLCORNER 196307.867259
YLLCORNER 449144.565805
CELLSIZE 33.573938
NODATA_VALUE NaN
[rows 125 to 149 of 192, columns 57 to 113 of 155]
25.8399011684 25.3453705103 61.7256231067 27.7258262102 28.3724448985 26.2896004997 25.3513931296 26.7677970839 27.0458273545 25.0789168134 26.4844099146 27.6447609015 26.2925207434 28.945751264 26.089682828 25.2365847558 27.8805809209 26.5399267063 28.3723164936 27.4676135735 27.1679516034 28.9363396981 27.8941257259 26.3081404663 28.7733475341 29.0524521563 26.3085116925 28.6188477326 27.7261491572 27.3858232743 25.1158466504 27.1464152306 28.4766512912 27.9146827364 58.7153107415 58.7153107415 58.7153107415 25.3807594002 26.3323646635 50.0036042253 26.5336075239 27.218337981 26.7626172828 42.4511201989 51.846366656 51.846366656 28.3414544212 28.2372516105 29.2318895382 52.8140229983 25.7671522649 28.9907505657 25.486771346 25.0370694663 27.4069652409 26.3790443167 27.9906408242
26.9951441618 61.7256231067 61.7256231067 61.7256231067 25.5195774074 26.3864813243 27.656461329 26.2700393863 25.3829752148 26.0495167509 27.3251189805 26.6997321591 28.7344430476 27.3985129356 26.24497013 28.5828110753 27.6540413256 25.1216509567 25.5092553881 25.6505339991 26.2903410889 25.2272096172 45.5195533783 28.343809699 25.1794700082 28.4356120701 26.4883833918 20.8746371965 25.896902068 29.0732297944 25.0048739272 56.2448701186 27.2716122254 29.2057387727 28.8404553371 25.0585177741 41.3885859847 26.2667082093 25.737714296 50.0036042253 50.0036042253 25.9019506797 45.0607160581 42.4511201989 46.7554640841 51.846366656 25.3804729602 27.1044705991 29.01635227 28.2464896936 27.025342123 27.7952340074 25.3928245697 27.5807741024 26.1351273408 26.6523864376 28.26080079
42.059854328 61.821692135 61.7256231067 61.7256231067 26.5281829681 59.9589607625 59.9589607625 28.7328736906 26.8264362508 25.9394795513 28.506953539 28.4855523825 25.69640464 46.740321701 59.9630919695 44.9981647625 56.546891899 20.9643034082 20.7651442611 26.2039044466 50.5984130392 45.5195533783 45.5195533783 26.8295741585 26.2320545967 27.8993066167 48.2734554223 20.8746371965 62.1885971942 42.7552572332 42.7552572332 56.2448701186 56.2448701186 41.6954882601 63.536515746 63.536515746 47.3525832178 47.3525832178 50.0036042253 50.0036042253 50.0036042253 25.4401661495 45.0607160581 38.3175866505 28.4294193521 27.8241859269 28.2120962082 28.4810199108 26.4315375628 25.7392090933 28.3709577151 27.7385871491 28.9075503618 25.82865014 26.0798384339 27.7044254627 25.0219613568
27.7246605805 29.0030584731 26.0008914056 29.0079042727 39.2064926572 39.2064926572 27.2427209845 73.8200516963 46.2411127425 46.2411127425 55.4382246464 55.4382246464 46.740321701 46.740321701 44.9981647625 56.546891899 56.546891899 20.7651442611 20.7651442611 50.5984130392 25.3226645763 45.5195533783 25.9880725299 85.0058557692 85.0058557692 85.0058557692 28.1443390906 20.8746371965 62.1885971942 62.1885971942 42.7552572332 56.2448701186 56.2448701186 28.7387757112 63.536515746 63.536515746 47.3525832178 27.4509766072 26.6381093578 40.125065336 50.0036042253 25.7038636604 29.224345621 26.877473566 27.0556096912 25.0830388881 26.4557719777 28.6910891528 28.8062243393 27.3993876458 27.6752953418 25.3055257692 27.7509099138 27.8161425752 26.9728306986 27.9784255597 27.3106240278
25.6885727218 29.1435126274 25.846489341 26.8673876751 39.2064926572 74.9036958969 74.9036958969 73.8200516963 73.8200516963 46.2411127425 55.4382246464 55.4382246464 46.740321701 46.740321701 44.9981647625 44.9981647625 56.546891899 20.9643034082 20.7651442611 28.7934473152 50.5984130392 53.1010807792 45.5195533783 85.0058557692 85.0058557692 45.6815826074 26.7812704507 26.0609994883 62.1885971942 42.7552572332 28.520496199 56.2448701186 26.1188311584 41.6954882601 48.2911582477 63.536515746 47.3525832178 26.6511120645 26.3058971121 26.0162365466 29.1043172106 25.9741009098 27.7298464161 25.4511231508 26.8297531688 25.3402641736 27.7259515622 25.8152547843 27.8585471956 25.0147194379 27.0939697406 27.3839264323 27.5816911 28.7959893814 27.2071933672 25.9182732466 26.7195665362
29.1554048045 25.1804372365 25.7701148738 27.7860305622 26.7809898699 74.9036958969 74.9036958969 73.8200516963 73.8200516963 46.2411127425 25.9255399089 55.4382246464 27.8265175032 51.6521511944 27.7707214729 25.222362395 29.2387539061 26.5174373762 25.0753704423 25.3886294243 25.0250267013 27.7445818047 27.5182298939 45.6815826074 45.6815826074 45.6815826074 63.6549296378 28.726676004 28.3144772205 25.0932486412 28.5935623573 28.4363579715 29.0422123227 26.2992742802 60.8697942785 60.8697942785 60.8697942785 26.1557263266 26.1576286094 27.5612053786 26.1914383848 25.1254306042 26.0533702934 28.3881445205 26.9644014001 26.4678589039 28.6577069791 26.567190891 27.008981543 28.2415292443 29.0579991323 25.7863976565 26.6509693935 25.4334166619 25.6840153788 26.8301366217 26.0784307729
27.0041244575 25.4307447783 25.374237909 27.341820324 28.9234498191 27.132558811 76.28505271 27.8705723531 28.2226392507 25.2264648122 27.1518861099 28.1322366001 25.3704015271 28.108440631 26.438804185 26.254936426 28.6793197672 26.030748571 28.2564579921 27.9216333017 26.4421011655 26.6349908041 28.7551103887 45.6815826074 26.0191664194 63.6549296378 42.5540447371 42.5540447371 27.738020675 61.9560680457 28.6876472336 26.9554088473 27.5392855409 25.1134560217 27.6332556857 60.8697942785 28.3419115415 28.693692068 28.7243611614 27.3117729747 28.218402175 26.4527348414 25.8223069743 28.8252434833 26.4729762266 26.9482372963 27.4136710197 26.6127393505 28.4032640188 26.8286729863 28.2668150303 26.9510106411 25.162269506 25.7427060525 26.8428053507 25.9413614746 25.7497414161
26.5585208107 25.1697978784 27.9077593755 25.6849736944 26.2172430477 26.4777256694 25.3666691826 25.7239704131 27.9320408052 28.7826308631 25.7729115534 27.0025861273 26.23852326 26.191775186 28.5348068156 29.1835126922 27.1744548258 28.6360806749 28.0775531081 25.7064762548 29.0484056467 27.557336148 26.7433962385 27.0494391355 28.6394996807 63.6549296378 42.5540447371 42.5540447371 61.9560680457 61.9560680457 61.8120502063 25.7941124699 29.1703563226 27.4805264815 25.5940180101 29.0126340924 26.3928674566 27.8714985936 28.3828991149 25.4510566017 27.2760382069 25.0885245191 25.0867496528 29.1270506553 25.5371097409 26.7407240802 26.9783648908 25.2496545712 25.2271918929 25.6117732048 27.8484253434 25.3292913056 25.963774586 27.1474491582 29.2029811164 28.3146342692 26.461499501
76.3434496053 26.1817670915 27.1068535258 27.4968823082 25.7373590018 26.9758450783 26.1675557538 25.1978527469 27.9258704046 29.1513142982 27.0174982595 27.8724800031 27.4357806672 26.714538766 28.307944687 26.6121346968 25.6770648543 25.7291896105 25.332318012 26.3636686976 27.413913965 26.6670405988 28.797736999 27.2548148955 28.6157100843 28.0992587162 28.2264688926 51.104700666 61.9560680457 61.9560680457 28.1675558406 28.0952709478 25.7036257209 28.0228604257 26.9343240234 26.6691314103 26.0051638359 26.1418805187 25.8781669537 25.1864478638 26.5416562281 25.1273376449 27.5794000212 27.0547985042 29.1686331849 26.6117084063 26.4051815795 26.9316945061 26.1887941397 27.3395108642 28.5222750706 26.44595952 26.3645113749 28.3857804957 26.5443611749 28.9866974576 27.5600368485
25.5973670112 28.5019427791 26.8647631964 29.2141739526 28.7642601927 28.1552485905 28.6488892642 27.7418179317 27.4558671769 27.8715626492 27.8808177728 27.9566748392 25.3360882615 27.4004758053 28.2455647241 26.953062449 28.7565000167 28.2713059265 26.8260627289 28.6978809048 26.5815469193 26.065535557 27.3563100051 25.2962281939 27.8459785287 25.2142729295 26.652067043 25.0680704946 28.1316335237 27.0589419832 27.6346513205 25.6230746516 28.8532806492 26.0958487344 25.9326017359 25.7810135098 26.872428553 26.6975825681 25.1503507325 28.9613783869 28.6172766771 26.659297086 27.5274749742 27.0635234001 26.5686673985 25.7199722876 26.1829951202 26.4252638417 28.7594074816 28.064066161 26.9380104132 28.4487334943 26.1755047204 27.21491939 25.7289694287 25.368597455 25.2146865853
27.083950537 27.7958400581 26.7027080209 28.508378015 26.0979606746 28.1753806376 28.5641714195 25.6613222772 25.8615895682 27.7450954468 27.2908862509 25.2797749194 28.6401026358 28.9799644621 26.5133443994 29.0775978894 28.6556238002 28.6313600355 26.3376557299 27.9283623257 27.8128422484 25.1111048355 26.7262251502 28.9520352375 26.6651852053 25.5337949725 25.4145031188 28.0698636228 26.0758313639 27.2611723263 66.1639906329 71.1002678996 26.1761073266 71.1002678996 27.3715826663 26.8536609396 25.2941354527 26.0575186911 28.7372428336 27.5522610672 25.9780666878 28.9112519739 28.9055270666 25.1277547121 25.231036388 28.6287298712 27.6604694127 25.9235024176 26.7806560906 26.6425744001 28.367986212 26.5548361833 26.9789712017 26.0250686543 29.0083451163 25.0335675428 26.0654067348
26.8956317627 25.5879515204 25.1633726986 27.9392442599 28.3071473987 28.7617052781 26.2435067801 27.604210953 73.587253404 26.8264923427 27.3010886618 26.293267651 26.164820487 26.6271051709 27.9760355916 28.1347193504 25.451905385 26.5505550686 26.3438201871 28.6551534027 28.0783673248 25.2278628825 25.2597207236 26.7980201 27.9050870055 25.8285625565 25.9101407436 27.1218149037 25.0674931867 26.0766458 25.9873491938 71.1002678996 28.2078873698 71.1002678996 25.02411423 26.741084388 28.7557395023 26.7360970955 27.948600333 26.9272260486 27.9835639533 26.5477386058 29.0139066813 27.4139682717 28.1958132419 28.4772496952 25.2158089331 26.5697406713 28.9876254153 26.6827323525 29.1001648314 28.1602781183 28.1608985726 27.8496981218 26.2354661706 28.4152395173 27.764371305
25.2860856254 26.4503752841 26.5598567575 25.1304581349 28.7990109422 29.0220170861 28.8673744306 73.587253404 73.587253404 28.0736323908 25.9084010407 28.0070882988 27.7703852868 28.0652514793 29.1192196873 28.8102548022 29.1533231171 27.8612506869 29.073376552 26.5197527604 27.6913648929 27.0594609605 27.4940813356 26.322324342 26.0814885924 26.0921209197 26.5271372817 27.5213870051 25.782669562 26.000370652 29.0432161301 26.5932784241 26.8496625055 74.9000019391 25.8715115426 25.9974897106 28.8409932804 26.2392656727 26.6599498039 26.060931891 25.984705986 25.7332376878 26.5872251672 28.21505351 28.6729451673 27.6152697817 29.1497411735 27.0831107781 25.8134329539 25.8788848845 28.8149405477 28.6864951971 26.7936178291 27.8050996197 25.9300924978 26.2008783597 26.6481623275
27.9846586081 25.6412628437 25.2989349954 29.1825613876 25.1263703917 25.342851369 25.202325058 26.6260348131 73.587253404 60.0079337063 27.4122500563 26.917398981 27.0318816595 25.4713455833 29.0258937542 27.3159526741 25.3368692484 29.1733134261 26.2233658592 27.1600300723 27.8239108765 27.2792660213 27.7768162537 27.8912462789 29.2220123268 25.4437472025 26.1576515542 28.4371968539 28.6030585643 26.3959950822 26.0622357022 25.739710621 54.5841041102 28.869775352 28.914870271 28.8527421571 25.5969554914 26.5270760186 27.2629773149 27.8327831085 26.5214990482 27.3814755882 25.5587750179 28.3716061828 27.0251398889 25.1209454574 26.422503071 26.5561323493 28.2325243533 27.3257316332 25.6340802145 25.2830857109 29.060880846 28.6401344162 29.0961403864 26.9205310038 28.8254938524
27.8999371067 25.9579119323 25.4359260263 27.5300386469 26.3078276396 25.7722046039 25.160439317 48.7443535064 53.8333511044 28.1860573275 26.0428705383 28.9198169449 25.7747367935 25.7768940928 25.7066524468 29.1004407793 27.4388915759 28.6268817997 25.2577873578 29.046299116 27.9052030101 25.5467156478 27.9424380454 26.2792084897 28.4709694132 25.480005335 26.1282217158 26.7481380281 27.2671021934 26.2219297774 27.8385628209 52.776105236 71.4315159633 71.4315159633 61.1110700942 26.1917304187 28.1185995373 25.6144529561 29.169158066 27.1059175719 25.3793511486 27.2023398 27.8225511475 28.1961694389 27.4094473043 28.9952319901 27.1264089159 28.3808668362 26.7990007016 27.3184441189 28.8386384936 26.1205600632 29.0487345535 27.2392935813 27.2549167722 26.067084234 25.1144333497
28.9185067655 28.7015037361 28.5138521728 27.9062784872 29.1980764147 27.6185401118 27.0476543368 53.8333511044 53.8333511044 26.6941639143 27.7449152759 25.5678557612 25.4317226756 25.6351492905 27.244396156 26.4391376396 27.6945823064 25.0224679603 26.9720056549 27.9094354482 26.5725950958 28.5050832838 29.0867177561 26.8343270842 28.0784904905 29.2064670729 27.7836820512 27.925464555 26.7594179888 26.8479743197 25.7400170957 71.4315159633 71.4315159633 71.4315159633 26.2539333235 27.7150750109 27.3562398975 26.2856708183 28.3259055788 28.9619634226 25.8116616927 28.4523981218 25.5120312742 28.2696299192 26.2477449926 27.8992204493 27.9120717768 26.5733001261 28.6789192311 28.6759852526 26.1198278193 25.93685039 25.8140329694 25.6307100448 26.4529720367 25.465916199 25.1766926871
25.9022856527 26.0449825391 28.4230297836 27.8598544078 28.5269475521 26.0648706379 26.236228347 27.5523067862 55.7456669458 55.7456669458 29.0852856936 26.4119260818 25.5790801289 29.0508247816 27.0396899975 27.8974457626 25.1460854578 27.8919762813 26.9815754303 25.1652497614 26.0863495402 27.874757469 26.7352822466 26.5442026932 25.0929705865 27.575787602 25.7392441447 25.2401274849 26.4343753739 28.8165587059 27.3081354876 25.5877504542 59.1290268871 59.1290268871 28.0848058224 28.9675025955 26.362660459 25.4474963113 25.4894817015 28.8595415682 26.9776572356 25.1525469818 28.4938264964 26.8743342863 29.1060997557 26.8214764478 27.0145067369 26.9272203149 26.8325635658 26.9205427442 28.7351550835 26.8588522759 28.6422379343 29.2009854403 25.0936439514 26.4264897099 26.1670432203
29.2084034896 28.8965712506 28.9995069741 28.1258222039 26.6919420045 27.3116007183 28.7247494488 27.6041589458 51.0985541886 51.0985541886 28.3630481949 27.4092031564 26.0033930213 27.4564421624 25.8237251747 26.1412104144 26.3534752343 27.2747207706 25.9989357991 29.2343445235 27.7729088962 28.1893665167 27.5914079308 29.2011134992 28.787987193 28.0330050788 26.7270346715 25.2369507206 28.8038720818 25.6761423088 26.6193642363 26.2515621883 59.1290268871 52.6587521802 52.6587521802 26.0920915588 26.8379028076 28.021895024 25.2384967202 26.6111723555 25.2638198837 25.5302901661 27.3197806416 27.4265694903 28.9071420522 25.9198400874 25.4447945065 26.1860231628 26.574363849 29.2100482923 26.6218262504 29.0969074374 28.2872346482 29.0263465788 27.2401784935 28.1497161358 25.1590339836
27.2395049732 26.8148606742 27.2743002729 26.1406701783 25.6839938117 25.84323023 26.106895983 51.0985541886 51.0985541886 51.0985541886 51.0985541886 26.2427457435 29.2259446873 26.4896117494 25.9210999621 27.4548829542 25.9728794516 26.6345021261 26.9845683128 26.3693632845 25.6372865767 25.363339723 26.4527177436 29.0004701225 25.5176451608 27.5647078065 26.7940027189 25.2180275915 29.0172834943 28.133005106 26.7395931754 27.452425452 52.6587521802 52.6587521802 52.6587521802 27.3364374893 28.8538786419 27.9986596202 27.5234183653 28.6065374755 28.3743221349 28.3905578098 28.5767131086 28.4326504122 26.1416398245 28.3415904694 28.0687855778 27.5238534266 27.1483800049 26.6946213097 28.5038187245 26.4724777171 28.9637557042 28.116408435 25.94539167 27.5148151332 26.382047898
25.5791274995 27.3855599118 26.8777289907 26.2484326531 28.8162568607 25.4551418109 27.4449559711 25.1336764102 41.153487969 26.7424065425 25.3980820421 27.3142865403 26.6068184628 26.2408039787 26.1754162815 27.9270995401 25.6524184701 25.8314320415 28.3758457253 25.8853157745 26.7586859164 26.6272676874 28.317291165 27.1579164936 25.1674943352 26.0521519771 28.594719976 25.0603386346 25.6263632039 27.2622047218 28.4691840377 26.8643840182 27.1536027052 28.3056263776 25.0403375201 25.0642709151 28.2487054543 27.842818947 27.4186535527 29.0541671601 25.0169834021 26.5507682622 27.161482971 26.5824289405 25.0865481042 26.8764076697 28.2283201794 29.2184101548 27.2038335637 28.3349403451 28.7372306201 29.0005529285 28.6893559529 26.605021211 27.3114478106 29.0697673591 27.34339904
27.226210698 28.3950665529 27.6673912739 27.7671925984 25.1503890604 25.9223322048 27.5556189148 41.153487969 41.153487969 41.153487969 26.8506395665 27.7337934368 28.3108381146 28.1014731603 29.1978404142 28.1442754399 27.3198280404 26.0238308568 27.1808577206 28.2991716425 28.5414338704 28.7553290597 27.3606983394 27.3086279511 26.0578745986 28.2352300313 27.0077287722 26.5026509901 27.4801159058 28.8843498267 27.5278967738 25.6868607316 26.9139869138 44.2080105611 44.2080105611 44.2080105611 28.8679313978 27.0988725071 28.679075257 27.6311429038 25.8964624592 25.0199610387 27.0178577948 28.1603023464 27.7071230292 29.2302397675 28.6140124132 28.360333044 28.0740731485 29.0920730859 26.3740225721 25.4007022329 27.76346153 25.7933361703 26.9114289763 27.7283089314 28.3706235477
25.293059848 25.1634465435 26.3826897896 28.5518240102 25.1047856745 26.6635966355 27.3675844178 59.070977232 59.070977232 59.070977232 25.3613977678 27.6948928172 28.8552440776 26.1276551082 28.4897019463 25.1557196594 26.3824395579 25.608103469 25.1543149144 25.127333716 28.0766421411 25.5071219111 27.5203208757 27.5778512524 27.9351951696 25.5293134863 26.1749567959 28.1266288758 29.0355358489 26.5781728202 27.8561868556 28.8467492096 25.2176122708 44.2080105611 44.2080105611 43.4061456988 29.224814965 28.0866411018 25.7478978827 26.4746729093 25.8104897476 25.5466802147 27.519413614 27.3980788937 25.5831626872 27.5048530142 25.4647247545 29.0400211118 25.6627124773 27.4510597198 28.7587827947 27.9605712566 29.1703523173 27.4720029891 25.0064390102 28.0554699659 27.0243139076
27.746728209 27.1865917594 25.911928859 25.8224421142 28.0154082437 27.7675490955 25.6933463502 27.8801389114 59.070977232 25.5074573592 26.5110716596 26.0888016568 27.5915038312 26.9295802888 25.9984806393 28.7183492941 27.4987353486 25.4805951567 27.9092327443 25.5506970943 25.8314624581 27.8781313201 25.8455792129 26.4081561564 27.738154334 27.3063178959 26.9622967225 25.7730506302 25.2121035838 29.2339397137 27.4326996699 25.8422384773 27.3093297626 42.2139436164 47.6173977699 47.6173977699 47.6173977699 27.545224241 26.9460669369 26.8658009201 26.5260208066 25.5889106882 28.887830198 28.8682731798 29.1356215859 27.9487227013 25.9428194218 27.9225765324 26.8086450077 28.6117421098 26.1122463991 26.1243661906 25.6270314241 28.805422755 26.7861457829 25.1403777992 25.9678339014
27.8538442592 27.1997809457 25.60448866 26.489898797 28.7035795069 25.4285105876 26.3291722268 26.8593468249 46.1477320172 26.8152855404 26.245184848 29.0688925727 26.8216957831 26.095276655 26.4052047162 26.5672644728 28.6109932939 27.825840393 25.6547332462 26.5141559359 26.4856580193 28.6649093017 28.7340415297 27.0419210193 25.5749408323 27.6950702178 25.1425015726 27.0216360848 26.5713919504 28.7462554712 28.4331847998 28.8420753939 26.9096616227 28.0805510904 47.6173977699 47.6173977699 26.3792577103 28.878815708 27.2897656491 28.4540160119 28.992432443 26.4791053011 27.9321823514 25.6931600174 25.8779721058 27.9706798334 26.3507523597 27.6064071659 26.5889036955 26.3810086904 26.0421112837 25.5206964536 25.387076835 25.9834948829 26.0878557024 25.6617225319 28.9626886521
26.1016202382 26.3446514943 27.7699587234 28.5328255079 25.9299565085 25.6997937059 27.0479378292 46.1477320172 46.1477320172 46.1477320172 26.4738856264 26.3960593045 26.8630688661 27.0033624173 28.0063470259 26.6547563396 28.2792589094 28.616378206 25.5565562371 28.860808906 26.2951664546 28.9542441022 27.4525369311 27.1829070761 28.9455221248 26.3134676086 28.3697181954 28.7638027949 25.6544070481 27.4081690229 27.5515464555 28.7530374217 28.0750220696 26.5876448418 26.1995183149 74.7919560562 74.7919560562 27.1947434097 25.4432096093 26.4666887448 26.0231477509 28.5717989923 27.3607907477 28.1600131548 28.0925958901 27.1272902647 28.5184484185 29.1728418089 25.3496151044 25.5740381135 26.0573711994 26.7970738042 26.5868117047 29.1223997881 28.0638026369 25.0497402114 25.9749642964
