Spatial_Output/BAU/BAU_0682.asc
NCOLS 155
NROWS 192
XLLCORNER 196769.923733
YLLCORNER 449719.875193
CELLSIZE 27.603701
NODATA_VALUE NaN
[rows 115 to 137 of 192, columns 0 to 52 of 155]
0 0 0 0 0 0 0 0 0 0 0 0 0 0 0 0 0 0 0 0 25.8464166329 26.0273911099 28.9448113424 25.1383074552 28.3209870852 27.8847937089 26.8701614545 26.8897541452 27.5419321282 26.0488963445 28.9972531665 25.8096822554 26.4516725475 26.0980721283 27.9702524937 26.4187037557 28.6003396995 26.2784562534 28.7880325264 27.8385430115 27.0188991547 27.6682262425 41.1381269237 42.0708588548 42.0708588548 26.3145572939 26.422881723 28.5561023565 26.3450087127 38.3241081068 25.6660881483 25.4745388254 26.7231788687
0 0 0 0 0 0 0 0 0 0 0 0 0 0 0 0 0 0 0 0 28.5497974389 26.5598723646 27.7611121397 27.569854962 26.3417119911 29.1036116615 28.1052570966 27.4120087536 25.9652416663 25.2591618054 26.8144479711 28.1018994505 27.597503212 26.0266836588 27.5242344139 27.1637080488 26.6957340399 27.0012281496 27.2698872847 25.7366737463 25.80087635 28.6141267839 25.3342788761 42.0708588548 42.0708588548 25.9308264638 29.1759881987 26.6744921207 27.2881106091 38.3241081068 38.3241081068 26.0933706799 28.3836949237
0 0 0 0 0 0 0 0 0 0 0 0 0 0 0 0 0 0 0 0 0 27.4137871282 28.3162900065 25.0848331897 27.685470843 27.1064032421 25.1739231653 25.5604139366 26.3737783819 26.6865158838 28.0796369173 25.4263789351 28.8507897611 28.2085230049 25.8664221406 26.7255938083 27.3308054375 25.8241457145 25.7826194582 26.6113169451 28.2669841587 27.1299715784 25.1422605897 40.7995576426 26.8258465378 28.4798281026 28.6842041924 25.9255113614 52.7661339311 38.3241081068 26.5162189202 28.5422062967 25.0254810572
0 0 0 0 0 0 0 0 0 0 0 0 0 0 0 0 0 0 0 0 0 25.0623361522 27.4179979069 28.1934337916 25.6984515908 26.1129413076 25.8153891916 27.2814217382 25.1018171515 26.9341106289 26.2768189441 25.5220490279 26.661232797 27.8713382794 28.1752294287 27.409168907 25.8452886981 26.0983090339 26.0731302674 27.4143645531 26.28688411 25.769650243 26.7618663268 25.5929970672 40.7995576426 25.8045841977 25.1176652551 25.9985117151 27.0956689874 45.2238862131 28.9728359669 26.2823223589 26.312655709
0 0 0 0 0 0 0 0 0 0 0 0 0 0 0 0 0 0 0 0 0 0 29.1083536103 25.1576796431 27.5711244109 28.5989684179 27.9449307458 27.3019234541 26.5628919095 27.517317011 28.683908579 25.5408232004 28.4565535557 26.4232008823 27.1696486491 25.3839821659 28.2114501724 27.9529586288 28.9824549899 28.137669252 26.8130409333 26.0870763545 27.5608306771 25.917499015 25.4693888039 25.3075266972 48.8482558285 25.6024195563 62.2983018557 26.0065884723 29.0428516219 28.8077053102 26.0379224216
0 0 0 0 0 0 0 0 0 0 0 0 0 0 0 0 0 0 0 0 0 0 26.9896623429 25.7545306772 29.1957099179 27.7359886169 26.8215531633 27.7748607845 27.9254608687 28.3878831469 27.5804534273 26.4457594616 27.5158286208 25.6398419809 26.6381135501 28.4932326645 25.7763789904 29.1832285146 28.5243719784 28.797053941 25.6999201005 26.3795091015 26.1974516501 26.2340514217 27.7439695315 26.5573891374 48.8482558285 28.2220724587 74.8670234802 25.9755219104 27.9610063434 28.1177337978 26.3733906617
0 0 0 0 0 0 0 0 0 0 0 0 0 0 0 0 0 0 0 0 0 0 0 26.4781773863 27.0402022187 25.5627721237 27.1479863959 28.1210979207 26.7477645338 27.4920315278 26.3182503121 25.3873207419 28.2471979285 26.7115442927 27.3504067307 29.1909078452 27.2283126564 27.2035783261 26.2741829376 28.4300716442 28.4402909104 29.1446870954 25.8358341939 29.0958024801 27.6633058932 27.7231932334 26.369429233 56.0947716124 56.8891101824 25.3192778798 26.5052245063 25.1905097445 28.4697346125
0 0 0 0 0 0 0 0 0 0 0 0 0 0 0 0 0 0 0 0 0 0 0 0 26.6116221018 26.6309537378 25.4865013911 26.4546947033 27.5684099412 28.7185549367 27.7713379479 25.5576104965 26.0620886993 26.8365708348 26.8879936777 28.3194384573 25.4472986564 26.1110542656 25.958263475 26.4767183748 57.6229409593 26.4888148527 57.3706800863 27.6121155095 18.3822580674 26.1369125618 26.1270216525 27.4594098868 26.7852185192 49.007490625 26.2716435475 58.1896571597 26.7536396678
0 0 0 0 0 0 0 0 0 0 0 0 0 0 0 0 0 0 0 0 0 0 0 0 27.8871226297 25.4295178351 26.7714526146 26.2331074986 26.0003535251 28.8985116933 26.6770492313 27.3938072165 28.3604758643 28.0698408491 28.8006279958 29.197295958 25.8890089636 26.1566045548 27.0623899201 28.3329257511 26.5862914384 57.3706800863 57.3706800863 18.3822580674 26.9623818464 26.2387716513 26.4353375842 27.6816115533 40.9851163287 49.007490625 50.5297138184 50.5297138184 28.1578456531
0 0 0 0 0 0 0 0 0 0 0 0 0 0 0 0 0 0 0 0 0 0 0 0 0 25.1934860563 26.8536108115 26.1342892149 25.8241293293 26.3443245063 27.4509250064 28.6106790793 27.0249322328 27.8943210394 28.9889196805 28.4354755562 27.0882063526 28.5222506766 25.1600645787 57.6229409593 27.433602368 25.2583363356 26.7937390267 27.8086645991 18.3822580674 28.0667316946 28.2226751816 40.9851163287 40.9851163287 49.007490625 49.007490625 50.5297138184 25.4336414394
0 0 0 0 0 0 0 0 0 0 0 0 0 0 0 0 0 0 0 0 0 0 0 0 0 27.3443550075 27.7952693348 27.181830098 28.1774061457 28.3086074902 28.0910601537 27.2740321433 28.0774729339 29.2360474384 26.140909623 26.1174060451 25.8723409856 29.023398433 26.9030457162 25.9185493449 25.9137703047 72.9808752953 72.9808752953 72.9808752953 28.123555771 25.2054050416 28.8181938849 25.708706812 40.9851163287 25.2119148653 25.2271160302 25.9256291533 28.1501087127
0 0 0 0 0 0 0 0 0 0 0 0 0 0 0 0 0 0 0 0 0 0 0 0 0 0 28.985785505 25.8252357081 27.9996823828 29.1163484263 27.0455889358 27.1758582338 25.2700003133 27.4886484573 25.9659497644 28.657770171 25.6164958661 27.5399436702 25.1969659602 26.4864064046 28.7362356129 27.1127464693 72.9808752953 27.2853377698 28.9157634173 25.7786725711 27.7356951913 26.4140651955 25.4020597519 27.3295541594 26.4741780914 28.0979818716 25.4725854648
0 0 0 0 0 0 0 0 0 0 0 0 0 0 0 0 0 0 0 0 0 0 0 0 0 0 25.2227507517 27.5152396348 28.7665408421 29.043168921 26.0225416104 25.1878690879 28.3824494725 29.1647352656 25.5071727726 27.1943615273 26.5337438978 25.5857754386 27.8222046529 25.4519647119 26.0184236579 25.1316163094 26.9592889864 25.2329168994 26.9334197717 28.2189051265 25.786493525 27.3765408219 26.8431484976 28.4327664762 26.9793468776 25.7710837857 27.943985887
0 0 0 0 0 0 0 0 0 0 0 0 0 0 0 0 0 0 0 0 0 0 0 0 51.3965745846 46.1412013013 45.1786194298 27.5964952056 27.934031423 25.5167131289 26.5759395004 27.8793243799 27.4202255956 27.4973648485 27.4602230951 28.5638018649 27.715808037 26.6005061023 27.4691267532 25.3076047865 25.6771782013 25.7480229407 43.2553574661 25.3849405744 27.3635754671 27.5373104207 25.4209418512 28.8884001444 27.3400688037 27.3351824719 25.1151091954 27.2654783193 28.8749417824
0 0 0 0 0 0 0 0 0 0 0 0 0 0 0 0 0 0 0 0 0 0 37.5285981485 54.4047324549 38.0439033082 46.1412013013 46.1412013013 45.1786194298 29.1147315331 25.6380531044 27.6456474797 28.7530188104 29.2405411561 26.3359571711 26.7343829366 26.5657945687 26.5197748643 25.7136564334 28.658007075 28.846253425 27.9695402805 27.3335777838 27.2299070436 29.0924305618 28.1571127105 26.8768768585 27.8538896019 28.7242543161 28.0326510636 25.2279940277 26.8246561653 28.1073245043 26.034677532
0 0 0 0 0 0 0 0 0 0 0 0 0 0 0 0 0 0 44.3413985346 51.6973526936 57.2755324029 57.2755324029 55.6297465302 55.6297465302 54.4047324549 46.1412013013 46.1412013013 45.1786194298 25.2797603784 25.3303090425 28.1967070497 27.3804894712 26.3209043415 25.9840602022 25.810097274 28.3707327011 27.3409396079 26.621524469 25.33042912 29.0178403821 36.1463995439 43.7117621182 26.9753890044 25.9106780327 27.7735874647 29.1575887017 25.2621770393 25.750431292 28.1340652872 25.8773534039 27.5534605697 28.3021239041 26.5441566346
0 0 0 0 0 0 0 0 0 0 0 0 0 0 0 46.097614219 37.6684544197 43.582116187 55.1003781163 51.6973526936 51.6973526936 51.6973526936 55.6297465302 55.6297465302 54.4047324549 49.6027948607 58.3494605592 0 0 25.536648739 26.8583880108 28.1132998155 27.7455565431 29.0455468134 27.1715047092 27.9596313033 25.7967964407 28.7075667931 26.5709588418 36.1463995439 36.1463995439 36.1463995439 27.0621692052 26.5870325349 28.9716813393 28.3335219769 28.2555592589 27.2519376298 28.182248081 27.5413532019 28.5244226379 25.261329833 25.2323904798
0 0 0 0 0 0 0 0 0 0 0 0 0 0 0 47.7598989477 44.5937212555 35.2302732612 55.1003781163 55.1003781163 51.6973526936 57.2755324029 50.6778754903 55.6297465302 55.9783188806 49.6027948607 0 0 0 0 26.078286014 28.9172928502 27.2268214761 25.5371886752 25.2229060865 26.4591933978 25.4475530262 25.5861642844 26.1277858271 25.867319973 36.1463995439 27.3865628628 25.8883483638 25.2809377262 25.6203965896 27.1717189261 29.2313914822 26.2381376961 28.3356379652 28.8588272814 26.6354813345 28.9897641054 25.0684486207
0 0 0 0 0 0 0 0 0 0 0 0 0 0 0 42.1882176795 38.3639419795 40.689842098 55.1003781163 49.9295726775 40.0568271561 0 0 0 0 0 0 0 0 0 27.2377764543 27.2813780629 27.9307384222 26.5189253042 25.1219855182 28.5092818595 28.7479168801 28.6461904008 28.8979648861 26.2006286491 26.4475764713 36.7613629555 26.2564140654 27.4695165964 26.7692832968 27.1877750444 26.1282392476 28.0130315175 28.6728113256 25.5929721834 28.146881023 84.3835592847 84.3835592847
0 0 0 0 0 0 0 0 0 0 0 0 0 0 0 56.3880378928 43.3422069045 54.478154729 64.4621320957 0 0 0 0 0 0 0 0 0 0 0 0 26.7138432433 27.424055166 28.8490378509 26.2841807186 29.1972052201 25.2720636155 28.3749094097 28.9639688882 52.5810284124 29.1932239798 26.5949135145 26.6424241214 25.1994962634 28.2770898164 57.9469275817 25.1985812775 56.2626790156 25.1727310434 25.6561074342 27.3138928411 84.3835592847 84.3835592847
0 0 0 0 0 0 0 0 0 0 0 0 0 0 0 0 0 0 0 0 0 0 0 0 0 0 0 0 0 0 0 0 27.1849212088 26.0651271266 29.2369237755 28.5285655907 27.8785883402 25.6019802396 52.5810284124 52.5810284124 52.5810284124 28.3482979398 41.3468520801 41.3468520801 28.8780301758 57.9469275817 57.9469275817 56.2626790156 25.4768156783 27.2712266921 28.6760022923 84.3835592847 27.1843306084
0 0 0 0 0 0 0 0 0 0 0 0 0 0 0 0 0 0 0 0 0 0 0 0 0 0 0 0 0 0 0 0 0 28.1247172983 28.8350917645 26.9597202572 25.3836496845 26.8239827717 28.6760778958 52.5810284124 52.5810284124 55.1361472239 41.3468520801 41.3468520801 41.3468520801 28.6427679449 27.9271672512 56.2626790156 25.9896100212 25.1511618191 26.7653649429 28.8829118032 28.5487284688
0 0 0 0 0 0 0 0 0 0 0 0 0 0 0 0 0 0 0 0 0 0 0 0 0 0 0 0 0 0 0 0 0 26.7228915554 28.2833532353 25.4916120817 26.2980440322 25.6322722338 28.5759624033 26.8469128038 28.1407691182 29.1238150878 28.0119125851 41.3468520801 26.4112406549 28.8508295366 25.0802498712 26.424212897 28.2468692694 26.3393805306 28.0972532472 27.2297787782 25.8577001736
