Spatial_Output/BAU/BAU_0661.asc
NCOLS 155
NROWS 192
XLLCORNER 196769.923733
YLLCORNER 449719.875193
CELLSIZE 27.603701
NODATA_VALUE NaN
[rows 92 to 114 of 192, columns 0 to 52 of 155]
0 0 0 0 0 0 0 29.1279388282 25.7333431077 25.6989553922 27.1149837545 27.6790493586 28.6139644913 25.884880098 28.6990645646 26.6993323969 27.6712364464 27.7048359772 25.594543399 28.0829763337 25.7390367643 26.3321066312 25.9377334861 26.4945198056 29.2080624734 26.900328702 27.7727467339 28.8703397471 28.7208382582 25.2159185848 25.6840751443 28.9770124996 28.3862928545 25.5469282042 29.0001264996 28.9822300908 26.4197982685 25.8772433532 25.0039206687 26.2982346007 27.9275808904 55.9376664007 55.9376664007 55.9376664007 54.5198679529 26.5396825968 27.424777476 25.1378999261 26.4260568434 29.1586117724 28.7942623237 28.2879978728 28.6579631774
0 0 0 0 0 0 0 0 25.5060386882 25.8016812709 25.5067044065 25.6275379782 25.7343070165 27.5815069415 26.6744370661 29.1815481941 25.9952380078 27.1259933936 27.4524853152 25.2063604557 28.9335076569 27.1375659807 27.9101820448 26.5559750344 27.7813508492 27.8122365675 27.1814034624 28.0591735531 28.9028237993 28.3698832988 26.8544717188 26.1373987386 26.1195533639 28.9875161915 27.0910115921 27.0671353934 28.068263373 25.1292617296 25.6581262356 26.4590790987 28.975512391 28.3045925363 81.6760847174 54.5198679529 54.5198679529 27.6037499998 29.1869219156 28.7273415372 28.5320415551 29.1161500647 25.4343887017 29.058257759 26.5423059895
0 0 0 0 0 0 0 0 0 0 26.7992954767 25.6886520672 28.2927842574 25.6959137199 25.522259798 27.4932491018 28.6053767765 28.7244631441 25.4469887765 27.8984684139 27.8663637075 27.2209615964 27.9849738008 25.4060275135 28.8793509817 26.9744420433 27.1858240643 25.2294808355 27.4477616476 29.1638362593 28.7066696084 28.1052599866 25.5549186204 27.79476122 28.2598154907 27.1789199999 29.0164557161 26.5703800112 26.9964324584 28.0927581719 26.5910158039 81.6760847174 81.6760847174 81.6760847174 26.3704333984 27.3865232397 28.5672440345 27.1395592856 29.0972415633 28.8471801906 28.3204713331 27.2840025051 27.6408626122
0 0 0 0 0 0 0 0 0 0 28.2236387846 26.7555036933 26.8745652368 29.1589321284 25.7061072375 28.1649503551 26.5442650924 27.9559905329 27.8243676549 25.8905501402 28.4181720538 26.2522554344 26.9613977864 26.909136931 26.4433879445 27.9137374712 27.4616738487 26.5302397761 26.4309471456 25.5849577812 27.7317808847 28.4932025586 29.0071761496 25.7429690008 27.9576221722 27.5440529587 29.1859181375 26.6550387787 25.7447588259 25.67013153 26.4780833909 27.1475941893 26.5781271334 28.4953818233 52.8854412948 26.1886599554 25.4635769535 26.1171677521 27.3882040472 27.9399580629 27.9556220216 25.9497206561 26.4927312457
0 0 0 0 0 0 0 0 0 0 25.7417234636 28.3783422295 26.5515390017 26.8747578848 28.6948376178 27.962425855 28.2884034341 25.6346014619 25.6499519863 27.0140748811 26.2538636624 28.2730921017 28.1307103163 28.0949895356 25.9679587968 28.3455981873 29.0059772913 25.0499793341 26.6859816626 26.3660941026 26.7086664404 26.0115999293 25.4849545812 28.0893959016 28.2994455896 29.1757663509 25.8811201191 25.8962281822 27.9416673782 26.9787175049 28.4057739911 27.0682563424 28.7574417127 52.7339072275 29.0014473114 28.048170252 28.4021425583 28.5455134654 28.2292818102 28.1752091966 27.4136993621 27.0761591424 25.392307114
0 0 0 0 0 0 0 0 25.3362546071 27.3547783504 28.4298338231 27.7861558598 28.9754287066 25.9935152432 25.7914512882 26.6668071022 27.0458462926 26.9777103576 29.0172080652 26.5762027547 28.6807501018 26.4319848122 26.2259044624 25.9585507297 27.8495122981 27.8627369843 26.7202087159 28.7839319183 25.7358697682 43.0189228322 25.6500047283 56.4501800174 56.2915638877 57.4183318663 53.3716354817 61.1326091107 27.2952228127 27.146019958 25.2264580871 29.1603748733 26.068392702 25.5672585348 61.8570606892 52.7339072275 28.1325642105 52.7339072275 28.6080686486 25.3785962757 48.3370566479 48.3370566479 28.074501075 28.6670087521 54.8904133681
0 0 0 0 0 0 0 28.4667315287 28.4399944374 27.0671715938 27.5104398533 27.8583990961 25.5927499171 29.2266178339 25.0252306461 28.7760993597 25.810990443 25.8293080675 28.344015342 27.1394986643 27.0256980742 26.6187714634 26.7206200729 25.3120979283 25.7232877494 25.2260521862 25.583467094 28.47760211 28.6481551847 43.0189228322 43.0189228322 56.4501800174 56.4501800174 56.2915638877 61.1326091107 61.1326091107 61.1326091107 72.8261684218 25.8808454031 53.9183479146 53.9183479146 61.8570606892 61.8570606892 28.1368698716 27.9638426088 26.3365828493 25.4056404485 28.0164967229 48.3370566479 48.3370566479 25.6026795529 46.6930160663 54.8904133681
0 0 0 0 0 0 0 27.080688277 29.0917516124 29.0229640068 26.2298697827 25.771182086 28.1892018019 28.8448457487 25.5562175818 25.3143467687 28.9364586424 25.8326502967 29.0651007144 26.4285362308 28.0624677704 28.2694779834 28.7481123628 26.3341847596 26.954431984 28.8062735456 27.0916239609 27.9009653475 26.950317834 43.0189228322 43.0189228322 56.4501800174 56.4501800174 57.4183318663 61.1326091107 61.1326091107 25.0232427117 27.1983024601 27.8878793067 27.3022949379 53.9183479146 61.8570606892 61.8570606892 38.609738733 25.7002857665 29.2233439586 26.2231448163 28.2525224902 48.3370566479 27.0877283785 28.9548196796 26.4368757453 54.8904133681
0 0 0 0 0 0 0 0 27.0061075979 25.7950368253 26.533079474 28.6439101964 26.3273063862 28.0468029272 29.0577413228 25.8912609533 26.0398871922 27.5440667667 25.1315574057 27.540107428 27.2342178718 27.0156538705 26.6830191713 28.9182439347 28.3209470928 26.240054242 26.7445962998 26.2085090251 28.6048016114 29.1634584201 25.5065447773 27.9454205381 28.2871807712 26.1128264357 27.0371516162 25.4708765989 25.9195021058 29.0986822594 27.5952611381 53.9183479146 25.5633251034 27.5384895859 61.8570606892 25.4442042184 25.9264199636 28.0808867614 25.1302403308 25.6743177079 25.1023136507 26.3288864939 28.4606284154 25.9029420859 27.2093452399
0 0 0 0 0 0 0 0 0 27.4810093103 28.6484305908 26.2246938537 28.9229740698 28.3187971128 25.1944318672 27.3976188268 29.0777392687 27.3571008449 26.5101849614 28.2669494309 26.8101014102 25.0821737652 26.5484056337 25.4461252719 25.2543289807 27.1245373712 28.4570462655 25.2763385879 26.9409872749 26.825756066 25.7214604534 26.6107480632 29.1999067547 28.4101521728 28.3449586973 27.7178756176 25.6135532976 26.6307740448 27.5245836874 27.6960812852 27.4636283216 28.8032171146 28.1307485843 26.8482057828 25.7479013436 27.7420159874 29.0124261142 26.505119049 25.3743910721 27.7094481784 27.0673563561 28.9724307878 28.9731863611
0 0 0 0 0 0 0 0 0 0 0 28.2027194969 26.1300911851 28.1037537684 27.2622281783 25.5039056357 29.1812799435 25.0750594028 26.4457332128 25.979132886 26.8519485349 28.5712453644 25.9378873695 25.5296640022 27.070449509 28.0863138432 27.7486515076 28.1921525126 27.7135187909 25.8708075312 26.3389044911 28.3653679544 26.4972892719 27.7891993034 25.8939387549 27.7831486602 26.306316442 28.7631153616 25.4332506703 26.3459200124 25.7717595424 26.3865046635 20.5721057114 20.5721057114 20.5721057114 28.914924908 25.2945199027 26.8767714238 26.2081328785 28.001634595 26.9614699527 28.289001442 27.7547910272
0 0 0 0 0 0 0 0 0 0 0 0 0 0 28.6215761435 26.3646444284 25.9383473971 26.1585503678 27.6003661533 25.3981963457 27.710844256 28.123907366 25.748425245 28.1828616244 25.5126700049 26.3310093751 25.2227061565 26.9287238211 25.9114103532 27.8518456301 25.6463334076 25.443253232 28.7298328219 25.803281289 25.9630643646 28.3480856773 29.2241832982 28.319358227 29.0664984709 29.1644660954 25.2712532713 27.0697986712 20.5721057114 20.5721057114 20.5721057114 26.3201555655 28.7248128705 27.1485081462 26.3191905082 28.8736194143 28.1581975596 25.5705913483 25.0272748251
0 0 0 0 0 0 0 0 0 0 0 0 0 0 0 27.2035636021 25.445763861 28.2507904712 26.1515354505 25.1482886063 27.472818891 28.4882784593 27.6838348497 29.030862909 25.2059924857 28.5353518106 29.1101099722 27.3260925081 26.0137020238 25.9170252625 28.0517642074 27.7466004567 28.2768756824 25.197706919 25.8907958193 28.7865651728 25.8496083095 26.9853943023 29.0873135661 28.8173244718 28.6073363541 25.6841178068 44.3085769553 20.5721057114 28.0424266525 28.8228153579 27.0322333416 26.6882304299 26.7832059178 46.851793008 46.851793008 46.851793008 28.0494204086
0 0 0 0 0 0 0 0 0 0 0 0 0 0 0 28.1964803467 27.387679669 25.5773313245 28.6485268335 26.3591409772 26.3903007839 28.7312254645 26.3203026273 25.8980107354 26.588737644 28.2389335979 29.0833391934 25.8668534039 26.4892572081 27.0955349492 27.8236603982 26.7859503428 26.7997037041 26.910787786 29.0260798268 26.2039624919 28.4448710684 28.1875703181 27.1814180755 28.3897091043 26.0035291283 27.0560697576 47.2429650307 56.2137312313 56.2137312313 25.646546111 26.1181947683 27.184492677 25.4758233309 58.1845086999 54.2826737385 58.1845086999 27.2403500963
0 0 0 0 0 0 0 0 0 0 0 0 0 0 0 0 28.783123448 25.185578793 29.0883538701 25.8511579618 27.1822601981 25.5666386429 25.8676185939 26.2925424011 25.2469692216 25.131764059 26.4085852556 25.186237671 28.8739262254 26.9805352534 28.5581460374 26.4306838009 26.9335463169 27.4096736408 26.6006550279 25.5726159664 26.0608936067 28.6423351411 26.2505165462 25.5129214006 25.7974255895 27.2076651056 56.2137312313 56.2137312313 56.2137312313 25.5346406847 28.1958036275 27.0781163082 26.5645427093 54.2826737385 54.2826737385 54.2826737385 26.6476746656
0 0 0 0 0 0 0 0 0 0 0 0 0 0 0 41.5963437916 47.0133070068 44.0514467227 27.6614908715 26.1044465321 27.5110499036 27.2054250674 28.0983001588 26.8169844724 28.827028042 26.3770619272 29.0107234575 27.0142513333 25.5184874287 26.5725943283 26.7837988548 27.0865493153 29.1208395523 25.4557404171 27.3222192849 27.4999720146 29.0325124177 26.0681400587 27.43023933 26.0721191652 25.4502239497 28.950722466 69.8332681552 56.2137312313 69.8332681552 28.4173901634 25.5438895927 25.7446259423 25.1927695873 57.5912829182 54.2826737385 29.1740562811 28.5820241425
0 0 0 0 0 0 0 0 0 0 0 0 0 0 74.3448679699 36.0370653358 40.1166159222 48.7340606487 26.2487567418 27.3344671289 28.3925109997 25.8777089352 26.7874296049 29.0598199518 27.6023412265 26.6624559993 28.7214703483 28.0859029758 28.3805134021 29.2318672474 27.6793332962 26.7477384486 27.8896050219 27.4470576785 27.672382592 28.3939853451 25.0169808666 25.0958088963 25.8696858246 27.1897465426 25.775807137 28.4144218367 55.365544898 55.365544898 55.365544898 59.5317941944 25.0107802706 27.7738849851 29.0087748199 27.751499178 53.3044058066 57.5912829182 25.8464191137
0 0 0 0 0 0 0 0 0 0 0 0 0 0 57.6235635843 42.4393285114 38.4442213432 42.8384298455 28.0316570586 26.9676667671 27.7071092491 26.9727114285 28.8057235475 27.9189912674 27.6203282746 28.9036387626 28.4927945612 27.4551622948 26.5324082714 27.8714008925 28.6675670678 27.540992433 27.9929205014 26.3194906009 25.5938923899 28.6918373295 27.0475348716 27.7363342813 27.1492833829 25.5904768309 27.3559793158 26.3315265683 51.5342544071 55.365544898 55.365544898 28.4315884139 26.9909156783 25.5927101831 28.504619899 57.2632389086 42.3028812218 57.2632389086 25.8363893192
0 0 0 0 0 0 0 0 0 0 0 0 0 0 0 57.6235635843 57.6235635843 27.787689149 27.7698492608 28.6598195032 28.8740985884 26.8213005691 25.4649112019 28.104802867 29.0934600064 26.5436662715 28.9040727765 25.2336345054 27.6423895847 26.2976449723 25.9734006377 27.6020154931 25.2868275127 29.2168135725 28.4756877361 25.1036957174 25.9948880221 26.4320213499 25.2538634717 28.7598650161 28.8680946186 28.6389785759 56.3447309081 56.3447309081 56.3447309081 46.3652887561 25.7811637099 27.4939198304 28.3237456104 42.3028812218 42.3028812218 42.3028812218 29.0440337803
0 0 0 0 0 0 0 0 0 0 0 0 0 0 0 0 0 27.2438331815 27.5165187747 28.7230530499 28.3415619156 25.0284970899 26.9306240831 27.0612721875 28.1184599476 26.0991546653 26.4347331233 27.7371099264 26.4579608848 28.5889230838 27.1837683451 26.7428842406 28.1711698309 25.7512798599 27.9986229138 28.772445556 26.7199791713 27.6777017812 28.060367114 25.6490409159 25.5606118408 28.2930858589 70.1249501965 56.3447309081 25.9068492917 70.1249501965 26.7617148655 26.5011998063 27.4576141841 28.2274392578 42.3028812218 41.4427707874 26.9421484567
0 0 0 0 0 0 0 0 0 0 0 0 0 0 0 0 0 0 25.0848793975 27.8661616642 25.0031480841 26.2495610222 25.9625709462 27.2353761209 26.622836254 26.9818628956 28.5117429509 28.8404050671 28.525368181 28.1439117687 28.0306181882 25.648315007 26.5024696591 27.2602197884 27.116857706 27.6490168894 28.6793041264 25.1736822839 27.6651416053 26.3159377658 25.9815118822 25.1352237208 27.8890588428 29.2223847318 55.0574402125 28.2036542924 25.4182985182 27.3436437139 28.1107036679 25.0455881603 41.4427707874 26.7665348761 27.9957806917
0 0 0 0 0 0 0 0 0 0 0 0 0 0 0 0 0 0 28.9639440385 26.4677847 25.1452672372 28.3487446104 25.7374165794 26.1941417677 28.4174687252 25.0490762845 28.0464233788 25.7174152383 27.5910993533 25.0684261697 25.728282767 27.1256861048 28.6738520313 26.8147584955 27.1282365825 28.8931947085 25.1583063015 28.5356133573 28.6491401559 25.783902912 25.5830916581 26.7412779176 25.9023645028 55.0574402125 27.9695376346 28.9086906313 28.6870849051 25.2370828065 25.0512782908 26.9085843146 25.5165211527 28.9461027446 28.6739394539
0 0 0 0 0 0 0 0 0 0 0 0 0 0 0 0 0 0 0 28.391712898 26.2657426445 28.1356090071 26.8335451299 26.0826676604 25.424504653 26.5919593358 25.203312588 29.1435668522 27.1233894131 28.3037508238 27.4754411287 27.2991353725 26.4107805182 25.7307245353 26.6927274435 27.5922816098 28.6223624737 26.7027505041 26.2478985011 27.7260886431 26.7841535369 26.8167978907 28.4573124121 29.2061359347 26.0158511602 26.5848392426 27.9743303824 27.8459116329 28.1938344518 28.9123895041 43.5132434124 53.8914321148 53.8914321148
