Spatial_Output/BAU/BAU_1031.asc
NCOLS 155
NROWS 192
XLLCORNER 196769.923733
YLLCORNER 449719.875193
CELLSIZE 27.603701
NODATA_VALUE NaN
[rows 138 to 160 of 192, columns 53 to 105 of 155]
22.7932218058 22.9030372349 23.0866684914 22.5584672299 22.9783829972 22.819766981 23.2052811783 22.5616420707 22.6935342076 23.1619149959 22.8747594884 22.5661223518 22.9381718691 22.6107687145 22.5684177171 22.5103369411 22.5847007815 22.6806642674 22.7766338754 22.5311683967 23.0070751572 23.0612842254 22.857716762 23.0156527805 22.6903847277 22.6027606022 22.5285054816 22.5485270884 22.8069749655 54.1771801383 54.1771801383 22.7409205632 22.8981832786 23.2013588879 23.1389865976 22.9149557393 22.6243767449 23.1642842966 22.9403507097 22.5792516844 22.8672257875 22.8343244426 22.6685931913 23.107365392 23.1927976382 22.8363979353 22.6262257802 22.7540732352 23.1800129237 22.6877943874 23.1804781863 23.1765344 22.7651397841
22.6007118508 23.0146200548 23.0240537448 23.2060548257 22.6371547244 23.004129605 22.5888474227 22.9386096759 22.5864740728 22.7319009632 22.562290698 22.6089192342 22.9953497257 22.5377364252 22.8904085942 23.0953462624 23.0317414547 23.046353016 22.6166359775 23.1897552698 23.1878737168 22.5069750359 23.1072228023 22.7483623504 22.7843375254 23.0021022336 22.6273617017 22.6128383665 23.044492539 54.1771801383 54.1771801383 54.1771801383 22.7523905624 22.8753511799 22.8110961439 22.6922332274 22.9056589436 22.8404831302 22.7270161225 23.021982834 23.1348135995 22.8029571383 22.621219598 22.6853021538 22.6283784285 22.715458988 22.5883808882 22.8925159287 23.1368041568 23.2051493281 22.8556126958 22.5928889629 23.2037130144
39.2797724212 39.2797724212 22.887545689 23.1663147492 23.1900901489 22.8454802502 22.7975874464 22.5852115727 22.777672251 22.8718547707 23.1284171123 22.5286115653 22.6392387193 22.5383825993 22.7222815729 22.6763142207 22.7829748911 23.0802134984 22.7700055433 22.8999745963 22.6546905554 22.7242075807 22.7208102012 22.5127373423 23.1383880256 23.1638883581 22.8349663774 22.680088057 23.1029674223 22.5521536054 23.1360731556 22.723665114 56.8220124481 56.8220124481 22.5651657158 61.9614131273 61.9614131273 23.049711618 22.6099385528 22.5126315074 23.0452253794 22.9264835456 23.1606986664 22.8433134886 22.9255957131 22.7385730724 23.0569150668 22.5302138117 22.6041863231 23.0537895925 22.6580096886 22.8867118492 23.0326310587
39.2797724212 39.2797724212 22.9492434232 23.1753083699 23.0534390764 23.1839908793 22.9641464682 22.8820667292 22.9603471753 22.5771125293 23.0554312936 23.152003231 23.1472698957 22.6157664758 23.0044956674 23.0858555291 22.9350558325 22.650616344 22.5094020156 22.6771375845 22.7851091913 22.8182135286 22.7383608567 22.5215793925 22.5623991738 22.7937854509 22.9692322413 22.7172162974 22.6165833068 22.7052393458 23.1420153288 22.7458561311 22.5679256145 22.6189876134 61.9614131273 61.9614131273 61.9614131273 23.0729208858 22.6277612608 22.5476269385 22.7729032337 23.0579448854 22.5761242289 23.1118283016 22.8539924844 22.7592617373 22.8270182723 22.6565692629 23.1200767798 22.6404034807 23.0669153283 22.8592828947 22.575817068
45.2688139733 22.7252926578 23.0031908269 23.0348245577 23.2040233464 22.6563067557 22.6958210462 22.5660431587 22.8628885193 23.03401963 22.7907893235 23.1425524698 22.6607635421 22.7926701348 22.595560082 22.6597792559 23.0863312496 23.0724288455 22.85919906 22.5130208345 22.5633056668 22.7312453171 22.8097931492 22.5091419524 23.1541924266 22.9487696305 23.0846825147 23.1541284564 22.9345299745 22.8206717514 23.1885086127 22.7475213074 22.5807143102 22.7786608998 23.0306704207 22.9889374165 39.1517566739 35.4758302528 35.4758302528 35.4758302528 22.502865679 22.592916547 22.8270256681 22.5542280477 23.0167644614 23.0404832172 22.5663573146 22.775543049 23.1146710214 22.8438926925 22.8464787917 22.8178642759 23.1336052769
22.9348334174 23.1921741868 22.636466184 22.929713062 22.975483981 22.9194418194 22.5855035418 22.6733905688 22.5733705832 22.608210059 22.6921244551 22.6930415226 22.8537358621 22.6498502372 22.5859381966 22.6325349063 22.7956928448 22.6503502608 23.0853979243 23.2029621624 22.7588136579 23.0784011899 22.5903406232 22.6597954121 22.5600727868 23.0947626071 23.0112175912 22.8535703404 23.1476470481 22.9917927267 23.0637725618 22.8665958955 22.5000223497 23.0578653118 22.9219583772 22.5041112494 35.4758302528 35.4758302528 35.4758302528 75.8224438149 23.0471286837 23.1212290924 22.7205542168 22.7796185615 22.6754422773 22.674067531 22.5986472292 22.9824432183 23.1986677578 22.6242601432 23.1885616806 22.5058355328 22.6805820326
22.6428821275 22.6952357532 23.1420044518 22.8310784367 22.628539254 23.0524759566 22.5652410165 22.9237377 23.1073353668 50.8464848108 23.1097978794 22.8074429082 22.8751719512 22.7288870097 23.1121513909 22.8034728726 23.201348761 22.6874201058 23.1358189051 23.0557340893 23.1553251052 23.1901228802 22.693091317 22.5201470239 22.7544007311 22.5748210271 22.6535352295 22.663562696 23.1382893419 22.6848763504 22.6437747597 22.6958284619 23.1722298808 22.9876433046 22.8069822383 22.7322571492 22.9726221742 23.1328991559 35.4758302528 75.8224438149 23.1136560566 22.5968539462 23.2064128704 22.8937457513 22.8312672833 22.8118245262 22.6082228348 22.9649622915 22.9182303994 22.5032118855 22.9756291603 22.9076369941 22.6735079607
22.8470769938 23.0980134082 22.9601111684 22.8796453649 22.7415115588 23.1139805384 22.5567974898 22.802854957 23.0766941968 22.5503126167 50.8464848108 22.7483230038 22.579106352 23.1887892029 22.9903997825 23.02691426 22.6638680729 22.7031996736 22.6051961662 23.1379596349 22.8562695975 22.5073656428 22.8317804543 22.8834475523 22.9082003292 22.8921826643 23.1607837295 22.6665093882 23.1268897414 22.5655760364 23.0646359016 22.886242086 22.6172898045 22.8600953682 23.1335791486 22.9456048345 22.6210837192 22.5602967888 61.1684654524 61.1684654524 22.8153453727 22.9237677415 23.1177461799 23.0717803953 22.8046680857 22.5541860527 22.6083198424 22.5522709061 22.8133467686 22.5837420342 23.0887350943 22.8923241019 22.6527229195
22.963891939 22.5428025105 23.0572214794 22.6123800555 22.5146490593 22.5960706262 23.0952838081 22.6712949646 23.066437794 68.710541022 22.5997051042 22.8404778427 22.6348591745 23.1512649056 23.1802469179 22.5168111673 22.946510019 23.1632054666 22.9870642063 23.0390228687 22.7967941477 22.7630263277 22.7639525197 23.1041989097 23.1572909846 22.6577103709 23.043892565 23.039780358 22.6421930795 22.5518535222 22.8673277132 22.5251653805 23.1560134063 22.8857458679 22.5303255247 22.6091788464 22.9303645321 22.7707636415 42.0607265142 42.0607265142 42.0607265142 23.144103181 23.0250985674 23.0053320246 22.8001776023 22.6198971224 23.0611082921 22.7308116861 23.1805545905 23.12077515 22.6047282779 23.1731421227 22.7954364239
23.060740373 23.0445427198 22.6250363526 23.1642935241 23.0678611096 23.1492940244 22.852430888 23.0698731221 60.1041867436 60.1041867436 60.1041867436 60.1041867436 22.6991937465 22.5338826392 22.8024882015 22.5400982078 22.658984159 22.7093133174 22.732883851 22.780541025 22.5191481383 22.6330782685 22.8475766663 22.7994114713 22.5122200935 22.8508397565 22.6839081917 22.8628509109 23.1236301346 23.1328145218 22.9386112621 22.726928288 22.9463299538 22.8089468535 23.0263639537 22.6158476413 23.1062163881 23.1736735661 42.0607265142 42.0607265142 22.663586272 22.6355296962 22.8181179443 22.926229158 22.7726100899 22.8575171764 22.7222683054 22.7042954079 22.8460322551 22.5342980398 22.6288897259 22.8001201556 22.8042595369
23.1743453689 22.6256336701 22.8976501867 22.8249888164 22.8406161173 22.7189256312 23.1383660333 22.8196053647 22.8778207895 60.1041867436 60.1041867436 22.9764623336 22.944386043 23.0819409629 22.804821757 22.7249314802 22.8682963888 23.1517116994 23.0466284542 22.9997942501 22.609986339 22.9710178093 22.7370236589 22.6329897487 22.6997557503 22.6879798125 22.7163680017 22.8015341258 22.7816695097 22.7596925808 22.9544775564 22.6599765205 22.7342195807 23.067850668 23.0922407339 22.8479021118 22.7765782721 23.0176762771 41.7183481001 42.0607265142 41.7183481001 23.0328592651 22.5073741118 23.0275834726 22.9284974726 22.9522634465 23.0611921254 22.7414895517 22.563943612 23.1384203362 22.5508156652 22.6007107453 22.6487058209
22.7984289609 22.6774010608 22.890415962 22.9426021553 22.9296176093 23.1460184264 22.6573661372 22.9829632748 23.1161941168 65.4005615289 72.4942150566 65.4005615289 22.698079072 23.1754860052 22.8634776645 22.7274424765 22.8338718041 22.6746940506 22.6997614674 23.0105720223 23.1161042494 23.072770402 22.5712676431 23.1845580684 22.6967360514 22.553818999 22.8232212176 23.052179512 22.7142132723 22.6717154159 22.6971752533 22.6924407803 23.1829391314 22.96672585 22.7935961267 23.1728272621 22.8736224185 22.5234776596 22.8453207711 22.5664995187 60.8122254021 22.9629265262 22.6312581499 22.7596823897 22.6237626274 22.50341066 23.1220914298 22.8478475647 22.5922901009 23.0682458046 23.0112732592 22.9647721668 22.8073525889
22.8236183253 23.1383164624 23.1922886705 22.9000743176 22.8826352502 22.6593560657 22.9735230822 22.9889950866 23.1995001712 72.4942150566 72.4942150566 72.4942150566 22.8954578043 22.61264441 22.6267608115 23.0914449686 22.7981713184 22.7733743489 23.1916895297 22.6511020869 22.8573168636 22.7073182262 22.5309761937 22.6920034077 22.5100029308 22.7788475913 22.7133922264 22.9216892893 23.0375668554 22.692967309 22.6250326888 22.5121072718 22.5440807131 22.7550481106 22.9638503309 22.914088006 23.0765755522 22.7464747742 22.7253930834 71.1861572161 71.1861572161 22.943966611 22.8019203278 22.9063558951 22.510253535 22.7377741573 22.6914280577 22.7652929816 22.5962795382 22.9544207023 23.1764654764 23.0463635475 23.0904363362
22.5802251347 22.7720838105 22.7280600913 23.1319723598 22.7257070498 22.6497678765 22.5045108649 23.1406135496 22.7690379467 23.023621695 22.5670567378 22.6611934437 22.9128193536 22.5176750369 22.7619577734 23.1568673577 22.956978042 22.9592816714 23.1537495964 22.7343960157 22.5115173415 23.0689974806 22.6271853859 23.106431985 23.0293984378 23.1576856316 22.7734684643 22.924667224 23.0317405396 22.6877097522 23.1873695814 22.7044543325 22.9708257359 23.0722139711 23.0585977856 22.9734298469 23.1640424315 22.9275688199 71.1861572161 71.1861572161 71.1861572161 23.1165842315 22.6945271678 22.6686757325 22.6328821707 22.9344663975 22.6767540493 23.0465424565 22.8317250552 22.5226764054 23.1108886726 22.5826448097 22.540919035
22.930070956 22.8135341361 22.9702448764 23.0746911834 22.9786248227 23.0791851142 22.837237178 22.7003081345 23.1624539025 22.9486467713 23.0215989507 22.7250247031 22.9065021365 23.1825463861 22.6178885261 22.6761834209 22.5987739898 22.8645500393 23.0459624541 22.63911796 23.1818288244 22.5741480244 22.7681489135 22.5379018733 23.1311638088 22.6659880117 22.7315897206 22.9613823236 22.7765187455 23.0598146418 22.5882756206 22.5648678551 22.7112630184 23.1153783365 22.9291728586 22.5197184361 23.0638705336 23.1479091044 51.8633727435 22.6052805433 81.6973416487 81.6973416487 23.1374234275 22.8399457641 22.7601057996 22.8025544944 23.0311909524 22.9988430411 22.7547920312 22.7200917015 23.1952755495 22.9610930249 22.8617772312
22.6420764465 22.7236488249 22.7720711416 22.9983825774 22.9593311969 22.5076996583 23.2007600657 22.8361235746 22.8244578388 22.9237966642 22.7171819609 23.0865442964 22.5844308333 23.0906721889 23.0137877538 23.0995693739 22.9311480236 22.7998004024 23.1896256892 23.1492935813 22.5342901666 23.1380861342 23.2017022862 22.721023204 22.9621629606 22.5565539646 22.928496659 22.8620340801 22.8114282311 23.0878796713 23.0367369523 22.8175471523 22.7348059785 22.6019907907 23.0832633006 23.0628075668 23.1626717824 23.0563618486 22.8869866176 68.6374130646 68.6374130646 68.6374130646 22.514692506 23.0194236492 22.8587671347 22.9217234887 22.5853164167 22.6536431379 22.6177717293 22.9635092102 23.0398172639 22.5929901779 22.6458255855
23.1367645618 23.1891945303 22.8833361363 23.1020214182 22.5925506845 23.0540735954 22.5787195983 22.9907432164 22.5296410219 65.1351697805 22.5514566369 23.0507555736 22.6724531473 22.8684331649 23.017743958 23.0776632383 23.1192353635 22.5658169245 23.0579054848 22.7593327522 23.1759999027 22.6984991434 22.5890549647 23.146897965 23.1560379898 23.2041504522 23.0893174434 23.1318104031 22.9969018121 22.875443141 23.0483272926 22.6968058776 22.9923564491 22.5087862699 22.5561652493 22.7017694476 23.0526673147 22.9302778842 22.6022173943 68.3853574413 68.6374130646 58.1128593399 22.5726056112 22.5563496817 22.8096809237 22.5302679506 22.8221937864 22.6704676856 22.9609841227 22.6203258524 22.70977665 22.5882733683 22.8113911051
22.7198574018 23.1159364993 23.0241372607 23.1173053806 22.6291693456 22.8225475555 22.832387122 22.7074235183 22.8355213594 22.6153611009 23.1844431426 23.167430546 22.6551879876 22.9357749296 22.8583380792 22.9499861906 22.7897930841 23.1840441556 22.6802979835 22.9156091409 22.7238466073 23.0215186571 22.8643775048 22.7195416591 22.5541568408 22.9180519026 22.928328722 22.6374282054 22.5734077558 23.0380902865 22.5298871306 22.5093777973 23.0187285851 22.6388785963 22.6415496795 23.1926710109 22.7680447637 22.6816970219 22.6752433765 22.8596552695 58.1128593399 58.1128593399 57.8918227524 22.6889801293 23.1545591137 22.7166446258 22.9608864678 22.6390820679 22.945839548 23.0917688071 23.1421045691 23.0913265227 23.1676642607
22.9811420751 23.0378269888 22.6064475986 23.0897602772 23.0886080858 23.0037786639 23.1551054027 22.5162589566 23.105391758 52.3271624821 52.3271624821 52.3271624821 22.5438808872 22.8271488124 22.9998805221 22.9393511187 22.8955729821 23.1777789022 23.1644995803 22.550985446 22.8879136545 22.9347027459 22.550265439 22.9059665476 22.8125649889 22.8533225728 22.5049073137 22.7643989111 22.9515854771 23.1147050148 22.7493562338 22.759963026 22.7816843258 22.5245960922 23.0778222758 22.7352895709 22.7863759523 22.8539822324 22.829462019 22.6201947256 66.4004394757 45.2644579053 45.2644579053 22.973069691 22.6866597094 22.7551045376 22.8105439194 22.6019398917 22.6924253722 23.0015315485 23.0202796205 22.5264650159 22.8216993852
22.6604433436 22.5563646215 22.6035613712 22.9930798697 23.0878814518 22.7449556574 23.0336982702 22.5454819823 23.0908247789 52.3271624821 52.3271624821 52.4445711655 23.0351262048 23.1077100523 22.9318736922 22.7488349055 22.705132721 22.6460046437 22.5769932369 22.9878198966 22.5334959215 22.7853093118 23.0395365098 22.891891234 22.7325654926 22.9416760318 22.5023775102 23.0285959368 22.8695533955 22.9490170233 22.7612888224 23.1426393978 23.2038854939 22.9115631897 23.1715129154 22.516036024 23.1606162999 23.0160233546 23.0727165303 23.1000038794 66.4004394757 45.2644579053 45.2644579053 22.6129930647 22.6383375135 22.9171443243 22.5070809992 22.5222008947 23.0596635766 22.562990083 22.7375509329 23.1849111706 22.9579722506
22.9404405847 22.8809203924 23.1491131273 22.5060267378 22.9262367859 22.5829250316 22.6235087381 22.9149610519 22.7949881066 22.9102994102 52.4445711655 22.7072655569 22.6575505091 22.7268206635 22.8116953067 22.5520157164 22.8887740005 23.0167858329 23.079825725 22.9587897272 22.9510424141 22.6755875664 22.6894158933 23.1977524196 23.0183392944 22.6366743487 22.7810620463 22.8732931328 22.5076885638 22.8433205211 23.0878863815 23.018107649 22.6725548306 23.0571535536 22.5440693664 22.9390985737 22.8277073017 22.8388010476 22.8360986488 22.7791550416 22.6523568976 22.6959798935 66.2525725823 22.5034741431 22.9152934658 22.799922149 22.5044797784 22.8239200839 22.5466601066 22.8861550632 22.847173619 22.5691410047 22.9199243801
22.972974938 22.5028428848 22.5028099357 22.8804107579 22.8119523979 22.6245736152 22.7807182569 22.9552899715 22.563585468 22.8045603143 22.9877722198 52.3507706844 22.617178072 22.8811054393 22.9288185903 22.8973208232 23.1376057955 22.9199661506 22.8708285354 22.845702212 22.524914526 22.7829939841 22.6129784355 22.701046253 22.9453834178 22.9016449519 22.858473408 22.7481813673 22.9458359367 22.9278965605 23.1875277461 22.5094369286 22.6392675998 23.1849018951 22.8134773417 22.7732241879 22.6782567744 22.8029308242 22.5547858871 22.8458728214 23.0370265871 66.2525725823 66.2525725823 54.9875172456 22.887807315 22.8869358236 23.0806060183 22.6986878584 23.0242077351 22.7995164743 23.0932892269 22.6927153878 22.7003775528
23.0199923139 22.5909285414 22.736603607 22.7331050298 22.7537057658 22.9088803425 22.9871776425 22.7158491938 22.7657734697 46.7991750835 22.6297162937 22.7377288236 22.9269154694 22.6838514527 23.0502561416 22.5337798515 23.1979852482 22.9605259986 22.8661607976 22.6327143504 22.555900106 22.7811680296 23.1710006338 22.799510184 22.9482627693 22.6652287859 23.0364040822 22.6725335627 23.1523742985 23.0381264721 22.9644952341 22.7325437225 22.9102035095 22.6976724098 23.1570954948 22.6413323163 23.1926407648 22.9512991245 22.8154684608 22.5668349407 23.0178765616 22.7692368297 54.9875172456 54.9875172456 54.9875172456 23.1102544731 22.6762450489 22.7173657792 23.1093857736 23.1186119502 23.0878627821 23.1281845057 23.0755992776
