Spatial_Output/BAU/BAU_1107.asc
NCOLS 155
NROWS 192
XLLCORNER 196307.867259
YLLCORNER 449144.565805
CELLSIZE 33.573938
NODATA_VALUE NaN
[rows 50 to 74 of 192, columns 56 to 111 of 155]
30.5840562046 31.1524589105 29.1563620239 30.5229823059 28.7608654545 29.916508039 55.0430221478 55.0430221478 30.8752959652 29.6994676053 29.005684537 32.0206520992 31.1251203312 59.6876172896 58.4956651762 58.4956651762 29.9641126047 30.4182313993 31.3177695701 29.2204725208 29.7643665625 29.7454440712 29.1276144673 31.2242950079 31.8105977972 31.2968775875 30.4007548802 29.1624405235 31.173749241 29.5669709897 31.7389816784 29.8097277623 31.8816534265 30.5570868163 29.4682663928 29.6944577343 29.8868780888 30.1607712885 31.2552296552 31.2956986942 29.9079448338 29.7462668796 30.0372914738 28.8978354665 31.6603446366 29.3710394313 29.1929618205 31.7543718647 28.6259892262 31.6285783741 30.0079449074 28.7829702189 29.1807751026 89.3023662787 89.3023662787 89.3023662787
28.7222189192 42.2577737512 29.8564526639 28.5412903932 28.8807417702 31.4300219415 30.6601666825 30.9771491524 28.6198733667 31.9924737899 28.5485321514 31.8376431874 31.397758133 30.6665014101 55.1387927445 55.1387927445 29.5342306311 31.1038763219 31.1867684378 30.7006798938 29.5682147604 31.9164104674 31.0403989263 29.7455300146 30.2249492086 29.1806160889 29.4967635882 29.4823186692 29.9920839122 32.0032574099 31.5852987063 30.2984152777 28.5573091606 31.3156274842 29.6958483536 28.8248282655 31.6149178167 30.7088119029 30.2738666002 31.5814727113 28.6730275899 31.2301618311 29.7777659145 29.1468273657 29.1726298792 30.843048194 29.4175823467 31.6427088763 29.0834159217 30.4124786918 30.2255838815 30.2428614512 65.3110552963 65.3110552963 65.3110552963 89.3023662787
57.638111393 30.7745122142 42.2577737512 58.9500311839 58.9500311839 47.4272298875 30.0789094964 55.0256141678 29.111229732 29.3611973248 30.5405467187 30.5950173269 29.6581304041 73.6054587237 55.1387927445 55.1387927445 73.6054587237 29.0897191351 29.4652936155 31.9677408798 30.2474555054 31.3404191309 30.741480279 30.1184367906 31.7335965569 32.0236990817 29.3635469102 30.3907632086 31.9082970511 31.9543576774 28.5848316707 28.9635211973 31.6892170677 29.4389606426 32.0126451725 31.9677456727 30.9108700748 30.7679843199 30.9837929581 31.5425590931 30.9107372788 31.6626268707 30.1925833968 29.3871121279 31.6776568439 30.8571915438 29.4735789024 28.6588966518 30.4187126657 29.9796965068 29.7121030842 31.2649535434 30.5962364817 65.3110552963 65.3110552963 50.6667498922
57.638111393 29.7156400746 29.7318900053 28.689698902 31.0923999525 47.4272298875 47.4272298875 31.0196969221 31.6956489299 31.3085609011 29.8477736224 31.6153289973 30.442379373 57.9264883049 57.9264883049 57.9264883049 57.9264883049 30.2074555916 30.9581924321 30.5678916829 28.5740164126 31.1220808908 30.3775139031 28.6173600396 31.4085623279 31.5163403228 29.9516089543 30.849493605 29.654217823 31.9519179379 30.1037556768 29.4323086863 30.2346354505 29.6856805216 30.6328283617 29.9750081325 28.9102598803 28.8879140154 31.1378667662 29.1940276316 29.6498921565 29.6929735491 29.9131467929 31.9204938059 28.8893557425 29.3427946541 29.9095139018 31.948055182 29.1951168463 29.8935522083 30.3289337395 29.3731272674 71.0256016134 71.0256016134 28.9901736217 28.9801999877
31.7575122536 28.8195604127 30.5934096516 29.7456284838 32.0179216474 31.6525234668 49.1587861704 31.9699928667 30.5891911738 31.1590585473 28.5402932157 30.5918900657 29.3251488388 48.9371285492 48.9371285492 48.9371285492 28.8337900922 29.8730007459 31.7837106167 30.2606854418 30.7969953838 31.4086628136 30.0361070408 31.5388563212 28.7802569897 31.7785139884 28.8615878984 30.7885851434 31.1138413067 28.5465423479 31.6863008662 30.6314045622 30.367537333 30.3281874872 31.9703948653 28.8769612204 29.4372160332 28.5957027032 30.8954785333 29.6431697593 30.9784338122 30.4769792663 29.8294755774 30.1510770774 31.3374479837 29.26497552 29.3355366506 30.2135198775 31.5247839435 29.9803261642 54.0349514011 30.7200622495 54.0349514011 31.959274514 28.5573582146 29.9555321584
28.8858778863 31.6224628944 31.8218473657 29.9373733231 31.5284398161 29.5930026219 31.1988464705 31.2209930878 29.5402006544 29.6405906453 31.4520135402 28.6344265027 28.8726562842 49.9779912399 48.9371285492 48.9371285492 32.0238091638 31.3465216516 31.3176037396 30.7498969328 30.7946773867 29.0309643587 28.8545565978 29.970370232 31.2607334987 31.9604319697 31.6447471756 30.0964360666 31.520156784 29.0472383138 29.390502494 29.4126969661 29.9537990481 31.5718022077 31.0538903472 29.4003252032 31.7610469502 31.1507464883 29.1187360495 29.6354597969 30.1097934014 30.0806659494 29.7086992394 28.6526789044 31.2064363454 30.9542371834 30.8923408659 30.7968180265 31.2485398276 29.1321760545 54.0349514011 30.1715738534 31.0503135379 29.7816437038 30.7855935998 28.7010298029
29.3482580721 29.926679215 28.9662454159 31.5251188739 28.632100962 30.0391768041 31.6816338147 29.4258291715 31.6294696848 29.4769550362 32.0041509634 30.2895800904 30.7152569662 30.506587275 30.3631882111 31.3270229574 29.8441404704 31.9499430592 28.8322693813 30.5630800854 29.465435581 29.3214785193 29.2846668825 30.08946663 30.1844456294 30.0692920107 29.8231850767 30.6044635385 30.7370721857 29.8558149351 30.1524472743 29.2899511713 29.0315780675 29.7231161582 31.9143812829 31.891004594 32.0145752942 30.7374763286 30.2867193782 28.9563230887 31.3293100166 29.2823120061 28.6989338312 30.884929944 31.8292041068 30.6064205225 29.3821213044 29.9298433881 31.6216578193 29.0094466582 28.7826708475 31.5955297342 29.9323637868 30.2364152804 28.811052337 31.9356413634
28.5035889581 28.8307263665 31.4209462738 29.4471367785 28.8020975961 31.7632161759 41.2281113965 31.3833038935 29.1756939875 30.9696704661 30.6976968041 30.2241832857 28.7903350458 28.6114306272 30.62230467 28.518653745 29.6480653175 31.1893377469 30.1218755291 31.9431275092 30.4113110693 31.2834444844 31.1079395738 29.6686433902 31.2567177599 28.8899816541 31.4774170263 31.8895031181 29.8321772129 31.1275847806 30.9250320954 30.9025676599 30.1422348582 32.0144308049 29.5276358671 30.0956857611 30.6862510053 29.5808800777 30.3446803756 31.5768277402 30.5141172871 29.7916716717 29.8000667845 28.8562982139 31.0146826178 30.4687100673 30.2580482825 30.3673081099 28.5897129806 31.8942681739 29.5737449937 29.0587883688 30.7396203484 30.1556744285 30.4483059519 29.9978847532
29.8595935705 31.1004105311 30.9186652048 30.5014923372 30.8819011985 41.2281113965 41.2281113965 41.2281113965 31.561693412 29.4924164274 28.6762636872 28.5112295051 29.0974828117 28.8954369319 31.805986932 29.7221603854 30.6463952948 29.4021601339 30.722419154 30.0169165892 29.8824904793 29.5390090042 30.0413472578 30.4899080189 29.4452121911 31.5686674796 31.0096936851 30.1343330519 28.9050411767 29.8233493292 30.4365813585 31.7644750888 30.3324267267 30.82925371 30.8609969231 29.1920645578 30.2116315286 29.5735139298 31.9459773142 31.0052468922 31.6814425878 30.7565775704 28.8012925169 31.313241166 31.4996341661 30.8450919754 31.7788268103 29.7022228405 31.2607027634 31.9792614381 29.7155619341 30.862535176 29.5882426163 31.5395985546 29.9545492915 31.444623185
29.0103499661 32.0321435738 30.8461495235 31.2504711973 66.7817274832 57.5422321781 30.3890778183 28.9161717382 30.812475468 30.8820722259 30.6699087687 28.7602233877 29.8613866163 52.8674556713 52.8674556713 52.8674556713 29.5936541942 30.4097104227 29.814499632 31.5604395239 30.4891406388 31.0331721473 31.4983510456 31.865720542 28.9778576918 29.9563188152 31.6632434932 29.7798174078 30.7420676926 29.4579896435 29.8519164536 29.7935947315 31.3099046346 29.7353947239 31.0460025241 30.3645461582 29.6136919644 32.0338396011 29.8385258924 31.4985562792 28.7716983619 30.4231744942 29.8323589364 29.948341285 29.7651858642 29.8259469934 29.4001847356 29.0521843024 29.7892420349 28.9818857138 28.5943967805 29.5741054827 30.4512043957 31.6150760059 31.0912622773 31.5467160409
31.904005339 31.5352599382 30.0585821957 30.5469980662 28.9638654779 28.8927689889 64.7092732499 28.8428641581 29.1751347735 29.8273841664 31.1984252384 29.1390506142 31.5600715045 31.6488343733 52.8674556713 52.8674556713 29.8331941096 31.6475552683 30.8928415199 30.7707473376 31.0558527584 29.9038060098 30.9605397528 28.7115106041 28.9788806602 29.6239290945 30.1381250077 31.883854241 31.1274573706 29.2325274757 30.0400768176 30.4491241037 30.959839357 30.5408304175 28.771146518 29.2338134564 30.9003344036 29.0813204537 31.9609237902 30.4955037248 29.3744622023 31.4571164389 31.6616345431 29.6668704068 49.8318856917 49.8318856917 31.0122202019 31.5905558785 28.8232834651 29.6478613351 29.722426346 28.6028644566 29.0758500201 31.5977986141 31.6519015011 30.8824590252
30.9825041687 28.8763712013 30.5497560563 30.198235181 30.8515725468 31.4132128067 28.5105489979 28.9806502327 30.3470119877 29.4786111032 28.8144297845 29.3466499386 31.0027870806 47.1109150882 55.1581802242 47.1109150882 29.1925536402 30.7208274168 30.2167455039 31.3697434629 29.807254437 28.7132063118 29.723749204 28.6925980275 30.8905076232 30.7743953792 31.2456838202 31.8283681584 31.0761453374 30.6142178127 32.003667316 29.3130158005 29.1074230517 31.9334560415 31.7862144542 30.598063324 31.3249866115 31.8766065764 29.0385160424 31.8376199411 30.1651155213 31.5598628571 31.4056811192 47.8085884973 47.8085884973 47.8085884973 49.8318856917 31.0721931461 31.6705688383 29.202848587 30.7995592279 28.9136749807 30.9631844022 31.8936708473 31.2898564254 28.9732196436
45.949106922 45.949106922 30.8388641867 29.1768933734 31.4876361932 31.846415285 29.4379350349 31.0549578832 31.9364306352 31.2488530076 31.3065780369 30.5680191145 29.1609544268 55.1581802242 55.1581802242 55.1581802242 31.2308911497 31.4898638802 31.8690392487 29.7898832909 28.9515313863 28.7530139875 28.9487287582 31.1012903559 30.1781516785 30.158727792 28.9928421985 31.4892689061 31.4437301633 31.7655776986 28.8079129952 29.5112627634 30.8494332511 28.6656889612 31.3200966645 30.8980809255 30.0946333471 28.8825913127 30.9902648655 28.5670172733 29.458267831 29.7737406696 29.8640519967 47.8085884973 47.8085884973 47.8085884973 30.7228645882 29.1243074878 31.0497891383 31.0930945142 29.3707000567 31.3390405377 30.7910171439 31.8388455826 31.1550779473 29.650887074
45.949106922 45.949106922 45.949106922 29.4139099437 31.8735182167 29.8501160226 29.3687139935 32.028977846 28.8006665364 30.0681207316 29.7506020973 30.2071788819 30.8886960161 31.9184477299 55.1581802242 31.0753592225 28.7701906919 31.103249947 30.4171912699 31.5904831143 30.2242020501 28.5424339635 30.2432911953 30.9149032029 29.856682316 28.6655423981 31.7969042025 30.7140438095 29.9351002076 31.2396941977 31.1818748246 29.5090083292 31.3261388296 28.6118150397 29.5296134911 31.1178413251 31.694445891 31.1985091809 30.7893973629 31.0465651868 31.3002411136 29.2665965143 30.3026609908 29.6137149381 47.8085884973 47.8085884973 30.4469526706 28.5881971134 31.2245347761 31.7987394644 30.1417155118 31.8545155941 29.5477502258 31.3296704552 31.1199914122 28.6012283996
30.3447993332 45.949106922 31.4426021487 49.0538835719 30.4307160728 31.8279350438 31.2639705326 31.3722739711 31.2782546574 31.9115031969 31.4552753746 31.1795359431 30.5419106323 29.111816038 50.5387953699 72.3098094524 29.0838723808 28.6375580972 31.8797283293 28.9268821015 29.1832134144 28.865877234 30.0225195566 31.3395463179 30.6383047146 30.9686115082 31.7917752671 31.8644501028 31.7666168816 31.2553330447 31.6107081386 31.1644927887 29.8130578819 31.4162052485 29.9972611638 29.4063731976 30.8300455151 30.4620294926 28.9473605051 30.9500961087 30.3389489703 30.7073033604 30.2405736608 30.2449044464 62.4889366756 62.4889366756 30.7547113499 30.0391476988 29.5398307093 31.4310211339 28.9948789172 31.0203293718 29.8663545364 30.3559794937 30.8432359262 31.4044315636
29.5234908843 30.7325918677 65.3679091673 65.3679091673 30.3405079844 31.252062271 74.5231880988 28.6621311562 29.5374474728 29.2689960802 29.9419802269 30.9196673895 29.2760903564 50.5387953699 50.5387953699 50.5387953699 29.0398476317 28.6228412887 29.4231559078 30.768896421 30.2519711106 29.687152232 31.368738894 28.6379609431 31.9117688123 28.580452971 28.7977088743 31.6305825275 31.5750526399 30.1394153072 31.8132318934 29.1098822445 30.1695932255 29.4800553793 31.1114417268 31.7551173387 31.9322235618 29.2982710446 31.0879426726 31.0957988517 31.006550728 31.4677731054 31.7344665966 29.8459655165 62.4889366756 30.7697649722 31.5308808725 30.2820707575 28.913248601 29.1732876492 29.8460438497 31.8693262509 29.106390583 30.2425524534 32.001731162 29.5858006621
53.1542142321 53.1542142321 53.1542142321 65.3679091673 61.8243764621 74.5231880988 74.5231880988 74.5231880988 31.6787503008 30.279649827 30.8405141773 31.4945158904 30.0634947274 29.452370959 57.083391303 31.7220059774 31.0290764482 29.4124672908 29.6126525008 29.5641187541 60.3767831197 28.6241234935 30.7806905463 29.8424977614 31.6056097062 30.2280399802 31.8450660593 28.7875564052 31.6222721023 29.328472644 28.8933013858 31.9109021948 31.6989300666 29.4487047184 31.0040579309 31.1063414039 28.5967359305 29.5145371453 30.7438568322 29.5274270715 30.5725097395 30.2445433289 31.5848950076 28.8764747335 85.4479430427 85.4479430427 31.6389841898 30.2158483924 29.6505077048 30.0016038113 29.4844897598 31.9176310175 31.3557231062 28.6711112414 29.6694701901 28.7241172607
53.1542142321 63.6525610867 28.6525630192 65.3679091673 61.8243764621 29.4454775293 68.7558892218 68.7558892218 57.6379338626 57.6379338626 29.826012358 28.9360981911 56.8181656402 57.083391303 57.083391303 57.083391303 31.0148805708 30.5342570998 31.4690669361 71.4678989556 60.3767831197 29.3033664859 29.3582189942 31.7658910949 31.0871087461 28.5391548308 30.7738307219 31.7963915488 29.9403740576 29.1290396935 29.2590913976 31.1775663326 29.5780591256 31.7962729947 30.5225627503 29.5661222302 28.7501477844 29.4996637417 30.0214189577 31.1505940462 31.0068860387 31.5008282042 31.7190331243 30.4406448659 85.4479430427 85.4479430427 31.8252360645 31.725384569 30.4504892093 31.1595171949 31.8784577776 30.5053137354 29.7387761874 29.1851725056 28.9429807409 30.6502895887
42.9737584906 62.1787462003 30.7412099917 29.6868886921 30.1541444156 62.8877807413 68.7558892218 68.7558892218 68.7558892218 31.4063649638 30.3389414313 29.7531342164 30.3922159552 30.0825234357 56.2657913392 28.6677753546 31.8425321088 29.6275865496 71.4678989556 71.4678989556 71.4678989556 31.6503148427 28.7600862835 30.4127355215 28.9227490807 31.0668738731 30.1703326257 30.2413288222 31.43236031 31.4901990354 30.696911123 29.3498887499 31.9216420637 29.3961125998 30.6034953113 28.7972683705 29.5190261512 30.5046616243 31.6743964225 31.9940023487 31.5832650372 30.6286163906 31.4440513348 29.8013845437 28.7222513243 65.1464503989 29.2263333982 30.2126118153 31.3322146962 31.7812231449 28.7099621465 31.0068352404 28.514488261 28.9060127899 30.5908848084 31.2736638561
42.9737584906 42.9737584906 31.0038951869 28.6904749271 29.8957638697 54.6745044529 54.6745044529 54.6745044529 31.755994236 28.7042656849 30.0120183079 30.9970116867 31.0024494879 31.8742233113 29.6791334016 62.8132319597 62.8132319597 72.5531230445 29.9871642757 71.4678989556 30.5043686357 30.7976042748 29.5403223271 31.4780942942 49.2687346071 50.9628336295 28.9657714678 30.8505259613 28.6352402166 29.1672195397 29.9627915906 30.0620979695 28.6574823244 28.7476776371 31.8831287025 31.4988500954 30.17118448 30.2512441218 31.4455041804 31.0462814771 29.5579301839 29.9529286491 29.3224309748 29.5958094718 29.9563545492 30.8841409618 65.1464503989 29.8709192284 29.2811671481 28.996581757 30.2703477117 31.7152990235 31.3048991984 28.8441462775 28.9667719132 31.8496865341
29.8632795495 28.5939623355 28.8123512274 29.1551046725 29.9868025523 30.0416270399 43.8130314884 29.6299940334 43.8130314884 30.2511487393 28.9759216714 29.1772283788 29.35960644 31.7885663103 30.082485289 29.6970632797 31.4096073809 31.3593185154 72.5531230445 28.8676741896 28.9116074626 29.9409899015 30.6062998422 31.5636289512 50.9628336295 50.9628336295 50.9628336295 29.8494126012 30.187788811 31.8746095046 30.7265728769 30.6406174236 28.8179902843 30.6669969638 29.4612188557 31.5422463829 30.3213846104 29.3748490405 28.8692532763 29.9019279794 30.7495357461 30.9898203604 30.4917197336 31.1676433334 31.5727141021 65.7899108175 30.8106026517 29.4808119881 31.4376670133 30.9259462997 31.9100120579 30.3350973163 31.5768307795 31.7476133332 31.4847337728 29.3280948009
29.7792767579 31.5593743529 30.3681945133 31.881578941 30.5976003076 29.7053910967 43.8130314884 43.8130314884 31.9156466738 29.322986866 31.3268984044 29.3191467436 31.2448555958 30.4744635576 29.0587315491 53.5937287803 53.5937287803 30.6843233019 31.0448543299 30.9334859337 28.6429414141 30.4684752346 28.523098477 30.8933608107 40.1212291002 40.1212291002 30.0994286376 31.8544649824 29.6361039437 31.0276528705 30.7839899197 31.8747551024 30.8623314911 30.9622848634 31.9625831128 30.8040893795 31.9241145504 28.9804019521 30.5311938365 30.2205341191 30.5280306085 29.5364429957 29.5920606538 28.6074091623 65.7899108175 65.7899108175 65.7899108175 30.7747068499 29.0915644528 31.5478668765 28.5400479705 29.9389781477 29.5723438159 31.4576068616 29.9310218774 30.8606446894
31.2185942301 30.8273560004 29.9172678298 29.4690929357 30.6669489565 28.5361447424 31.0298930267 31.4369488092 29.581966767 28.9267778086 30.2363437944 28.5762849883 30.2070821147 31.1701935738 28.9545394095 49.5619811134 49.5619811134 49.5619811134 29.6560028736 28.9717428274 30.4502434183 30.5871354442 29.7347532216 28.9705023543 28.5784429559 74.9970533621 31.0888984788 30.4660125514 31.6958983462 64.0441497561 51.9720317044 31.9722406322 31.1161622977 30.0583861426 30.6157703516 28.5059163622 31.0113217347 28.8007805737 29.8455774443 31.6463610349 31.3832283287 30.6607717449 31.9907607606 29.1983390365 65.7899108175 65.7899108175 65.7899108175 31.8699409415 29.4556940337 30.3201797504 30.1378486686 31.8489732699 29.8235965868 29.9456478315 30.5085128852 30.7630938985
72.4629730968 72.4629730968 31.1424065977 29.6680280255 30.5489774549 30.6177106894 28.7492131807 30.1838504496 29.7977912636 28.7870881132 29.6322252771 31.3191642273 30.1016321055 31.0292889825 29.5978158804 49.5619811134 49.5619811134 31.7817608832 28.862445473 31.9775357823 31.0296523407 29.9099181016 30.5078860237 30.933159425 74.9970533621 70.9281823831 70.9281823831 63.0665324339 63.0665324339 64.0441497561 29.8710096271 29.480532862 30.4332121597 29.5891675406 29.8421409036 30.5834106065 30.2083594989 59.629607743 60.0354937323 29.9768251631 29.7377069079 31.2364834499 31.6581963432 31.5057968314 55.7281031757 55.7281031757 55.7281031757 31.9719578625 31.3952054568 30.0452797275 28.6065088403 31.8341304319 29.6011753699 31.416154513 30.2330741909 30.6047190305
50.1732807775 31.9807056482 31.2223878979 30.2726734255 29.1802664524 31.7864341373 29.9271034972 29.0492794296 50.8936783772 28.9946261385 30.2118606554 30.6218919377 29.3101052988 31.300878612 31.4839177388 48.4817730808 31.8426789392 48.4817730808 30.9130474634 31.558394161 28.7338589582 28.8254067623 29.5675802167 31.2727302419 31.0631829441 70.9281823831 70.9281823831 63.0665324339 64.0441497561 64.0441497561 64.0441497561 51.9720317044 31.5329943336 28.800235991 31.3129350194 28.5142813023 59.629607743 59.629607743 59.629607743 30.0287939845 30.7001564202 31.6092142485 30.6491591686 30.4559921375 29.8961496127 29.2654676812 31.0219381482 29.1943621313 30.5569783595 31.1765544351 30.4811103071 31.0826707189 29.385062841 28.5751487993 31.0499836793 28.7448896399
