Spatial_Output/BAU/BAU_0432.asc
NCOLS 155
NROWS 192
XLLCORNER 196307.867259
YLLCORNER 449144.565805
CELLSIZE 33.573938
NODATA_VALUE NaN
[rows 100 to 124 of 192, columns 57 to 113 of 155]
30.9698531947 30.5000286472 30.9825414896 31.2057889389 30.6628195153 30.9497434872 30.7722377402 58.2083685249 31.0701330339 31.2014639864 31.0519475524 30.6530790392 30.635366686 30.7357279045 31.0752326606 31.0518714928 30.5425731962 31.049012426 30.7132516927 51.9488764141 51.9488764141 51.9488764141 30.904742343 30.7072840261 31.0357388659 31.0916626555 30.7083916771 30.9171415848 30.7197517707 30.9915555912 31.0804742281 30.5133226831 30.5729014704 31.169043323 30.6275544731 31.1216472344 30.5410558667 31.1474908317 31.1996318484 30.9234697212 31.0560731864 31.1116839483 30.8747767569 30.6698209527 31.0670511662 31.1573241159 50.9862883561 50.9862883561 31.2049134994 30.7328869798 30.7002190687 31.0010987615 30.9828132276 70.1023370364 30.8539649368 65.8881231325 65.8881231325
30.952442312 31.1940237675 30.9808987705 30.9776943827 30.5436108444 30.7228942541 31.1528636554 42.6294835369 30.7483877372 30.6490377506 31.1075533644 30.5614990968 30.555979342 30.6236984659 30.5999989885 30.5864752196 31.1283203686 31.1744243922 31.0807334909 31.1239099681 51.9488764141 62.996111498 31.1723730724 30.7122915668 30.677256553 30.8113702525 31.0849234127 30.5342165709 31.0871295231 31.1652645622 30.6839459017 30.5712438323 31.1377019817 30.6666016369 30.811588355 30.7395840425 30.9441399084 30.6932296184 30.8342807655 30.5433368099 30.9796763181 30.9078823873 30.9206226844 31.0554424442 30.5183794855 31.1552833979 30.5061306953 30.8427875246 51.4485374649 30.9416841383 30.7230479933 31.0707718839 30.8490165132 70.1023370364 30.6391442464 57.3960381408 65.8881231325
31.2022852929 31.0879010162 30.9624315048 30.6887715051 30.9151920229 30.6155255644 30.7526331851 31.1848191684 30.5742750547 84.894376498 30.7265418154 48.8927771362 49.052168635 30.8787015328 30.8708127492 30.9224598952 30.9460685756 30.8001055646 31.0871614607 48.5945165549 48.5945165549 48.5945165549 30.7928979739 30.5157445521 30.9207726083 30.8776252395 30.5234863251 30.5131689946 30.5076246442 31.1969113478 30.6399966089 30.6371444653 30.522462739 30.547420945 30.6169498963 30.8930227763 30.7618577886 30.6881796421 30.7048440737 30.5339058318 31.0173375594 30.9466007741 54.2734115346 54.4092982501 31.1851294755 30.5916155788 30.8898120491 63.4386683832 51.4485374649 51.4485374649 30.5586642534 31.0678976699 30.7532934669 30.8805849616 31.1651414672 62.4115523964 30.9279665302
30.702073264 31.0787365543 30.6362090073 30.9593830222 31.0040337443 30.8798992017 31.1028355414 30.8947518354 30.8031362024 31.0900006865 48.8927771362 49.052168635 49.052168635 56.9066734073 69.8096116818 30.6291169866 31.0169359877 31.1494962509 31.1214116491 30.6877100699 48.5945165549 31.1710196393 30.5871306468 30.7465316816 30.9248719138 30.8901109469 31.0094184984 30.5749290565 31.1941873218 30.9668882956 30.7345450423 30.8603571379 30.5648289428 30.7635305119 30.7785689749 30.5858996659 30.9991294004 30.5869438785 30.794728721 30.7235125738 30.6778780146 30.9852462869 54.2734115346 54.2734115346 30.6041393318 30.7157511002 47.3385474596 47.3385474596 51.4485374649 51.4485374649 30.8813598225 30.7481510753 31.2024630893 30.5055923632 30.7930630256 30.94845499 30.9516229465
30.9282474371 30.8218406695 30.6739270047 30.8885782899 30.6890689003 30.9753209002 31.1619372285 30.7276142569 30.5602700388 84.894376498 48.8927771362 49.052168635 49.052168635 56.9066734073 69.8096116818 52.5239774942 46.5187179996 46.5187179996 30.7697885514 49.8002676233 59.8354113809 52.8256333168 60.9965426188 48.809816643 31.1344750419 30.8291375308 30.5551627232 30.6000202818 56.6805604822 56.9299860302 30.8015511706 30.5698756193 30.5234324998 30.8443176817 30.6917753623 31.1702619979 30.5866499414 30.8036301072 30.6264676422 30.5908948884 30.5829885361 30.6873958949 54.2734115346 54.2734115346 54.4092982501 30.5054756232 51.4491375272 47.3385474596 30.5234549442 31.2012981893 30.7007221875 30.9759144279 30.7927709374 30.7661097847 30.5062000657 30.6998003283 31.1640336062
31.0106850414 31.1452752054 31.074407883 30.6355337458 31.1993191383 30.838245074 30.8876108593 30.9038735586 31.0855495356 31.1269836625 30.7645584052 30.7376967318 30.6224113013 56.9066734073 69.8096116818 52.5239774942 46.5187179996 46.5187179996 49.8002676233 59.8354113809 59.8354113809 30.7876130981 48.809816643 48.809816643 30.8479596033 30.5320796753 31.1827150449 30.8411544203 56.6805604822 31.0835199281 30.6620289869 30.7261592164 30.6359978459 30.901565081 30.8546490888 30.5918783151 30.6686986985 30.8254521264 30.7837894953 30.7414520745 30.6157606063 31.0370683149 30.9008609836 30.6430996912 30.5501100325 30.8231297883 30.8758739152 47.7982598308 47.7982598308 30.7025440901 30.8846719561 30.8516744401 30.5040352577 30.7151826815 31.0113335931 30.8575260533 31.1456471848
30.8413760912 30.8172028597 30.6203833841 30.9286123264 31.1504279015 30.7041575965 31.137663498 30.5641216657 30.9941093234 30.8530860344 31.0774868139 31.0304078437 30.5249734104 30.9115144346 30.9277990879 52.5239774942 52.2555912815 46.5187179996 40.3124609685 49.8002676233 59.8354113809 30.6343758445 30.6411113615 48.809816643 30.8102500168 30.7230223282 30.9372032456 56.6805604822 31.0076103171 30.6330207875 30.523585484 30.6009739439 31.1357874441 30.9862962863 31.1940137221 31.003092704 30.8845124617 30.7512995879 30.9452843408 31.1736980828 30.866516091 30.660996475 30.7071333434 30.671252293 31.188894219 30.9707737247 30.8678712722 47.7982598308 47.7982598308 47.7982598308 30.7138687617 30.5361263341 30.9784836092 30.6930338698 30.5024500163 31.2020995674 31.097666432
30.6074311754 30.8427962311 31.031955227 30.5945539694 30.5614976947 30.823802798 30.5034155164 31.0291223807 30.6526735856 31.0675995686 30.8615862103 31.1011033753 31.0598947013 30.9982831552 30.9413919243 30.8123877122 30.8533500127 30.8197121013 30.6767892804 31.0275695788 53.3151877765 31.0560525666 30.5378550668 30.6478067184 31.0640472725 30.6114473737 30.9047991755 30.5726383415 31.0333623707 30.9422837824 31.0521089279 30.9937058715 30.8825561729 30.9927745446 30.9407955615 30.837631861 31.1102839177 30.7155923301 30.6036303536 31.0763132543 30.9009460421 30.798198461 30.5287282888 30.8663512899 30.713407461 30.9266785293 30.5880912656 30.7901166265 30.8180306679 30.9772835377 30.917006282 30.819238038 30.5557324415 31.1810101584 31.1440388043 30.9842117671 31.1376251235
30.6194224925 31.0836390407 31.0669148556 31.1028698894 30.9209504566 31.0337816911 30.870475581 30.5579317653 30.6674607843 30.937218287 30.7971246741 31.1406730023 30.5872292495 30.7431126435 30.6009702409 31.1688699868 30.6061328048 30.7011325743 31.0684438246 47.2797551668 47.2797551668 31.1654876936 31.0916951971 30.6690682028 31.0417061618 30.8139751397 31.0787689896 30.9783041609 30.5272135207 30.8764487154 30.641137597 30.8580822354 30.5613604731 60.2145658723 30.7391078437 30.5004932687 30.7885325413 30.5482611689 30.5624227263 31.1778295586 30.888100268 30.5031597878 31.0167787978 30.6014704687 31.1936595737 30.6973157139 30.8609095338 30.6737711105 30.9399196146 30.8537667572 30.6954077377 30.9941735196 30.8684904872 31.0619465694 31.1999222175 30.6306372139 30.7188271125
30.6742708615 30.7815975325 30.89768181 31.1716223264 31.2068012246 31.120861927 31.1909117412 52.1140566188 30.910901115 30.953780428 30.861094062 31.1381793219 30.5614055891 30.5809254763 30.8669642712 30.5122243767 30.679608772 30.9972399426 30.9863291477 63.2636436145 63.2636436145 47.2797551668 30.9534763433 31.0946069842 31.094419228 56.2271751566 56.2271751566 31.0910581129 30.8232731628 30.7864953821 30.929518943 30.8604832348 30.9399927088 30.5740752957 61.9251312867 74.1047290246 74.3076041035 31.0662641337 54.9562985796 30.627251785 31.0002965924 49.0704264852 30.5881106487 30.5219866658 30.583847271 30.6752527007 30.9233100048 30.9665388309 31.0695479829 30.8284977786 31.0199130801 30.5145260523 30.9610852151 30.8223966125 31.1919717424 31.0817841784 46.6818821056
30.6320201269 31.0583216652 30.8664302156 30.6598895126 31.206130711 30.6939725147 52.1140566188 52.1140566188 52.1140566188 31.0231378296 30.8372418736 30.895840414 30.9793006631 30.8152448436 30.6106566137 31.1246970695 30.9237998075 30.5160460083 30.9005799289 63.2636436145 63.2636436145 63.2636436145 64.8312428468 64.8312428468 73.1873760381 73.1873760381 73.1873760381 73.1873760381 70.9259273759 70.9259273759 30.5627150366 30.6769310734 30.9348567154 31.058741321 61.9251312867 61.9251312867 74.1047290246 51.6673313485 30.6509995166 30.7017093712 30.6910116497 30.9313364171 30.5924230862 31.0081949601 31.0323483856 30.9642231744 30.8866153166 48.041851081 48.041851081 48.041851081 30.7641377805 31.0228990407 30.550305917 31.0340449378 30.6573722438 30.7101972875 31.1698030573
46.0113617969 30.6370244952 30.7997218492 30.9532023004 31.0664317312 30.7205389373 30.5388883142 31.0517710895 31.1988927287 30.6204847451 31.2036714849 30.9303361543 30.7805942959 30.5125032038 30.6861341994 30.5279443858 30.6917693234 31.0468643068 30.6834550735 76.5591520059 76.5591520059 30.6290729154 64.8312428468 64.8312428468 73.2425023078 73.1873760381 73.1873760381 56.5953132131 70.9259273759 70.9259273759 30.6198530402 30.9755367466 30.6440798821 31.1314109673 61.9251312867 74.1047290246 74.3076041035 51.6673313485 30.8289432197 31.0437605136 30.5415691092 30.8315103004 30.6837270735 30.7025915359 30.6009816546 30.8476849814 30.6775528776 48.041851081 48.041851081 31.0746523539 31.1175349073 30.6569461987 30.8949834996 30.6811484024 31.0363591509 30.5270562904 31.1772188837
46.0113617969 30.576183172 31.1943494175 31.1583854739 30.71900383 30.8106338837 30.6546157925 31.2017298027 30.665396791 53.6920501654 30.8832329795 30.8199564196 31.0173276703 30.6792935382 30.9850590526 31.0595853775 30.621879939 30.9633311621 30.7996212224 56.7415692747 51.6113390489 40.0113793751 30.6560971603 64.8312428468 73.2425023078 61.2150648496 61.6836716739 30.5580660422 31.1708280223 30.6493872562 30.5422111421 30.5304365257 30.9576783307 30.7841139967 30.904621663 30.9348988131 31.0044696998 31.162137304 30.7471516797 30.8575449107 30.8148745979 30.6451738485 30.9161858497 30.674975302 31.007062208 30.7134957409 31.1869014274 65.8447315512 65.8447315512 65.8447315512 30.6577449981 30.6898392343 30.7364858719 31.091295684 30.9998654973 30.6343917474 30.9968462835
31.1054962754 30.6454829374 30.8154999546 31.1211454528 31.2044561483 30.6781867069 30.9629300404 31.003869216 30.6236598989 30.588824683 30.8826145785 30.6779371344 30.5637130922 30.9697052754 30.8153014735 31.0846733782 30.6472755431 30.6868399465 31.0348954682 30.6865054718 30.8981890288 56.3234637403 30.5081492115 30.9027850299 31.1359341773 61.6836716739 54.8350985637 61.6836716739 30.667910478 30.7183157056 30.9366473733 30.5620240087 30.8275075831 30.604206446 31.0420862537 30.7809914953 30.982372812 30.5815029212 30.7255895064 30.98035172 31.1809692821 31.0655552644 30.7552833176 31.1669787297 30.8299877796 31.0498857113 30.9875121906 65.8447315512 65.8447315512 65.6272259286 31.1306620971 30.9212514053 30.9969683973 31.1437255347 30.9563762445 30.6114761497 31.176251231
30.7158241702 30.5955699492 30.5410753904 30.6933354102 31.1651901851 31.1989883296 30.8709018854 30.6334913083 31.0883401627 30.5479297512 30.8601718076 30.9299932912 31.1132381113 31.0788823081 30.6580967919 30.6552253204 30.6236695673 30.9020069587 31.0726839412 30.7138615839 44.9108607612 30.6543867429 30.9757796452 30.8033396571 30.861158112 54.8350985637 54.8350985637 54.8350985637 31.0575157738 30.6465347429 30.975071308 31.1350120506 31.1088721315 30.8067062374 30.6313768396 31.1612800819 30.9097270251 30.9610991705 31.0273137848 30.7209062444 30.7854844942 30.614021987 31.1640803395 31.1276435092 30.6890516791 30.5585160199 30.8003874473 65.7325227071 65.8447315512 79.3723038413 30.5432657033 31.1056820515 30.8043210277 30.5133768605 31.0503940686 30.7201064893 30.8363539481
31.0513999091 30.9970541223 31.1875826145 31.2006089115 30.7930572706 31.0371559639 30.8135826241 30.9894591119 31.0666372016 30.664876755 30.50423522 31.1639636569 30.589086434 30.6200111602 30.5864448166 30.9838650313 30.8055247282 30.8794065897 31.1573200997 44.9108607612 44.9108607612 44.9108607612 31.0813291608 30.9097393248 58.6773571459 47.7549372162 47.4921323478 30.9855600572 30.9631098244 66.8574048244 66.8574048244 61.1828972927 30.854488263 30.7411269481 47.6927561107 31.12188148 30.8352048064 31.1092208579 30.9080224344 30.8150670187 31.1829644237 30.8141840775 31.154953342 30.6704495958 30.6369297253 30.584933026 30.6084880206 30.9490927755 65.5593921095 30.8593015256 30.9984922944 30.6288157662 31.0908191392 52.3365649684 70.4351506535 30.5627325906 52.2700282946
31.0352294878 30.7960857723 30.5897292842 30.7063377393 30.745973197 30.6625672952 30.8022301028 31.2013901988 30.5417076633 31.0664411637 30.5555994069 30.7377822309 31.0221940678 31.1087765009 30.5213222204 31.0797333785 30.6510108008 30.6485711561 30.6665225385 54.9337941282 54.9337941282 54.9337941282 31.0420105261 58.6773571459 58.6773571459 58.6773571459 30.686238539 66.7964559806 66.8574048244 61.1828972927 61.1828972927 61.1828972927 30.5078794767 60.8902696745 46.1050924695 46.1050924695 56.61332113 31.0378611527 63.1739002196 63.1739002196 30.8327158973 30.5349558429 30.8835518043 63.5382320907 44.3014018292 75.6550492655 68.085813082 73.4187897252 65.5593921095 65.5593921095 55.6190907139 55.6190907139 52.3365649684 52.3365649684 70.4351506535 52.2700282946 52.2700282946
31.157766865 31.1842447622 31.1141550603 30.6099239948 30.9917603845 30.5753031545 30.7850613994 30.7195519596 30.833587052 30.8757193283 30.7017550738 31.0648788221 31.1651497481 30.5307127843 30.845744089 30.8083564293 30.6843813395 30.6965372567 31.0441084628 54.9337941282 54.9337941282 54.9337941282 31.0045568831 30.5509392977 30.5363834873 30.9119914936 30.7569533373 31.1227387277 66.7964559806 66.8574048244 61.1828972927 30.7504034475 31.054907286 60.8902696745 46.1050924695 46.1050924695 31.1915807999 56.61332113 63.1739002196 63.1739002196 31.1973525336 30.5497736774 30.7036060168 63.5382320907 63.5382320907 68.085813082 73.4187897252 73.4187897252 61.1529905124 61.1529905124 55.6190907139 55.6190907139 52.3365649684 52.3365649684 70.4351506535 52.2700282946 52.2700282946
50.8173135436 30.597182985 30.8968230878 30.9849317513 31.1491063003 31.1482811876 31.1382612704 30.7883614676 30.5450787388 30.6563970926 30.8550213951 30.9685512936 30.6819202588 30.5459057793 31.1430587491 30.636227343 30.8048141284 30.7512657637 30.971027885 31.0644368251 30.5737418151 30.9106676423 31.1349836907 30.5348467653 30.7586161272 30.5192960475 30.6614856364 30.6787052842 31.0937326697 30.7975928559 61.1828972927 31.0451150839 30.5410774212 30.6671107053 46.1050924695 46.4210113226 56.61332113 31.1670311342 63.1739002196 63.1739002196 30.5613033151 63.3926114706 30.5544462817 63.5382320907 44.3014018292 44.3014018292 68.085813082 73.4187897252 53.6496471838 53.6496471838 30.9410442439 55.6190907139 70.0879828183 57.3377112449 30.7771918619 30.9118262754 30.5856439703
70.8874241305 53.5919120838 30.5657983498 30.9904791993 30.5508299481 55.8448364735 31.1514493011 30.9498752415 30.8728055471 30.9047478573 31.1084057487 30.5796464989 30.9363948682 30.8330959496 30.5348486784 30.7962681738 30.7806320534 30.9262041105 30.5004954481 30.9834102765 31.1211855554 30.5358293894 30.9310599406 30.575247981 30.827439917 30.6224006185 30.7663532922 30.7093680223 30.6693063552 31.1571993231 31.1420636185 30.9011215331 31.1454683201 31.0934590945 30.7125000055 30.5165500469 30.5754893037 30.6849760496 31.063345901 31.048613417 30.9355726986 30.8582266135 30.7729523361 30.5100405943 31.0593571684 31.1283800164 30.9321038999 53.6496471838 53.6496471838 53.6496471838 31.0158835606 31.1547075248 30.7736174882 31.1480708595 31.0587018936 30.8999254017 30.9184313208
70.8874241305 56.9225644106 30.5352917031 30.7873004399 76.308586455 76.308586455 76.308586455 30.5816299984 30.7478721628 30.8571821864 30.8229379577 31.0471949051 30.5326274359 30.9309097489 30.9032997127 31.1703011531 30.7020477441 30.7548044493 30.8846737128 30.5593803162 30.8254857251 30.5779779309 30.5080400435 30.7790474492 30.5123621181 30.8426762007 30.7277883578 31.1731158055 30.779811339 30.9625414329 30.8931529281 30.5382374416 31.1531874519 30.8477532153 30.5707356801 30.9043753614 30.5143074065 30.9923746279 31.1772890575 31.1873596286 31.1356910648 31.0686972602 30.8460130332 30.7263990379 30.9932026447 31.1219295847 30.7992926024 74.3545363053 74.3781186485 30.5643040441 31.0610920732 30.7940316839 30.6884383895 31.1365353719 30.9896614873 30.9173382881 31.0449996727
71.8721915442 71.8721915442 30.7184122856 30.8421385731 44.1779719038 76.308586455 76.308586455 30.9736109008 30.9362178056 30.7950305083 30.8611455127 31.137941853 30.8779052788 30.913373013 30.6216523686 30.6786070268 31.0549683985 30.5443085912 30.8502686168 30.8769653624 30.8354617092 30.9399235638 30.7889817046 31.1164777705 30.5272641779 31.180431821 30.6903166627 30.9083899628 31.0568305402 30.809996142 30.8280649727 30.6804484572 30.7881421179 30.8299798696 57.8226217447 57.8226217447 30.5142098044 31.1370371998 30.6061619511 30.8764473571 31.1176623595 31.0694682713 30.7905274338 30.7768532725 30.7121935596 30.943764891 30.6210257145 31.1989028027 66.1323756615 66.1323756615 48.1914573682 30.5455568654 30.709602961 30.6234501021 30.9097423493 50.169828825 54.9979325366
71.8721915442 71.8721915442 30.8670012215 65.6341025457 44.2668076564 44.1779719038 31.1708201951 30.8995008464 30.6527415581 30.9972653187 30.9224035916 30.7958386714 30.5343384865 30.9871487808 30.8332422167 31.0698068593 30.5912299335 30.6664844903 30.6807947396 30.5417530628 30.6378634941 30.9064642795 30.8232455828 30.5958202563 31.1426435494 30.6085642839 31.0284681657 31.061654516 30.6792679349 30.5206637665 30.903853061 31.069123929 31.0967953738 30.6627449801 57.8226217447 57.8226217447 30.8790344045 30.5789209166 30.5014743419 30.9874134132 30.9531142125 30.7823933532 30.9964419393 30.6938211193 30.5358143784 30.6161692185 31.1638929083 66.1323756615 66.1323756615 66.1323756615 66.1323756615 58.9283534728 58.9283534728 31.0882527541 53.4370687967 54.9979325366 54.9979325366
30.9400380963 31.1340910933 65.5336283121 84.7454979603 31.0409875076 84.7404241142 31.1636716701 30.7037774861 30.6909531392 30.7512711713 30.7900885418 30.7469034638 30.8671715386 30.5256015239 30.5840229676 31.0646185543 30.5712938724 30.8062436835 31.1730184169 30.6370119275 30.9575563388 30.9484782008 30.8525672854 31.1172225736 30.9905479044 31.0277999647 30.7046621108 30.5778548204 30.933470758 30.7876599288 31.135704356 30.5291864045 30.6391015635 30.7703796858 72.4210016846 72.4210016846 31.0987887177 30.8466938967 31.1096699188 30.9434751727 31.1990257143 30.8226083071 30.9937071534 30.5499840248 30.7979878855 31.1214343842 30.6648196703 74.3506005002 74.3506005002 74.3506005002 50.9271409906 50.9271409906 58.9283534728 58.9283534728 30.6542964506 30.8340672152 50.169828825
30.912108949 30.7150488386 65.5336283121 84.7454979603 84.7454979603 30.5185869911 30.6103936858 31.1088336362 30.8921888144 30.8314956397 30.9783517869 30.7601006612 30.7406595194 31.1502073857 30.6739885727 31.1629103891 30.7728649159 30.5430035687 31.1650835965 31.0763066517 31.0856978589 31.0030229151 30.8459578118 30.9137002796 30.5981187259 30.7792814966 31.1514555024 30.6764371639 31.0615142115 31.1489996955 30.7457194986 30.8784267111 30.9220672485 51.6976084441 72.434168754 72.434168754 30.7203583532 30.6852053704 30.5188417167 31.0298422351 30.5235566092 31.090032018 30.5608690427 31.1630617736 31.2004950051 31.1524329749 60.5192759891 30.944328471 69.2715942499 50.9271409906 50.9271409906 30.765290813 58.9283534728 54.2476013914 30.6541668978 31.1814249826 30.5580385087
