Spatial_Output/BAU/BAU_0053.asc
NCOLS 155
NROWS 192
XLLCORNER 196307.867259
YLLCORNER 449144.565805
CELLSIZE 33.573938
NODATA_VALUE NaN
[rows 52 to 77 of 192, columns 0 to 56 of 155]
45.1155417201 46.2575143351 46.1007696516 45.9419370486 45.9957485621 45.332555745 45.2345177028 45.2139515321 45.9944715647 45.3254488553 46.2355405634 45.8547759299 46.3382954251 45.0023695507 45.9245725479 45.3590412723 45.6379787962 45.8236961792 45.0391212854 45.7914584204 45.8008184953 46.0673964283 55.8620493027 55.8620493027 55.8620493027 46.1253193744 60.2011272068 60.2011272068 60.2011272068 45.9119340087 69.8416541072 69.8416541072 46.0340635152 46.3656326226 45.4233671576 45.0328420389 45.2178031922 79.9714610052 79.9714610052 79.9714610052 45.7055649571 46.1839888507 46.0479437739 46.064884567 46.3711510643 46.1591461277 45.5097208403 45.7713507662 45.3478704647 46.1926747543 46.0828559956 45.6993891194 46.2854109346 45.2065915814 46.1157921299 46.0941973997 46.1949250358
46.3828325794 45.5769301282 46.0379549365 45.7698372049 45.4490318321 45.6894467061 45.2751960901 45.006648684 45.5454417121 45.809699226 45.5173012326 45.7641517867 45.4688420516 45.9349824849 45.4077758424 45.2758660845 46.2016192146 45.0962567469 45.2172395028 45.0336032232 45.5584884347 46.1715012739 55.8620493027 55.8620493027 55.8620493027 45.8911600161 45.5699693804 46.107792348 45.7000076206 45.8436463591 69.8416541072 69.8416541072 46.4095630927 45.4684891975 45.821505378 45.3095006497 45.4484010904 46.34159713 45.6252882291 46.2487657677 45.2963050221 45.8593693839 45.6233879672 46.1289031626 45.700691227 46.0695054303 45.2689554879 45.8857606845 45.0799121488 45.8435407624 46.085403794 45.8852747386 46.363806303 45.8570665074 46.0618202606 45.8082720453 56.6637230535
46.3952826358 45.2383138038 45.3601019495 45.5732553676 45.437704972 45.9993598711 45.5145761973 45.1330795395 45.9038329184 45.5000992163 45.7797610663 45.1809275826 46.1409214041 45.1634741244 45.9194902006 45.0544223776 45.6063879277 45.7815904115 45.4221029752 45.9406493742 46.115341383 45.6372150293 45.7605407309 55.8620493027 55.8620493027 46.0712637351 45.5264710741 45.3871931796 46.2711535241 45.3194313216 45.8187080763 46.0577906176 45.2838854503 46.0426133518 46.0750171108 45.2948201436 45.6891749386 46.1350554563 46.0676199982 45.3291202248 69.1429985866 45.1195146855 45.3920541849 45.8919025817 46.4032748524 45.7269939182 46.1995733496 45.9880198359 46.3709953785 45.6777576577 46.2182189405 45.8040456828 46.3381396924 46.1784919208 46.1648444297 56.6637230535 45.7522603634
0 45.5635958277 46.3095606862 45.1333577647 45.2212544499 45.4565762432 45.927481355 46.0762258937 45.2554376052 45.409336248 45.3651125273 45.7978722114 45.6843997835 45.4570108287 46.1060609621 45.6817011903 45.114673133 45.0339912223 45.8493443735 46.2442409398 45.6291848227 45.5811673842 72.2358537594 72.2358537594 72.2358537594 72.2358537594 45.0703880503 45.1699255575 45.7293808185 45.502588871 45.8254951213 45.0909707974 45.2293246056 45.7657042068 46.3356935857 46.249440267 45.5653061425 46.2530111124 46.0891845224 56.7216534492 56.7216534492 56.7216534492 46.2006951971 45.6527065669 45.2900413582 46.3032672672 45.3046664006 45.7689704671 46.3852510476 45.3318032197 45.0573576808 45.498984049 45.305364528 45.3726690901 45.7085172026 56.6637230535 45.8919075474
0 0 45.4639392818 45.181347687 46.2916250881 46.2067810966 45.0435934954 45.4426342929 46.3266524814 45.8528852088 46.2087551822 45.8557846757 45.7273187404 45.9652036918 45.0032645326 46.1125027095 45.3993258453 45.9130324123 45.0998717307 46.0530654183 45.9192059415 46.0486543879 45.3044876172 45.7963416526 45.1824208403 45.4633025777 45.1274632681 45.8859143901 45.376273263 45.4060939416 45.3184989172 45.7638286401 45.5149383956 45.8161159283 46.0547016374 46.12194548 45.097239536 45.1744411037 45.339543571 45.6985587711 56.7216534492 45.5928471398 46.4011710531 45.9903888061 45.299445431 45.5254976446 46.2191404398 46.0920796203 45.8839818755 45.5499071733 45.9272907117 45.5311883387 45.0467332141 45.2670233431 45.3234324228 46.1268949222 45.701491358
0 0 0 45.4228442751 45.5610751494 45.5960488773 45.5577226449 46.0514087189 46.2805291384 46.0252597085 46.3607490946 46.0176873913 46.2510376315 45.8673208603 45.0914721861 46.0497488466 45.8481702413 45.8661800293 45.2720795218 45.8079541876 46.014799862 45.3991134044 45.4985401737 45.7565729518 46.3542158541 45.6244558753 45.9374889729 46.1747008536 45.4049444042 45.8086433769 45.3244912984 45.3947314601 45.7960955686 45.8073515519 45.0380280936 45.8117744631 45.5405057967 45.464996852 45.8114290234 45.1705673503 46.1373651911 45.5943643899 46.1066153908 45.875198728 46.1083246269 45.6858422536 46.3001224359 45.7777064004 45.5603249464 45.5113123778 46.2209257192 45.3880919445 45.1848730003 46.1837115194 45.0854338247 46.3755023169 45.3534684002
0 0 0 0 45.8574081036 46.002415069 45.7166503734 45.3680214264 45.567664227 45.7796031542 45.9697394513 46.1871204963 46.0341081205 46.1158544074 45.3623790478 45.8819505479 45.1476177988 45.4288041813 45.1111802144 45.6129476449 46.3369145934 45.2321187974 45.3507029626 46.2160647204 45.5303071394 77.708620926 77.708620926 46.3125582027 45.7672868833 45.3572500846 45.211810953 45.2859645228 45.7413851419 46.3161483733 45.3403726846 45.330735622 45.9311243121 46.02684673 45.8673256341 46.3044547091 46.1247596275 45.1528539696 45.884166776 45.3532474454 45.1940053743 45.2821764115 45.720048616 45.1111675241 46.2533856493 45.3168009604 46.3756069779 46.3254373995 45.0872045084 46.3862251371 45.8475165131 46.0619625404 45.5669101369
0 0 0 0 45.6124206539 45.004124303 46.2435790704 45.4929607831 45.5400930476 45.5982503808 46.0918703287 46.058499455 45.7045928496 46.2030026496 46.2810178967 45.8377673429 45.0431299885 46.1722116386 45.1827556036 46.2581528203 45.5060142376 45.7550318889 46.4071630613 45.4866864133 46.292702996 77.708620926 77.708620926 77.708620926 45.362234368 45.8772903795 58.1623325438 45.7422946051 60.6126718816 67.4466292323 67.4466292323 65.1233181391 65.1233181391 69.6973294177 45.0919221769 46.3680915123 45.2425249251 46.1505718836 45.3331849815 46.3655736394 46.1467043216 45.2751630317 45.1441410057 45.0286288965 46.127040933 46.3450086631 46.286326544 45.8517722951 45.838315665 45.3296356958 45.718394331 45.7608749069 45.2100964542
0 0 0 0 0 45.5197466287 45.3233325502 45.0860237591 45.6000463346 46.2831835786 45.1498959726 46.0147416696 46.0782788125 45.9953194344 46.2281277421 45.9306781239 45.6131833016 45.9315654431 46.2638804415 45.0757295861 45.4102521335 45.2804858753 45.705863892 45.1354929531 46.3455686726 77.708620926 45.802898965 45.2179554157 45.491926936 45.8304579517 58.1623325438 67.4466292323 67.4466292323 67.4466292323 72.5876942161 65.1233181391 65.1233181391 69.6973294177 46.3487778697 45.6323240842 45.1332725815 45.2379978247 45.687095752 46.3802715931 45.8081274832 46.047817919 45.3069566397 45.929413335 46.194124714 46.2997041609 45.3321473699 46.3993819987 46.3498468098 46.2725970744 45.9120540347 45.2365216848 45.0701361106
0 0 0 0 0 45.398379119 45.045236152 46.266060959 46.042287862 45.2791300595 45.4786711392 46.3582129439 46.0401588383 45.7334138462 46.1339116691 46.3517034036 46.2382724497 45.861142689 45.6700321005 45.3458325215 45.8973443355 45.5186778417 46.234014801 45.7713768651 45.3458213269 45.8536431455 45.0255184999 45.0482222274 46.0609899576 46.1421441049 58.1623325438 58.1623325438 60.6126718816 67.4466292323 60.3901669685 59.8355389369 65.1233181391 45.28214477 45.4053651961 46.1566461178 45.9049930755 45.0617172674 45.6740678294 46.0566552067 45.9893440336 45.6312664453 45.7804845502 46.0247765319 45.0883355329 46.0095771221 46.0673931074 45.6559237215 45.8181806824 45.0013455908 45.4855185854 45.9478724416 45.7968005027
0 0 0 0 0 45.6752003203 45.3631286046 45.0481466961 45.2724193778 45.0642702444 45.5553973543 45.0981577889 45.9180761557 45.0878158507 45.890484266 46.2878534956 45.3437608768 45.9738405786 46.0121079074 45.2992340022 45.5011541603 45.9539000426 46.0065852494 45.1936433996 45.4571368929 45.1052261316 45.0948281217 45.2492800509 45.9084837747 45.9099584584 45.904711566 45.0043304116 72.8174093338 72.8174093338 72.8174093338 45.2460205324 45.7933920148 46.220888947 45.2915514566 45.861594429 45.8937264253 46.2687023368 45.4591735706 45.8751451403 46.3939227464 46.065773355 45.3016387179 45.2132682698 45.5000508162 45.3952213029 46.2912576459 46.393266764 45.6954441072 45.8927503012 45.5075536766 45.0483186666 45.5000565695
0 0 0 0 0 0 45.4743736478 45.2894843957 45.372567328 45.3007881147 45.5817933844 45.7006867824 45.8508090226 45.7924536447 45.1292023984 45.7767329562 46.3009738369 45.0597542796 46.0356474786 45.8428002055 46.3037098355 45.4519469886 45.2624641164 45.0888262255 45.5422295042 45.2406168639 45.207351823 45.0462592376 45.0652945747 45.2025580904 46.1571702967 45.2972824255 45.9887813787 72.8174093338 72.8174093338 70.3421959646 45.0451085472 46.251797942 46.2147692973 45.1715468007 45.3201075919 46.0456085981 45.6271394068 46.0715411029 45.6625671746 45.0202976854 45.500173921 45.2153429346 46.0433380647 45.0109927471 45.4543678411 46.3862624679 45.1711636344 45.6983258384 45.6027415745 45.4328245359 45.1366369794
0 0 0 0 0 0 0 45.1666632567 45.7503164247 45.5332163353 45.4529090891 45.9791449846 46.0009631113 45.8718585894 45.384664888 46.3201688627 45.432416226 45.0496742709 45.26844104 45.2526549004 45.9918010821 45.9862528401 45.1079552033 45.3051170167 45.2855457198 45.4720908328 46.1545870799 45.5880522394 45.8826602082 45.4813755224 46.2406258804 46.3539639235 46.3677536415 46.1618809667 45.4178932498 46.0503333126 45.851279157 45.5536787087 46.0768220793 45.1814562879 45.6388817034 45.0598001987 46.1893075275 45.2433352464 45.0468648533 45.8028622793 45.8030730661 45.1639325858 45.7405696923 45.2321052498 45.8953249557 45.3312519122 45.778151031 45.6811100611 46.3553802081 45.1456671594 46.1288699954
0 0 0 0 0 0 0 0 45.1333794832 45.4612116323 45.4382944869 45.2107481319 45.3815434835 45.4066063187 45.8249605075 46.1542928716 45.5010957994 46.0532307527 45.455508123 45.9218387577 46.1140484517 45.0138475804 46.1850820689 45.9065466496 46.0575345813 45.4999374377 46.3238960208 45.1756085675 45.4200973358 45.7381086473 45.1842075798 45.9896003584 45.090966244 45.8597227792 45.5668907366 45.9262622704 45.0587502264 45.276496259 45.4040778334 45.0805204063 45.8027869638 46.2095002082 46.0904095423 45.3187151571 46.0371132026 45.1442271424 46.2693453764 45.0815045449 46.255421502 46.2302818341 45.4034380964 45.2207130227 45.8460143833 45.7536391458 45.0196454336 45.968012944 45.2232470156
0 0 0 0 0 0 0 0 0 0 45.6577944433 46.2415980062 45.4086008655 46.2582217003 45.4189934439 45.6009654573 45.776331957 46.1840854209 46.0076641128 45.8312897458 46.2845279863 45.2921222875 46.0303752185 45.1688996029 45.3969535929 45.5934900318 46.035297183 45.064092528 46.3741131567 45.3582220807 46.2190710711 45.8791613779 45.919633747 45.5957468683 64.2543745083 45.6887649809 46.3565543342 46.168916158 45.8486155819 51.3099396573 45.9814107749 46.1330022565 45.7291131241 45.5246999275 46.1049517377 45.7824348385 46.2916069067 45.4893330471 46.3016103341 46.256853084 45.0059028368 45.1167570517 46.1078984213 45.2641026409 45.2320045308 45.1764962366 45.4848118115
0 0 0 0 0 0 0 0 0 0 0 45.8150451257 45.0108810401 45.1237597726 46.1418823339 45.3484479174 46.2868104965 45.1171619042 46.2387888774 46.3041150836 46.1900676982 45.9834942904 45.6177605116 45.6540024757 46.3308880089 45.7526986097 45.0421529785 45.3668008293 45.815029313 53.9360835188 46.3615007719 46.353879869 45.3666398947 45.8473229445 46.0820973085 45.2175333237 45.8515510782 45.39398478 45.3033898368 51.3099396573 45.1853974284 45.5899922514 45.891850716 46.3263736171 45.3186603488 46.0392144779 45.8714589978 46.01457402 46.2797295048 46.274449765 45.6823768599 45.8463659646 45.3473200814 45.1375278329 45.6453539515 46.274314667 64.1891974164
0 0 0 0 0 0 0 0 0 46.1964709543 45.9264313855 46.1839696804 45.5524491695 45.0434620932 46.0595540371 45.9000647687 45.1145672615 45.8160290536 46.1310953046 46.3202983426 45.9421915559 45.5477433108 46.1950822214 46.0840253525 45.2568555443 45.8920061036 45.5764781315 77.265700476 77.265700476 45.0143914874 45.7881936858 45.7945577474 58.8971881658 45.3314047392 46.3388107732 54.1728722314 45.1682981113 52.2014959886 45.4256921523 51.3099396573 45.882963985 45.4963624866 45.5161984681 45.4856115473 45.3614964717 45.9955058266 46.0288216088 45.6115881333 45.0002934278 46.0970502728 46.0542296875 45.2862295688 45.9671064901 46.1540672095 45.0882118729 64.1891974164 45.2670874747
0 0 0 0 0 0 0 0 0 46.144532229 46.1770089018 45.7510030208 45.5489226834 46.2837476529 46.1549217177 45.5532745739 45.1612311459 46.0068018141 45.9380924239 46.2677928332 45.7215419024 46.0658601439 45.6213519767 45.8780650966 45.7378720732 45.4154607514 71.0537951876 77.265700476 77.265700476 70.5795881382 45.7826362171 45.4058878734 46.0629765476 54.1728722314 54.1728722314 54.1728722314 45.1013429859 45.6645822625 46.358557648 45.8807064714 45.5344699147 45.1200520356 45.0919458346 45.8290864103 46.0725044907 45.8565270993 46.1173980689 45.3405600407 46.3151876876 45.3807370827 46.0056981821 45.0275251766 46.3451686362 45.7991867967 45.8055900355 46.342496733 45.7951346731
0 0 0 0 0 0 0 0 0 45.4726286782 45.6055960278 46.2005521597 46.0806090076 45.0589491289 46.1297135635 45.5162015944 45.1591587549 46.1494959762 45.7454261678 46.0879687339 45.2134094625 46.1022742575 45.3937581788 45.5781354749 45.0195266505 46.2443710744 46.1453176002 46.1111620355 45.1834071733 45.0173286525 56.7421527992 46.11712929 45.3959655083 45.8530952828 60.9821957875 58.4626373475 58.4626373475 45.3246471432 45.7764436076 45.9496128959 45.5167087982 45.9136177491 45.3774098728 45.9007548939 46.2273996387 45.3638609263 45.274377983 46.1292402448 45.1886698654 46.3007219638 45.398670461 46.2807029162 45.554749772 46.3726065422 46.0801340132 45.8021491905 45.3896745115
0 0 0 0 0 0 0 0 0 45.374620405 45.1970887793 45.1638080642 45.7299813906 46.0518311285 46.0201299842 45.4971342501 45.823482823 45.3910005246 45.9217929879 45.2754166764 45.1545462143 45.6823131828 45.267898926 45.2329850559 46.062958369 46.1501580996 45.5710204933 46.0932218812 66.6052054976 66.6052054976 66.6052054976 45.1189003747 46.3821300206 46.1658897912 58.4626373475 58.4626373475 58.4626373475 46.1926130045 45.4825096814 45.6289639503 46.0372924316 45.6494277989 46.4008854914 45.270668017 46.2516668889 45.2286249603 45.9333578411 45.7926115907 46.3654801498 45.4807027374 46.0236301428 45.3027895937 46.3636142071 45.892599852 45.7286412643 46.1703062539 45.850260981
0 0 0 0 0 0 0 0 0 45.6991066967 45.6687152493 45.8422072764 45.2514168176 45.6982638862 46.1184734961 45.9339704051 46.3326076105 45.0425941702 45.5833592011 45.9882777782 45.1700485353 45.4473622399 45.8046731036 46.1453252576 45.4441382026 45.1837352729 45.8617081013 46.1403860489 45.9410011049 66.6052054976 45.1389112988 45.3282409699 45.8616825214 46.0593040877 98.9511936815 46.2502254869 72.6870584549 46.0566923744 45.8778760646 45.5464816631 45.9312774144 46.3459626647 46.3245749476 45.8300283586 46.0335857869 46.2179507191 46.0589394661 46.2959920243 45.8198694927 46.1858973714 45.5965455775 45.5835743903 45.5061369385 45.9626555893 45.0488210892 45.6575851874 46.306039596
0 0 0 0 0 0 0 0 0 45.4043565492 45.4923050889 45.6940296743 46.0886081148 45.2771733446 46.2628804116 45.7312351392 45.4737007443 46.3272343217 45.3436474077 45.9528462525 45.7698563563 46.1486054708 45.6831188611 46.3430447019 45.499868255 45.6161185674 45.2273392805 45.3896231081 46.3268263346 45.8001483253 45.9073020303 45.0862611821 45.6633263147 46.2729610318 46.1281920588 56.5096258669 72.6870584549 72.6870584549 46.367785491 45.7871511532 45.6898575334 70.1917153263 70.1917153263 46.2065292633 45.407248083 45.9047238014 46.0332942468 45.4774728661 45.2467062168 46.2745270453 46.2782320416 45.1702456474 45.372715902 45.8526612837 46.0361048341 46.1555109396 45.9534118888
0 0 0 0 0 0 0 0 0 0 45.6260887196 45.7018147589 45.9276538951 45.5722772737 46.2203761286 45.5188155419 45.13555149 45.1863177144 45.1892749106 45.9805213431 46.1200232564 46.0263472603 46.3977834218 45.6552438516 46.3557318444 45.5191523774 45.0484995226 45.6357080845 46.372749782 45.0283798703 45.9032731276 45.4401684508 45.5852489661 45.3515313361 46.1252684501 73.3180815055 72.6870584549 69.155814793 74.729210743 46.0907857131 45.1501919893 70.1917153263 70.1917153263 46.0593310251 45.9700300261 45.8474705456 46.0371745677 45.1448510622 45.0926544501 45.2050091382 45.9064804851 45.1407268631 45.3612890936 45.1553837933 45.7517030371 45.5023064072 45.3226039465
0 0 0 0 0 0 0 0 0 0 0 0 45.6330963926 46.1788016656 46.1300207461 45.7785036932 46.0313636369 45.1864186527 45.4742265944 45.0128831328 45.9723028789 45.1455299731 46.1815272234 45.6751197478 45.4700499338 46.111495329 45.3717597207 46.1986267024 45.7086405023 46.0710527795 45.1632301153 45.6199944699 45.3462929698 46.1728659583 46.113631275 45.3341551033 88.1597172987 76.7754775115 88.1597172987 46.3266886078 45.1864252825 46.0750947125 45.1806818259 45.846372217 46.2694311631 46.1293921684 45.4915700926 46.0347492552 46.2251291773 45.7576765468 45.6097845804 46.1934522996 46.2965819706 45.7389021874 45.5649560505 45.662844264 46.0320466901
0 0 0 0 0 0 0 0 0 0 0 0 45.5373989355 45.4005759313 45.7736227835 46.3515118793 45.9330919954 46.1964323904 45.1521372974 45.0070886605 45.3575539897 45.1940961271 45.4565860866 45.6695495958 45.1171405961 46.3892827518 45.4608009901 45.5231598992 45.4303040377 45.7895174756 45.8395893379 45.8051776412 45.7233674383 46.1009982935 45.3752085858 45.8354738565 65.9385173799 65.9385173799 65.9385173799 45.1384074537 45.2417841862 59.1610833673 59.1610833673 59.1610833673 45.7728561018 45.5776859998 46.1014868147 45.3852913326 45.356418098 45.4417321309 45.2398643863 46.0613372899 45.9624349085 45.3032834962 45.2499805152 46.1805466661 45.3055819516
0 0 0 0 0 0 0 0 0 0 0 0 45.2258614954 46.0768324659 46.0672850844 45.4948287206 45.3312546713 46.2150368079 45.8188398369 45.7577479278 46.0502915897 45.8609091724 45.9767055899 45.6468922465 45.562754605 45.973825213 45.5880315013 45.0197769124 45.6739670504 69.2498462357 45.273987606 53.1449303284 45.0782312718 45.0799543453 65.8986390342 77.2555888893 65.9385173799 65.9385173799 65.9385173799 45.0896251057 45.4294997392 65.4038964898 45.4027150513 65.4038964898 45.4134335546 46.1192278214 46.410589077 45.7231626614 45.9765067147 45.4630450362 46.3475699145 46.2375676766 46.1000083614 46.0182295539 45.5824460029 45.1322793181 45.7992845795
