Spatial_Output/BAU/BAU_1200.asc
NCOLS 155
NROWS 192
XLLCORNER 196307.867259
YLLCORNER 449144.565805
CELLSIZE 33.573938
NODATA_VALUE NaN
[rows 25 to 49 of 192, columns 0 to 55 of 155]
0 0 0 0 0 0 0 0 0 0 0 0 0 0 0 0 0 45.4552721243 61.7286848938 52.4656277188 56.2479179492 57.4788683408 58.1755974853 58.1755974853 38.8888544284 38.8888544284 68.9630402016 68.9630402016 27.6818716965 27.8533448263 27.9649915892 28.1705285935 27.895097899 28.0032830204 28.0321061858 27.6669747819 27.6158336861 27.8101137226 27.571447256 27.9451297497 27.504963597 28.0162202738 28.1569706499 27.8933107352 27.8741386042 28.1851367188 28.0625003894 27.538240258 28.120937059 27.62502523 28.065967048 27.7667055882 27.5146069163 27.6422558847 27.5399856558 27.6700221774
0 0 0 0 0 0 0 0 0 0 0 0 0 0 0 0 0 0 70.8543547081 70.8543547081 0 27.8330569827 27.6609729011 28.1055238188 38.8888544284 38.8888544284 68.9630402016 72.2426703494 58.0836254018 27.7549975202 28.1271949422 27.7833205485 27.5180271325 28.1950161302 27.7172359641 28.0551613076 27.5555871079 27.69619572 27.5302718768 27.8797729355 27.763055713 27.5073323031 27.8085414657 27.7275658868 27.5425022558 73.491427324 73.491427324 28.0882049612 27.5498197984 27.6208078702 27.7527857479 27.622966714 27.7395014281 27.5234722986 28.1434341015 27.8016290365
0 0 0 0 0 0 0 0 0 0 0 0 0 0 0 0 0 70.8543547081 61.9537538585 28.1280022084 27.6418646811 27.6717860633 27.6061383251 27.849846124 27.8826871056 68.9630402016 72.2426703494 72.2426703494 58.0836254018 41.3022797534 63.8281132807 27.9913337148 28.0698632934 27.7298760531 27.987096816 27.8023238674 27.6804878051 27.6013766933 27.6090752767 28.2066135588 28.1727578865 27.6024442381 27.9905639483 27.6614890416 73.491427324 73.491427324 73.491427324 73.491427324 28.1300733467 28.1330019584 28.1841656185 27.7178895915 27.8524292739 27.9489902489 27.8540320494 27.6757513694
0 0 0 0 0 0 0 0 0 0 0 0 0 0 0 0 0 61.9537538585 28.1275392805 27.8176345408 27.8528856392 28.1497450583 28.0538846617 27.9316565423 27.5606132517 27.5776713614 27.5888741786 58.0836254018 41.3022797534 41.3022797534 63.6258652262 50.2649691744 28.1143810912 28.0788396866 27.5360516817 27.6993632622 27.7798146057 27.5142505532 27.6304218676 27.6268306944 27.9576724119 27.8007296178 28.1729558166 27.5744366747 27.6243665627 48.6703400087 49.129310345 28.0043311678 27.5793620829 27.9758896122 27.8994646972 27.5676729857 27.9244093267 28.1463659119 27.7328699776 28.0692930749
0 0 0 0 0 0 0 0 0 0 0 0 0 0 0 0 0 27.5852620085 27.6303241522 23.7896523079 10.9314322978 11.9013228628 27.5071514786 27.993785651 27.7688826077 28.165767852 27.6657610758 47.7477281505 41.3022797534 41.3022797534 63.6258652262 58.1324782462 27.7514283913 27.8772175083 27.5519634939 27.7142061824 27.9925117394 27.8721163897 27.5853858705 28.0111798393 28.0030707236 27.5398428924 27.8259280769 27.9494491575 27.8077571112 49.129310345 49.129310345 49.129310345 27.8325531408 27.8253802371 28.1534618985 27.9876079545 27.8881810376 27.6076872937 27.6959815589 27.8264380499
0 0 0 0 0 0 0 0 0 0 0 0 0 0 0 0 27.672008636 27.6023607698 28.2051584817 18.5247218326 15.0567371693 11.0238115564 27.7587797061 28.0792579745 28.117548839 28.1976494838 27.8000689093 27.9189352413 27.7031546673 63.6258652262 50.2649691744 58.1324782462 61.0555196044 61.0555196044 28.0874183141 27.7861966976 27.9708650297 27.7365641201 28.1648777372 27.6896582335 27.5803437237 27.7571125087 27.5000564634 27.9057669263 27.5256485214 49.129310345 49.129310345 27.5893129405 27.9974718819 28.0019587145 27.5069111349 27.9965117173 28.0000511514 27.9872272838 27.6872518066 28.0163278307
0 0 0 0 0 0 0 0 0 0 0 0 0 0 0 27.537684377 27.8636989498 27.9454947978 27.6401646145 17.2230302343 15.6398705221 21.8193648577 19.5750790422 28.1145154464 27.6684788021 28.1546419827 28.1415031795 27.9309164887 27.6429307183 27.9665954063 28.0678641886 61.0555196044 49.32534615 63.0668545341 63.0668545341 27.8537189582 28.1404608772 27.8819716656 27.9528681879 27.5272932902 27.5187327381 27.560776125 27.8302496793 28.0541048774 28.1361370427 52.8049569029 52.8049569029 52.8049569029 27.7126320839 27.6880317086 27.886284002 27.763169716 27.8974810019 27.9010295886 27.6319601166 27.8542715655
0 0 0 0 0 0 0 0 0 0 0 0 0 0 0 28.1794204805 28.1797912361 27.7259989691 27.6535995054 32.1560764409 12.3996841309 27.8784700006 22.7226261345 27.5673865281 28.1030201183 28.1337162068 28.1113977271 28.0721819873 27.7557969663 27.7414214178 27.6346567582 27.9580648073 49.32534615 63.0668545341 63.0668545341 71.6571686031 27.7160561955 28.1323702922 27.944069936 27.6575476499 27.82063308 27.8900899151 28.1659407349 28.0110412666 28.0951833495 52.8049569029 52.8049569029 27.7879413458 27.9899265488 28.0470816098 28.1410515339 27.6312769873 27.9225963628 27.6819289913 27.5292134418 27.5788636848
0 0 0 0 0 0 0 0 0 0 0 0 0 0 0 27.7120650516 28.2053560707 27.5963454725 28.0602649775 27.669199947 17.2874667403 13.3189398704 21.7642899669 27.6452966578 56.9066374793 28.0251220421 28.0485358277 27.9802612907 27.5429938839 28.1200833656 28.0093301586 27.8032136088 27.5955341204 63.0668545341 76.4035908083 76.4035908083 76.4035908083 27.9630313782 27.515167089 27.8217478312 27.8532350324 28.0786498625 27.522062182 28.1070456181 27.9258446673 55.6140319158 55.6140319158 28.1240252549 27.7145616206 27.9332062159 27.6876671509 27.805639123 27.6991310052 27.729774528 28.0617771738 27.8757157706
0 0 0 0 0 0 0 0 0 0 0 0 0 0 0 28.0153600676 28.1513996526 27.608173345 27.8762528594 28.1597134935 28.1366808414 27.6552442826 28.2042464458 27.6815222185 56.9066374793 42.9689644174 42.9689644174 27.5820391072 28.1363377767 28.0393716626 28.1659775167 28.1936481516 28.0443439206 27.5039792173 71.6571686031 76.4035908083 76.4035908083 55.2005418716 27.7318178137 27.8843956663 28.1316729638 28.1992965698 27.6128604028 28.1203623321 27.6477371864 63.1130463123 63.1130463123 63.1130463123 27.6921207824 27.9344879255 27.8490297202 27.9950747351 27.9221328061 27.905624574 27.61447037 28.0836707673
0 0 0 0 0 0 0 0 0 0 0 0 0 0 0 27.6184918125 28.0861132332 27.7317165381 27.8104756569 28.159948417 27.6027986264 27.9302859319 27.8586755545 56.9066374793 56.9066374793 42.9689644174 42.9689644174 49.5811758811 27.837349935 27.8057639898 28.1360646819 27.5927063979 27.8047346165 28.0182195551 27.9767978262 27.5139492674 55.2005418716 55.2005418716 27.9225907766 27.8847894207 27.5448069563 28.1310832443 27.7332288915 27.9004446129 27.5434046574 63.1130463123 63.1130463123 63.1130463123 28.1292638186 27.7128303051 27.7397312164 27.933886746 27.6091942886 27.5354524568 27.5077522047 27.8111142495
0 0 0 0 0 0 0 0 0 0 0 0 0 0 28.1046126392 27.7304164746 27.7174081931 27.7180414304 28.1257382283 28.1711027909 27.9040212719 27.7261438147 27.7745951202 27.7080389674 42.9689644174 42.9689644174 43.0434560448 49.5811758811 28.0336985589 27.5776343758 27.952756599 27.8783614627 27.9255530487 28.1560952207 27.7561098041 27.7090738764 55.2005418716 28.044193363 28.1732246466 27.738823891 27.7877037099 27.8369654046 27.9006231828 27.7290535264 28.0557120461 28.2068484674 45.482292128 27.7352000066 27.5647930391 27.755246926 27.8231806389 28.0547176548 27.8418119938 27.7213552934 27.6840873392 27.6780948563
0 0 0 0 0 0 0 0 0 0 0 0 0 0 28.0959784824 27.6104746085 27.7446436029 27.9078499422 28.0982055681 27.60475903 27.6736612593 27.7841485501 27.5939826544 28.0948385916 27.9117607182 27.708296555 27.915226221 27.7598629838 28.0725073266 28.0495909955 27.643069055 27.8943006109 27.8578194599 27.5268547576 27.922432025 51.0601829714 36.3611728119 27.829392285 27.5512556927 27.7229276011 27.724914617 28.0399817234 28.0933584277 28.0573731013 28.0734185942 45.482292128 45.482292128 45.482292128 27.9171453382 27.6054323878 27.5030095253 27.9993118676 27.76044609 28.1296457364 27.8564180445 27.9273175651
0 0 0 0 0 0 0 0 0 0 0 0 0 27.7011519846 27.8785557698 28.1966518313 27.5492071058 27.6082785958 27.6476091042 28.0444117858 27.5451471934 27.5336369953 27.7954983492 27.9224248454 27.7055271175 27.8599157872 28.1311810827 27.5522350221 27.9735102559 27.9777477386 28.0628475424 27.6940827423 27.6113280094 28.0999821878 27.8255269618 28.1571018424 36.3611728119 36.3611728119 36.3611728119 27.5373304516 28.1589636311 28.1074278963 28.1787590973 27.5254221798 27.5448765299 48.8965170216 49.1158612073 52.5571447129 27.8325705826 28.0777362193 28.1835030567 27.7664321385 27.6035385564 27.8326566185 27.8191997862 27.742778543
0 0 0 0 0 0 0 0 0 0 0 0 27.7222980718 27.792589687 28.165093901 28.1603219705 28.1182413616 27.8635767831 27.8209212263 27.9988253732 27.9386014738 27.5935730862 28.0813256645 27.852911729 27.5419005083 27.6532914959 27.5739505992 27.8495127559 17.3454877918 24.6588785166 23.4812610047 27.6749608324 27.7479819607 27.525052089 27.5712426633 27.76610988 36.3611728119 52.7422777614 64.6371073223 64.6371073223 64.6371073223 28.1538266227 28.0680339003 27.5172417337 28.0758651454 49.1158612073 49.1158612073 49.1158612073 27.8303793458 27.6256352559 27.8272823514 27.5738874532 27.7556730229 27.7072919707 27.5828155943 27.6721132482
0 0 0 0 0 0 0 0 0 0 0 27.9105172551 27.8352369935 27.5478691666 27.9031332217 27.581237463 27.5871438458 28.1110002878 28.0338290351 28.0967962974 28.0694421558 27.8044752211 27.9147598633 28.1738200687 27.947724812 27.5953174125 28.100889025 27.5128712172 17.7203605794 17.0006184715 27.0791213584 28.0780241587 27.5963543817 27.9416721657 28.0624424621 27.5822929876 28.0038842216 52.7422777614 64.6371073223 64.6371073223 64.6371073223 27.7154779751 27.7106316084 27.9391522139 27.6414209664 27.5628921503 49.1158612073 49.1158612073 27.5121542059 27.9556555234 28.0566722834 27.8435707834 28.1597930962 27.81917657 27.9882382636 28.0994186966
0 0 0 0 0 0 0 0 0 0 27.5299178057 28.1893985105 27.5614227443 27.6820636639 27.8654370729 28.0107203847 27.9225707458 28.0587849942 27.9366167332 27.6309952895 28.0109225558 27.8208176163 28.0083450139 27.9901931653 28.0811938475 27.515934007 27.979973409 27.8673565871 15.9066203102 23.6851515893 10.094583041 27.9352910791 27.9438604334 27.8717388099 27.7956116035 27.9867109566 27.6156717402 27.6361552146 40.5140063751 40.5140063751 65.6809542392 27.8994412635 27.6547405238 28.071099662 27.5544159751 76.2096754561 52.6410445778 52.6410445778 27.5918619405 28.1896451782 28.0382527382 27.7627842527 28.1609977717 27.7084789333 28.0229545356 28.0508951749
0 0 0 0 0 0 0 0 0 0 27.987914339 27.5946454747 28.0230235308 27.6304444604 27.8494951177 27.8114576808 28.1711051687 27.6135044887 28.1756411727 28.0172429533 28.0122342098 27.5533423795 27.8105461016 27.6852804565 27.6841868641 27.8043127549 28.0255428713 27.9323796175 15.5369391951 13.8194442649 23.6624175082 79.0166486244 28.1402556955 28.060790154 27.8097014039 27.9137940233 27.5896830387 28.0109573746 59.8966654874 59.8966654874 59.8966654874 27.7813687771 28.1941683638 27.9015787453 27.8272622836 52.6410445778 52.6410445778 52.6410445778 27.8692115016 27.7405507209 27.5817297299 28.1243307504 27.9592960861 27.7589470692 27.6435785307 28.124294897
0 0 0 0 0 0 0 0 27.7124218845 27.978710217 28.1757453018 27.6135455729 27.6437920599 27.9850150804 27.7096742095 27.991880926 28.0001817505 27.9463987643 28.1649643168 27.5249255539 27.5919749485 27.5609150343 27.7401184449 27.7543271804 28.069389549 27.8412323918 28.1091809091 27.9114865198 27.7092740094 79.0166486244 79.0166486244 51.0876821989 27.6248733244 28.0687551705 27.5642352053 27.6703957573 28.1452681653 27.9872606528 59.8966654874 59.8966654874 27.7820029955 27.8108551909 27.8692886268 28.0238210643 27.6195831301 27.595400484 76.4113104972 76.4113104972 27.957347508 27.990771471 27.6068341424 27.5200456684 27.7187139667 27.7644354436 27.6781568116 28.1585446616
0 0 0 0 0 27.6209633382 27.5159935289 27.9216649901 27.5633890755 27.5798317497 27.7394286856 27.5907714224 28.1902837637 28.15806497 27.679392905 27.5823624798 27.658080432 27.8618889432 27.9619747114 28.0688396501 28.1167680535 27.7850530764 27.9704680048 27.629157525 27.8612212787 28.0713949372 27.708628462 28.109019966 28.1996550901 51.0876821989 51.0876821989 51.0876821989 53.7467347773 27.5462556557 27.8248331977 53.6545670813 28.1425748658 78.9797936307 78.9797936307 78.9797936307 28.1141849287 28.0281327321 27.8773068962 27.5013818099 27.5066121691 76.4113104972 76.4113104972 76.4113104972 76.4113104972 27.924912877 27.9857985069 27.6245497614 27.6687866582 27.5755625708 28.0939680635 27.5923966967
0 0 27.7356728987 27.737390506 28.155923342 27.6063592773 27.8892885826 28.069619523 27.691185643 28.1575139181 27.5478019245 28.014227541 27.6119701541 27.6765636104 28.1834738854 27.6207615687 28.1902985771 27.8672003242 27.5660736135 27.7893647325 27.7636800664 27.5223933216 27.6916237099 28.1012308126 27.8195332634 27.5978356584 27.6308811158 28.1548855596 28.0746926036 27.9408086649 53.7467347773 28.0292309694 27.6107736502 27.5409350421 28.2031130017 27.9642828146 53.6545670813 27.5113841512 78.9797936307 82.595585528 27.7203523403 27.8096627924 27.5182228566 27.9164671312 27.5164302888 52.0764210386 52.0764210386 52.0764210386 28.2025568034 27.5410813358 28.1160869692 27.6139266968 27.583325924 28.1953241587 28.0698673975 27.8834488874
0 27.8164247075 27.6348945117 28.2003978261 27.6220172086 27.9910344333 27.5828731971 27.7575369556 28.1138664636 28.0986816688 28.1225735194 28.1865128279 27.5265937007 27.7531814033 27.7879389997 28.043069937 27.9310187641 27.9437503306 27.7281585856 28.0667268859 27.8701080124 27.5070441418 27.9043466461 27.6416369513 28.1671271913 27.632677972 27.6770361736 27.9882462783 27.8958302099 28.1322725236 67.0976472158 67.0976472158 67.0976472158 28.0862113944 27.5030340085 28.1440125119 27.9656798972 28.1916261447 82.595585528 82.595585528 57.7855381294 27.8113804545 28.0931095979 27.7876852619 27.5052621369 27.5185248899 48.2786794629 48.2786794629 27.9651668202 28.1630355657 27.5806709663 28.1121449929 27.5443202993 28.0484957125 28.1999724216 27.7837167035
27.702577519 27.5298665543 28.0972130969 27.9910419658 27.8450703076 27.5260272173 27.9699225239 28.0089701104 27.5759517542 28.1696247042 28.1541667701 28.2045860871 27.6323487346 27.9148634887 27.7725610542 27.9464026958 27.5461723883 28.1821628795 27.5775098653 27.864145408 27.9701632529 27.9416093349 27.5285585806 27.5785232141 27.9825034449 27.7148841182 27.5264487917 27.8318951015 27.5124229592 41.3199725936 39.1174884341 67.0976472158 39.1174884341 53.505578365 27.9501398021 57.2296090214 53.3631067838 28.1921176864 27.5358420601 57.7855381294 44.8458237875 27.7322168039 27.5765409536 27.9443994354 28.0210645739 61.1122659913 48.2786794629 48.2786794629 61.1122659913 27.7093379558 28.0825674327 27.6913022391 28.1221873645 27.6196470889 28.1174027633 27.9630382652
27.9046485714 27.7488503511 27.5799186523 27.7903621178 27.7688991619 28.168928098 27.8860892479 27.8464507869 27.5556026533 28.1012127063 27.7802465434 27.5406907606 27.6634656494 28.1972479188 27.918184827 28.1226275276 27.9704805417 28.0954100604 28.0173553183 27.8167305875 27.8595304221 27.8600778413 27.9043541053 27.9234383775 27.6526799172 27.6217809583 27.6030976884 27.9842733266 27.9996971487 28.0781063911 48.6519939587 55.4711020118 60.7747602346 60.7747602346 53.505578365 53.3631067838 53.3631067838 53.3631067838 51.7789407255 51.7789407255 43.9464079048 28.0175789332 27.7595569318 27.8357007801 27.9099964953 61.3569972575 61.3569972575 28.0948776125 27.9566155861 27.7947277169 28.1051161058 28.1006833906 27.9404237328 27.7644702626 27.5713327498 28.1098794495
28.0129242661 28.1027207533 27.8300475884 27.6751598667 28.043674524 28.0182042032 27.7186491888 28.0979407101 28.0054020782 28.0912174767 28.1020401604 28.0091157354 27.9759673255 27.807534607 28.0838461667 27.6178358436 27.5909165909 27.5449777562 27.6583265549 28.1027763169 27.9259433663 27.5024896683 27.5006448509 27.6480721938 27.7458573663 27.6999452906 28.0304481248 28.0281272533 28.0853446333 27.5867918783 45.9769864961 55.4711020118 60.7747602346 60.7747602346 65.4324175497 65.4324175497 53.3631067838 53.3631067838 51.7789407255 51.7789407255 51.7789407255 27.692326458 27.7783480955 27.8139392894 27.9263685567 27.7797700881 27.706988625 28.0792099202 85.0812605585 27.583890108 28.1964150473 27.6067905095 27.8474069455 27.7310730577 27.9914561215 28.2033098073
