Spatial_Output/BAU/BAU_0160.asc
NCOLS 155
NROWS 192
XLLCORNER 196769.923733
YLLCORNER 449719.875193
CELLSIZE 27.603701
NODATA_VALUE NaN
[rows 92 to 114 of 192, columns 0 to 52 of 155]
0 0 0 0 0 0 0 45.0683689835 44.8019104248 45.07383545 45.0153261592 45.0370496694 45.0303486927 44.8615677877 44.7181022974 45.0586867489 44.504330641 44.9087038047 44.609426619 44.9735632045 44.972594035 44.5743472928 45.1872551547 44.9207013079 44.5029487725 44.6376801631 44.8129660209 44.721182231 44.6209750007 44.7981585138 45.1258589016 44.711525722 45.1466287234 44.558639355 45.1713568319 44.6189757509 44.7470544922 45.0229219036 45.0607932003 44.5948458652 44.6517582935 44.8680487343 45.040139493 57.9921385828 57.9921385828 44.5387300988 45.0454681899 44.8246460035 45.0735903969 44.9162020941 45.1276052621 45.1840424433 45.0093709157
0 0 0 0 0 0 0 0 44.6772846819 45.1775920823 45.1713955371 44.8525551008 45.1994924107 44.7704940868 44.7781740032 45.0182413346 44.8468486667 45.0077021842 44.6965265737 44.8177135629 44.6229464443 45.0346834284 44.9975666504 44.5102003331 44.5419283571 45.182327148 44.5551666948 44.7325468727 45.1956681479 45.0467889015 45.1445924919 44.839585944 44.9193782748 44.9225770002 45.1476864031 44.5767287116 45.055015599 44.7518396316 44.5197454391 45.1335582383 44.8113329714 45.0746471905 44.7892898211 57.9921385828 57.9921385828 44.76583178 44.9420967518 44.7442851127 45.0941844764 44.5937941221 44.9842559399 44.9746638017 45.0055103727
0 0 0 0 0 0 0 0 0 0 44.6497689988 44.7737511047 44.5931167795 45.0086666054 44.6011851387 44.5856679582 44.7324760352 45.1171540293 44.8407142485 44.9191396823 44.6476081657 44.5216823945 45.0064499374 44.8744757942 44.5953864865 44.7136427648 44.805418582 44.6589541293 44.8089609173 44.8298576933 44.7930406685 45.0974264583 44.6920950695 44.505761937 44.6812395156 45.1367890907 44.8038270987 45.0665156059 44.8726080936 44.5486852717 45.1935371214 44.6662955343 45.0007929052 69.5721498915 44.7773228156 44.847162709 44.6139940993 44.8822769291 45.1120422064 45.1323067237 44.5109304855 44.7794545602 45.1348388893
0 0 0 0 0 0 0 0 0 0 45.2061586262 45.1249473205 44.666708682 45.0040177902 44.8182873643 45.192946336 44.9975256832 44.9002392192 44.6366496221 45.0062813594 44.9796388791 45.2015255773 44.9218819056 45.0233822753 44.7968374685 44.7601854282 44.9558232348 44.5588997124 44.9855909819 44.5704017029 44.815933259 44.5827560845 44.999521052 45.1041484966 45.1139651636 44.5986825884 44.9014882185 44.5111390185 44.6707878487 45.04990221 45.077035177 44.668086423 44.596906709 69.6018589656 69.6018589656 44.8751559432 45.1833122828 44.8517083253 44.5633708593 45.0868031966 44.9349678151 44.6616884015 45.0723208982
0 0 0 0 0 0 0 0 0 0 45.0041254164 44.7307690945 44.6166954748 45.1767781234 44.5660097377 44.9941466179 44.5323472798 44.8972320245 44.7609641474 44.8670485791 45.1729465323 44.7562777546 44.6656278538 44.7327138263 44.6350689982 44.6314459371 44.6476203367 44.9609261451 44.8265554791 45.0396581923 44.753436051 44.7583403347 45.0960584521 44.5616550435 44.8031988067 44.8861321809 44.6480115655 44.960271567 44.6437413231 44.764134869 44.743395833 44.6502225192 44.6755919931 88.5846349733 69.6018589656 69.6018589656 45.1995003313 44.6343347499 45.1421204478 44.8973200557 44.9803631512 45.0891749085 44.5268452756
0 0 0 0 0 0 0 0 44.9578344364 45.047746724 45.1245548736 44.8373463472 45.0613186115 44.99151654 44.5178954252 44.5033679081 44.7095343496 44.5588002126 45.0627853419 44.6122614679 45.0776561693 44.7311043632 45.1060785639 45.0226878315 45.0364591473 44.7902351723 44.5650805193 44.9797507822 44.5617780788 44.9645054433 44.7131041996 45.060404829 44.7369866603 71.140473072 45.1621233984 44.9708351397 44.5637152808 45.1334933684 75.1948689474 44.7951256111 44.5538146012 88.5846349733 88.5846349733 88.5846349733 44.9748820245 44.5157447324 44.9549579668 69.9790291872 44.7863662492 44.5047921578 45.107925373 44.5349887597 44.9566721722
0 0 0 0 0 0 0 45.0599847958 45.1739132564 45.1176956717 44.5714172736 45.1363922446 44.5720836743 45.1466091538 44.5877574616 44.5050986214 44.8520597989 44.6758386251 44.6607518701 45.1097814228 44.6475601369 44.7474257119 45.1023309269 44.8165357162 44.7998665942 59.1309359205 44.6721258368 45.147985919 44.7882114181 44.5864882237 45.194663379 44.5016367563 44.6161309944 71.140473072 70.9023992642 44.6027801466 70.9023992642 75.1948689474 75.1948689474 69.3695273638 69.3695273638 69.3695273638 88.5846349733 88.5846349733 66.5755027137 66.5755027137 45.0673686755 69.9790291872 69.9790291872 45.046564917 44.5017697632 44.7996497723 44.6828925121
0 0 0 0 0 0 0 44.8379130992 45.0417924595 45.166394052 44.8820943916 45.1204793787 45.0117452187 45.0320165362 45.0670125241 45.0946824937 44.5433275337 45.1053035233 44.7467897918 44.7234007069 45.1662255315 44.5015159897 44.9955243649 61.9431307994 61.9431307994 44.5930259743 45.1862209306 45.1937735842 72.2202901791 44.5020667991 44.876581358 44.5855655448 45.1420705763 44.945192526 44.8971042597 70.9023992642 70.9023992642 75.1948689474 75.1948689474 69.3695273638 69.3695273638 58.6526888665 50.5686052178 59.328687977 59.328687977 44.9471106921 44.7839805356 69.9790291872 44.5728353925 44.983926994 44.6677450522 44.6940740611 45.0524681125
0 0 0 0 0 0 0 0 44.5164484228 44.9425904451 44.9698108141 44.8843080337 44.8633095796 44.9743289011 44.8752645559 44.5977129414 45.1471175231 44.7459806334 45.1215980046 44.7511364582 45.1963147046 44.853186918 71.0253222867 61.9431307994 61.9431307994 61.9431307994 59.1309359205 44.6837765432 45.0785465537 44.6915578171 44.9212205319 45.0799517086 44.8199067519 44.692487399 45.0990768487 44.6762630994 44.5869178275 45.0182984846 75.1948689474 44.5784991708 45.2066211975 44.6220221482 44.5907279897 59.328687977 59.328687977 44.8068490859 45.060175495 45.0111199021 44.8638099826 44.8199475783 45.1706613195 44.7668756371 44.7244218197
0 0 0 0 0 0 0 0 0 44.7341037613 45.0118954655 44.8742954953 44.6884057104 44.8183851686 44.9356950471 45.1750562955 44.7525979356 44.7167814949 44.5833069508 44.6746630168 44.6861559148 45.0450914777 72.0869294177 72.0869294177 61.9431307994 61.9431307994 45.1257766753 44.6951720633 44.6877369205 44.5376256269 45.1083307365 44.6238477385 44.8050997605 44.5911556243 45.0506803749 44.5762063726 45.0808549624 45.1511319442 45.0887809213 44.5462754754 44.7607270004 44.9555677894 44.7583728243 44.6961065926 45.2025164367 44.9451302327 44.8418438389 44.708175984 45.0557680257 44.9069271948 45.0756347587 44.8660909149 44.8091672034
0 0 0 0 0 0 0 0 0 0 0 44.5754768676 45.0473190056 44.8102569653 45.1588887746 44.9227858191 44.7672431909 44.7592134988 45.0250975269 44.6000595096 65.2581994923 44.7681056391 72.0869294177 72.0869294177 71.0253222867 45.0619402672 45.0421135989 44.8573211362 44.8149029252 44.5037287314 45.1912705923 44.8290843301 45.1981577236 44.9354190346 45.1996698727 44.516374726 45.0673947993 45.1115328046 45.1246598692 45.137641912 44.6148575924 44.5027777116 44.9464327887 75.513568093 45.1842146189 44.6029901245 45.1130963098 44.8823384308 44.9904172279 44.9678858916 45.1259761856 45.1607796599 44.5467168425
0 0 0 0 0 0 0 0 0 0 0 0 0 0 45.1347597316 44.7297987723 44.6376049137 44.8846699356 45.1937308154 45.0695329117 65.2581994923 65.2581994923 44.6336570452 44.9542232256 44.7940742598 44.5366991491 45.1336162972 45.009038516 44.8011419539 44.7507774653 45.1719232194 44.5840244757 45.0659733413 45.0431295407 45.1071275293 44.5847537048 45.1569777146 44.5598262258 44.9765789337 45.101985037 45.0340423889 45.1971893768 75.513568093 75.513568093 75.513568093 45.0700864625 44.9919586793 45.1940041331 44.8309921712 44.9673648987 44.7068703957 45.1137530985 45.0934155206
0 0 0 0 0 0 0 0 0 0 0 0 0 0 0 45.1072458849 44.9558939613 44.8351177392 44.6601007193 45.1003314074 45.2060750954 65.2581994923 44.9543439456 44.694124453 44.6130123867 44.5655198005 45.1455776445 44.7750235708 45.1820384285 44.9696743268 44.5212621729 44.9799482235 45.1415126457 44.9706034117 45.106931115 44.8230740311 45.2046740216 44.6134821609 45.1552879317 44.5829339728 45.0657641139 44.9844557063 45.1324723474 45.169074401 44.5104933318 44.7631654908 44.7206093836 44.6455533478 44.9787956547 45.126129659 44.6967851333 44.879760554 44.8856327118
0 0 0 0 0 0 0 0 0 0 0 0 0 0 0 44.8182192413 44.5595215664 44.7137510425 44.7977527761 44.5189431911 44.9986234676 45.1200670506 44.5939593785 44.9692777081 44.9882350998 45.0021068513 45.0591529285 45.1229434666 44.500708089 44.7935597059 44.962657086 45.1927150073 44.7878025107 44.7642823843 44.9540120145 44.9522539023 45.1672730728 45.1385701432 45.0600717353 44.7898065927 45.0211537567 45.1668101222 45.144384238 45.1351366053 45.0447926006 44.5328548643 44.6867449742 44.9212653776 44.9234537625 45.0458568495 45.0394221595 45.2015007356 44.921870583
0 0 0 0 0 0 0 0 0 0 0 0 0 0 0 0 45.1131053705 45.0288507201 44.6305330781 44.6129406542 45.0838808485 44.7348182772 45.0427881423 44.5516508798 45.202701151 44.6672625194 44.7624113335 44.6099126248 44.8911681414 44.9575684845 44.6942237829 44.9922645287 44.5510806141 44.9538544992 44.6640041401 44.7592547671 44.7736258261 44.6878860037 44.7319336632 44.5090704135 45.1894868892 44.5463162263 44.8829274935 44.7415833638 45.139025926 44.8956906668 44.9809243928 44.8777087337 44.7215552847 44.7429526617 45.1155663583 44.9252574058 45.0232266102
0 0 0 0 0 0 0 0 0 0 0 0 0 0 0 69.8786241082 69.0791689892 59.3504510694 44.9196852026 44.7663466725 45.0143962762 45.1288171764 45.0404769521 44.82256521 44.8713192818 44.9809877394 45.169539516 45.1286559776 44.7611618593 44.6094722668 44.5259784187 44.9705171922 44.6297935489 44.892667426 44.983329944 44.6519560333 45.0546939776 44.7638733495 44.7447280992 45.1542934513 45.0030224442 44.8628058414 45.1551197985 44.702184038 44.8331315585 44.8252039815 44.8810705907 44.9366269058 44.7314968272 44.9442607588 44.5895399082 45.0020175657 45.0679891126
0 0 0 0 0 0 0 0 0 0 0 0 0 0 61.3988925074 65.379495816 65.8119231441 63.0329185333 44.7060733393 44.7457114559 44.9662333711 44.9670701903 44.8609886299 45.0907756188 44.6078314863 44.7398342131 44.6781783391 44.6510646211 44.8696349833 44.5908309575 44.6479034016 45.1596987349 45.1353247322 44.8988571762 44.9950559079 44.6934357083 44.6750169759 44.9943288558 44.852881518 45.1314194154 44.8541935712 44.7907477221 45.1441647833 44.6644270783 44.9731154426 45.1932702297 44.8119659792 45.187616437 44.6991168621 44.833550964 44.7024659089 44.6580504978 44.896809506
0 0 0 0 0 0 0 0 0 0 0 0 0 0 0 69.7778039744 60.5238542446 61.6558116834 45.0860418955 45.1506619258 44.7548670547 44.5698676022 45.0700994248 44.5376365972 45.1780996856 44.5353087375 45.0740896303 44.7207305021 44.6842092425 45.1142037461 45.1321277283 45.1734126332 44.7108164533 45.0021611059 44.5042802555 44.8674604382 45.134246541 44.6339202269 45.1047551473 44.9299280017 45.0555821942 45.0102703241 44.8456459453 44.7048514907 44.6863587662 44.9274898975 44.5000633466 44.6146554006 45.2009789958 44.6919848329 44.7574928235 44.9955364302 45.080528576
0 0 0 0 0 0 0 0 0 0 0 0 0 0 0 0 0 45.0752977749 45.0097583649 44.9772434334 45.0560842787 45.1545512117 44.5779180585 44.8468163329 44.7174262583 44.5168332649 44.8479849492 45.1060574483 44.6527180506 44.6759899811 44.8094129716 45.1436774246 44.7791045578 44.8878332647 45.1221298316 44.9024374441 44.7975513501 45.1879122604 44.9608644295 45.0139461396 45.0666716229 44.8710177468 44.6250874756 44.7997733271 44.7636817119 44.965769008 45.1914345625 44.8388482629 44.9632415536 45.0724382948 45.1570766327 44.6644904383 45.0851558788
0 0 0 0 0 0 0 0 0 0 0 0 0 0 0 0 0 45.0450490139 44.6813590088 45.1040417582 44.8883354389 44.8135604843 44.8758023258 44.6334631449 45.0385174835 44.7831545912 44.8795067024 44.9439603404 44.8341620755 44.5211931769 44.9685009589 45.0373085196 44.8262220337 45.1985415293 44.5579489297 44.7713647114 44.6963361296 44.5310722312 45.2007278617 44.6108638344 44.992314565 44.9109100197 44.5178894372 44.5366586038 44.63051736 44.9142699045 44.5458071244 44.8829018908 44.9391233623 44.8860824112 44.5754773353 44.5905550845 44.8785425509
0 0 0 0 0 0 0 0 0 0 0 0 0 0 0 0 0 0 44.7018114782 44.6131457604 45.169322303 44.9783986492 44.7327260886 44.8447655812 45.1897534669 44.7988810598 45.0800002079 44.5622188075 44.9243000546 44.9317639668 44.9588855926 45.0054419347 44.5109926032 44.6040280493 44.6631611343 45.130573182 44.5099721085 44.966113967 45.0208457797 44.7489371306 45.0028550551 44.7262035161 44.9110731357 44.6355199074 45.1875041367 44.7860297157 44.5491990799 44.6854063875 44.5786751582 44.9022450213 45.1094995027 44.6423485854 44.9891299769
0 0 0 0 0 0 0 0 0 0 0 0 0 0 0 0 0 0 44.8296897986 45.0238676958 44.5768584976 44.9381674069 44.6008693507 44.9798272649 45.1395736118 45.0526271329 44.5880912287 44.9162074157 44.5854364026 44.7958305317 44.9382846645 44.7205200188 44.791918748 44.5334825161 44.9204816559 45.2037264163 44.9592113658 44.9514683334 44.9377530762 44.8315794948 44.9919207148 44.8769821824 44.9603196502 44.9848426658 45.0685894344 45.172138776 44.5483414204 44.8746116523 45.1149461751 44.7883036969 45.0516937216 44.6296477184 45.0345778932
0 0 0 0 0 0 0 0 0 0 0 0 0 0 0 0 0 0 0 44.8286779654 44.8310564741 44.6891606933 44.8363704063 44.9653135366 44.860606418 44.9177649709 45.2013734126 44.7162876146 45.075610783 45.0898550941 44.9184166249 44.590351114 45.1656304832 45.1302422991 45.1677062504 44.9872386793 44.5459369561 44.5893856827 44.9339542244 45.0414764513 44.9787686593 44.762939552 44.876468351 44.5312254729 44.6889568303 44.5200675526 45.0588928757 45.0774309348 44.841055396 45.1603126737 91.1769804287 44.6827398335 44.6777800675
