Spatial_Output/BAU/BAU_0340.asc
NCOLS 155
NROWS 192
XLLCORNER 196307.867259
YLLCORNER 449144.565805
CELLSIZE 33.573938
NODATA_VALUE NaN
[rows 50 to 74 of 192, columns 0 to 56 of 155]
37.2833673271 36.0697406558 37.3284512129 36.5707649782 36.2696340663 37.1136557952 36.756334731 36.806220348 36.2878268079 36.3040481705 36.3298329299 36.4054073374 36.8481160923 37.373667635 36.8483273541 36.9759970723 36.6462413665 36.8816545198 36.1022651001 36.4848058991 36.0653009492 36.8471333077 36.5411044263 36.3100096135 48.9457620463 59.0570446133 50.1639649683 61.1197525066 37.1489647268 37.4058463489 36.4332095251 78.8394726396 57.579520423 37.0210614042 36.9495421426 58.5594050084 64.6863763293 36.3763866976 74.1702470374 36.9267249674 69.2147085709 36.9804470744 36.0725458389 37.1434817916 37.2197988533 37.3268065896 36.0482138462 37.2481572118 36.1501717475 36.9390617711 36.6215501015 37.0619157169 36.2424832795 36.8923111475 36.3222189642 36.4345232629 36.135233074
36.1434842238 36.3138036843 36.5450903887 36.4105842142 36.5712864399 37.1631195044 36.4510234842 37.1733504991 37.2964068017 36.7851959861 36.4931350667 36.5872259384 36.2402742932 36.2016485809 37.2043634332 36.0193002942 36.1583500624 36.3970025624 36.1240422004 36.8378122803 37.157993695 36.1707306558 36.8970021741 76.8646735452 76.8646735452 50.1639649683 50.1639649683 60.8130170738 60.8130170738 59.361506616 57.579520423 57.579520423 57.579520423 56.0726928957 56.0726928957 56.4182392269 37.2628377453 74.1702470374 74.1702470374 69.2147085709 69.2147085709 36.8656312293 37.3746405024 36.9025861502 37.3851313703 37.1848560534 37.1436366653 36.3282491928 36.1082933571 36.2388481462 36.1926740132 36.7095368147 36.3045898938 37.0455159001 36.0201564429 36.0041742238 36.2947465667
36.3621546669 36.7460029706 36.4133246016 36.5389252861 36.9320223482 36.573985228 36.1872705126 36.7248903603 36.134913921 37.2011969542 36.4429140167 36.7895451018 37.3363853294 36.1610464807 36.3400767459 37.3678291584 36.0551214648 36.7198404923 36.6840856852 37.4075765892 36.6403612902 37.1674178401 37.1350936047 76.8646735452 76.8646735452 50.1639649683 50.1639649683 50.1639649683 59.361506616 59.361506616 64.8449932977 41.434257731 41.434257731 56.0726928957 56.0726928957 50.6170442595 50.6170442595 74.1702470374 74.1702470374 74.1702470374 36.2121595481 36.8399324749 37.2413386307 36.9119377663 36.1623604021 52.7655309745 61.7127737432 61.7127737432 68.1550024573 78.073926348 64.484243358 61.8200764677 37.1527304169 61.4324824824 64.4008985065 36.1509047138 37.0571880532
36.7897953693 37.1354908611 36.8683715033 36.5341362305 36.1753243017 36.7732923142 37.2916840306 37.1555755895 36.8407320619 36.3602779945 36.6227988563 37.0128934665 36.5332834765 36.5958325591 37.3055410814 37.3734574403 36.2648307676 37.2449470267 36.8680613101 36.0397565324 37.0069507336 36.3603616424 36.0887021634 36.800578569 76.8646735452 59.4105157697 50.3802829782 55.41496831 60.8130170738 59.361506616 52.4757326569 72.6012179925 72.6012179925 56.0726928957 56.0726928957 50.6170442595 50.6170442595 36.1622770666 36.0383338051 36.4880378678 36.9361977039 36.923031445 36.8242017714 37.3727465162 37.3337226979 52.7655309745 61.7127737432 61.7127737432 68.1550024573 36.697503002 64.484243358 61.4324824824 61.4324824824 61.4324824824 64.4008985065 62.190513138 36.5976528072
36.9329822797 36.3166242261 36.3452564174 36.2932421157 36.9383055291 36.5330688893 37.4045422699 36.1497966531 36.5951608245 37.3446365708 36.1913519628 36.1124539352 36.1640932339 37.3201700548 36.9112055699 37.2318115359 37.0179357218 36.3539568647 36.9949629404 37.3537881615 37.0847149373 36.5808537692 36.9490851398 62.0555570363 62.0555570363 36.250489238 37.1181311605 36.2270652331 37.2299228669 36.8366241394 37.3213911381 69.7879967262 72.6012179925 69.7879967262 36.1790060093 50.6170442595 37.3116355718 49.2352716261 36.9186349294 36.0070202734 36.7179488829 37.117957855 37.0255831982 36.0616546593 36.8563704421 52.7655309745 80.429783449 36.7499395995 36.1811300776 78.073926348 64.484243358 36.0720980622 61.4324824824 64.4008985065 64.4008985065 36.3068764879 62.190513138
0 36.017553168 36.4819577913 36.3070850282 36.8983101264 36.2748931259 37.1070441495 37.3364196056 36.612976369 36.334396804 37.0782457472 36.5080745346 37.1826954793 36.3774135793 36.1084170694 36.464012996 36.3767959762 36.0166642878 36.7157084653 37.0481952682 36.3871540003 37.0318573417 62.0555570363 62.0555570363 62.0555570363 36.0065308993 37.0799837024 36.6301083326 36.5395928276 36.4656309277 59.80381192 59.80381192 36.4898448267 36.8541971056 36.2947600483 36.3390448202 36.3600013907 36.5063706941 36.8545409184 37.3041608864 37.2400276111 36.0496632164 37.3507555215 36.9940531418 36.5483847028 36.0496094 36.6235999395 36.3874308318 36.7290544652 36.6647280197 36.1972395236 36.7216057773 36.2381765187 36.8542095248 37.0214078868 81.1182655464 36.6497217435
0 0 36.8059522996 36.2032745683 36.6880831311 36.530054344 36.1218455546 36.0858577819 36.5490052084 36.249297096 36.8078305394 36.9568222214 36.3288678506 36.7231390733 36.7543355699 36.7193449716 36.2582797176 37.3818247584 36.2242631312 36.8983810023 37.2672467469 37.0556453002 36.8139440679 36.6501309495 55.3092044674 36.6622870479 37.2250681656 36.6218686059 36.7280486081 36.7252116607 67.25962273 67.25962273 66.3290683345 67.25962273 37.3266150049 36.3369348719 36.514807575 36.963455271 36.6903667683 37.3535821074 36.2979606828 37.262765765 36.7337704873 36.1919603001 36.4441037733 37.0617641052 36.8323050316 36.1533987681 37.1336156317 37.2248291352 36.454054755 36.2634293864 36.2402970265 36.1252097377 36.4244157627 36.0535185965 36.3142300271
0 0 0 37.0154517725 37.0496747002 36.8513506023 37.0142719328 37.0914589616 36.5776986348 37.3357990311 36.1453285148 36.1201514465 36.5474055588 37.2007065416 37.3446911026 36.1389273606 36.6909420574 36.3260829112 36.4476918572 36.2651484877 36.7295677223 37.2522431569 36.0403890515 55.3092044674 55.3092044674 55.3092044674 36.4530471273 36.0061980637 36.1565452848 37.3766949019 36.4028787635 52.3177846507 66.3290683345 66.3290683345 36.583006089 36.4038064375 36.9638349643 37.0813657027 37.1046893157 36.566384972 37.2378357156 59.6128876743 37.0215189264 36.385314056 37.033071757 36.6528704315 36.6618266414 37.3939018839 37.2414002261 36.3529011127 36.0298324688 36.2621884742 36.3127549315 37.359406887 36.3909977457 36.0364157775 37.0668742046
0 0 0 0 37.053385021 36.3297879802 36.6885587794 36.6383523424 36.7701338085 36.5857465876 36.9962293733 36.9567567566 36.8532778667 37.0690868281 36.2583016949 37.0938202491 37.0874235648 36.2321045995 36.7119744508 36.0493953853 36.8336065829 36.577621325 36.9194777963 36.2246842392 63.3336752981 47.4973083123 47.4973083123 47.4973083123 36.7724905001 36.4896852731 36.5772653623 66.3290683345 66.3290683345 66.3290683345 36.1452641337 36.6188082523 36.6756454373 36.9549540626 37.0422767746 36.6255117373 36.8766248594 36.8592214655 37.0798094737 36.3341319349 36.8014526907 36.665161294 37.2667102689 37.1804936852 37.3265011463 36.6509923759 37.2761755009 36.9384660669 36.8445807728 37.1311140243 37.3957616388 36.064522785 37.3840212052
0 0 0 0 36.9366751908 37.4009757379 36.7388014759 37.3903555266 36.3521713908 36.9932562133 36.9339521709 37.0875814207 36.3572247846 36.572170496 36.6430314431 36.4011066361 37.206775751 37.2360177213 37.2742257137 36.5056352274 36.060347811 36.8294784329 36.2181779358 36.0134607808 57.2566632064 47.4973083123 47.4973083123 36.369365939 36.8256358046 36.2595626404 37.0634393427 36.5686768854 80.8381270802 36.2274429067 58.3242898371 37.2637782405 78.0687714456 78.0687714456 36.1951477136 37.178017657 37.2607412347 36.5477704341 37.3477670881 36.7233833105 37.1980358865 37.2565392113 36.8044719543 36.9722070574 36.281881157 36.3902542141 36.1024113639 36.2648759941 36.4031979637 36.2073639798 37.3998507135 36.264067392 36.7489456344
0 0 0 0 0 36.286984578 36.0877346085 37.3789692911 37.2332022636 36.418994645 36.6684659211 36.4537965297 37.2753258476 37.1667679562 36.0831170258 37.3199747814 37.172586586 37.333043579 37.0025888417 36.9851983527 36.1745869544 36.895104232 36.646567862 37.106684368 36.0799552799 69.6186237729 36.2698828905 37.3130750845 50.6485289115 36.8858427371 36.7811597052 37.1889513558 36.729324739 60.1377446423 58.3242898371 58.3242898371 78.0687714456 36.8262669965 37.028554873 64.6078663895 64.6078663895 64.6078663895 64.6078663895 37.1160763951 37.3186198582 37.2470085136 36.3049728315 36.183907207 36.7913199523 37.1138938964 36.6764043137 36.6582853719 36.3282367031 37.2430974566 36.3732304601 37.3102392594 51.175401777
0 0 0 0 0 37.3997105788 37.1412966185 37.0170036919 36.281800116 37.0801092086 36.9798671394 36.367759975 36.4234321012 37.2611630568 36.6043024894 36.2402412977 37.3212929179 37.0198034902 37.2842909142 36.1694284618 36.5145596832 37.2543898333 37.2853600885 36.7076728121 37.3984125433 36.186377966 37.06250827 36.2667281941 65.3702891461 36.2150529796 36.789837055 37.2034725006 37.280997808 36.7321529409 58.3242898371 37.3225232854 78.0687714456 36.3679425068 36.1464932174 36.6187244016 64.6078663895 64.6078663895 37.2975039504 36.4112233182 36.6699116315 36.642399174 36.3862747244 36.4588659045 36.6892262934 36.1753359252 36.2037625259 37.2567210318 36.5981147971 36.6718716105 36.5693257873 36.6412131421 36.3730231578
0 0 0 0 0 37.3338946919 36.9913456212 36.8223699505 36.429311807 36.7649814827 36.5170488934 37.3532374406 36.7765610466 36.3790249762 36.241677036 36.1771145171 37.3821261016 36.3898559233 37.0277830114 37.0122623961 37.3025377287 36.4334523144 36.9885101296 37.081114375 36.4069658846 37.1943988168 60.2670973734 60.2670973734 60.2670973734 36.3715549891 37.1778574639 36.8705165762 37.0010171595 36.6202536141 37.0648205104 37.2489288598 36.8133143466 36.7626609866 37.248459826 63.3366007206 63.3366007206 36.9210633043 36.614417562 37.2335618832 36.9783164746 37.1481608402 37.2744993803 36.2112294696 36.381429004 37.3255074207 37.2538286391 36.0908855477 36.1654575542 36.0491428589 36.0135585021 36.7527334844 71.2373182173
0 0 0 0 0 0 36.5304575113 37.2656551685 36.7334049073 36.3529330531 36.4664986305 36.585100676 36.6033203229 36.6869697549 37.361166375 36.2965527471 36.3109518878 36.2716975589 36.8611624288 37.1304062262 36.5092988979 37.3415145428 37.2006523859 36.866850372 36.6553362438 36.3300516252 76.2616300248 44.551615935 76.2616300248 36.7930593966 36.5537861953 36.3254444528 37.4001383276 36.4092749114 37.215706612 37.1865785275 37.3515912443 36.4664368231 36.3427276287 60.6514978272 60.6514978272 60.6514978272 81.8959333471 36.4494728101 36.168923428 36.3912054376 36.6131294527 36.8725625748 36.6512492007 37.1822495639 37.0682313041 37.030682723 36.572266162 36.6981164476 37.239927929 36.7517022174 36.6333989895
0 50.6543402332 50.6543402332 60.3586112507 52.0212310338 50.4794441171 50.4794441171 36.4851761507 36.7779709161 36.3697016007 36.7097895452 36.3338278632 37.3910162086 37.3104055371 70.7561058445 37.2359345023 61.8510992623 37.4128881745 37.1749579028 36.4754636489 36.4055264638 36.0792185601 36.6032805384 36.0455292352 37.0836310436 36.9236985429 44.551615935 44.551615935 44.551615935 36.6067891977 36.6328431295 36.7455547703 36.7284707079 36.1202539089 36.5693982252 36.4336006972 36.791220346 36.3513063761 36.8260723183 37.3492780346 60.6514978272 60.6514978272 36.7170910936 36.294106194 36.8532207728 36.3578649919 36.8677376253 36.0558442294 36.2592347649 37.3876040631 36.7612399377 36.2571952294 36.9050834927 37.2015341137 36.7412048608 57.2696393507 36.2755785204
0 50.6543402332 50.6543402332 52.0212310338 50.4794441171 50.4794441171 50.7170180899 50.7170180899 36.16769424 36.0529632347 52.4537433094 36.3168024553 50.2027273307 36.8652478724 52.5124056879 61.8510992623 61.8510992623 56.9579916601 56.9579916601 36.0399581452 92.046468358 92.046468358 53.7529079993 37.3980415292 63.8318572138 55.2922320101 55.3278317174 44.551615935 55.3278317174 37.3389022158 37.2767734542 36.6255437869 37.2788867362 61.8140493599 37.065000262 36.3164116804 36.6719032312 36.3057945792 37.3279366384 36.9557360147 50.7360635975 50.7360635975 50.7360635975 36.308508525 36.1407635941 36.7064901153 36.8222031173 37.3393761777 37.1516878706 36.5725910231 36.7247371786 37.3868391964 36.3729719317 36.4670299359 36.7308005589 80.3094884312 80.3094884312
0 60.2311324439 50.6543402332 60.3586112507 52.0212310338 50.4794441171 50.4794441171 50.7170180899 52.7561209508 52.4537433094 94.3016520385 36.4502351096 36.4607435651 52.5124056879 52.5124056879 61.8510992623 61.8510992623 56.9579916601 56.9579916601 92.046468358 92.046468358 92.046468358 53.7529079993 55.2922320101 55.2922320101 55.2922320101 49.8450537191 55.3278317174 55.3278317174 53.731422828 36.2426993589 79.8577556006 36.250174893 36.2166656017 36.2962266895 83.6617323331 71.7775116864 69.314675768 65.7343841689 47.7870575233 50.7360635975 50.7360635975 62.9215202942 37.394548654 36.9239183345 37.2399117862 36.2471866331 37.3698322455 37.0535474798 37.0307205254 36.2984612256 36.5882624712 36.6578206927 36.5067753812 36.5148741483 36.77245566 36.7166185567
0 51.5703598369 51.7759342734 51.7759342734 51.5517096604 94.4400092413 51.6637793261 51.3503969512 70.3784651087 70.3784651087 51.0757737225 36.3191250003 36.0475785863 72.7020468349 52.5124056879 52.7256153775 61.8510992623 56.9579916601 62.1523315664 65.3712440366 92.046468358 92.046468358 62.2731398508 62.2731398508 55.2922320101 55.2922320101 56.8228707422 63.1215530239 53.731422828 53.731422828 79.8577556006 79.8577556006 37.1342160755 68.6029527861 83.6617323331 83.6617323331 83.6617323331 69.314675768 69.314675768 62.18931893 36.9414705 62.9215202942 62.9215202942 69.6038875048 69.6038875048 36.6586056951 36.102341088 36.6687206346 36.0775597074 37.3772676464 37.3221991403 37.3339266081 36.2823772904 36.4599554069 36.9235474446 53.4474394828 56.4898574501
0 51.7759342734 51.7759342734 51.5517096604 51.5517096604 51.5517096604 94.4400092413 51.3503969512 70.3784651087 70.3784651087 51.0757737225 36.6546517845 72.7020468349 72.7020468349 72.4620569164 52.7256153775 52.7256153775 36.8603935711 36.2838791775 59.5692536729 65.3712440366 36.3711932623 36.7264738376 62.2731398508 62.2731398508 61.9031986815 63.1215530239 63.1215530239 58.0749704258 53.731422828 60.7267439416 79.8577556006 36.7514025413 76.4581289214 36.5738277718 83.6617323331 71.7775116864 69.314675768 65.7343841689 36.7521166791 47.7820383187 47.7820383187 62.9215202942 69.6038875048 69.6038875048 37.2350664944 36.3149816226 36.1730764537 37.0072317403 36.912723053 36.5648505683 37.1111354796 36.7193556777 37.3474854983 36.7716203642 56.4898574501 56.4898574501
0 0 51.7759342734 0 51.5517096604 94.4400092413 51.6637793261 0 51.3503969512 70.3784651087 94.3016520385 36.8109924924 37.2966702217 37.0746914737 36.898686021 72.4620569164 52.7256153775 59.3821013184 36.1013685451 37.149961558 36.7295857567 37.2997232538 36.2408178739 37.2448502399 36.1903328887 36.1716121325 36.1983418104 49.4353873681 49.4353873681 49.4353873681 36.478271952 36.9616440594 36.411416261 67.4259155711 67.4259155711 67.4259155711 36.4471561755 36.7635845706 36.4962326386 36.3493047119 47.7820383187 47.7820383187 47.7820383187 36.4433762937 37.3261996582 36.6534643279 36.7353384864 36.8093221854 36.963701416 36.7890518679 37.0924337108 37.3790638461 37.2922285879 36.5965351754 36.775917111 36.0931709528 56.4898574501
0 0 0 0 0 0 0 0 0 36.7895049554 36.4075873981 36.0481251778 36.8163737827 36.7884664677 37.2179394165 36.5574264768 36.7388266799 37.2742914049 36.6261475226 36.3683530436 37.3331838374 36.0719398582 36.0583449627 36.4299646717 36.298703176 36.1324572945 36.2526260133 49.4353873681 49.4353873681 65.8310781199 65.8310781199 37.1450285634 36.6495754019 36.3325805331 36.7591291976 67.4259155711 36.1667649927 36.4873910892 36.0392138219 36.3310295924 67.4709540197 86.0346933123 45.7460946161 36.032801935 37.0672952229 37.2556424397 36.9585017135 37.3644889395 36.1913213534 36.5088572704 36.6280229348 37.3694431509 36.9130205395 37.0828924391 36.192220834 69.4562193475 69.4562193475
0 0 0 0 0 0 0 0 0 37.0961542057 36.1461804578 36.0060911238 37.1375588582 36.6870851518 36.0839059828 36.0238770427 36.9436520034 37.3368468765 36.4419144752 36.8420043195 36.4667684941 37.4121156524 36.6234531327 36.8899177889 37.3636499206 36.1450800747 36.7123577373 61.9524846869 65.8310781199 65.8310781199 56.8130454308 36.3441488497 37.2362747779 36.2849172827 50.433960371 50.433960371 50.433960371 36.9999438121 36.4157197888 37.1235129771 86.0346933123 86.0346933123 86.0346933123 36.9937017128 37.3981840088 36.1743542529 36.7904474266 36.3227877793 37.0155094648 37.098501555 36.3613456399 36.3408922266 36.7860259738 36.9703409372 36.8247689137 69.4562193475 69.4562193475
0 0 0 0 0 0 0 0 0 37.1750660397 37.4055933845 36.2614333835 36.4134159141 36.7375302813 37.204979779 36.7979587766 36.0840542216 36.2899688762 36.3933298333 36.3938804155 36.6477974291 37.1782048466 37.3892727425 36.5579896152 36.6066353884 36.3643607794 37.188526693 37.1466532464 61.6676970181 79.9635017408 79.9635017408 79.9635017408 36.1077584275 36.2617657503 36.4281528971 50.433960371 50.433960371 36.448012152 36.5975766293 36.6551289334 86.0346933123 49.4088909073 49.4088909073 36.8902905483 37.0700660077 36.1402659938 36.3597883908 37.0806367918 36.6079806469 37.0305603651 37.1902807607 37.1504615971 36.222341242 36.4059557018 36.5718289465 36.1862709507 36.9969050279
0 0 0 0 0 0 0 0 0 36.8432859963 37.0102268428 37.3723932908 36.7394983256 36.6609979444 36.0367632682 36.4128227784 36.5535912406 36.8543079966 36.2385454558 36.0076047182 36.1155562304 36.3888309539 36.936975883 36.3196143329 37.2886766693 36.2133203483 36.7422712884 36.6801434473 75.6956947638 79.9635017408 79.9635017408 36.5279865854 37.1435009692 37.1436676067 36.5113101293 59.773005168 37.3908304586 36.4207793352 36.4474387291 36.3082622619 49.4088909073 49.4088909073 49.4088909073 49.4088909073 36.0079968849 36.4892015215 36.3361064204 37.3312856966 36.1480727662 36.6499059317 37.1334263506 36.2865725372 36.6998873349 36.397497158 36.3144199706 36.642324377 36.3317645746
0 69.2314019752 80.1236992038 0 58.3068292644 72.2944043687 68.3628347603 0 0 0 36.6954566994 36.3489770302 36.8658538176 36.5587488464 36.815316312 36.44976421 36.6631173247 37.3301797033 36.4977397123 37.1198323416 36.8583405387 36.032659066 37.280486903 36.0541374469 36.0329231449 36.7894552409 36.0378531504 37.1414095168 57.1082075165 61.7359638106 57.1082075165 36.8539850826 37.0678773326 36.8515909408 37.0177243653 36.8739388624 44.6064256949 44.6064256949 37.370508967 36.014104819 36.636692727 61.2122845714 61.2122845714 37.2734569626 36.6636874119 37.0065064884 36.6968067125 36.4547184702 36.517833516 36.8582691287 36.6581334589 36.9217805774 36.2717735038 36.2471256039 36.5724562278 36.0475248899 36.8669408907
