Spatial_Output/BAU/BAU_1333.asc
NCOLS 155
NROWS 192
XLLCORNER 196307.867259
YLLCORNER 449144.565805
CELLSIZE 33.573938
NODATA_VALUE NaN
[rows 25 to 49 of 192, columns 0 to 55 of 155]
0 0 0 0 0 0 0 0 0 0 0 0 0 0 0 0 0 45.4552721243 61.7286848938 52.4656277188 56.0259569803 56.0259569803 24.3937052535 60.3600568812 60.3600568812 50.5551364669 50.5551364669 62.3566047224 33.100028583 34.1953723308 33.6068396748 33.4375436201 33.870279015 33.9424959371 34.3835759442 33.8928074648 33.6706559418 34.2714142742 33.5546633486 34.2895096717 34.4064753458 33.2041536897 33.3498139912 33.8207748155 34.2244972152 33.3402555334 33.9991897189 34.0544754484 34.2428912701 33.0754270965 33.9426485983 33.501419125 33.860569807 34.0746392668 33.8321758639 33.3499529112
0 0 0 0 0 0 0 0 0 0 0 0 0 0 0 0 0 0 70.8543547081 70.8543547081 0 33.9612125668 33.234888721 34.2484532243 79.6292299171 50.5551364669 63.9691005124 52.6690714514 52.6690714514 33.2156828247 33.3352667398 33.5866225705 33.1611845296 34.3804988051 33.9956627739 34.1012587151 33.7313577941 33.3303798032 33.9398603854 33.1517988882 33.6235556666 33.1516664445 34.1494348976 33.1228439141 33.4670314613 33.0374222461 33.1493169985 33.0307103919 33.6021556473 33.3157344425 33.3436553886 33.6177735879 34.0499363732 33.9356071785 33.1023172628 33.0897306583
0 0 0 0 0 0 0 0 0 0 0 0 0 0 0 0 0 46.8223833708 65.4246173155 34.07720839 33.7671944152 33.1641247592 33.5508091652 33.9424938655 33.0433467919 33.7843301619 63.9691005124 52.6690714514 52.6690714514 33.3750022963 34.05609084 33.8184338164 33.6279074229 34.116313626 33.3248735398 34.1586858337 34.1833458223 33.3459430938 33.4971770807 33.1822211619 33.0679661634 33.86491373 34.2092775747 33.6275580407 33.3467052431 33.9344678562 34.1609383407 34.3528761751 34.3319895353 34.1024519111 34.1307734177 34.3845443976 33.6663735854 33.0893024483 34.1525185365 33.6126768186
0 0 0 0 0 0 0 0 0 0 0 0 0 0 0 0 0 65.4246173155 33.0335431296 33.0152550182 33.6666308397 34.0799504237 33.64293906 33.9576679189 34.0092537935 33.3377376519 63.9691005124 52.6690714514 73.3193854101 61.5417860411 61.5417860411 61.5417860411 33.1035035233 33.8915478609 34.2472647978 33.2233982275 34.0946255225 33.6203119065 33.507404848 33.1185184535 33.4776532218 33.7952880269 33.7782727485 33.7081168415 33.4677192329 34.0364997445 34.0810308003 33.949421931 34.4048354446 33.0797892844 34.3816308144 33.9467138749 34.2381458389 34.2257533277 33.092969418 34.2692794988
0 0 0 0 0 0 0 0 0 0 0 0 0 0 0 0 0 33.7472089148 34.2042463351 26.0759438813 19.7995370396 26.4726473342 33.0196715691 33.6261965541 33.7302045194 33.5233937127 33.8939154358 62.545937171 33.5793760832 61.5417860411 61.5417860411 53.2660454475 53.2660454475 33.2555720427 33.4262898722 33.8708015053 34.3103575809 33.1578169367 34.3389231658 33.4995258074 34.069369766 33.8995738887 33.9882309546 33.9082602732 34.0367621893 34.2014041908 33.0353080537 34.1363344869 33.1120369642 33.2968514778 33.8523815959 33.1613212112 34.4019887656 34.1965541721 33.4940546238 33.1676740613
0 0 0 0 0 0 0 0 0 0 0 0 0 0 0 0 33.5966065063 33.7771601589 33.945384945 27.275719432 32.628515294 23.6049509744 34.2364207199 34.2131068757 34.3517297843 33.7870406141 33.9351552313 33.1139861041 33.5912356515 48.9457641163 61.5417860411 53.2660454475 53.2660454475 55.3263263146 33.6474277396 34.1842003024 33.1206532662 33.4495978571 33.0476019007 34.3146494143 33.4749745253 33.54254821 34.0739158938 34.0663167983 33.0106716472 33.8217573256 33.4654767723 34.3018571523 33.7847063198 33.0623656627 33.8809154523 34.0990180125 33.6433179263 34.1561316017 34.1542888327 33.9538054476
0 0 0 0 0 0 0 0 0 0 0 0 0 0 0 33.4537683838 33.6315798012 33.5871132457 33.7732334072 26.447140538 21.6634790193 18.7477539265 12.8595315237 33.2762353189 34.2667381958 33.8799276911 33.3159814879 33.1412790547 33.8706276927 33.4065572402 53.2660454475 53.2660454475 59.7019103713 57.2327212411 59.7019103713 33.6858519664 33.8125886121 34.3784906769 33.7310220167 34.0864228052 33.5987179695 34.3064319464 34.1833512736 33.016078466 34.1783738759 34.0836768545 34.0120552621 33.4495398944 34.3614117678 34.192887996 33.7089405938 33.2204962223 33.4961240078 33.5815698402 33.146978701 33.1691040607
0 0 0 0 0 0 0 0 0 0 0 0 0 0 0 33.3637230866 34.3051731868 33.7889730216 34.2894593868 17.3476348127 30.0551119929 10.8213509815 25.5814037211 34.0715806142 34.2982164443 33.6402727354 34.0341126356 33.3083413593 34.3417731399 34.3090240388 34.0429522184 33.8420515231 57.2327212411 57.2327212411 57.2327212411 45.6659951959 33.4434468283 33.105492912 34.0362797124 33.1535589444 34.1898427691 33.0054142038 34.057081841 33.3161162879 34.1125478053 33.7165215961 33.8322181043 33.3692017391 33.823268299 34.2396064332 34.2143216078 33.3810406209 33.3976383932 34.3699114879 34.0319054319 33.6789902942
0 0 0 0 0 0 0 0 0 0 0 0 0 0 0 33.0188350114 34.199960476 33.7228695023 34.3013851857 33.5625708849 14.470616709 28.8577666169 25.4722172977 68.1579292441 33.253975514 34.3054127387 34.3941340542 33.2769892638 33.3899014662 34.3609680508 34.390490621 33.7012723941 33.1007356478 33.6739895331 45.6659951959 45.6659951959 68.5424654339 49.5761765329 34.0974845406 34.3917648518 33.5691965282 33.3199823137 34.2624023537 33.6292474318 33.44766746 34.3992414901 33.1751015773 33.2422214625 34.1305127923 33.0291596529 33.4877848121 33.6055440016 33.0462768 34.2749244219 34.3368982851 34.2426039995
0 0 0 0 0 0 0 0 0 0 0 0 0 0 0 33.7929385653 33.2283217549 34.1839787775 33.5148105415 33.3046334699 33.241102898 33.4537910283 68.1579292441 68.1579292441 33.1882898142 33.1379781178 34.257474677 55.8124286249 33.4816432139 34.3335121889 33.2732600801 33.7173271409 34.2110504719 34.413304665 54.8470567814 68.5424654339 42.1189507934 42.1189507934 33.1256462265 33.7798009514 33.8420829853 33.4939987532 33.7370730635 33.8638277831 33.9502345911 33.9751958206 34.0866815094 33.2111764087 33.8377589907 34.2358011881 33.7371560065 34.227980963 34.3251304936 33.0431509899 34.081923203 33.4588597493
0 0 0 0 0 0 0 0 0 0 0 0 0 0 0 33.7719472085 33.4985521889 33.7878323537 33.4652470968 33.2172106405 33.4311163801 34.3808604362 68.1579292441 33.9152626776 34.002548153 33.2304088843 55.8124286249 55.8124286249 52.669375984 34.2127161439 34.4057546015 33.7269672929 33.6031218819 33.0951890507 33.2808510321 33.4304281497 42.1189507934 42.1189507934 33.817283262 33.1751924319 34.3092430203 34.2195098396 34.2402462551 33.116782226 33.9374876861 33.1795006193 34.1406736353 34.1667937014 33.3115718667 34.1540797987 34.3828825848 33.2607934917 33.7184561427 33.677582617 33.1448945766 34.0035957146
0 0 0 0 0 0 0 0 0 0 0 0 0 0 34.0735799686 33.1035489402 33.3732189553 33.1855406514 34.2878761462 34.3015850283 33.0535333727 33.5639103143 33.6967025396 34.2219672587 34.3897300088 55.8124286249 55.8124286249 55.8124286249 33.8176110344 72.7034679709 34.3043650589 34.1544988245 33.1493840141 33.3425939072 33.9058183783 43.9276538894 43.9276538894 73.9373890171 34.1008189612 33.3057637561 33.2778169936 33.6589534685 33.4194717002 33.4504550765 34.2641249742 34.3499638136 33.3256637728 33.8339803063 33.4227581187 33.0145131721 33.8413363608 33.6289176632 33.5049857439 33.5178814193 34.0213679367 33.0443136137
0 0 0 0 0 0 0 0 0 0 0 0 0 0 33.5914357573 34.1482333097 33.137642466 33.3607837349 34.0703811027 33.8117423249 33.6664534805 33.7939585581 33.5054927637 34.1064539449 34.3454600579 34.1777163151 33.1052246271 52.669375984 33.067804998 33.2974013745 33.4698713233 33.4170863497 33.8811424264 33.8872811138 34.1307456948 33.3184565422 73.9373890171 73.9373890171 34.356461018 33.4582153438 34.1739286391 34.2471585488 33.9680606841 33.984632101 33.0635987323 33.3615371079 34.3563133182 33.5666156674 33.3506105543 33.4475532056 33.1687027911 34.0983012306 34.1133448746 34.3358674469 33.3736193319 34.0170713988
0 0 0 0 0 0 0 0 0 0 0 0 0 33.2464031708 33.1591097346 33.5273174687 33.7764869154 33.6512662282 33.9113717507 33.8501222242 34.2713000737 33.7791548762 33.3033754422 33.6526948637 33.2086213902 33.5722621506 33.8187213218 33.5255193492 34.3031317189 33.8717591991 34.0943303314 33.8792116117 33.4657896904 33.1201218247 34.3043849605 73.9373890171 73.9373890171 73.9373890171 47.4253542951 73.8015341785 34.2639656473 34.2746124082 34.31184048 33.7914271701 33.388331869 33.2699815768 34.0355671887 33.1112743287 33.4907776028 33.755507493 33.3489538319 34.3181854757 33.7708198108 33.887480883 33.0301867363 33.6663214468
0 0 0 0 0 0 0 0 0 0 0 0 33.7023359224 33.6226870676 34.3503063883 33.7869320661 33.0036277808 33.3031248195 33.9640105921 33.9597006024 33.908895097 33.9680461765 34.3244237748 34.0104037529 33.5537243817 33.0938084874 33.4316002514 34.2112760239 26.572503137 12.4171843996 31.9598405319 34.1088117313 33.8855557131 33.7895120938 33.6371149191 33.0656587842 47.4253542951 47.4253542951 65.0338622204 65.0338622204 55.3674124332 34.3803705403 33.6764103331 33.730375668 34.2557101505 33.9534360084 34.0470159321 33.4479255843 33.8615403487 33.9446310341 34.3053741936 33.0686029955 33.0805566209 33.4945432501 33.9368925407 33.0135353395
0 0 0 0 0 0 0 0 0 0 0 33.2454386636 34.3826797755 33.1544962132 33.5439083351 34.4138319387 33.2037985394 34.1867099719 33.1861287396 33.6910065159 33.5812333969 33.4778149091 33.3577964525 33.7966007619 34.2784967206 33.1744706886 33.4219688115 34.3013916283 28.3209416318 27.2874046716 32.1972294563 33.3899476517 33.4298353038 33.7930425952 33.0537909833 33.7009806083 34.0471514921 58.318919464 65.0338622204 65.0338622204 56.6364723558 33.7822348729 33.3690613004 33.0844003302 33.1952340551 34.2544065495 33.7498877974 33.0707588587 33.7035239423 33.1101742102 34.3085883732 34.260800086 34.3149001545 34.0664469727 33.9923258551 34.1018350275
0 0 0 0 0 0 0 0 0 0 33.9359368978 34.0145250331 33.6269678713 34.0707351169 33.8476577122 34.0033380622 33.827110663 33.9840405851 33.6784069301 34.020341683 33.4118261589 33.5507676194 34.1268428569 33.6935295012 33.8998346005 33.669796633 34.0985499506 33.1147770871 27.7590513912 26.4949350483 24.0642600676 33.0980699991 33.0633174214 34.2524969149 33.3971416327 34.3554564457 34.140876448 65.0338622204 65.0338622204 56.6364723558 33.6613861519 33.9716095079 33.9090304087 34.1465739347 33.8107395046 33.0845855938 34.4135318287 33.1720323402 33.1022617496 33.2383256772 34.3068165946 34.1255279173 33.048699952 33.9367537375 34.3156010923 33.8662371644
0 0 0 0 0 0 0 0 0 0 34.0724213865 33.0251169109 34.3917524919 33.8594364709 34.3905440506 33.7360913207 33.0609333142 33.2265733745 33.3556559654 33.5776200635 33.0188780613 34.2435833267 33.332877856 34.3877533427 33.0779695133 34.3002402318 33.816871954 33.4185722856 14.7742518011 30.6708649724 23.4859841824 33.2858461049 34.2050900199 34.1365367707 34.0556250408 34.3029114872 33.3166951931 33.4688929436 56.6364723558 81.1471747405 81.1471747405 34.1912603329 33.4335398235 34.3642730029 33.7591150675 34.1308520677 33.2720526976 33.9434216306 33.6241551672 34.3856170497 33.4138087157 34.3786359292 34.1549174405 33.9002686651 33.2627198807 33.0864005543
0 0 0 0 0 0 0 0 34.0214325149 34.388234301 34.0918129568 33.2459718333 34.1396198102 33.2828308323 34.0943879864 34.2312932318 33.4744457334 34.2573406344 33.8499950122 33.3883207376 33.5777373382 33.0447568394 33.2770054567 33.8006342566 34.2188509018 34.3297766133 33.3284251331 33.5979744359 34.0072203221 33.7365676781 33.1648138057 33.1296805375 34.3840605962 33.8366156679 33.599093726 33.3730668922 34.2831135682 66.2541605955 81.1471747405 81.1471747405 81.1471747405 34.0761497312 33.1659048546 34.0328561172 33.1383899463 33.6818563666 33.9558518589 34.3458630353 34.3889495839 33.1152303738 33.9494365191 33.3396290167 34.3312989833 34.2909188035 33.6671400528 34.3067615753
0 0 0 0 0 34.1845279354 33.0927973111 33.9065304491 33.7943936159 34.0790188984 33.3867667353 33.8571530619 33.4457025112 34.029564955 34.3575624466 34.2845802076 33.3201664026 33.9466748391 33.5183290605 33.6026602047 33.8296322578 33.3508081628 33.4954472358 33.9083270295 34.3594630759 34.0841557674 33.9227621985 34.3107608651 33.8425855109 45.6846355217 45.6846355217 45.6846355217 72.2707741294 34.3562860168 33.6819305036 33.0130577912 58.621834688 58.621834688 57.6737599641 77.8740578813 33.5451054733 33.2068788225 34.2266402992 33.799470145 34.19997336 33.3450647089 33.0679396692 34.3323488582 34.1781626233 33.3142248739 33.3054666096 33.2936297151 33.5871075946 34.0774300556 33.4910839476 33.9458987826
0 0 33.2513412007 33.8715981471 33.8160212099 33.3831813763 34.0260890507 33.3035235096 33.2056112931 33.231618434 34.1288421917 33.6418145434 33.9687025693 33.5241648695 34.2824035302 33.5306002622 34.3767067346 34.2371422013 33.4093012982 33.3136095142 33.1957547588 33.3067667074 34.1316371043 34.1437286335 33.2945520959 33.4896068225 33.5379850322 34.2539526357 34.1887067568 33.8836585488 45.6846355217 45.6846355217 34.3299337984 33.2457912057 33.493961177 33.5092639692 58.621834688 58.621834688 58.621834688 57.6737599641 33.9398236637 33.3840016051 33.4270304729 33.8903687779 33.632986125 33.3002734362 33.8009781252 33.7780078691 33.9289429223 33.6317516476 34.4033867094 33.785658986 34.220526122 33.2248920927 33.6933014806 34.0200294636
0 33.7853718009 33.4279931607 33.8590163883 33.7210353448 33.5967932114 33.5699955196 34.1670378112 33.0078408448 33.3118548354 33.0244279894 34.1688788499 33.8177654666 33.8905326562 33.2559742213 34.0587484789 34.3719393257 34.1002102963 34.1451272626 33.53509573 33.6522977005 34.1329610183 33.6227068768 34.1117733783 33.5198687188 33.4648165785 34.1992654905 33.1178614169 34.303515329 33.9334499894 33.8346048816 65.711612595 65.711612595 33.8339676899 34.2379352038 34.1282759516 34.1851081475 33.2022561023 57.6737599641 58.8722330472 33.0533448284 34.0654879405 34.1318528471 33.1818011518 33.7210149279 33.7891775969 33.8768865873 33.8790902483 33.6846075547 34.0395933934 33.5448265535 33.0081839195 33.4794037546 33.4978217999 33.0175387014 33.9451248183
33.2297620676 33.1249593332 34.3057165422 33.5667408766 34.3180396479 33.6518751824 34.0640159715 33.5047475794 33.6947516815 33.4589893039 33.9738159746 33.141887951 34.1202623654 33.0781142304 34.4053082656 33.4886791482 33.119041391 33.0909966295 34.146244389 33.0345488643 33.1453776707 33.3288563015 34.1346802901 33.265532302 33.6671305108 33.6232488605 33.2846172911 33.9340703588 34.2913325761 34.1807392408 65.3840052067 33.6777245788 33.7168483996 33.1806220956 34.3344625256 33.2766313558 33.9999907514 66.3411705576 66.3411705576 66.3411705576 48.855753083 33.7794511043 33.1795952098 33.863453878 33.7226330604 34.2277692142 33.7640606952 33.2571503451 34.3680459641 33.7904487881 34.2290612699 33.3300459679 33.1232798483 33.0794871625 33.6621583923 33.2444831147
34.0203290061 33.6877928873 34.2050957161 34.2283567207 34.2657812935 33.0578644427 34.2801495833 33.3747257381 33.9940267034 33.9372915755 34.0952131336 34.3648338799 33.0733452405 33.0515699378 34.0273210823 33.2552590477 33.7388345367 33.5531130877 33.5486986196 33.8876427614 33.7896515658 33.1464001198 33.1120033377 33.8660604728 33.8967670113 34.2772816726 33.7802813994 33.3394552464 34.130467721 33.8753709785 65.3840052067 69.3015945399 33.5390229765 34.2264718285 45.4842224475 45.4842224475 33.2381458482 34.3484366177 66.3411705576 66.3411705576 33.3885970707 34.3384905013 33.7482511071 34.1537623837 33.1402260656 33.948082953 33.7379448454 34.3038035412 33.5462887769 33.1100367273 34.1068873027 33.9790632008 34.1331750793 34.1389727341 33.7223790296 34.3246697403
34.075826834 34.0215470046 34.4022151198 33.794816044 34.1902287609 33.8819742182 33.5210118603 34.233879883 33.3817573984 33.2402293915 33.9232753676 33.0994542522 33.1487018726 33.5622548782 34.0075558972 33.6540350503 33.052715665 33.9198521167 34.3592988766 34.3326150591 33.6953091529 33.9277467452 33.2156461077 33.0600192185 33.3715638332 33.2467915062 33.7204775301 33.8566542611 33.3237862157 33.0263543776 34.1309415907 34.1717686358 34.322906343 34.381737154 45.4842224475 45.4842224475 82.5835068072 69.723896175 69.723896175 69.723896175 69.8403073269 33.8445778914 33.3846535443 33.2900900917 33.3633067763 34.035001982 33.1401791102 33.7782216554 33.2354362885 33.2567234547 33.5405912471 33.7659358318 33.1084313438 33.1322732123 33.644874803 33.0585195879
