Spatial_Output/BAU/BAU_1349.asc
NCOLS 155
NROWS 192
XLLCORNER 196307.867259
YLLCORNER 449144.565805
CELLSIZE 33.573938
NODATA_VALUE NaN
[rows 25 to 49 of 192, columns 56 to 111 of 155]
33.1872218833 33.5494271036 33.2657842245 34.2593566968 74.4007715541 74.4007715541 74.4007715541 55.1412510814 56.0888259766 56.0888259766 33.1234831405 33.0679771324 33.4394021133 33.7132250512 33.7624521546 34.3051045109 34.1510039428 34.0396119724 33.7799879009 33.8227567465 33.250516371 33.4079120691 34.3860859522 33.2061270617 34.2186255155 0 0 0 0 0 0 0 0 0 0 0 0 0 0 0 0 33.3045604087 34.185903784 33.8137946612 33.2683256315 33.3916492249 33.6912028058 33.0349440337 33.5652044851 33.9703344875 33.3833158211 33.9482630851 33.2633080969 33.5011827224 33.9263282766 33.5024848436
33.4641964162 34.0577896418 34.3976373262 34.1926692882 33.2526780401 74.4007715541 57.1414082764 57.1414082764 33.9730385644 51.8854385175 33.7894121124 69.3401906348 33.6833396968 33.6819820387 34.2361360316 34.2507231899 33.5658052182 33.0967390632 33.7764703439 34.1716810041 33.0094610272 34.3144276207 33.2571792175 33.9281324021 33.4319581683 34.06530797 33.5319944418 0 0 0 0 0 34.0357365667 33.0658382263 33.0945357139 34.316644311 34.1688426918 0 0 0 0 34.1651906649 34.0051987731 33.1657354501 34.3318014917 33.2550645344 33.4260794173 34.2885505424 34.313703769 33.7262835315 33.4933818198 33.5245976241 33.9426215894 33.2491247894 33.8796120401 33.3926831923
33.4436259356 33.8763443709 33.506763472 33.5026241537 33.9839481547 64.1352327875 64.1352327875 57.1414082764 57.1414082764 33.134234323 69.3401906348 69.3401906348 33.141500412 33.5353053081 33.0098111588 33.7912299029 33.7080518209 33.3562736016 33.3468629488 33.0313317264 33.4427095029 33.8729028121 33.1040406039 34.0118828643 33.0914975697 33.4130710951 33.0856893831 33.816120511 33.1041600488 33.2228803614 34.1246877039 33.9923102617 33.1902875909 33.431342877 33.4205813442 33.2210066194 33.9127528486 33.1980150074 33.1997331043 0 34.0972461264 33.9487126493 33.2720076919 33.6535782147 33.2950412354 34.0725620574 33.5845080755 34.0107657038 33.8896594998 33.3528782804 33.9258910951 33.8147090095 33.2525323754 34.0975079938 33.5221939035 33.6631733431
34.0857457252 33.235917129 33.9375845909 33.2837396858 64.1352327875 64.1352327875 64.1352327875 57.1414082764 33.5403712256 33.3928922482 33.8595241964 33.2974470648 33.0297285099 34.2098164945 33.3084481224 33.5945392074 33.745184322 33.9349776707 33.634023359 33.3195562635 33.2405955129 34.3344892903 33.9420899818 33.1570491229 33.0300050959 33.5560147991 33.0318936146 33.7863210228 33.2253284404 33.9634785331 33.0544383501 33.3583212218 33.1875417768 33.9856335707 33.0783623387 34.3398402392 34.0522729211 34.3772064078 34.3947740327 33.4245211998 34.4058801813 33.2413659307 33.567815478 33.2586435394 34.0357712261 34.345654542 33.8049539394 33.0118380245 33.5820158422 33.2733703623 33.8309061634 33.6638230793 33.5448542797 33.7676603543 33.948549061 34.3272417056
33.1026244186 33.2572319054 33.2952398829 33.270310608 53.5841689623 53.5841689623 53.5841689623 34.2021808159 33.0758834898 33.3041654548 33.3214941281 33.157748975 56.3239204081 33.2005096661 33.1204546473 33.7644739077 33.9365090152 33.9606533693 33.8586468103 33.2821796775 34.4130442293 33.4949082689 33.0327882756 33.6493290652 33.9913491159 34.0901604198 33.4821336517 33.2444283694 34.3092174121 33.4552126597 33.7493298261 33.0425574681 33.5218224919 33.7748892984 33.1252263828 33.5955321979 33.1147602687 34.0313480226 33.1175788467 34.4092017506 33.6297565592 34.3459651914 34.1043687455 34.2749432056 33.6990681484 34.3929689795 33.3392607456 33.2853091509 33.5034157461 33.3633784875 33.0126346734 33.0775762557 33.523976614 33.9525783321 33.3565536968 34.1382503695
33.5542532684 33.9822536369 33.3094252595 33.2854745716 34.3526189462 48.5836468656 48.5836468656 33.4064457722 34.1367094165 58.5196443291 58.5196443291 33.1375982454 33.0188951736 33.7123366631 33.1750333687 33.1806510392 33.545095666 33.5379220924 33.3694970642 33.0044137964 33.687674284 33.0692452674 34.0603705597 34.2708117524 33.1705163303 34.3675465313 33.6007984419 33.2191111004 34.3183413781 33.6453510333 33.7267557675 34.2603157831 33.1583203437 34.2009758035 34.3192159929 33.5919770395 34.2459064301 33.8633125483 33.5464513888 34.156299593 34.1677144454 34.1553857198 34.0556942837 34.1036924556 33.2287121394 33.6678535062 33.6208126448 33.8591688243 34.0669919255 33.9564353751 33.49216758 33.1177639892 33.2588854957 33.9761859204 33.5408136996 34.334909154
33.110090986 33.8201793544 33.6434575713 33.9455174141 33.1122132452 48.5836468656 82.2234470766 82.2234470766 33.2782695561 33.9220592748 33.2555949408 55.5797820593 33.6430106046 34.1811480182 33.2979345183 33.0895405645 33.4808918337 33.5477318524 33.2832281553 34.0372576945 33.4853433777 33.7939912248 33.9902988391 33.9541885539 33.4464841134 33.3909241787 34.1562921776 33.4270226519 34.1075221452 33.9979633013 34.2971550584 33.8581206034 33.5158192778 34.333491167 33.9874480541 34.3130226137 34.2373850879 34.3836676171 33.4358366275 33.7055277712 33.8304842148 33.3977090866 33.8458962201 34.1553545375 34.2453465032 33.2719175353 34.2770406177 33.6789939083 34.1185885924 34.2307649253 33.9311346589 33.329108434 33.5501662016 33.5526497112 33.6962377381 33.1284511145
33.6637841958 33.9598957716 33.1161471925 33.8357309826 33.3380642185 34.3727306235 82.2234470766 82.2234470766 77.8368007468 34.384133248 33.8457873066 33.4097552392 33.4860262168 34.073913175 34.19390806 33.456867122 33.7350858675 33.9503546405 33.5499360964 33.1908739221 33.8790402764 33.5378924905 33.4927627864 34.1553440538 33.9120635166 33.3178475292 33.2638336254 33.9302197827 34.3531255963 33.0851795943 33.4293054004 34.2841067141 33.844948302 34.3799925205 33.4001024824 34.2942837105 33.1894556982 33.1820528147 33.4316098928 33.0909849933 33.9323289207 33.9228910172 33.6968170408 33.446777432 33.3350023545 34.0363517545 33.4736989738 33.2662528569 33.8453883776 34.3598885589 33.8059149707 34.2994246675 33.4127240702 34.0165390471 33.8111426822 33.6698979461
34.1005272836 33.7831557405 33.3714094367 34.274493461 33.4656680571 33.3443692689 49.3461771269 77.8368007468 77.8368007468 34.3772127183 34.0535246746 33.7505786978 33.0421519673 33.9956402912 33.8677670266 33.3822432039 34.3080556521 33.2637679161 34.3253298001 34.2465568194 33.2951615245 34.3240862397 33.2236821903 33.6544547177 33.517269119 33.0740974673 33.4594320351 33.209509925 33.3238011217 33.7417137952 33.6463064263 33.2921370875 33.9487477818 33.6036280425 33.6985195858 33.864344244 33.7031980612 33.1681339865 33.2135973075 34.1788555128 33.1037371729 33.243668179 33.1158044842 34.3075674621 33.3359295352 33.1480290951 33.9836230088 34.0281765565 33.551223834 33.9757745542 34.0484402882 33.1063857347 33.0444918293 33.2016893515 33.0511915156 34.2203918374
34.1037784592 33.0504105776 34.1412518991 33.088660261 33.6919676567 34.2538484803 34.049021816 77.8368007468 42.0384216296 42.0384216296 34.1915678039 34.3720646028 33.3709038797 33.2751977405 33.2843882493 33.2931266151 34.2697485136 33.6831189462 33.3226501892 34.0723021008 33.6834371311 33.3084406009 33.0919605753 33.7280128732 33.1561012345 34.387873442 33.994924151 33.6886591601 33.4852950205 33.544978879 34.3824878282 33.0968852899 34.0380375432 33.5571930016 33.9905722478 34.3266551133 33.0851985093 33.0998208132 33.5610065781 34.3791310986 33.9087227312 33.2367245073 33.6536010197 33.5018725491 33.9171076805 33.5882979109 33.2405692154 34.3433391034 34.2216972608 33.1833456357 33.023383879 33.4941942258 33.5340135253 33.6875412545 34.1867962926 33.1351481366
33.8463875162 33.7531590246 34.228853586 33.7004667934 33.8200723196 34.336829184 33.0439860844 33.4255133809 42.0384216296 33.5352409001 33.3924729152 33.4042311662 33.0592246558 34.0889945537 33.9487904559 34.3222453861 33.8831378061 33.5507094555 33.832724617 33.1126715037 34.2718446382 33.2143438492 33.7993191815 33.2216672975 34.0505891259 34.4062946281 33.123235874 33.9277035538 33.554287554 33.9049734486 33.7650283909 33.3385366124 34.155711879 33.2769127664 33.4870107079 33.2555953552 34.104714689 33.6352646322 33.428485938 33.6877192104 34.0630166107 33.353813643 33.4992143574 33.2279638044 34.3013042614 33.6613365714 34.2549844682 34.3247978449 33.6934355277 33.1157895086 33.9107693717 33.4915099184 33.7234842822 33.7634071347 33.1689287443 34.4006582819
33.7929522587 33.1039155925 33.8927101964 34.3677181434 34.156170947 33.8041062902 34.2835147171 71.0216504163 71.0216504163 33.4562891622 34.0456437008 33.8841149057 33.3172842878 34.2668266086 33.8581158985 33.8577838199 33.9843683352 33.3419916109 34.2951486884 34.0322325678 34.1493549838 33.2481308593 33.0215165513 33.2026952094 33.4554902247 33.4317348969 34.3460239831 33.6010767565 33.2288633919 33.4853527822 33.7559394879 33.8280844513 34.0630999255 33.3970848711 33.5112425931 33.6982841164 33.0218042234 33.7728136466 33.5078265422 33.5194051993 33.3739648973 33.4991521169 33.0659284554 33.5673017257 34.1628071473 33.7800543665 33.2738267187 33.1585126842 33.0299147289 34.0668194541 33.8976862365 33.0803613038 34.3394653793 34.0119243688 33.3849109343 33.4605470379
33.9083826748 33.7560558373 33.3099625425 33.4269820733 34.0298434746 34.1657614058 34.3625512957 33.1922361179 33.369916301 33.9927276097 33.0710212089 33.239544619 33.9564099048 33.4509090457 33.0592644692 33.6269812807 33.6101143839 34.3218511045 34.3675477365 33.3910253932 34.1615541359 33.4956857842 33.723288233 34.2515823524 34.4085336216 33.5771912081 33.8147812125 33.1093963107 33.1306627107 34.1672279838 33.7570119478 33.4199003338 33.6861500844 34.396856353 33.2164366404 33.0163298274 33.25298564 33.0961192568 33.9252523764 33.2040189656 34.0242428627 33.8252925572 33.5951797414 33.7153112639 33.3170668818 33.3929463725 34.0657545426 33.7289885569 33.532740735 33.9162728897 33.6536639002 33.8700883988 33.6781303746 33.7599992282 33.7887989226 33.0500898555
34.0235523087 34.0521009045 33.6998335921 33.4753481966 33.2368639938 34.059263961 33.8947943311 33.1856155629 33.2067696818 34.1724978059 33.3655009457 33.4640053031 33.404230597 34.0639668541 33.2226959692 34.3548741445 33.2352145895 33.0841704415 33.3220295183 33.1826247851 33.2801499208 33.2470267499 34.147084898 33.9827222627 33.3338529515 33.9801789374 33.7747942744 33.8066442966 34.0095002548 33.6297678877 33.0565971898 33.3582083394 34.3482314173 33.1308722671 33.0120963821 33.1428741404 33.2146820445 33.1648206892 33.5147853561 33.948055368 34.0821254326 33.156252425 34.0146139055 33.8113381144 34.0454844835 33.980117744 33.7981724588 33.7259838735 34.0312989724 33.1563514416 33.2814578963 33.7225804169 33.5931407077 33.7142705417 33.7963723058 33.5400256906
33.6761392651 34.2743818932 34.3498900589 33.6510341034 34.2133230216 33.4754056648 34.2268973458 33.730698964 33.9725599797 34.2903144722 34.1436008342 33.9723100756 33.5539206779 33.2643914796 33.9713057391 33.42085553 33.57424611 33.1790755391 33.9229300808 33.4423338548 33.7787403082 34.3947904835 33.1123871481 34.1432012566 33.0983717405 34.2284682689 33.2552531638 33.8596182015 33.2458999605 33.0548283452 33.9457669591 33.8301615896 33.4338993141 33.2718331678 33.5026721225 33.7803811703 33.3707958221 34.3342398399 33.0444614608 33.8330433025 33.3328183384 34.0359763052 33.7465807956 34.0029575265 34.1735714919 33.8772492481 33.1793344556 33.2192252779 33.0052454074 33.4771324177 33.6619913174 34.1748035986 34.3686955474 33.7573350642 34.3379644686 33.2950662021
33.4551507289 34.1737502425 33.6497240455 33.9130751733 33.7124110789 33.930601539 34.1909953641 34.0194719979 52.9021108792 33.696650565 33.808448559 33.237850046 33.3066224893 33.190702586 34.2719585762 33.4644409615 34.1440497423 33.989044757 34.0126047343 33.4949569609 33.7082765092 33.283319758 33.3556025804 33.3875536733 33.9009384089 33.1954064021 33.5617152742 34.1895977216 33.2908115922 33.2029279951 33.9123158537 33.5441261001 33.8593160226 33.2201564609 33.7610951808 34.1494564614 33.0048774958 33.843514964 34.1027868531 33.7480703556 34.4033956047 33.7351387249 33.9652402777 33.9983113628 33.2238272658 33.07727996 34.2865221228 33.0861505473 33.8411136326 34.2662819257 33.3246070077 34.0424356069 33.0027803409 34.0135080336 33.8742159102 33.8277019321
33.6143591393 33.5487364744 33.0690414592 34.3581039661 33.1193249233 33.758809539 33.3734998894 52.9021108792 52.9021108792 33.0541303749 33.5459631122 34.3325402365 33.8232610226 42.634910751 34.1778719973 33.9975754597 33.7258355536 33.1883308865 33.2762705173 33.9157224234 33.6974928334 33.0942296025 33.9683184325 34.2936156153 34.3457571025 34.0572103022 33.9787123316 33.0143159734 33.2324101816 33.2748529798 34.1484004128 34.2467265907 33.4640577634 33.5213524459 33.8885886586 33.0808555017 33.887612042 33.6758330343 34.1893386051 33.7666580651 33.2196172138 33.1786849667 34.1015536227 33.2763422911 34.3439193451 33.1273692121 33.5225238805 34.1428207963 33.4757467395 33.2373813268 34.1516026144 33.3374841881 34.3498182176 33.6503654735 34.0576572737 33.9763811817
34.1677813441 33.4861074889 33.32706011 33.1427616311 63.7786761024 63.7786761024 63.7786761024 63.7786761024 52.9021108792 33.6780775123 34.1890834037 33.5484874984 34.1195680358 42.634910751 51.5589530936 34.344711542 33.931430325 33.5160456643 33.0225586431 33.0188457571 33.7871115247 33.650327022 34.4096333217 34.364605264 34.2512859055 33.8877342392 34.0122396543 33.8980513203 33.3693192075 33.1054758272 33.5835313144 33.4628718546 33.0124130316 33.8424022201 34.2852449894 33.9039023967 33.6646384705 33.6799041939 33.6796133473 33.3937591177 33.2872467545 33.498987704 33.9870071164 33.1155541021 33.6368899239 33.1547341298 33.7744778494 34.378446341 33.3178306774 33.0226599571 33.8875393706 34.3256953489 33.2256169183 33.0308737207 33.8363934943 33.4476998183
33.9972403355 33.3730745671 33.097990394 33.3972637986 75.6496669825 63.7786761024 63.7786761024 75.6496669825 33.2580821396 34.2700563861 34.1118488642 33.7529529517 42.634910751 51.5589530936 51.5589530936 57.6877711225 57.6877711225 34.4053811699 33.2399175892 33.0288537775 33.4380718874 33.5025500973 33.239300643 34.360346373 34.2615643186 33.0040836419 33.9862500916 34.0506425509 34.385337163 34.1258457787 33.3630690866 33.1112037053 33.4536640585 34.3581503642 34.1641239871 34.0635343545 33.534117547 33.5229518444 34.1881095215 34.3815898026 33.201571823 34.1584887453 33.7383603674 33.0297898019 34.0672459146 33.8829750082 34.0062013634 33.01039657 33.7050093319 33.8266532467 33.7619531076 33.4592771194 34.2625621781 33.9017944066 33.9940894453 33.1174599251
33.0258292457 33.0640760705 34.242716071 33.9878026586 33.4454762923 33.5901711906 34.0640399617 33.493847742 34.2590495641 33.2279869155 66.5129359455 66.5129359455 33.5498124737 51.5589530936 51.5589530936 57.6877711225 57.6877711225 57.6877711225 33.7739419516 34.1199018874 33.9684282889 33.1619853439 33.3481802199 33.0586476971 34.284004539 33.2311125985 33.6569569773 33.2073572049 34.2343214677 34.3626575276 33.536589969 34.271820539 33.290977713 33.6534600395 33.9111012664 33.5739991242 33.7485444886 34.2635908263 34.2298834962 33.5958887759 34.0394187595 34.3316273434 34.1855634279 33.4290310172 34.0098131703 33.7607051464 33.8111625389 33.1583343342 33.960004211 33.0087056682 33.5305013355 33.9958342846 33.6768996412 34.1665622467 34.3183101361 33.0985575357
34.3649616594 33.2766718394 33.0689909215 34.3253346274 33.6786330467 34.0263641162 33.7024889901 34.2598098784 33.4846117399 34.0155562759 33.6427944329 33.3618855908 33.3425398218 64.2320792216 34.337913952 33.6774448861 57.6877711225 34.2818055011 33.7069161773 34.1591553931 33.2278410427 33.7380169817 34.3275283096 33.5177965572 34.3093218989 34.1429907174 33.3440534915 34.1800612804 33.1578786475 34.0428243553 34.0598866338 33.6832260345 33.8969659907 33.2185095069 33.7987785666 33.1840523011 33.0410852773 34.293185321 33.8550209768 34.3724622253 33.2692605641 34.1614091878 34.1870380762 34.3871287193 34.0160611064 33.4644055895 33.4563991701 34.1301578889 33.5674637604 33.1733192744 33.4103131078 33.0808098332 33.1822258325 33.1952306996 33.3834281898 34.2884485277
33.6141791925 34.0458897947 33.630121703 33.2692456669 34.1331791806 75.6102590923 75.6102590923 75.6102590923 33.176202053 34.3886842773 33.9885487987 33.9657207905 33.9640266585 33.3105561126 33.0678195794 46.2053383719 33.9921416 33.6830072398 34.3884501425 33.1609051739 34.3971434187 34.2590053273 34.0176416841 33.549749485 33.6100575637 33.1089446592 33.6819284746 33.3447348358 33.6158672977 33.0899131814 33.1902712754 33.4088746551 34.37517426 34.0041480225 33.8708623599 34.3470426144 33.6595374171 34.1513965722 33.9563245163 33.8600985194 33.9130606929 34.1492951029 33.1291365025 33.9734686363 34.3764506341 33.8223855286 33.7752082226 33.0336903494 34.1946974982 34.2975289854 33.6240709214 34.027860732 34.1315934076 33.0372805859 33.7331921327 34.166760477
33.2079483255 33.953281646 33.7691142155 33.5859937122 33.4606765547 50.7940952782 50.7940952782 50.7940952782 34.3954768704 34.1332128466 34.0149211504 33.0238241572 33.3079578065 33.1647378296 52.8482940966 52.8482940966 52.8482940966 34.1491258706 33.3944025214 34.1548222982 33.0241783648 34.2296486987 34.391849841 33.1353031557 33.011528478 34.3306863861 33.2524231357 34.3836947429 34.2989642097 33.1208033833 33.6216198877 33.3846065606 33.9317890357 33.9786183182 33.2888840014 33.7914142011 33.6039482646 33.8336416646 33.5515199956 34.3884471683 34.1408405339 33.7343258974 33.0242228147 33.6592739764 34.3539610028 34.3633476574 33.9435251825 34.331534256 33.8467426453 34.3181969135 34.1749950573 34.389472629 34.2361048274 33.8020507627 33.2535245468 33.4178371141
33.3984807392 33.6138727597 34.2487274113 33.9727273884 33.5742235099 66.7287923009 50.7940952782 50.7940952782 33.5380747315 33.3988661856 33.8555695234 33.6806060154 34.1653427655 34.3781257172 34.4111119593 52.8482940966 33.4649643405 33.1926785065 33.2771420817 33.182762695 33.4493778445 33.4568636274 33.3261033957 33.1247370162 33.3200264497 34.0794496908 33.9540842561 33.5106639939 33.9866865261 34.1936883891 34.2337606251 33.357285455 33.1869452206 33.7564662752 33.4430765884 33.2289375087 33.7011645003 34.0935092543 33.9877933344 34.2812174397 34.2712227575 34.2521859558 33.0350642801 33.6318134976 33.0907938615 33.1246085548 33.4056886594 34.110371103 34.3389068322 33.3687832504 33.3139513562 34.2546339004 33.1070386975 34.156977387 69.9148844583 69.9148844583
34.3507855413 33.618073769 34.1794611891 33.7228099431 33.6701068429 34.2476953909 71.2785346258 33.519564664 33.1556786733 33.0200367347 33.4360539642 34.0628779915 33.482560718 33.4182856823 33.022282689 34.3450172707 33.7544981103 34.2041977672 33.1871091783 34.2215599728 33.3248661722 34.0644709739 34.1806534683 34.386924729 33.981766265 33.0316339262 33.6748827585 33.5197815093 34.1820962476 34.1049601144 34.0340527688 33.029575333 34.0961409975 34.0948210803 34.2871075481 33.2822447079 33.4042238687 33.7157263589 34.2809518563 33.0242552241 34.3307584621 33.4772333795 33.7459801434 33.4119611717 33.8657273644 33.8897335224 34.1070387606 33.9411241529 33.3894367508 33.3808255552 33.8757465351 34.3086102339 33.460382727 33.469294028 63.6392470999 69.9148844583
