Spatial_Output/BAU/BAU_1071.asc
NCOLS 155
NROWS 192
XLLCORNER 196307.867259
YLLCORNER 449144.565805
CELLSIZE 33.573938
NODATA_VALUE NaN
[rows 75 to 99 of 192, columns 56 to 111 of 155]
47.5461404862 46.549382833 22.5270900385 23.1454422861 23.0645657129 22.76880146 22.8599319673 22.8114693605 22.6326639563 22.6328361919 22.5719688531 22.9428497245 22.9609895254 22.6245629648 22.7431095789 34.0578124191 42.6981384903 42.6981384903 22.6492416173 41.1030432467 41.1030432467 22.8920858425 22.5270685242 50.0917043366 50.0917043366 51.0111457584 56.9492201525 22.6953469039 48.0065497189 22.6066986783 23.0271532942 22.677626128 23.141548828 23.1532664063 23.1438258548 22.9660029095 22.7031743762 71.5296225952 71.5296225952 43.269459531 71.863466668 44.4060768898 23.0963316169 23.1832451486 22.7774646841 23.1808705451 23.1636263237 22.5936593302 22.9711537515 22.5635023192 22.7829270756 23.1099590433 22.7440654048 23.1575005817 23.0895144014 23.0623329597
52.9796971321 47.5461404862 22.8232633502 23.1552968304 22.7936340155 23.1345167657 22.7772288275 58.3480829166 58.3480829166 58.3480829166 23.1745214513 22.9104846908 22.7661768521 22.6997754083 34.0578124191 34.0578124191 34.0578124191 34.1812800824 34.1812800824 22.6547503682 23.181361395 22.8973828472 22.9756763768 23.0368602576 23.1001657002 22.9101578413 22.749541454 22.5122305462 45.5288104814 45.5288104814 23.1335881383 22.7229650817 22.5826997876 23.0780541777 22.5798041124 23.0668493667 23.0953824263 22.5400118221 43.269459531 22.7292967013 71.863466668 22.6223170629 44.3879632158 22.6457512818 23.0086370669 22.8127586703 23.168828179 22.8780887705 23.150817618 22.6329572959 23.1408065637 22.6720391213 23.1266790066 22.5206187951 22.7212822212 23.1294501473
52.9796971321 52.9796971321 22.873766824 23.0869829241 22.5253841709 22.873581157 22.9576119949 58.3480829166 58.3480829166 22.9513657988 23.083437885 22.678207088 28.085249635 21.1183487714 24.2964548455 34.0578124191 22.7038658855 34.1812800824 47.6496028289 22.9337953485 22.9814273157 23.0210413477 22.9713512861 22.5157467332 23.0742810615 22.8504771517 22.530067203 45.5288104814 22.5493531747 22.8867097588 22.5923332893 23.1320182533 23.054778302 22.6541468892 22.8614952558 22.5704137035 22.9632264034 23.1509534798 22.9045398763 22.6749597271 22.8520320078 23.0125054531 23.1844607964 23.0247200625 22.6673011563 23.1322800588 22.7344944233 22.9087076135 23.0207268015 22.7574003139 23.1099574244 22.5805203762 23.1564775466 23.0279485619 47.1725243199 22.9982695997
22.9579505625 62.3615067273 62.3615067273 22.6408921419 22.5382079107 23.1886440146 49.8229188847 59.557141309 59.557141309 59.557141309 62.8052436512 54.7314402527 21.9022508762 14.345276326 23.1238065524 22.5802779348 22.5267705882 47.6496028289 47.6496028289 47.6496028289 22.790866561 23.140493641 23.1241369436 22.8155384322 23.0538157867 22.6188934433 22.7458894003 22.9845581806 55.5586787962 55.5586787962 22.7059479125 22.7682479953 23.1212130339 22.8408214422 22.7166464671 22.8906725462 22.5594228773 22.8983563964 23.1077244604 22.9740974268 22.5866713944 22.7678067371 22.893398362 22.6130467823 22.8392734469 55.7281570556 55.7281570556 23.0148159779 23.1805716266 22.6686693376 22.929793967 22.788134356 60.1659277939 22.7835055319 47.1725243199 47.1725243199
23.0605429094 62.3615067273 62.3615067273 22.5554703875 22.6265547837 49.8229188847 49.8229188847 22.7968332893 41.905475843 45.7810981713 62.8052436512 54.7314402527 28.7061771081 10.7929696704 30.4849036379 22.8285010815 22.7512001165 68.6400736792 68.6400736792 68.6400736792 22.6716383737 22.5497691456 22.7414217501 23.1239105588 23.0986112098 22.597665068 22.8226231187 22.9543807136 22.5299387412 22.7890238789 22.8762841887 23.0390455255 22.9618429511 22.7347106109 23.1675936712 23.0436340437 22.8872175534 23.2015959451 22.9728080716 22.5781192919 23.1381405626 23.1678657172 22.6543746289 22.6451091908 22.702900904 55.7281570556 55.7281570556 22.8326827427 23.0990729485 22.9081106069 22.8727326345 22.6503410268 60.1659277939 60.1659277939 47.1725243199 47.1725243199
23.0347010234 62.3615067273 23.1626273758 23.1375896888 23.0261062348 49.8229188847 49.8229188847 49.8229188847 44.356370761 44.356370761 44.356370761 62.8052436512 22.5189789663 23.0647385119 22.9773005197 22.5649058116 23.0058735207 52.0715947298 52.0715947298 52.0715947298 22.8590597716 22.9586773625 23.1420540541 23.1127611115 23.0607425233 22.689327654 22.9971151922 22.801239155 35.5592666268 35.5592666268 35.5592666268 23.031420656 22.7494543351 22.9670238105 22.5921783005 22.5491945624 23.0273832428 22.9681226595 22.535667161 23.0977098628 22.5115013778 22.6328237354 23.1847102849 23.1154758077 23.1197488825 22.7746382752 22.5666613192 22.8724822474 23.1195602156 23.0300053242 23.1240163657 22.5975262241 60.1659277939 22.8063558702 23.0945975837 22.9353139884
22.9373531455 23.2039269743 22.8894588406 22.7514158904 22.5469879381 22.5294029283 23.1331019426 48.8695220367 44.356370761 44.356370761 44.356370761 22.6494000817 22.7443989778 22.6208131346 22.6294571201 22.7625649535 22.6753921879 23.1474811645 52.0715947298 52.0715947298 86.7866127414 22.8863483922 23.1363776184 22.5731604578 22.6213959468 22.6232246492 23.1627485301 22.6747525031 35.5592666268 35.5592666268 23.0104782875 23.0381955568 22.5491516152 22.6307512584 22.8765873161 22.7710854619 22.5464327509 23.0899342341 23.09004057 22.6631683422 23.1936272292 23.1919778889 22.6103104707 22.5862408183 23.2046580819 22.914607993 23.0553864111 22.6909979227 22.6086665535 22.7907509507 22.7690071221 22.8691487831 22.7065673081 22.8563155399 23.0496125642 22.8469961318
22.7276462754 23.1078916745 22.6708118591 23.1069725243 22.7685677292 22.5031263197 23.2014584775 62.9817132446 62.9817132446 62.9817132446 23.0053961676 23.0933823879 23.0432422281 22.5171948234 22.5272866579 22.5079713105 23.1319359646 23.136984897 86.7866127414 86.7866127414 86.7866127414 23.0994351615 23.1269723891 22.5066727435 22.9565292407 23.0778443149 22.8314800033 23.1879440127 22.9571312548 23.1493568282 22.7956732752 22.9235580062 22.5692529342 22.6864672758 22.5628610885 23.0201201983 22.6435510293 22.7758609682 22.5511516155 22.6146246554 23.0218030318 22.8018876526 22.7704640107 23.1284283406 22.7543253262 22.776057374 22.8242703866 23.142173342 22.6235167828 22.6578668545 22.547733969 23.0384516636 22.5194827628 22.6394318111 23.0122008335 22.9989948378
22.8269787461 23.1721522349 22.9138729249 22.9327173194 22.9591693442 23.0698688643 22.7517703706 42.97554566 42.97554566 42.97554566 42.97554566 22.9880719061 22.8021076545 23.1152086355 23.1739002583 23.0659729692 22.6709843085 22.9936497345 58.6937252316 86.7866127414 23.1835534191 22.9927634837 22.6255443075 23.0325320374 22.6147355225 23.1097905905 22.9485243696 23.2003150958 22.5926105709 54.921946372 42.6399420333 54.921946372 23.1943857187 22.6168429535 23.0188049689 22.9754187718 22.5732719913 22.9389043426 23.1290942825 23.1887372412 22.8171934845 22.5025544756 22.6264780791 22.6690971733 22.8587332166 22.8989374512 23.0140922422 22.7519488039 23.1875961568 23.104382857 22.9935991608 22.9394887406 22.8411411043 23.0132953383 23.1240095327 23.1497657674
23.1497191834 22.8444880488 22.8229268239 22.5524579908 23.1919854704 22.5490329903 23.0458337378 22.9693694668 42.97554566 42.97554566 22.8690215769 22.5391543659 22.6735228867 23.0925811806 23.03674288 22.9129523573 22.7365383271 22.875554038 53.3319604831 22.5404323139 62.7266481627 22.7816252054 22.5463044054 22.5231730808 23.1346150222 23.0630254094 22.6848635811 22.8650588439 22.8318209548 42.6399420333 42.6399420333 42.6399420333 22.5817521313 23.1457664741 22.5082512792 22.5845293553 22.7172137098 22.938976481 22.8544522345 23.0481936547 23.0140611624 22.8204809184 22.69152963 23.143856782 22.8721064147 23.0043864314 23.1607671075 23.1062303951 23.1568718444 22.5329863427 23.0930295949 22.9190338399 22.79219298 22.5959061431 22.824920451 23.1441242827
22.5293278393 23.0080292022 22.9252043271 22.8330264082 22.7422266322 22.6245090299 23.0702149416 22.8583238147 22.669381349 22.5975036438 22.8978366293 22.6260329889 22.5232813839 22.6377859114 22.5010548533 22.9147320457 23.1665632741 23.0629378944 22.7404710094 23.0293949626 62.7266481627 62.7266481627 22.9518336587 22.5100982089 22.8640020445 22.7038474356 23.0058002935 22.6593822092 22.8526659562 42.6399420333 42.6399420333 23.0433475762 22.9633513853 22.6478457106 22.9165962133 23.0439699367 23.0183627701 22.9746002196 23.0471976396 22.9876565021 22.9445352458 22.9428543439 23.0370278592 22.5804036852 22.7045931783 22.7093072072 37.9985340474 22.7706755334 22.5879962105 22.6101426443 22.5845296279 23.1471097489 22.9514590677 22.9150059323 22.7614786722 22.8032485305
23.0153375692 22.8161159241 22.9920979854 22.5161905669 23.1249368755 22.920176136 23.0804952068 22.9653815778 23.1683494139 22.8013602745 22.524056756 22.7895135877 22.5603332174 22.6810110749 22.8260443248 22.9574112756 22.6811722992 23.0743612284 23.190963297 62.7266481627 62.7266481627 22.5042198176 23.178677806 22.5792839895 22.9826946632 22.6143587125 22.8194598611 22.8132391233 22.9288240827 22.9689255666 53.3597626742 53.3597626742 51.8920495044 22.7751686671 22.6293034196 22.8949083359 22.6285246599 22.6689130455 23.0998502355 22.5469253948 22.7677650177 22.8760853136 22.6147967604 22.8411794098 23.019689951 23.0365866784 49.1047396604 49.1047396604 49.1047396604 48.3255485866 23.069843871 22.6047072449 22.9426141538 22.8939294564 22.5889211744 22.7909403712
23.0249995063 22.8402468801 23.020712261 22.6503828529 22.8071179551 22.5952819384 22.5970043579 22.9967355191 23.1134983374 52.8895975529 52.8895975529 22.9313788108 22.7850598725 22.7935662791 23.0455163764 23.0673052976 22.6534267508 22.5490142361 22.6987094063 22.6378409608 22.6620505947 22.5840565573 22.690875037 22.9580570777 23.1823442391 23.0134361588 22.972564029 22.8827752466 22.5460989946 22.8097068353 53.3597626742 53.3597626742 22.6707379187 22.692329869 22.9774655223 22.9146406762 22.5698257575 22.9655570493 22.9296124187 22.971093953 23.203261203 22.6611076434 22.882842579 23.0894497845 22.5388151275 22.8219314944 52.7468193225 49.1047396604 48.3255485866 48.3255485866 22.9646098278 22.5091971575 22.5901148146 51.8709093855 51.8709093855 22.6821769993
22.6906153433 22.5833160298 22.7192622878 22.9749593294 22.5943741729 23.0343252225 22.8582311978 23.0574484714 22.8045172451 22.9201593569 23.0333629768 22.84134525 22.6809216207 23.157973807 22.8977810637 22.658183937 23.1723291499 23.0329152053 22.8488391499 22.6052925031 23.0216307773 22.5639751734 23.1265897316 22.9539553218 22.866862314 22.6673583585 23.1004034886 22.748259145 22.6155777505 22.5635435308 69.0597343406 48.3492795209 46.241052714 22.5781198769 22.7058241364 22.6354951059 23.0036125086 22.9917445493 23.0565049269 22.7840973009 22.578667362 23.0887553172 23.0141311281 23.0958998404 22.7808490075 22.8758666585 57.6983260027 62.0681211689 48.3255485866 48.3255485866 22.7548736093 23.1999038948 22.5699972436 51.8709093855 51.8709093855 22.6963276297
22.6757062778 22.564759605 22.8859802159 22.523742053 23.0763292752 23.1593349895 22.9772202102 23.1489064802 22.5069936661 22.8878167916 22.7116791259 22.5645806153 22.7447055717 22.6312827827 23.0288253348 22.5944576645 22.5437876594 22.9101547771 22.6580421636 22.9809653964 22.651953898 22.745597217 23.1060853602 22.6110820228 22.9575318499 56.9788001875 56.9788001875 22.8720001492 47.0958891075 55.9450903675 69.0597343406 48.3492795209 48.3492795209 22.755696954 23.0025434241 23.1486533871 22.5977933626 23.0440097838 22.6396751153 23.0783462777 22.503499057 22.7820884973 22.7617818131 22.739315945 22.5469908401 22.7998769644 62.0681211689 62.0681211689 62.0681211689 57.5382577176 22.5356086797 23.1622527972 23.1758296799 23.1407432892 51.8709093855 22.7040757195
22.5899327522 22.6317169615 22.9645265142 22.8740317571 23.1255243705 22.919538853 22.6147530344 23.1888870869 22.8732191708 22.8476093987 22.6610164439 22.8975533878 22.7551577464 22.894056981 23.1901035319 23.085440894 22.8954848798 22.7060279072 22.8982880817 22.6211231716 22.6595601479 22.9145311582 22.8551642665 22.7955602495 23.1824551705 56.9788001875 56.9788001875 56.9788001875 47.0958891075 69.0597343406 69.0597343406 48.3492795209 23.1234975571 22.6787226144 23.0708289981 22.9369607961 23.1964980479 23.1676372314 22.6175735176 23.1130942585 22.9484739452 23.0412343365 22.8326500166 23.0238409212 22.9450908359 23.0307136429 22.7895249216 23.1158804588 22.522419219 22.6240644523 23.1817519487 23.1121399291 23.1631738051 22.7080571959 22.64255254 22.7332724896
23.054655759 22.5424944476 23.1855063574 23.1736416755 22.6369004405 22.730855712 22.5862038467 22.9419429299 22.7643728685 23.0230898004 22.7779058167 22.9273846892 23.035357334 22.5172944204 22.6129256413 22.7224649809 23.1823511398 23.085133566 23.0617757258 22.8368544147 22.5175601034 23.1264698143 22.7332606393 22.8750855344 22.9868801574 23.1952309904 56.9788001875 23.159562637 22.9963752079 55.9450903675 69.0597343406 50.6709216771 22.7742910524 23.0234487705 23.1720729041 22.7916555973 23.0242836117 22.5239051763 23.1554356113 22.6828124781 23.1293055154 22.9217620674 22.5822385984 22.8953929943 23.1087393208 22.9639631232 22.5409241477 22.6866680721 22.5231028472 22.9808112861 22.5903910463 23.0610840974 22.9260980968 23.0636318135 23.177713879 22.5655998372
23.100654541 22.5058583998 23.1708656564 23.0345556898 23.0075243344 23.0480913832 22.6821426594 23.1303093554 23.1040662374 23.1946058605 22.9735319593 22.77522347 22.6578792229 22.577255907 22.756960623 23.11274238 22.70977399 22.8785682378 22.5825959389 22.5816228969 22.6164349881 22.6490223112 22.9133999293 23.1043109568 22.5644349578 22.7568191667 22.506763559 22.610520327 22.5937609327 22.8316129032 22.7810214371 22.6442477433 22.6377467848 22.8537178303 23.1398341252 22.7405401619 23.1890178147 22.5810708217 23.1124107464 22.8454125876 22.6335060144 22.6117457075 22.8737170435 22.9483288604 22.9351787367 22.5131398073 22.7951080369 22.5354522049 23.1171198741 23.1526716512 22.6525276492 22.9109175496 22.5628260824 23.1984252544 22.9298343478 22.9038949242
23.0998184319 22.8324692254 22.9586056758 22.8989519799 22.7418690359 22.6408351048 23.0395869703 22.7897598012 22.50110744 23.0396619197 22.824497385 22.6615023862 23.0970440395 23.1192063379 23.1384053505 22.7232061329 22.5441460618 22.8679246762 22.964208274 23.0046119131 23.0866054102 22.9325044685 22.9629330399 22.7373416634 23.0759747514 22.8269172965 22.9016957871 22.7913112152 22.5775768685 23.0797585879 22.993297991 22.7641302302 22.5858900714 22.9998906927 22.6798376593 22.5711583324 22.5842854756 22.8118312689 22.8169178241 22.6374066229 22.5433589461 23.1262424178 22.9193930228 22.7155977893 22.824589531 22.5062932287 23.1753847794 22.6708840855 23.0299498232 23.0406490987 23.0255163971 22.5659152885 22.6523101744 22.5387265388 22.6083330302 23.1222612127
22.682656965 23.0629052697 22.8899009563 23.198699875 22.8594556723 22.6227330809 22.5412097521 23.1498087894 22.6306903727 23.1738039177 23.001733189 23.1388282154 22.8009776067 22.5511154408 22.832308811 22.5221438546 23.0601158728 22.9966468268 22.7618812131 23.1334132784 22.6131612842 22.8709092751 22.5598617661 22.8631093385 22.5304711294 23.1504184689 22.82168945 23.1428415916 23.0943791368 22.8815264448 23.0006929664 23.1749691093 23.0820826719 23.106034745 23.0712862936 22.5844212163 22.5803604252 23.0262946388 22.6856364684 23.2043837677 22.8987945833 23.1304052056 22.6474970653 23.0890542758 22.7093759951 22.9453242171 23.1528860291 23.0116747215 22.9830268832 23.1660615963 22.5067546989 22.9912448647 22.932446054 23.1869945483 22.999196819 22.9662895443
23.1741656669 22.9425928288 22.5838242122 22.9205175287 22.5824773036 23.0625323004 22.6720445347 22.7588473423 23.0837959767 22.701284735 22.7836112881 23.1078712684 22.8445851704 22.9784147438 22.7930837076 23.1988596792 22.7788003793 22.9512753279 23.1153312825 22.6504756366 22.8193104835 22.8334456351 22.8775426676 23.1944527897 22.7777326199 22.5746167059 23.1610251726 22.985784326 23.0634556045 22.6280384731 22.8462593346 23.0186823063 23.1098852787 22.7744205275 22.515928428 23.0369428652 22.6900769921 22.5721488505 23.0538776211 22.8211314976 22.9454120077 23.1419520624 36.9287689704 22.7944049056 22.9337109136 22.6777271544 22.8527954013 22.5055291783 22.9031172728 22.5184361269 22.8001377497 22.7594359179 22.9688043436 22.5034040273 22.7913886099 22.9906111915
23.1907686834 22.6923478925 22.5538789534 23.1814197338 22.6195241914 23.1589608909 22.5900707957 23.1243369319 23.0262584812 22.9123562465 22.8742566824 68.3684269454 22.6279886749 22.7859223163 22.5469697104 22.9180003852 22.5429640494 23.0625937315 22.5492372717 22.7541269451 22.5356674325 22.8831477618 23.0057025889 22.5686510451 22.5350352173 40.8097327543 23.0777778979 22.7958739825 22.9746174957 22.7839466004 22.6708772951 23.0133154526 22.5630207343 22.9299798858 70.1860248667 23.1658893789 22.6322433476 22.8974404713 43.5968928857 22.9622523294 22.5118877354 23.1444894877 23.1884731368 44.9207883778 22.8447281884 22.9407768465 22.7349947864 22.7226881693 23.1801798254 22.5817736761 23.1242970161 22.6660739483 23.1872788778 22.8863745997 22.9829024822 22.9013798214
22.9105958862 22.5833217175 23.1548757421 22.5621861586 73.1802368054 22.7078395023 23.0525211499 22.6423302803 23.1196140798 39.0000607647 39.0000607647 68.3684269454 68.3684269454 22.7449547031 22.9496546039 22.7956128154 23.1287359515 22.6904222244 22.9799746467 23.1550604656 22.8034110758 22.5324651477 22.7737000897 22.7689477036 22.7641983165 40.8097327543 23.0761745634 22.8911386737 22.9600830582 22.8418858858 22.9981917407 22.8677071637 22.5155915842 42.090851038 70.1860248667 70.1860248667 23.0243260576 22.5649424112 22.9397767085 22.7852163928 22.8013258375 23.1390589135 22.7703520152 23.0752080278 44.9207883778 44.9207883778 22.970382277 23.0526247547 22.9479287239 22.6840155477 23.0232375354 23.0036896043 23.0544925817 23.109225685 23.1292979814 23.1046106163
22.9057830667 22.5793619527 23.0327027246 22.716993043 22.6336342211 22.890324159 22.975218675 58.1855765344 22.5920934891 39.0000607647 39.0000607647 23.1507942668 22.5650598982 23.0641468397 22.5357000438 57.2959671345 22.6412514377 22.5549594689 22.5596280962 23.0198227238 22.5727777372 23.2012651023 22.9593118893 22.579828961 22.5148886797 22.8907702918 22.5591891242 22.9888428119 22.9163053177 22.9015956085 22.5717901232 22.9235802606 23.1062372485 23.0473289459 70.1860248667 45.3702322714 23.0238114906 22.5099465312 22.7193609666 23.1118674207 22.7680732882 22.7457601027 36.9287689704 22.7628783842 22.5192042981 22.9276793155 22.8379573677 22.8386238516 41.5501174754 22.9404320101 22.9118485514 23.0822581861 22.9765563148 22.8231814073 23.168959075 22.7125041585
22.8990265823 22.9938263655 22.9398369532 22.9356597556 23.0686357227 23.0478710017 73.0551026683 58.1855765344 22.6165930725 23.0226789833 23.1402403219 22.6733161161 22.5721876653 22.8877848668 22.9520582677 22.6498957731 22.5803332737 23.1619759301 22.9271086949 23.0846223445 22.7238938483 22.5574554558 23.0099638966 22.7093329366 22.8827437441 23.1877604638 22.7032467459 22.8667234768 23.180970492 22.7333588431 22.8104850983 23.1873439294 22.7540750747 23.1098921108 22.9023714898 22.9374240949 22.6658529624 22.840019171 22.8559573166 22.9343980661 22.7553067568 22.8083071198 22.601042886 22.5192945531 23.1875924593 23.072172349 23.007775942 22.6008481821 41.5501174754 23.0958433206 22.5559053232 22.9843328192 23.1167652741 22.9467507217 22.9090386215 22.7453559414
