Spatial_Output/BAU/BAU_0112.asc
NCOLS 155
NROWS 192
XLLCORNER 196769.923733
YLLCORNER 449719.875193
CELLSIZE 27.603701
NODATA_VALUE NaN
[rows 161 to 183 of 192, columns 53 to 105 of 155]
43.2195668204 43.7491508193 43.5508102165 43.5879133228 44.3820667321 43.0363679226 44.3978004558 45.4554663464 45.4485996219 32.2338076299 32.2338076299 44.4037400637 43.2602730398 45.1148507811 43.7151864868 45.0037083595 44.9356290915 43.0114701529 44.4768237929 45.3617641023 45.6833933904 43.5952185152 45.4148226355 45.5317656128 43.65764093 44.8897743717 43.7767079841 43.4965918578 44.0229156573 43.0652696067 45.2845075811 44.374903235 45.75958955 43.507655128 44.1148652386 43.4300354344 43.6543085039 44.2743130558 43.949166668 45.7921038878 43.7668367999 44.7413716671 78.9662551578 71.6416952267 78.9662551578 79.4693763773 43.5966280084 43.1953257025 45.6114806426 43.7618346774 43.4052401177 44.7894532971 45.3095917795
43.0388794503 45.1222335321 44.0840282718 44.7849828293 43.6578850681 45.4853064973 43.2747101933 43.8079690673 33.0833030194 33.0833030194 33.0833030194 33.0833030194 44.356994787 44.9725227635 44.378323546 44.0144119618 43.2915686823 43.4494952805 43.3478995991 45.0442901035 43.4583067179 44.0463738585 43.1724352568 44.5438919863 43.9180408247 45.4549326282 43.6517199379 44.814186914 45.6569260172 43.3867349196 44.7605687067 45.7997629458 43.0689666608 44.4495165877 44.7616466782 44.4309064012 45.0357043475 44.5869236769 45.4961513092 45.1686746511 45.0158158009 43.1601662353 44.2391217002 76.854118882 76.854118882 75.9626766039 45.6934857671 43.9896684888 43.6430877838 44.6725177829 43.6150851902 45.0200478802 43.2837343278
0 44.0931734525 43.0806598356 43.4830782983 45.743381372 43.8298919098 45.4172153812 44.2448183989 44.9737962834 33.0833030194 33.0833030194 67.3309542735 44.9080850814 44.9924875762 43.8128330854 43.9370197581 45.7829416344 44.0267080792 45.491101425 44.5798158597 44.249539389 43.5472295171 44.6414452099 45.146449659 43.6338519902 43.8532299503 44.5697486492 45.370190579 43.7408560988 45.4449046641 44.9049875304 43.7210549013 43.7732042686 44.8141854506 44.8465206034 44.8086885593 45.4077327459 43.268294295 45.1321385773 45.6041159955 44.8102335153 43.9884826708 43.0282967888 75.9626766039 43.5198908991 75.9626766039 44.2501114558 43.4784568274 45.1965021 43.0344966203 43.5879287773 43.812082331 44.0818579401
0 0 0 45.6096951909 44.083111963 45.3145361845 43.8175809594 44.6063130045 43.065384203 45.6606153244 67.3309542735 67.3309542735 81.6231876041 44.3679024387 44.3253537748 43.8369115836 43.6630600885 43.2435325956 43.4315988002 43.612636631 45.3047233816 45.7685834606 44.7703394202 43.0391426808 45.2680531181 45.2369442837 44.2065540043 45.1265552832 45.7682277984 43.1435045939 44.725073385 43.959001108 44.7462878907 43.999736595 44.4749596257 43.6560287916 44.1932408306 45.5120298651 45.0785753113 43.2407032432 43.1356933286 45.7018715439 43.8886754363 44.5729642698 59.1197494186 59.1197494186 59.1197494186 43.031996396 44.5418573916 43.8232134544 44.5694823241 43.7320806819 44.9105661741
0 0 0 0 0 0 43.9077028712 43.3414134674 44.8438331842 44.7220256068 81.6231876041 67.3309542735 45.4330158134 45.3487379468 44.5816889225 43.5992633245 44.0019790494 45.4720580696 43.203011378 45.4086221336 43.4829509059 43.9518584458 44.9456295682 45.5073866729 44.511192779 43.9791246039 44.2467082855 44.9537300999 43.8377355113 45.1497277957 45.6033521166 44.8143972031 44.8434296183 45.5922911661 43.6321824966 45.5195087187 44.7695710497 44.1956883629 44.8581574148 44.8422391671 44.692248891 44.9651652355 43.4723229866 43.897866226 59.1197494186 59.1197494186 43.3935981342 45.1666646285 44.9583821612 44.7943326148 43.466118253 44.7928133471 44.0962616955
0 0 0 0 0 0 0 0 32.5583406518 43.666537852 44.7346047128 81.6231876041 44.5804911086 43.4414028478 45.6194261347 45.7772913193 45.6535868669 0 45.5401026194 45.1261286862 45.0218916023 44.2541372972 45.4855478167 45.1747397551 44.2709019116 43.8410101092 43.2015822794 43.6533221715 43.9550515117 45.5426217014 45.6223979289 43.7357605638 45.4871191065 44.7152046615 44.2568966518 43.2101222115 44.7113094563 45.0362982949 45.3680953039 45.0675343063 43.8280936162 45.6141924502 44.9885469269 45.3812132507 45.3445453916 44.1367954453 45.2844961937 58.4878288266 45.3185320141 45.5980436892 45.3291228016 45.6552647036 44.6799094755
0 0 0 0 0 0 0 0 32.1732379795 33.3048338383 33.3048338383 44.544382844 44.3204236252 45.3840251612 43.2795906306 43.0715124359 0 0 0 45.1027650174 43.6853490492 45.0990674445 44.0291675382 44.2951301538 44.7209500533 44.449229759 44.7408985813 43.1980490713 43.3826937334 44.8032090021 44.9676467795 44.8462481565 45.2750726104 45.6534562972 44.023235604 44.8870433955 43.4511003791 44.5926208072 45.0915822873 43.5293813712 45.4991761322 45.348347421 43.1034336733 43.3428809227 45.2427122526 44.9803136025 74.3897358047 74.3897358047 44.2919259854 43.0954371852 43.0722387422 43.0531156588 43.1888265942
0 0 0 0 0 0 0 0 31.6594262528 32.5052879051 32.5052879051 57.9865208862 81.5595352787 81.0934121484 0 0 0 0 0 0 45.243249115 44.7042230918 45.4146114342 44.0011313563 43.6040678921 44.5215264054 45.6183012279 43.886919235 44.3671520097 44.3508476589 45.4796481843 43.0439186667 43.2346980467 43.0013839345 43.9741766717 43.8490460956 44.6215497251 45.7428379952 45.7084476261 44.538774872 45.417771257 45.6220408694 44.441045747 45.1469979016 43.3663449924 74.3897358047 74.3897358047 58.5918653964 58.5918653964 43.2197658052 44.0204427721 43.7364406488 44.8792865934
0 0 0 0 0 0 0 0 31.8422852387 31.8422852387 31.8422852387 31.8422852387 53.2785216128 63.3463587543 56.8193018661 0 0 0 0 0 44.6045691189 45.6122579403 45.2336771914 44.1438411887 43.0189236434 44.8581617492 44.1277954619 45.3875520099 44.6806619484 44.8802788876 45.5922160268 45.6795354961 43.7610288167 43.3563622143 44.7865294174 43.0021811662 44.9890706193 45.1504360999 44.5577299402 45.5810694078 44.6424420317 45.6196091265 43.113648335 43.0817035959 44.2632356438 44.4884452086 58.5918653964 58.5918653964 58.5918653964 44.4970694452 44.4634835763 43.1100163255 44.3416193964
0 0 0 0 0 0 0 0 33.1053174013 33.1053174013 33.1053174013 33.1053174013 55.4514937901 58.02577274 60.0700904273 55.7806394666 0 0 0 0 0 45.3005474753 45.4209602745 45.2317829198 44.1271854985 45.7390337367 44.2863989511 44.4924576107 43.5068102096 43.5137315073 44.4859660729 45.0339583708 43.4912607642 45.7925703168 44.2148228874 44.502225725 44.7094554081 45.1564200747 44.5940350885 43.3867722195 43.8915752663 43.8076504718 45.0070374948 43.6772881924 43.3881608012 44.1568895014 44.9433820346 55.2079214397 31.4126193899 31.4126193899 45.5541036301 44.7539485439 44.5210314769
0 0 0 0 0 0 0 0 33.4440733413 33.1053174013 33.1053174013 33.4440733413 55.231029725 64.4229908673 63.6916489874 0 0 0 0 0 0 0 44.6626663003 43.2666468321 44.0427143394 43.9184105463 44.9799474848 43.5587094401 45.6076339437 45.7239883081 44.6918307469 45.0183804102 43.2929804334 43.0552335578 43.3977934454 43.3254712156 44.7855440023 44.1866226195 44.8354153527 45.2631957873 44.7203201003 43.6895702474 43.3198945446 43.4991248029 43.8805521341 44.1799379412 44.2250863484 31.4126193899 59.773469732 59.773469732 43.6289542554 44.1984637279 44.3514250472
0 0 0 0 0 0 0 0 0 32.7419858549 32.7419858549 0 0 0 0 0 0 0 0 0 0 0 0 43.870579295 44.9416905619 43.6704079586 43.4608165776 44.8240718458 44.9053026569 44.4154319253 43.8237976631 43.9240861202 43.1942876409 44.617938166 44.7810931535 45.4018905389 45.6848996683 43.5849656828 44.1654617519 44.0629520853 45.4480414738 44.9217547182 45.1083382556 43.7292216688 44.3092739754 44.1834770774 43.2550753416 59.773469732 32.5836111485 32.5836111485 32.5836111485 45.4814490158 45.5892045423
0 0 0 0 0 0 0 0 33.4001845529 32.7419858549 32.7419858549 33.4001845529 0 0 0 0 0 0 0 0 0 0 0 0 43.1330244466 44.9189969608 44.4158186685 44.7655477273 44.3208558321 44.9525746078 43.5228650894 45.2688385828 43.9744285483 44.1715527528 45.1159788895 43.7729479362 44.5608470921 45.181090181 43.2548525052 43.9007908717 45.2142867755 44.9075691738 44.8588403945 45.3291938596 43.7423834083 43.357931519 45.5687177196 43.8739616489 32.5836111485 33.1475787439 33.1475787439 44.4223907262 44.2191582065
0 0 0 0 0 0 0 0 0 33.4001845529 33.4001845529 0 0 0 0 0 0 0 0 0 0 0 0 0 0 0 0 0 0 0 43.2409863706 43.6688884797 45.8006745202 44.2440156765 44.6462237819 44.755224303 44.5344598198 45.3970667542 45.0187705506 45.598658597 44.2409383233 45.7463926036 43.5893504856 43.0441377817 44.9495126747 45.5847379779 45.1554834636 44.7770593117 33.1475787439 33.1475787439 33.1475787439 43.5803798478 43.2267424441
0 0 0 0 0 0 0 0 31.9209637752 31.9209637752 31.9209637752 31.9209637752 0 0 0 0 0 0 0 0 0 0 0 0 0 0 0 0 0 0 0 0 0 0 43.563678169 43.7787595535 45.5579627082 45.5197331491 43.2799181878 43.8694412806 43.2936000189 44.4396047911 44.0418296918 44.7203188366 44.400176146 45.7870253862 44.5036469669 44.0632124127 45.0407468208 32.0268402289 68.0917002402 73.0423231921 45.4402369725
0 0 0 0 0 0 0 0 0 31.9209637752 31.9209637752 0 0 0 0 0 0 0 0 0 0 0 0 0 0 0 0 0 0 0 0 0 0 0 0 45.335591892 44.2521591507 44.5205641733 43.8907012732 45.7819500528 45.2828098458 45.4222841725 45.3885363552 44.9719104024 43.686750143 43.249749521 43.3854298484 44.6085948519 43.9179821964 68.0917002402 73.0423231921 32.9588111661 73.0655026114
0 0 0 0 0 0 0 0 0 33.2789968721 33.2789968721 0 0 0 0 0 0 0 0 0 0 0 0 0 0 0 0 0 0 0 0 0 0 0 0 0 44.6730580612 43.0721866701 44.5380616759 45.2460991079 45.5755381288 43.4965980749 45.5993417054 44.2384498186 45.6369139987 43.5724589857 43.7520202719 44.1448670901 43.9033665236 32.9588111661 32.9588111661 32.9588111661 56.3647730066
0 0 0 0 0 0 0 0 0 33.2789968721 33.2789968721 0 0 0 0 0 0 0 0 0 0 0 0 0 0 0 0 0 0 0 0 0 0 0 0 0 0 45.3929509775 43.2920683154 45.6403301424 43.763149983 44.5184058301 43.393585311 43.6294347269 44.0267027616 45.2503518246 44.2855692155 45.4078265654 44.8045022806 45.0881515434 44.8170347345 32.9588111661 56.3647730066
0 0 0 0 0 0 0 0 0 0 0 0 0 0 0 0 0 0 0 0 0 0 0 0 0 0 0 0 0 0 0 0 0 0 0 0 0 0 43.8668283906 44.3882247403 43.0534133901 45.56681388 44.1205448861 44.0824090713 43.1773875141 44.8355054881 44.6381409289 44.3054583009 43.0924055174 45.0374714896 32.9194625571 32.9194625571 32.9194625571
0 0 0 0 0 0 0 0 0 0 0 0 0 0 0 0 0 0 0 0 0 0 0 0 0 0 0 0 0 0 0 0 0 0 0 0 0 0 0 43.6718140427 43.5101986202 43.7329012293 45.1884567632 43.6304495215 44.0050186598 43.7252187154 45.2738102748 43.6992592658 43.4232455673 44.6024728516 33.1989083262 32.9194625571 32.9194625571
0 0 0 0 0 0 0 0 0 0 0 0 0 0 0 0 0 0 0 0 0 0 0 0 0 0 0 0 0 0 0 0 0 0 0 0 0 0 0 0 44.2795319339 43.9650560351 45.5592700378 43.2329352867 45.02146422 43.5395148969 45.4279009322 43.5339022939 45.2110411704 43.4751261994 43.9330041191 45.5197254847 75.8216396731
0 0 0 0 0 0 0 0 0 0 0 0 0 0 0 0 0 0 0 0 0 0 0 0 0 0 0 0 0 0 0 0 0 0 0 0 0 0 0 0 0 45.0834516689 45.7993923706 43.8139482793 43.0916954607 43.5792325633 44.4951253166 44.4539088227 44.3713934764 45.2045331021 44.5961772627 44.7862064464 73.5878054118
0 0 0 0 0 0 0 0 0 0 0 0 0 0 0 0 0 0 0 0 0 0 0 0 0 0 0 0 0 0 0 0 0 0 0 0 0 0 0 0 0 0 44.2382158766 44.9198921484 43.5583610573 44.094990992 45.590741242 43.6713898898 43.1477460609 45.2679815378 44.7296940571 44.3262538895 31.6060787623
