Spatial_Output/BAU/BAU_0385.asc
NCOLS 155
NROWS 192
XLLCORNER 196769.923733
YLLCORNER 449719.875193
CELLSIZE 27.603701
NODATA_VALUE NaN
[rows 115 to 137 of 192, columns 0 to 52 of 155]
0 0 0 0 0 0 0 0 0 0 0 0 0 0 0 0 0 0 0 0 31.556728265 32.3468336916 34.5599474791 32.848412331 34.8967304538 33.3843975522 34.9227961284 34.4803454095 33.1681911695 33.5547060962 32.3895156496 33.8035402946 31.5933517664 33.1955434784 33.9587259191 31.9112626904 31.8248568893 34.1266107367 32.2500999254 34.9862451985 33.0161948645 34.7063516626 34.5743865898 33.9235307072 33.5084082759 33.72332654 32.6509964792 35.0056959402 34.5570716785 33.9613101438 33.2142513113 33.2080174184 32.6324635333
0 0 0 0 0 0 0 0 0 0 0 0 0 0 0 0 0 0 0 0 34.3824652518 35.030569193 32.5807498596 33.7126323376 34.8752927619 32.8481504464 33.3961175775 34.2971352552 34.5979763088 34.5007861448 34.2225906037 31.745590503 31.8559567582 34.3259764688 33.7483424567 32.1464335053 32.4655277783 33.8647844255 33.0891136359 31.9104842044 33.5198610773 33.1330100124 33.7790547803 32.8306368958 33.5886627709 34.2988905634 34.3685711606 31.854837759 47.6898653671 47.6898653671 31.8708630419 33.6924519697 33.4139648375
0 0 0 0 0 0 0 0 0 0 0 0 0 0 0 0 0 0 0 0 0 33.6857058166 34.3026436998 33.3880645445 31.7993040383 32.1825176195 34.9083074496 34.4000323682 35.0262508502 34.8006101184 34.7538865306 34.3839377915 31.8189023978 34.4637637788 32.4518164124 32.3144162422 34.7365334555 32.9774473131 31.99077079 34.6879724964 34.7338781779 32.7416665698 32.5451279653 31.6170801566 34.7866367901 33.3458104849 34.3194312138 34.5836136075 47.6898653671 47.6898653671 47.6898653671 33.29087541 34.0871079342
0 0 0 0 0 0 0 0 0 0 0 0 0 0 0 0 0 0 0 0 0 33.798965585 33.9113173963 34.8811558922 33.1679136472 34.0527813185 33.6860080401 32.0997247844 33.8640050074 32.7416212292 31.5598992 34.8808037586 31.6701351791 33.9893424488 33.9184448462 34.0755412312 34.0371864797 32.6336078122 31.9035781011 32.2550389919 34.4502811012 33.639340098 34.4294301179 34.998785594 62.0383358451 62.0383358451 34.6353213289 32.1789897498 40.9570910301 32.244057734 31.562632155 32.6927928797 33.7856270924
0 0 0 0 0 0 0 0 0 0 0 0 0 0 0 0 0 0 0 0 0 0 33.5556405311 33.2642001963 31.857547984 34.7292576583 34.0676374548 32.7144883779 32.0695805136 33.6878664226 32.4618845895 32.290539506 34.2045098936 31.7901644003 31.6503711633 32.9873738366 34.5817393025 33.4810650251 34.4027811583 31.5984973545 33.2647775252 33.7069997605 33.2226358999 34.2763931956 31.6023533003 62.8488184223 33.94518213 62.8488184223 32.0234454873 34.145519104 34.4868724782 33.67971863 34.404037526
0 0 0 0 0 0 0 0 0 0 0 0 0 0 0 0 0 0 0 0 0 0 35.019537336 31.8547333071 34.4252365486 32.2952188408 32.575450528 34.5048143901 33.5975751121 34.9195222396 32.9102112348 33.0310712497 32.3343035572 31.6306572002 34.0872815258 33.6992861261 34.2998158926 31.870597633 33.280809126 32.1342609105 34.3993584436 34.1886695685 31.9304419866 32.6959185389 62.0383358451 62.8488184223 62.8488184223 32.9426979367 33.1394144228 33.2860344265 59.8581305881 32.9163913727 34.1749536379
0 0 0 0 0 0 0 0 0 0 0 0 0 0 0 0 0 0 0 0 0 0 0 33.0465446281 34.3807910573 33.2304494595 33.453541034 34.6766097878 33.3058922366 31.5325375984 34.9310904445 33.1695703132 32.1170180793 34.6106752006 34.8225246944 32.6489163294 35.0192789934 32.109526412 31.946987216 33.4794742396 34.8181480001 33.6630045934 33.8364934719 31.7662794011 33.4752212134 32.8628779268 33.9382364989 33.4532737535 33.5500384023 65.4614270399 33.8185045263 31.9446999302 33.8533325956
0 0 0 0 0 0 0 0 0 0 0 0 0 0 0 0 0 0 0 0 0 0 0 0 33.4198979672 33.6668568311 34.3491782554 33.8964142037 31.7112581551 34.234157572 32.7395754479 31.6894240112 32.5001640265 34.2812541229 33.6591108863 31.5459521964 31.8506556149 32.3264481129 31.9233289729 34.4908131435 35.0127302127 33.7064795576 33.7584354219 32.9311067977 32.3986964283 33.9607801761 31.7498151095 31.9263820054 33.5068488467 53.2253274761 68.8842293553 68.6674960169 33.5838481707
0 0 0 0 0 0 0 0 0 0 0 0 0 0 0 0 0 0 0 0 0 0 0 0 32.4068388597 34.2900959266 33.5046239907 32.0935416165 32.5229063103 33.587043024 33.0424977085 33.0594968896 33.0733916653 33.7039691933 34.3681322199 32.5647688844 32.3619278982 33.0659486671 32.3519816423 34.8399104172 34.9847119028 66.8092072588 59.6591969708 59.6591969708 33.9112054233 34.4494607781 54.8309856241 51.514721011 51.514721011 34.3715534557 68.8842293553 68.6674960169 34.2445232226
0 0 0 0 0 0 0 0 0 0 0 0 0 0 0 0 0 0 0 0 0 0 0 0 0 34.3887041851 33.3962674068 32.8632876704 32.9262213767 34.3473932771 34.8748114692 33.4918140445 32.4832317769 32.5747887688 33.6093589083 33.0057628179 32.4617471241 32.1605664054 34.5215195088 32.824276923 32.4889431624 32.0892701727 32.4672062966 59.6591969708 33.7841703179 33.3927074571 51.514721011 51.514721011 51.514721011 53.2253274761 34.5136553352 68.6674960169 33.2889705049
0 0 0 0 0 0 0 0 0 0 0 0 0 0 0 0 0 0 0 0 0 0 0 0 0 33.6762798123 34.7153044602 34.5147742903 31.8444412787 31.8411027793 31.7681679652 33.9860375639 31.5107510102 34.8895913126 34.3832393778 34.8358406065 31.8659304913 31.8750711202 31.8524918076 34.2113250159 31.5667964361 34.5915349027 31.6531029252 34.4941038838 31.7531368978 33.5954046876 54.8309856241 51.514721011 34.5911434557 35.0282368667 31.7839310989 33.5726140578 33.3129041466
0 0 0 0 0 0 0 0 0 0 0 0 0 0 0 0 0 0 0 0 0 0 0 0 0 0 32.5761207569 33.8371641001 33.8237718271 33.4740125996 32.6564277009 33.6811930749 69.1446327752 65.7450237795 65.7450237795 65.7450237795 63.11847625 63.9660363224 64.8883614053 33.4923384088 34.0334779468 34.6618203294 58.6366500269 34.6016652656 34.7941432005 34.4225156562 32.6597773514 33.039233875 33.7491641396 34.9690988568 34.9441087586 32.5394883413 32.7833881965
0 0 0 0 0 0 0 0 0 0 0 0 0 0 0 0 0 0 0 0 0 0 0 0 0 0 32.240166028 34.1643411839 33.8188983364 33.6967961456 33.8496883812 41.693736849 41.693736849 65.7450237795 65.7450237795 32.8102590176 63.11847625 33.026300078 31.5838273959 33.0068086957 58.6366500269 58.6366500269 58.6366500269 33.0520350755 32.5941152554 34.3461719041 35.0114587165 32.9063886261 32.4537864992 33.4863429349 33.8866552814 34.6324627817 31.5716792962
0 0 0 0 0 0 0 0 0 0 0 0 0 0 0 0 0 0 0 0 0 0 0 0 92.5023289555 63.29164089 86.6015733954 33.6712518651 33.6872609641 33.3091237728 32.2110205506 41.693736849 41.693736849 34.1039387869 65.7450237795 34.4809591154 34.0401291739 32.220363535 32.5202062796 31.8589920062 32.167596077 66.4444287221 33.3055299117 33.6087219674 34.2499887089 33.8995110975 33.5277170347 34.1752089237 33.1003889028 34.3097492035 33.9959262423 34.0226417371 32.9207616449
0 0 0 0 0 0 0 0 0 0 0 0 0 0 0 0 0 0 0 0 0 0 59.631987258 75.1138223421 53.2582331391 86.3057813719 86.3057813719 86.6015733954 34.1135729806 33.2136116499 33.0947942773 34.274343822 41.693736849 32.6569552927 34.7509226731 34.7073756012 32.2723604547 31.6710992909 32.8060202278 32.4304052609 66.4444287221 66.4444287221 66.4444287221 34.1026651472 34.355510887 32.416535307 33.6027556792 34.7966498746 34.8727064433 34.3787525468 33.3156157011 31.7599329906 33.7779603433
0 0 0 0 0 0 0 0 0 0 0 0 0 0 0 0 0 0 71.1799600804 60.0215400038 62.0512239531 62.0512239531 69.6059763128 69.6059763128 69.6059763128 53.2582331391 57.9880674096 86.6015733954 34.3472260888 33.4216141508 32.2395727637 34.5012526252 32.0072590916 32.6503926598 32.8990701894 34.1822870261 33.0736923887 31.8861641759 32.2048094158 32.7793323926 75.9840769645 75.9840769645 33.1916084501 33.8310745814 31.7887530142 32.8379147861 32.0340248858 34.3525123356 32.8422511754 34.9776051903 32.0751465067 32.6494831421 32.1936347765
0 0 0 0 0 0 0 0 0 0 0 0 0 0 0 64.2777136493 54.5053815557 62.300969017 81.7092232452 68.5059831598 68.5059831598 62.0512239531 62.0512239531 69.6059763128 69.6059763128 53.2582331391 58.3494605592 0 0 31.8416702591 32.8086181775 33.4319702818 33.3162995072 33.2791891261 32.9182011141 32.5658846049 34.0501701235 32.1198353629 31.5590293598 68.8828708549 68.8828708549 68.8828708549 32.7761981096 33.7438928424 32.9184962817 31.5029139865 34.6345384789 33.3348444585 34.9241238202 31.7820182555 31.9573711042 31.9492977178 33.8148958849
0 0 0 0 0 0 0 0 0 0 0 0 0 0 0 55.4821471063 59.9666106656 66.4000567886 53.7314942307 68.5059831598 68.5059831598 62.0512239531 49.1956079817 61.5620823238 76.6273452456 55.3331103639 0 0 0 0 33.1252409597 34.1236914175 33.1207243063 33.7871403256 31.5184997061 31.6699617878 33.5203680021 34.0784063313 31.9586823475 34.6222098459 68.8828708549 68.8828708549 33.6531879838 32.74504116 34.4234433436 34.0175899412 32.6957687629 34.9803368424 34.7737553955 32.2315477539 32.2900643786 33.7371864582 34.3976514012
0 0 0 0 0 0 0 0 0 0 0 0 0 0 0 55.7436028924 63.4542128251 60.8209003657 53.7314942307 43.5805760205 68.5059831598 0 0 0 0 0 0 0 0 0 34.3673099742 34.8451283418 34.2788045218 34.0230362942 33.3388020826 32.5306611754 31.9824847536 32.4253067793 31.57931965 32.823806934 32.223007512 34.9952946074 32.1656967681 32.1022592751 31.8047685522 31.5415511842 34.7616808868 32.6340856488 32.6140211971 31.7158051776 32.3266796676 32.7741473407 34.5226144116
0 0 0 0 0 0 0 0 0 0 0 0 0 0 0 51.2983471652 63.3044988305 75.5668263544 76.3557584598 0 0 0 0 0 0 0 0 0 0 0 0 33.8786313356 34.9034205485 33.3595809181 33.5785807078 32.6152968206 31.7509243701 31.6381280226 31.7770758905 33.3076826491 31.6464020004 34.2424022165 32.6499438179 33.3102681761 32.8101560696 34.5094614278 31.9342050582 34.084326174 34.8523175306 32.571301128 34.1566892843 34.631068114 34.368905854
0 0 0 0 0 0 0 0 0 0 0 0 0 0 0 0 0 0 0 0 0 0 0 0 0 0 0 0 0 0 0 0 32.3111672477 34.2391033045 34.4192598219 32.7920186558 33.2644610833 33.8805060985 31.9708804582 32.7430179214 33.2672588492 33.9572220101 33.1674705048 32.713128303 32.5167159907 34.0145019022 35.0291619527 34.9129589256 35.0280906386 31.5910094408 34.9603341163 34.0387752939 34.8280136084
0 0 0 0 0 0 0 0 0 0 0 0 0 0 0 0 0 0 0 0 0 0 0 0 0 0 0 0 0 0 0 0 0 33.1317652702 34.689383093 33.5711686002 32.4946667194 31.5222568523 32.1288589308 48.4411960163 32.0993657214 75.9590807261 32.7040883033 31.9532829748 32.2930803491 31.9011096388 31.839287807 32.738549211 31.8417810454 31.5091861518 34.3326289277 32.3424478947 33.1945031802
0 0 0 0 0 0 0 0 0 0 0 0 0 0 0 0 0 0 0 0 0 0 0 0 0 0 0 0 0 0 0 0 0 34.9792474732 33.7596173411 34.9238317482 31.791077882 34.3889182963 33.563986901 48.4411960163 33.9602447302 49.4131806728 32.8069893473 34.8564777006 31.8164166131 31.6271930673 33.8569284347 34.3239471228 33.3056979327 31.8959107591 32.6265349245 31.654988716 33.1775476063
