Spatial_Output/BAU/BAU_0769.asc
NCOLS 155
NROWS 192
XLLCORNER 196769.923733
YLLCORNER 449719.875193
CELLSIZE 27.603701
NODATA_VALUE NaN
[rows 46 to 68 of 192, columns 0 to 52 of 155]
26.8800109244 25.8915601437 25.6454835885 25.2110455709 23.1514642468 23.3991308486 23.415229928 24.2975410276 26.8428497902 24.2347248704 25.8955844323 26.7293193118 55.4355729062 26.6761053917 26.0876645142 23.131542037 27.0689505057 26.3157559399 25.4074608658 26.1137355702 58.2772881211 69.2873100139 69.2873100139 69.2873100139 26.2769296817 26.000555931 25.5619125404 26.5064310153 24.9632148063 23.7037899344 25.1766897827 23.4694742957 50.9097424936 44.2467995579 23.5010672415 45.8593778915 23.7352901604 26.4774361399 24.3402219455 25.0338716795 26.68793793 23.8187254007 24.8083228825 24.3704388352 23.5626471483 26.6178436099 26.2401929844 26.7326558143 23.03924864 25.7225123994 23.420778938 58.9054608815 58.9054608815
23.3261270368 24.6673102852 24.8654565888 26.1243611943 26.9337479471 25.1464360594 24.5925707727 23.2261822831 26.6256830138 25.3387753683 24.8809822576 55.4355729062 55.4355729062 55.4355729062 24.7327694954 25.5890593012 26.879183281 24.2069835726 26.0388861682 26.3787699313 23.6146991065 26.3517916792 69.2873100139 26.3663906252 26.7320539093 26.3840956554 23.9719943736 27.2099061743 25.9448705617 24.5366362622 23.3487740901 66.5950249441 66.8537046413 66.8537046413 23.1826924639 25.1225175947 26.9570931843 26.0710012023 24.0683687947 24.3281588272 24.1282800381 26.8600897314 23.7523513747 23.8493414019 25.5946674184 26.4713850887 24.1244247615 25.6897213039 23.7207346856 24.7824243508 25.5980187571 25.2934523227 27.1855346614
25.2686127884 23.7773720627 23.5404520834 26.5429009852 25.5845794377 26.1144705825 25.8500127721 24.7813673776 23.1110672076 26.6959054071 25.4541122438 26.7912973037 56.8162472975 56.8162472975 56.8162472975 24.8804847491 25.5707964484 24.5848671178 24.6864471146 26.6171443223 26.7510364337 23.0169996401 26.7301733826 45.2956698147 24.6635682797 24.8547632305 24.6055646393 23.0466730923 23.3722820619 24.8062365641 25.483884528 66.8537046413 45.9950995887 45.9950995887 66.8537046413 23.3925003149 26.069805109 24.7755969113 26.9902783428 26.1991144719 23.7977553966 24.0004487183 25.0176458164 23.0588452105 24.0761384918 26.2925887244 23.4001126071 23.2431794147 26.6755211409 25.0059673613 25.6573089819 25.3790581213 51.0945118493
24.2819627595 23.3622480332 23.1653462456 23.2034076126 25.4896350868 26.3512509806 25.5068400653 23.1534898996 26.4014156736 25.7110653208 24.650581895 24.6707098513 56.8162472975 26.5953647573 25.3123268747 24.0502909551 26.0245569983 25.1640213335 24.7265200441 25.4058306597 25.9243796493 26.1174445017 26.5965883397 56.79971407 23.6696346954 23.9099984007 25.80883304 26.2000923885 27.189382417 25.212037241 24.9157988884 42.3117030137 45.9950995887 45.9950995887 42.3117030137 24.9099212006 23.1924119211 23.2253752975 24.2544184906 26.1553197601 25.1601929897 24.7469342008 25.6232142069 23.2475274881 25.4237630309 25.8370109159 23.0941803798 25.3453817766 23.8218924987 26.0751895702 26.8488037068 23.8716073251 65.2919034127
27.2343153634 23.4730148286 23.6126289892 24.4068667327 24.8392415777 25.6073608523 26.2131291173 24.2671544848 23.4056893879 26.6977059427 24.1304487157 24.9788697027 23.7596848009 26.5219392041 56.5828881739 56.5828881739 25.6672620585 24.9361882207 23.6619154186 26.9446036405 24.88297591 26.7296057868 56.79971407 56.79971407 24.8272460028 23.0434830913 23.3021843307 23.4821791627 27.0259310271 23.5460267715 26.3281414942 25.7650650879 26.5197743948 25.3442054108 25.0307912607 25.3699254446 26.7008808241 26.2388475262 26.1453797453 26.3157597083 26.6438824243 26.3400713814 24.8163563194 26.965676505 26.4554541309 23.2950378678 24.1107730256 23.6536772755 25.1112948693 25.4865459903 24.4307456707 24.0804552438 26.4472860269
24.1007962268 26.8227311148 24.8406146262 23.849279978 27.0635732778 26.7194048847 23.5110182107 25.5888136482 26.1650897429 25.2502526684 23.456873191 25.1521930218 23.840899727 23.7520048066 56.5828881739 56.5828881739 24.9635165527 24.2671463803 25.0987099736 23.3982757937 24.7801320164 26.6086994627 24.4240999247 57.0076221666 57.0076221666 25.5585023556 23.5867522129 25.1616252276 23.1707026068 25.5250983606 23.985872122 26.4913764059 24.3948688229 67.7815259878 23.6489026773 24.0310538186 25.5529407748 26.3672704752 25.5728332034 27.0364419515 27.1109365255 24.7828989589 24.5979183009 26.047814507 26.8999127618 23.1033204866 27.0373760167 26.6411790759 26.9858592856 23.2683052403 25.6823993181 26.0788135696 51.6812068454
23.1628133205 25.778147476 24.9168226857 26.782280463 24.6070183675 27.1325032487 26.2157784936 25.0618052093 24.2057592149 26.0718413384 24.9343057626 26.1171783116 23.7206195917 24.9270698232 26.7539960253 26.0331019705 23.4438714125 24.2078027866 23.3176445842 25.4887039599 26.8311506458 23.0664098965 57.0076221666 57.0076221666 57.0076221666 25.1335329637 25.4518085504 24.4667768451 26.6973273856 25.3209094906 61.4132973196 23.5182280316 23.8925057851 67.7815259878 24.254347347 26.1697296693 27.1035701229 25.8027962121 24.7093921169 26.8280858951 23.2560931734 23.7454973368 26.5816812306 26.8541515585 26.0314727668 27.0814696724 26.2297887267 25.1578075587 25.1728331923 23.6456921091 25.1505888215 26.8913356658 65.4683353979
24.833911882 23.3470939528 23.5447658952 24.9559861393 25.5447327028 27.0137322031 24.0522494408 25.8293111457 27.0691498967 24.1267276166 24.3550444724 26.9054614976 24.7758674942 23.1044725994 24.9337307421 26.4857357276 23.019606531 25.6272964038 25.4664009554 23.5250868651 26.8462196373 25.6134712227 23.229947626 23.4586564134 26.3656308648 23.0523476601 27.0149856024 26.0634966867 23.3897457173 24.7342018839 26.2701346138 25.9731973073 23.0681214069 24.9944465586 24.1109010811 25.450895657 24.6828382178 26.4736809192 25.2012824565 26.9812039486 25.1129251556 23.268516557 26.2698379897 23.3505782801 24.6217839844 25.4550491494 25.5701033751 26.4980055906 26.0283730721 23.5587923047 25.3024583696 23.5788215583 52.3946715443
23.3931557529 26.2617496651 24.366472211 24.5808250327 23.648293403 23.0463154594 23.8226342241 25.1141456607 24.2039690264 24.0073065197 25.5415422982 26.4657887634 24.5193054196 25.611575774 23.4422359245 26.5014348005 55.5099785662 24.0215579262 26.6826564078 26.6885941121 24.3083248548 24.7637815816 24.2693999427 24.9823425647 23.1712737326 25.1042297944 27.1100088203 23.3552542561 26.6494473053 24.7462125225 23.5120244086 23.3063195146 24.8631499228 25.6037180617 27.1546118464 23.6736547632 23.3374169652 23.8522993472 26.9800715803 26.3272733965 25.8867486495 26.8208654575 25.6866857999 26.095506144 23.4682096471 26.6885230086 24.2235572012 25.5932548687 26.9370782213 25.3975473917 25.0427053102 26.8865917927 62.1789722123
23.9084765787 25.681548652 24.4060413851 25.0512527556 23.8547232294 23.6314299037 26.5350345328 23.5507088454 25.0093403508 23.1399297274 25.617856852 24.7518518324 24.0279811724 23.2003605041 27.0547003172 55.5099785662 55.5099785662 55.5099785662 26.4223011624 26.3663740225 25.5168798908 24.6954738724 23.58867625 23.5317626437 24.6366203853 26.7175599099 24.7928594344 25.2420040441 26.4782965841 24.1927718913 23.2381768774 23.0997465124 26.5829061867 27.138008748 26.6609321591 25.5179337812 24.5622250804 26.1802541681 23.274727231 24.0978928094 26.9581967495 26.5032931594 25.8044183713 23.9355693701 24.6649726369 26.3075150256 24.3737265756 24.4791342047 25.3289170025 24.1034129317 24.2882972514 24.0439837322 62.2715041203
23.1006168674 26.5434852143 23.8128291753 25.387250954 23.4852284154 24.3719174897 26.0125836663 25.9826809923 23.4937102139 26.8319555673 23.0881009003 24.5892264108 27.1001810719 23.4057967357 23.7178425882 24.1790205625 55.5099785662 25.0690381742 24.8959701491 26.4366213824 23.4469156503 26.0132995832 23.6695550786 25.742149295 23.1107470126 24.4493971753 24.1964201468 24.4792496285 26.0538815803 25.5856304965 25.6387854363 24.6035583305 24.3896149945 25.0406177104 26.1616068375 26.8104008516 25.6729950012 26.6955090796 26.4817960093 25.2536960814 24.6959476235 23.4312833242 26.2502311282 26.8552725177 25.0404049108 23.9083780656 26.1904343392 23.9045397613 23.594527983 25.1419332892 23.9707291778 23.558005409 25.3175803712
26.825552643 26.358109114 23.1556424519 23.5979936488 26.5454048562 27.1175475963 26.5813691026 27.1428776254 23.4930968591 26.3289457283 26.6920262126 23.7648527953 23.4432422983 23.1730615416 24.9778807663 23.7692982317 24.8060777946 26.8476062999 24.8684514841 24.3632661375 23.9340610615 23.6712857538 26.6114709264 24.0445282591 25.5612984795 47.5553330148 25.6612847056 23.2987954302 23.7892862461 24.7164708952 25.4419857627 23.4709582403 25.1859974173 24.8065211264 25.3500007214 24.9447887516 26.8469099557 23.9404864089 25.8030588222 24.6944440542 25.8345018657 26.2418331479 24.0830642174 26.5470279372 23.5920096698 23.3813747195 25.6408014081 26.6699069637 25.0623945908 24.9351243538 24.3315261182 66.508597371 26.0445467098
25.5015276532 24.0207038258 24.2029431682 26.6090219435 25.9419186817 24.5240051022 26.1356014051 23.5583865502 23.7151059577 23.2508381756 25.5199933097 25.016496077 23.4676208013 26.1234394875 23.7809082665 38.1582663551 27.2212053373 24.0968041589 26.8470610307 23.5823072404 26.0923052191 25.6514626085 23.9407599875 25.7498242478 25.8500932096 44.7472877198 24.2251136724 25.2845674947 26.1524748977 23.9576324155 24.1812943935 24.1941192431 24.4743395655 23.2862299238 25.7871356408 23.4478565414 23.9601015935 26.8184869922 24.0473025803 23.2494436 24.305365961 25.1314321199 24.2104476069 26.6739682287 25.1526072081 26.8120310588 24.8235874081 23.6229967449 27.0416463099 26.6534131914 66.508597371 66.508597371 66.508597371
23.020049484 26.45973644 24.7165124709 24.4745542397 24.6270646553 27.0797413554 26.607761631 24.1429851519 26.2290891867 26.9580789906 25.6985583834 27.0890399671 24.4979569547 26.4139273195 23.7381475317 62.9743142857 62.9743142857 62.9743142857 25.5270986065 25.0915561093 25.0509630004 26.6014037213 27.1891258157 25.175954685 44.728348317 44.728348317 44.728348317 23.0064750887 23.2705962863 26.2751451168 24.8068676468 24.0770083516 23.9342587881 24.0929531672 23.293056475 25.4898385133 26.6507113486 25.9755771527 25.7036363717 24.8109300958 23.3651461155 26.4917192045 24.7750689236 24.4238835179 24.5468574003 24.0320156127 27.0146894 23.1465797424 25.7655943565 23.5150312202 49.5583345224 50.7666852849 50.7666852849
25.7337869469 25.9275276969 23.6213020326 25.771014331 23.9625437129 26.9462556933 24.223132226 23.4417659946 23.9254622387 24.1461296265 23.3157394482 26.1546909055 25.8120041214 23.4697682803 26.974183108 44.612216361 62.9743142857 62.9743142857 66.8331291729 26.7075427955 25.6285865595 24.048720058 26.8278100944 39.7584813591 44.728348317 44.728348317 26.6591863036 55.6635559 56.2158889488 25.7932307031 23.854908382 23.6116375709 26.0304923987 26.3606328286 25.018792574 23.7801730478 26.1771296823 23.068467929 25.8793840469 23.8143102204 24.6947622478 24.4218179675 26.5568781616 26.7667304318 25.7177970442 23.4264607975 27.1170216364 24.5422194519 26.1935981665 23.7934807982 43.5877901113 46.581938724 46.581938724
26.5115744345 27.1540088369 25.4213850723 23.7180189464 25.832940135 23.9158507174 25.2849059809 25.6501052119 24.0975349921 26.9415086912 25.3192344371 24.3805190224 23.1303090949 25.3604865232 25.1620547846 44.612216361 44.612216361 24.2144924241 42.379821444 66.8331291729 25.6539511197 24.8123741435 39.7584813591 39.7584813591 39.7584813591 23.2800729076 54.5836152421 54.5836152421 23.939815125 24.6946646901 23.1747728657 25.6855376632 25.5372941229 25.8190791715 26.316962551 23.3773533337 24.4447462667 24.772531459 27.2305524633 24.8265692294 23.6267126329 24.2065090965 26.3168473044 26.04327775 26.3153782402 23.5067734161 26.6584079463 26.9349166346 24.9198307665 26.831667245 24.9239885653 41.0607217601 46.581938724
26.2344009576 25.2772053421 26.9974341932 24.9166960959 23.2653738277 26.4335993067 26.750740532 24.1020342998 23.9705999751 23.7680508254 24.547626019 27.196264719 26.4315431863 25.0926713279 24.5224904881 44.612216361 53.5692117123 25.1109140814 66.8331291729 54.7137075447 26.0397883912 24.0790401108 24.9738070548 39.7584813591 27.0897852761 39.6993504974 39.6993504974 26.8142134491 23.800711801 24.0863641826 24.2827433686 24.6451145954 25.3585176915 48.5837102772 23.2895796321 23.6594323701 24.0004319642 23.8409957627 24.8283227279 25.3175524766 26.6707653556 26.3024019585 27.1746683861 26.2156080168 25.7617133963 24.6753456807 23.3897251903 25.4103348771 26.8261149323 23.1324344651 58.4219634757 39.2483631952 39.2483631952
26.6669743101 24.049484353 23.0702285963 24.7525771973 23.1575426864 25.9984811171 25.2309705442 23.0592163749 23.5595893023 26.3663908643 23.5965336537 26.500863376 25.4289578152 24.1362772064 27.0513513613 24.9746256485 24.1884462279 47.8508605807 47.8508605807 27.0417460311 25.5089099182 24.6834055465 25.4328362156 25.6017433391 39.6993504974 39.6993504974 39.6993504974 56.2103868003 25.346358275 26.4534895111 24.7268211679 26.0819512957 55.2313735983 55.2313735983 55.2313735983 25.6721966892 23.4815849456 27.1141826883 26.1373477568 25.6914716252 26.7204229974 26.1356819463 26.7843639165 25.3576212251 27.0882209276 25.5644781182 24.7083988017 26.5614967689 24.8194656413 24.747909111 59.7595694615 59.7595694615 59.7595694615
26.9407701818 24.0948338982 24.4263826256 25.55073399 23.4845593199 26.9278617512 25.444994213 23.3352502369 26.4206808042 26.9051852917 24.579486976 26.134720366 26.3668237598 23.9684523331 26.415810544 25.5642105784 24.2021292737 24.7011643977 25.3494789637 27.008986549 24.9944689699 26.978317446 24.9910107235 23.0228642016 25.7863266499 48.4024303595 48.4024303595 53.5303316976 26.6091343281 26.4329360148 26.9476945552 26.3684181861 55.2313735983 55.2313735983 55.2313735983 23.4371749017 27.1329888919 23.1536015963 23.6925026557 23.6992187103 25.4040540724 25.2840445462 24.8321092019 23.3839538167 25.9723016222 24.9652728951 23.6981423157 23.3740930811 26.7911840604 26.8715873174 43.9445857196 54.5296753284 43.9445857196
24.2953141995 23.0772664393 23.8197720163 24.9262643704 26.9324209865 27.0755669852 25.1557890014 24.2846837552 24.4297765552 25.7560649263 27.2289388573 23.8977024224 25.5516094581 26.441668516 26.3695627892 26.8107405812 25.8961957179 26.2253939228 46.5482585537 24.6439659952 24.87865194 23.90033762 23.587115545 25.9227681219 26.9991352064 48.4024303595 56.12726048 56.12726048 23.5532144932 27.1577783096 25.8408063827 26.2540440332 49.2932946558 63.7149894176 63.7149894176 24.4456613846 23.6952567089 23.5173400926 23.4536157242 26.4481173141 25.0830524875 24.0531427242 26.9984942244 27.2261849166 26.4581508338 23.4221050458 23.6861873254 23.5568656921 26.594768598 26.1352077255 54.5296753284 54.8784270277 54.5296753284
26.9977156573 24.5783824195 26.7016311833 23.0529380312 26.2819024229 26.0143326304 26.9192347106 26.0400591813 23.3286459735 26.9280822028 23.7539099431 25.6732082107 26.5213221347 24.8487764034 24.3752254809 27.2242710666 26.7537307858 26.1210568444 46.5482585537 46.5482585537 46.5482585537 26.4530460949 24.886315836 26.2088113437 23.8067802022 56.12726048 56.12726048 56.12726048 26.3421582943 25.0016328149 23.3313018993 24.3721909802 63.7149894176 63.7149894176 63.7149894176 25.5608756927 23.5625343116 27.0692642786 25.1569179745 26.5655735093 25.1842544896 23.0266491691 26.9759717434 23.3631705774 24.6755193749 25.6110081624 25.0977903485 26.1870283247 26.9497465139 24.0729778114 54.8784270277 54.8784270277 54.8784270277
23.1743988755 26.2014946792 24.1455565641 24.3497313951 23.0258513859 23.5100781925 26.2023394829 26.4454401086 23.2868294042 23.2015145956 25.3944462158 23.4383718036 26.1718435741 26.5504584284 25.1046634064 24.4166929293 27.091376953 25.5327905383 46.5482585537 46.5482585537 26.1060796024 25.7628598276 24.1316462265 25.6504203692 24.0799138826 24.9197385097 26.7335699138 76.7944907045 25.0886317118 25.2521020332 24.6295032801 26.6283755174 45.7810867441 26.2741032878 57.7139026074 23.7774444022 23.8904463269 23.472865028 25.9550619887 23.3783382966 23.9836367892 27.0807880789 24.771423759 24.8612173439 25.1483956534 26.8263464642 23.213654468 23.1940768997 26.6634311149 23.3218995927 37.1361078387 54.8784270277 37.1361078387
24.9932661603 24.6567154389 24.0618522973 26.493771735 26.9877970247 26.4712914704 26.4287828089 24.6733672854 24.6259038272 23.1867031594 24.0845639916 24.5773721826 26.0198815857 23.6223591586 27.0121858758 26.6017480723 25.3391529176 24.2968132667 23.3420090908 27.1058251929 23.8313080349 23.1505126523 25.1667760092 25.8014831468 25.9662105357 26.8026377768 26.528940868 24.0499519851 37.1393105953 25.3523484021 23.7356542705 26.6701280088 25.4208674852 43.3827008317 43.3827008317 24.0892648434 27.0331784986 24.0315964603 23.7725086256 24.0553790985 26.7902711432 23.0423011823 24.4375093619 25.5463793818 24.4546759476 26.3883375548 23.663433351 23.6429610302 27.0698086277 24.5355916279 47.8551188255 66.9012023098 66.9012023098
