Spatial_Output/BAU/BAU_1069.asc
NCOLS 155
NROWS 192
XLLCORNER 196307.867259
YLLCORNER 449144.565805
CELLSIZE 33.573938
NODATA_VALUE NaN
[rows 150 to 174 of 192, columns 56 to 111 of 155]
22.5724153607 22.9260938897 23.1855453563 22.9730227148 22.881534955 23.1702020374 22.5211577692 23.0130062872 55.1408554392 31.2906336209 12.4304982562 23.8997031735 22.8472354239 23.0059708106 22.8642424074 22.6220991603 22.9144123744 22.5343580225 23.1361454772 22.8449662651 23.2032797161 22.6332772314 22.7281543839 22.6214714763 22.8284674354 22.8905992345 22.8454591387 22.9971171008 22.516309599 22.5220437833 22.7278206838 22.7587118729 22.7236236504 23.1406956858 22.9857245059 22.9030763492 52.8541570316 52.8541570316 73.537088227 22.9513399939 22.7884782749 22.7082149969 22.9096123007 22.9728553989 22.6178252368 22.6872797368 22.8687025393 22.6539548051 22.8492363328 22.9325438416 22.5629646887 22.8844201738 22.9595604758 22.8083367807 22.6180639032 22.9574717098
0 0 22.7780606333 22.5711443635 23.1041293242 22.7032796006 22.8689526862 23.1613758091 23.1991107643 29.4937030818 21.3734547597 20.3200579334 22.9620583142 22.7305083344 22.7340898991 22.5388534782 22.5883399288 22.9871447608 22.7286872596 22.8140318401 22.7469159644 22.7941905628 23.131117236 22.9546646431 22.5556293351 22.6962598711 22.7558458282 22.6286451671 22.6391090441 23.0472209261 22.8253673452 23.1554513409 23.0782016111 22.7247319014 22.6197456551 22.7252847569 22.5236120219 23.1214060887 22.5592347152 22.5094825483 22.6664152206 22.7137623985 22.769313439 23.0692042395 22.964291003 22.7198782313 23.1959543196 22.5502445326 23.1076998784 22.9337670588 22.6236666907 23.0564928525 23.1291307745 22.7320106358 23.1220253474 23.1060654126
0 0 0 0 0 22.7311552303 22.6426577426 22.9460366879 22.9572115629 22.2653480098 19.3482847679 23.580523778 23.1508344063 22.7732152312 22.7462640036 22.7392783093 22.8472346567 22.8078336118 22.8676524104 22.7527113312 23.1603195292 23.1786419099 22.6440523948 22.726877804 22.7086765503 22.5635471844 22.8228785873 22.9927199761 22.7270353382 22.8944947534 22.5337906541 22.9049553396 22.600295322 23.1737293481 22.9364907002 22.5612944279 23.0425272155 22.8713704169 73.8124037744 73.8124037744 73.8124037744 22.9135504229 22.910015367 22.5723366868 22.8284831956 22.7247314291 22.5088803939 22.9137595698 22.9459857433 23.1542173602 22.6621167024 22.7508629631 22.8299004638 22.7380442838 22.7446068985 22.7806918905
0 0 0 0 0 0 0 22.7280221172 22.8673997127 23.0521445905 23.1072636123 87.095835045 87.095835045 23.17214592 22.7084210643 22.7511166232 22.9409170174 23.189404094 23.093766786 23.1243141014 22.9583970647 22.8243269668 23.1168729029 22.6219630197 22.5417663835 23.18044232 23.1593116327 23.0282503616 22.7247579643 22.6596131723 22.6677696571 22.5401813199 22.7278913932 23.0542755076 23.156078472 22.9029460001 23.1889087879 23.0528215377 73.8124037744 73.8124037744 22.5035449059 22.5291842228 23.1055557126 22.6977249465 22.8358888423 22.9744799837 22.5564288969 22.8692555296 22.861105403 22.9175604433 23.1813125206 22.8476847348 23.1918764531 23.171489102 22.9475731302 22.9180621543
0 0 0 0 0 0 0 0 0 57.805535899 87.095835045 22.6497114396 22.6641006716 22.5643341587 23.1357691787 0 0 23.0412629565 22.9022001881 22.5724687859 22.7069808172 22.7869130812 22.7241277163 22.7295349447 23.1331034981 23.1354505764 22.5081711956 22.8999026654 23.1340287527 22.7780119911 22.5960135748 23.0153489234 22.8943062131 23.0342410948 22.5132272153 22.5438445714 22.6585696209 23.0630120539 22.5743639481 22.6227907094 22.5370043956 22.8534814925 22.7942650816 23.0406979648 22.7333240476 22.5680725661 22.7738150574 23.1105701956 22.709143697 22.6462999818 22.8794026865 22.5501107693 22.7824119339 23.1675029498 22.7806912085 22.5325394845
0 0 0 0 0 0 0 0 0 0 57.8657019264 57.8657019264 57.8657019264 57.2665663597 0 0 0 23.1355630756 22.9163715532 23.0406647716 22.8378941081 22.8456214473 22.7311916443 22.6638946887 23.1936474932 22.8940682939 23.1768065551 22.7024626736 22.7156804079 22.7293138687 22.9864585551 22.6471243177 23.0547222986 23.1580241834 22.7536539131 23.0549551543 22.8086773035 22.7910508348 22.7581561695 23.1255404806 22.5654636178 22.9408332422 22.5390371582 22.7430148292 22.6480679481 22.7941416161 22.6030348147 22.8697104191 22.7786874888 22.6744968588 23.0034956724 22.761611494 22.5003294857 22.6494773474 22.6378240446 22.827456113
0 0 0 0 0 0 0 0 0 0 47.1463193062 47.8585852573 47.8585852573 47.8585852573 0 0 0 0 22.9512674764 23.0783904544 22.9503508463 22.8068835518 22.501425061 22.5904543314 22.9710604703 22.9380570814 23.1642136131 23.0593732675 22.5341883429 22.5146535162 22.8002328621 23.0225964336 22.861450202 22.5091988927 23.0082127109 22.9937413714 22.7222706673 23.1100902792 22.8204955789 22.6848684765 22.8880410006 22.5336201056 22.807644787 23.1445013057 23.0942022566 22.818035503 22.6427299929 23.0994890047 22.9654908992 22.5168546005 23.1480102501 22.695433763 22.6906713498 23.0097106356 22.6576573325 22.5867167311
0 0 0 0 0 0 0 0 0 0 0 47.8585852573 47.8585852573 78.0102145872 56.0474666474 0 0 0 0 22.7633430981 23.0330444835 22.7308498981 22.8017298718 23.0518179443 22.9803024326 22.8145924439 22.7319758399 22.9134919283 23.1173372238 22.7304126428 22.6510385099 22.9826193433 23.1983493922 22.8088912117 23.2057906317 22.5373968315 22.7328622788 23.0676928498 22.6526432892 22.839747863 22.5708792783 23.1441452924 22.7260809303 22.7029862866 23.0347590989 22.5863489987 22.5063464052 22.8609580579 22.770669852 22.6800313554 22.6245835278 23.0180970911 22.8016891111 22.8057452419 22.6477518547 23.1019730392
0 0 0 0 0 0 0 0 0 0 0 42.3014984396 78.0102145872 78.0102145872 0 0 0 0 0 0 22.8641301303 22.6126214025 23.1827635105 23.1802591058 23.1840230994 23.2022572427 23.0383771723 23.0217115134 22.7305389003 23.0617885736 23.0731631879 22.6852174166 22.8395143288 22.5790627905 22.8130894359 22.9114400724 22.861810507 22.8143099556 23.1659854713 23.1745800371 23.0974091033 46.7396504791 22.7558467243 22.6174044068 23.1198351954 23.1740574953 23.0703640869 22.6362559076 22.9126882476 23.1716599719 22.8896201747 22.7658256604 22.535355477 22.5276932772 23.0517599914 22.7657521561
0 0 0 0 0 0 0 0 0 0 0 0 0 0 0 0 0 0 0 0 0 22.7826695231 22.5007000816 22.5293206168 23.0760652235 22.6065945948 23.0129238618 22.9807353354 22.5999602284 22.5630128338 22.61301837 22.9609591055 23.1839973942 22.5870585735 22.7270073857 22.5856479928 22.9852089331 23.1452225058 22.5110507843 23.0981037746 22.8728055057 46.7396504791 22.6442669034 46.7396504791 22.7086521991 23.1920190409 23.0338007737 22.7738259765 23.1094889709 22.5306344407 23.1526329861 23.1076335781 22.6229474167 22.7090203243 22.8624116906 23.0175734724
0 0 0 0 0 0 0 0 0 0 0 0 0 0 0 0 0 0 0 0 0 0 0 0 0 23.0117186165 23.200245831 22.5017912707 22.7445679216 23.2037397998 22.5426025852 23.1493223918 23.0835397755 22.9064811433 23.2044540314 22.6617570722 22.5124212459 23.1551824017 22.9872230346 22.5730587723 22.7119821442 46.7396504791 46.7396504791 22.6251564033 22.679520728 22.7701958916 22.5800492095 22.8346231051 22.986823186 23.0550192331 23.0546326969 23.1497859896 22.5852672312 22.7864134098 23.2012020994 23.0073641613
0 0 0 0 0 0 0 0 0 0 0 0 0 0 0 0 0 0 0 0 0 0 0 0 0 0 0 0 0 22.8229823763 22.7857545574 22.5877022499 22.8601127541 22.7933787973 23.0348393055 22.9504496699 22.920918941 22.6000499015 22.6261102654 22.9047400603 22.5716245551 22.7010807099 22.5561740608 22.6125853458 22.698249159 23.0296885559 22.7466639546 22.660353794 22.6070551111 23.1878707623 22.926830228 22.8220172574 23.182196051 23.0689461893 22.7260890278 22.9353606862
0 0 0 0 0 0 0 0 0 0 0 0 0 0 0 0 0 0 0 0 0 0 0 0 0 0 0 0 0 0 22.8543799531 23.1565381093 22.8587005962 23.140198492 23.1072552324 22.5965364301 22.5730106317 23.0433925227 22.8684693844 23.0274937735 22.9475033386 23.0471551361 67.8938819769 67.8938819769 67.8938819769 22.9326098473 22.8944632032 22.9909240899 22.5151963255 23.039396236 22.9075626309 22.754735368 22.5258381806 22.7102105273 22.71319875 22.5901376363
0 0 0 0 0 0 0 0 0 0 0 0 0 0 0 0 0 0 0 0 0 0 0 0 0 0 0 0 0 0 0 22.5786874941 22.7805860364 22.8169026932 22.8984184059 22.6898330418 22.9284538392 23.0196433204 23.134750465 23.0058749538 22.5957699178 22.9794161087 67.8938819769 67.8938819769 51.883103721 23.0976754331 22.6749694213 22.5852432263 22.8797357302 22.817582543 22.6159297402 22.731743682 23.1375882844 23.0240138798 22.6617414577 22.8019633656
0 0 0 0 0 0 0 0 0 0 0 0 0 0 0 0 0 0 0 0 0 0 0 0 0 0 0 0 0 0 0 0 22.5491832347 22.8873102636 23.1925800371 22.6868805641 22.5715640771 22.8899437976 22.9090166585 22.607577913 22.8263283796 23.0725467208 22.6752147107 51.883103721 23.2043873175 23.1923569492 22.7489213296 22.6745682056 22.5414441444 23.1878111401 23.0264481746 22.7254098332 23.0203699854 23.1149380293 22.5999299365 22.5300099492
0 0 0 0 0 0 0 0 0 0 0 0 0 0 0 0 0 0 0 0 0 0 0 0 0 0 0 0 0 0 0 0 0 0 22.5511207087 22.7341394355 22.8185422124 23.1081899597 22.6063344748 23.1968827236 22.924726752 22.9604456151 22.9723906624 43.6050748587 43.6050748587 43.6050748587 23.0085591589 23.1891331077 23.0999028127 23.0333796659 22.9113842046 23.1446385233 23.1933962318 22.8674560191 22.7410862712 0
0 0 0 0 0 0 0 0 0 0 0 0 0 0 0 0 0 0 0 0 0 0 0 0 0 0 0 0 0 0 0 0 0 0 0 23.1051781913 22.9688185319 22.8514993187 22.9650710113 22.5267455575 23.0805767491 22.5833795429 22.7876208576 23.1929795008 37.461733279 46.2673431876 22.8545799243 22.8387933372 23.0669917376 22.5996905907 0 0 0 22.8685277079 23.1131746624 0
0 0 0 0 0 0 0 0 0 0 0 0 0 0 0 0 0 0 0 0 0 0 0 0 0 0 0 0 0 0 0 0 0 0 0 22.5477026989 22.6068500935 23.0270020563 22.9426301907 23.039775927 22.6687472012 22.7854668536 22.6247594674 22.5700843191 37.461733279 37.461733279 22.9502856457 22.6346400091 22.8740185109 0 0 0 0 0 0 0
0 0 0 0 0 0 0 0 0 0 0 0 0 0 0 0 0 0 0 0 0 0 0 0 0 0 0 0 0 0 0 0 0 0 0 0 22.7572367781 23.0040431646 22.6841783675 22.5271985012 22.5459919404 22.8361444417 22.7549094266 22.9281646359 37.461733279 52.4367114691 23.1514077398 23.1944273647 0 0 0 0 0 0 0 0
0 0 0 0 0 0 0 0 0 0 0 0 0 0 0 0 0 0 0 0 0 0 0 0 0 0 0 0 0 0 0 0 0 0 0 0 0 22.5883663063 22.8653661038 22.631821742 22.8197299982 22.5633968972 22.9756527268 22.5864383662 71.8817852164 22.8146915734 22.8360350147 46.6984972699 42.6702662508 0 0 0 0 0 0 0
0 0 0 0 0 0 0 0 0 0 0 0 0 0 0 0 0 0 0 0 0 0 0 0 0 0 0 0 0 0 0 0 0 0 0 0 0 0 22.6055335081 22.9766666389 22.6876142352 23.0524353717 23.1757409795 22.5093412808 22.5813127572 46.6984972699 27.4177415743 25.0029243671 14.3693245415 0 0 0 0 0 0 0
0 0 0 0 0 0 0 0 0 0 0 0 0 0 0 0 0 0 0 0 0 0 0 0 0 0 0 0 0 0 0 0 0 0 0 0 0 0 0 22.9016086246 22.7850131568 22.6747261823 22.8523964444 22.6189402778 22.6727308017 22.5401612263 27.1702055316 32.4676171998 21.8309992847 50.9466185547 0 0 0 0 0 0
0 0 0 0 0 0 0 0 0 0 0 0 0 0 0 0 0 0 0 0 0 0 0 0 0 0 0 0 0 0 0 0 0 0 0 0 0 0 0 0 22.7794337878 23.1821365583 23.1132557789 23.1884729199 22.6145953082 23.1109702992 14.502101715 22.2150433763 32.8404397574 60.4658204153 60.4658204153 0 0 0 0 0
0 0 0 0 0 0 0 0 0 0 0 0 0 0 0 0 0 0 0 0 0 0 0 0 0 0 0 0 0 0 0 0 0 0 0 0 0 0 0 0 22.5687166831 22.9187465602 22.8487432392 22.6430902249 22.9085532892 0 0 65.7458551613 60.4658204153 60.4658204153 57.9838360497 35.5718391817 0 0 0 0
0 0 0 0 0 0 0 0 0 0 0 0 0 0 0 0 0 0 0 0 0 0 0 0 0 0 0 0 0 0 0 0 0 0 0 0 0 0 0 0 0 23.0688284587 0 0 0 0 0 43.2470021843 60.4658204153 60.4658204153 57.9838360497 45.9430686759 0 0 0 0
