Spatial_Output/BAU/BAU_0592.asc
NCOLS 155
NROWS 192
XLLCORNER 196307.867259
YLLCORNER 449144.565805
CELLSIZE 33.573938
NODATA_VALUE NaN
[rows 150 to 174 of 192, columns 57 to 113 of 155]
26.5036788944 27.6284398715 26.7861199935 27.7352933992 28.3218308435 28.2687981558 26.7295269129 62.4392307032 46.0345713032 53.0299340543 41.292786242 27.3594091498 26.6660818758 26.9890672878 28.2736825955 28.4657849031 28.1520837228 27.0452033841 27.1948702721 28.1214525644 27.0474668586 26.6623047011 26.9987291711 26.5428821086 26.5408897687 26.9030042986 27.1427490945 28.2382147042 27.5276746203 27.8715881328 27.5330476343 27.7653302961 27.6296658533 28.4743879493 27.0361704196 49.7319589616 20.2374113257 20.2374113257 28.1825217229 28.065354873 27.6867469914 26.7931175922 27.9161082838 27.5940282617 28.0716337266 26.6042904686 27.0137339789 27.2453578298 27.5718903421 26.5187353887 27.7988250099 28.1732371394 27.2258232138 27.0397828769 27.8376914699 27.5518876551 27.3140323958
0 26.5951026915 28.1024262206 26.5399220205 26.8674606318 26.5743255942 27.8263810254 27.4206272378 45.4244369352 46.8023877655 50.5710903978 27.5209707405 27.9178531776 27.7029475249 27.0698985622 26.9197999076 26.9129966285 26.7861152815 27.3655005801 27.0067376454 26.5180864689 27.0621022719 26.9305114972 27.2593542188 27.4887356928 27.6791531065 27.663773396 27.1781632494 27.233664185 27.9552581737 26.8095102562 27.9218415959 27.6594685138 27.1079536503 26.7929853746 20.2374113257 20.2374113257 20.2374113257 51.3043637061 27.5269616683 27.4817068065 27.7687373813 28.4448784721 26.7966252791 26.8625499467 27.2533935803 28.3136297295 27.8642984178 27.149621409 26.8332202539 27.7280380156 28.1769146843 27.5977769147 27.3682026365 27.8124107325 27.1889524782 27.7696557113
0 0 0 0 27.0139694168 28.1241651346 28.5515258753 27.8809680147 54.4838892614 49.7602916629 53.2626302246 27.1599946535 27.4465171491 28.3303299258 26.621657726 26.6651227159 26.508293217 26.6014503804 27.023194036 27.6020959259 27.8918449459 27.7225347869 27.9278937769 27.1547496222 28.2088616338 28.3474970009 27.0560702033 27.1324428997 27.267411243 28.0313871837 28.3946903053 26.5871455571 27.9921727328 28.4839301864 28.3022992304 27.1417972993 51.3043637061 51.3043637061 51.3043637061 67.3009939052 27.8799113098 28.4664363551 27.4876843902 27.3544292266 27.0949103074 26.6370797653 27.9884136434 27.0756041576 26.6898471228 27.1998087036 27.8216042085 28.0546150724 27.5357636948 28.3451041836 27.5566714215 26.6822794262 28.1256542124
0 0 0 0 0 0 26.5848393113 28.0781196834 27.4832028646 26.8031693969 27.9599076343 26.7003170623 26.5260850472 26.9373431809 28.1594292963 28.4748111024 28.5921271261 27.5682130908 28.5344043979 28.5699921642 26.9422549816 28.146105603 27.1739154946 28.3317980488 28.5747550488 26.9145408576 27.1293909387 28.0689604535 27.2058377287 28.5580246962 26.7775524739 26.5091626719 28.3288534594 26.9025246025 27.1764355551 27.8152587151 28.0426826471 28.2978755253 67.3009939052 26.6052873499 27.4382040327 27.4841622808 28.4855582369 27.724797599 26.8951112318 27.5375602321 28.6053306734 26.8750950283 26.8782954891 26.9447024859 28.020353792 26.6955490081 27.7916888722 28.2497801356 27.1225365745 28.0646096204 26.7059044615
0 0 0 0 0 0 0 0 41.3431693186 69.4157005667 69.4157005667 69.4157005667 28.6054461518 27.2895131857 0 0 27.2333480537 26.8037025609 26.5354229353 26.8236243201 27.0330326997 28.1610372951 27.2067649272 27.1521397236 28.6128002343 28.1594094318 26.8460714378 28.1641433874 26.9743448602 27.3843680909 26.5118436395 26.9626139767 27.7569262865 28.1333030788 27.9596059381 27.0922085412 27.6833777592 28.1370497834 45.633677104 45.633677104 27.3136105356 27.8854003333 26.9582432734 27.5795231634 27.331516443 27.3889363433 27.8446457753 27.7685277816 28.3760708513 28.5466853252 28.202962831 27.4234167007 28.4354590662 26.7321398999 27.477331836 28.4464720753 28.2339196928
0 0 0 0 0 0 0 0 0 69.4157005667 69.4157005667 43.3526458658 43.3526458658 0 0 0 28.0330684222 27.399523786 27.9021579132 27.3373573411 26.5319713715 28.5517551682 26.7122114381 27.7861869203 26.881216567 26.7185152426 28.3017711204 27.037813236 28.5888306694 27.5153900829 28.4419105614 27.9569443186 28.2393870284 27.9752146365 26.948946845 27.9068847508 27.3440407845 45.633677104 45.633677104 45.633677104 41.9171971965 27.4112576796 27.690486011 26.7010382454 27.5913152368 27.6380568069 28.4485493364 28.5496644425 28.0892546381 26.7116340702 28.2753385347 27.1468384168 26.9087799657 27.1696670954 28.1136414282 27.3873591903 26.6847462585
0 0 0 0 0 0 0 0 0 47.1463193062 43.3526458658 40.1997072479 40.1997072479 0 0 0 0 27.6713151906 26.6452440653 27.7751856503 26.9081368862 28.6179501183 28.0277929291 27.5262973126 27.6083264067 27.5310499703 27.2128889199 27.6016950324 27.2637680898 27.9111382357 27.555139405 27.4908456445 27.0522947229 28.4933271415 28.4239170534 28.2696091904 27.9877516795 27.4217002506 41.9171971965 65.4757430291 65.4757430291 79.2586539616 28.5111304102 26.8908182134 26.8974187847 27.2940165045 27.6991214746 27.234955755 26.9770257492 28.5151343669 28.5777184015 26.5499311512 28.2203083891 28.5072108337 26.9723542384 28.528680841 28.4074732872
0 0 0 0 0 0 0 0 0 0 40.1997072479 51.6413217471 51.6413217471 51.6413217471 0 0 0 0 27.632933887 27.0742310338 26.5827402783 27.1950492478 26.6254543746 26.5017562453 28.2319652866 27.4166003577 27.1824666378 28.1431992514 27.4835116084 28.2971139847 27.5550174921 27.0777530512 26.7324199642 28.1622278625 28.3518728623 26.5473293381 26.5710081774 28.6059333075 65.4757430291 65.4757430291 65.4757430291 43.2553396898 27.5855404373 28.1645318005 28.5736595653 26.9641662502 28.2946529106 27.042783866 28.2864437739 26.8722133298 28.5180823104 28.5165607681 28.54545036 28.3898859084 27.4194467773 28.603448889 26.8270851813
0 0 0 0 0 0 0 0 0 0 47.8970412566 51.6413217471 51.6413217471 0 0 0 0 0 0 27.6873324194 28.5544172535 27.2029801651 26.8073180232 27.510079709 28.6095507265 26.7984077552 27.1719066919 26.5958773536 27.7157053164 27.166654538 27.3861731017 28.2612800912 26.7857480163 28.0744940164 27.5814335093 27.3154949872 28.5169487263 27.1981713609 27.471103309 43.2553396898 47.8185900711 47.8185900711 27.2515954373 26.5882550951 27.5912377021 28.0260062519 26.7748551087 27.9980090531 27.0990346727 28.1936599862 26.6057984962 27.1245625189 27.2497618141 26.8476748267 27.4432543006 27.5904979197 28.4503966168
0 0 0 0 0 0 0 0 0 0 0 0 0 0 0 0 0 0 0 0 27.9202664 26.8108938926 26.5347227924 26.769157221 27.2681763257 27.6085128952 28.366599358 27.5861369432 27.1832635645 26.6144006406 27.8550091496 27.434745928 27.4951152932 27.0090771313 27.2452431353 27.8819238323 27.9243333046 27.8326429544 27.1673210246 47.8185900711 45.6834123982 45.6834123982 45.6834123982 27.3534780255 27.0134180645 27.2724476708 28.4003376903 26.6130117283 27.548678858 27.4020756403 27.3715576615 27.1998320281 26.5822974497 27.9140860262 27.0193365408 26.5225114945 28.3756592238
0 0 0 0 0 0 0 0 0 0 0 0 0 0 0 0 0 0 0 0 0 0 0 0 27.2473847683 27.7006928107 28.0112211043 27.3368834454 27.6042790735 27.0949405952 28.1441441896 28.5570392634 27.3806559927 27.9580155431 26.9061482976 28.4269027428 27.7137392149 28.3241838741 28.1276137239 27.8184471447 45.6834123982 45.6834123982 40.5017207 27.1529760106 28.0607283904 26.6842789236 27.1317482362 28.0731848867 26.9785087038 26.511168567 28.561695546 27.5322761138 27.5018835061 27.955249958 28.5609330704 26.6847935296 27.3656087544
0 0 0 0 0 0 0 0 0 0 0 0 0 0 0 0 0 0 0 0 0 0 0 0 0 0 0 0 27.2770321693 27.6144959577 26.8065825444 28.0941253437 27.4340322284 28.1953302599 26.7148095347 26.6052761072 26.9733164312 26.7594411728 27.0026121824 28.3769898789 40.5017207 40.5017207 45.5126171827 27.7362126948 27.2027924848 27.8733936602 27.9152852388 27.8075171072 27.9426678577 26.986374515 27.8572455299 28.6090633 27.2768269991 27.5341656922 26.7487409376 27.4913011294 0
0 0 0 0 0 0 0 0 0 0 0 0 0 0 0 0 0 0 0 0 0 0 0 0 0 0 0 0 0 27.854520294 28.1322939269 27.7599976744 27.9554767764 26.5494724908 27.8962476402 27.4342165542 28.0609575438 28.5290637964 27.0110092626 28.3194999659 43.5953819732 45.5126171827 76.3274206144 76.3274206144 27.4581181172 28.1543533321 28.4814342512 27.0245851093 28.4322046866 26.5209940822 27.4197549811 27.9692141734 27.8025209456 27.0360508568 28.0660730489 0 0
0 0 0 0 0 0 0 0 0 0 0 0 0 0 0 0 0 0 0 0 0 0 0 0 0 0 0 0 0 0 27.939242002 27.8331544232 27.5496005184 26.9356093596 27.6039939976 27.2929816874 28.4361087957 26.7364747144 28.3128937311 26.6660537633 28.4170214681 76.3274206144 55.8730781635 51.1225557792 51.1225557792 27.0354390983 26.8034734657 28.5634246399 27.2139907789 28.1340775528 26.7686507536 28.4853420437 26.8556733047 27.1261744035 27.4842159537 0 0
0 0 0 0 0 0 0 0 0 0 0 0 0 0 0 0 0 0 0 0 0 0 0 0 0 0 0 0 0 0 0 26.7691312311 28.4060103784 26.6941887977 27.8952266606 28.4653363084 28.007208535 27.6243012944 27.0188162179 27.8766084161 28.3663867107 55.8730781635 51.1225557792 51.1225557792 56.1537792581 26.8134269411 27.7341218298 27.2560875518 27.2880047614 27.9098631734 27.273167283 26.584627623 27.809352348 28.2032217003 27.894594488 0 0
0 0 0 0 0 0 0 0 0 0 0 0 0 0 0 0 0 0 0 0 0 0 0 0 0 0 0 0 0 0 0 0 0 27.4896150607 27.1395083002 28.0043373799 28.4819934121 28.3931743813 27.609726818 26.8284797365 26.6326624449 56.1537792581 56.1537792581 56.1537792581 69.8974471579 69.8974471579 26.9826694687 27.7949021684 27.0389055393 28.532407632 28.3575448973 28.4592576232 27.4910622536 26.927520585 0 0 0
0 0 0 0 0 0 0 0 0 0 0 0 0 0 0 0 0 0 0 0 0 0 0 0 0 0 0 0 0 0 0 0 0 0 27.6951974829 27.0821975663 26.9827318396 27.4655803929 28.5547245542 26.7053035197 27.257469689 27.3853437446 60.8148383261 66.5606053242 66.5606053242 56.0845318871 26.9242754436 28.507599209 26.832224635 0 0 0 27.2178910312 27.5554491976 0 0 0
0 0 0 0 0 0 0 0 0 0 0 0 0 0 0 0 0 0 0 0 0 0 0 0 0 0 0 0 0 0 0 0 0 0 27.8174595 28.1667369189 28.3761068926 26.6368033098 27.2279960822 28.0366008107 27.1610158609 28.0251253386 66.5606053242 66.5606053242 66.5606053242 56.0845318871 28.472193874 28.0256020479 0 0 0 0 0 0 0 0 0
0 0 0 0 0 0 0 0 0 0 0 0 0 0 0 0 0 0 0 0 0 0 0 0 0 0 0 0 0 0 0 0 0 0 0 27.0338064965 26.7716264575 27.589407979 26.5692462861 26.5619681973 26.5123968282 28.4624262443 26.540089309 27.5486305906 85.8143381586 61.2987263326 61.2987263326 0 0 0 0 0 0 0 0 0 0
0 0 0 0 0 0 0 0 0 0 0 0 0 0 0 0 0 0 0 0 0 0 0 0 0 0 0 0 0 0 0 0 0 0 0 0 26.9067118484 27.2803012462 27.4281401534 27.2118431142 27.1859988342 27.2690065949 26.5767096172 28.5099554159 61.2987263326 61.2987263326 61.2987263326 56.1247304718 0 0 0 0 0 0 0 0 0
0 0 0 0 0 0 0 0 0 0 0 0 0 0 0 0 0 0 0 0 0 0 0 0 0 0 0 0 0 0 0 0 0 0 0 0 0 27.983381839 26.921276578 27.860073437 28.0946994896 26.8483678576 28.1585690313 27.6186126014 61.2987263326 48.4817057492 49.7705762153 43.2404471065 0 0 0 0 0 0 0 0 0
0 0 0 0 0 0 0 0 0 0 0 0 0 0 0 0 0 0 0 0 0 0 0 0 0 0 0 0 0 0 0 0 0 0 0 0 0 0 28.4269949873 28.0004124692 28.0630991023 26.5644587699 27.1838069795 27.7181172471 28.314305204 51.5888999848 39.7184159776 40.536446458 46.7065204997 0 0 0 0 0 0 0 0
0 0 0 0 0 0 0 0 0 0 0 0 0 0 0 0 0 0 0 0 0 0 0 0 0 0 0 0 0 0 0 0 0 0 0 0 0 0 0 27.7435944612 27.7742001924 27.5838541934 28.5172007158 27.847957695 27.1071395985 51.4074841961 41.2624589715 39.641969774 47.0123235718 60.1844434132 0 0 0 0 0 0 0
0 0 0 0 0 0 0 0 0 0 0 0 0 0 0 0 0 0 0 0 0 0 0 0 0 0 0 0 0 0 0 0 0 0 0 0 0 0 0 27.5477192828 28.1227562729 26.6817351393 27.7820590803 28.0577796545 0 0 47.0123235718 47.0123235718 47.0123235718 63.0237977781 45.6264458855 0 0 0 0 0 0
0 0 0 0 0 0 0 0 0 0 0 0 0 0 0 0 0 0 0 0 0 0 0 0 0 0 0 0 0 0 0 0 0 0 0 0 0 0 0 0 27.750806512 0 0 0 0 0 43.1126163566 60.1844434132 49.8873259278 49.8873259278 49.8873259278 0 0 0 0 0 0
