Spatial_Output/BAU/BAU_1246.asc
NCOLS 155
NROWS 192
XLLCORNER 196307.867259
YLLCORNER 449144.565805
CELLSIZE 33.573938
NODATA_VALUE NaN
[rows 102 to 135 of 192, columns 0 to 76 of 155]
0 0 0 0 0 0 0 0 0 0 0 0 0 0 0 0 0 0 0 0 0 0 0 0 0 28 28 28 44.8194699044 28 28 38.2703511998 38.2703511998 28 28 28 28 28 28 28 28 28 28 28 28 28 28 28 45.612470542 48.155402991 45.612470542 28 28 28 28 60.0151222764 60.0151222764 28 28 28 28 28 28 40.7807407656 40.7807407656 40.7807407656 58.3647920563 28 28 82.9225337743 82.9225337743 28 28 28 28 28 28
0 0 0 0 0 0 0 0 0 0 0 0 0 0 0 0 0 0 0 0 0 0 0 0 0 0 28 58.8451425887 50.0064721265 50.0064721265 66.0680023663 69.3604809095 28 28 28 28 28 28 28 28 28 28 28 28 28 28 28 28 48.155402991 48.155402991 48.155402991 28 28 28 28 52.1262767974 28 28 28 28 28 28 28 45.4266484265 40.7807407656 58.0180420252 58.3647920563 28 81.7160414848 82.9225337743 82.9225337743 28 57.0256782932 60.6539231761 28 28 28
0 0 0 0 0 0 0 0 0 0 0 0 0 0 0 0 0 0 0 0 0 0 0 0 0 0 61.8973664971 58.8451425887 50.0064721265 50.0064721265 44.8194699044 28 28 28 28 28 28 28 28 28 28 28 28 28 28 28 28 28 48.155402991 48.155402991 48.155402991 28 28 28 52.1262767974 52.1262767974 52.1262767974 28 28 28 28 28 28 28 58.8785921533 51.4206535814 58.3647920563 28 28 82.9225337743 82.9225337743 60.6539231761 60.6539231761 60.6539231761 28 28 59.5877479842
0 0 0 0 0 0 0 0 0 0 0 0 0 0 0 0 0 0 0 0 0 0 0 0 0 62.4406525923 64.0391558159 64.0391558159 58.8451425887 51.4640606993 28 28 28 28 28 28 28 28 28 28 28 28 28 28 28 28 28 28 71.9240647988 38.1939479496 71.9240647988 28 28 28 53.1343387359 53.1343387359 53.1343387359 28 28 28 28 28 28 58.8785921533 58.8785921533 58.8785921533 28 28 28 82.9225337743 45.9459635221 57.0256782932 60.6539231761 28 50.0557094126 59.5877479842 59.8255659101
0 0 0 0 0 0 0 0 0 0 0 0 0 0 0 0 0 0 0 0 0 0 0 0 76.3567426032 70.6672401316 73.8767848423 64.0391558159 64.0391558159 28 28 28 28 28 28 28 28 28 28 28 28 28 28 28 28 28 28 28 38.1939479496 38.1939479496 38.1939479496 38.1939479496 28 28 59.1402319303 53.1343387359 59.1402319303 28 28 28 28 28 28 28 28 28 28 28 28 28 28 28 28 28 28 53.4565937104 59.5877479842
0 0 0 0 0 0 0 0 0 0 0 0 0 0 0 0 0 0 0 0 0 0 0 62.5057690398 62.5057690398 45.5482869956 70.6672401316 28 28 28 28 28 28 28 28 28 28 28 28 28 28 28 28 28 28 28 28 28 28 60.5398142753 37.8230043925 28 28 28 54.902041017 65.1615966123 28 28 28 28 28 28 28 28 61.240707716 28 28 28 28 28 28 28 28 28 28 28 58.3761647971
0 0 0 0 0 0 0 0 0 0 0 0 0 0 0 0 0 0 0 0 0 0 0 62.5057690398 62.5057690398 30.6949916754 84.1650040262 84.1650040262 28 28 28 28 28 28 28 28 28 28 28 28 28 28 28 28 28 28 28 28 60.8852959814 60.8852959814 60.8852959814 28 28 28 65.1615966123 46.2516084807 65.1615966123 28 28 28 28 28 28 61.240707716 61.240707716 61.240707716 28 28 28 28 28 28 28 28 28 28 52.9752508322
0 0 0 0 0 0 0 0 0 0 0 0 0 0 0 0 0 0 0 0 0 0 0 50.37929478 50.37929478 0 0 0 28 28 28 28 28 28 28 28 28 28 28 28 28 28 28 28 28 28 28 28 50.0581992521 60.8852959814 28 28 28 28 46.2516084807 46.2516084807 46.2516084807 28 28 28 28 28 28 28 28 28 28 28 28 28 28 28 28 28 28 28 46.484243342
0 0 0 0 0 0 0 0 0 0 0 0 0 0 0 0 0 0 0 0 0 0 50.37929478 50.37929478 50.37929478 0 0 0 0 28 28 28 28 28 28 28 28 28 28 28 28 28 28 28 28 28 28 28 28 61.9744447235 61.9744447235 28 28 28 46.2516084807 46.2516084807 28 62.9200560872 62.9200560872 28 28 28 69.523137313 39.2047178184 66.7973147464 69.0456788306 87.1164556549 28 44.6859002456 28 55.3415246898 76.4324350872 28 60.60225428 43.2794478953 43.2794478953 74.0318501456
0 0 0 0 0 0 0 0 0 0 0 0 0 0 0 0 0 0 0 0 0 50.37929478 50.37929478 50.37929478 0 0 0 0 0 28 28 28 28 28 28 28 28 28 28 28 28 28 28 28 28 28 28 28 66.9226463804 54.3008488989 56.1504812523 66.9226463804 28 28 57.3228531452 53.3975892884 57.9406774703 42.718934813 42.718934813 28 28 69.523137313 69.523137313 45.421946286 45.421946286 69.0456788306 87.1164556549 87.1164556549 28 55.3415246898 55.3415246898 64.0682632435 76.4324350872 60.60225428 43.2794478953 74.0318501456 74.0318501456
0 0 0 0 0 0 0 0 0 0 0 0 0 0 0 0 0 0 0 0 0 50.37929478 50.37929478 0 0 0 0 0 0 0 28 28 28 28 28 28 28 28 28 28 28 28 28 28 28 28 28 28 54.3008488989 54.3008488989 54.3008488989 56.1504812523 28 28 28 53.3975892884 53.3975892884 53.3975892884 42.718934813 62.9200560872 28 69.523137313 69.523137313 45.421946286 45.421946286 69.0456788306 87.1164556549 62.5925416617 44.6859002456 55.3415246898 55.3415246898 64.0682632435 28 60.60225428 43.2794478953 43.2794478953 74.0318501456
0 0 0 0 0 0 0 0 0 0 0 0 0 0 0 0 0 0 0 0 0 0 0 0 0 0 0 0 0 0 0 28 28 28 28 28 28 28 28 28 28 28 28 28 28 28 28 28 28 60.9115791417 60.9115791417 69.2777012361 28 28 53.3975892884 53.3975892884 53.3975892884 62.9200560872 62.9200560872 62.9200560872 28 28 69.523137313 70.0118942767 70.0118942767 28 28 28 28 28 28 28 28 28 28 28 51.6769910277
0 0 0 0 0 0 0 0 0 0 0 0 0 0 0 0 0 0 0 0 0 0 0 0 0 0 0 0 0 0 0 28 28 28 28 28 28 28 28 28 28 28 28 28 28 28 28 28 60.9115791417 60.9115791417 60.9115791417 60.9115791417 51.8089863756 62.1530183345 62.1530183345 28 28 28 28 28 28 28 28 70.0118942767 70.0118942767 70.0118942767 28 28 28 28 28 28 28 28 28 46.3369065547 28
0 0 0 0 0 0 0 0 0 0 0 0 0 0 0 0 0 0 0 0 0 0 0 0 0 0 0 0 0 0 0 0 28 28 28 28 28 28 28 28 28 28 28 28 28 28 28 28 62.0785785444 40.3917212991 40.3917212991 57.8529785026 57.8529785026 57.8529785026 46.9061274318 28 28 28 28 28 28 28 28 28 50.1753497506 28 28 28 28 28 28 28 28 28 28 28 82.555495815
0 0 0 0 0 0 0 0 0 0 0 0 0 0 0 0 0 0 0 0 0 0 0 0 0 0 0 0 0 0 0 0 28 28 28 28 28 28 28 28 28 28 28 28 28 28 28 28 55.3218518231 55.3218518231 55.3218518231 28 57.8529785026 57.8529785026 56.2179759999 56.2179759999 28 28 28 28 28 28 28 39.1835273439 28 28 28 28 28 28 28 28 28 28 28 28 42.6936200046
0 0 0 0 0 0 0 0 0 0 0 0 0 0 0 0 0 0 0 0 0 0 0 0 0 0 0 0 0 0 0 0 0 28 28 28 28 28 28 28 28 28 28 28 28 28 28 28 28 77.5642752757 55.3218518231 28 28 28 56.2179759999 56.2179759999 57.7714525295 67.2863500552 67.2863500552 28 28 28 39.1835273439 39.1835273439 28 28 28 28 28 28 28 28 28 28 28 28 42.6936200046
0 0 0 0 0 0 0 0 0 0 0 0 0 0 0 0 0 0 0 0 0 0 0 0 0 0 0 0 0 0 0 0 0 28 28 28 28 28 28 28 28 28 28 28 28 28 28 28 77.5642752757 77.5642752757 77.5642752757 47.7040607819 44.6137925713 73.1667344547 73.1667344547 45.3935031558 45.3935031558 45.3935031558 67.2863500552 28 28 28 39.1835273439 39.1835273439 39.1835273439 28 28 28 28 28 28 28 28 28 28 28 28
0 0 0 0 0 0 0 0 0 0 0 0 0 0 0 0 0 0 0 0 0 0 0 0 0 0 0 0 0 0 0 0 0 0 28 28 28 28 28 28 28 28 28 28 28 55.2486602865 28 64.7071764336 59.3536008266 59.3536008266 59.3536008266 47.7040607819 28 73.1667344547 73.1667344547 45.3935031558 45.3935031558 67.2863500552 57.8993471024 28 28 53.8261520109 28 65.3278709137 28 28 28 28 28 28 28 28 28 28 28 28 28
0 0 0 0 0 0 0 0 0 0 0 0 0 0 0 0 0 0 0 0 0 0 0 0 0 0 0 0 0 0 0 0 0 0 0 28 28 28 28 28 70.2292726334 28 28 28 75.1532340228 28 28 65.2389865132 65.2389865132 28 47.7040607819 66.2058900564 44.6137925713 41.0194997593 73.1667344547 45.3935031558 57.1064204837 67.4912210787 65.2943583135 28 28 47.1439574064 47.1439574064 47.1439574064 28 28 28 28 28 28 28 28 28 28 28 28 28
0 0 0 0 0 0 0 0 0 0 0 0 0 0 0 0 0 0 0 0 0 0 0 0 0 0 0 0 0 0 0 0 0 0 0 28 52.9928096331 53.3370042452 28 73.4853119582 70.2292726334 70.2292726334 70.2292726334 28 28 28 28 28 65.2389865132 65.2389865132 28 28 28 28 28 28 28 67.4912210787 67.4912210787 56.1861737898 28 77.2516743873 58.3600578434 77.2516743873 28 28 28 28 28 28 28 28 28 28 28 28 28
0 0 0 0 0 0 0 0 0 0 0 0 0 0 0 0 0 0 0 0 0 0 0 0 0 0 0 0 0 0 0 0 0 64.4702723432 55.2796771229 71.1938750207 71.1938750207 53.3370042452 53.3370042452 73.4853119582 71.1036009818 70.2292726334 28 28 28 28 28 28 28 28 28 28 28 28 28 28 28 67.4912210787 66.5455936254 69.9022181346 69.9022181346 69.9022181346 58.3600578434 28 28 28 28 28 28 28 28 28 28 28 28 28 28
0 0 0 0 0 0 0 0 0 0 0 0 0 0 0 0 0 0 0 0 0 0 0 0 0 0 0 0 0 0 43.7826859289 55.769965948 15.9606848854 21.7711603784 13.8512559354 71.1938750207 71.1938750207 28 53.3370042452 28 28 28 28 28 28 28 28 28 28 28 28 28 28 28 28 28 28 66.5455936254 66.5455936254 69.9022181346 69.9022181346 54.3254663841 58.3600578434 28 28 28 28 28 28 28 28 28 28 28 28 28 28
0 0 0 0 0 0 0 0 0 0 0 0 0 0 0 0 0 0 0 0 0 0 0 0 0 0 0 0 58.3128678828 58.3128678828 58.3128678828 54.7286080263 31.3298348785 21.7695392286 27.8463557719 60.7212844953 71.1938750207 28 28 28 28 28 28 28 28 28 28 28 28 28 28 28 28 28 28 28 28 28 28 50.7812826462 50.7812826462 54.7981257723 28 28 28 28 28 28 28 28 28 28 28 28 28 28 28
0 0 0 0 0 0 0 0 0 0 0 0 0 0 0 0 0 0 0 0 0 0 0 0 0 45.1232557648 49.4999832014 49.4999832014 58.3128678828 58.3128678828 58.3128678828 54.7286080263 21.1941089685 23.6242657578 32.1212589035 54.7063549248 0 0 28 28 28 28 28 28 28 28 28 28 28 28 28 28 28 28 28 28 28 28 69.3845961707 50.7812826462 50.7812826462 54.7981257723 28 28 28 28 28 28 28 28 28 28 28 28 28 28 28
0 0 0 0 0 0 0 0 0 0 0 0 0 0 0 0 0 0 0 0 0 0 0 0 0 45.1232557648 49.4999832014 49.4999832014 75.5594406809 58.3128678828 48.0437506969 50.7048126152 59.7561276164 51.8190845573 0 0 0 0 28 28 28 28 28 28 28 75.1615267784 28 28 28 28 28 28 28 70.6830841401 56.6637243459 28 41.3101161302 41.3101161302 69.3845961707 69.3845961707 57.0583179782 57.0583179782 57.0583179782 28 28 28 28 28 28 28 28 28 28 28 28 28 28
0 0 0 0 0 0 0 0 0 0 0 0 0 0 0 0 0 0 0 0 0 0 0 0 0 71.1947562805 68.6486354698 49.4999832014 54.3699280497 61.0159724882 0 0 0 0 0 0 0 0 0 28 28 28 28 28 28 61.1600869602 61.1600869602 61.1600869602 28 41.9471251431 61.6862620437 70.0338425439 69.1569224808 41.4166472851 41.4166472851 41.4166472851 41.3101161302 41.3101161302 69.3845961707 69.3845961707 57.0583179782 57.0583179782 57.5136324908 28 28 28 28 28 28 64.5343848379 28 52.1339057398 28 28 28 48.7216255008 48.7216255008
0 0 0 0 0 0 0 0 0 0 0 0 0 0 0 0 0 0 0 0 0 0 0 0 0 0 0 0 0 0 0 0 0 0 0 0 0 0 0 0 28 28 28 28 40.2469332201 40.2469332201 61.1600869602 61.1600869602 51.3132172222 69.6033744989 61.6862620437 61.6862620437 69.1569224808 37.2467907373 41.4166472851 28 61.701618083 41.3101161302 28 28 57.5136324908 28 28 47.9553599102 28 28 28 61.603730002 61.603730002 64.5343848379 42.0698398028 52.1339057398 52.1339057398 28 42.0791632806 48.7216255008 48.7216255008
0 0 0 0 0 0 0 0 0 0 0 0 0 0 0 0 0 0 0 0 0 0 0 0 0 0 0 0 0 0 0 0 0 0 0 0 0 0 0 0 0 28 28 28 40.2469332201 40.2469332201 28 44.6110392256 44.6110392256 51.3132172222 61.6862620437 61.6862620437 69.1569224808 37.2467907373 41.4166472851 28 28 28 28 28 28 28 51.5192736625 47.9553599102 47.9553599102 50.1825122454 28 61.603730002 64.5343848379 64.5343848379 28 52.1339057398 52.1339057398 28 57.804126686 48.7216255008 61.901741657
0 0 0 0 0 0 0 0 0 0 0 0 0 0 0 0 0 0 0 0 0 0 0 0 0 0 0 0 0 0 0 0 0 0 0 0 0 0 0 0 0 28 28 28 40.2469332201 28 62.1306802533 44.6110392256 44.6110392256 51.3132172222 69.6033744989 28 28 28 28 28 28 28 28 28 53.4073678082 53.4073678082 51.5192736625 47.9553599102 47.9553599102 28 28 28 28 64.5343848379 28 28 28 28 28 28 28
0 0 0 0 0 0 0 0 0 0 0 0 0 0 0 0 0 0 0 0 0 0 0 0 0 0 0 0 0 0 0 0 0 0 0 0 0 0 0 0 0 0 28 28 28 58.7092958708 62.1306802533 44.6110392256 28 28 28 28 28 28 28 28 28 28 53.1958552019 58.0406802327 53.4073678082 53.4073678082 51.5192736625 28 28 28 28 28 28 28 28 28 28 28 28 28 28
0 0 0 0 0 0 0 0 0 0 0 0 0 0 0 0 0 0 0 0 0 0 0 0 0 0 0 0 0 0 0 0 0 0 0 0 0 0 0 0 0 0 0 28 28 48.5903269621 28 28 28 28 28 28 28 28 28 28 28 62.3258425246 62.3258425246 53.1958552019 28 53.4073678082 28 28 28 28 28 28 28 28 28 28 28 28 28 28 28
0 0 0 0 0 0 0 0 0 0 0 0 0 0 0 0 0 0 0 0 0 0 0 0 0 0 0 0 0 0 0 0 0 0 0 0 0 0 0 0 0 0 0 28 28 62.9159150041 62.9159150041 28 28 28 28 28 28 28 56.8576784796 56.8576784796 28 62.3258425246 62.3258425246 53.1958552019 28 28 28 47.3016957769 47.3016957769 47.3016957769 28 28 28 28 28 28 28 28 28 28 28
0 0 0 0 0 0 0 0 0 0 0 0 0 0 0 0 0 0 0 0 0 0 0 0 0 0 0 0 0 0 0 0 0 0 0 0 0 0 0 0 0 0 0 0 28 62.9159150041 62.9159150041 62.9159150041 28 28 28 28 28 28 56.8576784796 56.8576784796 28 62.3258425246 28 28 28 28 28 47.3016957769 47.3016957769 28 28 28 28 28 28 28 28 28 28 28 28
0 0 0 0 0 0 0 0 0 0 0 0 0 0 0 0 0 0 0 0 0 0 0 0 0 0 0 0 0 0 0 0 0 0 0 0 0 0 0 0 0 0 0 0 28 85.9996166706 85.9996166706 28 28 28 28 28 64.5181935185 64.5181935185 28 56.8576784796 28 28 28 28 28 28 28 65.3718721417 65.3718721417 65.3718721417 28 28 28 28 28 28 28 28 28 28 28
