Spatial_Output/BAU/BAU_1090.asc
NCOLS 155
NROWS 192
XLLCORNER 196769.923733
YLLCORNER 449719.875193
CELLSIZE 27.603701
NODATA_VALUE NaN
[rows 69 to 91 of 192, columns 0 to 52 of 155]
30.1401157145 30.3657259157 31.1020163033 30.6866509101 28.8400547881 28.9544158766 30.3405798697 30.2004922713 31.1131904288 29.5613435682 29.5906570257 29.3263853521 30.7881647497 30.6233373101 30.1042542969 30.5445385237 30.10644535 29.4257687535 61.124351145 61.124351145 61.124351145 30.9835187515 30.0636693712 29.0181384582 31.5836433125 31.2960455155 31.2053903413 31.4092467701 30.046424906 29.0412942521 32.0304489907 30.0297531239 29.6434071986 57.810479905 57.810479905 52.0189917611 29.5894605112 30.4675522759 30.7734247687 30.007343059 29.6335219433 30.5699087586 31.3493511252 30.7692515389 30.3032206382 28.9200980759 29.2135134058 31.8664599327 29.2396020829 31.4614281509 47.986446179 65.4358923952 47.986446179
30.7936042065 31.6289385493 29.143654682 30.9995561558 29.833101557 29.9205581022 29.6238549557 28.7180222599 29.1858756652 29.4847493691 31.1438150261 28.7850288727 28.6830484222 31.0843481139 31.5286044002 29.488192116 29.3767661914 29.9386252131 61.124351145 29.2878861548 28.7275566604 28.691526393 31.6900571382 31.1742606041 31.7216039675 28.7384721016 29.580099093 30.8732676919 31.94949322 30.7418681398 29.5178186682 28.9054334897 31.5856310975 30.1771825091 57.810479905 31.563346171 31.5229802668 31.5554595188 29.3237513359 31.7019007983 29.4833468379 31.5992390545 31.4857085447 28.8662465149 31.5167117047 28.9241032432 29.3410477031 28.7857213339 30.3014952325 29.1974223273 65.4358923952 59.0229801828 59.0229801828
31.2535495227 29.4979980031 30.4296539697 30.7815843476 31.6415982558 30.3827982762 28.6225404102 31.2068075124 30.8271950511 28.8747473258 31.3339998723 30.1043052565 28.6833871396 31.2334353506 30.0955592513 30.5129145046 31.6690597106 29.5067771848 29.7266405003 61.3496688852 29.2465386204 29.6194700245 28.9137880545 28.9445820406 31.5192864163 31.5508164413 28.9022481399 58.9461144202 58.9461144202 58.9461144202 29.9002408176 29.1253631311 30.4910456945 63.5439345543 63.5439345543 63.5439345543 29.3627790165 31.103055135 30.6220161179 31.9286989983 31.7337777653 29.0040230834 28.7410139444 31.96731001 28.8111944027 29.1716894145 31.0173899165 31.0832333227 28.8567414251 28.9358668541 59.0954786815 43.6889239825 59.0954786815
29.2253200803 31.1821543394 30.5542534985 28.8961473417 30.3429393782 29.0158254857 30.7348528552 30.6711259876 30.7111912506 29.1437258721 29.1384287564 30.9659920543 28.8459865051 30.2524367377 31.9877180627 31.8398297437 28.8773570319 29.3963592159 53.8543954048 54.7109785321 30.2304387526 29.8719731547 31.4317750787 31.0758248437 30.414204143 31.0838639849 31.8530739798 29.2602039981 61.8369618347 61.8369618347 30.4865989498 30.3015661362 30.601918838 59.059924801 59.059924801 59.059924801 29.0832681058 29.7671047101 31.7008870728 31.4187477475 30.784191854 30.8909909334 30.3110708019 31.3083100229 31.0350948873 29.6817683734 29.3727379237 31.1486694525 31.95898915 30.6512766328 43.6889239825 43.6889239825 43.6889239825
30.2187142556 31.1597836593 28.6672536626 28.6501088744 31.2227523768 30.8729016481 30.7520976326 28.7557207071 29.7043816413 28.5930362267 30.9529526851 31.6605341471 31.6976285419 29.0447831995 30.4167299718 28.5714669965 31.6553159732 53.8543954048 53.8543954048 31.5361267305 30.183623199 31.8033597441 31.5824071941 29.9075898206 46.3083120899 30.3561233128 30.1999068049 61.8369618347 61.8369618347 61.8369618347 29.2939097319 31.2041609251 31.1659997888 40.0512524867 59.059924801 40.0512524867 29.2595143224 29.5507219387 30.7276695652 28.9621240349 30.2339966263 31.7205981059 28.6909444997 31.1890862203 29.2744777673 30.8977883097 28.5370848754 29.2087181719 31.916701875 31.2294718486 77.9999633282 43.6889239825 77.9999633282
31.2037035158 29.7970102048 29.7219872713 30.4231788539 28.656385647 31.4110450807 31.304702159 29.4892484434 30.3694566091 30.4774922011 30.5911417786 29.2800073834 31.1125332063 30.6501463444 30.4475922342 28.6447216135 29.4069182611 53.8543954048 53.8543954048 53.8543954048 29.0624950404 30.0602557293 41.7589859894 46.3083120899 46.3083120899 30.2015318359 82.3051810763 47.8511389405 53.7364768569 61.8369618347 31.0713732003 73.9817667256 73.2368223479 60.5756137902 44.7619825363 69.7998884636 29.6595292941 28.9844205959 31.9340804594 30.8314341913 29.7643661394 32.0189377478 29.0368302906 30.6878896479 30.0981094552 31.6068320245 29.5046556091 31.8105982446 28.5173995037 29.9403418353 61.3310254279 69.2383906254 29.3497950448
28.5973889105 28.7456870124 29.7966491197 30.146768052 30.7906829149 30.7958550304 29.4002668199 30.5002030013 31.0069789676 29.2499091354 31.2146963306 29.488937709 30.6185468064 29.2088922607 28.7009525384 29.0525405674 29.2371039667 30.0367700235 32.0079585077 28.9108632679 28.6853866824 29.0770897108 41.7589859894 46.3083120899 46.3083120899 82.3051810763 82.3051810763 82.3051810763 42.2080672932 42.2080672932 73.9817667256 73.2368223479 73.2368223479 44.7619825363 44.7619825363 44.7619825363 58.6353481533 58.3794605458 52.869750621 52.869750621 31.1992603035 31.9013819002 31.8106961387 30.6610429007 29.3733286494 30.9325938785 31.9060579843 30.4743827261 42.9509645786 42.9509645786 61.3310254279 61.3310254279 69.2383906254
30.9166074837 29.9135728178 28.8431625786 31.4943786712 29.14321615 29.1208818331 31.5617835207 29.2925386562 30.5464923017 29.8283804565 30.563877512 31.0799548295 30.5673218008 30.4102567315 29.7170845894 30.9590123695 31.7583110705 31.789237334 28.5192968626 32.0074978833 31.8347178681 31.6262035972 31.882057431 41.7589859894 46.3083120899 29.5967835065 47.8511389405 53.7364768569 53.7364768569 42.2080672932 73.9817667256 73.2368223479 73.2368223479 68.396118938 68.396118938 53.8722330176 58.6353481533 58.3794605458 52.869750621 52.869750621 29.5811076907 59.9711366979 31.0871315814 28.8395696968 28.5948971053 28.9221593965 31.6075304947 73.0451716019 42.9509645786 42.9509645786 61.3310254279 61.3310254279 69.2383906254
31.3235687698 31.3471142635 29.4892845522 31.548357019 28.6126147112 30.9973277279 31.695685951 29.4340767726 29.5080021406 28.7404186654 31.4407015979 29.7979252752 30.6090306455 29.1622410355 30.6343681395 30.9154338087 29.7610227265 30.9327455484 31.2672852659 28.5719233298 29.1509339791 28.9124533957 28.7655328925 28.6752337215 31.2961358226 31.1515080912 31.251768803 31.5992865395 48.4953155119 48.4953155119 48.4953155119 31.2119590631 73.2368223479 57.5750282339 68.396118938 57.5750282339 58.6353481533 58.3794605458 52.869750621 59.9711366979 59.9711366979 59.9711366979 31.0153616252 29.162834662 31.7224874485 29.9798946171 28.6047503336 30.5825473362 42.9509645786 30.1101817935 61.3310254279 31.625145969 29.9617399057
29.5746064739 29.1477292069 31.2058698365 28.9591110835 31.4260135253 31.6719634111 30.2318792311 31.3192628413 31.9958563535 30.4012401893 31.0284530755 31.2171485845 28.5848974259 29.4394365707 60.1663847204 30.4975055011 31.5403936147 30.9549602433 30.2314066073 29.1178427751 29.7514264707 28.9372129668 30.9935658182 29.5678069863 28.8879558816 29.7790196935 29.9616128684 31.0373929133 31.9151634766 31.8724056002 30.0339360638 30.8152906921 30.247404656 28.9957644283 57.5750282339 29.103543285 30.9050714234 29.7844395449 30.6770230569 31.01653989 59.9711366979 31.1496131208 29.2335928604 28.8192325773 30.6371691685 31.1837607978 30.028716948 31.6416539607 28.8753634416 32.0348276214 28.783586119 29.5180480167 30.0575968628
29.7077222034 30.1713532906 31.2313852343 30.449294058 29.7173132283 29.8387892856 30.5135243995 31.6910219534 30.820045071 30.1448338369 31.9378859895 28.575246874 29.0421705677 30.6839118053 30.3044175587 60.1663847204 31.8030767192 30.8120013658 31.8412338557 29.0488384013 29.6277165622 28.578030207 31.2186480516 30.2085552263 31.5813923466 30.6445195834 29.2627745781 28.8545312965 31.8898219621 30.2714668682 29.1204313529 29.2936964028 31.9698383683 30.2134569462 30.5368136632 31.263002949 30.6280033622 29.7669137001 29.4220274345 30.2849173078 31.7885538944 30.336012775 28.8672329674 28.8188159943 28.551977179 30.1152857028 28.6382301537 30.599759532 29.6869758254 29.2235249371 30.9323907276 29.1025527643 29.0186942313
31.6678899887 29.3340021368 29.433143208 31.7050325244 28.5958287953 31.8976378326 30.1422238186 29.5880084086 31.3249174065 29.7002756646 29.0727952041 61.1146150056 56.7023187607 56.7023187607 29.0636883553 60.5766843245 30.4002469174 30.6438703452 29.1843937772 29.1981781862 28.8609215832 31.1448234451 31.8050287173 30.3867343502 29.7177055931 30.4981504996 31.3039488707 30.6688765065 29.7902178063 30.92670707 30.0592953021 30.8435199704 31.5318916631 30.6900550517 30.3248925676 31.0007591816 31.0622648124 30.4680750274 29.4842403195 28.5308513057 28.7247016161 29.3118925083 28.6370665484 29.4591531017 28.8397290462 31.5033894647 30.2796066194 30.6401910303 30.6757230604 31.725617606 29.3030123789 29.6008783741 29.6565201471
31.3350918543 28.6238026552 31.0688804948 30.6370879853 28.9284307003 30.0688471243 31.9979380117 31.8282907238 30.0148896526 31.7526107464 68.6899861997 61.1146150056 61.1146150056 56.7023187607 28.9648766953 31.3418193487 30.6988193798 28.5526558054 31.2235744105 29.1598343353 30.7938692694 29.9040139018 30.8990311939 30.9427147701 31.6990478963 31.78412583 28.9234835762 30.2306641306 32.0118328267 31.5576071118 30.2585287769 28.9686136419 29.9365601139 30.385385151 30.4044564195 30.9846553668 29.6807044915 29.5559372004 29.8973967511 29.2238547398 29.9995976449 28.900590122 30.9276626863 31.1583928047 29.5609655663 30.9892399298 31.6690343979 28.9230826238 30.9630194845 31.9936175781 30.3615298792 30.061793752 31.5238564009
31.4667704747 29.3703251317 29.6718010574 30.3652552058 30.9756383961 30.5033750844 30.2457169595 30.2310673628 29.2696034169 31.5478727316 68.6899861997 68.6899861997 61.1146150056 29.7299244655 29.0011701374 30.2204723195 29.8326338049 30.7926990444 29.4840382247 29.3472585763 28.6801236227 31.9142735537 29.9422853884 30.5396959452 29.6037717279 30.530990601 31.3644730434 30.5764999279 30.689224945 31.8228497352 28.7840494553 31.0213664013 31.1902250158 30.0070134688 29.5873174594 28.8677150225 32.0329190236 31.5852560116 31.6934220908 31.502012996 30.3861211195 29.664236367 29.2841235836 31.8786568323 31.7978377405 29.1487777958 28.6077643985 30.7597272516 29.7377052034 29.5086374646 29.0097804204 31.8334636487 29.568850994
0 31.3420658445 30.3353491162 29.7131534874 31.3294194155 63.266734614 63.266734614 30.6009368028 31.8654215287 29.5630918766 29.1908107372 68.6899861997 28.8739425291 30.2407943939 31.1295517778 29.6422708986 28.6417009003 30.3735597975 28.798552334 31.0036514839 28.5839942329 31.5907046095 29.8665924653 29.6168132322 30.476491438 29.8621312892 31.8545815984 32.0043724706 30.1953927606 30.3669494259 29.9377816615 28.8277966913 31.4936523393 29.3679781983 29.2357242279 30.9115749255 30.6121435154 30.8453607894 29.517412146 30.1116402818 28.5541057433 30.9762625202 31.1471072505 30.4889929632 31.4996858916 30.7152581194 29.0033416311 30.9166804798 31.2891812059 30.1054164515 28.5227061655 31.7383724686 28.8292984014
0 31.1710827769 28.978177012 30.4999176384 28.6533691714 28.5258216569 46.8778699174 29.7747186021 29.5269291714 30.2880474602 30.6575734327 28.7741114365 28.5323052823 30.3391683315 29.1445442886 31.7505450468 31.4166750661 32.0156133485 30.0489788731 31.0198228534 28.8644668665 31.5359851396 31.1852843315 30.1249679528 28.9950531875 30.3754200508 30.8681318086 30.5324793088 29.1515558337 31.2851712142 30.7129610158 31.478105575 30.4444592391 31.6414083125 31.9756763766 30.2433703288 28.7774827974 30.173682748 29.2230090282 30.4700170854 30.621967824 31.0643325822 30.6242103284 31.3256195689 31.3856770681 31.3384576548 31.530475473 29.6614275963 29.0650179637 28.756728063 31.397688937 31.5581505856 29.5879466993
0 30.729752663 29.4418915189 76.4498823487 46.8778699174 46.8778699174 46.8778699174 63.266734614 31.3513687136 28.5655088973 31.5433767593 28.8588036041 29.7562830911 31.8782861422 29.6728841731 29.1830256461 28.5839310196 30.3127066645 31.0119754338 30.871869129 29.210768425 28.9579101842 29.8984061181 29.9570492295 31.2077791817 30.5174589618 30.9054757683 28.7084541376 29.3019518859 30.6976110703 30.5449167798 31.002748503 29.8194767816 31.6422963056 30.0774292741 30.3842175336 28.7011378369 29.8244212948 31.5619127466 31.0479969603 28.9706715424 63.4604408282 28.7923501185 31.3693006097 30.219674297 30.5149595521 30.7396032609 31.107064312 29.8740198217 28.7049574711 30.9527082815 30.4757697173 31.6444391319
0 0 29.1660640049 52.8671403495 78.4932586851 46.8778699174 46.8778699174 29.2205609137 31.6576000463 30.8043431055 28.90859691 28.7547090732 31.5270019823 29.9885289431 29.4003281507 29.9781554297 31.6807177138 30.4465743017 31.5161059664 30.0263999037 31.4149820306 30.6354126627 31.8769282986 31.0031623949 29.9177768593 31.9955875785 29.8421223538 30.6554114279 29.9367721093 31.1855758795 30.1651991099 28.6010192117 31.8618046686 30.7297131402 29.4784399816 31.2932950821 30.9151864369 30.8326502029 29.949114465 30.6578967376 31.7255270641 30.6828378112 64.9325866151 31.2119240492 29.3647766699 32.0249077532 29.8851437384 29.2087651314 29.5883365599 29.7577195767 29.8212007317 32.0234933573 30.4017495064
0 0 43.5276782252 43.5276782252 28.8959503023 78.4932586851 29.5047003652 28.99811139 31.7013599547 29.7489553344 30.983776719 30.9703943592 29.9091816942 29.3397095138 29.6301718448 30.0104260465 30.4468096786 29.8058622049 28.5639425953 30.799312598 29.1799206734 30.1563292812 31.377633954 29.4058646632 29.4547567256 28.820203895 28.607496301 28.5406416869 31.6319991892 29.2102254156 29.3596712963 31.7506523038 30.311221216 30.979648511 30.4169490234 28.7754632829 30.7832929179 28.6051924314 29.8018478548 29.7680938168 29.1328461398 64.9325866151 64.9325866151 64.9325866151 30.0749143381 32.0250877625 31.0351364398 30.2280664429 28.9791734736 30.5817114076 30.9914092783 28.8927857124 30.9794059817
22.0120946637 28.1871624346 17.7800678803 43.5276782252 43.6388565403 29.4933047934 29.9338144259 31.9473992133 29.3675437714 31.7944816973 29.4742089534 31.353015074 28.8865644677 29.523220434 30.1305731066 29.0639019707 30.6693238531 29.7448751608 31.1234758465 31.355305483 30.7172375033 30.8957184729 28.5306683964 30.251758849 31.7205495112 29.3790671637 28.629061957 29.1072497711 28.6939605979 30.0713830426 31.9850132386 29.2670452566 30.2910260988 30.5403386419 28.7819796407 30.2473980495 31.1633581797 29.579891305 31.2766071904 28.6468213496 31.8658013449 29.665303511 56.043390087 31.1660417218 31.2809725082 28.971452021 29.0740941171 29.858845048 30.0763629804 31.6099736806 29.385446469 30.4676882115 31.480674923
26.7069577046 27.28287375 14.1125321408 60.4944231297 53.4378454651 0 30.1530914234 32.0222494556 29.9138304622 29.7483976986 30.4058236038 31.8702244761 31.8164222973 28.6864858075 30.0905389069 30.2667769607 30.1437560919 31.3866883856 29.5838070091 31.2808226133 29.3259953143 28.9682228953 28.6481166867 29.4088583469 31.6063900425 30.2495658614 29.9930585647 28.6890383988 29.7429513191 30.0309840103 30.7749125929 29.5409295048 30.0559556086 30.4991243184 31.9411769539 30.8095656647 29.4718256618 29.5235462527 29.5968809781 28.7633055968 29.199848077 56.043390087 29.6549692271 51.0569622845 29.5058978618 30.7797046012 29.9992205065 31.904386151 29.0226041844 29.4968957922 31.1296157089 30.9953387845 31.2168938985
17.0924683566 17.2135796895 15.6981154795 41.6887510195 0 0 31.9711773614 31.0935138493 30.9890920199 30.5381973468 28.6648634423 31.9954408773 31.8964021525 31.0897114875 29.5654130415 31.8923264377 31.6643466984 31.4082588792 31.201821129 30.123416162 30.1060609167 31.2141573003 31.5219110362 31.9035773388 28.9161341244 31.53400468 31.6898214434 30.4941548398 28.8322029347 28.5123686789 30.7238205499 28.6807962559 30.4479353933 30.1764173179 31.680313559 29.7097971935 31.9821828929 30.7986972614 31.2177163131 30.0968814904 28.9778703201 31.3808886701 49.7082331287 30.7855384283 29.0676731258 29.7195531916 31.9149768452 30.0140489062 30.5277975811 28.5879266205 31.8498748499 29.6778735189 28.7002610536
56.9541040511 48.4429867836 48.4429867836 0 0 0 29.4952501 30.3852433636 30.9928529523 31.6701559238 30.4374593573 30.9362612453 29.5900465919 29.2345119632 28.5164793154 28.6181308119 30.6721417808 30.021824744 31.372441778 31.9037806714 31.0014200218 28.5209979817 30.7861285612 31.3402634807 31.8855851404 29.4627984102 30.1515578093 31.7473537051 29.1449503896 30.6146914803 30.5316170082 30.1773099521 29.3623260625 29.3907523744 28.93274051 30.7332609915 30.486399036 31.5379386404 30.0608858176 31.9683998715 29.3697745541 49.7082331287 49.7082331287 66.3397996083 66.3397996083 30.4100450585 29.6164953957 29.9562204003 30.6523809734 28.8109628554 29.1709363272 30.3566031924 29.1919208362
