Spatial_Output/BAU/BAU_1189.asc
NCOLS 155
NROWS 192
XLLCORNER 196307.867259
YLLCORNER 449144.565805
CELLSIZE 33.573938
NODATA_VALUE NaN
[rows 25 to 49 of 192, columns 56 to 111 of 155]
28.1928632913 27.7266904956 27.6384054332 27.9781535932 51.8015718545 51.8015718545 51.8015718545 48.7236120737 27.5358255681 27.7443175161 27.7938634087 28.0443379686 27.564980585 28.1466463894 27.8441335948 27.7341944607 27.8289074695 27.6794500278 27.7090796956 27.6726859782 27.7087390074 27.9604057263 27.5863712743 27.9269668375 27.8341299349 0 0 0 0 0 0 0 0 0 0 0 0 0 0 0 0 27.7855178625 27.924861746 27.8337278234 28.150191443 27.7848274708 28.0505107998 27.6278184538 28.1828398776 28.0534163094 27.9363890751 27.9179465566 28.1272068007 27.7412074308 27.9252937039 28.1567523694
27.8481226852 27.6062931923 27.6342619199 27.7569995542 27.9008078531 51.8015718545 67.8270738834 53.6855516122 43.8161575885 28.0619109407 47.2813523224 47.2813523224 27.9043964415 28.1334726575 27.7800343744 28.0469412048 28.0675829357 28.125908627 27.8855000149 27.9391129658 27.5701373844 27.5762906698 27.5169810813 27.8255029222 27.5587583581 28.1731828977 28.1150353252 0 0 0 0 0 28.1379998578 27.9831886768 27.612870017 27.7815568849 27.7294539851 0 0 0 0 27.8081301979 27.5561522965 27.7920949199 27.5632993784 28.1458028618 27.6500552692 28.0096445372 27.6323783462 27.9633203832 28.0987084709 27.9863245902 27.9589978627 28.1190166549 27.9923029709 27.5530465658
27.7921789853 27.6533374941 28.1839407594 28.0826773701 28.0658924646 27.6146894671 53.8783989119 43.8161575885 43.8161575885 45.818044503 63.627751018 63.627751018 63.627751018 28.1205122145 27.907184631 27.623083703 27.7587254301 27.9740562218 27.5425175659 27.9873960654 27.8863617843 27.6843706179 27.7230132955 27.8800834925 27.7122300643 27.9205115603 27.6149947129 28.1328354449 27.9835537129 27.86753905 28.1898077488 28.1447970437 28.1205097 27.9920396492 27.9141704256 27.5329803211 27.7111669242 28.0483603584 27.7252282511 0 27.7170690195 28.0392990968 27.7868115441 27.7524064953 28.0641378856 27.6602196372 27.6853693059 28.0225624258 27.585369978 28.0654796638 27.7712557954 27.8775473586 27.624079104 27.5560564991 28.1166239764 27.9475029469
27.64673346 27.9114881302 27.7223308494 27.5742542413 38.756829664 38.756829664 53.8783989119 53.6855516122 43.8161575885 28.1351518134 27.9810467455 63.627751018 27.6167008606 27.5787895491 27.6453222821 28.0820447966 28.1766264842 27.8724895379 27.7184289725 28.2007138306 27.509991433 28.1264896893 27.6227097219 27.6610002824 27.7972515541 27.5405362046 28.1311907506 27.9184236377 28.0590575522 27.8770417812 27.7197980868 28.0582298326 28.1416253152 27.555996359 27.5783233811 27.903680357 27.8158263958 27.7600538645 27.5943279037 28.1151531409 28.1411959522 28.0021073595 28.1272429103 27.6343747949 27.6696181262 27.8879084939 28.0066163331 28.1611602053 27.9405710751 28.1640881464 27.5389308233 28.0720675078 28.0094036341 27.5889501027 27.9304638931 28.1178233301
27.6153192971 27.7145902739 27.7272996762 28.0521327403 55.4472427978 62.8592128022 62.8592128022 27.5590301517 27.5060231777 28.2069565216 27.8278535542 61.7784569369 57.310551392 61.7784569369 27.5020029623 27.7852769028 27.8803992432 28.1745247623 28.0185715171 27.7576040934 27.7221304201 27.7301265216 27.8453963329 28.1663419753 27.5498305946 28.1546125023 27.7541167934 27.5074026479 27.7765077207 27.810096614 27.9126967088 28.0046965165 28.138457565 28.0059870375 27.8293419088 28.0875017962 28.004292075 28.0703195378 27.8839841553 28.1681300573 28.0356062893 27.8555661599 28.0235600034 28.1773477834 27.8381793355 27.9318676612 28.1296638329 28.0345968031 28.1013796012 27.900875199 27.9840066524 27.5398275443 28.0739416228 27.6547350801 27.7399654915 28.0876209822
27.9281291724 27.9246523267 28.1768234993 27.6801252466 62.8592128022 59.6367948383 59.6367948383 27.614832844 28.0097135416 68.282789034 68.282789034 68.282789034 57.310551392 57.310551392 27.9850738387 28.0888666542 28.1617683755 27.9917975539 28.132002159 28.164895148 28.2024853097 28.1809391996 27.8695151984 27.6709176447 27.6840724822 28.1648611655 27.6298367451 28.0266994735 27.75871039 27.6074030631 28.0246303162 27.7319331329 28.1157209707 27.5164425389 27.9816804972 27.9399259163 27.5024449244 27.5549576708 27.7420745918 27.9786127923 27.7974666055 27.7060552467 28.0271198417 27.9856952008 27.7662111899 27.5614811765 27.8931717441 27.7601071626 27.687992068 27.9164003124 27.6540992276 28.1295364155 27.5348638317 27.831070668 27.5495045529 28.1058765206
27.7239003334 27.9308392143 27.929220311 27.7645050327 59.6367948383 59.6367948383 59.6367948383 40.8298646694 49.3215411784 68.282789034 68.282789034 57.310551392 57.310551392 27.8486805767 28.1343111076 27.5856269663 27.8297969163 27.8966223027 28.0642594338 27.6815725219 27.8489496336 28.0366045348 28.0809695191 27.5437968691 28.1986984563 27.8528242321 27.8777129718 27.6915022139 27.5548278107 27.7191235332 27.6022808421 27.5033496328 27.9952772537 27.516402018 27.710413488 27.7589591685 27.8281315235 27.5812467247 28.028291507 27.8412227144 27.8628253879 27.5686584421 27.6443642138 27.7485284758 27.979966123 27.7059339149 28.2069693053 27.9236886627 27.9393927815 28.1908097614 27.8427542513 27.9213319261 27.8714645651 27.9498731837 27.7663341353 28.0790197907
28.1725778363 27.9781857943 27.6056188036 27.7069666515 27.89792127 28.0415141769 40.8298646694 40.8298646694 47.714443656 57.3883324902 27.8604034028 28.1084939348 28.0078384768 28.2018709388 27.6828305739 27.887962463 27.7270452552 27.7708748236 27.5019027538 27.8043392028 28.0898102138 27.9309473669 27.6963372869 27.9618615393 27.8463140488 27.7833603042 27.7610995762 28.1780972594 27.7221582755 27.5372765423 27.5615234233 28.1263198308 27.7012514767 27.9562904381 28.0295687312 27.8029509119 28.133779521 27.8309185488 27.6440454691 27.9497805597 28.0568809014 27.8304406851 27.6609099581 27.6343727484 28.1408837029 27.9739229521 27.7561794018 27.635652917 28.1173404732 27.5385054523 27.6520243408 27.9384414904 28.0768043022 27.9522806522 27.8440578964 27.8886496816
27.9637638572 27.8337055435 27.5833746418 28.1619526988 28.2013638157 27.9563667847 47.714443656 56.866396086 56.866396086 47.9350537975 27.6287178015 28.0326717855 28.1987280689 28.1091088005 27.5089853242 28.099970576 28.1042799626 27.5727897034 27.5103680578 28.1429132635 27.6725533958 27.7922652092 28.1076541579 27.8835989572 28.0568727573 28.1604823396 27.8390526717 28.0105919636 27.5042601679 27.8293661968 27.9730466928 27.9443202151 28.0579363159 27.5901270715 27.5344957453 27.8906285338 27.7611635372 27.9105974994 28.083613448 27.5503955485 28.1650438197 27.7793504738 27.7077584013 28.063910176 27.6788962946 27.7377806745 27.7449789496 28.1562411205 27.7772274314 27.5666333241 27.9372293259 27.6792206834 27.7098969759 27.8747044038 28.1291994506 27.58002367
27.6116990356 28.0398911879 27.6741095836 27.678168855 28.0828792953 27.7284817293 27.8233162253 56.866396086 56.866396086 56.866396086 27.8633949581 27.6109831926 28.2060839962 27.5369785625 27.8145790841 28.014513667 27.8005950039 27.8997637142 27.6808425364 27.6964319742 27.6782873417 27.8380705671 27.535554592 28.0267483959 27.6432296493 28.0912745338 28.1506768798 27.5935215484 27.9431178811 28.1792170298 28.1415083296 28.1234776062 27.6453612567 27.697112904 27.7533058695 27.5192522422 28.0387598571 27.85238147 27.513639642 28.1819208365 27.7397118015 27.905284063 27.6387045967 27.5024335487 28.0452007396 28.2058265706 28.0375377569 27.6456287473 28.1623115439 27.7502582117 27.5240230798 27.814239906 28.0027460841 27.8438347727 28.0681525457 27.6959705536
27.830837712 28.0521784506 27.7388199533 27.8127754326 27.6740075116 27.9384415349 27.5414876235 56.866396086 58.249160613 69.8935407646 27.6029929572 27.912867827 28.0964980463 27.5263958779 28.0904626761 28.0392994109 27.759498933 28.1282465059 28.1971455828 27.850163752 27.8259633742 27.5705470893 27.5215500649 27.5681297016 28.1700984148 28.1669699673 27.6576529301 28.1270746473 28.1615021378 27.6379127271 27.867579971 27.9935620242 27.8051201839 27.7460335848 28.1349862692 27.5109862047 27.7741698234 27.7989983319 28.0724117098 27.7012093984 27.7214239494 28.1687977025 27.7992849736 27.62558463 27.8401524579 28.0997167959 28.0837848126 27.5703934555 28.1253330784 28.1256987757 27.7001552468 27.8348104941 27.856306925 27.8727199857 27.9731950984 27.7075327134
27.7372950935 27.7746873092 27.6552397561 27.6735591406 27.9411235815 35.35819469 51.9222469456 58.249160613 58.249160613 58.249160613 27.5842803196 27.7566228626 27.6911361892 27.756178184 27.562912485 27.6416417202 27.9146654081 27.6348931513 27.9006264756 27.9340386216 27.7744088988 27.7054255422 28.0269075328 28.1779403801 27.5099516497 27.6556430523 27.9086487943 27.7474502275 28.1401332257 27.619814585 27.5417998201 28.0712370169 27.6226119775 27.794604207 27.5826535884 28.0058995105 28.2043599592 27.9254108064 27.9971481017 27.8584266484 27.9149700966 27.8345806476 27.6900080167 27.5542559641 28.0594149931 28.0462384788 27.787634464 27.9274457418 27.7621130723 28.065482117 27.8059863768 27.9110162124 27.7666061899 28.1667154345 27.5780744529 27.6979053908
27.930690875 28.1775618672 27.7646623183 28.1432310799 47.3453578191 47.3453578191 47.3453578191 28.0420050766 27.8138746919 27.9823878984 27.5778055182 27.6006346661 28.0785088186 27.76076655 27.9418959756 28.181351785 28.1847064959 27.8946699014 28.1301689213 27.8159568348 27.9071673633 27.6495454557 27.9342454693 27.688997999 27.9702752493 27.7139520362 27.6538046321 27.6744358002 27.7894459741 27.7300307887 28.1263096933 28.0167056263 28.0300395268 28.1382082196 27.659936728 27.560060098 27.5131082152 28.1078000175 27.6522585602 27.5471074271 27.8933914436 27.8984360685 27.9844113276 28.09845958 27.6536456469 27.5556996185 27.8008355148 28.015381292 28.1424492046 27.9556336429 27.9373713282 28.1716944952 27.6594370096 27.7411016256 28.1678894728 27.5645192872
28.053504678 28.1069834342 28.0936613872 27.7770956951 35.4074688523 47.3453578191 47.3453578191 27.6587063699 27.9483950475 28.0057618001 28.2014044985 27.8847895137 27.5738195659 27.730029864 27.8931858341 27.7035058693 28.136192146 27.7663983461 27.5386702761 27.9167337729 28.1105510951 27.5549774578 27.9309366791 27.6390243841 27.5555513996 27.9509925801 27.724647373 28.0541229738 27.7066683864 27.9834168523 27.7392052004 27.736340479 27.7793484153 28.1428549745 27.9048691201 28.1633268278 27.643904273 27.6728674959 28.0215821591 27.8727869224 28.1369756764 27.5708381845 27.7869766062 27.7415126435 27.8755288381 27.5914557598 27.7512360201 27.7035133905 28.1150212992 27.8851188788 28.1901763348 27.7579340367 27.8955969322 28.1967582055 27.9036819446 28.1967283615
28.06606005 27.5237271034 27.8727701596 27.7617929555 27.5615025703 45.5521688149 47.3453578191 27.5654598349 47.040484933 47.040484933 28.1033638248 27.6089071374 28.0039169546 27.9589888744 27.5680861108 27.6367357687 28.0351533217 28.1167731707 27.9636750936 28.0944234378 27.8864280263 28.1028302904 27.5333043768 27.7120488645 27.8587410435 27.7704590068 27.5478978017 27.8191607939 27.6539511713 28.0501922101 27.615519003 28.1185485242 27.8755258315 28.0879310068 27.9262733416 27.7799532923 27.6888593115 27.5310492596 27.9944643307 27.8397271579 27.9702151062 28.0444244961 28.0651572559 28.1859068843 27.9418202123 27.5772740971 27.7375680627 28.0844590642 27.6502620039 27.6549312409 28.1737105832 28.1317646262 28.1419104587 27.949642752 28.0234888266 27.8623434631
27.9800157494 28.1392471364 27.8726293892 28.0368175024 45.5521688149 45.5521688149 45.5521688149 27.8190601163 47.040484933 47.040484933 27.7074715892 27.586466671 51.4857582836 27.9602487701 27.7234877517 27.9432522865 28.1153999102 27.917644354 27.7390523626 27.5598497122 28.1372086361 27.8737191929 28.0034906966 27.8442583952 27.9560293512 27.8376428244 27.7678958796 27.9118747607 27.6748947628 27.8398939065 27.5939530825 28.0269530067 27.5378838677 27.8008458835 27.5767651801 27.9855043994 27.8099793108 27.6283259674 28.0125111285 28.078298919 27.845747453 27.6671061635 27.7275537034 27.8687176001 27.9079952753 28.0730757201 27.7808049033 27.9133063601 27.7515818148 27.6237411384 27.8781191258 27.7378330861 27.8463614088 27.7019270213 27.5304338187 28.0476830194
28.1989251955 27.7374932902 28.0313760609 28.0220073014 43.1692931249 74.210709613 74.210709613 58.3076019501 58.3076019501 63.3167341414 27.7431452484 44.9023529164 51.4163209495 27.8257737372 28.1744552939 27.6872166637 27.5049666376 27.5236132845 27.9568458803 27.5632561348 27.8857010618 27.6020891694 27.6140725983 27.8298503938 28.1092167026 28.1652070669 27.8692423539 27.9915778284 28.0240274123 28.06249436 27.9426753746 28.1115367208 27.5179178002 27.6863821913 27.985128913 27.7181474045 28.1687776072 27.992117067 27.7989935925 28.10058021 28.1850094403 28.1465411678 28.0855164483 27.9605525277 28.0872915891 27.6749277565 27.6412030709 28.1496266717 27.8722563531 27.6360128955 28.0485455848 27.7447114868 27.603270463 27.8556002992 27.6412691542 27.9441860564
27.8108629444 27.801813811 28.1903789013 27.7365322883 74.210709613 74.210709613 74.210709613 74.210709613 58.3076019501 63.3167341414 28.0016188073 44.9023529164 69.8525493076 69.8525493076 53.1393275795 27.7740392398 27.8082710461 27.6654553884 27.8563025084 28.1744836163 27.7578028618 28.0313675145 28.0033121982 27.5915054758 28.1530763135 28.0709854744 27.8861197296 27.6640702477 27.8701892206 27.6648390087 27.7825684019 27.7370614779 28.0984426961 27.5623835148 27.7783899082 27.8449754311 27.5184713421 27.5811339324 27.7865864599 27.8831752907 27.7891988189 28.0780321229 27.6827176548 27.5389425262 28.0693691554 28.1113602099 27.9949300441 28.1045761665 27.5340396236 27.7295396484 27.6078946067 27.5025773828 27.6811293688 28.0790688058 28.0947200882 28.0892082508
27.6243024271 27.6083742924 28.1222867661 27.5266901636 27.9053193999 43.1692931249 72.519891217 27.5848745163 27.8866813486 63.2400469898 42.3495856218 44.9023529164 69.8525493076 44.5149694867 44.5149694867 44.5149694867 28.0052958543 27.6946902357 27.5719507496 28.0892400079 27.6704145143 27.9028672335 28.01913037 27.8549635969 27.7447446855 27.5968116643 27.6973544251 27.6702043892 28.1297022208 28.0935203325 28.0876783721 27.8970932868 27.8824665454 27.7396717084 27.8160018112 27.5797656765 27.8538824475 27.7677323219 27.7413393374 27.8758294672 27.5265554718 27.7666149923 27.8134020579 27.7670573192 27.7503216573 28.0876054516 27.9354812492 28.1526070366 27.8510106671 28.1600022337 27.6895613582 27.7855210624 27.8708180882 27.7205290492 27.8000115527 27.7985826293
27.8967565569 27.6615180236 27.860384915 28.0386140033 53.3115937416 64.9800189006 27.5915703286 27.8504134439 27.6747570372 28.1875224343 42.3495856218 42.3495856218 61.516679473 44.5149694867 44.5149694867 27.6998126383 56.5998495108 56.3659122778 27.7014747911 28.0820546579 27.9687694011 27.7415795643 28.1688062525 27.9740243025 28.0980049872 27.6153449795 27.6497950403 27.6389718838 28.1348370503 28.1512380016 27.5500541405 27.6654783535 27.9423261325 27.8452662997 28.0587688296 27.7338174263 27.8635022437 28.1120459509 28.2043468757 27.9796141017 27.6462119175 27.7955934368 27.988511181 27.5562551562 27.5039202402 27.5155852298 28.1907450022 27.765058782 27.5731628854 27.5657987174 28.1964382774 27.9421808873 27.8501052114 28.0584554478 28.0905333564 28.1517779543
27.9398826786 27.5297327401 27.9833373639 28.1235657106 27.6226970093 64.9800189006 28.1210599703 27.886324881 27.6423797819 27.8348248122 27.9496558695 28.1779735045 27.5489341535 27.6443599913 57.6397799249 57.6397799249 40.6178096472 28.1488400436 27.8523557352 28.1788554719 27.8969525262 27.8638925796 27.5851356407 27.5418324381 28.0129850652 27.7437346144 27.7970841419 27.8280585965 27.8525117647 27.5393209032 27.9928506379 27.9763168385 27.6659769989 27.8080840778 28.1311580155 27.5705198396 27.6525381407 28.1601962772 27.6461167707 27.8500975602 28.176511829 27.6249991344 27.9194612809 27.7657179695 27.8364880765 27.7828150829 28.059745233 28.1235434388 28.0781073196 27.5455651523 27.6692964883 28.1928775067 28.0083010386 27.5457709442 27.6781854517 28.130289397
27.6325305526 27.9992929851 27.9481825725 27.5941789714 49.3774847436 52.3138793722 52.3138793722 27.8543153596 27.8462557816 27.6813586683 28.0278219719 28.128076198 27.8542961592 27.7116765648 68.4402952347 57.6397799249 57.6397799249 40.6178096472 27.5015691293 27.7062809069 28.1608428078 27.8317311317 28.0259631546 27.8422995868 27.6782397999 27.8978764776 28.0028767878 27.8015893822 27.6197487787 27.5778419863 27.5608880215 28.0123619697 27.5056758344 27.6578150144 27.5256622428 27.5815030052 28.0769471192 27.7051150128 27.6458506065 27.9875014724 27.6876203295 27.8919451434 28.085568621 27.86031609 27.8931293107 27.5334615118 28.1461658137 27.5950306117 28.007741563 27.6660696038 27.6922313533 28.1257980904 27.7441477904 27.7944546274 28.0506285641 28.1959471167
27.7223836995 27.8048341398 27.7117721687 27.9572787538 27.6061587878 52.3138793722 52.3138793722 52.3138793722 27.6020245778 27.8694806636 28.1127066918 27.8754699664 28.13346073 27.6890610619 68.4402952347 57.6397799249 68.4402952347 27.9986159292 27.9946728739 27.5740340085 27.6725727111 28.1889722724 28.1320192855 27.5578937509 27.7537082351 27.5822788061 27.5186269978 28.1864020096 28.1954567183 27.8117868932 28.0762854796 27.7538983874 27.6342592612 27.5675433864 28.0012068731 28.0125934078 28.1158133997 27.8545279705 27.9307323521 28.1074439513 27.6773562746 27.5900485616 27.9191163651 27.5901094632 27.6336757181 27.759546134 27.5699976874 27.711086696 28.1811431345 28.0372143323 27.5281239812 27.5187234251 27.9971114768 27.546110561 28.0357399974 59.0610064657
28.0691341647 28.1303320941 28.101522034 28.0528523773 28.0964701041 27.9054067975 73.2543119716 73.2543119716 27.5222258798 28.1077193443 28.0280201106 27.8352373037 27.6075109625 27.6579970098 54.756165716 54.756165716 27.9620533951 27.673672558 27.644993685 28.1063096346 27.6966103568 27.6107060246 28.0716327837 27.7066293561 27.7849188516 27.5427005416 27.7942080128 28.193722283 27.5038189373 27.966146396 27.7918143295 28.0362930462 27.5168308299 27.7161515703 27.5551539424 28.1150298069 27.830153641 28.1704908144 27.5920707187 27.6109361007 27.5968468907 27.8886252505 27.9134410994 27.8397557827 27.9998462493 27.6730969263 27.702876002 27.5062245648 27.8920881829 28.1501131643 27.5584791859 27.8947039829 27.7590361496 28.1975782857 27.5131939612 59.0610064657
27.6386472722 28.1327277506 27.5085048846 28.1829978741 28.0308897355 27.5407631215 67.0762379082 67.0762379082 73.2543119716 27.9704462714 28.1401030924 27.7133600264 27.9001093448 51.4867469043 54.756165716 54.756165716 27.7711064058 27.8590817065 27.6128505596 27.7086391863 27.9798641417 28.1799504377 27.9382498923 27.875810095 27.6216316343 27.5394116993 27.7222214146 27.788658539 28.1464929122 27.7119628368 28.0994994479 27.8040366405 27.6469805121 28.2039007801 27.5092437144 27.8986711212 27.5954855741 28.0026885752 27.6341541715 27.7621865697 27.6534464216 27.7151512991 27.5315799193 28.1940883529 27.7593373883 27.6213737403 27.6493150535 27.9666555838 27.9493397419 27.8737637892 27.7741358232 27.7528260238 27.6995063634 27.739483632 27.6334414799 59.0610064657
