Spatial_Output/BAU/BAU_0035.asc
NCOLS 155
NROWS 192
XLLCORNER 196307.867259
YLLCORNER 449144.565805
CELLSIZE 33.573938
NODATA_VALUE NaN
[rows 130 to 155 of 192, columns 57 to 113 of 155]
45.2385678338 45.9722229169 46.2291556702 45.0121474532 46.1235316432 45.6882035682 45.9816116875 45.2046964313 46.0830406236 46.2869144055 65.0441582992 45.7862015053 100.2248044872 66.1125471526 45.8372949928 45.6020787327 45.1744484209 45.4751228046 45.012803837 45.1721442804 45.9202243238 46.1163885801 46.0633198129 45.546116287 83.9263035745 83.9263035745 45.3322757096 45.6244113474 45.4054018936 45.3760471472 45.2542919048 45.7224812124 45.9323082084 46.4022204337 45.7396274009 46.3456883786 45.3252494729 45.186703014 45.3046218492 46.3237137409 45.9646413929 45.9009784894 45.0097215621 45.708056165 45.1895723407 46.1160708042 45.9007925567 45.8991337438 46.2711529464 46.1254835251 45.137050113 45.9475018803 46.1273797909 46.1381593865 46.3578269391 45.9271548364 46.2439765504
46.0552482197 45.6369226744 45.6842616918 45.3597999894 46.1949747008 46.245660328 45.7711558478 45.2727951273 45.1238610104 45.8739474632 46.3628311288 45.9478334123 45.6676363129 46.3294699019 46.2517037951 45.7180719041 46.380443878 45.357692001 45.2054699617 45.6226911441 45.2705121309 45.7991438208 46.1914207665 45.0253540319 83.9263035745 83.9263035745 84.1782007464 80.9481945826 46.0982090897 46.0705260352 45.2067977381 46.0572450993 45.1906725047 45.835740321 45.4126592112 45.2377516917 46.0051777992 45.5112203284 45.7001748446 46.109774718 46.3820818028 45.0911797414 45.8290829446 45.2164537238 45.2112255427 45.4164061951 46.3688156775 45.7545434209 46.257543988 46.0206992639 45.5971169333 45.8588420342 45.1506470569 45.4223927122 46.3093905055 45.6429047655 45.1096738966
46.3569403684 46.2129272658 45.3801339017 45.0747399607 45.2859880536 46.1238668597 55.8093021116 55.8093021116 45.8865448922 45.7950822977 45.3376984901 45.9141674873 45.1381069965 45.4745249396 45.4464948965 45.9122732873 45.1339368486 46.3495605763 45.4105218999 45.7840524392 45.6399130341 45.8303142853 45.5556974564 45.8544876404 83.9263035745 84.1782007464 45.8620878726 45.9359789874 56.5973382411 62.7442813416 62.7442813416 45.262064598 46.0147543261 45.8510950844 46.4053549953 45.1912917603 45.6114347012 45.7921944439 45.8230648927 45.1725446589 45.0535061733 46.2370376564 45.9204540162 45.4896559812 45.1227371863 45.6922729011 45.1873807266 45.1155389298 45.2310616947 46.317832633 46.0834211198 45.5912926497 45.412574619 45.72698756 45.1109043073 45.9847421766 46.0346491864
45.7507018203 45.0401906863 46.0358465918 46.0992764306 45.1877406877 55.8093021116 55.8093021116 55.8093021116 46.0867309499 45.7844620138 46.2300823161 45.8906169589 45.097109814 46.2919215616 46.0729551573 46.2585264384 46.1885747633 46.0474256622 46.0435965298 45.9706779188 45.1815254401 45.3392262244 45.402221067 45.0076651464 45.480748174 46.0802618422 45.0785536789 45.9784438033 46.0036448513 62.7442813416 62.7442813416 45.4499063381 45.6361391742 45.4289296216 45.8577255988 45.8110740301 46.391366326 45.10212462 45.6499819838 45.8223252542 46.0973509155 45.538469672 45.4885210986 45.7680930257 45.2361154288 45.7284850561 45.9783348584 45.2936485775 46.2420698012 46.185181742 45.0973340198 45.0956388314 45.0292325813 45.0419827653 45.2691259219 45.7045000057 46.3393052364
45.3691707936 45.1923986044 46.1842246079 45.1572969362 45.9088797727 46.014666973 46.1405598044 45.9143829252 72.6561316299 46.0202195771 45.1409557055 45.9476364291 45.0276041938 46.1244989904 45.8570459036 46.4106350917 45.5584888326 45.8988656871 45.4453663124 45.275500169 45.0735378428 46.3115877496 45.4587318715 46.3633717593 45.8363948952 45.443283918 46.1763146594 45.7882798422 45.2687366819 62.7442813416 54.8888283918 54.8888283918 54.8888283918 45.7204052691 46.3540041441 45.9327545577 45.2168788469 46.0965375436 45.2233629186 45.647264612 45.6765710355 46.3349159144 46.025383051 45.5637641247 45.1485618828 45.8540057909 45.1303493345 46.2647126587 45.0347409972 45.2022675049 45.7644870627 46.0860106036 45.1654357266 45.9719088316 45.6381026165 45.6374354485 46.2664640852
45.903577002 46.2342866534 45.275393589 46.2623333268 45.8436143868 46.126248438 72.6561316299 45.1919328988 72.6561316299 45.4936580546 45.3664167831 45.471208274 45.0289730035 45.4638518317 45.2418774415 45.5602799001 46.1147384766 46.1623413317 45.8444885893 46.0001513151 46.0677650288 46.385241538 45.4386793374 45.3333416969 45.3723424708 45.2019337355 45.9843820347 46.2484266523 45.8949431818 46.353887916 45.8351589277 54.8888283918 59.8481912072 46.3710975932 46.3784550349 45.5043452235 45.7777111012 45.5656158841 45.8137483861 45.6582253886 46.0218293737 45.0256419566 45.4356401028 45.1793184928 45.7797300726 46.1495157647 46.3031983731 46.0803485224 45.642810689 45.5752090861 45.3519142578 45.6295916945 45.9168964987 46.1053217417 46.0611255611 45.2916796425 45.121467057
45.9096125394 46.0801933916 45.4927010672 45.9075611422 45.4277272939 46.3286573554 45.8790133535 78.1653491582 78.1653491582 46.3067278703 46.1612487029 45.1661524244 45.0016108691 46.3673913373 45.3809802769 46.2891404363 46.0058222302 45.1444522361 45.1296400049 46.0082651188 45.5514384656 46.320093529 46.1881966824 45.4564662663 46.2537719101 45.6860249194 45.0694917661 45.5996470384 46.2989428072 46.3027523912 45.4448949568 71.5341866888 71.5341866888 71.5341866888 46.0271442351 45.8660630394 45.4789485754 46.3214997094 45.8059775535 46.3767567881 45.0338321374 46.3307597473 46.1337789521 45.5351424762 45.1586011628 45.7613357837 45.4747401908 45.465469845 46.0970358962 45.2632556871 45.0780637215 45.9215793086 45.1421415484 46.2938352147 45.9128039763 45.122842204 45.5966752631
46.0366581724 45.397493985 46.0174716214 45.5742527935 45.0690058075 45.9380634966 46.4116629441 78.1653491582 78.1653491582 45.294986983 45.2589124498 46.1164129338 46.146429178 45.1002088523 45.0800170733 46.3401620525 46.0170961584 45.540933172 45.6024332206 46.0782118334 45.9744805605 45.1898576604 45.7070466791 45.7864798816 45.1070004099 45.87354117 46.1659192825 45.1764409007 45.7339402548 45.3599423471 45.9331389161 45.160958131 71.5341866888 45.112791292 45.4187193884 45.0144673146 46.3976328732 46.3591151465 46.1923395066 46.2333485857 45.1278278249 45.5438251841 45.9986806834 46.1853959162 46.2472108266 45.4962519956 46.1974494138 45.9263793689 46.1961641337 45.3794615076 45.0513539685 45.0751718363 46.3315316499 45.7758960669 46.232194143 45.8258762296 45.6623069087
45.472386162 46.1737387476 45.696169322 45.5117194016 46.3557363596 45.4530870659 46.1275084368 45.2195783541 60.2059869606 60.2059869606 45.7139297865 46.0521704018 46.0832503102 46.3593279294 46.1926498481 46.3980831847 45.9771150739 46.1244816624 46.0424612217 45.8837063642 46.3737003486 45.5251370661 45.4055498418 45.0500450391 46.3166322526 46.3544250359 45.73224457 45.7484358525 46.1872657632 45.2316220718 45.9333562419 75.6858382739 75.6858382739 75.6858382739 45.5900662726 45.6224652783 45.0242784958 45.2844402873 45.5213079794 45.4950828747 45.2033455504 45.5633115938 45.1835189604 45.0934429441 45.2369868255 45.6770898721 45.8747110008 45.275489328 45.6765259734 46.0979073424 45.970033708 46.0809585757 46.3716864057 45.9042438869 45.1339893125 45.4282309173 46.2556621722
45.6733274674 45.7869667542 45.5968054454 45.1037795692 45.4832957255 46.2461585744 45.1998745675 45.1658886238 60.2059869606 60.2059869606 46.3688350214 46.4083891727 46.2166096623 45.1547366245 45.6179934086 45.8614344415 46.0858694315 45.6426228152 45.2110344441 45.4059988343 45.5038827579 45.1292388392 46.3647959328 45.8728454392 45.5766289145 45.7048510455 45.0943055887 45.9646652903 45.9953683105 45.9500310229 45.946617808 52.5833705484 75.6858382739 75.6858382739 45.2837542009 45.6569765383 45.0911273671 45.4044273498 45.8721000074 45.1212036258 46.0054104699 45.5077836762 45.4305224571 45.6845812199 46.2550637477 46.0228500913 45.3741049083 46.1242900827 46.2565269085 46.3040869033 45.6664641749 45.226383956 46.236383596 46.0721175042 45.7954163589 46.2521543069 45.5489473201
45.1318758763 45.6043051734 45.7281942451 46.2918880869 45.7164638702 45.1354871968 45.0508350978 45.7323710133 45.9493246083 45.8138848903 46.058430934 45.9677566992 45.848872447 45.7089110671 45.0155595347 45.0603938489 46.0463942165 45.0032119959 45.5102990609 46.4044159845 45.8306272849 46.2244304941 45.8185023316 46.1828585051 46.2604241411 46.2262549441 45.9527733928 45.4919986385 45.2765608599 45.5494975675 46.328997978 45.7742847333 75.3574501009 45.506447523 45.9354103085 46.2045230547 45.9654391649 45.7883939436 45.1344583112 46.0942270097 45.6547194407 45.9047595932 46.3047500495 46.3066775392 46.0632465653 45.8890615718 46.2470343715 46.0756081511 45.3284257641 46.0290606044 46.0546417019 45.7967277182 46.0636729008 45.4688637748 46.2209328766 45.9798341721 46.147579647
45.1610694826 46.0830715357 45.9491629661 45.4234320642 45.2743379315 45.1294758193 45.9399254133 61.3992647693 61.3992647693 61.3992647693 61.3992647693 46.3125682078 45.1675085511 45.325198392 46.3169989381 45.0918198338 45.2058237521 45.8862127526 46.0591451249 45.1028346267 45.2809441017 45.7646846857 45.552474689 45.8530005036 46.3605731102 45.396367005 45.1805537615 45.9870245598 45.4154982475 45.4235061777 46.4115299201 45.1957931483 71.0087532354 71.0087532354 64.7417779927 45.4449260769 46.3107987915 45.3104112469 46.3471742914 46.4058127916 45.6504108431 46.0351436288 46.0367912177 45.7499582001 45.9014655328 46.1605980516 45.0491026007 45.6635593641 45.7001569628 45.8387955742 45.3117635189 46.1792449193 45.5284252397 45.0706014998 45.5341524319 45.8977453124 45.2939346469
45.6449960788 45.0354792472 45.7122873328 45.1032027331 46.1781306122 45.6274498668 46.1510110425 45.6950775239 61.3992647693 61.3992647693 46.245857269 45.1166349806 45.0101751658 45.2950551188 46.26504932 45.0739753852 46.246389587 45.5453781431 45.2664184316 46.1469825011 45.243872431 45.7355937095 46.1364865279 45.188600242 46.1769541236 46.1272002523 45.2500031367 45.828991353 46.1807415183 46.0899713194 46.1279033951 46.3474924743 71.0087532354 71.0087532354 45.6033842585 45.2372078725 45.0705559528 45.502342765 46.0459737354 46.3948118844 45.1863120414 45.6716071709 45.1543858153 46.1944598061 46.0783404321 45.977192457 45.3651702676 45.498780267 45.4000862999 46.1264044621 45.2006975005 45.7299367562 46.1314664087 45.4587216165 45.8078256547 46.1317501122 46.2874337913
46.278532482 45.9779298776 46.1002820053 46.2333276813 45.8071630929 45.5961098702 45.0343690679 46.2278107619 52.0377338368 45.5863119598 46.407965297 45.522373994 45.3350997858 46.1346470181 46.1087862878 45.231287601 45.5086998866 46.3501438042 46.09786615 45.1804017066 45.7821058088 45.8653666733 45.8399576171 46.1552423472 46.3065587834 45.6898918721 45.1489611507 45.5981766585 45.6071352753 45.2668388993 45.3568649348 45.6376960319 46.0945208431 46.0112280102 45.0942542091 45.2426326539 45.0096546476 45.9416341972 45.9193947598 45.2961104892 45.9341784158 46.1369050935 46.0542299817 46.1075414643 46.3176176175 45.9872281529 45.8721247869 46.340270747 45.2728155905 45.1145079517 46.32296304 45.5644592064 45.6930077025 45.6574935108 45.2212260513 46.3754562922 46.1613834208
45.3080436834 45.7861550024 45.0087474215 45.2417588056 45.0854522234 45.4260475839 45.6203259406 79.7465955707 79.7465955707 79.7465955707 45.2678432318 45.6459273509 45.0893990055 46.3812565851 45.8922552075 45.2914749204 45.5854388275 46.0288155957 46.2151632774 46.0480267566 46.1901637654 46.3225630507 45.4217342701 46.3409161651 45.5776096754 45.9184169928 45.0656959199 46.1513954462 45.8952819141 45.4402905812 45.7990252831 45.5996944533 45.5314509851 71.192894441 71.192894441 45.1685595544 45.5669007611 46.2612090438 45.774356326 45.0867446897 46.2118754759 45.4407370708 45.9758336144 45.355411995 45.1678585387 45.6823639776 45.2381224558 45.4018511712 45.1978253028 45.1702770691 46.155540797 45.3859828527 46.1966770242 45.3217383923 45.7984639521 45.0422438667 46.3479522545
46.3423289527 45.4027153772 45.9654962679 45.2387983198 46.0060236832 46.1639414729 45.2660655916 46.018951622 79.7465955707 61.4350917786 46.2948028408 45.8580808266 46.288509444 46.08631637 45.2646017386 46.1887294525 45.6771556978 45.8462929628 45.2659798715 45.3895121919 46.1161696409 46.3733031144 46.2033240233 46.1766957922 45.0733889849 46.2006318 45.5005978777 46.2566045317 45.6046048709 45.8034546462 45.7331950177 45.370210251 45.953952765 45.6224213626 71.192894441 45.3166835702 46.1031027139 45.5603894393 45.3845833169 45.055429159 46.2699395637 45.7823867156 45.8285566997 45.9078640785 45.1639423589 45.4996931065 45.6488771503 45.1472131238 46.316955247 46.2216575761 45.2263230872 45.1644255614 45.519661593 45.9418500876 45.3949567283 46.2702040042 45.4865011979
46.3765962751 45.0464542535 46.374488051 45.5680156631 45.3837316398 46.3681218235 45.1225926012 45.4071627233 61.4350917786 79.6698855705 45.6691281331 45.7981262786 45.1104611934 46.1747690818 45.3124154061 45.1950682373 45.7832258019 46.2722727036 45.0165208749 45.9310713845 45.4581037201 46.1462087454 45.259180517 45.1239049423 45.0328210322 45.2765456696 45.5501616971 45.6742577059 46.2774602424 45.6287467963 45.9148087522 45.1033067848 45.1222008545 45.6020002159 64.0863657542 45.9430019706 45.8611787944 45.4222570495 45.3369817501 45.3962044004 45.9771487806 45.2710829019 45.5632940072 45.0446156696 45.5688067407 45.6219236192 45.8207441999 45.4544623169 46.0537448618 45.9986001605 45.3434604961 45.5975002668 45.4387138377 45.4520118377 45.0869734896 45.3126953259 45.8910222626
45.2582884273 46.315484084 46.309542742 46.3768012019 45.4008687117 45.411809226 46.0982217195 45.9263005369 45.4870396684 61.782860782 45.1627563034 45.1924181871 45.6722858525 45.0563986222 45.8199140143 46.0649631274 45.7318994925 45.3875879979 45.1236549904 46.0171979452 46.4044164274 45.2847498653 46.1933284771 45.0160289091 45.3224491142 45.8689684016 45.2773303725 46.0268440027 45.183098404 45.3874158615 45.835224399 45.6540401541 46.3418231159 45.0410744925 45.5377655089 45.8212586916 45.6726439035 45.5731497737 45.3118598436 46.0170141914 46.1443287315 45.866156434 45.8566979782 45.8187244003 45.3417358948 45.0502847845 45.0139229125 46.2822389397 45.3219460578 46.2686918006 45.1405669558 45.5499886949 45.5085227477 46.2123858582 46.1655334425 45.2562142675 46.0863803803
45.2628669848 45.7757497123 45.3599172891 46.2760877531 46.2136237344 45.7170199283 45.7380886404 45.1268357725 61.782860782 45.8415455042 45.1860518474 45.9956722381 46.3921593731 45.143439592 45.6733354899 45.0176803114 45.3811420829 45.5044076754 45.6067288252 45.2802517127 45.272114639 45.1780419383 45.2922625937 45.4423905499 46.3161910064 45.5407796434 45.8517483766 46.1681441145 46.1934231218 46.3715108661 46.3877799138 45.839052628 45.9193034787 45.7910969068 45.3099445716 66.3454643041 66.3454643041 45.7878508222 45.7875849085 45.5896420049 46.0975928159 45.7811613636 45.717712842 45.9621445694 45.3753389112 45.2583746089 45.0598507616 45.9547844862 45.3214077708 45.7001174079 45.854162732 45.1906871958 45.0172476707 45.1553137204 45.1908478428 45.56900993 45.7953750302
45.5679030432 46.0466358113 45.9670181586 45.183892392 45.4564790914 45.9442927802 46.149915762 45.1950724752 45.4795193885 45.1933754597 45.9177863733 45.9665254755 45.0412606725 45.5256965776 46.4093690701 45.3412381407 45.613261933 46.08686197 45.6521121289 45.3880784319 45.9835595078 45.2134643941 45.7632037943 45.0343750267 46.1365073926 45.5599247125 45.965116128 45.6038627615 45.7350154365 46.296396699 45.3109096914 45.1896805609 45.3841194365 45.4349267922 76.9140921641 66.3454643041 66.3454643041 45.6912599534 45.3355501799 46.2614692522 45.3415863187 45.5684211965 45.6049425494 45.1000976467 45.6765116558 45.6904101189 45.7317137428 45.3960146511 46.345760828 45.7475569648 45.1751362204 45.0662600134 46.3488259926 45.1696499047 45.617611282 45.4545267626 45.9885764015
45.6691371587 45.6146574415 46.1524502042 46.1989623605 45.4753220265 45.6986118447 45.7989697436 65.4295822086 59.2163139844 59.0927077238 63.1305416177 45.514157351 45.3419516845 45.1416978002 46.0170611599 45.2876325547 46.0363064724 45.0879935327 45.0512878396 45.8119907929 45.928794028 45.1760249743 45.8300381913 46.2152378496 45.7649578578 45.3530217001 45.5265235779 45.030769345 45.536378872 46.335412119 45.1216101981 45.2890429756 45.9247777926 45.1793013918 45.1990410237 45.0267006662 45.9824068586 61.6906370311 61.6906370311 45.2309003525 45.8734351349 45.9488323517 46.1983290651 45.0068834926 45.6148074324 45.2239902984 45.1422387193 45.2118700102 45.9241103816 46.3851399651 45.9827321307 45.5255175607 45.1318747085 45.6487139619 45.078723858 46.0478760197 45.9480145903
0 45.0090701785 46.0497043626 46.3381419871 45.5226981465 45.225258538 45.2905350486 62.4828416174 62.616570505 66.0139564999 60.8927862178 45.830745046 45.8357513753 46.0855478427 45.6562245717 46.3738188353 45.9730099619 45.3701147129 45.8360443519 46.3336896085 45.4529390033 45.2588426041 45.1489189558 46.1520372991 45.0472851565 45.3069019825 46.2640607047 46.140571105 45.0211598378 45.0633140044 45.724169286 45.6709061006 45.6473656255 45.9458143788 45.9482115227 63.86395103 61.6906370311 61.6906370311 45.9986108764 45.0212738616 46.3188899272 45.4843190722 45.9381302857 45.4852416193 45.4813001311 45.0304700204 45.1077214228 46.3895276375 45.8836429891 46.0408179612 45.0129447234 45.097198764 45.906203435 46.3265639671 45.9410671527 45.0015194822 45.2904451473
0 0 0 0 45.3558997306 46.2342190439 45.6493861434 46.2342491896 55.9692947883 65.9734179175 61.4867675073 45.9460280985 45.3851743119 45.008999291 45.6642387331 45.5994136526 45.5932574931 46.1078508459 45.156709966 46.0019230075 45.7527494944 45.3629092759 46.0356636657 45.0431639557 45.0610929108 46.0437218243 45.1853540452 45.9468589462 46.3845414928 45.3675229001 45.5174083648 45.6611956976 45.9841810244 46.162541011 45.6934987468 45.3057109539 45.6779845408 61.6906370311 62.153043698 45.6649133008 45.8835300001 46.1243280869 45.4689818483 46.2158536152 45.0067899024 45.6293720944 45.7372545108 45.3564714491 45.0116013206 45.1911240343 45.4606721143 46.0221805966 46.2038842588 45.1222491011 45.3600788189 45.9244936086 46.2062881189
0 0 0 0 0 0 45.7619755104 45.6045332882 46.3667312524 33.8572090956 33.8572090956 46.1259329143 45.4829809249 46.125169197 45.7484156136 45.0944275145 46.4126269225 45.8813097051 46.2315847368 46.3971551898 46.0932689432 46.3411673229 45.6275180013 45.4034505538 45.0475962228 45.9389076233 45.9055524931 45.9584113556 45.0946772651 46.2089420683 46.281073385 45.453507646 45.0589024812 45.8295497193 46.0610457469 45.7720327711 46.0231387176 62.153043698 79.9264165098 79.9264165098 45.0291272942 46.1413684596 45.5278912049 45.8813494929 46.0997046501 46.0227294833 45.1922332242 46.2723189565 45.2876644426 45.8942136658 45.2408200593 46.2616964501 45.6859574367 45.0946989329 45.0093375165 46.3624587219 45.0100300265
0 0 0 0 0 0 0 0 32.9819999631 33.8572090956 33.8572090956 46.2751992938 46.4063389282 45.052981988 0 0 45.9813680075 45.9071303145 45.0665401274 46.0083711225 45.0373642328 46.3665305947 45.9113081775 46.0729269763 45.9908480295 45.635710448 45.7081438901 45.2879621866 46.1309904162 46.1475463407 45.3269109899 45.6583083562 46.1979521534 45.4446857374 45.3362271709 45.3251473378 45.6900450015 79.9264165098 62.5553703113 62.5553703113 45.0546362815 45.8448734135 45.4456460035 45.9861162005 45.9355854365 45.4647963487 45.5407152115 45.114816164 45.8449505672 45.6186179368 46.0727195898 46.3386814433 45.5733564094 45.6985430015 45.9750447297 45.7579253188 46.1222572308
0 0 0 0 0 0 0 0 0 0 0 0 0 0 0 0 45.5847125455 46.0536486232 45.8040960889 46.0511496744 46.0428915312 46.0156856635 45.6492097969 45.637926462 45.9134634364 46.3822060067 45.7808989675 45.6674851528 46.0227458614 45.2669124386 45.0173604152 46.1297243821 45.5831037023 46.3611027638 45.0005509029 45.7261731028 45.2210723126 62.5553703113 62.5553703113 62.5553703113 45.9608684597 45.7075989237 45.2164150016 45.7453546431 45.1085960324 45.4769770811 45.9488846303 45.8825700202 45.2838280413 46.3557721554 45.9540958874 45.3541067244 46.2622251851 45.6167235078 45.6742362787 45.0287424902 45.1453698267
