Spatial_Output/BAU/BAU_1432.asc
NCOLS 155
NROWS 192
XLLCORNER 196769.923733
YLLCORNER 449719.875193
CELLSIZE 27.603701
NODATA_VALUE NaN
[rows 46 to 68 of 192, columns 53 to 105 of 155]
59.9650260039 59.9650260039 32.6818342263 32.6074509859 32.5171048055 33.0710004155 32.7987904502 33.0731743638 33.1633924 33.0380414105 32.7921979907 32.9477037878 33.0798254155 32.5550251506 32.6927526822 55.5421264531 55.5421264531 32.6208696569 32.7537771134 32.910357918 32.8668220456 32.6402799502 32.8578923586 32.758639681 33.026987123 32.7412457143 32.9211563906 32.7122677278 32.7251572498 32.7232592806 33.1050546904 33.0768105684 33.1279391619 32.787721224 32.5455862435 33.1690723817 33.1035368821 32.715035976 32.694429402 33.1141832194 33.1704807763 33.0229177078 32.9507956034 33.1535200073 32.8398429955 33.0106623745 33.1034344328 32.5716503693 33.0576394823 32.6907609992 32.5993518692 32.5385150926 32.5479416665
32.7370509087 32.6538889379 33.1646017765 32.8597675802 33.1431365213 32.5090706835 32.9344712994 33.1459735631 32.8597297409 32.5243974927 32.54659007 32.5438886782 32.8851352248 32.6460519116 32.5921704294 70.1379418657 53.8200621631 32.9672188405 32.5571301357 32.5849711649 32.608097244 32.8068961844 32.7475992124 32.5330123755 32.7489393754 32.6174690448 33.0946562478 32.742514041 32.7645367887 32.7888228276 32.7614462101 32.7388242398 32.6360997685 32.7209438023 32.5859991067 32.9546060716 32.500749333 32.5702211351 33.0328672976 32.6873200272 32.7192561544 33.0615321037 32.9993584181 32.8288426861 32.7428360737 32.9879930761 32.6743490198 32.5982985894 32.7711716028 32.9094329616 32.8592142521 33.0872412617 33.0283314141
32.8088430554 32.8627590093 32.5844675721 32.960206464 32.9522631081 33.0427239713 32.7676723337 32.8982708039 32.5709521027 33.1266698402 32.6688845258 32.9932564476 32.7440277294 32.9368128589 32.6440665907 81.2605843525 81.2605843525 53.8200621631 33.1631095255 32.5920473526 33.1237389516 32.7333678972 32.5633975474 32.792712602 33.0073953502 33.2057888589 32.5235806162 32.7046180636 33.129404144 32.5506060339 32.848722279 32.9724102579 32.7289749719 32.8889833277 32.9301614665 33.1560164811 33.1911731019 32.9664267984 32.6257647744 32.5661209372 32.6419651644 32.8527760117 32.6768056443 33.1159117853 32.6504897782 32.53155355 32.8993752556 32.6313895543 32.8896433151 32.7082902525 32.5794848859 32.6603234562 32.705154151
32.6400362363 32.531104499 32.6583852913 32.9289780176 32.6970180282 32.6757054897 32.5193337403 32.8226513652 32.6299286007 33.0437842372 32.7123762977 32.9969382255 32.7478441994 33.1202922383 32.6710233508 81.2605843525 81.2605843525 81.2605843525 33.126622801 32.7870791979 32.7246789394 33.0182275589 33.0491116072 33.1809809538 33.1537641368 33.0878558927 32.5377303624 33.1579552559 32.6535083139 32.7391418606 32.5833621089 32.9138594204 32.9727997705 32.773545384 32.8013339984 32.6964963898 32.6485251393 32.6880015747 33.1011130863 33.0256771537 32.5724121118 32.668257417 32.6816254109 32.8170894834 33.1028302412 32.7267201775 32.7087472532 33.1482084099 32.737927844 33.0161687139 33.051434859 33.0150771301 32.8834671883
47.3212061787 32.9826703218 33.0016807834 33.1327453964 33.1603065915 32.5445431272 32.9454125176 32.8500593216 32.900924775 32.6900022674 32.7904579924 32.8778789633 32.5571353442 32.8614355492 32.6577166002 43.2336026211 43.2336026211 43.2336026211 32.9061822702 32.800290556 32.9507983679 33.2028132267 32.6842530369 32.5341816184 32.6424498939 33.1682080519 32.6750755514 32.7196078642 32.7215841298 32.7112664981 33.1959344673 32.7728116678 33.1654504308 32.6325042801 32.8974415607 32.6819135095 32.5912272841 32.7878300605 32.5496682768 32.7217856987 32.6974025685 33.1959177977 32.9363233063 32.8913269868 32.6424835391 32.899187471 32.9475497808 32.6445597754 32.8022288273 32.7454941566 32.5677270467 32.723593698 32.8553774827
32.5386466964 32.658064466 32.5741320921 32.6159080195 32.9764807451 33.177777196 32.8909627019 32.8733329062 33.1199357478 32.7402882162 32.5872314587 32.5359466702 33.0082465667 32.5799361309 32.9981792508 32.949291286 43.2336026211 32.5690385691 32.6797654837 32.6067315191 32.9869009679 32.8236351417 32.9322295914 33.1576680638 32.5613098013 32.9016836795 32.6288934282 33.1487539169 32.5623901383 33.1072263875 32.7170096014 32.9330401275 32.5053824146 33.0612802856 32.6431637483 32.8122959966 32.6361821677 32.7161624545 32.8836661597 33.1904081435 32.6876441918 32.553140622 32.7248432578 32.8040979479 32.7201181339 32.6912313504 32.8479893877 32.5951392181 32.6614374285 32.6354763198 32.8320002831 33.1248143964 32.6554837594
32.5376796692 32.8712258195 43.6670005611 33.0664797204 33.1028846541 32.7934748394 32.971029641 32.8341099127 32.5264079915 32.5851209309 32.6122015596 33.1436609426 32.9363730331 32.7711457456 32.7969175718 33.1350969708 32.7998112319 32.7513403865 32.6325751773 32.6694613833 32.6545697175 32.810475048 32.8171267097 32.6297809838 32.8652498861 32.8728365825 32.8335872747 33.1997193317 32.9014982361 32.6862777733 33.1283664251 33.0271632604 32.7185734754 32.52106127 33.1625803481 32.7222523431 32.9562526962 32.6943469585 32.8602366655 32.9937424027 32.6073145335 33.0778813636 32.7254961291 32.8793941912 32.7866760672 32.8574310743 32.6306978135 32.7331142701 33.1465369446 32.8245250744 33.0529482713 32.8814262743 32.7382379099
32.6239321403 32.924532571 43.6670005611 43.6670005611 33.0845557321 32.9219622137 32.7026953042 33.0651018035 33.2012572677 32.9329992935 32.6349724438 32.9570979298 33.1457300891 32.961016169 32.5665666185 32.9362565362 32.9005605032 32.863090533 33.0838138811 32.9311755374 33.1115265494 32.8291469779 33.1515472866 32.5579310463 33.1611265772 32.5182312758 33.1962306554 32.5285624869 32.5127340041 32.9631886667 33.0538674494 32.5374758034 32.81762101 32.5325082707 32.8291602095 32.7833489645 32.6403737428 32.6334576849 32.833329261 32.7762879004 33.0122819091 32.9363354081 32.654175139 33.0534040085 32.5156545715 32.7690359468 32.5737745708 33.1559069535 32.6177024867 32.6796309625 32.7757267011 32.9352986197 32.7810821205
32.5279329381 33.1865219848 43.6670005611 43.6670005611 32.7920320511 33.02606454 32.8638858296 32.7741456708 33.1981094391 32.7448187395 32.7565813564 32.53440725 32.7305628921 32.9334397231 33.1421178343 32.9033686581 32.6325832681 32.6299009509 32.5201011287 32.9321282492 32.8830729327 32.9739604932 33.0381342334 33.092732289 32.7578865387 32.8475976013 32.8696359679 32.5388719085 32.9915545594 32.9061274467 33.0960706204 32.761200235 32.5036331665 32.9936909299 32.6873812457 32.5938624156 33.1209983255 32.7786786248 32.8133077361 32.6387251097 32.6219822109 33.1367820115 33.0648359541 32.9735930851 32.5313446678 32.502783018 33.1501547586 33.1872508892 32.7095991196 32.5827954468 32.8307957069 64.3317611952 64.3317611952
57.8375823781 32.7597419537 33.0793689355 32.8631663936 32.5847469824 33.0164011848 32.7601009605 32.7056435629 32.6187610594 32.9217138247 32.5637823629 32.539736384 32.9891242176 32.7949357322 32.5366320661 32.5698929104 32.6992015524 32.7264784743 32.9460989958 32.6956888792 32.7066386126 33.0631315637 32.8435063878 32.9740098123 32.6021229179 33.0535094512 32.9147170097 32.7525772452 32.9514221263 32.514911517 33.0973699173 32.5017834822 32.5299531676 32.7593745638 32.7061176656 33.002854042 32.6141457921 32.5776778477 32.8752188592 32.7546952871 32.6008952307 32.9206193808 33.0594358414 32.5371973156 32.8775466094 32.7517265891 32.7324065197 32.6617602524 32.6269112973 33.0018365211 33.0564493346 32.869934637 32.7745066219
57.8375823781 57.8375823781 33.0656370613 32.5254857331 32.9719461679 32.6938316167 33.075964296 33.0696920196 33.1408905084 32.6096396221 32.8800048901 32.7901787761 32.9473568538 32.656368571 33.0208260945 32.6808457464 32.6868681404 32.9778197387 32.8238546341 32.6821281016 33.1150127602 32.9630249467 33.0024756894 32.6068432 33.0640651308 32.5517245479 32.8709230149 32.855053204 32.9361700827 32.6145986521 32.7273692449 33.2025625477 32.5599325225 32.9070881196 32.5386582577 33.1202253924 32.8215961236 32.8359989587 33.0881393027 33.1994978201 32.6167332496 33.1553144474 32.7679004063 32.5443404211 32.6351303565 32.7561678393 33.1117968713 32.7150744501 32.6542515603 33.0887700348 33.0257581085 52.8529612869 42.0797499705
33.1218727368 33.1177878509 32.6126675531 32.6115790716 33.0110928356 33.1210901609 32.8367364648 32.712761099 32.8207637597 32.7346529999 33.1462728961 32.8797502162 33.0659068223 33.1654787652 33.1372760999 32.6095750774 32.9149534376 33.1086359649 32.5359787572 32.5907002384 32.5042447095 32.739838618 32.6418939557 32.5668614902 32.8404780046 32.7022516705 32.9237951973 32.9575640911 33.0794386814 32.878889446 32.7729947127 33.0858575835 32.7919022369 32.6585521002 32.7228513763 32.8689872708 32.6740613492 32.9817469621 32.5260350858 33.0338361066 32.6332892745 33.1504388862 32.6767551694 32.6552976979 32.6307538701 32.6009717373 33.1709288694 33.1976636447 33.1082431916 32.9949258238 32.7293351239 32.5557160577 42.0797499705
32.6755001536 33.1681644056 33.1205787832 32.8477040754 32.7188133709 33.101498583 33.1612443136 32.7321507904 32.7649935422 32.9241567847 32.5347864087 33.0189307534 32.5556118089 32.7584761362 32.7278477595 77.2678483782 77.2678483782 33.1736905545 33.0386881444 33.0924887504 32.8433196916 32.7234625287 32.8882196318 32.9358679379 32.9539734945 32.6380052969 32.5955130532 33.0915486642 32.5864728699 32.926495251 32.9311119175 32.6177023575 32.9336352561 33.0646971103 33.0871765009 32.6927831681 32.6763776134 32.7943950137 32.6634003425 32.9577969196 33.0704439532 32.9369171516 32.7750227461 32.5884307634 33.0632288159 32.7355328445 32.9535130497 32.7552044154 32.6558126461 33.1186907389 32.9505588553 42.0797499705 42.0797499705
32.9393669381 32.8734137883 33.0185807869 33.0640681592 32.6730398278 32.6657077822 32.881792267 33.1610726871 32.914002962 32.5556203311 32.9375473673 32.675028843 32.6365654626 32.699682743 32.7030933265 77.2678483782 77.2678483782 32.8600754923 32.5030808338 32.6260996901 32.9513679796 32.5207281462 32.6113244508 33.0524454048 32.5503308582 32.8628919589 32.5580834912 33.0433650608 33.1713115038 33.0421574606 32.7344028914 32.6073005231 33.0691320017 32.8803837602 32.6429790721 32.5768688853 33.0559732656 32.7905030887 32.9515002448 33.1640193079 32.6326285019 32.7053962386 32.8730307983 33.1378158429 32.5926429412 32.6309238631 32.8548701436 32.5218092201 32.9944028464 32.8175414748 33.0143528655 54.5282643461 48.2442658182
33.1350030647 32.8465252819 32.6398971202 32.9163372142 33.0243231488 33.1336957571 32.5272733904 33.1216190454 33.0389867784 52.4172503293 55.6561078326 32.8524831933 32.5806898179 65.7301004786 32.6327871836 62.4800613528 62.4800613528 33.1562738355 32.5417031381 32.7145892893 32.535211152 32.9333998865 33.1464320572 32.9914958419 33.1593234357 33.1513298401 33.0479984485 44.9555567013 33.0309141264 33.1714562421 32.8412351531 32.96186782 32.74638005 33.1179576342 32.5221303095 32.5049575713 33.0471151152 33.0176944444 32.6111805289 33.1391945875 32.5491475469 33.1975151897 32.7487102324 32.5303261022 32.9436085184 32.9658628457 32.5272015642 32.6411280618 32.5144981291 32.8897496628 32.5467700487 48.2442658182 48.2442658182
32.5120847536 32.7846332007 32.9211610657 33.0433094786 32.9512864972 33.0786049329 32.8621662908 33.0425912833 32.6857066358 52.4172503293 52.4172503293 32.9491188656 33.0270432004 32.6825945178 32.6209488986 32.9427736324 62.4800613528 33.0889573026 32.9881277002 33.204565258 33.0939621412 32.5009331336 33.1099415361 32.5140751111 33.1128105371 32.7586225779 32.7676144501 44.9555567013 44.9555567013 33.1994445278 32.9164786369 32.6079514852 33.0858932932 32.6632990238 32.7517410172 32.9061373902 32.6108534415 33.1032168398 33.0401473524 32.5275499906 32.7623747304 33.1140874227 33.1956742844 33.0638463473 32.5390459097 32.6414530982 32.6667106763 32.8270452959 32.6824965823 33.1621147 32.7783949112 59.7206330845 32.9960401065
32.9814133665 32.905499716 32.8619010638 33.1784525337 32.6113183247 33.187260759 32.6125438044 32.7230269727 33.0713183495 52.4172503293 55.6561078326 33.0708736357 33.1395696086 65.7301004786 32.8526055372 32.8387762031 32.600715051 32.9717707153 32.755764588 32.6709112854 32.6303971793 32.7076329261 32.9537623742 32.9409092857 32.8840147134 33.0075826477 32.9657005485 44.9555567013 32.5332468805 55.6261759173 47.4625423985 32.9481704593 32.6957680339 32.6755163151 33.0213996419 32.8938459121 32.7079212667 32.9362082792 32.7238707249 32.7532546164 32.6616447394 33.1201983499 33.016770553 33.1581702931 33.068937392 32.7884458598 33.075730443 32.7661491617 33.055758567 32.9485505293 32.7427537303 32.5211865186 44.1180231209
33.1760147428 32.7785182661 33.0965827956 32.8298459835 33.004221148 32.6083580802 32.7395579118 32.7029915471 32.8482033901 32.9798395966 33.0200513098 33.0246492374 33.0374321708 32.9309535646 33.085878175 33.008047158 58.5549429438 58.5549429438 32.8131300972 32.8149710741 32.628872778 33.0550592489 32.7014316499 32.9207977248 32.8843582174 32.7202635426 33.1509208788 44.9555567013 32.5173271175 32.5942428746 32.5882391117 33.1004602019 32.8244666142 33.1305309342 33.0738799375 32.955633554 32.9019283207 32.9448253015 33.1788749334 33.0987120967 32.6403808812 32.5407157326 33.1531715176 32.9093237237 32.6556379451 32.7886916252 33.0645885273 32.9674268893 33.1155382685 32.7804812149 32.6759942671 33.1434874654 61.1373942645
32.5328143873 32.9547050185 32.6409393366 33.0718527271 32.8491370647 32.9067647462 33.012634307 32.6280282004 32.8324430023 32.5735084726 33.1248374667 32.9477204355 32.85463245 32.6558405764 33.1425496291 33.1366880879 58.5549429438 58.5549429438 32.8370248127 33.1145950403 32.7471813349 32.9945810777 33.1116291063 32.883277557 32.8255883282 33.0467046224 32.5375428043 32.9592525777 62.6008329188 62.6008329188 62.6008329188 32.9392188522 32.7513668673 32.7924425204 32.5187510814 32.8906066575 32.7685658426 32.9437930752 33.0221211707 33.0313977263 32.5219600615 32.5262812392 32.5617561979 32.775575027 32.9554107043 32.8439695786 33.1667200559 32.9559365385 32.8485858641 32.6304304905 32.9182908696 32.7623236272 32.8810599882
32.5419372258 32.9210501964 33.0160099985 33.171361658 33.1822449121 33.203553698 32.8296812387 32.8335432457 32.6719887178 32.9624495272 32.9282513864 32.9032108275 32.922074856 32.9461067234 32.9121054231 33.118626996 70.482248656 70.482248656 70.482248656 32.8771081688 32.7543666238 32.5093553026 33.1235044761 33.1416998922 32.7055720435 32.5324710428 32.8103519186 32.7694648522 62.6008329188 55.8387880684 62.6008329188 32.8385707068 32.6404901885 32.8149395125 33.1498437997 32.824760471 33.0075417775 33.16700651 32.5540195706 33.108545577 33.0724105204 32.7453464215 32.7825242383 32.9024231539 33.1558629283 32.9216884275 32.8723096149 33.1025032793 33.1928793137 33.0735010264 32.7312676037 33.1087639845 60.0242057874
32.6294270491 32.8669272838 32.9362633777 32.7922107136 32.7367048783 32.8352904304 32.7966890828 33.0592239142 32.8237451746 32.5407394816 32.7884729886 32.6538819931 32.5685105247 32.5760717705 32.8409966999 33.1241353586 70.482248656 70.482248656 70.482248656 32.6306187513 32.612573349 33.0463493497 33.0234914563 32.6737313081 32.6118728348 32.7437795072 32.5901530547 33.0647500543 55.8387880684 55.8387880684 55.8387880684 32.9065864012 32.5595143572 32.5883183576 32.7788533422 33.0315522522 33.1274871791 32.9331188053 32.9844125912 33.1943623946 64.5351835155 33.1964362653 32.662017697 33.0268879131 32.5444576033 33.017819741 32.8556342304 32.843595046 32.652409842 33.0064543565 32.5380532589 32.8486245225 53.2024428026
32.8063915171 32.6143379426 33.0903461514 33.1463791658 32.7297806519 32.5535056612 32.9522511585 33.1739849065 32.9520310932 32.7980084352 32.7852103133 33.00505588 32.8333642901 32.636086137 33.1563044382 32.8794725856 32.5548732974 33.1051973206 32.5948307873 32.7802861934 32.6676734677 32.9942883444 32.9796936176 32.6452719828 32.8500050445 32.8004191059 32.6357082665 33.1709576815 32.6768604001 55.8139415826 32.5686178547 32.7703538829 32.524865468 32.7027011114 32.8749903519 33.0429489065 32.5805338204 32.5779226859 32.8337972292 64.5351835155 64.5351835155 33.1101696338 78.1139945049 33.1051264461 32.7131518459 32.6473192424 32.5640264361 33.1557759491 32.6851359387 32.7902990911 33.0647749313 32.5551138315 32.7412104303
32.8796537898 32.8120789311 32.5509016256 33.0058819141 32.5190533024 32.6506210928 32.8247754234 33.1893897487 32.647459635 32.8946253653 32.8802108283 32.8947644119 32.725567105 32.954453731 33.1077732874 33.0560118475 32.7915213389 32.9115266346 32.9008334991 32.5833083653 32.6775436415 32.996442997 49.6245956349 33.0691949738 53.3928078441 32.5595856472 32.9261935305 62.3350036593 49.7203600842 49.7203600842 49.7203600842 33.1740065535 32.7351253614 32.8462607926 62.1260189312 32.9338281939 32.8336132692 33.0010482189 33.0649516485 64.5351835155 64.5351835155 78.1139945049 78.1139945049 32.9110283914 32.7578419335 32.589416327 32.7170319593 32.9559600554 33.0377321981 32.772799162 33.1207115583 32.6023845506 32.9044500792
