Spatial_Output/BAU/BAU_1189.asc
NCOLS 155
NROWS 192
XLLCORNER 196769.923733
YLLCORNER 449719.875193
CELLSIZE 27.603701
NODATA_VALUE NaN
[rows 46 to 68 of 192, columns 53 to 105 of 155]
68.4343073239 68.4343073239 27.9898629234 27.9705167319 51.0591477528 51.0591477528 51.0591477528 27.5062822012 27.7923065864 28.1305066844 28.1063407271 27.7571397567 27.6490521877 27.9368586135 27.7258113163 41.9596617194 41.9596617194 41.9596617194 28.2016074969 27.7930754124 27.7041470492 27.5011785738 28.1103914892 27.512628456 28.0286499689 28.1752230339 27.5313260841 27.6285928064 28.0554944026 28.0510179033 27.9070789331 27.8932935436 27.5925939931 27.8831281735 27.9110397081 27.5838333773 28.1502063096 27.9812270206 27.6218609121 27.8053901098 27.7124179836 27.8533887468 27.5005232907 27.7309751053 28.1583164863 27.7807547032 27.6602337872 28.206979541 28.013241393 27.9938728743 27.9537355147 27.8303073227 28.0153733892
68.4343073239 27.5049350553 27.5569840606 27.7892479092 28.1894838713 44.7218818002 44.7218818002 54.8883799819 27.5737654383 27.6670001334 27.6493126665 27.7429731247 28.0914182665 27.5332527016 28.0336338496 56.6691360311 41.9596617194 56.6691360311 27.7639112337 28.054086011 27.8752935785 28.1146596024 27.623449518 28.1475115933 28.1149883886 27.9303202739 28.1022373141 27.6090518969 27.9835291869 28.0091779735 27.7664170258 27.7159916409 27.5886772057 28.0392124499 28.1236408251 27.9295895544 27.94873581 27.7287764725 27.7998520806 28.2009172584 27.6247917678 27.5237801706 27.7101364843 28.1969420157 27.7639316743 28.1874550667 27.9606277003 27.9166561956 27.9218601469 27.8815071711 27.5654906188 27.6286966021 28.110745101
58.9017322925 58.9017322925 27.76534883 28.0510024518 28.1999959518 44.7218818002 44.7218818002 28.174913114 27.7054563343 27.913946256 27.8478823416 28.0061471586 27.5419780306 28.0142620181 27.9322436253 56.6691360311 56.6691360311 56.6691360311 28.0909033016 27.8340771549 28.2009544916 27.9526733806 27.8654832097 28.0154575261 28.0844132673 28.0473140587 27.5784699601 28.185766255 27.7867913839 27.6105342019 27.9489761058 27.645002239 27.6853184476 27.8871241872 27.5937095884 27.5987563643 27.7858774234 27.9022384048 27.7219961829 27.6161823325 27.5307099799 27.9061655974 27.8965535075 27.8802503103 27.6023826928 27.8280606037 27.6174158669 27.5746258238 28.0120774458 27.9182919948 27.9230527979 28.0986271803 27.6391446878
58.9017322925 55.5116086117 28.1901670019 27.8261983435 27.8357705463 53.5409824211 53.5409824211 27.8628126627 28.1238234178 28.2043596256 27.518049411 27.7173050426 27.7421089749 27.7546833488 27.9500826861 27.8485761559 56.6691360311 28.0052003904 27.5726101589 27.5517757876 27.9404753652 27.8753111734 27.9614681316 27.7595699578 28.104077328 27.5304503899 27.5158757899 27.6898260915 28.1067345948 27.7745685093 27.8409094752 27.6107171911 27.931244009 28.2008927341 27.8847142908 27.7650172038 27.5455631839 27.5725130252 27.5564331668 27.5000136154 28.06261382 27.562855513 27.6771637068 27.8552610853 27.7098032475 28.0284042225 27.6974411166 27.761595416 27.9160754083 27.5991668616 27.8378574976 28.0431366874 27.7615965798
70.0583220439 70.0583220439 27.9815442783 53.2860382699 27.6798159785 53.2860382699 28.0974790607 27.6253266045 28.1378013638 27.7597498723 27.7800284973 27.7980305321 27.612911972 28.1214028437 28.0439399781 51.5724050591 51.5724050591 51.5724050591 27.8217973163 27.5997427451 27.8594974597 28.1081627453 28.0061234894 28.1767132272 27.8308352227 27.9845420559 27.9180723121 28.0810876361 27.8083568989 27.9475478691 27.8397727595 27.8608943824 28.2003069156 28.1071733576 27.841529535 27.6985929114 28.1521335719 28.1523674184 27.5539451369 27.5031200352 27.6144321585 27.6094555748 27.8676023132 27.6709177761 27.8974432059 27.6980166652 28.1091223817 28.1170482841 27.7925684383 28.0844100975 27.7272501135 27.8502470322 28.1115500932
55.4959029913 55.4959029913 70.0583220439 72.3560144347 72.3560144347 27.600054874 27.5053219434 27.5023853343 27.9118695573 27.8422031663 27.8078069838 27.9652186256 27.6829853571 27.8832005222 27.7328924926 51.5724050591 51.5724050591 44.4196587838 28.1676318572 27.858247661 27.68370641 27.8894691644 27.8394844825 27.937931038 28.1266271227 28.0544548679 27.9410493232 27.6761562027 27.5888128206 27.9003324322 28.1431923627 27.9522743354 28.1867622427 28.1471159465 28.1702602889 27.7450196011 27.9600653288 28.002576157 28.2020976723 27.5144789467 27.5034456473 27.8375801916 28.1327538087 28.1442824031 27.7564988165 28.0310169461 28.0461670945 27.6498794305 27.5122353998 27.8815077884 28.0920034686 27.6993672232 28.1252237644
50.0597582922 50.0597582922 48.0338184965 65.8935217898 65.8935217898 72.9345540766 27.8221190429 27.5616347596 27.9337567497 27.8520749915 27.6407657327 27.5141872468 28.2029502155 27.7069662471 27.8746513152 47.8410156318 47.8410156318 47.8410156318 27.920621218 27.7015604684 27.6937070785 27.9330435827 28.1213516936 27.7672083748 27.6138798671 27.7831063564 27.6617286588 27.8733425997 28.0215491288 27.682995424 27.8508531627 28.1923905653 28.1254284793 27.9476829149 28.2004629462 27.6589171412 28.1297574074 27.6095262319 27.5118641516 28.1287132705 27.8430268678 28.0782569976 27.8438408607 28.1534485436 28.0172716194 28.1322433562 28.1676861023 28.1139975695 27.5001077859 28.1376642717 27.8224512282 27.992151499 28.0994264147
50.0597582922 50.0597582922 48.0338184965 48.0338184965 65.8935217898 54.20619254 27.5477296993 28.1581890448 27.6835532937 27.8465898737 27.5914415166 27.9441083793 28.1789323529 27.772531439 27.5868592884 27.5400707988 27.5803682954 27.5554469858 27.7547830659 27.9923804079 27.5625186348 28.1328113255 27.8140173152 27.5051908705 28.1435521824 27.6349794153 27.6523260299 27.6554310894 27.6408033639 27.6231703519 27.6023630494 27.9582442324 27.7181215328 28.1838045572 27.7214484424 27.5018277148 28.0171973916 28.086292602 27.9299949506 27.963079547 28.1394094421 27.9783885518 27.5005351841 28.0191780581 28.1333773428 27.7362093544 27.8494986756 27.7912404692 27.845221412 28.0527115771 27.7118477977 28.0729570522 56.4395222578
44.3055931487 44.3055931487 48.0338184965 48.0338184965 54.20619254 54.20619254 28.0287897012 28.2014835223 27.5312390177 28.1300359442 28.2025751749 28.0235360226 27.7247552197 28.1305655928 27.8211175993 46.6038261238 27.6015724731 27.9253986219 28.1537213421 27.7192354079 28.1331738032 27.791177222 28.171826518 27.7552439645 27.5039023157 28.1918391146 28.0571106258 28.2028681698 27.5132441607 27.7501835437 27.6602988524 27.9278050352 28.1124886798 27.5223265496 28.1542179847 28.028814458 27.7421100738 28.0373338633 27.7511697142 28.1860413494 27.5513894444 27.6844047208 27.9369492133 27.7547534063 27.963018952 27.8246035202 27.7887909798 27.8876470906 27.5038143822 27.5789920891 27.8911817384 27.668641599 51.374749158
44.3055931487 44.3055931487 51.753308719 51.753308719 54.20619254 54.20619254 27.6321819907 27.946535308 27.9197004234 27.6343949373 28.0687788851 28.1299441165 27.5890738672 27.8561673977 27.7649509682 43.9025745186 55.0277445195 43.9025745186 27.5276560694 27.7520524627 27.612933427 27.8519691242 27.6347744014 27.8985429872 27.6370694283 28.1477445105 28.1759581197 27.5601835166 27.7362289752 27.5879278587 27.7143365335 27.5226712202 28.10067984 27.6421951826 27.9989513176 28.1067139319 27.8105923674 28.0620776325 27.5971840674 27.9049596883 27.6096751404 27.9710029669 27.8079242072 28.0628185757 28.186556952 28.119723549 28.1459135368 28.1061137335 27.6115413896 27.5337813333 54.1917675322 54.1917675322 54.1917675322
59.6939040595 59.6939040595 27.8188383244 27.5657847608 27.709903808 41.1466035057 41.1466035057 27.748371789 27.8708088179 27.7450472674 28.0814671422 28.054769575 28.0995432063 27.5847635874 27.864797219 55.0277445195 55.0277445195 55.0277445195 27.723468093 27.6803687742 28.1373622059 27.6717622842 27.5461099849 27.8942725027 27.9797575234 27.6337594883 27.5375967545 28.1830469486 28.0515142776 27.7099247447 27.6768649175 28.045926796 28.046958013 27.8213272291 27.6743654894 27.7269878566 27.6159654045 27.9657915369 27.7757832185 28.0142115484 27.6705990879 27.7060926934 27.7522514049 27.6025364147 27.8189459042 28.1962745492 28.2008389778 27.824555088 27.6491014244 27.6374673218 28.1724954767 54.1917675322 54.1917675322
59.6939040595 68.0504318627 27.8410509056 28.1722237572 27.659272099 41.1466035057 41.1466035057 61.692330771 28.1498628413 28.0696251812 27.6755107265 28.1459439778 27.9518771528 28.1631632499 28.204984802 67.2075015076 55.0277445195 27.5215629835 28.0076796798 27.6078562213 27.7962470859 28.0165656192 27.8044996493 27.7087525852 27.8206452332 27.6704173558 28.0721068641 27.8343143459 27.9027076013 27.9523878522 27.6435944837 27.9923738403 27.5393120415 27.8610423139 28.075352652 27.6657637787 27.9723082935 28.0896319213 27.5183855872 27.686039209 28.1690872038 27.959774789 28.0494802735 28.0450997293 28.0307538872 27.7686647483 28.0922304325 28.0117051507 28.0589386448 28.0775384987 28.193685753 28.0347362544 27.5636743857
72.0131959882 66.3424735068 68.5835038462 56.6325476973 28.1163180829 61.692330771 61.692330771 27.976704066 27.7848634325 27.7629926027 27.5299202361 27.6209621541 27.5834765995 28.1416396813 27.623990294 53.2911451366 53.2911451366 53.2911451366 27.6370038442 27.5945984817 28.1602114229 28.1886710246 27.9294612251 27.5156315036 28.1215945559 27.5312161414 27.6615198201 27.708799875 27.6049025213 27.5433795514 27.5246676109 28.1413995406 27.6372464164 27.6093339096 28.0210070018 27.5846612936 28.0039725084 28.0347108924 27.8071066501 27.8937915893 27.8759766491 27.5745496817 27.7428458159 27.7751391252 28.0936513127 27.5980011203 27.6252286136 27.6685105068 27.5739679226 27.5625812666 27.7034351695 59.8538016535 59.8538016535
66.3424735068 68.5835038462 68.5835038462 69.2448111799 69.2448111799 52.6658492054 53.5836970359 53.5836970359 52.6658492054 58.9819412653 28.067186315 28.1218117271 28.1361372887 27.5501416414 28.0654592279 27.503788478 53.2911451366 27.9016891045 27.6221946043 27.8074112009 28.1834056538 28.1943462549 28.0921856326 27.9338424595 27.9793154105 27.5684999597 28.0304197713 28.1311025459 28.0045863243 27.8901507123 28.1312798016 28.0026924431 27.5047347408 27.9821874993 28.1848352408 27.9367819224 27.659395126 27.6158494586 27.5613661098 27.544638827 27.8971328447 28.0879628667 28.0450088113 28.1763184639 27.8672323378 27.7178013304 28.170794527 28.1481258857 27.5982246605 27.9251874354 27.7452200655 52.0589403275 52.0589403275
66.3424735068 28.1518027849 68.5835038462 69.2448111799 69.2448111799 40.0028376399 53.5836970359 53.5836970359 81.6130653405 81.6130653405 28.1014905484 67.8528694054 67.8528694054 28.1164470535 59.4817484637 49.9105705826 49.9105705826 27.918365213 27.5894004663 64.2904456654 28.1557494467 52.5115669466 27.7833760245 49.3853961908 41.6366205704 47.6675673648 28.118425171 53.9029650673 27.6393593956 28.1768403061 28.0980840471 27.9408540663 27.6204482492 28.1252832873 27.8779788853 27.6047370187 27.8507282352 27.5592818119 27.5502479561 28.0605026687 27.8642696326 27.8855040599 28.1050940727 28.0660862038 27.9770660411 28.1360548275 27.8591542638 28.1511280561 27.7597279973 27.6460907502 27.6979456116 27.5281167202 52.0589403275
53.391182479 27.9080004454 27.6272656741 28.1449346673 39.9581479667 40.0028376399 69.8267197475 69.8267197475 81.6130653405 81.6130653405 27.6775158867 67.8528694054 67.8528694054 57.0364403959 57.0364403959 49.9105705826 64.2416075207 44.620698311 69.0960242681 49.0384694151 49.0384694151 43.3390609483 49.3853961908 49.3853961908 47.3936636942 47.6675673648 47.6675673648 53.9029650673 50.3917124761 50.3917124761 50.3917124761 27.6919752551 27.6483514476 27.7304634868 27.8453804672 28.1899040787 27.7388902215 27.7110019011 27.8028943387 27.9882001906 27.6147324162 27.6250087293 28.0600531192 28.1555416401 28.082356767 27.9432549885 28.0781318699 27.843883697 27.682592103 28.0786935148 27.8908479501 27.5346877298 27.9594677821
27.8339144571 27.8072283129 27.5197021551 28.0099269331 27.5205132352 28.0153171612 44.5025814898 28.0326351033 27.5328381453 81.6130653405 27.7219485449 67.8528694054 27.7203152492 57.0364403959 57.0364403959 57.0364403959 64.2416075207 64.2416075207 27.6648389255 49.0384694151 49.0384694151 61.2975160909 61.2975160909 49.3853961908 27.9510563386 47.6675673648 47.6675673648 53.9029650673 50.3917124761 50.3917124761 50.3917124761 27.687591027 27.7887252438 27.6646098782 27.7012174285 27.8265590239 27.5095428435 27.7408561766 27.6522668519 27.6622740624 28.0986755368 27.7377829403 27.7276137361 27.7717904172 27.7113442472 28.1680456328 27.659858172 27.7928155968 27.8213101443 28.0219545739 27.9466627918 28.0919211982 28.1650400897
28.1521814693 27.9197309096 27.7598109947 27.8722015506 27.9268834068 27.6533243545 28.0067456122 56.6004110829 27.6987154911 27.7718358733 27.7853455478 28.0694244475 27.6796590605 27.6024208567 57.0364403959 64.2416075207 64.2416075207 68.4109253538 53.7526117874 64.2904456654 61.5804929197 61.2975160909 61.2975160909 47.3936636942 41.6366205704 27.8360171384 28.2009067028 53.9029650673 51.423113885 50.3917124761 27.8570240413 27.9389347084 27.973338337 28.0948129487 27.7278182432 27.637769482 28.1987531306 28.2025891145 27.7653713283 27.8988612056 28.014175123 28.1036970757 27.8586556693 27.9217334273 28.1724963475 27.6455622672 27.8221404375 27.7692545108 27.7627582075 28.0796953787 28.123020109 27.585672065 61.7234952957
27.9763186182 28.0579272542 28.0106537094 28.1219483597 27.9872116975 46.3410415716 46.3410415716 46.3410415716 27.7128155203 27.8553005287 28.0131865491 27.8073257969 27.7999003732 27.5255961684 28.0639894757 68.4109253538 42.9919151895 42.9919151895 42.9919151895 27.8316046488 28.097002643 61.5804929197 27.9222650467 28.0404205636 27.842233685 27.8467134069 28.2064240365 27.5672897776 50.1697686392 50.1697686392 50.1697686392 27.708501696 27.6506521867 27.8028098051 28.1073592568 27.6592558911 28.106627668 27.8250050058 27.5861113947 28.0060336163 27.7575366689 28.0773777958 27.5165786613 27.5348400751 27.5965555198 27.9166608211 27.6617869617 27.9513295146 28.0807226062 27.85513744 28.1116009831 27.6224984441 48.6549780724
27.7443562473 28.0450542767 27.8756916871 28.0283008835 28.1721220784 27.811633663 81.5511226594 81.5511226594 81.5511226594 27.9814192532 28.1399210266 27.5519546839 27.5997737812 28.0677325396 28.0060545962 42.9919151895 42.9919151895 42.9919151895 27.6017126808 27.7854687272 66.688269987 27.8606119913 27.6042876024 27.5577335305 27.6407939633 27.585371 27.5323728908 28.0454022015 68.3834734149 61.9458617117 68.3834734149 27.5081361772 27.9116338415 28.1136774236 27.7188787217 28.1183722122 27.9280373762 27.9062565484 28.1556018296 27.5675183427 28.0228082908 27.8575012232 28.0732294142 27.8699576776 27.9997724957 27.8034419431 28.2060935467 27.7881969689 28.0273826779 28.0321903977 27.9174663801 27.9095267553 62.7317386153
27.9524995458 27.9361476585 27.5850643792 27.5837053896 27.7143432071 27.8064403611 81.5511226594 81.5511226594 27.582379821 27.7225605391 27.9583556912 27.5310516537 27.8388366152 27.9680021294 27.7775723244 27.66829628 27.6663623634 28.1748184373 60.5055477967 27.9206199562 28.1049499305 75.0010963086 75.0010963086 27.8109683411 27.7173518955 28.0003637568 28.1640812185 27.8648532377 61.9458617117 61.9458617117 61.9458617117 27.5932433587 27.8840369095 27.8887141674 27.8415428513 27.6642230646 28.0713730987 27.5190674691 27.9967516942 28.1608169355 28.1802689132 27.7942823459 27.6636026007 28.0034704206 27.5999685281 27.878344811 27.6331684611 27.882529871 27.5255482096 27.6478804331 28.0403197097 27.7119884628 48.2484013136
27.6854671732 28.1808396697 27.9940437381 27.777691592 27.6930788371 27.7031639151 46.2856100122 46.2856100122 46.2856100122 27.628544341 27.5472022126 27.6829960053 27.7962797585 27.6894892487 27.571863314 28.0753463908 28.1226472332 27.9925876218 41.301879356 73.461040042 27.6434277482 27.955363882 28.1654637986 28.1815222041 27.53113316 27.7438401613 27.5968143243 27.599575272 53.4794464997 53.4794464997 27.6144396282 28.1918960928 54.445841283 27.6173928923 27.6173000501 41.3139638561 53.3788554878 42.7293222844 42.5736913984 27.6383700897 27.5143895624 27.7127714723 28.125318009 28.0423842513 27.567035712 27.6316483897 27.855484246 27.5086220199 27.7152119873 28.1325709991 28.0894495305 27.9380503149 48.5913342346
27.877249998 28.1504897189 27.9698562338 28.0614951209 27.8711887766 27.741015844 45.674566146 46.2856100122 45.674566146 45.4583959464 27.9084789484 27.7498415561 27.7965757275 27.7516304843 28.0153203469 27.9356565987 28.0158400889 47.4457281538 78.1921915591 28.1450582785 27.9138062503 75.0010963086 48.3580074406 27.7058410627 27.5542398037 27.6748731888 53.6992862056 27.6214108809 53.4794464997 53.4794464997 54.445841283 54.445841283 54.445841283 28.0476270515 41.3139638561 41.3139638561 53.0804354805 42.7293222844 42.7293222844 28.1756613043 27.6331776984 28.0262097848 27.5655394442 28.1229711634 27.6620381428 27.5002150473 28.1113587029 27.6118295719 27.6781895463 28.101924808 27.5681968747 27.9652138696 27.8243091435
