Spatial_Output/BAU/BAU_0529.asc
NCOLS 155
NROWS 192
XLLCORNER 196769.923733
YLLCORNER 449719.875193
CELLSIZE 27.603701
NODATA_VALUE NaN
[rows 23 to 45 of 192, columns 0 to 52 of 155]
0 27.4843254776 28.1730014514 27.2803789139 27.5063580971 27.2792826393 27.9807919104 27.0034042666 28.2418824704 28.2851851665 27.6482319786 27.497219973 64.4370794277 27.1205694732 49.8444141452 47.7019459111 47.7019459111 27.3001998166 27.3236937097 27.4703477383 27.9737488159 28.1997066622 28.2106431447 28.2016243042 27.3042476765 62.1482584303 84.8231108534 84.8231108534 84.8231108534 27.7620098828 27.5581766413 27.026522937 28.335408059 27.8598019329 27.7080742013 27.0568464509 27.7333858324 27.9232930657 27.2851999292 27.9687138177 27.8914960461 28.1894820838 27.5843024968 27.454333554 27.9027550244 28.3217844989 27.6476291309 28.0872436512 28.1809364613 27.6348106175 27.8621355281 27.8784384967 27.1528448795
27.0043902878 27.7828254827 27.373030812 28.0054954025 27.4810676224 27.3811849614 28.0383855599 27.4099252166 28.1737996914 27.9929183666 27.4117186296 27.1646889986 27.5403696467 27.9618613175 27.0516737175 47.7019459111 27.3262771286 27.757740152 27.409458178 27.5276045784 27.1304509205 27.0731538551 27.3559844736 27.7607874187 27.1468675872 27.1322183392 43.9477393104 53.5842026805 27.6078817206 27.4586058114 28.2397443491 27.838311049 27.0377924886 27.0211777574 28.3591357698 27.8128080679 28.2485655879 28.3972019487 27.172516034 27.4288353454 28.3001557029 27.1174169946 28.3636410412 27.3926464879 27.5782921104 27.2743934419 27.3103428942 27.6376067331 27.0273759772 27.161210695 27.7336370361 27.4063660407 27.8690304845
27.6483256375 27.2459408386 27.7953215186 27.5007832985 28.1185952244 27.4265431677 27.6280053073 28.1641118286 27.0518443925 28.1342598428 27.9802738945 28.2743130374 27.0667845516 28.2696048002 28.0094163173 28.2793069529 27.9606775955 28.1832180884 27.1254882295 28.1171718501 27.6080589158 28.0461212923 28.2319150942 27.4813481016 27.0784376165 28.0158556674 53.5842026805 53.5842026805 53.5842026805 52.717665582 27.2354764895 27.4700586528 28.3687593541 27.772980721 27.0557573075 27.1724891541 27.1670515565 27.2543007369 27.7662222446 27.4402278537 28.1763882374 28.3216757317 28.0846003671 27.5474102387 28.1419330437 27.7182184557 28.0245397906 27.0088000611 28.1196185185 27.8717099087 27.2850989717 27.7824942071 27.5390958655
28.0229651621 28.1721963327 27.3155987757 27.1271087995 28.2475355257 28.1264043898 27.3041505329 27.847318005 28.0735027249 27.9517860398 27.8612461174 28.0608979437 28.0361576324 28.308314023 28.1730024663 27.4412183946 27.6640439475 27.8213085316 55.5564586393 55.5564586393 27.1736240496 27.4445675522 28.3505016664 27.6939444517 27.5782763314 27.2203383012 28.058131827 27.224582997 51.6436344308 51.6436344308 27.3809777785 28.1255316306 44.8063864817 27.4152565016 27.6588449014 27.0304419183 27.8566392455 27.7860900586 27.1090231198 28.1002949247 27.1850006786 27.7677885556 27.7562004888 27.1034682678 27.1099987204 28.2645174726 27.4824245144 27.6773067462 28.3975673539 28.2446480543 27.5512638379 27.8922589701 28.0978028999
27.4973328813 27.8840718559 27.3581171545 27.8853740155 27.1439655899 27.2770298919 27.8421012866 27.1088331318 28.3867305696 28.1180977843 27.7907564856 28.03628498 27.4323622488 28.2414539953 27.0336989603 28.1278522751 27.3831440848 55.5564586393 55.5564586393 55.5564586393 28.0282831267 28.2106758651 27.1518749831 28.3350902367 27.786744577 27.8657113959 27.0065537951 27.239930102 51.6436344308 67.0357709486 67.0357709486 44.8063864817 44.8063864817 27.0466875331 27.7134259699 27.1687274099 27.1666133959 27.8169355721 27.9033246413 28.2503507297 27.385737174 27.8519678126 28.3021190705 28.2207282483 27.337168694 27.8625301586 27.2968115363 28.2314948559 27.6037601503 28.2294429508 27.7263337551 27.0124331052 27.2829179831
27.1590943089 27.1556297161 28.1640405794 27.3899417123 27.9886861137 27.8273671052 28.3203487351 27.6713974493 27.1252272178 28.0094456569 28.2935246002 28.1855395987 27.8670012824 27.6616492345 27.9066840338 28.0824168294 28.244962713 27.1061297578 27.457499527 27.9037527558 28.0792048974 27.1372394714 27.7852523061 27.6821965865 27.8567498054 27.1421907411 27.0111120648 28.0300328335 41.6346697545 67.0357709486 67.0357709486 65.3918019061 44.8063864817 27.2491924023 28.2540782333 27.8160974861 27.5770030252 27.8840747489 27.4147075089 27.3826838246 28.2108861718 28.3665171288 27.0334018729 27.456209027 27.5055714467 27.386350608 27.3603147552 27.5677500675 27.3509749983 28.067375999 27.1170178192 28.1840959916 27.972199838
27.9646607035 28.1902049796 27.5130867459 28.347830151 27.3829475434 27.8829133093 27.8557603526 28.4019777441 28.2780654782 28.3269014943 27.162921307 27.0043877956 28.2693334722 27.2057101548 27.3258744188 27.4418415598 27.1959976058 27.990695654 28.3105638134 27.9359027761 65.0215281119 27.1868452468 28.2138145182 27.4980986084 27.5830722407 27.3825096845 27.2208354558 27.4900693034 28.2091025955 28.0033134471 65.3918019061 65.3918019061 56.3988741925 27.1490106792 27.1423655616 27.877295302 27.301930997 27.6448442387 27.0038796726 27.8340430165 28.2270630043 27.9926348439 28.0926885778 27.0884748338 27.4636218777 28.1889382168 28.0691308234 28.1318028768 28.0640414036 28.3260482418 27.2392530399 28.3045574107 27.4026988617
27.7024671864 28.4044860937 27.5559852902 27.5482141321 27.7542690189 27.3311513716 27.5821767549 27.179095049 27.5594499387 28.0081891627 28.1227113783 28.0225026221 27.1479115784 27.4922190126 27.6912075404 28.2101161243 28.2240186066 28.0998055087 65.0215281119 41.8468802908 41.8468802908 41.8468802908 27.781689983 27.2563708193 28.1818627766 27.2323140065 27.2268425801 27.3083180322 28.1007155026 56.4835350144 63.8885021779 56.3040382153 27.4940886002 27.0083815679 28.2235030837 27.8898601349 27.9088066369 28.2632330307 28.0743705488 28.4080617811 27.3935349501 27.6396458285 28.3211346331 28.3222527209 27.6897662513 27.5012287141 27.7015524124 28.2245521866 27.2505843655 28.0424838891 27.4321774218 27.4504235709 27.4225591828
27.1636485578 27.1600069981 27.3263158517 27.4886467585 27.3016091382 27.7561155575 27.2653014241 28.3130966407 27.2576207335 27.1355915398 27.8468783726 28.0327057466 28.0040481758 27.2726680003 28.304189778 27.1991638126 28.15094844 28.3773194309 41.8468802908 41.8468802908 41.8468802908 53.6967736547 27.9769956322 28.3103668127 27.8246338437 27.8457483673 27.0359256535 27.8732793276 28.088393804 54.9604085891 56.3040382153 56.3040382153 56.3040382153 28.0974942126 28.247518943 27.8054633425 27.306292854 27.2573803324 28.2672233429 28.1858472264 27.8920323741 27.3565265405 27.6669355286 27.3562276818 27.7457773866 27.0472449762 27.9916074457 28.115564721 27.8589459073 27.5272748307 27.3389993268 27.6999754527 27.9742470103
27.0700675573 27.6514979715 27.5879215083 28.3336997036 27.0536365781 27.8151791524 27.6412168391 27.0909634678 27.1758605926 28.1936011046 28.2448963381 27.2837986868 27.7973312352 28.1778158591 27.1515258172 27.9191847966 28.2892614332 27.7926656485 27.2624399019 53.6967736547 41.8468802908 55.9920388586 27.9760650317 28.1199802865 27.7831599254 28.3243003105 28.2260267507 28.0609915221 52.3059401274 56.5884910395 56.5884910395 56.5884910395 53.8977721979 27.6070924526 27.6038420226 27.2573787682 27.254800178 28.1827838186 27.0381642589 27.5874425576 28.133490423 27.8993588183 27.1191014189 27.8064749367 28.0074877968 27.4162893649 27.9874924122 27.7400876879 27.4601155381 27.2620797654 28.0581696538 27.5039997397 27.7906792227
28.373860928 28.3383380219 28.3747348527 28.056633121 27.5842218309 27.8484945895 27.0394174731 27.7233303065 28.2813321144 27.7483100997 28.2698146272 28.2645592025 27.6212979349 27.5598935865 27.8900641737 27.7542669014 27.0106595937 27.7787456796 27.6321737049 55.9920388586 55.9920388586 55.9920388586 27.490044594 28.2271839332 27.165958896 27.6704757699 28.3727171692 52.4265186066 52.4265186066 89.2588914663 89.2588914663 50.026894751 39.9349107818 28.2426608065 27.823601562 28.0705510844 27.9376944403 27.0492689807 28.3542750948 28.0618105713 27.6332658703 28.011006767 28.020642343 28.1762657201 27.2991917589 27.9041772023 28.0645166794 28.2619398797 27.0348305014 27.9517433907 28.2010287986 27.455335019 27.5714403413
27.2780405503 27.4281734778 27.9921175037 27.6849632858 27.1478210824 27.237099107 27.5744501962 27.0115078804 27.6150787516 27.7115273387 28.094796336 28.3736667867 28.2056337368 28.278641127 27.2814640882 28.297035205 27.0789513226 27.1606801244 27.8389108996 53.201982979 55.9920388586 56.9859021995 56.9859021995 27.2695534813 28.2971856024 27.8317941812 27.5956258046 47.1334728763 27.2409548122 89.2588914663 89.2588914663 45.4252816065 62.098608776 27.5604837192 27.9006589252 27.8386343435 28.1964601848 27.3486273772 27.3252368878 27.3237197871 27.1171356713 27.2408418954 28.2791646315 27.9228565059 28.0520870045 27.2927326928 28.2780040422 27.648868643 27.5774225225 28.3741747693 27.9802348738 27.4834972356 27.6272044457
27.5695106405 28.336018111 27.6922262457 27.6336638573 27.722969521 27.9184397996 27.8136719121 27.6461496491 27.7514421721 27.3938318656 27.6564134228 27.1107985241 28.4049626962 27.2838170122 27.1739309826 27.8690459116 27.2135870184 28.1363860406 27.7194867574 27.5665547345 56.9859021995 56.9859021995 27.7120759135 28.2605663435 27.558935415 27.5838165612 27.5204752534 28.4024365893 28.077930644 62.7675129441 89.2588914663 27.9193770383 27.0064508451 28.3902303553 28.1558262402 28.3811047967 27.5990449194 28.0172149447 27.9493763863 27.6743760416 28.2434504847 27.4789213884 27.5298886376 27.3540022322 27.7476409285 27.050736647 27.7546364179 27.9677008718 27.5227792737 28.3387958332 27.7949311639 27.6374985521 27.7290214695
27.114026243 28.0903065783 28.0804089474 28.2424733143 28.3943214978 27.5741628682 28.3583404381 28.2814581568 28.2409219333 27.9368172401 27.0724092845 27.0093597184 28.3503556564 27.0945507531 28.03082226 27.4196134472 27.6274862506 27.8576679101 27.904678864 28.1046551924 28.3584319928 50.2233973832 27.203162145 27.0661436251 28.0274942112 27.6927887613 49.5749440239 39.5843862783 49.5749440239 62.3806143005 44.816216826 62.3806143005 27.1099413037 28.0997294817 27.1486303685 28.0136592415 27.1033335936 28.3425828311 27.5238476894 27.2477418261 27.9099899036 28.2002327659 27.6589142866 27.4749162136 27.4286617739 27.7298127589 28.003166085 27.9885158333 27.2731577907 28.0431677937 27.8841642932 27.9674229117 28.116070632
27.4024611883 27.6070639868 27.9120816216 27.0231657698 27.4986949743 27.3472256448 27.7770138559 27.3013180694 27.4232088821 27.1427308398 27.5239488935 28.046512472 28.0972549391 27.2110908421 27.2431415683 27.0586410261 27.9863843497 27.1449543172 28.2539611723 57.5187520043 48.6319029451 48.6319029451 68.1837935255 78.0236535435 28.3972432935 39.5843862783 44.9095324364 39.5843862783 28.1296237864 44.816216826 44.816216826 44.816216826 27.7924948858 27.2813918902 27.3069377617 27.037657272 27.3168089389 28.184711321 27.5054645719 27.5225675612 28.0444472221 28.2120642636 27.9227358693 28.1625986838 27.1287878045 27.8788289023 27.2622840901 27.0261539391 28.1878677281 28.3705965547 28.1644761223 27.8412575905 28.1216240408
27.482065149 27.768323382 27.5715786216 27.0859996028 27.8318179158 28.1996898858 27.173117451 27.3716800872 27.7057265135 27.4661289164 28.083447977 27.7113277435 27.8526609211 27.5783048703 27.9345551229 28.2773100075 27.8182762247 28.1301049855 27.1921046199 57.6971443257 40.3128125283 68.1837935255 68.1837935255 68.1837935255 78.0236535435 45.5815977677 45.5815977677 44.9095324364 28.291149106 53.6097681542 44.816216826 70.7843507235 27.6635102682 27.2722902307 28.3572951292 27.9998804567 28.1540537761 27.2520539886 27.3597817631 27.461503813 28.1853660095 27.9144864125 28.0599052182 28.2699547905 27.5318883321 28.1125549642 27.6340532662 27.3745256678 27.6397248827 28.0885626638 28.0647951768 28.1148233327 27.5727408718
27.8721717896 27.148911215 27.2218880894 27.2237110432 28.381104053 27.7278830701 27.8056367887 27.8518466024 27.5341858623 28.412367379 27.5964892571 27.2018128943 28.005044726 27.6851386747 27.0172086021 27.5238078162 28.2328729008 28.1045291211 27.0970060186 28.2702835919 64.0236726198 68.1837935255 68.1837935255 43.3906862684 27.7459848983 27.1918351572 45.5815977677 45.5815977677 27.8314000233 78.587407998 43.0216094709 78.587407998 27.0445392083 28.0048396432 27.8297266576 27.8299170223 28.0440672535 27.86119459 27.2921843716 27.6580815192 28.0229751575 27.7243160576 27.2151924889 27.7011101533 27.9387138932 27.4640426591 27.6277208697 27.621788529 28.0071127963 27.9136778955 27.5828142073 27.2009259326 27.5793630516
27.7303880424 27.0793320459 27.1278028792 28.0479568407 27.1630966206 28.0718568361 28.2722927146 27.8715181459 27.7349901532 28.3654415071 27.707356346 27.0590390741 27.3924874622 28.1129724207 27.3375833183 28.3480367212 27.9617985465 27.3779997148 27.2387716646 27.7453204302 28.2231964217 59.8215314805 59.8215314805 60.9798840422 27.0048697731 27.9909422592 27.3350500827 27.9754351795 43.0216094709 43.0216094709 43.0216094709 70.7371457805 27.5642711799 28.0374004737 27.5676264123 28.3246323148 28.1773156307 27.9124913982 27.1170373258 27.1345452079 27.343310426 27.7407640499 27.5565765703 27.4282221861 28.052414204 27.8140599307 28.0241138638 27.9984189635 27.8960254664 28.2965888453 28.2174592621 27.9187551149 27.3774076792
27.3544590013 27.0808867082 27.6574157934 27.0701299308 27.4311427902 27.971347109 28.1454284727 27.9239523648 27.3734010905 28.3042949475 28.3728785201 27.4750959588 27.7731130528 41.0333497824 27.4235109011 28.047908703 28.0189652377 27.3283880155 27.791427656 27.2336651295 59.8215314805 80.2995509335 80.2995509335 28.0056039266 28.2954907072 28.2782865161 28.3895223529 27.9734538735 51.9032208403 51.9032208403 43.0216094709 28.114476964 27.9274761068 28.2174363147 28.1236131095 27.8198754941 27.9653889269 28.3073696157 27.6552504315 28.0104930825 27.9574469828 27.5835707013 27.6282683055 27.7063332627 27.9755889159 28.0892130635 27.5265921758 27.0439471483 27.6645014653 28.0669035262 27.2823345092 27.2174610886 28.3256955259
28.1220022901 28.2527130103 27.6392233502 27.106523297 28.4003733992 27.7906475742 27.3537834836 27.8838227239 27.4508228778 28.3879992434 28.3629120434 27.2341742271 27.2482334109 69.8860687072 27.2533204266 28.0662062248 70.2520423494 70.2520423494 56.1952457639 27.3575085807 80.2995509335 80.2995509335 80.2995509335 80.2995509335 55.6363902026 27.1551036294 28.4069541888 27.8597932629 61.0613447935 61.0613447935 61.0613447935 27.5950505251 28.3385742347 28.3375470806 27.8201013115 27.7157242529 28.3995009518 27.5036617549 27.1782014061 56.3800286988 66.4929657652 27.9496574338 56.7266260398 27.7354731177 27.8909168607 27.8423344966 28.4088753809 27.9864138153 27.1855364264 27.50413039 27.3994586737 27.863341752 27.9260554157
27.0986520669 27.1287601878 28.3144036445 28.1462657738 27.4770567526 28.1090523719 27.6878931822 28.3772876402 28.0513417034 27.9689019031 28.3344607798 59.6385971748 27.6733391425 27.7416651848 27.1756475349 27.8173515906 70.2520423494 70.2520423494 56.1952457639 27.7105374231 55.922101868 55.922101868 55.922101868 55.4638849684 55.6363902026 54.518120373 54.518120373 54.518120373 28.1604838848 61.0613447935 61.0613447935 56.0551589081 38.2713059855 27.3210710039 27.0520596747 45.4614406792 59.9769433457 46.3320006185 52.1989589086 66.4929657652 66.4929657652 66.4929657652 28.3399455645 56.7266260398 28.0442135817 63.9101132292 63.9101132292 27.456040896 50.0861836954 50.3177076651 27.8984415027 27.4280772573 27.0601314292
27.8149521143 28.1933152688 28.1908223315 27.77906632 27.6230726821 27.4718032608 27.63545296 27.3964541374 28.2843747413 28.3276558146 27.0596308892 27.4689632362 59.6385971748 28.1490774167 27.5749076084 27.0128503117 28.282016997 70.2520423494 27.3036224706 56.1560094569 27.8164771987 55.922101868 55.2715604022 55.2715604022 55.6363902026 27.6390235444 54.518120373 27.6511262091 28.3722896816 27.6409141703 56.0551589081 56.0551589081 68.2961323055 68.2961323055 52.0933792658 45.4614406792 45.4614406792 59.9769433457 46.3320006185 66.4056209634 66.4929657652 27.5922405011 27.8532986343 27.353594191 27.568589523 63.9101132292 63.9101132292 27.3998664011 50.3177076651 50.3177076651 28.2770951242 27.6943682735 27.5368756931
28.0528120221 27.8215388645 27.2721765072 27.1206748406 27.4541613565 27.1007702121 28.2064205895 27.8304678747 27.0716926559 27.7188895925 27.5544074767 45.2263020973 45.2263020973 45.2263020973 27.1417906478 28.0781383778 27.1070382369 27.639147891 27.3603315299 27.5555488131 27.8248949709 27.5656327437 40.6921554486 27.041486774 27.8766797571 27.4867142331 27.0722955926 28.345276073 27.0360187981 27.6089024302 28.1157863683 37.9118542556 49.8769553971 49.8769553971 52.0933792658 45.4614406792 45.4614406792 46.3320006185 52.1989589086 28.2867384081 27.2793501713 27.8436300012 28.1491112172 27.5266104677 69.042536494 63.9101132292 27.6840515259 50.0861836954 50.3177076651 50.3177076651 28.29743576 27.5372480738 27.4697716279
