Spatial_Output/BAU/BAU_0010.asc
NCOLS 155
NROWS 192
XLLCORNER 196307.867259
YLLCORNER 449144.565805
CELLSIZE 33.573938
NODATA_VALUE NaN
[rows 52 to 77 of 192, columns 0 to 56 of 155]
45.4663548281 46.3270451862 46.2831624467 46.1051717439 45.8291725104 45.9540329661 45.4197664435 45.9092526805 45.0193396432 45.1679298561 45.0423800279 45.7259115211 45.4777347759 45.0121624727 45.2838386969 45.7623116733 45.4431197591 45.6802404693 45.5602517439 45.1420570154 45.0330442383 45.4858401426 45.3780945652 45.9797011535 45.627590976 45.7923576759 45.9901539463 46.0025971713 45.3753564754 45.1400423637 46.0029199003 46.1669437308 45.7910621188 45.6394196726 46.287130861 45.0207102884 45.54088073 62.4944457896 62.4944457896 62.4944457896 45.9389910116 45.6505313968 45.6344508179 46.3056835754 45.7882569195 45.125486285 45.7079115586 45.2861703229 46.4101003092 46.2898915668 77.3858587775 46.0070244674 45.8695685914 45.9576420295 45.9944189065 66.1329293465 66.1329293465
45.9435431532 45.6513312773 45.4079837204 45.1762213083 46.3303665149 45.477922121 45.4432139359 46.2303021281 45.3661542345 45.2945099928 45.1885548346 45.6961396187 45.5432601585 45.1498839465 45.3839990877 45.2366383947 45.7311163421 45.9770703603 45.7950093211 45.9509238939 46.2482990937 46.2662343948 45.7920968403 46.3923140155 46.2827081913 46.2424345133 45.7042995762 45.7221906443 45.3150221258 45.7039300645 45.3470328379 45.6769947972 45.5088327874 46.3071800434 45.0019570374 46.0107512259 70.0929561432 63.3101703842 63.3101703842 63.3101703842 45.5687514972 45.3243952371 46.0813457544 46.0252994952 46.0489351949 45.8303326083 45.9558954451 45.8078699174 45.504616553 45.4277939323 77.3858587775 77.3858587775 45.0942379712 46.2273780006 46.2879094573 52.5225726663 66.1329293465
45.2772357051 46.0217096578 45.1317770358 46.0469511211 46.2789191796 45.5919623676 45.1481442265 45.2569757517 45.8036894449 45.4433660999 46.0872856713 45.0960110628 45.0552562831 45.0760217725 45.8196354336 45.6153374681 46.2086431676 45.2775563202 46.4056181013 45.8538116341 46.2519398182 45.4430850878 45.4099873005 45.3215895798 46.2908867055 45.7163452035 45.7517746334 45.8673704722 45.236348572 45.9303137229 46.3419954503 46.2200608513 45.9205833337 45.7388719554 46.2235231542 45.9734494696 45.5946007889 45.8005972638 63.3101703842 46.3902129083 46.0077882784 45.3174600366 45.7321912962 45.4505175041 46.4120852623 45.5934240926 46.2963001418 45.3821375241 46.3771346899 46.020104179 77.3858587775 45.8364287505 45.1985754946 46.3713372389 46.2429383151 52.5225726663 45.7276028058
0 45.1209161147 46.0279315341 45.5331099848 45.8885647002 45.8038116719 46.1399315077 45.9196990082 45.1218647422 45.5081134904 45.2742740008 45.8311490537 46.0047626147 46.1109530709 45.6508667211 46.0097550785 45.562984408 45.2704872614 46.0858525965 46.3477340768 45.30014591 46.2552799608 46.3079760855 45.0366281835 45.9309275563 45.1754342282 45.432065338 46.1563361704 45.026932453 46.1479969748 46.3559466425 46.1128310164 45.3052704067 45.5052572263 46.3381245674 45.3361961402 46.1886954263 45.736724083 45.5303509103 45.8269093489 45.3956748565 45.9891479821 45.1645583991 45.6595102049 46.1152460983 45.1963316295 45.5812578077 45.8678701267 45.0131099577 46.3035782963 45.6236140591 45.5658020856 45.981903076 46.1321979429 46.193156443 45.1763851034 46.3231328546
0 0 45.8879767914 46.2106489038 45.8447685056 45.5738384039 45.5363897546 46.1087217574 45.7330075672 45.2998097166 45.1033615825 46.2313114783 46.3616334031 45.1725279876 45.7096709555 46.2191937505 45.3089153195 45.3682288271 46.3909828982 46.1963018847 45.2161881954 45.913151141 45.648992867 46.3869324891 45.5017080292 45.3525862937 45.5171595115 45.3027623253 45.8293465133 46.3463651794 46.1811307019 46.1481765026 46.0393918899 45.213977522 46.3007301218 45.1409197088 45.9709122845 45.5446254037 45.5826696864 45.6244029267 45.7262855695 45.2655320237 45.2956958775 46.0668828237 45.2722406234 46.3410965551 45.5668673161 45.7372939963 45.3160255156 45.8796320834 45.9835193076 45.1408463243 46.3143318939 46.0945404068 46.1544811531 46.3712083701 45.9053792416
0 0 0 45.6863327601 45.6160577232 45.065893545 45.8379930617 45.125887667 46.4133587727 45.1603307395 45.5891378285 45.8343806568 45.7252758842 46.1536845713 45.9086770449 46.0449961947 45.894870162 46.3584271854 45.8087935722 45.323903261 46.3838968549 45.1564215936 45.3511900904 45.5756714917 45.4345704788 45.2101807186 46.0125344113 46.3422581379 45.4763638368 45.4094050369 45.3582050089 46.1118969597 45.1703153524 46.1389858429 45.4721592714 46.2473702272 45.4445561998 45.814552192 46.0742218072 46.2569999387 46.3147523015 45.096970721 45.9130898787 45.0648976753 45.1800706344 45.4463857008 45.1539868065 45.6732676446 46.2385277991 45.81180865 46.0682708217 45.8445618815 46.3991295806 46.1038708302 45.9084755081 45.4340956218 46.2022867804
0 0 0 0 46.3126592535 45.7011577799 46.0154964499 45.0147660034 45.0566080267 45.2317051925 45.0623149011 45.0615045036 45.4359465231 45.0708761578 46.2808799262 45.5294598777 45.3900353524 45.6966749676 45.7794359255 46.2762441331 45.4742540883 45.7191436967 46.3641362674 46.4108362153 45.3444621718 46.1560600075 45.1257362408 46.2704697542 45.3398578986 45.0809123161 45.0963664532 45.7835753491 46.1897633117 45.870334956 45.2047690928 45.4972557747 46.2150293872 46.1174479238 45.3827308936 46.2556941286 46.1137085432 46.0839816081 46.4035639612 46.0600242379 45.9861155093 45.422537704 46.0219115445 45.417830525 46.2753344842 46.0798152707 46.0149439131 45.7061812518 45.0960990248 45.1777092286 46.0647456235 45.0120055471 45.3337005363
0 0 0 0 46.0869693385 46.3132328982 45.7703776915 46.1143179812 45.9727994457 45.3626713902 46.0141431678 45.7398776533 46.0222814187 45.844825081 45.1179590403 45.474706309 45.4725792141 46.11056154 45.4652153125 45.7962054841 46.1396544276 45.3535588977 45.5261073955 46.3855709801 45.2616006407 46.401203963 45.5908165629 46.2805298825 46.0301592765 46.4074914257 46.0468091965 45.9647408189 45.0576492116 45.3995793507 45.278512288 45.5125720564 45.9061997733 55.9821093802 45.2190474924 45.7336072287 45.6100031566 46.0452708995 45.9040292761 45.7034869114 45.1004761794 45.8006683342 45.2506523901 45.9711897302 46.0456157422 46.1177050312 46.0235286296 46.0609555574 45.2677945839 45.6432874233 45.9549439666 45.4674644754 64.636067327
0 0 0 0 0 45.0466761365 46.2515480489 46.3911918458 45.1264352863 45.7558435308 45.0085823698 45.9453172481 45.1769882771 45.0014978138 45.8864243677 45.5735685424 45.2379689274 46.1224793569 45.1528824726 46.2645704884 45.4119095212 45.7624454894 46.2229434708 45.8479890793 45.2157457861 46.0898347027 45.4208413475 45.0473986671 45.5778461473 46.3540451028 72.2473449853 72.2473449853 73.1961595403 45.3896096103 45.8527442958 55.4895734841 46.0407430123 55.9821093802 46.1022175657 45.1779662106 45.646420094 46.1394981169 45.9877882997 45.3343154648 46.1561922597 45.2244215089 46.0714251546 45.2122433296 45.7089847895 45.4972760077 45.5384441253 45.2910819126 46.2478644463 45.7938596597 46.0490188825 46.2853067597 46.0941602488
0 0 0 0 0 46.1821161687 45.809634206 45.178818015 46.2070310061 46.3276027129 46.2677064294 45.4648288917 45.8007341687 46.2000413403 45.8912165418 45.1539667402 45.4244442674 45.5386650572 46.3708743908 45.3457316749 45.8361057425 46.3410698589 45.1025629065 46.0963740381 46.004439248 45.36355794 45.4896366214 45.7103817905 45.4283740194 45.9583142992 72.2473449853 72.2473449853 46.2776387484 45.5145067694 55.4895734841 55.4895734841 46.2495574286 45.2554352768 46.2792070075 45.1435257926 46.327166745 45.3699183056 45.68943935 45.7121033682 45.7758236409 45.9707708414 46.1498244647 45.2773218282 45.2661045447 45.2875710059 45.8732201769 45.3555957621 46.0536878286 46.1803637263 45.8246276354 45.7405365723 82.9409201026
0 0 0 0 0 45.4727118993 45.835835405 45.7731468036 46.3238850116 45.1538487029 45.2668324668 46.1722621485 46.2708434764 45.9585625121 45.8589276687 46.3388117366 45.1623016521 46.1489079319 45.4161953962 45.1026032861 45.6886769689 45.6661478428 45.5650237767 46.2284701235 45.4359663154 46.0823649929 46.124387652 45.4534556332 45.6327599641 46.0612911704 72.2473449853 45.3305728438 45.3634649405 65.7630700258 65.7630700258 65.7630700258 45.5046372125 45.6887964848 46.1521708397 45.0395726948 45.7921501397 45.3759669856 45.7419256454 45.191383621 45.5305588582 45.5671648572 45.2466931165 45.8494153878 45.377673553 45.2938414046 46.0665062631 45.5799115998 46.0098360522 45.4925284553 45.6555746688 45.2743066591 82.9409201026
0 0 0 0 0 0 46.2939226089 45.1894903961 46.1425391843 45.8937082055 45.29701879 46.0306919124 46.3008455108 45.1947793099 45.3513328462 45.3166978384 46.0661423689 46.1653653406 45.4446276371 45.622622249 45.9939595152 46.2195686687 46.1156636523 45.4585813636 45.7960693377 45.6695903964 45.0391959204 45.9978252739 45.1353131779 45.3466934051 45.9417700433 45.0057136501 65.7630700258 65.7630700258 65.7630700258 45.3824533748 45.8584680162 46.2459908128 45.4105682826 45.6577793252 45.5191970084 45.3601745526 46.2252629249 46.0631157635 45.3283820723 46.1358870346 45.1329063695 45.8258083075 46.1543599348 45.287542091 46.2995805429 45.7555794574 45.6696774836 45.2024742462 46.1470874906 45.8803402475 82.9409201026
0 0 0 0 0 0 0 45.523633891 45.0140795786 45.05578052 45.7317708142 46.3454699128 46.2034497064 45.4720113069 45.2633993111 46.1879481281 46.1769799487 45.6514055209 46.1691155561 46.1490044921 45.8297187538 45.29572685 45.8347301153 45.4162104053 45.7396917733 45.8611561359 45.7436996625 45.3001480728 45.1831206365 45.5141085657 45.6003011439 45.7894655596 45.6134649131 45.2314980572 46.0604258404 45.1370009194 45.9647514716 45.6967949575 45.5603382278 46.1184472189 45.2718586648 46.4137205499 45.3950358803 46.0300488134 46.1683286252 45.2844628233 45.4997187212 45.0829796124 45.7942440125 45.5810495568 45.4860717101 46.2366128365 45.5565497419 46.1037591675 45.1660640883 45.0163240974 45.2660255342
0 0 0 0 0 0 0 0 45.2208210713 45.4210084038 46.2659867492 45.4097391698 46.0488134974 45.1852978635 45.2767064735 46.1506239211 45.7787488091 45.2559140646 45.5150885781 45.8273185097 46.3433915288 45.3192108465 45.3233965681 45.2123538896 45.6463674726 45.9742209479 45.9952531443 45.7408043571 46.3351129965 46.0204527081 45.7999322459 45.1442294581 45.4717795836 45.7785864267 69.8424546495 45.6542497943 46.2068258555 46.3195400882 46.1029213053 45.2510613681 45.0552085862 45.8726255905 45.4405747284 46.0749581207 45.7972738538 45.0040877732 45.5562427445 46.276126246 45.248227862 45.1203113472 45.0662810268 45.9273989592 46.2158404443 45.740188619 45.2461522292 76.2669487471 76.2669487471
0 0 0 0 0 0 0 0 0 0 45.5110501063 45.2529929824 46.0620394946 45.6302825633 45.8050250827 46.1965671172 45.7894570197 45.9909891145 45.2803897865 45.2581915683 45.8164492749 46.130558824 45.4460648085 46.0436759985 46.2768677678 46.3412096849 57.3177604871 70.3287217813 70.3287217813 45.5989534587 45.2968861462 45.1885753366 45.9966216414 45.6503001345 69.8424546495 69.8424546495 45.9163807543 45.2975893375 45.6798622082 45.0926458969 46.3968767178 46.1702559928 45.4209585447 45.5038851124 45.1452593386 46.3786629559 45.7668702376 45.2312732276 45.2220226076 45.4240764914 45.3738205276 45.9425424737 45.9026092215 45.12851282 45.9412308981 45.6361836556 76.2669487471
0 0 0 0 0 0 0 0 0 0 0 45.9219546655 45.2059576077 45.3138411996 45.7718509353 45.9236663532 45.628680756 45.0229240432 46.3449604084 46.2452338216 45.3754748337 45.6171461683 45.2510962151 45.6203785352 45.548143222 46.2081723689 46.2574934266 70.3287217813 70.3287217813 46.2699837911 46.1009862422 45.8279622929 45.4787601261 69.8424546495 69.8424546495 45.4783858439 46.3975447467 45.8756814127 45.36623169 46.0803726151 45.9664295411 45.4664288376 45.815796017 45.2323482472 46.352294567 45.5709915746 45.3933129605 45.1743090113 45.8702948865 46.2576433966 46.070942828 46.2098209807 46.2491021065 45.130953915 45.5390533357 45.3868434731 45.6211234825
0 0 0 0 0 0 0 0 0 46.2146298772 45.3451270168 46.2698657243 45.3752407044 46.2659020577 45.0471895163 45.4741980871 45.9162611991 45.6444626426 45.7468343319 46.4129790507 45.8368534454 45.7978137739 45.8036468406 45.1538791779 45.0698665577 46.1077063771 46.376246745 45.0291824174 45.4229318726 46.181044847 45.6370810294 45.6510861852 45.8946165365 46.0623990551 45.5916522472 45.2089469934 46.0612255145 45.1102485934 45.330070934 46.0199661734 45.1476130529 45.5955377749 45.5077836719 45.7129214166 46.051821812 45.4075116048 46.1749540235 45.3342381494 45.9937268036 45.7568203057 45.0290567318 45.727788819 45.8488756011 45.1282276905 46.0778214917 45.0145273341 46.2288511942
0 0 0 0 0 0 0 0 0 46.3633193283 45.1859811673 45.2302052601 46.3801350049 46.0246504159 45.417908903 45.2898756689 45.9042319801 46.1763788488 46.0236483342 45.7214792108 45.2222086232 45.2479073275 45.6941480311 46.2782752717 46.4098948084 45.2347181361 45.5963244293 45.594783913 45.8993146771 45.6979622972 45.2975015858 45.2565357455 46.1107374296 46.071654025 45.3343806518 46.2539249941 54.8984049219 45.2166636447 45.4227018683 46.0802596218 46.0999219566 45.5322991671 46.1600335405 46.0306336707 45.8530707595 45.8540856917 45.4341720721 45.0565309974 45.1790185245 46.1672775941 45.8841367937 46.3920010621 46.1031705346 46.09125377 45.0396098297 46.0947949473 45.5855698101
0 0 0 0 0 0 0 0 0 46.2383421136 45.1270626039 45.0491891822 45.7151802142 46.1085913634 45.9130686571 46.3305020217 45.92339283 46.2385329289 45.5000772717 45.1735190365 45.8329758019 45.2498903386 45.8880511166 45.3166542479 45.4595175647 45.6779522915 46.3700778366 46.2831836797 45.4127052303 45.875657547 45.1750359744 45.6613439122 45.3938579949 46.3259807135 54.8984049219 54.8984049219 46.0306665225 45.6044884034 46.3853348566 45.2054647706 45.5861600717 46.1578135893 46.307409079 45.1172162236 45.602185981 45.4255271922 45.5975028182 46.2128353071 46.3900273815 45.6606325514 45.8185205839 46.0149352407 45.2376426218 46.4124819543 45.9364805616 45.0085340508 46.0989054817
0 0 0 0 0 0 0 0 0 46.2798518399 46.3685743861 45.3484232339 45.9308316827 45.1371390508 45.9965628909 45.6928816845 45.4962754354 46.0642814202 45.9135491821 45.8915438328 45.4328426475 45.9989892823 45.2237501976 45.0918816649 45.1494092799 45.1244991347 45.6638077109 45.9780389526 45.5508042462 45.5204355141 45.5851383671 46.1488774615 46.0823149401 45.6357123143 46.2650000716 45.709742901 45.8325583864 45.7296349658 45.42247476 45.9319971017 45.0880532124 45.4966574001 46.3081429286 45.8310090304 46.1304972909 45.0709345376 45.9919725881 45.7850639765 45.189725952 46.226792455 46.272066687 45.0241348506 46.1880514203 45.1563548199 45.5688593322 45.9456692044 46.2924367038
0 0 0 0 0 0 0 0 0 45.3797801093 45.3521812941 45.2539061783 46.3495270158 45.1300237629 45.8042861619 46.2309027502 46.0744499111 45.1956977722 46.3613801233 45.1146405487 46.3630968949 46.1178108757 45.5025185766 46.2675235419 45.0504990808 45.7532711516 45.1131360282 46.2788862194 45.3492134009 45.9632290581 46.248545323 45.5468435702 45.4439534497 46.011311751 45.4922662383 46.2696849976 45.648829934 45.6145537348 46.3294530529 46.0817177486 88.6652299014 88.6652299014 88.6652299014 45.2486567507 46.2425379725 45.9741850809 45.2178077988 45.4249380379 45.9863087329 45.2503834772 45.7229317201 45.6501088757 45.3086218683 45.2474622557 45.847822144 46.3055255358 45.5392448728
0 0 0 0 0 0 0 0 0 45.6281017478 45.8089133817 45.6324891363 45.2939774349 45.7955257349 45.0578211832 46.1237766464 45.3799726932 45.5403452654 46.3837790725 45.906798952 45.4147533307 45.6518338363 45.2431764711 45.1197502447 45.6944281794 45.5462974211 46.1976978972 45.4706802476 74.9207074601 74.9207074601 74.9207074601 45.7573016021 46.3510580285 45.1662540263 45.571563497 54.5802885457 54.5802885457 45.2436806951 45.1651694539 46.1902702774 46.3749756778 88.6652299014 46.2830627159 46.3491600803 45.1438810896 45.0347087677 45.7579306638 45.2383783874 45.1713045055 46.0643817238 45.7902449095 45.5118225386 45.0203620649 46.1301901929 45.6628433766 45.0664205912 46.0585183906
0 0 0 0 0 0 0 0 0 0 45.8355838987 45.5967468784 46.3639554643 46.2382718792 45.1779427548 45.1809711953 45.6333119502 45.034048522 45.8416918223 46.2024669122 45.5227877472 45.2321308276 45.0222941869 46.0851898686 45.6803466193 45.5688094104 45.9600374662 45.6413273919 45.5511194323 74.9207074601 46.4100167269 46.122405497 46.1878049779 46.3739746938 45.7863262757 45.0943446314 46.0317716906 45.3561988427 46.1331402392 45.6115423339 45.9152577601 84.9931522575 84.9931522575 45.6973458703 45.3037888569 45.9258476563 46.351939324 45.4124589752 45.5565112438 45.9314164586 46.3879767777 46.0713081783 45.239068378 45.5875990578 45.5900032759 46.1176248815 45.2524639259
0 0 0 0 0 0 0 0 0 0 0 0 45.6573225778 45.9319550474 45.7902311646 45.2344195954 46.1958942889 45.3692694363 46.3157197833 45.2178694289 45.5375933312 45.5352611354 46.3477605597 45.3691905091 45.8263827277 46.2359232062 45.6582028457 45.4464920179 51.0336924085 51.0336924085 51.0336924085 45.4802340367 45.9672740532 46.0454139725 45.109406601 45.2528503561 45.8614767828 45.2981799511 45.707787864 45.1504124949 45.9921326406 84.9931522575 84.9931522575 45.4386528999 45.2517506808 46.0687029907 45.6000755752 45.9411040542 46.2835614128 45.3552733905 46.0579550625 45.7297029768 46.0375047144 45.3437870316 45.949876237 45.8258276314 45.6125660766
0 0 0 0 0 0 0 0 0 0 0 0 45.1576930761 46.2220456319 45.9016521216 46.3999806602 46.1955217543 46.0351364736 46.3331858109 45.1328354844 45.7857864982 46.0498760327 45.8021080521 45.6343998511 45.730400892 46.0387534499 46.0285125343 45.4534487385 83.2051657721 51.0336924085 45.7959398963 45.6552592635 45.2361324907 45.7584285723 45.77340357 45.2456695913 46.0957187435 45.1710046218 46.165024318 45.2303389808 46.3567255771 73.6737311242 73.6737311242 73.6737311242 45.6022103074 45.0195109546 45.1505462819 45.14883155 46.3745289057 45.70938054 45.248488754 45.8143611011 46.1709224142 45.3189668588 45.7244773765 45.8125301032 45.5550212702
0 0 0 0 0 0 0 0 0 0 0 0 45.4467854927 45.6579445125 45.8958260518 45.7458373427 45.9723024296 45.7987688275 46.1753404294 45.9654069816 46.1998074439 45.3487003174 46.2087171231 45.0190886264 45.4433837678 45.4921112806 46.0684781049 45.2205891568 83.2051657721 68.8198154168 61.7078714375 70.9623599487 74.2631872066 45.8680506237 76.5254825028 45.1110260778 46.3759080923 45.945924939 45.8670664531 45.3686144574 45.3666429084 73.6737311242 73.6737311242 45.1046586573 45.7360675722 46.0136599551 46.0383810084 45.0543241149 45.256830891 45.4544251971 45.7491814075 45.4135430214 45.7049230655 45.3872446655 45.3413292002 45.8454391626 45.5979736839
