Spatial_Output/BAU/BAU_1145.asc
NCOLS 155
NROWS 192
XLLCORNER 196307.867259
YLLCORNER 449144.565805
CELLSIZE 33.573938
NODATA_VALUE NaN
[rows 25 to 49 of 192, columns 0 to 55 of 155]
0 0 0 0 0 0 0 0 0 0 0 0 0 0 0 0 0 45.4552721243 61.7286848938 52.4656277188 20.5635668228 27.8708343298 56.1841140708 52.3829373275 78.3930565506 58.4348573726 58.4348573726 69.5852175494 27.6183555686 27.7897802389 28.1123102551 27.7355769047 27.6342210045 27.554353507 27.7856140111 27.8060595924 27.8123827161 27.7069792309 27.5590007517 28.1049720282 27.6088408113 27.9295548358 27.8370207438 27.6628307753 27.887925575 27.5556446162 28.1559687223 27.8841686488 28.1829832258 27.8159771736 27.8830548031 27.9937298199 28.0409462155 27.9921405142 28.0743562846 27.5986145258
0 0 0 0 0 0 0 0 0 0 0 0 0 0 0 0 0 0 70.8543547081 70.8543547081 0 27.6375154829 28.1075158389 28.080780671 78.3930565506 58.4348573726 41.5183300825 41.5183300825 64.0380555945 28.0872909294 27.822474202 27.9300520733 28.1606339741 27.6449005936 27.5630981739 27.5250782524 28.0060066406 27.9292964514 27.9271275552 27.8159651926 27.5863781944 27.5030057509 28.1596996758 27.5305348708 28.0086200284 28.0927894821 28.1853201567 27.7172529465 27.8213614129 27.7703046361 28.0867791195 27.7624835441 27.7775340716 27.6311837361 27.902356068 27.845063967
0 0 0 0 0 0 0 0 0 0 0 0 0 0 0 0 0 70.8543547081 70.8543547081 27.7527056314 27.5010212715 27.7495189312 27.9025101711 27.7271742892 27.7507399578 69.5852175494 41.5183300825 41.5183300825 47.924507258 44.5934642536 27.8043696645 27.8415313506 28.1293238255 27.7705262386 27.8937420571 27.551085128 27.7050101938 27.7250399097 27.8081459191 27.6238169423 27.7516892965 27.5514605182 28.0379339912 27.6393965687 27.5311243247 27.6473992051 27.8646512419 27.8300608751 27.704842924 27.5522869598 28.1090588556 27.5297357324 27.5246850243 27.691542864 27.992272659 27.886758663
0 0 0 0 0 0 0 0 0 0 0 0 0 0 0 0 0 52.5506271383 27.850160599 27.9820621513 27.9398100306 27.8316519063 27.9665522845 27.5014353195 27.9170706899 28.1660751437 27.5799771652 47.924507258 47.924507258 44.5934642536 54.0591107532 54.0591107532 27.5122227977 27.8485976679 27.8230284847 27.7161421471 27.5486729143 28.1299999481 27.8617591994 27.650495957 27.6803067938 27.6395412819 28.1665961468 27.6027759829 27.7586855525 27.7732184949 27.5883761102 28.1252742182 28.0102044733 27.6131831805 27.9449308265 28.0342753824 27.8987240169 27.7633684414 27.9602955347 28.1465910506
0 0 0 0 0 0 0 0 0 0 0 0 0 0 0 0 0 27.5611362046 28.0900293994 29.4904818549 30.4253303825 30.6393821478 27.921964844 27.6786628039 27.7191534099 27.5526149049 28.0105514972 47.924507258 44.5934642536 54.0591107532 54.0591107532 56.446637122 56.446637122 27.503504111 28.0374564581 27.506411824 27.7008567857 27.8441797396 27.7693009532 27.9565302479 28.1991915413 27.5366614244 28.1163228904 27.7990191376 27.903316801 27.7870623709 28.0589540337 27.5819627294 28.0872265947 27.6848984917 27.5305956519 28.0903681664 28.0389901498 27.8106356173 27.9304833776 28.1947245539
0 0 0 0 0 0 0 0 0 0 0 0 0 0 0 0 28.1618187442 27.7728088008 27.9547426843 25.0881202211 11.2176309502 26.3644232807 27.902151 27.9009814205 28.0242980484 27.9784134833 27.7576183082 27.533894046 27.8754597947 53.6657813798 54.0591107532 41.1879263976 41.1879263976 41.1879263976 27.8446416795 27.7128496434 27.7176008126 28.1686337777 27.913701453 28.0439149222 28.1694378642 28.2051776374 28.1128758217 27.778827365 27.518625493 28.0734779332 27.8600214457 27.8005273777 28.1237034521 28.0924025084 28.1736321727 27.5345017426 27.9778897323 27.8546895238 27.5731678129 27.7535931645
0 0 0 0 0 0 0 0 0 0 0 0 0 0 0 28.1051068076 28.0063241353 28.0288741251 28.0582535151 27.5144160788 25.3732855845 19.4120646009 27.8387918851 27.9215688002 27.9056895912 28.0333478916 28.1873313614 27.7711122205 27.8515388388 27.8584597976 27.5338362921 41.1879263976 41.1879263976 41.1879263976 54.8060636486 27.8396815635 27.7310570153 28.1013645742 27.9995325577 27.8437642148 28.0728900518 28.0542438464 28.1961246077 27.9777059987 27.9487231084 27.8649916939 27.8531673914 27.6999549769 27.6670388255 27.6739114006 28.1692585863 27.5836699435 28.1311745234 27.8634603327 27.9576211839 27.7509084003
0 0 0 0 0 0 0 0 0 0 0 0 0 0 0 27.9108530773 28.1790851379 28.1696435652 27.9610957413 20.1729427886 19.0330331139 19.7193716148 20.0717177796 27.6258058457 27.7579188947 27.8071096206 27.9368831237 28.0443315628 27.8443578551 27.5321676759 27.6303379228 27.8511860384 73.1156445872 54.8060636486 62.5559045315 51.3961732202 51.3961732202 27.8069979895 28.0545462737 27.5670955886 27.8677683392 27.7131882339 28.2038026171 28.0754973394 28.182717445 27.573850073 28.1105346956 27.7587531378 27.5946684813 27.8461389741 27.9719966741 27.827751205 27.7278136739 28.0755659944 27.5444415814 28.0422521362
0 0 0 0 0 0 0 0 0 0 0 0 0 0 0 28.1090478166 27.6450274593 27.574733378 27.5919491883 27.5247184119 24.2698230265 16.050689091 20.7693466238 27.9624901158 27.6787810483 28.0856736533 27.9411210329 27.7810506183 27.5306019552 28.0436910548 28.0366217606 27.7111740669 27.7356349104 60.2545080885 51.3961732202 51.3961732202 62.84395556 62.84395556 28.1623236739 28.0666927148 27.8761325181 27.9799605638 27.7352533867 27.7005995319 27.6200035659 27.7312684059 27.8455917808 27.6743001878 28.2044985202 27.55951076 28.0554827301 27.6405117549 28.1967202825 27.9127757289 27.6843863149 27.616824724
0 0 0 0 0 0 0 0 0 0 0 0 0 0 0 28.2018563828 28.0845728373 28.1322824382 27.5220289408 27.9615295862 27.5111855488 27.5687777335 27.7586163386 27.5246529914 28.1926151653 27.604599973 27.9355841794 52.1777913455 28.0397922723 27.5999914178 27.8634035059 27.9093401165 28.1861245785 28.002533544 51.3961732202 51.3961732202 59.8318602037 59.8318602037 28.0960402991 28.0560132527 28.1617596911 27.8171248695 27.8375180656 28.1783792423 28.0306479973 27.8077238864 27.9397928507 27.7196674063 27.5443781289 28.0346401032 28.2044837729 28.0222044618 27.683883139 27.9743227976 27.556374306 27.6688038336
0 0 0 0 0 0 0 0 0 0 0 0 0 0 0 27.530188268 28.1866670824 28.154263171 27.7834686399 28.0731828806 27.6283855442 27.8387888926 28.034886786 27.5328859544 27.7425307322 28.0126362161 52.1777913455 52.1777913455 28.1272487028 28.0677204087 27.8412079457 27.8202602653 27.5884442032 27.8419049731 38.2860017944 38.2860017944 59.8318602037 39.1202095023 27.7470865908 28.1031995368 27.8066568702 27.901141365 28.154658275 28.1451801055 28.0701995669 27.6718065605 27.8404868752 28.008960811 27.8267360174 27.6462792964 27.6942179008 27.571895606 27.9703217886 28.1795408332 28.0709419658 27.9119696534
0 0 0 0 0 0 0 0 0 0 0 0 0 0 27.5580569331 27.7738902328 27.8750261179 27.7214649908 28.0668651364 27.5592965982 27.7392604704 28.192580992 27.7891896043 28.0569529464 27.7794069118 52.1777913455 52.1777913455 52.1777913455 55.5804024782 55.5804024782 28.1455628298 27.7890930243 28.164220128 27.9364652256 27.6678012661 27.8741674082 68.016290903 55.1214162913 27.5522857243 27.798228081 27.8743503065 27.5266008847 28.1377361268 27.610165433 28.0572591084 27.9091904627 27.5744891545 28.1563212226 27.7752992155 27.8554853367 28.057613963 27.8724753418 28.2060642508 27.6364219269 28.0619939931 27.7043732668
0 0 0 0 0 0 0 0 0 0 0 0 0 0 27.964542885 27.6268789482 28.1749571737 28.0383811211 27.6930180612 27.8653485842 27.540209007 27.6489005197 28.1195259917 27.8810388573 27.880939928 27.8135468175 27.8383997269 55.5804024782 55.5804024782 61.8047880629 28.1550793272 27.6642787826 27.6535218926 27.6122391861 28.1354502713 68.016290903 55.530735566 68.016290903 63.1986510809 28.0192995953 28.0218890938 27.968849963 27.694055411 27.702490328 28.1798064825 27.9639508462 28.1102580934 28.0059832995 27.5023069267 27.5574643227 28.1817934684 28.2012552253 27.9136156923 27.6990915627 27.9692271926 27.5400846595
0 0 0 0 0 0 0 0 0 0 0 0 0 27.7159047116 27.6204802827 27.6918544504 27.6376075261 27.6399034419 27.5049297123 28.0986359388 28.1476799758 27.8212012266 28.1485075299 28.0042244362 27.586465663 27.838202028 27.7564537641 27.6429783959 55.5804024782 27.9618639346 28.116652227 27.719624607 27.92463736 28.0083413215 28.1486502022 55.1214162913 55.530735566 55.530735566 55.530735566 27.9178869547 28.2059849669 28.0646998275 28.1636814232 27.7076925701 27.5602463154 27.5133822956 28.0782883478 27.6312101161 27.7078808928 27.6107890847 27.9697740526 27.7632223206 27.7187880517 27.9613575615 28.0591117207 27.6946001047
0 0 0 0 0 0 0 0 0 0 0 0 27.5793069733 27.8909433746 27.8856948305 28.0059384205 27.5130741029 28.0468116403 28.1923926902 27.8923617431 28.0762268409 27.9501115865 27.9205398686 27.8571278241 27.9680207492 27.9105221606 28.0995089688 27.9640512666 17.645525207 20.1991324281 16.7140216977 27.8408944461 27.5108530484 27.5511547527 27.9782106146 27.7286497456 55.530735566 77.5871549106 77.5871549106 27.7069434093 27.8267304064 27.9780480577 28.1570327253 28.107250262 27.6644306428 27.7472662977 27.5436726139 28.0099207911 28.0702396038 28.0122146464 27.6725758929 27.881137815 27.9909632282 28.0110969368 27.7112546818 27.9085095466
0 0 0 0 0 0 0 0 0 0 0 28.0843802067 27.9966346951 27.9348905755 27.7205643051 27.5756947844 28.009986239 27.5816453763 28.0928283851 27.507932303 27.9587594554 27.7894772576 27.7865368775 27.5542827859 27.9344550567 27.7606448256 28.1890397717 28.1174244251 13.9875416452 24.2350147685 23.9520598973 27.6904012848 27.8397219722 27.8677059222 27.6651482676 27.6769057748 27.6070249608 77.5871549106 70.8312901992 64.6314828568 71.4038116321 27.8968532814 27.541090035 27.7399022985 28.0746095816 27.951984917 27.5375278092 27.6687207866 27.8258932698 28.1553618999 27.5509168164 27.8076063332 27.9110573662 27.5813087647 27.5898507197 27.7449441483
0 0 0 0 0 0 0 0 0 0 28.1832867761 28.0431791888 27.7348331022 28.079440301 27.8499360634 27.6844832593 27.8917141974 27.6585701906 27.8316790316 27.7413895113 28.1974077006 27.5988411742 28.1082179222 27.5702752502 27.9691014494 27.9835918059 27.9095005307 28.1533597463 20.8544879477 30.9792315631 28.1499536196 43.7564227311 28.1880439059 28.1956334968 28.0860643053 27.9443369695 27.9045500623 27.9279027033 64.6314828568 71.0688405287 71.0688405287 27.9670492281 27.9934814465 27.7265489363 27.5140990846 28.1834317832 27.754390857 28.1633457023 27.9232017872 27.8063302384 28.187207656 27.944609025 27.7632516044 27.9569063822 27.6740431846 27.7937016011
0 0 0 0 0 0 0 0 0 0 28.0442052427 27.623519037 28.0867710655 28.0768613882 27.6058643077 28.0659610713 28.1920072854 27.5272748788 28.1254077754 28.1710888666 27.7165422016 27.5836793031 27.9314699907 27.9854985417 27.8666981271 28.0398760352 27.9012304203 27.7753132719 11.7185957254 11.9631670157 11.3072381872 27.6036967012 27.7751224801 28.0220481447 27.6099469533 27.759796743 28.0755357302 27.7998356593 61.8275492245 61.8275492245 61.8275492245 28.0104762785 28.1700284212 27.9760939614 27.7015601797 27.9971954646 27.7281838426 28.1199928503 27.5103331501 27.9716219574 27.9907053033 27.9778304994 27.7467117407 27.9424011898 28.069923873 28.1934317336
0 0 0 0 0 0 0 0 27.691351401 27.985304493 28.0794575987 27.8397038622 27.887638372 27.8144889799 27.912333183 28.0490824127 27.8923280002 27.5662477046 27.5412662532 28.1976625377 28.0633700226 27.8742390822 27.9512945741 27.5450349005 27.6798210132 27.7935770435 27.8988543699 27.7424816721 28.0444880479 61.6067985008 43.7564227311 27.5425841339 27.9220423691 27.6803416955 28.1098967987 27.9617470363 60.2731623887 60.2731623887 61.8275492245 61.8275492245 45.6689980258 27.83298851 28.1282032799 27.8994042488 27.9098922296 28.0405357315 27.8180950228 27.8239808563 27.5859026289 28.1614286892 27.8978768221 27.7632908048 27.7671804323 28.1530544614 28.07766069 27.6027537376
0 0 0 0 0 28.0675295371 28.0521450364 27.5979139139 27.664183717 27.9426437409 27.9241904607 27.5134290119 27.8398462951 27.6109606294 27.7942335612 27.5889835695 27.5404337072 28.0723649491 28.0006870933 27.9701676531 27.7955319129 27.5570781906 27.9045901554 27.9925926529 27.8373059432 27.8779251835 27.6640931049 27.869063753 27.5437432143 27.7861270394 27.6408058603 27.9475749329 27.5736899064 28.142048345 27.8450745159 28.1216816086 43.3988850023 62.1877068549 60.2731623887 58.4924235602 27.5128891507 27.7407843477 27.5961334003 27.6527391333 28.1226007862 27.6883503799 27.5285818945 27.9660256879 27.5095211 27.8207302794 27.9778397471 27.8193799298 27.6998409223 27.9053574913 27.9455103653 27.7732184687
0 0 27.6423677043 27.9572661027 27.8546589457 27.7538244336 27.5382586708 27.8517859342 27.5300625199 27.8001333623 27.9238502852 27.7160737218 27.6090749593 27.8334488634 27.749671244 27.8409497192 27.5707111633 27.9727992028 28.1317316688 27.9988057034 27.7921699162 28.0069873374 27.6051968982 28.0809195117 27.7739919728 28.1291257443 27.6095901902 27.5678680425 28.0662740178 27.9438910759 28.1237284218 27.9100294289 27.6944936494 27.6494812195 27.9689496749 52.7197774486 62.1877068549 62.1877068549 51.9932542686 51.9932542686 27.782271035 28.0546201614 27.9647846235 28.1909742118 27.5848589781 27.7326387574 27.6907215559 27.924034021 27.8483220151 28.1237757721 28.1039715318 27.704881685 27.6404684868 27.8507138887 27.6337951449 27.9024828133
0 27.9121127595 27.5436317253 27.828886782 27.729330804 28.0706866998 27.836276135 28.0437123245 27.5591505459 27.6163746817 28.0274754439 28.1088072625 27.865191594 27.9605332802 27.7043441021 27.5901735947 28.1433026314 27.9881941612 27.9724985255 28.1691775727 27.7910352806 28.1992474441 28.0062832279 27.7591692943 28.0144504477 28.1509341676 27.6684430974 27.9942825073 27.9559761211 27.8587721529 57.049523614 50.493485234 27.7974993693 28.1150500428 27.8679439104 44.4565862925 44.4565862925 62.1877068549 62.7145725723 62.7145725723 44.2320353405 27.5524166674 27.7646403499 27.5644400282 27.9742153122 27.5946057756 27.9042493717 27.8947598063 27.7888343384 28.1024157969 27.5297005155 27.5380306436 27.7194904425 27.5999913057 27.9231111674 28.0211012541
27.6926384382 27.5358464827 27.7383035538 27.7252336803 27.9297615927 27.5148728396 27.645755759 28.202019504 27.7049814363 27.9905933133 27.6354731742 27.946543509 27.9938423991 27.8847884593 27.6541507721 27.6130336651 27.9575242644 27.998460637 27.8457297536 27.7737506744 27.9885967058 27.7819603029 27.8877019013 27.9373567579 27.5716222505 27.685390389 27.5287971921 27.6640584853 27.9096782036 57.049523614 57.049523614 64.8243455664 50.493485234 27.5312778053 50.80158784 44.4565862925 44.4565862925 62.7145725723 62.7145725723 62.7145725723 62.7145725723 27.5656479717 27.9544343512 27.9776239838 27.616924114 27.8458107862 27.5483072847 27.9110638927 27.5756799001 27.7335390959 27.5146627238 27.6718156573 28.1743799843 27.9001763885 27.6748464958 27.7643964963
28.0700403121 27.6894205552 28.042798831 27.593228396 27.5514166278 28.0004601046 28.0959466646 27.9640558359 27.6864923449 27.8365304741 27.6713435888 28.0554589087 27.687607175 27.616617273 27.9899393859 27.7570905754 27.7066561888 28.1106532006 27.7927867946 27.7666735872 27.9475246836 27.6735061135 27.8079243503 28.1409622156 27.6679859296 28.0152532738 27.7507078212 28.1939800394 27.5752679017 57.049523614 64.8243455664 64.8243455664 64.8243455664 44.9358060144 66.1283378624 58.4054888802 50.80158784 57.6900579136 44.6333845299 44.6333845299 44.6333845299 28.035426571 28.0052816539 27.8154696982 27.639848656 28.1564719275 27.5572227662 27.8232336686 27.6659470519 27.8128818458 27.5826645724 27.7526231978 28.1241899209 28.0598515659 28.08268259 27.5679075547
27.6968396936 27.7985201576 27.889978522 27.8664874891 27.9760659178 27.6361041483 27.7276240986 28.0043372959 27.8398773827 28.1394891147 28.0611789718 28.2019903558 28.0203164393 27.9152150767 28.0438396552 28.0752691366 27.7669208726 27.5193941287 27.9934662593 27.6527365149 28.0465153257 27.9951378503 27.7728802273 27.9940168603 27.7890883918 28.095762647 27.6413395326 27.6737589023 27.9447170856 27.9436952895 49.0195950436 64.8243455664 44.9358060144 58.4054888802 58.4054888802 58.4054888802 27.892276537 50.2675844232 44.6333845299 50.2675844232 54.9569124681 27.7637069311 27.9434608057 27.8655228463 27.86839694 27.8694184549 27.5923836309 27.907759139 27.60419333 27.9739559663 27.5526858809 27.5515084789 27.8290441803 28.1983298836 27.5129986346 28.1649103815
