Spatial_Output/BAU/BAU_1364.asc
NCOLS 155
NROWS 192
XLLCORNER 196307.867259
YLLCORNER 449144.565805
CELLSIZE 33.573938
NODATA_VALUE NaN
[rows 125 to 149 of 192, columns 56 to 111 of 155]
33.3858190021 33.9599757764 33.1412294075 33.5164481216 61.5004667542 61.5004667542 34.3679169121 33.9664642905 33.0922787169 34.0284278988 33.3501717525 33.140228382 34.1636668831 33.3257339716 34.162198763 34.2588460529 33.2354849192 33.2226690415 33.4523196096 34.2530962347 33.6634843895 34.1080912861 33.253369751 33.4955327728 87.3100161201 33.211488924 33.8543589381 33.8483952361 33.6044254788 33.2674472325 33.5330522646 33.2554030914 33.6126126775 34.3430968453 65.5992708669 65.5992708669 65.5992708669 45.2422093 33.7439096847 33.7628986428 47.6166769692 34.157763273 46.2915324801 51.5050244925 51.5050244925 88.5392651504 51.1421516575 77.7339992445 80.5910039884 68.2905596548 51.3802050681 65.0194869389 33.3605731878 34.1766935444 34.0076570357 34.3199665659
33.9725298763 60.0941161389 58.7571495074 58.7571495074 34.2156097179 72.2007591316 33.9646382677 33.8229977566 33.4913891583 33.925188484 33.317179263 33.6997148613 33.6706911842 33.393296543 33.2776700669 33.7699512908 33.6449842085 33.3951688153 33.2070060217 34.0183434686 33.6115322754 33.6844103324 47.9155693714 71.7229566465 52.2334549197 54.3683026234 44.5588672334 66.7625145278 33.2650947823 33.7835426543 34.0662228029 33.6655721862 33.9311538008 49.1016669622 33.9403873235 33.6690047063 33.5691073613 33.2854086036 58.4977427776 70.0396663953 47.6166769692 47.6166769692 51.5050244925 51.5050244925 51.5050244925 51.1421516575 33.242165729 78.5508738702 80.5910039884 34.3723960816 34.1394745571 33.6859361054 33.1513027889 33.6333661873 33.0516831132 33.9273935223
34.0222550363 33.2026206214 58.7571495074 58.7571495074 33.1822492224 67.9164413795 33.6500057789 67.9164413795 33.5670954863 34.1013676256 33.9934686221 33.7690344032 34.132607854 63.5655556941 33.3895331212 34.3624084183 33.7204689462 33.4793475665 33.0700854599 34.2949798428 33.7340203737 33.5030995819 47.9155693714 54.3683026234 52.2334549197 52.2334549197 44.5588672334 44.5588672334 33.927081924 33.1869098214 77.9587883493 34.3101780028 44.1585131534 33.1244807168 33.1364314565 50.829130297 33.9684376272 71.5770023812 34.3327923937 47.6166769692 47.6166769692 47.6166769692 46.2915324801 46.2915324801 51.5050244925 33.5483003839 33.0300051339 33.1114654951 33.4206020563 34.0935255065 33.5559309008 33.069590672 33.2691635325 33.9427821974 34.0493223262 33.8604681694
59.4086874536 34.4113042449 33.5768141448 34.0985164005 33.0555907457 67.9164413795 67.9164413795 34.3221549595 73.2269971367 33.5408680639 54.0977663803 58.9915471836 49.8825730587 49.8825730587 64.0411502196 64.0411502196 33.0806027547 33.7704875886 33.5723108304 33.3239275459 71.8463715903 47.9155693714 47.9155693714 33.2008929318 52.2334549197 71.2660038379 44.5588672334 44.5588672334 68.7066509477 34.2427281885 77.9587883493 77.9587883493 44.1585131534 49.1016669622 50.829130297 50.829130297 67.7543474294 33.2413392736 33.4637980532 58.4977427776 34.1036829209 47.6166769692 33.4582050095 33.3249021922 33.949958294 33.0552347031 34.0287625974 33.031473701 33.6987288413 34.3887487329 34.0786026686 34.4028232324 33.666187143 34.2309848566 34.2125853074 33.1432160211
33.7542345305 34.1448427243 33.0849083975 34.3375699909 34.3330516077 33.9571692133 33.6386131084 73.2269971367 73.2269971367 46.1709989462 65.5782143245 49.8825730587 49.8825730587 49.8825730587 64.0411502196 64.0411502196 33.2533336387 33.1530777018 33.8068683965 33.9993348207 34.0435496031 33.3485539571 34.2244753625 33.2091669962 33.5489908036 64.8084082356 64.8084082356 33.6915392049 33.2453491087 68.7066509477 77.9587883493 33.8993259866 44.1585131534 33.7321806694 33.6294564098 50.829130297 90.146061511 33.2080142789 33.2977958482 33.928080485 33.2599556602 33.4723922702 34.0831130821 34.0576718264 34.3727074051 34.2056195532 33.0850627624 33.2851399563 33.5524703177 33.542358878 34.3245402162 33.6599539886 34.0055024469 34.2683577821 33.4950877561 34.3268672446
34.1868546565 33.8413604225 33.9235914639 33.1735064522 34.1067806277 33.2504213837 76.9969829466 73.2269971367 73.2269971367 33.2124370071 54.0977663803 65.5782143245 58.9915471836 51.4721936088 33.0387018698 33.2892581191 33.336045189 33.6000531322 33.4285490571 33.5662126142 33.6921289786 34.3483802693 34.0286744571 33.4531013474 34.2999274106 33.1860453083 65.5277489038 65.5277489038 33.2743853038 34.3263969191 34.0405268203 34.0822016962 33.5367291622 33.3491684137 34.2303632264 34.3577519249 33.7421329059 33.5134600083 33.8965876004 33.0457748394 33.4087074983 33.5177552227 33.1672067219 34.2357118434 33.2262742191 33.0718392044 34.2041535399 33.1302454366 33.0258517074 33.4000428267 33.5277079257 33.9465791113 33.7152556314 33.6315347363 34.0466298581 34.1154923777
33.9179675155 33.3707690629 33.506934483 56.9503352233 88.1011993 33.8952449143 54.692147078 47.1876873259 33.7199435059 33.3306316405 33.6133576102 33.8853406235 33.3064384534 33.4664629423 33.5143331032 33.0260097083 34.3316142888 33.351998466 33.6931758892 33.6722048957 33.7095224497 34.1829809266 34.3810244638 33.0671422487 34.3353969907 34.128805358 65.5277489038 65.5277489038 61.3126457612 34.4069242366 44.5225875761 34.3540718233 33.4007331221 34.1720245459 33.6978349687 33.5954060049 34.1255340615 33.696233482 33.4059715789 33.894241524 34.0198972242 33.6711241331 33.9524091243 33.2925975268 33.2979048236 34.0424393394 33.8356784499 34.0690250062 33.5444965037 33.218044688 34.0005663795 33.4784588866 33.8197293774 33.6880845652 33.6132055083 34.2761615825
33.6468096425 47.5779264525 47.5779264525 56.9503352233 88.1011993 33.8291591205 47.1876873259 51.3638040851 51.3638040851 33.6849361602 33.3748899886 34.219453131 33.3053954835 33.8905349969 33.833856738 33.9512884957 34.3248653704 34.0078633628 33.6898306566 34.1135749412 34.2422131689 33.2045179419 33.4731904577 33.3447715498 33.450060099 33.7816860996 65.5277489038 61.3126457612 61.3126457612 69.9710827643 69.9710827643 33.7699919195 56.3661762897 33.3423502039 34.0927368627 34.3037197372 33.2454869819 33.3527455389 33.3035534143 34.2561432118 33.9609102149 33.2374997759 34.12402363 34.2752170042 33.2771587242 33.2491752215 33.7646960354 33.3375701001 33.0279208593 33.9717212451 33.2627534315 33.2638132828 33.9279516021 34.4011729052 34.1304146125 33.3989314295
70.9163007226 47.5779264525 47.5779264525 56.9503352233 88.1011993 33.1311920999 51.3638040851 51.3638040851 51.3638040851 52.8318571966 33.4537509712 33.6552063622 33.0107439765 33.5926861495 33.4767753847 33.4523010169 33.2908682869 34.348914112 33.9388301873 33.8738277077 33.525794982 33.9384312481 33.4998916787 34.1462455968 33.8393602351 33.4062746138 34.214564364 62.4618968868 33.9510254433 69.9710827643 69.9710827643 53.8715820905 53.8715820905 33.9277940044 33.3271658377 33.7623486087 34.1087271758 33.7274902547 34.079738865 34.10014993 33.1633483368 33.0225416183 33.3583583683 34.0864594034 33.6570008991 34.0855293907 33.5925250427 33.2131149143 33.1272844241 33.8451285165 34.4079428464 34.0422918827 33.0601440097 34.2463601223 33.0697156148 34.1900294893
70.9163007226 33.3840088461 47.5779264525 33.9357679807 33.2247241551 33.3094106532 33.0912505527 79.3157322819 79.3157322819 79.3157322819 33.8047014931 33.3283701875 34.067251973 33.9773050004 33.0945567264 34.3686191241 33.0319216971 33.5076033939 33.8459787665 34.1758668376 34.1495327223 33.8730517429 33.7303195474 33.4876341851 33.6277191906 33.5669260974 34.0155426049 34.3122314817 33.4557181395 33.6254877943 33.4632916297 53.8715820905 53.8715820905 33.9565892867 34.0777658708 34.0773711419 33.0042398697 33.0502271764 34.1821962908 33.7012606681 34.3179258843 33.5591515741 33.8649901123 34.3546973071 33.063284923 33.1468279519 33.9896182372 33.2385330601 34.1617953444 33.0505081341 33.4789568373 33.2288401667 34.3836468085 33.572347848 33.9425533047 33.242703795
62.4533717285 33.2376210026 34.1650777049 33.2330505339 34.1273289977 33.4196645166 33.4670929709 79.3157322819 79.3157322819 34.1581053924 70.8868410154 33.0529816679 33.2511732745 34.2568489454 33.2307857238 33.8769242571 33.0251935939 34.1751081248 34.035784135 33.4366782805 33.3339922744 33.7441432502 34.3328476287 33.3146909789 33.2301657884 33.1419789656 34.2765737979 33.1810465601 34.3369599412 33.7332174805 33.0222418565 53.8715820905 34.3246852165 34.1996903827 33.7542164567 33.2678408516 33.9547490842 34.3998205059 33.2526158298 34.2341872785 33.6546063963 33.1341409001 33.57198732 33.2757342681 33.1568315497 33.43635553 34.2878377492 33.9591810058 33.5141471462 33.1516364891 33.5650161791 34.3959425858 34.3125657064 33.9829010273 33.513772383 34.2566269796
33.4573533412 33.3589323146 34.0649931752 33.611115311 33.1037876953 33.8402026322 34.2605623884 34.3796799171 33.1197653566 33.914910593 33.3739566327 33.4329841263 33.1156042488 33.5467700026 33.3897851435 33.0412112424 33.9715142413 34.0001946019 34.1240112113 33.2567389081 33.8305431031 33.2521959009 34.336279058 34.3846068631 33.107048493 33.1614051155 33.522065965 33.5144693719 33.7309597227 34.2762800223 33.0554445438 34.3496088261 60.8210865321 60.8210865321 33.6129805063 33.7535858259 33.3132767035 34.2107769104 33.3240498469 33.9670397919 34.1981953584 33.4155006891 33.9697503571 33.9850501869 33.645700533 33.1199450187 33.0276549486 33.599514627 33.8520786626 33.6403558471 33.8331752929 33.3175426582 33.6706349717 34.0584867251 33.50356408 34.1076832162
34.0904487178 34.3173649862 33.7015035473 34.287703409 33.8779723654 33.7389732082 33.9393756483 33.4315835062 34.1227528798 33.8153307031 33.1332702227 34.2677645517 34.0404777577 34.0461561458 33.2551863402 33.5886755338 33.7036570757 34.1503738996 33.7703723809 33.3091055736 34.0876513302 33.4948001105 33.6582850996 33.3544820483 34.0884578605 33.2330324249 33.3612431392 33.933025628 33.2453403586 33.650698821 33.6991945021 34.2783293503 60.8210865321 75.1025462912 48.1219703374 34.0777841661 33.1398467343 33.2052760406 33.4890799611 33.7376676593 33.4201857915 33.6170397527 33.7602444166 33.596199027 33.7573696491 33.1665209274 33.634032068 33.1104269542 33.6798685584 33.8992027881 33.7188226315 33.6954120326 34.3232206208 33.2405336837 33.3705435375 34.1726845531
33.190452714 33.3765446951 34.2494691333 34.182213332 33.0056121213 34.3317232761 33.6655484989 34.3582289435 33.759530228 34.1729618925 33.9922541568 34.2351420536 34.1139582265 33.232510435 33.3242693879 33.896485299 33.8200171844 33.706053643 33.9999058873 33.6720988092 33.9162883144 33.7210604673 33.1578942486 33.707362071 33.2069707623 33.6246467372 33.3421330332 33.7499318865 33.0601310725 33.1812014728 33.0768826697 33.735151476 34.3641535315 75.1025462912 75.1025462912 33.5958894108 33.4033995553 33.18236479 33.7546596066 33.463330602 33.7299277945 33.5888695226 33.9565545573 34.2366108188 33.1616567479 33.6308229564 33.2829449642 33.4538493922 33.9071675658 34.0651815887 33.2803090752 34.079816208 33.4248138156 34.0469191314 33.926916901 33.1152173964
33.7577187617 34.2702383584 34.3137424094 34.1077030284 33.0343098964 34.1228619285 34.0261638209 33.5456055686 33.0689333837 33.3944668892 33.093599759 33.8031888608 33.6415131121 33.1692507847 34.1520854127 33.5521170812 33.8367850579 33.6189699778 33.975709091 34.0462902572 33.2240200856 33.5829314392 34.3792824311 33.1906236309 33.3594267749 33.825516552 33.1974661406 34.0891647232 33.9064826524 33.3979773329 34.0599195352 34.1654098752 75.1025462912 75.1025462912 75.1025462912 34.2260062505 33.8031281466 33.1482783743 34.2575728348 33.5464844035 33.4164823178 34.2074044626 33.3530396096 33.908513548 33.4347383441 33.849251253 33.2897756463 34.015726077 33.0218862724 33.4316155674 33.1386692979 33.2640734984 33.0361752619 33.8074727366 33.5242724165 33.8783984465
34.122398457 33.9338057704 33.6427051462 34.0157704357 34.3181877313 33.1847911408 33.2332988731 33.3938167588 33.2397427597 67.8837867223 33.8234858575 33.0682697018 34.2320079363 34.1147826924 33.6372202866 33.374980145 34.2932545852 33.7391503046 33.9916467991 33.4696220693 33.9615209239 33.7238184815 33.2496257523 33.8057291658 33.0845766388 33.7382994316 33.6493997038 33.5405984072 33.7949287298 33.954463118 33.5639054145 33.8428180802 62.882849871 63.588396019 63.588396019 33.7301055181 34.0791077593 33.0014714441 33.1037177493 33.1512851255 33.6997933816 33.6489925549 33.9286628933 34.1223951991 33.4411591117 33.1029788989 33.5325481135 34.0855419493 33.6633987556 34.1650612683 34.3003172524 33.5472444115 33.4013903404 34.1772771647 34.3834233891 33.6887270698
33.7126188463 33.3712485275 33.7576340786 33.0256412833 33.106371767 33.2977365642 33.7284923432 33.9959652877 33.1390518041 90.6385245785 90.6385245785 33.5447053167 34.34505261 33.359905365 34.0853314195 33.6310665375 34.2606981531 33.8752800112 33.617036032 33.6742424116 33.2928493584 34.3292338698 33.3738608508 33.4439375287 33.6499588608 34.3693193335 34.3764762513 33.1924061859 33.1236480687 34.3758479228 33.5694711465 33.9824469697 63.588396019 63.588396019 61.5701952456 33.2969011528 34.2507593287 34.2571140208 33.1442047162 33.3258287015 34.0349155048 33.9317026717 33.9448136925 33.6703550206 33.0231341405 33.7705387507 33.7742415002 33.2322709901 34.2919751541 33.2955263857 33.118873396 33.7918718862 33.5096010491 33.7559441141 33.8245313523 33.7858078922
33.9898652212 34.2857135874 33.6026845595 33.6333611252 34.0091143009 34.3323311253 33.765351272 34.0354856714 90.6385245785 90.6385245785 90.6385245785 33.7405791212 34.2734199765 33.1636984488 33.0626933955 34.0664971251 33.6062135775 33.9580021197 34.127156318 34.178350725 33.3538977329 33.0602052775 34.0356631238 33.3334629311 33.3944603281 33.3176429447 33.4449839948 33.3946382427 33.7992492801 33.9926141773 34.0766784348 33.6450713478 34.2543167675 61.5701952456 61.5701952456 61.5701952456 33.5648378842 34.3669804806 34.2192292388 33.8888891318 33.859244317 33.8046844197 33.7002867611 34.098395218 33.3654058298 33.5940823795 33.9156493019 33.8383484959 33.6389487104 34.0558327894 33.815444047 33.978426469 33.8588946799 33.4815945361 34.1400336477 33.6461217163
33.3491506221 33.3281705342 33.3763207418 33.951215249 33.5803001389 34.3476446976 34.3172586321 33.119597268 33.3167514533 58.2669619285 58.2669619285 34.3929190562 33.4166469962 33.7147220177 33.4497874122 33.3972468008 34.3224444334 34.1237201191 34.042011291 33.7082549376 34.1422482075 33.8341223385 34.1948570721 34.3798601711 33.0771535223 33.3497161925 33.8664717992 33.4844778375 34.0350454439 33.168141112 33.8630617124 33.7406292978 34.3457728669 61.5701952456 61.5701952456 33.3158956159 33.8207512837 33.692382068 33.4416940743 34.2984202621 33.6679125716 34.1379534536 33.3367709566 33.8474630093 33.5192217253 33.7677263103 33.0290654487 34.063450259 33.4640322526 33.366689145 33.3637050928 33.9103960329 33.8507571475 33.9311531127 34.1039057226 33.5111083949
33.3750163727 33.4846627605 33.5244268016 33.2524878358 33.1371415089 33.6619306944 33.5941282478 34.1583278951 58.2669619285 58.2669619285 58.2669619285 34.0153273592 34.1087190798 34.2963281308 33.3581518343 33.4572181025 33.5810270894 33.5284237816 33.1502957418 34.3896889778 34.138134409 33.7856706521 33.0103455254 33.3515092595 33.1110414676 33.0094042756 34.2396985183 33.7811529053 33.5680981638 33.197717427 33.0571927828 34.3170981496 33.3123730998 33.9161647018 33.7208499545 52.5206295842 67.3883342225 33.4878254606 33.2148295578 33.5503559087 34.4053727337 33.9390750952 34.008560953 33.067539978 34.1504772462 33.1567899174 34.4096691888 34.1457712909 33.6010314679 33.2266633738 33.2476452742 33.9223249694 34.3398100442 34.0202277754 33.5865316606 34.3064999322
34.1513535047 33.605013332 34.3487754719 33.209944501 33.5117578023 33.2254486701 33.0756418195 33.3802874536 54.3091375577 54.3091375577 54.3091375577 34.1046808546 34.1897575842 34.2475369961 33.7103004695 33.0742833414 34.2614259046 33.7852135002 34.1757496237 34.1591970147 33.1791400867 33.4868240233 34.3578400456 33.4540834202 33.192791847 34.242622268 34.3079641351 33.8119963167 33.3047682032 33.0181916488 34.0844823846 33.7739636617 33.0284145971 33.5359276043 67.3883342225 67.3883342225 67.3883342225 33.7886944658 34.1762992695 33.1230855219 33.43617299 33.8026225539 33.1461723859 34.4004319601 33.9676467028 33.7393807924 33.5946590761 33.7110387612 33.0294077705 33.6384468349 33.3842347072 33.0821069421 33.9643163791 33.7536985712 34.2053341682 33.7817024791
33.7997173186 33.1100872346 33.8098807034 34.1563570514 34.2092202507 34.1757995154 33.6147459215 33.6522743697 34.1437438733 54.3091375577 54.3091375577 33.8396855756 33.9552310768 33.1852812256 33.3156391534 33.2610798472 34.0188692331 33.7152262208 33.1344170636 34.1582139079 34.0195800012 33.3024891197 34.3566466571 34.3374466573 34.0705201018 33.6698038686 33.5792416253 33.9672014194 33.1610424235 33.8592600789 33.1493347262 34.3918203375 34.3560842605 33.8805738004 33.8498719655 53.9388893391 53.9388893391 47.1720795265 33.5997397443 34.0450155083 34.1595250576 34.0260479994 33.1025342848 33.3643859122 33.9761858667 33.478126598 34.0081978592 34.0027651608 33.410445896 33.9690131177 34.1724881062 33.2599956856 34.1063475548 33.3038398762 33.7057564195 33.989148795
33.3693740101 33.1283706654 33.163114794 33.4377122631 34.2363944691 34.392311187 33.6827417581 33.2757748314 33.3891281485 46.823771767 46.823771767 33.1350849051 33.058280648 33.5720045137 33.077337618 33.5059810311 34.1345123043 33.2540446929 34.0757421571 34.1385539797 33.8169805689 33.291551968 33.3351356978 34.3355997227 34.3540241595 33.1020927179 34.0955439021 33.2605196495 33.3543280658 33.7763362427 34.3741297373 34.38863912 33.5087042718 33.646114812 33.5815464153 53.9388893391 53.9388893391 33.8310045173 33.5089816443 33.2302471325 34.2332280756 33.5148776158 33.1550887184 33.4873647634 33.3647722947 33.4840907194 33.1316095419 33.7285557891 33.4966362905 33.5257965397 33.6307850961 33.8079960388 33.7773679816 33.2132927798 33.2708227481 33.4030110001
33.9119672526 34.2260068887 34.3534250838 33.995160699 34.0400679292 34.3943384435 33.8869189794 33.0441818753 46.823771767 46.823771767 46.823771767 34.2286234516 33.7664580428 33.8845745767 34.3872468425 33.7855239521 33.3515226121 33.2197092103 33.9234778468 34.3679766253 33.3862910067 33.2721981976 34.1162870329 33.619277468 33.9358058605 34.1540413175 33.0583761605 33.082070314 34.0182949371 33.8162290964 34.2001424724 33.262016915 33.1971362429 34.2118853043 33.4426196054 33.2217823577 56.6940308768 56.6940308768 33.8243447591 33.9272768526 33.1830088606 33.6558260433 34.024532345 34.1293961269 33.5757603435 33.3469812117 33.8724673568 33.6542720403 34.2921609541 34.3082364167 34.1171020529 34.2689857154 34.2335760956 33.9418647631 33.4013216732 34.3305811529
33.1416935601 33.0890954943 33.585397863 34.3255914403 34.1234943499 34.1798821707 34.3235178189 34.0469255659 54.0697742809 54.0697742809 54.0697742809 33.4652657409 33.3416912674 33.9569561167 34.2882698679 34.0402275826 33.3263246963 33.8274175167 33.6482322032 33.023403154 34.1399109361 33.060226194 33.0888979268 34.3215487671 34.071633364 34.0350690433 33.5303275993 33.1845796821 33.0617443808 33.7228695767 33.1068967645 33.4738232421 34.3701613024 34.3103122618 34.3531602817 33.4996892211 56.5049554774 56.5049554774 56.5049554774 34.3732448457 33.3429487856 33.2706686692 33.1389280041 34.2421104581 33.1623162592 34.2123529433 33.8717793369 33.6888950029 33.0974773999 34.2479649498 33.0740030625 33.1288721281 33.4868504669 33.3616792176 33.7083734628 33.7150551993
