Spatial_Output/BAU/BAU_0722.asc
NCOLS 155
NROWS 192
XLLCORNER 196769.923733
YLLCORNER 449719.875193
CELLSIZE 27.603701
NODATA_VALUE NaN
[rows 115 to 137 of 192, columns 53 to 105 of 155]
65.9371130032 40.9916002346 40.9916002346 57.4062537645 57.4062537645 24.0546418386 23.6636845107 26.2568204973 26.7107299692 58.4892732743 25.7056379752 25.8626102739 23.6050530028 24.276943984 25.2302557075 24.5103211017 26.5316864538 67.2273778012 64.5668757153 64.5668757153 56.990813706 56.990813706 57.277182237 57.277182237 53.3948250631 53.3948250631 59.5560857603 25.3532207054 78.5745122089 24.4603213838 23.4470990102 24.3905523842 25.6621050871 26.4228205897 24.4041180758 58.1366027994 60.958438438 54.0029661706 25.0931221099 26.1045985032 25.6720765877 24.4900257422 23.013762175 26.1218886512 23.988815622 23.9368214597 25.1023774076 26.8919440102 24.2424027873 26.4394785694 24.5775044606 27.0464672097 26.791983961
51.1816418868 40.9916002346 40.9916002346 25.4462038533 57.4062537645 24.0087780804 26.9401441557 24.9344234639 24.4464494853 27.0006978846 23.3645913949 24.2324859885 26.1195783944 24.7928867404 25.9390100226 26.1941215 23.4461640796 26.7672725828 64.5668757153 25.0801265014 25.1601276304 25.628448888 24.801592166 26.553761067 23.9093887893 54.4057649423 25.7673099892 23.1906285008 23.2683228749 24.3860112409 24.6905852194 25.0318544684 24.5952960446 27.164826252 24.5670763293 26.7403092286 24.7201568039 26.0397844444 23.8797791031 23.2238477683 26.1674687249 26.7374401925 26.5555844482 23.6990186787 26.2482748199 26.680016191 24.1898974797 23.2556815723 26.5387768869 27.2252290117 23.2326216964 25.8593813858 23.2371087871
24.6808106599 23.9201319257 24.382824067 24.9807568932 24.6003272469 24.3690058354 25.9324528582 24.6546167299 27.19849014 26.5830217214 24.8081472293 23.3485039282 26.6655457519 25.4993377204 23.6600660768 26.7926484839 25.1120038322 26.0292028843 24.257938959 24.920950567 25.8115780803 25.7704464641 75.5110413636 75.5110413636 23.4070724376 26.7197454954 25.6264491239 26.9414466824 24.9398609015 23.6946113523 25.4051646589 25.1314739386 24.9973700928 24.6106793816 26.6190443097 23.4651727073 26.877026353 27.2036133272 26.9274985255 25.0211883168 23.9641653718 24.6082510705 26.5820715992 23.7377776125 27.1809559841 26.38217499 26.5499399236 23.9582230822 23.2495746946 23.0217793989 26.3637860689 23.6614114575 23.6505755398
25.2802569851 23.6687488544 23.5768348515 25.6392372298 26.5831874075 27.2009006921 26.9421127529 23.5263249071 24.5812220225 23.7284521726 23.1249056147 26.2541288695 26.4288224771 23.8149233595 25.0880727273 24.9751091551 24.0502412181 23.6038809407 26.4604623057 23.4418963982 27.1092674601 25.5022900369 23.6105060823 25.1447437598 24.918450371 23.1593398436 23.2477754143 23.5320905706 24.5603697758 23.9952139953 25.4861068603 23.4717454313 23.5488866786 23.0755337869 25.9083403284 24.1677943867 23.6323834438 26.5930944364 23.6432429113 24.606146642 24.7584474087 23.0067367932 27.1702653749 23.1470211709 27.2229750329 24.3121965635 23.9766902057 23.5399409672 23.0893352649 26.6780292525 24.5533275649 23.8217096235 26.4085386309
24.6546246664 24.1500552334 26.0035705205 23.4539802914 23.2230574292 23.307302707 42.3121011476 42.3121011476 23.3317364943 27.2074728603 26.0321814601 25.786693419 24.2664493221 23.3033204083 27.1362592706 26.2530135223 23.8393936547 24.6022001324 23.6998154837 27.1805717869 23.907226406 25.3708329678 27.0955858805 47.8562819004 47.8562819004 24.013816347 24.6778875022 23.5465992176 24.0220233921 26.2829380306 26.603191259 23.8984535429 57.6006124485 25.8749075685 24.3838482072 51.9312752291 24.8614805774 25.8114088397 24.0806751035 24.0074641535 65.7924943845 65.7924943845 65.7924943845 24.077669284 23.9167624391 24.3745717213 25.1577617443 23.2390115376 25.9498750182 23.4667392076 25.0646232432 24.1534279365 27.0426067887
27.2367605738 24.634733701 24.5317567926 24.2751309162 26.7913523728 23.98950976 49.5528092077 26.3514490137 23.0358683 24.9818452434 23.8168741129 27.1858577117 24.4453805114 26.1241135481 26.0761233648 26.5953371807 24.946570566 26.1302287671 26.8174922628 24.4263699742 25.2428621583 24.0462028688 24.5953516797 24.7426591669 23.4378594296 24.9554389985 25.5192705985 50.2799692038 50.2799692038 23.6186663567 26.9743399251 57.6006124485 57.6006124485 57.6006124485 26.0616406906 51.9312752291 51.9312752291 46.2770394632 46.2770394632 25.0958285411 45.0043696419 45.0043696419 45.0043696419 24.3933544623 23.6757281596 26.1916040995 26.4033039555 24.5868089481 23.8177300854 25.0064641052 23.0947351858 26.3854388232 25.4891808573
23.4190666864 26.7898285752 24.0999352643 23.641110061 23.4705875459 24.5906322928 43.8350635807 43.8350635807 26.4703749616 25.5416017441 23.8238037414 26.0324965796 26.9285086672 26.1446400448 23.7460514149 23.3665731556 25.7518850612 24.0693445214 26.399711654 25.0762974668 26.9208497803 24.9740176303 24.4195147604 44.7933061182 49.2115662274 48.1653340436 25.7657973768 50.2799692038 50.2799692038 24.7003903916 27.1590247836 24.5106997134 57.6006124485 62.1808108322 26.0766467659 23.6890840651 23.2534448874 46.2770394632 46.2770394632 79.2483209023 45.0043696419 45.0043696419 24.8658157079 42.7155969813 40.317165506 40.317165506 38.9109328792 25.8431454666 24.472217049 76.4018180236 51.3908885113 57.8624039061 57.8624039061
26.0990724194 23.673869326 79.8672386774 79.8672386774 27.0056770817 25.8039856748 43.8350635807 43.8350635807 43.8350635807 27.1220871491 26.1282922554 25.9803377278 25.6825794392 25.3613906901 26.0682477135 23.1094076569 25.8505871369 26.6917988944 25.7530106809 24.802032661 25.6288920804 23.1814865167 26.7970097474 44.7933061182 44.7933061182 48.1653340436 26.8016759388 23.714681204 23.2038253128 25.1614902805 26.027647151 26.3681774194 26.0788594126 23.2692275918 26.9948766035 25.46214479 24.5928363024 46.2770394632 25.4908251791 49.8168197222 49.8168197222 59.8490201275 42.7155969813 42.7155969813 40.317165506 40.317165506 38.9109328792 24.5723993575 23.560472788 51.3908885113 51.3908885113 51.3908885113 46.3169707649
24.1735915862 79.8672386774 79.8672386774 79.8672386774 26.1609544433 25.3101574218 26.7466908581 23.7555274201 24.6210052667 26.0846082821 27.2033771353 26.4666270808 25.8653099948 23.8161706757 23.7989767824 23.88139651 26.2400460071 25.651700751 23.4804618026 25.9696289309 25.3163135413 25.3893989704 26.5261361094 44.7933061182 49.2115662274 54.0656913719 54.8096913567 26.9687419564 24.8100675898 26.8877955547 23.3598389145 27.0710887011 24.0785174244 25.4720076384 23.8277080673 23.9691840261 24.2188154082 24.8080588454 24.4459349659 26.1045430427 59.8490201275 57.7027296474 59.8490201275 25.8119015849 40.317165506 25.9325646753 24.5876077829 24.7801689301 23.8150759 76.4018180236 51.3908885113 62.5876111795 57.8624039061
66.8658301114 25.8188475773 49.4880182846 79.8672386774 23.4081221776 23.8277811619 25.2568026823 25.9987746623 25.5676124697 27.2295331569 24.9564446911 26.1002729714 24.6581639316 26.7882695751 25.5944487752 23.5211063901 26.2854825494 25.2474296382 24.9821478034 26.6656989027 24.8257455277 24.1882609324 25.4109354715 25.5705328996 54.8096913567 54.8096913567 47.1542940483 26.902666654 26.9206807551 26.2399034499 26.1349520739 23.875643671 25.7451203864 26.9083761481 23.5347301577 23.5218613707 23.6802026836 24.6624276898 26.0101726411 24.0870733915 57.7027296474 57.7027296474 57.7027296474 26.0541880605 27.0096085014 25.6709499126 26.6263042634 25.6796818875 27.0812376158 24.3820335086 26.4586763345 26.7176863029 25.3531459298
58.966586448 24.7099702537 25.8653638 23.5963023072 23.5389960781 53.7557637557 53.7557637557 27.0336876864 25.6258132923 25.5058133098 23.5644799525 23.2696084342 26.5981198266 26.8053140152 26.9209013131 23.8251177266 23.2776792757 26.1499102289 25.138597574 26.9321149925 24.2238081067 24.1045262023 24.8671982696 23.2697071192 23.8586686743 47.1542940483 23.7342196309 55.3354012669 55.3354012669 25.8820997424 25.1266003653 24.6744861044 25.0708315658 26.1909575318 24.6944528488 25.6310956222 25.0229113046 24.4804322234 24.178377955 24.9635532061 27.1905830576 23.4468969527 25.5320554333 25.2883320229 26.0774356913 23.1419211388 23.8061774106 24.9434614502 23.3554207596 23.6559295945 24.2003054301 25.8155623274 26.5573272975
44.128490655 44.128490655 26.0008157215 23.565664339 24.7213093874 53.7557637557 53.7557637557 53.7557637557 25.0753530453 27.1440791544 25.0662816282 25.8825340725 24.5913045294 26.6478316506 24.5195395067 23.8016183176 25.8629847827 24.2435153868 24.5424455371 25.9798056516 25.4627878646 23.9339552073 27.1930021037 27.0924437631 26.3083762228 24.9652624982 55.3354012669 55.3354012669 26.0758259276 23.3945546242 26.7842812343 24.1449260525 24.7805993888 24.6546084293 23.657228046 26.3177885726 24.0958182497 26.8286809321 26.124305837 23.1151896593 25.9023559725 24.8688664451 26.7866652029 23.6362310365 25.2354727046 24.7528261492 25.1678824308 24.4426997082 24.6539520354 26.6028347971 24.4295453409 24.7368142339 25.4333293889
44.128490655 44.128490655 63.054351521 26.6119183409 25.7621402842 26.9814354597 25.1062886776 23.5349253012 25.8900307401 26.7976287338 24.7804561548 23.4342721537 25.3970311393 25.2681849508 25.3563731997 23.9510720014 25.3197183554 24.455237328 23.3008240716 26.0345216283 26.5492677035 25.1275012131 27.2341810563 24.1461267341 24.5950836443 27.060663146 24.0806676928 55.3354012669 23.5116702225 24.596909499 23.916276182 24.5565288142 24.9798154375 23.2688359452 27.1456113251 23.9323109893 23.8024606597 24.1957220144 24.2849640172 24.1608483145 24.3046180109 23.5371738825 23.1753365401 23.0491933209 24.6722147851 26.1345949341 23.9299930201 25.8887992174 24.2453831648 26.9110312962 25.3905441271 25.3890877388 26.7083330354
59.2554051907 59.2554051907 26.3942029071 27.2028750377 52.3195300342 52.3195300342 24.1424602404 24.6220934049 26.4717073932 26.1334635949 25.9574327018 27.1417348641 26.0830322842 25.5725275676 23.2087775131 27.2373936108 24.3287936851 26.3220193492 25.8213014056 23.874553408 24.8776701028 24.682299343 23.3606614922 24.8505514629 25.4092054002 23.0809527695 23.8281499437 25.5511310572 23.3200911382 67.936312064 25.6648541111 24.4677999878 26.877905288 26.4156967458 26.2182415696 24.9924213565 24.9811456752 23.5047027445 23.6421881981 25.2525544648 25.6276515426 23.8791386228 23.6310599271 23.416958601 25.6738310403 26.3880721013 23.9447191458 26.9704996424 26.1393169023 26.5181533981 26.7156182278 24.0620909439 24.9453821158
23.857309504 24.8238131751 23.345817616 48.6777074261 48.6777074261 52.3195300342 52.3195300342 27.1712710472 25.6618993144 23.6494465913 23.253394369 24.588737018 27.0308255087 23.8427713204 25.3747731867 24.3850266782 25.1203521049 25.3692092012 25.3681656998 23.6080891489 24.9535259026 25.8475430131 25.6283487117 27.198937935 24.5696623207 26.6881348152 24.9142786488 24.2987147228 24.9319805583 23.4664926684 25.0857332181 23.8579151029 24.1613812299 23.9248035522 26.2072505002 24.434834338 25.513692485 27.1192072783 25.8775461272 24.2478472713 80.6877379696 25.4111791751 26.5684360978 80.6877379696 25.376464428 26.1465994951 24.3275770083 25.0306307176 24.1130727218 23.548033052 26.7407967168 27.1032084718 25.2211722606
24.4597293801 63.6842321121 48.6777074261 48.6777074261 48.6777074261 26.8157064518 25.9274920647 26.4646082363 23.5138209354 26.666632442 24.3141562743 25.0169078311 25.3499315481 24.4118489453 25.6103823841 27.0890898708 23.5002272374 24.3732785855 23.5121948713 24.3839366872 24.6564970003 24.2382425535 27.1296213691 23.7656397179 24.1798463873 25.0169809574 23.7618153974 26.4576061221 23.975466774 26.153312903 25.4617182962 24.6756989179 26.7509596065 23.814134471 23.6401444689 26.7528558559 24.8873915343 26.9381128204 25.0442723725 26.5134216526 26.3079905156 26.5422680678 25.8962295431 24.2793045778 25.7151350515 24.1743302206 26.1614509347 25.5366638451 26.0769781225 24.5573121857 25.1803912447 25.5156177198 26.6829962234
25.4697903459 24.3926407979 23.8528757187 48.6777074261 41.6463562008 23.6119505631 24.1811178209 25.2166566105 24.2634457102 24.3958480903 25.5966373762 25.4801885708 25.2339743091 26.5199968866 25.9202964532 26.499657213 26.7393568434 25.6427540008 25.19080281 24.6079744773 24.8423792675 25.1835448594 26.5669582092 27.0316259018 23.1975486004 25.3710254478 25.8783753173 26.1313208009 25.7457269688 26.0034347583 23.4048621077 23.5356606139 25.6012574089 26.1816980923 24.1169271111 24.0902550805 23.6478972957 26.637402732 24.540338782 27.1997743153 25.6950671839 64.5901529677 64.5901529677 64.5901529677 24.9371087419 27.0751832061 24.6396539322 26.1602511351 25.1660032102 24.4681324658 23.9590586347 47.6958568017 25.1407609912
84.5732899025 23.5449760043 44.4111405219 49.7283658244 47.3232887756 47.3232887756 26.1714183086 23.8677507015 23.0045090208 23.9185768717 25.2595133266 23.5789667572 24.8739424796 25.5866731827 25.581618494 23.7391184142 26.891822509 23.7919150965 24.1780609202 27.0929151974 25.8967707066 24.9953034506 26.0973222959 25.9192911416 27.037845147 27.1603127573 25.0304744767 26.7639495399 51.8557701859 23.6434504585 26.6916768811 26.4179561132 23.5012625332 24.0934649873 23.371145735 25.4907321124 26.1129169321 26.8130556334 26.8822761043 24.276280022 27.2008211545 27.1993796144 64.5901529677 25.1209736074 25.4310309222 24.3050836906 24.7645328345 50.8601570937 26.8321499526 77.5297352879 25.3438077699 24.566097419 52.0098595701
84.5732899025 37.4919291008 44.4111405219 47.3232887756 73.9176879131 73.9176879131 25.2084359952 23.8135271196 24.4852579313 27.1775533289 23.0259585909 26.0244894217 26.5541274041 26.7469566099 26.562199055 26.7506414707 23.1872709909 23.1736903051 26.0083316223 23.4054670308 25.5983614058 27.1772413174 25.3770657359 25.4744202847 24.9679593818 23.664647995 59.6273810708 25.584850024 51.8557701859 24.333906426 23.3270783425 23.8214010902 24.7175214752 23.7859317358 24.248136959 24.3897680864 27.1097178473 26.8148940289 26.8464232837 26.7023750553 23.0759338691 63.4752814546 63.4752814546 64.076369166 46.0500740436 66.1159743212 67.3643319526 50.8601570937 25.8119186331 26.3970280068 25.6963580047 47.6958568017 52.6253204769
84.5732899025 37.4919291008 24.6035976285 73.9176879131 73.9176879131 73.9176879131 57.3613380381 24.5295305135 23.0479507839 26.5539730231 24.8517160604 26.9305037816 25.3531695174 23.62585738 25.7435612592 23.0857320992 23.0902579157 25.5149568767 41.2621815586 27.0245847573 45.6161669538 57.6370028965 52.0346711022 25.2164913697 40.1205005199 40.1205005199 59.6273810708 63.7717165521 63.7717165521 78.3179713301 78.3179713301 23.0187475195 23.6829477479 25.6395330457 25.9752060999 24.6948025551 25.114193606 26.5168350941 26.5045379716 26.7081620778 25.139650943 63.4752814546 63.4752814546 63.4752814546 46.0500740436 46.0500740436 67.3643319526 67.3643319526 23.3691988317 26.8511727734 26.5362526126 23.6666889812 23.8474440119
26.7313174804 26.595250899 26.9674350234 70.4655886702 57.3613380381 55.0406401894 55.0406401894 26.6915305413 26.3718671982 44.8477918343 56.1269808161 61.1984355808 23.0685474776 23.7444931906 45.6350594463 67.5826631424 24.9362086531 23.7996290218 41.2621815586 41.2621815586 45.6161669538 45.6161669538 25.2917670154 25.2493243369 40.1205005199 40.1205005199 59.6273810708 63.7717165521 63.7717165521 78.3179713301 24.4341956229 23.3002348898 24.625480634 23.5391981598 23.1079019449 25.3920998876 24.0263326111 24.6658897497 25.9619480716 24.0144912007 24.2680861261 24.5889793643 26.236742432 64.076369166 46.0500740436 46.0500740436 67.3643319526 25.6240862343 23.5687138514 24.4492574886 26.9538426649 27.0285914336 26.2110959791
26.1237598571 23.985919089 25.9956525745 27.1987724541 55.0406401894 55.0406401894 46.5426150115 46.5426150115 52.89781938 44.8477918343 44.8477918343 61.1984355808 61.1984355808 45.6350594463 67.5826631424 67.5826631424 25.3048669071 25.8430823432 41.2621815586 41.2621815586 45.6161669538 24.4491217985 27.2018497376 25.0057738487 24.1750289695 40.1205005199 24.438566443 23.8378541795 25.3519501819 78.3179713301 57.3686737496 24.4933379672 25.2889589964 23.0662660809 25.3465873868 24.182717304 27.1583045243 26.6883683372 25.3441858379 25.2604045548 26.3744974239 26.7190906071 24.3679713972 24.5602712382 64.076369166 25.5082185234 24.0979914105 25.8439834342 25.1426825707 24.1728674216 27.0323137453 26.0777915051 25.1786956485
26.1496238094 24.3834991843 25.793894005 24.0402169699 26.5439917819 32.8804893584 32.8804893584 32.8804893584 52.89781938 44.8477918343 44.8477918343 61.1984355808 61.1984355808 24.6807125476 45.6350594463 67.5826631424 27.2008419356 26.8602549972 41.2621815586 68.1012323637 25.567843224 25.8236684837 23.9173610479 26.7637335836 23.340497184 23.5411157835 25.9659754211 23.9475556995 50.4043301592 57.3686737496 57.3686737496 24.5322305244 23.5430125591 26.4154357353 26.9791457175 24.8409548867 26.9697223752 24.2320144822 26.8340343177 26.6244085147 27.2203923241 26.3348142823 23.5808949312 24.9679697069 27.1082245195 26.0628243474 26.6863917397 25.0504953986 23.8576090844 25.2187112236 25.1058880731 25.2013947303 27.1838120378
