Spatial_Output/BAU/BAU_0017.asc
NCOLS 155
NROWS 192
XLLCORNER 196307.867259
YLLCORNER 449144.565805
CELLSIZE 33.573938
NODATA_VALUE NaN
[rows 52 to 77 of 192, columns 0 to 56 of 155]
46.2768094668 45.1740058768 45.4130100664 45.6905254382 45.8345655498 46.0747617372 45.471460231 45.2334366908 46.1399458873 45.5059422094 45.1946113798 45.5650795124 45.6977350541 46.3287403826 45.2664960016 46.3454769516 45.1750848547 45.5915893365 46.0680998222 45.6102677997 46.171322594 45.0810082605 45.6944462757 45.3734208695 46.3419368021 45.1786933927 45.1745346219 46.1387063391 46.3452979319 45.8435710701 45.558467349 45.3331865214 56.828300984 56.828300984 46.1031588573 45.739543301 45.9217316693 67.9473732597 67.9473732597 45.2782835263 46.3474585563 46.3645343072 45.1838728272 45.6502559784 46.3694136703 45.1577325708 45.4635022148 69.8999860531 69.8999860531 75.2289491417 75.2289491417 45.9479281294 45.6735119861 45.4155685541 45.0753437576 45.0671900181 46.4021728062
46.0518332306 45.0207465267 46.1775372354 45.4717377681 45.5527975537 45.7795299765 45.3033453636 45.3682793779 45.1260121017 46.1397495834 46.3546227779 45.0941168005 45.4462154203 46.2053940774 45.5479807309 45.1566437656 45.9452495884 45.3280605137 46.1353243289 46.1291944168 45.4632064214 45.7851831272 46.4138533064 45.478670251 46.1552421557 46.0751105532 45.3673988245 46.1003198997 45.3268317843 45.3025022706 45.5634804733 45.3158573359 56.828300984 56.828300984 45.6009053825 45.847016609 45.1075507242 45.8178418047 67.9473732597 46.0507973694 45.722227535 51.1127740968 45.9870424235 45.3319957351 46.0741189127 45.5114876068 45.9038023868 69.8999860531 69.8999860531 75.2289491417 75.2289491417 45.1948530146 45.6752159683 45.0666880105 45.8779155544 45.202014105 45.4533724986
45.356740503 45.6841690235 45.3769015324 45.2280029062 45.4531507954 46.2843489975 45.9108030888 45.6725040934 45.0083402956 46.2102704334 46.2268172614 45.1838610092 46.3968790246 45.1749603079 45.7224982277 46.139573965 45.0329882484 45.7535814745 45.3566225876 45.1742278947 45.7862836618 45.6469951557 46.22667284 46.0863432083 45.8500105592 45.0084582159 45.7664304792 45.6858407694 45.2706063102 45.5627147432 68.548752512 68.548752512 56.828300984 45.6918242332 46.3729445217 46.2831867316 62.8576097025 62.8576097025 54.6972323093 71.7206832646 45.9140239531 45.6740833925 46.2660797949 45.2547994089 45.3735387153 45.2920981916 45.0755549341 45.9720019184 45.6145739012 45.46906356 45.0854925705 46.3903795418 45.7514130744 45.7593553175 45.5597173715 45.5271554784 46.3896672929
0 45.3763459833 46.3852288191 45.9403699884 45.4581614136 45.1675485365 45.2384270204 45.2410713934 45.1448824659 45.3536653883 46.0427863124 45.9090973945 45.0526814092 46.0775052652 45.2045175568 45.052411986 45.7136543713 45.2161679659 45.522421138 45.493942623 45.1107687556 45.093609611 45.3615005594 46.2692335379 45.105825832 45.9227395456 45.830747205 45.3335271015 45.9225889637 46.3921984759 45.2711227184 68.548752512 68.548752512 46.2268196678 45.3644237368 45.5772112158 45.9930341297 46.3243018654 45.0831677126 45.2001729496 45.7671634086 45.6393909211 45.3247332315 45.557667373 45.369801461 45.6523761503 46.2206268448 46.3057806686 45.42912561 46.4051171963 46.2470463278 46.3627683922 46.1704092701 46.0410450557 45.6689643618 45.9871836875 45.4223903501
0 0 46.3196385395 46.0631546619 45.195153793 45.0698138971 46.3129930967 45.9736288093 46.2579477023 45.1158071644 46.1009005772 46.2724204084 45.8847744701 46.3257365361 46.2256904225 46.3679393413 46.2089288008 45.3229011934 46.3950379577 45.90010222 45.8058017948 45.8261440237 45.5791708256 45.8122223874 46.4106279054 45.6211262899 46.1870334418 45.7900108164 45.4359152235 45.5567672602 46.1979357941 45.2245849103 45.8353644308 45.3840064196 46.1117377351 45.2174828466 45.5333024516 46.1142366025 45.1088402012 45.7404499555 46.3002851685 45.0047354427 45.1236336301 45.1199449327 45.0482915701 45.6892131596 45.9785054793 45.1021176348 46.1777049211 45.05256025 45.6270657413 45.9160110238 45.1201693256 45.6687716283 45.9855743925 45.552535838 46.0900504531
0 0 0 45.878699173 45.0835553935 46.1264348316 46.2967549258 45.459487311 45.8753176128 46.1276357543 45.7857972025 45.6780756491 45.3725547705 46.2778286151 45.83355227 45.5760723636 45.8662900645 46.2879282046 45.5403471281 45.149425328 45.7871190603 46.2918365114 45.7222292206 46.1398860019 45.5974926099 46.3830924757 45.3637970071 45.4887558742 46.2615302269 45.461455027 45.2970731958 45.3090830698 46.4133676462 45.8514485307 45.2857147766 45.887481156 45.9295755687 45.8593413721 45.1542627442 45.6526172174 46.3005409891 46.0708223781 45.9966875847 46.0962575696 45.4992032619 45.6449703446 46.2769561339 46.1371821122 45.4552916625 45.834062188 45.4116584114 45.9946765245 45.3233083019 45.4897549589 45.8211230263 45.9804013413 45.2656197002
0 0 0 0 45.1154429265 46.1536785729 46.3350062942 45.8002095995 46.2752592268 45.171736959 45.5854030407 45.3317721329 45.0806711799 45.9460310664 46.4075305752 45.2465983701 45.1815172533 45.7069515786 45.5993140008 46.0529158464 46.2593595891 45.7769940901 45.3420402951 46.3609127316 45.2734740016 45.138600615 45.1970156679 45.5887953332 45.7867994809 45.3180612837 45.2725659599 45.6925189862 64.8391915296 45.0403322877 45.1713813892 45.0149070073 46.1753912115 45.8579570906 45.9589461368 45.8842572375 45.8777396603 45.1413424277 46.2551321829 45.3236790451 45.0710972569 45.7706640409 46.2026538939 45.0314213388 46.0653129934 45.2355803887 46.257916569 45.1676256843 45.378768359 46.393731127 45.8048477391 45.0973301883 45.4781183936
0 0 0 0 45.4456219859 45.340748067 45.1435723084 45.2327513254 46.336163855 46.1778093632 45.2543294329 46.3725490001 45.25328623 45.3709433562 46.3590388595 46.0972825111 46.4075541137 46.009688446 46.333083575 45.3131242668 45.3615335607 46.1465493698 45.920660896 45.9490588608 45.294818784 46.3114030042 46.1181176079 45.9536546665 45.8139273741 45.7877174917 45.540699713 46.2510138894 78.2640692514 78.2640692514 54.3918261776 45.2405207584 68.1001335879 68.1001335879 45.1472108694 45.269376144 45.2285497515 45.5901175825 45.5859731182 46.1469645685 45.5200073292 46.3497660173 45.5441437782 46.3709230941 45.4856674166 45.5369183258 45.0186697709 45.7114888172 45.9971436344 45.9782074998 45.7997321525 45.7753406595 46.4099930209
0 0 0 0 0 45.0725200512 45.5250113563 45.4743236917 45.1990936674 46.0010436467 45.2441208845 45.5999226355 45.3243970763 45.1201679628 45.4158605746 45.034213129 45.3871394669 46.1440476223 46.101963198 45.8106187082 46.3971052917 45.922564996 45.969411795 45.4530114494 45.3672276219 46.2533633686 46.370757455 45.8087946119 45.4871904154 45.3251517618 45.4019886164 46.1119735162 45.5259456984 78.2640692514 54.3918261776 54.3918261776 68.1001335879 68.1001335879 45.4205362829 92.4834034109 92.4834034109 92.4834034109 92.4834034109 45.6657714611 45.9168008325 45.6080519355 45.7782839995 46.3538393126 45.5637353602 45.5518813835 45.1103149796 45.6401494313 45.7286462522 45.0165095173 45.0914491773 46.0695860835 46.2284979182
0 0 0 0 0 45.4561990253 46.3469307012 46.1317745871 45.9321872515 45.3826303586 46.1168818303 45.4308769283 46.3495823435 45.8378619257 45.3283384172 45.7393909695 45.9619904728 46.2906946889 45.8105692349 45.8576125049 45.9188095904 45.1713412527 45.4484883602 45.4129739354 45.2952771975 45.7699082733 45.5342658816 45.9642665963 45.6463040942 45.4475084037 45.5447960558 61.9209833201 45.8312667666 65.9383778576 65.9383778576 45.7017256235 45.4199660971 68.1001335879 45.0743067574 45.2660151882 92.4834034109 92.4834034109 45.4873981086 45.0338299215 45.864659407 45.9775910937 45.5362976943 45.2168240269 46.2683408002 45.108257585 45.1475046393 45.8670187103 45.8336099305 45.0521435652 46.3165150722 45.2718586544 45.4453226308
0 0 0 0 0 45.8726277695 45.6557795159 45.97091722 45.3218719586 46.1529439794 46.4091563135 45.4317632741 45.047158103 45.1638705866 46.2503319027 45.0449602748 45.6891478837 45.3548626014 45.4989275193 45.2262448789 45.1181300227 46.1956460934 45.5344755049 46.4054074297 46.2464821145 45.3391891079 45.8430280482 45.5877847579 46.305787356 45.8608706418 45.5893912358 45.2437519535 45.4247069246 65.9383778576 46.0572223364 68.1642137664 45.4378638222 45.7951604053 45.4589655289 45.8432940107 46.0086756703 45.1813879752 45.5098647192 45.0338029672 46.2176813332 45.3745441048 45.9220818601 45.2249020437 45.0578048594 45.0326900444 46.3072494039 46.1722312835 45.6999399644 46.2127329968 45.6387567923 45.6355594029 46.3184608582
0 0 0 0 0 0 45.3844233659 45.8184805248 45.325801784 45.7925458125 45.0653761803 46.0040188642 46.3932613073 45.4649864886 45.4728498171 46.1494560967 45.4767642724 45.3210569104 46.2930193811 45.3893710057 45.8636814787 45.6153384283 45.6583090666 45.5887684526 45.7313862092 45.7391484842 52.0817476427 46.4129692191 45.3323434982 45.9879955093 46.1381156893 45.7113334921 46.3579320911 45.0817784438 46.0932848643 45.4072623194 45.737534831 45.9658989985 46.3746604427 45.91870879 45.7473102028 45.6415027889 45.4745359967 45.6322683723 46.3334691559 45.3917230271 45.6034345715 45.6302703014 45.1278506198 46.3894386064 45.3915046504 45.7115840291 45.8301540316 45.6041538369 46.3736773187 45.9395216112 45.6361194593
0 0 0 0 0 0 0 45.9430544119 45.6664604631 46.2419357314 46.2314157815 45.4236439165 46.0615921486 46.3783555189 45.6307703961 45.2296555666 45.3491121743 45.384225875 45.3414705267 46.2952622357 45.0511540981 46.1220004751 45.0646151441 45.7118111034 45.5458601192 46.3618799575 45.5401292663 72.6926670272 45.2630671855 46.2926366434 46.0429969441 45.4428424633 46.358021885 46.0263697642 64.8547016004 46.0879190697 45.594593978 45.7560019532 45.5188373221 45.7868651583 46.0418229921 45.9647263764 46.0117469221 45.9096606905 45.5926527287 45.3846023846 45.0627247561 46.0937655049 45.5973390008 45.4888977121 45.1028987973 45.4128281009 45.5798981594 45.499798261 45.4829714556 45.4030213261 45.8576391323
0 0 0 0 0 0 0 0 45.1330409078 45.7928913273 45.4025905114 46.0444163316 45.6080325902 46.0608392385 45.9689963407 45.3187571379 46.1715623462 45.2426027989 46.289144097 46.0729219016 45.0766221485 45.0165848164 46.3074586971 45.3106752126 45.8851373152 45.0525296592 46.0211655998 45.6013870308 45.7884434639 45.1471987142 45.8957800444 46.3823089558 45.147377023 64.8547016004 64.8547016004 64.8547016004 45.0183715002 45.2120172962 45.4442686993 45.1402241856 46.2597299523 45.5080409965 45.4488217427 45.8494348319 46.2443541268 46.0147585422 45.9361400449 45.2387730328 45.2857742349 46.0788561661 45.5633162556 45.485127003 45.2987126628 45.6480878767 45.250522068 45.673490863 64.5380186226
0 0 0 0 0 0 0 0 0 0 46.1523388244 45.6534160328 46.0724294333 45.6844141036 45.1371767771 45.3899989585 46.1545280079 45.1897714266 46.3784149506 46.2106272394 46.1136199252 45.363298018 45.9904797026 45.4464705524 46.14949518 45.207955279 46.15933223 72.6926670272 45.1178398272 46.1373370975 45.8454457317 45.3629652852 45.9981456895 64.8547016004 64.8547016004 45.6039308953 45.7985542777 45.3761768268 45.2589811205 46.3268043519 45.8118674713 62.1737851569 86.7233623909 45.8445402876 46.0789956128 45.2035019631 45.248844487 46.0358010792 45.4057408671 45.648471201 45.6489220876 45.3348878969 45.024216601 46.1726870441 46.3653991896 45.6409375491 60.7825395238
0 0 0 0 0 0 0 0 0 0 0 46.1841385107 46.2330764337 45.4328339328 45.4396304241 45.7085320138 46.0729514694 45.9651960624 46.0496143331 45.7969459696 46.1644561255 45.6848820572 46.303995799 45.2688599772 45.8199942428 45.5590778449 45.527630705 45.4724149491 45.506015617 45.0457349532 45.0758269347 45.9697976733 45.5726416216 45.4887106407 45.250088307 45.3436723662 45.5087805421 45.2961392443 87.3277397364 45.6507929806 62.1737851569 86.7233623909 86.7233623909 46.4067333667 45.2372740942 46.1669240454 45.6808048941 45.2637465062 45.3850030531 45.9342857279 45.6062729054 45.3822291777 46.2189543836 45.9448644969 46.3264406607 60.7825395238 60.7825395238
0 0 0 0 0 0 0 0 0 45.8724312963 46.0726725291 46.1184630192 45.8672118258 45.2166196814 46.2705548849 45.726975815 46.3930059929 45.2840747688 45.747052865 45.2599877778 45.2091683858 45.7051466893 45.3809004519 45.3717503253 45.2787789041 46.1613932832 45.1739266631 45.451110803 45.927075577 45.5074439342 46.2567894357 45.5421948345 45.3239445438 45.3838374074 45.9318824042 83.5057022418 45.0553343864 45.8817897163 45.7879131185 45.1820673866 45.7136818677 86.7233623909 86.7233623909 45.8716161368 45.4943669846 45.157845251 46.0714253531 45.3563456689 46.1550732837 45.1256357441 45.3584507276 45.8213431256 45.6642186787 45.6259940239 45.5271743517 45.3868439205 60.7825395238
0 0 0 0 0 0 0 0 0 45.485977708 45.6874927347 45.2685884691 45.6832781631 45.7611045532 45.0235743322 45.783780894 45.8880935908 45.8685631144 46.1218906301 46.2743179881 46.1416288362 46.2477974631 45.2359717135 45.5335403422 46.2318662092 45.0728996754 46.203814513 45.2164654302 45.6650480418 46.1304037778 45.0113889041 45.627053633 45.8433250178 46.3322212861 45.9802693644 45.4935455732 45.6736954858 45.9637060275 45.717190993 45.9606451825 45.2429240341 61.8011480334 45.0614420635 45.7702949132 45.8153587868 46.3216672836 45.4508029859 45.2311360549 45.2703434955 46.3447309741 46.2891351855 46.3911048091 46.3011386805 45.6879835004 46.2609110247 45.3970678495 45.4807640285
0 0 0 0 0 0 0 0 0 45.8111722915 45.2413212495 45.7475447907 46.3873432492 45.0085019237 45.6753316876 45.4523758211 45.3439479749 45.411953551 46.320917347 45.0311691615 45.934216262 45.1467349251 45.3632010227 45.5147321405 46.2161906689 45.7936388221 45.4612569777 45.8540573159 46.2689885124 46.0133836747 45.6389075308 45.2632019309 46.1556523112 46.3556288455 45.0865644124 80.2741562652 46.3872393154 45.976110984 45.4888470776 45.2108336921 61.8011480334 46.2648986866 61.8011480334 45.8490326531 45.1911158695 45.5978645786 45.6899711605 46.3554684604 45.9644434248 45.9744174262 46.1675443945 45.4053534141 45.8150493986 45.3038795619 46.1702172422 46.126117864 46.307138249
0 0 0 0 0 0 0 0 0 45.7934251668 45.7033822366 46.4115601209 46.0822597307 45.9674886132 45.4184980876 45.3905962208 45.3136536047 46.3313665149 45.873243909 46.3828595043 45.4819670386 45.8005978693 45.5676042033 46.1982133524 46.0303937421 45.1705158752 45.1800931845 45.8246452382 46.0128099563 46.1497624781 45.8912964255 45.6643004016 45.0657876449 45.2196579125 45.3228303737 84.3789376227 84.3789376227 45.1188020084 45.8806190715 46.2058833714 45.6818942769 45.2673223023 46.1391294215 46.3182523905 45.2436989201 45.7873555766 45.0428150194 45.4870734979 45.7975107616 46.233613062 45.9048593933 45.1892686342 45.0610253181 45.950091248 46.274275251 45.9732798435 45.509920899
0 0 0 0 0 0 0 0 0 45.5429506041 46.1847553145 45.7547105257 45.3415455865 46.0489832488 46.0998647416 45.5760909374 45.1413304361 45.9418342043 45.0415697753 45.0168595945 45.1712718654 45.4855150662 45.4399423081 45.4564682168 45.6840849787 45.9214028337 45.7123075358 46.2828927777 45.9281052487 45.7301336286 45.6075260775 46.3360484937 46.3222319955 46.3160455492 84.3789376227 84.3789376227 58.2935938533 58.6361533989 45.2144785262 45.9879607019 45.0415789893 45.119141813 45.5678906157 45.1636251658 46.0372322886 46.0638475177 46.1910234349 46.1620655047 46.2605732634 45.9798999362 45.0995175215 45.9012882493 45.7077755639 46.0547027715 45.0180864475 45.6852082247 46.1134274081
0 0 0 0 0 0 0 0 0 45.0694531964 46.2649477058 46.3006940219 45.7125282932 46.4023784689 45.143813401 45.2993811509 46.269287356 45.8996886082 46.3990228009 45.8867844761 45.9172493767 45.8985589957 45.9862065021 45.7446318926 45.514794644 45.3449313134 45.6706750166 45.772200045 46.0413239777 45.1819455443 45.5593013992 45.6456424784 46.2643426655 46.3752229983 46.108591297 45.5781400243 58.2935938533 58.2935938533 45.2804247565 46.3011943417 45.0663406343 45.2393486092 45.9339013123 45.6282000429 45.5369893951 45.2750699681 45.0587021654 45.5790540699 45.2082969071 45.2144689642 45.6737359876 46.3288472738 45.9750350184 46.3189643589 46.2814946697 45.2775882689 46.3837109786
0 0 0 0 0 0 0 0 0 0 45.4458255656 45.6664600913 46.0060403917 46.245198563 45.1204718103 45.97470694 45.7315669546 45.2295006431 45.0313138234 45.9914756186 45.1007588016 46.026473835 46.1941246554 45.8297761854 45.8110178474 46.2594536296 45.8750541561 45.9177856748 46.1303696374 45.5960351942 45.876187101 46.1894505909 45.872348052 46.2451088894 45.3050871309 58.2935938533 58.2935938533 66.9724947265 45.1548181789 45.3732014574 45.2493680686 45.8913737613 45.4890400574 45.5063095434 45.200079912 45.5420751992 46.1525474466 45.5549428247 46.2343666026 45.2818349484 46.2478307497 46.3652887844 45.0379563994 46.2862837455 46.2971900348 45.3572462253 45.0934375295
0 0 0 0 0 0 0 0 0 0 0 0 46.3408523849 45.3469612711 46.1438610634 45.8013326475 45.2162393684 45.2683171936 45.586492574 45.9494819639 46.3265366271 45.5261445489 45.4474026174 45.3029468122 46.3040412852 46.1345236328 46.2684053288 45.9055855756 46.0933610495 45.2588509031 45.9185547719 45.7953866193 45.4831134786 46.1713794144 46.0334403158 45.5559734627 66.9724947265 66.9724947265 45.4607274781 45.5825890573 45.5357341631 45.0165554964 45.2418680603 45.9037786232 45.5692406427 45.7195538227 45.5562579696 45.0128446643 46.3371411695 45.9434657438 45.2818609613 45.5578536896 45.9353463489 45.9615128095 45.1095600658 46.1194818714 45.6792827145
0 0 0 0 0 0 0 0 0 0 0 0 45.3280143097 45.153116605 45.989957721 45.7166149213 45.4928920285 45.8774133211 46.2818230851 45.8193843917 45.7613915753 45.0073877041 45.8733658594 45.1454781966 45.256445184 45.9744670338 45.392009133 45.1817442003 45.9488185904 45.5696035318 45.3852630517 45.0043872052 45.675623423 45.2425554004 45.6294784385 46.0843323202 45.6044574337 64.7339837592 64.7339837592 45.3862206223 46.0288436441 45.8715316082 45.1333378697 45.5528537754 45.90099646 46.1315854456 45.0871896477 45.8311654351 46.0511086119 45.2865082167 45.0546644415 45.0972022225 45.0711948364 45.9015015366 45.2347830461 45.7333037843 46.3031640913
0 0 0 0 0 0 0 0 0 0 0 0 45.8422184882 46.1217417766 45.3464090103 45.5066851337 46.1028923937 45.7987887896 45.6837150986 45.6849674154 46.1797240522 45.8981567552 46.1946798965 45.2321300147 45.617884845 45.3966375268 45.9529096707 45.6916555423 45.9145549099 45.0549478885 45.0569129123 46.1300890452 45.6780550704 46.0928753652 45.6114244518 59.3818687905 64.7339837592 64.7339837592 64.7339837592 45.3142512551 45.4744940395 45.7035539749 46.0803453623 45.1661380094 45.9050695407 45.1170230205 45.5641043181 45.6769907093 45.2163553967 45.8825729921 45.5409665901 45.3133315603 46.1818661885 45.8915223538 46.1217611401 46.1894610837 46.2875160782
