Spatial_Output/BAU/BAU_0019.asc
NCOLS 155
NROWS 192
XLLCORNER 196307.867259
YLLCORNER 449144.565805
CELLSIZE 33.573938
NODATA_VALUE NaN
[rows 78 to 103 of 192, columns 57 to 113 of 155]
63.778190813 45.1442109004 46.3504335012 46.0168466991 45.4836986581 45.2698270005 45.7145909327 45.8426279607 45.9867365936 86.6079470351 45.1963631521 61.9409068187 64.3437969634 57.8903014375 46.1532004007 45.0243547208 46.1965405269 45.4546519502 45.8986674476 45.2346248205 45.2654740835 45.1699105877 45.0373762722 45.5079232495 45.6286776316 45.3508419641 45.8239170942 45.3776582259 45.0293035768 45.8499766333 45.188343188 45.6026465412 45.375909781 45.0318216434 45.3853945052 45.2872160057 45.1439115586 46.0568364105 45.1748980882 45.6039403694 45.6698828428 76.6564464929 76.6564464929 76.6564464929 53.212510934 53.212510934 53.212510934 72.20411352 45.7281270915 46.3239721749 46.2169306096 46.3548339131 46.1612144427 45.0344711374 46.2576337342 45.496770691 45.2718332315
63.778190813 45.647168172 46.0766371097 45.3515102764 45.2853164362 46.2370030857 82.108723207 79.3537118 79.3537118 79.3537118 86.6797781887 64.2372212163 64.6769645443 62.052226245 46.0969485526 45.7402472443 45.1536553128 45.715958823 45.2266327858 45.1669077618 45.3094915739 46.3365490709 45.8236983494 46.3265652884 45.8275986956 46.030535013 46.1439126844 46.0480051116 45.9092292607 46.132910144 45.9535400683 46.2210016072 45.7009881177 45.0434760475 46.3747702074 46.0798213475 45.9737740615 45.0652146876 46.3363651942 45.4314344297 46.0019729635 45.8917454986 46.0819188651 74.3958616634 58.324605053 53.212510934 75.347144645 58.324605053 72.3461838779 100.4267668681 82.0175194967 82.0175194967 45.2157103909 46.2768285313 46.0677731462 45.5161415536 46.3926413291
45.1145865975 46.0177575154 45.9778059683 45.6601169363 45.8721478634 45.5052075494 82.108723207 79.3537118 79.3537118 68.6192605807 86.6797781887 45.5295175407 45.9863916745 45.8462848001 45.9944391651 45.4450606363 68.1447459865 46.0644414964 68.1447459865 45.9878519997 45.3014428312 45.1661953057 45.8790972021 45.7901906433 45.2655921187 46.2303077382 45.1359360246 45.3873540568 45.1804804317 45.6926965886 46.0279067496 45.8375329429 45.6668103814 46.1444167448 45.5937923922 45.9685062485 45.0195722995 45.1245308164 45.3983571554 45.4626374449 45.1869463258 45.4997963996 46.1061116954 45.9258915024 74.3958616634 72.1936675395 72.1936675395 54.9043478039 46.2412062674 45.9388941362 82.0175194967 46.2357250091 46.3317852214 45.7330851297 45.3780510243 46.3621608531 46.227010974
45.3566481356 45.8408093425 45.5366687282 45.3402433455 46.1105879646 46.3989822459 46.2959757339 82.108723207 45.6459361309 45.8263103425 45.5768533212 45.8539489947 45.9060825223 46.2414820854 45.5557616349 45.56666301 45.8609721886 45.8872972456 45.9482119483 45.258726798 45.8487256557 46.0649744202 45.4352996324 45.6680754439 45.5019913543 46.0120353431 45.7219146367 45.7073229202 45.3386876799 46.4130940402 45.9396286041 45.4313757065 46.2518089958 46.3095715317 46.2028703235 45.9927124163 46.2797200983 46.2696011165 45.3753077812 45.7897143571 46.3336875128 45.8623401904 46.0687495654 45.4481854615 45.0817658829 72.1936675395 72.1936675395 70.4555706216 46.3697593018 45.7900434253 45.0726191517 46.0145063621 45.9900150619 45.4536155872 46.2328467209 46.1125748466 45.9269109765
46.1406299894 45.6447075873 45.8216274388 45.8824357782 45.5395611874 46.1456143648 80.2877794854 80.2877794854 80.2877794854 45.2844302798 45.2520671 45.010666184 46.3061813571 46.037526592 45.3905943493 45.2010408234 46.0419788293 46.2818196081 77.8169591466 77.8169591466 45.523575334 45.8918272314 45.9256161814 45.6835018403 45.2946209289 45.090262518 45.5448812069 46.2348650763 45.6354797472 46.2773125135 45.6851575564 45.560068818 45.6130478672 46.0018174349 46.0153171635 46.1102552971 45.2742190757 45.6914487991 45.9110569434 46.2231907246 45.5343021602 45.875320862 45.3804524204 45.0157813807 45.8225789005 70.4555706216 70.4555706216 65.1206581977 45.7536123122 45.1692502796 46.2441825483 46.1721760205 45.4442047021 45.9438965601 46.1127594762 45.1415449553 45.7881649215
46.3027221802 45.3752454495 45.813480804 45.8908458895 45.0460779626 45.2433247232 45.9690059494 80.2877794854 80.2877794854 45.5666293632 45.1656594354 45.5649304777 45.4787159001 45.5421296258 45.7721462795 45.7983378282 46.1045153097 46.3142009733 45.5932467758 77.8169591466 45.9811214545 45.0669554202 45.0756772432 46.3816336016 45.1018663412 45.3270894165 45.0914112143 45.6383431149 45.9141515841 46.314961231 45.7561667125 45.8591402967 46.32394199 46.3901167809 45.7134774803 45.5553345965 46.3001397331 45.101316956 45.8499454637 45.9181502145 46.2124263831 46.1321864153 45.6393137797 45.9108792542 45.4818635023 46.2124350248 65.1206581977 45.8467019581 45.8231927223 45.8322326529 45.1256900994 46.0559647624 46.1262406609 45.746462894 46.085707545 45.884910723 45.4184608493
45.0144572966 46.4137322148 46.4118307445 45.9083404631 45.4330013677 45.1130858385 45.6977576221 45.429493986 45.8027528626 45.3040929089 45.9469079956 45.0478618717 45.5896025905 45.0669237539 45.9537426875 45.5520270933 45.6324039785 45.2850331421 46.004121864 45.2685426412 46.2988689148 46.0440409228 45.7608947905 45.5873852784 45.41671202 45.0520758223 45.6012522261 45.7772517925 46.2797130826 45.967859856 46.3887092809 45.2314881921 45.7829750167 45.338505283 45.5255723507 45.6285259469 45.7998199346 45.7679946605 46.1765011877 45.1655111387 46.0536608317 45.1311298768 46.2198361218 45.0553742326 46.3849870314 70.8403167951 46.3222418821 45.3493285525 46.0416006446 46.3371772358 45.9583213508 45.526810906 45.4495392078 46.3089130352 45.7509277629 45.9378512005 45.6703713922
46.1038056727 45.5416690588 45.08770209 45.8351691775 45.3680537562 45.8910038137 45.6886466618 45.6003786517 45.2820709405 45.0593700789 46.2448793271 46.1488637768 46.2389832705 46.0251229758 45.314455312 46.0500344261 46.2777954449 46.3052091127 45.6980138396 45.1175013573 45.5574075546 46.0579290325 45.3078556132 45.0463096348 45.6403202782 45.3994066036 46.1928561517 45.7442310374 45.5347260309 45.6759903859 45.0323416114 45.5447545216 45.3411031994 45.7378794413 45.6146754514 45.1448401542 45.3728187362 46.138448147 46.3233811668 46.3295895522 45.5645359669 45.7936277413 46.0062538441 46.0483384411 45.1152964299 45.4132126404 45.3085511124 45.4727436038 46.1208081382 46.3987552818 45.2553204358 45.1738591775 45.6629752324 46.0815680566 45.1188902679 45.2608912218 46.1725380851
46.2043837486 46.3206574393 45.2188993198 45.9310083503 45.8149003419 45.8208758221 45.4299896631 45.9560015454 45.363760074 45.3946877583 46.2893693227 46.242790994 45.2947565299 45.744812017 46.3495848748 45.6219077877 45.3954834658 45.217335501 45.1704044585 58.0570317183 58.0570317183 58.0570317183 45.3801707276 46.0747146223 46.3250409989 45.5635898953 45.0085200751 45.761978647 46.3088668481 45.1537571982 45.2150491134 46.3002985702 46.2550283729 45.9412238339 46.2908046185 46.2438707898 45.5861838617 45.2803742434 45.1693062508 45.5024768056 46.1824798463 45.9101152786 45.9198025638 45.7842922602 45.868281492 45.8966467035 45.1358681165 45.5363442749 46.2879141604 46.1488269175 45.897589766 46.312870038 46.1297102294 45.410260961 45.2469285789 46.4104884933 106.9048967145
45.577982901 45.7765268253 45.4724807658 46.2775472471 45.3593947507 46.1516966222 45.6947104336 45.267989763 46.2672874947 45.5518383659 45.772750205 45.5765456112 46.2585722042 45.8701788189 45.5208877916 46.099807701 45.1666720707 46.3831968036 46.3961910316 58.0570317183 58.0570317183 46.4001280233 45.9952123955 46.1853585224 45.800797224 46.2678188227 45.6582325686 45.008002011 45.1418137981 45.6935564226 45.2876917066 45.5951818001 45.0389222538 45.633221959 45.3836829448 45.3644922726 45.9934568388 45.8591882067 46.3567969199 45.9752183497 45.7211684187 45.3818812709 45.5889149063 46.2013211733 45.1655947163 45.7813598978 46.0665921378 45.0533037719 45.9761978858 45.1231700291 45.0499935615 46.3903972672 46.402370498 65.6666724068 45.8390693479 106.9048967145 106.9048967145
46.1628345671 45.6496462488 46.2825556962 45.4315480031 46.1225411741 45.4955940907 45.7069844348 46.3515174034 46.1401420565 45.8044884048 45.5587667009 45.4967037894 45.6037229864 45.0441551791 46.3786158987 46.0014513843 45.6990664641 46.1307461712 46.3100388894 45.4183290206 45.2917843349 69.8232389587 45.2348038643 45.0607841807 45.1846098417 45.6777454605 45.4510705753 45.0421061833 46.3966349532 46.2866207636 45.976256923 46.1550563331 46.0936836996 46.2263908839 45.7581459729 45.5438782166 45.0619482651 45.7088319294 46.0201586773 45.8043746601 45.0873210682 45.8381215957 45.2200444365 45.6118887396 46.368771295 45.4576333799 46.3404976124 45.8953151326 46.0485457141 45.3723293547 45.1665754787 46.0878791514 63.788376672 45.0999936764 46.0524387054 106.9048967145 106.9048967145
45.0952020746 45.8183075904 45.1487137226 46.016670821 45.629166985 45.9705230491 46.3762971059 46.078171068 45.2698344381 45.119230854 45.585331216 45.1110940945 46.2567313138 45.7876504401 45.1174836737 46.2581959773 45.4241392089 46.3311284235 45.9824442524 45.1273338608 45.6747256244 46.1068541581 46.0016772972 45.0306568806 45.7316698668 45.1105545755 46.0074734158 45.5570077151 45.9346356983 45.6262342502 45.3525405774 46.160030324 45.8059630895 45.614384715 45.728189048 45.1719902481 46.3696324897 45.5857911345 45.5756341576 45.2847916798 45.4497187239 45.1237935392 46.1755238489 45.7706966831 45.2671257477 45.9024083797 45.0788673919 45.5144719661 45.0231053529 45.5552982851 45.9743102119 46.3430828082 63.788376672 45.6144988923 46.1643738686 46.0345760101 106.9048967145
45.4614681383 45.9537451784 46.3085755995 45.0229606648 46.0757160666 46.235254292 45.6443497993 45.4268104456 45.0067195476 45.2617636863 46.1157586349 45.5392805422 45.2314911237 46.2375839071 45.8762854594 45.0576113128 46.1552961346 45.8154909157 46.0768192544 74.4121686012 74.4121686012 74.4121686012 45.9045691454 46.0846662519 46.2471408841 45.3066599296 45.6106146152 45.947754119 45.5986723006 46.3344840263 45.4570954903 45.1490212611 45.0232320311 45.6639607288 45.429258829 45.2467036407 45.6145009008 45.4040464867 45.2877230596 45.8061264004 45.7475743912 45.834779188 45.5753575601 45.6238757835 46.2170804061 45.200029003 45.4729839192 46.1642071469 86.4616692694 45.4600348362 45.7175904897 45.4875785926 46.2924592954 45.821484704 46.376356916 46.2412491409 45.3413278046
45.6537922417 45.1142957292 46.2631832527 45.8127930632 46.1806059475 46.151572477 46.3777291457 45.9970177106 45.6488316225 45.5667345372 45.7839225849 45.8528400208 45.5278472645 45.5682422997 45.5403725641 45.0058224679 45.8489903051 45.5220711898 45.7857848424 46.2069437593 74.4121686012 74.4121686012 46.4089976472 46.3863263136 45.0525945845 46.3425202553 45.8065169524 46.3051701759 45.3473202626 46.0595232644 45.4757508505 45.576665357 45.85902799 45.0042047662 46.0648162449 46.3620353384 45.309121139 45.5775227659 45.7119471442 46.0720757285 45.253863747 45.421901369 46.0237091513 46.3505942329 46.2660132867 45.5596539875 45.2552213699 45.6501962606 45.4748131226 46.3251722251 45.2640453826 46.07156554 45.3068728463 45.1619291147 46.0714027779 45.8367831826 45.6791408405
45.5063108442 45.8763914109 46.2675999122 45.6174701084 46.3455283802 45.3878900436 45.3486178452 45.7435142882 45.8294703194 46.3368518796 46.349265691 45.5073969362 45.138488297 45.8390009234 46.388010645 45.178468085 45.3888419016 45.3743833075 45.208624794 46.0343214271 66.8998529644 66.8998529644 45.240026315 45.8022186569 45.5511674247 45.8560705227 45.5975914313 45.4976997301 46.1590225363 46.1774175789 45.8455129826 45.6345137199 46.0391930308 45.4535284811 46.0204511486 46.2381238887 46.270426683 45.6067870423 45.6591851943 46.3720910826 45.232063209 46.0188981816 46.2010278257 45.9239850834 45.3395042121 45.9002608939 82.8991466513 45.1470310143 46.3095165415 45.0313396834 46.219297096 45.4655776189 45.3662397436 45.6375139988 46.0335390795 45.0096751062 46.3165029386
46.3332542116 46.2939913052 45.7256646255 46.2767244643 46.3980279683 45.919298343 46.401737222 45.4248150688 46.2477404248 46.2307021951 46.0955755305 46.2146334493 46.3876222053 45.4908675008 45.6093293501 45.7578150105 46.1878004842 45.9258885124 45.9975724311 45.6808962376 66.8998529644 73.2719861505 45.1989880479 45.2980137304 45.5482377762 45.1827267454 45.5752056113 45.6029645234 46.3853573946 45.9160453906 45.4778912667 45.8680359486 45.3898219845 45.7136526208 46.2619743411 46.0596064294 45.3177237293 45.7683493549 46.2117490912 45.9495907506 45.2094181623 45.5258815707 45.1567992435 45.0785050571 46.1619181904 67.1345924489 82.8991466513 82.8991466513 67.1345924489 46.1132782423 46.1813416144 45.8775119567 45.3142736835 46.4122478735 45.1845790994 45.181997727 45.4637263151
46.2984073242 45.2871397107 46.2698627362 45.575658818 45.401679277 45.081732236 45.5049146064 45.5039211937 45.346838009 45.7013117456 45.6177366654 45.7639451639 45.8642684747 46.3894575344 45.2708356317 45.042840144 45.3435350269 45.418852745 45.968357214 68.8524848876 45.0461487667 45.0931501302 45.1167806887 45.3209346802 45.7451073096 45.5214802455 45.175627038 45.7558353008 45.0053924037 45.1103211583 46.390693908 45.1867600585 45.1079728121 45.9354233099 46.3431900493 45.5341297589 46.1745662264 46.3957796463 45.6066057871 46.0090066357 45.8520967783 45.6766083846 45.1330732706 45.1059058404 46.2419752038 45.1817327887 46.0778238151 45.9467458665 45.425623368 46.1246247358 45.4918165386 72.1102493652 45.1611073611 45.6945588779 61.1339197231 68.6505925014 90.1267652655
45.2697540062 45.6680027716 46.1249837329 46.2041763756 46.283631194 45.2981534573 45.7246072821 45.2557229695 45.9020576234 45.0267050973 46.2949441529 45.6493892884 45.3741307857 45.5379118533 45.0282236677 45.9925123896 46.096097554 45.2835166057 45.6101569923 45.8095930316 45.3702053347 46.2930247884 45.9009841859 45.8119087298 45.7363051515 46.1945576079 46.160951657 45.0510884708 45.1411068933 46.4068796665 45.4573411967 45.9576079092 46.1092270043 45.8368457476 46.3678048725 45.4020750716 45.724253247 46.2244269633 45.2948218161 46.1908843193 68.9561059137 45.0329669519 45.8839056588 89.9479861626 55.347038615 46.2421028107 69.5215497498 72.8152938253 72.8152938253 66.0262445546 72.1102493652 72.1102493652 46.2400796013 46.1855689727 61.1339197231 61.1339197231 68.6505925014
45.0977434849 45.6431472117 45.0331078414 45.1731191095 45.5106576958 45.941612781 45.2608816244 45.8613297829 45.7123405314 46.3635431642 46.2962419115 45.4906532975 46.2016041912 74.2519421408 45.6325402101 45.0004821691 45.5403066134 46.1131293626 45.9080163801 45.481131622 45.2241683933 45.5337425989 45.2691301128 46.1523677725 45.7205985582 46.1665623869 45.535601632 45.5355720316 54.593204622 45.8686453318 72.1889142043 58.363822313 64.1605946775 75.2582663598 46.0098345317 45.9638250247 46.2771453133 45.3367270271 45.4342804522 45.8736809437 68.9561059137 68.9561059137 89.9479861626 89.9479861626 89.9479861626 55.347038615 69.5215497498 72.8152938253 72.8152938253 72.8152938253 72.1102493652 72.1102493652 45.8275209566 46.3069030318 61.1339197231 68.6505925014 90.1267652655
52.373428566 45.3265272519 45.8095775155 45.6188368513 46.1940136286 45.27458327 46.0140475534 46.1730572676 46.4114831528 46.2842151028 68.3740201218 68.3740201218 68.4627687367 74.2519421408 74.2519421408 69.1500750913 45.901905081 45.9940722888 66.2618643025 66.2618643025 45.3473797813 46.0029495468 45.4815698377 46.0086995997 67.9636877531 46.0508980132 67.29637339 54.593204622 54.593204622 45.8145532905 58.363822313 77.5021586456 55.302990698 77.5021586456 45.4122839823 45.9547794 45.9049946332 45.5596811316 46.2054008612 45.0667529499 68.9561059137 68.9561059137 46.1684096679 89.9479861626 46.3297645929 69.2686324059 45.5481440082 46.0106560518 72.8152938253 66.0262445546 46.2246774824 72.1102493652 45.305091915 45.1813989394 61.1339197231 46.2055210011 46.1046549558
46.0725138822 45.0150676282 46.2344821549 46.109703059 46.4133043493 46.2884029389 45.864854422 45.6164902093 45.4874425884 45.8062337967 68.3740201218 68.3740201218 46.3448856763 74.2519421408 74.2519421408 69.1500750913 69.1500750913 74.7006415813 46.3365435381 45.8655528036 45.2386261116 45.4463530208 46.4028820768 46.1695609002 45.8796507423 67.29637339 45.5100391066 45.8683513658 54.593204622 46.0491175993 72.1889142043 55.302990698 55.302990698 55.302990698 46.1958723018 46.1177346363 46.2804433971 46.1975533513 46.4050236699 45.8840885566 68.9561059137 46.0903500094 45.8980205806 46.3090850631 45.136938306 45.2619010306 45.3267706144 45.4296805498 46.1616318582 46.2084452885 45.4948222887 45.4915152015 46.17070876 46.2972693017 45.8370303215 45.3143433544 45.7327113546
52.2619017632 46.2520655662 45.9668366112 45.247276148 46.3759391509 46.348854885 45.9083627955 77.023916119 45.197309638 46.1105277198 45.6779483851 45.4737814037 45.0423188948 74.2519421408 70.9225828824 69.1500750913 74.7006415813 45.3743085662 66.2618643025 73.7387633477 45.2471988734 45.4446415809 45.8876058516 45.5623510559 45.8316510207 46.2408693013 45.5117420182 45.3044332719 45.7858259619 46.1469734315 45.981783531 45.1184692055 45.8151315527 45.2955853171 45.3726047738 45.3020138466 46.0758526456 45.4514380477 46.046601034 45.4295666484 45.9197888703 45.22633362 45.1600410523 46.3469372534 46.2869967849 45.9808313233 45.540833475 45.174484556 46.1025972899 45.97247767 45.4864538843 46.3952028093 46.3410049802 46.0499643873 46.3760354625 45.1981706427 45.9953522069
46.2762376739 45.123734264 46.3719673373 45.5557717952 46.351063785 45.8427134106 45.9657046119 45.7546032547 45.4651140731 46.3491260523 46.2891213266 46.1827778091 45.667616385 45.7858837269 46.0745555014 46.0577841226 46.0338415848 45.7427812478 46.000729667 46.2593144044 73.1482104452 45.372545538 45.9590647096 45.2058629911 45.0620191926 46.0178510074 45.8763941511 45.7873348043 45.1624285171 45.716483377 45.0038823869 46.242308474 45.6668213557 45.529383377 45.8504686304 45.6518016344 46.2894997789 46.3973601564 46.4093593619 46.3944824723 45.1717373815 45.5228718208 46.0733670301 46.1499798114 45.5200167444 45.2371654033 46.213898828 45.329557202 45.1390924959 46.3299459066 45.0172772511 45.9076238978 45.5575940414 45.2411010604 78.8942799272 45.6578267963 46.1291390016
45.0837556168 45.7866052395 45.6585470349 46.1615065231 45.905342027 46.3417843649 45.9711730746 46.3655604114 45.1596215788 46.1714172634 45.671949724 45.6204522664 46.066379712 45.1220090021 45.4436397835 45.1062416395 45.713804803 46.0591151244 45.5199335365 45.6429629218 73.1482104452 45.0154860211 45.0748397198 45.8339484054 46.0098690147 45.0260177531 46.3752418217 45.5821520545 45.0677777984 45.53518876 45.3785298332 45.8784064812 45.6890227873 45.5306236182 45.9644223231 46.0603120784 46.0855677149 46.1848582679 45.36384742 45.1891378965 45.6271261739 46.0224523662 45.8030016103 46.2390414287 45.2586943397 46.4110203847 45.3056179793 45.2827282209 46.2186228388 45.6408303491 45.3483368679 46.0195089714 45.9711851192 46.1453817788 78.8942799272 78.8942799272 45.7154638443
45.4484472857 45.2838737201 45.711205292 46.1301138562 46.2925541628 45.4251861726 45.3027190613 45.45788938 45.1351415866 68.5986800252 45.6733475849 72.6166794817 45.2429060059 46.3552439794 46.150914326 45.5144957551 45.4914319454 45.2400178837 45.7395440347 45.0596854992 73.1482104452 46.0477973249 46.2836038175 45.813999165 45.6202186193 46.2804098732 45.0508838004 45.0730326848 45.1105090117 46.1354348997 46.3733062397 45.5854863101 46.391906772 45.5382340247 46.1736599812 45.7997067049 45.929771167 46.1578670258 45.7822437986 46.2863695421 45.1630731253 46.2061624918 45.3470652596 46.2062768171 45.6868626471 70.2065534237 70.2065534237 45.2315879974 45.6593235299 45.833237733 45.9851775241 45.2059064157 45.7357190867 46.400426948 78.8942799272 45.3336789317 45.6770692903
45.0549228637 46.2105397107 45.1642958295 45.4925102701 45.0140682333 46.0404835152 46.0680170853 45.3471581218 68.5986800252 68.5986800252 46.0211724053 72.6166794817 72.6166794817 46.3538210504 45.8041985879 46.1829533302 45.3500176816 46.2899841223 45.9749911117 45.277033125 45.8447844426 45.1593049378 46.2868283251 45.0634917967 46.1007344508 45.2328426681 46.2678387164 45.3803797575 45.053197147 45.1718561105 45.4480473349 46.2208164695 45.7248765135 46.3216088641 45.7680221863 45.0359771708 45.8437362058 45.587646956 45.9242624278 45.7418774608 46.26793661 46.0827968541 46.2565762686 45.0154075654 46.2717671322 45.1381861135 70.2065534237 45.834199994 45.4731841648 45.4551468887 45.8357283534 45.2798581176 45.2737546791 46.0515867971 45.0553013293 45.6186941894 46.2343315949
