Spatial_Output/BAU/BAU_0576.asc
NCOLS 155
NROWS 192
XLLCORNER 196769.923733
YLLCORNER 449719.875193
CELLSIZE 27.603701
NODATA_VALUE NaN
[rows 0 to 22 of 192, columns 0 to 52 of 155]
47.089101978 78.4784769744 49.9523048173 49.7782478927 49.7782478927 0 0 0 0 0 0 0 0 0 0 0 0 0 0 0 0 0 0 0 0 0 0 0 0 0 0 0 0 0 0 0 0 0 0 0 0 0 0 0 0 0 27.9678002278 28.5596546959 26.804568487 26.9820543899 26.7732171884 27.4156786625 28.1634834683
0 69.4545385548 69.4545385548 61.4219820536 66.8229096646 66.8229096646 54.7218408294 0 0 0 0 0 0 0 0 0 0 0 0 0 0 0 0 0 0 0 0 0 0 0 0 0 0 0 0 0 0 0 0 0 0 0 0 26.6282359666 27.2768767616 27.068949837 27.5215792883 28.2301032207 26.6200154469 28.4263346276 28.2711656061 27.1650651339 28.2042639421
0 0 67.0981542486 49.7782478927 66.8229096646 66.8229096646 64.3257658726 68.8357232069 0 0 0 0 0 0 0 0 0 0 0 0 0 0 0 0 0 0 0 0 0 0 0 0 0 0 0 0 0 0 0 0 0 27.4875533337 26.7519189017 26.7526512219 27.6674700617 26.5588245861 28.2986564594 27.3338793659 27.4394601823 26.6569991427 26.6020204563 26.7021260224 26.5593505643
0 0 0 49.0292075848 66.8229096646 64.3257658726 71.5557253462 71.5557253462 71.5557253462 0 0 0 0 0 0 0 0 0 0 0 0 0 0 0 0 0 0 0 0 0 0 0 0 0 0 0 0 0 0 27.3444239414 27.4218706681 27.2160932533 27.1255514568 27.4015049004 27.679147523 27.2175943477 28.3565102158 27.2656985584 28.2966005995 26.9394769039 26.9410721809 26.7286793366 27.3855607267
0 0 0 0 0 54.164375548 71.5557253462 71.5557253462 68.0703374725 68.0703374725 0 0 0 0 0 0 0 0 0 0 0 0 0 0 0 0 0 0 0 0 0 0 0 0 0 0 0 27.3491825637 27.4345073871 28.477806208 28.5101536127 27.2277120716 27.7692925995 28.375486128 26.8422409676 27.567793489 28.5279519326 27.0438341929 27.9619552001 27.7629427866 28.4671212319 26.726727142 27.1363463656
0 0 0 0 0 0 71.5557253462 71.5557253462 68.0703374725 46.723051032 46.723051032 0 0 0 0 0 0 0 0 0 0 0 0 0 0 0 0 0 0 0 0 0 0 0 26.5090874815 26.8163036021 27.6524430704 28.5440283101 27.1230145421 27.4756030179 28.447195465 28.2365810536 26.6320650089 26.5576771948 27.6616743943 27.4411679736 27.9379528533 27.3290187165 27.6726168225 28.4721521739 26.6401055129 27.2908328978 27.2272439769
0 0 0 0 0 0 0 68.0703374725 46.2379749815 46.723051032 46.723051032 48.626132277 44.5074403121 0 0 0 0 0 0 0 0 0 0 0 0 0 0 0 0 0 0 0 27.2771153238 27.9530113018 28.2889866631 26.8852400015 28.2185297101 27.850095676 27.7096136697 27.9570909215 27.6424353757 28.1749963904 28.4434399703 28.4693220499 28.4945534164 27.2503196605 27.5222217091 27.2440233766 27.8100565943 26.9817683773 27.1662869635 28.5557667428 27.0873546372
0 0 0 0 0 0 0 0 46.2379749815 46.723051032 48.626132277 56.6214812259 56.6214812259 27.6424337842 28.5903356519 27.2059369965 27.2707849088 27.8110164468 28.3833490274 26.9792304951 26.6617838813 26.6128876443 28.1179873989 26.9566845896 27.4017814661 28.4180269016 27.009559683 28.1473363343 26.5463165125 28.5239459745 26.7629307125 28.4573204379 27.6090955096 27.871154974 28.5035617322 26.8372675287 27.7005687279 26.5478638629 28.5188429778 27.8774125592 27.0364282413 28.5967109528 26.6872440122 28.5921596274 27.6932025241 26.6663819442 26.9971399846 28.0781218268 27.2321162907 27.0724466564 28.0666085331 27.0985410442 27.6001164223
0 0 0 0 0 0 0 0 0 48.8975559841 46.4237783811 50.5965042946 53.1312643684 53.1312643684 28.4433125042 27.4006247981 28.1698791515 27.2929499713 27.326486612 27.8643931396 26.9240633917 27.6513673587 27.000026568 26.9794180755 28.464943939 26.9957656765 27.5940765299 28.2760044259 26.9659384419 27.8044980483 26.6240981002 28.2157184082 26.8442426355 28.4444046812 28.1167269296 27.950474333 28.103042853 28.5640814181 27.7998536965 26.7444146619 28.4483164947 27.873062518 28.5527260371 27.8272546307 28.2939362109 28.4620754006 27.5293039362 26.5962010322 27.9804503717 27.1336442342 27.3330141648 28.2721319395 27.4212604327
0 0 0 0 0 0 0 0 0 50.8096229756 43.397882099 42.4620315316 53.1312643684 53.1312643684 48.1381625986 55.0569201856 27.9239402099 26.757382071 27.2242710499 26.7609506218 26.5422029694 27.2472001919 26.5567822983 27.6409595695 28.6066046943 28.1746269406 27.8839337359 27.155590104 26.9416145696 28.3568132778 27.4804258719 27.7924042516 27.7932931872 27.6072116841 26.7897819794 27.795995461 28.5569657516 28.3313680881 26.8405266285 27.2541000096 26.9047812373 28.2903623173 27.8456930851 27.8458339128 27.093280553 26.6582318735 27.1726074947 27.8441810841 28.4466287346 26.8577489695 26.9178218905 27.6419637975 27.566548438
0 0 0 0 0 0 0 0 0 53.595759157 54.2101195017 48.8615682644 61.2473376079 61.2473376079 26.8358123012 56.9914387833 42.6405120394 26.5223574143 28.3918361816 26.7556393691 27.6897038091 27.5175097488 27.3805198779 27.8814474791 27.0074250253 28.3273420364 27.9587530577 28.4904230744 27.5656916545 27.2151012734 28.3884433216 26.8785914426 28.1661480353 28.5951346491 27.9060470799 27.1376579958 28.4411592841 26.5671259695 27.6753625234 27.613878591 27.193650104 28.2829892397 27.2927833029 27.6453260811 26.9797053682 26.991843749 27.1670016528 27.2576877118 27.0593875813 27.988463459 27.8359415549 27.2561065126 28.3267547778
0 0 0 0 0 0 0 0 26.5720962891 26.6471563401 28.0408120126 28.2177833049 28.0402648575 48.3270132789 20.3091673171 42.6405120394 42.6405120394 53.6422381652 27.5879349179 26.9113346982 28.30076902 26.8487772092 27.8502888936 28.4627728549 27.5763313753 26.7425659938 27.0745392459 27.0082630959 27.6436382535 26.6926765764 27.0222080401 28.3992535722 28.2888713903 26.6815509117 27.8571933268 28.1231418054 27.8247111126 26.7754301834 28.1255330483 28.2908645748 27.8868035423 28.2100872951 28.1299279289 27.0072536075 28.3725167887 28.3895154502 26.9216671954 27.7507052795 27.4516491317 27.6488300205 26.8955805493 27.7357092247 27.0197834433
0 0 0 0 0 0 0 0 28.0558400822 28.1915854318 27.5745989339 28.5050146658 26.6148456946 26.8122415792 42.6405120394 42.6405120394 42.6405120394 43.3437662201 43.3437662201 28.1060967463 27.4707677974 26.6013922735 26.7142929368 28.4644351974 27.7945417641 27.0585468386 27.204912619 27.6665081226 28.5414112874 26.5998195853 27.0572218242 28.0135032981 28.5706010795 27.5675244707 28.3051445999 26.8292904656 27.300868511 27.7432189459 28.0977250582 27.4734845504 28.4938461221 28.254971644 26.7212750641 27.8229962856 28.4833849892 27.2023897388 27.2044687173 27.6496249401 26.6910760533 27.7729285472 26.8439039627 26.8103796753 28.5207634029
0 0 0 0 0 54.5736939492 52.1275217932 39.3105060918 28.2248073493 26.9176644642 28.0847019842 28.618276579 27.7061543408 26.5000239311 27.9575394785 60.1697783792 43.3437662201 41.4435547081 41.4435547081 41.4435547081 62.12716631 28.0720194271 27.6874064523 28.4686004315 28.4409498418 27.8571131741 27.3715875098 27.4054537471 26.586484524 27.5790653048 28.0801916604 27.1816016445 27.9065421769 26.5984357845 26.9855746109 27.2490119599 28.3910679624 27.5981751466 28.0092340479 27.9086118664 27.0221096999 27.0571472269 27.9327661872 28.2997092718 28.2948249028 27.1548252623 26.8142233217 28.0464547182 27.7489049239 28.2971112038 27.2217334376 27.089733309 27.8289901479
0 0 0 0 0 54.5251207976 42.4107483559 47.5528240287 46.3915743564 27.5928422235 26.8538667062 28.5624606784 27.0220770103 28.3807998695 27.0526584189 28.397062549 43.3437662201 41.4435547081 41.4435547081 51.7272739292 51.7272739292 46.2865180413 26.8311632594 28.4187620307 26.8218542603 27.5323942575 27.6275424661 27.9121770382 27.3170368483 28.036825387 27.2790844356 26.5904738579 28.3354818416 27.1086013239 28.5645830372 28.2540378452 28.1277791735 28.0709937007 28.0294037932 28.5365404452 27.8210932548 27.5736195298 26.8460627296 27.7771132672 27.354049484 26.7846346322 27.3386735133 27.955543998 28.4538813759 28.3609156435 26.6601535475 28.0630278946 27.4870996832
0 0 0 0 28.2349613014 50.7721056642 48.502158861 49.9435605647 42.55896543 27.4924667111 26.9610724275 27.4671002572 28.4473527773 27.6953807085 26.5001204386 28.1603262213 28.4858823356 27.9639452061 51.7272739292 51.7272739292 51.7272739292 46.2569435158 46.2569435158 26.7330215422 27.9117304427 28.0700582586 26.6630879605 26.8061622688 27.8211409603 27.4286741401 27.3679582368 26.7700453567 27.7719608046 26.7224231904 28.5378452973 28.5680739032 27.828500805 28.240383347 27.0439542805 28.207064908 27.1552063791 27.6109756046 28.5542911706 26.7990016837 27.3164530807 27.3678372439 26.9567813491 26.6353522111 27.6490554832 26.7230863905 28.5305970088 27.4964125634 27.2015145657
0 0 0 28.3296900012 27.5051805062 26.8375162613 42.55896543 42.55896543 42.55896543 26.6788006697 28.0447840611 28.2051341101 27.4074760357 27.3500311168 27.9237236054 26.7438110123 28.4637639121 26.8664247705 27.3410014713 27.6194793446 46.2865180413 46.2569435158 46.2569435158 62.5727882728 59.954218283 27.975093731 28.5584766375 28.1286791904 27.6979361395 27.1259161139 28.1729697077 28.316178798 27.2835094243 28.4850973487 27.1546880562 27.8331914276 27.71004418 28.1239884852 27.3315936338 26.7800238914 27.9469340255 28.6125282447 28.0615810015 26.6658583898 27.0414600197 28.0435695559 27.4142205772 28.0438802656 27.8450847946 27.4559185548 28.3597509154 27.5306206254 28.587844981
0 0 27.8038613987 27.7917011452 27.1570362313 27.927726274 28.3142757552 63.7467380803 48.7700559317 58.4493955019 27.2931985203 26.524516004 26.6180799978 28.4901973682 28.4904440899 28.0129058094 27.2791852376 27.721879148 27.9618753258 27.8673161104 50.6608126087 46.2569435158 62.5727882728 62.5727882728 48.1225145692 26.5966025655 28.2561954257 27.8157721785 26.5819921494 28.0081376345 28.0104456117 28.4682162172 26.8304732902 27.2810882023 26.6894508079 28.2467811074 28.5640907303 27.8540182062 26.6818616322 28.3116907561 27.3867597201 27.4135691339 26.6544899416 27.5397942611 26.783759974 27.9726287 27.1925637209 27.0587234139 27.9122776989 27.1010008429 27.1833195824 27.3236928004 28.3657606424
0 0 27.1112652333 27.4999040837 26.5412711138 27.6935972265 26.9160306737 61.0081379775 58.4493955019 58.4493955019 26.5719654531 27.9022011567 26.9490407185 27.8802170494 26.7764335154 27.6225970088 27.9669407968 27.8225474485 27.4904738251 26.9673213699 27.0130221873 26.7691808326 26.934654357 27.2702749391 52.6814748709 52.6814748709 48.1651116071 26.7905480744 26.8060217424 27.8097249237 27.851123322 27.975424274 27.6774465738 28.3346627728 27.7632935369 27.2867774381 28.5296187532 27.236317455 26.8896092867 26.5054222723 28.0569947618 27.8679473405 26.9272034435 28.0252781384 26.9879173023 28.3267895562 28.084069397 28.3713427037 27.2420777622 27.6268821222 27.1669658347 27.3367124509 28.2666130516
0 0 27.3309502729 26.6019920764 28.1899701049 28.5589619668 26.6444775023 26.5743036139 58.4493955019 58.4493955019 28.2428028762 57.3955300096 27.4436485031 26.9542951884 27.4608253236 27.9812337321 28.2156453503 28.1710193902 27.3478357369 28.0082868728 26.8954541686 27.5171918938 28.1305710955 27.0025849762 52.6814748709 52.6814748709 60.1950146736 74.953576361 26.85903802 28.3452263917 28.1691843843 27.8798707797 26.8896565225 28.3060009818 27.5503207496 28.417341864 26.9308628679 28.5838812574 26.6718548256 28.4199884583 28.3004406131 28.5595843964 26.8573924711 27.3780247837 28.2717314353 27.5837824931 27.9870058801 27.1188654751 28.3042674395 28.0159731025 27.4264367146 28.3954533408 28.1926981042
0 0 28.5272069308 28.6000718624 27.4928579415 28.1409293017 26.8079612015 27.3149043411 28.6190572793 27.8423939148 57.3955300096 59.8731136154 56.0407362525 56.0407362525 26.5303909093 28.3282279346 27.0796653986 27.2732102037 26.956630645 27.8820526973 28.2744026392 28.5356766715 27.1688269714 27.2014944752 52.6814748709 60.1950146736 28.3308565875 27.4554132169 28.5020199181 27.5457064795 27.9528959981 28.3725771937 27.3651751572 27.0881411666 28.0169837442 27.7348811658 27.5646328708 27.3608670131 27.6204577961 27.5939116574 26.9748714783 28.3741967357 28.53437131 26.8963412518 27.9135934736 28.05279538 28.4298945661 26.8844337286 26.9453289349 28.3813173385 26.7844959338 27.1384074829 27.5406977885
0 0 26.5115382583 27.497248757 26.6119747147 28.3460226996 27.2448192734 27.971916411 27.1148677296 27.875228849 59.8731136154 59.8731136154 56.0407362525 56.0407362525 44.0868028093 56.8069378258 27.2929987583 27.6316412803 28.2922839138 26.6459450104 28.2888949301 28.5403934866 27.9780465786 27.5412848645 27.1678877724 28.5049391991 43.637698898 46.1790167302 46.1790167302 27.044617422 28.6127418491 28.1172117033 28.599421357 28.294103199 27.6256826398 27.9494035859 28.3776332458 27.5588981486 27.8231625686 27.2761745628 26.5575935677 27.1390566931 27.5129215032 27.487164836 27.2528853988 28.3683231821 26.9067526041 27.9589740017 26.6619870053 28.2478634356 27.7413766092 27.7575746425 27.1150892887
0 0 28.2552745983 28.5520089821 27.623206416 27.5829279536 26.6260402202 27.5325150546 27.3442074907 27.0836313244 28.163947814 60.267331379 56.0407362525 44.0868028093 57.2891388084 27.0306142385 28.193314982 27.0680303374 27.2102539776 27.5285114593 28.4175559595 27.8812633879 27.3861439481 26.6112174778 28.5833289452 28.1928798933 53.067708508 46.1790167302 46.1790167302 28.2571517205 27.9132909684 28.0769294965 26.54778112 28.5286319527 27.4760465051 26.8172548609 26.5937165255 27.1517602877 27.1507163215 28.1952679292 27.6585060435 28.0913823533 26.6893422397 27.0512644458 27.4469754068 26.875408385 26.5094679883 27.6088940464 26.6950544072 26.7178482042 27.399386388 27.3939722012 27.253820126
