Spatial_Output/BAU/BAU_0136.asc
NCOLS 155
NROWS 192
XLLCORNER 196307.867259
YLLCORNER 449144.565805
CELLSIZE 33.573938
NODATA_VALUE NaN
[rows 150 to 174 of 192, columns 57 to 113 of 155]
44.5904412688 45.1803547364 45.0289000526 44.6000083223 44.7253825123 45.1796931605 44.9487232293 44.9467774468 59.0943371384 64.475167494 63.2191911155 44.6670725267 44.8874483525 44.9942308319 44.7564348199 45.17852483 44.8829052268 44.8464867843 45.1173345435 45.1788761191 44.7180165305 44.7459404294 44.6902795316 44.7928952301 44.8723648396 45.0725970893 44.7024971944 44.6482114832 45.0492545325 44.7921533972 45.1452483349 45.0723189966 44.5993568771 44.8489372209 45.0150733885 75.9832139375 75.9832139375 75.9832139375 44.7446744522 44.8100810855 45.1430508625 44.5214061098 44.6102123009 44.6983463786 45.0438675058 45.2046211711 45.1266364968 44.5437835192 44.5188943609 45.0084919893 44.7621641721 44.6198595059 44.6904446413 45.0525951757 44.9714808289 44.5094676097 45.0748499867
0 44.8040586207 45.1663578331 45.0489057434 45.0772102696 44.6379650765 44.5716529574 66.9408734668 69.7061956836 58.8752902346 68.1003284321 45.1126755231 45.0352021496 44.58338472 45.1564572748 44.5455963305 44.6263085027 44.5023730922 44.5725873701 45.197107503 44.5117146768 44.6631383821 45.1187888708 44.834265608 44.6829446822 45.150294347 45.0190633342 44.6235279188 45.0232077041 44.7613560578 44.7136471251 44.6081879079 44.5476964748 44.9800822127 45.0424406185 56.4728886454 60.8930396785 60.8930396785 60.8930396785 45.0839320685 44.9692256029 44.9571532265 44.8755531529 44.6427194964 44.8069547432 44.7974037294 45.1255304174 44.9857492724 44.5597384225 44.7613061478 44.6693106457 44.8870848004 45.0316886269 44.5280769971 45.1969151554 45.1244498723 44.9973754635
0 0 0 0 44.7924145289 44.664997084 44.8116533648 45.1845164913 68.4510697731 64.5564325013 68.0479979586 45.065142896 44.8146635777 44.7471102521 44.6374413405 44.6561189398 45.1350933783 44.6698994901 44.6061695144 44.8342019257 44.615412701 44.7241428169 44.9471006591 44.8732911073 45.0071277102 45.0307980015 45.1469127873 44.6776100846 44.9887602623 44.9522805122 45.1081797721 44.8616005452 44.9744529128 44.8374074057 44.8270776977 45.2056107962 60.8930396785 62.5736966464 62.5736966464 44.6141095286 44.980736631 44.602039534 45.1484672714 45.1220541159 44.6045611911 45.0338524616 44.5135752056 44.5655485536 44.8787698831 44.6016274555 45.1147159323 44.5220030594 44.9169657148 44.8270973325 44.9177065121 44.7879859542 45.094423926
0 0 0 0 0 0 44.6417088461 45.0852411773 33.0002963242 32.7779328234 32.7779328234 44.7815421704 44.8262935808 44.9815625135 44.8343004633 44.6787740522 44.5227092769 44.704908934 45.1858477117 44.811308692 44.7419658196 44.9697519034 44.6140509668 44.9669709167 45.1787768838 44.9598008443 45.0916021404 44.7505507678 45.1145841361 45.144790445 44.6711482801 44.6789007918 44.7239517685 45.0014319295 45.0998631527 44.9932089273 62.5736966464 78.0737217389 78.0737217389 78.0737217389 44.7057787535 44.7997755779 44.7761475487 45.0823219044 44.8130590599 45.0539934127 44.6619036635 45.1910578307 44.5401807306 44.5638456409 44.9783840231 44.5240860848 44.9202090523 44.9178500719 44.9594954762 44.6657763617 44.7324145956
0 0 0 0 0 0 0 0 32.8963474011 32.7779328234 32.7779328234 45.0422859682 44.6153526622 44.9328736484 0 0 44.6890963886 45.1298723202 44.7704242672 45.1862671895 44.9706801536 44.8735232136 44.9377668456 44.7329092606 45.1480950867 44.5622616326 44.8221295843 44.5463530726 45.0023514657 44.6528768905 44.5673700942 45.0552455847 44.5727583465 44.5730185419 45.0140886832 45.1064293365 44.7879679768 78.0737217389 78.0737217389 75.9407798995 45.0128942721 44.8804540733 44.5507637873 44.5692901582 44.6749437717 44.5357397146 45.0665917922 44.8023602138 44.7157018218 45.1934532655 44.5814857182 44.6300213201 45.049523256 44.7222476769 44.7364702287 44.682627699 44.5096374286
0 0 0 0 0 0 0 0 0 66.0952604592 67.0899620883 67.0899620883 67.0899620883 0 0 0 44.9880868998 45.1413579161 44.8550495698 44.7723289333 44.8994537417 45.1668013282 44.9591702464 44.8186897532 44.6503650614 44.709377179 45.0023088967 44.9348993891 44.9409466388 45.0735373438 44.5520432752 44.7764093689 44.6476519461 44.8651975922 45.0708832527 45.0807229626 45.0349925546 78.3002838487 75.9407798995 75.9407798995 69.7149662433 44.7349469861 44.8094961725 45.091662622 45.0408663706 45.1816872197 44.6149637246 44.6546697113 44.8201638159 44.8405633723 45.0548387551 45.0244037644 45.1576087074 45.1613907209 45.0680344345 44.8915730816 44.8315326987
0 0 0 0 0 0 0 0 0 0 67.0899620883 59.4237987115 59.4237987115 0 0 0 0 44.5741660732 44.6577251854 45.1570732509 45.2013628301 44.9221246087 45.0095869072 44.7087168278 44.9091796088 44.7177859895 44.6841833404 45.0802214884 45.0313430194 45.1818568069 44.9495941141 44.709103718 44.7756081615 45.0543944463 44.5852094296 44.7286993291 44.8858022112 44.7392861583 69.7149662433 75.9407798995 44.862987162 44.5472868283 44.6694817333 45.1028551221 44.6553809631 44.765611617 44.5692727557 45.1287462571 44.9251776034 44.7169699149 44.6565293692 45.1223846591 44.9051904901 44.7057101844 44.5152080916 45.1970344161 44.7194793009
0 0 0 0 0 0 0 0 0 0 59.4237987115 59.2302652567 59.2302652567 59.2302652567 0 0 0 0 44.6694025177 44.703168564 45.0460294987 45.175647302 44.5076413098 45.1171003184 44.6739255361 44.6934193386 44.6018971878 44.9626161944 44.9487401009 44.6656969601 45.1047949248 44.7755588138 44.7977734198 44.538292345 44.882151724 44.553266793 44.6014894671 44.8251580048 44.8679533461 70.0416349566 70.9106569844 70.9106569844 44.7193855136 44.7854246445 44.6830625081 44.8596509047 44.660145928 44.7090021647 44.8942921639 44.8355179186 44.5076300741 44.9172934273 44.8685749141 45.1446668921 45.1533913829 45.061989282 44.7765207956
0 0 0 0 0 0 0 0 0 0 61.0434689714 59.2302652567 59.2302652567 0 0 0 0 0 0 44.6159710208 44.7925845277 45.0856577636 44.8145951617 44.8735215276 44.6572702484 44.8212492829 44.5973326143 44.8869497478 45.1880764616 45.2037805092 45.0645168805 44.8259271302 44.9559855257 44.5403416019 44.6701859181 45.0514005188 44.5366919 44.7747124735 44.6896406547 70.9106569844 70.9106569844 70.9106569844 45.0029752263 45.0598771727 44.6704524535 44.7440549672 44.9449693188 45.1032661713 45.0908250586 45.0336374469 44.9218080879 44.9788861364 44.7204197722 44.7582268139 44.6710403239 44.8399481673 44.7386711476
0 0 0 0 0 0 0 0 0 0 0 0 0 0 0 0 0 0 0 0 44.6218869494 44.9304006638 45.0848050428 44.6461108508 45.0139220561 44.5483812086 45.159199429 44.9322760599 45.1966013785 45.0952534705 44.5209809378 44.6933430421 44.9837706093 44.5849875439 45.0257336442 44.6957432772 44.7745115906 44.8254115393 44.8807675856 45.0199974699 73.791301159 73.791301159 73.791301159 45.0143542463 45.0198890425 44.8515852819 45.0814573445 44.7890241797 44.5337657131 44.5049751544 44.7680493216 44.947642235 44.6640853557 44.5752148481 44.5970872906 44.6624954424 44.9611518549
0 0 0 0 0 0 0 0 0 0 0 0 0 0 0 0 0 0 0 0 0 0 0 0 45.0559098401 45.0108241266 45.0799813733 44.7469171196 44.8703775068 45.0095523248 44.6468952103 44.7896113758 44.8717054461 45.169090891 44.5860870066 44.9429614711 44.689209951 45.1469321345 44.8910578091 44.5142380238 73.791301159 63.9797865955 63.9797865955 44.831284586 44.8238485431 45.0803365191 44.7561805575 44.577028344 44.5886085027 44.8227881274 44.6486229881 45.0869601257 44.5074608086 45.2001549262 45.1951928671 45.0396616643 44.703572564
0 0 0 0 0 0 0 0 0 0 0 0 0 0 0 0 0 0 0 0 0 0 0 0 0 0 0 0 44.7407925267 44.7581080763 44.62293452 45.0502939464 44.9470606134 44.6680553441 44.8162278337 44.8168506518 44.9340385895 44.7532723069 44.5526175837 44.9055448666 63.9797865955 63.9797865955 63.9797865955 77.1880225289 45.1432538258 44.6046847118 45.0921626911 45.1574611464 44.6853248122 45.1542767196 44.702958326 44.506736319 45.1084529775 44.827701953 44.5429734534 44.956452865 0
0 0 0 0 0 0 0 0 0 0 0 0 0 0 0 0 0 0 0 0 0 0 0 0 0 0 0 0 0 45.1698780089 44.9258210545 44.8985901036 44.656675423 44.7222580925 44.6815542939 44.5148659809 44.607631321 45.094330704 44.5821482315 44.5607923672 80.9549024492 80.9549024492 57.5653480658 58.4014920145 44.5701308697 44.6012293496 44.6415217456 44.5150141047 44.5424614978 44.8166486554 44.5587336488 44.8265527709 45.1799105862 44.5894570646 44.622924035 0 0
0 0 0 0 0 0 0 0 0 0 0 0 0 0 0 0 0 0 0 0 0 0 0 0 0 0 0 0 0 0 45.1441073664 44.9532560587 45.0471421424 44.6568001179 44.5529135323 44.8002954825 44.6220555483 44.8060857585 44.5709601428 44.5182886803 45.1683021877 58.4014920145 58.4014920145 58.4014920145 44.5845415455 45.0912362243 44.6577710515 45.1488645176 45.1317196952 44.7742179651 44.8368520511 44.6940956751 44.9133875255 44.97274255 44.538264207 0 0
0 0 0 0 0 0 0 0 0 0 0 0 0 0 0 0 0 0 0 0 0 0 0 0 0 0 0 0 0 0 0 44.5961404383 44.5879255973 44.9912675623 44.5580201334 44.5408573244 45.0776638637 44.50280123 44.914142355 44.7817723895 45.0191043598 58.612454112 70.3821906495 58.4014920145 80.7718290657 44.9017669799 45.1812131916 44.9371148097 44.7266870383 45.0830355926 44.8447953679 44.5983802472 44.6227721247 44.7384563559 45.0812306807 0 0
0 0 0 0 0 0 0 0 0 0 0 0 0 0 0 0 0 0 0 0 0 0 0 0 0 0 0 0 0 0 0 0 0 44.8841692971 45.0612541507 44.9714730413 44.7322732084 44.7085788434 44.8305851417 44.6886164227 44.5226728448 70.3821906495 63.3693958223 80.7718290657 80.7718290657 80.7029853943 44.8333167805 44.6823589289 44.6895979369 44.6755032359 44.9123450023 44.5076682103 45.0119797684 44.5341812747 0 0 0
0 0 0 0 0 0 0 0 0 0 0 0 0 0 0 0 0 0 0 0 0 0 0 0 0 0 0 0 0 0 0 0 0 0 44.6158603144 45.1349185085 44.5742802553 44.757504396 45.1480312332 44.6933009055 45.0872506051 44.9080313229 63.3693958223 70.6653871984 70.6653871984 45.1387593713 45.2029085516 45.024967026 44.8143875965 0 0 0 44.701636967 44.7230768199 0 0 0
0 0 0 0 0 0 0 0 0 0 0 0 0 0 0 0 0 0 0 0 0 0 0 0 0 0 0 0 0 0 0 0 0 0 45.1382237325 44.7197879949 44.9641456006 44.745114293 44.899083086 44.5499932604 44.7498636046 44.6095441591 70.6653871984 83.0419561628 83.0419561628 83.0419561628 44.5947574246 44.8969638771 0 0 0 0 0 0 0 0 0
0 0 0 0 0 0 0 0 0 0 0 0 0 0 0 0 0 0 0 0 0 0 0 0 0 0 0 0 0 0 0 0 0 0 0 45.0220055428 44.6682009396 44.5382756016 44.9057797331 44.9470279512 45.1246308127 44.7902919858 44.7129587797 83.0419561628 83.0419561628 75.4648656916 44.5112707419 0 0 0 0 0 0 0 0 0 0
0 0 0 0 0 0 0 0 0 0 0 0 0 0 0 0 0 0 0 0 0 0 0 0 0 0 0 0 0 0 0 0 0 0 0 0 44.6206708025 45.1162555652 44.5353683085 45.1102060972 44.8095110349 44.9128694201 44.530753184 56.3907703019 75.4648656916 75.4648656916 64.3787254974 64.3787254974 0 0 0 0 0 0 0 0 0
0 0 0 0 0 0 0 0 0 0 0 0 0 0 0 0 0 0 0 0 0 0 0 0 0 0 0 0 0 0 0 0 0 0 0 0 0 44.649802109 44.7995882845 44.7220752904 45.1902405849 44.7566663192 44.568790352 45.0941049821 75.4648656916 62.8213776638 62.8504568338 68.2872869178 0 0 0 0 0 0 0 0 0
0 0 0 0 0 0 0 0 0 0 0 0 0 0 0 0 0 0 0 0 0 0 0 0 0 0 0 0 0 0 0 0 0 0 0 0 0 0 44.8251813199 44.6329155348 45.2045387757 45.0977673433 45.0938917728 44.5470170378 64.7111016371 64.1894690553 67.7453016341 71.7180519789 65.6010979174 0 0 0 0 0 0 0 0
0 0 0 0 0 0 0 0 0 0 0 0 0 0 0 0 0 0 0 0 0 0 0 0 0 0 0 0 0 0 0 0 0 0 0 0 0 0 0 45.076241913 44.9698018171 45.0384942652 45.0527975061 44.9524330483 45.1571915505 62.9423966958 67.754903 66.1254014088 32.7155591667 32.8834300461 0 0 0 0 0 0 0
0 0 0 0 0 0 0 0 0 0 0 0 0 0 0 0 0 0 0 0 0 0 0 0 0 0 0 0 0 0 0 0 0 0 0 0 0 0 0 44.6559347468 44.777883461 44.6824525668 45.0034607093 45.0815257823 0 0 32.7155591667 61.3377666132 61.3377666132 78.9453372999 0 0 0 0 0 0 0
0 0 0 0 0 0 0 0 0 0 0 0 0 0 0 0 0 0 0 0 0 0 0 0 0 0 0 0 0 0 0 0 0 0 0 0 0 0 0 0 44.7342739585 0 0 0 0 0 61.3377666132 61.3377666132 61.3377666132 67.6792871394 32.8874095716 0 0 0 0 0 0
