Spatial_Output/BAU/BAU_0656.asc
NCOLS 155
NROWS 192
XLLCORNER 196769.923733
YLLCORNER 449719.875193
CELLSIZE 27.603701
NODATA_VALUE NaN
[rows 69 to 91 of 192, columns 0 to 52 of 155]
28.1116281672 26.5428847643 28.5336694943 27.6346391198 29.179420911 28.755065869 28.9085207076 28.2700657303 28.2543126348 24.6323052969 26.9818028032 24.6985220541 27.9196807031 27.5092961273 28.8317911668 27.9890417656 26.6710098655 29.0432354838 27.3092591699 28.9300202604 29.2413212825 26.3147535269 26.6772825753 26.7395497129 28.4642906706 27.5313601365 24.8451994983 62.8106037631 62.8106037631 62.8106037631 26.4848388439 28.3217531737 27.7142066598 29.2769036255 29.0736456959 25.2352929697 27.4918877909 28.3479038924 27.4386786364 26.2730855637 28.9220615086 24.7883622844 26.7258681392 28.1128753764 28.235832468 27.2473401785 25.5676281148 26.9807476659 28.719017509 27.7550680904 28.2498890288 27.1283138032 59.257557341
24.7459381742 28.3918381657 26.2201224214 27.643870453 27.3470482077 25.8074028252 27.2358067378 26.5556501802 28.6438525473 27.7089508368 28.6141720296 27.9651457849 25.2016988779 26.5174237603 28.2607123412 25.2874510278 26.038561103 24.5689621852 24.509422063 26.4478058199 26.5954490132 24.8453210541 26.4340260812 25.0261781357 25.3118810002 26.3665735747 27.9564316265 62.8106037631 45.3201980107 57.3172611632 24.5898662812 25.353333832 24.608256123 28.758562206 27.6390391447 26.5147822353 28.9446212973 24.8168714376 28.6010038312 29.2615129303 24.5636686883 26.8695797275 26.2721397447 25.7396365093 25.5593317772 26.4804882029 25.3043619007 24.7648967759 25.1056272548 25.5100027982 29.0208300732 29.2965719929 26.0384371798
28.0361603653 25.0023242351 26.128624889 29.0795296851 25.3693976569 28.5029768871 28.7569956281 29.3698096516 25.1343772164 26.4763048852 26.4229147038 28.2987261602 28.15725081 28.3637389453 27.7899591585 25.8953030092 27.9388569547 55.5916422017 25.2336736706 55.5916422017 26.3907652508 27.1693358328 28.9575881709 24.8484288893 29.0301004839 24.81247899 26.8367859355 28.5722820552 45.3201980107 45.3201980107 24.8714478519 27.3288058376 28.6920573447 28.5568748343 28.0369543807 27.8224438761 25.0892873526 25.5854478809 24.5391895521 27.7009800961 27.131533527 27.07580079 26.9326201657 29.2652082108 24.9726692851 26.7372315386 27.1205777606 28.9688070861 27.8452659539 26.4059254857 27.8745813898 26.6708354089 60.5053305083
25.1519732593 28.7397599434 28.4570462362 27.5615405574 25.8602206242 24.9686625707 27.9026055928 25.23827375 25.9843400206 26.9460364655 27.4310917114 24.8304786663 27.8238600631 28.9092361597 24.8837387869 27.4305626302 27.9595113587 27.9113800515 58.5677821748 58.7059726526 26.1087737164 26.9511538791 25.5502738561 28.0508915533 28.6956645836 27.9475438919 24.9811115036 45.3201980107 45.3201980107 66.1009365765 26.8566579545 26.6958601277 26.5778534055 26.261969772 26.3726210339 27.0188096392 26.5715191702 28.7944221683 25.459811145 28.4261864823 26.2160709169 27.5196097646 29.3033210514 29.2687416155 25.5380705671 28.8634901151 27.8499040746 25.5409832644 29.0228184971 28.6822273593 27.9248841526 27.0320308317 28.1514379778
28.8558116412 26.04307446 26.5547147479 26.1975950018 26.4245425343 24.7647059026 29.2255757456 24.7586041136 26.8815260925 27.740695194 26.2131477248 25.9837935526 25.6970846733 25.5251186026 25.5678002462 26.8860821804 24.7275779179 58.5677821748 58.5677821748 27.2976682395 26.1558181434 27.0234658121 27.0983584641 27.9073641913 27.2384678178 26.1494389698 26.2162007078 27.344338007 66.1009365765 66.1009365765 29.0987541824 26.3604826947 27.5750822963 28.3686977784 24.5270629902 86.2909025362 26.5504929052 28.3984086591 27.8637185039 28.5252315209 28.7536617295 29.2797757614 27.1480503602 29.2725321811 27.9732873454 26.6551303554 27.0429075136 28.3155247093 27.6401045452 27.3578810599 26.701198401 28.4505027519 25.9096498137
27.7949530754 24.7473396826 25.764321172 28.5569972685 28.0413665944 27.3459942379 25.0044109461 26.3008262393 26.8442540544 26.1501706422 25.4865979855 28.053121189 26.126930173 27.4812175564 26.2290165835 27.2802288208 27.813009537 58.5677821748 58.5677821748 58.5677821748 28.4387710771 27.9021269498 27.1188186731 28.1798545459 28.0024468823 27.9787914742 29.2336065785 26.1573120783 63.4879792656 45.3550374158 63.4879792656 29.3494409418 26.3000825113 26.2443231962 24.6723310785 50.1230274274 25.7880612676 60.3441272631 25.2400647186 25.2599834155 29.4299063583 26.9902461709 29.3280494009 26.7002381279 26.479380776 25.238191717 27.9370562532 53.0475893612 56.8029517252 27.763771428 28.0105761152 27.2013367936 25.71565224
26.7617701298 25.3346443151 26.5047478169 27.2365425704 28.0708716366 29.4353145524 26.9409621967 28.457175656 28.8634124362 28.0208033952 27.1588020221 25.6934218753 28.4084765042 25.883617822 27.5685102163 25.8047457929 64.8820376984 43.696212764 26.1537735647 42.9774851734 27.2414391733 26.4495733333 29.0878991029 28.4607869032 25.1245918436 26.7758196169 25.0369500926 45.4447496438 45.3550374158 45.3550374158 45.3550374158 55.2140188852 55.2140188852 50.1230274274 50.1230274274 24.8925569498 51.1161303912 51.1161303912 50.9152210043 27.2463500339 27.8131352504 28.3869801796 27.3550678296 27.6116369401 25.6368432125 77.4291721841 56.1939263358 26.4089731651 56.8029517252 49.2791187542 59.4807419772 59.4807419772 59.9645381598
25.4257107573 27.1337226973 26.9712304043 28.986691571 27.0324756058 28.0593561415 25.4757685702 27.0541458819 25.7492036947 29.310381451 27.3945282633 26.3434174327 24.6879278246 26.9955522996 27.3058277144 29.2570108568 54.3322605285 54.3322605285 29.3983282255 28.032250588 26.9997328814 26.5585097074 26.4191023549 26.5602005533 24.6946433511 28.0588609193 25.2314714246 27.7303660094 45.4447496438 45.3550374158 59.5477095474 55.2140188852 55.2140188852 29.1988108654 28.9467718214 27.096389671 51.1161303912 51.1161303912 25.5983158445 50.9152210043 28.0855413714 47.446329915 26.8263137665 27.0906954526 25.2648242704 77.4291721841 28.5224539588 28.9091238648 28.6784902899 59.4807419772 59.4807419772 59.4807419772 25.7564617648
27.0034498138 27.8677847415 27.7843254787 27.9324938085 25.0242289301 29.1196928403 26.8376119352 27.1660587159 29.3413677587 24.7451029558 27.5943057429 29.4289870995 28.7325757219 28.6434143655 26.1334504121 25.93216627 54.3322605285 54.3322605285 64.8820376984 26.6315508497 25.1057657827 27.7900525047 25.620891733 27.534636777 25.8118501744 28.8359609901 26.3152639475 26.7271320036 59.5477095474 59.5477095474 59.5477095474 28.6721166389 55.2140188852 26.3223784585 26.6037429837 25.7538773896 51.1161303912 25.245306752 24.8639334781 25.6272455251 58.1301232478 58.1301232478 28.8022406708 46.3992470994 20.039077016 27.9857320151 56.1939263358 45.5498364812 56.8029517252 26.127885289 28.7803226242 26.468247202 26.3942249931
25.3402194985 26.4135984732 24.5808495963 26.4903418607 26.4272837199 26.7360595389 26.1257412721 25.5275757706 25.7588287856 26.9227569347 25.5169710193 26.653844655 24.7448073273 53.4370980632 86.0296679803 40.337248188 25.7491079758 28.9476609006 28.4147403376 29.2941611923 27.7663261463 25.5429468021 26.8331063159 24.6669932765 26.4389806501 28.7657245148 28.8655034668 24.6029802504 26.0009614273 25.8258627497 27.3056978698 28.9161402699 26.8552375586 27.2175643782 28.8454077854 27.5443565094 26.220684395 25.6199663475 25.5775009354 28.500536727 58.1301232478 58.1301232478 59.6510038878 45.1339593542 45.1339593542 67.637982594 28.7563723438 28.7049534055 25.1398578027 25.7943474723 27.3687338198 29.1750077744 28.6148689167
28.8790508068 25.8745052814 28.9576126681 29.3384214123 24.8754691339 28.7800943099 24.7422899769 27.3726645181 27.473328294 24.8687401111 25.3085134053 28.9578124778 43.7222890336 47.3720517422 26.7402735908 40.337248188 40.337248188 27.9918357265 29.0957907123 27.9663038826 28.2565925266 25.4383888389 27.046774001 26.7339494688 27.2334128549 24.8006794177 26.2239982648 28.5254424613 26.0188887531 26.7763148891 28.9484464739 24.7942042066 24.6021448881 24.9383747544 25.7886239801 28.0675533829 26.3102769312 29.2390611429 27.6480866211 26.1494092547 58.1301232478 27.9173471521 49.6723285236 45.1339593542 45.1339593542 27.3753018767 28.5707113947 26.3238182155 24.6657042348 25.9613323191 26.9494016886 29.2429365065 28.542578655
27.6620514393 26.5301751972 28.0292730857 27.019453265 25.8602168472 26.9473449948 27.5960921662 24.8644381651 27.8667520661 25.6087157616 26.3802055536 27.7170000891 55.3312463318 55.3312463318 47.3720517422 26.9039017136 28.0238751512 28.6020244251 27.4356363261 25.3723152143 29.3761790372 25.9623910292 29.0476874702 28.2337671244 27.1194405847 28.1359086181 25.6474669475 27.2564805887 29.2900860075 27.3532685766 26.4018442658 29.27122412 28.6777010888 25.1993933211 28.9410701881 24.6308557467 28.7208503602 27.1217272324 26.2897172051 29.15238132 28.0420592428 53.8973841256 28.6035751695 49.6723285236 49.6723285236 26.0641187628 28.1312272373 27.243001964 27.1065309256 27.4243829333 24.6263640884 29.2192417363 24.9991663192
25.1033963678 28.694602885 26.8024196257 28.6033142755 28.1357493214 29.3671951466 24.8608982997 49.1547376566 27.6347550989 40.8300808404 40.8300808404 29.0357556125 55.3312463318 55.3312463318 25.5933255021 28.688278803 28.1054193524 25.0423230404 29.4384402937 28.1074937392 28.7754815384 26.3429101095 24.8271495424 25.7016392464 27.6450910298 24.6479748496 27.0166048306 25.3055958725 24.655641619 26.8967428694 29.2820595324 25.7640971536 28.8929051806 29.214982962 24.966262739 29.3489184368 26.1290649214 28.8268725175 26.5416248456 25.2050977211 24.5859121727 28.1664564834 53.8973841256 53.8973841256 29.3371664044 28.6367054093 27.1608497431 27.0876891864 28.7254363842 25.0057498494 28.6106075267 29.1064468249 25.0074129856
24.9641692547 24.9477377313 25.7703501057 28.0228407495 26.7976423698 27.4770082601 29.1026134496 49.1547376566 49.1547376566 40.8300808404 40.8300808404 24.5364774758 28.8287876456 24.9369631018 26.2333608599 25.7236236177 28.1986884872 28.8151840988 25.4938124264 26.4303045409 27.2966651128 29.0360118689 26.1516164875 26.2165524597 26.9342801512 29.1440436149 28.8456324345 26.226562864 26.0573369144 26.2988630583 24.6334691283 24.6979572017 26.9447341001 28.5158996416 28.7957513694 27.2238197691 29.3270018924 25.0741947967 24.5933343154 25.2035017921 25.5083278402 27.1332514413 28.3959819732 65.3080211558 28.4823161882 26.5510889815 26.6068317772 27.5000716383 25.3829745966 29.1836088119 26.4398173061 25.7136954557 24.5351559125
0 28.6424679769 29.1031735225 26.0259614181 26.2806547079 27.2572315768 48.5245900646 49.1547376566 49.1547376566 49.1547376566 29.2946489927 25.9057754446 26.9666617474 27.6579189599 28.0608924262 25.5931865186 28.9141107078 28.7456280109 27.7164660602 29.292092586 25.1431665052 28.7018034453 29.3954250509 27.5778064463 26.3107085585 26.7621847813 28.4191954109 25.6463161161 25.7084155193 26.0637772552 25.8740598584 27.7512979146 27.5852818789 26.2556648296 29.1263213608 25.1093458248 29.1803726618 26.0111376164 28.5346018613 29.1024294035 27.5212930889 24.7388513949 65.3080211558 65.3080211558 65.3080211558 27.035318617 28.3788307276 27.0372796956 28.6075434659 26.3143225907 26.9520012962 29.1558206829 28.2976203264
0 25.6505984833 29.2844461275 24.6158555884 67.9516763084 67.9516763084 26.1713991284 26.5230488054 24.5649983858 25.5896389254 26.934969657 24.5969197512 24.8745950852 28.1725323951 29.2342964576 26.9321021564 29.0399906307 29.0057407198 24.6353692713 24.5690406716 25.4397711896 26.5518642296 29.1984997503 26.9745951651 27.2283150959 25.1123451677 29.3684346415 28.7552726833 26.0169119704 25.3956940502 26.4531516351 28.3356211877 24.9624085062 29.119271526 27.768440275 26.4488671339 28.4258341441 24.9971872669 28.255202514 27.1498266958 28.8058284109 82.2796691631 81.7268232549 28.7332976988 28.0507733091 26.0480158957 29.3395452077 26.9177891574 27.9062095584 25.8893737401 27.9490629907 27.7682437022 26.3102898545
0 29.3780776258 27.634527683 27.7008390612 67.9516763084 67.9516763084 67.9516763084 25.0760277916 28.331495061 29.2667534963 27.5985424912 25.1252863501 25.4960245947 27.9266796401 27.3010045903 27.94843565 25.0554050427 27.2907578096 27.7532795946 28.2465332243 27.4701244954 24.636063817 27.7282361216 27.3524433006 25.2428621895 28.8296928612 24.6986507496 27.8230178268 27.4514651994 26.9297675446 26.3006794655 28.0526864576 26.2131199388 27.5263025861 25.544003395 28.1157555884 28.5861040786 26.5656816559 24.5266908124 28.5790867722 27.8582223289 81.7268232549 81.7268232549 81.7268232549 25.8250054598 27.2590198749 26.2057170356 26.067682769 27.58467987 27.9970317336 26.5174835671 24.5670705615 26.6750004495
0 0 24.7126860665 26.6383165483 29.0211877899 67.9516763084 67.9516763084 25.4434448319 27.2104373198 24.9818401585 28.1686158599 26.0523843636 25.1400420397 27.6194087799 28.4139460498 28.2795728436 28.7390589266 24.511016863 29.3729100321 25.3104944927 26.882222107 26.8356437042 28.2279922225 28.7679669538 26.6299870979 26.3261904409 29.0211946284 27.1685189254 27.5809593506 26.6996518625 25.8680889409 27.3735209907 26.1597675191 25.4472043844 27.471667279 25.5276779898 27.8960972806 25.3483546184 24.9967855763 27.9926651316 29.0847311683 81.7268232549 81.7268232549 39.5385485829 63.4731015446 28.920612462 25.281358279 28.3611480333 27.876398903 28.0214234866 29.2195490243 25.8303147971 25.0034539837
0 0 56.8584791373 38.218278201 28.6554801756 26.484935016 26.5302955513 28.7982802151 26.3129978068 24.7936000877 24.9205384158 29.2224888283 27.4200726155 25.4850742677 25.102545763 24.9790322389 26.4708477428 28.2577439025 28.0995844462 26.5069187109 25.1660588526 29.3498581606 28.3815585429 27.3865882085 27.9932201138 27.0186916887 28.785584749 26.709060586 28.0471228947 28.0775309431 27.1128438088 28.2663607486 25.6584293528 25.0161723739 24.8833304605 24.6651679261 28.602537626 26.7171512492 26.0407260949 25.2810953116 26.3370246301 24.7549133509 24.8888425565 64.5232187523 26.3094972653 27.8966282687 25.5050387154 26.2326590183 27.5649977934 25.8582484799 28.6833514559 28.4970382226 28.1522217372
44.3869764755 43.2245862292 38.1192927544 38.218278201 34.8127811556 24.7134914659 25.6047222338 26.7586529061 28.6340838585 25.5897867014 25.7759484555 26.1208705396 25.2637827519 28.7999442422 24.8944840558 28.5761409913 27.9386869658 25.1711955658 28.3885641328 26.9577985009 25.8159191652 26.675404602 26.2789208248 28.2403482507 29.043993414 28.5731993053 27.0169184788 28.888404336 26.2986555985 26.0241776056 28.8407185138 24.6761319973 27.5789492683 25.8067704658 28.676316128 26.8592095174 27.2112699183 25.1187315707 27.3554059429 25.5419751225 25.1488816855 29.2996503343 64.5232187523 63.542570848 63.542570848 26.7597448355 25.8229772257 27.7666887347 27.5822201826 26.6526558058 25.6158911655 26.4744644076 29.0978376416
44.4293793752 39.8637189923 45.9904767522 38.218278201 38.218278201 0 27.61463788 26.7096910273 29.4266407151 28.5534020059 26.2743501258 28.5834768879 24.8091382048 25.2755897712 27.4330988371 28.0824687728 26.11754291 27.2154985043 27.6665948207 28.4216939405 26.0022000347 26.6273229836 26.4391926282 26.2497153527 25.8979074075 26.7052996849 24.6711129997 28.3425332932 26.2366877677 26.9877937009 28.7865010873 25.8599194858 29.0666347506 25.4969780148 29.0997456815 25.7412321713 27.0902289955 25.2811444585 25.8573313774 27.2635983372 28.8956087043 28.2040377551 63.542570848 63.542570848 63.542570848 63.542570848 24.5944621247 28.9474731484 26.3615641315 26.5945221547 27.828191686 25.3843082222 28.7838747843
43.3486670797 48.7556376006 38.7619319344 39.8420788234 0 0 28.2020491591 27.0324736897 29.1960358276 27.9660607992 27.0592170551 28.8131605617 25.9644959789 25.6308875782 27.8647729736 24.6363066505 28.4706315819 26.3485191649 26.0864670597 26.911635081 29.3851160034 28.060876649 25.9310857595 26.6650765129 26.810989719 26.2891239865 25.5407996347 25.6318771896 24.8273473175 29.2806373322 29.198321521 27.9660170299 25.8168312804 27.8466817909 27.2765648643 24.8345294188 26.5604534102 26.1877686528 24.5381254407 29.2108107599 25.5844506084 27.8809709352 28.0975007281 24.8999484078 27.2519891736 24.7659896879 28.957455265 28.2907400796 27.8152858417 29.0648786623 24.7592765384 26.8763733435 25.0207014847
0 0 0 0 0 0 27.4383825637 25.1585135227 25.0739584308 25.7497753415 25.4452217175 25.1398825262 27.8961066096 26.1848741789 28.8288599578 24.8264288731 28.2363817785 28.9191193528 24.5680299546 26.8896503274 26.8973216356 25.5470791403 27.411571135 27.8228820297 25.7217414162 28.2943998969 27.3476541425 26.008093874 25.2546660513 28.0560942915 25.0136181708 28.1867043814 26.0356879345 28.3904710899 28.9504743817 29.1482876841 27.3387779366 27.1925534084 27.333144547 28.8901167197 29.1642521781 25.5993522709 28.7841255872 24.6921864684 29.2704942938 27.8151135707 25.6644281116 27.0624187065 29.3478874333 26.2296947206 28.1275348731 27.3441064554 24.7544769239
