Spatial_Output/BAU/BAU_0563.asc
NCOLS 155
NROWS 192
XLLCORNER 196307.867259
YLLCORNER 449144.565805
CELLSIZE 33.573938
NODATA_VALUE NaN
[rows 75 to 99 of 192, columns 57 to 113 of 155]
28.2044481499 27.0921456785 27.068475981 26.6285005092 28.0781881536 28.3233916419 75.6033386774 75.6033386774 52.7061255234 28.0628494733 26.8674202051 26.7585264351 28.0669488341 27.835104636 26.5427456037 61.9627628741 62.4533966575 62.4533966575 47.5617193507 50.4105649854 50.4105649854 70.7845880597 28.3401436567 28.4377245223 27.5799843039 28.2632855289 26.6189112599 28.4647980523 27.6062224901 27.6845494278 27.0499659339 27.2237715193 27.1989003923 27.8251231214 27.9360866755 27.9782400122 45.0651232088 28.4809308959 71.9484477982 71.9484477982 71.9484477982 27.097125571 27.0388054168 27.0345094637 75.923436312 75.2849053102 61.2479356539 28.1155757174 26.8630957072 26.7793809657 27.749480007 26.9352123164 27.6196171885 28.0226682095 26.5823895261 26.8084556423 26.7887709082
28.4570151056 26.7473399454 28.1525266191 27.1282765958 28.2229712785 27.684055804 27.1251925554 27.7907736316 28.0964436858 27.9483818476 26.9939566963 28.1391748342 28.0342044984 79.5733299977 38.3216854933 38.5893407517 62.4533966575 62.4533966575 48.4174082291 27.149629721 27.970874221 27.5018115866 28.0213120072 27.9438448076 28.0119366123 27.1290845344 27.8889670354 27.3305515108 28.0174890123 27.6673642776 27.2229406387 26.9050303693 27.0232873064 27.1309884288 27.6494620792 27.4790244364 27.1108004667 28.1564388007 27.7088714845 71.9484477982 55.2535532265 55.2535532265 55.2535532265 69.7989187167 27.4450480272 75.2849053102 75.2849053102 27.3141160306 28.1116249068 26.6391227671 26.8317787297 28.3437236446 27.5609761379 28.3022986178 27.536905221 27.2863677494 27.4816999229
59.393682767 48.9784972136 27.1913737075 26.7167045234 26.7929277186 26.5404822709 28.389374476 76.3528283177 76.3528283177 76.3528283177 28.4369340536 45.7265538397 52.5559199816 40.2011532906 79.5733299977 28.1035849162 38.5893407517 48.8407831476 27.5525487309 28.5118959424 28.0366861942 26.5475296892 27.0113239175 27.3841993166 27.9457471279 26.5512715883 27.8839144518 27.9231551412 27.690113702 27.8489700963 26.5839925599 27.5380245222 27.2110525702 26.7374369033 28.2542462191 28.090215784 28.4881519531 26.9227627111 28.1612513282 71.9484477982 70.5672332758 55.2535532265 69.7989187167 69.7989187167 75.2849053102 58.5671280449 58.5671280449 26.5078013392 28.4894522724 28.4080034856 27.1232143946 27.3286498535 27.2368335577 27.3572631238 26.635187762 69.4530089259 45.1042570184
66.866944401 48.9784972136 48.8505529729 48.8505529729 26.9801715098 28.5924291197 76.3528283177 76.3528283177 76.3528283177 49.3537817673 47.0404232652 47.1910163399 41.981554799 52.1292417934 79.5733299977 28.3544463372 28.2189524757 27.8892114498 28.139745691 27.5257490523 27.2229118721 26.7901745666 28.1289534291 27.2966619549 28.0409728422 28.1142913923 28.5329493159 27.8365076887 28.0957001755 26.9480544467 28.6135666518 27.1244149097 27.8818017935 27.7332433348 27.57565509 27.5675176415 27.5743956654 26.5128822671 27.9104768633 27.4268051307 27.2050526186 55.2535532265 69.7989187167 53.4711362995 58.5671280449 58.5671280449 58.5671280449 58.5671280449 28.4900891088 26.9006784257 48.0029300648 27.4761505641 51.8134529592 51.8134529592 27.5620758936 69.4530089259 69.4530089259
52.470805493 48.8505529729 48.8505529729 48.8505529729 27.4853796195 27.9006670938 27.9305782208 27.6058116833 27.4900855014 49.3537817673 49.3537817673 52.5992655827 51.9922083009 46.0306056131 28.1283847039 28.2331912032 27.7649243483 80.2328288487 27.6627587708 27.2812164824 27.2171729515 26.7346118221 27.6662231822 27.1950514536 28.5148925621 27.939663602 27.6168826228 26.6674279644 27.9556599125 27.8194381781 26.9207204332 27.8342201886 26.5233991957 28.1882232184 27.9308655442 28.0032955098 28.3057422604 26.7280556684 28.2808557989 27.8843321253 28.3829343301 27.0834775323 26.7887764648 27.5595942 53.4711362995 60.0997654946 45.595568025 45.595568025 26.6551358028 48.0029300648 48.0029300648 48.0029300648 51.8134529592 51.8134529592 26.6142096792 69.4530089259 69.4530089259
55.7251970414 55.7251970414 48.8505529729 28.4566112055 27.5221323438 26.7051095415 27.670827225 27.3457485055 26.7661989381 49.3537817673 49.3537817673 28.2764331797 27.7319849956 28.3577543541 26.7877163099 27.8987527166 80.6560170826 80.2328288487 80.2328288487 80.2328288487 28.2058702633 27.2659869116 27.8570393416 27.7680444984 26.5298747887 28.3552684637 27.5331248751 28.2482925048 28.6184830856 27.1664598789 28.616609209 26.5407486426 27.0318595581 28.5131149193 27.4376373041 26.8097952019 28.0984279119 27.6375623084 28.2806624203 27.0045584155 26.9964528064 28.1555854563 28.4233820459 26.6825467386 27.2441581886 41.809869376 28.5857139378 45.595568025 49.2597700113 26.9585777594 48.0029300648 28.2875109251 51.8134529592 27.1947367366 28.5341961314 27.1624514409 27.9804268404
55.7251970414 28.0267445921 27.9111030537 27.5613383946 26.7054337486 27.4126157702 27.8333054717 27.4004460499 28.266997486 27.8727101702 28.3326415613 27.3701167727 28.0810678477 27.9072559362 26.8303576259 26.6011361057 80.2328288487 80.2328288487 80.2328288487 28.3357392325 27.0242050716 28.3846616336 28.1625801692 27.9870091942 27.9109630858 28.1336091216 27.8880712223 27.5145964148 28.4244701884 28.008909403 26.6533676986 26.7909653854 27.876271861 27.6410415852 27.2483434175 28.0308535582 28.002270944 27.7114547393 27.1825435061 27.7723250379 28.2819338887 26.5658629268 27.8653705351 27.5458438664 26.7271702572 28.4564681122 27.6017879899 27.5769273836 26.6517069259 26.8703467058 26.5320857085 28.0662056902 26.5336146012 27.9215988182 27.4913251934 26.9004330586 28.4149576587
28.0521165323 27.4510174219 28.4496439714 27.6790398983 28.1539456556 27.3451862 28.4992342534 26.9604449505 28.5956729364 27.4139460985 27.9627663196 26.9693924113 26.9224732842 27.6301675978 26.9703582797 26.6407441719 26.6346215818 27.0099791563 28.3193677543 27.8469123998 27.2199744548 27.7835150653 26.5290828299 27.1825624914 27.7339820771 27.2636988704 28.0050411753 28.5321217062 28.2585460416 62.9033699175 26.5936791049 28.2875222543 27.956423312 27.0215719541 27.3175540043 26.5850550051 26.6362848813 27.5943571872 28.1000935989 26.6646265572 28.1454267824 27.8735591459 28.5785109546 28.4059583744 27.1329748431 27.1557876201 26.7325731285 28.1674444146 28.0489087563 28.0614426931 26.9161717845 26.8885636159 28.2166177718 27.4344091399 26.8169111922 28.4423013151 26.6932121021
27.2508500574 27.2031486905 28.2592864239 26.6091842666 26.6334327167 27.1158955797 26.6152653895 27.7544834974 27.2086116858 27.7707770251 28.0621423378 28.5333270273 27.6205917369 26.7645144796 28.0720508037 27.756763112 27.4413825351 28.1146740033 27.9062476722 57.9340251263 27.8054478527 27.9934203531 27.4292251228 26.931306771 27.1773154531 27.8259631932 27.1600113998 62.9033699175 62.9033699175 62.9033699175 64.6014978947 27.8457615218 27.9414286937 27.1729555186 28.2973255489 27.564151313 27.9175492683 27.3990357807 27.2762363919 27.1681918114 26.6255396358 27.9423798423 27.1101005172 26.5936205527 28.4521766117 27.9613492991 28.281361685 27.8364466696 27.4142802734 28.210902261 26.5504328136 28.3359050759 27.3238721312 28.2319326648 26.6212078589 28.4826347325 26.6326749992
26.9625299069 26.8609131447 27.7330587978 27.1305717816 26.7600119294 28.3248129286 27.6711881884 26.563494398 26.8834133098 27.1610430843 27.8068361017 26.8974660724 27.8770756242 27.5232624244 27.9253685679 27.6103509376 26.9731598473 27.1096358126 57.9340251263 66.1408610447 43.2958906437 27.9232541492 26.8493017528 27.6920097333 28.2926668149 27.2340266773 26.7026124136 27.2025993968 49.0434276529 49.0434276529 49.0434276529 28.1714209499 28.2274252422 27.4756653755 28.3762886005 27.402243089 27.4178806314 27.7745519458 26.8445490416 28.2682432452 27.5452624937 26.6516116545 28.5448844744 27.3290064158 27.2402276547 27.3546332415 27.7877173441 27.0093749622 28.3452583934 28.0076332609 28.1398452172 28.0678279415 27.9111438277 28.0301044866 28.3783571396 28.1329066586 27.2245402632
28.0336324327 28.6027395925 27.8477851673 27.6988225468 26.6868038889 28.284216747 26.9377627204 27.7715723795 27.3515776146 27.6646547306 26.5926254434 27.431989781 28.3506964042 26.7082203897 27.8863560679 28.0242838084 27.7249395064 27.6016857718 43.2958906437 66.1408610447 66.1408610447 66.1408610447 26.5656060834 28.3751063934 27.6413286398 27.2120118459 26.8118099886 27.6401652968 49.9501654322 49.0434276529 49.9501654322 27.2383656428 28.4834537304 28.5128087314 28.1838269548 28.3435367989 27.7799363613 26.5188830634 26.9374250731 27.5644472888 27.2974531433 27.817445406 28.281618671 27.9641629281 27.6106802499 27.8001418483 27.010301325 27.1781898733 27.1225894216 28.1736374207 27.5206541151 26.7742424234 28.5341419665 28.3858858434 28.2490388559 27.1400178472 27.5634824161
28.1857677483 27.6862427837 27.4528567899 26.9738225506 27.5711828349 28.5753713019 26.9047094012 28.0360925013 26.9937517398 28.5697118777 27.3359808771 27.4856848057 27.1612937396 27.0165684415 26.5026027303 28.4477505272 28.130897978 26.82421807 66.1408610447 66.1408610447 66.1408610447 47.8593880926 27.0626171669 28.5604797368 27.5489858278 27.3431960026 27.6552848032 28.3370926236 28.2895852673 67.6392673538 67.6392673538 27.1586204402 27.7107088713 28.3827241409 26.8361561671 27.2771284317 27.959187987 27.9567994452 28.333373847 26.5171065424 27.597567648 26.7000438025 27.7052039106 27.2303660902 27.3156848989 27.5848879134 26.9201969127 28.4185054841 28.3557385175 26.5692312486 67.1825099715 27.2328475185 27.4400782731 28.0403584253 27.9568331927 27.7370665011 27.0953073997
28.0349998975 27.1712320955 28.0150047302 27.2222852811 28.2718634147 28.5246454605 26.792827274 27.2135152022 27.4119535402 28.5156805276 28.0550721161 27.6585251912 26.9362725044 27.1886338376 27.0590168919 28.6049271752 27.2024565719 27.7830873166 27.5101580395 47.8593880926 47.8593880926 47.8593880926 27.8917738679 28.4504142923 28.0206921934 27.6209226729 28.09742911 28.3883161101 67.6392673538 67.6392673538 47.2679940866 26.5367141625 27.3093255978 28.1005276261 27.6584775466 28.3340727876 27.9524077755 28.0278909863 28.1678784182 27.3919779523 28.0260710308 26.7095488841 27.3312801702 28.3368076781 27.1296423448 28.5904414252 27.3619414119 26.9313135326 27.8372404166 67.1825099715 67.1825099715 67.1825099715 27.4321006108 60.2406275195 60.2406275195 27.7594443816 26.7843563493
27.5831601423 27.0488644943 27.9544273766 26.5130175207 27.6736670612 27.2052817208 27.7875689193 28.2376814232 27.4773545348 28.3036976384 28.0438558509 28.5219983208 27.0921786223 28.0817044838 28.0679678657 26.5315722883 28.1037238146 28.0952758208 28.1816727303 43.1715716153 43.1715716153 43.1715716153 43.1715716153 27.148543603 27.6104640342 66.7096135034 27.5961935866 26.910018546 27.5443205354 47.2679940866 47.2679940866 47.2679940866 28.1415145614 27.3500523989 26.8040010471 28.4420852201 27.5362958804 26.8527864412 28.2927295003 28.1198725862 26.7088075531 26.9993451091 27.7717498011 27.5910972132 27.4884257248 27.9500640113 28.6135726497 26.7887499509 28.0663650947 67.1825099715 67.1825099715 52.0654118447 52.0654118447 60.2406275195 60.2406275195 27.2250905272 28.0291076248
27.5618690527 27.9228659122 27.4116331742 26.6228067266 26.5405536131 28.1231222358 26.6350074013 26.532561451 27.9678300395 27.1095336491 27.8442052076 27.0082479411 28.0715339415 28.1724150415 27.9860442289 26.9135436877 26.8640990971 27.3453148886 27.322614524 28.3947779865 43.1715716153 47.9568449933 47.9568449933 51.5113454696 51.5113454696 66.7096135034 55.9309825172 47.0136245217 46.7772539884 65.9163288503 27.2438407892 26.6808012596 26.679738212 26.8647218012 27.40537076 27.7443212794 27.728095128 27.9292559059 28.4171929517 26.9736996862 27.1238551205 27.4693160463 28.3732024722 28.5355218319 27.8110917657 28.4443141385 28.0967714439 26.7375696568 28.1354600562 27.3494213672 26.8588403778 52.0654118447 28.0949641043 60.2406275195 28.4164649554 27.9296224442 28.3494401876
26.8215824564 28.4801561833 26.6503990564 27.9234772517 28.471632491 28.5634129294 27.9371025028 26.5651917954 65.3404792209 26.6472643032 26.7037006387 26.7289629215 26.8284843202 26.7833652637 27.5822320265 26.7633980133 28.4441403329 28.0273981716 27.1277355608 27.8828540205 26.955599242 47.9568449933 47.9568449933 47.9568449933 51.5113454696 27.4854052376 55.9309825172 55.9309825172 28.1017492453 27.6319807041 28.540824064 27.9619047 28.0097483708 28.5757538578 27.4911845652 26.5015141949 28.1358215139 27.5187645426 27.5622664319 27.2512474952 26.6014281339 27.4915806728 28.3899468563 26.7283850526 27.3685106755 26.739785567 27.1245484958 26.5568794141 27.737592963 26.993729549 26.8574196941 26.5308934568 26.9147338539 26.7953249848 27.791766375 28.4459257015 27.0581100285
28.2307376172 27.3773721469 28.3621365391 28.4592769952 28.570193929 27.6489959989 28.1186329582 65.3404792209 65.3404792209 28.2496255923 27.0605050628 28.5614762147 27.178497904 27.4823720495 26.9349646617 28.1968076189 27.374098592 27.9085919042 27.9177118795 28.4795322874 27.0682564433 27.108680151 47.9568449933 51.5113454696 45.6713911612 66.7096135034 55.9309825172 28.4242390916 26.7713162979 26.9001515962 57.0242263979 28.3334802131 50.411617294 27.1281104977 27.6343288146 27.6915041356 26.6063427412 27.82595827 28.3522248654 27.7517549196 26.6884207772 28.2391572817 26.7307237402 28.2480984705 27.8853419017 28.2737109781 26.6139176562 26.6597681439 26.9993390712 28.20445831 28.2869623704 26.6917602203 28.6207171507 28.4519403 26.9408572003 27.9880325711 26.5499788349
28.1147686782 27.3598563779 28.2714401267 27.3541047549 28.3933492323 27.7863939478 26.9119295564 28.3737147184 65.3404792209 26.9022814504 28.1093984982 26.7445542272 28.2249435869 27.5267689576 26.7874011106 26.6566468487 26.6122594041 27.885316875 27.2010902497 26.6284443093 26.6013127498 27.8368989194 27.2869909109 28.1534882353 28.2945234159 26.5916860257 27.7454168319 28.4750086838 28.6141099711 28.0627093244 63.6846678864 27.1945233178 63.6846678864 27.3737734997 27.2106930606 26.5840758867 26.9938095986 27.9844726251 27.3999146692 26.9130920452 28.1425845682 28.2343376294 26.8058859125 27.2812976709 28.0624285929 27.4596796935 28.4682762612 27.8206765827 28.3775909811 26.6501956397 26.5852395627 27.7160398937 26.6355834352 28.0751271182 27.5058911368 28.2313270945 27.8449141188
27.3403704527 28.0953122998 26.5362339337 27.9066573828 26.7903429184 26.8524667437 27.1335015222 27.5240163454 52.2805788606 52.2805788606 28.3755642596 27.5431111244 27.7579129764 28.5066947108 27.1383180903 28.1639923516 26.8297835468 26.964926102 28.4325992174 76.1299776065 76.1299776065 76.1299776065 27.5760221873 28.3081307575 27.9942272178 26.7606167615 28.6134954171 28.0840118999 28.5416467526 28.3818907321 59.9047722222 27.1055732702 27.9629016591 28.505252786 27.9900410251 28.2693014151 27.482293198 28.3436618474 26.8224080433 28.1933222317 27.4279061636 28.303090958 26.8960980854 28.1192179541 27.4546199372 65.1877726732 70.2369180619 70.2369180619 65.1877726732 27.5651593791 26.7401753609 27.5293828428 27.3296394252 28.4524790174 28.3043190472 27.3126655944 27.6255534558
27.0553831627 28.1017130453 28.3940685066 27.8444370788 28.1672280204 27.6482802774 27.276277656 28.5369910309 52.2805788606 27.3752519628 27.0289144998 27.2501842819 27.4247185368 26.8810650498 28.1826481207 26.6745428946 28.0508313635 27.1573413195 27.9623045303 76.1299776065 76.1299776065 27.3119418309 27.005571265 26.965370638 27.1167484003 28.4188156315 28.3064623721 28.5281474582 27.7848529099 28.0049835484 27.4618336995 27.6954221302 60.7794145928 46.0071838121 28.5584387233 28.6139514851 26.9681894099 27.5469895123 28.5964750984 27.690020628 27.9842075516 26.8259303645 28.029365592 28.2925034836 27.7911108171 27.52698788 70.2369180619 70.2369180619 27.6592270215 28.4958506773 28.1198209261 27.2308695861 28.5126692742 27.3888335091 51.4821298274 26.9007796021 62.6119568535
26.7692391441 27.1264892234 28.2383537837 28.4115749969 28.1630160484 27.8845244365 26.7012083978 61.7973652153 61.7436033346 28.6048690249 28.4923088174 27.8419324252 28.1034186087 28.5630808873 26.8562901286 28.2769063998 27.6188941314 26.6813428139 27.0808911946 28.3205993474 47.7273977721 27.4517309061 28.4291419971 27.005872879 26.677828893 26.5957750659 26.842834552 28.4658009421 27.21977476 26.7973922281 46.0071838121 45.8514478824 75.2110093782 45.8514478824 27.8733656003 61.4654955455 28.4878399389 38.399395553 28.3868027241 26.9510082691 26.6123036202 28.2828766 27.5322881609 27.6386867062 27.0263954157 51.0596436594 65.2380853403 40.3810990927 40.3810990927 45.7831495047 45.7831495047 28.370481143 27.6070740163 27.1284521932 51.4821298274 51.4821298274 62.6119568535
26.6079449265 27.9713288546 27.89172576 26.9887236804 28.547522761 28.3751044552 26.5725309975 61.7436033346 61.7436033346 61.7436033346 27.8029291008 27.2291170909 28.4421205981 28.3396656712 27.8656263726 27.0596829204 27.2899314411 27.0088377933 27.9467300813 47.7273977721 47.7273977721 47.7273977721 26.9231436162 49.5741571757 26.8882644359 26.769210405 28.0196438984 27.5948572216 28.1894121578 28.3492937285 26.6797637191 75.2110093782 75.2110093782 75.2110093782 72.5314057376 61.4654955455 61.4654955455 27.7214998603 40.3641010291 40.3641010291 28.5480233806 27.9304111656 26.682398609 28.3553273226 50.5392385698 51.0596436594 51.0596436594 65.2380853403 70.5237100173 45.7831495047 45.7831495047 26.964941337 27.2467208095 28.1246884338 51.4821298274 26.7824077669 62.6119568535
27.3592336213 28.533882308 62.5263271671 48.6531079382 55.1270345819 55.1270345819 28.0768491491 27.2752037385 61.7436033346 26.6706553695 27.0034103915 26.6125325176 28.2000587606 64.784967667 64.784967667 27.9747075005 53.3389990297 53.3389990297 27.1077342512 53.5479291166 55.9629046177 55.9629046177 27.0654384472 49.5741571757 49.5741571757 48.7255975496 27.0959041021 27.6307190255 49.6463024309 63.8237930025 26.5074328367 27.5880766138 27.9582981331 26.7802125645 27.1203147456 61.4654955455 61.4654955455 38.399395553 40.3641010291 40.3641010291 26.6414826316 27.7049434653 27.2968987491 27.2205808068 28.3292876258 51.0596436594 65.2380853403 47.8567604294 70.5237100173 26.8879391676 45.7831495047 27.0062430566 27.7728287087 28.4654640344 27.5067374499 28.4226952667 27.4915526466
28.0519065518 26.6153028861 62.5263271671 47.9224291868 55.1270345819 55.1270345819 60.3037310243 60.3037310243 60.3037310243 60.3037310243 28.412427063 26.7410624108 28.3333706242 64.784967667 64.784967667 28.480531481 53.3389990297 53.3389990297 28.2013860076 53.5479291166 55.9629046177 55.9629046177 46.569532712 49.5741571757 49.5741571757 48.7255975496 28.2612961553 27.5783765074 27.8482886421 27.3293153439 28.405409248 50.0198184279 27.8590588553 28.4276921777 27.2507802229 61.4654955455 61.7443585042 27.1319102344 27.84829862 28.362860379 26.7903780902 27.1345479882 27.7590731174 26.6152685734 27.9714360231 27.7031082331 48.8519692195 48.8519692195 67.1280955016 28.1805231975 26.6436901603 28.0108937215 27.1733826185 26.6766882892 27.4868324509 27.3256227891 27.8768510228
58.743492486 26.5205272853 62.5263271671 48.6531079382 47.9224291868 55.1270345819 27.6460999819 60.3037310243 27.5666111393 26.8769167447 27.7109334921 28.2515852641 27.2888730398 27.6004922729 27.0941287495 27.5509658238 53.3389990297 26.6381996742 26.8846262014 53.5479291166 55.9629046177 27.3787515405 26.9320927865 28.5628996724 27.5155705377 26.5779282176 28.2215866821 26.9405951301 26.5236168717 26.5367656462 27.8445321091 54.9177141076 54.9177141076 54.9177141076 27.5807750592 27.0170461221 27.6305081958 28.3489627995 27.6504114319 27.8545365035 27.5711259655 27.0994522086 27.2566265145 26.5338483717 27.504418511 28.2662439406 48.8519692195 48.8519692195 48.8519692195 27.2442253666 27.9860143715 27.1667496174 27.7422473278 28.6045444562 27.6809026054 57.3601132185 57.626864465
