Spatial_Output/BAU/BAU_1057.asc
NCOLS 155
NROWS 192
XLLCORNER 196769.923733
YLLCORNER 449719.875193
CELLSIZE 27.603701
NODATA_VALUE NaN
[rows 0 to 22 of 192, columns 0 to 52 of 155]
78.5226159211 78.5226159211 49.5880362335 65.489671945 65.489671945 0 0 0 0 0 0 0 0 0 0 0 0 0 0 0 0 0 0 0 0 0 0 0 0 0 0 0 0 0 0 0 0 0 0 0 0 0 0 0 0 0 22.9528419532 23.0296892308 23.169911925 22.6079725911 22.7291425263 22.890821919 23.0186979532
0 45.050784404 43.6544560857 65.489671945 65.489671945 70.9410889149 54.8575619518 0 0 0 0 0 0 0 0 0 0 0 0 0 0 0 0 0 0 0 0 0 0 0 0 0 0 0 0 0 0 0 0 0 0 0 0 22.785813718 22.5906636068 22.8706341708 22.5974544034 22.8906642904 22.6607080795 22.8947744163 22.9552954717 22.9917450263 23.0758482044
0 0 44.9995389007 65.489671945 70.9410889149 70.6566290131 70.6566290131 54.6238126812 0 0 0 0 0 0 0 0 0 0 0 0 0 0 0 0 0 0 0 0 0 0 0 0 0 0 0 0 0 0 0 0 0 22.6488041916 22.5629965145 22.9152949229 22.9699709638 22.7042221758 22.6026238695 22.7157964722 23.1948668 22.7418081026 22.7327822104 22.9766641044 22.7106044708
0 0 0 51.9257732233 70.9410889149 70.6566290131 43.8814935268 43.8814935268 52.8436478841 0 0 0 0 0 0 0 0 0 0 0 0 0 0 0 0 0 0 0 0 0 0 0 0 0 0 0 0 0 0 22.6270721499 22.8431182264 22.6713554216 23.1651457193 22.6932832098 22.582636663 23.0890277595 22.9786755678 22.8349172736 22.591744184 22.6007455324 22.7152432198 22.513767998 23.1927350821
0 0 0 0 0 70.6566290131 43.8814935268 43.8814935268 57.1632756754 52.4313873602 0 0 0 0 0 0 0 0 0 0 0 0 0 0 0 0 0 0 0 0 0 0 0 0 0 0 0 22.8985009133 23.1691532029 22.6092611924 22.728904793 23.1472592904 23.0234895864 22.5183492101 22.9902892423 23.1673218317 22.5222062117 23.0129138131 22.7199621119 22.8039822987 23.1787083045 22.8657424581 22.6708064974
0 0 0 0 0 0 43.8814935268 57.1632756754 57.1632756754 41.4733560499 41.4733560499 0 0 0 0 0 0 0 0 0 0 0 0 0 0 0 0 0 0 0 0 0 0 0 22.5168618895 22.6662162065 22.7574009285 22.5027376107 22.7030192518 23.153088644 22.7114262586 22.6109269679 22.7077766206 22.6686448555 22.896913201 22.7263276427 23.0852935091 22.669380066 22.7519527662 23.0706055751 22.8071905865 23.0297950619 22.6909287357
0 0 0 0 0 0 0 64.7385954852 52.4313873602 38.3021168702 38.3021168702 64.1408390065 62.5564196535 0 0 0 0 0 0 0 0 0 0 0 0 0 0 0 0 0 0 0 22.9023477356 22.5550863176 22.5188146675 22.5552283481 22.8988955156 22.6267885598 23.1100899604 22.6720556726 22.6494227646 22.6937787557 22.5803739525 22.9061819343 22.8451409668 23.0515894928 22.5765975575 22.9283962024 22.5251453808 22.839327274 22.9763572895 22.8272447413 22.9027896395
0 0 0 0 0 0 0 0 56.9307874179 38.3021168702 38.3021168702 43.3311636462 64.3009088658 64.3009088658 22.7987669598 22.7692031961 22.7047457026 23.1998052514 22.6540860027 22.6636115086 23.0602845547 22.8072108311 22.7056630577 22.7628553609 22.7644189037 22.6786797119 22.716216431 22.6553944361 22.9296028607 22.8828391995 22.8582887772 22.5296204984 22.8976382286 23.1270579155 22.5408263005 22.9579088584 23.2020128491 22.9896447131 22.8803620976 23.0318340748 22.5120830241 23.0515501292 22.8615607588 22.6958101038 23.0529905858 23.1497017465 22.8279843736 23.1759544914 23.200665864 23.1287179642 22.673823798 23.0712529552 23.1007528901
0 0 0 0 0 0 0 0 0 24.658105874 18.2688485694 11.1140676868 42.427760215 42.427760215 23.086158357 22.7143078211 22.9350197785 22.7545155096 22.6813643475 22.5342663594 22.7110290329 22.6666273019 22.7497526886 22.9271732821 23.034534697 22.5814761286 23.1189421102 22.8852230542 22.6976041139 22.7168762114 22.9779974065 22.8544016821 22.9323451462 23.1543555051 22.5623534662 22.722187949 23.1161411748 22.9819302487 23.1926669579 23.0342993156 22.6359898848 23.1390376243 22.6886581069 22.6835546423 22.9132395314 22.5732840487 23.1422133733 22.8233659643 22.8015279065 23.1815393196 22.5759957857 22.668220266 22.7117168044
0 0 0 0 0 0 0 0 0 19.1538991566 15.8542567253 27.3788049817 42.427760215 39.5562759092 45.2111919697 54.9674135288 22.9296824327 22.7022852033 23.069500554 22.7201618244 22.9739104268 22.9075119638 23.1640497798 22.8637696335 23.0846084629 22.8552817092 22.5266663933 23.1108428747 22.8077345291 22.5996794378 22.7668241422 22.8194938846 22.6167336951 22.8748681292 22.7481777835 22.7492773814 22.9611967889 22.6166541548 23.1576920063 23.1090212477 22.8648870122 22.5255586151 22.5821441366 22.5073179191 22.579301547 23.1806571463 22.7820200707 22.5137470158 23.1948972774 22.7279296925 22.9953745646 22.5790708827 22.6692476934
0 0 0 0 0 0 0 0 0 8.5264276677 28.1048063495 29.1319345018 52.7472333557 45.2111919697 45.2111919697 66.3609601761 66.3609601761 22.6980201523 22.697931865 22.7220383021 22.7478671703 22.6736324399 23.205872951 23.0979698672 23.0952873838 22.7085385973 23.1559097398 22.5820522514 23.0371337824 23.1180213753 22.871412476 23.0160465632 23.100256686 23.0172781437 22.5393963181 22.944484098 23.0996977839 23.1186106889 22.6802112066 22.6194150683 22.6949838416 23.1309031306 22.8617447799 23.1227014812 22.9843661202 22.5708931497 22.7785066043 22.8799610441 22.9439406564 22.8678499903 22.7438237577 23.0401291875 22.755126391
0 0 0 0 0 0 0 0 23.0320948031 22.5249403734 22.5427080179 22.63967416 39.5562759092 54.9674135288 16.4334594517 16.4334594517 16.4334594517 22.5890030544 22.765512521 22.9372851163 22.5662609426 22.7715648483 23.0150794493 23.0101058542 23.0019044312 22.7182607668 22.8057951871 23.0517090417 23.2037907663 22.5340189201 22.7976795171 22.5777625963 22.8098070227 22.6019204524 23.1418677745 22.7668653572 22.5681125715 22.6091065421 23.0530348918 22.8003219898 22.5762358418 23.0304328558 22.9183189114 22.712020209 23.1309464651 22.6732059953 23.1727406109 22.5375984204 22.9584487058 22.7910242852 22.739657813 23.1205536941 23.0354060558
0 0 0 0 0 45.0713237948 45.0713237948 0 23.0335054859 23.0559676688 22.5383313772 22.9045339524 22.5051274853 22.668869684 23.1491972877 16.4334594517 44.7907511825 46.8416041955 65.1712570218 22.5423903481 22.7599858851 22.6009851278 22.6449329085 23.1551198269 22.5657631275 22.5682580668 23.0977144948 22.8503872404 22.7928880343 22.9452679448 22.8182660408 23.0007278661 22.943236549 22.8617466393 22.587500264 23.1342900897 22.5441198618 23.0167869957 22.8188109715 22.5826180635 22.5545152167 22.6850513823 22.7714523537 22.6045302166 23.1704587604 22.8554577403 23.0037913874 22.592439952 22.6727379773 23.1609028344 22.9579937909 22.948565374 22.9325228746
0 0 0 0 45.0713237948 16.2415724558 22.2024426799 11.9932316894 22.8732343193 22.8566180466 22.8232917094 23.1442999906 23.0318858849 22.6387172277 22.861853726 44.7907511825 65.1712570218 73.653741569 70.5659837237 70.5659837237 55.9065837903 22.8355479157 22.9443142542 23.0168325962 22.5235452898 22.5002036272 23.1562056161 22.5170474948 23.0848487545 22.8959800167 22.9227815595 22.779703755 22.5543742077 23.1518415638 22.7020597291 22.6355844931 22.6100714378 22.6633947831 22.8389213534 22.6810563955 22.5373177749 22.7234432696 22.5819354697 22.7238807055 22.6323815561 22.8599699923 22.8318901454 23.0567834001 22.8909317224 22.742888952 23.1121404858 22.9864782021 23.1173039966
0 0 0 0 0 12.0791435612 24.1048377736 29.2782094344 22.8660179543 23.049026619 22.7869860078 22.7696018575 22.5221530936 22.9366400553 22.6518608526 22.7146557083 22.8029447491 65.1712570218 70.5659837237 59.9205532396 59.9205532396 59.9205532396 22.9300584781 22.8288534089 22.9205794726 22.944736381 22.5063542685 23.1299163768 22.838932714 22.9641583537 22.6205473882 23.1122846883 22.5339524044 23.1213976746 22.9345649899 22.5141603878 22.9250342586 23.1328241751 22.6777392342 22.9267997764 22.8511951349 22.7428421641 23.1726136588 22.7895240767 23.1001928397 23.0981011351 22.8754492988 23.1565657303 22.5378306539 22.7211896029 23.0202502753 22.8475229568 22.8949896116
0 0 0 0 22.7481016403 16.5325151229 12.0596935274 20.953163274 22.9936606713 22.7615102148 22.6567542301 22.6328823945 22.7549668196 23.1948965805 22.9366112192 22.7235718841 22.8659077432 22.8314495184 73.653741569 59.9205532396 69.2753273821 69.2753273821 22.633803481 22.9057906883 23.1350106489 22.8211472178 22.6292758205 23.093437666 22.8654486988 22.7240022634 23.0154301027 22.7974343603 22.9500217227 23.0215870063 22.7748829013 22.7260853264 22.9704261505 22.7763461064 23.1593769253 23.121026636 23.1671827593 22.6412047679 22.6291716384 23.1516718227 23.1450864218 22.5818619792 23.0145567161 23.1178346125 23.1526810791 23.1292815347 22.9110943768 23.1984126268 23.1802482016
0 0 0 22.6253546643 22.8228235981 22.5709477017 22.693690854 58.9643379053 58.9643379053 23.1183718381 23.138791154 22.7069053322 22.8158264091 22.5582557583 22.969639957 22.7770994424 22.7379292257 22.6970992925 23.0572733152 59.9205532396 69.2753273821 69.2753273821 41.15682314 41.15682314 22.5256704124 22.8214421707 22.9803657205 22.8133616902 22.8151856894 22.6278070079 22.9023355503 22.8225306968 22.7178059756 22.7363943228 22.6052058685 22.5303993972 23.1739185519 22.6012814911 23.0855504132 23.1578679523 23.1583435587 22.6485190746 22.9764435933 22.6031330197 23.0099432047 22.7222936841 23.1302383013 22.8000929534 22.5727862442 23.0832763846 22.8891385177 22.8302207071 22.6254244547
0 0 22.9873125881 22.8429229935 22.8866485909 22.5442085808 58.9643379053 58.9643379053 58.9643379053 23.1377385362 22.7453839476 23.1277486687 22.6097435743 22.6967004842 22.9005601141 22.8052415465 22.5800483581 22.8760653407 22.546505058 22.9573739074 22.6320520766 63.1577742093 41.15682314 38.0584625775 54.504425387 66.2963785418 23.0110938669 23.1522665093 23.1349222458 23.0456376028 22.9232711587 23.0273969227 22.6086484942 22.8292166339 23.0827674225 23.1404368425 22.5503744678 22.9111343764 23.0608049219 22.8526144651 23.0332362352 23.0953927022 22.5660989537 23.1616102189 22.6750960898 22.9270503713 23.0526451583 22.7691521751 23.1154537424 22.9001852796 22.6090866195 22.9167748346 22.5585432758
0 0 22.6202607294 22.6585923926 22.9634287106 23.1680928505 23.0374702531 22.5810429433 58.3166201642 58.3166201642 63.4730184658 23.0881104698 22.9390398704 23.1533797717 23.1517402646 22.8463388937 22.6760763997 23.1285619242 22.59808405 23.1802927014 22.9461000002 23.0239422876 66.5530458997 66.2963785418 66.2963785418 66.2963785418 67.5107573866 23.0189009098 22.9011333365 22.5043508218 22.6573208151 22.8941183362 23.0794482354 22.6285967891 22.6559649075 23.033906112 23.090719161 23.148707165 22.6208755711 22.812794356 22.5957344864 22.7597105931 22.8259574122 22.9761026759 22.9323378524 22.6110480832 22.5408583606 22.901531174 23.0849092508 22.9339002675 22.9859193407 22.506456775 22.5947964401
0 0 22.506125934 22.600102543 23.1354958016 22.9121156711 23.1172514117 23.1265065832 58.3166201642 58.3166201642 22.8251431518 22.7072686168 22.8792529203 22.9100294514 22.5404373347 22.7353801185 23.0246129753 22.778727849 22.9710592078 22.6760226296 22.765909742 22.8729941964 22.610444756 66.2963785418 66.2963785418 46.4613692756 46.4613692756 44.7823164864 22.8067369864 22.8992193044 23.0472691534 22.7395943342 22.5881874012 22.5454850439 22.7254074189 22.6476862167 22.519616208 22.7951329749 23.1909365467 23.0372910187 22.8013165292 22.7603478213 22.7430089705 22.7693031418 22.9883420052 22.717909838 22.5837186709 22.648347399 22.9008527399 22.9259105213 23.0315225171 22.6012332379 22.9922333539
0 0 22.7881552226 22.6087287068 22.880600857 23.1134072029 22.8404486295 23.0745197789 23.1458692449 63.4730184658 23.1513290228 45.3985540109 45.3985540109 22.8387054542 22.7314982696 22.7644887189 22.5672715122 23.0047006587 22.5608011247 23.0143454959 22.7845481711 23.1361209863 22.8243843818 23.1640174727 67.5107573866 46.4613692756 44.7823164864 22.9322979458 46.5041269987 22.873499868 22.5359527696 22.5786048085 23.0960098307 23.0019095286 22.6123745184 22.6094135776 22.5090033391 23.1139657523 22.7065332902 22.6127901086 22.8457790371 22.9861185995 22.7090596817 22.6580541135 22.6306400447 22.5913122827 22.5472037783 22.53973446 23.1598066497 22.9680438271 23.0760889665 22.8319320977 23.1245988264
0 0 22.8369891755 22.6862651425 22.7742077035 23.0989922669 23.1084647971 22.9190384158 22.7848863785 23.1018085029 22.964870755 45.3985540109 45.3985540109 72.9509403104 72.9509403104 22.649375502 22.535022486 22.6735452695 22.9570348894 23.0903712818 22.6562722369 22.5153516165 23.1272261662 23.1989248497 22.8460905919 23.0426454783 43.4596686587 43.4596686587 43.4596686587 22.5565299394 23.0671141946 23.0159920111 22.8339673042 22.6975440751 23.1970378505 22.820134581 22.9702998473 23.0276113826 23.0475677041 23.1214111873 23.1217956774 22.9821856832 23.1863734199 22.6405507297 22.5828536241 22.920368481 22.5726899115 22.6375724157 22.8238562618 22.8447750213 22.5227815191 23.1408129603 22.8357274765
0 0 22.8199278263 23.199178606 23.0500100764 22.6254241739 23.1176254811 22.829486455 22.6751225584 22.59994895 22.643103657 22.9105806107 22.8377452585 72.9509403104 22.7779077344 23.0019624 50.6056730729 22.9782088257 23.1086014107 23.1422505342 22.8119026525 22.955690559 22.6698508416 22.9535299689 23.0421900761 22.5724929051 43.4596686587 43.4596686587 40.3412958074 22.7421703883 22.6434101913 23.1380039607 22.567869087 22.9366883789 22.6699117592 22.8423423961 22.7569692481 22.8498661986 22.6033300407 22.5622505637 22.6761802435 23.1140061815 23.1187536289 22.6985596889 22.6324436666 22.6732753296 22.8344412145 23.0642221802 22.9717793584 22.9648243566 23.0318928382 22.6123134947 22.5531960275
