Spatial_Output/BAU/BAU_1003.asc
NCOLS 155
NROWS 192
XLLCORNER 196769.923733
YLLCORNER 449719.875193
CELLSIZE 27.603701
NODATA_VALUE NaN
[rows 0 to 22 of 192, columns 0 to 52 of 155]
56.5258587079 45.9886565537 71.035985502 50.0542830615 52.6836519504 0 0 0 0 0 0 0 0 0 0 0 0 0 0 0 0 0 0 0 0 0 0 0 0 0 0 0 0 0 0 0 0 0 0 0 0 0 0 0 0 0 24.4600939019 24.0281726692 25.3417746485 23.8936797242 25.512590337 24.4564746344 24.5279312937
0 52.7672256091 50.0542830615 50.0542830615 36.0475921007 36.0475921007 55.4488751016 0 0 0 0 0 0 0 0 0 0 0 0 0 0 0 0 0 0 0 0 0 0 0 0 0 0 0 0 0 0 0 0 0 0 0 0 23.7269771577 24.1617297181 25.259633658 23.5668109728 24.2216774818 25.0303249677 24.765081088 25.0239173836 24.0181185122 24.3128400305
0 0 64.0915006171 69.293935708 51.1290363604 51.1290363604 63.4338759967 63.4338759967 0 0 0 0 0 0 0 0 0 0 0 0 0 0 0 0 0 0 0 0 0 0 0 0 0 0 0 0 0 0 0 0 0 24.341927773 25.5001951906 24.7611966617 25.0000266759 25.0882663028 24.2074755687 23.9523617306 23.5346769042 23.7761957767 24.3898167747 25.0873868037 23.7502450274
0 0 0 59.4521044702 51.1290363604 51.1290363604 55.852755311 55.852755311 55.7259411674 0 0 0 0 0 0 0 0 0 0 0 0 0 0 0 0 0 0 0 0 0 0 0 0 0 0 0 0 0 0 25.0299718084 24.0749407503 23.8309259405 24.6447324669 24.5832591169 24.1959322384 24.4273718739 23.8650777102 25.1791412645 24.4939756734 24.1331755662 23.5819912314 24.1197644178 23.9778944102
0 0 0 0 0 55.852755311 55.852755311 47.774895833 47.774895833 55.7333203279 0 0 0 0 0 0 0 0 0 0 0 0 0 0 0 0 0 0 0 0 0 0 0 0 0 0 0 24.5389555969 24.8387537087 23.8725311625 25.4254382592 24.0968212635 24.7355212647 24.9383774874 23.8961131909 24.2913942847 25.1960323195 25.2474190952 24.5253394397 25.0584972281 24.3307796115 24.2231384846 25.2688521996
0 0 0 0 0 0 75.1531386778 47.774895833 47.774895833 49.9597993765 49.9597993765 0 0 0 0 0 0 0 0 0 0 0 0 0 0 0 0 0 0 0 0 0 0 0 24.9377186028 24.1155975611 25.2136270252 25.1805923964 23.8067552915 25.5749845842 23.8179337214 23.6125787995 24.5064001594 25.3581195825 24.8423775073 23.8730541762 24.796467343 25.3817517204 24.3745217148 24.7265405335 23.542720776 25.3781206726 25.5006043421
0 0 0 0 0 0 0 55.612879995 60.4944544175 49.9597993765 50.5807055744 50.5807055744 47.0110897127 0 0 0 0 0 0 0 0 0 0 0 0 0 0 0 0 0 0 0 25.4634937511 23.8618086241 24.2947168132 24.5090721657 23.7802745322 24.8922014369 24.5141018903 24.4072855377 25.3316518129 23.5419507217 24.5224568018 24.5771302821 23.7123357035 24.096005275 24.6035069493 23.5531369762 24.9953755315 23.6919121502 24.1287412959 25.209155703 24.2936622648
0 0 0 0 0 0 0 0 60.4944544175 49.9597993765 50.5807055744 50.5807055744 39.0831351801 44.8266970281 23.7917589433 25.1843034966 24.1331753415 23.6549167482 24.2494062991 24.7387131371 24.9247935022 23.8997770596 24.4643730293 24.8104782159 23.5491863845 23.9618845689 25.1202442966 25.0396153253 24.9906410361 24.8178972862 23.7481445369 24.5885887464 24.4402433507 23.6460589988 25.2081289087 25.4573815217 24.3532781859 25.0088782966 25.4093824534 24.1289201498 24.3037507463 23.6001825961 24.5924897987 24.1323420756 24.3243581164 24.7088727608 23.9993914637 23.6377699766 24.333149183 25.0346657281 25.4283176302 23.5623312015 24.6804498815
0 0 0 0 0 0 0 0 0 31.4815642965 39.1310931736 34.0147879162 44.8266970281 44.8266970281 23.5028574333 24.0852745567 24.3603222703 25.33058821 23.7894781017 24.6469383152 25.2369312063 24.5287017778 24.6514454782 25.1443428659 23.739169195 24.3422465738 23.7055147706 25.5689171174 25.2566399443 24.9683809043 24.8257202081 24.4165976123 24.7534456961 23.8882827346 23.686022075 24.2565794489 24.0144898562 24.9944891039 23.812973979 24.8740228411 24.2877611907 23.6967720433 24.8796084934 25.1862406271 24.9504892467 24.6931226234 24.6605594878 23.7144374642 24.6227650306 25.2411738673 24.7226425322 24.41572868 23.5237936408
0 0 0 0 0 0 0 0 0 33.3077370833 32.6377201553 38.5087986548 44.8266970281 42.2157524793 24.1628920962 78.6195961601 25.3298011685 24.061777723 24.2692905317 23.6240293137 24.7810319887 23.6152519062 24.8212591974 25.2310986547 24.3741395079 24.0331064479 25.5075793819 23.95874257 25.531003622 25.0425025541 24.3537270622 24.5116827564 25.2484443275 24.475459391 24.4607359848 23.5144461642 24.3462964693 23.9620648847 24.1818436217 25.5345791384 24.307131889 24.7260936253 23.9324907321 25.1470568256 23.8511212535 25.5302267009 24.9676151957 25.1727859901 25.574439772 25.1068893285 24.6701592244 24.9972305252 25.256009991
0 0 0 0 0 0 0 0 0 34.168551691 34.1544162381 38.0316356515 42.2157524793 42.2157524793 25.3915302552 24.3529768681 25.2972947106 23.9896841276 25.322380502 25.5081494152 24.1298753938 24.6360787272 24.7190414901 23.8704405558 23.5324445062 25.2218745223 24.164363323 24.3497308115 24.3548511124 25.272500501 23.5370939728 24.1567552605 24.0255823982 24.9327395731 24.952977918 24.2975889557 23.686753002 24.48427234 24.1148402483 23.5190805138 23.6990123702 24.5286370275 24.3722849407 24.8507735037 25.2590659622 24.0965434891 23.7445180541 24.6536799182 23.9189025861 23.5151317357 24.7476859664 24.2952183145 24.472118235
0 0 0 0 0 0 0 0 24.980735929 25.1284681818 25.3019384933 23.6880910815 25.5156205036 42.2157524793 17.7138791613 17.7138791613 17.7138791613 43.4043107406 23.8609431591 24.3853480995 23.9037990515 24.6057159 24.0102705298 24.3533548506 25.2738898343 23.8057723153 24.9275242392 23.8882013134 25.3098106397 23.8039595283 25.4289696229 25.4354886806 24.7588155646 24.5822921178 23.5873854657 24.7390435932 24.9703949053 24.0741597203 23.5774176361 24.8291073833 23.6021177627 25.346100632 24.5427957935 24.3401859129 25.1404955072 23.5697441643 25.2162537505 24.2022942741 25.3015039414 24.5419429552 25.4069580404 24.4206074673 23.8544375998
0 0 0 0 0 45.0713237948 45.0713237948 0 25.3460055827 25.5394643033 24.1719978174 24.0846993811 24.079984821 24.429934622 24.0919991723 17.7138791613 17.4454715362 44.2364605084 44.2364605084 24.1131335111 24.0454115761 23.8179376425 24.2721154582 24.6296647908 25.4837281094 23.6949980248 24.1842648856 23.9379583642 24.09689761 24.3661527116 24.0656063282 25.5745854875 25.4282999896 24.5231200998 24.2530050654 24.1704488638 25.3981879254 24.6812437591 24.6250967402 24.3944289034 24.7505636797 24.3792883147 24.990465972 25.2678136602 24.9820146529 23.6335004904 24.3282241179 25.5517632818 25.5282438578 23.5228662515 23.5975274229 23.5800033342 24.7045919233
0 0 0 0 45.0713237948 32.4572234531 34.8091015294 32.2546918398 23.5849725689 24.7590005574 23.984076131 25.0656702615 25.4743242672 25.0050297115 24.2819984253 43.4043107406 24.3199482754 44.2364605084 44.2364605084 44.3046129329 45.8545120737 24.4466483456 24.0215677507 23.9992976537 23.5422460979 24.4611845859 23.6437836235 24.9129214628 25.3388007058 25.1464148017 24.8643181484 23.9681397427 23.745079406 24.7731472726 23.5341550394 23.5761868003 24.1593819904 24.4881554845 25.5272328564 24.9313173417 25.4530986723 24.4723598413 25.4357510654 24.1790654359 23.6415606987 24.8684386492 23.834917726 24.3850830095 25.4409340063 25.0761354523 24.2300911979 24.8269124664 23.8760044805
0 0 0 0 0 41.2405650763 32.085560245 32.344664726 24.3679408964 25.0918503843 24.4595461737 24.107857451 24.1418209251 24.5915233632 25.583977793 23.9066837598 24.8120884451 44.2364605084 44.3046129329 23.9810360763 62.1234502125 24.3687663205 23.6358956971 24.6236122054 23.6011547089 25.333069512 24.4657759849 24.196176899 24.3913878142 24.9529940693 23.9870075554 23.7385042331 23.773029038 25.0323602344 25.342739109 25.0365779388 23.5188797695 24.9398328552 23.6048056482 24.5327203981 24.6785901675 23.9913022582 25.3843710115 25.218021608 25.5946216293 24.9661200357 25.0738846369 23.7186022818 23.8214049731 24.7065240468 25.3620158024 23.7957817685 25.411927929
0 0 0 0 24.8415857748 37.2644191519 32.2609579034 42.1891554203 24.757105516 25.3940955286 25.5125108859 24.9097294262 24.5835756723 25.2694913519 24.1780962498 24.9234143603 24.8742147652 24.6694669008 49.7833546474 24.2513047512 46.1195758374 46.1195758374 46.1195758374 24.0026975145 24.5978811367 24.3675688393 24.7521617053 23.8826057252 25.1366657685 24.8877653926 24.2614853622 23.9210846439 25.3363992372 24.4750360371 24.6038861757 23.5151943527 23.8907385171 25.0651869383 24.5816698785 25.5637630865 23.7485302809 25.5585276904 25.0789441058 25.3412444233 23.8515578122 24.2197775293 24.9115228571 25.4435563075 24.3088295321 24.7060227384 23.5619941118 25.2748429752 25.3621801885
0 0 0 25.4551758114 23.7586197896 23.7472606943 24.1030634464 64.2424242124 64.2424242124 64.2424242124 25.395224715 24.0832203565 23.7920647845 25.4781664591 24.3626873476 24.4527684467 24.8345889989 24.1466006943 24.5821669304 23.6962614532 46.1195758374 46.1195758374 48.4993489513 23.605647166 25.2241479671 25.5030101305 24.1617466123 24.6107919104 24.2249962232 25.1826927969 25.0195015959 25.4627576438 24.1301743541 24.431427661 24.4563695148 25.2345400768 25.3157977629 23.6922859556 24.0992178801 24.1816443109 25.4750357171 23.6761468119 24.9072880562 25.3468025902 25.4174776546 24.0426553244 25.4206192854 25.4265997314 24.7888161232 24.5501090697 25.5584125399 25.3926226014 24.6413727239
0 0 24.3148406679 24.1940520461 23.8195909116 24.6188123788 54.579471075 64.2424242124 64.2424242124 24.284144643 24.1546054242 25.1105056803 23.7214044092 24.4540064319 25.4681060768 25.0277226327 24.8785848029 23.8207359696 25.1562531908 25.2348208862 46.1195758374 48.4993489513 45.4774870559 45.4774870559 45.4774870559 23.5593552025 24.6841541234 23.9013172552 24.1424441611 23.5459979903 24.8666947465 24.6472083056 24.6210846792 25.0831349664 24.6980873601 24.8810310105 24.73320203 25.5493512514 24.54959451 24.1405468521 25.342538592 23.5668716418 24.0664253495 24.7531722927 24.9593315867 25.0102285384 24.9975473744 24.0001661612 25.2645247955 24.8612638009 24.7928153552 25.1566361697 24.1443856368
0 0 23.9015499276 25.2433836222 24.2279199249 25.3508803732 24.6334496548 51.5787745198 25.0540777999 24.1790749603 43.9803033043 24.5566826834 25.6175576114 24.668331936 23.8912994579 23.8913816021 24.6587904309 25.5351002224 24.7309800095 24.2772334864 25.2542842103 25.4664325021 50.9752074809 45.4774870559 50.1856329364 35.0619926094 24.7775002165 24.775969864 24.3509719572 24.5062721561 23.7633622944 24.0244049923 23.6131290109 24.8169037574 24.1778634869 25.0877852246 24.6430680329 23.5141051713 25.5167472401 24.0229620285 25.1252353527 24.2579968866 24.8377758728 25.5280463658 24.6695640139 25.0208899962 24.016867586 25.3191467256 25.3577545109 24.6843509003 25.4770766209 25.2773330519 24.1876226574
0 0 24.4785943589 25.4702441138 24.8826571818 24.776772293 25.306160685 24.9039714446 25.5340042294 25.0307097904 24.4327824139 23.922126145 24.7109394506 24.5519315265 24.1755784634 24.7195962459 23.5010278247 24.7712764023 23.5421648916 24.3665229135 25.4993783749 23.8304619908 25.2082465431 50.1856329364 35.0619926094 44.0811660365 44.0811660365 24.780571721 24.7117585924 25.2848492367 23.6663530726 25.0006847386 24.0929259669 25.1677097445 25.1530068482 24.3846191499 25.1592821823 25.0199496026 24.8402854562 25.1553424239 23.6688481147 25.5763165477 24.3453804255 23.7141306694 24.3795797556 24.6758219763 23.8421192982 24.9928047895 25.3115608896 25.2335089036 24.0661707563 24.2660419531 24.4740677196
0 0 24.6969430334 24.5177582352 24.38030392 23.8062678182 23.745389891 25.2626777057 24.1104664135 25.2480335967 76.513415322 41.4509788298 41.4509788298 41.4509788298 23.5855496199 24.5068199376 23.955762334 25.5034178872 24.375113912 23.611027867 23.8145421398 25.4646639375 24.6899802421 24.5667584423 35.0619926094 67.6077901623 67.6077901623 67.6077901623 52.3964328837 24.1282915425 24.9651634467 25.4228483518 25.5428493116 25.4923823508 23.8081085719 25.5316212137 24.5115976087 24.8900345062 24.0356381141 24.7908716598 25.2445137318 25.3466714851 24.0245970684 25.4909512979 23.5852728519 24.4291788886 23.6861838353 24.6907800857 24.6025576008 25.2836001803 25.5197192836 24.6123407841 25.0433844142
0 0 24.4497091093 25.2863445457 24.4482877332 24.460775091 25.2021938704 24.1627868239 23.9333074537 24.270071957 76.513415322 41.4509788298 41.4509788298 41.4509788298 42.2451314014 23.6184726569 23.5271393738 25.5382895181 25.3380201306 24.0723075118 23.5031628099 24.118217046 24.6428963049 23.7433846799 24.1852200104 58.8027459288 67.6077901623 67.6077901623 52.3964328837 23.8894087759 24.9314964714 24.4992120132 23.8102390438 23.6325302195 24.940403781 25.3467876886 24.834314708 24.9669312735 24.7898104722 24.7346719415 23.7240426331 24.6917964662 23.8210529508 24.345553548 25.1711442603 25.499238704 23.811732905 25.6125712567 23.5476300919 23.8032368475 25.5510871675 24.3777708564 24.924731499
0 0 23.819308539 25.0889328458 24.4296398289 25.4176795356 23.7214718454 23.6296678407 24.8159737225 24.68225288 24.4565364576 41.4509788298 41.4509788298 42.2451314014 60.4458401471 60.4458401471 60.4458401471 24.6835952033 25.3495126175 24.1790167339 25.0403575569 24.9783858978 24.0488010153 23.6388594515 23.6042182547 24.660546221 72.1513385103 72.1513385103 72.1513385103 23.8027903277 25.0217382864 24.2042870096 24.6828458271 25.351241301 24.4586633653 25.100000556 24.9530231416 25.1986094796 25.3188572015 24.1289471627 25.0866484842 25.3268286466 25.0405582892 25.3901127246 24.221870519 24.9232897967 24.3404649801 24.3349273625 23.7634598945 24.5444633913 24.9629913988 24.1820968799 25.2906809407
