Spatial_Output/BAU/BAU_0950.asc
NCOLS 155
NROWS 192
XLLCORNER 196307.867259
YLLCORNER 449144.565805
CELLSIZE 33.573938
NODATA_VALUE NaN
[rows 111 to 147 of 192, columns 0 to 84 of 155]
0 0 0 0 0 0 0 0 0 0 0 0 0 0 0 0 0 0 0 0 0 50.37929478 50.37929478 50.37929478 0 0 0 0 0 19 19 19 19 19 19 19 19 19 19 19 19 19 19 19 19 19 19 19 55.530613348 40.2107726124 40.2107726124 55.530613348 19 19 42.1440074266 42.1440074266 33.6179405106 46.4011872101 54.5152082257 60.0617798996 60.0617798996 41.9742965365 61.9795220469 61.9795220469 50.1984240062 50.1984240062 53.0186261182 47.9928015525 47.9928015525 19 19 19 19 19 19 19 19 19 19 47.2312116348 47.2312116348 19 55.5443058711 55.5443058711 60.7769909244
0 0 0 0 0 0 0 0 0 0 0 0 0 0 0 0 0 0 0 0 0 50.37929478 50.37929478 0 0 0 0 0 0 0 19 19 19 19 19 19 19 19 19 19 19 19 19 19 19 19 19 19 40.2107726124 37.6579532165 37.6579532165 19 19 19 42.1440074266 42.1440074266 54.4456347439 46.4011872101 54.5152082257 60.0617798996 60.0617798996 41.9742965365 61.9795220469 61.9795220469 42.0362366214 53.0186261182 19 19 47.9928015525 47.9928015525 19 19 19 19 19 19 19 19 19 47.2312116348 19 19 38.8808819279 55.5443058711 57.7764856722
0 0 0 0 0 0 0 0 0 0 0 0 0 0 0 0 0 0 0 0 0 0 0 0 0 0 0 0 0 0 0 19 19 19 19 19 19 19 19 19 19 19 19 19 19 19 19 19 37.6579532165 49.2672770155 49.2672770155 37.6579532165 19 19 42.1440074266 54.4456347439 54.4456347439 19 19 19 19 19 19 42.9923658852 39.0281603554 40.3441208023 19 19 19 19 19 19 19 19 19 19 19 19 19 19 19 19 46.5959087392 52.4401843163 46.5959087392
0 0 0 0 0 0 0 0 0 0 0 0 0 0 0 0 0 0 0 0 0 0 0 0 0 0 0 0 0 0 0 19 19 19 19 19 19 19 19 19 19 19 19 19 19 19 19 19 32.8565212543 49.2672770155 49.2672770155 41.7856722787 41.7856722787 19 61.1727251776 19 19 19 19 19 19 19 39.0281603554 39.0281603554 39.0281603554 19 19 19 19 19 19 19 19 19 19 19 19 19 19 19 19 36.1037980253 55.0413521072 52.4401843163 49.2369913278
0 0 0 0 0 0 0 0 0 0 0 0 0 0 0 0 0 0 0 0 0 0 0 0 0 0 0 0 0 0 0 0 19 19 19 19 19 19 19 19 19 19 19 19 19 19 19 19 19 39.7956619457 39.7956619457 41.7856722787 19 19 19 19 19 19 19 19 19 19 19 63.4363650381 39.0281603554 19 19 19 19 19 19 19 19 19 19 19 19 19 19 19 44.7443536564 44.7443536564 55.0413521072 55.0413521072 49.2369913278
0 0 0 0 0 0 0 0 0 0 0 0 0 0 0 0 0 0 0 0 0 0 0 0 0 0 0 0 0 0 0 0 19 19 19 19 19 19 19 19 19 19 19 19 19 19 19 19 19 19 19 19 19 47.3093807629 47.3093807629 19 19 19 19 19 19 19 63.4363650381 63.4363650381 63.4363650381 19 19 19 19 19 19 19 19 19 19 19 19 19 19 19 44.7443536564 44.7443536564 55.0413521072 42.6196611154 42.6251446238
0 0 0 0 0 0 0 0 0 0 0 0 0 0 0 0 0 0 0 0 0 0 0 0 0 0 0 0 0 0 0 0 0 19 19 19 19 19 19 19 19 19 19 19 19 37.0104836316 19 19 19 19 19 19 19 47.3093807629 19 19 19 19 19 19 19 19 75.8485095771 75.8485095771 75.8485095771 19 19 19 19 19 19 19 19 19 19 19 19 19 19 19 19 44.7443536564 19 19 42.6196611154
0 0 0 0 0 0 0 0 0 0 0 0 0 0 0 0 0 0 0 0 0 0 0 0 0 0 0 0 0 0 0 0 0 19 19 19 19 19 19 19 19 19 19 19 19 19 39.199849979 19 19 19 19 19 19 19 19 19 19 19 19 19 19 19 50.2132253547 19 19 19 19 19 19 19 19 19 19 19 19 19 19 19 19 19 19 19 19 19 19
0 0 0 0 0 0 0 0 0 0 0 0 0 0 0 0 0 0 0 0 0 0 0 0 0 0 0 0 0 0 0 0 0 0 19 19 19 19 19 19 19 19 19 19 31.7977449831 31.7977449831 19 19 49.5701228171 19 19 19 43.6318957542 19 19 19 19 19 19 19 19 19 19 19 19 19 19 19 19 19 19 19 19 19 19 19 19 19 19 19 19 19 19 19 19
0 0 0 0 0 0 0 0 0 0 0 0 0 0 0 0 0 0 0 0 0 0 0 0 0 0 0 0 0 0 0 0 0 0 0 19 19 19 19 19 19 43.8322472617 54.0565229861 54.0565229861 31.7977449831 31.7977449831 19 19 49.5701228171 19 19 19 19 19 19 19 19 19 19 19 19 19 19 19 19 19 19 19 19 19 19 19 19 19 19 19 19 19 19 19 19 19 19 19 19
0 0 0 0 0 0 0 0 0 0 0 0 0 0 0 0 0 0 0 0 0 0 0 0 0 0 0 0 0 0 0 0 0 0 0 19 19 43.1123228538 19 54.9787273582 19 43.8322472617 54.0565229861 54.0565229861 31.7977449831 19 19 50.2691174229 50.2691174229 53.74605251 19 19 19 19 19 19 19 19 19 19 19 19 19 19 19 19 19 19 19 19 19 19 19 19 19 19 19 19 19 19 19 19 19 19 19
0 0 0 0 0 0 0 0 0 0 0 0 0 0 0 0 0 0 0 0 0 0 0 0 0 0 0 0 0 0 0 0 0 31.0583932992 52.7620540788 81.0989349107 81.0989349107 43.1123228538 43.1123228538 54.9787273582 54.9787273582 19 43.8322472617 70.4805218317 19 19 40.6300822404 50.2691174229 50.2691174229 50.2691174229 19 19 19 19 19 19 19 19 19 19 19 19 19 19 19 19 19 19 19 19 19 19 19 19 19 19 19 19 19 19 19 19 19 19 19
0 0 0 0 0 0 0 0 0 0 0 0 0 0 0 0 0 0 0 0 0 0 0 0 0 0 0 0 0 0 42.101767935 40.4301407631 27.9389263035 39.0326879672 40.5949414367 81.0989349107 81.0989349107 43.1123228538 43.1123228538 54.9787273582 19 19 19 19 19 19 19 45.4141797526 19 19 19 19 19 19 19 19 19 19 19 19 19 19 19 19 19 19 19 19 19 19 19 19 19 19 19 19 19 19 19 19 53.3757651227 53.3757651227 19 19 19
0 0 0 0 0 0 0 0 0 0 0 0 0 0 0 0 0 0 0 0 0 0 0 0 0 0 0 0 55.5576270897 39.6931543733 42.101767935 42.101767935 33.5007891481 37.3645609159 29.4301424789 52.7620540788 65.5832115359 19 19 19 19 19 19 19 19 19 45.4141797526 45.4141797526 45.4141797526 19 19 19 19 19 19 19 19 19 19 19 19 19 19 19 19 19 19 19 19 19 19 19 19 19 19 19 19 19 19 53.3757651227 53.3757651227 53.3757651227 19 19 19
0 0 0 0 0 0 0 0 0 0 0 0 0 0 0 0 0 0 0 0 0 0 0 0 0 42.8988405735 64.4598472486 64.4598472486 59.7768869109 39.6931543733 42.101767935 42.101767935 35.6385215644 30.7236101537 34.3378786621 54.7063549248 0 0 19 19 19 19 19 19 19 19 43.9075107732 45.4141797526 45.4141797526 19 19 19 19 19 19 19 19 19 19 44.9811218624 19 19 19 19 19 19 19 19 19 19 19 19 19 19 19 19 19 19 19 19 53.3757651227 38.6755381969 38.6755381969 19 19
0 0 0 0 0 0 0 0 0 0 0 0 0 0 0 0 0 0 0 0 0 0 0 0 0 42.8988405735 64.4598472486 64.4598472486 64.4598472486 39.6931543733 46.8501551286 44.6809240847 40.1334576828 48.2377202036 0 0 0 0 19 19 19 19 19 19 19 43.9075107732 43.9075107732 43.9075107732 19 19 19 19 19 19 19 19 49.4216751443 36.7262081435 44.9811218624 44.9811218624 19 19 19 19 19 19 19 19 19 19 19 19 19 19 19 19 19 19 19 46.3826217057 63.8541398466 63.8541398466 38.6755381969 40.1408014947 53.2957219384
0 0 0 0 0 0 0 0 0 0 0 0 0 0 0 0 0 0 0 0 0 0 0 0 0 57.1963571753 53.2499233565 64.4598472486 59.7768869109 50.6089134352 0 0 0 0 0 0 0 0 0 19 19 19 19 19 19 19 43.9075107732 43.9075107732 19 19 38.3720853106 38.3720853106 19 19 19 49.4216751443 19 36.7262081435 36.7262081435 44.9811218624 19 44.1840370005 44.1840370005 19 19 19 19 19 19 19 19 19 19 19 19 19 19 45.8585949204 45.8585949204 19 51.9293359436 51.9293359436 34.1421626719 53.2957219384 53.2957219384
0 0 0 0 0 0 0 0 0 0 0 0 0 0 0 0 0 0 0 0 0 0 0 0 0 0 0 0 0 0 0 0 0 0 0 0 0 0 0 0 19 19 19 19 19 19 32.2105746331 19 19 46.9623868012 38.3720853106 38.3720853106 38.3720853106 19 19 19 19 19 36.7262081435 19 44.1840370005 44.1840370005 44.1840370005 19 38.9689446215 64.1474890977 19 62.7959155539 74.3047532117 74.3047532117 19 19 19 19 19 19 37.0364152087 45.8585949204 45.8585949204 43.2772981822 51.9293359436 51.9293359436 41.4635321995 38.5167614155 53.2957219384
0 0 0 0 0 0 0 0 0 0 0 0 0 0 0 0 0 0 0 0 0 0 0 0 0 0 0 0 0 0 0 0 0 0 0 0 0 0 0 0 0 19 19 19 19 19 19 19 19 38.3720853106 38.3720853106 38.3720853106 38.3720853106 19 19 19 19 19 19 19 19 19 19 19 64.1474890977 64.1474890977 62.7959155539 62.7959155539 74.3047532117 74.3047532117 19 19 19 19 19 19 19 37.0364152087 45.8585949204 48.1863618822 47.3647173656 41.4635321995 47.3647173656 19 53.2957219384
0 0 0 0 0 0 0 0 0 0 0 0 0 0 0 0 0 0 0 0 0 0 0 0 0 0 0 0 0 0 0 0 0 0 0 0 0 0 0 0 0 19 19 19 19 19 19 19 19 19 19 19 19 19 19 19 19 19 19 19 19 35.6447332903 19 19 58.9991069791 38.9689446215 64.1474890977 62.7959155539 19 74.3047532117 19 19 19 19 19 19 19 19 19 19 19 36.511101239 19 19 19
0 0 0 0 0 0 0 0 0 0 0 0 0 0 0 0 0 0 0 0 0 0 0 0 0 0 0 0 0 0 0 0 0 0 0 0 0 0 0 0 0 0 19 19 19 50.0141548745 19 19 19 19 19 19 19 19 19 19 19 19 51.5817628644 40.1745091062 40.1745091062 40.1745091062 19 38.245927171 19 19 19 19 19 19 19 19 19 19 19 19 19 19 19 19 19 19 19 19 56.5744747775
0 0 0 0 0 0 0 0 0 0 0 0 0 0 0 0 0 0 0 0 0 0 0 0 0 0 0 0 0 0 0 0 0 0 0 0 0 0 0 0 0 0 0 19 19 19 19 19 19 19 19 19 19 19 19 19 73.286042601 73.286042601 51.5817628644 51.5817628644 51.5817628644 77.6744969524 38.245927171 38.245927171 38.245927171 19 19 19 19 19 19 19 19 19 19 19 19 19 19 19 19 19 19 19 56.5744747775
0 0 0 0 0 0 0 0 0 0 0 0 0 0 0 0 0 0 0 0 0 0 0 0 0 0 0 0 0 0 0 0 0 0 0 0 0 0 0 0 0 0 0 19 19 19 19 19 19 19 19 19 19 19 19 19 73.286042601 73.286042601 73.286042601 51.5817628644 45.1326059351 19 19 41.0564655647 19 19 19 19 19 19 19 19 19 19 19 19 19 19 19 19 19 19 19 19 19
0 0 0 0 0 0 0 0 0 0 0 0 0 0 0 0 0 0 0 0 0 0 0 0 0 0 0 0 0 0 0 0 0 0 0 0 0 0 0 0 0 0 0 0 19 19 19 19 19 19 19 19 19 19 19 19 19 73.286042601 19 19 19 19 19 19 19 19 19 19 19 19 19 19 19 19 19 19 19 19 19 19 19 19 19 19 19
0 0 0 0 0 0 0 0 0 0 0 0 0 0 0 0 0 0 0 0 0 0 0 0 0 0 0 0 0 0 0 0 0 0 0 0 0 0 0 0 0 0 0 0 19 19 19 19 19 19 19 19 19 19 19 19 19 19 19 19 19 19 19 19 44.2853833472 44.2853833472 19 19 19 19 19 19 19 19 19 19 19 19 19 19 19 19 19 19 19
0 0 0 0 0 0 0 0 0 0 0 0 0 0 0 0 0 0 0 0 0 0 0 0 0 0 0 0 0 0 0 0 0 0 0 0 0 0 0 0 0 0 0 0 19 19 19 19 19 19 19 19 19 19 19 19 19 19 19 19 19 19 19 44.2853833472 44.2853833472 44.2853833472 19 19 19 19 19 19 19 19 19 19 19 19 19 19 19 19 19 19 19
0 0 0 0 0 0 0 0 0 0 0 0 0 0 0 0 0 0 0 0 0 0 0 0 0 0 0 0 0 0 0 0 0 0 0 0 0 0 0 0 0 0 0 0 0 19 19 19 19 19 19 19 19 19 19 19 19 19 19 19 19 19 19 19 19 19 19 19 19 19 19 19 19 19 19 19 19 19 19 19 19 19 19 19 19
0 0 0 0 0 0 0 0 0 0 0 0 0 0 0 0 0 0 0 0 0 0 0 0 0 0 0 0 0 0 0 0 0 0 0 0 0 0 0 0 0 0 0 0 0 19 19 19 30.5631341602 30.5631341602 19 19 19 19 19 19 19 19 19 19 19 19 19 19 19 19 19 19 19 19 19 19 19 19 19 19 19 19 19 19 19 19 19 19 19
0 0 0 0 0 0 0 0 0 0 0 0 0 0 0 0 0 0 0 0 0 0 0 0 0 0 0 0 0 0 0 0 0 0 0 0 0 0 0 0 0 0 0 0 0 19 19 19 30.5631341602 30.5631341602 30.5631341602 19 19 19 19 19 19 19 19 19 19 19 19 19 19 19 19 19 19 19 19 19 19 19 19 19 19 19 19 19 19 19 19 19 19
0 0 0 0 0 0 0 0 0 0 0 0 0 0 0 0 0 0 0 0 0 0 0 0 0 0 0 0 0 0 0 0 0 0 0 0 0 0 0 0 0 0 0 50.993546402 58.1175726637 39.6440584023 58.1175726637 19 55.5801639864 30.5631341602 34.8905227173 19 19 19 19 19 19 19 19 19 19 19 19 19 19 19 19 19 19 19 19 19 19 19 19 19 19 19 19 19 19 19 19 19 19
0 0 0 0 0 0 0 0 0 0 0 0 0 0 0 0 0 0 0 0 0 0 0 0 0 0 0 0 0 0 0 0 0 0 0 0 0 0 0 0 0 50.993546402 50.3639144998 58.1175726637 58.1175726637 39.6440584023 19 19 19 19 19 19 19 19 19 19 19 19 19 19 19 19 19 19 19 19 19 19 19 19 19 19 19 19 19 19 19 19 19 19 19 19 19 19 19
0 0 0 0 0 0 0 0 0 0 0 0 0 0 0 0 0 0 0 0 0 0 0 0 0 0 0 0 0 0 0 0 0 0 0 0 0 0 0 71.0935192417 50.993546402 50.993546402 50.993546402 58.1175726637 58.1175726637 58.1175726637 19 19 19 19 19 19 19 19 19 19 19 19 19 19 19 19 19 19 19 34.1437093503 34.1437093503 19 19 19 19 19 19 19 19 19 19 19 19 19 19 19 19 19 19
0 0 0 0 0 0 0 0 0 0 0 0 0 0 0 0 0 0 0 0 0 0 0 0 0 0 0 0 0 0 0 0 0 0 0 0 0 0 71.0935192417 71.0935192417 50.993546402 50.993546402 50.993546402 50.3639144998 39.6440584023 0 0 19 19 19 19 19 19 19 19 19 19 19 19 19 19 19 19 19 34.1437093503 34.1437093503 34.1437093503 19 19 19 19 19 19 19 19 19 19 19 19 19 19 19 19 19 19
0 0 0 0 0 0 0 0 0 0 0 0 0 0 0 0 0 0 0 0 0 0 0 0 0 0 0 0 0 0 0 0 0 0 0 0 0 0 58.4284217325 71.0935192417 71.0935192417 50.993546402 39.6440584023 0 0 0 0 19 19 19 19 19 19 19 19 19 19 19 19 19 19 19 19 19 19 34.1437093503 34.1437093503 19 19 19 19 19 19 19 19 19 19 19 19 19 19 19 19 19 19
0 0 0 0 0 0 0 0 0 0 0 0 0 0 0 0 0 0 0 0 0 0 0 0 0 0 0 0 0 0 0 0 0 0 0 0 0 0 58.4284217325 71.0935192417 69.5952949702 0 0 0 0 0 0 19 19 19 19 19 19 19 19 19 19 19 19 19 19 19 19 19 19 61.9466028477 61.9466028477 19 19 19 19 19 19 19 19 19 19 19 19 19 19 19 19 19 19
0 0 0 0 0 0 0 0 0 0 0 0 0 0 0 0 0 0 0 0 0 0 0 0 0 0 0 0 0 0 0 0 0 0 0 0 0 0 0 0 0 0 0 0 0 0 0 0 19 19 19 19 19 19 19 19 19 19 19 19 19 19 19 19 19 19 19 19 19 19 19 19 19 19 19 19 19 19 19 19 19 19 19 19 19
0 0 0 0 0 0 0 0 0 0 0 0 0 0 0 0 0 0 0 0 0 0 0 0 0 0 0 0 0 0 0 0 0 0 0 0 0 0 0 0 0 0 0 0 0 0 0 0 0 0 19 19 19 19 19 19 19 19 19 19 19 19 19 19 19 19 55.770246253 19 19 19 19 19 19 19 19 19 19 19 19 19 19 19 19 19 19
