Spatial_Output/BAU/BAU_0540.asc
NCOLS 155
NROWS 192
XLLCORNER 196307.867259
YLLCORNER 449144.565805
CELLSIZE 33.573938
NODATA_VALUE NaN
[rows 75 to 99 of 192, columns 0 to 56 of 155]
69.2314019752 80.1236992038 80.1236992038 58.3068292644 58.3068292644 80.4101538359 58.1193782535 58.1193782535 82.7754590203 72.2813109616 80.1200983016 58.3681737716 27.4784399288 27.7006560442 27.636598912 28.0984385102 27.5586328697 27.5050087955 27.1546199921 27.7346005842 27.1658997751 28.155113514 27.6421808098 28.220369806 27.0510689407 27.5280859801 27.1755110037 39.9860094878 39.5905997914 39.5905997914 61.6889680134 28.2431766837 27.3106917552 27.821979583 27.925834971 27.8119081645 27.652968589 27.3900272279 27.5359014422 27.9068600562 57.4780215984 56.7658427683 56.7658427683 57.4780215984 27.919185487 27.7591401873 27.8401169439 28.0446413887 28.0950085872 28.0313089319 27.7067415283 28.2075335433 27.801102561 28.1098024939 28.104697944 48.980219857 48.980219857
0 80.1236992038 80.1236992038 58.3068292644 58.3068292644 58.1193782535 58.1193782535 58.1193782535 72.2813109616 80.1200983016 79.9143645716 79.9143645716 27.7105288048 27.5085167466 28.2017955189 28.3151546859 27.3478924153 28.0708112805 27.7548334748 27.9236298616 27.3809100237 27.8689956822 27.171104222 27.9314688268 27.7014434951 28.2453295217 28.1855704285 39.5905997914 39.5905997914 39.5905997914 27.0117004979 27.6615355816 27.576445476 28.0475603248 28.1566122621 27.3652612919 28.0820149523 27.2212622208 27.798628263 28.1397218634 27.3760947235 67.3813374152 67.3813374152 27.334808411 27.0237576472 27.9359043254 27.1365560519 28.1306099256 27.1609572042 27.2170084756 27.2172746911 27.7749753064 27.240055691 27.8919243862 44.7657103357 48.980219857 48.980219857
0 0 68.9333533432 0 58.3068292644 80.4101538359 58.1193782535 72.1247218142 82.7754590203 55.0262340624 80.1200983016 61.6571955174 27.1030432822 28.0714572126 27.7886266465 27.2199133862 28.2942091866 28.3615845447 27.6341979531 27.9475513886 27.1413574197 27.6419754298 27.9860540075 28.237616702 27.7984675195 27.3711401403 27.2616195362 27.6745923315 27.029102187 27.7459951172 27.6260240238 77.7319422807 28.236850289 27.1250858148 77.7092135131 28.1997269634 44.8003578957 27.3580915122 27.8877388169 27.7599410206 27.3754255784 27.1042868149 28.1560778971 27.0248278455 27.9482143041 28.3012972772 27.3569813597 27.7989938227 27.5784401361 28.2181113034 28.2821770219 27.9041716685 27.1273617358 27.6862310833 44.7826085885 71.0955144372 71.0955144372
0 0 0 0 0 55.873470135 55.873470135 50.8540532368 55.0262340624 55.0262340624 55.6269156131 50.389303169 50.389303169 27.5529126752 27.1308214985 45.82772726 27.3270071171 27.7041806788 27.0050688839 45.5460998234 45.4780809974 45.5037277063 45.4536234133 45.4536234133 42.2649656593 50.0861716395 55.6743711616 28.2303744755 27.0225564692 27.0408810701 27.8076926866 77.7319422807 27.5244686811 77.7092135131 77.7092135131 55.5025609486 43.3775102803 43.3775102803 28.0662221987 27.1746580848 27.3858857961 67.277381916 67.277381916 27.4543587559 28.3577468242 28.1551590048 27.0376457067 27.219669338 27.3932359104 27.8607143389 27.319674392 28.0980439626 27.7955698648 27.3068536364 71.0955144372 51.9600686871 51.9600686871
0 0 0 0 0 55.873470135 55.873470135 50.8540532368 55.0262340624 55.0262340624 55.6269156131 50.389303169 50.389303169 27.0749105492 27.7803126513 45.82772726 45.82772726 27.1430199846 45.5460998234 45.5460998234 45.5037277063 28.2788382131 45.4536234133 45.4536234133 50.0861716395 50.0861716395 50.0861716395 43.5295557969 27.8186126645 28.1986587153 27.4793814161 28.3139538073 28.2138677797 66.8314398239 77.7092135131 55.5025609486 43.3775102803 43.3775102803 27.6101674458 28.0649316393 27.4378123818 67.277381916 67.277381916 67.277381916 28.0016227933 28.3570413098 27.4801396962 27.0919736171 27.3845979146 28.0780992431 28.2308353337 27.5966253801 28.3465788326 27.9273829507 27.7917752778 51.9600686871 51.9600686871
0 0 0 0 0 0 0 0 0 55.0262340624 55.6269156131 50.5601407336 0 27.018931225 27.0667856777 27.6530815878 45.82772726 28.1627463868 27.9194271087 45.5460998234 27.5126882417 45.5037277063 45.4536234133 28.3335156163 42.2649656593 50.0861716395 64.4123778035 43.5295557969 43.5295557969 27.3151040738 28.0976464661 27.0182223837 28.1029310055 27.0170656827 66.8314398239 55.5025609486 43.3775102803 27.5130863215 27.4140773755 27.1862378377 28.0231555305 27.5471443159 28.1247473457 27.6447059243 28.2661094709 27.8090340598 28.0731371637 27.3526914868 27.7213334619 27.3185453488 27.0563271762 28.1310773271 27.750044404 27.021288385 27.081677879 27.1254412682 49.8814118002
0 0 0 0 0 0 0 0 0 0 0 0 0 0 28.1711019242 27.5605228587 27.4067297824 28.0727261897 27.3042862831 27.6618425561 28.255390175 27.5265840139 27.2869052966 28.1729628708 27.057125672 64.4123778035 64.4123778035 64.4123778035 43.5295557969 27.6924223209 27.6417641369 28.0930857823 27.9344194708 27.4097941887 27.5187961681 27.6433312521 27.9503461441 27.8646183774 28.2496011605 28.013571517 27.9269455758 27.2678313375 28.3572092895 27.6407377538 27.931686644 28.2488222132 28.1176376538 27.9704846047 27.1190989383 27.2567436461 27.8101292314 27.1270853662 27.6900811694 27.2745240383 28.0573279511 27.4353775055 49.8814118002
0 0 0 0 0 0 0 0 0 0 0 0 0 0 28.1186894299 27.6990374153 27.5408857705 27.9071767775 28.0802728316 27.6093431462 27.2303580306 27.0261590205 27.0397897267 67.2878508351 75.794023785 64.4123778035 64.4123778035 64.4123778035 28.0690498444 27.8105022444 27.3501701959 27.6772681903 28.0707426848 27.3237063017 27.2809680001 27.2066073321 27.8150186077 27.6137769346 27.1252000579 27.4948986241 28.1275704549 27.6590615951 27.3216839646 28.0064640484 27.7886268428 27.9990225831 27.6779890269 27.7092305593 51.8551926663 27.2644772296 27.7260877032 27.0199718292 27.4160788493 27.4050776422 27.9594945355 28.0418392613 27.6974544615
0 0 0 0 0 0 0 0 0 0 0 0 0 0 27.9646054006 27.4129111555 27.7298902325 28.1004777063 27.0312168104 27.817661206 27.886958082 43.662597452 54.589075944 27.160106232 75.794023785 75.794023785 75.794023785 27.1600566241 27.7065911179 27.5290359488 27.7213800589 27.4022745795 27.1104526346 27.9178174434 27.7460430207 27.2934528301 28.2387822888 27.0381699244 27.8899333708 27.6285386506 27.6270286094 28.222675739 27.391977043 27.2147475942 28.3627128353 27.1976274212 27.9189510897 56.1426443758 56.1426443758 56.1426443758 28.0608111058 28.1427650756 28.0120908895 28.2952377442 27.5556113253 27.8829225913 27.4351099619
0 0 0 0 0 0 0 0 0 0 0 0 0 0 28.4130059678 27.2697064531 27.7758064434 27.2127336029 58.7864638222 27.7320176687 55.1535986532 54.589075944 54.589075944 54.589075944 56.0548628385 60.4905228633 28.2276216178 27.9553629025 27.2663177 27.9259973877 27.4903690082 27.3009247636 27.7171317663 27.4341361317 27.7039288788 27.5057718815 27.7383552332 27.3507422833 27.0257049013 27.5646833856 27.282163877 27.6067165852 27.1131395457 27.3439345793 28.1511398376 27.3414308807 27.4741390994 56.1426443758 56.1426443758 28.2117006343 41.3662214978 28.4092831686 27.1710793535 27.2852319004 27.5724662762 28.0035349387 27.8018929841
0 0 0 0 0 0 0 0 0 0 0 0 0 0 27.4120851831 27.787227497 28.0066880652 28.3958181802 81.4912467499 55.1535986532 55.1535986532 55.1535986532 54.589075944 54.589075944 27.2940935722 27.3472536759 27.0325723122 28.288764074 27.2554497171 27.6116839404 27.6334377329 27.9448853298 27.7044020672 27.4953373377 28.4109290395 27.237481573 28.2890200248 27.3716442204 27.4824797599 27.8542406579 27.8282647801 28.332059298 27.9116247645 28.0247007075 27.3251727289 27.7098451821 27.9285513113 56.7007625445 56.1426443758 47.4793508626 47.4793508626 28.0096773842 27.3289570396 27.7729616334 27.3943919496 28.3861113144 28.0616691468
0 0 0 0 0 0 0 0 0 0 0 0 0 0 28.3946601381 27.2829477868 27.1898574263 46.4883265521 44.6713004033 44.6713004033 27.9009003555 27.8712359679 28.1240593796 28.2806491742 28.0409485821 28.0275958853 27.3712032607 28.1239454855 27.4469011212 28.2362695556 27.6693540616 27.0416195387 27.1647791999 27.1541774394 27.7927381548 28.3188648066 27.8826662238 28.1295251013 27.6335412992 27.7619232081 28.1198322949 28.398168487 27.9604055654 27.8775749811 27.8516612899 28.3428529302 27.6660054 28.0839562584 28.3215123375 47.4793508626 52.9453228837 27.834791936 27.1460950364 27.906735578 27.9361352559 28.0127242673 27.4127118719
0 0 0 0 0 0 0 0 0 0 0 0 0 0 0 27.3713366547 61.969988597 46.4883265521 44.6713004033 44.6713004033 64.033945284 28.0988391477 27.9788683379 27.2058290152 28.2450909785 27.9231758842 28.3115157505 27.9670654415 27.3488226939 27.502698195 27.1113713309 27.5028920386 28.2385368724 27.0302532664 27.7896533174 27.5507607183 28.1341426828 27.7186099096 28.2722719679 27.6680477236 27.1290626269 28.1483975091 27.3724356819 28.346949129 27.2921786945 27.2683981358 27.2758904898 27.1012437909 52.9453228837 52.9453228837 52.9453228837 28.2395866648 27.8052478869 27.5805378966 27.7380473387 27.4665687249 27.4641961403
0 0 0 0 0 0 0 0 0 0 0 0 0 0 0 56.4050146767 61.969988597 61.969988597 46.4883265521 46.4883265521 28.2086326094 27.234046383 28.3454607763 27.9298931645 27.064788225 27.6342203349 27.4641414281 28.0501547654 27.3554145154 28.0652073822 27.3669418467 27.6204847663 27.5826079972 27.7604101272 28.2319896792 28.1469117288 27.3407627994 28.1531861455 27.137199597 27.7770346899 27.2647800779 28.2035007273 28.3826732118 27.6896780076 27.1312362447 27.8956630368 27.1639444761 27.0791840219 27.5466137743 27.5502982173 27.0720027998 27.2246772582 28.2658634947 28.0642937444 27.6319433784 27.3105016478 27.1169415018
0 0 0 0 0 0 0 0 0 0 0 0 0 68.3048298922 47.8705155194 56.4050146767 61.969988597 61.969988597 27.0361002778 27.2734718853 27.4697611525 27.4725308554 28.192637357 27.560964362 27.1032698466 27.1021579584 27.2413677421 28.1226154885 27.2728426309 27.1445446831 27.7159610718 27.8579811424 27.1026277191 27.8015519741 28.243540934 27.7208788759 27.1651305502 27.3960408098 28.1611300194 28.334469507 27.0067552113 28.1901471538 27.8787692658 27.0462323733 28.1762809832 27.0914821472 27.2063731301 28.2300938923 27.0061861865 70.6912529164 28.0047578975 27.6211568382 28.0003424267 27.1353543003 27.6715374513 28.244153512 28.1039141529
0 0 0 0 0 0 0 0 0 0 0 0 19.7887976965 19.8791258624 19.8791258624 48.9048222349 48.0204580474 64.5467911758 27.2365447826 27.2269883094 27.5339781258 27.8761190664 28.266143602 28.3353734883 28.1516765957 27.1821274356 28.3126425306 27.5894721145 27.4322657372 28.1950730109 27.227978643 28.3389862617 27.4538093945 28.3200669877 27.9139636218 27.9780632778 27.1154507565 27.1815836819 27.3424243389 27.0660168245 28.3251046 28.1376682995 27.3593411945 27.555951634 27.3289626365 27.6591929061 27.332580409 27.9388533767 27.6427150274 28.2048712369 27.0986658888 27.2803355912 27.5284726785 27.5005139558 28.1632913812 27.8978833787 27.2221100004
0 0 0 0 0 0 0 0 0 0 0 47.7812287714 47.3593208992 19.8791258624 19.8791258624 48.9048222349 47.7576515632 0 0 27.4824318964 28.3377665801 27.2091735417 27.6520955319 27.3407075708 27.1836849046 27.2782851735 28.0504405587 27.4621662778 27.7638663168 28.1709381425 27.0119391758 27.2978062087 27.7472955559 27.5539512576 27.83550723 27.4560981807 27.083354234 27.9130210773 28.2966779762 27.7208144752 27.3636922151 27.5864677783 27.4140500897 27.435161765 28.1959607106 27.4065367884 27.9586426683 27.8295254204 83.341208899 83.341208899 83.341208899 28.1844546073 27.9743498785 27.8972726255 27.0534130751 27.3614215039 27.9023250962
0 0 0 0 0 0 0 0 0 0 64.0522000836 47.7812287714 47.3593208992 19.7887976965 49.7898449404 47.7492009431 0 0 0 28.1142999436 28.2328758331 27.1321444925 27.2903624207 27.2950521517 27.1999300829 28.0118099765 27.6678833774 27.7700252323 27.8358097489 28.2924691016 27.5664406377 27.775530607 27.4891265441 28.3591715943 27.8539270853 28.1176818554 27.4235333904 27.1983953512 27.7914041059 27.3230628584 28.0406781197 27.6101879737 27.1957965809 27.4884226803 28.0541371138 27.9858611114 28.3213334338 27.0314112865 27.7110920371 53.8625580449 53.8625580449 27.8966869201 28.3381894152 27.5470309921 28.4093993627 27.8772633784 28.0973025199
0 0 0 0 0 0 0 0 0 50.1255155763 49.8058965772 47.7812287714 47.7812287714 47.3593208992 0 0 0 0 0 0 27.2110691027 27.9708560966 27.0850904661 27.8026574245 28.2766710199 28.2021324112 28.0918761007 27.3385473826 28.1084468601 27.0082104539 28.1982107933 28.2913785242 28.167435292 27.7860249535 27.1662109708 27.4403369267 27.1045557389 27.3803831542 27.1919973197 28.3345232634 27.5748966041 27.8538235516 27.1118192338 27.6565247731 28.0685791758 27.4460630173 27.3202138697 27.8983018591 44.5919081619 53.8625580449 53.8625580449 27.9713324394 27.9900797376 27.2229885006 28.3771943323 27.2160508382 27.2240702288
0 0 0 0 0 0 0 0 68.8933493782 50.1255155763 50.1255155763 49.8058965772 49.8058965772 0 0 0 0 0 0 0 0 0 27.9267039148 28.1690889632 27.2504525822 28.352818632 27.145846734 27.7505920037 28.1921950969 27.2911417937 27.3832651057 27.5524086861 27.6756412952 28.0649331785 28.0040422734 28.0701977434 27.616541579 28.2483452436 28.3493740333 27.2931430494 27.9983125259 28.1845513715 27.2076223609 27.1972591102 27.9746831742 27.482341022 27.7587521641 44.5919081619 44.5919081619 44.5919081619 57.1690940452 27.0042236588 27.6183143898 27.6094467718 27.5114923312 28.0211933363 27.1302332996
0 0 0 0 0 0 0 0 68.8933493782 50.1255155763 50.1255155763 67.0373508753 0 0 0 0 0 0 0 0 0 0 27.4021926408 27.3347992965 27.382500028 27.4148122527 27.5450615687 27.9853434468 28.2134416483 27.9948566386 28.1720811161 27.1144556831 28.3072827926 27.370458106 27.8355736978 27.4449127768 27.9691686695 27.5554623876 28.1233000872 27.4396512666 27.4900027942 28.1151891266 27.7255731051 28.3041541607 27.2736948225 27.2889482542 27.8350887476 50.7103976946 44.5919081619 72.2124546381 57.5630805274 27.1050587327 27.7808762245 28.1346659398 27.7469212549 28.2321500264 27.8043120365
0 0 0 0 0 0 0 67.3651589034 0 0 68.8933493782 0 0 0 0 0 0 0 0 0 0 27.8952359484 27.0356199806 27.3387434236 27.391271686 27.7271269076 28.0796667449 27.9040367855 27.9041205397 27.1758491056 27.3877387074 28.256635105 27.6032679602 28.3337312683 27.6296379146 27.6758629821 27.0168672745 43.074226515 54.8479064243 27.9245087475 63.0423712022 28.0587189291 27.5430599986 48.687772696 27.3865391113 27.1159956049 28.1192925591 72.2124546381 72.2124546381 72.2124546381 57.5630805274 27.3518488883 27.9542023661 27.5719490571 27.6123529786 27.7278690409 27.0091369852
0 0 0 0 0 0 0 67.3651589034 67.3651589034 0 0 0 0 0 0 0 0 0 0 0 27.9980925043 28.4083849284 28.3567798956 27.7805784985 27.5693552137 27.73594528 27.5979736051 28.2685503884 27.3827315554 27.8972317185 27.0243747175 28.0878626877 28.2887690539 27.3712294541 62.1853776147 76.4128681621 69.6261986946 43.074226515 51.0251020005 63.0423712022 63.0423712022 57.0352092096 57.0352092096 71.9867614562 71.9867614562 63.1985402549 41.4240602202 41.4240602202 56.4592910292 47.2032863413 66.0181331906 55.799435949 27.0129551217 27.2176650021 27.9081716094 27.5665317019 27.4527278577
0 0 0 0 0 0 0 0 0 0 0 0 0 0 0 0 0 46.2433281802 0 28.0769488435 27.5509211747 28.1146631256 27.3572545459 27.216977297 27.5045013693 27.2505916063 27.7563344157 76.451639265 27.5545502708 76.451639265 28.3758614199 27.0515386403 27.4280705025 54.9387292895 52.1341772734 52.1341772734 51.5485869903 51.0251020005 51.0251020005 63.0423712022 63.0423712022 57.0352092096 57.0352092096 71.9867614562 71.9867614562 43.2141449756 41.4240602202 41.4240602202 56.4592910292 47.2032863413 27.8206748199 55.799435949 27.3445064196 62.331161337 27.0526934835 27.6118172954 28.2695093034
0 0 0 0 0 0 0 0 0 0 0 0 0 0 0 0 46.2433281802 46.2433281802 46.1376829441 47.1594175295 28.0271102525 27.8370796095 27.9537216319 28.1476698232 27.3514888195 28.0918797314 28.0050090233 27.3402457261 27.7045030505 28.0423715377 27.5941493 28.2109179802 43.8486081759 43.8486081759 52.1341772734 52.1341772734 78.4553926871 80.9227694655 51.0251020005 90.7120178675 63.0423712022 27.8332531169 42.8672286519 71.9867614562 43.2141449756 63.1985402549 60.6282799047 41.4240602202 56.4592910292 47.2032863413 28.0608424102 55.799435949 28.1505382713 27.2954226735 28.1254564391 27.6726211503 67.1827964349
