Spatial_Output/BAU/BAU_0084.asc
NCOLS 155
NROWS 192
XLLCORNER 196307.867259
YLLCORNER 449144.565805
CELLSIZE 33.573938
NODATA_VALUE NaN
[rows 78 to 103 of 192, columns 57 to 113 of 155]
72.1227968098 72.1227968098 44.8561413131 44.6455712571 43.448761219 45.7482582189 43.1396704276 44.5066411652 43.5888189224 43.3419018225 43.0501415136 64.8915319368 60.1039311351 61.4408112675 76.2013831177 43.7605802446 43.6777148704 43.3150030421 43.7006890228 43.1268785069 44.7529810902 43.2906200329 43.396325558 43.2007553128 44.1364163633 43.3073536271 43.8181424296 55.7845845148 45.5678437006 43.6548314786 44.9039008284 44.141187731 43.3967766024 44.4845161382 45.0226425481 45.6018255119 45.4285286799 44.6837473924 45.1859223394 44.2072158843 44.3796606192 43.3962919428 60.28749492 59.5791657328 103.0749744544 103.0749744544 103.0749744544 59.7469107948 65.2234185368 54.9764181921 45.4538497034 43.5332399099 44.6208667999 44.3185956838 44.9964319851 43.0578137563 45.4022961985
72.1227968098 72.1227968098 44.2024801049 43.6581955167 43.0148623997 43.0095605833 45.8146260746 43.9598961189 45.7852024634 44.5112558497 45.0921919305 53.8469872831 60.5204014569 60.5980482227 44.0928986622 43.4855863812 45.0870087001 44.8804402946 45.577344278 45.1895167645 45.5022378448 44.8501576487 44.1352232269 44.0100338937 44.4627038241 45.6318780936 45.3780293138 44.6670557268 43.3952780339 44.9925038685 45.2617330568 43.3424015722 43.2750964551 45.7909862153 43.0327753667 45.3016603781 43.9475392584 43.5072190187 44.629457093 44.1660504545 44.4763135143 44.8878973354 45.8079418401 59.5791657328 72.9262966478 72.9262966478 72.9262966478 59.7469107948 54.9764181921 54.9764181921 43.388436431 43.3771463715 44.6576794882 43.0862291177 43.0308713081 45.1392592648 43.3299047425
61.6209259266 72.1227968098 49.1126684542 45.4252689527 45.626666633 43.6750580276 44.2024345663 44.1764917319 44.2616366706 43.9254103743 43.4937637925 44.4449945297 44.4952488133 45.052315712 45.5662095949 44.6179955224 43.1015667568 44.2960406669 45.3144799061 44.2542007551 43.7563137303 45.3045267216 43.6928905786 44.24301345 44.7195254825 43.6779555579 43.5366635009 45.429868604 62.8952667352 62.8952667352 43.8441593865 45.6925823148 43.5656086168 44.1024735993 43.8800275411 43.477418321 45.3892573412 45.7323760231 45.6537418484 44.8144689512 45.4791523752 43.1371440479 43.812785686 43.686240237 72.9262966478 74.4929118442 74.4929118442 74.4929118442 44.9580376693 54.9764181921 44.217281172 60.0686738989 45.7510083963 43.6543376102 43.0223810738 44.419337855 45.0260232487
45.245022201 43.4203798702 44.3586553895 44.9214222142 44.2131784088 43.217836179 43.4927399807 45.1129487746 44.0311620394 43.8705358653 45.6675520896 43.8065877514 45.6398486491 45.3472135608 44.3170726598 45.5078187914 43.1001149969 44.4288500392 45.3965128345 45.4213354209 45.3816040208 45.222726351 44.4080106374 45.2689495008 45.6914596028 45.0080061529 43.3777093645 62.8952667352 62.8952667352 62.8952667352 44.9403340787 43.9564446923 43.9997378502 43.6491173071 45.0815795768 44.8642836354 45.4151363612 43.8000993021 43.906782575 43.313471158 44.8137828006 44.0302867059 43.045425141 44.0811680113 43.5808850159 76.0688632227 76.0688632227 76.0688632227 44.8370830433 43.7993399102 44.0001905263 45.6788199563 43.1950692193 44.7631195211 44.8978013211 44.2475725118 44.9722718352
45.4542976673 43.5302872814 45.6328356068 44.1427013257 43.5832631822 44.103181795 44.9727692873 45.1763072231 44.4253699805 45.8248199009 45.337314834 43.6462022203 43.2370053077 43.6230217727 43.4224947788 45.1459101074 45.0643336182 44.8710278471 43.0374793586 44.4964029639 43.6460174726 43.0337278678 44.5022632413 45.4127905294 44.4487450337 44.2499352471 44.4509405638 45.3342294597 45.4135732408 43.5789982018 43.5604598063 45.6741704703 43.2504542027 43.7248617749 45.2554210088 45.1982405155 44.3268435509 43.6955773665 43.2166164388 45.1046192657 44.0422914017 43.9183363835 43.5072723198 45.595006731 44.4359333756 76.0688632227 76.0688632227 43.4682234163 44.4074648128 43.48759006 45.0773235266 43.0736694017 43.3073531384 43.1197320707 43.7329620815 44.589262786 43.6417097051
44.5762252518 43.8963206008 43.1216382848 45.4478072832 44.6127941305 44.5731905176 44.6912046125 44.3867561245 43.8846875288 45.5830760028 44.0468300645 43.7232177885 44.7735882007 43.1103499657 43.2446843342 44.9562012022 45.4393340704 45.4854736537 43.4742132283 45.6994071058 43.5358671004 45.2239905999 44.0709996435 43.7417436416 43.7214869909 43.2314639881 43.3757622115 44.8209525853 43.6701248884 43.529309657 43.7560860847 44.0138354858 43.1791840206 45.492730974 45.5287449793 43.5495142567 43.2282814992 45.3117826013 44.6317583905 45.179667769 43.5745234247 44.5427567995 43.9115080708 44.8648723712 43.925906407 75.4643947371 75.4643947371 75.4643947371 45.3997745607 44.9752187827 44.8523629994 45.4453141895 43.4683214161 43.1725982053 44.6427598411 43.1792909708 44.352342017
45.7002328089 43.4805590736 44.2724466599 44.7564605571 45.1007816137 44.7336798678 43.4965979983 43.5754285682 44.7905894406 44.6467088713 44.5946518144 44.7301635411 45.1448033974 44.4901501738 44.7770016331 44.8806183623 45.6399483499 45.5866022463 45.4943770085 43.6919039164 45.6908467714 45.5557848285 43.2344703401 45.1460024444 45.0080763596 45.1739931922 43.7193182814 45.1691353491 76.1754538384 76.1754538384 76.1754538384 44.8809756139 45.2212115431 44.6124723364 45.3363497099 43.8897995543 44.0247063465 45.0512461001 44.5995658342 43.5411498111 43.9611501428 45.1515596967 43.6966475732 43.2423509081 43.5237044162 43.6306842376 75.4643947371 45.0433028649 44.2222260814 45.1356713704 44.8089188509 44.3191765465 44.2340689728 45.4471553001 44.3290389849 44.1076845116 44.9194003329
45.7628255223 44.3345912898 44.7096161836 45.3093448692 45.1386535251 44.8819940352 43.3685461459 43.0920515624 44.7989964593 44.7676804858 45.2513012489 43.8948073728 43.5776167905 43.7297529493 44.8681607924 44.0282529282 44.8338439373 45.4411379669 44.8777065349 43.2096629491 43.127049947 44.71427712 44.49693004 44.0626345288 45.1266210238 44.1226707812 44.5424097753 45.5956557757 44.0788530699 76.1754538384 44.4872580628 43.3630479339 44.655831301 44.7417373173 44.4629859134 45.8183611243 44.7783860589 43.0980696228 45.7045162706 45.7000567455 45.8273025193 44.4666509168 44.712549084 45.435873094 45.4937764043 44.6128164231 43.8121035097 43.7623643904 44.8279163971 43.7138967473 44.6995280974 44.9490796609 43.4945724674 45.4552515266 44.8133666532 44.4795565472 44.2820670957
44.9390637104 43.5091132719 44.8205418437 43.1215114756 43.0199239176 45.7384306416 44.7985421892 45.445915867 44.24727192 43.4260512312 45.4202288166 44.2357819332 43.6183447135 44.0214290367 44.6790478077 43.0899752849 43.5770809119 44.9988065763 43.310212906 44.4790942139 43.0268633266 43.5671368071 45.2438822799 43.8245785074 45.5986103534 44.5337238187 44.6727150779 44.9335686712 44.5262209918 77.0426319595 77.0426319595 45.6798672408 43.2850656535 44.3410687678 44.070048565 43.6559661789 45.2600007858 44.0804694369 43.2433270369 43.271590139 44.060071597 45.1254351128 43.8699273086 43.067160665 44.1113071699 44.8715818473 60.1131057683 44.8181835128 43.483551291 45.4898968235 43.6444997245 74.6689605843 43.0372322241 45.5650729613 51.8762567323 44.3794110576 45.2979858877
45.6956605326 45.7086594573 43.3329862655 44.6614964662 45.1240762446 43.8870050964 45.1244574173 45.7528065869 44.5529618354 44.6472530249 44.2627185789 44.1945327467 43.2930997352 43.9321573988 45.0127281414 43.1344366538 43.7228398095 45.5709714204 43.0966171176 44.6687668783 64.3566568418 45.2111101552 43.7116208008 43.1129215054 44.0731182471 43.6530503581 45.3445967243 45.0191592916 77.0426319595 45.7133025539 77.0426319595 44.9905290543 43.5860797207 43.1081594843 44.0000192502 44.1001098654 45.2842249071 44.9511345846 43.0963923261 43.6790598612 43.3967346629 45.1979733548 44.070890102 44.7905619461 44.178889223 43.5845559319 43.5375085022 45.1535546477 43.9293275073 43.6681494542 74.6689605843 74.6689605843 74.3588420265 67.2809555652 67.2809555652 43.7525615492 45.510754844
45.153584209 44.4408500946 43.2987549141 44.809188391 44.7486807553 43.7541309613 43.1509679946 44.3591913467 43.6374346699 44.8857924723 44.3154796058 45.5461163838 44.9642965678 43.4234122143 43.2184399116 44.8321446545 44.5123296583 43.31433748 44.4475354513 66.0097419224 43.2413748767 64.3566568418 43.2551589818 43.0601388146 43.6475969058 45.1917403787 44.9016889705 43.0264679084 43.5802271325 43.4598571299 44.3138042617 45.7025755395 43.9572490563 44.3049863405 45.4588146573 44.5933286758 45.4802588471 43.5877348527 43.3489866471 44.8066613582 45.1384743373 44.9614783901 43.6431462164 44.6164202154 44.8908341307 43.5339392323 43.9224476004 45.7177960378 44.278853965 45.6163398312 74.6689605843 74.6689605843 74.3588420265 67.2809555652 67.2809555652 43.1273723036 43.7364108493
43.0545207967 43.6114749977 44.4143599251 43.8955261124 44.0809780947 45.0553129469 44.5994440035 45.683135557 45.1532043906 44.5991270281 44.2561825375 45.1198340382 45.3006776626 44.6242518531 44.5839026371 44.4853907287 44.3930948933 44.5901660305 45.3198350055 44.3318633618 64.3566568418 64.3566568418 44.0727693405 44.5151292591 43.8878235696 44.4719482852 68.4753283807 68.4753283807 58.1773190329 61.8257355263 75.62830529 59.4829280507 59.4829280507 43.3453138417 45.1432873663 45.1965748659 45.3478967473 43.626302021 43.5246829221 43.9425388628 44.8144955643 44.4208151632 45.1543461576 45.3569454567 43.9906164307 43.751553904 44.8087293798 44.0875675418 45.2716445615 43.7345168538 45.2752858745 44.5336906538 44.2656650994 67.2809555652 44.0514257054 43.8903195784 45.1803359914
44.825713198 43.356442477 43.14286722 45.3987593616 43.4754151344 43.3035463164 45.7244371483 44.8598769237 44.1139967563 44.2208932584 44.9428640432 44.7394628249 45.215700908 45.3424126403 45.002402086 43.551621559 44.0387495539 43.3491434756 43.0024371629 44.7334873263 44.7421465152 43.5794361 43.9008571722 43.8459363348 45.6914088525 44.1596137286 68.4753283807 68.4753283807 44.0655185687 58.1773190329 75.62830529 59.4829280507 59.4829280507 45.5838678049 44.6167033915 44.979963739 45.3186343929 44.0477015011 43.8573738098 43.2555493111 44.9912021289 43.6547061637 43.0181085987 43.8047144916 44.0877208705 82.7783700745 43.4532383474 82.7783700745 44.7310803358 44.0681165778 45.2774904897 43.1456275368 45.7881088229 43.5109488027 44.6811067525 44.6662867513 45.3510429945
45.0607324434 44.5072832087 45.0262725732 43.8922775484 43.8785569455 45.4483291824 45.8171867092 44.2459890375 44.9772953575 43.5067945594 43.8805993602 45.0880478324 43.0670175249 43.3392258354 44.1917892599 44.1356773672 43.5723288826 44.3654110522 43.3257025599 44.6897364389 44.4979169225 45.7467486154 45.486048603 44.0861441188 44.2637289926 44.2033756554 68.4753283807 45.1834444848 58.1773190329 43.5237505038 75.62830529 44.3274629341 45.2664090213 44.4115855357 45.6900715974 45.370485808 44.935178464 43.2267225617 45.0270300974 44.4834967587 43.3174764172 43.6840661654 44.2247434874 43.2194037254 45.218969555 44.8664037584 43.7193351104 45.6492847894 43.6669512988 44.6017011034 45.6510999215 45.3095642518 43.5384131114 44.4987332044 43.3528811188 43.8886689173 43.988889748
45.7274649912 43.8351749687 45.4810252796 43.9601111594 43.7360348479 44.5732345474 45.2178730799 44.1426437163 45.4533629517 44.9120858435 44.8261115972 43.7930713636 43.3918284522 45.4960059004 43.3343618939 43.4160716228 45.4483919013 45.6597416525 44.4715433046 43.8194845567 43.4182088083 44.5911335172 45.5183841348 45.8272786518 45.0608666347 43.5716009514 45.3061965633 43.5871336639 43.5894552659 44.8984430273 45.7856983995 43.1002225449 45.5740877615 45.503437217 45.703552232 44.4532073205 44.6191144102 44.9237663515 45.3884092521 44.7068024337 44.8979216769 44.5437546322 43.5727514744 45.0828750058 43.28827269 43.7420765097 44.79693984 69.9088954822 45.7132329761 45.0151517725 45.4886598068 45.5623326122 45.6787116533 45.2537394154 43.9669356024 44.4726587627 44.8183769433
45.4337476211 44.109335792 45.511408044 43.4367859695 44.130893571 44.3802158488 44.0320042623 44.032573767 43.262461403 44.420081012 45.4598849739 43.2208359271 44.2392642232 44.6764789354 44.6718452379 43.2126663593 44.4734351591 45.383728226 43.3747015202 43.2371976397 44.0470509262 45.2190950146 44.546258175 43.3088181568 43.203258922 43.4035834882 44.1658518661 43.2119796544 43.9262337823 43.2600150029 44.311556444 43.4562443071 45.024956426 44.768693954 44.5696538349 44.8757432899 45.1190370443 43.9159760477 43.0639136298 44.5545808242 44.218849608 45.209369017 44.3600841546 45.3831457509 44.9745278168 69.9088954822 44.6665256244 44.4849170196 43.4568913348 44.8120333684 44.6475959969 44.4283375193 43.5141138234 45.3666001878 44.5887441551 45.6216929526 44.9365399813
44.4766650155 43.5951309602 44.1355387467 44.9464691743 43.1944853508 44.8060421041 45.1089882426 43.0121558364 45.1718756102 45.6110405346 43.0135290792 43.482937118 44.5764997441 44.39611227 43.561348447 43.8657272059 44.3038403619 44.4286480494 43.5190232138 44.0478073899 45.7499052971 45.0836223755 44.6151791249 43.9282474566 43.0714279084 43.0839495876 43.1211245388 45.2532943801 45.4310800724 45.386793941 43.516228402 52.8159462409 52.8159462409 43.1330850345 45.6303793416 44.5243629706 43.9846201097 44.794650357 45.1173137728 43.749350554 44.0247897198 44.6949802282 44.1919656561 45.3018147898 45.4369831644 44.3311695869 43.1182906806 44.8409668115 77.7832050265 44.5444051899 44.72216082 44.856370069 43.918605805 45.3720340572 55.9439822756 45.3202752603 55.8274866402
44.942634526 44.3066771594 43.5636120589 44.978656546 44.275048376 45.2775766613 44.0711073519 44.4918293629 44.2235663699 45.6927701896 45.7877608504 44.2313952265 44.967907442 44.7921088512 45.267011079 45.8268566124 44.2786358279 44.0585838257 45.4666080699 44.6413270806 45.1509985663 43.7700654795 43.6883235592 43.3559474054 45.5474800186 44.9557790208 43.4095253523 44.3646818013 45.6015203562 43.0409590542 44.5173763851 52.8159462409 52.8159462409 45.570193932 45.2826108717 44.4880802602 44.3860979242 43.3085162917 45.4265386921 45.5047288394 43.852080352 43.9444605101 45.1475073847 74.7861268151 71.1989344311 71.1989344311 71.6522334267 71.6522334267 44.8165557867 44.0493299738 43.3107534681 93.7103305491 93.7103305491 43.4716014661 55.9439822756 55.9439822756 55.8274866402
43.9611339067 45.7114435183 43.0953796002 87.0075230877 44.5657778307 44.6351830099 43.5035742311 43.0084174223 44.90227414 44.9388818363 43.5218900025 64.1119263559 44.3312443055 44.0618672142 45.2044283009 44.0620524495 44.4379293908 44.1945281568 45.4026779487 45.1475071441 44.288057395 44.468019697 44.8305920104 45.653778041 44.891336331 44.8799489258 44.6040359983 44.3694374627 45.5334276191 44.10313229 43.1225953689 43.0977658704 45.4442902403 43.227677182 62.754742391 62.754742391 43.9618842863 44.0397941314 86.7611813715 45.340448564 63.9253048096 61.527663544 45.6124727521 45.5202489436 71.1989344311 71.1989344311 60.7976606998 44.2050531092 44.2961222714 43.9838700461 92.7847028552 93.7103305491 93.7103305491 44.2534752775 55.9439822756 55.8274866402 55.8274866402
43.5683209937 43.1458905941 44.4024484031 87.0075230877 87.0075230877 44.6065746378 45.2270926791 43.6944824138 44.4249948662 43.33069556 45.1484013856 71.6429642977 64.1119263559 45.41031502 55.463320591 44.9676197434 44.3716054255 45.6877240197 45.393289839 43.2367890962 44.7928178897 65.8264891879 65.8264891879 45.1111997646 43.5740745928 43.5929603557 43.1112381144 44.616503218 45.2815494483 45.0430546806 44.9133529341 44.651787127 44.4969482417 43.8012524819 62.754742391 62.754742391 45.399163051 44.4287566651 44.8504116818 43.0548553461 44.4243880322 44.6272394749 61.527663544 44.8325830244 71.1989344311 71.1989344311 45.4635643981 43.3222806164 45.1949186803 43.1893045283 43.1490585147 43.9216058129 44.8709366631 45.7789533975 55.9439822756 45.6903597622 45.1188395107
45.5149815794 43.541430869 43.2822721279 87.0075230877 87.0075230877 43.2745391498 45.8267318416 43.0551032214 64.6906745955 45.1850100852 71.6429642977 71.6429642977 64.1119263559 55.463320591 55.463320591 45.2023498373 44.9956863077 45.4045016614 45.5609188375 44.3462916216 86.9271542013 65.8264891879 45.5095593554 43.1033786281 43.4258426818 43.4307989561 45.0505263406 43.2120205015 44.5670962762 44.262097004 45.4721825482 43.3686961813 44.6621692121 44.2907180126 62.754742391 44.6590560568 45.2249358059 44.6885873606 43.6968424997 45.5807777261 44.5016726469 45.7278895333 43.6628670782 43.3950785458 43.904437759 44.2941623611 43.9951829619 44.1230715619 43.7203432857 44.9684996172 45.7930717798 43.6367892783 43.3836694476 43.8741177242 45.5765985513 44.6081207837 43.3359390424
44.7987977068 44.5365783949 44.324860888 87.0075230877 44.5283590094 44.2248890911 64.6906745955 64.6906745955 43.9487174146 64.6906745955 45.3899516045 71.6429642977 43.2630499508 55.463320591 45.2091448078 43.4250097949 45.0514116759 43.2411835139 44.9179139505 86.9271542013 86.9271542013 43.4046368469 43.6397027647 43.6118023883 43.6858356398 45.1100635796 44.719778724 43.2294759331 43.4480574662 45.4485099214 44.3163247045 44.479018974 43.8381550605 45.5521015504 44.5756903474 45.8022293561 43.8522090151 45.2794241768 45.5219898544 44.5828728086 43.229585304 44.2454081017 44.5640771795 44.9308340565 43.855960435 44.3227723691 45.5803064677 45.4988919074 45.5318525443 44.2048890738 45.2735458727 45.2342821476 43.7889177931 43.5476497933 43.040403645 44.1946106767 43.1008262355
45.4518066535 45.4755038385 44.4903673618 43.8168776491 45.5928805056 43.5230903783 45.7703814116 44.7133839969 81.0404394668 43.2189585592 43.5979506991 45.7660099809 45.4879357387 43.1892022127 44.8952443598 45.3035191997 44.6391747887 44.8279285504 44.0424315934 43.1546744853 86.9271542013 45.0746801168 44.4738765256 43.5230913146 45.3773187383 45.1830711679 44.4176062141 44.8135519127 43.02814322 44.7850195683 45.6799030945 45.0059637639 45.7921888741 43.4738440556 45.3948176633 44.0354129915 45.2342063187 43.2686698491 43.9421452054 43.4989500149 44.2189885178 43.8697695893 45.010966978 43.324824615 44.4946258258 44.2979052911 44.327164117 70.9641190444 45.2951802261 44.6080670424 44.3551164283 43.1684523753 43.565018872 53.1176869764 43.6241104364 66.3895004771 66.3895004771
45.7463542564 43.8093438415 44.5858449702 43.3656873988 43.9472354875 43.9083779616 45.0538976869 65.7983192183 44.9275239746 43.1193790856 45.78744392 44.0748649189 45.1316750132 43.105334441 43.6493988646 44.2640070313 44.6451461072 45.8231315329 43.6779509145 60.6503422143 44.4332274058 60.6503422143 43.692539468 44.2347130012 45.7911766394 43.4534817545 44.0095657919 45.0399704888 44.8874744474 43.0990905423 45.3917856384 79.093460986 79.093460986 79.093460986 43.2601825723 44.6365945144 45.7319745141 44.2529065058 45.7948851413 43.2501257836 44.7111279549 45.5609914501 43.8526579079 45.1710766144 44.1531597215 45.6603463365 43.7237037308 44.4040400696 43.7085070404 45.3589859586 43.1398020944 43.8866790628 53.1176869764 53.1176869764 44.1256525581 66.3895004771 66.3895004771
43.867375871 44.7612810544 43.9321182632 43.7656953614 44.1832257526 58.6142844136 58.6142844136 79.3176825959 79.3176825959 67.5347192777 67.5347192777 44.1908486975 45.0445148857 44.9514927928 43.5580190681 45.4429432871 43.4313265856 44.3733921531 45.8173347467 44.7550800997 43.506146163 44.8486315434 43.5460918652 44.2598981008 45.0551389249 44.0554233864 43.7520399772 44.1552249962 43.5332885046 43.6003232474 43.3362624394 43.4477499179 79.093460986 79.093460986 43.1781451801 44.5227634561 45.1993381055 43.1125202983 43.1072657641 44.19156828 45.7489871978 44.7117919486 44.4815099281 45.7078464507 43.1992306966 43.1518659593 43.2755820973 43.1870607642 44.8709603772 45.1098786966 43.0874544927 45.8095807816 53.1176869764 43.6148794137 45.8279242583 44.8838850458 43.2828644242
44.1797874402 43.3706380662 44.6617002439 45.6195994892 44.4028135499 58.6142844136 58.6142844136 79.0884577206 79.3176825959 43.8298202233 44.0583655505 44.998409578 69.4692273763 69.4692273763 44.0971912245 45.2893252134 45.3964622425 43.9155084816 44.3616921468 44.6126827101 44.176458782 44.6460134121 43.2164769603 43.9650668368 44.7733528067 45.2628844447 43.854145457 43.999911294 43.0144619758 44.1677156164 43.741975214 45.2748260821 45.3978598281 45.2435786232 44.2959131262 72.3524239283 43.0747333522 45.1427396324 43.1951884233 45.3999789912 44.4191780631 44.9731215141 44.6607238981 44.198761061 45.4716225889 44.2553916964 45.1113750227 43.4612888671 43.923297398 44.893874029 43.6194507072 43.9446422333 45.4954770297 43.5160061771 43.0616930448 44.479940879 45.4829698909
