Spatial_Output/BAU/BAU_0047.asc
NCOLS 155
NROWS 192
XLLCORNER 196769.923733
YLLCORNER 449719.875193
CELLSIZE 27.603701
NODATA_VALUE NaN
[rows 23 to 45 of 192, columns 0 to 52 of 155]
0 45.4672908503 45.5386430212 46.2716728225 45.0052489691 45.6964059186 45.4915075109 45.6084022237 46.3227718701 45.4004785881 46.2045678323 45.1841037338 46.1903236943 45.8338030161 77.8141580215 77.5052827114 77.5052827114 46.3824896724 45.6954230722 46.3981820752 45.1548766552 46.3449316345 46.3846761517 45.0293880864 45.9094215693 46.1199391847 60.6441774448 60.6441774448 60.6441774448 45.827263398 45.9830149536 45.2215481769 45.5110540258 45.2088453427 46.2218973537 46.2709992431 45.5898138778 45.0999906738 45.7895115379 46.0997496281 45.0621745897 45.4060061842 46.1248006816 45.1790629305 46.1315968556 45.4286006274 46.3589884448 45.2331230093 45.3370179581 45.2483270841 46.3295346383 45.3775948763 45.9957351613
45.1498161105 45.580834841 45.0146811424 45.5344384427 46.253741116 45.9723587328 45.8007131211 46.3134791712 45.3858195967 46.1580239728 46.1704452071 45.2314681151 45.8653251659 45.5715318239 45.3896243588 77.5052827114 68.0088680346 68.0088680346 68.0088680346 45.0345216312 45.632102449 45.9176876299 46.0064378394 45.0389176074 45.2369403153 45.3028987851 77.6202669363 77.6202669363 77.6202669363 45.472992312 45.3306006515 45.5702432536 45.8619249517 45.6224458495 45.1098363963 45.2808924654 45.1167764972 45.9792413583 45.420215505 45.2981233628 46.2885663698 46.3272611665 46.3030028332 46.0006081627 46.2550090025 45.4127739448 46.2703589016 45.7702026405 45.3926699367 46.2711582337 46.2221397399 45.5428926868 45.1158574778
45.0970721329 46.0197343918 45.6281654538 46.3086884851 45.0375006909 45.6052002683 46.0404550787 45.2412045188 45.7633954739 45.9318267407 45.1980560823 45.970554006 46.3650149646 45.6660452351 46.0331152077 45.3242572529 45.8896744845 68.0088680346 65.6689351347 45.0564026947 45.4918401884 45.2399303905 46.0763029662 46.2974783114 46.140111869 45.4699888782 63.415360131 77.6202669363 63.415360131 45.6757246799 45.6985279431 45.3843087707 45.3416484858 45.0591904027 46.1404048911 46.0272785099 46.0243545844 45.0304484398 45.8509482439 45.7509009393 45.9606066977 45.4194831349 45.6468539028 45.4394843399 45.8403186111 45.7176688243 45.3925497916 45.9142453906 45.4124266823 45.5610913606 45.9012226103 45.2898993672 46.086270131
45.8009255747 46.1292166222 45.0500109109 45.1445552572 45.5283835327 46.0694439665 45.7358202204 46.220545247 46.3096108226 45.5482956108 45.1400935667 45.617731428 45.9569882778 45.5476648356 46.2352905938 45.1432710623 46.3966092897 65.6689351347 65.6689351347 65.6689351347 46.0131813065 45.6981390895 45.532116125 45.7463061935 45.6438766721 45.8586842102 45.3139931663 60.6354584374 72.5883995054 59.56470564 72.5883995054 46.1430140169 46.0576429331 45.8094540423 45.9148709492 46.1199644559 45.4568584159 46.3708550373 46.3708185764 45.9771401786 46.2805587289 45.0088287558 45.936081466 45.5081497748 45.5682553686 45.215804611 45.8833056852 45.9663724116 45.5323035159 45.6777946693 45.6401948731 45.5452744854 46.3966111846
45.8193214773 45.0448918568 45.7248212341 46.2585580452 45.2702945264 45.8243162213 45.8916732743 45.1495913051 46.3727371948 45.0251739673 45.3863345772 46.3699083016 45.5942296404 46.2949557287 45.9859974219 45.1678456089 45.7543739693 45.1128248957 77.0844077214 77.0844077214 77.0844077214 45.3735163864 45.1993015444 46.2626794693 46.3716976267 45.4346527728 45.1122496161 46.049875464 72.5883995054 59.56470564 59.56470564 46.3890804191 45.7387840607 45.0413806892 45.4538495179 46.224514487 46.291375031 45.9387386369 45.0928906092 45.5252447829 45.6020789701 46.1139613758 46.2053897006 45.7857407151 45.156241269 45.374029161 45.2350461002 45.9762460108 46.0493448834 45.9076058764 45.2567849281 45.2874507412 45.7842208896
45.7097318742 45.5186866453 45.0918327181 45.2815010828 45.7117004084 45.3187618202 45.7548216881 45.0072978059 45.6847785274 45.6189332495 45.202622781 45.0471533593 45.7163501716 46.2600176593 45.1459637712 45.2882197816 45.0523026544 45.422244403 77.0844077214 77.0844077214 45.857796068 45.8942503187 45.6389099745 46.173427438 45.6655371048 45.8142550712 45.7887924641 45.7021477181 59.56470564 59.56470564 45.3134748381 45.7608607975 45.0910183424 45.5190935329 45.5323609348 46.2773081085 45.9703338235 45.778042782 45.1302426457 46.256646979 46.3287771201 45.0214876871 45.765428749 46.2903727438 45.9979249546 45.129754954 45.2161952657 46.1868858469 46.2929695341 45.5427170109 46.3023531041 45.7655080003 45.7099850876
45.4377986724 45.5465143285 45.7361473261 46.2697606271 45.713212026 45.0527026466 45.1009422723 45.7963145442 45.1502227582 45.9695478806 45.3632974899 45.9365788834 45.1374987781 45.9944497715 45.6732865428 46.0333313365 45.8467257224 45.5894732077 45.8454220046 77.0844077214 45.6460350926 45.9705783326 46.2846628615 45.5781662223 45.7262217757 45.2777558536 46.2378627521 45.6596200409 46.381274873 46.2091443335 59.5245220373 86.9548693241 65.4951323937 46.2237108071 45.8370079811 45.2308660159 46.3006033222 46.0649910328 45.4820310732 46.1956282407 46.094891861 45.61057197 45.2382255157 45.9584941206 45.4923340059 46.0524548452 45.2193269417 46.1033078498 46.2609765893 46.1332343252 46.3042572375 45.3195670974 45.7200237492
45.6979170806 46.1910204003 46.1606057091 45.1582671075 45.7871474366 45.4309663631 45.7346525731 46.2034925819 46.0679617089 45.4578560613 45.7260799712 45.2494785395 45.9993056961 45.7696165352 45.153726598 45.5526736169 45.0424934633 45.1972919184 46.1695879354 46.0072674569 45.5074407275 45.6810338157 45.9203736546 45.8488605975 46.2028877391 45.0976960926 46.2118096513 45.0155266153 45.0001876401 46.1542861896 54.487679782 54.487679782 46.0413014667 45.7646069947 45.897875091 46.2095018104 45.2136817411 45.5855510542 46.2941044256 45.3480959065 45.5454955237 45.7939435674 46.1346945747 45.9235664102 46.3694236601 45.2074985884 46.4035194778 45.5359745922 45.9153463256 45.5713687187 45.9156190383 45.5381845078 45.2753134817
45.6913789484 46.0327723194 45.3494374731 46.2810642762 45.6956487582 46.3878902248 46.1559933449 46.3026881379 45.5434216289 46.1264329385 45.3976237312 45.1239219779 46.0184534883 46.3114708135 45.8774401581 45.3913041351 46.3824001316 46.0872067052 45.1506030269 46.4026092464 58.5042884396 45.4463452651 45.4520317775 45.0143266283 46.3554493408 45.9602118076 45.7855742039 45.5706705301 45.6282928942 46.0771798466 54.487679782 54.487679782 45.553079938 45.7234748882 45.3231283959 46.3844773651 45.9817818868 46.2384929856 45.8166045593 46.3799579332 45.0315091154 46.3527394491 46.1658334039 46.1713654942 46.111242736 46.2680064291 46.3078206739 45.6782573082 45.0010594369 45.9116720414 45.9403127703 45.4942368154 45.8385341742
45.9677104507 45.5564150576 46.3188753932 45.579334063 46.3326565064 45.5722914545 46.3191626051 45.2091828946 46.249075533 45.3390593661 45.8854521859 46.1946917289 45.9415085261 45.501731379 45.2582020679 46.3136320178 45.2221671818 45.5458097617 45.6179986041 45.2098261096 45.7008771495 45.0491019308 45.1573465714 45.4691954541 46.2244255098 45.1780163332 45.1894594675 45.0395632308 46.0824171137 69.5466171973 69.5466171973 55.7934529396 45.6648233369 45.3576357903 45.1783565018 46.222067332 46.1652230285 45.9837746813 45.6384636183 46.1874384729 45.002070918 45.3572005554 45.3981504297 45.0142930187 45.7579443094 46.1666429304 45.8677240927 45.4590086958 46.0083142455 45.3805469132 46.257756239 46.3171145314 45.6892297609
45.6760695294 45.0486894835 45.193699216 45.5475785301 45.4779492889 45.5642287589 45.6400134272 45.2509046239 46.1231637241 46.3435691837 46.2016131037 45.6007542047 45.6184268664 46.1163748832 46.1694726834 45.9986425003 45.1725747061 45.4632862176 45.1732409605 45.7472093782 85.211300937 85.211300937 45.1984122386 45.0872503979 45.5722775275 46.2524016012 45.1534726306 71.4127573593 65.2296125763 69.5466171973 69.5466171973 46.3552102959 45.7014431877 45.5973148975 45.7763007266 46.1999913055 45.4618918724 46.0089345508 45.069460423 45.2709114281 45.0227209004 45.6066352619 46.3373051845 45.235342275 45.0828155795 45.9480587044 46.2840241806 45.3857037826 45.9848427392 45.4600146146 45.8027406052 46.0525529057 45.4176587163
45.2528511585 45.2911409497 46.0950588454 45.9600358822 45.4794238908 45.3039369546 45.6723310399 45.7406567301 46.0300914882 45.8121941321 45.5937433413 45.7632689215 46.11260849 46.2104543624 45.4003365173 45.0943594407 45.8912414859 45.8002242201 45.4710217014 45.5777268773 46.1056318018 45.1118015706 45.2392372297 45.7087368041 45.3638361464 46.0897396498 46.0273000122 71.4127573593 84.3983676405 65.2296125763 61.4348677303 46.0609466311 46.206669649 45.9454735275 45.9448074341 46.0148108621 45.0118117103 45.3227909444 45.7258994179 45.6927729267 45.0584237002 45.5897112895 46.0827437477 45.8686596305 45.6352168173 45.9429257243 45.6194494298 45.5956926831 45.2723615341 46.0720172974 45.9690845255 46.1369486589 46.1604845222
46.263873636 45.1107594293 45.1507615476 45.4618705962 45.2682086653 45.4047873014 46.3902124562 45.8276591632 45.7505543039 45.4433374556 46.36475367 46.1353904525 45.1939891375 46.3085744247 45.2106258115 45.3228383023 45.694793162 45.615835305 46.1436244058 45.0136471989 45.4169631759 45.8883497468 46.2128221567 45.9314435081 45.893049638 46.087861733 54.6922560639 84.3983676405 84.3983676405 63.018535308 61.4348677303 61.4348677303 45.0496938178 45.9511944096 45.629783025 45.4548120027 45.2004726637 45.6750403828 45.241235841 45.600383526 45.7974857033 45.5270200186 45.1890085072 45.4319281055 45.1961488166 46.0451382686 46.2213805278 45.7929664502 45.0054586119 46.0599985471 46.1121596171 45.43445913 45.6701960677
46.1970666843 46.2477609909 45.6516426481 46.2275322805 45.1222343466 46.132458131 45.633669937 45.8443107493 46.084415311 45.86669061 45.7293712151 45.7104498399 45.5449021276 45.2314486966 46.2911790675 46.1400501173 46.2788389772 46.05960294 45.5315081132 45.8213615721 45.1120823108 45.4569797116 45.3656457636 45.3641716518 45.7959262555 45.504004483 66.4501983327 66.4501983327 84.3983676405 77.4247198678 78.7325353381 45.6666979348 45.8473333994 46.3352642789 45.5436684858 46.1700042772 45.5454812305 45.5975625303 46.3212246123 46.2664397101 45.5840478519 46.3536235442 45.8470536072 45.0081416539 45.2274747935 45.331568819 46.0212967215 45.8767086895 45.0467557636 45.067367523 45.3478101868 46.1664867301 45.5242914238
45.2483932238 45.6399800531 45.4040222192 45.8237796803 45.9515014858 45.6610902824 45.9767427929 46.1307309307 45.89109642 46.1434847343 46.0147522833 45.526773027 45.8084447654 45.9797431067 45.5999491404 45.3677638462 45.3264853019 46.251722439 45.2283600243 46.2390844206 46.1346334598 45.6782872547 45.6745690101 52.9652374398 63.958534605 45.0053647355 66.4501983327 66.4501983327 55.5104767623 78.7325353381 46.3549060793 78.7325353381 46.1600769346 45.3024860813 45.0010642091 45.2851258375 45.4344828319 45.3633113296 45.3116315921 45.1816881746 45.0745309432 45.0025041573 46.3876290477 46.016831432 46.2431071874 46.1416619509 45.8025517296 45.229623604 45.9676230683 45.3630418322 46.3173092033 45.0083985492 45.4104805764
45.7248955647 45.8517799247 45.3267520214 45.863475554 45.687793251 45.1133152126 45.9225889436 46.38264436 45.9295830733 46.1445249527 45.634556399 46.216719401 45.4311199237 45.1754301354 45.177509421 45.2927404715 45.2420357691 45.4913917921 45.4165127096 45.8886175416 60.6206608785 60.6206608785 46.0888794804 52.9652374398 63.958534605 63.958534605 46.409514184 66.4501983327 45.6705117594 70.8850786881 71.6718153386 71.6718153386 45.7372508272 45.799519867 45.9128335226 46.3617084406 45.2525786745 45.0052413978 45.7359330966 45.2869635201 45.0618907835 45.3831675801 45.4532735548 45.0915114955 45.242929757 46.0357763927 45.4784928996 45.2974374195 45.0740803286 45.456341453 45.4635629693 45.3484062082 46.1932835627
46.0320112186 45.475564973 45.5103681645 46.2480448441 46.0969337231 45.9637938505 46.3157495913 46.2438028225 45.5350403457 46.2677713943 45.8596191571 46.2730839176 45.1403637003 45.9007457185 45.0249087308 45.2500318634 45.4497732094 45.5103162855 45.9436096818 45.3324560434 46.1467817014 45.6756899892 45.8066860676 52.9652374398 66.9787883149 66.9787883149 66.9787883149 45.958754996 46.3369506102 71.6718153386 71.6718153386 71.6718153386 46.3826438213 46.3994817621 45.9407504933 45.9249100506 45.0191896051 46.1205110467 45.1669844639 45.4695410205 46.2047221108 46.3774164418 45.6299459353 45.5300559032 45.0837394352 45.7124580027 46.1102098378 46.2946345489 45.4810417408 45.0389577544 46.1856959766 45.8883917549 45.8977706996
46.0684573292 45.4119012522 45.4764515132 46.3765064596 45.5275198954 45.4524194076 45.5386893489 45.5308902479 46.270496468 45.3811903016 45.4513566008 45.2130186122 45.9174373766 45.2006968105 46.0013833013 45.8264667377 45.8705634295 45.7906988858 46.0151800055 45.8401291106 45.9046797161 45.1764136261 45.0612788778 45.7972938349 63.958534605 66.9787883149 66.9787883149 46.3012446046 46.3249268178 45.4529413868 69.5258393461 69.5258393461 45.4179273506 45.970143828 45.9073827202 45.4374034419 45.5920015069 45.7955178455 45.7860742032 46.1382576204 45.9816309456 45.9869387397 45.6575803422 45.2521968839 45.4544142925 45.7154281188 46.3721931835 46.2625018821 45.3380405264 45.0175821196 45.1119697622 46.072191701 45.2663493483
46.3137807975 46.0433591053 45.9809751343 45.0392771718 46.1651615884 45.4102048567 45.4805645592 46.2753100621 45.80491523 46.1085614851 45.9166961173 46.2487039611 46.1385375114 45.1855776104 45.4058741445 45.9123662521 46.3431179272 46.3243606241 46.1077005163 46.2137629273 46.3419653167 45.0618349458 45.6389069268 45.0896839309 45.2178296011 45.1116271091 45.0076859021 46.3219312035 45.5542645757 76.0358966687 76.0358966687 45.597433755 45.971000163 45.8051426943 46.3411666713 45.9876824039 45.103649398 45.7323226203 45.1648487409 45.7140345909 46.3724650182 45.7494981933 45.2331611712 45.1996344208 45.9671779226 46.0908912596 45.7168832218 46.1429428688 45.8927149179 45.0101053672 45.5829078314 45.196259691 45.1431219947
46.0904001104 45.8577080841 46.1745166647 45.6082403317 45.1985848709 45.4160227929 45.4968089262 46.2406366362 46.1230677146 46.2905286686 46.389455338 46.1727501427 46.342901823 45.9592215199 46.0496265586 68.29715981 45.0754694733 46.4109437153 45.6761752018 45.9066323003 46.0301077436 45.3032948598 45.7655748371 45.1350695261 45.3264042462 45.3812293725 45.5064267663 46.1065396946 45.3567900841 76.0358966687 76.0358966687 76.0358966687 45.8083217306 45.1984969563 45.5018118923 45.7612753464 45.2907790978 45.9090845196 45.526699785 46.1600266048 45.1609701464 46.3178574867 45.9309750257 45.384073298 45.2691527528 45.6794801212 46.231384079 45.9039025302 45.7286232673 45.3618516162 45.8208924235 45.5938473586 45.2172123312
45.8456306029 46.0102835865 45.6541453614 45.9718233611 46.0859332826 45.1485929574 46.1337921973 46.0578337981 45.9083745918 45.8191258852 46.0246759436 57.7591136294 57.7591136294 45.7470486292 68.29715981 46.2626363391 46.2127007141 46.3558496111 45.4714370756 45.3174677351 45.7864942023 83.7758050286 83.7758050286 45.5637353295 45.9868439948 87.9193706523 87.9193706523 46.0562016901 94.4012179209 94.4012179209 94.4012179209 46.2401236589 45.207076239 45.394764218 45.5814139305 45.7829352995 45.7899169949 45.6468703933 45.2017732276 45.2097573124 45.0358796533 46.063314481 45.3365150136 45.4578012018 45.8732303407 45.6095387165 46.0136886764 45.5377772909 69.1494578642 45.1747592189 46.288255146 69.0947105481 69.0947105481
45.7928149656 45.405047101 45.9461490546 45.7564850028 45.6123501083 45.3239169692 45.9100419786 45.5034095788 45.0820142702 45.4756220263 45.5374196215 57.7591136294 57.7591136294 45.8470758655 45.4042201768 46.0035037418 45.8987284193 45.8863469738 45.4084626965 45.1117540807 46.2954768489 45.8967334804 46.1528569636 46.0370775083 45.8025811685 87.9193706523 87.9193706523 53.3546400636 53.3546400636 53.3546400636 46.303933687 45.3326720733 45.0854454771 45.1385664565 46.0307981916 45.688281562 45.5865255811 45.3210519793 45.8902861726 45.5164944322 46.3500266808 46.0690526424 45.9627536087 45.6596098279 45.9122623465 45.5960037407 59.0303077099 45.2484682794 69.1494578642 65.3928059679 65.3928059679 65.3928059679 69.0947105481
46.4077188079 45.3852028488 45.088021929 45.8729468621 45.8054232948 45.0844845612 46.2759429443 45.960826764 45.7768309291 45.4428566368 45.1804308038 45.9637811067 57.7591136294 46.1992608988 45.6647987024 45.1672767088 45.8192857715 45.4847842026 46.1680876355 45.8812344679 45.4810969167 45.7574190565 45.1642774151 46.2911820977 45.6887382865 45.3470698721 45.9181782082 45.1122049516 53.3546400636 53.3546400636 45.322619291 69.573302777 45.6182248868 46.1767327631 45.314500367 45.6696960717 46.3700985723 46.2922166688 45.7813657396 46.2331999526 46.3321092794 45.8810701952 46.3902064022 45.0844751306 46.2547082273 45.1229386578 45.7524369704 45.9438650783 75.9560172333 75.9560172333 65.3928059679 65.3928059679 45.7609765379
