Spatial_Output/BAU/BAU_1215.asc
NCOLS 155
NROWS 192
XLLCORNER 196307.867259
YLLCORNER 449144.565805
CELLSIZE 33.573938
NODATA_VALUE NaN
[rows 102 to 135 of 192, columns 75 to 149 of 155]
28 59.116397599 28 28 28 28 28 28 28 28 28 28 28 28 58.3925748305 58.3925748305 28 28 28 28 28 28 56.5255481295 56.5255481295 28 28 56.7039766939 59.8571414981 53.7641256095 53.7641256095 41.4683506335 54.6156441382 28 28 45.5481960584 28 28 28 28 53.686889811 43.3089417433 53.686889811 28 28 28 28 28 28 28 28 28 28 28 28 28 28 28 28 28 40.1471428373 57.2159829331 45.7224034081 56.8609188191 48.6521785496 48.6521785496 48.6521785496 0 0 0 0 0 0 0 0 0
28 62.9793000118 62.9793000118 62.9793000118 28 28 28 28 28 28 28 28 28 49.8916268256 53.1606489315 58.3925748305 56.7106730085 53.3033427775 80.8734175805 28 28 28 56.5255481295 56.5255481295 28 28 28 59.8571414981 41.4683506335 41.4683506335 63.9392945293 63.9392945293 28 28 28 28 28 28 28 43.3089417433 43.3089417433 43.3089417433 28 28 28 28 28 28 28 28 28 28 28 28 28 28 28 28 60.3327966061 60.3327966061 60.3327966061 28 63.7483269059 48.6521785496 48.6521785496 48.6521785496 0 0 0 0 0 0 0 0 0
54.8931329405 54.8931329405 48.0032254471 28 28 28 45.0697007766 45.0697007766 45.0697007766 54.5797869792 54.5797869792 48.2843883629 53.1461605453 53.1461605453 53.1606489315 53.1606489315 56.7106730085 28 80.8734175805 80.8734175805 28 28 56.5255481295 56.5255481295 28 28 28 28 28 41.4683506335 63.9392945293 28 28 28 28 28 28 28 28 56.4981701231 56.4981701231 56.4981701231 28 28 28 28 28 28 28 28 28 28 28 28 28 28 28 42.3382643565 63.8986745914 60.3327966061 60.3327966061 58.4703197094 0 0 48.6521785496 48.6521785496 0 0 0 0 0 0 0 0 0
54.8931329405 54.8931329405 48.0032254471 55.2146893448 47.6370905448 45.3721565838 45.0697007766 45.0697007766 54.5797869792 54.5797869792 54.5797869792 28 53.1461605453 53.1461605453 53.1606489315 53.1606489315 56.7106730085 28 80.8734175805 28 28 28 28 28 28 28 28 28 50.2971712305 50.2971712305 50.2971712305 28 28 28 28 28 28 28 28 51.6235100976 56.4981701231 51.6235100976 28 28 28 28 28 28 28 28 28 28 28 28 28 28 28 51.3987750458 63.8986745914 63.8986745914 63.8986745914 0 0 0 0 0 0 0 0 0 0 0 0 0 0
54.8931329405 55.2146893448 48.0032254471 42.4304867211 28 28 48.0774854151 45.0697007766 48.0774854151 48.2843883629 28 28 48.2843883629 28 28 72.238346218 28 28 28 28 28 28 28 28 28 28 28 28 51.2193983836 50.2971712305 50.2971712305 44.9223423844 28 28 28 28 28 28 28 68.706517388 68.706517388 68.706517388 68.706517388 28 28 28 28 28 28 28 28 28 28 28 28 28 42.3382643565 42.3382643565 42.3382643565 28 28 0 0 0 0 0 0 0 0 0 0 0 0 0 0
28 44.7434623721 44.7434623721 44.7434623721 28 28 28 53.8040242646 53.9838628708 28 28 28 28 28 63.3331531081 63.3331531081 63.3331531081 28 28 28 28 28 28 28 28 28 28 28 28 51.2193983836 51.2193983836 28 28 28 28 28 28 28 28 28 63.9593833318 63.9593833318 28 28 28 28 28 28 28 28 28 28 28 28 28 28 65.579259662 42.3382643565 42.3382643565 55.093591144 28 0 0 0 0 0 0 0 0 0 0 0 0 0 0
28 28 44.7434623721 28 28 28 53.8040242646 53.8040242646 53.8040242646 28 28 28 28 28 63.3331531081 69.7120627449 63.3331531081 28 28 28 28 28 28 28 28 28 28 28 28 57.1044958018 28 76.8965848264 28 49.2468448484 28 28 56.7087480668 28 51.5409718779 63.9593833318 63.9593833318 63.9593833318 73.3129399073 73.3129399073 52.6081847751 63.7566073545 28 42.898003355 28 28 28 28 28 28 28 47.3703283183 47.3703283183 47.3703283183 28 28 0 0 0 0 0 0 0 0 0 0 0 0 0 0 0
28 40.488524958 40.488524958 76.4078136239 28 28 44.0685454681 53.8040242646 44.0685454681 28 66.688213372 28 28 61.8241543545 69.7120627449 69.7120627449 69.7120627449 65.4587690863 28 28 44.4200018465 44.4200018465 28 28 44.1771080926 28 28 28 28 57.1044958018 28 76.8965848264 76.8965848264 49.2468448484 49.2468448484 56.7087480668 28 28 51.5409718779 64.9327189381 73.6237613272 73.6237613272 73.3129399073 73.3129399073 52.6081847751 42.898003355 42.898003355 40.2298171927 40.2298171927 60.3174955067 50.3237408287 28 63.8067803582 28 28 28 47.3703283183 47.3703283183 28 28 0 0 0 0 0 0 0 0 0 0 0 0 0 0 0
28 63.186172811 50.1488692152 63.6255807463 82.9250795138 60.8473374953 60.8473374953 28 28 74.5369015439 74.5369015439 48.7746157413 61.8241543545 61.8241543545 69.7120627449 69.7120627449 69.7120627449 65.4587690863 28 74.3865432523 44.4200018465 44.4200018465 28 28 44.1771080926 28 28 28 28 28 28 76.8965848264 76.8965848264 49.2468448484 28 28 56.7087480668 28 28 43.0000840035 43.0000840035 43.0000840035 43.0000840035 42.3658776802 52.6081847751 28 42.898003355 40.2298171927 40.2298171927 40.2298171927 70.4527152944 70.4527152944 45.4907160431 85.5937832349 82.0201746367 67.514519518 82.0201746367 28 28 28 0 0 0 0 0 0 0 0 0 0 0 0 0 0 0
58.4888905119 50.1488692152 50.1488692152 50.1488692152 82.9250795138 60.8473374953 60.8473374953 51.5139743828 51.5139743828 74.5369015439 74.5369015439 48.7746157413 28 61.8241543545 56.9200254036 64.6521862006 64.6521862006 65.4587690863 28 28 44.4200018465 60.1804527033 28 28 28 28 28 28 28 28 28 28 28 28 28 28 28 28 28 28 43.0000840035 43.0000840035 28 28 28 28 28 40.2298171927 28 60.3174955067 70.4527152944 70.4527152944 45.4907160431 64.6263756742 51.6658394287 51.6658394287 51.6658394287 82.0201746367 28 28 52.1488716001 40.7781986634 0 0 0 0 0 0 0 0 0 0 0 0 0
58.4888905119 53.2695597579 53.2695597579 63.6255807463 63.6255807463 60.8473374953 51.5139743828 43.4291029184 43.4291029184 43.4291029184 28 48.7746157413 28 28 28 51.4188347543 51.4188347543 28 28 28 28 28 28 28 28 28 28 28 28 55.8186001753 28 55.8186001753 28 28 28 28 28 28 28 28 57.4193514826 57.4193514826 28 28 28 28 28 28 28 28 70.4527152944 55.8293513498 45.4907160431 28 57.3126236354 51.6658394287 51.6658394287 28 28 52.1488716001 52.1488716001 52.1488716001 40.7781986634 0 40.7781986634 0 0 0 0 0 0 0 0 0 0
28 53.2695597579 61.253418366 28 28 28 28 28 43.4291029184 28 28 28 28 28 28 51.4188347543 51.4188347543 28 28 28 28 28 28 28 28 28 28 28 28 28 28 28 28 28 28 28 28 28 28 28 28 57.4193514826 28 28 28 28 28 28 28 28 28 62.8775580843 62.8775580843 28 28 57.8316247977 61.217239585 28 28 52.1488716001 52.1488716001 40.7781986634 40.7781986634 0 40.7781986634 40.7781986634 0 0 0 0 0 0 0 0 0
61.253418366 61.253418366 61.253418366 46.420382265 28 28 56.1000348473 28 66.69110577 28 28 28 28 28 50.5540074532 57.8192575067 57.8192575067 28 28 28 28 28 28 28 28 28 28 28 28 28 55.8186001753 28 28 28 28 28 28 28 28 28 28 28 28 28 28 59.7175915041 28 28 67.5972274817 28 28 62.8775580843 62.8775580843 62.8775580843 63.9873704135 63.9873704135 28 28 28 0 0 0 0 0 40.7781986634 40.7781986634 0 0 0 0 0 0 0 0 0
28 36.8150989987 61.253418366 36.8150989987 47.416356749 28 56.1000348473 66.69110577 66.69110577 66.69110577 28 49.8104870663 56.4730052623 28 28 57.8192575067 61.4166462524 28 28 28 28 28 28 28 28 28 28 28 28 46.3144413245 55.8186001753 46.3144413245 28 28 28 75.7203071183 28 52.9109502763 28 28 64.9948514433 64.9948514433 64.9948514433 28 52.2171948229 52.2171948229 28 61.0557701356 61.0557701356 28 41.6708830673 56.1495127452 28 53.2837025522 53.2837025522 53.2837025522 28 28 57.736153207 37.2637924353 57.3874499766 57.3874499766 0 0 0 0 0 0 0 0 0 0 0 0 0
28 36.8150989987 42.4858740975 42.4858740975 28 56.1000348473 56.1000348473 56.1000348473 28 28 49.8104870663 56.4730052623 56.4730052623 48.0346804017 70.2224231571 61.4166462524 61.4166462524 70.2224231571 43.9394118804 28 48.1457080099 43.2919246856 28 53.1918475467 48.5790054968 53.7932059492 46.3271875879 63.1397610938 28 55.8186001753 55.8186001753 55.8186001753 47.0117453511 47.0117453511 75.7203071183 75.7203071183 56.6564397378 52.9109502763 52.9109502763 51.6085081115 64.9948514433 64.9948514433 64.9948514433 28 52.2171948229 52.2171948229 28 61.0557701356 61.0557701356 67.5972274817 41.6708830673 41.6708830673 41.6708830673 51.4684763148 53.2837025522 28 28 28 57.736153207 37.2637924353 37.2637924353 57.3874499766 0 0 0 0 0 0 0 0 0 0 0 0 0
28 62.7670842168 83.1075818048 83.1075818048 28 28 28 28 28 28 28 56.4730052623 56.4730052623 48.0346804017 48.0346804017 43.7318667726 61.4166462524 43.7318667726 28 28 43.2919246856 43.2919246856 43.2919246856 53.1918475467 48.5790054968 46.3271875879 46.3271875879 63.1397610938 63.1397610938 55.8186001753 55.8186001753 68.2430854715 47.0117453511 47.0117453511 75.7203071183 75.7203071183 56.6564397378 52.9109502763 52.9109502763 28 54.5490982955 54.5490982955 54.5490982955 28 28 59.7175915041 28 61.0557701356 73.3475022906 48.7287126422 41.6708830673 41.6708830673 84.044549122 84.044549122 84.044549122 51.4684763148 28 28 57.736153207 37.2637924353 57.3874499766 0 0 0 0 0 0 0 0 0 0 0 0 0 0
28 83.1075818048 83.1075818048 83.1075818048 28 28 28 28 28 28 28 28 28 48.0346804017 28 28 55.053318859 70.2224231571 28 28 48.1457080099 43.2919246856 53.1918475467 53.1918475467 48.5790054968 46.3271875879 46.3271875879 63.1397610938 52.6651352869 49.6217149892 28 28 67.1314091822 47.0117453511 28 75.7203071183 28 52.9109502763 28 28 57.6912915417 28 28 28 28 50.7669822471 28 59.3093673316 73.3475022906 73.3475022906 53.0486884632 53.0486884632 66.0382111311 66.0382111311 84.044549122 67.4970250666 28 66.9575347672 0 0 0 0 0 0 0 0 0 0 0 0 0 0 0 0 0
28 28 28 83.1075818048 83.1075818048 28 28 28 28 28 28 28 28 28 28 55.053318859 55.053318859 55.053318859 28 28 28 28 28 28 28 28 28 28 28 28 69.4363831985 69.4363831985 28 28 28 28 28 28 28 28 28 28 28 28 52.8829288761 56.002352259 59.3093673316 59.3093673316 73.3475022906 73.3475022906 53.0486884632 53.0486884632 66.0382111311 66.0382111311 66.0382111311 28 28 0 0 0 0 0 0 0 0 0 0 0 0 0 0 0 0 0 0
28 28 83.1075818048 83.1075818048 83.1075818048 28 28 28 28 28 28 28 28 28 28 28 55.053318859 28 28 28 28 28 28 28 28 28 28 28 28 69.4363831985 69.4363831985 69.4363831985 28 28 28 28 28 28 28 28 67.9744347946 28 28 28 28 56.002352259 56.002352259 59.3093673316 28 73.3475022906 28 28 43.8214565505 43.8214565505 43.8214565505 28 28 0 0 0 0 0 0 0 0 0 0 0 0 0 0 0 0 0 0
28 28 28 28 28 28 28 28 28 28 28 28 28 28 28 28 55.053318859 55.053318859 28 28 28 28 28 28 28 28 28 28 28 28 28 28 28 28 28 47.6020010974 28 44.9974445811 62.7630386932 67.5590805853 67.9744347946 67.9744347946 46.0729520377 28 28 28 67.15909737 28 28 28 28 28 43.8214565505 43.8214565505 76.0841347253 28 0 0 0 0 0 0 0 0 0 0 0 0 0 0 0 0 0 0 0
28 28 28 28 28 28 28 28 28 28 28 28 28 28 28 28 28 61.954088425 28 28 28 28 28 28 28 28 28 28 28 28 74.5998449795 28 77.979627553 28 87.6688712381 47.6020010974 47.6020010974 44.9974445811 44.9974445811 28 67.9744347946 67.9744347946 46.0729520377 28 28 28 28 28 28 28 28 49.0995626925 76.0841347253 76.0841347253 28 28 0 0 0 0 0 0 0 0 0 0 0 0 0 0 0 0 0 0 0
28 28 28 28 50.6840856851 50.6840856851 50.6840856851 28 28 28 28 28 28 28 28 28 61.954088425 61.954088425 28 28 28 28 28 28 28 28 28 28 55.5057094221 74.5998449795 52.0647924589 52.0647924589 77.979627553 77.979627553 87.6688712381 47.6020010974 47.6020010974 44.9974445811 44.9974445811 28 28 67.7449912317 28 28 28 28 28 28 28 28 28 39.1664717108 39.1664717108 39.1664717108 28 28 0 0 0 0 0 0 0 0 0 0 0 0 0 0 0 0 0 0 0
28 28 28 28 28 50.6840856851 50.6840856851 28 28 28 28 28 28 28 28 61.954088425 61.954088425 61.954088425 61.954088425 28 28 28 28 28 28 28 28 28 28 52.0647924589 52.0647924589 52.0647924589 77.979627553 77.979627553 28 87.6688712381 47.6020010974 28 28 28 28 28 52.7976591288 28 28 28 28 28 28 28 28 55.3975896354 39.1664717108 28 28 0 0 0 0 0 0 0 0 0 0 0 0 0 0 0 0 0 0 0 0
28 28 28 28 28 69.7409430532 28 28 28 28 28 28 28 28 28 28 66.1838623945 66.1838623945 66.1838623945 28 28 28 28 69.4576433959 69.4576433959 69.4576433959 28 28 55.5057094221 55.5057094221 28 28 28 28 28 28 28 28 28 28 28 28 44.1609133829 28 28 28 28 28 28 28 51.3670118055 55.3975896354 55.3975896354 28 28 0 0 0 0 0 0 0 0 0 0 0 0 0 0 0 0 0 0 0 0
28 28 28 57.1561839245 51.6922064842 58.8743626456 58.8743626456 62.5553781951 28 28 28 28 28 50.6134162087 28 28 66.1838623945 75.6245758863 28 61.0392725976 28 69.2030751842 69.2030751842 69.4576433959 69.4576433959 69.4576433959 28 28 28 28 28 28 28 28 28 28 28 28 28 28 28 44.1609133829 43.5884109888 44.1609133829 28 28 28 28 28 28 51.1925715113 51.1925715113 51.3670118055 28 28 0 0 0 0 0 0 0 0 0 0 0 0 0 0 0 0 0 0 0 0
55.9261841806 55.3158142764 57.1561839245 57.1561839245 51.6922064842 58.8743626456 58.8743626456 67.6825967784 67.6825967784 67.6825967784 28 28 50.6134162087 50.6134162087 71.0112255841 71.0112255841 46.1518756686 75.6245758863 75.6245758863 61.0392725976 73.3038651989 69.2030751842 69.2030751842 69.4576433959 69.4576433959 28 28 28 28 28 28 28 28 28 28 28 28 28 28 28 28 43.5884109888 43.5884109888 43.5884109888 28 28 28 28 28 49.321109948 51.1925715113 51.1925715113 28 28 0 0 0 0 0 0 0 0 0 0 0 0 0 0 0 0 0 0 0 0 0
55.3158142764 55.3158142764 57.1561839245 57.1561839245 51.6922064842 60.6548432448 60.6548432448 52.6235463327 67.6825967784 28 28 61.9153834806 50.6134162087 50.6134162087 71.0112255841 71.0112255841 46.1518756686 46.1518756686 75.6245758863 61.0392725976 73.3038651989 28 28 28 28 28 28 28 28 28 28 28 28 28 28 28 28 28 28 28 28 44.9567082913 43.5884109888 44.9567082913 28 28 28 28 28 80.3317782279 80.3317782279 49.321109948 28 28 0 0 0 0 0 0 0 0 0 0 0 0 0 0 0 0 0 0 0 0 0
55.9261841806 55.3158142764 56.1013254343 57.1561839245 51.6922064842 60.6548432448 60.6548432448 60.6548432448 28 28 28 61.9153834806 61.9153834806 50.6134162087 28 71.0112255841 46.1518756686 52.324327709 28 28 28 28 28 28 28 28 28 28 28 28 28 28 28 28 28 28 28 28 28 28 28 68.0990971013 48.4654842201 28 28 28 28 28 28 80.3317782279 80.3317782279 80.3317782279 28 28 0 0 0 0 0 0 0 0 0 0 0 0 0 0 0 0 0 0 0 0 0
28 28 28 28 28 64.2275507036 64.2275507036 56.4386441544 28 28 28 28 28 28 28 28 28 28 28 28 28 28 28 28 28 28 28 28 28 28 28 28 28 28 28 28 28 28 28 28 28 48.4654842201 48.4654842201 48.4654842201 28 28 28 28 63.7999611594 63.7999611594 63.7999611594 60.422294279 28 0 0 0 0 0 0 0 0 0 0 0 0 0 0 0 0 0 0 0 0 0 0
28 28 28 28 28 56.4386441544 28 48.8526215386 54.2441397012 54.2441397012 51.7640228423 75.0264091725 28 28 28 28 28 28 28 28 28 28 28 28 28 28 28 28 28 28 28 28 28 28 28 28 28 28 28 28 28 48.4654842201 48.4654842201 48.4654842201 28 28 28 28 62.4354051739 79.9698550699 79.9698550699 28 28 0 0 0 0 0 0 0 0 0 0 0 0 0 0 0 0 0 0 0 0 0 0
28 28 28 28 28 28 28 28 54.2441397012 51.7640228423 51.7640228423 75.0264091725 28 28 28 28 28 28 28 28 28 28 28 28 28 28 28 28 28 28 28 28 28 28 28 28 28 28 28 28 28 76.6294211431 76.6294211431 76.6294211431 28 28 28 28 60.053818219 60.053818219 60.053818219 28 28 0 0 0 0 0 0 0 0 0 0 0 0 0 0 0 0 0 0 0 0 0 0
28 28 28 28 28 28 28 28 28 28 51.7640228423 28 63.1362396722 63.1362396722 28 28 28 28 28 28 28 28 28 28 28 28 28 28 28 28 28 28 28 28 28 28 28 28 28 28 28 50.9802732105 50.9802732105 28 28 28 58.8786422616 28 44.3757325373 60.053818219 70.597955808 52.3368497831 28 0 0 0 0 0 0 0 0 0 0 0 0 0 0 0 0 0 0 0 0 0 0
28 28 28 28 28 28 28 28 28 28 28 28 28 63.1362396722 28 28 28 28 28 28 28 28 28 28 28 28 28 28 28 28 28 28 28 28 28 28 28 28 28 28 28 28 56.9811113058 56.9811113058 76.2513757376 28 44.8824070271 44.8824070271 44.3757325373 70.597955808 70.597955808 70.597955808 28 67.747427481 67.747427481 48.2995619474 0 0 0 0 0 0 0 0 0 0 0 0 0 0 0 0 0 0 0
28 28 28 28 28 28 28 28 28 28 28 28 63.1362396722 78.7337741028 78.7337741028 78.7337741028 28 28 28 28 28 28 28 28 28 28 28 28 28 28 28 28 28 28 28 28 28 28 28 28 28 64.0987546211 56.9811113058 56.9811113058 76.2513757376 28 44.8824070271 44.8824070271 44.3757325373 56.3826465394 52.3368497831 52.3368497831 52.3368497831 48.0388909349 48.0388909349 28 51.4579509686 51.4093329249 0 0 0 0 0 0 0 0 0 0 0 0 0 0 0 0 0
