Spatial_Output/BAU/BAU_0380.asc
NCOLS 155
NROWS 192
XLLCORNER 196307.867259
YLLCORNER 449144.565805
CELLSIZE 33.573938
NODATA_VALUE NaN
[rows 25 to 49 of 192, columns 0 to 56 of 155]
0 0 0 0 0 0 0 0 0 0 0 0 0 0 0 0 0 0 61.7286848938 66.5868188686 69.5619882655 24.5502793059 66.1337141287 74.8876577065 74.8876577065 87.6302906815 54.7008784255 62.126427629 33.9418794791 31.9060291028 34.1582570102 33.8736692714 32.1366061849 33.2661095964 32.2985923066 34.3037202556 32.6873317819 34.3274602775 33.8314952993 33.6724348247 34.931347325 32.7160268633 32.4341012621 31.7934307431 34.3895724269 33.310261313 32.547999265 34.1438679189 35.0175025755 34.5298608639 31.8917197793 34.5001454572 32.7219515008 33.7695023395 34.2145900697 33.4365017554 33.6969777988
0 0 0 0 0 0 0 0 0 0 0 0 0 0 0 0 0 0 0 0 0 34.6447864922 58.0373454701 33.645711493 82.2513692935 60.9286453059 60.9286453059 60.9286453059 53.5132691117 32.3957054413 31.7938717709 34.9605760859 33.1758541748 34.3654524484 33.6918581634 32.1909098057 33.8766579415 34.4102361043 32.4477270454 32.5651780332 31.7374843244 31.6617429161 33.0507817883 32.2580667831 34.4652747347 33.6840558062 33.1138453937 33.5265008637 33.4657483521 34.6231722316 32.3365011515 35.0137835632 33.6144898491 33.1285409418 32.415556586 34.9642380667 32.5096190455
0 0 0 0 0 0 0 0 0 0 0 0 0 0 0 0 0 0 83.736513865 33.3472110399 31.6931787285 32.7905762369 34.4777027723 33.3106773742 33.0544456977 34.3510347616 60.9286453059 49.504750451 49.504750451 75.0159627562 75.0159627562 34.6994480445 33.5278327575 34.7044761497 31.7951074842 34.5260464638 31.7492205437 34.4052239605 32.6293957107 32.5819078857 34.8872447016 34.6136380638 31.5784955682 32.785584952 32.8241852127 34.8861920132 34.288323244 33.4632806139 33.0774410415 32.8936568251 34.9866243573 32.0151848478 34.6563570262 32.3446187111 32.9431802625 32.3933078227 31.9442002183
0 0 0 0 0 0 0 0 0 0 0 0 0 0 0 0 0 83.736513865 34.1362911778 33.163098266 32.102336781 34.2635734885 32.2217944925 33.7193461939 31.8720341209 34.8475134592 53.5132691117 49.504750451 75.0159627562 75.0159627562 52.197864555 52.197864555 33.7807836944 33.5238249861 32.8407109041 33.4863500616 33.2832661958 31.791719928 34.1746711956 34.978361309 31.5144048113 31.7999470532 34.3773312663 33.5039138012 32.7099871414 33.373960238 34.4687524455 33.1812337122 33.0145960115 34.8735218963 34.7691874756 33.1529164012 34.7415902287 31.7035149707 33.9691598531 33.7702237702 32.5334838253
0 0 0 0 0 0 0 0 0 0 0 0 0 0 0 0 0 34.5967291547 32.136531167 67.1373629891 67.835598477 67.5827120851 33.362431389 34.7091899797 32.1485193168 31.7389355326 33.2751097501 32.0907068833 75.0159627562 75.0159627562 60.4071738835 77.7964666855 77.7964666855 32.5945606117 33.7770946245 32.3179991388 32.3344957224 33.5539013622 32.2664521951 32.2884565757 33.9455244836 34.0954247582 32.3872861298 34.1225190336 31.7361278804 34.2945776256 34.2940559586 33.1068328074 34.7394062387 32.4810174311 31.6468125021 33.3200540396 34.951982869 33.5800533785 34.0638051994 33.3724334957 34.0324127421
0 0 0 0 0 0 0 0 0 0 0 0 0 0 0 0 33.5549537037 31.8949505674 33.748490575 62.6877217567 56.2366468471 67.5654394357 34.8212186771 32.3934966612 32.8575334739 33.5632522906 34.612636939 34.6515219445 31.716983072 66.2458657429 60.4071738835 77.7964666855 77.7964666855 47.5808886722 33.6139644131 33.1056971563 34.8594739622 31.6197573724 32.5450007595 34.6702310405 33.2291330342 34.9842309211 34.2401070019 34.6470620623 32.9806776615 34.2992303904 32.7971892417 31.5679330561 34.5534298173 31.5190522707 34.4212836107 32.4111674815 34.1601932098 34.921110314 34.8712888833 32.4827722008 33.4203025482
0 0 0 0 0 0 0 0 0 0 0 0 0 0 0 34.3795559651 34.4780652007 32.3148344453 31.7634792992 58.9258201487 67.901537245 52.1624133356 65.9535023323 34.4159918943 33.5294106778 33.9370914311 33.1583221114 33.2348262219 34.9409667588 34.8855394091 59.3549696176 77.7964666855 47.5808886722 47.5808886722 63.895732267 32.7800496707 34.5667305367 31.7798277371 33.024700776 32.5928953356 31.5800050579 34.9222691152 34.8940164473 32.9606023068 32.5640388295 33.3049577419 32.3670331742 33.8585716111 33.6015246554 34.9693668341 33.3279229834 32.3316054063 31.903018866 32.3913433233 34.1331899582 31.8260802044 32.7977493227
0 0 0 0 0 0 0 0 0 0 0 0 0 0 0 33.1071726818 33.3196663958 33.0250729797 32.8636370403 68.5557760519 58.1488162655 64.9881829136 64.7793211577 33.3478524514 33.365331083 32.2076133748 34.3474881465 33.7342454688 31.9007803047 33.0722773386 34.9221785148 45.6076542917 47.5808886722 63.895732267 63.895732267 45.005548295 53.4205007927 33.3786535493 32.9141277473 32.3969201205 32.8783443827 34.245970189 33.438617137 31.983929502 34.4292821983 32.0610277364 33.778129447 32.4840109231 32.5674789842 34.7490724441 32.3745104312 34.5581652301 34.8237564659 31.5064575598 35.0255162471 31.6852150997 33.0822006989
0 0 0 0 0 0 0 0 0 0 0 0 0 0 0 34.7105109342 34.8645938795 33.0856371038 33.8040008586 33.7564666149 53.3085284632 53.8444364366 57.597073452 33.1990101873 32.487679228 32.0652028647 33.5402693286 34.5813224972 32.2546498046 34.1724092032 32.3838939691 32.760150044 32.0323547606 63.895732267 63.895732267 57.9751956059 57.9751956059 61.6638279486 34.8879973474 32.1724334323 33.0328151247 34.0171800305 34.2284444859 34.8477128597 33.5872495534 33.440329657 33.8041747004 32.9287624717 32.58765322 34.3160194789 32.1102946476 32.9158759413 32.0725060148 32.1193322878 32.6770661928 34.2461283839 33.992239395
0 0 0 0 0 0 0 0 0 0 0 0 0 0 0 34.0181521526 34.2050749512 33.3648381976 34.813699944 32.2021299513 33.7739775772 35.0184717725 34.5326434773 34.9575082431 34.6272198121 34.0965622255 31.8015859894 34.5834616336 34.7684555337 34.3838796791 35.0186418436 32.6460420646 31.7609391845 32.4416042513 65.3472525649 57.9751956059 57.9751956059 57.9751956059 32.8823263986 33.137611067 34.7358894455 33.3565962607 32.090030345 31.5685183794 32.8448346901 32.5244016323 32.9007303828 32.7131182102 32.2331369422 34.0903740602 33.1692042248 31.9214018136 31.519438069 33.0636197532 32.3798142571 33.8490215253 32.1549613591
0 0 0 0 0 0 0 0 0 0 0 0 0 0 0 32.2444502825 33.136642876 33.5777689665 34.5185990237 33.6612768665 34.369719178 33.0576546764 33.207484888 34.8307549875 34.7012110742 32.3460387298 32.4480049279 32.3976289091 34.0566771282 32.7621759386 32.2001749129 33.2082197481 34.8110129056 34.6492540544 33.7606865848 56.8367681692 57.9751956059 51.4980422645 34.7938624817 32.2531370221 34.9029289591 33.548438557 34.9039069819 34.3693946418 33.2948368425 33.8213770921 34.6083874581 34.0067283629 32.6269391223 31.8799356795 33.0311940468 32.8714934921 33.9521046371 32.4275526558 34.8365852733 33.8296093156 35.0153070767
0 0 0 0 0 0 0 0 0 0 0 0 0 0 33.9166563938 34.0482714874 34.8965162563 33.1760300753 31.661140136 33.2148065242 34.0542912373 33.2218838984 32.7216834614 33.7763858157 34.1711746525 34.7028240219 31.54469726 32.3795048586 32.4144565816 31.9618953097 32.8685831628 32.5060387485 32.7701513497 31.8022724298 32.3816622526 32.0460750828 63.6021049597 58.1643552808 34.1137307562 33.9766527276 34.832590882 32.5054167177 34.4400135924 31.7024310959 32.8234585903 34.5830875909 33.5115755737 33.1961750916 34.6323395965 34.6689673586 32.9152700658 32.5439056441 32.1147553217 32.2118075134 34.1051180847 32.4110914516 31.7503309782
0 0 0 0 0 0 0 0 0 0 0 0 0 0 31.638350382 33.509956449 34.7291473432 33.3657543301 34.7123150933 32.0287712376 34.4760649141 33.4779901029 33.8722653786 32.4249516585 33.5777548259 32.2042423606 32.0857202494 34.0485583156 31.7969665796 32.3625617907 33.3767302895 34.1824663774 32.74942099 33.1524824267 32.5268463476 63.6021049597 63.6021049597 63.6021049597 32.9685306793 31.8278786995 34.9678424223 32.8877467096 31.9093934381 31.668269289 34.0458253745 31.5174981853 31.6604428118 33.7071672174 32.9983612606 32.8982833196 34.5609706017 34.4228395032 33.8251303237 34.3810469926 33.1585214876 32.2717402026 31.5042331819
0 0 0 0 0 0 0 0 0 0 0 0 0 33.2962067528 31.7443314923 33.1010144298 34.2569345687 32.0408506287 34.9770568729 32.526531355 31.7616933366 34.3358673925 32.7159154244 33.6873432663 34.0813663542 34.1438333316 32.2404852671 31.7240219759 33.9773148146 33.1524535691 34.713106224 31.6476210372 32.0215658424 34.3972557338 34.9858722055 33.8518054903 72.2751086464 66.6013811824 66.6013811824 34.9646771565 32.9336517889 31.6733233 34.862845004 33.397022558 34.3216220132 34.86337101 32.2678163952 32.4574109389 32.091014871 33.300442236 33.9597374954 31.5145849825 32.2556549685 32.3548772198 34.9974864782 32.0094394099 32.6927286726
0 0 0 0 0 0 0 0 0 0 0 0 32.9326169322 34.6490183863 33.4301749068 33.2674935353 32.2088549888 31.8077769515 33.9533916377 32.9704833706 31.6191367257 32.1751992217 32.1977846123 32.7632461424 31.6025905493 33.6522334958 33.0887869486 33.9682356486 53.6953770442 65.48086479 57.9753715454 32.4268641051 32.2473219382 34.6842384314 34.4968991746 32.1248816196 72.2751086464 66.6013811824 66.6013811824 68.6988216717 33.240316505 32.7632257515 33.3679617082 34.2790657582 32.0107277082 32.0376584825 33.8936920464 31.9338904941 33.46596963 32.6995355049 34.1448043101 33.6682888437 32.5576632206 33.6913237037 32.6017066557 32.3185607203 34.0853253622
0 0 0 0 0 0 0 0 0 0 0 34.1652646385 33.0111765048 32.1736069897 32.4873932499 33.9321096515 34.6617936478 33.5327613914 33.64843035 32.4311419516 32.064732887 34.2712313033 34.6008468719 32.5211643477 31.6736118834 32.1027716935 35.0157304768 32.7555114566 66.7104528857 58.1713025882 69.6057460985 32.2257387573 32.2966826835 31.890562093 31.5897687547 33.7480067114 34.9073794752 66.6013811824 68.6988216717 68.6988216717 38.8165470047 31.9016768196 31.6386795892 32.3910437651 34.5454100714 31.8041115367 34.7128806005 34.37641975 33.231840395 32.4747434037 32.360793213 32.4670921621 33.5865937743 33.1895138655 33.1717813609 31.9194006087 31.674530282
0 0 0 0 0 0 0 0 0 0 32.8611759717 34.4889537935 33.3926136669 32.8301561217 34.8233512206 32.7872228735 32.3848232138 32.76336684 34.7480496532 33.8473005534 32.1005107467 32.4822897548 33.2258532488 33.514719459 31.9753953735 31.6908833935 34.0736208754 34.0630578126 55.3890663701 67.3958118274 55.3320822469 35.034471259 32.8702920385 32.7333315231 34.6481402487 31.8427071369 34.1973970765 32.8502063241 68.6988216717 38.8165470047 38.8165470047 34.3460228603 34.8544779681 34.0338394538 33.5009348259 33.7319573963 33.3702423776 32.1642529631 34.2243797378 32.4211387632 31.6661839878 34.1502359141 34.8763009788 34.1605931874 31.5455986087 33.8948230728 32.5671420227
0 0 0 0 0 0 0 0 0 0 33.5762493965 34.1821562587 32.711544597 34.498439479 32.4289337941 34.428414423 34.29061399 34.3419607203 32.7518065007 31.7803802909 32.4320600049 33.6675108982 33.0897180272 33.1474899093 34.75831394 31.9097297453 33.4625865539 33.8407327635 60.92516826 53.0019175146 62.929011845 33.5583783979 32.5565282872 33.080823593 31.5012212371 32.1975301416 34.7834666005 32.1704355828 46.5946895718 57.0964958153 33.7857181792 31.8313531019 33.9829597559 34.0995878465 33.5464847021 34.8524761704 32.5889394802 31.6304372264 34.7218171869 34.5013387686 32.1968951045 32.9770780785 34.1111486031 32.9212091596 32.3194976607 32.1840081058 32.9421018991
0 0 0 0 0 0 0 0 32.5872632548 33.7579727638 35.0293384627 32.7550972174 32.4892688317 34.3938522676 32.0208218409 32.2846103461 32.6551908884 32.9865577224 32.970007296 32.6888138564 32.79885965 31.5044339001 32.0644127635 34.6884338812 31.6786685454 34.0485707075 34.921320942 33.5837065591 33.8005765271 33.8671480198 52.1886467468 34.4518898193 33.1167191848 32.6268709887 31.7157225092 32.9619811921 34.4013661791 31.824132345 57.0964958153 57.0964958153 57.0964958153 33.6819262864 33.0119895435 33.7581448465 34.2992311578 32.7414655554 32.9546264347 33.6146833647 31.749298088 32.3953021121 33.2155917711 34.3549200005 34.9600707738 33.1112862255 34.8687984138 32.5259729128 33.3230408573
0 0 0 0 0 31.9358977092 33.5600655782 32.2952213686 32.0318271794 32.5207824526 33.9293089783 33.287069255 33.1081322227 34.1415119795 32.0422721545 31.9715467933 33.9471777228 32.4292865459 33.160071323 32.6001776966 34.9046062985 32.8528300343 33.9011490368 32.1857711958 32.1186044077 34.0234083208 32.0816628158 34.079707337 32.8409178158 32.0902503509 33.3814903104 32.7441386394 32.6368312906 33.7236090818 33.7693732514 31.9557208282 33.6663423653 34.7764899249 62.5131809685 57.0964958153 51.0476731019 31.8455161852 31.8623422892 34.7347971742 32.923739352 31.7921434161 33.9245476755 32.1814949159 31.7713176066 34.0003283488 34.1495637762 32.3133628799 33.2932504235 34.9938601669 34.8784876101 32.8667410868 31.9071942634
0 0 33.9464413266 34.6625431144 34.2252092836 34.0295821276 33.639301682 32.8375326521 32.8200425397 33.2672615626 33.5410926051 33.1499247989 32.9249200587 34.20223624 34.0548237012 34.1834082912 31.5922702126 33.4842589753 31.84454023 31.6261892899 33.146015165 34.0625037528 35.0139417753 34.6142998095 33.8003865968 32.767148525 32.7030851755 34.0437118878 31.8991304192 34.1248976829 32.033743142 33.1101392844 31.9328509772 35.0321628025 31.9680583489 32.0695057656 34.2088405323 47.5064524667 47.5064524667 47.5064524667 34.2808881252 34.515226393 33.2343088944 31.8440360264 32.8968284663 32.4980891001 33.4085591347 32.7242016046 31.9812890027 33.051526922 32.9297934944 33.9757858312 34.2757785503 32.9194599056 34.2820171884 33.580618052 34.8394340791
0 34.5433824911 32.8408269505 32.8154416167 34.2802395979 32.9085548396 32.6963119593 33.6544921158 32.3876317376 34.807799675 32.0261751184 34.7942151493 32.9615990178 33.8667171829 31.9682710114 34.9266600579 34.4528073316 32.9485857033 33.1252354194 32.6197911619 33.67419667 32.8696193253 33.8610896756 31.5804295828 32.8606884066 33.7790670884 33.2643823604 33.0767719993 32.2491855117 34.5587912868 33.8554070556 33.7166997766 33.8524425783 34.0135689737 34.4449660423 32.6948693795 32.7837319628 47.1058697358 47.5064524667 47.5064524667 33.3139512023 35.0037242109 32.228450926 33.1964255268 34.2483967818 32.505760957 34.0291767285 34.1058642596 31.6222713798 35.0067773748 33.8883968999 33.2380814428 33.276930002 31.5342603814 33.568514192 32.5607789458 32.9363791333
32.2011220184 34.6416570722 34.9686121448 34.771754612 34.0162502566 33.7297978716 34.4787417309 32.3430430068 32.3085332318 33.5465198355 31.506402983 32.4623832742 32.4317476186 33.9813111622 34.3435315811 32.5311191945 34.6760520864 32.6643178767 32.3818635043 32.9689964936 33.0744238223 33.661002334 34.6609624158 32.9309208485 32.6452225539 32.9697739139 32.0761213772 32.8825246141 34.0246221281 31.969930576 33.1705776614 59.1079048101 50.420899375 57.4629949925 34.5779059418 70.367083026 70.367083026 33.5171516863 57.2876283129 57.2876283129 57.2876283129 34.9425547488 33.8670195751 33.4742889951 34.5422408028 34.4749943946 34.4145501702 34.7450654496 33.0405797158 32.4134252964 34.782562832 32.1849007833 33.9295565275 32.6113836639 34.4677531779 33.5811161126 33.1612606566
33.0023687669 34.5128626985 32.2308470302 34.9540309764 34.1034067822 33.5182190017 33.8959257735 34.2985221967 32.8832301948 32.9158540993 31.9067480973 32.2921270533 31.8323312927 34.0387013549 31.795849483 32.2548804874 32.8525437354 31.6319976437 34.7399367768 32.8968053404 34.9170297028 32.0787921138 32.2653662153 34.0622118895 34.959834505 34.9491184136 32.8222824933 32.2834961654 34.7015808541 32.393415382 31.9232119177 50.420899375 33.7085126674 57.4629949925 50.406533623 50.406533623 50.406533623 33.2428277131 57.2876283129 57.2876283129 51.892698329 33.8377198904 33.0777160747 34.5097996856 33.144103147 35.0070788146 32.9902008095 33.183395019 31.9001108807 33.8866748165 34.5810121239 31.8993034788 33.8000598789 32.6968245621 31.6846692385 31.7850480754 33.5254268984
31.7469466337 33.8880664223 32.3726411743 32.7044281427 34.6955204271 32.1126293592 31.9964506957 33.095996887 32.3229925381 33.3061588044 32.133014116 34.5624515379 32.4262001865 33.1574888002 31.701318293 33.2173204628 34.5114798767 32.0330376927 32.0123475757 33.179519842 34.7716117491 31.6855244296 33.3219809319 33.4518334146 32.5816882143 33.6636225448 32.3150100925 33.3489892085 33.6381987965 31.8027523336 34.4634870449 34.0897142269 34.1132763978 57.4629949925 34.7142055714 50.406533623 50.406533623 52.3723126 57.0599278938 52.3723126 32.5172636948 32.2579747145 33.5818474218 31.6313101407 32.7294437894 33.6750195522 34.4880555176 32.506250675 33.8424509727 32.647388349 33.7011621217 32.7610942634 34.0535359242 34.8487660246 33.5398377896 34.7951580683 33.6926073722
