Spatial_Output/BAU/BAU_1366.asc
NCOLS 155
NROWS 192
XLLCORNER 196307.867259
YLLCORNER 449144.565805
CELLSIZE 33.573938
NODATA_VALUE NaN
[rows 75 to 99 of 192, columns 56 to 111 of 155]
33.1245036392 33.4720450297 33.4365917446 33.4803843602 33.7858862439 34.0347362445 33.6946196132 57.7150937429 57.7150937429 33.9425309095 33.589354989 34.2800804818 33.0251645955 33.78647687 33.3920210128 62.043846867 70.3656952423 54.7560402704 54.7560402704 46.0591008619 46.0591008619 53.2749812589 33.1920290058 33.2911859999 46.1078194463 52.4496130024 52.4496130024 33.1534661164 33.1185348155 86.2621964853 33.8759691721 33.0190252149 33.8395236546 33.4724948405 33.3625890429 33.6019207396 56.4958595747 33.8058291252 73.6081868379 73.6081868379 34.1829849854 53.6962973328 48.5494086211 33.9477263298 33.6486769342 34.002857689 33.6158671918 75.9266764856 33.6344451608 33.8896413399 33.4293879321 33.3624624068 33.6473989564 33.3285807994 34.338491379 33.8646182725
53.4078214141 53.4078214141 33.8675944933 34.4005101193 34.0974943854 33.8139310909 34.1853690218 33.1212025952 34.2200165938 33.5493197013 33.2230737843 33.2584089762 34.2640877457 62.4631001203 34.1404612262 62.043846867 70.3656952423 70.3656952423 79.2119947728 33.7387985062 33.986745834 33.1743874755 33.3244696957 34.1798237178 33.4736937337 33.9562571742 34.0528696559 33.3074116409 33.9843491104 34.0619865568 34.1800640378 33.2952403655 33.6046228047 33.812963826 34.2601523387 33.4178272508 33.0236301495 33.0128922835 73.6081868379 73.6081868379 48.5494086211 48.5494086211 48.5494086211 33.8223036598 82.6975149136 33.7832919421 60.3853826392 33.6147846861 70.4788692014 33.905203692 34.1992137686 34.2308553126 33.4808290188 33.8886265596 33.6535454643 33.4928091952
53.4078214141 33.3614804667 33.3927983922 34.3646988003 33.9690184133 33.6148970031 33.955536945 33.1933742176 46.7771640289 34.288135592 33.446553369 33.9923929039 10.274508359 24.597974741 29.7241058289 62.043846867 70.3656952423 48.2661598595 48.2661598595 48.2661598595 33.9796454245 34.3594772139 33.2065952317 34.3846446644 33.9618723625 33.4108146071 33.9754269559 33.9659869362 33.359759184 33.9878138153 33.8521200561 33.9993548943 33.8848147253 33.2615684349 33.0620890636 33.8389563824 33.1924218687 33.6823013147 33.9573364529 33.9420573453 33.4680397602 48.5494086211 33.6485782612 82.6975149136 82.6975149136 58.1303003347 82.529042339 34.2152902076 33.2495925511 33.5482401056 33.1594529659 33.6086488996 34.3517025805 42.9737283513 53.0670156409 34.3068892676
46.5739657348 33.8585437347 54.1528985341 57.2437055275 68.9121308264 33.7757160476 34.0154426231 34.282010341 33.7691052481 34.2604999022 34.2114225361 64.6991141106 26.1233549052 25.1324216578 26.6951518904 33.5172903991 33.5159975727 48.2661598595 48.2661598595 55.3800895872 34.3269183865 33.8892087522 33.5752110554 33.2230313004 33.4847126728 34.1888247768 34.1357891039 34.3648592427 33.2282292575 33.0856839131 33.0190665893 33.7201665708 33.4433638905 34.0924557324 34.33014489 34.1626003655 33.2771620224 34.2815174757 33.6856190413 33.4177850754 34.4095638331 33.2498461233 34.0929310409 82.6975149136 82.529042339 82.529042339 82.529042339 46.3968750044 53.5202398582 53.6378942304 43.5197247826 58.0670254395 58.0670254395 53.0898668513 53.0898668513 53.0670156409
46.5739657348 73.059497659 73.059497659 68.9121308264 68.9121308264 33.6732962324 33.3268991087 78.9904229154 78.9904229154 47.1217164627 47.1217164627 33.965354504 26.1802199321 12.8977911237 14.7145273452 33.841841157 34.4059886042 55.3800895872 33.6550688684 33.3001317212 33.4726784552 33.6256689326 33.9626438036 33.4522146034 33.312150047 34.396837143 34.1638781448 33.5566169025 61.2354619468 61.2354619468 61.2354619468 33.498876847 34.1664543426 34.24982518 33.5769419164 33.0821077388 34.2054599066 33.4976695465 34.2652753145 33.5707876204 33.7852885188 34.1347881279 33.8137024498 34.2462893557 58.1303003347 82.529042339 46.3968750044 46.3968750044 46.3968750044 43.5197247826 43.5197247826 58.0670254395 58.0670254395 53.0898668513 53.0898668513 53.0670156409
73.059497659 73.059497659 57.2437055275 68.9121308264 68.9121308264 44.170195592 44.170195592 78.9904229154 78.9904229154 47.1217164627 47.1217164627 33.6785930105 33.5170477393 34.0042177908 33.7364955375 33.2629382289 33.3987992741 33.9628266715 34.2430835177 34.2479649411 33.4017955279 33.3409973174 33.2164091398 33.4203910494 33.9625476219 33.9025223281 33.7338092752 33.9163991043 61.2354619468 61.2354619468 33.6064418409 33.0612637685 33.3726330318 33.1812081118 33.4006757628 33.8388638127 33.2372199781 34.0538189336 34.1121360473 33.9286741134 34.3383345361 33.348158313 33.9926628258 33.6045828309 33.9175811734 34.1716838211 58.0661200915 46.3968750044 53.5202398582 53.6378942304 43.5197247826 80.2448903708 58.0670254395 34.1023211673 33.4146032726 34.0336197937
34.2512370111 33.7731600712 34.3636748213 33.5748213931 34.3730980026 33.4167253991 34.1064043471 78.9904229154 78.9904229154 72.5918871784 75.4102654026 33.7427987281 33.9639442591 33.3535842299 34.3773138175 34.292976588 33.2953922923 34.3280382708 33.6601487932 33.9801076783 33.4445393366 33.2171961094 33.238334707 33.3877324116 33.2088252645 33.3564403968 33.3951952456 33.6470012284 61.1759593301 61.2354619468 52.2318592591 34.2490363331 33.9919933694 33.3556745214 34.154779703 34.1761252596 34.0071589618 33.3422497933 34.3469537779 33.591188627 33.2454100625 33.0125884403 33.1813716964 34.045919564 34.0095910973 33.7377234274 33.0747377505 66.0216750545 33.0729322094 34.0850113908 33.6171313638 33.4431844496 34.2030274899 33.2128714996 33.2922431565 33.8690915289
33.5724073214 34.2172220433 34.1156685134 33.3286366023 33.6948656433 33.6427349272 34.2141175705 33.1167543662 33.6053681712 33.7925886492 33.2524903934 33.8089618808 33.8931800358 34.0614978329 33.6804430539 33.0749486932 33.8558465541 33.2012426349 34.1193721482 47.9709112592 47.9709112592 33.1155238379 33.0984658788 33.1471893931 33.3329152816 33.8584279179 33.183990868 33.7378153095 52.2318592591 52.2318592591 52.2318592591 33.6503591076 33.8519286048 34.3952744892 33.1207498327 33.8194986072 34.1633432936 33.0694570874 33.0466646134 33.2766190326 34.0670644305 33.3485253843 34.3621922143 33.2459305903 33.6343463556 33.5453466805 66.0216750545 66.0216750545 66.0216750545 33.0765168602 33.6340922048 33.5063552618 33.396510182 34.080028395 34.1938586265 34.311923724
33.8957928434 33.6462083742 34.1102833369 34.0491568016 33.1044653436 33.4210253008 33.3340222468 33.4043276867 67.5474299367 67.5474299367 67.5474299367 34.2236401831 33.3071881066 33.6618500047 33.1469432904 33.5681765273 33.7130318043 33.4236246681 33.0005674168 34.3250329379 34.0292249058 33.0528276178 33.9972884995 33.6913204766 33.9428664051 33.8430684044 33.2917923549 34.3942713674 33.0009177451 34.312424589 72.6773094208 72.6773094208 33.3676951018 33.6612549641 33.4652659572 33.5187221843 34.1718008295 34.3754688178 33.3938141645 34.126784772 33.6542522807 33.6316449491 33.0707943126 33.8201518619 33.4158911318 33.4958398535 33.7514431495 52.7462043055 33.1736456294 33.110967943 33.5089030523 34.390191999 33.9411630872 33.3332629196 34.1030516457 33.8433502102
34.269289243 34.1380665613 34.3448700139 33.5014148203 33.8935570601 33.9605941829 34.2511471663 33.2057247761 67.5474299367 34.1880746246 33.9014678496 34.1434178687 34.1435840413 34.3898014876 34.1487016987 33.2995234578 34.2607585645 33.2955590932 34.0547055757 33.3496015717 33.0829817932 33.4932174226 34.0200482769 33.2090509477 33.7278006661 34.3815410146 33.5123643477 33.6453493627 33.5168314133 34.3085580359 34.1032565691 33.5173683049 34.0347200542 33.6324838929 33.7840186144 33.0595663853 34.2797651644 33.2291437873 33.7284215197 33.4298890752 34.346656155 33.7917455442 33.6946790784 33.2501193722 34.0985676054 33.2632308858 52.7462043055 52.7462043055 52.7462043055 34.1379371135 33.306516448 33.3087887896 33.8151854379 34.383731576 33.9296363761 33.4803198042
33.2377559861 34.1891695591 33.9382784035 34.0935912444 33.0774046792 34.2116496878 33.7725440685 33.1892124535 33.629628635 33.1244931057 33.4330024363 33.4403477071 33.7786181785 33.065114229 34.2578625247 33.5375026109 33.9334956732 34.4019961061 33.5175264287 67.4896830936 33.1491545577 67.4896830936 33.3793304965 33.7450979016 34.356218567 34.3509926041 33.8684690508 34.3075358377 34.2692792595 72.8903449091 72.6773094208 33.1878721902 33.2471949258 33.3415966402 33.3103737214 33.2692571844 34.2141687056 33.7344774753 34.0540779907 33.0410366043 33.0572441155 33.8086294476 33.7759978824 33.3170224618 33.2391028337 33.1791966999 52.7462043055 52.7462043055 33.7763085411 33.0307409161 33.9202451413 33.2123665441 33.7607012982 33.7234219271 33.5373291834 33.1189198171
33.65844355 33.8605740516 33.8020737002 33.5283133566 33.5321112279 34.2576543194 34.1810427591 33.5025982756 34.1421344224 33.9549658516 33.8801669635 33.5233336623 33.6520124266 33.188028983 33.278931911 33.9177026331 33.7085201942 34.1847299052 33.4340500954 33.8425656025 33.8641012378 82.5589456746 82.5589456746 33.5924484276 33.9845037475 33.7118839654 33.286694581 33.6470697325 33.90638145 88.473856943 88.473856943 88.473856943 33.5409827708 34.3775600094 33.8926422687 33.4304486269 34.3139466255 33.8248450824 33.3991814381 34.051610633 33.8509122476 33.8376049798 34.3092677094 34.2124444496 33.9134001484 33.1160400421 33.5348341053 78.9618936489 60.4869160431 34.043575276 33.5692604323 58.3173008712 33.4456758809 33.5120416439 33.754583883 33.8465781282
34.0633045642 34.3059774138 33.9763863276 33.4288145702 33.4131948001 33.7038495406 34.0816823778 33.6029848141 64.6084480345 64.6084480345 64.6084480345 33.5357966434 33.9549028343 34.1980239898 34.2483595874 33.5524621417 34.1733218227 33.843832209 34.221929631 34.3520891179 61.6684147722 61.6684147722 61.6684147722 61.6684147722 33.9246470209 34.1908163656 33.9917881708 33.9515245732 33.9628768571 48.6274335124 49.173260754 49.173260754 49.173260754 33.4337066333 33.4329189172 33.6163956473 34.1611303233 33.3404405646 33.8971336438 33.3715131162 34.1524562477 33.1796612435 33.895722426 34.3649851293 33.0860669828 33.9449602833 78.9618936489 61.106855385 78.9618936489 34.2482163659 58.3173008712 58.3173008712 33.9048180853 33.7175975733 33.2147950376 34.1716069162
34.0790110793 33.532929006 33.0540970916 33.5752769101 34.2228451157 34.1988316384 33.0452077141 34.2204997857 52.2658196193 33.7826807832 33.9785940368 34.3016634303 34.0254687052 33.5532060567 33.5578745439 34.2360362606 33.0527122123 33.4207115798 33.0308400713 33.345702129 54.2923861131 61.6684147722 61.6684147722 49.556031933 33.2281704185 33.0990663261 33.5935305697 33.9607356574 33.3729940206 33.4895264386 49.173260754 49.173260754 33.5926205668 33.0211030589 33.6757885824 33.4521645547 33.1396118941 33.2281446356 34.3150029379 33.3902871081 33.8377377866 33.2814424058 33.1346162845 33.0055855239 34.0095837236 33.6337149024 61.106855385 61.106855385 61.106855385 33.1976058282 34.0087157421 58.3173008712 33.1715824111 33.8392287973 34.2303836034 33.6760314844
34.4083072478 33.4161208724 33.979432533 33.0710996119 33.4003171121 33.1042939151 33.5759278704 33.8386194838 52.2658196193 52.7235073333 33.9259103953 34.1255289336 33.6957008589 33.9378602217 33.7453377531 33.4918522493 33.2852490041 33.5394350176 33.6266121016 33.2491344698 69.7411522181 54.2923861131 54.2923861131 55.7037942749 34.121728736 34.0438164364 34.3253888738 61.9657228117 61.9657228117 64.104996083 71.145516818 51.1794964549 33.6217422792 33.5800229279 33.4690954658 33.8895954976 34.2670504793 33.1502630356 33.7613189271 34.0957951114 34.0221329697 34.0094277811 33.3712117318 33.8155176086 33.7401211315 34.1640754919 54.7361339551 61.106855385 54.7361339551 34.3174030033 33.1746834426 33.3283349799 33.9221630618 33.623656443 33.6889765615 34.0290878812
33.7864716423 33.424521293 33.83730616 33.0493420367 33.9534901463 33.5746236879 33.4971186982 33.5830203919 52.7235073333 52.7235073333 52.7235073333 34.3624060365 33.5600997324 33.8172458473 33.5540338085 33.9653839686 34.106372615 33.4441995878 33.3117553034 33.1275670068 69.7411522181 69.7411522181 54.4045408199 33.6864419127 55.7037942749 33.791069923 33.4180180265 61.9657228117 64.104996083 64.104996083 71.145516818 51.1794964549 51.1794964549 33.0374761922 33.5576207262 33.2486205848 33.8733784413 34.0247499793 33.3664813336 33.6887373032 34.2303234721 33.0211713807 33.8873627093 33.6954399649 33.0028324544 34.0594146906 33.0564804414 68.2116338321 68.2116338321 33.6993102923 34.2057799897 33.1597705127 33.2610762597 33.5763533168 33.7953264251 33.7706483573
33.3798526326 34.0953713865 33.4184118018 34.273798726 33.9317128439 33.3268214393 33.5916910273 33.7447727288 33.4625013645 34.0966967841 33.994712866 33.1999678312 33.9845071501 33.2462316231 33.2771911393 33.2332254524 33.5304726432 33.1508271808 34.2301091559 33.149438216 69.7411522181 54.3879388305 54.3879388305 33.3424669526 33.6161086171 33.6024328135 34.0148472482 33.5556034889 61.9657228117 64.104996083 51.1794964549 51.1794964549 51.1794964549 55.6417086274 34.0889175269 33.3615230004 33.3361192719 33.1481223408 34.3065948822 33.2752068596 34.2754715557 33.107807526 33.4560810593 34.1740273374 34.3148214538 33.6855888104 68.2116338321 68.2116338321 68.2116338321 33.8593684371 34.3345127646 33.2755652065 33.5140224225 33.8077152324 33.9342007035 34.1109667946
33.5219949553 33.4052638736 33.9248234463 33.7234974848 34.1081613947 33.5655056618 33.6966469114 34.0880321996 34.3359536827 33.8393793968 33.6030252095 34.263389597 34.1425653481 33.772622388 33.4347642975 33.3893306432 34.235831417 33.2924646253 33.5029452455 34.1734276661 34.1124242002 54.3879388305 54.3879388305 33.3754825942 33.3824241015 34.2359537537 34.1467715317 34.1226981592 33.2789385204 34.1859170253 33.8347018281 33.0149242961 33.0047042529 33.7061098507 33.7613253582 33.4169382019 33.7162649787 33.6140319372 33.0148793133 33.1410849466 33.134361066 33.2833835025 33.5096762307 33.9655436913 33.99430559 34.2410791351 62.6359324335 62.6359324335 62.6359324335 33.8501099135 34.3009700557 33.9872743816 34.4130496807 33.3919482531 33.2508001959 34.3939651183
33.9079635868 33.0307191091 33.2396640157 33.6700813767 34.2282849447 33.6502039588 33.8449908121 33.8430270915 34.3001401802 33.182341014 33.1888321889 33.5478917957 33.8755356106 33.7955091879 33.8905921052 34.2671731965 34.0680693884 34.3417122734 33.8341735309 33.6654594703 33.6832101572 34.2431692647 33.5613246824 33.8175798729 33.5515148492 33.2174936874 34.383639066 33.8217963015 33.0936912276 33.9842286235 33.8302257912 33.0686830674 34.0693190821 51.1808275671 33.1021400977 34.1100085096 33.8307444899 34.1022735092 34.0305092976 33.022862255 33.1455063757 34.0271125655 33.4927926208 34.0535940164 34.1071983046 33.912355954 33.658523757 60.461277893 33.6786003681 34.2796356953 33.73349268 34.1761083621 34.0587170557 33.4165020348 33.262425015 33.9473771797
34.2877478103 33.0688017234 33.7743849845 33.0265879535 34.3383020512 34.1301334435 33.6821502178 33.3262233865 33.7202194984 33.8745466574 33.8322119795 33.5510867589 33.8505776429 33.1299919379 33.9548733138 33.1430693251 34.3558890579 33.4071325731 33.7176523395 33.267964337 33.3491589279 33.1368064894 33.3114503999 33.3117173209 33.0326526185 33.0453177905 33.128645404 34.3610380248 33.1888785499 34.3743936162 33.3858548216 51.1808275671 34.276696418 33.1310933431 33.643979335 33.7983909832 34.0839696688 33.1399847209 34.3327498887 34.2231737403 33.2040974589 33.4672630531 33.773713282 33.4654145529 33.721114788 33.8883387257 33.6879197985 60.461277893 60.461277893 60.4222761784 33.5942356525 33.3411916836 34.1195824874 33.0815471366 33.1698350286 33.21155028
33.3597457304 33.7888463784 33.0903824823 33.1902065459 33.3595390561 33.1376212252 33.3856297705 33.7182525123 34.0947617452 34.3028038564 33.9552712852 34.0774541661 33.617003436 34.1318725014 34.3103472214 34.0058167339 33.6616291197 33.5334261396 33.3521767391 33.1398014148 34.1282338236 48.8511442663 62.5520516615 33.5758232513 33.9195490376 34.2644319466 33.7959514798 34.0163617852 33.463216884 33.1972920016 33.465093673 34.0063633009 33.3036595682 33.15431577 33.3808948608 34.390896571 33.7900540189 33.255096629 33.4485824802 58.9795874284 63.7874921304 33.6583372229 61.1790721928 34.0612406438 50.1858883894 76.7414792689 33.7722256371 33.9026394646 66.2110384304 33.0170591768 33.0612928214 33.687750118 33.4122786692 33.5810940557 33.3166294837 33.7495667443
33.7151401123 33.6266403076 34.3796753295 33.4475450357 33.8075187305 33.2424385141 33.3947551205 34.2943961878 33.3368632895 33.2335997036 33.7052977925 60.3282356759 84.2197331736 33.5451676437 33.0536199316 33.3747327076 54.7428883563 33.6956212136 34.0367318371 33.3611257827 59.1063553639 48.8511442663 48.8511442663 61.3420743151 33.1524229902 34.1476445575 49.6027614695 66.4725074135 66.4725074135 55.8842003382 33.2395938158 61.0855818794 33.8352655089 61.7035639062 61.2797517724 34.3373930021 62.9289301596 33.859563993 54.0780339 54.0780339 63.7874921304 63.7874921304 61.1790721928 61.1790721928 50.1858883894 50.1858883894 50.1858883894 33.8286931492 66.2110384304 34.2465068436 34.1358868202 34.249120082 33.7158021249 34.2721398158 33.7340497468 33.2487235016
54.4997685446 61.2132266345 33.4494890165 78.0481032133 34.1587038222 33.0047321151 34.2584914433 33.2001201124 56.9441891765 76.5274012137 76.5274012137 60.3282356759 58.3951004212 58.3951004212 56.0385869487 57.9070718699 54.7428883563 33.3812873335 55.9461130109 73.8273812163 59.1063553639 59.1063553639 60.3891415783 61.3420743151 61.3420743151 33.4273151087 49.6027614695 49.6027614695 66.4725074135 55.8842003382 55.8842003382 33.3943458866 61.7035639062 61.7035639062 61.7035639062 61.2797517724 62.9289301596 33.3591225856 54.0780339 54.0780339 63.7874921304 63.7874921304 61.1790721928 61.1790721928 50.1858883894 50.1858883894 33.0938370684 59.0710593487 34.1805576451 33.3815863382 33.2506839527 34.115294099 33.0734449063 33.5595371553 34.0235027084 33.7408964115
61.2132266345 61.2132266345 78.0481032133 78.0481032133 34.2721205528 34.2442454308 33.8903483605 57.741230978 56.9441891765 56.9441891765 76.5274012137 33.4053214314 58.3951004212 58.3951004212 56.0385869487 56.0385869487 57.9070718699 33.4258858631 55.9461130109 73.8273812163 59.1063553639 59.1063553639 60.1457215019 61.3420743151 61.3420743151 33.5359263187 49.6027614695 49.6027614695 66.4725074135 55.8842003382 33.1281684177 61.0855818794 59.4499160489 59.4499160489 59.4499160489 34.1568194 58.2375446607 34.3062690583 33.2473942392 33.4922248669 33.7344837408 33.0314396531 33.4282187564 33.2183209872 33.515570067 33.4131236241 34.2079405844 33.1680102924 33.7096503121 33.6292582365 33.3402452894 33.3448060651 33.7733159432 33.2870134683 33.530306716 34.0995503439
54.4997685446 61.2132266345 34.3622056392 78.0481032133 34.0616246027 34.3353481906 33.6767284722 33.0520077158 56.9441891765 34.148615438 33.0967856395 33.4732078966 84.2197331736 54.6536587463 56.0385869487 57.9070718699 54.7428883563 65.1812041469 33.0362827769 34.0689305242 59.1063553639 60.3457109071 60.1457215019 33.8400550703 33.6277934008 33.1388372603 33.5432401416 33.3698036184 33.4147881945 33.755864162 33.8164520072 33.2689451427 59.4499160489 59.4499160489 33.6721022778 33.9551372771 34.1153563412 33.546319816 33.2914199665 33.6417381606 34.2003348942 33.8937279578 34.0539089561 33.4780745481 33.9121226703 33.2949358187 33.9721846649 33.9521652351 76.5067449279 34.2583580767 33.6010280696 33.5321010216 33.0069283751 34.0959935514 33.0338122548 34.0059575521
