Spatial_Output/BAU/BAU_0969.asc
NCOLS 155
NROWS 192
XLLCORNER 196307.867259
YLLCORNER 449144.565805
CELLSIZE 33.573938
NODATA_VALUE NaN
[rows 150 to 174 of 192, columns 56 to 111 of 155]
24.1895458419 23.8634845804 25.2663161841 24.4637557342 25.470451816 24.4031770426 24.6443387854 24.0121646958 24.4720610053 31.7213506641 40.343004133 41.124531982 23.9096437322 25.4044498547 23.9361073205 24.8085852996 25.2603005639 25.2427595126 24.8283604354 25.3059536812 24.6856657588 25.3018261524 24.3949003956 24.3027441502 25.2255609585 24.1274003824 24.8043919663 23.5842325053 25.3176295164 24.8565188683 23.9910127556 23.8465044759 25.3319005535 25.3269451415 24.8348536256 25.20615146 24.3957423656 56.184258274 56.184258274 24.2983532009 25.5508349604 25.0394981455 25.4397403768 24.2888342062 24.692897094 23.8277571024 24.1653138519 23.891736079 25.5281786641 24.595599752 25.0970962644 23.5429956255 23.6350576618 23.5848306899 25.4293174433 24.1242148698
0 0 25.3871177108 24.0279712901 23.7444909839 24.9060834827 23.5364006024 25.2490633724 24.4985436627 35.8602891689 38.6167031276 42.5466691103 25.5109387753 24.6171518546 24.7425523189 24.215896021 23.6367902353 23.5609648301 25.0254010421 25.3886643283 25.1607858481 24.1704266978 25.4055542455 24.3182019854 24.7793074258 23.6098223246 23.5456846142 25.3621600823 23.7981679448 25.2981097796 24.3131650197 24.4038254716 24.3677283236 25.5099853594 24.5393051518 24.8349503869 25.2394243843 56.184258274 56.5440760538 56.5440760538 24.0934890675 25.6117323106 25.2769246241 23.5191100651 23.8881327517 23.5618486372 25.4781231906 25.3265090685 23.6001252598 25.1991474675 24.340289999 23.6150936726 23.6099395009 25.1725939715 24.9107185217 25.1718462379
0 0 0 0 0 25.2511702557 24.7576103871 24.7636426314 24.9972600136 35.5977206075 33.7800908957 35.7989655605 24.9347251147 23.7226585126 25.1198359592 25.585416617 24.0501680655 23.9915825803 23.5608959366 25.1134279493 24.0785089191 23.610563101 24.1057004946 24.3317672724 25.0532673939 25.4140861563 25.4993971441 25.3788986551 24.9014461788 24.8909249033 24.7937980738 25.4225127776 24.687171416 23.9086877985 25.2132670079 25.5052724887 25.003813666 56.5440760538 43.5216367258 43.5216367258 43.5216367258 23.7419173655 25.2737385683 25.5590641831 24.4706522589 24.1334352247 23.9263990171 25.3185246393 25.2788801278 23.651076995 24.6580133423 25.0501277133 25.2349422169 23.6042453659 24.9411223479 23.9151726833
0 0 0 0 0 0 0 25.4569836232 23.6637314777 24.56866777 24.3323599861 24.9092876343 25.4007772794 23.9156272243 24.3223757991 25.0981278784 24.3814903884 23.9102765812 24.5076057407 23.7229708107 24.8839543287 24.6642054035 23.595679126 24.0784454002 24.3665932557 24.3572714122 24.3753355907 23.7669886021 23.5966853028 25.1592532731 25.5626473409 24.0834233218 24.0069291401 23.8040575099 23.7272072729 25.2535240282 25.1798766024 54.2205776658 43.5216367258 43.5216367258 24.4341352311 25.1353330447 25.2523420018 25.3910936154 23.7312841944 23.625215313 25.4095357708 24.963877069 23.5903136668 25.1597961007 23.7640132818 24.3094374611 25.5411004209 23.9038720684 25.2983160795 23.9501942229
0 0 0 0 0 0 0 0 0 38.6468054665 24.2216680046 24.3526312927 23.7177322248 24.1451977781 24.1647829445 0 0 23.6097969462 23.8547212677 24.6181185713 23.829658619 25.4316748133 24.5439664712 24.7072709623 24.600456325 24.6550217344 23.8741187152 23.7911585777 24.3191973588 24.6238326304 24.1037845048 24.869952934 23.5160524735 24.536549749 23.587969528 25.5715470525 24.3645731783 24.4124060612 51.7123128846 41.401155029 41.401155029 37.9907391124 23.6250892813 24.0233154235 25.605938484 24.4808754856 23.7838238802 25.4158275214 24.7046416687 24.9166552521 25.1860810134 23.5252841227 24.1999345833 24.6032344566 25.0022165418 24.8750075823
0 0 0 0 0 0 0 0 0 0 52.4898088718 52.4898088718 52.4898088718 50.2070056846 0 0 0 24.6619498066 25.0574436415 24.8295621261 24.6200061097 24.9385713955 25.1956237085 23.5259238422 24.2395539947 23.7992536616 24.7124906589 24.5434850659 23.5251312281 23.9537386829 23.7425057182 25.4803131763 24.3528733372 24.896112317 24.0048240189 24.3155300369 23.6614691177 25.1095959252 24.6971959424 41.401155029 45.0406842488 24.9911143808 24.5996858406 24.8609484723 24.6568181883 24.7307369899 25.4929962726 23.5502587502 23.6635721885 24.0518439801 24.358959175 24.7568792936 24.9144865959 24.6313234172 24.3814786316 24.7871175445
0 0 0 0 0 0 0 0 0 0 47.1463193062 50.2070056846 44.2401498554 44.2401498554 0 0 0 0 23.5400981596 25.4576039435 24.0803231838 24.7610919735 24.3250584898 24.6919125909 24.6568758082 25.0152557182 25.5756234222 25.3853028518 24.5736850686 24.0563698863 24.0613573343 24.5443417278 24.0199442334 24.0954828851 25.4059939141 23.7191965584 24.7486481442 24.4434892134 23.9290960217 39.1636428297 45.0406842488 45.0406842488 24.1661890565 25.5095297991 24.9919894426 24.4273045168 25.5080774291 24.9660634848 23.9170371192 25.3323711207 24.9570545502 24.467491843 25.0714275893 24.3867074402 24.791596992 25.5371757225
0 0 0 0 0 0 0 0 0 0 0 44.2401498554 44.2401498554 44.2401498554 33.5598214853 0 0 0 0 25.4494212881 24.2225151563 23.9004783057 23.7686671999 25.3772513787 24.6880429013 25.1156785945 25.0753761189 24.100286678 23.8088730521 24.9126037389 23.9389938845 24.942570382 24.5577463463 24.9183681353 25.0491131693 25.1155955866 24.6336097311 24.0293563356 23.7416165922 45.0406842488 45.0406842488 43.1253808628 43.1253808628 25.4946977376 24.7810530587 25.1200255601 24.0237918683 25.6010853418 25.4735594546 24.0456825755 25.2284948532 25.128791927 25.6173039168 25.0677604986 24.4769479837 24.474803538
0 0 0 0 0 0 0 0 0 0 0 33.5598214853 33.5598214853 33.5598214853 0 0 0 0 0 0 24.6466262858 24.9952611966 23.5269006436 25.59766345 25.3111873694 24.2967544357 23.7188204514 25.3099643628 25.237922494 24.7127183836 25.4282466431 24.8604411468 25.186210012 24.6183208848 23.9625136493 23.9477148324 24.2830656784 25.5621379438 24.5795764916 24.3094859597 43.1253808628 43.1216589628 24.8091921376 23.6375491235 24.9396882905 25.5136381968 25.5323477295 24.5044160417 24.7193502831 23.6360452352 25.5261260054 23.9938763957 24.2157803418 23.8183803004 25.1436039828 23.8552823501
0 0 0 0 0 0 0 0 0 0 0 0 0 0 0 0 0 0 0 0 0 24.3893767373 25.0786567434 25.2801943458 23.858095762 24.9858886537 24.896020828 24.0559720081 24.3849250039 25.3123793881 23.8944406529 25.4765280503 24.0873977494 25.2981625584 23.5435555336 24.9035381706 25.0650624837 24.5833832428 23.6452954336 24.9568288825 24.3985703166 43.1216589628 43.1216589628 43.1216589628 23.8392755182 24.4846715922 25.2207995425 24.6402519802 25.2302216137 25.211544377 25.0103170515 24.2001584851 24.7499772121 24.6750644023 24.603335859 25.0352272476
0 0 0 0 0 0 0 0 0 0 0 0 0 0 0 0 0 0 0 0 0 0 0 0 0 25.0130311938 23.5855149147 24.3703405782 24.9095750913 23.637929617 25.4923072423 25.2635800592 24.887511556 24.7831218546 24.2540015951 24.3600470053 25.0231390389 24.8357433568 24.0118325853 25.2104976279 25.2495035953 43.1216589628 24.9297320097 25.1570875091 23.9583808931 25.5627738387 23.6607353545 25.4091616054 24.0372169633 24.9367118946 25.1947122509 24.1246499997 24.1287607573 24.9064398467 23.9712053141 24.5667010578
0 0 0 0 0 0 0 0 0 0 0 0 0 0 0 0 0 0 0 0 0 0 0 0 0 0 0 0 0 24.7786122844 24.1597597347 25.3552036853 24.6014643272 24.514461413 25.0068093893 25.2113037691 25.5998264063 23.9614320422 24.8788853416 25.6182832056 24.3718479971 25.4491891608 23.7214108078 23.7281153895 24.9600246 24.8941591377 25.4307666603 24.6790600936 25.3796042782 23.8931274693 24.948883427 25.2182486245 25.404619176 25.5146530736 24.914414813 24.7795936163
0 0 0 0 0 0 0 0 0 0 0 0 0 0 0 0 0 0 0 0 0 0 0 0 0 0 0 0 0 0 23.7344098047 25.5032498616 25.0784671272 25.5993029363 24.1633540069 25.0829400402 23.5005479693 25.4587740188 24.671867552 24.5711449646 24.5734652984 24.4731378513 24.9462613946 24.5018132133 25.3693309786 24.9967823335 23.6006561793 24.6470600244 23.9864657716 24.4641431665 24.0397250296 24.6985684164 24.9870755583 24.1616083796 25.3877253497 23.9306777975
0 0 0 0 0 0 0 0 0 0 0 0 0 0 0 0 0 0 0 0 0 0 0 0 0 0 0 0 0 0 0 24.0641683372 23.571698571 24.1976258495 24.0632805622 25.1612194599 23.5680213008 25.1481263023 24.457233792 24.0170548149 25.2231927318 23.8540563338 24.8876532746 24.6578231894 53.3807048241 25.6161116885 24.8384109586 24.1487904685 25.326118317 24.7665445249 24.7017649944 25.2720840883 24.2400878903 24.8376241021 24.4683091814 24.9567928359
0 0 0 0 0 0 0 0 0 0 0 0 0 0 0 0 0 0 0 0 0 0 0 0 0 0 0 0 0 0 0 0 24.898743331 25.4426693305 24.2277530799 23.8122426111 24.4324941845 24.7964021358 23.538801972 24.3929994796 24.2724981438 23.7256229627 24.9420205477 53.3807048241 24.9785156953 25.2977837728 23.695765021 24.2942812863 25.5647781626 25.3372969702 24.3940759818 24.7086879838 24.7871705056 24.3555886529 24.0074344778 24.6565685205
0 0 0 0 0 0 0 0 0 0 0 0 0 0 0 0 0 0 0 0 0 0 0 0 0 0 0 0 0 0 0 0 0 0 23.9104473962 25.1282830325 25.1612597522 24.1584611261 23.8611538951 24.9585726067 24.5437393772 25.0161286156 24.4667707159 50.9394037307 50.9394037307 24.4294724319 24.5112648428 25.543683248 25.5830173986 24.8129989465 23.9855605649 25.4529268917 24.979074031 24.5196865012 24.9195956933 0
0 0 0 0 0 0 0 0 0 0 0 0 0 0 0 0 0 0 0 0 0 0 0 0 0 0 0 0 0 0 0 0 0 0 0 24.0877654864 23.7474270365 25.5026840447 24.3494723703 23.7639984075 23.6906903401 25.4730622703 24.7109152417 50.9394037307 77.7063649954 77.7063649954 24.7409750658 23.541721873 25.5472303066 25.5798596302 0 0 0 23.9157397429 25.2391337992 0
0 0 0 0 0 0 0 0 0 0 0 0 0 0 0 0 0 0 0 0 0 0 0 0 0 0 0 0 0 0 0 0 0 0 0 25.0670407441 25.3621012167 23.6230804354 24.4707546096 25.0769771151 24.0040778937 25.5221341285 24.649841472 77.7063649954 77.7063649954 77.7063649954 25.4665758849 24.8710050982 25.4985607894 0 0 0 0 0 0 0
0 0 0 0 0 0 0 0 0 0 0 0 0 0 0 0 0 0 0 0 0 0 0 0 0 0 0 0 0 0 0 0 0 0 0 0 25.5346102771 24.2093518615 24.4851987049 25.2692473079 24.6887379702 25.224567266 25.5613723794 23.6537268154 25.5211796936 25.4801474202 24.6367210294 24.8839302909 0 0 0 0 0 0 0 0
0 0 0 0 0 0 0 0 0 0 0 0 0 0 0 0 0 0 0 0 0 0 0 0 0 0 0 0 0 0 0 0 0 0 0 0 0 25.3895254312 25.4269741226 24.2843154353 24.5329605458 23.6537026532 23.5064884691 23.8998777943 25.6196137636 57.2528164838 57.2528164838 35.8255961289 35.8255961289 0 0 0 0 0 0 0
0 0 0 0 0 0 0 0 0 0 0 0 0 0 0 0 0 0 0 0 0 0 0 0 0 0 0 0 0 0 0 0 0 0 0 0 0 0 23.6040487506 25.4262859616 23.980496635 24.7008927564 24.8467753288 23.9280786791 23.573274813 57.2528164838 36.0489486655 31.6063648271 33.5842517495 0 0 0 0 0 0 0
0 0 0 0 0 0 0 0 0 0 0 0 0 0 0 0 0 0 0 0 0 0 0 0 0 0 0 0 0 0 0 0 0 0 0 0 0 0 0 24.7411432632 24.2791167931 24.1273268545 23.6049691311 24.6861606218 24.609739615 24.3264017443 39.0919844001 41.0561124141 32.3095273033 42.371822521 0 0 0 0 0 0
0 0 0 0 0 0 0 0 0 0 0 0 0 0 0 0 0 0 0 0 0 0 0 0 0 0 0 0 0 0 0 0 0 0 0 0 0 0 0 0 23.8959919197 23.5923340016 24.4657993665 25.1181581057 23.9186047222 23.8025936837 34.6406486628 30.5847583268 30.7276861737 78.41568537 52.3968341927 0 0 0 0 0
0 0 0 0 0 0 0 0 0 0 0 0 0 0 0 0 0 0 0 0 0 0 0 0 0 0 0 0 0 0 0 0 0 0 0 0 0 0 0 0 24.8382304268 25.0516831007 25.3203957885 25.1123697754 24.6508181631 0 0 42.371822521 78.41568537 78.41568537 45.0175386737 35.5718391817 0 0 0 0
0 0 0 0 0 0 0 0 0 0 0 0 0 0 0 0 0 0 0 0 0 0 0 0 0 0 0 0 0 0 0 0 0 0 0 0 0 0 0 0 0 24.4388292081 0 0 0 0 0 43.2470021843 73.571932105 78.41568537 45.0175386737 55.2652389099 0 0 0 0
