Spatial_Output/BAU/BAU_0756.asc
NCOLS 155
NROWS 192
XLLCORNER 196769.923733
YLLCORNER 449719.875193
CELLSIZE 27.603701
NODATA_VALUE NaN
[rows 46 to 68 of 192, columns 53 to 105 of 155]
24.9062412593 23.6302704934 26.1328435215 23.0861564938 23.2556283159 76.3624383943 24.0680314788 76.3624383943 25.2350345841 23.0030739852 24.267806691 25.3406604823 24.0184140542 26.9187520653 24.648309403 64.3633132158 47.7560597594 64.3633132158 25.8628774481 25.4965434744 24.3986104431 23.1712154665 24.8975266414 25.8736459374 23.5000230021 25.7374806761 26.1344475958 26.1896725058 23.3903714584 25.9705750547 26.408215764 26.9481233427 26.9623519934 23.1717571116 23.9021716386 23.4830341981 26.8336877335 26.5256845163 24.9455728339 26.4821021966 23.6131386111 24.8681012789 25.9022882713 27.1883611786 24.4115138108 25.6678594872 26.4660539081 26.7616130145 23.7194347345 23.623809433 23.5102182978 26.030926302 25.3571290196
26.1076171246 23.4568321357 25.223424108 25.1683592754 26.5312938208 79.0745779198 79.0745779198 79.0745779198 26.2895748778 26.7353043904 25.4158069961 25.2235965327 25.5610246945 25.9336907393 25.7082501155 47.7560597594 47.7560597594 47.7560597594 25.9658282447 23.0308052093 23.4143282544 26.2535573618 23.4713247199 26.744876571 23.1597511835 25.4668130101 24.7117636804 25.9328215753 23.182265902 24.3954626493 24.0524932833 24.5201712045 24.6929009427 26.9748785876 25.8130961407 24.1145690367 23.53280287 23.8908603551 23.0717560892 25.1882865514 25.2527828757 25.1109220713 25.8540386116 25.7730400555 23.4831758749 25.9719265325 25.6109337666 24.0641131261 23.2398212118 26.7438998932 25.5047964107 26.2231354415 26.0493002578
26.977400088 60.6066850652 25.5612468015 24.2007558931 25.920720597 26.7660744626 79.0745779198 25.2863564093 23.7384721187 25.1486705166 23.1001655663 23.1379108663 27.223606822 26.2639290194 26.6552283101 47.7560597594 47.7560597594 47.7560597594 25.7350301662 23.0900327776 24.5679899469 26.191042174 27.2013497017 24.4144412316 26.6918398795 23.7829007534 23.8914129485 23.2873593738 25.3647675524 26.5720899425 23.8275863877 24.6247919586 24.4272420542 26.900795765 26.6473122561 26.2736613107 24.9960242356 23.9066808375 24.8811882616 24.5751292316 24.4861997863 24.7733863939 26.6328696431 25.0061089951 24.2176574424 26.4682087204 25.9101308407 23.1440482997 25.5719454576 26.790801435 26.6903256045 23.1731422567 25.9049504739
62.7420221548 25.7317846121 23.9142148125 26.1430614589 26.2671611405 50.4651319278 50.4651319278 50.4651319278 24.8663412515 25.4870474411 26.7510781694 27.0714950798 23.9947701981 24.9197342287 23.137251985 44.3766667247 44.3766667247 44.3766667247 23.1694646361 26.5196778581 26.7891101602 25.6387723221 25.9047939362 23.7422625016 23.4199370803 26.5798832915 26.2938461403 24.045976601 23.5932576189 25.3334312018 23.2101689467 24.923011371 25.9008821678 25.7424173263 25.8605657409 24.3708237873 25.0891244373 26.3920699166 27.194382536 24.520335952 25.0864057766 26.1850565782 25.3553360067 23.8462226795 26.6838756462 25.7974580616 26.2497260147 26.2732751673 24.3358994065 26.7240664533 25.7460312734 23.623711432 23.4219978514
26.8501933012 24.2132852008 24.8401110377 26.5753591128 23.7842211612 26.4475888818 46.5216133966 26.6081230885 24.7494663238 25.7704126833 25.2933144733 25.6393700292 24.5931856221 23.2453012563 23.434501968 57.2042096754 40.1398834844 57.2042096754 24.0237578184 26.0385737673 25.6930184713 23.6033340225 25.0150410823 24.2593115933 26.2654759323 23.0741802655 24.1669805434 23.3449991234 24.3433438868 25.1964939045 25.2745742068 25.7677325421 27.0624894918 23.0460490281 23.3328593481 25.6575200308 23.1306900954 25.9977180145 24.5059104197 24.7361865325 23.415693329 23.8065758151 23.9477087548 24.2302813028 24.5751517694 25.958746832 24.1347976257 25.6450560615 25.774689976 26.0975227305 24.6621191683 26.0453349241 23.6564568871
69.7057008027 27.0445165582 24.6031963832 25.0367743627 24.0281681964 24.3152674367 26.2974441645 26.2226471876 27.2290666901 23.9541800165 23.4075856229 26.0942573089 24.7546056718 25.3354297485 25.352581551 23.0186675318 39.8894597385 39.8894597385 25.0449848391 23.3986800581 24.2785274554 23.1093210262 24.5304374498 27.1618089288 27.0416524556 24.7406953776 26.4082761764 26.9342112847 25.9186020374 27.191056491 26.4168690049 23.0014861477 24.4155512304 23.1312789944 24.298015225 24.5338723619 25.1220351622 24.2174852252 25.5640453296 23.2909952901 24.4220542979 23.1614055827 23.9670775206 23.8497017462 23.4215686856 25.8722278117 24.5012234973 26.723504305 25.9970376545 23.6717846701 24.8727414879 24.013142118 23.7126475457
71.7224189609 71.7224189609 26.8463238068 25.6441710873 52.167028355 23.1248078024 23.2689716593 26.5327438536 23.6700035715 23.929562398 24.756793078 23.6081775611 23.6490697445 24.9245098826 26.3527154023 39.8894597385 39.8894597385 24.8452342979 26.5348812675 24.02680339 26.1548580875 25.476669262 27.1617013073 24.5369177466 24.2562705689 25.5160901779 23.6553781855 24.3234922478 26.7644889818 23.1824944858 25.8766167048 26.4845932873 24.6333060509 25.0455064047 24.2810922051 26.7818483911 24.1726010134 25.5401982377 25.7914495333 26.3138921947 25.5334953087 25.1124744299 25.4748763199 25.2327190198 26.2852508729 25.5343601744 27.0039012616 26.8162132258 26.7604120571 25.6776030504 24.1843592527 24.0007234635 23.9384466119
71.7224189609 71.7224189609 54.7830982835 52.167028355 50.0859891896 50.0859891896 25.272467341 26.9954356704 26.1981052531 24.4567270775 24.5087686598 26.5580912764 25.1223843683 26.3395767367 26.5894041608 23.6965038926 24.365821549 58.3689462342 24.2972085491 25.7844912954 25.8392345407 25.8833524793 23.5144534655 25.349318166 24.6685938016 24.2769362405 25.4682531534 23.120977111 26.3814872236 23.1046628144 24.3642760433 23.5822862421 25.9353479611 23.975087378 24.3459463106 26.5943155942 25.6625465719 24.8598874916 24.7620781763 26.6293515221 24.4071659398 24.4807120685 25.9916765058 24.0848338975 23.2164606437 24.259258638 24.0153284171 26.2003302706 24.5803349322 23.9329401921 23.6748058075 24.3789972305 24.5032226347
23.7746767653 24.502293521 25.0362860845 26.8764217573 50.0859891896 50.0859891896 27.0966488759 25.3947064622 25.5575606534 26.4120772293 25.3416846183 25.156360126 23.0291697218 24.8009136094 27.1530626461 41.682435955 25.3937950815 41.682435955 23.4153141428 26.8048738484 26.0603816077 23.8220609131 24.7866671458 23.2257332056 24.6146712002 25.8253116994 26.761733468 25.3726393288 25.6675549578 24.8690566988 25.9956145981 25.6978788272 24.8950343297 25.6976239761 25.7159222466 23.637794795 23.343159468 25.2970101396 26.9043813828 24.8461392444 26.0960707692 25.9694741858 23.9279907811 23.7035834423 25.3306756574 24.1940790695 23.6070824633 26.3152376939 24.7632859364 23.5963825382 25.4272511211 46.2187860606 46.2187860606
26.2019840026 25.4504914526 26.7904249694 26.6226925057 23.0461978501 23.1288004246 25.4352338549 25.2940781285 23.4662172356 24.0881745004 25.5394266744 24.1157887399 23.4408557364 24.8321500555 24.9342463422 59.5212849955 59.5212849955 26.8784786887 23.0554018154 25.6499023115 25.7206950178 24.5619659975 24.5588078197 23.6017862658 24.9698185549 27.0590984006 24.3781472475 26.6277797531 24.9928612312 24.5322421695 24.0188902984 26.6104057244 26.8502279621 23.1098552203 23.9255072984 24.1947184676 25.2248877393 23.1493146613 25.5746893777 24.2019019558 23.3601163892 23.1088795093 25.3473992516 25.1766566815 25.121179276 26.9148894258 23.8851637391 25.7053874192 23.6997708672 27.1422713044 27.2242459696 24.1891947702 46.2187860606
25.4964245203 25.2026867559 23.6580634593 26.2017815079 23.8090183216 59.5827082097 59.5827082097 25.1393148311 25.6547810986 23.9552430761 25.3777389899 26.4201896783 26.3358816345 23.548251644 26.1349534129 59.5212849955 59.5212849955 59.5212849955 27.0038992122 25.512375658 26.9706789726 24.1776532117 24.4670516925 23.1902653936 23.1970333479 23.9589691312 26.6691187108 26.417640549 23.8014832265 24.81905323 24.4941164694 24.7058848678 26.4798379255 26.6296449062 26.6063868587 24.9912674109 24.2708503491 27.0242147579 23.8071466713 24.0833270382 25.0853189541 26.1038295064 23.3744997367 26.0704712517 25.2555137018 26.6808491751 23.9934189135 24.8909312636 25.6720126367 25.9336821079 25.7482327658 26.6186261924 23.4413538286
52.5884499943 26.0415370377 24.0698573141 24.4722978225 59.5827082097 59.5827082097 59.5827082097 38.7100579152 43.5143862797 24.4066777563 23.9886108235 25.0952857914 25.6643374194 24.5981823373 25.0013853967 26.4591736264 26.9747421395 25.2253412798 27.1741091546 27.1942121861 26.2554886287 25.0880660815 25.4975722102 23.1147410817 27.0174858437 26.2029990738 23.4644678457 25.2228718725 26.960616837 25.463900354 23.0222505843 23.4021545407 24.5615387493 25.9077081367 27.1484320524 25.9997536108 23.2958943945 24.1546731999 25.6146567268 26.8189296299 26.4329931982 23.7977977911 24.9935646169 25.3440469736 25.33900824 25.4756951177 23.2111969693 24.129642104 25.220029506 26.9542850437 25.4921999853 26.3734536944 25.4899889196
24.2229533916 52.9110526055 25.5733313386 25.5195713176 25.7956155241 25.3038391095 58.0304767681 58.0304767681 43.5143862797 25.9303834047 25.0430048812 24.0184573875 26.4149163426 24.4289077698 25.0455407378 26.8829362517 25.8164973568 24.1537137612 26.0108291642 24.951534746 26.1791036155 25.435997517 24.7743515454 25.030761043 23.7921736558 25.3213621906 26.0499068315 26.1657788703 24.206978081 26.5546320426 25.726263541 26.6949343936 25.5650522249 26.1473653363 27.0421275147 27.0633241958 26.7502394298 23.5879818616 23.881717073 23.7057512544 25.5777945237 23.9505503119 24.1911059079 23.9810058833 26.8304189108 23.8361623818 26.8903153249 25.8189819244 26.1906847549 25.2132322649 25.6817336641 26.0698748507 24.464013819
52.9110526055 52.9110526055 52.9110526055 61.142409805 48.6413913529 58.0304767681 58.0304767681 43.4655511552 43.4655511552 24.01640795 25.6073961724 24.6192046853 26.0932919863 23.0175471211 24.1015996296 24.6476714025 24.359008511 23.1047749657 23.9448772134 26.8115571945 26.9172262437 25.3263939925 25.7068840217 23.0055162791 26.6822464651 25.8916977971 26.5294740387 25.9527631581 25.3450703737 25.5099087147 25.5794183302 25.961072721 24.8652005555 24.7013691996 24.463408109 24.652308563 26.1412135801 23.2537484264 25.4840721645 25.2290320274 24.3648487437 26.0670955999 23.0078776178 24.0567623525 25.1079767617 24.0822075592 23.1014630792 25.1929439459 26.490671165 26.1557818515 26.0988692269 26.1906890441 72.5713890194
52.9110526055 25.3026516712 24.4146917664 48.6413913529 48.6413913529 64.1791344444 61.1275183868 43.4655511552 43.4655511552 23.4021700822 23.9359563719 23.1362625288 59.5064463595 42.9685058709 53.1600510017 25.3641072025 23.2888195682 24.2927562214 25.8639309804 25.4758374404 49.2409654262 23.5145166531 25.5087539243 24.2787678926 27.1713733733 26.70603084 26.2887460419 26.5765197536 23.8833364978 25.7821671863 25.5658753008 24.925746098 26.2236106381 24.5839816074 24.5666550911 25.6784383533 25.0234232322 26.8956584465 27.0184358962 26.8562512699 27.0948501862 26.6050954093 23.2355094486 27.2048087102 23.3555805446 23.8999287584 23.3170722694 23.0294594007 25.0191440835 23.8673405056 23.0357323691 24.1592184168 24.4122082848
24.5395453391 23.8519847926 23.1863690521 24.6551855028 25.4239354295 25.0787961764 25.4296178493 23.9280241005 38.9371699453 38.9371699453 27.0585459669 59.5064463595 59.5064463595 59.5064463595 53.1600510017 23.0714312158 25.0340327807 23.0753769996 23.9524169674 24.5931498748 23.7660820938 23.2785465221 23.568095421 23.8744292154 23.366297965 27.0838267046 23.4970550877 23.5890887442 67.8917184589 67.8917184589 67.8917184589 26.4521140648 23.6847023196 27.1491897994 24.457438608 25.09014084 24.4027208109 25.4012116666 24.4193155828 26.5137983738 23.6844013019 23.7670853011 26.9860123216 24.0955222948 26.2244965307 25.1173734242 23.5304656024 24.7903731458 25.255578477 23.6721914145 25.269796453 24.7102384145 73.0486722483
26.0470597635 25.3935131288 24.7226385097 23.4659400046 25.4909379026 24.7133416162 51.7847782796 47.7152685 38.9371699453 26.9172422265 23.6992060352 57.2017065854 59.5064463595 53.1600510017 53.1600510017 41.3917055824 40.228535205 40.228535205 25.364500345 25.0308709595 45.2365676923 24.08205969 45.2365676923 25.3530947738 26.7517502574 26.0756712959 24.092959525 23.9195872224 23.6404149207 67.8917184589 67.8917184589 26.2185652785 27.1275880292 25.5841675265 24.7966530061 23.562227874 23.6644409153 23.1679695211 25.5650712856 25.1576353794 23.5044215583 26.6431045744 26.294418168 27.0196724156 24.3263621575 25.8485751234 25.4571426223 24.1961604313 26.3778340743 23.9795360854 23.6063176311 23.183617259 73.0486722483
24.977873089 24.7099308069 26.8726380515 25.4508080205 26.6110998265 23.3044442883 51.7847782796 25.3020067512 26.0255919911 25.9923842384 23.6961360188 24.1741483929 25.1581645949 24.1663559033 26.5869420041 40.228535205 40.228535205 40.2806983735 23.00665052 24.0038141753 24.1256848077 45.2365676923 45.2365676923 25.3989388958 25.4216240569 27.1569144556 24.2081033935 25.5888870928 26.6962998658 23.254198492 27.0148214579 25.0140844781 25.0261683082 23.7898412956 26.618206306 26.4669946377 25.0490002376 26.4504607315 25.0731428059 23.4705729974 26.3309322385 26.8884791296 26.5336082155 23.1387347619 26.4439722196 26.2799244471 25.907781205 25.0170664278 26.2057920461 26.2401394702 24.1611966443 23.862024573 27.029140787
26.4275621369 23.068496282 25.4365107889 23.9673016334 25.8937950455 51.7847782796 23.5681408191 23.2080454949 54.6604306532 24.2932348722 25.6639661977 24.9982199489 25.9096732982 24.4492341484 23.0051561054 24.4941380522 40.2806983735 23.9660247957 45.2974817877 23.7414192899 44.7448995925 44.7448995925 27.2328760676 24.7044595028 26.0248525343 23.6879790518 23.2638531578 24.2837116507 23.1817753835 25.4118524839 53.2340059808 26.0938706943 26.8820869147 24.6550310945 23.5710801275 25.0616472814 23.265175644 25.4853336299 24.922920873 25.5168775257 25.2522132238 23.3496514724 25.3403888839 26.3285920592 24.6747034709 23.5634039924 24.500296456 27.0401141075 27.1298328535 23.0212947881 23.5177636468 25.7255111023 56.255297353
26.2172221566 24.0628147317 25.7890291256 24.3252496353 24.8263288381 40.8088921067 63.834448375 63.834448375 70.2721777023 23.2105796368 23.0287914654 23.3725928695 26.6098945096 25.6662061007 26.8432447807 25.4754215424 23.5480153873 45.2974817877 61.2539793822 27.2224089941 26.6163186075 24.2401010684 24.7328412099 25.2629478877 27.1734294227 24.3862738879 24.3433066044 23.8206306402 55.8811142713 26.4914358481 27.0945455216 26.4822947018 26.2884182199 23.9599434872 24.3464040276 23.8254917241 24.7360132091 23.7052373554 26.8824426814 24.4647581064 23.8721142363 23.5478274417 23.5770784568 26.3443915357 23.7327833494 26.8611602114 26.5666601133 23.8013562379 23.6235104473 25.9079640382 24.6274699765 27.1424375788 40.8964011887
25.7962964928 25.1243897632 25.0345777371 26.3136385067 23.3282301827 26.6863223525 63.834448375 63.834448375 63.834448375 24.9975062541 24.4161380534 23.0136999354 26.588500052 26.8665843986 25.2098296192 26.2489913938 25.9530322326 45.2974817877 24.1958790436 25.5628037681 25.8616317584 27.1026496374 26.8084935525 25.892101124 23.688769474 23.497503412 24.8322479016 25.9984619371 50.1572561062 47.323179555 50.1572561062 23.713120241 26.9141190229 25.0731282736 25.9296050701 24.4879509029 24.1363233739 25.2519530305 23.1465149196 25.9342800049 25.9334174806 23.3164363138 26.7116223609 24.5898712528 26.1913953949 26.6259827923 27.0264008416 27.076060674 23.6114668509 26.2553062202 26.9184168355 24.3258387779 26.2776526926
26.3563180321 25.2763142381 25.2679148997 26.2655603073 24.6031012968 25.6352847175 23.5065356371 60.1940891814 60.1940891814 25.920568133 23.1395678804 24.7022418493 23.0930499024 25.4186416207 25.3972332272 24.2201033774 24.9766995787 24.7578432393 24.3700629664 25.3458341137 24.5718437718 23.2203617235 23.771906899 27.1571163581 24.8016234651 24.619239662 26.9227228067 23.3409288614 47.323179555 47.323179555 47.323179555 45.4764018418 23.9376200497 26.4083587439 24.8480256871 24.7007583696 25.0134645624 24.4220044486 24.0470387222 24.1906514564 26.1986355365 23.7091726414 27.0954926228 25.7662349437 23.4644912535 25.840522475 25.1367202135 24.5356937506 23.5842267234 24.8328070958 26.3618808904 25.8194592435 26.9281138721
26.2937298159 27.1215149001 24.278889635 24.3186792568 23.8185100267 24.3223760356 60.1940891814 60.1940891814 60.1940891814 66.2169625651 25.5659228373 24.7906981003 25.0154525188 24.3858389769 24.9709206008 25.2650064903 25.2024367244 26.6444759627 23.5876105755 25.7671555199 23.343026531 26.1206736858 23.7815865546 24.4892495488 24.3904915305 25.026168946 23.9575843003 26.8367823045 67.0295621267 25.7457345555 23.1028786217 63.9547202848 23.6533929964 23.2766788425 24.3932856005 23.629694246 25.5414561095 25.1318683337 26.8347384158 25.3987288229 25.5044225017 26.5179990888 26.4168208071 24.1323701038 26.9050653623 25.5960229332 25.0827649653 26.9298543432 24.5422671944 24.8525655365 23.6354299327 26.7936078371 25.4352821647
