Spatial_Output/BAU/BAU_1018.asc
NCOLS 155
NROWS 192
XLLCORNER 196769.923733
YLLCORNER 449719.875193
CELLSIZE 27.603701
NODATA_VALUE NaN
[rows 138 to 160 of 192, columns 53 to 105 of 155]
25.6145241672 23.6687934362 24.304323988 23.9988216593 50.6184683623 50.6184683623 55.6528795282 24.4665123704 25.3933579754 24.1091615988 24.5504796664 24.5344801312 23.7305630854 24.7191272909 23.8312583546 25.409067458 23.5549207103 24.9721324473 23.9890321639 25.2259889978 25.2532005778 25.6205700833 25.2883455954 24.8694885923 24.9758210252 25.3463199424 24.9084876056 24.126576336 68.928110829 68.928110829 68.928110829 54.4935951339 23.9016732357 25.0097839144 24.7314472164 25.0876110638 25.3239581228 23.5596234316 24.2994633285 24.0591544707 24.3848530998 25.1193365153 23.6290508767 24.8391396659 25.3518423109 24.3218169088 24.1520419886 24.6332133991 24.1292097376 24.5755184273 24.1783622889 24.1749102206 24.1736604139
24.2969552513 24.181979457 25.517409971 24.1329535386 50.6184683623 50.6184683623 68.6098721959 68.6098721959 25.5671661932 24.8210166244 24.7922066062 24.3435049556 24.54363792 25.166888239 24.4749531795 25.5375224161 23.7366655945 24.477179104 24.9374313208 24.9837037422 24.4497269584 24.3875651071 25.551047023 24.8985248302 23.9005150233 24.6343079155 25.1525996317 25.1968715473 24.2574043609 24.8045674856 54.4935951339 54.4935951339 25.5925492946 52.2456546911 52.2456546911 55.0863641953 23.6264256035 24.6984467152 24.3748584094 23.9944754981 23.9313307185 24.0672750531 25.0908560777 25.1308536492 23.8618793908 24.4505082092 25.2899518132 25.4497555984 25.3089575355 25.4315825947 24.7492015083 24.5757766433 23.5358212323
24.8282213265 24.0580415387 24.92878792 24.3581886591 46.5357166592 23.8879573204 25.3728183138 68.6098721959 24.5286731299 25.0394045294 24.8447399492 24.4827469047 23.5647427866 23.8845072208 25.3381806811 24.3174978131 24.328810182 25.0278341419 25.5557258289 24.3811962701 23.8072649042 23.7277668616 24.2627096461 24.9918124179 24.7918131176 24.840712983 24.2499556497 23.9049359138 24.7461993544 24.8465809131 51.5391348025 24.0084801952 44.5708146464 52.2456546911 52.2456546911 24.3244832755 24.0552403268 41.3563417255 24.3480230171 25.2935917595 25.2701060302 23.7274898672 24.1396164427 25.0786380424 24.5482047674 24.009603994 23.8330067953 25.1598842969 25.5434263014 24.751883512 25.0186224714 24.5630709176 25.6129832344
23.6982919296 24.7771372495 23.6004967426 24.2985279468 36.2353033895 24.5423294185 24.4357191199 24.0667262786 23.6015654478 25.466423176 24.3579697707 25.4909611299 24.2643727399 23.5265416195 24.3353928904 25.3503222398 24.9602788846 25.5955260032 25.454399436 23.7798427822 24.671421035 25.2245820198 24.3190864665 25.262927701 25.0994349008 24.9646290539 25.3035769976 24.4375031861 23.6496968326 25.3339569563 24.992603623 24.7972026136 23.5312567254 52.2456546911 25.3450532945 41.3563417255 41.3563417255 41.3563417255 24.1428658046 24.7278574121 24.7815241329 24.8408719969 23.6295222384 25.0661444756 23.6131166639 23.5359811863 24.516121557 24.2331572401 23.6485589139 24.3732221699 24.7164166846 24.4469150943 25.4124413103
25.0067261336 24.5109980005 24.7658079324 23.6448272913 25.2421532094 25.1049306039 25.4619391582 65.4999545851 65.4999545851 24.4361459387 24.4414384135 24.4277120569 24.7992937744 23.626745409 25.2049888846 25.3761926608 23.5390199352 24.396953811 25.1595186487 24.2957973784 23.8783090002 24.1278894659 25.0443839212 23.5878908843 24.1047273666 24.1274289342 24.374255283 24.451393535 24.4977523659 24.7160519705 24.4340052188 24.1924746065 23.9678005842 24.7545652822 23.6986379405 41.3563417255 41.3563417255 23.8407906113 62.4031919514 23.9616792701 25.2558218154 24.3114292727 25.2868146529 25.3434143917 25.081099852 24.5563040138 25.4843956181 25.4279788231 25.1109846881 24.5865329891 25.4772407015 25.3924819468 24.8032570509
24.851537864 24.9204360515 24.7820065861 24.8653498128 25.2379752771 24.8158657954 24.4891621544 23.5714651531 65.4999545851 23.6686536051 24.676038577 24.3524919466 25.1999199746 24.3716482203 24.4080987752 24.5085788216 25.4697369085 24.4309318348 24.701297284 24.2586496876 25.10858676 24.009028349 24.172276359 24.6137984372 25.2787897539 25.0056911606 23.6403038043 24.6627576337 25.4824473971 24.7557777074 24.733541492 24.3149012077 24.1020043358 25.0988687298 23.6265105102 24.9641056202 62.4031919514 24.7512667708 25.5606517266 24.070184879 24.3094267678 25.0285209311 25.2250416947 24.0328150301 23.5235421911 23.9515153793 23.8883641078 24.4042247578 24.828579776 24.1074908584 25.3033399774 25.5909555935 24.788950038
24.7230411054 24.6550277456 23.9956165648 24.2932853887 25.198307756 23.5421806031 24.3822283185 24.976147962 23.6452830973 25.583638019 25.4338011419 23.8464784226 24.6478954949 25.5735604515 25.390022103 24.6959466224 24.2087445922 24.7911630485 25.0339944061 24.840984232 24.8490504595 25.1339172372 24.0803272136 24.4588425451 25.0941823107 23.562495943 24.0803618952 24.1858205539 23.6831336363 23.6394002521 24.7257811339 24.6106413717 25.2117337698 25.4722720627 24.8684094183 24.3750848631 25.2023001627 43.8735335095 43.8735335095 43.8735335095 24.313985468 23.8769109661 24.702839117 24.4957933654 24.0338971034 24.1181530243 23.895301288 23.8262213926 24.0972175269 24.8912867192 24.7889130657 23.7150031382 24.0635248064
25.4163281171 24.5212239359 24.1079768008 25.4220402999 24.8768584062 24.1120086326 25.1433143164 25.4845459771 25.3136675539 25.3242660999 25.2292485606 24.333446505 24.9142943963 23.5423765429 25.2134995017 24.4719451528 25.5068864634 23.7710975269 25.0683198297 25.0036295084 23.7241259876 25.1565952602 23.6421131427 24.0597313805 24.8026819312 23.6864642705 24.7915652071 24.7242388248 23.8242641839 24.3732585057 23.575054617 23.6679359213 25.3985187642 24.9165052291 25.1573563461 23.8670710789 25.2189974685 41.5824391249 43.8735335095 41.5824391249 40.8649306893 23.6938604632 25.3953559272 24.836886062 24.7552394498 25.4409811126 24.5704992313 23.9834163957 25.0898953322 25.3778564089 25.1488356659 23.8328001961 24.4549417251
23.8206937971 23.6012523273 23.8128068209 25.2181030312 25.5406469527 25.4664673088 23.5847864937 24.1729506344 24.6541113883 24.0806193545 25.4596216152 24.4890058034 25.1268143097 23.8344389258 25.5623678303 23.8571454696 23.5408374273 25.2549245514 24.1847990307 23.5396207278 23.5347627102 23.8617207308 24.0423702674 24.4926145658 25.4305392207 25.1822413607 24.9715787886 23.677135139 24.0532033188 25.5476900554 24.1620930973 25.4982733505 23.5872229514 24.1094382947 23.9782195856 25.1740724902 24.3924603846 23.8260802042 41.5824391249 48.2610315297 24.7312693284 24.5482601971 25.5361287827 23.7026063503 25.0168159342 24.9171215903 24.8770232415 24.4956009452 24.4469361722 24.9964012025 23.7249810396 25.2237195876 23.8700806351
25.2992049059 24.9351858967 25.2964602498 24.4093460872 24.3999443879 23.6766835292 25.0026340639 24.9150300494 24.5093847393 23.9091995051 24.2748570763 25.2647795393 24.8516631338 23.9239814395 24.8547955603 25.0017127238 24.1975807337 23.9306420949 24.6999919999 25.3752265082 25.2091496084 24.0450304229 25.5368719779 24.1646304481 25.260408759 24.6426251655 25.3484093307 24.6165498563 23.9342908421 25.2983237932 23.7114767947 25.0542560869 24.6516315462 25.2259852825 24.6842544402 24.9274524514 25.1887005999 23.9180223764 54.4851299172 54.4851299172 54.4851299172 23.9562216321 24.6467937872 24.4956203037 25.3941163211 23.6074259926 23.5429314379 24.513026949 25.4255732076 25.2873795808 23.9960486448 24.1581086194 24.488560395
25.0529150175 25.5591589155 24.2935498365 25.153550403 23.7566615156 24.2178851828 25.1376422491 24.4523184196 23.8955317515 50.6672253441 49.2261397511 50.6672253441 24.201436795 25.2796019488 25.1735020966 24.9580309423 23.6644383923 25.3204193956 24.9603400208 23.8162276434 24.7248799416 25.3725559928 24.2335708868 24.6983041912 25.0262758375 23.7088450147 24.7728680316 23.9344960943 25.0073725206 24.8072670654 23.508328033 23.693359339 24.3070582985 24.2121715203 23.5131583874 25.4502465603 24.4469757892 23.8573547031 24.3360626184 54.4851299172 44.7856094837 24.4334599559 24.5357580787 24.685024741 24.3383620755 23.8031125666 23.9987890258 24.259289651 23.6621836358 23.6656516351 24.0588607414 24.5899943163 23.7555802009
24.6871446981 24.9951535461 24.1327977842 25.0529295987 24.7279704195 25.1323336794 24.816827017 24.0280939012 24.2272441642 49.2261397511 49.2261397511 49.2261397511 24.5711298259 24.0331340032 24.7048137623 25.5750772526 24.6680099477 23.6059341132 25.4026347284 24.0294732143 25.1699021136 24.9751508867 24.1126794401 25.2629233148 24.0223876107 24.8930277501 23.5131047771 24.104702001 23.5347090948 24.2957274078 24.0613747721 23.600678897 23.5002334293 24.2823466272 25.1117634969 24.1313337832 23.8514127383 25.0469300823 48.1840190411 63.8850127036 48.1840190411 23.8668326847 24.5217770619 24.4075941116 24.9516434805 23.7278230909 24.1297162592 23.6821266106 25.3300570938 25.4501537794 24.8329830444 24.2479838638 24.8765109504
23.8433815624 25.092219078 24.8092991713 24.3080302275 23.7216780897 24.2433979234 23.9059626485 25.442829317 23.9924884827 49.2261397511 49.2261397511 24.9969237775 24.3146665116 23.5229876809 24.4441199067 24.2133459023 24.6600631465 24.2879566055 24.6732814713 25.1395275887 25.6164898786 25.1494539839 25.3032163061 25.3846544832 25.06234343 25.000899264 25.2163086675 24.1959719861 24.6076992994 24.3407373217 25.1640796179 23.7611884127 24.4178411313 24.7040643379 25.411804408 23.9235621997 24.7196346101 24.1544969861 48.1840190411 63.8850127036 63.8850127036 24.2171736843 24.0323175969 25.4610919369 24.5534087749 23.6709942736 24.8862740533 23.5468643308 24.142526824 25.4583631423 24.261418308 24.5343570808 25.6176590533
24.0018246538 24.2736747631 24.9916085733 25.1635016131 25.4745707145 25.0531243299 24.1143981038 23.612432069 23.8923995322 61.8392543241 61.8392543241 61.8392543241 25.4817504306 23.5692285453 24.8412813545 24.6707560266 23.8772935677 24.9296448651 24.782624924 23.7292698976 23.8174127933 25.5954244618 24.3795008642 25.3739418245 24.9143036379 23.5051219949 24.4126293391 25.3091089179 24.1782540045 24.099462663 24.8691531474 24.870165565 24.3638595846 24.1473551103 23.9414053859 24.2965128839 24.6011510893 25.4623430016 63.8850127036 42.2576982518 42.2576982518 25.355095902 25.5081807984 23.9471648159 25.368939687 24.2981395895 24.2833702784 24.0410387084 24.52012013 24.4815812697 24.3088264481 24.557664108 24.5181022385
24.6566459373 23.7267715881 25.4443162976 25.004875313 23.5075595802 23.9394601006 24.2645409907 25.1504017677 23.8878616346 63.5628708041 24.3431657772 25.5709977276 23.7500924908 25.2146109023 23.6799401082 23.7298377667 24.9917875891 23.7992758115 25.4099838131 24.7408282904 25.5510925614 24.8239512458 23.5334127219 25.4393050001 24.9127760735 25.5435764458 23.9984258367 25.2321038764 24.6250117487 24.229382355 24.949849712 25.0733862309 25.1277995729 24.2489085758 25.6201797541 24.7341782537 23.513106054 25.507272537 24.6497118849 42.2576982518 42.2576982518 42.2576982518 24.8873301521 24.7774181775 25.1992292352 23.6803448109 23.6070290843 25.0704899461 24.0750565219 23.6311308018 25.5040372613 23.8219372446 24.9917338549
24.76865315 25.2570075102 24.142448045 25.5653550656 25.2563353011 25.343090537 24.0406834354 23.8413838859 25.5987861362 53.4505529332 53.4505529332 24.8477371199 25.5215578284 24.6754501979 24.6003970988 24.2734993347 24.22147544 23.8832473307 25.5522519689 23.9675275163 24.7702885341 25.3192052248 24.4731503949 24.9670055205 24.3018432984 23.8995463979 24.2260126264 25.0704262036 24.9667413824 24.6530121003 24.1251496625 24.5390996329 23.9218265332 24.0387144383 23.6743719033 23.5836621816 25.4314732924 23.5991762247 23.7891618545 60.4455036522 72.948591353 72.948591353 25.4136792018 24.38838174 24.9646632805 25.2030368627 24.1880958794 23.7611820005 25.1444145775 24.9801800324 25.5809898938 24.0661965315 24.3579255789
23.6179839994 23.934477282 25.1242435884 24.7762807695 25.4445094901 24.5495692505 25.4586857365 24.8510772946 25.2042687219 24.0433755576 23.6047327971 53.4505529332 24.9228957881 24.105746976 24.047056161 23.6897464313 24.6182555693 24.0938534991 25.0669793299 24.5787561236 24.5563996345 24.9232699501 24.0515747156 24.0516911222 24.8447369834 23.5911531773 23.9373149905 25.4308661635 24.5985917393 25.1215186941 24.2745842636 25.4053261477 24.9743020497 24.9521017756 24.2141790603 25.2289017459 25.1271764519 25.2063700302 24.8845844001 72.948591353 72.948591353 72.948591353 24.7713808653 24.4110294793 24.9302292186 24.8845846395 24.7269037022 23.6690032402 24.8093799401 24.5696293543 25.3503164405 23.8432448822 23.6150148977
23.5933757703 24.5336382272 24.563043804 25.3451583842 23.7340628492 23.5641166741 24.0219829692 25.1352298497 24.1426215136 52.9821230279 52.9821230279 24.7028016247 24.7301876792 24.6747574696 24.8597668222 24.0014272947 25.1208802057 24.5987397608 24.8751839805 24.8097061914 23.9266867344 24.8822396753 25.3531829175 23.8863492816 24.5606678433 24.5681514006 25.3442324325 23.8695822832 24.6615618975 24.6862513904 24.6338537745 25.4264184394 24.1724529964 24.7360103157 24.4867630215 24.6662809066 24.9476209654 25.4477592579 23.8106852246 24.6038576716 57.0833214844 43.2155611144 57.0833214844 24.6562263693 25.3531053875 24.7445059178 24.4366750126 24.1521272086 25.0225204759 24.5617862339 25.522496815 25.3618749818 24.8108285154
24.484933582 24.4518813974 23.5730523283 25.1908981581 24.4004574299 24.5525496518 25.3524570011 23.5664536577 23.8868663819 52.9821230279 52.9821230279 25.2087350806 25.4551616604 24.4827987026 24.9158087603 24.433141361 23.5535897176 25.4794417054 23.5197694835 23.8490378257 25.0978846262 24.3004573827 25.3991766454 24.0993337973 24.6305026152 24.7616306569 23.7632752125 24.5961963811 24.6610644282 25.4894335964 23.752485306 24.0513074262 25.3669795869 24.0327332982 25.5126063782 25.0724756208 25.5641064894 23.6582818527 24.307212874 25.4156587634 43.2155611144 48.6973744712 48.6973744712 25.4107747045 24.6850432593 24.2084850454 24.9168147179 25.514784709 24.5809719075 25.5137552337 25.1039972837 24.80593577 24.3110040198
24.6417625212 24.2327927261 24.9869898158 25.2777788516 24.4054418966 25.2703721494 24.1957643907 25.3407664777 25.2392436024 24.1810913333 23.9493807062 24.2570090298 24.9296611458 24.2475025903 24.8532244698 24.085056013 24.7731298636 25.3502662927 23.6460024459 24.4210537135 24.8111490063 24.1183316893 25.2386475756 24.5365198814 23.6424866429 24.8949653781 25.1342254457 25.4321388833 23.5433800128 25.0115847283 25.4268601 25.2783496944 25.1723442661 23.5652651903 23.6931194641 24.122075938 25.2040461455 23.6555072498 24.840356594 24.2983944249 48.6973744712 48.6973744712 48.6973744712 24.1848242502 24.7638092529 24.1672352306 24.5242974263 24.0484050706 24.2973934366 23.5660100362 23.8386125658 23.7547238402 25.3717599509
23.7040987644 23.5573770147 24.1245336152 24.9315258411 25.5457580287 23.7821308964 23.8569965275 24.9618582241 25.0105242264 52.4898275353 24.8686644706 23.8384816551 24.3772868577 24.8030180387 23.7443335579 23.8371388 24.6816735501 24.611169542 24.9369107873 25.0592993579 23.6760963138 25.1033429403 23.7570261945 25.1969320601 24.0166533108 23.9207896947 24.7997467098 23.8001069694 24.6417910405 25.3581795273 23.7111741757 25.4350792899 24.6127859081 25.0385584902 25.0902521326 25.336306352 23.8525757242 25.6120674339 24.5579281378 25.2461946827 24.9217437469 24.7527554246 23.7225797436 23.9676221091 23.5370974417 24.61313761 25.0635532003 23.6919965966 25.3940189847 24.5282332548 24.3349022813 24.1228645545 25.6184233964
25.5305032474 24.146365795 23.7867166559 25.5189338187 24.9000143488 23.5059609212 25.3574299976 24.5090954212 25.0482989109 25.2269503711 51.637669892 51.637669892 23.6980964563 23.5394143826 24.3322339114 24.1222694269 25.140927509 25.2645314182 24.3393892656 23.5602402167 25.2057515445 24.5612302817 24.6219489001 24.1088257343 24.9848721314 24.1131310034 24.8741912921 24.2787576135 24.055851248 25.4630910594 23.5420285484 24.6232156062 24.0091228868 24.3843418539 24.242423115 25.5617609919 25.4386094624 24.2481807051 23.6562009489 23.5981237143 24.6827374344 38.0330968741 24.8712953651 24.1292132676 24.5704167692 24.8556877614 24.156908872 25.4612733259 25.5952689784 25.0944069338 23.8091381961 23.8111755478 23.8507616969
24.9763417607 23.8250585989 24.3756639297 25.3149674667 24.5724241778 23.517422872 23.7988089866 25.0632581677 25.0545306017 51.637669892 51.637669892 24.0001546162 24.3998462645 25.1286766812 23.8822792976 23.6696273247 25.4448477101 24.9566406835 24.1586445454 24.4064246175 24.8361442507 25.4806569213 23.5999295316 25.5837283472 24.074435256 23.6252503793 24.917464793 24.5788745139 24.3575878859 24.4116521588 23.9269114958 23.8586340349 23.62260818 24.2176008339 25.3322189333 24.9419101417 24.6206646563 25.5932914056 23.7111254664 24.3209823896 24.3868596037 25.2247241705 43.6640855672 48.5551055321 48.5551055321 25.0226939394 24.3329655217 25.3538788654 23.5561499841 24.2475235813 24.4167192234 24.2548483015 24.6296302302
