Spatial_Output/BAU/BAU_0940.asc
NCOLS 155
NROWS 192
XLLCORNER 196307.867259
YLLCORNER 449144.565805
CELLSIZE 33.573938
NODATA_VALUE NaN
[rows 108 to 143 of 192, columns 0 to 80 of 155]
0 0 0 0 0 0 0 0 0 0 0 0 0 0 0 0 0 0 0 0 0 0 0 30.6949916754 30.6949916754 30.6949916754 60.5446748737 60.5446748737 19 19 19 19 19 19 19 19 19 19 19 19 19 19 19 19 19 19 19 19 41.5318945564 66.4515569343 66.4515569343 41.5318945564 19 19 19 19 19 19 19 19 19 19 19 19 19 19 19 19 19 19 19 19 19 19 19 19 48.5577927429 48.5577927429 48.5577927429 19 19
0 0 0 0 0 0 0 0 0 0 0 0 0 0 0 0 0 0 0 0 0 0 0 50.37929478 50.37929478 0 0 0 19 19 19 19 19 19 19 19 19 19 19 19 19 19 19 19 19 19 19 19 44.297247794 43.6414516663 44.297247794 19 19 19 19 34.5408294319 34.5408294319 19 19 19 19 19 19 19 19 19 19 19 19 19 19 19 19 19 19 19 66.4446271725 48.5577927429 19 19 19
0 0 0 0 0 0 0 0 0 0 0 0 0 0 0 0 0 0 0 0 0 0 50.37929478 50.37929478 50.37929478 0 0 0 0 19 19 19 19 19 19 19 19 19 19 19 19 19 19 19 19 19 19 19 43.6414516663 43.6414516663 43.6414516663 19 19 19 19 19 37.3662547753 19 43.1471020076 43.1471020076 19 36.4234697 57.0147789794 19 19 19 50.9526734839 50.852394668 19 45.697620203 50.5645833612 51.0341411692 73.035930108 19 19 53.2272724893 53.2272724893 40.1362208326 69.0241318715 69.0241318715 65.7522437207
0 0 0 0 0 0 0 0 0 0 0 0 0 0 0 0 0 0 0 0 0 50.37929478 50.37929478 50.37929478 0 0 0 0 0 19 19 19 19 19 19 19 19 19 19 19 19 19 19 19 19 19 19 19 52.151751405 43.6414516663 62.7728955026 19 19 19 19 19 48.0379144538 43.1471020076 43.1471020076 37.3662547753 19 57.0147789794 57.0147789794 37.0650990714 40.6114621228 40.6114621228 50.9526734839 50.852394668 50.852394668 50.5645833612 50.5645833612 50.5645833612 51.2176572626 73.035930108 53.2272724893 53.2272724893 60.7735554415 60.7735554415 69.0241318715 69.0241318715 65.7522437207
0 0 0 0 0 0 0 0 0 0 0 0 0 0 0 0 0 0 0 0 0 50.37929478 50.37929478 0 0 0 0 0 0 0 19 19 19 19 19 19 19 19 19 19 19 19 19 19 19 19 19 19 37.6579532165 62.7728955026 62.7728955026 19 19 46.5506015 19 40.9480724072 48.0379144538 43.1471020076 43.1471020076 37.3662547753 47.4786144336 57.0147789794 57.0147789794 19 40.6114621228 40.6114621228 50.9526734839 50.852394668 50.852394668 50.5645833612 50.5645833612 51.2176572626 19 38.9104833782 19 53.2272724893 60.7735554415 60.7735554415 60.7735554415 69.0241318715 19
0 0 0 0 0 0 0 0 0 0 0 0 0 0 0 0 0 0 0 0 0 0 0 0 0 0 0 0 0 0 0 19 19 19 19 19 19 19 19 19 19 19 19 19 19 19 19 19 19 42.5763337504 42.5763337504 19 19 46.5506015 46.5506015 46.5506015 48.0379144538 19 43.1471020076 19 19 19 57.0147789794 37.9002192441 37.9002192441 38.9774104032 19 19 19 19 19 19 19 19 19 19 19 60.7735554415 54.6409643037 19 19
0 0 0 0 0 0 0 0 0 0 0 0 0 0 0 0 0 0 0 0 0 0 0 0 0 0 0 0 0 0 0 19 19 19 19 19 19 19 19 19 19 19 19 19 19 19 19 19 35.1177828479 35.1177828479 52.1250962049 49.5184812953 49.5184812953 43.883860285 36.9772897441 19 19 19 19 19 19 19 43.6592842605 37.9002192441 37.9002192441 19 19 19 19 19 19 19 19 19 19 41.0963928877 51.1102718943 51.1102718943 19 19 19
0 0 0 0 0 0 0 0 0 0 0 0 0 0 0 0 0 0 0 0 0 0 0 0 0 0 0 0 0 0 0 0 19 19 19 19 19 19 19 19 19 19 19 19 19 19 19 19 52.401644691 52.401644691 52.1250962049 49.5184812953 49.5184812953 36.9772897441 44.392819364 44.392819364 19 19 19 19 19 19 41.7673924093 41.7673924093 41.7673924093 19 19 19 19 19 19 19 19 19 19 38.6417262084 51.1102718943 51.1102718943 51.1102718943 45.010403604 19
0 0 0 0 0 0 0 0 0 0 0 0 0 0 0 0 0 0 0 0 0 0 0 0 0 0 0 0 0 0 0 0 19 19 19 19 19 19 19 19 19 19 19 19 19 19 19 19 52.401644691 52.401644691 34.2821779922 49.1332714581 43.883860285 40.0673379666 44.392819364 44.392819364 19 19 19 19 19 19 43.060097229 41.7673924093 41.7673924093 19 19 19 19 19 19 19 19 19 19 19 19 39.5825528158 61.7252749762 45.010403604 45.010403604
0 0 0 0 0 0 0 0 0 0 0 0 0 0 0 0 0 0 0 0 0 0 0 0 0 0 0 0 0 0 0 0 0 19 19 19 19 19 19 19 19 19 19 19 19 64.7538528709 53.3788304061 53.3788304061 52.401644691 34.2821779922 50.8508997161 19 19 19 44.392819364 55.1922687829 41.548548154 46.1879633162 66.1381678029 19 75.0011657456 53.7810956178 19 43.060097229 43.060097229 19 19 19 19 19 19 19 19 19 19 19 19 46.7091305375 46.7091305375 19 45.010403604
0 0 0 0 0 0 0 0 0 0 0 0 0 0 0 0 0 0 0 0 0 0 0 0 0 0 0 0 0 0 0 0 0 19 19 19 19 19 19 19 19 19 19 19 19 64.7538528709 64.7538528709 53.3788304061 45.0028641864 45.0028641864 49.9430504268 46.2721176588 46.2721176588 19 57.4224665828 57.4224665828 41.548548154 41.548548154 46.1879633162 75.0011657456 75.0011657456 54.1188689822 53.5838277229 53.5838277229 19 19 19 19 19 19 19 19 19 19 19 19 46.7091305375 46.7091305375 46.7091305375 19 19
0 0 0 0 0 0 0 0 0 0 0 0 0 0 0 0 0 0 0 0 0 0 0 0 0 0 0 0 0 0 0 0 0 0 19 19 19 19 19 19 19 19 19 35.4093603018 55.7132757228 64.7538528709 64.7538528709 19 45.0028641864 45.0028641864 45.0028641864 46.2721176588 46.2721176588 19 57.4224665828 57.4224665828 41.548548154 46.1879633162 71.1974342462 19 75.0011657456 54.1188689822 53.5838277229 53.5838277229 53.5838277229 19 19 19 19 19 19 19 19 19 19 19 19 19 19 46.7091305375 19
0 0 0 0 0 0 0 0 0 0 0 0 0 0 0 0 0 0 0 0 0 0 0 0 0 0 0 0 0 0 0 0 0 0 0 19 19 19 19 19 45.3592872464 64.6520039157 19 35.4093603018 35.4093603018 80.6034777129 64.7538528709 19 53.4155964759 53.4155964759 42.0858165091 46.2721176588 47.9522834593 19 19 63.4703901195 19 19 62.8293734961 19 19 54.1188689822 43.8712913233 35.5025733869 19 19 19 19 19 19 19 19 19 19 19 19 19 19 19 41.3439454079 41.3439454079
0 0 0 0 0 0 0 0 0 0 0 0 0 0 0 0 0 0 0 0 0 0 0 0 0 0 0 0 0 0 0 0 0 0 0 19 19 19 50.3166286019 50.3166286019 64.6520039157 64.6520039157 19 35.4093603018 35.4093603018 19 19 19 19 19 19 19 19 19 19 19 19 62.8293734961 19 19 19 43.8712913233 43.8712913233 43.8712913233 19 19 19 19 19 19 19 19 19 19 19 19 19 19 39.615494244 69.7590446547 69.7590446547
0 0 0 0 0 0 0 0 0 0 0 0 0 0 0 0 0 0 0 0 0 0 0 0 0 0 0 0 0 0 0 0 0 54.336420694 44.0685993435 44.2859860016 44.2859860016 19 50.3166286019 50.3166286019 64.6520039157 64.6520039157 64.6520039157 19 19 19 19 38.2631041746 19 19 19 19 19 19 19 19 19 19 19 19 19 53.3620373911 53.3620373911 19 19 19 19 19 19 19 19 19 19 19 19 19 19 19 69.7590446547 58.440842342 58.440842342
0 0 0 0 0 0 0 0 0 0 0 0 0 0 0 0 0 0 0 0 0 0 0 0 0 0 0 0 0 0 41.2929157415 40.4301407631 39.6782300878 33.8597969955 31.9724040545 44.2859860016 44.2859860016 51.4911553463 37.8784983871 50.3166286019 48.9594237053 19 19 19 19 19 19 38.2631041746 38.2631041746 19 19 19 19 19 19 19 19 19 19 42.7296605251 42.7296605251 52.3923510079 41.6400627733 19 19 19 19 19 19 19 19 19 19 19 19 19 19 19 19 69.7590446547 65.0364838147
0 0 0 0 0 0 0 0 0 0 0 0 0 0 0 0 0 0 0 0 0 0 0 0 0 0 0 0 55.5576270897 62.5558646622 41.2929157415 41.2929157415 36.3402524305 28.8847106238 37.0685063494 45.0816813801 44.2859860016 19 19 19 19 19 19 19 19 19 19 38.2631041746 19 19 19 19 19 19 19 19 19 19 19 42.7296605251 42.7296605251 19 19 19 19 19 19 19 19 19 19 19 19 19 19 19 19 19 19 53.3757651227 65.0364838147
0 0 0 0 0 0 0 0 0 0 0 0 0 0 0 0 0 0 0 0 0 0 0 0 0 42.8988405735 53.3056123191 59.7768869109 59.7768869109 67.218704271 41.2929157415 41.2929157415 40.6666186692 36.3490093496 30.0971561683 54.7063549248 0 0 19 19 19 19 19 19 19 19 69.0765407459 69.0765407459 69.0765407459 19 19 19 19 19 19 19 19 19 19 19 19 19 19 19 19 19 19 19 19 19 19 19 19 19 19 19 19 19 19 32.9729828903 65.0364838147
0 0 0 0 0 0 0 0 0 0 0 0 0 0 0 0 0 0 0 0 0 0 0 0 0 42.8988405735 53.3056123191 59.7768869109 59.7768869109 55.5576270897 67.218704271 50.3760559484 40.1334576828 48.2377202036 0 0 0 0 19 19 19 19 19 19 19 19 69.0765407459 69.0765407459 19 19 19 19 19 19 19 33.8260802491 43.0463538931 43.0463538931 49.043061702 49.043061702 19 19 19 19 19 19 19 19 19 19 19 19 19 19 19 19 19 19 19 19 46.9892089133
0 0 0 0 0 0 0 0 0 0 0 0 0 0 0 0 0 0 0 0 0 0 0 0 0 57.1963571753 53.3056123191 53.3056123191 59.7768869109 50.6089134352 0 0 0 0 0 0 0 0 0 19 19 19 19 19 19 19 39.4361444318 39.4361444318 19 19 19 39.1143146068 42.1261893881 42.1261893881 33.8260802491 33.8260802491 43.0463538931 43.0463538931 43.0463538931 49.043061702 19 40.0654378571 19 19 19 19 19 19 19 19 52.3226546533 19 19 54.3538740766 53.1696069401 19 19 19 50.2647301242 50.8035701074 53.6757561287
0 0 0 0 0 0 0 0 0 0 0 0 0 0 0 0 0 0 0 0 0 0 0 0 0 0 0 0 0 0 0 0 0 0 0 0 0 0 0 0 19 19 19 19 19 39.4361444318 39.4361444318 19 19 19 49.1725990514 39.1143146068 42.1261893881 42.1261893881 19 33.8260802491 19 43.0463538931 19 19 19 40.0654378571 40.0654378571 40.0654378571 19 19 19 19 19 19 52.3226546533 52.3226546533 54.3538740766 54.3538740766 54.3538740766 53.1696069401 19 50.2647301242 50.2647301242 57.5002340337 50.8035701074
0 0 0 0 0 0 0 0 0 0 0 0 0 0 0 0 0 0 0 0 0 0 0 0 0 0 0 0 0 0 0 0 0 0 0 0 0 0 0 0 0 19 19 19 69.9758828579 39.4361444318 39.4361444318 39.4361444318 19 19 19 19 39.1143146068 19 19 19 19 19 19 19 19 40.0654378571 40.0654378571 62.8668362886 62.8668362886 19 19 19 19 19 52.3226546533 52.3226546533 19 54.3538740766 53.1696069401 40.4906948276 43.1338870166 50.2647301242 19 69.1918577184 31.6609568699
0 0 0 0 0 0 0 0 0 0 0 0 0 0 0 0 0 0 0 0 0 0 0 0 0 0 0 0 0 0 0 0 0 0 0 0 0 0 0 0 0 19 19 19 19 19 19 19 19 39.3303567532 19 19 19 19 19 19 19 19 19 19 19 47.2060757448 47.2060757448 62.8668362886 62.8668362886 19 19 19 19 19 19 19 19 19 19 19 19 19 19 19 19
0 0 0 0 0 0 0 0 0 0 0 0 0 0 0 0 0 0 0 0 0 0 0 0 0 0 0 0 0 0 0 0 0 0 0 0 0 0 0 0 0 0 19 19 19 19 19 19 19 19 19 19 19 19 19 19 19 19 19 19 41.4985743644 47.2060757448 47.2060757448 19 19 19 19 19 19 19 19 19 19 19 19 19 19 19 19 19 19
0 0 0 0 0 0 0 0 0 0 0 0 0 0 0 0 0 0 0 0 0 0 0 0 0 0 0 0 0 0 0 0 0 0 0 0 0 0 0 0 0 0 0 19 19 52.9021367046 19 19 19 19 19 19 19 19 19 19 19 19 19 41.4985743644 41.4985743644 42.8731190643 19 39.5858308353 39.5858308353 19 19 19 19 19 19 19 19 19 19 19 19 19 19 19 19
0 0 0 0 0 0 0 0 0 0 0 0 0 0 0 0 0 0 0 0 0 0 0 0 0 0 0 0 0 0 0 0 0 0 0 0 0 0 0 0 0 0 0 19 19 19 49.85859391 19 19 19 19 19 19 19 19 19 19 47.807686726 19 19 45.3593513638 19 39.5858308353 19 39.5858308353 19 19 19 19 19 19 19 19 19 19 19 19 19 19 19 19
0 0 0 0 0 0 0 0 0 0 0 0 0 0 0 0 0 0 0 0 0 0 0 0 0 0 0 0 0 0 0 0 0 0 0 0 0 0 0 0 0 0 0 0 19 37.300122083 37.300122083 19 19 19 19 19 19 19 19 19 19 19 19 19 19 19 19 19 19 19 19 19 19 19 19 19 19 19 19 19 19 19 19 19 19
0 0 0 0 0 0 0 0 0 0 0 0 0 0 0 0 0 0 0 0 0 0 0 0 0 0 0 0 0 0 0 0 0 0 0 0 0 0 0 0 0 0 0 0 19 37.300122083 37.300122083 37.300122083 19 19 19 19 19 19 19 19 19 19 19 19 19 19 19 19 19 19 19 19 19 19 19 19 19 19 19 19 19 19 19 19 19
0 0 0 0 0 0 0 0 0 0 0 0 0 0 0 0 0 0 0 0 0 0 0 0 0 0 0 0 0 0 0 0 0 0 0 0 0 0 0 0 0 0 0 0 19 52.4034720374 52.3299544732 52.3299544732 19 19 19 19 19 19 19 19 19 19 19 19 19 19 19 19 19 19 19 19 19 19 19 19 19 19 19 19 19 19 19 19 19
0 0 0 0 0 0 0 0 0 0 0 0 0 0 0 0 0 0 0 0 0 0 0 0 0 0 0 0 0 0 0 0 0 0 0 0 0 0 0 0 0 0 0 0 0 52.3299544732 52.3299544732 52.3299544732 48.1148108093 19 19 19 19 19 19 19 19 19 19 19 19 19 19 19 19 19 19 19 19 19 19 19 19 19 19 19 19 19 19 19 19
0 0 0 0 0 0 0 0 0 0 0 0 0 0 0 0 0 0 0 0 0 0 0 0 0 0 0 0 0 0 0 0 0 0 0 0 0 0 0 0 0 0 0 0 0 19 48.1148108093 53.7815878021 53.7815878021 19 19 19 19 19 19 19 19 19 19 19 19 19 19 19 19 53.186930163 53.186930163 19 19 19 19 19 19 19 19 19 19 19 19 19 19
0 0 0 0 0 0 0 0 0 0 0 0 0 0 0 0 0 0 0 0 0 0 0 0 0 0 0 0 0 0 0 0 0 0 0 0 0 0 0 0 0 0 0 0 0 19 53.7815878021 53.7815878021 53.7815878021 19 19 33.7701294952 19 19 19 19 19 19 19 19 19 19 19 19 53.186930163 49.6816109383 49.6816109383 19 19 19 19 19 19 19 19 19 19 19 19 19 19
0 0 0 0 0 0 0 0 0 0 0 0 0 0 0 0 0 0 0 0 0 0 0 0 0 0 0 0 0 0 0 0 0 0 0 0 0 0 0 0 0 0 0 49.0233473424 41.9182891093 41.9182891093 47.9060213042 19 19 19 19 19 19 19 19 19 19 19 19 19 19 19 19 19 60.7417629841 49.6816109383 49.6816109383 60.7417629841 19 19 19 19 19 19 19 19 19 19 19 19 19
0 0 0 0 0 0 0 0 0 0 0 0 0 0 0 0 0 0 0 0 0 0 0 0 0 0 0 0 0 0 0 0 0 0 0 0 0 0 0 0 0 49.7799919651 62.0915716217 47.9060213042 47.9060213042 47.9060213042 47.9060213042 47.9060213042 19 19 19 19 19 19 19 19 19 19 19 19 19 19 19 19 19 60.7417629841 19 19 19 19 19 19 19 19 19 19 19 19 19 19 19
0 0 0 0 0 0 0 0 0 0 0 0 0 0 0 0 0 0 0 0 0 0 0 0 0 0 0 0 0 0 0 0 0 0 0 0 0 0 0 37.9252888101 41.9182891093 41.9182891093 62.0915716217 47.9060213042 47.9060213042 41.9182891093 19 19 19 19 19 19 19 19 19 19 19 19 19 19 19 19 19 19 19 19 19 19 19 19 19 19 19 19 19 19 19 19 19 19 19
0 0 0 0 0 0 0 0 0 0 0 0 0 0 0 0 0 0 0 0 0 0 0 0 0 0 0 0 0 0 0 0 0 0 0 0 0 0 58.4284217325 41.9182891093 41.9182891093 41.9182891093 62.0915716217 61.3331361187 41.9182891093 0 0 19 19 19 19 19 19 19 19 19 19 19 19 19 19 19 19 19 19 19 19 19 19 19 19 19 19 19 19 19 19 19 19 19 19
