Spatial_Output/BAU/BAU_0231.asc
NCOLS 155
NROWS 192
XLLCORNER 196307.867259
YLLCORNER 449144.565805
CELLSIZE 33.573938
NODATA_VALUE NaN
[rows 150 to 174 of 192, columns 57 to 113 of 155]
46.686603047 46.2047066113 46.4345120435 47.3270980215 46.5898158401 46.0196285488 47.2686714067 47.0921158041 66.3159299212 69.0865546149 73.8558000427 46.678897391 46.0166169872 47.0152096304 46.0911788278 46.9146520577 46.7513389343 46.6129828021 46.1314512792 46.3874356064 46.5037338201 46.8668849641 46.4316213373 46.7469447489 47.1091562006 46.8323798215 46.2488006086 46.1257266754 46.7992295492 47.1894998876 46.7161178297 47.0638640049 46.0407648119 46.2715180764 46.4177809826 64.9820967969 64.9820967969 59.8509936931 59.8509936931 46.4985667073 46.6069951104 46.0854165474 46.0258468417 46.2006985321 47.0170656098 46.1584300835 46.019628173 46.8213740098 46.4109587956 46.8568848605 46.7536695509 46.9382153341 47.0241070361 47.2221380295 46.7866643622 46.3500977616 46.192752424
0 46.2233069794 46.9080672554 46.7745259002 46.0809878059 47.0217972892 46.6376170888 46.5809495226 63.976774912 66.3072123521 78.8956174251 47.2277367651 46.1180462483 46.3594923737 46.2164646218 46.2254311669 47.3728515322 46.4482629559 46.9008753541 47.1170503358 46.6055993307 46.1589105946 46.0686130301 47.3972935067 46.0592038737 46.1777636743 46.872384188 46.3384028445 46.7296706771 47.1111067175 46.0601324982 47.1446031473 46.397306951 46.5550814818 46.5989289844 46.5430587449 67.6430103162 65.4290447306 65.4290447306 46.5283708675 46.8796973561 46.5713476858 47.0786937587 46.7983104477 47.1823731494 46.434281422 46.1871609349 46.4703035687 46.5325917357 46.542940615 46.6088582966 46.6584020531 46.9171761129 46.8934484276 46.5807040675 46.1742332885 47.2451187993
0 0 0 0 46.4743305859 46.0350002491 46.5457287387 47.0634312862 76.2796445045 67.0821298195 68.7929730496 46.6578890454 46.8303469056 46.6423516727 46.4533431445 46.082849284 46.5694002723 46.1766647968 46.6960415941 46.4830318746 46.2259570066 46.8943249529 46.1930541757 47.3741695995 46.6842865097 46.0423294118 46.0927837055 46.4869844584 46.9687736549 47.0273702714 46.2128817202 46.007426119 47.2040331802 46.1320750102 46.0893312287 46.4383313501 65.4290447306 65.4290447306 65.4290447306 47.3471601494 46.8325303482 46.7724965031 46.2356947198 46.3309650987 46.4796746575 47.0445672409 46.1839620124 47.1563258876 46.7682671267 46.070631017 46.1611847065 46.091080783 46.6171142859 47.0382069476 46.4131232619 47.0999977485 46.4608823823
0 0 0 0 0 0 46.0449830045 47.2028292888 34.4253909084 67.9894098318 34.3759349158 46.4822788149 47.1442169951 46.6891541476 46.5279695294 46.3959518771 47.388523329 46.0464378849 46.4492816339 46.9742645253 46.0767196425 46.7004550173 47.2094686651 46.2314906155 47.1981981463 47.1080810536 46.9934661257 46.9342103049 47.1970215622 47.2576772146 47.0107889548 46.005667236 46.9390138316 46.9876316801 46.8887301455 47.1883827906 67.9848638797 90.8620146535 87.1425258586 87.1425258586 46.835519323 46.4988979058 47.1605183712 46.8320750816 47.0316317381 46.3307504469 46.9836284358 46.4902634243 47.2145535028 46.5171713877 46.1887172426 47.2290819466 47.3358261875 46.4120537194 46.0125958134 46.6823918887 46.7116527898
0 0 0 0 0 0 0 0 34.564169222 34.3759349158 34.3759349158 47.2717348839 46.3019173695 46.2470155504 0 0 47.0613044732 47.2927492859 46.7361222017 46.7766950089 46.5982357418 46.0495106094 46.0187111176 46.110805076 46.7387419935 46.945084534 46.76664208 46.7222953396 46.2133604101 47.4137644387 47.2883870051 46.0419663558 46.1853242206 46.7856843331 46.5503675251 46.3644393165 46.4579370453 87.1425258586 87.1425258586 71.9932357098 46.8698562925 46.0148240472 46.9395175452 47.2078552218 46.3744591624 46.6638005701 47.0884359856 46.186019043 46.6995347587 47.1152010347 46.8708952811 46.7530885625 46.609406322 46.2619589884 47.3152960294 46.7305633453 46.3588876956
0 0 0 0 0 0 0 0 0 56.6052076468 56.6052076468 56.6052076468 92.1026374408 0 0 0 46.9321166098 46.1923390835 47.0098417983 47.3449646407 46.3806244458 46.9392265647 46.6915217429 46.0751473306 47.1508547862 46.7062408797 46.2949674426 46.4502875098 46.1932366575 47.021261915 46.866209619 46.5512046876 46.1555112167 46.9656419505 47.3090567488 46.3387597767 47.1675593884 90.8926077481 71.9932357098 46.4605643499 66.5898228316 47.318299889 46.6266895195 46.0949941199 46.0300491713 46.0455792608 47.0728883655 46.6393909903 46.190102184 47.2600820954 46.6017196856 46.7433288962 47.2801608162 47.162904504 47.0139866385 46.7746653681 46.0937702772
0 0 0 0 0 0 0 0 0 0 92.1026374408 92.1026374408 67.5213936287 0 0 0 0 46.0167203065 47.3699223062 47.174335141 46.0723243353 47.2675856955 46.704494212 46.2549334081 47.044598646 46.6356346981 47.2685895625 46.054005578 46.5641245973 47.0303592444 46.8648823622 47.2467284662 46.5858372988 46.9089731414 47.1356102984 46.8104631935 47.1809954861 46.3881222029 46.7717041554 65.1928788049 65.1928788049 46.7718078779 46.6724439159 46.7110707013 46.2443029055 47.102753201 46.8866785635 46.2009473442 47.2409184329 46.5050306075 46.4581450492 47.252674487 46.7469996337 47.010030103 47.0716423034 46.2316758168 46.6369526503
0 0 0 0 0 0 0 0 0 0 71.9361130629 67.0282274156 67.0282274156 67.0282274156 0 0 0 0 47.1437372678 46.5962231425 46.704043812 46.3241236924 46.9254449987 47.0336185164 46.9720027124 46.0710630632 46.9929856502 46.5312909361 46.1331140332 46.3288678018 47.2834101735 46.699306817 46.6392642959 46.4704718594 46.8566839954 46.085704569 46.6483518832 46.6499508566 65.1928788049 65.1928788049 65.1928788049 83.4975249328 46.4645719307 47.2726407796 46.9718200154 46.4633784503 46.3677988157 46.9817333451 46.9734156869 46.7544871326 46.6077330196 46.3803865716 47.3989505105 46.5691652929 46.2286491831 46.1499316648 46.3534036112
0 0 0 0 0 0 0 0 0 0 67.0282274156 67.0282274156 67.0282274156 0 0 0 0 0 0 46.1953716391 46.3726992114 46.3507459121 46.6002735224 47.3359060002 47.007657979 47.4119254644 46.5303663457 46.8706144057 46.8917472092 46.4773396093 46.9170080984 46.3163216607 47.1336581681 47.2548773342 47.1653266811 46.2595759985 46.9204330412 46.6970668583 46.8662249694 83.4975249328 65.1928788049 67.9389001364 67.9389001364 47.1784473979 47.0931620898 47.1446127716 46.6037083778 46.9197963484 47.1019664193 46.9631976187 46.6280137296 46.452133896 46.838072418 46.818881818 46.4804211635 47.2253393193 46.7376193816
0 0 0 0 0 0 0 0 0 0 0 0 0 0 0 0 0 0 0 0 47.3175579777 46.9453770916 46.8010915204 46.5929009164 46.0511652232 47.1951778327 46.9106730433 47.2203824686 47.0468477439 47.0596437007 47.0417552914 46.3609690577 46.0651266155 46.5918723184 46.2002138291 47.3980070129 46.7963303178 46.6716408766 47.2277644495 46.9472012852 67.9389001364 59.855935272 59.855935272 47.3830536904 46.0781355613 46.1259800906 46.2804423018 46.2946584427 46.8622980152 46.4727454484 46.6271902743 46.9395426533 46.7388632945 46.8568719524 47.2529476257 46.3170909923 46.5106273203
0 0 0 0 0 0 0 0 0 0 0 0 0 0 0 0 0 0 0 0 0 0 0 0 46.6121776847 47.1770138329 46.7066876293 46.325655872 46.1051099198 46.2736279382 46.451271503 46.2857335829 46.8129492778 46.1257667767 46.8078063654 46.4634118721 47.3843618001 47.3393275912 47.3746568727 46.5280010976 59.855935272 59.855935272 57.9575813843 47.1717441352 47.3686492926 47.052216889 47.0730210807 47.192282051 46.3302401358 46.3743451575 46.5143539003 47.1181856384 46.2612264438 47.1525840766 46.6274741607 46.2235479399 46.7967703228
0 0 0 0 0 0 0 0 0 0 0 0 0 0 0 0 0 0 0 0 0 0 0 0 0 0 0 0 46.5804154454 46.7007395427 46.2611251992 46.9588502262 46.395216653 46.8941041372 46.6207926824 46.8444768155 46.9172592505 46.1258367828 46.930340098 46.9729478096 47.2433644296 59.855935272 65.3675530241 65.3675530241 47.188669057 46.7799570472 46.1139678078 46.9651852245 46.0449073065 47.2735066352 46.797212237 47.2905581417 46.6236393098 46.2298876915 46.6376917114 47.3800432467 0
0 0 0 0 0 0 0 0 0 0 0 0 0 0 0 0 0 0 0 0 0 0 0 0 0 0 0 0 0 47.1748215989 46.7980681949 47.3844175861 46.8241473704 47.0825209972 46.4819371622 46.4658871315 46.9912033063 46.8220197352 46.0864490006 46.6315597374 65.3675530241 65.3675530241 65.3675530241 47.0738692118 47.0357424559 46.0746523947 46.6646723525 46.5084638854 46.3709447912 46.7205849662 47.1097879362 46.830359295 46.9478049528 46.5492687301 47.3705813641 0 0
0 0 0 0 0 0 0 0 0 0 0 0 0 0 0 0 0 0 0 0 0 0 0 0 0 0 0 0 0 0 46.0383929177 46.4914213612 46.6280047889 47.0401982743 47.2319228988 47.0871078953 46.8778404278 47.1045502143 47.1026475526 46.1014116407 46.7628496008 83.3872269701 65.3675530241 74.4389772834 54.5820530763 46.8719199839 46.7200236015 46.9643900707 46.1047895162 46.3744744181 47.2753219318 47.1368503817 46.4888636589 46.2040580492 46.4101573147 0 0
0 0 0 0 0 0 0 0 0 0 0 0 0 0 0 0 0 0 0 0 0 0 0 0 0 0 0 0 0 0 0 46.5568504202 46.7607862662 46.6484383035 47.3677331492 46.4094121894 46.3575779523 46.8689731135 46.9401512255 46.3707036565 46.7131511595 46.0027236437 46.8965348414 46.8960587446 47.2885299434 46.5281959171 46.6910413626 47.3343772338 46.9494591436 47.3781020164 46.8869216847 46.9565738122 47.3732808304 46.5724123361 47.0125116088 0 0
0 0 0 0 0 0 0 0 0 0 0 0 0 0 0 0 0 0 0 0 0 0 0 0 0 0 0 0 0 0 0 0 0 46.0172817889 47.3230762693 47.1251455653 47.0975315316 46.4464306363 46.8759107883 46.346154552 46.3186948667 47.0154489871 84.4682382693 84.4682382693 76.6413468871 76.3110947095 46.9844734936 47.1981341324 46.9842894344 46.1543987565 46.1702482728 46.3059095283 47.0785561641 46.420750858 0 0 0
0 0 0 0 0 0 0 0 0 0 0 0 0 0 0 0 0 0 0 0 0 0 0 0 0 0 0 0 0 0 0 0 0 0 46.7132691665 46.1447973284 47.295115373 46.1907618432 47.0666804563 46.1258313603 46.4182828303 46.6985771779 84.4682382693 84.4682382693 76.6413468871 46.6766174858 47.1383940552 46.8615942754 46.0136991916 0 0 0 46.6252819037 47.0843332584 0 0 0
0 0 0 0 0 0 0 0 0 0 0 0 0 0 0 0 0 0 0 0 0 0 0 0 0 0 0 0 0 0 0 0 0 0 46.2051297928 46.9971415352 47.3484710181 46.1156063662 47.2090821489 46.3244074201 47.3500351981 46.8929603573 47.0027644528 70.0135866534 46.3360258859 47.1141055955 74.6984070206 46.1930016583 0 0 0 0 0 0 0 0 0
0 0 0 0 0 0 0 0 0 0 0 0 0 0 0 0 0 0 0 0 0 0 0 0 0 0 0 0 0 0 0 0 0 0 0 46.3835721859 46.0945161502 46.4117670579 47.06151721 46.0858461974 47.4016927721 46.4960975346 47.3664953363 46.5520013108 68.4764420389 68.4764420389 68.3191795418 0 0 0 0 0 0 0 0 0 0
0 0 0 0 0 0 0 0 0 0 0 0 0 0 0 0 0 0 0 0 0 0 0 0 0 0 0 0 0 0 0 0 0 0 0 0 46.4082109037 46.2830453657 47.3078732109 47.117127213 46.8716774584 47.2368094738 46.0392564748 68.4764420389 68.4764420389 68.4764420389 68.3191795418 61.6068500258 0 0 0 0 0 0 0 0 0
0 0 0 0 0 0 0 0 0 0 0 0 0 0 0 0 0 0 0 0 0 0 0 0 0 0 0 0 0 0 0 0 0 0 0 0 0 46.526439383 46.2798038358 46.7206218607 46.7672341461 46.931480226 46.7289555532 46.3717544725 46.5304598436 78.2744143424 70.1166906066 76.8488026742 0 0 0 0 0 0 0 0 0
0 0 0 0 0 0 0 0 0 0 0 0 0 0 0 0 0 0 0 0 0 0 0 0 0 0 0 0 0 0 0 0 0 0 0 0 0 0 47.067404807 46.5011174021 46.2686949509 46.6617582149 47.3033965395 47.166347597 46.1991720826 70.0206593042 77.3497005074 76.5210020337 76.7591467428 0 0 0 0 0 0 0 0
0 0 0 0 0 0 0 0 0 0 0 0 0 0 0 0 0 0 0 0 0 0 0 0 0 0 0 0 0 0 0 0 0 0 0 0 0 0 0 46.5651723188 46.9914140383 46.4278669951 46.6205433395 47.3370169851 46.2544853848 75.9681945818 69.1366965853 79.2831691886 69.1152492777 32.8834300461 0 0 0 0 0 0 0
0 0 0 0 0 0 0 0 0 0 0 0 0 0 0 0 0 0 0 0 0 0 0 0 0 0 0 0 0 0 0 0 0 0 0 0 0 0 0 46.5036677907 46.2986281768 46.96523172 46.3142394963 47.2381618329 0 0 69.1152492777 69.1152492777 86.99642321 86.99642321 0 0 0 0 0 0 0
0 0 0 0 0 0 0 0 0 0 0 0 0 0 0 0 0 0 0 0 0 0 0 0 0 0 0 0 0 0 0 0 0 0 0 0 0 0 0 0 46.5116232189 0 0 0 0 0 72.9062606214 54.1618450641 86.99642321 86.99642321 80.1467668375 0 0 0 0 0 0
