Spatial_Output/BAU/BAU_0516.asc
NCOLS 155
NROWS 192
XLLCORNER 196769.923733
YLLCORNER 449719.875193
CELLSIZE 27.603701
NODATA_VALUE NaN
[rows 138 to 160 of 192, columns 53 to 105 of 155]
27.8634279085 27.1021971654 27.8937363504 28.1651144511 27.335382728 28.3163107473 27.2037066436 27.6909070229 77.8722929456 27.6922450114 27.2968883861 28.2378602041 28.2700844599 27.5658324043 28.0129800902 27.3338911436 27.6146729969 27.9355743647 27.6351737879 28.1834234685 28.2030933537 27.0063232582 28.3286076587 27.7925196442 27.4387747266 27.103795824 27.4367353451 28.128173065 45.5880219632 45.5880219632 59.2076912892 58.7786331431 58.2304667714 56.9576706237 28.2995481352 27.3084660871 27.3315055436 27.9380549534 28.1692113827 28.0458747122 27.2274259248 27.2532408772 27.1890515972 27.9015824817 27.2051381348 27.9440073446 27.613942527 27.0612427512 27.4952308045 27.6553589679 27.6327686252 28.1942270933 28.3953572276
27.0163601086 28.2108801058 27.327071615 27.1039075278 28.0242961979 27.0084128438 27.4942854759 27.9489073015 27.8484293036 27.5258366542 28.0434437102 27.9141159014 27.8336566439 27.8349647459 28.2274570925 28.1072499959 27.5252619564 27.5894982586 28.0968790753 28.2536665228 27.3450931883 27.9278043638 27.8041940828 27.1115202937 28.3464076217 28.2755127423 28.0158884306 27.7247554372 27.4781893287 59.2076912892 59.2076912892 59.2076912892 56.9576706237 56.9576706237 27.6165036723 28.3856716764 27.1333314758 28.0511289689 27.3278845572 28.0864420391 27.2542369452 27.6199147594 27.8627063279 27.3106821722 27.2426766215 27.254967888 27.7960167341 27.9133361499 28.0096670879 28.0491645701 27.6303779484 28.1057528576 27.3486183053
27.0033832658 57.0743162183 27.6287853257 27.9913100969 27.1389641473 27.4275052712 28.0739858804 28.2013352666 27.3082043247 28.2109312373 28.2455672197 27.8853482339 28.3726543015 27.2208266598 27.7730939294 28.0961199072 27.3428362913 28.2910136281 28.2108852748 28.1347345987 27.8673147725 27.4375341666 28.3634346907 28.3702579078 27.3086104858 27.0093942766 27.5799661067 27.8084517095 28.254505249 28.0913312501 48.7951999237 43.5511639059 56.9576706237 56.9576706237 44.4227018305 46.3673171043 27.512668124 27.1531134274 28.1623547749 27.4386368782 27.8177484763 27.7882452919 27.2400863299 28.0941244878 27.3788740401 28.3538641495 28.282500314 28.2946630128 27.3716722805 27.3325591923 27.6329859709 27.2394475778 27.2711919916
27.4358244296 27.7043988143 27.4522594885 57.0743162183 27.3729147182 27.6753581502 27.5422308558 27.5995484111 27.0205200132 28.1998574695 28.0137743621 27.1845952911 27.4445418205 28.1213717872 27.9400674155 27.160521222 27.4349030547 27.8030408668 27.4023478021 27.252096784 27.170750264 27.7580883341 27.990433452 28.3956424734 27.4530877422 27.9739700103 28.0497638328 27.9183671212 27.1267086428 27.9196214549 27.6420495662 27.7245345933 27.6562524632 44.4227018305 28.0529167802 27.9958766267 57.656607533 57.656607533 27.0299261263 27.4492234492 28.1836595142 27.5451885999 27.6773865624 28.1735612369 27.4678242533 27.9642619885 28.4091769645 27.3050804948 28.0301562583 27.9705271076 27.2425366878 27.9248304013 28.3528831323
28.2371342858 28.1084397894 28.1638319492 27.132210378 28.1985622247 27.0446846072 27.5483205945 50.5662005904 50.5662005904 50.5662005904 27.2151902953 27.9910053019 27.2854503172 28.3998226292 27.63918321 27.0186869917 28.1221315401 27.7482912068 27.4717133103 27.1211181673 27.070690452 27.4384122732 27.1469083816 27.5138309792 28.3984384845 27.661525722 28.1826928177 27.1973584767 27.6127786395 27.5379763461 27.0505924299 27.1533520161 27.6462545197 27.9962021599 27.5356079786 27.9434983819 57.656607533 57.656607533 28.0467780073 27.3858359925 28.3114558022 28.3601793016 27.29494143 27.9417538204 27.0200785455 27.3620243868 28.0814355471 27.8728393245 27.4131564437 28.2823472063 27.1940015591 27.0178081516 27.3802094789
27.057020053 27.67956443 27.0156382298 27.3607269424 27.9151525726 27.7185251714 28.2273302961 50.5662005904 50.5662005904 61.016034906 28.0302807385 27.5298863181 27.6215945656 27.7677317472 27.2504950885 27.7177043445 27.032108167 27.6704706726 27.0089880627 27.0560954074 27.9853759525 27.0454095648 27.3878869097 27.9720982631 28.1876780952 28.2296519697 27.9547987729 27.0774244029 28.2270915577 27.3108943622 27.3926824277 27.8055357487 27.219037822 27.9569051097 27.5164766314 27.4870190473 27.5810792318 67.860072609 67.860072609 43.2074753898 27.6062063737 27.3522193561 27.6977681974 28.1356520581 27.3030301486 27.2189933111 27.1207794797 27.5038140949 28.1353989392 27.2306037593 27.4886433123 28.1970043399 27.8408769074
27.5842975627 28.1503453074 28.0290943726 27.9717491582 27.4802209077 27.3356118745 27.6961862174 27.2576310141 27.2737373903 28.2825848829 27.0906274093 28.0755308216 27.2875134153 27.5545429818 27.1716975096 28.2951778664 27.0183305916 27.1159243777 27.2101022801 28.1097503955 27.1870749407 28.2730835347 27.8202804688 27.0563394045 28.2019549298 27.7746980009 27.9565278479 28.2529336968 28.2078877211 27.208810344 27.4562971034 27.353475166 28.0620740354 27.0259872307 27.0706421062 27.878297058 27.9555079438 67.860072609 67.860072609 43.2074753898 27.5581474811 27.0050768198 27.8620486938 28.3783992463 27.4390513747 27.0058411742 27.950463424 27.2590777727 28.2017849537 28.1687366755 27.6575359578 27.3195539462 27.0953909099
28.3377480269 27.1703775121 27.9995864505 27.7654275905 27.6711065822 28.2909076849 28.3845668212 27.5642969309 27.8171775102 28.2230921918 52.6461326382 27.0975290264 27.5213460831 27.7878301336 27.1313131656 28.0098505209 28.1111739209 27.1513524832 27.2317209863 27.7155741111 28.0739797771 27.3062474785 28.2184926776 28.4105046164 27.3157077066 27.8220632307 27.5831398251 27.531198921 28.1912435611 28.1554657939 27.4904417484 27.9527888682 27.2048136438 28.3211320769 27.7222755406 27.6015615591 27.3752114768 27.1794418634 68.1033287984 28.3447294079 28.3000441448 27.8834650637 27.6095975108 27.819782484 27.3442320957 28.1309956665 27.6554609167 28.0659216168 27.7297688999 27.1187233995 27.7850219974 28.1526740856 27.9114494367
27.2619143676 27.2432885708 28.0376127131 27.7437798502 28.0472002928 27.7447349301 28.0720328689 27.6207422068 27.5454262392 43.0509158972 27.9648633068 27.7332178094 28.3164148412 27.1105289449 27.3613385176 27.0980422288 28.3319620376 27.2865472012 27.1836992154 27.5295309996 27.2806117986 28.3729842789 27.6307526021 27.1908245921 27.5399259328 27.6024110172 28.0561702217 27.8006739955 27.768771827 27.2218222848 27.4281473972 28.3958603471 27.3369644961 27.1762930564 28.4038213261 27.76760592 28.2130661353 28.3136584688 27.4284891213 68.1033287984 28.361831683 27.0199290982 27.930872227 27.6980357412 27.4874891491 28.3953565124 27.7245123115 27.1360451765 27.8456641517 27.9741060295 27.9633258214 27.7270804304 27.0588514646
28.0724415317 28.3304355756 28.2316861513 27.5949882481 27.4065326436 28.1637619663 27.0879431325 27.7247503506 27.6555549311 43.0509158972 43.0509158972 27.5686808371 27.0776874479 27.7311676337 27.6034024649 27.965154894 27.996326837 27.0640240106 27.9879816677 27.1920899617 28.2885543691 28.0203497979 28.306615445 27.8897214697 27.2327194374 27.7783596712 27.5438837615 28.1363684789 27.921744448 27.7324218828 27.8644858548 27.643595462 27.9166110383 27.1083810479 28.2483942542 27.5408066582 27.770754776 27.6705664998 28.3495646812 43.136101017 27.5444329265 27.129880022 27.6636810876 27.4623475093 27.10350364 27.2623305335 27.1835185028 28.1618190777 28.0669858734 27.3864961573 27.5323149523 27.7530585592 28.1689652436
27.5454576965 27.6221682228 28.3980264584 27.7188827684 27.8251083133 27.2353026815 27.9347191081 27.0002326226 27.8507249245 28.3482617486 42.94852814 27.4210487113 27.4550940263 28.3709289839 27.3769308604 27.9921393276 27.9874661095 28.163404346 28.3607597093 28.0988694524 27.9063916693 27.3414755701 27.7821425507 27.4240955894 28.0683147049 27.0654478344 27.898320038 27.7031359915 27.9333359749 27.9594306885 27.4749741557 28.0642725116 28.2522851731 27.2305466624 27.2212103084 28.1780504076 27.8333781941 28.3938336285 27.0779942257 58.9345698511 58.9345698511 27.3014830881 28.0617728865 27.6682750985 27.1677888226 28.0282447581 27.6900972998 27.9916109949 27.9212226431 27.9221323436 27.8596802987 27.0512873433 27.8085074841
27.2176313677 27.603139883 27.293997422 27.1218175081 27.7457606306 27.8842409934 28.1729842309 27.5179675043 28.1319816294 42.94852814 42.94852814 42.94852814 27.5980458742 27.8343675366 27.2129346024 27.5012661697 27.0962038015 27.4726739926 27.504544359 27.8501566191 27.6962910779 27.1841511372 27.5789782197 28.413896999 28.273566837 27.8296292953 27.4591160359 27.3435504338 28.3785431546 27.1808062148 27.3932745435 27.2589659052 27.4414985601 27.2864062737 27.5751609004 28.1872548394 27.7060244855 27.8317299896 58.9345698511 47.9123857892 47.9123857892 27.15390747 28.0542376859 28.0360828976 27.0717395034 27.399857673 27.824566777 28.1986794178 27.418067608 27.6486357686 27.3399353695 27.7922390699 27.8947653271
27.4122102707 27.1578133336 28.1729189762 27.683933761 27.0889651568 28.2378191577 27.5161488722 28.2873387877 28.0757162557 42.94852814 42.94852814 65.7360645043 27.3345764973 27.6530794034 27.7219175108 27.5943457337 27.8307950977 28.1725785176 28.3532680255 27.2414493759 27.0167032272 28.2465202669 28.1048934334 27.3166436416 27.3332399915 27.6940331615 27.2211286599 27.3651781328 28.0699480441 27.9400317591 27.3079292196 27.1501673812 27.1541065413 27.7835194377 27.7515927627 27.6923735319 27.116638164 27.4108407134 47.9123857892 47.9123857892 47.9123857892 27.9099277568 27.4716508423 27.9114513396 27.2628818665 27.5310904151 28.2574939949 28.1259614918 27.9212608377 27.7810789173 27.7416321733 27.0669728267 28.2919288697
27.1012456697 27.7426562016 27.7449071012 27.5097857224 28.413289588 27.0869097303 27.836176298 28.3096198547 28.3732626732 27.5493441527 53.0778225073 59.3499289067 27.5592941563 28.0816372585 27.8492290733 27.8872505323 27.7390808119 27.1302132602 28.3165762215 27.7390100037 27.7238962169 27.9491755004 27.4839229696 27.3488079865 27.1550208938 27.9221765607 28.3918204094 27.3607277989 27.4759649953 28.3584551964 27.8253196851 28.2350378307 27.48375627 27.9806583335 27.6307562009 28.3916379629 28.0928292104 27.53857828 45.8330955268 52.8604449341 45.8330955268 63.8488300878 27.8654539076 27.8661657619 28.2753069042 27.0642807784 27.6470709662 27.3710242956 27.2012014188 27.1457838981 27.8280491775 27.9816103458 28.2076903975
27.7455704874 27.7892308918 27.4435516134 27.4987314107 27.7337844621 27.2642414776 28.3175987769 27.6866093922 27.4862179153 53.0778225073 52.168247359 53.0778225073 27.6871021956 27.5272145888 27.7891691532 27.9422456682 27.4370937653 27.5135525537 28.2203867687 27.8303457961 27.3818293548 27.5120221408 28.4005691593 27.0753516474 27.2040284027 27.2494074374 27.8427849641 28.3520912992 27.9085127828 28.0603606355 27.7229432039 27.5867339415 27.5145457093 28.3880229313 27.4991430618 27.0207648636 27.7637862774 27.3583115603 28.0322015832 62.2911288105 62.2911288105 28.3457525953 28.3128401914 27.2239776137 28.0605624918 27.1370011604 27.2598229319 28.041153666 28.0787939174 27.0809989364 28.3374130829 27.643084059 27.2364080204
28.209976073 27.4889762786 28.1176048156 27.5652308988 28.1585250558 27.1998113592 27.5179417429 27.9094209372 28.1996233617 55.3590316419 55.3590316419 52.168247359 28.4044983547 27.4565982352 28.1509764826 27.4599147973 27.9106204965 27.9275748199 28.2247720739 28.135206273 27.4062312631 27.4135684691 28.1934293574 27.2171538864 27.888779199 27.8869827447 27.1208860072 28.0324081183 28.061664883 27.0620906944 27.7881031222 27.5595683055 27.3191717912 28.3980358047 28.2826524897 27.9290910515 27.8907372076 27.2263165822 27.3017389048 28.2895034137 62.2911288105 27.6345513496 27.2010788597 27.3124651756 28.2357019356 27.3508385339 27.2620785466 27.6752346253 27.7054023956 27.178483782 28.0847646399 27.8037809913 27.8494337727
27.7753220742 27.6953772382 28.061206796 27.0143859368 27.5492009982 27.009582363 27.9635678967 27.7379052694 27.1732425008 55.3590316419 55.3590316419 55.3590316419 27.8460918931 27.9437931083 28.1997871323 28.2247836698 27.3237661223 28.3480626481 28.0003740245 27.6258371632 27.250818974 27.798047987 28.0817263826 27.6298169586 27.4736625612 27.0315324662 27.2740563851 27.9815463152 27.9137566244 27.441112234 27.0201646427 27.1388197638 27.7536293897 27.6712286047 28.1627373563 27.697783368 28.3243519361 27.8360980135 27.0484733515 45.0047634868 51.7941902585 51.7941902585 51.7941902585 27.2182167292 27.7173420977 27.3474523012 27.4078447364 27.169584137 27.6839454867 27.6728446477 28.0494808897 28.3293327145 27.4984063872
27.0444564038 27.1053394309 27.530223259 27.1543557155 28.3133624278 28.01128182 27.0166463449 28.0593627883 27.0710453612 28.3501265363 27.9795100094 27.8101894974 27.2076552058 27.3765905562 27.9208593395 28.1207335903 27.3920650492 27.5129840272 28.1733317398 28.2006915171 27.760346221 27.0663386586 27.0776340582 28.1537305688 27.8369480062 27.4605490278 27.8895207381 27.4633905453 28.2364581688 28.0092570711 27.5522586074 27.5289069906 27.0648575378 27.8758646666 27.8557624147 27.0943422277 28.3429655932 28.0469025326 28.3440207301 51.7941902585 51.7941902585 51.7941902585 27.1689293107 28.2862423736 28.3082485493 27.3565142987 27.114505653 27.7749019288 27.0561955277 27.0214932755 28.1794053362 27.4764642351 27.4950668831
27.2831565836 27.0322074343 28.1900706029 27.3293339218 27.162115656 28.1492119885 27.5917911328 28.2749309796 27.9331492483 28.1630817232 27.8523030605 27.8225582946 27.1672541287 27.0640269597 27.3886227509 28.1784316004 28.1356441906 27.4084870489 28.3262144625 28.0077386349 28.0096011607 27.3304671473 27.815461335 28.2471168189 27.2721728788 28.0945507493 27.1743184709 28.368664199 28.2558248424 27.0167294898 27.1575751486 27.9047705397 27.6824852194 28.1790588158 27.772898209 27.9381630442 27.466167357 27.931883994 28.3055910008 28.0947230474 50.4199341232 51.7941902585 57.3526338991 27.2890607773 27.7764463033 27.999989292 27.2611842811 27.9905686793 27.1270020138 27.8194855871 27.9736708465 28.0034806015 27.0196179099
28.1985276688 27.4149623955 28.1231928661 27.441528777 27.362578425 27.0243139117 27.793493466 27.2856286503 27.4822950449 27.2236596883 27.3609317935 27.0037394568 27.8119162982 27.746532628 27.3013744842 27.7482760536 27.9913835939 28.1445579475 27.9358471484 28.2234726054 28.1915982626 27.8088722375 27.7174958457 27.7669519233 27.4561709364 27.7423726146 27.258577839 27.8057145803 28.2357998875 27.1064710408 27.2005425542 28.3042276801 27.1845178201 28.323859578 28.1838157067 28.2245646836 27.15741981 27.2377994053 28.144569851 28.2743551561 57.3526338991 57.3526338991 57.3526338991 28.255690723 27.7168645032 28.186702458 27.3208560723 27.0320011941 28.2695050432 27.3949861004 28.2723606944 27.4295469114 28.0929090963
27.4938654345 27.5309144861 27.2296534785 27.2483930961 28.2770185204 27.7387197263 27.9291331878 28.1417391334 28.3991096835 27.5893634441 27.0863179341 27.5538962901 28.075287367 28.3211466273 28.3366009386 27.7676207441 27.6541210482 28.1697784366 27.7825895849 28.0319119712 28.3995992311 28.0784753909 27.1418057251 28.0796415528 27.0022148141 28.2021001207 27.4152355465 28.3032418456 27.7624248596 28.2086451495 27.5844091338 27.1135386252 27.4679072599 27.2794689103 27.2134888986 27.004804951 27.7692705521 28.1295806189 28.3114887685 27.4298141242 27.0992305396 28.2100537181 57.3526338991 28.2530343286 27.8803850249 28.0993144388 27.3507935964 27.2315251935 27.1375804429 27.2069962902 28.1257984961 28.0338279778 27.8207274193
27.3178828938 27.4017077944 27.0100976674 27.8328573188 27.7940984609 27.0806767509 27.7354583957 28.0633479342 27.0121151731 27.8383517791 27.9036725527 28.0806698582 27.0053819638 28.1411962462 27.6656121075 28.0868210807 27.1112024365 27.4947339474 27.7727448225 27.5425118798 27.1998159176 27.1503426856 27.3988268667 28.065174214 27.8752020427 28.2199266062 28.0935546808 28.3114572175 27.7923623823 28.3638193807 28.2918082303 27.2550957202 27.4017393212 28.2967835511 28.1687062363 27.1318743222 27.5703090027 27.7675812578 27.0790490111 27.7133763548 27.1530442931 28.0819981993 27.2733580601 28.030231249 27.0865232136 28.0711861412 27.4977097238 27.0417319167 27.3489829996 27.70152754 27.1326264095 27.5030352648 27.3315111864
27.5862697809 27.4790516246 28.3661337181 27.6807034444 27.4671364179 27.6364496896 27.2564151512 27.7564776906 28.2987371034 28.2907262078 27.7900115457 27.9915569407 27.4704696619 28.0031376505 28.3064575239 28.1914951791 28.266855368 27.3784665607 27.1180582122 28.1162820759 27.1290818649 28.0325149865 27.9334259725 27.6100161783 27.2010524736 27.6228736734 27.3189774272 27.8840992528 27.5988125365 27.5917222022 27.5135610112 27.9537295674 28.2225796796 27.3805548989 27.4331898706 28.0573541695 27.1869278645 27.8944100393 27.490970998 27.8223523265 27.3758081077 28.3825693589 27.3205762458 27.8352648552 27.7857413313 27.5770887049 27.7054730865 27.960636888 27.5096037707 27.2845638905 28.3503159906 28.3651927455 27.2515917956
