Spatial_Output/BAU/BAU_0349.asc
NCOLS 155
NROWS 192
XLLCORNER 196307.867259
YLLCORNER 449144.565805
CELLSIZE 33.573938
NODATA_VALUE NaN
[rows 50 to 74 of 192, columns 57 to 113 of 155]
36.5152866107 36.2536171338 36.5308392271 36.1743180264 77.2755654449 77.2755654449 77.2755654449 77.4293186157 36.8062038878 37.0973397594 36.5597720672 36.5120513182 37.1940986613 36.8648819853 37.0763345237 37.1264730349 36.2230043052 37.1102974494 36.910908915 36.9228229768 36.4609604185 36.851220054 37.15097459 36.4187513583 37.043190118 36.3883704368 36.2737247745 36.5590981984 37.0165159839 37.2308183867 36.0252455902 36.5622286188 37.1815699461 37.0198910958 36.7831323731 37.1238484965 37.3558334071 37.2150750296 37.2972205506 36.5598271756 37.0297964101 36.0847825047 36.6890120228 36.306805549 37.2806376338 37.2341921069 36.3837171273 37.3998381663 36.6312255561 37.0721919043 36.5089719433 37.026640819 36.1918161755 36.1648107134 36.4569299526 78.4787864846 71.7692473717
74.6496035207 60.1484474283 37.1510619593 36.2680181712 50.1297831887 77.2755654449 77.2755654449 77.2755654449 36.5757999138 36.0356445259 36.5451460524 37.0359820802 36.7867089777 36.3711433205 36.6873368283 36.4923773172 36.9189906823 36.5918828734 36.1635658852 36.0042735945 37.0552141656 36.3033904345 36.9693713724 36.3648468154 36.3420632591 36.0455488641 36.4788266467 36.8250775496 36.4246027939 36.4355713357 36.1121669388 37.1115783996 36.6250412971 36.2380617324 36.812996821 36.514637508 36.1990277565 36.5519724812 36.8313873466 36.3372107773 36.1045646842 37.1042886884 36.9041598509 37.3735595382 36.7817920007 37.0825677406 36.3474642154 37.003057425 37.3533892912 37.2193236192 37.2813206755 36.7859678828 36.2215703746 66.2561555336 37.0252890055 36.6633189711 61.8267698997
78.3449235695 74.6496035207 63.0911612629 63.0911612629 60.2770763189 60.2770763189 60.2770763189 36.6784368782 36.4221019739 36.8350127794 37.0976405708 37.1522442586 36.3898859268 36.9791254056 36.1325236955 36.8438759196 36.6041897481 36.1697179599 36.7598245523 36.9719014936 36.2136941951 36.9454206195 37.0075205112 36.6874668418 37.310034452 36.4516871065 37.1073699233 36.4171558964 36.1626414063 36.5926444934 37.3848440301 36.9723505717 37.0451605295 37.1618832422 37.3923072418 36.3735193966 36.6843075981 36.3120421822 36.9825504937 36.2763557524 36.9353369351 36.8301004799 36.045372372 36.1912958708 36.7016710949 36.9736808145 36.7442156009 36.2903262934 36.3375408666 36.2276754243 37.1011131636 46.5611119665 46.5611119665 66.2561555336 37.2871609057 36.8211004524 70.7174683245
78.3449235695 74.6496035207 63.0911612629 63.0911612629 80.3482046232 80.3482046232 80.3482046232 36.6108483786 36.0749118306 36.1599380506 36.5438646456 36.4583345801 36.1311942283 36.0535182245 36.8937515844 36.4592283239 36.2349791886 37.1558447825 36.1606323622 36.1615201613 37.0948304462 36.4000995841 36.6248938366 36.359683996 37.3695278956 36.7104183326 36.202182495 37.2140066699 37.0819614575 36.3525841987 37.1151741468 37.0194352871 36.4132864982 37.098524067 36.0762899095 37.4046420851 37.2456826891 36.6126259066 37.3046070538 36.2176938604 37.1261792553 36.5311707718 37.2624898985 36.9744565519 36.688243345 36.7814493973 36.0455433688 36.372107442 36.6213026803 36.376669005 36.9789375361 46.5611119665 46.5611119665 37.3844339074 36.8322862051 36.0960778645 51.125072992
36.8470048716 60.1484474283 52.4376845537 36.9782163343 80.3482046232 80.3482046232 36.3176527945 37.3534604264 36.0853289889 36.9638754931 36.637091534 36.0993085984 37.2108496809 36.7561598175 36.5422191315 37.0612315931 36.560545375 37.0039009821 37.0868077629 36.1628369176 36.0683443437 36.9236932252 37.2067459155 36.7925132619 36.8551059392 36.2997010462 37.3005116302 36.2140627118 36.603466603 37.3075164795 36.2580804487 37.3391276913 37.2817922626 36.7736775546 36.5436636039 36.6121651972 36.9144956467 36.4933714748 36.7528709034 36.2336795996 36.602845385 36.059625294 36.5878122253 37.0820302896 36.2525788312 36.2998858621 37.3997282463 37.2041406422 37.141550256 36.9491491203 37.2721772624 37.289271552 36.0685346809 36.0358320149 36.7394961435 36.9816885453 70.9747112055
36.3419017236 36.7185898347 37.0893987503 65.6477698049 65.6477698049 64.8811913113 56.7337458104 37.2206115731 36.6453333972 37.137676353 36.5415512609 37.3398193703 36.7043318899 78.130991736 78.130991736 36.2071504497 36.9712044492 37.3596869657 37.3955594379 36.3798654241 36.7104230775 36.5072956603 36.9506016118 36.6245720649 36.8397135906 36.678660037 36.8463290259 36.9598572755 36.1093880075 37.2725609205 36.9374353205 36.8236249392 36.8496079384 36.0840131805 36.0177032672 36.4534152673 36.7883513008 36.0495593476 36.3161196382 36.3929687761 37.3197839128 37.2995143109 36.3997154777 37.4096798882 36.6370633793 36.1984918189 36.7271028312 36.6497726099 36.9990998357 37.3703946665 36.7542509293 36.1419753006 37.1776176319 37.3848352912 36.2619114943 37.1946891491 70.9747112055
37.401835241 36.4724951285 36.0787675938 36.6453056534 75.1435944571 75.1435944571 64.8811913113 36.1095644624 36.2571027284 36.4030645011 36.1817964245 36.1830085579 36.7021397017 59.6921161789 36.7705455714 65.7322424586 37.0343820263 36.4412680951 36.5590041939 36.2567594211 37.1350287149 36.8196086573 36.1200644627 36.2381210597 36.4754274226 36.6125980313 36.8772529026 36.464071828 36.3639385306 37.1936221334 36.8228035079 36.4077595557 36.9025168864 36.7996674324 36.786474984 37.2336029585 36.5029392115 37.3085347432 36.2906370743 37.1958385355 37.3273695827 37.0618820759 36.3547877416 37.2452464753 37.2710786411 37.1119601481 36.1180127116 36.0639494871 36.8452710244 36.0211670591 36.078797256 36.2421847323 37.0431502977 36.077454612 36.2141300818 36.770406426 37.2401379677
36.1818546078 36.6386109004 37.227383873 65.8898642157 75.1435944571 75.1435944571 75.1435944571 36.1813715946 36.7013725641 36.3985856386 36.3070649747 37.0618669649 37.0025043977 52.2629493102 52.2629493102 36.3599412633 36.7412221949 36.4231381639 36.3204881145 36.8340129504 37.0365590494 36.7111150139 36.5208128447 36.372793498 36.0812678939 37.239325649 37.3005027633 36.4223851649 37.2389342833 36.2924186335 36.5242258884 36.5544864745 36.2989955882 36.5786026091 37.2381958596 37.0595291583 37.1822254686 36.5805785462 36.3248506628 36.8101132145 36.3154608421 36.7757467144 36.6638810201 36.1055894452 36.5513870769 36.7112435573 37.0568285899 52.5265864923 36.1512840149 36.299901163 36.4978702701 37.3894172639 36.5019554966 37.1827533672 37.2857434247 37.3568706335 44.8036676668
37.2463068584 36.3165420191 67.9368774269 71.25951214 67.6067236317 67.6067236317 67.6067236317 36.0297881201 36.6696984898 36.7811520674 36.6399233586 37.2876595613 52.2629493102 52.2629493102 52.2629493102 36.8781916142 36.0040928586 37.218803623 37.2887125885 36.197402496 36.8171353745 37.2886072044 36.6926070832 37.20813635 36.4571782754 37.2342284158 36.5357279696 36.5396447018 37.2216728132 37.0238613525 36.8000049818 37.3526519508 36.1801834403 37.2557871379 37.0827791645 36.4291508344 36.5343826069 36.2756740082 36.9892086277 36.9907853605 37.3265152437 36.5888040603 36.5186446148 37.2580401191 36.7367218446 70.0933870843 70.0933870843 52.5265864923 52.5265864923 36.5473732956 37.0171727278 37.2990810351 36.4235902696 37.0010461746 37.2107150107 37.3290142434 36.6872220996
37.1578085639 36.4158710321 63.0089382826 71.25951214 71.25951214 71.25951214 37.2711137643 36.6371490811 36.1758772909 36.8349924548 36.6506099875 37.3517847197 37.1454871883 65.8714960974 36.5483596965 37.112596078 37.1270997642 37.016140286 36.7534456781 36.049649593 36.4775239646 36.5411712174 36.6000907369 37.3291782467 36.006074821 36.7607273083 36.9689484612 36.5776582035 36.0887405261 36.5920082707 37.1133272484 36.3423814086 36.5449317845 37.2561639504 37.2933878874 36.414345886 36.5770411961 36.1858434591 37.3210165082 37.2326235842 37.1420874156 37.390749438 37.1873793896 36.5470262373 37.0037058609 70.0933870843 70.0933870843 52.4761511307 37.1488783017 36.3387798889 36.3165202859 36.8098560926 36.1591089495 36.4692643086 37.2806649208 37.2149650583 36.3338475143
37.0734610701 36.9532002748 36.1569215636 51.594653783 36.0786394868 36.0843467286 36.8748742607 36.3252002776 36.4123324915 36.3510896081 36.4399108248 36.212101655 65.8714960974 65.8714960974 65.8714960974 37.2686858907 36.2108247993 37.002882413 37.3552071419 36.9798381192 36.5846647593 36.2771544983 37.278199881 36.9330557849 36.6700013845 36.0493695038 36.9478953388 36.1482821483 36.403924629 37.3047371732 36.6463299794 36.8051376047 37.3822877406 36.2333549584 37.1561077609 36.9824805406 36.5457308703 36.6357493545 37.4002593217 36.9796673064 36.216957924 36.8919228308 62.7657641262 36.1221322102 62.7657641262 70.0933870843 70.0933870843 70.0933870843 37.1356138728 37.1177302193 36.2051192306 37.2547588799 37.2362679772 36.9795907457 36.3335686291 36.7237815707 37.0319648103
36.9982294681 36.7866890088 79.4097137083 79.4097137083 50.910253483 36.076909082 36.2407623683 36.5628324707 36.0665587535 36.6699036457 37.2929287193 37.1824217382 36.3956409781 66.2672958486 66.2672958486 37.0244625596 36.5160895248 36.3230933384 36.2440372337 36.6990509641 36.1394826334 36.3195122722 37.011070829 37.2241264144 36.0243160024 36.1054153403 36.33673632 36.0791889048 37.2828375376 36.8093352076 37.1392363005 36.1410681426 36.1356990744 36.149517044 36.8745006486 36.3825974491 37.3020889849 36.0031382545 36.1722149632 36.2711579819 37.1857132756 37.2113746076 57.2560377133 62.7657641262 62.7657641262 37.2794603055 36.8368958952 36.1418193196 37.1590972101 36.0415090152 37.3140053787 36.8568601709 37.243928597 36.7111986988 36.2612668031 36.1184551599 37.0173555732
36.6527654906 36.3653038681 36.9654917284 79.4097137083 37.1033377901 36.0550855246 37.1039435384 36.3333258682 36.5217338751 36.0769718785 37.1760126543 36.9324215731 66.2672958486 66.2672958486 66.2672958486 36.839785246 37.2316454679 36.1000745578 36.8245201106 36.0793478764 36.7370714944 36.2750694539 36.8931371488 36.1402669803 36.7619467409 37.0096982964 36.6746306766 36.6090950467 36.1727752611 36.991437612 36.6684846739 36.1513567368 36.5616346258 36.3345576964 37.3504638459 36.5908448238 36.4277464753 37.3863410059 37.3998010208 37.1438765877 36.1590763627 36.2348549788 59.0366540102 59.0366540102 59.0366540102 36.5283999462 37.3555433068 36.051765961 36.3127150594 36.865360446 36.9047396607 36.2164146596 36.7916245494 36.0287257969 36.9428043719 37.306162247 36.3048470217
36.4036954516 36.7113255772 36.8250098587 36.5912748121 56.8092806548 56.8092806548 36.2548468713 36.9230687003 36.9088672579 36.996960366 36.9306024293 36.6848948805 36.7398660795 62.4743196201 62.4743196201 36.3869839832 36.2343806383 36.4094599479 36.2383538076 37.1559233992 36.7039775648 37.386679896 36.8950048647 36.4950219592 37.0094796467 36.3375898321 37.3658002041 36.7574451711 36.0638998572 36.9427329401 36.8257206004 37.2100358152 37.1978687513 36.639439676 37.3109846529 37.3974470173 36.4107559332 37.2274506578 36.6425079084 36.9184751281 36.3139757864 36.7330526905 63.4966256291 59.0366540102 37.1238592566 36.8631530876 36.9335887812 36.5576400294 36.9793242058 36.1531396679 36.3837342609 37.3386448877 36.2317121047 37.1092451966 36.0334351766 36.6060272489 36.7349784352
49.9723753837 37.1223439099 36.2565163192 36.8066466919 56.8092806548 64.6730340998 64.6730340998 64.6730340998 36.3872162301 37.4062418446 37.0385795215 37.2906712385 62.4743196201 62.4743196201 62.4743196201 37.0149848639 36.2371822607 36.2325715807 36.3720045905 36.770577813 37.2010531764 36.2451176969 36.4362125511 36.1155726053 37.0383792773 36.3914259397 36.6305779658 37.236298791 36.0668732121 37.0776039066 37.1849123406 36.901575707 37.00168102 36.8096140027 36.8123698184 37.2401517455 36.4187269297 36.9501362086 36.0456725255 36.9257024683 37.3355207072 36.51165731 37.3147654132 88.8885151653 36.1134573891 37.1687058001 36.0438524939 36.55875083 36.1030496341 36.4867892186 36.13280579 37.3068382668 37.3019151064 37.1457939484 37.1468374004 36.3879655597 37.2294167851
75.6111576142 70.6099742483 47.6741370015 47.6741370015 60.6003870611 60.6003870611 59.5944190258 64.0563668547 36.0951888301 36.019380866 36.1551517557 36.9750347732 37.3784968333 37.040233652 37.2364113635 37.23688068 36.7283345678 36.4342806758 36.5081165486 36.3118843283 37.2048335527 36.5948115042 37.0589009836 36.8982075966 59.0141371504 36.6953621115 36.8212752114 36.2516270371 36.2670408096 36.4674446475 36.0803650461 36.3073239432 36.870415133 36.823063874 37.1489946171 36.1881676425 36.9945166786 36.2586383813 36.2740191024 36.9696534378 36.2937343863 36.2419976719 88.8885151653 88.8885151653 88.8885151653 36.8227640121 36.0280109836 37.3680418207 37.2472632682 37.3766759246 36.2401017239 37.2198526045 36.8143542159 36.0846567463 37.237486321 36.1146972922 36.9882144836
75.6111576142 60.0352224351 47.6741370015 47.6741370015 41.8268183161 59.5944190258 59.5944190258 53.1748353944 59.2217127009 59.2217127009 36.4026860374 36.7900835731 54.2804942127 54.2804942127 36.4013146626 36.1035280308 37.1000563112 36.4557597038 37.1193987797 69.2860379177 81.0004199622 36.3170278301 37.0626682488 59.0141371504 59.0141371504 59.0141371504 80.8695121717 36.8967013756 36.6610053729 36.6333356732 36.1918801323 36.2490858369 36.9567895949 36.8994894004 36.0249936398 36.1187414544 37.179453012 36.4244478294 36.4279005341 36.3266614355 36.0338874888 36.0999351129 36.2961572564 88.8885151653 70.6531422808 36.4775337311 36.0476185225 37.3687748828 37.3246540924 37.3796473852 36.8140112091 36.0132423193 36.4129424825 36.7707905247 37.2287861369 36.4368109706 37.0809922676
37.1368516184 37.0172175977 47.6741370015 37.0552503653 69.0153958537 59.5944190258 59.5944190258 53.1748353944 59.2217127009 59.2217127009 54.1343468868 37.2252001718 62.2847977443 62.2847977443 37.1657022636 36.1068128397 36.9884553833 36.8094225841 56.0495985528 81.0004199622 81.0004199622 81.0004199622 48.7337583132 37.2102280144 59.0141371504 80.8695121717 80.8695121717 36.2514144353 37.1902370028 36.720306172 37.3424570064 36.6860077854 37.3439542328 36.0439431718 37.3463961746 36.5174055295 36.7475367097 36.6642659438 36.9973992487 36.1719890725 36.5305668244 37.1935584923 37.3394417238 36.6373786492 37.04295917 36.7457882485 36.9466532245 37.1338604224 36.6399440565 36.5667882791 37.0471233395 36.1291649488 36.5989595389 36.7669074837 37.1848914881 36.1559511391 36.593674028
36.4283217415 36.6708581944 37.0049106273 36.3449157515 36.0189239733 69.0153958537 69.0153958537 62.4903753608 59.2217127009 63.391594041 37.2666658104 36.1738340028 36.6971198791 36.8410896621 36.0385524307 36.2576765409 36.8704087883 37.0941973735 36.7003831149 81.0004199622 81.0004199622 36.636640729 36.7288012434 55.4944955496 55.4944955496 80.8695121717 80.8695121717 36.366099004 36.7315419547 37.3483766139 36.7935718983 36.7231804186 36.5731019433 36.8768189374 36.1003877437 36.5522293586 36.4548918562 36.0239304218 36.3439284077 37.1412718414 36.9687704854 37.1035230682 37.3773263834 52.3880477676 36.8630368313 36.513019815 37.289297744 36.9913411459 37.2919767932 37.1450391861 36.4279563672 36.5045274331 37.0914050066 36.5965216339 36.9039893077 36.0673773042 36.8278476429
49.2903078258 36.618566623 36.3307303656 36.0092037726 36.8130107619 36.0826325011 36.5277307719 36.3490247577 36.1130616293 37.2698798322 37.3725212342 36.3936084514 37.2135814014 37.0071277119 37.008606438 36.5519682693 36.9440588056 36.4114248202 36.8102835049 36.2877669582 36.2581711985 36.4856815249 36.3011487346 36.4121605496 72.5419350366 55.4944955496 37.0630979439 36.6039538005 36.8408236501 36.6548984524 37.3303768384 36.2242326039 36.6909219762 36.4347907002 36.3685850496 36.7186913673 36.8957677408 36.0457018034 37.0329569783 36.3137978077 36.7590247264 36.7763019721 36.8750603051 36.5797685196 54.6171087969 36.3442028676 36.8009210628 36.249976961 37.1195586669 37.0584174833 36.5305212602 36.982307158 37.3690318265 36.7141940447 37.2886323159 36.8135218682 36.0944601994
36.0203120621 36.5670742528 36.2203184798 36.7437079237 36.5661959192 36.8638962667 36.2997813891 37.0809777584 36.1254808624 37.256508928 36.718814574 36.3953405457 37.2673825313 36.4847072062 37.2641452824 37.1549533405 36.5661934569 36.7633373519 37.1900395759 36.8389539085 36.4126705884 36.2630356738 36.2752263161 72.5419350366 72.5419350366 72.5419350366 37.0420667502 36.9453871701 36.6487747074 36.323780368 36.8749431711 36.8651557644 36.1041531334 36.1398352202 36.9587937887 36.9936109207 37.3056275986 36.4946485287 36.0918222396 37.1024726675 36.9413067266 36.1153560506 37.2344207686 54.6171087969 54.6171087969 54.6171087969 36.3758799391 36.6658947172 36.1239009391 36.8276891711 36.6202909554 36.4759047969 36.9059474628 36.3864450774 36.4251828234 37.4014888737 36.9051835427
36.5538079598 37.2654899837 37.3098192145 36.0668241307 36.2704630196 36.4585053427 36.1949327283 36.2132894889 37.0027842659 37.2701536368 36.6788642847 37.2869379396 37.332194408 61.3562484071 56.4383202885 56.4383202885 37.1993265402 36.3809710989 37.3424854598 36.6925133565 36.531861283 37.3192761495 37.1641689434 60.179678784 72.5419350366 60.179678784 37.3302171823 37.3895283321 36.5199127906 36.4528281682 36.1916334127 36.3238084548 36.4174267555 36.9437057413 37.3073236622 36.1555764115 36.9550352285 36.3931761107 36.3251490169 37.0554527216 36.5687960709 36.498978786 36.624649484 36.7545003909 36.0604009159 69.9500409591 36.233151638 36.0865601821 36.8703473928 36.8669029714 37.2337255553 36.412178753 37.3161060821 37.3090522345 37.2373010633 36.323950861 36.1714140098
36.0504992782 36.6988541482 36.9594122686 36.4828569955 36.7667925014 36.4353901881 37.312296999 36.3155994997 36.8684585209 36.2863168742 37.1879417376 36.9007257621 36.2142147883 36.1865657457 56.4383202885 56.4383202885 37.3627706929 36.1574984355 36.1121438339 36.9673560428 37.333649855 36.7410742021 36.7150981491 36.585545434 57.6775382 57.6775382 63.9503261335 36.3010884244 36.8300527364 64.9483037379 48.1109642091 36.7170161099 36.0717380945 36.0424919946 37.2513239016 36.3553990877 36.0193748564 36.2480722831 37.0914009463 37.1485536679 37.1460760332 36.22716203 36.0399249935 37.2110765053 69.9500409591 37.2242955172 37.0837978649 37.0960701376 36.8621087532 37.2219873924 36.220833816 37.0314016151 36.3482027235 36.3016403082 36.3856383813 36.83256917 36.951754744
36.7832563291 36.5287886725 36.0457650123 36.2667592102 37.2988353098 37.2297186634 37.0616828669 36.3344608663 36.7458136604 36.5779596561 37.3384376219 36.6655090141 37.0036228743 36.1590195034 36.3671204599 37.4103941813 37.1564502261 36.0183131379 36.8940317875 36.498327245 36.6180630845 36.7082384707 36.9836785122 57.6775382 57.6775382 57.6775382 79.67496544 36.0290607541 68.2172771349 68.2172771349 48.1109642091 37.0823032113 36.8934202723 37.3311493587 36.7546895781 36.6679081868 36.9168445819 36.4596214846 37.2171517168 36.1239343172 36.6050946311 36.5871365691 36.9803263455 37.170721521 36.7955627007 36.7243060773 36.3381691013 36.1009102441 36.5428735652 36.6323418365 36.8414518292 36.7766662958 36.467968349 36.0646156702 36.1262236398 36.6035663864 36.7017720685
36.7326134469 37.0913487087 36.923431357 36.5357487143 36.0019100252 36.4296968605 37.3599697335 36.4544828927 36.5095848774 36.5306351455 36.2542939531 36.6522143364 36.109466504 36.1215179528 36.9704135538 37.4125812468 36.9357179019 37.2705807271 37.32447959 36.2890093065 36.6028347837 37.0604117044 37.3044146404 36.8295089075 82.9371974931 82.9371974931 79.67496544 79.67496544 68.2172771349 68.2172771349 48.1109642091 36.2072617125 37.3306609895 37.1778009791 36.5539591095 36.3038905518 36.525927723 36.0197264688 36.4292401288 36.7241242019 36.0965277556 36.3272720958 36.30535822 36.9172813221 36.2877424897 37.200274001 36.3562729619 37.0994787015 36.5225687326 37.4005892168 36.8363926646 37.2088654357 36.4533434507 36.6787521585 36.8184258095 36.954060244 36.2560578021
