Spatial_Output/BAU/BAU_0798.asc
NCOLS 155
NROWS 192
XLLCORNER 196307.867259
YLLCORNER 449144.565805
CELLSIZE 33.573938
NODATA_VALUE NaN
[rows 111 to 147 of 192, columns 0 to 82 of 155]
0 0 0 0 0 0 0 0 0 0 0 0 0 0 0 0 0 0 0 0 0 0 0 0 0 0 0 0 0 21 21 21 21 21 21 21 21 21 21 21 21 21 21 21 21 21 21 21 52.7972821808 65.8231189397 65.8231189397 21 46.4083783241 21 66.9554403611 21 21 74.6947341072 74.6947341072 21 41.2537786172 41.2537786172 21 21 21 21 21 54.7875619397 54.7875619397 49.7324006386 49.7324006386 47.6169990926 63.6990087486 63.6990087486 50.0297617373 50.0297617373 50.0297617373 30.499292748 30.499292748 21 53.1503939858 21 21
0 0 0 0 0 0 0 0 0 0 0 0 0 0 0 0 0 0 0 0 0 0 0 0 0 0 0 0 0 0 21 21 21 21 21 21 21 21 21 21 21 21 21 21 21 21 21 21 65.8231189397 52.7972821808 52.7972821808 21 21 21 21 21 34.8248364611 74.6947341072 74.6947341072 74.6947341072 41.2537786172 41.2537786172 21 21 21 21 21 54.7875619397 54.7875619397 21 49.7324006386 21 63.6990087486 63.6990087486 75.5689519651 21 50.0297617373 66.062054009 66.062054009 21 21 53.1503939858 21
0 0 0 0 0 0 0 0 0 0 0 0 0 0 0 0 0 0 0 0 0 0 0 0 0 0 0 0 0 0 0 21 21 21 21 21 21 21 21 21 21 21 21 21 21 21 21 21 52.7972821808 52.7972821808 52.7972821808 77.1369679469 40.487595265 40.487595265 21 21 58.4735237798 21 21 21 52.0834587871 41.2537786172 21 21 21 21 21 21 21 21 21 21 21 21 21 21 66.062054009 66.062054009 21 21 21 21 21
0 0 0 0 0 0 0 0 0 0 0 0 0 0 0 0 0 0 0 0 0 0 0 0 0 0 0 0 0 0 0 21 21 21 21 21 21 21 21 21 21 21 21 21 21 21 21 21 63.7310694078 57.6530128372 57.6530128372 21 21 51.1245016392 41.6471249834 21 21 21 21 21 21 21 21 21 21 21 21 21 21 21 21 21 21 21 21 21 38.7053114181 38.7053114181 21 21 21 37.5169832348 21
0 0 0 0 0 0 0 0 0 0 0 0 0 0 0 0 0 0 0 0 0 0 0 0 0 0 0 0 0 0 0 0 21 21 21 21 21 21 21 21 21 21 21 21 21 21 21 21 57.6530128372 57.6530128372 57.6530128372 21 21 21 54.5155480334 54.5155480334 21 21 21 21 21 21 21 56.8304842431 21 21 21 21 21 21 21 21 21 21 21 21 38.7053114181 38.7053114181 38.7053114181 35.3522322137 46.3502886304 58.983725886 43.362038245
0 0 0 0 0 0 0 0 0 0 0 0 0 0 0 0 0 0 0 0 0 0 0 0 0 0 0 0 0 0 0 0 21 21 21 21 21 21 21 21 21 21 21 21 21 21 21 21 21 37.5907090562 44.1450340459 62.3457780639 21 51.1245016392 21 21 21 21 21 21 21 21 62.7458354005 62.7458354005 62.7458354005 21 21 21 21 21 21 21 21 21 21 21 63.2937062529 43.5127344857 35.3522322137 46.3502886304 46.3502886304 46.3502886304 43.362038245
0 0 0 0 0 0 0 0 0 0 0 0 0 0 0 0 0 0 0 0 0 0 0 0 0 0 0 0 0 0 0 0 0 21 21 21 21 21 21 21 21 21 21 21 21 21 21 21 21 37.5907090562 21 21 21 21 21 61.9626970006 21 21 21 54.592395456 54.592395456 21 21 62.7458354005 56.8304842431 21 21 21 21 21 21 21 21 21 21 21 43.5127344857 43.5127344857 43.5127344857 35.3522322137 46.3502886304 46.3502886304 21
0 0 0 0 0 0 0 0 0 0 0 0 0 0 0 0 0 0 0 0 0 0 0 0 0 0 0 0 0 0 0 0 0 21 21 21 21 21 21 21 21 21 21 21 76.9359557026 21 56.6255483596 45.073339942 32.5033541945 32.5033541945 32.5033541945 21 21 21 21 53.1123107545 21 21 47.8638368419 21 21 47.77360742 37.1639759526 37.1639759526 52.3025448352 21 21 21 21 21 21 21 21 21 21 21 21 21 43.6077107041 21 21 21 21
0 0 0 0 0 0 0 0 0 0 0 0 0 0 0 0 0 0 0 0 0 0 0 0 0 0 0 0 0 0 0 0 0 0 21 21 21 21 21 21 21 21 76.9359557026 21 76.9359557026 21 21 37.8879087525 45.073339942 32.5033541945 32.5033541945 21 21 21 21 53.1123107545 21 21 21 21 54.592395456 37.1639759526 37.1639759526 37.1639759526 52.3025448352 21 21 21 21 21 21 21 21 21 21 21 21 43.6077107041 69.2234048287 69.2234048287 21 21 21
0 0 0 0 0 0 0 0 0 0 0 0 0 0 0 0 0 0 0 0 0 0 0 0 0 0 0 0 0 0 0 0 0 0 0 21 21 21 21 21 21 21 76.9359557026 76.9359557026 76.9359557026 76.9359557026 21 56.6255483596 56.0006781512 56.0006781512 21 21 21 21 21 21 21 50.239924315 21 21 21 45.6634441507 49.1429991782 52.3025448352 56.852926851 21 21 21 21 21 21 21 21 21 21 21 21 69.2234048287 69.2234048287 69.2234048287 21 21 21
0 0 0 0 0 0 0 0 0 0 0 0 0 0 0 0 0 0 0 0 0 0 0 0 0 0 0 0 0 0 0 0 0 0 0 21 21 21 21 44.1226427732 44.1226427732 21 21 76.9359557026 21 21 21 61.0505821733 61.0505821733 43.5998841768 21 21 21 21 21 21 21 21 21 51.4694547443 21 48.9881542075 48.9881542075 48.9881542075 21 21 21 21 21 21 21 21 21 21 21 21 21 21 21 57.2901154868 43.1518125837 57.2901154868 21
0 0 0 0 0 0 0 0 0 0 0 0 0 0 0 0 0 0 0 0 0 0 0 0 0 0 0 0 0 0 0 0 0 38.7821816355 38.7821816355 38.7821816355 21 21 21 44.1226427732 44.1226427732 21 60.8585833722 21 21 21 47.3778308529 61.0505821733 61.0505821733 61.0505821733 21 21 21 21 21 21 21 51.4694547443 45.2375340727 45.2375340727 21 21 21 21 21 21 21 21 21 21 21 21 21 21 21 21 21 21 21 53.1777016617 21 53.1777016617 21
0 0 0 0 0 0 0 0 0 0 0 0 0 0 0 0 0 0 0 0 0 0 0 0 0 0 0 0 0 0 57.1518353551 38.0838197666 38.8833480557 40.4441326619 34.3382991949 38.7821816355 21 21 21 21 44.1226427732 21 21 21 21 21 43.6046711201 43.6046711201 43.6046711201 21 21 21 21 21 21 21 21 21 45.2375340727 21 21 21 21 21 21 21 21 21 21 21 21 21 21 21 21 21 21 21 21 53.1777016617 53.1777016617 68.2229611501 21
0 0 0 0 0 0 0 0 0 0 0 0 0 0 0 0 0 0 0 0 0 0 0 0 0 0 0 0 54.5851266794 54.5851266794 43.4283721128 38.0838197666 40.0401579748 35.5767876959 42.82306698 38.7821816355 47.2766597796 21 21 21 21 21 21 21 21 21 45.1629095858 45.1629095858 43.6046711201 21 21 21 21 21 21 21 21 21 21 21 21 21 21 21 21 21 21 21 21 21 21 21 21 21 21 21 21 21 21 21 54.8038295335 21 21
0 0 0 0 0 0 0 0 0 0 0 0 0 0 0 0 0 0 0 0 0 0 0 0 0 40.3674955343 40.3674955343 55.1769757107 54.5851266794 43.4283721128 43.4283721128 38.0838197666 43.4806217083 40.5856122142 39.3500137839 54.7063549248 0 0 21 21 21 21 21 21 21 21 45.1629095858 45.1629095858 45.1629095858 21 21 21 21 21 21 21 21 21 42.2839230437 21 21 21 21 21 21 21 21 21 21 21 21 21 21 21 21 21 21 21 21 21 54.8038295335 54.8038295335 54.8038295335
0 0 0 0 0 0 0 0 0 0 0 0 0 0 0 0 0 0 0 0 0 0 0 0 0 40.3674955343 40.3674955343 40.3674955343 43.4283721128 54.5851266794 43.4283721128 51.8962545045 48.8378919018 55.145741716 0 0 0 0 21 21 21 21 21 21 21 68.49523671 47.8054028269 21 21 21 21 21 21 21 21 21 37.9735826859 21 42.2839230437 42.2839230437 21 21 21 21 21 21 21 21 21 21 21 21 21 21 21 21 21 21 21 52.3707775109 49.5032935572 49.5032935572 51.9401652341
0 0 0 0 0 0 0 0 0 0 0 0 0 0 0 0 0 0 0 0 0 0 0 0 0 48.7952647989 40.3674955343 55.1769757107 68.4228946082 65.3654410333 0 0 0 0 0 0 0 0 0 21 21 21 21 21 21 21 21 68.49523671 21 21 21 21 79.8223386127 21 21 21 37.9735826859 21 42.2839230437 42.2839230437 21 21 21 21 21 21 21 21 21 21 21 21 21 21 21 21 21 21 21 21 49.5032935572 49.5032935572 21
0 0 0 0 0 0 0 0 0 0 0 0 0 0 0 0 0 0 0 0 0 0 0 0 0 0 0 0 0 0 0 0 0 0 0 0 0 0 0 0 21 21 21 21 21 21 21 21 21 21 21 79.8223386127 79.8223386127 79.8223386127 21 21 37.9735826859 21 21 21 21 21 21 21 21 21 21 21 50.0295417515 21 21 21 21 21 21 21 21 21 21 21 21 35.0232679986 21
0 0 0 0 0 0 0 0 0 0 0 0 0 0 0 0 0 0 0 0 0 0 0 0 0 0 0 0 0 0 0 0 0 0 0 0 0 0 0 0 0 21 21 21 21 21 21 56.5837769464 54.243484822 21 21 21 21 21 21 21 21 21 21 21 21 21 47.1305984453 47.1305984453 21 44.4818544256 21 21 21 21 21 21 21 21 21 21 21 21 21 21 71.7987529637 71.7987529637 51.570859848
0 0 0 0 0 0 0 0 0 0 0 0 0 0 0 0 0 0 0 0 0 0 0 0 0 0 0 0 0 0 0 0 0 0 0 0 0 0 0 0 0 21 21 21 61.7918425386 56.5837769464 21 54.243484822 21 41.9531173673 21 21 21 21 21 21 21 21 21 21 46.3802369388 21 21 21 21 21 43.3036226678 21 21 21 21 21 21 21 21 21 21 21 21 21 71.7987529637 71.7987529637 66.3231351047
0 0 0 0 0 0 0 0 0 0 0 0 0 0 0 0 0 0 0 0 0 0 0 0 0 0 0 0 0 0 0 0 0 0 0 0 0 0 0 0 0 0 21 21 21 21 21 21 21 21 21 21 21 21 21 21 21 21 21 21 46.3802369388 46.3802369388 21 21 21 21 21 21 21 21 21 21 21 21 21 21 21 21 21 21 21 66.3231351047 66.3231351047
0 0 0 0 0 0 0 0 0 0 0 0 0 0 0 0 0 0 0 0 0 0 0 0 0 0 0 0 0 0 0 0 0 0 0 0 0 0 0 0 0 0 0 21 21 21 21 21 21 21 21 21 21 21 21 41.2585502147 51.0844635345 56.3221039494 21 21 46.3802369388 46.3802369388 21 21 21 21 21 21 21 21 21 21 21 21 21 21 21 21 21 21 21 66.3231351047 59.9891324223
0 0 0 0 0 0 0 0 0 0 0 0 0 0 0 0 0 0 0 0 0 0 0 0 0 0 0 0 0 0 0 0 0 0 0 0 0 0 0 0 0 0 0 21 21 21 21 21 21 21 21 21 21 21 21 41.2585502147 41.2585502147 56.3221039494 21 21 21 21 21 47.1744857786 47.1744857786 21 21 21 21 21 21 21 21 21 21 21 21 21 21 21 21 21 21
0 0 0 0 0 0 0 0 0 0 0 0 0 0 0 0 0 0 0 0 0 0 0 0 0 0 0 0 0 0 0 0 0 0 0 0 0 0 0 0 0 0 0 0 21 21 21 21 21 21 21 21 21 21 21 41.2585502147 41.2585502147 56.3221039494 21 21 21 21 21 47.1744857786 47.1744857786 47.1744857786 21 21 21 21 21 21 21 21 21 21 21 21 21 21 21 21 21
0 0 0 0 0 0 0 0 0 0 0 0 0 0 0 0 0 0 0 0 0 0 0 0 0 0 0 0 0 0 0 0 0 0 0 0 0 0 0 0 0 0 0 0 21 21 67.7199836418 21 21 21 21 21 21 39.4948312456 21 21 21 21 21 21 21 21 21 21 21 21 21 21 21 21 21 21 21 21 21 21 21 21 21 21 21 21 21
0 0 0 0 0 0 0 0 0 0 0 0 0 0 0 0 0 0 0 0 0 0 0 0 0 0 0 0 0 0 0 0 0 0 0 0 0 0 0 0 0 0 0 0 21 67.7199836418 21 21 21 21 21 21 21 21 21 21 21 21 21 21 21 21 21 21 21 21 21 21 21 21 21 21 21 21 21 21 21 21 21 21 21 21 21
0 0 0 0 0 0 0 0 0 0 0 0 0 0 0 0 0 0 0 0 0 0 0 0 0 0 0 0 0 0 0 0 0 0 0 0 0 0 0 0 0 0 0 0 0 21 33.507914196 33.507914196 33.507914196 21 21 21 21 21 21 21 21 21 21 21 21 21 21 21 21 21 21 21 21 21 21 21 21 21 21 21 21 21 21 21 21 21 21
0 0 0 0 0 0 0 0 0 0 0 0 0 0 0 0 0 0 0 0 0 0 0 0 0 0 0 0 0 0 0 0 0 0 0 0 0 0 0 0 0 0 0 0 0 21 33.507914196 33.507914196 21 21 21 21 21 21 21 21 21 21 21 21 21 21 21 21 49.4857746019 49.4857746019 49.4857746019 21 21 21 21 21 21 21 21 21 21 21 21 21 21 21 21
0 0 0 0 0 0 0 0 0 0 0 0 0 0 0 0 0 0 0 0 0 0 0 0 0 0 0 0 0 0 0 0 0 0 0 0 0 0 0 0 0 0 0 0 0 21 36.1308175944 36.1308175944 21 21 21 21 21 21 21 21 21 21 21 21 21 21 21 21 21 49.4857746019 49.4857746019 21 21 21 21 21 21 21 21 21 21 21 21 21 21 21 21
0 0 0 0 0 0 0 0 0 0 0 0 0 0 0 0 0 0 0 0 0 0 0 0 0 0 0 0 0 0 0 0 0 0 0 0 0 0 0 0 0 0 0 51.7769958375 43.6057756133 36.6226853606 36.1308175944 21 21 21 21 21 21 21 21 21 21 21 21 21 21 21 21 21 59.8978173791 59.8978173791 21 21 21 21 21 21 21 21 21 21 21 21 21 21 21 21 21
0 0 0 0 0 0 0 0 0 0 0 0 0 0 0 0 0 0 0 0 0 0 0 0 0 0 0 0 0 0 0 0 0 0 0 0 0 0 0 0 0 53.5590002182 51.1353652091 55.4309149626 43.6057756133 43.6057756133 21 36.1308175944 21 21 21 21 21 21 21 21 21 21 21 21 21 21 21 21 21 59.8978173791 59.8978173791 21 21 21 21 21 21 21 21 21 21 21 21 21 21 21 21
0 0 0 0 0 0 0 0 0 0 0 0 0 0 0 0 0 0 0 0 0 0 0 0 0 0 0 0 0 0 0 0 0 0 0 0 0 0 0 41.150075614 53.3185212987 53.5590002182 53.5590002182 55.4309149626 43.6057756133 43.6057756133 21 21 21 21 21 21 21 21 21 21 21 21 21 21 21 21 21 21 21 21 21 21 21 21 21 21 21 21 21 21 21 21 21 21 21 21 21
0 0 0 0 0 0 0 0 0 0 0 0 0 0 0 0 0 0 0 0 0 0 0 0 0 0 0 0 0 0 0 0 0 0 0 0 0 0 48.6314742538 41.150075614 53.3185212987 53.5590002182 53.5590002182 51.7769958375 43.6057756133 0 0 21 21 21 21 21 21 21 21 21 21 21 21 21 21 21 21 21 21 52.5987304789 21 21 21 21 21 21 21 21 21 21 21 21 21 21 21 21 21
0 0 0 0 0 0 0 0 0 0 0 0 0 0 0 0 0 0 0 0 0 0 0 0 0 0 0 0 0 0 0 0 0 0 0 0 0 0 49.6573458316 41.150075614 53.3185212987 53.3185212987 56.1053150068 0 0 0 0 21 21 21 21 21 21 21 21 21 21 21 21 21 21 21 21 21 21 52.5987304789 21 21 21 21 21 21 21 21 21 21 21 21 21 21 21 21 21
0 0 0 0 0 0 0 0 0 0 0 0 0 0 0 0 0 0 0 0 0 0 0 0 0 0 0 0 0 0 0 0 0 0 0 0 0 0 49.6573458316 48.6314742538 49.6573458316 0 0 0 0 0 0 21 21 21 21 21 21 21 21 21 21 21 21 21 21 21 21 21 21 21 21 21 21 21 21 21 21 21 21 21 21 21 21 21 21 21 21
0 0 0 0 0 0 0 0 0 0 0 0 0 0 0 0 0 0 0 0 0 0 0 0 0 0 0 0 0 0 0 0 0 0 0 0 0 0 0 0 0 0 0 0 0 0 0 0 21 21 21 21 21 21 21 21 21 21 21 21 21 21 21 21 21 21 21 21 21 21 21 21 21 21 21 21 21 21 21 21 21 21 21
0 0 0 0 0 0 0 0 0 0 0 0 0 0 0 0 0 0 0 0 0 0 0 0 0 0 0 0 0 0 0 0 0 0 0 0 0 0 0 0 0 0 0 0 0 0 0 0 0 0 21 21 21 21 21 21 21 21 21 21 21 21 21 21 21 21 21 21 21 21 21 21 21 21 21 21 21 21 21 21 21 21 21
