Spatial_Output/BAU/BAU_1176.asc
NCOLS 155
NROWS 192
XLLCORNER 196769.923733
YLLCORNER 449719.875193
CELLSIZE 27.603701
NODATA_VALUE NaN
[rows 46 to 68 of 192, columns 0 to 52 of 155]
28.0129764995 27.7592623309 27.6211182901 27.7143423854 27.6597306896 27.7732372861 28.1001892778 27.8507947915 28.0834096483 27.7893990156 27.5105187836 63.9178393598 63.9178393598 27.6796552018 27.6652867858 27.522548247 27.9821760712 27.9617669609 27.8576600846 27.9990863048 28.0510718024 73.8567314696 73.8567314696 27.6021391906 27.6479703562 27.638685474 27.5942435831 27.9576667506 27.8422427043 27.591195253 27.710909304 81.3716523174 81.3366661676 81.7036197356 27.9263412265 27.5136066018 27.5188878647 27.824462094 27.8198870104 27.5880224966 28.0599409967 27.5184247198 28.1793396624 27.8580549709 27.6726348271 27.5844154057 27.988054129 28.1797315715 57.9262701926 27.5750488771 55.3267741876 54.5146844272 54.5146844272
27.6743379534 28.0746955891 27.5149615507 27.7641507751 27.7940820813 28.0256000319 28.1044306726 27.8035509096 27.8420413944 28.1213965779 27.9728783319 28.0420064389 45.4375059316 27.6742348415 27.8486826214 27.7472515893 27.5234572324 27.9522998051 27.6639006962 28.1417734084 27.8731219726 68.8223666455 68.8223666455 27.7859320739 27.841361161 28.1723395333 27.9816156731 27.8962309992 27.7110144139 28.0653439938 27.7288802104 27.7486276689 59.2262337475 27.8404060589 27.9555399962 27.5058656415 27.7742251983 27.8656187016 28.0537185419 27.9530775046 28.1383676969 27.927854039 28.0825223668 28.0995214728 27.6591664288 28.0218603585 27.5901662298 27.8134369026 27.5196939797 27.9873700293 27.5086379587 61.0120086502 61.0120086502
28.1158113446 27.6056764009 27.6669102151 27.56621213 27.5421419231 27.8599031568 28.0488588278 28.0539355346 27.8514370412 27.6390352486 28.0664006993 27.5917351117 27.6263234583 44.1204678184 27.6935194477 27.9375812332 27.8860707276 28.1885285838 27.7460312507 28.0850855378 27.6903050373 68.8223666455 68.8223666455 68.8223666455 27.5020327007 27.5643740919 27.8715277863 28.0475811747 27.8894107832 27.8115930404 27.5682681854 27.8171945966 51.0820375125 51.0820375125 27.8954679241 27.5308363953 27.5201302616 28.1736072929 27.8891375569 27.6267431212 27.7479237426 27.7585868577 27.5985921582 27.7882263333 28.1125586458 27.6655590057 27.6993213928 28.1075243004 27.9771967167 27.9832647723 27.8665887719 27.8728846242 70.3084022065
27.7417134908 27.6033763832 27.7109747838 27.7640807309 28.0769064548 28.1647000579 28.0069031152 28.0272367964 27.7378083505 27.6473419436 28.0949346816 28.1793084412 27.6958805688 56.0027158818 56.0027158818 56.0027158818 28.1049376303 27.7158085093 27.8588667689 27.7703501662 27.6163562601 60.7386285257 60.7386285257 56.1086029631 27.865992305 27.928630901 27.8665202826 28.0357966759 27.5080768597 27.547824921 28.0574975032 70.5447242712 70.5447242712 70.5447242712 27.8538212321 27.7406712979 27.6248295468 28.0461918762 27.9274802962 27.6885508465 27.6321124711 27.5951576443 27.8852405534 27.7620640231 27.962484149 28.0927902964 27.8059821238 27.5568018481 27.6204752323 27.7765992385 27.7072942804 27.6091826246 27.6393075697
27.5141243521 27.8669208149 28.0518142831 28.1118878069 27.6810852243 27.759805955 27.8238285742 28.0383491965 27.5706336285 27.7483425743 27.9149984849 27.6679360412 44.1204678184 56.0027158818 56.0027158818 27.5540343188 27.8806163603 27.7131130425 27.9888736136 28.180820427 28.157964155 27.5544442624 28.1286805599 27.8030910201 28.1848297965 27.8032010116 27.7312812608 27.9169544376 28.0607427244 27.8801711705 59.1354597103 42.2043858354 70.5447242712 70.5447242712 27.5708497352 28.0906602254 27.9664737769 27.7766525407 27.9273680068 27.7420618608 27.6401610748 27.9178117863 28.1950829833 28.0556644273 27.6419129362 27.6158081165 27.6198535359 28.0105756074 27.587760259 27.5878310882 28.1631047893 27.8488764307 27.9162739224
28.1877093244 27.5873875347 27.7199280784 27.7252265019 28.0413153279 27.9757113181 27.5660119361 27.852902969 27.862275027 27.902606404 27.6868548111 27.9598348427 28.2056826141 27.9540294353 59.1833313635 59.1833313635 76.202789623 28.1070207349 27.6744907197 27.9907154053 27.9211510476 27.8850332503 27.9915654656 44.8517549474 55.6514024712 27.841968685 62.8306982998 27.6661111547 54.246109765 54.246109765 59.1354597103 59.1354597103 46.8379336489 55.1430905768 55.1430905768 28.1079638517 27.9428382973 27.5922467418 28.0942447865 27.8146027155 28.1919897632 27.9272895718 28.1557610901 27.6257657479 27.7515937774 28.1045685857 27.9439253179 28.0152744538 27.5689585549 27.6902845052 27.7374447992 27.8635664009 43.3569382005
27.9523918604 27.7361946329 28.1685379197 27.607428515 28.1881057012 27.73206572 27.5808357254 28.0757062539 28.0087804928 28.0287471517 27.5382660906 27.8556127869 27.8565815242 27.8543169247 44.7733340707 44.7733340707 27.9016801366 45.4166584344 27.5295518349 80.3856639494 27.8475991834 54.9020813685 49.3113566962 57.89374918 57.89374918 62.8306982998 62.8306982998 27.7545710658 54.246109765 54.246109765 59.1354597103 59.1354597103 60.7356923122 55.1430905768 55.1430905768 27.8803545708 27.7389433238 28.0889723129 27.6449046048 27.7751343899 28.1420715633 28.0301812858 27.6011361561 27.7708422585 27.8997596961 28.0401534292 27.9125556824 27.8002937834 28.0862938944 27.8260899975 27.679276262 27.9177116011 28.0794630552
27.8314997597 28.0543038815 27.8335752776 28.1871544388 27.9286293004 27.6255700129 27.5254550268 28.1767858113 28.040704833 28.0868889573 27.7615205844 27.8055606733 27.6093208736 27.8217199567 44.7733340707 44.7733340707 45.4166584344 45.4166584344 45.4166584344 27.7748691722 54.9020813685 54.9020813685 54.9020813685 57.89374918 57.89374918 62.8306982998 62.8306982998 64.6999672954 27.7738652077 54.246109765 59.1354597103 27.9380208669 60.7356923122 60.7356923122 27.6825914327 28.0085991325 28.0898658214 27.6823484893 27.9619675807 27.8123975282 27.5285001404 27.5777023061 28.0864638345 27.8235862244 27.8692006818 27.8800782815 27.6094972206 28.1772698082 27.8675505843 27.8076465917 28.030404246 27.5265874522 50.2724569756
27.5269060241 28.1962796311 27.9667147033 28.0830884727 27.6662533038 28.2016985708 28.1895422271 28.1313551683 27.7349842298 27.6399903089 28.1975332921 27.9309710036 27.6319581865 27.863963841 44.7733340707 27.5382679629 27.5469901176 45.4166584344 28.1927379406 80.3856639494 27.9315036916 54.9020813685 41.8661996623 44.8517549474 28.1667431009 65.8053282606 62.8306982998 27.8763349761 27.9361925318 27.9281173927 27.5242979039 61.0190724367 47.567813894 47.567813894 61.0190724367 27.9001030137 27.6718421815 27.8364916902 27.9057356572 27.6809960228 27.6270907217 28.136040337 27.8089904834 28.0030256502 27.5904803549 28.061876727 28.1644556234 27.6971017601 27.8813169761 27.9493582884 28.1833252945 27.5677311375 27.9809255909
28.075074983 28.1459326393 27.578492309 27.7691685091 27.8290487348 27.7319907344 27.9038153852 27.9434867667 27.9049380056 27.9573821791 28.0788845598 28.0686800263 28.1506312657 27.6315015761 27.9572259696 63.302315677 63.302315677 63.302315677 27.5922548239 27.6888318527 27.874288222 27.8438605886 27.8306449034 65.8053282606 65.8053282606 65.8053282606 27.8698437791 27.5124109654 28.0823839339 28.1762041135 28.0968753649 27.6937623099 47.567813894 47.567813894 60.7473007032 27.9342443599 27.988313512 27.7040921245 28.0087443774 27.6846384946 27.5269694866 27.7100484155 27.8951050765 27.6264908533 27.7472573306 27.8518738462 27.8498749586 28.1255204955 28.0858094499 28.026882615 28.0815105707 27.8862972276 28.1765241236
27.7852765623 27.9778385428 28.0126572591 27.8366317649 27.7364087347 27.847992948 27.83663455 27.7382169025 28.0570228363 27.5027545017 27.9324950833 27.8484070871 27.7001373709 27.7900269633 28.1374168754 63.302315677 47.6000692569 63.302315677 28.1023272423 27.5334743884 27.9868891624 27.6249779712 27.9598827006 28.048318687 65.8053282606 27.8439533315 27.5142567339 27.673314323 27.723426593 28.0856879016 27.7594500558 47.3177022245 41.1414817633 27.6571315145 27.5520598558 27.8137985825 27.7768581437 28.0043700442 27.6325119647 27.8941831346 28.132313582 27.519200136 27.7660599537 27.6166155582 27.6096286134 27.5227575416 27.9538278637 27.5283608593 27.8699244156 27.6166930555 28.1304602044 27.6147970369 42.8793865391
28.0607443166 28.1592271285 27.6302310854 27.8564948578 27.7604657422 27.6382605339 27.7653311595 28.2062802001 27.5214030292 28.0466152706 28.1585271448 27.9154097978 27.6195000876 27.9171049346 27.7793410498 47.6000692569 47.6000692569 47.6000692569 28.082042078 27.8113543451 28.0579790588 28.0864903145 28.1028886464 27.6797438877 28.0801919406 28.1503779739 28.1938186449 28.1502829422 28.0948005987 27.564481013 27.9908046039 27.7454364691 27.6520934098 41.1414817633 28.0090824982 28.1646438034 27.6349981268 27.7991281028 28.0871198382 27.945901721 27.8361282441 28.1791384053 27.9353108195 27.9594816544 27.9350439027 27.5269877764 27.6780981303 28.0933317566 27.7129687673 27.6613475872 28.0757669488 45.3592317671 45.3592317671
27.7359404246 27.8174765931 27.9860380836 27.9349157803 28.0799941536 28.0466876637 27.9314199459 27.8463906751 27.676723648 28.1519076048 27.7282939186 27.5234145234 27.8398637046 27.7635221214 27.6404437392 46.1051755601 47.6000692569 46.1051755601 27.6266625157 27.5039452018 27.7237571064 28.1830754843 27.8113207121 27.9724030253 27.8255973073 66.6360958463 27.7489787156 27.8983492614 27.8367330739 27.6679383011 27.5283642735 27.6978598167 28.1972533298 28.1541899376 51.2793256112 27.9302936099 27.6930168834 27.7084124766 27.6667661941 28.1316092135 28.1066487739 27.8035403293 27.6207076611 28.0995574346 28.205531467 27.9182741987 27.6721646039 28.0300634366 27.5689903796 27.5152944769 28.116151267 28.2049518558 45.3592317671
28.1541718097 27.7746510754 27.6956929066 27.6704275712 27.7770995695 28.0450522786 27.7012085913 27.7405291968 27.944033831 27.7460095574 27.8097483641 27.9410226 28.1827655948 27.8623401989 28.0595882578 86.4435203674 86.3295465282 86.3295465282 56.3437602784 27.6620770652 27.8168494132 27.8366362477 27.8641549223 27.8795480437 27.5609726579 27.5353412161 27.6316109674 28.0693815159 27.7555985663 27.6435463177 28.185714408 27.8080428699 51.2793256112 27.8018765516 27.8593075088 28.0846203995 27.5119825743 27.6871628966 27.844526059 28.0078557307 28.0669395803 27.8158855895 27.6772489451 28.1057564227 28.1621989901 28.2042406162 28.1393079192 27.891482621 27.9383824482 27.7388490518 27.6656438298 54.1781939169 45.3592317671
27.754872214 27.5897174099 28.1593020858 27.6513450069 27.509679858 27.7131273344 28.1540383262 27.5314796726 27.832892583 27.6841669574 27.726864104 28.1429092905 28.175122278 27.5737337038 27.7553690106 73.4363444399 86.3295465282 86.3295465282 28.1734280827 27.9232996046 28.1345987561 27.5315949773 60.2159781021 60.2159781021 60.2237956769 59.3707678786 59.2586030581 40.8302562608 40.8302562608 54.0297942618 54.0297942618 64.3324166556 54.066646724 54.066646724 54.066646724 27.5924301084 27.6336154069 27.9362560818 27.5292552914 27.6652643811 27.8406251238 27.6069462875 27.6065960981 27.8648972607 28.1622846156 27.7079928319 28.1479663017 27.8370166776 27.8336266441 28.1891518288 28.081792675 40.0898312762 54.1781939169
27.7741007067 27.6399764781 27.9790704467 27.9847470589 28.0865941907 27.9551626313 27.8602706548 28.1147623611 27.727279858 28.2029955093 27.7969810495 28.163000667 28.0557065336 27.7239992985 27.9967372512 73.4363444399 73.4363444399 73.4363444399 59.8400003066 27.8763100763 27.8906603616 27.6743725369 27.5024044126 60.2237956769 60.2237956769 60.2237956769 59.2586030581 59.2586030581 54.0297942618 54.0297942618 64.3324166556 64.3324166556 54.066646724 54.066646724 27.6035123297 27.5417744325 27.5208230135 27.5925170257 27.5657884213 27.6110228144 27.7158993313 27.8065629748 27.7212968396 28.0773993796 27.5760361537 27.7527941192 27.7690197723 28.1604937846 27.6203716951 27.681889833 27.9895200598 62.5773903896 62.5773903896
28.1563596635 27.9000374782 28.181903161 28.0116007737 27.5911829148 28.1780893799 27.7590912681 27.9077427084 28.1271462595 28.0379939384 27.9848588905 28.0967214765 27.7845526765 27.6043032061 28.08639764 73.4363444399 73.4363444399 27.5160055754 27.9145033661 28.0543793872 27.8593788954 27.9155035913 27.6312147832 60.2159781021 60.2237956769 59.3707678786 59.2586030581 59.2948761325 40.8302562608 54.0297942618 54.0297942618 64.3324166556 45.6572377075 54.066646724 45.6572377075 27.8525566276 27.9198972214 28.0060934064 27.5886683547 27.6777178048 28.0704583818 28.0006408695 28.1115054247 27.5599761825 28.182681596 28.1514529422 27.6777931231 27.7801796215 28.0584926276 27.8999245194 27.5300481598 27.9413957958 27.8194678551
27.6701398699 27.7808541164 28.0290602198 28.1178626859 27.5389420599 27.7550455868 27.9126314997 27.600765041 27.6037542241 27.7242694799 28.066168581 28.194944731 27.9413787015 27.83066271 27.831066263 27.5864468268 57.8489904449 51.4387045997 46.2624310305 27.7548222578 27.5606395112 28.1825789613 28.1044608568 27.9395427883 27.782600548 63.4823127383 63.4823127383 27.7222048324 28.0226573464 27.8287853607 27.907495722 27.7131475797 45.6572377075 45.6572377075 45.6572377075 27.70344359 27.9407121078 28.1146510461 27.7700576485 27.6699069177 27.5400317577 27.5360928557 27.8382220745 27.9710081318 28.0098984514 27.5851247275 28.1694996901 28.0242591423 27.6557356194 27.5667553533 86.5749321889 86.5749321889 86.5749321889
27.8450364505 27.9128113658 27.5262047312 28.0015542013 27.8828987629 27.5114719668 27.5003547656 27.9013623615 27.9107352823 27.5058969709 28.1163896042 27.6351467187 27.9353626509 27.8952849381 27.7127385551 27.6812679887 46.2624310305 46.2624310305 46.2624310305 69.4951566572 28.1829585406 27.6955182453 27.625251605 27.7258695463 63.4823127383 63.4823127383 63.4823127383 27.792608271 28.0826664583 28.1118694874 27.8239032458 27.9479092893 71.2736516887 45.6572377075 27.7835041846 27.7729364613 27.9064800574 27.9314969673 27.7451442744 28.0885432748 27.5655451736 27.5963467568 27.5352700316 27.709111463 27.7717534948 27.99567365 27.5032757864 27.9250741271 27.6691536727 27.6005111852 60.172244194 86.5749321889 86.5749321889
27.7461149587 27.9109684314 28.113466485 27.7939808491 27.7090447157 27.617518363 27.7933781186 27.5532481916 27.8499837693 27.7362624081 27.7258353196 28.1665546838 27.5583904783 28.1048183396 27.8447336175 27.8075341622 51.4387045997 69.4951566572 46.2624310305 69.4951566572 28.0549277187 28.1882198421 28.01956991 27.5070404985 27.6552767356 60.7884673208 63.4823127383 60.5324998412 28.0015164638 27.9682854398 28.0714246999 28.0287347405 27.5286723075 68.617613859 27.8737106721 27.7803896773 27.6888233258 27.6936822751 27.8149766892 28.0810885677 27.8982305265 27.5458268444 27.8195031932 28.1454351171 28.1653448553 28.1027450804 28.1703096675 28.0560675046 27.5623915456 27.8165195091 27.6571130599 60.172244194 53.9567508681
27.5848146497 27.5428005024 27.9966068541 27.8653928235 28.0742295772 27.6033338808 28.0256361565 27.9644971033 27.7037555254 27.6232056679 28.116629694 27.6082258028 28.095649798 28.0812430812 27.7808800394 27.7181520183 27.6132499592 27.5599676943 43.678627131 43.678627131 43.678627131 27.9210046291 28.133284413 27.7973828211 27.6120346193 60.5324998412 60.5324998412 60.5324998412 27.5761712382 28.1460147916 28.1866842567 27.6999914981 27.7216529832 52.1895874956 52.1895874956 27.7364902121 27.792636938 27.8712718283 28.1765034115 28.0984680777 28.0005676667 27.8574265386 27.6495859034 27.8070184723 27.7011670974 27.8974766421 27.7945861285 27.9162633309 28.1305421861 27.9599867102 28.0806956428 28.1903669112 41.0993461987
27.8729263937 27.5936138195 27.9738486491 27.8805169407 27.6633400941 27.7454125775 27.7501443874 27.8718888319 28.0967311154 28.175614359 28.1077356104 27.588520897 28.0399762044 27.8381531475 27.9885766555 27.9290133622 27.643809351 28.197011769 70.6210183921 43.678627131 27.8345159822 27.5695515639 27.811199079 27.5565190839 27.8286070793 27.6954809974 27.6459542233 66.0342163949 66.0342163949 27.8125707656 27.9706754848 27.8491936168 52.1895874956 52.1895874956 52.1895874956 27.7157556555 28.1999305869 27.8921305758 28.1211433335 27.6053095473 27.5555765655 27.5572648199 27.6453475988 27.76698453 27.5373558041 28.0867038579 28.0415522206 27.7638482551 27.5518071363 27.5292517057 62.7547742091 62.7547742091 62.7547742091
27.8415013748 27.5266567153 27.5375758527 27.597386446 28.0079481605 27.6631034926 28.1241274565 27.662666751 28.1857361946 27.720432862 27.691171239 27.6552990462 27.6296785793 27.6061812596 27.7376265824 27.9722753248 27.721688787 27.8777506145 38.0894118616 49.3073375259 27.5745177441 28.1795646714 27.5963649483 27.9395985666 28.0974202597 27.778436178 66.0342163949 66.0342163949 66.0342163949 27.9558667219 27.5982941279 28.0838546614 59.1632912019 52.4226802283 52.4226802283 27.5484445566 27.6729774056 27.6344032356 27.6128382081 27.7930597922 27.7054618958 27.6993589936 27.9795646887 27.6313000065 28.0140241089 28.0516834143 28.1058738827 28.0433671345 28.0591848938 27.6318059193 27.6632938858 62.7547742091 62.7547742091
