Spatial_Output/BAU/BAU_0344.asc
NCOLS 155
NROWS 192
XLLCORNER 196307.867259
YLLCORNER 449144.565805
CELLSIZE 33.573938
NODATA_VALUE NaN
[rows 25 to 49 of 192, columns 0 to 56 of 155]
0 0 0 0 0 0 0 0 0 0 0 0 0 0 0 0 0 0 61.7286848938 66.5868188686 26.9744223181 26.9744223181 26.7162763439 26.7162763439 49.4143177121 58.049557434 58.049557434 60.887826499 36.3159801942 36.776793942 36.0856889069 36.1893849284 37.1505251686 36.1309166802 36.3602047619 36.7275774735 36.236600476 37.2979838026 36.3619868157 36.0965267951 36.0639508338 36.7212515577 36.2218255401 36.117476913 36.5545085915 36.9705749922 36.5541749173 36.190765841 36.0880079903 36.669556604 37.1059721093 36.8661331729 37.1507713564 36.1860458092 36.7395022057 36.9468209235 36.7222911859
0 0 0 0 0 0 0 0 0 0 0 0 0 0 0 0 0 0 0 0 0 36.2132314686 36.0066768962 75.9147548637 49.4143177121 58.049557434 65.9471725267 65.9471725267 65.9471725267 37.3155802738 37.3463268433 36.3234600031 36.1802940501 36.7526606484 37.0384173107 37.1337698465 37.2654138215 36.3566687279 36.5313637606 36.0956752277 36.9482998681 36.3089646597 36.9293326297 37.2537740264 37.1817934526 37.0509026568 36.5781447974 37.2858157274 36.605997271 36.1159638638 36.6975219722 36.2112371074 37.2492341848 36.4190030547 36.9013712045 37.4000338671 36.8370856524
0 0 0 0 0 0 0 0 0 0 0 0 0 0 0 0 0 0 83.736513865 37.0143790749 37.3719943545 37.3786803411 36.9978381696 37.0273966432 37.3044872386 36.4036743066 65.9471725267 65.9471725267 63.648774634 63.648774634 77.969211013 36.6887595918 36.7907861959 37.3320148954 36.1899709927 36.5554825405 37.095471054 36.198565141 37.1923455048 36.158420521 37.180258636 37.2007355481 36.5980852648 36.0799925105 37.3194861967 37.0519855254 37.0957001011 36.9923569531 37.0618564369 37.0593178973 36.047700862 36.8197643326 37.3163543991 36.1847250916 36.755147862 36.286868648 37.1581083937
0 0 0 0 0 0 0 0 0 0 0 0 0 0 0 0 0 83.736513865 37.3064715835 36.9824848679 36.5766751635 37.0594677591 36.3589445379 36.9452278337 36.0419391649 37.0926570123 65.9471725267 36.8909608413 63.648774634 57.1966226119 57.1966226119 83.6674810848 37.274661322 36.1458861197 36.406449317 37.2553538706 36.1951435681 36.0207199027 36.1062425212 37.2567261284 36.0964204047 36.6045971317 36.0424389019 37.3820991167 37.0130730883 36.0442140735 36.5699271468 36.4866124603 36.8185331299 36.8771352593 36.0899503714 36.3746398951 36.8521540552 36.4635065658 36.606121401 36.6188693385 37.0228000871
0 0 0 0 0 0 0 0 0 0 0 0 0 0 0 0 0 36.4798902236 36.432790232 75.9059847958 68.9918726396 76.6642694046 37.403507635 36.1369246648 37.2547196509 37.1005432139 36.0700960195 36.3339561444 67.5800992056 57.1966226119 57.1966226119 60.039709624 65.418233835 37.1216316899 36.248575961 36.9025593469 36.1443336611 37.2808320024 37.2192894986 36.4681510404 36.0281966202 36.8122614894 36.0137505799 36.8902328462 37.1114106455 36.8584696733 37.1490492873 36.9423123636 36.7999270337 36.0756750229 36.5334048683 36.2546652379 36.0603407674 37.2316285347 36.0467140824 36.8689025409 37.2875473222
0 0 0 0 0 0 0 0 0 0 0 0 0 0 0 0 36.9507679935 36.1508989827 36.2694073714 65.803588985 75.3140717711 69.9469669409 36.9583639083 36.6668367099 37.0979958373 37.3943996312 36.2373134111 36.4319558043 36.3749763038 56.0336920557 60.039709624 60.039709624 65.0331188583 36.316750766 36.1258906914 36.4026467586 36.0113552678 36.4150041903 37.1089826746 37.3006142185 36.8603067062 36.0999039303 36.4531031445 36.4759061469 36.3972684 36.1494749543 36.2080444265 36.0752629397 37.2345901013 37.0565413592 36.7034526271 36.0602748261 36.0562945658 36.9042540365 37.1319435079 36.251791433 36.6781973296
0 0 0 0 0 0 0 0 0 0 0 0 0 0 0 37.3831941016 36.4947539122 37.250066654 37.0696953684 78.9529335228 74.7395305217 74.35713708 76.8433466898 36.3256200043 36.4896247703 36.7752401812 36.6434196096 36.0392519874 36.1391170603 36.0010985863 65.418233835 65.0331188583 83.6163439589 83.6163439589 68.7240160387 37.3367674342 37.0536478318 36.5865423918 37.1912717559 36.7679403733 37.1513568531 36.1287475093 36.8014856165 36.9901607433 36.7397801463 37.1484924981 36.8157907029 37.3107424174 36.5797146575 37.0552059459 37.0053168199 37.1012496975 36.9793689034 36.4293964343 36.698051183 36.8217406316 36.0496494255
0 0 0 0 0 0 0 0 0 0 0 0 0 0 0 37.1459236946 36.3464785492 36.306985085 36.0094761185 65.6105033986 69.875833468 82.1812180468 66.4047395854 37.0844678943 37.0239573394 36.2435294046 36.9431905491 36.9885392235 36.127547093 37.1843839538 36.0971724457 36.7831420928 83.6163439589 68.7240160387 66.416993606 66.416993606 85.7707943266 37.247676109 37.2254704639 36.63554535 36.5234091735 37.2935482764 36.8179783363 36.513948194 37.066589466 37.3772962016 36.6639554897 36.0124791411 36.6150693817 37.0523405275 36.014750204 36.8009810526 36.2458404178 37.3798961817 36.4353874388 36.3055313672 36.762520261
0 0 0 0 0 0 0 0 0 0 0 0 0 0 0 36.6544133392 37.2364588121 37.0648485611 36.4550118896 36.8167268156 81.3239769124 76.9146627437 67.6954341271 36.2409723882 36.1670184294 37.2533561316 36.1037787961 37.3168853039 37.3901033562 36.039357602 37.2136866199 36.7724885167 36.27998676 68.7240160387 66.416993606 66.416993606 67.3022657681 36.102285836 36.954036717 36.3732985101 36.502974328 37.0198394494 36.5146890522 37.3428115605 36.990372888 37.3574461184 36.9699762932 36.1219295597 36.9231165317 36.7920507846 36.0227221493 36.8508063318 37.2566901837 36.2107132024 36.5018620043 36.0246382754 36.2191927126
0 0 0 0 0 0 0 0 0 0 0 0 0 0 0 36.0850129957 36.9376896869 36.0378064051 36.6785814581 36.9852719071 36.8457637785 36.717533442 36.2149818367 37.220203561 36.8915758584 37.3747863481 37.0970366736 37.4056679069 36.479112349 36.6264112264 36.1908057822 36.3109877725 37.2643726865 36.3717455947 66.416993606 67.3022657681 67.3022657681 86.1675462816 36.6221146358 36.0576603985 36.8818950991 37.3531427493 37.1483140405 36.7326772186 36.2164445755 36.0984684724 36.7302537383 36.0136213746 36.3649597489 36.6430964184 36.1080599498 36.1905086325 36.7178780099 36.2234034095 37.0502929888 36.7578477163 36.9911039024
0 0 0 0 0 0 0 0 0 0 0 0 0 0 0 36.1118675408 37.134271855 36.6275938938 37.2138939485 37.1472589198 36.6244298522 37.3548257725 37.0895095385 36.3072678457 36.1296439388 36.6448448116 37.2357987144 36.3622188221 36.9611284237 36.4467942869 36.2187720646 36.0455257857 36.5028708448 36.4162494563 36.5273722218 49.4695047465 67.3022657681 36.9409150057 36.912363648 37.0470313338 36.008782828 36.3270873038 36.5776317641 36.6815678506 37.0778008289 36.5368552641 36.2085179835 36.6249608603 36.1998394871 37.3284115354 37.1825762511 36.6087200538 36.5257037773 36.8498502992 36.600892203 36.0652964097 36.3140881051
0 0 0 0 0 0 0 0 0 0 0 0 0 0 37.3108933164 36.1954145785 37.1720950342 36.7411754364 36.3615279672 36.1640321695 36.7054110563 37.126089133 36.2916992524 36.7431082359 36.1327979214 36.3291349819 36.5107196123 36.8956507706 36.7649701745 36.4016755591 36.967878827 37.2108816711 36.9713589825 36.0086920509 36.9650334154 65.6290860342 65.6290860342 65.6290860342 37.4024303948 37.2698997114 36.3985718807 37.3248954756 36.527246951 36.179601975 37.1176814214 36.8118840341 37.262459601 37.3826591727 37.2145141757 36.5396048976 37.2089488034 36.0139936671 36.418011551 36.806487616 36.8814981087 36.9156793176 36.9046683953
0 0 0 0 0 0 0 0 0 0 0 0 0 0 37.0986884378 37.2779272713 36.6752458817 36.1175857527 36.8749966976 36.6566176647 36.2624542718 36.6394451003 37.1141618287 37.0095963983 36.3802055491 36.9741666356 36.3177248731 36.5572454776 36.0747950861 36.2797104416 37.1188575035 37.2825604306 36.4027592673 36.727713149 36.5041627485 63.3560556723 63.6040404649 65.6290860342 36.7430823258 37.2986802569 36.3484721008 37.3519804039 36.200921331 36.8386535349 36.5825503488 36.6353774787 37.2062576524 37.1015132834 36.0304736366 36.4506747959 36.7603704364 36.9796916543 37.3847228144 36.3122445608 36.2168741043 37.3405681364 37.141275516
0 0 0 0 0 0 0 0 0 0 0 0 0 36.090508754 36.3031527214 36.8215917156 36.8676445269 37.2496171094 37.0866893486 36.5274712413 36.6448722455 37.1927780814 36.5146514192 36.0792976424 36.5035342423 36.2497326462 37.0290269695 36.6348089253 36.0962618908 36.419666463 36.4298342926 37.1889293488 36.3987014496 37.2985853773 37.3620258163 63.3560556723 63.6040404649 63.6040404649 70.4887432788 50.0401402544 36.5840835326 36.3590485882 36.7497439114 36.3611440972 36.7145447143 36.6102185742 37.1939208878 36.1292961241 36.0241454548 36.6505039376 36.0567141892 36.6103876627 36.2465914267 36.7070400532 37.0244397112 37.1133242129 36.4281465986
0 0 0 0 0 0 0 0 0 0 0 0 36.6133074487 36.504867298 37.0626789363 37.0418762127 36.130543646 36.6416865866 36.9889323531 36.5491287794 36.4795088754 37.205328849 37.2913330855 36.0447833253 36.577894488 36.5953114752 36.5841954734 36.9078062134 76.6308203477 65.6882332076 73.1127710865 37.2113246194 36.8114741641 36.3981983112 36.9042579343 37.2153566231 60.8963848859 70.4887432788 70.4887432788 80.9268572811 36.5282082276 36.4736266714 36.5274326632 36.7831266899 36.1303080847 37.1494308274 37.1868073378 36.2693262478 37.3772991574 37.1048862968 36.9117927612 36.758395386 37.0127726558 36.3079238106 36.450537566 36.745534545 37.0684279045
0 0 0 0 0 0 0 0 0 0 0 36.97607622 36.5740673994 36.0285340263 37.3886015488 36.8055678285 36.7523323049 36.3721109844 37.0549014655 36.0204277886 37.1572956323 36.9628654015 36.2902289849 36.3516989171 36.5673844278 36.8871955428 36.4259243262 36.7291664999 76.1125741893 65.4214609426 82.7752469032 36.3649263623 37.3771180865 36.5167317097 36.8015697714 36.2642351257 37.0435880654 80.9268572811 82.200460227 82.200460227 82.200460227 36.5807042258 36.613079362 36.8233850283 37.2310987883 36.8551474443 36.0550433245 36.7948495801 37.0994347362 36.0826337907 36.2440526385 36.0354454446 36.8511228565 37.3629431341 36.8807856944 36.6056458735 36.2347723893
0 0 0 0 0 0 0 0 0 0 36.4667733637 36.4432725936 37.0972288833 37.3486457203 37.3842722859 37.1794378896 36.8298826123 36.8862550293 36.6124222061 36.622262208 36.7150681463 36.429344614 37.3669285991 36.8274312459 36.4561749309 36.6187821602 37.0687997944 36.0489909831 78.0993977641 71.2027040323 78.9514554095 74.9079346435 36.4644318558 36.4601648187 37.4131577309 36.5420442684 37.2693322663 64.9527624551 82.200460227 82.200460227 36.3129608517 36.2671702551 36.6668288531 36.5456565682 36.0562861573 36.714972773 36.8137879835 36.3721500913 36.9332519055 36.6823378087 36.77165257 37.3675079986 36.3352374813 37.1980304538 36.8783729862 37.2976785242 36.0182007451
0 0 0 0 0 0 0 0 0 0 37.3260180118 36.7699544723 37.0392405682 36.4702283353 36.2059384105 36.5185572263 37.0097929915 37.2821852753 37.1570892546 36.2893249921 36.1634420911 36.0126171307 36.5304120715 36.7074365137 37.2958925416 36.4956194217 37.1198878798 36.6724524969 78.0357047971 66.741167657 83.1292271911 48.8166148145 36.7384778142 36.8197580588 36.0542579949 36.0122719209 36.0445354946 36.0945106643 56.8980899124 56.8980899124 79.2633302319 36.072953759 36.3516759275 36.3466514999 36.8357846985 36.709252951 36.9305755512 36.2150772891 37.3805969848 36.1429604051 36.3249196382 37.3190592741 37.4112629649 36.1565860382 36.4113053195 36.617930775 37.0730458103
0 0 0 0 0 0 0 0 37.0875368741 36.6089494244 36.3342201027 36.1960552371 37.3110468422 36.3484909841 36.1814489158 37.2889403383 36.155901725 36.2645021454 36.2595070347 36.5933462758 37.0111145689 37.109006167 36.7969240372 36.455576034 36.3391562502 36.2907280844 36.8845943892 36.4592857095 37.233257085 48.8166148145 48.8166148145 51.8962611411 36.0335682509 36.6051683534 37.4120629333 36.5920849881 36.1371945181 36.2405930457 56.8980899124 56.8980899124 56.8980899124 36.2017668473 37.1705543864 37.0836361718 37.2457975442 37.0224323185 37.3350922635 36.8898069528 37.3022217167 37.3049822836 36.9121341769 37.3700313865 37.2207648747 36.4209270863 36.3790181563 37.1336991193 36.8674959367
0 0 0 0 0 37.3689422451 37.281046835 37.3653146163 36.9795652202 37.0168655325 36.1625671327 37.2901081873 37.1541028397 36.3789233029 36.2246747179 36.9070558432 36.5683629296 36.9096468579 36.5455679992 36.5664695002 36.2054179871 36.6131338761 37.0136902661 36.4131452725 36.7188605699 36.2516060351 37.0526788456 36.0620352455 36.8602726537 51.8962611411 51.8962611411 51.8962611411 36.0164530728 36.9712447795 36.9829806221 36.2259293541 60.7873633314 60.7873633314 60.7873633314 36.6388990039 36.859924817 36.8603385785 36.5119416675 36.4710224589 37.3342137129 36.5131302328 36.4074873736 37.2054256629 37.0182371873 36.8842091944 37.273194862 36.5079935564 37.2697318163 37.2814985361 36.8156766248 37.0714537663 37.3289159145
0 0 36.9864674725 37.032208864 36.1174719894 36.1985305968 36.7647286191 36.8483309919 36.4865009137 37.3662229745 36.2924926387 36.3556422805 36.0939239177 36.5541407961 37.2037117833 36.8938002565 36.709579285 36.5786960947 37.244968501 36.7120445121 36.4039052569 37.3057055283 36.205822733 36.4722938339 36.6141614367 36.5510386416 37.3157195366 36.6735717288 36.8727908 47.8409208733 73.3667985422 73.3667985422 37.3638516264 36.0522613281 36.3776169457 49.3093610117 49.3093610117 60.7873633314 60.7873633314 55.5135102069 37.1220475673 36.3667317888 36.9165648576 37.1966542482 37.3174195689 36.3291236254 36.258365898 36.94231067 36.1588962087 36.3045394599 36.2025707911 36.5611554475 37.3579693519 36.518599554 37.2952868762 36.4029337836 36.8596489468
0 37.1284664235 37.2683590701 36.2608375846 36.1535503242 37.3345079436 36.4319534813 36.9027199416 36.4579436769 36.0057936661 36.9356894857 37.3180769166 37.3790329453 36.9981345186 36.3881041307 36.3646923147 36.6658058702 37.0610184337 36.3599957333 36.9513383239 36.8321019346 36.1065202782 36.9632765897 36.2337372835 36.8519062246 37.1781696911 36.9601034412 36.0011684321 36.4662706256 36.6951539467 64.4098715047 73.3667985422 55.8299237031 36.1354183639 36.0552431575 69.1007566511 49.3093610117 49.3093610117 64.2119886343 36.978681887 36.7513109035 36.7919627479 37.2561820058 36.4098406051 36.8153690706 36.3551200278 36.4587478608 36.4534403706 36.3286976027 37.3463713136 36.0976774129 37.0467640309 36.7479519054 36.7833869163 36.0110543062 36.2639574797 36.0000281224
37.0967274555 36.5327942935 36.2207666479 36.5711954471 37.2759732604 36.1720761181 36.7119196078 36.3486393946 37.261506039 37.2603600697 37.3957167517 37.2057275495 36.4168568045 37.1830673619 36.1949402903 36.0778142796 36.4801087199 36.5409937932 36.3891343268 37.1356609631 36.8094670474 36.5530300098 36.8218571765 36.1914319739 36.4496371998 36.63512229 36.9135870077 37.3146888664 36.729025612 64.4098715047 64.4098715047 73.3667985422 52.3260725103 36.5209795204 70.0449037887 36.2227523229 49.3093610117 69.1007566511 36.5867710842 67.9958400518 37.1035658628 36.0335823042 36.8249335135 36.4648283096 36.2087664156 36.8733224008 36.9926436537 36.7222965261 36.3999123874 37.2671667489 36.8977428728 36.4333873619 36.204436669 36.2995418052 36.0782888172 36.8697714503 36.9647603305
36.0318042251 36.0445956036 36.597146759 36.7733804726 36.5457590722 36.3799862724 36.2423315602 36.0423018485 36.6618317691 37.2574865795 36.0978128742 36.1350823867 36.1997343875 36.4619994655 36.4278478797 37.3671547434 37.1903204788 36.5875555253 37.3233145721 37.0278391588 37.0716092579 37.3970935151 36.2645332027 36.1425031547 36.4799386623 37.1126970542 36.5449257001 37.2389106427 36.8382333307 64.4098715047 64.4098715047 52.3260725103 52.3260725103 70.0449037887 70.0449037887 62.3843507501 56.6354127662 56.6897121362 71.0111650625 71.0111650625 71.0111650625 36.8504973361 36.3586682737 37.2510847092 36.7880445852 36.1837363834 36.7409000183 36.423731355 36.7208776475 36.490145827 36.7242440709 36.0729506827 36.2397632435 36.9810863217 37.2136432797 36.4466696736 37.1469191507
36.9294760359 37.223862277 37.1029874234 36.3213272988 37.0900394291 36.2974534491 36.5825592063 37.2595220188 36.3440494342 37.0398337791 37.2782130046 36.0139189247 36.7569225432 36.0783066448 36.8774598495 36.7711783791 37.3585717601 36.6795224543 36.7595935775 37.3232221493 36.237897611 36.113645464 36.6308671056 36.6137659358 36.9231172601 36.6959589818 36.2875106366 36.8773687394 36.1106568391 37.3217645027 70.275576342 73.0548861307 52.3260725103 70.0449037887 70.0449037887 62.3843507501 56.6354127662 56.6897121362 71.0111650625 71.0111650625 36.7639650674 36.5257998728 36.6596127476 37.10424799 37.3884581484 36.3857148293 36.2947394329 37.1353685245 37.1869234659 36.0597315185 36.4705947116 36.8565896572 36.7592233507 37.1509977634 37.3074972324 37.0741676939 37.2733789468
