Spatial_Output/BAU/BAU_0973.asc
NCOLS 155
NROWS 192
XLLCORNER 196769.923733
YLLCORNER 449719.875193
CELLSIZE 27.603701
NODATA_VALUE NaN
[rows 115 to 137 of 192, columns 53 to 105 of 155]
23.7482064336 23.6220860729 25.3633874668 52.9088805371 52.9088805371 52.96373302 52.96373302 24.6026326731 54.4680328283 54.4680328283 54.4680328283 24.1910920671 47.2629988405 24.5159798106 24.9780263193 25.1140860396 24.2224391653 25.1091433331 24.6851868088 25.1578612485 25.0859469992 25.333713407 23.8543279809 25.3551442302 23.725872359 25.2551883826 23.5833383735 24.0547694989 24.9280092088 24.0137826713 25.1505861263 24.5118710325 23.5088700897 23.7548622212 24.3504876814 25.3502785697 23.8839789761 24.3773571279 24.2164060752 25.4494241499 44.8533972293 24.0135377145 24.7416120236 24.3379937226 23.7534905202 24.2801952664 24.9560951895 24.3548386906 24.5662688876 25.5765776781 25.398253131 24.0732357477 23.6347122336
23.9413512576 65.1448835331 25.0209819575 23.6871428561 52.9088805371 52.9088805371 52.96373302 24.4189269949 23.9723564386 54.4680328283 25.4823476 47.2629988405 25.3418573091 23.8046184451 24.5350219303 24.9665273206 24.2894707292 25.3827028006 23.5905361869 24.8705249375 24.4562480696 24.4856746401 23.7302543102 23.9997591932 25.1349206778 24.8820338708 24.3493464433 24.4100370047 23.8585803435 25.0163064465 25.5947587084 23.6905475759 25.0090475516 24.6107322851 25.2921575628 24.0909431546 23.7144966593 24.7551341295 23.7793463775 50.1335728734 24.9370266003 23.6925710801 25.1077049874 23.6997708799 24.3562759856 24.9857905084 24.3453474061 23.6169298587 25.0047369544 25.0928534963 25.5303422332 23.7702109174 25.4099123815
25.525444197 24.6636924604 24.5996840719 25.3245348488 23.96906372 25.0153615871 23.8664825961 23.5486697501 23.7100359462 24.5156655115 24.3197195624 24.3751887788 25.064043958 24.3985967406 24.4929306618 25.1513741423 25.3765782175 23.6705235076 25.2423332736 23.9910053578 23.5953017397 23.9458199275 24.6788318364 24.8844451202 25.1170744366 25.0958479504 23.5463239866 25.6056629205 23.55368327 24.4145680642 24.3235975313 25.2554704677 25.1602273398 24.5858442455 23.9112754675 25.3369837637 24.6490456186 24.6302052964 24.9794796241 23.7229891904 49.8848857037 65.0629959684 24.9767278451 24.6029185723 24.3957933793 24.6208611268 24.3141436649 25.2613736208 23.8497442597 24.4659143194 25.0158552625 24.0904074362 24.1070745592
24.7470079037 23.6101897352 23.6639294706 23.7699559518 24.2584885029 24.7635179518 24.5199224439 53.5004158215 24.7747615741 25.1253351386 25.4139976684 23.7867712457 25.1433393872 24.4284157769 25.1827552612 24.9688947254 25.0872545776 23.9915047285 25.4704744642 24.1137997892 23.9967634473 23.7516157217 23.93636433 25.3162977746 24.9584593181 24.6196422583 25.1717258141 23.6713666177 24.4648426107 25.2908523976 25.4307393415 25.3571652221 23.6221384401 25.3687626425 24.432548523 24.5188668905 24.3353128114 24.7412484343 24.7424555977 49.8848857037 49.8848857037 49.8848857037 49.8848857037 25.0102593415 24.6270104761 25.1275968366 25.1413454377 25.0229262276 24.4502620938 25.1734456958 24.0539275047 23.7753626787 24.9633643716
23.8731901228 25.3132040642 24.0777100054 23.8432776315 24.8670627898 25.4320013561 25.0210418109 23.5341121681 23.8083115567 23.5783133757 25.4508295581 24.5181396427 23.6481868052 24.8881800132 24.3884035766 23.6045317863 25.4157625358 24.9719248948 24.8499754622 24.6943498408 23.8994133108 24.877152343 25.2623494787 48.9151849496 48.9151849496 48.9151849496 25.1440792202 25.041119388 23.5348815149 24.6335126971 24.0444147716 24.5509326504 24.0556096921 47.6870253681 47.67381335 53.657058102 23.601512286 25.4861201619 24.6393700701 50.2880391753 24.316366622 50.2880391753 24.116770206 24.6751735389 24.7241508136 25.0346517014 25.1066089497 25.491108879 24.66559795 23.644679988 25.4734038826 24.7539247843 25.1009174511
23.8902660152 23.5274512062 23.8108760158 23.7515661479 24.7704770961 25.4067589736 23.5942699022 23.5681117893 24.7420481366 24.0914197315 24.7056693424 24.6898712479 24.9264007216 24.3260991263 24.0102890644 23.5622171211 25.3017804747 25.3383188209 24.5826248829 24.3954038463 23.8437525465 24.3746361895 25.0456899619 24.0573057774 25.4427506871 23.7359833935 25.113950009 24.9183209401 25.2783510806 24.6166519997 25.3889900444 24.7177516365 47.6870253681 47.6870253681 47.6870253681 53.657058102 25.2133991723 54.768697873 24.8809663571 23.7330689323 37.8659792581 37.8659792581 58.3542418556 54.9360562284 24.1950442703 23.9077567237 25.3390254091 23.9190817155 23.9493493609 25.5512985989 25.5747406972 24.8813396947 24.2924848546
23.9720272867 25.4169507971 24.7447469427 24.8958751131 23.9106856569 24.3676032281 23.9986502556 42.0942139541 25.4427520044 23.7059315751 23.9429348493 25.2089660246 24.9765936481 24.4401779583 25.0216668275 25.1697941709 25.4610654747 23.8558462105 24.6162946402 25.3326802533 23.9938477881 24.278286137 25.2833422829 41.7382591774 59.4360086982 25.2169831761 59.4360086982 25.0600257359 24.5808271776 25.5669259887 25.1347272392 24.923662726 47.6870253681 47.6870253681 53.657058102 23.8010459218 53.657058102 23.9131858346 24.7942692387 24.6075189726 37.8659792581 61.5786512271 58.3542418556 58.3542418556 54.9360562284 40.4482368608 44.5881514744 47.1149179542 47.1149179542 24.4663187632 58.6534388935 56.20453394 54.4422129632
42.5149166417 42.5149166417 44.4962041353 24.3926016069 25.3377874896 24.6468508882 42.0942139541 23.9792633996 23.6530166219 24.5802576355 24.3108314528 24.7696621851 24.9165272187 23.9016652971 24.2326313987 24.5953170837 25.5569808352 25.4490969199 23.947003476 24.772341249 23.944296582 24.1918089333 24.8175008484 41.7382591774 24.6833458504 25.3180210977 25.5445643396 23.6822144652 23.8745230342 24.4324277419 23.6614746972 25.4457709551 24.354802465 23.8673246731 24.4522007631 24.3761404024 24.5564207229 24.594323091 24.0928819872 24.9656221936 24.7015404421 61.5786512271 58.3542418556 58.3542418556 54.9360562284 24.625887785 44.5881514744 47.1149179542 47.1149179542 47.1149179542 55.2277769001 56.20453394 56.20453394
42.5149166417 24.2578611511 24.9108299411 62.43697325 62.43697325 62.43697325 23.6978685089 23.8362068491 42.0942139541 24.3312224742 24.7493971638 24.4231073446 24.9622911215 25.3058541371 23.5633679507 23.9308521294 23.9567726402 25.6138609521 24.7328503866 25.4936844043 25.4154624766 24.8975927656 24.0989165761 24.0044850668 24.9258798415 54.335152223 24.5735601783 23.6319270486 25.3749233244 24.4847915145 25.319970326 23.6758118247 25.5203593476 24.9751780522 25.5714772484 24.209595691 24.5060065709 24.6381989871 23.8013449688 72.781629308 24.7020268082 24.0828403016 58.3542418556 54.9360562284 25.0962334987 57.3372008368 44.5881514744 47.1149179542 47.1149179542 24.6063086864 25.6173375187 56.20453394 54.4422129632
24.5569275352 42.5149166417 23.8945899994 45.5177220186 62.43697325 23.9421250442 23.5575336311 25.4421676589 24.7972993736 24.5663373915 24.8616848357 24.0598348205 24.7977655035 24.0280868014 25.5372275321 24.4557754939 24.152652189 24.9635753926 23.9064162847 25.3830538142 25.1893394125 24.556270643 25.0533518688 23.6407647826 54.335152223 23.8292263364 24.3445343558 50.2790177446 25.5774937949 25.0076830875 24.2038353025 23.5615615328 24.6426821818 24.1900037186 25.1238309306 23.5634098073 25.3353265266 25.2651928283 23.7379798014 24.3177691415 24.1035678365 60.9295673941 24.3531879192 23.8267612272 25.3436267896 24.3574508084 24.0585396491 24.0223323834 25.2974291121 25.1365823135 25.1484511127 25.2545321025 24.6359098484
24.9055893569 24.9340515058 24.0464737037 24.9570577801 62.43697325 23.6531028885 24.9485174714 25.3325081055 23.5955539525 25.5605202168 25.5596698378 25.5947473285 24.2057094057 24.6893372086 24.7445301173 24.1099603451 24.1540845837 25.1365155947 25.2270462189 24.5539781655 23.7591324947 23.5997388947 24.5776461372 23.9068441364 25.4918009808 50.2790177446 53.9323296738 60.2001778614 23.5800199492 25.6089696745 23.5586975645 24.4884263189 25.3237477811 23.6748065037 25.3917294917 23.989059579 24.1695430946 24.0622571109 23.9372428883 24.526466561 25.3042322458 25.1049572433 23.9767284946 23.896559119 24.7821786255 24.5019240944 24.4934236204 24.248542427 25.6043243384 25.104184142 24.7676109921 24.6615945575 25.6054813724
52.5728338209 52.5728338209 24.9943383313 25.2988037969 25.3635433643 24.3931143429 24.1179357736 23.9730591932 25.5327905103 24.1485134732 25.5044748889 24.8634677457 24.5213170728 25.3587531051 24.4949834516 25.0869972746 24.6202565623 24.6811925611 24.9874151523 24.2605813781 24.9038258293 23.7200222331 24.9368215307 23.8533088507 24.5016777766 60.2001778614 53.9323296738 50.9961920329 50.9961920329 25.2346605068 25.410576867 25.5802959583 25.3753184667 25.1147853575 24.2851895362 23.7121486342 24.8994510144 23.5874740677 23.7940033315 25.2937750473 59.9215290394 59.9215290394 59.9215290394 25.5065190642 25.1662586267 23.5645739056 23.711795002 25.0210116434 24.8606817431 24.7309834923 24.1425762746 25.208767105 24.8983268238
52.5728338209 41.41382728 41.41382728 23.6056606054 23.5937601527 77.401365445 62.0896417937 62.0896417937 25.3809461347 24.477924649 25.4972990156 24.3041877061 24.3562847787 25.5986827522 25.1801406358 23.7634769315 24.466876256 24.2234050054 23.7437749338 23.8860344462 24.3843675554 25.4306910032 25.1086256246 25.4797450095 23.7097214789 23.5671075105 50.9961920329 50.9961920329 50.9961920329 24.4357772944 25.4180999224 24.318371012 23.9564428403 24.4617289239 25.6089690984 24.9276031089 25.1265063023 25.3806309773 23.710725244 24.4621650145 24.3442482895 46.3792160277 24.469540678 24.8427064307 24.5599288731 23.6269207191 23.7879690337 24.6822329355 25.1346278005 25.14399262 24.5022431063 25.1024001336 24.6885600008
50.4208339447 41.41382728 41.41382728 24.1224522129 77.401365445 77.401365445 77.401365445 23.9115012422 23.8263940618 24.7238464496 24.1385680565 23.9169191383 24.3420420519 24.3879715622 25.0056632473 24.6837999912 24.6688120778 24.8455638112 24.7920274317 25.3231894328 24.8574539844 24.3954696928 25.2731537953 25.1704754686 24.7991965002 24.5417046257 23.8331156227 61.0408057949 61.0408057949 61.0408057949 25.4521562457 25.5535465191 24.2565081728 23.9280778268 23.8317198823 23.6316261191 25.4224897782 24.5336586675 25.5407604155 24.5408351508 23.7355366856 46.3792160277 46.3792160277 24.6227193282 25.4676271339 25.3625291247 25.0882063447 24.6900861258 25.502522357 24.6288354524 25.3355919071 25.4115728923 24.996398266
41.41382728 43.6223924475 42.3651840136 42.3651840136 23.7984127538 24.7125679999 48.6678950708 23.6762950782 24.2523931119 24.5357261932 25.6072134457 24.8842210472 25.2510890289 25.3827591445 25.2951061829 23.7502308387 23.6309293967 25.0866609421 23.8566900377 25.3019024288 24.0566431082 25.0865086315 23.7223102847 23.9216407027 23.7140289481 24.1928367126 24.1402030545 61.0408057949 61.0408057949 24.0979826547 25.4118340149 23.9006288353 24.0006958303 24.8599351243 23.9145722991 23.9933993382 24.3095340537 23.7752528074 23.6156708123 24.5690982283 50.0037334092 46.3792160277 50.0037334092 50.0037334092 24.9854221265 23.6941469228 24.3123137645 24.9825012443 23.9390186565 24.0860574926 25.5387143822 24.5945513407 24.3182865079
24.285175735 24.2071349605 42.3651840136 42.3651840136 24.0962255513 24.8440390551 23.6155107843 23.7691071138 24.6438165115 24.7673569776 25.167508771 24.824381384 24.9499889089 23.8231497745 25.2261171407 24.4615829836 23.7045679514 25.1602030654 23.90464998 25.3805150733 25.0168572415 24.5951800401 24.9971528686 24.5405086391 24.6763434886 24.9696066769 24.5542064547 24.4713728551 45.0271528521 24.5792208911 25.5258627717 24.4708966471 24.0614303874 25.0381272643 24.7134644548 24.9384801274 25.1568275531 24.8217432417 23.9309017171 24.8241746173 23.8693652817 25.4919043673 24.117556135 24.621578826 25.3877703421 23.6937184735 24.8858426579 24.7654260039 24.0552461319 24.9738529864 25.1170371469 25.0836631131 25.5380016802
24.8575620458 25.610583129 25.1764008053 62.5802255926 51.2157458142 51.2157458142 23.9298515894 24.7089286159 24.5220402024 25.0625799972 24.1059270505 25.0056632529 24.3094149308 24.8253770197 24.3538268933 23.5199673866 24.6105414181 23.5482713112 24.647757611 24.8219042525 24.5920481345 25.3313685197 25.40010852 23.7353868783 23.555908576 24.3749191598 23.9202394359 45.0271528521 24.6686881292 45.0271528521 25.5677030074 24.0255489533 25.5937191852 24.0688859771 24.4178851121 24.29173656 24.3855318112 24.3632795107 24.9433900059 24.2206522929 24.5308382442 23.6381868733 23.7325061059 59.5459308624 24.7254913254 23.9692083619 23.7543367761 24.4682988971 25.2672356236 24.694632301 48.616065318 63.1191559004 49.9783735895
43.7263889185 24.7325590476 62.5802255926 62.5802255926 24.2104605938 25.4996788947 25.021613492 24.8407801098 24.4482778947 24.7454823144 25.0399444102 23.5222730707 24.6694906871 23.8696687734 25.4840651179 25.4147814328 25.1255706402 24.2214334266 24.7790323187 24.0830559869 24.1149200618 23.5815566591 25.11547708 24.8232208171 25.1066970906 24.9149600811 23.5166581717 24.28525759 24.6181990978 24.627839201 24.3424121949 24.0024027528 24.8133788635 24.3919966486 24.4265521177 25.5333117474 25.4181157776 25.0745923433 23.9438695594 25.360276162 23.6743952985 59.5459308624 59.5459308624 50.2499235766 25.0240457417 25.1660694512 25.5866790293 43.7976275166 43.0739051749 37.1555660083 37.1555660083 63.1191559004 63.1191559004
43.7263889185 25.437893557 62.5802255926 62.5802255926 24.404198708 25.2481465163 24.8789458643 24.4681050262 25.0077959502 24.451536491 25.4192276241 25.1031091049 24.0574707509 24.5500572069 23.671267162 24.1289306867 25.4058797431 24.7806657003 25.2771410125 23.7190254904 24.2670322832 23.9287613662 25.3673688496 23.6950946577 23.980252051 25.4635382374 23.6443088421 25.260693563 25.1855164298 23.6331854274 24.818416448 72.2160858711 25.3149514663 63.2584867887 25.2994412126 23.6434093293 25.2654042051 23.5312898878 23.5853469888 24.2422073454 25.3307003946 24.1485621798 24.7885981623 24.047026128 24.4741625384 24.6798815157 55.0779335213 55.0779335213 43.0739051749 43.0739051749 37.1555660083 61.0183385436 63.1191559004
43.7263889185 23.916130157 23.9668070615 25.3456484448 23.9191943125 25.2448614012 24.4017944699 23.7372809754 24.9557011147 23.5739915002 24.847238078 24.3411050125 24.2335284467 25.6120132444 23.9518486463 25.3545259853 23.5511624958 23.5473310056 23.7294727533 25.5027920862 25.5812438927 23.5544854165 24.763313223 25.3735740564 25.0208651026 24.7038010038 25.1028991361 25.2577636735 23.6886708139 23.783969062 23.823235803 23.5588293696 24.7475983919 65.8038466244 65.8038466244 41.2337878482 63.526917226 51.8197900259 51.8197900259 49.7038785205 25.0207751094 24.0244782792 24.2234278753 25.1529634713 24.826538336 25.3361491433 55.0779335213 55.0779335213 43.0739051749 43.0739051749 37.1555660083 25.5075090099 23.7106360962
24.0410127784 25.3916466827 23.6512038217 24.6950586137 23.9061378514 24.7569547104 24.9602269832 24.5674577711 23.6952946705 24.0318331013 24.1995604329 24.1313573301 24.9701794842 23.6036528927 24.6294907457 24.6191696786 24.268309666 23.8734150564 24.6856598979 25.3160435918 24.1899831498 25.1275321706 24.2148838975 24.5519295127 25.6007313752 24.4439706574 24.5471697976 23.9540422546 25.0377679243 23.5823851189 23.6906284519 24.4893997121 24.9218030583 65.8038466244 65.8038466244 41.2337878482 63.526917226 63.526917226 51.8197900259 49.7038785205 24.0296418119 24.6425898015 24.6220575901 24.7576419083 24.0932745777 24.4438722772 59.0926259901 24.8680669749 23.9148072206 25.4708065089 25.1628351053 24.7797871502 25.085513663
23.6164683796 25.6032151429 23.5113064755 23.9731007252 25.0124080358 24.8273171854 25.2283458516 24.3269554108 23.8713927857 24.4571627123 24.6994807509 25.2435070547 24.1841091642 24.9943032723 24.7763725952 23.7631579019 24.2457479632 24.6016451907 23.7846271274 24.6108349197 25.0536663307 25.5567214209 23.6065099611 25.4818327264 25.4550663442 24.1124009499 24.2855258773 23.5286414323 66.9702581591 24.7128596462 25.5074884342 25.4067352131 24.1954161867 65.8038466244 65.8038466244 41.2337878482 63.526917226 23.551028532 51.8197900259 59.6370992143 25.5962411151 24.9189383809 24.5724450505 25.4273213611 24.5934582014 24.8617731925 25.4416407201 23.6174014577 24.0294678743 25.4366980498 24.9560073535 24.4618524169 24.8497698069
25.3432824776 23.9089592204 25.1549537804 24.7894839691 23.6137621168 46.6434364121 57.5615901438 57.5615901438 24.8570693418 23.8678613896 24.3192564609 25.0251551606 23.7321862845 25.0269358555 25.6059121077 25.3417747884 23.8212665461 24.600788535 24.4056546568 24.2941145819 25.2186839427 25.2198265037 23.8607721195 25.4370737037 24.7069152866 25.5860170537 25.4812737368 24.4840941502 24.2431772082 24.6378254416 52.8955690769 24.6754574395 23.674472968 25.1738149809 24.954276724 24.163188221 25.478395767 24.3478406593 23.6777075446 25.4839351235 25.0082021516 25.5136234997 24.7317252652 25.217965158 23.5669035753 25.1014717049 24.1374832079 25.1921340415 24.9270085087 25.0259140045 25.5988345082 25.0791806215 25.3820787881
