Spatial_Output/BAU/BAU_0814.asc
NCOLS 155
NROWS 192
XLLCORNER 196307.867259
YLLCORNER 449144.565805
CELLSIZE 33.573938
NODATA_VALUE NaN
[rows 111 to 147 of 192, columns 0 to 83 of 155]
0 0 0 0 0 0 0 0 0 0 0 0 0 0 0 0 0 0 0 0 0 0 0 0 0 0 0 0 0 21 21 21 21 21 21 21 21 21 21 21 21 21 21 21 21 21 21 21 21 56.6678114193 56.6678114193 21 21 44.2918186442 21 41.3666932651 41.3666932651 71.6982862468 43.69728606 43.69728606 44.5512396405 38.6385768366 40.4772380627 40.4772380627 53.3411162415 60.698388574 35.6476440352 52.0655469277 38.99256253 38.99256253 63.2210981968 63.2210981968 21 50.0823108836 50.0823108836 50.0823108836 21 21 21 21 21 51.1796748994 51.1796748994 51.1796748994
0 0 0 0 0 0 0 0 0 0 0 0 0 0 0 0 0 0 0 0 0 0 0 0 0 0 0 0 0 0 21 21 21 21 21 21 21 21 21 21 21 21 21 21 21 21 21 21 56.6678114193 56.3053097004 56.3053097004 56.6678114193 45.2653685535 45.2653685535 44.511655945 41.3666932651 41.3666932651 71.6982862468 43.69728606 43.69728606 44.5512396405 38.6385768366 40.4772380627 40.4772380627 53.3411162415 60.698388574 40.6213153915 52.0655469277 38.99256253 38.99256253 63.2210981968 21 21 43.7553715111 50.0823108836 21 21 57.9280436148 21 21 32.079763955 51.1796748994 21 21
0 0 0 0 0 0 0 0 0 0 0 0 0 0 0 0 0 0 0 0 0 0 0 0 0 0 0 0 0 0 0 21 21 21 21 21 21 21 21 21 21 21 21 21 21 21 21 21 67.7557631989 56.3053097004 56.3053097004 21 44.511655945 41.4962161327 71.5502287657 21 21 21 43.69728606 46.746296431 44.5512396405 21 46.3360843755 39.7883978189 39.7883978189 64.6354462733 21 21 21 21 21 21 21 21 21 21 49.6214806286 21 21 21 21 21 21 21
0 0 0 0 0 0 0 0 0 0 0 0 0 0 0 0 0 0 0 0 0 0 0 0 0 0 0 0 0 0 0 21 21 21 21 21 21 21 21 21 21 21 21 21 21 21 21 21 21 21 21 54.6391953553 41.4962161327 41.4962161327 41.4962161327 21 21 21 21 21 21 21 21 21 21 21 21 21 21 21 21 21 21 21 21 21 21 21 21 21 21 21 48.7780771523 21
0 0 0 0 0 0 0 0 0 0 0 0 0 0 0 0 0 0 0 0 0 0 0 0 0 0 0 0 0 0 0 0 21 21 21 21 21 21 21 21 21 21 21 21 21 21 21 21 21 21 21 54.6391953553 54.6391953553 41.4962161327 41.4962161327 21 21 21 21 21 21 21 21 21 21 21 21 21 21 21 21 21 21 21 21 21 21 21 21 21 21 21 21 21
0 0 0 0 0 0 0 0 0 0 0 0 0 0 0 0 0 0 0 0 0 0 0 0 0 0 0 0 0 0 0 0 21 21 21 21 21 21 21 21 21 21 21 21 21 21 21 21 21 21 21 21 62.1937236168 40.3882666022 40.3882666022 40.3882666022 21 21 21 21 21 21 21 53.2608616592 21 21 21 21 21 21 21 21 21 21 21 21 21 21 45.0297066316 21 21 21 21 21
0 0 0 0 0 0 0 0 0 0 0 0 0 0 0 0 0 0 0 0 0 0 0 0 0 0 0 0 0 0 0 0 0 21 21 21 21 21 21 21 21 21 21 21 21 21 21 21 21 21 21 21 21 40.3882666022 66.3835415468 66.3835415468 21 52.2567920049 21 21 21 21 50.0904393701 50.0904393701 21 21 21 21 21 21 21 21 21 21 21 21 21 21 21 21 21 21 21 21
0 0 0 0 0 0 0 0 0 0 0 0 0 0 0 0 0 0 0 0 0 0 0 0 0 0 0 0 0 0 0 0 0 21 21 21 21 21 21 21 21 21 21 21 21 21 21 21 21 21 21 21 21 48.6840798858 66.3835415468 21 36.6650473839 21 57.4065429963 21 63.1780674088 63.1780674088 50.0904393701 50.0904393701 53.2608616592 21 21 21 21 21 21 21 21 21 21 21 21 21 21 45.0297066316 21 21 21 21
0 0 0 0 0 0 0 0 0 0 0 0 0 0 0 0 0 0 0 0 0 0 0 0 0 0 0 0 0 0 0 0 0 0 21 21 21 21 21 21 21 21 21 21 21 21 21 21 21 21 21 21 21 48.6840798858 48.6840798858 36.6650473839 36.6650473839 52.0756728954 52.0756728954 21 63.1780674088 48.9422224042 48.9422224042 48.9422224042 62.3139528041 21 21 21 21 21 21 21 21 21 21 21 21 21 21 21 21 21 21 21
0 0 0 0 0 0 0 0 0 0 0 0 0 0 0 0 0 0 0 0 0 0 0 0 0 0 0 0 0 0 0 0 0 0 0 21 21 21 21 21 21 56.7606156104 56.7606156104 21 21 21 21 21 21 21 21 21 21 21 21 21 52.0756728954 52.0756728954 42.2821755369 21 21 21 48.9422224042 48.9422224042 21 21 21 21 21 21 21 21 21 21 21 21 21 21 21 49.3421047609 49.3421047609 21 21 21
0 0 0 0 0 0 0 0 0 0 0 0 0 0 0 0 0 0 0 0 0 0 0 0 0 0 0 0 0 0 0 0 0 0 0 21 21 45.7410147773 45.7410147773 45.7410147773 21 56.7606156104 56.7606156104 21 21 48.0929608285 21 21 21 21 21 21 21 21 21 21 21 42.2821755369 42.2821755369 21 21 21 40.6635707057 21 21 21 21 21 21 21 21 21 21 21 21 21 21 21 49.3421047609 49.3421047609 49.3421047609 47.4178507589 21 21
0 0 0 0 0 0 0 0 0 0 0 0 0 0 0 0 0 0 0 0 0 0 0 0 0 0 0 0 0 0 0 0 0 62.764025694 69.8177287769 73.6013598073 21 21 45.7410147773 45.7410147773 21 21 21 21 21 21 51.2463905303 21 21 21 21 21 21 21 21 21 21 42.2821755369 42.2821755369 44.2796729092 44.2796729092 40.6635707057 40.6635707057 21 21 21 21 21 21 21 21 21 21 21 21 21 21 21 21 47.4178507589 21 58.0395830098 21 21
0 0 0 0 0 0 0 0 0 0 0 0 0 0 0 0 0 0 0 0 0 0 0 0 0 0 0 0 0 0 57.1518353551 38.0838197666 31.6311678247 42.5707648885 36.0820540694 69.8177287769 21 21 41.9019262089 45.7410147773 21 21 21 21 21 21 21 21 52.5535864537 51.2463905303 21 21 21 21 21 21 21 21 44.2796729092 44.2796729092 44.2796729092 40.6635707057 40.6635707057 21 21 21 21 21 21 21 21 21 21 21 21 21 21 21 21 58.0395830098 36.7873853114 36.7873853114 21 21
0 0 0 0 0 0 0 0 0 0 0 0 0 0 0 0 0 0 0 0 0 0 0 0 0 0 0 0 47.7789428376 47.5751706875 67.1176286848 67.1176286848 33.9250692975 32.6461113319 39.6953093897 69.8177287769 73.6013598073 21 21 21 21 21 21 21 21 21 51.913710217 21 51.913710217 21 21 21 21 21 21 21 21 21 36.6030836513 36.6030836513 44.2796729092 33.8274624355 21 21 21 21 21 21 21 21 21 21 21 21 21 21 21 21 21 21 36.7873853114 36.7873853114 21 21
0 0 0 0 0 0 0 0 0 0 0 0 0 0 0 0 0 0 0 0 0 0 0 0 0 40.3674955343 69.1107326267 60.8954813382 47.5751706875 47.5751706875 67.1176286848 67.1176286848 43.4053313411 42.7052885535 34.4765450927 54.7063549248 0 0 21 21 21 21 21 21 21 21 70.8806161075 70.8806161075 21 21 21 21 21 21 21 21 21 21 36.6030836513 36.6030836513 33.8274624355 33.8274624355 33.8274624355 21 21 21 21 21 21 21 21 21 21 21 21 21 21 21 21 21 67.7147664654 67.7147664654 21 21
0 0 0 0 0 0 0 0 0 0 0 0 0 0 0 0 0 0 0 0 0 0 0 0 0 40.3674955343 69.1107326267 60.8954813382 60.8954813382 47.5751706875 84.9410908 67.496334251 48.8378919018 55.145741716 0 0 0 0 21 21 21 21 21 21 21 21 70.8806161075 70.8806161075 21 21 21 21 21 21 21 42.5280349292 50.9552973254 55.2060172757 55.2060172757 55.2060172757 55.238676015 45.0745440243 55.238676015 21 21 21 21 21 21 21 21 21 21 21 21 21 21 21 21 67.7147664654 43.5659626925 43.5659626925 43.5659626925 21
0 0 0 0 0 0 0 0 0 0 0 0 0 0 0 0 0 0 0 0 0 0 0 0 0 48.7952647989 45.9904683735 60.8954813382 60.8954813382 50.6089134352 0 0 0 0 0 0 0 0 0 21 21 21 21 21 21 41.5289471695 41.5289471695 53.2745651035 21 21 21 21 21 21 21 42.5280349292 50.9552973254 55.2060172757 55.2060172757 40.5097832206 45.0745440243 35.6652116273 35.6652116273 35.6652116273 21 21 21 21 21 21 21 21 21 21 67.3893990362 56.1430779775 59.3932091866 59.3932091866 76.6290197838 51.9130437488 64.2111951833 64.2111951833 39.4998537209 59.5340430183
0 0 0 0 0 0 0 0 0 0 0 0 0 0 0 0 0 0 0 0 0 0 0 0 0 0 0 0 0 0 0 0 0 0 0 0 0 0 0 0 21 21 21 21 41.5289471695 41.5289471695 41.5289471695 53.2745651035 21 21 21 21 21 21 21 42.5280349292 42.5280349292 50.9552973254 21 21 45.0745440243 35.6652116273 35.6652116273 21 51.9589368645 21 53.7147794581 47.7551120165 46.2921132107 46.2921132107 21 21 21 60.2677934568 67.3893990362 67.3893990362 56.1430779775 59.3932091866 76.6290197838 51.9130437488 64.2111951833 64.2111951833 64.2111951833 21
0 0 0 0 0 0 0 0 0 0 0 0 0 0 0 0 0 0 0 0 0 0 0 0 0 0 0 0 0 0 0 0 0 0 0 0 0 0 0 0 0 21 21 21 37.0119413275 51.1079470878 51.1079470878 21 21 21 21 21 21 21 21 21 21 21 21 21 46.3571266083 39.9198376428 60.2855893414 60.2855893414 33.6870818563 53.7147794581 47.7551120165 47.7551120165 46.2921132107 46.2921132107 21 21 21 21 67.3893990362 56.1430779775 21 59.3932091866 21 40.9980744129 47.189864244 43.6477133137 43.6477133137 21
0 0 0 0 0 0 0 0 0 0 0 0 0 0 0 0 0 0 0 0 0 0 0 0 0 0 0 0 0 0 0 0 0 0 0 0 0 0 0 0 0 21 21 21 21 37.0119413275 37.0119413275 21 21 21 21 21 21 21 21 21 21 21 21 21 21 39.9198376428 39.9198376428 21 33.6870818563 21 53.7147794581 47.7551120165 21 46.2921132107 21 21 21 21 21 21 21 21 21 21 48.2241961102 43.6477133137 43.6477133137 50.4884228408
0 0 0 0 0 0 0 0 0 0 0 0 0 0 0 0 0 0 0 0 0 0 0 0 0 0 0 0 0 0 0 0 0 0 0 0 0 0 0 0 0 0 21 21 21 21 21 21 21 21 21 21 21 21 21 21 21 21 67.1341043024 67.1341043024 58.6736324946 39.9198376428 39.9198376428 51.3762683048 21 21 21 21 21 21 21 21 21 21 21 21 21 21 21 21 43.6477133137 50.4884228408 50.4884228408 55.3069170758
0 0 0 0 0 0 0 0 0 0 0 0 0 0 0 0 0 0 0 0 0 0 0 0 0 0 0 0 0 0 0 0 0 0 0 0 0 0 0 0 0 0 0 21 21 21 21 21 21 21 21 21 21 21 21 21 21 21 67.1341043024 67.1341043024 67.1341043024 21 21 51.3762683048 51.3762683048 21 21 21 21 21 21 21 21 21 21 21 21 21 21 21 21 50.4884228408 55.3069170758 55.3069170758
0 0 0 0 0 0 0 0 0 0 0 0 0 0 0 0 0 0 0 0 0 0 0 0 0 0 0 0 0 0 0 0 0 0 0 0 0 0 0 0 0 0 0 21 21 21 21 21 21 21 21 21 21 21 21 21 21 21 21 67.1341043024 58.6736324946 21 21 59.7014382349 59.7014382349 59.7014382349 21 21 21 21 21 21 21 21 21 21 21 21 21 21 21 21 21 21
0 0 0 0 0 0 0 0 0 0 0 0 0 0 0 0 0 0 0 0 0 0 0 0 0 0 0 0 0 0 0 0 0 0 0 0 0 0 0 0 0 0 0 0 21 21 21 21 21 21 21 21 21 41.2587006754 41.2587006754 41.2587006754 21 21 21 21 21 21 21 59.7014382349 59.7014382349 74.0961592554 21 21 21 21 21 21 21 21 21 21 21 21 21 21 21 21 21 21
0 0 0 0 0 0 0 0 0 0 0 0 0 0 0 0 0 0 0 0 0 0 0 0 0 0 0 0 0 0 0 0 0 0 0 0 0 0 0 0 0 0 0 0 21 21 21 21 21 21 21 21 67.551103085 40.5912197562 41.2587006754 21 21 21 21 21 21 21 21 74.0961592554 74.0961592554 21 21 21 21 21 21 21 21 21 21 21 21 21 21 21 21 21 21 21
0 0 0 0 0 0 0 0 0 0 0 0 0 0 0 0 0 0 0 0 0 0 0 0 0 0 0 0 0 0 0 0 0 0 0 0 0 0 0 0 0 0 0 0 21 21 21 21 21 21 21 40.5912197562 40.5912197562 40.5912197562 41.2587006754 21 21 21 21 21 21 21 21 21 66.4488470802 66.4488470802 66.4488470802 21 21 21 21 21 21 21 21 21 21 21 21 21 21 21 21 21
0 0 0 0 0 0 0 0 0 0 0 0 0 0 0 0 0 0 0 0 0 0 0 0 0 0 0 0 0 0 0 0 0 0 0 0 0 0 0 0 0 0 0 0 0 21 21 21 21 21 48.9274130745 48.9274130745 40.5912197562 40.5912197562 21 21 21 21 21 21 21 21 21 21 66.4488470802 66.4488470802 21 21 21 21 21 21 21 21 21 21 21 21 21 21 21 21 21 21
0 0 0 0 0 0 0 0 0 0 0 0 0 0 0 0 0 0 0 0 0 0 0 0 0 0 0 0 0 0 0 0 0 0 0 0 0 0 0 0 0 0 0 0 0 21 21 21 46.8710207563 42.641673687 42.641673687 42.641673687 21 21 21 21 21 21 21 21 21 21 21 21 21 21 21 21 21 21 21 21 21 21 21 21 21 21 21 21 21 21 21 21
0 0 0 0 0 0 0 0 0 0 0 0 0 0 0 0 0 0 0 0 0 0 0 0 0 0 0 0 0 0 0 0 0 0 0 0 0 0 0 0 0 0 0 0 0 21 46.2131014904 46.1396560433 46.1396560433 46.8710207563 42.641673687 42.641673687 21 21 21 21 21 21 21 21 21 21 21 21 21 48.3535665987 21 21 21 21 21 21 21 21 21 21 21 21 21 21 21 21 21 21
0 0 0 0 0 0 0 0 0 0 0 0 0 0 0 0 0 0 0 0 0 0 0 0 0 0 0 0 0 0 0 0 0 0 0 0 0 0 0 0 0 0 0 50.7586919371 52.4603648983 60.7532660202 42.3673415702 46.1396560433 46.1396560433 46.8710207563 21 21 21 21 21 21 21 21 21 21 21 21 21 21 21 37.8305816431 37.8305816431 21 21 21 21 21 21 21 21 21 21 21 21 21 21 21 21 21
0 0 0 0 0 0 0 0 0 0 0 0 0 0 0 0 0 0 0 0 0 0 0 0 0 0 0 0 0 0 0 0 0 0 0 0 0 0 0 0 0 42.057436624 60.7532660202 52.4603648983 52.4603648983 60.7532660202 21 46.1396560433 46.2854096487 39.5333617604 21 21 21 21 21 21 21 21 21 21 21 21 21 21 37.8305816431 37.8305816431 37.8305816431 21 21 21 21 21 21 21 21 21 21 21 21 21 21 21 21 21
0 0 0 0 0 0 0 0 0 0 0 0 0 0 0 0 0 0 0 0 0 0 0 0 0 0 0 0 0 0 0 0 0 0 0 0 0 0 0 43.7105864251 42.8111075375 42.057436624 52.4603648983 52.4603648983 52.4603648983 52.4603648983 46.2854096487 46.2854096487 46.2854096487 46.2854096487 21 21 21 21 21 21 21 21 21 21 21 21 21 21 21 62.3745881733 62.3745881733 21 21 21 21 21 21 21 21 21 21 21 21 21 21 21 21 21
0 0 0 0 0 0 0 0 0 0 0 0 0 0 0 0 0 0 0 0 0 0 0 0 0 0 0 0 0 0 0 0 0 0 0 0 0 0 42.057436624 42.057436624 42.057436624 42.8111075375 60.7532660202 60.7532660202 52.4603648983 0 0 21 21 21 21 21 21 21 21 21 21 21 21 21 21 21 21 21 62.3745881733 21 21 21 21 21 21 21 21 21 21 21 21 21 21 21 21 21 21 21
0 0 0 0 0 0 0 0 0 0 0 0 0 0 0 0 0 0 0 0 0 0 0 0 0 0 0 0 0 0 0 0 0 0 0 0 0 0 42.057436624 42.057436624 42.8111075375 42.8111075375 42.6836249491 0 0 0 0 21 21 21 21 21 21 21 21 21 21 21 21 21 21 21 21 21 21 21 21 21 21 21 21 21 21 21 21 21 21 21 21 21 21 21 21 21
0 0 0 0 0 0 0 0 0 0 0 0 0 0 0 0 0 0 0 0 0 0 0 0 0 0 0 0 0 0 0 0 0 0 0 0 0 0 49.6573458316 42.057436624 60.8249663281 0 0 0 0 0 0 21 21 21 21 21 21 21 21 21 21 21 21 21 21 21 21 21 52.0902345316 52.0902345316 52.0902345316 21 21 21 21 21 21 21 21 21 21 21 21 21 21 21 21 21
0 0 0 0 0 0 0 0 0 0 0 0 0 0 0 0 0 0 0 0 0 0 0 0 0 0 0 0 0 0 0 0 0 0 0 0 0 0 0 0 0 0 0 0 0 0 0 0 21 21 21 21 21 21 21 21 21 21 21 21 21 21 21 21 21 52.0902345316 52.0902345316 21 21 21 21 21 21 21 21 21 21 21 21 21 21 21 21 21
0 0 0 0 0 0 0 0 0 0 0 0 0 0 0 0 0 0 0 0 0 0 0 0 0 0 0 0 0 0 0 0 0 0 0 0 0 0 0 0 0 0 0 0 0 0 0 0 0 0 21 21 21 21 21 21 21 21 21 21 21 21 21 21 50.776917291 50.776917291 50.776917291 21 21 21 21 21 21 21 21 21 21 21 21 21 21 21 21 21
