Spatial_Output/BAU/BAU_0732.asc
NCOLS 155
NROWS 192
XLLCORNER 196307.867259
YLLCORNER 449144.565805
CELLSIZE 33.573938
NODATA_VALUE NaN
[rows 25 to 49 of 192, columns 0 to 56 of 155]
0 0 0 0 0 0 0 0 0 0 0 0 0 0 0 0 0 45.4552721243 61.7286848938 52.4656277188 49.8182065585 18.2466780425 18.2466780425 46.7045244258 46.7045244258 46.7045244258 55.6367328598 50.3060667974 25.5652794042 25.0001101475 23.0263741211 24.7839597716 25.3576350726 23.1266236215 25.5750941477 24.4507109705 27.1810841909 26.2381497747 25.4080480477 23.4129469865 25.0521804963 25.0954493984 25.9463384376 27.0843423492 25.9947344306 24.1780162532 24.9930611745 25.496964969 23.0033975281 25.0807234194 24.6640135145 25.1634216134 26.4863868841 27.1451760008 23.087521631 25.0120508635 25.7544448126
0 0 0 0 0 0 0 0 0 0 0 0 0 0 0 0 0 0 0 0 0 24.3101611539 23.3392928753 25.2990934761 46.7045244258 55.6367328598 55.6367328598 58.6848584312 56.1911341553 24.5333915694 23.7125948927 26.9599790352 26.8018400533 26.4588101332 24.5477940579 25.9263625259 23.1768186486 24.1937573219 24.3071330118 24.6372051449 25.625787462 24.1972552461 25.8226697453 24.2958970475 24.1349488746 24.4441176492 23.3947762894 26.5786296372 23.4706905519 23.8530004943 26.3155074299 24.3919058594 27.0421715294 24.8297027666 23.6540628903 25.801374358 26.3859824498
0 0 0 0 0 0 0 0 0 0 0 0 0 0 0 0 0 52.5506271383 52.5506271383 25.0536346566 25.1592637519 26.6711073941 23.5479906044 25.0178574137 24.6933691809 55.6367328598 58.6848584312 58.6848584312 56.0930227865 42.1983542841 25.1825916175 26.6684944603 23.1908880325 26.806071809 24.3591123101 27.1227377754 23.0134045406 26.9043896093 23.3183073347 26.6609730688 24.2905693708 27.1313197656 26.8164470965 25.8141636953 24.8239164328 24.1410505091 25.2833391609 24.7114928696 23.1188889088 23.6473255508 26.3365626719 24.507874588 26.5901518944 25.8717043217 27.0403164178 23.6398071389 24.6834861412
0 0 0 0 0 0 0 0 0 0 0 0 0 0 0 0 0 52.5506271383 25.9934897778 25.2595384668 26.0978509827 26.8591339579 25.7761312647 26.2143053899 23.8725618801 27.0542549955 56.1911341553 48.0120079465 42.1983542841 42.1983542841 71.5521144957 58.3198733741 23.7882277744 26.6849668753 24.4047532438 24.5412982434 26.6499849967 26.8019808595 26.4304546424 24.0119725321 24.7508889833 26.7932327069 25.2600148473 25.192674614 26.3349527659 25.9335246805 26.9039084074 24.136566 24.9714950291 25.3152377789 25.5385178201 27.2391403227 23.1323446432 25.0464910569 25.2914196988 23.9623510953 23.9136629407
0 0 0 0 0 0 0 0 0 0 0 0 0 0 0 0 0 23.6894973719 25.1609816417 36.6480666406 43.5244433036 36.3251379156 25.2355654486 23.2493965387 23.3631426477 25.0828790993 23.8585959447 26.7574242936 42.1983542841 71.5521144957 58.3198733741 58.3198733741 42.2719130394 24.2861167939 26.545538752 24.180722246 25.0132217118 23.4161676035 24.9352878433 24.1117712474 26.2967358495 24.4435976665 25.6765865786 23.3003722078 24.9373119218 27.2110843089 24.4766469909 23.2117662681 26.9436750689 26.786408958 24.5148586991 26.2251488338 27.1603156866 25.9578627516 25.0177832507 24.959050276 27.0583037314
0 0 0 0 0 0 0 0 0 0 0 0 0 0 0 0 24.186640426 26.4227222892 24.5526686888 34.3702599762 41.8428169757 45.3842402446 23.6115215199 23.7243027382 23.0079664874 26.1530085662 23.1586886086 26.2538296241 23.4237233682 71.5521144957 58.3198733741 68.3156158571 68.3156158571 45.3315471023 23.3230798635 23.7776114235 23.3332078866 23.822061112 24.1647469403 24.3838649981 26.0106596768 25.2067316925 24.7150853029 24.3481635122 24.4939990156 26.9789798921 25.8661596072 26.61229942 26.5939374819 25.6612352382 27.0668665127 23.679833201 24.011374507 23.2399751525 24.3736521778 26.8608254954 23.5775541677
0 0 0 0 0 0 0 0 0 0 0 0 0 0 0 26.2859409442 26.4160803062 24.8795814758 27.0631800382 44.3783302477 34.3150354286 44.6770866441 37.3429913791 25.8422726308 23.594279208 25.3026019844 26.3923053306 23.8174546043 27.2281313987 24.7419113895 26.278735792 68.3156158571 68.3156158571 63.420741192 53.3645013026 24.2548788932 26.0042025636 25.9199011216 27.1756475268 26.2982378087 27.0381824575 24.7309609032 25.2957817551 24.2937597276 25.2088133966 23.5750175336 24.8290577651 25.4892000628 26.9247396328 23.9657790063 25.7658554458 25.4491893734 24.6376738663 26.6354994178 23.03995377 25.7354010413 24.455481419
0 0 0 0 0 0 0 0 0 0 0 0 0 0 0 25.7820869577 25.0459557083 26.0205121879 27.1593258289 34.8302409806 40.2518899254 37.9101561595 38.4301805574 23.4705776883 27.0237423584 26.2482127287 23.5564745888 27.0893216194 26.3972826219 24.8560455802 24.6925326648 25.7536997301 45.3315471023 53.3645013026 53.3645013026 65.7405565672 25.6829513971 26.3988185354 23.9401346373 23.7256685438 26.2083910067 26.2936641857 26.9055147587 24.9466638219 23.6834372299 23.3378553849 27.1008463254 24.1588010666 27.0636314371 26.5337201106 23.3447908166 25.6790816006 24.151090723 27.2088999166 25.5874556938 24.399777449 23.3740858433
0 0 0 0 0 0 0 0 0 0 0 0 0 0 0 23.4438981454 25.79851218 25.9378533421 25.0415295303 24.2710922893 46.0738849045 35.3634696808 44.2525076413 26.9179979994 24.7950686615 23.4021963799 23.7545513508 23.4128159216 24.9600032187 23.1908990308 25.3968751314 24.8858264956 23.3567029188 53.3645013026 53.3645013026 65.7405565672 46.1718173702 46.1718173702 24.3382688227 23.8280436949 26.0690703925 26.8495001441 23.3448733988 25.3675540325 25.4659374839 24.6660208808 25.5497984865 24.4539219611 25.562034973 24.5517637905 24.8045807943 23.4541791123 24.7467492988 26.2473583307 25.4270888049 24.2902335841 25.289397772
0 0 0 0 0 0 0 0 0 0 0 0 0 0 0 25.3751997052 25.5569961458 25.7493310687 23.6273939397 24.2956844204 26.3735516304 43.6724854383 23.2567869914 23.3887749928 23.1344404642 26.4804387057 23.2029668186 23.3891381766 27.2077288681 26.1534142794 23.1599802404 23.6907750049 24.2697667103 23.609724462 63.1983426189 39.9087564795 39.9087564795 39.9087564795 26.6161164512 25.9670260792 23.2700023811 24.474021888 25.6532841466 26.4473236752 24.4621181976 24.7184068849 25.6302948355 26.8997407912 25.9737853337 26.1760459401 26.1836762898 24.0053846243 24.0747143294 24.8251285247 23.5873852697 24.8785182366 26.8774848608
0 0 0 0 0 0 0 0 0 0 0 0 0 0 0 26.298733782 26.2548173517 24.4188380509 26.1425552713 27.005160279 23.6469062146 23.4972023507 23.6995371843 26.4778205069 25.8376353618 26.6782242882 25.5105096679 26.4401775872 23.9444589837 23.0775071819 26.5095439982 24.7504841927 27.2257696106 24.4083780875 24.8409107107 45.1908728448 39.9087564795 76.1136146844 25.4150531149 27.1793054366 26.2845839627 24.7448858039 26.1502213093 26.359269835 26.8046118871 26.1774422557 26.8259225256 23.7413299325 24.1390659318 25.7287234819 23.3962262883 25.8525449353 26.9300437453 25.6891338431 27.2265423083 23.9522495608 25.871809152
0 0 0 0 0 0 0 0 0 0 0 0 0 0 24.4256524068 26.0154970302 27.1350594108 24.542664843 26.1915284991 24.986819484 24.1433882457 26.6756583862 26.9759867835 26.7249970795 24.8863607241 26.791751653 23.2036828557 23.143473216 23.5293443224 23.2384961309 23.6574920336 25.734958887 23.7374384371 24.4188374028 26.7603287326 51.450031094 51.450031094 51.450031094 25.6515575823 25.0592863408 24.9925612072 25.4292670451 26.7980239763 26.8097775455 23.9684970508 24.9718051215 25.2686087361 25.2833224366 23.9788625609 23.3949685615 26.6201943315 24.8120786515 24.3773120599 25.163642563 25.7202202055 26.544180417 26.7318735367
0 0 0 0 0 0 0 0 0 0 0 0 0 0 25.4218743615 25.5994512968 23.2869427991 25.5757131064 25.9830244802 25.2838742153 24.6604539267 24.5060763285 23.2664280216 24.9748509435 25.8207998245 24.1080932029 25.7676771866 26.0640795568 26.5029766292 24.2893701812 23.7936248705 23.7123249123 26.0048015231 23.8342197363 26.7628141197 47.976756856 47.976756856 47.976756856 23.0545418022 24.5630904314 25.7485145682 25.7228906338 25.8226188688 24.4535105087 25.9919559364 23.5842998832 26.1208815611 24.7304265647 26.0849461112 23.0529530684 26.8641293161 24.4858861415 27.0425312416 26.3855550596 25.9837368279 25.5074395182 26.7347256756
0 0 0 0 0 0 0 0 0 0 0 0 0 26.0651778231 25.1619763647 26.6796793453 25.7253258069 23.2149014674 26.5156585468 25.4222087422 26.6374161918 26.3809037338 24.7735252769 23.9297083897 26.9711338777 24.3529844866 25.5428009082 24.6750057261 23.0046891092 23.1972830201 27.0031859747 26.7687220162 26.8784685163 24.4252304998 24.1671441131 47.4614747258 24.7007415689 53.8292676717 23.3325069627 23.3321723053 26.1962651542 24.5863873391 25.8925581936 23.9482396775 26.5087627565 25.067244415 27.1408367982 23.7359562099 25.8155694613 24.3668403727 26.8921250869 23.5532813158 23.566153624 26.4228943907 25.2771871516 23.9936769919 25.7745424208
0 0 0 0 0 0 0 0 0 0 0 0 26.5846369825 23.2312809209 25.9703430021 24.7895774135 24.4231212434 24.9883983078 25.2023698921 26.3331213228 25.6527660873 23.8516153435 23.9546794828 23.1169184721 24.4297730603 26.408412095 23.7499374111 24.381610627 40.8955030547 39.310437965 43.3284737001 26.4816417657 23.3005445729 23.5090950168 23.6833851095 26.0718569982 24.8506452448 53.8292676717 53.8292676717 25.9330678066 23.722710325 23.8897146546 23.4512950796 25.2544737745 25.6797910625 23.6665596548 23.1057880829 24.3080992761 26.3792701251 26.5054837971 23.7423257892 25.159345434 24.9878159782 26.3664272818 25.3390668443 26.8402461483 24.2988926107
0 0 0 0 0 0 0 0 0 0 0 25.9061764573 26.272804769 24.1224292793 23.9369734462 27.0722491468 25.3901929176 23.1723900956 24.8230313047 24.7156496092 26.7332601867 23.0341705923 26.5491408195 23.7377891793 25.3273055849 26.6860225573 26.371303211 26.4196024434 40.9770744175 40.340588381 33.3407196809 23.3323478557 26.1782842417 24.6110246747 23.7734618667 25.8297903456 27.2225830239 24.1072280795 44.1735597437 44.1735597437 44.1735597437 26.8728112543 24.9119259619 26.9085530875 26.8800697002 26.4562837875 24.5858219139 25.0433571587 26.3059937982 25.8405381018 23.3706556903 24.9089084054 26.3388321173 24.8428965728 24.9358975 23.3085879423 26.2276604994
0 0 0 0 0 0 0 0 0 0 24.189279472 27.2203298211 26.5329780076 25.3026578708 26.5101807835 26.2781499108 23.3700284717 24.314554631 25.5052800356 23.7422495468 23.662231733 24.3200038034 25.6428469855 23.6657758901 26.8302420357 25.1360690148 23.8493764923 24.5073112783 38.2223268336 41.579685469 39.2319118837 52.3703439309 23.9298011771 26.4680232202 27.0355819203 24.314123671 24.7729938607 24.2312876597 44.1735597437 44.1735597437 24.659425467 25.2019029787 26.9098127592 24.0148487395 23.1035117594 23.1798692323 27.1015062035 25.8052365263 23.9949392167 23.059875197 24.6584273613 23.7719483933 23.2979092756 24.6802462563 24.9015740127 26.2049137962 25.4337879935
0 0 0 0 0 0 0 0 0 0 25.2406993041 23.3760571802 27.1712611239 25.6931113742 25.2347004133 26.5795122151 25.784248178 26.7055305245 25.6632758712 23.9641651451 25.1159325369 24.0180157173 25.9837181202 25.2526163016 25.3540922747 23.1684289358 25.2940988228 24.2866735474 42.4708900343 34.7909049259 47.7297179129 26.2661136434 26.7387177024 26.3563907257 24.4135497529 23.1553238136 24.9982475631 25.1639327297 27.1966936916 24.9363118596 46.4793205214 26.2969631449 25.2320274879 23.4504114632 24.3131251743 26.3995387572 26.1070879542 26.7614973932 25.6982753995 26.1610718569 26.6792187216 25.2523208294 26.907296758 25.5230318961 25.8146176672 25.9480307258 26.3020543826
0 0 0 0 0 0 0 0 23.9024252773 23.5046911862 26.419853422 24.5779917575 26.8926419678 25.0633991532 26.2800206847 23.2881152836 23.8322512222 25.7945184756 25.1380856931 23.1072020521 24.793367422 23.7511880536 23.5209477883 26.971123307 23.6880197408 26.6974039465 24.0021143471 26.1688085966 25.7821205026 55.8032504832 55.8032504832 55.8032504832 26.974353254 23.7264717202 25.5246893712 24.2774840998 25.0865581694 50.5557693644 50.5557693644 50.5557693644 26.0115254453 27.1171980084 24.7860127683 26.6668424563 24.7439610056 26.1340083887 23.813074865 23.7675268983 24.8375588119 26.7040811982 26.7326157732 26.5731726129 25.5813323069 26.4673317632 23.5114693724 24.441312213 27.075109538
0 0 0 0 0 23.9331137193 24.4699134416 23.0326345533 26.87322637 23.6907963297 24.8934247148 25.1049727468 25.6703832751 24.8799935255 26.6461004058 23.2180264657 24.872849799 25.1687191707 26.7252749277 23.5231323812 25.8385151132 27.0076895615 26.9055408725 23.3602622311 26.4583178371 26.2370858918 25.2247593276 25.8313410828 23.2844517479 24.8822164101 55.8032504832 24.3466894652 23.0594718806 26.0265163638 27.160542013 27.2268693296 25.2013191124 23.1638791387 50.5557693644 50.5557693644 26.8535357207 24.0854766681 26.0223914173 23.1242473641 26.2871397214 25.0326861789 23.7344016806 25.5338851157 25.4129133209 23.2483121062 25.9745082325 25.7409181257 26.1846242729 25.8695458446 24.3661687504 26.0229542898 26.4343021544
0 0 26.9129520404 25.684778925 23.1525650761 24.6303255252 25.3883881468 24.4527811723 25.2973385731 23.3389797677 26.4440198822 25.4429233473 23.1997037187 25.6864573879 25.392881773 24.8522542631 24.8891193978 26.3462185347 24.419460974 24.1459368248 24.659881822 23.637630322 26.9788734132 25.4950817719 27.0071046222 23.4489775017 25.9632397636 23.310864265 25.6744041364 26.776368802 26.2198948215 23.0290366183 23.9160364222 25.549111357 26.0232808366 26.9786102003 25.9618880154 25.26035819 23.1757317477 26.9814857169 23.5212774529 25.8414470766 26.7491775075 23.6894554505 26.7757733522 24.6144283149 23.1921612214 25.783046755 25.9787408624 25.1496323616 24.6039962074 26.8888169422 23.8653653181 24.6618989112 26.8253221497 26.0723325044 25.7979275669
0 26.1588441902 24.5690000075 25.9519804425 23.3185505148 25.6424573738 24.772375899 26.3732246348 26.2796907554 25.7942701829 23.3970174882 23.0630849242 25.6293411652 24.2935342448 26.0232745168 25.6827918242 25.4848305897 25.8703785889 26.9198040003 23.3016449771 25.6240606828 23.3246158125 25.4091852308 25.5611230391 24.7777564383 23.6878979553 23.5004929108 27.1100448119 26.4461187493 24.3265602886 26.1202859715 23.9042937008 25.9107595274 24.5308862854 25.123939807 27.027656601 26.7743303731 23.8791156265 25.1057337028 43.7965847689 24.9311152022 25.4425605504 25.3302861775 27.0262141863 24.7247459563 24.5229734293 23.4251136913 24.5233750241 25.5927800016 23.5246340608 27.0325949226 26.6884396729 27.1229582684 26.498442925 24.9918123975 26.0691533801 23.8958596963
23.8152015905 23.777698751 25.8987659399 23.199208471 23.0146077858 23.0055863679 23.3589539599 23.7165571049 25.283868244 25.8028042759 24.6768506164 24.8684143544 26.5317011378 25.0430587784 23.2092481507 23.7415621531 24.9816176905 27.2410033716 26.1514787966 26.1616141082 25.6677011763 26.9841066555 24.5120663141 23.9356207101 24.1117244396 23.2153560777 25.3848870463 24.3971974354 26.0945038669 26.2274954229 23.1035019737 23.4623563128 55.4693101102 23.4946081989 24.5571086842 26.3976936155 23.9096076748 25.1413121885 55.7660495388 55.7660495388 55.7660495388 26.5047046726 27.1441530972 26.7773031707 24.2198507624 27.2350937433 24.3837028614 26.0218939061 26.9892106935 25.002819411 23.6594609034 26.8944104162 26.5316886334 25.3428382202 24.6274683553 24.3843837452 23.9394031436
25.0574931229 24.4678782787 25.7600858935 23.0425802176 27.0256021944 26.4747660633 23.9539741002 24.7495030624 25.326385853 25.997882117 24.6224496349 23.488139693 23.2619161421 26.2610898894 24.9330243291 24.1580573271 23.1981628418 24.5118638463 25.3380888695 24.9776508312 27.0961125852 23.0109969787 27.0422268397 26.3112627189 25.7935938434 23.3896916704 25.0360743777 24.7531010094 23.7326968234 24.3317805155 26.3101534483 53.616197868 25.761271265 25.5715129999 25.4283023116 25.0470658021 70.0474043751 55.8664299864 51.1739651903 55.8664299864 23.8359895652 25.3565256421 25.1803994727 25.0192414708 23.7220751337 23.6034070414 24.9753623628 24.2580986031 26.6150988929 25.4680243648 23.7448928392 27.0889424142 26.1480160815 25.8877485926 24.8069872554 25.3180204448 23.324612693
23.4177251097 25.4226457842 23.4318781003 24.839611442 23.9974670754 26.018768192 25.791732727 26.1450914101 27.1213222022 27.1869165165 23.4227893541 23.6288068346 24.7630903808 25.1682879518 25.7235124724 24.2207267596 26.1153438333 26.6838761073 24.5603718489 23.7741563037 25.7439109738 26.6658362906 24.2486712908 25.1407920926 23.4024081814 24.7521681406 23.5679121779 23.6577615971 23.4965324941 26.8005682379 25.8057558898 26.5766395831 27.2302118709 55.4693101102 25.7172741301 45.6706931456 23.2846513807 51.1739651903 51.1739651903 51.1739651903 25.4692663849 25.3160678114 23.6679546509 26.3504803067 23.0643680949 26.5109843292 25.7644247766 27.1368885586 24.6192888351 24.7608748877 24.7850847985 27.0996025466 25.4677633594 26.783815159 24.5180675003 26.9311730121 25.1663804372
