Spatial_Output/BAU/BAU_0842.asc
NCOLS 155
NROWS 192
XLLCORNER 196307.867259
YLLCORNER 449144.565805
CELLSIZE 33.573938
NODATA_VALUE NaN
[rows 108 to 143 of 192, columns 0 to 82 of 155]
0 0 0 0 0 0 0 0 0 0 0 0 0 0 0 0 0 0 0 0 0 0 0 0 48.2964592555 15.33 45.2232996296 54.180881817 19 19 19 19 19 19 19 19 19 19 19 19 19 19 19 19 19 19 19 19 41.7066873939 41.7066873939 41.7066873939 19 19 19 45.3366124373 45.3366124373 45.3366124373 19 19 19 19 19 19 19 19 19 19 19 19 19 19 19 19 19 19 19 19 19 19 19 19 19 19
0 0 0 0 0 0 0 0 0 0 0 0 0 0 0 0 0 0 0 0 0 0 0 0 0 0 0 0 19 19 19 19 19 19 19 19 19 19 19 19 19 19 19 19 19 19 19 19 48.1411857614 48.1411857614 48.1411857614 48.1411857614 19 19 45.3366124373 33.1210512302 19 19 19 19 19 19 19 45.7720768261 19 19 19 19 19 19 19 19 19 19 19 19 41.639054873 41.639054873 36.0525281702 19 19 19 19
0 0 0 0 0 0 0 0 0 0 0 0 0 0 0 0 0 0 0 0 0 0 0 0 0 0 0 0 0 19 19 19 19 19 19 19 19 19 19 19 19 19 19 19 19 19 19 19 37.2016466458 35.7416466458 35.7416466458 37.2016466458 19 19 30.8053036064 30.8053036064 33.1210512302 37.3788570639 19 62.1093709993 19 19 19 19 45.7720768261 19 19 19 19 19 19 19 19 19 67.858557835 67.858557835 49.7423427261 33.2637112132 33.2637112132 59.0586384711 50.9656762822 49.8200598923 49.8200598923
0 0 0 0 0 0 0 0 0 0 0 0 0 0 0 0 0 0 0 0 0 0 0 0 0 0 0 0 0 19 19 19 19 19 19 19 19 19 19 19 19 19 19 19 19 19 19 19 19 55.2078114193 55.2078114193 35.9535500454 19 48.3837035421 30.8053036064 49.4244994489 49.4244994489 38.8449286137 19 62.1093709993 62.1093709993 19 19 44.0393799983 44.0393799983 19 19 19 19 19 52.0554155782 19 19 19 67.858557835 67.858557835 54.0989670992 54.0989670992 59.0586384711 59.0586384711 50.9656762822 19 19
0 0 0 0 0 0 0 0 0 0 0 0 0 0 0 0 0 0 0 0 0 0 0 0 0 0 0 0 0 0 19 19 19 19 19 19 19 19 19 19 19 19 19 19 19 19 19 19 44.0981079534 34.4935500454 34.4935500454 19 19 48.3837035421 49.4244994489 49.4244994489 49.4244994489 38.8449286137 37.3788570639 62.1093709993 62.1093709993 19 69.0608364103 44.0393799983 44.0393799983 44.0393799983 19 19 19 52.0554155782 19 19 19 50.5954155782 44.9732004895 67.858557835 54.0989670992 64.6885481471 54.0989670992 59.0586384711 50.9656762822 19 39.6791595475
0 0 0 0 0 0 0 0 0 0 0 0 0 0 0 0 0 0 0 0 0 0 0 0 0 0 0 0 0 0 0 19 19 19 19 19 19 19 19 19 19 19 19 19 19 19 19 19 34.4935500454 34.4935500454 34.4935500454 34.4935500454 43.3101992761 49.8488222894 49.8488222894 55.971669142 55.971669142 43.0236470132 19 62.1093709993 19 19 19 19 63.3320791553 63.3320791553 19 19 19 19 19 19 19 19 19 19 64.6885481471 64.6885481471 64.6885481471 19 19 19 39.6791595475
0 0 0 0 0 0 0 0 0 0 0 0 0 0 0 0 0 0 0 0 0 0 0 0 0 0 0 0 0 0 0 19 19 19 19 19 19 19 19 19 19 19 19 19 19 19 19 19 45.5581079534 19 19 45.5581079534 49.8488222894 49.8488222894 49.8488222894 19 19 19 19 19 19 19 19 43.4767234318 43.4767234318 19 19 19 19 19 19 19 19 19 19 19 38.4744160655 38.4744160655 38.4744160655 19 19 19 42.7990050815
0 0 0 0 0 0 0 0 0 0 0 0 0 0 0 0 0 0 0 0 0 0 0 0 0 0 0 0 0 0 0 0 19 19 19 19 19 19 19 19 19 19 19 19 19 19 19 19 19 19 19 19 19 19 19 19 19 19 19 19 19 19 43.4767234318 43.4767234318 43.4767234318 19 19 19 19 19 19 19 19 19 19 19 19 19 19 19 19 19 42.7990050815
0 0 0 0 0 0 0 0 0 0 0 0 0 0 0 0 0 0 0 0 0 0 0 0 0 0 0 0 0 0 0 0 19 19 19 19 19 19 19 19 19 19 19 19 19 19 19 19 53.6526843357 53.6526843357 53.6526843357 19 19 19 19 19 19 19 19 19 19 19 49.1965790093 42.8225750563 19 19 19 19 19 19 19 19 19 19 19 19 19 46.13346363 60.0198892064 19 19 19 19
0 0 0 0 0 0 0 0 0 0 0 0 0 0 0 0 0 0 0 0 0 0 0 0 0 0 0 0 0 0 0 0 0 19 19 19 19 19 19 19 19 19 19 19 19 19 19 19 40.1149382455 43.4468261621 44.437578473 47.6009432154 19 19 53.8547413656 19 19 41.6816306454 19 19 19 19 42.8225750563 42.8225750563 42.8225750563 19 19 19 19 19 19 19 19 19 19 19 19 19 19 19 19 19 19
0 0 0 0 0 0 0 0 0 0 0 0 0 0 0 0 0 0 0 0 0 0 0 0 0 0 0 0 0 0 0 0 0 19 19 19 19 19 19 19 19 19 19 19 19 49.8492074605 49.8492074605 40.1149382455 40.1149382455 43.4468261621 44.437578473 44.437578473 41.4867898811 53.8547413656 53.8547413656 19 41.6816306454 41.6816306454 41.6816306454 19 19 62.9423623678 62.9423623678 45.8225468019 62.9423623678 19 19 19 19 19 19 19 19 19 19 19 19 19 19 19 19 19 19
0 0 0 0 0 0 0 0 0 0 0 0 0 0 0 0 0 0 0 0 0 0 0 0 0 0 0 0 0 0 0 0 0 0 19 19 19 19 19 19 19 19 75.1703887507 19 58.2490253944 49.8492074605 49.8492074605 56.4149230918 40.1149382455 43.4468261621 44.437578473 44.437578473 41.4867898811 53.8547413656 53.8547413656 19 19 41.6816306454 19 19 19 42.4169569122 45.8225468019 45.8225468019 19 19 19 19 19 19 19 19 19 19 19 19 19 19 19 19 19 19 19
0 0 0 0 0 0 0 0 0 0 0 0 0 0 0 0 0 0 0 0 0 0 0 0 0 0 0 0 0 0 0 0 0 0 0 19 19 19 19 19 19 42.21725779 42.21725779 19 58.2490253944 49.8492074605 49.8492074605 55.2849042954 55.2849042954 59.2402777788 19 41.4867898811 19 19 49.5005237375 19 19 19 19 19 19 47.976582256 40.5679953997 40.5679953997 46.2696220959 19 19 19 19 19 19 19 19 19 19 19 19 19 64.5736542767 64.5736542767 64.5736542767 19 19
0 0 0 0 0 0 0 0 0 0 0 0 0 0 0 0 0 0 0 0 0 0 0 0 0 0 0 0 0 0 0 0 0 0 0 19 19 19 19 19 19 42.21725779 42.21725779 19 19 58.2490253944 19 50.816828327 50.816828327 50.816828327 19 19 19 19 19 19 19 19 19 19 19 40.5679953997 40.5679953997 40.5679953997 19 19 19 19 19 19 19 19 19 19 19 19 19 19 64.5736542767 64.5736542767 52.0982481989 19 19
0 0 0 0 0 0 0 0 0 0 0 0 0 0 0 0 0 0 0 0 0 0 0 0 0 0 0 0 0 0 0 0 0 57.4986684938 40.8678081847 40.8678081847 19 19 19 75.8933019677 19 19 42.21725779 75.1703887507 19 19 19 50.816828327 50.816828327 65.502095299 19 19 19 19 19 19 19 19 41.1797141609 19 55.0048129818 40.6493922639 40.6493922639 19 19 19 19 19 19 19 19 19 19 19 19 19 19 19 19 52.0982481989 52.0982481989 52.0982481989 19
0 0 0 0 0 0 0 0 0 0 0 0 0 0 0 0 0 0 0 0 0 0 0 0 0 0 0 0 0 0 37.7344170153 38.0838197666 32.3684330942 44.4656319434 42.154655759 40.8678081847 40.8678081847 19 19 19 19 19 19 19 19 19 19 65.502095299 19 19 19 19 19 19 19 19 19 19 41.1797141609 19 47.5850039098 47.5850039098 47.5850039098 19 19 19 19 19 19 19 19 19 19 19 19 19 19 19 19 52.0982481989 50.8293303165 63.3758037403 19
0 0 0 0 0 0 0 0 0 0 0 0 0 0 0 0 0 0 0 0 0 0 0 0 0 0 0 0 42.339781604 42.339781604 52.5952184101 42.4989029564 42.4908376361 42.415224929 33.259346626 40.8678081847 56.0011800061 19 19 19 19 19 19 19 19 19 19 76.7705901274 19 19 19 19 19 19 19 19 19 19 19 19 61.19704783 19 58.4577753048 19 19 19 19 19 19 19 19 19 19 19 19 19 19 19 19 63.3758037403 50.8293303165 50.8293303165 19
0 0 0 0 0 0 0 0 0 0 0 0 0 0 0 0 0 0 0 0 0 0 0 0 0 66.8947949249 66.8947949249 73.7669453859 42.339781604 52.5952184101 52.5952184101 52.5952184101 29.0778222059 36.6363172922 44.2027078347 54.7063549248 0 0 19 19 19 19 19 19 19 19 57.4237016816 19 19 19 19 19 19 19 19 19 19 19 49.0451200203 19 19 36.0369526257 19 19 19 19 19 19 19 19 19 19 19 19 19 19 19 19 19 19 50.8293303165 46.6245552314 50.3982196756
0 0 0 0 0 0 0 0 0 0 0 0 0 0 0 0 0 0 0 0 0 0 0 0 0 66.8947949249 66.8947949249 66.8947949249 73.7669453859 42.339781604 52.5952184101 52.5952184101 51.6051166195 55.145741716 0 0 0 0 19 19 19 19 19 19 19 19 19 19 19 19 19 19 19 61.8624562657 45.4829144508 45.8701772038 50.1785906111 19 49.0451200203 36.0369526257 36.0369526257 36.0369526257 36.0369526257 19 19 19 19 19 19 19 19 19 19 19 19 19 19 19 41.5269564777 46.6245552314 46.6245552314 46.6245552314 44.7046229887
0 0 0 0 0 0 0 0 0 0 0 0 0 0 0 0 0 0 0 0 0 0 0 0 0 57.1963571753 66.8947949249 60.8954813382 73.7669453859 50.6089134352 0 0 0 0 0 0 0 0 0 19 19 19 19 19 19 19 57.4237016816 19 19 19 43.619039019 37.7423930345 63.5590282987 61.8624562657 61.8624562657 45.4829144508 19 49.0451200203 49.0451200203 49.0451200203 36.0369526257 36.0369526257 19 19 19 19 19 19 19 19 19 19 40.920995332 65.78234093 65.78234093 37.4568073792 75.1505984302 75.1505984302 41.5269564777 41.5269564777 44.5312133578 41.0448861471 41.0448861471
0 0 0 0 0 0 0 0 0 0 0 0 0 0 0 0 0 0 0 0 0 0 0 0 0 0 0 0 0 0 0 0 0 0 0 0 0 0 0 0 19 19 19 19 19 37.1960275588 19 19 19 34.0571513966 43.619039019 43.619039019 19 61.8624562657 61.8624562657 19 19 19 19 19 19 36.0369526257 49.9383717912 49.9383717912 19 19 62.1807109217 19 19 19 19 40.920995332 44.5128189911 65.78234093 65.78234093 37.4568073792 75.1505984302 75.1505984302 41.5269564777 41.5269564777 46.8766986246 50.319540628 41.0448861471
0 0 0 0 0 0 0 0 0 0 0 0 0 0 0 0 0 0 0 0 0 0 0 0 0 0 0 0 0 0 0 0 0 0 0 0 0 0 0 0 0 19 19 19 37.1960275588 37.1960275588 19 44.5841372316 44.5841372316 34.0571513966 43.619039019 43.619039019 19 63.5590282987 61.8624562657 19 19 19 19 19 19 19 19 19 19 19 19 19 52.5815962078 52.5815962078 19 19 44.5128189911 44.5128189911 65.78234093 37.4568073792 75.1505984302 19 42.8169841331 46.8766986246 46.8766986246 73.3643729455 73.3643729455
0 0 0 0 0 0 0 0 0 0 0 0 0 0 0 0 0 0 0 0 0 0 0 0 0 0 0 0 0 0 0 0 0 0 0 0 0 0 0 0 0 19 19 19 37.1960275588 37.1960275588 19 44.5841372316 44.5841372316 19 35.3663363133 19 19 19 19 19 19 19 19 19 43.0616336942 43.0616336942 19 19 44.1685642737 19 19 19 19 19 19 19 19 19 19 19 19 19 19 19 73.3643729455 50.7056344999 39.101929844
0 0 0 0 0 0 0 0 0 0 0 0 0 0 0 0 0 0 0 0 0 0 0 0 0 0 0 0 0 0 0 0 0 0 0 0 0 0 0 0 0 0 19 19 19 19 44.4619311888 44.4619311888 44.5841372316 19 19 19 19 19 19 19 19 19 19 19 43.0616336942 43.0616336942 19 55.0992263674 60.9363892649 19 19 19 19 19 19 19 19 19 19 19 19 19 19 19 19 39.101929844 39.101929844
0 0 0 0 0 0 0 0 0 0 0 0 0 0 0 0 0 0 0 0 0 0 0 0 0 0 0 0 0 0 0 0 0 0 0 0 0 0 0 0 0 0 0 19 19 44.4619311888 44.4619311888 44.4619311888 19 19 19 19 19 19 19 19 19 55.5267628942 55.5267628942 55.5267628942 19 43.0616336942 55.0992263674 43.2418995835 43.2418995835 19 19 19 19 19 19 19 19 19 19 19 19 19 19 19 19 39.101929844 39.101929844
0 0 0 0 0 0 0 0 0 0 0 0 0 0 0 0 0 0 0 0 0 0 0 0 0 0 0 0 0 0 0 0 0 0 0 0 0 0 0 0 0 0 0 19 19 19 41.7871416715 19 19 19 19 19 19 41.41617272 41.41617272 19 19 19 55.5267628942 19 19 19 55.0992263674 43.2418995835 43.2418995835 19 19 19 19 19 19 19 19 19 19 19 19 19 19 19 19 19 19
0 0 0 0 0 0 0 0 0 0 0 0 0 0 0 0 0 0 0 0 0 0 0 0 0 0 0 0 0 0 0 0 0 0 0 0 0 0 0 0 0 0 0 0 41.7871416715 19 52.3625839538 41.7871416715 19 19 19 19 19 41.41617272 41.41617272 41.41617272 19 19 55.5267628942 19 19 19 19 19 19 59.4907730838 19 19 19 19 19 19 19 19 19 19 19 19 19 19 19 19 19
0 0 0 0 0 0 0 0 0 0 0 0 0 0 0 0 0 0 0 0 0 0 0 0 0 0 0 0 0 0 0 0 0 0 0 0 0 0 0 0 0 0 0 0 19 52.3625839538 52.3625839538 52.3625839538 19 19 19 19 19 48.9406790051 48.9406790051 19 19 19 19 19 19 19 19 59.4907730838 59.4907730838 59.4907730838 19 19 19 19 19 19 19 19 19 19 19 19 19 19 19 19 19
0 0 0 0 0 0 0 0 0 0 0 0 0 0 0 0 0 0 0 0 0 0 0 0 0 0 0 0 0 0 0 0 0 0 0 0 0 0 0 0 0 0 0 0 19 29.2946924522 52.3625839538 32.9808388896 19 19 19 51.9661693994 51.9661693994 19 19 19 19 19 19 19 19 19 19 19 19 19 19 19 19 19 19 19 19 19 19 19 19 19 19 19 19 19 19
0 0 0 0 0 0 0 0 0 0 0 0 0 0 0 0 0 0 0 0 0 0 0 0 0 0 0 0 0 0 0 0 0 0 0 0 0 0 0 0 0 0 0 0 0 32.9808388896 49.7957162687 67.565783924 60.1996672432 19 60.4870056863 44.9658183706 44.9658183706 51.9661693994 19 19 19 19 19 19 19 19 19 19 19 19 19 19 19 19 19 19 19 19 19 19 19 19 19 19 19 19 19
0 0 0 0 0 0 0 0 0 0 0 0 0 0 0 0 0 0 0 0 0 0 0 0 0 0 0 0 0 0 0 0 0 0 0 0 0 0 0 0 0 0 0 0 0 19 67.565783924 67.565783924 67.565783924 19 60.4870056863 44.9658183706 44.9658183706 19 19 19 19 19 19 19 19 19 19 19 19 43.074050948 46.2754501009 19 19 19 19 19 19 19 19 19 19 19 19 19 19 19 19
0 0 0 0 0 0 0 0 0 0 0 0 0 0 0 0 0 0 0 0 0 0 0 0 0 0 0 0 0 0 0 0 0 0 0 0 0 0 0 0 0 0 0 0 0 38.7740999072 19 65.2095788216 65.2095788216 65.2095788216 60.4870056863 19 19 19 19 19 19 19 19 19 19 19 19 19 46.2754501009 43.074050948 43.074050948 49.2650496383 19 19 19 19 19 19 19 19 19 19 19 19 19 19 19
0 0 0 0 0 0 0 0 0 0 0 0 0 0 0 0 0 0 0 0 0 0 0 0 0 0 0 0 0 0 0 0 0 0 0 0 0 0 0 0 0 0 0 44.0489072443 57.8744494234 38.7740999072 65.2095788216 65.2095788216 65.2095788216 43.8799631655 19 19 19 19 19 19 19 19 19 19 19 19 19 19 49.2650496383 38.5707042409 49.2650496383 19 19 19 19 19 19 19 19 19 19 19 19 19 19 19 19
0 0 0 0 0 0 0 0 0 0 0 0 0 0 0 0 0 0 0 0 0 0 0 0 0 0 0 0 0 0 0 0 0 0 0 0 0 0 0 0 0 52.9815718561 52.6163790301 52.9815718561 52.9815718561 57.8744494234 38.7740999072 40.2555659199 40.2555659199 19 19 19 19 19 19 19 19 19 19 19 19 19 19 19 19 38.5707042409 38.5707042409 38.5707042409 19 19 19 19 19 19 19 19 19 19 19 19 19 19 19
0 0 0 0 0 0 0 0 0 0 0 0 0 0 0 0 0 0 0 0 0 0 0 0 0 0 0 0 0 0 0 0 0 0 0 0 0 0 0 76.5004150792 34.8405565924 52.9815718561 52.9815718561 52.9815718561 52.9815718561 57.8744494234 19 40.2555659199 40.2555659199 19 19 19 19 19 19 19 19 19 19 19 19 19 19 19 19 38.5707042409 65.8379073616 19 19 19 19 19 19 19 19 19 19 19 19 19 19 19 19
0 0 0 0 0 0 0 0 0 0 0 0 0 0 0 0 0 0 0 0 0 0 0 0 0 0 0 0 0 0 0 0 0 0 0 0 0 0 51.1563790301 51.1563790301 44.0489072443 52.9815718561 52.9815718561 52.6163790301 57.8744494234 0 0 19 19 19 19 19 19 19 19 19 19 19 19 19 19 19 19 19 19 19 65.8379073616 19 19 19 19 19 19 19 19 19 19 19 19 19 19 19 19
