Spatial_Output/BAU/BAU_0857.asc
NCOLS 155
NROWS 192
XLLCORNER 196307.867259
YLLCORNER 449144.565805
CELLSIZE 33.573938
NODATA_VALUE NaN
[rows 108 to 143 of 192, columns 0 to 79 of 155]
0 0 0 0 0 0 0 0 0 0 0 0 0 0 0 0 0 0 0 0 0 0 0 0 48.2964592555 15.33 45.2232996296 54.180881817 19 19 19 19 19 19 19 19 19 19 19 19 19 19 19 19 19 19 19 19 73.4566146741 55.4871402557 55.4871402557 19 19 42.2651702072 42.2651702072 52.8772569192 44.443987374 19 19 19 19 19 19 51.6063210351 45.1256074502 51.6063210351 19 19 19 19 19 19 19 19 19 19 63.9739038436 63.9739038436 63.9739038436 19
0 0 0 0 0 0 0 0 0 0 0 0 0 0 0 0 0 0 0 0 0 0 0 0 0 0 0 0 19 19 19 19 19 19 19 19 19 19 19 19 19 19 19 19 19 19 19 19 55.4871402557 55.4871402557 55.4871402557 55.4871402557 19 44.443987374 42.2651702072 35.7286096367 35.7286096367 19 19 19 19 19 19 45.1256074502 45.1256074502 45.1256074502 19 19 19 19 19 19 19 19 19 19 56.7010345914 63.9739038436 56.7010345914 19
0 0 0 0 0 0 0 0 0 0 0 0 0 0 0 0 0 0 0 0 0 0 0 0 0 0 0 0 0 19 19 19 19 19 19 19 19 19 19 19 19 19 19 19 19 19 19 19 19 55.4007243744 55.4007243744 19 19 37.6496572347 34.2999051894 34.2999051894 37.763753241 36.1415746563 19 39.9184796524 75.7812838274 36.7256995439 44.3204705968 45.1256074502 59.3769748125 19 19 57.2328920637 19 19 19 19 19 19 19 19 47.2607625892 47.2607625892 71.0813926953 19
0 0 0 0 0 0 0 0 0 0 0 0 0 0 0 0 0 0 0 0 0 0 0 0 0 0 0 0 0 19 19 19 19 19 19 19 19 19 19 19 19 19 19 19 19 19 19 19 52.9535033065 55.4007243744 55.4007243744 42.1069634728 19 37.6687019941 34.2999051894 34.2999051894 34.2999051894 47.714790346 47.714790346 75.7812838274 75.7812838274 42.7847335352 42.7847335352 59.3769748125 59.3769748125 59.3769748125 57.2328920637 57.2328920637 19 19 19 19 19 19 43.5472589761 19 47.2607625892 47.2607625892 19 19
0 0 0 0 0 0 0 0 0 0 0 0 0 0 0 0 0 0 0 0 0 0 0 0 0 0 0 0 0 0 19 19 19 19 19 19 19 19 19 19 19 19 19 19 19 19 19 19 46.4984841932 46.4984841932 46.4984841932 19 19 49.6179597055 49.6179597055 49.6179597055 53.4597728898 47.714790346 47.714790346 75.7812838274 75.7812838274 42.7847335352 42.7847335352 19 59.3769748125 19 19 57.2328920637 19 19 19 19 19 19 19 19 19 19 19 19
0 0 0 0 0 0 0 0 0 0 0 0 0 0 0 0 0 0 0 0 0 0 0 0 0 0 0 0 0 0 0 19 19 19 19 19 19 19 19 19 19 19 19 19 19 19 19 19 36.303953584 46.4984841932 19 33.4354941498 33.4354941498 48.4358213576 49.6179597055 43.5687001327 53.4597728898 57.2755764568 39.9184796524 39.9184796524 75.7812838274 36.7256995439 44.3204705968 47.8013187271 47.8013187271 19 19 19 19 19 19 19 19 19 19 19 19 19 19 19
0 0 0 0 0 0 0 0 0 0 0 0 0 0 0 0 0 0 0 0 0 0 0 0 0 0 0 0 0 0 0 19 19 19 19 19 19 19 19 19 19 19 19 19 19 19 19 19 45.9099299085 38.2739621421 38.2739621421 45.4213383772 50.8223919902 48.4358213576 48.4358213576 19 19 19 19 19 19 19 47.8013187271 47.8013187271 47.8013187271 19 19 19 19 19 19 19 19 19 19 19 19 19 19 19
0 0 0 0 0 0 0 0 0 0 0 0 0 0 0 0 0 0 0 0 0 0 0 0 0 0 0 0 0 0 0 0 19 19 19 19 19 19 19 19 19 19 19 19 19 19 19 19 19 38.2739621421 38.2739621421 38.2739621421 50.8223919902 50.8223919902 48.4358213576 34.9345764357 19 19 19 19 19 19 19 55.2039139686 19 19 19 19 19 19 19 19 19 19 19 19 19 19 19 56.6184715788
0 0 0 0 0 0 0 0 0 0 0 0 0 0 0 0 0 0 0 0 0 0 0 0 0 0 0 0 0 0 0 0 19 19 19 19 19 19 19 19 19 19 19 19 19 19 19 19 19 19 38.2739621421 19 50.8223919902 46.5681210631 50.9234054845 34.9345764357 19 19 19 19 19 19 55.2039139686 55.2039139686 55.2039139686 19 19 19 19 19 19 19 19 19 19 19 19 19 39.5891646094 56.6184715788
0 0 0 0 0 0 0 0 0 0 0 0 0 0 0 0 0 0 0 0 0 0 0 0 0 0 0 0 0 0 0 0 0 19 19 19 19 19 19 19 19 19 19 19 19 19 19 19 19 19 19 19 19 19 34.9345764357 19 45.4471118385 19 19 19 45.9127516075 19 19 55.2039139686 19 19 19 19 19 19 19 19 19 19 19 19 19 19 39.5891646094 56.6184715788
0 0 0 0 0 0 0 0 0 0 0 0 0 0 0 0 0 0 0 0 0 0 0 0 0 0 0 0 0 0 0 0 0 19 19 19 19 19 19 19 19 19 19 19 19 19 19 19 19 19 19 19 19 19 19 19 45.4471118385 19 48.8001961364 19 45.9127516075 45.9127516075 41.8829495656 41.8829495656 19 19 19 19 19 19 19 19 19 19 19 19 19 45.7210695076 19 19
0 0 0 0 0 0 0 0 0 0 0 0 0 0 0 0 0 0 0 0 0 0 0 0 0 0 0 0 0 0 0 0 0 0 19 19 19 19 19 19 19 19 35.4468429024 19 19 19 19 19 19 19 19 19 19 19 43.888785615 19 19 19 19 45.9127516075 45.9127516075 45.9127516075 41.8829495656 41.8829495656 56.0643215198 19 19 19 19 19 19 19 19 19 19 19 19 19 61.6583657747 61.6583657747
0 0 0 0 0 0 0 0 0 0 0 0 0 0 0 0 0 0 0 0 0 0 0 0 0 0 0 0 0 0 0 0 0 0 0 19 19 19 19 19 72.1125313773 55.3910551459 55.3910551459 19 35.4468429024 19 19 19 19 19 19 19 19 19 19 19 19 19 19 19 19 35.9956594667 35.9956594667 56.0643215198 19 19 19 19 19 19 19 19 19 19 19 19 19 19 61.6583657747 61.6583657747
0 0 0 0 0 0 0 0 0 0 0 0 0 0 0 0 0 0 0 0 0 0 0 0 0 0 0 0 0 0 0 0 0 0 0 19 19 19 19 19 19 55.3910551459 55.3910551459 19 19 19 19 19 19 19 19 19 19 19 19 19 19 19 19 19 19 65.7969573344 65.7969573344 35.9956594667 19 19 19 19 19 19 19 19 19 19 19 19 19 19 42.6300091773 66.1741698637
0 0 0 0 0 0 0 0 0 0 0 0 0 0 0 0 0 0 0 0 0 0 0 0 0 0 0 0 0 0 0 0 0 57.4986684938 59.7046274991 43.5228667581 71.6019285166 71.6019285166 48.0458646401 19 41.4136836088 19 55.3910551459 19 19 19 19 19 19 19 19 19 19 19 19 19 19 19 19 19 19 65.7969573344 65.7969573344 19 19 19 19 19 19 19 19 19 19 19 19 19 19 19 19 66.1741698637
0 0 0 0 0 0 0 0 0 0 0 0 0 0 0 0 0 0 0 0 0 0 0 0 0 0 0 0 0 0 68.5963809928 38.0838197666 33.8329670761 44.1514366859 31.9425386569 63.2260325934 71.6019285166 71.6019285166 19 19 19 19 19 19 19 19 46.83465028 46.83465028 19 19 19 19 19 19 19 19 19 19 19 44.7615381024 44.7615381024 19 19 19 19 19 19 19 19 19 19 19 19 19 19 19 19 19 19 43.3388024256
0 0 0 0 0 0 0 0 0 0 0 0 0 0 0 0 0 0 0 0 0 0 0 0 0 0 0 0 42.339781604 61.9033153634 68.5963809928 68.5963809928 32.4333950411 28.9938349174 32.2244799653 59.7046274991 71.6019285166 19 19 19 19 19 19 19 19 19 46.83465028 46.83465028 46.83465028 19 19 19 19 19 19 19 19 19 19 44.7615381024 44.7615381024 38.3924584705 19 19 19 19 19 19 19 19 19 19 19 19 19 19 19 19 19 19
0 0 0 0 0 0 0 0 0 0 0 0 0 0 0 0 0 0 0 0 0 0 0 0 0 66.8947949249 48.8885726936 54.7292598508 54.7292598508 61.9033153634 68.5963809928 68.5963809928 33.5952200619 34.3738421231 35.0049565293 54.7063549248 0 0 19 19 19 19 19 19 19 19 19 19 19 19 19 19 19 19 19 19 19 19 19 19 38.3924584705 19 19 19 19 19 19 19 19 19 19 19 19 19 19 19 19 19 19 19
0 0 0 0 0 0 0 0 0 0 0 0 0 0 0 0 0 0 0 0 0 0 0 0 0 66.8947949249 48.8885726936 48.8885726936 54.7292598508 42.339781604 61.9033153634 68.5963809928 51.6051166195 55.145741716 0 0 0 0 19 19 19 19 19 19 19 38.6216731956 19 38.6216731956 19 19 19 19 19 19 19 19 19 19 19 19 19 49.3267195273 44.2913709548 19 19 19 19 19 19 19 19 19 19 19 19 19 19 19 63.0190597759 48.2843217296
0 0 0 0 0 0 0 0 0 0 0 0 0 0 0 0 0 0 0 0 0 0 0 0 0 57.1963571753 48.8885726936 60.8954813382 54.7292598508 50.6089134352 0 0 0 0 0 0 0 0 0 19 19 19 19 19 19 54.3528729073 19 19 19 19 50.7615947187 47.7307643155 19 19 19 19 19 19 19 19 49.3267195273 44.2913709548 44.2913709548 50.3200129591 19 19 19 19 19 19 19 19 19 44.7093498481 44.7093498481 38.4965003727 73.375358555 73.375358555 19 48.2843217296
0 0 0 0 0 0 0 0 0 0 0 0 0 0 0 0 0 0 0 0 0 0 0 0 0 0 0 0 0 0 0 0 0 0 0 0 0 0 0 0 19 19 19 19 56.3368058981 57.2172119745 57.2172119745 54.3528729073 41.2160837604 41.2160837604 50.7615947187 50.7615947187 19 19 19 19 19 19 19 19 49.3267195273 44.2913709548 44.2913709548 46.980932339 19 33.1569479429 19 54.6741098917 19 19 19 19 36.6118368145 44.7093498481 44.7093498481 38.4965003727 38.4965003727 73.375358555 19 48.2843217296
0 0 0 0 0 0 0 0 0 0 0 0 0 0 0 0 0 0 0 0 0 0 0 0 0 0 0 0 0 0 0 0 0 0 0 0 0 0 0 0 0 19 19 19 56.9950683507 57.2172119745 57.2172119745 19 41.2160837604 41.2160837604 50.7615947187 50.7615947187 47.7307643155 19 19 19 19 19 19 19 19 19 42.3474857335 42.3474857335 74.5133750924 33.1569479429 33.1569479429 19 54.6741098917 19 19 19 19 36.6118368145 44.7093498481 38.4965003727 73.375358555 19 19 19
0 0 0 0 0 0 0 0 0 0 0 0 0 0 0 0 0 0 0 0 0 0 0 0 0 0 0 0 0 0 0 0 0 0 0 0 0 0 0 0 0 19 19 19 19 44.513964131 44.513964131 56.9950683507 41.2160837604 41.2160837604 19 19 19 19 19 19 19 19 19 19 19 19 42.3474857335 42.3474857335 19 33.1569479429 33.1569479429 19 19 19 19 19 19 19 19 19 19 19 19 19
0 0 0 0 0 0 0 0 0 0 0 0 0 0 0 0 0 0 0 0 0 0 0 0 0 0 0 0 0 0 0 0 0 0 0 0 0 0 0 0 0 0 19 19 44.513964131 44.513964131 44.513964131 32.3503748404 19 19 19 19 19 19 19 19 19 19 19 19 19 41.9428357084 41.9428357084 19 19 19 19 19 19 19 19 19 19 19 19 19 19 19 19 19
0 0 0 0 0 0 0 0 0 0 0 0 0 0 0 0 0 0 0 0 0 0 0 0 0 0 0 0 0 0 0 0 0 0 0 0 0 0 0 0 0 0 0 19 19 44.0511561991 48.3198764079 48.3198764079 19 19 19 19 19 19 19 19 19 19 19 19 19 19 19 19 19 19 19 19 19 19 19 19 19 19 19 19 19 19 19 19
0 0 0 0 0 0 0 0 0 0 0 0 0 0 0 0 0 0 0 0 0 0 0 0 0 0 0 0 0 0 0 0 0 0 0 0 0 0 0 0 0 0 0 19 19 48.3198764079 48.3198764079 48.3198764079 19 19 19 19 19 19 19 19 19 19 19 19 19 19 19 19 19 19 19 19 19 19 19 19 19 19 19 19 19 19 19 19
0 0 0 0 0 0 0 0 0 0 0 0 0 0 0 0 0 0 0 0 0 0 0 0 0 0 0 0 0 0 0 0 0 0 0 0 0 0 0 0 0 0 0 0 19 44.339594223 44.339594223 35.7492942342 19 19 19 19 46.0601453818 46.0601453818 19 19 19 19 19 19 19 19 19 51.628237076 19 51.628237076 19 19 19 19 19 19 19 19 19 19 19 19 19 19
0 0 0 0 0 0 0 0 0 0 0 0 0 0 0 0 0 0 0 0 0 0 0 0 0 0 0 0 0 0 0 0 0 0 0 0 0 0 0 0 0 0 0 0 19 44.339594223 44.339594223 44.339594223 19 19 19 19 51.1205472419 46.0601453818 46.0601453818 19 19 19 19 19 19 19 19 51.628237076 51.628237076 19 19 19 19 19 19 19 19 19 19 19 19 19 19 19
0 0 0 0 0 0 0 0 0 0 0 0 0 0 0 0 0 0 0 0 0 0 0 0 0 0 0 0 0 0 0 0 0 0 0 0 0 0 0 0 0 0 0 0 19 19 19 19 19 19 19 19 19 51.1205472419 19 19 19 19 19 19 19 19 19 19 19 19 19 19 19 19 19 19 19 19 19 19 19 19 19 19
0 0 0 0 0 0 0 0 0 0 0 0 0 0 0 0 0 0 0 0 0 0 0 0 0 0 0 0 0 0 0 0 0 0 0 0 0 0 0 0 0 0 0 0 0 19 48.1269543959 19 48.1269543959 19 44.5493857422 19 19 51.1205472419 19 19 19 19 19 19 19 19 19 19 19 19 19 19 19 19 19 19 19 19 19 19 19 19 19 19
0 0 0 0 0 0 0 0 0 0 0 0 0 0 0 0 0 0 0 0 0 0 0 0 0 0 0 0 0 0 0 0 0 0 0 0 0 0 0 0 0 0 0 0 0 19 19 51.7138329127 19 19 19 19 19 19 19 19 19 19 19 19 19 19 19 19 19 56.5670975596 56.5670975596 19 19 19 19 19 19 19 19 19 19 19 19 19
0 0 0 0 0 0 0 0 0 0 0 0 0 0 0 0 0 0 0 0 0 0 0 0 0 0 0 0 0 0 0 0 0 0 0 0 0 0 0 0 0 0 0 0 0 19 19 51.7138329127 51.7138329127 51.7138329127 44.2077814101 19 19 19 19 19 19 19 19 19 19 19 19 19 56.5670975596 56.5670975596 56.5670975596 19 19 19 19 19 19 19 19 19 19 19 19 19
0 0 0 0 0 0 0 0 0 0 0 0 0 0 0 0 0 0 0 0 0 0 0 0 0 0 0 0 0 0 0 0 0 0 0 0 0 0 0 0 0 0 0 44.0489072443 35.9862142076 62.6773563902 19 19 51.7138329127 44.2077814101 19 19 19 19 19 19 19 19 19 19 19 19 19 19 19 19 19 19 19 19 19 19 19 19 19 19 19 19 19 19
0 0 0 0 0 0 0 0 0 0 0 0 0 0 0 0 0 0 0 0 0 0 0 0 0 0 0 0 0 0 0 0 0 0 0 0 0 0 0 0 0 35.9862142076 35.9862142076 62.6773563902 62.6773563902 62.6773563902 62.6773563902 19 19 19 19 19 19 19 19 19 19 19 19 19 19 19 19 19 19 41.3381556813 41.3381556813 19 19 19 19 19 19 19 19 19 19 19 19 19
0 0 0 0 0 0 0 0 0 0 0 0 0 0 0 0 0 0 0 0 0 0 0 0 0 0 0 0 0 0 0 0 0 0 0 0 0 0 0 43.8704694616 43.8704694616 35.9862142076 35.9862142076 35.9862142076 62.6773563902 35.9862142076 62.6773563902 19 19 19 19 19 19 19 19 19 19 19 19 19 19 19 19 19 19 19 19 19 19 19 19 19 19 19 19 19 19 19 19 19
0 0 0 0 0 0 0 0 0 0 0 0 0 0 0 0 0 0 0 0 0 0 0 0 0 0 0 0 0 0 0 0 0 0 0 0 0 0 43.8704694616 43.8704694616 43.8704694616 43.8704694616 35.9862142076 35.9862142076 62.6773563902 0 0 19 19 19 19 19 19 19 19 19 19 19 19 19 19 19 19 19 48.58329215 19 19 19 19 19 19 19 19 19 19 19 19 19 19 19
