Spatial_Output/BAU/BAU_0573.asc
NCOLS 155
NROWS 192
XLLCORNER 196307.867259
YLLCORNER 449144.565805
CELLSIZE 33.573938
NODATA_VALUE NaN
[rows 25 to 49 of 192, columns 0 to 56 of 155]
0 0 0 0 0 0 0 0 0 0 0 0 0 0 0 0 0 45.4552721243 61.7286848938 52.6604177004 19.4076590469 19.4076590469 50.5581617337 61.6359991377 61.6359991377 49.6085886891 49.6085886891 28.4911543426 28.1140456877 28.014860694 28.314782516 27.5288539362 28.5375182325 26.6983956546 26.6586747769 28.5520178906 27.6278615031 28.0192442031 27.1057939757 27.4808158343 28.3982449255 28.2174693403 28.589874555 28.0344379058 28.5022332035 28.2017764546 28.5986227481 27.2080152116 28.5999712028 28.0876205543 27.6826725529 28.1899649281 28.2931605007 28.5407312551 26.8413263338 28.1976047112 27.8802067098
0 0 0 0 0 0 0 0 0 0 0 0 0 0 0 0 0 0 0 0 0 26.7127832975 45.675250863 26.6453447269 61.6359991377 49.6085886891 49.6085886891 52.8942698062 52.8942698062 27.6348449341 27.9043299779 27.9998102508 27.1029868297 26.5195748902 27.6708862224 27.7493135903 27.3958312603 28.1358998338 27.2501559248 27.4760849984 27.1109105131 26.651900224 26.7035342685 27.7255407503 28.3037731955 26.8272380753 28.5126987499 26.8299022642 28.3773775527 28.2801734098 27.4093977898 27.1275486318 26.9000610268 28.0421003924 27.2940815194 27.424945941 26.8485228104
0 0 0 0 0 0 0 0 0 0 0 0 0 0 0 0 0 0 83.736513865 28.3672745724 28.0825894174 27.5390762816 27.6816012508 26.7570282093 26.6942400542 28.5712776737 77.9582539704 52.8942698062 52.8942698062 72.916465102 44.9977092161 27.8723207624 27.6337451053 27.2816926742 28.2662781363 26.8338448956 28.2602275574 28.3695376607 26.5543140167 27.9551892581 27.0839469121 28.5664078162 26.7061426004 26.9890634336 27.5483503853 28.3576455892 27.1504103958 27.1878002905 28.5956199168 28.2059487392 26.7523611034 28.1869708979 27.9714150932 27.4437869351 27.201971198 28.2852780827 28.5869804747
0 0 0 0 0 0 0 0 0 0 0 0 0 0 0 0 0 83.736513865 26.7396281837 28.0518109767 27.5368801569 28.4903109469 26.966305045 26.6045016312 28.6097477021 27.1235563952 77.9582539704 52.8942698062 66.8056954724 53.4229274203 53.4229274203 53.4229274203 27.0408495489 26.6348702367 27.206150257 27.5376811646 28.5383021276 27.0243231012 27.3151032179 28.3865699889 27.5705061059 27.8964232155 27.1725436304 28.6151370796 27.3534231949 28.39416406 26.6701090883 27.9530776923 27.2630786038 27.5346274582 26.9955855241 27.4261139969 28.3739748359 28.5454698942 28.0800437823 27.6671292806 28.2374376017
0 0 0 0 0 0 0 0 0 0 0 0 0 0 0 0 0 28.3482770159 28.254570692 51.9697169416 41.5570819522 53.3459326215 27.8920734554 27.2709148461 26.6819125838 28.0367133479 28.3965371243 27.7866494139 66.8056954724 53.4229274203 53.4229274203 51.851027692 61.702377381 27.1805491212 26.7885423388 27.2063627144 28.3287064176 28.3303022683 26.8696259563 27.5031394392 28.4767158805 28.0090524618 28.0186552544 26.8532470682 28.2787840968 27.7540721434 28.2668461467 28.1757754451 26.7083611892 26.8383021351 27.8605920515 28.0092705474 27.8129981973 28.0563681213 26.7388928038 28.5515892722 28.5249354848
0 0 0 0 0 0 0 0 0 0 0 0 0 0 0 0 28.5230687646 28.1779810012 27.7648599194 39.2576340874 40.3744424959 48.1426578623 28.2268393618 28.4833412849 26.6053087588 27.9818745387 27.6427426725 28.3398215697 28.2174704274 53.4229274203 51.851027692 89.5591350373 89.5591350373 89.5591350373 26.7555174572 27.9065902449 28.45279797 27.1045711998 27.8535581006 26.8180939327 28.5702629044 28.3887052386 27.5059771091 28.2347859935 27.9308929867 27.2161636781 27.9471439753 28.5491679193 26.5329076082 27.348659495 27.9444058928 27.2301469342 26.6664591103 26.5184684245 27.2962602487 27.5496456174 27.6014155767
0 0 0 0 0 0 0 0 0 0 0 0 0 0 0 26.9514858041 27.7454207282 26.9763953003 27.4556738512 39.8219812297 41.2997347087 54.603617473 50.5994016892 27.4570581773 27.4905325983 26.517600753 28.1398444604 26.5320198727 27.0342008974 27.5151849988 27.2447352616 89.5591350373 89.5591350373 59.3260015824 59.3260015824 27.752674447 28.318106928 27.2811397121 28.2998028752 27.9655213404 27.3965339514 28.2861278274 26.5114241016 28.4869330487 26.9831381536 27.240761715 28.2491017834 27.0925232111 26.8859648933 28.3605937707 27.1130439767 28.0878072193 28.0590728669 27.0989798548 27.1814243242 28.0846168999 27.611994803
0 0 0 0 0 0 0 0 0 0 0 0 0 0 0 27.0354727237 28.2224545864 26.729166319 28.6147916646 45.6797734133 45.8977013007 52.2830193849 48.6695470711 26.5121700091 27.7021149053 27.7672254615 26.8210649962 26.7438710277 26.5464413455 27.282630376 27.4010540773 51.629384593 89.5591350373 59.3260015824 59.3260015824 47.571937257 28.2851400342 27.088517157 26.7187217774 27.1850441185 27.2281834578 27.1878017488 28.2496733758 27.2789551493 28.1919560607 28.2972905838 28.1467815074 28.516091994 27.4004876664 26.8253382338 26.5765292794 28.0289104475 26.5661890081 27.7097357771 28.2673345192 28.550764159 26.7073054977
0 0 0 0 0 0 0 0 0 0 0 0 0 0 0 26.5128619455 27.8779003926 28.1272883858 28.331208381 27.3009056477 51.6787387792 45.5161342911 39.9872269273 59.6260399076 60.5724921312 26.7433609274 28.3770968657 27.9014110192 28.2756637426 28.1085334693 27.861765046 27.4094852384 27.6996777198 59.3260015824 51.1424529858 51.1424529858 51.1424529858 27.6161480192 26.7010591508 26.7615125349 28.4739322132 28.2128146866 28.554821315 28.1288209817 28.1151178892 28.2715070154 26.5549054169 27.2796417953 27.1755815923 27.7736497902 28.3502283107 28.4874433286 27.7820591182 26.8034177678 26.6645549485 27.291979121 27.375330973
0 0 0 0 0 0 0 0 0 0 0 0 0 0 0 26.7503011832 27.1813360703 27.5251615384 27.5562630804 28.380154405 27.8001301425 27.8351926476 59.6260399076 59.6260399076 27.8181218139 41.4327399685 41.4327399685 44.1629252637 27.616949451 28.4091983575 27.2341143518 27.5266532378 26.9279374913 27.4755698553 51.1424529858 51.1424529858 52.2623409172 52.2623409172 26.5998923316 28.1678942657 27.692999876 27.0593823344 27.1731113837 27.4481689395 27.862711321 26.5808653467 27.188869804 28.0384904761 27.5221630194 27.6126477552 27.3243982613 26.6377193231 27.5824520812 28.176814285 26.6827928293 27.0519228358 27.1154432383
0 0 0 0 0 0 0 0 0 0 0 0 0 0 0 28.1285068933 27.0588499448 27.5071122892 28.1172424193 28.3123399306 26.5453314861 27.1906625585 59.6260399076 28.2279568865 27.2513644779 41.4327399685 41.4327399685 65.039830752 65.039830752 26.6201431644 28.5245868027 27.1941222839 27.7719491622 27.3668737494 28.3281973989 26.9249799497 52.2623409172 52.2623409172 27.0648066927 27.2587335541 27.9366330662 26.9035546381 27.7276980571 26.8967747175 28.586749979 27.3531603733 27.02299696 27.5424539555 26.9261771455 28.5013623922 26.6830244206 28.4810661764 26.8774594739 28.4096407028 28.5278177281 26.826189699 27.2820524462
0 0 0 0 0 0 0 0 0 0 0 0 0 0 28.539977553 27.1317109329 28.4700245155 26.699205804 27.3219956191 28.5668693711 27.2924024172 28.3295956228 27.4607885447 27.2829310175 28.2410478462 41.4327399685 65.039830752 65.039830752 65.039830752 26.8580611336 27.4362501799 28.4930260366 28.2669185245 27.3068767638 28.1287672271 43.8100200479 51.310451173 51.310451173 28.155973058 26.9799928907 26.5138006083 26.7129892033 28.0728200239 27.139861552 26.5549603551 27.3224985932 28.3553034338 28.3986030944 27.9484487043 28.1059923174 28.5474255295 28.5978866685 27.2092668205 28.4894400526 28.000246662 26.6053208141 28.1179160482
0 0 0 0 0 0 0 0 0 0 0 0 0 0 27.7855505071 28.4824371378 28.3188916512 28.1882867479 27.090422237 27.8867144479 27.6770280924 26.5839888614 27.0727054445 27.7853388465 27.6954530786 28.2329320967 26.8788525362 65.039830752 75.8473077655 75.8473077655 26.5952776807 26.6777039072 28.2945430946 26.658183243 28.4896602546 38.2743626317 50.8188323744 50.8188323744 27.443043004 28.239119585 28.5298311095 27.2110158907 27.5179536562 27.7051468523 27.5786677516 27.4550657807 28.145991072 26.8517363563 27.1361763151 26.5646910427 28.4523915142 27.1502631222 28.235892086 28.2512231477 27.0615438194 26.8842841767 28.0375963644
0 0 0 0 0 0 0 0 0 0 0 0 0 27.0790668545 28.3946938776 27.3062424354 27.8706225647 26.9809802879 26.5504865063 27.7388489525 27.1881428964 28.4788743892 27.9904388556 26.6068682897 27.7404756759 27.8961739648 27.905794018 27.5745999882 26.5055944618 27.2739719898 28.1331847179 27.6573278321 26.9588705029 28.5681213835 26.8346271699 38.2743626317 50.8188323744 44.0962158964 44.0962158964 28.4769791129 27.9649635953 28.592669321 27.2687807096 28.5163023928 27.8171315403 26.7577627593 27.8038085688 28.2409040366 28.0991595738 27.4611841577 27.0064235394 27.6926654709 28.6172677141 26.8844917183 28.2988379385 27.9013838012 27.3896399281
0 0 0 0 0 0 0 0 0 0 0 0 28.5684573671 26.9434558363 28.2087248537 28.1242447836 26.9011813553 28.1695685725 27.0375076541 27.375324341 27.7224581991 26.8127845374 28.3707352249 26.9212178172 28.4715557083 28.4829585691 27.6933182763 26.5931640816 53.667598274 53.2541113845 44.3819640916 27.9479159905 26.9842665678 27.3885382921 26.685120933 28.2801288266 28.0328619006 44.0962158964 44.0962158964 56.877951718 27.7686243017 27.721542417 27.9168798276 27.0536558945 27.8280759011 27.6398711325 27.6243346314 27.3415698118 28.4549438046 27.4695489077 27.2471389031 28.4662641119 27.1265469325 27.6747662726 26.8689492569 27.6617138279 27.0777639201
0 0 0 0 0 0 0 0 0 0 0 28.0522410333 28.4898101906 27.5397334982 27.4574817103 28.5233663279 27.9160745407 27.1514007562 28.003468485 27.6151924932 27.3746002422 27.7773588805 27.347568761 28.2144712178 27.8000390228 27.2891260282 27.0243611129 26.6871467333 47.6308093673 43.1326308688 44.7630836285 27.9211994539 27.0946008341 27.0374529074 27.6783371657 26.8762057871 27.5871901501 56.877951718 56.877951718 50.8139694424 74.922678146 27.4884789446 27.9907065818 27.4321664218 28.152865409 26.9154115401 26.9413151032 27.0506552197 28.1794001661 28.5777398359 26.5390222736 27.052232459 26.5346829093 28.4310131092 27.50032488 27.1850052235 27.1814898572
0 0 0 0 0 0 0 0 0 0 27.774172564 27.4642646411 27.3472321116 26.9085784808 27.6455819111 27.7244092589 27.0430022125 27.6960682906 28.1857381883 26.5061355836 26.8467709669 27.512257145 27.6617425714 28.0139917453 27.3195710357 26.9799876308 27.3343683809 27.8544094451 39.6825258578 55.2311863454 45.8384404686 26.6702590002 27.0225881371 28.0391540377 27.8058395164 27.0220685427 27.0577166524 26.6086094188 50.8139694424 50.8139694424 46.206310987 28.0881563488 27.6074895211 27.2633150284 28.451197004 28.0352912753 27.0223976198 28.2769364636 28.2569175104 27.6597509486 27.9576870592 27.4938132651 27.6027961711 28.5624791355 27.7314716894 26.9403891589 28.1989573839
0 0 0 0 0 0 0 0 0 0 28.3991958539 28.073149713 28.5988257389 27.5363982317 26.5004510962 27.7514028639 28.0272518082 27.9353721401 26.8639667427 27.1927653194 27.9229002404 27.1103970889 27.7431542506 28.2211317389 26.6235170934 27.4208583492 27.2660471916 26.6043439498 54.2471274167 55.3903667151 51.817710653 28.5163449014 27.755379454 26.6630118557 27.6820178482 26.5483277987 27.5145080356 65.26010036 26.8938309095 46.206310987 57.0318395137 26.90751119 28.3641994687 26.9459641263 28.5509818709 27.0274939876 27.0028559847 26.6384511731 26.9331998294 27.1499066449 28.3319277411 27.4518513578 28.2435473604 27.7993298244 27.1011525393 26.5069641538 27.7623453412
0 0 0 0 0 0 0 0 27.4959511048 28.2580052621 27.3528561182 26.7244767575 27.2999374122 27.6273327005 26.8295161332 27.2957860226 27.5085837826 27.9088076595 28.0739288431 27.4814008966 28.2803730346 28.5866081273 27.4435244156 27.6088140209 27.0608585364 27.4712779581 27.6380496825 26.7021592951 27.5821338044 27.9167025746 27.5049379256 28.5732236362 27.8719879321 28.5429219912 26.9823593126 27.3950635718 27.3924775671 56.9951676898 56.9951676898 56.9951676898 67.752685326 26.9352789634 27.0568968262 27.6713509779 28.2997042328 26.6375602888 27.413252008 27.4676714221 28.4341915751 27.6101033558 28.4706779176 26.9344757018 27.2758825342 27.087813086 28.3153587184 28.3774003727 28.1640029066
0 0 0 0 0 28.0132886055 28.1279260071 27.2571220695 27.4127165576 27.1435241475 26.5906135638 27.6316449209 28.3875137047 28.5558456651 26.983676299 28.142509197 27.3949445965 28.1548507264 27.6486287328 27.4016101595 27.6521545417 28.334204414 27.0341212845 26.5413833353 28.3262606958 28.1637879343 27.8198381389 28.3077903688 27.6494679253 28.5459145194 64.9017858259 64.9017858259 26.5827758108 28.3797204322 27.6694893437 66.7879384516 66.7879384516 53.6512085648 56.9951676898 53.6512085648 53.1234356098 27.0069282826 28.044596878 27.6473564693 26.570049381 26.6988569764 27.5234001705 26.8978395355 27.4266540127 28.6205882317 26.9308669114 26.7052805666 27.0484817007 26.8501651154 26.5342678182 28.0266845909 27.6407575217
0 0 27.6988373945 27.8728918908 26.5774334968 27.1590626347 27.8223895493 28.3534044873 28.4006281666 28.4992368822 27.3823353167 27.7514334696 27.0823208544 26.8710193674 28.2917275219 28.0388489524 28.5241997695 28.1668018142 28.3861352591 27.5658679861 27.6691888072 27.9503995419 27.4076294739 26.964770826 27.4439741164 27.0108802906 28.1146790185 26.7647240144 26.6613667351 64.9017858259 44.2218528033 44.2218528033 44.2218528033 28.1112085412 26.8874309417 61.5745229175 66.7879384516 51.0961833455 51.0961833455 61.0042796297 27.6743634959 27.7217668448 26.5813822763 28.2305219152 26.7602110977 27.2103879846 27.7920052025 27.0486704981 28.591840514 27.359994737 27.6418254505 26.656578061 26.5733681432 26.8939802264 26.8419165905 27.2815424645 26.957435538
0 27.2469379048 27.3988949726 27.388224757 27.4573485808 28.3219472509 28.5473280323 28.4568622479 28.246661689 28.2512576797 26.6206474732 26.7256902841 28.11657383 28.3754287309 27.4627679079 26.6053529263 28.0527178716 27.2170545326 28.6123502841 26.5368138738 27.1663455963 27.4130638098 27.9297435062 26.753906068 26.5905176035 27.2611794433 27.2304565769 27.5348597892 27.0154378122 27.4662492405 55.0543747056 82.1983301698 82.1983301698 26.6779176251 26.7565514889 72.9330220981 49.6722728395 73.5047234846 51.0961833455 51.0961833455 28.0437665313 26.8674993178 26.5240451493 28.0418668504 28.5658627624 26.9113655257 27.5645515334 28.3158250207 27.2588568308 26.8163828998 28.1207879699 27.0988705166 27.0140185083 28.1836214312 27.2961437683 27.5566924776 27.4128392421
26.7492867501 26.8335148884 27.3768627481 26.824700076 28.4378491395 28.3903437205 27.9858134551 28.2288711639 27.1120082983 26.9541399701 26.7637848072 28.4120883973 26.6147964981 28.540870583 26.9630986831 26.8827196962 28.2893703225 27.0303395725 27.8261634998 27.2641091773 27.9157193002 27.0178486385 28.3497405952 28.3575112224 28.5232951464 28.4250160239 28.2874785516 27.0883044026 28.1043800104 42.9352804166 55.0543747056 82.1983301698 37.9908780137 28.0841018434 47.2663250914 49.6722728395 49.6722728395 62.5663612301 48.7565126127 62.5663612301 27.242570861 27.6938158051 26.5589807267 27.3962993803 27.4548223434 27.1098505776 27.2963127517 27.6804267043 28.0857522571 27.8864336536 26.5556207837 27.6776209807 26.5308148753 27.2107967316 27.6030116462 28.0127106883 26.6418439052
28.0538138594 26.5076410627 28.5300035581 27.6074358136 26.9688359303 27.5300788997 27.1845119236 27.2701659218 27.9388708836 28.1826702179 27.9395719199 28.2543779134 26.9789598341 27.8616273703 28.1327586815 26.7300572637 27.6147714436 26.8516088601 28.3553089383 27.0954605438 27.379006887 26.7267604086 27.4828402838 26.5385070844 27.5318966215 28.3064140587 28.4922058521 27.3490616512 27.2460621409 55.0543747056 55.0543747056 55.0543747056 60.9645129578 37.9908780137 55.7811116479 55.7811116479 49.6722728395 49.6722728395 63.2193256294 63.2193256294 26.7040965572 27.0757698989 27.9021458167 26.6484210874 27.2123697675 28.0324958574 27.0989603833 26.6380050767 27.6743153131 26.6403201443 26.8096054701 28.1163262894 27.5651531864 28.4336761619 27.077379635 26.5180081476 27.3484377401
28.1755409366 26.8826314412 26.6607553333 28.348680434 27.3180127857 28.1106617926 27.0492110196 27.4705346918 27.7189359772 27.3750918275 26.6254506419 27.4110718541 26.5511100528 27.7216442134 28.2784476322 28.4197922375 26.6825807602 27.480123768 27.224083057 27.0901136368 27.2531267511 26.9346399363 27.517577518 28.3305036153 28.3432468486 28.1944883534 26.5061563874 27.3539533481 28.3640817725 28.0333586424 59.0234195972 60.9645129578 37.9908780137 37.9908780137 55.9142802433 55.7811116479 55.7811116479 63.2193256294 63.2193256294 63.2193256294 63.2193256294 27.6929452005 27.3198234204 28.601107781 28.20893941 27.2036332972 26.6201015677 28.2786652711 27.8099420173 28.403843905 28.2136781526 27.4562927288 27.3812543504 28.555344705 26.9356034346 26.67079974 26.9786370238
