Spatial_Output/BAU/BAU_0117.asc
NCOLS 155
NROWS 192
XLLCORNER 196307.867259
YLLCORNER 449144.565805
CELLSIZE 33.573938
NODATA_VALUE NaN
[rows 50 to 74 of 192, columns 57 to 113 of 155]
45.3388609586 43.233468994 45.7179149255 45.442858359 43.7370105142 75.1226262363 75.1226262363 44.5104157767 43.8672402573 44.1145043964 45.3880390343 44.3107943395 43.1894124457 43.7627446254 55.4274600139 44.713626381 43.2853617781 44.5458975361 45.7393789389 45.4497212727 44.8750735334 45.2991737467 43.5249099225 43.6101651147 45.2069113874 44.0055104394 44.0586038772 44.2934013362 44.179664284 44.4229078165 44.4364386812 43.4259690762 43.6946850542 44.7542907393 44.0929931523 43.6136061278 44.4389712075 44.1122934969 44.021047488 44.7952883172 44.1440647212 44.7037761107 44.4220994072 43.1233991938 44.3345577488 44.7016682669 43.3938145318 43.8710142479 43.1985970989 44.4175713648 43.3169864834 43.9990710728 43.0449798116 43.9606876338 65.0241880844 60.7194679419 58.7640597315
76.7446893947 44.9382665372 43.5096745712 71.2248683557 75.1226262363 75.1226262363 75.1226262363 73.7115735483 44.850401164 45.7162678759 44.5010899726 43.6121099255 45.3634106473 77.6360302349 77.6360302349 44.7698809574 43.7903666753 45.4173172342 44.4569939695 43.966622994 43.6841097369 44.7091389694 45.1315357947 44.5195177876 44.8211056916 43.4493800086 45.1934045372 43.2189520907 43.7193963934 45.3267440855 43.4680475138 43.9400335588 43.6302959777 45.2423033691 43.4869208035 43.2111629643 45.8130194075 44.6438187056 43.8194561601 43.3510218733 43.9494970746 43.4693374627 43.1373862789 43.6824653172 44.3311069989 43.7970783034 44.7611768187 44.079314315 43.148243124 43.5214055912 44.4811771913 44.6561021895 78.2351698668 78.2351698668 45.0975370639 69.1123324629 59.3238787666
77.9271159233 43.4037004805 45.2248195706 71.2248683557 75.1044085415 75.1044085415 75.1044085415 75.1044085415 44.7595125351 43.7332692102 44.1662387847 43.2332643282 43.7254849328 55.191898045 44.2622133087 53.6585486617 43.2288949685 44.9815453859 43.6833270023 44.4674076213 43.4120587593 45.643187111 45.7805788479 44.8162088715 43.3222063024 43.5281148099 44.6288602834 44.5172777466 44.2123249392 44.2074728031 43.8505676296 43.3285057828 45.355423252 43.8557130065 45.1973375649 43.0576723163 43.0627225451 43.4255179495 45.7232845581 43.1571261222 43.223641266 44.2199290058 44.2381636504 45.0126657206 44.0890895498 43.3831117128 44.9137865863 44.0695306958 45.1602414004 43.4781216238 64.0069128329 65.0998065887 65.0998065887 78.2351698668 44.89199872 44.8152645907 59.3238787666
80.0812127059 43.7346739456 44.1660206401 44.5946540485 71.2248683557 62.4325095829 59.7855057177 45.4370794072 44.9018460775 43.6443947819 45.615583146 43.5814363931 55.191898045 55.191898045 55.191898045 44.4997387033 45.3152459599 45.4152739283 44.430198524 44.2470958441 44.5801882716 44.0576553445 44.1112184043 43.6393440366 44.4013277632 44.1099201728 43.2985462318 45.1198070765 45.7966266833 44.6106637142 44.2631037687 44.5722883755 43.1455070213 43.8146817945 45.5935256857 43.3335695022 45.0829139686 44.4821499071 44.4508959007 43.8224138777 45.5791409318 44.2890138021 45.5875260377 45.4879665334 44.2933116923 45.1436806014 45.3038732406 44.1738972862 43.9404814699 43.0137780324 59.1064402167 65.0998065887 65.0998065887 84.7169111657 44.0365468841 44.843843509 45.3063006638
68.4170266639 45.4315686737 43.5856909574 71.2248683557 44.442112556 44.0758896676 45.3304633869 45.2569543596 45.0396616763 44.0663200521 45.7326365758 43.6899596364 44.1380670537 55.191898045 55.191898045 43.1115302329 43.329854112 45.3025153044 45.2771964536 45.0602215302 43.9740266616 43.1033970545 45.6469765685 43.1671657299 43.3419103941 44.6343665132 43.5432815875 44.8222191066 43.092920303 43.466809074 44.2535767692 43.8778056414 45.3249256141 45.3846699425 43.5443635083 43.9123673826 45.7482741633 44.5985267099 43.9776509718 45.0773769637 43.3603042696 45.3655106531 44.7544873766 44.9577416053 44.5352147928 44.0716733739 44.7034626979 44.6170914634 45.8064567554 78.2092566973 59.1064402167 59.1064402167 45.4008488821 43.7285983408 44.1066994882 45.2929342313 72.9201543596
68.4170266639 44.8325713512 43.4774822284 43.2152300434 45.1298214951 44.2257440744 44.0716200766 44.2539550749 44.9952862915 43.4592425629 43.0396044837 43.4053573509 44.908318902 63.3723548542 44.803212296 44.0465690707 44.0848865614 44.1619441508 43.7870773508 44.8814611109 43.9982347833 43.2072956177 44.3390213312 44.2856114478 44.6004367018 44.7718163476 44.3664313148 43.3437553171 43.0481376159 44.1003965476 45.8203027269 43.9610430694 44.6420048355 43.6049717072 44.6490464801 43.8575877768 45.7148786023 45.1823451495 44.94649498 45.2195414107 44.4846139285 43.5743699926 45.135252839 45.223239583 44.1890680432 45.5886146911 44.9440621775 45.7378452695 56.2162508904 78.2092566973 78.2092566973 58.2964865026 44.0140640326 45.3254117857 45.2491563476 45.449238483 83.2469356282
43.2377985673 44.6433498236 44.8737005419 45.0022735556 44.5045429087 45.5122963483 43.3265107273 44.4992901728 44.4173501083 44.3550934101 44.3753334364 43.8771088993 63.3723548542 63.3723548542 63.3723548542 43.7566929962 43.117365909 43.3324240227 44.3365470456 43.161535351 45.6362426962 45.3742821813 44.3809712695 44.9650186141 45.02684677 44.5801484532 44.4473868624 43.762302666 45.4215181749 43.0049821565 43.8293474911 43.7566427699 43.504482587 44.3605253833 43.3443661395 45.7224966031 45.5188814402 43.5556817501 43.1507344469 43.6445546922 44.9058299265 43.6457290526 44.8605500494 45.0952504097 44.5772241507 45.4828710088 44.8838810426 45.2863731257 56.2162508904 44.8180209864 44.2349264555 45.2972640596 43.282456355 43.7174482685 43.8471233409 44.5295484123 62.3060738583
44.0434381971 45.5200363055 44.8387411388 44.6295604159 45.759606758 45.1764696835 45.5495322972 45.0450587643 45.1667739875 45.2466066011 43.8454470907 45.6360111511 83.4100956807 83.4100956807 83.4100956807 43.0112012057 44.2398961224 44.4949269744 43.5241732552 43.8162223507 45.7823688596 43.8630917823 45.3772530834 43.6965051757 43.5609732313 44.6886025957 44.8916970847 45.1790032677 45.4958757027 45.1067854102 44.8497165722 44.6682973538 44.5052600126 43.7858993935 44.3626127426 45.4704516947 45.4519615073 43.690995577 45.5681910531 43.5303409245 45.1965677115 43.708896096 44.085023006 43.1023937461 45.6460835269 45.4182194022 44.9160790123 44.0122623141 43.769442981 44.3648544548 45.6581984339 43.3017090206 43.1500253095 45.7701740753 43.3202656438 45.74639228 45.1087694262
43.4234540545 43.8165874506 44.8300116318 45.089787659 45.2967724406 44.9772348519 44.3908649975 45.5234554183 44.4164712423 44.3978059584 43.6097571593 45.6611269488 44.993143856 83.4100956807 44.0120571615 44.6203290945 44.7988344075 45.4534007095 45.11185863 45.2353763817 44.8864919 43.7719134787 45.7220972081 44.5128814664 43.7688864942 44.1255966585 44.8442988025 43.2365913475 43.5520565821 44.3161692694 44.1242772786 44.025763365 43.979766562 45.6708541827 43.940244488 45.4144799213 43.371283387 43.2705959052 44.6134021996 43.3198077399 44.5195093202 43.1070812533 44.2588896643 44.108033462 43.736677547 43.9505271132 44.7615883825 72.8683462763 44.2344850388 43.1497906549 43.6405617352 45.4911418015 43.78174537 44.8356989415 44.0765582386 43.2647067394 45.5024213045
45.0548694233 44.9356819145 43.5869951497 43.8869545723 45.4918319715 45.503681345 44.659947322 43.7825479664 43.5098981545 44.9496402378 44.030362455 44.3650318523 44.0421399922 44.9535139239 44.97558039 44.1461922189 45.4861766876 43.7255768816 43.7558564458 44.3771785981 43.4885384656 44.8155461308 45.2615421323 43.2733177337 44.9353858879 44.2797365902 45.0619823726 44.5573520275 44.8360137565 45.651082884 44.5465803709 43.6195062686 43.096312681 43.3465579597 44.9689282831 43.2165015655 43.3035689459 43.5241786242 44.0064904822 44.5965315378 45.0916940674 44.2754653003 44.2336940988 43.3091699927 44.4815182194 45.3392617771 62.7568934971 45.0446757616 44.4212322465 43.9129639899 45.7891828945 43.2385175029 43.716947875 43.3710347113 44.1902291398 43.0126761208 45.5729435056
43.5515846271 43.5975297161 44.2501676519 44.2656219493 43.7541870038 44.0087965539 44.0872891327 44.9646770943 45.6648266806 44.6986007062 43.5585711843 45.1805514522 44.4618706912 44.418595383 44.8966270701 43.2024083561 45.2547574403 45.1528977871 45.0781940113 45.8275907624 44.3001916709 43.7715087274 45.3045578624 45.1940971934 43.5943080953 43.7843968028 43.8748515514 43.4492031587 43.0864142473 43.7830404538 43.2385865425 45.2848692685 43.2285013119 44.4590231294 44.79485426 45.6681320425 44.783931683 43.6452570918 43.517149399 45.8123738831 44.885510553 44.9993929981 45.6322121911 63.7159099416 63.7159099416 63.468524367 43.4417027043 45.6353525113 44.4412361355 44.046550998 43.0698029817 45.046354294 44.8305155 44.3071784316 44.3100110903 43.1038226965 44.3044676181
43.6994913128 44.5858109713 44.7495316661 44.366708402 44.2468851681 45.1340873464 44.0104999739 43.8211169561 43.2385865719 45.2955697272 45.2406634144 43.2878818672 43.9242893905 59.9481407633 59.9481407633 45.5033015921 43.6327320458 45.5655405528 45.7634283403 43.6430778347 45.0029292824 44.9214510798 44.711922496 44.3095191763 45.524928473 45.1771473417 43.8967446324 45.4863917694 43.1575219836 44.2571636834 44.8235663277 44.453060702 44.8180667971 43.9885231288 44.0422296568 45.4469471761 44.4801613109 45.4021764447 44.5127511497 44.8824129997 43.5088405663 43.3659990778 43.1336877472 63.7159099416 63.7159099416 63.468524367 44.8678709212 44.0167802214 45.7662156179 43.8076534173 45.4772570835 43.1521511987 45.3281460186 44.2840690441 43.9618476611 44.7284648495 43.4663834427
45.5544852184 43.0173994662 44.69668049 45.6518526326 44.7134210193 43.6524569329 44.8405993577 44.1995177615 45.3761838899 44.8107493866 43.3825951307 44.9942274757 45.3630453601 43.4104140333 45.5842567556 45.7116766854 43.6381001372 44.5383372948 44.9771846615 45.3393252081 45.7820634265 43.714674996 43.5093861467 45.387616148 43.7293123131 45.5149529797 44.6322093759 43.1920925952 44.6088910295 44.5297939489 45.6996776596 43.3714182706 45.6212937528 44.3393539025 43.5751010285 45.084362868 44.6281955713 44.5858731406 43.8471050107 44.8128405027 43.0968354788 44.9410195882 57.2126944594 57.2126944594 63.7159099416 63.7159099416 43.8726634026 45.340037992 43.6308756461 43.4266146352 45.2843656292 45.3420273561 43.9488969648 45.0754326148 44.5031305086 44.5857861467 44.2047329315
44.6666507422 44.6451943757 45.2334756391 45.7241509233 44.9878084811 44.8223407358 45.0257303893 44.4179658964 43.4253456189 43.5945871189 45.5042659493 45.2946004707 55.3254617822 55.3254617822 55.3254617822 44.4393115118 43.3355848411 44.5592745282 45.3470760723 44.3934402592 44.8025928647 45.0226915154 44.6266576491 44.0589084326 44.8033414148 44.2073387189 45.2747747976 43.4356429384 44.4837358658 44.5860246965 45.4764255467 45.1930138362 43.42091294 43.3428133701 43.4036444176 43.3604135496 43.0553282939 44.0997781552 43.9058200418 44.4346978556 44.4433996745 45.2680276404 75.0534215657 75.0534215657 73.7122221547 44.5458033907 45.2415530129 44.8409257283 45.504091825 44.5777634248 44.1893661053 43.1003520364 44.9135162107 43.0625978939 44.5535604667 45.7296163501 43.311359493
45.0063148614 43.2787942034 43.9326558073 45.138287615 43.6263232744 44.7400316656 43.3535370632 43.3375890244 44.9025424466 45.0418757867 43.9396833587 45.2657606698 43.0496044265 44.1085734076 43.0877807702 43.255121605 44.50909724 45.1545631323 44.5827004174 43.8571796601 43.6169224088 45.0834103103 45.2050762062 43.8850022512 45.6618592896 43.9431574592 44.0495287723 43.2990647527 43.4895561385 44.932903798 45.4556918898 44.6782427775 44.4222667046 44.5300694124 45.4303680897 44.8256982535 43.5778056015 44.6863686765 44.470346 44.5210911621 45.0960227989 44.8535416821 75.0534215657 75.0534215657 75.0534215657 44.8634029409 43.4110273094 44.34257058 43.1529627136 44.2067216956 45.0751910011 45.2335849694 43.1858683238 43.8468300732 43.8713468551 44.4632457905 45.4962527078
43.8389015055 45.4083542999 43.2310086702 43.11295139 43.4327359551 44.6875133372 95.9323421335 44.9492817335 44.0495472518 43.4124015355 45.2929946028 44.8429756982 43.2404025198 57.5542355991 43.3745542551 44.7991565798 43.4086336961 44.4611450518 44.7379434836 44.5711368065 45.4622046216 43.8505917033 43.8975761653 43.6472939552 45.1822801474 45.1246821298 45.3473366762 43.8909532157 43.5892628889 43.9033126437 44.8851486075 44.834921091 44.3328913136 45.009060079 44.5443219071 44.7123337571 43.6303294304 43.7883452779 43.8411526248 44.1356981022 43.7182738358 44.2596899497 82.2068451349 73.7122221547 82.2068451349 82.2068451349 45.7584613078 44.9656596135 43.8114783278 43.8234866752 43.7544282191 44.7275870968 45.5602496839 44.6991478104 44.1646438355 44.7156300421 45.4234785393
43.2064065776 45.2257208106 45.6201433918 44.9837297688 43.6619530826 60.2650448588 67.9392668703 95.9323421335 54.2344114138 43.4831998689 72.101057141 44.6529575539 44.3690785024 57.5542355991 57.5542355991 45.4838471655 43.1836105121 44.1928597838 45.1054104558 43.0330686322 44.6180689192 44.1154957642 44.767353562 43.1863655579 45.1119239804 45.7826550274 45.5374177266 44.1445619632 43.4436264673 44.4101042415 43.1249242644 43.4897868466 44.7815740559 43.7714037333 44.0739208179 43.6728475628 43.345397783 43.6544411874 43.3109408394 43.6490018122 44.4364077338 44.1330689934 43.6546729435 82.2068451349 82.2068451349 44.7565720632 44.6185478056 44.9006514832 43.8266746098 44.7653456818 44.6982654152 43.3145297181 45.6147996445 45.4906100745 44.9216780961 44.5387840536 44.3733564762
44.7163755144 44.8889264708 43.168877047 44.5780139626 67.9392668703 59.8467341773 59.8467341773 54.2344114138 54.2344114138 72.101057141 72.101057141 45.7344098498 51.3079235311 43.9098113862 44.3580353557 44.8232979176 44.4170287794 45.1160448651 43.4590140725 44.9800981231 53.3032532434 44.9977347008 43.6625857992 44.7498264721 44.3452151716 45.4542584329 43.5814977132 43.4504958177 44.9221928742 43.4728339947 45.0180688849 45.0597232338 43.1919740778 43.0726199127 43.8981433548 44.2365907507 44.4001136363 45.5410366101 44.2369435312 45.7519910139 43.8177723334 45.5442178739 82.710374493 55.6240752845 55.6240752845 55.6240752845 44.9774576814 45.0010354367 43.5052163849 44.0881918079 45.2125238941 43.3514304327 44.5415968769 45.1666367498 43.765183127 43.3131491665 43.554047068
45.1656537347 44.2661252073 43.5817916072 44.166224861 59.8467341773 59.8467341773 59.8467341773 54.2344114138 45.7436949763 72.101057141 72.101057141 43.5649056274 43.0359478396 51.3079235311 51.3079235311 45.2244365661 45.3618512229 45.6887424894 44.085868849 43.6448475822 44.2542205609 43.737953377 43.6565248067 43.1114630133 45.1797935153 45.7309314782 44.9276805537 43.3467365162 43.892448639 44.454698138 45.6130074583 44.0516200071 43.9090630539 43.8514704058 44.0728037333 43.0175929167 45.4405022713 45.558960734 43.2044067654 43.5816182629 43.4291039597 44.8868524583 44.4497108149 55.6240752845 55.6240752845 43.2903843912 45.1616986841 44.3023453937 45.1909144659 45.7943993902 43.1075546075 45.5458064701 43.8061770185 43.0102535619 45.4630902596 44.5747338692 44.3412909332
43.5016824748 44.3817579815 44.1069038598 45.4362324762 45.2240754835 90.1805888564 90.1805888564 43.8324474105 43.4069023403 44.6336027161 43.6138923033 44.0059646708 44.5445840624 43.178337721 45.2391875166 43.9381674017 45.0545624109 60.0523630686 44.4390717321 60.0523630686 43.7901185939 43.877292964 44.1430406253 43.8674677543 43.2058484052 44.0500442735 44.2596818739 43.8282029495 43.8514291655 43.5950660876 43.0997896323 44.4355380802 44.2738542489 44.4561537847 43.4605370301 45.278544029 43.4285069462 44.6627002065 45.4355762788 44.9336626496 43.0447060772 43.3093341014 45.2746786515 74.0462102515 74.0462102515 74.0462102515 44.1131825259 43.823343216 43.3175301238 45.6155554841 43.0925219239 44.4947197731 44.4556272044 44.2453472838 43.4386288632 45.5310789959 44.044909447
43.1798579365 44.7244394765 45.5116016206 44.4576062411 44.7026409804 90.1805888564 90.1805888564 45.2650850194 43.2942498371 43.0667289583 43.7924631024 44.3588878969 43.2080517104 44.8251671758 43.8034047651 45.3134030452 43.9833657351 45.779425592 60.0523630686 44.269101758 45.6061948129 43.5624617024 45.2567482239 70.5075372251 43.9658426923 45.2681272232 45.0703814344 45.4607104992 44.9654067321 44.4578269659 44.4540526667 45.4427772915 44.2957515688 44.1639154006 44.1745269201 43.3102129041 44.1582165652 44.8349917764 44.0760650021 45.5311329248 44.0902050963 43.4275796225 45.4815172338 74.0462102515 74.0462102515 45.0187534844 44.2128633552 44.0395107508 43.2363095889 44.6146451241 45.202129248 43.966432733 45.3117307733 43.8108802995 43.7658936102 43.9686974756 43.5270159943
45.1115949025 45.3208222175 43.0933298848 43.8470414434 43.5544948515 43.4857709853 43.8113896819 44.8291796949 44.4248877776 44.832647426 45.5362785688 45.0468730445 44.9065851075 44.0366558156 45.3156513917 45.7845577678 43.777651565 45.4441238681 45.562737523 44.6738740227 44.975966072 45.0334243879 43.078565594 43.6888984995 70.5075372251 45.61966303 45.5079640702 43.4726236587 45.4759248362 43.4526355686 45.5804328763 44.6073502422 43.6068682107 43.287471636 83.0341521166 45.5596226676 43.0238729593 44.9395847389 44.216097367 45.1207741426 44.6496249887 43.1105524878 43.703528355 43.4889433785 74.4002750636 44.9440388179 43.7961387055 44.9951493686 44.9174938547 43.2617917075 44.0096284433 43.6780188084 43.4541902377 43.7985251002 44.3840928081 45.1001752873 43.9052791621
44.56026834 43.9524687758 44.1007160163 44.7881280975 44.8752254896 44.138770327 69.5247565801 44.2358082185 45.1039347636 44.8324904993 44.4966835341 45.4950861877 44.0217597731 43.3324836884 44.3814152677 44.0534469196 44.795237092 43.3663150895 43.7420929073 43.4339207948 45.3614049329 44.0318408489 44.6240463726 44.3280327948 79.1488989738 79.1488989738 44.7687934292 44.684489618 45.2995683776 43.4957849475 66.5154772453 66.5154772453 44.7058506309 83.0341521166 83.0341521166 78.22840427 45.4048086189 44.494025054 43.5571649355 44.2352788831 44.3307812343 43.4504464427 44.8528720676 44.8053801767 43.0789386016 74.4002750636 44.4994819039 43.4841876663 44.3267537685 44.0943433216 43.3152132047 44.5424906173 44.9493757943 44.8450050895 43.730912208 44.2286928015 44.8664564777
43.3462672768 43.1195583526 45.642336088 45.0789784495 44.5854608111 45.0433162277 69.5247565801 69.5247565801 69.5247565801 44.5239475589 44.5981239593 45.6358242052 44.9865888472 43.2496996116 43.4969947779 43.850334694 44.2949595355 44.7546369223 44.5562216312 45.4772182323 43.6399076633 43.8274726762 44.8509643511 79.1488989738 79.1488989738 79.1488989738 45.6199994125 44.7591760186 45.2643405982 44.9191263815 66.5154772453 66.5154772453 66.5154772453 83.0341521166 78.22840427 78.22840427 44.1542237641 43.8350987 44.8059521323 43.6630090552 44.3084574302 43.4085944216 45.7068330768 43.6464106205 62.351942963 62.351942963 62.351942963 45.0881549528 44.4298214253 43.7259733979 43.0329707891 43.3184048035 44.0436994446 45.5256340772 44.4649456766 45.1428698015 43.7275760827
44.1224938496 44.3139775633 44.4085861151 44.1452146507 45.2025892931 45.4098606513 69.5247565801 69.5247565801 44.1409543653 44.1074702702 44.9387151158 43.5520227473 45.0298793328 43.1751826801 45.4003910106 43.5173230809 44.7228226006 63.7573291917 63.7573291917 43.4315114384 44.251698825 43.9793781178 45.0991302201 44.5072620966 44.4718746151 43.7349719232 45.3320102279 45.3266928056 45.5270503777 43.1784638083 66.5154772453 66.5154772453 44.4282467239 43.6783629393 78.22840427 78.22840427 44.7957799523 62.6524267494 62.6524267494 61.4661095027 43.9767434099 43.7769776849 44.9394697186 45.0413582478 62.351942963 62.351942963 43.0436961994 43.1625276241 45.3542866304 43.6098555134 43.5736072248 43.559147962 44.4856484612 45.7746522767 43.9355449075 44.2427426033 44.7359909865
