Spatial_Output/BAU/BAU_0227.asc
NCOLS 155
NROWS 192
XLLCORNER 196769.923733
YLLCORNER 449719.875193
CELLSIZE 27.603701
NODATA_VALUE NaN
[rows 69 to 91 of 192, columns 53 to 105 of 155]
46.8294935016 46.654796779 47.0139689557 46.8419357277 47.3024160437 47.2058849059 46.8339443255 47.0628441026 47.0466300939 46.7983547968 46.0783586036 47.3964862486 47.0911539902 46.3315757127 46.0808567272 47.2904592077 46.6252251117 46.7181352386 46.7632188721 47.0137267072 46.4230150388 46.3464571112 46.1333711002 46.0803814101 46.7434312426 47.3432038734 46.8324883278 46.4629551687 47.2034382425 46.1634872881 46.9644247089 46.3389362414 46.7132711696 47.2602106699 46.6537240652 47.0301256447 47.0163331961 47.2453688359 47.2901283642 46.510437754 46.7679620003 56.206095321 56.206095321 47.3025377543 63.679327613 66.3993221331 47.1222561293 46.8314524294 46.0344739083 47.290049842 46.28919995 46.1387587314 47.3101220467
46.496150945 46.8385341949 46.2134636296 46.6528272977 46.0726815374 47.2452775009 47.1339182373 46.4542293832 46.778608104 47.1476513253 46.2714334475 46.9250998694 46.1598006721 46.5362599596 46.8217029506 47.1539175612 46.9668576948 46.947684353 46.2733861896 46.0643201928 47.1388500531 46.1453630589 47.2480784179 46.0723157508 47.0176869213 46.235693238 47.3267745639 46.996994222 47.2125994102 46.6926229946 46.4268612117 47.3151232084 46.0754808175 46.0976083948 47.1287696079 46.2525678599 47.1330676715 46.7348971438 46.576169377 46.9055646667 46.8537496804 47.0819347015 46.2491270855 63.679327613 66.3993221331 66.3993221331 46.9899760364 46.0742887295 46.269807592 47.3987721791 46.3850691137 47.1370877566 46.1933888545
46.8109950898 47.3039679564 46.0456381775 46.998469554 46.3530984946 46.913084724 47.2036689171 47.3500693302 47.3810970443 46.7791443403 46.8393120545 46.5605859188 46.3332439963 46.1679995127 46.6205930132 46.3439180021 46.3242530181 46.4034854536 46.646370788 46.0571333718 46.6387198822 46.7452792452 47.3387408408 46.5075914289 46.553897596 46.6767207019 47.2700394166 47.336673375 46.8075122207 47.0143805931 46.3996141768 46.2584012138 46.4433845302 66.2809654605 47.0165514133 46.0650653626 46.5164116991 46.6112020169 46.4735961276 46.3724051775 46.268929198 46.1791098171 46.0879013573 46.2283336106 66.3993221331 66.3993221331 73.4510826506 73.9474973528 73.9474973528 68.7153337467 46.3027553479 46.7978981381 46.9882296537
46.8229710955 47.2510405073 46.4899178541 46.241304458 47.2882627891 46.091767841 46.6046132844 46.7248942809 47.1030305323 46.0167441696 46.8861536039 46.2646707569 46.1057017187 46.3917533223 46.6550387563 46.8018217707 47.2731137123 61.7944743114 46.6982617246 46.3592977639 46.829444262 46.2963596073 47.1201036877 46.6465119901 46.1605279932 46.1147051805 46.6894693362 46.4165020546 47.3114390111 47.3786800473 47.1415067284 66.2809654605 66.2809654605 66.2809654605 47.0113172343 46.8512001336 47.1018238249 46.0318041862 46.262470204 46.7805135809 46.5869871667 46.4047255469 47.1257408786 47.0888113837 46.4761755358 46.1005594547 73.4510826506 73.9474973528 73.9474973528 46.5994685684 74.7205441236 46.7556356199 46.5306083494
47.3540559785 46.0233596718 46.8714261378 47.3775411604 46.5338175927 46.6468106957 47.3730864101 46.3941284382 46.9272690611 46.7982060237 46.6350006387 46.3932262046 46.7972238769 46.8536632636 46.5475257958 61.7726432116 61.7944743114 61.7944743114 61.7944743114 46.5625702795 46.0510122253 46.8360180909 47.3874798766 46.1043878408 47.1160745521 46.685393164 47.1644498581 46.0008656205 47.1209573725 46.4115689388 46.9664486588 46.1161322225 47.410258049 66.2809654605 46.293606754 47.0889125344 47.2306833061 46.8988236566 47.0986924023 47.0541216088 46.133043326 46.7395517315 46.3380055547 46.5060696552 46.7575937573 46.019894564 46.7373542493 62.8836554986 47.3048203397 74.7205441236 47.2744487927 46.6499769861 68.4286974013
46.6998079808 73.6415945843 73.4118307195 47.1006309968 68.597661282 47.0835601844 46.0194105431 46.4792828767 47.3846532737 46.8445439476 47.0149308585 46.4457657461 72.2778504371 47.2257332956 46.6014364301 101.3832262249 46.7528753749 47.2609582089 46.2255207849 46.9777229558 46.065918115 47.331996446 46.4294784131 46.4336821095 46.980451668 46.3057897294 46.6997480858 47.106846777 46.0411245146 46.0478163204 46.8499109008 46.1988379648 47.1835405328 76.4391040558 76.4391040558 47.1307446645 47.3681908834 47.2004754025 47.0198095753 46.1393754269 47.0539270307 46.1890597187 47.2645814561 46.6813739253 46.5181899082 46.2570620093 47.3671113312 46.9170456501 46.9630505592 47.1137597284 74.7205441236 68.4286974013 68.4286974013
73.6415945843 73.4118307195 73.4118307195 78.4321712538 78.4321712538 47.2275640008 46.1090229051 79.2364779576 60.3267232783 46.9925318976 84.1234699289 84.1234699289 84.1234699289 72.2778504371 100.9458690897 101.3832262249 46.9169977708 47.0570603904 47.113712116 46.8354968158 46.1129974313 63.6621166072 63.6621166072 47.377154165 46.0760050154 46.1558831132 46.859205057 46.107062418 46.646621572 46.9063940582 46.5834849916 46.0326967025 64.9739512859 64.9739512859 64.9739512859 46.1252113437 46.8982974134 46.4030800354 47.4095386715 47.11686029 46.6743681857 47.1412799025 46.5442540849 46.7601692338 46.2531934631 46.0951585588 47.25961473 47.2018511331 46.3797198643 47.2571356344 47.1414311473 46.8252110775 68.4286974013
73.6415945843 73.6415945843 73.4118307195 46.5124339689 78.4321712538 47.0650567697 79.2364779576 61.4426540728 61.4426540728 69.0109505675 69.0109505675 84.1234699289 84.1234699289 72.2778504371 46.3013243885 46.4221069181 46.1047949594 46.146882553 46.3784285361 46.6291659911 63.8752725671 47.1484958501 63.8752725671 46.117380179 46.5196332838 46.692519707 46.3790850325 46.595171638 46.9831570363 46.686655604 47.4066509669 46.8731519333 46.4930507586 64.9739512859 64.9739512859 46.380360765 47.2519752214 46.6662481723 46.8710816548 46.038195357 47.3092355907 46.2792834012 47.1195180408 46.1943096054 47.3337678645 46.1118747066 46.7121448466 46.5507929853 46.7021978925 47.081391043 46.4954376336 46.0798146435 46.3977295077
46.445520468 47.2676888609 69.1737509567 47.1999368736 47.0130952394 46.5535635228 79.2364779576 61.4426540728 61.4426540728 69.0109505675 69.0109505675 84.1234699289 47.0073265775 46.6138118518 46.0314480978 47.094570353 47.3859424949 46.7526854053 47.1906631817 46.4146867644 63.8752725671 63.8752725671 46.8807099442 46.8321689999 46.3273618933 47.3846103689 46.5314036215 46.7312136971 47.0635416014 46.0896490195 46.9028271399 47.0814969105 46.7018465637 53.1228016422 46.6583218173 46.8061482915 46.3848077251 46.3773137354 46.6908332833 46.484462635 46.1451505119 46.2126244146 46.3645957477 46.6050072537 46.5792288359 46.1485414874 47.1285392149 46.2251484263 46.4644889887 47.1435408826 46.5762804819 46.1949693303 46.0490473002
46.1566721335 46.8880711887 46.1120729917 46.6893154743 47.229143128 46.744857442 46.7398404207 46.2855742136 47.0303856319 46.2642972209 69.0109505675 46.5374969699 47.105163428 46.5462892804 46.3463278619 46.0808200987 47.3138061484 46.1936388337 46.8171314102 46.6951628699 46.5980407263 47.0865381304 47.229580465 46.4148911159 46.628123546 46.2754999622 47.3312258892 46.8723196313 46.7012471625 46.4773961289 46.7218572279 47.353599256 46.0590143951 67.7197403486 67.7197403486 67.7197403486 46.0763571016 46.4808415401 47.1210824965 47.1795898017 46.2238958166 46.2063792996 46.2994220297 47.3285839468 47.2498864761 46.9572235721 47.0375234671 46.0162369927 46.6591806663 47.1178910292 47.4093716577 47.3164363066 46.684075028
47.0484516636 46.5568788106 47.0044839262 46.4721252938 46.8840608911 47.3535219967 46.6953870063 46.651678008 47.0923580555 46.726810796 46.4018965277 47.0069823974 47.0292914966 46.4141304424 47.380312866 46.2651408173 47.3233564541 46.1405870611 46.274684718 46.903115019 46.0049181997 46.253671376 46.5527356401 46.2957001245 47.1323436527 47.1975924075 46.2933260184 47.030441762 46.8988656052 46.8379468459 47.2522239181 46.8377290375 47.1400450445 47.2299338771 67.7197403486 47.4116459043 47.2103299568 46.610716885 47.2959486291 46.8258697898 47.3943860542 46.3308029283 47.0390845692 46.3137792856 46.7417693163 46.6860503431 47.2368677944 47.1482062742 46.9448611834 46.6944378367 46.3700110151 47.3880769159 46.4149640675
47.3592044787 46.2183707394 46.8311749546 46.8209388228 46.2461183397 47.0050907305 46.5547786432 46.7230403571 46.5967613545 46.3643731787 46.9703636343 46.5823074044 46.0534696071 47.1266074558 46.4739027031 46.7377718289 46.9390103623 46.5029056241 46.8623063532 46.4150436138 46.9168863375 46.8053163358 68.7860561125 68.7860561125 47.070856334 46.7650560869 47.1492599537 47.3529492811 47.3616035411 46.7241434461 46.4876637763 46.6571085539 47.3552278789 46.2519632913 46.4302157497 56.4733766131 46.4045745739 47.2334814412 46.6419875516 46.0823621669 46.8151170917 46.0932071906 46.4058862256 46.9399302163 47.0781438546 46.1809775517 47.2186700078 46.682539994 46.8323713121 46.8041767247 46.9640165387 47.2841521366 47.2282287466
46.6332583343 46.3035769804 46.6779796588 46.0382147775 46.862118134 46.1794650883 47.2262631807 46.2265630342 46.2851013778 46.7527628316 46.7082297477 46.5014540567 46.5127581218 46.2010912234 47.1619636288 47.3972334438 46.5295929403 46.1009230048 46.6637913358 46.2790346154 47.1700820324 68.7860561125 82.7547461551 82.7547461551 46.8230380057 46.6093213507 46.8287767756 46.7423319459 47.1025684262 46.0436141459 46.9528728603 46.7252627391 46.3798304514 46.7454861803 47.327676973 56.4733766131 46.4837511185 46.7036213 46.8259873436 46.041019647 46.6786887251 46.7151608479 47.2046490074 46.2526087779 46.0950709151 47.2025111158 46.4667057172 46.1559229845 46.0429839173 47.2702088292 46.8286020467 47.1962630466 46.2496141435
46.4557710264 46.1261494953 46.5164107728 46.550806706 46.8542873118 46.7945983535 46.2791782405 46.1763261571 46.7395397381 46.9892801566 46.7273335083 47.2180659467 47.1025432559 46.5317510637 47.3313874469 46.4668679975 47.2047566241 46.0715517329 46.1977804407 46.688272828 46.8130945488 82.7547461551 82.7547461551 82.7547461551 58.0754639693 46.9057949492 47.09400265 46.2148000637 46.6814058609 47.3818214464 46.958153835 46.9831866754 47.2408039223 46.4194518062 78.7718166766 46.8157045799 78.7718166766 46.3948406943 47.4042535871 47.3440057797 46.1116984174 46.6496287552 47.3914937568 46.5784655312 46.163404983 46.6800111592 46.6773890631 46.5749102425 46.5428535222 46.7378892428 47.1550821221 46.4492004221 46.1289119842
46.5518839879 46.0228465783 46.0755630691 46.2316301822 47.1656581899 47.0754157494 46.1319224895 47.370604344 46.0702639551 46.8446344961 47.1443420427 47.1868163601 47.122836227 46.396078867 46.6417403539 46.3888874627 46.7005250009 46.3907756696 46.7677012179 46.9838128471 47.1956650528 47.2278879171 58.0754639693 58.0754639693 58.0754639693 46.5541841287 47.1430597153 47.048501107 46.5523508623 46.4699232183 46.6815547673 47.3918702037 46.3989565747 46.429893926 78.7718166766 46.8835606162 46.3697000046 46.665156287 46.8090156483 47.1626850776 46.1306321597 46.8869495673 47.355705614 46.7698039808 47.1771764436 47.3090445905 46.6480296968 46.0882357117 46.5549423956 47.3771911313 46.4629145441 46.6845017845 46.5042452203
47.1440025865 46.490369217 46.6432430038 47.3424091555 46.8998899123 46.93591761 46.3915534413 46.9196983143 47.3080512031 47.3209405709 46.4669739144 47.0439076045 46.405887144 47.0009309617 46.9358140756 46.1481396745 46.9861041212 46.6020453456 46.6307952754 46.9763179996 47.3561422721 46.8823187471 47.0692868525 76.8690563228 76.8690563228 46.4594964336 46.9721440192 47.2089632065 47.3657436283 46.3076462904 47.0600999086 46.0614017228 46.9191909318 46.4816938475 46.072977117 69.5327401286 69.5327401286 46.5341203525 46.3694024668 46.1477343731 47.1974707394 47.1729104015 46.1468463511 47.2050709821 46.6094355605 46.8099583066 46.9585822149 46.0892279217 46.6233633291 46.8683214545 46.494362956 46.9808198404 47.2654227203
46.8544002518 46.1012059358 46.2840491113 46.3879117223 46.2506954189 47.2120361248 47.228198449 47.2778343407 46.5382920197 99.0408640597 99.0408640597 46.6607457945 46.0767700612 46.1182907941 46.4295643392 46.3420567154 46.5036082783 46.2901810633 47.3508081045 47.3441115854 46.0462176307 47.1950257172 47.0897526299 46.455301072 76.8690563228 47.3054755045 46.2615954316 46.1471102321 46.2901010576 46.8506717773 46.6640811063 46.6070554967 46.5607206708 47.2740825354 46.4160976017 69.5327401286 69.5327401286 69.5327401286 46.9984161067 47.0888192297 46.0984477382 46.1976918583 46.7347341173 46.2532614107 46.8552590418 47.1909756544 46.3300002647 46.5535006162 46.1270385311 46.3818126467 46.7218331476 46.47632008 46.1496380578
46.542567129 46.786807034 46.4785461756 46.2968274434 46.4971551338 46.2523514938 46.9433014633 46.4722202268 47.206390742 47.0611949326 46.5368528468 47.3841535391 46.9390816729 47.0893838591 47.3458290267 46.8598720066 47.3715996983 47.1901531698 46.1147374226 47.3374547607 47.132084071 46.3896253201 46.0150685496 46.1371756736 46.2321081284 47.0451350595 46.2863660462 46.9203783784 46.3011023752 46.9962663167 46.4930195937 46.0469148828 46.921829649 46.9248829993 47.3003147222 46.4391079412 46.3090124419 46.657210835 46.287608492 47.2113439134 47.3036709422 47.1338726112 46.7644553683 47.3373177855 46.5815709015 46.146347495 47.2959124392 47.3268935501 46.6016861006 47.080286948 46.8544078614 46.4028420541 46.5510659889
46.9263953381 46.7577228878 46.1167438309 46.9782685605 46.8657094801 47.0145418301 46.7361131663 47.324211868 47.0720507371 99.1796912636 99.2853580349 47.3871615611 46.8385240527 46.2328800616 46.8883549973 46.4092195442 46.8652926295 47.2934492372 46.7226361218 46.9116312722 46.4399850171 47.3779370076 46.7020455345 46.0760971926 46.2139440196 46.229234914 47.3797894881 47.3168486482 47.2911626017 47.4102117924 46.5589812564 46.2444865351 46.2159375798 46.9835644826 47.1987495545 73.9906512928 46.4646120111 46.865461808 46.1860807359 46.1053888281 47.3921601878 46.825591282 46.8157608244 47.2264120261 46.6788761777 46.9628204807 47.2165256519 47.0574642713 46.8031789955 46.6401653231 46.9941833351 46.9184435101 46.2011351378
46.5217603059 46.2593818358 46.2685531419 47.2172253883 46.1914933734 46.9443149619 47.3467007507 46.7187193477 99.1796912636 99.1796912636 99.1796912636 46.1603160208 46.1735193012 46.5214619996 46.5980210129 46.7804329976 46.9552908367 46.1379951718 46.0453173045 47.11362984 47.155467169 46.9102188723 46.3530003877 47.338360544 46.0999974594 76.0813541787 46.1516739568 46.2148138148 46.7023679389 46.8961098837 46.7160907529 68.6569125464 67.1077467521 47.2522728431 73.9906512928 73.9906512928 46.749579318 47.3033214747 46.6579592893 46.8818904061 46.1537287329 46.8404243253 47.2274612392 47.0342296143 46.1396090423 46.0524152706 46.3559364292 46.6425793888 46.4880715613 46.3824711456 46.2654486838 47.363237112 46.9312886629
47.2821199326 46.9056629499 46.029899023 46.2750519247 46.4247106771 46.6826009178 47.1710837611 46.6065390471 63.0322235013 99.1796912636 63.0322235013 46.6384661202 47.0318294901 47.2317399815 47.1442058665 46.757617124 46.9190025297 46.8673570085 47.1143770091 47.3347320141 46.0947557672 46.8513747151 46.4654428613 46.7315854885 46.9277989322 46.1673041094 76.0813541787 46.4309753095 47.1111661124 47.1823657414 68.6569125464 47.3402496631 67.1077467521 67.1077467521 73.9906512928 73.9906512928 47.1499677487 46.4275671342 46.203688426 47.1471902439 47.4023126677 46.1109362935 46.9555858525 47.0668294313 46.1281807808 47.0233981067 47.2413874192 46.02695359 47.1594394435 46.4750877201 46.2400834835 46.5883302977 47.3264347884
47.0489785873 46.2926647519 47.1757384195 46.3886669773 47.404802597 46.3472514076 46.3408139371 46.4392805005 56.1867069725 63.0322235013 63.0322235013 46.6932853434 46.4811827498 47.3059826211 46.5508491755 46.8054688965 46.009499774 47.1646431883 46.6655218304 46.3241218692 47.2698801326 46.3574669964 46.7872182093 57.8911544165 47.0420281339 46.5990438169 46.4650807758 73.135281986 46.5193794937 47.2786406321 46.2425580088 46.5596056242 46.0598684411 46.8105382006 46.8419358144 73.9906512928 47.3457825532 46.0303501175 46.621324076 47.3704974521 46.634563404 46.8679483794 46.1836371321 47.356022161 47.3956631734 46.7067134541 46.4999901981 47.2802128282 46.8257915874 47.1457809182 46.4787175966 47.4095837014 46.1991693091
46.4958937634 46.9395070343 46.7212737483 46.1183602294 47.2440307121 46.8986297531 46.5708645315 46.9089279427 46.8866673008 46.6032426331 46.9303052535 46.9651609979 46.8529040383 46.3718872304 46.23186664 47.1619437101 46.5706329056 46.1060708684 46.2592752446 47.0441676622 47.0691950681 46.9866342847 46.1738822901 46.119679253 46.369737705 46.2813415952 46.2117379603 46.593638964 46.4874288106 46.3613844597 47.1477199341 46.3163375517 46.4482226859 47.3739008402 46.0529051269 47.3887524875 46.5721713215 46.4260558464 46.4943842289 46.8141670903 46.7066264106 47.1009686572 47.0070044846 46.3930865408 46.828374969 46.568055643 46.4063509617 46.5940337043 46.2451604376 46.7259920576 46.7982679083 46.6723471884 46.3655833592
