Spatial_Output/BAU/BAU_0302.asc
NCOLS 155
NROWS 192
XLLCORNER 196769.923733
YLLCORNER 449719.875193
CELLSIZE 27.603701
NODATA_VALUE NaN
[rows 69 to 91 of 192, columns 0 to 52 of 155]
36.3720652583 36.5355100331 36.0153924546 37.208701764 37.1334915136 36.4074614456 36.7101777716 36.1894334227 36.5335028009 36.475276411 37.2699810701 36.9996026887 37.049815201 37.146840084 36.0847422617 36.5892432242 36.4995354927 59.7306922155 36.9219659971 36.9946874205 79.7615304332 36.8889001394 37.0226397061 37.3506937965 37.2756716007 37.0457969887 91.5884297305 91.965639238 91.965639238 91.965639238 37.1702679104 36.217257507 36.8233158906 67.1693672295 67.1693672295 67.1693672295 36.0667008577 37.3744354097 36.659453238 36.0441530664 37.0454860186 36.5784398814 36.4216011207 36.2180249557 37.3766959769 36.3847877064 36.2544838794 36.1942504153 36.8008926158 36.6826688176 37.058024921 92.3124465486 36.0007545118
37.1624567838 36.8686265198 37.1658270911 36.3168691196 37.1940752242 36.0158514254 36.4091138168 36.294068555 37.0685795429 37.1816452482 36.064010401 36.9573319729 36.5921257576 37.0464661285 36.3795353603 36.5089964928 36.1366070403 58.374144939 58.374144939 58.374144939 37.2060421845 36.400002528 37.0222977774 36.9894427283 36.3861389939 36.5495245204 91.965639238 91.965639238 91.965639238 91.4432007792 37.3278235339 36.9508691465 36.3191364813 36.141233437 57.7154628868 36.2202374285 36.8764934706 36.6435684705 36.8950079321 37.3491317745 36.732062592 37.2562322605 37.1756241503 36.6706466951 37.3687364514 36.8088225949 36.3239582161 36.332161724 36.6211506861 37.342530187 36.6706500973 56.3240856908 56.3240856908
36.8948320663 36.5116303689 36.4221086098 36.8129911082 36.3247007946 36.2374972992 36.0531488768 36.5202469059 37.2585119395 37.2343008986 36.4813282201 36.3997290943 36.1141611861 36.8151756311 36.7851200586 37.0451137155 36.3101236417 37.2093630171 58.374144939 58.374144939 36.1320879496 36.2667066679 37.0885260456 37.3075541953 37.1280731186 36.5267025525 36.4163892096 91.4432007792 91.965639238 37.3090203719 77.392966953 36.6286566973 37.2256889605 57.7154628868 57.7154628868 57.7154628868 37.1272854086 37.3248861085 36.4701051952 36.3136582425 37.1784963196 36.3951063547 37.0414782755 36.8273166781 36.0213648904 37.1641084519 36.5673203375 36.0301742955 37.2133616702 36.8463638103 54.6109326728 56.5288885875 54.6109326728
37.0676322805 36.0526184791 36.2599702174 36.9596186216 37.2680554609 36.9395910887 36.9072191789 36.5968629876 37.2800878186 36.713886077 37.1844670597 36.2963148193 36.6127942456 36.4347345782 36.5549715691 36.7013538761 36.2735567488 55.728131595 36.9053967987 37.1964659853 36.6739904309 37.3573501226 37.1790949453 36.1590013075 36.8511358939 36.9381835355 36.2496193213 36.2747540629 36.8764998435 77.392966953 37.2195689981 36.615689913 36.892736852 57.7154628868 57.7154628868 37.0165212276 36.5024671906 36.5657375948 36.0531409672 37.218477364 37.362609343 36.7933577459 36.7150805953 37.0761371313 37.0814273614 36.9015270027 36.6102942606 36.3274027561 36.1545117035 36.6583718381 56.5288885875 56.5288885875 56.5288885875
36.1270651616 36.8516044277 36.5667864575 36.0520413451 36.762562489 36.8418259556 37.3958749855 37.3200566906 37.0614485507 36.6624634718 36.820646981 36.7913544849 36.5366935976 37.0189851756 37.3508158002 36.6720148612 36.9150375552 37.3111813677 36.9863162377 36.8297750637 55.2324303031 71.8484776621 55.5429900897 36.2792035186 36.8327437444 36.9176451994 36.1033614067 36.3835736863 36.9097113951 36.4254428117 37.3320207921 37.028692652 36.3339562476 36.4739795398 36.4558496146 36.3114301915 36.4441060315 37.3043801322 37.2177166336 36.2835369064 36.8566758835 36.0824568521 36.2772066553 36.4057393914 37.254735472 36.3903941594 36.1623971094 36.1955516046 36.8506673023 36.2399248348 37.0676220082 56.5288885875 37.3456575044
36.6451568014 36.1972717038 36.8159341273 36.1102285574 37.3748825906 36.6931874435 37.113416324 37.194558821 37.0427940708 36.3250583869 36.362987318 36.5943321984 37.0123010451 36.2185771896 37.2092915634 36.4260340556 36.9872058798 36.486029234 75.7504431983 48.8448566889 48.8448566889 65.8550776271 56.7584811725 56.7584811725 37.2260040802 36.3798711809 37.1148427103 36.374043715 36.9658205383 73.1255540724 37.3574512123 61.9567891118 37.2607709966 36.7700154664 37.1585840368 36.1423401616 36.6890824412 36.1754103333 36.3635361102 37.274399609 37.222757944 36.2477356656 36.407625464 36.7252587372 37.3975651381 36.8659817211 36.020592661 36.8190843673 36.0907071452 36.6301645676 69.4710423565 69.4710423565 69.4710423565
36.7604318333 37.3310892788 37.0045078014 36.246473771 36.0157687013 37.3743153161 37.3238842185 36.6215564465 37.2219505206 37.3368364475 36.9789510039 36.880390156 36.1938110199 36.7752615194 36.0109379427 37.2532195558 70.6212933387 75.7504431983 75.7504431983 75.7504431983 48.8448566889 36.6054588352 56.7584811725 56.7584811725 37.048215177 36.7287262815 55.9850982223 37.2603690753 36.3985843085 36.4892463735 37.2061420109 60.0739612972 37.1011709936 37.3556050717 37.4090215318 37.3296431774 36.5689022645 36.4432810775 36.5206125885 37.0565862239 36.9022558326 36.5268593473 36.7368549848 37.111431742 37.0148424231 77.9109094773 36.1682724245 37.0172959798 36.8516423866 36.1585777622 36.5127677705 69.4710423565 36.6818571467
36.9463217765 36.4232633934 36.7985161002 36.422668749 37.0299542325 36.3304529977 37.1988570507 36.0621542782 36.9798792964 37.0634130622 37.3648194648 36.6729101606 36.1371467213 36.32351889 37.3912706968 37.1728761061 84.0747973284 84.0747973284 75.7504431983 36.2871266033 55.2324303031 36.9997218915 55.5429900897 36.5522898511 37.0709629336 36.0454682018 60.0019655555 36.7937112338 37.0916764181 37.1753949469 36.1075939328 37.3954496343 36.0513456707 36.7154125465 36.0046980159 36.573105394 37.1882894873 37.1871379938 37.2011081412 37.3369010305 37.1962878528 36.2589190821 36.9248788868 36.6251851418 37.3152721146 77.9109094773 77.9109094773 37.2323312184 36.8789679054 36.8281376069 37.2152333737 36.4866090114 37.0455964205
36.1171351264 36.7604480926 37.3794942634 36.3490398382 37.187928672 36.5309136987 36.5326212681 36.330597237 37.0742962884 36.8559804132 37.1570928191 36.7976101791 36.7647900678 37.3202466864 36.3901821077 37.1198590685 84.0747973284 84.0747973284 63.3660474567 36.1601040196 36.6360793021 36.4648688044 37.4092591206 36.5759915695 36.887559602 36.9267340987 36.9545729668 37.1410743231 68.7759493768 68.7759493768 60.0739612972 36.3736619308 36.301514892 36.3356953856 37.0728954111 37.3934773108 36.0647301433 36.3143948533 37.0725647109 36.2701825398 37.1456323863 55.2074735563 55.2074735563 36.8329727819 36.9775564996 36.0077910959 77.9109094773 36.663502195 36.2797289179 36.3303217047 37.0584753011 37.3467510094 36.3827215063
37.0098056728 36.7779387773 36.5740451068 36.7200858513 36.526356317 36.0798744075 36.4137086442 36.0065887457 36.3643770196 36.3316501965 37.1849422383 36.7909417461 37.0220037393 36.5036544602 71.8436264028 71.8436264028 37.0206508778 37.3192796795 36.8348999334 36.457880645 37.3571572174 37.34252534 36.9362825082 36.9496415234 36.3292151898 36.6063350872 36.0747547781 36.365297235 36.4939337384 36.4003650176 36.7051545219 37.2560244796 36.5486428179 36.7024387371 36.3416527107 36.3800032827 36.3263362482 37.2914383323 37.2972382467 36.2100619702 55.2074735563 56.6660230774 56.6660230774 57.4019282793 37.1564590522 37.3953231817 37.0719892539 36.8690360448 36.4425799891 36.8384749319 36.1031653633 36.3446431164 36.2873375846
37.3035475693 36.4487011199 36.4566081271 37.2150736146 36.9994649696 37.0597936939 37.0991433805 37.2120063878 36.0298108941 36.1810418425 37.1239891594 36.0413786704 36.783978594 50.727689324 71.8436264028 71.8436264028 49.5150402614 36.8300418392 36.5585247736 36.473057341 37.1808463128 36.4502671876 36.9329924595 36.7727621016 37.3709430502 36.06348767 36.0090459242 36.3298063184 36.3041849935 36.7244807125 36.2944044421 36.2459699677 37.3436591385 36.0783308862 36.5938064655 37.3661164651 36.2357766129 36.7002219864 36.0523866609 36.2181795899 70.2011858948 56.6660230774 56.6660230774 70.2011858948 37.1357083351 37.0048480212 36.2529189376 36.012819782 36.657574677 37.2561427144 37.1364231789 36.0554287455 36.2562905506
36.966790901 37.055407719 36.6963889901 37.2663000575 36.1305277661 36.6874596454 37.0888820992 36.6712104447 36.3056506556 36.0496966936 37.31996087 78.1145023918 78.1145023918 78.1145023918 37.0077365002 36.6186579781 36.0167558629 37.1795185768 37.4028316401 36.8740079418 37.2479849497 36.4942195471 36.9993801324 36.9189511237 37.3132241643 36.5231943308 36.2577094232 36.2685826469 36.3715443174 37.1302844865 36.7282589811 36.3050525104 36.6127627348 36.5447677232 36.9871810292 36.168396175 36.8599952343 37.3895421611 37.0468059395 36.8554869148 36.7966360465 70.2011858948 70.2011858948 36.4536856376 45.3686509929 36.1263313413 36.8413632643 36.4514343671 36.8281407901 36.0254479538 36.3908159294 36.1165784594 36.519954868
36.1595305762 37.4130939562 36.5391624904 36.357365721 36.1979604054 36.2086289551 36.5046284316 36.4065052697 36.8510049892 60.1609510596 60.1609510596 60.1609510596 37.0146846151 78.1145023918 36.6189134931 36.4736450019 37.0134621929 36.2506455841 36.500824475 36.7249479465 36.4970079217 36.0165279013 36.472504302 37.3542963262 36.3738669874 36.2747481272 36.4054785128 37.1334683532 36.2335076174 37.4103137121 36.4717518724 36.1244824668 36.9076702122 36.3652818909 36.8300087966 36.2956286889 37.3054949116 36.0453594646 37.18358418 37.0571266285 36.2416160967 64.4994735814 64.4994735814 62.8949735925 45.3686509929 36.3481301718 36.1029900728 36.6027128178 37.3667527263 37.2952537278 36.6493005401 37.3581206921 36.3687085154
37.384234989 36.8252459068 37.2906796174 36.6551772148 36.8042004467 36.6622508728 36.8662889522 52.4619858505 52.4619858505 60.1609510596 60.1609510596 36.0852609993 78.1145023918 36.6217292602 36.3411693081 37.2340032777 37.2391430973 36.1085796449 37.3008109971 37.3367188529 36.314816669 36.0205446829 36.0782502264 37.074551925 36.9269814033 36.9983368452 36.9014604948 37.0812729846 36.1599761541 37.0256394015 36.4829966152 36.4739433918 37.3884763021 36.7986023044 36.9460107282 36.8433292343 36.3762444102 37.3358637798 36.7480355255 37.0723526781 36.6926577122 82.3983626439 50.2752037521 37.3894350947 37.0083662291 37.3981594752 36.6034289693 36.2462566206 36.3929919288 36.0127633514 36.2537101734 37.1895994195 37.0968246343
0 37.1268844437 36.3739045951 36.7431413696 36.6339572875 52.3313586632 58.6328644018 52.4619858505 52.4619858505 52.2885619195 60.1609510596 37.23702087 36.0857485358 36.0362028668 36.7820387762 37.1307689914 36.5001253527 36.7760386861 36.9135643239 36.4038256343 37.0441746203 37.3699079615 37.3500299277 36.3746060339 36.8756794116 36.4017916114 36.0047956251 37.2037135609 36.3989167109 37.3868504174 37.3965302074 36.7867799366 36.9470815419 36.9788876191 36.4914663079 36.5074647683 36.8414639359 37.2721710599 37.2439934171 37.2893794556 36.9657486195 36.8047042163 36.9231606985 36.4817517645 36.5508224814 36.4537087616 37.1416743736 36.0376787567 36.938892935 37.0797360195 37.3447493203 36.1955510406 36.6892739961
0 37.2744789419 36.5113932903 36.5862736238 36.37498515 52.3313586632 52.3313586632 52.4619858505 36.632410341 36.0071401376 36.4145011992 37.2484886505 36.110106299 36.1854781895 36.8610875619 36.0658765352 36.1380225374 36.590273623 37.3699761982 36.6740468006 36.15630614 36.7381677207 36.4097137537 37.0860845284 37.1781616975 36.4119664891 37.3428481169 37.2754355477 36.0238550372 37.2675431204 37.0593698331 36.8147681983 37.3303972654 36.4741738128 37.2313343567 36.8398090143 36.5435533936 36.8493364559 37.1714004677 36.2479027866 36.091403946 53.7666337421 53.7666337421 53.7666337421 36.6132446253 36.3780477968 36.4769605886 36.9996824757 37.0238486472 36.6863621473 36.8454820598 37.335367056 36.0861591812
0 36.2672132904 36.3141902909 58.0993472166 61.0405514168 52.3313586632 52.3313586632 52.3313586632 36.7813556579 36.51450702 36.7827174886 36.1689043987 36.8166678527 36.2845298052 36.8613616418 37.3310369193 36.0768871256 36.6668075484 36.1243621797 37.0333327041 36.5963083953 36.5970165199 36.4439409612 37.3746889407 36.1553630017 37.3259999621 37.0472228562 36.7552223741 36.1245515581 36.4087699324 37.2745922366 37.0867856269 37.0472734554 36.268768474 36.8886864754 36.3418744052 37.0304742293 36.0697085858 36.9855128659 37.2056613555 37.2923626497 53.7666337421 53.7666337421 37.3862352441 36.4554510222 36.5907286626 36.7752605746 36.8523567225 37.036742389 36.6687767284 36.9578306062 36.158044872 36.8132553803
0 0 36.5017943747 36.1663147649 61.0405514168 61.0405514168 36.6093052714 36.3408965378 37.2462507697 36.3137892864 36.4052665124 36.4781075076 36.6684109692 37.0691406969 36.0538920656 37.0021172987 36.4303965505 36.0294399307 36.1125625895 36.0777627875 36.7011897902 36.1997256795 36.2832905177 36.017281505 37.0395906378 37.0356237908 37.1644597661 36.8246366222 36.1863600666 36.9385674434 36.8218201624 37.1748280266 36.9988768381 36.5726005761 37.3895421366 37.1729880574 37.3751197904 36.4737080404 36.4368116077 36.8754526507 37.3270502944 36.1286643802 36.5203225377 54.0958915988 36.6364667474 37.0986834395 36.2710345617 36.0203132853 36.1854062134 37.074707766 36.8252020934 36.4652283887 36.6130235689
0 0 73.5175257617 36.0129955765 58.0993472166 58.0993472166 36.0610741511 36.2801938706 36.3136919869 36.8613733094 37.0798713414 37.4115179576 36.4829706533 36.1692328005 37.3821441808 37.2873551687 36.8134585222 36.0106364089 36.1932866623 37.2098784513 36.4460553962 36.3211023338 36.2022071462 36.7247806288 36.55316646 36.7204897589 36.2008893777 36.8242764862 36.2943581416 36.1482397769 37.0267786581 36.8284425055 37.3728619094 36.2580699764 36.7504487946 36.4995438022 36.7798989268 36.4326455831 36.7966554515 36.8540591672 37.3783562446 54.0958915988 54.0958915988 37.1412159072 36.7266843935 36.8919797381 36.0436796601 36.970879235 36.5721874443 37.1971123938 36.4923501046 36.9505264434 36.1678726634
81.8396021135 64.9025005633 78.0090881503 77.4563649196 64.4329026494 37.3782851448 37.1839132153 37.1704977153 36.4408574078 36.6146230886 37.378700122 36.0226618392 36.9991832326 36.4884339556 36.3688084329 36.9787586991 36.4957867246 36.8388762372 36.7337175865 37.2294777202 36.1755003941 37.030141452 36.2319512088 37.1778033607 36.9730729481 37.3611833627 37.1052729292 36.9395300353 36.8082200875 36.0098465585 36.2290446972 36.5003287695 36.636991399 37.2489423148 36.1755037316 36.7641104666 36.7382963092 37.1378858465 36.6429216579 36.0081229149 37.0328215306 59.7356021767 36.5590844506 36.5362683502 36.9474785796 36.5088872375 36.9198038022 36.83840234 36.6820444678 36.3230625879 36.1559200806 36.7516283679 37.1609973551
67.4790226173 78.5132670718 77.782883586 77.4563649196 63.449533301 0 36.5192486928 36.1504965087 36.7530270289 36.238592715 36.4006561165 36.3213085685 36.0448970432 37.397162368 36.2410408816 36.8225320662 36.7729905637 37.2587601527 36.7450306265 37.0748114324 37.1470193856 37.0965277211 37.2399171712 36.6973845955 36.5148573974 37.1211457797 36.9256376984 37.1525125282 37.4122034108 36.699378386 37.072941565 36.6291498228 36.4846647861 36.608427958 36.5875317894 36.1201498577 36.8837436528 36.7347137023 36.1460627395 36.2304437416 36.6850464528 37.4006462475 36.0049863783 36.1306182394 36.478980751 36.1376757893 37.3427563074 36.3221955271 37.1855174944 37.3327195687 36.97197002 36.0798501743 37.2786807897
70.1006030986 75.9529031293 77.4098477883 60.2518010976 0 0 37.0772668386 36.6513157062 36.4127075064 36.6784033979 36.71395682 37.0746211597 36.8911158 36.1361625563 37.1298391194 36.0476329555 36.5547772113 37.2155182954 36.3248107049 36.6177658728 36.1414950469 36.8463604542 36.7338327998 37.0559439795 37.1617384484 37.0970668537 36.2540785485 36.3301903242 36.6199652897 37.1679436385 36.8430001748 36.1663813832 36.6883784422 37.187287512 36.9346802042 36.1777415133 36.3049232639 36.9306421773 36.2332440682 37.3877985636 36.9891071335 36.7936140733 36.9796987307 36.9856131808 37.3585334385 37.0943628873 37.3112759769 36.7228873446 37.3591493795 36.7151674119 37.0955516415 36.2774434389 36.3096577912
0 0 0 0 0 0 36.7461126759 36.9290701793 36.266802375 37.4094148925 37.3800740583 36.3815156462 36.0293736086 37.1158605542 37.038035039 37.2576823382 36.7382933747 36.1735868725 36.6835717639 36.1947793896 36.4855580568 36.3412089717 36.3289019613 36.5066340013 36.2622565384 36.3361413438 36.4017056134 36.7389128546 36.874997738 36.1734227104 36.9801801021 37.1733590934 37.0718879171 36.0988141051 36.4050911614 36.4672288924 37.0186199143 36.3579434319 36.305291408 36.938700715 36.9908679952 36.4214605756 50.2651798836 50.2651798836 50.2651798836 50.2651798836 36.8548007245 36.1105772072 36.5297099957 37.1245233871 36.1390285283 36.5275223688 36.8379449729
