Spatial_Output/BAU/BAU_0850.asc
NCOLS 155
NROWS 192
XLLCORNER 196307.867259
YLLCORNER 449144.565805
CELLSIZE 33.573938
NODATA_VALUE NaN
[rows 108 to 143 of 192, columns 0 to 80 of 155]
0 0 0 0 0 0 0 0 0 0 0 0 0 0 0 0 0 0 0 0 0 0 0 0 48.2964592555 15.33 45.2232996296 54.180881817 19 19 19 19 19 19 19 19 19 19 19 19 19 19 19 19 19 19 19 19 32.9561943946 71.8703166365 32.9561943946 32.9561943946 19 19 34.6266353666 34.6266353666 46.0873815748 19 19 19 19 19 19 19 19 60.8030165743 19 19 19 19 19 19 19 19 19 19 19 36.1699189503 36.1699189503 19 19
0 0 0 0 0 0 0 0 0 0 0 0 0 0 0 0 0 0 0 0 0 0 0 0 0 0 0 0 19 19 19 19 19 19 19 19 19 19 19 19 19 19 19 19 19 19 19 19 71.8703166365 71.8703166365 71.8703166365 71.8703166365 19 19 34.6266353666 34.6266353666 34.6266353666 19 19 19 19 19 19 53.1549765202 49.2747935168 19 19 19 19 19 19 19 19 19 19 19 19 19 19 19 19
0 0 0 0 0 0 0 0 0 0 0 0 0 0 0 0 0 0 0 0 0 0 0 0 0 0 0 0 0 19 19 19 19 19 19 19 19 19 19 19 19 19 19 19 19 19 19 19 19 19 46.4984841932 19 19 19 46.548678413 46.548678413 19 19 19 44.5822303556 19 50.8587756926 44.00571776 49.2747935168 48.8309550974 49.2747935168 38.6027441073 43.7248019625 40.8281460537 54.8160939961 77.7374580668 19 19 77.7374580668 19 19 19 39.2703391438 19 19 19
0 0 0 0 0 0 0 0 0 0 0 0 0 0 0 0 0 0 0 0 0 0 0 0 0 0 0 0 0 19 19 19 19 19 19 19 19 19 19 19 19 19 19 19 19 19 19 19 19 57.4515380868 19 19 19 19 52.1797983037 46.548678413 52.1797983037 19 19 44.5822303556 44.5822303556 45.8999439882 62.4699785507 62.4699785507 48.8309550974 48.8309550974 43.7248019625 40.8281460537 54.8160939961 54.8160939961 77.7374580668 19 77.7374580668 77.7374580668 19 19 19 39.2703391438 19 19 56.1783705621
0 0 0 0 0 0 0 0 0 0 0 0 0 0 0 0 0 0 0 0 0 0 0 0 0 0 0 0 0 0 19 19 19 19 19 19 19 19 19 19 19 19 19 19 19 19 19 19 57.4515380868 57.4515380868 57.4515380868 19 19 19 19 19 19 19 19 44.5822303556 44.5822303556 45.8999439882 62.4699785507 62.4699785507 48.8309550974 48.8309550974 38.6027441073 40.8281460537 54.8160939961 54.8160939961 19 19 19 77.7374580668 19 19 19 19 39.2703391438 19 19
0 0 0 0 0 0 0 0 0 0 0 0 0 0 0 0 0 0 0 0 0 0 0 0 0 0 0 0 0 0 0 19 19 19 19 19 19 19 19 19 19 19 19 19 19 19 19 19 19 57.1469917743 57.1469917743 19 19 19 19 19 19 19 19 44.5822303556 19 50.8587756926 19 71.1829612554 71.1829612554 19 19 19 19 19 19 19 19 19 19 19 19 19 19 19 19
0 0 0 0 0 0 0 0 0 0 0 0 0 0 0 0 0 0 0 0 0 0 0 0 0 0 0 0 0 0 0 19 19 19 19 19 19 19 19 19 19 19 19 19 19 19 19 19 44.2952969113 19 44.2952969113 19 19 19 19 19 19 19 19 19 19 19 19 71.1829612554 19 71.1829612554 19 19 19 19 19 19 19 19 19 19 19 19 19 19 19
0 0 0 0 0 0 0 0 0 0 0 0 0 0 0 0 0 0 0 0 0 0 0 0 0 0 0 0 0 0 0 0 19 19 19 19 19 19 19 19 19 19 19 19 19 19 19 19 50.465854023 19 19 50.465854023 19 19 19 19 19 19 19 19 19 19 42.9607008382 62.9361464726 42.9607008382 19 19 19 19 19 19 19 19 19 19 19 19 19 46.6749385202 19 19
0 0 0 0 0 0 0 0 0 0 0 0 0 0 0 0 0 0 0 0 0 0 0 0 0 0 0 0 0 0 0 0 19 19 19 19 19 19 19 19 19 19 19 19 19 19 19 19 55.5428977166 55.5428977166 19 19 19 19 19 19 19 19 19 19 19 19 62.9361464726 50.6242791961 62.9361464726 19 19 19 19 19 19 19 19 19 19 19 19 19 46.6749385202 19 19
0 0 0 0 0 0 0 0 0 0 0 0 0 0 0 0 0 0 0 0 0 0 0 0 0 0 0 0 0 0 0 0 0 19 19 19 19 19 19 19 19 19 19 19 19 19 43.2408612082 19 55.5428977166 55.5428977166 55.5428977166 19 19 19 39.2563330467 19 19 19 19 19 19 34.4533002606 35.5749378983 35.5749378983 35.5749378983 19 19 19 19 19 19 19 19 19 19 19 19 46.4350130539 46.4350130539 19 19
0 0 0 0 0 0 0 0 0 0 0 0 0 0 0 0 0 0 0 0 0 0 0 0 0 0 0 0 0 0 0 0 0 19 19 19 19 19 19 19 19 19 19 19 19 19 19 36.1293498328 48.5637000376 55.5428977166 51.659461161 42.7092078086 42.7092078086 39.2563330467 39.2563330467 19 19 19 19 34.4533002606 34.4533002606 36.0352347095 56.0643215198 35.5749378983 19 19 19 19 19 19 19 19 19 19 19 19 46.4350130539 46.4350130539 46.4350130539 19 19
0 0 0 0 0 0 0 0 0 0 0 0 0 0 0 0 0 0 0 0 0 0 0 0 0 0 0 0 0 0 0 0 0 0 19 19 19 19 19 19 19 19 19 36.7753462119 36.7753462119 41.1456290848 41.1456290848 59.7707073643 60.246383039 48.5637000376 51.659461161 42.7092078086 42.7092078086 39.2563330467 39.2563330467 19 19 19 19 19 34.4533002606 56.0643215198 56.0643215198 36.0352347095 68.6230649515 19 19 19 19 19 19 19 19 19 19 19 19 19 19 38.0256147561 38.0256147561
0 0 0 0 0 0 0 0 0 0 0 0 0 0 0 0 0 0 0 0 0 0 0 0 0 0 0 0 0 0 0 0 0 0 0 19 19 19 19 19 19 19 19 36.7753462119 36.7753462119 41.1456290848 41.1456290848 49.2057409761 53.3644571808 60.246383039 19 42.7092078086 47.3899382289 19 19 19 19 19 19 19 34.4533002606 78.9198025769 56.0643215198 51.0483720786 49.6557352967 19 19 19 19 19 19 19 19 19 19 19 19 19 38.0256147561 46.1898355444 46.1898355444
0 0 0 0 0 0 0 0 0 0 0 0 0 0 0 0 0 0 0 0 0 0 0 0 0 0 0 0 0 0 0 0 0 0 0 19 19 19 19 19 19 19 19 19 36.7753462119 19 19 53.3644571808 53.3644571808 53.3644571808 19 19 19 19 19 19 19 19 19 19 19 19 19 19 19 19 19 19 19 19 19 19 19 19 19 19 19 19 82.9829791648 46.1898355444 46.1898355444
0 0 0 0 0 0 0 0 0 0 0 0 0 0 0 0 0 0 0 0 0 0 0 0 0 0 0 0 0 0 0 0 0 57.4986684938 54.1609333637 40.8678081847 19 19 19 19 19 19 19 19 19 19 40.510439297 65.6944571981 53.3644571808 53.3644571808 19 19 19 19 19 19 19 19 19 19 63.515069978 63.515069978 45.236327817 19 19 19 19 19 19 19 19 19 19 19 19 19 19 19 19 19 19
0 0 0 0 0 0 0 0 0 0 0 0 0 0 0 0 0 0 0 0 0 0 0 0 0 0 0 0 0 0 68.5963809928 38.0838197666 36.0840858167 31.9863881341 30.1310235045 54.1609333637 19 19 19 19 19 19 19 19 19 19 37.4263621474 65.6944571981 65.6944571981 57.7651704901 19 19 19 19 19 19 19 19 19 19 40.172972764 40.172972764 63.515069978 19 19 19 19 19 19 19 19 19 19 19 19 19 19 19 19 19 72.0309243456
0 0 0 0 0 0 0 0 0 0 0 0 0 0 0 0 0 0 0 0 0 0 0 0 0 0 0 0 42.339781604 61.9033153634 68.5963809928 68.5963809928 34.3438614902 43.1655405084 43.0409066479 54.1609333637 56.0011800061 19 19 19 19 19 19 19 19 19 47.6213494952 47.6213494952 19 19 19 19 19 19 19 19 19 19 52.8151765406 52.8151765406 40.172972764 40.172972764 40.172972764 19 19 19 19 19 19 19 19 19 19 19 19 19 19 19 19 72.7673704107 51.8049222281
0 0 0 0 0 0 0 0 0 0 0 0 0 0 0 0 0 0 0 0 0 0 0 0 0 66.8947949249 48.8885726936 54.7292598508 54.7292598508 61.9033153634 68.5963809928 68.5963809928 36.343173285 42.7722934081 35.466674435 54.7063549248 0 0 19 19 19 19 19 19 19 19 47.6213494952 19 47.6213494952 19 19 19 19 19 19 19 19 19 52.8151765406 44.7670430102 76.6449739544 76.6449739544 76.6449739544 19 19 19 19 19 19 19 19 19 19 19 19 19 19 19 19 19 19
0 0 0 0 0 0 0 0 0 0 0 0 0 0 0 0 0 0 0 0 0 0 0 0 0 66.8947949249 48.8885726936 48.8885726936 54.7292598508 42.339781604 61.9033153634 68.5963809928 51.6051166195 55.145741716 0 0 0 0 19 19 19 19 19 19 19 45.5460999331 19 19 19 19 19 19 19 19 19 19 19 56.6351884642 56.6351884642 46.4307027077 44.7670430102 46.4307027077 19 19 19 19 19 19 19 19 19 19 19 19 19 19 19 19 19 55.4642942321 57.1579226163
0 0 0 0 0 0 0 0 0 0 0 0 0 0 0 0 0 0 0 0 0 0 0 0 0 57.1963571753 48.8885726936 60.8954813382 54.7292598508 50.6089134352 0 0 0 0 0 0 0 0 0 19 19 19 19 19 19 45.5460999331 45.5460999331 19 19 19 19 19 19 19 19 19 19 56.6351884642 56.6351884642 19 42.0476046419 35.9411558109 42.0476046419 19 19 19 19 19 19 19 19 19 38.2938776793 53.6343361674 47.5578997091 35.503950014 66.9685646001 19 41.4141389367 19 19
0 0 0 0 0 0 0 0 0 0 0 0 0 0 0 0 0 0 0 0 0 0 0 0 0 0 0 0 0 0 0 0 0 0 0 0 0 0 0 0 19 19 19 19 19 19 45.5460999331 19 19 19 19 19 19 19 19 19 19 19 19 19 42.0476046419 35.9411558109 35.9411558109 56.2069130384 19 44.8502574829 19 19 19 41.5914749422 19 49.1031880425 38.2938776793 38.2938776793 47.5578997091 47.5578997091 66.9685646001 66.9685646001 19 47.5761179848 37.366435582
0 0 0 0 0 0 0 0 0 0 0 0 0 0 0 0 0 0 0 0 0 0 0 0 0 0 0 0 0 0 0 0 0 0 0 0 0 0 0 0 0 19 19 19 19 19 19 19 19 19 19 19 19 19 19 19 19 19 19 19 19 35.9411558109 39.1151817382 56.2069130384 56.2069130384 19 19 19 19 41.5914749422 19 49.1031880425 38.2938776793 38.2938776793 47.5578997091 35.503950014 66.9685646001 66.9685646001 41.4141389367 19 19
0 0 0 0 0 0 0 0 0 0 0 0 0 0 0 0 0 0 0 0 0 0 0 0 0 0 0 0 0 0 0 0 0 0 0 0 0 0 0 0 0 19 19 19 19 19 19 19 19 19 19 19 19 19 19 19 19 19 19 19 19 38.537843538 38.537843538 56.2069130384 56.2069130384 44.8502574829 44.8502574829 19 19 41.5914749422 19 19 49.1031880425 19 19 19 19 19 19 19 46.6135316591
0 0 0 0 0 0 0 0 0 0 0 0 0 0 0 0 0 0 0 0 0 0 0 0 0 0 0 0 0 0 0 0 0 0 0 0 0 0 0 0 0 0 19 19 19 19 36.9928659473 36.9928659473 19 19 19 19 19 19 19 19 19 19 19 48.6829327885 51.9145190341 19 38.537843538 19 19 19 19 19 19 19 19 19 19 19 19 19 19 19 19 19 19
0 0 0 0 0 0 0 0 0 0 0 0 0 0 0 0 0 0 0 0 0 0 0 0 0 0 0 0 0 0 0 0 0 0 0 0 0 0 0 0 0 0 0 19 19 19 36.6564275496 36.6564275496 19 19 19 19 19 19 19 19 38.4774817035 38.4774817035 48.6829327885 48.6829327885 48.6829327885 19 19 53.812167036 19 19 19 19 19 19 19 19 19 19 19 19 19 19 19 19 19
0 0 0 0 0 0 0 0 0 0 0 0 0 0 0 0 0 0 0 0 0 0 0 0 0 0 0 0 0 0 0 0 0 0 0 0 0 0 0 0 0 0 0 19 19 66.6465617014 66.6465617014 36.6564275496 19 19 19 19 19 61.7937935328 61.7937935328 19 38.4774817035 38.4774817035 19 48.6829327885 48.6829327885 19 19 53.812167036 19 53.812167036 19 19 19 19 19 19 19 19 19 19 19 19 19 19 19
0 0 0 0 0 0 0 0 0 0 0 0 0 0 0 0 0 0 0 0 0 0 0 0 0 0 0 0 0 0 0 0 0 0 0 0 0 0 0 0 0 0 0 0 19 66.6465617014 66.6465617014 19 19 19 19 19 19 61.7937935328 61.7937935328 61.7937935328 19 38.4774817035 19 19 19 19 19 19 53.812167036 19 19 19 19 19 19 19 19 19 19 19 19 19 19 19 19
0 0 0 0 0 0 0 0 0 0 0 0 0 0 0 0 0 0 0 0 0 0 0 0 0 0 0 0 0 0 0 0 0 0 0 0 0 0 0 0 0 0 0 0 19 47.717439161 47.717439161 47.717439161 19 19 19 19 19 19 61.7937935328 19 19 19 19 19 19 19 19 19 19 19 19 19 19 19 19 19 19 19 19 19 19 19 19 19 19
0 0 0 0 0 0 0 0 0 0 0 0 0 0 0 0 0 0 0 0 0 0 0 0 0 0 0 0 0 0 0 0 0 0 0 0 0 0 0 0 0 0 0 0 19 19 47.717439161 19 19 19 19 19 19 19 19 19 19 19 19 19 19 19 19 19 19 19 19 19 19 19 19 19 19 19 19 19 19 19 19 19 19
0 0 0 0 0 0 0 0 0 0 0 0 0 0 0 0 0 0 0 0 0 0 0 0 0 0 0 0 0 0 0 0 0 0 0 0 0 0 0 0 0 0 0 0 0 19 19 19 19 19 19 19 19 19 19 19 19 19 19 19 19 19 19 19 54.9560708854 42.2125951414 42.2125951414 19 19 19 19 19 19 19 19 19 19 19 19 19 19
0 0 0 0 0 0 0 0 0 0 0 0 0 0 0 0 0 0 0 0 0 0 0 0 0 0 0 0 0 0 0 0 0 0 0 0 0 0 0 0 0 0 0 0 0 19 58.0770317581 52.6837330076 58.0770317581 19 19 19 19 19 19 19 19 19 19 19 19 19 19 19 42.2125951414 42.2125951414 42.2125951414 19 19 19 19 19 19 19 19 19 19 19 19 19 19
0 0 0 0 0 0 0 0 0 0 0 0 0 0 0 0 0 0 0 0 0 0 0 0 0 0 0 0 0 0 0 0 0 0 0 0 0 0 0 0 0 0 0 0 0 19 19 19 52.6837330076 19 19 19 19 19 19 19 19 19 19 19 19 19 19 19 19 50.916085974 50.916085974 19 19 19 19 19 19 19 19 19 19 19 19 19 19
0 0 0 0 0 0 0 0 0 0 0 0 0 0 0 0 0 0 0 0 0 0 0 0 0 0 0 0 0 0 0 0 0 0 0 0 0 0 0 0 0 0 0 44.0489072443 57.18661002 65.3208873423 65.3208873423 19 52.6837330076 19 19 19 19 19 19 19 19 19 19 19 19 19 19 19 52.5421239022 50.916085974 50.916085974 19 19 19 19 19 19 19 19 19 19 19 19 19 19
0 0 0 0 0 0 0 0 0 0 0 0 0 0 0 0 0 0 0 0 0 0 0 0 0 0 0 0 0 0 0 0 0 0 0 0 0 0 0 0 0 50.2996868748 52.6837330076 43.8704694616 43.8704694616 57.18661002 65.3208873423 53.2900995939 19 53.2900995939 19 19 19 19 19 19 19 19 19 19 19 19 19 19 19 57.1755308775 19 19 19 19 19 19 19 19 19 19 19 19 19 19 19
0 0 0 0 0 0 0 0 0 0 0 0 0 0 0 0 0 0 0 0 0 0 0 0 0 0 0 0 0 0 0 0 0 0 0 0 0 0 0 64.5413482847 34.8405565924 57.18661002 57.18661002 43.8704694616 43.8704694616 57.18661002 19 19 19 19 19 19 19 19 19 19 19 19 19 19 19 19 19 19 49.6888343825 49.6888343825 49.6888343825 49.6888343825 19 19 19 19 19 19 19 19 19 19 19 19 19
0 0 0 0 0 0 0 0 0 0 0 0 0 0 0 0 0 0 0 0 0 0 0 0 0 0 0 0 0 0 0 0 0 0 0 0 0 0 51.1563790301 64.5413482847 50.2996868748 57.18661002 57.18661002 52.6837330076 43.8704694616 0 0 19 19 19 19 19 19 19 19 19 19 19 19 19 19 19 19 19 42.7515310741 42.7515310741 42.7515310741 19 19 19 19 19 19 19 19 19 19 19 19 19 19
