Spatial_Output/BAU/BAU_0526.asc
NCOLS 155
NROWS 192
XLLCORNER 196769.923733
YLLCORNER 449719.875193
CELLSIZE 27.603701
NODATA_VALUE NaN
[rows 23 to 45 of 192, columns 0 to 52 of 155]
0 28.165878706 27.5416696234 27.8403442191 28.2605615397 28.3035244224 28.3522555194 28.0369475655 27.2868084371 27.7229683492 28.2633843915 28.2205849643 28.2253442476 27.1685586735 27.0831311156 54.7750215846 54.7750215846 48.5661176235 53.9172689368 27.4467330583 27.4759343291 28.1817672123 27.1194595142 28.3443838988 27.1094587906 41.4484549358 45.1939862347 45.1939862347 45.1939862347 27.3481942582 28.2780020215 27.6219493421 27.1650573733 27.3459457993 27.7827484527 27.4329840051 28.0327262721 27.063558978 28.0394746598 27.3547195455 27.7472879574 28.1287791769 27.4208414223 27.7243523743 27.8312241506 27.3099400694 27.4059911968 27.4705518303 27.2820014619 27.6713407878 28.309171674 27.3032265739 28.2327864391
28.0716527778 27.1383491048 27.1323130908 28.0021063136 27.9520979318 27.8478357926 27.6461316684 27.0543888628 27.7619050625 27.2395704076 27.9782924415 27.8377621877 28.0569797972 27.5793885334 28.0149751286 54.7750215846 48.5661176235 44.0826990782 27.5985752263 28.0197222224 27.8328901125 27.8588202625 28.0028292965 27.4601819713 28.3396677515 27.81729885 60.2682745761 72.0927109962 27.3751237986 28.0641534226 28.4020925479 27.1951824804 27.3971520563 27.4260321792 27.7769493178 27.4270953154 27.3507096566 28.3358430132 28.1817715593 27.6942131762 28.2719686892 27.5392100801 27.0727163812 28.0791655171 28.3687330228 27.9132972515 27.5376788448 27.5261990716 28.2320501291 28.3472869292 28.2647195479 28.3733532329 28.1205782889
28.0231159567 27.7011549341 27.2552278469 27.5648082952 28.1945425597 27.6527873541 27.2350015557 28.1656768247 27.9526723538 27.8002042678 27.261242294 27.0921320511 27.2916693668 27.0061104339 27.0639199791 27.9834548937 27.4593091626 44.0826990782 44.0826990782 28.0812680696 27.9341884299 28.0976396735 28.2173232177 28.1727741892 27.2797067315 27.2432215448 72.0927109962 72.0927109962 40.2502600464 40.2502600464 27.3996974897 28.3679584634 27.5413775167 27.3826227607 27.1039096716 27.8163318744 27.6611795165 28.0437954064 28.0239700642 27.1545192182 28.2834950031 27.1815316082 27.5009752058 27.3294871451 27.5317841564 27.4022396534 27.6417755085 27.4254976022 28.2917613445 28.3542242468 27.9803314621 27.9549482654 27.472969043
27.6341033215 27.5081466153 27.5754954033 28.3820475712 27.1456373147 28.3306470277 27.4669673926 28.3045112644 27.3386868584 27.8707095419 28.005986155 28.2983707949 27.1173075506 27.8338202165 27.6387244199 28.2852897061 27.154316938 44.0826990782 44.0826990782 74.6129831946 27.8288493129 27.319488195 27.4995990359 27.3601086191 27.9138819614 27.135271343 27.3753401181 40.2502600464 40.2502600464 40.2502600464 59.3525665506 27.9084146385 27.7898155701 27.2636541403 27.7973644931 27.1514921278 27.9638162385 27.554940518 28.1058065407 27.256184967 27.7756692858 27.8990387847 27.9514556586 28.2633567935 28.2219019555 28.1878797754 28.1258463639 27.0200709039 28.0370233654 27.6286746802 27.3468297259 27.8208168533 28.3843125681
27.9046933856 27.5892748713 27.8372211331 28.1224753354 27.8423058986 27.0029951787 27.3936438223 27.4053716646 27.947635445 27.8125006432 27.4458812207 28.0450455823 27.4664739194 27.4213312748 27.8375658906 27.8634580739 27.932913935 27.2717801203 74.6129831946 28.4046712475 28.0132290874 27.8308627285 27.156819699 28.0415095953 27.1974500782 27.8303937737 27.1576081684 27.9910364643 59.3525665506 59.3525665506 27.7956553637 28.1065549931 27.3685005038 27.9983174702 28.0997230431 27.7224676877 28.351051971 28.3618150597 28.3406812873 28.38810649 27.4497910051 27.4452183629 27.205611794 27.5742298871 27.3124797741 28.1055724285 28.2993549829 28.3881752194 28.3468646608 27.5226281392 27.5815001815 27.0545531106 27.5416093733
27.9066581796 28.4028028338 27.0703032984 28.1957011361 27.4718905385 27.9100139222 28.3410878786 27.3827619414 28.3444921613 27.8207206144 27.9965822335 28.2950757644 27.5977737508 27.313314632 28.2005913787 27.6958703474 28.210394975 27.4462166943 28.3546774413 27.7596421884 27.3197963066 28.4065139368 27.7576656142 28.2375601354 28.1491561099 27.5515107223 27.751929166 27.6478799632 27.1831030357 57.3289308851 27.3974094963 28.018251066 27.6334038127 27.8543366914 27.8718944282 27.8561131059 27.4074949362 27.5534490384 27.8401272756 28.1003607867 27.2373444778 27.505218659 27.0912125013 27.683431231 28.0811104136 27.6079446866 28.3139656525 27.964885438 27.8949622517 27.4202401956 27.3848598316 27.9037871123 27.9445358532
28.031730647 27.5834807887 27.5738965861 27.6537511294 28.0262617267 27.9415389465 27.5505828239 28.0403850722 28.3828470276 27.1011363127 27.1649639846 27.3394092764 27.1000263931 27.6602521808 27.2141467456 27.6515246463 28.3192617925 28.2925612363 27.3860152211 27.3396627469 27.3850124136 27.9897014717 27.8297999813 27.0338678646 27.9518337447 28.4097470481 27.7770441195 27.1820724717 27.7196123461 27.6425171747 63.4859131654 63.4859131654 63.4859131654 28.2856891896 27.9843230027 27.5420107626 28.3453889836 28.3961405096 27.3943763086 27.8614834245 27.3851061116 27.5916234989 28.2430939612 27.7486320065 27.5495496718 27.6995345723 27.644576142 27.1405833692 27.4257099063 28.0400087676 27.6257807753 28.0921467641 27.6407934064
28.1032567533 27.6006035174 27.8787466333 27.5109243815 28.3815227006 28.0860475406 28.0520147728 27.8204560049 28.1029093927 27.0725372552 28.3558066629 28.2476601102 28.0600417672 28.2928052822 28.1247622588 27.7412364616 28.3464409574 27.2276290533 27.4612927638 28.2233634609 28.025835365 27.3635283249 27.5653091565 27.9312124653 28.2181649146 27.7941683985 27.390169756 28.2993357311 27.9242684086 28.1183924306 63.4859131654 63.4859131654 28.3434672981 28.1038406052 27.5919831655 28.2221520547 27.9835718813 27.9956509529 27.9614340874 28.3667317211 28.1118234765 27.3875571926 27.9805109115 28.4074262838 27.4242905695 27.802997972 28.1905418087 28.0130115138 28.2622608367 27.3582642579 27.9807989058 27.0873040108 27.3956492208
28.2439654855 27.5793306336 28.3790893151 27.7221984705 28.3185157007 27.4177813222 27.5449726602 27.167325653 28.2178385825 27.8527897862 28.3636080096 27.0736368638 28.2642197904 28.369137295 27.2763526477 28.3195305827 27.0558550323 27.0705588713 27.7902549833 27.7687196062 27.9668565052 27.3313132036 27.0705366524 27.178751442 27.8584206505 28.2221058665 27.7891569224 28.2308851898 27.8713491573 27.6185019546 46.1201836871 46.1201836871 27.6726951617 27.2482738662 27.6550728013 27.3877886375 27.753639146 28.3919710698 28.0850121215 27.9615301028 27.0050820383 28.1300346845 27.335049131 27.2332604779 27.9917145997 27.2760027442 28.2251210498 27.6351127126 27.2624716198 27.529658017 27.6041469193 27.4860899379 27.4361727275
27.0777166393 28.0224401692 28.1595250787 27.1625839273 28.4010897001 27.238479281 27.3931867149 27.5855641461 27.3911351083 28.0246821402 27.4631553771 27.662899967 27.6976651163 27.8733667617 27.5259036059 27.086479659 27.9425160202 27.6298870332 27.4603403831 28.2883540167 28.1298003138 27.8708211953 28.3948323666 28.0127650938 28.3047656062 27.3578622342 28.3555735239 28.0211691719 28.0180501532 59.2184660754 46.1201836871 46.1201836871 28.0728823574 27.900199387 27.2084226266 27.2864451391 27.2117845194 28.0616300939 27.483495636 28.0153044456 28.2057556953 27.3747938766 28.3358855945 27.8274325798 27.2493710944 27.2527360649 28.3557959361 27.7723399389 27.2783507497 27.4109951127 27.2354302117 27.6104405386 28.1981506557
27.5452416214 28.0902805818 27.3333725346 27.3598543261 27.787559019 27.1634253043 27.3823087198 27.0900587753 27.9571916922 27.3362462307 27.8578793504 28.2327795906 28.238623226 27.4983497418 28.3992741812 27.5952748775 27.8670214562 27.6036459831 27.5823507744 27.2805710714 27.521795259 27.154537185 27.887296114 27.4668969662 27.5154566252 27.6662393834 27.2881509256 27.7663816436 28.3103575288 27.6927947806 28.2190582023 59.2184660754 27.3457626885 27.0908660095 28.2499311979 28.2736515237 27.9129172555 27.1021566994 28.3192315272 28.3754312315 27.2184722399 27.9274804047 27.7088808196 28.4018610277 27.7585680526 27.2434620553 27.7765974868 27.301929994 27.1400151298 28.0028100349 27.5943450718 27.982257819 27.6266006462
28.2817856664 27.8778594955 27.6546963132 27.9234159373 27.8936940074 28.0290503163 27.4758380669 27.0993698261 27.4311832983 27.9348156122 27.8098787672 27.9223411249 27.7760335386 27.7015011727 27.82203742 27.968922596 27.2238335484 27.7454159282 27.8900994583 28.1364039483 27.4175238022 27.2828597566 27.4132768923 27.3468231499 28.360601 28.0510410066 27.9862109253 28.1279282808 27.2012442557 28.018489918 27.9990183738 27.4249857211 28.359348481 27.1624477011 28.285803563 28.0063454777 27.5457776903 27.3335217069 27.1854801959 27.6541936306 28.2385330074 27.9106693992 27.4734629484 28.2414706418 27.7957870398 28.3857620711 27.7080200093 28.3910295935 28.1296623263 27.9176098011 27.3577306763 27.7882760875 28.3673385086
28.0273616705 27.8276829914 28.0880919334 27.5292137033 27.0290643033 27.3702007222 27.8815878224 27.6726996086 28.3458276152 27.2458763365 27.2937419926 27.5354442288 27.3497432604 27.1610920613 28.3532620479 28.4039996064 27.0509596208 27.7858108405 28.1873532266 27.6677974727 27.7801735286 27.7132856355 28.0633361308 27.8630771787 28.3881101111 27.2463137737 27.2268574902 28.1056161981 27.4260070853 28.0975682605 27.942368832 27.6512697139 28.068594396 27.6968183846 27.2656362447 28.2438377189 27.4066475406 27.0068176285 27.1256575766 27.044281816 28.3570219234 28.0845803972 27.6183246112 27.3130990031 28.3936739914 27.1248278595 27.338299169 27.8531623094 27.576871562 27.8919011116 27.0439547824 27.9138679197 28.3546381955
27.0365019866 27.0288151913 27.6398264098 27.8023576927 27.0477706435 28.3688712175 27.7879585666 27.2357629385 27.7027344553 27.3058987583 27.0159877453 28.0014497219 27.6128017627 27.0245091517 27.8691714192 28.1455809474 27.6191480567 28.0211106114 28.1510547216 28.2605658029 27.769417475 27.6529171572 27.6535167927 27.0381140362 27.3166819596 27.2880233953 28.376512736 27.6246441066 27.5473172304 27.8074848794 28.2764307166 28.2861027382 27.9813688341 28.2667804606 27.5990877109 28.2402011804 28.2953657398 27.2251179932 27.3215459174 27.2056583176 28.1654866971 27.1607453706 27.9013156448 28.121809708 27.9621988654 28.1426859571 27.6441076391 28.0872716803 27.309156574 27.2294179127 28.100739118 28.3494165516 28.0058775322
28.1382631632 27.1443671962 28.2514005654 27.0465658018 27.4398411779 27.6340545161 27.8840495682 27.9004246452 27.3516932528 27.2126624802 27.8732777135 27.1706248856 27.2830430363 27.9349460898 27.4136299477 28.3851739693 28.3673734337 28.1230947663 28.0686585491 28.023365013 27.4550576876 27.5519095227 28.3157788288 43.9400638077 27.5270996064 54.5431837418 27.0280732187 27.5540995714 27.4512153613 27.4936737992 47.3444799314 27.411548997 27.69432468 27.6721851094 27.1679541203 27.9207359469 27.4233525835 27.0959724918 28.3071518185 28.139268212 27.7709412804 28.3784859278 27.5773064159 28.3000833171 28.0250432344 27.4170054324 27.091652111 27.8381676181 27.9436229493 28.2030358223 28.148806177 27.2819059656 27.0221757272
27.9009946887 27.1975561287 27.3745636065 27.0471920359 27.6611099901 27.6755076965 28.4066247725 27.1626489811 28.2633930705 27.6329084413 28.0492849388 27.0168567004 28.2670707447 27.1786113186 27.235667372 27.5025610169 27.1201461912 28.1598594462 27.1001084522 27.6645037716 27.5868891716 44.9458362647 44.9458362647 27.0371195487 54.5431837418 54.5431837418 54.5431837418 28.0756198913 27.4901184962 47.3444799314 55.9712971796 47.3444799314 27.8234928239 28.0017757369 27.7208814907 28.3745968124 28.1838471286 27.6069191303 27.278918161 28.1686913859 27.4122720857 27.8388453048 28.3237059502 27.7259986548 28.2001108233 27.0351880164 27.4145179597 27.0933608258 27.5817593632 27.0417818238 27.8235199173 28.2885466263 27.5243109846
27.5370888472 27.5046432975 27.7749208115 27.0571060293 27.0683518655 27.2207021539 27.8277090708 27.2789169712 28.2905514283 27.7277147917 28.0932471525 27.7793715952 28.2401993901 27.130994703 27.6387642156 27.4929052738 27.9937983099 27.9754204578 27.0495194957 27.1751326813 27.6011253964 28.1718241904 27.2065462001 27.3511758221 27.914534193 54.5431837418 28.1996206797 27.8536318852 27.2827571831 55.9712971796 27.8013643373 27.7485695617 27.2816147963 27.5497238243 28.0969942119 27.846329129 27.5336082529 27.6342481296 27.698803278 27.5278333335 28.2750736107 27.3200814342 27.7459249151 27.9472576139 28.1687234292 28.3920088256 27.2464746973 27.6589801726 28.0114004386 27.644380011 27.7183076161 27.7289948326 27.8503737244
27.6396132115 27.7851256311 27.0764990186 27.3727513739 27.2150551936 28.3712701095 27.1741158784 28.2870513439 27.1679905894 27.5309178967 28.0248662208 28.0198222111 27.0055460058 27.6188870073 28.3102765386 27.2970199677 27.7002963597 27.5058341231 28.2801577178 28.1065583959 27.8101739948 28.3387712616 28.1762381962 27.7057214202 27.7963012939 27.8437621146 28.2264018794 28.3920175735 28.0807831666 27.9173592254 55.9712971796 27.8968787144 28.2444645834 27.9389755148 28.2729310422 27.4997127812 27.9513119158 28.14716542 27.4457160582 27.3522022381 28.3339220543 27.6493053534 27.1638118306 27.9670035668 28.1006081423 27.2387755831 27.0828652905 28.305922566 27.7500206133 27.641352658 27.7902403245 27.2170878277 27.397953808
27.6823282721 27.1498574734 27.5519495442 27.0078713752 28.3541448779 27.9628813441 28.1733079382 27.6215812745 28.3031023805 27.5966297964 27.3048161783 27.7227808013 63.5665622565 27.9091320158 68.5326810016 56.421364751 27.9608234827 27.5631953964 27.4435385959 27.1191381346 27.3993784498 27.5765623679 27.5101528792 27.9064801793 28.2742698264 28.108495843 27.4408015995 27.857012225 66.4946608353 66.4946608353 66.4946608353 27.1171466559 27.5526963702 27.9127758951 28.2400065877 27.4838466379 27.676857396 27.8888669741 27.8973394043 28.1661449866 27.6152283539 28.2554913185 27.3447067946 27.4792121783 27.2088428725 28.071903157 27.705188923 27.2022822052 28.0488662915 28.2611302933 28.2984668074 28.049741315 27.4619224611
28.0267277426 28.2336571682 28.1026916182 28.2154802096 28.2560030966 27.4595895701 28.3572065197 27.2974560318 27.0331519797 27.402330011 27.9191098773 27.5989783771 63.5665622565 63.5665622565 56.421364751 56.421364751 28.0820066669 27.0506674692 69.6441375413 44.2052503067 27.9220313578 27.6439931845 28.0496591716 27.4224643211 27.6049404321 27.7432008225 27.1675808411 27.8123242376 47.7121510771 66.4946608353 66.4946608353 27.0027289311 28.064718441 27.8773796849 28.0798263724 27.5368749919 27.9123466903 27.1647451139 27.1118141804 28.1489869213 27.1160298782 28.3815078381 62.3735054209 27.0105409078 56.3482675851 27.627383243 28.0374512797 27.1690525705 28.3206726153 27.828558374 27.2321539695 27.5463525541 27.1422199192
27.3354824316 27.7291081221 27.885148219 28.3212039397 28.384886975 27.7930338732 27.4578216914 28.1436073619 27.7989292637 27.9617853551 27.1995272011 28.2722672947 63.5665622565 63.5665622565 27.2532836153 56.421364751 28.4083410626 53.0225747827 44.2052503067 44.2052503067 27.9451305459 27.3082453516 28.3622538416 28.087459183 27.4885947723 27.860833016 27.4666048849 27.9963235732 27.5621225202 46.6729048049 46.6729048049 57.8627460904 41.1301979426 28.2591574146 28.4008846313 27.3066308768 27.9403579101 27.3772845113 28.2945218219 62.5464683175 28.1725994326 62.3735054209 27.9945708162 42.884497399 42.884497399 69.488001267 60.1075789565 56.7509604564 27.9996625913 59.1622557385 51.2105831123 28.1598320071 28.0186302067
27.0629530367 27.1311105616 28.3703384578 28.3162362846 28.04754862 27.8782135251 27.4548235668 28.1285582169 28.3552083602 27.5123993088 27.8096957091 50.8416864299 50.8416864299 27.1066411886 27.2680549119 27.9009837296 28.0439202448 27.2036038117 28.335568689 44.2052503067 27.5817384813 28.2045178749 27.4925303133 27.1511902672 27.1717837705 28.2693132103 28.1033550057 47.5713747273 46.6729048049 46.6729048049 46.6729048049 57.8627460904 41.1301979426 38.6570897831 27.2100593771 27.5977975834 27.2262108782 28.1719067499 27.2866858551 27.5885329943 27.5015741388 27.1131686522 27.4828060709 42.884497399 42.884497399 60.1075789565 60.1075789565 70.7141242745 59.1622557385 59.1622557385 67.5548428798 27.9482597972 27.0954063294
28.3590815726 27.6074105127 27.4270155501 27.6160898793 28.0351408516 27.2751742825 27.8506312194 28.0896174707 28.2735909418 27.3703859175 27.9474874051 50.8416864299 50.8416864299 50.8416864299 27.3767808138 27.2017044951 28.1659399431 28.1123623896 27.6983543414 28.3182797205 27.7809211475 27.1651085082 28.1537912202 27.8736495008 27.4166143959 27.927254433 28.0409861913 49.7304239922 50.2475915028 50.2475915028 50.2475915028 48.3276611319 48.3276611319 48.3276611319 28.2013784903 27.07052697 27.6736092068 27.2422057336 28.2765118908 27.7625650409 27.1480230344 27.5408534731 27.1249687348 42.884497399 27.0925891258 69.488001267 60.1075789565 56.7509604564 59.1622557385 59.1622557385 28.0930227341 28.1839362215 27.0973184916
