Spatial_Output/BAU/BAU_1168.asc
NCOLS 155
NROWS 192
XLLCORNER 196307.867259
YLLCORNER 449144.565805
CELLSIZE 33.573938
NODATA_VALUE NaN
[rows 150 to 174 of 192, columns 56 to 111 of 155]
28.1817048274 27.5683800111 27.6460288896 27.6289557063 28.1672006256 28.1465226694 28.0198007948 27.966125548 27.9205699873 32.4725070688 25.3173066206 11.8757139613 27.6144816227 28.1231237631 27.6470758658 27.5086241755 27.6378636279 27.7677384344 27.9302835077 27.7988039688 27.7045330505 28.06909262 27.5534063518 27.9059691687 27.6730438304 27.7592177355 27.586732399 28.0841878779 27.5172994781 27.670614146 27.6563146314 28.0849718317 27.589303859 28.2033467004 27.8634025587 27.9351541383 27.8491101606 66.8166523326 66.8657649676 28.1558477644 27.5139632352 28.001345356 27.6567465757 27.799284158 27.8828063237 27.9717296169 28.0640255624 27.7416807033 28.1192271675 28.1725514416 27.8472904001 27.5939915863 27.9261634443 27.8623015779 27.8034616473 27.6442239272
0 0 28.0208139314 28.1505582375 27.5612150165 27.6182383049 27.5687306541 27.6095163231 27.7672616867 23.1520352859 27.1197266096 11.7936446988 27.7743532187 27.782258145 28.1066435694 27.5871663129 27.7013008715 27.8498337868 28.0037385574 27.9770253788 27.7086901175 27.9465797496 27.5398291325 28.1160254124 28.1454110317 27.7566675959 27.5171390825 27.6884340207 27.6545749083 27.7873347341 27.8066050976 27.8597600757 27.6758736676 27.6188694952 27.8842936015 28.0007191499 27.5385862276 27.5690411109 27.7164912654 28.1506054885 27.8940746642 27.57540269 27.6664234858 27.7731366374 28.2054154906 27.8826167477 27.7497204689 27.8389348413 27.9708021243 28.2059702698 27.779305375 27.9545633906 27.945374544 27.6826421205 27.7759154746 27.8521235476
0 0 0 0 0 27.5999324887 27.5671843599 27.6526769265 27.7589441205 12.5657540965 13.4563128065 12.7192460294 28.1540866585 27.5708786346 28.1262550327 27.5208286034 27.9897431692 27.6610722124 28.08959606 28.0751920309 27.6309723046 27.8351529715 27.651921219 27.9501366714 27.836259821 27.5873876007 27.5391453267 27.8801451602 28.0774318126 28.0171856046 28.0608169404 28.1873405978 27.6669494124 27.819327905 27.6956518281 27.6409034588 27.6871210932 67.6403810154 67.6403810154 67.6403810154 62.6101933128 27.7973505425 27.7655837348 28.1803114007 27.6421491063 27.7893198449 28.1107655883 27.6158472239 27.9411743239 27.9548371547 27.6964401543 28.1608217222 27.9164583626 27.504391558 28.0296265576 27.7202675536
0 0 0 0 0 0 0 28.1736873168 28.0599513166 60.2009688255 60.2009688255 45.9805715416 28.1770873344 27.5026367572 27.8663492402 27.5447539874 27.8113307384 28.1170231304 27.9430426298 28.0498044281 27.5604300355 27.5087828384 27.7771326677 27.8521227356 27.6646273274 27.5054636918 28.1163642542 28.0534740899 27.8714672994 28.098082802 27.6825610668 27.6721999358 28.1543236333 28.0396173082 27.538461088 27.8129693163 27.6956484877 28.0217509947 67.46077852 67.46077852 67.46077852 27.8080506218 28.191837184 27.6218020217 27.7038954579 27.9696659872 27.71175177 27.5821447733 28.0024971809 28.1176729891 27.8619893522 28.1706560907 28.0734118208 27.5113469058 28.1045835906 28.1582551331
0 0 0 0 0 0 0 0 0 65.2439186682 66.3079345985 53.146686769 53.146686769 27.627232601 27.5874429234 0 0 27.5863836862 28.2043599447 27.7301257513 27.9700245176 27.5600733022 27.9797985791 27.7222156396 27.8225978225 28.0351033617 27.5721042029 27.9840061938 27.6007775953 27.6562778224 27.5743040532 27.8833482081 27.7875391836 27.9272920651 28.1592312564 27.6167886101 27.9202444205 27.8300756337 67.46077852 67.46077852 60.3562418541 27.7428723665 27.6077890791 27.56653391 27.5819968078 27.5265910523 27.9593670203 27.8382433971 27.6820344492 27.5040773251 27.6137674347 27.554505393 27.8511693193 27.8881919238 27.9569167251 27.6395940404
0 0 0 0 0 0 0 0 0 0 53.146686769 53.146686769 53.146686769 47.4462667073 0 0 0 27.757971968 27.6872826173 27.8262936954 28.0015220532 27.9590267657 27.9461820641 27.5081699402 27.8921086976 27.6279741488 27.5589758663 28.1017471586 27.9814788458 27.8618901468 28.0181719613 27.9342435585 27.6297369871 28.0363969827 28.157915998 27.724208638 27.916735976 28.2033545495 60.3562418541 27.9765631115 28.1355508464 44.4497290062 28.1858883842 27.798880607 27.5423936524 27.7120458501 27.6859154591 27.9625098381 27.6461484 28.1436738818 27.8769030615 27.8717439108 27.8953400361 27.8173668828 27.9631067315 27.7884005973
0 0 0 0 0 0 0 0 0 0 51.0972266884 47.4462667073 53.146686769 47.4462667073 0 0 0 0 28.1490063505 27.8885283248 27.8722073019 28.1363534987 27.6053632202 28.102137869 27.7183665091 27.6551029421 27.7134529111 28.1748503554 28.0940349188 27.7237482714 27.5642025212 28.0730528952 27.6092452282 27.598678878 27.5469708856 27.6174399458 28.0575440295 28.0493498527 28.1749277009 28.0908817061 27.8393518396 27.9992506997 27.6917794695 28.1296785942 27.6768476917 27.5297916629 27.7154015457 27.5015153582 27.9278589095 27.7585007844 27.7114641218 27.7219147943 27.6663678045 27.5614891571 27.6506910796 27.8944437197
0 0 0 0 0 0 0 0 0 0 0 80.0476181638 49.5044968797 49.5044968797 44.4122763462 0 0 0 0 27.9089899082 28.1554329704 27.6042202197 27.6688208209 27.9982264804 28.0626610036 28.0720774521 27.8035196126 27.9902125679 27.8064030416 27.801150448 27.8580124735 28.0533238928 28.0663137625 27.9106281836 27.6435079973 27.6926522452 27.8122970528 28.1023174943 27.968999882 62.1597942795 62.1719069887 62.1719069887 62.1719069887 27.5077038076 27.9947068334 27.6199868611 27.532324056 27.6860480879 27.9785679907 28.1762648973 27.5341101676 28.1284731115 27.890576119 28.0463145956 27.6793891568 27.5190559818
0 0 0 0 0 0 0 0 0 0 0 63.0968988362 49.5044968797 41.9902762097 0 0 0 0 0 0 28.1808254338 27.6142354727 28.0021311339 27.9940366408 27.8698061559 27.7816083686 27.8524894811 27.8357300044 27.8387064102 27.5962289407 27.7973981939 27.5425617045 27.8690370436 27.9570176574 27.5978669216 27.6004968854 28.0487861959 27.9652366548 27.5366610523 27.5158351688 62.1719069887 62.1719069887 44.4040933077 27.5213153781 27.9442659965 27.9907822559 27.9923174175 27.6868215713 27.8826305483 28.0304230502 27.9901434581 28.0382985615 27.5178202209 27.8997675838 27.5436651626 28.0062136807
0 0 0 0 0 0 0 0 0 0 0 0 0 0 0 0 0 0 0 0 0 27.6631589634 27.9156519729 27.8150274042 27.9638638416 28.0515658374 28.2045461149 27.7633436008 27.7349786562 27.5676228785 27.6290478069 28.1156997557 28.1180439258 27.9585393778 28.0877262896 28.0172928508 27.9575076378 27.5380060654 27.6578915521 28.1162431277 27.5987287231 28.1354907445 28.0462111854 28.2003810825 27.8446788185 27.9951835479 28.181070241 27.9626479914 27.8541177627 27.7643920536 28.1127990713 27.6168144113 27.7039815406 27.88922143 27.7045848713 28.1309184146
0 0 0 0 0 0 0 0 0 0 0 0 0 0 0 0 0 0 0 0 0 0 0 0 0 27.7980048013 27.9003344761 28.0011388815 27.8701596796 28.0660677493 27.5402239872 27.7740965324 28.0598995061 27.601537067 27.5577312377 27.7038552793 27.9780424262 27.8771399061 27.8758640681 27.8464896744 28.0800780801 27.5730198014 64.5729000854 27.8389383503 27.8377490435 28.1583479339 27.6984434445 28.0233964869 27.88398703 27.9584520039 28.169791122 27.8938822129 27.8988548642 27.7584566337 27.8129292739 27.8543396274
0 0 0 0 0 0 0 0 0 0 0 0 0 0 0 0 0 0 0 0 0 0 0 0 0 0 0 0 0 28.1521872914 28.0502720789 27.6180980712 27.6476661418 28.1387116532 27.9699589539 27.5267139608 27.586423708 27.6764468758 27.6964535955 28.0935857873 28.0521612801 52.2385211607 64.5729000854 64.5729000854 28.171424773 27.6632807545 27.992491125 27.8201383284 27.9032215274 27.6563019915 27.9116123282 27.5355365828 28.1574715553 27.8735233484 27.6580411776 27.6205818591
0 0 0 0 0 0 0 0 0 0 0 0 0 0 0 0 0 0 0 0 0 0 0 0 0 0 0 0 0 0 27.7387096851 27.5464233508 27.8988449921 28.1186018977 27.7061603775 27.5474543543 27.8689837389 27.6979698696 27.7952621252 28.0081430066 27.9882251476 40.8152147952 64.5729000854 52.3366227981 28.1402439729 28.0836110261 27.533942534 28.1925960473 27.7109344012 27.56744775 28.0366569977 28.0659699742 27.6760333947 28.0820512196 28.1005707826 28.0931245633
0 0 0 0 0 0 0 0 0 0 0 0 0 0 0 0 0 0 0 0 0 0 0 0 0 0 0 0 0 0 0 27.7544435615 28.1196478496 27.6049901577 27.9197426382 27.6674809345 28.199281985 27.9506957252 27.5030869644 27.5565058078 27.5546646878 27.9274579363 27.9932298429 63.5243543717 27.7560071416 27.5679819744 27.7909656929 27.7616994232 27.598608078 27.6241313427 28.1774747893 27.7570331143 27.5367708485 27.9385677675 27.6274190864 27.5379683316
0 0 0 0 0 0 0 0 0 0 0 0 0 0 0 0 0 0 0 0 0 0 0 0 0 0 0 0 0 0 0 0 28.0179110926 27.5959207177 27.8004330152 27.5756913098 27.5506527086 28.1284103023 28.0949221341 28.0008014544 28.1635038241 27.5369516867 27.9870733821 63.5243543717 52.794599298 27.8355187547 28.1072429424 27.9199612664 27.6613976425 27.6056846643 27.6805289798 27.8534060328 28.0510436847 27.8667002424 28.1921715167 27.5854193263
0 0 0 0 0 0 0 0 0 0 0 0 0 0 0 0 0 0 0 0 0 0 0 0 0 0 0 0 0 0 0 0 0 0 27.7525547039 27.5400902192 27.9567591666 27.9007597639 27.8450785212 28.1475404776 27.5646433978 27.9141227454 27.977084816 52.794599298 52.794599298 28.1077521591 28.1283379289 27.6703284115 27.7539302373 27.7230854236 27.9066386505 27.7963866989 27.605526459 28.0059055182 27.6731448066 0
0 0 0 0 0 0 0 0 0 0 0 0 0 0 0 0 0 0 0 0 0 0 0 0 0 0 0 0 0 0 0 0 0 0 0 28.1595968717 27.9376889577 27.8620153236 28.0803320013 27.9932244373 27.6828295788 27.9888668818 27.6703141153 52.961560866 52.794599298 56.6662495017 27.9473389899 28.1777434623 27.8331654445 27.6970801884 0 0 0 27.7795615069 28.1536382962 0
0 0 0 0 0 0 0 0 0 0 0 0 0 0 0 0 0 0 0 0 0 0 0 0 0 0 0 0 0 0 0 0 0 0 0 27.5513080626 27.7503040023 27.9789965433 28.1286303355 27.7175077126 27.9493650677 27.7338074125 27.6226367646 56.6662495017 54.9388354307 54.9388354307 54.9388354307 27.5822067156 28.1158298241 0 0 0 0 0 0 0
0 0 0 0 0 0 0 0 0 0 0 0 0 0 0 0 0 0 0 0 0 0 0 0 0 0 0 0 0 0 0 0 0 0 0 0 27.5537567231 27.8740329438 28.0438039448 28.2004992645 28.0147196871 28.0439142052 28.1655468197 27.629890732 54.9388354307 54.9388354307 74.5912508232 43.1152546728 0 0 0 0 0 0 0 0
0 0 0 0 0 0 0 0 0 0 0 0 0 0 0 0 0 0 0 0 0 0 0 0 0 0 0 0 0 0 0 0 0 0 0 0 0 27.5066871975 27.9291421192 27.7248633052 27.870537634 27.8406964744 27.6897958586 28.0472554132 27.6923089495 74.5912508232 74.5912508232 53.807779243 52.2615263866 0 0 0 0 0 0 0
0 0 0 0 0 0 0 0 0 0 0 0 0 0 0 0 0 0 0 0 0 0 0 0 0 0 0 0 0 0 0 0 0 0 0 0 0 0 27.828453271 27.5783445796 27.531515595 27.9200534658 28.0587154219 28.0561897182 28.1860523956 74.5912508232 28.0718112796 29.6218630995 26.8165556425 0 0 0 0 0 0 0
0 0 0 0 0 0 0 0 0 0 0 0 0 0 0 0 0 0 0 0 0 0 0 0 0 0 0 0 0 0 0 0 0 0 0 0 0 0 0 27.792940098 27.7613153088 28.0262249412 27.9202145392 28.1840027098 28.0045420907 27.6605840763 12.2979944319 26.1736545361 21.2719531613 47.5988292483 0 0 0 0 0 0
0 0 0 0 0 0 0 0 0 0 0 0 0 0 0 0 0 0 0 0 0 0 0 0 0 0 0 0 0 0 0 0 0 0 0 0 0 0 0 0 27.6340823415 27.7343191815 27.7995137287 27.7044488797 27.7758957201 27.8100570862 24.5247748162 28.5930197728 17.7633424278 54.7818928225 55.1477179672 0 0 0 0 0
0 0 0 0 0 0 0 0 0 0 0 0 0 0 0 0 0 0 0 0 0 0 0 0 0 0 0 0 0 0 0 0 0 0 0 0 0 0 0 0 27.9228561766 27.8897892522 27.8916355683 27.6565299489 27.5858463648 0 0 54.7818928225 45.8516123806 49.6035356066 49.6035356066 49.6035356066 0 0 0 0
0 0 0 0 0 0 0 0 0 0 0 0 0 0 0 0 0 0 0 0 0 0 0 0 0 0 0 0 0 0 0 0 0 0 0 0 0 0 0 0 0 27.525332092 0 0 0 0 0 43.2470021843 45.8516123806 49.6035356066 36.7843281249 74.2448677131 0 0 0 0
