Spatial_Output/BAU/BAU_0145.asc
NCOLS 155
NROWS 192
XLLCORNER 196769.923733
YLLCORNER 449719.875193
CELLSIZE 27.603701
NODATA_VALUE NaN
[rows 92 to 114 of 192, columns 0 to 52 of 155]
0 0 0 0 0 0 0 44.958704975 45.1537451414 45.1428221601 44.7044418102 44.9176831311 44.8473754998 44.5680497776 44.9730564762 45.0296844734 44.8315684092 44.7628069666 44.8428353325 44.964748085 44.7182535882 44.9620762959 44.6187198269 44.6105095606 44.9565774688 44.649638585 44.6612476177 44.7867176504 44.6750391495 44.8378519978 44.543537282 45.1835612723 44.5190582874 44.7850470493 45.0195423312 44.9510382522 44.5293094006 45.1289462806 44.8642945517 44.9263647398 45.1399760438 44.6442102725 44.8351889119 44.8762686934 44.956060001 44.5670163192 45.0050581467 44.6131012333 44.8429939265 44.6788241393 45.0782266089 45.1528769569 44.9149463691
0 0 0 0 0 0 0 0 44.8521981176 44.6269892828 44.5354310756 44.7165996669 44.7779446091 44.812022474 45.0346629069 44.8843326911 44.8351569803 45.049450101 44.9784626807 44.991806422 45.0785422602 44.9491152287 44.976239112 44.8918845361 44.9223586079 44.7090420552 44.6404955129 44.6827385981 44.7822329375 44.8589306829 44.7353150621 44.628748036 44.9314001729 44.6869749834 44.6995486158 44.9025374108 44.6163926753 44.5147486933 44.7614679736 45.0442409353 44.7810475221 44.9761597414 44.6178024931 44.9960245969 45.2021104884 44.5479478844 44.9472028634 45.0593596234 44.8317978026 44.9722175102 44.6731375218 45.1032768015 45.1078565775
0 0 0 0 0 0 0 0 0 0 45.0585984501 44.7520216513 45.1067558793 45.0614246089 45.118003973 45.1082478617 44.6920069456 45.1604155145 44.590533105 44.7766875092 45.2055613048 45.1849556682 44.736280556 44.5067164625 45.1195084819 45.1402427122 44.6635761539 44.5237577521 45.1197785211 45.2056636125 44.5343363577 44.9891956302 44.6508381285 44.8145694715 45.0413150347 44.7504430938 44.869393839 44.909483562 44.8037261779 44.8135987381 44.8787119555 44.603516608 44.7433043716 44.6686768904 45.0701065136 44.5030274141 44.9559191227 44.5085550336 45.0849284595 45.1984309034 44.7338469123 44.6687008574 44.9763599908
0 0 0 0 0 0 0 0 0 0 45.023281448 45.075123123 45.0586097915 45.0364552409 45.2060638166 44.6325834985 44.6251792295 45.1315203284 44.5758629176 44.9430815703 44.93844751 44.7926746224 44.8174309008 45.0656218844 44.6545651289 44.6774737932 44.6382196202 45.1357084879 44.8034779471 44.9689535905 44.8211039634 44.9238018941 44.939214932 44.9751305078 44.8496353857 44.657744781 45.0326802701 44.5489575079 45.1332645903 44.5456340341 44.9308581769 71.7999728356 45.1197419927 71.7999728356 67.5911727699 44.6756928946 44.7307749865 44.6981136441 44.803537849 44.8587098962 44.9693116098 45.1280918804 45.0526315998
0 0 0 0 0 0 0 0 0 0 45.1227218493 44.9133559017 44.999106601 44.7145375278 44.765696154 44.6868804007 44.899276024 44.8030759067 44.6507563218 44.5859855146 44.5565755801 44.6073465668 45.1411937441 44.6653041647 44.7327425284 44.8767653954 44.899510278 44.7848762134 44.5743515452 44.7579036438 44.9277105286 45.0403585851 44.503957604 44.7034335943 44.7123719977 45.0567572097 44.6547336568 44.9213813501 44.6375226104 44.8276833904 45.1879708412 44.8911452023 72.1036406331 44.9729979939 67.2121158361 45.1764383846 45.0671341185 45.1919004575 44.5014703184 44.7146197817 45.164636123 44.9396680598 44.7984524923
0 0 0 0 0 0 0 0 44.9756350228 45.2034554742 44.5180738801 44.7427847954 44.5997132999 45.1189532881 45.1442092423 44.7513573322 44.9442152883 45.014873005 44.5393606383 44.5981585693 44.7257703559 44.6263880993 44.5585118073 45.1294345535 44.772782385 44.7584337401 45.0777166159 44.8720974429 45.1638311564 44.851237174 56.8217122817 45.1309345743 45.1456373943 63.3791219423 44.5664023507 45.1886566496 44.7867946595 44.7403437191 45.1825021221 44.6669254562 44.7680436723 72.1036406331 72.1036406331 72.1036406331 44.9230015904 67.2121158361 44.6905514786 44.8818500641 44.5283130302 45.1451656728 44.9362242897 45.0842600959 44.8118057534
0 0 0 0 0 0 0 45.0733000211 45.1281299703 44.5954495552 45.1433858497 45.161637754 45.1382924437 44.6299182825 44.680797912 44.7112467928 44.7614088225 44.6229245781 44.8106947977 44.662318708 44.8604180974 44.5670122303 44.8660913518 44.6527412745 44.822684699 44.5197073517 45.0153441165 44.8001807433 44.882662598 45.0573651532 56.8217122817 56.8217122817 44.929349404 63.3791219423 63.3791219423 44.8054058108 45.2008236998 44.5628275929 44.9329431352 64.9090149517 64.9090149517 44.6818355431 72.1036406331 77.2091164823 77.2091164823 45.1377229384 44.8327613026 44.9500292047 45.1395347611 45.0091613242 44.9684294752 60.8935855969 45.148443056
0 0 0 0 0 0 0 45.1387093833 45.0906753974 44.8586954041 44.902037516 44.550346706 44.6749898603 45.1436547561 44.917872123 45.00054296 44.5116997968 44.8390591028 45.1869927943 45.1916925792 45.1878401592 44.9969821045 44.8506377049 44.6475022574 44.9536069416 44.5661090758 44.8581921034 44.6043449588 44.8792976689 44.8479697134 56.8217122817 44.6213530469 44.5790130794 63.3791219423 63.3791219423 45.0442748575 58.5242798735 45.028474159 64.8691816291 64.9090149517 64.9090149517 45.020664261 45.1197598547 44.7048779058 44.6535600499 45.1342822551 45.0813735812 44.6084058061 44.6882272644 44.7983659704 44.524096796 60.8935855969 44.6366642277
0 0 0 0 0 0 0 0 44.8450357162 45.024878111 44.6670784463 44.835672112 45.0056297559 44.9534128362 45.069014389 44.9980491056 44.6495289296 44.8880662293 44.8919868274 44.7343469568 44.5635541084 44.992197437 45.0009257992 44.936099597 45.0599024244 75.7393074358 44.9018331568 44.9684292757 45.1020132735 45.1793118812 45.0896201013 45.1617528973 44.6653846359 44.9838008381 45.0159055818 44.6954167464 44.716206039 44.9800840672 44.9664836259 44.8248702857 44.5338918119 45.0734927165 44.6251403852 44.917673742 45.0182767716 44.6047971642 44.7541002795 44.8811588468 44.697268265 45.0564864552 44.5329119195 45.1102811867 45.1558224834
0 0 0 0 0 0 0 0 0 45.1159964129 45.144600861 44.7350858021 44.8074826699 45.0832438714 45.0173131661 45.0746488821 45.1282704092 44.8693478057 45.0278253843 44.7418742207 44.5904700422 44.9041806078 63.6177587525 44.9598434408 44.8761614957 75.7393074358 44.6261720304 45.0426806298 44.9176150176 44.8081535096 44.8028242133 44.7852483785 44.5617705106 44.9451720322 45.0378106528 45.2048286665 44.622843425 44.9305916418 44.8623827865 44.9066957922 44.9540152382 45.011989387 44.7610861486 45.1976755236 44.8557574548 44.9978669484 45.0105690925 44.8912478629 44.5508666545 45.0645302408 44.8980486348 44.9780520041 44.8470397944
0 0 0 0 0 0 0 0 0 0 0 44.9532615553 44.8087080032 44.5908180933 45.1639080717 44.5246312671 45.0778763109 45.1482440101 45.0113531636 45.0782971667 67.1180824335 67.1180824335 44.8072828305 63.6177587525 44.6259531658 44.8669911035 45.1911189838 44.6114455913 44.7782562212 44.7307269147 44.5723783999 44.8284915814 44.8093822318 44.6590516262 45.1481704998 44.8948825695 44.7211440488 44.5309386428 44.7871297989 44.9666422549 44.5720072995 44.6772168518 45.1098309637 44.8090721596 45.206341721 44.7941390381 44.7941401518 44.5340793134 45.1313588246 45.0269490992 44.5126351641 44.502454504 44.9357495443
0 0 0 0 0 0 0 0 0 0 0 0 0 0 44.6876174632 44.9292555374 44.674752283 44.6303776455 44.6420227127 45.1258042455 67.1180824335 67.1180824335 44.8678609286 44.5648279233 44.8760538001 45.0676097601 44.9876060796 44.6921918208 44.9923094624 45.0852513144 44.9331848658 44.5805665282 44.6514454899 44.8320350043 44.6095121478 45.0102168209 44.5149645888 45.1428915965 45.1833916595 44.6046298714 44.7742750152 45.1677935663 44.6722663805 44.6127934873 45.0083772578 44.571451743 44.8957327729 44.8310355555 45.1795201004 45.110096664 44.9044092759 45.0292577384 45.1705086508
0 0 0 0 0 0 0 0 0 0 0 0 0 0 0 45.0765744515 44.9428355885 45.0382177632 44.7652796221 44.6866464109 44.5271041549 67.1180824335 44.5498750563 44.6255815206 45.0227902137 44.6165237269 44.5728793024 44.669547861 44.7822741426 45.1002278878 44.5254554305 45.0462748064 44.7430640825 45.0674065817 45.1586713946 44.9264739646 44.569491571 44.7010840733 44.5966131198 44.7370560283 44.8224619126 44.7632161156 44.8217780822 44.6016821817 44.9778588512 44.8336561852 45.1913368053 44.782856968 44.8189162011 44.588111456 45.1650281561 45.1783861029 44.7946431127
0 0 0 0 0 0 0 0 0 0 0 0 0 0 0 45.0866803866 45.0227844644 44.7119826938 44.6954006361 77.8021895665 44.758682892 44.750004484 44.8348190085 45.1373812029 44.6649521528 44.6621244818 45.1954284682 45.091913299 44.9932576075 45.1715326586 45.0784482343 44.9740434114 44.7732146652 44.5293536445 45.1824133022 44.5614691968 44.7934838175 45.1592689004 45.1781964111 44.9156977974 44.5907611673 44.8278860499 80.1401956211 80.1401956211 80.1401956211 44.5235133724 45.0030955656 45.1521961258 44.9055330632 73.7686210554 73.7686210554 73.7686210554 44.9066144714
0 0 0 0 0 0 0 0 0 0 0 0 0 0 0 0 44.890317686 44.6926788787 44.6344183628 44.871186781 44.8294377085 45.0572565838 45.1435474721 44.6149889618 44.6671334752 44.7785095971 44.8016601504 44.7725119147 44.8977509919 45.1212545686 44.9284283882 44.6502254613 44.5888096818 45.1669360822 45.1473386239 45.051728812 44.7251285873 44.612221694 45.166816592 45.1762128971 45.2052811784 45.1063998082 44.716919316 80.1401956211 45.1213779834 44.5912909513 45.1271207628 45.1986850926 44.5384498605 70.2410484161 73.7686210554 70.2410484161 44.6949623271
0 0 0 0 0 0 0 0 0 0 0 0 0 0 0 59.7884721806 70.2880542341 71.3643921267 44.7499722901 44.6560757597 44.6184303258 44.71206531 44.70069104 44.7000379257 45.04875685 44.5334269233 44.6085606984 45.0276970626 45.1805938195 44.7039038341 44.7724345741 45.1511395883 45.1253410807 44.9256407912 44.9425777491 44.5603601646 44.5544969643 44.6247948496 44.5770433604 44.6538522591 44.8480304521 44.9082575635 44.7110157128 45.1927744641 44.5603481608 44.6593936292 45.1468162104 45.1224175249 45.0368041959 78.3997877435 70.2410484161 78.3997877435 44.9854990649
0 0 0 0 0 0 0 0 0 0 0 0 0 0 67.1833333404 58.661922676 68.6407840931 68.5153127462 44.752913532 44.9822288718 44.7730484776 44.9168478913 45.0303542163 44.5229497277 45.057923472 45.1158674607 44.9153723979 44.7190399837 45.164903855 44.9301329322 45.2020974552 45.1611187519 44.8009302368 44.5573470893 44.8630226667 45.0061478371 44.6287069549 44.9791761871 45.1632773048 45.0739880925 44.9306731635 44.6177538315 70.5406558693 45.1255240948 70.5406558693 45.0279007909 45.1917255464 45.0404091785 44.507473245 44.9074244673 60.2575116295 44.7237044784 45.0012099994
0 0 0 0 0 0 0 0 0 0 0 0 0 0 0 69.8515202054 60.5213910871 63.8869327806 44.8364653308 44.9709439134 44.8530595303 45.0383600818 45.1291192048 44.7720258509 45.0573302537 44.5092879268 44.7141960918 44.9004536174 44.8780368237 44.6933167595 45.004175704 44.6481336833 44.9476100527 44.8595636787 45.1606103917 44.659533208 45.0226587319 44.9176708339 45.046881212 44.9598153351 44.8307048626 45.1546646432 45.0160818701 44.7319616438 45.1372210573 44.6061488695 44.9818618064 44.927118958 44.9951447867 45.0189558228 50.2788327769 44.6866114042 44.7580399742
0 0 0 0 0 0 0 0 0 0 0 0 0 0 0 0 0 44.7727661875 45.1273575302 44.9953243598 44.5599668411 45.1010403849 44.547551029 45.1123854997 44.7677409056 44.5724397202 44.7120300528 44.7812964711 44.5626896492 44.7243426098 44.9442748927 45.0999491038 45.0939284421 44.9475907869 44.9742079869 44.8030347371 44.8697497272 44.525642494 44.5474896109 44.8593782768 44.5810956011 44.5035619939 44.6660730821 71.7613552708 44.6496707019 71.7613552708 44.9991112056 44.7361630722 44.8180131976 50.2788327769 50.2788327769 50.2788327769 44.6619238548
0 0 0 0 0 0 0 0 0 0 0 0 0 0 0 0 0 44.8421305326 44.9288830469 44.8255876027 44.5285728407 45.0411618366 44.7467392574 45.0163855452 45.0853201748 44.6410241311 44.6583546491 44.9085465195 44.6177359992 44.6487445533 44.5285419763 44.7050943504 44.9508911997 44.6805245435 44.8058229976 45.0389320054 44.743415397 44.6938538715 44.8920470965 44.8875067309 44.6497153482 44.8443094397 44.8658464272 71.7613552708 71.7613552708 44.6811290751 44.7021312658 44.8854083031 44.9380403332 44.6720841833 44.7200326876 44.8101658095 44.6715655833
0 0 0 0 0 0 0 0 0 0 0 0 0 0 0 0 0 0 44.9651650438 44.6938043709 44.6556049427 44.7936983928 44.6176199445 44.9023149393 45.1179666471 44.6959803441 44.8496864454 45.2039347518 45.0856281307 44.6351046103 44.7770046077 44.8951331591 44.5093331437 45.1057260662 44.9164580778 44.9077867243 44.9598623148 45.0340622704 45.0243150083 45.0006804491 44.9763138701 44.9302157839 44.6612657024 44.9209120176 45.0374192169 44.8623433846 44.8245553324 44.7671441652 44.850723321 44.7573221083 44.6064644148 44.7906504616 44.6148145699
0 0 0 0 0 0 0 0 0 0 0 0 0 0 0 0 0 0 44.6710055372 44.6494241981 45.0834062336 45.0086305808 45.0216206293 44.5192761247 45.0771396459 45.1125905234 44.7202641721 45.0565705439 45.1702662382 45.0632173471 44.8255396157 45.0855177288 44.7975992519 45.0595777873 44.6004838693 44.7615397855 44.7644495017 45.1470925809 44.838125114 44.6465782011 45.1932319922 44.8091890559 44.9794326654 45.1579350004 44.7374609256 45.0665684866 44.5090541631 45.0909621497 44.7094464404 44.6455376421 44.8132740146 44.9045338514 45.071634651
0 0 0 0 0 0 0 0 0 0 0 0 0 0 0 0 0 0 0 45.129215447 44.8027535235 44.9362913024 44.9105772037 44.852817389 45.0856853107 44.785306392 44.8321646239 44.5543331363 44.8954074938 44.5685537669 44.8591593226 45.1806169722 44.7347308062 44.892485625 45.0060740946 44.6864758003 44.705510013 44.7928939786 45.0466407667 45.1751643911 44.5140297576 45.024691691 44.8780510685 44.7086317337 45.1306919196 44.5656768789 44.9787998439 44.7322102812 44.8221284988 44.8611178247 45.0240538299 44.5381010411 44.9760442713
