Spatial_Output/BAU/BAU_1163.asc
NCOLS 155
NROWS 192
XLLCORNER 196307.867259
YLLCORNER 449144.565805
CELLSIZE 33.573938
NODATA_VALUE NaN
[rows 75 to 99 of 192, columns 56 to 111 of 155]
54.3692854764 54.3692854764 28.166738798 27.545989297 27.5860879017 28.161808265 28.1513016129 50.0928697684 50.0928697684 27.9987009314 27.8883277607 28.0381830911 28.1465605901 27.7098690357 27.7752384044 27.7867881275 57.6602038256 59.4919390966 59.4919390966 59.0846956752 59.8773298493 27.9246283642 27.5358564151 27.699187869 27.826266231 27.5137001804 48.6434629057 84.6816661049 65.6962865342 65.6962865342 27.5569063978 27.6280838675 27.7463701152 27.5327584818 27.9802704459 28.1028074797 28.0775629418 53.6007931809 53.6007931809 74.4396883995 53.6666652118 49.3236786976 27.7241328034 27.625934837 28.1530023097 27.563156943 27.8520295439 28.197310787 28.0530845215 27.8918858858 27.630076344 27.65944279 27.6886686133 27.7403751563 28.0300189329 28.1452950781
52.5481853442 52.51291513 27.7256704464 27.5318368361 28.1390802471 28.0980653066 27.6287784336 27.892884665 27.5963343988 27.9170587924 28.1853697331 27.5487905984 27.9391034839 27.627429575 27.9652869077 28.1482591681 59.4919390966 59.4919390966 59.4919390966 59.0846956752 59.0846956752 27.8477463729 27.5750471714 28.1265563215 27.8718898733 27.6473587749 28.0997613642 65.6962865342 65.6962865342 65.6962865342 27.675628699 27.6041785455 27.797826605 27.7396684282 27.8303486269 27.9100768643 27.5066615593 27.5681725944 74.4396883995 27.7718433413 49.3236786976 49.3236786976 27.8005127198 52.0045027933 52.0045027933 27.5703678782 27.7682553182 28.1476815057 27.7483985169 27.5062561268 27.9018609871 28.1855880887 28.0653782859 27.7653786879 28.0360724263 27.9997269584
52.5481853442 52.5481853442 27.5676730141 27.8655792107 27.617514516 27.6426013836 27.7195681081 27.9071340089 51.1159011622 51.1159011622 27.7020365439 28.0162370835 20.1903727684 28.1147495244 28.4167934308 27.6878010696 28.2002493125 51.3402034215 51.3402034215 51.3402034215 28.02485448 28.1925028991 27.6114734812 28.0355866202 27.8916607945 28.15183786 27.5971149701 57.4343868367 65.6962865342 42.7613612658 27.7214684229 28.1355461595 27.7867534366 27.6750338864 27.5662311831 27.5196228045 27.7886257254 27.757338054 27.8577531842 74.0111622629 49.3236786976 74.2006343247 52.0045027933 52.0045027933 52.0045027933 49.8673549986 51.9531392635 27.7623991116 27.9700102109 27.854504966 28.1325956856 28.1764623643 27.571382813 28.0331500803 27.8339263406 27.8750839122
55.6401796508 45.4663029955 27.8124263687 52.3192778536 27.7460419274 27.7845187507 27.7097391868 74.9659545457 51.1159011622 51.1159011622 46.5614407923 27.6205535662 25.4760759667 32.2773623595 31.5038690741 27.7658386167 27.8937788261 51.3402034215 51.3402034215 59.0001536698 27.8025034811 28.0873233808 27.6493993426 27.8533064645 28.1224213413 27.8915340548 27.9800804272 42.7613612658 42.7613612658 42.7613612658 28.1468931701 28.0514505809 27.8857707234 27.5569551392 27.8936878322 27.7705630965 27.9659363303 27.9675156212 27.7938928598 27.6431062617 27.7035582776 28.0273357874 27.5613081898 52.0045027933 51.9531392635 51.9531392635 44.1092318423 44.1092318423 27.9517459222 40.0885217084 64.1035699448 69.2726040434 69.2726040434 64.0619584155 56.8495045803 56.8495045803
47.1811434164 47.1811434164 47.1811434164 52.3192778536 28.0349487915 72.5535383754 72.5535383754 72.5535383754 44.6988048917 44.6988048917 46.5614407923 46.5614407923 25.8590165478 13.8516891067 22.2580958374 27.9719655109 28.0350589259 59.0001536698 40.357658673 40.357658673 28.1061996103 27.8918060017 27.7954459928 27.6900848868 27.8925361958 28.192206162 27.5012424155 27.861412628 40.5884924354 40.5884924354 40.5884924354 27.7104523835 27.6583290011 27.8731423784 28.1198760974 27.6854287833 27.8223756547 27.7949135729 27.6539478811 28.199186222 27.6678420614 28.077311444 28.0145317394 27.6812581454 49.8673549986 51.9531392635 44.1092318423 44.1092318423 44.1092318423 40.0885217084 69.2726040434 69.2726040434 69.2726040434 64.0619584155 47.1300285648 56.8495045803
47.1811434164 47.1811434164 75.2846297323 52.3192778536 27.8897681108 27.9278825379 72.5535383754 72.5535383754 44.6988048917 44.6988048917 46.5614407923 46.5614407923 27.5115603663 27.7340925671 28.2003619649 28.0342844625 28.1796656923 40.357658673 40.357658673 40.357658673 87.4302311139 27.6541469323 27.7510422126 28.1446415425 28.1641574382 27.878394 28.1513375749 28.1712318981 40.5884924354 40.5884924354 27.6099660081 27.9656135996 27.6372394853 27.6619354717 28.0757040417 27.8377623156 27.9475528868 27.6112280308 27.7938266498 27.924290677 27.9784294801 27.6033268254 27.6256081857 27.5552994323 27.9153264735 27.9705874903 58.356764639 58.356764639 27.8027359103 40.0885217084 64.1035699448 65.925295651 69.2726040434 64.0619584155 28.0848560287 27.9959831684
27.7019982838 27.8553555045 28.0627265983 28.0526239372 28.135264078 27.7845090447 72.5535383754 74.9190838676 74.9190838676 74.9190838676 58.9248592927 27.7871568267 27.7858007768 28.1570336908 27.7379284524 28.2002924712 28.1712000851 42.5306523473 42.5306523473 42.5306523473 27.9372859415 28.108172612 27.5797137346 27.531975361 27.7664044292 27.9800874241 28.0869210308 27.9892688241 28.1356722197 27.8440142642 27.9742777115 27.607536278 27.9555844361 28.1142120935 28.1554787683 27.6130038505 28.006213837 28.1116201612 28.1838688344 28.1049603987 28.1507588318 27.6250682994 27.8407179815 28.1902876163 28.0048521437 27.5682841414 27.7268160904 28.0538448737 27.7940308352 27.8594594462 28.1886163097 28.0070602176 27.5031929583 27.9472807159 27.7126457087 27.6740142333
28.1881975053 28.073170547 27.9977192794 27.6403677042 27.6952735482 27.5412760034 27.5114385225 49.5948249848 74.9190838676 61.7873738397 28.0332007769 27.528546986 27.6568286513 27.8982878425 27.8023818464 27.8913005804 27.904502191 28.0874407784 54.4474704116 54.4474704116 54.4474704116 27.8556708524 27.8573742055 27.5709465488 27.6914059135 28.0118445042 28.1180008748 27.6328416796 28.1611254278 28.0624332167 27.5576305799 28.0159233791 27.9367480674 27.8167614373 27.7516028677 27.8591790815 27.5043086599 27.5524117332 28.1755920383 28.0216285253 27.9434355437 27.7712823023 27.906382907 27.9430331967 27.8497080809 28.039084575 28.002585289 27.5362336115 27.871187708 27.6189968797 27.6341244721 27.9996002155 27.9451478139 27.5606733144 28.1774326062 27.6833280456
27.5616845899 27.6889141229 27.7283343505 27.8817340985 28.0661616818 27.5392245222 28.0577527969 53.7703311786 45.5619271746 45.5619271746 28.1852504413 28.0134000131 27.78311561 27.7410198102 27.6795861353 27.9601129939 27.9213504321 27.6533079198 54.4474704116 54.4474704116 54.4474704116 27.7931134582 28.138225025 27.7725603721 27.6532103631 27.5017242983 28.1092101273 28.0491596706 27.7215985514 28.0466103289 45.0063218549 45.0063218549 27.9761430192 27.7291685864 27.5298650977 27.6745132937 27.6635064175 27.8522354725 27.5352719005 27.806982198 27.7527983948 27.9408824885 27.8811851912 27.7235740977 27.5823316869 28.0656160228 52.1425546569 52.1425546569 52.1425546569 27.9246521654 27.5706237384 28.0640179424 27.9940401923 27.6411299154 27.9615235587 28.0411623166
28.0605772983 28.0802581698 27.9838340263 27.8059076349 28.0067508898 27.9021930365 27.9936755064 28.1431628129 53.4675346109 53.4675346109 53.4675346109 27.5315716328 27.8273057334 27.607279249 27.9251430543 27.8704565555 28.158776382 27.5056153032 27.9017151791 78.2746467748 78.2746467748 78.2746467748 27.9378422265 28.0245874107 27.5573229053 28.108771069 27.8370331267 27.7950602471 27.7224441503 45.0063218549 45.0063218549 45.0063218549 27.6001102856 27.5521629397 28.1819806353 28.0165451492 27.5875021725 28.0320747986 27.7713133844 27.8373059805 27.7159309734 28.12876259 27.9390489563 27.7544996235 28.0468447881 27.5894181671 27.8419013735 52.1425546569 27.9928113883 27.9688307432 27.9081302468 28.0310554664 27.5771654558 27.8647945537 27.6223568761 27.6065127467
27.7312141184 27.8553908964 27.9998623331 27.9356396019 27.8799082349 27.5703917057 28.0509291714 56.5088956318 56.5088956318 56.5088956318 56.5088956318 28.1205539924 27.642011886 27.6317967835 28.1360723485 28.0930576279 27.8023855334 27.6961583905 27.9503428735 78.2746467748 68.7705042299 68.7705042299 68.7705042299 27.9192232929 27.5748356593 27.6323781211 27.9538691462 27.9476908869 28.1469023349 27.862003097 45.0063218549 45.0359461993 27.6295022616 27.937582378 27.5038031694 27.9244294646 27.8352467882 27.6286328194 28.13408494 28.1618134704 27.5076152028 28.1468269335 27.7899438255 27.5563706482 28.0555600361 28.1152658327 27.5478586527 27.9649906543 71.8110511519 28.1247427933 28.1920284865 27.5782407522 27.8383254307 27.7408389994 28.0726251254 28.0724090905
27.8056694124 27.7316609241 28.0579865132 27.5419469702 27.8072099784 28.0142586002 27.7636011567 27.710513956 56.5088956318 56.5088956318 27.8551670467 27.6991935522 28.186204768 27.7802009345 27.750608987 27.7529035318 27.6195080563 27.7225978583 27.6808727109 27.5156690064 68.7705042299 68.7705042299 27.7929517643 28.1154538183 27.8558914104 27.7360098963 28.1755052176 27.6770144449 27.6758304073 27.554848936 27.6169494973 27.6820849187 27.9179960735 27.6535575828 28.18825677 27.5297392849 27.8909016796 27.654443399 27.7065294908 28.0406232471 27.7002308098 27.9282816325 27.825750626 27.6365862097 28.0621522354 27.952872925 41.4686930993 41.6798336179 28.0917201511 78.29776831 49.5368799922 61.6781617628 48.251785992 57.7672971778 27.5024906906 28.2021924176
27.8326647974 28.2039752964 28.0471184175 28.1052402625 27.6801145234 27.5263511722 27.9662543288 52.5816990103 56.6902876837 61.3002553445 27.8389589031 28.1977214986 27.5254118637 28.1396395786 27.9274508229 27.7702146907 27.6451281102 28.0264576223 27.6003671078 27.8783512997 27.860587258 68.8864972436 28.0234947009 28.1724431329 27.5909264991 27.6745292734 27.833308454 27.8224259477 28.0771423452 27.9043019238 40.6078466174 40.6078466174 40.6078466174 28.0125213269 27.8528039359 27.5616065731 28.1842919217 27.7576319079 27.5350393873 27.663552246 28.1838956248 27.7292518832 27.5405151436 28.0909804814 27.5154330179 27.9573609781 41.4686930993 41.4686930993 49.3957660132 27.7447577046 49.5368799922 48.251785992 48.251785992 27.8053570815 27.6728181656 69.5238418465
27.5665038193 27.9209231688 27.9648860166 27.9003853106 27.5649078069 27.5312208085 28.2039825665 27.8124708716 61.3002553445 61.3002553445 61.3002553445 27.5295569486 27.7232927801 28.0311257087 27.5811730589 28.1480617422 28.1300649763 27.9439984599 28.1401967508 28.0693336008 57.066438803 49.9917676648 27.9947045932 80.3721676082 27.8458964023 27.6792287385 27.8366043132 27.7818389303 28.1785057284 27.9145902973 27.9587989642 40.6078466174 28.0998938902 28.1216653741 27.9220415975 27.602014038 27.9689952969 27.5134332653 27.6219015233 27.6028299905 27.7397682363 27.9896831028 28.0427410819 27.505168537 28.0730978153 27.5529308558 41.4686930993 49.3957660132 49.3957660132 78.29776831 49.5368799922 61.6781617628 48.251785992 27.5040759309 27.7135128532 69.5238418465
28.0321116783 27.7991050446 27.5207171771 28.0338704032 27.6216804888 27.6066452758 27.8249803298 28.1282265946 56.8918491295 61.3002553445 56.8918491295 27.7444263298 27.5268406379 27.9982439409 27.8678054417 27.9333803761 27.7807956151 28.1298681202 28.0626665588 27.8402920694 27.6854999846 49.9917676648 49.9917676648 48.7212953127 48.7212953127 71.75344192 71.75344192 48.3764052129 27.9411882237 27.6960042524 27.5813911471 54.3709236646 27.8532169873 27.9344925651 28.0763723691 27.8949753718 27.8134228265 27.5128280517 27.8863756728 27.7400363456 28.0891199581 28.014944313 27.7774328027 27.6601465771 27.5142301472 28.0936456158 44.6576874394 44.6576874394 44.6576874394 27.9555154841 27.7090177884 28.1060689703 27.7097665867 54.9767363761 27.6514331263 69.5238418465
28.0027947899 27.6399801766 27.9136877156 28.1107323341 27.6297414724 27.8570096567 27.6542888482 27.7667882289 47.8644443545 47.8644443545 47.8644443545 28.0222614755 27.7616607119 27.9151740211 27.5562715548 27.6223823143 27.613551787 27.7404214281 27.5390152079 27.9613468868 60.1247341378 40.5773650103 60.1247341378 48.7212953127 71.75344192 71.75344192 71.75344192 48.3764052129 48.3764052129 27.8032765945 67.0687850971 53.5272006851 53.5272006851 27.8537433407 27.9317458266 27.8729395381 27.8739056459 27.853784982 28.0756049811 27.8942050208 28.1216860332 27.713719499 27.9706121493 28.029079495 27.5891881863 28.1888278732 27.7200718408 48.6622937031 28.0440724807 28.0905159947 27.9633864678 27.5640079217 27.654678428 28.0429138723 27.8372487426 27.8800061833
28.1052920796 27.8835381177 27.7880888535 27.5988080596 28.1132282007 27.8010645997 27.9571946197 28.0680898387 45.9301054349 47.8644443545 45.9301054349 27.6575141011 28.0006022786 27.5887868184 27.9306603928 27.9150633924 27.9673381106 27.8124251817 27.7072993834 27.6579537317 40.5773650103 40.5773650103 40.5773650103 28.1785274879 48.7212953127 27.9928664227 27.9891277678 48.3764052129 48.4782767381 27.7024028299 53.5272006851 53.5272006851 53.5272006851 27.8096920299 27.6710549641 28.0724909252 27.9563918099 27.7767129786 27.610128391 28.0123501691 28.1696075606 27.7587376876 27.6014703464 28.1560671974 27.8259640254 28.1708106076 48.6622937031 48.6622937031 48.6622937031 48.6622937031 27.7539209483 28.100587401 27.5986111418 27.5659925683 28.021442771 28.1843941866
27.5959595612 27.8129152159 27.8244959422 28.0827688833 27.783725589 27.7284832068 28.0725223375 27.771849261 28.1850334066 52.5263681965 27.6056843456 27.9457650049 28.0173755486 27.7855965432 27.9262686103 28.174934644 27.5062886286 27.6289002024 27.7713747242 28.0796212794 55.6473236714 43.8908831913 55.6473236714 28.156438989 27.7909142367 27.9862958045 27.6778031103 27.9345206085 27.7832054799 28.1598492534 28.1557115698 51.2369297815 53.5272006851 27.9438334207 27.9218143351 27.6819782106 27.5149088295 27.7686793118 27.8247766058 27.6876889326 28.0143070698 27.9558577639 27.8813639753 27.6531467106 28.0238467775 27.6691160415 27.5490100692 56.3289049187 56.3289049187 27.5358428939 27.707642539 27.6322003237 28.0730514314 27.9652770903 28.1767909639 28.02309002
27.6002207247 27.9680468164 27.6050542435 28.0661227978 27.7290060744 27.6126756896 27.8993396417 27.6127003261 52.5263681965 52.5263681965 52.5263681965 27.728926004 27.946755322 27.7973498066 27.6858961207 27.5490799501 27.5533081726 28.1167563539 27.6821972282 28.0385861082 50.0195097316 55.4329692836 28.1211267997 27.619664679 27.8689554555 27.921168866 27.5414411527 28.1653559318 27.7317368066 27.5158521052 27.7905934593 61.0043960399 51.2369297815 27.8877647672 27.5496314882 27.6112055811 27.5280033343 27.6330396157 28.1753048561 27.5414443567 28.1248642372 27.9821385051 27.6800463143 27.8655891946 27.5888794238 27.6039107067 45.1807611839 56.3289049187 56.3289049187 56.3289049187 27.9825184178 28.0845098783 28.1563514453 27.54623464 27.7123728264 27.9514923136
27.9508915352 27.7832220782 27.8870528331 27.8676926242 27.6558073608 27.7665206645 27.9423574323 27.9897547313 65.376899443 52.5263681965 50.863121643 27.7918931124 28.1492734538 28.196620612 28.001813611 28.0325103613 28.1618664608 28.1635456723 27.7906469883 28.089055278 55.4329692836 55.4329692836 48.2134879033 27.5573080003 27.5644822321 27.9846939207 27.5870163267 28.0547777602 27.7576948227 28.0421438452 27.9876333246 27.6129229554 61.0043960399 61.0043960399 28.010066072 27.6893317113 27.6977062832 28.1649703783 27.7302883963 28.0118427097 27.9171155127 27.6065889884 27.9022641056 27.9994043695 27.6143781321 28.2007017038 27.5716275252 45.1807611839 45.1807611839 27.6481597267 28.0185906834 27.8390981363 27.994572464 45.8061283818 27.8004372125 28.0035585501
28.0482427121 27.7606763326 27.8234795179 27.8555308319 28.0511564898 27.7973635105 28.0965711261 27.8071575463 27.9628160713 65.3540691601 65.376899443 27.6215219256 28.1199332188 27.6589170609 27.7475621421 27.6840511809 27.9742011027 27.6862079716 27.8750677444 28.0325386204 55.4329692836 55.4329692836 55.4329692836 28.0167376822 27.5687544815 28.0200197906 28.0597266253 27.6980220355 27.5116714342 28.1840530768 27.5918061622 27.8162578953 28.1843339348 27.8852572526 28.0041550369 28.0313067565 49.1430639391 27.9683440607 27.5860067315 50.056573898 50.2505198993 77.0507984481 27.672074337 45.3296944958 51.200607753 51.346602049 51.8787548674 50.8672078962 55.9095131486 50.8672078962 53.2781555846 53.2781555846 61.8123705864 61.8123705864 45.9734118159 27.9552845278
27.8815045066 27.8243664364 27.8845308565 56.0137489277 55.708008192 27.7161832958 27.8832972833 27.922116894 65.3540691601 65.3540691601 65.3540691601 28.2004617869 62.312240173 27.7771315912 27.8299829643 78.1885846848 27.5485013193 28.1773748786 27.7292207674 55.0786843268 61.6499029466 58.7480258161 61.6499029466 47.8178705202 28.0253195114 27.966178459 27.5783102019 78.7988272325 70.4250798481 72.7553495532 51.9004121432 42.5539240958 27.8318160131 63.969853724 62.7228331246 27.8841464256 49.1430639391 49.1430639391 73.0931388723 73.0931388723 77.0507984481 77.0507984481 45.3296944958 45.3296944958 65.6298509478 51.346602049 51.8787548674 51.8787548674 51.8787548674 55.9095131486 27.7259090859 53.2781555846 61.8123705864 61.8123705864 28.0659840943 28.1345174462
60.4167862661 27.9756882834 58.7200264498 58.7200264498 55.708008192 63.7239265944 63.7239265944 79.5349751404 79.5349751404 79.5349751404 59.8751525219 59.8751525219 62.312240173 62.312240173 78.1885846848 78.1885846848 53.0610416801 53.0610416801 61.9351915497 61.9351915497 58.7480258161 58.7480258161 58.7480258161 47.8178705202 47.8178705202 27.7129718809 60.4659882525 78.7988272325 78.7988272325 72.7553495532 72.7553495532 42.5539240958 63.969853724 63.969853724 60.3956119818 60.3956119818 49.1430639391 49.1430639391 73.0931388723 73.0931388723 77.0507984481 77.0507984481 45.3296944958 45.3296944958 51.200607753 51.346602049 60.0335213114 60.0335213114 60.0335213114 60.0335213114 53.2781555846 27.8119984443 61.8123705864 27.8008637649 28.1342244513 27.853893243
60.4167862661 27.7807910985 58.7200264498 58.7200264498 55.708008192 63.7239265944 63.7239265944 27.9083713469 79.5349751404 79.5349751404 59.8751525219 59.8751525219 62.312240173 62.312240173 78.1885846848 78.1885846848 53.0610416801 53.0610416801 61.9351915497 61.9351915497 47.9507414609 47.9507414609 27.8206568608 47.8178705202 47.8178705202 60.4659882525 60.4659882525 78.7988272325 78.7988272325 72.7553495532 72.7553495532 42.5539240958 62.8423158301 63.969853724 27.8372910643 27.6547390201 49.1430639391 27.9629761352 73.0359851573 39.8220080712 28.0802391344 77.0507984481 27.9934783905 27.6911106238 27.9122937055 28.1992295284 27.6265725594 60.0335213114 60.0335213114 27.8601170419 27.7420815964 27.7301906239 27.5646515496 27.5310502946 27.5287739808 28.002150602
27.5668331504 28.1104973912 79.6608138438 56.0137489277 55.708008192 70.9287064646 57.3400258845 27.8153014245 27.5552712222 53.6917838981 59.8751525219 27.8158590452 62.312240173 54.173105825 61.8165723093 78.1885846848 27.7884217567 28.1840496495 56.4552253879 61.9351915497 81.6561498202 80.1948709717 81.6561498202 47.8178705202 27.6680968508 28.1392686985 28.0656233602 27.7205721855 27.5591728176 27.7524164738 28.103463475 27.7771933827 52.7701480227 52.7701480227 52.7701480227 28.0117699191 27.9648805557 27.7586921365 28.0728803878 27.5940006816 27.9041104603 27.9100304823 27.9421376307 27.9306341927 27.8032721703 27.6757271882 27.9543989306 47.9905475081 47.9905475081 27.5126777439 27.8257673337 28.1465708698 28.1390660043 28.0642860696 27.7400074899 27.9515156927
