Spatial_Output/BAU/BAU_0020.asc
NCOLS 155
NROWS 192
XLLCORNER 196307.867259
YLLCORNER 449144.565805
CELLSIZE 33.573938
NODATA_VALUE NaN
[rows 26 to 51 of 192, columns 57 to 113 of 155]
45.9124061697 45.069962213 45.5288038292 45.5884747125 45.4333896034 45.7910558738 74.9294033813 46.0835410296 45.209398002 66.8882110344 67.4386180829 45.0916386115 46.3375989756 45.6783118747 46.2189433317 46.2674427712 45.9769457711 45.3865783475 45.312914689 46.1770643012 45.9141868995 45.0943290757 45.7905540867 45.3955295475 45.2080168819 45.7587276863 0 0 0 0 0 45.7522267468 45.6132765795 45.927658888 46.316431423 46.3030059006 0 0 0 0 45.4238772591 45.1517640822 45.167747443 45.6153420294 45.4052274092 45.9862957201 45.8383989983 45.4727170951 45.0047959891 45.1536411718 46.3459769333 46.1155614024 45.8665326758 46.231958529 45.7325266334 45.4800891016 45.2038621165
46.3287347913 46.1393683268 45.0819807195 45.757670966 46.1802746642 74.9294033813 74.9294033813 74.7110889356 67.4386180829 66.8882110344 66.8882110344 66.8882110344 45.5746398496 45.3851665499 45.3293784209 45.6875055996 45.6239082957 45.0000161011 45.9381518806 45.2001791913 45.8586373116 46.3893068613 45.7839323947 45.9258404117 46.3295526982 45.6811554788 45.0977347081 45.8960932268 45.0054713394 45.092539571 46.3197789455 45.3380486581 45.8348914432 45.5070906868 46.2846702746 46.1248670489 45.0266122572 45.0952111148 0 45.3586740368 45.8941764731 45.7275308015 45.8249415281 45.7426774908 45.07853886 45.6214568475 46.1795043276 46.0653484216 45.4952705461 46.1031680614 45.2447532559 45.1273388887 45.0756508072 45.2470748066 45.9757376631 45.2241985721 45.3026942219
45.3322401059 45.9795468031 46.012542506 45.4353746926 76.2385896207 74.9294033813 74.7110889356 45.4338466773 66.8882110344 66.8882110344 66.8882110344 81.12288895 45.885822886 45.7523845771 45.6617153844 45.988653309 45.9506003326 45.3543139306 45.7092139111 45.3873522783 45.6780165718 45.8767508241 45.845057607 45.2916605508 45.8805863765 45.3180022958 46.2773472302 45.7116899385 46.3122449048 45.0942412955 45.2936372691 45.8159181958 45.6916028987 45.0232110457 46.1229980773 45.0677636026 45.5005773897 45.6830503804 45.2269524352 46.2856019522 45.2869332203 45.6352274438 45.7829766128 46.1476180982 45.5992924732 45.8478196411 45.5998001925 45.0252274563 45.2222354466 45.8195839121 45.9969858723 46.117611852 45.1027297491 46.2501503578 45.6696151202 45.5214950962 45.1636502848
45.833106397 45.8583123773 45.9821637057 65.1046924283 65.1046924283 45.0222141263 46.1046473876 46.2962401099 46.328626869 57.243792787 81.12288895 81.12288895 53.3624196858 45.3156835283 46.0132412409 45.3352862332 45.2885243637 45.3645482538 45.8819384091 45.5374780079 46.3300154362 45.6718039112 46.0451577057 45.6335967274 45.1139001737 45.7200203136 45.2310752896 45.0126920932 46.0569596656 45.0897384184 46.2158683147 46.3038759178 45.803225886 46.1586435536 45.1749214288 45.7197616726 45.8686119612 46.3152604022 46.2968544274 45.3002702402 46.3870724564 45.8675378967 45.129517081 45.2826887169 45.9229424424 45.1128220096 46.0387100183 45.7883095828 45.492551933 45.240676536 45.1595161288 45.5611121254 45.5996255461 46.0877721722 45.525935823 45.8388130542 45.5730000081
45.0777071325 45.1820848151 45.5224075069 65.1046924283 65.1046924283 45.2734764147 45.62551239 79.1523513226 45.2621506939 94.4382008977 53.3624196858 53.3624196858 45.315997258 46.3680032949 46.0896926468 45.2409180643 45.9498472686 45.199088071 45.4646209263 46.1101098038 45.4170211486 45.478119291 46.3866257381 45.0882652158 45.656714135 45.2218838176 46.0968978241 45.4245017782 45.5256469592 45.2566346756 45.9216952309 45.9270283572 45.3043916689 45.4448565763 45.1548355819 45.159674477 45.3398973886 45.8352820148 45.4341627493 46.3765817986 45.549241669 46.0194934962 45.9238676216 45.4240949781 46.1187803419 45.0170657477 46.3364352124 46.08598056 45.4381514944 45.4412551249 46.3236578084 46.2512137077 45.816186235 45.9869724534 46.0709334944 45.9258354969 45.2289058212
45.660946498 46.3269919119 45.8766230581 46.4006764354 45.9232368919 65.648361835 65.648361835 46.3871366144 46.0120389773 94.4382008977 94.4382008977 46.2598998534 45.9909240634 45.7195990503 46.2767880937 46.2359525313 45.6968613787 46.2286494644 45.6027619102 45.1518504267 45.6259105863 46.2004551838 45.2998989749 45.94640227 45.7308011456 45.0926671519 45.8178579718 46.3590584679 45.808343015 46.0764132758 45.9781695724 45.4850894558 45.1456029515 45.0648348387 45.2837280653 46.2561850554 46.3398392827 45.4685731688 46.3414771076 45.7578285888 45.1774858336 46.3374344695 45.8859687065 46.0104154602 46.0243792334 45.613686565 45.7007913294 45.5301192232 46.4100464786 46.1939775389 45.3072019761 45.1199578316 45.0323173035 45.6526544407 45.8433404785 45.4860341162 45.8537045919
45.7742391139 45.7215082059 46.3439110175 45.0901602349 65.4196412889 65.648361835 65.648361835 46.2233484891 46.1065095637 45.5194655441 72.967511677 45.8614740427 45.4800304277 45.6286204786 46.0711768236 45.1463764636 45.7183809987 45.6960662434 45.441241426 45.0603109899 46.0549107122 45.1712240437 45.9559999496 46.3034238518 45.6408310848 45.1431169251 45.1225836517 45.917784365 45.2349742951 46.1927009706 45.4117584415 45.9313099745 46.1695104935 46.2446804428 45.972943953 46.345256723 45.0519706873 46.0945842039 45.8859092346 45.7586939481 46.1301170878 45.8221380017 46.3551972518 45.562010122 45.4424953553 45.7306895959 45.5696040177 45.0987338992 45.4211030883 45.8451621131 45.3451783459 45.6200121295 46.3116977067 45.4308325367 45.4670558801 45.0036595566 45.1500186923
45.5141915711 45.8504280479 45.5523533436 46.2955998583 45.0735629866 45.3872771187 45.1562268475 45.1020682143 46.3309147195 46.0272078143 46.1651998259 45.0548758495 45.4459204971 45.6104832089 46.266223006 45.1299648861 45.6517740595 46.1273569782 45.8445763865 45.8321115608 45.887540252 46.1164750262 45.1428969733 45.2162009569 45.9268216829 45.8194336224 45.5982834186 46.3845280481 45.1100428463 46.0439053033 45.4509284041 45.4735098744 45.8606856829 45.5420094849 45.4779843135 45.9625930036 46.1385623193 46.2460557059 45.1668058639 45.0847954087 45.9880284748 45.7799705597 45.9123786588 45.3608907792 46.1767394876 45.2506615157 46.3005871618 45.6710832644 45.3726821801 45.572390832 46.403651031 45.8759198043 45.5337666223 45.0463315694 45.3717941155 45.3194924779 45.3400951133
45.923388204 45.9206342824 46.129518264 45.0780157247 46.3085863148 46.1204051502 61.5768328629 84.7434796444 45.9449654068 45.4334451879 46.1192909253 45.2433259694 46.0625781267 46.3715812787 45.8400075033 46.0456410997 46.226798508 45.7577088717 45.1188596985 46.3508510842 45.2826035935 45.5404455309 45.2138526099 46.0668825595 45.986533739 46.2338397349 45.339129077 45.9515786677 46.365650873 45.3682197947 45.4814915426 45.1202547221 46.0303037442 46.0705765211 45.6413210981 45.1373514284 46.1861225376 45.0792187075 46.0176143577 46.0985891451 45.957198075 45.1434070032 45.5886635562 45.7231492954 45.5187575882 45.9071640368 45.2811580919 45.840113458 46.4098739367 45.5035445686 45.7041352613 46.1025825406 45.6351926363 45.0238677171 46.3836213694 45.765050206 45.8537411311
46.2203111524 46.3987185911 46.3615959701 45.3881295921 45.4571294165 46.0107862147 84.7434796444 84.7434796444 84.7434796444 45.9590081109 46.28511534 46.1137249707 45.7155945836 46.3354730198 46.0649140463 46.0519630482 45.8939893636 46.3978882856 45.9963903601 45.8670310338 45.5507456471 45.0384922946 46.0613261943 45.0701327303 45.9021268963 46.3094200533 46.4046064559 45.1710532156 45.8123672294 45.3439677118 46.1479284356 45.9112126265 45.7945114713 45.4619663732 45.6175271565 46.3361746316 46.3446386729 45.0789810394 45.0042841741 45.2506353231 46.1007120121 46.1102360731 45.4617265382 45.4916623034 45.7337600277 45.9126056218 45.076323467 45.6598221034 45.9646692777 45.0246183599 45.0204799631 45.2202317246 46.0496268483 45.8787755271 45.8058991769 45.2181917895 45.7430771884
45.9200171399 45.3336985572 45.7563212062 46.1421157521 45.7505001337 45.6568237031 73.462115616 73.462115616 45.3501822156 45.1931949534 46.1285164896 45.5870461493 45.5700151735 45.3276177041 45.1624800004 45.9627162791 45.1207870271 45.6831681641 45.3668119476 45.5492231121 45.2429536292 46.2454804514 45.6649947238 45.4645543442 45.6457958931 46.2555021563 46.2503742656 45.0676888992 45.4292864481 46.1780037545 46.1605378514 45.2414514716 46.3502204848 45.5382182049 45.633502641 45.043324046 45.8937010242 46.131951622 45.8936658396 45.261622714 45.6208751621 46.2678371614 45.8343007847 45.7419338736 46.0989634652 46.2151669784 46.0628522193 45.5394765665 45.1396313894 45.6105641994 45.7566621643 45.1714350503 45.0181397804 45.682462442 46.0020705977 46.4142073515 45.5078965178
45.1321376781 45.4893852665 45.0602660583 45.2532564868 104.3748186569 104.3748186569 73.462115616 73.462115616 73.462115616 46.0165787067 45.1050479424 46.2750768824 45.7787026537 46.3562366886 45.5752694334 45.8953477918 45.8879752044 46.0158828578 45.3679386247 46.3075163458 46.402045862 45.3161407813 46.3179734696 46.3752392011 46.2084793104 46.280631785 46.3784132567 46.2332060556 45.9235841581 45.893952839 46.3506623272 45.4931924041 46.3619124361 45.2190454406 45.398422281 45.6733045458 45.9185735006 45.0103353031 45.1658075608 45.1946885125 45.1214612316 46.0798023937 45.4646115248 45.9387971358 46.0621660568 46.3574743738 45.1407020821 45.7156488639 45.2394252116 45.127470916 45.5103926742 45.5778819897 45.2003898539 46.4055526783 45.4944937305 46.268938218 45.2990756097
45.0003495385 46.3660082328 46.0821751844 45.9521264159 62.9665935922 104.3748186569 46.140953216 45.9680618193 45.3228411076 45.309970751 46.2772431772 45.9552888155 45.6349566307 45.978190568 45.021485676 45.3489651706 45.3229661312 45.323745687 46.2582602866 46.2072836291 46.285989131 45.9015788944 45.6910621463 46.4110132336 46.3674675659 45.7420133361 46.0862235887 46.1938197414 45.9868246614 46.0861604859 45.8336029853 45.263795547 46.1351699925 45.6939900853 45.2138661282 45.3113386639 45.0286987646 46.2677205268 46.0111198063 46.1546333726 46.2284239782 45.1215484236 45.6515185687 45.3915205262 45.3698582196 46.40578611 45.8368542753 45.6573131072 46.3350788233 45.2026363879 45.8613405596 45.9127104704 46.3733242903 45.046403437 46.1540056216 46.1837647099 45.4568067614
46.2526293989 45.723948067 45.6809141692 62.9665935922 62.9665935922 45.3756700279 45.9294882694 45.0829875784 46.3860078838 45.0898579571 45.2987954205 45.6824582685 45.0838106088 45.8927271118 46.0592122779 45.6117396352 45.8346002554 45.5015701646 45.8521340463 45.9012618455 45.9398607374 45.0515782105 45.4762537563 46.0052545273 45.4143434276 46.2748834117 45.8736065378 46.0527597262 45.5345399542 45.4733010701 45.6615176402 45.1609993676 46.2288582841 46.1451314102 46.2169673606 45.5708674596 45.0737862764 45.9922696316 46.2226959333 45.8237121761 45.939165908 46.3328285952 45.106457098 45.5993603988 45.0071454203 45.757133092 45.6952272589 45.0695954291 45.1528069913 46.1494754047 46.0589527615 45.6787702017 45.1541317167 45.4156638659 46.3980445611 45.3352158168 45.0415700216
45.1434071233 45.9581638679 45.4991121117 46.355430283 62.9665935922 45.4499943652 45.3885800274 46.0486722664 45.5551106216 45.410509356 45.4468930561 45.0688447746 45.296754901 45.499873019 46.0187330851 46.322293525 46.021109957 46.1674187139 45.3185711029 45.2627898793 45.5286747782 45.4555496208 45.8746943675 46.3966587953 45.5059757762 46.2383665331 46.0515570901 45.5417115925 45.1359448205 45.1687947887 45.6577302415 46.4037447642 45.5591128116 46.1262590348 45.3440788169 45.7675858156 46.3328317142 45.6400680059 45.1511404154 46.0158440693 45.0322921677 46.1070605589 46.3484567322 45.226983393 45.8143493148 45.6300120907 46.0860322761 46.3552971351 45.5562366227 45.0361705651 45.7256152121 46.1572749161 45.7581811815 45.8812854454 45.2718146265 45.3980465513 45.1127944411
45.8814101395 45.3443638523 45.6768811264 45.8712554864 45.1940873203 46.3805783046 45.6237231224 45.1795471762 46.257910416 45.8915893072 46.2957442104 45.5634453695 45.3151031099 46.1010845055 45.6053658251 46.3470967393 45.1378604274 45.0021155039 45.0738668367 45.7505216942 46.3160082581 46.1385107605 45.7871299153 45.5211200342 45.6530783339 46.1583751484 45.2663529635 46.2966598677 45.9902317022 45.5909288543 45.2896726953 46.1589724092 45.8455613991 46.1800280812 45.6192603221 45.5026111388 46.1680353591 45.0944312737 46.0660880039 45.5366170741 45.2241680807 45.9748391323 46.1355882464 45.4204604198 45.0741165938 45.6759202078 46.2994640877 45.9852632269 45.9301904289 45.2335754086 45.9197436406 45.485218657 45.4620605717 45.0560345301 46.0612857224 45.530543129 45.4070425005
45.1979987887 46.2331892342 45.15633842 45.313393473 45.7927691369 46.1468399801 46.127577052 46.1173667292 46.3894483295 45.3710863196 46.3524056064 45.829327575 45.3085004463 46.2092465219 46.0148885234 45.0619823953 45.4774114001 46.3505174017 45.741919227 45.9245178758 45.7336758649 46.2636383343 45.3762383854 45.288206259 46.3821849549 46.137211207 45.1085556925 46.0507155646 45.0261480278 46.2657805349 45.6509227692 45.9268999142 45.0361459841 46.1664953247 45.6558283699 45.1925596675 46.2696506891 45.3079934305 46.3863021962 45.6086851154 45.4379120438 45.7990254659 45.6402672783 45.7439680563 46.405179638 45.9981465885 45.9233891817 46.2435969032 45.238201285 46.0498872229 46.1975804459 45.2641902547 46.1565774092 45.1640126926 45.8825282722 45.4393946081 45.9604679666
46.0694218804 45.423886407 45.5774731775 45.8689499803 45.6026605181 45.9704142174 45.9369221395 45.9458820297 46.0912910694 45.7353440567 46.0907764808 45.8435212571 45.4596836183 45.1364723696 46.0657090962 45.4391986816 46.2434662675 45.7431533559 45.0062690448 45.2289082365 45.4663874531 46.0560845725 45.7424570657 45.189432889 45.5992764704 46.2383345383 46.1563792741 46.0838574153 45.2182211329 45.119098277 45.2569507475 46.0741922188 45.2968864646 45.1362975827 46.1646664956 45.5839096047 45.8644544126 45.943879732 45.5557854485 46.1452574886 46.1899907282 45.1873335103 45.1746143881 45.8949806084 45.9317590516 45.3320400527 45.2564742748 45.4110176634 45.9512389464 45.0257359107 46.3313899459 45.1177377489 45.0267467742 45.5658555672 45.9623631397 45.5435247737 45.8716708848
45.8722562881 45.4202895104 45.7090366975 45.1530191877 45.8162296772 45.1530880121 45.4125346479 45.6654297508 45.1653657112 45.4159881404 46.1907456549 45.5096676266 45.1259436331 45.9581523646 45.2826637056 45.5952516759 45.8186340183 46.2931895658 46.3917843239 45.6511896343 46.1407166336 45.4647593723 46.0190924502 45.3007340475 45.2449541222 45.6840806165 45.8741490533 46.3579840614 46.366298394 45.0035353447 46.3626818866 46.3616951577 45.6844589874 45.4028371686 45.4439670953 45.6329446201 45.199055653 45.5960236526 45.1434591646 45.391197846 45.7864851211 46.1933658172 46.0536472494 45.8412638444 46.286740476 45.3257352815 45.262326397 45.3580413293 45.0008409664 45.0046174144 45.932171039 45.6556370992 45.069995137 45.9501539079 45.1310233094 46.3948355019 45.8183573891
45.8080577784 45.3545373662 45.3413802531 46.1505751274 46.1556943967 46.244949948 45.7620128062 45.0828733579 45.5769403442 46.1497373449 46.185898404 46.2706329732 46.2608626562 45.9714624395 45.2809921009 45.2003017943 45.0992521935 46.3133256325 45.4462717029 46.0779873735 45.2598639463 45.4726276212 45.4229710478 46.2273182136 45.0732159398 45.8678843173 45.367007031 46.2561717892 45.0393811191 45.769236034 45.1079714659 45.0591357396 46.2532821002 45.4338224309 45.0722874846 45.2463908572 46.0096633753 45.5529181769 45.9853142206 45.6880848692 46.2894903655 46.1966030321 45.7100637287 46.3805374947 46.1788254084 46.2615208501 46.2002618388 45.4876801632 45.1514684391 45.4546646602 45.7601697473 45.1807563557 45.4457117638 45.4399520217 45.7125467838 46.2939187968 69.5817602214
46.0407053182 46.0793948163 45.5945486884 45.921410057 46.3015329955 46.2599934874 45.341176644 46.4139766062 45.926984808 45.5623870603 46.1354710693 45.9741419946 45.3101670025 46.1015903771 45.5139210427 46.3825627253 45.3641796414 46.3576806244 45.4043774279 45.2744004444 46.2746188612 45.3170671073 45.4045688099 46.1503173471 45.1626717007 45.1429881103 46.2237365118 45.9142817748 45.7991930321 45.3285465086 45.3832722004 45.1990914521 45.966899203 45.6762132 45.6857572265 46.1476762571 45.2157811916 45.5052918314 46.4002527748 46.3973116045 45.9080155449 45.5997293383 46.313264425 45.094551112 45.3292546557 45.4917377195 45.3052283321 46.0701606089 46.1643530242 46.0957429716 45.8083125647 46.2133343384 45.4286271988 46.3789283875 46.2128532013 72.0968457599 72.0968457599
45.9664510479 45.009602728 46.1789340536 46.4067560449 46.2538421638 46.3804823558 45.563099947 45.1044263525 46.1726667036 45.3599620892 45.1794116958 46.107238702 45.6322187429 46.3308293465 45.0840513615 46.0993464704 45.6432016254 45.5208646104 45.6990534853 46.2617848079 45.3080518125 46.2870396862 45.991818737 45.2854100801 45.974136647 45.6237045598 45.2451980529 45.8855308968 45.2101473708 45.0196151554 45.8199662945 45.2463222184 45.4769204306 46.3291168586 45.9449709021 45.1869110769 46.1438172949 45.323418028 45.0977108944 45.6145511195 46.2235252229 45.622894354 45.0722500867 45.6837652415 45.9451424987 46.1366756791 45.9711378458 46.4122428452 46.1184259888 45.7478574818 46.2202982073 46.1373052555 45.7942559536 45.8270819995 45.0583228374 60.2747101442 72.0968457599
45.1691801815 46.0557117438 46.0213942485 45.1376728227 45.9780727765 45.2962577583 45.0821335428 46.1835897838 46.1813846843 46.3401608966 45.048690286 45.8774314323 45.6096876504 46.0348292488 45.0533448836 45.384202024 45.8649131349 45.3334107052 46.2258600575 45.9104605663 45.304802555 46.053967361 45.4605094136 46.0307175455 45.0536267584 45.820930136 46.2473616487 45.5250476658 45.5304053789 45.7701247222 45.6589852722 45.6879247972 45.2962447306 45.4368886815 45.9697370085 46.246407034 45.7069750764 45.1849351833 45.2491216263 46.1113004828 45.330136753 45.1816633707 45.2536512993 46.3046084671 45.657898316 45.0178759832 46.1206378622 45.8697265613 45.1586862366 45.9364715601 45.9329199182 45.759457073 45.2579484593 45.826652413 45.7179142318 59.1525722145 58.5436529022
46.0034936693 45.948993488 46.2724335898 46.3643334235 46.2877366122 46.2364743373 46.4049745279 45.0591616472 45.4910119324 45.1798488321 45.9190354006 45.519169285 46.1214233967 45.1048895163 45.2906821821 45.6504490703 46.1125231434 45.2500621615 45.8213113362 45.7577518907 45.9534805761 45.1016747248 46.2358102134 45.7666236031 45.6875657386 46.2014657057 45.453292448 46.1594984956 45.6519844934 45.0943235902 46.1320486362 45.2061634652 45.1868862925 46.3880672215 45.0777641431 45.7362765918 46.1546987052 46.2152262944 46.2835168225 45.5562413692 45.5694315464 45.8461635853 45.1802443987 46.1276791649 45.0362598538 46.3814894645 45.900995783 46.3641749826 45.837963632 46.3505892341 45.2799281489 45.0582168221 46.0240765942 45.4481319502 45.2952928648 59.0833392573 58.8819714025
46.0104494781 45.4064362514 45.7336751464 45.5924769118 46.2594089501 45.3553966719 45.9148259803 45.3529007776 45.550282242 45.159130419 45.1839013179 45.622333435 46.4064599773 45.5414942332 46.2997906586 45.8569410857 46.3949474022 46.0615209174 45.9454612925 45.148369473 45.3728204989 45.2135586006 45.1025936815 45.33627948 45.8440328698 45.1070330668 45.4529155959 46.2910751875 45.4753004534 46.0920873128 45.5010936692 46.1262627768 45.5236783715 45.8117498894 45.6237963235 45.793106449 45.2741924716 45.8313945143 45.9016681132 46.3357083568 45.5534787101 46.4084231156 45.2605000143 45.7268948432 45.863574 45.1715232861 45.0925481747 46.2624719884 45.4982918081 45.2168027555 45.7562694384 45.6583896472 45.6671948298 45.094002891 45.1638601692 62.540164775 64.7804236063
45.8128874205 46.3675760601 46.1787682662 45.7349834085 45.359572312 74.2567934447 46.1867216878 45.2457446588 45.7886206009 45.1826477242 45.2148543666 45.3817637587 46.0626154451 46.0645107595 45.6322533382 45.8649138201 45.1178754291 45.4424610361 45.9372729408 46.1367580683 45.5904556352 46.2012594262 46.0822322837 45.2670806419 46.0080929335 45.5340938043 45.8666312175 45.1562586225 46.1742054104 45.5927510018 45.0455098806 45.9572791703 46.243771142 45.3531263803 45.2183539901 45.499013613 46.2769166012 46.2966590833 45.3681521881 46.0770742855 45.5765769167 45.3910056977 45.6406062768 45.5230491727 46.0234385348 45.4309760231 45.7265500802 45.8410361244 45.1405596396 45.8330799003 45.9213575683 45.5526089408 45.0139484476 45.344320594 46.0619931913 46.2170743172 45.8462172165
