Spatial_Output/BAU/BAU_0560.asc
NCOLS 155
NROWS 192
XLLCORNER 196307.867259
YLLCORNER 449144.565805
CELLSIZE 33.573938
NODATA_VALUE NaN
[rows 50 to 74 of 192, columns 0 to 56 of 155]
27.4117803532 28.1079503131 27.7816093655 27.5526426314 27.5922013063 28.0715362673 28.297496766 26.8198529562 27.9644478198 27.6590549084 27.3005878922 28.5461229474 27.8729347886 27.4986272628 27.2007555651 27.155935192 28.3137514427 27.7652187567 28.0209332549 28.100640965 26.7416321904 27.2986453502 27.6328866626 27.9155791011 27.0606658805 58.6960684654 58.6960684654 27.4453526158 27.5017826439 26.6310118056 26.657826572 63.2047507037 28.2609933181 57.2401270249 71.2460010721 71.2460010721 27.6142888025 60.6335933626 47.1982872859 71.853290151 27.7836754153 27.8471037502 27.0556991684 28.172627288 28.2929545121 27.2137677292 28.2134141122 27.4387086471 27.4259856565 28.1837562189 26.8279305843 27.1719097696 26.8217376508 27.1121487846 26.7922859815 27.5931195614 26.9596932704
26.7969913336 28.1732706838 26.5871710145 26.9437077058 28.0143311386 27.4700291323 28.2247374728 27.6636133543 27.234454766 28.3443984189 28.2556593518 27.1933757944 27.6852040535 28.5499705101 28.3120733289 28.1208694212 26.7755186866 28.6056471394 27.531167376 28.1266096493 28.2533803927 26.6700037416 27.868707989 56.006711066 44.5730483363 58.6960684654 58.6960684654 67.0198074626 27.6795757385 73.8431306314 28.3658282805 26.7339092272 43.3280801862 27.2128228227 60.0285382227 28.4548206409 27.644931233 47.4748347921 60.6335933626 27.0165739097 27.083301156 26.793796892 28.0861247836 27.1813660657 28.559772678 26.9462111458 56.1290470605 43.4051676363 42.3049692193 27.0938910294 26.8852402334 27.7558761913 27.2257397119 26.6622659613 26.6462858715 27.8127183258 27.5737030351
26.8189188247 27.9695252744 28.1414080487 27.889602572 27.191530456 26.6327526947 27.2480738336 27.4275156322 27.2945038464 28.2552626925 27.2018529497 28.3298021402 27.0310494183 28.0427004233 28.2881724326 28.1988171508 27.4710031094 27.4170048523 26.5999665243 27.3433544333 28.4856406392 27.4404549091 57.825129124 57.825129124 44.5730483363 44.5730483363 44.5730483363 67.0198074626 73.8431306314 73.8431306314 27.0641019621 28.4437582923 43.3280801862 43.2576875349 60.0285382227 51.1444639313 51.1444639313 47.4748347921 46.1459986291 48.677889865 48.677889865 28.4608753589 46.363173744 63.7152977266 56.5638388349 52.6767679601 56.1290470605 43.4051676363 43.4051676363 42.3049692193 37.7588055895 43.6950571352 26.6081823919 27.5310396493 27.274386871 28.2619553528 28.2425835494
28.2480940162 26.5266848943 28.1827838284 27.0370391207 27.0559028077 27.1538805367 26.739553861 27.9920000466 27.4812343116 27.5991749671 27.4580095409 28.2834310073 26.6961942803 27.1032459874 28.3416151991 28.1891995453 27.3387106443 27.4747314292 27.5727568977 27.8654007114 27.5466885251 28.1255502832 57.825129124 57.825129124 57.825129124 69.4693141671 27.112386855 26.5249083356 73.8431306314 73.8431306314 26.6846091015 27.1405056932 27.4014581033 60.0285382227 60.0285382227 51.1444639313 51.1444639313 47.4748347921 47.4748347921 48.677889865 48.677889865 28.4506649405 46.363173744 56.5638388349 56.5638388349 56.5638388349 38.9160505043 43.4051676363 41.1107515772 27.3185904108 26.5874802356 37.7588055895 80.8585507879 80.8585507879 28.0614142025 27.3856925875 54.8092737802
27.2737872741 27.1587599832 27.1868093087 26.5112611879 28.0133715111 27.7492908542 28.4393373119 27.3566422524 26.5210916289 28.3936601658 27.0366445413 27.8263807684 27.1530075505 27.4946728237 28.5652126213 28.369567348 27.8637137173 26.6841594388 28.082288804 27.2104811303 27.3524003642 28.320330993 47.0072680012 57.825129124 47.0072680012 69.4693141671 27.6548051347 27.3175571877 27.2811560292 28.3837616302 59.1559086313 27.3591652702 28.0675151028 27.2561052177 27.1056755501 51.1444639313 53.6228864068 59.4785503638 59.4785503638 59.4785503638 48.677889865 56.8708371018 46.363173744 63.7152977266 56.5638388349 56.5638388349 52.6767679601 26.5536767381 27.8945034408 26.8596630937 37.7588055895 27.6894173387 40.6896292241 80.8585507879 28.3378652123 27.2558814043 27.7405431202
0 28.1940087355 28.3513484756 26.8796304015 27.2962892368 27.8604994632 27.5894652946 28.6138706022 27.6648329228 28.2714990341 27.1461799702 28.3144892897 28.5793530462 28.28051247 27.7230703196 27.4267433824 27.0857732471 27.4413388271 27.9179837737 27.9835758098 27.4670421387 26.9752916323 27.3279957324 49.3828027202 28.3073995594 26.8824890229 26.9579340022 27.8940796506 27.567811116 28.5050764413 46.273197753 59.1559086313 46.273197753 28.0040860088 27.0183274197 27.6005087126 26.9347864482 26.8436582373 56.1117713655 42.9225041952 47.965451633 61.8162931851 28.3247219063 26.8607308715 26.6613212333 27.1752131864 26.6978288497 27.0762801057 28.5648314746 27.5387185726 27.4530914955 27.6061889474 26.8104789367 27.2248983463 28.2158102901 27.6518263381 27.1348081216
0 0 27.0873948956 27.1257274388 27.4206257853 26.9715865365 28.2604240522 27.5390408063 27.9693937493 26.9502148689 28.4049999623 27.642412967 27.9544292504 27.7554933582 26.9302270135 27.5559173537 27.7546444136 28.2906463124 26.6433019046 28.1530364061 28.5492411919 28.1936623646 27.7605490399 54.787769486 54.787769486 43.6290430036 70.3610042719 28.2079782099 26.8643846533 27.0693467785 28.0877577753 28.0353048437 27.8654698768 27.649548723 27.2889900479 28.0078957827 27.9374753864 27.4918401498 27.0408747918 45.64561019 42.9225041952 26.8863042145 27.3110004249 26.9325319654 28.6209827092 28.5205603636 27.0244052224 26.791103735 28.609818698 28.524274573 28.4600705184 27.5233056752 28.2157737929 26.8186525196 28.0244945139 28.1554097315 46.6892711678
0 0 0 28.3824172424 27.82885901 26.9114924986 28.3075604592 26.7469523848 26.8900232169 26.8205294531 27.5636644903 28.4235544419 27.8795407616 27.0834635165 27.3544958625 26.7866033613 27.0748724649 28.2792708803 27.1146244871 28.4681885562 26.8585035406 28.1031416562 27.1720769921 54.787769486 43.6290430036 43.6290430036 70.3610042719 70.3610042719 27.8077718452 27.8114310181 27.5287974891 28.3991182262 28.1146904154 28.3735666899 28.075545119 28.2345154211 26.9162735601 28.2450059952 27.0134796113 27.9056728313 70.2830785505 70.2830785505 27.4281368852 26.7274411256 27.145466852 27.4371408082 28.0225949207 27.6841032003 27.9133521001 27.1935161579 27.737175684 27.0504423271 28.2416544175 27.0517396071 27.7311428259 28.1953237378 27.4024930018
0 0 0 0 27.3301108757 27.8887957396 27.2800191197 26.7200027555 27.1340298023 28.1366857678 27.5869837403 26.9739938655 28.1106287826 26.8450332513 27.2107032314 26.7918054443 27.2518287681 27.5302296371 26.5904125752 28.1621524013 26.9755673488 27.2314863234 27.5663359334 26.7079979408 43.6290430036 43.6290430036 70.3610042719 70.3610042719 27.26477451 26.9262808334 27.3794040698 27.0958993977 27.8072974551 27.2093240265 27.2216552427 27.3803850664 27.0780911515 26.6379216049 49.2598827243 26.9923546729 59.8794648784 59.8794648784 28.0843606949 27.446910622 27.137430478 28.5358410084 27.424969074 26.6033808473 27.552182834 26.5166098498 28.547997894 26.7802249338 27.261499967 28.4738634573 27.6640472689 28.3233207333 27.0146359688
0 0 0 0 26.8841498125 28.1563077985 27.8357962503 28.1403733256 26.854845948 27.1708587376 28.5705831761 28.5660586111 26.7553561473 27.2225411187 28.1334899377 27.7657216488 28.5224398541 27.4272492444 27.0743839933 27.0567659861 26.6996837461 28.5023747111 28.4745838962 28.5727120582 26.7550196543 47.2299744651 47.2299744651 47.2299744651 27.5151026885 28.3739029427 27.9429509143 58.7588160391 58.4540269903 28.5883902098 27.4064166509 26.8609180108 28.2680228672 26.5237966889 27.1030633629 59.8794648784 59.8794648784 59.8794648784 28.2760299252 27.8732634237 27.235485768 28.4698413546 28.2778003074 28.6060691938 28.4747483712 28.3221035632 27.3041804777 27.3296080002 28.1770326467 27.267440004 28.4466404353 26.5031489828 60.2684804621
0 0 0 0 0 26.8646265726 27.8728603524 27.3966034928 26.5995873162 28.5511895469 28.370391276 27.4768342071 27.6473802877 26.8151439685 28.590949708 27.8869538579 28.5423767742 28.2572706965 28.072922426 26.977213418 26.7532088415 28.1561897709 26.5292266416 28.2811624816 27.9712824635 47.2299744651 47.2299744651 58.9648049231 50.3593604728 50.3593604728 27.1750596034 58.7588160391 27.5824130515 28.0164304103 27.7424142382 28.0394391693 28.0435827892 26.824068977 27.6004809064 28.247980187 26.807329041 26.852372984 26.7281188478 27.1918709985 27.3989295134 26.5144358834 28.3582960489 27.3472867608 26.5009082671 28.0191318533 28.3993021075 26.5095039018 27.2674221715 27.0897515867 28.3431920587 26.5308013191 49.579483364
0 0 0 0 0 26.9186982383 27.30485666 28.2910715706 28.5321835963 26.8245288105 28.1768808447 26.6370407804 26.7956652277 28.4866059706 26.9401435696 28.1387143189 28.5213476433 27.8963291816 26.7356102881 26.7525076012 27.5414892666 26.830183368 26.544349616 27.4413554816 26.5788425217 73.0330244754 49.5469459504 27.4751416151 50.3593604728 50.3593604728 65.5683350828 58.7588160391 58.7588160391 27.0089560211 63.0101345209 26.9357140063 27.81864868 28.2501380797 27.3687219295 28.5209138942 28.157108038 27.2598810745 28.1653227677 26.7081441592 28.5616236216 27.1476197136 28.419681747 27.5875779992 27.2441311336 27.5614210932 26.7413942399 27.7437234585 27.6589510893 26.5012311482 27.906922753 27.4658258169 27.2854631392
0 0 0 0 0 27.9529204768 27.4730153679 27.2769965581 28.3761010811 27.813926252 26.6083906296 28.2373147957 27.750134875 27.5490930756 28.5421749429 28.5050356709 27.5899259349 27.3022498281 26.6718562239 28.2623769678 27.8989249477 26.6116987198 28.3394692689 28.2663408736 28.4433549855 50.9654878366 50.9654878366 50.9654878366 50.9654878366 28.5160229045 28.0261280653 27.3716305065 28.6010605372 27.6932137153 28.3710473846 26.6417494495 27.6346291529 27.572171557 27.5405890739 27.954390218 27.2579975713 52.3419432053 26.9263036093 27.1535048996 28.5032279004 27.4718790672 28.4780537626 27.6889897533 27.1773857262 26.8953908094 27.778238405 28.2070987139 27.4807744684 26.5694217737 26.978264726 26.7279802488 26.949360083
0 0 0 0 0 0 28.1249628516 26.5951436462 27.8355873894 27.4684207545 28.0214905812 28.4626322495 26.7094831787 28.2450324677 26.8196885357 27.0862470881 26.6479405002 27.1787152495 27.6787914897 27.6602377897 26.5364147748 27.0346394787 27.3472880304 27.6126328716 27.8618773185 27.3987409537 26.5952021545 50.9654878366 27.4763967956 26.8622471235 28.4048447978 27.7445657112 27.7245769129 28.2816155155 28.5315743654 27.3343830955 27.8087862318 26.7706799602 27.9802727173 27.8861751568 26.7865256389 26.9454338926 27.1192691696 27.6540318111 27.4631195633 27.993141687 27.2829875444 28.5670379695 26.5247059541 27.1550274665 27.7599153615 27.5097420154 27.1945525879 27.0658129279 26.6890615847 28.5867343487 27.1630340612
0 50.6543402332 61.609138521 63.162841419 90.4520669693 90.1341036086 90.1341036086 27.2262919126 27.2832235318 28.2211963191 28.4949774484 26.8521720224 27.6622029104 27.1182071999 27.0264378217 26.5276384113 27.7530121888 27.9245863237 27.9793355008 27.9734947116 27.8241326144 28.0604802406 27.6184602244 27.692301226 28.1224575756 28.5694943818 64.1179510593 50.5367072749 50.5367072749 27.0275393793 26.8186933956 28.3830054169 27.2242180198 28.0552351146 28.1862736639 27.0419008852 28.1748971919 28.089533462 27.3971292918 26.663082557 28.1477155499 28.1009741461 27.6057386762 26.7699887624 28.4794717986 28.1206886049 26.5019476311 27.8736251276 26.8785992312 27.8493594043 27.8590084898 27.3619844156 27.2834870862 27.8011134705 27.178743259 27.8702899076 28.6052641764
0 61.609138521 63.162841419 63.162841419 90.1341036086 90.1341036086 62.2621900181 62.2621900181 27.3773239514 26.9215250205 26.5547407083 27.3723152624 27.5109940817 27.1131051293 26.5024311905 27.5773375536 28.0937266806 28.0345451103 27.9192855821 27.2124011156 64.3445490571 26.856338006 46.803742581 27.9000052977 59.869862448 28.4616564149 50.5367072749 51.9063546748 50.5367072749 26.6774132186 28.3398376268 27.9053869269 57.0058666989 27.6474456682 51.2402341717 26.5213130724 27.028987057 27.7475318814 27.2294283967 27.0024883978 26.5876186547 26.7442289035 27.0589090874 27.4790072507 26.5053598255 27.1498306448 27.3268662715 28.5038604662 27.839874133 27.6446992987 27.6373565591 27.5787784781 27.8786333039 26.6821072418 27.8921023841 27.3673850277 27.2882023885
0 60.2311324439 61.609138521 63.162841419 90.4520669693 90.1341036086 90.6405124486 62.2621900181 50.7790491799 61.7129049488 26.7699794131 28.4950060992 28.6014702418 26.7594643261 26.8199482905 27.8606260357 27.8318014433 28.1475563412 27.8637116658 64.3445490571 64.3445490571 45.303499601 46.803742581 55.6994874142 59.869862448 59.869862448 51.9063546748 51.9063546748 51.9063546748 27.5112944289 28.3437659847 62.801338491 58.0190162677 58.0190162677 51.2402341717 51.2402341717 28.3275999998 27.4024829833 28.3448120202 27.4097944924 68.016542472 68.016542472 28.2351408632 28.4145297577 27.008968069 28.2513243096 28.1144245745 27.9327339053 28.0130116912 27.4448229841 28.2211236592 27.7139093554 27.6775426695 27.8805016876 27.0262040495 58.4993697154 51.4857437861
0 51.5703598369 71.132944641 71.132944641 51.5517096604 54.9923665775 54.9923665775 46.569398601 55.384239018 61.7129049488 55.1260571532 26.9136377403 26.5631415446 28.583699755 26.7836599979 26.9089732392 26.548599177 27.1398352417 26.5277693868 63.4936537024 45.303499601 45.303499601 46.803742581 55.6994874142 59.869862448 51.574336263 26.5708545758 26.5522072584 26.829825385 26.7576391414 62.801338491 58.0190162677 58.0190162677 58.0190162677 51.2402341717 68.5633545773 27.1394288274 27.231585571 28.2543233083 64.263647366 27.0836425121 27.3127406332 26.8275604476 27.2299596495 27.0938350275 26.5396236304 27.7483733386 27.5762649947 27.9413271683 26.7650468456 26.8447543912 28.0262305817 27.6225427482 26.7304302265 28.2064928051 58.7574810075 58.7574810075
0 71.132944641 71.132944641 71.132944641 54.9589007978 54.9923665775 54.9923665775 46.569398601 55.384239018 27.8606914325 26.5429674789 26.9686900985 27.7816328646 27.8317617285 26.572143115 26.8565385153 27.1374819366 27.5598247783 46.1487001356 46.1487001356 28.5660750703 45.303499601 27.9816109484 55.6994874142 28.154548092 27.0951115337 28.0127639423 26.7242768569 26.7497152636 55.1696870919 55.1696870919 62.801338491 58.0190162677 68.5633545773 68.5633545773 68.5633545773 46.2700742403 27.7120993545 64.263647366 64.263647366 49.9343309446 26.6817698978 49.9343309446 27.5174606719 27.4083853737 27.1248038771 28.0254398126 28.500947001 26.7343635374 26.8849225666 26.9939104428 28.0875859731 28.5966561335 28.1178417005 28.4198886891 58.7574810075 58.7574810075
0 0 71.132944641 0 51.5517096604 54.9589007978 54.9923665775 0 46.569398601 28.1727380316 27.913623755 26.7229319077 26.6376286141 28.3546837626 28.1873111956 27.9282930379 27.9440160906 27.9273932173 46.1333120723 27.1697977252 28.195415252 27.2687658823 27.4180977553 28.2009222308 27.1925809659 27.9464944552 27.4798777378 27.8078451226 26.7697742894 27.376270781 28.6187067767 27.8190395788 27.6301951881 27.5162313018 56.3221039262 68.5633545773 46.2700742403 27.6776045339 28.2376065262 27.2909661577 28.5486613114 26.6746753821 37.4588671536 27.5093505361 26.6617984264 27.3541274438 27.5533543351 27.4807163543 27.9206163139 27.6977804061 27.7346978704 27.9398911342 27.0807011837 27.8116317739 28.3604612765 28.0186687828 27.5083786657
0 0 0 0 0 0 0 0 0 26.6989088421 26.5419775614 27.9664869339 26.5929550915 27.8655561675 27.6738009925 27.6495272632 28.5154978958 27.5584236348 27.8944388357 26.5684508115 28.1794020283 27.265792588 27.8499385345 27.753064223 27.1917103802 27.0959287039 28.4640396101 26.6498797673 28.055597198 27.4337366305 27.2224679809 27.1784636332 27.6157461825 27.2760715164 26.5033793139 48.6752849952 27.2899551958 45.2378874647 26.8147483805 27.685713355 27.2891807238 37.4588671536 27.5585856621 27.5000554237 27.2853504297 28.2744944206 26.7705477068 27.130763183 27.8063845117 28.1212236125 26.9881555749 28.4936111851 27.5063770671 28.3760234043 27.9585607637 27.3374499702 27.4580654557
0 0 0 0 0 0 0 0 0 28.5549313532 27.4931198218 27.853260742 26.6363209977 28.4770104057 28.3970366303 27.0923632136 27.241648399 26.5203825059 27.2009947291 26.5370353061 27.2112904211 28.1180528348 27.299396382 28.0265702789 27.1612222019 28.5725261218 28.4007355562 27.8668691814 28.4427086122 69.4140680116 69.4140680116 27.898606244 27.2282996233 28.5314639802 48.6752849952 53.6790941128 53.6790941128 45.2378874647 26.756568231 26.5875330282 54.1192102798 50.4935328381 27.181391612 28.2069737686 27.0547183193 26.5899606893 27.0485659197 26.6993528832 28.0941180479 27.1107971161 26.6951819492 26.6871396042 27.6129064486 28.3774835279 26.5241927228 27.7233076324 52.7875519685
0 0 0 0 0 0 0 0 0 26.5359944844 28.4566002381 26.9183562479 27.3703986941 27.8267142981 28.3585676639 27.2927339479 26.7817483414 27.1995817594 28.3414660517 27.1587837778 28.5316846533 27.2479854217 26.741996186 27.6770612187 27.8674680081 27.9794849311 27.2860701679 27.5761586994 69.4140680116 69.4140680116 69.4140680116 28.3681494874 28.4264567831 27.5718987316 56.1838128245 53.6790941128 53.6790941128 51.5382474344 27.2442077461 26.7186400636 61.4226122391 61.4226122391 61.4226122391 28.035942709 28.4664550862 27.185721392 26.8249841966 26.9805368927 28.093758887 26.5308860996 26.500943715 27.0758517325 28.4921683237 28.4049927972 28.0627596663 28.0470092501 27.9666448867
0 0 0 0 0 0 0 0 0 27.1367466317 27.6465922946 27.1467874908 26.58873038 26.6879254941 26.6722465758 27.8594446835 27.3171880102 27.4677221247 27.2688404852 27.6526444682 27.3850139981 27.7648713095 27.077674036 28.1071607808 26.6873648485 27.4895578965 28.2004707013 26.8978718498 67.1864047752 28.3408353572 27.4256131163 27.7900668531 27.5628112169 26.5339712527 27.6458754539 51.5382474344 56.4546412532 52.9354918173 28.2972656138 27.0149935879 58.2259459533 58.2259459533 58.2259459533 27.4243628479 26.9442472803 28.3199866253 27.264793208 26.5033203896 28.490635741 27.699951951 27.2740861087 28.2555900528 27.492022006 28.1609895226 26.6392124828 43.2299879289 43.2299879289
0 69.2314019752 80.1236992038 0 58.3068292644 72.2944043687 68.3628347603 0 0 0 28.4979289105 27.6185270404 27.4931556028 27.4316184033 27.8713776471 27.5563215019 27.873782204 26.6283526013 26.6826857291 27.4662119873 26.7704958981 28.0252589764 27.02495016 26.8157845012 26.701588584 27.0231122997 26.8267078289 27.6941612501 47.1640627747 26.7057650231 58.2051566436 27.9927784907 28.4326077571 26.5311888035 28.0455316738 64.24114026 56.4546412532 56.4546412532 56.4546412532 26.8102251157 60.9526502829 58.2259459533 60.9526502829 27.9545858608 27.1186351167 27.073459925 28.3895604831 27.0904132177 27.9944659586 28.2644414417 27.4313023109 27.4206402413 27.8451133628 27.2604091039 27.2808291652 43.2299879289 43.2299879289
