Spatial_Output/BAU/BAU_0875.asc
NCOLS 155
NROWS 192
XLLCORNER 196307.867259
YLLCORNER 449144.565805
CELLSIZE 33.573938
NODATA_VALUE NaN
[rows 108 to 143 of 192, columns 0 to 80 of 155]
0 0 0 0 0 0 0 0 0 0 0 0 0 0 0 0 0 0 0 0 0 0 0 50.37929478 46.9790129585 46.9790129585 38.4640072516 38.4640072516 19 19 19 19 19 19 19 19 19 19 19 19 19 19 19 19 19 19 19 19 37.4383237474 37.4383237474 37.4383237474 19 19 19 40.7803325686 40.7803325686 70.8299895046 19 19 19 19 19 19 19 54.2186522319 19 19 19 19 19 19 19 19 19 19 19 64.5450833262 64.5450833262 19 19 19
0 0 0 0 0 0 0 0 0 0 0 0 0 0 0 0 0 0 0 0 0 0 0 50.37929478 50.37929478 0 0 0 19 19 19 19 19 19 19 19 19 19 19 19 19 19 19 19 19 19 19 19 45.9213397504 37.4383237474 51.8382574092 19 19 19 40.7803325686 40.7803325686 40.7803325686 19 19 19 19 19 19 19 54.2186522319 19 19 19 19 19 19 19 19 19 19 68.1619105106 38.7892610748 58.4512944263 62.0138471582 19 19
0 0 0 0 0 0 0 0 0 0 0 0 0 0 0 0 0 0 0 0 0 0 50.37929478 50.37929478 50.37929478 0 0 0 0 19 19 19 19 19 19 19 19 19 19 19 19 19 19 19 19 19 19 19 19 55.9790481367 19 19 19 54.8050133829 49.4959166575 49.4959166575 49.4959166575 36.0934330846 37.4688565 39.4927970877 19 56.8797073411 73.969882886 19 46.1749196827 19 19 19 50.7204801566 36.8435608139 47.527713594 77.3823216774 19 19 19 58.4512944263 58.4512944263 58.4512944263 58.4512944263 45.7209167341 19
0 0 0 0 0 0 0 0 0 0 0 0 0 0 0 0 0 0 0 0 0 50.37929478 50.37929478 50.37929478 0 0 0 0 0 19 19 19 19 19 19 19 19 19 19 19 19 19 19 19 19 19 19 19 19 49.2311505072 19 19 19 47.9418568441 36.4579523942 49.4959166575 49.4959166575 58.9513932892 44.315095503 41.0703509325 41.0703509325 73.969882886 73.969882886 46.1749196827 55.7032878531 55.7032878531 19 19 36.8435608139 36.8435608139 47.527713594 51.4601003463 19 19 19 19 19 19 19 19 57.4411697778
0 0 0 0 0 0 0 0 0 0 0 0 0 0 0 0 0 0 0 0 0 50.37929478 50.37929478 0 0 0 0 0 0 0 19 19 19 19 19 19 19 19 19 19 19 19 19 19 19 19 19 19 19 43.8074756185 19 19 39.6770155922 39.6770155922 39.6770155922 36.4579523942 58.9513932892 58.9513932892 44.315095503 41.0703509325 41.0703509325 73.969882886 73.969882886 55.7032878531 55.7032878531 55.7032878531 19 19 36.8435608139 36.8435608139 47.527713594 51.4601003463 19 19 19 19 19 19 45.7209167341 19 19
0 0 0 0 0 0 0 0 0 0 0 0 0 0 0 0 0 0 0 0 0 0 0 0 0 0 0 0 0 0 0 19 19 19 19 19 19 19 19 19 19 19 19 19 19 19 19 19 43.8074756185 43.8074756185 43.8074756185 49.2311505072 19 39.6770155922 39.6770155922 48.5198223443 48.5198223443 19 37.4688565 41.0703509325 45.8700587881 60.0193703774 73.969882886 55.2893527054 55.2893527054 50.4863457522 19 19 19 19 19 19 19 19 19 19 19 19 19 19 19
0 0 0 0 0 0 0 0 0 0 0 0 0 0 0 0 0 0 0 0 0 0 0 0 0 0 0 0 0 0 0 19 19 19 19 19 19 19 19 19 19 19 19 19 19 19 19 19 49.2311505072 43.8074756185 43.8074756185 36.8668173831 37.3253091755 37.3253091755 37.3253091755 19 19 19 19 19 19 19 19 55.2893527054 55.2893527054 55.2893527054 19 19 19 19 19 19 19 19 19 19 19 19 19 19 19
0 0 0 0 0 0 0 0 0 0 0 0 0 0 0 0 0 0 0 0 0 0 0 0 0 0 0 0 0 0 0 0 19 19 19 19 19 19 19 19 19 19 19 19 19 19 19 19 19 19 36.8668173831 36.8668173831 36.8668173831 37.3253091755 37.3253091755 32.3730235531 19 19 19 19 19 19 19 19 19 19 19 19 19 19 19 19 19 19 19 19 19 19 19 19 19
0 0 0 0 0 0 0 0 0 0 0 0 0 0 0 0 0 0 0 0 0 0 0 0 0 0 0 0 0 0 0 0 19 19 19 19 19 19 19 19 19 19 19 19 19 19 19 19 19 19 19 19 19 55.2866319362 36.5122317559 36.5122317559 19 19 19 19 19 19 19 19 19 19 19 19 19 19 19 19 19 19 19 19 19 19 19 19 19
0 0 0 0 0 0 0 0 0 0 0 0 0 0 0 0 0 0 0 0 0 0 0 0 0 0 0 0 0 0 0 0 0 19 19 19 19 19 19 19 19 19 19 19 19 19 19 19 19 19 19 19 19 19 52.0535618389 52.0535618389 52.0535618389 19 19 19 19 19 54.3582862458 54.3582862458 52.2544062604 19 19 19 19 19 19 19 19 19 19 19 19 41.4120776091 41.4120776091 19 19
0 0 0 0 0 0 0 0 0 0 0 0 0 0 0 0 0 0 0 0 0 0 0 0 0 0 0 0 0 0 0 0 0 19 19 19 19 19 19 19 19 19 19 19 19 19 19 19 19 19 19 52.6287118757 19 19 52.0535618389 52.0535618389 70.4535348739 19 19 19 19 19 54.3582862458 54.3582862458 64.2272604804 19 19 19 19 19 19 19 19 19 19 19 19 41.4120776091 41.4120776091 41.4120776091 19
0 0 0 0 0 0 0 0 0 0 0 0 0 0 0 0 0 0 0 0 0 0 0 0 0 0 0 0 0 0 0 0 0 0 19 19 19 19 19 19 19 19 45.2368460481 45.8869805348 19 19 19 19 41.9900192401 19 19 52.6287118757 52.6287118757 19 70.4535348739 39.8044425648 19 19 52.3771026305 19 19 19 55.2172883859 55.2172883859 55.2172883859 19 19 19 19 19 19 19 19 19 19 19 19 19 19 41.4120776091 19
0 0 0 0 0 0 0 0 0 0 0 0 0 0 0 0 0 0 0 0 0 0 0 0 0 0 0 0 0 0 0 0 0 0 0 19 19 19 19 19 46.9551246055 43.4022423709 43.4022423709 45.8869805348 45.8869805348 19 19 19 19 41.9900192401 19 52.6287118757 19 54.934231948 54.934231948 19 52.3771026305 52.3771026305 52.3771026305 19 19 19 19 19 19 19 19 19 19 19 19 19 19 19 19 19 19 19 19 55.8682347023 55.8682347023
0 0 0 0 0 0 0 0 0 0 0 0 0 0 0 0 0 0 0 0 0 0 0 0 0 0 0 0 0 0 0 0 0 0 0 19 19 19 44.455739143 38.6791772585 46.9551246055 46.9551246055 43.4022423709 45.8869805348 45.8869805348 19 19 38.8810438896 38.8810438896 38.8810438896 19 19 19 19 19 19 52.3771026305 52.3771026305 19 19 19 19 19 19 19 19 19 19 19 19 19 19 19 19 19 19 19 19 19 55.8682347023 55.8682347023
0 0 0 0 0 0 0 0 0 0 0 0 0 0 0 0 0 0 0 0 0 0 0 0 0 0 0 0 0 0 0 0 0 48.4458351068 46.0439592775 34.2588571024 40.461672675 40.461672675 44.455739143 44.455739143 46.9551246055 46.9551246055 43.4022423709 19 19 19 19 38.8810438896 38.8810438896 59.1995836335 19 19 19 19 19 19 19 52.3771026305 19 19 19 19 19 19 19 19 19 19 19 19 19 19 19 19 19 19 19 19 19 55.8682347023 55.8682347023
0 0 0 0 0 0 0 0 0 0 0 0 0 0 0 0 0 0 0 0 0 0 0 0 0 0 0 0 0 0 68.5963809928 40.4301407631 29.9139993303 40.2483846904 32.162701857 34.2588571024 40.461672675 40.461672675 44.455739143 19 38.6791772585 19 19 19 19 19 50.078372435 50.078372435 50.078372435 19 19 19 19 19 19 19 19 19 19 41.1378219626 41.1378219626 41.1378219626 19 19 19 19 19 19 19 19 19 19 19 19 19 19 19 19 19 40.831001595 42.7232602728
0 0 0 0 0 0 0 0 0 0 0 0 0 0 0 0 0 0 0 0 0 0 0 0 0 0 0 0 42.339781604 49.5531994059 68.5963809928 40.4301407631 40.1615229013 36.2575747757 43.4715499894 46.0439592775 34.2588571024 40.461672675 19 19 19 19 19 19 19 19 19 50.078372435 50.078372435 19 19 19 19 19 19 19 19 19 19 41.1378219626 41.1378219626 19 19 19 19 19 19 19 19 19 19 19 19 19 19 19 19 19 19 42.7232602728 42.7232602728
0 0 0 0 0 0 0 0 0 0 0 0 0 0 0 0 0 0 0 0 0 0 0 0 0 37.5995568224 37.5995568224 37.5995568224 54.7292598508 49.5531994059 40.4301407631 40.4301407631 42.7572186263 42.015449874 32.8618006911 54.7063549248 0 0 19 19 19 19 19 19 19 19 19 19 19 19 19 19 19 19 19 19 19 19 19 19 53.8766113479 36.4881532126 19 19 19 19 19 19 19 19 19 19 19 19 19 19 19 19 19 19 49.2465589164
0 0 0 0 0 0 0 0 0 0 0 0 0 0 0 0 0 0 0 0 0 0 0 0 0 37.5995568224 37.5995568224 37.5995568224 54.7292598508 49.5531994059 49.5531994059 68.5963809928 51.6051166195 55.145741716 0 0 0 0 19 19 19 19 19 19 19 19 40.2973983122 19 19 19 19 19 19 58.3408592465 39.9345001475 39.9345001475 40.6783325027 43.2831405962 43.2831405962 43.2831405962 53.8766113479 19 19 19 19 19 19 19 19 19 19 19 19 19 19 19 19 19 19 37.8750365222 49.2465589164
0 0 0 0 0 0 0 0 0 0 0 0 0 0 0 0 0 0 0 0 0 0 0 0 0 57.1963571753 37.5995568224 37.5995568224 54.7292598508 50.6089134352 0 0 0 0 0 0 0 0 0 19 19 19 19 19 19 77.809393278 49.2406391009 40.2973983122 19 19 19 50.6296686181 50.6296686181 39.9345001475 39.9345001475 39.9345001475 40.6783325027 50.0621710902 43.2831405962 43.2831405962 19 36.4881532126 19 19 19 19 19 19 19 19 19 19 40.0883178049 19 19 19 19 19 19 19 19
0 0 0 0 0 0 0 0 0 0 0 0 0 0 0 0 0 0 0 0 0 0 0 0 0 0 0 0 0 0 0 0 0 0 0 0 0 0 0 0 19 19 19 19 19 49.2406391009 45.7180235928 50.2783038007 19 53.1530730064 19 50.6296686181 50.6296686181 39.9345001475 39.9345001475 39.9345001475 40.6783325027 50.0621710902 19 19 19 19 19 19 19 62.7668406558 19 19 46.2909218371 46.2909218371 48.200311096 48.200311096 40.0883178049 40.0883178049 19 19 19 19 19 19 35.9597512179
0 0 0 0 0 0 0 0 0 0 0 0 0 0 0 0 0 0 0 0 0 0 0 0 0 0 0 0 0 0 0 0 0 0 0 0 0 0 0 0 0 19 19 19 45.7180235928 45.7180235928 45.7180235928 49.2406391009 19 19 19 19 19 19 19 19 19 19 19 19 19 19 19 19 62.7668406558 62.7668406558 62.7668406558 19 46.2909218371 46.2909218371 48.200311096 48.200311096 40.0883178049 40.0883178049 19 19 19 19 19 19 19
0 0 0 0 0 0 0 0 0 0 0 0 0 0 0 0 0 0 0 0 0 0 0 0 0 0 0 0 0 0 0 0 0 0 0 0 0 0 0 0 0 19 19 19 50.3060264955 46.2273390497 46.2273390497 46.2273390497 19 19 19 19 19 19 19 19 19 19 19 19 35.6924742904 19 19 19 19 62.7668406558 19 19 54.6488610945 46.2909218371 19 19 19 19 19 19 19 19 19 19 19
0 0 0 0 0 0 0 0 0 0 0 0 0 0 0 0 0 0 0 0 0 0 0 0 0 0 0 0 0 0 0 0 0 0 0 0 0 0 0 0 0 0 19 19 38.5638414025 50.3060264955 46.2273390497 55.1535257976 19 19 19 19 19 19 19 19 19 19 19 47.6196669078 47.6196669078 47.6196669078 19 42.4681897669 19 19 19 19 19 19 19 19 19 19 19 19 19 19 19 19 19
0 0 0 0 0 0 0 0 0 0 0 0 0 0 0 0 0 0 0 0 0 0 0 0 0 0 0 0 0 0 0 0 0 0 0 0 0 0 0 0 0 0 0 19 19 47.3056884898 19 19 19 19 19 19 19 19 19 19 51.871292431 51.871292431 19 19 47.6196669078 47.6196669078 19 19 19 19 19 19 19 19 19 19 19 19 19 19 19 19 19 19 19
0 0 0 0 0 0 0 0 0 0 0 0 0 0 0 0 0 0 0 0 0 0 0 0 0 0 0 0 0 0 0 0 0 0 0 0 0 0 0 0 0 0 0 19 19 45.548982024 47.3056884898 19 19 19 19 19 19 19 59.5284299512 59.5284299512 51.871292431 51.871292431 51.871292431 40.6519305732 19 19 19 19 19 19 19 19 19 19 19 19 19 19 19 19 19 19 19 19 19
0 0 0 0 0 0 0 0 0 0 0 0 0 0 0 0 0 0 0 0 0 0 0 0 0 0 0 0 0 0 0 0 0 0 0 0 0 0 0 0 0 0 0 0 19 39.9942576386 19 19 19 19 19 19 19 19 59.5284299512 59.5284299512 59.5284299512 51.871292431 19 19 19 19 19 19 19 19 19 19 19 19 19 19 19 19 19 19 19 19 19 19 19
0 0 0 0 0 0 0 0 0 0 0 0 0 0 0 0 0 0 0 0 0 0 0 0 0 0 0 0 0 0 0 0 0 0 0 0 0 0 0 0 0 0 0 0 19 19 19 19 19 19 19 19 19 52.3831859823 19 19 19 19 19 19 19 19 19 19 19 19 19 19 19 19 19 19 19 19 19 19 19 19 19 19 19
0 0 0 0 0 0 0 0 0 0 0 0 0 0 0 0 0 0 0 0 0 0 0 0 0 0 0 0 0 0 0 0 0 0 0 0 0 0 0 0 0 0 0 0 19 36.8663202401 19 43.8967433284 43.8967433284 19 19 58.846358293 58.846358293 52.3831859823 69.5009034389 19 19 19 19 19 19 19 19 19 19 19 19 19 19 19 19 19 19 19 19 19 19 19 19 19 19
0 0 0 0 0 0 0 0 0 0 0 0 0 0 0 0 0 0 0 0 0 0 0 0 0 0 0 0 0 0 0 0 0 0 0 0 0 0 0 0 0 0 0 0 0 43.8967433284 19 53.1359153344 53.1359153344 19 19 58.846358293 58.846358293 58.846358293 19 19 19 19 19 19 19 19 19 19 41.8247505289 19 41.8247505289 19 19 19 19 19 19 19 19 19 19 19 19 19 19
0 0 0 0 0 0 0 0 0 0 0 0 0 0 0 0 0 0 0 0 0 0 0 0 0 0 0 0 0 0 0 0 0 0 0 0 0 0 0 0 0 0 0 0 0 19 19 38.3462684514 52.3323946424 45.6664695121 19 45.5503378677 19 19 19 19 19 19 19 19 19 19 19 19 41.8247505289 41.8247505289 19 19 19 19 19 19 19 19 19 19 19 19 19 19 19
0 0 0 0 0 0 0 0 0 0 0 0 0 0 0 0 0 0 0 0 0 0 0 0 0 0 0 0 0 0 0 0 0 0 0 0 0 0 0 0 0 0 0 0 0 19 19 38.3462684514 38.3462684514 19 19 45.5503378677 19 19 19 19 19 19 19 19 19 19 19 19 19 66.58937929 66.58937929 19 19 19 19 19 19 19 19 19 19 19 19 19 19
0 0 0 0 0 0 0 0 0 0 0 0 0 0 0 0 0 0 0 0 0 0 0 0 0 0 0 0 0 0 0 0 0 0 0 0 0 0 0 0 0 0 0 58.6163670811 69.5952949702 69.5952949702 38.3462684514 38.3462684514 70.7790324621 19 19 19 19 19 19 19 19 19 19 19 19 19 19 19 66.58937929 57.5901016013 57.5901016013 19 19 19 19 19 19 19 19 19 19 19 19 19 19
0 0 0 0 0 0 0 0 0 0 0 0 0 0 0 0 0 0 0 0 0 0 0 0 0 0 0 0 0 0 0 0 0 0 0 0 0 0 0 0 0 58.6163670811 58.6163670811 58.6163670811 68.0718039239 69.5952949702 69.5952949702 19 19 19 19 19 19 19 19 19 19 19 19 19 19 19 19 19 57.5901016013 57.5901016013 57.5901016013 19 19 19 19 19 19 19 19 19 19 19 19 19 19
0 0 0 0 0 0 0 0 0 0 0 0 0 0 0 0 0 0 0 0 0 0 0 0 0 0 0 0 0 0 0 0 0 0 0 0 0 0 0 50.5158056646 50.5158056646 57.0776145023 57.0776145023 58.6163670811 68.0718039239 69.5952949702 19 19 19 19 19 19 19 19 19 19 19 19 19 19 19 19 19 19 19 19 19 19 19 19 19 19 19 19 19 19 19 19 19 19 19
0 0 0 0 0 0 0 0 0 0 0 0 0 0 0 0 0 0 0 0 0 0 0 0 0 0 0 0 0 0 0 0 0 0 0 0 0 0 69.323569057 50.5158056646 47.5240562551 57.0776145023 57.0776145023 58.6163670811 68.0718039239 0 0 19 19 19 19 19 19 19 19 19 19 19 19 19 19 19 19 19 19 19 19 19 19 19 19 19 19 19 19 19 19 19 19 19 19
