Spatial_Output/BAU/BAU_1096.asc
NCOLS 155
NROWS 192
XLLCORNER 196307.867259
YLLCORNER 449144.565805
CELLSIZE 33.573938
NODATA_VALUE NaN
[rows 25 to 49 of 192, columns 0 to 55 of 155]
0 0 0 0 0 0 0 0 0 0 0 0 0 0 0 0 0 45.4552721243 61.7286848938 52.4656277188 21.1919484465 21.1919484465 22.5767151591 22.5767151591 58.7007789658 56.4665436249 56.4665436249 29.4811854354 29.2263234471 31.6459189554 29.079889373 30.8864122814 29.0942347431 31.1484153292 30.3626869762 30.7506899048 30.6123613723 28.8703170245 29.0728018251 30.3123456466 29.5397216595 29.4250375693 29.7826012043 30.675327618 31.459531402 30.5176279404 31.3306390104 30.3970370318 29.0835620685 30.3870937733 29.8659623571 30.8161679337 28.7068513419 29.3380146231 30.9077806148 31.1598461611
0 0 0 0 0 0 0 0 0 0 0 0 0 0 0 0 0 0 70.8543547081 70.8543547081 0 30.4632387804 28.6724176718 29.5097915373 29.8993328997 56.4665436249 41.7065405458 41.7065405458 28.5400899048 31.6162398998 29.3598237797 30.8626257818 29.2025646998 30.6969365591 31.9346632705 30.1322845849 29.0894732378 30.2596693808 28.5816270292 28.6136187375 28.6019886084 28.8145321718 30.9622292047 29.9633558477 31.3989621467 31.4648767333 31.31442612 31.2216639785 31.9629021927 30.6692135866 29.5198325179 31.0863779247 31.903713692 30.4095655371 29.8893073564 31.4242740376
0 0 0 0 0 0 0 0 0 0 0 0 0 0 0 0 0 70.8543547081 70.8543547081 29.8487908609 29.6781780974 31.0460260676 30.7789724492 29.1283527052 31.7684921241 64.0419182777 41.7065405458 41.7065405458 69.681638152 69.681638152 30.8279886296 30.1050562623 29.5521512118 30.3501324299 29.3324925178 28.5627859871 29.6955432648 28.7086513856 31.6095445377 29.5490603692 30.8445778819 29.1451136106 29.1243537918 30.1283351153 31.5116691057 29.74545033 28.8276198301 31.4916508389 29.5617692828 28.6166717059 30.4424710756 30.5254151693 30.2957318978 29.6481354643 29.8070577595 29.503155687
0 0 0 0 0 0 0 0 0 0 0 0 0 0 0 0 0 52.5506271383 30.1952034014 32.0315581363 30.3684326412 29.9599401421 30.3682420985 30.4198700094 29.3253794398 31.9951710976 30.791851114 69.681638152 69.681638152 69.681638152 61.0956557095 62.3017257675 29.2635508075 31.3017788453 31.580776699 29.6778103858 30.4641755325 29.0309240719 31.5145297374 28.6291474591 32.0227492251 31.5431511748 31.1729506572 29.324647651 30.3589454599 31.808832103 28.9071649218 31.7502669834 31.2142501079 29.6343156629 31.9931221525 30.5272146695 30.0564176078 30.7744425777 31.6639632585 29.0512210609
0 0 0 0 0 0 0 0 0 0 0 0 0 0 0 0 0 28.6716691975 29.4462285228 28.5551882397 22.1688872493 16.7969056921 31.9076911978 30.2853787025 29.2167709315 28.5329763196 31.4403340589 73.7718198072 69.681638152 61.0956557095 61.0956557095 60.3852098969 60.3852098969 30.4536035388 29.7803590606 31.4115559598 31.0294131832 30.3999944713 31.3640677419 31.7254686698 28.6247929563 28.9914653407 31.47493961 30.1933487317 30.671237869 32.0069193752 30.9848976674 31.6784855614 31.700182627 28.7052505707 29.6438015541 29.4465057313 28.524197835 29.0565925254 28.6850769051 29.2213844618
0 0 0 0 0 0 0 0 0 0 0 0 0 0 0 0 29.452324381 28.951033337 29.0100469502 20.7296517542 19.1720256036 25.1399879383 28.6232274139 28.6800596258 31.8114517636 29.2754914128 29.7521878368 31.9585732298 30.9781877053 61.0956557095 30.5900553032 60.3852098969 60.3852098969 28.5795997559 31.4117713729 30.2445654539 30.3399200186 30.5527782046 30.7225236295 30.1929284346 31.4965766447 30.4722369971 30.9647506695 29.9056064674 28.7592475698 31.7871093521 28.5693007585 31.5858607169 31.3049517628 31.0770069883 32.0041386704 28.8705158147 30.9612466548 28.5694597133 31.1686132788 28.5975439464
0 0 0 0 0 0 0 0 0 0 0 0 0 0 0 31.9714510246 29.3261441593 30.9975372536 30.1366605469 16.9699553765 14.5475926636 21.7505488093 18.0652051064 30.6801276045 31.7316042432 28.8928135064 29.3460421754 31.1030002294 28.7213748616 29.8485377204 60.3852098969 60.3852098969 53.7210208596 53.7210208596 50.8302777353 45.5614283971 30.6925078961 30.626916916 28.633362592 31.4097561968 28.5280814353 29.3598801219 29.8468288701 30.1569869852 29.598233723 29.2034701811 29.7399690824 29.7805302152 29.938229313 30.8561717318 28.9469249425 29.6899526343 30.5783669763 30.5611163786 29.401097424 29.8145349625
0 0 0 0 0 0 0 0 0 0 0 0 0 0 0 30.088045989 29.9734524429 31.3203606408 31.6953456911 19.3150298839 21.0461217917 21.6290184337 13.224675203 31.7480714684 29.8925726447 29.6386414858 29.2520809058 31.3332551176 28.6492684941 31.6854460581 31.2928526231 30.6998924314 53.7210208596 53.7210208596 61.230480258 46.4093515136 46.4093515136 46.4093515136 28.728404569 30.0728216336 28.6537234897 30.7092630827 31.5422025813 28.615956087 31.0725975378 30.4296754779 30.8174535887 29.8333827949 29.0962881812 29.716148512 29.6883258229 30.7668258202 30.4301705831 29.848044752 29.8361323041 29.7960663169
0 0 0 0 0 0 0 0 0 0 0 0 0 0 0 30.7057650974 31.1554748154 30.5621046182 30.6252942698 31.0747042541 30.2547253552 14.3806743402 15.3891620606 31.5643716335 30.5927202312 28.8549376228 30.8250814598 28.5146349333 30.9885342537 30.5605054966 29.735309532 29.4803339601 31.8570506231 61.230480258 61.230480258 46.4093515136 46.4093515136 30.9690998237 31.1739528729 28.5872281173 31.9812769421 31.8578655939 29.1146164692 28.5276330844 31.1587497554 28.7513548752 30.8452503087 29.9014258845 31.7888890462 30.1169528863 30.7974692986 31.7413261998 30.5258093376 31.6805217581 28.7966937241 30.8107806232
0 0 0 0 0 0 0 0 0 0 0 0 0 0 0 31.6359331776 29.9378968784 29.0030431273 29.8145231015 31.8708566209 30.258352244 30.9084624046 31.3037614208 28.7173231836 29.0854614131 29.8271493947 29.1885683328 30.8953385046 29.6977703775 30.7079007346 31.8534719073 29.8864227447 30.7408461216 30.7576806865 62.8223920143 62.8223920143 55.8676090152 55.8676090152 30.7535108922 28.9629928744 31.816925591 30.9603230911 31.2274583834 30.5525860348 29.9751427424 31.8468119388 30.747221478 30.083499565 29.8909319738 29.887254159 30.5008503751 31.001276871 30.2922209537 30.107733472 31.6344938375 28.6763964418
0 0 0 0 0 0 0 0 0 0 0 0 0 0 0 31.8602933846 29.6277422183 29.737323825 29.2650416338 30.3672941764 29.4870766354 30.6720993562 30.7101238882 31.7682627207 30.4713903676 29.0582353014 28.6038009325 28.7511986695 29.6322824075 29.4302960195 30.4106213888 31.3348653995 30.5239192053 31.9579760097 80.130387362 80.130387362 65.8848780942 55.8676090152 31.8163476974 31.4852410054 32.0064151362 28.6888033481 31.0734864038 28.5071910447 31.0525588837 28.8189344845 31.4772669554 30.2101142714 31.184738182 28.9840313474 28.7440325967 28.7296322402 30.7546946446 30.8575856708 30.2324840515 28.9331647864
0 0 0 0 0 0 0 0 0 0 0 0 0 0 28.5148625503 30.5680811732 30.2877679442 30.3343040536 31.3014305715 29.7425671916 30.2766175413 31.8232472725 28.6694936753 30.4036848497 31.731433135 30.9304052552 30.5178940173 30.4996891192 31.3165260194 28.780338773 29.7858941786 31.0323081575 29.1544968727 31.9474638246 30.6059918766 65.8848780942 65.8848780942 66.7349730366 29.3502270424 29.0108416386 28.9659297422 31.7942184852 29.655196097 31.5379595305 31.2733701155 29.9337948388 31.5824934288 28.5756204335 29.7267755047 29.8678550329 29.6258482487 29.3888850159 28.5917619246 30.596224753 31.7348772924 31.6051285201
0 0 0 0 0 0 0 0 0 0 0 0 0 0 30.0247411517 29.4709119287 30.5021849025 30.6398898714 29.8969350056 29.5490410803 29.7019292834 28.8745271004 29.8715096 28.8118705101 30.9042910007 29.1147065807 31.2297634897 30.3533481158 31.688988242 30.102067746 30.1719490198 30.2139193693 30.5678352749 31.6758298962 29.5352719408 66.7349730366 50.1164860282 50.1164860282 53.179015091 31.5654145895 31.0915690527 31.295772958 29.1397919956 29.9433823892 30.316767617 30.1188981523 28.78298502 31.2466162918 29.0163217275 30.0446267173 31.0801410137 30.711399331 29.4459097154 31.3473484733 30.3174306067 29.8952675581
0 0 0 0 0 0 0 0 0 0 0 0 0 31.6521768422 31.7159140534 31.4451727402 29.6951630832 31.9637585577 29.4598838506 31.100016057 28.8118776135 29.8076730177 32.0191063606 31.8869244989 28.6371084271 30.0719737139 31.174867276 29.7710253177 29.3757324542 31.3137918931 29.6265955768 31.3807072415 30.583054618 31.3531113193 29.5947666379 50.1164860282 50.1164860282 50.1164860282 43.4890800287 29.4421804075 28.9539807017 31.3384471666 30.0383397141 30.8647793842 30.7337596392 28.9173894942 30.6188301492 30.7684394104 29.6501816843 31.4314314026 29.3833431916 31.5431375088 29.5523662707 31.9188366761 30.7145904024 29.0811757523
0 0 0 0 0 0 0 0 0 0 0 0 32.0068166799 28.5790863712 30.0990871109 31.3073095709 31.8134800484 29.2858197086 31.7676202587 30.6663532652 29.4546670042 29.6535516545 29.5739657631 31.1480668652 28.5359324646 28.7369860744 29.1043577541 31.1716072571 20.4218929422 12.2524529507 24.4068140366 30.5696402491 31.8087181404 31.345881291 28.7246559335 31.8883306174 28.8096471305 53.179015091 67.7413292943 28.5976689963 30.7857938147 29.2173838447 31.8740044525 30.775407674 29.8535174289 31.2138349701 29.0057122037 31.2237926061 30.8212989068 31.6627891332 31.9389186169 31.8540296908 30.8552488199 29.2033772751 30.9366443835 30.8708493209
0 0 0 0 0 0 0 0 0 0 0 31.4070786191 30.9353499533 31.5784647365 30.8078935893 30.9808419264 31.9995287319 31.2743184152 31.2424309379 31.1922968229 31.8507898107 31.0012425584 30.9547781343 31.631573838 29.8497390407 30.7726600061 30.143003892 29.7082701759 26.5275244255 28.169530592 31.7776282769 31.8175049852 29.6875821127 28.8022748474 31.8256457984 28.5431332211 30.9834850205 30.875297854 42.4943244275 42.4943244275 42.4943244275 31.1220509658 31.2467813887 31.854674858 28.7531457894 29.4132883304 30.3730004574 31.8987445036 31.8359051359 30.0840733548 29.0892052651 30.9079059739 31.4966666018 30.1537143334 29.5481823407 31.3514660878
0 0 0 0 0 0 0 0 0 0 30.1267989022 28.6481901934 29.9506189174 29.2623901449 29.3435787516 31.554466158 30.1620258325 31.7913181603 31.064725958 29.9804587104 29.2685206595 30.2503688912 31.5246381974 30.8625679687 28.6831405851 29.2317489379 31.8260671384 31.9887227773 26.89100904 17.7190796395 24.8288772964 30.499441612 31.2824164864 31.6321292179 29.8982984835 30.6157286739 31.7699923136 45.1322426143 42.4943244275 42.4943244275 67.6327257161 29.4489597185 30.251232352 31.2260336699 29.7162311844 30.4391374145 28.9288633474 29.0442357992 28.6470241344 30.9747844104 28.8118196642 30.2854937579 29.2353110219 29.0162250171 30.6504565911 31.1297255965
0 0 0 0 0 0 0 0 0 0 29.5813031738 30.2914338709 31.3848166767 30.286027434 31.0039785327 28.7402615919 31.2991901161 30.0619449767 30.1906018297 30.2453931625 31.8757760448 29.4233240791 28.9457076696 30.8178759188 29.0939609892 30.9667681012 30.9666407638 31.9931404211 26.7703156856 12.7700534171 24.0512395662 29.0660604198 30.3973945635 30.9239332289 28.8073567253 31.5717208763 31.7716803317 29.042170461 49.2586524981 54.2006877274 54.2006877274 31.9509697786 31.9003686519 29.9447195484 29.9295234583 29.5783329727 29.7492189488 31.9789087398 29.7731191091 31.4354786055 29.6589999289 30.9101922415 29.2569163792 30.9276049597 29.1210052305 29.9543517819
0 0 0 0 0 0 0 0 31.9803708385 30.2226352768 31.956994793 29.3356626633 30.4927893196 32.0148773857 28.943951393 29.144032075 31.9387914851 30.4582617709 30.7135709262 30.5830841085 31.6263035922 30.7612008109 29.707603225 28.855868745 31.169739247 28.9808122416 30.7253013192 29.0517799039 31.9436216645 54.5236532156 54.5236532156 54.5236532156 31.2569391209 29.2577230282 29.7542586504 29.6599591664 28.7303256566 49.2586524981 54.2006877274 54.2006877274 49.2586524981 29.5825849207 30.7831602797 28.5435008968 31.8572606455 30.4100654388 31.5864632124 31.7678480522 30.1875272973 30.6389727295 31.4342811584 31.2706975508 30.5967703169 31.6911293289 30.8769446362 29.5416785398
0 0 0 0 0 28.862388918 29.4654331095 31.7459377561 29.4797460761 31.0349199919 31.9582632157 29.7059450204 29.3230076129 29.5245166166 30.5614120997 31.3211433067 30.9564819102 29.0572701323 29.177280025 31.2932495783 30.2195943126 30.5031929675 29.2971704799 29.0658006334 29.0486558434 30.8004355992 29.4993156707 29.6135939918 31.1838424012 54.5236532156 54.5236532156 54.5236532156 72.1344192389 30.5064988692 29.4434160639 31.3424024954 29.5489697478 59.8774110108 59.8774110108 59.8774110108 31.3797903793 30.5116077801 28.9098611839 30.6997331892 28.6716818245 28.7467725688 28.7082605381 29.9253717668 30.822432093 30.567409162 29.3542674659 28.8949664305 30.0826057375 31.3365017551 31.502366037 28.8038398172
0 0 30.5464129548 31.7272180822 30.3074946251 31.8022020565 29.6820531704 31.1007779601 31.150776637 30.1223513883 30.6488182804 28.8072528029 31.9132974852 28.9534549029 30.2308565153 31.3289134228 28.8487289145 29.7896681272 31.6515533455 29.1749537636 29.7368336098 29.3506175791 28.9462605076 30.7169727544 31.0376708793 29.8222551075 30.9876767557 31.2177822081 28.5698512602 61.9483261164 72.1344192389 72.1344192389 61.9483261164 29.2160504873 31.4191687048 30.2582422455 28.5096294972 60.3982924588 59.8774110108 59.8774110108 29.6309909599 31.9469497519 31.1484888181 31.0249486024 28.5508049039 29.294161204 31.6866523143 31.0794700366 31.6279654017 28.8486876136 28.8966053911 30.5750041795 30.927190613 29.4939534562 29.6736872062 30.6616194396
0 31.8775861057 29.3034763228 29.5337139464 29.0689805532 29.5815325032 31.1208683776 28.7216811418 29.4264280332 31.7863395296 31.0186308824 29.7051038462 31.6334857818 28.784075212 30.2695748762 29.0851240294 29.814772261 31.3335021378 31.8009151147 30.3168836093 31.4148830853 29.9403653871 28.6266810562 31.8570703201 28.8296872325 28.7724975599 31.4595742198 31.9909487336 30.0774958021 30.8323274471 58.9778612664 61.9483261164 31.1922551702 28.9438113269 30.6611791092 30.9510791433 30.5078245916 29.0668303225 31.9477903699 31.6333074181 29.9175850012 29.7903068343 29.0258286399 29.139002535 29.054657785 29.0625254312 28.7006144584 30.0611154064 31.3862178878 30.6227433703 28.5836130993 31.2374127416 31.2495708705 30.0836993431 30.578211634 31.2946506371
29.4153659456 30.5577633332 29.7070654733 30.6170751812 30.4575262622 30.1446481026 29.624546665 28.9270403734 28.7306659609 31.7422765909 30.2773923745 31.635006959 29.4063092364 29.6751649187 29.8385356946 29.0961715828 30.4449104797 30.2193099072 29.6342812754 28.890212065 28.6357942569 30.1476517528 30.5011304468 30.3038744135 30.4854392621 29.9909911974 28.6890036804 29.4803001476 30.3098124495 58.9778612664 58.9778612664 57.8041335544 50.4796470815 75.7948444337 44.6682578914 53.3151685416 39.4087404869 29.0384435372 45.6609250926 29.9953084229 31.0806487172 31.7278137146 30.1657131873 31.5286166491 29.8906768001 29.1870767846 30.7643368791 29.6359884713 31.5641180439 29.4027246465 28.7570579501 31.2193831618 31.2847686846 29.5755139303 31.3452619428 31.1012387094
31.7222531997 31.1209113682 29.6673890104 31.8883425177 29.9070734511 29.5001693681 31.8121133392 29.1418118551 31.9494533424 28.9807713673 31.9181799297 31.2058959912 28.8846960773 29.8817008289 30.7549142464 30.844803718 29.5864066978 31.5383648771 30.4369641047 29.4507255662 30.2974255721 29.79757098 31.0152672952 31.6105058849 31.4104726549 31.9543274373 29.3981457677 31.153800765 30.7470363259 58.9778612664 67.5982526987 57.8041335544 57.8041335544 44.6682578914 44.6682578914 44.6682578914 39.4087404869 29.1110096236 47.5237786224 47.5237786224 29.0434844669 30.2924032185 31.9947743986 30.6934897052 30.3735178374 30.9633406454 29.932399375 28.6692224443 30.5469582785 31.8420930317 31.3872055248 29.3845326237 29.7742983647 31.1514650141 29.3399749451 30.48807116
31.9693668281 30.0529306903 29.9596542323 28.5027939948 29.0255066326 30.8244565064 29.2066516218 30.6772371562 30.6704772189 30.1911975066 28.6695569342 28.8112990607 30.2331039085 31.0272349127 28.9631895216 30.2292136688 29.1292576739 28.7416420238 31.0463628645 30.4879447922 31.5408675932 30.4640774419 31.4405276941 28.9592167285 32.014698611 28.9456347193 29.8993345473 29.5210749286 30.9980348351 29.0371009354 45.6247101508 62.1584557888 62.1584557888 75.7948444337 44.6682578914 44.6682578914 39.4087404869 61.5332726049 61.5332726049 61.5332726049 47.5237786224 29.3019889771 30.9253356668 30.0109742156 30.0347483818 31.4093847289 31.9751699602 28.67054185 29.6715735062 31.7156931102 29.4458611569 30.744395414 31.6135745834 29.7160747292 29.4751381573 28.8378409253
