Spatial_Output/BAU/BAU_0716.asc
NCOLS 155
NROWS 192
XLLCORNER 196307.867259
YLLCORNER 449144.565805
CELLSIZE 33.573938
NODATA_VALUE NaN
[rows 25 to 49 of 192, columns 57 to 113 of 155]
25.9731453646 29.1586077056 26.7820433823 46.4858543491 46.4858543491 47.5187054848 60.8341076242 60.8341076242 48.4129677432 48.4129677432 27.9955098719 26.0715523456 27.3364328645 27.7171800873 27.7491618765 27.1702425501 26.9493186427 26.2654438871 26.3135370295 27.3243842025 25.4724535846 27.7618499205 26.1262577214 27.7227690893 0 0 0 0 0 0 0 0 0 0 0 0 0 0 0 0 28.8928531627 26.8910952783 25.9985283456 27.9861455408 27.9414643356 27.7536225918 25.2283225701 27.7601002241 27.9824410216 25.9834428159 27.2501204277 27.3764362432 26.2655070311 27.8770999347 25.6655171506 28.0012024676 28.761282166
25.1071713695 26.8042158868 28.8053100449 46.4858543491 25.0840371448 64.807339147 25.4015628516 25.4892908555 48.4129677432 48.4129677432 57.307034287 26.4446170272 27.8532584328 27.5817756748 29.0342141895 25.8833493169 28.4150334741 28.103095008 25.3489739319 27.0993719144 25.3992131814 28.2458540335 27.5268591343 26.0438683512 25.4855324706 25.2800691607 0 0 0 0 0 26.4082408502 25.8605001855 28.3037363693 26.018010096 28.1339396238 0 0 0 0 25.6702259464 26.201663973 28.1406999897 25.9001012446 25.6344367928 25.0706516894 25.7159253102 27.0266146257 26.4980733564 27.0777106847 28.2783798614 29.2148914451 28.6959505116 26.2506044553 26.1198773912 25.2138783823 27.3594257145
27.8014494452 29.1758975723 29.0882516802 27.5796399836 28.7541964348 64.807339147 25.9679068026 49.3019523511 49.3019523511 51.7715723873 47.2167596634 51.7715723873 27.9341301492 26.6298041111 27.7881923067 28.5849509372 27.0820523703 28.5559243153 25.3203119115 28.1639390419 27.3947337594 29.1072794466 28.992450752 27.4658655861 27.3390513147 26.2918803736 27.361512728 25.9664274267 28.265157413 25.6247966388 28.8957262246 25.6405149902 28.2150487902 27.5583960004 26.8827095466 26.5036330967 26.7454391457 28.107454736 0 26.9458793519 27.1173550448 25.4375634793 28.4234451538 26.362803533 27.2342298522 28.2729789583 27.92931601 26.7974550338 29.049227177 25.2221803528 28.8041031208 27.9136232649 28.7391063509 27.1777669927 26.1758198161 28.0047586495 28.8828398042
27.8435478451 25.3439987849 27.027222339 52.523316215 76.7737122236 76.7737122236 49.3019523511 49.3019523511 49.3019523511 71.4057543439 47.2167596634 47.2167596634 47.2167596634 26.6712611493 27.1952685385 28.46657047 25.8757966246 27.8592227502 25.02784131 26.4194189229 27.7018316828 27.1590811553 27.5446843133 26.9475467342 27.1096478034 28.053773061 26.6546525262 27.8718119012 28.5998461095 25.7501972261 28.1433514051 25.2213551295 25.0461328018 27.1862090942 27.2722237549 25.3965730438 26.6043663868 25.2682460383 27.7951422762 26.4582088864 25.5875321793 25.2028814126 25.3522755881 28.5196500054 26.8897389855 28.7077055276 28.2717557205 28.1365485335 25.1977069039 28.8261171655 25.1578457185 28.396222494 26.4952954763 26.9819636422 28.5714989484 28.6379681317 26.5127235675
26.53194538 27.673565344 26.094310332 28.5969642188 76.7737122236 28.9217425378 28.2943443577 67.1159736107 71.4057543439 71.4057543439 26.8157880364 47.2167596634 42.7327051059 28.4194325057 26.0320337197 27.2321212026 26.8575695028 25.4007442335 29.114371785 28.2453694114 25.8958220664 25.6089247927 27.2463846165 28.6983357838 27.5938145126 27.5635523905 25.8915213135 27.4460437407 26.5007229431 26.051856556 25.3235430145 27.5502786726 28.6041544158 27.6329733976 26.9033244789 27.5733891135 25.9089434297 25.2578203717 29.0890603772 26.728997478 29.1986161945 28.4738518157 25.6182240052 26.2847775617 27.0127834452 25.8858326377 25.760815146 28.3304370345 28.0047545455 27.6817581179 25.4703390405 25.9266002072 27.739109811 26.9737993083 28.774141297 27.2420618149 26.9376908396
25.3375591557 25.4167306817 26.2407125815 28.4175406091 26.9529562441 29.2033146241 27.1081245839 67.1159736107 71.4057543439 71.4057543439 25.0330624391 65.3398524704 65.1186644337 26.8201762433 27.3908553977 26.9933025508 26.972427887 25.8540285331 26.4864419708 28.5279675392 26.5716970519 26.1715054267 25.7213605819 25.7407391247 25.0722543199 25.3748213759 28.4975241066 28.4743122876 27.7848441897 26.7466600558 27.9934547966 29.2016472756 27.791391105 27.7974831356 27.5445229827 28.5230851688 26.2383021858 28.3415010319 29.2150868885 27.173587687 25.5228362447 26.5286272228 28.4318771167 29.0071585768 26.063313168 25.5371101878 27.1290057147 26.1664998384 28.8723944021 28.7666814531 28.7316589665 25.5836782629 25.7224727956 27.8033164243 26.9970446417 26.6886476935 28.5700991803
25.8529756829 26.5095124924 28.111686166 25.7485099335 25.1743970634 59.839588265 54.343298483 54.343298483 28.6269559255 66.754315877 65.3398524704 28.862825413 25.3032620526 27.7418367044 26.6732762805 26.788761193 25.2611538904 28.4104043445 26.9949139419 28.6436717351 25.1063441549 27.1513300697 25.2107236036 26.2652850595 28.9680740033 26.8121052825 28.9302015839 25.8182657827 28.6936349838 25.7681690752 26.274194775 25.9464357946 29.0316080355 27.8408930429 29.025535636 27.624766136 28.0307991447 27.620137689 29.1773189865 25.3887752395 25.7457195121 29.2251390276 26.9991104436 27.1663439616 28.6921973113 27.6424080776 27.1430676534 26.8897749275 26.1658349886 27.4701180461 27.5316682694 26.3726510044 28.8487562298 25.6168449316 25.8678771833 26.3076633733 28.1452116817
25.2274270806 26.7555990741 29.0043137509 25.0356402415 25.8334305072 54.343298483 54.343298483 36.3837228275 27.6696082619 25.2237133538 65.3398524704 27.3211907298 28.9531102482 28.5915120763 26.9937152563 28.2949907304 25.5809431686 26.4087314887 28.8625231825 25.1026172311 28.5310252851 26.7084755503 27.9584896025 26.7469333739 28.6077071906 25.7919124559 27.7267969823 26.2218347211 27.2494083149 27.6977894942 25.9875485459 28.0144766947 27.0921395287 25.9573589483 28.5468698127 28.2878622467 26.3869472101 27.2857750751 25.4997531215 28.0685861811 25.1724506706 25.632366524 25.2652909183 28.5184686872 28.8915059894 26.8594967718 27.5483078821 25.8979345418 28.7005358249 26.6516638017 28.3893603695 28.6356535121 26.2859236651 28.4621659083 27.4761520708 26.5009446414 25.9657642225
27.0674511073 28.1183776681 29.0926464336 26.9651231056 28.2815538806 36.3837228275 54.343298483 52.9798166508 27.0124208111 25.9643705252 29.0629660994 26.3536245309 25.0074721373 25.5032922644 25.5812602304 26.2952909657 25.4394455526 28.8418837199 27.4760458965 25.913967139 26.3560645997 27.9623949401 28.9583206359 28.7542076521 26.3549570937 26.5517304391 26.6425178252 25.8164917362 25.4382936742 28.4755358566 27.3087428186 28.8669307746 25.4350755696 27.4852350106 25.2502825865 25.9367348934 28.1669160838 28.5846326943 25.1458573399 29.1000534237 26.431811215 27.6288564936 25.3338936345 26.6139099796 28.1489732223 29.181379741 25.7097599638 29.1609426964 27.2304512 27.6815226872 26.6360152977 27.7279451362 28.8710445155 25.3600894863 27.6114671464 27.1473517765 25.4660346227
26.7595951066 25.8247981575 27.2878726522 26.9603262242 25.1818930368 26.026104843 53.4746414039 42.4313828621 53.4746414039 27.2220651634 28.7906452096 25.4430066502 27.6812143807 28.5663852907 26.7897899521 27.1158653019 25.6974519314 27.2368067047 28.2442235508 27.8622350994 26.8009094111 27.1680730535 25.2043465899 28.770144828 27.8029637585 27.3738208775 26.7289497651 29.1678806782 25.7746984179 25.3559075421 27.7690338645 25.6610756852 27.5087404947 27.4541207934 25.7261953852 26.7306967446 25.5919019273 25.3669268235 25.2811494105 25.4283300107 29.0010397902 25.0061968827 25.4867732217 28.1569409712 28.5034131648 25.6687168156 27.9904092784 25.7788310149 28.8986358494 25.3640103844 26.4508814533 26.8319000823 25.3979728653 27.5838545503 27.0127684106 27.8620475798 26.265468184
28.0570443393 27.9084090157 26.5338446549 26.1063354858 28.6949399133 26.27762732 42.4313828621 42.4313828621 42.4313828621 27.3494472969 25.6673765694 25.2415788442 28.0811390109 28.5740880792 26.9309699202 25.7509115685 25.7325592883 25.5770969179 29.172256772 28.5346782927 28.0537265435 26.3694192465 28.0792199191 25.4943378899 27.6851185492 26.8705265828 29.1856751311 25.3857270378 25.2984925219 29.0487496979 27.1136204767 29.2253975486 25.6572270723 26.4029423665 25.8497316415 28.3229864538 27.0405535298 28.6753224386 28.1819657197 26.6129468014 28.6933997152 26.641519121 26.0506397187 28.855605988 29.1405335365 29.0127433453 26.7374736081 29.093629917 28.1053846513 26.504843823 27.74658733 28.4698172754 26.5083478202 25.9651495599 28.6112171845 25.6476862976 25.691115306
27.4073527264 28.3944499569 27.8144560421 25.0020514468 25.3898863744 48.7573377832 47.1104364202 47.1104364202 29.0252656973 26.842811794 26.6449847592 28.0846952212 25.3312146131 26.4035246705 26.5303439145 28.2611822749 28.5682982795 28.1749792674 26.2908851693 25.2151134469 26.7308628758 28.65409699 25.2001742396 29.1377949256 28.0056834924 28.4717364862 26.5066787341 26.2723145657 26.4595297774 27.3800585273 28.8428985485 27.4539021028 27.771570719 25.409092865 28.6901070497 25.4581490428 26.0568990448 25.0736791671 29.0818687592 26.585431162 27.9202482785 28.8880463693 26.0988347464 25.2822235802 28.3282142121 25.1257917907 28.6823173609 25.6272936729 25.7008938048 29.1799314776 25.9105248497 29.1584059698 27.4083610589 28.0773249513 28.5508303615 27.7154745876 25.8335710358
28.004468917 27.7050241919 26.1657354915 46.9627801853 46.9627801853 46.9627801853 48.7573377832 48.7573377832 25.6932236914 25.3937299126 28.69985232 26.7570838914 28.1297640587 28.3608861247 28.2583722805 26.1861740107 27.7050103584 28.4814655383 27.1241107506 25.9383069236 26.9022591714 27.9791097702 27.6708724661 25.0747159276 26.748048565 28.5931393222 28.2334073575 26.1221499954 26.6842852919 26.7114561409 25.29926143 28.6824928162 28.1976763551 27.2923732438 25.119433476 27.3643985924 25.9950990593 26.5250607404 27.7518235996 28.2036660511 26.1086175103 26.2569206999 28.0704188034 29.2006318755 27.2089172058 26.0800243561 27.7742515913 28.8112273917 25.9157244992 28.8398764154 28.091384511 25.3247642222 27.555921789 25.1512228074 27.3409255155 28.0399170936 27.2875231373
28.3306105549 26.4213380483 27.3408360275 46.9627801853 46.9627801853 46.9627801853 27.4042475338 29.1535342883 28.0938794214 29.0712909852 28.1624706758 28.9770312301 27.0328949252 25.2996371935 25.0545022377 27.2839239819 27.5788474199 28.0264531365 25.6133074664 27.0914645227 26.6982792715 25.1551794497 26.1211718782 27.4228630722 27.7965376492 28.0256127638 25.5224759894 26.166065728 27.4401630509 25.1300057149 26.1442538301 26.515846964 27.7483554816 26.5521921789 27.6146597126 25.4483702386 26.516631812 26.8144303127 27.6159831049 25.4404536791 26.7854337731 26.092943995 26.397029449 28.1618803643 29.2383741868 27.0144463924 27.2684207828 29.0233626182 25.5434537979 26.1498662232 25.8989745722 26.8280509855 27.5389076751 25.2480415122 26.9862102365 27.7479315966 28.2896380034
28.2956911399 28.8228067496 27.7733229029 25.999395094 46.9627801853 46.9627801853 26.4421502221 28.4744435515 48.8329656314 48.8329656314 48.8329656314 26.3817146194 27.3752211262 26.2312144379 26.6178074546 29.1718169076 25.6202267575 25.7680796047 28.2665440493 27.0319195381 28.61078587 27.8758102561 25.8253644865 26.2579332829 25.32686161 25.0756901667 27.4105014504 28.5531122415 26.5659258431 27.7308414808 27.0817596303 26.747383004 25.9786557301 25.8286639414 26.8376825101 26.2894910504 26.9227032181 25.7674850399 26.9671815345 25.8253941395 25.2037516765 27.1403046364 28.3172559782 25.7277141593 29.1269371678 26.2030398327 26.3805345078 26.3138061463 28.5601091212 29.0835121873 28.4780574584 29.1955021546 27.1115663664 28.9207341838 28.0910519141 25.282977671 28.6527111576
29.1058046598 25.8704520611 27.2005424465 26.2113725624 25.0753135597 25.9256662318 28.7740163193 27.3286020715 44.3774901766 48.8329656314 25.5837132311 27.884669762 27.7263468051 28.9155057979 28.267435035 26.6728723957 25.9337608619 27.9313749443 25.0028019553 28.9888465428 28.0465385692 27.6279405935 29.2202539767 26.9556568779 28.558191136 25.4719186919 28.8376321291 27.4102353467 28.153975076 26.2017324631 27.5979219511 25.44698366 28.8440275162 29.1014383959 26.2629209052 28.5035365905 27.9528482374 27.4890533663 25.9896400768 25.0284153099 27.1957701829 27.0775481499 28.2875268126 26.0684220165 28.7185408542 25.5097050094 28.4184096271 27.9337569453 27.0511974313 26.6968556137 26.8971533811 28.775811795 25.2074482813 27.8758801958 27.588936227 28.6529519437 25.740601221
29.0820800893 28.2719814231 27.6041876947 27.6818367806 26.920799138 28.0403453851 25.0395734233 43.2017253725 25.0039532616 28.4139267728 25.5229410281 28.4285701311 28.9645552104 25.1748463362 26.3177711926 28.9834300679 27.0134103584 27.9621116175 27.2977999274 29.207483001 28.5106655653 27.3899120326 29.2183042175 27.1617737753 27.283057682 27.3144588202 27.4875717019 25.2460382341 27.4736762327 26.3976660239 25.0957559439 26.8045296647 27.011325043 26.0568756355 26.5386612906 28.4290957265 28.0538446778 28.3065115671 27.7419777741 25.8584999631 25.6537229059 28.3468264511 28.8913319106 27.357339512 29.0088782063 27.4930897196 27.4465267194 25.4965100435 29.0057402041 25.562674134 27.3823426462 27.3783622945 27.7734723219 25.7767004099 28.0762546046 26.6797245822 28.0212416264
25.6843341667 29.0237533972 27.674734139 29.2122627729 53.5777230732 25.3993744128 26.4456361169 26.5638573846 26.8602782718 48.0900418335 48.0900418335 28.971461129 58.0730343941 66.6235663292 25.1140576166 28.6917832749 25.7802853786 26.9882620119 27.8801261119 29.0635418137 28.1366520343 27.7589070087 29.146420928 27.8015552163 27.6704739292 28.1010287655 26.0852032702 25.1460535287 28.7729780295 25.7347991415 25.0994485284 28.006755099 25.9206772511 25.9639321579 26.1693967697 28.7443669267 29.1034867579 26.1462411708 25.3473980552 29.1278477912 25.8836206585 26.507176121 25.5776202387 27.0588504508 26.238435131 25.1352519763 25.3626436253 28.2100222894 27.7716809167 27.1181977867 29.1989482564 25.1426540271 28.8699227053 26.2660184482 25.0286921636 27.066734065 27.7789917258
26.4312230097 26.6157892644 27.3262849642 26.6434883028 27.1787848158 27.4023721562 29.1162732452 26.9945122916 28.3722179514 25.0530634157 48.0900418335 58.0730343941 66.6235663292 66.6235663292 67.8054153712 67.8054153712 29.0133715177 27.5009786396 26.1584959464 28.6988177098 25.3768916765 27.5615527926 29.1859563916 25.4589141496 28.0041397144 28.2209176174 28.3618671409 26.1327034571 25.4031549742 27.2199006793 27.7758853747 28.8785711202 27.8951531066 28.9822626526 26.5068838153 28.5060579624 25.1673446546 28.1585100389 25.2628021272 29.2145607571 27.0363431519 26.0954545616 29.1031726934 25.0873625687 28.5342302617 28.7693512156 27.6633562277 25.3943623413 27.7023107636 27.2278580334 28.0003252741 26.3518393008 25.3550805355 26.2269973407 25.2233266402 27.1861869625 25.7117213193
27.5737901402 25.9170132771 26.3407601849 27.8816044726 26.1924732791 25.7216268864 29.2254747781 28.7542637505 28.5251001286 28.0456377505 28.5979208811 58.0730343941 66.6235663292 66.6235663292 68.2033976909 68.2033976909 68.2033976909 26.9558554711 28.1635222578 27.6773796115 26.1781231075 26.1843576375 28.0618686501 28.902823661 27.3918535166 27.8169230673 25.1715500049 28.3626495805 28.8108868318 28.8681324566 26.3513794031 28.189323241 29.0802704634 28.1009365945 28.3161170268 25.7202842959 25.9122164722 29.1868938896 26.0904720133 27.9443504624 28.3936496881 26.3649771392 26.100837662 25.9579077215 27.6332540206 28.3560033295 29.1636623768 27.3482736321 26.8302443531 27.2033524428 28.8815490364 27.9114839849 25.6951207594 26.0122917151 27.8204135854 28.5390571706 25.0145488174
25.3631335475 25.8055935616 26.4219104482 28.2398945714 25.8999238128 26.5742254219 28.7320566009 25.4651775811 28.1085085839 25.5226208417 26.5833315515 25.2241997388 29.1329317429 26.0050359682 68.2033976909 68.2033976909 45.1562030466 25.4203864927 27.8717152722 27.637213163 25.7427472513 27.2913624189 28.8920623682 27.9685393593 28.1130046807 26.1073274018 25.5506849539 25.9888796283 26.3895762935 25.344170762 28.2656592653 25.0648717123 27.3295700767 26.3572820591 26.4546452697 28.271390353 25.8530352939 25.2486444001 28.7342168704 25.1784403287 26.5938241835 27.6183410823 27.2452828689 27.5212713157 28.722903069 27.7534511098 29.0037769351 26.0055798566 25.5192636635 25.0529755138 25.3412041177 25.9288190479 28.0599546014 28.4585826038 27.221714195 26.4346708025 27.3794993037
27.3040990056 25.1241616465 26.8442187355 25.7761443132 28.8689621596 29.0361858583 28.3005289016 28.8992433164 25.9388912615 25.2226798812 27.5488622567 25.4715346555 26.4557864571 26.694817552 65.6639203418 45.7542237916 45.7542237916 25.0007514152 26.2706793643 28.7272534152 26.8407164886 25.6847618875 27.357580442 25.6494170037 28.7395170221 26.2020080653 28.6456133846 28.4480728404 25.7089872785 28.0715446124 26.6051239469 27.0781501719 26.714053571 27.2633948372 25.7320791545 25.14178557 26.5069076294 28.7349016195 26.3577467179 26.2711475974 27.7524118011 27.4472088083 26.9715629835 26.485354315 25.6241408987 26.6741327783 28.5191770911 28.1640887546 26.2671386037 28.7088923508 28.3157311308 27.45096214 26.0702107727 25.7704611604 26.4785251324 28.6859709954 26.2758899655
27.1329778476 25.3825799712 28.0302917339 27.718088539 25.6295535511 26.2020818596 25.5452628492 29.2174385777 26.9087033039 27.2672116269 28.25239732 28.3765837185 27.3704638176 65.6639203418 65.6639203418 65.6639203418 26.3448100671 26.965994662 28.6733611273 25.4677429248 27.7740546558 28.6846751775 26.5003793929 26.2983480489 27.117042343 25.8217867275 26.0539421343 25.6225774386 27.4421593461 26.5683945898 25.6673404295 28.7724355658 25.1149693399 28.9732850672 25.9402747045 25.987420339 28.3788182507 29.0576157361 25.5946114251 28.8698003092 29.027026903 28.1964200983 25.3193216398 28.2059559674 29.0589289753 26.1974704438 27.8096090221 26.4723085289 27.1621801413 29.0062652737 27.3268148139 27.7234512465 25.618150089 27.101395334 28.9457037095 26.933346301 26.7876728152
25.6596693656 28.198111978 26.5464733367 25.0439503302 28.9636713142 28.4070392816 28.377208647 27.3341897428 29.0333354012 25.0076255714 25.0799595336 27.6594240056 26.4486546196 42.5779078246 42.5779078246 42.5779078246 29.0711740108 26.1377836788 27.5291272331 28.6835905646 28.1834309369 26.8254492856 26.7126234245 25.1435841268 26.8896336874 26.4338641548 28.2273678652 25.2799744087 27.3231431552 28.3937766483 29.2424623701 28.4089517094 28.8357231211 26.2029649916 25.4548226051 26.519313039 25.7785670355 26.1912644495 27.9428516823 27.8109784861 28.1545017356 25.5199971275 28.3480459654 28.5591144041 29.216413408 28.1636553093 29.1964054538 25.7112827555 26.639336566 28.2313448275 28.6797231933 29.1518471626 25.8850763939 25.1657127255 27.8149037608 45.9403978688 45.2471311895
28.6799264341 25.3758753958 28.248221368 28.6917049456 27.0056535556 26.357527817 28.4490108145 27.4107419653 27.4999004745 27.9277951289 29.0305792906 25.2903133042 27.326122124 29.1228419033 69.2340378567 27.5606944783 28.4757109768 28.199131052 25.2856513064 26.5699165898 27.9027786747 27.7140886803 25.3253148536 29.1683882478 25.40366687 26.2670112031 25.2023956727 27.1498295477 28.7187290515 25.7514327055 28.8710920196 28.6939609376 28.5838594953 27.841110514 27.1949037188 27.6806000347 26.3855941723 25.2920969391 25.2704525115 27.7245195812 29.1974018034 27.0327766664 28.7990767261 27.8494449236 25.9743795318 28.2792067197 27.8767489152 26.0127666975 27.9831687992 25.5199161819 28.2387594715 25.2643291328 26.8352428167 29.1324077428 26.914792904 44.9325494665 38.2003418613
