Spatial_Output/BAU/BAU_1120.asc
NCOLS 155
NROWS 192
XLLCORNER 196769.923733
YLLCORNER 449719.875193
CELLSIZE 27.603701
NODATA_VALUE NaN
[rows 23 to 45 of 192, columns 53 to 105 of 155]
30.6028782628 30.878285684 28.971582979 31.8166715378 29.2078381312 30.6216510191 30.2472458147 31.5943706711 31.0700195174 28.7594861119 29.9143844416 31.640484453 29.1274959787 31.703446409 29.4425263443 31.0211200701 31.6770655242 30.21858258 31.7033655706 31.1269797349 29.2824789045 30.191548516 29.7063104778 29.6072580544 28.9615950907 30.1177224733 29.9633727264 29.2543362281 28.7853415102 31.1284319862 29.3369691209 31.797864644 28.7000695851 30.7939050078 30.0626779956 28.5587067518 28.5353766312 30.4195008782 28.9299549053 29.8992676057 29.3323178509 29.3563270923 29.4406787755 30.8926049585 28.9327234374 29.0242177651 31.6314438051 31.3030505618 28.9616041628 31.110873335 30.8565123211 30.7692088689 31.3865205644
30.6658715764 31.6132713752 30.3014677892 29.1668999804 28.918995186 29.7208695217 30.0035464841 31.6231912869 30.0367431586 31.0051274752 31.4774576977 30.1460348969 28.6540901081 31.2657025198 30.5888973302 29.9996238517 31.9913539262 29.2360791586 31.9578532415 30.8200173602 31.7401150648 30.0332233974 31.017969239 31.0618242116 30.365253951 31.554852385 29.464553987 29.2397679527 29.9857221697 30.9857462602 30.7318402084 30.9989265856 30.3877501873 31.0528969549 31.5076424587 31.1087097904 31.3693339052 29.4236534435 30.8055930699 30.5074872256 30.5567983979 31.9090883984 29.2229812056 28.9968626134 31.5207783911 31.2485713539 30.7052070244 31.1584187623 29.0968933767 30.3538936848 30.7254626085 30.5956923801 31.5461259055
29.5474150468 28.7268881644 28.9656201267 29.0198465416 31.2803884191 30.263436752 29.0302834088 31.1695473829 29.0957988136 30.308029067 30.4883379202 30.4758945165 28.9413944915 32.0124989009 31.5711688313 30.3375127304 31.8951140949 31.1002292442 30.0525673408 29.4563490052 29.5583214407 30.8205376423 31.3310590048 30.5232761022 30.038072941 29.3972905024 29.5129071184 29.9557667915 31.886483649 29.2668784295 31.8024571455 31.8822519092 28.6113474607 31.3909460599 28.7275244398 29.2514605758 30.9365313653 29.8221553817 31.7934030797 28.729219869 30.1442472786 29.3315720946 30.0078107648 30.433776757 30.8079351712 29.6697841585 31.3620528744 30.7247826587 29.237517616 29.0877010749 31.5853367228 31.22475181 30.5013122694
31.977022003 28.5224518331 28.8651912947 29.007613075 31.9909668249 31.4057468989 29.5297411876 31.0221953405 30.5849321862 31.9603778302 30.5881680838 30.3951238837 31.2317312811 30.7218985865 31.1619481423 31.673767636 30.1810422394 28.7829471005 31.0458070913 32.0056349277 30.5195876958 31.639954202 28.9734477874 31.5282131946 28.9567509525 31.3458163129 30.9678362507 30.4086777946 29.1626429229 28.5705531894 29.0257849566 28.8099968483 29.8730284629 30.6947051099 30.7201483877 31.4556473176 30.0348459812 31.0918162679 31.1683509873 29.5511173632 30.1077342915 31.6475658344 30.3202663423 31.0507324756 29.6026955014 31.4416798942 30.6161207314 30.5285177262 28.9271573658 31.234909605 28.8460557259 28.848506234 30.7471362008
31.882999622 30.8003257532 30.3818565966 29.2299277331 31.5736563485 29.6574009641 28.8903813043 30.8605502408 31.8191907048 30.0052181147 30.9874881697 31.6123199407 31.7593072346 30.144385697 29.9141729392 30.568706744 29.8516135535 31.8992999004 31.4669814961 31.3931171835 31.7399089207 30.2404552744 29.4164058347 30.2066256214 31.5426014756 30.2878103335 30.6350623446 29.7570882996 29.6372433154 30.5264142568 28.9832335672 31.3195640962 31.5452421706 30.4856612279 29.7662323536 30.3082609625 30.8620030519 29.2223202017 29.8911220592 31.5394570326 30.2058944851 31.2776861181 31.6566495753 31.2976899267 31.1763699203 30.1611161555 30.2109749565 31.8085504291 29.2999505267 29.1408053034 30.1289816169 30.7006643152 29.6708560093
29.4606798476 31.9450855098 28.7956489556 30.7582528756 30.4431290421 28.9027950863 28.5167848897 30.3182837771 28.8962065986 30.8976708764 29.5210529843 31.5030786589 28.6012056185 31.4210390105 31.2378232292 30.7736403147 29.759732634 31.7461033384 29.3472398836 29.6466271451 30.8917408391 31.7971125521 30.6087069689 30.1726486923 28.8353340017 31.8851281632 30.1277017987 30.4380251114 31.636400349 28.7812013511 30.5078618515 30.8484106045 28.9702220555 31.5908753101 31.7979905338 30.0862729285 30.9858655536 31.6096852746 29.7956601346 31.2374209197 29.2401331486 30.852241776 31.8909075885 30.5383790897 30.7745348345 30.2357103557 30.0694363622 31.3328523922 31.1614622886 29.6688143951 30.1126833271 29.3547832016 28.6068830663
29.6177433603 29.3815696498 31.4899822199 31.0878745552 65.2128697223 31.7616464165 65.2128697223 31.8872688111 29.0620323666 31.168406692 31.3038962138 31.8048782729 28.6848011219 30.9977363974 30.8007256595 28.8318961417 31.2888483997 30.5276359949 29.1511816011 29.4215844843 30.7841789428 31.2080038949 31.0773085 31.1602417845 28.5253904346 29.6667563199 30.2093324688 31.4422205597 28.5544860681 29.4139454776 30.1995957658 28.6896316311 29.6339732769 31.6879312535 29.9353343344 29.8816288094 28.7088845653 28.6941904526 31.0563527722 30.898420785 31.7354108953 32.0225269853 31.6256301919 29.1079424132 31.8144831849 29.7681907265 30.8866572729 30.6609268253 30.4515230544 31.3684209269 31.9238723363 30.7196588686 28.9436426457
29.7715854222 28.5264828608 29.728830702 30.6203554899 29.7608442287 30.0774324276 30.3616013672 30.5499673136 31.5573633793 31.6824479232 28.6597683431 29.5661869096 28.6166215372 31.6619126641 30.1735054659 30.3440718954 29.5277946131 29.4931528717 30.1244104239 31.8743343722 29.7345018227 31.0045619404 29.3578214641 30.041971746 30.3676823444 31.3033382959 30.1411243873 31.3154693434 30.2083708654 30.7293230497 30.0487433103 28.9584388249 30.0880134727 30.2719140428 30.1675713157 31.066390148 30.2815048169 28.9021232002 31.4579643658 31.153829801 30.943421404 31.4824198338 30.4412231043 29.6014454139 30.8367898245 30.7239302059 31.4421063782 30.0301680955 29.306526628 31.8223255865 31.7221809876 30.2169989502 29.602636203
31.7161625745 29.1884707275 30.2727421627 30.7955915753 29.1728734028 30.116615473 29.8902001232 31.6596291908 30.0860552899 31.3846785222 30.2762529315 31.9020963019 29.5990098101 31.2969438651 41.282248052 41.282248052 30.7079498702 30.3311029733 30.9155605659 30.668543979 29.968397452 29.2056584361 31.2724347741 31.7769633396 31.4381649972 29.5914493218 31.4930820305 29.8786214894 28.5897866613 29.5728555391 28.5849503901 29.1433081653 29.938715609 28.9317559693 29.3121663351 31.0882396746 30.3792115603 30.3486103986 31.325881316 30.5656602941 31.2852981301 30.2359183357 28.6379388903 30.9424288419 30.3341965831 28.6297828964 29.8004767783 31.1081835534 31.8118704114 31.5025573839 29.0192408036 28.7556571427 28.6592324618
30.980443672 28.5486081726 30.517366404 28.8640644061 64.0589893854 64.0589893854 64.0589893854 28.8930810971 28.5761809578 31.150036565 29.6259530132 29.5559089589 30.7193539924 28.597052036 41.282248052 41.282248052 31.8957402808 41.6254871263 41.6254871263 30.4390294538 30.1171422673 29.1799703342 28.552606962 31.3279332811 30.4151676021 31.4943740884 30.443961397 29.4947711134 31.0821229398 29.1292280216 31.2630672203 30.4754785247 29.5632449791 31.9212832588 30.6398488998 29.8132821546 31.9512932068 29.74365632 28.7181874891 30.4548466013 30.5330252347 31.4075199451 30.1872677639 28.6986057461 29.8871710063 30.528811467 29.3597641964 29.3349018531 30.1279544001 29.2847812326 29.6928717061 29.2511508611 31.1029926611
31.9062985276 28.5812956372 31.0688956108 30.4488141295 63.0068323468 63.0068323468 63.0068323468 30.3129509316 31.5495666042 28.7277356051 31.1387564783 31.5560032992 29.0739869873 31.7582900276 41.282248052 61.9267199647 31.7766997974 41.6254871263 41.6254871263 41.6254871263 29.5551459643 28.8219305864 31.737564642 31.4098448298 31.1276020763 30.3961350574 30.0825242107 28.7228947305 28.8868167058 31.1155752444 31.6261114544 29.8592634755 30.7434677093 31.1109324175 29.2637970805 29.6067320803 31.7117363015 31.428399902 31.0112785682 30.3786926446 28.6128681329 29.840386748 28.5339735345 31.0661225049 31.4353624353 31.0715748271 28.645962023 30.8005774528 30.9970187184 29.7041538426 28.5473872406 31.58159428 28.9196232778
29.0835992618 31.969479274 31.8164195448 28.9266584278 63.0068323468 63.0068323468 54.2487851992 29.4931507741 30.3104785282 30.4507881203 32.0057586009 29.3157712974 30.219201823 30.8710078371 30.3052142842 29.7982388803 30.2911052742 50.0322506932 50.0322506932 31.8429137773 29.3791404607 28.6451764285 30.9043350675 31.9566830005 30.0893545528 28.7748420648 30.974960192 29.9400200521 29.4694032305 29.0148574882 28.9095068497 29.5518103752 31.3257839114 29.4493733896 29.6175312118 31.2793305538 30.0779008556 30.1562149931 30.7907427293 30.9498634568 29.3261446606 29.4472714036 30.5714243322 30.7664911481 29.0104667015 28.9538251235 30.1694076831 29.7759649592 30.8749104872 29.9978743042 29.2289853405 30.6781112045 31.5458423663
29.1721286552 29.3274011305 28.5092543605 31.255529794 54.2487851992 54.2487851992 45.8128906578 72.4908044451 28.8571579774 29.1488038827 28.6240991129 31.3696642542 30.5186328637 30.0357967852 30.4388076913 30.8237719978 31.748096648 43.3332099296 50.5867442552 29.5360719882 29.1111357924 31.4841881466 31.5651050265 28.6706633525 31.5193530658 31.9895518541 28.5999379772 31.0165577497 30.5316824259 31.4939067998 31.2117523119 31.6871866147 29.334856532 29.6886476017 31.0587026811 28.789858318 30.9058604108 29.1954220377 30.4953997496 29.1078890886 28.7954144136 31.0640064461 28.8418709356 30.3543305145 30.1474246032 31.8913115315 31.1123666413 30.857165569 28.8328671236 29.4694155706 29.8688052278 28.6529142113 28.8179339592
29.65267418 29.9006687067 30.6899351375 31.4969233859 57.7603954909 28.6698285178 28.5076493301 29.929525815 29.1052426409 28.6751878497 31.0501664927 31.5330036003 31.6049010111 29.7104496159 30.2049551145 31.8551315122 44.6376704499 44.6376704499 43.3332099296 29.8107333278 31.9096546982 30.0774857673 30.8433132771 31.4383328289 30.7276934952 31.186559892 30.7467539696 30.8666845331 31.9716021776 31.2153032705 29.8636241781 28.7615424779 28.7485484852 28.804856906 31.4663690358 29.0525254138 31.7592858269 30.5741260984 31.200316238 30.9124250713 28.8824304414 31.1265525951 30.0046662585 30.6047324796 29.0138715461 31.3007136955 28.5112395136 30.1559274608 31.0338477532 29.1159726074 28.7043538177 31.5314350554 28.5322726317
31.8746157679 28.5927862535 31.0485332281 30.1374245697 31.1508230657 68.0809992023 68.0809992023 68.0809992023 29.1100751888 30.07599521 29.6805912021 30.6703162341 31.9613902688 28.9053073213 31.2805019057 30.9668020995 50.040911216 50.040911216 44.6376704499 28.6504382625 28.7718364054 31.0142468191 28.8053698507 28.7610608168 30.819948275 30.3693162997 30.9024299775 30.9425823771 31.7358141591 29.8449679182 29.7156158556 31.8482379826 31.1626829907 30.9441081763 29.4246499221 29.0522673462 29.2678884744 31.5591431548 31.7504120097 31.9117682579 30.7221324439 28.7400336527 30.2856368099 29.7523536626 31.9589925908 31.8792553177 30.9593393842 29.7062718297 31.420581139 31.4076890279 29.1733996707 30.6040060252 30.9173644717
31.6916294645 29.228396758 29.8192869113 31.2476300922 30.2040471777 68.2328433901 68.0809992023 68.0809992023 30.088415501 28.5021263895 30.9588292465 31.1829127855 31.1514292713 29.0251029828 30.7045960915 50.040911216 50.040911216 50.040911216 29.3245890125 30.2546946492 28.9397583574 30.3833421831 30.7166012854 31.7460188306 31.4840124228 29.0034998182 31.6584175176 31.9253002244 30.6174623199 31.2393193574 31.7692611886 30.9666387935 32.021922847 29.9677552603 29.0256910592 30.429266093 28.6672303883 31.4490584603 29.7507137538 31.7515111269 29.0808492394 30.1637137257 29.3096934179 30.994494347 31.0489013403 30.9521224738 29.0315805004 29.7353686177 29.6599004713 28.6332885708 31.4674054209 30.4693921006 31.4659520927
28.9773887517 28.781827457 30.7107632431 30.9679066293 32.0133322974 29.1527403883 30.291320277 68.2328433901 55.3616979695 28.9109324711 29.4302392724 30.5482522745 29.829392435 30.7390969065 28.8774677017 30.4042356991 47.8905126704 29.6015983863 31.6025058327 28.9839059552 29.5436213296 28.9277201722 31.0657772243 29.1773562078 29.0951439666 29.565779921 28.955759795 28.6389739404 30.7002452622 31.3145666757 31.1819981754 29.6095166062 30.53711899 31.4542764993 30.5936269344 29.8360267735 31.4704635324 31.1957706781 28.5918638925 28.5890013797 31.3030014859 29.029561476 28.8215595882 30.2822969983 28.7986134106 30.1861361798 28.739217319 31.8802910026 30.4177290319 28.8323923362 29.1441862761 31.9659232421 31.7067186793
31.6521983529 29.9532309721 29.3389261037 29.8703418833 31.8584233676 77.6463449735 29.0885947094 46.5010271916 29.8269395968 28.6219703715 28.9475262827 31.2615058107 28.9783159046 31.6566419679 30.5348005976 29.1072991425 31.7700113517 31.4042719711 28.5430601834 29.7886009676 28.7296985596 31.6565834877 30.7379817995 32.0014796648 29.728808915 28.6609929601 29.4362655435 29.4387551138 31.2615240068 31.4118296758 29.7234499714 31.7257189505 30.630150783 31.7381962884 30.7347468364 30.7955200666 29.9873929757 30.2185519912 28.9018415431 30.941453687 31.4362798863 28.7327380267 29.4540857205 30.4047076332 29.0046959223 30.0695531415 29.9649362992 29.6047202649 30.9416022716 28.989105647 29.7319491789 29.8493906257 29.6988046037
29.9639662837 30.0569584071 29.3016914884 30.2096670091 31.1020502158 28.7655301089 49.874952247 46.5010271916 31.7280024014 28.8539951836 30.865920514 28.6521948353 28.9190471773 31.2050986572 29.9402837183 28.8872605937 29.4151163611 32.0262615715 30.7218962278 31.0707106025 30.2971412527 30.6383575534 31.2241732498 28.7258219794 30.6942263693 28.5192457882 28.9744592489 30.5676771478 31.8217229289 29.7384575053 29.1128529233 30.5146166612 31.7831678656 31.1443235524 31.5709662551 30.4117487377 31.410328099 31.5826179164 30.1611133136 29.9288729289 30.962216956 31.8731601189 28.5247774189 31.7012294965 29.666302668 29.5378582756 29.7218233116 30.44296045 30.8054847668 29.3480132691 30.0746524852 30.7310099581 28.559198199
31.0596878388 28.7600350115 31.5143323189 30.7183506017 31.8197236253 49.874952247 49.874952247 49.874952247 29.8065514918 29.8476310037 30.4729954733 28.6065990927 29.5042336097 29.3718054921 31.3527030543 30.8459976645 31.1204551336 30.346819864 30.4572422593 28.9710051113 31.9741183215 31.6358315819 30.1629618073 30.2998653489 29.9197798069 30.6598790843 29.3147443078 30.5620162643 30.7154141718 32.0053951727 31.6537651996 30.9854092529 29.0806307845 31.9666696522 30.9587797229 30.8525192974 30.1613755474 31.693576831 30.647954168 30.8530732167 30.0460392297 28.5669778604 29.8110837898 31.5318149189 28.9774745831 29.8292195552 29.4300925232 31.6816570477 31.4628523934 29.0772743695 28.6897982821 29.4464867155 29.6233118946
29.465457158 29.4905969017 31.5622423287 30.5197906506 29.1601034532 29.2878614298 49.874952247 49.874952247 28.7859081441 30.5274161684 31.6671401376 31.0589494568 31.7631794586 32.0032561849 29.5836856548 30.4554829165 29.0092493617 31.6911792219 31.6768248098 29.1397448896 29.6705483103 31.1060498663 31.4391791677 30.6701571668 31.9287325166 31.2715679413 29.2925187988 30.0677132964 29.422183325 30.6057192583 30.4911938694 31.5695946702 30.3376624565 28.9115911676 30.548826324 31.2662166595 29.5706444454 31.771950258 28.9461342556 30.5367418379 31.6152882078 29.629476483 30.4389321622 28.8045625945 29.8628541604 30.1557208152 31.757945763 30.4737340904 29.9468287663 31.8610509276 31.1588761864 29.570736695 28.6931581374
31.147241719 30.3827613116 47.4029508045 61.5506001178 31.9614475222 31.3485224968 30.5379243555 31.1775787867 28.6674840551 31.3756105118 28.5330282015 29.8689320246 31.8313861352 29.5535616984 30.3826654742 31.111461457 30.4859359781 29.675826613 29.7610258264 31.4616922117 28.5661854402 29.9912160002 31.9985898893 30.9705648026 31.4946169911 29.9226843071 30.8139613225 28.7320773785 29.6707305234 28.5270340308 29.0702489725 30.2451469004 30.4393315739 31.7179608725 30.9075495217 29.4720549703 30.4356922041 31.4253319424 30.562790817 30.0150041708 30.7525014227 29.4613694691 31.9390174067 29.0912836104 31.4157614723 30.3478040623 29.6679133591 29.5112471678 31.3513404914 30.4310109489 30.9978907711 29.2527173105 29.3858593187
31.2228120045 31.4467086649 31.4212109489 31.2660293682 31.343281011 28.7845656826 31.2552471581 29.5590304652 30.4493202513 29.171201739 30.3474854596 30.2348085286 30.9059986827 28.6182562685 29.8557827468 29.0332562192 29.5296054535 31.9414537179 28.582484486 29.904275499 31.8404078278 29.8949286209 30.4890148131 30.7529576359 30.1284236395 30.6672949213 31.7720906948 30.0916212112 31.3656366829 31.2501384502 29.6600658495 31.0525547795 31.0040137915 31.4588577376 28.582198577 29.8483469915 28.9309794384 31.0502545161 28.851068849 31.2126796997 30.0668525808 29.9141792698 30.9762828858 29.9980602806 31.8576791967 31.5049554633 28.9274456857 30.3428257193 31.6334137693 29.0396734532 30.7072561228 29.010747287 28.7292480918
