Spatial_Output/BAU/BAU_1011.asc
NCOLS 155
NROWS 192
XLLCORNER 196307.867259
YLLCORNER 449144.565805
CELLSIZE 33.573938
NODATA_VALUE NaN
[rows 125 to 149 of 192, columns 56 to 111 of 155]
25.1027126937 24.8341210087 49.2828599118 49.2828599118 41.4718245693 41.4718245693 25.0787997487 25.2994851214 25.2183870365 25.5551505341 25.2780421898 25.149409101 24.0393530089 25.560868771 23.8782312886 24.1158045433 25.2697603642 24.1877181862 24.9836710998 25.3587612953 25.0809070513 24.4481639407 25.3522365952 24.3543818429 23.5556121476 24.6499974665 23.7928565209 23.7062292476 23.5916779882 24.8991112454 24.5062146435 25.3858037365 24.7721470341 23.8750438938 23.9854212064 23.7928370562 56.0115693797 24.0315035925 23.7828826002 25.4621197606 51.1745635456 50.780017533 25.4070153413 24.4196243372 23.6501087126 25.023496397 25.3720383065 25.0341375363 25.2134724253 23.7459054759 56.880680441 23.9708377638 24.5287722374 23.8524571903 25.2550317674 25.2552227719
25.3696949309 24.5007643006 25.1803090025 37.0852544316 41.4718245693 52.2290870227 52.2290870227 23.8148833468 23.54156377 25.3172669849 24.1615731563 24.9779827396 24.8741123662 25.4717227844 24.3114050813 24.316322754 24.7475941689 24.5386768341 24.0546278154 25.2912014186 25.2500360854 25.0129364766 45.2360724046 63.3745166867 25.344397633 23.9484046533 38.3422423629 55.7903703627 56.1225731602 24.2945203801 24.3249222905 24.0377679789 25.1061957544 24.7278912494 23.8573303875 56.0115693797 56.0115693797 59.3089205812 59.0679017654 24.3290992357 51.1745635456 51.1745635456 51.1745635456 24.4654738152 25.321872147 24.0071463001 23.7604343708 25.196260045 24.1926200813 25.2692603867 24.1764547089 24.8000633929 25.5291355148 24.9552625381 24.8718139728 25.5380101769
68.9505814733 24.304309183 24.2758820888 23.5834968257 52.2290870227 52.2290870227 24.8421255591 23.5528581782 24.0096772756 25.123607735 24.1142933398 25.1765620859 25.1671630137 24.1970080261 24.3617404918 24.5149587217 24.6115510277 49.8443443406 41.3903554433 47.4617885377 23.9966369872 56.2348532865 45.2360724046 63.3745166867 24.9165699296 38.3422423629 38.3422423629 38.3422423629 24.9863147423 58.493815877 24.8553234249 23.5716639885 25.2250819406 24.5925171473 24.0043544198 37.8538695119 37.8538695119 59.3089205812 59.3089205812 24.2905661617 51.1745635456 51.1745635456 50.780017533 24.651131231 25.2563330252 23.7353994978 24.2833370751 23.6062725379 25.0361572316 24.5038127116 24.6245523627 25.3729869202 24.7198639128 24.8940940637 24.7742180417 25.0771330609
24.392107611 23.5101269271 24.0639460854 24.51527694 24.6513199996 24.6099071746 54.8900365543 43.4218239312 24.6479221558 50.1372992703 32.8466081435 32.8466081435 24.7749248129 72.660854682 72.660854682 68.0504151099 23.6229946101 41.3903554433 41.3903554433 38.3097175224 23.9678377613 45.2360724046 45.2360724046 45.2360724046 63.3745166867 24.7853888071 38.3422423629 25.6024393606 58.493815877 58.493815877 24.4008326832 25.0030610376 23.5194151984 24.8534623489 57.5917601948 23.7633068283 37.8538695119 59.3089205812 59.3089205812 23.6793182748 39.6940109776 51.1745635456 25.3414512071 24.2183702428 23.7151870673 24.7213050072 25.0617880332 24.8215245951 24.1585224567 23.6433274137 25.3672217626 25.0479125451 24.5639944616 24.7745761555 24.9540092135 23.5721123511
24.1653775911 25.0993817477 24.5951528791 23.5113493303 24.5900249949 72.183728284 54.8900365543 54.8900365543 43.4218239312 50.1372992703 50.1372992703 32.8466081435 32.8466081435 72.660854682 72.660854682 24.9106375491 24.4514652553 25.6187929835 41.3903554433 38.3097175224 24.7239640043 56.2348532865 23.7913211255 24.9974974839 24.3501134587 51.2070780256 51.2070780256 23.8507359025 24.0653036771 58.493815877 25.3199344478 24.8635094385 24.5401763637 24.5423211362 25.4202714458 57.5917601948 25.0789046769 24.0885815629 23.8867775967 24.7032955398 24.5604942369 24.4860573237 25.1486003758 23.5016108591 24.3371801909 25.0562539645 24.21429034 24.7867087639 23.5172410694 24.6193213109 24.4697662903 24.4802628945 25.2500911348 25.5424595112 24.8823083822 24.5831753664
25.3085875793 24.5119183196 24.111085872 24.4867876948 24.8530835574 72.183728284 54.8900365543 54.8900365543 43.4218239312 50.1372992703 23.7974606888 32.8466081435 25.5056636026 25.5347838334 25.1958025017 24.3676804541 24.3638819254 24.1622590406 24.1504061061 24.1846489361 25.1327724029 24.5009498203 25.0218409317 24.913544578 51.2070780256 51.2070780256 51.2070780256 25.5155540569 24.5631888708 24.3491162814 25.3574367904 24.6922144466 23.9715480496 23.701181451 24.4674461292 25.0120859375 25.3273158602 25.1591927458 24.0565865505 25.4777809831 24.6118979685 24.8295951324 24.9138136938 25.4235520757 23.7221570879 25.2498904809 25.2911879129 25.257383515 24.1887688105 23.6888155138 24.8223555935 24.9843365293 23.9093536813 24.5804927932 24.5190546097 25.0376780509
25.4763878725 23.737789859 24.5739999971 25.1603251415 24.7851827221 68.4371135745 57.8562816011 57.8562816011 74.3511943821 23.7798795318 24.1867394407 25.3035233413 25.4273664298 25.131096159 23.5436956107 24.3192677052 24.0545425311 25.004637277 23.8410708863 24.4027158052 23.7848869685 24.6041858041 24.8966318403 24.334284172 24.5771837763 55.8289440869 55.8289440869 25.528006033 24.2508231264 24.4190410235 43.0323510748 24.6004565758 24.6285090328 24.1355849896 24.0468125166 24.3944444673 25.0628733806 25.4078379169 25.3916743173 25.0048529029 23.5128719839 23.8634022915 25.5782433511 23.7611181952 24.3458870533 23.9884306814 24.1699510715 24.8273379709 24.6267365215 25.1661607253 24.4427000711 23.6241578492 23.6738977077 24.2457966692 24.1543022811 24.8808483236
23.5673715707 23.982176026 25.1202096763 23.7742525718 23.6384613186 25.5868606841 74.3511943821 74.3511943821 49.2294135308 25.2096260892 23.9337925582 25.0551621689 24.8363756885 25.0115553138 23.5685501262 24.8663384294 23.6467020695 24.0519625319 24.2507104603 23.8501097165 24.3822908624 24.368669592 25.563722784 25.2740505633 25.3498954926 55.8289440869 24.6075500483 47.8251708384 23.5841245299 24.6881340278 25.3135262938 23.5384323046 41.4863020741 24.0972387418 23.5395185052 24.3228027764 24.3033750231 25.4759088885 24.1952997175 25.2769756182 24.0342416181 25.0867081324 24.1170934037 24.1022917951 24.8118004666 25.2644427413 25.2130955627 24.1228494196 24.017922991 25.0606790788 23.7433262712 25.3344470156 25.5558485989 24.6201060977 23.8136323176 23.7827160441
24.0582190426 25.2643708304 23.5178717748 25.0177069401 24.11945545 24.1116230191 58.9737379424 54.2142871223 54.2142871223 54.2142871223 25.0346117418 24.963445263 24.3192576245 23.8217776779 24.7424908717 23.5836198822 24.1995929513 25.4423769476 25.141946819 24.2465788012 23.9430398166 24.2005448708 24.5878926662 23.8286829277 24.3671986879 23.6178918898 25.6143154429 24.7059895129 46.1224023869 43.0323510748 54.8725134914 41.4863020741 41.4863020741 23.8958383443 24.0626314069 24.1870489104 24.1103633411 23.5165769072 24.2468615207 23.5933746876 25.0649358013 23.8929104781 23.542937633 25.6165171429 25.0394916274 24.535894919 24.717647045 24.569108788 23.7850680995 24.6862675742 23.8909060321 25.3495448582 25.3213387819 25.4474797815 24.0676458673 25.4670971006
45.0967322611 25.4651699675 24.7364673051 23.7983905182 24.4978505764 25.0863619668 54.2142871223 54.2142871223 54.2142871223 38.2646749792 24.9261472219 25.5618369821 23.8139031009 24.6367954255 24.3977362238 24.5221524725 25.1685887557 25.098108555 23.526820792 23.723341158 24.3248092327 25.4480118245 23.9707685856 23.505543105 25.3470065116 24.1468142697 24.1603669733 25.1067918453 23.7782172077 25.1961761235 59.3638815189 41.4863020741 54.8725134914 57.313162059 24.1961577361 24.0814746282 25.5102094084 24.963154864 24.4641290645 25.1335113075 24.1447384876 23.5691360374 23.9554672563 24.881761343 24.0053707231 23.7774674513 25.2315518675 24.566918234 25.4146474425 24.0068607043 25.0195536997 24.9809018568 23.9756203776 24.2919011947 25.2120671573 24.8148547513
25.1596837455 24.1679680302 23.751342166 25.2357316529 24.7057164188 25.5611106246 24.8190605579 24.2996690714 38.2646749792 25.5867670351 24.2758459936 24.9302125561 25.0307340001 23.8082728204 24.2277486827 23.9089553273 25.4371379774 25.3122325121 24.8091683885 24.8260046493 24.0102469126 25.1316105555 25.2250273833 23.6678680728 23.5886421381 24.5786455734 24.2705797664 24.4837926429 24.8719056036 24.5664421361 24.3607679815 46.4051409632 57.313162059 57.313162059 46.4051409632 23.9918349152 24.2211414571 23.922540567 25.0819873851 24.2291935857 24.3265995891 25.4079569184 25.4150689563 24.0823161906 23.855141177 25.5898247835 25.4424915792 24.0720877509 25.5452377471 23.845807665 24.4372673934 23.9024370262 25.0111516662 25.3322066961 24.228455492 24.8573399525
23.7251424205 23.8595745172 25.5216946225 24.8634944062 24.0741179699 24.9096867388 25.4638137684 24.8902163665 24.892080821 25.5943134767 24.2162613056 24.4674723647 23.6532508899 23.8124752316 24.0670627015 24.5244300497 24.047210418 25.4892349687 24.1494226619 23.7620323817 23.9526740067 24.1489381156 24.126356976 24.8897734287 23.6263870277 24.4399046949 25.078865334 25.4029368174 25.5529209049 24.0770380839 24.6793517848 23.7364478767 25.0496594829 57.313162059 24.6198113842 23.9707258432 23.6889342387 23.9560016208 23.6187297551 25.0072855863 24.8258120053 24.5131941835 24.2769487639 25.0194995422 23.5210326019 25.4397363351 23.9639061915 25.098211892 24.7522723681 24.2536988616 24.5192704256 25.3598567618 24.353296278 24.732806369 25.1375937335 25.5314536202
23.7857176547 24.5917604325 24.2523357483 24.888283992 24.2346454345 23.6417928348 25.1734119884 25.0004219354 65.015317829 24.1662784802 41.9742296223 24.2836062782 24.5226232288 24.5032320943 25.1423085935 25.518877963 23.9660374882 24.5515470888 25.4983950908 24.1312644193 24.1443805874 25.0482731603 24.8349570108 23.7300071152 25.192768616 24.8727665053 24.4819833152 24.9621039273 25.3498388876 24.7691075 23.9682466744 24.0142192032 23.5318966916 45.7020928566 45.7020928566 24.4005877772 25.0858444696 25.4573869508 25.2346473659 23.6548098699 25.1843738624 24.1895413989 24.5308654365 24.0584696865 24.0118333536 24.5866715034 24.3040835616 24.9071188493 24.5611503056 24.0909394462 25.4677822221 23.910510639 25.3316412258 25.1004399493 24.1452288252 23.9036716072
24.7458109823 24.4309043094 24.1789281665 24.7748857912 24.1537012257 23.9523234769 24.728090114 24.9226239512 41.9742296223 24.5029263003 24.1477211071 25.0300448504 25.2655247951 25.1232796818 24.7066767364 24.3539125931 24.2593311386 24.6958097869 24.6674833336 25.3544838995 24.4919211869 25.1199257445 24.4908699608 25.174057732 24.5385584524 25.3683871489 24.3916057954 24.1800993757 25.4678411505 25.1285525003 24.3955123681 25.1773478075 45.7020928566 45.7020928566 45.7020928566 25.4100287194 24.8935000346 25.2899932799 25.0143242744 23.8679703902 25.1862183293 24.1747543049 24.6209381357 24.6522217679 23.5612027962 24.7194851276 25.1119146857 24.9626988716 24.693133922 23.9945099144 24.953030654 24.0933180178 25.2505766325 24.3850248592 24.5865815605 23.8207753871
24.8311636956 23.7144514256 24.5878983602 24.0875743406 24.0553090009 25.0589234918 25.4900738881 25.0521694829 23.5675501352 57.3719103536 57.3719103536 24.6861721155 24.484922021 25.0107772721 23.610076621 23.843887743 24.2360306693 24.0532873393 24.4980588161 24.297614658 25.456516375 25.3108025497 25.0167884671 23.7224371817 24.5669561226 24.9712829439 25.5824723345 25.3069491206 25.1865681123 25.3754060748 24.8111450089 23.6181711457 56.2269415553 57.0868734824 72.5617967808 23.7305918844 23.623773985 25.1790691156 25.3827707578 25.1458889951 23.5960629328 24.4420856835 23.7534244795 23.6258829367 25.0366978662 23.7954866083 25.4009496828 25.3236947782 25.3083560078 23.9511991097 24.0137395209 24.1518704028 24.1942561903 24.1919253092 24.2386942415 25.5869226219
24.0565228949 25.0737029527 23.7193144699 25.0903097552 25.1053426505 25.2667947036 23.7983255539 23.8155065288 48.2076774441 48.2076774441 48.2076774441 24.7037822416 25.2402013801 23.5743106132 23.7450011791 24.0278727794 24.831988746 25.1029108346 23.8275336468 24.7807396618 25.1294873487 25.6165478046 23.7589716238 25.048884286 24.0098201139 23.9680417643 24.56482746 25.2543116964 24.2554712764 24.7954685122 25.209018206 24.5313072811 72.5617967808 72.5617967808 72.5617967808 57.0868734824 25.2939243593 24.4049488247 24.43127683 24.5018600247 23.9590025474 24.6962494184 25.3229036736 24.4530099361 24.8007164349 25.3779313983 24.2661803762 24.026520256 23.65820542 24.7997682207 24.5640882553 24.7747977268 24.4894072209 23.9032139976 25.5864450629 24.9878910309
24.2146611555 23.7568778764 25.2777552493 25.3603743392 25.2228828393 24.6616225567 24.6939776523 24.9109360196 25.2182597246 48.2076774441 48.2076774441 24.5091936168 24.3808670989 24.30952514 24.539008542 25.2008543982 23.8501320121 24.7017212572 24.5629125527 23.8061716322 25.465018234 23.8603646364 24.8795463774 24.0838421566 23.7882853164 24.3635035581 24.8177399929 24.0491136697 25.5476441925 24.1956902885 23.7621820683 24.7572529622 24.2067223078 50.4230155283 72.5617967808 81.0725733465 23.8526392319 23.9300896177 24.3211324811 24.7535866506 24.9691834141 24.5302955879 25.0814102988 24.2392108648 24.4401208762 25.4171766907 23.5768001632 23.7627641461 25.2951073055 23.9255757722 23.6101748429 24.0404730504 24.7140886048 24.9722475592 25.585401981 24.9007800401
23.6797952192 25.5588129188 23.8329978984 24.1895830681 25.5471926609 25.5368756538 24.4901784481 23.512504279 25.4590574155 56.2172042597 56.2172042597 24.7682728443 24.651484308 23.7645521638 24.1089388222 24.1164161226 24.3279970779 24.9222364566 23.7904817715 24.3498554452 25.3568343284 23.5415461019 24.650876748 25.3690290751 25.3820102226 24.6125721817 23.8383935069 23.9290412435 24.1400952807 25.3994811809 23.6567742076 24.1093879551 25.0101629031 77.5449579035 77.5449579035 77.5449579035 24.0806777716 25.5761130202 24.3814013321 24.2078756897 24.5934143291 25.219609868 23.537100094 23.8010503049 24.0415374869 25.4153559399 24.2922655946 23.6396848927 24.1852161102 23.5386077646 24.9680302624 24.5320101072 24.2653218026 24.4158305959 23.5469708841 23.895584872
24.5361643313 24.5707608625 24.0140924904 24.9944586299 24.5105879647 24.0809494181 25.2745680123 24.9323352481 51.1399512282 81.0767673629 56.2172042597 23.8865104073 25.055844166 25.0641019888 24.2424652852 25.0487468953 24.9699284761 24.6049175736 24.2215999897 25.3911973004 24.8996015705 23.8078505286 24.5815857359 23.9626637937 23.841211576 23.9075484103 25.0540353115 25.5582126487 24.8711142342 25.0416430109 23.6943038518 23.5199048163 24.6074698828 77.5449579035 77.5449579035 77.5478699764 24.9123585154 24.4754352327 23.8316960693 24.574965145 24.9706853268 25.1982024606 24.5089545158 24.7897284024 24.9849665491 24.1069845939 25.168669733 23.5353910979 24.7843474767 25.6169753872 25.0745279493 24.2422989242 23.7337572587 25.2143159262 25.0840983634 25.2807987749
23.6131180298 23.7467440265 25.1161830406 25.4449088983 25.5571405564 24.9166044602 24.6328623079 24.7727157217 81.0767673629 81.0767673629 81.0767673629 25.1013554314 25.2799389444 24.1558146664 24.2852890832 25.0662260698 24.9054429657 23.8455050207 24.2921333726 24.259189746 24.4014870003 23.9664300386 25.5026292459 25.0320878409 24.8542797089 25.1450039617 25.289443178 24.8188375647 25.3155013196 24.2507313777 25.524903073 23.5910719659 24.3596592889 24.4972067189 77.5478699764 23.6638758679 25.5889281425 23.9355794261 24.5252756072 25.1230240461 24.8653885883 24.5639905339 24.7020159417 25.2944610561 23.7883582974 23.993610758 24.0223929693 25.3515067514 25.1435595864 24.0127431945 24.6552354182 24.8559923924 24.3661324566 24.8441469219 25.162477821 24.6559281503
24.0151041646 23.6030778261 24.0560693106 23.9557916595 23.9656570181 24.2202537898 25.3063449237 24.2146037265 25.2718583977 81.0767673629 80.7985055984 23.8681906478 24.1452563643 24.8031864723 23.6238464089 24.9574504768 25.4623610496 24.7144985403 24.2173003451 25.5243075051 25.4527362224 24.2258469408 25.4414354557 23.639971691 23.6137118424 25.023235412 24.6231937399 25.367022236 24.276401814 24.9856213389 24.402562774 23.7467482582 24.0758931334 23.9215129973 24.69766964 24.4228167725 25.3001914546 24.563610552 25.4670490292 23.5748172529 25.1550663175 25.3051712608 25.5227791065 24.7842967773 23.7848252057 24.0510809232 23.7680500732 25.0041018497 24.9634597862 24.0062492872 24.1930184844 24.4912697868 24.3292921297 25.3808086471 25.5909745533 23.5879451928
25.1751286836 25.08934455 24.014123772 24.5689516567 23.9799991601 24.3647667404 24.9542453053 24.4712412633 80.7985055984 80.7985055984 24.0405769991 24.5077434419 24.0228115092 23.7281245379 25.4791694941 24.9029876164 24.4845752295 24.205750701 25.4537629248 24.1524516156 25.3377206201 25.1728212838 24.811309103 25.0928843764 24.5645826593 23.9445184557 24.6418984835 25.6133820103 23.7302990866 25.4323249289 25.0470645431 25.0422143962 24.5285154838 24.4294663438 25.0837539318 24.8216207048 25.4895043649 24.9262405351 25.5008645396 24.7273801151 25.1425867311 24.4633191516 24.6483967814 24.2529731305 24.8621623337 24.2347786854 24.9312682499 23.752266475 25.1924002829 24.0751624444 23.6493432462 25.2055651823 25.3362621765 25.5914092953 24.2012709941 23.6051944713
24.6252564431 25.610102823 24.249784647 24.8332853041 23.820947937 24.6127398247 25.1097343563 24.1732121464 24.032505588 80.7985055984 25.4448003331 24.2052220487 25.4775264626 23.7463419369 25.6211679436 24.143549343 23.7931748179 23.6733335898 24.4207455455 24.0846180937 24.229401418 24.3364806397 23.5186663153 24.1382483212 24.8101900576 23.7822040485 24.3537651054 24.2123673999 23.6014228757 24.9044541597 24.2847762617 25.4472049396 24.8737909203 25.5896243238 25.0671509798 24.6465595695 23.6234199115 25.5723802498 24.5580231942 25.5649673849 24.8986013185 24.4012394176 25.2356663131 23.5821378414 25.0148407694 25.4109760487 25.2727937754 23.9587185674 23.6502225213 25.5778781159 24.3043524387 25.0070434241 23.7002472583 24.6779550463 23.5706833535 23.5206939517
24.3212303731 25.1950215207 25.1545283459 25.1596370431 25.5188474768 24.0418874718 25.4556084153 24.4670081074 25.0566079706 25.4408290618 40.1261338193 25.1586953542 24.9180387314 23.9620219726 24.0374303399 24.9380293474 24.0230646139 23.7851801145 24.8731458107 24.9844100885 23.9284903081 23.6367118607 24.2779435697 23.9622612102 24.7526099904 24.4646698014 24.2720595501 24.3222197556 24.2268800953 23.8474676292 25.1997136339 24.7181784611 24.6716487791 23.6168531264 23.5082730688 24.3222127727 46.59327245 46.59327245 24.4752816448 24.7927921827 24.835915292 25.20980571 24.8317726845 24.8944904804 25.4860199559 23.613941575 24.9558525309 24.2803610856 24.1452582582 25.2219662675 25.5420716451 25.1184381895 24.1106343017 25.0038847313 24.2617511039 23.8959088402
24.1039806323 24.649913988 24.7156895392 24.9563389042 25.2372180708 23.685784095 23.5806902182 23.5859829717 40.1261338193 25.5388832551 24.3504540269 24.4615586375 23.8508307927 24.5918773595 23.7296200634 24.5151355116 25.2262994022 24.576722926 24.7850162206 25.3263322655 24.827190875 25.4340742184 24.8430239063 24.7661756439 24.4418822273 25.578346638 24.7533331478 23.9467745618 24.4864244968 24.8975437231 23.7690812971 25.3908952945 25.3308729043 23.9650565268 25.2318840416 23.6687346172 46.59327245 46.59327245 46.6147567975 25.4562570101 24.9123633635 24.9599816786 23.6582992678 24.4076605067 24.5166129332 24.1010987877 24.5210443407 23.5338559938 23.8181424095 23.7482954416 25.5651130413 25.2573770968 24.8817643111 23.7899950192 23.5905450268 25.4788725709
