Spatial_Output/BAU/BAU_1058.asc
NCOLS 155
NROWS 192
XLLCORNER 196769.923733
YLLCORNER 449719.875193
CELLSIZE 27.603701
NODATA_VALUE NaN
[rows 69 to 91 of 192, columns 53 to 105 of 155]
23.0701554914 22.6085588498 22.7590126699 22.9754952124 22.5070495332 22.6881836104 22.8793056612 46.0145598238 46.0145598238 22.6460513775 23.0275933493 23.0691212813 23.1737967418 22.9329644537 23.1818007452 22.7704448369 22.6314610422 23.189320361 22.6070284784 22.7472874063 22.6589216341 39.0747402933 23.1864084114 22.8102079897 22.5503479618 22.8343367879 63.3442931523 22.8190448173 82.9058943425 82.9058943425 23.1446689651 23.1870383181 23.0976902893 51.9402683267 22.5639770646 22.6349334504 23.0859554207 22.6149844565 22.8807205251 22.5788092198 44.114148347 44.114148347 22.6810028424 22.8016186382 23.1583023198 22.8993792835 22.515989062 22.9771560177 22.6013578619 23.0017909963 22.7389970816 23.1924613791 23.0594431554
23.1495070271 22.7052499182 22.7022481464 22.733424103 22.8045277577 22.5489992677 23.0510062703 22.5607332862 22.6946620211 22.7243628173 22.6877035494 23.0693304317 23.1923767866 22.8902263663 23.0694215941 22.7269384091 22.8305659601 22.9075198604 22.7536272651 22.9681529275 39.0747402933 22.6462507014 23.0025758336 23.0983227856 23.1862918055 63.3442931523 63.3442931523 64.8335773821 82.9058943425 82.9058943425 23.0476974785 22.5713492277 22.9468548325 22.6934807973 22.5913593357 23.0090169972 22.5760138463 22.5029899373 22.6729034104 23.0719934721 23.0290916932 22.9042582311 22.5680156827 22.5972811432 22.7932938216 22.6393343232 22.8136089312 23.0455370413 22.733310758 22.9085673843 23.1947874551 23.0357807978 23.0609988515
23.1653877042 23.2024027999 22.5309214796 22.980013609 23.1555168571 22.9864440503 22.8958483507 56.2048114045 56.2048114045 56.2048114045 22.6468878405 22.7066323887 23.1512246962 22.9101895214 22.635960471 23.147570093 23.1177366355 55.9734830635 22.5703999191 22.5765795148 22.6706433231 23.0874926114 22.6155541539 22.8658533055 23.1503319942 22.9167959392 22.6539455014 22.785086678 22.990870965 22.6857440108 22.5848562457 23.1202912219 22.9413452792 22.628589997 22.9499242932 23.0383167984 23.1066282572 23.136402836 22.8463427926 22.8718633587 22.7861855185 22.6276656267 22.9696684144 22.6552687276 22.8455313757 22.766617468 22.8698855308 22.514107233 22.7801116622 68.9177723432 22.5988589738 22.6513486668 23.1536574907
23.0556373676 23.0923487814 23.1057701316 22.9743309477 22.6556739954 22.8117052264 22.7944016211 55.7689241081 56.2048114045 55.7689241081 22.9114183926 22.8948950447 23.0746099153 23.0133258975 22.9099630428 23.1375679446 23.088364766 22.7482097178 22.8172121255 22.7476584405 72.8860909363 22.9951335093 22.6151172987 23.1360147861 23.1786363178 22.5973279655 22.8294233732 23.0444748447 22.6078531448 22.7493018361 22.816546021 22.5249954265 22.9817290437 23.1957410394 22.6612534992 23.0422815414 22.9482717847 22.5831625533 22.6761113763 22.6805571282 22.8841274358 23.1020636046 22.9488460665 22.6381265958 22.7455768085 22.6885638664 23.049415736 23.1707559649 68.9177723432 68.9177723432 37.153359154 37.153359154 22.7457567259
22.7233657663 22.9153483494 22.9574114114 22.8351152068 23.2069376101 22.8658325082 22.9747404147 22.7000613846 22.8768909471 23.118893403 22.7094675385 22.5696783378 23.1015333977 22.988063896 41.938560697 22.8215011003 23.1714673763 23.1994364978 55.9734830635 72.8860909363 47.1063481695 47.1063481695 22.9292698366 22.540288855 22.5617957797 23.1463115565 23.0871846855 22.7034734826 22.5110623278 22.9691216095 23.0855383318 22.7077270662 23.1782674085 22.6395706887 22.6826803687 23.1930546847 22.7843035704 22.6382333674 22.5271683551 22.5175303188 22.9822905682 22.9629686175 22.6789986359 22.787514956 22.7175257767 22.6745202479 22.5330060455 22.5897719858 68.9177723432 68.9177723432 37.153359154 37.153359154 53.4776673105
47.9192038011 48.2648093062 22.5160158042 22.7515959541 22.7155426569 22.6655486775 22.6873451395 22.5231116354 23.0259263253 23.1170458122 23.1263871401 23.0863239474 42.0626733599 42.0626733599 45.485279585 23.0672769919 22.6882065239 22.9603696784 22.9832763437 47.1063481695 47.1063481695 47.1063481695 22.8738614292 22.6137166387 22.889650365 22.8648918014 23.1638118391 22.7230151192 23.1675104645 22.839852767 23.0169859908 23.131950545 22.5281850922 23.1598782462 23.1948233779 23.1367875895 22.8818574271 22.6877347409 23.182333574 23.095504912 22.9080558188 22.592584035 23.0134462236 22.8541153375 23.1266269741 23.0231226808 22.5705839607 23.0155217324 22.7629484133 22.8100581331 37.153359154 53.4776673105 41.9197557906
47.9192038011 47.9192038011 48.2648093062 22.7840451032 22.8794580295 22.9413609629 23.0165614718 23.1724699032 23.0813779487 23.1758004912 22.8056953637 38.5389569117 42.0626733599 42.0626733599 23.1421627618 41.938560697 23.1989781442 22.8798136507 22.5441949852 22.9277973193 47.1063481695 41.4033497773 72.223259538 22.9103163083 22.9286727326 23.2013434502 22.8840341024 22.5279677628 23.0639406568 22.9076251296 23.1369805215 22.5709794129 22.7602921147 22.6354921832 22.800477519 22.7344640832 22.8951052493 22.914791653 22.9366124899 22.8983179701 23.1430088761 22.7523246258 22.8152243467 22.626489023 23.1352536166 23.1296185169 22.7739118065 23.0869352692 23.0464255894 22.6546324603 22.8255839974 22.7378535488 41.9197557906
47.9192038011 48.2648093062 22.8599764027 23.1381282762 22.9051053234 23.0132959233 23.1621143636 22.7908581724 23.0160802999 42.2414697481 42.2414697481 42.2414697481 23.065505575 42.0626733599 22.7441377588 22.9396754569 22.5289902949 22.8325930193 22.8804259786 23.0949228312 22.8711440176 22.7681392243 22.8680798586 23.0601947074 22.6233631839 22.7474212824 22.569914248 22.9385768822 22.9885525748 22.5673293067 23.037774329 22.5325484977 22.9846528717 23.0661263101 22.6220077774 22.7474103303 23.0412433027 22.6905644881 22.7430453364 23.1116689726 22.6579263629 22.6538520165 22.5869164985 23.1153572833 22.9234270185 23.1992235194 22.673628731 22.7748110941 22.6936436838 22.6003664479 22.5348335211 22.6687650563 23.1623270878
22.5813798224 22.6926935597 23.0744678185 23.1756259733 22.8350565346 22.8685928849 22.9259496723 22.9581681303 23.0687097511 22.5307023031 42.2414697481 23.003786265 38.5389569117 23.0926397143 23.2008937934 23.0680748272 23.0894891677 22.9878184493 22.5022016129 22.823051762 22.957804278 56.1086756504 22.5511166705 22.6289205689 23.0135634777 22.8425751774 22.7774961102 23.1095502653 23.1144276784 23.1030129011 22.8819886816 23.0062744861 22.7662550289 23.1176922795 22.7374124327 22.9233725714 22.6483016615 22.5660410594 22.92624673 22.6408578955 22.7188904568 22.7569555412 22.9531715224 23.1483630604 22.7606760428 22.710618624 22.662481696 22.8836162831 22.5070692446 23.0399282766 22.9204215921 22.8921397546 23.1704750057
22.7584889545 22.5804507812 23.1168339795 22.5546473095 22.8591236836 22.8910622654 23.1302417869 22.8934773277 23.1325757631 22.6048561101 22.8614321187 22.7095496873 22.7671496391 22.5875214759 22.7863291822 22.9778768649 22.7722197651 23.1656863446 23.0770163865 22.8851277159 22.6865742966 73.7105838178 73.7105838178 56.1086756504 23.1179588331 22.7955026857 22.9002722122 22.5202507989 22.9359741125 22.7939518079 23.0128159847 22.8782791544 22.7207106767 22.8086370018 22.9777481942 23.1489163395 22.821193061 22.8519921967 23.0067006043 22.9994032839 22.9626877002 22.7742613011 22.6277674004 22.8829210908 22.6323558529 23.0258965868 22.6067164745 22.735992947 23.0474615097 22.8022750984 22.5717741825 22.6362477008 22.6722913614
22.5857997207 22.9864353551 22.6842874276 22.563726456 23.1618330818 22.533552573 22.5325688814 23.0086776443 22.9573191963 22.9923448356 22.5257298122 22.6513711728 23.1365534179 23.0501357687 23.180345987 22.5342824136 22.8180171684 23.1525611155 23.0980341356 23.1876770184 73.7105838178 73.7105838178 73.7105838178 22.8772499242 22.5274513412 22.8709806762 23.0991874416 23.1909460475 22.8264421689 23.0374373308 23.0783527829 22.5046570583 22.5359392948 22.5711579954 22.8192280309 22.8513273768 22.7413541291 22.8941919541 22.6687430689 23.0498467102 22.6090336101 22.9265767278 23.164813629 22.7410328898 22.8570015723 22.6768821281 22.5981481545 22.6501589495 22.7829085958 23.1106784847 23.0218359923 22.8395052302 23.0906121591
22.773340785 23.1685199042 22.9011144525 23.0165288346 22.9896923627 22.5298113949 22.7534733609 22.5445865134 22.9445756174 23.0883163139 23.1867902469 23.0788235843 22.7881417871 22.5633521193 23.0731617021 22.6337361663 23.1080105244 22.5154578253 22.9226045443 22.7462184807 23.1583874311 55.2664407852 55.2664407852 55.2664407852 23.1804210656 22.5980175854 22.8458143843 22.935268872 22.9618923785 22.5974701884 22.6147374131 22.6218026313 22.7827022066 22.8597256421 23.0352164646 22.6124895876 22.7300688517 22.9581751278 22.7347471705 23.2018260294 22.8428704533 22.6973721773 23.165014908 22.5906411001 23.0208260453 22.9195499707 22.6249148964 23.152022228 22.9871727812 22.9678786609 22.816070269 22.9940295669 23.0001042467
22.7541903927 22.7536184472 23.1138084388 22.7544369812 22.5677198953 23.1066878088 22.5296640554 22.6971843856 22.8473070184 22.8432180391 22.9143948897 22.7871623636 22.837310704 23.1552571841 22.794507671 22.5202660789 22.7325277356 22.7409021005 22.9600983126 22.7059722948 22.7211209006 51.2717618134 52.8067827574 52.8067827574 22.5626051762 23.1766928575 23.0489337891 23.0723598741 22.9607762136 23.1005294705 23.0001914075 23.0405758517 23.1687779811 22.6558166331 23.0545702596 23.0140077148 23.114159297 22.8699892866 22.9520749746 22.8568519901 23.1412188096 22.9764484725 22.5510882583 22.7573680861 23.0419252637 22.8416643893 22.7803835764 23.1596861049 23.0806533581 22.7076883542 22.6587910263 22.954491085 22.5528440378
22.9876134701 23.1373619306 22.5833004827 22.8050421199 22.999375909 23.0029566105 23.1262786965 22.9512687585 22.7609684289 23.052622134 22.6393179553 22.5077349879 23.0977687748 22.8120993474 22.5136005021 23.0607462793 23.1644827072 22.5508267708 22.8145852747 22.7361635864 22.6190667218 22.9801141465 52.8067827574 52.8067827574 22.9725218244 23.140490642 23.028155743 22.5281770477 23.0124255166 22.8856771318 23.070676189 23.1927185424 22.6991355533 22.7679096597 23.0886941023 41.1571408089 22.6727162933 22.793296898 22.9914686656 23.1802232894 22.7297840135 22.7495628653 22.5302482705 23.1847594125 23.0267375314 22.5414945485 22.7146968552 22.5924104044 22.9575725046 23.1206058142 23.0831708699 22.741556451 22.9162617591
22.6699774001 22.6586636901 22.9493732328 23.0264610466 23.1589490342 23.0728136361 22.7167306496 23.1016136355 22.9684781074 23.0227804011 46.1548112673 22.7633434351 23.2027884639 22.5036960061 22.6282046004 22.627951378 22.9421603694 23.1883410016 22.6720844097 22.5444642889 22.7619216558 22.536220724 48.5897223381 48.5897223381 48.5897223381 23.2059352176 22.9073257187 22.6881368843 22.8338310205 22.5018677598 22.612004658 22.5112262146 23.1615933436 23.0087737492 22.5500736383 41.1571408089 41.1571408089 22.5203008442 22.5782059836 22.8502032795 23.0241208989 23.1279249911 23.1654677435 22.7559942863 22.7518277483 22.6735944008 23.00997878 22.5605763248 22.8757286994 23.0183042167 22.5990599408 22.960132342 22.7707031614
22.7294365072 22.5929391272 22.8642086681 22.6592279456 22.8740292369 22.6052502889 22.5210421671 23.1840219409 23.0234609486 22.612685718 22.5070707337 22.8738106762 22.5571538796 22.8942907585 22.7731920207 23.1313043543 22.7673387397 23.0218122944 22.7857432695 23.0032322246 22.8019514999 23.0282831352 22.8596189143 22.8589953084 23.1329944764 22.6591839547 22.9950136492 22.7377178474 23.1617851094 23.126627586 22.7638179512 22.5654014186 23.0318492985 23.0816999735 23.0057797654 38.5521241005 38.5521241005 22.9434254791 22.9803389107 22.8095041325 22.8820346722 22.5602084268 22.7496613588 22.7701133653 23.1261125879 23.1242092915 22.5693258836 22.7544166115 22.6388772276 22.9696243469 22.9975862899 22.6260512222 22.6939367949
22.958834791 23.1056320933 22.7080894339 22.7997360492 23.0872716301 22.7710058398 22.8490358061 22.9550375668 23.1325630029 23.1798423809 22.8255872302 22.501916856 22.8116057447 22.5786206843 22.6748697843 23.1863838403 22.5432365745 22.9994519373 22.7969167726 23.052585059 22.7633701323 22.850761647 23.0157657384 22.5624548921 23.1620779975 22.5630274318 22.7282060211 23.096286183 23.0329188887 22.6731685195 22.9199729735 22.6485265414 22.7949814718 23.1581592902 23.0182922886 38.5521241005 38.5521241005 38.5521241005 22.6347879043 23.1973653598 22.9719750876 22.8511610017 22.6978784055 22.642479708 22.8228305128 23.13091801 22.8566679229 23.0338271914 23.0486832958 22.788079821 22.9802199886 22.8859126653 22.6556632779
22.5259742197 23.0654426567 23.0102311878 23.1177080532 22.6386106255 23.1404480083 23.0168423849 23.0472306784 59.85824808 43.4895449556 59.85824808 23.0625183206 22.6745182281 23.0771191928 22.9567247137 22.8455325631 23.1111061033 22.6969246784 22.6180092123 23.1887572889 22.9197344271 22.8718567728 22.9497258813 22.5762218628 23.0571206621 23.0845359899 22.6540798645 22.9534215171 22.9467058989 23.1311873522 22.6868794842 22.5145242595 23.017182874 22.6955000263 22.7566996385 49.8859135806 49.8859135806 49.8859135806 22.7397171035 23.1432118564 22.9346723847 22.880459392 22.8250429524 22.6418102244 22.5991968941 22.5963801221 22.9081309734 22.8645992015 23.0103376423 22.9460502322 22.5275158547 22.6856816276 22.7968582115
23.1907991582 23.1220852242 22.764211046 22.5694442807 23.184865597 22.7598977867 22.6411346613 23.0023781519 43.4895449556 43.5359818106 43.4895449556 23.1026426739 22.6449586516 23.0642986823 22.7570764261 22.6342287067 22.7283631009 22.6856730311 23.1842513533 23.0713831963 22.7282595678 22.8033320913 22.6589607966 22.9504254736 23.057655436 22.5733939927 22.5455136842 22.8248493622 22.5579728796 22.5428857911 23.0593266707 22.7073736683 22.9440751725 42.8314567729 23.1976782249 23.0741197894 49.8859135806 59.6579352607 44.1630401789 22.6182844654 22.5802956261 22.9693749466 23.0533856128 22.6594806388 22.7572184828 22.9280734262 22.9098096577 22.9346663428 23.1336158683 22.9115149089 22.8205550161 22.7903162204 22.8075797826
22.9749525087 23.1651942928 22.6730086482 22.9804773463 22.7333482302 22.6531426059 23.1274673335 22.6912272917 43.5359818106 43.5359818106 43.5359818106 23.1690051408 22.884079534 23.1889930579 22.9440189324 23.0779723705 22.8919356404 22.9671708495 22.8337262379 22.7716018842 23.1915212466 22.9142388896 23.0032152113 22.7750793402 22.8679500618 22.6787398026 22.7229152438 22.9385590385 22.535736177 23.1818416624 23.1178282015 22.8732418202 42.8314567729 38.0565948804 23.0415517537 59.6579352607 59.6579352607 59.6579352607 44.1630401789 22.6491231824 23.1592360487 23.1281343786 22.8096759101 22.754780162 22.9118255881 22.7311622911 22.9429753926 22.9276267195 22.7544297474 22.5816238049 23.0621991817 23.1719960138 22.6247393386
23.1626303838 22.5237822351 22.6639828668 22.7849276074 23.0177119004 23.0482399158 22.5456860761 22.6520236212 23.2009376459 43.5359818106 22.8370307593 23.0768352848 23.1508810678 23.0409978855 22.6322223339 22.816839712 22.8280870549 23.1528003629 23.0622661123 22.5672540451 22.9619630384 22.8331347982 22.5423768254 22.9593628823 22.8325439693 23.1508125111 23.0210096873 23.1814935923 22.8848371129 23.0801046446 22.5975307839 22.6465320191 23.1491980094 38.0565948804 38.0565948804 42.8911930313 42.8911930313 49.2506833947 44.1630401789 22.9228759588 23.0620442012 22.6029948028 22.9627737462 23.1205392708 22.72762901 22.8208977066 23.1333056695 22.9649175522 22.6136844483 22.8863604187 23.0561425596 22.7200097846 23.1272108821
22.688911538 22.9021556312 22.8186820398 22.7381387746 22.5309239776 22.5396726951 22.9631310021 22.5037162114 22.9299971057 22.5613672662 23.1060555912 22.9240950285 23.1892359548 22.7490676431 22.8108821156 22.6987403522 22.77365435 22.558611094 22.9867268282 22.8567133973 22.6735613188 22.7057474833 23.1405381417 22.8057435461 22.5377750736 22.9679491511 22.6869793104 22.6591659739 22.5355576486 22.6580369962 22.6145688378 22.7057742072 22.8011773687 38.0565948804 22.883401459 23.0077850533 55.6396688051 49.2506833947 44.1630401789 22.9870409186 22.7791783909 22.9721052739 22.972057377 23.0711510675 22.5812364547 22.6423581793 22.9896319138 22.8052098521 22.8319945056 22.6639600403 22.9977423201 22.8688297604 23.1041727588
22.5101505205 23.0360201593 22.6206103763 22.5452631492 22.5622442663 22.6215298835 22.8989628975 22.733516253 23.1861226536 75.4942454904 75.7756470165 23.0029700737 22.6296381523 22.5071483044 23.1806992472 23.203802965 22.8359561528 22.5148173132 22.9136098658 22.9833148248 22.8537961266 22.5292078289 22.8615814786 22.7164588197 23.1716445403 22.8085757315 22.6935871395 22.9143547089 22.7673360413 22.9440631728 22.8229049237 22.6337388615 23.177154245 22.841684521 22.8096186208 22.5984983879 23.0187509155 22.8412534234 22.7694165055 22.5610441841 22.6334558522 22.6289788951 22.734657631 23.1781960299 22.8172264697 22.6265950932 22.6225902635 23.0470987723 22.9916398188 22.7100592114 22.6636031657 23.0161732593 23.0646452377
