Spatial_Output/BAU/BAU_1291.asc
NCOLS 155
NROWS 192
XLLCORNER 196307.867259
YLLCORNER 449144.565805
CELLSIZE 33.573938
NODATA_VALUE NaN
[rows 102 to 135 of 192, columns 76 to 151 of 155]
29 86.9469600472 45.6434820716 29 29 29 29 29 29 29 29 29 53.8486503981 53.8486503981 53.8486503981 53.8486503981 29 29 29 29 53.5241574014 57.9496481386 53.5241574014 55.8128976421 29 83.7253390628 83.7253390628 58.1345210333 51.3170991086 51.3170991086 29 70.7062563892 54.0097211358 54.0097211358 47.5959318397 47.5959318397 29 29 46.925306718 47.2721791661 46.925306718 29 29 29 29 29 29 29 29 29 29 29 29 29 29 29 29 29 67.5805195648 49.7638932909 49.7638932909 46.6977615033 48.6521785496 48.6521785496 48.6521785496 0 0 0 0 0 0 0 0 0 0 0
55.772642158 55.772642158 29 29 29 43.9241878143 43.9241878143 29 29 29 29 29 63.2539179065 53.8486503981 53.8486503981 29 53.7251432543 29 29 29 53.5241574014 57.9496481386 57.9496481386 55.8128976421 29 83.7253390628 83.7253390628 58.1345210333 51.3170991086 51.3170991086 29 70.7062563892 62.6620422265 29 29 29 29 29 55.7916433902 55.7916433902 55.7916433902 29 29 29 29 29 29 29 29 29 29 29 29 29 29 29 29 67.5805195648 50.8954385025 67.5805195648 67.5805195648 63.7483269059 48.6521785496 48.6521785496 48.6521785496 0 0 0 0 0 0 0 0 0 0 0
55.772642158 55.772642158 55.772642158 29 51.1681054501 51.1681054501 50.4982413201 85.2396015261 29 29 29 63.2539179065 58.901467236 58.901467236 58.901467236 58.901467236 53.7251432543 63.9521429364 29 29 53.5241574014 57.9496481386 57.9496481386 55.8128976421 29 29 83.7253390628 58.1345210333 48.3208319895 48.3208319895 44.7193789177 29 29 29 29 29 29 29 55.7916433902 55.7916433902 55.7916433902 29 29 29 29 29 29 29 29 29 29 29 29 29 29 29 29 50.8954385025 50.8954385025 50.8954385025 29 0 0 48.6521785496 48.6521785496 0 0 0 0 0 0 0 0 0 0 0
72.3476754496 72.3476754496 72.3476754496 29 51.1681054501 51.1681054501 50.4982413201 85.2396015261 51.1681054501 29 59.0999906975 59.0999906975 63.2539179065 59.6551237834 59.6551237834 29 53.7251432543 29 29 29 29 29 29 29 29 29 29 51.6607877839 51.6607877839 51.6607877839 51.6607877839 29 29 29 29 29 29 29 39.5153028864 69.6072489085 54.3969456557 29 29 29 29 29 29 29 29 29 29 29 29 29 29 29 64.2761278702 49.4172585668 50.8954385025 50.8954385025 0 0 0 0 0 0 0 0 0 0 0 0 0 0 0 0
57.2642607432 29 29 29 51.1681054501 51.1681054501 50.4982413201 85.2396015261 51.1681054501 29 29 29 29 59.6551237834 59.6551237834 59.6551237834 29 29 29 29 29 29 29 29 29 29 29 29 51.6607877839 51.6607877839 29 29 29 29 29 29 29 29 69.6072489085 69.6072489085 69.6072489085 69.6072489085 29 29 29 29 29 29 29 29 29 29 29 29 29 62.9380682921 29 29 64.2761278702 29 0 0 0 0 0 0 0 0 0 0 0 0 0 0 0 0
29 29 29 29 29 29 47.0397129484 29 29 29 29 29 29 47.5824551074 47.5824551074 69.3980801236 29 29 29 29 29 29 29 29 29 29 29 29 29 29 29 29 29 29 29 29 29 29 43.2515391195 49.4963701898 49.4963701898 29 29 29 29 29 29 29 29 29 29 29 29 29 29 69.7631160992 69.7631160992 62.9380682921 29 29 0 0 0 0 0 0 0 0 0 0 0 0 0 0 0 0
81.9634479093 81.9634479093 29 29 29 29 29 29 29 29 29 29 29 64.2147092407 29 29 29 29 29 29 29 29 29 29 72.4153896165 29 29 29 65.8873041095 60.6663308676 29 29 29 29 54.7224900248 54.7224900248 48.9487751629 48.9487751629 49.4963701898 49.4963701898 49.4963701898 29 29 59.4468045162 29 65.4517979774 29 29 29 29 29 29 29 29 29 69.7631160992 69.7631160992 69.7631160992 29 0 0 0 0 0 0 0 0 0 0 0 0 0 0 0 0 0
81.9634479093 49.2656819139 81.9634479093 29 29 29 67.2595421808 67.2595421808 67.2595421808 70.2612005074 29 29 29 54.8649482273 54.8649482273 70.4964577966 29 61.5832156541 29 73.5066337678 73.5066337678 68.4475582879 42.07990658 42.07990658 72.4153896165 29 29 29 29 65.8873041095 29 29 29 29 29 29 48.9487751629 48.9487751629 54.6011236119 54.6011236119 48.7467551471 29 59.4468045162 59.4468045162 59.4468045162 65.4517979774 65.4517979774 29 49.6959273306 45.8972765225 29 60.1922237349 60.1922237349 29 29 69.7631160992 29 29 29 0 0 0 0 0 0 0 0 0 0 0 0 0 0 0 0 0
49.2656819139 49.2656819139 49.2656819139 29 73.7547417094 43.8503584718 42.1174854784 42.1174854784 67.2595421808 42.629579587 42.629579587 45.8564745137 45.8564745137 29 54.8649482273 70.4964577966 70.4964577966 61.5832156541 73.5066337678 73.5066337678 73.5066337678 68.4475582879 42.07990658 42.07990658 72.4153896165 29 29 29 65.8873041095 43.9760241412 29 29 70.621599694 29 29 29 48.9487751629 29 54.6011236119 52.9318178933 52.9318178933 52.9318178933 29 59.4468045162 65.4517979774 65.4517979774 65.4517979774 64.0842553098 49.6959273306 49.6959273306 29 67.4456643571 50.8055256593 57.4883479983 61.8498130298 61.8498130298 61.8498130298 29 29 0 0 0 0 0 0 0 0 0 0 0 0 0 0 0 0 0
49.3780976006 49.2656819139 49.1098835643 29 73.7547417094 73.7547417094 42.1174854784 42.1174854784 70.2612005074 42.629579587 42.629579587 45.8564745137 45.8564745137 42.0190484506 42.0190484506 70.4964577966 70.4964577966 61.5832156541 61.5832156541 73.5066337678 73.5066337678 29 68.4475582879 42.07990658 72.4153896165 29 29 29 43.9760241412 43.9760241412 43.9760241412 29 29 29 29 29 29 29 52.9318178933 52.9318178933 52.9318178933 52.9318178933 29 29 29 65.4517979774 29 29 49.6959273306 45.8972765225 29 50.8055256593 50.8055256593 57.4883479983 29 80.9885714946 29 29 29 52.1488716001 40.7781986634 0 0 0 0 0 0 0 0 0 0 0 0 0 0 0
49.3780976006 53.365789761 49.1098835643 29 73.7547417094 29 42.1174854784 66.7728195497 66.7728195497 42.629579587 29 29 29 29 42.0190484506 29 29 29 29 29 29 29 29 29 29 29 29 29 29 62.7650157664 29 29 29 29 29 29 29 29 29 52.9318178933 52.9318178933 29 29 29 29 29 29 29 29 29 29 57.4883479983 50.8055256593 59.9780269812 29 29 29 29 52.1488716001 52.1488716001 52.1488716001 40.7781986634 0 40.7781986634 0 0 0 0 0 0 0 0 0 0 0 0
29 29 29 29 29 29 66.7728195497 66.7728195497 55.4501497018 29 29 29 29 56.036824975 45.7667458674 45.7667458674 29 29 29 29 29 29 29 29 29 29 29 29 62.7650157664 29 62.7650157664 29 29 29 29 29 29 29 29 69.8312206351 69.8312206351 29 29 29 29 29 29 29 29 29 29 29 29 38.5600468876 29 29 29 29 52.1488716001 52.1488716001 40.7781986634 40.7781986634 0 40.7781986634 40.7781986634 0 0 0 0 0 0 0 0 0 0 0
29 29 29 29 29 46.5309620134 55.4501497018 55.4501497018 29 29 29 29 29 29 45.7667458674 45.7667458674 29 29 29 29 29 29 29 29 29 29 29 29 53.1655180679 53.1655180679 53.1655180679 29 29 29 29 29 29 29 29 29 29 29 29 29 57.8115698695 57.0005073022 47.5590752926 29 53.0082745149 72.5320269272 72.5320269272 72.5320269272 43.8317113277 43.8317113277 43.8317113277 29 29 29 0 0 0 0 0 40.7781986634 40.7781986634 0 0 0 0 0 0 0 0 0 0 0
58.9893858098 58.9893858098 58.9893858098 29 29 46.5309620134 46.5309620134 29 29 29 67.4469144011 29 29 29 29 29 29 29 29 29 29 29 29 29 29 29 29 29 54.7520145972 53.1655180679 54.7520145972 29 29 29 29 29 55.8197026063 29 29 29 59.1411974883 66.680099825 66.680099825 51.129314005 51.129314005 57.0005073022 57.0005073022 51.1782549691 29 29 72.5320269272 72.5320269272 61.6568311069 43.8317113277 43.8317113277 29 29 57.736153207 37.2637924353 57.3874499766 57.3874499766 0 0 0 0 0 0 0 0 0 0 0 0 0 0 0
58.9893858098 58.9893858098 60.7520127037 65.1202980561 29 46.5309620134 46.5309620134 54.6386610948 29 67.4469144011 67.4469144011 39.6932753739 39.6932753739 39.6932753739 29 49.4087450963 56.3834912662 56.3834912662 79.6957468014 29 71.850375885 29 29 29 29 29 29 62.7932695818 29 76.9574244638 55.2244412815 55.2244412815 29 29 74.0238999832 55.8197026063 57.1385149634 57.1385149634 29 59.1411974883 59.1411974883 66.680099825 66.680099825 51.129314005 62.0872099087 57.0005073022 57.0005073022 29 53.0082745149 75.2510760258 52.1978315243 75.2510760258 61.6568311069 61.6568311069 61.6568311069 29 29 57.736153207 37.2637924353 37.2637924353 57.3874499766 0 0 0 0 0 0 0 0 0 0 0 0 0 0 0
29 65.2055224605 65.2055224605 65.1202980561 29 61.4691050102 29 69.2065421529 29 54.5333884651 67.4469144011 39.6932753739 39.6932753739 68.8145334258 59.6617887338 56.3834912662 56.3834912662 56.3834912662 79.6957468014 71.850375885 71.850375885 29 29 29 29 62.7932695818 62.7932695818 62.7932695818 76.9574244638 76.9574244638 76.9574244638 55.2244412815 29 55.1362991965 74.0238999832 55.8197026063 57.1385149634 57.1385149634 29 29 59.1411974883 66.680099825 66.680099825 51.129314005 51.129314005 62.0872099087 47.5590752926 29 53.0082745149 57.9837116512 75.2510760258 48.0511167245 48.0511167245 48.0511167245 48.8576990028 29 29 57.736153207 37.2637924353 57.3874499766 0 0 0 0 0 0 0 0 0 0 0 0 0 0 0 0
29 51.7353250226 51.7353250226 51.7353250226 29 29 29 29 29 29 29 29 39.6932753739 29 59.6617887338 49.4087450963 59.6617887338 56.3834912662 29 71.850375885 71.850375885 43.9170381792 29 29 29 29 29 29 29 76.9574244638 51.2444188116 55.2244412815 29 29 29 29 29 29 29 29 29 29 29 29 29 29 64.4657885775 29 57.9837116512 57.9837116512 29 70.2893677116 48.0511167245 48.0511167245 41.8380493792 29 66.9575347672 0 0 0 0 0 0 0 0 0 0 0 0 0 0 0 0 0 0 0
29 51.7353250226 51.7353250226 29 29 29 29 29 29 29 29 29 29 29 48.4574419489 48.4574419489 48.4574419489 29 29 29 29 29 29 29 29 29 29 29 29 29 62.2690716147 62.2690716147 29 29 29 29 29 29 29 29 62.5116953889 62.5116953889 56.5516929091 86.035075785 29 64.4657885775 64.4657885775 64.4657885775 57.9837116512 57.9837116512 55.4094908502 55.0500470986 41.8380493792 67.7906972619 48.8576990028 29 0 0 0 0 0 0 0 0 0 0 0 0 0 0 0 0 0 0 0 0
29 29 29 64.4972426353 64.4972426353 29 29 29 29 29 29 29 29 29 29 52.5697768834 52.5697768834 29 29 29 29 29 29 29 29 29 29 29 29 29 62.2690716147 43.8468155455 29 29 29 29 29 58.2296412417 51.1871203586 55.0775706812 54.3547881134 54.3547881134 56.5516929091 86.035075785 86.035075785 66.1754226874 64.4657885775 29 29 29 29 73.52461262 73.52461262 63.0609423268 29 29 0 0 0 0 0 0 0 0 0 0 0 0 0 0 0 0 0 0 0 0
29 29 64.4972426353 64.4972426353 64.4972426353 29 29 29 29 29 29 29 29 29 52.5697768834 52.5697768834 52.5697768834 29 29 29 29 29 29 29 29 29 29 29 29 62.6468335922 62.6468335922 62.6468335922 29 29 29 29 77.6644051182 58.2296412417 58.2296412417 55.0775706812 54.3547881134 54.3547881134 29 86.035075785 29 29 29 29 29 29 40.1821295405 73.52461262 73.52461262 73.52461262 29 0 0 0 0 0 0 0 0 0 0 0 0 0 0 0 0 0 0 0 0 0
29 29 29 57.1171159893 57.1171159893 29 29 29 29 29 29 29 29 29 71.4424749037 71.4424749037 71.4424749037 29 29 29 29 29 29 29 29 29 29 29 29 29 29 29 42.9463187968 42.9463187968 65.3171348678 77.6644051182 77.6644051182 58.2296412417 58.2296412417 55.0775706812 67.4178454608 54.3547881134 29 29 29 29 29 29 29 29 59.2096494212 59.2096494212 29 29 29 0 0 0 0 0 0 0 0 0 0 0 0 0 0 0 0 0 0 0 0 0
29 29 29 29 29 29 29 29 29 29 29 29 29 29 48.4574419489 66.3045475043 66.3045475043 29 29 29 29 29 29 29 29 29 29 71.4959410991 29 61.2746181227 61.2746181227 51.4340665971 42.9463187968 42.9463187968 42.9463187968 77.6644051182 77.6644051182 45.3624616099 29 29 64.8134977289 64.8134977289 29 29 29 29 29 29 29 29 54.8282179731 54.8282179731 59.2096494212 29 29 0 0 0 0 0 0 0 0 0 0 0 0 0 0 0 0 0 0 0 0 0
29 29 29 29 55.5672055702 29 29 29 29 29 29 29 29 29 55.3609712836 55.3609712836 71.4424749037 29 29 29 29 29 29 73.9289439575 46.8667639166 52.045720029 29 71.4959410991 61.2746181227 61.2746181227 61.2746181227 61.2746181227 29 42.9463187968 29 29 29 29 29 29 29 55.6786744958 29 29 29 29 29 29 29 29 54.8282179731 54.8282179731 54.8282179731 29 0 0 0 0 0 0 0 0 0 0 0 0 0 0 0 0 0 0 0 0 0 0
29 29 29 29 55.5672055702 55.5672055702 55.5672055702 29 29 29 29 29 29 29 29 63.1905584156 63.1905584156 63.1905584156 29 29 29 50.5351353898 29 50.1302428709 46.8667639166 46.8667639166 52.045720029 71.4959410991 71.4959410991 50.4514734434 50.4514734434 29 29 29 29 29 29 29 29 29 29 55.6786744958 55.6786744958 29 29 29 29 29 29 29 29 29 29 29 0 0 0 0 0 0 0 0 0 0 0 0 0 0 0 0 0 0 0 0 0 0
29 29 29 29 29 56.7132170152 29 29 29 29 29 29 29 29 29 63.1905584156 63.1905584156 45.1558170526 57.3129479332 57.3129479332 60.2901537457 50.5351353898 50.5351353898 50.1302428709 46.8667639166 46.8667639166 52.045720029 46.8855384487 29 29 29 29 29 29 29 29 29 29 29 29 55.6786744958 55.6786744958 29 29 29 29 29 29 29 29 29 29 29 29 0 0 0 0 0 0 0 0 0 0 0 0 0 0 0 0 0 0 0 0 0 0
73.2179425963 42.3390454145 42.3390454145 29 56.7132170152 56.7132170152 50.6473623346 50.6473623346 50.6473623346 39.0963789159 55.5629746831 45.500242776 45.500242776 49.5721718297 49.5758509003 49.5758509003 45.1558170526 45.1558170526 57.3129479332 57.3129479332 60.2901537457 50.5351353898 50.5351353898 50.1302428709 73.9289439575 29 29 29 29 29 29 29 29 29 29 29 29 29 29 29 55.6786744958 55.6786744958 55.6786744958 29 29 29 29 29 29 29 29 29 29 0 0 0 0 0 0 0 0 0 0 0 0 0 0 0 0 0 0 0 0 0 0 0
73.2179425963 42.3390454145 42.3390454145 56.7132170152 56.7132170152 56.7132170152 29 50.6473623346 50.6473623346 39.0963789159 55.5629746831 55.5629746831 45.500242776 29 49.5758509003 49.5758509003 29 54.5936691923 57.3129479332 57.3129479332 52.6994350805 60.2901537457 29 29 29 29 29 29 29 29 29 29 29 29 29 29 29 29 29 29 29 76.0802749621 29 29 29 29 29 29 29 29 29 29 29 0 0 0 0 0 0 0 0 0 0 0 0 0 0 0 0 0 0 0 0 0 0 0
73.2179425963 29 42.3390454145 29 29 55.4648637487 29 29 29 29 55.5629746831 56.966404233 45.500242776 49.5721718297 29 57.579581008 29 78.6363344838 29 29 29 29 29 29 29 29 29 29 29 29 29 29 29 29 29 29 29 29 29 29 29 58.4060223549 29 29 29 29 29 55.8638774445 55.8638774445 55.8638774445 55.8638774445 29 29 0 0 0 0 0 0 0 0 0 0 0 0 0 0 0 0 0 0 0 0 0 0 0
29 29 29 29 55.4648637487 55.4648637487 55.4648637487 55.4648637487 29 29 29 29 29 29 29 29 29 29 29 29 29 29 29 29 29 29 29 29 29 29 29 29 29 29 29 29 29 29 29 29 58.4060223549 58.4060223549 58.4060223549 29 29 29 29 29 55.8638774445 55.8638774445 29 29 0 0 0 0 0 0 0 0 0 0 0 0 0 0 0 0 0 0 0 0 0 0 0 0
29 29 29 29 29 55.4648637487 53.8557875848 53.8557875848 53.8557875848 29 29 29 29 29 29 29 29 29 29 29 29 29 29 29 29 29 29 29 29 29 29 29 29 29 29 29 29 29 29 29 51.2185631733 51.2185631733 51.2185631733 29 29 29 29 54.2900618062 54.2900618062 29 29 29 0 0 0 0 0 0 0 0 0 0 0 0 0 0 0 0 0 0 0 0 0 0 0 0
29 29 29 29 29 29 53.8557875848 53.8557875848 29 29 29 29 29 29 29 29 29 29 29 29 29 29 29 29 29 29 29 29 29 29 29 29 29 29 29 29 29 29 29 29 48.2000373864 51.2185631733 48.2000373864 29 29 29 29 62.2358641872 62.2358641872 62.2358641872 29 29 0 0 0 0 0 0 0 0 0 0 0 0 0 0 0 0 0 0 0 0 0 0 0 0
29 29 29 29 29 29 29 29 29 29 29 29 29 29 29 29 29 29 29 29 29 29 29 29 29 29 29 29 29 29 29 29 29 29 29 29 29 29 29 29 48.2000373864 48.2000373864 56.3335249642 29 29 29 29 29 62.2358641872 62.2358641872 47.5846241246 29 0 0 0 0 0 0 0 0 0 0 0 0 0 0 0 0 0 0 0 0 0 0 0 0
29 29 29 29 29 29 29 29 29 29 29 29 29 29 29 29 29 29 29 29 29 29 29 29 29 29 29 29 29 29 29 29 29 29 29 29 29 29 29 29 52.5006982187 60.181188718 60.181188718 60.181188718 60.181188718 29 29 29 29 47.5846241246 47.5846241246 56.9537225311 29 43.6057423047 48.2995619474 0 0 0 0 0 0 0 0 0 0 0 0 0 0 0 0 0 0 0 0 0
29 29 29 29 29 29 29 29 29 29 29 44.3193121728 29 29 29 29 29 29 29 29 29 29 29 29 29 29 29 29 29 29 29 29 29 29 29 29 29 29 29 29 67.2682103243 51.871409981 51.871409981 51.871409981 29 29 29 29 60.0745205287 47.5846241246 56.9537225311 56.9537225311 57.9441818271 52.9262022998 29 51.4579509686 51.4093329249 0 0 0 0 0 0 0 0 0 0 0 0 0 0 0 0 0 0 0
