Spatial_Output/BAU/BAU_0755.asc
NCOLS 155
NROWS 192
XLLCORNER 196769.923733
YLLCORNER 449719.875193
CELLSIZE 27.603701
NODATA_VALUE NaN
[rows 115 to 137 of 192, columns 53 to 105 of 155]
26.6265262291 23.5747503793 40.6586538876 40.6586538876 24.4760845783 23.261315401 23.0669878031 23.0169428566 24.272237287 24.8667661146 54.5059156782 23.8117907099 25.6790679163 41.9214744608 49.683729989 61.2598883595 61.2598883595 53.9450909516 60.6208153512 47.6281291545 47.6281291545 25.4419803901 47.1309009247 52.7242534012 58.8755582399 69.5352812072 41.380403076 23.6472693229 24.6566904211 25.058982113 66.7429047653 66.7429047653 56.4639803932 56.4639803932 52.0863898342 24.8560440619 25.1748611737 24.1944738499 23.6704018512 59.0211219835 59.0211219835 59.0211219835 26.8933077208 24.6025316497 26.3659245632 24.0500844216 23.8196519179 24.7816073696 26.7346722001 26.6244737293 24.6663204383 26.3652644359 23.5301441331
24.206419778 23.7368334937 40.6586538876 44.9367420375 24.7777073292 23.1016867654 25.6295081455 53.2569374216 53.2569374216 26.1409308089 24.5936276979 23.488188881 23.9037960321 23.8505906016 23.5100808849 53.6878556177 64.3496546933 66.3522430578 60.6208153512 50.8565049897 25.2166866669 27.1625697178 26.0805593509 49.2925950046 52.7242534012 49.2925950046 24.0453041525 26.2136401849 25.3113690072 25.8697904926 26.0489091687 66.7429047653 26.9415094557 24.8142325671 23.616523376 25.3225270126 26.6478398205 25.6331710288 24.7517831497 27.0480864306 59.0211219835 60.1644062799 25.2753560582 24.2589984093 25.1619736732 26.272613512 24.2111067717 26.4875084294 23.740971759 23.7165539623 26.6241252967 25.6151492607 26.7875932961
27.1033508659 26.0160385054 26.64066691 26.7277847549 23.0971025832 26.7475842174 26.2581694299 53.2569374216 53.2569374216 53.2569374216 23.9727031043 24.7685799208 26.7788713424 23.131989164 23.8534058267 25.9844060077 23.9452420329 23.0678424887 23.630876457 26.9601264085 25.4189522793 25.6063094855 23.8787181224 43.163894729 49.2925950046 43.163894729 24.4769488725 23.3461683699 25.3162034066 23.0014408846 24.9766190981 24.1301483534 23.776717296 23.1256671795 24.2891357576 23.9043645015 24.1010469522 25.1943668066 26.4971719848 26.2187913838 60.1644062799 60.1644062799 26.2709340454 26.4164369755 23.6348319985 26.3413199882 26.8911275461 26.4922934177 23.099179587 25.7954809219 24.8514357878 24.0379103545 26.8476764764
24.8097613954 23.995253313 26.1911352616 26.5060466058 27.1381689917 26.858465888 43.3365599944 44.1673678138 44.1673678138 44.1673678138 23.5632388614 23.4492315138 26.4359513124 25.1355312183 25.3702394171 25.85068472 26.6923378844 24.6754982622 24.5132871556 23.4678428393 26.6328360747 26.9195871787 25.9584510997 57.6115306104 46.1545862813 57.6115306104 24.7514689897 25.3353627795 25.3724305281 26.6312734002 53.0427744963 24.2228492294 53.0427744963 23.7370963269 27.1977653887 25.7371791873 24.3894101331 25.429864551 23.6876520137 25.4907294339 24.1523594089 24.2895306081 24.7452880391 25.2234966398 27.1224549078 23.1949848414 26.9068910835 26.5035676341 24.0824329739 25.9395734346 25.5336708668 23.2445068446 24.1070591539
26.5646582588 25.1663510927 23.7788612764 23.8223872175 26.0215075147 25.1414601799 23.5794202606 44.1673678138 44.1673678138 24.7589978205 25.4240755343 23.2283172023 24.3500502756 26.0507559976 26.0130859624 24.0141861058 26.4287004685 26.7166023374 25.9490718448 24.8521791088 26.6434371492 27.1419530846 24.5387045933 46.1545862813 46.1545862813 46.1545862813 26.4296173116 24.3079659769 26.9536066394 51.1948269288 57.2603429333 57.2603429333 65.5792754146 65.5792754146 52.7378211887 69.0053534544 24.7737168288 25.5848684855 23.9449820945 23.2540140043 26.6353960625 23.8058757273 24.6713656975 27.1437041812 25.5048369471 25.2741235848 25.5977930424 26.2994880752 26.0269951959 25.3620640355 24.2629084263 23.2759357794 26.3660160302
25.480391976 24.699419091 26.3407514491 25.864644137 24.1635380646 25.7260620204 23.861600891 52.0253890676 50.491085755 23.7075751228 23.2470628428 26.5980874241 24.5418218379 24.8167977128 26.2579533263 25.3684707848 25.6996765429 24.5591824563 25.2056163743 25.5866801292 25.4544377477 26.9207255724 26.0345053569 52.4891331761 46.1545862813 52.4891331761 44.3677179598 24.7233782266 26.0221448758 51.1948269288 57.2603429333 57.2603429333 65.5792754146 65.5792754146 52.7378211887 52.7378211887 26.6272501226 24.6525201175 23.630203314 24.8050903047 41.9435025708 26.5172712321 23.3443006249 24.5100465564 26.8698084427 25.7022062403 25.6329678293 26.6787379394 25.4789570797 24.6633348649 25.7620102327 24.1467499996 26.9306271583
25.599499335 23.5750533062 26.474517764 23.971518876 26.658867532 25.4917054856 47.3016603324 47.3016603324 47.3016603324 27.1785505705 23.6354540344 26.7576644707 27.0996664733 24.4607055031 25.9295322433 25.2337934611 25.325782253 26.6326142278 25.8827140001 26.7596504403 24.1987911843 26.5787352518 24.8166953291 52.4891331761 52.4891331761 63.2811661276 44.3677179598 44.3677179598 26.7260387971 51.1948269288 51.1948269288 57.2603429333 65.5792754146 23.7971363053 52.7378211887 52.7378211887 71.2048588262 71.2048588262 24.8274229531 45.8946234611 45.8946234611 45.8946234611 45.8946234611 25.7738101951 26.6795661158 55.1339364999 55.1339364999 24.1745159159 55.3063858695 66.8249707858 47.2662253587 47.2662253587 26.9373377825
51.5041456916 48.0644914438 55.0313330493 52.9672902346 59.1121899567 26.7804996331 53.7619704734 53.7619704734 61.8158185091 24.1290359992 24.8313453353 25.9063538762 25.3974167457 26.5457205018 24.9205213815 24.6164263284 26.4269795066 25.1931542825 26.1322078377 24.316908467 24.145071608 25.8847675544 24.1223791214 60.5909646889 63.2811661276 60.5909646889 23.6771475099 26.0171782307 24.3621435066 25.3480147924 24.7317663251 27.112931867 24.5204066077 26.7628343508 64.8807874629 23.7685038777 26.0686071989 26.7835435829 23.8542130708 25.0117750289 25.4190538395 45.8946234611 26.4960564636 25.0787696068 24.5152847317 55.1339364999 55.1339364999 25.5582938496 66.8249707858 47.2662253587 47.2662253587 47.2662253587 52.1701021719
55.4641768183 48.0644914438 52.9672902346 52.9672902346 59.1121899567 52.7143401361 53.7619704734 53.7619704734 53.7619704734 23.7198163905 25.578585607 25.456190755 24.9907874953 23.1647076561 25.9127733085 24.5690735922 23.4302083241 24.15932332 25.1152627324 24.0899567081 24.4179297883 23.2496237771 26.1693695896 27.0631830504 25.7830534386 51.6095140687 55.3199613252 26.3263616927 24.5545627265 24.5091868086 25.2904930473 25.5667042602 26.9617999468 27.1961406524 26.4458753883 27.1827066742 26.7333443993 24.393536959 24.6842757968 25.6597638278 73.5391292755 73.5391292755 73.5391292755 25.5340835445 26.7234541191 66.2877180679 55.1339364999 27.1700880124 23.7205489664 66.8249707858 47.2662253587 47.2662253587 24.6626767644
51.5041456916 25.2601425364 52.9672902346 52.9672902346 59.1121899567 44.1292445255 44.1292445255 44.1292445255 24.6040244378 26.2505771017 23.8968062138 23.1020255395 25.021838001 26.2293412867 23.4772248797 25.1925025946 25.8721597773 24.3493677596 26.8243583576 25.178944024 25.9590938665 24.4219398925 25.5039527599 25.9173712435 27.1386013065 56.2630096508 56.2630096508 51.6095140687 24.0006270879 25.2836018597 23.7114120016 26.6684089339 25.131342715 23.134935024 25.4751235081 23.6043979696 23.2399967523 24.6659373993 25.1774556557 24.2982347544 68.9781387918 37.6183587137 24.7263727123 25.4688029627 24.5727790145 24.24814498 25.1252285798 23.6010432528 24.0766133042 27.1506385427 23.2158110139 26.7532262515 26.1891952595
45.661236995 25.4900341183 27.1537538994 59.1121899567 23.3932804659 52.7143401361 44.6861843094 59.4756666758 25.6806727496 24.8459108153 23.0334517534 23.5495756691 27.1042405522 23.0808568045 26.3123035575 26.1848443388 25.8059447834 24.4363308031 23.8459270013 25.2805883465 23.6161044809 23.7945558751 23.5284894198 24.6049743293 23.3702924384 56.2630096508 56.2630096508 24.3440788446 24.0760627772 26.2096869826 26.2452399107 24.5648739854 23.164985893 25.6923548691 23.9607581741 25.500719899 26.2818276313 25.4525246815 27.0378456625 24.0732494808 59.6824577953 59.6824577953 59.6824577953 24.5992394871 25.6141954861 26.2485933107 26.320065082 25.5640908343 23.1356232196 24.8303453059 25.8791138562 25.8491489557 26.8124441443
45.661236995 50.8523709249 26.6557796226 23.8986693589 26.7994503164 44.6861843094 44.6861843094 44.6861843094 25.7266932496 23.0075607996 25.2253156833 23.4912319482 26.5206204321 26.9179171764 23.4078178362 27.0546368349 26.3175491036 24.8053163964 24.5313492206 23.3792916231 24.5766488529 23.3884262037 23.017509074 26.2567622149 24.2071195076 25.9110216804 57.4197154197 57.4197154197 79.3973345228 23.2550813667 27.0140162402 26.362349515 25.7047062628 26.2987284856 24.8654814937 23.7104183997 25.0878835895 26.7126793338 24.2686103806 23.9360871785 45.7196784055 59.6824577953 59.6824577953 24.341105448 26.453733184 23.3469685953 26.8118635104 24.8899683018 23.9347275276 26.1842287676 24.2999895323 24.5537663188 24.7976361918
25.8020130616 50.8523709249 25.0637035909 25.5425649342 53.2433147121 42.2737368706 42.2737368706 50.6032705821 25.6875846469 23.7602622692 23.5097800913 24.2982952761 25.2876842206 24.0304600057 24.6928967166 25.7190254449 26.2148481123 24.8635630108 23.092319814 23.1531748376 24.3715117776 24.7750805638 24.0099266219 25.8922783199 25.52363888 26.0588052526 79.3973345228 79.3973345228 79.3973345228 25.9906597739 26.117434369 24.9967452044 24.4180227914 25.6453808327 26.5755603612 24.982558966 23.0267668295 24.9590781145 26.627294515 27.1657113786 45.6397844446 26.2758329454 52.5168325104 24.9194260476 23.6708967275 24.4149955493 25.7293027952 24.7355821918 26.4862276157 27.0546057725 26.6459662289 24.3999930459 26.8226455675
24.6797219166 25.9940191942 26.4689983208 27.1856639419 52.5227024596 52.5227024596 42.2737368706 26.2033056343 24.4247073648 25.8007433515 24.4786474365 27.0043097099 24.2206119645 24.4066436004 24.4126434684 24.7521028928 26.9868635559 24.6442901045 25.2041237675 24.4873370141 23.2626227607 24.9058098494 26.1130900153 27.0188039315 26.252259548 23.372143327 26.1785442155 79.3973345228 26.7948163579 25.8118389669 25.6987155521 26.5179828782 26.4217384636 26.0804907899 26.0240769272 26.4877697739 23.0852759429 23.0767087581 23.8361846618 26.9668645528 25.7165360847 45.358273367 45.358273367 25.4696721091 23.8717053652 24.9118934988 26.193556565 24.1271222472 23.82435136 25.6253790285 23.6117775475 25.8905088946 23.5100815603
26.7165704936 25.7004422963 24.4817065037 25.4547163738 39.2748206533 39.2748206533 40.7606241432 25.3802240399 26.8326714535 24.2685659837 27.1618285609 26.5147974736 24.3630368485 26.4776378447 23.0025515657 24.1111639731 24.7374422921 23.036806949 25.808183667 26.5470285843 26.1520368704 25.7340600782 24.6822898936 24.9969395939 25.758247661 27.1821152757 26.46515338 53.2624087486 25.100515093 53.2624087486 26.6326853905 26.655356896 26.8546504533 26.3116551495 23.3963708826 26.4625250073 24.8555748232 24.0275654766 24.4931278718 23.2467458203 45.358273367 45.358273367 45.358273367 45.358273367 24.8455072511 24.6974151876 26.8330166674 24.9593462429 26.0166834431 27.0285238234 23.7009354413 25.6740094437 25.9242365479
23.5932524424 26.7899981472 25.8278913669 23.1753807542 39.2748206533 39.2748206533 26.4754291987 25.7811079654 25.471578963 26.5951976646 26.8152173782 26.7548701486 25.344467823 24.4921174417 23.2010130122 26.3480078025 25.1143741796 23.5925405378 24.3759299412 23.5385034824 27.1465541669 24.6344893335 25.0535304399 23.0053264196 25.5889818323 26.6916778355 26.4502494097 68.9826565317 25.8785333147 68.9826565317 26.5068916015 26.317017832 26.0453295261 26.2908805866 23.483564814 24.9126572802 25.8127964315 26.8232962113 26.7529581711 23.9082240117 24.7803502193 26.1265359527 43.8318549659 25.9413637762 26.7981427936 25.3892437658 26.0246542965 27.2261961342 26.4796046728 25.6389303681 24.0957487161 26.4186981618 25.2650935646
26.2303459001 24.5920074193 54.8744994495 47.5712321408 69.8452348081 69.8452348081 24.6989650313 26.6765896151 24.6848323444 24.6599193995 27.0125945328 24.2716847932 25.4449301328 25.6407779899 24.1284652383 26.8771670742 25.1381855367 23.5251965855 26.0346917646 27.0206047746 25.3069353018 25.9789273861 26.4947461723 25.5173339342 23.3344572644 25.227617863 25.8993425852 24.1925728782 44.9106892574 25.9269755272 25.7363810683 24.1257446848 24.6200174817 24.6778241561 23.7825653949 23.9548540555 25.8904069444 26.8381014004 25.5983203845 26.4924398258 24.5399816132 43.8318549659 43.8318549659 43.8318549659 26.9314951329 24.8739488066 23.5424749067 25.0289862227 26.8250065861 23.1868843512 42.8600934645 25.6172432267 24.3161713819
26.4065332332 26.7226529765 66.4719624891 47.5712321408 47.5712321408 25.1751807654 24.8707280796 25.4661952457 26.2898606571 25.0797358179 24.728231728 23.3431258906 25.0253636049 24.2171345121 27.0964635638 27.2316619544 23.6391237686 26.2300825818 25.2023301385 26.4218655135 24.6475661444 24.1673683602 26.3171898489 26.7295134662 26.2663672675 23.4057196959 26.6640239073 44.9106892574 26.2443748786 24.4365770683 24.2090133444 27.0784245901 23.4803825851 25.0443395847 23.0719539406 25.8884075096 23.6845729138 26.4431765147 24.5438356598 26.601241933 23.3049261447 43.8318549659 43.8318549659 23.2370433478 25.8465725414 26.7220525478 23.6538916403 51.3677458244 24.8325872669 27.0216993668 42.8600934645 42.8600934645 23.7922551603
26.9427879091 45.1636655006 23.3997896223 47.5712321408 51.940160948 51.940160948 24.7216016577 23.6879157364 27.0588785335 25.2869286496 25.6315240851 23.2345198068 23.9685600162 25.348291896 26.4705331791 23.8264626824 25.2189454423 26.5063689207 24.3860968211 23.5265716653 25.2291269152 25.3386796613 25.97043603 26.305255439 25.0927869542 48.7267906775 24.7712866585 40.0718495024 23.0720105185 50.7944024088 43.4855131614 23.5413745648 23.992485664 24.9905630611 24.7047664876 26.8437945383 23.6507363767 24.8210789174 24.6399276262 25.2450442613 25.5605215749 27.0684915418 25.9311263072 23.2530532368 25.4420343754 62.9987193301 25.8823462863 51.3677458244 51.3677458244 25.2075170094 26.9478260605 26.5840911442 23.1417505511
68.5698392121 26.6729944146 25.8180285533 51.940160948 51.940160948 51.940160948 52.1831597457 25.5604995147 26.6127772836 25.3564408148 24.7171800934 24.9695115111 24.695090825 26.3463766098 27.1679246876 24.9494450819 26.2109061843 26.4883032015 25.5288078969 47.7176172525 43.0020165569 48.637256416 62.3329704047 65.588882083 65.588882083 26.5673414378 51.2967283719 54.6831850849 54.6831850849 25.2639214239 24.5469024162 43.4855131614 24.8117181402 48.9762740626 24.4244656036 25.4887511132 24.6244056745 24.9702188298 26.8067679494 23.6446982466 27.0934256616 24.9466995489 23.0946614112 24.1623464791 24.6746524491 62.9987193301 25.6464761228 51.3677458244 51.3677458244 23.5185895159 23.8917313209 24.0259268795 25.1874184822
24.947283722 24.1075914097 25.2093920769 24.4720126345 52.1831597457 52.1831597457 52.6308024793 51.8005147359 37.4520706281 41.512513871 24.5506978783 23.7169758962 26.6775034816 25.90972792 24.410994189 49.4128159244 55.9964954425 55.9964954425 46.5086443952 47.7176172525 47.7176172525 48.637256416 48.637256416 65.588882083 65.588882083 27.2008844567 51.2967283719 54.6831850849 54.6831850849 46.0176335824 24.2010518428 27.020270345 48.9762740626 48.9762740626 25.0064006434 26.0507246651 26.727623245 24.5780705481 25.4129500966 26.6595371035 24.0439999225 26.0347784784 23.1286858564 23.4691125343 26.3511366299 25.6940267839 24.7122496091 24.124075881 23.4621198855 23.3434296528 26.8259172469 26.4499128128 23.811937563
25.467065588 25.4815732748 25.164101992 26.7968602188 26.9611472767 48.063691299 48.063691299 44.1863436382 41.512513871 41.512513871 26.5680909432 23.886140855 25.6032603035 23.6141965766 24.1419938246 49.4128159244 55.9964954425 55.9964954425 24.0418125403 47.7176172525 47.7176172525 48.637256416 62.3329704047 65.588882083 60.6522639895 26.5475443467 59.1673015872 51.2967283719 46.0176335824 43.6994489409 43.6994489409 27.1512348589 48.9762740626 55.8865010233 24.4093251957 23.7270786579 26.2234847983 24.1117944212 24.173613139 27.0453918442 27.1681732626 24.0418508639 25.8318652026 23.3123884638 27.0105810787 25.9759371193 25.4107236641 23.5471027386 23.4980311529 25.194708992 25.4281242288 25.6426867968 24.3162865116
23.6000979312 26.9257387588 26.7424000913 25.5177181603 50.4057442515 48.063691299 48.063691299 44.1863436382 41.512513871 41.512513871 24.8943155641 26.1595790944 27.0589133169 26.5705127754 26.4932440524 49.4128159244 26.8414718208 26.6517209061 50.4265483701 23.6328025264 24.535884694 25.5063060011 26.676410842 27.0226008293 23.9806372259 26.5176520789 24.6358569298 26.298617992 43.6994489409 43.6994489409 43.6994489409 42.1390602482 23.25764252 24.7393528491 24.08706653 23.8545483609 23.6235770082 23.7770427886 27.1689036847 26.8182323513 25.9205451222 24.6272224501 23.1326538835 26.795170881 24.7028048476 23.7904187254 25.9470597316 25.4829622515 26.9557568927 27.0948018357 25.2414294941 23.6406941596 23.1996336242
