Spatial_Output/BAU/BAU_0451.asc
NCOLS 155
NROWS 192
XLLCORNER 196307.867259
YLLCORNER 449144.565805
CELLSIZE 33.573938
NODATA_VALUE NaN
[rows 75 to 99 of 192, columns 57 to 113 of 155]
31.1465044144 31.0683731003 30.794316142 30.6801943303 30.8179073801 30.935864356 30.5730350358 30.6789187264 30.6112097361 30.9639344223 30.7183010372 31.1010307891 30.5146634426 31.1625985249 30.5287885679 51.4989580629 70.5654195288 70.5654195288 53.575043994 62.1442056823 50.6902216305 64.4701466097 60.1596778507 67.6623874421 30.5606286929 30.6287737686 30.7583643987 31.1761671682 30.8228992481 30.5475061147 31.0424530468 30.8602321722 31.0711635098 30.783932281 31.1383152219 31.2005595501 30.8809339833 78.6171788667 66.3661118283 72.9803573178 72.9803573178 31.0217467597 30.5422578023 30.5384702362 30.694911694 30.882678291 30.6777552348 30.625386585 31.0071805356 30.5142471036 30.9707310959 30.8374085221 31.1711820185 31.1711860976 30.6835368624 30.52162112 31.1338674018
30.5356552101 30.7950238995 30.5069361561 30.5550370644 30.5589578221 30.6921307085 30.8799387198 30.9297731027 31.1333638753 30.9480636867 30.7774736675 30.6569792268 30.5238646264 30.7860305441 30.9720183489 58.7501852112 58.7501852112 70.5654195288 59.7858019643 31.1684824931 31.0270736639 30.915773321 31.0422644787 31.1607239362 31.0973001201 31.061684947 30.8708308774 30.526802531 30.5725550795 31.1385392651 30.6091695644 31.0870268457 30.8435209262 30.9665254433 30.6539669609 31.0724720985 30.9043896844 31.1317301965 31.0387767611 72.9803573178 72.9803573178 66.3061552969 66.3292501305 31.1565835795 30.8332264574 31.1587110803 52.3507509941 31.1768852426 30.6620662353 30.6628422181 30.5695028434 30.9617481631 30.8257197651 30.8052070918 30.7435338707 30.9884601181 30.6914664472
31.2010165709 30.8114655076 30.5269806837 30.7315953779 30.7906950092 30.6102630825 30.6491645419 31.0973985789 31.1777637274 31.117056793 30.9145735645 48.2645825152 45.5669108707 56.3799109133 30.5243309321 59.7858019643 58.7501852112 59.7858019643 30.8077156446 31.0800619941 31.027522525 30.5750427626 30.5332596016 30.5768817296 30.7969605673 30.6572655496 30.5470233472 30.8940391511 30.5313103425 30.9862568406 31.06567442 30.5823814344 31.0629103975 30.6514159752 30.9565720097 30.8715176391 30.6455659461 30.6895877287 30.5558990649 78.4122451469 30.8952618894 66.3292501305 66.3292501305 46.2444756569 46.3022122327 52.3507509941 31.0374451035 31.1854110148 30.9810254732 30.6718515152 30.7229050457 31.0977119312 30.9162382043 89.8883594295 30.5593192688 50.1183975545 66.9234715246
31.1806615193 30.8560440274 31.0235089186 30.9730071888 31.1293232513 30.7541115307 30.5191101008 30.6243851036 31.1521891165 30.8404846689 54.6266963039 52.4341008032 48.1598368632 52.3737670586 30.5039342862 31.175447477 31.128451547 31.0443867759 30.5810553791 30.6202859441 30.5439393403 30.7897160744 31.0536468262 30.6635741722 30.908141336 30.6094125993 30.9499656098 30.9845931236 30.6817642661 30.7294259854 30.6553647313 30.7272527947 30.5198113331 30.6974356007 30.7400491362 30.7453310775 31.0145432996 30.8509986707 30.5320904804 30.7082076102 66.3061552969 66.3292501305 66.3292501305 46.3022122327 46.3022122327 30.6475559103 30.6074212684 30.5487083235 30.7356211209 31.2021465783 47.7820697887 65.9285266046 84.0865649671 89.8883594295 89.8883594295 66.9234715246 66.9234715246
31.0615812399 31.0270708161 31.187254189 31.1475624162 31.090403464 30.5130490041 30.9262885617 50.1252745896 30.5887013442 31.2028275226 30.8175186504 48.084838606 45.7847499818 61.1667069074 30.634260545 30.7294303973 59.7465633432 30.7825744984 30.7684827952 31.1355466139 30.5411125095 30.8054240584 30.7734968206 31.0944131726 30.5242289438 30.6207583198 30.5531045164 31.0870279096 30.8394824481 31.2023540791 31.0989819607 30.7747387137 30.6224980449 30.9031380238 30.769425009 30.7463011936 30.7321466293 30.5935595561 30.9765842567 30.9089646194 30.8516803016 30.6861154627 30.5154253762 46.3022122327 46.3022122327 30.9359322791 30.5060086937 31.1333090232 30.6125655791 47.7820697887 47.7820697887 47.7820697887 43.2179276466 89.8883594295 89.8883594295 66.9234715246 66.9234715246
31.1648197972 30.8997865255 30.575206884 30.9352077494 30.960517427 30.5247042712 31.1716937136 30.8443410488 30.8796951906 31.01023834 30.6176076068 31.1546454088 30.6789950791 30.7183822982 31.0278677767 31.1485610974 30.9276385937 59.7465633432 30.6415543639 31.0651537171 31.0700353398 31.1623719242 31.1374094105 30.5481188861 30.8419407129 30.870731352 31.1770138332 31.0374142931 68.1717693062 68.1717693062 31.1679049028 30.9531215709 31.161712277 30.8633068083 31.0368537154 30.8264071117 30.8412189744 31.0127495056 31.0914879499 30.8043633009 31.0302856935 30.9530716071 31.1870135137 30.5193830165 30.9687998172 30.5943153695 30.5456074811 30.6719859644 31.0483491653 31.1855208434 47.7820697887 30.5615647175 84.0865649671 30.5306067845 30.6333203546 31.1721043952 30.9514224917
31.1127303271 30.6735892929 31.0562499694 30.5979409435 30.6446174209 30.5939695655 31.0831361255 31.1581061514 30.5625980668 30.8525085388 30.9663902788 30.9976274717 30.5545083655 30.6655063209 31.1560858318 31.1328748299 30.7428660139 30.7651803566 30.7579320349 30.7078007544 30.9737322461 31.1633828911 30.6357175373 30.7200868784 30.9898171213 31.1057102516 30.5217304561 68.1717693062 68.1717693062 68.1717693062 30.9980856331 30.8887642776 31.0087680506 30.7174041657 31.0691575471 30.6419691515 31.0900329423 30.5117034337 30.8257004812 30.7603181351 30.8721458234 30.832089513 31.101307412 30.927076038 30.7278331893 30.8983940117 30.8824379784 55.1157977257 30.9924864726 31.1465820541 30.9285528397 31.1318915573 30.5285891717 30.8570896697 31.1991722923 30.5905023876 30.9838042293
30.5504521934 30.8123013781 30.7262064171 30.6491465324 30.8916038982 30.5316666555 30.7149452777 30.9961301456 30.7044808485 44.6473360172 30.8142055376 30.9603143171 30.7122390553 31.1808179904 30.5971754599 30.9128073587 30.8608439415 31.0433716932 30.9434904215 30.5744918148 30.5437039877 30.8903918492 31.146002725 31.2043030338 30.8718543488 30.7096657846 30.714633985 47.0194660255 47.0194660255 47.0194660255 30.9691473321 30.5349878742 30.6759817507 30.7865512951 31.1983954465 31.0767093075 30.7636511503 30.7271438027 30.8698316333 30.9633195278 30.5428599502 30.6941573918 31.2032597162 30.5462038196 30.5120101525 30.5317647661 63.3734491047 30.7026849891 30.8710149174 31.1823454158 30.9130100821 31.162344252 31.0258899547 31.1900185577 31.1470732775 31.1656060743 31.0908368135
30.9321222899 30.6480571496 30.6273168649 31.1242789298 30.8977261547 30.9822101393 30.6344642632 44.6473360172 30.9905859608 30.6780917943 30.8863565374 30.9942648963 31.0244451121 30.6348093843 31.1000858778 31.0836823121 31.0321932575 30.5247019342 57.4099845252 57.4099845252 57.4099845252 30.9414659644 31.0010127648 31.1604546253 30.7252589372 31.0217091532 30.758033381 30.7813958864 30.568212404 42.8026867906 42.8026867906 30.6745712091 31.0639395837 31.1207127088 30.6427677751 31.074052694 30.8269006817 30.8699858606 30.68619529 30.9378352413 31.0206908603 30.8984298389 30.9908816411 31.0035068114 31.0596218738 31.1812929043 30.8546249197 44.9898425173 30.9034567216 30.5875815126 31.1182527973 31.0004970738 30.5471364626 30.6468327044 30.6205794584 31.0367449348 30.7944191326
31.1266774641 30.6377137999 30.9678869581 30.7998603156 30.8484898614 30.8240382425 31.1225904027 44.8330149087 44.8330149087 44.8330149087 31.1110980959 31.137864951 31.1261554236 30.7182202761 31.1758490864 30.9508685746 30.6378883698 31.2064575355 57.4099845252 57.4099845252 30.6070088334 30.9866811792 31.1715110559 30.5340180949 30.9431360035 30.9671342987 30.5050921567 30.5037617239 42.8026867906 42.8026867906 42.8026867906 31.0036650945 30.8169411736 30.8159029616 30.8017508161 31.0852842235 30.9734429046 30.6262776875 30.5927039786 30.9055250292 30.578651381 30.6535861985 31.1061187038 30.9892613206 30.8466709649 30.8035257515 44.9898425173 44.9898425173 30.77412822 31.1903142223 30.9589084581 31.027566514 31.1205491882 31.0621255064 31.1696035796 30.7853301228 31.1069922424
30.8930465352 30.5261470232 30.7317160442 31.1991194951 30.8698452621 30.6114928179 30.6064193139 44.8330149087 44.8330149087 30.845531837 30.5207688274 31.1834227709 30.9516472708 31.1865918193 30.5197129975 30.6560242568 30.8276202896 30.8749310222 30.7348688707 30.5098095032 49.8355142761 49.8355142761 30.8471699871 30.7598377677 31.1420626941 30.9722553894 30.5386688434 30.9070053472 42.7787731323 42.8026867906 60.7141162494 30.8939841738 30.8846251744 30.974819968 30.9465797805 31.1685316322 31.1150693484 30.5904765866 31.1157217221 30.784722376 31.0087996567 31.0106896748 30.8532960377 30.9567721895 31.2043929678 30.5981443776 75.2313720079 30.7810178322 30.5758469299 31.1451801783 31.159619345 31.140874232 30.7919076903 30.7100786564 30.5842421563 30.6953464487 31.0270247773
31.1409175572 30.8638890137 30.5700383703 31.0063476889 30.7405285547 31.2057335963 42.4772381125 45.1983784553 31.1207143547 45.1983784553 30.9894267552 30.9749766604 30.6885239219 31.0722274347 31.1689919289 30.519341299 31.0765880982 31.0229624852 30.5635524527 30.8726153933 76.432613524 76.432613524 30.5002209021 30.6877953253 30.8185465263 31.1743232475 31.0127871785 31.102478083 30.5497280143 30.8273597616 30.7343151572 42.6317448226 30.5555016603 30.5324907697 30.6315389437 30.942274063 30.5933510451 30.853221635 30.6757728248 30.811279801 30.9038970825 30.9747316382 30.5712726303 31.0313871589 30.6433850996 30.8853745129 75.2313720079 75.2313720079 30.6573484551 45.3303102175 62.7927550496 31.003836018 31.0019994085 30.830948044 30.5116265475 53.8389785502 56.9552179389
31.2059959972 31.1635845731 30.5080301369 30.5153215208 30.5192409737 31.1053794461 30.9555440115 31.0026715551 54.5143600164 30.8883249678 31.0831812824 30.7812524696 30.9979876015 31.1510638731 30.6947746235 30.7927195398 30.7089114769 31.204766736 30.5556912548 30.5103364267 76.432613524 76.432613524 30.7384620698 30.8672936597 30.7877050392 30.7001640895 31.0571125166 30.8497498383 31.1162324579 52.9233032983 52.9233032983 30.5804512158 31.1641929378 30.5141407809 30.909836436 30.7419087299 30.9508519407 31.0158223897 30.9302493149 31.007331022 31.1574801153 31.0847676991 30.5961394878 30.5495780572 30.6922447292 75.2313720079 75.2313720079 75.2313720079 30.9342793109 45.3303102175 45.3303102175 62.7927550496 61.4060588778 61.4060588778 56.2482199779 53.8389785502 56.9552179389
30.855492015 30.97606905 30.8462115151 30.5746708007 30.7398592476 30.997999832 30.8899039453 54.2911647505 54.2911647505 54.2911647505 30.8000852925 31.0748219447 30.6340596592 30.6037461564 31.0166150909 31.047428567 31.0133180617 31.0073528529 30.9301746076 69.708332077 47.9777956292 47.8123743155 31.0889260332 30.8585795118 30.8877456639 30.9301897937 30.6552233336 30.5725144572 30.7802892279 52.9233032983 52.9233032983 52.9233032983 30.9020782004 31.0529298449 30.5160350675 30.5069958459 30.5951385221 30.6146075547 30.5786913485 31.0488560283 30.8152138257 30.5497578152 30.9626067412 31.200585581 30.5665716307 30.56156757 30.9898890817 30.6061174013 30.615689491 45.3303102175 62.7927550496 31.1103948115 61.4060588778 61.4060588778 56.2482199779 53.8389785502 56.9552179389
31.2017530121 30.6191641037 30.8826997674 31.1889895337 31.1572221715 30.7860267426 31.0316610973 54.2911647505 54.2911647505 30.9412333755 30.8191143246 31.133013822 31.0745452184 30.8822833275 30.7288975788 31.1947544714 31.1221716596 30.6219725748 30.7581684812 76.6874169681 76.6874169681 76.6874169681 76.6874169681 30.5110181351 52.722571837 66.2876904567 50.3547293557 68.6676084512 55.3840101085 55.3840101085 47.5001710258 47.5001710258 30.6092279805 30.7691010587 30.519612505 30.6706715957 31.1850520304 30.6828481977 30.9959394774 30.8314110119 31.2008252911 30.6876573502 31.1688034121 30.7750069952 30.6130162494 30.972160256 30.8390533922 30.8938092952 30.7484291877 30.6205721477 31.0235361689 31.1381890693 70.7164460839 61.4060588778 56.2482199779 57.0629246469 30.8630292393
31.0227893668 30.8319414186 31.1520530453 30.646527452 30.8303975623 30.873369738 31.0112053431 30.6078209446 55.8856824615 30.9744862347 30.7825617912 30.567461136 30.7851951283 31.0201452428 31.0916811913 30.7897626249 30.7788340467 31.1901806087 31.118611894 30.7405726753 76.6874169681 58.065340737 31.1447673323 31.1296184222 66.2876904567 66.2876904567 50.3547293557 68.6676084512 55.3840101085 55.3840101085 47.5001710258 67.9639720511 31.1330734514 30.5807709353 30.7267548074 30.927529389 30.9634893274 31.1927689898 30.678087815 30.5276257821 30.5999720535 30.6323802983 30.9572278251 30.7555765188 30.7112987588 30.947110565 30.6136966567 30.6588537274 31.1198757699 30.736045653 31.1215128186 30.5881568498 30.6049291264 30.8792888857 31.1059034346 30.6279333322 30.639452875
30.6879281781 30.5845762061 31.1301113595 30.8701482517 30.6094252369 31.1874277524 30.5834972648 55.8856824615 55.8856824615 55.8856824615 30.8418243581 31.1668492966 30.7854053238 31.0841743685 30.9564214962 31.054417315 30.6675942142 30.6111486912 30.5760256942 31.1063814066 76.3824460629 76.3824460629 30.552761861 66.6157863319 52.722571837 66.2876904567 50.3547293557 30.7173594826 30.6768333624 55.3840101085 67.9639720511 67.9639720511 30.6114969983 30.5131108553 30.525041113 30.8685794207 30.9578217593 30.7827779006 30.8903291134 31.0790349857 30.6769836543 30.8490856429 31.0366295368 31.0585687488 30.828344907 30.5678687628 30.7445964149 30.5684314109 31.0143070211 30.8035381605 30.9696552956 30.7061243131 30.8086190864 30.5268340096 31.1514866294 30.7055990444 30.6592464987
30.6671391234 31.1426553389 30.9529071994 30.8605981566 30.5303479453 30.6882115811 30.5898940261 55.8856824615 55.8856824615 31.0046865304 30.7398040855 30.746228417 30.7552991352 30.5736775688 30.7711410763 30.6796523325 30.5343555254 30.8935626048 30.8096084438 76.3824460629 30.8391782412 76.3824460629 30.8908950538 30.5635602677 30.9940695125 31.1953828322 31.0685091634 30.6328639776 31.008704369 31.057532365 49.6062658244 49.6062658244 49.6062658244 30.9780104383 30.8860404169 30.5650412155 30.928782619 30.6467676121 30.5754528938 31.1495329646 31.1895307053 30.9527886706 30.8488965231 30.8756583472 30.8825568279 31.058048772 30.7407730597 31.1793750706 31.0635032418 31.039201597 31.2043269197 30.5171791563 31.0579790864 31.1770451181 31.1171573347 30.8384442217 31.1759603923
30.855629316 30.7625602198 30.8835902533 30.5786932645 31.191366006 30.6016107775 30.8347934987 55.0456831653 55.0456831653 30.9785600844 30.8357844105 30.9777103161 31.0547500524 30.9370907555 31.109301248 30.5232348305 31.0547874738 30.7025721131 30.8052396988 31.0190137307 68.2745502194 31.0397922355 30.7250695427 31.0048371393 31.141517708 30.5173088326 30.5689326399 30.5105219492 31.1693833034 30.7125709867 49.6062658244 49.6062658244 61.1459053634 30.9625014965 31.1347040544 31.0723546355 30.7877930383 30.6786240079 30.6343255823 30.881016404 30.6337291599 31.1347122753 30.8965929745 30.6245426484 30.688533569 30.9553028604 30.8478792211 30.6109245655 30.7061054551 30.8626088939 30.9313003229 30.833153774 31.0326709449 30.9355513279 30.8297257413 30.5864204281 30.6996717088
30.6995690894 30.7653482416 31.0693193241 30.7429167401 31.1031384869 30.8009673751 30.8595551024 64.9583916141 75.3553431314 64.9583916141 30.8119185359 30.689851275 30.8064307315 30.9006543229 31.0835871365 31.2060074482 31.0250485912 31.1757016738 31.0548895115 68.2745502194 30.5043133631 30.6648677061 31.0121956449 30.7757123868 30.9996015347 30.6807815802 30.5313917494 30.8063863132 30.7285441813 30.7338113145 30.913624292 61.1459053634 61.1459053634 30.784805832 30.5665399668 31.0580058178 31.0162193024 30.5478205257 30.5742788333 30.5735367511 31.0997121265 30.6902243362 31.0080442787 30.6749365268 31.0937050044 31.0955820055 31.0064038406 30.876775451 31.1623906128 30.8383512468 31.0410128199 30.787908611 30.5562408725 30.6110800102 30.6385520991 30.9329404595 48.3689786251
30.9473130589 30.5049212765 31.1421233718 30.9085676622 30.7978998027 31.0257198566 31.1431655717 75.3553431314 75.3553431314 75.3553431314 30.5338354061 31.0189277974 30.6203048833 30.995221383 30.6608328601 31.1592126524 30.8860448071 30.7683307768 31.1469586266 30.9666572642 61.1355974467 30.8558641757 30.6719573202 30.618159913 30.8669511377 30.6298534462 30.8636769929 30.7407786227 30.9302657867 30.5341488943 31.2035908919 59.722717624 59.722717624 48.8347244558 30.5133592592 31.1837060409 77.3832110047 30.8560265914 30.9955031268 30.8357294592 30.5001649179 30.5263048107 30.6699065079 30.9958953866 30.7792509383 30.5632213828 30.993506686 30.8195880887 30.6660652797 31.1813063133 30.6528087911 31.0326781525 31.1830389761 31.1245199497 31.0649297665 46.5606850477 46.5606850477
30.8677586487 31.1697637617 31.161076426 31.1528156049 30.7673593741 31.0754248918 31.0263402354 50.3104191707 81.6755309924 48.1717316233 60.5292045281 60.0997708881 30.8255311869 30.6324099057 31.0927851743 30.7235748586 45.2478553393 30.7605611682 30.8217388542 61.1355974467 61.1355974467 61.1355974467 30.8717925943 30.9594714061 50.5962116033 30.5406500692 65.7079426224 81.6738372029 81.5329284308 61.2666084819 61.2666084819 59.722717624 59.722717624 59.722717624 74.9070968566 31.0769822503 77.3832110047 30.7570042632 58.804566873 58.804566873 30.921363584 31.17032864 30.7684695986 30.7778195383 30.9977940355 30.8797199341 31.1649424569 30.7569145497 31.0785155635 30.9230037152 30.7195012302 31.0689424413 30.8893621986 30.6395195406 48.5939647372 48.5939647372 46.5606850477
70.6628102631 70.6628102631 30.5758239275 30.7774545188 30.6746237759 30.9722688617 68.0709225482 63.0213092434 48.1717316233 48.1717316233 60.5894506653 60.5894506653 60.0997708881 30.867171217 45.2725257081 45.2478553393 30.7962861893 51.1656451353 68.9578162351 68.9578162351 61.1355974467 61.1355974467 31.1339447644 30.505818802 50.5962116033 50.5962116033 65.7079426224 81.6738372029 61.2666084819 61.2666084819 61.2666084819 52.1200835825 52.1200835825 74.9070968566 74.9070968566 54.473226316 77.3832110047 30.6242649451 58.804566873 58.804566873 31.1273233079 30.7250385749 30.7132577157 30.8136006428 31.1265070501 57.8405342149 57.8405342149 57.8405342149 30.9319950428 30.6989292287 30.586945435 30.792196116 31.1839567788 30.9547292907 31.1422823714 30.7596068696 30.6058400381
63.8711023193 70.6628102631 30.6870498002 30.9245604986 30.8500295468 30.6743023785 68.0709225482 63.0213092434 48.1717316233 48.1717316233 60.5894506653 60.5894506653 30.5652302154 31.113053368 30.5701890787 45.2478553393 30.972097915 30.5679933437 68.9578162351 68.9578162351 50.9484284034 30.6209663244 31.1140843528 31.0597398083 50.5962116033 50.5962116033 65.7079426224 81.6738372029 50.0304059434 61.2666084819 61.2666084819 65.1233543847 52.1200835825 58.9721232202 60.8216618302 30.6812068553 31.0214699066 31.0659088745 30.8620577448 30.5523998795 30.87285556 31.0212469397 30.6795528727 30.8136633302 30.7971657672 30.6856114633 30.8951053405 57.8405342149 64.4837733198 30.7661591187 30.9446988165 30.9001894941 31.0565519609 30.6109656492 30.8945076954 30.7029426561 31.0544382342
70.6628102631 30.5399087527 30.5955188894 31.0994170997 30.5299993332 31.1912065636 68.0709225482 42.3659692367 63.0213092434 48.1717316233 60.5292045281 60.0997708881 60.1208192039 30.9491167101 30.6819586437 30.8383737195 30.713972942 30.8762803673 31.1967775941 68.9578162351 31.0641412307 30.9283501318 30.9079260286 30.5061761299 30.9579438839 30.7805207884 30.6333925612 31.0213333151 31.1463080693 30.7779130211 30.9950819394 58.9721232202 58.9721232202 58.9721232202 31.0665217182 31.0666054153 30.8665964611 30.9848386489 31.1443074657 30.767917135 31.0177097443 30.7899546574 31.1980230029 31.0973414933 30.8089007534 30.8234180019 30.9935604864 31.0312459938 31.1384790685 31.0873988655 30.6369743813 31.1997915601 30.8945900458 30.6175657135 30.5127776668 30.8455914764 30.6401909696
