Spatial_Output/BAU/BAU_1080.asc
NCOLS 155
NROWS 192
XLLCORNER 196769.923733
YLLCORNER 449719.875193
CELLSIZE 27.603701
NODATA_VALUE NaN
[rows 92 to 114 of 192, columns 53 to 105 of 155]
22.9561563225 22.8278050845 23.1425948762 23.0334569814 22.5933572638 22.9987475668 22.8481831309 23.0841971153 23.1592779442 63.5119288893 63.5119288893 22.7943134647 22.9891571505 22.5787408155 22.5215218734 22.9845192713 23.1789843056 22.7983557304 22.6779846813 22.6798175712 23.0304306855 23.1941025266 22.7959966264 23.0408646649 23.0538326616 22.5642768348 22.8381695113 22.5662040357 22.6480875671 22.9822770401 23.1935629207 23.0486577094 22.8750195 22.8119155161 23.1929697293 22.9660974917 48.9560912584 48.9560912584 23.2012485301 23.1360898474 22.5902998648 22.8040142906 23.0502486168 22.5737390116 23.1592975146 22.7638054468 23.1929710667 23.1218279736 22.7709593577 22.8324208199 22.8618766635 22.7560872206 22.878541765
22.9987605789 23.1847499816 22.8558747099 22.9626503524 23.0821170375 23.0587688751 22.6654551428 22.9975359869 22.7370463519 63.5119288893 63.5119288893 22.8910456514 22.5723871993 23.1335528615 22.7839882761 23.1733031074 23.1942435761 22.7237796974 22.7880696415 22.9259579205 22.7534459453 22.9805778853 22.6873980081 23.0937674038 22.7104003133 22.520373582 23.0502063459 22.8288551555 23.0002778773 23.1139743333 23.1714041856 22.8598315158 22.7536379281 22.7235912156 22.5843161641 22.7272358403 23.0763190265 22.8528028418 23.0076442867 22.7368049452 22.8328010272 22.8681711102 22.5071252074 22.8487430912 23.1028913145 22.6866501189 22.7413526269 23.2057770105 23.105522808 22.6444228248 22.7546862002 22.8138112889 22.7747256904
22.5645023087 22.6609378523 22.7071531084 23.0747921984 23.2001594965 22.9083899268 22.8155115384 22.7168452719 46.7477014531 22.8037606666 22.8362959697 23.1208383622 22.855388293 22.9521684582 22.5955744185 22.9992336967 22.805457339 22.5924202447 22.7062377943 22.6696499317 23.0032684497 23.1000485723 22.6725921393 22.7018712965 22.7695111926 22.7513174959 22.6411184381 23.1193993492 23.0989023734 23.0026698774 23.0993485751 22.7359912444 22.8618836501 22.7787095351 22.5599650817 22.5438473538 22.7494116379 22.7426263435 22.5167941462 22.501717893 22.8961294215 22.5046058684 22.5686531699 22.9189516082 22.5555222339 23.0038492168 22.5543893555 23.0469835406 22.9852679056 22.6575004497 22.694893785 22.7479918395 23.0888245129
22.7712726722 22.9463966142 22.5651054308 22.7483635253 22.9049569812 22.6272627836 22.7112354566 22.7652636206 23.0393815873 22.8515827788 22.8892469722 22.9624796462 23.0000450526 22.7665592915 22.6246445034 22.6679355158 23.0534760171 22.5382252336 22.8413714533 23.0017702161 22.6705580516 22.6402528093 22.5134664233 22.6560335734 23.1012431707 22.8387601144 22.7872257472 22.5317982451 22.9918213103 22.6867168014 22.6803866978 22.761780943 23.0386048658 22.5311753989 22.9300942716 22.6338455585 23.1373107406 22.8475286082 22.8056014715 22.5934588255 22.8019134662 22.5764595114 23.1124509647 23.0658733558 22.6606410063 22.9246125628 23.0833658236 51.2656636931 22.9760687098 33.6612834422 22.801363794 23.170986945 23.0660033808
22.8879020471 22.7939730588 23.1555254747 22.7767526729 22.8041342294 22.5977598788 22.8186422842 22.5436945174 59.7141189617 59.7141189617 59.7141189617 23.2010953779 22.952417834 22.7141269628 23.0195349251 22.5850546861 23.1369502617 22.807929054 22.7508892561 22.9022717741 23.0636738727 22.8735238373 23.0627331551 42.6281480482 42.6281480482 42.6281480482 23.1540200378 23.0536415467 22.5089834653 22.5024516992 22.5955711168 23.1252435469 22.6130414218 22.5308281374 22.9357383395 23.2039452954 23.0556323382 22.8214308245 23.0610587004 22.8648358051 47.5299664153 23.0927994875 52.8166366123 69.1390135366 69.1390135366 51.6114059436 51.6114059436 22.9218240226 22.9688914113 33.6612834422 22.6428079897 23.1139893684 23.1715226146
22.7361733578 22.789633239 56.4956392983 22.7992199614 22.6135928079 23.0296828629 22.5235339954 41.2961156926 49.6124555585 59.7141189617 55.2769570687 22.9482352182 22.9506652951 22.652866555 22.5443194267 23.1780860388 22.8673805625 22.7051291828 22.8647829413 57.1239315543 63.0584702225 22.8900966619 43.9820331408 67.321334311 54.0345389465 41.7210736506 59.8968604968 42.559480623 22.5748421796 55.6204450974 22.5528584517 55.7000829396 22.513657916 23.1398347491 22.8357021796 22.9359488918 22.7510022662 23.1188225419 22.7765298207 22.813009456 47.5299664153 22.9154823259 52.8166366123 69.1390135366 69.1390135366 51.6114059436 51.6114059436 51.2656636931 33.6612834422 33.6612834422 23.1278443221 22.6830346579 22.5294483674
22.5105555965 56.4956392983 56.4956392983 22.9398639455 22.6974347785 22.6596269434 22.8438344733 41.2961156926 41.2961156926 55.2769570687 55.2769570687 65.3904382312 23.1300864937 23.0131373228 23.1115689389 23.0856668876 22.9159695277 23.1875596432 23.0051726666 57.1239315543 57.1239315543 63.0584702225 67.321334311 67.321334311 54.0345389465 41.7210736506 59.8968604968 42.559480623 22.732346561 22.8926244824 55.6204450974 55.7000829396 22.887882462 22.5929772686 22.5234950395 22.9925621149 22.8475721461 56.6771961441 56.6771961441 22.5153854323 22.8728570075 36.3765771176 23.1147459092 69.1390135366 68.7895937681 51.6114059436 51.746831359 51.2656636931 22.7044682678 33.6612834422 22.5097974806 22.9274251205 22.8179248129
22.9354229434 23.111133604 56.4956392983 22.6549272395 22.66055594 22.8092097626 22.8126596683 41.2961156926 41.2961156926 40.354704445 55.2769570687 65.3904382312 22.5638181442 23.1741156309 23.0865590363 22.528367404 23.1057215856 22.8018845576 22.876594706 57.1239315543 63.0584702225 22.9162632168 67.321334311 67.321334311 54.0345389465 41.7210736506 59.8968604968 42.559480623 22.600751847 55.6204450974 22.9673817513 22.5540095542 22.5489606996 23.1928823213 22.5209755591 22.8448736603 22.9820562343 22.7650616262 23.0519960642 23.0156889699 23.1440584749 22.7640919255 22.6240735633 22.8973137654 22.8716502905 23.1581151077 22.9641303134 23.1950061046 22.8446257406 22.8630811641 22.854348656 22.8583140969 22.845290484
22.830989892 22.6433235571 22.8608927247 23.0927273202 23.0363337057 23.1568748348 23.1643749858 22.7821971087 22.5094029336 23.1814593008 23.1879610142 22.5083067018 22.6867559444 22.8409251237 22.8206045806 23.0651175278 23.1173268178 22.653414162 22.8679098315 23.0131118513 23.1255658005 23.1403139702 22.8716154828 52.4222051679 47.3589804492 52.4222051679 22.5499263234 23.0121627299 22.5453278306 22.6444092946 22.8623715942 22.9345151556 23.1182313282 22.6580999601 23.001732956 22.9575013791 22.93321855 22.5304882024 23.1083785229 22.7586314408 22.6727399622 22.7683016503 22.6972756572 23.1876861883 22.5054265074 22.7588728864 22.8140291371 22.7818197289 22.9112522706 22.8824412779 22.7584064969 22.7681646478 22.8878447729
22.8929499227 22.5683133169 22.8268922528 23.1248320166 22.5016564283 22.5973437998 23.1461821946 23.1771979974 23.067154289 22.7836186249 22.8855004458 22.8232767353 22.7465462282 22.8057846128 22.7399296947 22.5117022551 22.7512799057 22.8030753216 22.6287957914 22.6062929892 22.6575247591 22.5447896652 23.1185744273 47.3589804492 47.3589804492 47.3589804492 22.5940198472 22.8925239709 22.7830265464 22.8366587044 22.9663367413 22.6234018434 22.7093449517 23.011629629 23.1313658007 22.6035130827 22.8549089058 23.1681238712 23.1143786901 22.7853446265 23.1350292343 22.5892430202 22.9828907414 22.93781253 23.078908194 22.5410381793 23.0130951148 22.692219305 22.7979528799 22.8567433234 22.8895441414 22.9783395158 22.8871417241
22.6058799886 22.5844291417 23.0575496131 23.2034590907 23.025874833 23.1721773452 23.0630544337 23.162172782 22.7149151876 22.7682390748 23.0883910278 23.1339704673 22.5415580381 22.5583391646 22.9809307955 22.6204352406 23.1209285578 22.7878706338 22.5566243387 22.8905834119 22.9078875561 22.677431739 23.1440211167 54.8385555566 51.0896208764 51.0896208764 22.5592888823 22.7181273005 22.8761794113 22.5159492294 23.0797304382 22.501213873 22.9721406678 22.6326214706 22.8509605639 22.5709240969 22.8362473027 23.1596450948 23.1315055573 22.6547980616 22.6978324932 22.945728316 22.6596082798 22.5326857254 23.1273997802 22.9582691113 22.8983041388 22.5926356778 23.0124179579 23.1754760267 22.5340618464 22.852418629 22.8093486114
23.1620367712 22.5466058705 22.9608476465 23.0056283296 22.8351791847 22.7436153364 22.8429086178 23.0983893645 22.7437447623 23.1474669394 22.8751917976 22.6099411579 22.9863626864 23.0290354838 22.9841412653 22.5263053072 22.7777270442 22.7613578083 23.0794717164 22.7687372135 22.6093161279 23.055120525 23.1878642326 23.1208944997 52.8015920648 23.0404130044 22.9936598622 22.5747157192 22.7826177078 23.0791923922 22.8491735202 22.6324064087 23.0277643848 23.1897557605 22.6436351654 22.8674118367 23.0925498025 23.0982429511 22.8241043361 22.7280006251 22.9465187035 23.0988917152 22.7743042602 22.9135918695 23.0357255851 23.03618918 22.9415189358 22.5687675791 22.8755429151 22.8672940692 22.9123741253 22.799247054 22.8266736601
23.095969427 23.0771490156 22.736867359 22.6852713588 22.7864615509 22.6512642174 23.049424075 23.1254720607 22.830742773 22.8506036208 23.1645122886 57.0194488905 57.0194488905 56.7678396032 23.0408818675 22.5482836005 22.9245561828 22.9807261142 22.946497521 22.8843081231 22.946965064 23.0118716503 23.1296151593 22.7325924177 22.9184376504 22.7915042508 22.8081209291 23.1625715066 22.9244774022 23.0121093343 22.9171372925 23.1270692756 22.7728992319 22.7816401286 22.9309836424 22.8871353332 22.9334460184 22.9917233804 23.0914652921 61.2950504219 23.0427141416 22.6010814349 22.7294226986 22.5704858311 22.9837941859 22.723843722 23.0667880604 22.631595824 81.1810784444 56.1324200841 22.9813553346 22.6428729522 49.292889615
22.7639383476 22.8365605727 22.5063811017 23.0230135404 22.584785855 23.1245422586 22.6577930195 37.5493041901 37.5493041901 37.5493041901 37.5493041901 57.0194488905 57.0194488905 57.0194488905 23.1862099027 22.8461985473 23.1406070183 42.6511500902 22.7980285264 42.7215640122 22.6039741055 22.6144459863 22.6992575052 22.7530180694 23.155489764 22.7892088777 23.0726150944 23.1751539239 22.5903172779 22.9649963911 22.9834705653 23.0408969605 23.1538316588 22.5137831393 23.1945453181 22.5819893555 22.7015166701 23.1326239727 23.0126025896 61.2950504219 22.7260529669 22.9996161035 22.5041003605 22.883714384 23.0615100872 23.0643996834 22.680173183 52.4245264518 56.1324200841 56.1324200841 56.1324200841 49.292889615 49.292889615
23.0004104381 22.8096429167 23.1502371713 23.0327663376 22.817231806 23.0165416432 22.9392800759 52.0675543238 52.0675543238 52.0675543238 22.9709699017 57.0194488905 22.6397014276 56.7678396032 56.7678396032 22.9737348997 23.0234947665 42.7215640122 23.0103970937 22.8031758328 23.0305199499 36.5895791948 56.3900936949 23.0102364744 46.1184299601 22.7498863293 23.1213822939 22.6516065792 22.559100448 22.7172487136 22.9546471096 66.1850313711 66.1850313711 66.1667059829 22.8303654424 22.7578920903 22.7737348056 53.0402092689 22.5645444694 61.2950504219 61.2950504219 22.6499839466 23.1713944573 22.7352974573 22.6288454681 22.858307895 23.1836913706 52.4245264518 22.7442779688 56.1324200841 56.1324200841 22.8565066036 22.5382533989
22.5411784605 22.8733910666 22.6066974361 22.7649272671 22.9608667664 23.074765506 22.7732962657 23.1396825953 52.0675543238 22.7181141687 23.0111953978 23.1227748283 22.6542961511 22.5967500821 22.9912509425 56.6021140411 23.0993040551 42.6511500902 42.7215640122 22.7222154075 36.5895791948 56.3900936949 56.3900936949 46.1184299601 46.1184299601 23.0077233646 23.144676269 22.5178028684 23.1253651198 22.5521968321 22.5024781415 66.1850313711 66.1850313711 66.1850313711 22.5169124184 23.058517298 22.8532422978 46.0306233379 53.0402092689 22.9468443747 22.9648665113 22.5143375033 23.1298048273 22.5312417538 22.6753121649 22.5807304573 22.6337709606 22.6539453083 22.9880857204 23.1953437373 23.1972646484 22.552825421 23.0919340827
22.8457538686 22.7842586041 23.0401190233 22.9604853333 22.5171914776 23.015442973 23.1830215828 50.9912126853 50.9912126853 50.9912126853 22.9460292138 22.6590199636 22.866699288 22.9196221174 22.7642089847 23.0444552997 22.5214874688 22.6889788985 22.6306380588 22.7252038702 22.9703920422 56.3900936949 56.3900936949 22.9405558899 46.1184299601 22.5595484217 35.8971189837 22.8809141525 22.9332573232 22.9268949723 23.1879989386 22.5322491167 66.1850313711 22.6674010258 22.6292986368 22.8013017812 22.8579911062 23.0320153798 22.7346119253 22.6987397895 22.9564687461 22.570114822 23.0780798965 22.9391948202 23.0745870611 23.1971323716 22.7205475234 23.0526822152 23.0963528652 22.9466140284 22.8712109884 22.8592030715 23.0455875472
23.0061433944 22.7532846594 22.5285030111 22.583215988 22.8189411955 23.113895519 23.0050423668 41.0611889934 50.9912126853 50.9912126853 22.8822682994 23.1943509189 22.578475905 23.0796164993 23.1040395473 23.1693984443 23.0520643426 22.9306780982 22.6364858297 23.1147797112 23.1493748947 22.5189770702 58.4466102941 58.4466102941 58.4466102941 58.4466102941 23.1237528294 23.0014623381 23.2046314854 22.7787480061 22.672061526 22.8286596496 22.5886139652 22.7670808605 22.9318273475 22.7298684834 22.5114238653 22.7004525095 22.8138921179 23.1475492755 22.6467906739 22.8266969234 22.5641292193 22.5099022875 22.7349093951 22.9034386524 23.1973139167 22.871011367 22.8214045062 23.0854647156 22.6192107563 23.1624491404 22.8229088689
22.5439858019 23.0043959553 23.2021031871 22.8699840651 22.766345143 23.0457841354 22.9512290908 40.8857610028 49.2757639076 40.8857610028 23.1897749815 23.0043428946 22.6608368652 22.7895178596 23.0858718588 23.047960253 23.1424390523 23.1348224144 22.7673494016 23.0606926068 22.7737503013 23.0897068796 22.6480764594 58.4466102941 58.4466102941 22.5727397719 23.0680233765 22.545855386 23.1016264474 22.5341698543 22.5864408285 22.7106555837 22.7098960596 22.5607131919 23.0572323759 23.168736112 22.584753061 22.9205074859 22.5980036638 23.2017123691 22.9742303295 22.8187508005 22.7037076932 23.1686846332 22.8471650634 23.0541980131 22.5499562908 23.0600127731 22.6668602075 23.0657088283 22.7905433943 22.9344344455 23.2003486645
22.9570811067 23.2059108864 22.7474264336 22.7439357248 22.8138830468 22.5488252742 22.8564361148 49.2757639076 22.7826852712 22.6252581718 23.0470720625 22.8603418343 23.0352815187 22.7611745321 22.5996678229 22.9863444167 22.8596587956 22.8939480117 22.9338340125 22.9415958047 22.8944129688 22.7812749509 22.7362141634 50.6483139367 50.6483139367 22.9374922173 23.1071254597 22.9412536918 22.8112088228 23.0099926336 50.3810154211 50.3810154211 50.3810154211 22.5513175448 22.6710236907 22.9847978899 23.0146651215 22.6327355065 22.7338378942 23.0785602005 22.6616221756 22.9344261466 22.8042561918 22.8488093847 22.8793614826 22.5634702926 22.8102519966 22.9895022203 22.7995940135 22.5825114171 22.5784223041 22.7227185445 22.8352133617
22.8175523731 23.1356613579 23.0774587068 22.5322021242 22.9284687474 23.1927625775 23.2002859175 53.6274305415 53.6274305415 53.6274305415 22.9173599638 22.8562637146 22.7358429806 22.7729226881 22.8852125263 22.5979086947 22.8509261399 22.7424800708 23.1955745964 23.0674269444 22.5420272752 22.8567989989 22.8151764929 50.3123250909 50.3123250909 23.0809412998 23.1506668886 23.0607590883 23.0139185602 22.6035255649 85.9605234036 85.9605234036 22.5719944293 22.9961502087 22.8744628731 22.7524430792 22.6442164126 22.8027311566 22.9852917559 22.8134337895 22.7669971287 22.8510165089 22.7061163536 22.9622010324 23.0910051841 51.0458973229 51.5171507216 51.5171507216 23.1290846037 22.8252049458 22.7489178049 22.731137513 72.7508060266
22.7982505514 22.5490190972 22.7315942573 23.1655855909 23.1580015235 23.0750102673 23.1282157684 23.1765707484 53.6274305415 53.6274305415 34.2443942134 47.637100038 22.6734906865 22.9123916443 63.6488845109 23.185937979 23.0003154876 22.7053424899 46.2164378115 52.362879746 22.7377863371 22.7287992308 22.53500299 50.3123250909 50.3123250909 23.1907914497 22.8054112211 56.9712231548 23.06932707 23.1081081079 59.5078202453 48.061320336 48.061320336 69.2745499384 22.8634695803 22.8322624964 22.75629439 23.0626503082 22.8385584356 22.7539382133 23.1145695772 23.1580513621 23.0364440816 22.9801214494 22.7936642285 51.0458973229 51.0458973229 51.5171507216 51.5171507216 23.0190401216 23.0039078473 36.4773803973 72.7508060266
68.4006589532 39.9812279417 50.6832352597 65.3160942194 65.3160942194 23.0777759121 60.6843393799 34.3340080213 34.6273902514 34.6273902514 34.2443942134 34.2443942134 57.4745497454 52.9555323551 52.9555323551 42.2945639753 22.5680965003 46.2164378115 46.2164378115 55.5384907399 40.2498651619 40.2498651619 46.0652340535 62.3307704709 62.3307704709 22.6432761956 23.1117831851 56.9712231548 56.9712231548 22.9454773933 59.5078202453 44.6074010218 69.2745499384 69.2745499384 23.0602471314 22.8517053461 22.8507912813 22.5799368397 22.5039893938 23.0997053852 23.002660915 23.1632841878 22.5931511518 23.1784401933 23.1391109594 51.0458973229 51.5171507216 51.5171507216 22.7284914213 22.766447596 22.7664080119 22.6792085834 72.7508060266
