Spatial_Output/BAU/BAU_1199.asc
NCOLS 155
NROWS 192
XLLCORNER 196769.923733
YLLCORNER 449719.875193
CELLSIZE 27.603701
NODATA_VALUE NaN
[rows 23 to 45 of 192, columns 53 to 105 of 155]
27.9260399996 28.0006930518 27.8928717553 27.9061343864 27.9229240484 27.8083513687 27.9623054092 28.0027879901 42.139109395 42.139109395 27.836719352 27.8323940491 27.8406139729 27.7775443387 28.029188602 27.7317336657 27.5447913149 27.793711571 27.8721106801 27.9632726237 28.1415775972 27.8395902842 27.5586591507 27.8839800595 27.880760882 27.5464706318 28.1408679481 27.9309780691 27.5087535047 27.7106125531 27.632161798 27.9456069373 27.9452719099 28.1774772218 28.1112081386 27.719041154 28.1147871836 28.1905129201 27.6853910442 27.587504713 28.0492653081 27.5079212806 27.5432606931 27.6895742093 27.7661950216 27.6427555497 27.5259779361 27.8727845885 28.1108998141 28.0408936023 27.9568882289 27.9749340482 27.8474304378
27.918049517 27.9691082505 27.9174057354 27.8806977485 27.7613747583 50.0109979427 50.0109979427 27.9331948117 27.503732391 27.9537137816 27.6198209183 27.7467361729 27.7171175871 27.6441988047 28.0697000959 27.8496354067 27.6513434573 27.9953842274 27.6029328668 27.9615914515 27.5818987215 27.5933934562 28.1918628796 27.6368307893 28.0114114045 27.7063026186 28.1095778668 27.838769986 28.0134301986 27.8151756176 27.5137823079 27.7111967436 27.87788702 27.9468239232 27.52168457 27.9867537328 27.9144572427 27.629230912 27.8544509359 27.5223402154 28.0560930737 28.1086456473 27.6668387969 28.0612867629 28.1884016603 27.9869706114 27.5779897297 27.5838723578 28.1169839542 27.563650264 28.151100832 27.9143568342 27.9589221775
27.9196815689 27.6803348493 27.8551291508 27.6431018279 27.7036633551 48.1259293025 50.0109979427 27.979149664 28.1860459847 27.810154628 27.9708373854 28.1800288506 28.0882254578 28.1788445545 27.6261799003 28.0663158916 28.1541450469 28.1633727875 27.8102688156 27.7748786192 28.1987769293 27.9503468925 28.1803259873 27.701498135 28.0534824727 28.0388502823 27.955677757 28.0349243267 28.1337123989 27.7958905083 27.5432511759 28.1753039571 27.9688027212 28.0115483362 27.6442371134 27.6118938938 27.8518426222 28.0461634527 28.1615705344 27.7888607946 27.5307027029 28.1683415384 28.0881244299 28.0859372226 28.192611454 27.7615251728 27.9052472127 27.584650498 28.1867354156 27.9020693919 28.1709597776 27.8992820305 28.0993978811
27.7756356207 27.587655961 27.5533100889 27.5481168481 48.1259293025 48.1259293025 48.1259293025 27.9706989856 28.0203214761 27.8854061957 27.5004877902 28.1563529726 27.8636477453 27.8214882067 27.9405713084 27.7134841056 27.6286438041 27.8961792603 28.0505503699 27.8324121244 27.644029114 27.813353648 28.1814627879 27.5924127263 27.8829222417 27.5661560945 27.9966902863 27.9253308402 28.1662138113 28.0023185236 28.1159225756 28.1242355235 27.9135807381 27.6982808931 27.7705274395 27.7259730984 27.7584957377 28.0819591848 28.1542768431 28.0921076346 27.5068593717 27.6700027477 27.6982642643 27.7476775658 27.8750775543 28.1607895494 27.7589992581 27.6445934998 27.5865465207 28.11344119 28.1818367876 27.9625888292 27.6583099259
28.1663885096 27.5653611305 27.8189030716 28.1969667184 53.2966433406 53.2966433406 53.2966433406 27.8220084944 28.1136241211 54.4360013436 44.5728217126 44.5728217126 27.5061385295 28.1324956553 27.9941767272 27.7499436231 28.001831485 27.7098511221 28.2062823351 28.0045350536 28.025841418 27.5661556682 28.0017270536 27.8377095931 27.8456720533 27.6048735496 27.5186038418 27.5222768242 27.5366837277 27.8879832467 27.5203713422 27.6270489418 28.1640919534 27.5119731429 27.6215447918 27.794962298 27.8445396639 28.160604593 28.0844822285 28.1575440916 28.0851914089 28.1795885729 27.7199568916 28.0434215366 27.5104058695 28.0686670487 28.0572695782 27.6780046553 28.0133362069 27.9850914216 28.0298773914 28.0263386084 28.1823201837
27.8258665941 27.8775203212 27.6053647547 27.852606738 52.9808202119 53.2966433406 28.0909497195 28.1699451569 54.4360013436 54.4360013436 54.4360013436 44.5728217126 28.1161942958 28.2040078904 27.6969974501 28.0852425608 28.0817803101 28.0937788385 27.6849269633 28.0574120129 27.752636844 27.6136873377 27.9639261971 27.8450130445 28.2051744839 28.181987457 28.1146288859 27.5689657065 28.0753069716 27.62785002 27.7739593803 27.939447502 27.670451921 27.7128277554 27.6376199121 27.8888223488 27.6260226397 27.8500605755 27.7245350819 28.0934279004 27.8246927429 27.6878405919 27.7336720166 28.0676931229 27.9651396941 27.7598202026 27.6884010765 27.5570526008 28.1056290665 27.8426383142 27.6137568747 28.1471003806 27.6655697629
27.8804876635 27.8083787415 27.5126185474 28.065780705 28.077770959 50.7832822519 48.1630940335 78.8554460322 54.4360013436 54.4360013436 27.9266577009 27.8941335755 55.901469753 28.0495629786 27.5512859275 27.9908720232 27.8116297536 27.6375334693 27.9154688824 27.5069740182 27.6515041208 27.9068260196 27.8199802425 28.1999885895 27.9550856983 27.8429841557 28.071008905 27.5291996788 27.9824709976 27.7527922802 28.1399807162 27.7143338679 28.0358274154 27.7082121326 27.7147910191 27.9844516587 28.0777808578 27.9916018991 27.801535545 27.5316278578 27.7837567388 27.7884888237 27.5441153789 28.044998994 27.5501475564 27.881026465 27.638598272 28.11091134 27.5376164216 27.9660623912 27.6527469132 27.7652480822 27.5951430254
27.943086218 27.780603092 28.0740989186 27.6176326877 50.7832822519 50.7832822519 54.0581141766 54.0581141766 78.8554460322 27.5448453699 43.3046412638 55.901469753 49.121262334 49.121262334 27.7196986804 27.6194166264 27.8134786123 27.8849629821 27.5856246524 27.6009553205 27.5817359015 28.0818980571 27.7157375766 27.896211006 27.6387396371 27.5915508769 28.1818007216 28.1561020527 27.9514108488 27.8738121347 28.0454466864 28.0100922715 27.7466716646 27.9803396952 27.8705638345 27.5380772992 28.1690089858 27.7255093779 27.5926382527 27.538876398 27.7033984409 27.8482796545 27.706753138 27.9130907088 28.1997855694 27.7207144981 27.623308301 27.8923005149 27.7128656315 28.1189232605 27.625535772 27.8766576485 28.0445703874
27.835755625 27.5299087129 27.8354018639 46.2904732474 27.700868547 50.7832822519 54.0581141766 54.0581141766 78.8554460322 28.1950470358 43.3046412638 43.3046412638 49.121262334 49.121262334 27.7193776041 47.5636948618 63.0024438275 28.194754236 27.6392200427 27.5882316859 27.798715279 27.8378322293 28.0940234248 27.7178501066 27.957591654 27.8994845738 27.5676459125 27.8692215752 28.1724716009 27.8333178337 27.6323991058 28.0925357476 27.9734734756 27.9815314933 28.0020804579 27.6687676463 28.1779995402 27.9927068173 27.6327415904 28.1436041791 27.6478460823 27.6686257495 27.6635107587 27.715828194 27.6498069302 27.7118821783 28.1975341683 27.8252791555 28.0227489211 27.9056729847 27.9113576497 27.6050023333 28.1983956383
27.7397006134 28.0743650724 28.1462741867 28.023182591 27.9519448549 45.5084157301 27.870152745 27.6909776777 27.930876941 27.9154091577 43.3046412638 43.6347371904 43.6347371904 49.2327273428 47.5636948618 47.5636948618 56.6359281743 49.6001024395 27.7496017297 27.682515608 27.7755019014 28.1955472517 27.7546100185 27.5585482975 27.7082703765 27.5933003621 28.0839031166 28.1424822774 27.8085243936 27.7576986491 27.7107144648 27.9130333379 27.7849569081 27.6007298893 27.6153399937 27.6587126963 28.1091833506 27.8550910057 27.7956124098 27.6503823819 27.8237536983 28.1280834159 28.0699288327 27.6698374442 27.8995285441 27.5792048292 28.1631545377 27.8803135216 27.8441439552 27.7624231625 28.0319124677 28.1748133309 27.6582039238
27.7374587288 27.5319371791 27.672464562 27.6315216706 45.5084157301 45.5084157301 45.5084157301 27.6948091626 27.8045411644 27.5050760021 28.0565458402 49.2153929116 28.1514305946 27.5571171413 47.5636948618 47.5636948618 49.6001024395 49.6001024395 68.550691808 28.0447680525 27.5043206053 27.500388626 27.6498699169 27.6559295467 27.9900373309 27.6904247489 27.765900627 28.1610469383 28.1324561105 27.685452984 27.6668737344 28.1528425951 27.6330117299 27.8793956327 27.6198350858 28.1897972588 27.6710709007 27.6093036521 27.793391591 27.5179542593 27.7207008728 27.9793647774 27.6284738698 27.9399389912 28.0800074133 27.9639606972 28.0804907888 27.9638639143 27.8652364697 28.0866700827 28.0485038956 28.0861411692 27.9637294665
27.770804027 27.9400076426 28.2009408605 28.064212006 45.5084157301 45.5084157301 45.5084157301 28.1764881518 27.7396865216 27.9299595208 27.8003862407 27.6342528939 27.5662206788 28.1240949953 27.5621239714 28.1021506775 49.6001024395 49.6001024395 63.1942189717 63.1942189717 27.8948326746 27.728112217 27.8743999637 27.5778528662 27.8025237 27.6963778869 27.5573748108 27.6148765061 28.144581477 27.583624413 27.7072048761 27.7620963602 27.7734412729 27.9343063201 27.829067567 27.8946942997 27.6773842735 28.1460556409 27.8698953598 27.5445771015 27.5874090999 27.6385695875 28.045393854 27.8936471003 27.5711925952 27.5743475274 27.9355833145 27.9903588014 27.542631598 28.001518083 27.6533894663 28.1850415202 27.5387474273
28.1501155723 28.0895805458 27.7282559572 27.6655131458 28.050423372 27.5050651921 27.7054845404 27.7723229318 27.8367042977 28.0276717955 27.594612311 28.1845373329 27.7921324318 28.121735475 28.0541282764 28.0005436476 68.4808189069 54.012741203 63.1942189717 27.6047309031 27.9829059875 27.564389753 27.6081940409 27.6202014595 27.8179768459 27.7653912574 27.9082750355 27.6392258946 27.7568485439 27.9906667027 28.1720842038 27.9106490233 27.6384971427 28.104524902 27.7436966695 27.8680934471 27.921957383 28.1944593175 27.8202831937 28.0660887744 27.713149805 27.9377976248 27.8605373218 27.7413775037 27.8048465577 28.1171693207 27.7096858572 28.1287904421 28.0955708201 28.1758157829 27.5921928942 27.764419641 28.0433295461
27.5618127704 27.6530444176 27.9794395515 27.5070036825 28.1190812685 28.0202926022 27.9003394854 28.0848428098 28.124337144 27.5482680288 27.5728737994 27.9860120426 27.9138465642 28.1972026539 27.8444009158 48.3214495992 51.0678703814 51.0678703814 27.6027113311 27.9924920331 27.9728017162 27.6612864259 27.553066561 28.0401408577 27.8819682106 27.850650675 27.6621028402 27.9626297253 27.9315690693 28.2048776652 27.9267695978 27.6219307225 27.6062283944 27.7210473263 27.7113728937 27.8407876304 27.9085493987 27.5699205532 28.0317096119 27.7576052837 27.5274345932 27.8133784358 27.6404649115 27.5976836139 27.6638390506 27.8486746155 28.2050414284 28.0219229122 27.8088767256 27.8328426361 27.7715812601 27.8727737923 27.6158590148
27.5109721669 27.6102780977 28.1367380722 27.6013565988 28.1762671668 69.4685315278 27.6902240569 69.4685315278 27.5275564313 27.8911494255 27.6278235176 27.6525198373 28.1352513623 27.832911376 28.0250867406 27.5107654385 51.0678703814 51.0678703814 51.0678703814 27.928918137 28.1222365964 27.8631981879 27.8513470478 27.6535664955 28.1967258101 27.7413772366 27.6103558014 28.0971898709 27.9680584327 27.904163574 27.9785141635 27.9761980536 27.9082145138 28.0007713505 28.0869629314 27.6615163561 27.7437952287 28.1919487396 28.113732129 27.8940919166 27.6476600108 28.0455910887 27.5769722218 28.2055336462 27.5885720961 28.2041699717 27.8726859226 28.1148863484 27.9993272697 27.5001716665 28.0887894632 27.947850647 28.0878403826
27.9532481558 27.7222214381 27.8949535141 27.6264857524 27.7915065326 27.7452288504 27.6008362222 27.7501509549 27.526062907 27.7198157235 27.641047209 27.8650850354 28.0406772027 28.0397612528 27.8658819953 44.9737510121 44.9737510121 27.9856541823 28.1491902031 28.1608965837 27.7109319827 28.136940525 27.850905713 27.6069082404 27.5605081175 27.9558153493 27.6567094018 27.9725453929 27.5048746975 27.9919593864 27.6826387332 27.8302126461 28.0879682131 27.5920690251 27.8696848739 28.1127625733 27.7808528541 27.9980068708 28.1611490933 27.9967815159 27.72067362 27.7353645712 27.5515637407 27.8955988116 27.6091813966 27.7995481993 27.784529893 27.8004061772 27.673564399 28.0981210428 27.9213279182 27.8012254994 27.7187714444
27.8097475255 28.199080103 27.7340132871 27.7365237873 27.7372089796 27.5458600956 28.0131465011 27.8714182185 28.0144891851 27.5043384249 27.6966391053 28.1630888254 27.6454139715 27.700529296 27.6477760825 44.9737510121 44.9737510121 27.7140154675 28.0407208977 28.1596074083 27.5484719295 27.9235945411 28.1351693733 27.6983385304 27.756156912 27.5818997449 28.1548685224 28.1425643347 27.9659510235 27.8330326007 28.0456851024 27.7734287846 28.0044449781 27.6268128307 27.8582684949 27.6151463941 28.072796911 27.7882702988 27.6967912526 28.0539793613 27.5104893486 28.1932381133 27.6154184139 27.8584332877 27.714303744 27.7551218724 27.8560327931 28.1431838878 27.7518220013 27.9450923983 27.7077945742 27.5742004959 28.0427838979
27.6400193225 28.1654933737 27.8449644858 27.9626945713 27.9200631019 27.9116092646 28.1036573674 27.7602571786 27.5306279593 27.759815769 27.9753132327 28.0821914217 27.7934384445 27.6029462307 28.1261459075 27.966886721 72.4810222335 27.9043840483 27.9242497334 28.1350355233 28.0487664284 27.9010584817 27.7488653683 28.0232848237 27.9852029224 27.8160974394 27.8356997072 27.9939386642 28.162380927 28.1293753787 27.5711313576 28.1260358194 28.002989719 27.7604841542 27.8315204298 27.7786453237 27.638711032 28.0624554653 27.5253632365 27.7440481979 27.7251755164 28.1419568033 28.1006834621 27.7833805694 28.014106932 28.0439587929 28.1897641335 27.8992977631 27.636448602 27.9948389488 27.723395372 28.098079302 28.1876711781
28.0996530431 27.7607960214 27.6836522402 27.6810104505 28.0843699811 27.9000214025 27.9394140844 27.8879740205 27.5797015167 28.0478986169 28.0953403673 28.0303493743 28.1016577377 27.983269215 27.6581118384 72.4810222335 72.4810222335 72.4810222335 27.9960013556 27.9525752257 28.1511816225 27.8023311721 27.8860289299 27.9427712716 27.9656442274 27.837092721 27.6078135877 27.9136241322 27.6594937194 28.0959554883 28.122126883 27.7478805895 27.5597089372 27.8311874211 28.1457158481 27.5874306507 28.0068003538 28.0684691289 28.0138099423 27.7288173882 27.9428813704 27.5170071159 27.891138648 27.9883408805 27.6039580095 27.6599283936 27.583130795 27.8201663113 27.7096221593 28.1876917389 27.7195291524 27.9167488554 28.0001171459
46.0258606874 28.169695243 63.1293128187 49.0279133348 55.0437249511 27.5330436886 27.6781466891 28.0964248082 27.7003004313 27.6833905932 28.0191197631 28.1865825551 27.9148153906 28.2005792204 27.5033832689 62.6974048878 62.6974048878 27.6780152203 28.002369357 27.7465590197 27.6645616065 28.1965652219 27.5009008417 27.991243441 27.8274581645 27.5803211995 28.2045026257 27.5207267343 28.0477547764 28.0421926109 28.0568598359 27.5204259492 28.1038360746 28.0619925602 28.1638557402 27.5880385026 28.1032398858 27.9084624433 27.6825703702 27.7094340875 27.5758638048 27.9380211898 27.716533019 27.8180615362 28.123028906 27.6768240199 27.6999342436 28.0625161395 27.75550806 27.528237634 28.0549921805 28.1558227341 28.032515883
46.0258606874 46.0258606874 49.0279133348 49.0279133348 49.0279133348 55.0437249511 54.9912806623 27.5808349627 27.7567943544 27.5648788659 27.5997097631 28.196861435 27.8478945147 27.9326445177 27.9245118951 62.6974048878 62.6974048878 62.6974048878 28.1089723499 28.0475871175 27.5307607987 28.1372639919 28.0061875282 28.1889792142 27.5192546295 27.5003744464 27.9949032482 27.6719244729 27.6206323878 27.849997249 28.1732131158 27.5823836168 28.0781186347 28.1276470421 27.7428389709 27.9352732094 27.8828781845 27.6678407147 27.5508981472 27.9650351828 27.8416740687 28.1945252342 27.9005613146 27.5639171523 28.1102633262 27.739443591 27.5924160021 27.8939410223 27.5921935414 28.2046756891 27.9367082675 28.1388100581 27.6081439651
46.0258606874 27.9212884181 27.7162991669 49.0279133348 55.0437249511 55.0437249511 27.6758453628 27.6097424224 27.9703858328 28.0859200459 28.0940584585 27.5952786321 27.7777942747 27.9681476757 27.6089926604 53.3522609936 53.3522609936 27.5695641225 27.9967542682 27.7388830513 27.8764419231 27.5487815141 27.9827126592 27.6375342923 27.5466267919 28.198422486 27.7215436151 28.0204969731 27.5004096978 28.085600024 27.9032314764 27.9975253456 27.5549234716 28.1540013694 28.0641317415 27.7266136683 28.101906644 27.885065582 27.7506087463 27.6980119281 27.8616034319 27.6650006121 27.6957031412 28.0936070256 27.5318988907 27.5971882673 27.6544495819 28.0762744307 28.2041713389 27.735902134 27.9437896814 28.1451668107 27.8790751466
28.153781372 27.8373456449 27.7008506656 27.7496295745 27.7565563202 62.7874183791 62.7874183791 28.1893597182 28.1882743076 27.594052093 28.1969632563 27.7194625071 28.1102342797 27.8656016295 28.1694168342 54.7103811183 54.7103811183 54.7103811183 28.1233692378 27.5744117812 27.6433212338 27.9906926369 28.0891652006 27.8118612224 28.1513219659 28.1003242837 27.5639101651 27.5209284737 27.7888209632 27.8690740613 28.0320999645 28.0827678421 27.7295763203 28.1368146682 27.7395049754 27.954784657 27.7276311377 27.9432282032 27.9749914337 28.202057446 27.5900180171 28.0176438763 27.6958662177 28.196375373 27.641284552 28.1805688068 27.9841194071 28.1522909224 28.1849003719 28.1700479142 27.928837325 28.1928554382 27.663223733
