Spatial_Output/BAU/BAU_0319.asc
NCOLS 155
NROWS 192
XLLCORNER 196769.923733
YLLCORNER 449719.875193
CELLSIZE 27.603701
NODATA_VALUE NaN
[rows 23 to 45 of 192, columns 0 to 52 of 155]
0 36.0800061948 36.0134376959 36.4707408109 36.3672939471 36.1166312111 37.2804697311 37.203193885 36.1044468277 36.7899168626 36.8563761382 36.2687473108 36.3010663936 53.4456645293 59.2954465779 50.5273250113 58.3436315705 58.3436315705 36.9144559451 36.3621750337 36.8901758115 36.1314840498 36.7675091707 36.4650714986 36.9996526792 36.7224426125 52.096035893 68.7327481357 52.096035893 51.4217235342 51.4217235342 36.058220139 36.0088117594 37.3881216519 36.3155350907 36.5380003532 36.8062911635 36.3039126765 37.2634617195 36.9229918547 36.5008441677 37.203720864 36.1422833459 37.3804603832 37.3934373849 37.2152947986 36.3317108884 36.2735488182 36.3441428803 36.8718346474 36.7569207059 36.9994245757 37.1613658214
37.4101125377 36.2225535519 36.9440279448 37.090819499 37.3993982825 36.2518180549 36.2613270776 36.7670942162 36.353074676 36.4851543945 36.9624030867 36.9448220476 36.0522330721 37.0004685048 36.6014370648 50.5273250113 58.3436315705 58.3436315705 66.8026060514 36.856400527 37.0695384521 37.0114617172 37.3700602872 36.0724410017 36.5883268733 36.5279817721 68.7327481357 68.7327481357 68.7327481357 37.367518901 36.7947860218 36.7393153859 37.3468789502 36.5992033897 36.9946822741 36.3683902904 36.0056345372 36.6791964557 37.3386563837 37.1004289434 37.2391040782 36.2626381227 36.0621559144 36.0617582948 36.0707319965 36.0509332588 36.6717398784 37.1526323027 36.9072358349 36.4940633745 37.1078285552 36.6380004114 36.2218885496
37.129553117 37.373888273 36.7611830303 36.9474962975 36.0186373934 36.6545916606 36.890491035 36.4453142623 36.297507102 37.3397431141 36.3879939534 36.9512461411 36.0739559598 36.9351951831 37.1217010994 36.9228161933 66.8026060514 65.0250102989 65.0250102989 65.0250102989 37.3163323847 36.7837973173 37.0150085418 36.997481664 36.5019715659 36.2196017572 63.0586494573 63.0586494573 42.9967429638 51.4837057553 36.3590216248 36.1536906799 36.6671255873 36.8017488155 37.0654815078 36.01424804 36.2747032898 36.9977646298 37.2648082829 36.3239305131 37.1484692867 37.14306906 37.078037094 37.3042999493 36.1253153047 36.9557682931 36.1169067343 36.2574398812 36.3095816614 37.2702277673 36.7619831942 36.1145256467 36.0820339469
37.1625631341 36.370883324 36.6123590839 36.4702810666 36.5071519397 36.0815869256 36.201495154 36.9043308899 36.8716980538 37.289171869 37.3041138866 37.4101526125 36.6066833314 37.363545267 36.0457729128 36.4619104405 36.3185656203 65.0250102989 65.0250102989 36.9711575279 36.4649282315 36.6726084358 36.5892040773 36.523597262 36.2668644432 36.6480507034 36.4745771481 42.9967429638 42.9967429638 68.1726441964 60.8316480031 36.9784381521 36.1329953914 36.2998551916 36.6869334734 36.0621805939 36.056881613 37.1170189089 36.4368388712 36.8309066984 37.3735019927 36.6553790891 36.3987125474 37.2755832128 36.1592491813 36.0622076308 37.2862379319 37.0124712225 36.5033634382 36.8865307663 37.4015511114 36.0687358392 36.5474818978
37.209453253 36.4605997712 37.1489561786 37.0011450189 36.2358979823 36.8864476604 36.7442545907 37.1125737428 36.4599272106 36.9240910772 36.695807454 36.9169326803 36.0562352142 37.2613147124 36.8289713305 37.3023405271 36.6570739275 36.8508878687 36.5761411425 66.8134837639 48.6841947931 37.1391288865 36.3983223875 36.5121789516 37.116307484 37.0517076787 36.3318893122 36.244820213 37.3411956825 41.691342707 41.691342707 41.691342707 36.6432392984 37.1425624911 36.5687239217 37.2431409018 36.9724677395 36.085950046 37.0872567143 36.6706721988 36.5184947905 36.2498725411 36.6385041613 37.1754388804 36.6968430177 36.9271203685 36.2452179934 36.8736142874 37.3273747524 37.0928862574 36.8313420935 36.0212930054 36.4165488758
36.4697049815 36.0343959758 36.6624424351 36.5563732943 37.3165276855 36.9175391668 36.4523375549 36.8563457706 36.1353694429 36.1353848156 37.1875121982 36.8636634363 36.7685129521 36.5858581061 36.7441010713 37.189527027 36.6204746109 36.187280166 60.0039252153 60.0039252153 60.0039252153 36.4832824255 36.0203270778 37.3107270494 37.3947028202 37.0320079029 36.1000806314 36.3098277925 36.2733164565 41.691342707 41.691342707 57.8942726497 57.8942726497 37.1727325697 36.8693577108 36.0911177562 36.8186821489 37.0078244916 37.2853703713 37.3803530887 36.9865355101 37.1430803233 37.2610405871 37.0723840033 36.3705669238 36.9551779202 36.9324684542 36.3774648517 36.0333694917 36.0369447543 36.3228097082 36.3927535703 37.2765718003
36.6125477183 37.3721526077 36.1313669703 36.7927918257 37.0585340034 37.2588755039 36.4793208705 37.4132305311 36.0279573923 36.1282479299 36.6783055605 36.575759359 36.7559306304 36.5812152458 36.3909922381 36.1220339414 37.162336653 36.8064090216 60.0039252153 60.0039252153 36.7657973107 36.8255192429 36.983261844 36.2723694293 36.1637439289 36.4037672108 36.9207698695 37.2259936808 37.0213420029 41.691342707 65.1807855075 65.1807855075 65.1807855075 36.3588758145 37.3239503781 36.0154462175 36.7556620684 36.7025883995 37.2688645005 37.2393870206 36.2705734886 36.4135378211 37.4065110376 37.3435422825 36.2251295297 36.9241692264 36.9613838925 36.486753229 37.3542326989 36.8532069026 36.6522506326 36.9145236353 36.1030951161
37.3285260041 36.5089936168 37.2649549505 37.3218027071 36.1208421652 36.9590633479 36.0924444071 37.0882824231 36.2404848767 36.2210596873 36.7711031893 36.7366089539 37.0498247237 37.027073214 36.7494715787 36.6305676168 37.2438289391 36.0010123135 36.7341252423 37.2431209273 36.7584535537 36.8250231172 36.3393083747 36.8454232645 37.4071098722 36.3000628619 36.1136266025 37.3322281031 36.3239050799 36.2407585712 65.1807855075 65.1807855075 36.2670001223 36.2847496658 36.4787481691 37.1809662786 37.0316923931 36.4321059603 37.3963605449 36.7227800013 36.6171534598 36.7743177011 36.3399147346 36.6374827837 36.4612798923 36.4258205606 37.4035274927 37.2998658759 36.5900400285 36.0146786047 36.7603596522 36.7363397124 36.488959219
36.5089818505 36.4501827339 36.1355383592 36.3095359571 36.8537562169 36.1666743329 36.7482245262 37.207180002 37.079194375 36.9633617607 36.4884927469 36.9880240528 36.6086628843 36.003885018 36.0934258491 36.7812840297 36.4337487737 36.24193593 36.9917317355 36.7190049822 37.2653144881 36.8180295801 36.5601169123 36.7051767528 36.4400976913 37.2672765665 36.7655923761 36.5320899778 36.0580887131 74.8511305943 74.8511305943 74.8511305943 47.8451240575 36.0013627285 36.9855140408 36.9070938103 36.5616899724 36.2447614001 37.4101591891 37.3800154353 36.6842200066 36.3520332659 36.5107062094 36.0678812012 36.7445355138 37.1785253223 36.6419741635 37.1975560539 37.3134211824 36.4980017279 36.9655744634 36.3315203811 36.6224877506
36.2745691522 37.2542823917 36.0305564352 36.7330062642 36.1672468693 36.5347265808 36.7347696602 36.0746334581 37.2056643077 36.1550349333 36.7847104209 37.3118141836 37.1515286868 36.6969080283 36.6080350118 36.7742288372 37.0886073712 36.9695796273 36.3686383023 37.2451229631 36.3853940811 36.1839221211 36.224614364 36.0066191854 36.8976233078 37.270110899 36.8972297709 36.2427146415 57.8855533355 74.8511305943 74.8511305943 50.5036850249 36.1413759621 36.427306982 36.7694483416 37.2830076745 36.0563363666 36.0236356481 36.104956765 36.0069861601 36.2944121589 37.2547222867 36.4915236609 37.1781152186 36.9296653433 36.3645039319 36.7430678996 37.365382089 36.5280429262 36.0603908044 36.5934312023 36.7116105613 37.0375034499
36.5946765193 36.9432530755 36.7921039695 37.2992054174 36.4351421609 36.3309689621 36.3457788733 36.958776359 37.2114305533 36.8862849908 37.1078313831 36.4041903622 36.8795953407 36.4497532374 36.4028178954 36.1147888954 37.2432211446 37.3071240668 36.8403714585 37.4032320847 37.3962448182 37.2865414499 36.8316351061 37.0414213559 36.6050887921 37.2542845859 36.7556353791 64.5605961361 85.1343796023 62.9669770951 62.9669770951 78.4426725636 36.9217242961 36.1719302137 36.0273795017 37.1613223691 37.0622140106 36.9923195225 37.1812027604 37.1940122825 36.6856761373 36.3826066749 37.1549760073 36.7026651302 36.1299298405 36.4280862065 37.3021984084 36.6028337138 37.2282929923 36.9718399455 36.4931394896 36.748964154 37.2470697918
36.3464988083 36.3050197306 36.7782788476 36.2914228743 37.2238317313 37.2057000494 36.1311184253 37.1946134505 36.6249943817 36.1395838032 36.780614951 36.200773052 36.9531081723 37.2535463324 36.1470562888 37.2450219293 36.8404869671 36.3532496528 36.2245555432 36.8968349361 74.8671058991 36.4988051959 36.0482137696 37.0345696481 36.690812546 37.1128628388 36.9858680802 58.5706354917 58.5706354917 62.9669770951 53.3074776115 62.9669770951 37.3005955462 37.3161454228 36.2018248634 36.6354838073 36.1390627729 36.4937958242 36.3258113613 37.2295546634 36.7860114573 36.1940473272 37.396454039 36.3507017141 36.1549457241 36.9733898881 36.8289196549 37.2658304279 37.2397363309 37.221153087 36.584337576 36.8378646568 36.6473584919
37.1580718326 36.1209381284 36.8085132528 36.5674208834 36.5414951002 36.6968538368 36.6083204296 36.4789767172 37.2831462017 36.6989595434 36.1445009459 36.9290213316 37.3080600116 36.9360442304 36.8901436132 37.2676517838 36.8270813321 37.2828198435 36.5487839697 36.136751587 37.0254755807 81.3543396741 36.0045540657 36.6943933947 36.1129664207 36.2209227894 37.0577609222 58.5706354917 58.5706354917 53.3074776115 53.3074776115 53.3074776115 36.8827296275 36.4853396518 36.3691228429 36.035049122 36.6845571724 36.9289403947 36.0309720392 36.693090987 37.2114806735 36.2532753141 36.2489050462 36.2236609339 36.7329463186 37.2851033135 36.7557483256 36.6315470552 36.6862155829 36.9542856521 36.2172824613 36.7036487284 37.3998818531
36.8212189868 36.4755506084 37.2700492145 37.2575072503 36.327052431 37.0979841239 36.2663192537 36.7805330842 37.3835283088 36.5134391267 37.2871694214 36.7012334996 36.096605094 36.0466115497 36.8388197393 36.1875340681 37.1347320923 36.8488426049 36.2939808664 36.6071355144 36.5761731599 36.5157310458 81.3543396741 37.0162075996 36.0793626547 36.5761489748 57.6440662964 57.6440662964 36.3621894083 53.3074776115 53.3074776115 60.3741725834 36.987461304 36.8041498669 36.5223854809 36.062831473 36.1581903956 36.6844767218 36.7191043183 36.1235509896 36.8350376793 37.2744875361 36.6239585633 36.5457297586 36.8203273275 37.1766023002 37.0000062164 36.4369201789 36.0851766595 37.3287600876 36.8820941752 37.3127342867 36.1680796195
37.1118440271 37.2373694651 36.6275888055 36.6431250724 36.9760739895 36.8652290036 36.7149936429 36.6133954083 36.5947809785 36.7325244498 36.900246864 36.6113211564 37.1903735437 36.967358616 37.047472106 37.3119778905 36.1760282459 36.0987455497 36.6792816203 36.6024535156 60.2788666337 60.2788666337 36.4343961863 36.2869921353 58.6244264029 36.3745679225 36.1677494016 57.6440662964 57.6440662964 82.105234798 67.5429022154 67.5429022154 37.1936055331 36.3966804931 37.3075243078 36.7483917268 36.1615922608 37.0759163274 36.6358020145 36.4853697811 37.1616646464 37.0381621992 37.1202818123 36.0014179271 36.5290501561 36.3882121316 36.3031562995 36.6093509031 37.1141901828 37.0770771475 37.0273856383 37.1599419604 36.6072379532
36.16721571 36.8503685178 37.2092851149 36.3362297907 36.3881219616 36.725390493 37.2370110213 36.3121054941 36.1076147741 36.2187377222 37.176745985 36.9631392144 36.0866370413 36.3824525748 36.439231052 36.2304384671 36.5393137579 36.3872852628 36.7590463927 36.77293506 36.3670783723 36.2033875522 37.0680083214 61.5076848663 58.6244264029 78.6549848647 78.6549848647 37.1656303471 36.4086650496 67.5429022154 67.5429022154 67.5429022154 37.3559403073 36.1835656521 36.4916471535 37.0903656088 37.3878023878 36.984582842 36.4535971991 36.3597391476 36.1201033303 36.7953534447 36.2394156851 36.4357018738 36.6648473106 36.1838545381 37.2586506713 36.436202484 37.4064380528 36.8864885159 37.3598203642 36.3648252103 37.1689209745
36.184279299 37.2547667155 36.5457022418 36.9662552841 36.0584016457 36.8587044444 37.119662852 36.1529488792 36.0984709572 36.5296173227 37.0010445625 36.1984744243 36.7805369989 36.878737523 37.3833657075 36.6700386662 36.7401344441 37.196539317 37.2324419483 36.4416988894 36.0745892556 36.5231353661 36.0297564279 37.1531219202 58.6244264029 78.6549848647 78.6549848647 37.1585745178 37.1735880492 66.2449991705 64.5728358396 66.2449991705 36.2369045528 36.7368987881 36.2033817597 37.1104275115 36.4562883112 36.8294066003 36.5373903851 36.0181387861 36.3166038997 36.8265156231 36.2941608381 36.0089799817 36.6337664294 36.8816834164 36.9831693734 37.2771920051 36.7041468994 36.603459972 36.6103908042 36.8616221436 36.7269173962
36.0882628655 36.4181802621 36.4417450247 36.3249563351 37.139696182 36.7660125769 36.3228696781 37.1633420657 36.2787349029 36.4379151652 36.317822351 36.698691375 37.3259671445 37.0704394293 37.3208410733 36.7157497451 36.7462984254 36.1343787952 37.326064916 36.4602392345 36.4726601487 36.4267154696 37.0496511945 36.4009199017 58.6244264029 36.8670497713 72.6538157172 36.3992200454 37.0607080924 57.7763342598 57.7763342598 36.4796254358 36.0472248107 37.0562536768 37.2270757631 36.1356681151 36.2741024468 36.555120727 37.2688219343 36.7215011814 36.6595087254 36.0618036387 37.3837405881 36.3065727098 36.5799518944 36.6828673938 36.6391729396 36.3882063104 36.5762693425 37.101259536 36.9098836549 36.4329635481 36.678235297
36.3243942371 36.7522348496 37.3008010183 36.6230476933 36.9830972212 36.7252167565 36.0658263187 36.1670940327 37.3020322666 36.8249115108 36.172718978 36.7445486461 36.9824628815 36.1989656056 36.5246158413 37.0321198204 36.8074816047 36.157943573 37.1351311044 36.3130792918 36.6937919137 58.7946112598 58.7946112598 36.3249883189 36.1146987952 36.9945349073 37.213686117 36.4130369264 57.7763342598 57.7763342598 57.7763342598 77.8550859618 37.1521431881 36.9893916547 36.6553171302 36.4939273458 37.4025140839 36.2254048288 36.9997824261 37.3179615941 36.5507918348 37.0596400209 36.6686525425 36.3957749324 36.9015702675 36.6658202499 36.4723675415 36.9263493704 36.3786390512 37.1552266761 36.7795386229 37.3224087953 36.5796866998
37.1416233797 36.9869765179 37.104779849 37.0820519371 36.9260964577 37.197087673 37.3210863848 37.2361263061 37.3143362714 36.5816642409 36.0974325566 60.5437750278 36.6159556546 36.8590309825 36.3294780616 49.266122468 67.9343842434 67.9343842434 37.4059458789 57.6561214419 58.7946112598 58.3188075856 58.7946112598 36.8598622642 56.3549410998 57.8315594782 37.409373366 71.0034165494 55.4029968032 62.7059492746 55.4029968032 69.7987063498 36.9126647301 36.8099044632 37.1143951501 36.3363055095 36.5498988766 37.1704556942 36.752267925 48.1049159587 37.1397010892 37.198761396 56.5356019837 63.079315832 36.2023798591 36.4501831366 36.5064982477 36.09246597 36.1646800655 36.2015020773 37.384948153 69.3131474954 69.3131474954
36.5881286814 37.3919394284 36.353843833 36.3201152196 36.2733081901 37.1440624504 36.4785595069 37.3805012684 37.1917711119 37.0574317272 36.4050732009 41.6335272658 41.6335272658 36.1486596669 36.9649338123 37.3150985483 67.9343842434 67.9343842434 57.6561214419 57.6561214419 58.3188075856 58.3188075856 37.1403679817 53.0303484242 56.3549410998 57.8315594782 57.8315594782 71.7185281549 62.7059492746 62.7059492746 53.6767145951 53.6767145951 67.0007010909 71.1707450473 62.1732374066 56.8782744279 76.9893962984 76.9893962984 48.1049159587 48.1049159587 60.8602534619 56.5356019837 56.5356019837 56.5356019837 36.0756524282 36.2501139749 36.1718803006 37.1861315111 36.4146700166 65.3989357271 64.1348447894 65.6064467285 64.1348447894
36.637875525 36.5585600827 36.5268274591 36.8842704598 36.1282908674 36.3598019912 36.0137492894 36.870675038 36.939879035 36.0179580488 41.6335272658 41.6335272658 41.6335272658 36.6644905788 36.082902141 36.4408124506 37.0478645554 67.9343842434 36.776906331 57.6561214419 58.3188075856 58.3188075856 51.5456206111 51.5456206111 56.3549410998 57.8315594782 57.8315594782 71.7185281549 66.8594047872 66.8594047872 53.6767145951 71.1707450473 71.1707450473 71.1707450473 58.9486358884 58.9486358884 76.9893962984 76.9893962984 48.1049159587 48.1049159587 60.8602534619 37.3105845754 56.5356019837 56.5356019837 36.8163011782 37.3648569149 36.5273649028 55.9596761934 65.3989357271 65.3989357271 65.6064467285 65.6064467285 64.1348447894
36.7623912396 36.3150063234 36.0459711054 36.7218352831 37.0237979885 37.3684934191 36.3580166622 36.7828025959 37.2885047608 37.1626643487 36.2348251424 76.4560905881 46.7607771154 46.7607771154 37.054591449 36.7899054997 36.5839632536 36.9616569849 36.0031025275 37.3396914979 36.5122391601 51.5456206111 51.5456206111 36.0795451627 36.7073342989 36.0393888069 37.3494618074 66.8594047872 66.8594047872 66.8594047872 53.6767145951 48.121120181 71.1707450473 71.1707450473 58.9486358884 58.9486358884 68.7153924677 76.9893962984 36.3301340632 60.838013187 36.7464627843 36.7268712361 37.1620003811 36.2277131464 36.6720114008 37.0616806287 37.0132804573 55.9596761934 65.3989357271 65.3989357271 58.5983332061 65.6064467285 57.6273881622
