Spatial_Output/BAU/BAU_1084.asc
NCOLS 155
NROWS 192
XLLCORNER 196307.867259
YLLCORNER 449144.565805
CELLSIZE 33.573938
NODATA_VALUE NaN
[rows 50 to 74 of 192, columns 0 to 55 of 155]
32.0139439425 28.5002728616 31.0920558884 31.8067370047 29.6280924715 29.5823268009 31.3305348503 30.3916021762 28.7373278176 30.663585807 31.7839219387 29.9106660388 28.6542902576 29.8797320647 31.3626516863 30.9944570815 30.9834640709 28.7298547877 28.5272529995 31.4198902656 31.8455906846 30.6634920835 28.8375252354 31.3704971608 57.2636966211 65.9561648883 29.9928100695 84.8615251149 29.9110688925 31.9729417698 30.2974365961 65.5049591933 73.585686357 60.4253545121 31.7683021839 30.3464137825 29.917096811 53.458870508 74.6703018216 60.5602375368 32.0265515641 29.9820391763 29.9230315631 31.5984734616 29.2738884613 29.6095101719 30.4158521695 29.9584451031 30.7778816489 28.5456897215 29.2722091243 29.9574487596 31.6159294731 28.5740993928 28.6638092634 31.9229282611
31.9918662818 31.7070917302 28.799057065 30.1460929313 29.788715056 30.3961109911 28.6563110789 30.9597129249 29.8960633412 30.0449219417 30.5172467933 31.4712654455 31.0203581432 31.7349394201 31.7213087523 29.3277576797 32.0241118696 31.4023847695 29.280596332 30.6837754498 30.8909690814 31.4928685771 31.0514963811 50.7022270064 57.2636966211 57.2636966211 30.9874783676 84.8615251149 31.4362232626 29.7435486551 28.9751322432 48.2013395714 48.2013395714 48.2013395714 28.6218488203 53.877985827 29.887621792 55.4407951246 55.4407951246 30.8895260369 31.7629008952 31.9042421147 28.8426442763 28.8194399213 28.7604744841 31.6855079044 50.4633686037 57.4193625829 56.8078972217 30.9395613203 29.7281334796 29.8470646098 31.2656477119 31.1497381947 30.9916631433 44.4531443828
31.9103563607 29.1887577583 30.6544632277 29.2523794657 29.0778541597 29.2522787387 31.3125997932 29.9900707766 29.5333211821 30.9802162011 30.9515993311 29.9997616927 30.4303814521 30.7198421502 31.4113166148 28.5352307377 30.8760990036 29.2751760747 30.756127545 30.4331014473 31.9965838242 28.9714057118 29.8719029453 50.7022270064 57.2636966211 65.9561648883 31.6327304502 84.8615251149 84.8615251149 75.229663509 59.5765189146 59.5765189146 48.2013395714 44.5137962237 44.5137962237 64.510170118 54.355550476 72.8104348167 52.6180423147 52.5878458446 52.5878458446 52.5878458446 52.5878458446 55.6448631059 63.0745838551 30.0712091941 50.4633686037 50.4633686037 57.4193625829 56.8078972217 30.2923705081 30.03522985 30.6539696675 72.8395122732 28.5379258241 61.9549934446
29.9054131844 29.292407309 29.0859294313 29.1653298095 31.0490991509 30.3671527937 31.397554957 30.0455788446 31.7299519152 29.9512665072 28.5390034675 31.8136818657 29.780237831 31.473846535 29.7155822672 31.4425277955 29.3790575986 29.7655700314 30.6246416484 31.8001220746 29.4881269003 28.5694286708 31.2788241756 50.7022270064 50.7022270064 30.3668469262 44.387557623 28.6743214309 31.8838175617 75.229663509 59.5765189146 59.5765189146 56.7683719655 44.5137962237 44.5137962237 64.510170118 31.2794308611 72.8104348167 52.6180423147 52.6180423147 52.5878458446 44.959932211 43.4343346524 63.0745838551 63.0745838551 72.7064816129 50.4633686037 50.4633686037 57.4193625829 56.8078972217 56.6660542009 56.6660542009 49.5505765506 72.8395122732 72.8395122732 61.4454550966
29.9342239819 31.1196100411 30.9192865138 31.6734481306 29.9270293285 28.9492510686 31.1844180624 31.0255898705 30.3834363258 30.3931325131 29.254897156 30.6781430291 29.9540973469 29.9158709773 29.9001039677 28.5491006151 29.6358865391 31.3222666053 30.7050786956 31.1943710268 30.1286149814 30.5607414795 29.7484167426 30.3933199552 31.5137772081 29.5455253303 31.1123159105 44.387557623 29.3419025927 31.4828955805 29.9617326959 59.5765189146 29.9424365272 30.2363365533 29.6143598494 64.510170118 31.0915034973 66.1395958528 60.2255091256 30.3974090754 44.959932211 74.6835236606 43.4343346524 43.4343346524 63.0745838551 29.5455895041 50.4633686037 57.3923579981 30.2722304392 31.5306339755 30.5273457557 29.668088219 30.3182997028 72.8395122732 72.8395122732 51.1266908865
0 28.6815843219 28.9717148241 30.7321719872 30.1999705741 29.9940589153 30.1308775541 30.9315196587 31.6915009424 28.9357341745 29.8585751767 29.2802992501 29.4737613339 32.0069711248 30.3301935722 29.0375696025 31.0966011221 29.0434220989 29.9495131795 31.2326983932 29.8652305318 28.7301276381 31.3637069992 47.5184290082 30.528192439 44.387557623 44.126394105 30.636893328 30.8057861512 28.8049011306 53.3997838244 58.0463678638 58.0463678638 53.3997838244 30.0764987909 31.2766733263 29.2150941645 31.7711852085 65.5814360221 50.0058716835 50.0058716835 50.0058716835 43.4343346524 29.9639486245 31.7607793457 28.5253653008 30.4920036465 30.4146789609 31.9262145538 30.9689946973 28.6599683109 30.673223438 29.4344937489 31.3216347596 29.3795084929 31.2807646285
0 0 31.4321918205 29.0078632047 30.7170668286 29.9017792379 29.6742393935 32.0167392219 30.7683980876 29.5111441463 30.1666749628 29.9593487265 31.3084906975 30.5525129318 31.8457623152 30.5665112304 31.5297925905 28.7940436475 28.5459138493 29.5940821559 29.8090340279 31.836111213 31.1622858879 47.5184290082 47.5184290082 44.126394105 44.126394105 44.126394105 30.4638649297 31.9833390211 64.3386878759 58.0463678638 51.0248514564 64.3386878759 30.4904883165 30.1737806549 31.497116641 65.5814360221 65.5814360221 31.9011447791 53.7035628503 31.6348770158 29.4660935554 31.1181397545 29.508818398 31.7390945779 31.894495752 31.7478618718 30.4469475755 31.7992438024 29.6155587106 31.6421300005 29.5984737842 28.9091112108 29.4092582404 30.9862597422
0 0 0 29.2122321449 29.626424779 30.3123621771 31.6433774555 30.9090905941 28.6735547765 28.872931202 32.0136524628 29.8095906763 28.7052066571 30.8029630144 30.5474611958 30.3546663051 31.9127888839 29.4985832144 30.9796035426 31.5530325416 31.1321686272 29.1923961171 29.8718712436 28.9919291054 30.8773219612 29.675124844 44.126394105 30.5497734825 29.2130010275 32.020741809 28.5945157598 64.863272364 51.0248514564 51.0248514564 51.0248514564 28.6255447873 29.6706728678 29.177926403 30.389852537 31.7588285067 53.7035628503 53.7035628503 53.807765731 28.8048442155 29.349704181 31.8207309236 28.8541295514 28.8378519577 31.7423008111 31.8116320238 29.1227583184 28.5748940294 31.9878073637 31.7491067397 28.6592369642 28.8364431111
0 0 0 0 29.5606637365 31.3769810892 29.5736852209 31.4515936044 29.1459978744 28.7645261302 31.667731789 31.9049677996 28.897037857 30.4429430927 31.1444877349 30.0117017218 30.3704168469 29.4385116112 29.3383190096 31.9873428505 31.0608073757 31.3688741781 30.02445472 31.2072390353 37.2461051467 61.7655710185 61.7655710185 60.6236448021 31.6085588781 30.0909670825 29.6910566097 51.0248514564 51.0248514564 51.0248514564 30.3767871623 28.7380055314 29.230363343 31.1675473676 30.0901833449 31.6876913517 53.7035628503 53.7035628503 30.9120644839 30.0082695607 30.7149164617 30.7970600974 31.7272181516 29.8005465081 28.5803236607 31.158345535 30.4269219581 31.4820614704 31.1093806343 30.0865497564 30.263438454 30.6015736985
0 0 0 0 30.7082014512 28.67867878 31.7023696206 30.1198463937 30.7269370736 29.8217206634 30.1042384235 31.6632290424 29.9758661748 30.5143851862 29.493454254 31.1319274599 29.4104196126 29.5349459911 28.7008432083 30.0608545783 30.6372396315 31.0629229051 28.599394251 30.4703632093 30.4500178649 54.7020266111 76.2142627147 76.2142627147 76.2142627147 29.8935575388 31.2323179156 30.6948682816 31.8845499947 29.9346029613 74.3575057831 74.3575057831 75.970314265 31.9343565935 29.551815352 31.7976356479 31.6679882984 31.6580816677 31.5552742807 32.0256341671 30.218930247 32.0340174348 29.4183625095 28.8023349265 31.6544154995 30.2712184665 29.9393366634 30.892243034 30.8599811125 31.9640636175 30.4596626346 30.937192652
0 0 0 0 0 31.2432182588 30.436247113 30.8027977441 30.1613484715 29.0512618102 31.6224249159 29.8463166925 30.1957143264 30.1039811734 29.7220693673 31.7742721824 31.5888266215 31.8656699853 29.1125425586 29.8043040691 30.498482376 31.0314662575 29.5010584717 31.7071528427 29.8399592 54.7020266111 59.0342150998 59.0342150998 62.2809137208 68.8907503507 28.5200071632 31.6684281998 30.7785868824 72.0911735208 72.0911735208 31.9687764525 74.3575057831 30.8800796795 30.9118085901 29.9588444769 31.906678115 58.4828537784 30.4593449662 30.4754303398 31.5670168315 30.3946348131 31.5933411925 28.6746663299 28.7068462307 31.3422630941 29.9043803072 31.325224583 29.8731106148 31.245333426 31.1342395653 31.7764417423
0 0 0 0 0 31.0788429918 28.5071267182 29.5743140263 29.2976039059 31.9249793356 31.9465736689 31.2220804311 28.6284754914 29.9225840545 29.3923047545 28.937171967 30.5420927067 29.3741205547 32.0334249787 29.002720996 31.4766598481 29.8253854795 30.345288307 31.8314215576 30.7127827452 86.1561325501 58.3210628814 89.8576367465 58.3210628814 68.8907503507 30.69395371 29.6461439062 72.0911735208 58.1651753103 58.1651753103 74.3575057831 31.0189195385 29.6178624878 28.561617583 29.0941315862 29.5562195307 30.0565979129 28.6993787336 31.99299426 29.0149189465 30.5602273692 31.2549726775 28.9469228854 28.925612907 29.4824877897 31.4540888632 29.4110827057 30.5669749184 29.3470290781 31.9940367405 31.3028108188
0 0 0 0 0 30.6732703765 30.2110853058 30.7567101612 30.7302670685 31.3714013577 28.9194771436 28.6984260092 30.9531480055 31.4596364681 29.192211376 29.5992192342 29.0839500593 31.2902779133 29.8272150956 31.6850464625 31.5314197928 29.1172230853 29.4141817015 29.7178801166 30.8809113527 29.1705982215 89.8576367465 89.8576367465 89.8576367465 31.9192160167 29.0001829145 30.0208485785 58.1651753103 58.1651753103 58.1651753103 28.5797073445 31.6012347738 30.5824511538 29.3261994987 31.685235665 29.3291148336 30.7286753364 30.1060961426 29.1643938954 29.797787143 31.7314458518 29.3575549571 31.8168921051 31.0914582661 30.5523970138 29.1018249122 30.0910650222 31.4236674471 31.980527622 31.2570888399 29.1908223172
0 0 0 0 0 0 29.4624279138 29.1005519533 30.0062920234 31.7934757822 31.2189247358 31.1975219603 30.0336762556 31.2219219513 28.8844057774 30.871734626 30.4585457602 30.7092815968 30.1842977815 29.9686025765 30.4195651824 30.315004281 31.134759281 30.4211630181 29.3484981468 31.7536655467 66.4481111836 66.4481111836 66.4481111836 31.5144808118 31.2393444825 29.8199736258 29.1649122969 48.8201250306 48.8201250306 48.8201250306 29.3335775521 29.1075095536 28.8137268701 29.4922490519 31.0012965906 31.3710729732 31.9079841954 29.4166855469 29.5214054544 31.8908411868 31.9074230582 30.3857674772 28.7217302738 30.4819499476 30.2734140065 30.9743796996 30.6917704729 29.7453878112 29.8429896061 31.7021172904
0 50.6543402332 61.609138521 63.162841419 90.4520669693 90.1341036086 90.1341036086 31.1906195888 30.7960444611 30.3478636426 30.9924459703 31.4727730958 31.3474764741 32.0014843303 31.0703560502 28.7542167226 30.0679412931 28.6203391223 31.9171679604 30.5075704095 28.9824514774 29.6633130216 29.3108699841 30.4012973109 28.6225900991 31.4030296003 66.4481111836 66.4481111836 66.4481111836 29.0944541477 30.3947402847 30.8026881261 30.4660454224 48.8201250306 48.8201250306 59.5284634955 29.7846154756 31.4489825591 31.9506004084 30.7639188299 30.2668271443 50.3859705776 28.7763288118 28.8625044628 30.8227373941 29.0152718414 28.5445673517 28.7462631088 30.5667167266 30.9460857142 29.7275895205 28.8331321964 30.3261999911 29.7949411062 30.0486599046 78.454326727
0 61.609138521 63.162841419 63.162841419 90.1341036086 39.6021893422 39.6021893422 39.6021893422 29.7064915668 31.9541081381 29.7485504035 28.7798488078 31.4011557841 28.8390575958 31.4140336255 30.8853562065 30.4885092345 31.4292218317 30.0919822667 31.6133837691 29.3036679076 30.3151874445 31.889135829 31.0929789084 31.8031717103 29.0330879955 31.1577081671 28.6367344408 30.2188958178 28.6713730382 28.7346749413 30.6637689731 29.2363193173 59.5284634955 55.1205178825 59.5284634955 29.9594848556 31.3960223385 29.3361252875 50.3859705776 30.8957537211 50.3859705776 28.74632221 30.9111625048 31.1932274729 31.2821675842 29.3508635952 29.5032873554 31.4879043973 29.5462206211 29.2001704708 28.9637598287 29.3303904308 31.2294534941 31.3278144083 78.454326727
0 60.2311324439 61.609138521 63.162841419 90.4520669693 90.1341036086 74.275901 50.1189577938 45.6031258236 75.9676330582 31.7089382065 30.7144577295 29.007658532 31.5222794814 74.7997660146 46.4152186938 54.1304283092 29.794737771 53.2275673988 51.0618083907 30.7382345717 30.677432962 53.2254985355 57.6238503265 77.0212464345 48.7245427206 44.1639733239 76.9387835602 52.1924080032 57.5412642973 64.7401214015 54.7975789931 54.7975789931 56.9804873235 56.9804873235 40.9230601076 61.834300516 31.3526114324 60.3440771462 49.9382891864 43.3356816498 30.9843708378 43.3356816498 31.4204223264 30.611431848 31.8469965478 31.6372063722 29.3104888855 28.6019713867 31.9334291824 31.7761242475 31.3614727842 29.6173174799 28.9227199833 30.6942232344 78.454326727
0 54.3600915276 54.3600915276 52.5784917662 66.0987943691 66.0987943691 53.2754724403 73.9195492877 73.9195492877 53.0918888385 52.1950459991 56.4991541613 28.5701679322 56.79193209 56.79193209 46.4152186938 28.8846921217 53.2275673988 53.2275673988 51.0618083907 30.4735388959 53.2254985355 57.6238503265 57.6238503265 48.7245427206 44.1639733239 30.1850811527 76.9387835602 57.5412642973 57.5412642973 57.5412642973 54.7975789931 59.6943082064 56.9804873235 56.9804873235 63.1137732407 40.9230601076 60.3440771462 49.9382891864 49.9382891864 48.5853048272 30.0855603478 29.7989063429 29.5209344649 28.646266087 31.0048547657 31.0504034483 29.2257181819 31.1945307194 31.8338574482 30.2303055916 28.9576872253 31.944498428 28.9078550295 30.7765117098 67.6060965936
66.5947933783 54.3600915276 54.3600915276 52.5784917662 66.0987943691 66.0987943691 53.2754724403 73.9195492877 73.9195492877 28.997702959 31.5003576498 29.8404439705 56.6116201778 56.79193209 56.79193209 30.7254545335 54.1304283092 53.2275673988 53.2275673988 51.0618083907 30.2762851881 53.2254985355 57.6238503265 57.6238503265 48.7245427206 48.7245427206 76.9387835602 76.9387835602 52.1924080032 57.5412642973 64.7401214015 54.7975789931 54.7975789931 63.1137732407 56.9804873235 63.1137732407 61.834300516 28.5494935058 60.3440771462 49.9382891864 48.5853048272 31.4870043887 59.6956034522 28.849098889 32.0233866432 31.4375684255 30.4997163832 31.4264870069 31.3984581218 31.3907179804 29.5478361787 29.7464092178 30.2253045537 31.7478853826 30.9087192589 41.7887990687
0 66.5947933783 54.3600915276 57.7983259706 52.5784917662 66.0987943691 53.2754724403 62.935685666 73.9195492877 30.6477948649 31.4191487601 28.7459232019 29.4193964175 29.7378323019 56.79193209 29.6900365557 51.8405620562 30.1461181094 53.2275673988 51.0618083907 30.2681885008 29.6998694235 28.8974906047 30.7852965393 29.4580259058 29.6532800415 31.6672941898 30.7821083303 29.2543817028 30.5567772493 31.1522064484 31.4704355513 30.6906616036 30.8986000545 86.624520243 54.7713961073 31.2504576987 30.6778621316 30.097551732 30.7892992091 31.8229280787 59.6956034522 28.7092380237 29.3634437386 30.2396052485 30.7025157045 31.4499807354 31.3287186593 29.6843325123 29.4522172119 31.8705808635 30.4288446322 29.6156999372 30.3175825722 30.2809413325 41.7887990687
0 0 0 0 0 0 0 0 0 31.719885312 30.8068861961 29.2645902912 30.713615 29.1503673558 31.2989871225 31.2709838407 31.9869315966 29.595169543 30.6996777803 28.6494243553 30.2370351979 31.8568076829 30.3460157449 31.9536493501 31.0961106734 29.0862902619 31.7744399996 30.8962283157 30.7475321709 28.8416311091 30.3218125592 31.5790552228 30.8716422332 86.624520243 54.7713961073 54.7713961073 54.7713961073 28.5023119625 31.2495079468 29.6814922514 31.6497673514 74.8219458684 30.7807607039 30.4144061841 30.5052917965 29.3869176289 28.6903621003 29.248484583 30.2550020228 31.5847143554 31.2385564045 28.9294853343 31.8406849199 31.6226122794 57.1513755438 57.1513755438
0 0 0 0 0 0 0 0 0 29.4493020512 32.0006506049 29.0592194167 31.6989906045 29.6134614485 30.3689575322 32.0217077054 28.9877154724 29.745094628 31.8210972745 30.4709126785 28.8127166944 28.6366524581 31.8538717208 30.0616357998 30.9758968322 31.0553297451 31.9539395163 31.403256582 30.8116108018 31.9908405825 29.8073871567 29.1322718822 30.263991752 29.6154364625 57.8817986178 57.8817986178 57.8817986178 58.2790053912 29.6892290484 31.8381005389 74.8219458684 74.8219458684 74.8219458684 30.7547999036 30.7025686774 28.671545336 31.6057390958 29.5040773634 30.9652892482 31.2605649186 30.0581869016 28.7487950058 28.7870967926 30.3855535541 31.1033525445 54.5928194573
0 0 0 0 0 0 0 0 0 31.5035948625 31.7904990826 30.280447957 29.5027313576 29.0707386876 28.6435664888 28.674560764 31.1181849175 29.1935308272 31.3003894853 31.9465636447 30.9866535814 30.2918202354 31.1342493864 29.3522525185 30.5230060304 30.6708133929 30.28882195 31.5438814806 30.2011738214 31.2982434638 29.6606178113 28.8951327209 28.760235302 30.4971156029 45.2569509119 77.4471778909 52.148638269 52.148638269 28.7346850885 28.5555378971 62.3073456425 74.8219458684 62.3073456425 42.300896317 29.2021946834 29.3249209213 29.9310729599 29.0211797296 30.5825224744 29.9010141681 30.5858735682 29.2214692771 30.7282628164 31.3461807384 31.285564949 29.8462493952
0 0 0 0 0 0 0 0 0 29.0757301176 30.488605048 30.4982196243 30.1271181236 31.4748292626 30.3222723135 29.5226940699 29.1039791132 28.7542260156 31.7384653277 29.9512804873 28.9776740874 28.6225327639 31.766702595 29.2286089463 29.0395731017 30.1627751859 30.7367344264 31.4563514677 31.5879508337 28.6601542435 31.8928877826 28.6924240524 29.147662891 31.1289720993 30.0514253796 52.148638269 52.148638269 52.148638269 30.6839975066 31.9801107004 28.928722932 62.3073456425 50.4411323526 28.8038131631 28.5913472141 29.0230821762 29.3027249262 28.8952500752 30.0995967387 29.0301246012 29.5450694854 31.2665399105 30.6869619441 31.0978891186 29.8975740344 30.6921821165
0 69.2314019752 80.1236992038 0 58.3068292644 72.2944043687 68.3628347603 0 0 0 30.9366242069 28.7990345718 28.6845608663 31.9977216541 31.1269221769 28.6801545114 31.8321759212 28.5899183866 29.9627708004 29.7010139598 28.8601702559 31.7256886797 29.9061052778 31.5282155038 31.2383730106 30.5138905586 29.1148401753 31.5456448166 31.8520104449 28.6825806129 31.483528459 31.1507438052 28.6379074736 31.7072744623 31.0021103956 45.3073946934 45.3073946934 45.3073946934 73.4407710698 30.347815486 29.9520132017 50.4411323526 41.7833262227 50.2433100447 30.9663982192 31.2101342117 29.9810872535 29.6446381521 30.0070887978 28.8280495006 31.9687761446 31.5352348169 30.9280867892 29.631620854 31.5429932694 29.1279038464
