Spatial_Output/BAU/BAU_0394.asc
NCOLS 155
NROWS 192
XLLCORNER 196307.867259
YLLCORNER 449144.565805
CELLSIZE 33.573938
NODATA_VALUE NaN
[rows 75 to 99 of 192, columns 0 to 56 of 155]
69.2314019752 80.1236992038 80.1236992038 58.3068292644 58.3068292644 80.4101538359 58.1193782535 58.1193782535 82.7754590203 72.2813109616 80.1200983016 58.3681737716 33.8081510219 32.4032718918 33.8255479873 33.9577930636 33.6829183974 31.8748235359 33.1929451433 34.3572679887 32.1930514415 34.0957953253 34.2038904013 32.5925567622 33.0769806914 33.7230500525 33.7801415601 34.588657873 32.2010020435 32.6256372166 33.3268107739 33.2430873978 32.5992786204 32.2213402911 34.8189485101 34.9560180517 82.4283658453 32.0248016416 82.4283658453 33.7415934195 34.9144756196 33.0474154446 56.924506214 32.4990566221 33.4721747733 32.7763326768 32.1279372387 33.3207383493 34.088615948 31.5582238828 32.7509047391 32.2377498227 34.7836678269 34.2575050423 33.7941827089 34.1905481054 31.5766896516
0 80.1236992038 80.1236992038 58.3068292644 58.3068292644 58.1193782535 58.1193782535 58.1193782535 72.2813109616 80.1200983016 79.9143645716 79.9143645716 34.7561304663 33.7789754511 32.6944189508 33.9028500494 33.9197994186 31.7532035301 34.9528841911 32.6323404048 34.3816638729 34.5022441612 33.7937585541 33.2624255781 31.7093344488 34.1530350257 31.9280241626 31.8818039608 32.9541654472 32.6125459454 32.5429133552 34.5165250305 32.6195032249 32.6006947917 32.3462871309 33.3066711588 34.710076323 33.5672002589 31.7720974134 32.8108905556 34.1736356399 34.999677394 56.924506214 56.924506214 31.8983909794 32.6662223972 33.6604760599 31.7966505405 34.3534565277 32.4074356615 34.0840887543 32.7118252568 33.1277299507 32.975240787 31.6576436819 85.8787814454 31.5355415117
0 0 68.9333533432 0 58.3068292644 80.4101538359 58.1193782535 72.1247218142 82.7754590203 80.1200983016 80.1200983016 79.9143645716 34.6350253933 34.0734666221 31.8023496927 32.8351993453 33.1886473195 32.2207069243 33.9862063423 32.5979813842 33.6194321677 32.9098146001 33.8977420344 33.0073624656 31.7887402934 32.0342918611 33.7538060634 32.2614471104 52.6659081279 52.4792491253 83.2303111678 32.2732588968 31.8599850426 63.769534866 33.48631615 34.3239826677 34.4852356193 54.6597913061 34.6203106282 34.6714808731 33.8228196219 33.8090101369 56.924506214 56.5977366639 34.805291191 34.2375829752 34.6841843529 34.5513982583 31.8725176538 34.4111921058 33.4806273702 32.9721469655 32.5106818288 32.2889744067 34.0253798468 34.4039064624 34.0203939332
0 0 0 0 0 0 0 0 0 0 0 0 0 34.534160193 33.2417906708 32.6000960082 32.2581036882 32.4758862997 33.2226129753 34.2316641851 32.1516090461 33.1067785354 32.2750702118 34.1590997568 33.2004425143 33.5681077018 33.3415235866 52.6659081279 52.6659081279 52.4792491253 52.4792491253 65.1234932176 65.1234932176 63.7473031029 63.7473031029 60.787870304 51.3635727144 71.405950827 71.405950827 57.3863061202 59.1091500796 64.3359759567 34.3254588494 34.8945160333 32.9610096768 32.2769819575 31.676556478 32.0486797762 33.771039695 33.5185798109 32.834920202 34.5216936833 33.4477567888 32.7542036662 33.1295644781 32.4425702325 33.1366264017
0 0 0 0 0 0 0 0 0 0 0 0 0 33.6531237829 33.149185492 34.2375827703 33.4745310995 34.3727576764 32.3300999637 32.2860764185 32.7407346483 32.3061508567 32.9172016375 34.3812934495 32.887035973 34.8123819332 31.9397899826 52.7694248325 64.122511785 52.4792491253 52.4792491253 65.1234932176 63.7473031029 63.7473031029 63.7473031029 51.3635727144 51.3635727144 74.1524304631 57.3863061202 57.3863061202 64.3359759567 64.3359759567 34.0162966292 31.7029819951 34.4409270062 34.2877000361 32.1860716506 34.4119322741 34.2828408937 66.3620041756 31.541807122 34.2455825261 32.2050180925 31.9627408861 34.7226465791 34.1757694664 34.9029347262
0 0 0 0 0 0 0 0 0 0 0 0 0 34.3734273289 32.9781736224 31.7719001838 34.5506937467 33.1710053826 34.2895347249 33.3468448982 34.6182735023 31.5371261123 33.9036638372 31.5478018557 32.7184019219 54.4022298719 64.2936215844 32.9505565127 64.122511785 33.3492004619 34.453327166 33.6498379645 33.1372753755 63.7473031029 63.7473031029 60.787870304 51.3635727144 32.6796127137 57.3863061202 57.3863061202 33.4329836564 32.4113791942 33.1332865278 32.0400175174 34.8966814187 33.1837348901 33.7233132716 32.0939543269 54.7508145882 32.7276965927 48.4373344628 66.3620041756 32.3968555011 34.2537460871 34.6364879866 34.2165523788 57.8733610862
0 0 0 0 0 0 0 0 0 0 0 0 0 0 34.0611132531 33.0124664759 32.0450895458 32.7413424645 32.5608811859 34.2729272312 33.8162570949 34.285510364 32.4534839616 33.9564001483 34.2437254401 54.4022298719 64.2936215844 64.2936215844 31.6345310695 34.5555968934 33.3542039716 32.5070307203 33.1650437355 33.6617636111 33.3061067338 32.0284768807 34.4830245132 34.04997454 32.445437589 34.0333446215 33.7584053475 33.7096032752 32.9863217401 34.6960482781 33.7762054134 32.6807046703 31.5454744295 32.795107494 33.4204889196 33.2526639735 34.0498055691 34.3476614468 34.6678825626 34.346553692 34.0628969229 31.6321118636 34.0679842418
0 0 0 0 0 0 0 0 0 0 0 0 0 0 33.6298772657 32.417020455 32.2181886701 34.9715385052 34.2918481334 33.94140072 33.4941715164 34.1239092437 31.822082471 34.7018291528 57.7086024813 54.4022298719 64.2936215844 64.2936215844 35.0217680384 33.6753291375 34.3822998522 34.2590654002 34.3949299722 34.9839769906 33.5444744566 33.5345959977 32.4216946299 33.4935834699 34.6134010183 34.837395101 33.0473611287 33.3187178769 33.5745520001 32.6089361867 34.9003998157 34.1209469928 31.9240350666 32.6177884264 34.2787737298 33.3985362762 77.3500054508 31.6605784727 35.0328850315 32.6495190626 32.6185023667 32.4538863041 33.5178444887
0 0 0 0 0 0 0 0 0 0 0 0 0 0 32.5697129094 34.1785148272 32.7847879389 33.9428078115 32.9074274733 33.7028517984 72.8455776638 33.4832220872 52.3511222193 57.7086024813 57.7086024813 57.7086024813 34.0406056334 33.0245869667 32.5381133909 31.8833730654 32.3187017606 33.1196812374 32.9496792829 33.7337082015 35.0125217867 32.850097822 33.7695173524 32.3653675633 33.8230823266 32.7631407845 34.5949992927 34.2852761438 33.0186664003 34.9322711658 32.9740146777 33.9452981487 31.915095071 33.7162514022 68.3808236492 68.3808236492 68.3808236492 32.2753487192 32.4774913402 32.923486392 31.9883427124 31.7346678872 31.9786206132
0 0 0 0 0 0 0 0 0 0 0 0 0 0 32.5300733263 31.895271794 35.0282829807 34.5580052435 32.2396612428 66.936881255 32.0930095994 52.3511222193 52.3511222193 57.2125267754 57.7086024813 57.7086024813 32.6821303379 33.0339389564 34.933977612 34.9654114851 34.2881999976 32.0575503417 31.575016664 33.2356734276 35.0306345529 32.3162214795 32.6922876042 32.9294439112 32.1567537385 34.8166260338 33.0532836237 31.9588861596 34.6454210291 33.264783764 33.0077981074 33.3231562461 31.6621470655 34.6640644854 32.3899301337 68.3808236492 68.3808236492 34.8918243043 32.5688149691 33.0075501043 32.9180428303 32.5246500101 31.5610048013
0 0 0 0 0 0 0 0 0 0 0 0 0 0 33.5005499496 34.4352282574 34.3466311326 31.9016101926 60.4713581883 60.4713581883 33.9060942087 34.1269896005 52.3511222193 34.493084488 34.5005643272 34.6437827266 32.7040066756 32.1885495214 33.1493146136 34.0063944346 32.6269983381 32.3444764733 34.5067595158 33.453422216 32.7699600161 33.2318270188 34.2456823112 32.1743137278 33.4094683371 34.5995219526 34.6340297242 32.8132179961 32.3794803823 32.8519806685 32.2472473241 33.726306722 34.8708816836 31.6178920223 67.1819462152 67.1819462152 32.1919850958 31.8776757149 32.8009957051 32.9347179975 34.3402412912 34.8308278986 32.605385924
0 0 0 0 0 0 0 0 0 0 0 0 0 0 34.7360402766 34.2407236569 32.1957869454 34.0529870174 60.4713581883 60.4713581883 60.4713581883 34.9453697007 32.8775020673 34.8853119056 32.3072949633 32.3756300287 33.4869335824 33.7534147502 34.1984983893 32.5226875947 35.0208995572 34.3594409554 34.1609702659 33.2641097371 31.8736188703 34.9982646763 34.2030147993 31.8334921271 34.4385681941 33.2176642603 34.9035925414 33.7495325417 32.4163149064 33.5434460135 31.9040922904 32.7327964009 33.3634998215 33.8785186093 68.1724115343 33.1517106731 34.7645690656 32.1891098806 34.3741517901 33.6642862604 33.6265547631 32.4553298962 32.8876378283
0 0 0 0 0 0 0 0 0 0 0 0 0 0 0 31.8123523412 66.3354101582 72.4898313662 72.4898313662 55.5227891668 32.4835226894 31.9427232324 34.8498930272 32.2180597419 34.7901543905 34.9209730216 34.1731156731 32.3131047455 34.2781782186 32.2880619307 33.5182349029 34.9123217632 32.0149199705 33.3433841831 33.1718418188 31.6525030453 34.8816947147 33.5488051161 31.9166286384 31.7799073877 32.7340468497 32.6860717527 34.9274411698 35.0071998986 31.7225950711 34.6955731731 32.565187506 34.6815439313 35.0075593583 32.1965138513 34.4314131673 33.156788353 33.9014806736 33.6270745741 34.9080354033 33.848089747 31.717713175
0 0 0 0 0 0 0 0 0 0 0 0 0 0 0 47.5491823306 47.5491823306 72.4898313662 72.4898313662 33.5301851169 33.5249354222 32.5720236309 32.4376074795 32.4816401129 32.0818256062 33.9723017585 32.8144280401 34.434441922 33.3091356544 34.514460611 32.6093099671 33.5469724596 34.9511598017 34.6354725528 33.731993787 33.1653388585 34.2230903788 32.2705936662 31.5037322702 32.6697419713 33.3583885173 33.8382194798 33.5948957572 31.7009514144 33.1044959382 33.2277208907 32.568465473 61.1943322691 61.1943322691 61.1943322691 31.7066029455 33.6587421875 33.0433448743 32.100907881 34.4207224891 34.8175700067 34.5476754968
0 0 0 0 0 0 0 0 0 0 0 0 0 68.3048298922 74.2810408598 47.5491823306 47.5491823306 66.3354101582 66.3354101582 34.2600334342 32.8577829743 32.2684653894 33.5164978496 34.1305917774 32.4773004739 34.3635775071 33.9566990803 32.5727423036 32.3326590719 31.9678970201 32.3572557004 34.9021052091 33.2536671756 32.98467156 34.6080617963 33.8377381441 33.0893049732 33.3543750392 32.6561713983 34.2110450551 32.6890285957 31.6533201401 32.5963725914 34.5704830539 32.131510968 33.6624028108 33.9852457614 32.3273727611 61.1943322691 32.8395657142 31.7700273706 31.5060631751 34.9865908273 34.8864976012 32.6660761263 34.2066547958 32.3201595174
0 0 0 0 0 0 0 0 0 0 0 0 24.6684435157 24.6684435157 24.6684435157 47.5491823306 47.5491823306 47.5491823306 32.0896095354 32.5275911467 35.0049591449 31.5541534929 33.6498410036 34.5131787408 34.9135061828 34.83425619 34.2682814205 32.2580233633 33.8943580178 32.7734745247 31.8232902332 34.0646408389 31.671052833 33.2924767314 34.4434695441 33.6094509224 33.0683846823 33.3733661237 34.2267943559 33.4584939054 33.9517173158 34.8882708348 32.5124604984 33.2639230288 32.3578571515 32.6025346087 34.5202799552 60.5871377316 60.5871377316 63.4529913757 63.4529913757 55.248450324 32.7590738875 32.2421060998 34.5314530549 32.3711177292 34.7330265396
0 0 0 0 0 0 0 0 0 0 0 69.5794076467 70.152709547 24.6684435157 23.8467297899 74.2810408598 55.2562947043 0 0 34.5218993214 33.7403745193 32.9225078425 33.6351740811 32.2829818103 32.3340151134 33.5851689039 33.4716237691 33.0953401546 34.1873897485 33.635676313 32.4542732404 34.9093083504 31.83917004 33.7994291818 34.3350771377 33.4088365729 33.1991968403 33.9868810477 32.5439529658 32.480907819 32.2664706011 31.9472832681 33.0012562185 33.0460840921 33.9860005936 33.5187671914 33.8296002809 47.795017092 47.795017092 47.795017092 63.4529913757 32.6805672174 33.3903001877 33.8984816061 34.0084039214 33.980889785 32.3963710617
0 0 0 0 0 0 0 0 0 0 64.0522000836 58.4175396204 70.152709547 24.6684435157 56.64083737 57.8392185492 0 0 0 33.4248999008 33.5647585251 31.9228323396 31.9615755091 33.5880430364 34.9831256939 33.4134507154 32.3148207366 34.6864590081 32.81362704 31.8271446707 31.7412563766 34.9362890823 34.1737792558 32.3867338901 34.7672557149 34.6841066143 34.6769972287 32.1910576184 32.6732960441 33.1442628924 34.2626642821 34.6406685883 33.8710278779 32.3088920763 32.8587711858 34.026705578 33.6729681855 32.9436250253 47.795017092 47.795017092 70.541378244 34.7947142127 32.220857702 33.1941550241 31.8304215632 31.6905045882 32.1503564655
0 0 0 0 0 0 0 0 0 56.8406311105 58.0726088448 58.4175396204 70.152709547 70.152709547 0 0 0 0 0 0 33.7272993626 34.898668978 34.4080074074 34.9064946294 32.2436323494 34.467865252 31.6274339573 33.0462686276 33.4969923681 33.5513700818 33.0722057086 33.1764518637 34.8765884617 34.3860595919 34.9272120585 33.2846602273 33.4962204341 33.4182462069 32.3592058455 34.2847473225 32.7284872571 32.1106176847 32.1747916506 34.3193269204 34.3285094081 34.0398327925 33.541499806 74.7328212263 70.9856099637 70.9856099637 70.541378244 32.4566882559 34.6982001175 33.6570331729 32.8116765236 34.4160444043 32.6836151085
0 0 0 0 0 0 0 0 68.8933493782 56.8406311105 58.0726088448 58.0726088448 58.0726088448 0 0 0 0 0 0 0 0 0 34.430052298 32.5346875741 33.3066486035 32.5852898978 34.4656704413 32.0327352152 32.2832899611 31.7524424612 32.4393713124 33.2962618313 33.6094513508 34.2240074143 33.2914900011 34.942126181 33.8810463559 33.9347565516 33.3513160222 32.6323151455 34.0085421516 33.7054861961 33.5221143222 34.1889285438 33.1504376907 31.6585678261 32.6688333327 70.9856099637 70.9856099637 70.9856099637 86.5403846821 32.1882099113 34.651065547 32.31752543 32.8468157218 34.7696384404 33.7790474618
0 0 0 0 0 0 0 0 68.8933493782 56.8406311105 56.8406311105 67.0373508753 0 0 0 0 0 0 0 0 0 0 34.4365634823 32.8879276646 31.6005203298 32.8456845071 32.3210822346 32.1887827154 31.7654556112 33.0113573395 34.0512200113 32.5015349548 33.0412138872 33.3439446324 32.3245990609 34.3137167708 32.3211565431 32.0761980714 32.5096779165 31.5415871804 34.6048609064 33.9982217484 32.8404741153 34.0951105481 33.3257555678 33.2639393802 33.6272664299 79.3586857703 70.9856099637 62.3142955853 62.3142955853 62.3142955853 31.8502803603 34.8166969501 33.3822790582 34.1989168803 33.4219763216
0 0 0 0 0 0 0 67.3651589034 0 0 68.8933493782 0 0 0 0 0 0 0 0 0 0 34.3153695499 34.8608491766 32.1844094732 33.4343298577 34.3182935407 32.6848497555 32.9827570019 34.0300470109 32.5185428312 33.2840405894 34.9813003856 33.7655867651 34.8589835942 33.7855886499 32.0050175839 33.9172888308 61.9935682075 61.9935682075 33.1878074282 32.1714050989 34.7352672335 34.263151843 45.9708289334 48.3273091447 31.9983421327 34.216891407 79.3586857703 79.3586857703 50.1815541142 53.0126376039 33.2404288887 34.2234018852 33.6756509259 82.5214374007 32.0702764636 32.626015796
0 0 0 0 0 0 0 67.3651589034 67.3651589034 0 0 0 0 0 0 0 0 0 0 0 34.9709555441 34.2385613411 34.4367952107 34.2252756245 32.1813641896 33.9627027309 34.2426280322 33.6517813836 31.6804703641 34.3210098553 32.3705277253 33.1363098994 32.8186898811 34.6539396524 33.4122392307 66.2114643182 31.8815017282 61.9935682075 61.9935682075 50.9149105015 51.5869281105 51.5869281105 68.3160339152 45.9708289334 59.7429281729 59.7429281729 62.6689021525 65.1162501153 53.0126376039 50.1815541142 48.8610876222 53.0126376039 32.3064221968 82.5214374007 82.5214374007 34.9105011371 33.1192078769
0 0 0 0 0 0 0 0 0 0 0 0 0 0 0 0 0 46.2433281802 0 33.9607510162 32.5370578401 34.0402090159 34.5075174662 33.717493506 32.8679730557 32.6078652592 32.7808324442 34.9410128487 32.1013975368 33.8663111566 32.8484476502 34.4536872423 31.9134549407 47.4881130605 47.4881130605 66.2114643182 48.9678406826 61.9935682075 61.9935682075 50.9149105015 51.5869281105 51.5869281105 68.3160339152 45.9708289334 59.7429281729 59.7429281729 62.6689021525 65.1162501153 50.1815541142 50.1815541142 48.8610876222 32.9241167594 33.1187455092 82.5214374007 82.5214374007 32.9604840192 34.8791715629
0 0 0 0 0 0 0 0 0 0 0 0 0 0 0 0 46.2433281802 46.2433281802 46.1376829441 47.1594175295 33.8465109521 31.9436534868 32.8902846037 32.287479448 31.8774575738 33.3265539957 33.6326078898 33.7970774705 34.104776942 34.0647412217 35.0133048727 34.1419034241 46.7867920645 47.4881130605 47.4881130605 47.4881130605 66.2114643182 31.5798113773 46.5676641763 32.60204344 34.3003542178 68.3160339152 46.3061376804 45.9708289334 59.7429281729 58.0889812307 32.8370700207 65.1162501153 61.0694031488 50.1815541142 48.8610876222 47.7881900708 34.5917560071 65.7416686001 82.5214374007 33.5947982605 33.5901119565
