Spatial_Output/BAU/BAU_0269.asc
NCOLS 155
NROWS 192
XLLCORNER 196307.867259
YLLCORNER 449144.565805
CELLSIZE 33.573938
NODATA_VALUE NaN
[rows 75 to 99 of 192, columns 0 to 56 of 155]
69.2314019752 72.2931601513 72.2931601513 68.9271576006 72.2944043687 72.2944043687 72.0824919577 58.1871506263 82.7754590203 86.8156369994 72.5888686628 72.5888686628 80.1330145434 44.7421263433 70.5974683564 44.7337806214 44.7801228934 44.8587673702 44.6032775991 44.907616042 44.5386169139 44.7704687514 44.7269048023 44.6589752782 45.1174005235 45.1641577248 44.6644660536 45.0631808089 44.7236961033 44.5772899001 44.9340118357 45.1280168294 44.9449207936 44.8343626258 45.0864277212 44.7931699685 44.9256929527 74.42120772 74.42120772 44.635905135 44.7813127211 44.6428608413 50.1699051731 73.5203674305 44.8937978405 44.9621511506 45.0858990116 44.8402725163 44.5794865574 45.0815774144 44.5640090746 45.2047629738 44.6411673128 44.6008454645 44.9228203032 44.6694210635 45.1991848441
0 72.2931601513 72.2931601513 68.9271576006 72.2944043687 72.2944043687 72.0824919577 82.7754590203 82.7754590203 72.5888686628 72.5888686628 72.5888686628 44.9205074677 44.8805893666 45.0870094906 45.0135128069 55.854866479 55.854866479 81.8398097853 45.1966558771 73.1551026313 65.6968809187 81.6166752242 56.6484992666 65.8868753298 44.5161472326 68.0420810506 44.9987966687 44.7249099624 44.6249587597 44.77341076 44.9402515845 44.8085078206 44.5003180876 45.0577478133 44.7326235502 74.42120772 68.5542497487 68.5542497487 44.6138789296 44.9288646975 44.8018048538 73.5203674305 45.0832860799 44.8697212327 45.1835317745 44.8248114136 44.5118850748 44.8143448831 44.9119803872 44.8717146749 44.6859707243 44.7614482714 45.0809341916 44.5677966209 44.670061092 44.5112693014
0 0 68.9333533432 0 68.9271576006 72.2944043687 72.0824919577 58.1871506263 82.7754590203 86.8156369994 72.5888686628 72.5888686628 80.1330145434 70.5974683564 70.5974683564 70.6232120534 55.854866479 55.854866479 45.1560952621 73.1551026313 73.1551026313 81.6166752242 81.6166752242 65.8868753298 65.8868753298 68.0420810506 68.0420810506 55.781421833 44.9189813221 44.9366240293 45.1047924995 44.6643837996 45.104861581 65.3141249266 65.218672961 45.0309236313 68.5542497487 68.5542497487 68.5542497487 44.6169837371 44.734416725 45.0302897322 44.8967396634 45.0118387032 45.1969135841 45.0888694823 45.0813312568 44.5165923683 58.8520136715 58.8520136715 45.0766013727 45.1173312296 44.5100568754 45.1959922903 75.9294999308 45.016361803 44.7689905227
0 0 0 0 0 0 0 0 0 0 0 0 0 45.0072321374 70.5974683564 45.0516950653 70.6232120534 44.8838330268 44.8597564885 45.036098049 44.516661545 65.6968809187 81.6166752242 65.8868753298 65.8868753298 68.0420810506 68.0420810506 55.781421833 44.7531526824 44.7285081781 44.7226346974 44.7248072058 44.7695142414 65.218672961 65.218672961 44.5957854733 64.9043780421 44.6337648122 45.0951471737 45.0076307798 44.5095327078 70.7221977186 44.6506350983 44.5937770273 44.9983226519 55.5830107066 44.8465645441 72.0390794816 61.7157146987 60.3411966477 89.3078438819 80.1125458184 60.4358277481 60.4358277481 67.087995188 44.9480243253 57.3886942332
0 0 0 0 0 0 0 0 0 0 0 0 0 44.7235844125 44.5901398531 45.132527188 44.5747560345 44.5300871603 45.1672670877 44.8336955008 44.887516769 44.6034521109 45.0755543848 67.9435926538 65.8868753298 44.9053659287 68.0420810506 45.1213626464 45.0277716588 44.7347437836 45.0991158551 44.5289276502 44.6209161267 65.218672961 65.218672961 44.5116042587 44.5125321527 45.0820062006 44.870848296 44.5229264107 70.7221977186 70.7221977186 79.0911899914 44.7104552474 44.8150651651 74.9691568706 74.9691568706 72.0390794816 61.7157146987 60.3411966477 60.3411966477 80.1125458184 60.4358277481 67.087995188 67.087995188 67.087995188 57.3886942332
0 0 0 0 0 0 0 0 0 0 0 0 0 45.1994661578 44.7200827253 44.6918201499 44.778877397 44.5869004607 44.9740079326 44.7520326249 45.0358826449 44.6785812498 44.5792083957 44.6905251006 45.1562881153 86.347195571 56.3290329403 45.0834108023 44.6562036584 44.6351770478 44.86839954 44.808461752 44.8336801178 44.9893383985 45.2031167136 64.9043780421 64.9043780421 44.5501893292 44.8360693917 55.1029710153 68.8409156177 44.8956707997 81.0781692572 79.0911899914 44.9821392565 74.9691568706 74.9691568706 72.0390794816 61.7157146987 60.3411966477 60.3411966477 80.1125458184 80.1125458184 65.6230684107 67.087995188 67.087995188 57.3886942332
0 0 0 0 0 0 0 0 0 0 0 0 0 0 44.9428873859 44.996811491 44.6772160208 44.6516778717 45.204534884 44.6191846224 45.1952349312 44.5015428904 44.9595344131 45.045702521 45.0412113489 86.347195571 86.347195571 56.3290329403 44.9540031005 44.7642773133 44.7355294898 44.8341392976 44.6643485051 44.517753525 44.9271582093 44.9691497842 44.8627690289 44.6999886934 44.9382933995 45.0647808649 44.7239469173 81.0781692572 81.0781692572 81.0781692572 45.1442307103 45.1281841837 62.5577507601 72.0390794816 61.7157146987 44.8077538659 83.1863169825 83.1863169825 44.7896264698 44.717164192 45.159631302 44.7707314053 45.053062189
0 0 0 0 0 0 0 0 0 0 0 0 0 0 44.9309169521 44.5026458084 45.1625301008 44.8527433224 44.5039970011 45.0331661957 44.7913323113 44.9582181102 44.7185071765 75.4980914458 44.6483498056 86.347195571 86.347195571 86.347195571 45.0781102365 44.5069856091 44.8344541816 45.1271100542 44.9516252638 45.1444626289 44.9127488586 44.5796372436 44.8164158713 45.0509458533 44.5012490191 44.6429448104 44.6681786307 45.1505565291 81.0781692572 44.682520139 45.129813538 44.6801829072 45.0494978212 59.6520279868 59.6520279868 44.7700935514 45.152954617 44.8540426908 45.034563659 44.8095880752 44.8551509266 45.1608757938 44.7418389264
0 0 0 0 0 0 0 0 0 0 0 0 0 0 44.7579592509 44.8696264136 44.5999442255 45.1385487729 44.6907335535 44.8417226334 53.5141999171 104.2113192464 54.972051259 59.055297275 75.4980914458 45.00175898 45.0572109617 45.0894901182 44.7923341289 44.5971644133 44.9430723061 44.8130101679 45.0225007251 45.0126337149 45.0185149276 44.9391564682 45.0640389693 44.8356089676 45.1652235107 45.0185989209 44.6518564197 80.7803532455 80.7803532455 80.7803532455 44.5015579123 45.0806875002 45.0143529581 59.6520279868 44.5467346479 45.1887358909 44.6365908702 45.2055385979 44.9645889768 45.0534037594 44.9902285365 44.8914389804 45.1247845715
0 0 0 0 0 0 0 0 0 0 0 0 0 0 44.9709870386 44.8601515524 44.6110396271 44.730208596 44.9877723471 58.3579469836 104.2113192464 104.2113192464 59.055297275 59.055297275 44.5491543768 44.693130745 44.958670427 45.167866031 44.8431007035 44.6536398476 44.7347975883 44.5243535172 45.0709922993 45.0580895334 44.6087880314 45.0644131242 44.5063594939 44.9482808167 44.6264657052 44.8858985789 44.5646339136 44.776643213 44.8996997052 44.561243933 44.9544136205 45.0181836806 44.7701893238 70.8147535097 45.1813845459 82.3297790823 44.7875908401 44.6528474861 44.9269760565 44.8948249342 45.117958682 44.8393243878 45.1003773225
0 0 0 0 0 0 0 0 0 0 0 0 0 0 44.665662139 44.5727552307 44.5523237023 44.8643223106 70.5654248113 58.3579469836 58.3579469836 104.2113192464 104.2113192464 59.055297275 44.7451692813 45.1766126252 44.9602605684 44.9603471676 44.5395328362 44.7346387139 44.7237458735 44.800771916 45.0388132629 44.6605351873 44.8314605361 44.5143181477 44.6617403242 45.0595312771 44.6830066932 45.0360508412 44.7589286973 45.1436134213 44.8898159303 44.7635521576 44.7622256014 45.1537442376 44.8712856229 68.0697075677 45.1506884378 82.3297790823 82.799827643 44.5954594562 45.1877235273 45.171666626 44.6800309985 44.6532780724 44.6831069606
0 0 0 0 0 0 0 0 0 0 0 0 0 0 44.9767122942 45.0841171366 44.7725796067 61.7987710509 70.5654248113 58.3579469836 58.3579469836 76.2628173697 44.7504946648 44.8238754443 45.1165627049 44.7499954022 45.1061618624 45.0675338352 45.2051830633 45.061785019 44.7987866039 44.9304129766 44.8154234826 45.1281514055 45.1609401324 44.6918045342 44.6132284631 44.9062095502 44.7476488868 44.5332904993 44.5155642726 44.8926306904 44.7208146108 44.6549136057 45.0948437019 45.1345606394 45.1019315354 45.0323223436 61.3573526316 76.2746319217 44.8030806622 44.8987583361 44.8468356387 44.6980132738 44.7641150848 44.842692519 45.0091287157
0 0 0 0 0 0 0 0 0 0 0 0 0 0 0 44.9447590506 61.4487771793 61.4487771793 57.9583755988 70.6279424602 44.6616657141 44.734715694 44.8667340631 44.8228554127 44.6094324261 44.6194561364 44.9645227842 44.5912092303 44.5696102743 45.0779897826 45.1371870163 44.6093176396 44.6524799776 44.7750791301 44.6582335423 44.7732570741 45.1707952712 44.9430505121 44.9390850872 44.6874777777 44.6989873208 44.6360400874 45.03277384 44.7148810766 44.5319888682 45.0965133733 44.8185802453 61.3573526316 61.3573526316 61.3573526316 44.7690457156 44.7084956061 45.1221093753 45.1241030605 45.1614984429 44.6911000351 44.8517158708
0 0 0 0 0 0 0 0 0 0 0 0 0 0 0 66.1083278443 61.4487771793 61.4487771793 61.4487771793 61.7987710509 44.5188202526 44.5451097747 44.8207217994 44.7668013481 44.9000338136 44.920379499 45.0023005465 45.1102686529 45.2033271939 44.9008556505 44.8516204153 44.7839975318 44.7459016496 44.8430791306 45.0875393721 44.7405961625 44.5399974901 44.5178085773 44.8166066706 45.1356304833 45.1509999229 44.6009640187 44.9326310431 44.8221422883 44.7221022699 44.8177328311 44.7954099161 45.0088375744 83.1776642105 44.6273975729 44.6255900375 44.5817099389 45.1612018087 44.6194390765 45.016855224 44.5171835687 45.1875377923
0 0 0 0 0 0 0 0 0 0 0 0 0 68.3048298922 59.8569017903 59.8569017903 59.8569017903 61.4487771793 61.4487771793 44.6381704309 44.5775845493 45.1855363409 45.0153542961 45.0578915551 44.8205969014 45.1309309623 44.896629756 44.8906324687 44.7924214224 44.6604550623 44.6001854098 44.5970308987 44.5107220224 44.6641194619 44.9944790932 45.0453739819 44.9841223572 44.5651128049 45.0744031837 44.6555020413 45.0721803837 45.0456337476 44.8542258799 45.2034760064 44.9883990592 44.6802528003 44.9822217546 45.0670068829 45.0082227085 45.0418308432 44.7182120607 44.8066459453 45.1593347757 44.7882612598 44.6406201686 45.1180158053 44.6832334846
0 0 0 0 0 0 0 0 0 0 0 0 32.6487283017 32.9423086288 59.8569017903 59.8569017903 59.8569017903 57.7233402118 45.0844267525 44.5332395109 44.5641585145 44.7805900196 45.0639875936 44.9906618605 44.7294459226 44.8365472602 44.6549540029 45.0801366756 44.5434527445 44.8797378847 44.9988316647 44.9654514715 44.9804302136 44.5885252371 44.6339515067 44.7350651345 45.0885357011 44.8015753577 44.9329534935 45.1444375817 44.7567710371 44.8244145155 44.9951331948 44.5861016617 44.8632575839 44.64612783 45.1539642046 58.5735819134 83.4502054051 44.8084130788 45.1093106883 44.8516269409 44.7071315816 44.9721150978 45.1069606173 44.6977610232 45.1442091299
0 0 0 0 0 0 0 0 0 0 0 69.5794076467 80.7319440944 58.4270532791 58.4270532791 67.591489114 67.1313640023 0 0 45.1584745643 45.083604431 45.1014992678 44.7128681469 44.7801624282 44.8259052681 45.0292769559 44.9510655552 44.8392356798 44.5149740277 45.0651415038 44.9656110064 44.6112308633 44.9438501604 44.7689080564 44.8443939121 44.9750943815 44.7425528966 45.021188603 44.857264918 44.9258647139 44.8952270517 44.6275859122 44.7610400454 44.8341289329 44.8937598577 45.0810953909 44.6769744954 83.4502054051 83.4502054051 83.4502054051 70.6107333732 44.7720682957 44.5170409612 44.7672437936 45.1271029677 44.7271179316 44.8824087973
0 0 0 0 0 0 0 0 0 0 64.0522000836 58.4175396204 58.4175396204 58.4270532791 58.4270532791 65.2788203376 0 0 0 44.5739078488 44.6683065383 45.1340084829 45.1556373768 45.1347686764 44.9376430294 44.7223155733 45.1149365676 44.6872123716 44.7709875148 44.7719401583 45.2050864457 44.7122117644 44.8124773068 44.6337627339 44.9424394067 44.6714227857 44.7288244816 44.5494747575 44.5997366482 45.0264902943 44.9292503779 44.7077093975 44.9656653804 44.8924600104 44.8951865236 45.1809159111 44.7978614176 78.7019574745 78.7019574745 78.7019574745 70.6107333732 44.8024314914 45.1406260132 44.8297587635 44.5189872315 44.8272545919 44.5378629891
0 0 0 0 0 0 0 0 0 56.8406311105 58.0726088448 58.4175396204 58.4175396204 58.2111376835 0 0 0 0 0 0 45.0004411174 44.7439877857 44.8615203476 45.118586556 44.59608135 45.0364972417 44.9172324586 45.0660170272 44.6899647569 44.7975749677 44.8201101298 45.121823235 45.0870501576 45.0658651276 44.8265445609 45.0461914536 44.8577248702 44.7080399736 45.1083392195 44.5157684465 44.7244798302 45.1494649354 44.9641219009 45.1375082451 44.5505837218 44.604109372 45.1911361647 69.1691213887 69.8254472486 69.8254472486 78.3680425536 78.3680425536 45.1848364388 45.0808463228 44.9213645359 44.6721619988 45.1462047919
0 0 0 0 0 0 0 0 68.8933493782 56.8406311105 58.0726088448 58.0726088448 58.0726088448 0 0 0 0 0 0 0 0 0 44.5345091007 44.6785370737 45.0100065176 44.6403316357 44.6819393764 44.8190637719 45.0222904784 44.9946941151 45.0231723338 45.0636199783 44.5172997538 44.5083194331 45.1209833383 44.7420729169 45.0831509743 44.9211970953 44.5726082777 44.5513824982 44.5789333938 45.1709303871 45.136024019 44.620034808 44.8099047368 45.2004971831 44.8610241381 58.6238287642 69.8254472486 69.8254472486 78.3680425536 44.7437421533 44.9622227628 45.0484159507 44.9557648113 44.765644537 45.1487921808
0 0 0 0 0 0 0 0 68.8933493782 56.8406311105 56.8406311105 67.0373508753 0 0 0 0 0 0 0 0 0 0 45.1002046317 45.0801667965 44.6751736087 44.7689431491 45.1941762213 45.1141629471 44.531436972 45.0649710448 44.5392352965 45.1584622069 44.6103960418 45.0849626267 44.7787419081 44.6230847511 44.5765030434 44.5428009242 44.9865124871 45.0196424186 45.1787554861 44.9411191944 44.8500295623 44.7287569286 45.0681689191 44.5962935427 44.7818618902 44.7893327865 71.1392004624 70.1546257697 70.1546257697 44.7515467851 45.2006200838 44.5086959757 44.80050868 45.0280577286 45.0841441478
0 0 0 0 0 0 0 67.3651589034 0 0 68.8933493782 0 0 0 0 0 0 0 0 0 0 45.1414800504 44.9192382591 45.0477798709 44.9237204119 44.8465032489 44.7278635916 44.9417263385 44.9789682205 44.8547697787 44.9959352929 45.0759444224 44.6847631104 45.1436830366 44.5424673242 44.7373256654 44.5976770273 64.782704139 45.1083244312 44.8638886917 44.8354929377 62.4241730385 44.7973190147 45.1490902314 66.0826052597 45.092442161 44.5852331436 69.964887439 69.964887439 70.1546257697 70.1546257697 70.1546257697 44.5392181687 44.6985342368 74.7008750387 44.7438913532 44.7639072553
0 0 0 0 0 0 0 67.3651589034 67.3651589034 0 0 0 0 0 0 0 0 0 0 0 44.7953701777 45.0475462536 44.890252268 44.9068022516 45.1996540632 44.624754362 45.189347291 45.0880794812 44.6588445067 44.8029448052 44.853392761 44.8433620554 44.7636491922 44.9777749305 68.9985125666 68.9985125666 77.5931023132 45.0393343052 44.5754805563 44.5203993246 45.1355194019 74.9333825134 67.3098607917 66.0826052597 66.0826052597 57.494170053 60.9851270357 58.1124575019 58.1124575019 66.8740973878 52.2261837199 52.2261837199 44.7944074242 64.0003683809 74.7008750387 44.8682535892 44.5013225512
0 0 0 0 0 0 0 0 0 0 0 0 0 0 0 0 0 0 0 44.6690278159 45.0811362217 44.7705697065 44.5515614707 44.5142950046 45.0782066607 45.1370800225 44.6718398194 44.7849945138 44.5261952504 44.875487214 44.8222219643 45.0739189184 45.0068304998 56.5855722284 68.9985125666 77.5931023132 77.5931023132 77.5931023132 64.782704139 44.9339918359 44.9114686821 74.9333825134 67.3098607917 66.0826052597 66.0826052597 60.9851270357 60.9851270357 58.1124575019 58.1124575019 66.8740973878 52.2261837199 52.2261837199 64.0003683809 64.0003683809 74.7008750387 45.1806496395 73.5730414611
0 0 0 0 0 0 0 0 0 0 0 0 0 0 0 0 0 0 0 0 44.5803314591 44.7814050535 45.1368235501 44.5790500439 44.9052316777 44.9132077716 44.9899368632 44.7201921922 45.0776392761 44.5276491144 44.8950021233 45.1277440645 72.929336158 72.929336158 56.5855722284 68.9985125666 82.5205995279 44.9955251274 44.8779353759 54.3856434406 79.6805421081 62.4241730385 67.3098607917 79.4792138881 66.0826052597 57.494170053 60.9851270357 45.1880170016 58.1124575019 66.8740973878 44.8325888683 52.2261837199 45.0870921735 64.0003683809 74.7008750387 60.5362307585 44.9535900057
