Spatial_Output/BAU/BAU_0911.asc
NCOLS 155
NROWS 192
XLLCORNER 196307.867259
YLLCORNER 449144.565805
CELLSIZE 33.573938
NODATA_VALUE NaN
[rows 111 to 147 of 192, columns 0 to 82 of 155]
0 0 0 0 0 0 0 0 0 0 0 0 0 0 0 0 0 0 0 0 0 50.37929478 50.37929478 50.37929478 0 0 0 0 0 19 19 19 19 19 19 19 19 19 19 19 19 19 19 19 19 19 19 19 38.2327429294 38.2327429294 38.2327429294 19 19 19 19 19 19 19 19 48.4458517176 48.7435021926 48.7435021926 57.9658206987 57.515433496 57.515433496 19 19 19 54.11960248 54.11960248 50.3457843546 50.3457843546 50.3457843546 69.8623763596 69.8623763596 69.8623763596 61.6272600936 72.7799708056 72.7799708056 52.0549806711 48.3274005264 45.9212667635 45.9212667635
0 0 0 0 0 0 0 0 0 0 0 0 0 0 0 0 0 0 0 0 0 50.37929478 50.37929478 0 0 0 0 0 0 0 19 19 19 19 19 19 19 19 19 19 19 19 19 19 19 19 19 19 19 38.4270746661 38.4270746661 19 19 19 19 19 19 19 19 19 48.7435021926 48.7435021926 57.9658206987 53.0601000958 53.0601000958 53.0601000958 19 19 54.11960248 54.11960248 50.3457843546 50.3457843546 50.3457843546 19 69.8623763596 61.6272600936 54.8669950114 72.7799708056 51.132837643 19 52.0549806711 45.9212667635 46.7761859104
0 0 0 0 0 0 0 0 0 0 0 0 0 0 0 0 0 0 0 0 0 0 0 0 0 0 0 0 0 0 0 19 19 19 19 19 19 19 19 19 19 19 19 19 19 19 19 19 38.4270746661 38.4270746661 38.4270746661 38.4270746661 19 19 19 19 19 19 34.1799947469 48.4458517176 48.7435021926 19 19 52.3515771537 52.3515771537 19 19 19 19 19 19 19 19 19 19 19 54.8669950114 54.8669950114 54.8669950114 19 19 19 58.2872506298
0 0 0 0 0 0 0 0 0 0 0 0 0 0 0 0 0 0 0 0 0 0 0 0 0 0 0 0 0 0 0 19 19 19 19 19 19 19 19 19 19 19 19 19 19 19 19 19 62.9216090733 41.2599993649 19 19 19 19 19 19 19 19 19 19 19 19 19 52.3515771537 52.3515771537 19 19 19 19 19 19 19 19 19 19 19 49.3652827551 49.3652827551 19 19 19 19 19
0 0 0 0 0 0 0 0 0 0 0 0 0 0 0 0 0 0 0 0 0 0 0 0 0 0 0 0 0 0 0 0 19 19 19 19 19 19 19 19 19 19 19 19 19 19 19 19 41.2599993649 41.2599993649 41.2599993649 19 19 19 19 19 19 19 19 19 19 19 48.9616343987 19 48.3176716775 19 19 19 19 19 19 19 19 19 19 19 71.1304509149 71.1304509149 71.1304509149 50.3939486649 19 36.34809052 19
0 0 0 0 0 0 0 0 0 0 0 0 0 0 0 0 0 0 0 0 0 0 0 0 0 0 0 0 0 0 0 0 19 19 19 19 19 19 19 19 19 19 19 19 19 19 19 19 19 41.2599993649 41.2599993649 19 19 19 19 19 19 19 19 19 19 19 48.9616343987 48.9616343987 48.9616343987 19 19 19 19 19 19 19 19 19 19 74.4886902666 71.1304509149 50.8613629298 50.3939486649 50.3939486649 19 53.0944765642 19
0 0 0 0 0 0 0 0 0 0 0 0 0 0 0 0 0 0 0 0 0 0 0 0 0 0 0 0 0 0 0 0 0 19 19 19 19 19 19 19 19 19 19 19 19 19 19 52.5582010999 62.9216090733 62.9216090733 62.9216090733 62.9216090733 19 19 19 19 19 19 19 49.8267092214 57.7328477815 19 19 48.9616343987 19 19 19 19 19 19 19 19 19 19 19 74.4886902666 74.4886902666 50.8613629298 50.8613629298 50.8613629298 19 19 19
0 0 0 0 0 0 0 0 0 0 0 0 0 0 0 0 0 0 0 0 0 0 0 0 0 0 0 0 0 0 0 0 0 19 19 19 19 19 19 19 19 19 19 19 19 19 19 19 19 19 19 19 19 19 19 19 19 19 49.8267092214 49.8267092214 49.8267092214 19 38.6069634919 62.3170040658 49.2663037547 19 19 19 19 19 19 19 19 19 19 19 74.4886902666 50.8613629298 52.2379411897 52.2379411897 19 19 19
0 0 0 0 0 0 0 0 0 0 0 0 0 0 0 0 0 0 0 0 0 0 0 0 0 0 0 0 0 0 0 0 0 0 19 19 19 19 19 19 19 19 19 19 19 59.175328052 19 19 19 19 19 19 19 19 55.4496512863 19 19 19 49.8267092214 49.8267092214 57.7328477815 72.0388442233 19 49.2663037547 49.2663037547 19 19 19 19 19 19 19 19 19 19 19 19 52.2379411897 41.0814179366 41.0814179366 41.0814179366 19 19
0 0 0 0 0 0 0 0 0 0 0 0 0 0 0 0 0 0 0 0 0 0 0 0 0 0 0 0 0 0 0 0 0 0 0 19 19 19 19 19 31.7698354549 19 48.6638283794 48.6638283794 19 19 19 19 19 37.061847909 19 19 19 19 19 52.7968971148 19 19 19 19 19 49.5151371164 38.6069634919 19 49.2663037547 19 19 19 19 19 19 19 19 19 19 19 19 19 41.0814179366 41.0814179366 19 19 19
0 0 0 0 0 0 0 0 0 0 0 0 0 0 0 0 0 0 0 0 0 0 0 0 0 0 0 0 0 0 0 0 0 0 0 19 19 49.9438016762 52.5222378525 52.5222378525 31.7698354549 31.7698354549 48.6638283794 48.6638283794 19 19 19 19 19 19 19 19 19 19 19 19 19 19 19 19 19 60.785247566 60.785247566 60.785247566 19 19 19 19 19 19 19 19 19 19 19 19 19 19 49.4168329212 19 49.4168329212 19 19
0 0 0 0 0 0 0 0 0 0 0 0 0 0 0 0 0 0 0 0 0 0 0 0 0 0 0 0 0 0 0 0 0 40.2866744285 50.1485843749 47.113401766 45.6540761946 45.6540761946 45.6540761946 52.5222378525 19 31.7698354549 31.7698354549 19 19 19 43.8181714806 43.8181714806 43.8181714806 19 19 19 19 19 19 19 19 19 19 19 19 60.785247566 60.785247566 19 19 19 19 19 19 19 19 19 19 19 19 19 19 19 19 19 19 19 19
0 0 0 0 0 0 0 0 0 0 0 0 0 0 0 0 0 0 0 0 0 0 0 0 0 0 0 0 0 0 48.2909749713 40.4301407631 30.1653031085 31.8747104965 38.9235670381 47.113401766 47.113401766 45.6540761946 49.9438016762 19 19 19 19 19 19 19 19 19 43.8181714806 43.8181714806 19 19 19 19 19 19 19 19 19 19 40.6169244179 40.6169244179 46.0493414977 19 19 19 19 19 19 19 19 19 19 19 19 19 19 19 19 19 19 19 19
0 0 0 0 0 0 0 0 0 0 0 0 0 0 0 0 0 0 0 0 0 0 0 0 0 0 0 0 58.0115917969 46.0206559006 40.5350229369 40.5350229369 31.1364800045 35.6927342425 27.6894444619 34.2479134203 47.113401766 45.6540761946 19 19 19 19 19 19 19 19 19 52.6879143958 19 19 19 19 19 19 19 19 19 19 19 50.0253736949 58.6386093353 40.6169244179 19 19 19 19 19 19 19 19 19 19 19 19 19 19 19 19 19 19 19 19 19
0 0 0 0 0 0 0 0 0 0 0 0 0 0 0 0 0 0 0 0 0 0 0 0 0 42.8988405735 50.6741216216 50.6741216216 55.892131148 33.8022803894 40.5350229369 40.5350229369 31.569310028 38.0691321594 40.6682356757 54.7063549248 0 0 19 19 19 19 19 19 19 52.6879143958 52.6879143958 52.6879143958 19 19 19 19 19 19 19 19 19 19 19 58.6386093353 58.6386093353 19 19 19 19 19 19 19 19 19 19 19 19 19 19 19 19 19 19 19 19 19 19
0 0 0 0 0 0 0 0 0 0 0 0 0 0 0 0 0 0 0 0 0 0 0 0 0 42.8988405735 50.6741216216 50.6741216216 55.892131148 46.0206559006 33.8022803894 44.4651887959 40.1334576828 30.6332998521 0 0 0 0 19 19 19 19 19 19 19 19 52.6879143958 52.6879143958 52.6879143958 19 19 19 19 19 19 53.1227140306 19 19 19 58.6386093353 58.6386093353 58.6386093353 19 19 19 19 19 19 19 19 19 19 19 19 19 19 19 19 50.9380687828 19 19 19 55.6761534857
0 0 0 0 0 0 0 0 0 0 0 0 0 0 0 0 0 0 0 0 0 0 0 0 0 57.1963571753 42.8988405735 50.6741216216 61.0507506477 50.6089134352 0 0 0 0 0 0 0 0 0 19 19 19 19 19 19 38.1860054366 38.1860054366 38.1860054366 19 19 59.496007824 19 19 19 19 19 19 19 19 51.9618412655 51.9618412655 40.52601835 19 19 19 19 19 19 19 19 19 19 19 39.7518967728 49.8391867744 44.8459934546 47.7858778057 44.509051724 50.9380687828 19 73.7261257762 73.7261257762 55.6761534857
0 0 0 0 0 0 0 0 0 0 0 0 0 0 0 0 0 0 0 0 0 0 0 0 0 0 0 0 0 0 0 0 0 0 0 0 0 0 0 0 19 19 19 19 19 38.1860054366 19 19 62.3169288 19 59.496007824 59.496007824 19 19 19 19 19 19 19 19 58.429188646 40.52601835 40.52601835 40.52601835 19 19 19 19 19 19 19 19 39.7518967728 39.7518967728 39.7518967728 49.8391867744 43.8748374622 50.9380687828 50.9380687828 73.7261257762 73.7261257762 73.7261257762 55.6761534857
0 0 0 0 0 0 0 0 0 0 0 0 0 0 0 0 0 0 0 0 0 0 0 0 0 0 0 0 0 0 0 0 0 0 0 0 0 0 0 0 0 19 19 19 19 19 19 19 62.3169288 62.3169288 59.496007824 59.496007824 19 19 19 19 19 19 19 19 19 40.52601835 40.52601835 46.156552801 19 19 19 19 19 19 19 19 19 39.7518967728 49.8391867744 44.8459934546 47.7858778057 19 19 19 19 49.8617810603 19
0 0 0 0 0 0 0 0 0 0 0 0 0 0 0 0 0 0 0 0 0 0 0 0 0 0 0 0 0 0 0 0 0 0 0 0 0 0 0 0 0 19 19 19 19 19 19 19 62.3169288 62.3169288 19 19 19 19 19 19 19 19 19 19 19 19 19 19 19 19 19 19 19 19 19 19 19 19 19 19 19 19 19 19 19 60.0074289746 48.4344858011
0 0 0 0 0 0 0 0 0 0 0 0 0 0 0 0 0 0 0 0 0 0 0 0 0 0 0 0 0 0 0 0 0 0 0 0 0 0 0 0 0 0 19 19 19 19 19 19 19 19 19 19 19 19 19 19 19 19 19 19 19 19 19 19 19 19 19 19 19 19 19 19 19 19 19 19 19 19 19 19 49.8617810603 48.4344858011 48.4344858011
0 0 0 0 0 0 0 0 0 0 0 0 0 0 0 0 0 0 0 0 0 0 0 0 0 0 0 0 0 0 0 0 0 0 0 0 0 0 0 0 0 0 0 19 19 19 19 19 19 19 19 19 19 19 19 19 19 19 19 19 19 19 19 19 19 19 19 19 19 19 19 19 19 19 19 19 19 19 19 19 19 48.4344858011 48.4344858011
0 0 0 0 0 0 0 0 0 0 0 0 0 0 0 0 0 0 0 0 0 0 0 0 0 0 0 0 0 0 0 0 0 0 0 0 0 0 0 0 0 0 0 19 19 19 19 19 19 19 19 19 19 19 48.6619592652 48.6619592652 19 19 19 19 19 19 19 19 47.0124068566 19 19 19 19 19 19 19 19 19 19 19 19 19 19 19 19 19 19
0 0 0 0 0 0 0 0 0 0 0 0 0 0 0 0 0 0 0 0 0 0 0 0 0 0 0 0 0 0 0 0 0 0 0 0 0 0 0 0 0 0 0 0 19 19 19 19 19 19 19 19 19 36.2288043707 36.2288043707 48.6619592652 48.6619592652 19 19 19 19 19 19 47.0124068566 47.0124068566 19 19 19 19 19 19 19 19 19 19 19 19 19 19 19 19 19 19
0 0 0 0 0 0 0 0 0 0 0 0 0 0 0 0 0 0 0 0 0 0 0 0 0 0 0 0 0 0 0 0 0 0 0 0 0 0 0 0 0 0 0 0 19 19 19 19 19 19 19 58.5162099811 58.5162099811 36.2288043707 36.2288043707 48.6619592652 19 19 19 19 19 19 19 44.6316846424 44.6316846424 44.6316846424 19 19 19 19 19 19 19 19 19 19 19 19 19 19 19 19 19
0 0 0 0 0 0 0 0 0 0 0 0 0 0 0 0 0 0 0 0 0 0 0 0 0 0 0 0 0 0 0 0 0 0 0 0 0 0 0 0 0 0 0 0 19 19 19 19 19 19 19 19 58.5162099811 58.5162099811 36.2288043707 19 19 19 19 19 19 19 19 19 48.7559932046 48.7559932046 19 19 19 19 19 19 19 19 19 19 19 19 19 19 19 19 19
0 0 0 0 0 0 0 0 0 0 0 0 0 0 0 0 0 0 0 0 0 0 0 0 0 0 0 0 0 0 0 0 0 0 0 0 0 0 0 0 0 0 0 0 0 46.7464167402 19 19 19 19 19 65.5931789426 58.5162099811 53.1804687466 19 19 19 19 19 19 19 19 19 19 48.7559932046 48.7559932046 38.6295638141 19 19 19 19 19 19 19 19 19 19 19 19 19 19 19 19
0 0 0 0 0 0 0 0 0 0 0 0 0 0 0 0 0 0 0 0 0 0 0 0 0 0 0 0 0 0 0 0 0 0 0 0 0 0 0 0 0 0 0 0 0 19 57.6332832914 57.6332832914 36.2525811691 36.2525811691 65.5931789426 65.5931789426 59.2609199423 19 19 19 19 19 19 19 19 19 19 19 19 54.6531456974 19 19 19 19 19 19 19 19 19 19 19 19 19 19 19 19 19
0 0 0 0 0 0 0 0 0 0 0 0 0 0 0 0 0 0 0 0 0 0 0 0 0 0 0 0 0 0 0 0 0 0 0 0 0 0 0 0 0 0 0 0 0 61.8322880589 19 45.8188519962 32.6588906607 36.2525811691 36.2525811691 65.5931789426 19 19 19 19 19 19 19 19 19 19 19 19 35.3261067592 54.6531456974 54.6531456974 54.6531456974 19 19 19 19 19 19 19 19 19 19 19 19 19 19 19
0 0 0 0 0 0 0 0 0 0 0 0 0 0 0 0 0 0 0 0 0 0 0 0 0 0 0 0 0 0 0 0 0 0 0 0 0 0 0 0 0 0 0 58.7376624457 63.597518848 61.8322880589 45.8188519962 44.1613722085 44.1613722085 36.2525811691 36.2525811691 19 19 19 19 19 19 19 19 19 19 19 19 19 54.6531456974 54.6531456974 54.6531456974 19 19 19 19 19 19 19 19 19 19 19 19 19 19 19 19
0 0 0 0 0 0 0 0 0 0 0 0 0 0 0 0 0 0 0 0 0 0 0 0 0 0 0 0 0 0 0 0 0 0 0 0 0 0 0 0 0 45.8188519962 63.597518848 63.597518848 63.597518848 61.8322880589 44.1613722085 44.1613722085 44.1613722085 41.3738393826 19 19 19 19 19 19 19 19 19 19 19 19 19 19 19 54.2309917922 19 19 19 19 19 19 19 19 19 19 19 19 19 19 19 19 19
0 0 0 0 0 0 0 0 0 0 0 0 0 0 0 0 0 0 0 0 0 0 0 0 0 0 0 0 0 0 0 0 0 0 0 0 0 0 0 37.9252888101 37.9252888101 45.8188519962 63.597518848 63.597518848 63.597518848 63.597518848 19 42.8789326326 42.8789326326 19 19 19 19 19 19 19 19 19 19 19 19 19 19 19 19 54.2309917922 54.2309917922 19 19 19 19 19 19 19 19 19 19 19 19 19 19 19 19
0 0 0 0 0 0 0 0 0 0 0 0 0 0 0 0 0 0 0 0 0 0 0 0 0 0 0 0 0 0 0 0 0 0 0 0 0 0 37.9252888101 37.9252888101 37.9252888101 37.9252888101 63.597518848 63.597518848 37.9252888101 0 0 19 19 19 19 19 19 19 19 19 19 19 19 19 19 19 19 19 19 40.1234365222 19 19 19 19 19 19 19 19 19 19 19 19 19 19 19 19 19
0 0 0 0 0 0 0 0 0 0 0 0 0 0 0 0 0 0 0 0 0 0 0 0 0 0 0 0 0 0 0 0 0 0 0 0 0 0 37.9252888101 37.9252888101 37.9252888101 44.01078328 56.647320015 0 0 0 0 19 19 19 19 19 19 19 19 19 19 19 19 19 19 19 19 19 40.1234365222 40.1234365222 40.1234365222 19 19 19 19 19 19 19 19 19 19 19 19 19 19 19 19
0 0 0 0 0 0 0 0 0 0 0 0 0 0 0 0 0 0 0 0 0 0 0 0 0 0 0 0 0 0 0 0 0 0 0 0 0 0 43.8704694616 37.9252888101 69.5952949702 0 0 0 0 0 0 19 19 19 19 19 19 19 19 19 19 19 19 19 19 19 19 19 19 40.1234365222 19 19 19 19 19 19 19 19 19 19 19 19 19 19 19 19 19
0 0 0 0 0 0 0 0 0 0 0 0 0 0 0 0 0 0 0 0 0 0 0 0 0 0 0 0 0 0 0 0 0 0 0 0 0 0 0 0 0 0 0 0 0 0 0 0 19 19 19 19 19 19 19 19 19 19 19 19 19 19 19 19 19 19 19 19 19 19 19 19 19 19 19 19 19 19 19 19 19 19 19
0 0 0 0 0 0 0 0 0 0 0 0 0 0 0 0 0 0 0 0 0 0 0 0 0 0 0 0 0 0 0 0 0 0 0 0 0 0 0 0 0 0 0 0 0 0 0 0 0 0 19 19 19 19 19 19 19 19 19 19 19 19 19 19 19 55.3039221979 19 19 19 19 19 19 19 19 19 19 19 19 19 19 19 19 19
