Spatial_Output/BAU/BAU_1007.asc
NCOLS 155
NROWS 192
XLLCORNER 196307.867259
YLLCORNER 449144.565805
CELLSIZE 33.573938
NODATA_VALUE NaN
[rows 100 to 124 of 192, columns 56 to 111 of 155]
24.3091494707 25.4327423732 24.5161420834 24.5022793419 24.78176685 25.5574000297 25.2655713576 72.3972498257 50.1200195246 24.1652283974 25.4979743374 24.3231495084 23.9509844014 24.2255135329 24.5738331893 24.7494938097 24.5404244615 24.8925708789 23.9722583569 25.5545114466 25.1284681297 24.4827296371 25.190236755 24.7126187741 25.6126725495 25.2758752638 25.4542977608 24.9155800547 24.2316007072 24.0549725927 23.9015587517 24.7172873619 24.5277442217 24.4691301521 24.5232910443 24.655094704 24.072970672 24.6008692776 25.0969063475 23.5772248164 25.0312603853 24.8879385094 23.6906552433 24.1155741176 24.3482630071 24.072722739 25.4287847086 53.6104958381 53.6104958381 53.6104958381 24.3118269905 24.5505534698 24.7121554937 23.8901949886 25.1219139801 25.0396939798
58.7710833084 23.8809496219 24.6180173102 23.8413710032 24.9015491258 25.2207337161 23.9814279979 24.8460996509 40.9719108593 25.199127877 23.6258081465 24.9378153118 25.126970799 23.7660890627 24.2710818605 24.6111056567 24.405409987 23.5909949787 24.9733407819 24.7892744741 24.0256839434 23.7112117609 24.4810531236 24.3033480602 24.281032674 25.4724877539 25.5097179329 25.3955189116 24.2952877767 24.1053108921 24.0167218502 25.5296818295 23.948304902 48.8170301924 48.8170301924 25.2534573252 23.7016933213 23.7645269801 24.6871936736 23.7022602872 24.2863245121 25.4673867553 24.3854457735 25.2234601517 24.6979244499 23.7007645606 23.5330017116 53.6104958381 53.6104958381 53.6104958381 44.1740987618 23.7922730744 25.3198261535 24.6675717103 24.0908203521 24.5323434399
58.7710833084 24.6955084721 23.858092029 23.6859221492 23.8605561699 25.5452245832 43.6819321009 40.9719108593 40.9719108593 24.0208389158 24.4655507249 23.9078592402 23.8634883862 25.2108090571 44.4011283098 23.8841271384 24.2830870504 24.562723656 24.3711656276 23.5015358962 25.2751871778 54.997918372 24.7182004176 25.4189835426 25.3412456387 24.3630413858 23.8912194852 25.1234200926 24.3260165863 24.5581487486 24.8391369814 24.1599235002 86.0203134347 48.8170301924 48.8170301924 23.7340961025 24.7687186234 25.4658871294 25.1787614879 24.4010325026 25.4551010217 25.5366957291 24.5404355093 23.939163446 24.2598236855 25.2698418044 24.6348136067 24.9475046145 25.0947306402 25.1466307923 24.7277719546 24.8593973216 24.7895348226 23.8904677042 25.2076813436 25.468533985
45.054327428 24.3987632761 24.7975540526 24.4510022177 25.0215578905 24.4545775205 24.6110020938 23.7026367241 24.8283553964 61.5262913452 24.6396834462 52.5305833122 44.9392876963 44.4011283098 44.4011283098 51.4783535946 50.7433733207 23.7318796765 25.2250218325 25.3150071244 25.1530400688 54.997918372 25.2536951818 25.2625388981 24.3873761017 24.1332023687 24.0898128446 23.6385076035 24.6569299122 24.6293020487 24.8114106785 47.5460046765 62.9156279361 62.9156279361 62.9156279361 62.9156279361 24.5470437384 24.0527874026 24.6507427971 24.571884844 24.2376852886 24.8972235401 23.5042200231 23.7748993143 25.4194414456 24.7596449441 25.3055550097 23.5589143512 23.8872465942 23.5388144863 24.0338062521 25.0923288213 24.7268289465 24.2422952764 25.6050551537 23.7652647866
25.4013959996 25.2331156354 24.4292777631 24.5018698005 24.3838426769 23.7183881446 24.668539693 61.5262913452 24.7366704275 61.5262913452 23.9188814403 24.0935106615 44.9392876963 44.4011283098 44.4011283098 50.7433733207 50.7433733207 74.7096917349 25.4993453054 24.6202319487 24.5943713405 24.8528765286 24.1067828684 24.0201612853 23.8177301142 24.598633113 25.3430785153 25.4802402414 25.2021375328 23.5552663645 24.5486954312 62.6043436189 44.8185562687 69.536917484 69.536917484 45.4570359552 24.8489120836 24.0834378857 23.6909008399 25.4992217954 25.1221946135 25.1302546786 23.5310947994 23.6208396637 24.404178513 25.4280987419 24.0321558525 25.5927428506 24.3915363253 25.5673118718 25.4264755165 25.4399860784 24.4846019672 25.422198214 25.3207284555 25.4072576351
67.2351599746 23.6898437297 25.5833962423 23.998313401 24.9666413783 24.3629289951 24.2871362044 55.6558862056 24.6990518379 55.6558862056 24.1356938376 25.1341186428 23.5852025621 44.4011283098 51.4783535946 23.6491889907 50.7433733207 24.9334041739 24.4414723049 24.9855811999 53.8157570346 53.8157570346 53.8157570346 23.8235281507 25.0508941682 25.3283947073 24.3924208885 24.3085915229 24.4640120768 24.8078501378 24.7395794812 62.6043436189 69.536917484 69.536917484 69.536917484 69.536917484 24.8584882887 25.1391630785 25.4410261123 23.703313807 23.5218660323 24.9601378373 24.4024084062 25.3317662812 24.8104554577 24.0865734007 23.971626216 24.6618705241 23.9366612984 23.9345631072 24.2076522748 23.7914903559 23.6695867382 24.288182931 25.368795415 25.1671847188
66.3562396652 23.8134590596 23.9804347258 24.6307670149 25.241060996 24.281709357 24.7201045213 24.3097647539 57.9848692756 23.7197440756 25.0749814354 23.8723385009 24.2265213976 24.5046700961 24.7007462201 25.2943806106 24.117001089 25.3568923865 24.2725797011 24.6026367061 53.8157570346 53.8157570346 55.8133252269 25.0859785866 24.3516238476 24.8080392029 25.0436253958 25.484745984 24.2771807702 23.7611067528 24.1062574384 24.9627971748 56.9578805486 56.9578805486 56.9578805486 56.9578805486 24.0188897688 24.2724092822 23.7896766885 25.3144991489 25.0747194247 25.3208380102 23.7001078367 25.2195300417 23.66058316 24.443397234 24.472292273 24.7053457378 23.9543682261 24.1276324623 25.6186167421 25.3453581643 23.7787360844 24.1632667288 25.1814868975 25.354767712
55.4601236881 25.5558318353 24.3320439082 23.9049150757 25.1474253382 24.4807374496 25.4171597115 57.9848692756 57.9848692756 57.9848692756 24.9589916486 23.6450179011 24.0119107445 25.1562946218 23.6155258343 24.531109881 25.2137787683 23.8674825485 24.9434632286 23.7508664981 40.701910469 24.2434678794 23.9298813818 25.5527862667 24.1406700493 24.8371132335 23.9686684637 24.8002712005 25.2050987718 24.9769564375 24.2268706054 25.1085770077 24.0842576112 80.9789991455 80.9789991455 80.9789991455 24.3405732892 23.7890482436 24.0088131234 24.5237233308 25.3440852696 24.717369936 24.2712812121 24.0835894053 24.1606370449 23.8565809745 23.6793198226 25.5223009565 23.9344667008 25.1300475041 23.5801421065 25.5427826571 24.0302500865 24.6577797287 24.2287211426 24.1779635882
78.8520422701 24.3645771688 24.1807560455 23.7449169788 25.2972536604 24.8261213847 23.6096697958 46.3549294266 46.3549294266 46.3549294266 24.1978976764 23.6945139255 23.5641590535 24.1630521142 24.9204450489 25.207439381 23.8354854508 23.778321825 25.4144205352 46.7598630109 25.5425730511 46.7598630109 24.4316769663 23.5026276769 23.6715621328 25.4806767074 23.5909306162 24.7546763842 24.5411310619 23.7084610174 24.7796968907 23.6311693307 24.3580931085 61.2472387299 80.9789991455 61.2472387299 24.9113180712 24.3741846353 24.866461924 24.9766158506 23.5185036101 23.6000744158 24.3072541379 24.395865921 25.100381585 23.9916387656 24.6282731349 24.0778840577 24.493695267 23.9491823262 24.5574553946 24.5200631073 25.480875857 24.4475948427 25.2292109622 24.5820168326
41.4838625541 24.9549134507 24.4677229708 24.6809838455 25.0533712751 25.2302559029 23.6194330904 46.3549294266 46.3549294266 46.3549294266 23.6027510891 24.837827525 25.095265462 25.2347538963 23.9176621346 24.8876057228 23.6642175298 24.7901403009 23.7134411868 24.7166946052 39.6662590185 39.6662590185 24.1773584892 23.5915505227 23.6874547258 23.8641034191 35.7540366458 25.6088398465 24.325245913 23.8045929794 23.5286351373 68.5268096492 24.1569267009 58.1249845301 53.9015375751 49.4604137744 25.5407522797 38.8915730817 24.2756954901 24.3143169003 60.1864635124 60.1864635124 25.5437134568 25.3474653684 24.0885095029 25.2966309126 25.5767019725 24.1568611044 23.5412797248 25.3507098152 25.2664152398 23.5028767405 24.0921873078 23.772941333 24.3401866929 25.5211810471
24.484541522 24.1620110008 24.8533761565 25.5123091055 43.2226007629 78.3188467742 24.6212378875 25.3155301646 24.658293674 24.4711659187 23.7901528594 23.7550991391 86.5879091295 41.5188935058 41.0948265244 38.926716762 39.9372827509 67.1510768667 25.1876516277 23.8676002066 48.609394142 23.5801561222 48.3809053762 24.6620906357 48.354155941 51.5039428526 53.2801231137 24.2437679957 25.5637735016 24.418414481 24.9406656496 68.5268096492 68.5268096492 58.1249845301 58.1249845301 49.4604137744 23.5511721112 24.3893448813 25.1269291861 24.0412713209 60.1864635124 60.1864635124 25.5887421797 24.906734914 24.9126878475 25.1080800113 23.7551249057 23.8618524111 24.6483806242 68.0828780825 25.3574905609 24.9643487819 24.6973200789 25.413781779 24.3660986155 25.4481209825
44.6167320584 53.0094365756 24.8310225446 43.2226007629 52.4584400836 49.4215066259 49.4215066259 49.7453013527 43.2277366928 24.0593309565 24.0775228192 86.5879091295 86.5879091295 86.5879091295 38.926716762 38.926716762 38.926716762 67.1510768667 24.0118229464 48.609394142 48.609394142 57.9301575364 57.9301575364 24.8687375081 51.5039428526 53.2801231137 53.2801231137 53.2801231137 23.7697766575 24.0604444923 23.9018877075 68.5268096492 68.5268096492 58.1249845301 52.0667997062 24.5295641784 24.3246074006 38.8915730817 23.5731526255 23.8439509241 24.1033141879 60.1864635124 25.2080454523 25.019990024 23.963294197 24.1536761556 23.566822352 24.5775881684 62.9330547474 24.4032602745 62.9330547474 23.6630970792 24.5135449148 24.0349595325 23.7636888129 24.1137290971
46.4774647937 46.4774647937 40.8866745419 43.2226007629 52.4584400836 49.4215066259 49.4215066259 49.7453013527 45.3777200187 45.3777200187 24.8131192863 86.5879091295 86.5879091295 72.8059581884 38.926716762 38.926716762 39.9372827509 67.1510768667 24.5970025663 24.1998902706 48.609394142 25.2433945722 25.3449280405 23.5322196661 23.761104116 51.5039428526 53.2801231137 25.4595619319 23.535895467 25.1868697556 24.8415657079 23.7240033098 23.6915832647 25.1714818817 41.16332405 41.16332405 24.4195653179 24.3955708453 24.5997361029 25.2687642836 24.3322074051 24.0762227283 23.8140287542 25.3626348958 24.1102597847 23.6355138851 25.5201212082 25.5141982755 25.0651951678 23.6543500914 63.0145037191 24.6322103456 24.0538793465 24.6440296451 24.2909020771 24.5183521031
24.2162890655 46.970990958 53.0094365756 25.4002597021 43.2226007629 78.3188467742 24.1407759595 50.0073346396 45.3777200187 24.7814774047 24.8277756061 23.5656571461 24.7593902765 25.1658504041 24.3184771157 24.0122030598 24.5602666406 25.331264204 25.6198092175 23.8999597048 53.7422092859 53.7422092859 53.7422092859 23.535341936 24.9764053906 24.5925578187 24.5754158888 24.2138931814 24.9464598537 25.2369148985 24.0638634327 23.6461644892 24.584907866 41.16332405 51.0419707216 51.0419707216 24.0340260332 24.1172495723 24.608787805 24.3899969963 23.9596511636 23.8047661238 24.2160198319 25.332239293 23.5818904247 25.3832896868 23.7048439124 24.1032889231 23.9622044934 24.0237470478 23.5400543996 23.5099396343 24.4769716213 25.5522211725 25.37720523 23.8238851591
23.9611435915 24.7669739238 24.8873783895 24.32329334 25.2527314072 24.4898484368 23.9548719993 49.777970258 49.777970258 25.0736262404 24.6748727142 24.0417833526 24.3411023458 24.4349344772 24.3222840779 24.3269342218 23.8449566096 24.0037413295 24.6872024388 23.969636094 24.3527932563 74.2269095623 53.7422092859 25.0697667605 24.2788162749 47.1060977312 24.9358942708 23.541841565 25.5826213534 23.9570729326 23.8809760125 23.693347189 23.8216571533 51.0419707216 51.0419707216 51.0419707216 51.0419707216 25.4621440845 25.2106586045 24.2039315615 24.1547141199 25.4944026936 25.4239659133 24.0013633642 24.9045115587 24.5644863582 23.8358094554 24.8444076637 24.4210210102 24.3846838805 24.4072110123 25.253112944 24.9669724322 23.9268581103 24.795946663 23.6598223793
23.6669255924 25.2729781403 23.5689330496 25.2537377113 25.0577863138 23.5764713103 41.1224558913 49.777970258 49.777970258 24.641224225 24.2140840765 23.5456247017 23.752749452 25.2760813653 25.439220081 24.0543779412 23.6388649754 24.8513724039 25.4135856746 24.2368017447 74.2269095623 74.2269095623 74.2269095623 24.764054625 40.735157237 40.735157237 25.2677757819 23.9863470343 25.0811240952 24.4159176897 25.1148071544 56.756694656 49.3427101307 24.7847911324 63.2565913292 63.2565913292 23.7306236603 24.2051996418 23.7826204817 24.1246484284 25.5731632476 24.0030101487 24.2533553962 24.1235340842 24.2672759922 24.9341175954 24.6054117035 24.6204002715 25.2096062183 24.4348695562 23.9845600896 23.6222786176 24.2487710081 25.3765578781 25.0233881557 24.8627449689
24.9147664433 24.5431563329 24.4497538436 25.1208783321 24.2575525524 25.3579341908 24.6818894181 24.804866616 55.0528884195 23.8362847693 25.5432903361 23.8351768387 24.0247081401 24.8078561968 23.7400931476 23.7714544223 24.2185316966 24.3068513279 25.1492197778 24.0754699005 44.8958729512 74.2269095623 44.8958729512 51.5273308669 23.8513401875 40.735157237 23.6113520022 25.5107172752 42.3256893576 24.8644792355 56.756694656 49.3427101307 49.3427101307 63.2565913292 63.2565913292 63.2565913292 63.2565913292 24.1612939703 41.4339628466 41.5899626955 23.9448170175 25.2235550641 23.944353679 25.0684368801 25.2058705477 24.5784269508 23.9139879496 23.5271598587 24.4460279036 24.5050546093 24.8792820504 54.1967008447 25.2209259267 23.8915476011 25.0552416208 25.534752873
81.2437267455 24.8201488621 47.4341554419 47.4341554419 46.7782425053 24.3634041384 25.3280420473 23.7212216126 38.4030024884 25.4163052695 24.4431711165 23.9972751801 24.6161855938 24.8475280167 24.8216007401 25.4937282691 24.9257455499 25.3748463415 23.8817769765 23.6153601798 24.4077072223 44.8958729512 51.5273308669 24.2089959491 25.4226964762 23.5285669566 24.4688946294 24.9597418939 24.1839595835 23.8906049871 56.756694656 49.3427101307 49.3427101307 45.6637422623 45.6637422623 25.3210489541 64.4858164201 24.6946291345 41.5899626955 41.5899626955 41.5899626955 24.4735205818 24.761471617 24.068134886 24.1023713926 23.7023776094 23.9805216237 25.3269268015 24.3263024209 24.9207730974 24.2397040721 54.1967008447 23.5381040021 25.4291464906 24.7208503191 24.6032246233
23.5869183147 81.2437267455 47.4341554419 47.4341554419 25.1127151367 51.9017137513 54.6038542461 24.0508230822 25.31041586 25.6139290155 24.7233635298 24.0614331268 25.5320389633 25.2646516446 24.597631026 25.159104325 25.2599468684 24.0468883275 25.2367956256 24.4800735217 24.0248848923 24.4047243967 51.5273308669 23.6243429916 25.3820834723 24.8300953734 25.331314833 24.5394265489 25.0599228257 25.1108778895 24.2300694219 25.3684890387 25.5136719897 23.9593804509 45.6637422623 25.188884168 23.600015806 23.6518528936 24.0099173572 41.5899626955 42.2478792458 24.278113732 25.2897287877 25.1472375658 23.8817787589 25.4573334046 23.5833544625 25.2828446631 25.2647226615 24.3564247511 23.8098226786 24.283449299 25.1509827368 23.7319136809 23.8491354434 23.8254374917
25.0655232181 81.2437267455 47.4341554419 24.2536911196 24.7193097276 54.6038542461 24.5675890135 24.4039369256 23.5814048712 24.6164899748 25.166692618 23.9742909681 24.6394776295 24.0091303525 25.1226853844 24.5649655992 25.5035995641 25.0843647138 25.570063347 25.1401881312 23.5655662563 25.1684891756 23.6805167293 24.9424638993 23.5783284487 25.5438464966 25.3790356257 23.8326389478 24.2975352836 24.5876289221 24.1747261607 24.2135002784 24.5081135572 25.4028458927 23.6682392256 24.9659604879 66.5843593409 25.1677864047 24.1477171662 25.0405074081 24.892109526 25.0793294915 24.3479526544 25.0851020049 25.0402724717 25.193517766 24.1528930246 23.6084084537 24.1681260038 24.5304576633 24.9107836492 24.4058572507 24.3508879105 25.4078524538 24.3659954203 24.570032845
24.1979359088 25.2327253484 25.0973224519 24.5086180735 25.0443288353 25.3000178363 42.0070988862 54.6038542461 25.594965562 24.7671748981 24.8375711043 24.3756942584 25.2613474936 24.6240960688 23.6999521719 25.1243777731 24.2024705225 24.7985132122 24.4047555343 24.2057581884 24.7762712691 25.0965776302 25.5305938672 25.0017672555 25.1871613974 24.9721670439 23.8252391618 23.9616858457 24.7077859799 24.866777465 25.2377310117 24.6150650285 25.514860384 24.1935702864 24.4400852915 25.0608484816 25.5923863549 25.0346330227 25.217033333 24.373646303 23.6930273921 25.2741461714 24.2373524122 24.5948526911 25.5118836446 25.1072619774 23.8553879365 24.7987176314 23.6836523249 23.5688717634 25.5552932686 23.6132025065 24.0545170174 25.1508606847 24.7493317217 23.7292911639
23.5403344267 53.6732237471 53.6732237471 53.6732237471 25.4068096333 24.363243107 76.1142466107 24.1616527883 25.3243639375 24.7953937596 24.5402320114 24.1573320307 24.1999669746 24.3700251795 24.0210870988 24.4198768902 25.4663895582 24.911016353 25.4982198804 24.7721691092 24.1730442514 24.6777274618 25.2128977943 61.1473805336 48.8949045277 24.0400273851 23.7841699461 25.1619844446 24.9277028645 25.1188125817 24.6546621816 25.0050581224 23.8621340325 24.645079 24.0930251765 24.0877440259 23.9877821704 25.5509112081 24.8084424495 24.7800425803 23.6778040532 24.5272622874 24.8945494478 24.2258588055 23.735292277 23.6345990761 23.9210547533 25.0082046842 23.5945228148 24.8140269565 24.4615099543 23.6907160878 23.8304625929 25.3337568128 25.5540078775 44.1437595045
23.8725938172 53.6732237471 53.6732237471 73.5840456318 76.1142466107 76.1142466107 25.2941074603 24.7692886886 23.8517694494 24.3190938518 25.3650927314 24.1952772373 25.0131093129 25.4010240325 24.7215014183 23.6168876243 23.7675529935 24.0748005057 23.5272407156 23.9252879608 23.8768636199 24.3131094956 23.745087277 48.8949045277 48.8949045277 48.8949045277 25.3738148595 24.0528383615 24.2812804352 25.3262669456 25.1630253135 23.5259486096 24.4592173682 23.9534392575 24.2645883688 25.5895861344 25.4200668647 23.8006577823 24.2997446947 25.5644262812 24.1241374917 23.9824112742 24.8519684928 24.6769023615 23.7663853507 24.6746342955 24.7421409318 24.5698932005 24.8365827754 25.3210763054 25.4052937121 74.2912112707 61.245651171 51.4727098416 51.4727098416 44.1437595045
24.5248712303 24.8583721574 24.1391780793 36.2428990865 36.2428990865 36.2428990865 54.5193918708 76.1142466107 24.6608769378 25.2075031842 23.9186497672 25.5118715485 24.5336623855 25.2736602979 25.1583298932 24.7597582882 23.5157594659 24.3879436993 24.2261038911 24.4788070797 23.893036156 24.471196774 23.9227146256 25.3126861769 48.8949045277 23.7057370656 25.0738478943 25.3001998763 23.917234228 24.4144429036 24.5028921633 24.2096414596 25.3348958522 23.8165235139 24.9919237435 25.5368141846 25.0782649401 24.9767326351 24.6987857944 24.4863449778 24.2464575018 24.9527373221 23.5484179005 24.7556403984 25.0421295059 25.4163537862 23.9260378219 25.616172167 25.0742478325 23.8676806726 25.164415138 74.2912112707 74.2912112707 51.4727098416 51.4727098416 44.1437595045
24.5748968062 23.6137542426 24.1925497487 36.2428990865 50.1121263971 24.5955316061 54.5193918708 25.0321499158 24.4630021005 24.5917159584 24.3376907212 25.1361418116 24.9073959196 24.5481541057 25.3382496129 24.2791296372 24.6099531986 24.5938562541 25.3461642291 25.3377070989 24.653886578 24.9890711679 25.3821263701 44.3860053678 44.3860053678 44.3860053678 25.0403830551 25.4904659296 23.8259134167 25.0521220244 25.372249418 24.0571682526 24.2116021904 25.4045094508 24.5513752932 24.8514459943 44.5976254789 24.2065606367 24.9749922622 24.5414087626 24.964285986 25.0319768684 23.6392411172 25.4353995641 24.4874277926 44.3150472745 76.8121352687 24.5739010483 25.3535920274 24.1269728515 52.7767255822 74.2912112707 74.2912112707 61.245651171 51.4727098416 56.4205066865
