Spatial_Output/BAU/BAU_0414.asc
NCOLS 155
NROWS 192
XLLCORNER 196769.923733
YLLCORNER 449719.875193
CELLSIZE 27.603701
NODATA_VALUE NaN
[rows 161 to 183 of 192, columns 53 to 105 of 155]
34.9779451031 34.2692622721 32.8452983662 33.2772893177 33.8066229258 34.1257018468 32.8958549944 32.6429551699 34.4472678856 32.5856730157 32.9744707167 32.4533826255 34.8693034831 34.8354481219 31.6265407563 32.928050688 33.909484183 34.9463811609 34.5715435665 32.7706015796 33.3933705844 32.3449686826 33.0427725336 34.5256816024 34.7752652725 34.3309510655 33.0104025633 33.6778895345 32.904274891 33.5864473737 32.6948206656 34.821993897 32.2585625274 33.7121725892 34.0297511126 32.1891489231 31.8778227005 31.7198111093 34.9636320748 34.4222390521 32.0185910742 34.602941718 73.7153358659 73.7153358659 82.6659447643 82.6659447643 32.963745507 34.2704023772 33.3015379045 31.9890982164 32.4238282523 32.6151401963 33.4289366956
33.7304442048 32.9283554215 32.9503879231 35.0065042995 32.2886586104 32.7963545402 32.5853399481 32.0813910764 31.9100264649 31.6642694037 31.8774758486 32.1536976311 32.0869318891 34.4629091795 32.6135224633 31.7312658212 32.8845970649 34.9132763046 33.4381439576 31.6078822531 33.033996264 31.8255570769 34.1684587259 33.6705704699 31.9480166811 32.5399223642 32.8490405107 33.1906063165 32.6924465058 34.7253556266 34.46898107 32.0377946212 34.1334061801 32.8520413566 34.5831043189 33.4166188085 34.7844908955 32.6316398325 33.5782963369 32.2857618322 31.8489492125 32.7437263153 32.0161318881 82.6659447643 82.6659447643 31.9264702232 34.7526759722 32.1959208866 32.0238531135 34.6122251523 32.815356794 34.5129478696 32.157775444
0 33.6255011434 34.9202850833 34.9119872193 33.4513201007 31.786697865 32.3001257697 34.4748291059 32.2059841574 33.4469417817 33.9692049818 33.4312469963 32.8436169056 34.0487855349 32.8602126837 32.5110948439 31.7996340793 32.7103004957 34.9203828945 33.3164037086 33.3716779087 34.9353657936 32.7186676266 31.89609323 31.850933448 34.3811852082 33.7672325902 34.1931554551 33.0009548852 32.434639933 31.6589769676 32.5654688486 34.4846695355 34.9864655507 33.7334900343 32.8296287883 32.7400872362 32.70579229 32.5728049317 32.4090023403 33.2930679418 32.2875568901 34.5310041115 72.4408650711 82.6659447643 82.7958657902 82.7958657902 33.2932317367 32.4127301104 34.4696063639 32.2829864884 34.4668420278 32.0574527157
0 0 0 32.8200111002 34.0582018463 33.3538563965 32.834451784 31.756529422 33.2942653372 35.0036456533 33.2005951906 33.8783490196 33.3765342303 34.0798509261 35.0260814041 34.1170663366 34.4533097625 32.7690909448 32.6780684997 34.6482861025 33.8015558467 31.5478724702 34.2926536262 34.4464928973 34.8207196946 32.8403941751 33.0994139334 31.8864117634 31.6503616763 33.2594455648 32.4612337999 32.8057637442 33.7088725831 34.4173867891 31.9914995519 32.5973745071 32.0995578722 32.1195750967 34.1964107334 34.0183938937 35.0255863893 33.8706651451 32.5987867502 32.1085971345 54.3144326399 54.3144326399 54.3144326399 32.6746150066 32.5825334566 32.2190053057 33.0445700341 34.11278526 34.0041248589
0 0 0 0 0 0 31.5201810868 32.976836149 34.0631465653 33.6919497014 34.6911555384 32.1885670111 33.4265498526 35.0321021665 34.7163702539 34.6964835809 34.8242728775 34.6185372499 33.2686412188 33.0015278376 32.8114188713 34.5411390574 33.8743427651 32.7329598104 34.0255417966 34.1490663369 31.9257317305 32.3211784829 31.5982280455 33.3797456342 32.1013320515 33.3294265763 34.9842340256 32.9180373551 34.4676733113 32.8696834573 33.807109276 31.8637638334 33.0513763892 33.3879667418 34.9532244303 31.7464454501 32.0714642857 31.9445433199 55.266600197 54.3144326399 55.266600197 32.4682798826 32.2350626221 31.5592235162 31.6266103426 31.8235321795 34.3675824258
0 0 0 0 0 0 0 0 32.879070036 34.1775991603 31.9408438943 32.7448093624 32.5076024907 33.096597426 33.7663265863 33.9721165905 34.5390827957 0 34.662007228 33.9436187581 34.2848399235 33.9493455372 34.3755646973 32.4615814849 33.5303413786 34.8282120467 33.5982329894 31.8875398521 33.5862045767 34.1222207603 32.7144571456 33.2424452566 33.427167858 33.7357837222 32.3001207774 34.4231013737 33.6287833606 32.0970020885 32.3669009498 31.8493628268 34.7511645178 33.328999351 32.9697531945 34.2152640968 32.1138317687 55.266600197 55.266600197 55.6300660299 31.9075664657 32.8744046379 32.1021681261 32.9096561451 33.9770356117
0 0 0 0 0 0 0 0 32.616947628 32.7468542606 62.0714235041 34.2469570776 33.5577059729 31.6525741117 31.5826494674 33.8009034378 0 0 0 34.5247766285 32.6145333004 32.4103821517 32.3503331625 33.1997816349 31.6984963141 33.7563318733 34.3872520824 31.6968913968 31.5233677743 34.7486606591 31.7489988125 32.2964313031 34.2913585809 34.9145447433 33.4161024318 34.2636410827 33.2821654324 33.0250285651 34.9603759403 34.8208900367 32.0792757885 32.722884877 33.8801831366 33.7043268039 34.2163699699 32.0904074132 31.9263389723 61.5056641761 42.5566942883 33.1261225587 34.5800059135 32.0867416521 33.8623499628
0 0 0 0 0 0 0 0 32.5936482312 32.7422141705 32.7422141705 75.8367378797 42.0614309462 42.0614309462 42.0614309462 0 0 0 0 0 32.118073973 34.7184145905 31.7802348971 34.1962482961 31.6527823396 32.1833233543 34.3160599906 34.0254363382 32.6977519168 34.8266877368 34.2422669136 34.6750509545 33.4042963717 32.1642814074 31.9544293551 32.0613378659 34.2003217899 33.6862693586 32.3095027848 34.5030812059 34.0365518151 31.8872168501 33.9041700955 33.0707754431 34.9685260532 31.9811757446 34.975981773 61.5056641761 60.6155192792 32.066503219 33.8461760103 33.0338813608 32.3935527217
0 0 0 0 0 0 0 0 32.8265574591 32.8265574591 32.7422141705 32.8265574591 62.4197673466 66.8613165459 53.1365914182 0 0 0 0 0 32.0163951946 32.4339127664 31.8061971021 32.4711037477 31.8585260033 31.6470005329 35.0005643748 32.7516242217 34.7488180286 34.3627738107 32.0237489058 32.9496918993 33.8097468453 33.7070866206 32.126625184 31.6683991846 32.36557581 31.7078052484 34.0368818588 31.8954632001 33.4944399856 34.9288731677 34.5556153647 31.7073684091 32.1204174651 34.2147426309 78.3895355035 78.3895355035 78.3895355035 34.7508539062 32.0467942339 31.7883470925 31.9034944388
0 0 0 0 0 0 0 0 61.947384447 32.8265574591 32.8265574591 61.947384447 53.1250699334 69.7874703258 61.629315841 58.0955981844 0 0 0 0 0 33.3098488727 34.4025464628 34.4311717767 32.7255571526 34.2380151034 34.6444136876 32.6853132227 33.595933365 33.9039910629 32.2596196321 34.8436615064 33.6234877493 33.1945319122 32.0135425989 34.5016866783 34.9593449195 32.6697959431 33.5982653759 34.6722481108 33.382442137 32.0970725723 34.4913148469 31.9416637088 32.255050281 32.1440293374 32.7482742514 66.3898151912 66.3898151912 66.3898151912 34.028940263 34.9806094967 31.6981784847
0 0 0 0 0 0 0 0 33.8065910441 61.947384447 61.947384447 33.8065910441 59.595452213 68.0188065916 63.4487644075 71.3938233398 0 0 0 0 0 0 31.8023829675 31.7994895101 32.5298466236 31.8573997423 33.1800217756 31.8285372624 34.5917293508 34.7366878726 34.5150733228 34.4897947797 32.9969359148 34.9127899451 33.4969084463 34.0012540197 34.8616924006 32.7956406003 33.9627034666 34.8931922384 34.0562997032 32.5602550479 33.8238738594 32.6512749357 33.1708253031 35.0121628038 32.5939816847 66.3898151912 66.3898151912 51.4797757283 33.6034945541 34.1356694151 34.0779973335
0 0 0 0 0 0 0 0 32.6949214143 32.6949214143 32.6949214143 32.6949214143 0 0 0 0 0 0 0 0 0 0 0 32.9256563021 33.8099073499 33.1304968479 33.1572309588 32.5032960463 31.5492628632 34.5697154669 33.2016085849 31.5109180485 31.623331884 33.4225785516 33.080980127 34.277194804 34.5997253989 33.3419326507 34.5860993684 33.6647090507 32.1621004221 32.5178337673 34.210482073 32.2779900608 33.6068588856 34.3489247494 33.2545630315 33.2531948128 25.1726399271 24.9008139588 24.9008139588 34.8257261136 33.9932537684
0 0 0 0 0 0 0 0 32.7751405337 32.6949214143 32.6949214143 32.7751405337 0 0 0 0 0 0 0 0 0 0 0 0 34.6175917147 32.4731082407 34.5027744246 31.5233727237 34.8541766191 31.9827150777 34.3000063417 33.1887112267 33.2264850073 33.2969675122 34.8972335504 32.4799262284 31.7386606618 33.2850589239 32.1660950053 32.4115410777 31.6621535819 31.6748495837 31.575212696 33.4927433613 32.686357506 33.1040873819 32.3286876326 33.85030543 24.9008139588 24.9008139588 24.2958503092 33.2021374384 33.9266906682
0 0 0 0 0 0 0 0 0 32.7751405337 32.7751405337 32.6960050135 0 0 0 0 0 0 0 0 0 0 0 0 0 0 0 0 0 0 32.7312870757 34.5011328069 33.4123923029 33.3405557727 34.0635094499 34.1815247187 34.0130277478 34.1426653019 33.7945543258 34.5062634259 34.6503487254 31.7218065879 33.1585603081 34.9416789624 34.7293554612 32.8688416681 34.0650983987 33.1899115235 24.2958503092 24.2958503092 24.2958503092 54.7461537486 33.9074965621
0 0 0 0 0 0 0 0 31.9209637752 34.4518305793 34.4518305793 31.9209637752 0 0 0 0 0 0 0 0 0 0 0 0 0 0 0 0 0 0 0 0 0 0 32.8709593075 32.5274303149 33.0050187729 34.2780097405 33.3353442821 34.2159702266 32.5996606713 33.2976987695 31.7160571266 34.6451340808 34.9069364245 32.8790381018 32.9161470385 32.7407297465 33.9603468872 24.8233079011 24.0730078588 66.0492755543 33.7810749843
0 0 0 0 0 0 0 0 0 34.4518305793 34.4518305793 0 0 0 0 0 0 0 0 0 0 0 0 0 0 0 0 0 0 0 0 0 0 0 0 34.7579216064 33.1261284486 31.7973804847 32.4699000595 31.7701437732 34.3437876296 33.9772262451 32.3041840457 32.7524136826 34.3710797461 31.6575090849 32.7446910494 34.2507171724 35.0237570664 25.0542995467 25.0542995467 25.0542995467 25.2532043898
0 0 0 0 0 0 0 0 0 33.2789968721 33.2789968721 0 0 0 0 0 0 0 0 0 0 0 0 0 0 0 0 0 0 0 0 0 0 0 0 0 32.692718554 33.0925157736 33.9910435836 31.7895971759 33.3771191476 32.8324685137 31.5421771706 31.9456209953 31.6882669224 34.5377282854 34.9823350453 31.6576008862 34.9509477009 25.2466150236 24.253847048 24.253847048 24.253847048
0 0 0 0 0 0 0 0 32.5932445136 32.5932445136 32.5932445136 32.5932445136 0 0 0 0 0 0 0 0 0 0 0 0 0 0 0 0 0 0 0 0 0 0 0 0 0 32.3076171504 34.4415435682 32.6164970315 31.9943886736 34.4438304744 33.4831976595 34.1704667176 34.3973805076 34.3157655905 32.7326683714 31.7564561922 31.5913514703 32.4297998435 24.253847048 24.253847048 50.0998486455
0 0 0 0 0 0 0 0 0 32.5932445136 32.5932445136 0 0 0 0 0 0 0 0 0 0 0 0 0 0 0 0 0 0 0 0 0 0 0 0 0 0 0 33.094429517 34.600142981 32.8823657989 33.9892404632 31.8275662114 33.7745194341 32.8122607508 32.5160080427 33.3259012357 34.3324927841 32.2836445239 31.6145302426 50.0998486455 50.0998486455 23.7185330418
0 0 0 0 0 0 0 0 0 0 0 0 0 0 0 0 0 0 0 0 0 0 0 0 0 0 0 0 0 0 0 0 0 0 0 0 0 0 0 32.2648754493 33.7609505145 32.6954904771 33.1847837474 32.0577471048 32.9282428384 33.3484815236 32.6247915654 31.8107313317 32.291518963 34.3920133727 32.2761708325 23.5947367178 23.5947367178
0 0 0 0 0 0 0 0 0 0 0 0 0 0 0 0 0 0 0 0 0 0 0 0 0 0 0 0 0 0 0 0 0 0 0 0 0 0 0 0 32.2490388498 33.5493983531 34.1315735101 34.4093006943 35.000117014 34.1778884525 34.0350185225 33.9605738709 33.3221278035 31.6931237095 33.7946437669 23.5947367178 23.5947367178
0 0 0 0 0 0 0 0 0 0 0 0 0 0 0 0 0 0 0 0 0 0 0 0 0 0 0 0 0 0 0 0 0 0 0 0 0 0 0 0 0 34.0910414128 34.3442868535 34.4508575595 34.1658435387 32.9665448672 31.5179507564 33.4191893775 34.2024454637 33.799006724 34.5491255322 34.3984859839 60.2351786057
0 0 0 0 0 0 0 0 0 0 0 0 0 0 0 0 0 0 0 0 0 0 0 0 0 0 0 0 0 0 0 0 0 0 0 0 0 0 0 0 0 0 32.3401945934 34.130466762 33.9930621645 31.9566533652 34.6836833384 31.861153137 34.0870562952 32.5856113691 31.7241052419 33.0864807942 25.4673069752
