Spatial_Output/BAU/BAU_0356.asc
NCOLS 155
NROWS 192
XLLCORNER 196769.923733
YLLCORNER 449719.875193
CELLSIZE 27.603701
NODATA_VALUE NaN
[rows 23 to 45 of 192, columns 53 to 105 of 155]
36.3131936038 37.1745909825 36.1680188155 36.2528387233 36.2706784897 62.8274909827 62.8274909827 54.1843321594 54.1843321594 56.4258149242 37.3946679857 36.2507211976 36.1458306714 36.4929901626 36.9873841004 36.3058420013 36.3618060823 36.7503412676 36.114481151 36.9178818041 37.247567886 36.5402174861 37.0605512063 36.9657937126 36.9127356213 36.5363572762 37.3352052755 37.2599004243 36.1742233327 36.740552028 36.2181878413 37.0392670977 36.5203110692 36.0134215376 36.5385489285 36.463109729 36.525102387 36.6465268466 36.6534161557 36.1094223084 36.2718657849 37.1942878096 37.0424956579 37.063180706 36.2055781909 36.2674272635 37.1762400803 36.2419714372 36.3431757243 36.7188917935 36.5403808104 36.9337974492 37.330947852
37.3179995753 37.3930625017 36.0407032602 36.7306532067 37.374575119 65.9507558754 65.9507558754 65.9507558754 37.277676866 37.2515343526 37.1957436056 36.2669861277 36.5392650713 36.8488592704 37.07389385 36.6135054763 37.3410080506 36.4966064412 36.4499309809 36.0697882646 36.888009212 36.9417829747 37.3193504315 36.1985938355 36.4677031148 36.511995347 37.0570339887 36.4427490515 37.1434776486 36.3456065186 36.0051573344 37.4016813073 36.7457936114 36.2422201097 36.4019408778 36.5274380783 36.4015166129 36.4527288569 36.6827815684 36.6178137216 36.0841684307 36.5242020076 36.6824544289 36.7280737849 37.257424442 37.2913435476 36.6293621418 36.136258831 36.1974633421 37.30334089 36.3400869266 36.2894094827 36.095346584
37.2600524208 36.7951735607 36.4748278915 36.2492291713 99.8206491713 99.8206491713 65.9507558754 65.9507558754 65.8148303931 36.4266196594 37.307427654 36.585377421 36.3575878166 37.2324899142 36.9293972508 36.4692284453 37.3856058959 36.1466138574 36.3015934934 37.3215886707 36.7272995174 37.0524155593 36.0873344362 36.6975284854 36.8068031281 37.1084075227 36.022202629 36.0060247525 37.0822712886 36.8195950047 37.1652947362 36.0893013354 36.4316452227 36.243889091 37.2611924766 37.1001485375 36.6847137293 37.413734242 36.3786006766 36.7490722386 37.236779601 36.3264507482 37.1925050597 36.0197456289 37.0121746498 36.9105990381 37.3824972767 36.1593342269 37.0315138387 36.5119813359 36.2090875325 37.3805272001 36.7947748302
37.2213679087 36.1515967653 37.0961608166 36.5258451489 56.7487655762 56.7487655762 99.8206491713 36.0714526024 36.981045056 36.3303456082 37.2796938477 37.4048902592 36.2524262529 36.0899911261 37.1413263179 36.9713231342 36.8826684271 37.0402482584 36.0489492661 37.0874703501 36.1169050848 36.2731022278 36.1836023241 36.5740307011 36.0987191345 37.149431227 36.3754542815 37.2691136804 36.5924802181 37.2534554641 37.150122517 36.3177384325 36.6499136609 36.3388158601 37.1848892364 37.0476233542 37.1038480405 36.5501531314 36.1236979226 36.3334709415 37.2090076554 37.0704341669 37.2072643407 36.9690398383 36.6258513144 36.0399395095 36.1450325356 36.5842949308 36.5628334429 36.0163444993 36.6360325507 37.0652440875 37.1689399106
36.2679678307 36.3361412531 36.2237318103 58.7174726828 56.7487655762 56.7487655762 45.8588944927 36.4585862114 37.2316764314 36.6188480632 36.9702067931 61.0346119721 36.7831917915 37.0382405043 36.1022929238 37.1571978515 36.4590627988 37.1298184588 36.3625956449 36.1001289898 36.8695514385 36.9204581037 37.0214003299 36.9902815589 36.8441296177 36.7749291525 37.1257572145 36.0959980156 36.0710442598 36.8180436421 37.1261319233 36.7221734697 36.3997865102 37.2454339241 36.7335490445 36.2637584757 36.0848132939 37.1817722362 36.1930710735 36.6519133306 36.7792108185 37.3434228238 36.1402996064 37.019996583 36.2639565524 36.143784235 36.8162342951 36.2959056668 36.470216994 36.2817495546 37.4065101026 36.3215379869 36.6029450927
36.3016891207 37.1156533356 36.3087886625 37.3982677407 58.7174726828 58.7174726828 36.9828835651 36.7491329303 55.9830055233 67.7099728269 61.0346119721 61.0346119721 36.3050498965 37.4064780679 36.0767833869 36.9208255068 37.1325276284 37.2870160261 37.2749189248 37.0374664604 36.3741402337 37.0425966471 36.9329874598 36.956632346 36.8965456127 36.3422494628 37.0799886552 36.6738467873 37.2929024794 36.8731714297 36.4112102414 36.2573072766 37.1428355676 36.609037484 36.4545657694 36.3828023801 36.5531672377 37.3448366061 36.3991849091 37.0611514097 36.7652724286 36.0537793102 37.3267379624 36.1939147565 36.2978793987 36.8487224191 37.3166140484 36.2827679427 37.3773131571 36.5004930419 37.3975784046 36.0020860418 36.0134910815
36.5309685435 36.5514905684 36.571620217 37.2142727017 73.329907332 73.329907332 49.6700929638 67.1539870819 55.9830055233 67.7099728269 67.7099728269 61.0346119721 61.0346119721 36.772930975 36.0353065483 36.552317211 36.4852185418 37.0729802936 36.6002052901 36.1262306107 37.1549477915 37.3448172265 37.0181308721 36.6963382949 37.2531276464 36.1591779809 36.5437237393 37.3340907286 36.3224488438 36.167410489 36.1234131619 37.2637766284 36.8370228535 36.3348671346 37.364959004 36.8879731794 36.6383644738 37.3404409424 36.266764872 37.4007614484 37.295772443 36.8226952354 36.5706478401 36.3014520028 36.0429020389 36.1230618034 37.3391274443 36.6835622282 36.1997979732 37.0660321829 36.6609610965 36.3758851127 36.5276269506
36.0783434863 37.2425938339 36.2094954147 36.0095896433 73.329907332 73.329907332 73.329907332 49.6700929638 55.9830055233 55.9830055233 67.7099728269 71.1680296121 71.1680296121 37.3145807855 36.8780846734 82.7921975939 37.1584220201 36.9096473255 37.0426612843 37.0440162662 36.6130208119 36.8295061221 36.1744765765 36.4659569879 37.0555934357 36.8943536146 36.8444586345 36.1672714025 36.4133919967 37.1617297616 36.8385277914 37.0977204697 36.1508436252 36.968364816 36.7667372463 37.0280179894 36.6074204957 37.2197889073 36.2607832333 36.6065293222 37.3409591442 36.5561554062 36.718483953 36.265516973 36.8476266885 36.3174255614 36.7239019623 36.071444761 36.7517057024 36.2713226197 37.2290649726 36.5781831302 36.7898973753
36.5254814956 36.7382214337 36.2269560251 36.8160644534 48.1601961859 80.8618356575 49.6700929638 49.6700929638 77.3101212807 36.581769563 71.1680296121 71.1680296121 37.0477536969 37.1119682731 37.2264047889 36.1104067283 36.5883806707 36.3211488836 36.759487745 36.8090490859 36.3905453373 36.9419396696 36.3666331267 36.9629389504 36.3140488869 37.0474760808 36.1892069119 37.331372781 36.8504335137 36.3632222043 37.2348270972 36.1864289209 36.3615219937 36.1051177873 36.538429377 37.1158872705 36.2384493347 36.6974712427 37.159074913 36.0214068679 36.5870125508 37.0214490794 36.18598655 37.2712390101 36.1967613938 36.0186654634 37.3682367105 37.0761659905 36.0680971767 37.1720757808 36.3815329847 36.5593746297 37.2989773446
37.1562175253 37.0857890191 36.8015065274 37.1657076299 37.3186677252 60.1651846491 48.1601961859 37.038669978 36.1306974128 36.9392030797 36.6785274266 36.5914216752 36.9876160956 36.9024577249 52.0994779369 51.9308623895 51.9308623895 58.0160820596 36.2688712807 37.1031803374 37.3604879353 36.420846607 36.2537254389 37.1178647886 37.0036424892 37.1602712826 36.5925957129 37.142381967 36.2049640024 36.4803611396 36.7118115392 36.0120570884 37.0177874809 36.7565662325 37.2858843256 36.545703484 37.3561730721 36.8458305746 36.793265925 36.3562424466 36.0003144862 36.3240559289 37.3876413007 36.4163814259 37.2018411625 37.2562963451 36.9025915872 36.3741487934 36.1252277387 36.5003239248 36.1006903329 36.4620530825 36.6957738924
36.8458271963 37.2820610616 36.242109449 37.2089940536 60.1651846491 60.1651846491 60.1651846491 36.7392650723 36.372241248 36.8215972651 36.9197465037 36.2824271501 37.1780839884 36.9274146486 36.9408742853 51.9308623895 51.9308623895 58.0160820596 57.083085903 57.083085903 36.5954525421 36.6301894179 36.8807318289 37.1307648321 36.5841215393 36.224181739 36.9025996704 37.1849886266 36.6913700076 36.9888079831 36.8619314439 36.5923702357 36.6955460556 36.3491250524 36.933481961 37.0503547818 36.5732027346 37.3263869222 37.0737853654 37.06475903 37.272899254 36.0547962523 36.698022054 37.1663832336 37.0844469488 36.5436546504 36.6367449692 37.1093942666 36.1261527497 36.1352551892 36.6335240135 37.3009856162 36.3134637952
36.2462309533 36.8088847653 36.6868738356 36.9175477221 50.1818722836 50.1818722836 50.1818722836 37.2971230241 36.3507263122 37.1792383431 36.3129529407 36.9331523766 37.3371253386 36.9780072794 37.2802851537 57.8854438663 36.5617063291 57.083085903 57.083085903 43.9902752183 37.2706619066 37.1680529606 36.5946294073 37.1155917951 36.3770718743 36.113731921 36.5357165403 37.39129288 37.0824337015 37.3379032615 36.1723728833 37.0892624954 36.1764448415 36.4758374711 36.9410723996 36.0184448605 36.8694834885 37.3752733548 36.7652240303 37.2946694151 36.0892425895 36.7927873627 37.087474695 37.1459317784 36.3731695617 37.3701774619 36.9484535215 36.332279017 36.7363873931 36.9808935231 36.537736147 36.0161932829 36.5894629323
36.0307076191 36.512534657 36.7447405964 36.9672094956 53.7929666759 53.7929666759 53.7929666759 37.2179627173 36.6406898752 36.4714979176 36.0734445932 37.1496875186 36.0101790534 36.2708595206 36.1238386398 36.3556340324 36.4564320177 57.083085903 57.083085903 36.762243325 36.5068995831 37.0650979747 36.2141659519 36.6856804196 37.1255485904 37.357898893 36.0548663209 36.9579264201 36.5125776992 36.2868015176 36.1865995985 36.386519702 36.8162397423 36.8829555448 36.2515278476 36.7849777547 37.2136614908 36.0239364495 37.166385366 37.2272807835 36.946859441 37.0680819629 37.0075982395 36.8394606772 36.1387452495 37.2976372316 36.9940696868 36.3229996751 36.9936652991 36.1633450646 36.5877862078 36.4713633986 36.0087435856
37.0484798612 36.4228888685 37.3467067594 36.7912375741 47.0596325558 45.8088823349 45.8088823349 45.8088823349 36.9374489358 36.8764046002 37.2148580918 37.0426534899 36.2275902714 37.1111309451 36.6396633304 37.2812711839 73.6771026326 36.2262622615 36.3473539809 37.1922737184 36.4769926875 36.0038831568 36.8942650462 36.430150615 36.6484341776 37.021301484 37.393360705 36.6757287466 36.3381758852 36.202121909 36.8996646255 36.4256819445 36.762306076 36.5846739625 36.474510511 36.6451365357 37.3487418366 36.4584052918 36.8028742462 36.864458408 36.7884708866 36.2222245771 37.3311644385 36.0250748945 36.1382182579 37.0272619714 36.1141882573 37.2228745542 36.9797343053 36.5699649798 36.3402214287 37.0966903174 36.7809334133
36.7646074334 36.8116050817 36.2596475688 37.0356686918 37.0608071479 45.8088823349 45.8088823349 71.9524371338 37.2607972703 37.2789701487 36.09009157 36.0875607548 37.1420496609 36.6669795492 37.3014922105 36.3868465401 73.555322125 36.0540373774 73.6771026326 36.9875067967 36.8776101715 36.6357512933 36.8337461676 36.292931211 37.201594299 37.3979198015 37.3110172532 36.8695265044 37.1722844646 36.6914605831 37.4011528345 36.9774048373 36.2846862805 36.0501017602 36.5476363432 36.8717145344 36.5249517151 36.6089837792 36.6421318244 36.6560630696 36.1681702945 36.6868820822 37.2361229534 36.2049064735 36.1721315692 36.9984602813 36.2804972836 37.2082115644 37.2030741598 37.093034867 36.0607866012 36.7419252276 37.3629529768
37.3604591206 37.0756166081 36.6625754603 36.506309828 36.3022798479 37.0456693296 57.9018589089 57.9018589089 36.8167187268 36.4756781656 37.0789578258 36.4492021871 36.1981458092 36.6280142056 36.7318475327 73.555322125 73.555322125 73.555322125 37.2637661508 36.5262427587 36.0641802401 36.5788854975 37.3099381626 36.8700500754 36.622409942 36.2422838066 36.0918331832 36.4441792993 36.9338572289 36.0143848309 36.7578369349 37.3362200649 36.3725700411 37.2317934137 37.0407838066 36.7974436478 36.8412869755 36.1991827902 36.3719268267 36.5641689549 36.2296280087 37.1201013129 37.2740444593 36.9946060633 36.178880759 37.2200380117 36.3639801903 37.1572544613 37.2536600333 36.2160645316 36.4992002078 37.3380202445 36.9523759434
36.9650872976 36.2707131423 36.6864478489 36.3926172178 36.0975730584 37.1987072707 63.9420912033 63.9420912033 36.2412527577 36.9123714217 36.6608447427 36.5386712503 37.2744210829 36.6077322834 37.0497114336 36.4470946748 58.9449399378 36.3783121952 37.1039350538 37.1868823498 36.1178229018 37.0198412092 36.7348675384 36.6876558904 36.3738499198 37.3813251 36.6069107603 37.0517677678 36.3486800598 37.0175027694 36.3997280902 37.2057574161 36.9946681718 36.066606213 36.040883811 36.9299107863 36.1069754172 36.6859836855 36.3153073441 36.4598193086 37.0287052267 36.3217511492 36.5257260966 36.9068329152 37.196276115 36.4673165204 36.0112519213 36.4997472056 36.3242242051 36.750888619 36.2755726047 37.1765041323 36.3494693324
36.7355614056 36.0709819815 36.3279432305 36.1940922906 36.7230543683 63.9420912033 63.9420912033 63.9420912033 37.3247192036 36.6831410431 36.1253910274 36.6743925031 36.5505219405 37.2063869494 36.8384998363 64.5872652169 42.9074219929 64.5872652169 36.1771002773 36.9314841272 36.8141278255 37.3123895743 37.0863399331 36.1686405457 37.3875295606 36.6548565569 36.5993112403 36.4387321598 36.9706014581 37.3559056027 36.5481947641 36.7595270454 37.0654757619 36.1789750915 36.5090256065 36.3603438459 36.5551146262 36.5980317502 37.0304818596 37.0399267849 36.034034671 37.1226184906 36.8404266646 36.5999771521 36.840960583 37.2000270316 36.5963740742 37.1039281547 36.3437750206 36.4129280358 37.2408376414 36.8974992411 36.2447187128
36.5671819641 36.614391885 37.2616555589 36.4877736631 36.8529020251 36.9369594737 36.3947995038 36.2855470567 36.2769706387 37.1435435737 36.3539108651 37.2283398825 36.339948837 36.0552580162 36.5482371789 42.9074219929 42.9074219929 42.9074219929 36.9927927798 37.0302916982 36.8476720592 36.3177312069 36.5351217241 36.1186152132 37.0492785054 36.8791833444 37.0811445526 36.8134428277 37.0359221607 37.3325609214 37.194515844 37.1339006651 37.1165035033 36.449291059 37.0233661163 36.0500199765 36.9852219224 36.1576957937 37.2478319849 36.7419669266 36.544385005 36.6336524729 37.3031817009 36.0009383069 36.856593857 36.0809335432 36.7889789204 36.3307468072 37.1510474202 36.1936266649 37.1545999451 36.4588215091 37.017890954
36.1953833578 36.910785534 50.9425047508 51.9180423954 49.533522034 37.3466920225 37.2850668661 36.7620834289 36.2909186127 36.0578073879 36.5393911486 37.1569544416 36.6349998567 36.8121153944 36.88019978 36.0719298676 76.5210697168 76.5034760218 37.10284479 37.4083466521 36.6135675623 36.4052817109 36.6922168526 37.1097155641 36.6448139621 37.3241601387 37.1000191084 36.0133284105 36.3506874628 36.6536064695 36.2952206084 36.7221846603 37.0028509232 37.0858501257 36.9991912385 36.3564989 36.3880310814 37.4054501579 36.0243220472 36.0903262145 36.4689834347 37.2919183094 36.5567077999 36.6585315655 37.4048416548 36.7704814019 36.889156613 36.3863485938 37.3336321278 36.331530952 36.2444400771 36.7392573757 37.0743459436
37.3366312183 50.9425047508 50.9425047508 49.533522034 49.533522034 49.533522034 36.4413634996 36.4521949069 37.0341041355 36.795119254 37.0502842543 37.0908108614 36.6100345338 36.1309891144 36.6589222255 76.5210697168 76.5210697168 76.5210697168 37.0769517569 36.787465326 36.1191506761 37.0681014742 36.6918594459 36.4673626689 36.7152604654 36.7738309571 36.0966586871 36.6954023764 37.0619953213 36.74289645 37.2462398465 36.3359653954 37.1226140529 36.3760203787 36.1994218033 36.5620950303 36.7670860105 36.6845627417 36.2729061741 36.037924583 36.0872381303 37.0103431952 36.4096601475 37.1122626539 36.3071184804 36.4643771661 37.1770123481 37.2156972938 37.3226774371 36.5976520312 36.7218075561 37.319698768 36.7939501449
36.7115362785 36.1532929484 50.9425047508 51.9289793562 49.533522034 37.1349310979 36.1789641175 36.6729905646 36.7279472484 36.4470283384 36.0748483439 36.6060779089 36.6329401234 37.2628647817 36.6414516174 36.2500663532 76.5210697168 82.5659309932 37.322365426 36.1194898503 36.5562140805 36.9142397917 36.7955757717 37.3689961254 36.0179909146 36.7517345188 36.7330027301 37.3758814094 36.8182343146 36.2186823278 36.4409229289 36.9674481912 36.5686095209 37.246050603 36.1678155088 36.943875707 36.6702672693 36.6094029528 36.0094815395 36.222574502 37.2085803429 36.7046568452 36.7228089247 36.3423299275 36.837952825 36.7857707315 36.5848861907 36.4708289748 36.1957351445 37.1461931782 36.2302624887 37.207541092 36.3426730812
36.08624336 36.2761362441 36.9398201654 37.0300239206 36.6607248808 36.5771047202 36.0237025277 36.1246381185 36.262935755 36.1029337168 36.4166762603 36.6583259125 37.3496746559 36.8258162866 36.4126160142 37.3975281986 44.1663907722 51.5038008091 36.1420834332 36.1324099575 37.2561777544 36.9998726213 36.7858870121 36.7824961046 37.2650336201 36.6597318283 36.3322506903 36.1795386833 36.8294189912 36.5220416121 36.0398919589 36.3766167463 36.072230636 36.2877071069 37.0402811353 36.1379913773 36.7139414817 36.7006789267 36.5653933168 36.9962369877 36.2717441851 36.0222390069 37.1592943564 37.4054214744 36.4002732083 36.712486986 36.1265499304 36.3914550956 36.1198305501 36.4184152827 36.1623075581 36.1115738595 36.3680303526
