Spatial_Output/BAU/BAU_0175.asc
NCOLS 155
NROWS 192
XLLCORNER 196307.867259
YLLCORNER 449144.565805
CELLSIZE 33.573938
NODATA_VALUE NaN
[rows 25 to 49 of 192, columns 57 to 113 of 155]
44.9688676772 44.6300064336 44.9097706108 44.520360874 67.3222321198 67.899917711 67.899917711 45.0977113478 69.5787530976 69.5787530976 69.5787530976 44.6052274426 44.8442003731 44.8333265405 44.9070915423 44.7568868063 44.7362423746 44.8156418542 44.757094021 44.7922881212 44.6362501512 45.1510536241 44.7695104044 44.6388924745 0 0 0 0 0 0 0 0 0 0 0 0 0 0 0 0 44.526793765 45.0502964574 45.0963215317 44.5233071754 44.8344997819 44.8652072559 44.8866322224 45.0111399682 44.7365502609 44.5073286513 44.8886933832 44.9795196801 44.7769522161 44.8374143227 45.1593157988 44.6055354186 45.0603775827
45.1113908729 44.7698914127 44.622368716 44.6297975964 67.899917711 67.899917711 45.1713819282 55.7845543709 69.5787530976 69.5787530976 71.1104769971 44.5426283177 45.0910188719 45.1710886696 45.1886080904 44.9285207098 45.1873796378 44.6154039149 44.8065240424 44.788978843 44.6346812808 44.8548297218 44.9572712713 44.5839760059 44.5790441957 44.9885713521 0 0 0 0 0 44.7988672568 44.8343272724 44.9168290743 44.9950597815 45.1817091165 0 0 0 0 44.7768292392 44.7944664432 44.606940132 44.5117843825 45.0377920589 45.0734257022 44.5457718146 45.0400862547 44.8653951679 44.5139629206 45.0867476636 45.1699923443 44.642950052 45.1713191375 45.0684558881 44.5751890426 44.7778947224
44.5996812098 44.9180327635 44.7069867061 45.2047344888 44.9522643114 44.9853538896 55.7845543709 59.2446771891 59.2446771891 52.7096231406 52.7096231406 44.7218542988 44.9766103739 44.780894964 44.5941778922 44.7245959604 45.1239305859 44.5864168334 44.7016681554 45.186874613 44.6320739086 45.094201758 44.9993077172 44.9783172681 45.1337451989 44.9198746158 45.0700152062 44.7276249417 45.0507221872 44.8695101971 45.01904918 44.7244497812 44.6110674705 44.9231527101 44.7831247454 45.1639637235 44.5638314743 45.1834121312 0 45.1118742836 44.933288012 44.9878097826 45.1490404307 44.8115629492 44.6432868746 44.5220834325 44.6936033195 45.1690114386 44.9568043956 44.7813341048 45.1999961751 45.1790612294 44.9925999392 44.537109082 45.0123467367 44.8599402181 44.6938950476
45.1071718033 44.6411319149 44.5271867088 45.190637319 44.7949408775 50.7779130078 59.2446771891 59.2446771891 59.2446771891 52.7096231406 52.7096231406 52.7096231406 45.1102953401 44.9615252887 44.9732934662 45.1493188473 45.1529324793 44.7830907621 45.068643067 45.1243529241 44.8488044286 44.844994183 44.9522411706 44.6039299901 45.1063352518 44.8932256547 45.1756241291 44.9394139452 44.8741161859 44.7549144755 44.8532088818 44.7424670412 44.7346104767 45.2015020449 45.0543156371 44.5725696816 44.7126310016 44.9560087161 45.0227610911 44.5618905321 44.5120606258 44.7077945424 45.0715435908 45.1443213301 44.7430079967 44.9263536214 44.7528758313 45.0823695355 44.8318024143 45.1622155482 45.012085111 45.1344436621 45.0086731301 44.8250242192 44.7216903588 44.7228904119 44.5463863921
44.7132928731 44.5389175183 44.7732551855 64.6498077915 64.6498077915 44.566045511 44.5511350999 44.7186650017 44.9474417476 61.1126748167 84.4123649919 44.6425105992 45.1642369091 44.9733000683 44.7174319355 44.9652975838 45.0018177028 44.6680002392 45.0974518123 44.8762688903 45.1112668328 44.676789913 44.9902134706 44.6879972054 45.1313459205 45.175275227 44.6744141809 44.5051935023 45.1824956804 45.1201232216 44.8421789474 45.1892886297 44.5882794853 44.9621692789 45.0769991559 44.8108343912 44.9158332818 44.530746763 45.0383872838 45.0844800175 44.5199652843 45.0890268215 44.7050758785 44.6993255998 45.0699514508 44.9770297162 45.0719374235 44.9217162621 44.6941651333 45.1538549849 44.5540132483 45.1540879847 44.7977882273 44.8955524187 44.6114330575 44.636530858 44.9711626364
44.8901396183 44.6570857511 44.6187793231 64.6498077915 64.6498077915 62.1028844407 45.0990609186 44.7166870725 44.8801027591 69.6524223014 69.6524223014 44.6805005376 45.0281180447 44.6037785267 44.669354595 44.9571392598 44.6610814173 45.0207579924 44.6075901799 44.7423278045 44.7663067874 45.103466299 44.9860615211 44.5778903463 44.503044208 44.7509850254 44.9794491426 45.0598795776 45.0439132531 44.9559298463 45.0968752561 44.8625371414 44.9534875366 44.5241880224 44.7414864977 44.8513886212 44.655226593 44.5746026943 44.7953995925 44.931454361 44.7918281654 44.9727226292 44.6767704906 44.5010774108 44.5078449381 45.1450373318 45.0141603069 44.9649028683 44.813534192 44.8157366971 45.1875498984 44.9320221675 45.0477843826 44.8486936617 45.0981504602 44.5868109721 45.0543654396
44.5041363459 45.1026939166 44.8062477165 44.5910654432 44.80510263 45.0887177864 44.699478524 45.0945054536 44.8046406031 69.6524223014 44.9413475334 69.6524223014 44.5288103498 44.7793551902 45.1531169366 45.0837077379 44.9330120812 44.5158955263 44.5702660224 44.5645711725 44.8488505235 44.5487499221 44.608921248 44.5375767231 44.5520557829 44.9727108218 44.584148701 44.9165582638 45.1545539279 45.140415896 44.9120510626 44.5912789002 44.8094538065 45.1568259273 44.9854466498 44.9433658369 44.9705387133 45.1210622803 44.7831694959 45.1812523037 45.1777920791 44.5079629508 44.6485523251 44.7985713492 45.1933723218 45.046356228 44.514933896 44.5990016892 44.7513686172 44.9685882739 45.016371304 45.1559371263 45.0571224206 45.1801641295 45.0472143761 45.0804215644 44.691118576
44.5368279937 44.839040976 44.5056442403 44.8958581435 45.0389555837 60.0329738722 53.7792519457 45.1234573233 44.6789786505 63.5651836931 45.2057486864 45.1120053687 44.5984421885 44.8745905537 44.8127447036 44.9488320169 44.8747109942 45.1843303432 44.7580178787 45.0656782487 44.6681086422 45.123055122 44.9745276175 45.0686310432 44.7070858764 45.1574461053 45.119138263 45.1985844424 45.142558619 44.7223170851 44.8142637436 45.0023865049 45.079692298 45.1589764156 44.8424725174 44.7749031223 44.5356585574 44.6395777132 45.064885703 44.9258534884 44.7163457365 45.0430822116 44.6078955241 44.9500159466 44.7527828575 45.0725577912 44.5099695838 44.5651334839 45.0551976578 45.1155752891 44.6635012486 44.7127120357 44.9498599343 44.8833177993 44.7576429038 44.689016707 44.6941425301
44.5374603684 44.8286628194 44.8314083083 45.1092516166 44.5778309223 45.0034627915 53.7792519457 53.7792519457 44.8298706527 45.0791573001 44.7504497257 44.8443126407 44.9800168313 45.0854298804 44.5791070045 44.6135397921 44.6985414118 44.5120969598 44.9334077407 44.8669719778 45.1420192456 44.5405947477 44.6164250889 44.7311596189 45.1992363423 44.5147320244 44.8650128314 44.6868910222 44.5654834075 44.8426990528 44.808189505 45.0117692506 44.5220682036 44.7597046506 44.5304480996 45.1809473209 44.5571599677 44.6369100243 44.8930880032 44.9504491202 45.1665903535 45.0000734785 44.7393357614 44.6515698297 45.0775964075 44.6667045672 45.0336114996 45.102593786 44.75964881 44.846315747 45.1464381065 44.9801273 44.9944350511 45.1178485939 45.1842581311 45.0701006212 44.6765213957
44.6056247362 44.5224407511 45.1945313779 44.5560091385 44.5994330822 44.8626803693 53.7792519457 53.7792519457 67.7910203469 44.928672689 45.0134596253 44.7826370384 44.6263811591 45.1965928983 45.196314166 44.9360457276 44.7594971134 44.8520026371 44.8527783502 45.1834551096 44.7810662011 44.5651347732 44.7435952049 45.0967622704 44.570272941 44.8377767922 44.6523510922 45.0118107593 44.502514021 44.5437803914 45.0416478906 45.1179471479 44.6645298142 44.8962778162 44.830067784 44.9234442194 44.7224284139 45.1066846119 44.866878215 45.1278139626 44.8292132828 44.6022803188 44.8293879965 44.9875116953 44.9558991913 44.951481606 44.7711404729 44.7856496912 44.7800084043 44.9176515041 44.9639360487 44.9672700046 45.1388986636 44.7886718046 44.5471156357 45.1038953201 45.0596711174
44.8648368536 45.0950154477 45.1825909575 44.5986025449 44.7244367336 44.5314461751 67.7910203469 67.7910203469 75.6224943783 45.1738049387 44.9733367342 44.5474537618 44.6715806902 44.6301727348 44.9287813311 44.6240043657 45.1397725739 44.5545289678 44.5076979191 44.9916387241 44.6726249742 44.8755295868 44.5907030618 45.1200853877 44.6507296643 45.0696212538 44.7864501729 45.1137536785 44.726792116 44.629903801 44.5049482928 44.9509195358 44.8913037436 45.1063325602 45.0959534105 45.0944085413 44.8882393063 44.9228117145 44.9919010731 44.6126762145 45.0654898304 45.0493867012 44.5590892254 45.1141860909 45.1121286714 44.6609915639 45.0560137229 44.8116845668 44.5489539782 44.9546545159 44.8898777556 44.5647363082 44.5445355365 44.5764244169 45.147168349 44.9017765396 44.5133458467
44.5765164882 44.5739933007 45.0319115422 44.6142422083 44.830277485 45.0414177471 82.3061470256 70.5696407957 44.5472464137 44.7196593016 44.6674265071 44.9132507753 45.0214425009 45.1830350345 44.6504322545 44.699560114 44.9996939755 45.1327939183 44.8273735334 44.5091294845 44.9290508261 45.1487000562 44.6385239171 44.687156411 45.0193774396 45.1538890238 44.7466090634 44.6400291416 44.8877944345 44.6339177007 44.6032372866 45.1511799451 44.7232032811 45.1696319101 44.9231375612 44.8178219644 44.6607241259 45.0515488319 44.7465546002 44.863309845 45.1621998871 44.8966916552 45.0583864664 45.1146424646 44.5637378576 44.918165779 44.7868281236 44.7061733365 44.7477541678 45.0258177508 45.0832111126 44.9513385609 44.9476065354 45.0369761389 44.9047424879 44.8066868746 44.5336913506
44.6632445734 44.8972722614 44.7708336478 44.5958191383 44.6526108371 82.3061470256 82.3061470256 82.3061470256 70.5696407957 44.5833053002 45.0701068136 44.6161171055 45.0524114167 44.8843272454 44.8035105053 44.900397339 44.9996011824 44.6639470071 44.7743578248 44.9273245098 44.6145794815 44.6929951991 44.5818139293 44.5378983291 45.1513653809 44.5998512644 45.0432934726 45.1770066293 44.7573589563 45.1575532728 44.5585272931 44.8292062941 45.1222800449 44.5310557019 44.6504704492 45.1108162006 45.1319478614 44.6974586404 45.1421305923 44.6467760024 45.0119804109 44.9811517301 44.7396061708 44.958152027 45.0306410681 44.613432701 45.1669789678 45.0663481913 44.9526334088 44.6219626513 44.6573607446 44.6059995766 44.9661066526 44.9080456598 44.7750766245 44.5950718874 44.5051352307
44.5080793853 44.8083378046 45.1282753379 50.9498847665 65.5198845256 50.9498847665 57.2633385944 82.3061470256 45.048122353 44.8001445256 45.0380837945 44.5525398529 44.5363920167 45.1744660245 44.8791061507 45.1804073705 44.6919106892 45.1285223756 44.7047138795 45.1996426737 45.0882696077 45.1559723703 44.7680826228 44.5918154349 44.8314989975 44.8524925817 44.6813681255 45.0055543832 44.994958384 44.7233615747 44.5865139967 44.6191495736 44.9883916637 44.8567935756 44.7777752416 44.5924308897 44.7521014016 45.1975195486 45.0041206143 44.880528406 44.6473979965 45.1884496612 44.7619406785 45.1523952368 44.8867467016 44.7809827471 44.5474206271 45.0255617506 44.6190025585 45.1530624908 44.9636280688 45.1903647259 44.7631273276 44.9973651762 45.031071067 44.6340920659 44.9278549916
44.5868677695 45.105679163 44.9637006887 65.5198845256 68.4308953391 50.9146495885 44.9021854147 45.2032301886 44.7163997419 44.8897032199 44.6695426266 44.9479759662 44.9655157245 45.0124191055 45.0336480632 44.6403269226 44.6092145279 45.0021768471 44.7528463291 44.6245431199 45.0318995237 44.8273503189 44.9554574283 44.744224689 44.9730319845 45.1671873013 45.1027784285 44.9119890156 44.8264219442 44.6577201202 45.1820798202 44.7285739968 44.9232963297 45.0704359713 45.0991056847 44.9543580019 44.6604165332 45.0093346109 44.8395735325 44.7333281795 44.5863233333 44.8755889517 44.674692834 44.707820329 44.5356394659 44.9172570561 44.8003728854 44.997511023 44.7925169168 44.9741802859 45.0290251512 44.6863335917 44.6570358616 45.0748064002 44.8228712784 44.6104240217 45.0396284324
44.6874782274 44.5305313304 44.9487991809 68.4308953391 68.4308953391 68.4308953391 44.5312074656 44.6033630534 45.0376128617 45.1094988498 44.8798042428 45.0693277012 44.6208766675 45.1773129962 44.6303257977 44.5192878333 44.6063759721 44.9416258279 44.7381654704 44.8260846202 44.9134965869 44.5154539448 44.5089494055 44.9825503022 44.7285057542 44.736683355 44.9364372097 44.5001329783 44.9806794582 44.9864970041 44.9295246525 44.8196691148 44.948441155 44.5271507259 44.5459552741 45.0589491188 45.0538491964 44.6672889724 44.6296154244 44.8565832202 44.9296078101 45.1003522464 45.1088866871 44.8238495671 44.5880856136 44.9304957491 44.5373336604 44.7114230024 44.6586579253 44.8481883105 45.1218383351 45.040893483 45.1071692363 45.0189103047 44.5878625647 44.9512336083 45.1594520154
45.0943087447 44.8631711468 45.1532323963 44.9447503119 63.5524654722 63.5524654722 44.9865394368 82.8318584641 82.4699120473 44.5106085843 44.7093440151 44.5420644758 45.0989177792 45.1836882811 44.928342171 44.8023613996 45.0985228852 44.7127592451 44.7861469653 44.8266789112 44.6532741276 44.9945456181 44.785758275 44.965485092 44.5210251176 44.8156624812 45.1425963792 45.1387709009 45.1614987877 44.640315807 44.9064899535 44.9923404559 44.7375167493 44.933672543 44.7017966354 44.6436112632 44.6120106501 44.6647163361 44.5194910096 44.8031148443 44.5453523462 44.5380627212 44.6687812073 44.8930439116 44.713730369 44.9887370549 44.5507749631 44.7021696829 44.559333784 44.5586182906 45.1004640772 45.0385154449 44.6207310618 45.1107702754 44.7879731602 44.6753477746 44.8729834426
44.8253836637 45.0634684819 45.1174728295 44.9235739466 63.5524654722 63.5524654722 82.8318584641 45.0584454181 45.0586323907 44.9035451781 44.5153621885 45.0106526439 44.6166623599 44.8674503235 44.5161302242 44.7127405316 45.0096337849 44.5513879504 44.801918766 44.76995844 45.1300954815 45.0278562659 44.8042962613 44.8489280148 45.1971090277 44.7141963025 44.8050680443 45.1519845018 44.7881318875 44.8147371741 44.8821303947 45.201060588 44.9589165821 44.6915308531 45.1690843607 45.0510842367 45.0373979342 44.5428267331 44.9126953155 44.7555112253 45.0250091973 45.1643285142 44.7604704583 45.141676202 45.1318669737 44.6883096985 44.7640946383 44.6030732981 45.0857610971 45.162019653 44.8764456648 45.1274432823 44.6814954197 44.9018730837 44.9586579609 44.9645481801 45.08969132
45.1064108266 44.6398150374 44.7626132382 45.1908361285 45.0300991573 44.7308645864 82.8318584641 45.0945344798 44.6925822048 44.6949903385 44.7882881951 45.1228845102 44.7631896031 80.8522128346 44.6742665424 45.1012152593 44.8713926969 45.0019724928 44.6003602118 45.1516745518 44.9179487465 44.9514783595 44.7707167836 44.9810051684 44.9597210693 45.0066829282 44.7760709077 44.8229351811 44.9917192743 45.0728139813 44.8845299073 44.6269469375 45.126720095 44.9787855943 44.51676261 44.5671627127 44.7738317448 44.5413189268 45.0586740127 44.6423870486 45.1042871126 44.8313779123 45.0623554868 44.7017185379 44.7280358989 44.7632787038 44.9127421104 45.0264368249 44.7001734685 45.0956195787 44.7251362979 45.0149960138 44.7944250371 44.6207571379 45.1494088914 44.584754842 44.7368691068
44.8220783631 44.6997302824 45.0938341304 59.0209011349 59.0209011349 59.0209011349 44.9123209491 44.6931674952 44.5188889988 45.043151774 45.1398194828 45.0019782778 44.9860058074 44.7922276088 44.5143902387 68.2487817545 44.7843616366 44.9138229805 44.7287085323 45.1078654018 44.5599017966 45.1134341045 44.7214669563 44.8997268401 45.1389766938 44.6938886902 44.5328251087 44.8794507635 45.1155525292 44.884694535 44.7107968746 44.5363821921 44.7425364815 44.9475848528 45.0330020415 44.7605677382 45.0132463122 44.7628090087 44.7061844303 45.1574863053 44.8403472114 44.674203721 44.7767480782 44.7697776914 44.8118005644 44.8268399154 44.7984370686 45.1766906029 44.9389116843 44.7420208423 45.0836533609 44.6682067 45.0585278008 44.8712498004 45.0407420347 44.8882470323 45.1531605552
44.6621323779 44.7726054371 44.5953841782 60.603512179 59.0209011349 76.8853941258 76.8853941258 45.0302603223 44.7230122433 45.1987496883 44.6436341609 44.788155561 45.1077091752 44.6048696751 44.9631181954 44.8291814447 44.6506343997 44.9199844149 45.030310464 44.9919353712 45.1851937128 44.8979960891 44.7120724188 44.7249470037 45.1618306934 44.6499845764 44.60717113 44.7256379573 44.7720773816 44.9067236785 44.6904818745 44.9998581962 45.067803049 44.567971121 44.6480253192 44.5213430703 44.6343541793 44.9260999104 44.7118512476 44.803144362 44.8755968588 44.9962788212 45.0828163152 44.9133213267 45.0331890116 44.5267249484 45.1033367971 44.9881924247 44.6591219089 44.7042778784 44.8323593495 45.1679127829 44.7778610572 44.5255629911 44.5128202483 45.1302730202 72.6378586018
44.682508505 45.0105120713 44.5603371249 76.8853941258 64.1768160135 64.1768160135 64.1768160135 44.8287986083 44.7423853482 45.190514829 44.8343558838 44.7708518278 45.0682592823 44.6759081837 64.8611502848 44.8936715661 44.9198434582 44.9167570537 45.0722277335 44.8428012389 44.9955625031 44.9764735183 44.7235688081 44.5219318105 44.8701935751 44.8602974547 44.8696870735 44.9581125849 44.5283346647 44.7627399591 44.534811078 44.8575825322 44.5751461475 44.5997295669 45.0642867197 44.8866613449 44.6666010201 44.8065302079 44.9010156918 44.7247857871 44.8120663891 44.8904725404 44.6679740464 44.6307071319 45.1554383649 44.9845708126 45.1562373138 44.5027643955 45.0952161624 45.1415542708 44.6542667565 45.0939095971 45.019191312 44.8818952044 44.9316191342 44.8836267974 72.6378586018
44.7616164974 44.668146763 44.5085022522 44.8717037616 67.1433653573 64.1768160135 67.1433653573 45.0381462045 44.9725687381 45.1823623872 45.1317661048 44.7352320595 44.8483116468 45.0248769958 91.0280289598 91.0280289598 44.5654986381 45.1317725324 44.805509085 44.9164371862 44.6708818941 44.9364900839 44.9219357291 44.7433218152 44.5741682387 44.5872507507 45.1558972445 44.6877983744 44.733481825 44.6497655593 44.6604293789 44.7691280801 44.7040585412 44.5876888737 44.8856306288 44.5410898802 44.7809757258 44.9324215657 44.709210988 44.7924166637 44.7972739311 44.8314901969 44.5255093777 44.5732007008 45.1960254151 44.8124176374 44.7963745344 44.6104705973 44.9192979019 44.5012731983 44.9507079632 45.1851980243 44.5790247692 44.9169883098 44.574865922 79.583509438 44.9352082162
45.1696816635 44.6730480814 44.6357903757 44.8744321917 67.4167684356 67.1433653573 44.9746360178 44.8802563387 44.588003071 44.5915262684 44.5651376137 45.1840586931 44.6748473861 44.7987839436 44.7037997749 45.06269902 44.860593757 44.7048392288 44.9325234779 44.5667101164 45.0094815582 45.0777297632 45.1401415428 45.0037643175 45.1401610543 45.0391048998 44.9842441816 44.7167395772 44.8786518503 45.1759281543 44.8788749466 44.8608569154 44.7941674392 44.8037881954 44.7277571022 45.0290544967 44.8447951283 44.7007137418 44.8140365076 44.7731096072 45.1735308185 45.0787170415 44.5422963027 44.9105589589 45.0613361359 45.0024251061 44.6281457427 45.0685710903 44.5890401751 44.8074130738 44.5376108379 44.5192917371 44.9024899792 44.9349025814 79.583509438 65.0623201074 58.8298226403
45.1794660341 44.7649314602 44.6301576558 45.0712028653 45.0127873187 44.5116657954 67.4167684356 44.7969892503 45.0662830353 45.0709473041 44.9336031138 44.9461873794 44.5316967527 44.5326405051 44.9562661636 44.8924696489 44.9359226637 44.5219243778 44.5396087804 44.810858775 45.0333596372 44.9771166241 44.7963477814 45.0276652544 44.6506060359 44.6996252451 44.900966532 44.833415471 44.9298698084 44.8883340629 45.0271411352 44.7895701996 44.5933406412 44.8163009704 44.6135541523 44.5026523212 44.7404747377 44.6254742057 44.8770950744 44.7662630348 44.8692061506 44.5188002253 44.922268747 44.8218605262 44.5155743607 44.7109556227 44.5261366183 44.6118364297 44.8741220929 45.1426155201 44.825422423 44.8359819158 44.8626729684 44.7190502351 44.6002820709 59.8415043136 61.8835255927
