Spatial_Output/BAU/BAU_0205.asc
NCOLS 155
NROWS 192
XLLCORNER 196307.867259
YLLCORNER 449144.565805
CELLSIZE 33.573938
NODATA_VALUE NaN
[rows 50 to 74 of 192, columns 0 to 56 of 155]
46.4989721214 46.4185250565 47.1466477523 46.9675486682 47.0364416723 46.9400515359 46.6072759218 47.2771086284 47.1934066753 47.1015930669 46.6862303573 46.6193467841 46.5251268035 46.4669561007 46.2737178397 46.2463129355 46.3710276587 46.7168489671 46.731446356 46.8583530162 46.2072196992 46.229808623 46.3911131143 46.0950089058 46.2537515466 72.8930480845 46.1758067674 46.4818059865 46.9070884893 46.3866170481 66.9345472948 72.7289773021 72.7289773021 61.6133950761 60.7412277931 60.7412277931 46.8495375121 66.6910321425 69.3573444538 94.9076298021 47.0700712082 46.039780545 47.0728172974 46.1697267873 46.0049690499 46.9314455749 46.1525732726 46.4566666686 46.4137748012 47.0058006119 46.7491852898 47.2912696388 46.7701084863 46.6045534252 46.8069043146 46.229853177 46.5227507491
47.3073741081 46.8527048809 47.4023650205 46.2226397286 47.2823372111 46.5571751331 47.3442975305 46.9021380175 47.1165934884 46.7081073145 46.1228069826 47.0689147606 46.9638134429 46.5782856711 46.1629473769 46.6601364383 46.4292546048 46.7648695193 47.2158749988 46.3189916734 47.2361047876 46.7651351464 46.8369050751 75.1939981268 75.1939981268 72.8930480845 72.8930480845 46.6255109176 47.0951168371 46.8299991629 72.7289773021 92.2042594708 92.2042594708 46.7206341809 46.1991039485 46.2464333558 47.2574284957 69.3573444538 69.3573444538 69.3573444538 47.294506791 46.1187027334 46.4350066775 47.4079468428 46.9141494542 46.9533761405 69.7433954699 59.6910193274 59.6518496749 46.2599821077 47.2590288659 47.2716333011 46.7600217369 47.3099535566 46.8333432503 46.9501407195 47.397987792
47.3362682184 46.0131657143 46.113969991 46.1620592648 46.9349706162 47.1373660164 46.8758066769 46.135594212 46.3052534128 46.5880994382 47.2939197099 46.3955153926 47.3966676655 46.5484004009 46.1262793141 47.2076058665 46.0033215375 46.7463784323 46.5279819043 46.4873785274 46.1122213378 46.6453476243 53.394049712 75.1939981268 72.8930480845 72.8930480845 72.8930480845 46.5459768107 46.4789522658 46.277655129 92.2042594708 92.2042594708 92.2042594708 46.3066486625 46.357075062 47.2881976094 64.7259498078 64.7259498078 64.7259498078 64.7259498078 47.2918100363 46.7247544936 46.836002028 70.2920632247 59.2686076969 69.2259141092 70.1061738543 70.1061738543 59.6518496749 54.985903831 54.985903831 47.4067988699 47.0169919369 46.6190329068 46.6590644359 47.1453174464 46.5369187157
47.2911794514 47.1709914759 47.4008701372 47.2624107715 46.6088925622 46.2223502557 46.8234411348 46.6105038434 46.2662240673 46.9001197227 46.9122458797 46.3317854573 46.0251357638 46.3099503784 46.8819903863 46.6491639354 46.4282487474 46.0581044042 46.7462229038 46.7108448665 46.6038899738 46.6574827715 46.6753165214 60.7509069688 53.394049712 46.9313507404 46.625635825 46.0805665944 47.3335069328 46.0538178231 46.5479328665 46.5891018322 46.6032797687 46.4342341627 46.3089438901 47.0527185539 46.4795645689 46.3408190097 64.7259498078 66.4405016274 66.6553981835 66.6553981835 66.6553981835 59.2686076969 69.2259141092 69.2259141092 70.1061738543 70.1061738543 59.6518496749 54.985903831 54.985903831 46.2491817114 46.5878113365 47.257936261 46.3556999828 47.3018425172 47.0533801441
46.11654647 46.4835581382 46.9961483373 46.4324693415 46.6319819898 46.0863065844 47.373564168 46.6280179893 46.0124350778 46.4135532292 47.1991920871 46.0134707306 46.4390128359 47.2271403994 47.0933518374 46.0512914521 46.6563036775 47.0978486158 46.3165337704 46.8406837457 46.6036560052 46.5019376358 47.3644849933 46.8686003134 67.746204878 46.6059541794 46.5992912758 46.7054303327 47.0745907047 46.624662137 47.2491424518 46.5590283786 46.1529609813 46.4598720197 46.0799761364 46.8946993318 47.1248735561 46.2912420128 46.006160634 46.3290076845 66.6553981835 66.6553981835 66.299103278 70.2920632247 59.2686076969 69.2259141092 46.6976410648 70.1061738543 46.5416883519 46.489203067 47.310419297 46.9231866063 47.2608648691 47.1611295933 46.2755538859 46.5644629737 47.3219496969
0 46.098579631 46.4923252456 47.3265201115 46.9999721225 46.8498628774 46.9536284082 46.791837276 46.2117790592 47.3853003557 46.0131474619 47.1290904638 46.2920816546 47.3602021958 46.7850029548 47.1201560681 46.6916849772 46.3596835536 46.1991815427 46.4493175893 46.2236745092 46.5979017989 67.746204878 66.6177457075 66.6177457075 59.4372989257 46.1114916558 46.6494708492 47.1124460828 46.5779650854 46.8593521097 46.6288073891 46.7875985449 46.2471003122 46.2702761839 46.5396298121 46.1236344335 46.2716475329 47.1771186275 70.0405570241 46.6243241882 66.6553981835 47.1978706758 47.0164373031 46.2374521576 46.1707268652 46.6287800169 46.6745554331 46.4488508649 46.0019076637 47.1194753026 46.6011218345 46.8198223143 47.1638900315 47.0669255709 46.9798332955 46.5193905359
0 0 46.6491490285 46.2749815727 47.0986949495 46.4686174143 46.8370570467 46.521600625 46.8317816342 46.0312921415 46.8463215428 46.583973768 46.4519736416 46.8992236737 47.348093621 46.3391641221 46.588944412 46.8246581184 46.0783414795 47.3240141793 46.2302595745 46.0409199019 46.9081350785 66.6177457075 66.6177457075 66.6177457075 47.0343486767 46.5082639907 47.2427827653 46.0084875812 46.7651489534 46.7741622582 46.7320842504 46.1524242244 47.1427017701 47.0805764965 47.3981255669 46.5852364685 46.7486767359 46.5799761911 46.6692476944 47.2168064617 46.0096113337 46.8251989703 46.8833466768 47.0883593049 47.2337291962 46.6619737787 46.7238452713 46.8250751216 46.1952575332 47.1436957096 46.2828619176 47.4028810152 46.794991693 46.402520294 61.912523405
0 0 0 46.4055517916 46.0809073182 46.3752600919 46.7472131002 46.9290727365 46.4897158376 47.1296286546 46.7255888776 47.0008442874 46.3314329079 46.3956245702 46.0361013122 46.2761734633 46.3541409485 47.3063249 46.4791973116 46.764966557 46.7725046988 46.3366999816 46.9119260583 46.5341681659 46.116143063 80.8528496466 46.6135181161 46.5210343481 46.7665187879 47.3390848992 46.6713546225 57.9466310078 57.9466310078 57.9466310078 46.4762202728 46.8095160537 47.1601737261 46.3814593229 46.8484959336 46.5325830442 46.5037843982 46.2556686066 46.2916749611 47.1591179529 46.6223753544 46.4185577157 47.3256942954 47.3112982504 46.01077097 46.1758586074 46.784752871 46.5060821606 46.4981619112 47.37430324 46.4293969464 46.781891991 46.2184639986
0 0 0 0 46.5542868188 47.264552029 46.7119965372 46.2227109196 47.2859543102 46.7758983872 47.0442948288 47.034781063 47.3305925022 46.5206883928 46.1100023914 47.0452670403 46.8192780351 46.6612603766 46.6576942871 46.1889300808 46.571349314 46.3788021427 46.8615048944 46.4030779535 46.8198310624 80.1232539508 80.1232539508 47.2804887737 46.7206888 46.3121443184 46.2508697489 46.881202452 71.5967348752 71.5967348752 46.7218538962 46.6031969024 47.1720879952 46.0419534904 46.3320471873 46.9589725573 47.0995273335 46.6604431171 46.6660695956 46.9926351643 47.2776497795 46.8492956972 46.5673765697 46.4772651456 46.4668887408 46.4653383356 46.9554633662 47.1603450913 46.7438935226 46.7403798455 46.0859162217 46.8284568379 46.880112802
0 0 0 0 47.1442850292 47.2821550314 46.3346926622 47.0602038975 46.6849396094 46.3808803191 46.550737687 46.7569779875 46.1233625283 46.4422027275 47.1991136069 46.0646778196 46.7661711054 46.5163310323 46.290808694 46.3777288961 46.1457808831 46.3797565066 46.2585440568 46.9391050304 80.1232539508 80.1232539508 66.3575854965 46.5190686092 46.7189163537 46.9025970241 69.7018226919 71.5967348752 71.5967348752 71.5967348752 63.2653031602 47.2138415967 46.9046585858 47.3013382904 47.0950488697 79.0333963472 79.0333963472 79.0333963472 46.3902998357 46.4534494726 46.1869206828 46.752188404 46.5890489186 46.0174635995 46.3623217232 46.5769465736 46.5818659686 47.2070288091 46.9332344494 46.8225016478 46.7048838097 47.1338894791 57.0622914777
0 0 0 0 0 47.3479873563 46.9153404027 46.640725501 46.1104231185 46.8606683356 47.2757937353 47.4006925118 46.6074171501 46.6858552347 46.6073032991 46.6225426003 47.1454898394 46.7977944389 46.2530302622 46.3562998589 46.3581565665 47.028205708 47.3960785538 46.7253989247 47.3187229417 47.2447033661 66.3575854965 66.3575854965 46.895198741 46.2760492544 67.1246306126 67.1246306126 70.5102363045 71.5967348752 63.2653031602 61.8416002478 47.0979945285 46.6426734656 46.5282617855 46.2114994929 46.256992726 46.4986403808 46.2563289125 46.8787914852 47.136341916 46.4029060104 46.9062525787 46.3782149483 46.4196734637 46.8859248871 46.0923118174 46.4106685499 47.1484962623 47.4068257702 46.3318582014 47.094616279 46.7126228635
0 0 0 0 0 47.0517619456 47.0144391125 46.2318902918 46.9645765507 46.5980223305 47.2729188075 46.69480084 46.0881524087 46.0357532434 46.0035520065 46.8567722852 46.1367053883 46.8644109497 47.4060577339 46.8478021203 46.5709056055 46.8748449638 46.2062574062 46.257382516 47.1738745291 46.5276383985 66.3575854965 66.65975329 66.65975329 46.1028665614 67.1246306126 67.1246306126 70.5102363045 70.5102363045 58.9849941653 68.2393546257 46.0719729373 46.2185205852 47.3701811913 47.1935699503 46.2950275922 46.2943810401 46.2306283155 46.2300538447 46.705551204 46.3720163513 46.6355080721 47.3966980108 46.9526985454 46.8819442685 47.3432253146 46.5504316745 46.1333797783 46.5904614295 46.8181454724 46.5458292105 46.6764228421
0 0 0 0 0 46.9714871894 46.7539828886 46.7723936487 46.6496464686 47.3794474238 46.7939580324 46.0974429932 46.0124285107 46.362001429 46.6029041304 47.1297294766 46.9720730023 47.1926338163 46.6256661201 47.2989788485 46.5149987996 47.2551278893 46.5367578907 47.3531049583 46.4075165739 46.0585979083 67.3535749905 67.3535749905 67.3535749905 46.6615877662 67.1246306126 46.2763238482 58.9849941653 58.9849941653 58.5091492088 79.7703285603 46.4747352123 47.3615342554 46.2270258123 46.5633233415 46.2725132895 46.8465351309 46.083420938 46.0018212611 46.5205179172 47.18646381 47.0368135134 46.2499536795 46.9378220392 47.2271658201 47.1157466194 46.1447159291 46.4848569753 47.1572973649 47.2299330135 46.6467825632 46.8320324123
0 0 0 0 0 0 46.1631076676 46.7509056241 47.3339666665 46.2088302663 46.6600478265 46.4387768521 46.209992785 47.3741954373 47.1281773085 46.2883127416 46.6830671429 46.625554905 47.109273384 46.7521924765 46.8657541649 47.1411624582 47.0112916576 47.1559976474 46.3385906591 46.0092220611 67.3535749905 67.3535749905 47.1058361202 46.9369142707 46.4877523581 46.736977273 46.6893585868 79.7703285603 58.7206094591 58.7206094591 46.7629025385 46.6672335151 46.8463948435 47.0672875762 46.6714085192 76.9230438021 46.6153527076 46.4753385684 46.4501890832 46.636676822 46.7200813251 46.1705041708 46.3385373822 46.6565776863 46.8706992968 46.1330156054 46.5843509574 46.217843224 46.8552669726 47.3157548154 46.2438675248
0 0 0 0 0 0 0 46.378302514 47.3509560924 46.8758795324 47.2930842892 47.0521402157 47.0201053796 47.4142034045 46.2515314287 46.7426119304 46.6548131886 47.2625448234 46.1312310673 46.7895817626 46.6346267079 47.139221507 46.5743174745 46.8925273481 47.2088847391 46.5026275245 83.6544348904 83.6544348904 83.6544348904 46.7175743443 47.1139217023 46.8403847314 47.3973785313 58.7206094591 58.7206094591 63.7640507348 47.1442898071 47.1545552066 46.9009301296 76.9230438021 47.3079962322 46.8652104705 76.9230438021 46.5609100376 46.6496882037 47.3674047285 46.3855822118 47.3171399825 47.1975538939 46.6091120793 47.2567539106 47.2311514273 46.1140848031 47.2312015136 46.021072856 47.4057714306 46.4870384186
0 0 0 0 0 0 0 0 46.0256475736 47.097269771 47.0472536809 46.4911274911 46.1178815074 47.2454273813 47.0013567048 46.6712989422 47.0804699827 46.7684728055 46.6377220978 46.6090415284 46.7340329666 47.2113299309 46.1244071596 46.9443906462 46.705811087 56.58490046 66.9410709136 66.9410709136 66.9410709136 46.0062975752 46.5006659828 47.2867652648 47.3069967569 69.1297855489 63.7640507348 69.1297855489 59.0613050093 46.1567477885 46.1065799196 47.0951941563 67.959600294 46.0671662322 46.2877000307 46.3193444331 46.6437171363 47.3898568145 46.6192779438 46.1132050403 46.6261034984 46.5063379641 47.3516733828 46.9707707007 46.0520846991 47.2999804505 47.039709319 47.316985368 91.7984580378
0 0 0 0 0 0 0 0 0 0 47.3690619761 47.3825040639 46.1657002894 46.9989296399 46.8965653185 46.2081457835 46.691063075 46.5024431894 46.2767661866 47.3524626142 46.3498495078 47.0595689629 46.8771782399 47.2063918277 56.58490046 56.58490046 66.9410709136 66.9410709136 59.9505364823 59.9505364823 92.0325472007 67.1844092091 73.7573751937 73.7573751937 68.3773673679 77.2203643144 72.2110033017 73.5063300732 73.0947063496 54.5702462668 67.7440237478 67.7440237478 46.6931313799 47.1132683714 46.6509922833 46.4831490495 47.2890507823 46.7763352675 47.22963641 47.2329056694 46.9193892683 47.2600931232 46.1223466462 46.4669836086 46.5188220473 46.8318549618 91.7984580378
0 0 0 0 0 0 0 0 0 0 0 47.0257856149 46.0435173327 47.4093414916 46.1874698112 46.2330112043 47.3690492857 47.0955503544 46.2047319645 46.8298960659 46.1313549132 47.3902152448 46.778211947 46.0701349792 46.4383556469 56.58490046 60.0703312687 60.0703312687 59.9505364823 59.9505364823 61.5613286806 67.1844092091 67.1844092091 73.7573751937 77.2203643144 72.2110033017 72.2110033017 71.0981974838 54.5702462668 54.5702462668 67.7440237478 67.7440237478 76.1323141773 46.7522238339 46.994057033 46.3005992132 46.1852508368 46.3531703966 46.6507526021 46.9833549144 46.2731950914 46.1216913455 47.3338622979 46.9299639039 46.9671147234 46.1862732205 87.360452989
0 0 0 0 0 0 0 0 0 46.7065559982 47.2650615367 46.4326585729 47.0771515684 46.2209821549 46.4585702742 46.6899996222 47.3823682505 46.211297754 47.2215405887 47.0127669698 46.2615352882 46.2635320384 47.2762754911 46.040609224 47.2822475174 46.920658905 60.0703312687 59.8714139176 56.8399486851 56.8399486851 67.5989586447 67.1844092091 73.7573751937 54.9992614337 79.2956072486 79.2956072486 79.2956072486 73.5063300732 71.0981974838 54.5702462668 82.4897773012 47.3903793661 47.2791916405 46.7905091998 47.0968450378 46.5913410614 46.4941733143 46.0937833597 46.0027153288 46.6382069202 46.9525527454 47.3492396849 47.1940245503 46.6592075416 46.9620281727 46.9092008972 87.360452989
0 0 0 0 0 0 0 0 0 47.2952034229 46.2192844633 46.1082628379 46.560100916 46.4258154911 46.9084682721 46.480582893 46.8339072351 47.0732826939 46.3820994071 46.4355019119 46.1401241125 47.0461724202 46.2543357082 46.7566708555 46.5863206785 47.0113335991 69.7540193477 56.8399486851 56.8399486851 66.0838626207 46.5950880372 47.2064483123 47.3731079691 46.4936971067 79.2956072486 79.2956072486 62.8873660742 47.0052299444 46.4395397303 47.1634757357 63.8339593133 63.8339593133 63.8339593133 46.2440932472 46.3321279874 46.1720851323 46.6648519365 46.2624946967 46.0878966289 46.4643878109 46.0354385462 46.6274556732 47.2769011613 47.1427588932 47.3184229545 46.8201826909 47.0214237851
0 0 0 0 0 0 0 0 0 46.4218423151 47.3659716581 46.2522180047 47.1665439242 46.7906967237 46.222233077 46.9481526416 46.8611583704 46.2150644176 47.1674037748 46.2693725903 47.3548447499 46.0146041237 46.3399051395 46.8515301186 46.7788246986 47.3893954864 46.5699042178 66.0838626207 56.8399486851 84.1935503776 51.9430322762 46.5727271818 46.5721240761 46.3558139189 62.8873660742 66.1790857959 75.1137717138 47.1970613141 46.895873587 46.6281686595 63.8339593133 63.8339593133 62.3880443964 46.4182702727 46.1225573023 46.3871490436 46.5338806618 46.575988524 46.8872455923 47.2499981715 46.5661528207 46.8111282113 46.0724671842 47.2591806752 46.7371148419 46.9552215419 46.3572728561
0 0 0 0 0 0 0 0 0 47.0661714395 46.9775329654 47.1316184859 47.0257493583 46.0652416467 46.7731933963 46.9347188506 46.069263725 46.0896386934 46.9203863912 47.0720710143 46.0002996842 47.4013905274 47.3286741569 46.7512909657 46.3294268935 46.322188377 46.580197504 46.4452580568 84.1935503776 65.8746795775 65.8746795775 46.6251688294 47.3750779027 46.7627628074 75.1137717138 62.8873660742 75.1137717138 69.7071268377 47.3129505924 46.2983753566 62.3880443964 63.8339593133 64.1519357736 46.3397895902 46.2552937545 46.0025706452 46.9359099255 46.3441214017 46.7915801662 46.42660793 46.1829786561 46.4562538214 46.0858973241 47.2351978431 47.0281662061 47.2466020598 46.790903121
0 0 0 0 0 0 0 0 0 47.3338434003 46.998855883 47.1612527601 47.1795643887 46.3806282866 46.4623621164 46.9333413208 47.3499499131 46.893543846 47.3158619282 46.8248256623 46.7793551765 46.3458148682 46.2102016018 46.9580626203 46.8979665887 46.9543174036 47.0461280268 47.1341181127 65.8746795775 65.8746795775 70.6041889487 70.6041889487 47.3701059615 46.4906191335 46.5008568888 58.3655689545 75.5596299678 58.3655689545 46.6334241345 47.3342509706 46.5939232228 64.1519357736 46.0696094896 47.151546751 47.3011653298 46.8294984265 46.7833128793 46.2840694906 46.2767711512 47.1451449807 46.9514890066 46.5417777849 46.8690144011 46.6576822286 46.9838742673 46.9475759895 46.8775917773
0 0 0 0 0 0 0 0 0 46.5644481975 46.5058665597 46.5700012069 46.5538433705 47.0831986391 46.9258767666 46.2219418597 46.5543678876 46.4142183509 47.3403275013 47.0928186221 46.2776154723 46.2145815431 46.2816774261 46.8929832698 46.920871495 46.9555234689 46.2949287336 46.6893195754 46.4028492175 70.6041889487 70.6041889487 46.5426582962 46.0583165702 46.6740183802 46.2813863421 58.3655689545 75.5596299678 75.5596299678 46.6751686847 46.0451112964 57.2191948932 57.2191948932 57.2191948932 46.7000133869 46.8239720049 46.1350418789 46.1807175068 47.2218002022 47.0733241593 47.0588253052 47.3661652788 47.0621834633 46.9795492408 47.3771386364 46.8166938716 46.4795032525 46.9999477096
0 0 0 0 0 0 68.3628347603 0 0 0 47.1591626092 47.1528294022 46.2426478103 46.3151781024 46.5467174464 46.2087304598 46.4266656478 46.415640988 46.5605939906 46.4084876847 46.9269189349 46.9813871138 47.2606657585 47.083816605 47.3724788423 46.5765745803 46.2849446991 46.4066722315 46.6481161675 46.9041991055 47.0491041507 47.0423091282 46.2323105639 46.8968410166 46.3417742123 75.5596299678 75.5596299678 46.5743053878 47.3940996665 47.3769744199 73.3209628092 66.6428201805 66.6428201805 73.3209628092 47.1106558442 47.3220747332 46.2190527173 47.205087472 46.8275840815 46.0888537551 46.2086781819 46.0415913624 47.0683584861 46.7776265839 46.5740171619 47.076865227 46.2704933045
