Spatial_Output/BAU/BAU_0776.asc
NCOLS 155
NROWS 192
XLLCORNER 196307.867259
YLLCORNER 449144.565805
CELLSIZE 33.573938
NODATA_VALUE NaN
[rows 100 to 124 of 192, columns 57 to 113 of 155]
25.9458041062 24.5882928789 25.0810117802 25.5452640751 26.0405916232 27.0537582549 23.3221581711 46.7731453774 26.8963270752 26.079100706 26.5145428737 26.0859521739 25.5926494905 23.9267214358 27.1586925425 23.306875483 26.8271607571 25.0246722386 24.2878674362 26.7195915148 27.1706688838 25.1377077061 23.2353159351 26.6214846809 24.946808728 24.006556222 24.8707963701 23.1414290526 26.1770213965 23.6656125813 23.1272093602 63.4903250637 63.4903250637 63.4903250637 26.2403858503 26.6163982046 23.4728197279 23.2946642554 23.1225610802 25.6797890311 25.4376444822 25.2409112313 24.3627376883 26.9981667868 24.1417475473 27.0839871257 25.6395267947 26.2898445703 26.208479688 27.1601335121 37.3437655369 66.3231672319 26.1280976512 24.932647699 24.7360296239 24.5349628967 23.7480593785
24.9056225162 24.4328584853 25.729243096 26.5531618594 26.9045092721 25.2994598964 46.7731453774 46.7731453774 27.00026774 52.4015835681 25.1630770361 23.8340763276 26.8936480382 27.2346058525 23.9076976946 23.7888590087 25.293873101 24.9231233933 23.1887930318 27.0203575451 25.3793823052 25.9051003204 26.8560735329 25.1089613944 26.8509743177 25.1124827404 23.6328656032 24.8667542724 26.3225227851 26.0285943183 23.3435630483 26.840224806 63.4903250637 63.4903250637 24.4786290426 23.1606161469 25.578214174 24.0804485534 25.9324198879 24.8545608618 23.0707442901 23.1679056835 25.1350472943 24.7330641893 25.6883110913 26.4467888927 25.4441839293 26.3720157552 25.6031242326 48.4072082185 37.3437655369 66.3231672319 66.3231672319 66.3231672319 23.7869947644 25.4356158462 24.2189727346
24.4161015815 24.0122643305 23.5803923992 25.7802260845 25.949376067 45.2504629422 75.4477024453 75.4477024453 56.3493571351 56.3493571351 43.9585096793 25.0253728726 26.7369381298 51.6789213079 24.1243270593 24.0283686177 23.3626030564 23.7465934252 26.911542986 24.0069652585 23.6238730397 23.5841721194 25.0765257108 24.0559937455 27.1750703115 24.4914791702 26.3782177228 24.2615193364 26.0004417853 25.5098515314 24.6174069129 24.4525942308 23.3710053336 25.3811005898 25.9005796909 26.0636009212 24.5226542442 23.8193591977 25.5450781364 24.3752911393 26.0095228722 23.8736690569 26.8266838234 23.6535460632 24.4625455909 25.775849449 81.8908515406 81.8908515406 48.4072082185 23.9394499694 37.3437655369 37.3437655369 66.3231672319 26.2004838106 24.2274092269 26.5552418729 23.3876938157
23.541621215 24.8497331846 26.6352243178 26.7368650494 23.7914785676 45.2504629422 26.0896854126 75.4477024453 56.3493571351 56.3493571351 26.946645426 55.9191853085 50.8949049035 51.8995252696 51.8995252696 45.4441703927 54.2988311864 25.4613189665 24.8145006634 59.0176508213 59.0176508213 59.0176508213 25.6170699594 25.4185853328 25.8300458903 25.3337710525 26.153897252 26.243425243 26.0446229458 26.1823541954 24.0700423387 23.0530839413 26.3522887673 26.8637571744 25.162639192 27.0530237121 25.8536586957 23.7095104896 25.6277167762 24.5380095566 27.1387826959 26.465939244 24.2717874026 25.8433160173 81.6460506927 81.8908515406 81.8908515406 81.8908515406 26.555808967 48.4072082185 26.1936917252 37.3437655369 66.3231672319 27.0487622266 24.1178043317 26.3104450695 23.1183569336
24.2934449082 25.1038479692 23.3046532426 26.9816450573 26.3294088728 24.6917864582 59.548796302 59.548796302 59.548796302 56.3493571351 27.1941457557 26.2468350591 51.8995252696 51.8995252696 45.4441703927 45.4441703927 43.1569057629 43.1569057629 25.1774339048 59.0176508213 59.0176508213 59.0176508213 26.1613704734 25.7776103804 66.5547573138 66.5547573138 25.0205392663 67.3476973908 26.8932335166 23.898600377 25.5905328541 23.7971513726 26.1768872278 26.5889923446 25.6762395574 23.5068928643 24.2578949587 26.32045903 24.7057235068 51.4978066553 23.44592043 26.5629913093 24.6440530571 24.9631033026 24.7264603965 23.9779094747 81.9200190601 55.5284873867 26.8544672215 53.1421621729 23.7182141793 26.3309041353 24.0666479136 24.1559882318 25.3221846158 23.4264261052 23.4235921687
23.8545290741 25.1997041306 23.2780729605 24.1321239052 23.4077645429 25.3696238078 59.548796302 59.548796302 59.548796302 25.7888589092 24.0355715421 24.9855448538 51.6789213079 51.8995252696 45.4441703927 45.4441703927 43.1569057629 43.1569057629 27.1826277345 46.2706561879 46.2706561879 24.8460723122 74.6194749053 66.5547573138 66.5547573138 66.5547573138 67.3476973908 25.508451377 25.1320180505 23.690786223 26.3156900479 23.1351288233 25.0849658757 27.059299148 26.431588648 47.1023408554 25.7995208961 23.6269783303 25.4796194899 23.0714000018 24.4428547144 27.1704710634 24.6173841546 23.5767866702 24.776743951 23.8483257569 24.8749162187 55.5284873867 55.5284873867 25.3340401998 25.2093901594 23.9103668431 23.1011627933 25.9177741874 25.7948619854 27.0690056853 23.6937478357
25.5776867273 26.4304177223 26.9430453791 24.935279759 25.0424944142 27.230222462 52.979932054 52.9617571526 23.5779333319 24.2028455216 24.3971629035 26.3947596768 24.1145456755 25.9547896911 24.7622012629 26.9387480448 24.367924739 43.1569057629 26.5036534501 46.2706561879 46.2706561879 46.2706561879 74.6194749053 24.8282765578 48.228076892 66.5547573138 25.7882718968 24.3028653719 24.5676907535 26.2591321934 25.7714652719 23.2149523615 26.6696374997 26.0999253284 23.8568497509 27.2123786484 27.1233721958 25.2362064727 23.2738884144 24.4617170557 25.363707807 23.4482305703 24.368658355 25.1391065262 24.4409225826 25.7812649841 44.1146259307 44.1146259307 44.1146259307 23.4267658728 23.4656243963 25.0278737852 25.0132401921 24.2205873835 26.6422534558 25.2775313279 26.7511333934
23.2434250393 25.6349018083 25.6713490192 24.7430164974 26.8396620178 23.100938822 52.9617571526 52.9617571526 52.9617571526 25.7470421973 24.7352484773 25.1764177604 26.7289747228 23.133470983 23.2069034049 25.7239342793 25.4175874769 26.6039230396 27.1273444311 24.9313484776 46.2706561879 24.3859034555 23.9639331913 23.9253456122 23.3589204982 25.6006768445 25.063056454 23.970442755 26.6447148989 26.0872429494 24.5169781604 25.9090658006 23.1854332623 25.8920626725 25.98894313 26.6306154457 25.9837230975 26.9182364266 26.3450643315 25.5251072562 26.6036758507 24.2458809963 25.423917211 24.3760226199 26.0251627752 23.8403608166 25.7373807162 38.8150579679 38.8150579679 27.0648193682 23.3998086371 25.6362934792 25.9496396311 26.3686854391 23.3897115813 24.3964598737 24.3720644197
24.6064309271 27.2371541477 26.9851773313 24.7351455608 23.8775137805 23.2380583387 58.1216018773 58.1216018773 58.1216018773 26.684556003 23.4943253684 26.4150107782 26.553920191 24.7893365732 23.85649758 23.0758868706 25.3743892642 24.2278690819 24.6229267756 62.6517632872 25.4181301812 52.5996646505 23.337798925 25.0732091263 25.8670830064 26.8301303728 24.5758620683 24.6462784181 24.3462822094 26.196615955 26.6717296393 23.0912145764 24.3306880506 23.3340607601 26.5996128782 27.211798446 23.7475140327 26.6032950938 26.7766660702 24.3055349613 25.7001092736 42.3880549545 27.1618253862 25.814479881 24.2920322323 24.6962117885 50.1858752134 38.8150579679 38.8150579679 66.6099681457 67.4738710174 25.7724698001 24.5641750088 24.7514704689 23.4858908044 24.6204655825 26.2478913114
27.1860172897 24.1817015194 25.4886655615 24.1479331753 24.3017122983 23.6200525512 55.5390514149 73.8394134351 44.0560040305 25.9013990108 25.6949874487 24.6528826969 25.1883858114 24.5812196861 25.314070219 26.3500271015 23.4787941081 23.3711442973 25.8635372604 62.6517632872 62.6517632872 62.6517632872 24.2483420122 25.9177209497 26.2177802174 23.976340953 24.0643497274 25.0869205331 24.655190881 25.0743510148 26.872937269 25.1315054579 26.1099613928 24.7357483209 25.7897924914 23.9813957576 23.6416352285 23.1733774439 25.2622618635 26.3936415358 25.834771639 42.3880549545 42.3880549545 25.9191919624 26.5561298542 23.6227291354 42.418443427 42.418443427 66.6099681457 66.6099681457 67.4738710174 25.9533707977 26.1084063266 26.4453501013 25.8546093521 25.6212421426 23.0219203666
56.6391725145 26.1924865221 25.3261653988 25.8723689572 68.8564901486 48.6207276015 73.8394134351 73.8394134351 73.8394134351 69.1560107816 63.0332921833 23.2220468117 23.7135409453 54.557684737 56.8338190833 24.4757086991 51.0203769994 26.034297171 53.9601433979 25.9471238235 26.5557881217 26.8570311571 23.355860382 24.7004827435 67.9676219081 25.8128939333 26.0697924596 24.5866677066 25.4196364546 26.1797928029 24.9004145409 24.6463661961 25.3888146632 24.8344911415 73.6491116169 73.6491116169 73.6491116169 25.6920712286 24.0631363224 27.0403467832 23.3172657294 42.3880549545 42.3880549545 61.2237713475 24.2613106415 25.5562112604 50.1858752134 42.418443427 66.6099681457 66.6099681457 67.4738710174 25.7574172847 25.0390583854 23.998797345 23.7173671924 23.5300417803 24.4719099769
56.6391725145 56.6391725145 58.0044618576 26.4219540176 48.6207276015 26.9208689342 52.3099985215 52.3099985215 73.8394134351 63.0332921833 63.0332921833 63.0332921833 26.4664135489 54.557684737 54.557684737 56.8338190833 53.9601433979 53.9601433979 53.9601433979 26.1851224577 53.5976193989 26.3037212923 26.562563953 26.022583429 67.9676219081 23.8275778008 25.3967449775 25.9028795238 25.5563353338 26.8896569922 25.0246035923 24.0666500354 26.8254044665 25.7542974859 24.2808752861 73.6491116169 24.578625988 26.9920833159 24.3217202864 24.5494100176 26.060337062 42.3880549545 26.9295822386 23.9848210123 26.1451306644 24.3766204788 50.1858752134 67.2516571508 67.2516571508 67.2516571508 23.7317250299 26.8702896377 26.2916831237 27.1939077851 26.7320456202 26.6700321146 25.327515004
56.6391725145 56.6391725145 58.0044618576 59.8307142163 48.6207276015 48.6207276015 52.3099985215 52.3099985215 43.9709563444 63.0332921833 63.0332921833 25.5110705481 23.5605488947 54.557684737 54.557684737 56.8338190833 51.0203769994 53.9601433979 53.9601433979 27.1802042495 26.211516035 24.449986836 24.9840825763 24.8662683234 67.9676219081 25.6908450497 25.4638139504 25.5557782997 26.3176614328 25.3565447664 24.2447030981 26.419272236 24.5549517074 23.2863007494 26.9020570976 23.5422652777 25.331258078 25.9070867505 23.7754743853 24.8546606121 25.6020471365 23.946529205 27.1193133472 27.2192695638 24.2579402455 23.481204413 27.002878664 67.2516571508 67.2516571508 25.4526617716 24.0304186644 26.7202675918 24.2731722828 24.7410841592 25.4275278271 25.7974147373 27.1795853827
56.6391725145 23.274790344 56.8851112904 24.8200944036 26.7088539257 48.6207276015 54.1048965619 43.9709563444 25.6157902415 24.9824735092 25.7826991861 23.475413894 26.5025580238 24.9976793554 23.4455074964 26.8738179355 24.0594043359 25.0519499768 26.5105066904 26.7419907522 56.709216696 24.8404828562 25.1302918948 23.5941283158 23.8039839973 23.2325441834 25.6616917128 24.5537645008 26.3037588047 23.4718219828 26.0799398307 23.8655889445 23.905458077 26.0689730944 23.4311781749 27.0331956149 23.9182487011 25.3906062485 26.7599752791 23.1182234181 25.2498691829 25.0184858257 24.7666398024 25.6685351274 24.6620365364 23.3074632424 23.1429348729 68.402018886 68.402018886 68.402018886 26.697734683 24.8634176015 24.9372703742 23.4010903771 25.8155091693 26.5159522114 26.7108663628
24.9993398676 25.9592030397 26.4089921569 25.8421928195 25.6961686941 48.8082337168 25.5082318532 25.8731348982 23.1214991653 23.2165770773 26.3802331894 23.4448125549 24.0553798243 25.2517342997 25.5242269076 23.5132473337 23.0808859052 24.5370677159 23.9139688094 25.2232324917 43.3239061795 25.716209619 26.5967704544 24.4316546298 25.6669458868 26.3005565249 26.9848154594 23.5736673934 23.6450205541 23.368970541 27.1513894723 26.3934914868 24.2538227782 46.5960816212 46.5960816212 46.5960816212 26.0782476514 23.284510654 26.1045726661 23.5383520278 25.3837634597 23.5092406615 23.6797074876 26.5697677992 25.7226199015 25.2983007434 25.1273577554 70.0371445216 68.402018886 23.1696151713 23.6725555863 25.2316868508 25.3509264164 26.4767415293 24.3980180306 24.3734183486 24.4784838184
26.1881738322 25.6915397641 27.128756319 25.4799149416 26.3042113972 37.6173049333 37.6173049333 37.6173049333 26.0650317796 23.8041202803 26.7924068406 24.321781589 23.4128443484 26.922755038 23.481584874 26.7105182667 24.4477393817 23.8144036573 25.7271224541 23.0489866407 23.7076201755 24.96783808 25.1434979975 24.88889142 25.8310695375 24.1802560907 25.9194011895 25.4051618691 23.8612312989 24.268615035 23.2948598753 25.1563654652 25.9411371818 46.5960816212 46.5960816212 24.9509372979 23.3009857639 23.6164228495 25.0854771572 23.7855786898 24.9550661709 27.2254444203 26.0294760016 25.9753559243 25.8137414438 24.3785161912 25.3814303472 53.9830786426 26.1256574864 24.6337635066 23.0697450115 23.9678541335 23.0503495351 27.1500763188 23.2002948498 63.4686027613 25.1694475739
24.8879052624 23.0577861834 24.1130669813 27.2329341133 24.9175609273 23.2397892134 37.6173049333 23.5012965694 23.8830962322 26.8229832083 23.6944758026 25.6844377565 23.8371192367 23.8918229177 27.0521399703 24.5472460994 24.662816751 25.2653104641 23.2760906673 26.362989824 24.5155924881 26.7096436457 26.053904337 25.4457991064 25.8490472535 24.7015965032 23.2265116398 25.1944687328 27.2237024962 26.1678054784 25.9015937605 41.712280655 41.712280655 42.524466037 56.1408304445 42.524466037 23.7431700801 25.9214140723 25.9364311758 26.2209186786 47.955503719 65.8756339035 51.0523395258 60.0965552862 52.4307063052 52.612019941 43.9794937156 43.9794937156 25.8103252534 68.4599084416 68.4599084416 24.6156324025 25.8952863267 67.9636738034 26.6989074787 63.4686027613 63.4686027613
25.9174599721 24.3490987537 24.7876061571 26.2539769715 23.8597897965 25.2653088269 25.8386602814 26.2098512837 23.9532800983 23.3964439684 26.7237774673 25.6540907408 27.0071684872 24.6926894614 24.6601051599 25.2468587205 23.1141597242 23.4532335899 24.737544837 26.0545406527 26.1686080389 25.6950104308 25.7191455042 23.0001732461 25.7548849491 23.7188440745 25.7676104079 23.3753677018 25.8691309983 26.3576688381 23.79502776 41.712280655 41.712280655 75.7961396078 75.7961396078 56.1408304445 38.3762800406 24.5338683392 24.1886813184 26.4880409984 47.955503719 65.8756339035 65.8756339035 51.0523395258 23.0044013326 52.4307063052 43.9794937156 43.9794937156 64.7917719292 68.4599084416 68.4599084416 26.0337055383 23.0391003596 67.9636738034 26.5147497488 63.4686027613 63.4686027613
47.206237497 23.1504358565 26.6202669374 26.3327034417 26.3312622551 23.8191245695 25.4662321645 24.9863881007 24.2654987582 26.5096676244 26.164849286 26.7986561884 24.8957575149 24.722255102 26.7578815406 27.031853038 25.102252652 24.9710072295 27.0831599774 26.6711238662 25.5563516036 50.6002629322 50.6002629322 23.6999082856 23.0177247409 24.4126801574 23.1962870829 25.460309899 24.3098166792 24.5239685917 27.0182997029 41.712280655 75.7961396078 75.7961396078 75.7961396078 75.7961396078 23.6613490053 24.4566690234 23.1452630987 23.2744044358 47.955503719 65.8756339035 51.0523395258 51.0523395258 24.5358980266 52.612019941 43.9794937156 43.9794937156 25.1705566237 56.4069370328 68.4599084416 76.1080218021 26.7230004426 23.5602256649 23.2186146325 63.4686027613 25.9459819155
42.9673871557 26.6946513003 25.7778899564 25.4968756405 25.1097391642 24.0539883717 23.1720316639 23.5656522451 27.0438323893 23.1102921768 26.1086299042 25.6531918502 23.7839689361 26.4186525769 24.7314822106 27.1527769227 24.8824428641 24.7844251919 25.1780447182 26.4107386088 50.6002629322 44.7892421753 44.7892421753 23.8528980743 26.1249311588 26.9330711503 25.825748272 26.0149711945 23.8543432864 24.5695902195 23.9168380211 24.6866797976 25.636410182 51.4775134393 72.3429086817 51.4775134393 26.7702164623 23.6745076659 26.982517256 24.9090179982 26.0648276202 65.8756339035 23.1364074274 23.039536414 25.107168991 24.4616178774 26.4238947877 25.5656516041 24.2439463235 53.5812630309 24.5941630918 25.6519174155 23.3067270197 24.3593222048 24.0069163101 25.0561459512 25.6524796205
42.9673871557 26.2784276594 23.442044536 24.6455087692 23.8579460322 25.4250555619 23.7152721648 25.6898712798 26.4605536377 23.0302798852 23.0447028399 24.0261786008 23.275261796 25.0762571986 25.7761025085 23.7877517794 24.4498127081 25.5326067387 23.2812301368 26.1546530226 24.3559269704 44.7892421753 44.7892421753 47.4813306539 25.5341273971 25.9635323717 25.036185021 25.0958107332 23.7415026379 23.5766909985 26.3488448224 27.0399294465 25.8423848719 72.3429086817 72.3429086817 72.3429086817 25.381388948 24.3899006027 23.722351077 23.8545042986 23.5234788118 26.8774762827 24.8259716531 23.4113575333 24.4756042351 24.3850331014 25.2489300644 53.5812630309 24.2537823971 26.8615608601 25.4327503495 24.6240267809 23.9040208597 26.5367152895 25.4010884279 23.9049110184 25.5163835577
42.9673871557 41.5596662167 23.023133045 25.9669556942 25.9827685712 24.391871661 27.0372637617 24.8937857943 24.5685571806 25.6218822313 24.1865674861 24.6535422269 26.2511221307 23.4498455856 25.4468844159 23.4803791207 25.8421827956 23.1462662569 23.1996461257 23.144486627 23.4000933509 24.0134337327 47.4813306539 26.562244199 24.341119352 26.628779375 23.9686625853 23.2781664057 25.8662223194 27.0334236877 27.007286523 26.3403154456 24.7606197906 45.0155051405 45.0155051405 45.0155051405 25.6973672969 23.7184940477 23.9283234909 24.6715773565 23.8295537741 25.7758429905 24.9725913265 24.454250893 24.9826820207 24.2822019221 24.2537243953 24.3225580994 56.1237665256 56.1237665256 25.540034135 26.0685520002 25.6114176769 23.8111842214 44.8564958606 25.8064185344 26.1214721932
24.8748073131 27.0807291606 26.7815798015 24.5162234144 25.4427052465 23.5086567715 23.7882470928 25.6041382478 27.1111996232 25.0367305297 25.6945232551 23.3146128288 27.2271136671 25.137152889 25.9892753327 26.6472891303 23.1108769672 23.948112843 26.9916858849 26.7419156397 25.413834076 26.616089595 25.9967806319 25.6057026518 23.4486148248 24.6168504174 24.1370624937 26.04969627 24.8261537611 23.1698139952 25.5386134823 23.3933792781 23.1124784093 24.3959770361 45.0155051405 25.2340704158 27.1124200953 24.3878582415 27.1998256364 26.4949000792 23.4271207597 25.5474847182 25.1970325301 23.8089270181 26.1934516457 27.0822932957 26.994588512 25.7377400102 53.8729731025 53.8729731025 24.3079016365 23.4452327544 23.6312788362 26.3246040101 44.8564958606 44.8564958606 23.2050385884
25.0276157604 26.6026252227 25.6354068097 23.7259406242 26.6437019865 48.9082462929 24.1816319568 24.2616008151 24.5013795904 26.9798734861 24.1356415367 26.9352116282 25.4851556315 24.34967592 26.0147516722 24.4663838901 27.1813567508 23.350873218 23.7583228076 25.3326060191 26.8809459483 25.8651513048 25.9458869896 26.9824085709 49.6963240433 26.9271215483 25.6725985182 25.6397433913 23.1253661439 25.270431806 27.1897709743 24.8438682053 25.0197435341 23.4912630563 49.105646286 49.105646286 25.3176426943 26.5627230061 23.7263183759 25.3904485682 24.5785532735 26.5924204278 26.0164065987 25.7402360018 25.7102710473 26.7786607238 47.1516042053 42.3658148411 53.8729731025 53.8729731025 53.8729731025 23.4570802309 25.7986812974 25.6744381741 44.8564958606 44.8564958606 24.8080048898
25.4772397775 23.0847342259 23.6109200111 26.0478204729 26.0293209223 25.8748061924 26.9941054763 24.0217061662 26.7519391505 26.0204099128 27.179712654 26.8060473769 26.6027783675 23.4207735548 24.1620566821 25.8593507841 23.633593065 23.2602804307 24.3731492844 25.5873234674 26.3256551617 25.0407221005 24.3647851737 23.0832292192 25.5638295603 23.0121661143 25.8057029967 25.988691913 24.8193953565 25.5926243373 26.5295608069 26.8805830336 23.1223042661 24.8386977225 49.105646286 49.105646286 49.105646286 24.6625228655 26.3256136549 25.5204788418 25.1663948256 26.9380948144 26.2734198918 24.8869311342 25.4907132764 44.8958259876 47.1516042053 42.3658148411 26.393718336 26.7720712846 26.7652331172 24.0355851661 26.346854172 23.8990825378 24.1615556683 23.1908235625 26.3140032043
