Spatial_Output/BAU/BAU_1438.asc
NCOLS 155
NROWS 192
XLLCORNER 196307.867259
YLLCORNER 449144.565805
CELLSIZE 33.573938
NODATA_VALUE NaN
[rows 50 to 74 of 192, columns 0 to 55 of 155]
32.8286874053 32.5821455457 32.8932455375 32.5792102206 33.0617728537 33.0326931076 32.6645198437 33.1530855891 32.7583396208 32.7242243606 32.9710694561 32.601293541 32.7975948579 32.7116300684 32.7693012537 33.1737080522 32.8185970321 32.8610452401 33.1355517056 32.7855005002 32.8667141776 33.0441683124 33.150201039 33.1573661271 32.8498642122 32.7772066236 32.6568047205 33.1771555632 32.6022464839 32.5901718344 53.7830166232 52.1579625875 53.7830166232 32.9162616221 33.1550529585 32.9643429694 32.8575949113 59.8652445154 59.8652445154 59.8652445154 32.8532276064 32.9685023069 32.7739339322 33.0595783771 32.9626414803 33.1023823273 32.9270937212 32.8800921939 33.0166173223 32.5216844768 32.5246546583 32.6884904265 33.105155518 32.7630951787 32.8523934842 33.1051715892
32.6585153945 32.5743931609 33.0380687792 32.5185346133 33.1008185422 32.7109703109 33.1092834223 32.6489882901 33.1791664272 32.601747947 33.1006787377 33.1871117784 33.0470248376 32.5284247562 32.8016626153 32.5625559929 32.5199540684 32.9974719842 32.9765986914 32.8569534763 33.2019609339 32.8658478331 32.912219146 32.9747931062 56.4500884228 33.1979944025 51.1660974048 33.1457413867 33.0686715632 32.7547560769 59.0545259696 57.1159609707 57.1159609707 46.9229210228 33.1623210106 32.5729803037 32.5882918292 64.5145484707 32.7628243195 32.6570750282 33.0679082509 33.1955336995 32.8743275563 32.6108242189 33.0402365737 32.9019026496 56.5558971306 32.9535985692 76.1108936253 33.1255499059 33.206653191 32.6041225211 32.6336954214 32.6710219033 33.0524167121 33.1682192858
32.8717600616 32.7099260522 32.8921794679 32.8485794227 32.6980609627 33.1802862237 33.0432062642 32.6401671805 32.6991776095 32.6774074942 32.6548249396 32.9780758124 32.7977267748 32.7017845306 32.8737546757 32.9186861357 32.6907304165 32.9159925451 33.1262756506 32.50917283 32.9747241838 33.135474629 32.6598360967 32.6457704809 56.4500884228 32.5783921491 32.7335813878 32.5593272379 33.1154204607 59.0545259696 57.1159609707 57.1159609707 57.1159609707 33.1287840831 32.5268596196 32.7106721463 33.1338673614 60.2327812448 60.2327812448 53.7153965053 59.600817894 62.910139011 32.7797555922 32.9879396603 32.8855595455 73.3517078261 56.5558971306 45.3122088418 45.3122088418 46.425029501 54.0486345684 54.0486345684 32.5120380886 68.8867043529 32.968095391 32.6756259426
32.7270604586 32.9007503899 32.8555539756 32.5790264866 32.6522498023 32.7443891704 32.6528417131 32.7510971384 32.8388372373 32.9502860389 33.1932961229 32.6278957612 32.6228257133 32.7642770047 32.6187874036 32.7976193627 32.8887880834 32.9230334935 32.8717539842 32.8093369171 32.7400727271 32.5423752933 33.1721723354 33.1592361025 33.0959666538 33.0179434996 32.5588891664 32.9279854667 33.1778618531 59.0545259696 59.0545259696 32.8385500657 32.8772074354 33.1866725076 46.9229210228 32.7299717566 52.8261573995 60.2327812448 60.2327812448 64.9752183589 64.9752183589 64.9752183589 73.5319549244 32.8771808768 56.7195934188 56.5558971306 56.5558971306 45.3122088418 45.3122088418 46.425029501 54.0486345684 54.0486345684 68.8867043529 68.8867043529 32.9694006153 32.6444025391
33.015576307 32.9288136377 32.8533965604 32.673921136 32.9573012908 32.8343646315 33.0747866516 32.7877940123 32.8670326078 33.0066805538 32.6862843663 33.0481006183 32.5434493478 32.9468598942 32.669989799 32.7711205366 32.9363354639 32.6143802271 32.729975355 32.7088581051 32.6130425462 33.163884928 33.0379266617 32.7563892754 32.8770342661 33.002708075 33.021255724 32.9423824823 32.6394392756 33.1793568896 33.1795526542 32.7261657697 32.7114334361 33.1844507009 32.5010009426 32.8971627335 53.2154875368 53.2154875368 54.6428711882 54.6428711882 64.9752183589 64.9752183589 52.7638925031 32.7043077817 32.6006823653 56.7195934188 56.5558971306 33.0369901301 45.3122088418 32.7212827822 54.0486345684 54.0486345684 32.5721390778 68.8867043529 32.9493301551 33.149695138
0 33.1804049733 32.8595293668 32.7448786342 32.8908498486 32.8765859477 32.9424113226 32.8020197755 33.0506248204 33.1560433284 32.8016996284 32.8352952936 33.0780761209 32.5825456888 32.6738227996 32.7258410879 32.578784181 32.6093354455 32.9223774548 32.7592239123 33.1739846876 32.6533863325 33.1019689137 33.1516210637 33.084316497 32.6027417749 32.5716683299 32.9006471579 32.8461823183 32.866739218 32.8383785209 32.6075375159 33.0687013629 32.7635458628 33.0616247149 32.8684644852 32.6295713993 53.2154875368 53.2154875368 32.5799423786 52.7638925031 32.8767196299 32.5505626291 32.911485292 32.6758098048 32.6627129413 32.7656308846 32.755353757 32.6469583377 33.0444945711 32.5609269867 33.0401743732 32.7020784781 59.4817901026 32.9293198492 32.6730664695
0 0 33.1688672849 33.1240930988 32.6155156445 32.8787617191 33.017363795 32.59654287 33.0966333119 32.9394467496 32.9888094642 32.9846734207 32.8862309513 33.0648745468 32.9976219422 32.9113440611 32.6666364072 32.8055359238 32.6238769679 33.083106686 33.0511657618 32.5769354232 33.0041098936 32.9931635242 32.995594527 33.0747763635 32.9060182076 32.9068313075 32.691034709 32.9189957097 33.1815033037 33.0457395129 33.0517106008 32.9581988689 33.0586148549 33.1408870137 32.9637849188 32.7017201913 33.0970996116 68.6025432412 68.6025432412 33.0799347398 32.553484373 32.8770369573 32.7086085529 32.760449438 32.9719673114 32.7483141653 32.6614969266 33.1046286771 32.7977934585 33.0772790113 32.5294924411 32.8520390422 32.5179086937 33.1198356125
0 0 0 32.963523915 32.7215881652 32.8940727584 32.5805640238 33.171943205 32.8775357511 32.6986370815 33.1925428146 32.9530388383 33.0012890269 32.8899762369 33.1745235697 32.9738404362 32.84147906 33.1251674968 32.5038165672 32.7712326483 33.0605227245 32.8057910101 33.1229156531 32.8879274816 32.7300409145 32.9487175238 32.8432111006 32.5502164909 32.5932875762 32.8778508912 32.9367704205 32.525957687 32.9155100195 32.8250049137 33.018377227 33.0943079942 32.7429545767 33.1634539617 33.1371092845 46.115796996 46.115796996 46.115796996 32.7182496332 32.5409156405 32.5157394749 32.6275351862 32.9291060703 32.7355714039 32.6778303026 32.8165088053 32.9628493989 32.7516510554 32.5705596971 32.5749363003 32.8658334419 32.7256557611
0 0 0 0 33.0488067284 33.0149866161 32.8702105432 32.7542986266 32.6454977409 32.9272335378 32.6883973598 32.7958111621 32.9894986622 32.8643176658 32.8831180988 32.5562096334 33.0215616993 33.0869580817 32.5737267586 32.6723536918 32.6432123625 32.5597349977 32.6272599635 33.0454951526 33.0578467593 32.6931682781 33.2019919412 32.5863244747 32.8281151233 32.8464932776 32.6315116505 32.7607881593 32.8602415524 32.6939763355 32.8831814556 33.1712400516 33.106437697 33.050254424 56.4455659302 44.9787679471 44.9787679471 44.9787679471 32.936961869 32.7370697524 32.825599626 32.8151605488 33.057004445 32.5915167527 32.8294467553 33.0507692032 32.5635716737 32.7408036501 32.7273272976 32.5615115266 33.0278969176 32.9377834051
0 0 0 0 32.8969599688 33.1134150793 32.7267273461 33.0137484477 33.2070402156 32.7239326644 32.6336061369 32.6124797629 32.6668964035 33.0099393998 33.1032966921 32.5571185041 32.6017287308 32.8259706656 32.8088142332 32.6836891035 33.0031952956 33.0666785556 33.1452616191 32.7089152991 32.9199311062 32.6311885539 32.838168982 32.8133177593 32.65823016 32.5830769682 32.9452109627 32.8966813825 33.1521524445 32.6236656359 62.7504806974 32.7950443405 32.7052986782 33.1339885413 56.4455659302 56.4455659302 44.9787679471 44.9787679471 32.6773147353 32.5557006027 32.7141462915 32.7089647107 33.0479891554 32.9264867093 32.9280533175 32.8762572362 32.5537128197 33.0630257858 32.9140944964 32.8000857981 32.8667726142 32.5586937288
0 0 0 0 0 32.6694823969 32.9472885317 33.1165127861 33.1484428667 32.8065235049 32.6351258803 33.1569199225 32.9486029186 32.5833560431 33.1129085634 32.6830546656 33.0119193462 32.7798774919 32.534882221 32.7262869083 32.9747549883 33.0208518106 33.1357361144 32.6565732785 32.7536655938 32.8940735324 32.6552604108 32.6464788584 32.6329275944 33.0662145424 32.7263532958 32.5852790417 33.1520469789 33.1862326766 62.7504806974 62.7504806974 32.9976739344 32.9742070048 56.4455659302 56.4455659302 64.4274556435 64.4274556435 33.1828951119 32.5631003424 32.9156486407 33.1123462741 33.0083454056 32.5289066957 32.7120417099 32.8749827851 32.5329206849 33.1290525599 33.0570681625 33.0688657032 32.9681318667 33.1966058807
0 0 0 0 0 32.9180646057 32.78966895 32.5178580601 32.969491889 32.79937356 32.7733288261 32.5069005555 32.7458564782 33.0519095477 33.0520859788 32.7109436074 32.7348781018 33.0556600769 33.010406982 32.936642044 33.0104378493 32.7644571545 32.8354937114 32.8977876774 33.0723568993 33.1983492379 49.6095163959 49.6095163959 32.6964323189 32.5323447164 32.9411065898 32.602064791 32.7092795628 32.6281102381 62.7504806974 62.7504806974 32.9254210557 32.5135414454 32.811728996 64.4274556435 43.200176586 43.200176586 32.5647307952 32.7744628915 32.506771154 33.0589879054 32.6095387665 32.5845139729 32.6149464975 32.771323508 32.7539097281 32.5253873319 32.5241810267 33.1260689181 33.1602945999 32.8417475276
0 0 0 0 0 32.9270372822 32.5160573785 33.1384589523 32.9236918166 32.6965489499 33.1291126772 32.7041535719 32.6066566093 32.6724136176 33.1612066087 32.6807026625 32.6900365349 32.8360579521 32.8392690429 32.9566866501 33.1366478508 33.0894371273 32.6286308586 32.7688577847 32.6859718786 33.1590958317 49.6095163959 49.6095163959 49.6095163959 32.5966136841 32.6592446784 32.9009344932 32.7026083944 66.0336455191 66.0336455191 66.0336455191 33.1999930545 33.1857612831 32.5623574649 43.200176586 43.200176586 43.200176586 49.7936738866 32.854407424 33.181102568 32.7394550208 32.6310400946 32.9149027255 32.8977258185 32.9424759587 32.8254645475 32.721600267 32.9819651564 32.7575893733 32.8776363483 32.7173698937
0 0 0 0 0 0 32.9463693978 32.5679640589 32.9316721931 32.6465252106 32.5701007921 32.7943945029 32.9303139158 32.6795732172 32.7062486431 33.0773619517 32.9462505919 33.0424192358 32.5668615446 32.7647078431 32.5720704983 32.971178806 32.7393781744 32.7939533542 33.0660945453 32.8841579608 76.5489955434 49.6095163959 33.1302614555 33.0025931302 32.5884623781 32.8575348152 32.7825598847 66.0336455191 66.0336455191 32.6442913229 32.5024551238 32.5167067988 32.8294408425 68.7445728599 83.4170135212 83.4170135212 68.7445728599 32.9070129849 32.5721243878 33.0879588177 32.6147574986 33.2014896272 32.870533275 32.9092515344 32.7293169547 33.1521253248 32.5101121771 33.1623719502 33.1275880567 32.7063976923
0 50.6543402332 61.609138521 63.162841419 90.4520669693 90.1341036086 90.1341036086 32.766004191 32.6441805194 32.8218664038 32.5039248161 32.6377164079 33.183492904 33.186586659 33.0550320159 33.1349942981 32.9080211003 32.8097658996 32.7920125313 32.7524232464 33.161181032 32.9932973839 32.5494666505 33.1572257665 32.8981463425 32.6419487883 55.8690893691 55.8690893691 55.8690893691 32.6835921142 32.6225602387 32.7414018963 32.740385474 32.7430491781 33.1293716018 32.9425019584 32.6241766437 32.8617912553 32.8139439175 33.0308094745 56.8462470694 56.8462470694 33.1365534073 32.6134319826 32.8717571361 33.1179015429 32.5379211221 32.7511355478 33.1629018543 32.6448551321 32.8245296687 32.6523699429 33.0885051429 32.6064615314 32.8423923421 32.7827575817
0 61.609138521 63.162841419 63.162841419 90.1341036086 39.6021893422 39.6021893422 39.6021893422 32.9147746774 32.8580625259 33.0809794203 33.0638545446 33.1571174675 33.0337370184 32.8874604899 32.6011551672 32.7974891287 32.556578982 32.8065279563 33.0996525138 32.8078905911 32.9022043519 33.1616970134 33.124941236 33.106823051 32.9149466288 65.6057041621 55.8690893691 65.6057041621 32.6248410779 33.1995390805 33.0937298245 33.0446656283 32.8239651832 33.0984152631 65.5448237381 33.1079523219 32.8556393779 32.6198221779 49.424997865 47.3281372404 47.3281372404 49.7281532186 32.6560205698 32.5172432148 33.0216827187 32.7599684491 32.742996487 32.7454330431 32.8484413989 33.1895277657 32.9723785041 32.5594519657 33.0090644659 32.5302961055 32.5493414573
0 60.2311324439 61.609138521 63.162841419 90.4520669693 90.1341036086 37.2237118138 73.0243302465 50.3208128222 66.4479397036 32.909890899 32.52228823 32.6000194218 32.6863779485 32.6988608518 32.9521366983 32.6577496839 32.5779128099 32.6068374671 33.0209008235 32.5951000308 32.9257853327 33.1948428091 32.7028301939 59.7405960809 33.0786644143 68.2222879656 65.6057041621 70.8543917831 45.810232873 55.0625432758 60.526053934 60.526053934 65.01764579 65.01764579 48.0772933152 44.6435288763 45.1161724277 45.1161724277 32.8785705846 47.3281372404 47.3281372404 52.6663658248 33.1839331318 32.859413247 32.9712659573 32.5238095936 32.8653012102 32.629250501 32.5990612374 32.7134026726 32.6235809629 33.0851936283 32.7353738854 33.0258864995 33.0744488916
0 44.6366547488 36.9367990362 44.340384395 57.7951937338 58.0394075036 37.1446919533 37.1446919533 44.4517346221 36.9457198494 36.9457198494 33.1673371759 32.8264562437 33.0513176838 32.7564004185 32.7600566138 33.0347555321 32.8367104979 33.0347828607 32.5412890686 33.1547500281 33.1594378127 32.9222536715 59.7405960809 59.7405960809 68.2222879656 65.986888361 70.8543917831 70.8543917831 85.0804259645 60.526053934 60.526053934 60.526053934 65.01764579 65.01764579 48.0772933152 44.6435288763 45.1161724277 45.1161724277 33.0659778751 49.8997173252 52.6663658248 52.6663658248 52.1022092572 32.8364674886 32.6169598253 32.764984636 32.5742109691 33.0865007361 32.5724243444 33.1194308328 33.1352791347 32.8363379181 33.206577286 32.7854822551 33.1102839085
44.6366547488 36.9367990362 36.9367990362 36.9367990362 44.5396099231 44.5271517968 37.1446919533 37.1446919533 44.4517346221 33.0763124284 32.8071658665 32.979023922 32.9440925881 32.6514423628 32.8686176151 32.7750555493 32.8603847649 32.7365620996 32.6871046793 33.173868984 33.0260831245 33.0729044272 32.6350360362 33.1037213448 59.7405960809 32.7094244866 48.5093194544 48.5093194544 48.5093194544 48.5093194544 85.0804259645 55.0625432758 60.526053934 65.01764579 77.5483400671 48.0772933152 44.6435288763 45.1161724277 45.1161724277 33.0861256462 48.4577714493 52.6663658248 52.6663658248 52.1022092572 33.0535777643 32.8829446602 32.7208868858 32.9311226558 33.0845752154 32.9417843557 32.9471513878 32.6002957396 32.61577488 32.9753902623 32.9606204376 33.0913527859
0 44.6366547488 36.9367990362 44.340384395 50.1122392243 57.7951937338 44.5271517968 37.1446919533 44.4517346221 33.0780154609 32.8423805491 33.0986077566 32.9126946741 32.7679335074 32.9355243541 33.0757124194 32.7379388016 33.0210210268 32.5865558614 32.7863448614 33.1058934782 32.6863284089 33.1086131494 32.9546740064 32.5290768317 32.5813950334 50.3526284486 48.5093194544 48.5093194544 33.0761721025 33.1238830534 32.5422905635 32.6220889145 32.9271975785 32.6493826469 54.3853937085 33.1920503709 32.7799868102 32.8485241292 32.6536061051 32.568838903 32.5286490545 32.7559560825 33.0201988365 33.0900710801 33.056499424 33.1581223596 32.5460552481 32.8910148655 32.6362771258 32.6186916745 32.6381492065 32.9917045686 33.0513489415 33.0534457323 33.0909443715
0 0 0 0 0 0 0 0 0 32.7235342507 32.7605398032 33.1028430536 32.6165787645 32.9262744256 33.0657952324 33.0597471437 32.960851523 33.0414610399 32.7461496955 32.552990104 32.6172947963 32.7479766291 32.870891377 32.8039168995 32.9120962307 33.1313265277 32.9179385191 50.5499521826 66.0528621468 66.0528621468 32.8686017511 32.9735979873 32.8806632223 32.7728047416 54.3853937085 32.8959812375 32.8949910779 33.0592755379 33.0777662649 33.1772003115 66.3167585449 66.3167585449 66.3167585449 32.6989932769 32.8859434128 32.8018879609 32.9421525011 33.1174784544 33.0969514681 33.1428009045 32.7173141015 32.8868045809 32.821041261 33.0730220348 32.9690761838 32.7072410217
0 0 0 0 0 0 0 0 0 32.978220848 32.928729277 32.9320337487 33.0197539082 32.8659553528 32.7167791748 33.1318894365 33.1818137202 32.505581826 33.0028641484 32.8028046117 33.0517763136 32.9946023069 32.6143179056 33.0912293885 32.9384447501 32.7082166358 33.0483778596 32.6377685682 66.0528621468 66.0528621468 33.1212994517 33.1411621417 32.5402823373 33.191293182 32.8118569731 48.4742748548 48.4742748548 32.6394285864 32.5308143464 32.5152863666 66.3167585449 66.3167585449 66.3167585449 32.8051194552 32.9532259397 32.5703597639 32.5537516776 33.049101465 32.707467712 33.0741704961 32.696141775 32.6253956788 33.1244280575 32.8918679379 32.7972563845 47.7872125236
0 0 0 0 0 0 0 0 0 32.862584022 33.0390621677 32.777531659 33.0995788234 33.2026234532 32.8086329981 32.8949430545 32.619752356 33.1317667358 33.0393810019 32.6168180743 32.724532675 32.8664840602 32.7979626519 33.0326602855 33.185319379 32.7854170382 32.8785255511 32.8496402361 32.5013317809 33.1091188704 33.0664428002 33.0356116683 32.7377284569 32.7246934875 51.2247678329 48.4742748548 48.4742748548 48.4742748548 32.5878595519 32.5193544311 33.0482858956 42.9225004708 42.9225004708 32.9460428877 32.8959388965 32.7830464451 32.6317041775 33.1741499303 33.0671532848 32.929482003 32.9459905671 32.7539999874 32.5447406208 33.1010684537 32.613699054 32.6203085803
0 0 0 0 0 0 0 0 0 33.1885705959 32.7250451655 32.8042939106 32.6180535304 32.8857816122 33.1788267774 32.9555250084 33.1491677657 32.9469003659 32.7138566345 33.0529770001 32.8353163771 32.5771889549 32.9474179774 33.1832941199 32.7148677807 32.7549947951 32.8766854244 32.6617812251 32.9642298134 50.4843950653 32.6342872895 33.0796428188 33.0271913821 32.962558667 32.8807269736 48.4742748548 53.2156460981 53.2156460981 33.0414194781 32.9625121398 42.9225004708 42.9225004708 42.9225004708 32.8040329846 33.099279064 32.9729564419 32.8333123486 32.8347009169 32.9158669521 33.0638928916 33.1673231498 32.9728466706 32.9334029744 32.767806302 33.1518268342 82.8987140903
0 69.2314019752 45.4291857032 43.2357644943 58.3068292644 43.3590544435 68.3628347603 0 0 0 32.7690945633 32.9997026965 32.5023115541 33.1657829936 32.8515919315 33.0689423987 32.9425450055 32.5349302363 33.0051838094 32.5123012164 32.6166183132 32.5449783236 33.1531238613 32.5346773524 32.5041569682 32.719779429 32.9069719354 33.0418362441 33.0166950641 32.6369528558 33.2035958382 32.9367876673 32.9377361542 32.6986942757 32.8417568815 53.2156460981 53.2156460981 53.2156460981 51.181055517 32.5464823851 50.8289727974 50.8289727974 50.8289727974 32.9041793107 32.9805598329 32.9276715419 33.1118237418 33.0219376002 32.7179598684 33.0040416619 33.1951314931 32.6561163391 32.7887453429 32.9602167843 33.1980871191 82.8987140903
