Spatial_Output/BAU/BAU_0314.asc
NCOLS 155
NROWS 192
XLLCORNER 196307.867259
YLLCORNER 449144.565805
CELLSIZE 33.573938
NODATA_VALUE NaN
[rows 75 to 99 of 192, columns 0 to 56 of 155]
69.2314019752 80.1236992038 80.1236992038 58.3068292644 58.3068292644 80.4101538359 58.1193782535 58.1193782535 82.7754590203 72.2813109616 80.1200983016 58.3681737716 37.147696924 36.5607507403 36.0519699079 36.8532343663 36.4485338918 36.1637782514 37.3540525573 36.7391667409 36.1236355412 37.2255789136 37.1451136941 36.9722057475 37.393765462 36.4170308525 36.716657198 74.313974102 54.7624399706 54.7624399706 54.7624399706 36.5975684731 36.8096383474 37.0001875292 36.1072474791 37.290077094 63.6446691958 75.7260098755 63.6446691958 36.8829895473 47.8421350055 47.8421350055 47.8421350055 37.1867481827 36.2588185096 36.7864321151 37.3676098979 36.8384183314 36.8288554992 37.0362819493 36.0098499527 36.2434151353 36.957374486 36.8257146759 36.2824818347 37.0083306365 37.3969100955
0 80.1236992038 80.1236992038 58.3068292644 58.3068292644 58.1193782535 58.1193782535 58.1193782535 72.2813109616 80.1200983016 79.9143645716 79.9143645716 37.0124237928 37.2356833239 37.3882274428 37.1576574764 36.6153860687 36.2748926221 36.0621994839 37.3361572309 37.3846549985 37.0904652278 37.3109900116 36.0422205893 36.0704126335 36.7480148451 66.653936638 36.0438047005 36.5284503946 74.313974102 36.718273423 36.3680062606 37.1484657878 36.3718110188 36.301839449 36.4946202147 75.7260098755 75.7260098755 75.7260098755 36.8045928308 36.7941416081 62.9671767741 62.9671767741 62.9671767741 36.0135585714 36.0905286545 37.2305330314 36.8031394104 36.4490308718 36.4126676102 37.274983781 36.7867617278 37.2716259046 36.0439572188 36.2335779707 37.4071067012 36.427122548
0 0 68.9333533432 0 58.3068292644 80.4101538359 58.1193782535 72.1247218142 82.7754590203 80.1200983016 80.1200983016 79.9143645716 37.3563039898 37.0986468571 36.9881840093 36.0116828703 36.1983663309 37.2560355168 36.207537554 36.5148191528 36.0001756234 36.6897044934 36.887253333 36.6799338891 36.3508750899 66.653936638 66.653936638 36.4310318267 45.7872207341 36.4026797346 64.292334335 37.2895473419 65.393220941 51.4414904007 75.3545674576 57.0082723207 75.7260098755 75.7260098755 65.3377862218 36.7971649891 36.9739690797 62.9671767741 62.9671767741 70.8976992687 36.1292273111 36.1058388044 36.0295405886 36.5097804354 74.305421828 74.305421828 36.0477632227 36.5324249855 36.3466778057 36.1378482567 36.9202667935 37.1183320614 37.2255486287
0 0 0 0 0 0 0 0 0 0 0 0 0 36.124935987 37.4016591763 36.0375479232 37.3593811525 36.020015694 36.1938467858 37.1816132333 37.0864191688 36.3571734275 36.9305578749 36.1964073548 36.8141515163 66.653936638 66.653936638 76.1786352883 45.7872207341 36.9817360132 37.1230615041 65.393220941 51.4414904007 51.4414904007 57.0082723207 57.0082723207 65.8605950308 47.9738722443 37.2985163292 49.1441158459 36.8120920798 49.1882805286 75.1883560393 50.6397194185 70.1276131351 69.079876287 81.3758086155 52.3782631612 52.3782631612 52.3782631612 58.9182613979 36.3774252395 37.1954082084 36.4739408491 67.0036993025 37.1963283982 86.20252583
0 0 0 0 0 0 0 0 0 0 0 0 0 37.2303278168 36.1144282379 36.6877179632 37.1242126701 37.2832972821 37.1627762351 36.3926747245 36.2599027042 36.4205334398 37.1683261695 37.3515355125 36.1626403556 36.1575545938 66.653936638 55.9316478791 37.3955230042 36.0109170833 36.0380184332 63.4803422455 65.393220941 51.4414904007 57.0082723207 57.0082723207 65.8605950308 36.4378406722 36.416168475 49.1441158459 49.1441158459 75.1883560393 75.1883560393 75.1883560393 70.1276131351 69.079876287 81.3758086155 80.8043503791 80.8043503791 80.8043503791 58.9182613979 37.0915729584 50.4964739353 36.1603569879 67.0036993025 67.0036993025 56.5224399045
0 0 0 0 0 0 0 0 0 0 0 0 0 37.09447316 37.2221356415 37.1046942415 37.2627126426 36.9368451347 36.852046701 36.0748772774 36.4388440635 36.8157483384 37.0282393452 37.3991628434 36.3594562735 36.9299599614 51.1005203658 55.9316478791 55.9316478791 36.7106407148 36.4324282511 36.8939120907 37.3131740837 51.4414904007 75.3545674576 61.8152274452 37.2063452299 55.6904169118 54.0597929786 49.1441158459 37.1873771349 36.3230680717 75.1883560393 70.2202113975 70.1276131351 37.4016503491 81.3758086155 80.8043503791 80.8043503791 58.9182613979 58.9182613979 50.4964739353 50.4964739353 36.9712019312 67.0036993025 37.3578261841 56.5224399045
0 0 0 0 0 0 0 0 0 0 0 0 0 0 36.0036706591 36.2550059132 36.2681392737 36.3112630256 36.8805596833 36.8380961978 36.5067445459 37.3208029518 36.1026471824 36.1551416105 36.3095236433 54.9106295442 51.1005203658 55.9316478791 55.9316478791 37.0250521287 36.2824523115 36.706787034 36.8387870814 36.8749720535 37.0585868895 36.4557901981 37.3542530882 36.8259780635 37.1810247074 37.0068232259 37.3746765575 36.066277931 36.2724972604 50.6397194185 37.1605976168 36.8053386589 36.2377057997 51.0704487466 52.2907027129 52.2907027129 52.2907027129 36.6983161324 36.2278205671 36.9737290524 37.314813874 36.9803558102 55.4956205378
0 0 0 0 0 0 0 0 0 0 0 0 0 0 36.9472897675 36.0038486469 37.0503949033 36.0513951899 36.1514427915 37.345727617 37.1912704727 36.8425289806 36.6261760278 49.5398105086 54.459366154 54.459366154 51.1005203658 51.1005203658 36.6469433341 37.0795938895 37.3588854904 36.670863649 36.7312631635 37.2231128054 36.1524515858 36.9830853605 36.4206237579 36.9082344477 36.5934438354 37.2809027212 36.5219499992 36.583100678 37.187012551 37.1660573367 36.5203841179 36.3506742663 36.5851211618 37.1310383532 56.8537275164 52.2907027129 82.4846376175 36.4224217533 36.1787531065 36.4411790433 37.2091906456 36.2148641741 36.0487500548
0 0 0 0 0 0 0 0 0 0 0 0 0 0 36.8606971254 36.749512059 37.1486455894 36.1598870028 36.3987938743 36.2968203698 36.1613953816 36.0452965937 63.4659863855 63.4659863855 63.4659863855 54.459366154 36.0195498206 37.1784063554 36.353367817 36.5434454189 37.0141910654 37.2895351717 36.3914997573 36.5881952095 36.6682537609 36.5539633255 36.3077109917 36.5916344848 36.2570618234 37.08679107 36.6627818534 36.0092848072 37.4110720468 36.1544366712 36.3495588886 37.1193888825 36.9638068029 58.9032522834 56.8537275164 56.8537275164 79.8688005476 36.2027618493 36.7218318793 36.3026228645 36.8816979869 37.2061667982 37.1478567096
0 0 0 0 0 0 0 0 0 0 0 0 0 0 36.6407517542 36.6286624596 36.4765010468 36.2078834098 37.214979602 59.2158281313 36.6777890574 57.9754989912 63.4659863855 63.4659863855 63.4659863855 36.0409000179 37.1963851742 36.3477978296 36.6844958892 36.0615392323 36.5146490845 36.4122521051 36.0645984383 36.8811211746 37.0514919349 36.6310567399 36.4658724112 37.2702225328 36.9894885122 36.9116016937 37.1823519434 37.2778230519 37.1156473591 36.6391319186 37.2568345541 36.6898673643 36.2858683103 73.7639962187 73.7639962187 56.8537275164 47.9436400595 36.406591301 37.1905508588 37.0516630375 36.9218712148 36.2656071295 36.8943103903
0 0 0 0 0 0 0 0 0 0 0 0 0 0 37.1213621419 36.3285519324 36.5980917622 36.3984256328 56.319289455 59.2158281313 59.2158281313 57.9754989912 83.4427637624 63.4659863855 63.4659863855 36.5673168816 37.2715324797 36.3768818971 37.1174750076 36.3495683404 36.6155918477 36.9631424929 36.216503239 37.0843281073 36.3577733124 36.3720169714 36.3936053022 36.747004675 36.6385542178 36.1983657555 36.6511621382 36.5828764078 36.7737361945 36.5239877259 36.6234055669 36.7941532381 36.6718404078 36.4740049015 73.7639962187 59.0796410859 59.0796410859 36.3250481521 36.9730520538 37.1962950668 36.1765990255 37.1981289551 37.3606132929
0 0 0 0 0 0 0 0 0 0 0 0 0 0 36.5738358013 36.0740773648 36.8033135172 37.1249376195 36.1853108979 56.319289455 56.319289455 36.50811611 37.0168802803 36.1768597724 37.2475540881 36.4805294043 37.1148728855 36.6195333908 37.3720337999 37.0916843 36.3759841902 36.8605416718 36.0274787286 36.514084671 36.9410289467 36.1653644166 36.5500919369 36.7454115672 37.3742956754 37.273725589 36.2727648857 36.049502127 36.0224173546 36.4252210795 36.8923458436 36.1989974244 37.024256874 37.031550982 58.7493667385 59.0796410859 59.0796410859 36.6189663582 37.3009628546 37.3479475877 37.2844769007 36.7124230881 37.3594577909
0 0 0 0 0 0 0 0 0 0 0 0 0 0 0 36.7379103313 53.715263408 60.4415377211 60.4415377211 37.1640411716 36.3456992654 36.2724808569 36.6659815277 36.3383510509 37.2406000894 36.6445451792 36.3342422796 37.11766981 36.2588031655 37.2839101917 37.0214134503 37.2461273829 37.3886955198 36.9300237135 36.7984140856 36.4563170771 36.1642802289 36.5700017509 36.5482575048 36.5722880846 36.3703634271 36.7832564454 37.071934769 36.962427707 36.0928942249 36.5540562717 37.2566048139 37.0872491467 36.9764129953 36.7383444876 58.7493667385 37.4024572681 36.9272063929 36.9785451794 36.5813864117 36.9959202076 36.7387681862
0 0 0 0 0 0 0 0 0 0 0 0 0 0 0 53.1561291098 53.715263408 53.715263408 60.4415377211 36.1058283217 36.4883522385 36.4390967198 36.8561131276 36.9611014006 36.3027437092 36.672602074 37.2881670777 37.3355077432 36.3035143607 36.1533039369 36.5810217939 36.6575839115 37.0974671384 37.273984123 37.1462236292 37.1774136096 37.4032737638 36.9076176595 36.0036758955 37.2082880366 36.8855221145 36.8505694919 36.2556528511 36.5729507699 36.7141921067 36.9022478967 36.475768489 90.6460714836 90.6460714836 90.6460714836 65.3787598189 37.2442305695 36.1387398759 36.0503808055 36.9808522865 37.0911724698 37.1591433798
0 0 0 0 0 0 0 0 0 0 0 0 0 68.3048298922 60.3210853845 63.2246708287 53.715263408 53.715263408 53.715263408 36.7343380828 37.4090884131 36.349434141 37.1524773501 37.2820319047 36.0260751359 36.6033384569 36.7098710618 37.1197007253 37.1761461813 36.2213116198 37.2387390772 36.7070602103 36.4281233712 36.2245881965 36.6896363824 36.4336095764 37.1696463529 36.6052287235 37.3910952205 36.1039919323 36.6350389474 36.2064472747 36.6643202323 36.3636040293 37.2573419115 36.337218537 37.0301265127 36.2068551693 90.6460714836 90.6460714836 65.3787598189 36.1096106292 36.7696461734 37.1359536854 36.3235222602 36.3325130042 36.5404779285
0 0 0 0 0 0 0 0 0 0 0 0 32.5536714875 26.3604303911 26.3604303911 48.5323130575 48.5323130575 53.1561291098 36.7368978353 36.8826906714 36.5414607944 37.0441170722 36.0606099872 36.7558486042 36.3919681492 36.6288672061 36.768136627 37.1629523048 36.7403213836 36.6286434946 36.2729693411 37.3875886666 37.356842033 36.3445079198 36.1751296851 36.4313480259 36.0885107455 36.555373399 36.2891733927 36.6005267916 36.8341323055 36.3646969798 37.1968516953 37.3958167773 36.3433885222 36.1892571208 37.1312577663 37.4125137731 36.3239700079 37.1539442495 65.4558302557 36.0323596929 37.0028200591 36.0248617728 36.1212611938 36.7704324675 37.0937781685
0 0 0 0 0 0 0 0 0 0 0 69.5794076467 70.152709547 26.3604303911 26.3604303911 53.4309858863 48.5323130575 0 0 37.3952507861 37.022152396 37.1934719035 36.4773457567 36.8097767679 37.2446322312 36.7651024018 36.8104930264 36.9197829381 36.8817647252 37.1701391393 36.3276488236 37.143631724 36.6398799282 36.4385408997 36.160739554 36.3000006176 36.0060760902 36.0546523404 37.2209258478 36.7263879996 37.0458784877 36.5271205002 36.2938400347 37.1704611595 36.5836650056 36.6185710235 36.3513211981 36.3199144564 36.6210512504 37.2228584786 36.2097852277 36.8391906656 37.2690922565 36.403109459 36.1672408982 36.7241227771 37.1281476314
0 0 0 0 0 0 0 0 0 0 64.0522000836 58.4175396204 70.152709547 54.013755368 54.013755368 65.2788203376 0 0 0 36.2994111259 36.9876054325 36.4115536896 36.990664263 37.2127081379 37.359449968 36.4114195126 36.1986969094 36.5970712573 36.9071431451 36.2111748865 36.9822246391 36.1049248007 36.8023125857 36.9337304803 36.759549724 36.4361303855 36.7757918978 37.2440100506 37.1299842046 37.1193402243 36.8340073221 37.2422535996 36.2477369649 36.3124922726 36.1739134116 37.2891486045 36.4328662311 36.648433134 36.9905051209 37.0059908328 36.3326704146 36.4983213113 37.2960089453 36.3680153486 36.1036854106 36.5790762566 36.9382582676
0 0 0 0 0 0 0 0 0 56.8406311105 58.0726088448 58.4175396204 70.152709547 70.152709547 0 0 0 0 0 0 36.4927610669 36.0514203214 36.1835904686 37.1569777218 36.9442494648 37.3793323399 36.1742749732 36.0014276681 37.0762179396 36.1889653546 36.7159039308 36.4608975898 37.1001687187 36.5993526361 37.0998280867 36.4854156472 36.2190702098 36.9512698161 36.1054677923 37.0735481753 36.0793169847 36.4216015453 37.0886449908 36.6693565329 36.7507894124 36.2932026597 37.3377709413 36.9953838886 37.0735544927 37.0934950844 36.2385907569 36.7086996961 36.6336128316 36.716672083 36.3333731268 36.4261806444 36.7546005421
0 0 0 0 0 0 0 0 68.8933493782 56.8406311105 58.0726088448 58.0726088448 58.0726088448 0 0 0 0 0 0 0 0 0 36.0408642121 36.5720737682 36.2953012608 36.0845507694 37.335310865 36.0165266326 36.3914992462 36.413476806 36.3962395926 36.9867233477 37.3628304562 36.2987240484 36.6390380693 37.1129270798 36.2877592329 36.7760444677 36.7679481058 36.7420816233 36.3592801608 36.5897742079 36.6565165119 37.2011294875 37.4126711553 36.5626380963 36.0054212708 37.0600626987 51.75529808 36.3187016005 36.1052125553 36.8252786406 36.4224418989 37.2111400634 36.2234224347 36.3195497317 36.819027116
0 0 0 0 0 0 0 0 68.8933493782 56.8406311105 56.8406311105 67.0373508753 0 0 0 0 0 0 0 0 0 0 36.7962903519 37.2049773921 37.4079964602 36.2888096481 36.9777460835 37.13042037 36.9467752224 37.2828400763 36.8649118678 37.3269949618 36.6646575272 37.0113384811 37.1219930221 36.1276488864 36.7088196916 37.0788618162 36.4860510736 36.2426000508 36.2710719464 36.8399372033 36.9932752042 36.071263474 36.7018631188 36.4861966993 36.9553555668 51.75529808 51.75529808 51.75529808 37.193801482 36.578503607 37.1532396809 36.9337262157 36.5980974486 36.365036853 36.0791097688
0 0 0 0 0 0 0 67.3651589034 0 0 68.8933493782 0 0 0 0 0 0 0 0 0 0 37.1163214541 36.3786057475 36.65689515 36.8933503096 36.1132276214 36.8796839601 36.2622785026 36.2555591765 37.1063848874 36.1186476518 37.2130844992 36.7068658301 36.2094260778 36.3519480737 54.1296096785 36.6805082193 54.0245980072 36.283978508 37.2813315378 37.0514582438 69.8194666963 36.8230483209 36.9309558488 36.6763199704 37.0759461407 37.399515905 57.7260982849 51.75529808 57.7260982849 60.6931426345 36.2551397946 36.6748282218 36.7309932583 37.2251783615 36.8911571121 36.0309658341
0 0 0 0 0 0 0 67.3651589034 67.3651589034 0 0 0 0 0 0 0 0 0 0 0 36.1956918848 36.8015908626 37.1891081009 36.3838020259 36.8071010066 36.4594050498 36.536945493 36.9821838965 36.8396878262 36.7645330929 36.8304537925 36.5600433389 63.826739634 37.0421131902 56.2084419835 54.1296096785 54.1296096785 54.0245980072 58.9508629858 58.9508629858 61.8353883514 61.8353883514 70.6441531065 36.7717495837 36.2714159454 57.8919220855 55.5014475364 47.6410598662 61.0845835457 61.0845835457 60.8449566111 36.2717841718 37.2176163039 36.7593127482 36.000242515 36.0015334958 36.7415963423
0 0 0 0 0 0 0 0 0 0 0 0 0 0 0 0 0 46.2433281802 0 37.1717798796 36.7017507479 37.3960527534 37.0007855668 36.9309536645 36.5526851301 36.6393452933 36.3522087011 37.1402323663 36.1289155913 36.4567096491 36.0157907754 63.826739634 63.826739634 58.5516145856 56.2084419835 56.2084419835 54.1296096785 54.1296096785 58.9508629858 58.9508629858 61.8353883514 61.8353883514 70.6441531065 65.4371855004 57.8919220855 55.5014475364 55.5014475364 47.6410598662 61.0845835457 61.0845835457 63.4038495377 36.7196038475 36.1245649853 36.6770614118 36.3560637932 36.3979315513 36.5642923351
0 0 0 0 0 0 0 0 0 0 0 0 0 0 0 0 46.2433281802 46.2433281802 46.1376829441 47.1594175295 36.3937464907 36.2055533213 36.8067448906 36.1028933465 36.231578448 36.415560119 36.1076852477 37.0292515564 36.8738781951 36.9687607946 37.0844040805 63.826739634 53.4132228419 53.4132228419 56.2084419835 56.2084419835 56.2084419835 36.4068398034 36.9976165109 62.7219563019 61.8353883514 61.8353883514 65.4371855004 37.0864685578 36.9774409496 36.0295827224 55.5014475364 47.6410598662 61.0845835457 63.4038495377 63.4038495377 37.1231462309 36.4304460653 37.3044559165 36.088032418 37.3234056193 37.0971650513
