Spatial_Output/BAU/BAU_0357.asc
NCOLS 155
NROWS 192
XLLCORNER 196307.867259
YLLCORNER 449144.565805
CELLSIZE 33.573938
NODATA_VALUE NaN
[rows 50 to 74 of 192, columns 57 to 113 of 155]
37.3280457012 37.222177516 36.5488427726 36.6260787979 68.2036421022 68.2036421022 68.2036421022 36.5609474898 36.0715287241 36.872839641 37.308429282 37.2394309806 37.1876084611 37.1215806246 36.5583738459 37.0297392152 37.1194865451 36.3369103518 36.7933767792 36.4122020252 36.5189777049 37.2176528219 36.4516654844 36.9334287353 36.7365057521 36.5304896031 37.0818560717 36.5989671201 36.4766599434 36.0014348535 36.3517158047 37.0818856642 36.5678065338 36.7990739821 36.1471960811 36.5955972447 36.6251670248 36.1077278537 36.522589511 36.3430924682 37.1653551128 36.5843837564 36.8408069649 36.6460631809 36.1485496442 36.9888912524 37.4124064463 36.8987057307 36.9308048041 36.8998920801 36.8221272277 37.1750604968 36.4790213672 60.9555652243 60.9555652243 82.3533456353 77.3579963742
36.6339498415 37.1759528184 37.2332837558 57.7343977341 59.7154848024 59.7154848024 62.8804694064 68.2036421022 36.1433129963 36.528085362 36.0114898627 36.7983305845 36.2817631043 56.6254383154 56.6254383154 36.8738033026 37.1742315243 36.7865945025 37.2434301845 36.8812028121 36.7418460169 37.0026667746 36.8872698105 36.170071451 36.9101484209 36.7751741267 36.1192584745 36.8978182065 37.1930878086 37.1963505168 36.5144628636 37.2942315442 37.293300087 36.2938383312 36.4018589754 36.0364880569 36.9676101825 36.149520532 36.1035515016 36.5245914135 36.6334837397 36.2506936758 37.3225298979 36.837340796 37.0793998354 36.5232894982 36.7302859029 36.1810044205 36.2054425486 37.3320218089 36.4076894823 37.0640868773 37.3813483486 60.9555652243 60.9555652243 36.0485216414 37.2532424949
37.1261006866 36.4719476326 37.1111117331 57.7343977341 57.7343977341 52.2977950177 62.8804694064 66.2945816788 36.9015812601 36.2260012121 36.9555112119 36.9661385518 56.6254383154 56.6254383154 56.6254383154 36.6002602121 36.1748080692 36.3474062066 36.3460302698 36.7660979722 36.0038688728 37.1770056158 36.691815427 36.0857063618 36.8825625132 36.1219366766 36.0135754932 37.0585752183 37.2899641811 36.1623866623 36.2547967276 36.8223272929 36.751315051 37.2150637501 37.3586353189 36.2756509717 36.4504491673 36.1524208961 36.7673764062 36.7269551708 36.7882861654 36.1613145289 36.0888377831 37.328523485 36.4561201024 36.4050343314 36.2864048453 36.4603459773 37.1103236579 36.7635954004 36.5927009039 57.0679614739 37.3379389062 36.4579338939 37.3962766651 36.463301943 37.0571984526
37.4042473367 37.2472219208 36.0310124561 57.7343977341 57.7343977341 52.2977950177 62.8804694064 66.2945816788 36.9672179593 37.055729402 36.7947506774 36.3741254296 37.0043637992 72.1010258154 55.5515679299 36.8821909031 37.1907462486 36.1544692541 36.3493651343 37.0640218449 36.5964255707 36.6905108106 36.9653065916 37.0124338035 36.7074820163 37.0461965793 36.7077046134 36.4444355347 36.0964814523 37.0544296239 36.2832274046 36.7502352582 36.3355357294 36.2968298784 37.1180705416 36.0740967905 37.2134918177 36.9721011648 36.1399682492 36.6256894264 36.3568102847 36.8490561447 36.7063531779 36.9239542231 36.2709131726 36.2373637602 36.155507171 36.4507426562 37.1591188438 36.430658348 36.1622472252 36.3197768532 57.0679614739 65.4795033801 36.3697519711 37.086384782 36.4869246293
37.2516910086 37.0691462835 36.8440482499 57.7343977341 90.7429458429 52.2977950177 62.8804694064 56.7829586516 36.6821854563 36.0408998983 36.4128243182 37.3895714148 36.2904127437 46.5262146495 50.1359443868 36.7824931208 36.1521699605 36.4730710865 37.3940196446 37.1338941642 37.3166132592 36.819060855 36.3691944868 37.2382159062 37.0956189036 36.3869163007 36.6364262943 37.1383139225 36.0104491152 36.634682422 36.208926947 36.9558428659 37.1374481861 36.8591363345 36.9163946566 37.271212343 37.2218839845 36.3651132314 36.6932057402 36.0912495017 36.8803808662 36.5319076495 36.9696603177 37.392814359 36.183415661 36.9214277336 36.7658097416 36.7710277167 36.4284148869 36.572318511 37.3574498901 36.4334321156 36.2596377377 36.1389142791 36.7986493327 36.910663691 36.5922285808
36.9882072647 36.3472231986 37.2054015989 90.7429458429 64.1185498197 64.1185498197 64.1185498197 36.9477795926 36.1508091484 36.8811377187 36.7595138796 36.8562186398 46.5262146495 50.2833505285 46.5262146495 36.6461284511 37.0511192139 36.7342689363 37.3454333686 36.3436073552 37.290852374 36.2922210578 37.2492971317 37.3550100738 36.8604856461 36.9779565212 36.525203003 37.1245451573 36.2522975937 36.1062881194 36.539451933 36.7936433125 36.4468672753 36.1704327176 36.0158443939 36.0706575993 36.1023524296 37.3990832035 36.149837561 37.2219880853 36.9424141611 36.5733768248 37.2628513393 36.7238844255 36.7455033665 37.1514525066 36.9931718901 36.8909455078 37.0735587699 64.5864782687 36.8873989516 64.5864782687 36.6050277027 36.5114448027 36.6865986101 37.2674235475 36.9290940407
67.0757140381 36.6744086975 36.9462283886 36.3469032567 64.1185498197 64.1185498197 65.3565330322 37.3951533178 36.6931968669 36.6772516819 36.3792984264 36.4848530774 50.2833505285 52.7768378069 52.7768378069 36.5703362054 36.1317565043 37.2995011602 36.5087488317 36.9194086615 36.5870020112 36.8434458267 36.9095293447 36.3540814439 36.7377278014 36.1908030277 36.5693695083 36.0977548662 36.4292236166 37.4097713936 36.2022147435 36.25418563 37.1961615212 37.3341840973 36.3175363474 36.4940095825 36.1302513683 36.7144225774 36.3838242715 36.9742407512 37.1395404609 36.7136798909 36.6567954374 36.5061898516 37.0940167864 36.5426318598 36.9085801369 36.8312963284 36.8943047213 36.4475316778 36.3495459475 36.3536077495 36.7245430976 36.1863042656 36.1995215575 36.7269175258 36.3537223566
36.2821448865 37.2810983509 36.7746991278 36.8437650271 63.6416227973 63.6416227973 69.3043746684 37.0484407478 36.0990579885 37.3216574802 36.6604014655 36.7190836815 36.0519213011 52.7768378069 52.7768378069 36.6094583978 37.2276624533 37.0096382398 37.2048129963 36.9737143699 36.0315949264 36.1866795373 36.077518266 36.4861613758 37.199600574 36.6762955142 37.0023588989 37.4107034098 37.2427674454 36.2705108005 36.7624891952 37.1506117942 37.0752181233 36.1573703933 36.5906968807 36.8816439848 36.3752824299 36.031419736 36.2818689128 36.9539061296 36.9969072431 36.0719847538 36.9742210664 36.6322234835 36.0019636064 36.1773361641 36.5292831517 36.7617302242 36.9710425372 36.6663231611 37.2183127446 36.5500675856 36.1778660607 36.3902779281 36.5368180693 36.2041972991 37.2084758132
36.3299474539 73.4433160341 37.1856221228 36.5652737348 70.7475585983 37.1333436289 36.166663649 36.16423091 36.2596955426 36.4217686159 36.1920468331 37.2640949182 37.2543525051 58.2438901723 76.899346228 36.6953614295 36.3245633942 36.981990955 36.7320697831 36.1840524501 36.390195716 37.3286145941 36.3093101293 37.1835038918 37.2642355468 36.2690003362 36.2938478146 37.3634993846 36.2538162649 36.7720518304 36.8540419501 36.7614482787 37.1060700143 36.5225895758 36.0550282088 36.6528010372 36.6162662207 36.1121458276 37.0568845743 37.2722834405 37.1662205098 37.4026563305 37.1814906722 36.6940911667 37.2951660458 36.1996995967 36.6828715379 36.1338912697 37.3655266043 36.52702681 36.1072079872 36.3121855993 37.1089589926 36.8409306376 37.1999697344 37.201453151 36.1728650788
51.1193980725 51.1193980725 36.0478403414 36.4381151187 36.9989921054 60.5524192074 36.4069456923 36.5484836589 37.2232603659 37.2526952984 36.9473752846 36.8380580684 58.2438901723 58.2438901723 58.2438901723 36.4133582637 36.2189742614 36.5179573794 36.9139231327 37.2236619936 36.7601999135 37.0433910724 36.2653954592 36.0169496741 37.3721922718 37.0921892265 36.3825129985 37.3661304083 36.0390854739 36.7444409898 36.373193947 36.6987901263 37.1295995863 36.9958079747 36.7700904223 37.2552999493 36.8046894914 36.082366856 36.2113358646 36.4703212178 37.1711562947 37.0811257071 36.3615211283 36.5428711941 36.3647559994 36.4703309243 37.1043917922 37.3090659416 36.3055734131 36.4293175925 36.962800351 37.2060956662 36.2007924023 36.2753837185 36.9392583312 36.0461389814 37.0705469294
51.1193980725 51.1193980725 49.6971957593 36.4384905911 36.8576595291 36.632751876 36.0295739896 37.2941383736 36.7710748731 36.5327365377 36.0292419834 36.684522499 36.5102438952 58.2438901723 36.5208783255 36.7885333234 36.5676445523 36.6293891556 36.2282354843 36.6070821262 36.3014102247 36.8104194817 36.4048061505 36.3722690056 36.3377553075 37.3769342221 37.1231967422 37.0819303806 37.4130464026 37.3828080904 36.4103813832 36.3869756996 37.2500770745 36.2793642232 36.4864333885 36.051512798 36.1314255116 36.0523135005 36.9297831508 36.8980032221 36.9456975322 36.2764211626 36.6015204734 36.8418400449 36.0835455727 36.7175613898 36.8466288093 37.3381481057 36.2457639202 36.7513798443 37.3854790687 36.9455147478 36.4619135122 36.5901221316 36.9173490929 36.572386138 36.4354651365
54.5420745446 36.7208055703 37.2983899635 36.5033202459 36.6405654827 36.9616219085 36.4941027354 36.9411419481 37.072848212 36.6991158002 36.0254400823 36.5460664355 37.0070924925 36.3249243709 36.7117159764 36.9995730749 37.3447695433 36.7675190567 36.6595190486 36.1083856024 36.93809721 36.9373505229 36.5854641008 36.2911721224 36.9064919516 36.2377780963 36.4222603179 36.6360430419 37.409770379 36.5832024458 37.3689988066 36.8185703559 36.1363593623 37.2451091299 36.3490662601 36.0045808501 36.9205835739 36.7284976095 37.2447500856 37.3799663811 37.4043300428 36.0383794862 36.0715649235 37.1086551623 36.994413186 36.0776495758 36.9739528593 36.3515159118 36.6495652844 37.1506342843 36.0622429066 36.1332669931 36.4548337763 36.8127916451 36.9352798192 37.2408172812 36.0613771938
61.8066916735 36.5233567887 36.9357093367 36.43954158 37.0034018078 36.6596285261 36.9206278687 36.7329998593 37.1532450797 37.1151078467 37.0332877839 36.120371585 36.0062101594 65.5674905523 65.5674905523 36.6946355469 36.2106679747 36.3919920341 36.8224290315 37.2797584962 36.9724976002 36.9012516209 37.2136315662 37.3064325761 36.9660489187 37.124751576 36.8225592589 36.1103238958 36.202435547 36.8461785175 36.0368445664 36.5080045256 36.8262611416 37.2120768363 36.122955086 36.252011551 36.8790779152 36.0316556697 36.7672502887 37.0972388441 37.1576925796 36.7240258016 37.0700369264 60.6779405842 36.3690900005 36.0622541106 36.4008364661 37.3046624262 36.2845739766 36.4208912556 37.3067830779 36.7211328651 36.1680361191 37.3137132531 36.3385909959 36.0121534796 36.142808188
72.7118459026 72.7118459026 36.2985746832 36.2425855585 36.6574592666 36.639619299 37.2635129507 36.6827938309 37.317864243 36.3980468878 37.3757155989 36.212795116 65.5674905523 65.5674905523 65.5674905523 36.667523521 36.9001430664 36.5342818403 37.3470906317 37.3811454364 36.314542548 36.5006386204 36.1494315363 36.8585455905 37.1424533575 37.2390588485 37.3349079226 36.7352808365 36.4305575797 37.0277264645 37.152621965 36.7026288853 36.6862359913 37.4127631934 36.5888680186 37.025434097 36.1823626661 36.6551323502 36.0254011834 37.0878812211 37.383579047 37.1613764663 36.1951247821 36.1896006456 36.6576104369 36.8517841743 36.460400032 37.3406589085 36.3832984762 36.8131066269 36.2950348464 36.0328598388 36.408582918 37.1791165082 37.4006447174 36.8511219486 36.7643235334
72.7118459026 36.8204468075 36.9856752712 36.5525849671 36.6532061774 42.215973911 42.215973911 57.7641644105 37.2631566611 37.0291626705 37.2374307125 36.779965559 36.2116737377 36.222536949 37.2405882298 36.3564179214 36.6848684441 37.2639301973 36.3279392619 36.0588495046 36.5249602486 36.2556747909 36.2842741145 36.0479732621 36.4682261672 37.0109708208 36.0196489958 37.2458705351 37.1882701539 36.5981100086 36.1186649542 36.1713732245 36.5880617203 36.8643937905 37.195805456 36.503278538 36.2572998925 37.1263193141 36.4262865976 37.1882076642 36.8319396019 37.4083526931 36.1738246315 59.8245059993 36.0816036836 37.0179193079 36.2817498348 37.2463552194 37.353113573 37.3729320823 37.3559362214 36.3204930428 36.7327336614 36.0816027729 36.2287043798 36.8650556836 36.4460220832
58.6711618739 55.162302769 72.7991784785 72.7991784785 55.6630660478 42.215973911 42.215973911 61.6697812482 36.1776075528 36.5280592186 36.6667744426 36.1270757734 36.1395657448 36.3218228288 37.3517276712 36.4274468431 36.0663467224 36.3985274925 36.1667786684 36.137014997 37.2755469307 37.1789357594 36.0769739328 37.2346071744 36.5245032559 37.1493063775 36.6612148633 36.7840254002 36.9525899864 36.0330002731 36.9856041715 36.8669796158 36.2921865379 36.4742589461 36.4531324258 36.7933698631 37.2860261858 36.7395363865 36.3207497659 36.230154742 37.1812960921 36.8424222412 37.2299901346 59.8245059993 59.8245059993 37.2362359061 36.6839354925 36.5832582236 36.4921764805 36.7950844448 36.5155340776 37.1576058955 37.3247095984 37.1811067834 37.2484664691 36.18428873 37.296693253
58.6711618739 55.162302769 72.7991784785 55.6630660478 55.6630660478 65.6785171059 61.6697812482 37.2178247395 56.0579515294 36.9558921701 37.1238178902 36.7257452639 55.5988493253 36.2668252421 55.5988493253 37.0693353718 36.2507025966 37.2277278377 55.3511006173 59.5286733107 60.9931161753 36.7371301725 54.2879102133 46.9717177223 46.9717177223 36.0459869496 36.7054484718 36.9468405754 36.6216299207 37.0807338329 36.9431495034 36.484988227 36.1503902101 36.7569200377 36.7346578129 36.0960994966 37.1510855772 36.0526243206 36.4061190342 37.2793800255 37.2603638185 36.240345614 36.9797247907 59.8245059993 59.8245059993 37.211277332 36.4659261377 36.2920678275 36.1378721021 37.1384566903 36.2893870294 36.4384981783 36.8376390332 37.0256147952 36.4118256658 36.0438978288 36.1446354647
36.6065719052 37.3724029721 72.7991784785 36.4992615253 55.6630660478 52.7674331636 52.7674331636 52.7674331636 56.0579515294 56.0579515294 56.7568292862 36.005318409 37.2229097707 56.2714865616 56.2714865616 36.4350280009 36.5263248498 36.0972803377 36.0398098926 59.5286733107 59.5286733107 60.9931161753 60.7943194961 53.7068770158 36.2871923969 36.2318368736 37.1872045565 37.1422932359 36.2031464663 36.4407802254 37.2056507584 37.2736196226 36.8137443036 36.0151990195 36.795819975 36.860615782 36.6657622861 36.3064227101 36.4388785045 36.0658671621 36.5707681786 36.0390522975 37.2847305981 36.8111218775 36.704525106 37.1174871237 37.0762371658 36.9545200352 36.8861340432 36.8154357694 36.6764776213 36.7925989114 36.0290045637 36.0171358012 36.0339042068 37.2916686499 37.3873173959
67.7668367249 37.3416760345 36.6266209718 37.361313873 57.7772221118 52.7674331636 52.7674331636 37.1846753371 56.0579515294 36.1167296281 37.3635236054 36.6004384157 56.2714865616 56.2714865616 36.8088280459 36.698417635 36.1491124166 37.0703362673 36.8250355319 59.5286733107 59.5286733107 36.173369364 37.1610244728 37.2247335985 36.1906838465 36.3217360993 66.0731336238 37.1601123296 36.0119200538 36.9358066912 36.7793654893 36.3386377557 36.8020973812 36.4471077323 36.7082768606 36.4707815834 37.1694716297 36.9224204558 37.1091884278 36.0537563775 37.1687321479 37.2931699643 36.4954764197 37.1808134858 68.7953625152 36.2846340668 36.4234251737 37.3776715081 37.0750561948 36.783083429 37.2777039991 36.5161617087 36.3815208234 37.0145745482 36.1144301128 36.5599044458 36.7623254974
59.9148835523 36.2554888835 36.3847636002 36.993617092 36.5090028035 36.2652826951 36.4704380108 36.8478486978 37.0994151407 36.0498631072 36.2600088267 36.8444676775 36.3109207172 36.0074578726 37.3930981094 36.9268579017 36.9650061106 36.8034479698 36.5880835724 36.8102918816 37.1757717121 76.291103333 36.1122930574 37.3951871095 36.0352225033 36.9825809569 37.2361410915 36.8230460111 36.8389648189 36.9781156625 36.261105193 37.2988610424 36.8940816943 36.1079759285 36.3512852578 36.7951634762 37.3699019952 36.044462783 36.2048208004 36.6723104039 37.1034515688 37.3289853997 37.3615323702 68.7953625152 68.7953625152 68.7953625152 36.9024947948 37.0140493172 36.9140269602 36.152864116 37.2019673667 36.282725172 36.7719158832 36.2142186961 37.329418767 37.4090122951 36.5447344633
73.4142227731 37.0761893224 36.6639884064 36.7914551067 36.7040750874 69.3444175265 36.1136825334 36.7409039657 37.2799628642 36.4881864506 36.4763814247 37.1060891278 36.6383953978 36.8489050541 68.7753561905 37.4092910822 37.244026161 37.1203071531 36.502097844 36.9892088692 36.4568135402 36.8052516851 37.1205058435 59.6418582646 59.6418582646 36.9289355972 36.3413666486 37.16588895 36.9219688149 37.1202794712 36.6115284258 36.4169163999 36.742977303 36.8437918845 37.1678656015 36.4264369093 36.9822703854 36.1141299231 37.031038634 36.8666997165 37.0473840726 37.3469480623 36.4948873876 85.6178353004 85.6178353004 36.4993395486 37.0495334294 37.155483205 37.2475889581 37.0823375461 36.0694279293 36.8645107461 36.9903238788 37.1259788921 36.6471930077 36.7877768164 36.792518797
70.983325164 37.3407558659 36.5064706994 36.1954082264 36.2451926967 50.9317593302 36.0628238636 36.189176076 36.0698721825 36.3944477348 36.3000527445 37.36926625 36.6255950868 36.3931342633 64.2068549552 64.2068549552 36.7012839293 36.3273700716 36.995782955 36.6699400105 36.0876956042 36.9135041109 37.0610540304 59.6418582646 59.6418582646 59.6418582646 36.0701058509 37.0250056551 36.2577889208 37.2188092533 36.8759408485 36.2402711415 37.4090498179 36.8695841843 36.7024374263 36.8962918674 36.5099748199 36.357694905 37.0467482163 36.4100631051 36.5028741788 37.0043268593 36.209091299 36.8710112093 37.385277346 36.9815721693 36.5902548846 36.0086796612 37.117785466 36.9095752809 36.0042930657 36.5360820547 36.5936370574 37.0140272424 36.3712778916 36.9275549646 36.3344360344
47.4645388334 36.7494925097 36.0626393216 36.4255446689 37.1876120593 36.5098361654 36.6950715197 36.9689630587 36.226984087 36.6060319366 37.0756641457 36.32767276 37.3033965146 36.394227234 64.2068549552 64.2068549552 37.3639013194 61.4251648508 61.4251648508 61.4251648508 36.2525384463 37.0470072941 36.2823761153 36.3280605357 36.0258353904 36.2362790071 37.3983671841 36.0846957481 37.0961278124 36.2010552287 36.984758204 37.2824533206 36.1448624307 36.8945415985 36.7490284709 48.9727254912 37.2613421348 36.0975618415 37.1503990192 36.2991967681 36.6979505285 37.266874252 37.092325728 36.4121271835 53.8395610491 53.8395610491 53.8395610491 37.0849449325 37.2130643706 36.9944122613 36.2571059727 36.1163295346 36.9116608075 37.0293844024 36.5727275196 36.1756909034 37.4028052219
36.3091322246 37.2472269015 36.8039318537 37.34536153 36.1443408892 36.7503930284 36.4664958966 36.2186634244 36.8495914161 37.1768506735 36.6489887576 36.4169946682 36.6441604194 37.044716408 36.0492377109 94.5271255282 37.3548186702 61.4251648508 61.4251648508 52.9508954225 70.0619055112 51.228792717 36.457780148 36.9767106936 36.3705096426 37.0575974837 36.9183564736 36.4204277568 36.8293236387 36.0806511736 36.3711998857 37.0917658846 36.1824386416 36.2568385499 37.1448715313 48.9727254912 36.4626899642 37.4007343087 36.097063001 36.2867453144 36.3920119514 37.2648725906 36.2382440547 53.8395610491 53.8395610491 53.8395610491 36.4895255983 36.4650915589 37.0785886976 36.6283152234 37.0691402222 37.1523645506 37.230594741 36.9606077114 36.7643603916 36.5018392328 36.238263383
37.0962625538 36.5278846184 36.5758957963 36.6090508241 36.7523545813 36.4395630451 36.6456711175 36.5584048623 36.8508790258 36.7563295722 37.3664538823 37.176828186 36.4028550153 37.1320633842 37.2858584178 37.0760332792 56.3362421406 61.6170127517 54.8112863947 52.9508954225 52.9508954225 51.228792717 51.228792717 37.1050598459 36.1440263922 36.5585084606 36.1423563933 36.4528253761 37.0231861829 37.1614546894 36.832630616 36.1038985159 36.4875513001 36.9580003411 48.9727254912 48.9727254912 48.9727254912 79.0497535734 79.0497535734 55.7934710746 36.0857915716 36.4050740979 37.2722267697 37.0292395078 36.1902561736 53.8395610491 84.8420595348 36.5323564019 36.778547923 36.3465956128 36.4894945525 37.0044692899 36.1986227144 37.0081324793 37.3062426528 36.4741836251 36.1226762215
