Spatial_Output/BAU/BAU_0090.asc
NCOLS 155
NROWS 192
XLLCORNER 196307.867259
YLLCORNER 449144.565805
CELLSIZE 33.573938
NODATA_VALUE NaN
[rows 104 to 129 of 192, columns 57 to 113 of 155]
45.2155660721 43.0411668487 43.0364078781 43.5977433279 44.952781368 43.6041859525 43.5383856105 73.7894638105 44.3701704729 45.21754793 44.5224288486 45.3563790186 44.8221913542 43.1806859717 44.4504103183 43.8978469174 43.381241669 45.4802217828 44.6781864817 43.2461704318 44.0897386145 45.7863086722 45.1584678347 44.9891503131 44.5124270909 45.5812427812 45.6372795149 45.4345449823 45.3986154944 44.7628929335 44.9993095431 44.33264737 43.5658384334 43.3209348024 44.7804836981 43.9528219475 44.0931760474 43.4392730799 43.7261616941 43.0763907925 62.1857325402 43.9459569369 44.1010937544 79.4093076311 73.2395221422 44.6819600277 44.9970984755 43.8706914995 43.9970510038 43.1663770625 43.0361960235 44.19005977 44.0995145085 43.2712270953 45.5078472585 45.1557355459 44.4143286931
44.8486332578 43.5642849879 45.7387726142 45.3938481468 45.0090470502 43.0711866644 43.1515383953 45.1208343429 59.7495547199 44.4480121314 45.0695118151 43.611659867 45.745403406 43.836888632 43.4021841831 45.124143514 43.835121038 44.3245495696 45.302154622 44.8003134305 45.5102904473 44.6054283729 44.3367813699 44.7838678557 43.9457313431 45.1621294796 45.0337567812 45.6171400281 43.8781763181 45.3950369249 43.117111097 44.3419906234 43.0052920847 44.8852736113 45.7136535408 43.0130966571 45.8099738045 43.466314708 44.2505131053 43.0023215836 43.0681332979 45.2270856138 43.396387988 44.9354273229 44.2547922236 43.8139110488 44.5099570921 45.2931562834 45.4843133328 44.6994248179 44.1588244579 45.7553582923 43.9898580033 43.7479692503 43.7423374359 45.3310112851 43.0326593505
44.986477703 45.254784745 44.8222389232 44.3136312309 44.1347267502 43.2807175879 44.0701216572 44.5943233108 45.1874786792 44.4702333902 45.6951439505 45.4242105954 43.2876978492 44.9025907655 43.3344815949 43.0478117153 45.4979060873 45.4494090727 69.7337807991 43.4499679955 64.5900107494 45.4490365413 45.5304306083 45.2704014494 45.6593923873 43.6468935039 44.6049307341 43.4863731133 43.6650550565 45.4399269933 43.1347202867 45.7260551342 44.9125323644 44.6893744481 44.0801762349 43.7450229805 44.3588472028 43.6809689572 44.731230599 44.783940895 43.1480265377 43.507183932 45.7985743533 44.7769964094 43.636702927 44.204361485 43.6456144947 44.2601060271 44.5399029836 43.889786778 45.6217413794 45.042899103 43.4054642647 44.9436394225 44.3862856655 44.9728226842 44.6493022913
43.3289700079 44.6346716212 45.1576674343 43.6416632256 45.666071729 43.1286942007 45.6465812494 44.04109194 43.8915352257 45.5775799979 45.1336002591 43.8993857505 45.219891018 43.3855988409 44.5693819525 43.5822916827 43.2767255194 43.2996659158 44.2755440123 64.5900107494 64.5900107494 64.5900107494 45.3909700649 45.4119468112 43.6023672442 43.4419021666 45.6949896015 43.2545459418 45.7892175408 43.085137791 44.8399302099 43.3444309457 44.7586823915 45.1294612473 45.5658610568 44.6410516759 45.4325576218 45.0177051322 44.3505336849 43.0601948772 43.0319367823 43.608280574 45.3887468897 43.0237422566 44.702420464 45.7961064584 45.4536121452 44.2421437376 44.688297568 44.5682033774 44.2317184239 44.0133868003 43.2994483639 45.1816492991 44.9481600935 45.6467624969 43.5952317355
45.8131490263 44.2210328553 44.7300735018 44.866398738 44.8737011092 43.6885590632 43.2993140812 45.7883471025 43.9667880994 43.3063100061 43.3377161862 44.9181868788 44.9002026813 44.065607495 44.1473504279 45.2841681264 43.277009179 45.7265315658 43.9453602184 45.6677946177 45.0414467965 45.7847871109 45.4301482497 44.4388511908 45.1161407067 45.5333956129 43.1774421311 44.8175187092 43.5509877003 45.5796070578 43.9635591833 43.3386470964 45.5464684335 43.8391614674 44.0395458716 44.2138748765 43.0113472933 43.8845499565 45.6503768076 44.5291634494 45.3389345746 43.7668490535 45.0271724388 43.8266432141 45.7365409699 45.327250859 43.5048004191 43.9732022029 45.2497911585 44.65692714 62.858415616 58.6032082163 72.3846050211 72.3846050211 73.2469921454 73.2469921454 44.1696700025
44.7540564892 45.7077572397 45.109810784 44.4462618954 45.4366904555 44.8101794671 44.4006940687 43.1018413111 44.6457910731 45.6955747022 45.2110041062 44.3408678514 44.9367460959 43.6311894568 44.4459008512 44.7966056871 45.7532475937 43.8894576981 43.2076017028 74.1200753741 74.1200753741 74.1200753741 44.1738861634 43.6100151847 43.3556567999 44.3674485421 43.8637144703 43.6429854926 44.1497278282 44.9179088569 43.5828337223 43.0773818624 44.6176830402 44.1329290672 43.6072485709 43.7469686356 43.660546512 45.2851656572 44.3004533996 44.6487806168 53.0209146705 56.2253389715 43.5436411405 45.3868122219 84.7234118207 84.7234118207 45.2498067029 43.0470570043 45.6970155018 45.5123351934 62.858415616 58.6032082163 72.3846050211 72.3846050211 72.3846050211 73.2469921454 44.9206505386
43.9557742723 43.0423848218 45.6791359967 43.119176702 44.042660021 45.5004904393 44.6322450148 43.4217885563 45.0408990549 44.8669932495 44.2684095391 44.9282967862 43.4708135253 44.7763311156 43.0267157639 45.4511741401 81.4780326988 81.4780326988 44.0805104631 86.3919786944 86.3919786944 43.682956761 43.7095144951 45.0576554858 44.484275059 44.1790174924 44.6960787296 45.7738936315 43.8933535694 44.4033005394 45.5674479094 44.1941383118 43.0525001005 44.308277692 45.7558852766 44.981995388 43.7183611078 43.7020238984 43.7866064842 43.035815865 43.1147861964 43.2182100367 56.2253389715 43.5347885646 84.7234118207 84.7234118207 43.20289249 43.9795823907 45.2221656806 43.2477723964 62.858415616 58.6032082163 72.3846050211 72.3846050211 73.2469921454 44.4966772651 44.5225694136
45.4988425735 43.0480575753 45.4188429327 45.0732848201 44.5549593506 45.0390507447 43.1990263602 45.073778786 43.3041023997 44.9890965514 44.1460754552 44.3014012708 44.3729751243 45.6877656047 43.6079416149 44.546352367 81.4780326988 81.4780326988 81.4780326988 86.3919786944 86.3919786944 86.3919786944 44.7154766457 44.2689417077 79.0227129946 79.0227129946 44.5527221416 79.0227129946 43.6366203014 44.6331931874 44.2250536055 44.6007270636 43.229137183 45.5915347215 43.0201632622 43.9197247378 44.2745524759 44.5643692768 44.0932022906 43.5483342012 53.0209146705 56.2253389715 45.5437666679 43.62432331 43.9210380776 44.2786448155 45.3927284513 43.846151208 43.7900585975 43.6249228823 43.1461124018 44.8637752058 45.3630866304 43.5680932015 43.929970907 45.6426033757 44.4920781946
43.8032061068 45.6142762523 44.2167213237 44.271942499 44.2763284771 44.7185539256 43.223730605 44.9279676341 45.7479316968 45.1501638 44.8653273974 43.3199737865 45.5041100634 45.7570063639 45.0879618153 43.957197183 81.4780326988 81.4780326988 45.2096493603 73.1698276577 86.3919786944 73.1698276577 44.804088942 43.2310403978 45.6866225506 66.5002009086 66.5002009086 66.5002009086 43.0449776651 45.4043770477 44.4515093715 43.8329719927 44.250892482 45.1715771414 43.6560694962 45.1949042973 45.6402407338 44.0798777954 43.5684010598 43.7301335542 45.7186550571 43.5072501528 45.0308805942 43.9632782639 44.5133585277 44.8561485879 43.137800573 45.6516304108 43.2947355139 44.3183101962 44.7991655579 44.2124513043 44.4898797015 45.2728528438 44.6409182136 43.0257913218 44.4848094286
44.4819650652 44.3938218615 45.1631149214 44.8649418344 44.4298642797 44.629860606 45.577719083 44.7952111961 43.8419283673 44.2375197882 43.2325168769 45.570774215 44.1970807782 45.6223162193 45.1763565199 45.2100861896 44.4654843724 45.1565167404 43.7449346447 45.8259577587 43.3036865057 44.7660646437 43.3934294086 44.197312407 43.2258840635 43.623333143 66.5002009086 44.6180948205 45.5138727633 43.8966887473 44.1687709511 43.9497713034 44.5587817596 45.1897499982 44.76445612 44.1564751397 45.4722713559 43.7633842087 45.7377076114 44.066262342 45.1134505421 43.4491662126 44.5905912847 43.9826368534 43.9095951797 44.1773187869 44.7442831344 45.0472793696 44.3969053601 44.6268681411 44.6924183814 45.1103705766 44.9771321591 45.5446791229 43.1416920986 43.4499746066 44.0617765471
44.7097069247 45.8197540918 43.6381125411 43.1983567229 43.7134032068 56.1365857321 56.1365857321 56.1365857321 43.9051056051 44.5862921905 43.5763730736 43.4105786889 45.2129823074 44.8396606027 45.1813377631 45.4168312161 44.7889649509 43.159374766 44.3899613242 43.9207831554 45.194024696 45.1587108425 43.183413112 43.6023142187 70.9578110099 73.0164045013 69.1879210335 44.0503379182 43.1900586426 45.0405978355 44.5730656978 44.5576402206 45.0073297478 43.6208849561 44.5384838411 44.6318241233 45.692983883 43.8737670381 45.1978167341 45.8129820107 45.3791971518 44.9041254073 43.3539590904 45.4780323576 45.674206756 43.8380592961 43.2677886984 45.1304675467 43.6110467916 44.2769417577 45.5003876324 43.1466206466 43.2855097337 44.125379607 43.020076333 43.2035046315 45.6913745273
45.3351641706 45.8150013561 45.6361823711 44.7538602799 44.7151669423 61.1948668153 56.1365857321 56.1365857321 44.957923523 45.0248268329 45.6616968977 44.0175117764 44.5683545001 43.1777845026 45.1177345508 45.7404700378 43.4299413462 45.5954130872 45.1104594136 44.1096425228 45.4305098235 44.453035571 45.2948883044 44.3757420703 74.2892297533 74.2892297533 43.8817059085 44.1870122162 44.4968347151 43.3156070967 44.6058805341 61.4678403721 43.7922230981 44.0900820921 44.4611505488 43.0666861413 43.9457523863 45.5016582082 44.2753399676 43.6047608628 44.2410932351 44.5005064247 45.4594265727 43.2202943021 45.278603845 45.1408454505 44.029013232 45.7281389771 44.7097502037 45.5795914711 44.9378294586 43.7340854613 45.5248168909 45.5417087464 44.088207482 53.9454532278 43.4781877733
43.9696163608 45.7732271263 44.020310346 43.482181473 45.6469343591 43.6572552967 44.2945406502 57.7428861175 45.0787089922 43.2090181143 43.8140839396 45.3767525542 45.0908647336 45.2990171029 45.1974415829 45.5161774021 44.0407009939 45.4164994449 45.7051499955 44.6885523267 67.2882317794 45.4527652795 45.4346697324 70.9578110099 74.2892297533 74.2892297533 69.1879210335 44.2452125701 44.4097687987 44.005726287 77.172306356 63.8845652818 63.8845652818 64.9920042498 43.3488863016 44.0656054099 43.281288533 72.1930004187 72.1930004187 44.10833006 43.9798250489 43.1274402667 43.4707449145 44.9589351604 44.8263955166 53.7656926586 44.0588744094 45.0520166076 44.2021972007 44.4441066827 45.5304304276 45.7922509063 45.5199910325 62.9296643926 62.9296643926 45.1422151959 44.2794245487
43.5270965176 45.4856354093 44.8410223635 43.3698408666 43.5630253688 43.6288846587 70.3751000684 70.3751000684 45.072631873 44.2716644392 44.4419779725 44.6287306112 43.2139878265 45.2777130147 45.6526367144 43.73279251 43.481863953 43.1918081804 43.0608248224 43.5675904742 67.2882317794 67.2882317794 44.329025561 67.7428526994 43.0032462842 74.2892297533 43.5586846859 61.3764597221 59.2389829346 44.1519470051 77.172306356 63.8845652818 63.8845652818 64.9920042498 45.3087553079 44.4840176919 45.6625296585 72.1930004187 72.1930004187 43.0037305856 44.0452177648 45.4347572577 53.8560975554 53.8560975554 53.7656926586 53.7656926586 45.8146406266 43.7149339495 43.1951697114 44.1900889063 44.5025043072 45.0105758901 43.1145972272 62.9296643926 43.107982902 53.9454532278 53.9454532278
52.6475166578 44.8066493838 45.5953731834 44.0333791328 43.966457205 43.054517655 70.3751000684 45.812118514 43.1693484003 45.1837424783 45.2307136054 44.8100693998 44.9133528323 45.7875410173 43.1367965028 45.5815885213 43.9766681929 44.4861823375 44.9216250337 43.7659406101 44.2172919597 43.8286697805 85.7507021476 43.0315036598 44.4706605223 44.3735837805 43.3126513129 44.7099260686 44.465400501 45.7478481532 43.1298747073 77.172306356 44.6922912064 43.9278545691 44.5143996941 43.2512313845 45.6077463696 72.1930004187 72.1930004187 45.5521294888 84.1886778138 43.0035133844 43.2954102859 53.8560975554 53.7656926586 53.7656926586 43.9285448665 45.2189792088 44.3174005396 45.3365753508 44.1145640258 43.0504202812 44.6582946864 62.9296643926 44.4877082506 44.1599652598 44.122655839
52.6475166578 45.1850641458 43.6592014285 45.1615319536 45.1075597087 68.2375889705 45.7190140387 68.2375889705 44.5009610684 44.5357794101 44.8824529872 43.4930884783 44.6097148214 45.1151941924 43.489882633 43.6533246045 43.8821074772 43.9152752331 45.0817609124 43.3125194374 44.3397608133 44.5877546665 45.4826634782 43.2808218071 45.0301464781 45.7003858738 45.7146829481 43.8637405904 45.4008848152 44.7427790501 43.3479754767 43.4422387883 43.783492269 43.2873455876 43.3548700507 43.3059281586 45.3520503051 44.0291363239 43.8491102272 44.92771326 45.2937657868 44.7885097047 44.4484417015 44.3510390447 44.4145947865 45.0985419472 43.8867286904 45.5842828452 44.5300700314 45.4084704121 45.1254988066 45.0861881639 44.8678103077 43.9562995733 44.0700600456 44.4802878936 43.6792113199
67.7696620114 67.7696620114 45.4075448681 44.8604656453 44.4546693752 58.7518834946 44.2282671557 45.5224107154 44.9879780483 44.4677398418 45.7674030272 45.0674101649 45.6695951258 45.1449447282 43.3227563484 44.3623369217 45.7786273116 44.3745637538 43.7312277116 43.3772613732 43.3157929754 66.9539141222 44.7778398793 45.5584044856 44.0147820613 44.1276748461 43.385534258 43.1659705889 44.0343495171 44.2998729585 44.295438171 45.0102630581 44.8614243092 45.6647092684 44.7620276825 44.6368838905 43.2085834368 45.5043670913 43.1461587527 44.9570998171 44.1013197776 44.4900813878 45.2186845196 44.9955902488 45.2160151898 45.3115481243 45.5895597359 44.9129563266 43.8404168759 44.6250044196 45.0281147176 45.5657671455 45.0301392499 45.4197293136 43.8270883276 45.1195473008 43.4013416601
44.0490289782 67.7696620114 44.118059668 45.5837963494 43.3988588697 44.1787276089 44.7955862162 43.8141305934 44.5950533434 43.4166643919 43.9674823046 43.3284207861 43.4399573255 44.7097251907 44.9917948447 45.0804719823 45.1436065504 44.4119793066 45.695480736 43.7901053787 45.729451971 44.5120831227 43.2731533475 44.4671678861 45.6887426196 43.2698390247 45.2222992374 45.6165768028 43.1114712155 44.8938864077 44.5057031356 45.2742041426 43.9742911209 85.6041754172 85.6041754172 43.7900612932 44.9309691886 43.4457135232 44.529009699 44.4854908258 45.5078027885 45.3664280104 43.4455702025 43.8142783337 44.2805595091 44.6554543273 45.7448852358 44.0349104897 43.4963097642 43.4997209985 43.6647146381 43.6906312313 43.6586418058 43.7674483335 45.0432879252 44.5371345219 43.6448957703
43.8182252291 44.7339784273 44.8335269049 44.1783316819 44.8736174568 43.6172248718 43.6237522444 44.3581585311 44.0983218942 45.1001514114 44.6874212697 43.2380321477 44.423681513 45.2585699779 44.4804252836 43.9394446435 43.90321453 45.2171861847 45.2739678694 43.0940690143 44.5432299036 43.9980795807 45.2053174334 44.5567525521 43.1867251723 43.731748476 44.627666859 45.1244040022 43.5479438382 43.1018673297 45.7323461207 44.3611645246 45.2057580135 70.6777455456 70.6777455456 70.6777455456 45.0920975081 44.8537868097 43.2657161569 43.3267050873 43.8604902542 44.9738702768 43.6354802445 43.5233547551 43.8371980023 45.1190867335 44.4115504732 44.4697034847 43.9643245793 43.5291446228 43.9585015064 43.04079464 58.8453777387 58.8453777387 65.3985238376 45.4775694913 67.0149861513
44.1957173276 69.2739592382 44.3060827112 45.0505451065 44.3634642276 45.3061471662 44.1601351186 43.9991570605 44.8437621165 44.776126195 44.2317233432 44.0306308475 44.8335215311 43.8481289031 44.5260952468 43.0338230333 43.010884106 44.4098663713 43.7917753686 43.7044846552 44.3150890201 44.8278291595 43.365392607 44.9173229895 44.6585762379 43.3927668172 43.9087196343 43.9420876688 43.803175729 43.7161064931 43.588451975 44.7793323844 43.7952800854 43.7643903192 70.6777455456 70.6777455456 44.8585565145 45.3048171867 45.1649322623 44.079965466 45.4863391864 43.1467592936 44.9863128387 45.4086490626 43.1121645335 45.0507823877 45.1847608775 44.9748774668 44.2222340156 44.4597024887 43.9105459147 45.678253303 58.8453777387 58.8453777387 65.3985238376 43.1040884869 45.1619759099
44.9527989254 44.3510407131 82.1773365438 44.4483224952 44.3770436682 43.4950999071 43.4103033311 43.8634717864 43.7225827713 45.7221732275 45.151646871 43.9573553578 44.4014701386 45.2734469229 44.0638985919 45.7990920866 45.7260434284 43.3738997031 43.8448170169 43.5756673146 45.0962176599 43.0321443716 43.224475539 44.5942593652 44.0601020277 45.3049125546 44.896438403 44.906431217 43.445982475 43.7389519644 43.9326145149 43.1205931725 45.0769756727 45.7730030873 70.9035917356 45.8109553007 45.4653078335 43.2400001791 43.1897033589 44.4829664367 44.8765487941 45.1103857555 44.540428147 45.145171702 60.5191585503 70.2290580288 44.1945365103 44.1818440485 45.1841594103 45.1909367476 44.6484152785 43.106380163 43.9219845889 65.3985238376 44.5485271233 45.223315048 45.3032084098
45.34063921 44.6165625379 45.5511990011 44.2888830661 71.767702834 44.9431022929 43.3547889262 44.6290161674 44.5787115568 43.9025261888 43.4092215702 44.4602851391 45.7319295246 43.6337679916 44.8506414666 45.7363476083 44.5182888398 43.8628763386 45.4380987923 44.651359062 45.0362387972 45.6383552998 44.7682221635 44.2425328675 43.3784701368 44.4710700045 44.7964769642 44.1121729859 44.496114624 44.6977134697 44.9560259339 44.2914741235 45.7529654142 45.5312970928 45.7657584571 45.4665174149 43.3284331404 44.5255621109 43.2708421335 45.3006780033 45.7388403116 62.5034429273 70.411183254 70.411183254 60.5191585503 70.2290580288 70.2290580288 45.0297899608 43.7727747531 44.1842957577 43.4701401514 43.5871494748 43.9469437457 44.2288789988 43.5595391866 45.316881924 43.951594837
44.9287658872 43.9979078375 44.0072733116 44.9545746212 44.388083042 44.4961754976 44.5238532263 45.8142146104 44.8119592947 44.5370068459 43.0378205539 43.6308637353 44.9349305342 45.6236365961 43.408188216 44.4761459132 45.3967129305 43.3518882959 43.7727461966 44.6287451924 43.933547931 43.6928351514 44.0271134703 45.1618142423 44.649006613 45.7992856744 44.5599834391 45.1254284517 44.0139775369 45.2443483825 45.68498719 45.4520996132 43.3290527143 45.2257860339 44.1223979071 45.8149955223 67.932422282 43.8114580929 45.7563931501 57.9698255824 57.9698255824 62.5034429273 70.411183254 70.411183254 60.5191585503 44.3246900572 70.2290580288 45.8022165806 45.0738345638 44.7145208574 44.1960067921 44.4649509384 43.1339410342 45.5977962386 44.9826210622 45.7393046372 44.3657560402
43.9125035165 45.7408926633 44.8087712242 43.2121972374 44.1890556946 43.135906986 44.6482309089 43.5135804031 45.7844143419 43.1232519333 44.7421322914 44.574463205 44.2624898012 45.6965761533 43.13602276 43.5095674051 45.6742851656 43.9949605049 75.0604316528 45.3645414882 45.1938701455 45.5470808712 44.5736142806 79.9921558064 79.9921558064 79.9921558064 45.7034102496 44.0953738883 43.3800451411 45.0134834833 43.8849325688 45.0456561158 54.8940193876 54.8940193876 65.7642165571 65.7642165571 45.5514752943 43.6820043657 57.9698255824 57.9698255824 57.9698255824 62.5034429273 62.5034429273 73.1361037809 43.4627942555 44.1812447917 43.0382401069 43.6560068636 45.1734943743 45.2193589789 44.6459626229 43.6965410298 44.3668268568 45.0582532927 43.6008736239 44.8168502072 43.8352523077
44.6392618007 45.0774922389 43.5898506641 45.3041104276 45.4198450958 44.0153494275 55.0668688054 75.4570642484 44.6873466186 45.1075293226 72.9091670862 43.8000044465 45.0684056575 43.2766512849 45.0904488342 44.8226089641 44.8639148303 43.4573746787 43.87139026 75.0604316528 45.2186517017 43.5122941073 79.9921558064 79.9921558064 79.9921558064 79.5652289069 43.6523765541 44.0122464699 45.2541137239 45.4852389486 45.5856466639 44.0948855115 44.5076634662 65.7642165571 65.7642165571 65.7642165571 44.3459628153 43.8410167109 44.4599659161 43.0554734788 57.9698255824 45.2644384243 43.9520300673 43.1840919635 43.7357354987 43.9105987458 45.3834239414 45.1230404294 44.6565563792 43.7908845381 45.2994822535 44.8322774916 45.0278323556 43.4937320462 43.5306543626 43.9875875888 44.8138306115
44.2431971343 45.6049319078 45.315448738 44.8623435928 44.8941263603 63.4958824012 63.4958824012 63.4958824012 75.4570642484 44.2610113542 72.9091670862 72.9091670862 44.0071610634 44.9711768608 44.9223672545 43.7856664917 43.4530893056 45.3942037457 75.0604316528 75.0604316528 45.7924572246 45.0372052699 43.1750753155 64.2711324252 64.2711324252 64.2711324252 45.760924771 45.783818779 43.2044274609 44.8182977104 44.1143747858 43.8414061179 44.1450030948 45.5830926125 65.7642165571 45.6917403837 63.5242551617 44.6299311092 45.1457652255 44.739012584 43.3789379879 43.4537733918 45.382710432 43.7863344692 43.4368195362 43.9179110794 43.1074552411 44.1677267295 44.7258042795 45.7828240887 45.3100780207 45.7214887291 43.3870572511 45.4757667915 44.9285591253 45.3866007084 44.4445004044
