Spatial_Output/BAU/BAU_0752.asc
NCOLS 155
NROWS 192
XLLCORNER 196307.867259
YLLCORNER 449144.565805
CELLSIZE 33.573938
NODATA_VALUE NaN
[rows 50 to 74 of 192, columns 0 to 56 of 155]
25.6810700326 26.6487475259 25.7672442181 25.6960429264 25.4148008022 27.2031723746 24.5307523277 25.9231870158 23.0416592767 23.8004747735 24.0864385448 24.7343483652 23.3110823708 24.9956130005 26.3023819463 25.3249024734 23.9259606506 24.5560177743 23.6302632854 26.6370541021 24.2154904698 27.2287817611 25.0758965195 23.0887658 50.3326184488 36.7927429438 36.7927429438 59.06433724 26.1921074508 25.5690913031 25.2902316655 58.8962112938 26.6504718228 25.3318265635 64.4473055399 24.6653592046 24.4356427277 50.7384689271 50.7384689271 50.7384689271 23.4229705401 25.8066904126 26.5419100216 26.9459600817 24.716015101 24.1147235539 24.080010685 23.196132996 24.3695379881 24.3949262612 26.3057277326 23.6903906174 23.8446833839 25.2652543452 27.036958997 23.6693058159 56.2246644677
26.1422982639 26.2158788173 23.2073299121 26.1041380198 23.2893921406 26.7081008412 25.41097698 26.2093229333 25.5279286162 26.7416488801 23.5474203079 26.999733289 23.3989834665 24.9416222948 24.9986880522 26.1432566445 24.8804137745 23.7684852528 24.9035581333 26.0573630066 25.8969511432 24.7204575365 24.205471304 40.6169245618 40.6169245618 36.7927429438 36.7927429438 26.2291437607 45.2721786983 25.6644848811 51.5384479716 62.4278161559 25.09258462 40.6956515475 25.1695746961 26.7251902748 26.726274652 43.164189222 43.164189222 26.8812666346 25.4159355901 24.3642121982 26.5376848269 25.6051991569 25.1565511846 26.4102975828 64.1744512246 25.022189098 25.8794310458 37.5343798422 24.3265559268 24.1578053144 25.7599520837 25.8791865961 26.5765352705 39.4324535515 52.2908882933
26.8649322213 26.9280902608 25.3819682408 23.7243814191 24.2845386475 26.7318432237 26.9854901331 23.6624119542 25.3163312984 23.5394006859 25.0242655186 27.0773875039 24.2922928397 24.0573925731 25.1872726898 26.5239288382 24.3122947302 26.5032193305 25.2054557268 23.4290882897 26.4878195236 26.3613105807 55.1792386254 40.6169245618 40.6169245618 40.6169245618 49.3583405811 27.1375030402 45.2721786983 51.5384479716 52.1160349474 52.1160349474 40.0352318181 24.7115741611 52.6455083524 23.0952781754 25.6859578643 43.164189222 43.164189222 43.164189222 24.2976163851 58.1572921225 70.9598120199 71.1404646304 58.1344152298 81.9970321227 44.9027447195 44.9027447195 37.5343798422 37.5343798422 53.3059025672 67.4589620268 75.7036913564 71.1999053941 43.4918163744 39.4324535515 39.4324535515
24.3689573047 24.4236948597 24.5455678045 26.7750835986 25.1234956275 26.4286663168 26.8008085079 23.4285275294 24.7980991494 23.1367732693 25.9163596504 26.5716156169 25.630932488 24.1278975144 26.1864857753 23.6738372453 23.4182737897 26.7588365431 23.5015564097 26.0930981419 23.8528604343 26.2448197772 25.8519519957 55.1792386254 55.1792386254 64.9643563571 64.9643563571 23.8613632568 45.2721786983 54.3688649297 52.1160349474 52.1160349474 42.1782063107 42.1782063107 26.0703496892 23.140965752 24.7368877224 25.9687727911 23.3211073247 56.7124656981 25.7649094834 58.1572921225 70.9598120199 70.9598120199 58.1344152298 81.9970321227 44.9027447195 44.9027447195 37.5343798422 37.5343798422 53.3059025672 67.4589620268 75.7036913564 43.4918163744 61.793233673 61.793233673 39.4324535515
23.5169249766 25.5425539319 26.3977548899 25.0471937853 26.9015645835 23.2551947647 27.2023255089 23.1763931057 24.7460147033 23.0035812945 25.3813230921 26.0215776034 24.1662377192 25.3383605757 23.2311942627 23.2508173244 25.4887174519 25.1498455876 27.1254854794 24.5390861172 26.5768739963 26.7276355315 53.8399121261 23.6398214559 53.8399121261 64.9643563571 64.9643563571 64.9643563571 26.0692617434 24.3504429873 25.4565712404 37.9789686793 37.9789686793 40.6956515475 25.8067599256 24.0011641522 23.1639532223 23.1894245617 25.2500496383 25.5095347245 27.1889022249 25.7824334127 70.9598120199 26.8926445685 71.1404646304 58.1344152298 81.9970321227 41.8923558669 26.2985419284 53.3059025672 67.4589620268 50.2600497233 75.7036913564 43.4918163744 61.793233673 61.793233673 48.4939003334
0 26.1074105715 23.9745554238 24.3329552979 25.6160126113 24.9707295087 26.9461550851 24.4401320049 27.0995327358 26.44391753 25.9061031637 27.0416806326 26.8843252823 25.9443966863 25.7627108194 23.4417321423 23.8852660096 23.4230928298 24.6429181164 26.3399516391 24.7978350108 26.727033917 24.7297408528 23.7332665909 72.4244641419 72.4244641419 64.80456804 64.80456804 23.0985367061 23.2888793505 37.9789686793 37.9789686793 37.9789686793 49.4754575041 26.2481915616 23.0495891379 26.3118702047 26.9607484397 24.0779413806 25.1066023294 42.4296910801 24.2954939383 25.3299294276 26.645366268 26.2435633186 26.711466566 25.9904096595 26.4179476664 25.1573862204 23.5337688245 26.2913896302 23.9439557008 25.3915736223 46.6742921245 60.9509887918 60.9509887918 54.4989295168
0 0 27.0161638701 23.4673157783 25.9152631648 25.5539789627 25.1950059871 24.2459265804 25.7940251559 23.8198231705 24.7689153795 25.4937587069 25.2293537934 23.3803548804 25.7695552319 26.3430852687 25.2328043022 26.8026404537 24.4992984444 24.1992643921 24.3506590557 24.3341748183 24.1993362261 72.4244641419 72.4244641419 70.1837842789 25.9685650892 23.261505755 25.6124835799 23.457919764 24.4662749449 49.4754575041 37.9789686793 26.4093021707 26.5829451684 23.7824441636 24.6122549327 25.3709745633 23.7407462203 58.2702152185 53.8202869438 25.5360700593 23.0275450636 24.3541023371 26.8698511569 25.2486467212 24.352566908 25.72340493 25.6869479588 27.1111531171 24.2952130744 25.1899492315 26.8771974335 23.2644531582 23.6285766984 26.9601409141 25.8260095188
0 0 0 25.9744972777 23.7705895349 26.1548456322 25.9025660585 25.9564956916 26.9794174329 24.5769374333 24.6834331836 26.8729035253 25.5866428343 24.3920205939 26.594410553 23.9817811138 23.7206973832 24.2927662597 23.9285243628 23.9981831552 27.0753080129 25.0633697199 27.1888775387 23.0426432457 70.1837842789 68.7149968808 75.9648881316 41.6069622871 23.8218963488 23.038552793 24.2187891036 58.869229865 54.3102892221 54.3102892221 54.3102892221 27.06880385 27.1210017038 26.4178570443 23.200599793 26.0172724256 24.2091531974 26.3124744281 53.8202869438 25.0184785814 24.4522521998 24.5751097439 23.215738087 24.963537584 26.8172215289 24.5228482054 25.1364223177 23.2721607361 26.4449891401 24.9469481143 26.9322137111 23.6441405937 25.5514646254
0 0 0 0 23.5494262893 24.3544010098 23.7407936667 25.1159245245 26.5195210657 23.4654368209 25.5186249259 27.1481622229 25.5195594046 23.8565342214 23.6737850822 24.5889288136 25.5024200852 25.8751234814 24.590168156 27.1677442106 26.2527781337 23.8808864018 27.2420817247 25.4430618338 23.3340332455 23.5203195413 75.9648881316 75.9648881316 25.2947656578 25.3593098688 24.9896737554 53.65667291 23.4540791819 25.7663497373 55.7090657405 24.2633919041 67.9331514011 23.8363967828 23.1394687267 42.6727177216 65.6978181721 65.6978181721 26.5335082244 23.8921132098 26.850770645 25.9517839855 26.1697437809 23.0270882354 26.4801927432 23.2934832407 23.0451963768 25.0430996163 23.7715129774 24.4666486866 23.8336563918 23.5801505164 27.1522479163
0 0 0 0 25.2119076198 23.5639310533 24.5329543712 26.891242231 26.5402765534 23.5935051089 24.8112515869 23.2695578549 26.1525923658 24.2383740707 23.5109849696 25.8790357158 25.06673836 27.1088445358 23.3995668032 24.2971403991 24.3090219383 23.4182522213 25.9480815939 24.6530004494 25.9282031685 75.9648881316 75.9648881316 75.9648881316 27.1793408821 25.0899678517 24.5013585341 23.960851243 27.007483688 23.3712546623 26.2413605574 24.9947290341 25.6807529982 24.3465597184 57.7412684449 42.6727177216 42.6727177216 65.6978181721 67.1689985151 24.5441785282 23.5195700255 25.365631258 25.0576233031 24.9240322478 24.4075555612 26.8711240401 26.1640680787 25.9545995234 24.0503419142 25.9640456781 23.9562391762 23.1319653385 75.7786524004
0 0 0 0 0 23.13224054 23.0047192812 26.2954936053 24.613351391 27.1760840968 26.8122490999 23.4051634377 23.2719820055 26.8000910082 24.9363466915 24.1879617489 23.9100908973 23.0286350989 24.6980218553 23.0990630289 24.2022142427 24.2822122348 25.4759708744 23.0427390629 23.3571626656 24.3480947546 23.8990681103 41.907644536 49.9166763257 49.9166763257 24.9646501648 23.5939686889 25.0775553888 23.9512154155 42.5455026352 26.4055519391 23.6126621425 67.9331514011 27.1338167389 42.6727177216 42.6727177216 26.1724176955 24.5616171702 25.0479737021 25.1599198782 25.6423673376 24.2675209902 26.3527961353 26.8200097256 26.5044550735 27.2290655694 26.1759384914 23.3535410359 24.4739198648 26.6211102544 25.3686217584 42.3191211827
0 0 0 0 0 25.1846889898 26.4755477997 27.1756967032 23.1540452631 26.4246063688 26.8424845292 26.5997610686 24.8735552614 25.4609872749 26.9186953947 25.940901018 25.5316627125 23.7445316686 23.8384991561 23.0254632864 26.3671475135 25.090074943 26.9378011598 23.6348439934 23.0272071716 23.4579368798 41.907644536 41.907644536 49.9166763257 49.9166763257 24.337178599 24.4258724758 69.1070047695 69.1070047695 69.1070047695 24.2379394123 57.334842294 26.8288054967 49.2327099116 26.2900346676 23.1616987271 25.5855726124 23.8405644448 26.090854655 25.6905503315 26.1182097025 24.5285789071 26.0577766247 24.1443044992 23.5819423144 26.5050772116 25.2993576547 26.3833965234 24.1621444191 23.1099410194 25.9798832572 41.7044147004
0 0 0 0 0 23.5773409721 23.5622059594 24.392578627 24.1529289409 24.3176548019 26.7474563553 24.6184417713 24.7515294856 26.0380175918 25.1212454797 26.0695856319 23.4675445261 23.8626100708 26.5322781135 26.3406669068 26.0870465455 23.5738920415 26.307990146 25.1851083334 25.386954868 26.0720536649 24.9113597863 25.5191444622 24.5421270221 24.7286344337 25.775950183 25.774386488 24.0755589401 69.1070047695 43.909006993 23.670604393 25.2870617753 24.8271735368 24.6407764257 26.4957528179 25.5248551127 23.8347740802 24.2514569302 23.6399163369 25.1704949939 24.5928379242 27.1046771506 25.9055128613 26.5150990999 25.1039654664 26.5783872408 26.3580947674 26.9047787224 25.0381594631 23.260363535 25.9009464398 49.7875125773
0 0 0 0 0 0 26.9402813868 26.6004274509 25.7093336981 24.4574697119 23.9613856707 24.0459183429 24.9477171644 27.0470097965 25.9770338666 23.5269511293 24.6903874413 25.6895868913 26.0451212068 23.8020142404 25.3582639738 26.9591470055 25.8057089909 25.2672427432 24.2250963218 24.5244253306 23.0716105562 56.3296509084 25.2984025144 24.7134452774 26.3724629429 24.1515634313 43.909006993 43.909006993 43.909006993 58.6613390872 24.3618571606 23.767507543 27.1616417021 27.0903474358 24.9379253977 23.3463932294 23.4040660195 26.0043482355 23.5081518137 24.1548409087 23.4204773885 23.7396885639 23.2294875733 25.1170815515 26.3194090469 24.2006712148 24.0910732141 23.7003811127 24.9181377845 25.3772434757 24.2864757492
0 50.6543402332 61.609138521 63.162841419 90.4520669693 90.1341036086 90.1341036086 26.6280395153 23.7169139742 25.3603304207 24.4824215277 25.5997300076 26.7315793765 26.5920945049 24.1864595112 24.8445083424 25.3937041921 25.1312905054 23.2453199516 26.6745457896 26.5881488517 23.1438865222 24.5737320675 26.7300352915 23.4067868435 26.0040337834 23.7434909685 26.5753326763 56.3296509084 26.3595429373 27.024486767 24.5167765574 23.5989966564 35.4605401189 43.909006993 35.4605401189 24.6444439418 26.5701162434 26.549187268 24.6531829612 25.6787493877 24.0843921385 23.5095577482 25.7989633903 25.6016505408 26.3991893234 24.9156217812 25.1045969422 26.8297912218 26.0034553308 23.2905359802 25.3602631082 25.7110985401 23.3729012061 24.9555058219 26.3534331181 52.1352018018
0 61.609138521 63.162841419 63.162841419 90.1341036086 90.1341036086 62.2621900181 55.2431041974 26.1554117574 25.0990780538 24.8829772063 25.1305372339 26.9132479818 26.7751308233 25.8195223565 25.4074443527 25.00891289 62.933090425 62.933090425 43.9536432774 23.7581569416 27.2120797852 40.5129585215 40.5129585215 73.0975448036 36.7598493361 56.3296509084 56.3296509084 26.7154851664 25.7226343005 25.7661505076 24.6053850016 25.6814261117 27.1326356188 35.4605401189 27.1758370685 25.8427951377 26.3827291751 23.7511400782 25.5237826744 46.0691216371 46.0691216371 26.7066876772 24.0544689056 24.7938217394 23.5167888486 25.4676490156 26.4629482434 23.1483071997 24.8634812912 24.3553534576 24.093041997 26.0152610603 26.3112762152 23.3309853096 49.0152642658 49.0152642658
0 60.2311324439 61.609138521 63.162841419 90.4520669693 90.1341036086 48.1364962042 56.9368719669 55.2431041974 57.2044620077 25.2363782237 23.7735727878 23.9637670564 24.5681935169 24.8916792888 25.962749094 24.0216704732 62.933090425 43.9536432774 43.9536432774 24.7843365417 40.5129585215 40.5129585215 40.5129585215 26.5525042055 36.7598493361 24.4388702426 26.7229701669 24.8874450779 49.99869831 25.9520609741 25.7174700487 61.7896532057 61.4519250818 24.9480247491 63.3163148524 23.870196699 25.903062038 52.3660257206 52.3660257206 45.5486926537 45.5486926537 23.5594365981 26.4629700025 24.9669161974 25.5886380672 26.7137027278 24.5877142521 25.8470255409 23.0574464582 24.8345577902 23.4993120171 25.5580993727 25.3909441529 27.0421304329 49.0152642658 43.6566903722
0 53.8418273205 55.7805383582 54.4355182535 54.9599982163 49.0445187615 58.0173193881 54.6620215063 56.9733557118 56.4260651493 56.4260651493 23.494065328 23.6095619813 27.0486501578 25.1203033299 24.4938719194 26.137278601 62.933090425 53.8230998823 43.9536432774 61.9787003265 24.194346759 40.5129585215 40.5129585215 25.4848985474 36.7598493361 25.3071392117 51.9153527901 51.9153527901 49.99869831 26.8567424539 26.7499035707 61.4519250818 61.4519250818 61.4519250818 58.0548194553 25.6616997954 52.3660257206 52.3660257206 45.5486926537 45.5486926537 45.5486926537 45.5486926537 24.9024518984 23.9617818373 26.2031632687 24.2226372556 27.1648387909 23.6821555034 23.0301590246 25.8191739177 25.149320738 25.6454480194 24.4411375013 23.5646736639 64.7435447441 68.1119247554
53.8418273205 55.7805383582 55.7805383582 54.9599982163 54.9599982163 50.7876583615 54.6620215063 56.9733557118 56.9733557118 23.1944345727 26.383484139 24.4430377917 24.0104931459 24.670696719 24.4988850113 26.6416341842 25.4367626915 25.5237799948 25.0338617318 23.4140827248 23.9540117774 25.9807663216 23.7196060049 23.2416404035 24.3405404537 26.4339121368 51.9153527901 51.9153527901 51.9153527901 49.99869831 24.4287132181 25.1198909209 23.6923353192 61.4519250818 26.4798188033 25.0741313105 24.4230023824 25.9945566111 52.3660257206 52.3660257206 49.284532195 49.284532195 49.284532195 25.481672973 25.1030162538 24.8721935532 24.0675887766 25.2192325545 23.6252085022 26.5696117585 26.1328824019 25.1744833734 23.0233146852 26.8730117584 27.0867711422 64.7435447441 64.7435447441
0 53.8418273205 55.7805383582 49.9439372046 54.9599982163 48.5337929169 50.7876583615 54.6620215063 56.9733557118 24.8399948275 25.9265036912 23.7202865426 26.3271465346 25.7947029347 26.3553380875 24.8617560771 27.0699039149 24.6061180166 24.0548249051 25.969880176 25.9328930521 23.6685377232 24.3784883455 26.3010980413 25.4783443672 24.0305059367 25.5375122891 44.2505826012 44.2505826012 52.1570091044 23.5733414343 24.7113268464 26.9080157796 25.6656706474 23.2675889013 23.49200838 26.2958748581 25.0219709359 24.3422314143 26.868092728 46.442351157 46.442351157 46.442351157 23.1562659815 24.3938590608 23.6360673228 27.1360841351 25.3129622681 23.3346160949 24.2107303483 24.7537105403 26.4655738641 24.5536327742 25.4363022329 24.427360382 27.0829208179 65.6664672035
0 0 0 0 0 0 0 0 0 24.6828038269 24.0618548015 23.7972624019 24.9149145683 27.1426968223 25.8111850781 25.9014841287 24.351376777 23.8752588179 25.3598785022 23.5494923898 24.4175070236 25.2636699702 24.4495844853 25.5669504 24.2839347059 23.4765676799 25.6638796791 25.4950476281 52.1570091044 52.1570091044 45.1185415346 26.4247940542 25.8193741978 24.9306904509 47.6516605979 47.6516605979 47.6516605979 24.2437786436 23.7243243078 23.5451579579 65.0942789745 46.442351157 63.3910132542 23.3302761772 23.4684702531 25.0208439477 24.1667322393 24.8913022444 26.6817603381 24.7669292609 24.176202262 25.3235012833 23.8169550096 23.4764370925 26.4496753027 23.9482791527 26.9926249564
0 0 0 0 0 0 0 0 0 23.01073321 24.0318756143 24.5574431395 26.8743620264 26.2001562359 23.2281339605 23.5727548973 27.1232705229 23.7363287062 23.5832352416 23.8846902227 24.3593229846 23.7253545755 24.1384983466 23.7457534316 24.8428544815 23.150300079 24.1952626075 23.098843738 62.2684917398 25.5914964975 26.9193930083 27.023504049 24.4767122417 27.1451678461 47.6516605979 45.1310879849 45.1310879849 45.1310879849 23.6539197308 25.0984745673 65.2411691868 65.2411691868 65.2411691868 24.1646813258 23.0141731624 26.174208884 25.6960579483 24.217557634 23.018638107 23.3670421073 25.6040609156 27.1249254013 26.5662352553 23.9672086146 23.824197812 24.5480143209 25.6679177336
0 0 0 0 0 0 0 0 0 26.4615691475 24.6883052942 23.0664621761 25.0999768236 24.8254636523 26.0401454637 24.2672333453 25.0332621016 24.813431742 24.9245537619 26.8495344093 24.2129275464 25.587509875 26.1828682264 25.398286738 23.309446579 27.0162289866 26.1894862097 25.0437360864 26.4230980023 24.5582671965 23.6517063063 25.9617563056 25.7440713292 26.7186073045 25.8103081828 46.9770578229 46.9770578229 46.9770578229 26.7701002818 27.1062834955 57.1992909659 65.2411691868 57.1992909659 57.1992909659 24.6777004341 23.6847896433 24.4083295432 23.0730817715 25.1747481303 26.934336121 24.799900695 70.1813764072 26.1279527932 25.3296613468 23.17059215 24.9643347828 24.2714203052
0 0 0 0 0 0 0 0 0 23.3566647867 25.2775805217 27.0156574078 23.3352648316 25.8507866828 26.1323139479 24.5675566379 24.6141493969 23.207121323 23.8032704814 23.3853702806 26.9606846144 23.2513346492 24.0817547537 26.5373832642 24.7821051982 24.1482372013 23.9591470971 26.2731297873 26.4819194082 24.4241871657 26.788204932 23.3567855496 23.1092725691 26.324976545 26.4830014536 46.9770578229 46.9770578229 48.8727187547 27.2234615372 23.5758498225 47.0104274281 47.0104274281 47.0104274281 25.7621054483 26.8968632802 23.6660869354 25.8579718339 27.1769159282 26.5497500277 70.1813764072 70.1813764072 70.1813764072 26.7103375863 23.3208525385 25.6396997502 65.2816933258 65.2816933258
0 69.2314019752 80.1236992038 0 58.3068292644 72.2944043687 68.3628347603 0 0 0 23.7515554612 24.7330924192 24.3218211827 26.4964658211 26.6081663447 26.9323288448 26.1932919644 25.2199233692 25.1500853863 26.1109331302 27.0942211568 24.8752790908 23.4761050846 26.786411836 23.1036831117 24.5194645387 24.7267460394 26.9725914254 26.2222147904 25.5959803166 23.1299963188 24.5410891679 25.3610104837 27.1305401284 24.5139555802 45.5995443701 48.8727187547 61.5651422423 61.5651422423 23.7951789483 38.1067969011 47.0104274281 47.0104274281 58.8248033223 23.5842235951 25.5764392064 26.1889646014 26.6414347194 25.7294481818 23.6277265461 70.1813764072 70.1813764072 70.1813764072 26.1309946779 25.8305176431 65.2816933258 65.2816933258
