Spatial_Output/BAU/BAU_1165.asc
NCOLS 155
NROWS 192
XLLCORNER 196307.867259
YLLCORNER 449144.565805
CELLSIZE 33.573938
NODATA_VALUE NaN
[rows 25 to 49 of 192, columns 0 to 55 of 155]
0 0 0 0 0 0 0 0 0 0 0 0 0 0 0 0 0 45.4552721243 61.7286848938 52.4656277188 52.3520803771 28.0024152158 28.1728622506 46.1146758576 63.713122463 63.713122463 63.713122463 52.3172773842 28.1160571968 27.7780722944 27.5905061468 27.930101828 27.8319546349 27.809944728 27.6243370078 27.9850693593 27.9235026253 28.0299490119 27.8348483215 27.7525048769 27.7591214434 27.5655893188 27.7406591144 27.773136656 28.1156219416 27.9373137311 27.8904418999 28.000998725 28.0904493462 27.8912768014 27.5649349241 28.1532344185 28.1930268902 27.5590560771 28.1769909127 27.8413286154
0 0 0 0 0 0 0 0 0 0 0 0 0 0 0 0 0 0 70.8543547081 70.8543547081 0 27.672613198 27.5649257522 28.0212947256 51.0753784009 63.713122463 66.2674122262 66.2674122262 66.2674122262 28.0694776978 28.0765014091 28.0429871757 27.6639185838 28.0048746436 27.9432437423 27.8474669556 27.6327767219 27.7507800229 27.7243973601 27.8981490229 28.00190966 27.5004655072 27.9156155759 27.8713265603 27.928287894 28.0406498356 28.0953067411 27.8073995288 28.1728145672 28.0799961999 27.9286391484 28.0684751791 27.9691187429 27.6014308299 27.6594037115 27.5418957707
0 0 0 0 0 0 0 0 0 0 0 0 0 0 0 0 0 70.8543547081 61.9537538585 27.9787673525 27.6157167506 27.7667613347 27.93382062 27.5988103098 28.0356306978 28.1203892496 46.5632990164 66.2674122262 66.2674122262 51.354041422 50.7179013355 27.9639709489 27.8625938838 27.6868324352 27.876902274 27.7325418619 27.7646488645 27.5455985468 28.1937120228 27.5758696757 27.6716014189 27.5210691694 28.2001320985 28.1396934898 27.5982018992 27.8838305509 27.6039816956 27.9758072309 28.0419820496 28.1812756767 27.7672645887 27.5781599355 27.9961092504 27.5580435341 27.6202959608 27.9851722844
0 0 0 0 0 0 0 0 0 0 0 0 0 0 0 0 0 61.9537538585 27.5746614753 27.8955487617 27.6562662973 27.7204955139 27.9199050399 28.0843345834 27.9298152472 27.9400426318 46.5632990164 44.2207194619 51.354041422 50.7179013355 50.7179013355 65.7126336099 28.0380638142 27.6235040073 28.0831616519 27.9433938756 27.5164057763 28.1267934815 27.78236653 27.9088755117 27.8136603687 27.5467734546 28.034381187 27.5830472353 27.5419725864 27.6134532944 27.9137477815 27.5285713433 28.1405281226 27.9368927051 28.0955225484 27.6285973111 28.1976424269 28.1954860099 27.7138167212 27.9574003723
0 0 0 0 0 0 0 0 0 0 0 0 0 0 0 0 0 27.9514784713 27.665705351 19.3996406142 12.6469233755 21.3684427373 27.5893949529 27.7196792616 27.9287170833 27.5052539802 27.5887466872 44.2207194619 50.7179013355 50.7179013355 46.3095561533 46.3095561533 43.0388379172 27.9028293544 28.175904805 27.6252545797 27.6161232183 28.010971239 27.9540858048 27.5498383078 27.7981333892 27.6764407206 27.5838708489 28.1979970238 28.0955231383 27.7745688014 27.7292897892 28.1163866815 27.9269089449 27.8245211867 27.695418461 27.8222591009 28.1664229577 28.1304388709 28.0009950923 27.6037362945
0 0 0 0 0 0 0 0 0 0 0 0 0 0 0 0 27.6854981472 27.7030291545 28.0771852662 22.4177040041 14.4926132758 19.0217391264 28.0313474498 27.5523621193 27.7175135128 28.0800945052 27.8785032057 28.1386908013 28.1661084321 27.9804468233 46.3095561533 46.3095561533 45.8063302692 45.8063302692 27.6780239809 27.5353520839 27.7131417559 27.9277308413 27.6745940969 28.1501892273 27.6272246352 28.1226011506 27.7293031865 27.5779419566 27.8526261439 27.9774235851 28.1395425631 28.1006891183 27.8857208878 27.8362028697 28.0073735313 27.8205989479 28.0643975894 27.6158981408 27.9919259809 27.8486303775
0 0 0 0 0 0 0 0 0 0 0 0 0 0 0 28.1705528072 28.1952965119 27.725373508 27.5030733561 25.036170859 18.7722910011 23.06597353 14.2380524678 27.8573788102 27.9125927259 27.7085639876 28.00739526 27.7513998432 27.5149226984 27.9823434077 28.0556254622 45.7121130667 52.9206796582 52.9206796582 52.9206796582 28.038070835 27.6770482902 27.5142735336 27.8684757945 28.0556705205 27.9266136326 27.8988786103 27.8130413259 27.9122605187 27.5664362309 27.8022215791 28.1893914402 28.140229914 28.0013255443 27.5759381831 28.1917709856 27.7117236213 27.9369950907 27.7589451325 27.9792418893 27.9228537439
0 0 0 0 0 0 0 0 0 0 0 0 0 0 0 27.5689992295 27.8985810019 27.9504816299 27.6699761322 12.6706204402 10.9862260674 13.0214740117 16.5722795815 27.7233916442 27.5148012519 27.7559122653 27.6643040639 27.7502492058 28.124686243 27.6096563637 28.0020372467 45.7473266193 45.8063302692 52.9206796582 46.7509647648 46.7509647648 27.9422355796 27.5484330686 27.7236170742 27.8153153961 28.137760028 27.5213822576 27.8260873736 28.0231315419 27.7854769796 27.893332792 28.1919405142 27.9141029826 27.8338821528 28.0822183701 27.9141769596 27.8082675776 28.0611683311 27.8393458202 27.6641262585 28.0791235547
0 0 0 0 0 0 0 0 0 0 0 0 0 0 0 27.8551564356 27.5688285699 28.1028185141 27.9958290498 28.0600771977 14.5152354285 28.5252166464 9.5722469765 27.9579137841 27.7787355792 27.9130162469 28.1842105414 27.6009092054 27.8515201306 27.8233811229 27.6073540828 27.9858318548 27.8239779018 65.665347778 46.7509647648 46.7509647648 50.1083238238 45.5900164393 27.7455665355 27.7811358168 28.1844441018 27.9601665361 27.6325781148 27.9531972965 28.1717443504 27.563167146 28.0051430161 27.9549069511 27.6206624228 27.597438751 28.0995270539 27.7321374278 27.5142540424 27.9645645854 27.5611527959 27.8183481791
0 0 0 0 0 0 0 0 0 0 0 0 0 0 0 27.7356933122 27.5286481189 27.5506420098 27.8110946608 27.6014689358 27.828423408 27.6584517571 28.1857117687 28.1446339654 27.614571937 58.3575181704 27.8307533648 28.1775398759 28.0654162581 28.0575968519 28.0985499913 27.7493908276 27.5057815829 28.1187580643 46.7509647648 50.1083238238 50.1083238238 40.3833911234 65.5019351413 27.6889550194 27.6347451329 27.5127653874 27.9846850865 27.7170904718 27.9961892806 27.7342058944 27.8121246106 27.9376158778 27.9796484603 27.504111145 28.0791554745 28.0285878756 27.90276882 27.8872111974 27.7359162991 27.8554564997
0 0 0 0 0 0 0 0 0 0 0 0 0 0 0 27.5952930259 27.6211124 27.8733574939 27.7351109955 28.1190589578 27.7717306403 28.1490058931 27.6565992249 27.9045445233 27.9038597153 58.3575181704 27.8195698873 27.8565958539 28.2034784117 27.9849654678 27.8200817613 27.6686415725 27.5266138476 28.0968510511 28.1102028969 50.1083238238 40.3833911234 27.7321210866 65.5019351413 27.8309147916 28.1468716938 27.8668881154 27.6833788509 27.8233489431 27.9428689088 27.5274221557 27.9786922352 27.8280935652 28.0523919323 27.5169916974 27.9981296582 27.7462856394 27.6121806576 27.6727952263 27.7478235091 27.7151817507
0 0 0 0 0 0 0 0 0 0 0 0 0 0 27.5604703984 27.8571534927 28.1738658801 28.0271200261 28.0587637901 27.6900944254 27.7844689717 27.68423972 27.897129599 27.6780914651 28.1862278719 27.774908574 27.746122428 27.8876879153 27.9459454939 27.6322432214 27.8238369809 27.5094376191 27.7834037256 28.0951776048 28.1901615806 27.8649482831 67.4550028088 67.4550028088 27.5557205809 27.6901684674 27.6063017503 27.8132135856 28.01844232 27.6995327077 27.8166248522 28.0958872099 27.8843421273 28.0333760506 27.9791828092 27.7272726535 27.9091232244 27.7569190073 27.8967113373 27.6866450354 27.5310786463 27.8120718674
0 0 0 0 0 0 0 0 0 0 0 0 0 0 27.6112614271 27.5881020144 27.8820717767 28.1721429608 27.5873575956 28.1354354352 28.1975301994 27.9561422949 28.1724910183 27.6485098546 27.6170721896 27.8007618687 27.9280385934 27.8540888008 27.5130964435 27.6823891588 27.6861907668 27.7573850384 28.2039497762 27.5622613489 27.5932161892 67.4550028088 67.4550028088 67.4550028088 27.5638716493 28.0175931618 27.918983555 27.5961752368 27.6536244536 27.5390318383 28.112596863 27.6071851747 27.5021079922 27.5509546907 27.8787884734 27.6313691762 27.7733212267 28.1286623595 27.7518533128 27.7141080848 27.7927479534 27.9229165351
0 0 0 0 0 0 0 0 0 0 0 0 0 27.6640968553 28.0489045168 28.0281127047 27.7002172389 27.9355799807 27.7704532634 27.5185995157 27.9631638906 27.5163535922 27.8392254992 28.02935432 28.0292270765 27.6874699192 27.9290368635 27.7748682731 27.7134660719 27.635513842 27.6119608436 27.5904083494 27.9607177275 27.9483397973 27.6122070466 28.041078926 54.8308357993 36.4789213723 36.4789213723 27.971812457 28.0820855684 27.9426827205 28.0015471964 27.7388260296 27.9603854805 28.1117928363 28.0875711844 27.651971394 28.1906980728 27.6924377087 27.9787875732 27.9162075904 28.0513627511 28.0804933725 28.0723765702 27.8152801958
0 0 0 0 0 0 0 0 0 0 0 0 28.1359237525 27.5088516339 27.8088782993 27.6136760012 27.6135736645 27.9796828023 27.6671754705 27.6536477347 27.5746916245 27.6216222703 27.6250562361 28.1934808256 27.6512076119 27.558205288 27.9055571488 27.8097872739 26.0576048953 27.6387084005 14.6768201978 28.1723761487 27.5142726509 28.0110382022 27.8949732781 28.1481849625 53.3473596426 36.4789213723 36.4789213723 53.0865882695 27.9114904275 27.9978462117 27.7102880665 28.1317974948 28.0535857794 27.8749235481 27.8970836397 27.6936777525 27.5098859336 27.5889673473 27.5691654399 27.7110765414 27.803740951 27.5683011276 27.9487093788 27.9786481612
0 0 0 0 0 0 0 0 0 0 0 27.5061552904 28.0011869729 27.7813607989 27.6126681609 27.9142607101 27.957091763 27.6700410297 27.6588435541 27.6572219812 27.7644706119 28.0607536306 27.9624664619 27.5133307736 28.06830742 27.5334744457 27.7535719278 27.7936723607 27.2002964124 22.5940274764 14.838863632 27.7079339471 27.6881392586 27.8045245844 27.9035078535 28.0368418578 27.6044525569 53.0865882695 56.2776013515 56.2776013515 56.2776013515 28.0359072475 28.2016355983 27.9139790715 28.0883227697 27.761600945 27.6333352564 27.851672388 28.0231786219 28.0909140153 27.8137812989 27.5940170967 28.2051759455 28.1914622014 28.1236910781 27.8988378647
0 0 0 0 0 0 0 0 0 0 28.10479913 28.1081026208 27.8650084791 27.5669120693 28.0618762862 28.0494169804 28.0782090656 28.1682817381 28.1833576672 27.6666268037 27.7971303266 27.7006889197 27.8744292424 27.9495973695 28.0402150527 27.9897637193 27.6842332416 27.7109988625 17.6308263141 23.0557678416 27.259644185 27.7946425114 27.5501352329 28.0740293416 27.5884381577 27.8491405195 28.1728879204 27.5343058195 56.2776013515 43.5236537337 28.1904780193 28.1914395607 27.7571642099 27.8529234974 27.7464204244 28.1510783872 27.7164962078 27.5902986923 27.6544656276 28.0913459343 27.5645888376 27.7885472216 27.560999945 27.9027994644 27.999433541 27.8858210444
0 0 0 0 0 0 0 0 0 0 27.6707319989 27.8504735276 27.9868317805 28.0228301811 27.7588041848 27.8300058544 28.1113714883 28.0770753776 27.9664244017 27.6880480577 27.5222533305 27.5223890231 27.5510943011 28.0991299472 27.6560971061 27.8031942949 27.6997230973 27.7924343362 19.0661666143 11.795419568 11.310317412 49.9207608861 27.7210080836 27.818266321 27.8986947025 27.6479641147 27.6366095856 28.0084448703 54.5619031602 43.5236537337 43.5236537337 27.9837678632 27.5125291186 27.8872275309 28.0032109083 27.7660982644 27.8317345141 27.8473663343 27.9545577839 28.0231527016 27.6341275082 27.832305744 28.1790377292 27.5490765904 28.0092413444 28.0498211813
0 0 0 0 0 0 0 0 27.725947839 27.8435976053 27.5859464278 27.5493419488 27.5245374954 27.5768544803 28.1750069057 27.692660198 28.0144247001 27.8303442774 27.5337596166 28.0340571525 27.637484809 27.8778868999 28.0911962555 28.0197151444 28.0770180369 27.7181991505 27.5971243921 28.1217634362 27.6626284435 48.6197836775 48.6197836775 48.6197836775 28.1233844517 27.534540938 27.6215835522 28.0861767659 27.871305888 54.5619031602 54.5619031602 54.5619031602 27.7831846549 27.7230091349 27.8017412665 27.9675981423 27.9509517655 27.7703139524 27.6400067912 27.7321337374 27.6483165129 27.9457291608 27.8032226294 27.6099317524 28.1464960864 27.6306210528 27.9690638679 28.0215262999
0 0 0 0 0 27.8524967015 27.8807681265 28.0329267917 27.9924037459 28.1264479044 28.0434052511 27.8113776171 27.727638481 28.1867020721 27.6703512094 27.7227361938 28.1987398979 27.5680056146 27.9755181096 28.1729405276 27.9759487531 27.8414149815 27.5455307845 27.7975632948 27.8687263844 27.7020516739 27.9093241523 27.5409074491 28.0330429203 27.9694504822 74.1278702685 74.1278702685 28.0477637997 28.1175181694 28.0376971276 54.6766020279 54.6766020279 48.4154742002 47.9386393672 51.4963325676 27.7533516999 28.1645178162 27.9813072505 27.8238952332 27.519877164 27.8430848457 27.796241361 28.0593035691 27.6854125615 27.8114712058 27.5382404313 28.0467093752 27.7733861056 27.5449111375 27.7260817033 27.7181066402
0 0 27.9145144945 28.0966913369 27.7585345125 27.9548386967 28.159962374 27.9890846672 27.7655772653 27.703063271 28.1546151432 28.1343298664 27.8044876424 28.1925729863 27.6322199689 28.0562765421 27.5009050907 27.854811272 28.1989690116 28.0719759956 27.8784171825 27.5758821674 27.879008293 27.7807949502 27.8075642365 28.0169638067 28.061306079 27.5354362541 27.768548334 27.6359788788 74.1278702685 74.1278702685 27.5789914368 28.1949594912 27.88969086 28.0048321317 54.6766020279 47.9386393672 47.9386393672 47.9386393672 28.0623789433 28.098175957 27.7240451975 27.7211250396 27.5280651249 27.9021732443 27.7140179356 28.0615705516 27.6370871316 27.7873082757 28.1280344714 27.9363507426 27.6145556601 27.7042925309 27.6439680985 27.7270213348
0 27.5834412554 27.8932754108 27.9954309802 27.8419744726 27.8663123451 27.8541670795 28.1287431852 28.1702213121 27.9700714557 27.8411102775 27.6143787298 27.9618686345 28.1543531756 27.6710158233 27.673274019 27.8175304217 27.923632432 27.8424140484 28.0466674648 27.8891188584 28.0098753265 27.8274380825 27.7710521658 27.5959543 28.1502317735 27.9087945965 28.0613358496 27.7179049859 27.8651821413 54.9903432258 74.1278702685 60.9613667453 27.972810033 27.6448027414 60.070618796 54.6766020279 62.8339226406 47.9386393672 74.3171363084 74.3171363084 27.927534892 28.126588204 27.8808704892 27.5715018029 27.9394694383 27.949058923 27.899580121 27.5291636497 27.5850789982 27.5443259704 27.7592356088 27.7921381801 27.8443815821 27.6475194538 28.0347522635
27.949072649 27.9760148555 27.9436091773 28.1927757249 28.1942961611 28.0000796859 27.9025346206 27.9717377357 27.9732002333 27.9406934236 27.6969952712 27.5749220246 27.9995287444 28.1801690768 27.8106950728 27.6663237502 27.5182824777 28.0506910383 27.7961981642 28.1171779291 27.762143769 28.0363206518 27.8020887187 27.9449403807 27.7514125675 27.9003107946 27.662800039 27.9308969468 27.9303779121 54.9903432258 54.9903432258 45.0987120192 42.7902518549 27.7035171285 28.1922816792 60.070618796 60.070618796 60.184041179 61.3682641615 61.3682641615 27.5744831665 27.6961769955 28.0465951387 27.9744125729 27.9845644651 27.9879139655 27.6559798987 27.8932098153 27.8339566611 27.6894027712 28.0689135068 27.5308872505 27.6599072083 27.8318343561 27.6399028398 27.915446974
27.9177436462 27.9145295059 27.6889446693 28.0441707 27.8175687952 27.6205574974 27.6070137595 28.0883222195 27.6595582744 27.7140891517 27.7813249915 27.85090393 27.5261134818 28.1220770136 27.8636963684 28.0977500592 28.16933248 27.5261708834 28.0056945795 27.6821293889 27.7132770605 28.1431199367 27.8287641514 27.9017764224 27.6841602824 27.9063996106 27.9535484004 27.9119602876 27.8740901561 54.9903432258 54.9903432258 73.4744209651 73.4744209651 73.4744209651 56.3272126372 56.3272126372 60.070618796 60.070618796 61.3682641615 61.3682641615 42.436642611 28.1267317401 27.6858713557 28.0362481146 27.6159152716 27.5456934222 28.166196179 27.9688301995 27.6264698161 27.8904667729 27.8634493249 28.1949031472 27.993242782 28.130133424 28.0749747682 28.0218673272
28.0036273081 27.8938375698 28.0087185397 27.7596900364 27.7815551338 27.5615936704 27.9409788882 27.5494109017 27.9241211955 27.8200755877 28.1615623822 27.8491408942 27.8761926481 27.9325611708 27.5117100289 27.6501987603 27.9056071041 27.7429959651 27.8502403716 27.6666181095 27.8681840056 27.5464520325 27.9137323148 27.5477466455 27.5276236792 27.6049361557 27.95878229 28.1788897976 27.9659909367 27.6229111631 59.3659431854 73.4744209651 73.4744209651 42.7902518549 47.0558575731 56.3272126372 56.3272126372 56.9845257723 51.008898317 51.7066615943 27.7364514826 28.2035584649 27.9926172014 28.0310757269 28.1472358963 28.0788399485 27.503150346 28.2009139029 28.1657306671 28.0442919913 27.6604490349 27.5237374158 27.9641370169 27.6546366893 28.0322204374 27.7256551982
