Spatial_Output/BAU/BAU_0575.asc
NCOLS 155
NROWS 192
XLLCORNER 196769.923733
YLLCORNER 449719.875193
CELLSIZE 27.603701
NODATA_VALUE NaN
[rows 161 to 183 of 192, columns 53 to 105 of 155]
27.9429461866 26.5200294261 27.6144539808 28.2835451433 27.3459039599 28.6196068323 26.9633171576 26.756642612 28.4486233947 26.7086928207 28.5338102186 26.7518686104 27.5679733492 27.564153097 28.6183787519 27.5577342115 27.1609015106 26.6071483176 26.5476019107 27.6819643252 27.1208345381 27.1984881654 26.9440457975 27.5551710179 27.0216128011 28.4644214768 27.7502303098 28.0747285548 28.3401183761 28.4008289136 28.5494347141 26.9281806566 27.1083492856 26.8057179013 28.551401495 28.0530539272 28.3239396282 28.6055965401 28.4988513134 26.9708517264 27.6553377691 27.0104937244 52.9488670177 52.9488670177 52.9488670177 26.5956318992 26.6447478505 28.4465141293 27.3697649511 27.5701854698 27.5837539401 28.5141201191 28.4699928062
26.572878947 26.7794989156 27.7052600145 26.7276010847 27.6214665199 27.279659755 28.3120239857 27.9173818373 26.5899024631 39.9639406447 64.8646004404 27.0223602619 28.313254367 27.723662387 28.1860816527 28.5269254962 27.5479548797 26.9737648335 28.5494782839 28.2780653752 27.6567767128 27.3935281964 26.5081737026 26.575867582 28.0500490839 28.3002320256 28.0207504844 27.3265187852 28.2197123283 27.434043634 28.3894929743 28.1985897186 26.503517318 26.7179903411 26.7933291738 27.9395480859 28.3017105356 27.84975153 28.5185047894 27.1391016759 27.925640779 27.1336809369 27.7585748947 27.9352630793 52.9833214651 52.9833214651 28.5253747203 27.3782135252 27.2018497962 28.510880181 27.5436961786 28.020608425 26.8101144753
0 27.7483038635 26.5389114061 27.3115034266 27.1309571833 27.5893227063 26.9273097819 28.5670506038 28.2432295962 64.8646004404 64.8646004404 64.8646004404 47.7976003901 28.1997065971 28.0582835535 26.5952647928 28.13738329 26.9108560922 27.0413048816 27.3309752173 27.8287800334 27.1634730518 28.5629834877 27.412448301 27.9875125214 26.9084817905 28.2328550042 28.1533912046 27.9160740516 28.3170217132 26.6697392769 27.2950660186 26.7346447768 27.4700744684 28.3724344486 28.5276507247 27.8730254425 27.4371188243 27.3249827361 28.0410135543 28.3462184214 28.1211784452 27.8921965403 27.4384142516 69.1831711891 27.950233708 26.9634182321 28.4424454267 27.490683074 28.4264468421 28.0095954106 28.3795801483 26.8009230456
0 0 0 27.2303282233 27.6834146305 26.5077580012 28.451870279 27.8031501402 27.2180520101 28.2157825265 63.8940475699 55.3447331249 63.8940475699 27.7214367333 28.3337616751 26.5617660207 28.0607507372 26.5827058764 27.2081714918 27.7341975502 27.7121350564 28.5344565797 27.6676922046 27.7010586229 27.323941119 28.5164029464 26.7656705837 26.9584921729 28.005256355 27.7454033997 27.3452497675 27.2630107738 28.2788239179 27.6122258146 28.1933270139 26.6286384319 28.4523460957 28.2874829367 28.4797220142 26.6767743831 27.8680296694 28.397491981 27.8764830127 27.72276398 65.6744863656 54.7646483907 54.7646483907 28.6187015944 27.2338524723 27.1798388027 27.2863144413 28.420791247 26.8805421875
0 0 0 0 0 0 28.0692692714 26.7451784426 26.7429313905 28.1471640665 55.3447331249 55.3447331249 55.3447331249 26.6818931429 28.2732674803 28.4325304509 28.1134624858 27.0442402907 28.3558371068 27.4590504763 27.9628915456 27.7183629423 27.7766330486 28.5298423239 28.6056685844 27.0640978987 27.3968717006 28.109400885 27.3931791933 27.4402825159 27.2730708482 27.0465717056 27.3741414944 28.1652946753 27.3589464171 28.3645664223 28.4759803751 26.796631767 27.0079283252 28.0759143976 27.9277522338 27.7782866745 27.470499257 27.6871440695 54.7646483907 54.7646483907 54.7646483907 27.5422091498 27.207246275 27.5569065532 28.1724936552 27.1179184053 27.6586693946
0 0 0 0 0 0 0 0 22.4441544245 27.7664273635 43.228410051 70.7986680089 70.7986680089 70.7986680089 26.7066016299 28.3717848203 27.8781370289 0 27.055583891 27.739517672 27.8883101013 26.5405263545 28.6184861394 28.4206915439 27.8366684075 27.6518196633 28.1958253254 26.6172455113 26.693082957 26.8534271929 26.932510739 26.7583782105 26.8652496239 28.6182954356 28.6127532764 27.8886091094 28.2647710249 27.6985407075 27.5385261724 27.872053782 28.2044819939 27.6885582639 27.0008171047 28.5730732203 27.8030519055 27.2934078236 58.2942500792 58.2942500792 28.5832264933 27.4182855774 28.5412609976 28.0760719203 28.1975010863
0 0 0 0 0 0 0 0 22.3241557087 20.1935371709 73.9207010052 70.7986680089 70.7986680089 27.1267167273 28.2749029655 28.5174976907 0 0 0 27.1869017224 27.4316721319 27.2276486492 26.8345820698 27.9377306384 28.543432608 27.51455789 27.3374270675 28.4141940449 27.3458731429 26.9493590673 27.691277307 26.9869621863 26.960906865 27.4576948615 27.3934103337 27.1046237497 27.8068929216 27.6482105883 27.9709415706 27.9432432916 26.7222134864 26.6541754277 28.4216466641 28.1558948267 26.7314217653 58.2942500792 58.2942500792 58.2942500792 62.467598644 26.8896885118 27.0821170227 26.7825714227 27.4404102337
0 0 0 0 0 0 0 0 22.4205388784 22.3241557087 20.1935371709 46.2910037069 54.7669594848 54.9039167848 57.1322111528 0 0 0 0 0 26.759420177 27.5638388922 27.4874493342 26.7538294111 28.4267031599 27.0019336831 27.5466111185 26.6914403886 28.5766225639 26.8349623839 28.3786343667 28.3880619159 27.863201186 26.8563922256 27.3346001609 27.658747728 26.5467041487 27.1480050564 27.5888693903 26.7612986579 28.5995751577 27.5404789129 27.2094977599 27.1470061281 26.6184889621 60.8942466296 60.8942466296 60.8942466296 51.2986072147 28.3433061186 28.021893096 26.7274158089 26.7293810223
0 0 0 0 0 0 0 0 22.5757490411 22.5757490411 22.5757490411 53.0199433984 40.6419129752 53.043441528 42.8755449477 0 0 0 0 0 26.9438106887 27.6065505789 26.7978938829 27.873460404 27.6305272281 26.5596822322 27.8253474924 28.0497499377 27.4234608027 27.2356600351 27.0002105973 26.6079872571 27.6900939031 28.2385362578 26.9934887322 28.1863041486 27.2830867647 27.5717978524 28.5181601494 27.8438897286 26.8591427396 27.7583812732 26.5172833326 27.2931594341 26.8364312726 26.9769798112 51.2986072147 51.2986072147 51.2986072147 51.8939925618 28.147210918 27.1154825391 27.7904094396
0 0 0 0 0 0 0 0 22.4326259533 22.5757490411 22.5757490411 22.4326259533 42.9195007686 51.1790248759 45.6333047151 51.315991257 0 0 0 0 0 27.6825054343 27.5322772746 28.342732043 26.8708808865 28.4956842449 26.6976798842 27.4868726034 27.802966696 27.3250359017 27.157989968 26.8810208691 27.5172673223 28.0908780058 28.1923485725 26.9683553138 27.2163254354 26.7061540529 28.0957477211 26.9140230565 28.5843050343 28.5610854251 27.7767052217 27.1888747523 27.4403703076 28.3792699603 27.0924021001 51.2986072147 51.2986072147 55.4996310469 27.3594214028 28.1066388531 27.4251771325
0 0 0 0 0 0 0 0 33.8065910441 22.7381064882 22.7381064882 33.8065910441 47.4171558389 51.2466411402 52.4091880308 71.3938233398 0 0 0 0 0 0 27.8147334407 28.4748950715 26.8685530074 27.4597396202 27.3116021389 26.9625643801 27.2943249107 28.4855344639 26.9782837879 27.658480833 27.6384418301 27.7418239409 27.3223702967 27.64848532 26.8151432011 28.0698912202 28.5147825309 27.662780179 27.7753782707 28.3243101153 26.8673523197 28.365451062 27.4600962361 27.6956466541 27.3452028 55.4996310469 48.9065691703 48.9065691703 27.1806397893 28.0683315597 26.5766578367
0 0 0 0 0 0 0 0 22.5064552112 22.7381064882 22.7381064882 22.5064552112 0 0 0 0 0 0 0 0 0 0 0 27.049443869 26.9145571876 27.5907517955 27.130809822 28.3672776491 27.1530771145 28.3495503248 27.267311137 28.1209906781 27.2731989989 27.9194207126 28.5066919223 27.9457401283 27.9623306581 28.1591225537 26.7066218014 27.8354235652 28.044150188 28.235894565 28.5307494206 27.8109710462 27.9223786516 28.2984780473 28.5410158835 48.9065691703 48.9065691703 48.9065691703 20.8415215689 27.798068784 27.8510832782
0 0 0 0 0 0 0 0 32.7751405337 22.3676985902 22.3676985902 32.7751405337 0 0 0 0 0 0 0 0 0 0 0 0 26.7497508639 27.4827213511 27.7846343065 28.4393670446 28.1343187332 27.5763151315 28.0171400968 27.9787102098 28.0181493357 26.8736603649 27.8613288425 26.5123630258 27.50998695 27.7636754829 26.9033083097 28.3260408778 27.88449465 28.1763722983 26.9654647864 27.9834036807 27.7438266389 26.7333621963 26.7194265335 26.8477933067 20.8415215689 20.7223042452 20.7223042452 27.9011896526 28.2749411688
0 0 0 0 0 0 0 0 0 32.7751405337 32.7751405337 32.6960050135 0 0 0 0 0 0 0 0 0 0 0 0 0 0 0 0 0 0 26.6121340814 27.7425204343 26.7403263381 26.566791381 27.6980874515 28.1496336645 27.2954106768 26.8980164372 28.122872749 27.2687940269 27.4859982256 28.0314075876 28.3319846533 27.413336852 27.4026036255 27.6387259063 28.5964062002 27.2038225543 20.7223042452 20.7223042452 20.7223042452 28.3329747107 28.1294283403
0 0 0 0 0 0 0 0 31.9209637752 34.4518305793 34.4518305793 31.9209637752 0 0 0 0 0 0 0 0 0 0 0 0 0 0 0 0 0 0 0 0 0 0 27.1799099782 27.2109098765 26.7074336342 26.809202849 27.8211031189 27.6985701536 27.3861694019 28.2894719326 26.6367746198 28.309012748 27.3310862951 28.4711714693 26.7471803524 26.5565259182 27.0268723215 51.5034650745 20.2504294608 26.9364614027 27.9167936351
0 0 0 0 0 0 0 0 0 34.4518305793 34.4518305793 0 0 0 0 0 0 0 0 0 0 0 0 0 0 0 0 0 0 0 0 0 0 0 0 27.1316728792 28.3884645413 27.8946297996 27.088557267 26.9312920852 27.1802011346 27.070718169 27.6023300985 27.2588620469 28.0238629652 26.8545641635 27.9737305252 27.5714220138 26.6029289361 43.7539626135 43.7539626135 46.2612790417 46.2612790417
0 0 0 0 0 0 0 0 0 33.2789968721 33.2789968721 0 0 0 0 0 0 0 0 0 0 0 0 0 0 0 0 0 0 0 0 0 0 0 0 0 28.3039019897 26.8010760117 27.732376698 28.482159294 28.1907978206 28.444856149 27.1972752347 27.8623161408 27.5198350493 28.2060003506 28.0838402048 28.1671321275 28.6183925643 19.562155337 46.2612790417 46.2612790417 46.2612790417
0 0 0 0 0 0 0 0 32.5932445136 32.5932445136 32.5932445136 32.5932445136 0 0 0 0 0 0 0 0 0 0 0 0 0 0 0 0 0 0 0 0 0 0 0 0 0 28.5649707593 27.6863956593 27.032269729 28.1802978934 27.5781091498 28.4124309527 26.8196150513 27.2080212382 28.568418217 27.3976679027 27.6092743586 27.9859421588 28.4953576538 26.9063056097 26.5753094878 20.4094080633
0 0 0 0 0 0 0 0 0 32.5932445136 32.5932445136 0 0 0 0 0 0 0 0 0 0 0 0 0 0 0 0 0 0 0 0 0 0 0 0 0 0 0 27.6839417728 26.7958546225 28.24246588 27.4475680271 27.4500973352 27.2878495152 27.2921409741 27.3906209913 26.6391923145 27.5681385798 28.3420366276 27.4619515991 20.4094080633 64.3091083067 64.3091083067
0 0 0 0 0 0 0 0 0 0 0 0 0 0 0 0 0 0 0 0 0 0 0 0 0 0 0 0 0 0 0 0 0 0 0 0 0 0 0 26.8855663477 27.7377068397 27.8873853401 28.0640046735 27.3474392393 27.4524430703 27.5874358857 27.766351712 27.0032571798 26.6231721515 27.3089754432 28.0227818409 20.4094080633 64.3091083067
0 0 0 0 0 0 0 0 0 0 0 0 0 0 0 0 0 0 0 0 0 0 0 0 0 0 0 0 0 0 0 0 0 0 0 0 0 0 0 0 28.1415330517 28.0604935581 27.1494323043 26.576354793 27.0024042164 27.1406429282 26.7713974028 28.3089384632 27.6225827514 26.6474231045 26.5996750262 28.1212396806 19.7730019016
0 0 0 0 0 0 0 0 0 0 0 0 0 0 0 0 0 0 0 0 0 0 0 0 0 0 0 0 0 0 0 0 0 0 0 0 0 0 0 0 0 28.2847051326 28.0621783974 27.5134639375 27.0249147802 28.5572147859 27.3856746318 26.7512419379 28.400000295 28.3290083915 27.4239648861 19.7730019016 65.7968688335
0 0 0 0 0 0 0 0 0 0 0 0 0 0 0 0 0 0 0 0 0 0 0 0 0 0 0 0 0 0 0 0 0 0 0 0 0 0 0 0 0 0 27.67991368 27.7408040589 27.1106883699 28.4440949297 26.601359493 27.2294606104 27.3474217408 27.9770583822 27.2245076237 26.5836696541 66.8255808636
