Spatial_Output/BAU/BAU_1376.asc
NCOLS 155
NROWS 192
XLLCORNER 196769.923733
YLLCORNER 449719.875193
CELLSIZE 27.603701
NODATA_VALUE NaN
[rows 0 to 22 of 192, columns 53 to 105 of 155]
34.1356550294 33.3222028509 33.8191500862 34.14396828 33.8175703495 34.0569151423 33.4014594161 33.2647924665 11.9766123054 15.4820118912 33.2416387107 0 0 0 0 0 0 0 0 0 0 0 0 0 0 0 0 0 0 0 0 0 0 0 0 0 0 0 0 0 0 0 0 0 0 0 0 0 0 0 0 0 0
34.3698793197 34.1347959182 33.2684684324 33.4920785208 33.7119827318 33.0356804435 34.3818147475 26.7616039337 15.5698116696 26.8917714652 60.0880183248 34.3988192095 0 0 0 0 0 0 0 0 0 0 0 0 0 0 0 0 0 0 0 0 0 0 0 0 0 0 0 0 0 0 0 0 0 0 0 0 0 0 0 0 0
33.9161750894 33.5669023661 33.0609843954 34.30351585 34.349668525 33.6215654556 34.1384802088 24.5703871219 17.957928944 28.5602747884 33.5646438496 33.0542722274 0 0 0 0 0 0 0 0 0 0 0 0 0 0 0 0 0 0 0 0 0 0 0 0 0 0 0 0 0 0 0 0 0 0 0 0 0 0 0 0 0
33.5860216205 33.7463283237 33.0217888205 33.6808080724 33.7568144161 33.9089068095 70.9303461055 54.6663877498 54.6663877498 33.4775442341 33.0310621893 33.268818746 33.6700561797 0 0 0 0 0 0 0 0 0 0 0 0 0 0 0 0 0 0 0 0 0 0 0 0 0 0 0 0 0 0 0 0 0 0 0 0 0 0 0 0
33.6985773772 34.2229232662 34.0231973348 33.4092691837 33.141110526 60.5491466465 33.7940009613 70.9303461055 57.3231477814 34.1971041372 33.1341477282 34.3858973483 34.2698123036 33.7408504983 33.6009235181 0 0 0 0 0 0 0 0 0 0 0 0 0 0 0 0 0 0 0 0 0 0 0 0 0 0 0 0 0 0 0 0 0 0 0 0 0 0
33.9943758173 33.9153755573 33.837421007 33.8482274991 34.3015131376 49.037133911 33.670938426 61.3486616955 34.2203741264 33.1601111176 33.1202106087 33.1032858349 33.7955203256 33.6326523582 34.2688578084 33.2930032218 0 0 0 0 0 0 0 0 0 0 0 0 0 0 0 0 0 0 0 0 0 0 0 0 0 0 0 0 0 0 0 0 0 0 0 0 0
33.837071394 33.0543156615 34.0054603727 33.2247348606 34.3900917609 34.3123991889 33.5027917407 33.4478446604 33.4288378672 33.0326545931 33.5738804026 33.5123307574 33.8787100986 33.5815613694 33.5066041027 33.000567575 33.7034346493 34.1456893318 0 0 0 0 0 0 0 0 0 0 0 0 0 0 0 0 0 0 0 0 0 0 0 0 0 0 0 0 0 0 0 0 0 0 0
33.4269990957 33.6953820004 33.4073305867 33.707472163 62.4479999878 33.6077003863 33.3870710332 33.8870627651 51.6869425903 46.93631204 33.4107964538 33.8501309868 34.1602824716 33.8062384117 33.5895553417 33.7770039566 34.0965495702 34.0088078955 34.2671325961 0 0 0 0 0 0 0 0 0 0 0 0 0 0 0 0 0 0 0 0 0 0 0 0 0 0 0 0 0 0 0 0 0 0
33.7634323162 34.0020117522 33.8105782021 33.5304236031 59.9938608159 33.2637608544 56.7856723592 51.6869425903 46.93631204 46.93631204 34.3831733707 34.2178521912 33.1550247339 33.4376742128 33.0693614423 33.2515570248 34.2984348487 33.7725715242 34.1597168213 33.3773314251 33.617794778 0 0 0 0 0 0 0 0 0 0 0 0 0 0 0 0 0 0 0 0 0 0 0 0 0 0 0 0 0 0 0 0
34.1848481227 34.2756882913 34.308797575 33.4679794286 59.9938608159 59.9938608159 56.7856723592 56.7856723592 46.93631204 46.93631204 33.6063860753 33.6172812766 34.1547154304 33.1331652608 33.2375979321 33.1778392983 33.3560524791 34.2206029652 33.6284904246 33.0152922752 33.3627800616 33.9931276196 34.0779834717 33.3707461431 0 0 0 0 0 0 0 0 0 0 0 0 0 0 0 0 0 0 0 0 0 0 0 0 0 0 0 0 0
33.8554120906 33.8047323584 34.172427822 34.2342146453 59.9938608159 59.9938608159 34.1651223009 56.7856723592 34.2707706718 33.9175697992 80.6001078782 80.6001078782 33.8017195382 33.6368579587 33.4785157294 33.5962754181 33.657523238 34.2735279373 33.0912521265 33.8553105236 33.522922512 33.0104785331 34.1167629223 33.1679861894 33.0396349599 33.5449347891 33.5529223188 34.369246648 34.1685895543 0 0 0 0 0 0 0 0 0 0 0 0 0 0 0 0 0 0 0 33.8695804898 33.3677308565 33.7852955635 34.379381651 34.0370577879
34.3528788361 33.1787462616 33.831444012 33.324838196 34.2625837536 59.9938608159 33.3887541654 33.1185730131 33.1108613741 34.2904864069 80.6001078782 80.6001078782 33.4301192162 34.3404204574 33.6516617926 34.0981590191 33.1126439252 33.2605573907 33.1926331605 33.5989650206 33.261363402 34.1646096587 33.6617365465 33.4030687553 33.1378550818 33.9923524422 34.0612043778 34.3779405785 33.6785510024 33.7878898334 33.9929426281 0 0 0 0 0 0 33.8330224107 33.3091035612 33.6072137896 33.2300995642 33.0992085373 0 0 0 0 0 0 33.2020505591 34.2349566234 34.0776166357 33.0728702284 33.3077042457
33.2883874477 33.9524420874 34.3162197778 34.1923587359 33.9606717314 33.1065853399 33.1288038802 34.2958877143 33.4220208365 33.0228320053 71.68836198 33.6337078116 33.6024237417 33.8174510503 33.7557168471 33.1089462325 33.3264193415 33.0033744631 33.4024459895 33.5238360733 33.389057467 33.5910745196 34.3754657589 34.3798521847 33.2701658232 33.0374413657 33.6126850232 33.7906648039 33.4146185094 33.8395113056 33.1649178314 0 0 0 0 0 0 33.5026067376 33.5597783497 33.276859152 33.0895556298 34.2252068229 33.4185456257 33.6528016191 33.4146445833 0 0 33.5015271822 34.0842230599 33.6131957798 33.885298853 33.2265225485 33.0535628038
34.110219362 33.9057009462 33.021157562 33.9079168116 34.0344941823 34.2377492853 33.7647472075 33.4816616938 33.6694950448 33.2796186211 71.68836198 33.1295601427 71.68836198 53.0710347906 33.1635246022 33.5847105517 33.4858828518 33.0383808097 33.1878040499 33.4608717667 33.4966074389 34.3523032852 33.686004693 33.1959451089 34.3510547051 33.8959951712 33.4132163664 33.3643799716 33.0427310603 33.2439152515 33.4966270649 34.1860286093 33.8513181822 33.6441848167 34.1945129609 33.27585916 34.0775548827 33.5998737607 34.2841088882 33.5553557845 34.2999521868 33.2374258182 33.9912578076 34.0048820969 33.9663375476 34.0225383454 33.4869717866 33.697213556 34.1663119046 33.6521277843 33.547653092 33.2401386118 34.163169525
33.5512881751 33.0843039446 33.6778597747 33.1513768374 33.168703195 33.2891135378 33.9619691368 34.297890047 33.2334439461 33.3865107968 33.9559331197 33.3713723029 62.5458972912 62.5458972912 62.5458972912 34.1249183973 33.3519280347 33.7614691715 33.8765751446 33.0984032856 33.8627758475 33.8585251042 33.9013288638 33.3070863457 33.2150232469 34.3123632186 33.5948441175 34.0473535102 34.2556920542 34.1873341131 33.0948942157 33.5174195364 34.1169054624 33.4624069908 33.2520353305 33.6182117793 33.8901562787 33.8158335011 33.0471269457 33.5246860389 33.0215979149 33.8385404902 33.4658887436 33.624881807 33.7366879747 33.6362156257 34.228779873 33.4846603756 34.0201066108 34.3884043869 34.1759710715 33.8409252963 33.7338984761
33.6254656612 33.6580619321 33.5336907551 33.0577949197 33.6578165037 33.2909492936 33.5768990319 33.443447474 34.2548295626 33.8852101071 61.5850994331 33.0772664941 62.5458972912 62.5458972912 71.1314940559 33.5983833699 34.1967407679 33.6860936108 33.2138314965 33.7010310908 34.2555339122 33.8737414617 33.8305460711 33.1298370048 33.7847120611 33.263094136 33.7359429692 34.2395974695 33.2455318019 33.9095330255 33.6516107949 33.3904058902 34.4040832318 33.9920121464 33.6682604774 34.2483011589 33.0039498483 33.264482877 33.8397028577 33.2772801161 33.4017521914 33.2669303818 33.3546685906 33.2603905797 33.5931029002 33.0463517046 33.0899786238 34.1242178066 33.4391324839 33.4814162094 33.4623343251 33.0189295323 33.504924654
33.3276105408 33.3632139836 33.6302075423 33.4028647637 33.5603390143 34.0243138929 33.6428543247 33.2996702263 34.2538077954 33.1520034832 33.1451740491 61.5850994331 61.6987774482 61.6987774482 33.6232969374 33.4257390194 33.827326934 33.397300331 34.0294273841 34.110990581 34.072791856 33.3336846143 34.3743903306 33.9087317925 34.3488918478 33.3745682613 33.9083874833 33.6301438768 33.4687982071 34.2046186837 33.7623754058 33.2129927687 33.9355871998 34.1529920271 33.5355676415 33.4372988627 34.3714419095 33.390036259 33.1841147248 34.2227244773 34.3835416693 33.1707064699 34.0317425885 34.3634197215 34.337600236 33.4240091582 33.1877674192 33.1038484915 33.5523750003 33.2179983413 33.292074641 33.9008524837 33.190428873
33.0752551084 34.1730165807 33.2753816899 34.3933491662 33.4442293863 34.3045508886 33.896873176 34.1543409807 33.8664837588 33.6860791903 33.0304766865 33.7637047421 61.6987774482 61.6987774482 33.8963726825 33.7450982126 33.5040734786 33.7571353162 34.1490852382 34.2237455546 33.187938642 34.3232247912 33.0947595436 33.6539011959 33.8903097461 33.1590681301 33.0367132636 34.0415575828 33.1554225466 33.1811447236 33.0628154056 34.1338223081 33.7782638332 34.0235360941 34.0595724189 33.3547172939 33.9301819152 33.5597427022 33.2332826399 33.9919568441 33.0236860913 33.0280445642 33.2832367197 33.4596415838 33.7716277023 33.7165475411 34.1226800804 33.9496629131 34.3085863771 33.4666256535 33.5314866205 33.1964546409 34.2464963637
34.2944835572 34.2217155114 33.8379701318 34.2174652832 33.5095939439 34.2057951765 33.4216791833 34.3086135291 33.3206800893 33.9251072242 34.0247199473 33.8281437989 61.6987774482 33.4109050914 33.3060375407 33.0062784929 33.6144997265 34.0661232607 33.0670367457 34.2067086169 33.9862878965 34.2170676642 33.0495805743 33.2695290426 33.0669493997 33.5304018032 34.1250532655 33.3434975125 33.8542831437 33.7200723978 33.2990043597 34.0774438041 33.1257296465 33.692236385 33.316459011 33.4545281099 33.4698278285 34.3599316692 33.7904990583 33.5159258879 33.1160725777 33.435739473 33.3856378931 34.1865332152 34.2234344976 34.0780957119 34.3073176128 33.120841208 33.3782207745 33.5100396915 34.3208037217 33.3905926377 34.2204178372
33.2334151872 34.3053292812 33.4798777633 34.2024336865 33.2967549506 33.483870384 33.8781970006 34.3728102929 33.3224636045 34.1760603894 33.7829684003 34.3944586549 34.0116820306 33.63972178 33.753826415 33.7664681408 33.4655787524 34.0925697396 33.0066966319 33.1556757493 33.4588403393 34.2719371114 33.8889397789 33.57821887 33.4190613169 33.1442567361 34.2623446198 33.8046022958 33.8417922878 33.4583948064 33.5277537324 33.7701429867 33.7713472976 33.311457019 33.0660344944 33.2422442533 34.0922198008 33.5709489564 33.3520693241 33.0853082314 33.0370635384 33.2476748965 33.8322387535 33.7602589677 33.6476734816 33.4317116512 34.3461180039 33.4104333754 34.2978669718 33.901977764 33.1788677024 33.0377924074 34.3767610865
33.1598002089 33.8950831485 33.6488692743 33.8446281153 33.8208174209 34.2581323023 33.3836762583 33.4910050928 33.2095744488 33.0680158853 34.1063828358 33.2791285194 33.1191900111 33.6323786727 33.6360391799 34.2356150177 33.631890402 33.3444883754 33.486031432 33.4451252149 33.8356929922 33.0892729096 33.662043006 34.0932872419 33.7450060029 34.2033235292 33.1595782079 33.8871759885 33.2785990403 33.6837371101 33.6514493351 33.2841264331 34.0336385151 34.0202690101 33.1389377123 34.1016646513 33.2575128457 34.2607930359 33.0971454414 34.2837423659 33.1027100416 33.3956097699 33.1663503601 33.3216031971 33.637536142 33.9146962382 33.3276409867 33.4952117994 34.1373761829 33.0890184175 33.941192548 33.3771622715 33.2983758163
33.9077433417 34.2583606902 34.1933459343 34.3622407447 34.0884524662 33.7824419019 33.2939222123 33.9120549982 33.3528772064 33.9922293579 33.7209601962 34.411910205 34.1287379377 33.9193574294 33.6150237318 34.0960628284 34.3603675566 33.4114343023 34.1541404717 33.4129836657 33.0243909706 34.1495985433 33.968439945 33.7056559774 34.4076671661 33.5376989669 33.0637659601 33.398721401 33.4924865523 33.5179942391 33.1017199916 33.6361501965 33.7627026468 33.0408854049 33.9858841056 33.355706037 33.6659698915 33.9765227654 33.2980429742 33.9026281744 33.2894070741 33.4268366589 33.6483349439 33.3497368254 33.8958221876 33.7162555835 33.7262249196 34.341998551 33.5631607465 33.871013177 33.2045276522 33.5460360658 33.8553666504
34.2426299674 33.8852257526 34.1644347694 33.5533030128 34.2061911866 34.3275651037 33.1317646367 59.9416119671 34.1163577701 33.4874355581 34.1091837995 33.5405627392 33.7545083409 33.0822081215 33.9392650974 33.4078936662 33.9695693331 33.736879366 34.0665491212 33.8055974378 33.3809185009 33.796632356 34.348232761 33.0913983127 33.1311421225 33.0183698092 34.285294813 33.7218811603 33.8437510796 33.1311079586 34.2235699688 34.1974500104 33.3415047673 33.6597490998 34.006228991 33.4347196896 34.3101419872 34.0116896373 33.5563927482 33.0025100065 34.1770592966 33.6126715154 33.8999008681 33.8180794122 33.5168475408 34.0668765662 33.7567289132 34.0019726345 33.1115011576 33.7210112313 33.4837640542 33.7339942836 33.1177342521
