Spatial_Output/BAU/BAU_1356.asc
NCOLS 155
NROWS 192
XLLCORNER 196769.923733
YLLCORNER 449719.875193
CELLSIZE 27.603701
NODATA_VALUE NaN
[rows 92 to 114 of 192, columns 0 to 52 of 155]
0 0 0 0 0 0 0 33.3347283629 34.4063837559 33.1283487923 33.8118010281 33.8516903113 34.2011870329 34.2050530517 33.4223878737 34.0195858597 34.0306362767 34.1735096237 33.6885117689 33.6969699671 33.9285282875 33.7968211478 33.0423738526 33.3229490468 34.2010758427 33.6635996963 33.1252828081 33.0420147672 33.2314901347 33.7925864491 33.2632507398 33.592023407 33.7248874824 33.0446916207 33.5459304663 33.962067068 33.720986442 34.2865579595 33.7641510383 33.4541529942 33.6380113555 58.4964740963 58.4964740963 69.3029050392 69.3029050392 34.1896299326 33.6675968327 34.2303329385 33.9510357777 33.5505995297 33.897755717 34.0516351946 33.1233210539
0 0 0 0 0 0 0 0 33.2606570513 34.042692863 34.3183105176 33.0177743516 33.320373054 34.0993610315 33.8091677126 33.5231663774 33.8808957495 33.0772037886 34.1049006169 33.1528110215 33.4295427355 33.8343153428 33.5461485807 33.6918233169 33.8048642937 33.2010226211 33.2287106748 33.6409981516 34.1601595235 33.490827418 34.22860021 33.2899208184 33.2742589269 33.7794203643 33.6003797444 33.928944201 33.8793151498 34.0254212754 33.2519155049 33.2814534367 34.1966344818 34.1570125331 66.6588572019 69.2951347619 69.2951347619 69.2951347619 33.295825477 33.1479376058 33.5910389488 34.2976092973 33.9857727929 33.4151875635 33.6802030245
0 0 0 0 0 0 0 0 0 0 34.0531713952 33.9692953962 33.9089152637 34.0777950656 33.3667578409 33.1600186971 34.2888560089 33.6606298328 34.2579135434 33.6024752457 33.4054946738 33.3104521354 33.0654587835 33.3826168119 34.2630825928 33.2442374341 33.2556810013 34.0457315157 33.3654681713 34.0574646361 34.2430234154 34.0947890523 33.222978464 33.7913751213 33.2661143156 33.8030771389 33.0561223841 33.634539408 33.6613668167 33.2344953614 33.9569087357 66.6588572019 66.6588572019 66.6588572019 69.2951347619 34.0806556615 33.6630635509 34.3388998523 33.19048901 33.9358821185 34.395714623 33.5939652527 33.5870955928
0 0 0 0 0 0 0 0 0 0 33.697547274 33.3317415352 33.4463507446 33.6084853176 33.6144702904 33.0608361424 33.6477178188 34.3680431583 34.373705973 33.4781759005 34.2669472499 33.4063564335 33.9549814567 33.2549315979 34.0219654355 33.1370423033 34.3367568924 33.7943659759 34.2041234301 33.4236550041 34.3281707074 33.1777302341 34.3140096494 34.0878987599 33.3932130539 34.1468389623 33.1121468315 33.4099891249 33.3468889764 33.3993525231 34.1453826709 34.3053853317 51.1396910542 87.9675511604 87.9675511604 87.9675511604 33.1447574721 33.4665265105 33.8385027676 34.3623337358 33.4130121856 33.0082899777 34.3916223165
0 0 0 0 0 0 0 0 0 0 33.9262393452 33.986625174 34.1125746963 33.5542163782 33.6158874832 34.3378626188 33.558173809 33.4456835512 33.4198211631 33.0756884985 33.1369541617 34.2073769461 34.2385000407 33.5605814266 33.4625312317 33.9443300776 33.3239855733 33.6314908221 34.2623921399 33.6028336832 34.2940718689 33.6789502192 33.0663835656 33.7341361399 34.2957973399 33.2928980071 33.737921884 33.0552885825 33.9858573583 33.7545170232 34.1404294263 33.2905984636 63.8596028561 50.8871744412 50.8871744412 33.1002178213 33.9290489106 33.3140783782 33.2118193886 33.8798445386 33.3096130872 33.9275729408 34.0028352861
0 0 0 0 0 0 0 0 33.0618051316 34.3366467429 34.0295699985 33.7648374734 33.9452290891 33.2038863276 34.378695804 33.2144343807 34.3996429311 33.129815533 33.5324856744 34.2677873486 33.3904990592 33.6156512511 34.0555768349 33.1179783993 33.5539331242 33.6531180472 63.9444914386 55.7975387519 34.1772321481 60.1982673731 58.9304913908 34.1737960877 33.5912586173 33.1087745069 58.9032849337 33.5812078684 33.8860007658 58.8303428059 33.5457377217 33.3882009855 67.4546160973 63.8596028561 63.8596028561 54.3050504697 50.8871744412 50.8871744412 34.3434317097 48.742839241 48.742839241 58.2335543965 58.2335543965 58.2335543965 33.0465396306
0 0 0 0 0 0 0 34.0972434859 33.9306257206 34.2631837495 33.8074311021 34.193181009 33.6335354807 34.2303878342 34.3944481861 34.1735853718 33.1506026879 33.9833824684 34.1498201082 34.3620640596 33.8074090763 34.1882981659 34.371501278 33.3805253899 68.3474149907 63.9444914386 63.9444914386 63.9444914386 34.2051372392 34.2881899233 60.1982673731 58.9304913908 34.1809005682 60.311214394 58.9032849337 58.9032849337 58.8303428059 58.8303428059 34.1869207185 67.4546160973 67.4546160973 62.6985812721 62.8739378433 64.2909488174 54.3050504697 63.7987108492 63.7987108492 48.742839241 48.742839241 33.9874663309 33.4367887917 34.03610915 79.7025718828
0 0 0 0 0 0 0 33.1688048584 34.0325006404 33.1739011414 33.3565799553 34.0872230453 33.8084051973 33.9019162058 33.2309166276 34.0340352943 33.8254431774 33.2935494323 34.238758202 33.5714665871 33.1520256998 33.9095567588 34.2631208774 34.0903161366 68.3474149907 68.3474149907 68.3474149907 33.8052748088 34.3671384461 60.1982673731 58.9304913908 33.4411033909 34.1926313606 34.0219964511 58.9032849337 76.1933899138 76.1933899138 33.9881477981 58.8303428059 67.4546160973 67.4546160973 33.8162292473 64.2909488174 64.2909488174 56.9687369412 63.7987108492 33.0336125642 48.742839241 34.1200465755 33.8032914017 57.0600142769 57.0600142769 33.9764802668
0 0 0 0 0 0 0 0 33.4430999484 33.5328769378 33.3638411758 34.3522520976 34.241188552 33.7427539525 33.1406278106 33.513525771 33.3556956209 34.2402658984 33.7946709585 33.2573769598 34.0919088033 33.24322923 56.1023260829 56.1023260829 56.1023260829 68.3474149907 33.2716563469 33.8008329555 33.4510353994 33.377434606 33.8826383486 33.1388436894 33.3839945532 33.9590598669 33.1963171922 33.0682488157 33.80520148 33.3956823501 62.4951115941 33.2655349207 67.4546160973 34.2764252973 55.5033516419 61.9743645188 55.5033516419 34.1647274304 33.2160714506 33.984639639 33.4645548344 69.4121579712 57.0600142769 57.0600142769 33.2401697218
0 0 0 0 0 0 0 0 0 33.3434956979 33.4002473595 33.0165379935 33.9429505805 34.0698195872 34.1060951461 33.8428233491 33.4217378087 33.3383033606 33.5584218001 33.586686675 33.1532057737 33.163533253 56.1023260829 56.1023260829 56.1023260829 33.3997327476 33.4410069111 33.0410675247 33.6269930683 33.6501539396 33.3283040011 33.5798016233 33.6416362438 34.0457188093 33.7405902969 34.1258211631 33.5507310968 33.7505404613 33.7759648295 33.2852425861 33.1614245525 33.468446823 61.9743645188 61.9743645188 61.9743645188 33.7610521015 33.4803621617 33.9458427007 33.8430258212 33.1670810526 33.0112435898 69.4121579712 33.0096825345
0 0 0 0 0 0 0 0 0 0 0 34.0258299316 34.3025508996 33.4576280797 33.0539848286 34.0857487464 33.144207687 33.3709236039 34.1492527339 33.438192345 80.7949281414 59.0954091545 59.0954091545 56.1023260829 56.1023260829 34.0423579193 34.318267355 34.1021378324 33.7109174751 33.5436295282 33.27055182 33.776979494 33.001685177 33.1015282325 33.7486074995 34.3661669262 33.8953802493 33.5405776134 33.5885620032 34.2071907547 34.2411057367 34.198549354 62.0432988477 33.2674426679 62.0432988477 34.1281029481 33.1026205195 34.1193586645 33.4738681422 34.0204586236 33.4360709701 33.1385234041 34.0582171636
0 0 0 0 0 0 0 0 0 0 0 0 0 0 33.010027335 34.341139023 34.2858578981 34.0580042516 34.2448492675 81.0701017973 81.0701017973 59.0954091545 59.0954091545 33.8268701466 33.834690066 33.2501703312 33.7870077811 34.1846593117 33.4400904983 33.0376342254 33.2201095933 33.3384497882 33.8204436568 34.3095557363 33.4241699695 33.1266223348 33.1328968943 34.262294545 33.5773702145 33.7367426797 34.0643382596 34.3798138508 33.0141444939 34.3494698749 33.4742541929 33.7150671929 33.0255054887 34.0150714061 33.1491266734 77.3521465322 33.1934979324 33.0529809383 33.3392743339
0 0 0 0 0 0 0 0 0 0 0 0 0 0 0 33.7115887578 33.044834212 34.3927858567 33.6047991977 33.2136258701 81.0701017973 81.0701017973 34.1079924643 33.9573356253 34.3648729558 34.1865670403 33.1299823965 33.450989839 33.7898401857 34.3809791852 33.7710107353 34.2470874293 33.3597001804 33.3198042885 34.076823808 33.4422079101 34.1819984336 33.4464911234 33.4136784452 33.9045637744 33.3539873958 33.3975234315 33.0763414136 79.531769864 49.0442507704 34.2643684971 34.2554548597 33.7058407074 34.3500936412 34.2457370761 33.0911216731 33.243265715 34.0589350408
0 0 0 0 0 0 0 0 0 0 0 0 0 0 0 33.9931941854 33.8214073414 33.2489483901 33.9454693229 34.2241650979 34.3457748929 34.1699238625 33.0425319506 33.5468746096 33.6553127323 33.7429551841 33.2583026796 33.0369211506 34.2732031565 33.6452044596 33.9045132814 33.3770556002 33.8830337328 33.4527288091 34.0947940271 33.9606644508 33.6719264449 33.3172751322 34.0802924493 33.6402046787 33.4870986714 33.6459552336 79.531769864 79.531769864 79.531769864 34.0016533081 33.4024408157 34.1891750366 33.3755965655 33.1434173459 64.1590953199 33.8818598258 33.339686539
0 0 0 0 0 0 0 0 0 0 0 0 0 0 0 0 34.0878454731 34.0333892136 34.1124315985 33.0388412131 34.0872097096 33.9917117628 33.9457482188 33.435120806 33.6095929315 33.8442776467 33.9781997819 34.2617664286 33.399895508 33.2894695403 33.2362771297 33.4895899968 33.7855884804 33.2187470164 33.2856095289 33.3145133614 34.3432532228 33.7916177076 34.0460874053 34.220514481 33.4886182715 33.9975189469 42.0086682057 79.531769864 42.0086682057 33.4614315149 33.0072477393 33.1446839184 34.3724683676 64.1590953199 64.1590953199 64.1590953199 33.0260746584
0 0 0 0 0 0 0 0 0 0 0 0 0 0 0 26.8449401536 12.8788878812 20.925530778 33.9584414945 34.1407446279 34.0734994602 33.3911702757 33.2635049791 33.2351621056 33.5972877979 34.1071330005 34.1703389084 33.8746625373 33.4342152488 33.1659182067 34.2065969364 33.7321499585 34.403719067 33.1439971981 33.3699138787 34.117219644 33.2417579819 34.3133084717 33.7707194944 33.2315032925 33.3656130961 34.1901658664 33.3631598533 42.0086682057 42.0086682057 33.2449505539 33.7345656839 33.1523691863 34.3876639425 34.1567870554 64.1590953199 64.1590953199 34.3152897171
0 0 0 0 0 0 0 0 0 0 0 0 0 0 61.1809233797 14.9205140302 14.6975161492 16.2510091829 33.4088811258 33.3269192445 33.2030461385 34.1230649006 34.0700891749 33.1395426698 33.4706286455 33.9022926 34.3040862857 33.0770587995 33.3976330832 33.1979507133 34.113143003 34.0266743146 33.6644948686 34.2608735421 34.2243595347 33.0386340737 33.1034010831 33.6441066899 33.8992675507 34.3563200118 34.0660200244 33.1635239759 44.2188954468 33.503539888 44.2188954468 33.1230718967 33.4505038351 33.6575663878 34.3803392295 33.0231354154 61.5543236411 33.7069907054 33.6307278324
0 0 0 0 0 0 0 0 0 0 0 0 0 0 40.207096046 16.1050058509 29.5701533889 33.6790259954 33.6993628109 33.5010153555 33.6799162783 33.1055750423 33.7953006564 33.6374494537 33.4889287115 33.0618644559 34.1809127767 33.8380082008 33.1740386648 33.7686845179 33.8810382774 33.4630717468 33.0610389013 34.1749544034 34.3739962668 33.7831965896 33.4187205962 33.9107642899 34.024413305 33.0889711035 33.7207987176 33.7561778592 59.72648419 53.2697869012 53.2697869012 33.9075291232 33.5923717418 33.8737841326 34.1967163222 61.5543236411 34.3047269983 34.1456055642 33.2701885731
0 0 0 0 0 0 0 0 0 0 0 0 0 0 0 40.207096046 40.207096046 34.0305935712 33.7462861982 33.1883129011 34.0635275643 33.0721587248 33.8814167072 33.8616710819 34.0903333966 34.3897758354 33.8853323057 33.5585160981 33.2489961545 33.5207470587 33.9002077142 34.2313570481 34.0779693219 33.8291106725 33.4496054601 33.1647565117 33.1802688639 34.1113450402 33.1332896245 34.3871008972 33.7597437301 33.6794373129 59.4531945668 53.2697869012 53.2697869012 59.4531945668 33.917679414 34.4073577551 33.9041613144 33.358313747 61.5543236411 33.4383587167 33.4274027251
0 0 0 0 0 0 0 0 0 0 0 0 0 0 0 0 0 33.5385353448 33.229035746 33.8094860073 34.2692537663 33.809463109 34.0307473871 33.9097311791 33.9929547556 34.3612341193 34.3136793136 34.1665103321 33.3064342642 33.4400542431 33.2409628928 34.3093278774 34.1828138096 33.1636821175 33.1076340781 34.1975785502 33.3423348125 34.3657896224 34.3575339396 33.205948373 33.3036990752 34.0403830722 33.3018116166 33.9408885618 48.7722221538 33.4864094764 33.7775002429 33.9619287387 34.2907231618 33.1827075844 34.1566423179 61.1189172031 33.106438571
0 0 0 0 0 0 0 0 0 0 0 0 0 0 0 0 0 0 33.7886858181 33.4032380989 33.6772157455 33.4591611937 34.004843702 33.4701362744 33.6046101949 33.9858302649 33.0276351844 33.7004363784 33.0596868446 33.8407981749 33.1552807108 33.1810944102 33.9464499782 34.005256513 33.5339479018 33.2097449351 34.2730909491 34.0345130586 33.9457614534 33.060130893 34.2364654686 34.0879410952 48.7722221538 48.7722221538 33.3172956794 33.1371534568 33.538359929 33.4754859641 33.2370555343 33.8959475619 82.328636884 34.3875020874 34.3363081396
0 0 0 0 0 0 0 0 0 0 0 0 0 0 0 0 0 0 33.8961600671 34.3224294032 34.1887166958 34.3536643595 33.3418757534 34.376363702 33.034141608 33.5782741121 34.1539526622 34.1073630896 34.3299442094 34.0198648336 33.5688989756 33.7958938689 34.3796875384 33.6397871408 34.2059902278 33.5482434495 33.6764578125 33.1274400308 34.2756453308 33.4667641435 33.6322672782 33.0002312332 33.2656664076 34.1579232259 33.6950374568 33.0250865246 33.3828728297 33.4711100521 33.0052582128 82.328636884 82.328636884 82.328636884 33.2517935944
0 0 0 0 0 0 0 0 0 0 0 0 0 0 0 0 0 0 0 33.4926042133 33.8989048486 33.8715186058 33.4320128079 33.6195351835 34.1543405284 33.1866423494 33.3898781361 33.0658075635 33.6941808891 33.7587747503 33.0299285311 33.0450793741 34.2920697058 33.9189247199 33.9456411276 34.0959372277 33.7748338998 33.7748814273 33.754302262 33.0620510725 33.0765667157 33.9013960984 33.9419378551 72.9124669272 72.9124669272 34.0063975911 33.5172627525 33.2013314758 34.3012425849 82.328636884 62.7481360027 82.328636884 34.2518834529
