Spatial_Output/BAU/BAU_0574.asc
NCOLS 155
NROWS 192
XLLCORNER 196307.867259
YLLCORNER 449144.565805
CELLSIZE 33.573938
NODATA_VALUE NaN
[rows 25 to 49 of 192, columns 0 to 56 of 155]
0 0 0 0 0 0 0 0 0 0 0 0 0 0 0 0 0 45.4552721243 61.7286848938 52.6604177004 19.9608995689 19.9608995689 20.0476454415 70.470578455 61.2534205534 50.8589855133 50.8589855133 55.7445446603 28.2783546794 26.5292086387 26.9940526883 28.1755035493 27.33741204 27.8560538458 27.2305971285 26.8137546815 26.613110743 27.6858207272 28.3949852355 26.752552515 27.2824016134 26.8972045744 28.17699583 27.866958931 28.0072691943 28.5550531163 26.7602513446 28.3498126495 26.8938565841 26.5544776273 28.1066379303 28.3450548739 27.8938327115 28.500283059 27.1372619775 27.6531740045 26.9831718518
0 0 0 0 0 0 0 0 0 0 0 0 0 0 0 0 0 0 0 0 0 27.7775015914 20.0476454415 49.0559302564 48.2458603133 50.8589855133 50.8589855133 55.769003441 49.0742084885 28.3157768809 27.1471184967 26.6333978545 26.7342602562 27.9161014864 27.1591138095 27.93857069 27.5207958532 28.0074409746 28.1109270166 26.5546486309 27.2691110829 28.2952317098 27.0846699143 26.5413430063 27.8142254749 27.1992793246 28.2957375004 28.1079198487 28.3569707545 27.3890240326 27.6462135434 27.5497546045 27.5147705245 27.5250189027 27.5015578426 26.8578831141 26.500847125
0 0 0 0 0 0 0 0 0 0 0 0 0 0 0 0 0 0 83.736513865 28.4079514384 26.5832004852 28.1862109193 27.5129693711 27.3959197442 28.1453846504 47.9843315194 55.769003441 55.769003441 77.9841696848 77.9841696848 27.8415964742 26.8985840396 26.8137534049 28.1376208646 26.5872596439 27.1003294158 26.6401762873 28.5479029091 27.6176862276 26.8625086898 27.4105496927 28.1079043629 26.8185101555 26.7250834733 26.9039249283 28.4105274917 27.7853529095 26.9609845488 27.0156067179 26.6590596741 27.5510976434 26.9578859944 28.612744896 27.5158527293 26.9049792841 27.0576227151 26.8453226727
0 0 0 0 0 0 0 0 0 0 0 0 0 0 0 0 0 83.736513865 27.4830665599 26.8794711999 28.1542973761 26.7251090181 27.5314669689 28.4748150902 27.2873477057 27.9211944848 27.2562671378 64.6252816841 77.9841696848 71.6894523235 42.4838831985 42.4838831985 26.5193943911 28.3378918239 27.8059223811 26.6845938707 27.7846989545 28.3486423399 26.9393618617 28.049139847 28.1605317634 28.0172007927 26.778042345 27.8970194702 28.0179322135 27.8286337864 27.8423080615 27.8868899727 28.542192395 26.7449992124 27.3668991226 27.5199376066 28.2031243818 28.2569976174 28.6027521077 27.9482982461 27.3232745479
0 0 0 0 0 0 0 0 0 0 0 0 0 0 0 0 0 28.5598434166 28.4075120438 51.7010303905 48.5123811066 46.0210912176 28.3784451481 26.7034559718 27.3395688186 27.7818125866 26.677146434 64.6252816841 77.9841696848 42.4838831985 42.4838831985 42.4838831985 51.8989617369 26.6246797754 28.4195416122 27.1677986043 27.0758464335 28.5765368052 28.4265527631 27.7881272424 27.423511895 27.5596727891 26.8424508946 28.5918316572 28.2187916993 27.635075696 26.8814354279 27.3618326341 27.2295800126 27.4713106404 27.7041801966 26.8094175587 27.3587348274 28.5205444348 28.2026078219 27.5451513222 27.7913627168
0 0 0 0 0 0 0 0 0 0 0 0 0 0 0 0 27.0538541076 27.0238733687 27.0751939352 48.5515894336 55.1818626842 45.8498597588 27.7458363546 28.5678674572 28.3007099477 27.7217808945 26.6033191372 26.8276240306 28.2722272569 71.6894523235 42.4838831985 51.8989617369 51.8989617369 51.3022232681 26.6926608043 28.4751686774 27.4837313698 27.9213008836 28.0212995953 28.4643699954 27.8264201026 27.2014377445 28.1901581952 28.0012648193 27.8085128106 27.0674756491 28.2942209263 27.9789137177 27.2368007301 26.8998671843 27.2867306343 27.4226106688 27.6679849842 28.5645714061 27.855352685 28.3671339203 27.0071077903
0 0 0 0 0 0 0 0 0 0 0 0 0 0 0 27.7205757232 28.1925215484 28.5048657986 27.0173630725 41.256847236 47.8491977056 40.2854140576 44.1904439686 27.8652952699 28.426464461 27.4560085363 27.751663587 27.8985671446 27.1774338422 27.6254129392 51.8989617369 51.8989617369 45.6714542722 45.6714542722 59.3260015824 26.8139408691 28.3795751246 28.1146401007 27.1188289915 28.3837806865 28.0141883159 28.3420953412 26.7749635386 26.6670804657 27.4727569567 27.3439532278 28.1875874587 27.9258720258 28.1165767617 27.1671647679 27.0637203166 27.0361680634 26.5753603236 26.8822134852 28.4570621584 26.52553545 27.9405338653
0 0 0 0 0 0 0 0 0 0 0 0 0 0 0 27.9519137354 26.9060403409 28.4441434481 27.3620947404 45.2683264161 44.3921841967 48.8649181109 49.9244295064 27.0812210979 27.5526157321 28.1860022076 27.971419627 28.5894833508 27.4792268847 27.1509491703 27.2467480915 27.6354935744 45.6714542722 45.6714542722 89.1994297035 89.1994297035 27.9971912718 27.3912350825 27.1692120367 27.244947384 28.3353168127 27.9856470879 28.3321145633 27.341342103 28.5066846814 27.3971707897 27.117631857 26.5187185356 26.7026158643 27.9725130061 26.954191524 28.1931311195 26.845143384 28.0919962897 28.4850974578 27.9260209362 26.7151430104
0 0 0 0 0 0 0 0 0 0 0 0 0 0 0 27.9299997233 27.1337695162 28.355302849 27.9979274707 28.016044573 39.7695225898 53.1210674131 47.1634661584 27.1110057304 28.0440634351 27.8656953509 27.2722761443 28.4074458844 26.6267478012 27.7809644479 28.1791198355 27.01484074 26.7350760723 59.3260015824 89.1994297035 89.1994297035 60.4550910701 60.4550910701 26.6324824575 27.1183337915 28.2444455315 27.395673807 27.0044725008 27.1534328363 27.7020608043 27.3116915466 26.570336925 27.7156965406 28.4383080229 27.7808322822 28.1125471084 28.3392633785 26.9403461063 28.3723473913 28.4182908372 27.9973182955 28.6211727351
0 0 0 0 0 0 0 0 0 0 0 0 0 0 0 27.5378899454 26.6148171728 28.1936373596 26.8478400662 26.978398915 27.3849435725 27.6581206996 59.6260399076 59.6260399076 58.5220335521 58.5220335521 48.5284709901 44.1629252637 26.9849171091 28.1434791122 28.566096037 28.3294430428 27.9994422187 28.2546476875 89.1994297035 60.4550910701 60.4550910701 27.5569292694 26.8127784264 26.7014245409 27.996441355 27.804995943 27.5472064274 28.3504503438 26.8227624154 28.1466119023 28.0156555647 27.3187971006 28.4148517108 27.3380950182 27.5442997542 26.8725440223 27.4151598693 28.5379305758 27.6923496825 26.7490040622 26.9602650095
0 0 0 0 0 0 0 0 0 0 0 0 0 0 0 27.2664993663 27.7412594335 28.5959654449 27.705297485 27.7092711663 27.6373564024 27.0509603794 27.9136212445 58.5220335521 58.5220335521 58.5220335521 48.5284709901 65.039830752 27.9157306953 28.4484472772 27.3619879647 28.2492279288 27.0674585654 27.5223124963 27.7549971136 54.6942566296 54.6942566296 26.963800541 28.1316289062 28.5763482875 28.4241150837 26.7485663212 27.3269017394 27.3312987538 26.5380597294 28.4874965635 28.125158202 28.447892135 27.2935429038 26.9120191215 27.1122198355 26.6340668212 27.2844964019 28.5416722615 26.9365046268 27.6123817417 26.7539145884
0 0 0 0 0 0 0 0 0 0 0 0 0 0 28.5267458813 27.1868611016 27.3577024072 26.8869706947 28.0053191025 27.9753043794 27.1651110991 27.8646372194 26.9847353069 27.7797311045 48.5284709901 48.5284709901 27.4374315542 27.0206722955 65.039830752 27.9792049254 28.2042876887 27.6693049445 28.5222732681 27.2970309445 28.564705178 54.6942566296 54.6942566296 54.6942566296 27.8379909572 26.5184428019 27.6598710924 27.52887591 27.2668245503 27.0011870466 27.9088031438 27.8221309872 26.6289128915 28.2816642666 27.6316856691 26.9601909484 28.2169683029 27.2324009276 27.7236272441 27.0632218252 27.7034201004 28.0591962591 26.6681878136
0 0 0 0 0 0 0 0 0 0 0 0 0 0 28.0749640258 26.9922102391 27.1000151689 26.8982898564 26.8483933242 28.292239128 26.7253359721 26.8183167822 27.2055318647 27.3241734872 27.7279681625 27.2443868584 27.5774793087 28.2917321672 27.0641570394 28.1270507271 27.5257232723 27.6924704658 27.0374452255 28.2133870724 27.9504997871 50.5520838168 50.5520838168 50.8188323744 28.60289618 28.597019697 27.025523121 28.1591965564 27.1988589 26.5935856235 28.5618258047 28.4225088754 26.9686188215 28.3430796349 27.4196465595 28.5241306942 28.6043256568 27.1931390429 27.0920237444 27.3391213835 28.485433721 27.8183557408 28.0438429952
0 0 0 0 0 0 0 0 0 0 0 0 0 28.2453111387 26.5941292711 27.6308080279 27.0062828061 26.8217896302 27.7089710523 27.177618388 27.1830967944 28.0276001825 27.0867361469 27.9405383771 27.5360180339 28.0963658013 26.8429243634 28.2858390456 27.8257475434 27.17106547 27.4957492385 27.66572536 27.5494757245 26.5905728514 26.6832431007 38.2743626317 38.7477401709 62.7310748689 62.7310748689 28.5769272166 28.2921413123 26.7640581396 26.5748834815 28.3894632074 28.2585853664 28.2955023797 27.465493224 26.6125815662 28.6155751887 26.9336207745 27.4908240825 27.6045276056 27.498050818 27.8011953735 27.3184806601 26.8921763039 27.263503693
0 0 0 0 0 0 0 0 0 0 0 0 27.3359902566 27.2578681149 28.3262710209 28.3132998151 27.0973327898 28.2333352907 26.6303433292 26.6915348057 27.5393075682 27.7185942932 27.8920803234 28.435385575 27.0461699992 26.9578146608 28.5969763423 27.3810957265 42.0499005228 47.2106312502 49.1799701821 26.5458668742 27.1512960806 28.0622190342 28.1724942021 38.7477401709 62.7310748689 62.7310748689 70.9930434882 38.1549651585 26.5744718979 27.3900524475 27.5917157531 27.4871851303 27.3319898072 28.4952861331 26.5502635525 26.6362643711 26.937595736 27.4656383949 28.2218080402 27.2489130384 27.0223745536 27.2866670251 27.2878783299 27.9823577178 26.685222818
0 0 0 0 0 0 0 0 0 0 0 27.7791474051 26.8050440214 26.5279634117 26.6168366771 27.2408733082 27.5048582983 27.4147962657 27.5746904924 27.5087677226 27.2723704806 28.0791572766 27.6974876919 27.7200436907 28.4277622831 28.4173185266 28.2969861818 28.5840715197 42.2032200695 40.4447923424 47.327724508 27.5940764292 28.2656723606 27.5675487707 27.3773270977 26.7895797879 26.9674422952 57.9590955481 70.9930434882 70.9930434882 26.881755896 27.3041766299 27.6689071008 27.8503782273 27.1355068551 27.1596463035 27.7180951101 27.7601616523 27.6050782277 27.7444645523 27.446379956 27.0506512751 27.0187620928 28.3831031003 27.0417789389 27.3458411187 26.7055515609
0 0 0 0 0 0 0 0 0 0 28.0819915835 27.4223062315 28.3725241902 26.9144293024 27.1065222694 28.2066056428 27.6193555968 28.4269587569 27.1591197949 28.0123822844 27.3895150575 27.7564078779 27.6754000971 26.5161163988 28.0856964037 28.3001438768 28.0179567084 28.5547910416 48.1631492793 50.8397388672 48.1932386401 27.0686017079 28.2335661509 28.303557059 27.5514321243 28.3924350261 27.7504546825 38.1549651585 70.9930434882 57.9970039139 26.7605565346 26.6777561082 26.6215947443 27.1199821568 28.1957610664 27.6673519548 28.4109147689 26.8320653504 28.4536015546 27.6691377829 27.5135489477 28.5832461197 28.4103227243 26.5620543534 26.8709590299 27.9210319581 27.0703021051
0 0 0 0 0 0 0 0 0 0 28.3690893554 28.6049853821 27.8117329851 27.1434387783 27.3369460195 27.9719297886 27.8776074641 27.04723627 27.5354799705 26.6806461521 26.7214870171 27.3294689318 28.0283448559 27.0294079963 27.4825613373 27.2370504673 27.5899269963 27.3145336892 41.7233065807 43.6451471984 53.0265205575 50.6675221147 26.7077650689 27.3451963322 27.3492188622 26.5708457315 26.6971898794 27.2582351589 27.0006450244 57.9970039139 57.9970039139 28.5326031186 27.9330839675 27.7936133277 28.0756581732 26.5089885252 28.1316531069 26.9741868056 26.7962678277 27.4593986561 27.1166438518 26.7461869446 28.0005811598 27.7304351476 27.7434847576 27.0060062237 27.8948598483
0 0 0 0 0 0 0 0 28.215517458 27.0352176273 28.6060863976 26.5904297533 27.5401200891 27.5696604496 27.9471372904 27.707464803 28.0695268401 26.8614520177 26.8745623185 28.4698502532 28.4704005727 27.6162449593 27.579650905 27.7314895366 28.3488463751 27.6681092237 28.0980002739 27.7445062309 27.5332383458 50.6675221147 50.6675221147 50.6675221147 28.0809546604 26.9711135732 26.941852048 28.3882319262 27.388370086 57.7230847996 57.7230847996 57.7230847996 27.9221038552 27.4210567111 28.0069138959 27.5063525458 27.9565101771 26.8206623997 28.3782244745 27.7934220053 28.3549676914 26.8670891389 27.1359214742 26.9968010695 28.2065566817 28.5576605416 28.5161963735 27.9036534112 27.7407143696
0 0 0 0 0 27.654213029 26.6337761629 27.1953525694 28.5928955241 27.8916352415 27.0275862777 27.7150835799 27.8061108923 27.6593592971 27.1557237374 26.9575524965 28.0986793415 27.7688853577 26.5773646041 26.7605245747 26.5095265556 27.8026450389 26.9921484889 28.3988427526 27.0280007406 28.2508950774 27.354766591 26.6288580326 27.7367344476 27.751973402 50.6675221147 64.9017858259 28.1183508091 27.7053880134 27.3532462212 28.5394864434 66.7879384516 45.2158567192 61.1269745582 57.7230847996 28.4436408257 28.2206275799 28.4402655203 26.500865279 27.592679065 28.6183565518 28.129151448 27.8773583573 27.7089734138 26.977892329 26.5021744679 27.7301920476 27.6143413533 27.7459317674 27.6531286938 27.9042479122 28.49131751
0 0 26.517121058 26.8392900754 28.2634207698 27.5826476296 27.3874140031 28.066282759 26.5836110659 27.7568030618 27.9627883776 27.023784906 26.9309458795 28.4552945493 27.7915762467 27.5546785185 28.1130485011 27.4620444406 27.6685662826 27.5104251679 26.8001817322 28.4520876315 27.7682004937 26.9611886986 28.2277631272 28.1451205857 26.8298818237 27.082309844 27.8008365791 64.9017858259 27.1349361552 44.2218528033 44.2218528033 27.7988503776 26.9538348503 66.5128563571 67.259953704 61.1269745582 61.1269745582 47.1004740476 28.2423720796 27.2128294615 28.467386517 26.5491919489 27.3258515661 28.3630756197 27.6279512658 28.1563322871 27.8155083922 26.5361082769 26.6001039227 28.5256753221 28.0020339381 27.2576912072 26.5013928059 27.3132768531 27.0548026697
0 28.3971210262 27.7499681013 28.4873475794 26.9755846577 28.2893551032 28.4855895715 28.5477043049 26.7662664232 28.5469359176 26.7736286932 27.5929973961 28.2854770629 26.8045328522 27.0623399104 28.6029073682 27.6329497052 27.0954052509 26.8088599477 28.4526955401 28.5323859126 27.828035431 27.4308050803 28.5171083976 27.1106818814 26.7066168334 27.9723798754 26.6605850628 27.194062251 26.9928270518 46.0187363863 52.7055892674 52.7055892674 26.7102565155 27.6699972256 50.8595111492 50.8595111492 67.259953704 61.1269745582 51.0961833455 28.4815967257 27.5220787029 28.5578044022 26.63026992 27.0870578862 26.8759749087 27.6426019214 28.2202873634 26.666016765 26.8382875913 27.449946437 26.5130594706 26.91394591 26.6784463986 28.58718217 28.4433516653 28.3640450348
26.6942970325 26.5043468728 28.3430594645 27.9016772348 28.300345372 28.4975888141 27.585018575 28.2668282411 27.8927784698 26.7692884348 28.2079313754 28.4060196615 28.426622081 27.8655876 26.9563990138 28.5369278259 27.6962878213 27.1101824231 27.4871325367 28.1740786633 28.3407703576 27.0329156058 26.9658904735 26.8742185107 27.6848720177 27.8778165851 27.6602220851 28.534236942 27.1213980127 46.0187363863 52.7055892674 52.7055892674 39.7925923694 50.9544368809 46.6825396453 52.7930077819 52.7930077819 61.0661048174 61.0661048174 61.0661048174 55.9044513135 27.9341991954 27.0577026946 28.0574665036 28.224551753 28.0898456046 26.9533394335 28.0374541791 27.3914482384 27.1572634142 27.7292648959 28.4090770836 27.4392762299 26.6140388147 26.615881229 27.2486010475 28.5959895219
26.8926499187 27.6324452952 26.8244821855 26.7771498179 28.3893803082 27.9976103801 26.6829750382 27.3800033291 28.2775608418 27.1338131876 26.8609466885 26.7624625185 27.656804537 28.292185854 28.2377495673 27.5459121281 27.3826523065 28.0639283993 27.1562450324 27.10340827 26.8557001218 27.5313444456 27.5564014005 26.7793160074 27.821412455 27.4727363325 26.8674891256 27.8753647204 28.0228662687 46.0187363863 46.0187363863 48.5198882429 39.7925923694 39.7925923694 52.7930077819 52.7930077819 52.7930077819 57.597825182 61.0661048174 61.0661048174 62.0797729052 27.7107595334 26.9576481992 26.9059671024 28.0873131354 28.3649740994 27.5188046372 27.802938165 27.2225720985 26.5053846432 28.0001197111 28.2294604996 27.5383229979 26.559334734 27.1948360565 26.8412732856 28.5022358398
28.5730600014 28.3199652906 27.937592115 27.9172766786 27.9060273963 26.9072027489 27.4719457278 27.8545239531 27.5228053503 28.0585345295 27.0820069638 28.3353084009 26.5283754547 28.2150588345 27.6829657783 27.8379750152 28.1087910655 27.5695155629 28.0090462036 26.9449985309 28.2735008519 27.1332503377 27.440698068 27.0700386375 27.167724229 28.3087565505 26.9237115236 26.7881225443 26.9910183178 26.9074229018 26.6723599777 59.6018060386 39.7925923694 39.7925923694 55.3850788076 66.5482045826 52.7930077819 66.1406964152 62.0797729052 66.1406964152 66.1406964152 28.4966928163 27.4401424658 27.5406835567 28.1858713144 27.1811334307 27.2704495691 27.4470031607 27.5703373918 26.9892730151 26.5473469571 26.8512415487 28.2361919946 26.7535556497 27.2663078139 28.310893445 27.6772687699
