Spatial_Output/BAU/BAU_0254.asc
NCOLS 155
NROWS 192
XLLCORNER 196769.923733
YLLCORNER 449719.875193
CELLSIZE 27.603701
NODATA_VALUE NaN
[rows 92 to 114 of 192, columns 0 to 52 of 155]
0 0 0 0 0 0 0 44.694388567 45.1813060494 44.5597602162 44.5991637354 45.1377158811 44.6400933633 45.1336948064 45.1556126095 45.1320622683 45.1238388182 45.0355085974 44.7758948916 44.6111991696 44.6156815878 45.0219359946 44.8933591991 44.8055876932 44.6464983253 44.5593729428 44.6559693268 44.5487641664 44.6268058768 44.8246578404 44.5064866893 45.0886790583 45.1440072783 45.1773391831 44.6664509219 45.1916953041 44.9239029145 45.1271629441 45.0430861767 45.2004797259 45.1511577015 44.6973193708 44.5111562128 44.7963543356 45.1477310869 44.9990672258 44.5673482656 44.695576703 45.0199272742 45.0720610212 44.9764686992 45.2064353563 44.90928374
0 0 0 0 0 0 0 0 44.6949237983 45.1984965068 44.9724528562 44.8466066307 44.5040980233 45.1414241085 44.7874660928 44.6088709402 44.596611591 44.7954674998 45.1074031195 45.059586937 45.0508674929 44.6260942369 44.7901979304 44.8511921764 44.9610447924 44.7648919512 44.5299294729 44.9833635498 44.9524659419 44.9956494438 44.5671644659 44.5280422557 44.6492500686 44.7440374155 44.6270825274 44.7677965426 45.0355095691 45.1701027321 45.0697626754 44.5461310187 44.5008021833 44.5096881519 44.7615224958 44.9128791154 45.1234271033 44.733702568 44.7939282132 45.1887015601 44.6405405425 45.0079888489 44.9167647029 44.7978871683 44.9506952344
0 0 0 0 0 0 0 0 0 0 44.9214337349 44.9256676095 44.5657534333 44.9635652316 44.5921251795 44.5798065269 45.1204319043 44.6684154194 44.8967350075 44.6246115313 44.7717465714 44.8864012579 44.8504923197 44.5593024368 44.7246313409 45.0693939311 44.9799739924 44.7610517804 44.5871487717 44.985507496 44.8535995749 44.6186122996 45.1962878853 45.2016134268 45.0200250107 44.5413028337 44.7210605201 44.8039066763 45.1874394181 44.7901181901 44.7304020158 44.8696680597 44.8389950564 44.722964032 45.1230850972 44.9522182891 45.1336838752 44.9420175663 45.0843124231 44.683835459 44.8794943319 44.9793519391 44.782450732
0 0 0 0 0 0 0 0 0 0 44.5404826294 45.1125878673 44.5747486876 45.1036096517 44.8059880716 44.9091222371 44.5792949995 44.8643304098 44.533508907 45.0768692883 44.5240522285 44.6941260977 44.7757803479 45.1985288096 45.0344332182 44.5696188714 45.0436730234 44.5825629426 44.7362916776 45.1164104243 44.5580174101 44.6728646849 44.8371298676 44.577655933 44.5979899706 44.6188724231 45.1775509708 45.0905778555 44.9677436961 44.6817894465 45.1055732902 44.9908818634 45.1569218457 44.6322696745 45.0910566826 44.9971910866 45.1653278042 44.5561086021 44.7717725444 44.6347491886 44.5916204042 45.0215967825 44.765879325
0 0 0 0 0 0 0 0 0 0 45.0360660824 44.9914377266 45.0850639526 44.5658933033 44.9563641404 44.9073093029 45.1154727756 44.5645512792 44.9623479301 45.0912502668 45.0965178054 44.9827122401 44.6681867973 44.8343104252 44.5004684467 44.9851024519 44.8641690371 45.0732522642 44.6784076957 44.5552559345 44.5209744295 44.9869563512 44.8597745683 44.5829211217 44.5752619249 44.783043339 45.0951471287 44.7048688302 45.064355542 44.7183743999 44.9550783228 44.9650365344 44.9653110125 44.5738171912 45.0185252662 44.8150598488 44.6388858838 45.0669620665 44.6560004536 44.5719616639 44.5176313792 44.9935093238 45.0684188928
0 0 0 0 0 0 0 0 44.5541959329 44.5047447391 44.7218184714 44.6149827259 44.8665398338 44.9286338931 44.7654579199 44.6569070829 45.1081085365 44.6432443497 44.9712393635 44.8559776 45.0554417204 45.0989233237 45.1386087373 45.1611655583 44.5819578424 44.6964177872 44.7993018918 44.7360683472 45.1145525728 44.5281826648 44.8527072895 44.8293844184 44.694713875 45.0192099154 44.9194229305 44.7203055597 44.7244538243 44.8976635746 44.8611749749 44.7531890531 44.9162888857 66.3693817921 86.0365117584 86.0365117584 86.0365117584 45.050920622 44.9201042646 44.8033758612 45.1002948791 45.0726039494 70.9391033366 44.8189643041 44.9915021443
0 0 0 0 0 0 0 44.7787504606 44.7621829391 44.8591647621 44.9614591086 45.1838089295 44.6086868701 44.8187924924 45.0374878431 45.1596460961 44.9099703257 44.5485344863 44.7358514724 44.5707555472 45.1672743738 44.6989446214 44.5048499235 45.103747944 45.1267163676 44.7184348297 44.5707046971 44.5118952661 44.8080423894 44.5244803526 44.8157437053 44.6896728268 45.06173924 44.6274844102 44.955014911 44.5701075778 45.0471796609 45.0498687751 44.987763805 44.7014635283 44.8634645532 66.3693817921 70.7666742929 86.0365117584 65.1701649554 61.3636360856 44.5820291879 45.1524653587 44.5370451534 44.9740021902 70.9391033366 70.9391033366 44.7773883581
0 0 0 0 0 0 0 44.9108740941 44.6669697022 45.0926903083 44.7119557617 44.5089712715 44.7628310846 45.0418658601 44.844358232 44.5407088826 44.6728301152 44.5041734887 45.0633806794 44.7778407575 44.9732120505 44.5518339034 44.5609198726 44.7908065344 44.5462147464 44.5492156799 45.0652723084 44.745683256 44.8073467865 44.8685903681 44.8313464207 45.1961624546 45.0973237216 44.8666885967 44.7812370465 45.1385806714 45.1650654011 44.7043171376 45.1845579666 45.0521083171 44.7762459715 66.3693817921 70.7666742929 65.1701649554 72.1070435842 45.1889658434 61.6589881878 45.095318654 44.5580356367 44.9994261001 70.9391033366 44.683979951 44.8057900913
0 0 0 0 0 0 0 0 45.183628804 44.8270247747 45.1399905097 44.6103816887 45.1451757956 44.9356655374 44.8509390053 44.9145842884 45.0637952657 45.1554406495 45.1125000404 44.5734699727 44.8960645247 45.1791276167 44.6150425202 44.7931738422 44.8484108971 44.6267926969 44.7661547766 44.821292503 45.0497338238 44.6281846771 44.6477652004 44.8500388704 44.9805974542 44.6182452022 44.7717845641 44.9213987062 44.7121490373 45.1678078807 44.9782342997 44.503824915 44.640339087 44.8578312354 44.7738995224 72.1070435842 72.1070435842 45.0582160671 44.9683436098 44.7817346795 44.663674735 44.5140264285 44.6937537945 44.7147404319 44.5866836779
0 0 0 0 0 0 0 0 0 44.8370785374 45.1913629854 45.1780485533 45.1962191513 45.1265819281 44.5044345349 44.5007429857 45.0542817895 45.1608348774 45.1977310646 45.1336978157 44.5718068891 44.7004355582 44.9335478143 45.0354809582 44.8743462085 44.8504719782 45.0192934568 45.093802759 44.7986305597 44.893546986 44.6090634511 44.9674509845 44.6968121266 44.5787408089 44.5959697638 44.9273871104 45.1716044391 44.9862228978 45.028397778 44.9842870695 45.2050462511 44.5450680314 67.6389279298 67.6389279298 67.6389279298 44.6302091203 44.622995557 44.9407627512 44.8567686352 44.81608638 44.8285980437 45.0382369632 44.8653139517
0 0 0 0 0 0 0 0 0 0 0 45.136533965 44.9394723519 44.8588993265 45.0018006923 44.9519311696 44.5724886863 45.0767413271 45.0947506487 44.790823369 44.6611556405 44.7834304124 44.8670505534 44.9991332991 44.5407971054 45.0646077551 44.5418524236 45.1593393485 44.9835757145 45.0202172498 44.8709216243 44.966751343 45.1590964551 45.0030011836 44.6120713399 44.6213025107 44.5468810265 44.9105676942 44.7817217924 44.5512689434 45.1912423188 44.6502536651 67.6389279298 67.6389279298 67.5481904131 44.582183766 45.1638366047 44.5026680128 44.5308505575 44.6522114904 45.1654795941 44.9690724113 44.9662620832
0 0 0 0 0 0 0 0 0 0 0 0 0 0 44.6523408699 44.9273734395 45.1458070997 44.7186863898 45.1113523131 45.055132805 44.89340024 44.8233072016 44.7607565563 44.575990405 44.5462722715 45.138076581 44.5388266588 44.8125863201 44.5157402467 44.9566904004 44.5793880954 44.7091912385 44.6087478105 44.9983925684 44.9547777878 45.0873403091 45.1968995428 44.7352781709 45.0490479754 44.8503822016 44.9476843725 44.673681117 44.5495001516 67.5481904131 45.1483010884 44.6000731579 44.5680644285 44.7518202859 44.7228570234 44.8903760421 45.0943451791 44.6176170393 44.5104007038
0 0 0 0 0 0 0 0 0 0 0 0 0 0 0 44.5413034154 45.2039809697 44.6510443711 44.9014709621 44.8544532217 44.9517315736 44.6913422638 44.669119391 44.86837727 45.1266549133 44.6698863694 45.1770842447 45.0955476983 44.918802876 44.9968484429 45.0969048003 45.1143690706 44.5405917085 45.1699796396 44.5686053046 45.0798973003 45.054853476 44.8542055647 44.6459936811 44.9020437936 44.5760682492 44.9105268702 44.8163659359 45.1515359116 55.7559516883 44.964359595 44.6258366504 45.1797395882 45.0478273292 45.0039026934 44.9961788895 54.0510532369 45.0311826439
0 0 0 0 0 0 0 0 0 0 0 0 0 0 0 45.0980094562 44.9496090237 44.554511251 44.582864132 44.5031915588 45.1825892549 44.5322931431 44.8631745883 44.7634477387 44.5677544245 44.7890273781 44.7396825398 44.6725993004 44.867173587 44.7138792498 45.2052761071 45.0017212332 44.7113427048 44.8156348008 44.6853723021 44.5298284253 44.6014126488 44.953515639 45.1885786065 44.6353963215 44.9933851942 44.7109217751 44.5567952678 63.1688023065 63.1688023065 44.9158435814 44.6964549619 44.760004094 44.5908166163 44.9031551074 84.6429885033 44.9152300547 44.9947265885
0 0 0 0 0 0 0 0 0 0 0 0 0 0 0 0 44.8184518158 45.0469273649 44.7743844874 44.6546409575 44.7782347085 44.7425787961 44.9769300395 45.1998390851 44.9975107802 44.7891491531 45.1236792109 44.6704084039 44.62084105 44.834815721 45.1857757282 44.5141565885 44.7767373298 44.9765470911 44.5310091879 44.909857845 44.5214606395 44.9436112265 44.9454070191 44.9792296934 45.1450562012 44.6367479746 44.5592049968 63.1688023065 44.8603935273 44.978703595 45.1172380225 44.7045154751 44.5551831147 84.6429885033 96.7886918032 84.6429885033 45.1747296633
0 0 0 0 0 0 0 0 0 0 0 0 0 0 0 74.707874719 75.2306941313 80.2229301038 44.5887086868 44.621804589 44.547817152 44.5299181228 45.08622936 44.6604417768 45.1022285516 44.8119394676 44.538812827 44.6742765625 44.6340598554 44.7951877982 44.8096102053 45.1327309691 44.7439238489 45.0492501198 44.7409028131 44.6998537733 44.9995530759 44.8383720351 45.1812097703 44.7936323302 45.0803962801 45.1087796001 44.6407379604 44.6921869502 45.1930896495 44.7289931213 45.0604363431 44.5901756622 44.6099938117 96.7886918032 63.8366710661 96.7886918032 45.1089482596
0 0 0 0 0 0 0 0 0 0 0 0 0 0 73.8614522419 79.8641117465 70.3976451542 86.3115837916 45.0775904079 44.6053545415 44.5561704369 45.2053226414 45.0046892172 44.713512333 44.7411128123 44.7576381567 44.9737319835 44.6560552322 44.8395916755 45.187474057 44.5095558495 44.5799526141 45.1783564738 44.9411132522 44.7408926545 45.1487355581 44.9495693622 44.7934945074 45.0456907071 45.0467269968 44.6555811302 44.7443059389 68.4634038862 68.4634038862 68.4634038862 60.2102383903 44.9986347699 44.5432643833 44.9090079551 63.8366710661 63.8366710661 63.8366710661 44.6297892868
0 0 0 0 0 0 0 0 0 0 0 0 0 0 0 68.7442999945 74.3669201666 71.5582323387 44.6011137294 45.0206816474 44.9435591894 44.7741530916 45.017140364 44.9019203035 44.9048802783 44.5036601617 44.6789475338 45.0691376526 45.059870336 45.0697609525 44.72567148 44.8068019881 44.7603893537 44.6955490062 44.9987748425 44.5423960689 44.5835760879 44.8732590647 44.8781106734 45.0192823496 44.9581585565 44.5740091226 60.0674631252 68.4634038862 68.4634038862 44.700247306 44.6444142039 44.9635776946 45.1894523714 62.550652488 62.6984224062 62.550652488 45.1565115767
0 0 0 0 0 0 0 0 0 0 0 0 0 0 0 0 0 45.0321129323 44.8709743506 44.8400923958 44.693053558 44.9524723919 45.195055667 44.9067498214 45.1189912299 45.182536036 44.7456395991 45.1928690232 44.5219309124 45.1115313966 45.0313470838 44.9177139767 44.7918740572 44.5746218689 44.747408491 44.9193714924 44.8033670761 45.0325317125 45.1080943033 44.5906455173 44.6359872206 44.770007287 44.8001661974 45.1585190969 81.3479586107 45.2057622202 45.0837914429 44.8049587857 45.0382990474 62.6984224062 62.6984224062 62.6984224062 45.0359468193
0 0 0 0 0 0 0 0 0 0 0 0 0 0 0 0 0 44.7953282158 44.8821070344 45.0870070559 45.1829524018 44.8192244237 45.1737925542 44.6407079781 44.7473807205 44.6231517043 44.7421647188 44.9786392679 44.7615829071 44.9105004516 45.178599448 44.8830794003 45.051305802 44.5668885149 44.9622562528 44.8409827996 44.7553638233 45.1399916384 44.9840934508 44.9943961483 44.780548092 44.6722470704 44.8238260949 45.1528160378 81.3479586107 44.516342692 44.5104568024 45.1936397656 44.5102549853 44.8894278957 44.8049055575 44.9510299063 45.0669840833
0 0 0 0 0 0 0 0 0 0 0 0 0 0 0 0 0 0 44.7014282557 44.9435896653 45.1579503099 45.1807051122 44.8449604509 45.0329398232 44.6500810499 44.6221027892 44.8892862095 44.8945885876 45.0610866422 45.1557680416 44.5464191317 44.5618584406 44.8826269764 44.9101157614 44.6412220276 44.812115235 45.1509402083 44.5521828365 44.6112005017 44.9396036824 45.1409131678 44.5653202235 45.092655617 45.1149477384 44.5335329542 44.740513385 44.9920498615 45.0539473426 44.9735294004 44.9315055984 44.8461593976 44.9958791636 45.1734845424
0 0 0 0 0 0 0 0 0 0 0 0 0 0 0 0 0 0 44.7478790937 44.5300128909 44.6351294922 44.7950113279 44.5769673025 44.7436639477 45.0859115594 44.6270889744 44.7612172906 44.5083510103 45.07371212 45.0983542813 44.7527089711 44.5741593112 44.9381462487 44.7415042986 45.0150368583 44.8412020029 44.6077667415 45.0161432864 44.8376716942 44.5931771252 44.8164444598 44.7134432658 44.708635196 51.9327622913 51.9327622913 44.5515880648 45.1480619121 45.121556868 45.2027671593 45.1866427065 44.6642239104 45.1092897082 44.8511902804
0 0 0 0 0 0 0 0 0 0 0 0 0 0 0 0 0 0 0 45.1382765875 44.7938065076 45.1053434913 44.6293480593 44.8945570892 44.6335277498 44.5138371829 44.8172516157 44.7126139936 44.6102581966 45.0423744368 44.76233111 44.5218868375 44.5614577489 44.9578747462 44.980062178 44.6405332169 44.8431278917 44.5850970219 44.6005329468 45.1361392868 45.05660533 44.9581640713 44.7070244822 51.9327622913 51.9327622913 51.9327622913 44.8964662141 45.084163547 45.1686204103 45.0239316076 68.802272142 93.5436438092 93.8835783658
