Spatial_Output/BAU/BAU_1319.asc
NCOLS 155
NROWS 192
XLLCORNER 196307.867259
YLLCORNER 449144.565805
CELLSIZE 33.573938
NODATA_VALUE NaN
[rows 102 to 135 of 192, columns 0 to 74 of 155]
0 0 0 0 0 0 0 0 0 0 0 0 0 0 0 0 0 0 0 0 0 0 0 0 0 29 29 29 29 29 74.8981128575 74.8981128575 74.8981128575 29 29 29 29 29 29 29 29 29 29 29 29 29 29 29 46.3124996576 45.3642498009 46.3124996576 29 29 29 49.7139060556 49.7139060556 49.7139060556 29 29 29 29 29 29 29 43.3053382094 43.3053382094 29 29 67.7914580333 29 29 29 29 29 29
0 0 0 0 0 0 0 0 0 0 0 0 0 0 0 0 0 0 0 0 0 0 0 0 0 0 29 29 29 29 45.4193722813 29 29 29 29 29 29 29 29 29 29 29 29 29 29 29 29 29 45.3642498009 45.3642498009 45.3642498009 29 29 29 29 49.7139060556 29 29 29 29 29 29 29 48.9175526384 48.9175526384 48.9175526384 29 67.7914580333 67.7914580333 70.9735392438 41.9547992708 57.7556993155 29 29 29
0 0 0 0 0 0 0 0 0 0 0 0 0 0 0 0 0 0 0 0 0 0 0 0 0 0 57.9023762402 56.4597959565 58.2958216667 29 29 29 29 29 29 29 29 29 29 29 29 29 29 29 29 29 29 29 55.0774614776 45.3642498009 55.0774614776 29 29 29 45.2193876711 45.2193876711 45.2193876711 29 29 29 29 29 29 29 48.9175526384 29 29 67.7914580333 67.7914580333 41.9547992708 41.9547992708 41.9547992708 73.6807111666 60.5024305347 60.5024305347
0 0 0 0 0 0 0 0 0 0 0 0 0 0 0 0 0 0 0 0 0 0 0 0 0 62.4406525923 58.2958216667 58.2958216667 58.2958216667 29 29 29 29 29 29 29 29 29 29 29 29 29 29 29 29 29 29 29 61.6785518679 61.6785518679 61.6785518679 29 29 29 45.2193876711 45.2193876711 45.2193876711 29 29 29 29 29 29 29 29 29 29 29 29 41.9547992708 49.2366557226 29 29 60.5024305347 60.5024305347
0 0 0 0 0 0 0 0 0 0 0 0 0 0 0 0 0 0 0 0 0 0 0 0 76.3567426032 43.9850248107 43.9850248107 58.2958216667 58.2958216667 29 29 29 29 29 29 29 29 29 29 29 29 29 29 29 29 29 29 29 29 75.1411632769 75.1411632769 29 29 29 66.1753943011 66.1753943011 42.881981407 29 29 29 29 29 29 29 29 29 29 29 29 29 29 29 29 29 60.5024305347
0 0 0 0 0 0 0 0 0 0 0 0 0 0 0 0 0 0 0 0 0 0 0 62.5057690398 62.5057690398 69.0527727696 43.9850248107 43.9850248107 29 29 29 29 29 29 29 29 29 29 29 29 29 29 29 29 29 29 29 29 56.130982317 75.1411632769 75.1411632769 29 29 29 69.8029700915 69.8029700915 69.8029700915 29 29 29 29 29 29 64.9194975802 64.9194975802 29 29 29 29 29 29 29 29 29 29
0 0 0 0 0 0 0 0 0 0 0 0 0 0 0 0 0 0 0 0 0 0 0 62.5057690398 62.5057690398 30.6949916754 69.0527727696 47.4406272528 29 29 29 29 29 29 29 29 29 29 29 29 29 29 29 29 29 29 29 29 63.1519018298 56.130982317 56.130982317 29 29 29 50.5144588281 69.8029700915 29 29 29 29 29 29 29 62.1101868218 62.1101868218 62.1101868218 29 29 29 29 29 29 29 29 29
0 0 0 0 0 0 0 0 0 0 0 0 0 0 0 0 0 0 0 0 0 0 0 50.37929478 50.37929478 0 0 0 29 29 29 29 29 29 29 29 29 29 29 29 29 29 29 29 29 29 29 29 29 59.5862695566 59.5862695566 29 29 29 62.3051187108 62.3051187108 49.8505663515 29 29 29 29 29 29 62.1101868218 62.1101868218 29 29 29 29 29 29 29 29 29 29
0 0 0 0 0 0 0 0 0 0 0 0 0 0 0 0 0 0 0 0 0 0 50.37929478 50.37929478 50.37929478 0 0 0 0 29 29 29 29 29 29 29 29 29 29 29 29 29 29 29 29 29 29 29 29 59.5862695566 59.5862695566 29 29 29 62.3051187108 62.3051187108 62.3051187108 29 29 29 29 29 29 46.8693057382 55.678865775 29 29 29 62.5879691153 54.3624034574 49.2669763001 29 48.3300446642 66.0170674757 29
0 0 0 0 0 0 0 0 0 0 0 0 0 0 0 0 0 0 0 0 0 50.37929478 50.37929478 50.37929478 0 0 0 0 0 29 29 29 29 29 29 29 29 29 29 29 29 29 29 29 29 29 29 29 76.6742233489 76.6742233489 76.6742233489 29 29 57.2062374988 57.2062374988 57.2062374988 43.4317570394 29 29 29 29 29 48.3259402946 44.5705421051 59.1110621985 44.5705421051 47.473579823 29 62.5879691153 62.5879691153 49.2669763001 49.2669763001 48.3300446642 48.3300446642 48.3300446642
0 0 0 0 0 0 0 0 0 0 0 0 0 0 0 0 0 0 0 0 0 50.37929478 50.37929478 0 0 0 0 0 0 0 29 29 29 29 29 29 29 29 29 29 29 29 29 29 29 29 29 29 76.6742233489 76.6742233489 76.6742233489 76.6742233489 29 57.7053345268 57.2062374988 57.2062374988 43.4317570394 29 29 29 29 48.3259402946 48.3259402946 59.1110621985 59.1110621985 59.1110621985 47.473579823 58.3202627751 62.5879691153 62.5879691153 49.2669763001 49.2669763001 48.3300446642 48.3300446642 48.4539565791
0 0 0 0 0 0 0 0 0 0 0 0 0 0 0 0 0 0 0 0 0 0 0 0 0 0 0 0 0 0 0 29 29 29 29 29 29 29 29 29 29 29 29 29 29 29 29 29 29 61.701172516 58.9894221298 61.701172516 29 29 71.4137317148 29 29 29 29 29 29 29 51.7451281268 42.5574550008 42.5574550008 29 29 29 29 29 29 29 29 29 29
0 0 0 0 0 0 0 0 0 0 0 0 0 0 0 0 0 0 0 0 0 0 0 0 0 0 0 0 0 0 0 29 29 29 29 29 29 29 29 29 29 29 29 29 29 29 29 29 61.701172516 61.701172516 61.701172516 54.0339343204 54.0339343204 29 29 29 29 29 29 29 29 29 29 42.5574550008 42.5574550008 42.5574550008 29 29 29 29 29 29 29 29 29
0 0 0 0 0 0 0 0 0 0 0 0 0 0 0 0 0 0 0 0 0 0 0 0 0 0 0 0 0 0 0 0 29 29 29 29 29 29 29 29 29 29 29 29 29 29 29 29 57.7902281787 60.6509731555 29 54.0339343204 54.0339343204 49.3991472703 66.8564674525 66.8564674525 29 29 29 29 29 29 29 29 29 29 29 29 29 29 29 29 29 29 29
0 0 0 0 0 0 0 0 0 0 0 0 0 0 0 0 0 0 0 0 0 0 0 0 0 0 0 0 0 0 0 0 29 29 29 29 29 29 29 29 29 29 29 29 29 29 29 29 29 60.6509731555 60.6509731555 29 29 49.3991472703 57.2668753734 57.2668753734 29 29 29 29 29 29 59.1623634321 42.5574550008 29 29 29 29 29 29 29 29 29 29 29
0 0 0 0 0 0 0 0 0 0 0 0 0 0 0 0 0 0 0 0 0 0 0 0 0 0 0 0 0 0 0 0 0 29 29 29 29 29 29 29 29 29 29 29 29 29 29 29 29 60.6509731555 47.9785700199 53.1233650202 29 29 57.2668753734 57.2668753734 48.5802332038 29 29 52.4050864462 29 29 59.0313393639 59.1623634321 29 29 29 29 29 29 29 29 29 29 29
0 0 0 0 0 0 0 0 0 0 0 0 0 0 0 0 0 0 0 0 0 0 0 0 0 0 0 0 0 0 0 0 0 29 29 29 29 29 29 29 29 29 29 29 29 29 29 29 29 29 53.1233650202 53.1233650202 29 29 29 48.5802332038 48.5802332038 46.7107165871 46.7107165871 29 52.4050864462 41.7125340264 59.0313393639 59.0313393639 58.8105888843 29 29 29 29 29 29 29 29 29 29
0 0 0 0 0 0 0 0 0 0 0 0 0 0 0 0 0 0 0 0 0 0 0 0 0 0 0 0 0 0 0 0 0 0 29 29 29 29 29 29 29 29 29 29 29 29 29 53.4170432738 29 29 53.1233650202 53.1233650202 29 29 29 29 72.6746547017 72.6746547017 29 52.4050864462 29 41.7125340264 58.8105888843 58.8105888843 58.8105888843 29 29 29 29 29 29 29 29 29 29
0 0 0 0 0 0 0 0 0 0 0 0 0 0 0 0 0 0 0 0 0 0 0 0 0 0 0 0 0 0 0 0 0 0 0 29 29 29 29 29 29 52.9693312544 29 29 29 29 29 29 69.3731855606 29 29 29 29 29 29 29 72.6746547017 72.6746547017 72.6746547017 29 29 41.7125340264 45.062219009 58.8105888843 29 29 29 29 29 29 29 29 29 29 29
0 0 0 0 0 0 0 0 0 0 0 0 0 0 0 0 0 0 0 0 0 0 0 0 0 0 0 0 0 0 0 0 0 0 0 29 29 29 29 62.4062142866 29 52.9693312544 52.9693312544 29 29 29 29 69.3731855606 69.3731855606 69.3731855606 29 29 29 29 29 29 72.6746547017 72.6746547017 72.6746547017 29 29 65.2513265613 65.2513265613 45.062219009 29 29 29 29 29 29 29 29 29 29 29
0 0 0 0 0 0 0 0 0 0 0 0 0 0 0 0 0 0 0 0 0 0 0 0 0 0 0 0 0 0 0 0 0 71.6694239872 47.1352566932 73.8126668598 50.1392436155 29 29 62.4062142866 62.4062142866 52.9693312544 52.9693312544 29 29 29 29 62.2494921979 47.6911677204 47.6911677204 29 29 29 29 29 29 29 29 29 29 57.0196485769 57.0196485769 57.0196485769 65.2513265613 29 29 29 29 29 29 29 29 29 29 29
0 0 0 0 0 0 0 0 0 0 0 0 0 0 0 0 0 0 0 0 0 0 0 0 0 0 0 0 0 0 43.7380593931 82.8057436641 23.4315711432 12.7829772194 20.3615019755 57.4483804119 29 29 29 62.4062142866 29 29 29 29 29 29 29 29 62.2494921979 29 29 29 29 29 29 29 29 29 29 48.702680029 66.1797663652 66.1797663652 57.0196485769 29 29 29 29 29 29 29 29 29 29 29 29
0 0 0 0 0 0 0 0 0 0 0 0 0 0 0 0 0 0 0 0 0 0 0 0 0 0 0 0 60.765071777 55.7341810294 51.8927339461 51.8927339461 10.5961440015 16.3152072243 10.1909350652 57.4483804119 50.1392436155 29 29 29 29 29 29 29 29 29 29 29 29 29 29 29 29 29 29 29 29 29 29 48.702680029 66.1797663652 66.1797663652 66.1797663652 29 29 29 29 29 29 29 29 29 29 29 29
0 0 0 0 0 0 0 0 0 0 0 0 0 0 0 0 0 0 0 0 0 0 0 0 0 78.21510541 53.4761166845 53.4761166845 60.765071777 55.7341810294 51.8927339461 51.8927339461 28.7606362222 13.4178643234 18.89201321 54.7063549248 0 0 29 29 29 29 29 29 29 29 29 29 29 29 29 29 29 29 29 29 29 29 29 46.9306417014 48.702680029 29 29 29 29 29 29 29 29 29 29 29 29 29 29
0 0 0 0 0 0 0 0 0 0 0 0 0 0 0 0 0 0 0 0 0 0 0 0 0 78.21510541 78.21510541 78.21510541 60.765071777 60.765071777 55.7341810294 53.3003625672 50.5625581231 60.4530605106 0 0 0 0 29 29 29 29 29 29 29 78.1294447525 78.1294447525 78.1294447525 29 29 29 29 29 29 76.9879847676 29 29 53.2580956129 29 47.8099181379 70.6977061963 29 29 29 29 29 29 29 29 29 29 29 29 29 29
0 0 0 0 0 0 0 0 0 0 0 0 0 0 0 0 0 0 0 0 0 0 0 0 0 53.4761166845 78.21510541 53.4761166845 69.5108890904 61.0159724882 0 0 0 0 0 0 0 0 0 29 29 29 29 29 29 29 49.5269872702 29 29 52.5098287969 29 62.4737091038 54.0442584744 29 76.9879847676 76.9879847676 76.9879847676 53.2580956129 53.2580956129 29 29 29 29 29 29 29 29 29 29 29 67.7471253614 29 62.8734128762 45.3895165655 45.3895165655
0 0 0 0 0 0 0 0 0 0 0 0 0 0 0 0 0 0 0 0 0 0 0 0 0 0 0 0 0 0 0 0 0 0 0 0 0 0 0 0 29 29 29 29 49.2644653525 49.5269872702 49.5269872702 49.5269872702 29 29 62.4737091038 62.4737091038 62.4737091038 29 85.4713005571 76.9879847676 29 29 29 29 29 29 29 29 29 29 61.4178645959 61.4178645959 29 67.7471253614 67.7471253614 45.928491642 62.8734128762 45.3895165655 45.3895165655
0 0 0 0 0 0 0 0 0 0 0 0 0 0 0 0 0 0 0 0 0 0 0 0 0 0 0 0 0 0 0 0 0 0 0 0 0 0 0 0 0 29 29 29 49.2644653525 71.6322941027 71.6322941027 53.0677308481 53.0677308481 70.6657481501 52.5098287969 54.0442584744 62.4737091038 29 29 29 29 29 29 29 29 29 29 29 69.7568773671 61.4178645959 61.4178645959 61.4178645959 67.7471253614 67.7471253614 67.7471253614 67.7471253614 62.8734128762 45.3895165655 45.3895165655
0 0 0 0 0 0 0 0 0 0 0 0 0 0 0 0 0 0 0 0 0 0 0 0 0 0 0 0 0 0 0 0 0 0 0 0 0 0 0 0 0 29 29 29 71.6322941027 71.6322941027 71.6322941027 53.0677308481 53.0677308481 70.6657481501 52.5098287969 29 29 29 29 29 29 29 29 29 29 29 57.3081310875 57.3081310875 57.3081310875 29 61.4178645959 61.4178645959 29 29 29 29 61.0203009491 29 29
0 0 0 0 0 0 0 0 0 0 0 0 0 0 0 0 0 0 0 0 0 0 0 0 0 0 0 0 0 0 0 0 0 0 0 0 0 0 0 0 0 0 29 29 29 29 56.044172541 29 29 29 29 29 29 29 29 29 29 29 29 29 29 57.3081310875 57.3081310875 57.3081310875 29 29 29 29 29 29 29 29 29 29 29
0 0 0 0 0 0 0 0 0 0 0 0 0 0 0 0 0 0 0 0 0 0 0 0 0 0 0 0 0 0 0 0 0 0 0 0 0 0 0 0 0 0 0 29 29 29 29 55.5966002885 29 29 29 29 29 29 29 29 47.0322685191 90.5557229028 90.5557229028 29 29 29 29 57.3081310875 57.3081310875 29 29 29 29 29 29 29 29 29 29
0 0 0 0 0 0 0 0 0 0 0 0 0 0 0 0 0 0 0 0 0 0 0 0 0 0 0 0 0 0 0 0 0 0 0 0 0 0 0 0 0 0 0 29 29 29 67.0826033952 29 29 29 29 29 29 29 88.463859095 47.0322685191 47.0322685191 47.0322685191 90.5557229028 29 29 29 57.3081310875 57.3081310875 57.3081310875 29 29 29 29 29 29 29 29 29 29
0 0 0 0 0 0 0 0 0 0 0 0 0 0 0 0 0 0 0 0 0 0 0 0 0 0 0 0 0 0 0 0 0 0 0 0 0 0 0 0 0 0 0 0 64.639270736 67.0826033952 67.0826033952 67.0826033952 29 29 29 29 29 29 88.463859095 29 47.0322685191 47.0322685191 90.5557229028 29 29 29 29 29 29 29 29 29 29 29 29 29 29 29 29
0 0 0 0 0 0 0 0 0 0 0 0 0 0 0 0 0 0 0 0 0 0 0 0 0 0 0 0 0 0 0 0 0 0 0 0 0 0 0 0 0 0 0 0 29 29 49.146643611 49.146643611 29 29 29 29 48.2069954706 29 29 29 29 29 29 29 29 29 29 29 29 29 29 29 29 29 29 29 29 29 29
