Spatial_Output/BAU/BAU_1230.asc
NCOLS 155
NROWS 192
XLLCORNER 196307.867259
YLLCORNER 449144.565805
CELLSIZE 33.573938
NODATA_VALUE NaN
[rows 102 to 135 of 192, columns 76 to 151 of 155]
63.8406618421 28 63.8406618421 28 28 28 28 28 28 28 28 28 45.5062099055 45.5062099055 45.5062099055 54.9834024932 28 28 54.7176101683 28 28 28 56.7601448376 28 50.9119000931 68.0957135559 48.08646296 47.9615569238 47.9615569238 57.517845337 28 28 28 28 28 74.4646753757 28 28 64.3114180692 64.3114180692 47.8408905022 28 28 28 28 28 28 28 28 28 28 28 28 28 28 28 28 28 28 54.7899968592 54.7899968592 56.8609188191 48.6521785496 48.6521785496 48.6521785496 0 0 0 0 0 0 0 0 0 0 0
28 63.8406618421 28 28 28 28 28 28 28 28 28 59.7350817067 43.6387369243 51.3435787312 64.563537432 64.563537432 52.9729579524 28 45.3784792408 47.8635958199 47.8635958199 28 56.7601448376 56.7601448376 50.9119000931 68.0957135559 68.0957135559 47.9615569238 47.9615569238 28 28 28 28 28 28 28 28 28 28 28 28 28 28 28 28 28 28 28 28 28 28 28 28 28 28 28 28 28 28 28 28 63.7483269059 48.6521785496 48.6521785496 48.6521785496 0 0 0 0 0 0 0 0 0 0 0
28 50.5640007428 39.4500831059 28 28 51.9770556202 51.9770556202 66.3299501738 66.3299501738 28 28 28 43.6387369243 43.6387369243 64.563537432 64.563537432 64.563537432 45.3784792408 45.3784792408 45.3784792408 47.8635958199 57.3194066528 56.7601448376 56.7601448376 50.9119000931 68.0957135559 48.08646296 42.9905500016 47.9615569238 42.9905500016 28 28 28 28 28 28 28 28 28 28 28 28 28 28 28 28 28 28 28 28 28 28 28 28 28 28 28 28 28 28 28 0 0 48.6521785496 48.6521785496 0 0 0 0 0 0 0 0 0 0 0
50.5640007428 50.5640007428 45.8319721 28 28 51.9770556202 51.9770556202 66.3299501738 66.3299501738 28 28 28 43.6387369243 68.6019743933 68.6019743933 64.563537432 52.9729579524 28 28 65.5987571604 28 28 28 28 28 28 28 28 28 28 28 28 28 28 28 28 28 28 58.2260480109 43.0053527072 43.0053527072 28 28 28 28 28 28 28 28 28 28 28 28 28 28 28 52.1479984685 52.1479984685 52.1479984685 72.5027182637 0 0 0 0 0 0 0 0 0 0 0 0 0 0 0 0
28 50.5640007428 28 28 28 63.3414379823 63.3414379823 63.3414379823 66.3299501738 28 28 59.7350817067 58.7609537382 68.6019743933 68.6019743933 28 28 28 28 28 28 28 28 28 28 28 28 28 44.194592956 44.194592956 28 28 28 28 28 28 28 28 28 70.1803502828 70.1803502828 28 28 28 28 28 28 28 28 28 28 28 28 28 28 28 46.0099502429 52.1479984685 52.1479984685 28 0 0 0 0 0 0 0 0 0 0 0 0 0 0 0 0
44.3709188827 44.3709188827 28 28 28 28 56.8603034057 56.8603034057 28 28 28 28 28 28 28 28 28 28 28 28 28 28 28 28 28 28 28 44.194592956 44.194592956 44.194592956 28 28 28 28 28 28 28 28 28 70.1803502828 70.1803502828 48.0918526701 28 28 28 28 28 28 28 28 28 28 28 28 28 46.0099502429 46.0099502429 46.0099502429 48.1601679112 28 0 0 0 0 0 0 0 0 0 0 0 0 0 0 0 0
44.3709188827 44.3709188827 44.3709188827 28 28 28 48.0340755975 48.0340755975 28 28 28 28 28 28 43.4136788492 28 28 28 28 28 28 28 28 28 28 28 53.9669395011 28 46.4489453964 46.4489453964 46.4489453964 28 28 28 28 28 50.9527538094 28 45.9541495952 64.7613113249 68.3720992545 48.0918526701 48.0918526701 45.5714053238 28 58.44966367 28 28 28 28 28 28 28 28 28 68.5669397988 46.0099502429 46.0099502429 28 0 0 0 0 0 0 0 0 0 0 0 0 0 0 0 0 0
28 44.5085070736 28 28 28 38.4188238163 48.0340755975 48.0340755975 50.2705053145 28 66.5052238154 28 28 43.4136788492 51.8309207487 28 44.4497519845 44.4497519845 28 45.8280601092 28 39.0857912476 28 28 40.7496642208 28 28 49.9470885655 49.9470885655 49.9470885655 49.9470885655 28 28 28 28 28 28 28 64.7613113249 68.3720992545 68.3720992545 48.0918526701 48.0918526701 58.44966367 58.44966367 58.44966367 72.7770776511 28 28 28 28 28 28 28 28 28 28 28 28 0 0 0 0 0 0 0 0 0 0 0 0 0 0 0 0 0
68.1937821197 68.1937821197 56.8898090841 28 41.6763049408 58.3186669657 50.2705053145 50.2705053145 28 28 66.5052238154 66.5052238154 77.9004240787 60.4272612242 60.4272612242 60.4272612242 44.4497519845 44.4497519845 44.4497519845 45.8280601092 28 39.0857912476 39.0857912476 28 40.7496642208 40.7496642208 28 28 49.9470885655 49.9470885655 46.44997066 28 28 28 28 28 28 28 28 49.196928372 49.196928372 28 48.0918526701 28 58.44966367 28 28 28 28 28 37.4100440438 37.4100440438 37.4100440438 28 28 28 28 28 28 0 0 0 0 0 0 0 0 0 0 0 0 0 0 0 0 0
68.1937821197 68.1937821197 56.8898090841 28 41.6763049408 58.3186669657 72.6471068811 51.2306406535 42.0974337455 28 66.5052238154 66.5052238154 77.9004240787 57.4624655538 60.4272612242 57.4624655538 44.4497519845 44.4497519845 28 28 28 39.0857912476 28 28 28 28 28 28 28 28 28 28 28 28 28 28 28 28 28 49.196928372 49.196928372 28 28 28 28 66.5951827538 28 28 28 28 59.251504803 37.4100440438 37.4100440438 50.2477268927 50.2477268927 50.2477268927 89.0490145603 28 28 52.1488716001 40.7781986634 0 0 0 0 0 0 0 0 0 0 0 0 0 0 0
64.6768688733 56.8898090841 56.8898090841 41.6763049408 28 28 51.2306406535 51.2306406535 51.2306406535 28 28 28 28 28 28 28 28 28 28 28 28 28 28 28 28 28 28 28 58.6880842689 58.6880842689 58.6880842689 28 28 28 28 28 28 28 28 42.0571615526 42.0571615526 57.949680427 28 28 28 28 28 28 28 28 45.6628999193 37.4100440438 41.4101980659 64.4300310967 46.8084201412 50.2477268927 28 28 52.1488716001 52.1488716001 52.1488716001 40.7781986634 0 40.7781986634 0 0 0 0 0 0 0 0 0 0 0 0
28 28 28 28 28 28 52.8618662379 52.8618662379 52.8618662379 28 28 28 28 28 61.4229556651 61.4229556651 28 28 28 28 28 28 28 28 28 28 28 28 58.6880842689 58.6880842689 28 28 28 28 28 28 28 28 28 42.0571615526 42.0571615526 42.0571615526 28 28 28 28 28 28 28 28 28 45.6628999193 28 46.8084201412 46.8084201412 46.8084201412 28 28 52.1488716001 52.1488716001 40.7781986634 40.7781986634 0 40.7781986634 40.7781986634 0 0 0 0 0 0 0 0 0 0 0
28 28 28 28 28 28 28 28 86.0383320943 28 28 28 28 28 28 61.4229556651 28 28 28 28 28 28 28 28 28 28 28 28 59.1461042699 59.1461042699 59.1461042699 28 28 28 28 28 28 28 28 28 28 28 28 28 28 56.4920355456 28 28 28 28 28 28 47.5463545231 47.5463545231 47.5463545231 28 28 28 0 0 0 0 0 40.7781986634 40.7781986634 0 0 0 0 0 0 0 0 0 0 0
28 48.4389949637 28 46.1519734825 28 56.4479842626 56.4479842626 28 28 28 28 64.9712071103 28 28 28 45.7969056409 45.7969056409 28 28 28 28 28 28 28 28 28 28 28 65.9272901165 59.1461042699 61.1962642508 28 28 66.63433199 48.7134243373 28 28 50.26140563 62.6816232396 28 48.7129755061 67.6255772816 70.8080545204 70.8080545204 61.2961712277 61.2961712277 28 59.512117919 60.3783051079 61.1667881785 28 28 28 47.5463545231 47.5463545231 28 28 57.736153207 37.2637924353 57.3874499766 57.3874499766 0 0 0 0 0 0 0 0 0 0 0 0 0 0 0
41.8717882803 59.1630962692 28 46.1519734825 46.1519734825 56.4479842626 28 28 47.9822241109 28 64.9712071103 64.9712071103 64.9712071103 64.9712071103 64.4597206478 64.4597206478 28 65.574105488 28 69.5916878699 28 28 73.5703877489 73.5703877489 28 73.0178605248 28 46.3241879236 66.9174030141 66.9174030141 66.9174030141 51.4998476511 51.4998476511 28 48.7134243373 48.7134243373 50.26140563 50.26140563 50.26140563 48.7129755061 48.7129755061 67.6255772816 70.8080545204 70.8080545204 61.2961712277 61.2961712277 54.6832001438 60.3783051079 60.3783051079 61.1667881785 48.6087697018 48.6087697018 48.6087697018 60.7897268026 57.7644849924 28 28 57.736153207 37.2637924353 37.2637924353 57.3874499766 0 0 0 0 0 0 0 0 0 0 0 0 0 0 0
41.8717882803 59.1630962692 59.1630962692 46.1519734825 53.703704287 28 28 62.4001671649 28 55.6740456928 28 28 64.9712071103 64.9712071103 57.0965810649 64.4597206478 64.4597206478 65.574105488 65.574105488 69.5916878699 69.5916878699 28 73.5703877489 73.5703877489 28 73.0178605248 46.3241879236 46.3241879236 46.3241879236 61.1962642508 59.1850898478 51.4998476511 51.4998476511 48.7134243373 28 48.7134243373 48.7134243373 50.26140563 50.26140563 28 48.7129755061 67.6255772816 82.8516314399 70.8080545204 28 56.4920355456 28 59.512117919 60.3783051079 61.1667881785 41.3608524998 60.7897268026 63.5073503577 63.5073503577 28 28 28 57.736153207 37.2637924353 57.3874499766 0 0 0 0 0 0 0 0 0 0 0 0 0 0 0 0
28 59.1630962692 82.8772347856 28 28 28 28 28 28 28 28 28 64.9712071103 57.0965810649 51.3233871904 53.7679345513 28 65.574105488 28 69.5916878699 41.0721891608 28 73.5703877489 28 58.6488798939 73.0178605248 73.0178605248 46.3241879236 49.5141590913 61.1962642508 61.1962642508 51.4998476511 28 67.0306527248 48.7134243373 28 28 28 28 53.1280214768 53.1280214768 53.1280214768 28 28 28 28 44.8438515951 45.0901163371 49.5124615713 41.3608524998 41.3608524998 41.3608524998 63.5073503577 63.5073503577 28 28 66.9575347672 0 0 0 0 0 0 0 0 0 0 0 0 0 0 0 0 0 0 0
28 82.8772347856 82.8772347856 82.8772347856 35.4380450963 28 28 28 28 28 28 28 28 28 50.9303585249 50.9303585249 50.9303585249 28 28 28 28 28 73.5703877489 28 28 28 28 28 61.1962642508 61.1962642508 61.1962642508 28 28 28 28 28 28 28 28 53.1280214768 53.1280214768 53.1280214768 49.9595279845 52.9780424661 52.9780424661 77.420796359 45.0901163371 45.0901163371 49.5124615713 61.5148908982 41.3608524998 28 56.8587950408 63.5073503577 28 28 0 0 0 0 0 0 0 0 0 0 0 0 0 0 0 0 0 0 0 0
28 82.8772347856 82.8772347856 35.4380450963 61.3783882397 28 28 28 28 28 28 28 28 28 50.9303585249 50.9303585249 50.9303585249 28 28 28 28 28 28 28 28 28 28 28 28 67.0152699191 67.0152699191 48.5739406358 28 28 28 28 28 63.3631288639 28 51.7148250367 44.212921804 44.212921804 44.212921804 52.9780424661 52.9780424661 77.420796359 28 45.0901163371 60.9185861018 28 28 60.768942426 60.768942426 28 28 28 0 0 0 0 0 0 0 0 0 0 0 0 0 0 0 0 0 0 0 0
28 28 61.3783882397 28 61.3783882397 28 28 28 28 28 28 28 28 28 45.0411660092 45.0411660092 45.0411660092 28 28 28 28 28 28 28 28 28 28 28 28 52.6922847165 52.6922847165 28 28 28 28 28 28 71.2353418156 71.2353418156 47.1914095547 47.1914095547 44.212921804 44.212921804 28 52.9780424661 60.4325974224 28 28 28 28 28 60.768942426 60.768942426 60.768942426 28 0 0 0 0 0 0 0 0 0 0 0 0 0 0 0 0 0 0 0 0 0
28 28 28 28 61.3783882397 28 28 28 28 28 28 28 28 28 58.8643817679 45.0411660092 57.6677756964 28 28 28 28 28 28 28 28 28 28 28 28 52.6922847165 52.6922847165 58.4901625873 28 28 49.8695475603 49.8695475603 71.2353418156 71.2353418156 71.2353418156 28 47.1914095547 44.212921804 28 28 28 28 28 28 28 28 28 28 28 28 28 0 0 0 0 0 0 0 0 0 0 0 0 0 0 0 0 0 0 0 0 0
28 28 28 28 51.4057317455 28 28 28 28 28 28 28 28 28 57.6677756964 53.2702447411 53.7679345513 28 28 28 28 28 28 28 28 28 28 61.6705633196 59.5048315015 49.154204759 39.890802011 39.890802011 28 28 49.8695475603 49.8695475603 67.2842834003 28 71.2353418156 28 73.0632520135 28 40.7705556488 28 28 28 28 28 28 28 28 40.369686865 28 28 28 0 0 0 0 0 0 0 0 0 0 0 0 0 0 0 0 0 0 0 0 0
28 28 28 62.7637053689 62.7637053689 62.7637053689 51.4057317455 28 28 28 28 28 28 28 53.7679345513 53.2702447411 53.2702447411 53.2702447411 28 28 28 28 28 28 28 28 63.0927754829 61.6705633196 61.6705633196 49.154204759 49.154204759 39.890802011 58.4901625873 28 40.9337741806 28 28 28 28 71.026105363 71.026105363 71.026105363 71.026105363 28 28 28 28 28 28 40.369686865 40.369686865 40.369686865 28 28 0 0 0 0 0 0 0 0 0 0 0 0 0 0 0 0 0 0 0 0 0 0
28 28 28 51.4057317455 62.7637053689 51.4057317455 28 28 28 28 28 28 28 28 28 65.9773591079 65.9773591079 65.9773591079 28 28 28 54.1008460767 43.35590092 43.35590092 81.0088679525 63.0927754829 63.0927754829 63.0927754829 61.6705633196 49.154204759 63.5311384017 28 28 28 28 28 28 28 28 51.3039837771 51.3039837771 71.026105363 51.3039837771 28 28 28 28 28 28 54.8710291295 54.8710291295 54.8710291295 28 28 0 0 0 0 0 0 0 0 0 0 0 0 0 0 0 0 0 0 0 0 0 0
28 28 28 28 43.1035510722 43.1035510722 60.9659648652 47.9102907758 42.8091451798 28 28 61.732452769 28 28 28 65.9773591079 65.9773591079 62.2195203099 79.1830528914 28 47.6858949483 54.1008460767 54.1008460767 43.35590092 43.35590092 28 28 63.0927754829 61.6705633196 28 28 28 28 28 28 28 28 28 28 55.7124608077 60.1297060156 60.1297060156 60.1297060156 28 28 28 28 28 28 51.9904001406 51.9904001406 54.8710291295 28 28 0 0 0 0 0 0 0 0 0 0 0 0 0 0 0 0 0 0 0 0 0 0
40.2591018225 28 28 28 48.4963194902 48.4963194902 43.1035510722 47.9102907758 80.3753732934 80.3753732934 56.0195647774 61.732452769 61.732452769 44.0143387122 41.6629832281 64.404998151 62.2195203099 64.404998151 79.1830528914 79.1830528914 28 54.1008460767 54.1008460767 43.35590092 28 28 28 28 28 28 28 28 28 28 28 28 28 28 28 28 52.0772314802 54.8208632557 28 28 28 28 28 28 28 51.9904001406 51.9904001406 51.9904001406 28 0 0 0 0 0 0 0 0 0 0 0 0 0 0 0 0 0 0 0 0 0 0 0
28 40.2591018225 28 48.4963194902 48.4963194902 48.4963194902 60.9659648652 47.9102907758 80.3753732934 80.3753732934 56.0195647774 44.9840337684 44.0143387122 44.0143387122 44.0143387122 28 64.404998151 28 79.1830528914 79.1830528914 28 28 28 28 28 28 28 28 28 28 28 28 28 28 28 28 28 28 28 28 54.8208632557 54.8208632557 54.8208632557 28 28 28 28 28 28 28 28 28 28 0 0 0 0 0 0 0 0 0 0 0 0 0 0 0 0 0 0 0 0 0 0 0
40.2591018225 28 28 28 28 28 28 28 80.3753732934 62.2884518178 44.9840337684 28 28 44.0143387122 28 41.6629832281 48.1129165059 28 28 28 28 28 28 28 28 28 28 28 28 28 28 28 28 28 28 28 28 28 28 28 54.3066707252 54.8208632557 54.3066707252 28 28 28 28 28 52.4361895247 52.4361895247 28 28 28 0 0 0 0 0 0 0 0 0 0 0 0 0 0 0 0 0 0 0 0 0 0 0
28 28 28 28 28 59.1627336624 59.1627336624 28 28 28 28 28 28 28 28 28 28 28 28 28 28 28 28 28 28 28 28 28 28 28 28 28 28 28 28 28 28 28 28 28 28 28 28 28 28 28 28 71.3440725556 71.3440725556 71.3440725556 28 28 0 0 0 0 0 0 0 0 0 0 0 0 0 0 0 0 0 0 0 0 0 0 0 0
28 28 28 28 28 59.1627336624 59.1627336624 28 28 28 28 28 28 28 28 28 28 28 28 28 28 28 28 28 28 28 28 28 28 28 28 28 28 28 28 28 28 28 28 28 73.1534109618 73.1534109618 73.1534109618 28 28 28 28 66.1790256287 71.3440725556 66.1790256287 28 28 0 0 0 0 0 0 0 0 0 0 0 0 0 0 0 0 0 0 0 0 0 0 0 0
28 28 28 28 28 28 28 28 28 28 42.3982366293 28 28 28 28 28 28 28 28 28 28 28 28 28 28 28 28 28 28 28 28 28 28 28 28 28 28 28 28 28 73.1534109618 73.1534109618 51.5007025632 28 28 28 28 42.7918687106 54.4077474205 42.7918687106 28 28 0 0 0 0 0 0 0 0 0 0 0 0 0 0 0 0 0 0 0 0 0 0 0 0
28 28 28 28 28 28 28 28 28 28 42.3982366293 42.3982366293 28 28 28 28 28 28 28 28 28 28 28 28 28 28 28 28 28 28 28 28 28 28 28 28 28 28 28 28 28 51.5007025632 28 28 28 28 28 54.4077474205 54.4077474205 54.4077474205 57.1280968385 28 0 0 0 0 0 0 0 0 0 0 0 0 0 0 0 0 0 0 0 0 0 0 0 0
28 28 28 28 28 28 28 28 28 28 42.3982366293 42.3982366293 53.5543857075 53.5543857075 28 28 28 28 28 28 28 28 28 28 28 28 28 28 28 28 28 28 28 28 28 28 28 28 28 28 51.5007025632 51.5007025632 51.5007025632 60.6067622461 28 28 28 56.9281979889 43.2306840632 43.2306840632 55.2128594089 55.2128594089 28 71.2475494159 48.2995619474 0 0 0 0 0 0 0 0 0 0 0 0 0 0 0 0 0 0 0 0 0
28 28 28 28 28 28 28 28 28 28 28 28 53.5543857075 53.5543857075 73.0225651486 28 28 28 28 28 28 28 28 28 28 28 28 28 28 28 28 28 28 28 28 28 28 28 28 28 28 28 60.6067622461 60.6067622461 28 28 28 45.9113118385 43.2306840632 74.1143407377 55.2128594089 60.2767441016 49.4911528081 49.4911528081 28 51.4579509686 51.4093329249 0 0 0 0 0 0 0 0 0 0 0 0 0 0 0 0 0 0 0
