Spatial_Output/BAU/BAU_0865.asc
NCOLS 155
NROWS 192
XLLCORNER 196307.867259
YLLCORNER 449144.565805
CELLSIZE 33.573938
NODATA_VALUE NaN
[rows 108 to 143 of 192, columns 0 to 81 of 155]
0 0 0 0 0 0 0 0 0 0 0 0 0 0 0 0 0 0 0 0 0 0 0 0 48.2964592555 15.33 41.7725065986 54.180881817 19 19 19 19 19 19 19 19 19 19 19 19 19 19 19 19 19 19 19 19 19 62.2710694078 62.2710694078 19 19 19 19 53.9316489753 19 19 19 19 19 19 19 19 19 19 19 19 19 19 19 19 19 19 19 19 39.8036681833 39.8036681833 39.8036681833 19 19 19
0 0 0 0 0 0 0 0 0 0 0 0 0 0 0 0 0 0 0 0 0 0 0 0 0 0 0 0 19 19 19 19 19 19 19 19 19 19 19 19 19 19 19 19 19 19 19 19 19 62.2710694078 62.2710694078 19 19 19 37.763753241 37.763753241 37.763753241 19 19 19 19 19 19 37.6615111256 52.8703712979 37.6615111256 19 19 19 19 19 19 19 19 19 19 69.8756229282 39.8036681833 69.8756229282 19 19 46.8065703444
0 0 0 0 0 0 0 0 0 0 0 0 0 0 0 0 0 0 0 0 0 0 0 0 0 0 0 0 0 19 19 19 19 19 19 19 19 19 19 19 19 19 19 19 19 19 19 19 62.2710694078 49.2388850464 49.2388850464 19 19 19 19 48.9912383166 19 19 19 70.9763077224 47.8026557182 64.7562742723 19 53.752335411 38.086316259 52.8703712979 19 49.8928108635 19 49.8928108635 19 19 43.5472589761 19 19 19 58.7118598308 19 71.9187763113 71.9187763113 62.8475996041 62.8475996041
0 0 0 0 0 0 0 0 0 0 0 0 0 0 0 0 0 0 0 0 0 0 0 0 0 0 0 0 0 19 19 19 19 19 19 19 19 19 19 19 19 19 19 19 19 19 19 19 51.6178370074 49.2388850464 49.2388850464 19 19 58.2119869982 58.2119869982 48.9912383166 48.9912383166 36.7256995439 47.8026557182 44.325072377 64.7562742723 64.7562742723 53.752335411 38.086316259 38.086316259 49.2686048352 19 49.8928108635 49.8928108635 19 49.8928108635 43.5472589761 43.5472589761 43.5472589761 19 58.7118598308 58.7118598308 19 71.9187763113 62.8475996041 62.8475996041 62.8475996041
0 0 0 0 0 0 0 0 0 0 0 0 0 0 0 0 0 0 0 0 0 0 0 0 0 0 0 0 0 0 19 19 19 19 19 19 19 19 19 19 19 19 19 19 19 19 19 19 19 51.6178370074 51.6178370074 19 19 58.2119869982 48.9912383166 48.9912383166 48.9912383166 37.763753241 19 44.325072377 64.7562742723 64.7562742723 53.752335411 53.752335411 38.086316259 49.2686048352 19 49.8928108635 64.559775325 49.8928108635 19 43.5472589761 43.5472589761 43.5472589761 19 44.1046233533 58.7118598308 19 71.9187763113 19 19 56.5215488363
0 0 0 0 0 0 0 0 0 0 0 0 0 0 0 0 0 0 0 0 0 0 0 0 0 0 0 0 0 0 0 19 19 19 19 19 19 19 19 19 19 19 19 19 19 19 19 19 19 19 19 19 36.8774686602 65.4754833432 65.4754833432 37.763753241 57.4635524951 42.0490297087 19 19 47.8026557182 64.7562742723 60.6362683597 53.752335411 19 19 19 19 19 19 19 19 19 19 19 19 51.7163812157 51.7163812157 51.7163812157 19 19 19
0 0 0 0 0 0 0 0 0 0 0 0 0 0 0 0 0 0 0 0 0 0 0 0 0 0 0 0 0 0 0 19 19 19 19 19 19 19 19 19 19 19 19 19 19 19 19 19 19 19 19 68.9664440643 63.3959433069 63.3959433069 19 19 19 19 19 19 19 19 19 19 19 19 19 19 19 19 19 19 19 19 19 54.7058706257 51.7163812157 51.7163812157 19 19 19 62.8064010012
0 0 0 0 0 0 0 0 0 0 0 0 0 0 0 0 0 0 0 0 0 0 0 0 0 0 0 0 0 0 0 0 19 19 19 19 19 19 19 19 19 19 19 19 19 19 19 19 19 19 19 68.9664440643 63.3959433069 63.3959433069 72.8840245663 48.4760295341 19 19 19 19 19 19 19 19 19 19 19 19 19 19 19 19 19 19 19 19 33.9416887052 33.9416887052 33.9416887052 33.8986874545 60.8991668565 19
0 0 0 0 0 0 0 0 0 0 0 0 0 0 0 0 0 0 0 0 0 0 0 0 0 0 0 0 0 0 0 0 19 19 19 19 19 19 19 19 19 19 19 19 19 19 19 19 47.6931456819 47.6931456819 47.6931456819 19 56.4299886481 72.8840245663 37.2129050606 37.2129050606 19 19 19 19 19 19 19 19 19 19 19 19 19 19 19 19 19 19 19 19 64.7969837059 64.7969837059 64.7969837059 33.8986874545 33.8986874545 51.2892799226
0 0 0 0 0 0 0 0 0 0 0 0 0 0 0 0 0 0 0 0 0 0 0 0 0 0 0 0 0 0 0 0 0 19 19 19 19 19 19 19 19 19 19 19 19 19 19 45.572634884 62.9220573511 47.6931456819 49.5988399075 39.6398020612 19 37.2129050606 37.2129050606 50.5999501295 19 19 19 67.9653550229 19 19 19 19 19 19 19 19 19 19 19 19 19 19 19 49.9123565569 64.7969837059 64.7969837059 64.7969837059 33.8986874545 33.8986874545 48.199563593
0 0 0 0 0 0 0 0 0 0 0 0 0 0 0 0 0 0 0 0 0 0 0 0 0 0 0 0 0 0 0 0 0 19 19 19 19 19 19 19 19 19 19 19 19 62.0372078025 19 62.9220573511 62.9220573511 62.9220573511 49.5988399075 49.5988399075 49.3813255782 46.4400599397 50.5999501295 50.5999501295 19 19 67.9653550229 67.9653550229 67.9653550229 19 19 19 19 19 19 19 19 19 19 19 19 19 19 19 50.130720209 40.4434144795 40.4434144795 40.4434144795 19 19
0 0 0 0 0 0 0 0 0 0 0 0 0 0 0 0 0 0 0 0 0 0 0 0 0 0 0 0 0 0 0 0 0 0 19 19 19 19 19 19 19 19 19 19 43.2073123713 43.2073123713 19 19 61.4501830399 19 49.5988399075 49.5988399075 39.6398020612 46.4400599397 50.5999501295 50.5999501295 48.3787062249 48.3787062249 19 19 19 19 19 19 19 19 19 19 19 19 19 19 19 19 19 19 19 40.4434144795 45.7210695076 45.7210695076 19 19
0 0 0 0 0 0 0 0 0 0 0 0 0 0 0 0 0 0 0 0 0 0 0 0 0 0 0 0 0 0 0 0 0 0 0 19 19 19 19 19 19 19 46.8931702317 46.8931702317 43.2073123713 43.2073123713 53.4361310285 19 61.4501830399 61.4501830399 36.8013765227 49.3813255782 46.4400599397 46.4091789459 19 48.3787062249 48.3787062249 48.3787062249 19 19 19 19 19 19 19 19 19 19 19 19 19 19 19 19 19 19 19 47.0277990937 47.0277990937 45.5184548085 36.9966342725 19
0 0 0 0 0 0 0 0 0 0 0 0 0 0 0 0 0 0 0 0 0 0 0 0 0 0 0 0 0 0 0 0 0 0 0 19 19 19 19 19 19 19 46.8931702317 46.8931702317 19 70.35734519 19 19 46.9411478942 19 19 19 19 19 19 19 19 19 36.4116523238 19 19 19 19 19 19 19 19 19 19 19 19 19 19 19 19 19 19 19 36.9966342725 46.9668274017 33.0741350109 33.0741350109
0 0 0 0 0 0 0 0 0 0 0 0 0 0 0 0 0 0 0 0 0 0 0 0 0 0 0 0 0 0 0 0 0 57.4986684938 59.7046274991 57.5733516215 19 19 19 19 19 19 19 46.8931702317 19 19 19 52.4632133606 19 46.9411478942 19 19 19 19 19 19 19 19 19 19 19 19 19 19 19 19 19 19 19 19 19 19 19 19 19 19 19 19 19 33.0741350109 33.0741350109 33.0741350109
0 0 0 0 0 0 0 0 0 0 0 0 0 0 0 0 0 0 0 0 0 0 0 0 0 0 0 0 0 0 68.5963809928 40.4301407631 35.6542699739 37.9680614064 31.966782498 57.5733516215 19 19 19 19 19 19 19 19 19 19 52.4632133606 46.9411478942 52.4632133606 19 19 19 19 19 19 19 19 19 19 57.8157334969 57.8157334969 57.8157334969 19 19 19 19 19 19 19 19 19 19 19 19 19 19 19 19 19 47.5209916157 33.0741350109 47.5209916157
0 0 0 0 0 0 0 0 0 0 0 0 0 0 0 0 0 0 0 0 0 0 0 0 0 0 0 0 42.339781604 49.5531994059 68.5963809928 40.4301407631 43.3432816328 34.6808758882 31.9383756123 59.7046274991 57.5733516215 19 19 19 19 19 19 19 19 19 46.9411478942 46.9411478942 46.9411478942 19 19 19 19 19 19 19 19 19 19 40.3646945145 40.3646945145 54.7342176423 19 19 19 19 19 19 19 19 19 19 19 19 19 19 19 19 19 19 47.5209916157 19
0 0 0 0 0 0 0 0 0 0 0 0 0 0 0 0 0 0 0 0 0 0 0 0 0 37.5995568224 37.5995568224 37.5995568224 54.7292598508 49.5531994059 40.4301407631 40.4301407631 43.4528112655 33.3439102805 29.4829535084 54.7063549248 0 0 19 19 19 19 19 19 19 60.7906598791 60.7906598791 60.7906598791 19 19 19 19 19 19 19 19 19 19 41.2305103645 58.5781078159 58.5781078159 40.3646945145 54.7342176423 19 19 19 19 19 19 19 19 19 19 19 19 19 19 19 19 19 19 19
0 0 0 0 0 0 0 0 0 0 0 0 0 0 0 0 0 0 0 0 0 0 0 0 0 37.5995568224 37.5995568224 37.5995568224 54.7292598508 49.5531994059 49.5531994059 68.5963809928 51.6051166195 55.145741716 0 0 0 0 19 19 19 19 19 19 19 19 19 60.7906598791 19 19 19 19 19 19 19 19 75.918879838 45.4884996006 45.4884996006 58.5781078159 58.5781078159 61.3371573212 19 19 19 19 19 19 19 19 19 19 19 19 19 19 19 19 19 19 19 19
0 0 0 0 0 0 0 0 0 0 0 0 0 0 0 0 0 0 0 0 0 0 0 0 0 57.1963571753 37.5995568224 37.5995568224 54.7292598508 50.6089134352 0 0 0 0 0 0 0 0 0 19 19 19 19 19 19 19 19 19 19 19 19 19 19 19 19 19 41.6685459289 75.918879838 45.4884996006 45.4884996006 58.5781078159 50.3073951442 19 19 19 19 19 19 19 19 19 48.8902089844 43.7464040071 19 60.9603962651 50.1292863864 50.1292863864 38.814670303 74.0712173762 19 19 19
0 0 0 0 0 0 0 0 0 0 0 0 0 0 0 0 0 0 0 0 0 0 0 0 0 0 0 0 0 0 0 0 0 0 0 0 0 0 0 0 19 19 19 19 19 19 19 52.708158222 46.5248363518 46.5248363518 42.6366709758 19 19 19 19 19 19 75.918879838 19 19 19 19 19 38.2431046519 19 19 19 19 58.6649644667 19 19 48.8902089844 48.8902089844 54.0934786062 50.1292863864 50.1292863864 50.1292863864 38.814670303 19 19 19 19
0 0 0 0 0 0 0 0 0 0 0 0 0 0 0 0 0 0 0 0 0 0 0 0 0 0 0 0 0 0 0 0 0 0 0 0 0 0 0 0 0 19 19 19 19 19 19 19 46.5248363518 46.5248363518 42.6366709758 19 19 19 19 19 19 19 19 19 19 19 19 38.2431046519 38.2431046519 44.0851241686 19 19 19 19 39.2508935878 48.8902089844 48.8902089844 19 19 50.1292863864 50.1292863864 38.814670303 36.1286663109 19 55.073476928 55.073476928
0 0 0 0 0 0 0 0 0 0 0 0 0 0 0 0 0 0 0 0 0 0 0 0 0 0 0 0 0 0 0 0 0 0 0 0 0 0 0 0 0 19 19 19 19 50.8167715422 50.8167715422 19 19 46.5248363518 19 19 19 19 19 19 19 19 19 19 19 19 19 38.2431046519 38.2431046519 44.0851241686 19 19 19 58.6649644667 19 39.2508935878 19 19 19 19 19 19 19 19 55.073476928 55.073476928
0 0 0 0 0 0 0 0 0 0 0 0 0 0 0 0 0 0 0 0 0 0 0 0 0 0 0 0 0 0 0 0 0 0 0 0 0 0 0 0 0 0 19 19 19 50.8167715422 19 50.8167715422 19 19 19 19 19 19 19 19 19 19 19 19 19 19 63.1640407757 63.1640407757 63.1640407757 19 19 19 19 19 19 19 19 19 19 19 19 19 19 19 19 47.8193824199
0 0 0 0 0 0 0 0 0 0 0 0 0 0 0 0 0 0 0 0 0 0 0 0 0 0 0 0 0 0 0 0 0 0 0 0 0 0 0 0 0 0 0 19 19 19 19 19 19 19 19 19 19 19 19 19 46.37937287 58.6767432713 46.37937287 19 19 19 63.1640407757 63.1640407757 19 19 19 19 19 19 19 19 19 19 19 19 19 19 19 19 19 47.8193824199
0 0 0 0 0 0 0 0 0 0 0 0 0 0 0 0 0 0 0 0 0 0 0 0 0 0 0 0 0 0 0 0 0 0 0 0 0 0 0 0 0 0 0 19 19 52.6115776861 52.6115776861 19 19 19 19 19 19 65.8281764514 19 19 58.6767432713 58.6767432713 58.6767432713 46.37937287 19 19 19 19 19 19 19 19 19 19 19 19 19 19 19 19 19 19 19 19 19 19
0 0 0 0 0 0 0 0 0 0 0 0 0 0 0 0 0 0 0 0 0 0 0 0 0 0 0 0 0 0 0 0 0 0 0 0 0 0 0 0 0 0 0 0 19 19 52.6115776861 19 19 19 19 19 36.3732838865 36.3732838865 65.8281764514 65.8281764514 19 46.37937287 58.6767432713 19 19 19 19 33.5933150781 40.9844123208 19 19 19 19 19 19 19 19 19 19 19 19 19 19 19 19 19
0 0 0 0 0 0 0 0 0 0 0 0 0 0 0 0 0 0 0 0 0 0 0 0 0 0 0 0 0 0 0 0 0 0 0 0 0 0 0 0 0 0 0 0 19 19 19 19 19 19 19 19 36.3732838865 36.3732838865 36.3732838865 65.8281764514 19 19 19 19 19 19 19 19 19 40.9844123208 19 19 19 19 19 19 19 19 19 19 19 19 19 19 19 19
0 0 0 0 0 0 0 0 0 0 0 0 0 0 0 0 0 0 0 0 0 0 0 0 0 0 0 0 0 0 0 0 0 0 0 0 0 0 0 0 0 0 0 0 19 19 19 19 19 19 19 51.6305401653 51.6305401653 36.3732838865 36.3732838865 19 19 19 19 19 19 19 19 40.9844123208 40.9844123208 19 19 19 19 19 19 19 19 19 19 19 19 19 19 19 19 19
0 0 0 0 0 0 0 0 0 0 0 0 0 0 0 0 0 0 0 0 0 0 0 0 0 0 0 0 0 0 0 0 0 0 0 0 0 0 0 0 0 0 0 0 0 19 46.710849248 46.710849248 46.710849248 19 48.5376367781 19 51.6305401653 51.6305401653 19 19 19 19 19 19 19 19 19 19 19 59.5242996005 19 19 19 19 19 19 19 19 19 19 19 19 19 19 19 19
0 0 0 0 0 0 0 0 0 0 0 0 0 0 0 0 0 0 0 0 0 0 0 0 0 0 0 0 0 0 0 0 0 0 0 0 0 0 0 0 0 0 0 0 0 19 19 19 19 41.4822864839 41.4822864839 41.4822864839 19 19 19 19 19 19 19 19 19 19 19 19 59.5242996005 59.5242996005 59.5242996005 19 19 19 19 19 19 19 19 19 19 19 19 19 19 19
0 0 0 0 0 0 0 0 0 0 0 0 0 0 0 0 0 0 0 0 0 0 0 0 0 0 0 0 0 0 0 0 0 0 0 0 0 0 0 0 0 0 0 0 0 19 19 19 19 19 41.4822864839 41.4822864839 19 19 19 19 19 19 19 19 19 19 19 19 54.0388254173 59.5242996005 19 19 19 19 19 19 19 19 19 19 19 19 19 19 19 19
0 0 0 0 0 0 0 0 0 0 0 0 0 0 0 0 0 0 0 0 0 0 0 0 0 0 0 0 0 0 0 0 0 0 0 0 0 0 0 0 0 0 0 44.0489072443 65.5499461996 64.6505188751 19 19 19 19 19 19 19 19 19 19 19 19 19 19 19 19 19 19 19 38.9845006577 19 19 19 19 19 19 19 19 19 19 19 19 19 19 19 19
0 0 0 0 0 0 0 0 0 0 0 0 0 0 0 0 0 0 0 0 0 0 0 0 0 0 0 0 0 0 0 0 0 0 0 0 0 0 0 0 0 35.9862142076 65.5499461996 48.7568850351 48.7568850351 64.6505188751 19 19 19 19 19 19 19 19 19 19 19 19 19 19 19 19 19 19 19 19 53.4382850703 19 19 19 19 19 19 19 19 19 19 19 19 19 19 19
0 0 0 0 0 0 0 0 0 0 0 0 0 0 0 0 0 0 0 0 0 0 0 0 0 0 0 0 0 0 0 0 0 0 0 0 0 0 0 43.8704694616 43.8704694616 69.323569057 69.323569057 48.7568850351 48.7568850351 65.5499461996 19 19 19 19 19 19 19 19 19 19 19 19 19 19 19 19 19 19 39.1270802662 53.2334091076 53.2334091076 19 19 19 19 19 19 19 19 19 19 19 19 19 19 19
0 0 0 0 0 0 0 0 0 0 0 0 0 0 0 0 0 0 0 0 0 0 0 0 0 0 0 0 0 0 0 0 0 0 0 0 0 0 69.323569057 69.323569057 69.323569057 69.323569057 69.323569057 65.5499461996 62.6773563902 0 0 19 19 19 19 19 19 19 19 19 19 19 19 19 19 19 19 19 53.2334091076 53.2334091076 53.2334091076 53.2334091076 19 19 19 19 19 19 19 19 19 19 19 19 19 19
