Spatial_Output/BAU/BAU_1038.asc
NCOLS 155
NROWS 192
XLLCORNER 196769.923733
YLLCORNER 449719.875193
CELLSIZE 27.603701
NODATA_VALUE NaN
[rows 23 to 45 of 192, columns 53 to 105 of 155]
22.7484412898 23.1365987305 22.5052637034 22.7481402063 23.0115441793 22.6447098724 22.5632193926 44.4026617292 61.318361562 79.9328214917 22.6786109574 23.1531360666 23.1313387708 22.58740415 22.5171415332 22.9755007566 23.1553872113 23.1406999564 22.7931833455 23.0904220264 22.6747854486 22.7256538996 22.5725531303 23.1057529026 23.1476607813 22.7169050931 23.1580878524 22.9289482268 22.6478797924 22.9115805661 23.1285748099 23.0215417254 23.0847418455 23.1709456839 22.8971952857 22.9075983682 22.7028875212 22.8060877014 22.9234323945 23.0275324455 22.9208215102 22.5408250255 22.9967855779 22.7508932062 22.5732038368 22.6988789527 22.9157910187 23.0864037442 22.7073123965 22.793424535 22.9625301253 23.1064600493 23.1361442246
22.6989096298 22.7137249236 22.8003465217 23.0959068299 23.0602123073 23.0119266994 72.9221683624 72.9221683624 44.4026617292 44.4026617292 23.1438992239 22.5585392509 23.1988071151 23.1390448539 22.5579066757 23.0397981016 22.8700101037 22.8932208011 22.6466065252 22.8973640057 22.7489756041 22.8102442133 23.0756903098 22.6655261111 22.697409501 23.1226904715 23.057424118 23.0520105013 23.0730746532 22.8246297616 22.5365953687 23.2060744119 23.1046948772 23.1026482581 22.7769305448 22.9817204424 23.0459024572 22.6152177343 22.7196744948 23.0097386841 22.7161648002 22.6046136682 23.0268258878 22.6054715888 23.1600587307 22.975545355 22.644477633 23.1138209897 22.9238386736 22.8938601501 22.7426491756 22.6329221352 23.1126087476
22.8706268853 22.8847929473 22.947906567 22.7308289693 22.5984590232 23.1545181723 22.6439568211 72.9221683624 72.9221683624 22.8082840318 22.6101677794 23.0236104833 23.1818499849 22.5029491948 22.7994916086 23.0279065209 22.9630068403 22.7642583158 22.7079345439 22.7128470829 23.0916310042 22.5641189629 22.5604701699 22.7926322329 22.5539235241 22.9793366938 22.7668295248 22.8226980559 22.7319829343 22.669841722 22.864169958 22.9120506928 22.5144087442 22.566983482 22.638059882 23.068522261 22.9659837511 22.6207443818 22.7379895883 22.7129430948 23.0965636644 22.8339641612 22.6122351433 22.5825648019 22.8814725555 23.04790627 22.9141843155 22.889022201 22.6588146713 22.8080234524 22.7196490384 22.861939117 22.8816246942
22.9083903645 23.1505762682 23.1719139163 22.9480291626 23.1888929656 22.9042861903 22.7124615454 22.7604624019 22.8559399794 22.631823121 22.8624601141 22.9249762846 23.2031585991 23.089277801 22.8775536596 23.1451709558 23.1478842515 22.7254572116 22.7608564024 23.1081007813 22.9622847893 23.0485652956 23.186451113 23.0549727157 22.558623018 22.6404386206 23.2058721102 22.6249769008 22.99213507 22.5425877371 23.067523217 22.7514202692 22.6968907385 22.5739924804 22.8417030891 22.7450855257 22.6920134109 22.9783390958 23.1518982089 22.8716898159 22.645131257 22.5539702784 22.5835011803 22.6301515358 23.179446278 22.8131166258 22.6641832753 22.5115985413 23.0560220735 23.123524223 23.0258706797 22.9382500426 22.5160104355
22.5582426196 23.1866048358 23.0091766798 22.9185794191 22.8218751306 22.5419855735 22.797699904 22.98705387 22.5738689848 23.080787316 22.6147454036 23.0261106219 23.0635504827 22.8126687495 23.1153289079 23.1357471627 22.6978905799 23.0324316464 23.1912806829 22.7009861089 22.9092180192 22.8732459322 22.5238671479 22.5106328451 23.0776710835 22.7695379478 23.1035724415 23.2032216015 23.1198389869 23.1230299874 22.9696758518 22.7992785169 22.8879487657 22.9695225285 22.8346208769 22.7136631266 23.0073065535 22.7800968177 23.0424454447 22.7942291522 22.8247049218 22.5929763661 23.1851140446 22.733675922 23.0390415951 22.5823050811 22.7475688105 22.713071502 23.0486319794 22.5945004109 22.9650347139 22.52749831 23.1495824711
23.0897081109 22.6226680327 22.6233980909 22.9819764742 23.0287875185 22.7495036883 22.6802290203 23.1366982834 22.8574788414 22.9094905218 22.8022725584 23.1936080748 22.8709205557 22.7620654431 22.5709355506 23.1621976061 22.7708117517 22.6427823852 22.9870868049 23.1092945712 22.8504773987 22.9588903323 23.0817877341 23.1170569048 23.048055412 22.6897275156 22.8688016529 23.0725132802 23.1676154766 22.792821834 22.555950089 22.6481177575 22.9591105375 22.8570827191 22.9300680815 22.8358154265 23.0593039074 23.2064806928 23.195318704 23.0542003553 22.7720557828 22.9733215898 23.1426912966 23.0929491124 22.524527636 22.69757573 23.137011699 23.0035453187 22.5565242434 22.5896864163 22.8461212741 23.051797458 22.9425760622
22.8664821718 22.9527394652 23.1957325057 22.6807898505 22.5292564604 23.1656511815 22.95499576 22.8683163828 22.7426977235 22.7734011931 22.7526880304 22.8474859537 23.0776295174 22.7758026931 22.7521870782 22.9494419143 22.9666087051 22.5751421722 22.5277333015 22.6103749039 22.8958319173 23.0000182103 22.9548402357 22.9184086552 22.8567355658 23.1629645914 22.600384071 23.0871657003 22.6861611913 22.8489740795 22.7392060096 22.703552973 22.8661600096 23.0680750356 22.9155521252 23.2044893134 22.7564251516 22.5218356315 22.5118360499 23.192196781 22.839974308 23.1587507591 23.0709398413 22.8488553441 22.7113861763 23.0750024601 23.1943310139 22.6012780029 22.9541544176 22.591493849 22.6760343819 23.1977047898 22.9073963371
23.1347628594 23.1567863939 22.616303844 22.681045316 22.6089155944 22.7129013428 22.5040637337 22.7818081609 22.723449647 22.5602005803 22.725077132 22.9189307976 23.1780119962 23.0030670688 22.6513242419 22.7729382372 23.1255781273 22.8755715401 22.73073289 23.0347485905 22.7887809864 23.1081157166 22.5995895343 22.5498453374 22.7200716361 22.6122578368 23.1407734697 22.6553904366 22.9936104284 22.5187536597 22.5263175158 22.9275331062 22.9557733246 22.8774652362 22.9103346926 22.672905647 23.0520015085 22.5837661727 22.8477436481 23.0429623337 22.8673086538 22.8571143945 22.8596449525 23.126844953 23.0138073035 22.8570227464 22.538497495 22.5302444146 22.7459543855 22.7964999434 22.6571096977 22.8691920928 22.9910186729
22.9594870423 22.5670147747 22.71611591 23.0701755098 23.011218022 22.783736491 22.7213169828 23.0323379357 23.1036330295 22.9506088175 22.7161251136 23.1434685162 23.1653868608 22.5154975559 22.51125875 23.0409243286 23.0262673987 22.9033410625 22.6451463713 23.0803704224 22.6263209893 23.114470183 22.636223343 22.8439158986 23.0597518651 23.0494003857 22.8290670337 22.8984292343 22.766657465 22.6698726935 22.6580195855 22.8828896581 22.5810984692 22.8581441318 23.1685436867 22.8544838188 23.0732815938 23.0254783601 22.828248882 22.7997640786 23.0789971342 22.7723222785 23.0559178477 22.6426107544 23.0138548059 23.1370645918 22.6512740036 22.709104402 23.1345709426 22.7051569619 22.8873162493 23.0293681857 22.620141606
22.7434756673 22.5589127967 23.069890782 22.8318769966 22.7060983053 23.1227488526 22.871443618 23.2029676445 22.5321227054 22.5802475409 23.1046381904 22.5855962258 22.6283001645 23.1465049258 22.9289135401 22.8685057038 22.8536308937 22.6961868422 22.6619551885 22.5799821405 22.7724339298 22.7720715765 23.0881799161 22.5785843672 22.9207344544 22.9241110742 23.1611436275 22.9337458683 22.7716852694 22.9010323124 22.9833554244 22.5870748966 22.9882714606 22.9106202808 22.8304315857 23.187175457 22.7892007988 22.9914157798 22.6446553721 23.0446042424 22.5961096401 23.1589615439 22.5332300429 23.1258990501 23.004750686 22.906826759 23.1537718422 23.1428280322 22.6369296571 22.5123323883 22.673892319 23.1367125754 22.7130425361
23.201431937 22.8860973718 23.1504991182 22.5424298032 22.8763712072 40.2986517165 40.2986517165 22.6344960682 22.5994192224 22.5045639994 23.1370755488 22.5438440914 22.9129060976 23.1465652239 22.9653553492 23.1524916647 22.9170568617 22.8355885323 23.1588533207 23.0445027413 22.7152158052 22.6379623955 22.8767736148 22.5627562839 22.5097813383 23.0390613278 22.76124707 22.6381826497 23.1845289447 22.7774704748 22.6158557248 22.8203629449 22.9348451001 22.9799633753 22.8136927803 22.9042429444 23.0010098038 23.1621788589 22.5629613883 22.6278726036 23.1241469083 22.524118691 22.5367317154 23.0905369847 22.6893338666 22.855765469 22.8297916989 22.7049029572 22.6763959048 23.1434164426 23.0546206012 23.0871478399 22.5624314481
23.1177725161 22.9817316948 22.6778109635 22.5572024787 40.2986517165 40.2986517165 64.2576506891 22.8816861898 22.9704225844 22.9368736474 23.0049305663 22.9574336426 23.047127734 22.7308154186 22.999723256 22.8056715896 22.5497665499 39.7326701627 39.7326701627 39.7326701627 22.6624291879 22.5009767226 22.7636096309 22.8135095613 22.7111041479 22.6559315466 22.7731740093 22.8043280052 22.567013355 22.7083794952 22.6976209442 22.8625982849 22.9524218564 23.1925049986 22.9133869856 22.9209401767 22.5392695825 23.0244031474 22.8946837042 22.5779241341 22.5435758355 22.8855873804 22.9691916399 22.5495021577 22.5485777831 22.946582304 22.5691752866 23.1850048227 22.6293586812 22.8611670997 22.9775141173 22.7030752049 22.8571587844
23.0125812626 22.9644876317 22.8372911426 22.7943143268 64.2576506891 40.2986517165 22.5743960957 23.0045815269 22.7340827565 23.0974376508 22.5694734507 23.1873645767 23.1314365144 22.8179939462 23.1406737252 23.1018677249 22.8811732772 22.8922925076 39.7326701627 23.1929995965 22.8626677353 22.6308308696 22.5902383445 22.6635943405 23.1304310256 22.8521840199 23.2045380739 22.7957884215 22.5036842169 22.5640124369 23.0532496762 23.046064902 22.6493967975 22.6500521066 22.5814995751 22.6511657439 22.9293316091 22.670422929 23.0451380097 22.5962734865 23.0780401731 22.9600138557 22.896761407 23.1625051067 22.5222941005 22.5069008544 23.0119329442 22.715967836 23.1884731268 22.7813657556 22.6998985245 22.765385866 23.1251822818
22.6929317203 22.8443268324 22.5739181519 22.5495038684 23.0444274213 22.8580842183 53.5836508359 22.9733574952 22.8606993981 22.8393941839 23.202491868 23.1159480711 22.6633992649 22.9137226129 22.7529211384 23.0336090485 23.1588198146 23.2042010337 23.0596181467 22.5210053616 23.1066586235 22.5099362767 22.9318133776 22.9067406557 22.6198189477 23.0654073577 23.1073844717 23.2052740764 22.507076044 23.0811296637 22.583502419 23.0158817387 22.9359244671 23.0074519972 22.6734784967 22.932477972 23.100744452 22.5837981802 23.1001662895 22.5116580925 23.1537470559 22.5387530043 22.6909538161 23.1703571789 22.6771820251 22.9063821436 22.583063238 22.8310698047 22.6479351257 22.5125385653 22.8585415923 22.5010016285 22.7402103193
22.6327009351 23.1429049112 23.1934480749 22.5517044483 22.5562935406 44.1751291906 44.1751291906 44.1751291906 22.8733597448 22.8377243751 22.8736799653 22.5886509842 23.0928564203 22.8512841228 22.9528298289 22.7727430672 49.0539540402 49.0539540402 22.9111896712 22.579614897 22.872471901 23.1911124822 22.5885233302 22.6423591352 23.1455286158 22.5606327554 22.6241805192 22.8259444781 23.1294401251 23.086439309 22.5268732765 22.7370759375 22.8280295137 22.7242128188 23.1427895035 23.0650447036 22.9979341264 22.8979870175 22.9477185754 22.5520609866 22.9919981102 23.1854517825 22.5181017765 23.0514420692 22.6084596159 22.5923064926 22.5189393169 23.020445711 23.1531271771 22.5751116831 22.6678348708 22.6429503016 23.1886942893
22.6505500179 22.6189365056 22.6919525065 22.9967021303 22.5736172261 22.8048041492 44.1751291906 22.6258572285 23.1118873857 23.1613440548 22.8394440552 22.5776657138 22.6101556021 22.5191231918 22.6365016811 49.0539540402 49.0539540402 49.0539540402 22.8062240666 23.183721862 22.7831491691 22.6973516889 22.6177421227 22.686261542 23.0448174687 22.7183072378 22.7593477033 23.1190653026 23.1113698484 23.0446482774 22.989263902 22.963713591 22.611228216 22.9935654161 23.035537776 22.7662103417 22.6900531233 22.6512312665 22.6810307598 22.5368582347 22.7934049106 23.0617094401 22.6149458466 22.6437827177 22.7268288424 22.761459305 22.9541240618 22.5708414646 22.5799759457 23.1025895258 22.7364464765 23.0078114882 23.1622897236
22.6100793517 22.9161000251 22.9050224284 22.6906835509 22.9613134712 22.7677762635 22.8158927455 22.6786527976 56.5654837379 23.16855569 22.8622282187 23.1397913472 22.7543996453 23.1474930647 22.5115292336 22.6245882254 23.0353800355 23.143090663 22.5118544976 22.9970500105 23.1151373096 22.9646549921 22.5226678578 23.1073209156 22.9453083861 22.717880768 22.6657542492 22.543935414 23.0648411714 23.1185791258 22.8314572806 22.7933550092 22.7057322741 22.6724448843 22.6567928619 23.0262072076 22.5655366202 22.6426077885 22.8877990045 22.6662490594 22.504382853 22.6457574753 22.5659204045 23.0920556684 22.6584460079 23.1257437928 22.5130424156 22.5166030307 22.710745907 23.0766357728 23.0117971252 22.6168493041 22.8650215251
22.7998906743 22.8040120065 22.6417313686 22.7453618323 22.78334574 23.1871107257 36.0473466303 22.7430571606 23.0908843861 22.8305748838 22.5025560654 22.8442582578 22.6109109416 22.6699359181 23.1412335137 23.1535875914 22.6365853114 23.1278011443 22.770799822 22.7330109192 22.5134605803 23.0289553969 22.5038693651 22.7174916657 22.9998808027 22.5327717173 22.6540036966 22.7356713787 23.0800045026 22.8181635674 22.7375195209 22.6197277097 22.6452267439 22.8082637373 23.0833970738 22.9195086042 22.735305753 23.0495203738 22.9160300648 22.9584829539 22.8374381643 23.0958660534 22.7040198014 22.9912707255 22.7516725515 22.9068475679 22.598792262 22.9987893231 22.83793278 23.0886141223 22.5188470476 22.8834839847 22.8045602754
22.644301206 23.1803370859 22.9195445927 23.0461256808 23.0771650081 36.0473466303 22.5450433773 23.0484719138 23.1603424865 23.0517686624 23.0919934133 22.8585538088 22.8810961812 22.6614419425 22.5970680822 23.2041931339 22.7353606413 22.9535296786 22.7641568228 22.9337376003 22.8909078471 22.839128876 23.0534598173 22.7350270573 22.9769046349 22.8529794055 23.0882668351 22.9976519512 23.0091689733 22.7873364991 22.5287330474 23.1786159715 22.659837799 22.8352574852 22.9368925717 23.0376598631 22.9830278665 22.7001871835 23.1567730391 22.9450508885 22.5156399457 22.9902392221 22.8533304599 22.7229802225 22.6516852606 22.8179008822 22.7631832867 22.7648547332 22.9965785813 22.7684276791 23.1302961504 23.0129597193 22.9006793056
22.9226658091 55.2334246212 23.1994569461 23.1401375358 44.2511391959 22.5117590772 23.1189596162 22.8836898124 22.7987385927 22.9164688966 23.0128423076 22.8403900324 22.8531667874 22.9813643056 22.6689386158 22.7401686667 22.5226996732 22.9816265014 22.6486572293 23.1393052259 22.6231933727 22.715112325 22.739907179 22.709091031 23.1478187131 22.5449853501 22.5495336926 22.865714122 22.5752401134 22.6300122674 22.9794463707 22.7101950444 22.9905499658 22.8976795057 23.0099178312 22.9086025309 22.8184334931 22.586070553 23.1128826359 22.9498415824 23.0638114097 22.9605135324 23.1415480942 23.197027082 22.8841057128 22.8358489282 22.9803759911 23.0014124792 22.8491640641 22.9519211717 22.9091226796 23.0013198188 23.1887746984
55.2334246212 55.2334246212 53.2276702216 44.2511391959 44.2511391959 44.2511391959 22.5639895029 22.5427394432 22.9421570819 22.7162192989 22.9581798782 23.0696101164 23.1559782071 22.8063408194 22.9291186167 22.9200698676 22.7381458069 22.9718637164 23.168447507 22.511655849 22.7393609799 23.1451222108 23.109243534 22.8574616755 23.1289643966 22.9208613367 23.0217115744 22.5552322808 23.131628973 23.070695911 22.6960777309 22.5544671663 22.7604109923 23.0965160548 22.9798577711 22.6880207855 22.6098460443 22.9312786862 23.0224980499 22.5609363028 22.7855679145 22.5301952033 22.632683809 22.8882716045 22.5297359524 22.9044061861 23.1965517629 22.963776697 22.9584195573 22.9623061715 22.5586694316 22.9237771462 22.6186105679
22.7995918383 55.2334246212 53.2276702216 23.1904593802 44.2511391959 44.2511391959 23.189380866 22.6744905911 23.1368004907 22.5023315679 22.6520408111 22.9861791449 22.9356506868 22.931470605 23.1313663275 22.7069422723 22.9989395695 22.9411928028 22.7591756083 22.7013007934 22.5732731752 22.7770436532 22.8922872534 23.0684578232 22.5454461871 22.5132696011 23.1412916454 22.5696213305 22.6238907662 22.5567663804 22.562483491 23.191290622 22.7977941235 22.6044726548 22.900798301 22.6491010769 22.7299545179 22.6359547256 22.9262036641 22.6443264214 22.683071206 22.7154582808 22.7576055088 22.9840769184 22.7702997455 22.9356480578 22.5629657295 22.6086852939 23.0668530155 22.5754026576 22.5935841051 22.9490289615 22.5930290781
57.9678602456 23.1000421447 22.5922904598 22.8631466203 22.6868424468 22.7146642765 22.5616793597 23.0508768378 22.9591814119 22.9886743659 22.7569784642 22.6783429856 22.7113515349 22.8390784315 22.8056418878 22.6769542972 22.5528397823 22.573315715 23.0199599268 23.006309474 22.618410111 22.6799030467 23.0220618075 22.5601079368 22.6574275095 22.9440731502 22.8018555304 22.8757530873 23.0096754976 22.8328531464 22.9428020851 23.0965407444 23.0406862869 22.7374067488 22.7945948149 22.9870107076 22.6448236231 22.5975263337 22.5657833548 22.6324988905 22.7106035879 22.7871255387 22.7918499165 22.9473861822 23.0873331095 22.6973112176 22.7192392744 22.6540684498 23.0068134757 22.8254103321 23.1313276329 23.0279063791 22.9231614527
