Spatial_Output/BAU/BAU_0736.asc
NCOLS 155
NROWS 192
XLLCORNER 196307.867259
YLLCORNER 449144.565805
CELLSIZE 33.573938
NODATA_VALUE NaN
[rows 25 to 49 of 192, columns 0 to 56 of 155]
0 0 0 0 0 0 0 0 0 0 0 0 0 0 0 0 0 45.4552721243 61.7286848938 52.4656277188 19.2869544418 26.7076413022 18.2474277458 18.2474277458 47.303344033 66.238320554 66.238320554 66.238320554 23.0176317611 26.7189463955 24.3916312263 25.7180994156 23.2236006672 24.7137525219 23.1515009832 25.2881949607 24.7257772191 23.4572305895 23.9699374452 25.3091676158 23.4651938885 25.6692279229 23.5963293008 23.9001383055 25.3295372168 24.6260545251 25.7766530186 23.7727409542 23.2549912908 25.6234353759 25.3395479138 24.7051538501 23.5288679244 26.6086608578 25.1866389714 25.9928132121 26.5206182433
0 0 0 0 0 0 0 0 0 0 0 0 0 0 0 0 0 0 0 0 0 24.995470607 25.286595203 26.4742582086 56.2861172285 66.238320554 52.0346853569 52.0346853569 52.0346853569 61.0741139562 25.8264819752 23.971277421 24.5569777685 27.2421003104 25.0820949475 24.5038069505 26.2281325689 23.5863762069 26.143844817 26.3998744556 23.2038232189 24.4981750371 24.4560656751 24.639757683 25.2055246866 26.6504736241 23.6872988734 26.2414852342 24.8992596774 24.0442286262 23.0935832284 24.4119546833 23.2082862369 23.0543447902 25.8166832372 25.6543066955 24.2589466456
0 0 0 0 0 0 0 0 0 0 0 0 0 0 0 0 0 52.5506271383 52.5506271383 26.5271474629 25.9202981591 24.8241969378 25.180017055 23.539732606 24.3584440225 66.238320554 52.0346853569 52.0346853569 27.0089043736 52.6984708676 24.1303467846 23.024497163 25.8396882844 25.7957027382 26.3988661345 26.4443072961 26.1990964611 23.6183443167 27.0655597639 25.8401234322 23.9264572129 26.8781688151 23.0250397961 24.7502636916 26.4777650464 23.0416138273 24.329929495 23.6933770541 25.8402019718 26.186843156 26.7133992208 24.0279094329 25.6417236934 26.403453291 24.0526295215 24.337316635 27.0598788695
0 0 0 0 0 0 0 0 0 0 0 0 0 0 0 0 0 52.5506271383 24.8793011999 25.243088092 23.257988002 26.4492058912 25.6290141791 25.8081044426 26.9484002287 25.3306647954 45.6475709731 52.0135663943 50.9400217568 50.2118982178 50.2118982178 42.044053851 25.3074068381 25.5086034324 26.8632821748 26.5932936439 24.1266620686 26.3139470645 23.9096605047 26.5477149623 25.4832457739 27.2091128854 25.7082185646 27.1372821585 24.5540074945 23.6313738242 23.1654501878 27.1788273079 25.2034865199 26.95052207 27.2328456221 23.9937395136 26.387677905 25.0281417072 24.1088150927 26.7107796076 25.5839916433
0 0 0 0 0 0 0 0 0 0 0 0 0 0 0 0 0 25.7045675369 26.4346801411 34.4536504896 43.3783980985 37.2715072395 24.6143872733 26.9102806635 25.5157897674 23.0408559813 25.7886706863 26.4515455117 52.6984708676 50.2118982178 50.2118982178 42.044053851 46.9160944827 25.6645968889 23.094809236 26.3408840784 26.8565010845 23.9837937257 23.7674825825 27.0940819654 26.1394752105 23.098362623 25.8126300171 25.5108629102 25.675200786 23.4754113757 24.5383711253 25.9121942262 26.5389518885 25.5059415673 25.0223169741 24.7863891553 24.4572857461 25.1299396173 23.430289123 25.1604628442 23.4851000704
0 0 0 0 0 0 0 0 0 0 0 0 0 0 0 0 26.3544328237 26.7120461584 24.0533812558 45.9581958051 41.5489524521 48.0561582217 24.9596879638 25.8543370044 24.2074321862 26.6667018296 26.8553111915 24.0088763257 23.8377876301 44.8175448891 42.044053851 81.0676242141 81.0676242141 38.0229199981 24.6151717617 26.1321873137 25.8844158003 27.1429068843 26.2003523728 24.89601986 24.5060572821 25.9652999834 23.3652277464 24.7130954935 26.4152530665 24.7101770457 25.0318652979 23.6293740125 23.3624857202 24.1809548788 26.9597236493 24.2246334416 26.2391205153 25.8190467111 24.8482143249 26.5567857455 23.5380727101
0 0 0 0 0 0 0 0 0 0 0 0 0 0 0 24.7121024912 26.4663715349 25.6740679852 25.6172746402 35.3754725878 36.2225717029 44.0685621849 47.6772543512 25.695713853 26.4074852897 25.2474161194 26.6396599435 24.4253017249 24.979694975 23.5397327587 46.9160944827 81.0676242141 81.0676242141 26.1047716627 23.2786960947 23.0816212468 27.037092133 23.7946478201 23.1964638351 25.0407130346 25.7530710258 24.6621123703 24.7634828164 25.6396035163 26.7877673578 27.1127490882 23.0303146159 25.1199111635 27.0102317643 23.9211031499 26.3123843217 25.3466679401 26.491057375 26.9863162898 24.3100064744 25.2524181231 25.6246455675
0 0 0 0 0 0 0 0 0 0 0 0 0 0 0 25.5069600655 24.7942592972 24.8225778636 24.3145405788 45.2966309936 46.4065164843 37.7488366117 34.0683034641 56.5243158261 26.7440750083 23.7603103082 24.3913549829 26.2937661703 25.8748394365 26.1046465387 26.0892422012 60.6834546501 61.7028944576 61.7028944576 45.8147319334 59.6547968664 59.6547968664 24.8236796423 26.7315499033 24.6802786709 26.453901983 23.3209675976 25.032604851 26.2995539568 26.0307865661 26.3362883444 24.8315361524 26.4709819326 24.0055833461 23.0851048756 24.2035689696 23.5487172532 26.9407248878 24.2625828653 24.0953907434 26.019357231 23.8700081422
0 0 0 0 0 0 0 0 0 0 0 0 0 0 0 26.0822330646 26.8807677241 27.158082134 26.3765562647 25.5065593046 45.2971931203 46.8276646219 45.0746305741 56.5243158261 66.231233241 23.933498883 26.9635170669 25.8528406395 26.8228406807 26.1428812156 24.4977293938 26.2494868311 24.011719438 25.1751750027 59.6547968664 59.6547968664 41.2909056078 43.9681239749 23.5867519564 26.504617856 25.548125802 23.2077252872 23.6816116364 25.8224476329 24.1298056929 26.6646331483 25.5371786834 26.3230860664 24.435531346 26.3375647095 26.4568733011 23.3550882686 26.3192490746 26.5717850472 26.9551793887 26.7228996419 24.5713802525
0 0 0 0 0 0 0 0 0 0 0 0 0 0 0 26.7752629294 26.5278574661 27.027031988 25.3423935614 24.8357057761 26.9009661599 56.5243158261 56.5243158261 52.3465311101 66.231233241 48.010267594 56.0053759525 56.0053759525 23.8187641797 24.3861989364 23.2598527546 24.7299359237 27.0420993448 23.5515046344 59.6547968664 59.6547968664 41.2909056078 65.7292791884 26.465049903 26.9407740936 24.8153892932 26.846174422 27.1540517664 25.5478151053 23.0945980918 26.4531296833 26.8036890875 26.8359498215 25.6646392605 23.292594307 24.9639544362 26.5074013366 26.4456891758 25.3357642834 25.0793404504 25.3483154301 24.7295961973
0 0 0 0 0 0 0 0 0 0 0 0 0 0 0 25.7917730829 23.692867056 26.4536620771 25.9948553292 25.9710078933 25.0667467868 25.3074708827 52.3465311101 66.231233241 66.231233241 66.231233241 23.0463724376 56.0053759525 26.6970054097 25.7984934018 24.9391417302 24.5884787619 26.4603273198 24.5881574345 24.4161892306 41.2909056078 65.7292791884 65.7292791884 24.8388673725 24.1578378171 24.0155400376 26.3644208022 24.88302488 25.2123145292 25.7928708822 25.3683183424 26.0310861675 25.3339667672 24.5831647372 23.1936483888 27.218620695 25.5243351476 26.152840032 25.6604076144 24.2421671515 25.4677372542 23.1343799005
0 0 0 0 0 0 0 0 0 0 0 0 0 0 25.6963590799 25.4069768228 24.6590941837 27.0212386771 24.093529911 23.4788304994 24.9340355788 26.3091200346 23.9648531933 25.9908567809 24.3045518086 25.2791921304 56.0053759525 56.0053759525 23.6485346566 23.0350626171 24.3052927168 24.9981709031 25.6196214272 25.66038532 26.5610535603 50.766598493 41.756325447 41.756325447 24.1170607761 25.5416495722 24.5783102336 23.1186042717 23.3753852794 23.4449480469 23.7815043573 24.1415672944 26.5536684066 25.0240608029 24.926891989 25.4938952181 27.1141655864 25.8194425658 26.5475756891 26.6527422619 25.4215080823 26.3108822034 26.4913434477
0 0 0 0 0 0 0 0 0 0 0 0 0 0 23.4798424371 26.5445697783 27.2227843305 25.2766571074 25.8344561467 25.1076317471 26.5600766309 23.673483634 24.04482553 25.0009246011 24.170581397 24.8720057231 23.8230605085 23.4104594525 24.8932372337 23.9366597075 25.1185315005 23.9140071896 24.1975820648 23.3825809148 23.1659673944 41.756325447 41.756325447 41.756325447 23.0083867657 23.1580212885 23.2520617393 24.5740098075 23.4897600106 25.2199109861 23.1140430143 26.6869653795 24.6770081631 25.463215815 25.0403774955 23.1840541631 25.1715370773 23.7328760473 24.3297368198 26.4754896589 27.0553847253 24.1095816688 25.9944533763
0 0 0 0 0 0 0 0 0 0 0 0 0 26.9435213986 25.140470817 24.5867073445 23.6609415686 25.4550162713 25.4685257674 27.1333082223 23.8859704514 25.6152216537 24.9008805828 25.0908389065 25.412009674 23.5211038587 25.6989162981 24.876489576 25.5625956015 24.7986390476 23.5876142252 23.8671997692 23.152380195 25.6557207401 25.5055707145 25.8606850856 68.6923117785 68.6923117785 68.6923117785 23.0706839419 23.6339411837 26.884730813 25.7062116391 25.9922257639 24.9193588127 24.4575287114 25.9693786074 26.6062185227 24.8581099478 25.0304428898 24.6145872108 23.0458352347 26.9562334112 25.420081921 23.8139505829 24.3417504148 24.9493912274
0 0 0 0 0 0 0 0 0 0 0 0 25.0634842373 26.6054149274 25.9542870842 25.2922130219 26.3666059345 25.8544862435 25.3265446654 24.8898541129 23.8836961071 24.7748080973 23.06950792 23.4859126187 24.6718556249 24.7970533419 24.1758044581 24.1096046317 47.0334472473 46.2245344627 44.6389258189 26.3978359912 23.0689172989 26.8555529046 25.2487574717 63.4397569321 68.6923117785 68.6923117785 44.8921125546 26.7601058007 23.2639197506 25.3177046058 23.0638554027 26.2072609675 27.1148391426 24.53046601 26.6668964503 25.6991948032 24.5100694997 23.7653236806 23.8084615105 23.002046592 26.8874243317 23.8660320691 25.4721362823 23.9256190395 23.2043905714
0 0 0 0 0 0 0 0 0 0 0 25.896245082 23.5379268934 24.4933696009 23.2313366751 26.0220110198 26.0583655816 24.2105478222 24.1774592269 26.2062116193 23.2309195737 24.8787422091 23.4318835139 26.7212123394 23.2144374317 26.600574201 26.2334420157 26.1471403241 40.3925911645 38.8730787343 40.01628845 23.1721797357 25.6904328476 24.7552729129 23.9292417971 23.3945829961 27.1487562452 51.4637594442 52.933299826 52.933299826 23.441277101 23.9998438323 23.1977508581 24.3446769297 25.9519910563 26.4094555402 26.2693464368 23.8586869578 23.6827277961 24.4290016496 23.0593961972 24.9011348474 26.3760121305 23.0827082515 25.0678638612 24.4669662253 26.7408750418
0 0 0 0 0 0 0 0 0 0 23.0840954711 25.0924664579 23.3438252116 25.2389116415 25.2846292773 25.3361603413 25.2749329098 25.0649211555 25.2119940689 23.3814664958 26.546304761 25.1508747106 25.7577707111 26.4437774373 26.0319321045 23.1943041922 24.1967682162 25.0601902739 37.0933544165 46.3482670247 38.4689469707 60.2837401872 25.7785888875 27.220442721 23.3152038492 27.0837796459 23.9690405248 26.6031818205 56.0910401168 51.6913171926 56.0910401168 23.3840392762 27.0897488304 25.4036051672 26.3062086051 24.5096964422 24.8050828176 26.536504644 26.7328821806 25.1315642146 24.2496846047 25.2104331373 26.447976802 23.9784315373 26.890637486 24.9999355364 27.0706989908
0 0 0 0 0 0 0 0 0 0 26.501032114 26.1202543735 25.8634110627 23.8172455001 23.8187547279 23.5390606001 26.9239405465 24.3258605724 25.8201993471 25.2068763199 23.8199965029 26.1997087085 27.2417298549 26.141922251 26.6671053202 26.9794012937 24.308974691 25.5744124173 46.6568432187 38.6224045045 45.4181547127 39.9841046512 23.4175595418 25.0393188608 24.4186574791 26.7173575208 23.3436985116 25.5877637221 51.6913171926 51.6913171926 51.6913171926 24.546733102 23.6657797293 23.8578137919 23.9825148324 24.1423645067 23.1293628684 25.3448917708 23.710126616 25.1522631737 26.0383332471 24.9361326168 24.7729962597 26.0938995531 25.3441142547 26.062389659 25.1672354876
0 0 0 0 0 0 0 0 25.8683439719 26.7229313292 23.8939056458 26.4714121246 23.2472035377 27.1139517063 25.6993059009 25.0766772865 26.3654603653 27.2288837199 24.2123324817 23.8987224912 25.2027001281 26.0417171891 26.927144416 23.6141703842 24.9694354398 26.0246630451 26.1156785004 26.0603191645 25.9447746123 52.0564757391 39.9841046512 58.1075191583 25.9561373701 25.7967584692 23.2153239356 23.1536132283 23.941825079 74.3560431588 74.3560431588 51.6913171926 26.0615304925 24.3047175378 24.8208325134 26.0741949399 26.4919624075 23.0328314414 26.2382318355 25.4789932935 26.3456129469 24.7767664835 26.7117458423 24.8993862511 26.2175110149 23.4467732733 23.2852961906 24.4734953739 25.0951552388
0 0 0 0 0 24.3779215574 23.7592896639 23.4748997479 24.2856588205 23.9952689697 25.116063105 26.2814625201 23.7489253259 26.0951910725 27.2227378332 26.3458579076 25.5224537083 25.4450284868 24.003427807 24.2280466086 24.7745753809 24.1813934428 24.6266692971 26.0285748211 25.2680972174 24.6293246735 26.7043444359 23.8953143986 24.7848868775 55.1984338342 64.6247674916 64.6247674916 25.6214552492 26.0121534073 26.7669257096 25.5149762787 49.0604951581 49.0604951581 48.6154129318 74.3560431588 25.0781530153 25.0919858419 23.7191450647 23.9734407139 23.8959835295 26.4306723713 25.8199791946 23.3012079263 23.4712127117 24.5958536539 24.4405686194 23.1773602958 24.9665890612 24.5452286102 26.5841759639 24.1665769693 26.5494040486
0 0 25.9706240575 24.5389671716 24.2256581991 26.0771877244 25.2173405179 27.0985748809 25.8244065627 25.2299965375 23.6937106064 24.1423675835 27.1099237678 24.0276300942 26.5781711988 24.8928876394 25.7853359403 27.1146451346 24.3875064366 26.8273157735 25.470695429 23.6356000189 25.2242538435 23.8456296594 23.0259485988 25.5369113881 26.268274945 24.9831446077 24.2737324376 64.6247674916 64.6247674916 64.6247674916 57.6177047409 26.5100893902 23.0173400518 65.3860245463 48.6154129318 48.6154129318 48.6154129318 67.4046496109 25.6142022954 24.3593562558 26.2246573494 24.6023519192 25.7606954476 24.4504187941 26.2622542497 25.358351209 24.4687541775 26.6688100141 23.1190040844 26.7104319099 23.0648034166 23.4308999032 25.5539894218 26.5358951151 24.5542033509
0 24.2897213574 25.7486271568 25.1190544922 26.5540293952 23.0863264864 24.0731311691 24.3309779988 23.0372060595 27.1815027897 25.101652709 24.3598807002 25.9342588056 24.5685441461 25.4474784952 25.0375405337 24.0837029341 27.083760483 25.3553613636 24.0530543822 25.6576526422 25.3641202387 24.9747950946 23.0188227144 24.7504014636 24.6685243319 26.8614084526 23.9302597124 23.4645070605 24.4143974181 42.0067646865 64.6247674916 42.0067646865 25.2131704207 24.1517744126 49.9275046035 49.9275046035 49.0604951581 48.6154129318 48.6154129318 24.4191950271 25.7886984492 24.6300804002 24.954296718 23.9258574728 24.3945758389 26.5367943634 23.4264299811 25.6553653111 26.1306879842 25.4240344741 24.8210823599 27.2248274252 23.2470723648 25.7327206008 26.0624010677 26.0107229483
26.2750065711 25.6875873851 26.7537688578 24.7839008216 23.6604686129 23.7613978029 25.11245043 27.1984478288 26.1849485549 26.8274940483 24.042076731 23.2637209549 23.3748596582 24.2310561742 23.1152988309 23.2786790464 24.7694325838 23.134452314 25.5228914321 24.0340108395 24.0382714822 26.8302278838 26.5730852722 26.1925891612 24.0665742143 24.39384722 26.2837358687 23.4218808243 23.5070341168 60.5883849131 55.8339492303 55.8339492303 55.0745592371 24.2313343183 46.9006262863 49.9275046035 49.9275046035 49.9275046035 45.0427147348 45.0427147348 54.4520516203 24.7499600165 27.1888022067 24.1005376741 24.7853260902 24.0351648959 26.6391041166 23.7222728103 26.2140888504 23.302774398 23.3894655997 26.7093273621 26.598812767 23.6777471089 25.5406116328 24.8265027287 25.3106843219
26.288771772 23.6870151453 26.4516819576 25.7142513316 23.0231192824 25.6982764615 24.7574713914 26.8081189974 25.9296787886 23.3968081579 23.2835892049 26.7717678351 26.9592400192 23.0749243781 24.662128133 26.5240744371 24.6185722575 27.0804258892 24.8816851276 25.5430372642 24.8402307751 24.9372743301 27.1886495362 27.2253429165 26.6627979163 23.8679874762 25.7153690013 24.9010494814 26.8918009866 60.5883849131 55.8339492303 55.8339492303 55.0745592371 46.9006262863 46.9006262863 60.9002538777 52.7736156174 26.4208730974 50.5837203678 50.5837203678 50.5837203678 23.5786722018 25.3592707833 25.0175407041 24.1620881628 25.4625301225 27.0881819027 23.6175130323 23.639218508 25.9936710084 25.9485364716 26.2110090503 23.7652485123 24.5417677073 24.2288202208 23.613891202 25.1853399122
25.553878105 27.0259813785 25.5083369517 24.9304825985 23.3192532484 25.9178777729 25.6319031495 27.2242983425 25.4552360808 24.9542579211 26.0552137698 25.3821925592 25.8725520189 26.3608081603 25.906404903 23.0618221753 23.7569608204 25.8136057698 24.3543611414 24.7996881091 25.6612452147 23.8613161888 25.3566819362 26.7357900954 24.250116119 26.5263889508 26.5724207881 25.4676262939 24.8085645266 25.2430298503 55.2736857687 55.2736857687 55.2736857687 46.9006262863 46.9006262863 60.9002538777 60.9002538777 52.237811371 52.4924488349 50.5837203678 52.237811371 23.4523036778 25.7514155947 27.1590614905 26.25946136 26.6225496559 24.7671001208 23.0724491193 26.4066858716 25.0772612881 23.6828154005 23.6686699095 26.8356626996 23.5417532698 25.5010159381 26.7296113552 26.0763931062
