Spatial_Output/BAU/BAU_0679.asc
NCOLS 155
NROWS 192
XLLCORNER 196307.867259
YLLCORNER 449144.565805
CELLSIZE 33.573938
NODATA_VALUE NaN
[rows 25 to 49 of 192, columns 57 to 113 of 155]
25.3886656087 28.1150244104 28.7961658944 25.4247671619 72.9766599126 45.7633092814 77.5239829117 77.5239829117 46.7846426001 46.7846426001 46.7846426001 27.6283944063 27.1719047108 27.454372286 26.8139450858 29.0840312219 27.4764488726 26.9433872936 26.998104596 25.3021234308 25.2021693066 25.2170746755 27.8207073894 28.0635800485 0 0 0 0 0 0 0 0 0 0 0 0 0 0 0 0 25.3783142004 26.1297276755 28.6503829511 27.7381437412 25.0602860544 27.591001651 27.1968264127 25.0404756873 28.3206617602 25.5182193045 25.960931866 25.4140229371 26.5374476737 26.018629835 28.1656186918 28.0565413889 28.0525699906
26.4895713998 28.6688030318 26.1789385328 27.6664413946 28.7403460823 27.2777023436 28.6998895262 27.3306550364 46.7846426001 46.7846426001 46.7846426001 49.6147190138 28.0988979732 25.6949338244 26.7428730606 25.2999190344 27.9844396589 29.091173346 28.55728863 26.2079514748 27.7884304074 28.9365835554 27.1640162346 26.6198153748 27.1180433494 28.2577513831 0 0 0 0 0 27.7121048806 27.507717428 27.0192450775 27.6461421956 26.1902125684 0 0 0 0 28.6047163986 26.7190120469 27.8623458645 26.5844992569 25.2725279811 29.1755720498 25.1544310519 25.4471913573 26.428791459 28.4845402121 25.1200092047 25.4931493057 27.2455288908 25.416676566 25.0811306089 26.9808469353 29.0014374145
25.8789437653 26.3413484154 25.2150883051 25.2950911159 28.7136009296 28.9640494604 27.6149195948 25.5456447479 46.7846426001 49.6147190138 49.6147190138 56.2029166969 28.6891453057 28.8707727687 25.481565283 28.2957318907 27.238731465 27.3088682323 25.8985723565 27.7427716243 28.8652341377 27.6108774182 26.1446103867 27.0812825315 26.819915739 27.3426265344 26.2583099631 27.8106796855 26.8239370683 27.6697248297 27.8845850574 27.1748025194 28.4672389594 27.8360304977 25.2922968704 25.2556561837 25.0161126864 25.3521304615 0 27.652501318 27.8584746252 28.3432168977 28.0895346363 29.225143129 26.1029107159 28.4276432145 28.4644378898 25.3053398186 29.071378085 26.4655754781 28.6171382848 27.1653458045 28.8677423733 28.7990376479 27.4882975842 28.6503910432 26.8228714155
28.7503080742 29.0836851801 28.9043519224 28.5695491369 26.7151105526 25.8993752293 28.8596115968 28.4641424378 26.1859697057 56.2029166969 25.1206705157 56.9189111834 25.8458254014 26.5246680502 26.1942320012 26.3562260541 26.9059962317 28.2419162515 27.3533326928 27.7210176448 28.2719942585 28.5908661004 25.2738015354 27.8537147259 25.163545024 25.7555210852 26.9990268042 27.7095981039 29.0981197626 28.3455388673 26.4922040496 25.9105741143 25.324300309 28.0899204752 28.5932064526 27.7927869673 27.6295591391 27.5036470377 29.1803609268 27.5398815397 25.6633201395 25.1112966253 25.3955500573 25.2222499977 26.2471906247 28.0026955226 28.011212661 25.885126894 27.0727894276 26.9118151824 25.5604450345 25.0819542243 25.3161445169 27.1644403767 28.08683049 27.3098238574 28.4475062117
26.0788623303 26.9869177078 27.4261124315 27.4051358057 28.8495638282 25.6640970843 26.206533575 27.6637846977 27.9257435619 56.9189111834 26.5438134004 28.3152071828 26.5950975266 28.714908131 27.2503415105 27.5302332477 26.5991048952 27.2891336101 27.0880811921 26.7352813665 26.2124916548 25.050837617 26.1704095788 28.3454692648 26.0045916265 26.2035317702 26.114531607 28.3605001486 27.2369401073 28.5030575187 27.6806001399 27.9983559497 25.1485040551 25.8326475063 26.0779688823 29.230583691 28.9602589996 26.2334447997 27.8297532741 26.8197809342 26.2977871456 29.1270606299 27.8365087415 29.0273778263 27.5107283171 27.2920217713 28.0838466628 26.329937576 28.9516326969 26.5745479291 27.269667365 26.4929688944 25.0044741366 26.6233260629 26.3921489895 26.2085134413 28.3627475455
26.8187799943 26.289241088 27.6092671963 25.6687201927 25.3144386912 54.1094323312 54.1094323312 28.2254422401 26.1651900751 25.7516504416 47.7183980095 47.7183980095 47.7183980095 28.801492257 28.5343558148 27.7706341794 28.7003178797 28.7500171931 29.0828575083 25.8831819897 26.6652059412 27.6329208169 26.5611006799 25.6450946578 28.8198384079 28.4391431683 25.6075916935 28.8126914849 27.94607692 26.7847712933 28.8150048109 25.2339293007 29.0727019741 25.6149492405 27.4907680438 28.1217246349 28.679564095 25.0562305636 28.9462424651 28.0780508931 28.7018860179 28.0095425676 28.5237553248 28.5594208567 27.6264261905 28.8127094218 25.2475286857 28.5981344946 25.4209275613 27.3433814015 27.1180824597 29.2422106987 26.4599111089 28.4288227459 27.2242345237 26.2805764764 27.9552008648
27.7248289594 28.4644726301 25.3103867781 27.1774279087 54.1094323312 54.1094323312 54.1094323312 28.1411336696 25.7275651821 26.9112015568 47.7183980095 47.7183980095 25.5350049684 28.4731645779 25.5401142916 29.1687861831 28.142382169 25.6093901367 25.370429179 25.4977675667 26.9301335291 25.6986847378 28.097838862 27.2710219934 28.6092420393 28.8787589252 27.8438233068 28.2549288781 29.144820696 26.1674949474 29.2239203864 28.8783222109 26.9317776885 29.122379821 27.8899747119 27.4262993377 26.2512262923 28.5215323059 26.9464251517 25.1082395222 27.7088075043 29.0122273942 27.653377111 29.0478095093 25.4976212044 28.8795569923 28.3952941842 29.1051912071 28.32672809 25.9193554158 27.650142457 25.7651655619 26.0315831974 27.0176169649 26.3757672635 27.6977226753 28.8003997911
26.6062111876 27.862229911 27.1425812716 28.9277072722 25.2972827122 25.0314152574 28.1120284724 28.9361079343 25.7616948116 26.4200533591 25.6529948118 27.0754141049 26.4643106251 29.1753414738 25.890673616 25.7354582802 28.5062540906 27.8841664407 29.0965840842 27.4521658072 28.9927471946 25.1215124049 28.1543114524 27.6409468319 26.533007296 28.6524473799 25.1201823547 28.8317871686 27.415009268 27.2580168097 29.1659240407 28.2637650874 28.9053987055 25.0848762692 25.0719973347 28.8032272144 26.7327883396 28.1593165426 27.8973871347 25.7533694095 28.0503632162 28.0789891703 28.7319646115 28.5319786232 28.4152185584 29.0451200676 26.5359929037 28.1338537683 26.060150691 28.722980211 25.8394161552 27.7038499235 27.3807533202 26.5337723609 27.3688144638 26.6724943504 25.7816529535
25.9918252574 28.4555703992 27.7959036138 27.7314107349 27.2688552339 26.8817894199 27.2482089159 28.244749745 27.3166147049 27.4454135299 26.0248919482 27.1249831793 28.6598844724 25.2026532137 28.4760119095 25.4603873397 25.1380558821 25.5911778678 27.7664064297 26.0192162379 25.9687836216 28.8443590554 28.4000905519 25.434791982 26.2221954451 26.118228579 27.1008537196 25.0233868717 25.3434117961 26.0208692372 25.0311909234 27.9416265058 29.1194376857 25.1411462697 27.4251683076 29.1211992476 28.4439291479 26.7021311593 27.4251477027 25.357294393 28.4120847443 27.3990815146 26.0951441342 25.1900132536 25.2366365073 29.0655312773 26.094382489 25.9885016153 26.1155196381 28.3247963734 27.3116136668 25.0489521955 28.736569039 26.8172010744 28.6184107553 27.0770500338 28.3212602092
25.366444394 28.6351229421 28.2664973432 28.3669540351 26.2869081998 26.4909033561 25.9262177634 26.7467927789 26.1403925834 26.3571668692 27.2856333772 28.1593612939 26.8062492237 27.9565820042 28.9763182621 25.627743648 25.9848918515 26.2175321602 26.6060424365 26.7520909363 27.8725359213 29.1486598445 27.7692581877 28.3525588091 28.200755304 25.3050301003 25.2671608268 26.5825057814 29.1903368507 27.927743256 27.9350676617 26.7925180522 26.5449565581 26.1688622574 26.1876978575 27.3041071602 26.2008189394 25.5618732888 27.7913096756 28.2352141236 28.070833906 25.519568664 28.1833515633 27.6689133327 28.368520874 28.6331881106 26.2830272696 27.5313392657 25.3744207395 25.7417329208 27.1277644875 28.6165876319 27.7989620015 25.9311719346 27.7296373902 28.4474421357 26.5472443949
25.1834215097 25.8267107877 27.5974927363 28.4313427317 56.2768897384 26.401782221 25.9435876981 81.1458662841 81.1458662841 25.8296078094 27.9776415555 27.5187910833 28.0938338182 26.7182070683 26.7105725964 29.0490262997 28.3032624028 27.5506966197 25.9367045645 25.5859534643 28.2196721983 28.443798804 25.369621888 25.7284412812 28.6180051037 27.7282161419 25.6946769861 25.5058244826 26.0800130188 28.6665053068 25.8201701053 28.1326703121 28.5520396855 28.7164789872 25.83904845 25.3530957864 28.4948900335 27.7580038507 25.721702349 25.2885766418 27.7763137031 28.7732965358 25.3965264717 27.2974264866 25.6366586917 27.6083447142 25.1871683182 26.5050943572 25.7977621038 26.6506225831 27.7943007013 27.096809125 26.3975881801 26.4158143963 27.8498381552 26.1180507587 27.3305613964
25.2152703522 26.3630493787 25.4383591216 56.2768897384 56.2768897384 56.2768897384 47.8919734175 25.4804399351 81.1458662841 28.7834830162 27.4492026221 29.2079652095 28.9847345092 25.3778080703 25.2553091245 28.6403655648 27.6460615352 26.6592902378 25.4312574593 27.6481688962 28.1796719492 25.9041949552 29.1686673445 25.7313119622 26.3852157537 27.0014459568 28.1521532611 27.4651343913 28.0286300584 28.3474050381 26.0736546135 28.68825528 28.4509840155 25.6312999685 28.7392145305 26.4362353935 26.4790957316 25.9893235104 28.704687679 25.6024043433 26.8509078682 26.6186030309 28.8514076084 27.7848612894 25.6764339477 27.4373883153 28.1824109951 26.7446369818 27.9399135153 28.2814775673 26.9471751818 28.3543550138 27.814519033 27.7026156795 28.8780403159 28.8020966733 28.0697515941
26.2418201231 28.3971107985 25.9338978426 27.8401882196 48.6716752025 48.6716752025 47.8919734175 25.493104559 48.9428239066 25.3135068366 26.7252728057 26.6136335121 25.8003024798 28.5208856943 26.3463658809 28.7089160593 27.3134333734 27.4086840558 27.2653455368 27.7002133812 28.9143999889 28.9991721543 28.6760926178 26.1301084299 25.8483058308 26.1351646668 26.4055788652 25.1897108631 27.1572463319 26.6849886705 29.1149064649 27.749880035 28.039232358 26.1116198219 29.0992043733 26.1698723072 28.1373858054 26.0133426809 29.2234830596 27.4175522736 27.0743293127 28.8012008675 25.7995965618 26.4399375281 28.7654622944 26.527418676 27.6131781315 29.0446731837 28.7615074284 28.6035448966 28.740612768 28.1521717564 26.1075554942 28.3250945426 25.1662102605 25.4247027998 26.0238807321
27.6300007625 26.4670126545 25.4334126895 27.1881442519 27.8907613131 48.6716752025 47.8919734175 26.3424216185 26.2943176713 28.4761497201 26.8159691662 27.2236654208 27.5427700232 25.1546220127 26.6705978975 28.6734211476 26.0332441607 28.9253306898 27.5381252325 28.2643910506 27.7110538038 28.3116995904 28.8325858966 28.6065992566 25.2652675153 28.3830742103 27.1471492356 27.6344929588 25.9781921599 28.0844954541 27.7419884571 26.5267462815 29.230601 25.0739925474 29.0011661681 26.3003542752 28.7481374375 25.708896991 25.6101459189 27.5932474621 28.6518413842 25.4845338632 26.0216275051 26.6242842957 28.0762686174 27.7974201707 28.7116143186 29.0400711711 27.3712278642 25.0039026599 27.6472583832 26.5900177588 28.2736268914 28.3201103506 28.6981158117 25.3504529406 28.2245231129
28.4434430767 29.1398033608 28.8755888616 46.062518021 46.062518021 53.7627671363 26.4433745605 25.6345775119 28.6448488448 27.0808081879 28.0614902851 25.8973246644 28.8252209066 28.6357223466 27.6241506374 27.0400400696 28.7159323096 26.5773125585 27.2479673604 27.5891867707 28.555231991 25.2705076856 25.6629317678 28.250635208 25.6441562214 27.6180958577 28.5015908096 28.8651361714 25.5180239397 27.7633196143 28.0223805855 25.109232049 25.5396137776 26.3962150105 27.5928433561 26.4434924424 28.9272865644 28.8213155692 26.2078362349 25.2866063903 25.5297892564 26.871369392 28.4760018663 25.4139526432 26.6717476058 27.0734058293 27.8520233134 28.5060146205 25.4572295079 28.2584843778 25.154218695 26.552407456 27.6783407848 26.8081057927 27.066365747 27.2944715201 29.1540042014
27.8869495073 28.3166550772 27.1823928135 57.8008917817 28.8282756414 25.9680749756 25.3740647853 27.8139718447 26.1483258166 27.2988893374 27.6926159685 26.9115558284 26.3133577159 29.121252768 27.5218304614 27.3742448048 28.5486040593 26.5794768676 25.6019345658 26.6074211477 26.2856351638 28.142401045 28.3424461343 27.2647618572 25.4746813372 28.6576640859 28.8981271431 27.3798442724 28.5796616103 25.6251303304 26.5333283279 26.8117478031 26.3221094464 27.1791503358 29.0567509441 28.0212859537 25.1958859652 25.5400289197 27.9210041255 27.1403119956 27.2733948716 29.1836259252 25.7369676499 25.2507650335 27.7328092059 28.4265372673 28.5765460968 26.8066143463 26.9820854966 26.5571307715 27.4920532529 26.49780307 26.4706123148 27.8307082224 27.3329122825 25.0264673431 28.168139925
25.2945737696 27.9920053332 27.5578547602 57.8008917817 29.1844625257 26.2222817876 26.5606330363 27.6439750496 61.5468094118 61.5468094118 61.5468094118 28.7738270845 28.8674409991 28.9756839259 27.3184886381 26.6200584748 25.0140243462 26.1924307411 28.4724696 25.7128731147 28.5594160785 26.8220204023 28.4293199887 27.7415886459 28.644163304 26.8806298753 27.5800219129 28.0237451994 25.1214539854 27.2596351244 26.408610486 27.6000476599 26.9090890441 26.7983259008 26.2961015387 28.0698079609 27.6436480012 26.0780772802 25.1233826003 25.838405831 28.4784070967 25.6634445201 28.1879904543 28.3451455101 27.7728942242 26.1250632436 25.8984264603 26.3881230136 26.5044679656 28.1613139381 26.8472128697 27.2051444544 25.9850685472 26.9702705978 25.1715721808 27.5452433742 27.933308522
25.7071240643 28.214548999 26.0249038614 26.2753757165 27.5899182705 39.3077534557 39.3077534557 28.1859310928 25.0762328907 61.5468094118 82.6282649005 82.6282649005 29.0519250669 45.248849612 56.0178171774 25.5061057279 27.2317088526 26.6699645364 25.6390098549 25.9508299506 25.0948383757 26.769809996 27.892646803 29.2123615196 26.9083857111 25.246039445 26.2626664373 25.803260815 27.9571065749 26.6088538204 25.7127975381 25.142659889 26.6490731339 27.8681476818 27.0423335129 28.4077553855 28.0936112704 26.8389258909 27.7757587976 26.0839967655 26.47567069 28.5562176599 26.5455368415 25.2440247437 27.7725506065 26.9957680166 27.4607580796 26.0575832677 25.4937226214 26.7397145773 26.7161708675 28.9093742084 25.5058914382 26.4874003395 26.6184033534 27.3001340035 26.6238917788
27.6516302362 27.0631181467 25.3298326665 25.1190735558 25.8363156527 27.2146736384 28.9000487137 26.3733528417 28.6873774433 82.6282649005 82.6282649005 82.6282649005 45.248849612 69.7339399586 69.7339399586 69.7339399586 25.5405025399 27.948861225 26.7731975911 26.0565070555 27.6026689599 27.1639220125 26.2647913521 26.0272281736 25.8073604072 28.164999366 27.5609231804 28.2743214855 28.7684153485 29.1970482621 26.2371687964 27.6503506131 28.7436815903 25.3437888542 25.4929047685 26.466261197 28.5357259973 28.5690782026 26.632416541 26.4020481716 25.2956754191 25.7419717912 28.1768781515 27.6295418559 25.3819527726 28.9813995682 28.5535043844 27.5456294968 27.3454930604 26.31699657 28.3469242064 29.2083806069 25.1964799922 29.1459371274 27.1200872973 29.0588354302 28.3437187888
25.7649142898 28.1715478865 28.4124875925 28.1034394923 28.6676355998 26.6680021838 28.1905603373 28.8816909234 26.8645658977 25.952136015 26.3934685523 26.0737847657 45.248849612 69.7339399586 69.7339399586 46.631699234 49.7638819012 28.1225272354 27.5175910627 25.1200322955 29.1090027417 28.2121649747 26.9778210454 28.7127001026 29.2375132081 27.3944577793 27.6294027093 27.8195880419 26.7919431548 28.7167544908 29.0388274719 29.2352316857 25.9494582337 26.0886600811 25.9506750037 27.7672426898 25.3343019065 27.9228843343 28.0902704475 25.2689993191 25.3387163488 28.7830030106 28.7864341826 26.9322371935 27.9977807993 25.6132128383 27.7088092874 26.8199608195 25.1219582744 27.5047591522 26.8095931546 26.6133815493 26.2238402878 26.4661335987 28.1749314872 28.8954367694 27.5272434266
25.3991777117 25.3461466985 26.0998956435 26.478211041 25.3115584732 26.079376677 25.119367985 28.6410632994 27.8956697094 26.5794314519 29.2188500215 29.2078184883 27.7452938156 46.2661993169 46.2661993169 46.631699234 46.631699234 27.388382394 25.5247447524 27.1581523944 25.123034119 28.1908437879 25.5162261582 25.8315104967 26.248883387 26.4014137834 28.4570465703 26.3143827051 27.9960631682 27.3288658239 25.0737119365 27.5520782245 28.2228457445 28.5353100369 26.7268679101 28.6464086957 25.3436713197 25.5636290761 25.7367352046 26.7950190437 28.502964503 27.9321083187 28.61847468 28.5258807426 25.683859318 27.1829617115 27.1841798893 25.3633420796 27.4004724191 27.9508696374 26.510622018 27.8908466359 28.820075241 25.8418299643 28.9641003125 26.9688123062 26.940541897
29.1812698421 28.8518967094 25.154982151 26.8626894927 25.0401609709 27.2910506064 25.8164896964 25.8249273813 25.7544330151 25.2129024024 25.5303631485 27.8620881624 46.2661993169 46.2661993169 46.2661993169 46.2661993169 49.2994822769 28.0774394626 28.5499392127 27.5657587873 25.3711666616 28.1874800194 27.2490024566 28.4569483509 26.0520378095 25.7074346446 29.055339984 25.2219711486 25.4648939056 27.1711215504 25.7597130516 25.4118341841 25.306278874 25.5318298109 28.2725065089 26.1690445387 28.4642661366 29.1933099331 25.7205676633 25.3993755125 27.8249051738 25.0333175713 25.6817849915 28.7016363495 27.0703210706 27.9868765325 26.7762570833 27.4471474615 29.2368740823 27.7987025604 25.1285673592 25.0719529587 27.9494428434 28.2345251111 25.5227280955 55.2954905296 55.2954905296
25.1914764067 28.7236584765 27.9716103955 28.9247461793 27.6166954145 29.012352352 26.3290843051 28.8395951894 27.2277277096 25.5853333026 25.2256338783 27.2254890698 26.3221318113 47.2048837604 64.7137067173 27.175398813 25.2074954276 26.9657140478 25.5109012606 28.8756048832 29.1430298478 27.4037450817 28.1952758128 28.0899801924 25.8630715335 28.2446392263 26.5864330397 26.6806842621 25.4848250439 28.4324629986 26.022140466 28.9658532424 28.3443887742 28.0015075648 27.1062723593 27.0122627703 27.6937809476 27.6709520836 27.1584460141 28.8498742059 26.631211138 25.2161483511 28.8756338384 28.3229137433 26.8998897891 26.6948609218 27.4529976057 27.0366846339 28.030593322 28.6108385936 28.8043524177 28.1238413085 26.7166934462 26.224524269 56.3480386714 56.3480386714 55.2954905296
26.3561956256 26.7170941896 29.0360448505 28.2887160248 28.7601503256 26.6575915239 26.024737977 26.8511489372 25.1980054452 26.2142190713 28.1798373007 28.622108555 64.7137067173 64.7137067173 64.7137067173 25.4756731866 28.1449694903 26.3060217017 27.2673843074 26.6147271153 26.0598861405 25.4052837495 27.7541512973 27.6721047542 27.3407278392 29.1745166809 27.2656961602 27.7194459183 26.101855458 28.2377209322 28.8582057493 29.2276474767 26.8255078542 25.1639305627 25.6403421617 25.582482386 28.3693709148 28.5406134067 25.5274805305 26.9724720713 25.6394883002 27.9535900657 28.6181242446 25.8362096457 27.7747546066 25.1358011906 27.0173453044 27.6750323288 26.3189294256 29.0694764905 27.5194126702 28.297991003 27.7136438625 25.8856327583 65.6493315048 37.1069884112 45.3286912864
25.3095191802 25.4852256623 28.5281219537 27.7345721347 26.2480304669 25.1585720304 26.8204522967 28.79658384 27.9310252913 26.753989436 26.3289874609 26.7835282674 53.5415461257 53.5415461257 64.7137067173 28.4145806154 25.7394895769 26.4536740315 29.149127518 27.0084860835 28.922840494 26.8943911282 25.1963793877 25.024644584 26.9841608853 27.3170808795 28.2152869877 28.512876882 26.551030164 26.2577922064 27.7452702382 27.8280401677 26.3190979609 27.1595676637 29.1097034577 28.7173444107 29.2167239817 27.5928255406 27.9419344506 29.2170269913 25.2953104057 28.3681204327 27.5571865016 28.6205608167 26.6089162799 27.7157293696 25.8552683983 26.4050537186 27.0978578148 26.8968503746 28.8412257568 26.6278806054 26.7947933405 25.3149376704 44.8957956228 47.76188518 46.6842908006
