Spatial_Output/BAU/BAU_0733.asc
NCOLS 155
NROWS 192
XLLCORNER 196307.867259
YLLCORNER 449144.565805
CELLSIZE 33.573938
NODATA_VALUE NaN
[rows 25 to 49 of 192, columns 57 to 113 of 155]
26.8777032759 23.50864142 25.4327895581 23.0541251278 58.2262891627 58.2262891627 25.2237004322 39.5551680935 34.9015497889 34.9015497889 44.0784790112 26.7894852821 25.8893863057 26.3793686586 25.6191729604 25.6351725375 24.1312012626 25.8158096388 26.9224559131 23.6040491376 26.7355998884 25.4780941396 26.1162279498 24.407920296 0 0 0 0 0 0 0 0 0 0 0 0 0 0 0 0 27.0270015008 24.0283145044 24.4965763883 26.1819064098 26.128106602 26.9568672073 23.2874510444 24.2887036553 23.9510877615 24.1834649124 23.8784499157 26.5741849423 26.351459516 23.5341758004 23.7678891487 23.4948758677 23.2252016223
24.144202005 25.4811010626 23.1304596026 23.7458002734 58.2262891627 47.5654360835 47.5654360835 65.2838596349 34.9015497889 25.5437688163 26.430425933 26.6855028486 25.6003382685 24.5269680266 23.9572804288 25.1985177251 24.1081386123 25.3888148359 23.5092571611 23.5055595643 23.5949551311 26.593570359 25.7461521576 26.5216123056 23.5735160948 25.6453990661 0 0 0 0 0 24.9925596734 25.664697517 25.8711602758 24.8909976474 23.6720188298 0 0 0 0 27.089841797 24.6511256772 24.4725080998 25.0810499626 23.8482336525 24.4489129869 23.8551355647 23.7554216431 25.3024587463 25.6385768444 25.678463861 25.6074031718 25.8768173332 25.0662961143 25.5212537143 27.1339527273 26.42824835
25.6767213263 26.7666822898 24.3789996671 24.0995697573 51.2765093972 47.5654360835 65.2838596349 65.2838596349 46.6700463643 23.1306100806 50.5648174539 25.1344041314 25.4321591167 25.028335366 23.1135930473 26.8806193801 25.721211867 24.8607852987 25.3924224996 23.3649938877 26.6137961338 25.0897521378 26.1308386992 25.348816422 24.5876991301 24.9931782548 25.2114072951 26.7964171391 24.5969210068 23.2555890362 25.6696899817 26.4702811225 24.7667436469 25.6077587964 23.5597990392 26.097143417 26.492000332 24.7514828742 0 25.8841388746 23.8728003759 23.6602283621 26.9594088569 23.2068274153 25.6991460442 25.0512514674 24.7021674777 25.6198909817 25.3907370115 26.4053165204 23.8127094891 23.9613348807 26.6385938862 24.9878863421 24.7264659641 25.1722307484 25.4688431989
24.1912168142 25.957398134 26.0641986141 26.9328273807 23.0991424748 47.5654360835 26.7062248727 46.6700463643 46.6700463643 70.3974314245 65.1603049786 50.5648174539 50.5117437554 25.9978101774 24.0326819685 27.1510737785 25.6264710941 24.6511547759 26.6629927146 23.4691838169 26.0983181119 25.049890247 24.9850735098 26.9913041648 26.0042082873 26.2029268944 26.0757693414 23.9531935958 23.3334302032 23.8481090375 26.1429339498 25.5409080481 24.2509370132 27.1952723445 25.855203839 27.1006140725 24.9969243859 24.2160116269 26.0839163541 24.3714043766 23.1150426675 26.0547875437 24.4101161299 23.0322115787 25.3623080165 25.0000985132 26.5511152429 26.3872346174 24.4460108575 25.0474942655 25.3603671587 25.0518298606 25.0655208306 24.3783644587 26.9435129926 24.1979849155 24.8348329841
23.1752095189 25.5868129345 25.2084886059 26.6719633148 23.2657275118 24.3353558606 23.105502194 46.6700463643 76.8399376941 76.8399376941 65.1603049786 65.1603049786 65.1603049786 23.680977132 26.9030272001 24.1933604756 24.9870397437 24.1840422943 27.0238730854 24.3450272403 24.4267805681 27.1046801746 24.5835216949 24.3970212551 25.6143569417 24.8757362915 23.1828623641 25.3305504064 24.8440156873 23.9303372143 24.8112634886 24.9622250289 25.6386994377 24.955360792 25.3001882585 26.6675474956 25.3317991659 27.2229849883 26.6304299726 25.2186642589 23.5451118236 27.1247070742 25.6943367668 24.4191361239 23.4300944532 25.7218039288 24.6793658372 26.4420994772 25.208019955 25.9164646766 26.231716534 25.0160717707 25.0892713205 26.4559445072 25.9622426643 26.3013841101 26.251191932
24.6394825496 26.5164112067 25.5185067616 23.6018144882 65.3830848357 65.3830848357 25.8562651116 76.8399376941 76.8399376941 76.8399376941 65.1603049786 65.1603049786 55.612762928 24.8691856351 23.5406944581 26.2210204026 23.6357579996 26.1157267784 26.8948260629 24.7638739129 24.983492653 26.5157463668 23.8973871213 25.5852473629 24.3916586453 25.4042598656 26.8179427398 26.3801841115 25.3988931564 24.443771293 25.9518521332 25.5466333339 25.5562256286 26.5274819738 25.0944646527 24.4222256495 24.2594962497 23.7676093906 25.434963618 23.1991561204 23.700562008 26.1312089048 23.7009807744 26.4550058659 23.9495607225 23.6081584202 26.1592351435 23.6026605924 26.4753643966 23.3632359669 23.1515677601 26.6426369541 27.1242366196 24.8020890847 24.0319566678 23.5362432142 24.3221748826
25.6290461906 23.1710245357 25.0009714835 65.3830848357 65.3830848357 65.3830848357 46.8972029073 25.9782511009 23.543227744 39.5666609351 55.612762928 55.612762928 25.2882323852 23.8001112124 27.2009133606 26.0318923082 24.6627530348 24.1677771278 23.9249885919 24.7970289773 24.9903416477 24.4361605677 23.515293561 26.1304569706 24.5595706812 23.3306210973 24.837775825 24.0691014917 24.5509513421 25.4546523526 23.4614593282 26.3821321185 25.3754496494 23.1455740847 25.7155170863 25.9732801228 23.3105541477 25.8350194641 24.1066396205 24.3845666885 25.3094275379 24.8188801414 25.0414658442 24.5231706029 25.2863079717 24.4188406069 26.3198736407 24.3890000966 25.9468136438 25.9621332338 24.3591066078 25.7240121884 26.3481817973 25.6236190455 27.1086400786 24.365912983 26.5191000517
24.6801245937 24.7059508001 24.4451494359 26.6328551788 23.6776125327 25.5141110875 46.8988753579 23.1851429529 26.6004356774 27.163914212 25.264858318 25.9489335006 26.9650144774 24.686044984 24.8091061183 24.9571443955 25.4920324101 26.5326603244 23.5978922866 24.4010493806 26.0864125131 24.7076742788 25.6996235194 26.1438058762 27.1213663172 24.1984955267 25.7599292465 24.2056547334 24.4013089149 24.4719499701 24.3109547456 25.9839005088 23.4845797355 25.9666206278 26.750785194 25.9272905397 24.8378213143 24.1722358609 25.7773722493 23.6498930604 25.5776296193 24.5733556399 26.0172974065 25.7096020889 23.7691772667 25.4412609163 23.026936611 26.8444317724 27.1129084734 24.6304270213 23.3517460765 26.6309372019 24.5406083183 25.5025342594 24.5424458146 25.162235457 25.58491555
26.3860968467 23.0679862863 25.3735988293 26.1898836662 24.5270424897 25.5705605807 46.8988753579 46.8988753579 26.9267210425 26.7712351019 23.9723354452 24.8801097981 26.5693819841 24.3838446353 23.2749013462 25.7066967189 27.1008719786 24.7596655826 26.5847081224 27.0789956862 24.4215189865 25.8087154876 23.8398036193 24.3516291203 24.3642331296 25.5296368667 23.3226446392 24.5033950695 24.2531759835 26.8137143758 24.7686376397 26.4158667865 23.16670114 25.1069727027 26.776833298 24.5254758996 23.7237570331 23.3793768333 24.6679582877 23.3665154319 24.6349819302 23.1653904294 25.452011244 26.2594454153 23.2524293541 26.7496656727 27.05637718 26.53623341 26.7716182362 24.0372208417 24.5997293773 24.1323182461 26.8183941961 26.5862675744 25.6371657567 27.0403832177 23.2175800683
26.6455936546 25.4732431227 25.1623052485 26.5194316968 24.3334859665 24.4096649388 25.5663398922 23.5059120271 23.302303792 25.5013037593 26.5057559091 24.9921027947 26.237094975 23.3448233442 23.7152425917 25.828592505 26.7770635206 23.4528012484 23.4720732246 26.4530643729 23.0319382364 26.9127102972 25.4634319305 23.7398222285 24.9532771183 24.9288194311 25.2568560863 24.9591247406 26.0893977438 26.480447931 26.2884428107 23.2318019012 24.8139670161 26.4018085597 23.8186800109 24.0735844819 26.0189029843 24.8983797497 25.7160868891 26.1607929604 26.658751158 23.5795901214 25.7983771264 23.244902772 25.6675788376 23.2566854782 23.4308022842 25.8046022243 23.7875596685 23.0072209806 24.0952151038 26.0242187661 26.7014086004 23.9780324034 26.6839420339 25.1873537334 24.5349543219
24.0662887884 23.2904574678 25.5148047879 25.6982049656 24.3553227736 25.2545460254 26.6777027146 26.6907318192 26.780258673 25.6921853067 24.9416384657 24.2157984504 24.2251237057 24.7341847374 23.4134086342 23.0879335566 25.6612299034 25.972956864 23.871409153 24.5000104441 24.2725038478 24.7804422381 23.6477528932 25.1792802752 24.5335724892 23.5372810281 25.9678117268 23.0929437686 25.8718712689 25.3453429979 23.6596926592 23.8549970167 25.5345325094 26.4729857532 25.0989093231 23.9346826653 25.4227425468 24.2185250689 24.6876335352 23.5423796706 27.157524598 23.4888677525 26.740953848 24.1825644513 23.0438173722 27.1873863313 26.2551903055 24.9252828624 27.2169004504 26.0013119934 25.45842634 24.8650059022 24.4882340935 25.249392445 25.1908088218 23.089522708 23.0739136051
26.2678502633 23.8868394446 26.3763935336 23.0650632312 50.1419840257 39.6873964162 66.9809338823 25.1279899284 27.0587326223 24.5047364806 24.3648012831 25.1704083534 26.9541124049 26.9908589544 25.797013165 24.0560864732 25.2970340525 25.1948619112 25.0667233194 23.313483049 26.3585922059 27.0707923578 23.3074093276 23.0193575708 24.2954368852 26.1979037717 25.4742280571 25.2425228159 25.8504185077 24.2021328567 23.4726218664 24.7357715176 26.7135140781 24.4139874265 26.4476185695 23.8776866264 24.0244387141 26.9896688486 24.0971388856 26.045413334 26.9450079153 23.1734127291 26.2785588189 23.2607421606 24.4093036076 24.2890190228 25.5066305101 25.6303309145 25.3675328495 24.3289929287 26.1611008403 25.8696772442 26.3523321131 24.610081891 26.1118028769 26.4822294857 24.158404978
26.7478207303 23.2662444646 25.0977922293 24.772867756 50.1419840257 39.6873964162 39.6873964162 66.9809338823 26.5438251777 25.9103893698 23.1693453708 23.1889800327 24.4757688166 23.9794175799 24.5941581241 25.0883507817 24.1506682396 26.9181002232 25.3984123531 23.3765667635 24.3223087258 26.5484102967 24.3474466117 26.1134198434 26.3611596053 26.720222909 24.9107853347 24.5061978331 26.6105498853 24.1480998031 27.1234351216 24.9140211552 23.3024918404 24.1618480293 24.9973607149 27.1210482531 26.2321176578 25.1344693778 25.5795145139 24.4684034434 25.2157971983 27.0528983862 24.060085127 24.2549002611 24.6942084911 23.7547274976 26.2241611229 24.4372970907 26.5069430385 25.449941067 24.2139232156 23.1187510634 26.2851486879 25.129162843 24.9288690674 24.1817831196 24.8171918607
24.6259609063 25.6757274376 25.5066956529 23.6073153313 55.7305749064 55.7305749064 24.0198851883 24.6896816383 26.1533549987 23.8489467921 25.6450733335 24.8694577043 27.1443114604 25.3109854046 26.861947942 25.9917999751 23.5428857456 23.4393864491 25.4620423154 24.2356238181 26.883880388 25.2916808286 26.7025249717 24.3772162461 26.8446630693 26.5874656176 27.0984900409 23.9590450483 23.8078851058 23.7219709372 24.9101200754 23.491030348 26.7604249746 23.5774950604 26.4281226139 24.2348107157 25.6702462496 27.1278638342 23.7627143588 24.4437716517 24.6558931444 24.6193006496 25.3182785621 23.396525001 24.6855106062 24.5762757208 26.9977249938 26.3625668221 23.9202639456 26.7065615995 24.9374572141 26.3056430207 23.8699759747 24.1561220584 24.3184832425 26.4540438327 23.6026111611
25.2256857483 26.8242765604 26.4779867333 55.7305749064 66.2816273854 66.2816273854 26.3744085776 24.931994303 25.2566725914 76.8118909381 76.8118909381 25.5556791943 23.8559022679 26.6451141978 24.9924676322 24.1237476412 26.4691513088 24.4784988891 24.462506081 23.4598076628 26.912797402 26.5042407794 25.0935790158 25.3042737388 23.8171262242 26.613274483 27.0726210743 25.8391022903 25.6833352151 24.6855121892 26.6326126631 25.0210204839 23.4016263109 25.8187861001 24.5757916577 25.7911403372 25.0469863412 23.0803524303 26.300998184 24.923856059 23.4006930272 23.0817475271 24.6382586422 24.9007537262 26.8799791066 26.5201208795 23.7524581897 25.2813157541 23.1060020935 24.1250789344 26.5316339268 25.9948848665 25.6013335223 25.008716072 23.8582542946 26.1573464693 24.0630907864
25.3771709717 25.9014508741 26.0110081131 64.4991599409 66.2816273854 66.2816273854 46.7386326739 60.1628233931 54.0351793643 76.8118909381 76.8118909381 49.7595749822 26.1390190438 24.0724090362 23.3888067856 25.9390603917 26.0644508439 25.3293208546 23.104819895 26.4627898396 23.0234964893 26.8705296021 23.2378142912 26.9091712435 24.1000716784 24.6581457951 26.5433314774 23.2915670404 24.3435531771 24.344032607 24.4206984301 25.465403018 23.2068938742 25.7376181051 25.6084450061 26.712771872 25.7391094872 24.0550457826 24.0612524217 26.7206867784 26.3447181979 25.0937220516 25.3261966059 24.4903343287 26.5645151251 26.2210019189 26.4500002897 26.3717814483 25.3825078067 27.2019374451 25.6596527404 23.1910672945 26.5295838957 23.5825254045 24.6740778696 25.8911599549 24.5385694893
26.8361342883 23.076603458 24.4223086682 62.445263596 24.7038575846 64.4991599409 26.0249889878 54.0351793643 54.0351793643 54.0351793643 49.7595749822 49.7595749822 25.7842348656 23.3963284619 25.9563372494 25.0818956182 26.2768733804 23.0014086237 24.899695621 24.9140493573 23.7365259056 26.1659294674 23.9300211707 24.5631018867 23.2397249084 26.5643758681 26.8534437831 25.7699091082 25.289638565 25.9344831794 26.6045786492 24.8383107838 26.1398807587 24.2411136988 23.6571384621 25.0003844351 24.786797858 25.6989716735 27.0083317452 27.2176890818 27.0389195215 23.9629778952 26.8496054398 25.3495434685 26.3324629894 24.1427008126 25.1492511402 23.6579745275 27.0853994243 27.1597541628 24.4375875602 24.2823132557 25.2387533845 26.8781233179 25.8360218526 25.8212116116 27.1182182461
26.4354721834 23.884047422 27.1881232131 59.586446332 54.3814664819 54.3814664819 54.3814664819 60.1628233931 60.1628233931 52.3156819546 49.7595749822 61.4396039584 23.0886694082 24.8346220975 27.1411502024 25.6844486343 25.6642081287 26.3306609241 26.3651588995 24.9832115676 25.2891446159 25.3606607849 23.7238824774 24.5140947396 23.9343019652 23.3528285091 24.4508069983 23.3241783627 26.1919936068 26.9282937477 25.7828996526 24.4368118317 24.844041934 24.8283832233 24.9028384714 24.0864648402 24.0280913185 23.4275835703 25.1707188583 23.5175129816 26.8055754762 24.1715373494 24.9174969067 23.8046281656 26.1806328117 26.2003577256 25.5420525167 24.1952625964 26.6699498743 24.4131300125 24.4012616527 24.2459282081 25.8044462585 25.0594754878 25.7013582231 26.7533335222 25.6883625877
24.5746510667 26.384783476 25.4551963382 59.586446332 45.5731177366 45.5731177366 27.1274810534 24.0614222897 77.1483177022 52.3156819546 52.3156819546 26.2970783298 55.1462122537 55.1462122537 42.7008776352 41.9544111085 25.8854630695 25.6060582075 24.3970640717 24.0608615986 25.9508151378 23.9705444454 24.2620580656 25.3811604332 25.8357160363 25.7567523303 23.9730137162 26.2988762007 23.5208280124 25.560983229 23.4070887775 26.6151256101 25.4266942821 25.4735789393 23.0603635281 26.8884848563 24.2740180241 24.4603718793 24.924292991 23.5179832912 25.2513649239 25.0866929271 23.585733876 23.8079436217 26.6040619893 23.0184513416 24.6443353422 24.5308468666 23.6823862306 25.6594284791 25.2432642245 24.1103630646 25.2006796236 23.5286842685 23.2997983043 26.5807271387 24.6588180959
23.8740484475 24.4147165286 23.7456392482 45.5731177366 45.5731177366 45.5731177366 23.7633581505 26.5351980114 25.3468065128 52.3156819546 27.0081530552 24.9555741865 55.1462122537 26.7862180677 41.9544111085 24.103497243 24.6453592537 24.2948401274 23.0393411916 25.8770718113 25.9301260793 23.5448285386 25.0735779761 25.774698595 25.8800242868 25.3538940521 24.5445115316 25.6394565097 27.141285068 25.5745588476 23.6529805256 26.9862627807 26.5381257262 23.9746049678 24.5623565671 25.843920991 24.6781621393 26.8771540489 24.793380313 26.7803682327 24.9639426475 25.8152020052 24.6727836277 27.0645127794 24.2475662767 26.3774130754 24.7353678761 27.0071548073 25.8718635782 25.2132731403 26.1874285619 23.2424745938 25.9536517186 24.8882606052 26.3428850241 27.0298043518 27.0904916964
27.0327001297 25.2628991366 25.5177591248 38.6378988575 46.9594896304 47.9116412428 26.2103933955 25.2829944533 25.5242709881 24.9686361462 24.6162371208 25.2747930465 26.3465764955 26.8388059925 41.9544111085 41.9544111085 24.0249293806 23.5631660414 23.7231502721 24.8604715551 24.5933610055 24.370513631 24.0071830902 23.1340075441 27.0518627057 25.1928922197 23.3501884972 24.6886052795 26.4236861018 25.302859133 26.7846546333 25.2555970843 25.4555221778 24.2990426876 25.9855146801 26.328254916 23.4715285948 23.3099942136 25.5392104942 25.7205807913 26.3244389172 23.9809047466 26.8863407573 23.7337757353 25.1699710862 26.6720396965 26.0762855655 25.3261928129 23.5890102386 26.9266406184 24.015641011 23.3811181352 26.064716498 24.3276028911 26.5072414274 24.317569297 27.0392410767
23.4990220538 24.4901936198 24.4641534091 46.9594896304 43.3635086472 43.3635086472 43.3635086472 25.692939517 23.6272189554 25.6476802107 23.6813761522 23.8579015026 24.6078985389 25.3973475326 26.6798515444 25.8691299108 27.1473324502 26.850518996 27.2365585896 26.4181566794 25.5727688043 26.2088196019 24.5030094374 24.0357519231 24.7690876817 26.9238202892 23.4831549105 24.3208293106 23.2733488671 23.7356179537 26.482855382 25.1678506852 26.9961508119 23.0279830995 26.1122609376 23.5461018159 23.2812104244 25.4437111742 23.857474498 26.6104038431 27.0987104882 23.3896800683 25.9814000244 23.8687655993 23.9301515373 26.1221659975 25.1858615504 26.7672010014 24.9889365176 26.1055492957 25.265785201 24.1847818418 26.4951226297 24.6104556956 26.6433764041 25.3205769306 25.4603671913
27.0054560032 25.017208341 25.3826721373 25.5768260841 43.3635086472 43.3635086472 50.9162013619 23.9216818672 24.919660503 26.8993022549 26.9130046438 25.1748961765 23.9271139298 23.0670222001 25.0641927417 23.9261395652 26.6312346345 24.0349918187 23.5027825117 26.1748250304 24.79723685 25.2701658227 25.0468814659 24.8752479272 24.8273057507 25.6818813796 23.5962136004 27.1704773359 25.9194683355 26.2756781072 26.1342296995 24.8778934368 24.1360547281 23.9197848701 23.6287041031 26.8086104258 25.2400782266 26.5497791635 23.67930038 24.4318499954 24.9576363016 26.8534063677 26.0956840737 25.0163554443 26.6143819014 26.1553716093 26.7486474169 27.2318180205 24.6650488649 26.9502041729 24.460061783 23.2339038387 24.3543129992 24.5801970747 26.4849740154 26.9256156763 24.2904232697
25.2759490912 23.2598949894 24.5558035725 26.7135468836 26.1973001778 50.9162013619 50.9162013619 24.8072334549 26.4079627051 23.8126392999 26.2939824255 26.4691850874 25.8824304443 25.7802137035 24.9454534413 23.5482927902 26.2384761094 25.6821389241 23.0394243711 23.0493755607 25.6289881824 25.3111630302 24.628711937 25.4073969791 23.437642523 23.2819133684 24.1417922714 26.0312944472 24.8205641797 24.5888734264 26.7607421527 25.611716268 26.2915500752 23.5593661227 23.5775492192 23.1314429862 25.5200639636 23.014309346 24.3673598885 26.7453653801 26.6984089988 23.64918066 23.6610477598 25.9694952574 23.3409713004 24.855904426 23.4797888181 26.4178350242 25.6711537234 26.4392919255 25.3650134208 23.1045271874 25.1933272114 24.5916734575 54.0745022008 43.1586722178 46.1399069572
26.1818019641 23.353359484 26.0206050631 24.9035534663 24.0321339699 62.7933007426 62.7933007426 24.5582563481 23.0067776095 24.5073931433 26.7821100141 23.2621548489 26.778085912 24.7438700325 25.0202155724 25.5454045237 25.6481721824 25.6201902644 26.5962360641 23.0973656152 23.9357802854 25.8389475015 25.6650960188 24.7242424042 25.1412775588 26.2217096387 26.7842860578 24.1609555304 24.3600297882 23.888019047 25.5466400554 26.8019581743 26.6581624961 25.5044933813 26.9261844247 24.7052791862 23.128876928 27.1801941475 25.6052265981 23.9545009862 26.5750639133 23.6332813884 25.1421045066 24.4006460662 24.7178555138 23.5983415177 26.8935550281 24.8893059041 24.6563843555 23.6894658368 23.1807008614 26.134799216 23.8717425544 26.3381417856 23.1726538148 45.0881272525 47.5423238718
