Spatial_Output/BAU/BAU_1378.asc
NCOLS 155
NROWS 192
XLLCORNER 196769.923733
YLLCORNER 449719.875193
CELLSIZE 27.603701
NODATA_VALUE NaN
[rows 138 to 160 of 192, columns 53 to 105 of 155]
34.3228698869 33.3284299931 33.6176149106 59.6095277843 47.6484824237 78.1749441977 78.1749441977 53.3229726708 33.7036755266 33.5896192281 33.1908737495 33.4221706815 33.9412962311 33.1806593978 33.5616897948 33.843781449 33.8106257032 33.5685219752 33.0362890934 33.3706442035 33.0672660127 34.0436361168 34.1805498568 33.8303513581 34.2093769433 33.3561575969 33.7270557307 33.2171499804 34.3061594038 34.1395739463 55.3419465783 53.1461561973 47.3026171292 33.2246475551 34.277747498 33.7032992392 33.9981643729 33.834633753 34.0772787975 33.5853453392 33.1457523012 33.0411789084 33.7466273502 33.0275114578 33.074636778 34.3346969219 34.213756979 33.2685953145 33.8496332093 34.2267798083 34.1574099241 33.2687016383 33.5815868968
33.012534349 81.2728533258 33.7765298314 59.6095277843 59.6095277843 33.1870755668 56.7633416355 56.7633416355 33.822903789 33.0612452116 33.5533403574 33.6291933429 34.2573931255 34.4075165226 33.3364355655 34.026169001 34.3072074565 33.7854979068 33.2763542417 33.0409882812 33.4345140362 33.8898340986 33.462591853 34.1772919247 33.130199585 33.6538183427 33.5772979732 33.5313326941 34.318392412 33.2038312812 55.3419465783 53.1461561973 53.1461561973 34.2208971805 65.341248216 65.341248216 33.2216422958 34.162124275 34.2377935227 33.5656859332 34.2899330693 34.2692681804 34.0821319286 33.7196438359 34.3202259682 33.4964325958 33.1535580498 33.0069134908 34.4061508242 33.2891825765 33.2329187674 33.0899864916 34.4095063642
80.6210990565 80.6210990565 50.3660594763 59.6095277843 59.6095277843 33.5786555404 60.8208809493 60.8208809493 60.8208809493 34.0388692635 33.5837085338 33.4446905891 33.5077134896 33.6778873546 33.3523109996 34.0826997183 33.5099947544 33.1596059594 33.87377965 34.2943817408 34.2288609824 34.3720429577 34.0361448062 33.7322557222 33.8178422627 33.052924187 34.1685290052 33.6669532478 33.6720520094 34.0965951672 55.3419465783 53.1461561973 55.342236273 65.341248216 65.341248216 65.341248216 33.3716058175 54.30470717 34.216160114 34.2606762402 34.2500264315 34.1007817633 33.19915946 33.3946894126 33.2075289614 33.8853700626 33.6072652517 33.6823475068 33.4569405192 33.5127974062 33.4511070697 33.2560050327 33.5830619123
80.6210990565 80.6210990565 33.4650934123 33.8222766477 34.3269044225 33.7980902793 49.5601483307 49.5601483307 49.5601483307 33.3247573272 33.8390857903 33.6124224279 33.2783502577 33.8363923574 33.3465489044 33.9052826166 33.7198291263 33.6104400597 34.2591349226 33.0609998519 33.1358892194 34.1034838307 34.1771726879 33.7199561448 33.9953712538 33.4525202679 34.0011867661 33.1576500108 33.2595380041 33.1310122633 33.4350089547 34.3785065889 33.4261387834 34.0412432355 65.341248216 54.30470717 54.30470717 54.30470717 66.2190616925 34.1017054057 33.999127494 34.2967839311 34.0405828802 33.126713276 33.3266494852 33.9393289467 34.1808278635 34.2499980092 34.2225445908 33.1437246275 33.6061727998 34.1095619442 33.4351359698
34.0519971982 80.6210990565 33.4477079933 33.6964523368 33.0053655855 33.8213862549 33.0625759613 49.5601483307 49.5601483307 60.8536576938 33.0963281061 33.6785203159 33.369000486 33.2777597609 33.6787937322 34.0255341429 33.5360520908 33.2539698452 33.3083548243 33.2260179066 33.0716497652 33.1188235891 34.4138263242 34.0473029306 33.7297336977 33.7560668519 33.3860038858 33.0221608903 33.8662342857 33.6162253263 34.3200698771 33.2872623467 33.0063354734 33.8784798424 33.9044359462 54.30470717 54.30470717 66.2190616925 34.1820596315 33.0092958457 33.1152469273 34.3548873913 34.1773120325 33.0302699082 33.2066697911 33.2296171381 33.9887374458 33.883534639 33.0036828593 33.6088297018 34.2827068569 33.3582576428 33.2899521378
33.5419881431 33.3036426365 33.6577937207 33.6058278921 33.1815281874 33.7411088675 34.3740846476 60.8536576938 60.8536576938 33.7281112854 33.2936580013 33.0148016322 34.0605016298 34.0531052005 34.1563558068 33.8487575414 33.0765480067 33.179108743 33.6240854444 33.0754405149 33.6993122254 33.9557649387 33.5898422442 33.4787848201 33.2786406859 33.6826448048 33.5352448538 33.2714121339 33.062469624 33.5594116876 33.5847317151 33.2475640747 33.8988878139 34.0900841756 34.1234505237 33.4808626377 79.8659099452 33.4052808953 34.250999233 33.7542127854 33.6378042198 33.3701133317 34.3408101065 33.8588116921 33.0942722413 33.361802182 33.6012482384 34.2570648947 33.4585185148 33.2642341901 33.931496212 34.3789420787 33.8437887
33.4715756615 33.9633417513 33.1939621128 33.6735439615 33.6209085387 33.6088981973 34.0508770329 33.0080646155 54.9543787653 54.9543787653 54.9543787653 33.3091599767 33.334793568 33.3803545154 33.2414912126 33.8544118606 33.1859359553 33.4644191727 33.0031496867 34.2555211869 33.705793682 33.1891840564 34.2883337953 33.7780372422 33.5915456079 33.6866198731 33.4241726587 33.6236624759 33.8174291762 34.1484784995 33.6650580805 34.3010179507 34.3343258072 33.5822783346 34.1143631266 34.0821266623 33.0993550869 33.495493679 46.3900307566 46.3900307566 34.3739062491 34.1949470072 33.7836753763 33.6133001885 33.8571532108 33.9214171059 33.5879802359 34.1320098736 34.3023487762 34.2557035263 33.993506755 33.8953443581 34.3123198351
33.2170936316 33.7443634604 33.7477884428 33.960797495 34.3378025141 34.1157275408 33.1360426025 33.0977654655 54.9543787653 54.9543787653 34.1389771804 33.0210439639 33.5017344796 33.9238055488 33.2698124249 33.0798400536 33.7151138222 34.0203286595 33.087733065 33.9738835716 33.7891739151 34.1283586628 33.7823219667 33.9857204125 33.961226109 33.9178600921 33.2124244584 33.404901812 33.6506842597 34.3230355443 33.0069228579 34.2873378654 34.3147788335 33.0344912929 33.7621481099 33.3179431384 33.3238087172 64.4078806723 46.3900307566 46.3900307566 33.8193731032 33.6824848266 34.2704655302 34.3988263132 33.4636424465 33.6730546738 34.0654827228 33.0736690054 33.734355 33.2490085127 33.7556606818 33.1401723383 34.406614758
33.7256669047 33.3610226277 33.642961334 33.1049881376 33.2701104984 34.2157455281 33.0400595502 33.0629348535 34.1293790802 64.347450754 64.347450754 33.2150246137 33.8426440955 34.0190588722 33.2881013177 33.0274556591 33.2039380049 33.7705289171 33.0052249265 33.4891992441 34.2875552644 33.3786919952 34.3280125339 33.5452318915 33.7318509644 33.7572679269 33.2383629201 34.0087026341 34.1007318891 33.6559966549 34.0542683764 33.2958851152 33.4866874321 33.5861113644 33.9372007588 34.3304825341 33.2992530421 33.2996482047 34.0217035365 34.0785705178 34.2315033235 33.3540870697 33.0592687746 34.1510028608 34.0927900441 33.3377047918 34.0633559275 33.2950421128 33.5395898858 34.3770293598 34.3506998668 34.175161297 34.4036210402
33.3202302224 33.5507823006 33.0034168534 33.3668425905 33.0236034295 33.4229694077 34.0270548163 33.2897457558 34.1483166254 64.347450754 33.4583635415 34.2181958634 33.4079492348 33.8185787518 33.4898456701 34.0250563303 34.3197550931 34.0354420183 33.297836961 33.1488776901 33.6239980161 33.7854886994 34.2526335148 33.597554027 34.0870943743 33.8723660755 33.4590700986 33.6764132187 34.3191254376 33.6621669404 33.618365825 33.845855021 33.3418341356 34.2586421827 33.3888084425 33.7829848296 33.4732106517 49.0732467597 49.0732467597 49.0732467597 49.0732467597 34.1993242979 34.1431592958 34.3835976682 34.0726021562 33.7633505547 34.3546683842 34.3516498873 34.1185317986 33.2683577775 33.0943909046 34.1901420766 34.247742896
33.5121053397 34.3579559493 33.3084543839 33.3925543792 33.7229980346 34.1840464624 34.16049837 33.7096225824 33.6360624339 50.6972199346 50.6972199346 50.6972199346 33.0890836559 34.0914077523 33.8265101873 33.8568787726 33.4826807226 34.075189034 33.3586626324 33.9020859567 33.3484453004 34.1627521132 33.3035034245 33.7445994253 33.1797842403 33.7208100482 34.360677821 33.8823463968 33.5001314049 34.1883862 34.3732576039 34.0529913028 34.0780931106 33.2458486696 33.3594922013 34.358075316 33.8028033962 33.9828242537 33.1911538063 49.0732467597 33.1661307258 33.9163442403 34.2361126337 34.3551003765 33.4949515664 33.5220492797 34.2214470185 34.1785575803 33.4869976765 33.1304980516 33.0711135719 34.1195595894 33.1308327436
33.8601059061 34.3361464218 33.2614690735 33.8201437851 33.1742968247 34.220599861 33.5969758618 33.663354782 34.1310235375 50.6972199346 50.6972199346 47.2573978986 33.9245770244 34.3897270802 33.4234270251 33.5343112364 33.5052825864 33.6658512762 33.8111013765 33.1287557152 33.1160803728 33.2284276538 33.3936546665 33.1900136399 33.6024951309 33.7637292502 33.6206561504 33.4033752468 33.2370416117 34.1323060688 34.3546427006 33.011766331 33.978040947 34.0979691578 33.7275774534 33.1872110143 34.3968506029 33.5909380659 65.8218723335 65.8218723335 65.8218723335 33.4280224548 34.3379191767 34.2004610742 33.2602027691 33.4956055332 33.809654648 33.1440561977 33.6336492325 34.0446969561 34.1390725857 33.7429504835 34.0343484386
34.1668366682 33.6687586381 33.394038529 33.3227895214 34.1243100947 33.0160109849 33.950958841 33.5580647272 33.9593068625 33.1956032161 47.2573978986 34.3589111044 34.1263665897 34.1909044209 33.0536189487 33.7820046341 33.0579234898 34.0896658613 33.5240040762 33.498915329 33.7857060422 34.0885912892 33.226320258 33.7432134545 34.1889320376 33.640429814 33.2166422189 33.4551523659 33.3208249131 33.9034638035 33.8022069859 33.6260285714 33.7811736124 33.2192439896 33.1148284778 33.1192896985 33.4367070583 34.0483335054 65.8218723335 65.8218723335 59.5530887803 33.0180208218 33.3531329945 34.3921160068 34.0470108736 33.2518049592 33.2928886211 33.9645508711 34.3587035428 33.7316680368 33.7549467063 34.2623658342 33.4086387674
34.3995389904 33.8965271625 33.8898518718 34.3647953687 34.1236753152 33.9051720489 33.1959579087 33.2779836163 33.7959453624 34.1455482433 33.1977073929 33.4199393223 33.3920546565 34.0968919386 33.910467971 33.5793238549 34.2117928105 34.1607946962 33.6007300394 34.280598394 34.2477379131 33.1894126689 34.0757324023 33.8576912409 33.6016261992 34.0179983622 34.2731855915 34.4133926082 34.3414972572 34.0414150114 34.0087556095 33.5781341101 34.1838398651 33.9149326509 33.6986002212 33.2296539475 33.3755917604 33.9595531743 33.8742711007 56.1194819253 56.1194819253 33.745576942 34.1985563794 33.7304965537 34.1917595484 33.9498190899 33.9904655434 34.2319456435 33.8706013178 34.3423948828 34.045383536 34.3517806833 33.3145048597
34.0538546545 34.1158198991 34.0812842972 33.70512805 33.0986086997 33.7849185632 33.5845962421 33.9065744335 33.3690858123 34.2639763111 33.3486288166 34.3588794009 34.0645138619 33.9093266659 34.3520763629 33.9578931015 33.1215485917 33.7737743234 34.3936076434 33.7192218182 34.3435518492 33.1032059963 34.2883867465 33.1987046968 33.7379444684 34.3726337562 33.7612408266 33.3911839626 33.8637494544 33.6177105008 33.7422742986 34.3084940184 33.9283244859 34.1308424818 33.4323768751 33.5924278001 33.719040296 33.7859074567 34.3565528969 56.1194819253 56.1194819253 34.0325082345 33.0802821419 33.6740474998 33.813222224 33.4681179343 33.2603826553 34.1164903744 33.7914530109 34.0679827976 33.6211726087 34.3389400985 33.9455493233
33.2259249362 34.0012518137 33.9902468262 33.815976417 33.1776324023 33.2114496807 33.0640799529 34.0920278017 33.8253221294 34.0440940652 53.5090450917 33.3365387987 33.5340249183 33.331801402 34.1094397524 33.2407715288 33.9402717727 33.0772991158 34.1380297492 33.4725535737 33.1195131146 34.1691347312 33.3423526822 33.9788860633 34.4045808787 33.2508410839 33.4062087676 34.3984625131 34.2684261565 34.1249385497 33.2346330635 33.9344064066 33.9401464295 33.7744563085 33.2014677663 34.3123436812 33.149729787 33.3847736513 33.1339683557 56.9967852116 34.0089416404 56.9967852116 34.1155956244 33.4528378206 34.3779709955 33.209131352 33.4676146285 33.3918275563 33.5719654151 34.103017115 33.5271394086 33.3579994063 33.8054060998
33.0251861875 33.5551877834 33.8525822152 33.6002898274 34.2076351955 34.0636596172 34.3079855765 34.2342756442 34.370875863 53.5090450917 76.4607951886 33.2008666771 33.3517424025 33.5154147049 33.2571921496 33.740484727 33.7483351643 33.2463854763 33.2466924951 34.2910619538 33.7069810253 34.2553935111 33.7742639631 34.3818942933 33.7688304253 33.3438473607 34.4124504687 33.9890171311 34.1059933049 34.0325395441 34.4057400482 33.1352752417 33.8324530676 33.4064668724 33.9096633803 33.4962518052 34.3378106396 33.7281181581 34.0820381308 34.0566456867 34.3314397039 61.280579244 61.280579244 33.642156739 33.1979675018 34.294069256 33.1196674554 33.7466273263 33.0504994292 34.2644205144 33.6580034639 34.074022116 33.5035079779
33.176908073 34.1039651633 34.1506154498 33.2797599764 33.4010217602 33.4240164358 34.088249415 33.0509432224 33.5290077411 76.4607951886 53.2519996443 33.0737647686 33.119313025 33.0106369386 33.4916198739 33.194162991 33.2163094269 34.1819817789 33.7532652664 33.2844465506 34.0246853626 33.2546650248 33.3609650333 33.0126471138 34.284897827 33.792371238 33.8744509355 34.280002499 34.3998491142 33.369920633 33.8695009793 33.1297718044 34.2676375008 33.5392200263 33.7076772662 33.2538820841 33.950410555 33.3297120923 34.2943128089 61.280579244 61.280579244 61.280579244 34.212171968 33.4072839098 33.1845212408 34.1872331136 33.1623135558 33.6510918606 33.8369369598 33.2379525534 33.6107157355 33.980290717 33.2006197362
33.9383504068 33.5873424531 33.2604734236 33.486937609 33.1496420848 33.0439192782 34.3211880152 33.6309786095 33.8198728892 53.2519996443 53.2519996443 53.2519996443 34.0246284935 34.2223186685 33.2749614865 33.7731664303 33.6441175548 34.1080785147 33.6883228067 34.2146907035 34.0484975195 33.7093431173 33.0635782168 33.663014573 33.0899101068 34.0710216966 33.8992310465 34.1270045146 34.2155601709 33.23576498 33.0278739586 33.0657571749 33.6953054288 33.7083906109 33.8592175021 34.1687051013 34.0583577856 33.5374796206 33.1984472844 33.2536195194 49.6503123614 61.280579244 34.2998258892 34.3772003415 33.003298552 33.1399306681 33.3321187192 33.6603723677 34.0807232004 33.1918298387 33.3364485512 33.0455157336 33.0781398718
34.3366623909 33.0178129526 33.3919049834 33.948145178 33.8758400031 34.1841548758 33.196981747 33.1345827592 33.0806251466 63.3433540886 63.3433540886 33.2880871855 34.3068167185 33.7492408845 33.0529355285 34.3372906999 34.3798144765 33.4179137379 33.4976518014 33.9059416033 33.4255315787 33.1420423903 33.2986795207 33.1908245647 34.3951732878 34.1219051936 33.6682350744 33.2465005662 33.4733623112 33.5758662875 33.5790528171 33.4906529127 33.3270723663 33.2175292075 33.5397906358 34.2921659944 33.981958709 34.1496131972 33.825237507 34.3581458577 33.4200445977 52.3125769095 52.3125769095 69.6856143685 33.1365705318 33.9624163959 33.9764799299 33.0998323178 33.4737778207 34.2924014616 33.7037615379 34.2569841225 34.2891805092
33.5837771904 33.8731090635 33.9523192124 33.8358962815 33.8655417408 33.5850928853 33.6859288861 33.8505759292 69.9668466556 63.3433540886 63.3433540886 69.9668466556 33.4765122586 34.1760904048 33.1480141666 33.5298053344 33.0887273286 34.2801519756 33.8488061942 33.158013789 34.3053920815 34.0432600256 34.0097988314 33.9608761599 34.3805574978 33.0736824083 33.3538236838 33.7605022154 33.7448163447 33.3388050422 34.1397613287 34.3659727562 33.0962134401 33.6833121574 33.8515561255 33.3838111857 33.4614581408 33.2011017041 34.0985554422 34.0678238571 33.2432579815 69.6856143685 59.8662455262 33.0042601718 33.3712125339 33.4671436863 33.2238754712 33.0099189402 34.0927172544 33.8318144435 34.1386986644 34.0985591696 34.1501796671
34.2869756639 33.7122677369 33.5377644733 34.1554687921 34.0052419678 33.3388048325 33.3286525026 34.3902020275 33.1272656057 62.5277031061 62.5277031061 34.0090975549 33.9180955095 33.4132294282 33.8486899726 33.0485473629 34.3043794912 33.8120844891 33.4813064321 34.1018215823 34.2667581622 33.2034068325 34.2466493349 34.3391248425 33.8332468028 33.826141843 33.8829481299 34.2060826945 34.259739348 34.035730309 33.4242413228 34.2784294483 33.872600238 33.1962804648 33.9219824399 33.3143966653 33.570067952 33.761626287 33.4658565763 33.3294980777 34.3415172352 33.0965143538 59.8662455262 59.8662455262 56.2448428412 33.6839260024 33.5631990694 33.7720581569 33.2411557152 33.2147328314 34.352258272 33.9100962086 33.8771351622
33.4603119627 33.7571385707 34.1523267435 33.5467884048 33.0931715228 34.0328091256 33.2634508399 33.0842615307 34.1641943188 33.9403237386 48.3763512749 34.2480649793 33.1226066488 33.5309482398 34.2675210582 34.2994357797 34.3229248796 33.5950957924 33.9170594539 34.3179332341 33.5183511412 33.6253734622 34.4001566886 33.6243115548 33.6369584432 33.2392066589 33.8558717124 33.5349530026 33.6859730235 34.2354933056 33.7058647537 33.44811882 33.332804962 33.8174794895 33.8017177832 33.1182305253 34.3404282606 33.5589487164 33.0024209551 33.4786195149 33.4870672989 33.6875746675 59.8662455262 64.9287658061 34.2035330389 34.1025495884 34.2271819336 33.7005813112 33.5149428403 34.2925346709 34.2620825882 34.267969109 34.0568554566
