Spatial_Output/BAU/BAU_0211.asc
NCOLS 155
NROWS 192
XLLCORNER 196307.867259
YLLCORNER 449144.565805
CELLSIZE 33.573938
NODATA_VALUE NaN
[rows 75 to 99 of 192, columns 57 to 113 of 155]
46.105924871 46.0405872048 47.054277202 46.6763042009 46.5159389214 47.101793019 87.6536006592 87.6536006592 47.1324234405 46.454278363 47.0238725817 46.6084967727 46.0511944941 47.2216508346 79.7849455749 82.3242078815 60.7948268443 60.7948268443 47.1029496204 47.398980674 47.3365656687 47.0419130365 47.0647633242 46.6613278843 46.3133604834 46.5375170999 46.1829802363 47.3384135785 46.8226071256 46.881086663 46.2046838659 46.7638924217 46.154859498 47.2226554376 46.8071465003 69.5625392106 46.7009586172 79.8836092695 79.8836092695 46.5169321029 79.7540498882 46.1144655392 46.2500318557 47.1868225208 71.2447631966 71.2447631966 46.453157669 46.8330603049 47.1007888765 47.3707994622 46.4105799286 46.0480020319 46.0675941551 46.9604752201 46.9623451327 46.7188899869 46.6797871923
46.8837653671 46.4950509315 46.8001047365 46.9029204516 46.1190960779 47.292562417 87.6536006592 87.6536006592 87.6536006592 46.6296778826 46.0020943472 47.092935167 46.1047207876 80.1754494227 80.1754494227 60.7948268443 60.7948268443 60.7948268443 46.0973923486 47.2964089139 46.8425503585 47.2468293758 46.515907982 46.2917330619 46.3530829206 47.0977958001 46.6135539415 46.1452645459 46.9674771458 46.3088778152 47.2664589116 46.9409467857 46.6072813251 47.1827793235 46.0581246825 46.1137131356 46.8414967801 46.1155084841 47.16539516 79.7540498882 46.058604593 46.522408481 46.7066171597 47.3550938795 46.9513174837 46.9012366672 64.9491764711 46.1051719159 47.0122979377 47.0097909827 46.3882619518 47.0751782818 46.0931965087 46.486521421 46.9930455125 46.2385061811 46.8643402593
46.5648562268 46.3134961018 47.250360293 46.4657672802 46.4988983552 46.5084115677 46.3183398105 46.3116596287 57.6750014533 47.0464956717 46.3744641802 75.0268743233 67.3320630717 69.1763199766 80.1754494227 72.4714078693 88.1799481637 88.1799481637 47.3532752899 46.8908536642 46.8102818939 46.1959565602 46.9977322691 47.4040347847 46.8202183091 46.1585609918 46.885674969 46.272494375 46.1741960403 46.6117489824 46.5273903114 46.4504242362 47.0995338555 46.6435955338 46.59299201 46.6965165969 46.0252426001 46.5627121981 46.6684130304 79.7540498882 79.7540498882 46.5956546226 46.9153741581 78.8772581906 46.9382256271 64.9491764711 46.9484670793 46.6821561375 46.9285037655 46.5011979573 46.8188589055 46.9160578072 46.9006981988 46.8852044797 46.0879688442 46.1536182678 83.9122615826
55.2856065105 55.2856065105 70.6554823382 53.0123233499 47.2329597492 61.465754416 46.9191527684 46.8909407701 46.1533534481 47.2906238008 46.3126480892 78.461876312 79.4919813391 73.3239058002 46.8067208219 72.4714078693 47.0751137153 73.8326884644 71.5878936685 46.5495237512 47.3967728168 46.9804684807 46.4080726843 46.9305126478 47.2977577855 46.7792174037 46.9722911456 46.820163366 46.5581631495 47.1950484567 46.8305450979 46.6078125137 47.1440555549 46.7113162014 46.8897324661 46.6468691122 47.1995260899 47.088662171 46.8146092818 46.2334254364 47.0654712687 46.6195557563 46.1755688494 46.3007677593 46.7835153428 66.2703410431 46.8664891513 47.0133306227 47.3112414094 46.0600106755 46.9159519846 46.1410224185 46.0869657518 47.0100231633 46.4646976257 46.7406456715 83.9122615826
55.2856065105 55.2856065105 53.0123233499 53.0123233499 53.0123233499 68.1731946397 68.1731946397 46.6230636861 46.1948634234 83.1134470577 91.8048763713 71.8932011445 76.8467394233 65.3825163184 46.6926581644 46.3232539305 46.8973327566 73.1870508054 55.5600121901 47.4080712833 47.1700127519 46.1831111469 46.1865444308 46.9058060128 46.3346256156 46.7734995347 46.6643170126 47.0027499672 46.2371486306 46.5530819918 47.1637709961 46.9322133089 47.0030798123 47.2208436679 46.0550672173 46.6044543421 47.1441490585 46.4149658567 46.9339145835 46.3650561527 46.3637763022 47.1050875281 46.5873469608 78.8772581906 55.4422442154 46.144593898 46.7104972933 65.8782382096 47.3888583971 46.8787735126 46.9923642766 46.228809594 47.3510716662 59.4852313606 47.1036999911 47.0655459013 83.9122615826
47.1578155613 58.8470649696 53.0123233499 53.0123233499 46.2832513172 68.1731946397 68.1731946397 46.1724996512 47.2272375447 46.3761097806 46.8151702487 46.1525512991 46.605995043 46.0010039346 47.1170788615 46.8137346568 55.5600121901 52.5241802943 52.5241802943 60.7753977717 46.0511620119 46.126370414 46.8135260868 46.6979725611 47.4125964424 46.9623588577 46.517089693 46.0848931986 47.0108755426 46.3203926593 47.0402990905 46.6736860426 46.6556169839 47.3023713523 47.1828681654 47.1131713883 46.2743265702 47.3107521693 46.7668666447 46.1179254878 47.2227690273 46.1866962744 46.9334882979 46.2140591597 47.1409119143 47.324908678 47.1400990105 46.4918044621 65.8782382096 46.2674561731 47.1765693257 46.7633080061 46.1955590269 59.4852313606 46.620882423 46.3937651906 47.3614801052
46.7428535722 46.3233446237 46.7720015395 47.0453783887 46.6733613719 68.1731946397 47.2299361468 46.8728713297 46.8532181526 83.1134470577 47.1819812218 47.1248074883 47.0555422502 47.2593955713 47.2503653101 46.1241756138 52.5241802943 52.5241802943 78.3785304462 47.0639538763 47.262551804 46.3194277227 46.6782456761 46.0061415992 47.3213147929 46.6093202574 47.1248012843 46.0101646161 46.2535593558 46.9311605138 46.116505492 46.8409516909 46.3254850788 46.5903089698 46.3717337277 46.0453112938 46.2101139693 47.2830540115 46.0947018 46.5472917349 47.2331821226 46.7547287369 47.1990749443 46.9438207405 46.151122498 46.7954297226 46.0807545485 47.1369082975 46.7885144244 46.0638290982 47.3835769646 47.1218352555 47.2870064259 46.5319120505 46.8015170505 46.0377803633 46.2240315992
46.5689476276 46.6132943572 46.9095144801 47.3596121306 47.4008223513 46.3461167541 46.3096883615 79.8907923855 46.049770223 47.2772951402 47.0797373781 46.8704961716 46.979136192 47.4085663156 46.7471410849 46.8736298339 47.2862257015 78.3785304462 78.3785304462 78.3785304462 46.5177720207 46.2437942813 46.0773916162 46.9176184031 46.9984419474 46.2777839463 46.6769553047 46.2222025505 46.5707641319 46.6392827833 46.1907549235 46.3265044095 46.8866636814 47.0430467519 46.0837878726 46.1991977286 47.2255154286 46.1648540446 47.0292389139 47.1998032362 46.9322519181 46.1980084395 47.0536550765 46.5680196671 46.8420188314 70.6599916708 70.6599916708 70.6599916708 46.0935724577 46.6423845601 46.0295099254 46.9628040199 46.3663021435 46.5225899788 46.4431657743 46.435230301 46.4062529648
46.2992738601 46.0208988369 47.3582796553 47.2209181524 46.0837977532 46.657260414 46.1896151343 60.56178389 60.56178389 46.5694251489 46.7979101342 46.6665624317 47.1627473058 47.2365734739 46.4458641527 46.1572283802 47.0065276726 47.0409506682 53.9991185162 46.816139928 46.8027786845 47.380635724 46.5541574064 46.6132187211 46.0979001888 47.3393107171 46.4910438304 46.3396732103 46.7632501631 46.1820497934 46.8053971341 46.9587088315 46.9899779245 47.3386823361 46.8953271955 47.3559767973 47.1019966843 46.3943527547 46.9974700462 47.3211436442 46.1826602368 46.4177931388 46.8107895327 46.9897949975 46.0836471386 70.6599916708 46.216003387 46.6020937647 47.1538946275 46.079408307 46.4082911404 46.6016209453 46.0711261079 46.8240052939 47.3884375708 46.3778956818 46.3557566823
47.2708859656 47.1267023756 46.5683188 47.0108593452 47.0545640816 46.4333197408 46.9672209449 46.1030014331 65.0232817017 46.2493266076 46.0878898794 46.527744964 46.5885978823 46.1960788181 46.4175391658 47.1108640781 46.3767352299 46.1834554179 53.9991185162 53.9991185162 47.1472080335 46.9056634048 46.8615280711 47.0886059965 46.8091976318 46.9252045863 46.0754187596 46.0922726196 47.1740833721 46.4623696898 46.4061594217 47.4007149028 46.8008169237 46.5140535197 46.7050090328 46.5752568371 46.9759739616 47.1082806807 46.7637344179 46.6929770835 46.6402522085 46.8941768844 46.2316099453 47.3070601486 46.2037646449 46.2191950693 46.7846981462 46.1983833402 46.0835549002 46.2287772068 47.1524435943 47.0070302838 46.1083199587 46.3183728701 46.8793143664 47.0156839302 46.1605931618
46.8878959152 46.9656346781 46.5899384425 46.869446408 46.9624197119 46.5001689659 46.3012580272 47.0797484429 65.0232817017 46.881658185 46.9577869025 46.6894395152 46.7602796625 47.3397285292 46.5632636645 46.1106740407 46.7977227877 46.0153486306 46.2490812829 46.8950515642 46.8893466032 46.2925241481 47.3446395886 46.6986364836 47.2057343568 47.2235745711 47.0314033901 46.7905389119 46.2847154752 64.8529383586 64.8529383586 46.1577236806 46.6176182883 47.0844797474 46.1231396698 47.0941097666 47.1923116025 47.0982589808 47.1776617215 47.3093417625 46.6719536049 46.5027851261 46.8263789717 46.3307325538 46.5462896468 46.0400490571 46.6914373547 59.0263427754 46.5530934445 46.0329041845 46.836328699 47.1948017037 46.5798548662 46.4783344622 47.138262816 46.6278451505 46.3047836808
46.4070200241 46.7010780486 46.3416731652 46.8817681097 47.104115924 46.4761447306 46.7778728564 88.8827554286 60.3243620815 46.3159811199 46.9408042255 47.0232726064 46.7694721088 46.4387771028 46.73447864 46.779470126 46.7668846402 46.7440256816 46.4406448843 46.938326645 46.8291332774 47.1862825301 46.6475630767 46.3695732469 46.9917337333 46.5116374421 46.0552422454 46.4356294091 46.6383680374 64.8529383586 64.8529383586 46.5284523545 46.3880191983 46.2996067061 46.7649540643 46.4656346367 47.0940599099 47.0686132187 46.4995551911 46.821911961 47.0478692994 46.7315270057 46.4857892128 46.6975534045 46.1658257516 46.6652438518 46.8560510277 63.6348581347 46.6641119068 46.5573354602 47.0073462467 46.7116118037 62.8902130789 46.7504282505 46.2043435458 46.5597233407 46.2816749146
46.4709178932 46.6012119219 46.4250826626 47.3633023209 47.1706075888 46.3439889692 47.1813485426 69.000502612 69.000502612 60.3243620815 46.4053546469 46.7331475593 46.4262525707 47.0309165377 46.4432183895 46.4537098975 46.8692475198 46.1168240139 46.4117445813 46.5442429947 46.7683818472 46.5731527834 47.2208273682 46.2917836554 46.1888507712 46.3987797019 46.6199475799 46.5822622222 46.1944322754 64.7269854551 64.7269854551 64.7269854551 46.201064186 47.0428472477 46.6955553801 47.1219256616 47.3646711567 47.3429254782 46.9708787104 46.178400757 46.248162025 46.7061059052 46.0281960698 46.0260840762 46.0114355695 46.3797572916 46.3254219224 46.3866617249 46.275654544 46.4124710213 74.2200399809 46.4488170414 46.3686159383 46.5585870934 82.7762612327 82.7762612327 60.6654593975
46.3325237655 46.6901238672 47.2066957736 47.1666648461 46.0702247837 47.3174111308 46.2727648366 69.000502612 69.000502612 46.5558668818 47.1796163021 47.3897603804 46.3745789813 46.3923750669 46.4103380209 47.3412759612 46.1677606929 46.5285073864 46.6448619979 46.9459693005 46.094952478 46.9734570628 46.7136151977 46.219062682 46.4567493935 47.2163389395 46.513515602 46.1677950672 55.1092163463 64.7269854551 64.7269854551 46.5078475731 46.8652992901 46.9489271482 46.3129742651 47.2215859531 46.5603980334 46.6878485473 47.1328003094 47.2218993752 46.9220008043 46.7142589743 46.5781359743 46.7333857086 46.0376334026 46.4615679843 46.2945245987 46.8800581296 46.0099533676 46.7979154457 46.1915186388 62.8902130789 47.1164678588 82.7762612327 82.7762612327 82.7762612327 60.6654593975
47.0014365874 47.0994148666 46.4476855465 46.9398997165 46.5323034261 46.1766961684 47.0241494249 46.8087529434 47.272122041 46.8026775187 47.1242639369 46.9001940583 47.1510599704 46.8673116077 46.0317920791 47.3869749673 46.2447358967 47.3969727068 47.3226070231 46.5158585291 46.603978306 46.1565030452 47.3438229663 46.8912709997 46.2228024524 71.6883663001 87.8338305275 60.0539468462 53.6001811625 64.5371251357 53.7587166001 64.5371251357 46.5342496414 47.063262245 46.5529887085 46.2795869458 46.2857242559 46.539085147 47.2659634079 47.2885808603 46.1362840163 47.1117951626 46.6170069469 46.9995709288 47.357535813 47.2985051867 46.6430649503 47.3773511384 46.0675841788 46.7483809614 46.6377053027 46.6730800992 46.0559198375 47.2821254715 82.7762612327 46.3442042655 60.6654593975
46.426945993 46.4897800785 46.5058449716 46.8189603091 46.5526338302 46.8286177113 47.3352424334 71.2230403634 71.2230403634 46.6591437809 47.043235457 47.3984773654 46.7951533265 47.0592525484 47.1209408343 47.279935858 46.6786445091 46.3072338299 46.4501208628 47.1493997059 47.1855823887 46.687656722 46.128887989 46.4694727754 46.1417020552 71.6883663001 71.6883663001 60.0539468462 60.0539468462 71.9991502508 53.7587166001 53.7587166001 46.4578676145 47.2941553389 46.1332690789 46.256454988 46.2847926573 46.2812396712 46.7386596792 46.9967696332 46.5173190577 46.9204312226 46.206181198 46.153453013 47.2155213396 46.2266246523 47.3024563882 47.2987045507 46.2878525263 46.4253048658 46.6034318266 46.6101657495 47.2902242041 46.2675336418 47.3744906661 46.3694922881 46.1041213685
46.075822732 46.5509591661 46.6579767765 46.7653953562 46.4618247538 46.1988325488 46.9874958173 79.9214386482 79.9214386482 79.9214386482 46.5364413001 46.8901975577 46.1322550974 46.6469919658 46.4771823569 46.7356405234 46.7303616254 47.2027501415 46.7752095159 46.1154262165 46.4845932822 47.3193067683 46.401915116 46.9245324759 46.8298087397 71.6883663001 87.8338305275 60.0539468462 53.6001811625 53.7587166001 53.7587166001 53.7587166001 47.2217680009 46.1875991767 46.8161477547 47.2610886495 46.3361892277 46.0985957073 46.7411392563 46.1737405515 46.8639932773 47.3539580249 46.7614313422 46.1332539103 47.2753196894 47.1476857234 47.1193557121 46.5261710788 47.2917983392 46.9221532992 46.8605275241 46.0199925845 47.0820203833 46.5932158557 46.2117951155 47.2294070608 46.7627222859
46.4547153822 46.663879646 46.2860510606 47.4071385226 46.9766103118 47.1539753612 47.0562343085 79.9214386482 79.9214386482 79.9214386482 47.0996966299 46.9355338037 47.1082867174 46.4838043423 46.1114166195 46.889268529 46.0833380265 46.735694715 46.792248838 46.6962114838 46.2731272975 47.3793375361 46.4773155176 46.5494640807 46.4339240345 46.9587799859 47.0692080333 47.1682002344 46.8006524368 46.8509204789 46.8528228847 46.1783612481 46.3258026594 46.7526552664 47.0638300416 46.498566636 46.1183427471 47.3448656059 46.1469032808 47.3881028466 47.057982878 46.0698148681 46.3531260558 47.2906261755 47.2256154464 46.6619744709 46.9039630007 46.5589010609 47.2824865757 46.8630642149 46.8605972579 46.6646723126 47.196856075 47.1114658244 46.6549134969 47.3919405288 47.2909379225
47.2033317731 47.0043564452 46.3930902123 46.0870305822 47.177374019 46.8498486819 46.833929967 47.3624792133 79.9214386482 47.088117542 46.3581757249 47.0050552026 47.3768039903 46.5764055066 47.1065283871 46.8295135374 47.3353146156 47.0752216361 46.1864473701 47.3855196024 46.4116323908 46.3720849188 47.3218739629 46.5106963323 46.7981861742 46.062131459 46.5468848017 46.4380713922 46.6613125651 46.6186452566 47.1139912967 47.3052303497 46.9668623941 46.174963565 46.1351306236 46.2666351662 47.3007118453 46.4063769376 46.4941036799 46.1100534009 47.0967298395 47.2656085939 46.4073640398 46.5155377848 46.81368273 46.1283483697 46.73152979 47.1028610692 47.0579514439 46.1378315403 47.0429087147 47.2420273526 47.1603332925 47.0235356152 47.2171472799 46.9837329425 46.9450198769
46.6398888587 46.8073225426 46.0133928542 46.1337059341 46.4192753849 46.640938355 47.3436323117 65.8492581677 65.8492581677 65.8492581677 47.2932865788 47.1997841974 47.034338936 46.1810151304 46.6053429211 46.6057791558 47.3995036165 46.8290213965 46.9042254253 47.2735611365 46.2113277494 46.5272608781 46.8030221202 46.8065748115 47.1871722322 46.8000811754 46.2750840288 46.8379269584 46.726531312 47.250284289 47.3417512408 46.9238531892 46.1550667687 46.4576931628 46.3465414297 46.6888372893 47.0567182599 46.6001547687 47.2488329017 46.3103331947 47.4070270266 47.0079170308 46.1881743139 46.6999222331 46.4788467817 47.0238456447 46.4733734794 47.116089407 46.4989339392 46.3911010415 47.0247351199 46.1269211795 47.3538784585 46.7193342612 46.623291304 65.81687089 85.8308343786
46.1795373608 46.8922934799 46.5025982357 46.0512731273 47.1834577259 46.2752816597 46.3288104969 46.4067902372 65.8492581677 46.2162307533 46.6468011525 46.1452133508 46.7521314025 46.957335632 47.2181709416 46.9953813491 46.2580337534 46.2531285922 47.3415002194 47.0386962327 47.207171918 46.3906472859 46.7598869246 47.2321365604 46.9986451437 46.7149955656 46.2638430019 47.1343988409 46.1714933526 47.3372743337 46.243001144 46.1933617145 46.7986334674 47.0928349686 46.1121474721 46.4118898196 46.2753320634 46.7271373222 46.3211317803 46.4375001977 46.3613878707 46.914086171 46.1039356488 46.8268388823 46.3380905864 46.9166343412 46.3150966608 46.4022575442 46.6790684836 47.3617112434 67.9855755352 67.9855755352 87.1180587801 87.1180587801 47.260195582 65.81687089 65.81687089
47.0722363511 46.4134275333 71.549812279 65.9358894725 46.0977491556 46.7107713269 47.044124425 87.2628442026 87.2628442026 87.2628442026 47.1770274845 46.6794571013 79.3624967412 46.9220644311 47.2201483077 46.2242488595 46.3793352623 46.2789862079 78.7385817509 46.5063513178 62.591658708 46.5571585601 46.8438759379 46.2928969487 46.5823859604 47.3217922921 46.3359083938 47.1333440683 47.353928635 46.4721783214 47.2348124615 47.3969545995 46.7559336557 46.1158758216 46.7450769895 47.2722159389 47.2547866873 67.3037579605 46.9037678787 47.297131826 46.911086352 46.863169601 46.2500986297 46.6206675533 46.3498586409 46.9880456708 46.2759297486 46.4361337402 46.8725838145 46.2783520083 67.9855755352 67.9855755352 87.1180587801 46.0107209244 47.2117453616 65.81687089 85.8308343786
74.8532491971 74.8532491971 71.549812279 74.0910541435 65.992166047 60.5722910433 47.1083047504 87.2628442026 87.2628442026 68.153799565 68.153799565 79.3624967412 79.3624967412 46.8320347151 46.4032878624 46.640943533 46.4687959236 46.4209317695 78.7385817509 82.8223845353 82.8223845353 82.8223845353 46.8198495546 46.8270252711 46.3872244151 46.184508431 46.9513489457 46.9958568582 47.1256061011 47.1639923527 47.3670611933 46.5554438766 46.725286903 68.1152037278 68.1152037278 46.8530000712 46.1548037887 67.3037579605 46.2439017228 47.1788013941 46.4255013338 47.355814694 46.0467893207 46.2046155829 47.1607189534 47.286686369 65.0089385441 46.7721595072 47.0311617966 46.7701351188 47.4083255198 67.9855755352 87.1180587801 47.2013466061 47.2274978832 46.1888724132 46.5788609618
74.8532491971 74.8532491971 71.549812279 71.549812279 65.992166047 65.992166047 73.3386782079 73.3386782079 68.153799565 68.153799565 68.153799565 79.3624967412 79.3624967412 47.2284442287 46.7207469093 46.7889480549 47.1353747359 46.3274972677 78.7385817509 78.7385817509 82.8223845353 67.4349508843 46.2511346297 46.9649486786 47.3274947664 46.1063313249 46.3596503418 46.0826206985 47.0254645438 46.1706582297 46.9652769391 46.536945929 46.0759079067 47.0359995793 68.1152037278 47.353133459 46.4706686553 46.8819717317 46.7088261955 46.1284699249 46.972214348 46.2432792203 46.6693824128 46.3743603185 46.6943064976 46.4920063981 69.3985609344 46.5657836802 69.3985609344 46.2290317649 46.4340628967 46.6461481744 46.0602899388 46.167607289 46.553164951 46.0357322737 46.8977198517
60.5580210161 74.8532491971 71.549812279 74.0910541435 65.992166047 60.5722910433 65.2981328538 65.2981328538 65.2981328538 47.1249337785 47.0215907521 46.7228048101 79.3624967412 46.6018967927 46.3672454152 46.8239248974 46.7765217516 46.9275226713 78.7385817509 46.0278120145 61.6796677715 46.8639830513 46.1120962936 46.1442031273 47.0540934622 46.6541122501 46.7141313819 46.6095402426 47.3100613587 47.0887354364 46.6114080599 47.0675012973 46.1587476056 46.3642025387 46.0056271988 46.6166146981 46.2844867541 46.8371408263 46.9482184805 46.7537481781 46.5692560982 46.4027940682 47.1225872144 46.3628548225 47.0991688046 46.5958342458 46.3377761686 46.5836918898 46.0831175978 46.8022149127 46.1958870593 47.0907080047 46.0280306792 47.2248657597 46.0733162176 47.2798431724 46.6579578836
