Spatial_Output/BAU/BAU_0289.asc
NCOLS 155
NROWS 192
XLLCORNER 196307.867259
YLLCORNER 449144.565805
CELLSIZE 33.573938
NODATA_VALUE NaN
[rows 50 to 74 of 192, columns 0 to 56 of 155]
45.0291722264 45.1748946969 44.5203558083 44.825344067 44.8324357389 44.5356201924 44.9304894364 45.0596533233 44.9430459084 45.1325622614 45.0594214923 44.7388018885 44.5463302681 44.6635810223 44.861542826 44.5526444893 44.6873990815 44.5037105897 44.7201101009 44.7383855 44.6780585875 44.9338069169 44.8087385914 44.9856612321 44.7741807677 44.9130999219 44.7555613966 69.6062307936 45.0928693759 45.1205956438 44.6484733908 44.5674358578 45.0429339779 44.5982827423 78.9904751389 70.6885271326 44.6688264285 45.2031140014 63.1149955323 44.7080127712 44.5546786521 44.8962540074 44.7267168287 45.0914933484 45.1648696505 44.9069134535 45.0277804056 44.706044734 44.5880725536 45.0865487312 45.0845798861 44.9569038604 44.6775480735 45.1842838774 44.8389454644 44.6753166241 44.5389247238
44.6114134362 44.9013487106 45.0855252303 44.8896337406 44.5840232234 44.7203925105 44.6974231388 44.8648867726 45.1572975203 45.1783580303 44.9680791078 44.589252296 44.8806447737 44.6163783818 44.5341404987 44.8902498302 45.0334279196 44.856426827 44.931367491 45.0960671128 44.7119691813 44.925525664 44.5593298965 44.5546307253 69.712507546 70.4188022853 67.3897033657 67.3897033657 44.6298001584 61.1946836946 53.1303148299 70.1230343576 44.5019485297 44.6899423093 44.9318065983 45.1945612012 44.5537135428 58.252785057 58.252785057 63.1149955323 44.9261288907 45.0585294884 45.1069625122 44.5447881827 45.0762440091 44.605514035 45.1929661145 44.8563978746 85.1724315817 84.908755217 44.848442053 44.7003714926 44.5104422802 45.1691989672 44.9965584766 66.8788711072 44.964632215
44.5871586617 44.7689001507 45.1782775045 44.646857547 44.9831450928 44.8513904271 44.5342328613 44.754649961 44.865677715 44.5039491975 44.8294644916 45.1425752401 45.0120318069 45.1599627278 44.7821382259 45.0827165864 44.7837067207 44.5210392378 45.1350642569 44.710727969 44.8908221941 44.9284630188 44.781151069 44.6546582705 69.712507546 70.4948440979 67.3897033657 67.3897033657 61.1946836946 61.1946836946 61.1946836946 47.9842067699 55.627978138 44.9212321915 44.7596246328 44.8191146013 71.7754590714 58.252785057 58.252785057 58.252785057 45.1412992546 44.6750541306 78.3925406607 88.3629473312 88.3629473312 88.7049213478 45.1526704278 45.1296106717 44.8366388943 84.908755217 55.9885395195 81.4688936245 81.4688936245 45.116747647 66.8788711072 66.8788711072 66.8788711072
45.1988763654 45.128007425 44.5567047964 45.1485416469 44.7022347123 44.6993849214 44.5553059964 44.5367940632 45.1678777702 44.9500584006 45.1630784712 44.971314308 44.728712611 45.1418938643 44.856463252 44.7394975875 44.8800465732 44.7795302693 45.1439368674 44.7746322505 44.7583921165 44.784403187 44.6325468711 45.0003099565 45.1764056283 70.4948440979 70.4948440979 70.4948440979 44.6004104892 61.1946836946 47.9842067699 70.1230343576 44.8547874714 45.1039183945 45.0410178883 44.8777379285 45.0125602337 45.0225642254 71.4714887072 45.0025027476 44.6601017675 94.4927417508 94.4927417508 88.3629473312 88.3629473312 88.3629473312 88.7049213478 45.2023148906 84.908755217 84.908755217 81.4688936245 81.4688936245 81.4688936245 61.5956727651 66.8788711072 66.8788711072 44.9154086508
44.626938097 44.7953244978 44.7138708078 44.7673077547 44.7645205022 44.8243200546 45.0438377273 44.9741960392 44.9833384706 44.7825323338 45.0120375676 44.7038260981 45.0912650429 44.8187677785 44.7500484095 45.0715140018 45.1243578886 44.9454265606 44.8872163484 44.7651428716 44.6668537545 44.9084409958 44.9975545863 60.0052692924 60.0052692924 59.1078725941 59.1078725941 59.1078725941 44.6734337847 44.9514877419 63.6615654037 63.6615654037 63.6615654037 44.8942898939 45.1157497202 44.7008971221 44.7101896522 45.0401598543 45.1389179365 44.7503709773 44.6019610213 44.7743966584 94.4927417508 45.135735659 88.3629473312 44.8716635671 44.7507897375 44.637310031 45.1724989329 44.7422039729 45.1989501175 81.4688936245 45.1035798341 61.5956727651 61.5956727651 44.563370633 44.9534399357
0 44.6099405632 44.6995155017 44.6599390203 45.0897907597 44.6127891747 44.8034807477 44.5797173342 44.708052292 44.9497084607 44.8909751497 44.6354020324 45.1102565476 45.0377596837 44.7824139012 44.9430855085 44.6771321473 45.2019469167 44.8806785786 45.2062035263 44.5811218704 45.1213875183 45.192612633 68.1257843011 68.1257843011 59.1078725941 59.1078725941 59.1078725941 44.6274349724 44.6810966608 63.6615654037 63.6615654037 63.6615654037 45.1521253697 45.1755478615 45.1155628024 45.205272108 44.9687069101 44.662597846 45.1848090375 44.8406278657 44.8126111736 44.9996733411 44.9326792524 44.8947206533 45.0588319846 44.5621307818 44.7296574172 44.6549611326 44.857672548 44.6740894149 44.8826093619 45.0551386677 44.9058615202 61.5956727651 44.8452155096 44.8821406621
0 0 45.0218490178 45.1539879833 45.048240056 44.5360209895 44.6386063757 44.7625918514 44.7387057661 44.8290553912 44.8914908355 44.9864894407 45.0295692575 44.8103762274 44.561870175 44.7078379834 44.6276193694 45.130044266 44.6072409002 44.5261986873 45.0667969638 44.6824093076 68.1257843011 68.1257843011 74.5458899502 68.1257843011 61.1844465515 44.8613970156 44.9076948837 45.1115647237 45.0727840779 44.9751687912 60.9719419339 60.9719419339 44.8174984627 44.8686056107 44.9443301052 44.71078073 44.8465004672 44.8040047314 44.8762773765 44.8435942783 45.0791720632 44.7251832649 45.1118697888 44.7189035687 44.8838385784 44.7384461789 44.5919187704 44.8446073273 45.2030169218 44.5335953562 44.5526083998 44.9479147615 44.6292925695 44.8506962735 44.6494788443
0 0 0 45.1955163958 44.925259618 45.1982127418 45.099727642 44.9008354728 44.541921476 45.0541942282 44.712995396 45.1220340576 44.6773183407 44.9649367644 44.9243786696 44.5037775976 44.9803459942 44.5184213058 45.1566735014 44.9926376004 44.9311434843 44.922705578 44.7691685175 44.8932956155 74.5458899502 74.5458899502 61.1844465515 61.1844465515 44.7705687827 45.040005726 45.0440459779 60.9719419339 60.9719419339 60.9719419339 45.1291956021 44.63804 44.727955877 44.5709316838 44.6500775369 44.7253640672 44.70549968 44.5335507319 45.080086248 44.6256720715 44.5629804727 44.6501021683 45.1161537148 44.6750724548 45.1170393326 44.744492258 44.7610211062 45.026512488 44.8772885072 44.9168339484 45.1911457998 45.0869558213 45.0185566762
0 0 0 0 44.653722582 44.7229816822 44.7319436086 44.536429531 44.6737878255 44.9599184284 44.6821647583 44.6999475623 44.5755725168 44.614616447 44.9625162713 44.9128040413 44.6471870685 44.6749286283 44.6842250819 44.7113663002 44.6946872941 45.0067760825 44.9350389084 74.5458899502 74.5458899502 82.3269274498 82.3269274498 82.3269274498 45.0769650861 44.8677116202 44.5370114671 44.7454874045 44.7072343762 44.9948051923 45.1356539408 45.027535165 44.9073290166 79.6948854797 44.5443782486 45.1246913151 60.1207268514 60.1207268514 70.7637804032 44.6294013204 45.0481060291 44.8565585349 44.7963399773 45.1017373345 45.1600079452 45.0664082138 44.516497747 44.7534945 44.9778443153 44.9704991438 44.6116431542 45.144064443 45.132446385
0 0 0 0 44.5576424911 44.5284964896 44.58669074 44.749551374 44.9114299625 45.0449965419 44.991123794 44.8402508482 44.5133423803 44.586135738 44.9778859466 45.1082192985 44.7346779081 45.1714918316 44.767685539 44.6595318717 44.5561564355 44.9638443576 45.0624214933 44.8155902245 44.5812552324 82.3269274498 82.3269274498 60.1601493635 70.969993764 74.3366202467 74.2156812423 44.7044948263 52.4638959704 72.0284847766 44.5824960769 60.5375972816 45.0548605234 79.6948854797 79.6948854797 66.2777336432 60.1207268514 70.7637804032 70.7637804032 45.0434866007 44.650684226 44.6637504343 44.8704861665 44.6427350237 44.8472934625 44.9588323815 44.9424547231 45.0015197854 44.556089275 45.2023325932 45.1596600742 44.686721015 44.5899626296
0 0 0 0 0 44.5916088282 44.5692803466 44.8540818873 44.8921811761 44.7880300083 45.0305573 44.9287869866 44.9083392307 44.8281202736 45.037998148 44.9671615697 45.0611714497 44.5371782382 44.8312273147 44.8286377087 45.0069637232 44.8819922709 44.7711556321 44.7099069296 44.7913314051 61.3314321387 64.9306647077 64.9306647077 70.969993764 70.969993764 67.3232805469 68.1319229266 52.4638959704 52.4638959704 60.5375972816 60.5375972816 60.5375972816 79.6948854797 79.6948854797 61.6505167489 61.6505167489 70.7637804032 70.7637804032 44.836857122 44.5291618248 44.6448768056 45.0212438108 45.0263267098 45.0983919526 44.7334979276 44.5618302451 45.1616170855 45.1828549066 44.7967169656 44.8616731941 44.78817303 44.6140660619
0 0 0 0 0 44.9924021155 44.7185402459 44.9007319147 45.1587105211 45.017454833 44.5133684668 44.7232116057 44.6283843355 45.0484643977 45.2009861861 44.9381778302 44.9069350166 44.7248675599 44.7946725036 44.5122012942 44.8545562874 44.5703807057 44.8115823447 44.6046901438 44.9367810209 61.3314321387 71.7733378791 79.8885405184 70.969993764 70.969993764 67.3232805469 68.1319229266 52.4638959704 52.4638959704 50.0956792509 60.5375972816 44.8713686892 58.7371702972 44.6800036852 44.5311382728 60.8531258364 61.6505167489 61.5178694034 45.1306855888 44.9391326469 45.0054590682 45.0928791485 45.107706512 44.7941691419 44.7828391823 45.1065556191 44.9847845694 44.5657981973 44.596208236 45.0421790964 44.9813059547 44.660642787
0 0 0 0 0 44.5122056648 44.8893697047 44.6432728809 45.1906986713 44.6750033465 44.9561083612 44.8127957244 45.0477914805 44.8285340989 44.7344496585 45.0039448604 44.8050770313 44.7157914608 44.6998681961 44.7857396639 44.6346299853 44.5604655974 44.7055053009 44.8757698971 44.5306260655 45.0813205914 79.8885405184 79.8885405184 70.969993764 74.3366202467 74.2156812423 44.5400565067 52.4638959704 50.0956792509 50.0956792509 44.7595680273 44.6198568018 45.1698571704 44.7439672228 60.8531258364 60.8531258364 60.8531258364 60.8531258364 44.9588778206 44.5449938524 45.1646020884 44.7073531698 44.6580063788 45.10434145 44.9743717911 44.6570821935 44.5901705717 44.8084713523 44.6141543695 44.9156626719 44.7773815573 45.076851614
0 0 0 0 0 0 44.8976086811 44.892997372 45.0883260677 44.8459790155 44.5683160393 44.6439137828 44.543313402 44.5576722149 45.0789355223 45.1090293149 45.123987767 44.7504860302 44.9991376224 44.658814518 44.6553652926 45.1859830259 45.1790242217 44.6789683781 45.1360799414 45.0785546275 57.3313031826 60.7579601125 57.3313031826 45.1843845572 45.1340986114 44.5921123339 44.6718185542 76.1493802601 76.1493802601 76.1493802601 45.1452330597 44.9346607397 45.0407027381 45.1805661082 44.6500723328 45.0673114504 44.8043455163 44.7695251196 44.7247312398 44.8382326627 45.1290478417 44.6005389571 44.856193533 44.8423362845 45.1747661056 44.6009721756 44.7599404073 44.5596453685 44.994573214 45.0362548622 44.9512096961
0 0 0 0 0 0 0 44.6372041991 44.9003866768 45.1418165073 44.6122387573 44.774799928 44.5840231365 44.8217716372 44.5937290973 44.7177835762 45.0869038816 44.7674935163 45.0197687329 44.9191498953 44.6000007255 44.6826916362 44.8823648549 44.9935588544 44.8514197547 44.8511352975 60.7579601125 60.7579601125 60.7579601125 44.800116642 44.915543729 44.7167308645 45.023112159 76.1493802601 76.1493802601 45.1275655995 44.9216479296 44.8617660762 44.9491921493 44.8824268385 45.1716618829 44.6735370566 44.5876616701 45.0501280786 44.8912982636 44.811273995 44.5579035006 44.695537724 44.9380444321 44.9327147937 44.767670703 45.1222628186 44.7995060255 45.114279176 45.0228641755 44.9501263166 45.0673900772
0 0 0 0 0 0 0 0 44.5113103793 44.9697612679 45.0029150854 45.1100385202 44.5671568689 44.7820026846 44.8956024396 44.974991883 44.6479390233 44.7253109673 44.9327567155 44.6581605092 45.0833401125 45.09187289 44.6336743887 44.6444581558 44.8340420335 44.9536660445 76.3340640144 57.0648082167 76.3340640144 44.7551775326 44.5799286713 44.6273888431 44.9940066389 45.1047008081 44.8070224122 44.9249974603 44.8861334081 44.822278512 45.1400357213 45.0945499475 78.4780162603 78.4780162603 44.525756602 44.5697826719 45.1026110442 45.1550821788 45.1849645034 44.6033533221 45.1112737293 44.992756488 44.8401033503 44.5471733692 44.8508477714 44.9862357378 44.8943295119 44.8712095647 44.7857827245
0 0 0 0 0 0 0 0 0 0 44.7240742209 44.5827448479 44.8298008005 44.5271717231 45.1318210359 45.1076073192 44.8604000267 45.0667027154 44.6073255407 44.5098756045 44.5274482857 44.6481047207 45.1243840079 45.0718961684 44.7922870532 54.4522205219 57.0648082167 57.0648082167 57.0648082167 61.5281194394 54.7406032246 70.6935611852 57.2586903675 44.5803322089 44.9818251703 53.2981648247 44.8486912953 73.4255458706 44.8745092832 44.5049174591 78.4780162603 78.4780162603 45.1843749352 44.5189038588 44.8360796673 44.950023384 44.8032983376 44.6685144769 44.6078890397 44.7444397543 44.7673624006 44.8318842194 44.6678368483 44.9344326551 44.7420547924 44.922133256 44.5771061375
0 0 0 0 0 0 0 0 0 0 0 44.9750508435 44.8426943429 45.1170860594 44.6554222504 45.1109298456 44.9392695819 45.0227857536 44.5984904205 44.604514713 44.6264793586 44.8362360987 44.8140879039 44.8331769354 54.4522205219 54.4522205219 44.8642803031 45.1042964359 68.1647889418 44.9893488391 70.6935611852 70.6935611852 57.2586903675 44.810449372 84.1101509863 84.1101509863 53.2981648247 45.1169319157 44.8921817889 44.8162432691 44.795266455 44.8147399329 69.5498388562 44.8980220128 45.064760325 44.5462400162 44.5619449013 44.7413794168 44.9342747296 44.554511693 45.1554560081 44.5398838637 44.8062958334 45.2012874454 44.5927197414 66.6577758563 66.6577758563
0 0 0 0 0 0 0 0 0 45.126831669 45.0468599022 44.6634216274 44.6818898528 44.5016909386 45.1071023435 44.5320181463 44.9096120795 44.7005418494 44.6327887523 44.8861466643 44.6903293084 44.9127638959 44.6281239414 44.9330694589 44.6357702381 54.4522205219 68.1647889418 68.1647889418 68.1647889418 61.5281194394 54.7406032246 70.6935611852 57.2586903675 44.5359954521 84.1101509863 84.1101509863 72.9855912841 73.4255458706 44.8424220083 44.9034611611 54.897329958 54.897329958 54.897329958 45.1065858662 44.5045626528 44.9090215014 44.9546012413 44.745552712 45.1077067613 44.8418790117 44.9824468553 44.6161824135 44.6726074564 44.6553229943 44.9058976273 55.9906506675 55.9906506675
0 0 0 0 0 0 0 0 0 44.5267766054 44.5970514266 44.7222428588 44.9796312 44.8849038765 45.1940393111 45.0064446485 44.8717131424 44.7071584832 44.5910186162 45.1260740594 44.8361357607 44.7701787338 45.1599397367 44.754917813 44.6748860896 44.8940104667 98.3757241975 98.3757241975 68.1647889418 64.5828663924 44.7341558368 44.5665006598 44.6560757715 45.1152851257 72.9855912841 72.9855912841 44.6334477326 44.970844814 44.6661472924 44.5030273042 54.897329958 54.897329958 44.59322462 45.1088687851 45.1504135324 45.0570992057 44.5084560577 44.7248452943 44.9441315307 45.1752773007 44.7569805022 44.961836929 45.1450994623 44.54557356 44.8650838763 55.9906506675 55.9906506675
0 0 0 0 0 0 0 0 0 44.5096250016 45.1796691149 45.0375140829 44.8375262709 44.5774869769 44.795506618 44.5650809807 44.7619836404 45.0647108649 44.5158501634 44.8366397257 44.9855617164 44.5273249527 44.520466139 44.8815022396 45.0359031011 44.879374007 98.3757241975 98.3757241975 68.1178412321 44.9748621335 45.0891233433 44.643514951 45.1014599089 45.1310455694 60.3760636174 60.3760636174 55.1195004348 44.7566315115 44.634358145 45.1635294839 80.887288931 80.887288931 80.887288931 44.5331452398 44.5934160428 44.5059051536 45.1720432668 44.5503768948 44.6630976118 44.8034032889 44.7769759367 44.543851467 44.5586374055 45.0307792842 45.1730921941 78.5429641259 55.9906506675
0 0 0 0 0 0 0 0 0 44.9473049552 44.9272508276 44.9726112158 44.8932654157 44.9427227265 44.6060482233 44.5083803646 45.0767848357 45.1858263655 44.50417238 45.0268197896 44.6886668786 44.9246310023 44.6431311217 44.7187917206 44.5133973154 44.8330763663 78.6495675694 78.6495675694 44.5563191668 63.96287299 44.5144922938 44.6354683449 44.5390431978 44.5840740668 55.1195004348 55.1195004348 44.9369383677 44.5754746944 44.5667788855 44.6170804456 91.4045198402 80.887288931 44.6742518455 44.962087989 44.8166427053 44.5025630252 44.9889810603 44.7064338433 44.9109091866 44.838354793 45.0453536354 45.1932334717 44.9956354764 44.7278717389 44.9639026811 44.9339236722 78.5429641259
0 0 0 0 0 0 0 0 0 45.1267529061 44.8285091217 45.0806708503 44.6830220606 44.8437894834 44.6191956597 44.9272840732 44.8019673259 44.7196361331 44.7393670034 45.1605379612 45.0099997743 44.698571357 44.8418871772 45.0073755482 44.9831033795 68.5734459128 78.6495675694 78.6495675694 78.6495675694 67.540210713 67.540210713 67.540210713 44.8415325511 44.5347014646 44.9949008437 44.5234017858 44.9264303823 60.0478346619 45.0850854031 45.0612770503 44.7944239633 45.1645513976 80.9134907206 44.5479016298 45.1669223268 44.7028627194 44.9433988538 44.9943219096 44.8668426062 44.9930504196 44.6404403758 45.1949359597 44.5073698707 44.7705883534 45.1714203056 69.7913229512 45.0335802731
0 0 0 0 0 0 0 0 0 44.9731407661 44.753011295 44.5754140665 44.542294141 44.7862300481 44.7490864493 45.0868216558 44.9063565832 45.067714707 44.6680696163 44.6977114048 44.7600215569 45.1722459056 45.0103479787 45.0228313 45.1476886293 45.2044749043 68.5734459128 68.5734459128 44.8921955695 67.540210713 67.540210713 44.5088983946 44.6117934499 44.9184909239 44.856764296 60.7920053479 60.0478346619 45.2040507203 44.8182759083 45.0585598724 45.1779075688 44.958765542 44.5755781937 44.7973588142 45.0081028443 44.73892413 45.0540620038 44.6241216772 44.7939107138 44.944370057 44.8895032835 44.975709673 44.7258737023 44.7292941655 69.889987717 44.809172907 44.7563217996
0 69.2314019752 80.1236992038 0 58.3068292644 72.2944043687 68.3628347603 0 0 0 44.8317189876 44.8713487538 44.6752164763 44.5077914829 44.8705230901 44.8227082723 44.7444463255 45.1871655936 44.6485984047 44.6600436799 44.9736988817 44.7961886453 44.6156959829 45.148225158 44.8490107378 44.990052352 44.7477394008 44.6342200226 44.7165027198 44.6476233764 44.9187727312 44.7594111747 45.0238385294 44.6473190103 44.7733641212 44.8206287445 44.7021176002 44.6576061972 44.8561238999 45.1755418333 45.0767363574 54.1231767896 61.0390530078 44.7880443622 44.9073718919 44.8902069464 44.6809889499 45.0014744861 44.9614590336 44.9257002407 45.1550152626 44.6307745258 44.9870605079 44.9957457563 44.5994438738 44.6669535241 44.8587747147
