Spatial_Output/BAU/BAU_0596.asc
NCOLS 155
NROWS 192
XLLCORNER 196769.923733
YLLCORNER 449719.875193
CELLSIZE 27.603701
NODATA_VALUE NaN
[rows 69 to 91 of 192, columns 53 to 105 of 155]
27.9655076294 27.8209170387 27.0380485497 27.3293319656 28.2326668807 27.8906323444 27.6851475549 28.3831530316 26.9149923593 27.1495556368 27.4320841968 27.1870679974 28.1358014645 28.2872404509 26.6582066511 28.3073298794 27.3896641731 46.1807999378 58.7324977248 52.8797261308 52.1794967573 53.7877520491 58.7145796089 65.5576694615 65.5576694615 28.1921968123 63.2736285003 26.5723310133 27.735827695 57.9918947201 26.7603521664 28.1205149216 63.5314871947 26.6674528647 28.5756778054 27.2797073727 27.4829577643 28.0951474034 26.8997656199 77.5452609242 27.6971638275 64.0904710361 64.0904710361 52.7871370258 41.6726391897 41.6726391897 28.5309316545 27.891341085 27.2407782996 28.028182265 27.4929464687 27.5103458245 28.4830783757
28.0690397131 28.153825428 28.1956110304 27.2453166772 27.2765162968 27.912263402 26.5430165386 27.7581791533 28.462909638 27.0661022192 27.9716207971 27.6553655121 26.9112035251 26.9681093893 27.3712693264 27.0102267394 28.1939176602 65.3031824878 52.8797261308 52.8797261308 52.8797261308 53.7877520491 53.7877520491 53.7877520491 65.5576694615 63.3497107239 28.1649987683 26.812660659 27.0188425923 28.1250189016 27.5323743827 57.0102671472 57.0102671472 57.0102671472 27.7613698707 27.1887175871 26.5726402334 26.5854427239 27.5702221572 28.4987201591 26.8269921249 28.4493975402 26.8968918576 52.7871370258 41.6726391897 41.6726391897 27.5698455713 28.1640500307 27.874114177 26.576470704 27.6830532555 27.984120921 26.6314507458
27.238522114 26.9995754347 27.0315683758 27.5968388491 27.9488664859 26.7630245117 27.657426038 27.1957413484 28.3560778804 26.7955813115 26.8317504716 27.4839128651 27.2609682036 27.2423325199 26.7396116086 27.2140889551 28.0139422997 62.2235843144 61.2605411651 68.3616987156 68.3616987156 53.7877520491 52.4186186827 52.4186186827 63.3497107239 27.1519041211 27.2144064733 28.3270466027 27.0687611714 28.2532075596 28.0928074267 27.1775150988 57.0102671472 27.4680072517 28.3691895081 27.9478876923 28.5660679663 28.0562048088 28.2055880056 26.7899052503 27.1494691521 27.7039824299 27.4205969098 27.3376880396 41.6726391897 39.2704191743 39.2704191743 28.4552147406 38.5880840214 38.5880840214 26.8634607511 27.9878551434 26.6861128944
27.8132393985 28.2502053283 27.687411918 28.4255482481 27.3218781325 28.5587285999 27.7866358768 28.4857352557 26.5668340115 27.0690137174 28.5744548896 26.5016419324 27.9843889909 27.0419330829 26.7220462053 27.1056676778 62.7349824384 62.2235843144 61.2605411651 61.2605411651 50.5086271568 52.4186186827 52.4186186827 26.5576718187 27.4654399717 28.2082710277 27.7360093957 27.6154249347 28.3325557663 27.8897421539 26.7533606038 27.6344314032 27.416577879 27.4364582981 40.1344498958 28.0129604567 27.2847502199 27.573108541 27.1681860864 27.5945753359 27.996223218 27.2918619106 28.4457197437 28.5308769883 27.9290370707 39.2704191743 26.9701357474 50.2221038273 38.5880840214 38.5880840214 27.1035399947 27.9531086653 28.3652884094
28.2989410235 28.3601692567 27.9313337026 27.0434420323 28.4613234512 27.770898867 26.7747359789 27.9807045279 28.6031617652 26.7849531883 27.5256654189 28.0773245245 27.8768953595 59.0172907675 45.848922999 27.7558619082 62.7349824384 62.2235843144 61.2605411651 61.2605411651 62.2807640873 52.3285323652 27.7485590129 27.0797147567 27.5947036642 27.1260667129 27.3465303615 27.5904085837 26.8839426284 27.605607308 27.6200393343 28.3689416096 40.1344498958 26.8701026324 28.0559030452 27.4215939577 26.9719457154 26.6733552218 28.6198460755 26.9207183655 27.1001839431 26.6956698801 27.5364593506 27.6259158751 27.8821728329 28.4601697391 28.5971997296 50.2221038273 38.5880840214 26.7100754244 50.5361451146 50.5361451146 44.3717759559
28.0158787507 56.5382099099 28.3212086678 27.4500587215 28.1984053477 26.5539002797 27.3761526337 28.1919056262 27.7933392014 27.8949447024 28.2354602451 28.4364668567 64.6599472926 49.9628144726 49.9628144726 27.608141322 26.6982586042 26.7303357166 26.6399650137 52.3285323652 52.3285323652 28.436294035 27.53776793 28.0335164055 26.9978466486 28.4902622203 27.0473321781 26.8087303155 27.1711416178 27.6030461979 28.0570114955 27.6560518244 54.1162780501 26.9846350196 28.1086900322 27.6539232423 27.3193981756 28.5404447968 27.7363821561 28.283735154 27.9213069332 28.0453017186 28.0038067595 28.4330695803 26.6605986656 28.0599705289 27.6112590347 26.5606577332 26.5204618875 26.7775122975 50.5361451146 44.3717759559 44.3717759559
28.5999109746 28.5318947417 28.536126731 28.4453190472 27.4711425324 27.494180254 58.2835720955 27.8761804062 27.4802717987 27.5892417589 27.7746792319 27.3201857753 61.1246014447 49.9628144726 49.9628144726 45.848922999 28.4229634703 27.8574762136 27.7545280218 73.0448357619 78.9003811338 78.9003811338 28.6020921837 26.7373769053 28.1011576732 26.9802630821 27.8001980149 27.0602656628 26.8002485665 28.4367661692 28.2053412764 27.9293677645 63.5982573166 63.5982573166 63.5982573166 55.1752480055 27.6030806916 27.3096085817 26.5596793477 27.9961643531 28.5094235964 27.679279958 26.8880357837 27.1614289754 27.1428354575 28.1555966752 28.1974225542 26.5100113624 27.1890726842 27.9536868262 27.8204025152 44.3717759559 28.2758040511
26.5071156211 27.1643608442 27.1566738747 28.5568534566 62.3374392963 58.2835720955 58.2835720955 54.0387462129 54.0387462129 26.7390150196 27.2280353202 64.6599472926 64.6599472926 64.6599472926 49.9628144726 27.0812547232 27.7365658364 26.5666579265 26.5213398995 27.6464520674 60.9847290464 78.2965206517 60.9847290464 28.2698072464 28.1964728058 28.1579313903 26.6532649208 27.7077354056 27.4161845041 27.6683468487 26.5133214962 26.7821275412 56.693390056 52.7664562645 52.7664562645 52.7664562645 28.5083295803 28.0933262513 27.3292049158 28.52222922 26.7806864126 27.2410486351 28.2639304463 28.2769810964 26.7741786303 27.2364001899 27.1645647888 27.9999028664 26.5037175626 27.6253879497 26.9863881363 27.9027697136 28.0717962346
26.6004694985 26.916563071 28.5075804952 27.6899030671 26.9816405718 50.2074427742 58.2835720955 54.0387462129 54.0387462129 27.5490940473 86.0967624232 28.4907916251 27.2252565653 28.0288978938 27.1260793368 28.0834783388 28.1521435912 26.9451869689 26.9569983053 27.4193767608 78.2965206517 78.2965206517 78.2965206517 26.8775080872 28.0071637226 28.4335593159 27.2473656703 27.3354987627 27.3110571943 27.7521971456 27.5893405335 26.8362322452 56.8846906822 52.7664562645 52.7664562645 27.710133974 26.822458049 26.6199106447 27.3683200822 28.5366313238 27.2897533099 27.5823386461 27.5867389739 26.5567533224 27.38836494 26.8809482598 26.8968193634 28.4667835498 27.4607811421 27.4303360882 26.7511354759 28.0820890309 27.4972536537
28.0863581013 28.3677853967 28.058436926 27.3603956664 26.9967328372 27.5352843694 27.1857920426 28.0709709601 28.4037255241 26.6020927986 27.4524487464 26.9094906792 27.6455117248 27.0801234701 26.6489192103 27.8658694494 27.8033460558 28.2747812417 28.5453392806 28.102256093 78.2965206517 78.2965206517 28.3689374705 26.5226357237 27.4751996259 27.5884833624 28.1746210836 28.267188407 26.6677538956 27.2290305774 27.2263349751 28.5066540521 26.9308189698 71.7922914323 71.7922914323 27.6637320152 27.587515756 27.3007108818 28.3779755563 28.5760041075 28.2086269282 27.3233819706 26.5658848498 26.5356569464 27.9397516492 26.8727686822 28.0304960694 27.3822872283 27.8781281798 27.4572657654 27.2802598882 28.0032869486 26.9410348867
27.4242085142 26.9361525582 27.929324517 26.650201155 27.1788511325 27.3683443073 27.4467813858 28.231315885 27.8380348806 26.5329800646 27.9594825841 28.2731010434 26.6595473738 28.5315096114 27.5989309323 26.9787431608 28.3767715365 27.9112827413 28.4233964359 26.6967008127 27.8026122511 20.0400959438 20.0400959438 26.7993718108 27.0954944393 27.7855950702 28.3718390722 27.5870162259 28.2677224823 27.5572412218 27.720666503 28.1484545299 26.8442580676 71.7922914323 71.7922914323 27.8290352305 27.7460600804 27.6010820308 26.6204040302 27.7180900779 26.6075488057 28.2902606289 27.500671864 27.6435225039 27.0254524147 28.2214461052 27.485542004 27.5573876536 27.0319698845 28.5798116881 27.7832530695 27.788529272 27.8867997092
28.3480288451 26.6972453258 27.7763892625 27.134578139 27.6612231844 26.8368353645 27.1982230301 27.5342900698 26.5980447655 28.5528921842 27.9123894568 27.5727691946 27.9565011408 27.8347238182 26.6463407488 27.0020228438 27.803724855 28.0454087809 27.6683558861 28.0121415742 27.9469849039 26.8159233231 28.2529554198 27.4475615659 26.5116711407 27.6194935741 26.6945177045 28.2156783152 28.319249235 27.9162633178 28.2719400939 27.963627535 27.2217386574 28.0150127063 26.6709630306 27.6783575702 28.1979510075 26.7137526988 27.5827328883 26.5920576692 27.169033525 28.4438308378 28.5629546555 26.5478252166 28.5017191593 27.9781465469 27.4495789402 28.3721435227 26.9914450569 27.4368301717 28.013420628 27.767458063 28.5378638872
26.5588093233 26.9061679976 27.7775990826 28.3231952059 28.4249866002 27.3405314834 27.6667657471 26.7919235361 40.4122971132 40.4122971132 40.4122971132 28.6076990546 28.3090514254 27.7404057934 27.9038585338 26.8714859119 26.9703288613 27.8945050414 27.9111159741 26.5865721716 28.6070606814 27.7455597317 27.2969913031 26.9430686572 27.6808098239 28.4654560919 28.211063205 28.3433334681 28.5779169285 27.5267070346 28.0995706769 26.7713868331 26.7919564789 27.0198843228 27.8669939265 27.2636412168 28.6116637304 27.3979639594 27.1437671692 26.7836468296 27.4434957292 28.5686032819 26.883760344 26.7649065843 28.2019455147 26.8910547131 27.0730049688 28.5913201709 26.5017463542 27.3690710339 28.5964647669 26.8654601336 27.820932183
27.2297967612 26.8722074753 27.86712105 26.6933388349 27.0392024899 27.6433371263 27.4159484732 26.5922779563 27.2823177823 40.4122971132 28.5257699448 26.6292170979 26.8529392385 28.5776646109 26.6767254477 28.2724866397 27.4235070931 28.1019100333 27.9647523651 26.7983918866 28.2318189522 28.6074388469 27.396698303 27.1686329712 27.1416833661 27.8768924008 28.1352179424 26.565267597 27.9520976875 27.2534150778 27.2379035248 26.7408596372 27.6807873234 27.3834081363 26.5682373352 62.2446065642 28.0532869791 27.6626097136 28.1309854508 27.0134702236 27.4366920525 27.6964364783 28.5260347285 28.4554487886 27.8250641825 28.2291803634 27.3653866587 27.8832360413 27.716261242 26.5056893626 28.0128116835 27.4185425288 28.0002226031
26.9289595311 27.6816996847 27.36784709 26.5181999975 28.052987678 27.8952274224 27.9620139384 27.6124200208 47.0598306573 47.0598306573 47.0598306573 27.8078161199 27.7937633392 27.9484408938 28.5745837055 27.1110085642 27.6256729967 28.584362406 27.6233405458 27.3750094883 26.5999726239 27.3761622667 26.8398786956 27.5293647354 26.9473065052 27.9777862325 27.8957028359 28.2695534389 27.5448989231 26.916434013 27.643719444 28.5332974301 27.2132375318 28.3863919398 28.5331632564 62.2446065642 62.2446065642 27.9530819258 28.4533900509 27.6875248028 27.5723809732 27.6275397658 26.8291153698 26.9193230432 26.5863456527 27.3141472543 28.2745150059 27.5846129117 26.771118749 27.3065392504 28.48992504 28.5640842687 27.4368766387
28.4456847798 28.4954449612 28.6104891141 27.9300742433 26.8042695212 26.503067953 28.0131314582 28.5905199794 41.4116742996 47.0598306573 41.4116742996 26.5138223746 26.8877000478 27.5728645211 28.4246662097 27.3918549136 28.2003306066 28.2056411037 28.2241291463 27.6203661731 27.5249874262 26.8662036387 27.1576218028 26.7663684261 27.084082055 26.509702333 27.2723943478 28.5668936358 27.4856093643 27.6234540783 28.0795432827 28.2075735124 27.7725005091 27.4598368318 62.2446065642 62.2446065642 62.2446065642 26.748319098 26.8203049103 28.0924676859 27.4572271116 27.6079783944 26.9353560436 26.9144419753 28.0832288536 26.5273942525 26.9844668382 26.7970865682 28.433457652 26.5939678526 28.6166330483 28.1425622008 28.1948524477
27.442471321 27.8097535998 27.3106297613 28.4697540708 27.2633947271 26.6648676941 27.0012365664 28.3182640524 28.3092673549 41.4116742996 41.0985901438 27.7598752089 26.9391606496 27.9370074311 27.6675091981 27.9114854508 27.2995677692 28.2906298684 27.5805016434 27.9708794006 28.6070138477 27.3020400605 26.7696444411 69.7208248122 69.7208248122 69.7208248122 27.5586440626 28.185113582 28.2490300021 26.9430209975 27.7409070795 28.360218007 27.5159140946 27.9585460379 27.255743358 27.3172732081 27.3961099223 28.370622118 28.0969353747 26.6768283425 27.0238005724 27.2398555122 28.4203277138 27.7778444228 27.0763299442 26.6790514599 26.5514432239 27.7274206409 28.5285355012 27.9296911499 28.345840658 26.7011815762 27.1807175189
28.1993031368 27.0677917868 26.5917030628 27.6540424554 27.2036069132 27.3805145909 27.1674076201 26.8635839057 55.4095522838 55.4095522838 55.4095522838 27.6291475479 26.5980099606 28.1460177488 27.7590197731 27.9258126433 27.2928878863 28.1097350674 26.7610411415 27.4421501628 26.6164450839 27.9346042789 28.3939155127 28.102069947 69.7208248122 59.9203650889 26.8209119633 28.588425843 27.221786118 27.4327066137 27.7976357608 27.5741385076 27.2546945317 27.7659026309 28.4169449245 27.7252880923 27.863443667 28.5296991357 27.0032030431 28.6199932772 27.1667828252 28.4403082208 28.3689193509 27.4752946327 28.1844882173 28.2331541202 26.7312003372 26.6909022615 27.2922593578 28.3488169293 28.1263652822 27.4911225839 26.5897221333
27.7428254523 28.154332733 27.4281814544 27.4913802176 26.8499595387 27.6331884822 27.3323063667 28.0773772218 55.4095522838 55.4095522838 55.4095522838 27.5258672267 26.954016574 26.6578373805 28.2644268991 28.1301389287 27.4616741305 28.1961305948 26.916101348 26.6401026164 26.72681208 27.1847522146 27.0332685181 53.5841410102 53.5841410102 53.5841410102 59.6338828405 27.069986841 28.3226027256 28.4314924062 26.7345290413 26.7350093798 27.3112696978 27.3769625292 27.4855478436 28.4959555804 28.1676913402 27.375951721 27.5074479639 27.7312044903 27.1512878406 28.1124811193 27.7086047269 28.298192659 27.9059162928 26.8968060789 28.2077041785 28.3689839339 27.5994030535 27.7534742038 27.2868490267 27.3094870924 27.7339874139
28.0136300046 26.5496008354 26.9728299868 27.273877113 28.2752283003 27.7376756621 27.3875298437 28.5503020951 27.5849974465 55.4095522838 67.2776869475 27.1026587342 27.3470243717 28.5218214971 28.1526447532 27.5531019642 26.996435871 27.8100769411 27.6908898432 27.9346320339 26.5971343856 27.554041891 27.672783439 82.159240537 57.1359745756 57.1359745756 64.9085787215 64.9085787215 27.1550678198 27.2977431565 27.1334486811 28.2885711933 26.7144415717 28.1732932948 28.562703193 27.3381754455 28.5986609501 27.8557487704 27.5836784167 27.8757279507 26.5137416278 27.3537191839 28.5929406001 28.0307168351 27.8886258683 27.9534450064 26.6585229363 26.584185567 28.0530577082 26.7685671881 28.4855038497 28.1264570356 28.4430812744
26.976414436 28.0822301905 27.7158085743 27.3455851685 27.1504916428 28.3255885728 28.01387021 26.9307930572 51.872526214 51.872526214 51.872526214 28.3086926819 27.1771296086 26.5245644189 27.364135089 27.0381250944 27.9589517717 26.9019828625 26.6184439785 28.6147057149 28.0577446929 26.6502209384 28.5340342796 57.1359745756 47.8459789073 57.1359745756 64.9085787215 64.9085787215 27.4881269288 27.5838741842 27.1494497971 27.4052734079 27.6368978982 28.4237643484 27.1379943027 27.7008131918 45.0059746969 45.0059746969 45.0059746969 28.5532509025 27.127048521 26.5083428593 28.3534133791 28.465039974 28.0387389672 28.4452133383 27.4988262017 27.5564300881 26.8486234512 27.5294831249 28.4465482767 27.8372070516 28.3329384376
26.7670911419 26.7747707818 27.451066613 27.586012819 28.5239308041 27.69751741 27.8236596273 28.4522393805 27.0120616917 58.8010403184 28.2460010954 26.8229702206 28.1554435838 26.6506721138 26.5372839999 27.0432265034 27.6831982716 27.8547580681 28.1071705971 27.8845382911 27.3244038348 27.2781453971 27.7156979094 47.8459789073 47.8459789073 47.8459789073 48.5645371478 65.01863702 27.3291289412 27.410316707 27.1347650779 27.2041835561 28.0343843222 28.5465125208 28.3799227927 27.8454489244 45.0059746969 45.0059746969 49.6980900006 28.4901095557 27.7362678883 27.0995816004 28.2796165443 27.5399132471 27.7696710325 28.1128198969 27.6685078186 28.6108381358 28.5403474165 28.2398513086 27.1632688466 27.9410733935 28.5725971249
27.05183702 27.4187223849 28.407752513 27.6216078562 27.1268764272 27.6235763379 28.040660438 27.9570791207 28.3372433108 63.1671797542 28.5756231858 26.9244971705 26.5601436068 27.0600956388 26.5575843617 28.326702264 27.1894185785 27.0372041613 27.7029336604 28.3536045092 28.5439125635 28.0830101446 28.1237404259 27.1215960105 68.5032838905 68.5032838905 27.0411604364 26.5791453431 27.358817484 27.8726447168 26.9791052709 26.6402570441 26.5776259288 28.5244235793 28.591836903 28.3775596685 27.8988068324 49.6980900006 27.4969079083 26.5115858433 27.7509752836 27.4708834463 28.3723978537 27.5335812099 27.2507147372 26.8046957582 26.859914196 27.2615160395 27.9685686928 26.9580213688 28.2204868584 28.4581918275 28.1605509847
