Spatial_Output/BAU/BAU_0740.asc
NCOLS 155
NROWS 192
XLLCORNER 196307.867259
YLLCORNER 449144.565805
CELLSIZE 33.573938
NODATA_VALUE NaN
[rows 50 to 74 of 192, columns 0 to 56 of 155]
26.918384528 25.5371212727 24.9396210115 24.4263432371 26.4977622036 23.5872201005 24.868847036 23.6693111125 24.8115261372 26.2266379656 25.0086384693 25.4219690174 24.744134635 23.2570948387 23.8170501322 24.2356732036 25.3898421265 25.2399135648 23.0866543159 27.0700236067 25.3774960578 23.912409238 23.2615108266 26.9486507318 24.3512807498 25.9526840091 24.485509388 26.1706603401 25.7780054594 25.7611935534 25.235981457 26.0165321142 24.0693829081 24.7120965351 25.8921844945 46.6136808665 23.5064651295 72.1779248937 72.1779248937 59.5927726032 26.6966862311 23.2293976265 23.7711610135 24.0368530558 23.6895315622 24.5518950968 26.0787363586 25.8266789462 26.8648752139 26.2645851506 25.5750835077 23.9946103002 25.1514624816 23.1087123354 26.3804153221 27.0940192079 58.2365760366
23.4991335421 26.3805131805 26.754178286 24.626539273 26.7847736265 24.3388843821 23.1174778885 23.7918428766 27.1604613327 24.1007604729 25.6354466142 25.9895552987 24.8654063623 24.4900636721 25.7359394198 23.2845543061 24.7241915816 26.444425617 26.2416170392 24.4195382577 24.5846521346 26.6059699101 24.85688317 23.4377003082 25.8315647693 26.7777292901 24.7163999058 24.7520137745 26.6468643951 25.1763485049 25.5470428168 48.9853838205 25.258520764 25.2752488823 25.195961033 25.2623194227 26.3611073891 72.1779248937 72.1779248937 72.1779248937 25.6161081863 26.4326322165 23.243537621 26.7903211096 26.8829712741 26.7328630947 46.1315961614 25.9555388162 73.9765709508 23.0660007362 60.7840848243 26.4029238645 24.5543626322 24.3310557496 53.1191752543 24.3317184891 43.6920899588
24.0360989672 26.6661245665 23.1634719836 25.6289522078 24.8039367378 23.1132773288 26.2083005877 24.9891792162 25.0555765556 26.7930245243 26.4139012562 25.450849562 25.8570680054 23.3815344224 24.1312368911 26.2750146293 25.4162683069 26.9769291793 25.4958426512 25.1582815397 25.7642520459 26.1481745336 25.1248131629 24.964258086 26.1804109186 23.9031274691 25.5384911687 27.2246463818 23.878764035 25.7955689409 48.9853838205 24.2984435639 25.0393846184 24.6239249522 23.75233932 23.682165798 23.6532360705 26.2123408702 26.6118126612 23.6945084548 23.2454592536 25.7762673051 26.1191933438 23.1927259344 25.2855920937 26.5912962912 23.536811337 49.4206687125 73.9765709508 73.9765709508 24.9412121843 47.4011813766 68.6447481107 47.0554444621 52.8272094275 43.6920899588 43.6920899588
23.7606445629 25.2403786042 23.2727810492 27.0942509012 23.6631092559 23.6239223306 23.6498895877 24.0580024725 25.2672634476 25.182184273 25.1493831469 25.5366844964 26.0869779263 25.9361268503 23.6283337657 27.1360044179 25.6843539506 25.0540229674 27.1032526253 24.9540523814 24.511133652 26.8128455694 27.1699287455 44.6242745378 26.5716160398 27.0168752148 25.8502797373 24.2199360197 26.3863468288 54.0302394875 23.086175934 23.3715122331 24.064653502 23.858325965 25.1143946872 24.2407359221 23.3859599001 26.5963339388 25.690171893 24.7482565397 25.2867853237 25.083024195 24.1742623787 26.1551406262 25.8424483963 24.2859493029 26.9377829468 73.9765709508 73.9765709508 45.1402548373 69.5581782198 47.4011813766 47.0554444621 47.0554444621 59.5552974238 24.7991561799 43.6920899588
24.9111297513 23.9010577107 24.3543851328 26.418505445 23.4136454089 25.3072739698 26.1006860954 24.3402248762 25.4902183479 24.2547339212 25.7765385347 24.6795103595 25.8581770102 26.32504158 26.3013136513 27.0954665489 24.9759353387 24.9327720386 24.8746435622 25.0967705171 24.4652280693 24.2993667761 44.6242745378 24.7251976535 24.7039724837 26.1853891676 23.3845454566 24.4556051743 26.7796093596 23.6003713472 25.326061648 25.054454572 24.4588915757 26.222604685 26.273935586 25.6226330808 25.3531928746 26.1193610361 25.2247789976 23.8526363932 26.178035706 24.3211460994 25.8856621991 27.0214269774 26.5252481846 24.6237309947 25.7092831271 26.9408476088 26.7178727327 23.2920775721 60.7840848243 47.4011813766 47.0554444621 47.0554444621 52.8272094275 53.597615186 53.597615186
0 25.9411989715 26.3876719761 23.5379026189 23.31944721 24.8946748743 23.4612355618 26.5678895543 24.2609716728 25.996516568 24.8614698162 23.9648425635 24.2819225022 25.3780814939 25.7757683081 25.2193929172 26.2297936397 27.12748962 25.1819579044 23.1765292353 23.7145313259 23.0531213537 25.5717481658 23.7057395291 65.5347456869 65.5347456869 25.6516403127 25.6564019332 24.8636256501 24.1221191797 25.8054721222 27.1124332617 26.4711494244 25.5476165778 25.0039734077 26.0849112397 26.6430822749 23.3074509734 26.4232486335 23.8743357849 74.9523347302 74.9523347302 25.8876248033 23.5114878788 27.0865983666 26.9631712482 23.0613509036 27.0351103463 24.9872551781 24.8058855944 25.7761942243 25.0273627706 24.0085648419 59.5552974238 34.9948999734 49.2442971324 46.2946044496
0 0 25.9974773705 25.0778589943 25.9389482642 26.8689281489 25.8996569204 25.1363102181 24.8889288966 26.1386595167 24.4444335925 25.3027455173 27.1708356618 24.5582141897 24.8506250732 26.0859353322 24.2449582391 25.1691075039 26.571348167 26.8260145529 26.4928047981 25.8327127432 26.1182610003 65.1080912308 65.1080912308 65.1080912308 23.5405580954 26.5742629306 24.3422773056 24.641590754 26.0449114895 26.2982514568 24.7768130807 23.0716997131 25.483133042 23.40970394 25.5548523274 27.0402402228 26.4641258924 23.2383123474 74.9523347302 74.9523347302 26.2936526924 27.1412334471 26.1782238114 24.316347104 24.444314431 26.6938121562 24.9691168855 23.9350939103 25.1283076983 24.0349920559 25.5832619881 26.575468606 23.2193441179 23.6882619053 46.2946044496
0 0 0 23.0850811241 24.5079200573 24.7495526037 24.7707643872 24.9636221565 24.4568128143 24.9792900839 23.1691597054 23.9378498075 25.0718941288 25.3208875444 23.650731095 24.9500000772 26.1089026944 23.88655147 26.8722705514 24.1584083954 26.5784053206 25.7315616657 24.1607354878 65.1080912308 57.2246293172 57.2246293172 46.1784380672 23.7532215161 23.7380079745 23.8996368263 27.1410649185 23.7595111228 24.7850456133 26.2319718982 24.6708305114 24.0474231598 25.8666275081 23.5237928714 25.4201935933 52.4288437147 52.4288437147 52.4288437147 25.0447821569 26.0814141193 24.2481724597 26.5685830234 23.2710269272 24.0378302971 25.3550651253 24.5598576311 26.4010280355 27.1315196613 24.6359040941 27.1410091592 26.3931329263 26.7838075909 26.832968549
0 0 0 0 24.283446263 24.5354488217 25.9719725551 25.3875211256 26.0051060704 23.6616682634 27.0346486144 24.1383973 23.1594768075 26.5229166733 26.2508435226 26.1392127063 25.5613827429 26.5503804833 24.015947984 26.7308109541 27.1132311302 23.4026246172 25.6921987046 46.1784380672 57.2246293172 57.2246293172 26.7434848628 26.2279197398 23.9399729673 24.3285433644 23.4010258527 25.9173389253 25.1407384456 26.5029083935 25.224482161 24.5450461375 24.0037419524 26.9447063507 61.3616435404 56.7706401099 56.7706401099 56.7706401099 56.7706401099 25.8348184712 23.0383380911 23.6059455015 23.7171572897 26.5895424548 27.117870103 26.4499269988 25.1230917857 26.2074288323 26.7416762425 25.5238802269 26.540391078 23.3242951077 25.5846327757
0 0 0 0 25.0045321147 26.0439786064 25.8405473008 25.3650423901 26.2665470753 26.4291629796 26.6422535757 24.6793431362 23.3079086719 23.3213723969 25.4896566248 25.0167189551 26.6486050559 25.7209950219 24.7033521741 24.3068930332 25.4868852989 24.09922372 26.7373727277 23.1372571593 26.7731839293 60.1652517393 60.1652517393 69.701594099 25.9945070884 23.2007703524 62.6796343979 60.0968328003 57.9008737743 60.2660594913 36.3769016776 46.3413461835 72.3825073546 24.1200737357 61.3616435404 61.3616435404 56.7706401099 56.7706401099 55.2922030424 25.313191221 25.1708704671 25.8785200682 23.0295375123 23.7030830295 24.2327832998 26.6216118644 25.3269478915 26.3864313409 26.5121417411 25.8766219248 23.7830078483 23.2875984142 26.3032451664
0 0 0 0 0 26.7721082047 23.2961306698 26.7118946906 23.1610059876 25.8693161262 27.0663757108 25.5066072893 27.0828361146 25.6925328095 25.1403993798 25.7066478724 26.6263761157 24.157799853 25.753010325 25.3725084685 26.9519600987 23.8132328909 26.0290416793 24.7134364449 25.4766439288 60.1652517393 60.1652517393 24.1066375607 26.5388176777 44.4476253791 62.4091789075 60.0968328003 60.0968328003 36.3769016776 36.3769016776 46.3413461835 72.3825073546 23.1616334507 61.3616435404 61.3616435404 50.0358593432 55.2922030424 55.2922030424 25.1482601052 26.9777500903 24.9010211673 25.938045844 26.8773722562 23.6139971098 25.7446831092 26.6093065416 23.2720208257 24.4301239842 25.2988598719 23.2992744598 27.0914576241 76.0240677014
0 0 0 0 0 24.23503981 24.1181485136 23.0452139314 25.6867982856 23.439175811 26.6414861069 23.3744802953 25.7141447747 24.6040263989 23.5692148861 24.5349658786 23.1850366647 26.0034558784 26.0707673974 24.8080845928 23.0897584987 26.6742289823 23.5711831858 24.8820933937 23.6738712418 27.1393908258 25.3436202495 50.2492187019 23.9113389551 26.8923787873 62.4091789075 60.0968328003 60.0968328003 36.3769016776 36.3769016776 46.3413461835 72.3825073546 23.3050337003 23.8610120886 50.0358593432 39.3341807235 50.0358593432 26.2175923657 27.0133526692 25.4091682233 25.5977835902 24.0230499824 23.1002848038 26.650931007 24.3070934713 23.1071934036 27.1987964665 26.1674252912 24.6032377158 24.9772354221 24.5852005469 24.2568187243
0 0 0 0 0 26.8964520452 23.8370702122 25.1943496969 26.6387199935 23.1922998972 23.6524279535 25.8522085484 26.3726423611 23.1453764879 25.0621169817 25.3170511879 25.8340740689 26.3940764514 26.154971739 26.1966465877 24.9281785885 25.6574472325 23.0520956601 24.2016504621 23.5415333979 23.8440197859 50.2492187019 50.2492187019 50.2492187019 44.4476253791 26.4674300102 27.1896886889 24.8888363588 35.1990432609 35.1990432609 24.0203688711 26.3162683204 23.9376731628 26.0283148682 39.3341807235 39.3341807235 39.3341807235 39.3341807235 23.8231687243 26.8531657597 25.5094093441 24.7237657065 23.653677454 26.6078562174 23.5796183101 26.8791591205 27.1772294229 25.0377763572 24.4222097248 26.0834852779 23.2104839851 26.2832330793
0 0 0 0 0 0 26.9590635228 25.7951323812 25.4930800041 24.2369072695 26.2336051216 23.4375222248 26.204557017 23.5867510856 25.1502070521 23.5625666174 24.9282112903 24.2687309868 25.2440141385 23.4118064991 26.4218525588 26.2049150192 23.3478996918 23.5221330387 24.8473671357 23.7862941502 46.5707868699 41.2758341557 46.5707868699 24.8480688827 25.449803951 25.0217848161 24.7749439118 23.0565818472 27.0513579667 24.2499099633 25.4304228255 25.4467347468 27.086054139 24.7587271459 55.5233695824 55.5400570185 24.9051303205 26.3878607776 24.1327912066 26.5528744197 27.0024162226 25.0586068355 25.0465604502 24.7140034829 23.8517099998 25.7862819291 25.4617168985 24.4565055189 25.1556289248 25.3277210015 24.3139711033
0 50.6543402332 61.609138521 63.162841419 90.4520669693 90.1341036086 90.1341036086 26.1937055782 23.3889633251 23.7057051056 27.0131095803 23.8182067559 26.7763458868 26.1631171309 23.1559805249 26.2079089278 24.3633266444 25.0794213913 26.676663193 26.3338191954 26.0775312811 23.7348970976 23.4899183803 24.13906509 26.2202806049 26.6871364944 41.2758341557 41.2758341557 41.2758341557 23.9671628974 23.3060518316 25.3135939443 23.7449800072 50.32138884 50.32138884 64.254144997 24.0576515994 26.2002897835 24.3709756359 26.7945396445 27.2199887712 23.6938324609 24.2175499593 26.2246555211 26.1674968031 25.9654218769 26.9843792249 23.2883943361 26.7345394977 24.9753197743 25.4593883592 23.3589730325 24.4123848237 23.5147542944 24.260110544 24.1672888163 27.1591533016
0 61.609138521 63.162841419 63.162841419 90.1341036086 90.1341036086 62.2621900181 55.2431041974 26.3962582697 23.2674357858 27.1144866673 24.134793962 24.6569647125 25.9268180665 23.3153732765 24.5093639576 26.4495635437 27.0231669287 24.1721258117 26.8339858725 27.0269210339 25.4220792101 24.935641162 24.9157676042 25.4816902517 78.5143296677 42.3528374179 35.5163008503 35.5163008503 24.9586524132 26.6979525598 50.0259000844 24.3532813373 64.254144997 51.0866645941 51.0866645941 24.0729275128 23.2889139259 24.1874235723 26.8028015714 23.5886332207 24.3586592388 24.0533929318 24.9874758235 25.3642187002 24.6467399939 26.6094392068 25.0120475654 24.9372128118 24.0562340021 23.7439479704 25.8095737949 23.4281375726 24.9937186563 25.9005767416 23.1901541931 24.2369211129
0 60.2311324439 61.609138521 63.162841419 90.4520669693 90.1341036086 48.1364962042 56.9368719669 55.2431041974 57.2044620077 24.4327831293 25.3758441651 24.3635789471 25.8163412926 25.1995057861 23.3857684173 23.6317998 25.7952909795 26.9273143808 26.482365386 23.8698531498 24.4999222806 23.1824283381 23.2869725857 24.0623051166 78.5143296677 68.5108642781 35.5163008503 35.5163008503 40.2745504918 57.908755944 67.0640911479 61.6381013657 51.0866645941 72.7081069608 72.7081069608 64.2208919842 48.7259793494 79.584090062 27.1197124583 26.833246101 46.8380660017 27.1448850578 25.6790931713 23.7423480573 23.7420447216 24.2530741012 25.1512055748 27.1053509326 25.095859525 24.700626347 27.0735198634 23.0294563172 26.9621944218 25.3978864011 24.6451281895 42.3064067359
0 53.8418273205 55.7805383582 54.4355182535 54.9599982163 49.0445187615 58.0173193881 54.6620215063 56.9733557118 56.4260651493 56.4260651493 23.5867470089 26.0799115181 25.3876673857 24.9309712764 26.2025645283 26.2086899425 26.3126410457 27.1396238066 24.6823748711 26.5147283203 23.1255690313 24.6106503852 23.0773522724 25.3533136321 68.5108642781 68.5108642781 68.5108642781 64.7355989415 57.908755944 46.1913869728 67.0640911479 67.0640911479 72.7081069608 72.7081069608 72.7081069608 64.2208919842 48.7259793494 79.584090062 26.2561698445 23.0575144335 23.0350271157 50.7073907954 50.7073907954 39.8218402182 50.2252717012 24.6173671498 24.5293507205 23.3773107137 23.117385199 26.9056311555 23.2033813948 23.264694543 24.9732195244 26.9040007553 23.0167979683 60.987253701
53.8418273205 55.7805383582 55.7805383582 54.9599982163 54.9599982163 50.7876583615 54.6620215063 56.9733557118 56.9733557118 27.081521643 24.8109381202 25.9370987438 25.5466455066 26.3373381573 23.8429883729 25.5308104373 26.4646676513 25.4909502649 24.8021816633 26.4298993417 24.3763451534 25.6891378565 24.6334645965 26.9071630991 24.801907785 24.5822483041 68.5108642781 64.7355989415 64.7355989415 67.3007009962 57.908755944 67.0640911479 61.6381013657 42.0677036212 49.5908186834 72.7081069608 64.2208919842 48.7259793494 79.584090062 26.2472218618 26.5681984182 23.9183462544 50.7073907954 50.7073907954 39.8218402182 25.266141405 23.4637188963 26.3263714193 26.1558808167 24.6759273694 24.7003608095 24.5564429311 25.2224475565 23.8832095814 25.7124562465 51.7242183383 26.6522505528
0 53.8418273205 55.7805383582 49.9439372046 54.9599982163 48.5337929169 50.7876583615 54.6620215063 56.9733557118 25.9962570801 26.9173870735 26.7835486602 25.0528186241 23.3363570123 25.3364484126 25.8345953366 23.8239832158 26.1004702155 24.1746212717 26.3437178815 26.8380561513 25.4916491589 23.8323596149 26.4951727237 25.6500625951 25.0680775539 72.4263762972 43.8668640551 43.8668640551 43.8668640551 23.9212585213 24.1056327779 23.5774449718 23.7810095242 52.0801469447 52.0801469447 58.6460720736 23.6449179365 25.9311243448 25.221290122 55.3514927064 55.3514927064 55.3514927064 23.2382685048 25.5021891188 26.5788056068 24.4006190266 26.3181043865 27.1912713388 25.5419378911 25.7060906948 25.0176052101 26.494895083 27.0499992448 24.1227508919 51.7242183383 24.703118097
0 0 0 0 0 0 0 0 0 26.6201010501 26.3725415989 23.8306729748 24.9666894804 25.1782936193 23.0621857049 24.23259422 23.8771177365 27.096891208 23.0019926224 23.942721706 23.5258059199 26.1761032639 24.9974475253 26.9887791602 24.0946445606 23.0772298965 24.6003686655 49.6625779783 49.6625779783 46.7047723915 25.3655546869 27.151655917 23.3576448564 25.7314737818 52.0801469447 52.0801469447 23.2726236119 23.3459062331 27.1758117199 24.7096866649 55.3514927064 55.3514927064 24.0447546859 26.8951630695 26.5563589303 24.369439242 25.9465661005 26.4270686021 27.0176154576 25.4441265245 26.3799787239 23.2175369243 26.011125074 23.2524592559 25.2380081817 25.721375805 51.7242183383
0 0 0 0 0 0 0 0 0 23.3189613324 25.8271814926 26.5854522417 25.4743059738 26.4266616271 24.6530780492 25.4900533803 27.1255474275 23.4599261562 26.8098610761 25.5154464523 26.8773825673 26.7829197932 27.0609911072 25.3953017153 23.070811556 26.6357280964 24.1296924252 27.0536602598 73.5594997619 73.5594997619 73.5594997619 26.0021817153 25.4959294036 24.8826354709 25.0583921104 26.2462674605 61.2963177944 61.2963177944 26.3447850136 26.4061245543 25.7354304163 24.6561782043 70.6048790474 24.2643769333 24.5224437133 25.8793086782 26.3434942531 23.5133219171 25.5789185506 25.2343160188 23.5594655831 26.5595951941 26.1629952991 23.2208380986 25.8953467449 45.6021759215 45.6021759215
0 0 0 0 0 0 0 0 0 23.8223375051 24.8069100178 23.2361458908 25.0178408393 23.668620854 25.23754044 25.7671003022 24.1527901838 24.165848993 25.8734917283 24.2295692559 27.1965794617 27.0759256544 26.9283981426 23.3141714607 24.2924881798 26.2890818843 26.2761108357 25.4220527861 25.1088725989 73.5594997619 73.5594997619 23.0816841427 25.2752267583 25.7237041408 23.6326595654 61.2963177944 24.1938466404 60.6012275412 26.1074408396 24.836807098 24.5182181743 26.5807757479 24.575822014 26.7600739797 25.6275683778 26.1814930066 23.6943290102 23.9214532465 26.7035126189 25.9696283813 23.5417033979 27.0476877105 26.8474932814 26.9404121378 46.2667249184 45.6021759215 45.6021759215
0 0 0 0 0 0 0 0 0 24.6891748827 25.9202185857 25.1935632967 25.2935068984 23.2865987285 26.0784393691 23.4406232499 26.1923046205 24.8771005099 27.1782666425 23.2096483556 25.9587012694 24.4272795533 27.0019657043 27.1408534938 24.3757157721 24.3190970006 25.4037332311 23.3147107287 52.6253261862 73.5594997619 52.6253261862 25.4655188919 24.4900319129 25.8329212532 24.5803916007 60.6012275412 23.6405255403 23.9703790045 25.5694890534 24.4499312413 23.4444493803 54.6764522034 23.9756057489 26.5949507509 25.5909862959 26.3849843867 27.1081752464 23.5501828065 25.6625578419 23.2110438626 23.7369062565 24.5242043301 26.0615605935 23.0250265458 23.1144873222 61.3177233008 61.3177233008
0 69.2314019752 80.1236992038 0 58.3068292644 72.2944043687 68.3628347603 0 0 0 26.6032654729 23.9882882644 23.797535835 26.6974283877 27.0958442744 26.9980567826 25.4403748722 26.6002358213 25.7328996027 24.8117708849 26.9263183605 24.908186725 27.102350665 26.9549953207 23.6891377545 26.7482759695 25.1734638267 25.4797911796 51.7383990031 51.7383990031 51.7383990031 25.101619234 23.4386367819 23.8360772502 27.087726045 24.3038698571 26.2890707224 26.9597504182 24.8921510364 24.3457355628 46.0273710579 49.2681428901 46.0273710579 23.2125113111 25.691319653 25.4742406429 23.2421926075 24.5505991136 23.1613497639 24.5081735651 23.188426197 23.773768655 26.1869959174 23.8324464002 23.3775757904 23.364636604 25.9389224669
