Spatial_Output/BAU/BAU_0106.asc
NCOLS 155
NROWS 192
XLLCORNER 196307.867259
YLLCORNER 449144.565805
CELLSIZE 33.573938
NODATA_VALUE NaN
[rows 25 to 49 of 192, columns 0 to 56 of 155]
0 0 0 0 0 0 0 0 0 0 0 0 0 0 0 0 0 0 0 59.3815733531 31.7197429206 31.5234078867 32.2504467102 32.2504467102 57.8463548033 57.8463548033 43.8393174705 55.9416723984 45.631137285 44.6284657836 44.5174195121 44.269580939 43.297630918 44.6037934185 43.3734810284 43.9311633934 43.5298014533 45.5711197166 43.9313642113 44.2921323872 43.1775584338 44.5890705178 45.4339087938 45.2047695474 43.8352875875 45.6171118433 43.0106381458 44.5993995625 45.2312563887 45.4190958452 45.5092935954 44.9874865578 45.5891866096 44.792515824 43.9263439435 44.3820392277 43.1790954447
0 0 0 0 0 0 0 0 0 0 0 0 0 0 0 0 0 0 0 0 0 45.5577445784 44.2527329965 43.8043806095 57.8463548033 71.630547377 90.9606675362 90.9606675362 81.4802696468 45.1607343956 44.7149033062 44.5879020635 43.8789058371 45.4272381962 43.4723410028 44.5602111671 45.7987740753 43.8662369485 45.172636729 45.1120021174 43.7288464809 45.1732091544 45.6354394339 45.3089998037 45.4719763573 44.5981063635 45.5208809916 43.9126310365 43.46739174 44.7153879852 45.7622114538 43.6538146688 44.0705466353 43.492704961 45.431227842 44.1004823811 45.0399879025
0 0 0 0 0 0 0 0 0 0 0 0 0 0 0 0 0 0 66.3433855298 44.1976503263 44.009315869 44.8858406019 44.0986423036 45.1791038225 44.9926931423 43.306872143 90.9606675362 90.9606675362 81.4802696468 64.1839085717 56.0168456329 44.9283198643 43.9105921854 43.2445855571 44.7781209011 43.6715869145 44.0231752538 45.058565197 45.1216079522 45.2454516116 43.8033015153 44.0082547838 45.1863081943 44.521250494 43.5670868526 45.3983251729 43.4506642299 43.5815595679 44.0622370388 43.6348395548 44.1220953844 44.1954131802 44.9865672567 44.019367775 43.4844701587 45.2114704854 44.3753405838
0 0 0 0 0 0 0 0 0 0 0 0 0 0 0 0 0 66.3433855298 44.2971115268 43.3419460647 43.8782867802 44.2235702401 45.7363507556 43.3659606309 44.97907039 43.3764266148 56.2130274123 81.4802696468 54.4853972433 54.4853972433 54.4853972433 60.2046695401 45.8055333129 43.3027548069 45.2943858465 45.0907333173 44.7148665387 43.6298782398 44.7385533189 44.9779993263 43.5426287144 45.4705666594 45.6213259775 45.4616165427 45.7907779968 43.1590382276 44.5796107387 43.2808140666 43.3637043053 43.2846633086 44.1727075179 45.6743045007 43.8092981757 45.0194830443 44.6956155267 44.142781412 43.7303168048
0 0 0 0 0 0 0 0 0 0 0 0 0 0 0 0 0 43.7864256407 43.3822824337 60.2072900284 64.7674903093 54.5464695621 43.3398802056 44.9993420051 43.3993185967 44.1658928376 43.1839026367 86.8533696608 64.1839085717 54.4853972433 60.2046695401 57.2625249997 59.1072037315 45.8010596147 44.0337476151 43.790847594 44.379065617 44.1730731563 44.6183694403 44.9825475829 45.1701849812 44.4613058892 44.4342132232 43.4864022924 45.3907592732 43.8398350604 43.458667953 45.2699533854 44.7769798615 45.496160069 44.3543007024 43.7262740264 45.2420040076 45.5845561682 44.4309330783 43.7175884716 43.9852298148
0 0 0 0 0 0 0 0 0 0 0 0 0 0 0 0 45.5974890182 45.3870949725 44.923358522 63.4244821924 59.1125280158 60.4883727505 44.1486744686 43.9189446618 45.2509145486 43.7559427832 45.3477356659 45.4358755073 43.5463891457 60.2046695401 60.2046695401 53.2309703926 53.2309703926 53.2309703926 43.1403131692 43.4583716779 43.2947357747 43.8303078571 45.0327835969 44.4999222178 43.0590019851 43.1841580629 44.1050292304 44.2593567611 43.4836689798 44.8493774051 45.3091636467 45.0458025633 43.6452884266 43.5782709593 43.0729491367 43.667246809 44.4514665451 43.0849464297 44.1891483925 44.2568290863 44.5877653514
0 0 0 0 0 0 0 0 0 0 0 0 0 0 0 44.1618827998 44.9713433842 45.6809152982 44.1240458394 52.7782854633 58.1214506686 59.6569536947 54.1385160675 43.5402903623 44.4497628762 43.7753402733 44.5241960976 43.8376691441 45.1629620035 45.04112 45.3126076095 67.8114343178 53.2309703926 53.2309703926 43.7334859737 44.3840189748 43.7975747271 44.2768622402 44.3425910976 45.5138406838 44.4161462531 43.840496382 44.3366675828 43.0802638131 44.2763686067 43.5637194033 43.8235866801 45.2250663514 44.4645220636 45.3509709319 43.1653904983 43.8776417519 43.3434405058 45.6174102223 43.6667985328 44.7190809708 45.4339319379
0 0 0 0 0 0 0 0 0 0 0 0 0 0 0 43.7683220014 43.8984216056 43.2552683759 43.1331163563 53.9915391113 56.400133638 60.0124899835 56.8629955446 44.6519046309 45.5188153374 43.6320963868 45.0084612035 44.686126312 43.86600164 45.0315668152 44.0525728533 45.7877625519 53.2309703926 78.7071675963 73.9110932763 73.9110932763 73.9110932763 43.1662627201 44.6802731826 43.3968696946 45.6703482538 43.5333711582 44.6690324207 44.0341126233 43.9799210227 44.1062453138 45.3144509282 43.3507517804 45.0946379786 44.6341695403 45.2287116892 44.0735905107 44.5233665379 45.5140123342 45.0377899728 45.1429782743 44.7874333385
0 0 0 0 0 0 0 0 0 0 0 0 0 0 0 45.1341962608 45.4963621866 43.2303174462 44.2084406572 44.5351073797 60.9248917369 53.2112044356 60.4970183754 43.5988467152 45.0153855865 44.1705742224 44.9617993652 44.8428051807 44.1521166561 45.5107466593 45.2403155588 43.1665894794 43.4787337242 45.4769603482 55.3978260968 55.3978260968 55.3978260968 44.2208098614 45.8181980143 43.2215410256 44.2014807063 45.2001298953 43.9528792945 43.6457170667 45.3654021652 45.36418956 45.1226464998 43.9785780278 43.1545338339 45.2926653854 44.8421760489 43.6103809931 43.9112018686 45.6182569716 43.0111055986 44.1025809198 43.0803294652
0 0 0 0 0 0 0 0 0 0 0 0 0 0 0 45.8278160304 43.038126452 43.6364341893 43.7932002361 43.2852606447 43.563602233 45.055043726 43.3282422308 45.6370474598 45.5963666589 43.7387796531 44.40887414 43.9091858276 44.9127009534 44.0861972644 44.1929704876 43.5666961077 44.6035913229 44.6018107278 73.9110932763 55.3978260968 68.0472575167 43.2485374916 43.39917539 44.2817482324 44.5331692144 45.6365915695 45.3298401354 44.4270577213 43.9881627699 45.0083765559 43.7854829429 43.5693279978 43.1026847619 43.1580632422 43.8180761791 44.0556363576 43.266639149 45.6874283939 43.0323450138 43.9750499003 45.737602907
0 0 0 0 0 0 0 0 0 0 0 0 0 0 0 45.6240152202 44.2313579539 45.1329718827 43.396304255 44.7344539633 45.7567521322 43.226686492 45.3440130949 43.9820004383 43.7479619368 45.6669267419 43.5024258833 44.4632720532 44.7338804458 45.6641966834 43.6616798842 44.6156133057 44.929959569 44.9574380119 44.2786376605 65.970063306 68.0472575167 68.0472575167 44.4864723648 44.3223028883 43.2163823338 44.8580167522 44.2339841412 43.6963545942 44.2996991387 44.049577887 44.9219866365 45.8196867175 43.8880552645 44.4724201503 44.7789443749 44.9104759901 45.3398737959 44.6393867875 43.463226436 43.9037593194 44.878058709
0 0 0 0 0 0 0 0 0 0 0 0 0 0 43.8097158157 44.1075541025 44.1593380654 44.0798510203 44.0766341693 43.8914257098 44.5577080667 43.6088883366 43.3549091185 44.5839591628 43.3369411843 45.0114969056 43.6504551596 60.3324187559 60.3324187559 44.3853590885 44.6680334048 44.927451184 43.6859928812 45.2399034964 45.724550458 68.0472575167 68.0472575167 58.1838886024 44.2694663602 45.6621130808 45.5400726258 44.281245195 45.4943951742 43.4549624269 43.5579920984 45.7684725009 43.0700420187 44.8811846376 45.2151229346 43.2679999508 45.0737528894 45.2265285993 43.1457004976 44.063091661 43.3024848991 43.4852646871 44.2165535806
0 0 0 0 0 0 0 0 0 0 0 0 0 0 45.5209709177 45.2873986762 44.8026739622 43.5588171119 45.1216553152 44.8641497178 44.1580483526 44.8862687418 43.8948318004 44.2915016971 45.464559442 45.5388582139 60.3324187559 60.3324187559 60.3324187559 98.6566061865 43.1404935424 45.4384730605 44.868530034 45.2068773816 44.5972979997 58.1838886024 58.1838886024 58.1838886024 44.7891726672 45.3495798259 44.0046400478 43.8372961345 45.3049240656 44.0528320628 45.3095593859 43.2400595966 44.7514227604 44.197117189 44.9834048873 43.0664314869 45.1181358019 45.5751697011 43.393813785 43.3381681875 43.8988947821 45.7360356858 44.210001494
0 0 0 0 0 0 0 0 0 0 0 0 0 44.1272333851 45.4243984535 43.8019619018 44.5251230224 45.1799403314 44.8564301707 44.4296248302 44.7097400771 43.1456475748 43.0455250694 44.1644367362 44.4963978563 44.4194433636 44.5697635353 44.7306667904 44.3586327728 44.1910669047 43.9157158163 44.4656732323 45.2737250085 45.4781894135 43.3537511132 43.4795901842 58.8294961639 64.581299007 64.581299007 44.5962125068 43.0566726439 44.475739534 44.7498551361 44.6178125103 43.5365602175 43.2154991875 44.939839239 44.6937559346 44.9306778871 44.5508365255 45.3006652276 45.3653518047 45.0268938593 45.4394456201 44.9096697409 43.0877819242 43.8202008155
0 0 0 0 0 0 0 0 0 0 0 0 44.8390847879 43.9820746579 43.0344289255 43.3973081512 45.373480467 43.3935799913 43.0402568435 43.6891058749 45.731162684 45.6489648439 45.6413740857 45.0077732969 43.0099135076 43.8348756507 43.3076884499 44.3035108479 54.5912617444 60.457440329 61.1047577006 43.5982366693 45.2188960258 43.8570469094 44.1697363642 43.921172839 64.581299007 51.9758835011 51.9758835011 51.9758835011 44.2695588345 44.9510929814 43.468757284 43.1259013186 44.8211951333 43.7010910522 43.0052630649 45.7602768329 45.7029203672 45.6235882346 44.3131288549 44.8972391698 43.3390713391 44.0621231764 44.0638832643 44.8730435406 44.0427224775
0 0 0 0 0 0 0 0 0 0 0 43.2197777015 44.9683984203 43.7046779753 43.704787055 44.2851084539 45.2253129576 43.3393960819 44.8340767329 44.3403180992 44.5371234515 43.6605592498 44.0402565404 45.5092634291 44.1088934327 45.2751429806 44.0306691298 43.2931513569 63.9116543195 56.2832603041 57.9969658599 43.8001863298 45.3649962514 43.1775377597 45.7406276576 44.9967900469 45.5141337861 51.9758835011 51.9758835011 67.6513455477 67.6513455477 45.6818828468 45.250552037 44.7469217152 44.1099363675 45.4846625728 45.0012019215 44.3123802213 45.7218337538 43.350811009 45.0446926216 44.6538754649 44.7153296873 45.6402939655 43.8517478129 43.3745364687 43.0195405304
0 0 0 0 0 0 0 0 0 0 45.7063688221 43.898081243 44.6597818694 43.9432070422 43.4804613447 43.8277425324 43.3900958981 45.1429980199 44.4967195276 43.2775426952 43.5028547621 43.3745248342 44.3328330842 43.4012487423 45.0211837939 44.3672050291 43.5354002956 44.6543876252 56.6168596723 57.3465783457 59.0447517012 63.5413905729 43.5677228093 45.1153131064 44.4265549216 45.2649277495 43.4320429793 44.329865131 67.6513455477 67.6513455477 45.1480931252 43.6312294877 44.1976339845 45.2651627138 44.4902728484 45.0131260978 44.5194329702 43.5281847796 43.998605267 43.6514636549 43.5504832688 43.6614003413 43.0813217551 43.1056339915 44.8875534881 44.3932186421 45.2444628383
0 0 0 0 0 0 0 0 0 0 43.2484229427 44.7609744116 43.7595475588 43.3074234154 44.1769917008 45.7299870849 43.5183045381 43.9903772866 44.8118739397 45.2757753867 45.5014583506 45.173014659 45.7962149515 44.6364479241 45.6825434228 45.4184139391 45.4292986276 45.1682011213 54.1027304874 63.9707021096 59.493268781 87.9940634888 45.4861741842 44.0219055526 43.668708689 43.0168712575 45.2056694692 43.3218716014 69.0315021275 69.0315021275 45.2176401122 44.5825271912 45.5437271968 45.1149202427 44.9135352227 43.9348262559 45.0114556942 44.4626665985 43.8952829919 43.3064171644 44.7745752834 45.5113473544 43.1975109912 45.7174000161 43.6088092414 45.7131858528 43.4274722167
0 0 0 0 0 0 0 0 43.784048704 43.5714982944 43.2113675484 44.2628558213 45.2193520546 44.6192727365 43.4198669136 44.3830272605 45.7716969935 44.835496778 43.4215299112 44.8875708996 43.4635760721 43.9093817468 44.854121532 45.2831420524 45.6286850363 44.0115048534 44.9929361052 43.6165491223 44.6210906598 87.9940634888 87.9940634888 45.4823377262 43.8440017503 43.284082981 43.0335609635 43.6666617097 43.108614586 73.8852354086 60.0859218931 73.8852354086 43.8673631901 43.5722327898 43.6944892618 45.2671841196 44.3945136837 44.3509479728 44.0496619676 44.9951063658 45.6622171449 44.4158452425 43.8048302263 45.1639454524 44.5797670827 43.9723529649 43.0104506078 44.2956302563 43.3635779847
0 0 0 0 0 45.5753840288 43.525018796 43.4473747849 45.564671048 45.2634761925 45.7753507182 43.9764479612 45.7729210666 43.8969584632 45.1827857335 43.9926249121 43.0206944969 43.021508726 43.4874218609 45.3860940406 44.492618063 44.3369915025 43.7150413748 45.1040251674 44.5959113937 45.5437747494 44.8693059866 43.5019804654 45.3506082587 45.8214649522 45.0422464982 45.3655891403 43.0264725276 44.5682434857 45.1317891775 44.6630293089 44.6028837281 60.0859218931 60.0859218931 60.0859218931 43.8824409403 43.1194754647 44.1820250534 45.4478114623 44.6683577522 44.9627762442 44.9454490083 44.9426401122 43.0798495882 44.3585046416 43.8890018033 43.7493166077 44.7419058481 45.4675801218 45.400585195 44.6581991934 45.4977610687
0 0 43.5202287573 43.3343043297 45.2724091262 43.2167236802 43.79545999 45.6707009348 43.3150985686 45.6520485352 43.4165657914 43.8317845574 43.1006645109 44.0554615284 45.4935718512 45.6774588132 43.166519728 45.4792209637 43.3960438653 44.5333174347 43.693516752 45.374218538 43.9419295377 44.6509395845 45.0974120979 43.9568400745 43.5655452358 43.7954362469 43.8659220124 44.3051830114 44.651605185 45.6603944082 43.2167507252 45.4136961163 43.9573420113 44.7760491188 55.0477614674 55.0477614674 60.0859218931 60.0859218931 43.6447239301 45.6072364417 43.9502081901 45.4539592523 43.7873486639 45.5968385211 45.231390009 44.1634387928 43.8081672138 44.4389531875 45.5945568825 43.7190885482 43.7342462727 43.2589416441 43.8106632546 45.0341018254 43.9029824889
0 43.4295971393 44.6537871611 45.6379821639 44.6279487489 45.140856404 45.6527811419 45.4423373194 45.5052631266 44.6490997436 43.8207754564 45.3410375778 44.9287588206 43.1299170782 45.4192271576 44.2046957252 43.6219006399 45.2860530077 43.3330746291 43.0627512173 44.5284530453 45.343153159 43.5861619615 44.3738820078 44.9675717349 44.2849494265 44.8749566407 44.6274189431 44.0014881964 43.9614713913 44.639543512 45.3025637059 64.5302917176 43.5136366403 43.9947646322 55.0477614674 55.0477614674 55.0477614674 71.7406457749 71.7406457749 45.2946749217 43.8129644417 44.2801236867 44.4806437636 44.9400867296 43.7878934011 44.411644643 45.2933702736 43.1205536569 43.4214421124 44.4019816251 45.1738790214 45.5302790785 45.4428884192 44.4063406983 44.1270667696 44.402718763
43.6661841269 44.9892580089 43.4868737165 45.4157954849 44.5062500464 44.3213671151 43.8294540233 45.6835169844 43.0513055488 44.9266613831 43.5335030803 45.7586314988 43.228881724 44.1469065705 43.9040483112 45.1777885562 44.0275300843 43.5225909561 45.4900792897 44.154305413 43.3997660851 45.0045314431 44.6327550845 43.1554121506 45.504148702 45.3959867473 44.0542214537 45.4471775239 44.8462820733 43.1269372141 45.4530548522 65.493500287 61.5740060545 56.754315284 66.4162614162 66.4162614162 66.4162614162 71.7406457749 71.7406457749 71.7406457749 44.4603850039 44.0276352502 44.0571408832 43.735681836 44.2350532844 45.4062716782 43.9784080699 43.6215763761 45.1287372966 44.9856546001 43.7848431204 44.366207412 43.8234421819 45.3339863189 43.1591898358 43.0756129547 43.3005035171
44.4767428709 44.2568981687 43.477485616 43.8424668837 45.6513101698 43.8171250531 45.466988865 43.8061829868 44.475773543 43.1167565343 44.0124283475 44.5686898797 45.1457290267 45.3662316417 45.3661255309 44.4821378826 44.1228989537 44.7117007841 44.6029311554 45.2455843565 45.039740855 44.5089974621 45.1039537918 43.3698544077 43.5248992041 44.5944549099 44.8462562509 43.1719302448 45.5453196804 43.408542478 56.0688305881 65.493500287 61.5740060545 56.754315284 56.7232040078 66.4162614162 66.4162614162 63.1800894901 65.2615057403 43.6353341038 61.650095895 43.9054298062 45.5504408688 45.7089013249 44.0444834159 45.1674857996 44.9346456447 45.715987572 43.0170045292 45.5361373791 44.3426353809 43.9908748901 43.8439216701 43.6747310409 45.7325123378 44.0305591264 45.127298165
45.7798172581 45.5663905268 45.1877520987 45.2677305276 45.5290736218 44.2692968364 44.4284862774 45.5750059403 43.8000515769 45.3383644892 43.3062643787 44.6362736529 45.1267192146 43.6139977397 43.9722880355 44.6527289136 43.3168230641 44.6355137739 45.513291512 44.7898666114 43.2387422777 45.7609414487 45.7975699925 43.7203926381 45.7616314438 44.3918280685 43.8899669034 43.1731330092 43.7923702332 43.3339547053 44.080126762 45.7422940995 61.5740060545 63.4484304184 63.4484304184 63.4484304184 63.1800894901 63.1800894901 77.2195931687 77.2195931687 44.2708417972 44.3770224562 45.4186330136 44.9729816576 45.8094926708 43.0367852836 44.6045939768 45.4397930941 43.7769207309 43.306685948 45.7827112917 44.1351808225 44.9400346256 45.6997160779 43.8582898419 43.0895812737 44.4802713401
