Spatial_Output/BAU/BAU_0224.asc
NCOLS 155
NROWS 192
XLLCORNER 196307.867259
YLLCORNER 449144.565805
CELLSIZE 33.573938
NODATA_VALUE NaN
[rows 25 to 49 of 192, columns 57 to 113 of 155]
46.3481292496 46.6633375162 47.0825201111 64.9346036859 66.8987265498 66.8987265498 66.8987265498 62.4854598729 68.6957272411 68.6957272411 87.704609784 46.1996004117 47.3207514792 46.1051704388 46.5035816154 47.1645286313 47.2508676932 47.1741639906 47.1508323505 47.1470074853 46.4030978592 47.3219251345 47.3933145237 46.3226723642 0 0 0 0 0 0 0 0 0 0 0 0 0 0 0 0 46.7517586295 47.1127092982 46.7057253953 46.2255432104 46.9403905606 46.3928809419 46.7156680806 46.1731128389 46.7186656556 46.5482142343 47.3916799516 47.005689395 46.6048248374 46.4812077628 46.9827362805 46.3251564695 47.2421016516
46.1586831763 46.6709554321 46.1570785951 46.4106239727 66.8987265498 66.8987265498 47.0938306233 46.1700836138 68.6957272411 77.673375931 77.673375931 63.6636206886 47.2223389808 46.6945530448 46.9873237472 47.3230394603 46.5806375504 46.2982518444 46.5750189652 46.4388836067 46.0577947003 46.9103630824 46.9672488109 46.5943350446 46.2722958772 46.8072997963 0 0 0 0 0 46.6478338031 46.3936879575 47.1810983933 46.9436570825 46.377480395 0 0 0 0 46.2194479549 46.8106893763 46.7182798903 47.0958372112 47.3068943282 46.3003332477 47.0716912673 46.3223699725 46.4845722006 47.2532419041 46.1652028382 47.1149099562 46.5723139078 46.5045604307 47.2776562671 46.5644743717 46.3603837657
46.6267870643 47.2005020383 46.6253989318 77.2432240394 54.7203997837 54.7203997837 46.2244630485 71.9225276714 77.673375931 77.673375931 63.6636206886 46.9666783591 47.0373737993 46.5661347964 46.6350765343 46.8021899131 46.8661244314 47.287328129 46.0219809508 46.0648956305 46.0547596374 47.3234430915 46.3702347201 46.4136212521 47.1684706451 46.2985263171 46.5490540774 46.6325645124 46.500525656 46.5142775498 47.0749668766 46.7259793705 46.1157887223 46.052386785 46.793713086 47.3620867862 47.0578871578 46.837354863 0 46.6704178039 46.3872544019 46.7246932747 47.3022024912 46.2254966076 47.4092350887 47.3085844692 47.0559515054 46.7723964471 46.4809934788 46.8491072035 46.9653565773 47.2993790356 46.925613036 46.8966836141 46.3318908602 47.1086382021 46.2118853844
46.4288848087 47.3494456159 47.1318228924 77.2432240394 77.2432240394 77.2432240394 71.9225276714 46.2144116362 82.1711633038 61.5964185519 63.6636206886 46.4617455711 46.0557339965 47.4068113302 47.33824077 46.4211890386 46.6063321726 46.275879902 46.6521950852 47.1761364523 47.2937217297 46.2062902059 47.0083634698 47.4095288896 46.1848357384 46.0867977438 47.0528113945 46.7690844059 46.6824319054 47.3123352702 46.657409364 47.3843674755 46.1123627233 46.7217914172 46.2181760366 46.5958442848 46.5619232247 47.2748307284 47.2952722784 46.1091179657 46.1449509263 46.5811600327 46.8551112244 47.2365018307 46.572327895 47.19598598 46.4162134796 46.1469186346 47.1585968693 46.3253713343 46.0739021726 47.3506631292 47.3252850856 46.3655146113 47.2503488406 46.4405458866 46.0594431682
46.1979954063 46.8884464417 46.081480238 58.6834704154 77.2432240394 46.6678171275 47.0357954927 82.1711633038 82.1711633038 75.2291450022 58.8823811234 61.3397267678 58.8823811234 46.6142480545 46.224596301 46.4717216618 47.4007497611 46.1825294648 46.6488355307 46.7938370332 47.0981941114 47.4129815471 46.4311491165 46.4404573253 47.0124928921 46.2141308227 47.0524220318 46.8645720118 46.9519830873 46.691658146 46.7117194242 46.7838547362 46.8563747291 47.3600988562 46.8025943782 46.795458162 47.0519640689 46.0142473682 46.9146381703 47.3328081184 47.035006058 46.8245373398 46.7322530152 46.2775902077 47.3376233653 46.8816185574 46.1727609887 47.3231549256 46.3398093341 46.5181396929 46.4042430997 46.7901892532 46.7696673162 46.8685283451 46.8406212309 46.5505875001 46.8591735362
46.6421662147 46.1378907679 46.2947261545 58.6834704154 58.6834704154 47.3106479952 62.337947188 82.1711633038 82.1711633038 75.2291450022 61.3397267678 61.3397267678 61.3397267678 47.0559600251 46.7765449502 46.7737018589 46.832658389 47.1058033844 46.5926380206 46.5639600176 47.2031428182 46.6784873754 46.6315522086 46.7217961801 46.7923856991 46.0337078998 46.4575118116 46.8566372132 47.0930327621 47.0850438731 46.504446785 46.8688729697 47.1301490393 46.0992953036 46.3612218357 46.8173409362 47.0350240868 46.5353786901 46.147127009 46.9171283601 47.0885622779 46.9525357084 46.8875663487 46.0871191183 46.3396528562 46.4435082275 47.0723162034 46.5153515116 46.0481267424 46.3091589087 46.1658993771 46.5003393796 47.1360042607 47.3282790919 46.3741810238 46.9633875634 46.6486572223
46.1638837524 47.3032808727 47.3035685127 69.5417561284 46.5353266732 62.337947188 62.337947188 47.1925618468 47.2425514271 96.2791456508 61.3397267678 61.3397267678 46.1640010687 47.3327774417 47.1779848336 46.5443333776 46.2348836089 46.70629267 46.4502614733 46.3437995287 47.0947999729 46.836322186 46.4133189691 46.4126362992 46.8929926464 46.8273081302 47.2894947436 46.5620096534 46.8416275286 46.9307068795 46.8451966724 47.0407139179 46.2689299343 46.2282202888 46.3824031946 46.1045030124 47.3541301297 47.1045877717 46.0737514552 46.6288637715 46.3913492405 47.3176759312 46.4251191011 47.275680567 47.2774708356 46.0795306462 46.4429740843 47.2058593406 47.2896039448 46.8679010088 47.1270567842 47.3642292458 47.1271082738 46.9129914735 46.6286534139 47.041038295 46.8783314462
47.338645198 47.3279777845 46.4253803945 46.4926667304 47.0321799141 62.337947188 62.5139215343 62.5139215343 47.163044805 96.2791456508 47.0265707581 46.9478759962 46.1567175703 46.4699504492 47.0799080775 46.1740017007 46.5145741924 46.6565501942 46.5794949366 46.5519199445 46.2128896835 46.6890883049 46.0504767821 46.7768329905 46.9241739473 47.2003981522 46.1072404378 46.1917656205 46.0478381149 46.2166154659 46.0024063475 46.4141737722 46.24488173 46.5247094341 46.5561754877 46.3237870371 47.1720844923 46.6955538948 47.0084526908 47.0312359476 47.0430089421 46.3061953829 46.5900417005 46.9350581062 47.3202809707 46.1328902981 46.584157845 46.0788557665 47.1490433541 46.103034178 46.1544217877 47.410756456 46.6103842519 47.0174579005 46.263397271 46.0677034352 46.3776118033
46.2388120711 47.0647172802 47.3725387859 46.128531521 46.659581943 47.3224266244 59.5355522507 59.5355522507 46.5043276257 46.3111462374 46.9465648115 46.5541719365 46.2456758902 46.8927812505 46.5394992601 46.1390269822 47.2281258228 46.8487173215 46.8742993361 46.9205995617 47.1066281321 47.2643819442 46.9215730743 47.0729876153 46.3352130796 46.3618014096 46.8172898965 47.0480840234 47.2013437043 46.6082268746 46.5302431044 46.5976203362 46.2837435526 46.5213931012 46.0426479344 47.3838324657 46.2205991177 46.2378073797 47.3828387475 47.0490562038 46.5639520711 47.1405249615 46.0039839364 46.432512405 46.9355585531 46.3298665819 46.1972948369 46.7126527879 46.1192278794 46.0519894883 46.6071207525 47.140906492 47.052594833 46.8660120379 46.3054850797 46.0495783061 46.288534904
47.0348587298 47.3837767281 46.9663829841 47.3985904448 47.389980964 46.4485219434 59.5355522507 59.5355522507 86.6926529275 46.6437146122 47.1368810533 46.3295299818 47.0178585072 47.118722392 46.8297046346 47.0199807445 46.5466440962 46.0806153037 46.6765347246 46.1152095628 46.1392462051 46.6076915793 47.3661710559 46.6152020478 46.8629659425 46.0743951066 47.3721037881 46.7482565805 46.5044213523 46.6344275059 46.7445655763 46.6608086393 46.1384412027 47.144917576 47.0676512417 46.8495115827 46.4694107822 47.3683019686 47.3462897483 46.7988659294 46.7392551714 46.8459825755 46.6523621517 47.3780375567 46.6878545735 46.5078170183 47.1825885358 46.4767329291 46.456901175 46.7592603829 47.0075246955 46.9192397001 46.7697590927 46.2299221055 47.0581846747 46.415787291 47.1494015151
46.8296980749 46.0897324807 47.1364545373 47.2375909453 46.7728390515 46.5777848051 86.6926529275 76.9901920167 76.9901920167 46.2963197953 46.5963876553 46.436332191 46.9457061983 46.1709386863 46.4360910114 47.3722292128 47.1727016794 46.9669694068 46.0147110659 46.4443483444 46.7280902735 46.4071305734 46.3672010691 46.6644247187 46.5808610213 47.1846980462 47.0767565112 46.9546638774 46.2080241167 46.0620245729 46.0824748165 46.2502591072 46.4021839636 47.1000783103 47.0798159588 46.3549614847 46.9313527622 46.49868929 46.2654279814 46.6041851508 47.3459701574 47.1663899206 46.8462299013 46.2993363245 46.3649268403 46.6004168302 46.6900947162 47.0621170082 47.1087105188 46.4526408158 46.3975317324 46.3672946766 47.3744295035 46.1996195824 47.2910329536 46.1678822046 47.0116529489
46.7460826014 46.0547645743 47.3390854874 46.4593381018 47.4059587264 46.9309568661 76.9901920167 76.9901920167 46.0548322575 47.0408011778 46.0734321882 46.2217056044 46.7369349303 47.246917531 46.9104925128 46.2690798219 47.343357744 46.1398436003 47.1932666404 47.2582738013 46.032431275 46.2873374003 47.0044205126 46.4504891102 46.8292493349 47.0181871121 46.9663872927 46.8427445292 46.0571256124 46.6111260802 46.2547425106 46.0260143522 47.3462403972 47.2817138925 47.0925508103 47.3890001821 46.7018612791 46.6599954675 47.1617754552 47.4026442212 46.0062851989 47.0702690423 47.1217433277 46.9188140761 47.2233269744 46.7994090467 46.8870301492 46.8433841972 46.1972130972 47.0508164447 46.5612618561 46.2276003876 46.433392185 46.6558388613 46.614862139 46.9453255572 46.1855147924
46.6137309188 47.2698071671 46.5980239777 46.1927867992 46.9023732757 46.2634498642 46.0377032764 59.9440765284 46.5546335393 46.8959624163 46.554411285 46.0542703839 46.7251988646 47.0985635395 46.2927688203 46.3335549829 46.6646606173 46.2181616482 46.4441943727 46.6302984038 47.3696266606 46.746245902 46.8233683928 47.3620959464 46.6837700886 46.8948891351 46.319394843 46.4319048418 46.1206036149 46.2554751338 47.1607806444 46.541933577 47.0174245527 46.1902160955 46.3142012151 46.0578236083 46.2733059714 47.1262185738 46.678520047 46.3082917853 46.1146910062 46.5720177689 46.9259925253 47.2431868639 46.3048606495 47.3721281872 46.277390627 46.6254719977 46.3680606818 46.0637179391 47.0258726089 47.1716661027 46.2125890112 46.9053555727 47.1424958102 46.7472521213 46.7334748748
47.4006269249 46.8478438756 46.3985578368 63.020066319 62.3232145935 63.020066319 46.9298740605 47.2461305505 46.4234592798 46.079632193 46.8095019032 46.024007515 46.5512809335 47.2284013251 47.3933341558 47.1663793688 46.6672739823 47.269705537 47.021352762 46.6583934431 46.5016514155 47.149642755 47.0666846865 47.255613271 46.9128611582 46.2602043056 46.4689216681 46.1212672994 46.7461641154 47.150080871 46.9580822071 46.3445592952 46.1222250107 47.2720059255 46.3688036473 46.3230429625 47.281692707 46.9838989158 46.4642511745 46.4402563386 47.4014688358 46.8122114461 46.9140632669 46.6191390181 46.6108541491 46.140210696 46.4064554567 46.7402099772 46.0808340856 46.0936000168 47.3957767272 47.3468062592 47.190235554 46.078990481 46.6455823231 46.9606366509 47.007977647
46.7401939243 46.8110911119 46.4965328052 62.3232145935 62.3232145935 63.020066319 46.0449534144 47.1208955535 46.0273027728 47.2943988247 47.4019107759 46.9867114733 46.0582759203 46.8882898044 46.324965374 46.5885256318 46.8292439095 46.7592445517 46.0933405747 47.0741228763 46.5149235797 46.7647955861 46.3794337568 47.1699681778 46.5812616017 46.4491279423 46.6888560671 46.1235353864 46.9775675756 46.0937397777 46.7226034678 47.3629341902 46.2306843947 47.3191346142 47.3615342239 46.9955777588 46.7402951715 46.8876388004 47.0992784498 46.2568767252 46.9921651714 46.7457867233 46.8995928871 47.4009029643 46.5282877984 46.8378928123 46.1304391423 47.2942706763 46.2592546516 47.3622581146 46.689174712 46.9190427312 47.3068280056 46.6703896418 46.3425297108 46.7654936791 46.2954662593
46.7412224717 46.8478155291 46.7074558439 46.1243467069 62.3232145935 63.8051927226 46.9287020093 46.6155616848 46.8910746815 46.5062579132 46.6535662321 46.8756589804 47.1203114887 46.1443931742 47.0397602751 46.8920335148 47.2500127139 46.3217788524 46.4568199347 47.0906919445 46.7210694287 46.5658596427 46.1650984043 46.6524923803 46.0757164443 46.0868325543 46.4860672942 46.4879187214 46.7762685866 46.6662020745 47.0853478595 46.7939294016 46.1880190865 46.8766334786 46.832187251 46.9579456415 47.0912810008 46.7834540909 46.7841818161 46.6128260074 46.9257623267 46.7250501951 46.2935186936 46.8995504146 46.2777843498 46.4028951211 47.3977952481 46.1444097335 46.4098359118 47.3684041847 47.2735126625 47.3785363598 47.3925251594 46.0706556573 47.3470300092 46.5733388485 46.9370306253
47.0121483198 46.9020206815 46.9632047946 46.8219949272 47.2039939264 63.8051927226 46.3374839857 46.9493465462 47.2854698979 61.5499358212 72.8958301014 46.4937011119 46.0390968689 46.3814752978 46.5731984017 46.3419954081 46.7296551961 47.3580586928 46.8521713 47.0740282814 46.9506492299 47.2119979817 46.4875241365 46.5540033893 47.0500425932 46.5958258431 47.3551995862 46.5800994806 47.0879682649 46.583469032 46.5999173597 46.3215858035 47.0912775539 46.992049986 46.5827153628 46.5483742162 46.7196577325 47.1079415074 47.0417692965 46.1687032143 47.2155159653 47.1843643183 46.1591905661 46.0651872151 47.0778588276 46.4824739458 46.7435431029 46.7777547716 46.6457358333 46.7568911015 46.1843325471 46.3808167966 47.4085560799 46.7086435775 46.5262731466 46.5486124468 46.4550021027
46.1450556587 46.0385976943 47.3353161796 46.3313388939 47.0435879993 46.6793884953 46.3611722218 46.6864740854 61.5499358212 61.5499358212 72.8958301014 46.3786240833 46.5767975088 46.571668371 46.2524953709 46.5068261589 47.317035447 46.2226128786 47.0010683439 46.2319701088 46.4839100317 47.3398524607 46.2111467148 46.4939746882 47.0716494323 47.2170898666 46.860283376 47.3358710991 46.6809111733 47.2793123911 46.2846507826 47.1625933564 46.5967076759 47.0254146833 47.202984466 47.2574232365 46.3500844101 46.6070692944 47.1740700749 47.3209871784 46.3838199285 46.3545894958 46.7612485568 46.8758661931 47.0389203841 47.1837424369 47.2105515685 46.0710019041 46.2943475489 46.7052846824 46.1999019308 46.0079497947 47.1671594174 47.2199343622 46.6292951067 46.5609765722 46.9183819019
47.0404855129 46.5384232874 46.6731016241 47.3700242887 46.8940411363 47.1904705364 46.4626892845 46.7718009186 61.5499358212 61.5499358212 46.9864532222 46.973913478 47.2752348806 47.3973465281 46.5769854256 47.3696691729 46.819091192 46.1611386435 46.6372108784 46.9798564025 46.4666774905 47.1481003546 46.6503121529 46.2253050105 46.8786599828 46.2747475271 46.0159606174 46.9451412249 47.1939579748 47.2539249264 46.4212901143 46.0850298001 46.7259139578 46.2370960767 47.0291787132 46.164599069 47.3450878092 46.1362552759 46.2886159176 47.3628310755 46.3696119476 47.3567690848 46.3742516871 46.7431228383 47.3557589482 46.3086914141 46.8311430182 46.6359789998 47.0943465218 46.1441877423 46.9863893013 47.1640241879 47.0890592015 46.0963688396 46.1136665269 46.5490556606 47.1252451639
46.527818928 46.109905192 46.5287722981 87.8226779063 87.8226779063 87.8226779063 47.2344004927 46.1708253805 47.1694603905 46.9127346186 46.3401238775 46.0969556615 47.0467398558 47.2920523007 46.5008777452 46.9436125291 46.7518059501 47.3003208346 47.1656063431 46.3125445269 46.8430497942 47.2580404848 46.6589532631 46.40920506 46.0209920518 46.3561005013 46.8034544877 47.2864895571 46.164777287 46.8313275096 46.9813775084 46.7785573499 46.9689000203 47.1039258032 47.2950332811 46.4265349691 46.1448117413 47.181025605 46.7868210537 46.4343697077 46.0432246223 46.3537679456 47.0956584763 46.8222718617 47.2971376271 46.9768356684 46.9797037945 46.432856356 47.0361112987 46.3172826681 46.885615357 46.233678055 46.3439528538 46.3781778097 47.33039771 46.3083962119 46.8672479504
46.617944679 46.4182782394 46.4527328921 47.2187657477 87.8226779063 94.5146583571 46.6134213946 47.1753153928 47.1640321573 46.3155386268 46.8164655912 47.1776943878 46.878729185 46.6509867677 47.2626538223 46.2496378306 46.414176549 46.7574683978 46.7426050756 46.702820793 46.1321709834 46.6354216189 46.3124600257 46.0876092809 46.5473141944 46.2574260966 47.295897649 46.2841576951 46.8087422209 46.6192005597 46.7379520295 47.0962629425 46.760395903 46.0647536594 46.6941974244 46.8808414981 46.0781963391 46.5260936892 46.0201925238 46.2649593687 46.9008425149 47.0541421991 46.2031698394 46.0336933599 46.2291060116 47.3489389846 46.4097375488 46.2255031965 46.8372266436 47.0288106916 46.6158452779 47.3425190703 47.0642723989 46.0570190324 46.8573387417 46.4245227049 73.862152579
46.6364678134 46.3472836812 46.342718681 73.1878302519 46.7433718692 94.5146583571 46.7189293902 47.2528012937 46.5511109802 46.5898875632 46.6426305367 46.5744945094 47.3930199531 47.2508937567 46.1468285214 47.052634315 47.2888691131 47.3789097501 46.1771293724 47.4125158954 46.7733670155 46.3147268402 46.9598287858 46.5613402677 46.4843292133 46.3094897014 46.9350317646 46.0656271074 46.2114323256 46.255685026 47.1932217029 46.0731398846 47.2351343716 47.0154911082 46.3963719386 46.5570034291 46.0215127125 46.9253090479 46.1451469466 46.7491109932 46.5411904755 47.1730723084 46.1183678084 46.880662784 46.7541178009 46.97172968 46.5831772596 46.1114115662 46.0930355748 46.1235036939 46.5191080018 46.9762773781 46.4838728473 47.0577968938 47.3950560462 46.5737049134 62.7825968281
46.7272561644 46.6550870975 46.7571445768 47.3784601755 64.9481203243 64.9481203243 64.9481203243 46.1986965981 47.2625222016 46.6555292899 47.3537133357 46.0450168264 47.267269267 46.1428477478 46.7964455657 47.0681491152 47.3049951619 47.3570744089 46.335923056 46.2178298778 46.6058110684 46.4498606809 47.2853790053 47.2859051729 47.1387878964 46.3313796101 47.2337821194 47.184774748 47.0844312176 46.7675529591 47.2053807459 47.1246433098 46.5238081145 47.0963739223 46.4404869183 47.4008024365 47.1974512871 46.8591555606 47.1032510976 46.8863911375 46.5229482539 46.796012235 46.2031241987 47.0607343941 46.3605734847 46.3186012207 46.812395145 46.1371350032 46.2136771852 46.6234841305 46.1376467567 47.1966548481 47.365953006 46.699008923 46.5435949885 66.5863557917 66.5863557917
47.2112886092 46.6741517112 47.3624432767 46.8667595445 47.3547324518 64.9481203243 65.066005158 47.1974725894 46.2818741699 46.7573305797 46.1075617757 46.1747838421 46.7716165371 46.8257856004 47.0785062787 47.3865513478 46.4839633488 46.8947667037 46.4360375743 46.5703897729 46.1220698728 47.3404784649 46.8511534881 46.6928653206 46.7262089733 46.0445543427 47.0957934065 46.602728195 46.1190186787 46.7969549901 46.7122446215 46.9903178643 46.3409862856 46.3542707725 46.1159446328 46.4754103506 47.2019370364 47.3316711781 46.0362366916 46.3755203974 47.2575347401 46.3533837812 47.0365805443 46.8906382274 46.9428779223 46.0455730348 47.2596525561 46.6927766745 46.6402066112 46.1451741684 46.2818049471 47.263783419 46.1833234697 46.0432355865 89.3962889245 65.9975494753 64.7220814222
46.7150379601 46.8774857465 47.3402539508 46.2865210837 47.1468504728 65.066005158 46.551007676 46.3105773096 46.8197050394 46.3410690014 46.2227045422 46.0858053415 46.672940522 46.3663945036 46.8607959524 47.3992962181 46.2872063918 46.9592849707 46.037737148 46.1359474836 47.1503047897 47.189913738 46.8543179531 46.9183916302 46.0218682607 46.9097114558 46.4542501399 46.4340471285 47.1121625719 47.3578058167 47.0154425426 46.1172192949 46.5670812478 47.1071911712 46.6975453042 46.2651517999 47.2348641048 46.18637494 46.8236122208 46.4010598447 46.2871330151 46.4965323152 47.0616767851 46.8886244405 46.3330786838 47.2648647455 47.4022624894 46.9470572586 46.2924455354 47.3283096676 47.3533054426 46.5126648781 46.0643876556 62.3164732793 62.3164732793 74.1700137222 77.9080814931
