Spatial_Output/BAU/BAU_0756.asc
NCOLS 155
NROWS 192
XLLCORNER 196307.867259
YLLCORNER 449144.565805
CELLSIZE 33.573938
NODATA_VALUE NaN
[rows 75 to 99 of 192, columns 57 to 113 of 155]
26.6257671814 23.0238748265 23.5172728694 26.3335496564 27.2012480554 24.3619044618 47.5675064865 47.5675064865 25.4819113101 26.70276386 25.3904482697 25.0333923163 25.6192855654 23.2727691726 27.0918620863 50.4452959128 50.4452959128 46.5171785857 46.5171785857 24.4544440686 27.1294639172 24.3342168781 23.3336153998 24.7991103866 24.0810848544 26.4472585328 25.1162441709 26.1523125758 25.6603493187 25.5860873673 25.6861174457 23.5496918322 25.9804916424 25.5394293666 25.5825227922 46.9086630258 23.4854982667 27.0769603052 24.3829571207 48.0023580465 38.9862197013 26.6190875547 25.7602392265 26.7013420377 25.9074500811 52.8144995849 23.2504876356 25.5882121459 27.1960303833 26.8502476475 23.4604877726 26.5646157762 24.1762038269 26.7518393167 26.2679317768 26.6466356306 26.7179853247
55.4887482754 24.6687930186 23.3223710413 26.8491765494 24.558441935 26.185936588 54.2008146069 54.2008146069 54.2008146069 27.0726724743 26.2970597111 23.0928617586 26.6127732581 26.2399869723 26.8223919908 60.5043287234 60.5043287234 60.5043287234 23.4176639405 25.6996071171 25.5511477814 23.6712913449 26.3143814093 24.5021002381 24.6071864853 24.5396849861 25.2190183855 23.0649519701 23.2145585652 25.3847397817 27.0738971815 25.7832625183 23.5454288485 23.1444901774 26.2257115308 26.686453673 23.4500614649 25.8442404487 48.0023580465 38.9862197013 38.9862197013 39.9333233873 24.9954343899 49.1613372347 25.431565948 52.8144995849 52.8144995849 52.8144995849 24.931143073 26.8785869396 23.8778212263 25.9784673813 23.8811531971 26.0083400805 23.0840388221 23.8956537887 25.5094673641
23.1348212359 27.0876830396 24.5733613058 24.5123148282 25.834892946 24.1979907317 54.2008146069 54.2008146069 60.5559832219 23.1163386441 27.0181543482 43.9026576187 46.1347988154 43.9719214522 23.6360728675 26.416081539 43.8472825107 42.7921692795 42.7921692795 25.5041810138 24.6539700493 24.3091348068 24.7916903901 26.901134152 24.9140114704 24.9788505893 26.44379376 23.463801939 26.2055120013 25.0549136146 26.8166168099 23.0794703508 23.6881943386 24.867092498 24.8590539134 25.9967280323 23.4048829419 24.3116266127 43.3363761604 38.9862197013 25.3989267904 24.5109138702 25.5839901463 49.1613372347 52.8144995849 52.8144995849 52.8144995849 25.2626231667 25.1020510208 27.0784219467 26.7991821652 23.1724750086 23.6547519977 24.4486164989 62.2484772282 26.8527204718 43.6108430326
25.0700536742 24.3958567195 25.739776588 52.9468215524 52.9468215524 26.5006989445 27.132820885 40.1156106223 40.1156106223 40.1156106223 51.4037419478 33.614826592 41.5553374793 41.4004625466 25.7958388551 24.8388059002 42.7921692795 42.7921692795 51.2155998676 25.3067442511 23.2808320637 23.5203894142 23.9098508862 25.5406211028 24.8709834767 26.1678326123 25.8320816385 26.3435425293 24.7081123898 25.0515804129 23.502959796 24.7851741688 24.0383962869 27.1301892955 23.1292112713 25.0687828316 25.7880962833 23.3234506137 24.9140203849 26.0682118443 24.9397669074 44.8612649041 26.8088113914 24.8206157676 26.9660552861 51.6167606128 24.5643770759 64.5370162623 24.3880193766 53.5585447731 53.5585447731 23.1697840632 26.4028371531 23.1598928279 23.4321598447 50.2581855982 43.6108430326
23.5774646989 24.3680522623 26.9474187941 52.9468215524 52.9468215524 26.2661196703 24.5336899315 40.1156106223 59.4260004196 59.4260004196 51.4037419478 39.2602962561 44.4259477995 39.5817951838 26.3690403912 26.7131313397 23.4865936144 42.7921692795 44.3131548391 24.4155537461 26.5075214203 26.8723602822 24.3125414081 23.9418868175 23.9899036762 23.8502220414 25.3967254435 23.979381089 24.3378366881 26.0894054231 25.1691357287 27.0054092759 25.8231635996 25.1288527721 24.0379803195 25.1987214301 25.0382617072 23.409452954 26.4105899992 26.9861512653 27.0426015435 27.0692595733 27.1642640057 23.5170047203 23.3268453098 46.0733053121 46.0733053121 26.5616980741 25.1404309113 53.5585447731 53.5585447731 25.1284704065 42.7849855758 27.1814596022 62.2484772282 25.5853645004 43.6108430326
25.0985805733 24.6660128297 23.5039487108 52.9468215524 26.6075021717 24.1852425694 26.0126630068 59.4260004196 59.4260004196 47.4286542144 51.4037419478 51.4037419478 25.6034052005 24.7302849035 27.0962994504 23.4860256372 25.1355888349 59.6329664048 59.6329664048 23.4431422914 24.9112517653 25.8721122204 27.0672519106 24.6662252123 26.1369803375 24.4635113194 23.3377801117 26.997577726 23.6583927306 27.0425304439 25.3691552351 23.9004981055 24.314392133 23.7244802203 25.6303659732 23.1584061697 25.2685860344 24.1098494393 26.6136617339 25.6451714168 23.7979222175 25.9707902552 27.1677047712 26.953303314 55.2447159074 55.2447159074 55.2447159074 55.2447159074 23.8529660985 53.5585447731 53.5585447731 27.1645406979 24.4601123265 25.4107013876 62.2484772282 24.0651956354 24.7859569656
24.0118259331 23.2889578686 26.8009240224 26.5825737875 27.2283921737 26.3914719432 57.720247098 57.720247098 57.720247098 23.6359026372 25.8603982181 23.3059286978 26.5715074208 24.2487336953 24.8501574277 23.1289222856 25.7444946599 59.6329664048 59.6329664048 24.0421095258 24.4245342088 24.251948054 26.1583550496 26.4150912145 25.0619346407 23.5230887014 25.3166125186 23.1593250731 23.6522735333 23.851866783 23.8042413804 26.4049338511 24.5580142241 23.0314451329 25.1519764745 26.9001391823 24.676087318 25.2457952711 23.0573416257 27.0001699241 24.1676824954 26.8919794987 25.1888466039 23.0956350796 25.6414104164 55.2447159074 55.2447159074 24.5280645504 24.6963961867 27.2212319073 24.5257314749 24.9007455012 23.4437013926 27.0910536079 24.9635892478 24.1863123723 23.3349379009
25.449780992 25.1306300673 25.4230077625 24.905487915 24.1619811543 23.0512117398 24.7150510382 26.3167426783 39.771364913 25.976133209 25.6151022489 23.900366874 25.0812217669 24.9728631938 26.655701617 23.9240167047 25.5983340745 26.2383331083 25.0800788007 26.5331307238 26.7780768968 25.5321753387 24.2488316709 24.1175007313 24.952363445 26.0990816345 26.8854294876 23.8225193625 24.6651298312 25.937780777 24.3559369757 26.4558556846 24.8918180419 26.6905878298 23.4179026464 26.0020603874 23.8151881662 25.618988714 26.4340952555 24.6202240118 25.5039038808 27.173967424 25.7948869969 26.9841115745 24.8692353663 47.5411201937 47.5411201937 47.5411201937 25.4262321303 23.481590103 23.515543566 23.3724118576 24.2644449641 23.9073525641 25.8238292121 23.9711966735 25.5142918599
25.2294658725 25.031185513 24.4452129065 26.3680896336 25.6855296648 23.2625288012 45.6483811993 44.0916449697 44.0916449697 56.7787538675 23.9126771153 27.1129998622 26.6259997369 27.2240707018 24.4321852188 24.2017951668 25.9032866829 23.3821758143 42.7914147461 25.7057894303 24.9267303911 24.015685682 26.1099648112 24.1878006334 24.5965494413 23.5648260829 26.1248066993 26.3457954786 25.3358264545 24.8731498936 25.1165921134 25.0170397768 24.6872702102 24.47215396 25.994496799 23.9265212269 24.7920804272 24.3492351063 25.2973808534 26.2114385987 24.8308191109 26.766341018 24.2410268399 26.6852195031 25.4440908835 47.5411201937 47.5411201937 23.5386108106 25.419462313 23.3632657817 26.2744876672 26.16520623 24.8398775251 27.0230527104 23.9498580963 25.3305613639 26.5949387672
24.0084854817 24.8126561374 25.9400481442 25.904600252 24.0756458223 24.8116948345 44.0916449697 44.0916449697 44.0916449697 44.0916449697 26.8679647675 23.6675013585 23.9891609777 26.4524745045 24.5052838615 24.3384650828 23.6208641787 25.6069757983 25.3487150004 42.7914147461 43.8879949542 26.8632646374 23.9342456797 23.9722888443 24.7876473713 26.518283249 25.5442002561 23.1190914517 26.8497982535 25.7855269174 26.3430711056 23.9157558229 24.0357568225 23.4530488274 26.6870539597 26.1331302029 24.0984568628 23.4710235399 24.5543233202 27.1041848244 24.1196537595 23.6443864528 25.9089640109 23.7187774481 23.7488183118 57.2767905959 47.5411201937 57.2767905959 24.6557045905 23.0955467141 26.705979724 24.3184318696 26.9071103244 23.5878217923 24.3672866933 24.5264182872 23.2163747906
24.883293448 24.0410034221 23.9358955338 23.1902144214 23.3315557554 27.1281625418 51.5277899477 51.5277899477 51.5277899477 51.5277899477 24.2180803398 25.8244208227 26.0928954155 26.5644287839 25.4855135022 25.7139353551 25.9605482613 23.7298171481 23.0728667616 50.4255855258 50.4255855258 26.6185787564 23.7050381185 25.519947542 25.2849777016 24.1919362753 26.7726850942 24.5364094949 26.7898816049 25.1937901817 26.4297793964 23.2130685739 23.0399070716 24.9766616768 24.2204338036 25.5326191635 25.2650049197 25.8387688485 25.5274435122 26.4980270696 27.1969079209 24.1922934653 24.25386977 26.7178610056 25.7123796752 26.0803177019 57.2767905959 57.2767905959 26.471071222 27.198331852 24.4049246036 25.0529429966 25.5877019692 24.1862471795 25.1752119813 26.0418052531 25.9366766023
26.7837331347 25.7145371628 24.0881432936 24.0686182863 25.3832347816 24.6867781337 25.0446122178 27.0325809153 55.4085635117 26.8665400805 25.8943381546 26.912679782 24.0304731247 26.6618141435 25.5185431893 26.1884522201 23.0925897019 25.6053396771 24.8515439935 25.3847401898 55.9723748864 26.8318336099 23.7229440764 26.5383364356 25.7463778107 25.7163038052 26.0618535508 23.4120116612 24.820344929 25.7697382902 25.2015250674 24.3911336099 26.3458232458 25.4013364573 26.4953526538 25.7542034722 24.5074271536 25.6467686731 23.8259602281 24.393508352 23.0396711832 23.8833986567 24.3018248429 26.1871034184 25.9259676544 35.8039430347 24.9440315744 24.9479947491 24.8091485567 23.3996577488 60.2124281372 23.7507435027 65.0434261891 24.9793543397 26.2615173397 24.4529414259 24.5573116677
23.0220421841 26.1162706481 23.491377455 25.7063947962 23.4303400275 24.8612196522 24.8554122977 55.4085635117 55.4085635117 55.4085635117 24.2079493537 26.2651073475 25.8385827865 26.9460836762 25.3756755029 23.5966477196 26.6505244049 27.2052755889 24.577770566 25.0022403956 25.3093256159 26.9604398199 25.86398561 23.6705954873 25.1039311007 25.2131773323 23.3803193938 26.5461324061 24.4985642381 23.4083074318 26.8196177073 24.3445959658 25.3803554231 26.7267716341 23.966874067 24.485474647 26.3786648758 24.2040681752 24.9113158534 26.4729685449 25.5086779978 25.2184836621 26.3393042866 24.5812841963 23.1392618091 25.8626852547 26.9232487816 27.0038218363 60.1841486393 60.2124281372 60.2124281372 65.0434261891 65.0434261891 25.6666206231 26.4350523165 25.6722848514 65.7594554643
27.0098966083 24.9794660545 25.6694984536 24.9539515319 26.315892444 26.9897453666 25.8066220338 39.3505401531 39.3505401531 24.6050212771 23.2836320654 25.9929400939 25.0179708865 23.8794593097 24.7299102521 26.0065026016 25.3215150152 24.8238436454 24.2686106364 25.5244531067 77.0621654654 77.0621654654 24.457920864 23.4154152153 23.4136142054 23.7766909172 24.1056364282 27.1824849258 24.6030781863 25.3612199718 24.3082411716 27.2285780532 26.4581657173 23.1013594913 24.2196138629 26.6464884262 24.5292620369 25.3247732458 27.1418010052 26.5755536712 24.6822376886 24.6533533106 25.6504557008 24.4025986057 23.5032849541 26.735360896 50.1434997166 39.2033697042 60.1841486393 23.9876395467 60.2124281372 65.0434261891 65.0434261891 24.666252817 52.7118502967 26.8312010268 65.7594554643
25.8577853998 26.7990481533 27.0864329369 25.1975169933 25.1584968193 26.3907401017 25.3404495082 39.3505401531 39.3505401531 39.7801217199 24.7297259665 23.8289389923 25.7007922102 24.0025778627 24.8856577775 25.7398319804 24.1627477646 24.725610695 26.3431392112 26.964261866 77.0621654654 77.0621654654 26.6874266705 23.3254756431 23.1090151031 26.1954958768 25.3801786937 26.5500681924 71.7137218585 71.7137218585 23.4134512084 24.949689044 23.2388392561 24.4609395132 25.5733201134 24.0950940764 24.0571733898 24.0724450274 26.019920558 27.1176366378 25.033056201 23.7933335959 25.1111596648 25.0600425638 23.4836345366 24.2626586017 56.6176959447 23.8425296057 23.4662061066 26.9471690492 26.8778691964 25.1217440136 25.1065775707 24.2868282384 52.7118502967 25.3425236167 23.6935633262
27.0098054644 24.3500115354 25.1921275896 25.854560764 27.0611073351 23.419566149 27.2042801151 39.7801217199 39.3505401531 23.5180764707 26.1924835654 25.9649183482 25.7461856834 23.57827714 23.1179039579 25.7798764096 26.0725436244 24.906703867 23.0431025843 26.9961732476 27.0737590069 24.8463946646 27.1767706084 50.6232996765 24.7182694182 67.6544938828 25.2119575321 67.6544938828 71.7137218585 71.7137218585 24.4223659694 26.0707290489 23.0406831471 23.8887232983 23.0590669348 26.2045246226 26.6200648074 26.6890372428 25.0000496627 23.8374574719 26.0746714007 23.1490750443 25.6531830691 26.4713733074 25.5030588843 26.0423454307 26.1437767928 25.1853672468 56.6176959447 26.2212787512 23.9914469641 24.513573682 23.9372142964 23.9178695937 23.2862108816 24.4629493356 24.4419611954
25.4469656162 25.734830651 24.7232100708 25.3189481576 25.3748733885 26.5121505866 24.9750190101 25.0303119642 39.7801217199 24.4747638274 23.0980850397 25.4248645017 24.7478589944 26.2048862948 25.124966379 26.892799222 23.6880500643 25.3341616033 25.3071290464 60.6800566827 60.6800566827 60.6800566827 24.1601344369 23.3456267102 25.380611934 25.8022257973 67.6544938828 26.420915112 26.1090605781 71.7137218585 25.2695971499 24.3698774935 26.668609854 24.9371438336 25.7178564828 25.2428795169 27.2083287799 24.3880660779 25.8582667072 26.2270078918 24.3685646457 24.2227758246 24.6453016227 26.5334855318 23.1017390867 25.4880052242 55.2627593729 24.1274385811 25.8563781675 23.8592454566 26.7787869631 26.0840296935 26.3170002886 25.9290141636 26.2906704133 25.8213553551 25.8469406844
24.9918529083 24.0449780725 23.6623945148 26.4195403061 25.0265213488 27.1040446804 23.7526641194 23.7422905319 25.3077976758 23.6821010848 26.2498474228 24.4517044923 24.5860894614 25.5219152502 27.1692433897 25.2056429182 26.002986423 27.2386916119 26.8443726964 24.55234895 60.6800566827 24.300833889 25.2687446951 25.5260488848 24.6313411025 26.5693198937 26.8023628247 23.9638303912 25.5504705876 26.9865087522 25.3900173835 23.8330934166 23.9633043355 23.9045462707 23.5296741905 24.8344917164 24.1090749253 24.6313470585 26.0790719856 25.5335710352 27.2203427241 26.8304996971 25.3369488735 24.3396683962 26.405130937 25.1804912208 62.7187642765 62.7187642765 55.2627593729 23.7984392354 23.0537929702 24.1889465529 27.0764628706 27.100313065 24.5414264937 24.6651125097 26.0673622176
23.4879011733 25.2569090079 24.663547881 25.9537112 24.2274321726 24.2539785363 25.7028657687 24.1902836874 24.2394059843 68.0236082756 24.2218729492 23.0786202492 26.9310003149 25.9448570568 23.6241534895 23.6605584079 27.157619523 26.9904152957 24.8678991097 56.2585416565 56.2585416565 56.2585416565 25.8261268621 26.5083083075 26.5737148875 26.65726126 25.2179753565 23.2610930455 25.2875916504 24.2964604535 24.5341374826 25.3024405998 23.2416955436 26.6806729882 26.0377236381 25.2552987434 25.3200122134 25.9245015443 25.70889852 24.7153480617 26.5543651255 25.7422061976 23.1160647032 23.7703221138 24.5431060721 23.2231733149 47.4414022797 47.4414022797 72.5698773603 24.8876106743 23.908726476 23.3799970463 23.7413871606 23.0280138175 23.3437283302 26.2395552819 26.8562086313
25.4791766483 25.1114867715 24.1573772056 23.9621096331 24.3440350295 25.9264483266 24.8099665549 68.0236082756 26.0020823107 68.0236082756 26.3237183586 23.4467965799 24.4990215092 23.705641286 26.4444929639 23.886960802 24.2527297803 26.3002405883 26.7164462305 56.2585416565 56.2585416565 56.2585416565 26.0453878133 24.3239933437 26.8066076022 26.1201505938 26.7492661278 25.0495883102 27.1584518499 26.3749970628 61.0691496531 61.0691496531 61.0691496531 26.253753278 27.049801162 26.1480212272 25.7324244049 25.389304364 23.4064734548 25.9904675712 23.6830916 26.0684027858 27.1094383721 24.8438200136 23.8880732637 62.8111625401 62.8111625401 62.8111625401 76.4199687288 23.5083328096 25.7286933898 25.4779581749 25.9653049247 23.1054396499 25.1429954758 24.9101635393 27.2322526926
23.6346446957 23.7215435335 24.7602002578 26.8365467809 23.4177573968 23.9141434747 25.3501990669 23.0317130289 59.5008589699 25.8898007678 25.500090967 27.1927922933 23.0403210286 23.5220895983 24.4091534192 24.2310099337 26.7034091183 23.6438952511 24.7351596086 46.0415326241 56.2585416565 24.6043641607 26.489626988 24.4981099218 24.5622447549 25.116797078 23.03835325 25.8966715023 26.6832175344 24.7404242233 76.8094887056 61.0691496531 61.0691496531 23.9386253223 25.7916803689 26.2145308324 24.435005931 23.256553383 23.6749687165 23.8515962172 24.5341806806 23.940217289 25.1690805394 26.3885336119 27.0654433853 25.6650102781 54.2530340548 62.8111625401 42.1447720416 25.5507870476 23.0799018028 24.0846011246 23.8397535924 25.9153092206 26.22493656 27.1866760252 25.8338138478
25.2065099167 23.9691265079 26.7800243282 25.9765458071 23.7206970224 24.3525647781 26.1223516058 48.1507359692 48.1507359692 26.5172941541 24.0052033684 26.044757351 24.1290482577 23.6316377154 25.3833740618 24.586733876 26.8873376126 23.6387440081 25.003159959 46.0415326241 35.4946965058 53.0167455615 68.6104485677 54.6276251751 27.0437422572 25.080904732 61.6970543243 23.4633094967 44.2996140299 54.6290269741 54.8768170249 43.6808013745 76.8094887056 41.4241994927 80.3757667947 80.3757667947 62.6942289906 25.6819673143 24.9924875467 23.1274044201 24.4392878873 23.9410999601 25.2714709779 26.7573957265 24.795501259 54.2530340548 41.6084358738 41.6084358738 41.6084358738 24.4273952438 27.1982198101 24.536844607 23.9296462173 24.7282812891 25.3083116937 24.275605369 25.4757765374
24.8198218521 24.986745791 25.6446670701 24.8222597496 27.0445687472 27.1036334512 23.7870811374 48.1507359692 48.1507359692 48.1507359692 24.8072085035 23.55077291 65.8088763581 43.5549132197 43.5549132197 25.2938798146 62.80820957 62.80820957 23.9689071086 73.1082627569 58.3499362456 68.6104485677 68.6104485677 54.6276251751 56.2210144416 56.2210144416 24.8103006182 61.6970543243 54.6290269741 54.6290269741 54.8768170249 54.8768170249 41.4241994927 41.4241994927 80.3757667947 80.3757667947 62.6942289906 68.7037691869 23.3433688599 68.8673950143 26.1005850831 23.0160086194 25.8602813228 24.978924768 26.6663198681 60.2575215231 60.2575215231 60.2575215231 60.2575215231 24.6064591079 23.0595146849 23.6629856622 25.4956323541 26.8370285156 26.1284746993 25.5868716514 25.5062364479
25.9144434081 23.0351447783 24.8328812365 26.9448638915 26.5341723395 26.523685373 24.4004283088 24.5929142132 25.430240687 23.7406872972 26.8759530642 24.5200272013 24.7555328968 43.5549132197 43.5549132197 46.7247221544 62.80820957 62.80820957 25.5868883948 58.3499362456 58.3499362456 58.3499362456 68.6104485677 54.6276251751 56.2210144416 56.2210144416 61.6970543243 26.3542760721 44.2996140299 54.6290269741 54.8768170249 71.0308916395 71.0308916395 41.4241994927 23.2995731291 80.3757667947 62.9280815809 23.1859863221 23.0772059794 26.5324459928 25.3103533607 23.1236320749 26.9887846128 23.6016821053 23.1424292963 26.6646985727 48.4678212887 48.4678212887 25.5524161862 26.7537441435 26.0562143403 23.8976126962 24.223215399 25.2467218891 26.5410533424 25.1481396948 23.0541369641
25.3950744961 26.306584016 25.9418591763 25.6842003395 26.8040762449 24.123159859 26.8459668297 24.2726040747 26.2536091661 23.2365279696 27.0412383135 27.0275050165 55.1626894022 25.8906071694 25.6318988862 24.7914149122 24.3623010667 45.7145981708 23.3919965898 25.0384569513 58.3499362456 47.3498317178 68.6104485677 25.9574186376 26.9570505801 25.3221880296 25.7276523823 25.6292757641 26.1963256722 23.5503826636 25.6039631825 59.3776100645 71.0308916395 59.3776100645 23.9991976562 24.0455360481 24.4332497598 25.9885342958 25.1399766572 26.8694563925 27.1473044253 26.8954506432 26.6038682212 25.1826226755 26.679674758 25.2280187766 48.4678212887 48.4678212887 48.4678212887 26.1107187506 23.1000314399 23.8160661564 24.3397565551 25.764200142 23.292154527 26.3279346486 26.7320588766
