Spatial_Output/BAU/BAU_1367.asc
NCOLS 155
NROWS 192
XLLCORNER 196769.923733
YLLCORNER 449719.875193
CELLSIZE 27.603701
NODATA_VALUE NaN
[rows 0 to 22 of 192, columns 0 to 52 of 155]
56.0613323515 45.6297274221 64.5711005084 64.5711005084 48.9300667741 0 0 0 0 0 0 0 0 0 0 0 0 0 0 0 0 0 0 0 0 0 0 0 0 0 0 0 0 0 0 0 0 0 0 0 0 0 0 0 0 0 33.4277955586 33.0481591115 33.2149856793 34.406315014 33.867234643 33.5207797344 34.40566303
0 45.6297274221 64.5711005084 48.9300667741 47.8273599621 47.8273599621 60.5083243647 0 0 0 0 0 0 0 0 0 0 0 0 0 0 0 0 0 0 0 0 0 0 0 0 0 0 0 0 0 0 0 0 0 0 0 0 34.2896143612 33.6923977871 33.0832170587 34.364159715 33.9504137876 33.2287776328 33.0447766325 33.88621222 34.0262945468 33.1355667357
0 0 48.9300667741 56.0613323515 47.8273599621 47.8273599621 56.6467751821 56.6467751821 0 0 0 0 0 0 0 0 0 0 0 0 0 0 0 0 0 0 0 0 0 0 0 0 0 0 0 0 0 0 0 0 0 33.5240048439 33.3665584025 33.9232362881 34.0371908997 33.7996827168 34.3462306445 34.0669001434 33.3289107945 33.2366103218 33.9879446899 33.8472903675 33.9573204828
0 0 0 55.6139976834 47.8273599621 56.6467751821 56.6467751821 47.8273599621 64.0875350946 0 0 0 0 0 0 0 0 0 0 0 0 0 0 0 0 0 0 0 0 0 0 0 0 0 0 0 0 0 0 33.2741659027 33.869964831 33.6642590313 33.6161085566 33.2284988057 34.1177691696 33.2024600699 34.0381040849 33.1333306916 33.0250565319 34.3490499539 33.6688877696 33.369064223 33.486135619
0 0 0 0 0 56.6467751821 56.6467751821 56.0868522058 56.0868522058 56.0868522058 0 0 0 0 0 0 0 0 0 0 0 0 0 0 0 0 0 0 0 0 0 0 0 0 0 0 0 33.9374329538 34.4079340975 34.2719731806 33.1992828062 33.1779602501 33.2829128917 33.5014154762 33.9446898838 34.0811879669 33.0310558358 34.056292032 33.9534426264 33.9459153788 33.3180464937 33.0789872888 33.3695815877
0 0 0 0 0 0 47.8273599621 56.0868522058 56.0868522058 56.0868522058 70.3834144549 0 0 0 0 0 0 0 0 0 0 0 0 0 0 0 0 0 0 0 0 0 0 0 34.237024957 34.2548432918 33.9950784647 33.6173389536 33.860971382 33.1218105789 33.3343108556 33.882328935 34.0123624849 33.3616762632 33.1059216358 34.0919105299 33.3003212241 34.0366696141 33.1423467966 34.167255046 33.9257572622 33.4855158556 34.1049492507
0 0 0 0 0 0 0 64.5711005084 56.0868522058 70.3834144549 56.2597058007 56.2597058007 60.5083243647 0 0 0 0 0 0 0 0 0 0 0 0 0 0 0 0 0 0 0 33.1739557564 34.2225128617 33.1666955207 33.991462195 33.4831067907 33.7156533955 33.4785917973 33.6502643833 33.9456503558 33.3918761447 33.0183264387 33.8256678821 33.753849767 34.1079631684 33.0868153084 33.6599381851 33.3537166074 33.3099491337 34.2617430959 33.5118700352 33.6546132115
0 0 0 0 0 0 0 0 59.4341761225 70.3834144549 56.4689323593 56.4689323593 56.4689323593 34.3564017848 33.0054603322 33.9667209817 33.2671932979 33.3902151929 33.5570350426 33.7573482831 33.6993480839 33.5847285941 33.0924677182 34.3897543833 33.394990861 33.7963153188 34.2141337932 33.916288252 33.1095707076 33.4684238354 34.3646092677 33.2331248769 34.3494893446 34.0181488147 33.5246309536 33.5932986438 33.0488003078 33.7197029409 34.2730388321 33.6989058187 33.836381868 34.0591338717 33.4015933351 33.9121103984 33.7008018929 33.5699907202 33.4677028106 33.0179452906 33.1616491533 33.3580542623 34.0318561077 33.2876344193 34.2769820941
0 0 0 0 0 0 0 0 0 11.3581696656 32.3852269366 17.1070786383 70.1116827261 70.2436069291 70.2436069291 34.3156808099 33.2705074577 33.3168881382 34.3462479186 34.3568890769 33.1641625369 33.6449168041 33.1655615075 33.79110579 33.3220853059 33.0950614189 34.2264159665 33.2728785105 33.5814852272 33.2663707363 33.1309229519 34.0095189733 33.7254913954 33.5255774073 33.4040421716 33.9299063899 33.0473839651 33.7109832278 33.0722946624 33.0571039552 34.3351666687 34.2258674757 33.3228092553 33.2344014068 33.4040082198 34.2224325116 34.1353579863 34.3162366185 33.9301348955 33.3040077531 34.2113427566 33.9992488804 34.2752940939
0 0 0 0 0 0 0 0 0 20.1420228044 29.6574770838 31.2761439261 56.7386094026 70.2436069291 70.2436069291 41.1447047747 34.0600964285 33.5623305852 33.211675558 33.3792068178 34.2277175786 34.2150386951 33.6493903478 33.1518232512 33.7159330309 33.9649015094 33.0151394738 34.0030273783 33.9370026828 33.1356793853 33.5948987116 34.1617080276 33.0049168027 33.5339687948 34.4021287555 33.3795768145 33.2157360868 33.8406430437 34.4025073263 33.7944201007 33.5664616575 34.1289242625 33.6658504664 34.0118840862 34.0776789823 33.284112779 34.3393987275 34.0698326643 33.0122281338 34.0594658605 33.3708366415 33.9967867819 33.1372135069
0 0 0 0 0 0 0 0 0 15.3434413519 12.0572038669 11.3366300464 70.2436069291 70.2436069291 41.1447047747 41.1447047747 34.0915763135 33.0296292659 33.5670945227 33.3312946966 33.0942103718 33.7019775949 33.5372954736 33.2048496241 34.196234763 33.6682889452 33.2202997396 34.1954754547 33.2392655669 33.5655852478 33.922199729 33.8970164162 33.6264840492 33.1297367957 33.7056087482 33.6479707427 34.0209718445 33.8141740964 33.841658708 34.1864500786 33.0598013151 33.09791325 33.786084649 34.0560019119 33.3667590866 33.6795184701 34.0622886408 34.2027885755 33.9546004226 34.4024613057 33.8495470379 33.2785224212 33.4762873624
0 0 0 0 0 0 0 0 33.9098907032 34.147295317 33.7891961224 33.5821256479 33.8786123259 33.1152061294 24.5829775081 24.5829775081 24.5829775081 48.0934472781 33.2880904295 33.1960828577 33.638930212 33.4565880812 34.2890970772 33.7517383529 33.2364234255 34.3388262462 33.6826668188 33.7891403101 34.1251518528 33.5428479478 33.5274915168 33.4543678913 33.4033175499 33.7682685382 33.4808574574 33.2308017449 33.8388371402 34.0972606081 34.2049105739 33.6514210997 33.0782173299 33.935850351 33.3237739842 33.0274792586 33.483972459 34.1207136483 34.2421548291 33.16525791 33.5402064521 33.893245115 34.330028445 34.0154477766 34.1699113583
0 0 0 0 0 45.0713237948 45.0713237948 0 33.668112161 34.0574003764 33.0914844939 34.3882702245 34.0037095653 33.0306749102 34.316488652 24.5829775081 48.5392601236 48.5392601236 68.386769529 33.3695304129 33.7852492271 33.8903406856 33.4412347918 33.6647282651 33.7146793596 34.1878276133 34.0717041577 33.401790894 34.136552121 34.2799002532 34.2948002782 33.1227433754 34.2641421772 34.2732275217 34.011701064 33.9478285492 33.2158365656 33.7359449916 33.6399187451 33.072004847 33.6334482817 33.0322340595 33.6661756664 33.0144779818 33.2253486149 33.7757993898 34.1181782354 33.4169923084 33.5867287515 33.6446108685 33.22988483 34.0068977848 33.8386628923
0 0 0 0 45.0713237948 33.25219913 24.3132329675 20.6598647525 33.7932352673 33.6695794709 33.7388144072 33.7416540203 33.7565992109 33.4597753041 34.3229105716 48.5392601236 48.5392601236 48.5392601236 65.6624697696 65.9483147731 65.9483147731 34.082053741 34.1164882116 33.8791447941 33.9569662747 34.3641924415 33.6571369545 33.7277818385 33.9328167219 33.4027461928 33.3614806261 34.1305334193 33.2399315779 33.2330407862 33.9668810513 33.8688188561 34.01013768 33.3262186628 34.1128900831 33.5568439344 33.3267202156 33.8720288303 34.2030371414 34.1776375735 33.3420448234 34.1924097797 33.3438733323 34.285572831 33.1188893603 33.6791418331 34.0997018195 33.9933850721 33.6455859987
0 0 0 0 0 12.9063878576 19.7909148216 28.0938041136 34.3117181374 33.2669119368 34.3965578116 33.1065677005 34.3989221926 33.3927790437 33.7360562462 33.4096086114 46.953491622 54.7065639499 65.9483147731 65.9483147731 55.9219230739 58.3474716515 34.2596277118 33.9497730147 34.1008108597 34.3101332228 34.0133575733 33.7992199921 34.1198808248 33.2745346313 33.5107779461 33.2656771391 33.7751249334 33.1650431933 33.8816108257 33.87153812 34.4015060305 33.0025867494 34.072810614 33.0836780207 34.3999804868 34.1674050191 33.0877331555 33.1817795844 33.0355138935 33.3133989248 34.0691715859 33.0714377468 33.5781918296 33.7780247537 33.7134846985 33.1731019704 34.3274156443
0 0 0 0 33.0937693176 20.3835908745 19.676394199 25.1690698486 52.1894067279 33.1752946749 34.112351443 33.9891453247 33.5561041495 33.3947795734 33.2741716312 33.0787069688 33.3367370166 33.8665490808 65.6624697696 65.9483147731 55.9219230739 69.3491686254 70.4208820808 34.0876215305 33.1542002813 33.9985286002 33.5243919266 34.3831287753 34.3153435509 33.3101564479 33.2020890453 33.3605580918 34.3556466917 34.2356140637 33.1204957288 33.5903397952 33.1474008844 33.8387503298 34.2623389174 33.339017886 33.068772739 33.3027766568 34.0581700874 33.9015312482 33.5572114817 33.1313110075 33.9386011515 33.6752636132 33.4887683339 34.0352336443 33.1002025785 34.0413022334 33.3921313906
0 0 0 33.3332245699 33.8125285151 33.1348524189 52.1894067279 79.3097370544 79.3097370544 79.3097370544 33.0768978958 33.8190891297 33.1874116126 34.0803211812 33.6020871757 34.4025502061 34.4118912869 33.9615353883 33.8260566069 55.9219230739 33.9497279049 70.4208820808 70.4208820808 68.8990249671 73.5804786632 33.5170154375 33.5546241146 33.5478174347 34.1583757788 33.756827742 34.3638198989 33.4451831328 34.0339817906 33.080585005 33.291959397 33.4331703018 34.2142776637 33.6157122992 33.4421117646 33.0389897349 34.1112264396 34.3234199483 33.6298850128 34.1409173971 33.8694096821 33.7048498939 33.7480067631 34.0199333493 33.5147448918 34.3100499623 33.3166802893 33.4574873078 33.9609120691
0 0 33.5012814985 34.3232276519 33.9136800315 33.0514855764 34.244784074 49.2542101326 49.2542101326 49.2542101326 33.6316211663 33.7643940374 34.1676471442 33.0001943957 33.5368259162 34.0563742057 33.1231754249 33.1965121419 34.3233221252 33.8201325854 33.4391995699 70.4208820808 73.5804786632 65.3047041674 65.3047041674 47.6070060482 33.1801358027 33.7870994701 33.4442944439 33.3655863733 33.113340273 33.0516445904 33.1610996543 33.9055884299 33.7276633665 34.0095086832 34.2706335761 33.7748738995 33.1079777232 33.1135818556 33.0508230477 33.5189750039 33.4287443066 34.0371158394 33.5939569759 33.8819290115 34.0965035156 34.2574757584 34.2402337817 34.16896075 33.4581301723 34.3072134539 34.0255150773
0 0 34.1476216423 34.3556351563 33.9073656301 34.329113754 33.4203397945 49.2542101326 49.2542101326 58.5810090259 33.0791514127 33.3169512247 33.8664023316 33.5057406676 33.0005877851 33.9241570898 34.1489464601 33.0992916098 34.1393003518 34.084395539 33.2793507481 34.3115883723 73.5804786632 65.3047041674 61.4108312255 61.4108312255 53.1369395764 33.0473573049 33.3633151883 33.6162333718 33.0533848295 34.1362767831 33.0384015458 33.436350013 33.087772883 33.1777609422 33.5231324986 34.3295814697 34.395221305 34.0970822511 33.76254458 33.4391977832 34.2796233499 34.3103408116 33.8697327447 34.3710338434 33.117829099 34.0555802273 34.3204605738 33.7534290713 33.9091658299 33.4196333077 34.224190661
0 0 33.3155876249 34.0204005847 34.4107050842 33.2851516178 34.3818713983 34.3137242829 58.5810090259 34.2596682273 48.5340928568 48.5340928568 33.127871085 34.4063184633 34.2608019386 33.7188833447 33.0374105896 34.0358097319 33.7274441163 33.2438680479 34.312447649 33.5177123204 33.0306234695 65.3047041674 61.4108312255 61.4108312255 53.1369395764 65.7985645225 33.4185198552 34.2260724705 34.210677131 34.2683890911 33.9596675919 33.5807957852 33.6102598707 33.762811127 33.4888173182 33.0198460744 34.2921724433 34.3665909946 33.1284545541 33.8942819089 33.6776592318 33.5100074922 33.003185549 33.8999305689 33.4828828042 34.2682790789 33.0606898582 33.6465451238 34.092359321 34.1886444325 34.3518114994
0 0 33.750825771 33.0505097375 33.7148460344 34.2138238761 33.523033833 33.316327298 33.7250237247 48.5340928568 53.8409048562 53.8409048562 53.8409048562 59.1369206865 33.1498079718 33.6383140405 34.2267972122 33.8336819454 34.245732637 34.0132679642 34.3957493053 33.226297784 34.0481269045 33.6618973015 53.1369395764 53.1369395764 65.7985645225 65.7985645225 33.1950671117 34.0054644113 33.7022346172 33.492265623 33.3650154276 33.342903446 33.3678481267 33.4802548774 34.2503602083 33.4639063411 33.4196490299 33.634620294 33.7900606101 33.2889778512 33.8066954832 33.9709434485 34.3528728986 34.3285513933 33.1270586382 33.1803991432 33.0805824119 33.0256925291 33.4185132048 33.3200959096 33.1268602277
0 0 33.0960917214 33.785213099 33.5401546572 33.5835924636 34.3110758744 33.9171309725 33.7359461393 33.4309695008 53.8409048562 53.8409048562 59.1369206865 59.1369206865 54.1866940856 73.3133062953 33.1231019432 33.3414817359 33.7904254384 33.8311973767 33.2735926606 33.9401295088 34.2036311051 33.5886597899 33.6937497154 61.1809033666 65.7985645225 33.557264897 34.2474451725 33.945009494 34.0842383326 33.7427647256 33.7222968376 34.032701641 34.1027998973 33.2177704923 33.7396409262 34.2184846969 33.5178723058 33.7160765321 33.1598862646 33.6909913317 33.0597937042 33.2473799269 33.6565187336 34.2174517797 34.1112912487 33.6442353395 33.5489136363 34.1595797663 33.3726935853 34.253191242 33.3616710105
0 0 34.4023875487 33.6081292046 33.8574265068 33.1753935083 33.5213501943 33.5461881796 33.6745439257 34.0442981769 33.0391885553 65.0133430175 59.1369206865 59.1369206865 73.3133062953 73.3133062953 55.8869327681 55.9603623174 33.9223924166 33.680550265 33.3573057783 33.8708548136 34.3636733849 33.2908361066 34.2919692587 34.0323748486 33.9479434242 54.3050581451 34.1615609729 34.3512411388 34.115606266 33.6352537332 34.0624097721 33.8805270224 33.5107607911 34.1297890101 33.0419113583 33.004693828 33.3179305844 34.2490893209 33.1902569661 33.9030174461 33.905501386 33.6583886668 33.9648195781 33.8015071613 33.6742200269 33.0541837981 33.6180535359 33.3064832632 34.0097975729 33.2033557915 33.6791756665
