Spatial_Output/BAU/BAU_0492.asc
NCOLS 155
NROWS 192
XLLCORNER 196769.923733
YLLCORNER 449719.875193
CELLSIZE 27.603701
NODATA_VALUE NaN
[rows 69 to 91 of 192, columns 53 to 105 of 155]
27.2949268765 27.4989942647 27.4462552688 27.0987870082 27.7250624245 27.2656047569 27.4553543789 49.022878365 27.0705028006 28.161307126 27.6413952333 27.7261219169 27.0105667631 28.3656702161 27.9041467546 28.2971709602 27.9107114969 27.0821796237 28.1885330848 28.3648832014 28.2958892187 28.0466081013 28.2902544334 28.1044468737 27.8402011557 28.2895368992 28.2040225344 45.8985882244 45.8985882244 45.8985882244 27.3934403066 27.2332137603 27.0074994863 72.9124688041 72.9124688041 27.4731382905 27.6177182798 27.9349887883 27.119102721 28.3514637011 67.3517632327 58.9502505899 58.9502505899 38.2573414675 38.2573414675 27.982926997 52.4840273665 27.1971225359 27.0985596014 27.5946250029 27.8209376233 27.4271547895 27.4817976711
28.0734042057 27.8804776765 27.9049587929 28.0283842207 27.154125614 27.0693107538 27.3261289696 27.4369796661 27.9122870087 56.6230128199 28.1130644145 27.1738893409 27.9641724665 27.5246508863 27.4249832788 27.5666860546 27.4359748088 27.238265189 27.9492293122 28.4033374064 27.6049784821 27.4380044348 28.0985807873 66.9516285684 27.4917707537 27.7286433184 28.2293512716 27.5784893211 45.8985882244 45.8985882244 28.3168741785 27.3301356848 27.7444920742 72.9124688041 28.1817746968 27.9826548012 28.022661871 28.1508372618 27.3906200796 28.0362363063 27.2012712914 28.3793050992 41.7674060974 38.2573414675 38.2573414675 52.4840273665 52.4840273665 53.9953425823 27.5314848647 28.0894596053 27.6311893199 27.9697747849 27.6037246753
27.0918076163 27.8827220395 28.1795135958 28.3004356365 27.3507233041 27.714692004 27.0802616839 27.6146563378 49.3018257897 49.3018257897 27.19826292 27.8719578944 27.9678400139 27.6974496235 28.2361462449 27.8648076553 27.3041838137 27.6589250098 73.7523108168 66.5597748653 66.5597748653 28.1390641923 27.0277295923 27.6347192331 28.2429970622 28.157599796 27.3312025934 27.2436140491 27.4093669604 28.2391132764 27.5077262395 27.5259884 51.5594022011 28.0783155285 27.589469091 27.8527093168 27.362459989 27.662148254 28.3847649664 28.1281608007 27.052148499 27.204077379 27.2261757435 53.2586526773 53.9206157742 52.4840273665 52.4840273665 53.9953425823 27.7586675061 28.0426263945 46.1100259738 28.3483095308 28.0297401579
27.6878812834 27.9010031885 27.6836124443 27.6520348136 28.2283512559 27.4605829494 27.4725995322 49.3018257897 49.3018257897 49.3018257897 28.0570404791 27.9154901151 27.1802997453 28.3582846073 27.1310438122 27.9759361147 28.3832842378 27.6822465667 73.7523108168 44.3078847683 44.3078847683 44.3078847683 27.1550542405 27.3540125961 27.5592748588 27.814327333 27.7710311668 27.6753806617 27.8122360959 28.2958605125 27.0957490402 48.2155352966 28.0398177263 48.2155352966 27.0289862017 27.9351279484 28.2276967682 28.0352760731 27.5637913729 27.9797918536 28.2092178169 28.0651295662 27.2724757092 28.2612954209 27.0768817663 28.0554764852 53.9953425823 53.2142045267 46.1100259738 60.8891439272 60.8891439272 28.0297146854 27.1117704981
27.3915644185 28.3474131182 27.1223032634 27.9016181347 28.2358252501 27.7025075422 27.6316725639 27.9883022943 49.3018257897 27.5101059415 27.4681641339 28.3558362022 27.5092033641 60.3292189858 59.6106820848 27.0834618165 27.9616323552 73.8510233499 73.7523108168 44.3078847683 44.3078847683 27.2344475682 27.8923006097 28.2402881539 27.1192396677 27.5053641674 27.0663765968 28.3694859148 27.1247957298 28.1851728896 27.5566639545 27.7329709528 48.1690540563 27.330602451 27.5288489593 27.9073284039 28.0041347865 27.4656253828 27.4909879316 27.7158118919 27.188694047 27.9059438036 28.0141026054 27.4448176687 27.8550641838 27.9017491594 27.2240561018 27.3071333132 60.9250042524 60.8891439272 60.8891439272 28.2252444445 27.850574166
28.0242560871 56.9573010261 28.0700524671 52.0696807496 27.9990527724 28.2505482647 28.0771500034 27.8787959496 27.7423167732 59.8034430605 28.0119032582 27.1523040684 58.4462094772 60.3292189858 60.3292189858 60.3292189858 28.006568771 27.6071899762 27.8568305122 27.9209983299 44.3078847683 27.8597906547 28.3793651128 27.4317338966 27.7077188968 27.9903675761 28.2786414953 27.7272603972 27.0666815938 27.4914276557 27.9360947974 27.3367032587 27.7719747323 27.210889299 27.9788472685 28.0761559548 27.7188351187 27.7979067001 27.1530135304 28.3531135283 27.2580984007 28.3963554419 28.33863968 27.3199600665 27.5021694855 27.2426135796 27.0932086966 27.1453749184 28.2524789183 60.8891439272 27.2779690569 47.2678241859 55.0671970918
28.2434617331 56.9573010261 56.9573010261 52.0696807496 27.0163147382 54.4822874351 27.8871172552 28.356199013 27.7822740068 59.8034430605 27.5165989149 47.4538851715 47.4538851715 71.5361500692 60.3292189858 59.6106820848 27.7031761976 27.3991605631 28.0066626525 28.2336187257 28.3265539445 27.0270042364 27.9104349779 27.0438687433 27.876036027 27.6050030446 27.8956609954 27.1497176292 27.9868042761 27.8208730923 27.9586634292 27.6727706766 28.4045881462 60.8009722254 27.5501431819 27.7098073693 27.6709409187 27.9610763026 27.205629627 27.8786471274 27.2949183484 27.3514893539 27.6576375765 28.1729264931 27.8472016949 27.1388729976 27.4542142312 28.176528576 27.947426293 27.5324729431 27.8776134164 47.2678241859 27.3041528595
27.583476277 56.9573010261 56.9573010261 52.0696807496 52.0696807496 27.0732026181 58.8124815731 27.1482731576 28.2846463349 27.8097687873 27.168546307 47.4538851715 47.4538851715 58.4462094772 27.3113908694 27.9046631885 28.0571403619 27.1432164455 28.0694287344 27.6513323276 27.3719517213 27.7145905893 28.2102041076 28.0714529027 28.4088800527 28.1748272446 27.3062041716 27.8073096365 27.7171481302 27.388976978 27.6296927383 27.8045600983 60.9969468459 60.8009722254 60.8009722254 60.8009722254 27.2229054121 28.1580802103 27.9155618365 28.3276574162 27.858990395 27.8956783041 27.2270826341 28.0567413479 27.7805981432 28.3063433462 28.2705672988 28.3592535053 27.8341318889 27.2354663609 27.7604438455 27.0479072144 27.4397592853
28.0044935015 28.1646566528 27.1873668285 27.8079871423 28.1085014945 27.4944569811 58.8124815731 27.4533028743 60.4964689045 60.4964689045 43.101369629 27.9520569531 47.4538851715 27.7041478833 27.5524087822 27.8753246937 28.1979464571 27.461959026 27.2999181318 27.1887048049 42.668161421 46.8710085664 42.668161421 27.9911299182 27.0212467708 27.3232032428 28.333467723 27.7628590771 27.8852347319 27.0072431792 27.5686407748 27.2259013763 27.9513964965 60.8009722254 28.0459218606 27.6699117735 28.1118787498 27.181214517 27.3693963244 27.0370311351 27.2793854248 27.6623682386 27.2602480386 27.2601984486 27.7340909467 27.9944739764 27.9836959802 27.9676202187 27.5719197989 28.318050143 27.6983684809 27.2596587061 27.0332857936
27.9213374774 28.1111273134 27.6464854182 28.3144051234 28.2567736792 27.9759829981 27.9613401569 27.5282184656 60.4964689045 60.4964689045 37.9585447257 27.7451596775 27.3356414831 27.5799448465 27.2808520812 28.0355952527 27.1123798908 28.0719751064 27.6362589019 28.336448178 42.668161421 46.8710085664 46.8710085664 28.2332971158 28.2166845403 27.8859933807 27.1757934374 27.6040139443 27.7998873939 27.4310413077 27.3377136555 27.3975159806 27.8271942115 48.8403226584 49.1269870991 27.3022703429 27.4226195715 27.1847920838 28.010476638 27.150127209 27.4123748622 28.0268179916 27.8541565413 27.5680845137 27.3247166319 27.8989122538 28.2491823686 28.2996776568 28.259645125 27.2124263346 27.6052195797 27.3556718422 28.3896495638
27.1663053349 28.0189606256 28.2956719424 27.4048964141 27.8370391831 28.4092981329 27.6624969786 27.7033980073 28.0103677853 50.5609638116 28.1496827134 27.0699021014 28.0047389225 27.8443593225 28.1530798656 28.048902579 27.1999764625 28.2212158058 27.9683783255 27.1934877376 28.3074993296 61.3315467846 50.3631548223 27.4977407907 27.8936294375 27.3887089518 27.8483981877 27.5682164741 28.2024902558 27.8947035247 27.7265445245 27.0466375486 27.4590388839 27.0836051018 49.1269870991 49.1269870991 49.1269870991 28.2708756691 27.9657314617 28.1953780786 27.0122597798 27.8393211984 27.7552820073 27.2329896666 27.5054864229 27.8145008047 27.0035985779 28.044092585 27.7538129289 28.1489396387 27.6696166214 27.3650452104 28.169038235
28.2039132773 27.6909472338 27.3381820167 28.1782721047 27.6529304144 27.2930530403 27.8896905416 27.7524384911 50.5609638116 27.1691745399 50.5609638116 28.1892262578 27.1721423119 28.3328652359 28.1137588347 27.7934617928 27.4989746448 27.9375617244 28.2936469703 27.828416927 27.1461496769 50.3631548223 50.3631548223 50.3631548223 27.8579645834 27.6875355568 28.3502795228 27.9075172234 27.501745703 28.0269466056 28.1399726806 28.4132832383 27.0018443742 49.1269870991 49.1269870991 27.6428732061 28.200664872 27.0121473572 28.142825766 27.857024028 27.3193008132 28.0697097812 27.0248662893 28.243553552 27.2659251503 27.5561676716 28.0020738176 27.8578075803 27.8564390072 27.3464762928 27.2818803521 27.9263968717 27.3910408637
28.2842954592 27.5449646165 27.1971346456 27.4612817465 27.5757872904 28.3774502896 27.5098870948 27.4119193269 49.285441835 68.5856929615 49.285441835 27.9689326145 28.3312326121 28.2610552995 27.2736629305 28.0454182969 27.2274807612 28.2154946325 27.789217829 27.6626661284 27.0007242533 50.3631548223 50.3631548223 60.859470172 27.3348320283 28.1574883171 27.0825230539 27.4392355683 28.1229792892 27.9604650999 27.705373573 27.7727327053 27.5259889437 28.320261014 46.8742483955 46.8742483955 46.8742483955 27.5501323224 27.1529959727 27.0112595275 27.1994808742 27.0629330123 27.1896366708 28.2995783562 27.5948747147 27.7218101263 27.6350373325 27.7833263998 27.4372588493 27.9767907187 28.0228881913 27.6396476659 27.85433867
27.7321270225 28.3024135003 27.3440730173 27.3313062295 28.1056578413 27.5861289047 27.1074188334 27.3001898604 68.5856929615 68.5856929615 68.5856929615 27.1237918586 28.092656995 27.0011791524 27.9265100616 27.1065240572 28.0398531876 27.4234476836 28.4117251368 27.1653378561 28.4111474013 27.8100152772 49.1523812396 77.6224861519 49.1523812396 27.8990388213 28.0812662099 27.9678754832 28.3483209375 28.1219814902 27.8452896842 27.9964515566 27.5824238618 27.6379906881 27.2902284393 46.8742483955 27.3103765321 27.3144448025 27.9650404655 27.4641809278 27.8214704434 27.5745814673 28.3684936902 27.0016373201 28.0380935069 27.5417498673 27.8720265377 27.9735348508 27.3214766683 27.189287335 28.0299263509 27.6379212499 27.8947846748
28.0950627695 27.6888794624 28.0995606168 28.1305741655 27.6904899842 28.1304637644 27.971293893 28.2550492252 68.5856929615 65.0865770471 68.5856929615 28.1031606972 27.4648041375 27.2758810215 27.7060268935 27.0720360993 27.9658200288 27.176319017 27.2963117838 27.9658092995 27.1685813502 28.091630241 49.1523812396 77.6224861519 77.6224861519 27.0384988282 27.2297358563 27.4424835905 27.7520114548 27.3139243576 28.1370742432 27.9939035451 28.2265765573 28.1964784012 46.1607122659 46.1607122659 27.632696843 28.2792179573 28.2086658704 28.1532971616 27.4382052225 27.4313923389 27.1480259382 27.508077675 27.234628419 27.6847332873 28.2043432726 27.3025950119 28.2236946858 27.5721657902 27.3143182584 27.8627153676 28.3465857077
27.3961821865 27.7862126324 27.0357488936 28.2490145721 27.8585133992 27.2578237865 28.2893079195 28.1918108258 65.0865770471 59.6019328282 65.0865770471 27.4049408464 27.2178771755 28.3112439388 27.6309867303 27.5473044502 27.5477706606 27.6305135297 27.5129700882 28.1615506512 27.5392276329 27.6348633078 77.6224861519 77.6224861519 77.6224861519 27.8248857866 27.2527247749 27.025620614 28.3042130948 27.0798228065 28.2866222472 27.4043349124 27.8243692587 28.1863327085 27.9964469329 46.1607122659 62.3522751914 28.0098101329 27.0405709545 27.8647756539 28.4065012345 27.7833388285 28.2022210101 28.2433859998 28.3387636153 27.9346610024 28.0976522719 27.649804308 27.8051570523 28.0112666038 28.1084893507 27.2950155148 27.7518917689
27.6817921749 27.782587113 27.4824939416 27.0897208551 28.3282357127 28.1386010235 27.1482482974 27.5280340671 59.6019328282 59.6019328282 59.6019328282 27.8471306539 27.0727821006 27.5858766702 27.937027821 27.2540791478 28.4096797935 27.6820218931 27.5600192842 27.3379431435 27.4242144595 28.0702551332 27.9957416965 28.3531907308 27.2463557882 27.1895790976 28.2514248929 27.422247718 27.64274781 28.163581974 27.0001852112 27.3741133002 27.1827792538 27.7024749728 62.3522751914 62.3522751914 62.3522751914 27.5760284452 27.8457582022 28.2324141602 27.5164576956 28.240936058 27.3627257055 27.2687927516 27.665345534 27.3922116687 27.8826432631 27.5747188952 27.7313278833 27.1051323867 27.8828249641 27.5450369231 27.3029179328
27.1433031894 27.9178512003 27.9526899664 27.3557473451 27.6280335284 27.6129479888 27.5989701756 27.3235400684 47.9630373632 59.6019328282 27.2449558591 28.1187224296 27.4898462483 27.4948207709 28.2489389324 27.3844635892 27.348851194 27.6582145987 27.4471084187 27.7857013676 27.1310722801 28.324015134 28.0683486691 28.1812847877 28.0682733942 27.0837733077 27.1693248315 27.8674311322 28.0449523959 27.7990166884 27.1355139654 27.5393783413 28.1322391881 27.9205008927 27.8412568409 56.9970797513 56.9970797513 56.9970797513 27.0200072628 27.2907733816 27.1829168186 27.8860425623 27.8204340787 27.8267302966 27.9885348887 28.375795639 27.0572245425 27.5937670528 27.7909385144 28.3370786176 27.1765833617 28.3667465689 27.4459088222
28.1085381563 27.9831562562 27.3672928505 27.238097029 27.7593522906 27.9687607309 28.1932181367 27.1251223577 27.8162932927 27.0971678432 28.281896359 28.2914457832 27.4587760231 27.0142940536 28.1129176889 27.8066979784 27.1817047835 27.5276599877 27.9215275855 27.5131410953 28.036542325 27.4294823344 27.6073492008 27.0183455051 27.0607811084 50.528750586 27.666335694 27.6194024756 28.3048704572 28.1433903011 28.1439850813 27.755948093 28.3061589678 27.686027869 44.3340195851 56.9970797513 56.9970797513 28.0918846305 27.9793479251 27.6448082267 28.134736329 27.0950331656 27.3533253619 27.4692759717 28.0960326125 27.0966037031 28.2619709356 27.0635470772 27.9137058932 27.6210529108 27.9014622526 28.222353881 28.0005196301
28.1927032287 28.1826295338 27.0992608474 27.9745536379 27.9828002212 27.1233435152 27.164090739 27.7931225949 27.0936968639 58.8413138726 28.3768306677 27.0620629191 27.7776042943 27.7760803872 27.143338664 28.1318584145 28.2240289301 28.1806783562 28.240363205 28.3474772199 28.1941861316 27.033989209 28.1232520771 28.3245255836 28.1520472243 50.528750586 50.528750586 28.1563692907 56.1075712111 28.2553472894 62.0739992737 27.3893372845 27.168245102 27.9027033498 44.3102342751 44.3102342751 27.2905329672 27.1143852663 27.8054579658 28.1782514953 27.715384886 28.0493080884 28.2402919061 28.401481761 27.9137595397 27.9506453735 27.1376935701 27.849213562 27.4937082751 28.0873193695 27.2767948441 27.6525145778 28.2871117607
27.6300191485 27.3983743361 27.2995528825 27.7267957871 28.1541957569 27.6965126291 27.8038774506 27.076286043 58.8413138726 58.8413138726 58.8413138726 27.3521868437 27.3212323545 28.0035819077 27.9133854395 27.4442113532 28.2191349442 27.0981543089 27.5870745438 27.6955487244 27.2201984865 27.747861843 27.449526432 49.7604424639 49.7604424639 50.528750586 50.528750586 47.7341351468 56.1075712111 56.1075712111 62.0739992737 27.9343108645 28.1945500705 44.3340195851 44.3102342751 44.3102342751 28.2818448912 69.9041614192 47.4473794258 28.0147499183 27.6618674065 27.6615589581 28.1994025454 27.9152969409 27.8677447028 27.92736312 27.3183804167 27.6803477741 28.3252884602 27.0178019265 28.3044775184 28.0529602363 27.3373879251
27.6470308692 27.0557258861 28.3176350832 28.289744404 27.7993796558 27.4822023324 27.2369396817 27.0728000757 27.9683714601 27.9599008367 28.3313928069 27.2405368278 27.0786190476 28.3055563652 27.8946624019 28.2976009754 27.6893523665 28.041112548 27.0621182721 27.932763846 27.7100549014 27.0765559877 28.3000677377 27.5418318303 49.7604424639 50.528750586 47.7341351468 27.5215658144 56.1075712111 62.0739992737 27.5351574099 27.3302534361 28.2310552284 45.0620096217 44.3340195851 44.3102342751 27.8942133658 27.7793135414 27.4608110594 28.2098174369 27.0519132074 27.1011644104 27.2256780529 27.62221855 28.2297545173 28.3997016699 27.330145183 27.2782070943 27.9293092073 27.5838534788 27.3755522345 28.3506628761 27.0339508547
28.0828530171 27.2345021878 27.5535876342 27.2381497225 27.5320099619 27.2462081967 27.9928890162 27.8721374796 27.0644776399 27.8740715614 27.9828040187 28.249642184 27.4534214751 28.0190298704 27.0414192113 27.1184123013 27.6308640779 28.3288209685 27.326061588 27.1937071301 27.8516873332 28.1909274833 27.4823188111 28.0568956433 49.7604424639 28.2969514173 28.0898239885 27.4391123718 28.2588321355 27.4064033674 27.5687350453 27.4308983734 27.9752680891 28.3012521079 28.1192536482 27.2973717905 63.234914019 27.2487287125 63.234914019 27.0090466493 27.5958981242 28.3696834356 27.952731003 28.3765292971 28.2716011342 27.2891891707 27.3675158677 27.2944999385 27.4146884103 27.5554687116 27.4517787153 27.1450563237 28.2356281054
