Spatial_Output/BAU/BAU_1392.asc
NCOLS 155
NROWS 192
XLLCORNER 196769.923733
YLLCORNER 449719.875193
CELLSIZE 27.603701
NODATA_VALUE NaN
[rows 138 to 160 of 192, columns 53 to 105 of 155]
33.0147376588 33.0306697705 32.7902091193 32.8605504196 58.5094207987 57.7344196668 57.7344196668 57.7344196668 71.9936748508 32.8657168143 32.6759080174 33.1492258863 33.0350045138 32.930152037 32.6888251351 32.5760337687 32.9509242151 32.5935690015 33.1630005586 32.6544135046 32.7783445748 32.7987362968 32.8456426116 32.8590178455 32.5510308591 32.974441442 32.5378663087 32.9514350108 82.3865426543 82.3865426543 82.3865426543 33.1937768255 33.1463189408 32.6446293416 33.139686446 32.7723309257 32.7371628362 32.6335923573 33.150342774 32.6981165432 32.8160807891 33.0185473818 33.076395757 32.9593377923 32.6278504007 32.938260924 32.7905844362 33.1983739097 32.5759469698 32.8511161771 33.0376462032 32.6686788931 33.0932155521
32.9962419146 32.8777606005 71.6198017737 71.6198017737 71.6198017737 75.9621525253 57.7344196668 57.7344196668 32.8448245706 33.1003243729 32.734536712 33.1177359538 32.8132528609 32.5516394076 32.5984699088 32.5453771956 32.6799654419 32.6692927505 32.5598622565 32.803244812 32.7746356547 32.8624880042 33.0764471937 33.1113410536 32.8422667484 32.7614068834 33.0160904609 32.5917628425 32.78351053 32.7059073647 64.3473979151 64.3473979151 50.828731314 47.1965042031 32.9915347226 32.6242384147 33.1262204523 32.7692361916 32.9280943756 32.5606016672 33.1762345778 32.9529192409 33.0044759768 32.9240715134 32.9917851979 32.9254455538 32.8471119772 33.1471932863 32.8356102586 32.7323295265 32.6272832991 32.9799684405 32.599734097
32.5683646201 67.0296206611 67.0296206611 71.6198017737 33.0180117919 33.1581009869 60.4083109316 60.4083109316 33.1151732115 32.8933556603 33.0987297527 32.5256498146 32.9846456436 32.7923760437 32.8635626258 32.579502879 32.8016903096 32.9432908386 32.5738630753 32.8903402497 32.9242249275 32.6853346134 33.1628501564 33.0091024834 33.0407627438 32.762281203 32.9500342484 32.7095093533 32.9833933097 32.9986117471 32.9733752849 32.7270777975 47.1965042031 47.1965042031 47.1965042031 32.5105545092 32.628706552 55.235884977 32.6678617036 33.1318678947 33.1180861312 32.7676302001 32.5338156481 32.6757768625 33.066667245 32.6667447429 32.7763801352 32.9776384372 32.9806663127 32.8750465245 32.879727678 32.9196822242 32.5906933627
33.0707895696 67.0296206611 67.0296206611 33.1726370051 32.8734964105 32.7739596517 60.1902170737 62.5094983729 62.5094983729 32.9418373188 33.0799554319 33.1185285253 32.8736457855 32.9336563702 33.1081778508 33.063149538 33.0151432038 32.7949405018 32.7095451257 33.1504042623 32.8738272085 32.6448192335 33.1004522439 32.6923259794 32.6398191526 32.7603528595 33.1310186194 32.7703758657 32.5528615383 32.9056934567 33.1158963425 32.9328793766 47.1965042031 56.4346763895 32.7066624943 55.235884977 55.235884977 55.235884977 61.9962752068 32.7592161075 32.9681128401 32.801574689 32.9026099878 33.004756999 32.5141907406 33.1814737983 33.1064927049 32.6366163645 32.6114732982 32.7317591984 33.0094082203 33.026209918 32.6145593767
32.9054636926 33.0366009365 32.8351599899 33.0447490454 33.1400718926 32.5798543211 33.1330508292 62.5094983729 62.5094983729 62.5094983729 33.1578917571 32.7770485253 33.1096514476 32.7996591171 32.6451469721 32.9283137077 32.7312963257 32.8902978128 32.9795196105 33.0445449424 33.1178801207 32.5753990075 32.946336845 32.5412489571 32.6533809422 32.5010647262 33.1367863099 32.7391882365 32.5121751261 32.8502286053 33.1351611922 32.9911833431 32.6046694567 33.141866089 33.0044193085 55.235884977 55.235884977 61.9962752068 32.9245916488 32.9729960529 33.1350996846 32.550077287 32.9837363832 33.0157634953 32.5296566741 33.0327835991 33.0032105123 32.6765618352 32.6133866712 33.1495592326 32.784080065 32.751087806 32.5342632347
32.9436565192 32.9231936546 32.7312936717 32.7710256483 32.682610289 33.097188442 32.6487973516 53.0564180339 33.1708927063 33.1648256847 32.8319100683 32.5188529779 32.7419185923 32.9795765353 32.6120693773 32.6999180619 32.9171635635 32.9897327692 32.5517234874 32.655451436 32.6745947837 33.0379792858 33.0440929472 32.9946578217 32.7380673933 32.5633475412 32.7797734294 32.736090128 32.8812389945 32.7155339945 33.1701311497 32.7490091051 32.6538646665 32.9394600322 33.1880332428 33.034646307 33.0598340951 61.9962752068 50.3014630434 32.8913299431 32.6950321354 32.8766505774 33.1452997431 32.5158245997 32.6763580123 32.626442368 33.1984843483 33.0709575032 32.538639679 32.8608422059 33.1320872358 32.5860261809 33.1698736749
33.1499606841 32.9481080452 32.694616196 32.74540963 32.5330582807 33.1627509368 32.8271504498 32.6325881675 32.7018351619 33.0102801109 32.6556656381 32.8630995369 33.1824961262 32.6362319007 32.9547023467 33.0929666448 32.7954393239 32.5332883724 32.8904496292 32.9595370141 32.5658601815 32.600212705 33.0467898939 32.8192735094 32.5269309965 32.6014731081 33.0649550771 32.9548191713 33.0219346555 32.60843959 32.5383164742 32.9868409105 32.9597522783 33.1823074198 32.661314995 32.7810371651 32.7383840601 70.0121431434 32.7744018154 50.3014630434 32.8573951197 32.9193106058 33.0278430466 33.0236341901 32.7510980444 32.8450356399 33.0320984025 33.0835175043 33.0347390376 32.9566402007 32.5271404997 32.5723233755 32.9356175813
32.5596067862 32.5619727546 32.6745257033 32.8126909255 33.1499735227 33.1602938541 32.8656007887 32.671094912 33.0707144146 32.5625072914 33.1282125285 32.9237804382 33.042869711 32.7804674584 32.5245518544 32.6338318728 32.9558757532 33.0776870984 32.5830809825 32.7444922338 32.5963791247 32.554650208 32.6974565248 32.6823841596 32.594441579 32.521408364 32.8388522128 33.0045209368 32.6513981605 32.8764660223 32.7684038325 32.7987057974 33.1568408262 32.7715236087 32.9138870108 32.5205331281 33.1459876923 32.6229342044 32.8942702333 33.1485501216 69.5629965217 32.6026001732 33.1600791923 32.9902725984 32.9334822905 33.102917096 32.9572598053 32.9282099013 33.045524064 32.9403672006 32.6511566391 32.5863472381 32.7130344912
32.7032234429 32.9569919698 32.5157865759 33.1243287714 32.6442805114 32.5297817987 33.1603685515 32.8338815106 33.0520429918 33.078164051 32.665396544 32.6031879215 33.1255939365 33.0520927234 33.1982124509 33.0978773444 32.7365196243 32.8869102971 32.9491438768 32.8058081162 32.6755213152 33.196864518 32.5712006077 32.587199955 33.0568654091 33.0187303556 32.7017766577 32.5344571588 32.7295226963 32.6377673298 33.167770146 32.9103236839 32.5583949309 33.009604527 33.1287931892 32.9512935308 32.9244073967 33.0700769013 64.5057747051 32.9417619168 32.831330185 32.5605220479 32.5055182806 33.2010670188 32.8723653345 33.1851859945 33.1311542162 32.9852356002 32.8256633949 32.8059064345 32.7469462771 32.5324924583 32.722606386
32.7207068418 32.9248135856 32.7904790153 32.5925717686 33.0040999191 32.6977529278 33.0984195998 32.5285045067 33.0387576567 33.1782959925 32.6930406631 32.6953954274 32.876700521 32.6611481324 33.0543838658 32.8566364676 32.823059997 32.6698350822 32.8451524521 33.028505043 33.1199725514 32.7936204623 32.8282861249 33.0929421636 32.976820721 32.8734292726 32.6233031811 33.0238430963 32.9940420184 32.7690798371 33.2015943467 32.5671806157 33.0604779097 33.119433221 32.7504746374 32.5747790678 32.8450711492 32.7741104148 32.8226432014 33.0549058297 32.5331148345 32.8711030621 32.8445834555 32.5180936039 32.8248752653 32.653285452 33.0019197027 32.9613600038 32.5018587535 32.7754006595 32.8021438713 33.0996580582 32.6753347244
32.9598119095 32.6699145237 32.8105879836 32.6106389224 33.0864081417 32.8956228059 32.9918706775 33.1776233118 32.6796698916 32.8251424325 32.7124383969 33.1556699839 32.6051193447 32.5590605575 33.138887143 32.7119930134 32.7368527115 32.5704618043 32.5734306916 32.6460843709 32.5529740717 33.0253736212 32.6102140323 33.0962457456 32.7243106098 32.8530405297 32.7567255801 33.0663463076 33.0160413092 32.5119007079 33.1815375976 32.5885737973 33.1703583661 33.184428517 32.9751316431 32.5195710957 32.5079264442 32.8636614098 80.6734226087 58.7848132318 58.7848132318 32.9635413295 33.1257951537 32.7992963766 33.1562493904 32.8210705604 33.1087149709 32.6544772215 32.5996131333 32.515422142 32.799479204 33.1461506996 33.0896276224
33.0819448872 32.9189651159 33.1709004664 32.5549517539 32.7431160374 32.66315831 33.032995656 32.7928193914 32.8171960203 61.9637666214 61.9637666214 32.9487730179 32.5872347654 32.6069469185 33.1204269564 32.538563264 33.1982689102 32.6913109145 32.5651737177 32.6128470226 32.7359462863 32.656454189 33.0926426475 33.0814219349 32.6577094093 32.6637881659 32.6257440359 32.6725895386 32.7312107283 33.0325547197 32.6851029748 32.6472326976 32.854466691 33.0851206075 33.0978890303 32.5936138053 32.7720281142 32.6266910359 58.7848132318 58.7848132318 58.7848132318 33.0949230135 33.1332739833 33.0435176581 33.0999262723 33.1328064557 32.7631397079 32.658580392 32.5137971627 33.1261073002 32.5965596806 32.6598783212 32.6077283584
32.830154567 33.0230350293 32.5452010574 32.5940724615 32.6083806353 33.0307600106 32.8152959337 33.053991571 32.5966256819 61.9637666214 61.9637666214 61.9637666214 32.6763184309 32.5449634801 32.6959146291 32.6060824164 32.962053717 32.701320762 33.0658765772 32.5719727958 33.122575115 32.5517941309 32.7076273553 33.0163913137 32.8767481895 32.9730462982 32.5012787888 32.9135764637 32.5651542054 33.1333990164 33.0523295979 32.9768709513 32.7868833524 33.1611718968 33.023069919 32.8688322676 32.5549716517 32.6133848236 33.0777124492 58.7848132318 32.9571962562 32.6017833488 32.8023626781 32.7912424061 33.1491517802 32.8564762974 33.000281791 32.8822711878 32.8104454378 33.2012513495 33.08459788 32.6811279829 32.9958608996
33.02678748 33.0478026629 33.1994395983 33.0447703706 32.893261452 32.6277072628 33.0878182065 32.983797639 32.9722185629 33.0890961114 61.9637666214 32.5694291154 33.1194647526 32.5942573744 32.6979373815 32.7864122934 32.6681272575 32.711026644 32.900821014 33.0360071461 32.5084435304 33.17644049 32.7273928099 32.6909605612 32.8037750791 32.6950514143 32.8761559508 33.0835267015 33.0830897238 33.1361977507 32.5112709666 32.8753250084 33.1464352502 33.0919027415 32.5998978003 32.7163283667 32.6347128662 33.0062757275 32.8667464305 33.0246590573 32.7222002384 66.8730429983 33.0339159676 32.7842360299 33.086034583 33.0838600187 33.0988172683 32.7556981259 32.8258740966 33.1570044049 32.8920866514 32.5290590515 32.6680908839
32.6212470988 32.8706791028 32.8476374468 33.0673499051 33.2045508879 32.7338545483 32.6072552612 32.9116281972 32.605430354 32.576496079 32.9109252006 32.8609742002 33.0813713443 32.8834942378 32.9870068998 32.5619291233 32.6344968129 32.562816566 32.7044490274 33.1555280761 33.1019562494 33.0883302489 32.8576950787 33.0168021066 33.203620885 32.9116749636 32.5423534954 32.6446687644 32.5941824103 32.6265616967 32.9468212832 32.9820359378 32.8364313247 32.9953329676 32.8132539916 33.1370561557 32.8754318002 32.7524103049 49.6659241158 66.8730429983 60.014903031 32.6197746055 32.9147266606 32.8182345883 32.9149677348 33.0909782819 32.6095115491 32.9613873803 33.1782869008 33.0131121135 33.0000333961 33.056019396 32.7120867128
33.05665052 32.8117781892 32.5676561401 32.6681660936 33.011756625 32.5630407905 32.8469673023 32.8093264221 32.5651589062 60.2116737953 60.2116737953 51.6575478165 33.1461394549 32.7889992046 32.7675281131 33.1248333888 32.8966371048 33.1495987559 32.7265945627 32.672355307 32.7685276425 32.6472142171 33.138664717 32.6263635614 32.9508069926 32.7796162499 32.9084592371 32.6579188281 33.0080092698 33.1409210215 33.0532595631 33.0396518129 32.7745304294 33.1042995842 33.0346946983 32.7304659487 33.1708958305 32.6773847111 32.9461012181 60.014903031 60.014903031 60.014903031 33.1644491309 32.7699940316 32.9016914018 32.9904146826 33.0306056506 32.6577951826 33.0992887307 32.9589040901 33.2049692973 32.945429533 32.979517088
32.567434064 33.1508757502 32.7979808265 32.9590704529 32.9014376641 32.6859728533 33.1085179644 33.1768154449 32.7393586965 60.2116737953 60.2116737953 60.2116737953 32.5196024428 33.0769198329 32.86062101 32.6492231046 32.6278488267 32.6428321366 32.7509801348 33.0939291729 33.0948953433 33.0511809906 32.97851509 32.8369766128 33.197568954 32.5980954744 33.1379358718 33.135979793 33.010000299 32.9839112716 32.9809151434 32.6173527689 33.1181976677 32.6089965978 33.0685585408 32.902326948 32.6510750404 32.7871671461 32.6999960564 59.5245025179 59.5245025179 59.5245025179 85.6201022189 33.1412110555 32.7994204057 32.905480683 32.5519993145 32.6149502832 32.9150186255 32.6578715513 32.9159408834 32.9505496421 32.5225710617
33.0031299317 33.1768338623 32.7506841287 32.7372896456 32.6661086694 33.1563106455 32.7225043199 32.9557634125 48.3863694064 56.2109028181 60.2116737953 48.3863694064 32.7407864044 32.6121898056 33.0079596487 32.7083124015 32.8122619931 32.7534527197 32.9392768842 32.5980296247 32.5057562577 33.029963508 32.9885405325 32.5939271972 32.5317821668 33.075514471 32.7558908714 32.8862490796 33.1614398861 33.030683451 32.728394768 33.0237353514 32.5159150323 32.7481978182 33.000329972 32.6385771262 32.6847300573 32.9516233931 33.1123779163 85.6201022189 85.6201022189 53.5309252227 53.5309252227 33.1756430702 33.1934648248 32.5224511262 33.1566916744 33.0256414285 32.9011593768 32.6311550635 32.6174588422 32.5839117709 33.000892774
32.9711311521 32.8128526453 32.9641702057 32.925706125 32.7446368629 33.0772248944 32.8444286633 33.1359432019 33.1790950125 60.2278564326 60.2278564326 56.2476107029 32.6414035409 33.1294169613 32.8420417596 33.1146015936 32.9695549406 32.5047806741 32.5911080273 33.1036779951 32.8201743136 32.5614483306 33.0237021741 32.5318292647 33.0182217101 32.704341971 32.8786112289 33.0145943952 32.9501645741 33.002075338 32.523997372 33.0762021564 33.1372112738 32.8545461508 32.5228535979 33.1199999994 32.7592898685 32.9058767523 32.5948971863 32.534523233 53.5309252227 53.5309252227 53.5309252227 32.5792035558 33.1198020401 33.0099914646 32.9078588413 32.7002592307 33.0317145827 33.0191982507 32.738567559 33.026901115 33.0296507125
33.1631310749 32.645909536 32.5196546194 32.9292922253 32.9859321655 33.0329451785 32.8535241711 32.9009098604 33.0375372577 33.1974357142 87.708717947 32.6696481844 33.1589169036 32.51303549 33.1388522558 32.6556467923 32.8837816817 33.1909228485 32.9392486597 32.9112614833 32.9831514034 33.008811818 33.0278505294 32.6365993067 32.5075525779 32.6775201851 32.6448236575 32.7241459878 33.2064470454 32.5126044346 32.9343914346 32.8504370962 32.5584951344 32.790913976 33.1841647795 32.7965693168 32.9546787727 32.6147903224 32.5773258273 33.1650596937 77.5408858817 53.5309252227 85.4022827774 85.4022827774 32.5599790757 33.0173250515 32.7127455835 32.7373494226 32.8316743716 33.1507664024 33.0148353845 33.0430583401 33.1038621035
32.5727258404 32.7408246682 33.012931772 33.0614765237 32.7902470115 32.9871541076 33.1535368707 32.6484669511 33.0213057226 87.708717947 87.708717947 87.708717947 32.6127892808 33.0931677888 33.079604317 32.8307274637 33.020093017 32.7693577279 32.6500769473 33.0025816434 32.6099001915 32.5801455456 32.795087817 33.1077020139 32.8163525401 32.8777689709 32.7576854614 32.9231844445 33.055712459 32.6632463036 32.89269047 32.5697483384 32.7375078977 32.7614399025 32.6305402653 33.1905278312 33.1178083614 32.5495847601 32.740766837 32.5878106682 32.8312350773 85.4022827774 85.4022827774 63.553707573 32.9093641813 32.848820281 32.5434015277 32.5530465856 33.1015294372 32.8938408654 33.1507486912 32.8974353323 32.6342609682
32.8159934401 33.120298475 32.8210544636 32.5299241688 33.1808288502 32.9679271744 32.5699537728 33.1469327617 32.5797529109 32.6595722539 32.9552443578 32.6007564229 32.5029468238 32.9521467352 32.5305381974 32.7949503956 32.9201416589 33.1482876048 33.1096551454 32.7090545484 32.9989978269 32.8200635296 32.9949956241 32.8997196844 33.1953003302 32.761081748 32.7087662559 33.0138467129 32.6721743913 32.7266146643 32.9525979329 32.6623999871 32.8364405731 32.8863209244 32.5154925157 33.0957280307 32.876052776 33.0495110569 33.0571898793 32.7713290789 32.5697585844 63.553707573 60.9858917637 60.9858917637 60.9858917637 33.1035912169 33.1686243575 33.1968955263 32.9341435907 32.5598391953 32.704377259 32.5980992722 32.8845350164
32.7781234882 32.6245524157 32.8548150786 32.8996126847 32.6061756071 33.0084852159 32.9315048173 33.1901272691 33.1944700836 33.140615272 32.975651433 33.1233956777 32.8480378533 32.5773596869 32.9580685414 32.5908706039 32.6977872131 32.7630021323 33.0645664844 32.5576651576 32.9617657293 32.8061994538 32.7016666586 32.6838416042 32.8808202259 32.5926029398 33.1738428353 33.0936532064 32.834265877 32.9092602505 32.9910473023 32.6715398394 32.9923117126 32.5513369531 32.5233147456 32.9828311573 33.0310677125 33.1809700795 33.0972114614 32.7248569138 32.5006435084 32.8773405838 60.9858917637 56.4713476448 56.4713476448 32.8486025553 32.7253743051 32.9681232958 32.6205023899 32.8738495949 32.7233355139 32.6599364635 33.1254313839
