Spatial_Output/BAU/BAU_1072.asc
NCOLS 155
NROWS 192
XLLCORNER 196307.867259
YLLCORNER 449144.565805
CELLSIZE 33.573938
NODATA_VALUE NaN
[rows 125 to 149 of 192, columns 56 to 111 of 155]
22.9647965686 22.7985501843 47.3545388806 47.3545388806 47.0866347021 23.1231164465 23.1923493595 22.5156079586 22.6360452893 23.0178608652 22.7844277924 22.9412235386 22.8224658865 23.0730509372 22.799885217 22.9347743026 23.1006132822 22.7108274423 23.198462123 22.6916871843 22.9163208204 23.1911096076 23.0482948933 23.1512926348 69.1480621173 69.1480621173 22.797539099 22.7645703586 22.6770270987 22.9569298102 22.6655791128 22.9266466241 22.7056117158 22.5402666523 22.9649378422 44.5344019343 44.5344019343 44.5344019343 22.9761824458 22.8532600723 23.0600195642 56.8515465092 52.4077502513 39.240579707 50.1680794149 50.1680794149 23.0511860305 22.7831720604 22.5567924549 22.9319567761 22.7767737845 22.58785654 23.0218182667 23.1368603009 23.0955172519 22.8343691434
22.5081815115 22.6861090347 22.8839879266 47.3545388806 23.0935622509 23.050390566 22.9515217065 22.6281170101 22.6394970539 22.7354774826 23.0081657646 22.9628776257 22.8136943078 22.9742954785 22.9367810096 23.1232837837 22.6987959705 23.0356249964 22.6930824516 22.6612094159 22.6274422661 22.7960422922 58.9522718551 47.3010742294 51.4946266339 37.8027814299 51.4946266339 52.0746520618 64.404404442 22.8920636486 22.8961529733 41.201183557 40.4092703029 45.9950954888 22.5906430216 53.615704591 22.5909774196 71.9620641005 22.9774969619 56.1477913325 57.9597280036 56.8515465092 39.240579707 39.240579707 50.1680794149 50.1680794149 22.8848761246 22.9803943911 22.7868918566 22.5643410871 23.0456067088 22.5041053058 22.8406267407 23.0180996081 23.0742413266 22.7560585215
22.9979279523 23.0820214723 22.8092516737 48.8006947765 48.8006947765 23.0461536879 22.7622295609 22.5352276186 23.1324041516 22.5946004464 22.557614105 23.1819268299 22.6095322441 76.9348073131 22.8775097127 22.5868118742 22.7435754817 56.765111039 53.5648971319 69.4373182729 22.6227803815 62.1547713515 58.9522718551 58.9522718551 51.4946266339 37.8027814299 37.8027814299 64.404404442 51.0847363882 51.0847363882 53.6280680136 41.201183557 45.7115830379 45.7115830379 41.2587427963 22.5243990345 53.6098269479 71.9620641005 56.1477913325 56.1477913325 56.1477913325 56.8515465092 56.8515465092 39.240579707 22.6320295081 22.647513244 23.1906058873 22.8515877306 22.8143836845 23.0945920132 23.0434298397 22.5967545152 22.865806523 23.1904156793 23.1623041633 23.0257708414
22.6698303422 22.9970314788 23.0049483011 22.9495671632 23.1714251125 23.0724397283 22.8511165092 23.1778894548 23.1556205274 22.5647041091 22.9133652973 23.0961419699 77.0530130391 76.9348073131 22.631253934 23.0329484355 56.765111039 53.5648971319 53.5648971319 53.5648971319 69.4373182729 62.1547713515 58.9522718551 58.9522718551 49.2778435847 49.2778435847 52.0746520618 64.404404442 51.0847363882 51.0847363882 46.1185349541 41.201183557 45.7115830379 45.7115830379 45.7115830379 53.6098269479 53.6098269479 71.9620641005 71.9620641005 56.1477913325 56.1477913325 22.5317396877 23.1499133828 22.6890266029 22.701277984 23.0958204553 22.5708431441 23.0985875718 22.5243482203 22.5559991481 23.110669138 22.9504359137 22.8593497411 23.0700557574 23.0903941482 23.1579296029
22.8316139709 22.6275892399 22.519227213 22.6422115415 22.9226742345 22.511831035 22.5760564517 23.0233736501 22.7707492484 22.8479722944 22.5792096245 22.7143856768 22.6341814657 22.8314952802 22.8926959747 23.019374415 22.9361095339 56.765111039 53.5648971319 69.4373182729 22.612396996 62.1547713515 58.9522718551 57.765544752 49.2778435847 49.2778435847 51.0516014514 22.9079978216 51.0847363882 46.1185349541 53.6280680136 41.201183557 42.0455263734 45.7115830379 22.8502519163 22.5462141348 23.0970852118 22.6983152626 22.6285735076 23.1492991259 22.9365125273 22.7381527579 22.7658671053 23.0781473654 23.1912040385 22.9191972874 22.7784900618 22.5481133625 22.6037626625 22.5475567516 23.033647342 22.955773073 22.86023899 22.8141705305 22.6171499522 22.8476902384
22.9450259526 23.0285305367 22.7100208371 22.6636158141 57.0268021409 23.1504340673 23.0037325349 22.5530675803 22.7916042313 23.2045589805 22.6574203899 22.9166458388 22.674193396 76.9348073131 22.8604672741 22.5037315184 22.7972682548 22.8262432845 22.910491396 22.8133102414 22.7245193845 22.7754942994 22.9730569179 22.6985348648 55.381131592 51.441933652 51.441933652 51.441933652 22.6105169748 22.7945819293 23.0068392641 22.7578593155 22.7411032382 23.0121363787 22.9540345479 22.5394124653 22.5902297415 22.6389737234 22.7432120135 22.9674787537 22.6659114991 22.893402809 23.0155895258 23.1342396188 22.6904497367 22.7170476053 22.5768049575 23.1532236717 23.2050268067 23.1391339229 22.8001801161 22.7359385833 22.514263663 22.8096355087 22.9654807485 22.7658898138
23.1837486235 22.8441704295 39.1491825481 22.9336413773 57.0268021409 57.0268021409 22.7380389139 22.6721540333 23.0381295576 22.5261790187 22.7548211478 23.1098104208 23.0903062639 22.7008552737 22.682539249 22.8984815329 22.7800028694 23.1678330079 22.6020430438 22.5477331996 23.069750146 23.0282585739 22.777125366 22.6688834873 23.166562076 51.441933652 58.2618827226 63.0027348985 63.0027348985 63.0027348985 22.7562558765 22.7847704471 22.514799124 22.926690081 23.073628904 23.1758387052 22.6610696792 22.5833320894 22.5342042777 22.5130372415 23.0759287178 23.0794561655 22.8935991609 22.6136239698 22.78390909 22.7680714319 23.1634661392 22.7514894257 23.1249678656 23.0550331784 22.6283165295 22.9832270775 23.1196965262 22.5758292267 22.8663012905 22.5649680912
22.7993818774 47.5684058819 39.1491825481 39.1491825481 57.0268021409 57.0268021409 22.5454678634 23.0388320535 23.0206030312 22.8189606804 22.6345020506 23.1679260321 22.6995297786 22.5366877739 22.9369180537 23.0865148918 22.7850543538 23.1373924996 22.8087453067 22.6130473224 23.0754445985 22.7253574929 23.0788399121 22.8209414713 22.5310916058 53.680668101 53.680668101 63.0027348985 63.0027348985 22.973090823 22.6351424731 22.58498078 22.5158686495 23.2003673224 23.0237959532 22.9293985269 22.844738369 23.0302167207 23.0378259036 22.8055551983 22.7761693594 22.5573356041 23.0481628889 22.9733670649 22.9052261463 22.7105866835 22.7855320597 22.6530668172 22.9998383048 22.8683305195 23.1928864235 22.8017476532 22.733892499 23.1269368488 22.8520583191 22.664684233
47.5684058819 47.5684058819 39.1491825481 39.1491825481 53.6856112474 22.9300107932 22.8473562629 22.5249765759 22.7052507876 23.076970155 22.5724251414 23.0583205845 22.6883455302 23.0330369248 23.1582524651 22.8300985455 22.8745570679 22.6492382844 22.7174234505 23.0361713779 22.970295519 22.6289405486 22.5147636021 22.910036577 23.1260534697 22.7649244228 22.8982647456 63.0027348985 63.0027348985 23.1095023859 22.9348944302 22.6148313315 22.9375228086 22.5598681626 22.8178630153 23.0494149035 23.0077371118 22.6905682856 22.8559066035 22.8204499195 22.5049877673 22.8221526672 23.191479699 22.5535553573 22.6461854246 22.6495848574 22.9691699484 22.5145406636 22.9369023947 22.9204263593 22.6510727186 22.5191016115 22.7425186434 22.8437438118 22.9151494395 23.0407301356
57.9413523461 47.5684058819 22.7866244025 22.6214911973 22.8722975376 22.5995730405 23.0964517545 22.9986063883 22.92957433 23.0078332719 23.0449784102 22.8316662672 23.0435486705 22.7907188505 23.0820054486 22.8796490221 22.8954314788 23.0822289504 23.0154720118 23.169040091 22.9318286357 23.1230342723 22.6053507533 22.8087079426 23.1828519698 22.637784246 22.957638671 22.9596494057 22.585381244 23.0822131279 22.705071205 22.7726987267 22.5704630706 22.8180010543 22.9638413298 22.6228564696 22.673105419 23.1669676329 22.8394986469 22.7303241473 22.7954933563 22.5182729911 23.0626013283 22.9396690421 23.1895813766 22.7388044212 22.6810918671 22.9450838681 22.6580998281 23.0991185476 22.7851970446 22.6148652865 22.5552204144 22.9459571736 22.7709769092 22.8835211226
63.3166495557 23.1926712977 22.5401687134 22.7542227935 22.6900636016 22.9304979335 22.8018126556 58.8150867897 58.8150867897 58.8150867897 23.105005674 22.7018062033 22.9472887545 22.9819994653 22.643270177 22.8640153294 22.5804953966 22.560411426 22.9487044251 22.8095433927 22.8384238924 22.8182345888 22.67909826 23.1292498068 22.7284878662 22.7817141006 23.02640457 22.5884802674 22.6806067991 22.8660585687 22.644483214 22.6066841453 22.9291826837 22.8234497978 22.6683614649 23.1201925082 22.9029499983 22.5556078144 23.14654243 22.6056032826 23.0297294933 23.1710703289 23.0514242492 23.1494911004 22.5490873323 22.902946103 22.796114926 23.1243615394 23.0277377902 22.9134896822 23.1535560167 22.8733213967 22.6386960251 22.6181795796 23.0467126579 22.6586502174
22.9104334102 22.886011231 22.785358156 22.522220647 23.0971103926 23.1358408978 22.6154611069 22.9380585811 58.8150867897 58.8150867897 22.6326859282 22.6910157392 22.5571216125 22.8300089133 22.7412177175 22.8324069881 22.9454415511 22.7098826043 23.1042985336 23.0375357453 22.9900190878 22.9317075728 22.5762358011 23.0312111171 22.6550225523 22.5567709399 22.7761437725 23.1322276764 22.9780798863 23.1736350875 23.037826186 22.846526089 23.1401979321 22.773031429 23.206648141 22.6861408645 22.5538254647 22.6748293235 23.0008488442 22.8125189064 22.6440118826 22.8464461726 22.6586114871 22.7956979127 22.5063042899 22.8166842617 22.5183229692 22.7987452074 23.1703349857 22.7335686431 23.1011374772 22.7012633661 23.0655138319 23.0960136705 22.8663069259 22.8455617545
23.0445822489 22.7290000426 23.0686044077 22.9186825854 22.9740387503 22.5956987618 23.0451569089 22.5031860687 22.5393578963 69.9280736585 22.5091935064 22.7958723072 22.8923600011 22.9453240262 22.5281181781 23.0744241331 22.6516885705 22.7032446931 22.8003634474 23.1599872479 23.0928858813 22.7055949611 22.5292512186 22.626443004 22.6979266586 22.5524382916 23.1935969107 22.7674121228 22.5734923452 22.8461617109 23.1752985333 22.9027697269 22.5647960545 22.8462591644 22.6787982232 23.1325972713 22.8052490264 23.0342866626 22.7432436854 23.200295018 23.1285454269 22.9622042618 22.7836456213 22.6612956894 22.7520926812 22.9535415432 22.9614840785 22.7356037901 22.8953822412 23.1238851366 23.0556964447 22.7587232639 22.8101615002 23.1435650632 22.7875437474 23.0155718948
22.9512657921 22.5742880808 22.8438610765 22.9334811299 22.5728719415 22.6257551254 22.592306411 22.8980209547 37.8224936426 69.9280736585 69.9280736585 22.9156118581 22.7407295537 22.8401061564 22.9224797822 23.0034763935 22.6770549472 23.1054391791 22.5445848204 22.6358564798 22.7391347632 22.7845290278 22.8230717356 22.6457873499 23.1605063758 22.933859747 23.0960521404 22.6988102108 23.2004775312 23.1808404058 23.0433189565 23.1046569351 23.0773127214 50.7905335843 23.101697612 22.5364633233 23.0819826796 22.5734812745 23.115092786 22.7664004701 22.5308717382 22.9434317603 22.7366376283 22.7011286854 23.1149474328 22.8978229168 22.9460256564 23.1012025241 23.1869589901 22.5320557729 22.8729891733 22.976489547 23.0397907321 23.1769557365 22.5776652221 22.6976582557
22.8052165116 22.5611223035 23.1644158155 22.5394114085 23.0342887985 22.7663461779 23.1940614132 22.6986739365 69.9280736585 69.9280736585 37.8224936426 22.8665766408 23.2067755555 22.7891836996 22.8414526472 23.0690600251 22.5435602349 22.9297712141 22.7606615702 23.205877403 22.8417803971 23.0019378027 22.9886665379 22.7485096705 22.9255996695 23.2059330167 22.733374244 22.8929223194 22.5171977024 22.5502845019 22.5808828156 22.5300131762 22.7905436605 22.8850553365 22.538826858 22.5071487069 22.6783795734 22.9985184357 22.5640828671 23.1835252372 22.8734837965 22.6459034941 22.9115592514 23.0205260777 22.8670431326 23.1889771157 22.684931805 22.9076375816 22.7223180135 23.1913667989 22.9978433684 22.8871244662 23.1046429973 22.5447758716 23.0921424457 22.5794626327
22.6496789168 22.9777529812 22.9688993413 22.6718246289 23.1057525808 22.6849049758 22.8113593215 22.5358569545 22.5461773173 74.1598283402 74.1598283402 22.841065794 22.7079906293 23.1702885462 22.9212460192 22.980326446 22.7665523464 22.7362741244 22.9932245822 23.0104099888 23.1034944814 22.7129606229 22.9466453316 23.1409340752 22.7725643908 23.1418936695 22.5389791943 23.034140642 22.7360472519 22.6108894614 22.9466896585 22.8968484907 23.1635748048 23.0059116156 22.6729243836 23.1555540293 22.6377334503 22.8849731318 22.5708558518 22.6476104816 22.9061696024 22.7909694142 22.5778624124 23.0835035188 22.7462735702 22.5050925955 22.7221368702 22.6067890414 23.0608366867 22.9123895279 22.6603180798 23.0932621577 22.8447574164 22.7324208522 22.631116667 23.0845536027
22.8063202564 22.5004092765 22.8556036176 22.6420301715 23.0728512731 22.8196056718 22.9931729823 22.6832517971 74.1598283402 74.1598283402 74.1598283402 22.9393603182 22.5550816745 22.7703536702 22.7017649373 22.8227530784 22.9199186846 22.5995865744 23.1225398259 22.895826697 22.9780656797 23.0035073432 23.0716723849 22.5541273854 22.7883874091 22.6699820245 22.6479893696 22.7680325706 22.6245185978 23.131209346 23.0824268313 22.7801196273 23.0510532335 22.8226748214 60.7463647442 23.1385780515 22.721393087 22.6917685549 23.1885515864 22.7491780702 22.9305764837 22.95416658 22.5274098628 23.0703904988 23.0450639896 22.5019322208 22.5255775789 23.13756885 22.9709533121 23.1004312076 23.1750305801 22.9723209412 23.0263332791 22.6291579265 22.5688507941 22.9386861659
22.8986312833 23.0426472837 23.1371054683 23.0507077791 23.1862203509 22.6932901122 22.521627656 22.9252457509 22.8427497662 23.1570703336 22.7809377197 23.1121207546 22.5596939043 23.1553530867 22.849806198 22.6669563628 23.0445777361 22.6442461855 22.7820751024 22.7851342416 22.5935194869 23.0490071198 23.1591182982 22.7645356853 23.0144995457 22.980912656 22.5902957603 23.1607753462 22.947231351 22.6273531825 22.8198222583 22.9413759575 22.9849079012 60.7463647442 55.2397016058 60.7463647442 22.591816233 22.5199874773 23.1272128493 22.8739570311 22.8993115208 23.0893265287 22.8326929326 22.8331974955 23.1168430442 22.7180097857 23.1290906026 23.0603426855 22.8027130426 22.7305951741 22.7912400798 22.9671590801 23.1774141557 23.0680788035 23.0684423752 22.6402636207
23.0212607089 23.0063611971 22.7587031695 23.1695234407 22.9739153022 23.1831843499 22.5957396151 22.8443634715 46.9983564867 46.93901811 23.0941017867 22.697568415 22.6294338316 23.1603035799 23.0122413413 22.978667617 23.1966550238 23.1199282444 22.8182165796 22.5570397254 22.9553165112 22.6347973404 23.1407789306 22.5395680839 22.622577916 22.5398239035 22.9182047197 22.5868829645 22.6850819998 22.6830745767 22.8436457208 23.2027554347 22.7923611545 22.5293940392 55.2397016058 55.2397016058 22.585767515 22.5940401728 23.1009163196 22.6205692036 22.5996956054 22.6366327383 22.9128901304 22.8211872984 22.6405682702 22.9299094969 22.7475616154 22.6367033932 23.1512008701 23.1445225627 22.8268171 22.6385406658 22.6213262068 23.0610344859 22.5957456882 22.5298160742
22.6397394386 22.8137865691 22.557051998 23.1974065768 22.6482792825 23.1737829767 23.1170069018 22.5473273842 46.93901811 46.93901811 46.93901811 22.660999479 22.8855832152 23.0051652528 23.0482761731 23.0109036158 22.7816939895 22.9848488223 22.5154781614 22.5464330868 23.1860549021 22.5118832824 22.5910177754 22.9509471077 22.7652932748 22.5255862741 22.6497424546 22.800314355 22.9432060488 23.0257186072 23.165519491 22.830075069 23.0741015784 55.2397016058 55.2397016058 55.2397016058 22.846013612 23.0051341548 22.7069441634 22.7502443115 22.7696293078 23.1318008133 22.9820361411 23.0090003407 22.6070370271 23.1783275882 22.9704811271 23.1099987321 22.5753840574 22.9668181347 22.9030304444 23.0886727995 23.1195203363 22.5141439085 22.5277086492 23.0454288133
22.9331324347 22.7168799499 23.0554711254 22.8047228618 22.6872372829 23.0719657958 22.6252902334 22.9056267347 48.7678995192 46.93901811 48.7678995192 23.1748662731 22.9074749485 22.53925029 22.9542488117 22.501423921 22.730325335 22.7893843656 23.1799071584 22.8234697274 22.7842577645 22.7206704529 22.5878995988 22.998340992 22.9564153922 23.0539328867 22.753687598 22.9426836587 22.8912686645 23.1266635978 22.9550444652 22.5252445302 22.6329959735 22.7625173577 22.5476080459 23.0582741283 23.1982734683 22.8610177155 23.0420470442 22.8858917385 22.7892769934 22.7913092014 23.1473369832 23.1231441177 22.7195097566 22.5585767761 22.5555721666 23.1704805425 22.6235581975 23.0106104244 23.1641476559 22.759740674 22.6417321123 22.8243885716 22.8008941449 22.6068271679
22.7074632171 22.9486082276 23.1082378298 23.0328688135 22.5976091133 23.0292487816 22.6304229179 23.0588886162 22.5065078049 23.0230142377 22.7112296258 23.0807960718 22.6435165916 22.5013841381 22.9903299131 22.8138545364 22.7856993531 23.0383998367 22.8517129754 22.7804974793 22.9292794966 23.1158111879 22.9827258285 22.7497733467 22.7679382552 22.6659780427 23.1098638374 23.0256491532 22.6222293584 23.0867459387 23.0199441023 22.6586518781 22.8284363518 22.5993877268 22.5105002971 22.8643492188 23.1927374826 22.6255175569 22.8057838501 23.0398190351 23.0406357469 22.8766117979 22.8816975595 23.0551068905 22.721661909 22.5057398293 22.6898641491 22.935908286 22.6931455003 22.7819426421 22.6150920876 23.1297123334 22.8581552456 22.7482562937 22.6323307074 22.627454233
22.9890144392 22.9390994583 23.066764392 23.035355173 23.103535686 22.8851225183 22.5057274093 22.8410605421 22.5273878591 22.5157807804 22.9255079827 22.5273618284 23.1614072419 23.1719394678 22.7715332261 23.0665942285 22.968841709 22.9939138381 23.1294634843 22.9349153232 22.9970631574 22.7373531743 22.567837941 22.5623513215 23.1584773564 22.9450925889 22.5545619164 22.9022329273 22.9695831379 22.5325898922 22.5716987686 22.8674392762 23.0786919484 23.0763251056 22.821963159 22.5197520236 22.8793881129 23.062659271 22.9609306566 22.9466557255 22.9056989886 23.018657051 22.9154340968 22.5870296884 23.038816901 23.177600928 22.8232316196 22.6375573608 23.0169172776 23.2058025901 23.1788805511 22.9942682875 22.6432653813 22.8842149728 22.8904386066 22.8543187384
22.8432233687 22.7333280055 22.8665419358 23.195635538 22.6133264002 22.9816461892 22.549885258 22.9610836778 22.6589244886 22.5637949669 22.9186876041 22.8689412923 22.6891896384 23.160299343 23.1912708311 23.0746604989 22.8293717498 22.9099653613 22.5483633948 23.0593583496 22.6359882783 22.9659379842 23.149817982 22.5561766066 22.7545208246 22.6399004898 22.7781329636 22.6008850443 23.1585898623 22.7715852203 22.5467632992 23.1964127977 22.6839588129 23.0559405678 22.8698140838 23.0842916192 23.1333990802 22.7258920895 23.1763547956 23.0043406176 23.1005568664 22.9317880611 23.1502395448 22.9753467266 22.6296593257 23.2013766098 22.5807067224 23.1159386125 22.7111673314 22.9027609229 22.7291504159 23.0290250826 22.6731590647 23.1150174838 22.6853028959 22.6562030401
22.8387669361 22.6491170321 22.6246866043 22.7953160703 23.0050576655 22.7230895747 22.8739690902 22.6867286099 22.7552727893 23.0458796662 23.1519843271 23.1627809849 22.9590790062 23.1458814994 22.7684777272 22.6885303308 22.6059740953 22.652490175 22.8625982108 22.7205617552 23.1412455064 22.9148391239 22.9924301797 22.7379760793 22.6025084493 22.8157954025 22.7305369893 22.9682559957 22.7788613968 22.6320114297 22.9024307643 22.9678978857 23.1381840842 22.5446236661 22.9703953618 22.639374329 22.9313429102 22.7148618228 22.9093170013 22.6716474825 22.8160136271 23.0202058896 22.5993312992 23.1171508108 22.6233173623 22.6068505799 23.0505502229 22.9200720544 23.0711945168 23.1808374661 22.7749807862 22.8118475842 22.9076808817 22.7758823266 22.6600331653 22.5337755221
