Spatial_Output/BAU/BAU_0164.asc
NCOLS 155
NROWS 192
XLLCORNER 196307.867259
YLLCORNER 449144.565805
CELLSIZE 33.573938
NODATA_VALUE NaN
[rows 75 to 99 of 192, columns 57 to 113 of 155]
44.8765856243 44.7074495229 44.5880138229 44.5753837829 44.5704899086 44.6501194362 44.9671605037 44.6533031875 44.8019755333 45.0379010476 44.7830809897 44.9445437082 45.1942413059 44.5065142676 44.6519520047 44.7753152356 44.7055580801 67.8548054403 66.2936842785 45.0258069375 44.6534769021 45.1067394693 44.6477004816 44.8095933297 45.1328331442 44.9671978602 45.1415791498 44.8948596992 45.1262161612 45.0313737155 44.5595429478 44.9672782835 45.0747822594 45.1030303543 44.5857457538 66.245045195 66.245045195 63.7911768968 45.071151428 44.6414950563 44.6994790963 44.6099547986 44.6273103713 44.6925294093 45.1689213124 44.8718970718 44.7172705113 44.511835741 45.1985894731 45.1096664399 44.559965425 45.009180376 44.8222970997 44.5751536103 45.1276094853 44.9489608944 44.7581635936
44.8340644448 45.1780036197 44.8285945603 45.0966335779 44.6967869344 45.0564398523 44.7830733133 44.7371279336 44.9864590175 44.7353854005 44.5628377137 44.9655221509 44.7589184075 45.1474725871 44.5774640925 44.7654414862 64.7367006116 64.7367006116 45.0420785056 44.8592211447 44.6990863972 45.2034436219 44.8091206087 44.8263779957 44.5601076001 44.550644163 45.0767966809 83.6651709948 83.6651709948 45.0498218755 44.525041909 44.6028591053 45.1238071669 44.8135680581 44.874136154 44.6777642704 44.8305876329 45.2012059329 44.8524061074 45.1067305878 44.7284691684 44.8455605626 45.0037747865 45.1364856254 44.562323766 45.0379879371 44.7779325614 44.7799335036 44.7198106117 44.673023961 44.7068539068 44.707150037 44.8788584106 44.9072014212 44.8395778112 45.1634612429 45.1469514973
45.139606311 44.7125889151 44.796123817 44.8102433738 45.131983677 45.1862108368 45.0751588228 45.1914695517 44.9947779818 45.0166227201 45.1879555847 60.5057209464 60.4552659009 64.3891028452 45.1871655629 45.0510529241 64.7367006116 44.7829564046 44.661175676 44.6344308592 44.9949208864 45.1886204019 44.9341092995 44.9598668903 44.6579656495 44.5322635923 83.6651709948 83.6651709948 83.6651709948 45.0349794113 45.1249112139 44.9619865559 45.1525372122 45.0298201658 44.9196884983 44.5588738848 44.5075965207 44.6261472524 44.6746707802 45.1323471397 44.6518957827 44.5737495689 47.8010112516 44.9552256991 45.0751485738 48.0777687022 44.6933239931 44.6186232276 44.6989482332 44.5767176462 44.5506469139 45.148527608 44.9034497765 44.7354722754 44.9431325358 44.8878880092 79.85606933
44.626458015 44.8093391207 44.5240437019 76.3562049409 44.6208674578 44.5414270669 44.8256806885 44.6482306961 45.0409425299 44.9045210222 44.7126256158 66.0010495009 70.1090586401 59.9768738863 44.7950043155 45.0957926904 68.463174719 44.9577420572 45.1107757331 45.1327566454 44.7218968964 44.9273823374 45.0198832846 44.5551472335 44.9226322333 44.5353493644 44.5335691777 78.7572656649 78.7572656649 78.7572656649 44.5578510699 44.8373108047 44.542991442 44.8228477512 44.510930037 44.5538682587 45.0854504561 45.0955132865 44.5506445427 44.8869274728 44.5675111453 44.8059958865 47.8010112516 48.0777687022 44.5599973261 48.0777687022 44.6221189912 44.6727506133 91.2210277592 66.8139864305 45.1184851844 44.5190735372 44.5031855309 44.7371337529 45.106295094 44.8054719146 79.85606933
44.8549781591 45.1460789171 45.0671119779 76.4602833332 76.4602833332 76.4602833332 52.0375884154 52.0375884154 44.7972831041 44.6578251849 44.7394468983 64.932987793 66.7627745533 70.1887323658 44.6172074508 44.9117863615 44.6886946187 61.965276601 44.5291881448 44.6160961556 44.6405360562 44.9033195278 45.1907717802 44.9438425569 45.1334141974 45.1846041404 44.773610436 78.7572656649 78.7572656649 44.8113189151 44.6788533372 44.8146312986 44.9827266043 44.9502562444 44.8015872447 44.6564984526 45.0640520893 44.7952369386 44.9572843982 44.6490817304 44.9536051687 44.9105025553 44.5771512932 44.9023963542 48.0777687022 50.1543592199 44.5078525297 91.2210277592 66.8139864305 66.8139864305 66.8139864305 45.1782920951 45.0614955831 45.0777287276 65.7048760536 65.7048760536 79.85606933
45.1370863266 44.7337605367 44.897198146 44.8476108036 76.4602833332 71.5505676124 52.0375884154 52.0375884154 45.0972644623 44.8673661526 44.6428042511 45.1693830105 44.5485446859 44.7125238186 44.6965819539 44.7874559553 61.965276601 61.965276601 61.965276601 45.1859355515 44.7976645806 44.5362222618 44.6643387963 45.0668286592 44.8653221283 44.9174820989 44.6314634859 44.7258904193 44.9636613073 44.7674532677 45.045098478 44.9785992675 44.8752568684 44.621246851 44.5737261068 44.7172667059 44.9378526877 45.1475022454 45.1942107953 44.8759514273 44.828512903 44.5719765816 44.9951300957 45.0773669382 44.9953372705 44.8985758264 44.5534095768 44.6623323095 91.2210277592 66.8139864305 44.9780067951 44.5829744529 45.0146687532 45.2052648411 45.0288176945 44.9116062413 44.6311909723
44.8726920474 44.7356967875 45.1973692687 44.6167121386 44.9717768779 44.500459624 52.0375884154 44.9375801368 44.7551470406 44.7403787386 44.6632740333 45.1051149536 45.0773594239 44.9448339576 45.117678176 44.9499100771 44.6865444098 45.0957108873 58.7486100308 44.8610381354 44.9277252792 44.9826892467 44.9980062109 44.7595189887 45.0275454853 44.9757982054 44.7308918357 45.1118800797 44.9725817556 44.8090482435 45.0315975972 44.6776905602 44.5894420622 44.7576198736 44.9117470722 44.7843409979 44.7058813475 44.7258478721 44.66376807 44.9503057972 45.0426732117 44.8259090639 44.880531228 44.7919465973 44.8107891729 77.8338049309 77.8338049309 77.8338049309 44.6184686964 44.9167058114 45.0017526324 44.8319181735 45.1015916131 44.7778790211 45.1381733027 45.1920937636 44.918064321
44.8847019494 44.6850600926 44.8140518748 45.0550349209 44.6945814448 44.8700970299 44.7253351334 44.5653254862 44.537311661 44.6311188647 45.0835155369 45.1887506336 44.793375173 44.6016133335 45.0558324376 44.664758399 45.0701383917 58.7486100308 58.7486100308 58.7486100308 44.8823829065 44.5414325618 44.9522402212 44.7319069464 44.6713477559 44.8181040565 45.1522909722 45.1714969444 44.65724109 44.7895306789 44.5477587205 45.1873434099 44.5727901262 44.7807563616 44.535108518 44.7852395711 44.557185293 44.5583015848 44.5111434477 44.7424802065 44.8538586445 44.875484464 45.0229054248 45.0048493168 45.0807112728 77.8338049309 77.8338049309 70.6326415046 44.7631962906 44.9113909214 45.1409223125 45.0523313482 45.0437206892 44.7877212477 44.8745116277 45.1324305958 45.0609401982
45.0022004349 45.1804051775 44.8945618854 44.5843123031 45.009992982 44.7526624792 44.7737191873 44.6812586841 45.1755878719 44.6281828324 44.7709154383 45.1197900873 45.1418129277 44.9296044127 44.7082489437 45.1359175208 45.1650807618 58.7486100308 58.7486100308 44.5584423042 44.9359870053 44.8149036736 45.1483617304 44.8153900087 44.7070993388 44.5557705481 44.6931662941 45.1500639695 45.0116160352 44.7593111834 44.8855696694 44.6363012583 44.7676611722 44.9032583067 45.1635369464 44.5393654716 44.9058391258 45.1073581164 44.7199163913 44.7489510014 45.006670082 44.5032392107 44.6966293438 45.1192972683 44.5819857828 44.8014649997 70.6326415046 44.7841123827 45.088605563 45.1628473272 45.0152372651 44.6186233057 44.7096172401 45.1460045321 45.2028018415 45.0854609128 44.9386852843
45.0971368013 44.9769971814 44.9162250211 45.0483225554 44.506073294 44.8873973394 44.605346187 44.7394939447 44.6362675912 45.160916839 45.163336503 45.1932962731 45.05783739 44.5640658943 45.2069234962 44.9257544893 44.5422781765 44.7138594715 44.5628789326 44.9862309484 44.5901608813 44.9205841385 44.8543965344 44.7044935426 45.0343485402 45.0806430953 44.5134220624 45.0432373533 44.8675734323 44.6928512411 44.6267224164 44.6476602324 44.8082932574 45.0884812959 44.7675900786 45.032375845 44.520689907 44.7342408726 44.8750199741 44.8076144962 44.9037462216 44.8656507924 45.1485185527 44.8495275134 44.6627256679 45.0229878225 70.3340012123 70.3340012123 45.045792562 44.7217156909 45.0400991307 45.1350723736 44.5128189281 44.6331097637 45.1335760963 44.7776412002 44.7854194004
44.8349014245 44.6341957945 44.7510667886 44.9695431986 44.591261467 44.6907388495 44.9415831262 44.8144674623 44.731258602 45.0664698088 44.7005712704 45.0194169536 44.532775973 45.0358628264 44.5684018532 45.1388930596 44.9769744034 44.6559200974 44.5584142306 44.9908102432 44.5372149144 44.6130158218 44.5751375663 45.1021954429 44.8370491913 44.8102806989 45.1239496166 44.5065453559 44.6728339304 44.7650489307 44.6135787134 44.8851255935 45.014009108 44.7754125434 45.0910557068 44.9003738075 45.0481819602 44.9990647676 44.6809231943 45.0423919612 45.0734433351 45.0534378338 44.6688280907 45.0982129724 44.73121565 63.9342791648 70.3340012123 63.9342791648 44.877247234 44.6320362096 45.1723083314 44.618183168 45.1184158245 44.9856631346 44.8275621784 44.9844119832 45.1945229967
44.6618610228 44.6859641673 44.736761182 44.9142415581 44.9159190599 44.7870720717 44.9905563989 44.8626200367 44.5801780145 44.6979794295 45.1690298684 44.8100771385 44.8800017823 44.72044981 44.7746078249 44.8340990386 45.0713414174 44.6659511708 44.5227775487 44.9402918417 65.4983815401 65.4983815401 45.201188463 44.591951477 44.731192214 45.1596622763 44.5979219958 44.903282484 44.5969427827 44.6615205555 44.9231247555 44.833417162 44.5269856213 45.0121251689 44.8262332217 44.801265115 44.6943127072 44.8441789385 44.9048770579 44.897724207 44.954968096 45.1416827221 45.1731071367 45.0154667881 44.6849932259 63.9342791648 44.7085912854 63.9342791648 44.6995347772 45.2006448476 44.5649286407 69.4697656097 79.9129391786 44.651390802 44.7998086892 45.0470624278 45.1677356871
45.0555657484 44.5375624185 44.7897508831 45.1076481484 44.832721557 45.0769263305 44.9291639055 64.8295709947 64.8295709947 64.8295709947 44.7576220282 44.8836991245 44.5968899855 44.5465232992 45.031384253 45.1788822282 44.5844680721 44.6244532374 44.7354999791 65.4983815401 65.4983815401 65.4983815401 45.203959389 45.0377724624 45.0996343001 44.6914318746 45.0945753988 44.5312265587 44.9036219258 44.8118178385 44.5015656002 44.9084006203 44.7170398022 44.5947863685 44.986958204 45.1613074248 44.8345629032 45.0255208847 44.7904327333 44.8361771344 44.5092450817 44.8119242389 44.8301042965 45.0713951562 45.0690631851 44.6448333208 44.5779044612 44.6879647366 44.7431686271 45.0417714252 69.4697656097 79.9129391786 79.9129391786 45.1895430527 44.6337093192 44.8534224437 44.567661984
44.578357334 45.125059957 45.1650320853 44.5721756063 44.7211645305 44.6206269447 45.1282739063 72.6166909479 64.8295709947 44.5958202795 45.1294978643 44.6261553238 44.7506268213 44.5090470117 45.1411077213 44.7997630796 45.0521854418 45.1623894613 44.7980138495 44.9127131416 44.6116365339 44.7448353108 44.5699976233 44.9306163362 44.5112802211 45.0869427731 45.1783894881 44.6658743686 45.1783857536 44.8751529422 44.5938815212 44.9456950359 45.060715405 44.8039354151 44.8175342937 45.0701520803 45.1077663818 44.8324860828 44.6992094911 44.6524541513 45.1230091568 44.5495382902 44.6735707824 44.6176971307 44.5886677512 44.9861922523 49.8583478577 49.8583478577 45.1802872347 44.8826281792 69.4697656097 79.9129391786 79.9129391786 44.7915595877 44.7581989729 44.9421055816 44.749581776
45.0700892615 44.7502215317 44.6699567499 45.1843877547 44.5156276762 45.1367892588 44.6364787878 69.3999251076 69.3999251076 69.3999251076 44.8293682286 44.6669062683 45.1227330265 44.6752418146 44.9924186824 44.5583887968 44.6217208746 44.6071563263 44.9541670289 44.808096374 44.5615804778 44.651815783 44.7761967344 44.735243197 45.1289519678 44.8450638122 44.7442652831 44.6864630225 44.7246983405 44.994478222 44.8180422933 44.7897902696 44.5573485148 44.8150644262 44.6521282053 44.8258605682 44.5470530106 44.5228299438 44.9048337571 44.7190296094 45.0454069263 45.2064621369 44.9211652759 44.5629718436 44.5048482136 49.8583478577 49.8583478577 49.8583478577 44.895057919 45.148339667 45.107995599 44.9747141435 44.6122174135 45.0659328935 44.5389466151 44.9370431696 44.7322294004
44.6285262691 45.1758101402 45.118465478 45.1047467033 44.5583179274 45.0911079698 44.7993029977 74.0794569503 69.3999251076 74.0794569503 44.6355000677 44.9220306591 44.5293349524 45.0302395043 44.7167485722 44.8050345347 44.6033277737 44.7033362896 44.5574130684 44.987213913 44.5359385117 44.5302864772 45.0925674481 44.870932709 45.1851806914 44.5957154031 44.7290168192 45.1310399514 45.0366042013 44.8527673792 44.8386232984 44.6574144251 44.9939323014 45.0877654955 44.5206443534 45.1555540813 44.6258864861 44.8279381723 44.7672850052 45.0060195216 44.635053017 44.9745722377 44.5171200422 44.9749058533 45.1302040454 45.0068591346 44.7084586851 45.1640145538 44.7617530484 44.803594082 44.8083075414 45.0080599493 44.6858057028 44.6905013425 45.1556387069 44.960087253 44.9760673546
44.8521626114 44.9782271514 44.5959196859 44.7525920264 44.8043341957 44.7062596216 44.5241145539 44.7298010408 74.0794569503 44.7722865305 44.8531221923 44.8659302053 45.1472239723 44.7987245273 44.6896590843 44.582270736 44.5042635577 44.6236336565 44.9782348579 65.196486522 65.196486522 65.196486522 44.5231859775 45.1272224328 45.1827851566 45.059052733 44.5943829143 44.5747927494 45.1874037341 44.5476510792 45.1548003402 44.9792634186 44.661537354 44.7962058148 45.0368372573 44.9119533501 45.1697883052 45.0277465988 44.789057019 44.871177709 45.0355802581 44.9713477732 44.5152744921 44.9179459301 44.709587113 45.0776565402 45.0697590295 45.0659483376 44.8565656451 45.0787219555 44.9444331129 44.7690112424 44.9822141502 44.7368696399 44.8474653613 44.9563977944 45.0539707659
44.5787814208 44.8844929164 44.897286136 45.0323170578 45.1559369164 44.8272315178 44.5982087507 78.0211468075 78.0211468075 78.0211468075 44.8624894923 44.7392240702 44.5045537273 44.8332942316 44.7383827664 45.1517150285 44.5827026288 44.6914554568 44.7686235928 66.3196401914 66.3196401914 66.3196401914 44.6981987958 44.8407940914 45.1611162335 45.074036611 44.7129557422 44.8062205526 44.9300395715 44.9611454998 44.7492399978 45.1706730435 44.9889613546 44.9779175585 44.5955423055 45.0755814013 44.8896646519 44.6854601331 45.1417291737 44.6529384305 44.987149484 44.9419070439 44.9938709829 44.753221047 44.5366794543 44.5181397652 44.7732926574 44.6488090794 44.6475855857 44.9647796353 45.0744046074 44.7278976339 44.6097930506 44.6565668036 45.0595799151 44.54284222 44.6284033177
45.0237659768 45.0342925133 44.6365302794 44.965300182 45.098510933 44.8317045075 44.790613155 78.0211468075 78.0211468075 78.0211468075 44.8953888073 44.9462997887 45.1398488456 44.7300130618 45.204915564 44.5824207141 44.9747957064 44.9896515386 44.8740909604 71.2655331934 66.3196401914 44.9470139287 44.8730897265 44.6170172284 45.0990025312 44.8173180516 44.7981034722 44.8772397794 44.8926631726 44.8693136368 44.6067020924 44.738759005 44.8179092358 45.0469674177 44.7442531217 45.0433688127 44.6297509147 45.0589052589 44.7772020454 44.5678991191 44.651529184 44.7124171932 44.5748168391 45.0549909481 44.6210330736 44.9134684674 45.0605121411 45.0065320972 44.5315695153 44.5007413291 44.726172114 44.7126881816 45.1269818191 45.0389918221 44.9096216923 45.0024150932 44.6308154629
44.5295454061 45.1701493906 44.9082639942 44.6698633699 45.0079953745 45.2063977689 45.0705368255 44.7703714398 70.0097841941 70.0954018487 45.037873769 44.5205873053 44.6306507818 44.847987063 45.1742768676 44.678240084 44.7058384181 45.0024101396 44.9898383271 44.5762896515 71.2655331934 44.7316921754 44.8252067138 44.6123627926 44.5581889031 44.7282906612 44.8467862913 44.7851524206 44.8528271535 44.8751222878 44.8033556035 45.1015175522 45.1753178346 45.1792678025 45.1772663351 44.9012034413 45.0620404544 45.1948154333 45.0146341519 45.1061314127 44.877275587 44.7421959175 44.550627334 44.7640653802 44.7161351565 44.992801374 44.9599249028 45.1082156687 45.0423172147 45.2038912459 44.7538510975 69.4761089589 53.3839850867 45.1090852918 44.7642491541 45.0257695846 44.8478843068
44.8569966669 45.1324895216 44.8337689047 45.0842049242 44.6542381554 44.9398639679 44.5291167069 44.614432552 45.1235303129 45.000762911 44.5498090087 44.5020431615 44.7761543272 44.695611961 45.0741989501 44.5886337278 45.1953399585 45.1062171101 44.6661352361 44.5731075645 45.1154028072 44.9960307547 44.7609109419 44.5314527881 44.7673570201 44.7987653749 44.9842607215 44.9102897537 44.5827503862 45.0420508438 44.9720349041 45.185958135 45.1142416907 44.5396602441 45.1333474878 44.9304594541 44.947884639 44.9090398707 44.6751888314 44.8888141646 45.080415441 44.6928544601 44.9521915678 44.8302560239 44.7786969241 44.5912336695 44.9782801086 63.2477691892 63.2477691892 63.1478214546 69.8380535084 63.7457681261 53.3839850867 53.3839850867 44.5165320758 44.6627093999 44.693276359
44.5001372188 44.8854288307 44.7824590813 44.9026372729 44.8053334368 44.8140404594 44.6596746105 44.7400761214 44.9817274335 44.7803568728 45.1450534391 45.1051281893 68.1204390617 45.0719906119 44.8703636627 58.0525136471 44.8517264642 61.6610985907 45.188596353 61.6765108066 44.777683521 45.0677899275 62.4391034323 87.2788828616 54.7438957758 44.8385298176 44.6692221849 44.5071249926 44.9552734662 45.1351059979 44.5528690467 45.1795826279 45.134438594 44.8465433817 44.9369461432 45.1814814306 44.81288288 44.9055391181 45.2039978629 44.9764685382 44.6156211171 44.9374566981 44.6100057025 44.7743467532 44.7541693609 45.1566460963 44.6312707993 63.2477691892 63.2477691892 63.1478214546 69.8380535084 63.7457681261 53.3839850867 53.3839850867 44.8221532973 57.5586211617 45.1156919422
45.1379340972 44.7700186686 45.1464251979 61.7491995345 44.6530633521 66.3051504979 66.3051504979 44.566786443 45.1239693948 45.1177972549 44.7137345628 45.1250842929 68.1204390617 68.1204390617 64.9831673228 64.9831673228 64.7871546566 61.6610985907 61.6765108066 61.6765108066 45.0955209484 44.576625005 62.4391034323 62.4391034323 44.5005412903 44.9999667234 45.0014925997 44.9624312589 44.5540526348 44.9330642608 45.1406004585 44.7500290762 44.9048857643 44.5206411397 44.9447951409 45.1576828897 44.7482240487 45.2001758069 44.9387347021 44.7768833756 44.5048886259 44.5549221137 44.8368621496 45.1466430617 45.1300436822 45.083513691 45.0505349078 44.8137990548 63.2477691892 63.1478214546 44.8550524602 63.7457681261 53.3839850867 71.3755477924 45.1518726725 45.1099300866 44.7242939081
80.0173181961 80.0173181961 44.5100127619 61.7491995345 66.3051504979 66.3051504979 66.3051504979 44.8291690847 74.6243392834 74.6243392834 44.8086347295 44.8437406479 68.1204390617 68.1204390617 64.9831673228 64.9831673228 64.7871546566 61.6610985907 61.6765108066 61.6765108066 45.028659874 72.3495268823 62.4391034323 62.1563269541 44.900071299 44.59367366 44.755586802 45.1321231516 44.8704397976 44.7287813419 62.2824567798 45.1694919763 44.9896405822 45.0059375585 44.9490755458 45.1301979346 45.2005952368 44.6251371854 44.7429914565 44.639330597 45.0997014759 44.5768788944 44.5634293815 44.5427221228 44.924855929 45.1598618371 67.8527790321 45.0079638724 44.8870465559 44.9896270487 44.6153351472 44.8050820333 44.8465935343 44.9724136593 44.9230535218 44.9067024076 45.1375183935
80.0173181961 44.5093766279 44.71481046 61.7491995345 44.838523499 66.3051504979 44.8639338971 44.7390387769 44.8608697283 44.9152406487 44.9619625651 45.0087096 68.1204390617 68.181554003 64.9831673228 58.0525136471 45.1022481172 61.6610985907 44.9737366547 61.6765108066 44.6307429569 44.7478922572 62.4391034323 44.7306632106 44.9767750594 44.9796910442 45.0348310078 44.986227607 44.9588720288 44.9142344728 45.0235740507 44.7218613016 44.8567600505 44.802706684 44.5561719166 45.1874763327 44.6335637466 44.657065901 45.201614081 44.5699272366 45.0112700809 45.008276578 44.8533990036 44.8278639247 45.0644857141 44.593284166 67.8527790321 45.0846789521 44.620322367 44.6457715875 45.0892121234 44.6577768775 44.9955079049 44.9966250012 45.125590535 50.2331153986 44.7931240804
