Spatial_Output/BAU/BAU_0410.asc
NCOLS 155
NROWS 192
XLLCORNER 196769.923733
YLLCORNER 449719.875193
CELLSIZE 27.603701
NODATA_VALUE NaN
[rows 115 to 137 of 192, columns 0 to 52 of 155]
0 0 0 0 0 0 0 0 0 0 0 0 0 0 0 0 0 0 0 0 34.4566972714 31.6429755917 31.7171093456 33.5713739606 31.80923574 34.2780581901 31.8791020695 32.7257363505 34.6189615981 34.1825912568 32.1585362611 34.2769773167 32.5934313377 34.3447342381 34.9195313509 33.5690913492 33.1787709683 32.1917416893 32.902191393 34.8378617079 34.6423653116 32.8378796149 32.053276568 31.6097215433 32.2959430131 34.9908011894 33.9943844954 74.5653696357 74.5653696357 54.470855358 69.2237975807 80.688643939 31.9757534734
0 0 0 0 0 0 0 0 0 0 0 0 0 0 0 0 0 0 0 0 34.9135738533 35.0150471296 32.5366147616 33.7439616846 31.8283050969 32.7373948065 33.2548321471 31.7613485418 32.6422644114 33.442198559 34.8055273641 35.0213564219 34.5279143603 34.7973250317 32.6169302807 32.6206673122 31.8955861218 34.3957237049 34.3995837726 33.3361157781 31.8652532683 34.2331943186 31.5170382381 34.6737834709 33.9107050986 34.3964927354 34.9680832971 74.5653696357 54.470855358 54.470855358 53.0296484974 53.0296484974 33.08098612
0 0 0 0 0 0 0 0 0 0 0 0 0 0 0 0 0 0 0 0 0 31.9067579297 34.8358790894 31.9946040938 31.7834582447 34.089452546 32.9053892067 31.6708670856 31.9511114951 33.0071876685 32.9743742245 31.9776356887 34.6866148888 32.2146618323 31.5108279942 34.9357947693 32.2164858505 32.0082778278 34.9007389648 34.1775490108 34.7877824924 34.2433876802 34.1757560389 33.8890296684 34.5305023802 32.7344381588 33.2207013029 31.7681872086 54.470855358 54.470855358 32.2062754274 32.9490469025 31.6975372696
0 0 0 0 0 0 0 0 0 0 0 0 0 0 0 0 0 0 0 0 0 34.3703345506 33.5679684004 32.9393197064 33.4607774145 32.7166351069 33.126618201 34.6915554357 33.7415790343 33.8851248652 33.6575954854 33.0094759826 34.2747229167 31.7921913404 34.6897819082 34.5756767336 32.8926552082 34.2996363609 33.6327311155 32.0769028221 33.9274817833 33.7610823579 33.7018644036 31.5375928043 33.516371678 31.5253308424 34.3180578633 52.012119344 52.012119344 52.012119344 33.5155816858 34.8879231394 31.6065571587
0 0 0 0 0 0 0 0 0 0 0 0 0 0 0 0 0 0 0 0 0 0 32.0289861014 32.8460089823 34.1760845059 34.0899610214 34.4102143687 31.6008423459 31.5305872173 33.3762028402 34.8179466181 32.9517502961 34.7554827473 32.0421726535 33.6384320832 32.259443828 33.9081787829 32.1835336244 31.5402582963 32.2769493134 32.3240849311 31.5378873965 34.357492987 33.0476682129 34.5223677301 34.9237737941 64.5259395293 64.5259395293 32.7602649428 52.012119344 32.2727445882 34.0216832379 32.6398573981
0 0 0 0 0 0 0 0 0 0 0 0 0 0 0 0 0 0 0 0 0 0 33.8399770717 32.5395434175 34.9912067748 32.8805975321 31.8244307571 33.4383618251 34.8187943747 33.4688862026 33.3839164573 34.5448487943 33.8657526582 33.9087637773 32.9098765594 33.0054604796 34.4148307291 32.0952701641 32.5429402439 33.0123240085 32.4190549017 31.8265269539 32.0266845582 31.9841547749 33.2457838718 32.7544220363 31.7789837258 33.1151496756 31.9932731357 34.947629101 33.9668432672 34.4713925137 34.9849375826
0 0 0 0 0 0 0 0 0 0 0 0 0 0 0 0 0 0 0 0 0 0 0 33.121596981 33.0097255305 34.2100770417 31.7043962756 33.0061195093 33.5547011436 34.5049489166 34.2711302166 32.0336749149 32.5622852628 32.7803268329 33.1865804888 34.4208296263 32.5179690676 31.8980807633 31.5999155914 32.2988052643 31.8248793002 34.3046300585 34.248572534 34.4129821404 34.6841721601 34.3280489055 34.1792142667 34.4880705636 33.2434019886 52.2746790624 52.2746790624 32.8694027155 33.6231779254
0 0 0 0 0 0 0 0 0 0 0 0 0 0 0 0 0 0 0 0 0 0 0 0 33.4470640745 32.0650465663 33.8871360587 32.7515372383 34.1116389693 34.4791909444 34.9047071021 34.2829553323 33.6435631578 32.464453725 34.4959829559 34.5638841643 31.9676797538 34.7618864952 33.9392807794 34.1181180895 33.5567603625 34.7482088439 31.9998650896 31.6700101886 31.8634721098 33.4904897952 34.2680546575 33.1692711526 63.1170463981 52.2746790624 49.4051644161 71.9933767485 33.1631732063
0 0 0 0 0 0 0 0 0 0 0 0 0 0 0 0 0 0 0 0 0 0 0 0 34.0832667205 33.8071744727 31.9537724532 34.5355400372 32.7868274443 32.4439015473 34.8082238544 33.2370487367 34.0590799493 34.96445815 33.2406075971 33.6118816257 34.1950699778 34.49517313 31.8894382318 33.534433808 33.2702886381 34.5619506732 32.5026031822 33.0305085857 33.5680105787 32.3643067367 34.3600276546 33.5549815002 60.7933142812 60.7933142812 49.4051644161 49.4051644161 32.4818530384
0 0 0 0 0 0 0 0 0 0 0 0 0 0 0 0 0 0 0 0 0 0 0 0 0 31.6610761429 31.7132934047 34.1279381871 31.9953895784 34.6404628732 32.2900982092 32.9785176589 31.5038405591 32.421186048 34.1553369178 31.7933117677 34.9269402353 33.9007893393 33.567980427 32.354679992 34.6773898359 32.8792818552 34.3758982428 34.4541623123 34.5343853781 34.1715833609 32.1899372836 31.7470470669 60.7933142812 60.7933142812 49.4051644161 49.4051644161 48.2425778519
0 0 0 0 0 0 0 0 0 0 0 0 0 0 0 0 0 0 0 0 0 0 0 0 0 34.4128306045 34.0640418083 32.7510548077 34.3693909082 34.2754880561 31.8114591884 33.8762243498 34.6402368072 32.1842848806 33.547535904 31.7949495565 31.9155901691 33.1289119727 31.900775264 34.2808340047 34.1900212643 32.0635054565 34.6519247644 33.3659423538 33.0149486734 32.7791365778 33.8847464839 32.2328976918 60.7933142812 33.2897896014 31.6612993242 48.2425778519 48.2425778519
0 0 0 0 0 0 0 0 0 0 0 0 0 0 0 0 0 0 0 0 0 0 0 0 0 0 33.2244655828 32.0345306398 34.1813743252 34.3496060296 31.6325833916 31.8459828545 33.4625821842 34.6705146407 33.2748800958 32.6384564973 34.344361455 32.8087783748 34.0488707928 31.8249857286 31.9215914845 32.2944164535 32.4457006029 33.8316960736 33.0980775706 33.8842994559 34.8962101121 34.7189162791 31.5066925904 33.0186358541 34.7297929806 65.487524923 65.487524923
0 0 0 0 0 0 0 0 0 0 0 0 0 0 0 0 0 0 0 0 0 0 0 0 0 0 33.5286688402 34.3279645384 34.303997026 33.8193553732 32.5111618543 34.5894363867 32.3607913642 32.5390086815 33.8210984302 33.0805470212 33.0126852483 33.5233502687 32.1094925339 33.5888627176 31.6151242451 34.9615798849 31.6262373034 33.4780734599 33.718730346 34.7229988135 31.9274355766 33.4171130078 32.7698092912 31.6514844195 31.5960392868 33.3810142938 32.2350245754
0 0 0 0 0 0 0 0 0 0 0 0 0 0 0 0 0 0 0 0 0 0 0 0 92.5023289555 45.2581134451 45.3809261566 34.3058423888 33.4333294567 34.7811568742 34.2307220779 34.8876487644 32.207411913 34.6101302258 34.7757131711 33.4903111536 33.984433572 32.2986348708 32.4898989083 32.4036685835 33.9306149775 34.1447867104 32.7446063415 33.1723892171 32.439440359 33.9795349509 31.7262300991 34.2985615091 31.9978505053 32.7886651488 32.5201638639 31.6280194172 33.826788676
0 0 0 0 0 0 0 0 0 0 0 0 0 0 0 0 0 0 0 0 0 0 59.631987258 66.3813923169 61.2394795965 45.2581134451 45.2581134451 45.3809261566 32.9014518576 32.7520495712 32.2392342881 34.5166609213 35.021289517 31.9213351366 34.2284936545 32.2222090886 32.1995583498 31.9508578464 32.8579960791 33.2977126612 32.3695315153 33.4189344048 34.1837743383 32.1775784005 32.9744455549 32.2041524034 34.9423276367 31.5875636376 34.9534182855 33.7979769589 33.1832607244 31.6141843051 33.6603140076
0 0 0 0 0 0 0 0 0 0 0 0 0 0 0 0 0 0 71.1799600804 81.3315641257 59.7757291979 53.8500171994 80.2184798131 80.2184798131 61.2394795965 61.2394795965 45.2581134451 45.3809261566 34.3907613776 32.9883013128 32.88335621 32.9767128994 31.7828345936 34.4813236213 34.061596716 32.0710154943 33.865188052 33.73020992 32.1487264217 31.9432008752 31.5986741798 33.603471942 32.9150893622 32.7449273623 33.6738240622 34.470350977 34.0467672359 32.6652103539 33.5372936428 32.474915509 34.1488874129 33.1972482657 32.688521421
0 0 0 0 0 0 0 0 0 0 0 0 0 0 0 67.1229749617 62.308711712 64.3162403456 48.2007560972 48.2007560972 59.7757291979 59.7757291979 80.2184798131 80.2184798131 61.2394795965 67.0462773359 58.3494605592 0 0 34.9764390025 32.3842833563 34.4735606594 34.8692228972 32.4153160862 32.0211375691 32.3580828843 31.6456988361 33.0627688059 31.9354364243 33.1388247175 33.2101187702 32.0160183287 33.7034596677 33.1658013928 34.7079137256 31.6260072259 32.7301011475 32.6989419246 32.7077975758 34.9825276732 32.110422344 31.8015751956 32.4511694168
0 0 0 0 0 0 0 0 0 0 0 0 0 0 0 58.6840786422 67.809101618 66.4976841322 58.2859740155 48.2007560972 59.7757291979 53.8500171994 80.2184798131 80.2184798131 52.6051968399 67.0462773359 0 0 0 0 33.7843052648 31.7019268665 32.303627582 34.4296995975 34.7404119544 32.3291417582 32.4469630156 32.9777450138 33.7909917161 33.8107276915 34.0917347724 33.8808229562 33.0669687352 33.8555714467 31.5626680928 34.0046614123 34.2638192618 32.8024188398 32.9414483812 33.833084217 33.1746363381 32.2334064748 31.9696818669
0 0 0 0 0 0 0 0 0 0 0 0 0 0 0 58.9590520401 56.5349390765 63.7620874773 57.4572465324 48.2007560972 68.5059831598 0 0 0 0 0 0 0 0 0 34.8551468129 31.7960442879 34.3550062659 31.8161880288 32.7683776302 34.0764110449 33.9934261883 32.3456889743 34.5918350179 32.8709021825 34.0788283506 31.5438134954 34.365450881 31.8767673679 31.6765580091 33.6150315192 33.4856549175 65.3774312945 33.4567702424 34.0931767671 72.4305516986 72.4305516986 87.2766883445
0 0 0 0 0 0 0 0 0 0 0 0 0 0 0 51.2983471652 71.4519436723 70.0256751468 76.3557584598 0 0 0 0 0 0 0 0 0 0 0 0 33.751453244 34.5957454799 34.1122842723 33.7321090014 32.7057605271 32.2956834014 34.5750577075 31.8327460974 32.9785553377 47.2763840859 34.7512247835 34.4625804744 34.4169775136 35.0087114202 33.6185833918 32.2779732816 65.3774312945 65.3774312945 33.575782983 72.4305516986 72.4305516986 63.2744608076
0 0 0 0 0 0 0 0 0 0 0 0 0 0 0 0 0 0 0 0 0 0 0 0 0 0 0 0 0 0 0 0 33.9421905383 32.6462363204 33.0636198553 33.7146969335 33.0032930982 33.9290234886 32.0563899019 47.0023456149 47.0023456149 32.832759036 34.966094557 34.1517774387 57.2287984502 34.4454327257 65.3774312945 65.3774312945 65.3774312945 34.5492598011 31.7380899492 72.4305516986 32.5542692966
0 0 0 0 0 0 0 0 0 0 0 0 0 0 0 0 0 0 0 0 0 0 0 0 0 0 0 0 0 0 0 0 0 33.1933631024 31.9139992894 32.9396083346 33.1114663774 34.1243110688 32.8534128647 47.0023456149 33.183125007 31.873501293 81.7759244779 34.7696971816 57.2287984502 33.1075269829 35.0120707881 31.7774919199 65.3774312945 33.5251696619 32.7721664938 32.5107501887 34.6612519419
0 0 0 0 0 0 0 0 0 0 0 0 0 0 0 0 0 0 0 0 0 0 0 0 0 0 0 0 0 0 0 0 0 34.1119632954 32.2515190127 32.1380887262 33.6104004476 33.9803914451 53.2118384794 53.2118384794 33.9541896625 34.9367601506 34.743346524 81.7759244779 57.2287984502 32.2214199659 31.529923267 32.9739157072 31.5573224805 33.4540150978 33.2221948754 32.8864918027 32.1907809342
