Spatial_Output/BAU/BAU_1077.asc
NCOLS 155
NROWS 192
XLLCORNER 196769.923733
YLLCORNER 449719.875193
CELLSIZE 27.603701
NODATA_VALUE NaN
[rows 115 to 137 of 192, columns 53 to 105 of 155]
22.7109491975 23.1465481308 22.8509504194 22.8539023025 22.7520456128 54.1393808934 44.3559930082 44.3559930082 44.3559930082 53.0127502591 53.0127502591 46.4263240931 46.4263240931 66.6243280926 66.6243280926 66.6243280926 42.2413991502 22.8527531985 22.8184657964 22.6081059708 22.5441718264 22.9390111983 22.9382233565 22.7399564661 23.1840597151 22.7366255809 22.9822273756 22.9504334613 22.6166483445 22.7501325481 43.6939087674 43.6939087674 43.6939087674 42.5387949868 22.8749408184 22.5927623509 22.8306601699 22.7450208522 23.0040978294 22.7811646263 23.0679824037 22.9270799708 22.8743795892 22.7230409517 23.0061904935 22.6697162785 23.2012174809 22.786960374 22.6755579363 22.6937311166 22.6639795339 23.0096944138 23.1602277461
22.6102365083 23.1932109199 23.1900336434 22.649869401 22.8831572794 54.1393808934 64.1328783285 51.3072262999 44.3559930082 51.3072262999 53.0127502591 46.3033200016 46.4263240931 22.7229748348 66.6243280926 42.2413991502 22.9647067192 22.9299511723 23.157060362 22.8468506453 22.5730397323 22.5873757139 22.7411997832 22.6855150187 22.8409613473 22.8887590937 22.5230784195 23.1837892089 23.023365189 22.7647216074 43.6939087674 43.6939087674 43.6939087674 22.8682344701 22.6888840659 23.1985708173 23.0166554292 22.8637955404 22.996620013 22.9293063313 22.5545186533 22.9761877619 23.1024532294 22.5462937904 22.7771289063 22.8390538285 22.5724406529 22.5242688735 22.8562337698 23.086213879 23.0154505508 23.0596022492 23.1147144067
22.9669244549 22.6458247657 22.7179482155 22.8981802118 22.9368042589 23.1060508295 22.6876706108 52.1450670765 52.1450670765 65.2615034777 23.1611362289 23.0183371348 22.5430245744 22.9696054244 22.797574896 22.792168327 23.1793524874 23.1348892199 22.6493639455 22.7786673474 22.586320887 23.1770478761 22.7462241186 22.9472648874 22.9976684701 22.8105989998 23.1226876922 22.7359439204 22.7717494278 22.9145672945 22.6448465817 55.582083253 22.6378846224 22.6552164234 22.9559059607 22.616847846 22.9499241304 23.1412625663 22.9511447971 22.5608259214 23.0354407836 22.9565855641 23.0854405811 22.9905397386 22.818805574 23.1448107181 23.1228200739 22.5377329394 22.9404315736 23.1354402574 22.6064428842 22.9145164373 23.0194513547
23.2059000323 23.1130965944 23.0678444507 22.6185871283 22.8855794913 22.8226815223 22.9672429102 53.3277963017 53.3277963017 52.1450670765 22.9373515496 22.5786618005 22.7614001471 22.9707483778 22.6788598654 22.5179297652 22.7638611095 22.7870094289 22.6464049501 22.5847743106 23.0697756115 22.6677284952 22.6950385264 22.7324117851 23.1746772015 22.9371351334 23.1719629733 22.6405828458 22.6223624702 22.6612520209 55.582083253 55.582083253 55.582083253 23.0221499764 23.0870258802 23.0997823134 22.7808153145 22.6030645943 22.7792714896 22.9538651977 22.5657465886 35.8945116214 23.1125729559 22.6199328861 22.6493913046 23.1774298223 22.7069337564 22.9586462112 23.1447130279 23.0342075404 22.7322820107 22.8078859943 22.5899429281
22.714092076 22.8970091823 22.5309232948 22.9395225366 22.7221083503 23.2064700306 54.109170529 53.3277963017 53.3277963017 53.3277963017 23.1469723123 23.1856467023 22.8446718269 22.7652279257 22.9522600114 22.8011418265 22.9409016009 23.006189247 22.758567136 23.1500524538 22.9700006699 22.9625147909 22.7273962811 48.1407438054 48.1407438054 22.6837681393 22.923155829 22.9304780897 66.2383764125 61.106875145 23.1699272689 52.7698086637 52.7894320435 41.6987625919 41.6987625919 48.8255360741 22.594596469 22.9009042823 22.8350937713 22.9283793483 45.045896121 45.045896121 22.7849289347 22.5549309042 22.7297599263 22.877738245 22.8319416549 22.5803835994 23.148545205 23.0803456142 23.1569327598 23.0590954357 22.6404592226
23.1795291235 23.1149713951 22.6363189233 23.0236512669 22.5223819192 22.7432692965 54.8068600312 54.8068600312 54.8068600312 22.9714490029 22.5211459136 22.7350554584 23.126942942 22.6675063864 22.6928993123 22.6897989474 23.1254200104 22.7832686995 22.8985234028 22.7155264713 22.6397863162 22.9845509887 23.1638040105 23.2061946086 48.4894640563 48.1407438054 67.9837694298 66.2383764125 66.2383764125 22.6031609436 52.7698086637 52.7698086637 52.7698086637 41.6987625919 41.6987625919 22.8403281087 22.6694344559 53.4272361023 55.123135236 45.045896121 45.045896121 45.045896121 45.045896121 23.0734641877 22.9349981971 22.6342938692 22.9491350153 23.1296120467 23.0030373924 23.1647022196 22.8641580192 22.8102216542 22.6728482564
23.2031585041 57.0820628777 22.6855348416 22.7659892944 23.1247622303 22.6687794864 22.9279559234 23.1801393113 56.7058927474 23.0151143943 22.7508599205 22.8393243013 22.9173585256 22.8647874478 22.5972210543 22.7448341007 23.1140938516 23.1569535857 22.7722220967 22.6007666085 22.9613461615 22.7496716034 22.8844900956 48.4894640563 48.4894640563 48.4894640563 22.9256487214 66.2383764125 66.2383764125 22.721307912 57.8478165793 57.8478165793 57.8478165793 41.6987625919 22.8874742716 38.7701707278 55.123135236 55.123135236 55.123135236 23.0576529355 22.9518687697 22.5725400244 22.5614514762 22.5384802531 22.7619217284 22.8646389244 42.1589426634 42.1589426634 45.5013533059 44.4570271147 60.5151856892 53.8979626147 22.9782863563
23.1272704759 22.825945098 56.098373281 39.0847884031 22.6545808815 22.6779907579 22.9092149227 22.7776194528 22.6849263081 22.605754733 22.9866925655 23.1227043456 22.6180970421 22.8247838914 22.9259243711 23.1355168178 23.0093371832 22.9329346594 23.1324204379 22.6842132202 22.7605314614 22.7393320911 22.5133408606 22.500576741 46.538213835 46.538213835 22.6212137166 22.6735464378 22.6566673149 22.6211535974 22.6204646513 57.8478165793 22.8474990311 22.9999366883 22.6817570102 22.8830843499 53.4272361023 55.123135236 55.123135236 22.9698250949 22.9113134408 22.9172204247 22.5012912067 23.1463055568 23.0357957358 22.9972603214 42.1589426634 42.1589426634 42.1589426634 45.5013533059 53.8979626147 53.8979626147 49.6645438521
47.1958116744 57.0820628777 39.0847884031 39.0847884031 57.7289800128 22.9899384492 23.1181424321 22.91305311 56.0596186278 22.8577190496 23.011163166 22.5833809003 23.0812204975 23.1251080749 22.9668499087 22.7647160568 22.5962968179 23.0105945616 22.9016265093 22.8363587532 23.0151273836 22.8765791179 23.1311102195 22.8114316919 46.538213835 46.538213835 22.854091348 22.7927525777 22.9221336393 23.1532096279 23.1388143302 22.9752359261 22.5962216094 23.088662595 22.5418024509 22.6264374473 22.5663662605 22.5593487303 22.5383667345 23.0091843947 22.5886369301 22.5351921799 62.5063629832 23.1475419144 23.1500963234 22.6926582266 42.1589426634 42.1589426634 45.5013533059 44.4570271147 22.6768968761 53.8979626147 22.8149887915
22.7432021678 22.7119985301 22.8189419652 39.0847884031 57.7289800128 49.9918527411 49.9918527411 56.0596186278 56.0596186278 22.7819374399 22.8661429307 23.1995144352 22.5204279075 23.0882527865 22.8032668088 22.7824635529 22.9489955532 22.598089874 23.0459365116 22.6059851551 22.8435717704 22.502601552 23.0935432349 23.1120311328 22.8478869912 23.2028994625 23.0180323447 22.9672724104 22.8546490063 22.6826352862 22.7839664207 22.9297121304 22.7543763471 22.6635957222 22.8534901963 22.9440775456 22.7230442483 23.0374115089 22.5607756164 22.8213003402 22.6994692896 62.5063629832 23.1486033192 22.6333486252 22.9205733295 22.6234049879 22.9965545064 22.8290407467 22.7342915477 22.8444393328 22.5329130051 22.7422200752 22.6085182895
22.9704111165 22.8261506046 22.5818239741 23.0443621218 46.2886254339 41.1494530379 49.9918527411 22.793182795 22.7664349851 22.6037854877 23.1537213545 23.1987181142 23.0741625134 22.5983713108 22.5246266245 23.0309190292 23.0575152653 22.8910032254 22.7293474284 23.0787198704 23.1898217742 22.755321594 23.1531389573 22.6178817201 22.5482351137 22.7459548996 22.7306062075 22.8762467889 22.5129560068 23.0089789522 22.7318368642 22.8847654091 22.5796648327 22.7568310687 23.1687878102 23.1643019318 22.9978922944 22.6911581574 23.1390996411 23.1988306761 22.7732019504 60.0069599333 23.0970832849 22.5166407629 22.9817380445 22.5101903249 23.0783465185 23.1855636151 23.0071399346 23.1068044946 22.891738515 22.8583198883 22.5389916039
77.9024505818 23.0715419949 23.1199912832 22.6760425283 22.5264705563 22.8897456762 23.0607292507 56.0596186278 22.805455442 22.7813188052 22.9127124989 22.5604889967 22.7950366922 22.5551580489 22.7961824757 22.709340787 22.578224843 23.1861502097 22.7449087966 23.0842569704 22.9940247135 22.7311164782 22.5309469737 23.0649226117 22.6223809069 22.9658361962 22.9062895962 23.0931271248 23.2052708371 22.684463028 22.9749282477 22.5248784601 22.7256250073 23.1162190069 22.9638524482 22.7574237976 23.1651819839 22.7520999479 23.0158291026 22.8293432686 22.6779993262 23.0781752212 22.6878971305 22.5781428161 22.8341066336 22.9820889388 23.1202889002 22.9134315735 22.5369279052 22.7977456727 22.9113071217 22.832821269 22.5140606944
77.9024505818 77.9024505818 22.8082758329 22.750545332 23.1952583335 22.8735592911 22.9286997771 23.0529464013 22.7697486674 22.877897526 22.5595029713 22.8150735722 22.7368245462 22.5541935953 23.1143797929 22.7667309102 23.0434579554 23.0266697482 22.5261074398 22.6121844805 22.6848172785 22.8234841218 22.8723467303 23.0628949801 23.1472449443 23.0381001773 22.6890513001 22.6331459095 22.6221201103 22.8998405509 22.9086125015 22.7871361234 22.887319215 23.0886038564 22.7373475922 22.8617602312 22.5517746821 22.9362304424 22.917138564 22.506520698 22.8846052936 47.9488156475 22.6981942344 23.2069637768 23.06731322 22.6835298437 22.6789137084 23.1877074932 22.9618503041 23.1200672313 23.0191709167 22.8537721097 22.5640036656
77.9024505818 77.9024505818 23.0255949586 23.1269286603 22.8489259123 22.6175419901 22.5228920996 22.7650837718 23.1208198671 23.0541443788 22.817858954 22.9949255457 22.7689772328 22.5640802599 22.9982783346 22.644962526 22.7376874757 22.7941973313 22.5231274349 22.54335788 23.194735326 22.7359102756 22.5067410421 22.6760084067 22.555349773 23.1643413137 22.9351089636 23.0917638565 22.6833885571 22.5894421939 22.7975926235 23.0996771037 23.1362183303 22.8553897627 22.519786843 22.5802295429 22.9069373959 23.1138957558 22.5799819773 23.0761662356 22.6697886278 43.604050927 22.7316107462 22.6016858958 23.1058266448 22.6936842384 23.0901921053 22.8831118673 22.5169167198 22.9518817515 22.8968126226 23.1621680647 22.7840042855
23.0436271163 23.0225411468 22.9901087863 22.8969263482 22.91394865 22.8659604701 22.632060399 22.5582889481 22.7038258379 22.998284424 22.5827193989 22.9904296007 22.6342103448 22.726172562 22.6897246409 23.0997544924 22.786861227 22.8486899678 23.0659554483 22.7761906936 23.0302479299 22.7137792805 23.0221308101 22.9018022702 23.132864468 22.5065920961 22.7345421233 22.9406193275 22.9102503023 23.0674509257 22.6878760002 22.776768099 22.9822742289 23.0671161326 22.9243337434 22.8933000677 23.0162942153 23.1506798101 23.1328493292 23.1988782121 43.604050927 43.6432894512 43.6432894512 22.9243582436 22.8668332511 23.1703035452 22.7246179678 22.9031832067 22.5509192175 23.1766194256 23.0100903833 23.1191643793 22.9440289383
23.0479471797 22.5829855758 22.5281647285 22.8416506066 23.1801277191 22.7621517911 23.107011231 22.9878265241 23.062838938 22.5685648965 22.5522748592 22.7693448932 22.764697225 22.9530191342 22.6687179548 22.7038801011 22.8107233001 23.1838209476 22.5780066737 22.6923355602 22.7650943017 22.8554886825 22.7292602321 22.9606846818 22.5427966896 22.54967251 23.1949934543 22.876506806 48.8905734873 22.6490036921 22.9701071706 22.9961339853 22.6580772301 22.5621412592 22.6391428583 22.9239769623 23.1948297339 22.9123558713 23.0000031508 22.5468241966 51.7917273816 43.6432894512 43.6432894512 22.6972835511 23.0805130793 23.1716047672 23.0520338403 22.6955581255 22.9312077754 22.7436883421 23.1413979541 23.0533764038 22.8105924399
22.8190351339 22.8096345029 22.5758084988 22.5186765811 65.8230344447 65.8230344447 22.5759396398 22.8082274629 22.5522111358 22.7590501542 22.67697069 22.887875197 22.8288882541 23.0045838915 23.0350788587 22.7888871956 22.8340978241 22.7811761053 22.7515607097 23.1391460626 22.5628553801 23.0100908333 22.6356237028 23.0250404432 23.0878845535 22.6680470911 22.8840262871 37.1545947097 48.8905734873 48.8905734873 23.1414946192 23.1920015497 22.9413370084 23.1407031642 22.5967218307 22.9623564459 23.1661028161 22.6438523975 22.9070656945 22.8332685384 38.6773031817 22.8393572624 22.5124211702 22.5162248843 22.8836415177 22.7095707948 22.6986647679 23.1245953106 22.5242312647 22.5402750446 22.7282328034 60.2511098466 59.4622589489
23.0512027393 22.811347568 23.1172196786 65.8230344447 65.8230344447 50.359145931 22.816999015 22.5587126757 23.1941167628 22.5240322019 23.1976895181 22.7339565014 22.9214406861 23.2045870545 22.6999832503 22.6605711619 22.5265476243 23.0578476276 22.6527368399 22.7159467329 22.6618896161 23.1685547191 23.1405454412 23.0186783323 22.6465152047 23.064300567 22.6786876878 48.8905734873 48.8905734873 48.8905734873 22.5377225512 22.755444109 22.6464293154 22.8216646739 22.9312274309 22.7332526228 22.686192961 22.7822536636 22.7698453808 22.6071914147 23.1640173557 38.9375655757 38.9375655757 45.9975692054 22.8994160003 22.5444254248 22.5211948223 23.1922734045 22.7472674473 22.7596066768 23.1176122301 60.2511098466 59.4622589489
65.1961420008 65.1961420008 22.9975608833 50.359145931 65.8230344447 50.359145931 22.9168142738 22.9523867191 22.7664551951 22.8887920756 23.0722189775 22.7895576709 22.7264413765 23.0096655291 23.2027843056 22.5937775926 22.9509798197 22.7909267765 23.0156312932 23.0387007345 22.7604625527 22.8689649834 23.128622884 23.1966815258 22.8165787161 22.9018127223 22.6577428645 22.9690900087 22.8021248312 22.9815608825 37.8532176164 22.6458829437 22.94759653 22.6251019997 22.8175331273 23.1130102162 22.5771091976 22.5461746937 23.1719227424 22.7171819196 22.7374028911 38.9375655757 38.9375655757 38.9375655757 23.1471184429 22.6895476414 22.5800844405 22.7173427423 22.5480978483 22.8642157687 23.0103635905 22.8990770469 59.4622589489
65.1961420008 65.1961420008 22.604082287 23.0714313188 50.359145931 22.9535151984 22.7261649567 23.0130446095 22.7259472298 22.5788092133 22.8846418246 22.9227856747 22.7618227369 23.1667813773 22.6740530271 23.1613999476 23.0236069139 23.1616783511 23.0322769532 22.9559648426 22.7521484804 22.6678329368 23.0864213584 22.8092464244 22.9335598454 23.1835030476 23.1825106092 22.8250093697 42.7497600296 42.7497600296 37.8532176164 37.8532176164 56.3184939913 56.3184939913 22.5292454435 23.0177221901 23.2015731562 22.7106458843 23.1186860348 22.9939449981 22.7631898471 22.9942061537 59.3835624295 23.0979306065 22.7699582975 22.7534263096 22.538154925 22.59662843 22.5828246009 22.8210901393 82.5553066023 22.8859294549 22.7641193621
22.5125630682 22.6910305135 22.7668642818 22.8922085517 54.9189575672 22.5027542751 81.1121258462 22.5754074792 22.5181276511 22.7387454173 22.8498338977 22.8053589522 23.1921734984 62.9005121172 23.1645132553 42.4058640525 42.4058640525 22.8314570174 22.7032875468 22.7534207005 23.1010453173 22.8318030474 23.0791077286 22.7517649623 22.5232848901 22.8387751598 22.7645681834 42.7497600296 45.4146542417 45.4146542417 37.8532176164 47.5964596426 56.3184939913 56.3184939913 49.0115794519 23.1562534935 32.5551016901 22.5655016127 22.8537078162 23.0707575601 42.472913321 42.472913321 22.5091712663 22.8329177122 23.1171195214 22.7070750432 22.9109765845 23.0617645103 22.5535424523 22.6356682855 22.8767678015 23.0542808013 22.6017197702
22.5222051473 23.1407750138 23.1310392709 23.100381503 22.6720640913 22.5680080149 23.061010045 22.7516974466 23.0510770562 45.411016917 45.411016917 45.6622272518 45.6622272518 62.9005121172 62.9005121172 42.4058640525 22.5141488069 22.738025188 22.506023508 22.9548213445 22.6324553522 22.5938230086 22.8391686988 22.9427534926 22.9062839002 22.7392014632 22.937390499 45.4146542417 45.4146542417 45.4146542417 23.1599340857 22.990282032 56.3184939913 49.0115794519 22.7606654111 22.8106851198 22.7005404121 23.1162811236 23.0462911306 23.1638009842 42.472913321 22.8753674333 22.7124860781 22.5004281437 23.101662811 22.9700626513 23.1549556577 22.8390370835 22.6987299662 22.8116297598 23.0542250835 22.8045673942 23.0655851112
22.7201380716 23.0892147706 23.0143732122 22.8989366125 23.0349576347 43.0886700522 43.0886700522 22.548223709 22.5343103459 45.411016917 23.1550058261 45.6622272518 45.6622272518 62.9005121172 23.0309569821 42.4058640525 22.9319284479 22.9214708739 23.1647546673 22.6806166472 23.0593498085 22.7297853531 22.7222612193 22.6196905493 22.6875892781 22.8367290915 22.5648860443 23.1359104975 22.5346845704 57.6123942342 23.0955931934 22.6712445416 22.6473904842 22.9098890892 22.709915104 23.0184804552 22.9718389801 23.1292840092 23.0555707476 22.5250083256 23.1372916101 22.7492220758 22.8641295075 22.6816408795 22.9212837911 22.6460841856 22.6023799197 23.1585508149 23.035587605 22.7464621353 22.7069080124 22.8684573175 22.6066957996
