Spatial_Output/BAU/BAU_0374.asc
NCOLS 155
NROWS 192
XLLCORNER 196769.923733
YLLCORNER 449719.875193
CELLSIZE 27.603701
NODATA_VALUE NaN
[rows 0 to 22 of 192, columns 0 to 52 of 155]
57.0769229321 65.2197699184 65.2197699184 66.4591080087 66.4591080087 0 0 0 0 0 0 0 0 0 0 0 0 0 0 0 0 0 0 0 0 0 0 0 0 0 0 0 0 0 0 0 0 0 0 0 0 0 0 0 0 0 31.6971468589 34.9970289875 34.1291191143 33.6407601623 34.0726259501 34.3659418935 33.3583860045
0 59.3087936605 66.4591080087 66.4591080087 62.2842808584 62.2842808584 54.058990931 0 0 0 0 0 0 0 0 0 0 0 0 0 0 0 0 0 0 0 0 0 0 0 0 0 0 0 0 0 0 0 0 0 0 0 0 32.5206930132 34.9349317668 31.9903103493 33.2945806714 33.5185330777 34.8256689911 34.2659921652 33.6982124788 32.3752785241 33.2454313137
0 0 51.7348306747 66.4591080087 62.2842808584 64.2828846031 64.2828846031 55.3232639889 0 0 0 0 0 0 0 0 0 0 0 0 0 0 0 0 0 0 0 0 0 0 0 0 0 0 0 0 0 0 0 0 0 32.537240572 32.300337039 34.2923137414 31.868988586 31.5637906939 34.8195578294 31.988380255 32.2631330859 34.2265591925 32.0753413467 32.4540345523 34.5008367672
0 0 0 62.0474576322 62.2842808584 64.2828846031 64.2828846031 52.2558488843 53.3552945086 0 0 0 0 0 0 0 0 0 0 0 0 0 0 0 0 0 0 0 0 0 0 0 0 0 0 0 0 0 0 32.1983599736 33.796748873 32.3663177702 32.7998111677 34.1522723844 31.6695978328 33.6815807302 32.9118510163 31.7507777537 33.501726793 32.6231652338 33.5534058991 31.7279146002 32.2850747939
0 0 0 0 0 64.2828846031 52.2558488843 52.2558488843 62.9482504232 49.6224438222 0 0 0 0 0 0 0 0 0 0 0 0 0 0 0 0 0 0 0 0 0 0 0 0 0 0 0 33.0503155654 31.5834375904 32.8545680835 31.7475283652 31.7108404005 32.1304656435 34.2198429294 31.8900879367 33.9110952093 33.1803300371 34.9205440132 33.0701504849 32.5617458561 34.6546145815 34.4019768252 35.0052878307
0 0 0 0 0 0 52.2558488843 53.3552945086 63.034565642 63.034565642 63.034565642 0 0 0 0 0 0 0 0 0 0 0 0 0 0 0 0 0 0 0 0 0 0 0 32.2145230283 33.031655041 31.5459890414 31.7564049008 32.0086599652 32.0098926959 33.0092653386 32.7405510897 33.0700118976 33.7635779405 33.6137283601 32.0537196142 33.6421443792 32.0938866459 31.7525601416 34.431180901 33.5606657438 33.9211464512 34.5329551927
0 0 0 0 0 0 0 53.4231027764 63.034565642 52.7879144956 52.7879144956 59.4396734828 52.4468508524 0 0 0 0 0 0 0 0 0 0 0 0 0 0 0 0 0 0 0 33.8617894476 32.4497831731 32.2446300072 31.5973470042 33.1821614311 31.621594075 33.3115594766 31.9026159406 32.2623384615 32.1467582986 34.8422486145 32.2773868585 34.988073756 31.6968992126 31.7772243718 32.1081161892 32.5545231231 33.4743513086 32.3143141809 33.8878528627 33.95338767
0 0 0 0 0 0 0 0 63.034565642 52.7879144956 52.7879144956 65.5556194832 65.5556194832 32.6611286742 32.2963429391 33.338804234 34.2766062543 32.4220428026 34.5671175823 32.1018363827 34.2577832126 34.6801179199 33.7857736503 32.7936923363 34.5347360389 33.6614583857 32.7732641652 32.8756515636 32.6472815522 33.2302296585 31.9986657638 32.4691305518 34.878074818 34.0002616321 33.0688025054 32.7357711435 31.5050529046 31.7570513917 31.9683824297 31.56975854 33.6043513871 33.8648040566 33.2500628437 34.3826951165 33.3108787732 34.2430518854 32.9614989146 33.2877196582 31.5830485967 32.3112991186 33.6974640347 34.7614110407 33.3746470826
0 0 0 0 0 0 0 0 0 61.4934306548 64.5100022281 63.9100525269 65.5556194832 33.3503806314 34.0068533661 34.8115725095 33.0883357108 34.0809371976 33.1477913174 35.020735504 31.9008953719 31.86496601 32.955987057 31.9982040467 32.0647021555 31.5635939964 34.2830678933 33.2976417727 33.6249208638 33.2105378403 34.0169893082 31.7694073792 31.5916594629 34.5293851776 31.9131882735 32.293118268 31.6900483014 32.54061086 32.1861477877 34.654631535 31.6615163405 33.200440532 34.9252948935 35.0315320977 33.2185615547 34.6664878736 32.9507324997 34.972657978 32.7056290158 32.5356593246 34.651829173 34.2583850018 32.8048453425
0 0 0 0 0 0 0 0 0 67.9730337935 55.3103278031 52.398351351 32.9774839491 56.4282075523 62.2935005333 52.776835294 31.9824934761 33.0660452189 33.0219813541 31.890583751 31.8472178421 32.7306119991 32.1915696521 32.8166167498 31.7846340355 34.6268671416 32.3792150748 32.7214073194 34.8683658923 32.8444541243 33.1525925199 32.6361950178 31.895801494 34.3458190164 31.6223097912 33.130538372 32.4228718696 31.8149210868 34.0049131142 32.9168038786 33.743663859 34.7352444694 33.0421231361 33.2638494771 33.7431877052 32.6096873074 31.638791821 32.9960307556 33.7079798254 34.0923841085 33.9453464742 32.6553943501 31.8716163385
0 0 0 0 0 0 0 0 0 56.3143039468 61.2732769457 66.1095372773 56.4282075523 56.4282075523 54.7570739931 54.7570739931 54.7570739931 34.6311063205 32.3165943093 32.7165939982 33.4325181622 32.7387306463 33.3047595846 34.788116989 34.7168938505 34.8500810623 34.5617704125 34.4218353181 31.679543617 34.902382796 33.0700383245 33.0229985002 31.5388270259 32.9953209078 31.8604415225 34.5175512868 33.6302132505 33.2193882095 31.8778374154 32.7304119561 33.660642637 32.6573667735 32.6096319155 34.3941546129 34.4367716506 31.6124496346 34.1123348514 32.3362347477 34.3145871734 33.0267797161 32.2956019498 34.6195152053 33.0121015537
0 0 0 0 0 0 0 0 33.516907857 33.4164474124 33.0065483698 34.4008028983 33.3608299373 62.2935005333 54.7570739931 54.7570739931 23.9729777617 49.6616335258 33.4671291172 32.6810077644 33.0028197312 31.8556873209 33.3435268498 34.1056284814 31.798593377 31.9377438794 34.3837608403 33.7078481227 32.8994940838 32.522101024 32.9761391867 34.091998548 32.7241744332 33.9684647543 33.7097963222 34.2993535266 32.5004733394 33.3661462155 34.2232665065 32.7019521542 33.5944252633 33.3788076547 31.5001600409 34.66565201 33.1539939532 32.9245227692 34.2136531872 34.9233794613 35.0049987423 33.6323745729 31.9792910141 34.5498251024 31.9023179551
0 0 0 0 0 0 0 0 34.438134169 34.7753221997 32.6162728962 34.4077782022 34.3335735928 32.0481617084 54.7570739931 54.7570739931 23.9729777617 49.6616335258 44.5746821647 33.2389247521 33.5508171659 34.5662257627 32.2785710509 34.4271145831 34.3986399643 33.1277766151 32.2312056729 33.7673472758 32.4751952599 33.7254423588 34.1879320412 33.8890844562 33.0974203106 33.6523215086 33.1072262471 34.0940736748 31.7163786626 34.5551640491 32.4949131797 33.3936990942 34.3152492825 33.4076917956 32.1411107127 32.5750457985 34.4820845356 31.9960758728 33.1420863241 34.6325210698 34.2897618886 32.6871431255 31.8832521375 33.321656385 32.5658065338
0 0 0 0 0 69.4979069421 62.3769190527 62.2453109974 33.8616968118 34.8157890906 32.7124143588 32.0376253121 32.2804855633 32.5935161028 34.032150014 34.6624411244 49.6616335258 54.1829925721 54.1829925721 46.7638741772 70.1566383943 34.0419771171 33.5258041779 33.7892190701 34.7945459213 34.922976792 31.5087648616 33.3144742103 33.973448052 32.5332187338 32.1761630753 34.4208334208 32.2110936049 33.2233561768 31.7964987994 32.2131878487 32.672975042 31.807597055 33.9092252112 31.8486539233 31.6016330362 32.6313880863 31.8596472446 33.6552918066 34.3598583666 32.3453699129 31.6110100531 31.6080392318 31.6590839835 32.8523711048 31.7132234856 32.2596125392 34.7746532536
0 0 0 0 0 59.5479173271 55.5333901627 62.1101538413 32.513129706 32.4641577213 34.0663843845 32.936762066 31.7822381534 31.7635039239 33.784711645 34.9641997288 44.4815008062 54.1829925721 54.1829925721 58.5297427634 58.5297427634 58.5297427634 31.7590460555 31.5755652804 32.6205815995 33.713732398 33.8601304376 32.3847774934 32.9621087878 31.7589013833 32.434861843 34.300633031 31.8923656126 33.5400044187 34.7333980958 32.4883677127 32.9100329595 31.8633381732 31.7081807613 34.3629637742 32.1281648718 33.3087051028 35.0174619496 32.387787289 33.5794760179 33.679942537 33.02813039 33.3709092483 32.7249770293 33.0998908367 32.9203407775 33.6715513772 34.8489376231
0 0 0 0 33.3743390124 68.2110539067 59.9167436438 54.1903908295 32.9597795437 32.8927109583 32.2387696264 33.8770260938 32.5215277682 32.0946981307 32.3491230857 34.8967828291 32.8492389613 34.6495801318 46.7638741772 58.5297427634 58.5297427634 82.3988257601 82.3988257601 32.5661964353 32.1195542215 31.5196057347 33.2028425852 32.2831386126 34.5544485905 31.738303944 34.5080716692 33.0451128408 33.954497081 34.911666648 34.5092477536 33.7813425311 31.9100201631 33.6121801188 34.2226521027 33.8505925139 33.3157798543 33.5295362065 33.0548478498 34.0506617525 33.6490981365 32.9099019496 34.901548048 34.5724774613 33.5538715809 34.345128932 34.0580529038 34.1174221295 32.7785173116
0 0 0 32.0111609649 31.7364832252 32.8782752161 32.8216650703 46.9810621907 46.9810621907 71.2631232653 33.5254628806 32.7815411548 31.6787841462 34.2185208471 34.8429074177 34.9805801979 33.4582933895 32.1165478098 32.7282773775 33.2727718925 43.987599379 59.8004750132 59.8004750132 59.8004750132 31.9501181817 33.0621109014 34.5961456188 34.5057355623 33.010036395 33.5404257655 32.1834053354 33.4937898371 33.5669540278 32.4437233169 34.2881281046 32.3426097988 33.8240503579 33.3206990995 34.278501292 31.5673956791 33.9831640122 34.9704011969 33.0039824332 34.6549330181 32.9315325295 34.2727947377 34.0089920085 32.9876695197 33.128521436 33.4172740811 32.0204127036 32.292633088 32.859170813
0 0 33.494799517 33.0747386839 32.910365224 33.3806056568 46.9810621907 46.9810621907 46.9810621907 34.8173158631 32.486985231 31.6856291328 34.631554618 34.7205485024 32.8162661564 31.8735025195 33.4566646102 32.0077943958 32.1493410964 33.6440192776 34.0516712282 59.8004750132 59.8004750132 67.3425867503 60.8926632565 34.3711876394 34.618286228 34.2974116582 32.8022637717 34.7078752324 33.6269516435 32.2646341626 34.3396253961 33.4391603526 34.7795410131 34.041060182 32.4559416477 31.5934983223 33.011714252 34.9876980517 31.5175709462 32.208270167 32.9182561266 31.9878618201 34.7793070067 31.7478144792 34.6826021549 32.4983049993 31.7981810914 32.0194822242 33.8928412278 32.3937448191 31.877571189
0 0 33.966675498 34.5479083809 32.7858687649 31.7901825877 32.0613678813 34.4882061901 31.7139040517 48.5346550439 48.5346550439 33.5233236 33.0886723737 32.647656157 31.5639142621 33.0533764637 32.6663167733 32.6756504941 34.0869953244 32.0598921601 32.4957937288 34.5657045955 34.3597613325 60.8926632565 48.7505648538 48.7505648538 33.4017430878 34.5096368686 31.7470540344 33.1839634763 31.6651462047 34.1141222793 31.8992292933 33.3053896096 31.7222576945 34.5341460365 32.3878794548 34.1437390491 33.2933619971 33.0234387518 33.7901709042 33.3905635755 32.3412671377 33.9283397244 34.1094539761 32.9083545587 34.4962705474 33.5377449515 33.8618361859 34.4050526042 32.4183844282 32.0495484163 34.4377182981
0 0 32.0173341386 33.0687773344 34.2821358899 33.9800329809 32.3176210766 34.6452555744 34.9623417048 48.5346550439 48.5346550439 32.6667119835 32.6399070354 34.1364823254 33.7226249627 33.473297255 34.9513183744 32.7086784381 32.7240571252 33.0842423352 34.2849779937 32.3640813235 31.6353011076 60.8926632565 48.7505648538 60.8926632565 56.6872473142 53.3898308844 33.9640439052 31.5905572353 31.5618000146 35.034587277 33.2375176627 32.1441635733 34.655382853 34.6919185181 33.466540713 33.2632841073 33.7259147432 33.3136540219 33.8383636214 31.6374684459 33.1539599458 32.0717468502 32.6285153677 32.6486990573 33.7370203555 33.9762225193 32.4397030026 34.7672241848 33.1052808973 31.8062386002 31.9553828091
0 0 32.9830919325 32.1375181824 33.3990393946 32.7283675346 33.6702372329 32.8630227447 33.8694702477 32.937734963 52.8914972106 52.8914972106 52.8914972106 32.2967241068 33.4708092135 32.7578303902 34.2096959886 32.6205136609 31.6983770947 34.3025528146 33.9776549623 34.8563396444 34.2473426107 33.6000546812 34.16037749 56.6872473142 56.6872473142 57.0150624681 57.0150624681 32.9805368071 34.7737517513 32.7546736055 32.2087956624 34.677213546 34.1157642087 31.975934031 31.952330388 33.0375610467 32.7086125131 31.7178355575 31.8871418831 33.5672089192 32.4774331475 32.5305143106 31.849010094 32.3868537896 33.1264681101 33.1783917206 32.9312536296 35.0140456538 32.9358427866 32.7374441381 32.1381795864
0 0 31.592919189 31.634219415 32.7984851456 32.167461127 34.2042890742 32.2107210928 31.7332631865 32.3824667452 52.8914972106 52.8914972106 66.1903169844 31.7809873502 33.6548001696 33.1102343636 33.4090805431 34.0961018378 33.7382988013 34.2701943149 34.5516345292 34.5787699233 34.7828287398 31.5969299033 33.2164889913 31.638916728 42.7365563989 42.7365563989 42.7365563989 32.4531670645 32.8752719208 33.8390521589 33.48216293 33.8867837277 32.2503407597 33.4361571954 31.8783315355 32.3543827568 33.3664686997 33.7363730343 32.1673476954 33.6707982919 32.4267220573 32.7919533084 32.8682999897 34.016383363 33.5536814291 31.7425159771 32.679807256 34.8466259536 33.5283297888 32.6291741442 31.7516566922
0 0 33.2014371788 34.7726775238 32.2506893348 35.010650839 33.8880410481 34.2452421001 33.1477679 33.9923116629 33.2179304226 66.1903169844 31.5224194287 32.80899898 74.8370675405 74.8370675405 49.9895374956 33.2178045682 31.8429841487 33.1192531877 33.4288667639 33.1345128613 33.7681800171 34.5979968251 34.3839522087 34.667834641 42.7365563989 42.7365563989 46.6229893425 34.4009874177 32.8943189097 32.318330043 32.1817907663 32.2837467402 33.1517279062 34.8556947465 31.981266728 33.6598279153 33.4335085255 34.2192433344 33.9871975928 34.1992806994 33.7618171183 32.5648265685 34.2183841025 31.8497398973 33.34484827 31.9712223722 32.0904407724 33.9203557642 34.1573866389 31.6175821913 33.9832878322
