Spatial_Output/BAU/BAU_0131.asc
NCOLS 155
NROWS 192
XLLCORNER 196769.923733
YLLCORNER 449719.875193
CELLSIZE 27.603701
NODATA_VALUE NaN
[rows 23 to 45 of 192, columns 53 to 105 of 155]
44.6441520316 44.6884288425 44.9768265801 44.5608710816 45.1814333115 45.1903358639 44.6832150975 57.929658322 57.929658322 57.929658322 44.5661773837 44.600390423 44.9801679909 44.8897069042 44.9665201651 45.0301698592 44.9384227816 44.6551460615 45.1628281821 44.770617597 44.5454557031 45.0389019003 44.6390722612 45.1102727881 45.0862857009 44.7742724214 45.0090654033 44.6128528318 44.8236382555 45.0655277108 44.7126793634 44.8385637217 45.0358239245 44.8338392092 44.5986205522 44.5546135551 44.9433909183 44.75495265 44.9007240451 44.5797889361 44.9193215576 44.6053850007 44.6151355728 45.072563577 44.87538325 44.633320192 44.6422503232 44.5313515222 44.8359172976 44.7145004077 45.0732541233 45.1083697006 44.7634780796
44.6171633859 44.9571153082 45.0482632861 44.6334927094 45.1950802791 70.1415212753 70.1415212753 74.7235878365 74.7235878365 44.5763182281 44.6387014499 44.8327898328 45.0391959721 44.8754358289 45.0811559129 45.2046603359 44.5567874746 44.9255290472 44.7706053339 45.1299130155 45.0544897685 44.57013727 45.1350356964 44.7743552287 45.0978411514 44.7520543348 44.8281239353 44.5559742699 44.5706100107 44.7685941009 44.9022941615 44.7105440396 44.9424149778 44.7085142557 44.7677165767 44.9777947092 44.8020127612 45.023657411 44.5379002831 44.7330308935 45.1177548269 44.8322334355 45.1388296742 45.0494879094 44.5177034439 44.5235770208 44.6187811774 44.6200710384 44.8857434946 44.6787123771 45.127142532 44.8421207338 44.9369004192
44.9559334379 45.0291987077 44.8046794472 44.6333568811 52.9245212586 70.1415212753 70.1415212753 72.1881228976 44.6570467022 45.1060263434 44.8466262527 44.7671287497 44.8958022473 44.8450066184 44.7401964061 44.575719775 45.0894478586 45.0993657799 44.8383461791 44.6468982284 45.085108675 44.7712102753 45.0687640525 44.6780820484 44.7285267091 45.1082303831 44.6009640386 44.5650379446 44.6782154885 45.0852062868 44.5859725865 44.7871551701 44.9862077129 44.8153416085 44.7680414147 45.0768435637 44.9968837184 44.8750720486 44.5344983812 45.0192432611 45.0978149583 44.5905691388 45.1683244895 44.6309159674 45.1930692141 45.151487089 44.5479630505 44.538662972 44.5107994951 44.7117476127 44.882054543 44.9874688076 44.5564151126
45.0276003243 44.5552691796 44.9213247786 44.9891676959 74.6488313966 52.9245212586 52.9245212586 44.7344069167 44.6475447989 45.0274141256 45.0748810148 44.9470949264 44.6019076601 44.9709911727 44.9716330307 45.1389189495 44.9223175032 44.7822523658 45.0537109213 45.1578904403 44.937621921 44.668799412 45.1728537154 44.5003313387 44.8518511133 44.9562287639 44.8786285282 45.0406613614 44.9569528252 44.9814712377 44.9070716599 45.0202412621 45.0721213928 44.7061999926 45.0585327057 44.6343515416 44.515311635 45.149484582 44.7301085137 44.9157350355 44.6310238471 44.622659683 45.1554520204 45.0458563525 44.6784145336 44.8298165936 44.8492390413 45.0095490594 45.1464024927 44.9256477786 45.0783182638 44.8683647195 44.814037091
45.0954206217 44.5074708966 45.0235114022 44.9392783126 45.0597684028 70.4436126802 74.6488313966 44.681171979 44.5033264317 45.1019440545 61.8974469414 72.4975946144 44.6682846909 45.1142772977 44.639836957 44.5280638063 44.8852422241 44.8991056677 45.1120147241 44.9304874777 44.5406403007 45.0799756902 45.177127387 44.9642433589 45.0868825102 44.7774902038 44.8711388498 44.9201240482 44.9566819239 44.8529763543 44.5666434333 44.7975476417 44.7731125816 44.9665408088 44.8011668174 44.6401252968 45.1806652417 44.8746003407 45.1751505694 44.5888500383 45.0823723727 44.9189283186 44.6674227727 45.2000462927 44.7550608068 45.1816115494 45.087924567 44.8429131128 45.1449308495 44.8911030724 44.9698417294 44.5453101453 44.9350975658
44.7900310561 44.7302213362 44.7059205467 44.5753204287 70.4436126802 70.4436126802 70.4436126802 45.1091988802 89.3469035761 44.8316834281 72.4975946144 72.4975946144 72.0699822223 72.0699822223 44.7113394907 44.9922265304 44.7022774367 45.1299073587 45.1379785432 44.5102833491 44.9067301036 45.1742515174 44.8164606642 44.854684866 45.0593919375 44.7425132068 44.7568146545 44.5325110185 44.6759296955 44.7175883745 44.9694416643 45.0839125676 45.1342018985 45.1921322036 45.0369614931 44.7410185017 45.0813239424 44.8945348167 44.9698730834 45.0138945887 44.9211068708 44.6333620833 45.0996853367 45.1440713268 44.8429858616 45.0344421881 44.5629840187 44.515120185 45.0393255383 44.9958823533 44.9218764847 44.8338960585 44.5902971324
44.6863416788 45.1438886142 45.1094939984 44.5657487517 44.5395600424 70.4436126802 44.7104671569 71.7954444257 89.3469035761 89.3469035761 72.4975946144 72.4975946144 72.0699822223 72.0699822223 44.7783582481 45.1216411196 44.7826452826 45.0030876624 44.6775060633 44.5277460299 45.0876429225 44.7946919574 44.8335456468 44.5340669716 45.1715809782 44.5588592514 45.0079846361 44.9838117217 44.5856599739 45.0890277386 44.7569107949 45.0281473189 44.8187213311 44.5899488307 45.0791029954 44.6143282351 45.0415696448 44.8946077802 44.6192292532 44.6433777446 44.6517253888 44.9160221715 45.2025761776 45.0879136152 44.6594168999 45.0039041571 44.8608891443 44.9545128298 44.5932834102 45.0889302298 45.1940878765 44.8497927982 44.8569551445
44.9419448649 44.9412626306 44.8258646098 44.5369984175 72.4091264341 44.7413226367 44.9816507419 71.7954444257 89.3469035761 89.3469035761 44.8141620077 72.9704083946 72.9704083946 44.9924004514 44.5340254791 44.7499105745 44.5386388052 44.711435997 45.1643636056 44.7702281356 45.1277239761 44.7136284679 44.7752376406 44.6612455223 44.7295634841 44.584455718 44.8775641446 44.8898697929 45.0067089725 45.0052777861 44.8117947758 44.8902103751 44.7190923673 44.6560514838 44.8420031728 44.6068021123 44.6375695799 44.599186885 44.6329467102 45.0556864588 44.9323747279 45.1637861265 44.8961291219 44.7601927898 45.1175070375 44.5446031731 44.9308175234 45.0094291526 44.5608641305 45.120467378 44.9658045582 44.6490994223 44.9629662925
44.8434605075 44.6788843624 44.6627080172 44.6289402622 44.5021779175 88.2269852803 45.0467878649 71.9130543704 44.5729940784 44.9310245093 72.9704083946 82.3654094194 82.3654094194 44.8934687509 45.0905557924 44.5760893917 66.464562891 45.0949155483 44.5559553854 44.5203629023 45.0785715802 44.8212337225 45.1723494526 45.0085168105 45.1115773399 44.8190024993 44.6638102236 45.0123392751 45.0077319907 45.0116612832 45.0868982563 44.8559435321 44.5894629155 44.7340970432 45.0234922093 45.0481197972 45.0297442479 45.1944173802 44.5041544162 44.6946540793 45.1340222514 44.858924255 44.8076246129 44.8500916692 44.9611580202 44.6901559863 44.6227188842 44.6993977453 44.8423308747 45.0189143861 44.6653073389 44.622435448 44.8210470193
44.5314029152 44.9929312042 44.6318090571 45.1643219778 44.7153724824 45.0820066595 88.2269852803 44.5980449967 44.7551332139 44.7003769915 82.3654094194 82.3654094194 82.3654094194 69.5631417893 45.0396037622 66.464562891 66.464562891 84.3588893142 44.9142331855 45.0153371712 44.7076121638 44.6944678735 45.0918458179 45.1285093012 44.9953772601 44.9270692508 44.9586042162 44.8497961616 45.0412342169 44.5566297624 45.1969709847 44.5279972545 44.8395054909 44.7654709445 44.6831354433 45.2052102699 45.0709520772 45.0998899324 44.74689211 44.8130839905 44.5515747077 44.8583420533 44.7668049501 45.1146474936 45.0504286878 44.7743800672 45.0525402565 44.8911302236 44.9467518588 44.5404345656 45.0397747045 44.7400885538 44.6519592852
44.7805049739 45.1140172287 45.1128900006 44.8430393695 83.1917407799 83.1917407799 83.1917407799 44.7078279005 45.1843709165 44.653977786 45.0103403993 45.1871762879 44.9224810449 45.0451414426 45.157916793 66.464562891 66.464562891 84.3588893142 44.8897116527 45.1509193415 45.1511973408 44.9521119688 44.9620699403 44.5438040946 44.824865486 45.1528486552 44.6262855295 45.0999896761 44.7037334015 44.8990386355 44.8684776467 44.8639944718 45.1824801836 44.8183266809 44.6099255705 44.7120083326 45.0001465945 44.8699964552 44.8863228146 44.9762764804 44.7815074913 44.9906436631 44.9959149549 44.5927480427 44.8875714425 44.6422508756 44.5737168919 45.1355488795 44.60647279 44.7948581612 45.1714210689 44.761855759 44.8546165121
45.1891426603 44.5745074109 44.5524396191 45.0048859506 83.519415551 60.3378177301 44.8149996992 44.7386933304 45.0988391622 44.7181380514 45.1076492678 45.0133980835 44.5295899603 45.1829016085 44.5824337579 44.6247649398 62.1717590195 45.1878213811 45.1482384661 45.0952302669 44.8850500011 44.9941209399 45.0979401428 44.624653897 44.7819253131 45.0585417272 44.8325036647 44.8651391931 45.1289167387 44.7268253651 44.86333205 45.0852360438 45.1998592575 45.0763762982 44.9841010151 44.8613397579 45.0337756964 44.971371356 44.7544310504 45.0710963583 45.1901183403 44.817063692 44.9521105441 45.159169268 44.9078248785 44.9811885937 44.5896395631 44.5365918287 44.7805607098 44.8073318308 45.0374773575 44.9441283306 44.9970466582
44.7307311861 44.774829328 44.865065406 44.5087899417 60.3378177301 56.4769361479 56.4769361479 45.1968089403 44.873701577 45.0510550144 45.1152491645 44.5114464141 45.0265406517 44.6659105444 45.0821601602 45.0278068895 45.1419046339 64.0888172163 44.9873782352 44.988565424 44.5840371004 44.6618996355 44.7799861146 44.6402982534 45.1990039308 45.1494896629 45.0402264825 44.8792639506 45.0907099813 44.5629276921 44.9962041101 45.2018885714 45.0963254929 44.765868534 44.607903594 45.160523092 45.1920729452 44.8405951579 44.5115767689 44.8455796638 44.5540888487 44.7505303027 44.8138462539 44.8804769608 44.8394359769 45.1652858299 44.7655662816 44.8110882826 44.9062754033 44.9584975646 44.6855357415 44.5462793856 44.867133363
44.8107177681 44.8455952166 44.992410265 44.5722527983 60.3378177301 56.4769361479 56.4769361479 51.2642275857 45.010221737 44.7931231014 44.9870968459 45.1847782985 44.5521021706 44.9975387205 44.5470866799 44.6172513768 44.7638706324 64.0888172163 45.0786815468 44.6476142697 45.1939584087 45.1325965353 45.1528872837 44.5537864266 45.1238110635 44.6068779869 44.6381632741 44.6640966594 44.5513653028 45.1768866219 44.7809768333 44.9515786883 44.6011353919 44.6591462542 45.0012380616 44.5792018217 44.7530094094 44.9995646238 44.7095878328 44.9757927178 45.1479797375 45.1553761963 45.0040426381 45.1772901482 44.5149226278 44.6629785038 45.154200298 45.1381327763 44.9390575022 45.0107707813 45.090803013 45.1651378257 44.6537001194
45.1300205068 44.5748132988 45.138753931 45.0624888578 44.5591935169 45.0701930293 69.6411479527 77.9092153283 44.9601581043 44.7308573367 44.5817597712 44.6849333566 44.7298812424 45.0907333738 45.1295385508 44.7141929995 45.147659749 44.7126890307 45.0367644739 44.608318854 44.5084160743 45.1023768288 44.8751276995 45.0309338763 44.8880478712 44.6475548467 45.1601794136 45.1394440673 44.6684349668 44.6832669157 44.9007722218 44.5116546133 44.7110470953 44.5608902374 44.5929517835 45.0643584584 44.7809219441 44.8737620709 45.0993048031 45.1367485541 44.5098174468 44.7217513524 44.9035734977 44.8425969211 45.0741778931 44.6733019902 45.2000817394 44.8318353349 44.9389034402 45.0842342515 44.6109388978 44.7092195648 44.6229905064
44.759907732 44.6052220333 44.8393002714 44.8822362092 45.0734926394 77.9092153283 77.6544459269 77.9092153283 44.5009505533 44.5350666299 44.7949854867 45.1980002099 44.8105584016 44.5827938465 44.6648183553 45.1246223419 45.1689639167 44.9266212448 44.5234144048 45.0784807957 45.0439339197 45.1406192153 44.7825136937 44.5909572748 44.7576032686 45.1584569003 45.0690332254 45.1153178145 45.0968330053 44.8633536801 44.7947339381 45.0592125924 44.8106136046 44.6467368587 44.6945731935 44.8620659772 44.9453379699 45.1061842084 44.717246917 44.6237083758 44.7225106344 44.8333076247 44.8136078324 44.9090553256 44.9080689212 44.9132106127 45.0593125171 44.9262546985 44.8159459026 45.153221345 44.6324063675 45.1675668024 44.8239401541
44.6268630217 44.5811257261 45.0493032726 44.5718326306 44.8952037329 44.6854473071 44.9522030344 77.6544459269 77.6544459269 44.7244560409 45.1817613775 44.9454515399 44.5813074685 44.8734325682 44.9053497224 44.7376116991 44.7598060705 44.7806741378 45.038813787 44.6998242384 44.7007099167 44.9595488905 44.9068869479 45.07738926 44.8885160992 44.7366315078 44.520132013 44.6704570521 45.2027886391 44.8692079235 44.9989723254 44.5912757224 44.5927783211 44.8699677876 44.8181468735 45.0933137958 44.9657933273 44.9242937431 44.6489128358 44.8286546684 44.841588577 44.6246938404 45.0664065012 44.870563707 44.9940229104 44.9694691366 45.1970643165 44.7860919034 45.1358329822 44.7171976977 44.5893012955 44.5339190329 45.1403138866
45.0183035379 45.0372062998 44.6606331532 44.7941507121 44.7535770265 84.4835535046 55.3029885564 55.3029885564 44.6230139311 44.6308236336 44.6632917594 44.5273117609 44.8955427524 44.6819496167 44.7766692296 44.9424245441 45.0667802248 45.2008629989 44.8165674101 45.180891443 44.5301415574 44.9850505431 44.7684509084 45.0741921532 44.7140896151 44.7643316059 44.8878554841 44.7361410625 44.8262942541 44.9464995133 44.5697417103 44.6449598153 44.8123854038 44.8584186383 44.8329343235 44.9595756641 45.1385697607 44.6639325222 45.1397137377 44.8379698256 44.7568047045 44.6050934105 44.6176030942 45.1930525358 44.8079998046 44.660189716 45.1259261562 44.5128083167 45.0568718023 44.8423693574 44.6612673652 44.9337035583 44.7244568305
45.012105745 45.0110675581 44.7513423512 44.857948545 44.7271611748 55.3029885564 80.3183248475 55.3029885564 44.5117440703 44.6649265334 44.6988312345 44.5195842981 44.940496713 44.985314346 44.7290736958 44.9782045992 44.6811121554 44.9694955259 44.7487597661 44.7142757137 44.6781196654 44.7370610021 44.5438926454 45.1160703118 44.9156623516 44.7965521302 45.0767396667 45.0559742576 44.5815372439 44.5363522465 44.6707845682 44.5195567557 44.6052287628 44.9521673215 44.9180586133 45.167083199 45.0701978998 45.0963119773 44.6214822011 44.5164141443 44.9673913003 45.0177101051 44.7537881884 44.8319058701 44.5881382643 44.7835916908 45.1687315612 44.7196766769 44.7253534012 44.9275209849 44.640478127 44.6039412827 45.095068564
44.857462586 45.1545518646 83.321704989 44.6347632184 44.7377559881 80.3183248475 80.3183248475 80.3183248475 44.7629251189 44.8917689245 44.5542493431 45.0184544849 44.5832230804 44.5472413771 44.5631464359 44.5545208406 44.9379911599 45.0467110819 45.068292267 44.9874121086 44.5914773723 45.1136081087 45.0288874113 44.8923803967 45.1549818632 44.862560308 44.6322138267 44.6874076826 45.0430534475 44.7610759185 45.0385177924 44.7022579727 44.8883158849 44.8813931163 44.9958551933 44.6314983481 44.5299730127 44.5076958979 45.1746729 44.8480973695 44.9665039682 45.1340412843 44.8059100757 44.9468587786 44.6868005886 44.6898351395 45.0506531455 45.0009882802 44.7965041627 44.5722435302 44.9033154357 44.9744777023 45.0000202987
44.605197689 83.321704989 83.321704989 78.7499067785 44.6068297068 44.6140554401 44.8159454796 45.0681620747 44.5358252319 44.9405165725 44.741535098 45.2017881882 45.0942652575 44.8785455503 44.7074845451 44.7208713575 45.1246834656 44.5541620476 44.9609069124 44.9362504608 44.9146291683 44.6627947116 44.8563058105 45.1160981296 44.8016176784 45.0478218186 45.1256762019 44.9356223533 45.0710472346 44.5206247384 44.9251908434 44.6517525591 45.1301601598 44.6380430413 44.6122865377 44.9453337548 44.812541664 44.8191414597 44.7291385095 45.1639170689 44.9747982852 44.6931361121 45.1764315197 44.9826473281 45.092711709 45.1390583882 44.7808284679 45.0504134757 44.8685889135 45.0382892533 44.86961738 44.6422227318 44.8527832699
44.7786061484 83.321704989 83.321704989 44.9294077091 44.9012523325 44.6325614759 45.010828769 44.5508957209 44.5682794193 44.6117743578 44.5370437721 44.9236410741 44.5769567282 44.8373931284 44.719104591 44.9596200758 44.990015008 44.6864637828 45.1833713799 44.7834437702 44.9931066054 44.8443736317 44.9256398362 44.6862046229 44.9166970011 44.5839243793 45.034104641 44.6151276729 45.1877303119 44.6154921473 44.9409827659 45.0751930131 45.0059524517 45.1348232712 44.5236248368 45.1354969415 44.7177423614 44.5991234193 44.8502555191 44.9894681452 45.0653332836 44.8111375661 44.923849886 44.7274918805 44.9012814193 45.1636447574 44.9871191275 44.6471425684 45.1688299869 44.7023991686 44.8433155808 45.195714319 45.1679716397
67.2078115509 44.7374349742 44.923975826 44.8552893331 44.9467330277 44.8481708647 45.1135422987 44.7376354976 44.8072018564 45.0171967051 44.8698326946 45.2048723558 45.0167058433 44.5775243672 45.1704873743 44.523592224 44.8603333518 44.9805883511 44.7092058609 44.8456103402 44.5001858915 45.1753659694 44.8599652443 44.9944413421 44.6938316878 44.912698769 45.0111436175 44.6809931327 45.1310199597 44.8184023248 44.7486745435 45.0807173836 44.9897689168 44.7404558275 44.9745351258 44.9927435901 44.5592258018 44.8597824562 44.6029121816 45.0108372486 44.8049459402 45.0159973358 45.1984345727 44.9341623882 44.6174675865 45.1882325067 44.8202004702 44.9356531541 45.0219760356 44.8416791786 44.8136734971 44.9177863954 44.8053944433
