Spatial_Output/BAU/BAU_1345.asc
NCOLS 155
NROWS 192
XLLCORNER 196769.923733
YLLCORNER 449719.875193
CELLSIZE 27.603701
NODATA_VALUE NaN
[rows 138 to 160 of 192, columns 53 to 105 of 155]
33.1572790682 34.2560853629 33.0100792728 33.9958158953 33.0941180529 47.4058339793 47.4058339793 61.2955825123 34.1365687663 34.2483470556 33.439250125 33.6828113185 33.2615127732 33.9368841185 34.3890695071 33.5416539468 33.1854693337 33.4117757276 34.2770504482 33.1159561391 33.7605796203 33.0918097221 33.5280180507 34.032096926 33.6938632375 33.186949984 33.2466421923 33.2211362515 33.1468989295 33.5509295232 65.3946790218 65.3946790218 46.4298159637 33.6655412064 33.02853273 33.6308872905 34.0677051024 34.0751115994 34.1539641386 33.3115201429 33.5634741231 33.0460665791 33.5387493965 33.6927467162 34.0977855895 34.1127687296 34.333375302 33.3053924826 33.9146438632 33.457147337 33.9661420091 33.2571653079 33.1970579755
34.000776837 52.5752285704 33.572630226 85.4854398768 85.4854398768 47.4058339793 55.9255273886 33.1652834078 34.1915696196 33.2309176577 34.2508236109 33.6677655666 33.5799541274 33.6850320455 33.0438272082 33.9285813871 33.7071999097 33.7928741025 33.9327890501 33.4609005759 33.9098728818 33.9240955542 33.0279787841 33.4421027235 33.72772973 34.0031353343 33.7522013193 34.0868718492 34.3827530027 33.8156120729 65.3946790218 65.3946790218 46.4298159637 77.5465897006 77.5465897006 68.886708495 34.0269045795 33.5678929747 33.5506335648 33.664496353 33.9318373936 33.7910969274 34.2016062696 34.1066607349 33.3884249767 34.0016780985 34.0813001735 33.6154139584 33.9517076825 33.0500057509 33.3648430775 33.6353870359 33.4832511438
56.1041668594 52.5752285704 33.6685575694 33.4017912847 85.4854398768 33.0929239777 34.0363180356 34.4007719005 69.7407547824 33.7557158271 33.5583111498 34.3333894513 33.3535892696 33.721351883 33.5897281732 34.3379475357 34.3618146393 33.9337774512 34.0522798127 34.3798467325 34.2102689395 33.6132942128 33.2917287375 33.7059438123 34.3261230763 33.1092140411 33.5521723792 34.1518236969 34.3702080838 34.3120719216 65.3946790218 34.2893884223 46.4298159637 77.5465897006 77.5465897006 68.886708495 33.2776615476 33.3666506589 34.134584684 33.7902084762 33.5292243877 34.0388783888 33.4456703709 33.4584221382 33.5815229792 33.7079029274 33.9222917792 33.488147432 33.5414153452 33.2331226185 33.0201584244 33.0794456635 33.2515970648
52.5752285704 52.5752285704 52.5752285704 59.0298042076 33.9470699749 34.3443914983 69.7407547824 33.899853477 62.4671491987 33.4474006273 34.0993979481 33.6934195686 34.2605180138 33.2979786359 33.8878803703 33.3839656518 33.4935539192 33.837426919 33.4742852673 33.7988323096 33.71246251 33.0059787057 33.5877356786 33.8970395178 33.5283720896 33.2111114307 33.2542684111 34.0346028378 34.1679035352 33.9839177099 33.6385912663 33.9891842656 33.9578158624 77.5465897006 68.886708495 68.886708495 33.8980332926 56.6125319561 33.0394703958 34.0742073565 33.1026958874 33.8769014437 34.1974615694 33.8405140432 33.155713684 34.115705676 33.2840988266 34.0276138848 33.9623272448 33.5087363186 33.1359987256 33.3246952562 34.3769955192
68.3962458623 50.6515358787 33.8746989673 34.1739081573 33.0499677708 34.203509454 33.8818082528 62.4671491987 56.1178972614 56.1178972614 33.7291019918 33.5804656203 33.528169198 33.2905772471 34.0494502075 33.3027575122 33.6080241233 34.3828719875 33.0796504181 33.4888733519 33.2842223253 33.9117786762 33.5348099401 33.6108368565 34.3653646937 33.9800623909 33.7497222167 33.9269146591 33.4141126096 33.3401330189 33.4669506735 33.0063186932 34.0051895423 34.2426316634 34.1587350926 33.4632746045 56.6125319561 56.6125319561 34.0952217112 33.6592347128 34.0249322309 33.936773312 33.1286959788 33.5034048835 34.241720743 34.0085961128 33.4692269203 33.5377247871 34.0674493817 33.8339165067 34.2458765276 33.9297521158 33.8208645309
34.0294539894 33.0644532465 33.2290394521 33.5752061083 34.0634342372 34.0260045855 33.5141464689 56.1178972614 56.1178972614 56.1178972614 33.6655074195 34.0584294982 33.0672312368 34.365725912 33.8781182032 33.6671615002 33.5696664526 33.5828880887 34.2797742934 34.2068035722 33.4866361237 33.150954047 33.1507273153 33.375888131 33.6306856393 33.8648030897 33.2475413645 34.3110218959 33.5696084314 34.3476848139 33.1416783407 34.2652734481 34.3817354734 33.4947717229 33.7887632251 34.0182673009 56.6125319561 78.0649658607 78.0649658607 78.0649658607 33.592950716 33.5009475355 33.5878228558 33.6655532887 33.1405630348 33.8775522888 34.3055029438 33.3031809454 33.8634711112 33.668550504 34.2144532998 33.9974928476 34.026515905
33.272343388 34.1031169368 34.1376267998 34.2599547837 33.1674956605 33.3428414952 33.242579511 33.0479793535 33.4076089334 33.7006226071 33.9283730716 33.4531661231 33.098300621 33.1757828183 33.1425161703 34.2804332529 33.5232558705 34.1666781326 33.0073602696 34.1963231787 34.2568580925 33.7698636697 33.9142501775 34.1522283685 33.5603807241 33.1344978411 33.7655160117 34.1317919493 34.2892185854 33.9957890435 33.6480326586 33.5121408812 34.4102955373 33.917703021 33.6474746746 34.2406117445 33.8264077415 78.0649658607 78.0649658607 62.7115505744 33.2568946256 33.8731486253 33.7494153006 34.3912445306 33.7517763608 33.0079828657 33.8486589848 34.3288654326 33.1077478721 34.0982559708 33.1934110715 33.8929130923 33.9845672487
33.6666022487 33.1423572887 33.5872962459 33.3136780951 33.2338821284 33.0138669225 34.0847970041 34.2045907717 33.0889217324 34.1518903855 33.3164035547 34.2182979961 34.0153330453 34.1482048136 34.0272040379 33.7490734601 33.1247009215 33.8420748856 33.7835950231 34.389381655 34.2257584115 34.3207555256 33.4764494751 33.7120453673 34.1395449922 33.2723350227 34.4065398472 33.5661336915 33.2456802683 33.2390398475 33.9121225178 34.3998571718 33.1449223113 33.6933041233 33.1556887479 33.5407362064 33.3080729046 33.1069129279 43.8809347749 43.8809347749 65.0201329247 33.7431665232 33.3698693294 33.7243887654 33.941038365 33.1365400357 33.9819257219 33.8625589127 34.0193582274 34.0274821393 33.1847723166 34.323717237 33.3737082394
33.9445456828 34.295993418 34.2713304251 33.5877594899 33.3607322109 33.8147879563 33.8301461823 33.3938010922 33.9572557347 33.3160290221 34.1734690011 33.3653981211 34.1702550022 33.1443310632 33.8320007123 33.6937598567 33.1286293731 34.1977037494 33.8313050727 33.3149150831 33.3252451695 34.3743396143 34.0219190184 33.3119645489 33.3754679334 33.0455378189 34.0283216707 33.7574486603 34.3268452919 34.0636152502 33.5138173829 33.2077628217 33.4909225964 33.5770397138 33.2350053264 33.7366058843 33.707824535 69.4061723471 43.8809347749 43.8809347749 33.1164771926 33.0005356792 34.3142022516 33.183367492 33.4484337101 33.675867569 33.1075435888 33.9876469032 34.0374743032 34.1248403608 33.977892203 33.8780422305 34.3975368027
34.2996845263 33.3340473711 33.6302460337 33.0606251722 33.1754159565 33.8315200574 33.0287913164 34.1251876636 33.4413724873 33.0753345159 33.218546775 33.8445563316 34.0865408467 34.0182903391 33.3213007452 33.5996064677 33.2680237884 34.406560037 33.7962067688 34.3847196206 33.6651125091 33.8989604889 34.0142439114 33.4115213221 33.1687773334 33.7242429937 33.8621466118 34.0237891339 34.3396660971 34.0929732506 33.4402929538 33.1810997039 33.5948171304 34.0102596318 34.0843449864 33.2784225077 34.1119529636 53.348827932 49.1118954472 49.1118954472 60.5777257768 34.3619863392 34.1835538738 33.284281106 34.2697304009 34.2556231585 34.0895193055 34.1640162305 33.2844774444 33.5812109034 34.170303264 33.9534436354 33.2620057425
34.2507283563 33.861351986 33.8830809818 33.6460703037 34.0355852221 34.1350157192 33.7656990901 33.4709169211 33.2470411106 52.9330377514 52.9330377514 52.9330377514 33.6635111969 34.1939111322 33.6725818889 33.6485127883 33.6194505907 33.7515561625 34.3228891329 33.084457492 33.6987764163 34.205416206 33.4170112641 33.0257070868 33.4599769118 33.9120473303 34.0055469473 33.7339086264 33.6378844563 33.2800946813 34.0344041 33.77769112 33.7431263327 33.7658721811 33.3253449604 33.6549566596 33.5640566669 33.0431204265 49.1118954472 49.1118954472 60.9868782455 34.133129505 34.1741873046 33.3483374999 33.5760719136 34.153882656 33.5064577352 34.051537991 34.0894388601 33.1121626231 33.4063064233 33.2274767602 33.6717525819
33.4737653264 33.5828989117 33.4957868911 33.7860102935 34.0146878345 33.8525274597 33.3444841444 33.3693729818 33.4300116464 41.5298220648 41.5298220648 41.5298220648 33.1371680382 33.9160047014 33.1444158796 34.049967896 33.2693386629 33.6197702253 33.2479009954 33.2857051732 34.1762742798 34.1138211609 34.2191428224 33.1656292717 34.0836824742 33.9626355917 33.6754870932 33.8902950478 33.0818694335 33.9023314055 33.4237177571 33.7699180832 33.9753792289 33.4438832752 33.3280273063 34.0176859314 33.9091272269 34.0210460473 34.2551549067 34.2738558707 33.6432425813 33.7817747642 34.3197323321 34.2111090326 33.5090328444 34.0161496074 34.1414045986 34.0411139253 33.7592833788 33.534899963 33.1628049515 34.0716771895 33.806582268
33.7377704722 34.1314668322 34.4093267645 33.1876312836 34.3239053663 33.1031699661 34.193503503 33.5749010847 34.0479704032 41.5298220648 41.5298220648 41.5298220648 34.2879307166 33.5314608528 33.0238497462 33.8370409193 34.055192635 34.2141672484 33.9387853883 33.7155009879 33.2522661768 33.272708646 33.1913643606 33.4745280256 34.2764549519 34.0794082524 34.1150313523 33.8919164087 33.5934755691 33.0888668728 34.3376558703 33.201155349 34.0990900403 33.3368820825 33.0904308352 33.446937078 33.3949957269 34.242216572 51.26648364 51.26648364 51.26648364 33.3772061882 34.2733643327 33.6190802788 33.8290590907 34.380579137 33.5320770395 33.4172287997 33.4772432646 34.0365944033 33.7020095357 33.6754697492 33.5557612529
33.4354085319 33.7578342375 34.2655054442 33.8576032646 33.6416220889 33.7905814367 33.5137333254 34.3309886509 34.354644808 34.0966428487 34.2208080448 33.2967886398 33.8511809517 34.4042093628 34.1219567975 33.0776842211 33.4656090521 33.5074314952 33.5887473228 34.1475654183 33.0215138787 33.0934231701 34.295142879 33.8854788028 34.1038455646 33.1798925948 33.6067412454 33.6441053294 33.8515378577 33.7858155025 33.9601862911 33.0281269021 33.2542251258 33.9904708095 33.4563822965 33.518163961 33.9246595909 33.2781403478 33.6249720115 51.26648364 69.2894846305 33.5329084769 33.9716450609 34.404334916 34.3640791418 33.1139883072 34.3951431936 33.7505693472 33.5451760555 34.148095308 33.000294019 33.8008668214 33.5470005966
33.4992677189 34.021386364 34.3834478067 33.1131163287 33.4778070741 34.0092133153 33.1142806385 33.8448057799 33.9742134315 33.2414576016 33.7097433815 33.6126431803 33.1175503476 33.2180353193 33.9196860042 34.3198936604 33.2231778066 33.6657740241 34.3336870974 33.5265671372 33.2400706333 33.6740336001 33.5863061917 33.2441198967 34.0351967841 34.2352782148 33.7092089195 34.0186673333 34.3565380091 33.3928912442 33.6996711409 33.8733251002 33.1262953641 34.1549458436 33.3269248704 34.1165315609 34.325671744 33.9781377005 33.3886515838 44.6522102642 84.5855501523 84.5855501523 33.0290703468 33.4633733971 34.3916762526 33.0760396931 33.030400359 34.2106215652 33.8867849193 33.8478842296 33.5947742283 33.0510968999 33.4283869601
33.9932147872 33.7900718867 33.4223630195 33.7003498995 34.0515944917 33.2077052909 34.1985486312 34.1076141271 34.4094530775 33.3348257417 51.4255496743 34.268937555 33.9826782935 34.0008701793 34.3436508102 33.2426442339 34.1375532229 33.4917014847 33.5847195857 33.9343245022 34.0374671049 33.7422108472 33.4873149586 33.8872187533 33.8255809457 33.8173972964 34.0453756299 33.5455307765 33.5106987185 33.8643823579 33.8126328138 33.5561279425 34.28063474 33.1054880784 33.8765567681 33.2334136863 34.0204541345 33.503307037 33.6280066524 84.5855501523 84.5855501523 84.5855501523 33.0461205006 33.5052992236 33.6290817969 33.6145935435 34.2657787687 34.0186141449 33.9235815139 33.547227914 33.4104636936 33.4231130581 34.0240532418
33.6690133366 34.3108120748 33.2373811446 33.8292606387 33.8030543643 34.2878249386 34.1612779583 34.1289067848 33.0270643299 33.3417260006 33.0911141006 51.4255496743 33.3467803373 34.2846542116 33.1888222173 33.6911028095 34.3817841134 33.448071437 33.5672400039 33.1609318501 33.0797638497 33.5486882937 33.1495048693 33.578691611 33.4518094257 34.007514614 33.4053522444 33.8041231199 33.6325491422 33.747216131 33.7988781419 33.9506452586 33.9595617182 33.0346863187 33.3272069396 34.0069649816 33.1085040484 34.3549655054 34.1602000488 34.0080394356 84.5855501523 43.7192305262 43.7192305262 33.6542919174 33.171528067 34.3096294385 33.0027784815 33.7303269807 33.6424362957 33.6179478765 33.0183742258 34.2761682026 33.3782008579
33.0485678046 33.051849371 33.0487040708 33.7801046898 33.9032468649 34.0838412582 33.4359902734 33.2467490115 33.2407212028 44.61345393 44.61345393 44.61345393 33.8977695546 33.3736280737 33.4416144139 34.3909319485 33.7252528905 33.1864414677 33.9375407079 33.0367398214 33.1770264244 33.3845275808 33.4842092014 33.5767866006 34.1463314536 33.3889799602 33.9338722463 33.0746896148 34.3968598922 33.3300305835 33.5414923784 33.8695342493 33.9859566504 33.2609203104 34.3705003257 33.7086432807 34.0829213858 33.3705664151 33.8157101688 43.7192305262 43.7192305262 43.7192305262 61.808267019 33.4074609777 33.0533993405 33.9910034261 33.3374810582 33.0416418775 34.1382933396 33.208456638 33.5125318732 33.1136176963 33.5654112015
33.7993721521 33.0681638442 33.1902604284 34.1834993877 33.5344810879 33.6494972317 33.775375682 33.2430464683 51.203959377 33.4555158626 61.5058444894 33.0175124369 34.3780851628 33.6179688797 33.8725870853 34.2127358794 34.2118886276 33.3028761189 33.7906954089 33.7039107889 33.7217982859 33.3701232893 34.2049682798 33.0893952572 34.2793200685 33.3938213818 33.3763308886 33.8237075122 34.0626646198 33.8935552138 34.2568275683 33.2220973075 34.1695025094 34.2944581384 33.1397679125 34.0625818586 33.8943868795 33.7050267178 34.2524048355 33.911809492 61.808267019 43.7192305262 61.808267019 33.5997255054 34.0976500953 33.317940922 34.3374035602 34.0481679448 34.2236440905 34.3299975097 34.2129600859 34.0806220354 33.1241222835
33.7325622006 33.0303876977 33.2502584283 33.1042505955 34.1195448569 33.3496068996 34.0407291088 33.0252804628 34.3524511302 61.5058444894 61.5058444894 61.5058444894 33.8584593917 34.3884480463 34.3845807372 34.1966015276 33.5035344333 33.0457071509 34.3864952605 33.5846087681 33.8729166145 33.6217278119 34.2139786548 33.9238348132 33.707791696 34.1546666937 34.2158409266 33.830613917 33.7933096853 33.6538862772 34.0869524267 33.6661835398 34.2798829939 33.2588532577 33.8383582763 33.8389413285 34.1798733028 33.3342124611 33.7829134206 33.4368060894 33.3992047919 61.808267019 54.2247957678 54.2247957678 33.8067378276 33.7202313924 33.7550887571 33.1999095128 33.6959784353 34.1900319429 33.8818849315 34.3984739895 34.221099894
33.5608230969 34.2443168385 33.5756349726 33.9479890398 34.0507335943 33.2861053048 34.090130035 33.9912617895 33.2017312311 54.8076150429 61.5058444894 54.8076150429 33.0592527565 34.372674313 33.0523723674 33.4605482292 34.3774076528 33.8152275493 33.8093109885 33.6376818781 34.3085731733 33.2546464999 33.2658329293 33.6507592607 34.0799716397 33.43989046 34.2695333807 33.8344794613 33.1802785591 33.55227717 33.1150245522 33.378024547 33.1165978834 33.2986477513 34.2708321977 33.7032015189 33.0613728141 34.2833549877 33.3188384202 34.0407804521 33.5985920775 54.2247957678 54.2247957678 34.3760198137 34.2554721527 33.60111412 33.9805645012 33.519744184 33.3136839543 33.5999654978 34.3760421385 33.6418496055 33.9263672063
33.9628074458 33.8660354979 33.7059369016 33.4657516272 33.8155201578 34.2056725394 33.2836043614 34.2023284616 34.3705380837 69.0550436852 69.0550436852 69.0550436852 33.2262754363 33.1303571111 34.2821603211 34.2143444154 33.2655626563 34.2191633244 33.062785079 34.2967336852 33.1584762499 33.3965449331 34.1499728072 33.4977491951 34.35565851 33.7041450815 33.8084210531 33.8389778893 34.2341461737 33.008932591 33.653493263 33.2286451065 33.7022187895 33.660639743 33.6682492293 33.1700060692 33.8574252824 33.7011317498 33.86119919 33.3763451859 33.2684149397 34.2785750746 54.2247957678 34.0759941277 34.2230249668 33.8121509302 33.0675614186 33.8109798795 33.1495904694 33.5873553155 33.9917454442 33.0665945932 33.9136248927
33.4522984929 34.0875905629 33.2393653583 33.0713069141 33.46514779 33.2742349657 33.1693564142 33.3791478458 80.6431478869 54.6781902113 54.6781902113 33.7239998784 33.0896800378 33.4991407138 33.3867160753 34.4073192266 33.7228487887 33.5478254113 33.3722730713 33.75272294 34.1239876232 33.0894936817 33.9086645986 33.0491587928 34.0417240624 33.9351260425 34.0739898438 33.6444502414 33.5592079442 33.8113750145 33.1289270822 34.3704102198 33.290300897 34.1451866439 33.2214210814 33.7780044297 33.7720295778 33.6512678699 33.3000667014 33.7448030616 33.96255881 34.0821693995 61.6928720204 33.9349227371 34.3328924111 34.0676358117 33.329593788 33.4495305434 34.055368787 34.4066313751 33.7194451522 33.9855436173 33.7514313186
