Spatial_Output/BAU/BAU_1155.asc
NCOLS 155
NROWS 192
XLLCORNER 196307.867259
YLLCORNER 449144.565805
CELLSIZE 33.573938
NODATA_VALUE NaN
[rows 100 to 124 of 192, columns 56 to 111 of 155]
38.9127092946 28.0009097745 28.1329103078 27.7105722162 27.6224139224 28.1238749218 27.7294427472 27.9241429108 56.7670212209 56.7670212209 27.8651297286 27.6403806661 28.1539034179 27.5205800599 27.8250770831 27.8032010861 27.6170536232 28.1695997612 27.6133066592 27.82564728 48.7453850553 44.5267495398 44.5267495398 28.1701201812 27.5552856695 28.0756254532 27.5583543873 27.5705749579 27.8869439628 27.8502923388 28.0560052893 28.0286867926 63.2513868938 56.0574053124 56.0574053124 28.1826222438 27.5348846234 27.6238303089 27.9408150454 28.1734389933 27.5477336334 27.6951230811 28.199032226 28.0446027992 27.8845535583 28.0710515766 27.562398491 39.4178109732 39.4178109732 39.4178109732 28.0598227728 27.6959064013 27.6531490143 45.4230110255 50.0849884913 50.0849884913
62.9124985335 28.0245908611 28.1141618737 27.8152256226 27.6021249605 28.1433140006 27.8740739733 46.0835084673 27.5414911675 42.0847826755 27.6983516151 27.5283996747 28.1864373472 27.6241399044 27.6451983939 28.1182551656 27.6645325764 28.0850302842 28.1769631307 27.5093494844 44.5136296854 44.5136296854 44.5136296854 28.1840570253 27.702079919 27.7538556045 27.7218484814 27.515576475 27.729781056 27.5606962735 27.8135074819 27.9288555472 56.0574053124 56.0574053124 56.0574053124 28.0793598337 28.2048659307 27.645299162 27.9444407534 27.9696403755 27.6790128135 27.650120791 27.6782421839 27.514771345 28.1893009443 28.1163640353 27.8130065474 39.4178109732 60.164208659 39.4178109732 27.8995943193 36.1017088011 55.0247018859 55.0247018859 50.0849884913 50.0849884913
27.7904582294 27.9191581465 27.7353638305 27.8429313612 27.6854464413 27.596706096 28.0605676057 46.0835084673 46.0835084673 62.9582699043 62.9582699043 72.4469230494 73.8064615968 28.2055849387 28.0209566607 27.7666469894 27.8715468387 27.6237460184 27.6101106668 27.9678476538 55.9792153444 44.5136296854 57.9968758341 28.131540813 27.9953999233 28.0501417458 27.6475341464 27.763333393 27.6380969859 28.1199995667 27.5019712151 27.9065767164 57.4153004016 59.8493621599 57.4153004016 57.4153004016 27.5874932121 27.7340040791 28.1550118162 70.2667810269 27.8369231317 27.9591498234 46.6888307715 48.2175090847 28.1679700566 67.8976194763 61.4217800386 61.4217800386 60.164208659 60.164208659 64.3431997182 27.9896100701 55.0247018859 55.0247018859 50.0849884913 50.0849884913
54.6932483422 27.8459835608 28.0990262144 27.8592918098 27.8710939741 27.6327110586 27.7947787563 46.0835084673 46.0835084673 62.9582699043 72.4469230494 72.4469230494 73.8064615968 73.8064615968 61.2300584069 55.7715667814 44.729051863 27.7512662043 27.8832639809 27.891695306 48.7164441465 57.0128923524 27.8710753663 28.0866163769 27.6179301781 27.9619328855 27.5586696954 27.8738539706 27.8573491792 27.83995482 28.0213864759 27.861466835 74.87357959 45.6791745212 64.28673092 27.6723046176 28.1032192697 54.4807126342 28.1137809466 70.2667810269 70.2667810269 62.354838306 46.6888307715 46.6888307715 68.4615212089 27.6549852525 61.4217800386 60.164208659 60.164208659 60.164208659 27.5686459847 27.749101296 55.0247018859 28.0409385271 28.003594854 27.7414723135
51.1365587929 27.8996077682 27.5078617226 27.9837767802 27.9263933506 27.6453168235 28.1804942875 27.5992837931 47.9007706296 27.7553892462 62.9582699043 72.4469230494 73.8064615968 61.2300584069 61.2300584069 55.7715667814 63.8197598225 63.8197598225 63.8197598225 72.4365394103 57.0128923524 57.0128923524 57.0128923524 65.9898245589 61.562835147 82.5367203929 82.5367203929 82.5367203929 61.9653212013 61.9653212013 27.6300767014 65.1026434282 45.6791745212 45.6791745212 64.28673092 64.28673092 72.3347653291 27.8305332997 54.5002132407 70.2667810269 70.2667810269 62.354838306 46.6888307715 46.6888307715 68.4615212089 28.2067147966 61.4217800386 57.0119656188 57.0119656188 57.0119656188 28.1977297057 27.7445283407 27.5305151155 27.6222319723 28.0934349683 28.1443971378
57.5646072728 27.57910267 27.8420531914 28.062166034 27.9717326541 27.8163902954 27.6354323614 49.9743955859 28.0263658629 49.9743955859 27.51827773 28.0732809335 27.6528864999 28.1664130424 61.2300584069 55.7715667814 44.729051863 63.8197598225 72.4365394103 72.4365394103 55.6557295414 57.0128923524 56.6755632981 65.9898245589 65.9898245589 61.562835147 82.5367203929 61.6454227359 61.9653212013 61.9653212013 27.6511672635 65.1026434282 45.6791745212 45.6791745212 64.28673092 64.28673092 27.8030770531 27.8851899315 28.0214788147 54.5002132407 62.5060652519 62.354838306 27.9545184711 28.026803311 28.0524946587 27.840478425 27.7295314186 27.6495807647 57.0119656188 57.0119656188 27.8168344381 27.7464518843 28.1754889879 27.6281631897 28.0725538645 27.7452608396
28.0241376535 27.6707972355 27.6889764625 27.7292202411 27.5425928293 27.7543043974 28.0403830232 27.9936662795 49.9743955859 27.5396341977 28.1759596833 28.0714452064 27.7545329652 27.6767102056 27.8678083718 28.1770635035 27.5282014784 63.8197598225 72.4365394103 59.677510765 55.6557295414 56.6755632981 28.0673513485 65.9898245589 28.2068489678 61.562835147 27.5488119825 27.7694203978 61.9653212013 27.8574012164 27.8356850286 28.1890739282 42.9815636505 56.2311260911 56.2311260911 41.2847133656 27.7432559078 27.8439890293 28.1185786308 27.9893973712 28.1718062144 28.04926587 27.8185969122 27.7622721066 27.6081232119 27.8854197754 27.6920883915 49.151444479 49.151444479 49.151444479 49.151444479 27.7836032004 27.7253964358 27.8685113392 27.9589001187 27.7243543479
27.7397768921 27.5212904375 28.050906607 27.7234837391 27.9556630441 27.8920692157 27.716210378 27.5750938438 66.4495902113 71.9554452948 27.7381558362 28.0022223489 27.9799277696 27.8600092913 28.1614837738 27.8670399306 28.0690909242 27.9135265705 27.912751993 27.8721591384 66.6592195448 66.6592195448 66.6592195448 27.8762024417 27.8206508142 50.8967512739 50.8967512739 50.8967512739 28.1496870704 27.9625267039 27.9347872973 28.183887788 28.1838254565 48.4467210952 48.4467210952 48.4467210952 27.8980730081 27.6782271859 27.7768011837 27.6750423177 27.844755244 28.0360360342 28.0896184548 27.6890371112 27.500090743 27.6370997198 27.7846107143 27.9116638594 49.151444479 49.151444479 27.9718612153 27.6522555762 28.0096810793 27.8394056889 28.1264325582 27.8083440104
27.7206348448 28.2004930299 27.8534931141 27.9741868898 28.134935912 27.6259228892 27.9102125234 66.4495902113 66.4495902113 66.4495902113 27.8380691974 27.5902214298 27.6076924857 27.7947639904 28.2006362257 27.7752561233 27.5424042373 27.9160667798 27.510626475 27.6597735397 49.9147161134 66.6592195448 27.676500069 28.0656238853 27.7717300992 51.9565998106 50.8967512739 50.8967512739 27.9151928679 28.1337519231 28.1140130923 27.7611570203 28.1426502192 48.4467210952 48.4467210952 27.6314077452 27.5153251047 27.765796941 27.6437443883 28.1825018447 27.6574173218 27.8520933605 27.8211758892 28.1068142183 27.5890585058 27.6078801279 48.9545534132 27.5392494609 47.0157485574 27.9462789106 63.5976135128 27.8975787239 58.9354924929 50.9053551378 27.6459249412 48.7047314332
82.6737211513 28.0298938106 28.1082625762 27.8874880835 27.5700122581 27.816876276 28.1917307492 27.7257348804 50.7460843264 27.5772171284 27.93500478 28.1380787666 28.1460839595 27.5286402776 27.8092617797 27.7092319306 28.1659268554 27.923860068 27.7818422566 28.025764878 27.6776280244 27.6940645269 52.3578288523 27.9804872246 27.9575966869 50.8776725555 50.8776725555 50.8776725555 28.016137382 27.8463520319 27.950220477 52.7741721312 49.4128506509 56.6604838327 48.4467210952 64.0114893454 56.5622418225 28.0572741595 27.7190677877 28.042030618 45.1066601554 63.8163278302 39.8579329186 39.8579329186 54.8678330359 54.8678330359 48.9545534132 47.1961927874 47.1961927874 47.0157485574 59.0973067523 58.9354924929 58.9354924929 58.9354924929 50.9053551378 48.7047314332
27.9448273427 57.5818033227 27.5950994228 58.520201882 38.0350530062 28.024335789 62.0252642963 50.7460843264 50.7460843264 52.4888523366 53.3219078497 54.2125616826 50.1870776611 43.6751908863 56.2122447256 64.0177941406 50.7037794735 50.7037794735 27.5786726876 57.6988223002 53.1093928053 27.6805585111 48.2904111696 48.2904111696 27.9122162433 39.225869742 49.529002906 39.224061251 54.3350486507 54.3350486507 67.9206446115 52.7741721312 52.7741721312 43.1696721424 54.381327113 64.0114893454 64.0114893454 56.5622418225 27.5680742074 45.1066601554 45.1066601554 45.1066601554 39.8579329186 39.8579329186 54.8678330359 54.8678330359 48.9545534132 47.1961927874 47.1961927874 47.0157485574 63.5976135128 27.6616379621 58.9354924929 50.9053551378 27.9614754203 48.7047314332
54.709006098 28.0512474604 58.520201882 58.520201882 38.0350530062 28.0046123508 62.0252642963 67.6740501209 52.4888523366 52.4888523366 51.8862377371 51.8862377371 54.2125616826 56.2122447256 56.2122447256 56.2122447256 50.7037794735 50.7037794735 57.6988223002 57.6988223002 53.1093928053 38.208080418 48.2904111696 48.2904111696 27.8750213543 27.8703760631 49.529002906 49.529002906 54.3350486507 54.3350486507 67.9206446115 52.7741721312 52.7741721312 56.6604838327 43.1696721424 64.0114893454 54.381327113 56.5622418225 28.1787203915 27.6092501292 45.1066601554 28.0053792644 46.4387877518 27.8735280939 45.8664441987 54.8678330359 28.0612124924 28.0664527829 59.1958648162 27.9181251963 59.1958648162 27.9114276206 27.7969332567 27.5694907183 27.783997251 27.6534752556
54.709006098 27.5906592584 58.520201882 58.520201882 38.0350530062 27.693408743 62.0252642963 67.6740501209 67.6740501209 52.4888523366 51.8862377371 51.8862377371 54.2125616826 28.0370772354 56.2122447256 56.2122447256 50.7037794735 50.7037794735 57.4122407691 57.6988223002 38.208080418 38.208080418 38.208080418 48.2904111696 27.5597892969 39.225869742 49.529002906 39.224061251 53.2535302228 27.7961250507 67.9206446115 27.6485511159 27.949686807 28.0609422306 37.1536973042 37.1536973042 27.6131075588 27.871544536 27.5443569697 27.5692924187 27.9573125557 27.8174025248 27.5380760235 28.1727556363 28.0751101196 27.6203234452 27.9879086979 27.9793158506 60.7977457472 55.30715154 60.7977457472 27.9748896702 27.9519746872 27.6283151397 27.8750480103 27.9340851773
27.5131922662 28.0390569221 27.7852156606 58.520201882 38.0350530062 27.9949280917 28.050166091 55.2231663062 55.2231663062 55.2231663062 28.0908764614 27.7947191275 27.709661705 27.9186092949 28.0154101968 27.5188505016 27.6403269501 27.6209993399 27.8617237374 27.6165928077 27.9536185784 27.6759369439 27.5127256532 27.8082616032 27.7994580405 27.9628295046 53.2535302228 53.2535302228 27.7927153803 27.9086985095 27.9804146535 27.5439422022 28.1895860819 37.1536973042 37.1536973042 37.1536973042 28.0284182589 28.0577634007 27.7979662758 27.5760720791 27.7974043006 27.9188006589 27.5503442009 27.7160373053 28.0843962449 28.006723075 27.6988296158 27.9666534047 55.30715154 55.30715154 55.30715154 27.9806285501 27.6900356234 27.6733985052 28.161965139 27.5524785921
27.6118158254 28.0265438237 27.6311759431 27.6509344862 27.6882392234 27.7265912486 28.0675041649 50.1148983041 55.2231663062 27.5270866656 27.5326364154 27.6491463016 27.9871018703 27.919909617 28.1715927055 27.644226587 28.0066178707 27.8104287046 27.574372228 28.0354064139 88.7337173465 88.7337173465 88.7337173465 28.1489210243 27.6965781542 56.5865192068 45.3790667873 27.8460818522 27.533930299 27.5115901935 27.9517578114 27.5823262464 28.039051709 28.086169813 70.1298690386 70.1298690386 70.1298690386 28.0412254942 28.18839267 27.6022817471 27.813092211 27.719600218 28.2033700627 27.6698835258 27.9426496742 27.5003239568 28.0567976727 27.5460859877 28.1980845427 61.8805757051 27.7910504173 27.8920909762 28.1165960907 27.9897319823 28.150270901 28.1112576813
27.6492296302 27.9018409053 28.0617792404 27.6449370602 28.0023767186 27.6425311344 59.5151891218 59.5151891218 59.5151891218 27.5766645595 27.5201823475 28.1413161246 27.8773630878 27.8457772935 27.8761234778 27.7479540583 27.9548640113 27.8169821285 28.0734282003 88.7337173465 88.7337173465 88.7337173465 27.9029795692 65.4172303359 67.1567922538 58.0947571884 58.0947571884 45.3790667873 41.7195742713 58.7572355979 28.1300169607 27.5967562318 27.9478878563 27.9165059471 49.887172093 49.887172093 49.887172093 27.9814659962 27.8597395438 27.7878193181 27.7483940221 27.6575539618 27.5251802496 28.0900292766 27.5615615353 28.0454506611 28.2010304108 27.8065962636 58.1487506782 49.567836427 58.1487506782 27.7974536527 27.5187613085 27.9651612215 27.8776746837 27.9607621495
27.8064525253 27.8103485562 27.9793175882 27.6270222479 28.180780074 28.118928775 27.8257106755 71.0622400693 59.5151891218 27.9387347157 27.9984833198 27.5558281736 27.8456465765 27.9159456958 27.5503280582 28.1179755772 27.8014740818 27.5633164131 27.8212859654 27.6717862093 55.1522982125 88.7337173465 55.1522982125 67.1567922538 67.1567922538 58.0947571884 58.0947571884 41.7195742713 41.7195742713 28.132748201 59.2549956533 59.2549956533 28.1912300257 62.8454207496 49.887172093 75.028385531 62.8454207496 27.5579147202 75.5930868519 43.3889725402 58.4237552212 45.154625931 42.7144986068 47.9289078468 60.3063513303 28.0957041298 59.6196862509 59.9647671351 59.9647671351 49.567836427 49.567836427 28.1191196138 37.7311685391 37.7311685391 50.0332274064 48.490555976
53.6613512923 43.9507239093 43.9507239093 27.532983046 45.3395962497 27.6604260199 71.0622400693 71.0622400693 71.0622400693 27.716799886 27.6523939491 28.1158710552 27.583003122 28.1090736751 28.127552885 28.0749489464 27.5759131596 28.0171741711 28.2050902456 27.8258682506 28.0403845146 27.5529023883 49.9445328881 65.4172303359 65.4172303359 27.8689413078 56.5865192068 27.6489601312 58.7572355979 28.1413102084 59.2549956533 59.2549956533 28.2055126503 27.751392965 75.028385531 75.028385531 75.028385531 75.5930868519 43.3889725402 43.3889725402 58.4237552212 58.4237552212 55.636495188 55.636495188 55.636495188 59.6196862509 59.6196862509 59.9647671351 59.9647671351 49.567836427 49.567836427 49.6615562374 37.7311685391 37.7311685391 50.0332274064 48.490555976
79.009165366 79.009165366 43.9507239093 65.0586696476 27.9173591368 28.1836974362 41.662156457 71.0622400693 40.2414847338 27.5111221894 28.2048406294 27.5919379559 27.7386052181 27.5341725192 27.5285877884 27.5420905588 27.6193252225 27.6179859049 28.036677279 27.9180238876 27.8854792578 27.7347589314 27.8997611734 47.7060855021 27.5251272667 28.0988818414 27.5839527017 27.6144769847 27.7029890838 27.6993527241 27.5271123535 27.5202793065 27.8649718185 27.5134685586 74.8173230677 75.028385531 74.8173230677 75.5930868519 75.5930868519 43.3889725402 58.4237552212 45.154625931 42.7144986068 55.636495188 55.636495188 75.1632241015 59.6196862509 59.9647671351 59.9647671351 49.1690037458 62.9700986768 27.7242947436 28.1721988117 50.0580990836 80.7342044024 48.490555976
79.009165366 43.9507239093 46.3128443229 65.0586696476 27.6451177996 41.662156457 41.662156457 41.662156457 28.1861092484 27.6956816347 28.1413063955 28.1018134246 27.6481966795 28.0064523433 27.6475771121 27.6478069783 27.6477821833 27.7711134633 27.6604946785 27.9596264045 28.0830981999 28.1301968789 47.7060855021 69.9940588182 28.0675436348 28.2021182685 27.7116858802 27.6023121212 27.9238414116 27.6536245405 27.9909347378 28.1515876391 27.9568382402 27.7140467151 45.4343154797 45.4343154797 45.4343154797 27.9853736265 28.0921015742 27.6388481256 28.0766706776 27.9327274773 82.1186876568 55.636495188 27.8867337505 27.9766786309 27.8698868076 27.7281172399 43.432726049 43.432726049 43.432726049 27.5295308323 27.6040048868 28.0504681778 27.5330159913 27.6233503625
27.5215718421 50.1528333386 50.1528333386 27.6168967131 27.798937733 27.5918883219 28.1618138436 27.6225014658 27.8018260172 28.1981244357 28.1178235815 27.8616837952 27.5850323689 28.0146078822 28.000921568 27.763823209 27.5164447748 27.7892461841 27.7692911983 27.7674455443 28.0446871125 27.6053881154 45.2688561823 85.1187637862 45.0557688969 27.5762096514 27.9825380181 27.9309204822 27.7323533546 28.2010116745 28.0222938718 28.1181513271 28.1446397562 27.8812433469 60.7829902148 45.4343154797 60.7829902148 27.9023421994 28.0606555769 27.5441434939 27.9513317036 27.9276714071 27.5725424482 28.0643147296 28.0537714324 27.9659416506 27.8930984 27.9775804325 66.4446357112 43.432726049 66.4446357112 66.4446357112 28.012365707 28.1662640997 27.6612662695 27.7361808607
50.1528333386 50.1528333386 50.1528333386 42.4214541722 27.8647187902 28.0791504406 27.6152025265 41.1787446419 27.8262852157 28.1774262103 27.6790094514 28.0595800084 27.5275394121 28.0123548851 27.6415171273 28.1297333934 28.0277945931 27.5646783395 28.1523597886 28.0581379252 27.851667969 28.1518443366 45.0557688969 85.1187637862 85.1187637862 85.1187637862 27.9886270531 27.9123986977 27.6807537744 27.5669174291 27.540951451 27.5405704882 28.117973516 27.986406988 58.1312103296 60.7829902148 58.1312103296 27.5944582498 27.8352187845 27.647046125 27.5139782671 27.7684055378 28.0433383505 28.0455379872 27.6479855871 27.7817296874 27.6095415186 27.8685878498 27.8797400519 27.5666348198 28.1511861255 27.7265332836 27.5889766576 27.6557889771 53.7267385818 69.0468729861
27.7553748538 28.0569549192 28.0748207187 54.4383609822 54.4383609822 27.5023054341 27.9395825766 27.8418542129 27.8774476081 28.1173844306 27.6117896719 27.8475293678 28.0327425374 28.0677510896 28.1428143286 27.6031843557 27.6539407246 28.1220280797 27.8702062405 28.0627005315 28.0979104654 27.5314714746 27.7422301745 85.1187637862 77.7937092233 63.462290873 28.1794385567 28.1678755186 27.5611161893 27.83568017 27.9947759176 27.8235502131 27.7381820502 28.1029761411 72.6661260886 72.6661260886 72.6661260886 28.0597283428 27.7917707315 27.5706633475 28.0823357585 27.8798268406 27.5349632603 27.5489175912 27.8234966073 28.1634137305 28.1253654909 28.0106825496 28.1978982171 28.0230594735 27.5311755061 28.0698225991 45.6857964785 28.0956460607 27.9234973076 45.2443227207
27.8479456507 27.7527893701 54.4383609822 54.6124152258 54.6124152258 75.93181442 27.9986341923 28.1357146007 27.7081479392 27.931358712 27.8853807524 27.6396165167 27.5350276112 27.5705075087 27.5438180989 27.7338855106 28.1823460668 28.0326660673 27.7834795858 27.8090363005 27.6376494684 27.8993391579 27.928824497 63.462290873 77.7937092233 77.7937092233 27.6234027197 28.1703605094 27.9202348779 27.631574588 27.6635474601 27.7988670616 27.6092821307 27.9724752774 27.5953943161 72.6661260886 72.6661260886 27.5361894231 28.1318278052 27.9808859097 28.0931111407 27.51781587 28.0051669472 28.0594393559 27.9827963973 27.5814463672 27.8976570669 42.2340900612 47.3594682436 64.8059960064 58.5110137163 74.6706012963 74.6706012963 45.6857964785 53.7267385818 69.0468729861
27.8171661889 27.941959991 58.9210806837 56.4934569959 50.1237155548 50.1237155548 76.3683258939 27.9562153748 27.5944640452 27.8580181902 27.7786744709 27.7001849188 27.5660083676 27.9648044377 27.6648199425 27.8034784532 27.7172997789 27.8313111667 27.7231743946 27.7702248113 27.6254491498 28.1068271813 27.6659458232 77.7937092233 55.2000715412 55.2000715412 27.5920866541 27.5032803443 27.8949067777 27.7944395557 27.8746603893 28.096501111 27.5805466775 27.5965494514 27.6025469339 55.2258905314 27.7793347386 55.2258905314 27.7051494051 27.7560854694 27.5492083414 27.9217268438 27.7267210339 28.1508452167 27.8879665488 71.9659968916 68.8664710345 58.4353189302 47.3594682436 47.3594682436 58.5110137163 74.6706012963 27.9923749783 28.099992668 28.0691761851 27.9979847602
