Spatial_Output/BAU/BAU_0580.asc
NCOLS 155
NROWS 192
XLLCORNER 196769.923733
YLLCORNER 449719.875193
CELLSIZE 27.603701
NODATA_VALUE NaN
[rows 23 to 45 of 192, columns 53 to 105 of 155]
28.039667788 27.2933265264 26.9862506871 26.6291657696 26.8512655394 27.6380715629 27.1576289032 53.8223968174 53.8223968174 53.8223968174 26.9452033981 27.7805978 28.3860480057 27.1880750466 27.0619569192 27.6264621925 28.1844533507 27.6097369275 26.8584104292 26.9809791775 27.9912829801 28.130642695 27.2546822376 26.7900760579 27.8997732695 26.6492246885 28.3244588783 27.3705262611 27.6649415535 26.5454943419 27.6239257367 26.5600219724 28.5764759286 28.0382094426 28.282965214 27.8499661945 27.0620379275 27.7603591094 26.8089876345 27.227390811 27.2268873949 26.6146481279 26.6014778214 26.8010705214 27.3720913445 27.1346090663 27.6354749924 27.9516657947 26.8477682821 28.0287310347 27.8240942743 27.920274285 27.8509362853
28.5841828604 28.3275095888 28.1417384338 28.3520387495 27.29327229 27.7947643117 27.4368414629 28.4815667015 46.4261078834 27.8123611806 27.1477969594 27.0756291448 28.1880494506 27.0095608954 26.7466263107 27.1650285616 27.9641238188 27.2527512423 27.8053292513 27.8193196157 28.1482949299 28.1926891502 27.5935357042 28.4552984747 27.793986405 27.4300016562 27.1638641274 26.7432155049 28.0230262717 26.5369686592 26.9567457908 27.5575312644 27.7265951085 26.9306618761 26.8148086675 28.0661997366 27.1960249438 26.6879955448 27.4712829167 27.1876417016 27.162387196 28.6162477143 27.7263530169 28.3892469452 26.8200138466 28.5007002075 28.0573269343 27.3362627904 28.3089151705 27.0972735944 28.0506819198 28.5432084896 27.4472933262
27.2719214392 27.9990725549 27.3631868185 27.1312711592 58.3956045719 58.3956045719 27.2451777957 27.3705986282 26.6262748728 27.8832487008 27.4720029702 28.5680351199 26.6852156382 26.6658840987 27.065804907 28.3638892051 27.5054958492 27.8461741314 27.1802769555 28.5278410005 27.0427890145 27.0935058075 28.3542372907 27.2114797947 27.4238275627 26.5726168569 27.004363856 27.5524248833 26.8641739269 26.6452592954 26.6089671738 27.8725008391 27.5536555129 27.751774378 27.5214035736 26.6438377024 28.4857766791 27.549676814 27.4945066161 27.3098458463 27.8587063942 27.801524958 27.6440751634 28.5358500955 27.1868110771 28.2822218504 27.3202516468 26.7732296252 27.974782939 26.8286339082 26.7881845482 26.5810939533 27.6274000665
27.9409979241 27.4150800676 26.9851355426 28.1256745275 58.3956045719 58.3956045719 27.4495600091 26.839681515 28.1867254849 28.6072366717 26.73846579 26.7076599126 28.3690009575 28.1758194524 27.3082968216 27.0167659022 27.6239620155 27.1349731116 28.0425757949 27.8222028675 28.620936094 27.7028859659 27.4599596214 28.4909772078 27.0430459819 28.3921721113 28.1641752037 27.6216431235 26.5781607878 27.8159486129 28.3971668488 26.5406085504 28.3003967317 28.4313560916 26.5547026437 26.6615401258 27.868994673 26.6112604051 27.5762953743 26.7940328331 27.7730855628 27.5038123397 26.6476486581 28.1574932573 27.6622053565 27.3735877574 27.0962133631 27.8265287102 28.0324918906 27.3419600491 26.9377095755 26.5181698407 28.2809939013
28.0523872774 27.1160106613 28.0290101095 28.1887453833 27.3836946093 46.5932258938 27.9650968813 27.2660275678 26.6476184911 26.815880497 27.9621295154 48.4364757007 26.8726630584 26.5378890118 28.1013925374 26.9111968352 27.4214356323 26.5541295874 26.5904938011 28.3803375826 27.4936669555 27.6858707954 26.7128706412 27.1496219287 27.8803156866 28.1211793277 28.4859963008 26.860612696 26.9336873037 28.0796339117 28.3045563814 26.5012151386 28.4098667729 28.0905390903 28.2883354675 27.7748149706 28.4224496575 28.1879954981 28.3972150806 28.5813139266 26.8654075933 27.8682614793 27.2632270673 28.2291202162 27.3795676244 27.5604086119 28.099808376 28.0974176954 28.5576431592 27.3809897719 27.2751017652 28.2524008559 28.562997587
27.8508890935 26.9908409476 28.5518133343 28.2918832527 46.5932258938 59.7989684652 46.5932258938 27.9881823305 76.9584533308 60.0104587572 54.2181910501 48.4364757007 48.4364757007 27.9118191989 27.0257252046 28.3347899513 27.7896862738 27.0356864176 28.5144850166 28.3652244813 27.4796548697 28.2759718818 27.9683581461 27.4618125897 27.7923951749 27.5355307351 27.3831380943 28.2949114775 28.4594029122 28.3826027965 28.4350806278 28.0796912057 28.2083182915 28.6129141891 27.0380516322 28.1968238337 26.5090630486 27.1784611937 27.5397012675 27.9952305478 26.7928562895 28.4578195458 27.0117012027 26.7531314 27.3620310661 26.6886600473 28.5252600361 26.7816930305 28.3274097203 28.1376917227 27.1035459351 27.584799097 27.5321216834
27.7993820063 26.5123242155 26.7090420968 28.4720394257 59.7989684652 45.3184508702 59.7989684652 27.4887626272 76.9584533308 54.2181910501 54.2181910501 54.2181910501 48.4364757007 27.0811948877 27.061610391 26.804364611 28.208623019 26.5445823439 26.5591004037 27.5472040822 28.0999899169 28.5082654815 26.7803246327 27.6180940141 28.1160782194 27.4186738624 27.2086077778 27.7877907756 26.8378698932 27.7001487174 27.7063498472 26.8900772185 27.9824497925 27.3109802217 27.7703534937 28.4212240888 27.6674625263 27.6196094787 27.6837562746 26.8540644983 27.5578316161 28.1576680333 27.1251322733 28.4489032032 27.6335445923 28.3863658278 28.55052388 27.5221559333 26.7669595208 28.4783416177 27.2503078413 27.9892832837 27.1996919524
27.3274159097 28.4239509205 28.047161272 28.3703144432 45.3184508702 45.3184508702 45.3184508702 56.1342168242 76.9584533308 76.9584533308 60.0104587572 54.2181910501 28.4887700247 27.426911667 28.5699582124 27.2251593632 28.5646375374 28.3509821444 26.7330776193 27.6179212247 27.175829073 27.05396694 26.6610567336 26.6088485267 27.4177901592 27.2809849638 26.9852710994 26.931578002 27.8452653268 27.319343967 26.9869427228 27.1154865484 27.6126757829 27.2886564753 26.5351656746 27.2414487685 28.4362457762 27.4800501056 26.5237921693 26.9495094355 27.8815175115 28.1800420097 28.0870355732 26.5453253216 26.6608227793 26.5842739899 27.5807377255 27.5598245818 28.1428117297 26.9219062837 27.9995621608 27.9364747033 27.4347964273
27.3304412085 26.5662266402 28.5174509507 46.2815230863 45.3184508702 45.3184508702 45.3184508702 62.4383546343 49.079045777 27.7780285687 27.620147154 26.5745961711 27.8804925212 28.1683712861 26.5878575239 27.2016745367 27.7796819891 27.1500617865 27.9645410311 26.927939797 27.6928789069 27.5778542847 28.2870175489 27.0231705387 28.4565538076 26.6838662649 27.5647704453 28.2020581799 28.6106355495 27.6227157143 27.5373771734 27.4015338226 28.0459331168 27.7168407216 27.9513037612 26.8844800665 27.2742372588 26.8752594158 27.8834178037 27.2546481557 27.3545213118 28.4825317456 28.0306030237 27.5955559335 27.442696088 27.2523035553 26.8797721901 27.2456557969 28.400044577 28.4621280945 28.2866010466 28.0492253138 28.0390063422
26.5645023972 27.3971661875 27.374082039 27.9443460089 57.0047947696 57.0047947696 57.0047947696 28.3893102958 28.5641386562 27.8529125301 27.020167827 28.5688345765 26.7977237045 28.3134225218 27.9773539894 26.7331645617 26.7805035782 27.4389294849 26.6339282086 26.6523130264 28.4891614649 26.6642131087 27.151806128 27.2503871429 26.8558102351 27.0431715182 26.6025601972 28.2170703194 26.5735868289 27.5007898674 27.1106239138 27.0615571437 28.4362018044 27.2150825191 28.1771192345 26.616068211 27.9310555907 26.8370216924 27.8324169124 26.8150144497 28.601154328 27.5950230919 26.9281229423 26.8363263914 28.4445665716 27.3836345649 28.1373367489 27.9389230555 27.8534656097 28.5305940342 26.6088335308 27.2487996099 28.3693779586
28.4156629955 28.5414767609 26.7695220415 26.5871934483 66.391036529 57.8840942908 66.391036529 27.8876087502 28.4746972247 26.8114702709 26.9164222188 28.1519360368 27.9977586082 27.757942993 27.1404720509 27.4205452403 27.1136820833 27.3217742087 40.5317582337 40.5317582337 27.2065208572 26.5822736206 27.2964905966 26.8962519766 27.0276094141 27.8675428109 27.0496921426 26.5876156391 28.538325302 28.2125235195 28.5143767227 27.8837148663 28.0323711446 27.0892049892 27.395952736 26.9475111017 28.1941928456 27.7336220897 27.8052026069 26.5914472259 26.5634410364 26.618051911 28.3268861564 27.3459943225 28.4687427932 27.1424415648 28.43678733 28.1596653744 27.4267218784 28.5648709903 28.5562614315 27.0336222696 27.8966569185
28.0906715274 28.4946550524 26.6072476619 26.5869226072 57.8840942908 65.147713567 57.8840942908 28.0656695779 28.3262694923 26.5499706415 28.5236223765 28.3909918374 26.5151315728 26.9462024798 27.661914217 27.6173947818 26.6264386471 40.5317582337 40.5317582337 26.9997567363 28.4177901196 26.7548445658 27.081574931 27.3146222769 27.9630117524 27.6187799903 26.986201424 28.471382278 28.5678053525 27.6551288685 27.9300551851 27.6192144135 26.8552235955 27.3321898765 28.514932102 26.8034778491 27.890591429 27.2182705924 28.3005369333 27.3437941989 28.5719843765 27.1485206523 27.4812269074 27.7740564875 28.0261922771 28.0369630112 27.7068627496 27.7832679591 27.0882963831 26.9187705561 28.2038143022 26.6473166886 27.0044167002
28.4420349451 27.6390764317 28.5964948848 28.0912132377 53.7469647155 53.7469647155 53.7469647155 27.2348931479 26.8646454495 28.339190564 27.6073753875 26.7866260223 27.3915776016 26.527511744 27.2310292808 28.020647785 28.1610526345 40.5317582337 40.5317582337 69.4277576335 28.1928849355 27.0161227902 26.5977173223 27.6939936495 28.410738528 27.6528656619 26.5536075991 28.6069453359 27.014099953 26.5338125621 27.2323547463 26.5498466183 26.9076153208 27.9999607713 26.7663737901 27.0959296536 27.2602175449 27.1883417641 27.1267154745 27.7045000356 27.9765232732 27.7962126662 26.7344634108 27.5834285908 28.5028853436 28.1980241353 27.6009771757 28.1270423132 27.1120189562 27.6329721273 27.5965427005 28.352730726 27.6468575149
27.6497602648 26.9463390586 26.6144100116 27.2146910236 44.2763213911 53.7469647155 53.7469647155 77.9020664096 27.2693361729 27.9724244602 27.9087308916 28.4458219403 28.1408499583 28.0176410515 27.0817867215 28.2535139486 27.9002518178 69.4277576335 69.4277576335 26.7372900723 28.1009746338 26.5614819761 28.3810208324 28.3802351435 27.3559030417 27.6460080783 27.3598941768 28.2828766506 28.1406011491 28.1787270035 27.2197902282 28.4276571493 27.9147281301 27.1266557831 26.7020059201 26.5914881837 27.139150081 27.3193144282 27.1054581118 26.87259481 28.1836780127 27.7113183125 27.8747320877 27.2815278278 26.5194207231 26.9008857893 28.6142275186 26.5752292046 26.8720349301 27.3813253646 26.5180680265 27.555666713 28.2910153353
27.579068742 27.2005398985 26.7048524133 27.8416160602 28.0922499903 77.9020664096 77.9020664096 60.8689251576 27.4244769076 28.0720621116 27.7008156489 28.3733668919 26.6901023234 28.1464522099 26.9963653537 47.6042481477 57.7909152984 57.7909152984 26.8866237084 28.1409401252 26.6096238931 28.5153354328 27.998410459 26.7226909392 27.4355269343 27.5106559338 26.9288163096 27.3248860831 27.2784027172 27.8769758637 27.7390118391 28.5679114186 27.5482842382 28.0647474161 28.0915827784 27.0694352062 27.9834638833 28.3403173544 27.2968903226 26.5373265866 26.8859607572 26.7470586321 27.1860971072 27.8004704351 27.5016288301 27.4600223249 26.9610944194 26.5564603196 26.7008942783 27.1454834179 27.951572873 28.4946905074 28.0570407904
27.6710849906 28.4778891186 26.6586721274 28.0522181388 28.0479648898 27.8153274704 52.2939535296 28.337329711 27.2248124939 26.7539918203 26.6255018017 28.1780897552 28.6023564108 27.0458406508 26.8389607398 28.5596665879 57.7909152984 57.7909152984 26.6205839898 27.8728254839 27.3107319219 26.5039246172 27.2538171269 28.1357583859 28.2124888186 27.047053362 28.5830365259 27.5484625752 27.5400513417 27.7600198132 27.6934127834 28.5825493244 27.7815498901 28.1453827224 27.2325617218 28.55787592 27.4453750665 26.6981495344 26.8216196109 27.8700176512 26.8529449105 28.3540879942 28.5555679671 26.5211434923 28.1334220913 27.896661084 28.319416526 26.7288520887 27.067973502 27.4941813147 28.2116871213 26.9555635565 26.5222245302
28.1749758008 27.0696103226 27.625733469 28.5344684651 28.1425309793 27.5885051878 27.3227352337 26.7377112193 27.2267013129 27.1222581445 26.6463312038 28.1698686222 27.3128738795 27.9508590545 27.4733072592 28.2023030177 27.7651420596 27.9105327748 27.1645530092 26.833802263 28.2729075287 27.3498125176 27.3729632443 27.0979711647 26.6765492751 27.3701492079 27.1509120635 27.2602506172 27.3586381466 27.0555379079 26.5561788702 28.4880912833 28.187810588 27.2273720493 27.996483857 28.4973487615 28.2810568515 27.6399993473 27.4740411551 28.3163035513 28.4045245791 28.6204451146 27.6204590653 28.5576044282 27.8412795472 28.098484976 27.5496001878 27.98397545 28.1201449789 27.1596776331 26.5538293165 27.7870687105 28.2259042163
28.614640803 27.9484256333 27.4904783487 27.5153166057 28.4627735084 28.4764698401 27.8550395909 59.142607021 27.4635212774 27.4275343153 27.6252584397 27.0717193724 27.5181076377 27.4221722842 28.1678626675 28.0215757914 27.439132353 26.6447798056 27.3334236865 27.536547521 27.3358340107 26.5358251578 27.0896386936 26.8396400818 27.3121661866 28.2204485529 27.1016997021 26.8048172503 28.4854820152 26.913162652 26.7546004549 28.0147220505 27.7869013189 28.2286864845 28.1373398061 27.7272583286 26.9276245036 27.2594165115 26.7875981175 27.3595684405 27.1116109814 27.758993684 27.1207718231 27.9819789966 26.596252967 26.8760470848 26.7889336287 27.0869697888 27.6034266244 27.5913605694 27.1240343267 26.6284415229 26.5665225173
27.6397887858 28.5773756927 28.110163386 27.610717478 28.0916354996 28.2896438536 28.3600005105 28.0175735001 27.3142394633 27.9325031478 28.4116765118 27.1114601164 26.7270495418 28.3624149396 28.0282251245 28.0147075811 28.3166290358 28.5967314439 27.9276824922 27.1129686197 28.0017899751 28.470677694 26.6144631846 27.1176942956 28.3094747844 27.5044031684 26.5786544123 28.2764041978 26.8482020935 27.3146321415 27.2248692477 27.7299970507 27.3728096867 26.5245935485 27.298035986 27.0683112064 27.9924298077 27.7329707058 27.7290192943 26.6572360004 27.7343883274 26.6894765551 27.3270248564 26.6654791281 28.1260257361 26.9679683863 26.5266424365 27.1096964759 27.5386153266 28.0221373345 28.3165609146 26.8514883312 26.8887920542
67.0278546527 27.7524916102 52.2134471806 68.9209469709 27.9771312298 27.2454076124 27.7683637456 28.4523589927 26.639547669 28.3857364892 27.2554153979 27.5883851246 27.4693765025 27.4592598749 27.447318548 27.5914504441 42.9214227938 27.0615611104 27.8279891341 26.5531235286 27.0326452342 28.5296875321 27.1187842266 27.8956690134 27.6136348313 27.2652072325 27.9318579626 28.420288384 27.2887937159 28.2999118999 27.1929257915 26.5291584083 28.1718499727 27.0419490295 28.2748885527 27.483689232 27.7446819243 27.1391146616 26.85582044 27.1707508358 28.1095701603 27.5198357541 28.0083784441 27.6785474353 27.6326682377 26.6893472954 28.4599845881 28.2297838226 28.3442346892 27.1233863832 27.8865277606 27.8074204767 26.7349000427
27.1396724006 52.2134471806 52.2134471806 52.2134471806 51.458122369 68.1427701496 52.4581733652 28.5702489552 27.1824960482 28.3116592361 27.897404066 27.0424201145 28.0386533448 28.4582677387 26.784714903 42.9214227938 27.7009372093 28.2031912012 28.5771141172 26.6448733378 27.6646682331 26.9905069959 27.9687020669 26.7335214569 28.4209385618 26.7030364913 27.4520751041 27.9952439743 27.1839839318 28.0974602633 27.8325806668 27.8171617142 27.5265222357 26.9444572247 27.6645245928 28.169709039 26.6801410665 26.6464400648 26.5956680086 26.6950891403 26.7308515949 26.6944952755 26.543311598 28.1351943529 26.9034929779 26.5046429658 28.6140940449 28.0719255342 28.4771246172 27.2355423517 28.0538769225 27.0492525937 27.168829646
67.0278546527 26.7187467585 52.2134471806 27.3803287555 27.4278666262 26.5174956819 27.3497072125 26.5996035244 27.1766851939 26.7523203452 26.7363783529 26.6662035306 28.3673156456 26.5311595149 26.6922506544 27.1010909619 26.6710343699 28.2061709734 27.1221410102 28.1285440748 28.5616745683 27.0345056413 27.0399805525 28.5904601004 27.4648231001 26.8118721804 27.5702072201 26.6723692108 27.1685852895 28.1390830568 27.3189961518 27.8383484456 28.4440753865 26.6663189122 26.9288645804 26.6988200258 27.0969298935 27.6571311874 28.2114606951 26.7502337831 26.9907442507 28.0217130253 28.3700933803 28.3097380901 27.7578475134 26.7490460372 27.3428339085 27.6588124676 26.7620190133 28.5053173775 27.2390677466 28.0102140137 26.6284116247
27.0790102046 27.4440793861 28.0340530274 28.4336711924 28.0595281891 27.6470872857 28.3797818786 27.8293509274 27.1220215683 27.7193580372 27.1119034795 27.0832492609 26.8824023315 26.7023302478 27.8724709754 26.9917225518 27.3798741335 27.5052536647 27.716316292 27.6028793121 26.9908392201 27.8974582406 27.2648589527 28.1974622897 27.4880466021 26.6836453137 26.7786572076 26.9269863993 26.6181228274 27.8945105068 28.4996118769 27.2094380298 27.3980505977 26.5443375772 27.1968826667 26.9107950923 28.3160350746 28.4247558604 27.0266378827 28.472778966 28.5446070334 27.2894952401 27.6704680265 27.4787736012 26.545056127 27.9618738528 28.5781003841 26.5993637513 28.3991627314 26.7053931788 27.5049740377 27.1346364145 27.0158253278
