Spatial_Output/BAU/BAU_0438.asc
NCOLS 155
NROWS 192
XLLCORNER 196769.923733
YLLCORNER 449719.875193
CELLSIZE 27.603701
NODATA_VALUE NaN
[rows 0 to 22 of 192, columns 53 to 105 of 155]
30.8106673716 30.6125554894 30.8611394874 30.7114252764 30.8955403938 30.6456115264 31.0883280258 60.4827933195 50.2533131287 50.8674391141 30.6421177002 0 0 0 0 0 0 0 0 0 0 0 0 0 0 0 0 0 0 0 0 0 0 0 0 0 0 0 0 0 0 0 0 0 0 0 0 0 0 0 0 0 0
31.1854543485 30.503358331 30.9931542866 30.624337655 31.0712419229 30.784634544 31.1755439317 53.9768824689 58.306874057 47.7975753813 30.5016948073 30.5926178803 0 0 0 0 0 0 0 0 0 0 0 0 0 0 0 0 0 0 0 0 0 0 0 0 0 0 0 0 0 0 0 0 0 0 0 0 0 0 0 0 0
30.7628054707 31.0188881473 30.9229066427 30.5283983776 30.7695868384 31.122557878 30.5573332843 48.5809965419 47.9304745165 60.6201880071 31.157790638 31.1375816635 0 0 0 0 0 0 0 0 0 0 0 0 0 0 0 0 0 0 0 0 0 0 0 0 0 0 0 0 0 0 0 0 0 0 0 0 0 0 0 0 0
30.6740311303 31.1542531586 30.8888690579 30.5307363097 31.1739504261 30.8880685718 83.328636486 30.7646503368 31.0995145366 30.8192997894 30.9380134797 30.7930113297 30.7652451666 0 0 0 0 0 0 0 0 0 0 0 0 0 0 0 0 0 0 0 0 0 0 0 0 0 0 0 0 0 0 0 0 0 0 0 0 0 0 0 0
31.0697360665 30.7845668113 30.9150397037 30.9533582654 30.7239861084 30.9852427126 83.328636486 30.8910702104 83.328636486 31.0857657891 30.7898259812 30.9910000918 30.7258104712 30.9435775391 31.0916524454 0 0 0 0 0 0 0 0 0 0 0 0 0 0 0 0 0 0 0 0 0 0 0 0 0 0 0 0 0 0 0 0 0 0 0 0 0 0
31.0654566417 30.6103280274 30.7947474596 30.5113165409 30.7772693965 31.1720124405 30.645886137 65.2898883672 31.1032893014 31.0268634054 31.16478803 30.6915786223 30.8787889365 30.922525377 31.0886995586 30.9047859251 0 0 0 0 0 0 0 0 0 0 0 0 0 0 0 0 0 0 0 0 0 0 0 0 0 0 0 0 0 0 0 0 0 0 0 0 0
31.093802808 31.0771044812 30.7658815582 30.6527722797 58.724815024 58.724815024 30.7961699043 30.9204229248 30.9536506879 31.0578970311 30.6347172351 30.9766057325 30.8517387873 30.8174818361 30.7990630418 31.1131786216 30.5589411493 30.7927411169 0 0 0 0 0 0 0 0 0 0 0 0 0 0 0 0 0 0 0 0 0 0 0 0 0 0 0 0 0 0 0 0 0 0 0
30.9011937518 30.5787518544 30.5758610163 48.6219978318 58.724815024 58.724815024 58.724815024 30.6777511617 31.0020109577 89.5192857439 31.1976411433 30.6307086125 30.7079000848 30.7173811496 30.929609698 31.1595380834 30.7489765365 30.8638388543 30.8412053849 0 0 0 0 0 0 0 0 0 0 0 0 0 0 0 0 0 0 0 0 0 0 0 0 0 0 0 0 0 0 0 0 0 0
30.5879728758 30.5385204382 60.2191495786 48.6219978318 58.724815024 55.7155623918 55.7155623918 66.044553171 89.5192857439 52.6132887973 52.6132887973 30.8219586932 30.7452941524 30.9001159594 30.7576018076 30.9726768112 31.0879138762 30.5556702284 31.0006726268 30.7818966551 30.9797170066 0 0 0 0 0 0 0 0 0 0 0 0 0 0 0 0 0 0 0 0 0 0 0 0 0 0 0 0 0 0 0 0
30.6804208007 31.0238175841 31.1945798928 67.5075311295 67.5075311295 55.7155623918 55.7155623918 55.7155623918 89.5192857439 52.6132887973 52.6132887973 30.5960780725 31.024914597 30.5934114906 31.0765396111 31.2046422044 30.6490684153 30.6048597979 30.6766176146 30.7651221052 31.1864655797 30.6413799178 30.8881354454 30.6716189162 0 0 0 0 0 0 0 0 0 0 0 0 0 0 0 0 0 0 0 0 0 0 0 0 0 0 0 0 0
31.0013129197 31.0950929602 31.1772391269 67.5075311295 67.5075311295 22.3929319952 55.7155623918 30.5661938002 31.0684772305 30.5389125829 52.6132887973 61.8711012059 30.9454854173 30.9888864074 30.7792759057 30.7692917908 30.9967378511 31.2061981642 31.0461669763 30.5859558256 31.1095261866 30.6043352814 31.1834236757 30.680485312 30.7983009523 30.9985086976 30.6318892054 31.0748297251 30.883636586 0 0 0 0 0 0 0 0 0 0 0 0 0 0 0 0 0 0 0 30.5709796641 30.5582842613 30.7345677964 30.5475075416 30.7144605751
31.0185877982 31.1208724355 30.5639138926 30.8082879763 67.5075311295 49.6016628046 31.004414937 30.8419445975 30.5095804018 31.001855877 46.2516569349 46.2516569349 31.0137475944 31.0556395861 30.6096876796 30.8999158839 31.0144044335 31.0900840831 30.9933820495 30.8493211905 30.9586190491 30.9389245803 31.0821417979 30.753499482 30.7879576572 31.0566792147 30.8581589847 30.5298513172 30.6842505705 30.6038376278 31.0357295187 0 0 0 0 0 0 30.9591961683 30.7111069663 31.1574412099 30.6050181398 30.7809082486 0 0 0 0 0 0 30.5262863046 31.1310409187 30.6684026635 31.1186867598 31.1616130781
30.8025493841 30.5671974202 30.7301124006 30.7382672202 30.5327739398 44.6507639577 49.1845366028 49.1845366028 64.9885934815 64.9885934815 46.2516569349 46.2516569349 62.1245638782 31.0468379737 30.7854770347 30.9227874583 31.1639496904 30.768440887 31.0456900039 31.0605890677 31.1736040815 30.5376114888 30.7482562427 30.7242221193 30.5287672474 30.6005607864 30.9955842991 30.9616509511 30.9256292778 30.7331820853 30.5961620202 0 0 0 0 0 0 30.8301567477 30.9593106574 31.0652199122 30.9432221621 31.0033618305 30.6799457657 30.9294481146 30.5870367801 0 0 30.7172362445 31.1467674159 31.1982134138 30.7442285115 30.7519715239 30.7122155621
30.5444673602 31.0518626111 30.7676049999 30.661530351 30.7624047875 31.0684038922 49.1845366028 49.1845366028 49.1845366028 64.9885934815 62.1245638782 54.8241094972 54.8241094972 54.8241094972 31.008405306 31.1684311612 30.5062450688 30.7715923088 30.512340908 30.5758515266 30.6598990754 30.6879716346 30.9749445918 30.9270990146 30.7066252324 31.0174990536 30.6584089594 31.1234821662 30.8453414301 30.5752680824 30.8835402434 30.6008480855 30.8640722452 31.0014606931 30.5184643898 30.8060503517 30.854277508 30.9584180099 30.9807749971 30.607931311 30.8113920916 30.5485639177 31.0380657686 31.1941352564 30.7759202644 30.6774364291 30.8187346992 30.6185927671 31.0275652985 30.6188047329 31.021295078 30.5941611767 30.5550348889
30.8205358938 30.5998805937 30.8041830184 30.5041908249 30.6126898727 30.8949715529 67.8964098617 30.5692374984 57.850726532 73.0289247565 52.1491284552 54.8241094972 54.8241094972 81.1292429165 30.5700824177 31.106071037 31.1266043412 31.1091874057 31.1536803414 30.7334275972 30.9351867971 30.9733885556 31.1416722388 30.9727758078 30.8270385455 30.8068311361 30.9576249169 30.8195027067 30.9294478801 31.1987282745 30.6852443817 31.0565688854 30.6001357507 30.9310824189 31.0455492996 30.7705230577 30.7536826961 31.1242009523 31.139654506 31.1509542482 30.9211746609 31.1942372527 31.1070498368 30.8246842881 30.8469178081 31.12961776 30.9058185802 30.572253512 30.9277307085 30.8916997807 31.0653189783 31.1219066481 31.1157245342
30.9311682619 30.742306417 30.5697965872 31.0011781438 57.9819474125 57.9819474125 76.3119599731 30.6087261595 73.0289247565 73.0289247565 52.1491284552 52.1491284552 81.1292429165 81.1292429165 30.9020486325 30.8926951143 30.8177711543 30.7486250676 31.0747640014 30.8148953314 30.6407339527 30.8202254901 30.7088810035 31.1150488829 30.7581129107 31.1627049998 30.5100036313 30.9574132726 30.7587171782 31.0596852019 31.0004317944 30.9954590437 30.5995181785 30.9825408006 30.5963121648 30.7492859628 30.7073420042 30.7405907788 31.102399758 30.8997197237 31.0029714353 30.5413563334 30.6160607627 30.7938622734 30.7432177257 30.5699024161 30.8002844229 30.8359963092 30.9281599846 30.7164981942 31.077876307 30.6186037537 31.1373267148
30.5498922564 31.1780005043 30.8703208736 30.6968475621 57.9819474125 57.9819474125 53.9917747924 30.6708385044 30.5412095396 52.1491284552 52.1491284552 52.1491284552 31.0025603261 30.8048136819 30.8298248613 31.0631997307 31.0495957942 30.6141843411 31.0272119997 31.1700799843 30.9144086214 30.9451475113 30.9595312702 30.840970985 30.8912448258 31.0483333738 30.9558296302 31.0555287418 30.9928071991 31.1049220932 30.6600170154 31.1411118771 30.5859331809 30.7326971146 31.0193482009 31.1991677992 31.072330438 30.6296145827 30.6830737821 30.9455997801 30.8096005608 30.7749765848 30.9869593283 30.5994099663 30.5306487126 30.7677255263 31.00181807 31.154247306 31.0505933906 30.886683844 30.5696396301 30.7036777606 30.9436294857
30.6285599685 31.0290313408 30.8785199631 30.5866086854 93.1070035996 53.9917747924 53.9917747924 63.4390442718 30.8153039696 30.9837652704 30.5084953393 40.5609677912 40.5609677912 30.7133545951 30.8920491784 30.5907908358 30.7084433222 30.6822122894 30.9052826812 30.6824731109 30.5589942325 31.1889841947 31.0639653397 30.9714520467 30.6829922328 30.7860644188 30.7655489519 30.9407343599 30.9664361224 31.1443218409 30.6664396573 30.8051773878 30.5248789807 31.1083616595 31.1053488821 31.0814241334 31.1868945583 30.5592600978 30.8237149475 31.1794486326 30.698648814 30.8441618433 31.0910993411 30.6333507238 30.7365910573 30.8155826623 31.0972496629 30.8962922716 30.8969469728 30.9293722957 31.1628548725 30.9928989098 30.547577027
30.633363828 31.1235342884 30.9281952504 30.8127260358 31.147692273 30.5937533317 44.1147753638 62.7550404836 62.7550404836 30.5799644541 31.2008528197 31.082961991 31.040107158 30.7743316434 31.0349232791 30.7227116481 30.9296653615 30.7336206651 31.0124778137 31.1556925562 30.5994195159 31.0168621612 30.8857966359 30.7179383329 31.1838742004 30.7490286345 31.0577869143 31.0173542008 31.0262012346 30.5907914773 30.864753591 30.8326890749 30.8594596895 31.0611402655 30.6704007263 30.8351489863 30.881340527 30.9819117958 30.8368570457 30.8384504043 31.1111883358 31.1649913381 30.8600912857 31.1519369065 31.1375832898 31.0142266125 30.7740353635 30.5548788789 30.9384012821 30.9308549405 30.8033973643 30.9231857005 30.7336995913
30.522051727 30.5124040114 30.7646450217 30.6436411692 31.1333689961 30.8263857185 62.7550404836 62.7550404836 62.7550404836 31.1981422113 31.0135931821 30.9406035226 30.5218485351 30.8960365729 31.012987036 30.5317428385 30.8651731982 31.0499208832 30.6381138027 30.923887942 30.5019749848 30.6351317128 30.7784445179 31.187118009 30.914475482 30.8630538161 30.9617351589 31.0255438563 30.6821038094 30.8508686874 30.9388251531 31.0441881035 30.83316119 30.9407672933 31.0991661016 30.8260862129 30.9779952234 30.8593366004 30.6932908979 31.1393749847 31.1567535749 30.7087829585 30.592333273 30.6679244824 30.6114772592 30.8037653118 30.5463041058 31.0896968148 30.7139967542 30.6681696702 30.9940590128 30.8447178104 31.1997488585
31.0816082799 30.7774953959 30.6331724179 30.6579513022 30.7126528042 31.1146363565 30.5665394608 31.1699243368 47.102679804 31.1785889586 30.5611950525 30.6584530875 30.9698450429 31.1925207263 30.7466105399 30.8735988531 30.9869693132 31.1969119985 30.6342975239 31.0046555719 30.5026848031 30.5360985949 31.0872784949 30.8626079761 30.5656645739 31.056336363 31.0371795332 31.1671558652 30.9294420859 30.6864317982 30.592840668 30.9771786383 30.6408232571 30.5096386955 31.1055933702 30.6571350006 30.5893986824 31.1060657295 30.6286704406 30.9673436644 31.1566945755 30.6847806064 31.0609751629 31.1147629133 30.7857947514 30.7720837685 31.1936704729 30.6402604445 30.605352258 30.5302720266 30.9310614632 30.5077778449 30.7327311045
30.759257459 31.1030921568 30.570293539 30.5354949591 30.8303477307 30.988958574 30.7342677881 47.102679804 47.102679804 47.102679804 31.0051896163 31.0997708878 30.8093228874 30.8646856583 30.6072791196 30.9461873661 30.7461935151 30.6307125461 31.1140746394 30.6547874697 31.1460737793 30.7432715154 30.8086972945 30.5033068133 30.6795924934 31.1034679549 31.1659844651 30.7378788709 31.0958886194 30.8043824816 30.972318528 30.647206815 30.7916162967 30.5297257393 30.5183803646 30.78430094 31.020318656 30.8523015063 31.1578610088 30.9853873208 31.1858662341 30.6975245694 31.1016850575 30.6011471586 30.9523789288 30.8004226072 31.0541291074 30.8790054053 30.7836404964 30.7073557264 31.1184816928 31.0655369038 30.6139710185
31.1811199577 30.6851073009 30.5980453748 30.7076443504 30.9674685932 30.9342286257 30.6646651218 47.102679804 47.102679804 30.8712901319 30.921041959 30.7143004098 30.8760670076 30.8644281835 30.8889718277 30.5979967992 31.0483683483 30.663842254 30.6858011183 30.6459240407 30.9228005167 30.5185472612 30.8502490016 30.860667344 30.7470027772 30.691310244 31.1252870653 31.0225825606 30.8870814365 30.8086867875 30.7911976195 30.7610711685 30.7205363419 30.8217604538 30.7219970072 30.9558649942 30.8362256012 30.6288000581 30.6187647946 30.8614609651 30.5887274061 30.7264968785 31.1860492012 30.8529176961 30.8647528721 30.5397313903 31.0025761002 30.6971665865 30.8368500253 30.9356204062 30.5865446762 31.0067487782 31.171380094
