Spatial_Output/BAU/BAU_0328.asc
NCOLS 155
NROWS 192
XLLCORNER 196307.867259
YLLCORNER 449144.565805
CELLSIZE 33.573938
NODATA_VALUE NaN
[rows 75 to 99 of 192, columns 0 to 56 of 155]
69.2314019752 80.1236992038 80.1236992038 58.3068292644 58.3068292644 80.4101538359 58.1193782535 58.1193782535 82.7754590203 72.2813109616 80.1200983016 58.3681737716 37.1895436579 36.2446403359 37.3817296813 36.8211420806 36.8229249039 37.0095591564 37.2353128846 37.275573096 36.9135071241 36.0705157283 37.4033824772 36.8033665198 36.9511448904 36.1130414839 36.09501154 37.0693743032 54.6824308169 54.6824308169 54.6824308169 36.9389892264 36.0799008018 37.2511179474 36.2718401359 37.0200267465 50.5873105959 48.2512663085 64.4949011523 37.1614238254 70.0215718664 70.0215718664 70.0215718664 70.0215718664 36.0902551564 36.6647721935 36.376300653 36.2675796545 36.6363596623 37.0775538223 36.6537823649 36.9756286583 37.0732914663 37.2946041998 53.5625923209 47.2914086315 47.2914086315
0 80.1236992038 80.1236992038 58.3068292644 58.3068292644 58.1193782535 58.1193782535 58.1193782535 72.2813109616 80.1200983016 79.9143645716 79.9143645716 36.2804599776 37.388392622 36.7729508412 36.2978301296 36.6767204711 37.3290378581 36.4967487985 36.6882398289 36.2169866298 37.269143603 36.1284553675 37.1804363062 37.0199342211 36.3232286053 36.2334062069 64.1913514753 64.1913514753 64.1913514753 82.2521983141 36.595913904 36.1718412628 37.2832531563 36.8972641433 36.1957087599 48.2512663085 48.2512663085 48.2512663085 37.3787274514 36.3815017982 37.3007985558 37.2294878184 37.093139734 37.3826031069 37.1449881116 36.0248133431 36.7436653404 36.8192150453 36.8986059137 36.706937227 36.4769217965 36.8597605538 36.2632485521 37.239588528 47.2914086315 47.2914086315
0 0 68.9333533432 0 58.3068292644 80.4101538359 58.1193782535 72.1247218142 82.7754590203 80.1200983016 80.1200983016 79.9143645716 36.9992970998 36.8302063155 37.21352505 36.1259179011 37.21947616 36.0378030643 36.5718015207 37.2414311313 36.5889249051 36.7091079815 36.6835642534 36.1181034904 37.300161431 37.06956416 36.2805361178 69.5116622695 81.8714505698 64.1913514753 70.8754462293 50.3220518936 78.0395006772 65.8389180287 69.3340214045 70.7149999549 61.5228617878 69.2497301714 54.6373785212 37.2116046668 36.7830494438 54.3082657332 36.3815719665 36.0362243074 36.9646371995 36.0588999539 37.1619071969 37.2463913266 37.1406260646 36.1526479004 36.4754306747 37.1741942408 37.1328756743 36.5560844102 36.3839054787 36.1314146883 64.6771002536
0 0 0 0 0 0 0 0 0 0 0 0 0 37.3692369394 37.1996586229 36.4737773288 36.6857807938 36.1476137761 36.9932491483 36.1218995521 36.0127116917 37.2859986989 37.2427144321 36.9204294159 37.3984926381 36.9348345303 36.7466778267 81.8714505698 81.8714505698 81.8714505698 48.9794942302 70.8754462293 78.0395006772 78.0395006772 69.3340214045 71.4500024744 69.2497301714 69.2497301714 62.1421121738 36.1519185579 70.5934629922 64.5553163351 54.9615893044 54.3082657332 36.7380211329 36.5557890246 36.4051887896 80.0917633943 36.8738834597 36.6359112767 36.8380949021 36.5915133016 36.5191726378 36.9458459324 37.0188369036 37.3515355629 37.3918278492
0 0 0 0 0 0 0 0 0 0 0 0 0 36.6200568002 36.7111317482 36.1958191077 36.8267876776 37.2481568647 36.5471864502 37.0890808964 36.2398883177 36.436429367 36.4985815803 36.2406127726 37.2729658266 36.0145110844 67.0272670203 69.0867046999 81.8714505698 55.064566906 48.9794942302 70.8754462293 78.0395006772 78.0395006772 69.3340214045 71.4500024744 69.2497301714 69.2497301714 62.1421121738 70.5934629922 64.5553163351 64.5553163351 64.5553163351 54.9615893044 37.2990825655 68.3733976987 80.0917633943 80.0917633943 37.3020672038 36.4842504846 36.6892332906 36.8961814913 36.0897935255 37.0971964374 36.1105113099 36.7971677122 37.1289152294
0 0 0 0 0 0 0 0 0 0 0 0 0 37.0079151296 36.315818962 36.5915893941 36.4142686031 36.4732038325 36.7068584664 36.3368283777 36.2355576848 36.3139174485 36.4615268309 36.3576967558 37.2444820845 36.7051644662 67.0272670203 67.0272670203 69.0867046999 58.5815938677 36.5242737654 36.8191818233 37.264835265 36.8834273998 36.2861277135 36.1169711389 73.5681431849 74.4880931999 62.1421121738 74.4880931999 70.5934629922 64.5553163351 62.2538480585 37.1694293106 37.1614943439 36.5023943842 80.0917633943 80.0917633943 50.597618109 36.0533918186 36.794384856 36.5588079125 36.5648796932 36.8106023617 36.1445784015 37.0958262409 36.5303360461
0 0 0 0 0 0 0 0 0 0 0 0 0 0 36.0813743382 36.4875000903 36.8491603493 36.8111353972 37.1876121982 36.1290768898 36.1597246735 37.074513332 36.8298708611 36.6687911971 36.7002517296 54.5665927671 67.0272670203 67.0272670203 67.0272670203 36.5552571308 36.7248573043 37.0035496219 36.1265290398 37.2601633188 37.3547907789 36.4482241089 36.6414262618 36.5024305862 36.1846564877 36.7801299632 36.8139952063 36.9659787607 37.2661681461 36.70264797 37.3538676791 36.9517489109 50.597618109 80.0917633943 81.9880401796 81.9880401796 37.3575780611 36.6977768275 36.9697589895 37.3276170572 36.2823413581 36.6899762234 36.9045915505
0 0 0 0 0 0 0 0 0 0 0 0 0 0 36.4151626924 36.6275893097 37.0124833596 36.3671476799 37.1127709276 36.068589702 36.8369714224 36.4509783024 36.24885149 36.3397382229 57.3707972299 57.3707972299 54.5665927671 36.1167908171 36.9652452698 37.0155629236 37.0894103039 36.786835939 36.3670638378 37.1942846327 36.955507397 36.3515536262 37.3532396312 36.3792311224 36.7560410507 36.6248762919 36.3338697717 36.5307259692 36.9893634935 37.0491535925 36.9545124924 37.2396398893 50.597618109 81.9880401796 81.9880401796 64.0882295404 36.3082337879 36.8431518789 36.1493176852 36.5113417747 36.0520167685 36.1495778478 36.9551785023
0 0 0 0 0 0 0 0 0 0 0 0 0 0 36.9360401735 36.3306709527 37.3106898824 37.2764474122 37.2826036957 36.2308754326 36.135640354 36.5769743851 75.9646395279 59.044629085 57.3707972299 57.3707972299 66.5919239249 36.8910598818 37.1521491658 37.0244549961 36.3528908504 37.166566366 36.7790499846 36.6146949332 36.7041439319 36.8239619391 36.8933624241 36.6208013292 37.2593725923 36.7322042404 36.2744594648 37.0744639925 36.5607948701 37.1007193006 37.1642106484 36.767466154 37.4109559347 36.7155145628 64.0882295404 36.6708380043 36.3738385813 37.2965594594 37.05235052 36.1643940975 37.2085639168 36.672441925 37.213535778
0 0 0 0 0 0 0 0 0 0 0 0 0 0 36.1495293665 36.8919169191 36.8230117367 36.2840115679 61.6634315956 36.6663275747 72.1432238365 83.4249774899 75.9646395279 75.9646395279 59.044629085 57.3707972299 36.622616358 37.0422784645 36.4691260661 37.1148252293 36.4859245123 36.7312708606 36.3298889235 36.7944949032 36.2121886217 36.3389556276 36.7096644099 37.2152630348 37.1310705653 37.3875018352 36.4674158924 36.8121799159 36.333311108 36.3150251265 36.2991271628 37.4083956848 37.17522568 70.4290722298 49.9492474949 49.9492474949 49.9492474949 37.2689683438 36.3107072927 36.3627076332 37.2478569203 37.2813049115 36.9700670859
0 0 0 0 0 0 0 0 0 0 0 0 0 0 36.7022783664 36.2895009265 37.2162162003 37.0249890869 54.3159125257 61.6634315956 61.6634315956 72.1432238365 75.9646395279 75.9646395279 36.7152510211 36.5930262476 36.0654602069 37.246051538 37.0295175146 36.4896810796 37.1039667768 36.3160237418 37.3150601962 36.7757678405 36.7807810697 36.3631933494 36.2040077551 36.9444798696 37.0107087487 37.3450675303 36.0659487201 36.1736036049 36.3608068654 36.1096437363 36.4612109356 37.0466715762 36.4646277961 65.6511374355 70.4290722298 49.9492474949 49.9492474949 36.2250662281 36.5462544812 37.1985606163 37.0844850629 36.1161913571 37.0042267379
0 0 0 0 0 0 0 0 0 0 0 0 0 0 36.7135183412 36.4428256032 36.6762048397 51.6944405762 60.6505145296 61.6634315956 61.6634315956 36.163887035 36.8864615607 36.5748851336 36.7964742606 36.346052835 36.1889440655 36.9502505028 36.9570839398 36.854466531 36.8455901226 36.8114929857 36.4025631711 36.3844583452 37.1162480065 36.7921612488 36.9085894675 36.0513567338 37.3669253554 36.6960437097 36.503225181 36.2183695917 37.3160757737 36.4511446671 36.1570956525 36.2722323694 36.1231168585 69.7407350394 69.7407350394 63.7976574405 50.096420284 36.8735446923 36.2359133243 36.1314603678 36.3271799531 36.3047470308 37.3574485969
0 0 0 0 0 0 0 0 0 0 0 0 0 0 0 36.3273905512 51.901150448 36.7534314151 60.6505145296 60.6505145296 36.5495278844 36.8647575112 36.1458087082 36.8370794754 36.6885463175 36.6078417065 36.2662936143 36.9649944131 37.3364805927 36.8420245776 36.8228833029 36.697473656 37.1587455909 36.2026803088 37.2122181711 36.2836471415 37.0691148186 36.8993838756 36.626220719 36.4373486875 36.5924809094 36.8691656543 37.3226567556 36.9673825134 36.739017396 36.1568561907 37.3880314691 69.8874684199 36.7683007277 36.2325678086 36.525275638 37.3820484494 36.0029496528 37.4005077763 37.0442901247 36.5095896242 36.578689173
0 0 0 0 0 0 0 0 0 0 0 0 0 0 0 65.760792464 42.3895817226 51.901150448 36.5075094528 36.9922596886 36.8613381078 36.8137473679 36.3314896434 36.4026451483 37.0384129509 36.0511430113 36.9862041804 36.8458852311 36.3999546474 36.5662135137 37.1026442681 36.4224446973 36.4805313007 37.3849637907 36.7868222667 36.037872672 37.271739423 36.9292626991 36.6342033991 36.3262650534 36.5450069517 37.0147859841 36.3346017584 36.3922817577 36.3596858152 36.3702867762 36.4994498679 36.1178288866 37.0868891261 36.2370635531 36.2932219731 37.2393203114 36.2865091391 37.2200503199 36.5822472545 37.1276497322 36.4328025194
0 0 0 0 0 0 0 0 0 0 0 0 0 68.3048298922 60.0476254915 65.760792464 42.3895817226 42.3895817226 36.0122754521 36.9999739722 37.0468150815 36.9251907142 37.2825987988 36.0095467734 37.1968993496 37.4122699056 37.2518760823 36.0386444465 36.4069652627 36.822101532 36.9278005405 37.0532792448 36.5472171421 36.7451724866 37.0064060367 36.9858254905 36.4175980709 36.4006264934 36.1923871222 36.7245893067 37.3277790417 37.1011132068 36.7822021131 36.0772339917 37.1888093266 37.352400896 36.9298395344 36.784112985 37.0051611296 36.2373800861 36.8185130034 36.6915843648 36.0443919534 36.985347379 36.126991449 37.2657464511 36.8032636984
0 0 0 0 0 0 0 0 0 0 0 0 32.5536714875 27.0810133887 27.0810133887 50.4145051945 50.4145051945 65.760792464 36.7432874636 36.6933280803 36.979873573 37.3633860455 36.7089530425 37.011980243 36.0581059584 36.4663038981 37.237924104 36.647523324 36.8820367795 36.8826704659 37.2266361929 36.7548468448 36.1621973608 36.8689776874 36.0141258523 36.5625542104 37.2963305148 37.1927456676 36.0358992766 36.7815550071 36.7230854987 36.1717694386 36.2768431474 36.4982670526 36.5908379994 36.3962939641 36.5568028977 36.6705361104 36.2366831338 37.2637088976 37.1489955934 36.9183368627 36.5131420769 37.186437185 37.0177941339 37.2218851279 36.603847594
0 0 0 0 0 0 0 0 0 0 0 69.5794076467 70.152709547 27.0810133887 27.0810133887 57.8392185492 57.2748979909 0 0 36.4178024275 36.5304785119 36.6114461877 36.6918863464 37.2004434683 36.1548762065 36.57581464 37.3518728759 36.8148395422 36.7582208363 36.8863069291 36.7235955643 36.1226098427 36.9871495629 36.242413872 36.3342427622 37.35404149 36.5879620856 36.8834183859 36.8500364583 36.9703550743 36.1157391451 36.7710217843 36.1114007693 37.1285067293 36.9908176222 36.3871622274 36.9943061189 37.0607381289 37.3832196524 37.2701312703 36.8264407188 36.5246005897 36.5495425523 36.5821841524 36.1005589421 36.1977220266 36.065890912
0 0 0 0 0 0 0 0 0 0 64.0522000836 58.4175396204 70.152709547 54.013755368 60.3332515292 57.8392185492 0 0 0 36.2838638276 36.1476470895 36.6818001835 36.7335165973 36.1266625034 37.3677120415 37.1945199566 36.1343648725 37.3387007282 36.2799277002 37.28694949 36.8452887375 36.8866940485 36.9808662627 37.2969835217 37.2012173844 36.2055428504 36.508252025 37.0960658367 36.3083686971 36.8570912258 36.6770066886 36.0579794622 36.5985835005 37.3516674926 36.3450767784 36.6720549519 37.0475919281 36.0137619805 36.6351540687 36.0343200925 36.2933456999 36.360084736 37.3130890597 37.213493664 36.3083737726 36.4045558901 36.6378819968
0 0 0 0 0 0 0 0 0 56.8406311105 58.0726088448 58.4175396204 70.152709547 70.152709547 0 0 0 0 0 0 37.2270569329 37.0093536428 36.5178135851 37.3961619643 36.5389792757 36.5461049818 36.9995919695 36.135030714 36.0878941303 37.326018348 36.9726046206 37.3364712857 36.2174934759 36.9952608851 37.0396277827 37.2402876828 36.2008313178 37.1034330198 36.3045000414 36.824915146 37.0670971931 36.0134233429 36.1519463614 37.2086994369 36.8152108275 36.1605543629 37.381047341 36.0429982968 52.7899992309 37.3578855309 36.584813899 37.3398738704 36.8017292377 36.0673178864 36.499655135 36.1280647239 36.6778711473
0 0 0 0 0 0 0 0 68.8933493782 56.8406311105 58.0726088448 58.0726088448 58.0726088448 0 0 0 0 0 0 0 0 0 37.2138645612 37.3887505913 36.2676917682 36.4529482736 36.1381975792 37.1944192975 36.8436209806 36.5907762839 36.6090807244 37.3913421762 37.3830320793 36.9036602701 36.7478366634 36.8009124291 37.0551342448 37.107280516 36.0212938717 36.4761960829 36.2216818952 37.1240247743 37.2340514032 36.9573620192 36.2662500249 36.1307330547 36.0884593808 37.3796543807 58.0850062523 58.0850062523 36.900205397 36.4640761134 36.3774760425 36.9749618852 36.0739307266 37.0427693932 36.2739372122
0 0 0 0 0 0 0 0 68.8933493782 56.8406311105 56.8406311105 67.0373508753 0 0 0 0 0 0 0 0 0 0 37.0820002555 37.0713101169 37.3796697644 36.4557059102 37.3863377022 36.1723194159 36.6835441357 36.92388185 36.5502670115 37.2514625214 36.9344974193 37.3104536602 37.3843579533 36.6353578044 36.0768829173 36.3591588389 36.0323189984 36.6557004491 36.5796918324 36.0890135032 36.0120618009 36.0211526805 37.1848484541 37.1602539323 36.8744860214 58.0850062523 58.0850062523 58.0850062523 37.0905079366 37.3192053068 36.9130147346 36.7714331448 37.1850088737 36.2533994376 36.2500307182
0 0 0 0 0 0 0 67.3651589034 0 0 68.8933493782 0 0 0 0 0 0 0 0 0 0 36.9205407467 36.6680184707 36.3139120149 37.1152570726 37.3747299454 37.2815062803 36.425085184 36.9061826394 36.7844556492 37.1361197874 36.6845995159 36.8385154363 37.2582641031 36.0289543182 60.4064658302 71.9717746406 50.0695300689 36.6337174924 36.3073495415 36.2025838068 36.351507212 36.8364015113 72.4656102365 36.2887774971 36.6298650891 37.27616877 37.2101275025 37.2605188267 37.3617768015 36.3408539976 36.6039124451 36.0906414396 36.1506809983 36.9069560442 36.6445372798 36.7799917423
0 0 0 0 0 0 0 67.3651589034 67.3651589034 0 0 0 0 0 0 0 0 0 0 0 37.0372094838 36.2247756633 36.1520698567 36.4011012796 37.0217164343 36.1859646722 36.3705798392 37.3455510692 36.2375903009 37.2428832105 65.4307388804 65.4307388804 36.2292262887 36.6566646665 36.7608059782 56.1121536265 71.9717746406 71.9717746406 55.674552385 55.674552385 73.2137794146 36.7424196225 61.8000817738 79.5990341363 75.934887214 62.4314382474 36.4199656288 45.4397683867 58.3692460598 58.3692460598 36.1545187089 36.517048689 36.6800437973 37.0379643742 36.1770978072 37.2236121398 36.2451947043
0 0 0 0 0 0 0 0 0 0 0 0 0 0 0 0 0 46.2433281802 0 37.2885622291 36.6584410881 36.5244197865 37.1998783373 37.0155436467 36.5674846526 36.3483827184 36.4985590221 36.6772561108 36.6910192964 65.4307388804 65.4307388804 65.4307388804 37.1051715923 36.5465273026 57.1116556937 56.1121536265 56.1121536265 71.9717746406 50.0695300689 73.2137794146 73.2137794146 73.2137794146 79.5990341363 79.5990341363 62.4314382474 62.4314382474 62.4314382474 45.4397683867 45.4397683867 58.3692460598 37.0014813272 37.345549161 36.3798599246 36.2528942234 36.0977227482 49.3483862157 36.2403450179
0 0 0 0 0 0 0 0 0 0 0 0 0 0 0 0 46.2433281802 46.2433281802 46.1376829441 47.1594175295 37.2516863623 37.3886022892 36.3717080916 36.3444218702 36.4723919974 36.7683287851 36.9373026034 37.0871687131 36.0810751315 37.2818641194 65.4307388804 36.6556209646 59.5590017063 52.104816247 52.104816247 36.7527680565 56.1121536265 71.9717746406 36.551395591 36.1623837406 73.2137794146 37.2025503902 76.1670967285 79.5990341363 75.934887214 62.4314382474 36.6295725049 45.4397683867 36.4238459267 63.8541507616 36.7735614183 36.1672225122 37.0031358679 36.897234022 37.2551819867 37.0089045729 37.2662060139
