Spatial_Output/BAU/BAU_0311.asc
NCOLS 155
NROWS 192
XLLCORNER 196769.923733
YLLCORNER 449719.875193
CELLSIZE 27.603701
NODATA_VALUE NaN
[rows 0 to 22 of 192, columns 53 to 105 of 155]
36.1125436855 36.0654038372 36.4718627416 36.9966483275 36.781355786 36.5080477367 36.8518681976 70.0288316422 84.4894984244 73.636218317 36.0270606828 0 0 0 0 0 0 0 0 0 0 0 0 0 0 0 0 0 0 0 0 0 0 0 0 0 0 0 0 0 0 0 0 0 0 0 0 0 0 0 0 0 0
36.9500045684 37.1684532954 36.4795629287 36.8178599025 37.2072019654 36.0431515467 36.8943102197 64.7475087735 77.9347191643 72.7796243618 70.0249681356 36.7733316929 0 0 0 0 0 0 0 0 0 0 0 0 0 0 0 0 0 0 0 0 0 0 0 0 0 0 0 0 0 0 0 0 0 0 0 0 0 0 0 0 0
36.8297152029 36.8160758369 36.6826206479 36.0081784962 36.5151402227 36.8982230571 36.8608919653 73.3056225759 73.5289839836 81.6046280145 37.1607312707 36.2474866897 0 0 0 0 0 0 0 0 0 0 0 0 0 0 0 0 0 0 0 0 0 0 0 0 0 0 0 0 0 0 0 0 0 0 0 0 0 0 0 0 0
36.6109152458 36.7942123512 37.1606621687 36.0902064348 37.2116671393 36.5851858491 58.4253721787 67.6317692278 67.6317692278 36.0357718965 36.9238444528 36.2620804169 37.1941474512 0 0 0 0 0 0 0 0 0 0 0 0 0 0 0 0 0 0 0 0 0 0 0 0 0 0 0 0 0 0 0 0 0 0 0 0 0 0 0 0
36.0820241899 37.1890909879 36.0520569047 36.336452277 36.6377224173 36.3764265215 78.420478853 78.420478853 58.4253721787 37.2091067139 36.9289591438 36.1177778337 36.1641005033 37.2653821445 36.2197311252 0 0 0 0 0 0 0 0 0 0 0 0 0 0 0 0 0 0 0 0 0 0 0 0 0 0 0 0 0 0 0 0 0 0 0 0 0 0
36.4579399984 37.1133815756 36.7901000608 37.1732330928 37.0101224052 36.2362666733 78.420478853 78.420478853 37.2889151569 36.5233593755 36.0749804865 36.5049578789 36.1228529366 37.4080899451 36.6967279128 36.7656671613 0 0 0 0 0 0 0 0 0 0 0 0 0 0 0 0 0 0 0 0 0 0 0 0 0 0 0 0 0 0 0 0 0 0 0 0 0
37.330148887 36.2078911796 36.554266554 37.3601453618 46.3863783112 37.2309759529 36.6936860778 58.1552584586 54.5114329653 37.0581266095 37.2974472569 37.3506210283 36.6031984498 36.0366498991 36.2438108912 36.1031159948 36.109908653 37.2196226634 0 0 0 0 0 0 0 0 0 0 0 0 0 0 0 0 0 0 0 0 0 0 0 0 0 0 0 0 0 0 0 0 0 0 0
36.2249086747 37.0799576483 36.1322918311 46.3863783112 36.2114005984 37.3956523658 56.1038312328 36.9855914876 56.6162192496 54.5114329653 57.3523356986 37.2968772844 36.1521701841 37.075992299 36.3279640297 37.2145352941 36.4309728277 36.0771234872 37.0477522411 0 0 0 0 0 0 0 0 0 0 0 0 0 0 0 0 0 0 0 0 0 0 0 0 0 0 0 0 0 0 0 0 0 0
36.6290295533 36.4663938742 37.2687277773 37.1053192203 36.1169263225 57.4397870483 47.1478210333 47.1478210333 56.6162192496 57.3523356986 57.3523356986 36.2210695165 36.4120033727 36.7398052107 36.5246524774 36.5150375792 36.7961038065 36.4439096157 36.8220098419 36.5330754854 36.7443473912 0 0 0 0 0 0 0 0 0 0 0 0 0 0 0 0 0 0 0 0 0 0 0 0 0 0 0 0 0 0 0 0
37.0623822346 36.0583468235 36.5129619428 71.1230072025 26.7219470058 63.222761756 63.222761756 47.1478210333 56.6162192496 57.3523356986 57.3523356986 36.1770392016 36.95324153 36.6040167194 37.2871092222 36.406945625 36.4736752199 36.1729195135 37.4101916954 36.2081215492 37.2622848241 37.0387796468 36.1361941629 37.033443449 0 0 0 0 0 0 0 0 0 0 0 0 0 0 0 0 0 0 0 0 0 0 0 0 0 0 0 0 0
37.113771674 36.8245230053 36.0037173917 26.7219470058 26.7219470058 63.222761756 63.222761756 47.1478210333 37.2344369986 36.7742646398 65.1026841745 65.1026841745 36.9612476925 36.514437559 37.1651990813 36.6637202843 37.0173654933 36.3745158491 36.8307111123 36.9261432132 37.3317150256 37.1454710383 37.0208704408 36.1393916398 36.9985958687 36.8182998213 36.0634140226 37.3242862722 36.1160945698 0 0 0 0 0 0 0 0 0 0 0 0 0 0 0 0 0 0 0 36.2710529215 36.8088964493 37.3487108586 36.634137875 36.9192504122
36.0428875516 36.356273245 36.3486291348 36.5596074903 71.1230072025 36.5717545575 53.9326187456 55.0582824056 36.1601701015 37.1696149161 65.1026841745 65.1026841745 70.6857153376 36.2895427891 36.1789887831 36.7696044976 36.2838337575 37.1341132754 36.1759243957 36.6570367892 37.2118433848 36.9358196184 36.4033562212 36.3060079179 36.8885423968 37.2578681926 36.6706977056 37.1374068526 36.1330771979 37.3680864247 36.5799412801 0 0 0 0 0 0 37.2821377325 36.4207135932 36.9598790331 37.1715003759 36.051331772 0 0 0 0 0 0 36.6153687383 36.9722694884 36.5744882229 37.0300487821 37.0954046608
36.764211267 36.3099806421 36.2335329583 37.1514997435 36.0132314662 36.4252683356 53.9326187456 37.3530333114 59.0723339298 59.0723339298 65.1026841745 36.3484941625 36.4128539314 37.2816338498 36.662628702 36.0733329182 36.0403149455 36.3683743109 36.3395717833 37.1062272756 36.6261781607 36.9048638026 36.6210528462 36.8272556729 37.1460476258 36.0905943595 36.8119488824 36.3980002537 36.4777100419 37.3422200251 36.6105284275 0 0 0 0 0 0 36.2506510412 36.0535852625 37.061975912 36.8041385401 36.9162493241 37.209581931 36.297931932 36.7370623523 0 0 37.358750744 37.2321659697 36.4925208138 36.0240899304 37.4035319094 36.0925652071
37.36496028 37.3334283649 36.2618746642 36.2968313051 62.788656092 53.9326187456 53.9326187456 53.9326187456 65.1115729665 84.6853725551 36.4515936492 76.3809331116 52.6857560614 52.6857560614 37.1174370785 37.4028517395 36.4868952447 37.1837906919 36.8180425518 36.8890570952 36.0836573846 36.1249673984 36.9331149067 36.5140452342 36.6689438901 36.9062950755 36.716901704 36.1598805846 36.8810406014 37.0572890632 36.846906711 36.1725588975 36.4832707292 37.2970803126 36.246910533 36.5667601451 36.2611688872 36.3723408962 36.8626213491 36.9416648375 36.9463609839 37.245106479 36.042914539 36.4886804359 37.33258276 37.0201144742 36.8416468459 36.5792847484 36.5742393404 36.2869573495 36.1183564972 36.2017620938 36.3744114856
36.9188149073 36.5547918991 36.9891494925 36.9795529175 62.788656092 62.788656092 56.2094777657 65.1115729665 84.6853725551 84.6853725551 66.7470326077 52.6857560614 52.7478993232 52.7478993232 36.6563547083 37.165440681 36.6602890722 36.6121597799 36.2054242773 36.9389625755 36.6143291195 36.5876178698 36.2921161334 37.1891711586 36.7541053563 36.8790307622 37.3737893456 37.1653774974 36.7695398307 37.3280077217 36.9126523473 36.9250096723 36.542149837 36.6068293184 36.8735485951 36.8411205194 36.0112314582 36.7018995479 37.2084753527 36.1872271556 36.4906097054 36.042986193 37.2635583434 36.4968090404 37.0241718025 37.392669221 36.0553651703 36.3967316839 36.5395091572 36.9763499989 36.9656559496 36.0842246853 36.9884171701
37.3061673688 37.0786087247 36.5869624461 46.5855901045 46.5855901045 43.9669539681 36.8958362191 37.0563810188 84.6853725551 84.6853725551 66.7470326077 36.0298721254 52.7478993232 52.7478993232 52.7478993232 36.1980778345 37.0818037966 36.7026081588 36.8544898139 36.2956040846 37.0626543916 36.3797368802 36.4014200289 36.0433012279 36.3461896965 37.2977106394 37.1681978213 36.0101674044 36.2156231108 36.2483613143 37.2455588698 36.2463820151 36.4428660707 36.2829359936 37.2333774095 36.0164090702 36.4037059531 37.1121768223 36.9360231822 36.9392206667 36.7000025933 36.3038996929 36.7075319926 36.8369895021 36.0718313177 36.5861222999 36.4736891717 37.2121992033 37.0349416238 37.0475001261 37.0380206185 37.1926552879 37.0576821554
37.1875899359 36.0363628702 36.66766828 37.0723027463 43.9669539681 43.9669539681 43.9669539681 36.9459912683 36.6751289063 66.7470326077 36.8947533644 37.2586434476 52.7478993232 52.3022669208 36.1352819931 37.0721076198 36.4798674437 36.3497155387 36.3678026938 36.5089211687 36.5237891481 36.4155838947 37.2398961688 36.267016942 36.0146426356 36.4503437208 36.263840383 36.7642682294 36.0993957401 37.307269298 37.2477498481 36.5269968519 36.6145710294 36.2312928632 36.0858323625 36.4996473744 36.5731445866 36.9381677666 36.3999292194 36.521368126 36.271727366 36.714845778 36.0208944125 36.6441263958 36.9016394973 36.4858784323 36.092015639 36.726572145 36.6780588625 36.2754816445 36.6486691014 36.7948116986 37.1128498627
37.1354093279 37.0962995501 36.1240012272 37.3028589968 36.8422409382 58.9471825822 58.9471825822 58.9471825822 36.7311800623 37.1824547964 36.5079570826 36.0680128105 36.3136875455 37.2256745717 36.6007659505 36.5455915966 37.3032203483 36.8481907937 37.0865345028 36.3206997731 36.5962545904 37.2401709244 36.0511668193 36.866155922 36.5357582653 37.2276148818 36.7926987057 36.3245129923 36.4260010508 36.9550466914 36.7110989139 36.1059390438 37.1786695333 36.5659265516 36.5107917777 36.0667166096 36.9241391571 36.3035364133 36.873080624 36.3696994656 36.3450989054 37.0284491481 36.5653978428 37.2961180492 36.1186896425 36.8471282301 37.1549672756 36.6323186046 37.1053380185 36.9725038372 37.0460684068 36.9104672231 36.9977082976
36.6268673572 36.4821400561 37.3712197989 36.3366286298 36.8757306805 58.9471825822 58.9471825822 61.4354961616 61.4354961616 37.2550418005 37.1821311685 37.3061883314 37.0569033513 36.9691720178 36.1813950402 36.0497353223 36.0453295042 37.2196384792 37.0470880328 36.865823168 37.3112302963 36.5896467885 36.9263025607 36.7487096443 36.8970745307 37.3100943177 36.5656514286 37.1119025922 37.031048643 36.9491174466 36.2726590158 36.1108935869 36.1539996411 36.0745622847 36.2351162083 36.9231925793 37.3174095852 36.2381088683 36.6266726705 36.347260875 37.1955624761 36.8059388881 37.0289447296 36.7450400562 36.6026129563 37.399733064 36.3122907377 36.3843659217 36.9437891556 36.3020245298 36.1535239712 37.4013067495 36.899361783
36.8403322953 36.7315142297 36.5178689815 37.0727329114 37.0241227022 36.7763631136 61.4354961616 61.4354961616 61.4354961616 37.3333098937 37.3153292141 36.1804879831 36.8318465325 37.0551276504 36.2503534263 37.2229925138 36.6673454071 36.8217790117 36.516632594 36.1581825328 37.3999320058 36.9417678638 36.3585974689 36.6868888252 37.3543551669 37.0329370608 36.4015557194 37.2658820847 36.1984597541 36.3166936091 36.4331699414 37.3283258713 37.2383306929 37.1628228761 36.9009406407 36.4888332678 37.3265213274 36.7879886024 36.5666492267 36.6894406949 36.5145683469 36.2314044783 36.7241657456 37.3290876637 36.2504516036 36.2277724421 36.9195649338 36.5983490912 36.854286963 36.0464387606 36.8020793127 37.0272806635 36.4537164495
37.2274002066 36.0231873417 37.1735394486 36.3249920757 36.2028031646 36.9214125269 61.3250648704 36.6189232287 67.6263340096 67.6263340096 37.2002740493 36.233959522 36.674398191 36.4823571997 37.2397654807 36.0593332872 36.7436682093 37.0214712886 37.0983785699 36.4197245506 36.9960981093 36.8089012626 36.1780789424 36.2568406696 36.628788201 36.3382398197 37.0238959989 37.0684238393 36.15104132 37.1665665868 36.0192514245 36.3940431208 36.9380607885 36.7255557819 36.3097059667 36.6814871954 37.3903254833 36.4834934626 37.2309252847 37.2083979353 36.6280049476 36.2580419773 36.5079159583 36.0872037206 36.2843056438 36.5010828328 36.4120525819 36.2918531421 37.4015294063 36.8475216744 36.0240859289 36.9172027328 36.4985140399
36.0062556356 36.3465343675 36.399446823 36.0977585186 37.372769994 36.1763473873 36.4124983194 36.499952102 71.9601391875 71.9601391875 36.4299688854 36.6430254366 37.3988118872 36.7661034644 36.1231014211 36.5752783437 36.8834459421 37.0642979779 36.8140456934 37.0444977364 36.8141943716 36.0470965411 36.1693793329 37.3539693467 36.0329490787 36.5381608427 37.3671361925 36.0112357115 36.374029418 36.9247456702 37.4025063591 36.9051156586 36.1814595156 37.3030148322 36.136911954 36.8811263055 36.7077996252 36.3613252996 36.1578451313 36.2417570803 36.205540106 36.6653739931 36.3756957805 36.6731031617 37.2976343234 36.1801259478 37.1705341072 36.8273497164 36.8228739503 36.0937021573 37.301997333 36.1976789476 37.3026046552
36.3559771304 36.8982032607 36.0086612609 36.9703930325 36.53591841 36.8857157301 37.28322353 71.9601391875 71.9601391875 71.9601391875 37.1012666822 37.2015651975 37.0694750609 36.1671363127 36.2972110206 36.4212592752 37.1218923911 37.2830361348 36.8916213537 36.1612981661 37.157582005 36.8357369587 36.0317055453 36.1941845318 36.0168893848 36.6164459775 36.3389250675 36.1838583688 37.344584928 36.2180746541 36.5433387583 37.3605211153 36.0210133797 36.6055585899 36.8557550573 37.3029467807 36.9622923366 36.9609858879 36.7732175421 37.1476854043 36.460105254 36.8395613282 36.177947644 36.6716916307 37.2653067093 36.8589105933 36.8497413492 36.0858358072 36.3339020134 37.0613238682 37.0398965665 36.511302364 37.0739228343
