Spatial_Output/BAU/BAU_0463.asc
NCOLS 155
NROWS 192
XLLCORNER 196769.923733
YLLCORNER 449719.875193
CELLSIZE 27.603701
NODATA_VALUE NaN
[rows 92 to 114 of 192, columns 53 to 105 of 155]
30.5383468006 30.6520483547 30.8958176327 30.932606765 30.6600063041 30.5025314786 31.0629874739 31.0095169825 55.5771816745 55.5771816745 55.5771816745 31.1361522751 30.5968169516 31.0413235219 30.65400732 31.1091582207 30.5197537381 30.7266443408 30.580488667 30.9628995572 31.0644913395 30.5955512164 30.8264942561 68.2534895886 30.9006082762 31.1069203843 30.7124708993 31.0808818629 30.9719408187 31.0725200412 31.0485449859 31.1326602699 30.7183280115 31.093149256 31.1632051015 30.7310695011 58.2489481344 58.2489481344 58.2489481344 30.5380364405 31.1002655661 31.1763041441 31.0747883364 30.683266276 30.8796087548 31.1560841374 30.82392672 30.5661755056 30.6523778144 31.0705186755 30.7207839913 30.515134265 30.5337988296
31.0167282616 30.7052696531 30.8762038978 30.8839904954 30.7971155416 31.044051423 30.9496589531 30.5363136315 31.1843641536 60.7763736185 55.5771816745 30.5219663769 30.7476225384 31.0089464548 31.1460085291 30.8987391232 30.8869055598 30.5766780481 30.6103088751 30.6991202104 30.6076758131 31.0711274223 30.9621133162 70.6707792256 47.6385212351 30.9395232955 30.96009522 30.6042188562 30.6311997777 30.5070072146 30.6857230851 31.2065131871 30.5473373146 30.6180871649 31.1151636307 30.9867548414 30.9770681093 30.9328676771 31.1934759082 30.5355469964 30.6743064743 30.7757397568 31.2060916561 31.0380116438 31.1791711952 30.9569014218 31.1131719135 30.7710644735 30.5198685716 30.8654787027 30.9545675875 30.6531573878 30.790753926
31.0082821255 30.6481690824 31.1382840987 31.132349537 31.0757385751 30.999284064 30.9802043491 30.9429505684 60.7763736185 60.7763736185 60.7763736185 30.9890460775 31.0862264047 31.0004809801 30.7001912241 30.8760012541 30.7069361607 30.5210735086 30.9972238854 30.8638548781 31.048403676 30.582022662 30.7648841902 47.6385212351 47.6385212351 47.6385212351 30.5088009189 31.1089015794 30.7620789934 30.8560835273 30.5135348601 31.1726031451 30.5418587476 30.6204791976 31.1772077037 31.041374985 30.649351191 31.0938736528 31.1003913114 30.8880973622 30.5611884227 30.7834308035 30.7187584379 30.6268005602 30.5343600682 30.7867163557 31.1524971865 30.5786398464 30.6371602551 31.2060196068 31.1204244316 30.5820975137 30.5535683798
30.5119082459 30.9393583046 30.7624197027 31.076545918 30.9205111074 31.0289710477 30.6803768705 30.7987975388 62.0599173725 60.7763736185 62.6075049916 30.727721371 31.0618436668 30.8439615807 30.9670118367 31.1011001511 30.5844584516 30.7921069398 30.6328653535 31.1677846275 30.8391936876 30.6876058473 30.8341568113 50.5774525659 47.6385212351 50.5774525659 30.6704026268 31.1429606983 30.6884194189 30.6575866877 30.7444725075 30.9725714313 30.8339225348 30.8726264415 30.7871276932 31.1750532239 31.0354353238 30.7252221974 31.0587304683 30.6484221956 30.5906458956 30.8237722042 30.8902476142 31.0338648681 30.990249288 30.7574435588 30.905393923 53.2903803353 30.6691073257 31.0370114988 41.0538169065 31.1082881947 57.5501508225
30.6859321085 30.6782954277 31.0852536238 30.8130218955 30.991006854 30.5191881296 30.5777062261 30.8168477505 31.0220921741 62.6075049916 30.9621298862 31.1914482388 31.0689485126 31.1803483568 30.6429441466 31.0448127299 31.1148258066 30.8515459868 30.5401729957 31.1438866308 31.1182529917 30.5974449504 30.6204225794 69.3053538944 69.3053538944 69.8229705961 31.0538155097 31.0259181981 30.7148097221 30.7427912716 30.7921252865 30.8611995702 30.5468990392 30.852468115 31.1058695118 30.9685176979 31.0949806908 30.5185642551 30.5998974171 30.9663834201 30.7536443469 30.5388733905 30.7136430008 76.5112665077 76.5112665077 75.934895292 51.5234157605 51.5234157605 53.6327293921 65.7555421998 41.0538169065 41.0538169065 30.9243777182
30.9808549077 30.8517465294 31.1841714679 30.8956854469 53.2016279434 30.6463957232 30.8076086571 55.5051206644 45.4710745467 45.4710745467 45.4710745467 50.4383388386 52.4534113418 30.5623450518 52.3667534808 58.0511347456 31.1851110337 30.9878520097 31.2006161634 30.671692144 31.157870764 65.6484827736 53.1218967233 69.3053538944 69.3053538944 68.6755353316 57.8654329626 77.8781874421 31.1276711479 30.5227586714 31.1489696043 30.6287134937 30.5595130827 30.5904421064 30.9713333834 30.9850357051 30.6688624127 31.1788959225 30.8660945661 30.5609161179 31.0593288532 30.7516817494 31.0045756702 76.5112665077 76.5112665077 75.934895292 51.5234157605 51.5234157605 53.6327293921 31.0107107931 41.0538169065 41.0538169065 30.6182795852
30.6275802261 30.7585563606 30.8655208617 31.0323757036 53.2016279434 53.2016279434 46.1676153651 46.1676153651 55.5051206644 62.2315138141 53.0824920668 50.4383388386 52.4534113418 52.4534113418 58.0511347456 58.0511347456 31.1752658763 30.754952566 30.5600955522 30.6685433436 65.6484827736 65.6484827736 65.6484827736 69.3053538944 68.6755353316 68.6755353316 77.8781874421 77.8781874421 30.8758434568 31.1265295346 31.0280574802 30.7291734675 31.0936215541 31.162690695 31.0487739974 31.092656276 30.9825531015 31.0762839675 31.1927292798 30.6391774646 31.1871554096 30.7208626456 30.5255084155 76.5112665077 31.0893621379 59.5604603466 51.5234157605 53.8068835271 53.6327293921 65.7555421998 41.0538169065 31.1484493641 57.5501508225
30.8238106035 31.0576249385 30.5427363112 31.1470442079 53.2016279434 53.2016279434 46.1676153651 46.1676153651 62.2315138141 62.2315138141 62.2315138141 50.4383388386 52.4534113418 52.4534113418 58.0511347456 58.0511347456 30.9292006425 30.5223999664 31.0440697339 30.6683262533 30.5346218347 65.6484827736 53.1218967233 30.702956962 68.6755353316 68.6755353316 57.8654329626 77.8781874421 30.9680448156 30.5866064011 31.0546005524 30.8928118658 30.9307453276 31.1919384694 31.1277332865 31.0218779361 30.6707879379 30.7876630877 30.8379926859 31.1296828922 31.1710908393 31.0764056972 30.7640110841 30.6928601181 31.1446596331 30.6732214577 30.6027881498 30.905067271 30.9478872019 30.6446716361 30.9731966985 31.1939177758 30.9637540723
30.8911917241 31.1722549058 31.0541567453 30.8767096037 30.7394671525 30.5400304542 30.528270373 43.6221555706 65.6662572283 65.6662572283 65.6662572283 30.9269860379 31.0073691794 30.575645937 30.5187035039 30.8369939267 30.6989195504 31.1314573019 31.1854639496 30.8768165835 30.7889800149 30.9788401617 30.5766626955 30.7391979903 30.8571885907 30.5573456022 30.8432642656 30.8189012067 30.543839752 30.9716336771 30.7582685762 30.8113586011 30.5439824481 31.1184615078 30.8546465097 30.7793795431 30.7633828233 30.9285931782 30.8535644949 30.9132323986 30.5902979471 31.1283041126 31.1979258833 31.2010444496 30.789519331 30.6701387188 31.0339524084 30.9316762799 31.1854731653 30.794475465 30.7690176196 31.0758974791 30.8827111113
30.990335999 30.5996710484 30.5675680462 30.6106049185 30.7554360952 30.7088174674 30.961974483 31.0462910996 65.6662572283 65.6662572283 30.6989905617 30.6489020842 30.5899922928 31.1933028743 30.6277343264 30.7581922279 30.6886205109 30.8997855581 30.6292202434 30.7727067918 30.5713611629 31.0955379677 30.6862641374 30.8823914803 65.6754711772 65.6754711772 31.1849787102 31.1107442469 30.5344552272 30.7593431152 30.7386589639 30.7848209077 30.8784392721 30.8328723865 30.7363205914 31.0673898514 31.0506511271 31.1732079691 30.757097733 31.0842265409 30.5092431993 30.8959228619 30.5433008344 31.1630117496 30.9675802759 30.9192658448 30.5117844426 31.1640105609 30.6285815998 30.933881148 30.9436277403 30.8219040219 30.8771579814
30.9442604423 31.0689853119 30.9385904347 31.1521940163 30.7586684557 30.5209466341 30.7925918457 31.1377494896 31.0917437067 31.04511637 30.7350454788 30.8754670318 30.6565583606 31.106326555 30.5170272484 31.1584934579 30.8258495069 30.6283495111 30.932158741 30.5625040224 30.9195997288 30.5917102135 31.0314779593 65.6754711772 65.6754711772 65.6754711772 30.7607305618 30.8537664483 30.8024804484 30.8325640753 30.9962760696 31.1315860978 30.7004817899 31.0424084546 30.9445961733 30.5038832546 30.7225567683 30.7766226487 30.9466800477 31.0447617006 30.8424376221 30.6981500075 30.9697288769 30.6468883207 30.5426880127 30.5698614737 30.6613519087 30.84690798 30.8111921809 30.8828001682 30.7192585213 30.7085935806 31.179545036
30.6061841468 30.7815092465 30.9129154065 30.5099437612 31.0970769887 30.6164087518 31.0846625758 31.0599726907 47.5599276368 57.2268261262 30.5713160694 31.0264850144 30.6568625773 31.0441611322 30.8479156003 30.5314043647 30.5045935506 30.6935540101 31.1993328156 31.2063978381 31.1436694351 31.1677262937 30.6947329757 52.9059540832 52.9059540832 52.9059540832 31.1206091078 31.0445417605 30.5530040809 30.8039404589 30.5152574833 31.1914838504 30.5529671835 31.0895083282 30.6209825442 30.9909377149 30.7093593244 30.9070036105 30.9928619827 31.1956096419 30.5401184247 31.0302199335 30.9330747935 30.66846864 30.7257697589 31.0967895364 30.9837043793 30.5669214666 30.7882607581 30.770920497 30.8094478451 31.084047235 30.805287882
30.9018583461 31.1462121496 30.9651861352 30.6396266323 30.6877818528 31.0567334256 30.9125678956 47.5599276368 47.5599276368 47.5599276368 30.9843680175 31.1493214226 55.9982212318 30.8561235995 55.4567958135 30.8767117244 30.8632187284 31.0415097962 30.9685665844 30.5800193831 30.9507703656 31.1250169068 30.9697586636 30.9813150692 52.9059540832 30.5110495239 30.8786837301 31.0927356935 31.0948180781 30.9849050255 31.0933670493 30.6231065313 30.6793054781 30.8175105785 30.6203532553 30.5020390157 30.5505009605 30.908968011 30.8727255573 65.4668644036 65.4668644036 30.6758722231 30.6678378381 30.8447074541 30.8477352585 30.7931533113 30.9993814213 30.9813848627 31.0889799048 30.5441848133 30.8046525665 30.8850737583 30.8879524703
30.6321829857 31.079413513 30.8747141157 30.5269743533 30.6620826407 30.880893386 30.9619154163 47.5599276368 47.5599276368 49.02628447 30.9719011708 30.7569486881 55.9982212318 55.4567958135 55.4567958135 30.9586490831 30.8245533452 30.6045346844 30.7566985723 30.9668094214 30.84441242 31.1616867867 30.8122879232 30.8322867284 59.8133304722 30.71133484 31.0557686112 30.8080494248 31.0336654786 30.8327737706 77.229289319 56.6597486079 30.6642744146 30.5279341196 44.0723390899 44.2896964933 70.1727652689 51.4794709132 65.4668644036 65.4668644036 65.4668644036 53.4634031585 58.5217186915 58.5217186915 30.7681471301 30.6404495248 30.8756556753 30.5303902795 30.6582405533 30.7187880332 30.8807170459 31.0950251911 30.5739626418
30.7756049684 30.7239266483 30.6455008937 30.6569995949 30.944094461 31.0009409011 30.8128695661 63.0605779367 63.0605779367 63.0605779367 30.5085341086 30.7140651269 55.9982212318 31.124994682 55.4567958135 31.1901367671 30.8181060359 30.5057612074 30.7759020469 30.7874442213 30.7842122924 30.640499756 30.5905463187 31.1115406009 30.8833304383 31.1773686058 49.7795808511 59.2711962278 55.2740953362 58.9879258585 58.9879258585 77.229289319 69.8873108479 52.2943999605 52.2943999605 44.0723390899 70.1727652689 51.4794709132 51.4794709132 65.4668644036 54.3554924497 53.4634031585 58.5217186915 58.5217186915 30.6383727303 30.6465135504 31.1556682856 30.6159464045 30.7503516017 31.0699855484 30.7837655052 30.7401572781 30.7508579625
31.1129306642 31.09189144 30.9255712228 30.5765497206 31.0724348927 30.7105379266 31.0310319311 54.6459031485 63.0605779367 63.0605779367 31.179305984 31.1948809387 30.8053384868 30.844308841 30.9848034483 31.1962679993 30.9710348318 30.8042859909 30.8107318716 30.527450099 30.8833023763 30.8381561536 30.980006903 31.0814942448 50.8670183713 31.1798886463 49.7795808511 59.2711962278 55.2740953362 58.9879258585 58.9879258585 58.9879258585 69.8873108479 52.2943999605 52.2943999605 44.0723390899 70.1727652689 51.4794709132 54.3554924497 54.3554924497 54.3554924497 53.4634031585 30.5108924229 58.5217186915 30.8852509053 30.6008781775 31.0898544368 30.9338983398 31.2001616348 30.9991108856 30.5465416797 30.8397685757 30.7795716503
30.635350369 30.775754568 30.8335137239 30.5441510386 30.511300846 31.1262568985 30.9257872537 58.3091027312 54.6459031485 58.3091027312 31.0171548827 30.5464367641 30.6546314909 31.1818489163 30.5056914121 30.9839322838 30.9184651279 30.6387534741 31.1001514728 31.114285363 30.5936245993 31.2001433983 31.1790236899 50.8670183713 50.8670183713 50.8670183713 49.7795808511 59.2711962278 55.2740953362 58.9879258585 58.9879258585 64.4081244069 69.8873108479 75.6881196767 52.2943999605 30.9861729104 70.1727652689 51.4794709132 30.8591670233 30.9649682035 30.9743056964 30.5607008035 31.0362163591 30.7715636664 30.7934232929 30.6131632541 31.032860281 31.1295519037 31.1113233597 31.1484885768 30.5166563526 30.8798575347 31.0078012145
30.8947961485 31.0238658028 30.682234417 30.6430138812 30.7277306849 30.8227959466 30.5017613209 31.0777664054 45.1715759049 45.1715759049 30.8762209159 30.9903910918 30.6197333175 30.7398016697 30.9473467182 30.6962186425 30.9632320865 30.6987956264 30.7557631403 31.0007600847 30.6255614122 30.7379016152 30.6368839054 50.8670183713 50.8670183713 51.5842683788 30.5189672626 30.5427775072 31.1470599456 46.4248836846 60.790036681 60.790036681 46.4248836846 30.6378564238 30.9679066133 30.5833082454 31.0419836879 31.0225257035 31.0598141012 31.0708060677 30.9057663477 30.5927604176 30.7437462391 30.6303143356 31.1086446691 30.5706242274 30.5294790977 30.7909431409 30.9882123295 31.1584405894 30.6841519269 30.7122113713 31.0102488204
30.9274767564 30.7693626559 30.6870570201 30.5714672297 31.0471043166 30.9384286851 30.9630809242 30.5171264388 53.8329057261 31.0525992432 30.8912183812 30.6137904852 30.9642437171 30.9595969595 30.9604840285 30.8235475478 30.6793708625 30.7800210024 30.6722988242 30.9172751721 30.7782552636 30.691707189 30.9514600286 30.8082010475 30.5275647646 30.6160314263 30.6864481457 30.5269930867 30.9315744249 60.790036681 60.790036681 60.790036681 30.8420660812 30.7169169635 31.1472517038 30.87241904 31.1382892987 31.2014612431 30.6648346585 30.771436124 31.1849896126 30.9373811685 30.5874514405 31.084199446 30.5084798578 30.9416579279 30.8445877071 30.9875054645 31.1154172906 30.9266889328 31.0083707817 31.2055893076 31.0931946908
30.8029744695 30.6580513905 30.8733844343 31.0007920283 30.9633640555 30.7792315977 31.1081488025 53.8329057261 49.7657024057 53.8329057261 30.9341880565 31.0018432902 30.5103558468 30.8494971494 31.1442496908 31.0461231658 30.5749631739 30.9596361288 30.6086527424 30.6956990522 31.1155093175 30.6112186942 30.7791289888 30.87859596 30.9077708827 30.9694513853 30.7873661653 30.7909031603 30.7437894711 30.7131780766 30.5327420811 30.5049309211 30.9970150654 30.8628577363 31.071309185 31.0820249601 30.8700294839 30.5069903145 30.7419515009 30.7298282059 30.9458450803 30.6291837906 30.6841045102 30.5387591734 30.7546414198 30.7519825421 30.7050425589 30.7763604766 30.8574923914 31.0361277023 30.8220205119 30.5216027501 30.7102353357
31.0982575285 30.7901050869 31.1128221078 30.5600667519 30.7253405801 30.7938819819 30.6159178514 49.7657024057 49.7657024057 49.7657024057 31.0729428321 30.5955011348 31.2062549407 31.1426064726 30.7395250441 31.0793271772 30.5967595371 30.8639070102 31.0319282226 31.0243283806 30.5151464795 30.8946158442 31.0903401206 30.9033307691 31.0103180595 31.1631492017 30.7238079199 31.043950003 31.0968173183 46.5304156986 46.5304156986 31.0629678255 31.104314895 30.6731393108 30.6193320891 31.0516806088 30.5429551096 31.1459355278 30.5349373177 30.7433988394 30.9468356395 31.1088210941 82.0830041166 31.1576925289 82.2016852463 30.7643885975 56.1325314307 31.0079401633 30.8391641545 31.0341739298 59.4185515166 44.0037565388 44.0037565388
30.6631589422 31.0715157588 31.0246096183 31.1502981478 30.8096468666 30.7029564079 30.9378898522 30.6703196693 49.7657024057 49.7657024057 30.5493277544 30.9425076248 30.6564213615 30.625791141 31.1940573473 48.1164530602 30.5055818939 30.629401269 30.80406791 30.5371896999 73.1126064928 30.8262684345 31.0156447899 31.1764772938 31.1365172769 30.6242386501 30.5013644061 59.7913309595 30.5492954149 30.7544091996 51.4626501431 46.5304156986 52.0228991441 52.9530528106 31.0708830526 30.8455676812 47.9584581651 31.0724153694 30.6503964556 30.6883296014 31.1393702065 30.5785251789 82.0830041166 82.0830041166 30.8826380256 31.0288960136 56.1325314307 56.1325314307 30.7508327715 59.4185515166 59.4185515166 44.0037565388 44.0037565388
30.8825253326 57.109283772 30.5211694644 31.1525348385 30.5265233716 30.790862367 58.3809620448 53.3932690076 53.3932690076 31.1625373801 30.6907766816 57.5347425835 30.6708912555 30.8605206731 30.6971971633 30.5303240282 31.1344658511 55.9536196342 30.9937092651 73.1126064928 73.1126064928 30.5460653964 30.972371113 56.8296696637 31.0486971722 30.6174497505 59.7913309595 59.7913309595 59.7913309595 51.4626501431 58.524963615 52.0228991441 52.0228991441 52.0228991441 52.9530528106 60.618570271 47.9584581651 47.9584581651 30.937961614 30.9948182366 30.6961101639 30.8467889207 82.0830041166 30.5087178052 82.2016852463 30.8587715015 56.1325314307 30.9691863316 30.6250086745 30.8503140243 30.5778942911 56.9729501213 44.0037565388
