Spatial_Output/BAU/BAU_0667.asc
NCOLS 155
NROWS 192
XLLCORNER 196307.867259
YLLCORNER 449144.565805
CELLSIZE 33.573938
NODATA_VALUE NaN
[rows 50 to 74 of 192, columns 0 to 56 of 155]
27.9959425269 27.2052673813 28.7139727411 28.0724483805 28.1177705041 26.2600160178 28.6929339012 28.2115139449 25.7238178983 27.9513157921 28.9588939673 28.6332495719 25.9825880508 25.1470473143 25.4648998756 26.613885777 28.4218804872 28.9832067647 28.968419846 27.2301102219 27.9663942308 29.0992681644 29.1176924936 29.0340878814 27.2911664123 51.3409496613 51.3409496613 41.0440412352 26.5275340185 25.4634620887 26.5277639913 27.2780825399 27.0065344495 27.3217899203 27.7631336689 29.0794185161 26.2512009672 52.2170998038 52.2170998038 52.2170998038 37.7120698489 61.8053135144 27.1251643778 29.096964391 26.6884341548 25.8741659758 28.0813649179 28.6461013116 26.9603719861 26.9281791118 26.2931796469 27.2528818656 28.0417690665 25.8862406559 25.7364993394 26.5281174962 26.1911395915
27.6604615039 27.9145866808 26.3093978993 26.32372677 27.9288060169 25.0535799866 26.4485888477 28.3331959728 25.0882880831 29.0089936506 26.616262801 25.101572134 25.9298270094 26.3206163973 27.6032472955 27.3192941817 25.7591347238 26.6714570451 26.7911492379 27.7811791924 28.1397928755 28.4667294318 26.8825381645 37.8145093186 46.4209551378 26.6469405309 41.0440412352 41.0440412352 44.8462166626 44.8462166626 76.1161895577 76.8955762156 26.4264749708 56.7802531516 29.161299395 26.5029230263 28.556138394 28.4499948508 52.2170998038 37.7120698489 37.7120698489 37.7120698489 28.8544726482 29.2062650899 28.4129578431 28.9993697788 27.7767156107 64.0665291297 55.9718425681 26.9034303041 29.1147264532 29.0215062148 29.0533735089 28.8086079672 26.60706909 45.7728254252 27.1203300009
25.1694097918 27.1524171579 26.7301945169 25.9258054391 25.026030398 26.4493514579 28.2426894645 29.1239655642 27.1632974027 27.9822911915 27.7993316064 27.5991891183 26.013441786 27.4987306329 25.4708043731 26.8116553188 25.8320519429 28.2524095747 25.3512545946 26.5000454427 25.2319494712 26.5536538703 28.176302978 37.8145093186 28.6053573335 26.0450614133 41.0440412352 44.8462166626 44.8462166626 76.8955762156 76.8955762156 76.8955762156 28.8830520189 62.0176253574 62.0176253574 26.5859082693 25.4508262826 25.5810944674 27.6328371209 26.0240461156 37.7120698489 37.7120698489 25.2360200986 26.9171248463 54.6549808012 66.2232876533 74.0715810232 55.9718425681 55.9718425681 63.1930390332 27.5530334809 27.8419649427 61.5595489538 25.2883411203 71.7823808048 45.7728254252 45.7728254252
28.8978552454 29.199242237 28.2232203937 25.0273656737 25.0233514174 28.9388446044 28.455164064 27.836310239 25.1230856459 27.7084482478 26.2416072559 28.6782191947 25.9197100658 27.0992991595 27.153644922 25.9175860317 28.05545464 29.0719805458 25.5688325287 25.4560337129 26.5282474392 27.6502952582 41.7134206728 25.7573982752 25.2993444913 53.9096402558 27.9219928765 26.4079392958 44.8462166626 63.6666747511 64.734085513 64.734085513 64.734085513 62.0176253574 62.0176253574 27.0862602724 27.5510927243 61.1348785123 36.5649658311 36.5649658311 51.0074483806 25.3375794195 65.2781033294 54.6549808012 54.6549808012 74.0715810232 74.0715810232 55.9718425681 55.9718425681 63.1930390332 61.141048014 27.2811989896 25.4082321444 63.0672521028 63.0672521028 45.7728254252 45.7728254252
26.016841216 25.8581585664 25.714095666 28.1508948912 29.0254125811 25.1319200387 26.3435266993 27.5402313395 28.4249554295 26.856657659 26.9351093492 25.8479809167 25.2322502565 25.5560215363 26.0255127781 26.2961660185 25.6493539732 28.9407225301 28.9855468205 27.407363406 29.0172414512 28.1878269931 41.6634267949 25.8682435886 49.4675850929 28.6867288904 28.4456509644 28.475676165 25.9581424476 26.4421211181 55.1679214854 64.734085513 64.734085513 62.0176253574 26.5849208502 27.2589182299 25.374822554 27.2233773812 29.1810035535 51.0074483806 51.0074483806 51.0074483806 25.6011649806 70.0183273242 54.6549808012 71.279970425 66.2232876533 56.8948639416 55.9718425681 27.9172805766 26.9494408914 28.4350873638 61.5595489538 63.0672521028 63.0672521028 70.2683499849 25.750746701
0 27.5875952305 26.8442728324 27.5828744366 25.9272243214 29.1096360046 26.8967857096 25.4821369304 27.3955437943 26.1901619199 27.1462177568 26.9157470172 25.1421961522 25.9968544159 26.5348571631 28.3968466221 27.4080331646 25.8369372539 26.7988122418 26.6353166601 25.5269732063 28.302294106 28.048642101 53.4514711277 47.8089513262 28.1226533058 25.9504220392 26.1803056587 27.6066455693 25.5292093684 55.1679214854 55.1679214854 55.1679214854 26.1741040816 26.6332810719 28.3732236694 27.5513104283 25.1146899436 28.5823444819 52.6699599286 52.6699599286 52.6699599286 50.9408334665 25.7360880805 28.1405765852 28.4481451754 25.0334450415 28.059799577 26.7613930734 26.9397875691 25.4819686671 28.0201580407 28.9835803776 28.2352154049 63.0672521028 25.6002964452 26.4477170536
0 0 26.95776056 27.5958466439 28.4297831807 26.7426634193 27.0696226106 26.6250440795 28.894288701 25.7412082612 25.2973247415 26.4702372546 28.8485539341 26.8702136635 25.3433473927 26.9682319355 26.7233332031 27.696514637 27.3060677552 27.5306289346 29.0449641512 27.38538942 60.9833343311 47.8089513262 47.8089513262 47.8089513262 28.9444438373 29.21520372 27.8226293891 27.1005855758 25.1717824307 55.264145822 63.6468125437 63.6468125437 28.1866022285 26.6339020034 29.0213802336 27.5553845618 26.4567462091 67.2124627466 52.6699599286 52.6699599286 54.930124594 25.4083604178 28.1363136177 26.8717361725 26.1364588619 28.0701364973 25.7938545933 25.3051473511 28.9103530245 25.2925334488 27.8227997857 26.7807406941 26.5623913829 26.0907837804 26.3232435249
0 0 0 27.8245551767 28.1232487844 25.6739628888 26.9490695366 26.692748839 27.4054562433 28.0523686029 25.0346515884 25.578341646 29.0809765789 28.0442771527 27.4969231961 26.4829983716 28.6275875088 26.4367829 28.9918261057 25.8748550681 28.4474198637 26.3751640247 26.8073288084 26.8439632307 26.8754241489 27.195247567 27.2653047877 29.1703294634 27.9402633605 27.0539670832 26.6954698947 63.6468125437 63.6468125437 57.2061978691 27.5287452132 28.3671025271 27.7985076316 25.9590688132 28.4981632952 28.4542250825 67.2124627466 63.0740678145 25.7705570473 29.0083361481 26.937265823 28.8743491951 29.2245790428 28.8929875078 26.6210846716 28.5540818586 29.1237533608 25.9707007577 26.2873547694 25.056332654 29.1213714035 26.2036878452 25.7270794112
0 0 0 0 25.0944968934 27.425218369 28.0608083653 25.7909726055 25.3311171386 25.5694419741 29.1508710344 26.2786911474 27.9866080434 26.1490628609 26.327070502 25.0052294322 25.8800663013 28.3718664153 27.6463785239 29.1395691739 28.1446364554 25.2624634652 25.1287488748 28.4567780719 40.2816403267 42.4820296301 42.4820296301 39.4335647188 29.2148336593 28.1283785064 27.8366171525 57.2061978691 57.2061978691 57.2061978691 27.1465968133 27.2005314547 39.31311922 48.0453189144 51.7929753948 54.4198770233 63.6088004931 46.6433811509 48.4201078619 28.3599098076 28.1509035427 27.7984889843 29.0884648056 27.2163307184 28.087897018 29.016026188 27.5428611241 28.5697385574 25.8390099537 28.8624279647 27.7808726015 25.2044027324 28.4348871872
0 0 0 0 26.1011762176 28.4816911764 25.3299538061 26.6102787631 25.4340432619 25.7136294564 29.2043344459 25.1196293946 29.2160949792 25.846478094 26.0804953138 26.3556278793 28.708833907 25.6280750298 28.4194663611 27.2674966405 28.0772925937 25.5138483293 27.2276286489 28.6278465455 27.8792808049 42.4820296301 61.3880328171 61.3880328171 61.3880328171 28.0625993978 28.0181275764 26.0650974704 50.5462044692 57.2061978691 61.5110895564 26.3498149122 46.7629341029 48.0453189144 51.7929753948 51.7929753948 46.6433811509 46.6433811509 46.9107069181 27.5588909618 27.4258993667 26.1283739067 28.545184537 26.4715955005 26.8439400701 26.2147893766 25.2534505735 25.8484857043 27.9975251083 25.7225868049 26.2730265529 29.0578238409 25.6536714019
0 0 0 0 0 27.7660289097 26.5551921529 28.3051827895 27.7481066402 28.2151424432 27.6036506624 29.0936753659 28.7621198247 25.8161197887 27.8757469105 27.515684374 26.5301000329 27.7695083362 28.4647816942 25.2536798081 27.2879566985 25.0581034796 27.8359244088 28.0313205705 27.0255458144 65.8210163314 67.6329802036 61.3880328171 61.3880328171 36.2816931945 61.8715730395 61.8715730395 50.4197419545 59.0861811928 59.0861811928 61.5110895564 48.0453189144 48.0453189144 51.7929753948 51.7929753948 47.3897039538 46.6433811509 26.4532136946 29.2363432377 28.7228892361 27.3660040747 27.0537528696 28.6117982326 25.5936083107 25.3951042018 27.0169993581 28.2473389227 26.3615154781 26.0250978618 28.7776938708 25.9753069735 27.4111136478
0 0 0 0 0 26.7878354137 27.8873164421 27.2370512506 27.334572828 28.9120202641 28.9117345941 28.7728135331 25.0960471171 29.019564629 26.0320678143 26.1540703134 26.3687676779 25.2939896528 28.8827093279 29.0723481291 28.6504776548 25.6934438829 26.1748546273 27.1305416664 28.9026843962 65.8210163314 67.6329802036 67.6329802036 47.9454812691 36.2816931945 61.8715730395 61.8715730395 27.5531661003 59.0861811928 59.0861811928 28.4347805998 46.7629341029 48.9730723722 39.1297547976 50.003358485 47.3897039538 50.003358485 41.3350736121 27.2220904809 25.0291810014 25.875369294 25.5660877544 28.9173040207 29.1218062058 28.4582056142 25.5747860277 27.7730551666 28.5549228398 25.0680919307 27.132669595 28.698036745 27.2107647753
0 0 0 0 0 26.5699297195 25.8873905901 29.0581902738 25.3172626077 28.5268875372 25.9434864622 27.0811278739 25.0435005044 25.5669505953 25.292038911 27.8923169462 25.1656688682 25.0780372196 27.8330794829 27.7221758344 27.6361534988 26.2812206544 27.9024512342 25.0561638808 25.8521040751 26.938867711 38.0063921313 61.6013815929 38.0063921313 19.4328453906 64.2609060704 27.0708678206 25.9238009058 26.620773591 26.4385052368 52.4722338327 28.7715934003 25.9782210351 26.9891989262 57.4534719794 69.0113049784 69.0113049784 57.4534719794 25.4024872391 26.7617373723 28.5610279997 27.0978119843 27.0670855204 28.3862155084 28.6195525713 26.2536135747 26.7408552774 27.485902137 28.8991507336 26.8784286308 26.7852851475 49.1613923685
0 0 0 0 0 0 26.2339105608 25.2377952148 25.2949435252 26.6075166602 27.6233797906 28.6682078754 26.8503442213 25.8117011142 26.0759568691 26.5662772717 27.2699493278 25.4628075088 25.9784005191 28.9109660133 25.8463858991 26.901744718 29.1716686528 26.2141181514 26.3570036864 25.44392748 61.6013815929 61.6013815929 61.6013815929 25.3316357878 25.4036439639 26.9779880629 28.8748432562 40.872558363 40.872558363 40.872558363 28.4531654736 28.5471645163 26.0398541531 52.3715845302 69.5741112419 69.5741112419 52.3715845302 27.4517166346 27.0426197955 27.2802108009 29.0463781551 26.3931641413 27.8028539994 28.1888611133 28.72428949 28.4611648209 28.5567712489 25.8240056884 27.7619648345 25.8514630741 45.3078541163
0 50.6543402332 61.609138521 63.162841419 90.4520669693 90.1341036086 90.1341036086 26.0021433669 25.0143676149 25.3908575767 25.1047523972 26.9139348923 25.4511752809 27.0141566324 28.9517599524 26.2366208513 28.1548589369 28.0391879099 27.7398482889 28.9707338575 28.0110511319 26.8800998636 26.5450058231 25.9574814471 25.9361590523 27.8696157077 59.0948326579 59.0948326579 73.0562524872 27.25406888 28.5385219727 28.2709951978 26.042092367 25.4432777077 45.1176364307 27.1198392887 28.117798089 25.6830949223 28.5865271906 69.5741112419 56.1283731937 56.1283731937 69.5741112419 29.1561589422 26.4360743746 26.2317895548 25.5930226939 26.6749537095 27.4255708239 26.0244295409 25.876728386 27.3080179957 25.2152560562 25.0467751144 27.2064825423 26.8436652209 76.9820767718
0 61.609138521 63.162841419 63.162841419 90.1341036086 90.1341036086 62.2621900181 62.2621900181 25.8265740155 26.6524320296 27.1034407123 26.732356849 26.6039535804 28.9892653714 25.2390567304 26.9580299934 28.207706241 25.1931944891 27.8973607197 27.1544113532 28.2432075136 26.7790448864 25.0757423673 25.0245000013 26.7570183378 26.2645283283 51.3814497606 73.0562524872 51.3814497606 25.621648195 27.7743741133 26.2776247955 28.2868310912 45.1176364307 45.1176364307 45.1176364307 25.9859496132 28.6279426932 27.5016429936 49.5854249482 56.1283731937 56.1283731937 53.0760264558 27.2140187479 25.4162212175 25.1651581046 25.6989899567 26.3941625215 25.7557460246 25.5236630405 25.764870556 25.6251917829 27.7599159321 25.7503523539 26.2698685887 19.7171922943 76.9820767718
0 60.2311324439 61.609138521 63.162841419 90.4520669693 90.1341036086 48.1364962042 62.3865482744 60.9931052732 53.5069109354 28.338896792 55.8705127652 27.4375095789 55.6705763014 27.7750524817 26.2891005109 55.4761183851 26.3028367954 72.198508827 29.1187961016 28.2998200723 73.2890191931 62.5291230798 26.6870915038 27.5916664091 56.6292233518 51.3814497606 51.3814497606 51.3814497606 28.8027780285 25.9287147448 28.4465859836 26.5909763795 52.0959887283 45.1176364307 50.3832310962 50.3832310962 28.2800913217 26.8442781394 57.0494573464 53.0760264558 53.0760264558 25.898802019 27.7188644672 28.6406109597 27.4502783467 26.9805717607 28.7051078552 25.1594773984 28.5442715702 26.6084238896 26.695815815 28.4615655823 28.3742418165 27.2312603813 26.4561777649 76.9820767718
0 54.1549979585 49.4760263612 49.9439372046 51.4007583363 51.4007583363 57.3525869817 60.9931052732 60.9931052732 61.8718446879 55.8705127652 55.8705127652 55.6705763014 55.6705763014 65.154406281 55.4761183851 65.5294045836 65.5294045836 66.0935604956 72.198508827 27.4306590637 62.5291230798 62.5291230798 25.6786481919 56.6292233518 56.6292233518 25.1145729542 28.7948388509 26.6985303087 28.5812432442 27.7540225457 28.7892513579 52.0959887283 52.0959887283 52.0959887283 50.3832310962 50.3832310962 50.3832310962 51.8967733051 57.5211245429 60.6479876812 60.6479876812 27.0171308503 55.5288590488 26.2774322705 27.6235245673 25.8327262386 25.7563917827 25.8295970969 26.902201988 26.5609588008 25.8592106606 28.6500289012 25.4950615694 27.3726388601 37.0997385771 37.0997385771
54.1549979585 49.4760263612 49.4760263612 49.9439372046 51.4007583363 51.4007583363 63.179675689 60.9931052732 60.9931052732 55.6472172272 55.8705127652 55.8705127652 55.6705763014 55.6705763014 65.154406281 55.4761183851 65.5294045836 65.5294045836 66.0935604956 72.198508827 27.1363153365 62.5291230798 62.5291230798 54.9301602205 26.5730318078 56.6292233518 28.1392425487 29.1387722582 25.422540847 26.7374639083 28.8511054416 25.7580488166 25.1839756917 52.0959887283 25.2177470595 50.3832310962 50.3832310962 28.9253962862 26.1311645796 28.5280263122 60.6479876812 60.6479876812 28.4775378122 25.5969780277 26.385685416 25.7924420687 27.408711082 28.0956317557 29.1585757573 26.7691168961 26.1274150768 26.8802594594 29.1642614326 29.0735821242 28.5271228392 56.209050652 37.0997385771
0 54.1549979585 49.4760263612 49.9439372046 62.9937982756 51.4007583363 65.6270719388 63.179675689 60.9931052732 26.3108364494 55.6472172272 55.8705127652 25.4272368026 55.6705763014 25.8003848575 65.154406281 55.4761183851 25.2498379046 25.7502448886 28.1475881784 29.0404391153 27.1725715878 28.3475455732 25.9292229484 25.8434251043 25.101139704 27.892251804 28.4860802633 27.9692188941 25.7648516026 27.6851616236 29.1698448148 25.4682946773 27.3024318083 26.4998483617 25.7553595573 25.7550827959 26.4530051816 28.2932814512 27.6830847155 55.0460052398 55.0460052398 55.0460052398 27.9748366933 25.9680767802 27.7305153052 25.1731687549 26.2648136846 27.9076784678 25.6769812541 27.6444688943 26.6252450079 26.7640040736 28.2490914113 66.8163588918 66.8163588918 66.8163588918
0 0 0 0 0 0 0 0 0 26.5465081031 29.215604473 26.2120379469 27.0391279236 27.9229946704 28.8717848879 28.4890891862 27.0608534781 28.935130205 27.0131920061 25.6737655819 28.4597295076 26.1976165556 26.0587566245 28.3323289742 28.293021796 28.518508223 26.9788099215 26.0865157673 26.9337672841 27.2640116961 27.4283712724 25.0317155219 26.6387291899 28.2728364793 28.3718539088 28.7275235243 26.482424322 27.6917101719 28.3558367062 27.8448075315 55.0460052398 55.0460052398 60.9235540689 28.7219729649 28.4751679083 28.0431047263 28.5697180415 25.4078011034 29.0140695679 25.271806336 28.3864270864 26.8130874247 29.2420856912 26.0693302651 25.6103800781 57.7956874737 66.8163588918
0 0 0 0 0 0 0 0 0 28.5673476617 27.230729936 27.2178903699 28.3649275448 26.8555472463 25.6750314603 26.012157971 26.4271274524 28.4739260937 26.1168522336 27.1534062402 25.6876664729 28.4873208669 29.0984827146 27.9230268544 25.5532623393 26.6307810224 27.517413819 26.5175465229 28.8393281688 26.0516577526 26.6591360458 27.9667063573 27.4092512409 27.4056870142 27.0550001558 25.4004741839 28.4059509161 27.8953343876 26.3210985382 25.5059078257 51.9020250611 51.9020250611 51.9020250611 26.3025512456 25.226328611 25.219344396 25.0262329512 29.2170163624 26.098087103 25.8222215407 28.3043626585 28.1536884033 27.9573666414 27.9221016379 25.5846819728 57.7956874737 57.7956874737
0 0 0 0 0 0 0 0 0 26.6131920241 25.4414607803 25.9976658786 28.7168059522 27.9451358981 28.5506007482 27.304443447 26.6019747629 25.4024171221 28.388677605 25.0643404541 26.9616220571 26.7134628308 28.2595681419 26.3445277733 28.8533289359 26.7106192483 28.4970845445 27.3479899102 57.5438811797 57.5438811797 57.5438811797 28.3316946299 28.413001442 27.620733118 26.3498438817 26.5364077968 27.7795921892 27.4385370239 25.210661957 25.949504303 42.7986751882 51.9020250611 42.7986751882 26.2636516642 27.7905126644 25.5675093295 27.5769731114 26.6832167321 28.0169294757 25.8173980812 25.9359555037 26.6217470167 26.2365779091 27.4654149428 27.2740600827 27.6371913504 25.1038322998
0 0 0 0 0 0 0 0 0 27.8684003647 29.1482915577 25.8589504971 28.5430580965 25.3648958172 25.6892603589 26.9717132035 25.8032333186 25.7218056097 25.0712007377 26.4102622691 28.4361049844 28.8515119973 25.8445011144 25.7250206432 25.5528856221 26.0597510947 28.499702001 28.6968651287 53.3942554605 57.5438811797 57.5438811797 27.1130306483 26.9024266831 27.0776399445 26.2635450818 25.8337695751 56.6416758544 56.6416758544 27.6243019644 27.2680739585 48.0220124652 42.7986751882 65.604781261 26.2479495365 27.4014440285 27.369902688 25.6640777474 26.9016950473 25.6784074802 25.7283264133 25.7520073167 27.8056987642 28.0013143285 27.9694103943 28.7260852621 26.3517772568 26.8750148057
0 69.2314019752 80.1236992038 0 58.3068292644 72.2944043687 68.3628347603 0 0 0 26.0968428886 28.6351066272 26.9387170117 28.3489093014 29.1537537178 26.4825226043 27.2687040397 28.9075410239 26.5667870557 27.5864615919 28.7033653602 25.2803410506 27.577904351 27.758150946 26.5775690359 28.4063450151 25.3230291964 28.356733706 53.3942554605 57.5438811797 50.2344350127 25.2451695068 29.0339327505 28.0368668482 26.1614907646 25.8569563471 25.3859598238 27.8184500707 28.8982429556 25.6263274884 50.4735815005 50.4735815005 29.1600707706 50.4735815005 25.0468567119 28.0284359347 26.5880913299 25.3314981318 27.4017802895 28.086432759 27.5352247044 25.1375849531 26.093549797 28.7613209782 28.1967475126 25.8843462494 26.531113898
