Spatial_Output/BAU/BAU_1085.asc
NCOLS 155
NROWS 192
XLLCORNER 196307.867259
YLLCORNER 449144.565805
CELLSIZE 33.573938
NODATA_VALUE NaN
[rows 150 to 174 of 192, columns 56 to 111 of 155]
31.6199098805 29.3424768917 28.8837220512 29.1197770421 32.0032842238 31.2319910293 30.7618467419 30.7359376291 31.1533700002 22.0574171354 21.2905958303 10.8667576442 31.1409666792 30.2423887069 31.7665263505 31.8729854279 30.0023855598 28.9209831732 30.4014145909 30.5721564377 29.7318219159 31.5352726658 30.892780566 31.5286458982 30.3363672152 29.0735845386 28.5539000782 29.8035299464 29.9111702607 31.2696590726 31.5367385193 31.7090067713 29.4086023203 29.8869524484 29.1737350096 29.9163213418 28.9355963033 54.8554181138 54.8554181138 29.3080974076 30.7745415163 31.2270874276 29.6503819438 29.7385538128 30.1899211533 30.5822714288 29.7259289514 31.1689731943 30.4447163679 31.8441849163 28.7445036936 29.1017474279 29.8907372982 31.54234326 29.5764954428 30.5999165299
0 0 28.743805693 28.703256946 31.8863159147 31.9221917494 30.5617680536 31.67167326 31.43237902 18.3476000576 16.3530057038 23.6446892845 30.429953966 31.7698249287 29.8362056511 28.8496758109 31.8385331114 29.7081963346 30.4895026938 31.6864840411 29.2159610925 32.0012665565 31.6007566853 29.4878175434 30.8513820775 29.5011240825 28.5789711162 30.2186700315 29.5210354612 28.7004764684 30.044665964 28.5832958056 29.88488872 29.8204686966 29.101848238 31.5159424646 30.5032165689 78.2061495441 78.2061495441 78.2061495441 28.8624232408 29.0136569643 31.9982528046 31.3396805755 28.9686375976 30.5353648337 29.4758654121 28.9232131579 28.826360962 29.0614933304 28.8201126927 31.0480529889 30.8755990376 29.8431851353 29.7766899467 29.6669707849
0 0 0 0 0 31.9347291569 31.4911146453 28.6110503318 30.082486303 24.4675095967 18.5697888637 17.1771460279 29.3065834668 28.571027133 29.2817466803 31.5281702293 30.8920440721 30.9023622892 31.1995904621 30.5404754427 32.0310156823 30.1157177646 29.0672279094 31.7008074788 30.7611495079 31.505389373 31.3707573038 30.4503999544 30.0102453805 29.4670816389 31.0982194147 30.3890037389 31.0149959428 29.4724460529 29.6217527917 30.9013954276 28.7046290215 78.2061495441 78.2061495441 31.9234245383 59.1402735544 30.989532445 28.7337678304 28.9869363391 28.7899663042 31.0392126614 28.6341726014 28.8556225615 30.0179759919 32.0137249356 30.8606552298 31.1667113056 29.0076984367 29.6126820176 31.2275820149 31.7541532504
0 0 0 0 0 0 0 30.8885561032 30.9372482068 28.9210629553 31.297383966 55.4110341428 55.4110341428 31.1946455496 29.602561063 29.7047930488 28.7005783999 29.1257781648 29.6196923582 31.6481067187 31.971440789 30.5815512792 29.3607977056 30.1613455175 28.9224649097 30.9759009857 28.9482309257 31.5967081463 31.4451228825 31.4613332933 30.3106377453 31.9820944969 30.373151927 30.949717161 29.1747400383 29.8957897253 29.380896311 31.1201261786 30.1391934698 31.8932025107 28.6232685194 31.5743960476 30.0102686264 31.5230164096 30.6455456374 31.3368748047 28.6003851737 29.7476940038 30.1562324663 29.8805756825 29.126831965 29.9641037553 31.1554431708 30.7459898698 31.4582231867 30.2984905761
0 0 0 0 0 0 0 0 0 43.5224589898 55.4110341428 55.4110341428 55.4110341428 30.3818750459 30.4320025626 0 0 30.271896653 31.9609043357 30.9476827366 30.1122383583 30.022867763 30.6549306528 28.5169832938 31.8328417291 30.7211965228 31.002554319 30.3727008597 30.1064454029 31.7492706887 29.2529926352 28.969631823 31.9825105825 30.3528487247 31.4547539194 30.0529836373 29.2404580832 28.9808028239 32.0001204717 66.8139602327 66.8139602327 28.8163001938 30.8683469002 30.4549978011 29.2331389109 29.8990702807 30.5259650582 29.501432872 28.7161637017 30.8516319876 29.5655651742 31.7037518058 29.7275213709 29.2874532441 29.9382399656 30.4658579814
0 0 0 0 0 0 0 0 0 0 56.9716185812 55.4110341428 56.9716185812 60.915817817 0 0 0 31.4545699104 31.4137874045 31.4604482959 31.5858620567 30.0505771151 30.8549640621 31.1026763108 31.6522714448 31.9247270994 29.586897502 30.7504992272 31.4848316429 28.9042845382 30.7466963839 29.4756078276 29.4838506131 29.5460876162 28.7625565142 30.6285848057 28.7049952954 30.9904323551 29.9147761181 30.0987391401 28.5783322823 30.5277686284 29.5889367213 29.5750707842 30.5428151323 28.6739231417 31.6713997177 31.3816496606 30.8192280465 31.6588221378 29.4972093121 28.6499875668 28.9044934836 31.4269833098 31.498670391 29.0222909987
0 0 0 0 0 0 0 0 0 0 47.1463193062 39.7924220558 46.2326612554 39.0499531474 0 0 0 0 31.4919377421 30.8951711892 29.2551635126 29.8181454482 29.5437466497 29.1138766174 30.3437459797 31.8415585552 31.737918102 28.9670840526 29.5692447222 29.5213657172 30.909314151 29.5739957595 31.9255765492 31.9896661645 31.1883115049 30.4558902545 30.2121227075 28.934625419 29.6105892028 28.786410348 58.4065480378 58.4065480378 61.1173114463 31.0894037356 30.0507339506 29.066132419 29.7513934369 31.7335520288 31.0169451225 31.7808777869 30.2150656671 29.0335324827 30.5332468691 31.1396889908 31.0566883038 30.3527045688
0 0 0 0 0 0 0 0 0 0 0 39.0499531474 46.2326612554 46.2326612554 46.2326612554 0 0 0 0 31.0222735599 31.4808712283 29.0470934437 29.2282036624 28.5500673613 30.8378014132 28.755465109 30.1571749042 31.307414184 31.2757300106 30.2103300209 31.5116275134 30.9814486013 29.1437272229 31.6303558525 32.0242768275 31.7529305254 28.8719748282 28.9575054773 30.9111537949 58.8903645456 58.4065480378 58.4065480378 67.3978523466 30.2660305261 30.3440933652 30.1472984582 29.691456388 28.8646144371 30.5054471745 29.5544895572 31.4150957024 31.8927873759 31.8589559361 31.8186889272 29.0021858212 30.3153966516
0 0 0 0 0 0 0 0 0 0 0 46.2326612554 46.2326612554 46.2326612554 0 0 0 0 0 0 28.9530109521 31.9711832348 30.3035591214 28.6939914118 30.0110455348 30.6867378445 31.2956960834 29.2777083634 31.4815734876 31.3239377127 31.8895804043 31.7190142531 30.5423232831 29.351876 31.4678528635 30.0210705794 29.628268722 30.6857300951 30.361223233 30.8996432437 67.3978523466 61.055964854 61.055964854 31.1607756981 31.9376615021 31.7433687313 28.8516675653 28.7004493309 31.9822402424 30.2947900968 29.3272672986 30.5530556052 29.496846229 31.7211928813 28.5303083406 31.9418964877
0 0 0 0 0 0 0 0 0 0 0 0 0 0 0 0 0 0 0 0 0 31.509706853 31.3640161023 29.7979421812 29.4417749526 30.4064246912 30.922677026 31.9960270748 29.7541562642 29.4640287042 29.4681078876 29.258321523 29.3975426024 29.9272922674 30.1997472941 29.7986594505 29.0653032913 31.6066779847 29.3971764378 31.9999565358 61.055964854 66.2443962083 66.2443962083 66.2443962083 29.0382595143 30.4046806033 29.0717914882 29.9992626387 30.1855161695 28.6123507497 30.4407475998 28.5353866533 30.9734316863 30.6740179944 30.4519214266 29.8606291184
0 0 0 0 0 0 0 0 0 0 0 0 0 0 0 0 0 0 0 0 0 0 0 0 0 29.6507648536 31.8734132874 30.7246312567 31.4399396665 29.9995296415 30.8613129964 30.8392495354 28.5267487111 30.7951021345 29.1618189667 28.6652762869 29.3676316084 28.5762497053 29.1245679492 31.6437231532 30.151133199 66.2443962083 66.2443962083 30.4220228304 29.4968134898 30.8450081902 31.0975910778 30.8067727462 28.71254362 32.0345044816 29.5569627458 28.5828954462 29.8581474008 30.6294257247 29.5261648301 30.2248081487
0 0 0 0 0 0 0 0 0 0 0 0 0 0 0 0 0 0 0 0 0 0 0 0 0 0 0 0 0 31.4950263408 31.6950842234 28.9244428969 30.5648956749 30.392595201 30.3643260134 31.7081989732 31.3943816598 31.7217793491 30.6119452608 29.4477528415 30.1677208733 29.9208240656 30.9678066306 29.1393968643 28.989099381 28.6226249427 29.9062901896 30.2629126065 30.7657029209 31.6270893864 29.4918323015 30.3742088709 29.817461791 28.714518186 30.2863878042 31.2905795212
0 0 0 0 0 0 0 0 0 0 0 0 0 0 0 0 0 0 0 0 0 0 0 0 0 0 0 0 0 0 30.5736944824 28.9444598415 30.9819234694 29.0740907049 28.9298580276 30.701923179 29.9853793065 30.3461763648 30.9644965312 30.5050888315 31.704412267 31.3108664325 31.9048951121 30.5452671345 30.9723186152 29.2679685127 28.5478033448 30.2946765524 31.2833499026 29.8212956522 30.5576137852 30.6758605222 30.7602280495 30.5149152055 30.9370077469 30.5792708295
0 0 0 0 0 0 0 0 0 0 0 0 0 0 0 0 0 0 0 0 0 0 0 0 0 0 0 0 0 0 0 29.2144981675 30.367842387 31.9108285899 28.6481395888 31.5857454924 30.8871354578 30.2277362972 30.5747400536 30.3978773252 30.6144265611 29.2645249761 47.4905482369 47.4905482369 47.4905482369 30.4499255791 30.7202972399 30.8973562917 28.5633292407 30.1807470012 30.9467623945 29.4573509067 31.5379947529 30.2388076748 28.7341170637 30.4956586106
0 0 0 0 0 0 0 0 0 0 0 0 0 0 0 0 0 0 0 0 0 0 0 0 0 0 0 0 0 0 0 0 29.3130213148 30.8651381045 31.4873439397 31.7222412163 31.2524962488 32.0262218232 29.4493049314 28.6388360361 30.5685712361 30.1502961861 29.0993173273 47.4905482369 31.1835268506 30.350832972 31.0051080235 30.6394727914 30.7253111541 29.6571187264 29.6795695582 31.0086098134 28.969457349 28.6436530219 30.8200906349 29.8621313994
0 0 0 0 0 0 0 0 0 0 0 0 0 0 0 0 0 0 0 0 0 0 0 0 0 0 0 0 0 0 0 0 0 0 30.6911150368 29.5234836858 30.4110913695 30.8532324646 31.2967974312 30.2539358139 29.8329114933 31.638856473 31.8442234676 29.5866371189 66.7945298865 66.7945298865 28.5748768158 31.5208258401 31.3277528802 28.7266406464 31.5573679109 31.5576940303 28.5275980074 31.1664813658 31.5454835288 0
0 0 0 0 0 0 0 0 0 0 0 0 0 0 0 0 0 0 0 0 0 0 0 0 0 0 0 0 0 0 0 0 0 0 0 31.1071984681 30.8023566822 31.1748247237 30.7779940812 29.5954465098 31.1257311853 30.1706342111 28.5143096357 29.4520615048 66.7945298865 28.5033224778 29.2591195222 30.2292161127 30.170890222 31.3970646958 0 0 0 29.5409860879 29.7275863573 0
0 0 0 0 0 0 0 0 0 0 0 0 0 0 0 0 0 0 0 0 0 0 0 0 0 0 0 0 0 0 0 0 0 0 0 30.2502059795 29.103801985 31.5129128206 29.8171135547 29.5714767356 31.6012559249 31.6202802266 31.1229895696 29.1322797858 30.32093924 30.4248917426 30.5063785643 29.4496812602 31.2001790906 0 0 0 0 0 0 0
0 0 0 0 0 0 0 0 0 0 0 0 0 0 0 0 0 0 0 0 0 0 0 0 0 0 0 0 0 0 0 0 0 0 0 0 28.900797789 30.0763676798 29.06016799 30.9494465027 30.4142856732 31.3792611353 29.7908738861 29.5399766005 29.1261069592 30.912554408 28.6231957849 31.0052043823 0 0 0 0 0 0 0 0
0 0 0 0 0 0 0 0 0 0 0 0 0 0 0 0 0 0 0 0 0 0 0 0 0 0 0 0 0 0 0 0 0 0 0 0 0 29.3878831324 29.8629319454 28.6680238044 29.4696111695 30.5760809807 29.7104928955 29.4525738318 31.6434384468 29.3498105025 29.0832892255 51.9892569614 42.6702662508 0 0 0 0 0 0 0
0 0 0 0 0 0 0 0 0 0 0 0 0 0 0 0 0 0 0 0 0 0 0 0 0 0 0 0 0 0 0 0 0 0 0 0 0 0 30.2893863688 30.2139659653 29.7448941857 29.5636811117 29.1689661285 31.4570738959 30.3468638615 30.6652866801 19.5503223783 12.3504535949 13.9437948149 0 0 0 0 0 0 0
0 0 0 0 0 0 0 0 0 0 0 0 0 0 0 0 0 0 0 0 0 0 0 0 0 0 0 0 0 0 0 0 0 0 0 0 0 0 0 30.5804408972 30.4334838618 28.958126691 31.2496976273 28.6157133507 31.0112618298 30.1915086028 11.8581697067 14.0104798061 13.3194573095 50.9985287268 0 0 0 0 0 0
0 0 0 0 0 0 0 0 0 0 0 0 0 0 0 0 0 0 0 0 0 0 0 0 0 0 0 0 0 0 0 0 0 0 0 0 0 0 0 0 29.8869666369 29.1748591996 30.5884440404 29.4633329343 30.5669083458 30.32079367 16.9386023941 14.4374774715 18.5558411884 43.7543759873 60.4658204153 0 0 0 0 0
0 0 0 0 0 0 0 0 0 0 0 0 0 0 0 0 0 0 0 0 0 0 0 0 0 0 0 0 0 0 0 0 0 0 0 0 0 0 0 0 29.8972172725 30.6717954094 29.2590282921 29.3667046943 30.9969156014 0 0 43.7543759873 56.4684510065 56.4684510065 56.4684510065 35.5718391817 0 0 0 0
0 0 0 0 0 0 0 0 0 0 0 0 0 0 0 0 0 0 0 0 0 0 0 0 0 0 0 0 0 0 0 0 0 0 0 0 0 0 0 0 0 28.6945848481 0 0 0 0 0 43.2470021843 56.4684510065 59.3497585922 59.3497585922 59.3497585922 0 0 0 0
