Spatial_Output/BAU/BAU_0768.asc
NCOLS 155
NROWS 192
XLLCORNER 196307.867259
YLLCORNER 449144.565805
CELLSIZE 33.573938
NODATA_VALUE NaN
[rows 25 to 49 of 192, columns 0 to 56 of 155]
0 0 0 0 0 0 0 0 0 0 0 0 0 0 0 0 0 45.4552721243 61.7286848938 52.4656277188 45.6603513954 45.6603513954 19.3669854917 39.6916637724 39.6916637724 61.1853011534 24.0883663402 26.2329966479 26.371201595 23.2888516432 26.4109499618 24.5379325322 23.3025692831 24.9714785284 26.0860334175 24.1856908842 27.1138270979 23.2530018986 24.6648568618 25.4285152966 26.962615761 26.340511898 24.9490152666 24.5645400264 26.5536982029 25.5009300608 23.9183195936 25.4805298683 26.2055239404 26.9530262391 26.3889727481 25.4169112978 23.4389415236 25.0865401962 25.2769005827 25.2233381911 25.0072837915
0 0 0 0 0 0 0 0 0 0 0 0 0 0 0 0 0 0 0 0 0 24.6411909939 26.9909732378 38.9663765595 39.6916637724 23.980358646 42.9509005655 61.3281798958 61.3281798958 24.4428772806 24.8038529904 24.5590287002 23.9247725914 23.4513992269 26.5463704748 24.1684892612 26.5686186077 24.3509905568 26.6197396218 23.623653375 23.0441441503 26.1412631722 25.3476950651 25.0999741483 25.8309102027 23.3091205687 24.5808634467 26.4237190651 25.235250052 24.8651090814 24.491656251 23.3899316549 24.2522545068 25.1130276575 23.1080480215 24.9928115462 23.2149679836
0 0 0 0 0 0 0 0 0 0 0 0 0 0 0 0 0 52.5506271383 52.5506271383 24.5950682179 23.5338478901 25.223707738 23.6829377522 23.489517024 25.104893588 24.6824975794 42.9509005655 61.3281798958 61.3281798958 55.9743236401 47.2791909442 23.3825193343 27.1317376449 23.5014801837 23.179358576 27.0474105061 23.8263775217 25.4715596918 23.8199723466 23.9291984631 23.7692647218 25.2578104006 24.5973057342 25.9478308151 24.5197718644 26.1196207764 25.216041007 24.3629441034 24.3684842383 25.0120165094 26.4965034327 25.7202488358 25.5628557318 23.6159783761 23.0516070074 24.7284571689 23.0800518462
0 0 0 0 0 0 0 0 0 0 0 0 0 0 0 0 0 52.5506271383 26.1045958958 23.235974516 27.0517749505 26.1394851288 26.0553164252 24.3898691727 23.5287747294 26.8280428712 42.9509005655 61.3281798958 45.1206484079 40.1039381708 40.1039381708 55.3102035957 24.5895362188 25.1631102854 27.082402817 25.8961785642 24.9732883826 24.8664742002 26.5672475998 26.2271407216 23.8347951287 24.747665153 25.5792011965 26.9690472345 24.3796713906 25.7233246866 24.4479451935 24.6357151712 23.8231620922 24.2204161864 26.3718116553 26.3606509853 26.8272701859 23.9185791105 25.0787008293 25.6563263134 26.0515119944
0 0 0 0 0 0 0 0 0 0 0 0 0 0 0 0 0 24.4595772272 23.939546145 39.6550092341 33.510206041 41.0102859636 27.1022234514 26.2377536267 24.0535382847 25.8482647285 26.8543541353 26.5865690376 47.6705049053 40.1039381708 55.3102035957 55.3102035957 25.3250541143 26.5566076842 24.2765131882 25.9107903577 26.2905480638 23.0430841227 26.1549418624 26.3937619377 24.5752738864 24.7799317956 24.8123969518 26.8987277022 26.1248638303 26.8442403561 23.3998910597 24.0972525557 26.5549224594 25.0177044597 27.0832116975 25.1247547571 23.3288458354 25.2189692025 26.2409935655 27.1804635213 26.5839567365
0 0 0 0 0 0 0 0 0 0 0 0 0 0 0 0 25.6879532843 23.6172462619 24.3191715034 38.8938261789 44.5786260168 41.9210156664 25.8236986089 23.3627225667 25.0123651322 23.6671150623 23.6266020298 26.9592628831 23.2826901451 52.2858370541 55.3102035957 49.9069549919 49.9069549919 43.612753645 23.6483401896 27.0506217696 24.1356308101 26.7407782513 25.5091725212 27.0252939675 24.2544280493 25.2451542996 25.3319812056 26.6320123911 24.8291644979 24.3746356145 23.7285160723 24.4995081313 26.3483728149 26.3429526579 23.6621571108 24.6198242311 23.9477093618 23.2007785302 26.8344308944 24.6244642542 25.5556156092
0 0 0 0 0 0 0 0 0 0 0 0 0 0 0 26.9791036967 25.4238967042 24.7376755939 25.3077224087 35.3962882184 41.006978753 37.5564907559 36.0571063033 25.1942054245 23.9460178463 25.4706845926 26.4237115347 25.582790719 25.9732495526 23.7242031452 66.3397091165 49.9069549919 50.1894462912 60.1565860705 60.1565860705 26.7624528584 23.3899004423 23.6953771386 26.698450242 25.870998711 26.0531525145 23.9023347744 24.0531596968 26.0949790689 24.2484366611 24.6226681788 27.1989426963 26.7607117748 25.17171548 23.453947518 27.2342809454 25.3965731995 26.235764862 25.0111203509 25.3563963145 23.9600297795 24.376268862
0 0 0 0 0 0 0 0 0 0 0 0 0 0 0 23.7159838353 25.2126296541 26.8852242378 23.2446902389 45.3454954281 46.5124152369 46.522140267 36.4928463131 25.6247026539 23.6865622416 26.1620065982 26.6120221014 26.3975674077 26.5758381352 24.3176504484 23.4720643499 23.2806589273 43.612753645 39.666419049 44.0391678767 44.0391678767 44.0391678767 25.4544051143 26.637730478 24.7041130328 24.7751544556 24.9933636653 23.9002750904 24.7306542437 23.3359991871 24.6914917571 27.2103090936 25.330560314 24.6845186501 25.0327936233 23.494464099 26.5386429742 26.1487265125 26.5996633117 23.3591964041 25.3703206399 25.4822642676
0 0 0 0 0 0 0 0 0 0 0 0 0 0 0 26.3206347442 26.5734623237 23.8604125078 25.3369109674 27.1179389528 38.1637946593 44.5141537128 41.60182768 26.5771448734 23.9912010435 26.277934306 24.690404146 27.1772721312 24.0797757139 24.6482327455 24.7082914659 27.2075377472 25.3015402005 39.666419049 44.0391678767 44.0391678767 62.9648274924 53.8034295621 25.1738157038 26.2639572013 24.8771614223 27.0424189085 23.7486095463 27.0490539992 25.831284054 24.7337411002 25.1844873615 25.5766525123 24.7316814925 23.0097167467 24.5861220898 25.5903713948 26.1791449148 23.8441872904 25.2551062647 26.413418494 27.030972414
0 0 0 0 0 0 0 0 0 0 0 0 0 0 0 26.787312865 24.6938803224 26.5341900165 23.8939093563 25.8883487924 23.9509321468 25.0761673483 26.7382114219 25.2103232661 63.0496916302 63.0496916302 52.6894700388 25.6300246234 24.5237781528 24.5123439553 23.8062951185 25.223431815 25.3833746785 25.6841762351 44.0391678767 44.0391678767 41.1130808055 41.1130808055 26.0841501141 23.485477586 24.8884109051 25.4003657672 24.7724928651 25.2399914089 25.2324539314 26.2272879525 24.9877338289 24.6357314378 25.5529666456 25.7522403623 24.4319343589 23.3507114351 26.5311308134 24.8151810086 27.0044162343 26.3784111239 24.2553126911
0 0 0 0 0 0 0 0 0 0 0 0 0 0 0 24.5786247291 25.5502173511 25.6255674405 23.5792608672 23.5483170107 24.2012321571 24.72757482 25.6160158166 26.3645801024 63.0496916302 63.0496916302 52.6894700388 25.1326389654 23.9557079767 24.2735447393 25.2804377767 25.8912049752 25.7867161411 24.4495167205 24.0201800335 76.345664277 41.1130808055 41.1130808055 24.0798321408 25.8635914865 25.1028742403 23.6466660661 26.4540652345 26.0771075516 25.0928048843 24.3383287409 26.0021616791 24.1257047259 24.6314262062 25.9303249021 23.9127963726 23.9735027496 24.8525063387 24.4487364001 26.8158397477 25.4479241597 24.8881936009
0 0 0 0 0 0 0 0 0 0 0 0 0 0 25.8699562289 24.9976601491 24.890211396 24.9976815097 26.3455532329 23.0053090801 24.372775195 25.9776656223 26.1967756278 24.439662712 24.5221758899 24.0777201696 26.3156184664 26.9655538527 24.6757529791 24.3392748799 24.9409385857 23.1643842824 26.239935167 24.2417014271 25.7996936641 24.5977919671 25.2077675549 23.9577642378 23.1434125907 23.0422750285 23.7237022764 25.9494985953 26.3384872702 23.6520656066 26.8967167948 24.7497866326 25.587193546 24.0255837296 25.4066696078 24.899979424 23.1248546893 25.1883415695 25.667872409 24.5728308094 24.652046249 26.1024817174 26.4224296408
0 0 0 0 0 0 0 0 0 0 0 0 0 0 25.3224127828 23.0770781136 27.2315690021 23.9582803213 27.0220309923 24.71916242 25.9346826767 26.5915388942 25.9091169678 26.5800350834 23.4077967156 25.2645297325 23.1851609841 26.3268604344 26.4912087184 25.6328197757 24.4248174007 24.8686228725 24.2172740331 24.9204524488 24.1953625044 52.7904129117 54.8932468049 54.8932468049 24.6183002597 24.3478789504 23.0204454754 26.7784468751 26.4887661137 25.2555778286 23.4981600312 27.177100456 23.3560206011 25.3831462052 25.2655765311 23.1980852846 23.6559947833 26.0474764495 24.5771288327 25.5808677234 25.266822808 26.7345805485 23.6110575434
0 0 0 0 0 0 0 0 0 0 0 0 0 23.7032628139 26.9585108069 23.1201804652 25.3485882931 27.0718442106 26.0090829535 26.4863381184 24.0870137811 25.2611027644 26.0084216889 26.7589055277 24.6963929765 25.3235258653 23.3804270642 25.2249772269 24.3343340962 24.6952380849 27.0377026195 26.3297734087 24.0201857247 24.9099822473 24.3119710963 54.8932468049 54.8932468049 54.8932468049 23.3723319861 25.718517751 23.9896602676 27.0011719645 23.2706304415 23.3870819797 26.845296279 26.6035018097 25.8802391407 25.2089065106 25.1919927137 24.2587637864 26.6090686614 24.1691512853 26.6095382134 24.4869444977 25.9377750408 23.1034104972 25.541532732
0 0 0 0 0 0 0 0 0 0 0 0 25.9962084808 23.7209121079 25.9439943766 25.2107870931 25.5463735228 24.0862363844 25.4086380126 25.4653649642 24.1011546916 23.4920205671 25.1454288766 25.4317210115 24.9370054668 25.3072191061 26.618095488 26.9851661494 33.2259219721 33.4336977554 33.1858544236 26.0252424979 26.4486232835 23.7933920106 26.0285860566 24.4843046666 25.1525843261 38.198442783 41.1278298542 41.1278298542 25.887913911 26.6930044213 25.8433157617 26.9759108276 25.4510069313 25.2151693318 26.7549520833 23.3738360129 25.8672591289 23.8774204337 24.5549281028 24.8112748909 26.2903448305 23.465673003 24.7607149793 26.1403546522 25.4796287472
0 0 0 0 0 0 0 0 0 0 0 26.3671060647 24.0845643369 23.2440393703 26.7424255759 26.6222527355 26.5450296361 24.0207191101 26.1701479083 24.8105902246 23.6920307526 23.5311330384 23.0962665217 24.8950215187 26.9803297391 24.3469788777 23.4916112918 24.4885235223 34.1943219494 35.0247022716 39.3452668008 24.2547603821 26.262348774 23.7691906142 24.8228278455 25.1187380531 27.1567406553 41.1278298542 41.1278298542 41.1278298542 27.1364424322 24.9956045931 26.5777218575 27.130974364 23.4999781268 24.8267022447 23.0936251827 25.4844707881 23.0178902885 26.947824729 24.586110331 23.8740145881 26.1923360451 24.0001785824 24.7132901839 25.2932344943 26.747498492
0 0 0 0 0 0 0 0 0 0 24.9246469064 27.1604614118 24.5450554021 24.9146120206 25.6352955076 26.2316491925 25.2329121426 26.4787374695 23.3103055526 26.5632743265 23.5260187558 23.1150213807 24.5286812146 24.8816955541 25.8193937852 25.029742998 26.8552353985 25.041298251 38.3121825803 39.0888542866 39.7315099715 24.2956102765 26.7842450004 24.9569196696 26.5399477117 26.6730616732 26.5461561207 23.802848601 26.3231497037 39.7607131366 74.9070359815 25.1085162704 27.0210509433 23.7040423703 26.2345790282 25.8566049385 25.3752223256 23.1866809468 26.7892268472 25.3927117075 23.9792244267 25.6197041434 26.4470421426 24.9322407764 26.2216446293 25.380479122 25.8331118016
0 0 0 0 0 0 0 0 0 0 26.2007793467 25.3666123969 23.4980292681 26.2764946026 24.6355497788 25.2088530968 26.4385053399 23.9155560948 25.8869318576 24.6913869392 24.7003342763 23.087130059 26.702500911 26.6909775267 25.5517626325 26.489980168 24.7055582026 23.2044100282 37.5363592378 46.0767922397 45.97326744 49.1250011253 23.5822578799 23.2588863342 26.1289397349 26.2256413968 26.559195649 24.7889297344 39.7607131366 39.7607131366 39.7607131366 25.9058523657 23.2436632923 25.0510259352 25.0607713274 23.8102302204 24.3519188329 23.9523788643 25.385084667 24.2291892443 25.440255596 25.3668552257 26.3737438733 23.5986706483 25.5671530288 26.8595715853 26.6395082179
0 0 0 0 0 0 0 0 26.7853744173 26.5535163009 27.19966056 23.5192286358 26.8106903913 23.5978850096 23.8393269838 23.2694770231 23.0024113704 25.7649856997 26.2220830713 26.9695718866 25.3132096855 24.99485867 23.8328869641 25.2061646662 25.5725652605 25.7134945786 25.4690197267 25.7188584202 26.087569263 49.1250011253 50.887062814 25.5323791177 23.3002191684 23.3163697993 25.9840997527 25.4866875014 56.9800072176 56.9800072176 39.7607131366 39.7607131366 61.0226616088 26.7070326579 27.0195971925 23.5472428071 26.4717542315 27.1139324086 26.3717838203 23.0119294843 25.4573984912 26.6912128426 24.4791145455 25.7066082683 23.9679608542 25.8794949881 26.8813368464 25.9194991669 23.4460796883
0 0 0 0 0 24.8786447367 23.6437946188 24.6317614019 23.9735424953 23.3942017049 24.4120775514 25.4574208635 25.5648059892 24.5203286967 25.6587873954 25.9827568899 23.6041471858 25.0032445746 25.7470450605 25.0006570861 24.661097011 26.4464684238 23.5234564878 26.0774837893 25.3559431582 26.9898347272 24.9199827316 25.263861659 24.1642302063 26.8403246313 24.1921621952 49.8911599029 26.2103488071 26.985557546 25.3731874173 23.3028709248 58.8827798156 56.9800072176 56.9800072176 44.7001252003 23.6975578029 25.3940433947 26.7127587214 26.9627430527 26.3708810934 25.900485529 23.8591475097 23.7002846381 23.5639027807 23.7402556298 26.2170201098 27.0248028326 24.7054813519 27.1788275099 24.1417353714 26.3111964196 26.6915135019
0 0 24.3002875272 24.8860094685 26.4112271212 24.6229711636 24.3469742091 26.5420706397 24.9466181092 27.099113567 26.0598837614 25.213046838 24.6215073174 25.04714381 23.3271383244 26.0190120508 26.0352489447 24.2588038133 25.9879999112 23.038640004 25.9185416503 24.5036488114 23.5229345548 24.78688722 24.6138781057 23.3083432418 25.5308860379 25.6020820698 26.4351620765 24.7348974916 25.0211374582 25.3314858806 25.2839553435 23.9876698304 25.3312369895 23.8284789942 23.7923710734 56.9800072176 44.7001252003 44.7001252003 25.9005377243 25.8137361795 26.321426994 24.9051370166 25.8135116193 26.047967642 26.7460550293 26.4682084669 25.9035857205 23.0839753249 25.7081921364 23.4139006223 23.7603698916 26.9388501485 25.2431681281 24.1893822006 25.7096128139
0 26.1502919665 24.4562331803 24.4622176608 24.3807084348 25.6017717062 26.2051082682 23.9676168473 24.5915173474 26.7491329392 26.7893849487 25.5717895037 24.3700121672 26.1202750397 26.1691852297 24.8121487877 24.1846522589 26.9985020593 26.7376247375 25.4952003077 23.1895158724 25.2985902996 25.0905531366 24.2406177911 23.4622352619 25.8903409176 26.8964879701 23.2594350936 25.2116297567 26.9180307201 24.4879619638 24.8285354858 24.8364368621 24.7183602629 26.6059323968 24.8359598431 25.2473326484 59.2683479829 51.7244864839 51.7244864839 51.7244864839 24.8570433401 24.2454438972 27.0428877637 24.2313667597 24.3188269712 24.7103815064 25.2029653726 25.5917854879 26.038079593 26.4407086288 24.9973497413 25.8176323432 25.6017333308 25.9975072407 24.1181692789 26.5335458789
24.0699278744 25.1831680617 24.9201351478 24.9581505358 25.7809349958 25.689643821 26.6547840244 24.3330063967 24.7510147901 25.6978904589 25.2871525741 25.7438403304 25.9841527832 24.9991186097 27.2392559424 26.5878504879 26.3886796685 23.0238903814 23.0318667085 25.6986856554 25.8964246063 25.214926961 25.7289265565 23.6761290904 26.2329967546 24.9674241796 25.9896432634 26.9664708887 23.1235323053 26.1984844757 23.7012248809 24.9796439148 24.2522285801 26.6166947309 25.2993845617 26.6229361331 69.4333166465 25.0414549559 51.7244864839 51.7244864839 44.9339654762 25.3927066392 26.580679013 25.9185058551 24.0822740298 24.2473350632 24.7742839879 27.0855943025 26.7299922542 23.6231387674 24.6655491119 23.9163966724 26.6985852705 24.7674533361 25.3518935274 23.3662959777 25.4298083705
27.102786279 25.9586419242 26.7781811249 24.882401769 24.8559801956 23.2886229708 24.4327621004 24.7258239793 23.3233341866 24.4869628297 25.5018502697 23.3546141209 23.930626965 24.6469175456 27.0253830145 25.19224951 23.7701871051 26.9883939949 26.342951634 26.495609644 25.7464202575 24.8330116774 23.2323968524 23.4439116586 25.0923517499 24.1092859124 25.6751504112 26.1065707748 26.7426500259 26.7576065738 26.5949159379 25.5136610851 25.1549825929 26.4788436708 23.0852568828 23.1860511799 69.4333166465 25.1952734177 26.8802911718 50.4774070761 25.6859949616 24.6608633899 26.5168295542 27.0099873481 25.4603941012 23.0918645337 26.3126837329 25.595521205 24.0123712236 23.028534156 27.1327200366 24.5398351608 25.2696753871 26.8577711371 26.1209634324 26.3954982757 26.7297139601
26.5181090842 27.1405971964 25.620205141 24.6095883005 23.5758500257 25.5446286898 24.7858887959 24.3437477434 25.6964333899 24.7019082578 24.2492271286 24.3723624907 24.9647568251 24.9366557235 26.6005244674 23.6498594836 24.747818387 24.6475596538 26.8566587235 24.8072376878 25.554078246 23.0235639032 24.4705397061 23.5059953035 25.8190704276 26.3338209266 23.6044155913 23.1530894526 24.531493165 23.2733676248 27.222477099 26.166326354 26.630046857 24.9041779884 24.3164157337 24.5349323621 69.4333166465 24.580918565 43.3334192207 25.797159958 24.1481414794 23.1826625172 23.3485697809 23.4325519326 23.9244298641 23.0075119806 23.8655313945 24.0212043298 24.0140475007 25.8509636568 23.4617372718 25.6253354217 23.2244811187 24.1655037494 23.6861292079 25.3941317767 26.9438638295
