Spatial_Output/BAU/BAU_0982.asc
NCOLS 155
NROWS 192
XLLCORNER 196307.867259
YLLCORNER 449144.565805
CELLSIZE 33.573938
NODATA_VALUE NaN
[rows 50 to 74 of 192, columns 0 to 55 of 155]
24.177781489 24.9991494107 25.5105894549 24.9238856026 24.5152226847 24.2097670429 25.594032048 24.1149530791 25.4731207482 25.4146858655 25.5536817437 24.7238073072 23.9117842727 25.2543134765 24.1255706926 24.8604588059 23.9706663509 24.3940521144 25.1589517975 24.6401101083 24.5651882664 23.9197552019 25.5644964879 23.6893524357 24.2563757225 24.1732436746 25.4033984773 23.912045566 25.2526339044 24.4925008004 54.2527012382 67.0762638902 67.0762638902 23.7286048075 24.394673543 25.1888872604 24.8948539568 24.7728024797 23.8384662998 24.4800918467 24.0904337838 24.5649655153 24.1174429407 23.9331662323 25.170419611 23.9490336342 24.9785533241 25.2150661073 24.7797794706 23.6063421465 25.2025109825 23.6090654888 24.6350265306 23.6863866415 25.5489638999 23.8880756579
24.990337699 24.8986869077 24.736695394 24.7952945013 25.3529675304 25.4066471754 25.0087048724 23.8691168412 24.1277907633 25.6134063474 25.3732364884 24.4349182305 24.9455140925 23.7735332262 23.704732592 24.2777748805 24.285597184 25.3285072414 24.8985406759 25.4913673258 24.0659177107 24.0958820066 24.8581877486 24.457134143 23.5229984552 25.4416501603 25.1310274091 24.6445924478 54.8246717861 38.6823402525 67.0762638902 41.6704389577 47.6783566348 42.540880046 25.1032496924 24.9690450125 25.2396655536 24.2741881495 48.5136529729 24.9088290279 24.6580027783 23.9061732279 24.8952390264 25.040134728 24.4489328413 24.2309505907 24.3426366343 24.5712399449 51.4656415625 25.6005329247 64.1413584954 23.5599654695 25.29989627 24.9135893746 23.7015145145 23.6247251519
24.2157938574 25.0482200198 25.0444132767 23.6527138839 24.7693117026 24.8597985186 25.2392883625 25.1390284131 25.1749378637 24.5993699758 25.2805104319 25.1360330923 23.6364682527 23.5796344017 25.4671223912 25.5102512064 25.0786770443 24.6408139493 25.2601126938 24.5168155632 23.7596761863 25.0195655437 25.3739134626 23.5251927631 72.9870944419 23.5560179834 24.9270439187 54.8246717861 38.6823402525 38.6823402525 65.4431580787 41.6704389577 42.540880046 42.540880046 42.540880046 23.6490698568 48.5136529729 23.8862293317 25.1677641449 48.5136529729 23.660907008 25.2234744867 25.5569717927 24.0356455793 51.7139501813 51.7139501813 24.0688127845 24.0335289639 51.4656415625 25.0890579647 63.5192893769 63.5192893769 47.0368609935 24.1277973129 24.278692953 24.0578671945
23.7312581387 24.0351966161 25.2931104326 25.1963460921 24.8448002288 24.186448422 24.7607917736 24.166371954 23.694715864 23.8051663832 24.1096910231 23.9698171801 24.1832311134 24.8030572538 24.4512511112 24.4652134892 25.1271339506 25.5124704415 25.4017567219 25.5524387887 23.7384524872 25.1207275018 72.9870944419 72.9870944419 72.9870944419 24.1344548511 24.7776753774 24.5356173678 38.6823402525 38.6823402525 65.4431580787 41.6704389577 47.6783566348 42.540880046 42.540880046 24.10616188 50.6314807518 24.5195182491 24.8970366475 23.8070578692 24.2140452708 24.8083748997 23.8903260685 24.1816543779 25.6081088064 23.6182059451 24.2770863485 23.867335868 51.4656415625 63.5192893769 63.5192893769 63.5192893769 47.0368609935 23.7931696156 43.5041079606 25.363709041
25.2298423095 24.5124906862 23.8801380967 25.1614420315 23.6369542453 24.788530526 24.1606795573 23.8771053557 24.1088980969 24.1522591109 24.2653658567 23.9611566483 24.8184474872 25.1861372775 24.3224429322 24.2987722681 24.8376389325 23.5451926471 23.5331383516 25.3377774958 24.6596888713 24.6723281459 35.1448988785 47.0992773176 47.0992773176 24.4447429455 25.2204380548 24.5202053157 25.119447576 25.5153021285 24.7234475602 44.4474857676 40.417586615 44.4474857676 23.9799818912 25.5746242463 25.4053612806 23.884025557 23.9854704908 25.4831162016 25.0410026802 25.1398059806 24.3479815842 23.8766214081 23.9314614875 23.8250452136 24.5228604198 23.951527972 23.8896121706 23.5900545344 63.5192893769 47.9491406921 47.0368609935 25.1561341528 43.5041079606 43.5041079606
0 25.1977309555 25.1168512693 24.8099917444 25.4360517334 25.2641087763 24.6384441553 24.8052537994 24.9849491244 24.2882976635 24.6665403108 24.7211396924 24.8561519492 25.0517409353 24.1161162205 24.213110443 25.478389604 23.717410942 24.1190974656 23.739295719 25.0289651891 23.9013863451 51.4008624773 47.0992773176 47.0992773176 25.060805442 24.644201066 25.1421197561 24.8581808503 24.6787068828 25.1315130526 56.8212136795 56.8212136795 56.8212136795 24.2546850308 23.5964824796 25.5185391085 25.4727531516 25.0314934271 24.1172803147 23.6812280294 23.8768139764 24.7553157036 24.4261951003 25.4075586675 25.2751926336 25.4252215925 24.0886359268 24.2080130393 25.1047578391 25.0500427123 24.278898244 25.217396575 24.2434286513 43.5041079606 25.5764814145
0 0 24.7672252562 25.3293593679 24.7475054926 24.3184512899 24.6018773056 24.2734959635 25.0721983528 24.4887659696 23.8376731266 25.0756115996 24.3396783334 25.3862783768 23.8357063791 24.937715165 24.6461095627 25.0941443248 24.0817234742 24.0264539048 24.1860184659 25.018936292 43.4250082775 43.4250082775 43.4250082775 55.336157704 24.2017793757 24.3486170845 25.5705607347 24.0633658729 24.711409355 23.7965638359 24.86683745 24.6160200736 25.0662943801 24.1278469451 24.4078884439 23.6649117016 25.1369337506 24.9076077377 23.6023145728 24.1076877051 24.7801471464 24.9493138461 24.6745325624 24.4861088852 24.1323235026 23.9457985978 24.3385973042 24.6915822987 24.6645454995 24.5831165609 25.319761697 25.5658473892 24.0817678977 25.5829714877
0 0 0 24.78484468 24.3608680176 25.0714170258 23.7093545288 25.4031650157 24.4866557032 24.5892969023 23.6074011184 25.0178051198 25.036442074 25.066101151 23.6685438622 24.5421772929 23.8441278011 24.1395168383 23.7794748188 24.070047505 24.6467803929 24.8748990857 24.4458494558 56.6993747349 55.336157704 55.336157704 49.4656096068 24.737685503 25.5522871108 24.1883952633 23.9837299925 24.098484657 24.9601251855 24.3303991664 25.5109596417 24.3869422914 25.1936529554 25.141561898 25.3760972403 23.6461921478 25.2933594888 23.9407214146 24.182138336 24.5844089433 25.1764428851 25.1169491357 25.2676089471 24.8770864676 24.861771607 25.411533908 23.9033564808 25.422918144 25.3788594742 24.5037678924 25.4897729462 24.6065667185
0 0 0 0 25.3205483261 24.8902004772 24.3558623856 24.7463378 23.5652180799 25.4426320489 24.670303041 24.4361073098 25.5382767899 24.1873316438 25.5109722784 24.0973242997 24.2643707393 23.6898084634 24.4288944147 25.3119626198 24.6498923408 25.0538602311 24.4690809063 24.9744323494 55.336157704 55.336157704 49.4656096068 24.8697640876 23.7370601838 25.5929575582 24.9382270664 24.7334001673 24.9044804989 25.27982415 25.5905755869 24.246778817 25.5090308364 25.0233628366 23.984378822 23.674862099 24.3110972567 24.1855937024 25.0118070524 24.1486936174 23.9876424483 25.2354996195 25.0188501977 24.9298667376 23.7918694438 24.2973671115 24.2654050542 23.5102920268 24.1095978948 24.6296450084 25.3939838661 24.1337304781
0 0 0 0 24.3316930033 24.2452140684 23.7015481105 24.910069256 25.1090883508 24.5204030753 23.9892197909 24.1725047822 24.9502004357 25.295209036 23.808347832 25.5866695316 25.0803908098 23.5660350469 25.1335553896 24.9801462116 25.2277386096 23.7945466641 23.6593304116 24.013634537 24.4741815955 53.0245467751 53.0245467751 47.2024165253 47.2024165253 24.9934729803 59.5912837068 49.4665571939 53.315860105 23.7336667141 24.7125441994 24.9616839197 24.3724123632 25.5267927378 25.009540234 24.3554653136 24.5282516712 25.0020353567 25.2748860608 24.0407115576 25.3531802605 24.8791410812 24.7030597374 23.6925245818 24.8216798446 23.7204141756 24.0379477704 24.2483739433 25.5088839458 24.5924394606 25.3330724556 25.2577631655
0 0 0 0 0 24.8330640208 25.6043010327 23.9609313477 24.7546912942 24.9776420944 23.5350831765 24.8887721425 24.9568197783 25.5550451626 24.9785705946 23.6622895017 25.5002404623 25.3933541702 23.5304014776 25.5181888834 24.4506277353 23.8361104072 25.1199379899 23.999432955 24.4838936965 53.0245467751 53.0245467751 58.881359996 47.2024165253 59.5912837068 59.5912837068 45.9540666533 45.9540666533 24.9976310753 24.2539046368 24.747772656 24.7530232446 24.8043747443 25.6163092392 25.4273549261 24.6918674242 25.474223441 25.2681095534 23.6315562991 25.5748732041 24.2550071381 23.9087178328 24.2754044572 24.4929192264 23.9513181297 25.4771504305 24.0819143202 24.4746233068 24.8332154725 23.8292178321 23.9086383329
0 0 0 0 0 23.7629765711 25.5819639836 24.4830980962 24.3154033837 24.8183853489 23.7455446103 24.2850412182 25.5386688108 23.9707388168 24.2525673981 24.7332787713 23.6225970092 24.0167866405 24.1347988573 23.9059488305 24.425032269 23.6308737637 25.1225694453 24.8675278329 24.7753640713 63.3681122569 58.881359996 35.6239827861 42.3248867185 59.5912837068 59.5912837068 45.9540666533 45.9540666533 25.2684641914 24.2835347304 24.642336343 25.1833943775 24.8510863123 24.8367132781 24.3120232885 60.0488433234 51.7629809544 25.3329203766 24.9180018923 25.2228497639 25.4612221811 25.0940381605 23.9985128505 24.5263208995 24.8014677178 23.6469586519 24.2470778184 25.1740005485 24.9878871525 25.0146465361 24.0688762477
0 0 0 0 0 25.2325932447 25.0356961552 24.3164716219 24.1617249745 25.5921231497 24.8129860763 23.9744690551 24.2328312166 24.3262283294 23.8929320706 24.743947329 24.3487587788 24.8885899507 25.4628659433 25.1566698547 24.5507572309 24.9829189565 24.8709639886 25.4356574263 24.9582748224 24.8940033328 35.6239827861 59.3487978909 35.6239827861 24.2589327055 59.5912837068 49.4665571939 45.9540666533 24.5287909122 24.4103727184 24.2192937328 24.0584711575 25.0858275595 24.457759543 24.6685308542 25.0505830072 53.6348549105 23.6745058587 23.9602346286 24.7723697419 23.5363980946 24.2221113278 23.8700769063 25.4901257872 23.6132342009 25.2066445841 24.6995447084 23.6798168889 23.7959648613 24.4574755621 25.0737371913
0 0 0 0 0 0 23.7073109257 24.7264415651 25.4476053248 23.5073217585 25.1926417417 23.675533707 24.7081353075 24.6037207673 24.8288893736 24.6172616978 24.7652985051 23.6693979045 24.7751577088 24.578464883 25.2255829846 23.6197149855 24.1352302906 23.6353475228 24.3411615788 24.4333046562 59.3487978909 59.3487978909 59.3487978909 24.7010447281 25.5765556248 25.1390945504 24.1429037571 24.7001733708 24.9455776214 25.2237947926 24.3026314553 23.7576330595 24.7476018388 53.6348549105 53.6348549105 53.6348549105 23.7192014367 23.5723200386 25.4608613473 24.3960694518 25.5615250652 24.0951218508 24.3648310091 24.8283905204 25.5474269211 24.1032437852 23.9455162313 25.4536303842 25.6127895604 23.7976361562
0 50.6543402332 61.609138521 63.162841419 90.4520669693 90.1341036086 90.1341036086 24.8695227708 25.2626478805 25.1317426827 24.5589883936 23.7254795323 23.8516593539 25.360239469 23.8660990807 23.9014190264 25.4177160593 23.5250531905 23.8601593206 25.1784312917 24.2560964092 25.4827154982 24.6298207845 23.588420381 24.0164853233 25.3167389943 52.5783060553 59.3487978909 57.0359477939 24.2691722585 24.1280555577 25.5015466673 24.9265143967 49.4371327512 49.4371327512 49.4371327512 25.0171874036 24.1396526618 24.0297747494 69.6831407204 46.0017572045 46.0017572045 25.4910019891 25.2687853331 25.5000054993 24.1132132636 25.5209846753 24.9930119841 24.0181240139 25.2441294599 24.594397281 24.8612739404 23.9393453411 24.5409194618 23.9181421825 52.0842305587
0 61.609138521 63.162841419 63.162841419 90.1341036086 39.6021893422 39.6021893422 39.6021893422 24.6433706085 24.7964307876 23.8184126673 24.7813214464 23.6946454414 23.9113784765 24.4469006334 23.9801550405 25.4027444885 24.4760564536 24.1004991077 24.7337016042 25.5307113476 24.8389125827 24.8014326452 23.5216318379 25.2659006943 24.5531654398 52.5783060553 49.6985215379 52.5783060553 25.2453304562 25.1241532912 25.6132714947 24.4243495582 25.6147283243 49.4371327512 50.6212384275 24.7442794034 24.3104782164 24.7347200527 24.6777425456 43.0846466047 43.0846466047 49.3173784876 24.556827311 24.1181142578 25.3832143917 24.4278311613 24.961723697 25.4625180006 24.9566388149 24.1770402189 24.2683032171 24.4055928046 24.4552015285 23.5281859458 47.4079156147
0 60.2311324439 61.609138521 63.162841419 90.4520669693 90.1341036086 50.2145232492 39.196788677 45.1752006983 51.7536121446 24.9635340299 25.6178758566 23.5288470782 23.9758308804 48.4179616975 24.5534066226 25.4850088051 24.7317109746 23.8077057382 44.7647562443 60.3273220435 47.2879214682 47.6220683573 23.5433387451 63.9867567997 57.4324155015 59.8195301864 49.6985215379 49.6985215379 24.4278640144 24.0353682555 38.0967294681 55.1563636724 63.2763655754 47.5059287703 47.5059287703 70.4765702436 61.1180037454 61.1180037454 53.4553154586 43.0846466047 43.0846466047 53.4553154586 25.5935501383 25.2627108811 24.0492753847 24.6422603533 24.1177818089 24.6131987512 25.0853716328 25.6115202459 23.721913287 24.6954000236 24.186382459 25.183117362 38.5728047773
0 45.7780239718 51.6223065637 51.6223065637 50.4958150905 50.4958150905 45.8815667754 45.1752006983 51.7536121446 51.7536121446 73.5036170366 74.3498732762 74.3498732762 45.1227619139 45.1227619139 45.5063489375 45.5063489375 43.7232712407 44.7647562443 44.7647562443 60.3273220435 66.3563341602 66.3563341602 47.6220683573 25.6089885679 59.8195301864 59.8195301864 49.6985215379 71.7972435982 25.3025242469 56.0740661896 38.0967294681 38.0967294681 47.5059287703 47.5059287703 47.5059287703 46.2526867083 61.1180037454 61.1180037454 25.5175791129 59.455660816 60.0762751304 59.455660816 25.0764521565 23.7302400315 23.8170944259 25.2877298318 24.9273960002 23.9522566055 24.6504604272 24.2455345607 24.0662528444 24.4727545176 25.1320428677 23.7224316394 24.2518581705
40.0088299627 51.6223065637 51.6223065637 51.6223065637 50.4958150905 50.4958150905 45.8815667754 51.0702428691 51.7536121446 51.7536121446 25.5059847492 74.3498732762 74.3498732762 45.1227619139 45.1227619139 45.5063489375 45.5063489375 43.7232712407 44.7647562443 44.7647562443 60.3273220435 66.3563341602 66.3563341602 47.6220683573 24.774322668 59.8195301864 59.8195301864 71.7972435982 50.0513524042 50.0513524042 24.4462370624 38.0967294681 55.1563636724 63.2763655754 62.0922187972 47.5059287703 70.4765702436 61.1180037454 61.1180037454 24.3498199519 61.4574235168 61.4574235168 61.4574235168 24.0532343365 23.6360552828 24.0705284374 23.6014818475 25.6160702595 24.0117829061 24.0741435896 24.8794314721 23.7908590289 24.4346967887 25.4552368382 23.965593592 23.9215083002
0 40.0088299627 51.6223065637 51.6223065637 45.8670959092 50.4958150905 45.8815667754 45.6473644576 51.0702428691 51.7536121446 23.6289699984 25.2237423109 24.37886119 23.9531866291 48.4179616975 25.2196352378 24.1402004639 24.7888688849 24.215638175 25.595884753 24.2733704645 24.5998244988 23.9428521563 24.6308995437 24.9880424144 24.7196091581 24.3036648369 50.0513524042 50.0513524042 51.0396900896 23.9184451118 24.5552611003 24.0490921767 24.5214700695 57.1895991114 57.1895991114 45.7819592482 24.4732296092 24.7701432364 25.6084085677 61.4574235168 61.4574235168 23.5784096143 24.336943168 24.6651015511 25.0409702594 24.8716736729 24.9032743046 24.8422867414 24.430416523 25.4697612978 25.1617910569 25.278372701 24.3893172961 24.2856583343 23.9984132132
0 0 0 0 0 0 0 0 0 25.043483754 25.0188713937 24.6784610867 25.1714372719 23.5867887672 25.2973288181 25.3738867868 23.5348483691 23.970348375 24.6136868037 23.518033548 25.5912239325 25.0985139799 25.1526942025 24.5833597332 25.1748059399 54.3847316995 25.4750539123 24.0378282349 50.0513524042 49.9824278766 49.9824278766 24.9734496158 24.5030910783 25.440348208 45.7819592482 45.7819592482 25.4467276204 23.7331174608 23.6547334706 24.9561489292 23.9825784958 61.4574235168 64.9749117043 23.7423447693 24.1699680274 25.5270560627 24.7028124105 23.5516061553 25.1005098577 24.0140976333 23.9507605131 25.5489271546 24.2164218447 23.7123169311 48.2044423348 46.1561446164
0 0 0 0 0 0 0 0 0 25.2752064522 23.9923499191 24.4041849535 24.5142807599 23.6153939331 23.5918466355 23.7785742772 24.5160873886 24.1912732321 24.6602898299 24.1012956896 24.6992316272 24.3731016506 23.7454566499 24.2413261223 23.9743862551 25.4438209937 51.6095700954 51.6095700954 58.4879244536 58.4879244536 58.4879244536 23.5163548971 24.3426285286 25.2182728575 45.9908743788 45.7819592482 24.1910649226 24.050136188 24.1706448191 24.1706156923 52.4457286402 52.4457286402 52.4457286402 25.167204722 23.6115995083 25.1196107716 25.1089449753 23.6475655242 24.7248525824 25.475998765 25.2741294515 24.0877345297 24.324570653 24.095542375 25.2274179802 57.3664973877
0 0 0 0 0 0 0 0 0 24.3333679998 25.095244973 24.2643173617 25.0496388793 24.5290229334 23.9287595977 24.3195987485 24.2572692337 24.8725736143 25.560200559 25.0129072414 25.4555476162 25.3937455692 25.2291694826 24.21268309 24.4948263612 24.8531775545 51.6095700954 51.6095700954 43.2978393051 58.4879244536 58.4879244536 23.95666253 24.1475926496 24.7419709487 25.3604658481 23.6819725755 25.0482262811 49.1876183704 25.2619477859 24.8084379381 24.0155129707 75.2832555757 24.2058335963 24.2690094645 24.763834667 24.1379474292 23.9580224949 24.5427618901 24.9345686099 24.2142753779 23.7208599747 23.6520277372 23.5113435737 24.0331414915 25.0663513422 58.9598009235
0 0 0 0 0 0 0 0 0 25.2293836845 25.174120782 24.968982178 25.6049860746 24.9310800683 24.1639242379 23.873105094 24.6700051978 24.3721916311 23.9480557493 24.296891932 25.5520259018 24.1486155408 24.6907881748 23.742959372 24.2977094938 25.2908522312 25.2750337588 24.2108392097 37.8050431625 37.8050431625 43.2978393051 24.6263851181 23.9678054664 24.1243093682 23.7290976751 24.1930392322 52.1928368224 52.1928368224 23.8100967889 25.6148817579 55.0394027858 55.0394027858 55.0394027858 25.3790315912 23.9135591489 24.9504255968 24.9048912779 24.3961234244 25.4691971361 25.2360159898 25.2872897919 24.6862421833 24.5406414159 23.8086519939 25.2182493154 58.6759297145
0 69.2314019752 80.1236992038 0 58.3068292644 72.2944043687 68.3628347603 0 0 0 25.0655464719 23.8479320397 24.2473872989 25.3190842963 25.4340939331 25.0589061498 24.3885715131 25.4679582935 25.0616417085 25.0667272217 24.693876377 23.6470310965 23.6599099916 25.5559132442 24.4384576084 23.8083375465 24.6646798719 51.3200071496 37.8050431625 37.8050431625 37.8050431625 24.3449195029 25.1964923403 23.6705661995 24.90750968 52.1928368224 52.1928368224 52.1928368224 52.5349142233 24.4418725738 24.6658287198 55.0394027858 23.5577006738 23.8973880952 25.1933807058 24.9986291934 24.4313043626 25.411533718 23.8380759057 23.5375969275 24.2210573378 24.7476417524 24.3374884928 24.3829139124 25.1789523312 49.2617704574
