Spatial_Output/BAU/BAU_1257.asc
NCOLS 155
NROWS 192
XLLCORNER 196307.867259
YLLCORNER 449144.565805
CELLSIZE 33.573938
NODATA_VALUE NaN
[rows 102 to 135 of 192, columns 77 to 153 of 155]
28 28 28 28 28 28 28 28 28 28 28 28 45.0595972314 69.8966854206 28 28 28 28 64.4498442165 28 49.0169448393 47.3713016601 28 28 50.4127266883 28 44.7341380131 44.7341380131 47.5588367159 47.5588367159 28 28 28 28 28 28 28 28 40.5202908489 40.5202908489 28 28 28 28 28 28 28 28 28 28 28 28 28 28 28 28 28 28 28 56.3575903499 46.6977615033 48.6521785496 48.6521785496 48.6521785496 0 0 0 0 0 0 0 0 0 0 0 0 0
80.7658692999 28 28 28 28 80.0179432993 28 28 61.7083755355 28 28 38.288776615 45.0595972314 45.0595972314 28 68.5377356009 69.107365595 28 64.4498442165 70.4520682733 49.0169448393 47.3713016601 47.3713016601 50.4127266883 50.4127266883 50.4127266883 44.7341380131 44.7341380131 48.5146759807 47.5588367159 28 28 28 28 28 28 28 40.5202908489 40.5202908489 40.5202908489 28 28 28 28 28 28 28 28 28 28 28 28 28 28 28 28 28 28 28 28 63.7483269059 48.6521785496 48.6521785496 48.6521785496 0 0 0 0 0 0 0 0 0 0 0 0 0
28 58.3546790479 28 28 80.0179432993 80.0179432993 80.0179432993 28 28 61.9087944457 51.751082753 38.288776615 38.288776615 38.288776615 74.3752293815 68.5377356009 68.5377356009 64.4498442165 64.4498442165 70.4520682733 49.0169448393 47.3713016601 47.3713016601 28 50.4127266883 47.8072008938 48.5146759807 48.5146759807 48.5146759807 28 28 28 28 28 28 28 28 76.1232450327 76.1232450327 28 28 28 28 28 28 28 28 28 28 28 28 28 28 28 28 28 28 28 28 28 0 0 48.6521785496 48.6521785496 0 0 0 0 0 0 0 0 0 0 0 0 0
58.0543605996 58.3546790479 58.3546790479 28 28 63.8091887922 47.4727517602 28 28 61.9087944457 61.9087944457 38.288776615 38.288776615 74.3752293815 66.5381378595 68.5377356009 28 43.3085595765 55.9669043012 28 28 28 28 28 28 28 72.7934781907 48.5146759807 73.8901806807 28 28 28 28 28 28 28 28 28 28 76.1232450327 28 28 28 28 28 28 28 28 28 28 28 28 28 28 28 40.816950559 40.816950559 28 28 0 0 0 0 0 0 0 0 0 0 0 0 0 0 0 0 0 0
58.0543605996 58.0543605996 28 66.7228780186 63.8091887922 63.8091887922 63.8091887922 28 28 28 61.9087944457 28 28 28 28 28 28 28 28 28 28 28 28 28 28 28 73.8901806807 73.8901806807 73.8901806807 28 28 28 28 28 28 28 28 58.3009346465 65.6596936362 65.6596936362 28 28 28 28 28 28 28 28 28 28 28 28 28 28 28 40.816950559 40.816950559 40.816950559 28 0 0 0 0 0 0 0 0 0 0 0 0 0 0 0 0 0 0
58.0543605996 77.387638753 28 28 48.9937912313 63.8091887922 48.9937912313 28 28 28 28 28 71.0935424018 57.9385197015 71.0935424018 28 28 28 28 28 28 28 28 28 28 28 28 65.9056564697 65.9056564697 28 28 28 28 28 28 28 28 65.6596936362 65.6596936362 65.6596936362 61.9892359492 28 28 28 28 28 28 28 28 28 28 28 28 28 54.4229379076 54.4229379076 28 28 28 0 0 0 0 0 0 0 0 0 0 0 0 0 0 0 0 0 0
77.387638753 28 28 28 64.9149143652 52.8516996635 64.9149143652 28 28 28 28 28 57.9385197015 57.9385197015 57.9385197015 28 28 28 28 28 28 28 28 28 28 28 65.9056564697 65.9056564697 65.9056564697 69.0666345996 46.2290174031 50.5153544484 45.9697833476 87.9460636634 62.7584585006 49.1622961653 58.1802238062 44.3030153411 44.3030153411 44.3030153411 44.3030153411 44.2139359454 44.2139359454 28 28 58.8576177145 28 28 28 28 28 28 28 52.6751535086 54.4229379076 54.4229379076 54.4229379076 28 0 0 0 0 0 0 0 0 0 0 0 0 0 0 0 0 0 0 0
38.4351380975 28 28 28 52.8516996635 52.8516996635 52.8516996635 52.8516996635 28 50.8940615438 54.5373687166 58.6894964749 48.3083229145 57.9385197015 48.3083229145 28 28 28 28 53.283300834 53.283300834 53.283300834 70.06689016 28 40.9936889425 40.9936889425 28 56.0374907263 28 69.0666345996 46.2290174031 46.2290174031 45.9697833476 45.9697833476 62.7584585006 62.7584585006 58.1802238062 58.1802238062 28 61.9892359492 61.9892359492 44.2139359454 44.2139359454 61.7968797174 65.0995517053 43.6358324949 43.6358324949 70.1956323311 28 28 57.3243309454 28 28 52.6751535086 52.6751535086 52.6751535086 28 28 0 0 0 0 0 0 0 0 0 0 0 0 0 0 0 0 0 0 0
39.7958864394 38.4351380975 47.884785483 28 56.6347606108 69.4842357545 69.4842357545 43.5454935685 43.5454935685 28 54.5373687166 54.5373687166 59.4004471636 48.3083229145 59.4004471636 28 28 28 28 53.283300834 53.283300834 53.283300834 70.06689016 70.06689016 40.9936889425 40.9936889425 56.0374907263 28 57.8023918892 69.0666345996 46.2290174031 46.2290174031 45.9697833476 28 62.7584585006 28 58.1802238062 51.0325546396 51.0325546396 28 51.0325546396 44.2139359454 61.7968797174 65.0995517053 65.0995517053 43.6358324949 43.6358324949 64.390539235 57.6146326178 79.4728282878 79.4728282878 41.4730347449 41.4730347449 28 28 28 28 28 0 0 0 0 0 0 0 0 0 0 0 0 0 0 0 0 0 0 0
39.7958864394 39.7958864394 47.884785483 47.884785483 56.6347606108 56.6347606108 69.4842357545 43.5454935685 43.5454935685 28 54.5373687166 54.5373687166 45.5945150667 45.5945150667 45.5945150667 28 28 28 28 28 28 28 70.06689016 52.7658812053 40.9936889425 40.9936889425 28 61.1126001547 61.1126001547 61.1126001547 28 28 28 28 28 28 28 28 28 28 28 28 28 28 28 43.6358324949 64.390539235 47.6194775185 57.6146326178 79.4728282878 79.4728282878 51.6184427713 42.6501713589 42.6501713589 28 28 28 28 52.1488716001 40.7781986634 0 0 0 0 0 0 0 0 0 0 0 0 0 0 0 0 0
39.7958864394 28 47.884785483 28 56.6347606108 28 69.4842357545 28 43.5454935685 28 54.5373687166 28 28 46.5097192019 46.5097192019 28 28 28 28 28 28 28 28 28 28 28 28 60.4560941717 60.4560941717 28 28 28 28 28 28 28 28 28 28 28 28 28 28 28 28 28 28 28 28 57.3243309454 79.4728282878 41.4730347449 42.6501713589 42.6501713589 42.6501713589 28 28 52.1488716001 52.1488716001 52.1488716001 40.7781986634 0 40.7781986634 0 0 0 0 0 0 0 0 0 0 0 0 0 0
56.2645323378 55.2107511419 28 28 28 53.6604385644 53.6604385644 28 28 28 28 28 46.5097192019 64.599254385 64.599254385 59.9066945218 28 28 28 28 28 28 28 28 28 28 28 60.4560941717 45.8695588722 60.4560941717 28 28 28 28 28 28 28 82.781150915 82.781150915 82.781150915 82.781150915 28 28 28 28 28 28 28 28 28 28 50.3448230152 73.5705319197 42.6501713589 28 28 28 52.1488716001 52.1488716001 40.7781986634 40.7781986634 0 40.7781986634 40.7781986634 0 0 0 0 0 0 0 0 0 0 0 0 0
56.2645323378 56.2645323378 28 28 75.3886283592 53.6604385644 53.6604385644 53.6604385644 28 28 28 28 28 64.599254385 64.599254385 28 28 28 28 28 28 28 28 28 28 28 28 45.8695588722 45.8695588722 45.8695588722 28 28 28 28 28 28 28 28 28 82.781150915 72.560756667 28 28 50.3902366963 28 53.950425362 68.9761818515 28 28 50.3448230152 50.3448230152 28 46.7394897 28 28 28 28 0 0 0 0 0 40.7781986634 40.7781986634 0 0 0 0 0 0 0 0 0 0 0 0 0
61.9716241054 56.2645323378 71.9608004787 28 75.3886283592 75.3886283592 53.6604385644 51.1003032217 28 49.9015882383 84.0689938136 28 28 41.8937625838 41.8937625838 28 28 28 28 28 28 28 28 28 28 28 28 45.8695588722 45.8695588722 50.3751524854 28 55.1222162585 28 28 55.4518460892 28 71.15003528 28 58.3800865795 28 28 28 46.4391526563 69.7633681395 69.7633681395 59.2755904287 50.4051287934 50.4051287934 53.5151437521 50.3448230152 50.3448230152 50.3448230152 28 28 28 28 57.736153207 37.2637924353 57.3874499766 57.3874499766 0 0 0 0 0 0 0 0 0 0 0 0 0 0 0 0 0
61.9716241054 61.9716241054 71.9608004787 71.9608004787 75.3886283592 64.3817535352 28 28 49.9015882383 49.9015882383 84.0689938136 84.0689938136 45.6556306187 41.8937625838 41.8937625838 82.1701488564 28 28 28 28 68.4313597791 28 68.4313597791 28 28 28 28 47.8060722926 47.8060722926 47.8060722926 62.7393091059 55.1222162585 28 55.4518460892 55.4518460892 71.15003528 71.15003528 71.15003528 28 28 61.8127944789 46.4391526563 46.4391526563 69.7633681395 69.7633681395 59.2755904287 50.4051287934 50.4051287934 53.5151437521 53.5151437521 85.4230498897 85.4230498897 85.4230498897 85.4230498897 28 28 57.736153207 37.2637924353 37.2637924353 57.3874499766 0 0 0 0 0 0 0 0 0 0 0 0 0 0 0 0 0
52.2292221298 52.2292221298 71.9608004787 71.9608004787 64.3817535352 28 64.3817535352 64.3817535352 28 49.9015882383 84.0689938136 84.0689938136 45.6556306187 59.4228756175 45.3751349715 82.1701488564 82.1701488564 28 28 55.8509087216 68.4313597791 68.4313597791 68.4313597791 68.4313597791 28 28 75.6895044519 45.8777694035 47.8060722926 45.8777694035 55.1222162585 55.1222162585 28 55.4518460892 55.4518460892 28 71.15003528 67.9406917379 59.8792230917 59.8792230917 59.8792230917 28 46.4391526563 69.7633681395 71.6053243955 28 56.3296510364 28 53.5151437521 36.8334098901 36.8334098901 85.4230498897 56.2763328066 28 28 28 57.736153207 37.2637924353 57.3874499766 0 0 0 0 0 0 0 0 0 0 0 0 0 0 0 0 0 0
28 28 28 28 28 28 28 28 28 28 57.9535448076 28 45.6556306187 45.3751349715 45.3751349715 45.3751349715 28 28 28 28 68.4313597791 68.4313597791 68.4313597791 28 28 28 75.6895044519 28 45.8777694035 28 62.7393091059 55.1222162585 28 28 28 28 28 28 28 59.8792230917 28 28 28 28 46.7693306227 58.5734197013 78.4884366801 78.4884366801 44.5601953096 36.8334098901 36.8334098901 56.2763328066 57.1671410108 28 28 66.9575347672 0 0 0 0 0 0 0 0 0 0 0 0 0 0 0 0 0 0 0 0 0
53.2875922828 57.3431047181 57.3431047181 28 28 28 28 28 28 28 28 28 28 40.8255302975 28 40.8255302975 28 28 28 28 68.4313597791 28 28 28 28 28 28 28 54.3018997299 54.3018997299 28 28 28 28 28 28 28 28 51.685440974 44.5693380906 61.8437219631 28 28 46.967705367 46.7693306227 58.5734197013 78.4884366801 78.4884366801 28 44.5601953096 36.8334098901 54.2912230656 54.2912230656 28 28 0 0 0 0 0 0 0 0 0 0 0 0 0 0 0 0 0 0 0 0 0 0
76.7673129636 57.3431047181 57.3431047181 57.3431047181 28 28 28 28 28 28 28 28 28 28 28 28 28 28 28 28 28 28 28 28 28 28 28 65.0160176888 54.3018997299 54.3018997299 65.0160176888 28 28 28 28 28 28 28 44.5693380906 68.262341462 68.262341462 68.3553716051 28 28 28 58.5734197013 28 78.4884366801 28 28 48.357754714 54.2912230656 54.2912230656 28 28 0 0 0 0 0 0 0 0 0 0 0 0 0 0 0 0 0 0 0 0 0 0
28 57.3431047181 28 71.5359424471 28 28 28 28 28 28 28 28 28 70.5734073017 62.7899333617 28 28 28 28 28 28 28 28 28 28 28 28 28 65.0160176888 65.0160176888 28 28 28 65.3615217607 59.3796604309 28 28 28 68.262341462 68.262341462 68.262341462 61.8437219631 28 28 28 28 28 28 28 28 28 48.357754714 28 28 0 0 0 0 0 0 0 0 0 0 0 0 0 0 0 0 0 0 0 0 0 0 0
28 28 71.5359424471 71.5359424471 71.5359424471 28 28 28 28 28 28 28 28 67.5421321343 40.8255302975 67.5421321343 28 28 28 28 28 28 28 28 28 28 28 49.1635320221 28 28 44.125730989 60.4154466761 57.7581980631 65.3615217607 28 28 28 28 28 53.8854061141 53.8854061141 28 28 28 28 28 28 28 28 28 28 28 28 28 0 0 0 0 0 0 0 0 0 0 0 0 0 0 0 0 0 0 0 0 0 0 0
28 28 71.5359424471 71.5359424471 47.7724421141 28 28 28 28 28 28 28 28 40.8255302975 40.8255302975 40.8255302975 40.8255302975 28 28 28 28 28 28 28 28 28 28 28 65.8370028715 45.8399445757 44.125730989 44.125730989 65.3615217607 65.3615217607 65.3615217607 28 28 28 53.8854061141 53.8854061141 53.8854061141 53.8854061141 28 28 28 28 28 28 28 67.9639910626 28 67.9639910626 28 28 0 0 0 0 0 0 0 0 0 0 0 0 0 0 0 0 0 0 0 0 0 0 0
28 28 28 41.8703197383 28 28 28 28 28 28 28 28 28 44.7118520082 61.0589031796 61.0589031796 87.5583861299 28 28 28 28 28 28 45.9574612339 28 59.326139439 59.326139439 51.1350297989 65.8370028715 65.8370028715 28 44.125730989 28 57.7581980631 28 28 28 28 28 54.2882433917 54.2882433917 54.2882433917 28 28 28 28 28 28 28 28 28 28 28 0 0 0 0 0 0 0 0 0 0 0 0 0 0 0 0 0 0 0 0 0 0 0 0
28 28 41.8703197383 39.9493351942 28 41.8703197383 28 28 28 28 28 28 28 67.5421321343 54.8353694349 54.8353694349 54.8353694349 28 28 28 58.1906853257 57.9466779109 57.9466779109 45.9574612339 45.9574612339 59.326139439 59.326139439 65.8670905113 51.1350297989 65.8370028715 44.615924275 28 28 28 28 28 28 28 28 43.7644567286 28 43.7644567286 28 28 28 28 28 28 28 67.9639910626 28 28 28 0 0 0 0 0 0 0 0 0 0 0 0 0 0 0 0 0 0 0 0 0 0 0 0
28 28 60.265004378 60.265004378 39.9493351942 39.9493351942 51.7767301455 28 28 28 28 41.1509954129 43.9638378945 28 54.8353694349 54.8353694349 62.2627699129 49.9827331306 73.3800783475 28 58.1906853257 58.1906853257 58.1906853257 45.9574612339 45.9574612339 59.326139439 54.2331558096 28 28 28 28 28 28 28 28 28 28 28 28 43.7644567286 43.7644567286 28 28 28 28 28 28 28 67.9639910626 67.9639910626 67.9639910626 28 28 0 0 0 0 0 0 0 0 0 0 0 0 0 0 0 0 0 0 0 0 0 0 0 0
54.5610841669 54.5610841669 60.265004378 60.265004378 61.4040236202 28 55.8207772507 55.8207772507 77.0736035693 53.3235564559 49.6212810585 51.5382194277 51.5382194277 66.1728906682 66.1728906682 76.6610100294 76.6610100294 73.3800783475 73.3800783475 73.3800783475 28 58.1906853257 57.9466779109 41.446739321 28 28 28 28 28 28 28 28 28 28 28 28 28 28 28 28 81.3544187545 28 28 28 28 28 28 28 28 28 28 28 0 0 0 0 0 0 0 0 0 0 0 0 0 0 0 0 0 0 0 0 0 0 0 0 0
54.5610841669 54.5610841669 60.265004378 68.5945731686 68.5945731686 68.5945731686 55.8207772507 55.8207772507 77.0736035693 53.3235564559 53.3235564559 51.5382194277 51.5382194277 66.1728906682 76.6610100294 76.6610100294 60.9716541643 49.9827331306 73.3800783475 73.3800783475 28 28 28 28 28 28 28 28 28 28 28 28 28 28 28 28 28 28 28 62.9312429745 62.9312429745 62.9312429745 28 28 28 28 28 28 28 28 28 28 0 0 0 0 0 0 0 0 0 0 0 0 0 0 0 0 0 0 0 0 0 0 0 0 0
66.9236478061 54.5610841669 28 68.5945731686 68.5945731686 28 55.8207772507 28 77.0736035693 53.3235564559 49.6212810585 28 51.5382194277 66.1728906682 60.9716541643 60.9716541643 60.9716541643 28 28 28 28 28 28 28 28 28 28 28 28 28 28 28 28 28 28 28 28 28 28 62.9312429745 62.9312429745 28 28 28 28 28 28 57.8123386306 28 28 28 28 0 0 0 0 0 0 0 0 0 0 0 0 0 0 0 0 0 0 0 0 0 0 0 0 0
28 28 28 28 45.337102229 45.337102229 45.337102229 28 28 28 28 28 28 28 28 28 28 28 28 28 28 28 28 28 28 28 28 28 28 28 28 28 28 28 28 28 28 28 28 28 57.3744256702 28 28 28 28 28 74.8754348625 74.8754348625 74.8754348625 57.8123386306 28 0 0 0 0 0 0 0 0 0 0 0 0 0 0 0 0 0 0 0 0 0 0 0 0 0 0
28 28 28 28 45.337102229 45.337102229 28 28 28 28 28 28 28 28 28 28 28 28 28 28 28 28 28 28 28 28 28 28 28 28 28 28 28 28 28 28 28 28 28 57.3744256702 47.9595590338 57.3744256702 28 28 28 28 28 74.8754348625 76.6544067555 28 28 0 0 0 0 0 0 0 0 0 0 0 0 0 0 0 0 0 0 0 0 0 0 0 0 0 0
28 28 28 28 28 28 28 28 28 28 28 56.3830179892 28 28 28 28 28 28 28 28 28 28 28 28 28 28 28 28 28 28 28 28 28 28 28 28 28 28 28 47.9595590338 47.9595590338 47.9595590338 28 28 28 28 28 28 55.0839523245 28 28 0 0 0 0 0 0 0 0 0 0 0 0 0 0 0 0 0 0 0 0 0 0 0 0 0 0
28 28 28 28 28 28 28 28 28 28 37.7001147417 28 28 28 28 28 28 28 28 28 28 28 28 28 28 28 28 28 28 28 28 28 28 28 28 28 28 28 28 28 47.9595590338 49.9504662052 28 59.6325883141 45.4206753406 28 63.6980299472 28 48.1416604379 47.8963405599 28 0 0 0 0 0 0 0 0 0 0 0 0 0 0 0 0 0 0 0 0 0 0 0 0 0 0
28 28 28 28 28 28 28 28 28 28 37.7001147417 28 28 28 28 28 28 28 28 28 28 28 28 28 28 28 28 28 28 28 28 28 28 28 28 28 28 28 28 56.8385831144 74.9247594313 74.9247594313 28 59.6325883141 59.6325883141 92.2590087086 59.5975655571 59.5975655571 69.6562529373 47.8963405599 67.8584424163 28 43.6057423047 48.2995619474 0 0 0 0 0 0 0 0 0 0 0 0 0 0 0 0 0 0 0 0 0 0 0
28 28 28 28 28 28 28 28 28 28 28 60.5088760826 60.5088760826 60.5088760826 28 28 28 28 28 28 28 28 28 28 28 28 28 28 28 28 28 28 28 28 28 28 28 28 28 56.8385831144 74.9247594313 74.9247594313 54.0428224627 59.6325883141 59.6325883141 92.2590087086 59.5975655571 59.5975655571 47.8963405599 47.8963405599 47.8963405599 61.1627910299 53.728459229 28 51.4579509686 51.4093329249 0 0 0 0 0 0 0 0 0 0 0 0 0 0 0 0 0 0 0 0 0
