Spatial_Output/BAU/BAU_1148.asc
NCOLS 155
NROWS 192
XLLCORNER 196769.923733
YLLCORNER 449719.875193
CELLSIZE 27.603701
NODATA_VALUE NaN
[rows 161 to 183 of 192, columns 53 to 105 of 155]
27.5440232797 28.1009432409 27.7288724444 27.9852743082 27.9630665921 27.7166197033 27.5398936441 28.0735969307 28.1545901404 44.6506650581 44.6506650581 27.9867733195 27.8700202656 27.9375975524 28.1770387502 28.0185463565 28.0016996198 27.7054697089 27.5404885535 27.5108324079 27.9410782029 28.0965075018 27.9459555438 27.5092279843 28.066776376 27.9408216625 28.0649559571 27.9432245437 27.5884030075 27.7182664535 27.5277805934 28.1772368843 27.8886776282 27.5086436285 27.8029622011 27.8258957366 27.5560013555 27.746115753 27.8870757562 27.9526164463 28.1017274178 28.1786934733 46.8969202856 59.7538214933 68.4278728964 68.4278728964 27.5062396349 27.6752781799 28.0192673973 28.1707447721 27.5093453451 28.0749913669 28.1954073525
27.9604189934 27.7945586959 28.1269038635 27.6495665265 27.9886919763 27.9775480965 28.0407289143 28.0486354599 44.6506650581 44.6506650581 44.6506650581 27.9238349632 27.985198509 27.5239607179 28.1079258252 27.9287876296 28.0467553364 28.1948931805 27.7419000022 27.7752777523 27.5996365131 27.9788699951 27.5589306113 28.1314158245 27.9945425788 27.5604282448 28.1195433355 28.0785508807 27.6948750366 27.6494235055 27.5264416125 27.7699530515 27.8429155623 27.819855913 27.6936001327 27.5576434123 27.5254853358 28.0107280078 28.0577450406 27.6733724989 27.7340857853 28.0628932165 59.7538214933 68.4278728964 46.9822469867 47.1217845073 27.6812199392 27.9586343315 27.8124756024 28.1143316958 27.5871588653 27.6010985797 27.8977946068
0 28.0257640098 28.0278879486 27.8665326806 27.6758658574 27.8075647714 27.6657620613 27.8701422276 28.1341337338 28.0270554804 28.1106649448 50.222948439 27.940955364 28.0468111216 27.7327687408 27.8224577665 27.8280643544 28.1165546776 27.5059663716 28.1390083245 27.836162496 27.6276838236 27.612231135 28.0891773164 28.1739934153 27.6829459851 27.7886862441 27.6700674654 27.8514591036 28.0493266246 28.002024564 27.745423849 27.7617937758 28.167897601 28.1031269304 27.7167281069 27.5479486406 28.1729397091 27.7894296264 27.8301012824 27.8528644175 27.6407919689 28.1799983636 47.1217845073 46.9822469867 46.9822469867 69.4910746345 28.1076816371 27.5784650228 28.0244811341 27.7879721468 28.1276542417 27.8537671673
0 0 0 27.776828432 27.9008880287 27.7881585565 27.6441631783 27.7218452667 27.5415662496 50.222948439 50.222948439 50.222948439 27.7326013486 28.1690617996 28.0938336897 28.1829393603 27.6944230817 27.7748949237 28.1459412861 27.5605735225 27.7995633334 27.6260450241 28.1973067163 28.0513963843 27.8179009818 28.0951431733 28.047280428 28.1359510597 27.9926174364 28.140318576 27.6612210302 28.0082802033 27.7811084273 27.9817552673 27.9096187021 27.993540446 27.790513411 28.0094604474 28.1442994094 27.9032811314 27.5937741457 27.6097304235 27.7297099869 46.9822469867 46.9822469867 66.8431534438 27.8195276083 27.7484315435 27.5679937785 28.1996009344 27.8228449335 27.5660654077 28.0152610181
0 0 0 0 0 0 28.0435070857 28.0911409017 27.5932914382 27.6438160059 43.7741086528 43.7741086528 27.7225140048 28.0640490702 28.1348382718 28.1556262049 27.5933677458 28.1905770097 28.189398998 27.8897797061 27.5443129221 27.5787834796 28.1674877963 27.8900728461 28.0676421978 27.6640619997 27.7922635936 28.0377240847 27.9565683746 27.8837452271 28.0704872879 27.7605708241 28.0699022916 28.1882298632 28.0104876752 27.6907582355 28.0704377856 27.902137728 27.6461364233 27.9564535927 27.6117577752 27.574431635 27.7891669435 28.1128569699 27.8705342609 46.8145511919 46.8145511919 46.8145511919 27.8833706539 27.9390688585 27.7956780789 28.1043561311 27.7688268179
0 0 0 0 0 0 0 0 15.33 27.7310284578 27.9237521283 43.7741086528 27.8610117395 27.9041335125 28.0921757101 27.9573624166 27.8216695589 0 27.802625574 27.9569439808 27.7885203086 28.1782802531 28.1486168228 28.018371814 27.6817123474 27.7146799833 27.6820485405 28.1467139633 28.0834534807 27.8277642188 27.6532708457 27.6199063442 28.1768835431 27.9528495385 27.895393648 27.7317932417 28.0249748655 28.1470241882 27.9943723589 28.0558376283 27.8250282167 28.0404384629 27.9863325696 27.5577486503 28.1617114251 46.8145511919 46.8145511919 48.5703320824 27.673463337 27.5885385794 27.6373163882 27.9658825712 27.5968812582
0 0 0 0 0 0 0 0 15.33 15.33 75.1841846895 27.6430148301 27.7580338925 27.7340987377 27.9674486917 27.5139014681 0 0 0 27.8611860439 27.7540004845 27.503129437 28.1452316245 28.1345485335 27.6268020708 27.8155268413 28.0869868267 28.0322875301 27.8163817012 28.0441464687 28.1014635914 28.1353445153 27.9267971517 28.1723585927 28.0398184129 28.0169749989 27.5411416387 27.6695012688 28.0363708697 28.146181541 27.6420260223 28.1624606765 27.9299155442 27.9510605645 27.9381314813 48.5703320824 48.5703320824 48.5703320824 27.5255801324 27.7343411222 27.5310793185 28.0869475058 27.5145686153
0 0 0 0 0 0 0 0 15.33 15.33 15.33 61.567269322 61.567269322 61.567269322 57.4773225752 0 0 0 0 0 27.8429843383 27.5690322198 27.8011328408 27.6601438415 27.7581588261 27.9665234274 27.9456524214 27.9272460178 28.0388929146 28.1776060503 27.9642224382 27.8994748302 27.5763327757 27.7151273589 27.7042209981 28.1977761503 27.8990860661 28.0162045176 27.6099565292 27.7665788159 27.8200591827 28.1920779183 27.9064652421 27.8403677934 27.8562126017 27.9353594008 40.1626248007 40.1626248007 55.4844365234 28.1377783458 27.5027641222 28.0887616924 28.1910572787
0 0 0 0 0 0 0 0 16.9243893937 15.33 15.33 17.9340332121 28.3292127236 25.9658434521 15.3613235367 0 0 0 0 0 28.0529014325 28.119272069 27.7872636716 27.756566375 27.9990213852 27.6728109263 27.9819062418 27.9016695365 27.9516283459 27.7383246466 27.5160623107 27.735486089 27.7786827734 27.8433102113 28.0130389735 27.9761962235 27.6599536586 27.8622194188 28.0270292496 27.8959255513 27.8283647796 27.9615813227 27.7028723261 28.1479887906 28.0539268162 27.9912489784 55.4844365234 40.1626248007 55.4844365234 27.8219428091 28.1152662038 28.020406907 27.8419397276
0 0 0 0 0 0 0 0 19.383243152 15.33 15.33 19.383243152 19.8924368514 12.1691905335 18.1057720382 52.5224917724 0 0 0 0 0 27.5026395312 27.6394013983 27.6160592663 27.7985587335 28.1958331017 27.8634558094 28.1253854528 27.8222738421 28.1657781929 27.9238796997 28.0958611655 28.0371121708 27.5502408354 27.6507331237 27.9705076508 28.1268252359 27.648529825 27.9848604081 28.0915243966 27.6634123649 27.9329562005 28.0711899132 28.0244127521 28.0301280034 27.9625518741 78.8393964985 78.8393964985 28.1442383443 27.6564763326 27.7256617009 28.1319430401 27.5182488237
0 0 0 0 0 0 0 0 15.33 15.33 15.33 15.33 9.8887150134 12.9406901616 23.8584295436 86.99665369 0 0 0 0 0 0 27.9630977629 28.1590081965 27.8227888092 27.782723784 27.6709319791 27.6587776923 28.09074645 27.9100486165 27.6361466458 27.5366606426 27.8053335451 27.9489698045 28.1233397704 28.1906274113 28.1619912885 27.9218039313 27.7869520199 27.8681163784 27.8389051479 27.7105248314 27.5321029527 27.5890815977 28.0481990056 28.1697206746 27.8955611766 41.2890736631 48.8602453482 48.8602453482 27.8213024739 27.6331559122 27.584349192
0 0 0 0 0 0 0 0 18.7846729634 15.33 15.33 18.7846729634 0 0 0 0 0 0 0 0 0 0 0 28.1027940829 28.0215799933 28.074041107 27.7920745688 27.7968116832 27.8454966191 28.1856032625 27.6413216448 27.5559665539 27.636890988 27.9592989366 27.6886922154 28.1855555459 27.9931964647 27.9637998598 27.9502588732 28.096753523 27.9242441167 28.1099502008 27.5767969936 28.1468161615 27.5421897275 27.9958265716 27.5677381682 48.8602453482 70.1219304936 70.1219304936 70.1219304936 27.9765171769 28.1039911435
0 0 0 0 0 0 0 0 61.081855622 19.1892110507 19.1892110507 61.081855622 0 0 0 0 0 0 0 0 0 0 0 0 27.7276393787 27.8353023193 28.1385127758 28.0663576204 27.8264584177 27.671706756 28.0374642363 27.7878536601 28.0342370568 27.7706987099 28.0493145792 27.5934350276 27.9693977012 27.9957047007 27.7914347298 27.8338579565 28.0726910761 27.9649587388 27.6057010964 27.666061219 28.1100786516 28.0792027189 28.2017319947 28.1711862469 70.1219304936 70.1219304936 27.8317832167 49.0568641042 28.060087943
0 0 0 0 0 0 0 0 18.2500586313 46.0917424836 46.0917424836 18.2500586313 0 0 0 0 0 0 0 0 0 0 0 0 0 0 0 0 0 0 27.6167861892 28.0876654436 28.1048789224 27.7100656581 27.8840164613 27.5326019229 27.7472928127 27.7526181036 27.8060150809 28.1580589498 27.9109455171 27.5095387388 27.9199437268 27.7068635496 27.7031734103 27.7883503847 27.559872995 27.6792785337 28.0918069224 28.1944710361 27.5646604164 27.7825331557 27.7234984035
0 0 0 0 0 0 0 0 17.5702941593 17.5739336241 17.5739336241 17.5702941593 0 0 0 0 0 0 0 0 0 0 0 0 0 0 0 0 0 0 0 0 0 0 27.8669882617 28.075916114 27.5839549742 27.82044829 27.8903743795 27.6945435099 27.5429352446 27.7790812141 27.6872812095 27.6148329599 27.5579544174 27.6247854309 27.7495907038 28.0279927395 27.6990114973 50.1100577927 50.1100577927 50.1100577927 27.8078013699
0 0 0 0 0 0 0 0 17.193124321 17.193124321 17.193124321 17.193124321 0 0 0 0 0 0 0 0 0 0 0 0 0 0 0 0 0 0 0 0 0 0 0 28.0717228025 27.7633514036 28.0569579983 27.8461940983 27.7058908862 27.8081474747 27.7290257649 28.0150107791 27.7760131645 27.8566316739 28.103559481 28.1121340315 27.9031191474 27.7842532455 50.1100577927 50.1100577927 64.6748339563 27.8404648785
0 0 0 0 0 0 0 0 45.0199460738 45.0199460738 45.0199460738 45.0199460738 0 0 0 0 0 0 0 0 0 0 0 0 0 0 0 0 0 0 0 0 0 0 0 0 27.9997007141 28.0853879353 27.8401886536 28.1062406399 27.6443279356 27.9077461488 28.204847467 27.5328782758 28.1512270222 27.620414208 27.5514463468 27.8260725272 27.5017514944 64.6748339563 64.6748339563 51.1382704062 52.3454413159
0 0 0 0 0 0 0 0 32.5932445136 45.0199460738 45.0199460738 32.5932445136 0 0 0 0 0 0 0 0 0 0 0 0 0 0 0 0 0 0 0 0 0 0 0 0 0 27.51558948 28.104431251 27.6092705417 27.8447504235 28.1492958278 27.9368320909 28.177580976 27.9354330341 27.8105041815 28.1290025756 27.9211975616 27.5294944246 27.8086753825 51.1382704062 83.8603735546 83.8603735546
0 0 0 0 0 0 0 0 0 44.9689238094 44.9689238094 0 0 0 0 0 0 0 0 0 0 0 0 0 0 0 0 0 0 0 0 0 0 0 0 0 0 0 27.9728126702 27.5597684285 28.0313125517 27.5613991291 27.8586686853 28.0928329958 27.7229398824 27.7197096857 27.8687767111 27.7434501392 27.8516087964 28.0122655508 51.1382704062 83.8603735546 83.8603735546
0 0 0 0 0 0 0 0 0 45.3014296734 45.3014296734 0 0 0 0 0 0 0 0 0 0 0 0 0 0 0 0 0 0 0 0 0 0 0 0 0 0 0 0 28.1948493454 27.9934949753 27.7915761643 27.9280879628 28.0686475687 27.9656980031 27.6107770752 28.0091305169 28.1615781069 27.8490421322 27.6764258011 52.6591259859 52.4635507977 52.4635507977
0 0 0 0 0 0 0 0 0 45.3014296734 45.3014296734 0 0 0 0 0 0 0 0 0 0 0 0 0 0 0 0 0 0 0 0 0 0 0 0 0 0 0 0 0 27.7342255529 27.766026575 28.1895113587 28.1985954943 28.1860473783 27.5660781333 28.099506584 27.7812385363 27.7884699064 27.6281619124 27.6789928794 52.4635507977 52.4635507977
0 0 0 0 0 0 0 0 18.4235260558 45.2169582859 45.2169582859 18.4235260558 0 0 0 0 0 0 0 0 0 0 0 0 0 0 0 0 0 0 0 0 0 0 0 0 0 0 0 0 0 28.1155161672 28.0161714185 27.9229338539 27.5507213361 28.0725876613 27.90868594 27.5365253743 28.1055531609 27.647402729 27.5406633158 28.0382269378 27.7920283086
0 0 0 0 0 0 0 0 0 45.2169582859 45.2169582859 0 0 0 0 0 0 0 0 0 0 0 0 0 0 0 0 0 0 0 0 0 0 0 0 0 0 0 0 0 0 0 28.0311911613 28.0085827836 28.1232777782 27.6108044558 28.1917548142 27.7054137274 27.8396390131 27.5452402779 28.0944987505 28.0569662039 68.6535247132
