Spatial_Output/BAU/BAU_0881.asc
NCOLS 155
NROWS 192
XLLCORNER 196307.867259
YLLCORNER 449144.565805
CELLSIZE 33.573938
NODATA_VALUE NaN
[rows 108 to 143 of 192, columns 0 to 82 of 155]
0 0 0 0 0 0 0 0 0 0 0 0 0 0 0 0 0 0 0 0 0 0 0 30.6949916754 30.6949916754 30.6949916754 38.4640072516 38.4640072516 19 19 19 19 19 19 19 19 19 19 19 19 19 19 19 19 19 19 19 19 19 36.9120299661 36.9120299661 19 19 19 41.3104649835 39.1618011414 19 19 19 19 19 19 19 19 19 19 19 19 19 19 19 19 19 19 19 19 19 19 19 19 19 40.7153506393 40.7153506393
0 0 0 0 0 0 0 0 0 0 0 0 0 0 0 0 0 0 0 0 0 0 0 50.37929478 50.37929478 0 0 0 19 19 19 19 19 19 19 19 19 19 19 19 19 19 19 19 19 19 19 19 36.9120299661 36.9120299661 36.9120299661 19 19 19 19 19 19 19 19 19 19 19 19 19 19 19 19 19 19 19 19 19 19 19 19 19 19 19 19 19 19 43.3776208174 40.7153506393
0 0 0 0 0 0 0 0 0 0 0 0 0 0 0 0 0 0 0 0 0 0 50.37929478 50.37929478 50.37929478 0 0 0 0 19 19 19 19 19 19 19 19 19 19 19 19 19 19 19 19 19 19 19 38.4262116283 19 19 38.4262116283 19 19 45.205868455 45.205868455 19 19 19 19 19 19 19 19 59.8295170459 69.2359028909 71.883960412 55.9807679057 19 40.9922240067 36.2830730264 44.6272451266 19 19 19 70.6792095396 19 19 40.2566010725 39.0394260953 39.0394260953 49.1975936794 53.4047945692
0 0 0 0 0 0 0 0 0 0 0 0 0 0 0 0 0 0 0 0 0 50.37929478 50.37929478 50.37929478 0 0 0 0 0 19 19 19 19 19 19 19 19 19 19 19 19 19 19 19 19 19 19 19 19 50.6433082289 50.6433082289 19 19 45.205868455 45.205868455 45.205868455 45.205868455 19 19 19 19 19 19 43.123261507 69.2359028909 69.2359028909 55.9807679057 55.9807679057 40.9922240067 40.9922240067 44.6272451266 44.6272451266 44.6272451266 19 19 19 70.6792095396 45.2498632216 40.2566010725 39.0394260953 39.0394260953 39.0394260953 53.4047945692
0 0 0 0 0 0 0 0 0 0 0 0 0 0 0 0 0 0 0 0 0 50.37929478 50.37929478 0 0 0 0 0 0 0 19 19 19 19 19 19 19 19 19 19 19 19 19 19 19 19 19 19 50.6433082289 50.6433082289 50.6433082289 19 19 19 19 19 19 19 19 19 19 19 19 57.6949625086 57.6949625086 69.2359028909 55.9807679057 55.9807679057 62.0328518062 40.9922240067 36.2830730264 44.6272451266 19 19 19 19 45.2498632216 45.2498632216 45.2498632216 19 39.0394260953 49.1975936794 19
0 0 0 0 0 0 0 0 0 0 0 0 0 0 0 0 0 0 0 0 0 0 0 0 0 0 0 0 0 0 0 19 19 19 19 19 19 19 19 19 19 19 19 19 19 19 19 19 19 38.9957913761 38.9957913761 19 19 19 19 19 19 19 19 19 19 19 19 57.6949625086 57.6949625086 57.6949625086 19 19 19 19 19 19 19 19 19 19 19 45.2498632216 19 19 19 19 33.3286437261
0 0 0 0 0 0 0 0 0 0 0 0 0 0 0 0 0 0 0 0 0 0 0 0 0 0 0 0 0 0 0 19 19 19 19 19 19 19 19 19 19 19 19 19 19 19 19 19 19 19 44.7313032904 19 19 19 19 19 19 19 19 19 19 19 19 46.2269022484 46.2269022484 19 19 19 19 19 19 19 19 19 19 19 19 19 41.7714597339 19 19 19 19
0 0 0 0 0 0 0 0 0 0 0 0 0 0 0 0 0 0 0 0 0 0 0 0 0 0 0 0 0 0 0 0 19 19 19 19 19 19 19 19 19 19 19 19 19 19 19 19 19 19 19 19 19 19 19 19 19 19 19 19 19 19 76.6908577651 76.6908577651 76.6908577651 19 19 19 19 19 19 19 19 19 19 41.7714597339 19 19 39.9833408486 19 19 36.2065376482 36.2065376482
0 0 0 0 0 0 0 0 0 0 0 0 0 0 0 0 0 0 0 0 0 0 0 0 0 0 0 0 0 0 0 0 19 19 19 19 19 19 19 19 19 19 19 19 19 19 19 19 35.4279019246 19 35.4279019246 19 19 19 19 19 19 19 19 19 19 19 38.3849649741 76.6908577651 76.6908577651 19 19 19 19 19 19 19 19 19 19 19 19 19 19 39.9833408486 39.9833408486 36.2065376482 36.2065376482
0 0 0 0 0 0 0 0 0 0 0 0 0 0 0 0 0 0 0 0 0 0 0 0 0 0 0 0 0 0 0 0 0 19 19 19 19 19 19 19 19 19 19 19 19 19 19 19 19 35.4279019246 35.4279019246 19 19 19 19 19 19 41.9402124793 41.9402124793 49.5875637553 58.5218542548 57.6879595172 39.0548752631 39.0548752631 38.3849649741 19 19 19 19 19 19 19 19 19 19 19 19 19 19 19 19 46.288519165 54.6410546063
0 0 0 0 0 0 0 0 0 0 0 0 0 0 0 0 0 0 0 0 0 0 0 0 0 0 0 0 0 0 0 0 0 19 19 19 19 19 19 19 19 19 19 19 19 19 19 19 19 19 19 32.3633983836 19 19 19 19 19 41.9402124793 41.9402124793 58.5218542548 58.5218542548 57.6879595172 39.0548752631 39.0548752631 53.3078682332 19 19 19 19 19 19 19 19 19 19 19 19 19 19 19 19 19 19
0 0 0 0 0 0 0 0 0 0 0 0 0 0 0 0 0 0 0 0 0 0 0 0 0 0 0 0 0 0 0 0 0 0 19 19 19 19 19 19 19 19 59.1250078882 59.1250078882 50.1050002581 50.1050002581 19 19 19 41.896566408 19 19 36.0475327342 19 19 19 55.5181124321 45.9287846284 45.9287846284 58.5218542548 57.6879595172 53.5127858009 53.5127858009 37.6656534482 68.7870790169 19 19 19 19 19 19 19 19 19 19 19 19 19 19 47.3459084638 19 19 19
0 0 0 0 0 0 0 0 0 0 0 0 0 0 0 0 0 0 0 0 0 0 0 0 0 0 0 0 0 0 0 0 0 0 0 19 19 19 19 19 19 28.8729611591 59.1250078882 59.1250078882 59.1250078882 50.1050002581 19 19 19 19 19 19 19 19 19 19 45.9287846284 45.9287846284 53.2504814482 19 19 41.2126562075 53.5127858009 29.147330313 68.7870790169 19 19 19 19 19 19 19 19 19 19 19 19 19 19 45.3450768117 45.3450768117 19 19
0 0 0 0 0 0 0 0 0 0 0 0 0 0 0 0 0 0 0 0 0 0 0 0 0 0 0 0 0 0 0 0 0 0 0 19 19 19 59.1573613928 59.1573613928 19 19 19 59.1250078882 39.4452914642 19 19 19 19 19 19 19 19 19 19 19 45.9287846284 45.9287846284 53.2504814482 43.090667992 19 42.8283832136 42.8283832136 55.4667959784 19 19 19 19 19 19 19 19 19 19 19 19 19 19 45.3450768117 45.3450768117 45.3450768117 40.0817955852 19
0 0 0 0 0 0 0 0 0 0 0 0 0 0 0 0 0 0 0 0 0 0 0 0 0 0 0 0 0 0 0 0 0 48.4458351068 67.1607454127 39.3506864875 39.3506864875 39.3506864875 19 59.1573613928 59.1573613928 28.8729611591 19 19 19 19 19 19 47.3977389684 19 19 19 19 19 19 19 19 43.090667992 19 51.5276171838 51.5276171838 42.8283832136 42.8283832136 40.2215634113 19 19 19 19 19 19 19 19 19 19 19 19 19 19 19 45.280309319 52.1410205275 45.280309319 19
0 0 0 0 0 0 0 0 0 0 0 0 0 0 0 0 0 0 0 0 0 0 0 0 0 0 0 0 0 0 68.5963809928 40.4301407631 38.8853867895 40.6518088389 44.3914481852 39.3506864875 39.3506864875 39.3506864875 19 59.1573613928 19 19 19 19 19 19 19 19 19 19 19 19 19 19 19 19 19 19 19 51.5276171838 58.7021775739 58.7021775739 58.7021775739 47.5722225095 19 19 19 19 19 19 19 19 19 19 19 19 19 19 19 45.280309319 52.1410205275 52.1410205275 19
0 0 0 0 0 0 0 0 0 0 0 0 0 0 0 0 0 0 0 0 0 0 0 0 0 0 0 0 35.3544412289 60.7192092113 69.4269473441 69.4269473441 39.8655235552 39.0584494775 38.9486128413 67.1607454127 39.3506864875 19 19 19 19 19 19 19 19 19 79.4973780113 79.4973780113 19 19 19 19 19 19 19 19 19 19 19 51.783882578 51.783882578 58.7021775739 58.7021775739 19 19 19 19 19 19 19 19 19 19 19 19 19 19 19 19 50.4687610718 50.4687610718 43.5549229234 43.5549229234
0 0 0 0 0 0 0 0 0 0 0 0 0 0 0 0 0 0 0 0 0 0 0 0 0 37.5995568224 38.964794492 47.6139915372 47.6139915372 60.7192092113 69.4269473441 69.4269473441 42.4554727622 34.7509452473 43.5586965532 54.7063549248 0 0 19 19 19 19 19 19 19 19 79.4973780113 79.4973780113 19 19 19 19 19 19 19 19 19 19 19 51.783882578 51.783882578 53.9816894085 19 19 19 19 19 19 19 19 19 19 19 19 19 19 19 19 19 44.5560838187 43.5549229234 43.5549229234 43.5549229234
0 0 0 0 0 0 0 0 0 0 0 0 0 0 0 0 0 0 0 0 0 0 0 0 0 37.5995568224 38.964794492 47.6139915372 47.6139915372 60.7192092113 69.4269473441 56.5162484141 51.6051166195 55.145741716 0 0 0 0 19 19 19 19 19 19 19 65.2619813948 65.2619813948 65.2619813948 19 19 19 19 19 19 19 19 19 19 19 53.9816894085 19 19 19 19 19 19 19 19 19 19 19 19 19 19 19 19 19 19 41.7428260641 49.9960951795 50.4269558367 48.9681003974 46.3392449281
0 0 0 0 0 0 0 0 0 0 0 0 0 0 0 0 0 0 0 0 0 0 0 0 0 57.1963571753 37.5995568224 39.3058894857 47.6139915372 50.6089134352 0 0 0 0 0 0 0 0 0 19 19 19 19 19 19 46.583260466 46.583260466 46.583260466 19 19 19 19 19 19 19 19 45.3300987296 19 45.3300987296 19 70.8454376388 19 19 19 19 19 19 19 19 19 19 19 19 19 19 51.1103379946 43.4540481756 43.4540481756 45.671586704 45.671586704 50.4269558367 48.9681003974 48.9681003974
0 0 0 0 0 0 0 0 0 0 0 0 0 0 0 0 0 0 0 0 0 0 0 0 0 0 0 0 0 0 0 0 0 0 0 0 0 0 0 0 19 19 19 19 34.049347752 34.049347752 46.583260466 19 19 19 19 19 19 19 19 19 19 19 45.3300987296 19 19 19 19 32.1783804375 19 19 19 19 19 19 19 19 19 19 51.1103379946 19 43.4540481756 43.4540481756 45.671586704 45.671586704 50.4269558367 48.9681003974 46.3392449281
0 0 0 0 0 0 0 0 0 0 0 0 0 0 0 0 0 0 0 0 0 0 0 0 0 0 0 0 0 0 0 0 0 0 0 0 0 0 0 0 0 19 19 19 19 34.049347752 34.049347752 46.5423898954 46.5423898954 54.458034576 19 19 19 19 19 19 19 19 19 19 19 19 50.1774803267 32.1783804375 32.1783804375 19 19 19 19 19 19 19 48.4979942228 48.4979942228 19 51.1103379946 19 43.4540481756 45.671586704 35.0503642309 39.3676623647 39.3676623647 39.3676623647
0 0 0 0 0 0 0 0 0 0 0 0 0 0 0 0 0 0 0 0 0 0 0 0 0 0 0 0 0 0 0 0 0 0 0 0 0 0 0 0 0 19 19 19 19 40.2973983122 40.2973983122 46.5423898954 46.5423898954 19 19 19 19 19 19 19 19 19 19 19 19 50.1774803267 32.1783804375 32.1783804375 32.1783804375 19 19 19 19 19 19 19 19 19 19 19 19 19 19 19 19 42.4443489235 42.4443489235
0 0 0 0 0 0 0 0 0 0 0 0 0 0 0 0 0 0 0 0 0 0 0 0 0 0 0 0 0 0 0 0 0 0 0 0 0 0 0 0 0 0 19 19 19 31.894640439 31.894640439 31.894640439 46.5423898954 19 19 19 19 19 19 19 19 19 19 19 19 50.1774803267 50.1774803267 50.1774803267 19 19 19 19 19 19 19 19 19 19 19 19 19 19 19 19 19 42.4443489235 42.4443489235
0 0 0 0 0 0 0 0 0 0 0 0 0 0 0 0 0 0 0 0 0 0 0 0 0 0 0 0 0 0 0 0 0 0 0 0 0 0 0 0 0 0 0 19 19 19 19 19 19 19 19 19 19 19 19 19 19 19 33.7661088929 19 19 19 19 19 19 19 19 19 19 19 19 19 19 19 19 19 19 19 19 19 19 19 19
0 0 0 0 0 0 0 0 0 0 0 0 0 0 0 0 0 0 0 0 0 0 0 0 0 0 0 0 0 0 0 0 0 0 0 0 0 0 0 0 0 0 0 19 19 19 19 19 19 19 19 19 19 19 19 19 19 19 19 19 33.7661088929 19 19 19 19 19 19 19 19 19 19 19 19 19 19 19 19 19 19 19 19 19 19
0 0 0 0 0 0 0 0 0 0 0 0 0 0 0 0 0 0 0 0 0 0 0 0 0 0 0 0 0 0 0 0 0 0 0 0 0 0 0 0 0 0 0 0 19 19 19 19 19 19 19 19 19 19 19 19 19 19 19 19 19 19 19 19 19 19 19 19 19 19 19 19 19 19 19 19 19 19 19 19 19 19 19
0 0 0 0 0 0 0 0 0 0 0 0 0 0 0 0 0 0 0 0 0 0 0 0 0 0 0 0 0 0 0 0 0 0 0 0 0 0 0 0 0 0 0 0 19 19 19 19 19 19 19 36.6284009041 36.6284009041 36.6284009041 19 19 19 19 19 19 19 19 19 19 19 19 19 19 19 19 19 19 19 19 19 19 19 19 19 19 19 19 19
0 0 0 0 0 0 0 0 0 0 0 0 0 0 0 0 0 0 0 0 0 0 0 0 0 0 0 0 0 0 0 0 0 0 0 0 0 0 0 0 0 0 0 0 19 19 19 19 19 19 19 60.3372240944 60.3372240944 36.6284009041 19 19 19 19 19 19 19 19 19 19 19 19 19 19 19 19 19 19 19 19 19 19 19 19 19 19 19 19 19
0 0 0 0 0 0 0 0 0 0 0 0 0 0 0 0 0 0 0 0 0 0 0 0 0 0 0 0 0 0 0 0 0 0 0 0 0 0 0 0 0 0 0 0 0 19 53.3929055145 53.3929055145 53.3929055145 19 19 60.3372240944 60.3372240944 19 19 19 19 19 19 19 19 19 19 19 19 19 19 19 19 19 19 19 19 19 19 19 19 19 19 19 19 19 19
0 0 0 0 0 0 0 0 0 0 0 0 0 0 0 0 0 0 0 0 0 0 0 0 0 0 0 0 0 0 0 0 0 0 0 0 0 0 0 0 0 0 0 0 0 19 19 49.7644162841 53.2818233194 19 19 19 19 19 19 19 19 19 19 19 19 19 19 19 19 19 19 19 19 19 19 19 19 19 19 19 19 19 19 19 19 19 19
0 0 0 0 0 0 0 0 0 0 0 0 0 0 0 0 0 0 0 0 0 0 0 0 0 0 0 0 0 0 0 0 0 0 0 0 0 0 0 0 0 0 0 0 0 19 42.8927715182 49.7644162841 53.2818233194 53.2818233194 19 19 19 19 19 19 19 19 19 19 19 19 19 19 19 19 19 19 19 19 19 19 19 19 19 19 19 19 19 19 19 19 19
0 0 0 0 0 0 0 0 0 0 0 0 0 0 0 0 0 0 0 0 0 0 0 0 0 0 0 0 0 0 0 0 0 0 0 0 0 0 0 0 0 0 0 58.6163670811 58.6163670811 67.4874422753 67.4874422753 67.4874422753 53.2818233194 53.2818233194 19 19 19 19 19 19 19 19 19 19 19 19 19 19 19 19 19 19 19 19 19 19 19 19 19 19 19 19 19 19 19 19 19
0 0 0 0 0 0 0 0 0 0 0 0 0 0 0 0 0 0 0 0 0 0 0 0 0 0 0 0 0 0 0 0 0 0 0 0 0 0 0 0 0 37.5366048315 69.5952949702 69.5952949702 58.6163670811 67.4874422753 67.4874422753 42.8927715182 19 19 19 19 19 19 19 19 19 19 19 19 19 19 19 19 19 19 19 19 19 19 19 19 19 19 19 19 19 19 19 19 19 19 19
0 0 0 0 0 0 0 0 0 0 0 0 0 0 0 0 0 0 0 0 0 0 0 0 0 0 0 0 0 0 0 0 0 0 0 0 0 0 0 57.0776145023 57.0776145023 69.5952949702 69.5952949702 69.5952949702 58.6163670811 58.6163670811 67.4874422753 19 19 19 19 19 19 19 19 19 19 19 19 19 19 19 19 19 19 19 19 19 19 19 19 19 19 19 19 19 19 19 19 19 19 19 19
0 0 0 0 0 0 0 0 0 0 0 0 0 0 0 0 0 0 0 0 0 0 0 0 0 0 0 0 0 0 0 0 0 0 0 0 0 0 69.323569057 57.0776145023 57.0776145023 69.5952949702 69.5952949702 69.5952949702 37.5366048315 0 0 19 19 19 19 19 19 19 19 19 19 19 19 19 19 19 19 19 19 19 19 19 19 19 19 19 19 19 19 19 19 19 19 19 19 19 19
