Spatial_Output/BAU/BAU_1112.asc
NCOLS 155
NROWS 192
XLLCORNER 196307.867259
YLLCORNER 449144.565805
CELLSIZE 33.573938
NODATA_VALUE NaN
[rows 50 to 74 of 192, columns 0 to 55 of 155]
30.7027914975 31.9875940825 29.945470561 28.7298081473 31.1035301112 30.2930873431 29.4023303187 29.7316157952 28.914509642 28.8105528596 30.3722410675 31.0050851398 31.3882171197 31.7896389501 29.9030175165 31.7998563415 30.195339703 30.2773070862 28.9271767924 31.512070405 31.1033178458 32.0256357476 30.7372974723 30.3844855052 54.3900119994 61.988874423 29.176098923 30.702914619 29.1384372811 31.4604532374 62.8574435071 53.4311462251 31.5334291053 30.3277023473 56.9476100594 53.4036142899 30.3696816047 41.3746245302 41.3746245302 41.3746245302 28.7877825907 29.5765778293 30.8850511813 31.3783162774 30.878442412 29.2442592838 30.0419435701 30.4925168401 31.3099808435 31.6211230583 31.2005137347 31.4802694164 31.8591983447 29.5606132946 29.2872199988 28.8791497085
29.0291783029 31.2502806882 28.8445713374 30.3672185749 31.2453851236 29.0192551645 31.90637601 30.6251418592 29.2128571235 29.0537671728 30.8524774365 29.9460946335 31.8900307805 31.9885025201 30.4888232944 28.5906925085 31.1433013459 31.8931728921 28.9330044367 31.513775227 29.8631224334 28.7853050274 31.3503241908 30.1575692514 30.3151436682 61.988874423 61.988874423 55.9701363525 55.9701363525 30.7226193363 29.025227903 52.6911332707 32.0278175348 57.9384441277 54.762880928 30.4101007797 30.5651152655 54.7266447383 41.3746245302 41.3746245302 30.7037708952 29.2023196061 30.21721717 28.6036809618 30.3664201867 29.1881754816 29.3712863104 54.5715441751 30.5297635015 53.0531311561 65.1922145912 29.0169535657 29.3256402954 29.1559046928 67.4846174546 57.6298547406
30.9398510998 30.2218052821 30.2067718682 30.4478575276 28.6503666261 31.4218232585 28.8552967478 30.2785982846 29.7121182877 31.4365866095 31.7398569692 31.2044151458 30.5221816846 29.1858625925 31.5765115626 30.4182291401 28.8674964399 29.8669061167 29.4077773444 29.3820781271 31.6454517741 30.7130622123 31.1351887682 31.699381647 54.3900119994 61.988874423 61.988874423 55.9701363525 55.9701363525 65.8027567591 52.6911332707 52.6911332707 66.6539446845 31.6628151451 54.762880928 54.762880928 54.7266447383 54.7266447383 46.759812449 52.2461935977 29.0851869841 29.9494634595 32.0151084014 64.6361457462 64.6361457462 29.4763219199 64.622132812 64.622132812 54.5715441751 64.6491142347 64.6491142347 58.2920135775 65.1565815325 28.6445692688 67.4846174546 31.525905492
30.9443348667 31.1158088383 29.8575200822 29.3899848978 30.6964069811 28.6720402023 31.2425480111 31.2666704448 29.2649053311 30.6457687091 29.57954563 31.5706125421 30.1779203799 28.9372440204 28.6587461513 30.0036243717 30.8893910888 31.9983060807 29.3207902768 30.6529565634 30.7997450728 31.2291569926 75.2116777996 75.2116777996 75.2116777996 30.4013687975 74.1593131343 55.9701363525 65.8027567591 31.2908234851 52.6911332707 52.6911332707 66.6539446845 62.7922307713 54.762880928 54.762880928 54.7266447383 54.7266447383 54.7266447383 52.2461935977 53.8156270126 31.2239332468 31.6644772624 64.6361457462 64.6361457462 64.6361457462 64.622132812 64.622132812 53.0531311561 64.6491142347 64.6491142347 58.2920135775 48.5565227348 48.5565227348 48.5565227348 57.6298547406
30.6435465939 31.6035871077 30.1821681636 30.627111331 29.4822725344 31.9576335283 28.6512106621 28.7450003483 31.9888468199 29.5945264363 28.904366285 29.7605810202 30.076976356 29.0265027848 30.998525343 31.9147023595 28.509393895 28.7855029648 30.6521171373 29.1515185459 31.681309139 31.5029116172 30.6143668092 57.8872794723 57.8872794723 31.6315768279 31.5082315808 28.5671241451 31.6298115057 32.0215720642 31.0569765912 63.6594595039 57.7634346412 69.8426629397 54.762880928 29.4356105592 47.0682727657 46.759812449 72.414598549 52.2461935977 28.8624288352 30.100922017 30.432023306 29.6280546493 64.6361457462 65.6009881141 31.1068916717 29.1920840004 30.5586554784 31.2087830747 42.1275498463 58.2920135775 65.1565815325 48.5565227348 48.5565227348 31.6827420355
0 31.3526403805 31.6198243772 29.4975840256 30.3134655382 28.8938569482 29.8780538227 30.8133425302 30.9651395472 30.2163090065 31.7907796462 29.0670053549 30.0182109079 29.485315079 29.1829649141 29.8373394893 28.7108091546 32.0286845033 28.6143464288 29.274271554 29.7050988814 31.1826798344 57.8872794723 57.8024083903 64.8125179125 64.8125179125 31.1213117756 30.4844870671 29.3020715469 31.7816134424 30.9009998728 43.0824084122 43.0824084122 43.0824084122 30.2099094389 30.1318642554 28.709234183 29.9180580367 30.5767291576 29.4134193718 30.0887140234 31.9415061809 28.9392640247 28.7567557932 30.1110217091 28.7140120715 31.4874157148 31.2873814572 29.9310173266 31.3543035617 30.8091935305 31.8832878444 29.3860702204 48.5565227348 28.5579910156 30.6832465268
0 0 28.701639933 31.1018154607 31.1780124568 30.6552154001 30.0528725129 30.9630225573 31.0424293453 29.0696167659 28.8934036312 29.7176320899 29.5668561709 31.889411291 31.4622230335 29.2859887091 30.6893548416 28.72395913 29.4535786088 28.8277724998 31.7225330532 30.3952893627 29.8745809606 64.8125179125 64.8125179125 64.8125179125 40.2116951017 28.7238351544 31.4963341161 31.5037942742 30.7414119651 55.7354861266 55.7354861266 55.7354861266 30.1489529611 31.5897996914 29.5156119797 30.5128027874 28.8930008633 30.606536749 30.7801013697 30.2184936555 29.676241625 30.3905645104 28.8026491118 30.2257943039 30.5171320735 28.9504824837 31.611134896 30.6983682787 28.7826966735 28.841506329 31.7211328604 31.5194313247 31.5030413915 28.5071356826
0 0 0 29.9018466825 29.3223837109 31.257425396 31.3995112937 31.5302433646 31.6226970904 29.2985622405 28.7190816802 30.6729103779 29.3076492845 30.9340787297 29.9495482778 32.0249761572 31.3557808249 29.0700373991 28.6430197688 30.8443327322 28.7243966948 30.9262172612 28.9587011277 29.6928941024 64.8125179125 30.6869539813 40.6889194492 29.7473098675 30.2182234641 30.5682912881 28.5158824022 55.7354861266 53.9587652671 63.1643540616 66.5141069416 31.257359778 30.1452779492 28.7292900808 29.0262995265 28.7888185948 30.540039902 31.5124437436 29.4045504498 31.7814895989 28.5820342449 29.0886137457 30.1133630959 30.2625009074 29.923185754 30.370920631 31.2153022657 30.9348518063 29.9941256694 30.6686404078 31.6772880876 29.5033495104
0 0 0 0 28.5502463215 31.3550232085 31.5801448792 29.5440295068 28.6397466658 30.5440596499 29.2031844779 31.9206752723 28.9728338088 28.9749395552 31.3809268992 31.6593409499 31.9599655117 29.8639476552 31.8152424 31.6628161851 30.8922716263 29.3656427143 31.9431909277 29.9721329869 30.196914014 40.6889194492 40.6889194492 40.6889194492 31.4786803137 31.8019016318 31.7777764033 63.1643540616 53.9587652671 53.9587652671 53.9587652671 29.0335684011 31.694244969 29.8215263132 30.1917271655 29.207828509 30.5753863876 30.8938823669 29.4364842451 29.0869708326 29.2482383756 31.2831682958 28.8136616236 30.965316568 30.5737541169 28.5381265437 29.7303115758 30.9859143211 29.7860986417 29.9056337927 31.5334396445 31.804550398
0 0 0 0 30.9367265137 31.3162697987 30.6971236917 28.6494016485 30.3453917359 31.4809879844 30.9005494988 30.0420438364 31.9802062195 30.4962894789 31.9479405973 30.9989589558 28.6626718446 30.0421681696 30.9776300497 28.5875988238 29.3727209479 31.8926355716 28.9574843746 30.5199439573 29.1018808914 40.4342984078 40.6889194492 48.8790003897 30.5462721943 31.387152695 30.0223904536 44.1198960353 53.9587652671 64.5447959123 49.8394200879 57.8065647364 57.8065647364 49.2382962946 29.8295706893 29.4437186494 54.5646452271 54.5646452271 28.6703698019 28.9990422761 29.7055343164 29.397972979 31.2727792171 30.3873980656 30.235573122 29.7569977794 29.0356389845 30.7072229939 30.9094275393 29.5286430645 31.8811676669 31.7879781218
0 0 0 0 0 30.1528951491 29.9873273046 31.6640444784 30.2588289867 28.5105598399 29.1698927386 29.6923389859 29.0038901371 30.0523102059 30.9236345387 29.5353380334 31.9839253466 31.6492564051 31.1086493991 31.4393691851 28.5430191986 31.7267511227 30.9866178072 30.4635674653 31.6581495582 30.4884733487 30.342914116 48.8790003897 29.1463412187 62.7557710284 62.7557710284 44.1198960353 46.9488755016 46.9488755016 46.9488755016 57.8065647364 57.8065647364 49.2382962946 28.7611864082 54.5646452271 54.5646452271 54.5646452271 57.2204906691 29.1605114592 30.1725567859 31.2148001755 31.1475076803 28.7050136674 32.0291034861 31.1662143406 29.889664135 30.0532118433 30.6998470272 31.1128088863 30.3345298117 30.0919038937
0 0 0 0 0 29.0112187356 31.9199857424 29.4280295947 28.8628413482 28.7122443948 29.208636052 28.8110160458 29.4808731165 29.0002647528 30.3342905012 31.0445396027 28.8540876837 31.7144172318 29.1661840473 30.3874660666 29.5818527483 30.5976820049 31.8451240858 31.9843289331 30.5721990648 31.0973193298 31.2271490833 30.5864047262 28.6898758224 62.7557710284 62.7557710284 44.1198960353 51.5359604225 46.9488755016 51.5359604225 56.0070163097 57.8065647364 49.2382962946 29.6980211072 55.366979504 57.2204906691 57.2204906691 31.3909577327 28.690193009 28.6808998535 30.8223049389 29.6600732446 31.5080904914 29.2657691801 30.8814341715 31.8600435647 30.7366328884 29.585418945 28.5421256715 31.7880252509 31.3559153667
0 0 0 0 0 30.074771515 29.1161140741 29.2841507703 30.859365034 29.5375151579 30.1148618416 28.9856338331 31.3777874404 28.8510347448 29.4056084249 31.5065694468 31.4492619734 30.8359198917 31.3555380184 30.8003782697 29.7885046063 29.4238259316 29.9447661143 29.2495488753 30.9632985841 30.9013575173 29.2208521448 30.0136820994 31.6435601381 29.820381499 29.1060595624 62.8978353496 40.3968794627 87.0503889882 87.0503889882 87.0503889882 28.6912624815 31.8445915485 30.1242867936 31.1838960374 28.5289641718 28.8723526646 29.0094136192 30.261678211 30.0849577961 31.0492091578 28.7924397994 29.476965665 31.4681587286 31.4768493649 29.7757824575 31.5032188323 30.8949605117 31.51527891 28.848360281 30.1673601773
0 0 0 0 0 0 30.0648017191 28.6912661302 29.3698732814 31.1304844682 29.3701173067 31.2462059535 29.7262624686 29.3287750432 28.5034875964 30.9306319359 31.197665322 29.1022105054 31.4636440141 29.1542860099 29.5384622091 31.618574835 30.2568756838 30.4821556884 30.9117210853 31.8259276598 30.600397748 29.5056731218 29.0139664857 30.1814286221 29.4118329427 30.7509787708 63.978540827 87.0503889882 87.0503889882 56.674871727 31.9973487478 30.1840533179 30.2982784823 29.1955775234 31.4307775313 53.808786038 28.7714174745 29.3729668076 29.6937028282 31.4514550694 28.5976429061 30.013432308 30.1315777315 31.2735176311 30.5004301105 29.8718058935 31.2980863311 31.720641733 29.3700903164 30.0861584527
0 50.6543402332 61.609138521 63.162841419 90.4520669693 90.1341036086 90.1341036086 30.0846690088 30.3046194639 31.5298903807 31.076660474 31.022355636 30.3046707794 30.4722966064 29.5290101818 30.6727624641 30.1550239726 29.3594915104 30.4528943228 30.5989426393 31.8148090846 31.8730479696 31.8964348131 30.5946768638 29.7802232136 28.9030932361 30.9356617397 59.6438766853 29.3783294442 30.2227254554 28.8333372898 31.4118424914 28.8094689153 46.9979403034 87.0503889882 46.9979403034 29.1255487568 29.8060442806 31.305159004 31.7618977491 91.4988469987 91.4988469987 31.3253849437 29.5278664073 31.8309021308 31.4618539666 30.908533327 30.9286460686 31.7998863401 29.0173277278 29.1550965498 31.8654304177 29.5248488809 31.6096092959 30.4263825771 31.3661693764
0 61.609138521 63.162841419 63.162841419 90.1341036086 39.6021893422 39.6021893422 39.6021893422 29.6709105835 30.4201194018 28.5825711374 29.8075169859 28.5426642427 31.726888052 30.9096737645 29.556217305 31.0005213297 29.9465751286 31.063082432 30.2076943225 30.9229849532 28.8379267564 30.555177731 31.0994865446 30.1759413974 30.3650957969 59.6438766853 31.6620677227 28.7641782632 30.6647640126 31.4742684311 29.4587073505 30.7492011363 70.1088072725 46.9979403034 65.8533181585 30.5573332062 29.3711508863 29.3297296926 29.8444021106 91.4988469987 91.4988469987 29.0562244987 29.9902390959 28.8225771769 31.4307314123 29.0640860087 30.8995512929 29.7801109872 29.6683577157 30.5706439601 29.3061757159 30.4798292331 31.0793827226 29.3628828493 61.6324153967
0 60.2311324439 61.609138521 63.162841419 90.4520669693 90.1341036086 74.275901 62.0857569605 47.4547536572 53.767649676 29.7336354158 31.4098252032 29.6587434126 29.0121843894 30.497528478 30.4981166223 30.3142517331 75.9306964737 51.3343419018 29.1889301937 31.8023952133 31.7893998723 54.8196354746 50.5079152355 50.9440303168 29.4669415989 50.0672586845 29.0496869101 29.8592344362 57.6416268373 57.6416268373 57.6745407943 50.6167083986 67.3653462041 67.3653462041 58.1185329532 53.1468610136 31.1417807596 30.0544982177 59.9726279402 47.3830779213 64.119662125 64.9540441918 28.7934626062 28.6289793657 29.6044753456 30.1865334542 29.5569875466 31.7761506139 29.2752991193 28.9369909047 30.5263836815 29.7758206056 29.4390855748 28.5342845515 59.6895605018
0 52.8385608147 52.8385608147 59.2613507618 50.699483921 63.9405393886 63.9405393886 53.7967282811 53.767649676 53.767649676 65.0356675455 30.0638721419 29.0328726858 53.0624140737 53.0624140737 30.2817922473 75.9306964737 51.3343419018 51.3343419018 30.1432969341 31.8999187751 30.3180108126 50.5079152355 50.5079152355 50.9440303168 50.0672586845 50.0672586845 29.3160807311 30.6036203641 57.6416268373 57.6416268373 57.6416268373 50.6167083986 50.6167083986 58.1185329532 58.1185329532 62.9486347496 53.1468610136 59.9726279402 54.2148009833 54.2148009833 54.2148009833 54.2148009833 31.9545233214 31.4441506031 30.1807487064 30.651549582 30.1008315384 29.3532277357 30.6643613109 31.8710339183 31.3735028914 31.3241427208 29.419517065 30.698235299 59.6895605018
52.8385608147 52.8385608147 52.8385608147 59.2613507618 50.699483921 63.9405393886 63.9405393886 53.2796085088 53.767649676 53.767649676 30.7554751913 30.4266167125 30.9977134514 53.0624140737 53.0624140737 31.0543992425 69.2612457286 75.9306964737 51.3343419018 30.0944836253 31.1684806032 52.1365696309 50.5079152355 50.5079152355 50.9440303168 30.2449722964 29.5311753844 30.3519636085 31.1269440591 71.1916744917 57.6416268373 63.4559800844 50.6167083986 67.3653462041 67.3653462041 58.1185329532 53.1468610136 30.6428068511 28.8371924868 59.9726279402 54.2148009833 54.2148009833 50.129768618 28.9817722636 31.69643552 29.4754488238 30.8026549143 30.7471128419 30.609775295 32.0175107134 29.9659884415 28.8357332402 29.15089318 28.6030192057 30.3076181403 45.1550895061
0 52.8385608147 52.8385608147 59.2613507618 67.0484556333 50.699483921 63.9405393886 53.1073423248 53.2796085088 53.767649676 30.8537789412 30.3102814397 30.5496061258 30.0997577629 67.8647728613 30.8570861122 30.1597531634 50.4269220267 31.2502424369 51.7834952898 30.1825080598 29.8024814289 30.7223227357 28.9680388237 29.1683615148 31.0813479803 30.2599460323 30.6029276359 31.747130288 29.5274229041 31.4947927855 30.7959995153 29.2576285647 31.126173578 51.3831183731 51.3831183731 59.3113868633 28.7969340921 28.9894430531 30.8261637702 48.0136454226 71.9921304088 48.0136454226 30.0923657083 31.6626659513 28.7352029352 29.1697721099 30.1021032325 29.9389301247 30.3894586131 29.5710976887 29.6995136084 31.2840389072 29.0190923445 30.081710644 66.1972237405
0 0 0 0 0 0 0 0 0 28.5890479094 29.7482098094 28.9375672077 30.8834047822 29.9465836763 31.6934659745 31.4092690849 30.6621290005 30.1210272778 31.6808041899 29.0953611548 31.6490376217 31.1340329446 31.4627961843 29.252138572 29.7510940462 29.7052003778 29.9845679381 29.6359869315 55.5379908758 55.5379908758 55.5379908758 31.3826967194 31.7715476649 29.9021209229 52.9569308751 52.9569308751 52.9569308751 29.4071909306 31.0997634602 30.949474295 71.9921304088 71.9921304088 71.9921304088 30.247973926 32.006659039 28.9599513175 29.9699851401 28.5745073718 31.7935811476 29.1455647873 31.414518216 31.8006885169 31.2978167503 29.914579383 30.7625833489 82.5947788524
0 0 0 0 0 0 0 0 0 30.0730632008 30.2581112623 31.0573539004 30.7996515689 30.4230090387 31.2839104768 29.7518328254 28.7470977816 31.4198223714 29.4454506199 29.8252990085 29.6331493575 31.4833618278 31.2862588147 31.765247284 31.1271096633 31.4638099485 28.699163551 32.030403637 55.9640218589 55.5379908758 55.9640218589 31.3342517101 29.2751394084 29.1735818033 52.9569308751 52.9569308751 68.4315088302 50.2981141081 29.1960236602 30.5808061222 67.3110304028 71.9921304088 30.3976083086 28.612662794 31.738176994 29.50389101 28.5825625919 31.6133360489 29.3928413781 30.233304876 30.7024272816 31.8342155844 31.9753533098 31.9603980239 30.0484916436 28.5238600585
0 0 0 0 0 0 0 0 0 31.2461347379 30.3283117644 31.935985079 29.2646281896 31.6292160811 30.6393200042 30.7687202431 28.9610902393 30.7561942477 30.1514031171 29.7245917215 28.9568297903 30.0469850069 29.7945964967 29.5592270165 30.9508551495 31.1214989132 29.7007145396 30.5052968172 29.3581342264 74.2118598 55.9640218589 31.8061317695 30.0582255356 30.4784606467 68.4315088302 68.4315088302 68.4315088302 31.3500097287 29.8804036302 32.0125477338 28.6231726466 54.4693829799 30.8255303997 30.9576906403 31.969528982 28.6906094319 29.8776612057 29.6605387627 31.158237685 29.2872836981 29.3357977908 28.5930276716 30.5317568575 31.1340102171 30.7131548297 58.159019883
0 0 0 0 0 0 0 0 0 30.34313487 28.8662480862 30.4808198192 29.9216765912 31.8515390091 30.401246906 29.4157378315 29.8321379542 30.259055788 28.8553345371 29.3830018935 29.0819623201 30.5224371058 31.24211902 29.686209106 30.8158618362 31.4995005986 30.9895495672 30.2458100627 74.2118598 74.2118598 74.2118598 28.8718570524 28.9164820405 28.6711631174 28.9407553694 29.1951728618 30.7099334704 29.2369590772 31.8165477701 28.8139639364 31.3954786705 29.8194784595 71.7243982591 29.3128083269 31.8423061493 31.0067306427 31.1274207992 28.7649889282 30.5471454154 30.6648973218 30.4231912322 31.6918705575 31.7925348179 28.556885235 28.7737745902 30.2681788202
0 69.2314019752 80.1236992038 0 58.3068292644 72.2944043687 68.3628347603 0 0 0 31.3891636618 30.8485326012 28.7312588887 31.1759508702 28.7601068643 31.3508379014 30.5079613016 29.6868893765 29.4770245619 30.6681821655 29.5168290708 29.4179605849 30.7691460224 29.2758101319 31.9638696284 28.9655792836 31.6714374038 28.8634240774 30.3881791214 74.2118598 30.6452859772 29.0765197963 30.1235247195 29.640040053 31.1860718774 30.6427598178 31.6785048775 30.0234466069 31.6036450325 31.9331048482 30.9709853261 70.885856215 70.885856215 31.7397781633 29.4811587173 29.8460766352 32.0292864218 29.6217442449 29.7882126251 29.9248366127 30.460976518 31.5100082419 29.1131040145 31.4860203538 29.89112568 29.750283858
