Spatial_Output/BAU/BAU_1370.asc
NCOLS 155
NROWS 192
XLLCORNER 196307.867259
YLLCORNER 449144.565805
CELLSIZE 33.573938
NODATA_VALUE NaN
[rows 50 to 74 of 192, columns 56 to 111 of 155]
64.6134405217 33.7923572317 34.0614257481 33.2932859283 34.1317019457 33.2650846679 52.790623828 52.790623828 34.2628723206 33.770109852 33.4436228929 33.8148895864 34.0876876685 62.2751250204 58.9046604528 58.9046604528 33.0689746358 34.1009006475 33.3796411516 33.1365543906 33.6560884121 33.5316591876 34.4078365837 33.1099717358 33.2706233939 33.9131874977 34.2060922056 33.7607954668 34.0617676908 33.2570871074 34.3140623077 33.5610892691 33.0297977259 33.2863557675 34.1670681931 33.0062389295 34.1908642108 34.3017952468 34.1437853954 33.8407918561 33.7089872205 33.0910582801 33.4855621477 34.0612664348 34.1388665284 33.089448424 33.9201455611 33.9712681893 34.258977894 34.0369177239 33.2563780027 33.3953567217 33.0070230139 54.5330473574 33.7604981407 33.452689332
64.6134405217 64.6134405217 33.9555080546 72.8398225076 45.508127203 79.8408078193 79.8408078193 79.8408078193 52.790623828 33.5072731037 33.1090157538 33.5788035789 33.0386174975 80.1148028965 62.2751250204 62.2751250204 34.0392208957 33.9660867293 33.4526259871 34.1934367674 33.7493534382 34.313076395 33.1803564998 34.2312177159 33.019480085 33.4898333603 34.3753155341 33.8622820704 34.2319908857 33.9667034238 33.3964425413 33.5147946975 33.3003261043 33.8895477061 34.1099738564 33.774124256 34.1112398751 33.2730572337 33.2980421318 33.7312077184 33.9924828033 33.2739175698 34.3034022485 33.468195017 33.8157383349 34.3731075044 33.3329620155 34.2970511181 34.3787175245 34.3426716784 33.3166203333 33.1665677407 34.2444346242 59.7810951792 54.5330473574 54.5330473574
64.6134405217 64.6134405217 64.6134405217 33.9877351701 58.1065015121 73.4093653315 73.4093653315 61.9361850675 34.317167121 33.7895771325 34.2238614753 33.8965599265 33.68593827 34.1767267868 46.0417400746 46.0417400746 34.2578268217 33.7271052584 34.412497793 34.1004292749 33.5849790458 33.5579668284 33.8105365169 33.8127664117 34.1897389532 33.6685909317 34.1952618452 33.8650145986 33.2454046306 33.8290831941 33.7346672847 33.6061697893 33.4029343912 34.1776405108 34.2741689133 33.8313504348 33.1567850496 34.1790907631 33.3546779661 34.2604594627 33.0200721107 33.7365140729 33.1319879663 34.3838407444 33.6222805939 33.6034820218 33.0923151228 33.0186137849 33.2091540024 34.0654746943 33.34383796 59.8456812797 33.7864481542 59.7810951792 59.7810951792 54.5330473574
64.7245229084 67.4501405587 67.4501405587 45.508127203 51.003011943 73.4093653315 73.4093653315 62.0115472139 33.9501333787 33.40542985 33.4546871052 33.404645069 33.745482239 34.2428524802 34.0711601322 33.479544324 33.3905376348 33.6207350599 33.966784209 34.037792152 33.9468968385 33.4997333045 33.1870134201 34.2256123957 33.8288362765 34.0018221089 34.0658521765 34.1409268671 33.7136569258 34.1968076328 34.3337473893 34.0880139215 33.0526135403 34.3658505261 33.1874642918 34.1829057598 34.1354969454 33.1337316728 33.9323381553 33.4812977767 34.3247102517 33.5325516156 33.3506786622 33.9841919816 33.2323610656 33.6259359226 33.0335525733 34.1064854555 33.5517418603 33.8220847985 33.6329999393 59.8456812797 73.889794718 73.889794718 33.8661900991 33.0565262099
54.5156946522 54.5156946522 57.3486237182 33.0719958452 33.0020425481 51.003011943 74.3385434703 33.3540814717 33.9374360353 33.1749372182 34.2103875331 33.7274552342 34.2937783503 33.5955774072 58.0946633938 58.0946633938 33.4542291789 33.3433212257 33.0662414537 34.1079545162 33.1076473673 33.8963370383 33.8360607985 33.0184537813 34.1717760948 33.0012233074 33.3417784115 33.9635453784 33.8250743737 34.3638012185 33.5986705528 33.0435091827 33.6905587503 33.7967843441 33.6903318979 33.1798998626 33.1147281641 33.240531398 33.5344838219 33.7593837893 33.2051226211 34.0636448548 34.313644325 33.8841276636 33.6969038273 33.2714209695 34.059739738 33.0131953694 33.2519924364 34.0266409709 47.5994856829 47.5994856829 59.8456812797 59.8456812797 33.2373408034 33.0653287189
54.5156946522 54.5156946522 50.3115497999 33.112522043 61.472218247 61.472218247 61.472218247 61.472218247 34.1494391957 33.8846694283 33.7845634806 33.9860928017 33.5260021859 58.0946633938 58.0946633938 58.0946633938 33.1404749558 34.02940551 34.2847902434 34.1422752958 33.4744040692 33.2310096598 33.0837655177 33.8035478818 33.7505403952 33.5121705117 33.4328836003 33.8597644481 33.1882720062 34.3497869671 34.1396822683 33.7060554407 33.6844157378 34.2181179046 33.8263634446 34.2391634238 33.3609432968 33.6005526154 34.3227315565 33.9772106476 33.9447477083 34.3758008709 33.2008970311 33.9915659548 34.1936908436 33.3884232927 34.2711065197 33.6821808264 34.0180943798 50.5744439607 47.5994856829 47.5994856829 47.5994856829 34.0615535603 34.2609803106 34.0951848755
54.5156946522 70.7922912628 70.7922912628 33.9518552841 33.369812282 34.2900105106 48.1168213917 33.5821226265 33.9845870309 33.6259214945 33.0889225237 33.8145268117 33.3991519342 55.7899637931 55.7899637931 55.7899637931 33.6019598705 33.4505342098 33.479257771 33.8702122066 34.2959534714 34.184383834 33.3380341923 33.9391394128 33.0213676827 33.5368133327 33.5589040034 33.6391561489 33.4294038369 34.232960417 34.0004610817 34.111677365 33.6785558922 33.3354909472 33.2121949497 34.3438655684 33.6155073638 33.8030984424 34.3802635545 33.2395764466 33.1941229556 33.1849169318 33.4440994386 34.3303529204 34.0811956548 33.6185312997 33.928728124 33.1720364652 51.3773769334 33.1950182317 50.5744439607 33.2903148271 34.3241992134 34.2016732917 34.1681748811 33.7359375587
33.0641261623 70.7922912628 70.7922912628 33.4207905946 33.5473007385 48.1168213917 48.1168213917 48.1168213917 33.7867616792 34.1703039924 34.0980878703 33.5927402719 33.6497263528 55.0087529831 55.7899637931 33.4708084084 33.8579016898 33.1785518981 33.7631451491 33.3829827679 33.7785694807 33.4440480305 33.8679932227 33.3738388977 33.552775626 33.0772003517 33.3409832486 34.4052928584 33.8075787235 33.1079740317 34.1256311826 33.7141645403 33.1013622366 33.6134084118 33.1298827726 33.426668238 33.4624745079 33.8317496993 34.2498395348 33.3975514846 33.7208954549 33.3078109277 34.304569337 33.2518986762 33.4105775424 34.1308757066 34.413477445 33.2146535254 51.3773769334 51.3773769334 33.267750634 33.4518806358 33.2645397723 33.5977739464 33.6988761472 33.2889433729
34.3208277592 34.3729699636 33.1923590764 33.6626048367 72.059856067 72.059856067 33.2808390587 33.0894711067 33.938703042 33.1157388072 33.5303433508 33.7681333209 34.099132193 64.3893678538 47.8606623132 33.7182477345 33.1627538488 33.3793600356 33.3032884467 33.9488116677 34.0206071625 33.7746896257 34.3451574575 33.5954943266 33.5742219572 33.7781340383 33.2002849513 33.2782172847 33.5384363001 33.9824113537 33.0780811697 33.7447323172 33.2371005533 33.9449202131 33.9830494659 33.7205428553 34.2160466381 33.2031904027 33.1034702351 33.3106234442 34.1467624083 33.1020212652 33.9584079862 33.3594631793 33.3362632319 33.2607507561 33.1547335223 58.3655519853 51.3773769334 51.3773769334 34.2063096394 34.1251859034 34.1353765903 34.0478168572 33.2213271124 34.3576470291
33.9790196083 33.7239459869 59.5437059424 33.4969091569 72.059856067 72.059856067 61.8026088415 34.1035434386 34.0374302574 33.729230314 33.4247167781 33.0990923038 34.1011625366 47.8606623132 47.8606623132 47.8606623132 33.2228762911 34.0307865487 33.6810749252 33.6163366447 33.0143583338 33.1161480404 34.1968654725 33.6892796361 34.0340994451 33.8931254282 33.5194446791 34.0613008432 34.1949461777 33.4808074721 34.1411995867 33.1667867783 34.258745967 34.3809534296 33.9615702548 33.9896100048 33.3268108292 33.3650546981 33.7800125081 33.2337548719 33.3643308872 33.9085434231 34.2750050784 33.3613500625 34.1960563239 46.97405969 33.3067171819 58.3655519853 34.2801858256 34.0511217846 34.4089059432 33.1428696081 33.8065345103 33.4544733658 33.8183176392 33.8186000909
33.7529900608 33.4118702521 59.5437059424 33.2520236904 34.3691378361 33.7647395577 33.7868888435 34.0934983193 33.9357547935 34.0544209207 33.563913384 33.1987347913 34.0287736769 33.9115178653 66.1423708003 51.0472224412 34.0538695273 34.0616321441 34.3928976751 33.8111717835 33.6559538527 33.3321343948 33.7476675578 33.6804569551 33.6619363688 33.6618817323 33.6350084232 33.761614006 34.0925036091 34.2769476477 33.9641921296 33.1562904055 33.5479448898 33.7515792916 33.1615604065 33.2963528261 34.2528875735 33.1205644034 34.0182224813 33.218310606 33.617287447 34.3973864107 33.4292815417 33.2018244839 33.1737838989 48.7795513683 48.7795513683 34.0261160794 34.4009852373 34.1029571972 33.614494808 33.3400031354 33.3505449355 33.3581539582 33.985369674 33.1214718799
55.3814782614 55.3814782614 55.3814782614 60.6278040054 33.4005950906 33.0278872969 33.625524387 33.2020073984 34.3720065108 33.253231959 33.2662582697 33.1468769335 33.4770756662 66.1423708003 34.0306568002 66.1423708003 34.3371539653 34.1592205071 34.3849454011 33.2320219441 33.3281532938 33.9659325054 33.8944919703 33.5264507415 33.897389819 33.1072500425 33.2711036766 33.6096675144 33.1157223193 33.8931422328 33.154415543 34.3584303758 33.0165036839 33.513062436 33.5790157273 33.737469078 33.6130168968 33.6599256071 33.8297012487 33.268172819 34.0959010332 33.710662084 34.1709992927 33.6405492978 33.8161681112 48.7795513683 48.7795513683 33.2592711256 33.3294535016 34.3848133046 34.0167807649 33.2266831843 33.4218538139 34.1595480978 33.9938171539 34.0068809708
55.3437151197 55.3814782614 55.3814782614 60.6278040054 33.6210652854 33.6950069142 33.8780425473 33.909947636 33.1855143928 33.8960700913 34.1552164837 33.6642945018 33.1237696141 46.5587739201 46.5587739201 46.5587739201 33.9863812662 33.0143128522 33.3618458205 33.1127354975 33.7831824117 33.8381591478 33.1529505125 33.4706516907 33.0726771749 33.2175113046 33.8550953322 34.2169889731 33.0611796879 33.6500679439 34.329903636 33.1817447754 33.9019587891 33.8361320694 34.3010145122 33.6218346978 33.1311938733 33.5206114341 33.5825542313 33.4595588059 33.697791671 33.7855553845 34.0794637327 55.1369616493 33.6606791004 34.1486983233 33.1998896064 33.1452528299 33.0252763583 33.2563534764 34.2998206663 33.3119218505 33.9792633717 33.1822439392 33.0659356983 33.2479500774
33.3058764817 55.3814782614 55.3437151197 33.31078143 34.1128947794 34.0768532217 34.2022235121 34.2646482333 33.477600271 33.8212352989 33.8951408881 34.1314997824 33.5901705708 49.0599671806 46.5587739201 46.5587739201 34.3728065612 33.2996064689 33.4306001257 33.7049666821 34.3527997122 34.3634610692 33.5217764162 33.2474319493 33.2280171951 33.4262102639 33.2506193619 33.2251878858 33.4357101666 33.1746290163 33.4110152435 34.1111924477 33.7210820883 33.7297326783 33.124779826 33.6940423044 33.1815926934 33.4009803568 33.8152605153 33.1877438622 33.1552438974 33.2812635685 33.2715618389 67.8406389535 67.8406389535 33.7663469246 33.0969892849 34.0888143315 33.1963688114 34.2954308402 33.289636865 33.7105951063 33.0650688422 34.2687374021 34.244828488 33.7191118747
54.215272663 54.5803016629 54.5803016629 52.7368012969 59.8070899617 33.3017497444 33.1784644436 65.5145512215 34.193186164 34.3652097755 33.7050049842 34.2911240992 34.0527522778 71.8732662986 82.5805199207 71.8732662986 33.070502853 33.948478846 33.7290178514 33.6085832839 33.8176678932 34.1509675733 34.2447194608 33.7922403708 33.9014502075 33.407198327 33.9964074077 34.1250094223 34.0875426825 34.1366564988 33.3203482392 34.0247506802 33.4889998333 33.4432481839 33.1252524209 34.1447094691 34.3151089193 33.4331122048 33.2802638868 33.2508339521 34.2310322244 33.2079585806 33.7064607471 57.6771732867 57.6771732867 57.6771732867 33.4482762004 34.4005409763 33.2265433484 33.3815828995 33.9464373294 33.4780319827 33.7408795245 33.8843045352 33.5185923342 33.7130819735
54.215272663 54.215272663 54.215272663 52.7368012969 68.9453341505 64.0220514876 65.5145512215 65.5145512215 65.5145512215 33.6520424157 33.1474111212 33.8804476837 33.6166388583 82.5805199207 82.5805199207 82.5805199207 33.0479738217 33.5380505011 34.0192794911 34.069637452 33.3090868979 33.0223312084 33.3329390716 33.4460259548 33.5786014447 33.8196474182 34.0976076104 33.3412427712 33.4635136254 33.4203822882 33.8483212186 33.3459622168 34.1458656605 33.4635325904 33.6524512109 33.2620847291 33.9149611584 33.229152575 33.1705710427 33.4677772262 33.3199111477 33.645971955 33.0965995063 68.8631338284 68.8631338284 68.8631338284 33.919155151 34.3880233961 33.5216088656 33.9462725708 33.6499410041 34.0757022303 33.1250835278 33.8054674221 34.3918775463 33.2464688563
46.6681312266 46.6681312266 52.7368012969 52.7368012969 68.9453341505 68.9453341505 71.9265389987 71.9265389987 71.9265389987 33.6704737783 56.0723668599 34.1472443533 33.5440094325 47.2057594446 82.5805199207 47.2057594446 34.3154940032 51.3243464432 34.0209004021 82.6848030158 33.4395098173 56.65861059 77.6842197357 34.1628811639 70.8590632048 33.8316961981 33.518082012 33.5385891923 33.2616181678 33.3747794924 33.6386196153 33.7027343847 33.963111893 33.1802399054 34.3867354654 33.9300791679 33.7850461719 33.8082586389 34.0292313042 33.3760852406 34.2178501532 33.9757683828 33.3159925827 33.9825076449 68.8631338284 68.8631338284 33.3721723843 34.1245874968 33.7698669217 34.357362497 33.2165763686 34.0741304705 33.5760220209 34.1476778304 33.6678104143 33.0681174008
46.6681312266 33.6475718399 34.3846464755 59.8070899617 64.0220514876 34.3281766102 71.9265389987 71.9265389987 53.2646680424 58.9607107901 33.0522821088 34.2300096921 34.3604499126 33.3226264749 33.1034418086 34.0975092323 43.4221560236 51.3243464432 82.6848030158 82.6848030158 53.9454478392 56.65861059 56.65861059 33.217796389 70.7907540868 70.7907540868 34.2427849774 33.5742382377 33.4891307606 33.2509222601 33.5856139111 34.3292413529 34.0856853852 34.1808410391 33.5984226742 34.148672358 34.2591185447 33.6605578313 33.3728934999 33.8443047997 33.0598479799 33.670414164 33.8516874879 34.2974297721 33.9452023762 57.9195457359 33.0786261726 34.1247380505 33.8467583891 34.0490864541 33.5534606388 33.2331267913 33.6454427572 34.1004547561 33.8277712475 33.3223505863
60.6230831959 60.6230831959 33.1096681786 34.0621764457 33.9503898112 33.4840413473 61.4387107762 53.2646680424 58.9607107901 33.0199391742 34.3400532306 33.9614017138 34.0996421249 59.0918733764 59.0918733764 54.581721666 43.4221560236 51.3243464432 51.3243464432 82.6848030158 53.9454478392 56.65861059 56.65861059 70.8590632048 70.7907540868 70.7907540868 33.8868960916 34.0839745782 33.1330869171 33.3381020094 33.0582158746 33.578677564 33.1898174245 34.0510287234 34.3019910176 33.2529169763 33.7267419277 34.1691896571 33.5740169052 33.7372595984 34.1980878636 33.0818723107 33.2481910269 33.1686836343 33.6309663622 34.2906533154 33.4366228056 33.8633158071 34.2529660083 34.22263276 33.0938790257 33.9163014066 33.4546888977 33.2835144623 33.0128264474 34.2776210292
60.6230831959 60.6230831959 33.3072840481 34.4037509728 34.1236117852 33.3147035069 34.2120920864 33.8262488156 56.7820202755 34.0843097226 33.3934595384 33.0402355752 33.1322487996 34.2379486518 54.581721666 54.581721666 33.6889055731 33.7129873215 51.6003763586 51.6003763586 63.7854199116 56.65861059 33.3092334555 62.0464545001 33.1308346357 33.3220316733 33.6342665806 34.1685739424 33.3188961355 33.4187063882 34.0393166118 34.2142219804 34.0868077272 34.1607834448 33.8006433914 34.090391901 33.8889166894 34.3738490708 34.0239907245 33.9216588239 34.3153044683 34.0453582142 33.8642465091 33.6750398728 42.1661547647 60.4760473862 60.4760473862 33.3888609902 33.8177407905 34.2220432717 33.7659191501 33.769918801 34.0415301158 34.0005801023 33.6895403933 34.3516956469
33.1013314297 34.2955163225 34.1727726264 34.2426744714 33.1758256491 33.002177941 56.7820202755 56.7820202755 33.2125749874 33.2568414674 33.3738448498 34.2636395256 33.2167669559 33.1566955071 46.3252756812 54.581721666 33.7087783606 51.6003763586 51.6003763586 51.6003763586 51.6003763586 33.8010346174 33.6682703402 33.1752089582 33.8316161962 33.1759363079 33.5936829942 33.6618980522 34.1859612662 34.1620488593 33.2957502803 33.0836856023 33.3897781434 33.2909025535 33.153878233 33.5679094581 33.2992250313 33.8662756069 33.8478576441 33.8000424663 33.3718838352 33.5581826196 34.0412199835 33.0095661926 60.4760473862 60.4760473862 33.5304185362 33.9136441434 34.1701509258 33.9036578376 34.1569461245 34.0167103287 33.6622942226 34.0070089215 33.0503004925 33.3230519417
72.5636462727 33.7965268964 33.2836085709 34.1810041903 33.2966540394 33.9612856934 56.4730257519 33.2917459214 56.4730257519 33.266352152 34.35220793 33.0463578913 33.267213708 33.482039882 34.0870531577 54.2342308946 54.2342308946 59.0386373529 33.4299596538 69.8152973093 33.6326555599 33.5829826209 34.1497827895 33.5477982243 33.4521982112 33.9855053437 62.0500377668 34.2233862406 33.4082560828 34.0201730172 33.5685749062 33.4527257886 33.8670371242 33.4249636844 33.3001124412 33.2079346399 33.0838818644 33.3582537651 33.6053575634 33.2375554027 33.9094240424 33.0891502174 33.3240254988 33.5655124711 80.9721844473 60.4760473862 80.9721844473 34.3048108331 33.9397501974 34.1168245725 34.3577104992 33.4147565247 33.6819806426 34.0354511432 33.7924307291 33.405664737
58.673330274 72.5636462727 33.2668966501 33.9095292313 34.2405247527 33.2573587314 33.2747710175 45.1302651078 33.7112563722 33.9198524822 34.0370061905 33.2956334446 33.3136782665 34.2893666625 54.2342308946 53.5585564759 53.5585564759 53.5585564759 69.8152973093 69.8152973093 53.224969608 33.726328891 33.0601399137 33.7709109034 34.0864308091 34.0150808517 40.7192877013 33.2367644229 33.4243031516 56.6450080118 33.0151585566 33.6277990958 33.3582719726 33.566652567 33.913599826 33.996670778 33.0550524112 34.3123604437 33.1026843212 33.8675753415 33.9550793209 33.0434066265 33.0476990018 33.4524247267 57.4997362123 80.9721844473 33.9905977184 33.4743236113 33.5361846676 33.4733357838 33.9869977983 34.0567415643 33.0844991614 33.4655792461 33.9599056599 33.5037106397
58.673330274 58.673330274 34.1744346409 34.1180582611 33.9727648693 34.1611423996 51.9242265738 45.1302651078 45.1302651078 45.1302651078 33.1964514829 34.2882027596 33.317309259 33.2633740473 33.4181631061 53.5585564759 53.5585564759 60.7978660717 60.7978660717 69.8152973093 60.7978660717 67.8900611501 71.2322341195 34.3308538443 40.7192877013 33.0248108815 49.5933903331 33.0019259819 56.2330300117 56.2330300117 56.6450080118 33.3716868897 34.4043946383 33.7352255406 34.3102383524 33.1466603794 33.2894636639 34.0844098122 34.3243867965 33.916100367 34.161396444 33.3774903419 34.3982642696 33.0850217139 57.8617675437 34.365232874 34.0444733128 33.2789478708 33.2152137855 33.5871787629 33.7466602592 33.3670771874 34.3128260618 33.9652957619 34.0697916301 34.208393954
47.3297649797 33.0144853377 33.9018649303 34.0127114331 34.0975559286 33.6643700773 33.5979237854 45.1302651078 50.8392146586 34.3937374126 33.1369988329 33.4885931465 33.6850086557 34.3926189768 33.1530554083 33.3533922852 53.3216723855 53.3216723855 33.5581952933 61.5729244572 61.5729244572 71.2322341195 71.2322341195 33.6225861829 55.18931355 40.7928686409 40.7928686409 53.1714083654 53.1714083654 53.1714083654 56.6450080118 34.1344215322 33.1964194124 34.2342334203 34.3965811159 33.7820913974 34.1329768009 34.2023125246 33.597720398 46.8713016442 33.2738407227 33.4290631916 33.1921795294 33.6618144637 34.1746156287 58.3543238262 58.3543238262 58.3543238262 33.7733812912 33.1649006071 33.3482081735 34.4057211763 33.6074052439 33.2152416322 33.463832909 33.7959145778
