Spatial_Output/BAU/BAU_0201.asc
NCOLS 155
NROWS 192
XLLCORNER 196769.923733
YLLCORNER 449719.875193
CELLSIZE 27.603701
NODATA_VALUE NaN
[rows 46 to 68 of 192, columns 0 to 52 of 155]
46.7299236404 46.7393091659 46.6995698311 46.9934911177 46.4104108169 46.7225154462 47.2261730143 46.7363729812 47.3696806591 46.0008268898 46.0531303765 64.9029255192 64.9029255192 64.9029255192 46.9506984666 46.1249071238 47.0782420059 46.6004759464 46.6830251741 46.4347109697 47.4135160828 46.9008147071 47.201921108 46.3403880883 46.8312880956 46.130841511 47.2273017132 47.1357413632 46.1937377564 46.6404855748 46.2204856037 46.5556981329 46.5591981086 47.0875114313 46.6776604056 46.0521166513 46.6816494465 46.417735261 46.4059579955 46.3161315297 47.4054880007 46.5547118982 47.0658885878 46.3026882566 46.7987398962 46.0292301416 46.9610883512 46.3629216395 46.8823518245 47.4075932603 46.3515391834 46.8244498851 46.8205199074
47.1136857724 47.1361117447 46.3178694836 46.582466173 46.1103693998 46.6406122136 46.6942255615 46.5580798125 47.1236053158 46.8034624631 46.5787062634 64.9029255192 64.9029255192 64.9029255192 46.2544007561 46.3731389911 46.9956998946 47.1852487213 47.0402255633 46.9197069028 46.8345236166 47.3198736766 46.959240757 46.8950004793 47.1510790653 46.6393367497 47.2918679747 46.9754098681 47.3615717513 46.8091144724 47.3035172569 46.3968272625 47.322068994 46.8580939901 47.3996465907 46.243834635 46.0857470262 46.6052172314 47.1189156018 47.2974987914 47.2198450056 46.0293027694 46.9135468574 46.7579485672 47.0952558633 46.9758281926 46.8070817306 47.0486974183 46.5804736563 47.0375335756 46.641848765 46.5908041164 46.1206135561
47.1182521438 46.2244556985 46.3780996246 46.3511302819 46.746481983 47.2362394794 46.2627819681 47.2983309882 46.0580728901 47.1298676458 46.0889565689 46.5999448844 64.3068193215 64.3068193215 64.3068193215 46.0734799559 46.9071016905 47.2663415285 46.948475218 47.0461330604 46.871888046 46.8288561027 46.875867291 46.8165623778 46.989984645 46.3484224765 46.1998288503 46.291971313 46.4567073657 46.4327491526 46.4641824146 46.6472105372 46.0723475923 46.9000310273 47.1764484874 46.5732919168 47.019860284 46.300728144 46.7160480064 46.771588787 47.320119224 46.5138320475 46.1485245757 46.4716767731 46.4189719717 47.1727421001 46.2282944558 47.0143007353 46.8434275484 47.4125286328 46.0549632095 46.6174467601 46.5875188307
46.0222032346 46.5292805438 46.9107111391 47.1128693307 46.3073487767 46.9302873293 46.5207202034 46.4987398668 46.7486636389 47.0449930248 46.4340594118 46.7339250339 64.3068193215 76.3600267479 76.3600267479 46.0789994201 46.9166710845 46.0130171585 47.2521723083 46.4620931255 46.1649189681 46.143268764 46.2120072047 46.9943445004 46.7049094949 47.3195092834 46.5195092257 46.6453229286 47.3977045305 46.0078222437 47.3673899536 47.1370892744 47.2676047454 46.1376690378 47.191169944 46.4864045753 47.2011222817 47.1585905332 46.5765715999 47.183877249 46.5704755752 47.3191734268 47.0862138353 47.3876652162 46.8869134466 46.130598352 47.29347955 46.2631189228 46.8947587972 47.0312080039 47.3630870936 46.8463169029 46.3349176101
47.1086250241 46.0095737185 46.8349736877 46.1252288177 46.0284515435 47.4085048499 47.2574260088 47.3653692557 46.5260393605 46.751159787 46.6877840925 47.1118137789 46.0594784262 76.3600267479 76.3600267479 65.6543636664 47.0898481278 46.869915699 47.0085229091 47.2863701727 47.1805288767 47.0395415693 46.3360158661 46.3165067767 46.2931868459 46.4199313046 47.1689759131 47.1654555147 47.3873215839 46.1941697261 46.3289188574 47.0632856607 46.4612136917 57.2779580147 46.9151590777 46.6524689865 46.9127111851 46.4044076296 47.0473622677 46.7307309869 46.8622247455 46.2705270146 46.5997882664 47.0967086635 46.1004328061 46.1821831221 47.0105240433 46.9712713207 46.2623797149 46.9798232357 46.7590646282 47.2356658958 46.5561610156
46.717323466 46.7430073096 46.5437746053 46.5308756545 47.3338656053 46.2185053484 46.2178103618 46.3404377124 46.2184506519 46.817112801 46.7923497602 46.5738499864 46.3724249601 65.6543636664 65.6543636664 65.6543636664 46.7231363094 46.1049508667 46.6821626457 46.5273278985 46.9306472472 47.118761834 46.3945725885 91.7997502129 92.3581216211 46.61593703 46.8239538555 46.5777136365 47.3280670963 46.7469383071 46.0226972363 47.3192134275 46.6558529592 57.2779580147 46.2112263497 46.5163408621 47.2752406993 46.079977541 46.1594263399 46.164932808 47.1795317804 47.0555475368 46.1289106722 46.7554698695 46.3461857498 46.3533326788 47.0374488355 46.0350729221 47.3350116843 46.0930380209 46.1633018489 47.218857275 64.5666614176
46.2974464709 46.9945673186 46.836411905 46.7870201072 46.1042271888 46.4875788153 46.8045541956 46.8756589055 46.3412899734 47.2209105472 46.0869174167 46.5962694484 47.0661986006 47.0982628057 47.2316126729 46.098095083 46.9430752641 46.2670839103 46.6466746979 46.9172804092 46.2496575715 46.2709358884 46.201424581 91.7997502129 91.7997502129 46.7995154519 47.354777457 47.0215651385 47.0075868189 46.7223742409 46.7126445762 46.3957863743 63.4870924105 47.2873212424 46.226605308 46.7783458737 46.9039497784 46.7491003647 47.0198678052 47.141552508 46.0749383402 46.3666475793 46.4465426194 47.0835652457 46.3765499183 46.0020413465 46.6777028699 46.1380976993 46.3875282133 47.257797738 46.6020892891 47.2792386133 62.0540712646
46.4557301959 47.1931531046 46.8534977075 46.7282649875 46.4638141487 46.1843353664 46.1313410945 47.0854038076 46.8209602195 47.1580609138 46.3119204268 46.5456998518 47.0994914328 47.308833244 46.8712045684 46.2656975068 46.5596307166 46.0252806546 47.2400762352 46.6644010777 46.647459295 46.0446934222 46.6327760183 46.4023518012 46.9126911331 46.1437705053 46.1405300515 47.1567897632 46.6950543812 47.0048601033 46.1203643698 46.4045857289 47.088247163 46.79307586 46.113492093 47.0792318166 46.9555292361 47.1662427967 47.0104505816 46.7337102823 46.6180655325 47.2969220387 46.2200410846 46.6477651629 46.7340923034 46.674122774 46.5370916714 46.6468787277 47.3265913961 47.353273034 46.5637440318 47.3849657087 64.1719848659
47.0769009752 46.5678537013 47.2281304342 46.2500372142 46.1584511575 47.1061266806 46.3061151859 46.7693202439 46.6730967009 46.3535697496 46.8481573931 46.8029519777 46.7333061367 46.9576301834 46.1936796135 47.3787818124 46.8487919612 46.2815176934 46.8808099364 46.7111546919 46.3368147977 47.1544181565 46.5030639755 46.5220546694 47.1063389583 47.0441782543 47.1415024644 46.243040974 46.2847733666 46.535302342 47.0831591131 46.7926721027 47.2992519939 46.689826097 46.0482856123 46.6337441702 47.0971725348 47.2621855047 46.0079382284 47.1747339581 46.233235526 46.6866255552 46.5798669297 46.1954533733 47.3987635223 46.3218455393 46.8516569621 47.3574354487 46.3276228507 46.2598182126 47.0185532643 46.3282695163 46.3967757857
47.1613919263 46.0572466344 47.0250925138 47.2216696373 46.8984930515 46.1557153955 46.0814534905 46.8705316744 46.9836733777 47.2122505315 46.1349839627 46.2220969653 46.9357389464 46.590229513 46.3663296501 46.3642151539 46.1346869789 47.1007228286 46.2459032522 47.2878577632 47.2967041071 47.3565425516 47.325446453 47.3850897838 46.6473530579 46.6168795758 46.3272023622 46.0590604242 46.8473525214 47.3485159359 46.3194209234 47.1389318878 46.6174929991 47.2710894213 46.0282563653 46.1169120163 46.536242786 46.4296834439 46.575873617 46.5473832817 46.2848195682 46.4043758562 47.2151717235 46.6814022773 46.4611987917 46.0537351636 46.8178133304 47.3085287212 46.7599866592 46.4343470597 46.1526761792 46.1457439499 89.8048266343
46.0749842685 47.0335729792 46.7026858078 47.0264768402 46.9336498284 46.957684953 46.4020776597 47.3755123896 46.2419031398 46.6725936543 47.2263991139 47.1283817992 47.1722750307 46.9156049089 46.9524440485 47.3956405299 46.4077866104 46.207803321 46.81333008 47.1452876767 47.0572684955 46.4015086357 47.3036525198 46.8855407757 46.2424345133 46.6220188068 46.6117108637 46.0509916649 46.7035762686 46.2262528473 47.4006856331 46.0943131802 46.5132515932 46.0698823834 46.0161373693 47.3484477207 46.021305578 46.3259709788 46.0996311642 46.7628574627 46.7468190529 47.2896499176 46.4166108494 46.5272310283 46.9039079948 46.1300360526 46.4166039777 47.3225516721 46.217518539 47.2743447188 46.4834423429 46.0771969686 70.4200328216
46.1135354173 46.7733315527 47.3632846949 46.5784841748 47.1290054616 46.8330337629 47.0140133541 46.2937209649 46.9604289288 46.2821452664 46.0383596883 46.600484173 46.3320853868 46.6536530849 46.9426983125 46.0919927214 47.0228394301 46.6866258427 46.2395830489 46.2578298266 46.8492078051 47.2335867137 47.1445949185 46.663171326 46.4972591315 46.5049439744 47.2547259538 47.115890748 46.7392825937 46.4830244129 46.7094633022 46.6287845504 46.4434759107 47.0630054406 46.5697942108 46.4318972357 46.0881221544 46.8145601956 47.3992994809 46.5461829992 46.5914780649 46.2600257945 46.7655705405 46.1068070753 46.5148198109 46.7305285641 46.125216995 46.9921523888 46.9867048235 46.9316186943 47.2929404261 46.0844122356 47.2397141924
46.5395900013 46.9603564709 46.7888467285 46.3075733501 47.4097103213 47.0228902254 46.1800276051 46.4175806483 47.1746239346 46.3906357646 46.5029305093 47.0931785288 47.2840040742 46.071045717 47.4123771209 46.896101284 46.6017829663 47.2683223251 46.3873616239 46.6926427347 47.0759267445 47.2820826049 46.8228742848 46.7067089133 46.4022393057 46.5667953937 46.1996381291 46.3564954735 46.828107875 46.4529632039 46.3246651098 47.2290011192 47.2460051095 47.0894849736 47.0816810743 46.7834066304 47.3312498998 47.2837036878 46.829969944 47.2498985926 46.6891391127 46.4508911576 46.8018230153 46.5545976011 46.2566440829 46.6614049936 46.9570408082 46.0562203312 46.8048613376 46.9792765025 46.6962212783 46.5804376158 47.0147923719
46.4923895803 46.4787346284 46.5687619969 46.4341071272 46.1016022004 47.2410477476 46.575281528 46.8292361169 47.3857969191 46.3072635155 47.1289079067 46.9980084586 47.0283416338 46.2080761701 46.9917128849 47.2597049175 46.6916464707 47.2260158482 46.6747324205 47.2884063837 47.0470483381 46.1398054088 47.2782399049 46.4310340462 46.1169423517 46.8075174181 46.7325944352 47.3051479909 46.641290793 46.131396246 46.2958437415 46.7127144216 46.679951825 46.8856497469 46.1926872889 46.3538801476 46.1819526201 46.3980026124 46.2045034475 46.5203338654 46.3131813247 46.8524319233 47.0956891639 47.1940628076 47.2162636104 47.4086500089 46.8038222734 46.9517660671 47.3489765258 47.0703297482 46.5795091311 47.2397216311 62.138164609
46.7735375849 46.1400155553 46.8112674523 47.0476906068 47.4010468958 46.0259938411 46.6406996842 46.3105240503 46.1676424926 46.9006954889 46.7280343448 47.41215343 46.0436664984 46.5412997106 46.8604527966 47.1457954844 46.6013544441 47.0462711349 46.9771109708 47.2014431757 47.0062567794 47.2714615015 46.5685817317 47.2353219218 47.1060415724 46.7051982258 46.8186407202 56.0275640003 56.0275640003 55.3355476738 46.0241347354 47.0451694683 54.3154425198 73.500885432 79.5009693327 46.7862491205 46.8438340568 46.3517274629 46.1717570474 47.2773289042 46.2762748537 46.5225266797 46.1011100498 46.0098778693 46.9611063626 46.2854981753 46.3771067799 46.6561172178 46.8717113945 47.2126540061 46.6129033522 67.7687859085 67.7687859085
46.2481356577 46.0907307515 46.6148853572 47.3003186772 46.5398547847 46.3645648102 46.6725436586 46.2757463571 46.0579394678 46.3698841563 47.1265685726 46.7859864113 47.121094904 46.9070886342 46.0139240079 47.4053538247 47.1352314651 46.5083570824 46.0372601037 46.7345143523 47.0634136869 47.309769562 47.0362007249 47.3962690468 47.154250949 46.4814625558 46.5905059863 56.0275640003 56.0275640003 56.0275640003 46.0283102315 54.3154425198 54.3154425198 46.0480346492 63.9081443745 46.0943404469 46.9940758273 47.1635702848 47.3118078027 47.3659463004 46.7808963062 46.0924745427 46.2433876935 46.303707817 46.5647935638 46.2124989559 46.9304832744 46.004916899 46.3912953016 46.9181104257 47.2415147783 67.7687859085 67.7687859085
47.1509945292 46.8625809996 46.5211188042 46.1415701401 47.0493278025 46.570539639 46.4553955536 47.3424311313 47.2328713398 46.894704823 46.2743067508 47.0263916217 46.0517484508 47.4139460706 46.7496648431 47.3849412236 46.533860282 46.7602649649 46.1676926534 46.9449346883 46.2914117823 46.9581838904 46.8101714743 47.0635282869 46.8355779127 47.331247223 46.6053488332 56.0275640003 56.0275640003 55.3355476738 55.3355476738 54.3154425198 54.3154425198 46.0710715791 46.9242105281 47.1703218235 47.0916769113 46.6675748056 47.3770251397 46.567335257 47.1803132196 46.8062332939 46.5091160931 46.7079163147 46.7094438275 46.8113316672 47.2845047402 47.2324292659 46.3779517637 46.8909337474 62.7218813121 46.1079882705 62.7218813121
46.9274805799 46.5367544342 46.4956850304 47.3125854022 47.3624089981 46.912977201 47.1918097184 46.2979595112 47.177594574 46.2032371984 46.8405870072 46.929616357 46.3456103082 47.0248539462 46.6578332915 46.3620534609 58.2385998101 46.6507207558 46.4788214119 46.0159471545 46.0055729341 47.0161685184 46.7447995045 46.5200416185 46.0131924813 46.78271727 46.3233586569 46.6577029819 46.6745355849 46.5195144683 47.4053099754 47.2189121149 46.7139546582 59.9906241261 46.2293272484 46.247330375 46.8781275777 46.9270170714 46.2227488555 46.368723756 46.8150019501 46.2853042757 46.8756727537 47.1935988847 47.0465475704 47.2773063643 46.9413755227 46.2338630104 46.8009701103 47.3769361348 85.845549226 86.6146653945 62.7218813121
46.2167541243 46.0197797578 46.4867960897 46.0214885438 46.9783249285 47.2287782296 46.464031652 47.0530999594 46.1302342249 46.4346256438 46.0395521299 47.2206890854 46.1505564161 46.4229735451 46.0929832747 46.1284858415 46.6132895102 46.741904709 46.8857999258 46.5753939536 46.2338062507 46.3452807967 46.5721136643 46.093759661 46.5268601911 47.1026495356 46.6071372364 46.59512544 47.3395739265 46.6910816995 47.1356588476 46.8877568235 59.9906241261 59.9906241261 59.9906241261 46.7790085755 47.3526118799 46.785581951 46.0399103579 47.1760240729 46.752050598 47.0331254872 46.3587741377 46.5061271799 47.2981754838 47.2444601046 46.886168174 47.2113182651 46.2413516014 46.9790335584 86.6146653945 86.1159795413 46.7985276888
46.7557002229 46.1586915768 46.5453802693 47.326899955 46.7263430988 46.6545920363 47.2961499355 47.1737423767 47.1223450159 46.195874891 47.1464178443 46.148095852 46.4968880292 47.2947547881 46.089192703 47.2532404291 47.0173190652 46.7303056354 46.4288718079 46.3560132944 47.345555126 47.0404814309 46.6551807274 47.1798020735 46.4455534685 47.2100388336 46.586602806 47.2761829614 46.1249841256 46.043523927 46.8319311944 47.2837763129 46.3405308383 76.364181613 46.7452162751 46.3819662893 46.2411750322 47.4060456321 47.0758612871 46.7048377988 47.0947385828 47.0777809915 46.0806227505 47.1519897737 46.7023776324 46.5396237505 47.3232541011 47.1798352465 47.133776988 46.9553887593 86.1159795413 66.2660873584 66.2660873584
46.9917884907 46.3791646976 46.6997036314 46.8516042141 46.884043304 47.3330615721 46.8978713335 46.0670650625 46.0235475911 46.6341989454 47.2935777939 46.3953847904 46.2949721229 47.1017230718 47.353660006 46.7278425925 46.1282233049 46.8650961918 47.3984770746 46.7561545187 46.068882201 46.350769877 47.2607864934 46.7281223171 47.0826307014 46.5570913515 46.270430559 46.5540975166 47.1524217513 46.200319422 46.1012103268 46.456162426 76.364181613 76.364181613 76.364181613 46.4267734812 46.5787788128 46.1702932671 47.1699676716 46.740361595 47.2487855264 46.5179951938 46.8040244574 46.8695989546 46.631418172 46.0514661822 46.7091195975 46.7977643878 46.0142055953 47.1630879692 66.2660873584 66.2660873584 66.2660873584
46.0479049181 46.7563458564 46.8219821942 46.9920637914 46.8265870176 46.30746749 46.3199982051 46.0497310724 46.0736687964 46.9901542916 46.8906465454 46.1683775316 46.7200134679 46.1063808668 47.2683426588 46.9688666965 47.0001743593 46.581421825 47.25124111 46.8959761168 46.5163035617 46.1101262706 46.4180141809 46.5794020285 46.2870910781 46.4793947458 46.6967567128 47.0628142344 47.0018338897 46.3302573445 46.0091290171 46.4471346783 47.1705819444 46.352203566 46.4259775802 46.6676817377 46.4633557514 46.627630486 46.3919720463 46.9614771401 46.8475345337 47.3951438117 46.2177935659 46.0177791068 46.321282546 46.0299681733 46.1012805322 46.5982619968 46.9331105585 47.1791453171 73.0377000289 73.0377000289 73.0377000289
46.6786174859 46.1095479027 47.1088212741 46.1802810815 46.2473175073 46.8381991171 46.2035289163 46.4897546183 46.0354020651 47.0848414739 46.6367973438 46.6443318015 47.1718496289 46.3998130763 46.3000811519 46.7816003173 46.8814451491 46.6805167484 47.2941167135 47.3706484617 46.2235266009 46.9012585452 46.7955636087 46.1517650179 46.8125334385 46.4428604287 47.2364947578 46.0371414727 47.2490596379 46.4958121086 47.369633498 46.8912073636 47.1659788816 46.843819533 46.4520576897 46.7985041639 47.2874339218 47.1952867613 46.8176553333 46.1144076043 46.0216477344 46.3233965889 47.3963771323 47.2942507975 47.3916676395 46.2635561127 46.3814290162 46.2360035878 46.6548176485 47.1430097773 69.8060725416 73.0377000289 69.8060725416
