Spatial_Output/BAU/BAU_1185.asc
NCOLS 155
NROWS 192
XLLCORNER 196307.867259
YLLCORNER 449144.565805
CELLSIZE 33.573938
NODATA_VALUE NaN
[rows 75 to 99 of 192, columns 0 to 55 of 155]
69.2314019752 45.4291857032 43.2357644943 43.2357644943 43.3590544435 43.3590544435 58.1193782535 58.1193782535 43.1493072925 43.1493072925 43.0017820988 54.4132794622 27.573971331 27.6075849174 27.7653443247 27.6381396436 27.720484529 27.7615563561 28.0988585767 27.5003176165 28.0203127176 27.5297656907 27.9664269687 27.9246159535 28.0631123401 27.8060629344 28.0802991373 54.9454280427 56.7622549991 56.7622549991 56.7622549991 28.0913203274 27.5641079778 27.5011640773 27.888557221 27.7516324762 58.5457758132 58.5457758132 54.9712839177 27.7311494329 47.9497153366 50.1772649058 47.9497153366 47.9497153366 27.7381024823 27.9822181541 27.8518831961 56.4025853117 56.4025853117 56.4025853117 27.6598767605 28.1142845786 27.6912835697 27.6858385709 27.9167947897 57.9325986484
0 45.4291857032 43.2357644943 43.2357644943 43.3590544435 43.3590544435 58.1193782535 43.1493072925 43.1493072925 43.0017820988 43.0017820988 43.2710678794 27.7604565515 27.7502838356 28.108948643 27.94290875 27.5193029978 27.514868696 27.9356382665 27.7766012965 27.8822498165 28.175180023 28.1944825691 27.8965163879 28.2012909136 27.8453784904 27.6702659125 27.7256815525 50.5304306388 50.5304306388 27.9261850727 27.8308227639 27.8158480019 28.0610307632 28.1839804203 27.6535105781 54.9712839177 54.9712839177 54.9712839177 28.1923302984 48.1124772422 47.9497153366 47.9497153366 48.1124772422 27.9035658908 28.0675144356 28.0688408702 27.6908704834 27.7285847188 27.5354915033 28.0194035643 28.1858431317 28.1349960888 27.5357670235 27.5348794148 75.8903322685
0 0 68.9333533432 0 58.3068292644 43.7452679597 58.1193782535 44.7119450624 43.1493072925 59.9807727217 43.0017820988 55.2681097471 28.0977905381 27.9516365165 28.0701882017 28.1317734797 27.7656387598 28.2053048383 27.8962895139 27.7496116532 27.7556383073 27.7080052355 27.731716915 27.9703450808 28.0907067947 27.9946367086 28.117042484 50.5304306388 50.5304306388 50.5304306388 50.415001826 27.5044185634 60.4653026866 47.1778569744 40.2672010609 54.6471261807 39.4751839699 54.9712839177 84.6408827422 27.9135698653 52.4949000597 44.9290690084 44.9290690084 27.8561647162 28.0067352323 28.0841103391 27.5554536763 43.0349187267 43.0349187267 27.7380753202 28.0647937855 27.7482215147 27.5836290677 28.1093429106 75.8903322685 75.8903322685
0 0 0 0 43.7452679597 43.7452679597 44.7119450624 50.2615269702 43.9272737416 43.6663901563 44.3688634245 43.4996787868 73.1104034245 28.0519864702 27.9650097281 27.7473110936 27.5037306709 27.570805878 27.8363820878 27.9538758697 27.887091783 27.6743639951 28.0088125733 28.0661877664 27.8855445837 27.6209830503 27.6013993103 57.9534943232 47.5210135274 43.9865471677 60.4653026866 60.4653026866 60.4653026866 40.2672010609 40.2672010609 54.6471261807 54.6471261807 42.3967913239 73.2285171234 27.7688082438 80.4205560202 50.8256859332 44.9290690084 44.9290690084 27.7390823749 50.2914973589 27.8726491669 43.0349187267 46.1399649598 66.2467775519 56.3298754942 42.1975317202 28.081218741 27.8154595833 28.0690218058 75.8903322685
0 0 0 0 44.9185358791 43.7452679597 44.7119450624 50.2615269702 43.9272737416 43.6663901563 44.3688634245 43.4996787868 43.4996787868 28.00100215 27.6690948346 27.6890815811 27.5084719295 27.7778299867 27.6459737075 27.7677627302 27.7732773696 27.8005440364 27.5137172468 27.9149224391 28.1097933714 27.6257295828 28.1005647465 47.5210135274 47.5210135274 47.5210135274 50.415001826 60.4653026866 60.4653026866 40.2672010609 40.2672010609 54.6471261807 54.6471261807 73.2285171234 73.2285171234 41.8932242662 50.8256859332 50.8256859332 52.7556185273 53.6330939972 50.2914973589 50.2914973589 50.2914973589 46.1399649598 46.1399649598 56.3298754942 42.1975317202 42.1975317202 54.9177363406 27.9184777965 64.2804701308 61.7266868467
0 0 0 0 0 44.9185358791 0 0 60.3958482826 59.9807727217 52.498118026 62.365364434 52.8193304746 27.5584300303 27.8092189851 27.6591289047 27.6111925142 27.9357074903 28.1029923218 27.7066779521 27.5902843948 27.8768155637 27.8758607456 27.5112512883 27.7841376452 27.8737616384 43.7139168254 43.7139168254 57.9534943232 57.9534943232 27.9033191032 27.887451737 28.1505341296 28.0881244706 42.1269080258 57.8100598051 42.3967913239 39.2856342307 73.2285171234 59.4932668648 50.8256859332 50.8256859332 52.7556185273 54.1261372138 50.2914973589 50.2914973589 50.2914973589 46.1399649598 46.1399649598 62.8508639481 56.3298754942 42.1975317202 54.9177363406 46.772704288 56.5122578728 64.2804701308
0 0 0 0 0 0 0 0 0 0 0 0 0 0 27.6533400774 27.9192253699 28.0405000144 28.1831096485 27.6100091554 27.8712161131 27.8711699374 27.6400661315 27.8559279546 27.8202689906 27.5209740357 27.7140754448 51.4873637851 43.7139168254 43.7139168254 56.3022988934 27.8215286789 27.774930074 27.9483241374 27.5413507786 27.9166049517 27.957591008 28.1009130861 27.741470111 27.9229090426 27.6735704362 28.144220007 52.7556185273 27.8523133193 39.3122976807 28.1141573722 53.515952378 59.5781645514 59.5781645514 38.6756854144 49.6709597982 55.765643503 27.6139285277 27.6837098514 27.5100206692 28.1662479222 28.0531627803
0 0 0 0 0 0 0 0 0 0 0 0 0 0 27.7717982408 27.5304890419 27.6324969997 28.1679424068 27.9345040922 27.9012577474 27.9927864259 27.8640274618 27.5086053233 45.7644961027 47.6238288978 47.6238288978 52.3501205895 27.9786641911 27.6910534558 28.1344265347 27.9297437262 27.7124997324 27.6075053784 27.7787843912 27.7827694715 27.7962194741 27.7041947117 27.6728364843 27.58094008 28.1407180898 27.7058816909 52.4337788149 27.8411483911 27.9298533102 28.0516791172 27.8930169874 28.1185498434 52.0498933788 49.6709597982 49.6709597982 49.6709597982 28.1519419359 27.7521449111 28.1615898631 27.8350573679 27.5231533826
0 0 0 0 0 0 0 0 0 0 0 0 0 0 27.8655658308 27.9881556691 27.6649524651 27.9051682824 27.776838212 27.7198331063 64.6323348916 57.6765499856 47.8389688975 45.7644961027 45.7644961027 47.6238288978 52.3501205895 27.8272721714 27.9605613889 27.6163435384 27.5323726447 27.5925636286 28.1315711232 27.6475246229 27.837807722 27.9310257299 27.987991742 27.6527709477 28.2026488504 27.6150108075 47.5820684356 47.5820684356 47.5820684356 27.8308595291 28.1798090456 28.1925758175 28.0693098942 52.0498933788 62.8867989167 49.6287416103 49.6287416103 27.8434205604 28.0797019399 27.5878342227 27.9012095082 27.879785438
0 0 0 0 0 0 0 0 0 0 0 0 0 0 27.9948569203 28.1859117026 27.7626890694 27.9586936834 42.7320569649 42.7320569649 75.0060171023 46.6480188417 45.7644961027 45.7644961027 45.7644961027 27.9769077449 27.7792706565 27.7503759861 27.7863059472 28.1306187588 27.5051865467 27.8310106416 27.5023520937 28.1495722874 28.0812602188 27.6162919208 27.9500966714 27.9206507877 27.7992910227 28.1497408674 47.5820684356 47.5820684356 47.5820684356 28.148664273 27.8437785016 28.1690826709 27.8348947632 62.8867989167 49.6287416103 48.6043506197 48.6043506197 28.0667415597 28.1213850145 27.6736690591 28.1743455608 27.7874430742
0 0 0 0 0 0 0 0 0 0 0 0 0 0 27.9883877446 28.1385887478 28.1232302091 45.6159609878 42.7320569649 42.7320569649 42.7320569649 46.6480188417 47.8389688975 47.8389688975 28.1845575684 27.7977252653 27.7603602463 28.1529082273 27.6861118898 28.0016129306 27.8150602226 27.9750827752 27.9361233925 27.6619208606 27.713615371 27.803439487 28.0415012101 27.6963287847 27.7485803241 28.1738481499 47.4982766637 47.5820684356 27.6458134066 28.1828339685 27.6441304559 27.7754424642 27.6172651342 51.4158465188 48.6043506197 48.6043506197 48.6043506197 27.5922377582 27.7585995686 28.1961214442 27.6907363934 27.563960192
0 0 0 0 0 0 0 0 0 0 0 0 0 0 27.500684713 27.5064422164 27.997739925 50.4873098915 45.6159609878 42.7320569649 75.0060171023 27.9710347994 27.7571929524 28.0310099271 28.039233457 27.6120715437 27.9456650202 28.041872183 27.6904927133 28.1555771359 27.5331542114 27.5282958253 28.0808548906 28.101785646 28.0796661541 28.0264778091 28.0668884995 27.7980719141 27.6645975325 27.7466754746 49.6527851359 49.6527851359 49.6527851359 27.5581840639 27.6268299438 27.9774182234 27.9864160758 38.7409302046 38.7409302046 38.7409302046 75.5345199792 27.8319429287 27.7808399927 27.5070674344 28.0931352913 28.1025156905
0 0 0 0 0 0 0 0 0 0 0 0 0 0 0 28.172164254 55.3757046218 52.1182751959 66.7541043873 45.6159609878 27.7384333683 27.842253359 27.7933858162 28.0551872575 27.5213737295 27.5850493242 28.1609278245 27.9627951037 28.1086224077 27.801221782 27.9478362247 27.7115972142 28.0917415491 27.8914312338 27.7202088869 27.5469883818 27.5433576608 27.5921533655 27.9882891033 28.141956269 60.7631293669 49.6527851359 60.7631293669 28.1791064464 27.8060703728 27.7458812533 28.074703604 38.7409302046 38.7409302046 38.7409302046 58.5489793795 27.950192492 27.8897103162 27.7616048844 28.0070277887 27.8526309952
0 0 0 0 0 0 0 0 0 0 0 0 0 0 0 57.7150355612 37.9813886854 52.1182751959 52.1182751959 27.9161701188 28.0700085012 28.0700433493 27.974783993 28.008805851 27.5941201235 28.1909584682 27.8886980924 27.9517592896 28.0543681203 27.9611310482 27.7512746934 27.8674732664 27.8537744134 28.1928133982 27.7550386514 28.0141074719 27.8846677654 28.1830092407 27.8544418671 27.9726037629 27.7264860876 50.7577233714 50.7577233714 28.0332783722 27.8652138304 27.5183166178 27.8906391341 82.564700632 38.7409302046 82.564700632 27.8552398116 55.3350027805 28.0374875677 27.6571956901 27.5469032634 27.655363914
0 0 0 0 0 0 0 0 0 0 0 0 0 55.2546119818 60.9400371261 47.3106966011 47.3106966011 37.9813886854 57.9162914577 28.0846123365 27.7936553366 28.1735318067 28.1195295907 27.9883007406 28.1669756416 27.7172666497 28.1248694766 28.001560474 27.9719272831 28.0546049105 27.6303181078 27.7527657873 27.9711315567 27.8053260452 27.9126466352 28.1377123771 27.8558711987 28.0116675852 28.1537880174 27.6841243098 50.7577233714 50.7577233714 50.7577233714 28.1214243676 27.7185416636 27.5619176841 27.9769230323 67.4717762031 82.564700632 50.5786305659 50.5786305659 27.5669789397 28.1933009767 27.6063518943 27.6844643433 27.8487774573
0 0 0 0 0 0 0 0 0 0 0 0 69.8602540477 69.8602540477 69.8602540477 47.3106966011 47.3106966011 57.7150355612 27.7870009013 28.1489636593 27.8877523256 27.6608636486 27.5197286968 27.8765594305 28.2009120154 27.6724546466 27.8011035046 27.800138397 28.0126199766 27.8992944299 28.0332425939 27.8254011673 27.7660755859 27.5623877743 27.9126946425 27.8645258802 27.5448069126 27.8994197683 28.0975311582 27.5127407161 27.794795713 50.7577233714 28.0415767889 27.5859203676 27.7040123274 27.9353280656 27.7863696608 56.3220794595 50.5786305659 50.5786305659 50.5786305659 27.7261516711 27.6038381572 28.0136123154 27.5666940771 27.9443294205
0 0 0 0 0 0 0 0 0 0 0 53.0230016906 22.9357856242 69.8602540477 70.9594588008 70.9594588008 60.9400371261 0 0 27.8610850283 27.9729322753 27.5877701372 28.0270626059 28.2051849025 27.7007834359 27.9599377642 28.1124460348 27.859253886 27.6543763527 27.6450697151 27.9717673212 27.6583762583 28.2019148145 28.1449208996 27.8249917374 27.5424578515 28.2067967411 27.9889831973 27.6930310644 27.9970976276 27.9696365994 28.0622806636 27.7105089467 28.185917965 27.5130941437 27.938388394 27.5881394185 56.3220794595 54.3395804572 54.3395804572 54.3395804572 27.9369039189 28.1441355147 27.6041132343 27.5311032961 28.1788988358
0 0 0 0 0 0 0 0 0 0 56.8006358188 32.9068527181 56.8726139433 69.8602540477 50.6238002981 62.2826461442 0 0 0 27.7663974884 28.2068721851 28.1799863344 27.9448447342 27.7229174267 27.7916656519 28.1758529488 27.9029983194 27.6712049394 27.7958710233 28.0227806828 28.0229596271 28.0458233088 27.9574122403 27.5412029378 27.5905495895 27.9094723357 27.6446009101 28.1208671 28.2013179801 27.5415802347 27.8681642152 27.8386377874 28.0762793418 27.567901916 27.6850999474 27.6592881264 28.1364651705 62.3813580901 59.3098638339 59.3098638339 59.3098638339 59.3098638339 28.0378230331 27.7357475881 28.10455208 27.9228226661
0 0 0 0 0 0 0 0 0 50.1121363676 56.9109009515 32.9068527181 32.9068527181 56.8726139433 0 0 0 0 0 0 28.0547574198 28.2011910026 27.7480889633 28.1587938392 27.799769939 28.0822261867 27.5385453117 28.0420599502 27.9475669127 27.8426674566 27.7709388843 27.7630588334 28.0859157517 27.8115090926 27.7339983898 27.5908064262 28.2016708027 27.7902434166 27.7858602305 27.8981438166 28.0561774366 27.8541028171 27.544105363 27.6590969563 27.758727514 27.9206598268 27.9546913169 52.6917071669 64.8619079119 47.8008737428 47.8008737428 54.8260798687 27.5902789548 28.1717817042 28.0552185154 27.9053167338
0 0 0 0 0 0 0 0 56.8934725666 56.8934725666 32.9068527181 32.9068527181 32.9068527181 0 0 0 0 0 0 0 0 0 27.984375314 27.9276503876 28.0463288378 28.2024646178 27.5490996809 27.9162534663 27.6645763551 27.6021575314 28.0960045875 28.1714699436 28.1010237938 28.0675417327 27.6177991001 27.6215465751 27.6634794943 27.6270539413 27.9135764513 27.8294987387 27.7860257135 28.0863331077 27.9692500151 28.1577335 27.935471175 27.6085127034 27.7553144289 64.8619079119 64.8619079119 64.8619079119 47.8008737428 28.0819245394 28.1416115933 27.9857948482 28.0236148821 27.9413344073
0 0 0 0 0 0 0 47.6932804037 56.8934725666 56.8934725666 50.1121363676 50.1121363676 0 0 0 0 0 0 0 0 0 0 27.9320419154 27.6096587121 27.5160039101 28.1368401267 28.1219148063 27.8210638712 28.1648878854 27.682927874 28.0252444059 27.5151778832 27.6321878028 27.5925793831 27.6785005136 28.0432557958 27.7031164921 27.8542432168 28.085304188 28.0619086921 27.8975028489 27.7338072848 27.5421878567 27.6437244379 27.9487716291 27.6893801483 27.7828500343 42.0021671285 45.5418175789 46.8914273228 46.8914273228 47.1581951856 27.8927769605 27.7087678778 27.6260193318 28.1146884689
0 0 0 0 0 0 47.6932804037 47.6932804037 56.8934725666 56.8934725666 56.8934725666 0 0 0 0 0 0 0 56.5999185671 0 56.5999185671 28.1317180598 28.2061055471 28.019582042 27.926699675 27.7602967675 27.8375788688 28.0221076145 27.7469543106 27.7714402964 27.6414154409 27.8433308643 27.9427809936 28.1380626092 27.5285147978 28.0863649408 49.4285040832 27.5113963359 27.9172052363 27.659041912 28.088003974 28.2030405197 28.036995713 27.8949206206 27.5766595285 27.6515864745 28.1832900016 45.5418175789 45.5418175789 45.5418175789 46.8914273228 41.4662425594 27.6079050205 36.5044124884 49.2737201727 40.3605269814
0 0 0 0 0 42.4616432375 47.6932804037 47.6932804037 47.6932804037 0 0 0 0 0 0 0 0 56.5999185671 56.5999185671 56.5999185671 27.9272304311 27.5489133116 27.7026341982 27.6473869163 27.6986401291 27.7063466663 28.0882222941 27.901332078 28.0231187802 27.7555738334 27.73995763 27.976083751 27.5041805844 57.9857440024 56.9442714717 58.3128814247 49.4285040832 49.4285040832 27.8524786298 50.0833886405 50.0833886405 61.3918254222 61.3918254222 47.6280285258 56.1792763365 66.4181312926 66.4181312926 50.894005174 45.9150658568 43.6290650312 44.0751714017 51.5746749453 61.7514342734 36.5044124884 36.5044124884 49.2737201727
0 0 0 0 0 42.4616432375 42.4616432375 42.4616432375 47.6932804037 0 0 0 0 0 0 0 0 56.5999185671 56.5999185671 27.6095600823 27.5102095352 27.600260166 27.7407076384 27.616456722 28.0937810563 27.8444219729 27.7569023104 27.7279907788 28.0521831966 27.6946890731 28.0445075215 28.122474696 50.2249854784 60.7904345786 60.7904345786 56.9442714717 49.4285040832 49.4285040832 46.8394684542 50.0833886405 50.0833886405 61.3918254222 61.3918254222 27.7978565541 66.4181312926 66.4181312926 66.4181312926 50.894005174 43.6290650312 43.6290650312 65.9741790037 41.4662425594 61.7514342734 36.5044124884 36.5044124884 49.2737201727
0 0 0 0 0 0 0 0 0 0 0 0 0 0 0 0 46.2433281802 46.2433281802 56.5999185671 47.1594175295 27.8689449249 28.0181765266 28.0586510031 27.7725894518 27.5850542804 27.8106244263 27.9922159253 27.7421100755 28.0331852218 27.5848987145 27.7639854037 27.7731398368 53.3088905245 53.3088905245 60.7904345786 56.9442714717 49.4285040832 27.9768831772 27.8629704026 46.8394684542 27.5181287767 47.7474772801 47.7290329434 27.6892157638 28.1951305179 66.4181312926 28.0886330197 50.894005174 45.9150658568 43.6290650312 43.6290650312 28.0614964556 28.0017736236 36.5044124884 49.2737201727 56.4390012195
