Spatial_Output/BAU/BAU_0927.asc
NCOLS 155
NROWS 192
XLLCORNER 196307.867259
YLLCORNER 449144.565805
CELLSIZE 33.573938
NODATA_VALUE NaN
[rows 108 to 143 of 192, columns 0 to 80 of 155]
0 0 0 0 0 0 0 0 0 0 0 0 0 0 0 0 0 0 0 0 0 0 0 30.6949916754 30.6949916754 30.6949916754 39.7746066647 42.1207062396 19 19 19 19 19 19 19 19 19 19 19 19 19 19 19 19 19 19 19 19 19 41.2599993649 41.2599993649 19 19 19 19 19 19 19 19 19 19 19 19 19 71.3818846438 74.5280245032 19 19 19 19 19 19 19 19 19 19 71.1633205779 71.1633205779 71.1633205779 19 19
0 0 0 0 0 0 0 0 0 0 0 0 0 0 0 0 0 0 0 0 0 0 0 50.37929478 50.37929478 0 0 0 19 19 19 19 19 19 19 19 19 19 19 19 19 19 19 19 19 19 19 19 58.4261649034 35.410194032 35.410194032 19 19 19 49.761202867 19 19 19 19 19 19 19 19 43.8886526744 69.8643006442 43.8886526744 19 19 19 19 19 19 19 19 19 19 71.1633205779 71.1633205779 19 19 19
0 0 0 0 0 0 0 0 0 0 0 0 0 0 0 0 0 0 0 0 0 0 50.37929478 50.37929478 50.37929478 0 0 0 0 19 19 19 19 19 19 19 19 19 19 19 19 19 19 19 19 19 19 19 19 35.410194032 19 19 19 19 19 49.761202867 19 41.1287471574 19 19 19 19 19 69.8643006442 69.8643006442 69.8643006442 19 19 19 51.6982059279 19 48.5005084189 19 63.489620972 63.9048065499 63.4377928069 63.9048065499 33.1789514362 39.5695714444 47.4479548376 47.4479548376
0 0 0 0 0 0 0 0 0 0 0 0 0 0 0 0 0 0 0 0 0 50.37929478 50.37929478 50.37929478 0 0 0 0 0 19 19 19 19 19 19 19 19 19 19 19 19 19 19 19 19 19 19 19 19 42.4030351761 19 19 19 19 19 19 19 41.1287471574 41.1287471574 41.1287471574 19 19 19 69.8643006442 69.8643006442 69.8643006442 38.818182061 19 51.6982059279 51.6982059279 48.5005084189 48.5005084189 63.489620972 63.489620972 63.9048065499 63.9048065499 33.1789514362 33.1789514362 47.4479548376 47.4479548376 47.4479548376
0 0 0 0 0 0 0 0 0 0 0 0 0 0 0 0 0 0 0 0 0 50.37929478 50.37929478 0 0 0 0 0 0 0 19 19 19 19 19 19 19 19 19 19 19 19 19 19 19 19 19 19 80.0655039907 42.4794892746 42.4794892746 19 19 19 19 19 19 41.1287471574 41.1287471574 41.1287471574 19 19 19 19 19 38.818182061 19 36.609655615 50.8532398315 51.6982059279 34.5199189763 48.5005084189 19 63.489620972 63.9048065499 19 63.9048065499 33.1789514362 39.5695714444 47.4479548376 47.4479548376
0 0 0 0 0 0 0 0 0 0 0 0 0 0 0 0 0 0 0 0 0 0 0 0 0 0 0 0 0 0 0 19 19 19 19 19 19 19 19 19 19 19 19 19 19 19 19 19 42.4794892746 42.4794892746 42.4794892746 64.9528959129 19 19 19 19 19 41.1287471574 19 19 19 19 19 44.2506748826 44.2506748826 19 19 19 19 19 19 19 19 19 19 19 62.2112179534 62.2112179534 62.2112179534 19 19
0 0 0 0 0 0 0 0 0 0 0 0 0 0 0 0 0 0 0 0 0 0 0 0 0 0 0 0 0 0 0 19 19 19 19 19 19 19 19 19 19 19 19 19 19 19 19 19 48.8530374488 19 19 19 19 19 19 19 19 19 19 19 19 19 19 44.2506748826 44.2506748826 19 19 19 19 19 19 19 19 19 19 19 62.2112179534 62.2112179534 60.7414839231 19 19
0 0 0 0 0 0 0 0 0 0 0 0 0 0 0 0 0 0 0 0 0 0 0 0 0 0 0 0 0 0 0 0 19 19 19 19 19 19 19 19 19 19 19 19 19 19 19 19 19 19 19 19 19 19 19 19 19 19 19 19 19 19 19 44.2506748826 44.2506748826 19 19 19 19 19 19 19 19 19 19 19 19 64.9450440747 19 50.4042623299 19
0 0 0 0 0 0 0 0 0 0 0 0 0 0 0 0 0 0 0 0 0 0 0 0 0 0 0 0 0 0 0 0 19 19 19 19 19 19 19 19 19 19 19 19 19 19 19 19 19 19 36.8071835791 19 19 19 19 19 19 19 19 19 19 19 19 19 19 19 19 19 19 19 19 19 19 19 19 19 64.9450440747 64.9450440747 64.9450440747 51.8427330786 19
0 0 0 0 0 0 0 0 0 0 0 0 0 0 0 0 0 0 0 0 0 0 0 0 0 0 0 0 0 0 0 0 0 19 19 19 19 19 19 19 19 19 19 19 19 19 19 19 19 19 19 19 41.4567064437 19 36.3848477836 83.2917492135 43.9504940882 55.3279244644 48.2765939374 48.2765939374 38.9103002805 19 19 19 19 19 19 19 19 19 19 19 19 19 19 19 64.9450440747 64.9450440747 64.9450440747 19 19
0 0 0 0 0 0 0 0 0 0 0 0 0 0 0 0 0 0 0 0 0 0 0 0 0 0 0 0 0 0 0 0 0 19 19 19 19 19 19 19 19 19 19 19 19 19 19 19 19 19 46.9133442964 19 41.4567064437 41.4567064437 83.2917492135 43.9504940882 55.3279244644 55.3279244644 55.3279244644 48.2765939374 38.9103002805 52.0891082684 52.0891082684 52.0891082684 55.4400416933 19 19 19 19 19 19 19 19 19 19 19 19 36.5904540514 51.8427330786 36.5904540514 19
0 0 0 0 0 0 0 0 0 0 0 0 0 0 0 0 0 0 0 0 0 0 0 0 0 0 0 0 0 0 0 0 0 0 19 19 19 19 19 19 19 19 19 53.0241976525 53.0241976525 53.0241976525 19 19 19 19 19 19 41.4567064437 41.4567064437 36.3848477836 43.9504940882 43.9504940882 55.3279244644 48.2765939374 43.0227541418 38.9103002805 38.9103002805 52.0891082684 52.0891082684 60.3852768977 19 19 19 19 19 19 19 19 19 19 19 19 36.5904540514 19 19 19
0 0 0 0 0 0 0 0 0 0 0 0 0 0 0 0 0 0 0 0 0 0 0 0 0 0 0 0 0 0 0 0 0 0 0 19 19 19 19 19 19 38.1846130182 19 53.0241976525 53.0241976525 19 19 19 19 19 19 19 36.4276232395 19 34.3907349919 19 42.2664007201 42.2664007201 42.2664007201 19 19 48.5110826832 48.5110826832 48.5110826832 19 19 19 19 19 19 19 19 19 19 19 19 19 19 19 19 19
0 0 0 0 0 0 0 0 0 0 0 0 0 0 0 0 0 0 0 0 0 0 0 0 0 0 0 0 0 0 0 0 0 0 0 19 19 19 45.1487568853 19 51.9407958217 19 19 19 53.0241976525 19 19 19 19 19 19 19 19 19 19 19 42.2664007201 42.2664007201 50.0524859695 50.0524859695 19 48.5110826832 48.5110826832 48.5110826832 19 19 19 19 19 19 19 19 19 19 19 19 19 19 19 19 19
0 0 0 0 0 0 0 0 0 0 0 0 0 0 0 0 0 0 0 0 0 0 0 0 0 0 0 0 0 0 0 0 0 36.6976416792 47.6272260171 43.6984127257 19 19 45.1487568853 45.1487568853 19 51.9407958217 38.1846130182 19 19 19 47.3779288279 47.3779288279 47.3779288279 19 19 19 19 19 19 19 19 50.0524859695 50.0524859695 50.0524859695 51.7931831841 41.5837608588 51.7931831841 48.5110826832 19 19 19 19 19 19 19 19 19 19 19 19 19 19 19 19 53.415043295
0 0 0 0 0 0 0 0 0 0 0 0 0 0 0 0 0 0 0 0 0 0 0 0 0 0 0 0 0 0 50.3760559484 40.4301407631 30.3311425616 28.6841786925 37.0576366309 47.6272260171 19 19 45.1487568853 45.1487568853 19 19 19 19 19 19 44.6638569123 44.6638569123 44.6638569123 19 19 19 19 19 19 19 19 19 50.0524859695 50.0524859695 61.15942234 41.5837608588 41.5837608588 19 19 19 19 19 19 19 19 19 19 19 19 19 19 19 19 53.415043295 53.415043295
0 0 0 0 0 0 0 0 0 0 0 0 0 0 0 0 0 0 0 0 0 0 0 0 0 0 0 0 58.0115917969 62.5558646622 42.1741765039 50.1666644559 30.5535226979 32.9488287085 32.3093520622 47.6272260171 43.6984127257 19 19 19 19 19 19 19 19 19 51.9915146082 51.9915146082 19 19 19 19 19 19 19 19 19 19 36.3164363754 61.15942234 61.15942234 41.5837608588 41.5837608588 19 19 19 19 19 19 19 19 19 19 19 19 19 19 19 19 19 19
0 0 0 0 0 0 0 0 0 0 0 0 0 0 0 0 0 0 0 0 0 0 0 0 0 42.8988405735 50.6741216216 49.5871154865 62.5558646622 62.5558646622 42.1741765039 50.3760559484 30.6020524984 32.6760366691 37.573069146 54.7063549248 0 0 19 19 19 19 19 19 19 19 51.9915146082 51.9915146082 51.9915146082 19 19 19 19 19 19 19 19 19 34.909622236 19 47.9404283468 19 50.8740782336 19 19 19 19 19 19 19 19 19 19 19 19 19 19 19 19 19 19
0 0 0 0 0 0 0 0 0 0 0 0 0 0 0 0 0 0 0 0 0 0 0 0 0 42.8988405735 50.6741216216 49.5871154865 62.5558646622 62.5558646622 42.1741765039 50.3760559484 40.1334576828 45.1332057357 0 0 0 0 19 19 19 19 19 19 19 19 62.3239654074 19 19 19 19 19 19 19 53.1471446828 35.5786963274 45.2603886771 19 34.909622236 19 19 43.495102008 19 19 19 19 19 19 19 19 19 19 19 19 19 19 19 19 19 19 19
0 0 0 0 0 0 0 0 0 0 0 0 0 0 0 0 0 0 0 0 0 0 0 0 0 57.1963571753 42.8988405735 49.5871154865 49.5871154865 50.6089134352 0 0 0 0 0 0 0 0 0 19 19 19 19 19 19 44.3739223784 44.3739223784 44.3739223784 19 19 19 19 53.1471446828 53.1471446828 35.5786963274 35.5786963274 35.8690107038 19 19 19 45.5091513903 19 19 19 19 19 19 19 19 19 53.8042017685 19 19 19 19 19 19 19 19 19 19
0 0 0 0 0 0 0 0 0 0 0 0 0 0 0 0 0 0 0 0 0 0 0 0 0 0 0 0 0 0 0 0 0 0 0 0 0 0 0 0 19 19 19 19 43.0301004102 46.9914867865 44.3739223784 44.3739223784 19 19 45.9039809713 19 19 53.1471446828 35.5786963274 35.5786963274 45.2603886771 19 19 19 19 19 19 19 19 56.7054196124 45.8748259111 81.9869201952 19 34.5957289114 40.9525600471 40.9525600471 19 19 19 19 63.3116397083 19 19 19 19
0 0 0 0 0 0 0 0 0 0 0 0 0 0 0 0 0 0 0 0 0 0 0 0 0 0 0 0 0 0 0 0 0 0 0 0 0 0 0 0 0 19 19 19 19 49.2005814434 19 49.2005814434 45.9039809713 19 19 19 19 53.1471446828 19 19 19 19 19 19 19 54.3772524732 19 50.6821230886 19 56.7054196124 56.7054196124 45.8748259111 52.6679968999 34.5957289114 40.9525600471 40.9525600471 46.0908968256 46.0908968256 19 19 19 19 19 19 45.5424031293
0 0 0 0 0 0 0 0 0 0 0 0 0 0 0 0 0 0 0 0 0 0 0 0 0 0 0 0 0 0 0 0 0 0 0 0 0 0 0 0 0 19 19 19 19 49.2005814434 19 43.6101477533 19 19 19 19 19 19 19 19 19 19 19 19 53.5545178503 54.3772524732 54.3772524732 19 19 56.7054196124 45.8748259111 81.9869201952 52.6679968999 34.5957289114 40.9525600471 59.5795122736 19 19 19 19 19 19 19 19 19
0 0 0 0 0 0 0 0 0 0 0 0 0 0 0 0 0 0 0 0 0 0 0 0 0 0 0 0 0 0 0 0 0 0 0 0 0 0 0 0 0 0 19 19 19 19 43.6101477533 43.6101477533 19 19 19 19 19 19 19 19 19 19 19 19 19 54.3772524732 54.3772524732 19 19 19 19 19 19 19 19 19 19 19 19 19 19 19 19 19 19
0 0 0 0 0 0 0 0 0 0 0 0 0 0 0 0 0 0 0 0 0 0 0 0 0 0 0 0 0 0 0 0 0 0 0 0 0 0 0 0 0 0 0 19 19 19 19 43.6101477533 19 19 19 19 19 19 19 19 19 19 19 19 53.5545178503 53.5545178503 19 19 19 19 19 19 19 19 19 19 19 19 19 19 19 19 19 19 19
0 0 0 0 0 0 0 0 0 0 0 0 0 0 0 0 0 0 0 0 0 0 0 0 0 0 0 0 0 0 0 0 0 0 0 0 0 0 0 0 0 0 0 19 19 19 19 19 19 19 19 19 19 19 19 19 45.9785841712 19 19 37.6256762011 19 19 19 19 19 19 19 19 19 19 19 19 19 19 19 19 19 19 19 19 19
0 0 0 0 0 0 0 0 0 0 0 0 0 0 0 0 0 0 0 0 0 0 0 0 0 0 0 0 0 0 0 0 0 0 0 0 0 0 0 0 0 0 0 0 19 19 19 19 19 19 19 19 19 49.0721258787 49.0721258787 19 19 19 19 19 19 19 19 19 19 19 19 19 19 19 19 19 19 19 19 19 19 19 19 19 19
0 0 0 0 0 0 0 0 0 0 0 0 0 0 0 0 0 0 0 0 0 0 0 0 0 0 0 0 0 0 0 0 0 0 0 0 0 0 0 0 0 0 0 0 19 19 19 19 19 19 19 19 30.6689287979 30.6689287979 19 19 19 19 19 19 19 19 19 19 19 19 19 19 19 19 19 19 19 19 19 19 19 19 19 19 19
0 0 0 0 0 0 0 0 0 0 0 0 0 0 0 0 0 0 0 0 0 0 0 0 0 0 0 0 0 0 0 0 0 0 0 0 0 0 0 0 0 0 0 0 19 19 19 19 19 19 19 19 30.6689287979 30.6689287979 19 19 19 19 19 19 19 19 19 30.9197614478 30.9197614478 30.9197614478 19 19 19 19 19 19 19 19 19 19 19 19 19 19 19
0 0 0 0 0 0 0 0 0 0 0 0 0 0 0 0 0 0 0 0 0 0 0 0 0 0 0 0 0 0 0 0 0 0 0 0 0 0 0 0 0 0 0 0 0 19 19 19 19 19 47.2357206337 19 47.2357206337 19 19 19 19 19 19 19 19 19 19 19 30.9197614478 30.9197614478 19 19 19 19 19 19 19 19 19 19 19 19 19 19 19
0 0 0 0 0 0 0 0 0 0 0 0 0 0 0 0 0 0 0 0 0 0 0 0 0 0 0 0 0 0 0 0 0 0 0 0 0 0 0 0 0 0 0 0 0 19 19 19 19 19 19 19 19 19 19 19 19 19 19 19 19 19 19 19 19 50.1299912429 19 19 19 19 19 19 19 19 19 19 19 19 19 19 19
0 0 0 0 0 0 0 0 0 0 0 0 0 0 0 0 0 0 0 0 0 0 0 0 0 0 0 0 0 0 0 0 0 0 0 0 0 0 0 0 0 0 0 0 0 19 19 19 19 19 19 47.2357206337 19 19 19 19 19 19 19 19 19 19 19 19 19 19 43.3510874794 19 19 19 19 19 19 19 19 19 19 19 19 19 19
0 0 0 0 0 0 0 0 0 0 0 0 0 0 0 0 0 0 0 0 0 0 0 0 0 0 0 0 0 0 0 0 0 0 0 0 0 0 0 0 0 0 0 49.0233473424 41.8746315095 61.3331361187 19 19 19 19 19 19 19 19 19 19 19 19 19 19 19 19 19 19 19 46.8095847995 19 19 19 19 19 19 19 19 19 19 19 19 19 19 19
0 0 0 0 0 0 0 0 0 0 0 0 0 0 0 0 0 0 0 0 0 0 0 0 0 0 0 0 0 0 0 0 0 0 0 0 0 0 0 0 0 49.7799919651 62.0915716217 62.0915716217 62.0915716217 61.3331361187 19 19 19 19 19 19 19 19 19 19 19 19 19 19 19 19 19 19 46.8095847995 46.8095847995 46.8095847995 19 19 19 19 19 19 19 19 19 19 19 19 19 19
0 0 0 0 0 0 0 0 0 0 0 0 0 0 0 0 0 0 0 0 0 0 0 0 0 0 0 0 0 0 0 0 0 0 0 0 0 0 0 37.9252888101 44.5395591023 62.0915716217 62.0915716217 62.0915716217 62.0915716217 41.8746315095 19 19 19 19 19 19 19 19 19 19 19 19 19 19 19 19 19 19 44.0188696904 52.7273972017 44.0188696904 34.127557305 19 19 19 19 19 19 19 19 19 19 19 19 19
0 0 0 0 0 0 0 0 0 0 0 0 0 0 0 0 0 0 0 0 0 0 0 0 0 0 0 0 0 0 0 0 0 0 0 0 0 0 58.4284217325 58.4284217325 44.5395591023 62.0915716217 62.0915716217 61.3331361187 61.3331361187 0 0 19 19 19 19 19 19 19 19 19 19 19 19 19 19 19 19 19 52.7273972017 52.7273972017 52.7273972017 19 19 19 19 19 19 19 19 19 19 19 19 19 19
