Spatial_Output/BAU/BAU_0022.asc
NCOLS 155
NROWS 192
XLLCORNER 196307.867259
YLLCORNER 449144.565805
CELLSIZE 33.573938
NODATA_VALUE NaN
[rows 130 to 155 of 192, columns 57 to 113 of 155]
45.0926886886 45.1201865566 45.484668172 45.345053272 45.6405368648 45.9442763826 63.0313312136 73.4581296351 63.6414537833 71.1458753263 66.6886227681 67.7569572625 45.1062082355 45.9452741427 76.5735689192 45.568346638 46.2114911109 45.4538394876 45.357039511 46.2977680802 45.7785437777 45.9517745844 45.9377312803 45.1226655092 45.9004269274 45.440072458 45.9482600843 71.4541453261 46.2461506752 45.2469767843 46.1331665235 45.0379684221 46.0845917569 46.0312339134 45.381798608 45.733494344 45.0097845054 45.8764241222 46.0595610424 45.8023945249 46.0006267755 45.0060900908 45.1570817813 45.4532369741 45.4933427379 45.5886021185 46.1016472934 45.1340176707 45.4679784998 45.5380173338 45.2438026634 45.0372280656 45.2639149692 45.8048087902 46.2510657014 45.9918027001 45.1210211451
45.2613511968 80.4419687887 80.4419687887 80.6071582488 80.6071582488 70.0367154811 70.0367154811 70.0367154811 45.5231287016 45.4958556177 46.2441601439 45.245128536 45.7194571748 45.6394928131 46.1699338734 45.6132057929 45.4039173779 45.705275569 45.1913340694 45.6321553626 46.3083732496 45.9494211928 45.0890980337 45.8455511218 45.7520610451 46.1694098909 71.4541453261 71.4541453261 60.0569977445 46.3543157697 46.3853294672 45.9471721121 45.2731908124 45.0101332437 46.3538710498 46.1703479116 45.6711847468 45.8905086885 45.6016105795 45.4291080359 45.335290451 46.2443113992 45.9575970848 45.2373600353 46.247717205 45.1025618891 46.1414627999 45.7809064914 45.7877263014 45.3801041964 45.4947923368 45.5956845283 45.8964682039 45.3671188789 45.5357862512 46.1880883791 45.3886298064
45.2309191608 45.931999961 80.4419687887 80.4419687887 45.9084458573 70.0367154811 70.0367154811 70.0367154811 45.0576447918 46.1839084063 45.7036133106 45.8641288381 45.2173116517 45.3188157817 45.2839906541 45.4549107696 45.1191697639 45.4524777012 45.7290044196 45.2533428925 45.1048497157 45.0100414935 45.9962383679 45.1470202992 45.4299190886 46.104251965 71.4541453261 71.4541453261 60.0569977445 58.764853368 58.764853368 46.016478949 46.4012398165 46.1122678232 46.0303245983 45.5793780641 45.6002340139 45.8385147643 46.3128949523 46.1457018938 46.0101474893 46.0540839034 45.5080223627 45.2155978549 45.8882385846 46.3786396611 45.8847975009 45.5017775868 45.8600264172 46.3575493869 46.0224001476 45.1271379839 46.2774276917 45.8936584453 46.0832234582 46.4016883006 46.3517023673
45.2432793714 62.248026237 80.4419687887 46.0534010704 45.1676227296 45.2829549547 45.6632509834 46.3189670376 46.3039425159 45.8387114267 46.0111167452 45.9998398891 45.0607027453 45.337379315 45.9307224691 45.866793836 46.2357695632 45.2108193261 46.2047393732 45.1385557062 45.7743270015 46.0804216241 45.8340295399 45.0831791484 46.1904082516 45.9560513268 45.8329796778 45.0062471322 58.764853368 58.764853368 58.764853368 45.2268858331 45.0373301278 46.2676190339 45.623244318 45.3810625216 46.2555097858 45.5029519249 45.7943365682 46.00552818 46.2588056253 46.1102053157 45.8591061548 45.2048954385 45.2141828259 45.3900892249 46.1763076626 46.0397514791 45.9867886265 45.4661712839 46.1974180619 45.7531026154 45.6402211491 46.3636957782 45.8216338199 45.1094885407 45.2660904216
62.248026237 45.5422390606 45.3882693105 45.4939879354 45.2554984004 45.7675741628 45.1109853628 45.3111259485 45.5839717361 46.3066059117 45.2072887628 46.1868297216 46.270525733 46.3096905156 45.4793569419 45.888732203 45.2940182788 46.3199217537 45.3216030352 45.031199882 46.2660753745 45.0902911919 45.6931184935 45.3229019331 45.8935939159 45.9672003573 45.3545019135 46.4021774655 46.2616272196 45.2759956694 45.6216646456 63.1074679372 63.1074679372 45.766070311 45.8935657216 45.2128342435 45.3930965955 45.3417131637 45.8737699641 45.7723404688 45.833590387 46.3858421883 45.0698441866 45.7512196565 46.2325746032 45.6026161545 45.8091594991 46.1794158943 45.8253433981 45.5576920852 45.3067497777 46.2923550201 45.6448753944 45.6545501423 45.0291896662 45.8564078366 45.2455066896
45.3253535388 45.2102579799 45.0543294088 45.4189801274 45.0354285367 46.0029233114 45.4081075786 62.583393206 45.3901970153 45.2718840511 45.6020894979 45.8266636714 45.3468150236 45.874233167 45.3011474614 45.7114093734 45.2523109424 46.2157893812 46.0930093749 45.3029942476 45.7431600688 45.1765549314 45.5803866957 45.321933862 46.3461785301 45.5942785536 45.3558707672 45.4220351141 45.9302394054 46.0478616855 46.0201893244 63.1074679372 67.1727725257 45.5485374788 46.1536812039 45.0578316402 45.3027664798 45.5882292774 46.1693961532 45.5355242638 45.5277530816 46.265114349 45.6725208802 45.5317006781 45.845271552 45.8235231361 46.1151282006 46.2563218047 45.1621188593 46.153664229 45.1641522728 46.1324815374 46.0389584023 46.0370559076 46.3540324663 45.1619053071 46.3283434496
45.3993238451 45.7577743302 45.7249274568 45.5518223351 45.9013290102 45.5287268951 45.9630791801 59.841894092 59.841894092 59.841894092 45.657286183 45.8983793963 46.1653023273 46.3401504981 45.3142297481 45.6523887121 46.2994692093 45.9357473294 45.5105538393 46.254831415 45.005042432 45.2276993762 45.9441851171 45.1398032783 45.6556924935 46.1870328148 45.0178870683 45.229975462 45.7713994867 45.9032361038 45.0524034492 45.6368064039 45.7733613868 65.2110616853 46.3645396813 46.3690740743 45.4971407953 45.4500021501 45.8666068969 46.3070218821 46.1201787135 46.2795138846 45.6500662883 46.058019271 46.3686206571 46.3626877698 45.9053050306 45.0309571885 45.5284671806 45.1454792476 45.277908826 46.1119874026 45.411765558 45.2075938737 45.2802292676 45.5251277042 45.0366904366
45.1845097848 46.0617735379 45.4242653978 46.293556633 45.3313767821 45.3294054995 45.3437877456 59.841894092 59.841894092 45.4571663246 45.2095656546 45.3796887772 45.9774225252 46.0305760187 46.2213842631 45.6496913034 46.2377738899 45.081826044 45.3382276177 45.7944779552 45.7443037194 46.346565821 45.8200626368 46.0921824644 45.2882140766 46.1372533217 46.0824992528 45.7203282096 45.8691553848 45.0217859591 45.6405489641 45.463152228 45.4991214345 65.2110616853 45.5463356918 46.1979764869 45.050261121 45.3230144042 45.274655493 45.3177208519 46.1788397182 46.3845473495 45.9158571782 46.4131019621 45.6910029754 45.4276884819 45.9568784541 45.7925952189 46.0773782069 45.9488608157 46.3808454129 46.0116188411 45.1549923675 46.3269813011 46.1020307124 45.8085097289 45.9663763423
46.1075890984 46.4016446687 45.9556644107 45.4198224191 45.6942510786 46.2004440494 46.005055269 65.9463228167 65.9463228167 65.9463228167 45.3394062387 45.0307205659 45.6660709894 45.5290113289 46.3753945089 45.3695290774 45.2679844376 45.4075287069 46.2475844566 45.7552450492 46.2145605591 45.9950120473 46.0458859501 45.1869689306 45.179574463 46.1040163864 45.3408951488 45.9960925925 46.0712661253 45.4135709227 46.0106489376 45.8414508702 45.2433342969 45.577021298 46.3286325126 45.9485728332 45.625715374 45.4193499178 46.0113660882 45.571460826 46.191826528 46.0975444536 46.3090756121 45.1024484207 46.2263058043 45.3264597633 46.2676853208 46.097775343 45.7003925836 46.253796512 46.3207590595 45.5398333334 45.2749815983 45.2012201523 46.3360016296 45.5949093368 45.1211721154
46.0603670768 45.220573696 46.3574033955 46.2874923355 46.0610724388 46.3375834514 45.0863870404 61.3571142094 65.9463228167 65.9463228167 45.8055657032 45.6470870513 45.0998795266 45.9348680667 45.1106294222 45.1556093924 46.1455889895 45.1509369509 45.7564968024 45.649108373 46.3115782688 46.2507884253 45.6159469803 45.1654481894 45.2223750675 45.8119193504 45.4854943606 45.325420954 45.6783475227 45.0611924509 45.4345352956 63.4944020569 63.4944020569 63.4944020569 46.3780183502 45.5055104318 45.9093909739 45.4943673455 45.5431474234 45.1469827643 45.6180408758 45.4467585836 45.9703485336 46.3812055683 45.1661908424 45.9657281379 46.3179142605 45.3935548049 46.1182562132 45.8080675169 45.4259980076 45.7666798778 46.3647924051 45.6835978904 45.2144497379 46.1584812131 45.7461654738
45.7077423016 45.5129000198 45.9319885089 45.7869170325 45.6543605117 45.2879952309 45.6221701859 46.3582902255 46.4048573024 73.9763985794 46.2919896397 45.0253493077 45.9162740829 45.9599692403 45.0064020555 45.7767178473 45.2782998594 45.2496604523 45.5056806558 46.3650559906 45.8365568235 45.8395528266 45.4390953788 45.3875902145 46.180388866 45.9966883592 45.9050751678 45.460339646 46.0242693401 45.6592793554 45.0431102892 67.1357912362 63.4944020569 45.1041488501 45.0047608422 45.8764461932 45.4315507656 45.9347767009 45.50083912 45.8006206622 46.2999544554 45.5168723225 45.3068723594 45.570353 45.3945639605 45.8977708639 45.2674069047 45.275676407 45.6925390031 45.3221361574 45.6358139277 46.3381444069 45.6360749202 45.6285348296 45.0100324114 46.0986587094 45.9515116772
46.0625543715 45.0440734957 45.0369891228 45.8653820309 46.3374114831 46.1683811796 46.2845150633 77.8968444855 77.8968444855 77.8968444855 46.1551402106 45.2156858686 45.4166700557 46.0564926184 45.8177744348 45.2279510821 45.3312725693 45.2882658383 46.1133087761 46.0065917179 45.161700434 45.3093246998 45.5059665597 45.7210122844 45.2572869608 45.0986704798 45.5110696735 46.4101177654 46.0281406946 45.14041277 46.3703989261 45.6846984145 67.1357912362 67.1357912362 45.3749713219 45.291573821 45.204111135 45.2797263016 46.2190946993 45.5524466156 46.1515676347 46.1126149718 45.3280336608 45.301696179 45.8755683674 45.936073383 45.2555540292 45.4494139435 45.0498342395 45.6080740624 46.1636063117 45.5263952648 46.2655660771 45.8526134096 45.6803031371 45.5907704501 45.8424836418
45.7023701597 45.8659961377 45.0232325954 45.1143398349 46.1088585548 45.9145631826 45.3020602749 45.6021042043 77.8968444855 77.8968444855 45.4363182904 45.7821905842 46.0291275185 45.4365100632 45.9850783918 45.6844832842 46.2949622653 45.4985562745 46.0278475017 46.3556162466 45.0931276517 45.2467036613 45.5360922796 45.6023321408 46.2272783952 45.118573434 45.7447727076 45.4713591353 46.1986268437 45.1496304972 46.2256747702 45.2368617897 46.233810874 74.2797964084 45.8578354774 45.8792115548 45.6062975599 45.5856666034 45.423839567 46.2350482593 45.2498934557 45.6042174611 45.6786901769 45.7844814099 46.3275944053 46.4023832725 45.8819233004 45.4845594443 46.3125760807 45.1104167786 45.1557207226 45.7653857658 46.0863061002 45.7956092492 46.1277849 46.0238809123 45.6848258617
46.1029015144 45.6660332067 45.8231641238 45.5643897079 46.2743430387 46.2195332789 46.1790295347 46.0778732712 46.2828569806 45.3684091015 45.4604082149 45.9516921003 45.4195250965 46.0904939537 46.205858463 45.0191553563 45.3988298047 45.8797484598 45.1829199833 46.3414859916 45.2442795714 45.9364449199 46.2400091207 45.3388089432 45.5412806125 45.0004621206 45.5702592489 45.9697737648 45.7641100584 45.8056058778 45.9465815236 46.0292383756 45.5591515617 45.7981011966 45.1277260926 45.5753520165 45.3041901854 45.7957487571 46.3250230095 46.1530772755 45.8904709408 45.0451806243 45.3042379934 46.0840653569 45.8140523536 45.8906989228 45.1427512828 45.2602993171 45.3220804786 45.2815270505 46.408063891 46.1209525903 46.2759145033 45.2034068626 45.5040398581 46.2944111792 46.2078792465
45.9075841558 46.0242391671 45.0226098133 45.6108333729 45.0499520296 45.1139554679 45.9876876877 46.3031526363 75.7854912408 75.7854912408 45.9240109139 45.0046389058 45.5636960236 45.0369301081 45.3580627111 45.0019974393 45.2440688568 45.5107223482 46.2910148744 45.1894174469 45.1317129984 45.8385445177 45.2435942043 46.3385270071 45.9382018439 46.1136500968 45.4989226724 46.3107810553 45.2519515985 45.6315154854 45.4487890798 45.997112456 45.6234302098 45.2079210496 45.050417019 46.0031148867 45.0046442989 45.2596653899 45.9383476259 46.3905229039 45.4162968123 45.5019485898 46.3697336271 45.0450633514 45.1641547198 46.084733543 46.1639747843 46.1279934424 46.2869631936 46.2750557769 45.5444694318 45.4578368297 45.2409536635 45.5250575032 45.8816242601 45.0902822117 45.1326584366
45.0286620381 45.4776260248 46.1071183683 45.4947738247 45.2535626551 46.1013804603 46.3906440394 75.7854912408 75.7854912408 45.6613454644 45.680161895 45.4137225623 45.1319351704 45.5976810402 45.6842986075 45.7520500874 45.5228174658 45.6834105389 45.957124615 45.0297926297 45.3239850181 45.9821229539 46.3584241899 45.4257692395 45.5642171069 45.9047818152 45.1724292897 45.4692429975 45.4327747295 46.1975185759 45.2073531401 45.5842895192 46.0799250723 45.6504495252 45.701424144 45.3252221919 45.9922440553 45.2061595207 46.1671538217 45.304116103 45.1584758726 46.1022076174 45.6939191178 46.0864372939 46.1110192872 45.7938313203 45.5015070631 45.8842330103 46.2052301607 45.5528566029 45.2176332373 46.3846574811 45.4455091806 45.0066466263 46.0253209341 46.0941874399 45.9120741573
45.7942566863 46.391741629 46.0546465762 46.2937802566 45.3171142485 45.417382538 45.9691974177 45.015308861 72.2522994335 45.8280373772 45.1893374869 46.0281755242 45.3389311974 45.5986800684 45.7294729221 45.1071182715 45.9968314466 45.9036091656 45.169749156 45.5533509237 45.5941137313 45.9135264195 46.3226313687 45.206707193 46.2132370102 45.8393332144 45.7310944925 46.1762003532 45.9515672873 45.2677589791 45.3865551926 45.2803990629 46.1269936354 46.0033765614 46.1689531039 46.335222524 45.300124742 46.3069731191 45.5239578602 45.1520393788 45.4855468204 46.0388533189 45.4914099075 46.3940248804 45.8512214237 45.0181698835 45.9457420503 45.3163829642 46.1126573635 45.2228612914 45.6071234361 46.1031751061 45.7240287528 45.7379651968 45.4175197001 46.1963440073 45.7451371287
45.0150820683 45.9855597924 46.0890414415 45.5128690352 46.2332099584 46.1448389809 46.2914162614 72.2522994335 72.2522994335 72.2522994335 45.8900813145 45.2555810442 45.0976487199 45.59587486 45.8933595655 45.3997399471 45.690818693 45.3967980978 45.7773085732 45.1533685184 46.1055383109 45.6767480951 45.9960683351 45.4784941039 45.5961027059 45.3171019825 45.046523088 46.2963442371 45.4299898432 45.1922600166 45.9200959211 45.2927894071 46.2250484967 45.7894884618 61.3308017781 61.3308017781 61.3308017781 45.3870213996 46.3380574378 45.6017521547 45.5235276248 45.3382844861 45.4074073291 45.5492419316 45.9466935482 45.5947523618 45.0046948502 46.3472395704 45.7295426511 46.2751061723 46.0287277437 46.0418600116 45.0003201879 45.3540075394 45.1004944846 46.3957548425 45.8306040991
45.5651223516 45.7429993965 45.6274736771 46.1345424839 45.8344196063 45.2954737535 46.351750945 71.8762010617 72.2522994335 45.9644614271 46.2371813894 46.3687101704 45.8241519133 46.1927011504 46.3468020514 45.7725727151 45.6932469275 45.8754289776 46.220364937 45.0074851573 46.3940990644 45.5654916514 45.668378877 45.6128934227 45.6400598356 45.8413730665 45.1015791783 45.3365159176 45.5000415772 45.6108009012 45.265105037 45.1522879641 45.068179224 45.6783147235 61.3308017781 61.3308017781 45.4016323327 46.1731107593 46.0320933288 45.5098322883 46.0114602136 45.9427812913 46.1529982295 45.8288724859 45.5573202788 45.7401245128 45.356901458 45.4002835718 45.0858418295 45.2241780655 45.4930255329 46.0484203888 46.3872067 45.4381106139 45.8757910716 45.7271248279 46.3623183531
45.0837165855 45.263047806 46.213470776 45.0306991295 46.1463127186 45.2904270276 45.6062329829 46.2628990782 45.4214009735 45.57745247 45.1020496435 45.8250368534 46.1854086016 45.2317283349 45.6362789752 45.0190574889 45.9589425097 45.1690059997 45.5714192953 46.3596087183 45.452408208 45.5100907761 45.1103813835 46.0995999724 46.3113222532 45.7012574266 45.9466064146 45.8886447313 46.2547705432 45.8652521503 45.3502383371 45.0161249504 45.5719683808 45.4705050983 46.4009773993 45.0315056464 62.2456163591 62.2456163591 45.4659263535 45.4860907793 45.3676177981 45.1137953122 45.0727511023 45.9058482093 45.0479507304 45.8862351028 45.8696095795 45.0381255879 46.1161833519 45.8758541047 46.1945351139 45.4917275527 45.486673072 45.5658017785 46.3426593969 45.5304209533 46.0535756481
45.3763784592 45.3771229821 46.2580770177 45.1792097568 45.8984161828 45.843874075 45.8412410838 71.6705636787 66.0350079355 59.8656236036 57.9647380427 45.7600191749 46.3708333849 45.0614524647 45.0356967945 46.2497849326 45.2863267161 45.9465621992 46.1644874232 45.2285367865 45.8397169262 46.3542763732 45.706569466 45.6331845285 45.4285946645 45.8215412831 46.1021466636 46.0050816889 45.9055653815 45.3390404956 45.5923530296 45.5693378635 46.3373869149 45.0421891115 45.8012056368 46.209949234 62.9218353079 62.9218353079 45.915919571 46.2639089874 45.7966380215 46.361893586 45.1279321219 45.969954193 46.0802457102 46.3837545122 46.1954937626 45.4343317593 45.7974234621 45.6845969127 45.1472068666 45.7196325598 45.1527308908 45.8907177781 45.2684542711 45.0163615359 45.2876479899
0 45.5287515642 46.0415526647 46.038002097 46.2880837999 45.5321512587 45.9254441208 83.5887054122 61.9732287952 65.33508151 55.7424077033 45.509382564 46.0097119986 45.8843338035 46.2415248862 45.4194594083 45.5434207555 45.8518258898 45.8815691729 45.3104557735 45.8642686277 45.5926716776 46.2333872189 45.8860046092 46.1045023842 45.1966334534 45.6180451576 46.3343889459 45.126399563 46.0980177741 45.8097845563 45.2480277305 45.5711249919 45.5016693376 46.2100939295 62.9218353079 62.9218353079 62.9218353079 59.0341942943 45.6947383133 45.7773959545 45.5461704479 45.7528426933 45.8004840706 46.1148160689 45.6983897745 45.5780188112 46.3089868252 45.2207682283 46.2781448311 46.2591065314 46.2602592765 46.0177037076 45.0410194496 45.6077689025 45.2825782733 45.6299833064
0 0 0 0 45.8078152783 45.1839021973 45.6487671765 45.6888771225 66.8184399879 54.8688854845 54.7734815937 45.7009663342 46.057913366 45.0059798608 45.3346789951 45.5371141014 45.5642156204 45.776882712 45.2853465531 45.9182240617 45.301028377 46.1451125957 45.4993517784 45.2232555343 45.2397656187 46.2040637161 45.5588901913 45.8447988004 46.0847378689 45.6868227524 46.2931534346 45.4931907429 45.3847201435 45.1675220345 45.2157451464 45.0117841866 46.3999112125 59.3751093513 59.3751093513 45.7917863911 46.0525138467 46.0267898971 46.0000887252 45.9419481977 45.8818191905 46.3350978603 45.2540399275 45.2680239011 45.6050985722 46.3641316869 45.8046595102 45.3680740824 46.019290162 45.9932152868 45.5325160989 45.3865876673 45.6105290003
0 0 0 0 0 0 46.1967719584 45.3355103336 46.2879463817 33.1452438244 33.1452438244 46.2529189544 46.0213800362 46.2000275544 45.5657777199 45.7174887562 46.2130875241 45.661550706 46.2783821 45.667959032 45.2418754978 45.0986748931 45.7672687402 45.1188776439 46.3273860431 45.4054185278 46.0976729348 46.4001976493 46.1259434007 46.3398874845 45.5898097361 46.2962686992 45.8168199268 45.4933425139 46.3924208489 45.9222996454 59.3751093513 59.3751093513 55.1529370682 63.5057741901 45.3650753078 45.2416180315 45.5717823398 45.6598726267 45.7723906969 46.2928327893 45.1682746925 45.8517743733 45.4667406292 45.9276694795 45.6020545652 45.7873637164 45.5500028596 46.0380223613 46.0819186662 45.6993082053 46.2245796337
0 0 0 0 0 0 0 0 33.1283251036 33.1452438244 33.1452438244 45.4899057053 46.2451103031 45.2054162781 0 0 46.0115503732 46.2060647979 45.6093666958 45.2140161609 45.8677557592 46.1404799358 45.1052201994 45.968537231 45.7725194705 46.0707184668 46.2625673868 45.7077858426 45.4639308315 45.9215625184 45.9099959627 46.2256299436 45.9157897358 46.1299193252 45.7197085944 46.2634522363 45.4569192264 63.5057741901 63.5057741901 63.5057741901 45.2429307348 45.8722066998 45.5911886714 45.2823534972 45.7475295459 46.3785531474 45.5430946036 45.9781244809 45.1534106075 45.5913956372 45.6041992611 45.0343246484 45.0855042678 45.6717001378 45.838155979 46.0491299644 45.4969649353
0 0 0 0 0 0 0 0 0 0 0 0 0 0 0 0 46.0458153617 45.4195231051 45.1231491874 45.7388576872 45.156182188 45.1891097508 45.6339992221 45.0193399203 46.3824365858 45.3487088756 45.4221399977 46.3723921086 45.7371651287 46.0348916497 45.1871840706 45.5005625292 45.6187523806 45.9097405957 45.875084223 45.2434275455 45.8285374329 46.0217996299 63.5057741901 63.5057741901 45.3866839124 45.9609291541 46.3010796026 45.6612297328 45.2236628644 45.6067399618 46.2722831368 46.2375708527 45.5680080877 45.6246945215 45.5013126051 45.5428101157 45.0018623195 45.0021158693 45.3871860331 46.2930865221 45.5264756136
