Spatial_Output/BAU/BAU_0379.asc
NCOLS 155
NROWS 192
XLLCORNER 196307.867259
YLLCORNER 449144.565805
CELLSIZE 33.573938
NODATA_VALUE NaN
[rows 100 to 124 of 192, columns 57 to 113 of 155]
34.3159250897 31.6540888397 32.7193183091 33.5477898528 32.4819694396 33.7432115738 32.1661124218 34.6421840046 83.226526985 31.8435216272 32.0430885321 32.7357939318 33.8601389171 34.2986885751 34.9992897503 33.3928030364 31.5736053558 33.0616028199 33.2922883283 34.1166077481 32.0905069267 34.0634512939 33.7467879029 32.0906910086 33.2748041202 32.2196062821 34.4248003986 32.3340132499 32.7107116443 34.0122913332 34.7107785608 34.5137161968 45.1063058924 45.1063058924 31.8992320052 32.4278911304 33.9190131474 33.6841252318 34.546472814 33.3030563467 32.5071152691 34.2076508808 33.8315367769 33.5173755209 31.7823652312 33.1247492338 42.647925567 42.647925567 42.647925567 34.6105975819 34.5638531877 31.6390067823 33.9793451414 47.6640769504 33.1652983978 53.0054354255 66.2716373431
32.7834668326 32.2504856894 32.6516926287 32.1666009651 31.8260957341 34.1598455913 32.9681793784 34.3184621306 33.5548539724 34.1175309457 34.8718666605 34.8133248537 34.5474072393 31.6987957173 34.1459395787 34.6296473657 31.5342483164 34.8500960386 33.5759228523 63.6125434638 63.6125434638 63.6125434638 32.4278726534 33.93124755 31.6456243907 31.9147310035 32.6283391102 32.2853623198 34.4708483659 31.7471118748 33.4073031219 45.1063058924 56.8395157746 45.1063058924 32.5598324734 31.9846495585 32.1921778968 31.9976860575 34.9540489797 32.2033060125 31.8952822135 32.9356028755 33.2230354094 34.4143150729 33.8159300693 34.9182504026 57.9228728003 57.9228728003 57.9228728003 34.9984070399 33.9677576665 33.9939959971 59.7282428742 33.8014968859 53.0054354255 32.0845850432 53.3673831337
34.5570168601 32.580203224 32.7804886843 35.0159299525 31.6643598216 32.6555812812 34.8924131955 34.3732565689 32.7509810896 34.0739436141 33.591052193 34.933515767 33.0079173961 32.8973433688 33.9751659002 33.6575759081 32.0703876313 33.851807606 33.5973135042 33.645208076 63.6125434638 34.6583583926 34.182717168 32.8194521881 32.5946627672 31.7366195113 32.9890875457 33.6241080285 32.9666471568 34.0408699265 31.7492538025 71.0187019485 71.0187019485 71.0187019485 56.8395157746 32.6607025224 33.7127199581 32.776565386 34.4687356551 33.7405725936 33.2743532129 56.1901164443 61.8726971995 32.0064846001 33.6842582576 65.9347918954 45.2926856986 45.2926856986 45.2926856986 34.9124574944 33.733264896 59.7282428742 59.7282428742 33.6165098275 31.6831539863 32.0516389872 31.7496297995
32.1661236708 33.0064238927 32.6846869638 34.0777480944 33.0133423415 31.6077081779 33.5764380709 34.9113627452 33.5536902562 31.7959568565 34.223304494 33.8141268456 33.7199215745 34.0425820619 73.0033314424 50.2443413676 32.7350155852 33.9393779262 34.9532914468 51.026745707 51.026745707 51.026745707 31.7473009965 32.9055885317 32.1477239186 31.5121511917 32.9261881346 34.9805573061 31.8565617455 47.7518305811 73.4272760046 45.8183869086 61.5107750969 61.5107750969 61.8349786318 33.087888288 57.6026915994 48.6499501266 48.6499501266 32.7459354871 34.2434361807 56.1901164443 61.8726971995 61.8726971995 62.1949737885 65.9347918954 65.9347918954 32.7986999149 43.2998462337 33.4657362664 48.2380688233 32.5124279742 32.2614626048 31.6409997688 31.5765721326 34.9908813974 32.0831722575
32.6307871212 32.569587385 33.9915075392 32.5615531537 33.3264915805 33.0956611602 50.5183206658 50.5183206658 50.5183206658 33.0321458 33.3228176888 33.981435893 34.2166564418 73.0033314424 50.2443413676 50.2443413676 34.9345034916 65.6314585697 71.4610531351 52.1494653035 72.9514962446 68.049319023 46.6320274018 69.8702063726 55.8066160794 61.4818072744 61.4818072744 31.61692433 80.9128568177 47.7518305811 47.7518305811 45.8183869086 61.5107750969 61.5107750969 63.4219059718 57.6026915994 57.6026915994 48.6499501266 48.6499501266 31.7773147074 32.6463316106 56.1901164443 61.8726971995 34.2482102225 62.1949737885 48.6368915613 65.9347918954 57.2099009081 32.6717049528 33.9780216604 31.965323888 33.614787315 32.804486618 34.4625088489 31.8484134984 33.0863419797 34.823178867
34.8116032876 32.743475068 34.4385848056 32.39365879 34.3039079594 34.7322254263 45.6426738003 50.5183206658 45.6426738003 34.4524365198 33.8090341838 33.7267657591 31.6076255916 32.6332376256 50.2443413676 50.2443413676 59.4180475002 33.2840946874 71.4610531351 71.4610531351 44.4585850769 72.9514962446 46.6320274018 55.8066160794 55.8066160794 52.2717389801 52.2717389801 31.896331501 32.9702418372 47.7518305811 47.7518305811 45.8183869086 46.1453641561 46.1453641561 61.8349786318 34.497082396 57.6026915994 34.5336999037 34.51708552 32.5071628918 32.6232734768 31.5320982821 33.8330510098 33.6083714335 32.8996835344 34.4335036353 57.2099009081 57.2099009081 33.8154817679 42.3500687758 32.928374156 33.0007681892 34.0741433015 32.9200568864 32.2646725547 31.9580124085 35.0105734801
33.4664615128 32.1916778932 32.067199408 34.308496673 33.7808525541 31.5872514704 43.9369000126 45.6426738003 31.9239869507 34.900255786 32.2686103213 33.6583309725 34.8648030357 32.9875653128 34.0676149919 33.5662936194 34.5256773206 65.6314585697 71.4610531351 44.4585850769 44.4585850769 44.4585850769 46.6320274018 69.8702063726 55.8066160794 67.2120079456 67.2120079456 80.9468074527 33.2567266767 46.5051531361 32.6476590793 32.1554626842 76.0281481794 76.0281481794 64.3240192783 33.3615675189 31.9031374791 34.7063053264 31.7516181225 33.7104164579 34.5105254596 33.5159250656 34.3520549333 33.1286489998 33.166924968 31.5255396773 55.7658818649 31.9366646324 34.896643397 61.7260679615 31.8804777286 32.3056477806 34.6372982699 32.6362725641 31.8489922581 34.0940291471 33.0131659436
32.4527755468 31.6916891861 33.4864139803 33.3922275239 32.7879198551 34.9696427174 34.9431058685 31.7242100467 33.8214578051 34.0021431512 34.4816742628 34.8148961831 34.2859932542 32.771575558 31.6189461343 32.6535776584 33.4864731087 33.2299300477 34.5318081173 48.6014381188 44.4585850769 48.6014381188 34.3392974292 32.2829727621 67.2120079456 67.2120079456 67.2120079456 33.4071255594 31.9032804436 32.88530059 32.6261584706 32.4933331165 34.9286248524 32.6332304753 33.8003250009 32.0277743916 34.2969340194 35.0222440207 32.8102272442 32.4500943898 34.3699114962 32.6070835857 31.7823273484 34.0981734959 32.4821224789 32.9876203116 61.7260679615 33.1717860276 61.7260679615 32.1167510731 33.3157787957 32.0697972098 34.3125456453 34.1507632965 31.9592919757 33.4379287175 67.3930114929
34.4481486609 31.6043549998 32.2171188099 31.6855338508 34.0310728591 32.6011350098 51.3649230836 31.5670176959 34.2595274426 32.5689081995 34.9672164174 32.844283327 31.8325584265 32.3712615371 34.7413663096 34.9876026566 34.849904694 35.0283725962 34.1388958101 34.0983945788 62.294042431 32.5759288801 32.1433641602 33.0707844052 32.1648398219 32.6825239948 33.4542492308 31.5591048974 32.1341177947 32.8948892299 34.2211076813 32.6802761787 32.4353383805 34.236353882 33.8225805597 32.1336610791 31.898079481 33.7955787465 33.1003096573 32.4460473844 33.1226061759 33.7618943667 33.5270331352 34.7109948952 33.8033472729 34.9002223876 32.1122524493 62.3454107244 31.8046105409 32.5419656709 34.0706624676 34.7607092762 69.5042750603 69.5042750603 74.6783679575 74.6783679575 67.3930114929
34.4935789263 32.2329813284 34.5239029142 35.0224744428 32.3086731266 31.7376264684 34.103217279 32.6309522047 33.9644496893 33.5300848421 34.3188197051 32.3885810703 32.6969732216 33.5268721293 32.7605756996 33.479996092 34.0680541219 33.3880342388 34.1987779296 32.6835722641 67.757628109 32.1993844065 33.6682119737 32.5954803693 32.8515702083 32.3586982161 32.210919686 46.7919313629 34.8079779693 32.1594799021 34.6634865367 34.5491243592 50.505853482 33.5777237687 34.800232277 33.5624310429 33.9281431515 33.1478911945 32.4034970124 34.5604363728 34.7348673544 33.6038236235 58.9371307171 32.4005412492 53.5260702321 51.7683217126 51.7683217126 33.4544319626 34.2513374521 62.3454107244 31.8395316666 34.7533493129 69.5042750603 69.5042750603 74.6783679575 74.6783679575 34.0948826886
61.6737679341 34.4870786323 34.5601085838 54.1664745242 43.8799878643 34.6490628902 34.4903829001 64.2342190493 32.3314463858 31.8257717304 32.8357247422 31.7407820414 33.6512813201 51.587162201 32.8820754323 56.1595192861 57.5029975387 31.7846129692 67.757628109 67.757628109 67.757628109 67.757628109 59.4843849986 31.9716078597 32.9858133275 32.4363405133 46.8154358536 46.8154358536 33.4047193837 33.0105835885 32.1850277079 50.505853482 50.505853482 50.505853482 32.4672878464 32.0335001654 34.2548765871 34.3253167261 34.3678968393 32.0552692606 32.3195642335 58.9371307171 32.1330696183 33.4460248041 32.3451614954 51.7683217126 51.7683217126 59.2164949103 59.2164949103 59.2164949103 32.2998698881 33.6926153276 33.782920135 69.5042750603 33.9633530397 74.6783679575 34.9947790324
61.6737679341 31.9091083432 32.0676065153 43.8799878643 43.8799878643 32.6445612084 43.5853890904 43.5853890904 34.7209344328 55.252891124 55.252891124 34.2707955999 51.587162201 51.587162201 51.587162201 56.1595192861 56.1595192861 87.4691991934 85.9410262486 44.0344859626 44.0344859626 44.0344859626 33.6995115267 66.1713249347 32.2393514094 61.6300129669 46.8154358536 46.8154358536 34.298644988 32.8669535554 33.3318455292 31.526700516 50.505853482 50.505853482 33.2695352332 32.4970532591 34.7043177887 32.6000597714 33.1836199037 32.2898493966 31.7158526462 34.0430008637 58.9371307171 34.5682625666 34.994702561 53.5260702321 51.7683217126 80.8982294373 80.8982294373 80.8982294373 32.3535459454 32.0682512891 34.053583918 32.6764003316 32.5471152913 32.684527391 32.1517732315
61.6737679341 33.305744797 54.1664745242 43.8799878643 43.8799878643 33.1494458066 34.2028170974 33.223531491 32.0942553158 55.252891124 55.252891124 55.994618531 51.587162201 51.587162201 32.1398581502 56.1595192861 33.4864083178 55.6291748144 87.4691991934 44.0344859626 44.0344859626 42.3298779617 33.4252197879 31.7664068241 31.6686443141 34.5303460342 46.8154358536 63.3532113478 33.6196136476 32.9271499778 33.9388409497 33.1582941615 33.6070936627 31.8776769848 32.7019899359 33.8197074196 34.7184799466 34.9195179497 34.178137157 31.9856527107 33.42158246 33.1191616149 34.2578387903 33.5306162709 33.1310977747 33.0278604319 32.3525420459 80.8982294373 80.8982294373 34.125670408 34.1596335181 31.9941233038 34.6649676726 32.477752672 34.6551115092 32.8653143924 33.2825964004
61.6737679341 34.438085241 34.4801434291 34.9602888405 43.8799878643 31.9921235421 56.2387626595 56.2387626595 34.7664422827 31.8687393175 32.4989411509 31.7555219992 34.6800758179 32.1055821597 34.8591089169 32.4134321857 31.8241484092 32.3625964315 32.0692837553 33.0351510638 42.3298779617 42.6969520366 31.6688459967 32.605752165 32.4403008608 34.9040177577 63.3532113478 34.2045735817 34.2844536167 32.9849181612 33.6735703875 32.4421870432 32.6416550628 31.5534255994 32.1019470554 34.3280399064 33.630734091 33.0752848727 32.5819314163 32.7001057583 32.2201676108 31.6224327467 34.1929783096 35.0054902947 32.3180138362 33.8805137752 32.2417030669 50.9878384281 50.9878384281 32.7255918238 34.2863200286 33.7169255268 34.2667633691 32.1108178238 31.9376207968 34.2418713581 32.7984841444
34.0186522972 32.7591271457 33.3969120446 31.8967477438 32.3083855751 33.5172030997 32.5476258923 31.9667999278 56.2387626595 34.1582804276 32.7844864334 32.9509342992 31.9168585298 32.059587995 34.1818615483 32.7900092012 34.7033225742 33.8132678097 34.5280518403 58.5330474477 32.5023132739 58.5330474477 32.3763571737 33.6000822458 35.0352926964 34.2144426605 44.7796237611 33.7783981986 33.0227353264 33.801788152 34.4869321984 32.1862989481 31.8338691951 33.265818955 32.3841943342 33.2575569236 31.8593061815 32.3756224883 33.5149815457 31.8548849759 34.6576536668 32.2713442757 33.6179372006 32.518329152 32.9586798774 32.9074275358 34.4410890026 31.982457841 33.6237610409 33.7958832957 33.4999003182 32.5986152722 34.7816453371 34.9134472716 34.8588113372 34.5299000768 34.3149267558
33.3582159584 33.0279353596 34.4404294272 34.4210704401 33.0141885528 46.2093898188 34.8787196595 31.7895751115 32.6592274869 31.7961697156 31.541186591 32.5803312852 34.135574063 34.5288015223 32.3835253332 34.3428354521 32.65489922 34.6633243633 34.6111709161 32.2113886996 32.534788193 33.5993162593 34.0122296711 34.9730024309 31.5703241003 31.7258943899 33.3927899225 44.7796237611 33.7232232862 33.2794088884 32.2951714894 31.7633402043 31.6376094332 32.950967559 34.6516672933 33.7114212238 32.404711062 32.6626053507 33.6641238674 31.5378701788 32.7434635431 34.7314870089 34.2006515848 32.3673156112 31.8703204274 32.8923312831 32.2740496338 34.4561699142 32.4598561887 51.5973236388 31.8996526156 33.2558500781 31.6808564045 62.787357465 70.768069623 60.6627014328 33.0099142592
31.637873189 33.0865255123 34.6353372199 33.5194459248 32.8658121275 34.9189287394 31.7667344574 47.2785073749 34.9151924707 35.0257168258 32.1359472932 31.9557348213 34.1999816153 32.9952169761 34.8788221655 31.5970563166 33.5518843039 33.4291367164 32.7355649575 34.3308683512 34.1109540906 33.5350089872 56.7229028809 33.8962671815 45.3447185089 34.755919367 44.7796237611 44.7796237611 31.6108663276 34.6546357817 33.6006205735 33.6321908341 34.5605992139 32.3220487726 33.1386630591 32.5305576164 31.7354409177 79.6707878852 55.203629889 69.2688424684 31.5800355955 34.0534032122 34.1387899194 53.1046984978 33.4956448064 33.903176589 34.6452937652 55.8896834017 55.8896834017 47.246033686 58.5281877468 58.5281877468 70.4804039657 62.787357465 60.6627014328 60.6627014328 70.1691677099
43.8287915203 45.8979017374 45.8979017374 32.9572965813 57.502376958 51.6449813506 51.8701293452 32.6470346604 33.1655447415 33.8811617065 34.8392692456 32.1906360333 31.5555438043 34.3446356915 31.9016935054 33.0256749482 31.691132158 31.8626249974 33.5713799908 32.4641814705 54.2733478194 51.2373346872 51.2373346872 32.4621833039 33.6475587108 34.889647741 34.1235253373 32.6738350881 33.6714465143 32.686936102 33.314496082 34.0551133213 33.2460247515 33.5783323713 34.5432399022 52.7544119441 32.6734868322 79.6707878852 79.6707878852 55.203629889 69.2688424684 68.1459447067 31.9265868081 32.9011966642 53.1046984978 34.5052090189 34.6347688265 55.8896834017 55.8896834017 55.8896834017 58.5281877468 58.5281877468 70.4804039657 62.787357465 62.787357465 60.6627014328 33.370763629
33.9839352194 45.8979017374 45.8979017374 31.9426150056 51.8701293452 51.8701293452 51.8701293452 50.0829314388 34.9239097809 32.1905160198 32.9661502422 34.5285318347 32.4178293572 31.7439639602 34.5202867373 32.9057449133 33.6298780208 33.0390109506 32.7461537226 33.2099583747 51.2373346872 51.2373346872 51.0782106289 33.534395062 32.108308462 33.2537431156 34.8663148769 32.2521530262 33.6362439105 34.039961728 35.0234144987 33.1075168342 33.0762543224 32.1635570118 32.1868038699 33.6919702898 34.1821473025 79.6707878852 55.203629889 69.2688424684 69.2688424684 68.1459447067 71.5819952661 31.9286692199 61.9853609352 34.5957269103 31.6839255968 31.7089110557 55.8896834017 34.3450566394 58.5281877468 33.3515685012 32.7917189261 33.6135298141 34.1442835204 35.0278172508 34.0175570876
34.9887429118 45.8979017374 70.4816301413 70.4816301413 33.9854905063 54.3919702301 51.8701293452 33.1628009473 32.6472417213 34.9581027645 32.0064189871 32.541764618 32.910829388 32.9062427127 32.9154711868 34.0981732573 34.4395312802 33.2995206835 32.1366914217 32.7226275232 33.1699728448 72.1180255468 72.1180255468 72.1180255468 33.5425013981 31.5785995776 33.1506304946 32.5396847319 34.1399733385 32.8441229325 31.5097384059 32.5962277969 33.9722173656 31.810819066 32.7545647566 31.9379424477 32.9907231611 34.7103715004 32.0887612729 33.055217765 33.7245359101 33.60481739 33.8470923898 32.6812083191 32.4793492103 34.0065488568 31.8838907161 47.962048787 31.8672289975 32.7078118811 32.0031661421 31.7854199904 31.9480500966 32.3323231756 32.082175805 34.0436825557 34.8183054778
59.3765288688 59.3765288688 31.6142512556 32.4448932634 54.3919702301 33.2478092558 32.7226935757 32.846182413 34.0964864527 33.1394771088 34.9320159944 34.1751228918 32.0733077354 33.7099256417 31.58947063 33.5386794067 35.0111429681 33.0893310995 34.4851731428 34.5414925861 34.4167877175 72.1180255468 72.1180255468 58.8567796386 33.1104027239 32.2983462198 33.8377595486 32.6364280711 32.9509915187 33.9878871936 33.1042511641 33.109825871 32.6199757457 32.0591454179 34.5290078865 33.6312303096 33.1438393963 31.5163571473 32.4929738907 32.5164173485 32.3464741823 32.0309985449 33.8813794115 33.9155547374 32.9084532352 32.9378040167 33.4949108825 31.787116137 32.7139642393 31.8422292165 31.802598061 31.9582417303 34.9841395157 32.2630019988 33.5822313728 33.8620121818 34.6731333482
59.3765288688 59.3765288688 34.2208571425 33.3348449835 31.55755141 55.3459868601 54.3919702301 32.0896763173 34.6973838805 34.6914160306 34.3761029231 31.7519069201 34.0175012326 33.6867627343 35.021609638 34.8551673219 32.9882333608 33.6656995446 32.6909718255 33.1000668226 33.8793440277 58.8567796386 58.8567796386 68.701795511 68.701795511 34.2224483494 33.5643395038 31.9260302388 32.2060351738 32.4095726469 34.1886655984 33.4364753875 34.6519069248 32.7061913085 34.7444216743 33.7073257961 33.4005847951 34.2431407105 33.7727655493 32.4552730227 34.3871365478 32.5160396977 34.0105134907 34.114384042 33.1929908835 33.4513163424 32.7568655122 32.2961186191 33.5278139127 33.5522225157 32.0483920267 33.8483674576 32.1217815366 49.8821023793 32.8386920401 32.7330621723 32.6985615982
33.6188131207 62.0535748181 62.0535748181 55.3459868601 43.6068500288 43.6068500288 33.1326387709 34.6684627668 33.2015515027 31.6236402303 32.1668981307 32.4795858039 32.0580399347 34.7441685402 33.0896967874 33.5006809393 32.7449613914 34.846726455 34.5034714571 33.6488140012 33.8358868365 32.879663112 68.701795511 68.701795511 32.0991700437 32.1763075353 31.5674407401 33.2026091367 33.2405835924 34.2681690906 32.0108396489 31.9448816052 32.4822438676 34.3143613087 34.4479021578 33.439009233 34.9661293018 32.059637068 33.0743186372 31.5476605038 32.1719014416 33.2789166497 33.8584830915 33.3255425569 33.3392393229 34.2648044666 34.4615558552 34.0959338702 50.5561303128 59.0669499234 32.9946885163 67.6919585862 34.2130728578 32.5373656335 49.8821023793 49.8821023793 35.03011238
64.1408919708 58.4723063514 33.0729457605 43.6068500288 43.6068500288 43.6068500288 33.1358457924 34.4102030024 34.9040076533 31.9802445161 31.986354434 33.1960828664 32.341680043 35.0299542388 33.6287325808 33.2528477697 34.4514976911 33.1555032723 33.341075888 34.0188424069 32.5754644093 34.4545286177 73.2282419608 32.5833937013 73.2282419608 32.2367105971 32.418976525 32.9809928063 32.1803935597 34.8685050765 32.977335585 34.1268130702 34.0765137821 31.5605033189 34.2076248983 32.2315993091 33.5266921218 33.9354189116 32.360751447 34.3226568152 33.5423660494 34.2936983361 32.0423105251 34.6142187438 33.4109945896 34.6650590063 33.7937936149 32.0423157625 50.5561303128 59.0669499234 59.0669499234 67.6919585862 67.6919585862 49.8821023793 49.8821023793 31.973172129 33.1368237375
32.9399472812 34.7223412058 32.7654310564 33.1798451809 32.4301213818 33.38896757 33.4329103395 34.4970154116 34.8949535196 34.9645694579 32.3390515401 34.4707126004 32.2910238631 33.0584137674 31.8567044121 33.3207802751 33.7747010057 31.6012533359 34.8107465296 32.0305749715 32.3162259685 34.6528775323 34.8759463109 73.2282419608 73.2282419608 33.4716088833 33.3506635405 32.4242118273 31.6867684282 34.8048965802 33.0051560033 32.5455905795 34.3040944107 33.9024533777 46.4350531883 46.4350531883 46.4350531883 33.3071007404 31.9222272139 32.4556306121 34.4763947767 32.2164953234 31.8870190621 34.2485374151 34.2152555678 32.8402062139 32.7427799105 45.6478075439 34.1895930711 59.0669499234 59.0669499234 67.6919585862 62.8644042353 31.6606294437 34.8422975323 32.8364914929 31.9184878102
