Spatial_Output/BAU/BAU_1400.asc
NCOLS 155
NROWS 192
XLLCORNER 196307.867259
YLLCORNER 449144.565805
CELLSIZE 33.573938
NODATA_VALUE NaN
[rows 150 to 174 of 192, columns 56 to 111 of 155]
32.7342690311 32.7900774326 32.6984391999 32.6827352024 32.7853329833 32.9757314143 32.8584393572 32.9135062959 32.811516431 49.2300165143 50.7126681801 41.4736955627 32.8444493614 32.9949578467 33.0476440436 32.5463277416 32.6214747124 32.8007322919 33.1879166038 32.6730862305 32.6672082658 32.7861598877 33.1021246869 32.7485624082 32.5511633081 33.184620357 32.6646493767 32.8296583703 32.721938838 32.6942070805 33.0006831511 32.9748865182 33.1642105708 33.1349149557 32.5933288472 33.1332531768 32.9004135187 32.5685533909 33.1672495344 33.1510588453 33.1918080456 32.9252321874 33.1130005913 33.0837232039 32.7328033225 32.7455052231 32.8877218908 32.67132024 32.6441020259 32.8516182189 32.7185576518 33.0509781354 32.8557422112 32.9760856563 32.866395594 32.5044597082
0 0 33.0845780791 32.9301293971 32.8565555732 32.5175139264 32.6819159697 32.7403016569 53.1707045383 51.8588357701 43.6952743067 49.5925337105 33.1973659371 32.5177478714 32.9466686509 32.9052491872 33.0376478677 32.5242624813 32.7623451429 33.0432406329 32.7296617389 33.1605433548 32.5451713309 32.6268767704 32.9583988718 32.820359257 32.5330599559 33.127786857 33.0552727586 32.5660844964 32.9641461445 33.1692694996 32.8540545246 32.7058817373 33.0047770047 32.8692990494 32.8709391985 46.279993306 32.7266130089 46.279993306 32.7230807139 33.0295531629 33.1503937576 32.9176252826 32.7473875624 32.8410674352 32.9956649619 32.8017792528 33.0590963109 32.8732240057 33.1619620048 32.5768331187 33.130530851 33.020175079 32.5076620181 33.0280158374
0 0 0 0 0 32.9748675467 32.6939147751 32.933949481 32.7622907105 43.4857327941 42.5961184638 45.8015028827 32.5381844807 32.5007018323 32.7952494439 32.5398248845 32.6681578916 32.9827062819 33.0350368701 32.816995396 32.7013592016 32.6189915737 32.8277964552 33.0837016566 32.7127475624 33.0165104676 32.5370240802 32.7960649331 32.5801202766 32.5037368586 32.515231199 32.74487082 32.9854945958 33.1302315457 33.2057690851 32.5300417967 32.549308929 32.6367429358 46.279993306 72.7570705678 33.140752933 32.9907163769 33.1552951432 32.9099039729 32.9946546069 32.8959494273 33.1225921136 33.0193223257 32.77410904 32.6314596733 33.1265239213 32.9753328729 33.0053463126 32.7007122501 33.0911668765 32.6773121734
0 0 0 0 0 0 0 32.7963786633 33.048381602 32.7191830625 33.0184329726 32.6888375076 32.7232709586 32.8542222855 32.6545409104 32.5811554302 32.844408923 32.7390432027 32.5281385702 32.5224928476 33.1489141544 33.0482696468 32.8032685806 32.930480803 33.0334541215 33.1310826843 32.9617667553 32.9502358635 32.8111792469 32.7816471216 32.7880567428 32.7186971573 33.0451382497 32.7174916551 33.0154989555 32.6702934576 32.9213262802 33.0499197705 72.7570705678 72.7570705678 56.9500648793 32.922645369 33.035730358 32.9315856019 33.2006287908 33.0917599826 32.6570875764 32.8569028956 32.662147194 32.7100606816 33.0645746563 32.8646953526 33.1074443414 32.9274471156 32.5466785211 32.5860353391
0 0 0 0 0 0 0 0 0 59.0710234926 32.795955965 33.0942801488 33.1316152559 33.1026856197 33.1206446073 0 0 33.078523877 33.0377444765 32.5561400037 32.7995421896 32.5300835802 33.0596699643 32.9201472995 32.740008726 32.5095138389 32.913884832 32.9065747095 33.0077641615 32.634317483 32.9810674996 32.6821047273 32.9172963563 32.6792699187 32.9346205572 33.0215335173 32.5763048732 33.0259719814 56.9500648793 72.7570705678 77.1144843412 72.5052666998 32.6757391455 32.815524437 32.9843766942 33.0968840696 32.9390347755 32.6764323549 32.7298056763 33.0617745019 32.8400884257 32.8072712725 33.0183477755 32.8182352907 33.0249302144 33.0952052388
0 0 0 0 0 0 0 0 0 0 67.0229983698 58.0368504431 58.0368504431 58.0368504431 0 0 0 33.1898917702 33.1604132007 32.8837200283 32.5050392173 32.5472994432 32.750035375 33.1715893601 33.1673848545 32.6002282682 32.9938135448 32.5561977321 32.992511248 32.9855632344 33.0517757995 32.6339114404 33.0970654441 32.7856678092 32.5270118226 32.7824864858 32.7328066398 32.7444340059 32.7735304616 32.9536303318 72.5052666998 32.7209207771 32.8322657569 33.0872998686 33.1126006154 32.851229172 33.1192042112 32.8986623582 33.1292672473 33.1511697093 32.9726997406 32.9394331803 33.1162878377 32.8062434671 32.7664185865 32.8188570257
0 0 0 0 0 0 0 0 0 0 57.8918862568 58.0368504431 42.0534593005 42.0534593005 0 0 0 0 33.0211532051 32.9705597554 33.0090401133 32.8152575381 33.0285476374 32.5244131569 32.9100202373 32.5190923033 32.8343600369 32.526108354 33.1370868126 32.6419554286 32.8651543191 33.012811353 33.0078765477 32.6917322456 32.657241387 32.9445154117 33.1950051352 32.6318912005 32.5701453529 77.3748826764 32.6362508093 33.1736605932 33.01642488 32.7771286955 32.6073455596 32.8507062907 32.7948066297 32.8205223677 33.1928535312 32.6972027108 32.6565493503 32.9953744447 32.5540688262 32.7098739636 32.8552240362 32.9894419366
0 0 0 0 0 0 0 0 0 0 0 42.0534593005 42.0534593005 42.0534593005 62.196368329 0 0 0 0 33.0576108231 32.7670351222 32.5165191502 32.7108698395 32.5110910539 33.0513753763 32.6357160092 32.5410342014 33.0270950665 33.1301048389 32.5306461645 33.1142647457 32.5809379372 32.7292948774 32.5268111138 33.0790786333 33.2059434226 32.7113770508 32.7238908165 32.6186584581 32.9211903231 63.6051220931 63.6051220931 63.6051220931 32.9139349471 33.1895679733 32.7941983543 32.6211750525 32.751297243 32.8755240323 32.9237725647 33.0861486351 32.7898369088 32.5480889222 32.5484249179 32.8515685247 33.03744201
0 0 0 0 0 0 0 0 0 0 0 62.196368329 80.2759626597 80.2759626597 0 0 0 0 0 0 33.1265357954 32.9458322736 32.5885727439 33.1125040576 32.9568770261 33.1693537595 33.1971909699 32.8137534947 33.1524137848 32.931468092 32.6768677641 33.1292331779 32.7717586366 32.6164430056 32.9156780164 32.5675315512 33.0749141717 33.0550897847 33.1688049993 32.6714192032 63.6051220931 63.6051220931 33.187124208 33.0408049354 32.5690239625 33.0536315819 33.1712734713 33.0445407325 33.1596697274 32.5684201484 33.0467836179 33.2003171301 33.1220709865 33.1819829281 32.7759621353 32.5609204591
0 0 0 0 0 0 0 0 0 0 0 0 0 0 0 0 0 0 0 0 0 33.097119552 32.7854823682 32.9926874305 32.7228141483 32.7880061404 32.6090858618 32.7585716292 33.0917012495 32.890287338 33.0399776939 33.1661727919 32.542506501 32.855271221 32.8977595653 33.1289913705 32.7194255489 33.1527142483 32.8124593051 33.1964559561 32.780877953 32.7275983295 74.5890553521 33.0816627409 32.7074024788 33.1074519379 32.8988902522 32.5979109851 32.8135960261 33.0319274163 32.6216843861 33.0161572288 32.7371268796 32.948659792 33.0593529189 33.1471131262
0 0 0 0 0 0 0 0 0 0 0 0 0 0 0 0 0 0 0 0 0 0 0 0 0 32.7343092761 32.7294349713 32.6877675177 33.1988148691 32.9949469721 32.7274981554 32.6610180208 33.1153594818 32.6945544013 32.7174136046 32.7198799474 32.9214350535 33.0449072168 32.8734217035 33.0362582008 32.8974149775 32.9014022626 32.8657590291 32.5816587936 32.6022253672 33.0008717673 32.5744201453 32.8552784323 32.6322989263 32.6669344882 33.0142536427 32.7390207609 32.5700561991 32.693725356 32.7291767127 32.9314472464
0 0 0 0 0 0 0 0 0 0 0 0 0 0 0 0 0 0 0 0 0 0 0 0 0 0 0 0 0 33.1952010944 33.0230937197 32.5093262484 32.6117065458 32.7133081176 33.1515489956 32.6847974442 32.7309412952 33.0351291343 32.8834757415 33.1385986884 32.893198103 33.0088412787 69.1598779036 69.1598779036 32.540533015 32.7973843495 32.9323200407 32.9977259111 33.1860223672 32.9907092563 32.9927676893 32.7015690945 33.0253054457 32.8273431089 33.1474508709 32.8827203991
0 0 0 0 0 0 0 0 0 0 0 0 0 0 0 0 0 0 0 0 0 0 0 0 0 0 0 0 0 0 32.7747725196 32.542601734 32.9044439754 33.1222175394 32.942835039 33.1669039388 32.5332863072 33.1573725146 32.5086944458 32.5896839207 32.5605596699 32.7842508172 69.1598779036 69.1598779036 69.1598779036 32.7187157624 33.1093384323 33.122652107 32.7883985512 33.0900967001 32.5002036774 32.9915878038 33.0614453449 32.8535809777 32.9947609646 32.8044445632
0 0 0 0 0 0 0 0 0 0 0 0 0 0 0 0 0 0 0 0 0 0 0 0 0 0 0 0 0 0 0 32.678430078 32.5317850916 32.63838121 33.1754992788 33.0858700043 32.8261839767 33.073562397 33.0799152497 33.1316785673 32.5947579376 32.9668689206 32.5782958033 58.0925456427 58.0925456427 32.9222765479 32.8716017996 33.2042108016 32.5448843978 32.6952128135 32.973021701 32.7660962104 33.1833761786 32.9402987657 32.5751739068 32.6801629851
0 0 0 0 0 0 0 0 0 0 0 0 0 0 0 0 0 0 0 0 0 0 0 0 0 0 0 0 0 0 0 0 33.1701427462 33.0888906015 32.8107850016 33.0978031033 32.8035781621 32.682802283 32.976109594 32.7200703973 32.5999557027 33.0002636043 33.0211803432 77.0049627504 77.0049627504 33.0065973852 32.6875878419 33.01131836 33.0545344613 32.7213812629 33.1946246968 32.7648524459 32.6866296228 32.8969169029 32.7401541394 33.0496604537
0 0 0 0 0 0 0 0 0 0 0 0 0 0 0 0 0 0 0 0 0 0 0 0 0 0 0 0 0 0 0 0 0 0 32.8793257575 32.9049319158 33.1674010489 32.7116230912 32.9085327123 32.932916268 33.0014724972 32.5541680739 32.7905242446 54.9217599311 54.9217599311 50.1160038796 32.7767031315 32.9442832494 33.0920907595 33.1831182187 32.8564259819 32.8206509722 32.7502558865 33.1292457523 32.771131772 0
0 0 0 0 0 0 0 0 0 0 0 0 0 0 0 0 0 0 0 0 0 0 0 0 0 0 0 0 0 0 0 0 0 0 0 32.6469401557 32.7148498168 33.0638965238 32.5420907029 32.6441486559 32.8434601162 32.5306124136 32.726706756 54.9217599311 54.9217599311 50.1160038796 32.5654055398 33.064001388 32.845361486 32.5134326141 0 0 0 33.0152424314 32.6225705458 0
0 0 0 0 0 0 0 0 0 0 0 0 0 0 0 0 0 0 0 0 0 0 0 0 0 0 0 0 0 0 0 0 0 0 0 32.9203295018 32.7507253526 32.5166025986 33.0727983725 33.0985936256 32.6995455962 32.7189420463 33.2068213088 32.913826548 47.4575691459 47.4575691459 33.0931204372 33.0818352017 32.9136885831 0 0 0 0 0 0 0
0 0 0 0 0 0 0 0 0 0 0 0 0 0 0 0 0 0 0 0 0 0 0 0 0 0 0 0 0 0 0 0 0 0 0 0 33.056762328 32.8292911316 32.9660771584 33.1762984357 33.189198023 32.5854009747 32.6577908076 32.6494248387 32.836997098 58.7267558571 58.7267558571 33.0015717324 0 0 0 0 0 0 0 0
0 0 0 0 0 0 0 0 0 0 0 0 0 0 0 0 0 0 0 0 0 0 0 0 0 0 0 0 0 0 0 0 0 0 0 0 0 32.595287675 32.7480889879 32.954865384 32.9242934506 32.6004394508 32.8326086524 33.0678240733 58.7267558571 58.7267558571 58.7267558571 45.039478765 65.3527065298 0 0 0 0 0 0 0
0 0 0 0 0 0 0 0 0 0 0 0 0 0 0 0 0 0 0 0 0 0 0 0 0 0 0 0 0 0 0 0 0 0 0 0 0 0 33.110875343 32.6319051109 32.6696335555 32.640688603 32.7770779748 32.560608019 32.8070037288 33.0831116882 44.3851195202 46.4928098772 42.1042146378 0 0 0 0 0 0 0
0 0 0 0 0 0 0 0 0 0 0 0 0 0 0 0 0 0 0 0 0 0 0 0 0 0 0 0 0 0 0 0 0 0 0 0 0 0 0 33.1514483169 32.64169212 32.9096200664 32.8893194374 32.5645410912 32.7320987573 32.9034913113 51.5726934074 47.5625471765 46.7204417643 57.533430573 0 0 0 0 0 0
0 0 0 0 0 0 0 0 0 0 0 0 0 0 0 0 0 0 0 0 0 0 0 0 0 0 0 0 0 0 0 0 0 0 0 0 0 0 0 0 32.6588931507 32.7538576063 33.023208057 33.0670386738 32.5753392621 32.8858781205 49.6711127692 47.3678404106 40.8694985146 69.0025550454 57.2234238134 0 0 0 0 0
0 0 0 0 0 0 0 0 0 0 0 0 0 0 0 0 0 0 0 0 0 0 0 0 0 0 0 0 0 0 0 0 0 0 0 0 0 0 0 0 32.7150554653 32.9756767332 32.6828917304 33.1694890697 32.9573676095 0 0 54.0299327155 69.0025550454 51.5059639005 51.5059639005 72.9023560486 0 0 0 0
0 0 0 0 0 0 0 0 0 0 0 0 0 0 0 0 0 0 0 0 0 0 0 0 0 0 0 0 0 0 0 0 0 0 0 0 0 0 0 0 0 33.1780481831 0 0 0 0 0 43.2470021843 66.0251624882 51.5059639005 45.5107774572 45.5107774572 0 0 0 0
