Spatial_Output/BAU/BAU_0517.asc
NCOLS 155
NROWS 192
XLLCORNER 196769.923733
YLLCORNER 449719.875193
CELLSIZE 27.603701
NODATA_VALUE NaN
[rows 92 to 114 of 192, columns 0 to 52 of 155]
0 0 0 0 0 0 0 27.5453681791 27.125464442 28.1637499546 28.4126035841 28.2821650485 28.0140584933 27.9509103357 27.3224065745 27.5406703638 27.9218619695 27.5315458262 27.5756302379 28.3224832924 27.2007245492 27.1265547414 27.8170664982 27.8085046084 27.8595419928 27.9570889625 27.3476872076 27.0965688793 27.1052899799 27.1986051352 27.2170111829 27.2749139551 27.7724489572 28.1908266126 28.0783177886 27.1147792002 28.0576058466 28.2971140164 27.2680302164 27.5162785283 28.2031034468 38.1278030639 38.1278030639 38.1278030639 28.1660932863 27.8420392408 27.3363110583 27.2539165234 27.5252524753 27.6014489663 27.6651830805 28.0416140988 27.6420300411
0 0 0 0 0 0 0 0 28.0942807759 27.7828801347 27.8134551122 27.0539540968 28.3134208151 28.0217239007 27.7637957588 27.4724405696 28.0071413836 27.5676326705 27.5763745421 28.3607036594 27.9365028701 28.0003094042 27.8056364717 28.0119408736 28.2718889861 27.0210479885 27.0246537926 27.6997596326 27.3358987349 27.6480630381 27.3520272127 28.1372411263 28.3040638916 27.6594505198 27.7611327143 28.3021312627 27.5054171094 27.5625539314 27.5782092738 27.2314165301 28.3058175539 61.3292598937 61.3292598937 61.3292598937 55.0614463919 28.4138269864 27.8270717069 27.7904663894 27.5213620043 28.0597613858 28.1707169201 27.172130887 27.5758078135
0 0 0 0 0 0 0 0 0 0 27.6635307106 27.6904707785 28.0349083192 27.4640846253 27.6762488991 28.168149846 28.2105799341 27.8201141602 28.2924120121 27.326120187 27.6421233503 28.0698035441 28.2741364889 27.9948533824 27.6388930349 27.2602450924 28.338408925 28.1286446107 27.0581360485 28.2906579666 27.9321263638 27.2717920194 28.3930676235 27.6305045868 27.2088251528 28.2321325325 27.8544819196 27.3034555266 27.9207365385 27.60642698 28.2111330525 27.7882181015 61.3292598937 60.2656854635 60.2656854635 27.08880718 27.0973509264 27.5617990475 28.1962794339 27.361542527 27.9200175646 27.1250694811 28.1385375603
0 0 0 0 0 0 0 0 0 0 27.3129003159 27.6584826608 28.0463844303 27.4321342854 28.0572348022 27.0227691111 27.094835482 27.6580308772 27.3569819637 27.4288778441 27.0894413598 27.0208203334 27.5990541112 28.2019005342 28.0721577834 27.3138232789 27.0694202636 27.1509172129 27.8233982964 27.3918698743 27.6706501476 27.555237589 27.2154568493 28.0466002279 28.2222519134 27.6086939665 27.6958976351 27.6762622723 27.3988904788 27.2739518299 27.7277174364 28.3158002627 60.2656854635 60.2656854635 60.2656854635 60.2656854635 27.6595754494 28.0118913027 27.6965143487 27.5566176689 27.5015086516 27.3037447036 28.3285200775
0 0 0 0 0 0 0 0 0 0 28.2253007243 27.1689402572 28.2284852309 28.051489441 27.0050443172 27.4375315992 28.3785059991 27.0970198947 28.3365400776 28.1025777656 28.0516347777 27.8937074663 28.2933698606 28.2412005976 28.0141257533 28.1227301384 27.2758399265 27.487571063 27.4988188728 27.8578456964 27.1874942076 28.1666245969 27.0637502154 28.0020366125 27.6835406732 28.1902234943 27.8288898509 28.0795670141 28.304688282 27.8451861473 27.7827170171 48.7188128234 42.0224970176 42.0224970176 52.5693878658 52.5693878658 28.1796902904 27.1749254947 28.3937408155 27.5897289971 27.7514291899 27.1006249071 27.2981387156
0 0 0 0 0 0 0 0 28.3514364729 27.019102768 27.6471922788 28.0305125451 27.1135672741 27.3609341654 27.9277935007 27.0795931797 27.8844667911 28.1402362458 27.2103469643 27.9021680801 27.5889093833 27.9380289652 27.658774485 27.2345389396 27.8465308547 28.1051593586 27.9565070965 27.2382005956 28.2570966968 28.0723012123 27.8919603322 27.6634405064 27.1277091968 27.7342694639 27.1053320197 27.0041298653 27.4780454589 69.6365037008 64.0964830489 27.4085704359 28.0374313619 48.2193871729 44.1162593414 42.0224970176 59.8273925251 62.6076281203 65.7463361003 65.7463361003 60.4738843748 28.1839556038 66.6134744084 66.8299739531 27.12952829
0 0 0 0 0 0 0 27.6577472119 28.1041088648 27.6850824624 27.1239905991 28.1711608359 27.3663946838 27.4330141708 28.1007829343 27.5247402264 27.8671063439 27.6772994775 28.0723632095 27.2026749709 27.3977342045 28.3596572052 27.2027643122 27.158147686 27.8674656036 77.2404763319 27.4280916969 27.6378749144 27.7112971612 28.2337446233 27.3376265226 28.242406862 28.0831525989 27.902914985 28.3443390242 28.1180151445 27.013757739 69.6365037008 69.6365037008 46.7030906959 28.2727194312 48.2193871729 48.2193871729 44.1162593414 59.8273925251 65.7463361003 65.7463361003 60.4738843748 60.4738843748 60.4738843748 27.0425697898 27.9360018081 27.6063901725
0 0 0 0 0 0 0 27.3307073393 27.6325181641 27.9321186444 27.8874607552 27.9848683002 27.5748394236 28.2070094768 27.9952000821 27.0350784139 27.9137976347 27.4729957205 28.247854801 28.2553776002 27.9471477942 27.2124326353 27.7282855458 27.4165398704 59.887303561 59.887303561 51.0290573067 27.7754621929 27.3148953777 27.7963273584 27.8111784011 27.1095653073 28.3046032616 27.2345451927 27.8287946742 27.2860128997 28.2802429988 69.6365037008 69.6365037008 46.7030906959 27.0671334865 48.2193871729 48.2193871729 44.1162593414 59.8273925251 28.0252573445 65.7463361003 65.7463361003 60.4738843748 27.590161951 27.5732501623 27.2431016359 27.3962231995
0 0 0 0 0 0 0 0 28.2639098739 27.3530860879 28.4135090511 27.2150233882 28.4070222455 28.1728047803 27.9185705762 27.0038901011 27.5829246002 27.0650846881 28.0638426331 27.9995842214 28.1765627198 27.7023250387 27.4386702336 28.3599355647 59.887303561 59.887303561 27.7646971074 27.6607651423 28.2602871222 27.3002242485 27.7606029122 27.7625010818 27.909783245 27.3452392853 27.848314779 27.9304017229 28.2848285043 69.6365037008 27.1899848353 46.7030906959 27.4682220739 60.1840237332 50.0016565972 50.0016565972 27.7259889531 27.0980207304 27.7447721799 27.2603753338 27.3057359175 28.328764539 27.3171807835 27.2095458413 27.6219598333
0 0 0 0 0 0 0 0 0 27.4160988595 27.3825892857 27.0726498154 28.1590103567 27.0068679595 27.1262789674 27.175683258 27.4491296391 27.7300189908 27.1069884761 28.0093301695 27.5926161034 28.3975093684 27.393082164 27.6062874563 46.5008685272 59.887303561 27.6988322709 28.1467163033 27.9290259568 27.2702455995 27.0085799683 28.1049091433 27.7728967094 27.5168068937 27.2454097987 27.026888539 28.0204406307 27.6994463283 28.1350995771 27.5352416026 27.7206806708 27.4439035695 27.5545886733 60.3318581837 27.8635902411 27.7595111491 27.3670036018 27.6930562327 27.3484035 28.0726179769 28.374962699 81.3469501972 27.7101787357
0 0 0 0 0 0 0 0 0 0 0 27.4758325538 27.0110326449 27.0631947877 27.502053442 27.7509922793 27.5095121755 28.0356253239 28.3617897544 27.3431832379 27.5888549805 61.1957936815 27.645006857 27.6131365428 28.398721136 28.309264902 27.1185640029 27.0067345835 27.0426267123 27.8430505483 27.1576287895 27.31264288 28.2088395971 28.0101044878 28.3037019308 28.0896886003 27.925355918 28.1186666185 27.8994644216 27.7566218338 27.6945106157 27.0283503572 60.3318581837 60.8910666912 60.3318581837 28.3270180318 27.8448310792 27.5003205669 28.2644567871 28.0455170571 27.5350304065 27.6947861077 27.9297185037
0 0 0 0 0 0 0 0 0 0 0 0 0 0 27.8136835271 27.4344161306 27.9078554028 27.4060714645 27.5611279237 27.3708891895 27.8700464734 27.0271274095 27.0203807546 27.5830410218 28.3811223052 27.395836295 27.0911312875 27.5716323897 27.6555000046 27.1782688686 27.9720904228 28.2411128718 28.0288785961 28.3993089907 27.3536208005 27.872082864 27.0981647692 27.9646559285 28.1607645297 27.6202828527 27.6286616163 27.4846310791 60.8910666912 60.8910666912 60.8910666912 27.169282608 27.3703640427 27.9545776943 27.7740586553 27.2188435413 53.4945307127 53.3253017071 27.7355849372
0 0 0 0 0 0 0 0 0 0 0 0 0 0 0 28.0161174956 28.1312412658 52.813926377 52.2823723514 52.2823723514 27.6592372848 72.6731588721 61.1957936815 27.933920584 27.1237880289 27.3743670693 27.4614530567 27.3344583126 27.2840601055 27.9847572265 27.0658751219 28.2523893832 27.8350530278 27.1196279413 27.0969824992 27.1246895633 27.4442043841 28.0093794213 27.0665533555 28.2761966416 27.3981313999 27.9699191618 27.414701329 28.2387735154 27.2768112104 28.3951591776 27.1412193111 27.2511196831 27.7170611008 53.4945307127 53.4945307127 53.4945307127 27.6384174517
0 0 0 0 0 0 0 0 0 0 0 0 0 0 0 27.8222696538 27.338522404 27.1866450074 52.813926377 52.813926377 27.7756610062 28.1849939565 28.3293447434 27.2663236336 27.9822306881 27.8513194177 27.7806839376 27.2930023663 27.0745272097 27.9344941515 28.088828243 27.033888979 27.6399650625 28.3799231488 27.4570745764 27.9977643708 27.4071538229 27.3940149309 27.5615634449 27.3766885209 27.309387976 28.2855735543 27.729026151 27.1491729076 27.7115417654 28.0331545034 27.1757030646 27.7891435379 27.8598748586 46.2122744456 27.2710176993 46.2122744456 27.6385660086
0 0 0 0 0 0 0 0 0 0 0 0 0 0 0 0 72.2192320373 72.2192320373 52.813926377 52.813926377 27.6213877641 27.2423786889 27.9350934768 28.2257716112 28.295222039 27.0068466886 27.4682823884 27.1911938709 27.9292097139 27.3884993632 28.3514464179 27.3877979086 27.1908729631 27.8854483716 28.311196684 28.3126339896 27.5439072209 28.2284263974 28.1224980627 27.6030133847 28.1286127333 27.0857013562 27.2694023704 28.1631762594 27.9780419817 27.9057663566 27.605248213 27.5460441423 27.0339475717 49.5782035946 49.5782035946 49.5782035946 27.8102503081
0 0 0 0 0 0 0 0 0 0 0 0 0 0 0 40.3316371777 50.6706563073 45.941851258 27.051610989 28.372559962 27.3930516042 28.349296452 27.9172246084 27.6184018167 28.1098821082 27.4179568822 27.6171963796 27.5313131964 27.075618418 28.3941365724 28.4059353602 28.3379741175 28.1062185044 27.2695500382 27.4776248422 28.2650816775 27.6416077041 27.2827672893 28.4121131037 27.7599987995 27.6504671481 27.5781578315 27.003785387 27.0622955562 27.0879563055 27.9517758188 27.0420666564 28.1888432768 28.3921371542 49.5782035946 67.2663189578 67.2663189578 28.1520212907
0 0 0 0 0 0 0 0 0 0 0 0 0 0 76.0163762178 51.5570917482 53.525840906 52.3405780551 27.5771304557 27.2408167098 27.7935650224 27.4274408865 28.175049626 28.2566414081 28.0794736857 27.3949379725 27.1321330724 27.1419104137 27.5500007909 28.1295345504 27.3248288295 27.4798039328 27.8723808838 27.4598580458 27.8433609411 28.2159703449 27.7625970482 28.3956301062 27.8793874574 27.4643068115 27.2271625905 27.9236011197 27.5037278049 27.8762423872 27.1636146919 28.2979340135 27.5901667262 27.888185417 27.0441065299 67.2663189578 67.2663189578 67.2663189578 28.4121109185
0 0 0 0 0 0 0 0 0 0 0 0 0 0 0 44.6142252556 44.4880131497 39.3258664081 27.2458420085 27.5152198584 27.7978831883 27.3427448936 27.7532869991 27.4248935659 28.0257931181 27.2620464083 27.1521521096 28.2085777537 27.2824845501 27.6272321518 27.9295826485 28.2790312066 27.6153167708 27.767898835 27.6787029294 27.6594135603 27.301201043 28.1422488705 27.2246094708 27.8436485924 27.2225997907 28.2834233234 54.2170161704 54.2170161704 54.2170161704 27.1221802861 27.1346762544 28.0649013173 28.2638040377 60.4471297563 60.4471297563 60.4471297563 27.21208338
0 0 0 0 0 0 0 0 0 0 0 0 0 0 0 0 0 27.6279495939 27.2811181425 28.1499652465 27.3018654501 27.6997880141 27.9249112365 27.3276928575 27.160472753 27.7798848495 28.1149101836 28.0700092787 27.2539032614 28.3468346223 27.0010990076 28.3763703727 27.4612886156 27.9270206534 28.2490780441 27.2709112439 27.55060981 27.5855949708 27.6291163576 27.3801948272 27.4561168746 27.9870242051 27.3482782285 54.2170161704 28.1981490921 27.9789244762 27.920411323 28.1017097371 27.6094439889 60.4471297563 60.4471297563 60.4471297563 27.7442467656
0 0 0 0 0 0 0 0 0 0 0 0 0 0 0 0 0 28.1563761021 27.8060775216 28.1639703175 27.1043362565 27.9473683722 28.077559549 27.1771195011 27.9432398661 28.2226487948 28.1537843689 27.9265919626 28.168386454 27.9697353196 27.4622054597 27.2603005553 27.2149072608 27.5173915017 28.19141734 27.7831252852 28.3262779605 27.5697498226 28.3701475162 28.349414597 27.6353213894 28.1770326367 28.1511357858 54.9997281354 54.9997281354 27.6275313493 28.1348380865 27.0149986327 27.0488466237 27.5148677167 60.4471297563 28.0721288042 27.3998315539
0 0 0 0 0 0 0 0 0 0 0 0 0 0 0 0 0 0 27.8985298458 27.7831806187 28.0632220758 27.049288215 28.3310634599 27.202829843 28.3891874009 27.3135699428 28.157292307 27.7312604816 28.1265680095 28.0019619033 28.3116363161 27.5449994803 27.2001502532 27.8571600062 28.2676284874 27.5850928022 27.2541667175 28.1168077888 28.3839779415 28.1217748972 28.4107621328 27.8293166207 27.0234946762 54.9997281354 27.6803438239 27.1044713198 28.2966224051 27.2340988588 28.2855714713 44.3701388011 44.3701388011 44.3701388011 28.0352547032
0 0 0 0 0 0 0 0 0 0 0 0 0 0 0 0 0 0 27.1358124673 27.0099441881 28.0549354126 27.6611324952 28.2237456065 27.8154390543 27.6387474021 28.003194286 27.1925629163 27.2869549553 27.8564673678 28.3143089677 27.1630614087 27.107276534 28.0009225166 28.071178362 27.5418551769 28.2049841651 27.4657288469 27.3963295842 27.6350866582 27.6603522662 27.2598058974 28.3523594245 27.5514709759 41.7766832239 28.2859764693 27.8572515487 27.8763720757 28.4039867287 27.5487255672 27.2689353408 44.3701388011 54.701723361 28.3980487804
0 0 0 0 0 0 0 0 0 0 0 0 0 0 0 0 0 0 0 27.9419692345 27.5514359259 27.607531892 28.0439898444 27.8465612098 27.3009211321 27.6739726228 27.9570525426 27.6348571004 28.0712963322 27.1351580687 27.6445011071 27.2415679502 28.0309005203 27.8484860685 27.7798089646 27.1798517257 28.0567089185 27.7778277332 27.6714651354 28.3288432823 28.1647986415 28.3168622914 27.885176029 27.1240512884 28.2725455262 27.7814027532 27.9815179087 28.2309918955 27.4719498326 52.1745940251 54.701723361 54.701723361 59.1161718684
