Spatial_Output/BAU/BAU_0252.asc
NCOLS 155
NROWS 192
XLLCORNER 196769.923733
YLLCORNER 449719.875193
CELLSIZE 27.603701
NODATA_VALUE NaN
[rows 0 to 22 of 192, columns 0 to 52 of 155]
62.7656474784 52.9245986668 64.6878055196 64.6878055196 64.6878055196 0 0 0 0 0 0 0 0 0 0 0 0 0 0 0 0 0 0 0 0 0 0 0 0 0 0 0 0 0 0 0 0 0 0 0 0 0 0 0 0 0 44.6331753586 45.1466817876 44.8576752864 44.8847563683 44.5053039706 44.7459509542 44.9537723604
0 83.8499178827 64.6878055196 64.6878055196 67.1321288493 62.2987209311 57.6927973682 0 0 0 0 0 0 0 0 0 0 0 0 0 0 0 0 0 0 0 0 0 0 0 0 0 0 0 0 0 0 0 0 0 0 0 0 44.6435514975 45.0569286309 44.7097703952 45.0238204356 45.0943073687 45.1045925292 45.1457080482 45.0641852074 44.5129155758 45.000136279
0 0 64.6878055196 57.8730057711 75.4934527079 75.4934527079 75.4934527079 57.7931952374 0 0 0 0 0 0 0 0 0 0 0 0 0 0 0 0 0 0 0 0 0 0 0 0 0 0 0 0 0 0 0 0 0 45.0964815976 44.6140995718 44.6732743427 44.9568793398 44.7566015172 44.5442290641 45.1655187488 44.8121858479 44.6990528593 45.1900940102 44.8989838725 44.72748151
0 0 0 57.6627949692 75.4934527079 75.4934527079 66.101240297 66.101240297 67.4929434481 0 0 0 0 0 0 0 0 0 0 0 0 0 0 0 0 0 0 0 0 0 0 0 0 0 0 0 0 0 0 44.5095546047 44.9107004718 44.979970697 44.9353900675 45.1070565785 44.8579654702 44.9463705324 44.7250643559 45.1729015265 44.6585100329 44.7595579978 45.0676679817 45.0765592653 45.006696739
0 0 0 0 0 66.386027424 66.101240297 66.101240297 58.0476297683 65.9900180396 0 0 0 0 0 0 0 0 0 0 0 0 0 0 0 0 0 0 0 0 0 0 0 0 0 0 0 44.5397547191 45.1835667991 44.8382297089 44.8099219345 45.1448531969 44.5960552241 44.574765783 45.1969325765 44.6486713667 44.5824195913 44.8681954421 45.076100777 45.0283221563 45.0371779016 44.9738830928 44.5633338342
0 0 0 0 0 0 67.4929434481 67.4929434481 83.601530543 60.7058048269 60.7058048269 0 0 0 0 0 0 0 0 0 0 0 0 0 0 0 0 0 0 0 0 0 0 0 44.7354100023 44.6395576925 44.62659634 44.8576549154 45.0401388815 45.1846971801 44.7853683507 44.8550326407 44.9882212625 44.5925671742 45.0743010561 44.9265836259 44.8347037095 44.6453348 44.658714168 45.155202503 44.5374977661 44.9757087781 45.0425325777
0 0 0 0 0 0 0 61.8546602461 83.601530543 60.7058048269 60.7058048269 71.7234102761 79.5814894277 0 0 0 0 0 0 0 0 0 0 0 0 0 0 0 0 0 0 0 44.7156722801 44.6867412508 44.8980327498 44.93423635 45.100371062 45.0991848796 44.7368531533 44.588563691 45.1889389008 45.1055487981 44.6213553744 44.8822262071 44.9021557044 45.1156431274 44.9719305341 44.6090292029 44.7245849687 44.904279044 44.8634263771 44.680210916 45.047890855
0 0 0 0 0 0 0 0 60.3518608418 60.7058048269 71.7234102761 53.4423485026 53.4423485026 45.1846121005 44.5942501019 44.6777532629 44.7225976161 44.7946440728 44.5001932914 45.0705907145 44.9821059651 45.0598269687 45.1223114207 44.7949089788 45.060644103 44.886770189 45.0009053696 44.7209317827 44.9863021485 44.6280135898 44.5749738321 44.9954638721 45.0203698926 44.7915770626 44.6467751984 44.8494147378 44.9882723261 44.5525823105 45.1080090709 44.5807255823 45.1087716984 44.8330109849 44.5381538371 45.0575837728 45.0147536986 44.8794420209 44.636874734 44.9880285047 45.031063655 44.6883355758 44.8899316993 44.5067278642 44.5406038766
0 0 0 0 0 0 0 0 0 79.8836512385 74.9731526672 80.4706056428 53.4423485026 79.7852761322 79.7852761322 45.1515363527 44.794178229 44.5186801478 44.9308345371 44.7795084806 44.5583328153 44.6262265616 44.5041132587 44.7223093112 44.8661619956 44.5594875636 44.8138426471 44.8426527738 45.0221208403 44.5597379424 45.1595958911 44.7640360525 44.9333161332 45.1162929883 44.5070645431 45.1943809494 44.8611775508 44.6666989632 45.1996615021 44.5473267701 44.9295360899 44.8090525184 44.5795170204 44.8687138861 44.8176583969 45.1099313663 44.5050051641 45.149868482 44.7516138229 44.5102262401 44.6410446809 44.5327911584 45.0900211796
0 0 0 0 0 0 0 0 0 80.8398561542 71.3311230479 79.8356136222 79.7852761322 79.7852761322 71.4978811382 56.7046343814 44.6671984613 44.5748032428 44.6731289065 44.7574004178 45.0377677176 45.148997503 44.9049810918 44.5621599439 44.8306449587 44.7946973177 44.8466992918 44.5362251181 44.8115299224 44.5665980642 44.9800321585 44.6475023569 44.9479134067 44.6717330424 44.7022065715 44.8885612949 44.811015942 44.5161342365 45.161749057 44.5173416165 44.7982688146 44.8468667475 44.5896553969 44.8336692613 45.1532481844 45.1087657332 44.9622076699 44.9851285808 45.0921520525 45.1235939654 44.6237980686 45.2045553825 45.0404621563
0 0 0 0 0 0 0 0 0 73.6634221809 69.4598793643 82.0584760418 79.7852761322 71.4978811382 71.4978811382 45.1502144599 45.0608099789 44.6753272014 44.9748655219 45.0909166966 44.5497229569 44.5705017307 45.1227318246 45.0053348578 44.7286952997 45.0912223338 44.6276358497 44.6808068667 45.0382951805 45.0869475757 44.5655608257 44.9889306731 45.1914153903 44.9722477925 44.8071415335 44.6423550304 45.0581281055 44.5582157454 45.0761870514 44.8561378268 44.7136740609 45.2046707135 44.8023321362 44.9146846981 44.7900059766 44.689837325 45.20663711 45.0348012284 44.805200953 44.7671804847 45.1332998279 44.8807091703 44.625703653
0 0 0 0 0 0 0 0 44.9128740013 44.5510835217 45.1226167356 44.6162371161 44.7484864813 71.4978811382 32.9448605454 32.9448605454 32.9448605454 78.9512648719 44.6292817652 45.1013763549 45.1752860824 44.9457011506 45.1772810952 44.9346915569 45.1377685299 44.707784472 44.7719478542 44.9669636709 44.565184312 44.5826825906 44.8927008945 45.1964995191 44.787599676 44.9280227339 44.9759036663 45.1428208733 44.5504918947 44.9682759398 45.1985437658 44.6620129471 44.8505723793 44.8241800014 44.6334516346 44.857321385 45.1148939873 44.7035460954 44.528938457 44.842951678 44.8886796731 44.8079469475 44.7081217894 44.6588022535 45.0209366541
0 0 0 0 0 0 0 0 44.7005047297 45.169750276 45.1083953583 44.9726252144 44.87804202 44.6195592182 44.8111324344 32.9448605454 71.0418501936 76.9178915138 60.7030969424 44.8261903588 44.9127206746 44.5712108983 45.1705999669 45.1385730555 44.8591010077 44.5918680871 44.9971383076 45.0578460398 44.999023395 44.5583052905 44.7048361589 45.0587308593 45.0801903562 44.5473758985 44.6261857098 44.6567173709 45.0191760877 45.0915981825 44.8691244144 45.0208255368 45.1915231331 44.6175952967 44.6648293342 44.835171828 44.6419734495 44.725258096 45.1664147953 44.8497535547 45.1900729461 44.8722991791 45.1034035971 45.0222824146 44.7888377874
0 0 0 0 0 71.6697192144 77.8356977319 85.7322957153 45.001330389 44.5234863061 45.0525771359 45.1191156098 44.9562665899 44.9798043031 44.7437622105 45.0224736795 76.9178915138 75.9438516268 75.9438516268 65.8782039582 50.9143001603 45.1128053849 45.0692957053 44.5864505716 44.9431055551 44.8387104948 44.9507749351 44.6683046295 45.0160711614 45.0819215896 44.6270232524 44.9895214538 44.5333890757 44.980522462 44.5659327216 44.8892216202 44.7291117867 44.8222890552 44.5973532511 45.114908069 44.8960038704 44.9433293687 44.8370775536 44.812873984 44.6476267477 44.9052398728 44.7121572692 44.8730797348 44.8947244894 44.5418747936 44.9068487182 44.7946585656 44.7361866443
0 0 0 0 0 85.1188240069 87.4936099821 79.7637295874 44.5250858163 44.6603745027 44.6307061179 44.5640727335 45.0692485651 44.7337033834 44.6575279696 44.9503923769 76.9178915138 75.9438516268 50.9143001603 50.9143001603 50.9143001603 71.7762089277 44.6789261048 44.7711124094 44.9113587898 44.7866648019 45.0710962818 45.0880055824 44.8448736289 44.9670309195 44.8440687136 44.8705119974 44.7658243441 45.0419399835 44.6337014088 44.9341616716 44.8279315076 44.6679523835 44.7549700544 45.0991311724 45.0913388714 44.550195116 44.6287653634 44.8164648618 45.1593015488 44.6628836206 44.9731724886 44.5393921006 44.9167957308 44.793915173 44.6603560561 45.0751995285 44.7698149046
0 0 0 0 44.884392795 69.4001937879 84.0899374063 83.5457193005 44.7682615966 44.9800054955 44.5315192774 45.1313829174 44.7646977834 44.7207784461 44.9021772539 44.9776125647 44.5375408068 45.043402663 44.7369080618 50.9143001603 71.7762089277 71.7762089277 44.9549990779 44.9661475702 44.8667921536 44.8232559969 44.6180645552 45.0709628855 44.8320373704 44.8421894688 44.8668072566 44.6473850531 44.7473011578 44.9638520443 44.9589364449 44.5905366854 45.0722776035 44.6772213726 44.5831916935 44.6162467632 45.1408902566 44.6085509031 45.1300210567 44.6841968313 45.1990567199 44.573692569 44.8419325751 44.5429921777 45.0754406023 44.935834843 44.9997735369 44.7055675533 44.9805945606
0 0 0 45.0515776638 44.5597279103 44.6524524554 96.8165315773 96.8165315773 44.9326494991 44.5464348739 44.8293262628 45.1270844215 44.8098029037 45.0425826733 44.7786056338 45.0071542937 45.1487559977 44.8902546538 44.6384003931 71.7762089277 71.7762089277 45.1520872443 62.4731209577 62.4731209577 65.1099683768 44.9270347449 45.1174016366 44.7195005499 44.9545843984 44.8627922115 44.5880508757 44.9841530095 45.1421805209 44.7972565925 44.9707207959 44.8182078135 44.5057370543 44.8105161987 44.9511859176 44.7867837897 44.8331857261 44.7428244662 44.762039745 45.1500719351 44.6840918376 45.1117843535 44.6210785624 45.0408125795 44.933888957 44.5505390035 45.0264023069 45.2025277805 44.7249870281
0 0 44.8614452581 45.0293239636 44.9333232497 44.7104647218 44.8010759992 45.107156838 45.1179279993 85.3720541503 45.0328085448 44.705359043 44.8738725318 44.7692834597 45.1201596725 44.7392177933 44.9381998518 44.909338904 45.0977898105 45.200926812 44.5439297909 44.7101716907 86.7280684019 68.2819066741 68.2819066741 62.9192353745 45.0682451205 45.0201476833 44.5881865307 44.5934732381 44.6781209951 44.8547328776 44.5122624494 44.9016889901 45.0215513623 44.9806051402 44.5947561982 45.0842287996 44.5740668781 45.0858783878 45.1745225956 44.972333929 45.0994531899 44.9293545849 44.802448538 44.8913925344 44.889684032 45.1365985479 44.5861106996 44.9109987672 44.5180972944 45.1134126124 44.5254351589
0 0 45.1886972572 44.6601374339 45.1691390016 44.8150347371 44.8864638693 85.3720541503 56.9895284843 45.0100364584 44.6733023388 60.378537481 44.5255919427 44.5237298117 44.9259361488 44.9973757154 44.5745730375 44.5022993144 44.7808130034 44.9454927121 44.6732797113 45.1300224031 45.1244063001 62.9192353745 62.9192353745 62.9192353745 64.8538779465 44.7927081445 44.9590511702 44.5043002698 44.5847881206 44.851727725 44.9747584238 44.5961033421 44.9191923706 44.9873366821 44.5516713478 45.0970728797 44.6166101887 45.1720634948 45.1802197299 44.5526579501 45.1497458771 45.1552494784 44.6115825878 44.517520156 44.6839226703 44.9453449254 44.6027708629 44.6099967665 44.9458039672 44.6840302476 44.6644656193
0 0 44.5340168624 45.0659002001 44.805768412 45.0977731748 44.5960396593 44.7932400272 56.9895284843 65.3345295284 60.3647270435 60.3647270435 44.6743052582 44.8064651596 44.9967932766 44.8086361167 45.1236932236 44.6621417483 44.7925979468 44.7612501685 45.0850546009 44.9368752731 44.9704988031 62.9192353745 62.9192353745 77.0405879769 64.7241837792 64.7241837792 44.8988512384 45.0816716733 45.1147819858 44.9533152454 44.5305009908 45.0223137681 44.5426416491 44.9429526057 44.7998482949 45.0440668699 44.643442238 44.8749514908 44.5025011213 44.7750705759 44.6612265175 45.129491273 44.5063411178 45.1837351134 45.0578124456 44.6217380644 44.5069366488 44.9804423039 44.7380132285 44.9269509555 44.6889149413
0 0 45.0006413211 45.1385622965 44.6699169138 44.9060404605 44.5140555938 44.8269472698 44.7255828083 60.3647270435 60.3647270435 60.3647270435 44.9476753401 45.0282816691 44.9978615943 45.1905639751 45.1761845988 44.7079925059 45.0707760034 45.1890261883 44.871905379 44.9870179807 44.5983766755 45.1113297723 64.8538779465 79.9862431922 63.8903752886 63.8903752886 45.104231739 44.9584143927 45.1078002055 44.9343556875 44.9060329836 44.6939102307 45.0449021378 44.8967609047 44.633196317 44.7916719997 44.9272299724 45.1093878042 44.9246749068 44.7405344313 44.873510856 44.5321730665 44.9922348509 44.8759083658 44.5666835365 45.1116797301 44.6683601776 44.8637430325 44.533564391 45.0150682269 44.7633333553
0 0 44.8463346766 45.0745548442 45.1813032887 45.0198520474 44.6574814939 44.8621948413 44.8037863339 45.0201606582 44.5812489827 63.3866584294 63.3866584294 65.5988232398 65.5988232398 84.3011934724 44.9820353577 44.9147752449 44.7626714271 44.6093355114 44.9842227895 44.9270349552 45.0737182198 44.9868839813 44.6812486529 45.0166635037 63.8903752886 63.8903752886 44.701812661 44.8142573983 44.6571424537 45.1146949872 45.1594402871 44.8391906577 45.0560972121 44.679269847 44.6117318185 44.6357528495 45.1769963777 44.8987184903 44.8242441913 44.6597020323 45.1867772191 44.592220547 44.953980744 44.5442103228 44.7419757075 45.0554825989 45.0278202735 44.9244408454 44.8438235173 45.1438660788 44.8618639884
0 0 44.8520960284 44.6990290483 44.5843810694 45.0986077126 45.0140763936 44.9308159538 44.993085533 44.6838477652 44.7791186065 44.5154691075 72.6009206715 65.5988232398 65.5988232398 44.8380968874 45.0562936148 44.6557381148 44.7576568348 44.9154181927 45.0315432142 45.0943402481 44.9577349591 44.6506495998 45.0820139964 44.7755646582 44.9049359194 44.7584429725 44.7134231847 44.7789059633 44.898072852 44.6684503011 44.8897814635 44.7540185683 45.0286323624 44.6350922494 44.9765707401 44.9063056094 44.8028961608 44.8919018586 44.8793257531 44.8222788327 44.9672873027 44.692742369 45.0129941475 44.5733358136 44.9350188827 44.947466838 44.6451053355 45.0714558791 44.9805363565 44.8660957892 44.9211639032
