Spatial_Output/BAU/BAU_0415.asc
NCOLS 155
NROWS 192
XLLCORNER 196769.923733
YLLCORNER 449719.875193
CELLSIZE 27.603701
NODATA_VALUE NaN
[rows 69 to 91 of 192, columns 53 to 105 of 155]
32.5732119567 33.6708011581 32.3690396402 33.2724733869 33.9545024524 33.5815868334 61.3303610547 61.3303610547 61.3303610547 31.7045208653 34.8325201098 31.5749632731 34.232979939 34.9918001096 31.6088187837 33.3107218863 31.9678022258 31.9438194534 59.3905437736 59.3905437736 59.3905437736 57.2200420823 33.0946322632 31.5592793958 34.6481883725 34.5120193931 31.5612079694 34.4761188329 34.0620830232 33.4347560405 32.8380474293 33.2400999978 34.8658023851 32.9452972468 74.6724179767 74.6724179767 73.3019651125 33.3567690249 34.3546350177 34.9104599296 34.3479470233 76.1810388889 34.9687610599 67.5932872279 58.5569649885 58.5569649885 33.8037506932 33.2866014981 32.4256971361 31.6990332163 33.3187294889 32.3466463563 33.2972062018
34.4125367573 32.0636585432 33.2372368483 33.9571001433 33.6672533162 32.0461420055 33.0847290355 33.1912293859 31.5832777967 31.9429947009 33.8707867036 34.0478312046 31.5832170917 32.3323713178 33.1354120956 34.379219518 31.9485543534 34.1577698745 59.3905437736 71.4885605452 34.2668701933 33.3953769992 32.2868029883 33.3748228532 34.0325424165 31.9243331327 32.7339331032 33.3224960816 33.8232514873 34.7477733037 33.8038219649 34.3892089201 60.0478400989 60.0478400989 32.5041476634 33.8039168049 32.0138415072 33.4820079362 34.3028572062 34.2920157668 32.7275928519 33.3461850699 31.8416896002 67.5932872279 58.5569649885 58.5569649885 33.9970475845 34.7393508199 34.8993905283 33.1536815197 33.2004315466 32.6761568923 34.5586821638
33.2185583296 32.2806096793 34.0408415604 32.7236029564 34.7236130968 32.6663606916 33.888935091 34.7674176286 33.6731936237 34.5093628011 34.0669148662 33.4717998127 32.1032159049 34.1020624823 32.305289543 33.3083337207 32.0284347937 66.4355922009 60.5313923559 71.4885605452 71.4885605452 57.2200420823 57.2200420823 33.4418486638 33.4954701921 34.6901902786 32.8881438203 34.1086811536 34.9138281958 34.5228933582 32.0793305317 31.8213081126 60.0478400989 33.3424977717 31.8903341819 34.9942566538 31.9117536824 34.6757372716 33.9561425071 32.9747390462 32.2453391411 34.7051764953 31.5127308461 31.9923884343 58.5569649885 75.5120638924 34.4653602923 32.927031455 59.2699467904 73.7110371736 32.5261382476 32.8345783548 32.4671286056
32.6087691656 33.766147109 32.9749395734 34.0637052302 32.5221684344 33.7400904253 34.028680822 34.1356160207 32.7863932283 34.1925607468 33.2111831045 31.9425904753 34.8597259863 33.2411665109 33.4508561708 31.5441215078 50.1625349012 66.4355922009 66.4355922009 71.4885605452 71.4885605452 45.4294691842 33.7436067944 32.8656529716 32.9790505432 31.501763809 34.6326811273 32.4994350091 31.7179772855 33.0763373917 33.2997258131 33.9534423254 32.169776623 33.3624053801 33.5535102736 33.9322332267 34.7539379905 31.6549705372 34.7206019146 31.8385887082 31.8898659608 32.9078575934 33.3001260858 33.8402326763 33.1984189626 33.6719412006 33.5825568186 59.2699467904 73.7110371736 73.7110371736 46.9149724416 32.1884044897 32.5024499103
34.7920661443 34.5025756919 34.3024476549 32.0623088695 33.9624422859 33.7175664051 34.4018217409 34.1009041949 33.3857417825 32.3191571233 31.7813335578 31.6443376634 34.1116817743 51.6997261401 47.7068812465 54.09428279 50.1625349012 66.4355922009 66.4355922009 42.4249899691 42.4249899691 35.0135787406 34.3096928287 31.5960494564 32.4553313374 33.5391491271 31.7225712252 34.3134487505 34.7556549965 33.477835731 32.5839396368 33.2046102072 31.5086214417 77.451441848 77.451441848 34.8530416468 34.2378899582 31.95663573 32.6496980271 35.0230497765 32.3975922598 31.6804634359 34.7334351889 32.5690151052 31.9302128378 32.7405240489 32.7451641063 59.2699467904 73.7110371736 73.7110371736 46.9149724416 31.5619729356 33.6076124741
78.5105972129 55.1858715374 67.284710849 31.7995895284 31.7043102447 33.0604226327 32.9499890613 35.0250868655 32.140314074 76.3582127187 50.3162450564 32.4680336083 54.6779316322 51.6997261401 51.6997261401 47.7068812465 47.609888349 33.6985185578 34.3644188623 32.6364018651 47.7839749859 33.4548019501 31.6262842525 33.0316481455 34.1408758251 32.6966634048 34.317304141 34.3950955663 32.9537061851 34.1176165599 31.6365613688 33.3954909702 32.4699019344 76.1948531442 31.7426424684 31.6633954849 32.2560338962 31.8366501153 34.9497788433 31.9281401467 34.0318258079 32.1662211239 33.3970573143 33.3224828222 32.3924582521 33.583567565 33.8536012793 31.8505657235 33.0110070967 32.7962167147 46.3196850403 68.8131834915 68.24849176
78.5105972129 78.5105972129 67.284710849 47.1748530793 47.1748530793 67.894739609 67.894739609 34.8760356122 33.0226003438 32.178878853 61.1501426763 33.5253959027 54.6779316322 54.6779316322 51.6997261401 47.7068812465 33.7633420886 31.827047474 33.9377783895 33.4506500349 47.7839749859 47.7839749859 47.7839749859 33.1034699036 33.9699648842 33.3109755185 33.1466786214 32.6375288996 34.018238801 34.4377482566 34.4467176028 32.1113053998 76.1948531442 76.1948531442 76.1948531442 34.2263989267 33.7102597159 33.9981288406 33.6153528086 33.6426305628 34.8457255885 34.587625803 34.0824748216 32.9047114932 33.496395416 32.0165735554 34.0255086206 31.5414710989 34.0046618693 32.2678995872 34.8163266421 32.6672015875 68.24849176
78.5105972129 55.1858715374 67.284710849 47.1748530793 47.1748530793 33.1099530073 51.0581194519 51.0581194519 51.0581194519 33.6741166321 61.1501426763 61.1501426763 54.6779316322 54.6779316322 34.015570191 34.8655753673 31.7216339158 34.0274147875 32.947265093 64.0243275126 82.2503251217 82.2503251217 82.2503251217 32.2416150555 31.7664092229 34.530891744 34.3772197884 31.5979808093 35.026885711 32.5140538651 34.1030509679 34.4003579437 54.7511018677 54.7511018677 54.7511018677 34.860789208 32.967978103 31.5486269411 32.2312435322 33.9586274942 31.5940393704 34.2059808595 34.2821883062 34.2600913173 33.2721825197 32.2904573933 32.6463200087 34.2844137465 32.4135625085 32.0461556291 33.2849269071 34.0863901717 34.0717226046
32.2212916091 33.81948819 33.631985504 33.2241071024 33.0431464372 67.894739609 34.5657008108 51.0581194519 31.8469862774 32.4612110834 34.0955336522 61.1501426763 33.4181849093 33.0765999775 32.3008962787 31.6887908246 33.3537178012 32.6529729947 32.58344994 34.7526237929 82.2503251217 82.2503251217 69.5084844399 33.0454084045 33.9668784775 33.15178186 32.5938020456 33.8263738189 34.8515665662 33.7967631736 31.8651311417 33.7611202385 34.2691645647 44.4073449014 44.4073449014 44.4073449014 32.0060636616 31.7208209379 34.3646047623 32.180068671 34.4612490506 33.3870184988 34.7358317948 33.9898885014 33.0279679089 33.1875079959 33.8017213908 32.11572666 33.5255006312 32.1556678866 32.9508749403 34.4537846805 34.1015513156
31.9719286483 34.752024179 31.7640500253 32.3329441169 34.9922974642 32.874432349 33.6198142808 51.0581194519 31.7708701807 33.49493508 33.8656109617 31.7017151316 34.6613595705 31.7501518819 34.1738599929 32.5922582599 31.7558165162 33.4176506781 31.7506479154 32.5373441178 69.5084844399 63.1177067271 69.5084844399 33.2070539831 32.8502170598 31.6051327621 33.9883890251 32.0604118823 32.0509378385 32.1931429462 34.1458100825 33.4274834855 32.9854209055 32.8665170931 44.4073449014 32.5741472668 33.3129819699 32.0407589108 31.7280927159 34.3434527566 34.3569927254 31.7321553174 33.0899127465 33.9051554551 34.4546721329 34.2936525593 31.8775518725 34.9623629934 33.3005416796 33.8381722494 34.3659503162 31.5105772604 33.4018686515
32.43666058 33.7103627647 32.6735070222 32.8376095191 32.3087855241 34.6340746938 32.4741787722 32.5450138868 31.6539091597 34.5693028834 32.194857812 33.7363688741 34.4473872557 33.6370977357 33.3693960826 31.9998065655 34.2392558168 32.9225218944 32.9927181149 32.284287039 31.7445997583 63.1177067271 63.1177067271 63.1177067271 32.7628504269 33.8863953775 31.9077239327 34.4924227671 32.6411333842 32.2500120164 31.8991690007 32.8453971158 34.5803133256 31.6230315037 67.2177693753 67.2177693753 32.3548085933 34.0603259781 33.5935059063 33.6832999452 34.5098281986 33.1625848001 31.9578019847 33.2768265895 34.3010379937 34.7984098019 34.1634713713 32.095958124 33.6378118692 33.7787395198 33.4100199211 32.9840710655 32.7692005838
33.578328653 34.399414679 31.8504052752 32.1853060246 34.531877725 33.2576605619 32.1640790486 33.1755715251 53.0098520846 53.0098520846 32.7075820419 32.4710442524 32.5490945522 31.6346288367 32.2916849199 33.7833716631 34.9553117841 33.7115464376 33.5472760488 34.1878558287 31.5605667684 63.1177067271 52.1390981059 34.5277234382 34.2406331748 32.4033215715 31.9412423279 34.4405618835 33.4483848571 32.9469067887 35.0072662845 33.1408380061 32.5761748872 60.3351965036 67.2177693753 67.2177693753 34.7578218716 32.1270884041 31.8720454362 32.6492424324 33.9399892937 32.3974923871 33.7073255029 31.9352037712 33.8725582835 34.8329415938 32.6530431575 32.2586370642 31.9993862457 34.7777359335 31.8331157844 34.0395628986 32.6069388521
31.8986534887 33.5871361695 32.4272948871 32.4729055765 32.0190980017 34.1497879916 33.8405397134 34.9409848356 33.5629898662 53.0098520846 33.0256391087 33.9032705102 31.8543336355 32.0940896689 33.950781299 33.8804435494 32.3762720745 33.0289598152 34.456024824 33.5812232925 33.001888543 33.6497232086 31.760797821 33.9031422964 32.3257019041 34.9161122751 32.8470834458 32.4545834172 32.969674844 32.4187008535 34.0426386955 33.1029320972 31.8049619016 32.4972801203 60.3351965036 60.3351965036 34.3670382664 34.2052686588 31.5442938153 31.6630233334 33.2666752268 32.9487942795 33.0420308212 32.7995403788 32.7570853463 33.1075835996 31.8077814674 32.9785799237 33.1930866502 34.7189721627 34.6372834642 31.5363925875 32.3407984697
34.03507816 32.9402706143 31.6610793153 33.2634710256 33.706218232 33.412501057 33.9851957792 31.5583267387 31.8608212193 32.1320904614 32.1307255961 34.4463442823 33.9643483281 32.5466704104 32.6177444513 33.1813738033 32.6357738924 34.3891090991 34.408062568 31.5965303604 32.7636282303 33.4843423333 34.1307830942 32.5096663921 33.1931692804 33.443892463 34.064762586 33.0307341996 33.3718796593 33.3685807485 34.8304491143 31.8493948621 32.2441612609 31.6478508565 49.0717603792 49.0717603792 49.0717603792 31.6534191857 34.8520890271 32.0593754177 33.050381134 32.3687257367 31.6319084278 32.5693030485 33.7289758006 34.2429229169 31.9994547454 34.7567769758 33.7374146662 34.5770644253 32.5728563459 32.0754999295 33.9174728973
33.7088134617 33.3870074688 31.5497967802 34.4882166673 31.5467126688 32.6227808509 33.6904563482 32.8007419308 32.7260175576 57.2990042327 33.1031508188 34.9081925503 32.3886654016 34.9983733438 34.96269091 32.0555911893 32.9045487845 34.7661263454 34.4829948549 33.8007691315 33.2489506003 31.9836269782 33.6365379048 32.2661180926 31.5552926223 32.4984318352 32.1357609478 33.3232194902 32.6815805281 31.7421474313 33.7675138217 34.9029200359 31.5927110129 34.724225675 73.2148172597 49.0717603792 73.2148172597 32.7482674344 33.4266603392 33.1139057952 33.5366300444 33.9292813816 34.394426088 33.8611689632 32.7492069834 32.2846153728 33.7000739183 34.7719960318 33.3029597484 33.4391364188 34.690788612 34.3680516154 31.6995196547
32.046349234 32.2331676043 31.7727991634 34.3350388595 32.4488537505 32.7415973502 31.5720478956 32.7922652969 57.2990042327 57.2990042327 57.2990042327 31.6409410883 35.0248516113 32.8376390284 34.1265798817 34.9077026975 34.8487857711 32.8244150517 31.7470252681 32.4991456985 32.5903681466 32.663892464 34.2617357167 31.6178777525 32.2674654623 34.2354690815 33.1916402735 34.900161582 31.8080923917 31.9781524335 34.1003899551 33.9068212852 32.1665066294 34.7617741912 71.2783787639 43.3902660338 43.3902660338 43.3902660338 34.3252425382 32.9271315286 32.1773304029 32.9156967876 31.7743991698 34.6486841467 32.0317634025 32.5423952169 32.8409329927 33.1714805247 34.0580440702 31.7584721954 33.3655775917 32.4141568011 33.7183334418
33.1745240018 34.9272984798 32.1135271032 31.6900817278 32.3562214318 32.2245998369 34.5645101524 34.6936419228 32.3217749228 57.2990042327 33.2566845194 34.9788066584 34.780637085 33.6660346733 34.9444333977 34.6798117949 34.0418586091 31.6343242173 31.8009405892 33.3458577438 33.1474176607 34.8425693241 33.3837477214 34.1367007531 34.8706327736 34.5197197345 33.0502755829 34.6351661802 34.1955757659 31.6478405869 32.663766954 33.7192117569 32.5676129465 33.903267079 34.4362312232 43.3902660338 43.3902660338 75.1761560641 33.5977009069 32.0273186639 34.3302163024 34.4912876152 31.9363257582 34.6390948724 33.6109717588 32.3154991779 34.1616928361 33.8806771126 32.1207055631 31.5389921935 32.5254732375 33.1479142793 33.2364078848
33.5070844609 33.1173436739 32.9062354695 33.8698077808 33.4834693379 34.4649722684 33.4919937906 34.5486466545 32.0058934808 34.0538471994 34.9534482391 33.6965422276 33.1419937381 32.4124411092 32.4087373728 33.7509522911 32.4311173286 33.1338421621 34.9654479935 32.9370503476 33.4781283699 34.1147266142 34.3595028598 31.7859497159 32.3972292778 33.3454295696 33.1166489641 33.0666420777 32.9711866592 31.6795552793 34.6518395448 32.0999293597 33.9721089266 33.0163315346 33.6366547537 75.1761560641 31.9149398393 59.7767180231 33.5336726762 33.7494423968 32.5378074375 34.7415010398 34.4506760371 34.2725131363 32.1998675207 33.7334981024 32.1930388364 33.2564240494 32.4041581871 35.0303613021 32.05563397 32.2666406591 33.7123125458
34.8210666555 32.8029212072 31.8076398501 32.0729697732 33.6501377474 34.3201402714 33.6111753382 34.6494304028 31.9022250461 56.7467330839 33.111037175 34.1715424098 32.4674748434 32.4284382593 33.4336243113 32.4939071643 32.1597677453 32.8440011055 33.4396868561 34.4722853775 31.9249818251 34.6204887022 31.9244368653 32.2703572469 45.1637845002 34.6119409861 33.3148033608 31.875398632 33.4289801146 71.9098518301 72.1443262427 33.0444652317 32.6484286429 33.3107745109 32.2866407974 33.5231542109 80.7945897434 33.1118536462 54.1799512974 34.6455029612 34.2762948539 31.5468047394 34.6080968578 32.9564782783 32.8245465347 33.2532826781 34.2821874368 33.20132763 32.0028011734 34.2587737807 34.5847442696 33.2180290104 34.7081928339
31.8608715785 33.9276796341 31.7774247934 34.8668843142 32.1407536535 33.0364089239 32.9617729036 31.8548752422 56.7467330839 56.7467330839 56.7467330839 32.6891200475 34.4116712377 31.8347285472 33.2865632673 32.4635752986 33.1272196678 32.2076662663 33.6257987672 33.8394063093 33.0508792861 34.0426378715 32.2512755632 33.7729776976 80.3922790074 34.2955734641 32.2383665106 64.0343454505 62.8590199807 68.1395747006 68.1395747006 60.3622418887 71.7594652565 71.7594652565 60.1594480037 81.3981798682 81.3981798682 80.7945897434 33.8540987108 32.5460754494 31.5728174761 34.8122881795 32.3116013683 32.0544505036 32.3959351967 34.1530813957 32.9020150845 33.8342090157 34.2667477096 32.5094756306 31.5527856175 33.1905327567 33.1722957746
32.4782363499 32.5447496398 33.6595192788 31.5786594051 34.9724317876 32.6693425625 32.5682959533 34.7232163666 34.1172672941 56.7467330839 34.414826555 33.037768612 31.7191199166 32.9235287318 33.4708531796 33.5869275593 33.686794734 33.6160327134 32.0831154361 31.7834022776 33.1937999653 33.567820411 33.0025002662 31.7843581834 33.2506390191 31.5221603376 34.0645268312 35.0311126946 62.8590199807 62.8590199807 68.1395747006 32.9968932736 71.7594652565 71.7594652565 60.1594480037 81.3981798682 81.3981798682 32.8504450975 34.361295923 33.9932478856 32.6747869036 34.8893808507 33.1318531507 32.7198079116 33.7190614933 31.6882621634 31.9723462911 34.8500604205 34.9582861222 32.7006555215 32.4974767538 31.5014723876 33.2147396252
32.0243275812 31.8218662652 31.7796636886 31.5604018544 34.6880031945 33.9267143356 34.8612704718 34.8927279319 34.4386127702 51.2381966369 51.2381966369 31.8857229421 34.8938017091 33.1360418567 34.9648783691 33.8807904712 32.0521684477 33.5659453044 32.1671587426 33.0894017949 31.6744807317 33.3961924823 33.7031963636 32.9201020729 33.4557722966 34.0078510601 60.2506836716 32.4065651321 62.8590199807 71.9098518301 34.8820833361 70.751626955 32.3936828283 33.8837118783 34.1662302068 32.1669789436 62.4373075465 32.9854472093 33.5459690881 34.3636203025 33.5420338611 33.607007241 32.3034356618 33.627178942 33.6193490339 35.018829283 34.3418168214 32.6602998055 31.9182480055 33.6050109529 32.6428136527 32.1880836562 31.5507177842
34.135026855 33.6790388256 31.6627107988 31.9214326101 32.7656347456 33.4467220136 34.6058347157 31.9744252044 32.3007974304 51.2381966369 51.2381966369 33.2418446504 33.8155644127 32.5862517566 32.8317351252 33.3104185743 34.9137153203 31.6088899166 34.3639350707 32.4916843571 31.6756393366 33.6095087116 34.2182290146 31.5522731925 34.5145222044 57.7358193478 31.82340621 31.7969752974 34.8688950753 34.3149219179 34.6723277841 31.8119814 33.8212227737 34.1473030469 34.405844859 34.8623435504 31.8986920517 57.5063756107 31.7650466225 34.8119587229 33.6554030293 33.5048844216 33.5867527704 31.7976283306 34.4131467609 34.6689131875 34.5192564523 32.0455920317 32.8470797174 32.7209586928 33.7704516671 33.3197964707 32.0768169857
