Spatial_Output/BAU/BAU_0701.asc
NCOLS 155
NROWS 192
XLLCORNER 196307.867259
YLLCORNER 449144.565805
CELLSIZE 33.573938
NODATA_VALUE NaN
[rows 50 to 74 of 192, columns 57 to 113 of 155]
25.5381623782 28.4067364287 26.35333378 28.0772392856 58.5788850943 58.5788850943 58.5788850943 26.0573372247 28.032003169 25.0529152246 28.6416557244 27.4550455218 28.0532121924 57.9925829803 57.9925829803 27.9755150081 27.6717266207 26.4769563689 25.5568108005 28.3454715256 27.2554895457 26.9950377173 26.4532878901 28.8355069159 27.9981213398 25.4163630252 25.7287248495 27.8664461609 26.4113731115 27.1019807616 28.579103753 28.0279846032 29.0754026891 26.5987963107 26.0641318982 28.322190739 26.4878480691 27.3351759465 26.7571291212 27.6408468033 28.1740409712 25.8568851027 25.7638917319 27.1253064679 26.9980729374 25.7992380406 28.1683124076 27.9656648472 26.1970532781 26.1148575081 25.7110913398 28.2768807082 49.194413037 49.194413037 25.9739978097 43.4839665732 35.8761457954
56.0204723849 59.9407245411 25.8326936198 28.8615869252 28.8172491928 59.0297223968 59.0297223968 25.0068008838 27.7419927622 25.6076198969 26.9860385224 27.7451187173 57.9925829803 57.9925829803 57.9925829803 57.9925829803 26.3700153649 26.5844676733 27.9028252476 28.3008936814 28.0946456446 27.6957646474 28.8206009876 25.1989556656 25.2177345452 27.0636183284 25.0666861883 27.4743016874 28.5887548795 26.4168099936 25.8230278452 27.2432697828 27.93338137 28.431645849 26.2122075158 27.9003609412 27.6656306515 25.0672481613 25.8239746327 26.2378789434 28.6968580053 27.5477120281 27.4389228913 25.1771540649 27.3401934553 27.2361906382 25.6022934749 27.1960169985 25.9878281429 27.7932321895 25.6829667117 27.9175300296 28.2359903342 49.194413037 49.194413037 50.7834039743 50.7834039743
59.9407245411 59.9407245411 68.2835914082 53.912738356 59.0297223968 59.0297223968 59.0297223968 59.0297223968 26.176203158 28.0559291657 28.6368843144 27.7106003847 55.9858182125 48.2882730519 51.9663297905 55.9858182125 26.4834766116 25.8699431146 29.159285914 27.246324531 28.4629285709 28.174959327 25.3267242341 28.638937704 25.8739551214 27.5468840407 28.8371681487 27.1206534966 26.0013957486 25.0549129239 28.089493541 28.5289567902 27.3863869221 26.0030694502 28.2433929593 27.6159662053 26.5568964176 27.1430177391 28.1404857054 26.65018513 25.9443128684 28.594206807 26.6923820586 25.0894886031 26.3110978547 26.6360935716 28.3732971427 26.7804254712 28.5413471418 28.097719588 57.8650531805 57.8650531805 28.6961316521 28.0232922406 26.1946604324 27.0117311173 50.7834039743
59.9407245411 59.9407245411 68.2835914082 53.912738356 53.912738356 28.1101886249 27.6329756269 28.1949888345 26.9935393801 26.4173906727 27.2562940089 26.8885054422 48.2882730519 48.2882730519 48.2882730519 26.6465495761 25.3332775404 27.0482210469 28.9560142291 27.7058401934 28.1773155786 25.9692634872 27.0662215636 27.8103494304 28.7504805442 28.3986734477 27.9339277678 28.8715295865 25.6961300219 25.9993412132 26.3569546485 27.8143385573 27.2720711208 28.0196035608 25.275993801 28.7135436004 28.6176861682 28.3852803654 25.0745910996 26.8102347305 27.2678784457 26.9953298558 27.7125437181 27.2980811953 25.5662630519 28.4609904826 26.7881543066 27.5169710303 28.1437393824 28.5123107605 28.9388243929 57.8650531805 57.8650531805 26.5251239548 26.6920841445 27.2434960195 45.3101115254
25.6912640123 55.5157415082 27.1495170857 28.5376133678 25.4688129793 25.5705800609 28.7466387046 27.587326431 28.0987753232 26.2158614868 28.4572113936 28.4316445706 28.5704452266 48.2882730519 53.2799517339 28.9746814545 26.4214555216 28.1639721875 29.1474425312 28.1371273157 25.4862802392 28.7315754952 26.5940817852 25.7277208194 25.7577374043 28.4364840551 27.4388461329 26.9879177908 28.7054111892 25.0210525078 27.0387424 25.3564967005 27.415665882 28.4855500022 26.5355980492 27.0221604132 25.7764774791 26.8045778506 29.1547100236 25.4788320775 25.854013007 26.4952379923 29.1124324489 26.6632014433 27.8532758658 26.5676846653 28.0928289115 27.3819303344 26.8348665505 26.1589338578 25.1749963157 28.3337002366 57.8650531805 25.4514118224 28.1094884429 29.1976886405 57.816830321
42.4466759355 29.0683175349 28.0596755609 26.2810865465 27.6006704199 27.0244793743 28.6811700831 25.2353071164 25.7652638279 27.0665976136 26.2059884867 27.4716450406 26.0096248194 61.4331468488 27.5536898759 26.6689259981 27.2830190475 25.2746252575 27.9497150388 27.5919736091 27.2396660502 27.3744531186 26.1923968957 28.8345196066 26.1072521982 25.6517719012 27.1263709789 28.6703441668 26.4730069122 25.5444136286 25.430946868 27.2553603195 25.354387963 26.6249580853 25.5681277377 26.3764646647 28.460508311 26.006590426 27.4528417671 28.2042695582 27.9431432442 27.4997058378 26.7932399932 25.9524454257 28.3604141954 27.0825561927 29.0523368603 25.7840501714 59.1191875727 25.1666750101 27.3061650276 28.0603145734 29.1286400524 26.1327783668 27.6473178847 28.6076650368 57.816830321
42.4466759355 26.7352700987 27.5418460838 26.1754820923 28.3402019414 26.0178689677 25.6148187 25.757263601 29.055319389 27.5062069844 27.5206972132 28.9747337042 26.646471491 70.8734966645 70.8734966645 25.9795563174 28.7156521449 25.2081966794 29.1369795901 25.6713699718 25.7107170916 26.9187118447 26.2271518949 28.062393681 28.6921581612 28.7200428761 26.3545980505 27.4372649577 25.3927622581 25.3732503083 28.0618712475 26.9900158668 29.1180806492 25.0700799225 26.273495924 27.9677838805 26.7647297006 25.6000095039 26.4455218149 27.2531069671 26.1401047624 28.9114812341 27.5800481926 29.1512091772 26.10400689 25.9379231829 27.387317658 44.7507901898 59.1191875727 59.1191875727 25.2190191368 27.9495921972 27.119549273 25.5883998755 26.0717030188 27.5164460585 81.5266935077
42.4466759355 27.8353626851 40.9999427574 26.4937003808 28.5098284109 29.1682494032 25.0037414265 26.2999279748 26.1538945596 26.1354628784 25.5157094196 26.8025584317 70.8734966645 70.8734966645 70.8734966645 28.3241856875 25.4754103887 29.094697981 27.4567947131 25.517199572 25.8795360301 29.0923347353 28.1978216858 25.7302854725 27.0212717773 28.4579822197 28.790848644 26.8821768442 25.9812201845 29.1092427277 27.2707163196 28.9074975837 27.3015930992 26.9818856579 29.0709147138 27.1176223719 25.6980321692 25.8944286286 26.1737802526 25.7755011365 27.1037652874 27.140222974 27.8164602452 26.3617501626 26.6085530985 28.9931224281 56.2915460426 56.2915460426 56.2915460426 25.543179424 26.9750086434 27.4628018344 28.3043481416 26.7294408776 26.5890644132 26.3640540507 55.9396297854
25.0342819949 42.9848081387 69.4066340798 46.1434391782 46.1434391782 25.8134758937 26.0832080186 25.0202466463 25.6086182766 27.9861305144 28.0473090383 26.3024264148 28.3260880601 62.6510606797 62.6510606797 25.8087272814 25.8631638942 25.0071547034 28.2165307102 25.7581404472 26.0193400013 27.700577654 27.5725649517 27.5891784635 26.5692035877 25.0115010586 26.7042465353 27.0970202679 25.9794658079 25.1417509043 25.2164081468 25.7199291745 25.1675974106 25.1278635849 27.4049868976 27.8031099759 25.8696426896 29.2230577937 25.7940254558 26.4786699194 27.6404498256 26.1580963844 25.1090524602 27.3839962337 27.0027716432 37.4480778731 56.2915460426 56.2915460426 56.2915460426 28.8873078519 25.9144896247 25.3010299609 25.9538200188 26.4109022405 25.3721115291 26.9066987384 25.3790113944
45.7975640454 45.7975640454 45.7975640454 46.1434391782 46.1434391782 46.1434391782 26.4884603319 28.3285015059 25.5796949019 26.4545340862 26.635010842 28.4409936003 62.6510606797 62.6510606797 62.6510606797 29.2079243731 27.3912427425 26.6002633389 26.2317982291 27.6219066531 28.7186360568 26.7162551359 25.3647252344 25.928310915 26.7952709469 26.9183472571 25.8680972564 27.6611547612 26.2300419969 25.1024104531 27.112667988 25.2144528106 25.0169642748 27.5870419351 26.8474548609 26.2643754628 29.0361285996 27.2023686882 28.0041485775 26.19052136 26.5866406971 26.299600905 28.5913683631 26.7737547785 25.204435736 37.4480778731 37.4480778731 37.4480778731 56.2915460426 25.7988875744 28.4701477714 27.5063612485 27.0066344574 25.7401486255 29.0910243436 28.2780426338 28.8654879892
45.7975640454 45.7975640454 59.8854473667 49.2681385104 51.0918874858 56.2858686473 27.2360968631 26.2820330243 27.3041945545 27.0962834447 25.8914621335 26.7495192318 46.0587534998 46.0587534998 46.0587534998 27.7653517724 26.492966842 27.3563664856 29.0040457548 27.8919005337 26.544525362 28.2908107593 26.8266908163 29.0253112287 28.4271896519 26.9964348081 25.2606174812 29.1633541405 28.6233269528 27.2772047038 25.8665434856 25.0987493859 25.8105498381 25.1713469228 26.3082582675 28.0307973542 25.9346833673 28.7700111466 27.4384818002 25.6232824081 27.6285763541 25.96646662 28.7969798626 28.5363788739 25.4231258393 27.5845841107 25.1047416063 37.4480778731 26.2875391482 25.3250918775 28.4435478406 25.00147291 26.4764290904 25.6965400049 29.1095893768 27.6411008941 28.2247015075
65.5402246373 65.5402246373 49.2681385104 51.0918874858 56.2858686473 56.2858686473 27.8092002402 28.7023041987 25.9471106222 28.2498817498 26.2357270141 28.8925192889 28.606332965 27.7912356443 28.2503844875 27.3591536736 25.7141076869 27.1102580439 27.1644081759 26.8982108689 25.1425119469 27.0633463727 25.2874181795 27.257498223 25.174682913 25.2906011753 25.0910029203 28.9528274359 27.4085264764 25.7810799521 26.1450352264 26.1859904908 26.557846154 28.7212139784 28.7422166482 28.52743425 28.7508787175 27.3750417895 25.4292619041 26.6953728859 28.3372006784 25.9370344291 27.1260947232 27.0306806386 27.7911122461 28.5913280912 25.9014493892 26.1269028008 26.4600613944 26.1309569802 25.0978882667 27.1962434634 26.1780122908 27.7830173185 27.2866733153 27.2515821958 29.0219069713
65.5402246373 65.5402246373 49.2681385104 49.2681385104 56.2858686473 76.9892942081 26.6590685437 27.7679488912 27.7508634818 27.3527054292 27.7416869928 27.7728697195 41.7747062832 41.7747062832 41.7747062832 27.9179453599 26.6562156715 25.3972058619 25.1534010262 28.4674613467 27.0457567823 26.9658923122 28.5690531484 28.1691710733 27.7912930822 27.7631186393 25.1009503349 27.6572974449 25.2291034376 27.7368613968 28.9047678492 26.8413969646 26.7053664032 25.8293281251 27.7266029706 27.2920226189 28.1169723158 28.9863095184 27.41463955 25.0229914554 27.458828808 28.641696903 26.2936356188 26.9539645527 28.450094337 25.6172081668 26.3805124094 27.8100537811 27.4837654521 27.9162153418 28.4924875762 25.3804638236 28.7091560721 28.2232123083 29.1707135891 28.9928394229 27.9606363228
54.8047685729 54.8047685729 25.5463894598 76.9892942081 41.0018302824 41.0018302824 41.0018302824 26.2225625897 26.5845536634 27.5345749737 26.85865395 27.7634167396 27.2549596381 52.7787606528 27.0424883034 28.6878570341 28.4941806927 27.3809233282 25.1366945487 26.7375049271 27.0974781014 27.3291693535 25.7741827085 25.3677632453 25.1758666212 27.1777156838 25.9459029078 26.0239736127 26.7695193619 26.30400824 26.2791355665 27.1978298545 27.6022550016 25.2598282676 25.3580682967 25.241906897 28.577958208 27.5487846966 28.1954571397 27.0997741815 27.3785783772 28.9605235951 61.2345609787 43.6894350591 43.6894350591 26.7077822786 26.6708052454 28.3839799584 26.0661660072 27.0099738584 27.5406664607 28.5458247195 27.2903413212 28.2464142533 25.5608625166 27.397417998 25.5334555808
46.6340181664 47.3272194637 26.9827491785 65.586406954 41.0018302824 28.6624327846 25.5086621953 25.0721032215 28.9112615347 28.6386369794 27.4694699737 28.8417757474 52.7787606528 52.7787606528 52.7787606528 25.7745827833 27.1942858679 26.7416861398 25.6813145855 29.1577371254 26.2991657949 26.2034679813 26.9016646511 25.4893348866 29.1653840167 26.5129083215 25.0526699848 26.1538431952 25.9524886751 26.3372345523 25.8031185347 28.1333407954 25.1947339963 26.8219678103 26.1797847318 28.8323488565 25.3073668863 27.4262843036 25.3957426533 26.5486712336 25.8252354669 25.0395033665 43.6894350591 43.6894350591 43.6894350591 28.8407982933 25.1846701795 28.6346378805 26.5897019826 26.899481427 28.3918927061 28.3582814784 25.6808305434 26.3943590074 28.7344795732 28.0697729778 26.78121697
46.6340181664 47.3272194637 25.973542992 63.7736718028 34.179179519 45.6812504401 51.9371363759 27.0814009595 25.802384225 26.9100280233 27.6821839117 27.1057505441 45.5762406563 52.7787606528 45.5762406563 26.7254584861 27.0019403099 26.0225036339 27.7065713878 25.8621128207 29.2213740971 28.0988620811 28.5330252627 28.1496731905 27.5610616066 28.9884729573 28.1813462083 27.0611966436 25.0104002369 28.8971276179 27.9670010974 25.3323061852 27.8186792469 25.7060395308 28.9481138469 29.0420736285 28.760224441 25.5713649052 25.887740574 28.013813762 27.3040795169 28.7353835884 54.5410036604 54.5410036604 54.5410036604 29.2264277122 25.7730205487 27.1324879426 28.8561121255 25.00446036 28.4351520423 28.34411801 28.1334928067 25.1885761228 25.894222319 27.6181599975 26.2013020604
63.1671794318 39.9226789711 65.586406954 63.7736718028 45.6812504401 45.6812504401 50.8733519904 25.0010515753 42.2058516764 74.9353705129 51.0735888725 47.6645067004 45.5762406563 58.819631002 45.9661579446 25.8294357998 48.8114508796 26.0205736445 28.4997475216 61.6668798245 27.8686938677 56.0750468502 25.0656130857 26.5815072 25.1156233222 57.0737132065 28.4865948726 28.1431357998 26.241765605 26.034112463 26.1482243571 28.7772343815 25.4577735304 25.3153620864 28.7376241547 27.0193510362 26.0372588601 25.5067321406 27.325572979 26.3630944317 29.0992894829 26.3647948555 25.8684493949 54.5410036604 61.940636868 53.8182173654 27.0512944581 28.5046204809 26.0443470007 27.3040288583 26.5776368073 28.8356935288 28.3144481276 28.2691257173 27.8798331224 26.2038688489 27.9475556495
57.1633434754 28.0477458738 25.8902257046 63.7736718028 45.6812504401 45.6812504401 25.6881363432 26.0244563432 42.2058516764 74.9353705129 74.9353705129 47.6645067004 42.0850117055 42.0850117055 47.5630286091 28.7649239903 57.910561824 26.8809305616 48.8114508796 61.6668798245 61.6668798245 25.3451708422 56.0750468502 44.6854255725 28.6459357369 57.0737132065 25.1395016281 28.5222477633 27.0900366917 27.3910781242 27.7352806492 27.4570972832 27.2612410558 26.7446658219 26.241545695 25.4971509786 25.6354350145 25.4037765945 27.5334671763 28.023957661 25.6698719573 28.3053594461 25.4969496041 53.8182173654 26.607782838 25.1742967625 26.2093175193 27.2925572823 25.0560222839 25.9798695078 26.2552870882 27.7154808332 26.5823526748 26.5150294446 27.3514382871 26.6859748268 26.5596953702
56.1369900733 25.6155778652 25.7877654628 28.0889386871 28.697656295 50.8419637577 27.4087605791 25.8797556142 42.2058516764 74.9353705129 48.9962113374 58.819631002 42.0850117055 42.0850117055 56.8543877796 77.1148245652 57.910561824 36.7980661429 36.7980661429 61.6668798245 25.2757453868 28.8403492033 26.7342536359 47.9815890524 51.9299590187 57.0737132065 29.2388235173 28.7085280783 27.6341631781 29.009642193 27.1831523618 28.2510117394 25.8249355915 29.1743302799 27.5691707229 25.1846593603 28.2649016985 26.9757699272 28.0634689466 25.885476221 28.4063614883 28.679079488 59.580018362 28.9959062653 25.6538982682 59.580018362 26.5682848029 27.3609613277 25.6108790455 28.3102728841 26.1659963435 26.7042468099 26.3569300583 26.9684281745 25.1199253657 27.2103791204 26.8885177014
53.0484010247 26.1484944393 25.9759550117 27.9875282553 28.6213882343 54.2258826488 27.9052564403 52.1714168797 27.6621868657 27.9359939779 26.9488381726 26.7587711335 52.0814383447 42.0850117055 56.8543877796 56.8543877796 26.3930817401 36.7980661429 36.7980661429 28.9314775434 26.6940411272 56.0750468502 25.4818944974 51.9299590187 51.9299590187 51.9299590187 26.8070124645 27.4388089923 29.0580904664 27.5961974028 28.8310949771 27.1424585736 29.0338828927 25.7606346243 26.6956513081 28.4983396473 27.5772397722 29.0128815808 27.4380714254 27.3086404273 25.3943144632 25.9550157084 38.136051101 50.9907573772 50.9907573772 50.9907573772 28.1292194218 27.4751107241 28.519731962 27.3055836826 27.5391167035 26.6679251546 25.9462459558 27.9854734376 28.3009816758 27.9100927089 28.915952701
50.4584283227 25.5640216195 25.4730496624 27.4211126346 51.7890644263 54.7554391714 54.7554391714 54.7554391714 28.5567695648 28.6957841801 25.8371360114 28.013053944 47.1255159921 70.2014756447 55.6875951907 51.5904508253 27.5517023151 56.7058130802 56.7058130802 56.7058130802 25.3703930724 27.1319117569 28.8347586707 76.1923595185 51.9299590187 51.9299590187 27.5814028633 26.788227951 27.6727718278 26.2194597489 28.1882222401 27.279689875 29.0493293679 25.7222739488 27.9109547591 26.0876067318 25.0478271031 25.5407111835 28.877308516 28.9035073044 27.7985847511 25.867129477 27.9523899999 50.9907573772 50.9907573772 56.093125808 27.099532681 27.7877964123 25.3406816299 25.0384286198 25.4865642929 27.2116856321 25.7644246666 25.9515795243 27.385235715 28.425173825 28.8581389732
58.017428249 27.4773441243 26.6760444192 26.7892793594 26.3557345801 54.7554391714 54.7762478087 78.4310538033 29.0416309293 28.0725907082 27.5872837626 28.7837317369 26.2516650488 51.5904508253 69.9514269408 69.9514269408 27.0946630821 58.6383081643 56.7058130802 26.0046872992 26.3322473372 27.2650762644 27.9843823835 41.1497345545 41.1497345545 41.1497345545 26.7123798767 26.5541605114 26.4751964383 25.1122775497 28.4510120853 27.8183286335 28.7589283166 29.0755200977 28.6225377309 26.2193528644 26.2884788651 26.6299133861 26.762849669 27.0196731907 28.4647263595 25.0658999957 26.4554855577 56.093125808 50.9907573772 56.093125808 26.8728252454 28.649259442 28.5767152079 29.0395666807 28.9713561832 26.1710462111 27.9143757685 27.1816025225 25.7224012215 25.3578465782 25.8477975232
56.8579237546 25.6677241742 25.2978488293 27.8076709099 28.4630644452 54.7762478087 54.7762478087 54.7762478087 28.450158618 28.9485116403 28.4186719573 25.1010958757 26.8061195366 55.6875951907 69.9514269408 69.9514269408 43.2586859461 25.1302108321 29.101577391 26.9878046527 26.9046401544 27.7033557784 27.8748563145 42.972526862 42.972526862 42.972526862 25.1493145733 26.797841679 28.0951619331 28.8146095509 26.4138091318 26.8487711275 27.1447364085 27.6971565926 26.4885932656 64.7353033939 27.7526179652 29.0853870009 27.2931611863 29.0456870916 25.3414742012 26.9962036165 26.5364847785 26.3408664469 26.0976525947 55.4613259675 26.7313771212 26.865785107 28.1948980696 26.9946277777 26.3448382237 25.1473533533 28.6356796822 29.074660024 27.7348099808 27.7074270865 25.2580653344
26.2272078523 28.3693846448 29.0357013227 25.774790684 27.2739142795 74.2730550398 54.7762478087 75.0681326748 75.0681326748 26.2532291505 27.9057351806 25.2015288077 25.4186673525 28.8539558851 43.2586859461 43.2586859461 26.6701568992 25.6444991949 59.7889934568 28.4684634134 45.3804855551 26.0259701425 51.5109041799 49.5437358344 27.6931606326 25.7408103809 26.9572039606 28.3293206531 26.9586120924 26.9117216425 29.0515416623 28.5716063603 28.2373315405 25.582841091 64.7353033939 64.7353033939 34.3357727461 34.3357727461 25.1804738392 29.2422191478 28.964009464 27.7329530179 27.9374739334 25.423693583 76.6337770024 76.6337770024 49.8411480172 28.0214852354 25.8203916441 26.9024563971 28.2677836171 28.9922531477 26.4464547653 25.0165308886 27.5578564085 27.4133699574 25.3063479664
26.0100418358 27.5246161945 27.0680457902 27.8482536423 26.1193992565 68.4228384785 75.0681326748 75.0681326748 42.4109249559 26.6120326698 28.3081731099 25.6468958417 27.8410344386 25.4030303911 26.0016593033 26.2501622551 26.3993155385 49.8446534208 49.8446534208 59.7889934568 27.7016255393 51.5109041799 49.5437358344 49.5437358344 49.5437358344 27.8735455951 44.2575820315 25.3338057045 42.3653482621 42.3653482621 29.10512355 25.1801235309 27.4934850725 28.1120696166 64.7353033939 34.3357727461 34.3357727461 60.6495393951 53.3888537386 48.9436691926 28.9655292446 26.6419451006 27.1461488171 27.4412997058 76.6337770024 76.6337770024 43.5164456866 28.4602961377 26.1668704935 25.4829904198 25.6468823048 25.7175906158 28.6394261866 25.7133263849 28.2391277433 28.1776502672 26.1148534467
