Spatial_Output/BAU/BAU_0182.asc
NCOLS 155
NROWS 192
XLLCORNER 196769.923733
YLLCORNER 449719.875193
CELLSIZE 27.603701
NODATA_VALUE NaN
[rows 161 to 183 of 192, columns 53 to 105 of 155]
46.2599383785 46.7450943141 46.37919873 47.0193219264 46.2298137791 46.5232426575 46.6716355844 46.6837715476 60.6082531025 34.5650569678 34.5650569678 46.5846537272 46.5443205095 46.2025005427 47.2253719859 46.0419301754 46.4778978411 46.4573931185 46.0085788698 46.920179197 47.2866924716 47.2263510955 46.8447610347 46.524741101 47.1279897742 46.5410664437 46.0312212452 46.6719678423 46.4038947763 46.1146674232 46.0858533067 47.0788934593 46.4816208702 47.0641518579 47.0783060266 46.4941207876 46.7021541097 47.3103574577 47.3125087164 46.8145249687 46.9303045954 46.6561860828 46.4620243708 58.6735714678 58.6735714678 76.4824849154 46.5680254387 46.6325424234 47.3915543025 47.2084436094 46.3648665995 46.718594053 46.2406122507
46.8093788829 47.3652486583 47.3422606128 46.861398648 46.2184659346 46.7257030875 46.3887622555 46.402859097 46.47181002 34.0575406042 34.0575406042 86.7636505448 47.151933391 46.4501320017 46.4175868368 46.9072277916 46.1570323765 46.1833801168 46.7602986955 46.3316070238 46.1446883281 46.198794209 46.7928937958 47.202118102 47.0167255322 46.4124303462 46.9216892954 47.2093518874 46.4282460363 47.2008604405 47.0521470447 47.3628890575 46.5302950753 46.119038358 46.64281861 46.5607513333 46.47801367 46.4592201157 46.8770923203 46.1866695126 46.2156757938 46.4797535422 47.0744221043 58.6735714678 58.6735714678 58.6735714678 47.1202217941 46.7164045641 46.7206950577 46.7190596512 47.1540283143 46.5074385485 46.5188874307
0 46.4771333803 46.5911230922 46.8953090388 47.0243530537 46.6765229758 46.0871976012 46.4149317761 46.5855808045 34.0575406042 34.0575406042 86.7636505448 46.9295512946 46.945645953 46.7114448555 46.8424075127 47.2689012835 46.8919869886 46.4560596446 46.553983367 46.5715557275 46.8460371562 46.4251416071 46.3419435573 47.1905530709 46.3157274373 46.3054618507 46.6543196884 46.5894027802 46.2995965875 46.79143977 47.0009543683 46.978159483 46.3776587104 47.2004617169 46.7568625967 46.3677783581 46.1542209416 46.2293991419 47.1978693644 46.2594087447 46.3243154525 46.1305443496 46.235036958 60.2072054017 60.2072054017 60.2072054017 46.5012693373 46.3558465836 46.0604392157 46.5933624795 46.2443969379 47.0136913022
0 0 0 46.4341908558 46.6497283789 46.8780555772 46.0607344175 46.0516544669 46.7571303127 33.6205823876 33.6205823876 46.8767417774 46.6161054991 47.0535722193 46.0242239106 46.170130321 46.0511141242 46.0283510674 46.8054244616 46.1706423765 47.3800341761 46.5783002212 46.999985802 46.57831476 46.6416153526 46.5999614565 46.4466793773 47.1816242575 46.5561674477 46.6367102265 46.7591479026 47.2794771334 46.7202268142 47.2490856136 47.1152539651 47.1732289775 46.9759995801 46.8517384824 46.0837522298 47.0446136083 46.028786562 46.3886692048 46.1824215682 63.6725672147 60.2072054017 55.9644263393 55.9644263393 47.0417444943 47.2062807957 47.1812452391 46.0330875769 46.0499323606 47.1800358973
0 0 0 0 0 0 46.1172525879 46.4834409454 47.2402702853 33.6205823876 33.6205823876 34.2192228835 46.2638587246 46.0569180934 46.7218628655 46.2556562102 46.2074589634 46.0862305931 46.5951087068 47.2390476701 46.6189094583 47.4125371179 46.0727554776 47.2916422622 46.9339528135 46.01330537 47.0252416928 46.0846389876 46.9006650036 47.3799669175 47.3843454806 46.9918560338 46.3174293808 47.3763746957 47.3954513171 46.315385125 46.1365308084 46.3177025581 46.9005585449 46.305680454 47.372118788 46.3931985477 47.0686924357 46.2596442613 55.9644263393 55.9644263393 55.9644263393 46.586889831 46.0618576162 47.0605890702 46.8558476254 46.7579982014 46.4897864138
0 0 0 0 0 0 0 0 34.4530859787 34.4530859787 34.4530859787 34.4530859787 46.0784601437 64.5182917608 46.8732706643 46.889557638 46.4471798237 0 46.1880781491 47.2563510613 46.8895456798 46.4325106356 46.958621686 46.2395688128 46.9930396852 46.8647275999 46.1174897829 47.2916865865 47.0354441864 46.413476069 46.0410661469 46.8773475824 46.5514702904 46.9831190632 46.9413442867 46.9377431585 46.0401205093 46.5969910194 46.6256494719 47.2221977582 46.3613596359 46.1353318221 46.2772659376 46.6025209128 46.2368704126 69.8526067429 69.8526067429 69.8526067429 47.18679963 46.3412884386 47.120044202 46.8198786565 47.0590093135
0 0 0 0 0 0 0 0 32.8718791574 34.4530859787 34.4530859787 66.039906909 46.5661907041 66.039906909 46.5695616198 46.4941247809 0 0 0 47.3122096177 47.0519363717 46.8676148366 46.3576035089 46.8939115178 47.1239170658 46.3556789464 46.3870837255 46.0425066079 46.6285920131 47.1309374233 47.3771898482 46.8373808507 47.3921443919 47.1587907836 47.3442206577 46.1723286543 46.8083773958 46.7488320317 46.141643191 47.1865669489 46.7198920672 46.3494163005 47.1485964358 47.347070759 46.77027732 69.8526067429 69.8526067429 69.3372613658 46.3948187855 46.0305863577 46.4329288831 46.6154292408 46.3591565061
0 0 0 0 0 0 0 0 32.7135080965 33.8105255865 33.8105255865 33.8105255865 57.6894171149 57.6894171149 57.6894171149 0 0 0 0 0 46.5404153076 46.8004017543 46.5384421914 47.1866145289 46.6401213112 46.3146233855 47.3652607261 47.0243522083 47.3329180487 46.3189128133 47.0975881711 46.3429448126 46.4128500493 46.2226650804 46.1846939269 47.1164245485 47.4129854275 46.9958673182 46.334359208 46.8217871354 46.4952892824 46.6868835625 46.5998979082 47.3531660502 47.3476868364 46.86210685 70.1119341893 68.9950337462 73.7149448785 46.8812132509 46.6475801613 46.08363685 46.9479674046
0 0 0 0 0 0 0 0 32.8321580468 33.9147100352 33.8105255865 32.8321580468 73.9489850679 67.9289400803 76.7178520373 0 0 0 0 0 47.4076143455 46.3098956266 46.8958787116 47.3438279349 46.8005575921 46.1065180619 46.1076093864 46.5326823068 46.5005884096 46.7367277993 46.0033833668 46.4845137721 46.6848784979 46.217846164 46.3798776883 46.3692838448 46.2369934985 47.1958340119 47.2809344272 46.994809758 46.784023231 46.4252733649 46.2539212632 46.1093659415 46.2500837379 46.7614061247 73.7149448785 68.9950337462 68.9950337462 46.5871107429 47.3497356402 47.3544141735 46.1961966166
0 0 0 0 0 0 0 0 32.5690026024 32.623948721 32.623948721 32.5690026024 75.0262952057 72.1218142524 75.0698173634 56.3856207106 0 0 0 0 0 46.6425271591 46.0404750431 46.404414881 47.0888761886 47.0020736403 47.3405204714 46.0788738939 46.0250068882 47.0991414439 46.8767295792 46.706667792 47.1953116477 47.3531510701 46.5841752436 46.1583159628 46.3740869921 47.3282205339 46.8141545976 46.0944415469 46.2195381156 46.8162766362 46.7650598691 46.6973677135 47.3821898781 46.3518590386 68.9950337462 68.9950337462 62.5229174821 62.5229174821 46.3026953503 46.9741635435 46.332973972
0 0 0 0 0 0 0 0 32.762677421 32.7182230545 32.7182230545 32.6968210249 73.8029896753 64.3313308445 70.2970233597 0 0 0 0 0 0 0 47.2041357288 46.6128065992 46.0211969391 46.0150928415 46.4520376317 47.0490164055 46.132455569 47.3691591718 46.8599011341 46.356430937 46.1862516992 46.9604708644 46.3300488572 46.4046569575 46.6115520589 46.8630228787 46.5122448477 47.3073975397 47.206617119 46.1323838362 46.5459253985 47.2045308226 46.9472509252 47.2797605568 47.0105835759 62.5229174821 68.4025741626 68.4025741626 47.2682786262 46.1636089958 47.2390964152
0 0 0 0 0 0 0 0 0 32.7074840421 32.7074840421 32.7074840421 0 0 0 0 0 0 0 0 0 0 0 46.6909970379 47.2849249805 46.4412911615 46.7180171229 46.6793268044 46.5926377279 47.3751416249 46.7974455657 47.0238317457 46.3673211534 46.530605456 47.0067926476 47.3011373673 46.2941886414 47.2042693748 47.0350028563 47.2801444496 46.7805701155 46.4358313656 46.2194508428 47.1752609062 46.7512711236 46.3160644717 46.0359082395 47.3675317959 68.4025741626 68.4025741626 34.2850770755 46.4278556667 46.9153998538
0 0 0 0 0 0 0 0 33.4001845529 32.6902075584 32.7074840421 33.4001845529 0 0 0 0 0 0 0 0 0 0 0 0 47.3405045622 47.1126350986 46.2717039625 47.0684394149 47.1840261756 46.5995732873 46.1836968817 47.1523100301 46.1207745006 47.2214867507 46.8747489491 47.2771304513 46.9386839467 47.1574359715 47.0061195754 47.1967051088 46.3323881687 46.7632061397 47.253226811 46.3818128254 46.3619883649 46.6192449735 47.0212433769 46.1610218732 34.2850770755 33.7870553645 33.7870553645 91.3557740799 46.8567529899
0 0 0 0 0 0 0 0 0 32.6902075584 32.6902075584 32.6960050135 0 0 0 0 0 0 0 0 0 0 0 0 0 0 0 0 0 0 46.475152712 46.6512772818 46.2227496148 46.3013499084 47.3623995788 47.0481976477 46.7084654518 46.9057310575 46.7843166275 46.3486730024 46.2225319783 46.4640508594 47.2940804155 47.1943285195 46.3055922822 46.6063729031 46.3391593002 47.1522881277 33.7870553645 33.7870553645 33.7870553645 81.741121605 46.1877160139
0 0 0 0 0 0 0 0 31.9209637752 32.8032617033 32.8032617033 31.9209637752 0 0 0 0 0 0 0 0 0 0 0 0 0 0 0 0 0 0 0 0 0 0 46.1178255102 46.3342395845 46.8946278976 46.3366690334 47.0778742455 47.3394498787 46.5195692568 47.0501351464 47.1900741322 46.9789410692 46.1455994271 46.8007980369 47.0712511026 46.5578462058 46.9967262008 63.6122708686 63.6122708686 81.741121605 46.7215290367
0 0 0 0 0 0 0 0 0 31.9209637752 31.9209637752 0 0 0 0 0 0 0 0 0 0 0 0 0 0 0 0 0 0 0 0 0 0 0 0 46.0934730637 47.0525073161 46.5897523054 46.4992071224 46.7586449836 46.795694893 47.2530574417 47.2784602205 46.4134643156 47.0282141778 46.3266270783 46.9164158772 47.3138178312 46.6217236665 46.1819557768 81.741121605 64.5131941161 64.5131941161
0 0 0 0 0 0 0 0 0 33.2789968721 33.2789968721 0 0 0 0 0 0 0 0 0 0 0 0 0 0 0 0 0 0 0 0 0 0 0 0 0 47.2895956486 46.5700264376 47.3452643802 46.8445523473 46.3045125771 46.8902716921 46.2347660047 47.3921889241 46.4652633121 46.5987599192 46.7460887908 46.3272677447 46.9313713507 34.3027283262 64.5131941161 64.5131941161 97.5395729702
0 0 0 0 0 0 0 0 32.5932445136 32.5932445136 32.5932445136 32.5932445136 0 0 0 0 0 0 0 0 0 0 0 0 0 0 0 0 0 0 0 0 0 0 0 0 0 46.1294315136 47.3493715388 46.4511886391 46.5154687775 46.672035851 46.2969506643 46.753477331 46.5681801765 47.2651931357 46.945130418 46.3603875346 46.4751845282 46.8250519207 97.5395729702 97.5395729702 97.5395729702
0 0 0 0 0 0 0 0 0 32.5932445136 32.5932445136 0 0 0 0 0 0 0 0 0 0 0 0 0 0 0 0 0 0 0 0 0 0 0 0 0 0 0 46.3236045328 47.1493706379 46.8438265948 46.7639309347 46.4909531331 46.2880383624 47.2610778082 46.7323284901 46.8397393842 46.4461553362 46.390922352 47.1607877339 34.2084153401 34.2084153401 34.2084153401
0 0 0 0 0 0 0 0 0 0 0 0 0 0 0 0 0 0 0 0 0 0 0 0 0 0 0 0 0 0 0 0 0 0 0 0 0 0 0 46.846104243 46.8387509846 46.7692776033 47.3658616641 47.406131405 47.1880052339 47.1585616094 47.1668655919 46.692973802 46.9026846418 46.6224186367 46.3038241309 34.2084153401 34.2084153401
0 0 0 0 0 0 0 0 0 0 0 0 0 0 0 0 0 0 0 0 0 0 0 0 0 0 0 0 0 0 0 0 0 0 0 0 0 0 0 0 47.2434025147 46.6340517091 46.1486947255 47.312459966 46.4202122079 46.9203550127 47.2374922833 46.1200559883 46.2964847723 46.7061526287 46.1521858958 46.9652335846 34.0054749128
0 0 0 0 0 0 0 0 0 0 0 0 0 0 0 0 0 0 0 0 0 0 0 0 0 0 0 0 0 0 0 0 0 0 0 0 0 0 0 0 0 46.1360599224 47.367689962 46.4078474166 47.0507471853 46.8452569947 47.0542178774 46.6609097686 47.1966924254 47.0085508441 46.5857051967 34.0054749128 34.0054749128
0 0 0 0 0 0 0 0 0 0 0 0 0 0 0 0 0 0 0 0 0 0 0 0 0 0 0 0 0 0 0 0 0 0 0 0 0 0 0 0 0 0 46.4299640838 46.5104556455 46.2115443419 46.6056813238 46.1129599731 47.3287374566 47.1357980928 47.3432924121 46.5785537608 33.6534729761 33.8793262619
