Spatial_Output/BAU/BAU_0975.asc
NCOLS 155
NROWS 192
XLLCORNER 196307.867259
YLLCORNER 449144.565805
CELLSIZE 33.573938
NODATA_VALUE NaN
[rows 125 to 149 of 192, columns 56 to 111 of 155]
25.2451809787 49.7700215249 55.8662380068 55.8662380068 25.1912173663 24.727652223 25.5563383284 24.8710997599 24.7217086132 24.467323735 23.7537071149 24.1368386759 23.7111808323 24.4309334793 24.8168895849 24.7256046746 24.5781303381 25.0247234907 24.9352167974 25.1699899953 23.8789655866 24.5570677929 24.7115000066 24.4886004292 24.6062669804 23.7360239123 63.4172970417 25.4678508632 23.7164304624 25.5254203107 23.6340050831 23.6577922457 25.4226988203 25.1076113403 25.1217145473 23.7513863932 24.9331895205 24.6350399581 23.6941614839 24.8891854527 24.7789358942 43.5775567015 33.0039067885 25.3302521338 55.331668835 55.331668835 24.8296972926 52.4103385643 52.4103385643 25.310234714 51.3572882565 23.5610126755 24.3861117416 24.2062916004 24.6987226065 24.9272256856
42.5987671995 56.2390289657 53.0972877149 55.8662380068 24.0562737406 38.6679745561 24.2102882929 24.1143974932 24.8326156118 23.9086090681 25.5400774655 25.3440426482 25.1541848681 23.7056007997 24.9539319594 24.9637865063 23.7910152722 24.9938648169 23.6844216462 25.252401811 24.6348775551 24.5406141524 24.8379672973 64.0854333405 64.9681965766 24.9540625753 53.7288154963 52.6036467361 38.7691123098 24.0394835371 25.6162152015 25.5402760624 24.7259731143 25.5310480706 25.0953959079 24.1465554015 24.0510123143 24.6522638379 25.5365897486 57.6405447328 57.6405447328 49.2518967225 33.0039067885 74.7047626042 55.331668835 55.331668835 47.8472880747 24.5225712219 25.5762527722 25.5041504255 24.2042460056 23.564917096 24.7998270517 25.0185392225 25.4341797038 24.0965720201
57.8325834885 56.2390289657 53.0972877149 53.0972877149 23.8151262227 24.6108041277 25.4191102461 50.4178079154 24.0181835364 24.9148811561 23.8553900774 24.3272512361 25.3203533941 25.0001027145 25.4142206898 24.8759976139 25.3295973619 24.2390566997 70.8837193774 50.5940499447 50.5940499447 24.5839873412 43.2547218844 25.4774651401 64.9681965766 64.9681965766 53.7288154963 53.7288154963 38.7691123098 23.8631873628 24.6980950212 25.1221375485 24.7049468143 25.5650417519 24.310117788 24.4627280466 24.1494423036 24.7355700515 24.5008823635 57.6405447328 57.6405447328 49.2518967225 23.5727956349 24.2092009795 24.9420087212 24.4483712533 25.2739433029 23.903736909 24.4645583968 23.8902390715 24.7294915576 24.2759446813 23.9547686325 25.0970308412 23.9090894459 25.103680586
24.3465891415 25.1490967586 56.2390289657 25.5375679143 25.2615638265 41.3426183067 24.0545873847 23.7748512781 25.1287585605 25.2489353157 24.8441585666 23.9979399283 25.0836135308 46.9282653558 51.119063564 51.119063564 51.119063564 24.1350186453 70.8837193774 50.5940499447 50.5940499447 50.9715309753 24.6841114066 23.7833536707 24.1718585972 53.909765894 53.7288154963 38.7691123098 25.3888853267 60.9126716391 60.4668179758 24.9234988501 24.0865576351 24.928266917 25.2076431977 25.1440325103 24.8949196111 24.4358577261 24.6183928722 23.9333933787 57.6405447328 24.7126666625 25.1317640182 25.3189061629 24.9228275336 24.4190060589 24.3673014165 24.3108958498 24.9023259883 25.3189563882 24.9743185989 24.8543005301 23.8354893376 24.6796188895 23.6841928992 24.5005452661
24.0210161867 25.4797497894 23.6619720255 25.4194044809 25.4091362908 25.1808567688 25.6058242493 24.9574098411 24.7162739407 24.6337453402 24.4350245501 25.050663493 24.1032717297 46.9282653558 46.9282653558 51.119063564 48.1649799208 48.1649799208 70.8837193774 50.5940499447 25.3468875583 25.6126398344 23.5544119287 24.8824364956 24.6355904393 25.2814556474 53.909765894 25.3932946977 24.7064617478 60.4668179758 56.7161002347 25.281772592 23.802956525 24.5934705337 23.7788945825 24.2268993171 24.8543959598 23.8468103128 24.7053838806 24.3441136531 25.3050216449 24.7033163077 24.8470777432 25.3144863452 25.4346486024 23.5919819673 24.0296497179 24.2759810512 24.3261379273 24.8904895274 24.2948019563 24.8037034938 24.1782587596 25.3803101411 24.1708987715 25.424057606
23.929239949 25.132465343 24.2249142332 24.4917504499 24.8355520553 51.4987357981 24.3321396714 23.7007717146 24.6919035981 23.6464031178 25.3034173895 23.8251514306 24.7385816592 46.9282653558 23.8732956492 51.119063564 25.1213008522 24.3477080259 25.4241207169 23.6205141442 25.5531602832 24.8514764227 25.2027205606 25.5072529472 24.0165608404 23.6107203417 57.3360003856 57.3360003856 50.1812669553 24.6625159749 24.9652561537 24.8435476308 25.5200852552 24.2938041272 24.9808605737 25.3995026731 25.2846487459 24.1348025918 24.0984679548 23.8880222805 24.4189489287 24.4567740503 24.170456947 25.0126529354 24.5323440065 25.364868875 25.6037657477 23.649205023 24.381927153 24.9320101729 24.8643270538 25.4281784832 25.3487688987 24.2898428002 24.7514635823 24.6495214082
24.6563215631 24.7593932501 25.4206651635 33.8339205595 51.4987357981 51.4987357981 55.2939928102 55.2939928102 55.2939928102 24.0268064279 25.1435883808 24.0824341518 24.4947950408 25.4066072254 23.6799566592 25.0042821405 23.5662757218 24.6551493149 24.3805365598 24.8109617692 23.5465804482 25.333787509 24.8931348548 24.3471818657 25.1334743886 23.9581362744 57.3360003856 47.0737544155 47.0737544155 52.2695727397 24.9849511422 24.9582329887 24.4193096334 25.5804107077 23.8464691174 25.2012409331 24.0125420622 24.5525383258 25.308901282 23.685012408 25.2850348555 23.9919572679 25.342085621 23.6348112372 24.3211853556 23.613875309 23.5848904774 24.3829596849 23.5775377976 24.4139353823 25.0095380747 24.7842868847 24.5707117126 23.6807486433 25.5687697861 24.9744072977
25.2753729141 25.3548441766 24.3824005707 24.2622824281 33.8339205595 24.0386694494 55.2939928102 55.2939928102 25.3836114732 24.2640119763 24.0223297553 25.385151042 25.3027391305 23.8322234772 25.2946300062 23.9028073588 23.9107652313 25.0312918063 25.4726242034 23.9654942791 24.7255886122 24.0738554616 23.9562031634 25.0832975426 24.3075677405 25.4017522366 57.3360003856 47.0737544155 47.0737544155 24.0285636937 23.6289282602 23.7574689215 24.4000260056 25.3448843857 24.1400190455 25.0460775897 24.8537528483 23.7071856137 25.5515153697 24.7016335615 23.8851145924 24.8950681079 23.8023414236 23.9875893075 24.2574748235 24.9176555694 24.4291613355 23.7138018443 24.4617288768 25.6067838464 24.3469260318 24.6437496005 25.4436001484 23.6350085713 23.5814413436 23.6816511252
23.6854356778 23.6637237918 24.3198631649 24.773866524 23.9265634794 25.2118712131 24.8113099459 24.3308169072 54.6131842389 25.1488526389 25.6125340605 24.0582938365 24.0543923782 24.350235199 23.6805815252 23.9751397877 24.2086009327 25.4648241997 25.4530388599 25.3679289705 23.9221827049 25.0415189846 23.9769872653 23.6806730558 24.4988244772 24.0011286869 25.5252059648 47.0737544155 25.0677097258 25.1167167563 23.9357199782 38.752312226 40.3350883239 24.4782730366 24.8816157742 23.9043939355 25.5850782008 24.109620093 23.9376001087 24.3499416099 25.5553021682 23.5506085001 24.1945520191 23.9286644288 24.3523184638 23.6675973078 24.0719507692 24.6342555344 24.5356476681 25.2047863504 25.6111707212 23.6221688861 24.4879211118 24.1080096896 25.5240887247 24.5190311841
24.8298851017 24.0208575511 24.0594441997 25.6132638442 25.2423626546 24.1864746478 23.5140951072 54.6131842389 54.6131842389 44.2701162318 24.1092415043 25.4992222698 25.4413076541 24.7528798894 23.9139814812 25.5670332275 25.2433741976 23.6750945345 23.8804436409 23.6709367779 23.8582608469 23.8247028519 24.2558802854 23.775579053 24.4227754335 24.1604542942 24.686291204 24.4463709447 25.0237005913 24.1879636124 38.752312226 24.9752332206 25.0659357521 25.3430057934 24.2019000549 24.7385816897 24.7369774736 23.9886571807 25.3110525209 23.7855859178 23.7780381507 24.6664751866 23.5447163763 25.5467260382 23.6569253719 25.2122656596 25.0355738036 25.4600649555 24.2765473983 23.6043013236 23.8083574993 24.8688606599 24.2002108984 25.5117577701 25.2960059075 25.3080607114
24.9846481751 24.0602410609 23.8175580116 23.6637106819 23.9655380843 24.9778549049 25.451985654 23.7170557 25.2617683618 23.9680683442 24.9755508872 23.7699413302 24.4569283574 25.4939240205 25.5911339552 24.5972903096 25.5532769464 24.0450299444 25.5106759148 23.7486435104 25.0015151442 25.1843468888 25.3522853853 24.1425005899 24.9316420023 24.8943488149 25.4877034866 24.6161534549 25.3482865489 24.1939989886 23.6570873253 23.5308903706 40.3350883239 23.9387472982 24.8819954101 24.5092425539 24.7214457319 25.2743447383 24.6077820771 23.5939116868 25.5017652829 25.3304723275 24.3201039735 23.8070738359 25.2079097704 24.5944142006 23.8314109355 24.9788565395 25.2734637624 24.0737751629 25.5975149866 24.4872301981 23.8559807875 23.5199122559 24.6341261753 23.8518961955
23.6361961237 24.7956790489 24.081290735 24.4458584535 24.0860474177 24.2744075637 23.9875569358 23.8464261203 25.5546859538 24.8072351078 25.1571462376 24.5812385057 24.4516477679 25.1715624358 25.3540605009 24.4690941801 24.5195481949 23.9564507076 23.8820397969 23.5229166633 24.392539768 25.1576621607 24.7075934485 24.8548613154 24.768610229 25.360641174 23.8130976716 25.0933251365 23.8589252863 25.4078084121 24.255568245 24.9963019231 24.8705708641 51.2031039969 24.4325344951 24.0695620694 24.6423961412 24.2859592616 25.2078753176 25.6187424426 24.7274061156 24.9334660997 24.4645330041 24.0341854888 25.4641144701 24.7437017714 25.3694158674 25.5437113164 25.5552224379 25.3206852522 25.1148395108 24.0221852441 23.7815624549 23.6060296796 24.492936586 25.2777650813
24.2725142721 23.5853407214 25.0401033756 24.2719404349 25.0401647284 23.8520125371 24.9598795729 24.9214490337 23.589292295 25.5125723328 24.6578234976 24.0125029012 24.8009920405 25.5111346102 25.4745985725 24.606375897 25.199402516 25.5197892344 23.9221075587 23.6234952839 25.2177045336 23.8709676343 24.6002854619 23.5198157566 25.3353543389 25.0681545981 24.2758717647 24.0352920391 25.0255146342 23.6134466603 24.8915074078 25.4270033872 51.2031039969 51.2031039969 25.1567353446 24.1735246592 25.5439277028 23.7923522595 24.6850047367 24.686315356 23.6879051896 24.8761508934 24.165074472 23.6462521268 23.9134042778 25.4478119603 25.2463006097 24.4940380747 24.3440765216 25.012260723 25.4409341236 24.7936858236 24.0570075078 23.7108865579 25.498782461 23.5265843206
25.2608126719 23.8652675121 25.511309415 25.4892595987 25.2483092275 24.545352803 24.1767884848 23.7548995854 24.3037944713 24.8939648759 25.4942166974 24.8591008874 24.0047398351 24.4727806076 24.0784019171 24.2670917012 24.6452822256 24.702290269 24.7216040843 24.4652789701 24.792453259 25.0941944761 24.0699469535 24.0244700569 24.413565575 23.9077757942 25.1562504037 24.6237666253 23.9155417049 23.835979534 25.4460364132 25.0749177256 24.6378785943 24.4126753914 24.4892194809 25.0905052428 24.7524932126 23.7272799509 23.5185671613 23.5362384961 23.828733989 24.4085849609 23.5204676554 23.599464629 25.2948661215 23.7305575784 25.3509926549 24.2796359739 25.4348819847 24.6964426825 24.7196605625 23.6770417754 25.420639054 25.2149614622 25.1458017841 23.52452655
24.1190227689 24.316452852 24.0941553857 23.9054719029 24.1463348049 23.5142848953 25.1682183245 24.1273971949 25.1581902232 23.8618691937 24.406467656 24.8528229781 24.4707367772 24.4967895673 23.8025365657 24.9183912113 23.7186998991 24.9745766534 25.4302337616 24.6719180532 24.6779128705 23.6341259705 24.0019563236 24.7412292549 24.1278678907 24.7634074442 25.0236208767 25.2437349511 23.5126095691 23.8698943048 24.5944633467 24.2112240496 59.2435434364 59.2435434364 67.3644915698 24.460958752 24.0756566744 25.1577341024 23.5410105008 24.4424825339 24.742798072 24.8107179448 25.0059865694 23.5460051219 24.6273746931 25.2021954772 24.0700592093 24.2546662077 24.0681268689 25.3440325706 25.1486102587 24.9373913895 23.9841268721 24.3415106134 25.3788402893 25.1578551347
23.5877834133 24.1159635423 24.3578943195 24.1852564574 24.962942006 24.7280367049 23.702138407 23.9600284948 24.6719468424 25.1380702931 24.6605557483 25.2533855723 23.6546452258 24.5306854527 23.5860842409 25.0383893846 25.3425846702 24.1974398877 23.8785926189 24.2075012936 24.9928600262 24.7440903356 25.1082319489 24.8928113516 23.7820063302 24.5392148747 24.1851684944 25.2276842719 23.7220573023 23.5332908324 23.6292913513 24.6719803251 59.2435434364 59.2435434364 67.3644915698 24.624163758 25.4858183145 25.2041587111 24.8593197651 24.7228894193 23.5076459783 24.7631114631 24.4670291621 24.0451938969 25.2084057627 24.9591993657 24.6864605268 23.8756288381 24.4731071826 24.6859748031 25.6124502768 25.4083615257 24.3774846311 23.9025738838 24.4522751008 24.6315335167
23.8265379716 25.428329049 24.8252359506 25.4122632377 25.5673191009 23.9966784541 23.6601467921 25.2642527321 25.4870989936 25.5124383719 23.6398270765 24.3728646735 25.6177235757 24.7553209913 24.5027809148 23.6137328929 25.4186032475 24.5060809506 25.609063805 24.6460122831 25.4985998508 23.8030288697 24.6254662837 24.088456726 24.277844806 24.6944002792 23.8164071065 25.0930018561 24.3662643364 23.998636929 24.0862419619 25.4479774525 24.6034125107 48.5454513288 48.5454513288 25.178959153 25.4089013177 25.3360806568 24.5183862841 24.4662943837 24.4279847752 23.7912584113 24.4924697523 24.3992269459 25.4743942224 24.9806187209 23.7144947474 25.1611522113 25.4982489068 25.6078295478 24.8548023256 24.2177784031 24.5709650465 24.2879309756 23.9073137839 25.109528471
25.4974961346 24.4698830635 23.6798203063 25.6157115745 24.7241488484 24.8884362156 23.6523403235 23.8100084411 24.4821218316 25.0705910853 23.7734446464 24.5873259842 23.9834838522 25.4484517269 25.0780055923 24.3728418266 24.2801397628 24.9061750704 25.2799398461 24.6009024785 25.2668712632 25.3095814047 24.7687270241 23.7728306885 25.3627943448 24.242531168 23.6217541042 24.0281225346 24.9479778554 25.58619182 24.4156214137 24.27139809 48.5454513288 48.5454513288 48.5454513288 25.4452084387 24.9034488755 25.5971006581 24.1900258482 24.5644821916 24.314891507 24.8020491494 25.2057086205 24.5985772076 24.5822579322 23.7426121075 25.2439372205 24.6404121875 24.6096195203 23.8797414992 23.6576162418 25.5298284583 24.4182444509 23.5283816568 24.6913533941 23.9425979378
24.6890517799 23.7353203066 23.9064009335 24.1769424559 25.422170444 23.8061087141 23.7501002786 24.385879103 24.0459668446 24.715757806 25.0138762939 24.8922381905 25.2738324062 24.4163430281 24.9941124202 23.6740818647 24.6041354559 24.3812225684 25.5491079019 25.6140779644 25.3625163 24.5558464328 24.5628928656 24.0219691805 23.8192877759 24.0663845393 23.846792848 24.7097655163 24.3109865654 25.1886011231 23.858755137 23.9898647094 24.9812638698 56.249076912 56.9746387112 62.4013998213 24.5439163858 24.3615060595 25.4208415702 23.5235934926 24.9987466909 25.2780239636 24.7170696751 25.4177517894 23.780451786 23.6830650594 24.8638108714 23.8293929113 25.5409035797 25.1421063174 24.1305890459 24.9828620993 25.1826802401 23.6436077582 24.2512511737 24.4551910008
25.4793556309 24.2572608846 24.8961788147 24.0182639178 25.1835500782 24.7304150655 24.6863673333 24.4470716509 24.3143187128 24.2424853411 23.7438745423 24.2898604357 23.9130512512 25.2573933907 25.5516724394 24.4162656851 25.0677531302 23.7529688278 24.5124201415 24.9643881222 23.9980823047 24.6498257373 24.4199047142 25.476115944 25.2664947813 23.6946408487 25.0005170874 24.522398209 24.0669250785 24.1966538733 24.7694634742 23.6224104819 24.4314770928 56.249076912 56.9746387112 52.1048712282 52.1048712282 24.0475607342 24.3994432644 25.1900287378 25.5545973188 25.3773906428 24.4752544373 24.6578316437 23.5899464072 25.1426166839 24.7901763598 24.605716956 24.6009693076 24.9829988379 24.6966361675 23.8188716018 23.751166524 23.941728449 23.6010457353 23.6254481347
24.8145954489 25.0233777637 25.0779042324 24.6448153711 23.7747946044 24.2554875311 23.9381827143 24.9320028883 24.3641209848 24.7615910805 24.7000090351 24.0249005843 24.977467675 23.7655246352 24.2296310706 25.6115248671 25.6107670161 25.0481570936 24.7670116942 24.6703303893 24.7855101467 25.058901576 23.5886140318 23.5949932521 24.4415514445 24.7776898395 24.2294460691 25.1658715522 24.033989327 24.3245337542 23.5315816499 24.5494725147 24.6101742523 23.71457634 52.1048712282 52.1048712282 52.1048712282 25.0499761484 25.0353770232 24.0159606814 25.4644982055 24.6108178601 24.29891464 25.2397026564 25.0050473768 24.241936918 23.7744037887 23.931498441 24.3481304375 23.9313202285 23.825657787 24.4059236665 23.5431049374 23.9387977866 23.7971286922 24.8065225415
24.7901096607 25.4478316856 24.5778336774 25.2209143675 25.3926060758 24.9927876212 24.5478212134 25.1646109821 25.4050207534 24.4972873976 25.4352523487 24.381504997 23.5909230355 24.0091818592 24.1539911571 24.6054828691 24.451760403 24.7841038948 25.153620245 23.589474933 24.6711557205 24.4712247135 25.3584873083 24.3623585664 24.509407401 24.9147689305 24.8365984264 23.8779086839 23.8583564214 24.7934231177 23.8046002423 24.4273635238 23.5042418046 25.2655116032 53.4232194446 52.1048712282 24.7014100129 24.0342320316 25.5809283522 25.2213407614 24.1105797953 25.4658246173 25.4386041073 24.875958224 24.5615558978 23.8072485831 24.5815397922 23.8287982163 25.5214166194 24.4766550633 24.0912152725 25.0318583724 24.0198041962 24.4936335528 25.3809418577 24.5229462161
24.0206094849 25.4246045695 24.1086940002 24.1229520237 24.3598912861 24.8157142582 25.6159479346 25.561658927 23.672731784 24.2441529511 23.8812977074 25.6149299651 25.1905335767 25.2843533578 24.6226083964 23.6493612001 25.1183174334 23.719860056 24.4393887437 24.0289462059 23.5945546377 25.0499780964 24.6560713286 25.5488443336 24.8964855812 24.4010275132 24.1817895348 23.8422135809 25.4969987477 23.5981920944 24.4676889614 24.6192795432 25.3775928817 24.7098972071 23.5159757943 24.0816866246 39.4987662943 39.4987662943 25.3043365005 25.5649530484 23.5279554903 23.5798746377 23.5842233364 24.5204934553 23.71185912 23.8723744412 25.3140218404 25.5093913118 25.4339671359 24.90081101 24.6817236822 24.5095595683 25.041084245 25.405808091 24.4120895749 25.1018070103
25.4954039548 23.6147617115 25.5536796088 25.4938341074 25.0242695922 25.4108383564 24.2027316832 25.0598450003 25.2844585614 23.9612891968 23.6669443952 24.7731987035 24.656719891 25.469678653 25.3233224785 25.340819595 24.4149545833 24.0267426743 25.3029304468 23.8918720042 25.3687654275 23.6462130613 25.3959442505 25.2898035223 24.7334803775 23.5910097322 24.0482967562 24.2251621595 25.1334809343 25.5018351883 24.8169921078 25.452909592 23.6687683656 25.5055831639 23.8167311988 39.4987662943 39.4987662943 39.4987662943 24.0809326823 23.5259902844 24.1144412485 25.3921738486 23.8423597219 23.5165639819 24.0908064 24.3705400984 24.9653868451 24.6745441189 23.75800651 23.8037692713 24.7105413719 23.5313163059 24.5105568965 24.041961153 25.2668398849 23.6310149301
24.0000032035 25.2950007619 25.0145052344 23.8248034538 24.8177731972 24.0622536188 25.0023525115 25.0629309593 23.5957361834 25.1377384126 24.2389967419 23.9796530362 24.2944440754 24.456570138 24.5924000831 24.9822138476 25.2928374363 24.7507667361 25.5208990436 24.9087016646 24.3382538446 24.6626991826 24.5291751536 24.8575811674 24.060667952 25.3472054346 25.3354185232 25.0648279782 24.5017317516 23.8475402861 25.2854788549 24.7552752708 25.5734426259 24.0601119415 24.1254174843 25.392991701 24.2706907732 81.9824776902 25.2863883831 24.5110300025 23.5859033542 24.4970461819 24.7967673387 24.1693401527 24.6159215514 23.5851765057 25.0562742042 23.6612494703 24.7798312881 23.6469690337 25.1212141954 23.7425396897 23.9773908176 25.0284131293 24.9407323559 24.6798754171
