Spatial_Output/BAU/BAU_0409.asc
NCOLS 155
NROWS 192
XLLCORNER 196307.867259
YLLCORNER 449144.565805
CELLSIZE 33.573938
NODATA_VALUE NaN
[rows 75 to 99 of 192, columns 57 to 113 of 155]
31.5409241523 34.6807011231 32.1452613803 32.0270681128 33.2643851544 32.147354498 32.5962392189 31.9336616542 31.612130859 31.9230142376 33.3673245607 32.3775891436 31.8781898559 33.556854827 47.3582092015 70.3924678141 70.3924678141 70.3924678141 32.1861502854 34.2663141637 33.2836370156 34.404227642 34.1315528795 33.7795070791 34.936509667 34.779676351 34.2812918544 31.6328280242 34.572764774 32.7102692697 31.8853982155 34.2601460201 31.6251304733 33.8753710773 33.8167940052 57.3799010168 34.9351183701 73.6331017374 73.6331017374 35.0154393366 34.1997725296 58.4403587966 31.5464738904 33.1203316111 54.7884593125 54.7884593125 33.4051691545 33.4715524717 32.6490345827 32.3325152245 33.2172395867 32.2626266742 32.3553695352 33.3946096809 33.6542667137 32.3342318097 34.4380091049
32.03668451 34.501057465 34.328465642 32.5129652876 31.7031257582 33.6581141459 32.4978447393 33.1567497364 32.8199846915 34.2503727754 31.6037934929 32.1448173115 31.8701702593 34.4757818069 31.7583970512 70.3924678141 70.3924678141 32.8357816464 33.3172745335 32.5884786418 32.3570657847 33.7119275199 32.9757085591 31.7109922811 31.5414813396 33.9528010263 31.7171382319 33.8511187332 32.0177932015 33.8091422762 32.1395628913 32.4982252642 34.8399933418 33.8242261452 32.8947078935 34.8677797222 34.9725863195 73.6331017374 31.8392027487 34.4819152137 58.4403587966 58.4403587966 58.2255310227 33.1344941746 34.3272836935 34.7409905177 32.1139000387 31.5320114099 34.9934460919 32.1928844413 32.2642168453 32.8002179615 34.8126535895 34.2294728567 33.0341031126 34.3312225808 32.8548275282
32.5628775259 34.4083457566 33.3249732723 32.450507519 31.7808020613 34.434779827 33.5751665046 32.2167006367 34.8002044118 34.8185611142 33.9030126375 51.9434848589 64.9602494211 68.2583101336 33.1423340528 35.0116296327 57.9868054344 32.1523742486 32.7993531648 33.7935417006 32.4186963737 32.6091513403 33.0512721219 31.8943354996 32.1505524627 34.4968391809 33.8148413647 32.513684296 33.8032523276 33.8826889726 33.4679698945 33.4242902482 35.0139550945 32.2237748502 31.9811673431 31.9244459937 31.5599913399 31.9914199963 34.7089369441 32.9330761752 32.4476671929 58.2255310227 58.2255310227 33.1558025778 67.0743268204 34.628169933 31.8394392393 34.7937810283 33.0120973827 34.1565053755 33.661494566 33.5062504684 34.165026476 34.8184470946 34.2319030714 64.4031274783 66.3779539603
78.8480077756 34.5568761853 33.2901507516 34.7643608702 32.0921775754 32.2387570248 33.5747734899 64.0425799183 33.6820402005 58.1412328928 51.7189623126 66.3609902754 54.107332898 54.5471967581 32.7608570572 31.6881294919 33.6592943357 31.5882519178 32.9032718494 34.7960336453 33.4484365961 34.9119207336 32.0806446777 33.371104483 33.7179758418 34.5763161245 32.1286528336 78.7781887721 78.7781887721 34.7853096733 31.5087297006 32.5473918582 32.0075421961 32.8329932424 31.921125946 31.8074463998 33.2287114692 33.9617831628 32.2277782493 34.9671111756 32.8571507299 58.2255310227 58.2255310227 67.0743268204 34.9912637496 32.4049589593 50.3430581492 33.3407166251 63.1778765736 73.4351193582 73.4351193582 73.0488447279 73.0488447279 33.5604508378 64.4031274783 64.4031274783 33.5355515043
64.5125704534 33.6678755997 60.1236340527 33.4616450725 77.1277011965 77.1277011965 52.9670909472 52.9670909472 59.6879833104 78.2307183478 58.1412328928 64.2668212134 54.4369630444 53.9132032575 31.8451406524 33.4236488459 34.8469884344 31.9032215467 32.3769869474 33.4709113412 33.1243297415 34.3448578236 34.5954741434 32.2506329563 35.0098806161 33.8342377428 33.6730665758 78.7781887721 33.7162064332 34.4540765989 33.8080114377 34.0815167988 33.9708113296 31.6073363495 31.8153128371 34.1365387368 35.0105953283 32.485583546 31.9398824082 31.6080290149 34.090096272 34.5486933873 34.1116919108 32.6041101719 33.0665944001 61.1289957259 61.1289957259 50.3430581492 63.1778765736 73.4351193582 73.4351193582 73.0488447279 73.0488447279 62.953353284 64.4031274783 64.4031274783 66.3779539603
63.6036325697 34.3753791406 67.4711076747 60.1236340527 72.0137774929 77.1277011965 77.1277011965 59.6879833104 59.6879833104 59.6879833104 58.1412328928 34.3258531928 32.7082303366 34.8277030427 33.3566491111 34.299288906 34.4273948826 31.8204126366 34.9183614166 32.0469413815 34.9393395612 33.0566489858 33.9314840827 34.1227532099 32.9577758716 33.2018116414 33.0795443793 32.5193658897 54.3709916673 32.6259317027 32.6199586614 32.7086880968 32.5828244276 32.4192632979 32.0747606034 31.7749167517 32.932525297 32.739774493 33.2067088012 33.1912687706 32.7983844654 32.1809780012 33.5061509325 34.8793768069 32.1283726036 61.1289957259 61.1289957259 34.6876906692 49.2206120677 31.9264378637 34.1327007823 43.6348901755 73.0488447279 32.7420707767 33.3277216418 34.3429361181 31.653787923
31.9518810446 34.0359260495 32.8096654578 33.2914520243 32.8541331045 77.1277011965 56.0603459157 59.6610505025 59.6879833104 33.953772254 34.9285771598 33.9562049343 32.0653454491 34.6999651056 33.7798570177 31.5404779887 34.3953145125 31.7076276619 32.7564357093 32.9594319191 31.6720815822 34.8689537641 32.1427353025 33.6800539241 33.0759054601 32.5096036235 33.2901438226 54.3709916673 33.2690433191 33.9243052486 34.3587794699 32.2247588055 34.4633728292 32.4246918907 34.3461392784 32.4351239365 34.3250410336 31.6477856943 34.8065917042 34.2407087914 33.1413200534 32.8576021766 34.5329692483 34.3750426618 31.9589164623 32.2819677646 34.0816049695 56.1903976851 32.0626578409 32.9383881492 33.5664119721 34.7974428811 33.4932602099 31.6603062064 32.9784600765 31.5566449632 32.0490010245
33.4512939717 32.1232553359 34.7971885632 31.873867408 31.9015556776 33.7536646686 45.668803066 56.0603459157 45.668803066 45.668803066 32.4307375966 34.7614742485 33.2593352978 33.5839212014 33.0250702588 32.954150015 32.5851983662 32.3959191073 34.0233703429 34.4771233495 32.703777666 31.7116895555 34.0158171233 32.8886549189 34.6244466412 34.0472456069 34.0626578794 32.5809823759 44.7912770297 44.7912770297 34.5813673536 33.7562244206 32.4647711735 34.7062037364 32.7435214877 34.7394871425 34.5135897151 34.7799289203 33.364088712 31.5476487291 33.8214023776 32.42466389 33.3212275193 31.83182878 32.6193321272 46.306528341 46.306528341 46.306528341 31.8361692127 33.9133134974 32.3003998333 34.4277467909 33.9025790907 33.9801353201 32.9442718253 31.9170188971 34.2803617019
33.6694422885 32.7851421528 31.8773766813 34.4406412618 34.3491305972 32.4785511965 32.7993525707 56.7231749564 56.7231749564 32.6158570325 33.5483852715 32.8229843539 31.9317486044 33.5733591036 31.792599998 31.6109227919 34.5956886565 32.3529875899 33.0493430377 32.9578970628 33.9897569601 32.3132749247 34.5998338461 34.4250462415 32.6228259616 34.042605131 33.188302141 44.7912770297 44.7912770297 44.7912770297 31.9341936204 32.4688145432 34.611618457 32.0041114916 31.8115413644 32.8271124973 34.4433259275 32.485031243 33.2265923991 32.7543745279 34.6010761195 34.207952932 31.8765809953 34.7512103024 32.0701135133 34.2051252665 73.493744681 74.6137324529 33.48958467 34.4014252977 32.5663925533 32.9728501947 32.7209837792 34.4326084845 34.963329755 34.2384347009 33.834995599
33.0646444495 34.8655485876 34.4653994277 32.7717934968 33.9810667157 31.8937109938 53.7512219784 53.7512219784 53.7512219784 53.7512219784 31.6175771064 33.0862029155 31.7862835292 34.979870263 32.2413337972 32.9858361838 32.8676570441 31.9145197586 34.1034439802 33.0224644802 31.96431186 33.8752427623 33.9358385079 33.3325668804 34.3053819994 32.3126980776 33.9256564712 34.982538865 32.2680226769 34.0542045269 33.5892581209 32.2303082384 33.5554233886 31.6985051055 33.8405899185 33.2635557508 33.7235699246 34.9860592139 33.1869480774 31.518479286 33.67424512 32.4568367177 34.9882507339 34.5038642796 32.5881305704 73.493744681 73.493744681 73.493744681 35.0046443328 33.4144196039 32.6071567007 32.5579704757 33.0681963666 33.5298427847 32.3696605546 34.8765503721 34.2732943909
34.92152256 31.7828327206 31.6889690093 31.8407311719 33.4947352315 31.6536231386 32.6601385195 53.7512219784 53.7512219784 33.5265244633 33.661882644 32.3983754732 32.0024882619 31.7262289415 34.0868033596 34.7657339434 33.549317839 31.651920137 32.5285899028 32.0408808316 33.6978530838 32.5571585128 33.8382365494 34.7061922294 34.7414507522 31.7862639742 34.6871955978 32.4909100753 34.4684154462 34.4692065845 32.9614846267 34.3462768836 33.6148827165 32.7719182891 33.6854343961 32.9186993615 33.5241575512 34.3914247196 34.6399900079 33.2585252634 31.8772191534 34.4298371454 31.7722021157 32.0990582991 34.9226719122 73.493744681 73.493744681 73.493744681 33.2399125499 32.902003197 33.6590716327 32.8526098953 32.7706110668 32.3500190605 34.8803581161 34.5923014636 32.2840688672
34.9114064382 31.888530402 32.6864389668 34.5659106326 32.4015970855 32.7118370143 32.3946277359 31.8402386954 32.9111436614 32.9735785757 31.7885803384 33.4899484438 34.0310460773 34.2252835696 33.2466670056 33.1773627432 34.9803424869 32.3106789039 34.678709799 31.6889834308 32.0847184642 32.925463023 34.9921543694 34.644456296 34.9056364155 32.5551933771 32.9804524631 32.9484851682 34.6561196551 32.1011309015 31.7117420482 34.3822302038 33.1463674043 34.0514316482 32.2642737151 33.4575450771 31.9422784496 33.0126915582 32.669659024 33.9495108818 31.9249528064 33.6460142916 33.0829394342 34.3505759885 33.0163527333 34.2631694538 34.0588851461 33.6966589146 33.169971744 39.9436080912 33.1063839797 34.0292511548 34.8483992709 62.105056462 31.706899545 33.7390538871 33.2723685773
33.6975954409 33.6603328305 31.8880943935 31.8806318307 34.1179120529 33.0521544368 31.9256369339 33.7369072552 49.0001739117 33.6697003485 34.8083679902 31.9987624886 34.6379500157 32.7135756126 31.6788939866 33.0813503292 34.5242585404 32.7051773915 33.5621383369 32.6915437829 32.2619437847 34.6894175918 33.3915226943 33.6810141375 32.9377125462 33.0260034888 32.2156641553 34.7914510121 31.5375753851 34.6898208149 31.5512209661 32.2947527307 33.4610266904 31.951633424 34.2515001345 34.2710783819 33.9355896962 34.4427063719 32.2242766157 31.9304302261 32.7820842805 34.6454190619 34.4078117745 34.6946226611 34.4788745393 34.7586485938 31.7247825958 33.848903889 39.9436080912 39.9436080912 32.4718696988 32.7653800024 62.105056462 62.105056462 31.9976360476 32.4672848287 32.2102143568
33.7407383059 32.3468294258 34.4744352748 34.8057171018 34.9950534029 34.3879704109 33.326303938 51.3185017079 51.3185017079 34.6375518994 31.6328774828 33.3325474796 33.2080572644 33.5470744132 32.4116128871 33.3851980794 34.5565316699 33.2032981841 33.9885838301 31.7944650881 34.8179638146 31.9052311091 34.1124911758 33.104016466 33.5303269529 32.9033923132 32.2065447301 33.9416887064 32.88397986 33.8910785534 32.0146127563 32.2858369382 32.229947169 34.3357150946 32.2318649691 31.5320240382 32.3536322294 34.4941323479 34.5458458324 33.4214796285 33.0767336072 33.390352283 34.4144618591 33.4453584234 32.0179720214 33.4036943797 54.9132709621 33.8422304392 34.068804067 33.046815511 34.1732442157 34.3499599811 62.105056462 62.105056462 55.3232012099 32.6085996614 65.3952919874
31.9471585884 33.0178564998 34.201553466 32.8533032648 31.532524354 34.590083292 32.3267146408 51.3185017079 51.3185017079 45.4015381012 32.6491263871 34.6244601077 35.0037687954 34.8671681629 34.1371712067 35.0151636435 34.237677173 31.921014954 33.3760184828 31.5249343419 34.020307729 45.8771280473 33.1424679376 34.4498096658 57.397073007 33.2069224358 46.9256269264 32.3968239663 34.954390375 33.7152563143 32.6946128078 34.6579624512 33.2110528265 32.6501414473 31.9536065209 31.9007926336 34.4960626405 32.451796428 33.425972955 32.7196625028 32.0575335082 33.2320684992 32.024703345 32.6973090938 32.4200281583 54.9132709621 54.9132709621 54.9132709621 31.7322163684 32.313022967 32.8269883046 33.6175349516 32.7166291489 55.3232012099 34.5095287165 33.8901332603 31.8657535386
31.9061624772 32.822711623 32.2304333873 32.3548669776 34.8359633755 35.0021435991 33.205381656 66.3971891467 51.3185017079 31.6456930316 34.6684849532 32.3398526994 31.9873662774 33.4328396992 33.7129367445 31.5335354375 34.8877814608 34.7962676656 34.6285899076 34.4443078192 34.810227793 45.8771280473 76.7065789269 33.9338136919 34.6907097413 57.397073007 33.0218866347 33.7611111399 33.052620907 33.0207258295 32.8009735486 33.1066339071 33.6709302346 33.7556833756 31.6462238193 32.3212320359 31.8596276168 31.8064539215 34.0101278979 33.3704723588 32.6325010743 31.5141695389 31.6120266633 32.8954966303 34.9035131972 32.9831819219 46.5705421634 46.5705421634 34.7700179644 32.3644630004 33.0944372323 34.4738544613 34.7403631247 34.8708397567 32.1946799286 33.186752561 34.6457419287
33.2993134898 33.1256246761 32.755234699 34.8373704158 35.0079702421 34.0385870755 32.8067920747 67.196795146 67.196795146 67.196795146 32.747542165 34.7420817001 31.5489209454 32.9160673012 34.8464484003 33.9949037905 34.6691946583 32.874797607 34.229214075 32.4876342577 33.9078944077 69.928542228 76.7065789269 31.7862233927 32.5023370663 46.9256269264 33.6508027635 31.6147374068 33.8257538029 31.6027577614 67.6852753967 67.6852753967 33.6708040777 31.7173062187 33.2782348965 32.5382157571 31.6693882382 34.1784608152 32.0905374212 32.2408120555 32.4726130616 33.1953269676 33.9102085797 34.1298151773 34.4907393848 46.5705421634 46.5705421634 46.5705421634 46.5705421634 32.8231637703 34.6016807427 34.5722392437 34.41567523 34.7190361601 33.5996803033 31.5292073923 32.0434302557
33.9497385635 34.7863000713 34.3843336736 31.5384589933 34.4303840604 32.9333985077 32.0592278873 67.196795146 67.196795146 34.8798722421 34.5378691981 34.5871827264 34.6196692104 31.5855136526 31.5037169563 34.33753476 34.9786752023 34.9550885413 33.9106505789 33.1598898104 50.4871634081 33.9810182785 31.5333476508 34.6458476695 34.9178117676 32.6923901182 31.6927519816 31.8524743043 31.8487920604 32.9446732894 67.6852753967 67.6852753967 61.0863213776 33.2501512716 33.3712652545 33.5154504987 33.3554719062 34.3740733917 33.6032466241 32.7957502502 32.7409622292 32.5581827285 32.8528514111 33.6969987903 33.2287334455 31.6461563845 48.6275857326 48.6275857326 32.8134535932 34.8822104444 32.6421398572 32.8258070705 32.4234578199 33.4124707918 32.6279329897 33.2206193328 32.7969338232
32.5490265979 34.7156870994 31.6289704254 31.5092157058 32.6928696805 32.9523475455 33.2749617252 33.180997546 60.5949570453 34.9661515299 35.0354041997 34.203139786 32.1315363423 34.9536778168 33.5975753646 33.2837440418 32.9070908345 31.9063141162 32.494642895 33.8841169263 32.6069355676 33.5495881306 33.0373448158 33.7998629455 32.7780304573 33.5605805167 31.766878652 34.1647951165 34.4774811441 34.9287504054 61.0863213776 61.0863213776 33.2483363373 32.9487247317 34.0790527609 32.7769108113 32.2622239944 31.731316726 33.8233073588 31.5316420029 32.8913424361 32.1039557835 33.3933443541 32.1957713246 34.755466411 34.4718135837 33.385212158 31.5429257408 31.9261884146 34.9295597336 32.2412246188 34.5575688626 32.9427302663 34.5521441364 34.6245701742 34.6048235095 35.0009049473
32.7082087734 32.433371691 34.8918298918 32.2754857887 32.1839986704 32.72400311 32.5912008904 60.5949570453 60.5949570453 60.5949570453 34.6385101601 32.5804524802 31.9597631254 33.6202764773 34.3035992513 32.9292334953 34.7397060233 33.0566139968 32.7153207231 34.287733193 31.7744015785 33.1368538774 34.223024018 34.5824496282 32.8492369538 33.0384665926 33.0116556465 32.7250734879 33.6057406749 34.9225833783 33.3860769836 33.9013778083 34.2177588902 33.5518065966 34.2571861586 33.5088987604 33.2173105794 34.7189467858 32.8339561295 34.4037247224 34.4517232023 34.3265396744 32.5077052782 32.9708398933 34.9957964378 32.7460878884 73.5614725996 73.5614725996 34.1793336348 32.7797408628 32.115371799 34.7480042316 33.6717510828 31.8327262814 42.1481786025 33.1533509506 34.1253381864
33.7903652613 34.6155319309 33.9503481427 33.4017582489 32.4675119381 34.2115046275 32.4463063365 49.1412705434 52.3344032051 49.1412705434 31.5744771849 31.7392585407 33.8927018186 32.4885968408 32.0092097485 33.118885107 33.893288248 33.686535477 33.6861445156 34.8089968947 34.4185911801 33.3406944857 33.9831832557 33.7018797184 34.89357828 33.5472760159 32.2059505341 32.8310325832 33.8492409743 34.5965708483 32.5134165182 55.650419305 33.2139440873 49.4384735023 34.6109670003 31.6594351557 33.0804072828 33.0132631551 60.8161094622 34.2676887278 34.0911588518 33.0409586409 32.5672114868 32.2220219311 58.6912172774 31.9775451543 73.5614725996 73.5614725996 33.1393102685 34.7666537923 31.9776376822 34.2095871616 32.9035577808 32.6312869509 42.1481786025 42.1481786025 32.7446232198
31.5067306438 55.5307814318 40.0382380473 33.2927609958 32.8281351333 32.4465528527 33.1517990462 52.3344032051 52.3344032051 52.3344032051 31.7850841133 33.5887510788 33.9190306931 34.6865277251 34.6788683635 34.0965342056 33.5292153916 33.6998250166 34.9367851294 55.3266941358 32.5930276966 33.3295959939 32.1179217632 33.677468665 32.8344252271 33.051814903 32.9451955428 34.0396911197 33.1546713568 53.925929411 81.3817974612 72.3321591704 34.6679679865 49.4384735023 34.077431774 32.3545894796 33.2546062921 60.8161094622 60.8161094622 32.3314987908 34.3743847985 31.8849583812 31.9862388088 58.6912172774 33.1010994819 57.78463367 57.78463367 32.7562336171 32.7033844656 32.0351117169 33.6795041591 34.5932202939 34.2044655349 33.4614950418 42.1481786025 42.1481786025 34.4537577921
47.9938766173 55.5307814318 62.6821987134 62.6821987134 33.7220938991 32.7685599107 32.2992529603 34.0230043309 34.6376695833 34.4361176437 54.1274064949 54.1274064949 32.4988272833 33.3650850115 32.5481025262 64.2969934094 32.5095491509 34.0430893771 48.0871888207 48.0871888207 33.7518060364 34.2535574197 32.4952409538 32.3920126284 31.8065834856 32.4600042431 35.0133794272 49.2352256717 34.0252911964 53.925929411 53.925929411 72.3321591704 49.4384735023 49.4384735023 32.7212909176 32.8654141889 32.2417261328 60.8161094622 60.8161094622 32.7195302035 33.3858439426 50.3902184619 50.3902184619 32.5454151444 33.2269230173 32.1968043611 57.78463367 34.2191258817 31.5621069793 33.746063738 32.3422220323 33.6026337393 32.3711937073 34.8179749731 33.8383035403 33.0538364875 32.1388930495
47.9938766173 47.9938766173 62.6821987134 62.6821987134 34.6408942444 31.7380257601 32.4310251985 33.4612876215 32.9182770266 33.6917069555 54.1274064949 54.1274064949 53.7100857456 53.7100857456 34.8615221181 31.6878971551 31.5194555342 47.3086445813 48.0871888207 48.0871888207 31.7674187888 33.3045038689 31.8625543116 33.1111447517 34.4156171318 32.0232818372 32.9787023156 34.9701182162 34.3409145105 53.925929411 81.3817974612 72.3321591704 49.2704643203 49.4384735023 32.5303390491 33.8305886843 33.2983063646 33.405229721 60.8161094622 34.755136914 32.8529593111 33.3031049552 33.7642114088 33.9777357608 34.1965005588 34.6785140945 65.5659957411 65.5659957411 64.6102328133 32.092199765 32.1527470523 32.4101994411 32.7623542949 34.1087805934 33.3917591122 32.409479706 31.7407801024
47.9938766173 55.5307814318 40.0382380473 34.1903164187 33.830434517 31.8155833248 33.7640892751 34.5592668349 33.3602274251 31.7792868823 54.1274064949 32.3506517449 53.7100857456 33.3512220884 33.3522415379 33.9858289137 47.3086445813 33.0875809735 31.6854365949 44.379887768 44.379887768 44.379887768 31.5116280177 34.9062725017 32.3881431493 33.3491315677 32.4315084765 32.7795795981 33.3928426906 34.1838650674 33.7377521821 49.2704643203 49.2704643203 49.2704643203 31.7430223576 31.7192393862 34.4104053031 34.1048951386 34.5323254126 34.7952662878 33.697126324 32.1793964931 33.5879998895 31.8958803398 32.4506911113 32.8941994613 65.5659957411 65.5659957411 34.5988867755 33.3847610449 32.2591673886 34.8901146318 31.6531811501 33.3456810378 32.2653205599 58.2380048295 33.8838586258
