Spatial_Output/BAU/BAU_0524.asc
NCOLS 155
NROWS 192
XLLCORNER 196307.867259
YLLCORNER 449144.565805
CELLSIZE 33.573938
NODATA_VALUE NaN
[rows 25 to 49 of 192, columns 57 to 113 of 155]
27.529999694 28.2923728072 27.5672111667 27.8453141044 27.6796960679 52.7681201391 66.8088658344 66.8088658344 41.3297600328 41.3297600328 28.0975602239 27.8229717244 27.1573814883 27.2363483982 28.2336877076 28.0621733107 28.1350093263 27.2293734541 27.6956604692 27.4414065452 27.9987977174 27.1474083849 28.0930754501 27.3955063554 0 0 0 0 0 0 0 0 0 0 0 0 0 0 0 0 28.3597927215 27.6989164006 27.1757591022 28.4111877784 27.9257074412 27.6302654544 27.0121430574 27.9999082485 27.9793956312 27.5390020011 28.0274924318 28.0111832844 27.8061991563 27.8009115603 28.0384668116 27.1611815402 27.1649533496
28.0099742686 28.1663210261 27.8502616243 27.7065671052 27.3501465122 40.7098313459 44.5331736173 41.3297600328 41.3297600328 41.3297600328 27.0364795951 28.0748662623 27.2690837809 27.569889741 27.7439854057 27.2760198138 27.5022077169 28.3205643201 27.5351411827 27.3452671677 28.2219978206 27.8168497705 27.0812545941 27.3241572466 28.38991381 28.2421265391 0 0 0 0 0 27.4896271292 27.8744811964 27.2087575179 28.1880352099 28.0109126638 0 0 0 0 27.8108331754 27.2721386726 27.1151323724 27.9116009203 28.3217164261 28.3728739027 27.2660679071 27.5022242065 28.0945079309 27.06548386 27.0073002755 27.2901264019 27.548913853 27.0622188067 27.5370212936 28.0896430257 28.3980547083
28.0445926071 27.3048641181 27.6087185287 63.0300681016 27.6997848386 40.7098313459 55.0659112598 55.0659112598 44.8026279183 78.8882805803 78.8882805803 78.8882805803 27.0097514838 28.0065926593 28.3513368067 27.6851966024 28.1062383604 27.910784658 27.8933770839 28.3159647893 27.2734306697 27.9636671559 27.5980616612 27.5626414183 27.3604259871 28.3453814669 27.5214369064 28.0104962776 27.1303438015 27.9223041109 28.3213211389 28.2987649752 27.6794088589 27.1829332979 27.8950239398 28.2429658055 27.7945409665 27.5856324912 0 27.8210112188 27.0748709136 27.4919803692 28.1139446423 28.0324710488 28.084181071 27.0707926884 27.847215968 27.1316915823 27.8340189162 28.179587107 27.3060099072 27.4067016799 27.9524919833 28.0045494539 27.382950081 27.4375751988 27.5435657138
27.9191535661 27.0688800979 27.3223058629 63.0300681016 63.0300681016 63.0300681016 55.0659112598 55.0659112598 44.8026279183 78.8882805803 78.8882805803 47.1715999801 47.1715999801 27.7154351165 27.8788877604 27.9655572178 27.9782424582 27.1024096057 28.197292786 27.3721847233 28.2139592687 27.5200445246 28.1958341527 27.8177803566 27.7053449179 28.0425387519 27.8777700668 28.3204521559 28.096440525 27.0867020743 28.0353893188 28.011682585 27.7793001279 28.2627088377 27.5818559432 27.1210470887 27.7218883408 28.0248541803 27.0920735444 27.3527820925 27.7479720561 28.2918629181 28.1880622108 27.4260910381 27.8782000655 27.0888497371 27.2796440454 27.4782789725 28.3017267336 27.5794263808 27.4838671864 27.5414633813 28.140961692 27.0759313558 27.6307383652 27.8289207198 27.4560942173
28.3919079752 28.0954606783 28.266954109 68.0106219526 63.0300681016 45.9702714442 27.3624731321 44.8026279183 63.218350414 63.218350414 47.1715999801 47.1715999801 42.043628423 27.9623174583 27.2816014788 28.0711433638 27.9519487258 27.1291024344 27.7704698747 28.2795438651 27.6521913341 28.1393467936 27.6569327418 27.7410030163 28.1504017939 27.2890869892 27.1539087223 28.20585136 27.8483205105 28.2872419989 27.4005109162 27.5713212177 28.3020429008 27.5427412087 27.4052769962 27.221138742 28.2426356446 27.3497684239 27.3565646213 27.9997808621 27.8044637969 28.3870146007 27.8677926658 27.4875035127 27.1471811641 27.4013850943 28.2185515301 27.3772653202 28.1146028244 28.3222829371 28.1066302621 27.2359262273 27.0372684179 27.1349461396 27.1110347867 27.3485246407 28.0865949705
27.6776160239 27.7612525035 27.5059451355 52.7727995752 68.0106219526 68.0106219526 51.8443324749 28.1229568293 63.218350414 63.218350414 74.5744427476 42.9433107169 42.043628423 28.3507896235 27.5113963136 28.2898782175 27.7553702723 27.7457689879 27.9605422876 28.0361874541 27.2964549308 28.1466489183 28.3082527772 27.3522530535 27.8162100826 27.4904425475 27.1217579924 27.146163532 27.9728254715 28.1066303447 28.1996441864 28.1333625338 27.6371318508 27.7252275544 27.1199614409 27.6805523634 27.7535426696 27.5014595527 28.1583302282 27.112465888 28.3854170574 28.1301592942 27.2523431635 27.2114724784 28.2387290373 27.8752366585 27.776679469 28.1194662365 27.4464571124 27.4691552517 27.3956353973 28.1571144858 27.0526099073 28.4025793674 28.4030587591 27.2587762382 27.8542004064
27.875782071 28.1206437007 28.3017496217 27.9952328711 48.8973870686 48.8973870686 48.8973870686 28.0097779128 74.3311852742 74.5744427476 74.5744427476 27.5354071203 27.6417019331 28.0097551836 28.1172204653 27.7734533539 27.9149457743 28.3129209055 27.7732696374 27.7590651909 27.7828114724 28.2241306436 27.0137553485 28.1900712447 27.3811074427 27.2990103618 27.6173704287 27.9793357747 27.2988327768 27.7212934941 27.1363981446 27.9236964981 27.1499333442 27.1602605055 27.4093787916 27.5013773757 28.2007066631 27.9855779501 28.1664660747 27.3447483672 28.277070219 27.2825557122 28.2894931467 28.1417593891 27.3038517318 28.2357607692 27.3029522915 27.951489505 27.0913369417 28.0413493452 28.3468769657 27.085546703 27.9357905668 28.2634998731 27.0734029049 28.0820459914 28.0584884263
28.3457434905 27.327480682 28.0419082028 27.4510162875 48.8973870686 48.8973870686 40.0853288469 40.0853288469 27.5079928814 28.2027844792 27.7028757782 27.6502873455 27.7417922511 27.3287833203 27.8370752906 27.5861089895 27.5064411267 27.9470363781 27.2336429858 28.2469064688 27.5747233503 28.067970076 27.7809410949 27.072860829 27.2345066228 27.5612137727 27.8218137769 27.8566247618 28.0515511996 28.2713162782 28.3472875549 28.3555432431 27.2297662932 27.6972867805 28.0828958193 27.288007535 27.0102797177 28.011587803 27.5754140801 27.7690028788 28.2032182792 27.0310503339 28.0393911546 28.2265490199 28.1309383126 27.0903634638 27.1837633049 27.4770641291 28.231447093 27.3600428396 27.0751704774 27.7687248762 27.4513769313 27.3238509695 27.2534780019 27.4263419201 27.5531021365
27.2552289969 28.2462334615 27.1235898784 27.3919172885 28.0039107775 40.0853288469 40.0853288469 48.962707317 51.5091446816 27.0485271243 27.2342272841 27.7492236467 28.3690409228 27.5626772878 27.3212065919 28.1465030212 27.6680667835 27.1316695012 27.4272231306 28.3353498701 27.0180875632 28.2131333993 27.1804671706 27.295429939 27.1149753318 28.2239714931 27.4789256936 27.1048749228 27.6941851996 28.1691516784 27.7876132335 28.350302446 28.3475786344 27.0310811979 27.390972512 28.0710802153 27.2945731938 27.7800676141 27.2137460306 28.1434713256 27.8764268091 27.2123295661 28.017124813 27.7382766581 27.4951950376 28.115255142 27.1612776117 27.6236581209 27.5396411466 27.5932026357 28.0463058766 27.7774915324 28.1546891091 27.15109208 27.8567376036 27.176614251 27.7136661858
27.4551986135 27.0212164575 27.2363557322 27.2767167676 27.7942192379 28.2350955717 48.2312205565 48.2312205565 27.9736065996 27.1981745399 27.8614992897 28.319111415 27.3443015019 27.1576126572 27.0243082297 27.3792758388 27.8616325549 27.8498970162 28.2152542488 27.4323984511 27.2011645934 27.2732908549 27.7353185007 28.2321749497 27.118001476 27.4653843549 27.4275424867 27.9125350168 28.2742568396 27.5157425655 27.138720068 27.172454773 27.2496529418 27.7390269206 27.3513665372 27.0358055588 27.7177894148 27.4692703076 27.8891553521 27.5366730231 27.5640167201 27.9275978162 27.0502463437 27.1839402464 27.757827745 27.6162739762 27.9701034993 28.396683295 27.7608916627 28.2429626204 27.9283697659 27.5583207881 27.7136717443 27.6067562412 28.1060636978 28.1157636855 28.1587610707
28.1360223636 27.1645483116 27.4519624559 27.5696244776 27.3490262984 37.1099750459 45.3691953375 48.5096321061 48.5096321061 27.9146249072 27.3316008759 27.1236937484 27.89300953 28.2966566073 27.1384258432 28.0198312558 27.8711746556 27.7287425156 28.0239113853 28.0045016673 28.0880389071 27.4312086106 28.2829649246 27.9923352171 27.2326370413 27.9318284812 28.1735465342 28.3000210096 28.2749877815 27.1550426656 28.1594689711 28.1824044014 27.1679773047 28.2166267851 27.6669848962 28.3744319699 27.0797045459 28.1679626986 27.8982367377 27.5179686238 28.2434040788 27.4258063063 27.3944879036 27.1451655144 27.3253394479 27.0224938944 27.084396587 27.7617459998 28.2518073556 27.599862884 28.169628285 27.9271478013 27.7014777118 28.3974019172 27.6316490328 27.7057522438 28.3501285456
27.0282729102 27.32239127 28.1981439615 27.8325028318 27.0255331515 37.1099750459 48.5096321061 48.5096321061 48.5096321061 27.2922500281 27.5464621377 28.2017346975 27.7300408104 27.1453784273 27.1056073511 27.112234481 27.5528203333 27.1988648135 27.0235526783 27.9016033603 28.3065279912 27.5211322525 27.7563288585 28.0639839799 27.3376757299 27.9477349544 27.0781237031 27.1736126537 27.3247567274 27.4939771538 28.303166822 27.497925321 27.8912246426 27.0710896235 27.4466559807 27.6665623802 27.7733372373 27.9718052181 27.4438994787 27.5972859438 28.1767061201 28.2276346501 27.0773038464 27.0188537455 27.5458614928 28.3950817584 27.2576383535 27.7655971274 27.2506202213 27.3823603645 27.2588294649 28.083399632 28.2837192506 27.510516063 28.0576179848 28.4064346141 28.2697973445
27.3152525608 27.5845037837 28.2241096409 46.5000968226 46.5000968226 37.1099750459 37.1099750459 37.1099750459 67.9990941791 27.1774800018 27.1317933862 27.0347901946 27.5415944517 27.3136891683 28.1447490685 27.2022253852 27.4745320172 28.1248093974 27.1441444462 27.6285908117 28.4060223024 27.7002442697 27.813532431 27.7979425276 28.3578746854 27.4152334348 27.990354892 27.3898279872 27.9190964772 27.8690549577 27.5637638944 28.3424512866 27.8694236726 28.3070538528 27.2626962708 27.5918527772 27.6505903227 27.2419945664 28.331179222 27.0092019592 27.6598491377 28.2093480817 27.473940763 28.2688225253 27.5245800555 27.2982301603 27.6905297938 27.8786527266 27.8107543011 27.6047002321 27.7101182771 28.37929225 27.4663345298 27.9994351006 27.1749582303 27.3273416277 27.0853807108
27.4729509154 27.8013364367 28.1366794657 49.2664730946 46.5000968226 46.5000968226 48.1066202621 48.1066202621 28.1573041061 27.4534271302 28.3611107156 28.2275682012 28.0504332359 27.6122130526 27.1961763115 27.7141309531 27.1113667262 27.3880907235 27.3943150254 27.2868817145 28.1383464173 27.4700918095 28.3455912074 27.2961893742 27.6682194108 27.1609380963 28.203867416 27.8187982588 27.7373357157 28.1753175522 28.112349794 27.8519495288 27.024703359 28.1966930714 27.0424100626 27.1635683994 28.3536208619 27.0624222413 27.7719642748 28.0370016928 27.7391849347 28.3918385712 27.0834672893 27.1613097788 28.131339065 28.1473970638 27.1826617102 27.5524590258 27.6133439663 27.3115629939 27.4241514791 28.0460559544 27.8856151879 27.1315683047 28.1881277586 28.3108689813 27.2207979107
28.3934282789 27.4569814305 27.5617432653 27.6371518603 49.2664730946 49.7610908686 27.5491915623 27.1386709613 28.1113434115 49.6796779998 49.6796779998 28.0032427019 27.300378267 27.2006102016 27.5924368312 27.760329466 27.0048671383 27.1043177568 27.3285600402 27.9215893428 28.3188981696 28.2571826163 28.2571208474 28.1289818204 27.7279229319 27.4463037416 27.1368810918 28.205682264 27.0083273668 28.3027068257 27.438533087 27.8429146007 27.7702526753 27.7602568195 27.7975179381 27.9834738 27.2883676389 28.3154684671 27.3359386638 27.8792471429 27.3320503586 28.0397415847 27.4510734672 27.0508732673 27.9461030349 27.0266005862 27.1163587469 27.8827063322 27.8324903047 28.0333257335 27.2877218295 27.6599686876 28.1163805739 27.9169070339 27.5306978219 28.2613450593 27.1045117746
28.3235264389 27.4174277651 28.2580466832 27.9200921881 54.0311949804 54.0311949804 27.7572967693 27.8734288974 28.0497539234 49.6796779998 49.6796779998 38.428860988 27.257151795 27.3418122253 27.2484601374 27.4675812413 27.6267982452 27.521924083 27.8122682286 27.7451876926 27.1076012383 27.1445900523 28.3958614509 27.9533905081 27.1541970741 27.2574666044 27.4807804256 27.7234894482 27.7148918587 27.3649791875 28.2678385002 28.0741058658 28.3773364816 27.809064838 27.1118680924 27.9453740094 28.0132542508 28.2329278314 27.7493597967 28.3962448088 27.404363138 27.8427034834 28.023918816 27.1385421829 27.66365522 27.9405201254 27.1945744256 28.3260352421 28.1291440447 27.7875519092 27.137051796 27.9363797038 27.5867035026 27.2100712904 27.7095909636 28.3923106091 28.3555603612
27.6400882279 27.3449060986 28.2559975294 54.0311949804 54.0311949804 66.8294598163 66.8294598163 60.4199160965 49.7989899525 28.1279711513 49.6796779998 38.428860988 28.2399890682 28.3100416361 28.2663968354 27.6135689401 27.700058894 28.1206855722 27.9364778918 28.0396242124 27.1193545733 28.0709483795 27.5242481431 27.1899023026 27.1410538795 28.3479489391 28.3084533812 28.013453974 27.5549349142 27.8421989761 27.2302021747 28.2769666156 27.0161463387 28.2682089025 28.3669266996 27.5824928182 28.3970054755 28.404869933 27.07463013 27.11889041 28.2363382339 27.628843019 27.9878983105 27.4546286249 28.4132573877 27.0765317407 27.3099169647 27.4146738641 28.2001671006 27.9564497467 27.9038121713 28.0002764613 27.5511490451 28.1999209537 27.5568797637 28.0106300928 27.8296279997
27.6377753757 28.1748921391 28.2907992663 63.2870578137 27.5688564753 66.8294598163 66.8294598163 27.247441467 27.0470016386 27.3385589679 38.428860988 27.2846758269 27.9860682896 28.0359399984 27.672863889 27.7467929448 27.2068161757 27.0959198351 28.2419804826 27.8937220556 27.8397466957 27.22336438 27.7505643999 27.9581013437 28.030049394 27.9151277229 27.0603538186 27.6723271815 28.1418070399 27.3181183848 28.1774144985 28.2958400334 28.2369686168 27.6991296401 27.8534423079 27.0686754826 27.0220114674 28.2959256608 27.4920889232 27.9626027161 28.0023685028 28.3191324128 28.2799243471 27.0652115883 27.6023469931 28.2212231834 27.452285951 27.2635284174 27.3102059003 27.1123325951 27.757917898 28.1702472472 28.0081039915 27.3864143687 27.8992852624 27.2099953915 27.7000333606
27.0877935166 28.3976278669 27.4827071815 27.3994578077 53.2602765298 53.2602765298 66.8294598163 27.231062664 27.7866763804 51.0020252547 51.0020252547 42.95252729 42.95252729 27.0209702174 28.1511002373 28.2664964687 27.2054013155 27.0390321395 28.3120543619 27.0613360848 27.0628034133 27.0157744717 28.2800401059 27.1775578419 27.5613274186 28.1844740452 27.9400932716 27.3023664295 27.3833171173 28.0950316087 27.1074301801 27.1781616476 28.10114789 28.2136724331 27.8508241604 27.3090837111 27.2109436141 27.091855511 27.9074402361 28.309657156 27.165008492 27.168177962 27.8408707202 28.3758081994 27.0912064379 27.6849995501 27.8704899721 27.3995180825 28.2148005006 27.6963717312 27.5150808323 27.7895161713 27.4501461894 27.7570187889 28.0409334228 27.0811071631 27.5532760139
28.2295957338 28.142458378 27.1434860449 27.8795505794 27.7019089483 27.6842704561 28.0698603764 27.3581829366 28.3969592118 51.0020252547 51.0020252547 42.95252729 27.5025423095 27.6406557061 27.9922044845 27.088530586 27.4085975984 27.9740175108 28.2042285085 27.9586950513 28.0739839941 28.1708070384 27.5458046878 28.050985823 27.6016890457 28.0350951974 27.0643084696 28.2396586056 27.5156846223 28.0179569912 28.0405200553 27.9056072264 27.6836938048 28.2869565633 27.1308382447 28.3605724356 27.4307565292 28.0991763713 28.0635270168 28.2658062197 27.0898273328 28.1215767828 27.0537762407 27.7811891851 27.2124177664 28.316282602 28.0123226316 27.520594373 28.0101167079 27.7568131355 27.326149668 27.3142517786 28.1098597906 28.0463390006 27.7717513691 28.0471664559 28.0409517825
27.8867390472 27.307628683 27.1054277432 27.0697066179 61.8618758579 61.8618758579 27.9793295675 27.6458011058 28.3176062867 28.2074508167 28.0354191814 28.0664580583 28.2889334139 27.4537594758 27.0188869556 27.4365703501 27.0118305065 27.5473389165 27.1274752932 28.2000116759 28.2807306952 28.2466372616 27.092727562 27.2961564612 28.2756619281 27.1253444359 27.9102441859 28.2085052126 27.0099876706 28.1952153723 27.7151811395 27.9002525462 27.5644048345 27.0593600848 27.3149478995 27.7516292347 27.2383111992 28.035526931 28.3667612063 27.5852018028 28.1103264709 28.3926604865 27.3443542459 28.4101914818 28.1551974972 28.3468417323 28.3650749237 27.2372307297 28.285591537 28.0430217339 28.0134059409 27.1975466675 27.2515726709 27.8784057998 27.4211689209 27.5883082246 27.3420564001
28.2942381013 27.8821148456 27.1547048769 27.6378682461 61.8618758579 61.8618758579 61.8618758579 27.3653851867 27.5321508312 28.1414156821 28.1348979657 27.8687751579 28.2427338789 49.2322346047 49.2322346047 49.2322346047 27.6500382185 28.206452286 27.6854378459 27.1736569559 28.2461063566 27.4253835094 27.0977023334 27.9487567854 27.738150738 28.1889827521 28.2715066602 28.3053333006 27.7666016244 27.1803237798 27.0223284024 27.1927936875 27.2088894072 27.9195229267 27.8172936749 28.0933885114 28.042019141 27.5184702333 27.9842329409 27.008562782 27.302071447 27.6607285166 27.1428060771 28.3083983301 27.2802488437 27.7581744469 27.4701521454 27.5766736308 28.3808989789 27.5572918885 27.7324966739 28.103764681 28.3752877124 27.9324416901 28.3427227693 27.4354567583 27.5358643015
28.2481576685 27.3316992587 28.0519045019 28.3278616761 61.8618758579 41.1565255368 27.8101626741 28.1313610782 28.007768283 27.0859345474 28.001949174 27.2481525327 27.7141981789 27.5675155586 49.2322346047 49.2322346047 27.3116292325 28.3935743717 28.2438417275 27.5305491554 28.1323440002 28.0782879681 27.2995832239 27.5764440725 28.2930866106 28.2684957217 27.4243780121 27.1714202158 27.2233844273 28.0661837499 27.0388517504 27.8616916132 28.2141835007 28.0207902261 27.9119972496 27.3274197651 28.2841108972 27.6111724048 27.3939013231 27.6257995311 28.2535492234 27.7365054699 27.5835876138 27.294601027 27.0064703865 28.372287188 27.1313753312 27.0994543155 28.378583273 27.7480059972 28.3114468706 27.3127611461 28.0110630903 27.1064852747 28.2743098855 27.2309038045 28.2242313695
27.7061932085 27.2450996941 28.2391506219 28.0435871501 51.8623262992 51.8623262992 51.8623262992 53.6823667148 27.9778807135 27.6093645588 28.0974480103 28.0550828511 51.9310258532 51.9310258532 51.9310258532 51.9310258532 27.9403983897 28.323016528 28.0755816443 28.1240966284 28.3686669602 28.0417789662 28.1106167863 28.0316613632 28.2764166726 27.1783967101 28.4052468091 28.3934699344 27.2592649081 27.1048496287 27.4178542287 28.254275413 27.9000149654 27.1189204161 28.0477930405 27.564783866 27.4301582666 27.3482042433 27.9642763192 27.3934580557 27.7145692139 27.1722932806 27.055250926 28.0906765393 27.2159747584 27.136664711 28.2761874479 27.4705747719 27.9394309057 27.0950540398 27.4145188931 27.6628596079 27.3341056351 28.3006525394 41.0697883519 45.6128539328 38.9787122272
27.4433408863 27.3941650766 27.7863095111 27.0306906141 53.6823667148 51.8623262992 51.8623262992 43.3319844645 27.7022544938 27.4379858067 27.3575390058 27.4106455617 51.0663591047 62.7910628517 62.7910628517 28.2282861817 27.4126614668 28.3731903312 27.4791445936 28.2528089794 27.8189721549 27.4323437454 27.3490118226 27.4374392656 28.2078023689 27.265844858 27.384836852 27.5935651956 27.8367651659 27.1521148791 28.1820618288 28.0639474438 27.4499782399 27.1951043615 27.4518574104 27.8016858284 27.017199469 27.7436208349 27.4342844401 27.3320028908 27.7733563981 28.1219571003 27.0047957887 27.2384858399 28.154428094 28.0749451854 28.1874300872 27.3993628638 27.3492014196 27.1764220904 27.3368245353 28.3945165736 27.1684657671 27.1093067876 41.0697883519 42.4103233956 44.5605426437
