Spatial_Output/BAU/BAU_0311.asc
NCOLS 155
NROWS 192
XLLCORNER 196307.867259
YLLCORNER 449144.565805
CELLSIZE 33.573938
NODATA_VALUE NaN
[rows 25 to 49 of 192, columns 0 to 56 of 155]
0 0 0 0 0 0 0 0 0 0 0 0 0 0 0 0 0 0 61.7286848938 66.5868188686 26.5482162114 26.5482162114 26.9537202001 26.9537202001 52.7091640964 58.5852885607 58.5852885607 58.5852885607 37.0996288221 37.3388301484 36.9845106681 36.5999139897 36.8778285506 37.3190519089 37.398161088 37.2913320989 36.7326343578 36.2766603945 36.1565056579 36.500861937 36.3811327755 36.5383083048 36.2731493376 36.43966895 36.282860532 37.2000550444 36.6124971077 36.954722666 37.3674627059 37.4044312045 36.6296019943 36.6274014947 37.372478851 36.2833892401 36.7055841026 36.3526984873 36.4801186482
0 0 0 0 0 0 0 0 0 0 0 0 0 0 0 0 0 0 0 0 0 37.3599660695 36.6611968182 36.8203042068 55.7479879044 52.7091640964 58.5852885607 58.5852885607 57.6683852041 36.1410609535 36.2111082625 36.1489062654 36.783088791 36.9718470668 37.1626226852 36.6929564956 36.817840446 37.2897921428 36.3737338541 37.3805367646 36.2809053249 37.2363491852 36.0302273075 37.3767106091 36.9333482202 36.8337837044 36.1124364241 37.3053575555 36.8573757542 37.3914301779 36.107638452 36.6278187442 37.3652742637 36.5475331521 36.3252406294 36.3728341757 36.4803061335
0 0 0 0 0 0 0 0 0 0 0 0 0 0 0 0 0 0 83.736513865 36.0852934585 36.3611740249 36.2608971056 36.7541573989 36.7472454655 36.0596307495 99.1632653836 58.5852885607 57.6683852041 73.7892475423 73.7892475423 37.3376887789 36.2653013366 37.1962654868 36.3004886409 36.0317911443 36.6699960048 36.0458256252 36.903698476 37.3617833876 36.8914432513 36.9474182453 36.711744221 36.9347613603 37.3830928706 37.3500374914 37.2286513468 36.2186893894 36.3392857897 36.4433913018 37.2857665764 36.2910427204 36.2817985205 36.6631037134 36.8876147373 36.9422091617 36.2017591431 36.7660033034
0 0 0 0 0 0 0 0 0 0 0 0 0 0 0 0 0 83.736513865 36.0390742236 36.6733357476 36.0071071766 36.042484888 36.0966108579 36.7410287389 36.7033686985 37.3709611175 57.6683852041 57.6683852041 73.7892475423 70.1981878192 36.6029954732 53.7818552021 36.0474571913 36.2835590539 36.9824279034 36.4799032081 36.6886713724 36.7535906937 36.300562728 37.196395854 37.2696136423 36.0186075802 36.6647336768 36.0802947566 37.2866020682 37.2695948332 36.296972655 36.718873671 36.028164353 36.147116133 36.5736073502 36.6955519049 36.2485453398 36.0683059882 36.4406049216 37.1809690617 37.0630464617
0 0 0 0 0 0 0 0 0 0 0 0 0 0 0 0 0 36.5452873385 36.231485231 72.3883092129 79.5079589634 75.3474145434 37.0257286695 36.0297177046 36.703589519 36.0782382573 36.576714013 73.7892475423 36.383316473 36.6575712874 53.7818552021 53.7818552021 36.6972967531 36.3364408524 37.2053571218 37.2654466737 37.1529639456 36.0364155048 36.9001285808 36.1078227013 36.6693501104 36.2107992981 37.3926993415 36.7463784263 36.2521786068 36.296232755 37.124488516 37.2123546834 36.5267288287 36.3745788502 36.8856937847 37.1031467683 36.69237155 36.1989958089 36.0644714258 36.0428723311 37.0655604087
0 0 0 0 0 0 0 0 0 0 0 0 0 0 0 0 36.3792166611 36.8878382533 36.940856177 82.2208108813 68.8043518203 83.3775117021 36.0091455398 36.0608902367 36.2131707503 37.2798484719 36.0496118539 36.1715787936 36.6402466262 64.1547626869 53.7818552021 83.9087252763 46.9814190391 46.9814190391 36.5056304441 36.935883718 36.7188734022 37.2067512639 36.9425573404 37.2944015814 36.7627706069 36.0539979566 36.6201885851 36.8110142548 36.7655468833 37.2398836526 37.2937303856 37.2074319605 36.7953207672 36.3754707434 36.8451847597 37.2369778626 36.7299081974 36.3143558073 36.5269450611 36.0725159442 37.0362853406
0 0 0 0 0 0 0 0 0 0 0 0 0 0 0 37.0746956089 37.0061024214 36.769566168 37.0434857823 83.2418888814 64.9832094325 68.9347139241 82.3580303429 36.592808742 36.9340553795 36.6985121966 37.29295507 36.7961743006 36.7942707251 37.3229819083 61.4602730187 83.9087252763 46.9814190391 53.6816365822 53.6816365822 36.663280289 37.0358138994 36.1363879651 36.5985095137 36.1938526511 37.0066719585 36.1302655725 36.2696430096 36.5039748706 37.3109906046 36.5849003226 37.000564548 36.5790077513 37.0236539809 36.6936446988 37.0407144392 36.7092305709 37.1016912942 37.2322395581 37.3037891932 37.3152368005 36.3330437036
0 0 0 0 0 0 0 0 0 0 0 0 0 0 0 36.4916936153 36.9955585208 36.1947960243 36.3572744749 67.6114759658 82.3508274909 65.8981958012 68.847202406 37.2571197181 36.2301185417 36.6994985241 37.0582819809 36.2524660921 36.829610117 36.1442788003 36.7685888056 46.9814190391 46.9814190391 53.6816365822 53.6816365822 80.0361086406 36.8022497964 36.2645671944 36.1327355296 37.2880665527 37.4021383373 36.6105335702 36.2643381425 36.2046435201 37.2386650395 37.3708475983 36.2797880797 36.9765437997 36.57117954 37.2858145989 37.22598069 36.7794624309 36.889754034 37.1782551064 36.9923820191 37.2722381772 37.2578555812
0 0 0 0 0 0 0 0 0 0 0 0 0 0 0 36.68596393 37.0120656474 37.1536320008 36.6452750745 36.1573219919 74.8936614016 83.5716121953 78.1128987249 56.8492219668 36.2836077293 36.2800158187 37.2589698036 36.7083884169 36.880368047 36.645168419 36.9293528875 36.9969043517 37.2562526206 53.6816365822 80.0361086406 61.7819166495 61.7819166495 61.7819166495 36.2549143202 36.7668651173 36.387427929 36.6299143137 37.065617963 36.6079551236 37.058949219 36.6078360824 36.3054993931 36.2116913303 36.0628228992 37.1350236624 37.0642258713 37.3498835267 36.5673953868 37.0025970938 36.7296237293 36.2305648079 36.7773222563
0 0 0 0 0 0 0 0 0 0 0 0 0 0 0 37.2948561175 36.4038100569 36.9870547804 37.2631816953 37.3055182833 36.7546918661 36.2380684798 56.8492219668 56.8492219668 36.0912830202 61.8016180264 36.0629355672 36.676074537 36.1358066342 37.4069053761 36.0217133546 36.4717980058 37.2767713661 36.1287761893 80.0361086406 61.7819166495 61.7819166495 57.3762378023 36.0118973781 36.2931181065 37.2584440674 36.2425202617 37.374224482 37.0711785875 37.4094625406 36.680835348 36.881546402 37.3708628663 36.7723747749 36.8356126725 36.1852531402 36.4483161792 36.0509068593 36.4218038843 36.1953583753 37.1814779907 36.4705844871
0 0 0 0 0 0 0 0 0 0 0 0 0 0 0 37.2064261475 36.4354808021 36.5089761106 36.4521152062 37.3009998404 37.0877394918 36.6539826707 36.8921576772 61.8016180264 61.8016180264 61.8016180264 36.2073055822 36.937898534 36.2180448779 36.3451353357 36.4200387404 37.2574299221 37.1312639622 37.0631570298 36.2758945174 61.7819166495 55.137438615 36.1771592751 36.3474218108 36.9300698558 37.3735425081 36.3705436071 36.5560042604 36.6266496028 37.0057695316 36.1184279838 37.3613079462 36.6066675766 37.2143580104 36.7382044535 36.1139117 37.1351628306 37.3713221681 36.1900530592 37.2086611298 37.2140350434 36.1336615277
0 0 0 0 0 0 0 0 0 0 0 0 0 0 36.2636789766 36.0871881928 36.3748913093 37.0293704926 36.6153310691 36.8477631568 36.8162419303 36.6737633449 36.2429718222 37.0486236845 36.8650802678 37.316934628 36.4290545757 36.9956891178 37.0159453516 36.1771865774 37.0720831912 37.2521688672 36.0012329309 37.2960627484 36.2326604458 55.137438615 69.3797783147 55.137438615 36.4061616796 36.3423548 36.4693873388 36.6001091078 36.4760328089 36.837537294 37.0326547512 37.3081213915 36.8057912731 36.7398882085 37.0125423945 37.2952070943 36.9150689868 37.1318854664 36.4208381348 37.3581764421 37.0515921258 37.3676650286 36.3520747923
0 0 0 0 0 0 0 0 0 0 0 0 0 0 36.0219318226 36.2822426847 36.752003659 36.744840384 36.7141985198 36.4633622502 36.0850771466 36.780108428 37.1274560816 36.4397494948 36.9522531041 37.3187791399 37.0836295786 36.9664764759 36.1769982822 36.2817526625 36.5074260911 36.3831547861 36.3109147078 36.0138293505 36.3210851076 69.3797783147 69.3797783147 69.3797783147 36.5108110676 36.7893560622 36.6714410137 36.6094716689 37.2510270341 36.6901444633 36.7732837102 36.3277399647 36.3467854869 36.5010906625 36.271007589 36.6434734486 37.2947724555 37.2721492246 37.0124676955 36.2373204715 37.3249557307 37.1245971634 36.0219834066
0 0 0 0 0 0 0 0 0 0 0 0 0 37.1941011539 36.8139996064 37.2398191492 36.003774153 36.5685527679 37.4131255739 36.632930309 36.8243851402 36.2563214582 36.6930056173 36.8728547597 36.2739638484 36.4928124194 36.9164036201 36.5630167586 36.7345281361 36.7707374758 36.507315365 36.8490003285 36.5345498414 37.3956964327 37.3745839132 57.1445278715 69.3797783147 84.6348962685 36.2663783589 37.3749786224 37.2390062455 36.7445490404 36.5316229644 36.355194848 36.102512906 36.2383003877 36.3723993795 36.5426381141 36.4248843415 37.2665393271 36.4248409075 36.6731769816 36.8308971371 37.378925637 37.2237247391 36.8863441168 36.0776585434
0 0 0 0 0 0 0 0 0 0 0 0 36.6373161047 37.0837028741 37.0895556131 36.5522929013 37.1808577689 36.5474388642 36.4992913241 36.6000780507 36.4100467048 37.0141235813 36.2459644013 36.5043998641 36.9179400627 37.3786408205 37.0361184502 36.6121839619 82.6822005915 77.5965219831 73.6178617419 37.1010667236 37.2766750211 36.1559314936 37.1029150431 37.1559628436 37.3912704946 84.6348962685 68.2109953642 68.2109953642 36.2365512636 36.2880917664 37.0819475733 36.746434519 36.4531703236 37.3316957785 36.2964160385 37.0160270817 37.289341944 36.7548390428 36.6701539471 36.9771336562 37.2363672792 36.584250645 37.0749230852 36.7021377414 37.0207490715
0 0 0 0 0 0 0 0 0 0 0 37.2046113202 36.5504729324 36.2939544807 37.3707487803 36.2967129094 36.0104198945 36.761042748 36.1594450353 36.1303530828 37.1296482716 36.0545996861 36.2870768945 36.7968975222 36.395546028 36.623213066 36.4152949992 36.4784019824 69.855316304 82.6170959475 65.4715270081 36.1151010177 36.9031367743 36.8815489631 36.076820392 36.438920902 36.6960318462 68.2109953642 68.2109953642 59.7082862623 59.7082862623 37.2692137573 36.0646701668 37.0962623711 37.4036499146 36.7768335945 36.8294630135 37.3262744123 36.2052606893 37.1962585634 36.8744079654 36.11908693 37.0704009168 36.6124883843 36.2235320499 36.7368756655 36.7976759561
0 0 0 0 0 0 0 0 0 0 37.262849767 36.0509924538 37.1435175452 37.0266577741 36.0733348873 37.2543912837 36.7994268234 37.2422891724 36.9902680673 36.569571641 36.1914709269 36.9879902161 37.3641409338 36.3572990993 37.0346525247 36.6485246698 36.1539143469 36.443896055 79.6095491425 64.9216902542 66.4548038092 36.1512017738 37.3827498091 36.5877623406 36.6770053024 36.1382585745 36.4917693972 36.7131129751 59.7082862623 59.7082862623 59.7082862623 36.1459742235 36.8299341723 36.200010993 36.0834431453 36.629186188 36.5980271265 37.100215185 36.0380210104 37.1843815533 37.123190246 37.3642370899 36.5157908271 36.4294624274 36.6143837038 36.9093196134 36.5493267655
0 0 0 0 0 0 0 0 0 0 36.4395809637 36.5064057713 36.3027334341 37.0792983241 36.3716749571 36.4179972579 36.3733081822 37.1699591305 37.1363820656 36.2549944436 37.3435181019 36.6769198315 37.1595716383 37.3757340216 37.406837161 36.9225859255 36.4716772577 36.2655878833 71.0095806979 83.4548595056 67.959251189 61.6036428526 36.1199057003 36.7227538315 36.1050570531 37.0953827586 37.3144381915 36.0983932011 59.7082862623 59.7082862623 73.6228222877 36.2436002398 36.2552345194 36.648833075 36.7265786316 36.6970128328 37.3319290962 36.0511112033 36.4386921535 36.5098225309 37.0728173184 36.7938685798 37.1863420428 36.0193097677 36.8832319184 36.1650160869 37.2838714711
0 0 0 0 0 0 0 0 36.5288839383 36.2376406942 36.2686343111 36.207458766 37.388773658 37.2177764916 36.7820517216 37.2597996137 36.7435588854 36.6880058801 36.3212669926 36.5120102865 36.186735301 37.3575974064 37.0720288134 36.074760831 36.7531666157 37.3105754494 37.1412258696 36.9811129497 36.0836044983 61.6036428526 61.6036428526 76.4846531959 37.2922871839 36.8854105995 36.643123127 36.1334929362 47.9835039979 47.9835039979 73.6228222877 73.6228222877 73.6228222877 36.4691520464 36.2105082778 36.3226620047 36.4748234764 36.4405075976 37.2333795542 36.0860715843 36.9937325934 36.2651789345 36.4237298289 36.1250983699 37.272999178 36.5343909664 36.9386837172 36.1837245238 36.7020872035
0 0 0 0 0 36.5954347448 37.0672786053 36.8082326243 36.32174698 37.0513560327 36.0640853651 36.4656566588 37.07296315 36.6069194523 36.150196649 37.1128384113 36.4718800776 36.7597613494 37.2704011398 37.1168359658 37.3015276938 36.7246421468 37.2621778799 36.2142434842 36.7132095765 37.3634838511 36.2236930549 37.2791453039 36.7043471385 36.1943536357 76.4846531959 63.5505674026 36.1568678854 36.9352759062 37.0551975648 36.1483377931 73.8342014819 47.9835039979 47.2978457728 49.9691551992 36.8977246325 37.2996577356 36.0665946704 36.0176002885 37.0777077502 37.1313963619 36.8524367664 36.2380998092 36.9872455993 36.3573547558 37.1081338646 37.3685130276 36.5419741567 37.1379374932 36.8586695903 36.3507448201 36.6442618887
0 0 37.1774569187 36.8431183762 36.3549257951 36.3658671563 36.2602050753 36.9424083156 37.0773293185 36.2691155504 37.3071000572 36.4917059312 36.1836805223 36.6206706949 37.2321277663 37.3707627265 36.9832711623 37.1744634396 37.3226090916 36.1887783086 36.8858797997 36.5426492463 37.10146699 36.5792028448 36.620260134 36.7811368881 36.1908447729 36.6646883811 37.0406758071 47.4735101669 47.4735101669 47.4735101669 47.4735101669 36.3016957267 37.1727435878 71.7746068155 73.8342014819 47.2978457728 47.2978457728 47.2978457728 36.4219125041 37.3378596357 36.3193707873 36.4322190683 36.8993512943 36.0737685083 36.9875289853 36.6693327174 36.5967571005 36.849468461 37.0653951219 36.4846369853 37.0321816642 36.8903864269 36.8485880771 37.1277711058 36.1510409404
0 36.5542873318 36.0446063501 36.7895360249 36.5470668418 36.4310709046 36.7245227913 36.4775922974 37.3861802815 37.023515123 36.0129000382 37.0979186122 36.0217679039 36.4164828822 36.3987107152 36.7626788012 36.8842584583 36.3344397454 36.5330677161 36.6762724012 36.9734565722 36.8006376133 37.1161633471 36.1400134374 36.9423302228 36.5083640136 36.3051563166 36.6915786638 37.2354299859 37.3672445012 71.1879803372 71.1879803372 71.1879803372 37.0141503296 36.884777143 68.4990206808 68.4990206808 68.4990206808 47.2978457728 36.2935697097 37.1661739012 36.7163078952 37.2567363165 36.0538006664 37.0535734904 37.0595863856 37.3297801936 36.1541745598 36.4316153745 36.4037363041 36.987483202 36.6233941867 36.2793762941 36.2501205147 37.3991638447 36.4152263215 36.409304691
36.6010015391 37.2792145094 37.1687377015 36.9822296756 36.1652500777 36.4833531929 36.6341108661 36.0903636129 36.1811680064 37.1777409617 36.6894023605 36.0037321903 36.4911219089 36.0964905179 36.1248523318 36.6744429741 37.1198726347 36.7112107909 36.220231348 36.3296183014 37.1553615926 37.3592259989 36.4100157101 36.0917082557 37.3238451193 36.9786859112 36.9326895819 36.494062978 36.7151423517 68.3250011407 57.1572461934 71.1879803372 53.9678883729 61.0566728934 47.1790810323 62.3090812618 68.4990206808 68.4990206808 52.9332786762 52.9332786762 36.6784814333 36.6141696102 36.3872940493 36.8504377643 36.4999504709 36.6619065797 36.8603381666 36.9279422531 36.0168595732 37.011334062 36.4257614276 36.3790492707 36.8119423493 36.9658010021 37.2779920018 36.61161748 36.3025316468
36.1624939372 37.312977265 36.9328516329 36.950795617 36.2433401106 36.966847148 36.243163544 36.4254000386 36.0994286214 36.9809736644 36.1584274258 36.9024138993 36.8054059109 36.610772284 36.2585030272 37.36916875 36.0041331444 36.5078873988 37.3272120206 36.9692301904 36.5580060635 36.6363236503 36.0962105301 36.6472136266 36.2454529855 37.3822866657 36.9071321814 36.3997808963 37.2740622587 57.1572461934 57.1572461934 57.1572461934 53.9678883729 53.9678883729 64.5449145749 47.1790810323 47.5386100519 75.3235199798 51.7415768673 36.0054622068 36.3668653149 37.2642421934 36.1452915854 36.0156680664 36.7538351881 36.5309853514 36.8346956888 36.7661135273 37.2747802929 36.4258756737 36.579145669 36.8633354619 36.8376022537 37.2578879432 36.1618258817 37.0259465146 36.0585660311
36.8178013651 36.4446959169 36.1095811064 36.1740993236 36.8299167411 36.9728102197 37.0831894221 37.377416889 37.2529421011 36.6249291866 36.0234629121 36.2750404068 37.1582552801 36.8528827666 36.2089284438 36.0880557089 36.4605022392 37.0271628874 37.0534972478 36.7011376616 36.2030211793 36.2047110958 37.3218195693 37.0885177986 36.8878157129 36.02632428 36.7506978325 36.1923481303 37.1503963745 36.266001315 52.8736823132 52.8736823132 53.9678883729 64.5449145749 64.5449145749 47.1790810323 47.5386100519 51.7415768673 51.7415768673 51.7415768673 79.4478207567 36.1215536263 36.3491842786 37.1856575117 36.8228849228 36.333392475 36.2593260299 36.3465873854 37.3295464252 37.1523523203 37.228639879 36.5096885667 36.8953483701 36.9729274748 36.4759285256 36.1203178389 36.0102625489
