Spatial_Output/BAU/BAU_1169.asc
NCOLS 155
NROWS 192
XLLCORNER 196307.867259
YLLCORNER 449144.565805
CELLSIZE 33.573938
NODATA_VALUE NaN
[rows 25 to 49 of 192, columns 56 to 111 of 155]
27.6799813361 27.5305183226 27.6387508187 27.7470894968 43.5800653535 50.5968903386 59.3410051425 59.3410051425 58.412115238 59.8139948706 56.8219174795 56.8219174795 28.0370161616 27.7007292015 27.6515877552 27.663714283 27.9163045269 27.5408705632 28.0496985919 27.7738278999 28.0095726311 27.5180080501 27.8308652838 27.5754482052 27.7816333474 0 0 0 0 0 0 0 0 0 0 0 0 0 0 0 0 27.9781590765 28.108784919 28.1013046791 27.8605887086 27.7517568001 27.520524968 28.0302198341 28.0183005725 27.6816321318 27.9615579006 27.6803640828 27.6366625597 27.7149792933 27.5221601909 28.0510473417
27.5776947762 27.9779457859 27.6035470134 27.660193767 52.5067004387 61.2398417908 61.2398417908 27.5187013594 49.6954282238 27.949576751 56.8219174795 60.53154395 27.5994898727 27.8018463859 28.0724736739 27.5571003885 27.8543159949 28.1534298994 27.9270640594 28.127924035 27.7961145992 28.1444363145 28.0150430343 27.5317756595 27.955620005 28.0509999046 27.8490362349 0 0 0 0 0 28.0414280656 28.0174820739 27.9301037222 27.5809478303 27.928236627 0 0 0 0 27.7474284402 28.1066339357 27.7139538263 27.9295193107 28.0885857394 27.6403637002 27.9794113846 27.6853394271 27.678372797 27.8976512035 27.8667083248 27.9793176402 27.5439826391 27.6688949466 27.7535654962
27.8210470037 27.9685128992 27.9988362611 28.1069635397 27.9395849924 27.7130084008 28.1757863854 49.6954282238 46.3025063119 46.3025063119 60.53154395 60.53154395 68.3710524987 27.9859629515 27.8224599139 27.9822277497 27.753182438 28.1812327373 27.7338255654 27.6805913737 28.1991181001 27.5712882138 27.9240575002 28.0036800824 28.206632245 28.1142901421 27.5177349626 28.0962643651 27.5559772179 27.9832588036 27.6793717952 28.1212534677 27.8868972742 27.839761307 28.0390260235 27.9859183387 28.1606203262 27.8932577809 27.5464392259 0 27.6646610161 28.0997973812 27.9985416976 27.6273029484 27.5054447765 28.1499436289 27.7290975062 27.7563117219 27.5113121451 28.0261751107 27.7482565012 27.8285540429 27.8326762993 27.5949077357 27.6763261946 28.0293195139
27.5801313562 27.7910833706 27.8665264963 27.6647187835 27.9628008719 27.5837915545 27.9142744953 49.6954282238 46.3025063119 46.3025063119 27.5119667048 55.752698922 55.752698922 27.6478877155 27.6296067447 27.9912242667 27.9669006213 27.7344023962 27.592683725 28.0248638337 27.8736972066 27.6836267768 27.8561051578 28.1039228799 27.6685044169 28.037000442 27.8783743896 28.08391557 27.8439613318 28.1068672442 27.7296859299 28.1182816303 27.5866541967 27.5967095607 27.6670468528 28.0328077606 27.9354033653 28.1798015037 27.8047571434 27.7361623936 28.1491957307 27.8946430029 27.8547908902 28.080573048 28.0552705406 28.144140887 27.6570886287 27.5280509532 27.947613775 27.9544843194 27.7914756776 27.5687283192 27.6939607932 27.7033273868 27.9878037623 27.6653585059
28.1584929549 27.8878334426 27.9328606947 27.5508991921 67.0579276162 67.0579276162 59.8224412625 27.6215941234 46.3025063119 54.0614352404 55.752698922 55.752698922 55.752698922 27.7274234583 28.1220609414 27.6288870164 27.5366891323 27.8209075075 27.9821974914 27.7112418264 27.9602623583 27.8403862964 28.1219267567 27.5555891202 27.5063336418 27.9916538044 27.7991780973 27.6416391042 28.1750923132 27.889941675 27.6360277285 27.7054968513 27.646216546 28.1682628952 27.6946028075 27.6446677832 27.7952118022 27.5959604642 27.958393916 27.8506340782 27.8474330568 28.0430333689 27.7235236023 27.9579927107 28.012179936 28.0396015996 27.7664896729 27.900246313 27.5486059887 28.188347596 28.097427733 27.7261440701 28.1836431191 28.0095918061 27.685377283 27.7413667355
28.1426024466 27.7640351175 27.5147308473 27.7479670122 59.8224412625 67.0579276162 67.0579276162 27.9156205425 27.781038012 48.6073617056 48.6073617056 48.6073617056 45.3740688971 28.1226143789 27.9273706376 27.9258301472 27.6864046054 27.9934737102 27.9558618496 27.5428246132 27.6528994019 27.7198951438 28.0816339195 27.7020197432 27.5386431223 27.5168280282 28.0490578683 27.8730637696 28.1016207318 27.5291203307 27.5526518442 27.8529825597 27.8528535482 28.1107501267 27.7177364761 27.7046696242 28.1618113743 28.1825303059 28.1644326742 27.862562713 27.8804480295 27.9222991447 27.6465776583 27.9791630291 27.8935192588 28.1287817725 28.1279484378 28.1401407248 27.8959804286 28.1913118042 27.5682743464 28.0895016177 27.9659617166 28.0112641389 27.52692927 27.8380229177
27.8341300855 27.5541516415 27.9242706842 27.5624009724 27.9079667695 27.6855972644 59.8224412625 55.6577003689 28.0361480671 48.6073617056 48.6073617056 45.3740688971 45.3740688971 27.6669441563 28.0500978969 28.1223977069 27.6738760293 27.5427500668 28.1074267309 28.1499310471 27.8960177803 27.7845797212 27.8632696718 28.0894015804 27.9625392633 28.107712416 28.0513726931 27.9361842688 27.6307568316 27.9527038866 27.924130911 27.9892816197 28.1215310283 27.9146154943 28.1515599688 27.9947470269 28.0539268722 27.7633455246 27.8509759068 27.9486687923 27.945139984 28.1474910419 27.9732395483 27.7364294576 27.5068757063 28.099102969 27.5513640087 28.0741114371 27.7870527523 28.0165561162 27.6365253738 28.1107723566 28.1421536066 27.9862296573 28.0544697824 28.1641524311
27.8603884621 27.7981132535 27.7393368806 27.6387130277 27.6384213316 40.8961783277 55.6577003689 76.5974276174 76.5974276174 28.0934361726 28.14077105 45.3740688971 27.6067864906 27.5380099501 27.8754051756 28.1557937282 27.6135738322 27.7300562152 27.7867149416 27.5175427359 27.9120583218 28.0210043805 27.841419176 27.6893351325 27.6491127014 27.6366662695 27.5796441741 27.5994108973 28.004286082 27.6509039275 27.7164914194 27.9826960491 27.8226162459 27.9037279754 27.9984075861 27.8667477968 28.1233193874 27.9616358914 27.734745415 28.1014513658 27.7681481642 28.0442349704 27.6003193567 27.6873693765 27.967548913 28.1296710433 27.9571260028 27.9917809093 28.054291455 27.6175810237 28.0357280312 27.9086721981 27.967767874 27.803027422 27.7206431179 27.8509159886
27.7793117802 28.1026828278 27.8081768503 27.5463830131 27.9893563196 27.9553904385 27.6131611695 46.3272769729 46.3272769729 46.3272769729 27.9810746893 27.9234844306 28.0766535836 27.5115436632 27.6426474365 27.890370835 27.9657562122 27.905008857 27.8180907692 27.6147214597 27.5671668492 27.9307802144 27.803968427 27.7735819955 28.053412285 27.7288210081 27.7367635522 27.9399105841 28.1039514716 27.7026525002 27.8737042414 27.5609136027 27.6379456525 27.6166717554 28.1509653502 28.0528786724 27.8228511506 27.6172248911 27.6928091534 27.8257100169 27.9784676918 28.1824160804 28.0881126486 27.523010114 27.6254675867 27.9466605865 27.5717248609 28.0005389009 27.756451372 28.046571751 28.1439029062 28.1292263529 27.5602082782 27.8513883433 27.5651983286 27.7805226434
27.5716191225 28.1403933675 27.5613546153 27.8407109151 28.1381180319 28.1140308661 27.7683298528 78.1981247985 46.3272769729 27.5992896274 27.6537468459 27.6651803242 27.6139008403 27.5445408728 27.8616619353 27.5426976757 28.0814669722 27.7808858146 27.6272248873 28.081762101 27.7208065875 27.6992430466 27.7648511283 28.0696680575 27.7023506347 28.1510276549 28.2056875798 27.8220209293 28.0586106488 27.5372957832 27.581680736 27.974460834 27.9962303592 27.7695191313 27.7543533063 28.0979814796 27.8552091345 27.879301182 28.1484993246 27.8376188184 28.0109809999 27.9314640126 27.8720473349 27.8087725863 27.5557055947 28.1171037331 27.7060129964 28.0166663738 27.6525916766 27.9139550913 27.9284118568 27.857887933 27.6602525259 27.8978877181 27.6055634935 27.6849203478
27.9032100863 27.8093331385 28.0561133447 27.6591465134 27.5568404185 27.5581978542 27.7269038865 63.1739149533 63.1739149533 28.0542418217 27.7670073005 27.7574445025 28.1206491186 28.1017115429 27.773521141 27.9721272961 27.8264602869 27.9980228254 27.6065123931 28.0104287715 27.5649970861 27.889370705 27.8794722756 27.8242861488 27.7406932816 27.793392738 27.9734600473 28.0128023226 27.9604169231 27.9967270544 28.1674884476 27.9017954054 27.7665188654 27.5691983807 27.6056026285 28.0291809989 27.9723844642 27.6094860415 27.6336100388 27.6364699826 27.5805033453 27.9218023265 27.8624367557 28.0698520809 27.7876159601 27.7041639948 28.0700518587 28.1844070646 28.0860923851 27.7838322714 27.7432796474 27.7550662849 28.095966201 27.9518184935 27.5429720516 28.1996504884
28.0015539489 27.9492361307 27.5481870902 27.6646912918 28.0782060452 27.9842919567 27.8729346633 28.1820156189 27.8354760648 78.1981247985 27.6134231366 27.6597224496 27.7657845238 27.8503179026 27.5433768258 27.8830933694 27.5507174784 27.7291185655 28.1352507198 28.1587850259 27.7937976191 27.9085826692 27.8970140323 27.9990839831 27.804554125 28.0306037721 27.6959511457 27.6143572379 27.8298872856 28.1975245741 28.074440093 27.9859766464 27.849241276 27.7549424967 27.6066691662 28.0489587205 27.7092235275 27.6713085662 28.1365193566 27.9282168501 27.9387375346 27.5228567454 28.1000586612 27.8042283529 27.6016188228 28.1426865502 28.1537889472 27.5239458143 28.1054773442 27.5241393786 28.1208381925 28.0003323287 27.8316246702 27.7111508149 27.9125895835 27.6671635616
28.0162641199 27.8749990831 27.7471960834 28.148201227 28.0296938296 45.1519866973 45.1519866973 27.6893825728 48.4802554459 48.4802554459 27.9940079908 27.7258259897 27.937900962 27.8725636477 27.8502628294 28.170921491 27.5112136316 28.0238503528 27.6969344631 28.0489523465 27.7591584202 27.5048287116 27.9749701825 27.7437772539 27.5648501243 28.0996852263 27.7558316389 27.5051953228 27.9946960297 27.6347918237 28.0391092402 27.7665643888 27.5403372594 27.9095935685 27.6044352631 28.0135046216 27.8596983821 28.1459089098 27.8875883442 27.6641880672 28.0969586812 27.8221676367 27.8934675365 27.9912813988 27.6718754449 27.7526429108 27.9873244728 27.9699691068 27.7975930917 28.0004245631 28.0819557822 27.861244185 27.7945693188 27.9263493988 27.7009173089 27.9214416849
28.0849334541 27.9508339183 27.5708535883 28.1453171937 71.1202991565 71.1202991565 71.1202991565 27.5058929112 28.1844549062 27.9933679762 28.0132098565 27.765675298 27.7851928824 28.1638380494 27.71748206 27.8047362325 27.9317014091 27.6819972396 27.6615581584 27.7441504971 27.8938483787 27.9437775505 27.8399269276 28.1145353785 28.0030893008 27.6311222607 27.8377029249 28.1818056411 28.0770122979 27.7490753777 27.9766315969 27.7099245178 27.5153065782 27.6641205201 28.0090423597 27.9370512036 27.9651392501 27.5348568472 27.8811334766 27.6541913115 28.0601149985 27.569469437 27.8620244673 27.6620856702 27.5011060117 27.6728984397 28.0850556897 27.7128941031 27.5301651682 27.642851371 28.1801468693 27.5948674267 28.1131364602 27.7583092148 27.884231456 28.1739086323
27.995767064 27.596457928 27.5861426715 27.8706322201 76.6796273777 71.1202991565 71.1202991565 27.6338852428 27.7946882017 78.8756130341 27.5099905551 48.996570006 27.559395074 27.8067245365 28.0647716883 27.5618635732 27.9093232469 27.8179032184 27.5604520929 27.6293142884 27.5079285974 28.14890503 28.0861624122 28.1576129204 27.8696090011 28.0477644995 27.8352739837 27.6758045755 28.0037568536 27.5341470288 27.7067385752 27.7390481123 27.6466197661 27.5419700838 27.8160424198 27.6263156535 27.6559883582 27.7128942665 27.5510134125 27.7541602081 27.6999599992 27.9190433219 27.7900944675 27.9042510842 27.8509728133 27.9956454587 27.997982691 28.0269434381 27.7643169995 27.6735716035 27.8538385135 27.5891820065 27.8038048103 28.0465011837 27.8765923307 27.7467482005
28.1372806301 28.1775671987 28.1879833506 27.8996419638 56.0119668171 52.8903049204 52.8903049204 57.6896639148 28.0159813115 27.7839378931 48.996570006 48.996570006 28.1592733605 27.7652612159 28.1223101571 27.7919309039 28.0721292492 27.5180551674 27.6929586712 27.6612944508 27.8876120267 27.6673303724 27.6924941227 27.8787769476 27.5797258832 27.6196079439 27.9533056997 27.5114152888 27.8390797476 28.1351491745 27.8256139242 28.1816886708 27.7721369756 28.1827751054 27.7523347557 28.144901868 27.8707834782 27.7310024734 27.6268329408 27.7650991062 27.5157155798 27.6465572512 28.140249012 28.1504505031 27.5749187033 28.1878865564 27.9506511716 27.9791893616 27.5257917044 28.1766965936 27.9807314273 27.8556134351 27.7037982069 27.5104758089 27.753954368 28.0297897866
27.5119286437 27.6896491119 28.0607177344 27.524559715 52.8903049204 52.8903049204 52.8903049204 57.6896639148 57.6896639148 56.0166433612 56.0166433612 56.0166433612 28.1003899116 47.0221738201 27.6896656153 27.8036574273 28.004998856 27.8152109915 27.5057637511 28.0397572336 28.1312287726 28.2006563193 27.6057567072 28.0809432889 28.1901846551 27.6573418384 27.9558943965 27.511004635 27.9593556282 27.9654108554 27.5921069134 27.73746608 27.9694353584 27.7502268346 27.8226576732 28.0834279173 27.7431570839 27.7551889561 27.9160214028 27.6376080938 27.9924360338 27.6896488729 27.9036391075 28.0534557687 27.6526360716 27.9184126506 27.8386454652 27.9962069614 27.9862721588 28.0606691552 27.6036258176 27.7633977362 27.7967773622 28.0019526837 28.0564653244 27.9355332997
27.6344917458 28.1167183937 28.1873189152 27.5234639246 27.8928853567 51.925623398 51.925623398 57.6896639148 57.6896639148 27.9355776393 56.0166433612 70.2160256362 63.9823604759 63.9823604759 58.5750181462 28.1565571152 27.970645188 27.5412424148 27.5582078201 27.7515895288 27.6108027126 27.9255803905 28.1449869348 27.650125439 27.5374537931 27.9533281923 28.0210611874 28.1248776648 27.7217172441 27.7013351057 28.1294113885 27.6053025215 27.7225265651 28.0201403219 28.0122704617 27.9731789886 27.8436427709 28.1210664487 27.8766845142 27.8729879171 27.9629579296 27.9778001108 27.5894790904 28.1008493143 28.1980710218 27.8581668904 27.8230261471 27.8726149478 27.8577065885 27.5614075645 28.1911985886 27.604416247 27.9791593895 27.9314308485 27.9878785337 28.1511046713
27.6463735275 27.6742309447 28.0923434281 27.6761724267 61.831507103 51.925623398 51.925623398 61.831507103 27.7727661198 70.2160256362 56.6781431832 56.6781431832 63.9823604759 63.9823604759 58.5750181462 27.7830202571 65.0075985181 27.7735435716 27.6749210436 27.6334949527 27.74281453 27.9045508696 27.8645034575 28.0380114419 27.8603391605 27.6066817162 28.0991307767 27.5838299634 27.6254720296 27.7092033387 27.6126378318 27.7363070679 28.1961318236 27.6616727601 27.6614671071 27.7752062018 27.7766701043 28.1026641064 27.8236846291 28.0573890687 27.9596290989 27.7465694793 27.5829931215 27.5101748419 28.0177588342 28.1259815272 28.0462684095 27.7452743388 27.7058276444 28.114560453 27.5693894237 27.5707603174 27.7679073367 27.5149336426 27.5584192517 27.8575904137
27.9078761871 27.6077635237 27.6412888234 28.1961722718 52.1476178001 38.8065868876 38.8065868876 27.8397121697 27.52032313 56.6781431832 56.6781431832 56.6781431832 63.9823604759 58.5750181462 58.5750181462 59.7344740078 59.7344740078 27.7510401797 28.1227363264 27.5758216339 28.1111879671 27.5169255243 27.870131801 28.1660218225 27.8989337309 27.668273278 28.0451029522 27.8268155293 27.8625264195 27.827027565 28.1839770242 27.6225002708 27.857228265 27.5247268122 27.5589248829 27.5024123349 28.1208760128 28.0216545533 27.5396795633 27.7769945072 28.1642072339 27.9585929325 27.6325124765 27.8453229469 27.9633676694 27.8430630818 27.7765347246 27.7117250602 28.2003782897 27.8242243447 28.1394602131 27.5187974926 27.7419385118 27.8491014406 28.1284528255 28.1624737856
27.8759495416 27.673282099 28.1467666828 28.1806514628 38.8065868876 38.8065868876 38.8065868876 27.6906510248 28.0639514882 28.1634536293 27.9682384112 27.6333559343 27.7136917856 27.8228090055 46.5035215577 59.7344740078 59.7344740078 59.7344740078 27.5116262977 27.8083731496 28.0270381044 27.9574825221 28.0275976857 27.9024255736 28.1492295476 27.6554541706 27.919405288 27.8196805885 28.003690935 27.6412172347 28.1960935296 27.5376836857 28.0397660149 27.8835252596 27.9246909922 27.5315635283 28.1485260355 27.6137583543 27.8780481782 27.9346051408 27.8082026136 27.8437760235 27.8876310007 28.0337311053 28.0152096407 28.1171762134 27.685684865 28.059799359 27.7542343005 28.0973465205 27.6137593626 27.9323048301 27.6519709988 27.7865572259 27.6709071912 27.7221626172
28.0056525784 27.8193366155 28.063872239 28.0789650894 28.1018102675 52.6086986417 27.8402534595 28.0286038183 27.5943649752 27.6477567049 27.5565332981 27.9178965001 28.0820838978 27.753929868 27.6745669418 46.6671642864 55.2429046119 27.6595530276 27.605579015 27.8877013659 27.8022353359 27.9546291209 27.7439958987 27.5428083001 27.6803423476 28.2045596893 27.7172097728 27.8481171588 27.6478488522 27.5536216764 28.070491851 28.1461384622 27.5773875649 28.0111683603 28.1611503934 27.7532947915 27.8387120963 27.8187961746 28.0413898548 27.5345674865 27.7136304191 27.5278936671 27.79857456 27.9974064201 27.6308705992 27.7416673967 27.8218290782 27.8254920769 27.9588360223 27.7730966366 28.0260826438 27.5047374097 27.9714154391 27.8619761893 27.9557651882 27.654273143
27.8211264134 28.0989705125 28.0276815447 27.9647216618 28.0424885761 52.6086986417 52.6086986417 54.1856214227 27.5625564517 27.9461911739 27.8795996565 27.6771948881 27.9609275773 27.633286807 61.824503088 61.824503088 50.9137769076 28.0630564784 27.5808136254 28.0846443616 27.7974501027 27.7300153258 27.5468503403 27.5163874484 28.0208793114 27.9424095042 27.6094681655 28.0998899776 28.1999237578 28.1282310942 27.5356278763 28.1476367146 27.7137517621 28.0438862217 27.9205159049 28.1549036282 27.9032965021 28.0159743006 27.8660330563 27.8873991866 28.0388237821 28.0181601312 28.1809744904 27.954046892 27.8578432422 27.9405918631 27.9910716509 27.5002860816 27.7738974676 27.8286397416 27.7847287091 27.5241280765 27.9328147605 27.8220045131 27.6564922956 27.5382575671
27.619441264 27.7368374266 27.8297778383 27.8462562849 28.1803497184 28.1651533181 27.9639022253 27.9673451556 27.7512128735 28.1408948974 27.9310502414 28.0577852605 28.0009608434 27.5815871874 61.824503088 61.824503088 61.824503088 27.8670787183 28.0613724777 27.6977612751 27.8589979574 27.5571752451 27.9818356782 28.1728176506 28.001239597 27.5940410528 28.021514701 27.8084324508 28.0098493074 27.8993468715 27.6683334641 27.8586202424 27.5242933004 27.8385041079 27.7775909563 28.1893922151 27.9172436587 27.9926334128 27.5832338009 27.5269423154 27.8415402276 27.7701858578 28.175127455 27.5612925513 27.5243518356 28.0867464326 27.8959021574 28.1451205967 27.9668916644 27.9022594459 27.95516323 28.1948923623 27.6047887291 27.9742405709 28.1801492752 27.7302982286
28.1735241844 27.6019430504 28.0767113458 28.0614968624 28.0998686984 28.1597907223 62.0288762709 67.8711938534 67.8711938534 27.8057264227 27.5857493962 27.5780399327 27.9835267878 44.3004002617 28.1257061492 44.3004002617 27.9018460418 27.7409518792 27.6809897004 28.200513286 27.5907144678 28.1453065625 28.0345755955 27.5197095383 28.0964542538 27.8262897553 28.1745463913 27.674493407 27.7086967284 28.0843571923 27.6577293612 28.205490261 27.6005389342 28.1945811629 28.1169345402 27.7200761143 27.6494787785 28.0879435545 27.8824953816 27.5813540299 27.8967765484 27.5648253126 28.1016555072 28.1808188414 27.6312216016 28.179037136 27.6826095708 27.963330882 27.6766072833 28.1549677552 27.7277918285 27.560867021 28.1329821104 27.7416149973 51.1716087836 27.5011868225
