Spatial_Output/BAU/BAU_0876.asc
NCOLS 155
NROWS 192
XLLCORNER 196307.867259
YLLCORNER 449144.565805
CELLSIZE 33.573938
NODATA_VALUE NaN
[rows 108 to 143 of 192, columns 0 to 81 of 155]
0 0 0 0 0 0 0 0 0 0 0 0 0 0 0 0 0 0 0 0 0 0 0 50.37929478 46.9790129585 46.9790129585 38.4640072516 38.4640072516 19 19 19 19 19 19 19 19 19 19 19 19 19 19 19 19 19 19 19 19 37.4383237474 52.0857076276 52.0857076276 19 19 19 38.4675195533 38.4675195533 38.4675195533 19 19 19 19 19 19 19 19 19 19 19 19 19 19 19 19 19 19 19 64.5450833262 64.5450833262 19 19 19 19
0 0 0 0 0 0 0 0 0 0 0 0 0 0 0 0 0 0 0 0 0 0 0 50.37929478 50.37929478 0 0 0 19 19 19 19 19 19 19 19 19 19 19 19 19 19 19 19 19 19 19 19 37.4383237474 37.4383237474 37.4383237474 19 19 19 40.7803325686 40.7803325686 19 19 19 19 19 19 19 19 54.2186522319 19 19 19 19 19 19 19 19 19 19 68.1619105106 41.4246874769 41.4246874769 62.0138471582 19 19 19
0 0 0 0 0 0 0 0 0 0 0 0 0 0 0 0 0 0 0 0 0 0 50.37929478 50.37929478 50.37929478 0 0 0 0 19 19 19 19 19 19 19 19 19 19 19 19 19 19 19 19 19 19 19 51.3372821808 51.3020458382 51.3020458382 19 19 19 40.7803325686 40.7803325686 40.7803325686 19 41.2398711247 39.4927970877 51.335778408 19 56.8797073411 19 46.1749196827 19 19 19 19 36.8435608139 47.527713594 51.4601003463 19 19 77.3823216774 19 41.4246874769 41.4246874769 19 19 19 19
0 0 0 0 0 0 0 0 0 0 0 0 0 0 0 0 0 0 0 0 0 50.37929478 50.37929478 50.37929478 0 0 0 0 0 19 19 19 19 19 19 19 19 19 19 19 19 19 19 19 19 19 19 19 51.3020458382 61.9543185452 51.3020458382 19 19 52.3052768755 43.7389995616 43.7389995616 39.4927970877 54.0590332118 54.0590332118 41.0703509325 51.335778408 51.335778408 56.8797073411 19 19 55.7032878531 19 19 36.8435608139 36.8435608139 51.4601003463 51.4601003463 19 77.3823216774 77.3823216774 19 19 19 19 19 19 56.6952543237
0 0 0 0 0 0 0 0 0 0 0 0 0 0 0 0 0 0 0 0 0 50.37929478 50.37929478 0 0 0 0 0 0 0 19 19 19 19 19 19 19 19 19 19 19 19 19 19 19 19 19 19 61.9543185452 61.9543185452 61.9543185452 19 39.6770155922 52.3052768755 43.7389995616 43.7389995616 39.4927970877 54.0590332118 54.0590332118 41.0703509325 51.335778408 51.335778408 56.8797073411 19 55.7032878531 19 19 19 19 36.8435608139 36.8435608139 51.4601003463 19 77.3823216774 77.3823216774 19 19 19 45.7209167341 19 19 19
0 0 0 0 0 0 0 0 0 0 0 0 0 0 0 0 0 0 0 0 0 0 0 0 0 0 0 0 0 0 0 19 19 19 19 19 19 19 19 19 19 19 19 19 19 19 19 19 43.8074756185 43.8074756185 43.8074756185 19 43.6768230117 43.6768230117 43.6768230117 19 19 19 41.2398711247 41.0703509325 51.335778408 70.7944837822 56.8797073411 55.2893527054 19 50.4863457522 19 19 19 19 19 19 19 19 19 19 19 19 19 19 19 19
0 0 0 0 0 0 0 0 0 0 0 0 0 0 0 0 0 0 0 0 0 0 0 0 0 0 0 0 0 0 0 19 19 19 19 19 19 19 19 19 19 19 19 19 19 19 19 19 19 43.8074756185 19 36.8668173831 66.1589281024 43.6768230117 43.6768230117 19 19 19 19 19 19 19 19 19 55.2893527054 55.2893527054 19 19 19 19 19 19 19 19 19 19 19 19 19 19 51.2655501127 46.5008768794
0 0 0 0 0 0 0 0 0 0 0 0 0 0 0 0 0 0 0 0 0 0 0 0 0 0 0 0 0 0 0 0 19 19 19 19 19 19 19 19 19 19 19 19 19 19 19 19 19 19 36.8668173831 44.8617466551 66.1589281024 66.1589281024 37.3253091755 19 19 19 19 19 19 19 19 36.6816723818 19 19 19 19 19 19 19 19 19 19 19 19 19 19 19 44.2823647126 51.2655501127 46.5008768794
0 0 0 0 0 0 0 0 0 0 0 0 0 0 0 0 0 0 0 0 0 0 0 0 0 0 0 0 0 0 0 0 19 19 19 19 19 19 19 19 19 19 19 19 19 19 19 19 19 19 19 19 58.9721903115 66.1589281024 36.5122317559 19 19 19 19 19 19 19 36.6816723818 36.6816723818 36.6816723818 19 19 19 19 19 19 19 19 19 19 19 19 19 19 44.2823647126 44.2823647126 46.5008768794
0 0 0 0 0 0 0 0 0 0 0 0 0 0 0 0 0 0 0 0 0 0 0 0 0 0 0 0 0 0 0 0 0 19 19 19 19 19 19 19 19 19 19 19 19 19 19 19 19 19 19 19 19 19 51.8644640954 51.8644640954 19 19 19 19 19 19 19 19 19 19 19 19 19 19 19 19 19 19 19 19 19 41.4120776091 41.4120776091 44.2823647126 44.2823647126 51.2655501127
0 0 0 0 0 0 0 0 0 0 0 0 0 0 0 0 0 0 0 0 0 0 0 0 0 0 0 0 0 0 0 0 0 19 19 19 19 19 19 19 19 19 19 19 19 19 19 19 19 49.3507075352 49.3507075352 52.6287118757 19 19 51.8644640954 51.8644640954 70.4535348739 19 19 19 19 47.0200913214 47.0200913214 47.0200913214 19 19 19 19 19 19 19 19 19 19 19 19 19 19 41.4120776091 19 19 19
0 0 0 0 0 0 0 0 0 0 0 0 0 0 0 0 0 0 0 0 0 0 0 0 0 0 0 0 0 0 0 0 0 0 19 19 19 19 19 19 19 19 19 19 19 19 19 19 41.9900192401 49.3507075352 49.3507075352 52.6287118757 19 19 19 39.8044425648 19 19 19 19 19 19 47.0200913214 47.0200913214 47.0200913214 19 19 19 19 19 19 19 19 19 19 19 19 19 19 19 19 19
0 0 0 0 0 0 0 0 0 0 0 0 0 0 0 0 0 0 0 0 0 0 0 0 0 0 0 0 0 0 0 0 0 0 0 19 19 19 19 19 46.9551246055 43.4022423709 45.8869805348 45.8869805348 19 19 19 40.588294424 40.588294424 40.588294424 19 19 19 19 19 19 19 52.3771026305 52.3771026305 19 19 19 19 19 19 19 19 19 19 19 19 19 19 19 19 19 19 19 19 19 19 19
0 0 0 0 0 0 0 0 0 0 0 0 0 0 0 0 0 0 0 0 0 0 0 0 0 0 0 0 0 0 0 0 0 0 0 19 19 19 38.6791772585 41.158609765 50.4975496505 50.4975496505 45.8869805348 45.8869805348 45.8869805348 19 19 38.8810438896 40.588294424 19 19 19 19 19 19 19 52.3771026305 52.3771026305 19 19 19 19 19 19 19 19 19 19 19 19 19 19 19 19 19 19 19 19 19 19 55.8682347023 55.8682347023
0 0 0 0 0 0 0 0 0 0 0 0 0 0 0 0 0 0 0 0 0 0 0 0 0 0 0 0 0 0 0 0 0 48.4458351068 36.4298232171 63.0473953423 40.461672675 48.8136115315 38.6791772585 38.6791772585 50.4975496505 50.4975496505 19 45.8869805348 19 19 19 50.078372435 50.078372435 59.1995836335 19 19 19 19 19 19 19 19 19 19 19 19 19 19 19 19 19 19 19 19 19 19 19 19 19 19 19 19 19 19 55.8682347023 40.831001595
0 0 0 0 0 0 0 0 0 0 0 0 0 0 0 0 0 0 0 0 0 0 0 0 0 0 0 0 0 0 68.5963809928 40.4301407631 34.5466654576 42.3778197116 32.4003249306 63.0473953423 63.0473953423 48.8136115315 38.6791772585 38.6791772585 41.158609765 50.4975496505 19 19 19 19 19 50.078372435 50.078372435 19 19 19 19 19 19 19 19 19 19 19 41.1378219626 41.1378219626 19 19 19 19 19 19 19 19 19 19 19 19 19 19 19 19 19 40.831001595 33.2101684796 33.2101684796
0 0 0 0 0 0 0 0 0 0 0 0 0 0 0 0 0 0 0 0 0 0 0 0 0 0 0 0 42.339781604 49.5531994059 68.5963809928 40.4301407631 36.8679372771 41.7104774674 34.7721358831 63.0473953423 34.2588571024 40.461672675 19 19 19 19 19 19 19 19 43.6285445125 43.6285445125 43.6285445125 19 19 19 19 19 19 19 19 19 19 19 41.1378219626 19 19 19 19 19 19 19 19 19 19 19 19 19 19 19 19 19 19 33.2101684796 43.4046729263 43.4046729263
0 0 0 0 0 0 0 0 0 0 0 0 0 0 0 0 0 0 0 0 0 0 0 0 0 37.5995568224 37.5995568224 37.5995568224 54.7292598508 49.5531994059 40.4301407631 40.4301407631 43.3015154004 35.9313640058 35.6368273168 54.7063549248 0 0 19 19 19 19 19 19 19 19 19 43.6285445125 19 19 19 19 19 19 19 19 19 19 19 19 19 19 19 19 19 19 19 19 19 19 19 19 19 19 19 19 19 19 19 43.4046729263 43.4046729263 43.4046729263
0 0 0 0 0 0 0 0 0 0 0 0 0 0 0 0 0 0 0 0 0 0 0 0 0 37.5995568224 37.5995568224 37.5995568224 54.7292598508 49.5531994059 49.5531994059 68.5963809928 51.6051166195 55.145741716 0 0 0 0 19 19 19 19 19 19 19 19 40.2973983122 19 19 19 19 19 19 51.5489228499 19 41.4439048023 41.7346907629 41.7346907629 43.2831405962 43.2831405962 53.8766113479 19 19 19 19 19 19 19 19 19 19 19 19 19 19 19 19 19 19 19 54.9849333931 32.8135259741
0 0 0 0 0 0 0 0 0 0 0 0 0 0 0 0 0 0 0 0 0 0 0 0 0 57.1963571753 37.5995568224 37.5995568224 54.7292598508 50.6089134352 0 0 0 0 0 0 0 0 0 19 19 19 19 19 19 77.809393278 49.2406391009 40.2973983122 19 19 42.535940773 37.8598118329 50.6296686181 51.5489228499 51.5489228499 41.4439048023 41.7346907629 41.7346907629 43.2831405962 19 19 36.4881532126 19 19 19 19 19 19 19 19 19 46.2909218371 51.8727569088 19 41.5193804113 19 19 19 19 19 32.8135259741 32.8135259741
0 0 0 0 0 0 0 0 0 0 0 0 0 0 0 0 0 0 0 0 0 0 0 0 0 0 0 0 0 0 0 0 0 0 0 0 0 0 0 0 19 19 19 19 19 49.2406391009 19 50.2783038007 19 68.0216404634 42.535940773 37.8598118329 19 51.5489228499 51.5489228499 19 41.4439048023 41.7346907629 19 19 19 19 19 19 19 19 19 62.7668406558 19 19 46.2909218371 46.2909218371 51.8727569088 41.5193804113 41.5193804113 41.5193804113 19 19 19 19 45.7181604354 45.7181604354
0 0 0 0 0 0 0 0 0 0 0 0 0 0 0 0 0 0 0 0 0 0 0 0 0 0 0 0 0 0 0 0 0 0 0 0 0 0 0 0 0 19 19 19 45.7180235928 45.7180235928 45.7180235928 19 68.0216404634 68.0216404634 68.0216404634 42.535940773 37.8598118329 19 19 19 19 19 19 19 19 19 19 19 62.7668406558 19 62.7668406558 62.7668406558 19 46.2909218371 46.2909218371 46.2909218371 51.8727569088 51.8727569088 41.5193804113 41.5193804113 19 19 19 19 19 54.7581471611
0 0 0 0 0 0 0 0 0 0 0 0 0 0 0 0 0 0 0 0 0 0 0 0 0 0 0 0 0 0 0 0 0 0 0 0 0 0 0 0 0 19 19 19 50.3060264955 19 19 46.2273390497 19 68.0216404634 68.0216404634 19 19 19 19 19 19 19 19 19 19 19 19 19 19 62.7668406558 19 62.7668406558 19 46.2909218371 19 46.2909218371 19 19 19 19 19 19 19 19 19 54.7581471611
0 0 0 0 0 0 0 0 0 0 0 0 0 0 0 0 0 0 0 0 0 0 0 0 0 0 0 0 0 0 0 0 0 0 0 0 0 0 0 0 0 0 19 19 38.5638414025 50.3060264955 19 55.1535257976 19 19 19 19 19 19 19 19 19 19 19 47.6196669078 19 47.6196669078 19 19 19 19 19 19 19 19 19 19 19 19 19 19 19 19 19 19 54.7581471611 54.7581471611
0 0 0 0 0 0 0 0 0 0 0 0 0 0 0 0 0 0 0 0 0 0 0 0 0 0 0 0 0 0 0 0 0 0 0 0 0 0 0 0 0 0 0 19 19 19 19 19 19 19 19 19 19 19 19 19 46.6369649193 46.6369649193 45.3152548648 45.3152548648 47.6196669078 19 19 19 19 19 19 19 19 19 19 19 19 19 19 19 19 19 19 19 19 19
0 0 0 0 0 0 0 0 0 0 0 0 0 0 0 0 0 0 0 0 0 0 0 0 0 0 0 0 0 0 0 0 0 0 0 0 0 0 0 0 0 0 0 19 19 19 47.3056884898 19 19 19 19 19 19 19 59.5284299512 59.5284299512 51.871292431 46.6369649193 46.6369649193 45.3152548648 19 19 19 19 19 19 19 19 19 19 19 19 19 19 19 19 19 19 19 19 19 19
0 0 0 0 0 0 0 0 0 0 0 0 0 0 0 0 0 0 0 0 0 0 0 0 0 0 0 0 0 0 0 0 0 0 0 0 0 0 0 0 0 0 0 0 19 19 19 19 19 19 19 19 19 19 59.5284299512 59.5284299512 51.871292431 46.6369649193 38.1069379594 19 19 19 19 19 19 19 19 19 19 19 19 19 19 19 19 19 19 19 19 19 19 19
0 0 0 0 0 0 0 0 0 0 0 0 0 0 0 0 0 0 0 0 0 0 0 0 0 0 0 0 0 0 0 0 0 0 0 0 0 0 0 0 0 0 0 0 19 19 19 19 19 19 19 19 39.917514184 39.917514184 19 19 19 19 19 19 19 19 19 19 19 19 19 19 19 19 19 19 19 19 19 19 19 19 19 19 19 19
0 0 0 0 0 0 0 0 0 0 0 0 0 0 0 0 0 0 0 0 0 0 0 0 0 0 0 0 0 0 0 0 0 0 0 0 0 0 0 0 0 0 0 0 19 19 19 19 19 19 19 19 39.917514184 39.917514184 39.917514184 19 19 19 19 19 19 19 19 19 19 19 19 19 19 19 19 19 19 19 19 19 19 19 19 19 19 19
0 0 0 0 0 0 0 0 0 0 0 0 0 0 0 0 0 0 0 0 0 0 0 0 0 0 0 0 0 0 0 0 0 0 0 0 0 0 0 0 0 0 0 0 0 43.8967433284 19 19 53.1359153344 19 19 58.846358293 19 58.846358293 19 19 19 19 19 19 19 19 19 19 19 19 19 19 19 19 19 19 19 19 19 19 19 19 19 19 19 19
0 0 0 0 0 0 0 0 0 0 0 0 0 0 0 0 0 0 0 0 0 0 0 0 0 0 0 0 0 0 0 0 0 0 0 0 0 0 0 0 0 0 0 0 0 19 19 38.3462684514 19 19 19 19 19 19 19 19 19 19 19 19 19 19 19 19 19 19 19 19 19 19 19 19 19 19 19 19 19 19 19 19 19 19
0 0 0 0 0 0 0 0 0 0 0 0 0 0 0 0 0 0 0 0 0 0 0 0 0 0 0 0 0 0 0 0 0 0 0 0 0 0 0 0 0 0 0 0 0 19 19 19 38.3462684514 19 19 19 19 19 19 19 19 19 19 19 19 19 19 19 19 66.58937929 66.58937929 19 19 19 19 19 19 19 19 19 19 19 19 19 19 19
0 0 0 0 0 0 0 0 0 0 0 0 0 0 0 0 0 0 0 0 0 0 0 0 0 0 0 0 0 0 0 0 0 0 0 0 0 0 0 0 0 0 0 58.6163670811 47.5240562551 69.5952949702 19 38.3462684514 19 19 19 19 19 19 19 19 19 19 19 19 19 19 19 19 19 57.5901016013 57.5901016013 19 19 19 19 19 19 19 19 19 19 19 19 19 19 19
0 0 0 0 0 0 0 0 0 0 0 0 0 0 0 0 0 0 0 0 0 0 0 0 0 0 0 0 0 0 0 0 0 0 0 0 0 0 0 0 0 69.5952949702 49.7644162841 58.6163670811 47.5240562551 47.5240562551 69.5952949702 19 19 19 19 19 19 19 19 19 19 19 19 19 19 19 19 19 19 66.4500012539 66.4500012539 19 19 19 19 19 19 19 19 19 19 19 19 19 19 19
0 0 0 0 0 0 0 0 0 0 0 0 0 0 0 0 0 0 0 0 0 0 0 0 0 0 0 0 0 0 0 0 0 0 0 0 0 0 0 50.5158056646 50.5158056646 69.5952949702 49.7644162841 49.7644162841 47.5240562551 47.5240562551 19 19 19 19 19 19 19 19 19 19 19 19 19 19 19 19 19 19 66.4500012539 66.4500012539 66.4500012539 19 19 19 19 19 19 19 19 19 19 19 19 19 19 19
0 0 0 0 0 0 0 0 0 0 0 0 0 0 0 0 0 0 0 0 0 0 0 0 0 0 0 0 0 0 0 0 0 0 0 0 0 0 69.323569057 68.0718039239 68.0718039239 57.0776145023 49.7644162841 49.7644162841 68.0718039239 0 0 19 19 19 19 19 19 19 19 19 19 19 19 19 19 19 19 19 19 43.7167635411 19 19 19 19 19 19 19 19 19 19 19 19 19 19 19 19
