Spatial_Output/BAU/BAU_0640.asc
NCOLS 155
NROWS 192
XLLCORNER 196307.867259
YLLCORNER 449144.565805
CELLSIZE 33.573938
NODATA_VALUE NaN
[rows 25 to 49 of 192, columns 0 to 56 of 155]
0 0 0 0 0 0 0 0 0 0 0 0 0 0 0 0 0 45.4552721243 61.7286848938 52.6604177004 19.5010810032 20.9148012105 18.8914366609 52.7877433029 44.6134835568 44.6134835568 49.2584576994 61.0900235951 27.0312663254 27.8753339604 25.0139384637 25.8018977157 26.9594856367 27.8149360478 26.5902208261 26.1136547034 24.5568654421 24.9314748049 25.7770453698 28.4033938269 29.0046027104 26.4042168903 25.0628690809 27.6128214255 28.4376212704 27.4502674326 28.9660389998 24.6121764386 25.0114373448 26.5922913682 28.1534111633 25.1535039105 28.5653237909 26.7925127285 27.2092426504 25.0334315743 27.8366834171
0 0 0 0 0 0 0 0 0 0 0 0 0 0 0 0 0 0 0 0 0 28.6805411511 28.7898685897 29.1602033087 52.7877433029 44.6134835568 61.0900235951 61.0900235951 48.1769803617 24.9278867157 26.9360637219 25.7895321901 28.7377542919 28.8102522343 27.0020019649 24.954838147 26.3662217254 27.4162281284 25.4487696702 27.0732949342 27.6570455982 29.099531557 27.8380152964 24.5275094435 24.7815153264 26.5853517824 27.6630458329 28.9005445686 26.2443072282 28.9318941674 29.0860127035 28.3313699666 27.6605529389 27.7505414757 27.7923340041 26.8693556311 26.0948111906
0 0 0 0 0 0 0 0 0 0 0 0 0 0 0 0 0 0 83.736513865 24.9376279536 27.9216475178 24.6309803199 27.9846761536 24.5673731195 27.0101439618 48.8237071975 61.0900235951 44.9457744118 44.9457744118 26.2181149057 29.1801662332 29.0601584062 29.3508601196 28.4157245728 25.9467774293 26.433103941 28.1094094425 25.5836353553 26.16150273 25.089544993 27.4535477483 28.0662769738 28.3915648618 26.2298265248 27.6799221702 27.7455369392 28.9955821616 25.5740464033 27.1118233178 26.3246549381 26.2469818045 28.9809194812 27.4641680209 29.2795158007 25.1618234188 25.0594852825 26.6481467067
0 0 0 0 0 0 0 0 0 0 0 0 0 0 0 0 0 83.736513865 27.6723172929 24.6104224526 27.7399666707 28.5369701024 29.1387867111 25.164746765 29.1856972709 28.5796622276 52.5708512199 44.9457744118 44.9457744118 69.3213238086 69.3213238086 69.3213238086 26.226166096 28.4253594608 25.234274777 24.9628028101 26.2946578861 26.6787359415 25.3384940335 27.0012591022 25.5030899695 29.0646627438 28.6978056783 27.1314923623 28.686510876 25.1390681363 27.0275538272 27.2669709363 27.1319352725 27.4270257971 28.8603501797 27.202101 25.2894113022 25.49876015 24.8720949721 24.8924536334 28.6967818803
0 0 0 0 0 0 0 0 0 0 0 0 0 0 0 0 0 24.870794855 24.6399640603 39.7629304397 51.1923337315 47.6840409838 26.2065361873 25.9426332283 29.2088511798 26.3847504105 26.4367835557 28.9552712573 28.9843612696 69.3213238086 69.3213238086 43.6746884836 43.6746884836 25.2128034281 27.026258271 27.2218696636 25.6999067166 25.2810583074 27.9453350085 24.8993030575 24.6481167496 27.0855970514 26.9983490035 28.557562708 28.3523477656 24.9129606964 26.8446377715 25.7168573615 27.8079438086 25.6240797154 26.138681061 26.3431274756 26.2157591565 25.4596205968 28.2779231066 28.4141250626 24.957425175
0 0 0 0 0 0 0 0 0 0 0 0 0 0 0 0 25.6792489932 24.5605964679 29.0961011819 48.4074549249 39.7677118906 49.1215711826 25.5631595453 26.3980654007 25.9361191923 25.5957511885 27.4323873218 28.1472708728 28.4472616144 69.3213238086 43.6746884836 43.6746884836 49.6602705288 37.9399269292 25.6655550032 25.1236991528 26.3998515883 26.490929494 27.8731687021 27.6566313535 29.1642694843 25.4200791253 28.3313553168 24.8196094858 24.8164511462 27.5841825296 27.5062784403 26.3028623988 26.8332519218 27.2507001951 26.7494882616 28.275332799 28.8878825988 26.1482584122 28.0301134843 24.9310689997 29.3595212124
0 0 0 0 0 0 0 0 0 0 0 0 0 0 0 24.5332599149 28.5679897407 25.0285413159 25.3991377016 45.6272642768 51.0701623971 46.8624863731 37.8038822799 28.7684430108 27.6686027301 28.5876757752 25.4837614026 25.3384658099 24.6044803479 25.2425107729 43.6746884836 49.6602705288 49.6602705288 65.8265243639 65.8265243639 25.1053632271 26.5150837935 26.1891125954 28.2665143662 26.1978705843 28.1320504068 25.8791198759 27.4403343477 26.8934420771 25.2422274867 26.881356486 25.6528310856 25.7950836652 25.3101965865 24.5914984405 26.2775555314 28.0629793738 28.5116359721 24.6791034308 28.1326619473 28.6062989397 25.7088736888
0 0 0 0 0 0 0 0 0 0 0 0 0 0 0 27.5122414341 24.9636495228 28.7961739632 25.2268945751 49.5839374134 39.6037639568 49.5422118436 37.7789776338 28.7558945542 28.1236933236 28.0098357288 26.7780117948 28.7163884332 28.7523112569 24.6461144158 25.8384037091 26.1494384425 47.810093954 65.8265243639 65.8265243639 47.2728700572 28.86299258 28.7022181499 28.672386509 25.2534948314 26.1501328312 25.386559986 27.2299204341 25.3202099418 26.7540415354 28.2366497414 29.2611633604 26.826310967 26.2404102086 29.0962119898 26.2366676399 28.2326354425 25.842681713 27.409323257 28.7541320302 29.2556922221 25.5546223574
0 0 0 0 0 0 0 0 0 0 0 0 0 0 0 29.3588831338 25.2654909026 28.9377435359 27.8816817728 28.2260218896 39.1593393031 37.4695449938 47.2662051411 28.6692276925 27.9101602065 63.2609256691 26.4392911615 24.6596739643 26.9698558247 25.6909466696 28.8353690797 26.7707873935 65.8265243639 47.2728700572 47.2728700572 74.2326307474 74.2326307474 28.4184106083 26.639945019 27.9129855371 26.8421979267 25.121261809 26.1058426668 29.2249724499 28.1611899152 28.3749521189 28.9109912883 27.0499631281 27.647382615 29.4269593912 27.5524670792 28.7143446005 27.8364599384 27.132084784 28.4290745368 28.0804404658 27.0760057857
0 0 0 0 0 0 0 0 0 0 0 0 0 0 0 28.7396437499 28.1204705145 28.4386758925 29.1350176092 27.4279303153 25.203217638 25.386903975 28.185388873 29.2314532034 63.2609256691 63.2609256691 25.1292024138 25.3004100078 28.9609374459 25.8225193317 27.072043652 28.0879222379 24.624182801 28.9682781993 28.876517926 74.2326307474 74.2326307474 44.9047563807 28.3521770121 28.4926119864 26.1320414624 25.6168764979 28.6643999995 25.6261127224 27.7838886462 24.5104433706 27.3723205757 24.536042855 25.58670106 24.62855254 27.6292958637 24.923883111 26.2796860879 26.7791409941 26.8746372624 25.4348071849 28.1412577941
0 0 0 0 0 0 0 0 0 0 0 0 0 0 0 26.729003104 24.5411135278 26.695900793 27.4394866766 24.7444749598 28.0338115997 27.026769733 26.9284920127 29.3943970221 63.2609256691 63.2609256691 67.0473748757 29.1071017893 25.4062252305 27.8636227798 24.5779025248 29.3551060374 25.0717242562 24.5007004486 25.7612669159 74.2326307474 51.8204905508 57.1776723465 28.4046198945 26.4873180144 28.8008145617 26.9230331607 27.2453153411 24.6452592091 28.7142137737 26.6509715286 28.3627621583 26.3415123177 29.0841148401 24.6032534973 25.6910040216 29.1816482767 29.0067306722 27.0237205066 29.3178337819 27.0596729532 27.6759706587
0 0 0 0 0 0 0 0 0 0 0 0 0 0 28.0510938726 29.2177295387 26.2927954215 25.2586274997 25.5263287106 25.308368373 28.4722923096 26.4458195538 28.0893600076 26.1728034071 27.7904915576 67.0473748757 67.0473748757 54.8280944588 54.8280944588 29.2538680704 28.2928812911 28.7124768262 27.5664492851 28.356577729 25.6604400655 51.8204905508 51.8204905508 51.8204905508 27.5656484365 27.340070653 26.1201460208 26.3317060701 25.8738085171 27.3359050068 27.7957840675 26.4583993858 28.3280627224 25.9076155336 28.0164459538 26.6599315326 28.3859849928 29.358596781 27.7886974545 29.2565118822 28.900541557 28.287883208 26.7674345735
0 0 0 0 0 0 0 0 0 0 0 0 0 0 26.4727738598 25.4009598587 25.9513818818 26.4226974251 29.4204999267 26.0590574775 25.6081577384 26.1723876424 27.6374412271 26.7946764316 24.9244864355 27.7535656189 54.8280944588 54.8280944588 54.8280944588 64.0320523696 26.1104641063 24.5275909114 26.4700048535 28.8532755948 27.1734602322 25.0158060589 59.5241194644 59.5241194644 24.7470634094 28.4333515996 27.7753886703 27.8732237877 28.8645528278 26.0129344492 26.310549695 27.5002111684 29.1996512077 25.6830203792 28.4541787704 29.3228930384 28.3114721851 27.7261517087 25.518789303 27.8122506163 29.2254273244 24.955691364 26.489903397
0 0 0 0 0 0 0 0 0 0 0 0 0 25.9344790985 29.4469360805 25.8640466612 25.4531294557 29.1497172652 28.0886640733 25.5726907467 28.5719716192 29.270190295 26.7022184399 27.2756171541 28.3101654171 28.925474893 25.4450348355 64.0320523696 64.0320523696 64.0320523696 26.1543458343 25.4300857181 25.9030171237 25.2324305764 28.8799712843 27.1819967633 59.5241194644 59.5241194644 59.5241194644 49.4763765695 26.4503304632 25.5936547569 28.935414146 28.3613735123 28.4371693999 27.8705718331 25.8206177374 25.9564229622 25.8891626338 26.8311011032 25.1582417727 26.3359213668 25.1765526167 26.9400207731 24.8164319018 25.7382580519 26.9302050402
0 0 0 0 0 0 0 0 0 0 0 0 28.4539586752 26.6080719178 26.6113726428 27.6010892118 28.2132938339 25.3153989645 27.484506552 25.2709413967 28.4713953324 27.6848402819 26.613851365 28.0655817303 25.1904492925 25.5256980114 26.6348139636 25.3937632055 40.6064513048 39.9374637889 38.7103523779 25.7552953111 28.744995329 25.5954594366 28.7343815679 28.0287776648 59.5241194644 49.4763765695 41.2905622827 41.2905622827 27.4076199511 29.1947148126 28.1363481493 27.4350499809 28.1732521489 28.5777109521 29.3003498791 24.8848654151 25.6297390914 28.3320409735 29.0375922023 26.0207095263 26.1412429466 27.2104326274 28.1585644165 25.0082912106 28.5883722841
0 0 0 0 0 0 0 0 0 0 0 25.1023169551 29.1784457304 26.7574592767 25.2753986841 28.5164982014 25.596574618 24.6398596987 25.711536909 26.1248785425 25.1863943307 29.0948743752 25.9900222681 27.3963832323 27.7862131394 24.8064090412 28.0397178955 26.9290072039 38.9242691254 42.9538839242 42.7275242892 25.7736927054 24.9751293238 27.7326518566 26.9024701817 28.1362518517 27.4740035253 58.8686468242 41.2905622827 41.2905622827 50.887012514 28.6410846802 26.5371129203 25.3693680915 28.0913219467 26.0302350686 26.3525540795 28.0551627693 25.3446906746 27.8171358488 27.2803836161 27.7073480113 24.7621393707 26.6471413976 27.1615819395 26.175277655 25.820353154
0 0 0 0 0 0 0 0 0 0 27.0522633973 27.6601467191 25.6605515789 25.0006017728 24.5963138556 26.4287231332 24.5024674794 28.1932071611 26.6247406697 28.3954262731 26.6309673727 25.8815466757 26.2427813436 27.2905773819 28.6167975518 27.738721385 26.0444082949 27.1886478859 50.944560317 37.1021450694 43.118089066 25.9152746339 27.7033330746 27.7835276378 26.3220119893 24.7112314861 28.4221416848 27.9437382606 64.5638336922 69.474787604 69.474787604 29.1915092175 25.1373783118 29.1303233021 26.7624083615 25.6424907037 26.3465360555 26.1501235808 26.5702177737 28.8330979525 28.8720643035 28.9415831274 26.0976688364 24.7950562425 24.6199626031 29.2464634844 26.9045537856
0 0 0 0 0 0 0 0 0 0 27.4921664887 27.7142618651 26.807277368 24.5300588205 27.44064335 26.9610364912 28.8659788506 25.5470760614 26.5001084575 28.2137718691 25.9098477451 26.1500589651 26.9969156923 26.5076651418 27.0510174928 28.9513849049 26.0111536229 26.591878755 42.0752035496 50.6283982847 50.4230899004 43.1300686225 26.6018133931 27.2046402361 29.2937319979 26.1662372167 25.6825642881 24.8659192808 64.5638336922 69.474787604 64.5638336922 25.8629963789 24.5081044633 28.0834994832 28.2938029711 25.1373987788 27.1568727745 26.6462841451 27.8824987288 25.2228929119 24.8412425082 26.2834885898 27.1182849038 26.786155045 26.3323133008 25.8949526804 27.0667118051
0 0 0 0 0 0 0 0 26.063273122 27.7039142559 25.6274104644 26.0895870531 27.0750510298 25.0917835103 28.6543469151 24.9063970395 27.8140856143 28.732405422 27.3188837644 27.9691337387 28.1073501605 27.7315205087 29.4258540703 27.5591699333 27.0023049261 28.9169336549 25.3619841231 29.1202413968 27.2245535671 43.1300686225 43.1300686225 26.0775264915 24.5543189421 25.1519366104 27.6101808636 29.4218959259 28.1046715551 56.6825965248 56.6825965248 56.6825965248 69.1015534831 26.5616847069 26.8081598409 28.1999203872 28.1792357668 25.2741998639 27.5006152493 24.7044434809 29.1824012914 28.4072647926 27.4228237978 26.9151137558 26.1401339155 28.732384535 27.1932218935 25.143381773 28.1564292125
0 0 0 0 0 25.9602198456 28.4255821471 25.9889650387 25.6271142544 26.8166572159 24.7689808305 25.3459767938 28.9577730031 26.7709061415 27.3047926274 26.6176942273 24.7200772441 28.8842881537 25.2968871621 27.5741609948 29.4013972069 28.6725337751 27.9935371148 27.1106890098 26.7639557201 26.2432579788 28.3590614277 27.0811041613 28.037247705 27.1968444086 27.5676609992 26.7975939546 26.4380610355 27.9211451417 27.6182569996 26.6428678501 60.9193822208 56.0286805598 56.6825965248 56.6825965248 27.2733614666 25.3046086499 26.3051353855 28.8303467922 28.7305920453 26.7887258235 26.866692655 27.9151293457 26.7854598479 26.6155425741 28.106897855 25.2057902758 28.5063897252 28.5327050349 27.2905917613 25.2276015078 28.7586728071
0 0 24.7666574373 24.9675279862 24.8010600352 28.4327420604 25.8663089922 29.057371367 26.3549075297 29.3321496174 26.3646586305 28.461939889 26.8423724233 26.5442949327 26.7215038094 25.9369182822 28.9211468708 28.3248734062 26.5673297676 27.0908352618 28.9707287301 24.8286747564 25.0625760639 26.4685926882 24.7016905758 26.6158151134 28.9960663791 27.9943540865 29.0720187464 26.9107811379 67.7592790593 28.9599264073 26.3051529677 26.5366071755 27.9506623908 28.0968980389 25.0724060743 56.0286805598 56.0286805598 25.7057817834 27.9475615332 28.2170767321 28.745257072 26.4415991366 28.8552174482 25.9599588692 28.3820204443 26.8750564289 25.6456855042 27.8637321342 27.6580558617 27.9604620422 29.2266325691 27.3094046045 25.3181414605 28.731802738 28.5310845455
0 26.144739929 27.6485677558 26.5733267243 26.641127373 26.7985206573 24.6327383939 25.9919487796 24.8029168994 25.9713466592 28.1635343152 27.4063840979 26.3143240071 28.7903211329 26.7577355252 26.8945490596 24.9100130028 27.2041033056 25.9617496123 26.0850863011 26.9039057898 24.5023903406 25.2950350265 26.106216502 26.5109200903 28.3703648662 26.5021688838 24.82863397 25.1971282595 26.0114249046 25.8747533674 28.2341674473 26.4485939842 26.7512277911 28.5619750348 25.5231725968 40.6207013584 72.2642469647 72.2642469647 72.2642469647 26.6286190737 28.1180105132 26.2404406139 25.3988763745 29.0344629772 29.0787924839 29.1198735216 27.6372492247 27.2481814886 26.0855194987 24.6302071227 28.5436439398 24.8863409513 24.5758117228 27.135719087 26.6584456068 24.8459701764
26.6336670509 26.6902764883 28.3341872906 26.3411334687 25.6268561323 28.1364336331 26.499189692 25.9161175783 28.2528893352 28.9345972755 27.930221632 29.306752131 25.2202478305 29.1507400788 29.252243042 26.4318315307 27.3795965576 29.3353192482 25.922049212 29.3877260129 25.0421965654 25.3175133265 24.983752751 27.0391308586 25.5989769987 26.3193629332 26.6205990875 24.6144173292 29.3920582423 27.1038608979 39.209845462 28.3582818106 46.560878852 24.6070792874 63.0337698889 40.6207013584 40.6207013584 48.1891151457 53.6076327659 53.6076327659 66.170318337 26.3751196625 28.9610156608 26.6490189741 27.7159301803 26.4539421792 25.0848999503 27.3768703018 25.9660952954 25.2690094828 26.964594681 26.1006908243 28.675858304 25.6692348941 27.9921399265 27.4964023918 26.3166420563
28.2055788045 26.0694383962 24.990742515 25.0402534776 25.7477353301 26.6885722187 26.480500707 25.6903519055 29.3710612368 27.7461338372 26.4106818095 27.0231690133 28.2624581213 26.6683052913 28.0593183124 26.174805743 28.488090228 29.40054813 28.7522484164 26.1478595363 24.9084610491 25.9412557689 27.7726136016 29.1461110805 26.4648475002 26.1593362905 24.9812656029 25.5696826832 24.9179524228 25.7949332201 26.0669937382 26.196328353 46.560878852 46.560878852 49.9735372365 63.0337698889 40.6207013584 40.6207013584 53.6076327659 53.6076327659 40.0183480374 26.176460611 26.6479929234 26.9901912615 24.5549415299 29.3689300464 26.9605037782 26.4094607731 26.459451371 28.7570878729 26.2781103071 28.8372535128 27.1054142593 26.3452836626 27.5854235768 25.3805232704 26.2612509082
28.9474668731 27.3413896487 28.6881873667 26.8736125808 26.2123239291 25.5237497414 28.6848016397 28.4289650983 25.7070774983 27.2025897404 28.3883200919 26.4942034484 28.7423370073 27.7465144764 27.1612817117 26.9227301179 27.1418723406 25.7539294949 24.9616414028 25.3872086279 28.4141605542 24.5804684089 27.5738678127 25.7125743658 24.9246851898 25.5817435108 29.1575610331 26.4063334586 27.0746658656 28.2574705497 27.1462750322 26.9156850926 46.560878852 46.560878852 47.03445556 45.5698767873 49.9735372365 58.674529118 58.674529118 58.674529118 49.6584144167 26.1765302402 27.8917273661 25.5822538963 28.2989364812 28.7048503753 27.5269202402 26.8913985813 24.6432942013 26.3948484021 28.0623692577 25.2647625604 28.1337026579 26.9135857554 27.9755951033 25.8586561153 27.8518238515
