Spatial_Output/BAU/BAU_0135.asc
NCOLS 155
NROWS 192
XLLCORNER 196769.923733
YLLCORNER 449719.875193
CELLSIZE 27.603701
NODATA_VALUE NaN
[rows 115 to 137 of 192, columns 0 to 52 of 155]
0 0 0 0 0 0 0 0 0 0 0 0 0 0 0 0 0 0 0 0 44.5574103025 44.7917258825 45.0192807807 44.8389480788 44.5090035175 45.1774465831 44.6409316747 44.6310111604 44.5570490125 44.990076512 44.9130424928 45.030045726 45.0142920348 44.5107877655 44.7401721709 44.6766388361 45.1624741637 45.1150082085 44.7562870876 44.6936157525 44.8214434831 44.6453478614 45.080587987 45.1009092138 44.5719514375 44.5433167125 44.7392239737 45.1166393136 44.9071132457 64.74997862 64.74997862 45.1828104319 66.1289961031
0 0 0 0 0 0 0 0 0 0 0 0 0 0 0 0 0 0 0 0 44.9890511192 44.7708591442 44.5091180343 45.1802770253 44.5769941795 44.6820868428 44.7573974637 45.1484670002 45.0702701106 44.8564667934 45.0161676187 44.5569480824 44.7002009846 44.9945228723 44.7236795281 44.8367913481 44.9409830083 45.2036093917 44.7211943484 44.6130181782 44.7895983271 44.5114116559 44.8083265209 45.0588857822 44.9566269363 44.6897047374 44.875731474 44.6870088196 44.8640611332 44.85779969 72.5761790308 44.502090776 44.8167001902
0 0 0 0 0 0 0 0 0 0 0 0 0 0 0 0 0 0 0 0 0 44.9792512275 45.2058359661 44.8897584556 44.5971741678 45.0675206022 45.0107059938 44.6987339486 44.7283093444 44.8091446364 44.9059008768 45.0233186081 44.9852540122 44.642438695 44.9794028412 45.0568789924 44.6126720048 44.9089022385 44.6400787309 44.9518035876 45.1382246075 44.7082765595 44.6740135581 44.5923394415 45.0105852291 44.8228433173 44.9465032812 45.0255131957 45.2002078326 45.1478481361 45.1487057335 44.5685959245 44.9619145175
0 0 0 0 0 0 0 0 0 0 0 0 0 0 0 0 0 0 0 0 0 44.8845882468 44.6797121315 44.6118445801 45.1083077251 44.8741537376 45.1507323902 44.6758154365 45.0686041149 45.0484703446 44.7894131016 44.9240657137 44.9563233888 44.9792370636 44.846690365 45.077419659 44.679065086 44.6605293289 45.1528834761 45.1653377176 44.851275935 44.5067462936 44.9894720925 44.5430493018 45.1826015108 44.9691666674 45.1491371799 45.0475797019 45.0962207525 44.7388976313 45.1749228055 44.7497286137 44.6751069461
0 0 0 0 0 0 0 0 0 0 0 0 0 0 0 0 0 0 0 0 0 0 44.5302488256 45.2056187333 44.8194868117 44.9183550484 44.8949422831 44.6163824963 44.5822542085 45.1144772567 44.9221845706 44.8252550401 44.8015724998 44.6828676053 44.8435048255 44.7500711713 45.0388392794 44.9948864246 45.1760691286 44.6937436635 44.9605822166 44.5814585084 44.6728481967 45.1262922443 44.6717342526 44.6643169301 44.9410980857 81.6033070301 45.0408200065 45.2054378141 44.6287325118 44.9346419034 44.5252764842
0 0 0 0 0 0 0 0 0 0 0 0 0 0 0 0 0 0 0 0 0 0 44.5569472694 45.0351434527 44.8786210248 44.5618097867 44.8834611361 44.7445845378 44.5169090501 44.9267786315 44.5399317363 44.9784971674 44.8699837995 44.5444766695 44.6853519215 44.7548558458 45.0415367777 44.734947271 45.1810690801 44.7613558255 44.6810609869 44.9135301811 44.5290609066 44.9130717871 44.6287839623 45.1567435896 44.9527948651 45.1712937174 44.648411681 44.8342775431 45.0117763856 45.0744741978 44.841040625
0 0 0 0 0 0 0 0 0 0 0 0 0 0 0 0 0 0 0 0 0 0 0 44.6975108623 45.1360699118 45.0629500047 45.0840593594 44.7192034396 44.7535526294 45.144581868 44.9782786293 44.9704705023 44.6869060273 45.162172933 44.8656224072 44.5774689447 45.0148891429 44.5824156387 45.0090662485 44.9138338472 44.5547611121 44.9818214429 44.6083210185 44.9731426673 44.8013449212 44.952190449 45.1193597435 45.0724712953 44.5281881448 73.1600420787 73.1600420787 44.6452912305 44.5514136039
0 0 0 0 0 0 0 0 0 0 0 0 0 0 0 0 0 0 0 0 0 0 0 0 44.8963888292 45.0220261446 44.8922397482 44.9650375111 45.1549670801 44.6263425458 45.0564035703 44.6617668449 44.5689767024 44.7486110374 44.772259364 44.6633861565 44.6620934686 44.7075245426 45.1601192128 45.1185719467 52.1486081197 52.0470283117 45.0028399434 44.6071665201 45.1107120555 44.5816283375 44.5897461979 44.5585598563 73.1600420787 73.1600420787 73.1600420787 72.1803463963 56.0172781525
0 0 0 0 0 0 0 0 0 0 0 0 0 0 0 0 0 0 0 0 0 0 0 0 44.9422727489 44.6751830463 45.1369701024 44.8325534152 45.1612751351 44.8974886799 44.9584450193 44.931715937 44.6467395806 45.1086152492 44.7404107964 44.5068899873 44.9143629038 44.6664076182 44.9338379188 44.6286370879 52.0470283117 52.0470283117 45.1809188226 45.1240572804 44.9011702688 45.084407295 44.8654320529 44.9319920555 60.385066494 60.429238141 73.7566482004 73.7566482004 73.7566482004
0 0 0 0 0 0 0 0 0 0 0 0 0 0 0 0 0 0 0 0 0 0 0 0 0 44.7037717657 44.6540644516 44.8976386879 44.9902280601 44.6525701751 45.1524891966 45.0759966046 45.1021149885 44.9200981569 44.8898773198 44.9967779837 65.9060494978 45.0415242636 44.872716677 65.6624374482 52.1486081197 52.0470283117 52.0470283117 44.6022990049 44.9412395336 44.9960177036 44.5616608283 60.385066494 60.385066494 60.429238141 73.7566482004 73.7566482004 56.0172781525
0 0 0 0 0 0 0 0 0 0 0 0 0 0 0 0 0 0 0 0 0 0 0 0 0 44.6450520098 45.1002076994 44.7664159523 45.0042576986 44.6901059341 44.8361999184 44.7412343822 45.1758992091 44.6762629424 44.7127714808 64.255102436 64.255102436 44.63908418 44.9912249298 65.0277409488 44.6182457722 44.9906841897 44.5228223972 45.156327699 45.0444689613 44.5151295033 44.5322644339 44.9599398089 45.0779983895 44.7497397097 44.6798673186 45.1243516279 44.6783646442
0 0 0 0 0 0 0 0 0 0 0 0 0 0 0 0 0 0 0 0 0 0 0 0 0 0 44.7596607503 44.8585610418 44.7607031707 45.0430695716 44.813613044 44.6842422126 45.1268027113 44.8258876382 44.6367512698 64.255102436 64.255102436 65.9060494978 45.0052839539 65.0277409488 45.0208017574 67.2044035936 67.2044035936 45.0284052553 45.1769240389 44.5735919844 45.1518657247 44.803812693 45.0823911739 44.7403485638 44.7877741977 44.5915572536 66.2146607883
0 0 0 0 0 0 0 0 0 0 0 0 0 0 0 0 0 0 0 0 0 0 0 0 0 0 45.1647328762 44.861233631 44.6234319203 72.1039240641 72.1039240641 44.981386754 44.8804628166 44.8708477758 45.0488196778 45.0610365958 64.255102436 44.8141845944 44.9059587171 44.6099912293 45.019927602 67.2044035936 67.2044035936 44.7621932998 45.1596396529 44.841386834 44.7564662809 44.9947440673 44.7707463876 44.7406057184 44.5153365043 44.9554480443 44.910759656
0 0 0 0 0 0 0 0 0 0 0 0 0 0 0 0 0 0 0 0 0 0 0 0 57.4730723218 59.2174213675 74.1817341596 72.020595075 44.5109687929 72.1039240641 72.1039240641 44.5250548705 65.814683252 65.814683252 44.7274730686 44.5188150979 44.635464806 45.1214851377 45.1434050198 44.8667008856 44.632085795 45.1476670442 51.2678314891 44.7658348291 44.8987056382 44.8067635844 44.9416729816 44.704450351 44.662170816 44.8981765792 44.6066119161 44.5101354796 44.9703312862
0 0 0 0 0 0 0 0 0 0 0 0 0 0 0 0 0 0 0 0 0 0 59.9485912386 58.3615125177 61.3605094573 61.3605094573 74.1817341596 72.020595075 72.020595075 44.8353456494 72.1039240641 45.2044090495 44.6432869005 44.5043808623 44.7513198161 44.6574619009 44.6699466798 44.8976318708 45.1866755148 45.1103693169 66.096767765 66.096767765 51.2678314891 44.9022396394 44.7516648074 44.7554633833 44.5117518609 44.9720254442 44.581378648 44.7050688623 45.1887924347 44.9326435908 45.0499373376
0 0 0 0 0 0 0 0 0 0 0 0 0 0 0 0 0 0 0 65.9201727231 68.8941730181 68.8941730181 73.2136382898 58.3615125177 61.3605094573 61.3605094573 59.2174213675 76.9111796613 72.020595075 45.0889821444 45.1708355253 45.1586324416 45.1331877768 45.1975280946 44.798267416 44.6722582115 44.6022849056 45.1015643243 44.9968376713 44.6034530686 66.096767765 66.096767765 66.096767765 44.942329541 44.7345340157 44.7487053364 45.2061005697 45.1004487879 44.5645954539 44.6586259037 44.6084704101 44.5486516757 44.562305969
0 0 0 0 0 0 0 0 0 0 0 0 0 0 0 63.4588375223 61.805286081 69.0831173849 69.7575828019 78.4017005239 68.8941730181 68.8941730181 58.3615125177 58.3615125177 58.835623215 61.3605094573 0 0 0 44.9949288515 45.1465646985 45.1327846795 45.0533486878 44.8289100372 45.0399394575 45.0319427124 45.0555238363 44.995493128 44.6843518347 56.1522963132 56.1522963132 56.1522963132 44.9344885995 44.6784324007 44.9779794914 44.8654140163 44.7389816745 44.8543280161 44.7313036074 44.7593330817 45.1610463872 44.9250250576 44.6972589507
0 0 0 0 0 0 0 0 0 0 0 0 0 0 0 65.2265530486 70.5995297055 69.584657122 69.7575828019 69.7575828019 62.637300981 68.8941730181 65.9777313491 73.2136382898 66.7504295444 0 0 0 0 0 45.0286074163 45.1657897719 45.170783362 44.9132604597 44.9490005467 44.720157577 45.1069129569 45.0728282585 44.6650444238 70.8160951549 45.1191386726 70.8160951549 44.7802500339 45.0254082073 45.0556957955 44.5692407324 45.0860140466 44.7163926932 45.1391847834 44.55623864 45.0047193136 44.5381810677 44.7688608169
0 0 0 0 0 0 0 0 0 0 0 0 0 0 0 64.3694353464 64.1569072838 69.8967112983 69.7575828019 69.7575828019 62.637300981 0 0 0 0 0 0 0 0 0 44.5016887855 44.8639991276 44.8084346797 44.7653759427 44.991072845 45.1190440079 44.8712209922 45.1933594384 45.0345019478 44.8934318736 70.8160951549 44.9234645966 44.6685949392 44.9224882668 45.0336792529 45.1614740252 44.9108997967 45.012411604 44.9179647906 44.6597097498 44.5262726495 45.080884686 45.1139353241
0 0 0 0 0 0 0 0 0 0 0 0 0 0 0 0 76.0778383144 0 0 0 0 0 0 0 0 0 0 0 0 0 0 45.1239510432 44.6213993462 44.8761660235 44.6200649941 44.6057267597 44.7060187035 45.1775897397 44.7427168648 44.7878599568 45.0233239441 44.9673995317 44.7139006077 44.5389668772 45.0132983366 65.6015081214 65.6015081214 61.5649253598 45.1196900138 44.5605612389 44.796901301 44.8840583584 65.7881419264
0 0 0 0 0 0 0 0 0 0 0 0 0 0 0 0 0 0 0 0 0 0 0 0 0 0 0 0 0 0 0 0 44.8197565621 45.1427954358 44.9767050729 44.8392576243 44.6758179064 45.0736327468 44.7314612638 45.0648713543 44.5822946511 44.5451909625 44.6137936819 44.7655047529 44.8726412038 65.6015081214 61.5649253598 61.5649253598 44.740141661 44.9302865676 44.7598399661 44.9591800413 45.0878428841
0 0 0 0 0 0 0 0 0 0 0 0 0 0 0 0 0 0 0 0 0 0 0 0 0 0 0 0 0 0 0 0 0 44.6110190878 44.5478706843 44.7390310589 44.512689232 44.8535215119 44.9635544514 44.5312946393 44.6219955119 66.5547900033 44.5646847203 44.5185361139 57.1906664335 44.815927334 65.6015081214 45.1516680608 44.8083942569 44.539766596 45.1119226558 45.1363961798 44.5661008581
0 0 0 0 0 0 0 0 0 0 0 0 0 0 0 0 0 0 0 0 0 0 0 0 0 0 0 0 0 0 0 0 0 45.177462614 44.8955622418 44.9770062874 45.1577790885 44.9399287769 64.3655453717 44.7237371068 45.0543178455 44.8868432177 45.0725116121 44.789262524 44.5959851814 45.0140996419 45.1999908124 44.6873033204 44.5840840335 44.8705548793 44.5765415137 45.1354815928 44.7414555338
