Spatial_Output/BAU/BAU_1354.asc
NCOLS 155
NROWS 192
XLLCORNER 196307.867259
YLLCORNER 449144.565805
CELLSIZE 33.573938
NODATA_VALUE NaN
[rows 50 to 74 of 192, columns 56 to 111 of 155]
33.096887887 33.7203684601 33.6460730742 33.3073207017 33.7500687702 33.954915068 34.3774223673 34.3405349758 34.1383858198 33.7037606657 33.4511614919 33.1480702424 33.9433469743 50.8800436755 50.8800436755 50.8800436755 33.68631862 33.1808748611 34.3480595515 33.5175101923 33.1133579844 34.3511782331 34.1389215513 34.381975366 33.8104083178 33.6919992996 33.4064886163 33.0756147906 34.3650851416 33.9473412248 33.4204773641 33.4013701048 33.1783343309 33.3050338104 33.6325556614 33.8969337398 33.0252928672 33.5805925468 33.4869270491 34.3350920938 33.5118437605 33.8256700144 34.3042247213 33.301651815 33.5051987948 33.0074995617 33.0361306606 33.8896038041 33.5068805719 33.5389977392 33.3285536315 33.114157032 33.4640167807 33.5124571003 62.3276935765 62.3276935765
71.1224675875 33.8316272028 34.3764564679 33.0733744679 76.8544857378 79.6350486704 79.6350486704 79.6350486704 34.2418185696 34.3551277497 33.430602471 33.6980952241 33.9701816499 33.4423184543 63.5456861489 63.5456861489 34.3991684949 33.3265169116 33.8333594578 33.4613579762 34.3377735565 34.1691286938 33.8029051661 34.2327738933 33.785777841 34.0869999987 34.1992405383 33.8562675382 34.3002342788 33.6791369861 34.2346365485 33.7809854088 34.0283254848 33.7790498821 34.1599418312 33.7607642949 34.05888375 34.050433592 33.7510234337 33.9391528672 33.375629713 34.0862750495 34.3152827911 34.2604041079 33.9485611063 34.2060749771 33.3682699426 33.203774026 33.600918369 33.7977033939 33.2494549607 33.8176957454 65.4080496201 65.4080496201 62.3276935765 62.3276935765
71.1224675875 71.1224675875 33.3115295705 76.8544857378 76.8544857378 43.7728048275 43.7728048275 83.9656461502 33.5461485951 33.0198263297 33.0056802313 34.0342079679 33.3348895424 68.4431931477 53.6535992219 33.0308987485 33.0501713826 33.3321639492 33.7814606022 33.6439832849 34.1273796628 34.2898363678 33.2139421495 33.6606946917 33.2766743945 33.8011642354 34.3047043732 34.1905868592 33.5584836633 33.5117594185 33.136889576 34.2200722844 33.6560278293 33.4617480403 34.098095297 34.0103093017 34.1354777588 34.1798603645 34.2818791171 33.9591251139 33.7283217609 33.9565084612 34.143347205 33.5204091743 33.4630254975 33.8917953012 33.3332890472 33.1838910476 34.1662331116 34.0309244374 33.5174552235 62.3453648017 65.4080496201 33.9968245233 65.4080496201 33.2377394281
71.1224675875 64.2332997415 33.3496983255 76.8544857378 76.8544857378 43.7728048275 43.7728048275 83.9656461502 33.0735768637 33.958277977 33.2873080266 33.4355295697 33.4343847284 53.6535992219 53.6535992219 53.6535992219 33.8600088049 34.3864091383 33.3223972954 34.2205977757 34.392368616 33.1743358375 33.7394677821 34.4084991727 33.4179854295 33.5064300482 33.3588268092 33.131849556 33.7762343184 34.1664285224 34.0189633192 33.5121627638 33.3012543248 34.152834938 34.3045477468 34.3978611069 33.1054845374 34.0997522879 33.1358552803 34.0864096658 34.3580745136 33.3753065282 33.8973680306 33.0596337083 33.9204759497 33.6879991975 33.9060000106 33.2992866612 34.3638019426 33.4800966717 33.9188381711 51.380073307 51.380073307 62.4247008454 65.4080496201 34.1876898786
77.4632817678 68.0901848111 33.8118922135 34.3217597517 76.8544857378 61.0524262043 61.0524262043 83.9656461502 34.3341890994 33.0697381939 34.1543790756 34.2983784765 33.7053039968 34.3427818212 52.5756078426 52.5756078426 33.417214562 34.1439691233 33.2751465706 34.2943819456 34.2363239364 34.0968244232 33.8248919048 33.6180960695 34.3614503224 33.0815235786 34.1476402268 33.888667879 33.1651981483 34.3882367226 33.9285556963 33.3408067774 33.034787708 33.800442223 33.5787915334 33.8621700426 33.9111144349 33.7598589549 34.2800871851 34.3555538454 34.2875250266 33.252000448 34.0609362352 33.3495243305 33.8598970072 33.8701747335 34.0603788634 34.4127871042 33.0942034971 34.1346998682 33.6598046583 51.380073307 51.380073307 34.0538355615 33.740201035 33.4154049618
33.202432087 34.393412558 33.2864457763 33.6347556392 33.1674327961 33.6455951584 61.0524262043 34.048834062 34.3002149279 33.2051495568 33.831545381 33.7880907248 34.2471525759 33.5513920325 52.5756078426 52.5756078426 34.33783661 33.4206674248 34.298402428 33.6848343105 34.3958852666 33.3897445301 33.6220842728 33.9499467749 34.0815238614 33.2176934391 33.4084913726 33.711191059 33.7245103736 33.7299968622 33.5893955476 34.3325541875 34.2595455529 33.0795475144 33.1867266262 33.3505315318 33.1791657046 33.3144812288 33.2756324512 33.8167861393 34.1935708094 34.1412067238 33.2346250433 33.6481030901 33.9696345831 33.3370049549 33.4260552978 34.0324703642 33.7504180169 33.8374429665 54.2689016961 51.380073307 51.380073307 33.0889193554 33.1550815977 33.1588608966
33.6976501191 58.3813508858 58.3813508858 58.3813508858 34.0531301527 33.8470761758 62.4466556237 61.8249506118 33.0639030024 34.1909730873 33.620140234 33.0792118669 33.2518909888 33.3081828542 34.0287271654 34.0120827612 33.5913471293 33.4060510174 34.2612610519 33.4366494686 34.0455609903 34.2956288002 33.140720292 34.1846465914 33.5331971551 33.2047849388 34.305175437 33.0326753382 34.1627890461 33.4279198879 33.6428036357 34.3395109805 33.9363590911 33.036141921 34.301510682 34.0890679772 34.2174354787 33.501464867 33.5470013512 33.1055821377 33.1035123654 33.7559528937 33.9411367768 33.6627716628 34.1148528555 33.2672141936 33.2625544464 33.4359830493 34.3989029837 54.2689016961 33.4096244708 33.8893946983 33.1806454256 34.2194951023 33.351028306 33.3089556464
34.3846460279 58.3813508858 58.3813508858 33.5421792217 33.2935911257 33.0729346307 62.4466556237 62.4466556237 33.247402874 33.7818333861 34.4035216954 33.763120931 34.0170823659 33.9436888257 33.5825552136 34.2325926072 34.0369764837 33.1768506282 33.3386881193 33.0511454863 33.0167818173 33.8774610993 33.9401680088 33.6976211079 33.3972723495 33.9142701203 34.3508653704 33.5598088943 34.0812778837 33.8105116403 34.1463925679 33.8594194374 33.7443728548 33.9808864948 34.0848202558 34.0323726801 33.2605714722 33.9161265336 33.7652354333 34.3243435248 33.6357906155 33.7048260705 34.3590823603 34.1275461055 33.8726366663 33.9932142455 33.2926995125 86.2594739228 86.2594739228 33.7178735654 33.1959854679 33.6606279157 34.1911279839 33.4145336474 33.2102951717 33.285857781
33.6382171445 62.9118394004 62.9118394004 62.9118394004 33.9274698201 58.4571391656 34.1978296987 33.3786884191 33.957725028 33.0963578718 34.3023830569 33.6342534243 33.8606200279 34.0375332759 33.6431505664 33.7561382758 33.6884561145 33.1715380829 34.1143317844 33.0506893441 34.1914704855 33.9536259827 34.2509730112 33.6319265388 34.3664500396 33.0555884773 33.9716166604 33.8320683972 33.8196126274 34.2519319951 34.1758077746 33.448876014 33.3921968134 34.3484565792 34.1205892983 33.398587106 34.1477132894 33.3855029582 33.7291843002 34.1134148233 33.8167802158 33.9234898886 33.9966957755 34.1879333986 34.0423557462 33.1498727419 34.057669683 86.2594739228 86.2594739228 86.2594739228 33.1512509266 33.9812305421 33.3992845714 33.3895301139 33.9396326757 33.3733273863
33.361247174 62.9118394004 33.602518394 60.0585589071 49.7100067597 49.7100067597 34.1086114573 34.3982202386 34.3967705474 34.0137601661 33.1543265792 33.7867329652 34.2328805747 33.2895970499 33.4091420716 33.2887299378 33.1428790208 33.9611950646 33.1225005589 33.3222456984 33.3002049735 33.0213917483 33.9689099277 33.2339017276 33.8594666042 33.1552792106 33.1346695825 34.3589053232 33.4735422038 34.0845549102 33.9142697284 33.1064210362 33.232865479 33.0360135632 33.3916129964 33.723189361 34.1734108093 34.2491289484 33.8228773196 33.2191523143 33.6689738927 33.8360044975 33.9026312622 33.3457640466 33.5565110371 34.1074707158 50.1348489423 49.8107995029 49.8107995029 49.8107995029 34.3804699495 33.0002720077 34.027418486 34.223407348 33.4479794996 33.3266641126
34.2308259563 33.066129844 75.4251581313 49.7100067597 49.7100067597 49.7100067597 33.6521425009 34.3534730998 33.6404789116 33.7220191772 33.1071974012 33.4646156357 33.0277999755 33.4873654683 33.3843226016 33.1897203256 34.0497088471 34.3302699939 33.3306257236 33.8606656496 34.38388629 33.9468978978 34.0839582915 33.0540803657 33.8094593503 33.2303613764 33.4759890157 33.7232102736 33.4345562279 34.3083985789 33.975140094 34.0052141602 33.1866184043 33.8048427885 34.2522976233 34.2505931012 33.8135257204 34.1639046463 34.4131845852 33.082695008 33.458341714 34.2028376534 33.8584583168 34.2506755112 46.8469263382 46.8469263382 46.8469263382 46.2492295882 34.1410251622 33.6306529206 33.099444947 33.8184397865 33.1471856368 33.6459860168 33.4307407137 33.4053046259
59.6869681772 33.5977399039 33.42898537 56.741571976 76.6103362329 76.6103362329 67.4414216946 33.7825403646 33.5409431036 34.2670049352 34.3939931749 34.2433073371 34.1422424891 33.1194198798 34.0788525242 33.9486811083 34.0557482701 33.861471562 33.7365304697 33.0286648388 33.0689462593 33.0122430985 33.2997262998 34.1750352724 33.1218940393 34.0203440185 33.9674771092 34.1793373179 34.1135199301 34.1076866144 33.2777651125 33.6891999364 33.7769080163 33.1128598321 33.1719377696 33.5778667233 33.2814665487 33.9306542972 34.1884188868 33.9062032016 33.2836265688 33.1377147683 33.9121600335 55.0788498433 46.8469263382 46.8469263382 46.8469263382 85.8747454753 34.2949520435 33.7381375222 33.329237326 33.5941450166 34.0117119123 33.1839551858 33.6751988906 33.5301486091
59.6869681772 59.6869681772 59.6869681772 33.026950969 56.741571976 67.4414216946 67.4414216946 33.1309672465 33.0489340643 33.7027868208 33.786623737 33.083889132 33.5709466272 34.1128263229 33.7048188389 33.5190308245 33.843757154 33.5414389481 34.0464431297 33.44673457 34.3855613894 34.3203614294 33.1072169095 33.2904969767 33.0434389342 33.6815556668 33.9951428527 33.2977534615 33.2667794434 33.3371314157 34.0291747589 33.8663511253 33.5008149089 33.2874538926 33.8228879731 34.0870152583 33.8676275118 34.1210047685 33.5771947375 34.3228775716 33.0061801611 33.3628008682 33.3753294797 55.0788498433 55.0788498433 46.8469263382 46.8469263382 33.4843426568 33.6716008465 33.9650253689 33.8343364476 33.3405715252 33.9691344445 33.8150846649 33.7837807133 33.1375307499
34.1844493403 59.6869681772 68.7332588863 33.0139951783 33.558325496 67.4414216946 66.384393618 66.384393618 34.0959190854 33.0628042233 33.1270224432 33.5782032097 33.5326228838 33.4541639268 33.0443890002 33.0121551565 34.3615296029 34.3295971477 33.9982930099 34.2287513765 33.2759375958 33.4917433699 34.1473009401 33.7563517391 34.3347170943 33.3393216947 33.8706408072 33.6126839273 33.8389527263 33.1383576 33.2765481869 33.6986500529 33.0955144669 33.4235709454 33.8510591972 33.6112151092 33.1793539617 33.8868411984 34.411173109 33.9498743276 33.6454511109 34.1082659506 33.539677863 91.8387831078 55.0788498433 34.3085650402 33.6734855736 33.5882435859 33.7404746229 33.4024638836 34.1810748301 33.7690776045 34.3527915604 33.9500200606 33.3161229955 33.5788245015
34.0406517297 34.2771572162 68.7332588863 55.9294217838 66.384393618 66.384393618 74.7233823424 74.7233823424 74.7233823424 34.0287520951 33.2497569648 34.1099969994 33.7482172425 34.0575814447 33.2119206702 33.3236744167 33.2776059475 34.3354148293 33.6914252491 33.1096144048 33.2521225898 33.5182971933 33.6033710042 33.5031338595 33.0844058084 33.1183884352 33.6007361537 34.3486453027 34.4014543691 33.647532647 33.5318579338 34.3952862033 33.4306442716 33.5294513141 33.4058197364 33.6196579908 33.1961865014 33.8293013935 34.4039046706 33.1901131302 33.616721321 34.1099727623 33.3299167527 91.8387831078 33.7665805991 33.3280218186 34.1009482695 33.186760683 33.206831494 33.8212455787 33.7289223193 33.278541236 34.4103572948 33.3922636751 33.359191228 33.1645038025
52.2203296688 52.2203296688 55.9294217838 63.7551318556 63.7551318556 56.0436550181 52.0692219046 74.7233823424 74.7233823424 34.3839124766 33.1627714872 33.3955694606 33.3995503417 33.3510701517 34.4070123443 33.7121870163 34.2278327827 34.1583343359 33.6041477641 33.9607311676 33.9794175092 33.7144075919 34.0250022881 33.5078550814 33.5003065045 33.0769211308 33.4454935824 34.0347824569 33.6886956383 34.2524290052 33.0850110089 33.6328770983 34.1671791764 34.3259542697 34.2533810559 33.4053913766 33.4843377971 33.8467051614 33.8764797944 33.2151984444 33.4604290479 34.1976681702 34.0133102561 81.1145767725 81.1145767725 81.1145767725 81.1145767725 33.6317706722 33.152447253 33.5107530655 33.8925208612 33.7091947616 33.216031446 33.052221804 33.6524909243 33.7193865201
52.2203296688 52.2203296688 55.9294217838 63.7551318556 56.0436550181 56.0436550181 33.5124904304 74.7233823424 65.3843597776 33.3515671208 59.834641055 55.9145585374 60.2507821655 33.8352067305 33.269375494 34.1169343379 34.3794544773 34.0851311419 63.7995269247 34.1359665263 33.987737288 57.2251678748 33.5734586112 33.8035213676 33.0135881346 56.4781025061 33.2040944656 33.1541012836 34.1885448473 34.0188166309 33.4701890556 33.8801792281 33.8528503283 33.1139122452 33.76037605 33.7647753765 34.4059230937 34.3757065699 34.072618058 33.578594106 33.1218789863 33.2862879722 34.1617278102 73.4002759741 81.1145767725 81.1145767725 33.4911534055 33.1693007767 33.7474994961 34.0969041534 33.4649906858 34.2153142709 33.583111775 34.2441273133 33.9868526741 34.057634622
55.3958658676 34.1738739928 33.0392820581 63.7551318556 33.0850688623 56.0436550181 72.3904277628 72.3904277628 47.4049726884 59.834641055 55.9145585374 55.9145585374 55.9145585374 60.2507821655 33.5726840332 57.2876121959 57.2876121959 49.794606836 63.7995269247 63.7995269247 33.7946729259 57.2251678748 57.2251678748 33.4290272238 56.4781025061 56.4781025061 34.4001238582 33.3008686073 33.3048904162 33.5070393614 34.2839784352 33.3478067332 33.5303074762 33.8523322611 33.7806263988 33.1344772279 33.0769270305 33.7658028221 33.2804417714 34.2819802643 33.0540688518 33.0540488134 33.1570433681 34.2319062557 80.466298507 33.0335365988 33.156398202 33.5819678031 34.3177104251 34.2395414191 33.6593222692 34.3747763174 33.8679513933 33.9074827629 33.9264289775 33.7322143254
65.7565424507 55.3958658676 34.0615754806 34.2023612365 33.8503433041 34.0129819487 72.3904277628 72.3904277628 72.3904277628 33.087160253 59.834641055 55.9145585374 60.2507821655 34.0780207921 34.3218182003 57.2876121959 57.2876121959 49.794606836 63.7995269247 50.4152329613 33.8222586186 34.0204137253 57.2251678748 52.4347264694 56.4781025061 56.3641856308 33.6006146948 33.6016162926 34.3757224295 34.0265258368 34.0945289032 33.0779829106 33.1496510821 34.0288447039 34.0799858208 34.1496536653 33.7832378685 33.5241075874 34.4103028546 33.8922396589 33.387243202 33.5049195034 34.2538199931 49.8843737579 49.8843737579 49.8843737579 49.8843737579 33.7684306393 33.8042121322 33.1756776132 34.0009825776 33.1909541598 33.1769716519 34.1260477156 33.1754334536 33.325822261
51.0044949675 65.7565424507 33.838064967 34.0638083449 34.1928511983 33.3394340661 53.3786107934 33.4487898995 34.0202263633 33.0744264596 33.3342026315 33.4756915082 33.3615957003 33.3744671193 48.967193233 48.967193233 48.967193233 34.2475486749 33.2200575347 50.4152329613 33.9228933717 34.0703069724 34.0444106362 34.3205072229 56.3641856308 56.3641856308 56.3641856308 33.6252737219 33.5944814289 33.7096329326 34.3884295916 34.3262132869 33.3644342886 34.1233389821 34.1974522298 33.4169364596 33.8950512657 33.9831216 33.531358137 33.9141766095 33.0510864433 34.0925494307 33.6992305891 34.3632266946 73.6598431405 73.6598431405 56.8930948687 33.7404040118 33.2087195191 33.4037323206 34.097442047 33.9697576363 33.9946875579 34.2148926141 34.0276720841 33.6149748595
45.3100794287 51.0044949675 34.1223515558 33.4960028427 33.8299598733 61.47422993 33.5569236883 33.3074726807 34.1120718055 33.9751477908 33.7068032913 34.0101601989 33.916815648 34.3455268144 48.967193233 74.9222995929 93.165461559 34.0040895726 33.0638951658 34.0797987244 33.5392061864 33.4389540796 33.5111046951 33.1352388449 34.1894483902 56.3641856308 33.4857099393 33.4317960149 33.726411231 33.9426931544 33.6701426218 33.6338417714 33.3096174957 34.3450690429 33.7773950584 33.5449029806 33.290097014 33.749805264 34.0850082522 33.3285874993 33.8451779753 34.1000488222 33.6633765586 33.5252296421 73.6598431405 73.6598431405 73.6598431405 33.9005004902 33.0524664159 33.78013544 34.2767757837 33.2174076921 33.2361603831 34.1520753058 34.1338358238 33.3145654172
45.3100794287 45.3100794287 34.4078026253 33.1606324559 33.9065709013 33.5332424219 46.2378749646 46.0896746835 46.2378749646 33.5120824265 33.0195792242 33.7593460011 33.474068945 33.9645615494 93.165461559 74.9222995929 74.9222995929 34.1098084938 33.2117979465 33.0268395357 33.8460570395 33.0932420818 33.0255492469 33.9230026487 33.9251146968 34.225297001 33.9833859727 33.9183182858 33.7288267488 33.9321149612 33.6703883061 33.9044712192 33.3714240555 33.5444374386 33.0985076366 34.2914285538 33.6422559761 34.2443417751 33.1888709646 34.266294889 33.0885559855 33.760834199 34.0585907518 33.7987461372 56.1483347828 60.5613559982 56.1483347828 33.2161392202 33.3544696013 33.4683583565 33.5642853967 33.2141305326 33.3262103171 34.2758364728 33.581165302 33.9197023082
33.4021846842 33.247004043 34.0543402203 34.3391610964 33.7042374203 34.101147677 46.2378749646 73.751444079 49.9011499437 33.5926925559 33.1970111361 33.4058893995 34.3969882709 33.2134137175 34.1033725635 74.9222995929 72.1720946664 55.7353760181 33.7436836084 33.00762314 33.411260616 34.3219658171 34.1243955332 34.3174131653 33.8445454074 33.7726691799 33.9430295939 33.5121226438 34.0435462236 33.8636583007 45.6283115959 66.514124368 34.1234956155 33.5057854365 33.9198121584 33.6429762586 33.2472065054 33.0197024298 33.4718886882 34.0310753704 33.9676809792 33.3282763933 33.7268580664 33.0228786471 60.5613559982 60.5613559982 60.5613559982 33.1236030541 33.8864252111 34.0233419745 33.2897809209 34.1893266352 34.3198512604 34.1423753889 33.5619949854 33.5280530286
33.7189406664 34.3345122769 33.4069915493 33.0605794761 33.2100411755 33.3821501015 46.0896746835 73.751444079 73.751444079 73.751444079 34.2617170735 33.5748328382 33.1275018503 34.1622565743 34.3055384956 72.1720946664 55.1315827865 55.1315827865 57.7499051825 33.4446324198 34.1189357745 33.9206408727 60.0660501029 60.0660501029 34.4000334246 63.5719282418 58.0148010962 34.3105245884 65.0685552225 65.0685552225 45.6283115959 45.6283115959 66.514124368 34.1212803973 34.1460597489 33.0076525435 34.1540502689 33.7674731314 33.5137413264 34.1020160255 33.4214729717 33.6527943015 33.5093046752 33.2693681658 33.0352661676 56.5372000491 56.5372000491 33.8890377643 34.0877733402 33.7783685271 34.3231550687 34.1111248859 34.2820444422 33.0686930287 34.3889953848 33.8594049612
33.8846746741 33.0411752664 33.3690465493 33.5070561538 33.8537736319 33.7268487176 59.9101421314 73.751444079 59.9101421314 33.763793442 33.1447678118 33.6895533932 34.1018517763 33.3631883137 34.4036372699 72.1720946664 55.1315827865 55.1315827865 57.7499051825 57.7499051825 33.27493886 33.2717919988 60.0660501029 60.0660501029 63.5719282418 58.0148010962 58.0148010962 34.1351397677 65.0685552225 65.0685552225 45.6283115959 45.6283115959 33.2992243145 34.0882542429 34.3584402209 56.7802068237 34.2577454243 68.4472846271 63.49452422 68.4472846271 66.2946259038 33.3288231235 34.1624793658 33.0197532795 34.030201355 56.5372000491 33.7822205076 33.8550855122 33.8633008946 33.521806249 34.1073065725 34.3313866692 33.1267064024 33.4651669385 34.0833073774 33.7499291981
