Spatial_Output/BAU/BAU_0504.asc
NCOLS 155
NROWS 192
XLLCORNER 196307.867259
YLLCORNER 449144.565805
CELLSIZE 33.573938
NODATA_VALUE NaN
[rows 75 to 99 of 192, columns 0 to 56 of 155]
69.2314019752 80.1236992038 80.1236992038 58.3068292644 58.3068292644 80.4101538359 58.1193782535 58.1193782535 82.7754590203 72.2813109616 80.1200983016 58.3681737716 27.1262133694 27.8377263443 27.2952557547 27.3776888571 27.4989409821 27.1245374601 27.2209431356 27.1330629654 28.1193636825 28.3585020559 27.8020848463 27.4350262661 27.4939251099 28.4012489655 27.6722391421 67.8240995251 67.8240995251 48.8142621506 42.8340664725 28.0327281845 27.8004993682 28.2879928526 28.1170225704 54.1956638278 54.1956638278 54.1956638278 74.4187267462 27.7409562869 27.2434087187 28.1802848684 54.49277668 27.4674025304 27.3072495959 28.3211184913 28.185438782 27.5078155574 27.6044989427 27.6636238609 27.8191264718 27.6706867699 27.3551783343 27.0883386827 28.2267016129 27.32922066 27.5332145549
0 80.1236992038 80.1236992038 58.3068292644 58.3068292644 58.1193782535 58.1193782535 58.1193782535 72.2813109616 80.1200983016 79.9143645716 79.9143645716 28.403564523 27.919247062 27.0536790173 27.4359071493 28.2418839574 27.6107721173 27.0882122045 27.3109929812 27.1958360239 28.4056893133 27.0838275859 28.3783943773 27.2329376559 28.2916460055 27.3025029679 57.2286202161 57.2286202161 57.2286202161 27.424440313 27.8404305909 27.930947632 27.4529688225 27.9716453255 27.3532639897 74.4187267462 54.1956638278 61.2929640701 27.6241396282 67.0879281002 67.0879281002 67.0879281002 67.0879281002 27.862546028 27.7646151678 28.210351627 27.7415186671 28.1449778374 27.4813714695 28.208107283 28.0815027147 27.1449294954 27.3881188589 27.3604065441 27.0686589561 28.2910457526
0 0 68.9333533432 0 58.3068292644 80.4101538359 58.1193782535 72.1247218142 82.7754590203 80.1200983016 80.1200983016 79.9143645716 28.1620817936 28.0881205061 27.7168942944 28.2644528316 28.1145094571 28.0812945291 27.6601542544 27.729082571 27.863933379 27.501327869 28.2038207208 27.4394241125 28.1991081556 27.6959059491 28.3600853581 28.3824588192 57.2286202161 57.2286202161 27.5307461562 56.7958128765 57.676757133 63.1285762887 53.2810135707 54.3177101441 54.7080867042 60.0771711073 61.237901145 27.9146527723 27.2139137556 67.0879281002 67.0879281002 58.0898439662 27.0394558888 27.71408429 28.1078155571 27.8190615242 27.6355812028 27.1687653802 27.5949666647 27.5366154348 27.8739454983 27.9191772885 28.1909186868 27.608582623 27.4336767927
0 0 0 0 0 0 0 0 0 0 0 0 0 27.5264381743 28.0813901633 28.4118934522 28.0039456613 28.2807345599 41.5958206409 41.5958206409 53.4073077855 54.0222754655 54.0222754655 27.2538859799 55.2468202702 47.4668655915 27.8302850521 44.6509947411 27.8709444243 28.2382042819 27.6102306893 27.1283147591 63.1285762887 63.1285762887 54.3177101441 43.1361481666 54.7080867042 50.7369471738 60.6686410223 50.0514493514 57.313369296 58.5040415508 53.1076075078 46.117802347 27.7674642852 28.0093411483 27.7345954065 28.2686558521 27.2210338497 50.7797271674 27.459634881 47.8534728299 28.1342632142 28.2113086259 27.1072597905 27.9504256466 27.7643144654
0 0 0 0 0 0 0 0 0 0 0 0 0 28.311461351 28.3496174389 27.2952642597 28.2801640297 27.2349532038 41.5958206409 41.5958206409 53.4073077855 54.0222754655 54.0222754655 55.2468202702 47.4668655915 47.4668655915 57.1103171944 28.1484528924 27.077801281 83.1693572576 28.187555108 67.7075103656 63.1285762887 63.1285762887 54.3177101441 43.1361481666 54.7080867042 54.7080867042 50.0514493514 50.0514493514 58.5040415508 58.5040415508 58.5040415508 69.6928453438 69.6928453438 60.5873762974 28.3707802149 48.3133798639 28.0328252369 27.5388933325 47.8534728299 47.8534728299 27.7564246516 27.5534612608 28.3150537633 27.2525333965 27.875961163
0 0 0 0 0 0 0 0 0 0 0 0 0 27.7135117944 27.2374861155 27.4653486264 27.9726054801 27.7789749637 27.1493470706 28.295892595 27.7371507412 53.4073077855 27.5608700759 28.191791034 55.2468202702 52.8793186799 57.1103171944 57.1103171944 27.7050084804 27.9866477269 27.4705777435 28.1101792321 67.7075103656 27.1856673059 67.2421493327 27.4117526724 54.7080867042 50.7369471738 55.3007520504 50.0514493514 58.5040415508 58.5040415508 58.0349596378 58.0349596378 69.6928453438 60.5873762974 48.3133798639 28.1736488091 27.4342992283 28.1986088183 73.7095219755 27.8177433729 27.7989086012 27.1955906315 27.0288601711 28.1233905305 27.9278096659
0 0 0 0 0 0 0 0 0 0 0 0 0 0 27.81367135 27.8373870064 27.4414919028 28.2764712268 27.0095859011 28.1744139018 28.1487121185 27.1551150055 27.5346303096 27.77453614 27.625658752 52.8793186799 52.8793186799 69.635991514 69.635991514 69.635991514 27.217887842 27.0121108479 28.1668122971 27.3220576069 28.2308756667 27.2056044015 27.9018786857 55.3007520504 55.3007520504 27.5287177757 27.9354936962 28.1600095461 27.6048600441 28.1157903098 28.3312200904 27.9164422623 27.2021978413 27.9307266531 27.0554791737 74.4228124241 27.3122254187 28.0775378407 27.744844686 27.0928296181 27.4114131533 27.7534473592 27.2227314801
0 0 0 0 0 0 0 0 0 0 0 0 0 0 27.7980675358 27.5060290438 27.124623456 27.2977441141 27.17949367 28.377474709 28.0433996802 27.3048648586 28.413275927 27.6848944271 27.5220040837 52.8793186799 52.8793186799 52.8793186799 69.635991514 28.1557710387 27.5827625383 27.6924202935 28.2429873089 27.8325285119 27.8998550483 27.8671169463 27.011296376 27.0792389879 27.2540650676 27.6874885913 27.2474839283 28.2013014962 27.6438347988 27.6405568819 27.3004551992 28.2604463468 27.5356547805 38.0132092214 38.0132092214 27.7918017669 27.4288562612 27.8128919582 27.9238093009 27.2515107802 28.2554239573 27.4670852812 28.0313985604
0 0 0 0 0 0 0 0 0 0 0 0 0 0 27.8615435222 27.2546361253 27.2016672544 27.7402787653 28.2499610729 27.9344926807 56.6159366929 54.0924239626 45.0857827256 56.9733964653 56.9733964653 27.1035369417 62.3468527438 28.266088811 27.46281927 27.7587446388 28.3794111321 27.0920612118 27.4265108841 27.6921180509 27.0713595434 28.1214844007 27.0925429894 27.794965859 28.1818825571 28.1239387615 28.159092634 27.6048164968 27.1034794954 27.3482800599 28.134823935 27.6496391001 47.1254422036 38.0132092214 38.0132092214 38.0132092214 27.7216104187 28.0503096022 27.8843745071 27.0446846437 27.8494675992 27.5136416455 27.1119698776
0 0 0 0 0 0 0 0 0 0 0 0 0 0 27.3416334303 28.1859542513 27.5114919057 27.675402026 27.4036354345 53.8187923962 54.8598396036 54.8598396036 53.4441122403 56.9733964653 56.9733964653 49.9671376654 28.1776347345 27.8714312447 27.7738898898 27.7768619073 28.2521553884 27.0591657455 28.0439643443 27.5717539714 27.3580297552 27.0392951009 27.703960773 27.0043103661 27.4862806015 28.3342244525 28.2095356848 28.179858671 28.1182414884 27.9751765975 27.222330775 27.2295419058 27.8561460833 28.4048413831 38.0132092214 27.0714802808 27.4533111957 27.2998774337 28.3583956885 28.0131116078 27.4783168514 27.2491116885 27.825937367
0 0 0 0 0 0 0 0 0 0 0 0 0 0 27.1315620034 27.585294162 28.1720826266 27.2950401153 46.0717748974 53.8187923962 54.8598396036 54.8598396036 53.4441122403 45.0857827256 41.3582258334 27.4834195498 27.586205681 27.4139517136 27.7422023555 27.8612731526 27.3655018851 27.2208056264 27.2669957895 27.9687117992 28.1193217189 27.0945780053 27.3766404883 28.0456231739 27.1941819539 28.0777724742 27.5768335564 28.1992774822 27.7190486831 28.0584210973 28.3858967223 27.870394303 27.717835663 49.1968762631 49.41185051 49.41185051 49.41185051 27.0247205766 27.5923038301 27.8058090142 28.0013942233 27.9976764111 27.5017199084
0 0 0 0 0 0 0 0 0 0 0 0 0 0 27.8667644339 27.6511199711 27.1576005595 27.7915871961 46.0717748974 53.8187923962 53.8187923962 54.8598396036 53.4441122403 27.4078244506 28.1572377229 27.9593652609 28.3698611713 27.5913800563 28.2048678799 27.0579374379 27.8683799267 27.973409606 28.0374651296 27.2457999883 28.3362925315 27.1755990345 28.0578368721 27.5865105382 27.3228786716 27.3208345512 27.7006046755 28.0396237161 28.3671254239 27.2302089341 27.2453425571 27.0137976882 27.3270943393 49.1968762631 46.3906691429 49.41185051 49.41185051 27.2991164749 27.0307438795 28.3498749404 28.3197192812 27.6018576484 27.5000651561
0 0 0 0 0 0 0 0 0 0 0 0 0 0 0 28.370577461 54.8058802717 28.0809073482 39.327484949 39.327484949 27.3445369801 27.5472534059 28.3194768069 27.8728001366 28.3806639276 27.0094037474 28.3528667452 27.2285153986 28.2567986761 28.2949033826 27.3894723175 27.9912035581 27.25387489 27.7268988514 27.8775814693 27.7283889692 27.3875416834 27.5811609159 27.8488792422 27.7366578716 28.073593123 27.4383642027 27.1053058879 28.3066339823 27.3334803957 27.6205372489 27.4728648793 44.1788648394 51.777968551 46.3906691429 46.3906691429 46.8079130583 27.7634646765 27.0672373329 27.3870588892 27.3998386691 27.5249376428
0 0 0 0 0 0 0 0 0 0 0 0 0 0 0 49.4789412909 49.4789412909 27.223603594 27.762704289 28.0679203588 28.0543169248 27.9367807015 28.0481720824 27.6229549131 28.3833848186 27.9500103018 28.1430460204 28.1114413258 28.176288919 27.4242845589 27.8261797177 27.5439166415 28.1047654952 27.8239244446 27.0082331377 28.0367336353 28.2995592846 27.0675085534 27.2148011798 28.3909301808 27.9664153958 27.1620295795 27.1280934759 28.0661595445 28.1797047291 28.0844926399 28.1534231622 53.7587471098 44.1788648394 53.7587471098 27.9975247186 27.51848941 27.0899234375 27.0489007229 27.757035849 27.0380847196 28.3747084651
0 0 0 0 0 0 0 0 0 0 0 0 0 68.3048298922 56.8437726091 49.4789412909 49.4789412909 54.8058802717 28.1251736152 27.474540248 27.1707708592 28.0877504116 28.1478962579 27.8503941422 27.3347516979 27.5158377145 27.4523291441 28.0119891776 27.7089384009 28.3821973697 28.1542384827 28.3066843495 27.0166574874 27.0456880844 27.8037119288 28.2132110998 28.1162535134 27.2906426169 28.17483279 27.832172023 28.2700389526 28.3010580623 27.8194080594 28.2422693963 27.2602834668 28.0993672608 27.3750066495 27.5344085986 52.966506905 57.7266184026 57.7266184026 27.3758325937 27.7810478159 27.5283430637 27.9776121268 27.9651000788 27.7632150689
0 0 0 0 0 0 0 0 0 0 0 0 19.9322006945 19.8301291367 19.8301291367 49.4789412909 49.4789412909 49.4789412909 27.8532213765 27.4639064236 27.5825314193 27.1406644694 27.728489568 27.0603119311 28.2348783424 27.3403289358 27.0128703065 27.2780356628 28.1911173437 27.4031911836 27.6536126272 27.5756368589 28.2685009169 27.5852112337 28.2750517517 28.1234321222 28.2181024779 28.0869377549 28.2014186396 28.1952038104 27.0589255182 27.2361674985 27.1196250297 28.2552040768 27.4644623285 27.2412171903 28.250965062 52.966506905 54.9569871794 52.966506905 51.5198719018 46.7693888738 28.0121252399 27.2871335341 27.359915297 27.1276426257 27.9712533615
0 0 0 0 0 0 0 0 0 0 0 69.5794076467 49.1074665837 19.8301291367 19.8301291367 56.8437726091 51.9124820464 0 0 27.0793934302 27.5986778123 27.613292554 28.0303006506 27.0674785754 27.4580872763 28.1628151912 28.2479177491 27.1410259527 27.1899416327 28.0250828093 27.1607582049 27.6947271322 27.1199898973 27.4197575887 28.3394900412 27.0025184354 28.0150407121 27.6780028556 27.8600244705 28.2889908176 27.0010351346 27.0729046541 27.8262139219 28.4047125509 27.1347802096 28.3157733374 27.7777404876 54.9569871794 69.1273314754 69.1273314754 69.1273314754 69.1273314754 27.8059585211 28.3821799865 27.1137468658 28.4018017808 27.9124752024
0 0 0 0 0 0 0 0 0 0 64.0522000836 49.9397602095 56.5915105191 19.9322006945 56.5915105191 62.3978440479 0 0 0 27.738927211 27.8650774329 27.4209781291 27.2142105581 27.181112287 28.2913027358 27.7495036677 27.2240560051 27.4756708456 27.718757322 28.3440740175 27.3615557242 27.9879035155 27.7018198801 27.5998201676 27.8535805687 27.911190323 28.3473585019 28.0681243237 27.0746243485 27.910457641 28.362570059 27.6331278327 27.9901051806 27.2438572717 28.0387459552 27.1397725335 28.1410956411 48.6043474855 48.6043474855 69.1273314754 69.1273314754 43.3483041236 28.2531100154 27.8753053252 27.0648452558 28.1985980053 27.8793268893
0 0 0 0 0 0 0 0 0 50.1255155763 49.8058965772 49.9397602095 49.9397602095 52.2347786252 0 0 0 0 0 0 27.6239371123 27.0143613352 28.3612638412 27.2509801273 27.8967525306 27.4578618606 27.8308011515 28.1368734259 27.9099008908 27.5386546318 27.0468832539 27.6814359061 27.7189617195 27.0218115504 27.4041549752 28.0568697376 28.1009657057 27.2011502853 27.5619564987 28.3661103349 27.1165063243 27.0034913462 27.9819694835 27.7258017699 28.2094541815 27.4432942777 28.340628005 87.3354868578 48.6043474855 48.6043474855 60.6161476606 28.0278783537 28.0346263381 28.3839062133 27.2095089993 27.1645967413 27.2148980332
0 0 0 0 0 0 0 0 68.8933493782 50.1255155763 50.1255155763 49.8058965772 49.8058965772 0 0 0 0 0 0 0 0 0 27.2287406098 27.3918475548 27.8068095753 27.2441843865 27.1130387184 27.3262617568 28.0136415819 27.7068680106 27.1545527852 27.0436085635 28.0280054755 27.3808072618 28.151865936 27.0614280487 27.1204749698 27.2329183112 27.8210637346 27.4960283954 27.5482321524 27.247046299 28.381422732 27.2892016346 28.3336429258 27.0722446336 27.6592989082 48.0920924457 59.6503051275 54.4926407344 54.4926407344 70.4486445607 28.1393647354 28.027400795 27.6789555016 27.5311308451 27.0581931459
0 0 0 0 0 0 0 0 68.8933493782 50.1255155763 50.1255155763 67.0373508753 0 0 0 0 0 0 0 0 0 0 27.2402093658 27.0121815428 27.4588146339 27.7753939905 28.0650361155 27.9907147485 28.1344373035 27.9447917678 27.7096785414 27.3549996902 27.5848670094 28.1803862088 27.8663068277 27.2496297931 27.6491283334 28.1393423139 27.9007736003 27.2216409998 27.6800255882 27.6118642245 28.3270972963 27.0870724591 27.0370126431 27.4398639636 27.0384192734 28.3618859914 54.4926407344 54.4926407344 54.4926407344 54.4926407344 27.0259671115 27.5012975729 27.8407762123 27.2786868525 27.2989650728
0 0 0 0 0 0 0 67.3651589034 0 0 68.8933493782 0 0 0 0 0 0 0 0 0 0 28.402549414 27.1491223927 27.2391928989 27.8039641654 28.3931763071 27.4887641274 28.41348632 27.9741063287 27.0929380396 27.7600938393 27.6977694124 28.1883669598 28.0033149709 27.947332521 27.8646783286 27.1231194048 48.6760106447 27.7414913064 28.0806476555 27.1612519844 27.7918067975 28.1349446377 27.7145212307 28.4063544024 27.5571933751 27.5510549019 27.2424417678 73.6953934514 73.6953934514 27.2616431697 44.9051633671 53.8608164455 71.2521872939 28.0915261353 42.8115091707 49.1546814537
0 0 0 0 0 0 0 67.3651589034 67.3651589034 0 0 0 0 0 0 0 0 0 0 0 28.0206448514 27.9973530518 28.3592290488 28.2661828973 28.3609735439 28.4094916538 27.9198504213 27.1666280171 27.7488807981 27.3788955947 28.3709240904 28.3059455843 28.0311396627 27.9063189211 42.840250189 44.0807967643 27.101189909 48.6760106447 48.6760106447 69.4756625259 88.5527511899 88.5527511899 55.5627531872 58.4484904229 59.072292624 47.5935113096 68.7135199977 44.6033976135 60.8879781629 48.8436501225 48.8436501225 44.9051633671 44.9051633671 71.2521872939 46.3264643741 46.3264643741 46.3264643741
0 0 0 0 0 0 0 0 0 0 0 0 0 0 0 0 0 46.2433281802 0 28.0995190109 27.681348112 28.3643985926 27.7158742969 28.3359202742 27.487392075 28.325514746 27.6998162228 27.9048588062 28.0474632318 27.6297442363 28.3596486457 27.2423605721 27.5160181035 45.0605283276 42.840250189 44.0807967643 37.6714456898 48.6760106447 48.6760106447 69.4756625259 88.5527511899 88.5527511899 58.4484904229 58.4484904229 58.4484904229 47.5935113096 47.5935113096 68.7135199977 56.0964423823 56.0964423823 48.8436501225 44.9051633671 44.9051633671 71.2521872939 51.6697709627 46.3264643741 46.3264643741
0 0 0 0 0 0 0 0 0 0 0 0 0 0 0 0 46.2433281802 46.2433281802 46.1376829441 47.1594175295 28.2930049444 28.0993990081 28.1163253218 27.1369362533 27.9277773389 27.4230170601 28.1940333671 27.0526249951 27.4368595381 27.2003073097 28.2715934315 27.9833619845 74.0857668067 74.0857668067 45.0605283276 42.840250189 27.1874212671 48.6760106447 49.1076432134 69.4756625259 28.1245106992 27.7096540348 57.4654035459 58.4484904229 45.0263436832 47.5935113096 68.7135199977 44.6033976135 56.0964423823 56.0964423823 84.4418879742 44.9051633671 27.7210751909 27.9812683336 51.6697709627 42.8115091707 49.1546814537
