Spatial_Output/BAU/BAU_1117.asc
NCOLS 155
NROWS 192
XLLCORNER 196769.923733
YLLCORNER 449719.875193
CELLSIZE 27.603701
NODATA_VALUE NaN
[rows 0 to 22 of 192, columns 53 to 105 of 155]
31.0036343756 29.6614487692 29.3189293337 31.6042531115 31.4450039138 30.63018061 29.8627479421 19.4553619551 26.9333836368 17.6625764955 29.9792529622 0 0 0 0 0 0 0 0 0 0 0 0 0 0 0 0 0 0 0 0 0 0 0 0 0 0 0 0 0 0 0 0 0 0 0 0 0 0 0 0 0 0
29.160007303 31.2248498511 30.6159568847 31.0973971863 29.2449318424 29.9588682044 30.9151870748 10.5057707212 11.7118057741 11.6139437313 29.7740918485 29.9673101178 0 0 0 0 0 0 0 0 0 0 0 0 0 0 0 0 0 0 0 0 0 0 0 0 0 0 0 0 0 0 0 0 0 0 0 0 0 0 0 0 0
31.5005309909 31.2159443851 29.4287069875 31.2938406518 31.7668591306 29.6260824868 31.2215443452 33.0819732727 9.1016080683 15.4863565924 30.9728556604 31.0938379294 0 0 0 0 0 0 0 0 0 0 0 0 0 0 0 0 0 0 0 0 0 0 0 0 0 0 0 0 0 0 0 0 0 0 0 0 0 0 0 0 0
30.8009400307 28.6873154672 30.0870861577 31.7131239298 31.7222110837 29.6216488277 31.6502787662 30.4948639102 28.562205972 31.3033805754 30.0023849913 30.9057239975 31.705668203 0 0 0 0 0 0 0 0 0 0 0 0 0 0 0 0 0 0 0 0 0 0 0 0 0 0 0 0 0 0 0 0 0 0 0 0 0 0 0 0
30.328645406 29.4576727825 28.6296674849 29.5210033058 29.9262981713 83.8473281354 83.8473281354 83.8473281354 28.7439537637 31.5029934287 29.0139627964 28.5297547347 30.9673749675 29.8091274173 28.9209368297 0 0 0 0 0 0 0 0 0 0 0 0 0 0 0 0 0 0 0 0 0 0 0 0 0 0 0 0 0 0 0 0 0 0 0 0 0 0
29.3539649462 31.5629479906 31.2038899206 29.3366096204 29.0712865298 30.752203573 83.8473281354 83.8473281354 31.1824105321 29.2268038183 30.969047903 31.4214371786 30.0105513852 28.8889265685 28.7611684346 31.5192015469 0 0 0 0 0 0 0 0 0 0 0 0 0 0 0 0 0 0 0 0 0 0 0 0 0 0 0 0 0 0 0 0 0 0 0 0 0
28.9316022526 29.3945319006 31.4513065451 30.2748913923 29.1435963274 83.7651240417 29.7204864484 28.6215262558 30.0986003097 31.9835907943 31.3352862486 28.7259889685 30.8934927477 29.1503443366 28.691284412 30.352050397 28.6545488695 31.3824016029 0 0 0 0 0 0 0 0 0 0 0 0 0 0 0 0 0 0 0 0 0 0 0 0 0 0 0 0 0 0 0 0 0 0 0
29.0414317647 31.9480781785 31.3655527328 30.4774552723 31.288842787 83.7651240417 30.5418299423 29.1111977725 30.7760321316 30.4950361044 32.0112285097 31.7880621104 30.6998868871 30.5509591778 28.9445199955 31.8573830402 31.3958720385 31.9164858943 31.403840883 0 0 0 0 0 0 0 0 0 0 0 0 0 0 0 0 0 0 0 0 0 0 0 0 0 0 0 0 0 0 0 0 0 0
28.6831387216 31.4525013525 29.673473305 29.8668779281 30.8157392235 28.9807617328 28.9540605655 31.3737165708 30.3534093382 29.92003191 28.913197916 30.5619839144 28.6279886726 29.747826846 29.2218667325 30.4939573699 31.9141101012 30.4857874446 31.4224630032 31.1719191247 31.2878229073 0 0 0 0 0 0 0 0 0 0 0 0 0 0 0 0 0 0 0 0 0 0 0 0 0 0 0 0 0 0 0 0
30.5350113047 32.0352939367 31.4321250081 31.9763322136 31.275867621 31.8519904309 29.3759639768 30.4783988311 31.0666183472 31.7617594923 28.6241771808 29.6339324365 30.1539854858 30.5246116647 30.8841457519 30.5276770655 31.1332714753 28.8563893407 30.4064111322 29.0531857487 29.9283308996 31.6720949229 31.5540850756 29.2173866916 0 0 0 0 0 0 0 0 0 0 0 0 0 0 0 0 0 0 0 0 0 0 0 0 0 0 0 0 0
31.954214116 31.6706661448 28.9915794252 31.0670673645 30.2447261749 31.4913971831 29.6254942687 28.9732400826 31.0744293194 29.157381184 84.9939370534 84.9939370534 29.8911531812 32.0077902107 29.5901372943 31.6918017397 30.4717920265 31.9652234866 28.8477836493 30.7015076744 30.756129874 30.1783979442 29.1767924661 31.5633179224 28.5121004023 29.405002929 30.4029482266 30.4395931706 29.1606577223 0 0 0 0 0 0 0 0 0 0 0 0 0 0 0 0 0 0 0 29.4311558278 29.8272423115 28.6491539705 30.1001364333 28.6056811767
31.5786699344 30.7571407553 30.405282664 28.6108573369 29.3021136935 29.7113773254 31.4364057905 30.6652357523 28.7912470337 30.0757385705 30.8115121212 58.4482276465 58.4482276465 28.8671696947 32.0135939535 30.2298560442 28.5650219675 31.3661999094 29.9338349729 29.5815582014 31.3680529582 29.9114162152 30.5500101493 29.5449953231 30.9984646413 30.8854919537 31.1920925317 30.4237477723 29.0467734742 31.8751770725 28.5202038012 0 0 0 0 0 0 30.886053235 30.2701614472 30.5454033765 30.9617835654 29.983052954 0 0 0 0 0 0 31.0146412393 28.7442052308 28.6946546661 30.3463899425 28.5317097516
29.8450953159 29.6274360876 28.7182625577 31.2485542602 28.5577677768 31.4275517356 28.9967855714 30.5050610891 31.6748469335 28.7602197556 56.1988810163 56.1988810163 56.1988810163 31.561220393 31.7147260832 31.7055483682 29.1961512085 31.7542445262 30.9025414504 31.9739168683 29.9684126319 28.6614047335 29.9896377758 30.7837630939 31.9206903934 28.7581178086 30.6945439562 31.3266539108 31.6369417164 29.6636131996 29.9516551791 0 0 0 0 0 0 30.4227501347 30.3050637366 30.8004197515 29.6746026719 31.3244995797 30.2061369371 31.9219300635 31.9781416009 0 0 29.4269852519 31.2462783494 31.9995842527 28.9749240591 31.1107382765 31.0671343078
30.3317584187 30.4620235569 30.9606486465 30.7824666476 29.3698384639 31.1508340558 31.585464249 29.8430520744 30.1977328307 30.6031008135 56.1988810163 56.1988810163 56.1988810163 47.106435917 47.106435917 31.4958545383 31.9293542615 30.70229706 31.8979185099 31.3129166817 29.5826016516 32.0120678452 28.8210070819 31.9386277263 30.3831124487 29.8975615036 30.1151335616 29.0870683918 28.8760570398 31.0913500245 29.426728675 31.7525964201 30.0632492866 29.2561321074 28.6063429542 30.671258667 30.4436151301 28.7152569877 30.4381133406 29.6658095911 28.9937059428 31.2408256684 28.5599330085 30.6731338442 31.99891152 31.3806869801 30.8257828422 30.7398659097 29.1571107654 28.6552535899 29.506824382 30.7047928301 28.7856804516
31.955380986 29.2580068373 30.6030540989 30.8289056248 29.2993277695 30.2420640126 30.227143085 31.7100369798 31.9764709731 31.4850710665 30.3584123255 31.7858529194 46.7107043329 46.7107043329 28.942652821 31.0934128462 28.50309488 29.9345748676 31.9918422487 31.066540421 28.503580291 31.726391622 30.7849357507 30.1821189214 30.2885057779 29.4471000931 29.4720963294 31.425009734 29.9959808269 29.5909826398 29.2165018121 29.0564408807 29.9808173461 30.8022989066 29.8016385359 30.2003468893 30.2022034615 31.6052830355 29.6016469281 28.5461430598 29.5087878741 29.968698649 30.3233998 29.103449542 29.7353931251 29.9059787171 29.8670155558 31.9998517988 29.7500011514 31.3879816287 30.3110568164 31.4422159819 30.2235916246
28.8649097812 29.8942190457 29.1510478678 29.4662258965 30.3051207894 28.5167179358 31.0487347808 31.8031833497 30.2643047951 29.0052172392 30.0332164733 29.9922778724 47.4000593163 47.4000593163 47.4000593163 30.4934797712 30.7161703718 28.5484379257 29.1682706541 29.6934309544 29.9939271864 29.7012577214 29.8498077315 30.7519320626 29.3987852378 28.7552222429 29.4789304354 29.7623122203 29.5050894063 31.8379848522 30.179568268 29.091756077 31.7173297548 29.2359755882 30.5086421333 31.4563295402 28.8852210775 31.9300663188 31.6469648426 31.669813981 31.6603974086 30.6831753007 30.819183406 29.8938743558 30.9123945284 30.3851439033 31.4342051692 31.5574259198 30.8790060239 32.0332787244 30.8508410691 29.5527961533 29.639451876
30.7950521286 31.3075315434 28.6138078644 30.8715799884 30.9528720758 30.1569381296 30.5510797654 28.750324979 28.5731735153 30.631443207 31.8308176242 28.6590145614 47.4000593163 47.4000593163 29.2434535582 29.6858451022 29.9266566807 30.2697124211 30.9611387608 28.5567679525 30.570376078 29.0152078507 30.5155033718 28.7539731684 28.9558430414 29.0753418154 29.5690034151 31.7702175009 30.6595130437 30.4653823308 30.377125268 28.5302245684 30.5125507974 28.6560397641 29.1535329825 30.0981469717 31.6667502789 28.9656931025 29.6369204254 29.2733825799 31.5874013516 28.818675071 30.43953219 31.1301954487 31.0607488313 29.9119034064 29.7369823534 31.3638277448 29.3542505529 28.8209918632 30.3093048683 30.8370279273 30.5845557123
31.2817445028 29.8928059469 31.3676887978 31.6816773719 28.7486136331 29.6819636501 29.0954083502 31.3810184826 31.9313277722 29.3710769914 29.4697839492 28.9642324146 30.410860362 29.6179349156 29.453094219 30.6660482009 30.5894395784 29.8590329619 28.7407173644 28.5778268064 29.6961886533 30.3563656597 29.6824899289 31.5688347272 31.0999425174 31.2322799375 29.3156198521 28.6284696963 28.7196646004 29.8334408644 31.6160292873 31.5718611538 32.0347582643 31.1204401043 31.6079944632 29.03005681 28.6733934699 30.9028685044 32.0300495501 28.7180079862 31.0003738501 29.4034522955 29.535322128 30.8835635907 29.8752205539 30.1684491944 31.2519436518 29.2201451058 30.9626084119 31.6076896496 31.8935410258 29.7574119836 30.3868334197
31.5104380981 31.6070899547 29.2270626883 29.2057034124 29.9498344228 28.7825469793 47.0504126306 47.0504126306 47.0504126306 29.2113293284 32.0225448959 31.4963364702 31.0330933148 29.0534740087 31.592503273 30.4566543597 30.9651375048 29.6039546893 31.8942139754 28.975534325 28.5731472266 29.2620667435 31.6309416841 30.3993530505 32.03023241 30.0441865295 29.4188268372 30.5400028252 31.1022201139 29.7121655124 31.0510056981 30.7894306906 31.2604437152 28.6556444294 30.2847685609 29.3589304202 29.2241794628 29.1786615207 28.7218338419 31.2275305968 29.1398402535 28.9487231563 31.6320338155 28.7220469451 28.703559552 29.1692104391 31.6369946701 31.8241588291 29.1869300785 29.2633146325 31.8520510767 30.451706048 30.8071296837
30.7744116846 31.7761210113 28.5112797008 28.6572796669 29.722057605 30.6264591971 62.2624446111 47.0504126306 62.2624446111 29.9754856017 31.8994400139 30.8781976899 31.9508013538 30.0902170653 28.7713210227 31.232306096 28.7147716086 31.9469957245 29.2226737231 31.7986797342 29.0459067976 31.2059859392 29.389487423 28.6893625918 31.1142412231 30.5808486793 30.764829173 30.3528398278 31.1078756518 29.1714416569 31.7332593703 30.5075604082 29.7134539599 29.5787321858 29.9578299859 30.5625921311 29.2263074056 28.5124216092 30.1100530954 29.2608872836 29.296665942 30.10035056 29.3164176369 30.9227808666 31.6586551109 29.2932298285 29.3148031281 30.8730378901 31.6696961631 30.4384435425 29.7893263033 30.8740825952 30.7578305242
31.5198777748 31.1838617894 29.3854947506 30.3693392876 29.3397629294 29.8633476567 30.34843085 53.5825079232 53.5825079232 28.8402882827 31.3117440941 31.230487393 29.6644756342 29.1940070394 30.4497332269 31.6222743675 30.1514177022 29.7724357313 31.4763178669 31.8253227756 30.7216892582 29.4540513504 31.8449116633 31.2236783576 30.1838142963 31.7135320432 29.7394118912 30.1304849098 30.6444225354 28.7919445941 29.7028753002 28.677798576 29.1793917226 29.2310299327 29.7312278414 29.0168539595 30.4684012979 28.7654326233 28.8801371849 29.9958655046 28.5771935405 28.6633533886 31.0410169896 31.717784017 31.4903989021 28.6370256971 30.5480201463 31.3509238265 28.8384753183 29.5123635704 30.3757182964 30.2164534771 31.6923943998
31.8991720177 29.8965957363 28.6831603182 29.2542195594 30.2918364738 30.6144112335 30.5157529891 31.6295530292 53.5825079232 52.3158988171 29.7406721736 29.7725233835 30.6987512381 30.781052498 28.8259866767 29.3758431179 29.5557357056 28.528308121 29.7028197248 30.9852864432 29.1518079105 29.9559194998 31.3682364984 31.5704610153 29.0240097758 29.0584578855 29.6005072857 28.782228198 28.892136324 29.0190471293 31.2384543368 30.4574071801 29.1229305073 31.5718709215 29.0447973219 29.5822223269 31.80895495 30.9596672368 28.7438089955 30.9761211481 29.612357288 28.9305052323 28.847197263 29.3693827468 30.296541548 31.5653628772 30.5525660127 31.3375296155 29.616892632 30.3919840469 31.9752086453 30.3623637891 31.5560426771
30.0279971466 30.7122418908 29.7513796442 28.9903883462 31.5805611551 29.455183888 31.3691444716 29.2674347225 52.3158988171 52.3158988171 62.761486719 31.4130357325 29.0969203592 28.59799762 30.9376720345 31.5761659668 31.6230905478 29.1857014133 30.534131749 28.6802383968 28.5297647894 31.5166437488 29.6668322158 28.5335367957 28.5850143508 29.5653844796 30.8424045384 30.4658185009 32.007087222 31.0393960018 29.9098876439 29.6857275094 31.4434565837 31.6661691126 29.1495515769 31.3629659152 30.7907896102 30.8210670186 30.7963767428 31.1406684474 29.6694219732 29.4548192045 31.122128306 31.2096029606 30.9804148728 31.3748196575 31.3496684457 29.6398830684 31.2399611783 28.5841155052 31.6211329915 29.2250113639 31.7173155755
