Spatial_Output/BAU/BAU_1308.asc
NCOLS 155
NROWS 192
XLLCORNER 196307.867259
YLLCORNER 449144.565805
CELLSIZE 33.573938
NODATA_VALUE NaN
[rows 102 to 135 of 192, columns 76 to 151 of 155]
61.588848911 61.588848911 61.588848911 29 29 29 29 29 29 29 29 29 29 65.7199305177 29 29 29 29 29 50.3409546505 66.5312334734 52.7207767534 29 77.7082237345 29 29 62.2733579093 62.2733579093 48.9704469104 41.2642550338 41.2642550338 29 50.5544943483 52.2452981308 52.2452981308 54.2817743861 67.3633991916 29 65.8610793552 52.7736346658 29 29 29 29 29 29 29 29 29 29 29 29 29 29 29 29 29 29 75.3203508148 75.3203508148 60.0010666552 46.6977615033 48.6521785496 48.6521785496 48.6521785496 0 0 0 0 0 0 0 0 0 0 0
73.9776342817 61.588848911 29 29 29 29 42.8666115261 29 29 55.5076507938 29 29 29 50.9545383193 50.9545383193 29 43.5512002052 29 75.8657617543 50.3409546505 66.5312334734 66.5312334734 36.3377115399 77.7082237345 77.7082237345 29 29 62.2733579093 62.2733579093 41.2642550338 41.2642550338 54.5955394217 50.5544943483 29 29 29 29 29 52.7736346658 52.7736346658 52.7736346658 29 29 29 29 29 29 29 29 29 29 29 29 29 29 29 29 29 75.3203508148 75.3203508148 75.3203508148 63.7483269059 48.6521785496 48.6521785496 48.6521785496 0 0 0 0 0 0 0 0 0 0 0
53.0031030957 53.0031030957 53.0031030957 29 29 54.0451750954 69.900177288 48.0499350999 62.1362516562 62.1362516562 52.183106302 52.183106302 62.0582794951 50.9545383193 50.9545383193 63.7650989595 29 29 29 50.3409546505 66.5312334734 66.5312334734 60.083949025 77.7082237345 77.7082237345 29 29 62.2733579093 67.8502724512 29 29 29 29 29 29 29 29 29 67.0901710682 67.0901710682 67.0901710682 29 29 29 29 29 29 29 29 29 29 29 29 29 29 29 29 29 29 29 29 0 0 48.6521785496 48.6521785496 0 0 0 0 0 0 0 0 0 0 0
83.6908443951 29 29 29 54.0451750954 54.0451750954 69.900177288 69.900177288 62.1362516562 62.1362516562 52.183106302 52.183106302 62.0582794951 51.7327672245 63.7650989595 63.7650989595 29 29 61.4304378108 29 29 29 60.083949025 29 29 29 29 29 29 29 29 29 29 29 29 29 29 29 65.8610793552 67.0901710682 65.8610793552 29 29 29 29 29 29 29 29 29 29 29 29 29 29 29 51.5064845699 29 53.3379662463 53.3379662463 0 0 0 0 0 0 0 0 0 0 0 0 0 0 0 0
29 67.7721671746 29 29 29 54.0451750954 69.900177288 72.5501557879 48.0499350999 55.5076507938 29 29 55.4794347069 49.4123064335 49.4123064335 58.7523801702 29 29 29 29 29 29 29 29 29 29 29 29 63.6937260462 29 29 29 29 29 29 29 29 29 29 29 29 29 29 29 29 29 29 29 29 29 29 29 29 29 29 29 57.2667077354 57.2667077354 29 29 0 0 0 0 0 0 0 0 0 0 0 0 0 0 0 0
51.4982487592 51.4982487592 51.4982487592 29 29 29 29 29 29 29 29 29 29 62.1895729409 49.4123064335 62.1895729409 29 29 29 29 29 29 29 29 29 29 29 63.6937260462 63.6937260462 29 63.6937260462 29 29 29 29 29 29 29 47.1670126846 47.1670126846 47.1670126846 51.4035441267 29 29 29 29 29 29 29 29 29 29 29 29 29 41.3897111294 41.3897111294 57.2667077354 51.5064845699 29 0 0 0 0 0 0 0 0 0 0 0 0 0 0 0 0
51.4982487592 51.4982487592 29 29 29 79.2296153738 49.1794905173 79.2296153738 79.2296153738 29 29 29 29 62.1895729409 66.7022737446 45.0857050343 29 29 29 29 29 29 29 29 29 29 78.3278699999 78.3278699999 70.607262206 64.8141085731 58.2110009534 29 44.0530424144 72.3568553548 29 48.6992729741 54.5465141715 29 53.7765320523 47.1670126846 47.1670126846 51.4035441267 45.379229711 45.379229711 54.0268392244 48.4498944062 55.0469234433 29 29 29 29 29 29 29 29 41.3897111294 41.3897111294 41.3897111294 29 0 0 0 0 0 0 0 0 0 0 0 0 0 0 0 0 0
29 29 29 29 29 29 49.1794905173 49.1794905173 29 29 29 29 29 66.7022737446 66.7022737446 66.7022737446 29 56.5347226168 50.301014464 29 29 49.6611508267 49.6611508267 47.3795931837 47.3795931837 29 29 70.607262206 70.607262206 58.2110009534 58.2110009534 64.8141085731 72.3568553548 72.3568553548 72.3568553548 29 54.5465141715 54.5465141715 72.9628841871 72.9628841871 72.9628841871 72.9628841871 45.379229711 45.379229711 54.0268392244 55.0469234433 55.0469234433 29 29 63.0288920318 29 29 29 52.9564353577 52.9564353577 52.9564353577 29 29 29 0 0 0 0 0 0 0 0 0 0 0 0 0 0 0 0 0
29 29 29 29 38.8811100309 51.5882326929 49.1794905173 55.9395920121 29 29 29 60.6580675013 29 71.6759988911 71.6759988911 29 29 54.4099224884 50.301014464 50.301014464 29 49.6611508267 49.6611508267 47.3795931837 47.3795931837 29 29 70.607262206 70.607262206 58.2110009534 58.2110009534 52.0290817303 29 72.3568553548 29 29 54.5465141715 29 29 72.9628841871 72.9628841871 72.9628841871 45.379229711 54.0268392244 48.4498944062 55.0469234433 55.0469234433 57.1620516651 63.0288920318 63.0288920318 29 29 29 60.7525384011 52.9564353577 52.9564353577 52.9564353577 29 29 0 0 0 0 0 0 0 0 0 0 0 0 0 0 0 0 0
72.2074635149 29 59.1640664943 38.8811100309 38.8811100309 51.5882326929 55.9395920121 55.9395920121 29 29 29 29 29 71.6759988911 47.9262262763 47.9262262763 29 29 50.301014464 29 29 49.6611508267 29 52.0386100187 47.3795931837 51.1414341376 29 73.4151903391 70.607262206 48.5212711405 73.4151903391 29 29 29 29 29 29 29 29 29 72.9628841871 29 29 29 29 29 29 29 63.0288920318 63.0288920318 46.6005122587 46.6005122587 60.7525384011 60.7525384011 62.9119946005 29 29 29 29 52.1488716001 40.7781986634 0 0 0 0 0 0 0 0 0 0 0 0 0 0 0
29 63.8341780522 59.1640664943 29 38.8811100309 51.5882326929 52.0475417778 52.0475417778 29 29 29 29 29 61.4727487428 61.4727487428 61.4727487428 29 29 29 29 29 29 29 29 29 29 29 29 29 73.4151903391 29 29 29 29 29 29 29 29 29 61.7645273961 61.7645273961 29 29 29 29 29 29 29 29 29 47.0344105945 46.6005122587 60.7525384011 60.7525384011 62.9119946005 62.9119946005 29 29 52.1488716001 52.1488716001 52.1488716001 40.7781986634 0 40.7781986634 0 0 0 0 0 0 0 0 0 0 0 0
63.8341780522 63.8341780522 63.8341780522 29 29 29 52.0475417778 52.0475417778 52.0475417778 29 29 29 29 57.2368539904 61.4727487428 57.2368539904 29 29 29 29 29 29 29 29 29 29 29 29 29 29 29 29 29 29 29 29 29 29 29 29 29 29 29 29 29 29 29 29 29 29 29 60.9550020461 29 72.8538418651 62.9119946005 56.7210272216 29 29 52.1488716001 52.1488716001 40.7781986634 40.7781986634 0 40.7781986634 40.7781986634 0 0 0 0 0 0 0 0 0 0 0
29 29 29 29 29 29 59.8893276186 59.8893276186 29 29 29 29 29 29 47.1407516435 47.1407516435 29 29 29 29 29 29 29 29 29 29 29 29 29 29 29 29 29 29 29 29 29 29 29 29 29 29 29 29 29 60.5211980178 29 73.160596192 61.2004907253 57.191046847 62.8074930606 62.8074930606 73.461247276 73.461247276 29 72.8538418651 29 29 0 0 0 0 0 40.7781986634 40.7781986634 0 0 0 0 0 0 0 0 0 0 0
29 68.0237371164 68.0237371164 29 60.4169467922 29 59.8893276186 59.8893276186 59.8893276186 69.7731184463 69.7731184463 29 50.4043707709 29 57.2368539904 57.2368539904 85.6920914628 29 29 29 29 29 29 29 29 29 29 29 64.2982642495 48.311816665 64.2982642495 29 29 60.447799325 29 29 29 29 51.3384307373 29 54.1029592172 54.1029592172 29 43.4964435642 60.5211980178 60.5211980178 60.1165608405 73.160596192 29 60.7199216048 60.7199216048 60.7199216048 73.461247276 73.461247276 73.461247276 29 29 57.736153207 37.2637924353 57.3874499766 57.3874499766 0 0 0 0 0 0 0 0 0 0 0 0 0 0 0
68.0237371164 68.0237371164 29 29 60.4169467922 60.4169467922 71.7253259408 71.7253259408 55.4845943058 69.7731184463 69.7731184463 50.4043707709 50.4043707709 54.2743448377 54.2743448377 57.2368539904 63.1358715742 60.5243251538 53.5947426755 29 49.5459691536 49.7820599374 29 29 29 69.8597318996 29 59.8375180615 48.311816665 48.311816665 48.311816665 29 29 54.6839440235 71.7258689393 71.7258689393 49.1794425705 49.1794425705 51.3384307373 54.1029592172 54.1029592172 54.1029592172 43.4964435642 43.4964435642 60.5211980178 60.5211980178 73.160596192 73.160596192 73.160596192 64.3706090649 60.7199216048 60.7199216048 29 73.461247276 29 29 29 57.736153207 37.2637924353 37.2637924353 57.3874499766 0 0 0 0 0 0 0 0 0 0 0 0 0 0 0
42.896119694 48.6394776625 48.6394776625 29 29 29 71.7253259408 71.7253259408 71.7253259408 69.7731184463 87.0338538282 50.4043707709 50.4043707709 54.2743448377 54.2743448377 74.5941379593 69.8871641571 53.5947426755 53.5947426755 53.5947426755 29 49.7820599374 49.7820599374 69.8597318996 29 69.8597318996 59.8375180615 59.8375180615 59.8375180615 48.311816665 76.3588561958 29 71.7258689393 54.6839440235 71.7258689393 71.7258689393 55.7019518021 29 51.3384307373 54.1029592172 87.1145892685 29 29 43.4964435642 29 60.5211980178 29 61.2004907253 29 29 29 55.6044993638 55.6044993638 55.6044993638 48.8629458349 29 29 57.736153207 37.2637924353 57.3874499766 0 0 0 0 0 0 0 0 0 0 0 0 0 0 0 0
29 48.6394776625 48.6394776625 48.6394776625 29 29 29 29 29 29 29 50.4043707709 29 54.2743448377 69.8871641571 61.33064803 63.1358715742 53.5947426755 53.5947426755 29 29 49.7820599374 49.7820599374 69.8597318996 29 29 29 29 59.8375180615 76.3588561958 55.8598743396 29 29 71.7258689393 29 71.7258689393 29 29 29 87.1145892685 87.1145892685 87.1145892685 29 29 29 29 29 29 53.5827621963 53.5827621963 71.6657137796 61.6206370666 55.6044993638 60.9821373683 29 29 66.9575347672 0 0 0 0 0 0 0 0 0 0 0 0 0 0 0 0 0 0 0
29 52.8453923244 52.8453923244 52.8453923244 29 29 29 29 29 29 29 29 29 29 48.4889106119 48.4889106119 48.4889106119 29 29 29 29 29 29 29 29 29 29 29 55.8598743396 55.8598743396 55.8598743396 55.8598743396 29 29 29 29 29 29 29 29 87.1145892685 47.7884820218 29 29 29 29 29 29 53.5827621963 53.5827621963 29 59.2744925745 59.2744925745 59.2744925745 29 29 0 0 0 0 0 0 0 0 0 0 0 0 0 0 0 0 0 0 0 0
29 29 29 29 60.7323955219 29 29 29 29 29 29 29 29 29 48.4889106119 48.4889106119 48.4889106119 29 29 29 29 29 29 29 29 29 29 29 56.9931101958 55.8598743396 56.9931101958 29 29 29 29 29 29 29 54.4953208012 57.5003932538 59.9611868608 59.9611868608 29 29 29 29 29 29 29 29 46.8914365824 46.8914365824 46.8914365824 59.2744925745 29 29 0 0 0 0 0 0 0 0 0 0 0 0 0 0 0 0 0 0 0 0
29 29 60.7323955219 29 47.4251416434 47.4251416434 29 29 29 29 29 29 29 29 29 48.4889106119 29 29 29 29 29 29 29 29 29 29 29 29 29 29 29 66.6604074937 29 29 29 61.3696901476 68.9596443649 29 57.5003932538 57.5003932538 57.4488735202 57.4488735202 49.642972839 29 29 29 29 29 29 29 68.5401027864 46.8914365824 46.8914365824 46.8914365824 29 0 0 0 0 0 0 0 0 0 0 0 0 0 0 0 0 0 0 0 0 0
29 29 29 47.4251416434 47.4251416434 47.4251416434 29 29 29 29 29 29 29 29 29 46.4930258425 46.4930258425 29 29 29 29 29 29 29 29 29 29 29 29 29 29 29 45.6899758393 29 29 68.9596443649 68.9596443649 68.9596443649 54.4953208012 57.5003932538 57.4488735202 57.4488735202 29 29 29 29 29 29 29 29 68.5401027864 68.5401027864 68.5401027864 29 29 0 0 0 0 0 0 0 0 0 0 0 0 0 0 0 0 0 0 0 0 0
29 29 29 29 47.4251416434 63.7577619424 29 29 29 29 29 29 29 29 46.4930258425 46.4930258425 46.4930258425 29 29 29 29 29 29 29 29 29 29 29 29 29 55.0487116499 29 45.6899758393 29 29 29 68.9596443649 68.9596443649 29 29 66.5458498276 66.5458498276 66.5458498276 29 29 29 29 29 29 29 57.1643813944 68.5401027864 68.5401027864 29 29 0 0 0 0 0 0 0 0 0 0 0 0 0 0 0 0 0 0 0 0 0
29 29 29 29 29 29 29 29 29 29 29 29 29 29 60.1324081579 60.1324081579 60.1324081579 60.4309790394 29 29 29 29 29 29 45.3135064396 29 53.2578438559 53.2578438559 29 59.1361446717 29 45.6899758393 45.6899758393 29 29 29 29 29 29 29 29 49.0345086892 29 29 29 29 29 29 29 29 42.9304076004 57.1643813944 29 29 0 0 0 0 0 0 0 0 0 0 0 0 0 0 0 0 0 0 0 0 0 0
29 29 29 29 58.1379919283 58.1379919283 29 29 29 29 29 29 29 29 29 60.4309790394 60.1324081579 29 29 29 29 29 29 63.8564475129 63.8564475129 29 53.2578438559 53.2578438559 29 29 29 29 29 29 29 29 29 29 29 29 50.1857430622 50.1857430622 50.1857430622 29 29 29 29 29 29 29 42.9304076004 29 29 29 0 0 0 0 0 0 0 0 0 0 0 0 0 0 0 0 0 0 0 0 0 0
29 29 29 58.1379919283 58.1379919283 43.785826771 51.221597958 29 48.8442499518 29 29 29 29 72.913267407 29 64.6329197736 64.6329197736 29 49.4543309112 29 29 29 29 63.8564475129 63.8564475129 29 82.9442380917 29 29 29 29 29 29 29 29 29 29 29 29 29 50.1857430622 50.1857430622 51.9765777473 29 29 29 29 29 29 42.9304076004 42.9304076004 42.9304076004 29 29 0 0 0 0 0 0 0 0 0 0 0 0 0 0 0 0 0 0 0 0 0 0
54.0432612952 56.7158127782 29 43.785826771 43.785826771 43.785826771 56.0923655822 48.8442499518 48.8442499518 29 29 58.5507254498 54.8024595725 54.8024595725 70.5605713594 70.5605713594 64.6329197736 64.6329197736 49.4543309112 29 29 29 29 63.8564475129 29 29 29 29 29 29 29 29 29 29 29 29 29 29 29 29 29 49.7962266111 29 29 29 29 29 29 29 29 29 29 29 0 0 0 0 0 0 0 0 0 0 0 0 0 0 0 0 0 0 0 0 0 0 0
56.7158127782 56.7158127782 56.7158127782 43.785826771 43.785826771 43.785826771 29 48.8442499518 48.8442499518 29 29 58.5507254498 54.8024595725 54.8024595725 70.5605713594 70.5605713594 70.5605713594 29 49.4543309112 29 29 29 29 29 29 29 29 29 29 29 29 29 29 29 29 29 29 29 29 29 76.4790665266 76.4790665266 76.4790665266 29 29 29 29 29 29 29 29 29 29 0 0 0 0 0 0 0 0 0 0 0 0 0 0 0 0 0 0 0 0 0 0 0
54.0432612952 56.7158127782 29 29 29 29 29 29 29 52.1837103529 51.0344572885 58.5507254498 29 54.8024595725 29 70.5605713594 42.0823185391 29 29 29 29 29 29 29 29 29 29 29 29 29 29 29 29 29 29 29 29 29 29 29 76.4790665266 76.4790665266 29 29 29 29 29 29 29 29 29 29 29 0 0 0 0 0 0 0 0 0 0 0 0 0 0 0 0 0 0 0 0 0 0 0
29 29 29 29 29 29 29 29 29 29 29 29 29 29 29 29 29 29 29 29 29 29 29 29 29 29 29 29 29 29 29 29 29 29 29 29 29 29 29 29 77.2949310308 77.2949310308 77.2949310308 29 29 29 29 29 54.1541014985 29 29 29 0 0 0 0 0 0 0 0 0 0 0 0 0 0 0 0 0 0 0 0 0 0 0 0
29 29 29 29 29 29 44.7938903857 44.7938903857 29 29 29 29 29 29 29 29 29 29 29 29 29 29 29 29 29 29 29 29 29 29 29 29 29 29 29 29 29 29 29 29 77.2949310308 77.2949310308 29 29 29 29 29 29 29 29 29 29 0 0 0 0 0 0 0 0 0 0 0 0 0 0 0 0 0 0 0 0 0 0 0 0
29 29 29 29 29 29 44.7938903857 44.7938903857 29 29 29 29 29 29 29 29 29 29 29 29 29 29 29 29 29 29 29 29 29 29 29 29 29 29 29 29 29 29 29 29 73.7688318056 77.2949310308 73.7688318056 29 29 29 29 29 54.1541014985 54.1541014985 29 29 0 0 0 0 0 0 0 0 0 0 0 0 0 0 0 0 0 0 0 0 0 0 0 0
29 29 29 29 29 29 29 29 29 29 29 29 29 29 29 29 29 29 29 29 29 29 29 29 29 29 29 29 29 29 29 29 29 29 29 29 29 29 29 29 29 52.6835333032 29 29 29 29 69.8298233134 29 61.1257725717 61.1257725717 29 29 0 0 0 0 0 0 0 0 0 0 0 0 0 0 0 0 0 0 0 0 0 0 0 0
29 29 29 29 29 29 29 29 29 29 29 29 29 29 29 29 29 29 29 29 29 29 29 29 29 29 29 29 29 29 29 29 29 29 29 29 29 29 29 29 52.6835333032 52.6835333032 52.6835333032 29 29 69.8298233134 69.8298233134 43.6052637506 61.1257725717 61.1257725717 61.1257725717 29 29 43.484659431 48.2995619474 0 0 0 0 0 0 0 0 0 0 0 0 0 0 0 0 0 0 0 0 0
29 29 29 29 29 29 29 29 29 29 29 29 29 29 29 29 29 29 29 29 29 29 29 29 29 29 29 29 29 29 29 29 29 29 29 29 29 29 29 29 29 29 29 29 29 69.8298233134 69.8298233134 43.6052637506 43.6052637506 29 29 29 29 78.0827832891 50.601321614 51.4579509686 51.4093329249 0 0 0 0 0 0 0 0 0 0 0 0 0 0 0 0 0 0 0
