Spatial_Output/BAU/BAU_1134.asc
NCOLS 155
NROWS 192
XLLCORNER 196307.867259
YLLCORNER 449144.565805
CELLSIZE 33.573938
NODATA_VALUE NaN
[rows 50 to 74 of 192, columns 0 to 55 of 155]
29.747289709 30.6211734334 29.095161606 30.312555536 30.7515449813 29.7046722359 31.9832321252 30.3791152704 29.7054382255 28.6800217231 31.7937514258 29.5626225075 29.5127541419 31.0598712288 29.0332531975 31.4630897931 31.6969643114 29.0891453041 29.3670226283 30.631494918 28.6888700541 29.3944041746 28.7938018542 30.6196378093 66.2000105481 66.2000105481 45.7655975348 30.3040249415 29.471472226 29.7469170481 89.9281136133 51.8406521579 89.9281136133 29.3223075739 58.0394959461 29.8793554071 30.0887775531 58.7757562695 30.8010039896 58.7757562695 31.6572628217 29.6042918766 30.5521256031 31.1278428876 31.3891126025 30.1701527019 29.4959500117 30.206301394 29.1843834838 29.6818466844 28.771525437 31.5050736393 30.9996402404 28.9415822262 28.9626155954 30.1128024699
31.3239069714 28.6872576399 31.2779232092 28.9515304702 31.4317323221 30.6580630963 30.7597080996 29.5113358649 31.5648899329 29.2035731778 29.7912357739 31.2496212812 30.7793642898 29.1349391048 29.5603460418 31.1673791326 29.9973634124 28.9566634905 29.8755792984 30.4038053862 28.8484807381 30.2187929732 29.6590002353 76.2716746333 76.2716746333 66.2000105481 66.2000105481 45.7655975348 30.064515348 43.4561942254 51.8615073039 69.1878835055 57.0309470127 58.3691364805 50.6151493329 31.6298876725 28.5603388536 67.4446100828 67.4446100828 67.4446100828 29.5276555197 29.7898764859 30.7360270436 31.9517742859 30.0743023959 29.7127601289 30.1353063593 29.5753394077 28.5799058496 28.877028724 30.952597311 31.1853077651 30.1898197956 29.2363035222 31.2626711324 29.3202095457
31.8442078622 30.8952894518 29.2474663465 29.4190977889 28.8944306783 30.6040070081 30.421543857 29.0031203272 30.1785468532 31.9670729147 30.6053798856 31.733528574 28.8481807002 29.9524608644 29.8598309649 31.8122039064 28.8844548484 29.3815393975 31.0880499862 30.4545051106 28.9696485911 31.6317580906 54.7774607227 76.2716746333 76.2716746333 76.2716746333 45.7655975348 28.5651232322 43.4561942254 43.4561942254 70.2746973036 58.7040571918 47.4510409676 47.4510409676 59.3603295328 59.3603295328 30.3961171556 69.2737931171 67.4446100828 69.2737931171 29.9426616426 29.8373001099 30.0226099116 28.6394722647 45.3029175371 66.2385751364 66.2385751364 56.5177163717 56.5177163717 65.097326469 62.3296726855 62.3296726855 30.6570425005 47.3084516625 62.8142088716 29.5771044901
28.8414840435 29.5771196207 31.004846791 30.4875780414 29.8168616026 31.0451170041 31.1573492229 31.2560065994 31.4247755909 30.9108803168 29.2718881856 30.1221357498 29.8753749293 31.7382822817 29.0123241501 31.9871350943 30.1429971722 31.2781318458 31.3081870093 29.3812778832 31.8282924747 28.9935063773 50.0202679915 68.1792344237 76.2716746333 28.7438526101 30.9392972395 31.5710348679 30.9338479378 43.4561942254 70.2746973036 58.7040571918 47.4510409676 47.4510409676 59.3603295328 59.3603295328 30.6488334199 52.1114833525 52.1114833525 30.8349493891 29.1122662189 30.2585150781 31.7109983063 28.5207917711 45.3029175371 66.2385751364 66.2385751364 56.5177163717 56.5177163717 57.1926347799 62.3296726855 29.1814638654 62.8142088716 62.8142088716 42.6529524435 49.3394265373
28.5081479631 31.1429323006 30.9289240043 30.4844229549 30.7258543449 31.6190452977 29.5260085042 31.9563642333 29.6770230483 30.7629594968 28.6054450251 31.026773756 29.0201907481 28.9433137681 29.584579547 30.7219999958 28.9101404217 30.1374124294 28.7777544224 31.7706658038 29.0040965603 30.9526498343 68.1792344237 68.1792344237 68.1792344237 30.7358304366 31.0170396326 28.6795949231 30.1092252692 31.0480247924 29.3577086285 55.2481600752 47.4510409676 58.3691364805 31.2546472375 30.1051528048 41.7142289538 52.1114833525 52.1114833525 52.1114833525 30.7796111184 29.3823073604 28.8628895879 31.3993636207 45.3029175371 31.2368977672 66.2385751364 31.2716549284 31.3241706595 29.4049285685 62.3296726855 30.521269536 47.3084516625 48.8609651527 48.8609651527 48.8609651527
0 31.5740297023 31.9740917469 29.3734407824 30.8132495188 30.6970918935 29.6968407599 30.4037238253 28.8840385308 28.9557045558 31.9018627248 30.572503138 29.3792087179 28.9754113729 29.2494956011 31.2714940801 30.3026923762 30.4923903432 31.1813665319 30.9923314214 30.6706695118 31.4792574561 47.0431924645 58.8744298836 48.4375801389 48.4375801389 30.1139819697 29.7142319554 31.6361150451 29.0149375541 28.6029812235 55.2481600752 55.2481600752 31.1311985441 30.3447358974 30.2874599253 31.5529789367 29.8557751977 30.6001817088 49.8632126172 49.8632126172 49.8632126172 46.5932708668 31.8499282423 28.663878316 28.6526971892 31.370985266 31.8808974204 29.0888733522 31.4214267979 30.3132456679 30.5966574464 29.711797186 28.5286628938 48.8609651527 48.8609651527
0 0 31.4018203551 28.6027895321 30.5814908753 30.1416205839 30.6930799487 29.985947827 28.8065919713 29.0504410221 28.9050221167 30.4622732468 28.7800870565 29.7129930815 31.9506995714 29.2401452144 30.8503687926 29.7018216624 31.8864322063 31.7250064428 29.3869947231 30.9367378658 29.63508937 48.4375801389 48.4375801389 59.2938650083 31.9994584297 30.2450256835 30.1370950259 28.5197977447 31.8803398987 30.7184687959 31.695611434 31.8235509178 29.5543885941 29.1552521083 30.1535891803 28.5674571318 30.1191585822 31.6191159394 31.7551788042 46.5932708668 31.0833516106 31.4761188049 31.643316702 29.3869049479 31.0440553212 31.2477921369 30.3367828324 30.3365675504 30.3669459707 29.1938993726 31.3123908957 29.2338599382 29.8532360483 30.7362777186
0 0 0 30.5232927757 31.1337714454 30.7414544773 30.361166884 29.4199639772 31.4028970321 28.951158141 30.7060479193 29.0684683071 31.8251211327 28.7675778146 29.1149291351 29.0439322404 30.6650468819 29.3922553659 28.9998432336 30.5203395418 29.0284911961 31.0804089341 31.7219716281 31.2412314131 59.0954926925 73.7909281599 73.7909281599 31.9381338889 29.849092792 30.3062094988 31.3520220822 30.1268423483 28.708919631 31.7479511266 31.2963065646 28.942460359 31.8288670269 29.8335000115 30.4444256911 30.4775262631 29.390674202 50.3331881071 30.7568760761 29.7997818038 29.4952099132 29.7686394134 31.5886103129 29.8475337511 29.7980679532 31.1940235376 29.9040199181 30.9250863083 30.8498022196 29.5476917161 29.8367266218 28.587271077
0 0 0 0 28.8556638922 31.8319153355 31.4862276488 31.3862252724 30.7566790607 30.6207545183 29.0394264372 31.7541302277 31.2363706488 30.7907329379 30.9462490587 31.5375624537 30.2570536262 29.5526358794 30.6152776295 29.8714212888 31.4418696872 31.5149236283 29.388479128 30.2745579633 73.7909281599 73.7909281599 73.7909281599 29.1308225124 31.9067809862 31.4160327542 31.8316634115 28.5550889729 30.6687906506 31.7500441079 31.1126675305 30.4963381656 29.6302793628 29.2060858195 30.6480446213 31.7451646977 28.874376902 28.5417149834 30.7672185689 29.2851338877 29.3316096868 29.7261019528 28.9807661474 31.3142696056 31.3079966386 30.1965274163 31.1265758816 28.7703187864 30.9649835473 29.0723395951 30.7250163476 29.2360076294
0 0 0 0 28.6805717026 31.9732944697 31.5851778058 30.9723598332 29.1242628894 28.7020632988 31.7072670509 31.4717148565 31.7984220322 31.212956537 31.1967951479 32.0063422972 30.9228256793 29.11082562 30.8103685845 31.4217779961 32.0306040795 31.3401999112 29.0035979855 31.7056496494 42.2404424233 30.1063361116 28.8017396673 31.1938386808 30.1973145004 51.5360314472 56.2497220327 61.1144942652 30.651603083 28.5114102568 31.3922195507 58.060798822 59.0652311102 59.0652311102 30.5026248839 31.3327744272 30.5379309329 31.381989299 30.7139537678 29.2296609797 29.4961628399 31.9835467089 29.0545420235 31.0452670135 29.4967387781 28.7560327845 28.5833200108 30.3611063756 29.9697614754 30.4870589059 31.1753032305 29.8296314438
0 0 0 0 0 29.0000165256 28.7021791888 29.4440861899 30.6408394689 30.9763754389 31.1073723651 30.3680886512 31.0224577181 31.4725879734 31.0344764172 29.7452714723 31.716871488 29.1395972996 30.8262319989 28.5108348807 29.7377939649 31.3387109183 28.9137099901 31.1700868272 30.2963840878 29.5785184611 28.756775431 69.7254045794 30.1471756798 56.2497220327 56.2497220327 70.5949091062 70.5949091062 31.7403424171 31.452828831 58.060798822 58.060798822 28.9138904278 30.2287019335 55.7132185221 55.7132185221 55.7132185221 30.2260401805 30.9412412425 30.3035224042 31.1050986823 30.9201859831 28.7342487013 28.8077028938 30.7349239675 28.7041853785 28.6895258292 31.1860205838 30.8403478528 28.9051196423 29.3823576527
0 0 0 0 0 30.9974115805 30.2259885302 30.2690281541 31.2847853644 31.6378459328 29.8852717423 29.1000618205 31.9055894961 29.913342291 29.3941606746 30.5466122897 29.7470144229 29.8361891503 31.3316958859 29.5111671303 29.6518053707 29.2318968531 30.188716891 31.9918218911 28.7456775618 53.8620451412 69.7254045794 69.7254045794 69.7254045794 53.5783532223 56.2497220327 70.5949091062 70.5949091062 31.6769536177 30.6675724911 58.060798822 29.6719279523 59.0652311102 30.6418288173 28.5440338479 55.7132185221 55.7132185221 31.2510533035 30.8228205303 29.0780571584 30.0945600026 28.8591424399 31.750797518 29.2115211856 30.8556865685 28.8819792643 30.0687698203 31.6762512019 30.1948170441 30.8331114411 31.8946381479
0 0 0 0 0 31.5241013719 29.3686204095 31.7178516754 29.1744792579 31.9761033874 30.5057756715 31.815831173 29.1743544711 31.6275811569 31.1691329605 30.1518815969 31.8861541852 30.6807013201 29.0496299089 29.4657618738 29.5161646919 28.8110116577 28.5793190313 28.9198902953 31.9495044151 60.7295298311 69.7254045794 69.7254045794 69.7254045794 53.5783532223 56.2497220327 61.1144942652 70.5949091062 31.2106070755 28.6361051228 31.3676466986 30.2079045998 29.631136247 31.8572914952 31.3224626503 53.4048345075 53.4048345075 30.7194951376 29.3082782599 29.1472310833 31.4295174085 30.3464122618 29.2383931847 31.6187173496 28.8459269598 29.8308809587 31.7117649706 28.7985224144 29.8637394147 29.8784283248 66.2224434254
0 0 0 0 0 0 28.5197331435 28.6370439275 31.4169666905 29.1842899946 29.5405725909 31.3745630229 31.475833539 29.6537937049 30.3660439243 28.6747726508 31.4245617943 28.8278803496 29.2298063858 30.5346009475 30.9653355319 30.8967177465 30.7866711053 31.040066698 29.5775386009 29.772988231 70.6316724858 70.6316724858 70.6316724858 30.5782433265 31.9726166291 28.5707781012 28.5055272259 30.2354044432 30.2482006702 31.2124179766 29.487225969 31.0353771924 28.5443174561 30.4427328986 53.4048345075 53.4048345075 31.3205679991 31.1396015388 29.2199581639 31.0340643107 31.5719806548 28.5591712949 30.2561601866 28.8489356973 28.8016980363 30.6536111447 31.1721235237 31.4689005363 30.1970570148 30.5024981445
0 50.6543402332 61.609138521 63.162841419 90.4520669693 90.1341036086 90.1341036086 30.8141979871 31.897086029 32.0225104099 30.8045707867 29.715817849 29.0098717621 31.3770587897 28.703339303 29.1180112179 31.7395041971 29.0501485988 28.9977590595 31.4261516047 31.9814354638 30.2377165429 29.6661392522 31.3087775519 29.635358297 31.468837924 70.6316724858 70.6316724858 48.2285231497 31.9263338662 29.1107470424 30.0380290582 31.9035038921 28.9807211414 29.2453030163 29.9608193927 28.9130680556 29.7435164329 29.0047265995 55.4425522541 55.4432566915 55.4432566915 31.6329282262 31.8071223072 28.9072453389 31.9146636416 28.908146812 28.6934124159 29.5349236293 30.8241518279 31.0381267486 32.0095396347 29.7293955897 29.0799189238 29.2049766389 28.5274019668
0 61.609138521 63.162841419 63.162841419 90.1341036086 39.6021893422 39.6021893422 39.6021893422 29.2091873993 29.5865197733 29.5523048845 28.9253375064 28.7402737357 31.233920947 31.7773824752 29.7348167461 31.1982616655 29.987396358 31.1397033212 29.8898646743 31.8712564872 30.3044617117 28.9172767466 29.5150709815 29.1003096147 31.1838191056 48.7288721458 48.2285231497 48.7288721458 31.0791569359 30.2707709378 31.0938990111 30.790636472 31.2574570705 30.9064316462 30.9740196049 30.7081433557 31.5356419337 30.1184584865 55.4432566915 55.4432566915 55.4432566915 55.2127399931 30.0708917111 29.995616339 30.4724353725 28.5331239068 30.2311306979 31.3891198947 30.3820924526 29.3607234694 28.9397319738 31.3190945577 31.8352120563 31.9914729001 28.5585401279
0 60.2311324439 61.609138521 63.162841419 90.4520669693 90.1341036086 74.275901 62.0857569605 74.7735687732 50.6038668986 28.7274912161 28.878880763 29.6560727846 49.5076031869 29.8591575033 31.3557995638 65.6266942407 53.1959611992 31.3208329421 58.9938065639 75.0836031284 47.2879532344 62.9659733354 59.6668971222 78.838182912 52.8215614158 54.9138824384 76.7271746211 76.7271746211 44.6851981362 67.6473696226 30.7026865598 31.7652876986 31.0828718344 28.6945471385 30.1426176965 28.610365982 29.0413408796 29.6817997358 28.9017714004 56.4352218117 56.4352218117 56.4352218117 30.3100841303 31.3763491998 28.6792174233 31.9964186019 29.865765873 30.1988145117 30.6900307605 28.8796587481 31.7124976312 28.6555267014 30.7506670636 31.4277912511 28.5006900747
0 55.5515852258 66.955291266 64.8259697656 63.8525543335 58.4784341554 58.4784341554 57.9912360153 50.6038668986 55.0344522104 55.0344522104 29.0675137982 55.6617335818 55.6127766406 55.6127766406 28.6055291773 53.1959611992 65.1162183232 65.1162183232 75.0836031284 75.0836031284 47.2879532344 47.2879532344 62.9659733354 52.8215614158 61.7537675202 54.9138824384 51.1542320243 44.6851981362 44.6851981362 44.6851981362 29.9162206851 31.3979873036 29.4458909078 29.6117163004 30.6404549618 28.5937707768 29.3884337391 31.6833189202 31.143334027 53.7657769734 28.9061568944 28.5238343243 31.4936379417 29.0206822312 31.3530412238 29.5107808801 31.1776108269 28.8036419126 31.9378425294 30.0387879604 29.3454010667 29.4357949646 28.9315350469 28.8595566402 28.8173951716
55.5515852258 66.955291266 66.955291266 63.8525543335 63.8525543335 58.4784341554 58.4784341554 66.6007808876 50.6038668986 55.0344522104 55.0344522104 56.0582490586 55.6617335818 55.6127766406 55.6127766406 29.3872863625 53.1959611992 65.1162183232 65.1162183232 75.0836031284 75.0836031284 47.2879532344 47.2879532344 59.6668971222 52.8215614158 52.8215614158 51.1542320243 51.1542320243 55.5448935683 44.6851981362 67.6473696226 30.5046479344 31.2598577437 56.6850201048 59.9036619791 59.9036619791 59.9036619791 31.7443842338 28.5408948268 31.3399263274 28.95795377 49.9767592555 29.5252180198 30.4371907069 28.8350018021 28.8773847765 29.4487914916 31.0996166452 28.587390749 29.9917388539 28.7447552091 30.209146455 31.7120644025 31.1706963937 30.1491212236 55.3536692559
0 55.5515852258 66.955291266 64.8259697656 63.8525543335 67.4492491098 58.4784341554 57.9912360153 66.6007808876 50.6038668986 55.0344522104 29.9620451063 30.181135024 49.5076031869 31.2750201663 29.8544017727 30.9318969265 30.0547141554 30.4632903936 28.857535206 31.624127044 31.2473675318 30.6848605206 31.6384469104 31.8581491791 30.1632689804 28.8030386956 47.7612471032 47.7612471032 53.3173949853 30.9901072254 29.3664405912 29.3565588535 28.713197589 59.9036619791 59.9036619791 31.613950346 31.0389171668 29.4719718266 29.9789425958 31.8495802327 49.9767592555 29.9555840373 29.622779979 28.864844365 31.4214486127 31.3005573261 31.6131084966 31.0579567678 29.8662802069 31.0993003118 29.1692088659 31.6935705479 28.9876264659 30.9860998752 32.0216946946
0 0 0 0 0 0 0 0 0 30.9788924332 31.6240125459 29.8718835101 29.8222743954 32.0012665403 28.5351717936 29.5695908294 30.6867095398 31.2665753242 30.990904885 31.28241877 29.4389287377 30.783307444 29.3182505791 31.6974426716 29.5584884099 28.6104059088 47.7612471032 47.7612471032 47.7612471032 47.7612471032 71.8893009356 30.325305602 28.725886258 31.3880041796 59.3566239589 59.9036619791 31.5947211457 29.7596809493 29.9557583528 29.3315801795 29.8976908768 80.1579338309 31.6931189284 31.2572401681 31.439816598 28.7247541295 28.5116539968 29.8597465015 28.8950152963 29.2825878458 29.2668114703 30.143623154 29.825856415 31.5634189866 30.0669727471 30.9804066906
0 0 0 0 0 0 0 0 0 31.0323187108 29.3169932131 28.5011249867 30.9753814458 30.9320262692 28.5649400715 31.9088991822 29.8042833192 30.1420889484 30.2718351134 28.9047446197 30.0637994684 31.1883970495 28.739023708 31.1929637527 31.3627039352 30.2960981152 31.5355831583 30.6987499582 66.5721631077 71.8893009356 31.3386943485 29.4922672725 30.7525093736 30.4519980283 82.7347997201 88.0327636528 88.0327636528 88.0327636528 30.6901485647 29.0690081356 80.1579338309 80.1579338309 80.1579338309 30.4219405432 29.4433550109 31.0490227268 28.9187303304 28.9697468405 29.5710192149 29.7282909842 29.164127355 29.7418653134 30.448779996 29.6745976162 29.5696868899 28.5621586353
0 0 0 0 0 0 0 0 0 30.2633685836 31.2654271354 29.5472564536 29.8770195722 29.2348379041 31.9505222027 30.6804565176 29.7745141862 30.7587628121 31.5788469437 31.5307560566 31.9863838468 30.579433706 29.2204856366 30.3505513989 31.4236353971 30.6996257546 31.5644907787 30.7275224581 31.4093835869 31.0706253812 51.3652453957 51.3652453957 31.8779209921 28.8257461167 29.2594995293 88.0327636528 88.0327636528 57.4643091096 31.5058295627 31.1982787782 29.7169778672 56.9311267454 56.9311267454 29.1504372356 28.7092990354 30.0479673878 28.9460743266 29.8161259741 30.3406260068 29.8700477594 31.2883451664 30.9137834653 29.6483596466 31.8381144825 31.4377489317 29.9439514881
0 0 0 0 0 0 0 0 0 30.2581822135 31.3532429842 30.1439840096 30.0299261386 31.5515903665 30.5035926387 31.2794222037 31.4761076354 28.6109155364 30.0671714496 30.1856813068 31.6593072855 31.2978441718 29.759430254 31.8327828781 29.845539525 28.7546660741 31.7460415855 30.7569154405 30.9715869994 51.3652453957 51.3652453957 53.7404631443 29.9125592861 29.7286569312 31.6518107706 54.2660836082 57.4643091096 30.3768392214 29.3537018765 31.9942496676 56.9311267454 56.9311267454 56.9311267454 31.4725079471 29.285948243 31.38223299 31.5898799079 30.6478227513 28.8887645165 31.1600924592 29.8784862774 30.9020870678 31.167620432 28.8969478958 29.3400271868 82.5088152811
0 69.2314019752 80.1236992038 0 58.3068292644 72.2944043687 68.3628347603 0 0 0 29.2939567439 31.0638082893 30.0738281813 31.99081509 31.7380390453 30.6397649409 31.0100172802 29.0588600539 30.2504762996 29.628001026 31.1870488985 31.740147016 31.5227544248 31.0346442018 30.4215498621 31.6280275996 31.2865963059 30.7436511925 31.4958214792 53.7404631443 51.3652453957 53.7404631443 29.1241663158 30.5278751524 31.6428941013 46.0972108636 60.1581419125 31.1541560652 31.2156677205 31.4435846315 30.0876625388 58.5227136969 30.4381696539 31.870382368 28.7458155666 29.243712393 30.414658758 31.2738194359 31.0822365744 30.675445714 29.8383924257 30.8152889773 31.3276200734 30.9214896692 30.2721568479 82.5088152811
