Spatial_Output/BAU/BAU_0545.asc
NCOLS 155
NROWS 192
XLLCORNER 196307.867259
YLLCORNER 449144.565805
CELLSIZE 33.573938
NODATA_VALUE NaN
[rows 25 to 49 of 192, columns 0 to 56 of 155]
0 0 0 0 0 0 0 0 0 0 0 0 0 0 0 0 0 39.1833568982 61.7286848938 52.6604177004 19.4897843872 20.8924192507 20.8924192507 58.9951019476 58.9951019476 58.9951019476 53.697691626 55.7857430809 26.6466937274 26.9384743663 27.916659063 26.5781577663 28.0562307821 27.2063694354 28.5142140048 26.9667239346 27.8725637153 28.2350298895 27.6517703595 27.9906104031 27.9817903576 26.6286004714 26.9276113688 27.9652365146 28.2755695884 27.142078238 28.2408230024 28.4821726005 28.5776351984 27.2766515205 28.3963903455 28.0897445611 27.6953263278 26.7683591223 27.2208761073 27.9949970276 27.6878899235
0 0 0 0 0 0 0 0 0 0 0 0 0 0 0 0 0 0 0 0 0 28.0368611386 27.7205903751 28.0578639896 65.0079315085 50.7493322931 76.2373876899 76.2373876899 59.7536233317 28.4004152783 28.612171469 27.4893333725 28.1077162381 26.6630394486 26.576084913 28.2697823709 27.5178223692 27.175607316 26.8469672635 28.2269149191 26.816527294 27.3590021786 26.7791621991 27.3001013412 26.5417286362 28.490670679 27.1579088321 28.468045136 27.1760576568 27.4224376152 26.5039189142 26.6244564841 28.1407629679 27.171751055 28.2490433887 27.3595625805 27.9613433751
0 0 0 0 0 0 0 0 0 0 0 0 0 0 0 0 0 0 83.736513865 26.5476222135 26.7310561296 27.9409520587 26.7354850315 27.2274567032 28.2174845474 53.697691626 76.2373876899 76.2373876899 55.6797710477 72.8375824295 28.0500319675 27.4211558963 27.1033924063 27.1063022983 27.4875777214 28.2897687219 27.8916922077 27.1764284721 27.8550245111 27.6428436239 26.7626099339 28.5574385522 28.0911619247 26.5995495517 27.3629200461 26.6256806625 27.2051603911 27.3058853986 26.8956259687 28.5979818336 28.0862762836 26.6393121502 28.1966042279 28.4567404427 27.1711995212 27.0663591128 27.5533436666
0 0 0 0 0 0 0 0 0 0 0 0 0 0 0 0 0 83.736513865 26.6402441406 28.4672685469 28.4922532906 28.1758454624 26.8815491732 28.1714068031 26.5451024042 27.1582837918 59.7536233317 55.6797710477 57.0932688218 57.0932688218 57.0932688218 56.4824625746 28.0289405849 27.0641087652 28.5246194023 27.5789191178 27.8009328433 27.4421280482 26.9158047584 27.4247493579 26.9369329165 28.1627400066 28.3689946199 28.1129924644 26.696882712 27.798170814 27.5060180507 28.2170336798 26.7894998777 27.8517516937 27.964365994 28.1266381383 27.5949216014 27.7740379194 27.5459439431 27.521867148 27.6104056198
0 0 0 0 0 0 0 0 0 0 0 0 0 0 0 0 0 27.865611263 26.6126831869 49.9980079232 54.7481341259 41.0199268062 27.935723541 27.892081903 26.756893966 28.0197767225 27.7373459451 55.6797710477 72.8375824295 57.0932688218 49.9777438856 50.4855180289 50.4855180289 28.3195970408 27.1470595965 27.182624216 26.6889011776 27.213914371 26.7832675638 27.8621015255 28.0944551063 28.1313727178 27.6695906426 26.5549324634 27.3723117538 27.3324016347 28.2820207559 28.2135813321 27.4466262099 27.2429820686 27.6896949839 28.5036695638 27.5297553461 28.3501807683 27.741087642 28.2156434681 28.1178708535
0 0 0 0 0 0 0 0 0 0 0 0 0 0 0 0 26.8218845783 27.9201961504 27.116845474 53.7503853701 47.9299747864 43.7626449724 26.9714011589 27.1168601152 27.4841960656 26.8779590393 26.7784523041 27.0751027632 28.6101729337 49.9777438856 45.9543990142 50.4855180289 48.6378130965 48.6378130965 28.2782315108 26.5608089363 28.1022398968 27.8866271274 26.8800262398 27.8883586565 27.4948516158 28.5092450829 27.3468869301 27.1898600161 27.0548340534 27.2884690004 28.328190772 27.3056697632 27.6403445263 27.8570548879 27.743762183 28.2033154104 27.3779046134 28.0639693582 27.6129394573 26.885564507 26.8026909788
0 0 0 0 0 0 0 0 0 0 0 0 0 0 0 27.4958089212 27.6495153167 27.1769962539 27.8958410781 41.9060108976 54.3490783108 49.9054361192 42.7566249862 26.7403183305 26.9040312736 28.3125719625 26.770709876 27.0121787896 27.4392407834 27.8139142923 28.3428696415 48.6378130965 40.9602849574 40.9602849574 40.9602849574 49.560418585 27.3523212582 26.5942579384 28.31999744 27.8605484877 26.848456727 27.2822165506 26.8777469862 28.14247105 27.2411233627 27.5175582361 27.370746979 26.6042563708 28.0866307507 26.7084945858 27.4850962118 26.8304943791 27.9368671874 27.2577353999 28.4156989047 27.7432687363 26.676199894
0 0 0 0 0 0 0 0 0 0 0 0 0 0 0 27.576051778 26.9693571899 26.7673994338 28.3413094297 45.906352415 50.1358098543 41.9025472774 44.9957015759 26.7113493026 28.0452623111 27.9394403649 27.5944968412 27.5107176956 27.6022810428 26.7880561301 27.3681128299 45.9683691085 41.0669633568 40.91061207 41.6856661602 41.6856661602 26.5957675975 27.2278417708 28.4451608052 27.902885588 26.9973979424 27.6283195609 28.5038823395 27.4399479203 27.7643151077 27.9154018596 26.766899577 26.5430301436 26.9509091156 28.0739562544 27.5405998723 27.3691818843 28.1872331322 26.768154722 27.5673479345 27.7564745384 27.8469110434
0 0 0 0 0 0 0 0 0 0 0 0 0 0 0 26.8460283201 27.9119513626 27.5199114537 26.7444637839 26.8059657078 53.3704286414 52.8018262125 40.1608281245 27.1162833205 28.4028292032 28.3657658446 27.8778023203 27.6807333564 28.1895625077 26.5778724581 27.5899279027 26.831755673 27.7456686787 48.7855132555 41.6856661602 41.6856661602 65.8188489188 27.1002761797 27.1653127897 27.9345429077 27.5774295876 27.4383310239 28.2387286343 27.7926439353 26.6806058534 28.4270232469 27.598717236 27.4723274521 28.5053792079 27.5875886321 27.7104850649 28.1510783975 26.9520328196 27.3206846464 28.4477699944 28.1816496784 27.6885926561
0 0 0 0 0 0 0 0 0 0 0 0 0 0 0 28.5150536143 28.6060912379 28.3047048726 26.700332579 27.8377771836 28.0689442553 28.2258741029 26.6585293199 27.363513571 28.1851330392 27.086397249 27.9563145519 26.870880829 26.8817707655 26.8425852398 27.1215851617 28.1214432684 26.7483922588 28.2907130356 27.1132297752 65.8188489188 43.4766865503 28.1606402813 26.8104546742 28.6168884946 28.4274749073 27.9433690327 27.1811219454 27.0919199379 26.9498304537 27.123126356 27.6571743221 27.1787208038 26.699370896 26.7552521786 27.9142912549 26.5158329852 27.8888584426 27.4081964689 26.993256301 27.2413386758 26.9935866193
0 0 0 0 0 0 0 0 0 0 0 0 0 0 0 26.9815797443 28.0919322843 28.0896144586 28.0009951405 27.6995767808 26.7231981487 26.5649363456 27.8666370363 28.1997903253 28.1740941399 27.5173344765 28.1502480859 27.5227017583 26.9736972966 27.5262309516 26.7735017991 27.9774731047 27.863282858 28.34859218 27.0503740065 45.4732418227 45.4732418227 77.8660475323 27.0265673485 26.974038402 27.3675357349 26.6560322674 26.5845694056 28.3193665837 27.7926742166 27.1439595651 27.2047112441 27.0086399855 27.3453577173 28.4258907248 28.2449700902 27.9698122008 27.5964132185 28.3775132605 28.5027726097 27.169498004 27.4291881453
0 0 0 0 0 0 0 0 0 0 0 0 0 0 28.4692541917 27.94435121 28.4443725385 26.6011263519 27.1477056499 27.3585731768 26.6958514593 27.9288449609 27.6149905811 27.0326276183 26.6898329125 28.5037936591 26.9544735292 28.5901582583 26.8062686503 27.8776934825 27.8224029504 26.8093620446 28.0982478943 27.5170315728 64.0223596984 45.4732418227 45.4732418227 55.1645887128 28.4714151526 28.485103886 26.5312235513 27.8568360098 27.1510915992 28.0400145354 26.5173836154 27.0235827249 27.7217543932 26.8384314472 28.0909814103 27.3609050489 28.4413597219 28.261526371 27.4621065267 28.2922400173 27.8662254185 26.90188322 28.3122749385
0 0 0 0 0 0 0 0 0 0 0 0 0 0 27.8119894889 27.0208978431 27.9843235277 28.2115472168 28.1471594282 27.7675915139 26.9465626701 26.622349816 26.9169876027 26.8085588925 28.1393975317 27.7422654805 27.8573756652 63.4739351995 63.4739351995 62.094356482 26.9715110044 26.7159554398 26.5594423192 26.9601706693 26.6869667316 41.4377331221 41.4377331221 41.4377331221 27.6318508231 27.2306499856 26.7504026743 26.7766967582 27.924635739 27.9567567163 26.835891085 27.33477547 26.6505104452 28.1858780646 27.8969259373 27.1341604641 27.5954783672 27.6612954836 28.6077488217 27.0981560327 27.056741543 27.2055545879 26.8533641134
0 0 0 0 0 0 0 0 0 0 0 0 0 27.7839254614 27.2617121454 27.4244049072 27.2074499993 27.2382528014 27.6459495533 26.7720820294 28.2221094081 26.6589957136 26.6042475415 28.6208777805 28.1718527971 26.6686020681 28.436131106 62.094356482 62.094356482 62.094356482 27.0512441762 28.0049780197 26.8077419988 26.7713964808 26.5420703195 27.8753451463 41.4377331221 70.0223803969 70.0223803969 28.0158661952 44.4206473152 26.5776299324 27.7201855535 28.214182558 28.5901654562 26.9394772934 27.8243523714 28.4969107881 26.9704110071 27.4827932261 26.9383354505 28.4611991302 27.119743964 27.1859566115 27.9513315079 27.2494943672 27.9817533604
0 0 0 0 0 0 0 0 0 0 0 0 27.9112392083 28.4682793938 28.5702876254 28.3759991881 27.1860580633 27.3456061948 27.3144011218 27.8181956669 28.4425229593 28.0830129698 28.1755159999 27.731839402 27.3327836935 27.7605398831 27.3904718061 27.3095538776 49.8579909681 43.5254915565 41.6610623581 26.7615126011 27.3630911899 28.2128901811 26.7798471567 28.6206401603 70.0223803969 62.1512411174 62.1512411174 62.1512411174 26.8249657627 44.4206473152 26.8225491887 26.9758869125 28.321750982 27.0244094871 27.6175323412 27.2132789156 26.6454038477 27.0008745187 27.0303981794 26.7717034794 26.9753276694 27.5626075272 28.3717440328 27.9867423815 27.6905044485
0 0 0 0 0 0 0 0 0 0 0 27.609467805 27.891664676 27.4242557689 26.6865156166 26.9090170953 27.1526527153 27.9050261709 27.6980009147 27.0545465869 26.6612763237 26.5987033103 26.7343151342 26.6459968643 27.2372696054 27.5888325112 27.7862556816 27.8809453131 49.2585708671 53.4403304006 45.3756761653 26.5946930149 27.7011928927 26.960329192 26.9212283527 27.912010815 27.3557765073 62.1512411174 62.1512411174 60.7331086811 60.7331086811 27.1608105291 26.5113425549 27.0923178116 27.050072821 28.3357815715 27.2501158273 27.2816505776 27.2671173039 28.4703878268 27.955005544 27.9081120661 27.9742270203 28.2641212245 27.7538510581 28.0777033912 28.0904016021
0 0 0 0 0 0 0 0 0 0 27.1998124505 26.9417700296 27.6935173333 26.5117983989 27.3803994838 27.6587140427 26.8043656832 28.5510760664 28.128136226 27.7854341247 28.349419908 27.8955812244 27.423981134 28.0103861077 26.7738161084 27.4765873646 28.3718332327 28.5400056476 53.1842933424 41.8093425249 42.7333359838 71.3580906171 28.1084569974 27.6623349858 28.3751666424 28.0945016367 27.0924805387 27.1133507291 60.7331086811 45.8918976059 53.1474188976 27.8066002785 27.6404385394 27.9408327099 26.9929032262 27.1844244873 28.0063486378 27.6629244537 27.2496351116 26.7060242338 28.4551902821 26.6418903615 28.3795028871 26.7777856312 28.4391169307 27.0849474 28.4575724401
0 0 0 0 0 0 0 0 0 0 27.4847526044 28.2515546269 27.0590019584 27.6018546322 26.6039643914 27.7810563767 28.2984674665 27.7110440578 27.8245212725 28.2178853496 26.7302768172 26.7302106723 28.3951140838 27.834557227 27.1668903133 28.3446505755 27.9416298892 27.9952642432 52.0639098109 47.7031703359 50.829985076 28.0619362672 28.3940153878 27.6635678936 26.9717402469 27.823451063 26.7155701578 45.8918976059 45.8918976059 45.6768197169 45.6768197169 26.8677943848 28.2050792627 27.2058250864 26.6432104752 26.566870435 28.2002567887 27.0067803656 27.9077093915 26.7964250337 26.6963625557 27.6281634157 26.6241805678 28.1243183143 27.8723115207 28.3195906753 28.0490597804
0 0 0 0 0 0 0 0 26.5634936983 28.2184043222 27.7204590856 27.6802092633 27.6462496385 26.6195564651 28.2775324974 27.5670556538 28.5240961468 28.5591577629 27.6030307451 27.3149795752 26.6784867338 27.024258217 28.249375845 26.7360443247 26.628473439 27.7208821007 28.0091161647 27.3340827933 26.681067316 46.19558025 53.814906049 53.814906049 27.118355814 28.1232583709 26.9548939512 27.1323575468 27.6484359444 51.2479246698 45.6768197169 45.6768197169 45.6768197169 27.135466754 28.2024203865 27.0717937159 28.1601881552 26.504212639 27.4382607102 26.9053910441 26.7547849464 28.4972678311 26.8841644542 28.1556912839 27.5748355445 27.0396145341 28.3147104447 28.14901565 26.7093382306
0 0 0 0 0 27.5453167728 27.4003003039 27.3882063169 26.9978230969 27.7906872745 27.0019218131 26.8710851449 28.109366613 28.5291693655 27.9909291279 27.1280184498 26.7353463378 27.0150719586 26.6269122626 26.8314744363 27.4405568718 27.3896955696 27.1549494325 26.7313918094 27.9756026977 26.6514188024 27.4298668201 28.5082190226 27.7198857582 53.814906049 53.814906049 53.814906049 28.2661941869 28.4058074013 27.215598641 26.863279922 28.3638369707 26.6485204982 63.879852024 27.7074636457 27.8750920391 26.9334836178 28.4886606317 27.12255007 27.9705726263 27.2962206842 27.9888879237 26.7271765586 28.2172456177 27.8885924425 27.7991131433 28.0157459572 28.0370109526 28.4714868029 27.4873701781 27.596012496 27.8179423054
0 0 27.6287614383 28.53678854 26.7241089845 27.3056176055 26.9074922629 27.7127582613 28.3074803849 28.4167794452 27.9231024616 27.0993213179 27.2220775978 26.7314657457 27.4850153896 28.2579873218 26.7620193271 26.6953446115 28.297712542 27.1627120479 27.6225836698 26.7293684088 28.3391591076 27.0554900781 28.1498323924 27.9692008022 26.9179422365 27.8202255361 26.9288224081 27.5110512677 54.399661536 26.879269983 27.7161004466 28.2548921353 27.1274498976 27.4519294713 26.8950486082 71.322339302 71.322339302 71.322339302 27.9666892278 27.1946564905 26.6012095624 27.845295766 28.6138948778 27.2601575549 28.3239935625 27.3242809176 28.3396217663 28.2139781806 27.3092116032 27.7192099451 28.2077441106 26.8129364872 26.9476330073 26.8886740452 28.5509305474
0 26.8344157659 28.0758887305 28.6038734997 28.4852422865 27.3624201418 27.4202204592 26.5018002433 27.4265621351 28.1149321289 28.2526970158 27.7477907905 27.5637759803 27.3100278096 27.8311907821 27.6234817577 26.9119345446 27.0419160653 28.417561754 28.2652368797 28.5352107031 28.4309264479 28.5473230161 26.8068921045 28.2357072487 27.4438473391 26.9578673369 28.1425233225 28.1129491416 28.0924335531 27.3015772338 26.970078483 27.980266605 28.352698524 27.4972125689 46.6702742596 46.6702742596 56.5499160364 71.322339302 56.5499160364 56.5499160364 26.8389513926 26.6523536486 26.7367899176 26.9608267478 27.4529437117 27.3387654752 26.8880737069 28.1443757755 27.3090746537 27.0782958648 27.7278377961 28.4049430885 26.6782119709 26.5059752388 28.4473737684 28.1462050046
28.461525204 28.3559749308 28.0081656014 28.147913117 27.8843733966 27.5096876808 27.1095713102 26.6292985207 28.5076516601 26.9946765324 26.7238239389 27.6025197112 27.2132658026 28.4754627177 27.3553507537 26.5247300691 28.418898548 26.7610317028 28.1208402075 27.0959897716 28.5272485171 27.3778273775 28.3726653119 26.7209253346 28.3567042947 27.6130589877 28.4486653995 28.5180382901 27.3052057784 28.349035688 28.5194060806 50.9144328455 26.81996228 48.9148320486 26.5228973768 46.6702742596 46.6702742596 46.6702742596 26.5053522746 27.4890733859 27.821334624 27.6761939329 28.0656220848 28.5577316367 26.5947759582 28.0404004481 27.3462967122 26.9846611329 28.6060357496 27.3083271614 28.2739876949 27.6881841743 26.6692033827 28.1222788714 27.3852701745 26.7396382219 28.2989797268
28.334478626 27.6258806997 28.6040486314 27.2701666724 28.2336120589 26.9624900975 27.364508709 27.9038014174 28.322220706 27.8634688304 27.5200757937 28.0599342139 27.9640278793 27.3555284042 28.0466412755 28.1565158858 27.6025482951 28.4892969591 27.2849309738 27.601595744 26.9288388119 26.7769731284 28.1703224583 28.6038884338 27.4319197444 27.5660947341 26.5680717393 28.015872069 28.5297283738 27.033729452 62.4958717605 50.9144328455 50.9144328455 48.9148320486 62.166526261 61.8945724015 26.7987257491 55.0129610415 28.5343299305 42.7339995251 43.488184491 26.5779296077 26.9088529273 27.3405213103 27.9601568524 26.9676858903 27.504002858 28.1260373855 28.0398882724 27.6308175989 26.9103398082 27.4144672615 26.6686223054 27.6570013708 26.6144919716 28.565513775 28.4767564184
27.6684154097 28.4868154635 27.9257446538 27.4909350644 28.2287205882 28.1995466828 26.7127433435 26.9784394037 26.6691236389 27.2274854237 27.295271188 28.0660159903 28.2980356125 28.0860181831 27.178710217 27.5017920528 26.7988159703 28.1390903225 27.2532366214 28.0323139624 26.6996429516 27.8186682577 26.6734251604 27.1865936629 28.3014070912 27.0822388891 27.2898608206 28.5393232486 27.135894798 26.8176151418 28.5330726388 50.9144328455 50.9144328455 48.8933033171 48.8933033171 48.8933033171 28.260543456 42.8099109001 40.1508765277 42.8099109001 27.6190682227 28.120968105 27.501877884 27.4874840047 27.6619470515 26.98148269 28.4747842871 28.2427753417 26.7870756825 27.6411591181 28.213176465 26.5214811088 27.6844692218 26.9111359933 27.4930727069 26.5899947733 28.3998672775
