Spatial_Output/BAU/BAU_0197.asc
NCOLS 155
NROWS 192
XLLCORNER 196769.923733
YLLCORNER 449719.875193
CELLSIZE 27.603701
NODATA_VALUE NaN
[rows 92 to 114 of 192, columns 0 to 52 of 155]
0 0 0 0 0 0 0 46.0841889363 46.3985790867 46.659975984 46.5204575576 46.9787903458 46.6231354297 47.0110791015 46.4213108504 47.4005000393 46.4266115064 46.7559326544 47.2430960521 46.640472193 46.7936296365 46.3253079167 46.1961099852 46.94250012 47.3814883057 46.5431256476 46.6063723868 46.9395434172 46.5218086869 46.4467558328 46.5449660061 46.2847787454 46.6048725649 46.4945497726 47.0669295505 46.3400820219 46.5163725406 46.7740278396 47.0215196773 46.7107743592 46.8090703283 47.1873239616 57.3078186618 57.3078186618 57.3078186618 57.3078186618 46.4804233189 46.6797053504 47.2366300926 47.4135572701 46.2577121038 47.3682139249 47.1438323516
0 0 0 0 0 0 0 0 47.3871011534 46.5933064954 47.1345549292 47.3824814272 46.0527084179 46.641172062 46.9846509853 46.5112337056 46.4146949925 46.5540819268 46.2818238223 46.0415361728 46.6215713135 46.2110572067 46.9558057104 46.4642239699 46.6893253641 46.7114799384 47.3223695948 46.0521706967 46.7875183147 47.3048731224 46.3051585253 47.3267891154 46.9579973301 46.1482915912 46.2719902137 47.1101749469 46.5428648135 46.9637566547 46.3332383629 46.1005814472 47.1576762668 46.1417244318 46.3742069912 46.6949130405 47.1407526531 47.30653504 46.5623787227 46.8072371997 46.0541175033 46.4458767341 46.4761327064 46.981861789 47.2084608353
0 0 0 0 0 0 0 0 0 0 46.5048480723 46.8017011267 47.2797698864 46.9270463885 47.048501367 47.4084539995 46.1884619121 46.6281115976 47.0626582457 47.4039296904 46.1091811766 46.0328969522 47.0219140124 47.4067961047 46.6164884691 47.081164829 46.9111737073 46.7605331266 46.8178132916 46.7536843024 46.3630601465 47.160709838 47.3678753217 46.7150190009 46.0854511208 46.7289729843 47.1642754037 46.9215800696 47.1742888893 46.0462118969 46.6763280818 47.3636089392 47.023456829 47.1112229864 46.001082161 46.8532895978 46.1371222868 46.7364174248 46.1309859144 46.3835532581 46.5045052745 46.3443497951 47.1670848742
0 0 0 0 0 0 0 0 0 0 46.5760801778 46.9162214717 46.8918788222 46.2167947371 46.428465162 46.3299508815 46.7800081856 46.8314987205 46.2825480265 46.7768437108 46.5279992496 46.2559067538 47.3483400336 47.0702473101 46.0126596682 46.9531571642 46.068125496 46.2831076339 46.210623096 46.637843237 46.9585678171 47.2019280458 46.4408645565 46.8511146083 46.4553669012 46.9191871665 46.7076486674 47.0662602741 46.892647318 47.2711256698 46.9065670333 46.2688218907 47.2590092766 46.2685231547 46.4042264421 46.9076578909 46.818436254 46.3993693309 46.984591578 46.8511857766 47.339308489 47.1990431522 46.2526743838
0 0 0 0 0 0 0 0 0 0 46.5021702038 46.8724352831 47.122305638 46.3204817255 46.104305095 46.8382335799 46.1374984579 47.2396676843 46.1573927674 46.4215860825 47.0661667312 46.6657100247 46.8584614218 47.0373151454 46.7872447972 46.1229326575 46.8029747146 46.010584042 46.0159742045 46.4967274025 47.1436249305 46.7641663353 46.3040677341 47.3889550757 47.3961050982 46.5221401197 47.0637986272 46.9613045425 47.3391777967 47.2912610698 47.230526118 46.5797555645 46.9455672027 46.6678023891 47.0088270343 46.4063236594 47.3018773567 46.8166424123 47.0779707059 46.4434432313 47.164099598 46.0954276385 46.7632883117
0 0 0 0 0 0 0 0 46.893291245 46.0176568155 46.7578527314 46.3443493648 47.0798442449 47.2313340265 46.3548920528 47.2701901211 46.2290427915 47.2434788788 46.73343273 46.5436893047 47.0722801377 46.1523383885 46.4117688495 47.0610655076 46.7645472139 46.299624206 70.5607877039 46.700061898 74.0482647988 74.0482647988 46.1663347511 46.248473466 46.8666620609 46.2560925194 46.960313328 46.4289410194 46.8245923705 47.3913166877 46.0060539767 47.0912571083 46.5131096273 73.3694108559 46.3124547536 46.7765779257 46.6711065841 46.241277257 46.7763442351 46.7944640352 46.1788883347 46.7508537073 46.5624052841 46.964306769 46.9466695768
0 0 0 0 0 0 0 47.3090308459 47.1281581873 46.4847129865 46.4343448254 46.4116322148 46.8960680498 46.5945302406 46.5331513595 46.9647290959 46.3384019343 46.237481674 46.504176807 46.7690508945 47.2770162438 46.6620963741 47.3581379263 46.8980238046 46.3237095582 71.9289212406 70.5607877039 70.5607877039 46.3542993946 74.0482647988 46.3371386925 51.3054044549 46.4182822918 47.0845521722 46.4145229183 46.7393197851 47.0100107156 47.3911747685 46.8223366946 46.0603289355 47.1801237207 73.3694108559 73.3694108559 60.372778093 46.1628693337 60.372778093 47.1250804556 46.8542494177 46.4491379949 46.9505226429 46.9994616064 46.8931081673 47.2877521612
0 0 0 0 0 0 0 46.1740659158 46.1320089295 46.6696155582 46.2590201496 46.9656302193 46.1396575615 47.3274772334 46.7013764694 46.9378954262 47.3067587303 46.8815618832 46.7746336172 46.583644187 46.0122289245 46.557965643 46.6259875266 46.527512916 59.1631218048 59.1631218048 70.5607877039 70.5607877039 46.1464692306 46.8411832981 47.1887737045 46.3752149291 46.9722793621 73.7450467683 46.8282557886 47.2443634761 46.3662487798 46.8947366271 46.8776066783 47.3655000297 46.6687031919 47.1893382365 46.1907336241 46.6717765066 76.8080611282 46.8033303388 47.2268322981 47.0491563567 46.6882595443 46.6112659468 47.4082860602 46.6249829083 46.5634583818
0 0 0 0 0 0 0 0 46.2568879242 46.4946785156 46.021152873 46.4214593036 47.2090270518 46.2936468098 47.0121620785 46.5966390423 46.3098335906 46.8388503672 47.3537047104 46.7326952661 46.2504802331 46.2482385867 46.9211095329 46.1052637171 59.1631218048 59.1631218048 47.1163369464 47.2489072919 47.3598131039 47.0612585759 46.4220373152 46.8118975696 47.0501766444 46.4548921406 46.1939640582 46.5945891294 46.2879136471 46.6098651432 46.0304725389 46.4868449577 46.8860426487 46.7816168509 46.7263394796 46.532644817 46.2836423714 46.368033279 47.2225261898 46.309208137 46.860226988 47.2576964147 46.8707903171 46.7563629805 46.1739794843
0 0 0 0 0 0 0 0 0 47.4101690328 47.2936341805 46.7560217642 46.0815246152 46.5287348273 46.9156007991 46.7807493889 46.9627498658 46.0273795295 46.4531708106 46.7393663245 46.638624237 46.0323745683 46.0819091207 46.8059682453 46.7185630776 59.1631218048 46.6781976793 46.6545452136 47.3272378871 46.8440942662 46.7086155294 46.0218489069 47.2507479663 46.9494589709 46.4394977352 47.3626418325 46.6676293288 47.2555821822 46.6844067625 47.2362458953 46.1487923994 46.112848891 46.4571600776 47.2514082816 46.87803168 46.6094715459 46.2398314997 46.883698624 46.7744899384 47.2744783731 46.6069438319 46.6069291173 46.5652476772
0 0 0 0 0 0 0 0 0 0 0 46.1813311301 46.3445255625 46.461523841 46.2381447426 46.8780080717 47.3887295049 46.5263957476 46.1085360669 46.8955388985 46.5016767756 46.5425968015 47.1641367051 46.5076166205 46.1912497881 46.9009997755 46.2493764203 46.6379267855 47.2916165596 46.0994766998 47.219636384 47.1565708574 46.7575160685 47.2042392059 46.5676408247 46.3402585363 46.6721858276 46.6356773154 47.3794562415 46.493241929 46.7210797666 46.9400996102 77.9402649418 77.9402649418 77.9402649418 46.2744187562 46.3926210248 46.4692436402 46.0335401862 46.3416753485 47.1579206854 46.6478464528 46.1525938554
0 0 0 0 0 0 0 0 0 0 0 0 0 0 46.914565891 46.3947778976 47.1604439451 46.5493350352 46.5651019241 46.9699951337 46.2307116154 46.2234372349 46.9066313891 47.0357081967 46.2224294791 46.4011525126 46.5139166687 47.3006992361 46.8944651332 46.4264896457 46.0909020704 46.5684635562 46.1641033814 47.3733486538 46.0758377662 46.4479316157 46.1324046382 47.219881473 47.1024015933 46.1901870561 47.2868135946 46.9571796851 46.7771663971 46.6324424178 46.2723222637 46.293336756 46.9073217633 46.2281733811 47.3164099643 47.0229392283 47.0527647364 46.5989620578 46.329885616
0 0 0 0 0 0 0 0 0 0 0 0 0 0 0 46.534680953 47.2954012095 46.8950593557 46.8021273971 46.5612679462 73.9751277626 46.1592028914 46.6965138022 46.3780188375 46.3156556051 46.9981048904 46.3937875109 46.6833848642 46.1459629842 46.28341386 47.1070757754 46.043692682 46.1334479962 46.5413763581 46.8926987142 46.9516059611 46.5314082876 47.0635773068 46.3776140744 47.0116827521 46.1230852145 46.1276501333 46.4001701514 46.692816898 46.8870695794 46.7466886587 46.6060476142 46.7900296415 47.0670654051 47.1104874014 46.5833960593 47.0764009497 47.060663644
0 0 0 0 0 0 0 0 0 0 0 0 0 0 0 47.137079808 46.680443277 80.4197852396 80.4197852396 46.6092110095 47.3123223491 47.0666303887 46.6503103986 46.486342286 46.0918883966 46.4788369983 46.7245936847 46.9954218433 46.3288897743 47.2174766578 46.46150163 46.7114200079 46.3111455427 46.5656179055 46.3599312227 46.2249263196 46.8211049879 47.3007045061 46.7014845386 46.684502618 46.3242937855 46.3093239749 47.3204663657 46.6927207338 46.7989561459 46.3715987299 46.1989026458 47.0387565293 47.1026658497 46.969110892 47.2674445573 58.7145597193 47.0733286761
0 0 0 0 0 0 0 0 0 0 0 0 0 0 0 0 46.1723041002 80.4197852396 80.4197852396 46.272412986 46.5218438576 46.1894918526 46.5768620974 46.1705443515 46.3921015228 46.4269079616 46.6636919681 46.5307179303 47.018134648 47.3554166557 47.0259099572 47.0609774802 47.0069852707 46.817141032 46.6551779128 47.0665243967 46.7290678742 47.070135825 46.8510577545 46.6639504144 46.6390813899 46.4970788166 47.142272772 59.8834395995 59.8834395995 46.5536252538 47.0851312259 46.7455209235 47.0762943849 46.7759743284 58.7145597193 46.8348995952 46.4656144069
0 0 0 0 0 0 0 0 0 0 0 0 0 0 0 73.9257620428 73.3113260217 79.3362085925 46.2564225595 46.6510365506 46.318248676 46.3140783355 46.3955400051 47.1353484466 46.9562886014 46.0843317313 46.063081079 46.8886237545 46.9450628129 46.865838745 46.3726564585 46.6755848284 46.2611615369 46.7638771671 46.9373417111 46.1215364833 47.3567229042 46.8250016798 46.5470017475 46.8105913742 46.48072521 46.7082416973 59.8834395995 59.8834395995 59.8834395995 47.0590176932 46.6087946362 47.2502866018 46.9736074549 46.1765393812 46.6222006561 46.0637023559 46.73323633
0 0 0 0 0 0 0 0 0 0 0 0 0 0 63.8903279208 73.9785718334 69.8682292756 79.3821132172 46.6550929994 47.2877087179 46.6600943003 47.3171902486 46.5144503701 46.0421260477 46.956569438 46.3606863108 47.3454193381 46.0766001097 46.1773339146 46.7845780625 47.1281859869 46.1940842925 46.4774284727 46.329184114 46.8955551108 47.2981370238 46.8922422328 46.2994606953 46.435853368 46.6108776072 46.3185703248 46.0521370907 67.6804730524 46.7625974631 56.2502586947 46.6977573322 46.474000284 46.9405176626 46.347811591 68.0467064994 68.0467064994 47.060198154 47.4060724628
0 0 0 0 0 0 0 0 0 0 0 0 0 0 0 75.9747153487 63.4059135821 65.7803808344 46.6561116703 46.1709049991 46.3782135884 47.3867940831 46.174694375 47.2421267952 46.8106720168 46.8788530872 47.3173928347 47.0592935559 46.8575556038 46.6621458394 46.3832057089 47.0096550136 46.6025068446 46.2619769789 46.0142647073 47.0739337595 46.7985344165 46.9125466456 47.0294606478 47.2606080462 47.2019894387 47.1636634277 46.1518381968 46.0666254845 46.3558213927 47.3166326502 46.431269304 47.2896797274 46.7072149847 46.3282417459 46.4057529512 46.5447924814 46.2924667544
0 0 0 0 0 0 0 0 0 0 0 0 0 0 0 0 0 46.9879100478 46.883550702 46.7733063599 47.1960815056 47.2911663325 46.2815343815 47.1576403009 47.3695948647 47.0147282885 46.051646057 47.0985731608 46.7108880491 46.2456351023 47.0524619145 46.9260411698 46.5295883204 46.4382285401 47.056838761 46.2149387898 47.4063799166 46.043945754 47.1238677623 46.0933485383 46.7352764107 47.1946968226 73.2073519889 47.0932606633 68.9253253207 46.4574111485 47.0917752357 46.9183838127 46.9462813652 46.3345981287 46.1494859807 46.0219264832 47.3909230627
0 0 0 0 0 0 0 0 0 0 0 0 0 0 0 0 0 46.3205199841 46.407260795 46.928547278 46.304638174 46.3610093928 47.0651783456 46.2449758345 46.7422924017 46.762210104 47.0315860682 46.7022548955 46.5293662157 46.2064589105 47.0723922561 46.5810937049 47.3703136121 46.5593099334 46.8762345949 46.8362760591 46.596186459 47.2916314568 47.1177300322 46.8102934433 46.4871030242 46.3920984233 68.9253253207 68.9253253207 46.9150118118 46.951050331 47.1909510891 47.068612731 46.6303510716 46.4792055126 46.7366275318 47.3413338471 46.6611560731
0 0 0 0 0 0 0 0 0 0 0 0 0 0 0 0 0 0 46.4888377165 46.0110803409 46.3078968506 46.7159073785 46.0560629266 46.4385677628 46.3035420895 47.2861566849 46.1412697204 46.3114694523 46.2829495165 46.9938554601 46.2413074853 46.8379704069 47.0754958159 46.1266167944 47.0648420166 46.1189628819 46.2735978405 46.2828217179 46.9935993138 47.0568101882 47.0272260479 46.5380858128 46.0264409289 76.2061353183 76.2061353183 47.0278582298 46.4228533689 47.2678024085 46.4961921002 46.5110657266 76.8492165329 46.2285716325 46.3870063868
0 0 0 0 0 0 0 0 0 0 0 0 0 0 0 0 0 0 46.9877986452 46.8335036299 47.2160377104 46.6349635842 47.043127103 47.3183418589 46.3717963978 47.1761333229 46.6015373846 46.172607243 46.9492553517 46.9271192172 47.2930319234 46.6261370746 46.8322340651 46.2241655929 46.3636601224 46.8158625915 46.8549233892 46.1155554273 46.58790715 46.9796009681 46.9825793487 46.802848393 46.7424559856 76.2061353183 76.2061353183 46.680944873 46.7577963967 46.2326717643 47.2354941674 76.8492165329 76.8492165329 76.8492165329 46.0845352419
0 0 0 0 0 0 0 0 0 0 0 0 0 0 0 0 0 0 0 46.9095038859 46.6405924523 46.6818779864 46.6117768807 46.7899460303 46.2768288569 46.1462069708 46.3089710496 46.9063354827 46.9704537196 47.2273109244 46.0763109485 46.3940203857 47.1646788389 47.3531490063 46.5010092049 46.7016369071 47.0228644121 47.1572394015 46.6041462826 47.1622564793 46.3654029659 47.0115828564 46.9799118612 47.133014543 46.012005219 46.4314617111 47.3518619979 47.1591133357 65.8807073602 67.4450519618 52.262464289 75.2863556826 66.1195901162
