Spatial_Output/BAU/BAU_0454.asc
NCOLS 155
NROWS 192
XLLCORNER 196769.923733
YLLCORNER 449719.875193
CELLSIZE 27.603701
NODATA_VALUE NaN
[rows 115 to 137 of 192, columns 0 to 52 of 155]
0 0 0 0 0 0 0 0 0 0 0 0 0 0 0 0 0 0 0 0 31.0481587059 30.6180363411 30.5705695241 30.874943411 30.7978997944 30.7876908927 30.9898673722 31.2034871404 31.0729471695 30.6502127401 30.6040737527 30.9474991959 31.1915953249 30.6318497157 31.1196130892 30.7099316756 30.5450232601 31.1984368897 31.0315581639 30.7525949331 31.0179064442 30.9676075727 30.9742295083 30.7747072526 30.5471622363 30.5094109001 30.5332429443 31.2011679497 30.5090840961 30.8508362972 30.8421767071 55.2514481363 50.3385064199
0 0 0 0 0 0 0 0 0 0 0 0 0 0 0 0 0 0 0 0 30.6906314688 30.5842239415 31.1938430848 31.0088963296 30.8050755894 31.1542058295 30.7126592794 30.8988650965 31.1093224656 31.0671285747 30.731118674 30.9477483707 30.5489752555 31.2034390602 30.6009501419 30.7596711721 31.0532628272 30.7980177927 30.9284612075 30.7133974706 31.0173980227 30.5967239823 30.8008182301 30.8412549984 31.0694757227 30.638282295 30.5161568566 31.0746815361 30.8697794477 30.9666398465 30.5716779448 55.2514481363 50.3385064199
0 0 0 0 0 0 0 0 0 0 0 0 0 0 0 0 0 0 0 0 0 31.0902561427 31.0735658728 30.8670040628 30.9507291009 30.6017846112 30.989320223 30.6624631148 30.7711250551 31.0325780416 30.5668417986 30.732933735 30.8425827018 30.9758850985 31.0271988806 30.6492676774 30.9646819405 30.7786572474 30.6418153159 30.8291627076 30.7540919701 30.8114528452 30.7622367859 30.7286927991 30.8932387334 30.7349458223 30.9591727375 30.8675263066 31.110899344 30.7001081952 30.9173324273 30.986189337 31.0660706502
0 0 0 0 0 0 0 0 0 0 0 0 0 0 0 0 0 0 0 0 0 30.8095588837 31.0744018851 30.6040392112 31.1769290578 30.6892215058 30.9762054808 30.7651143268 31.0059927292 31.114740869 30.6766389885 31.1415244289 31.0266329848 30.7614976349 30.8889522863 31.0770278169 30.7579493266 30.6995305112 30.7036423585 30.6598379167 30.5834965279 30.7869036349 31.1704040887 30.9712800545 30.8246875143 30.5630895378 31.1013598224 30.6521103883 31.0906259572 30.9760479013 30.773114454 31.1001857455 30.8694977037
0 0 0 0 0 0 0 0 0 0 0 0 0 0 0 0 0 0 0 0 0 0 30.8731381714 30.8962734806 30.6991205287 30.941112783 31.1565274362 30.8653850216 31.1865026993 30.8703560449 31.0376718028 30.5645857168 31.1844447066 31.1586640292 30.5867166784 30.542977691 31.0224198727 30.6595236288 30.6258877771 30.5304302206 30.8064481578 30.6269774641 31.0520411061 30.8599884211 30.5709347514 30.59172666 31.0570193411 31.0063405913 30.5520671866 31.036753024 30.8143081838 30.7066145253 30.9506259979
0 0 0 0 0 0 0 0 0 0 0 0 0 0 0 0 0 0 0 0 0 0 30.6133655082 30.6085360385 30.7741238597 30.8978666798 30.6946586782 30.5996004075 30.9794598651 30.6706516589 31.1122281163 30.6830752277 30.5602209141 31.0561216022 30.7768688107 30.696293773 31.1764705394 30.5542840874 30.7597512441 30.5189248599 30.8337641932 30.6786107214 30.5914465972 30.6455589937 30.7883335518 30.9313043822 31.1842347364 30.9539274581 30.6306499988 30.5103792061 31.2050537879 30.8167322852 31.1082666252
0 0 0 0 0 0 0 0 0 0 0 0 0 0 0 0 0 0 0 0 0 0 0 30.6222464825 30.917599177 31.1275184455 30.955557428 31.2031483514 30.618400048 31.1373424243 30.858819836 31.1147625453 30.9866225098 30.650994447 30.6557573345 31.1882921056 31.0586939667 31.1548596281 31.1343811589 31.1372660296 30.5597115731 31.0992422496 31.1105374555 31.1948162784 30.8096676166 31.0653068772 31.1223928348 30.5864359561 30.8284878308 31.194700319 30.5102375106 30.9338196147 30.6268363632
0 0 0 0 0 0 0 0 0 0 0 0 0 0 0 0 0 0 0 0 0 0 0 0 30.7914871978 30.8095191403 30.6123023837 31.1418232501 30.5762578535 31.124468526 31.1080890021 30.9218106069 30.6690355295 30.5248030056 30.6154815005 30.8453060498 30.9836700171 30.857234055 30.9874107704 30.5906138787 31.0429096547 30.5339618455 31.0705753274 30.7801244794 30.826639285 31.0388941983 31.1787129364 30.8004665874 30.5582895053 30.8712034121 30.5360834825 30.7858537313 31.1224097607
0 0 0 0 0 0 0 0 0 0 0 0 0 0 0 0 0 0 0 0 0 0 0 0 31.0687813841 30.5968104104 30.926488945 30.8408466995 30.5183658371 30.6878958762 31.0739499404 30.8472875937 31.0894642913 30.7554361244 30.8460323959 30.565139488 30.8499811739 30.7114332717 31.1226344425 30.6468056976 54.8512963268 30.8984880816 30.6885854796 31.0306290122 30.7316943996 30.9076923888 30.5497828399 30.506529232 30.8731700713 31.1537019826 30.6553124967 30.8681810941 30.8736933025
0 0 0 0 0 0 0 0 0 0 0 0 0 0 0 0 0 0 0 0 0 0 0 0 0 30.6098408097 31.1349622143 30.6729897209 30.999733325 30.6191861022 31.1874234875 31.161185902 30.8408848946 30.6301323754 30.9225488873 30.5429646357 31.1793032162 30.8526394857 30.520221818 30.5688454944 30.5014398905 41.8150356654 41.8150356654 41.8150356654 31.1409873233 30.5184205808 30.919630818 31.0641668365 30.6112086219 31.1337939812 30.8784715237 30.7084688998 30.7394262722
0 0 0 0 0 0 0 0 0 0 0 0 0 0 0 0 0 0 0 0 0 0 0 0 0 31.0415236537 30.7300372657 30.9379916461 31.1830688622 31.1405314062 30.7996686938 30.5226612873 30.9530392774 30.6156070264 30.8624658871 30.5309967545 30.8086185452 30.8570970646 31.1900179471 31.0569011399 30.7132597586 30.8642455717 41.8150356654 41.8150356654 30.8925570471 30.568270426 30.5132778299 30.648735495 30.7229460932 30.8891809127 30.5639635334 31.1822044145 31.0497560707
0 0 0 0 0 0 0 0 0 0 0 0 0 0 0 0 0 0 0 0 0 0 0 0 0 0 30.8019833268 31.0301172508 31.1023763846 30.7388342492 31.1003865741 78.1692530865 30.9898393814 78.2468657864 30.9936710501 31.2039887262 30.74924151 30.8335256119 30.8730530711 30.8062452715 30.5641895149 31.0099250695 54.3019574157 54.3019574157 31.1490998827 30.5697429036 30.9654060387 30.5784185686 30.5825308467 30.8527458144 31.048574055 31.1371158172 49.6320545
0 0 0 0 0 0 0 0 0 0 0 0 0 0 0 0 0 0 0 0 0 0 0 0 0 0 30.6545580899 31.0139580057 30.533130354 30.5201661682 31.1597578674 78.1692530865 78.1692530865 78.1692530865 30.8299146204 30.863950154 31.0450241574 31.1559801109 30.7732028675 31.0982549183 31.1339074215 30.5827108047 30.6764980176 31.1917290204 30.6602165429 30.7536233509 30.743053955 31.0504400123 30.7161577619 30.7850373279 30.8673572012 31.1560429141 59.5151921332
0 0 0 0 0 0 0 0 0 0 0 0 0 0 0 0 0 0 0 0 0 0 0 0 61.9461764311 52.1149047156 52.0344233453 30.6938220403 41.7458646385 30.8399937689 30.9796082627 31.0801661148 78.1692530865 78.2468657864 31.0882819521 30.7641290836 30.9345221885 31.1449630617 31.0753399408 30.9315457359 31.2021744483 55.6205665278 55.6205665278 31.1334043122 31.1198567746 30.7886903419 31.1102701436 30.7912810134 30.7720958906 30.9296400153 31.0466907457 30.7423209078 30.6710270887
0 0 0 0 0 0 0 0 0 0 0 0 0 0 0 0 0 0 0 0 0 0 49.1502222016 88.1770979236 48.5606336407 48.5606336407 61.9461764311 41.7458646385 30.9069520487 30.9267883781 30.6690409552 30.8115318482 30.734382201 31.2069928306 30.6127657836 30.8414254158 30.9119311474 31.1812250348 30.5214731652 31.1569215184 60.4036429423 60.4036429423 60.4036429423 30.8966453191 30.7732830148 31.198166031 31.0251316851 30.8407642964 30.9210879411 30.6970386907 30.8057978925 31.0247638411 30.5228046961
0 0 0 0 0 0 0 0 0 0 0 0 0 0 0 0 0 0 71.1799600804 75.5773508072 46.8419539436 46.5960407295 55.4883286105 64.361878008 48.5606336407 48.5606336407 52.1149047156 58.9989740268 30.5556020733 31.1406639889 30.5793577128 31.1301977612 30.5477474179 30.7705605784 31.1327723039 30.597149958 30.5186523848 31.1296354151 31.0371291594 54.3721210377 54.3721210377 60.4036429423 31.0581067333 31.1983093129 31.0279623729 30.9097599683 31.0972467259 31.0126948029 30.7191649955 30.6926850816 30.895573574 31.0498702261 30.8502290889
0 0 0 0 0 0 0 0 0 0 0 0 0 0 0 57.6740583754 43.8364811814 54.2350624983 57.0565427031 75.5773508072 46.5960407295 46.5960407295 46.5960407295 64.361878008 64.4814562454 61.9461764311 58.3494605592 0 0 30.9681297665 31.1609160047 30.8872800787 30.5133836896 30.8054061014 30.8743494542 30.5921850485 30.9045125791 31.1142330916 30.7457443606 54.2605362309 54.3721210377 54.3721210377 31.0403272255 30.8147760807 31.0754908436 30.950891168 30.8288312562 30.946346815 30.5293289837 30.5541232098 30.8905437507 30.6363029095 31.0975937132
0 0 0 0 0 0 0 0 0 0 0 0 0 0 0 56.2003087376 46.4877682369 53.7979426949 56.9082765158 57.0565427031 46.8419539436 46.8419539436 46.5960407295 51.1827963088 74.5552365107 67.0462773359 0 0 0 0 30.6640181347 30.5106968409 30.5649015226 30.5714964628 30.7997411751 31.1674176315 30.7210156138 30.8997429644 30.584181968 31.1527933329 30.5813163862 54.2605362309 31.112707116 30.7219574947 30.905971926 30.5763086656 30.9563460767 30.5548045934 30.6202732821 30.7314415735 30.76559644 30.6220101523 30.922591633
0 0 0 0 0 0 0 0 0 0 0 0 0 0 0 56.4692645674 58.6007758514 47.1364246461 57.0565427031 66.48966431 46.915857591 0 0 0 0 0 0 0 0 0 30.9050933972 30.9817915764 30.6104625536 30.8553090486 31.1496070826 30.5655867711 31.0643484928 30.7414609202 31.1163561572 31.10782353 55.1215053581 30.812501717 30.858573081 30.7592559981 30.9778330587 30.5888649645 30.6088341589 67.6468478914 62.600019075 49.8414123953 69.3888596142 30.9358010761 30.7685551332
0 0 0 0 0 0 0 0 0 0 0 0 0 0 0 75.7108444118 48.0503913785 70.0256751468 76.3557584598 0 0 0 0 0 0 0 0 0 0 0 0 30.6760228497 30.7192209151 30.7978711993 30.5730137415 30.5105709784 30.5408420785 30.7384844687 31.0217498888 31.0127339938 55.1215053581 31.098833336 30.7019517422 30.6247869801 43.8272000293 72.1354429406 31.0725591905 56.6726955794 62.600019075 62.600019075 69.3888596142 69.3888596142 69.4250854533
0 0 0 0 0 0 0 0 0 0 0 0 0 0 0 0 0 0 0 0 0 0 0 0 0 0 0 0 0 0 0 0 30.8047214044 30.9545813945 30.6955324233 30.9416190184 31.0453730826 30.9990619987 54.9745069564 54.9745069564 30.5126027564 30.5738554436 30.6358723953 45.0985240709 30.6099624486 31.1552701033 67.6468478914 56.6726955794 62.600019075 62.600019075 69.3888596142 30.5003640358 30.6115160133
0 0 0 0 0 0 0 0 0 0 0 0 0 0 0 0 0 0 0 0 0 0 0 0 0 0 0 0 0 0 0 0 0 30.7552983531 31.190231074 31.1699429244 30.9419558661 30.8572523282 54.9745069564 54.9745069564 54.9745069564 30.8639408418 31.1351411444 30.9689026401 72.1354429406 72.1354429406 31.014776637 50.2237385473 60.9236303615 31.0164490176 30.9857920137 31.1395803089 30.6343550053
0 0 0 0 0 0 0 0 0 0 0 0 0 0 0 0 0 0 0 0 0 0 0 0 0 0 0 0 0 0 0 0 0 30.9181851816 30.8788639229 30.511498694 30.9890290875 30.8933597011 30.9082962947 30.9887329088 30.9856124575 30.7923446169 30.5760759826 45.0985240709 30.7977077202 30.8985377473 31.0433350376 30.548173874 30.7923147387 30.6789826919 30.8705727243 30.818583453 31.0166100857
