Spatial_Output/BAU/BAU_1148.asc
NCOLS 155
NROWS 192
XLLCORNER 196307.867259
YLLCORNER 449144.565805
CELLSIZE 33.573938
NODATA_VALUE NaN
[rows 125 to 149 of 192, columns 56 to 111 of 155]
27.969029929 27.9972975814 27.9043162454 28.1574674955 84.5361618317 58.2312630974 58.2312630974 27.7903341861 28.1379968219 27.6901067452 28.1775699247 28.077626371 28.1765468124 27.5019692026 28.0627063919 28.1167956653 28.0902563001 27.8233646065 27.788566868 28.0814997678 27.6210394619 27.9772972949 27.7269440456 62.633643927 61.9712195383 63.0346002344 28.1138327606 27.5083140409 28.1882666527 27.7438906305 28.1145404784 28.0652944804 28.0127487866 27.6341355467 28.2057492325 51.5854336313 60.2646862879 56.5258440367 28.1723279213 28.111712831 54.1502712061 64.40184044 42.0887767479 36.7721755628 63.4646699901 63.4646699901 47.2559230469 50.7123937271 50.7123937271 48.5822439257 48.5822439257 27.872474275 27.9602056131 27.5212384292 27.9334747014 27.6513433982
46.4914954445 42.5790950465 27.8146517438 27.990057509 84.5361618317 84.5361618317 27.7674596653 27.9272667516 27.934425328 27.5027271012 28.0212202939 27.6881801964 27.7744950113 27.8764787901 27.9663405723 27.5809795508 27.7396028083 28.1268062828 27.7777105699 27.9394250975 27.7027732236 27.686220417 27.6295737921 71.0633422479 56.45182061 63.0346002344 63.0346002344 27.9086028801 55.0769705323 27.6083302792 28.1526327491 28.018919826 27.8906428939 54.6162153472 28.0707187764 60.2646862879 60.2646862879 60.2646862879 42.8627546957 28.0192311653 54.1502712061 54.1502712061 36.7721755628 36.7721755628 54.0314983441 63.4646699901 47.2559230469 27.9821010491 50.7123937271 27.7195876 27.9354017653 27.9957845535 27.9964174775 27.7002755152 27.8520014682 27.8542790497
44.4132163998 46.4914954445 27.7576137163 28.1122971924 27.9373625218 48.1602430789 48.1602430789 27.7432357299 27.8468866341 27.9322911368 27.838270465 27.5366519609 27.6678103605 27.8699507885 64.6610846509 51.5144197996 40.1288820725 28.0710912276 74.1333687849 60.7679423011 46.0029512249 51.1121006796 27.6468009039 71.0633422479 56.45182061 56.45182061 63.0346002344 55.0769705323 27.7573728888 59.7301096065 59.7301096065 77.4654431194 28.1304811745 54.6162153472 71.5429056433 43.9578007106 60.2646862879 57.8987169417 57.8987169417 57.8987169417 54.1502712061 54.1502712061 42.0887767479 36.7721755628 27.8438806853 69.124145557 27.7928747821 27.8821093963 27.6764367326 27.7504372025 27.5084678082 27.5349295231 27.8808866162 27.6426699054 27.5706141205 27.7088182242
44.4132163998 46.4914954445 27.8033292469 28.0533064159 48.1602430789 48.1602430789 68.5114948072 27.9270673652 28.129223096 27.9013185253 54.3893717762 27.8784978992 80.8892061192 80.8892061192 40.3837725184 40.1288820725 40.1288820725 27.6091569898 74.1333687849 74.1333687849 46.0029512249 46.0029512249 71.0633422479 71.0633422479 56.45182061 56.45182061 77.6874352089 55.0769705323 55.0769705323 59.7301096065 59.7301096065 54.9268666299 54.6162153472 71.5429056433 71.5429056433 43.9578007106 53.4434059186 53.4434059186 57.8987169417 42.8627546957 61.6658616545 54.1502712061 27.7646336051 27.5312654475 28.032574107 27.6929495295 28.123618203 28.0146975942 27.9942461308 27.9479546958 27.6687268067 28.015707939 28.1902611863 28.0619294864 28.2024785468 28.1153547791
28.181130929 27.6510954384 28.0709687513 28.1944898581 27.9791891686 68.5114948072 43.1105472835 68.5114948072 28.1553401042 28.1470544187 54.3893717762 54.3893717762 80.8892061192 80.8892061192 40.3837725184 51.5144197996 40.1288820725 27.8740586942 74.1333687849 74.1333687849 46.0029512249 27.8424949238 27.5182155672 27.9355944475 48.3515301117 53.4945769075 48.3515301117 28.1864008359 27.8447442947 59.7301096065 54.9268666299 77.4654431194 27.9730589474 54.6162153472 71.5429056433 43.9578007106 53.4434059186 45.3927233074 57.8987169417 28.1182251578 28.1274964995 28.0022958066 27.9178682907 28.0223766802 27.6637550379 27.5859574352 27.9938697781 27.8932918327 27.6715408781 27.9087420368 27.8114795694 27.6656792789 27.7735247902 27.75945998 27.8629539675 28.043539839
27.8012649593 27.9316431159 27.749358639 27.8413622159 28.0212151487 68.5114948072 43.1105472835 43.1105472835 43.1105472835 45.9553252029 54.3893717762 28.0231245529 80.8892061192 27.9137108803 40.3837725184 27.8536775284 27.7349532126 27.5483482906 27.5240361395 27.8229920247 27.6583801703 27.6267482793 27.8818953881 28.098224097 64.7791370625 53.4945769075 53.4945769075 53.4945769075 28.0761413111 28.1379270563 27.7264267586 27.9854051059 27.7954963831 28.0930533755 28.1263561887 27.8286719152 27.5268554076 27.6401093831 27.9905011641 27.769225252 27.8876252078 27.666733025 28.1467553034 28.0034543186 27.995067763 27.7935813767 27.7023850178 27.6954764615 27.9624867209 27.7731883619 28.0481799534 27.793009969 27.7785824272 27.5890896312 27.6334864119 28.1878821221
28.1188040283 27.616513379 27.5969500126 27.8150267969 27.8440891099 43.1105472835 43.1105472835 43.1105472835 28.1154666228 27.7235822685 27.9764369422 27.7563807572 27.6980959117 27.5912548552 27.7532445234 27.6089618854 27.5901138658 27.9805016612 27.6174732261 27.8779728983 27.993922921 28.1510202596 27.6004705708 27.7081279196 28.0883221671 53.4945769075 53.4945769075 27.6135499757 27.6830742998 28.0169294714 55.4570450464 27.7133727436 27.9048371697 28.0359925086 27.548872675 27.5210624077 27.7488174547 27.6633882257 27.55627859 27.9996322727 27.7841352979 27.9201784667 27.9315716482 28.1977067587 27.9948009013 27.7272949862 27.8847620123 27.6777236524 27.632823565 27.9558626005 27.6864771461 27.9440621111 28.0125785685 27.8452488039 27.926129388 27.9196009436
71.2525709681 71.2525709681 27.7240623021 28.2066023038 27.8129000372 28.1952321915 28.1654234418 50.0433368289 50.0433368289 27.5896119777 28.0990914859 27.6535452188 28.0504302143 27.7171654068 27.9427271606 27.5302406168 28.0215622932 28.0983504881 27.9540874138 27.5966450831 27.8015602396 28.2000047265 27.6912367187 28.143426873 28.1770713393 27.8423476491 27.7135441568 27.9065266725 27.5885712066 27.785436114 27.6175203084 27.8417581093 57.9784080065 28.1810202804 27.7697637455 27.6429894259 27.7985331866 28.1680281624 28.0240503724 27.8510377473 27.7542351419 27.5148830146 27.8857403678 27.5831131593 28.0552986466 28.0441972596 27.7603104251 27.6736910472 27.5971093763 27.5705694588 28.0795120101 28.2039568151 27.5926100519 27.8959167463 27.8878955636 28.1516690407
59.063892586 71.2525709681 71.2525709681 28.0342869912 27.820243326 27.857317718 50.0433368289 50.0433368289 50.0433368289 27.6009849423 27.6079358445 27.7987917075 28.0883712262 27.5862471581 27.6728081949 27.7929711231 27.5918158823 28.0888048995 28.1539905935 27.846863969 28.0848473196 28.1663202029 27.5308479229 27.5129649032 27.9413566347 27.718876327 27.8671812391 28.049201333 28.1890327332 27.5209541898 27.8727647561 28.0962694418 27.9141224632 27.9223452065 28.1908533106 28.2035528993 28.0149312431 27.8739998633 28.0504716544 28.1150848686 28.1499792217 27.8450064506 27.7812298293 27.633983154 27.8247973745 27.7464576552 27.959088819 28.166523622 27.690706134 27.7105671556 27.7592902417 28.1694178709 28.0494118811 27.5777191437 27.6308832854 27.6296909146
59.063892586 71.2525709681 27.9915255598 27.5561764704 27.8809947024 27.8590528398 27.6375630045 27.6028154621 28.0931377931 27.8801493189 28.061179017 27.9085378201 28.0822787512 27.5880379873 27.7930673513 27.6635579167 27.8860421302 27.5078588459 28.0665106862 28.0032627208 27.669749442 27.5877030437 28.1657418951 27.7195663313 27.5519183847 27.5472682506 28.0682633934 27.867342975 27.9160345466 27.527826046 55.6019194123 27.6127271573 27.896860695 28.0532834208 28.1766027088 27.5939342285 27.5819688937 27.6632141802 27.7953867533 27.6048346606 28.0982764744 28.1174204941 27.5203115929 27.8853418769 28.0885368168 27.9390968701 27.8954073348 27.7600579395 27.9162650321 27.9762916615 27.9876189477 28.0001731316 28.1300829251 27.8532628758 27.6770302778 28.1188644495
53.9386332424 28.0185752077 27.7189185876 28.0716917093 27.7232025242 27.8758248184 27.5288337823 27.538262477 64.6716074197 27.9819202322 28.1745885295 27.7115719008 28.0133465708 27.5099989944 27.9903148903 27.8356579837 27.818900594 27.988716663 27.8613130412 27.964915556 27.7055254995 27.8265788182 27.5333151833 27.87507215 28.1836905572 28.1972426971 27.9527522637 27.8670753872 27.9423120998 28.0990210906 27.6046567705 27.9019455097 48.7004565131 51.7622977627 48.7004565131 27.9179983412 28.1421267754 27.9893473957 27.9955799523 27.8562315289 28.0281599465 28.1106447481 27.782937771 28.1244288559 27.6220724308 27.6353804145 27.5849894877 28.1891601207 28.1533852593 27.5574563853 27.5888820565 28.1212994037 28.1390301513 27.5512838449 28.0386916647 27.9329492
27.5776270852 27.8620441787 27.8042728274 27.5981055234 27.7892215636 27.9311171923 27.6224262506 27.8207110361 51.1821403786 51.1821403786 51.1821403786 27.6341289041 27.8101602794 28.0390480071 27.6704659235 27.961054957 27.6467252609 27.6481071064 28.1690785725 27.8473637045 27.8518816101 28.034373859 27.8119809988 27.8013022849 27.7163511936 27.753845902 27.8428846323 27.6479897313 27.8842401121 27.9076752388 27.5090311619 27.7953091772 51.7622977627 51.7622977627 51.7622977627 28.1865912766 27.7987674373 27.8940564745 28.0732217787 27.6382066262 28.1563692379 28.1596484803 27.650345425 27.9129426897 27.8568174456 27.81301585 28.1140016513 27.9117658632 28.1436697567 27.6339463438 28.0936732103 27.6440822517 27.5138147795 27.7742529984 27.6459512798 27.7930935126
27.770914402 27.5681083647 27.6638594617 27.9556861634 27.6642265414 27.7528230051 27.7115048362 28.1994194397 51.1821403786 51.1821403786 56.3364821664 28.127573583 27.6365508963 28.1314941018 27.8496015745 28.1785591042 27.6386385484 27.8201053691 28.158732641 28.1330990786 27.5290251404 28.0187733372 27.5175771965 27.8698432044 27.8293939894 27.9507882129 28.1717570127 28.0962092266 27.6308686403 27.5272960809 28.034836374 27.639656395 51.7622977627 51.7622977627 47.2831486674 27.9602507324 28.0005877596 27.523643718 28.0949381535 28.051098456 27.8167775747 27.7187906168 27.8805197196 28.0265637575 27.9062029357 27.9305080861 28.0118890545 28.0364548206 27.8015910962 27.7300724972 27.6284779033 28.1831285509 28.1251619197 28.1670148261 27.9764251384 27.6119044585
27.9057990029 28.1911030012 27.681362876 27.6940053665 27.6024751051 27.5527143446 27.6795871767 27.6491991878 27.9902142244 28.1944748289 27.8307001686 27.560236018 27.5692802834 27.6419928255 27.5535437771 27.7247483406 28.056805158 27.6200390986 27.9211678541 27.7997511003 27.8275526193 27.5636747819 28.1376916754 27.5272711554 27.8590891251 27.666978077 27.9965617075 28.1445536681 27.6075343256 27.671950223 27.7701877903 27.7201187158 27.7630350257 28.1733541486 27.9098272539 27.9810370955 28.0458404157 27.9553798015 28.0346523389 27.8588024589 27.5533711999 27.5305309792 28.1391434301 27.7376720647 28.0918636664 28.0549402949 28.0313561058 27.6609554855 28.0827568606 28.0301176173 27.5720173959 27.5135006288 28.0051397619 27.5131287141 28.0758737545 28.0563641444
27.5793725168 27.6025695105 27.8132552274 27.8513873751 27.5916677287 28.0365941935 28.0720497598 27.5443504656 27.7478469773 43.1277374507 27.7757078087 62.9071265207 27.8438922607 27.6081233501 27.8549765127 27.8780969603 27.9069477389 27.8436416087 27.9645931465 27.9543405447 27.813983965 27.5420987492 27.7659228251 27.5315608432 28.0311639448 27.6566798509 27.7953315849 27.5419802043 27.6622294077 28.1149640451 27.9715987012 27.6703052256 27.6336955101 48.4171633723 48.4171633723 28.0137388797 28.1924949197 27.8221194818 27.5410053977 27.6186916037 28.0371442248 27.7115286385 28.1064838251 28.1434010265 27.5678555869 28.1227116559 27.539450964 27.760011144 27.5007257883 27.9289083765 27.9997244477 27.9609402761 28.1746337507 27.8907955428 27.6876874323 27.7947041197
27.940658181 27.6458880717 28.1971754645 28.151035442 27.6333672345 27.5802391019 27.8440759358 28.2013151156 27.5891233485 27.5687697939 27.7917948078 27.663876729 27.5470476072 27.9249136063 27.5918666938 27.7756338128 27.9776808648 27.9257003555 28.1698903267 28.0083319003 27.577918742 28.1527633029 27.9841883179 27.6957555113 27.7867577927 28.091199415 28.1519020259 27.9325187071 27.7678073977 28.0979191437 27.7488342027 27.5092923692 48.4171633723 48.4171633723 48.4171633723 28.2040646665 27.8328316536 28.0876676867 27.9704805886 27.6062072638 27.6153123655 27.723938727 27.7771365392 27.9315532133 27.9699598332 27.6989029917 27.6778659709 28.0847124608 27.8711084422 27.5906302466 27.8078084198 27.9416844203 28.0854921205 27.5092751196 27.9783822793 27.6214258527
27.7124700259 28.0697978465 27.865307384 28.003686266 28.1210000884 28.1577251946 27.654437845 28.1496864002 27.7236219848 52.393602496 27.7665781628 28.1044845087 27.6907273916 27.9096276382 27.5241588067 28.0620804125 28.0863185951 27.530918381 27.5626836213 27.6675876831 27.6157570195 27.5390396969 28.0058582626 27.5201478928 27.6456000861 27.5176077673 27.5655432752 27.7746341832 27.8790232608 27.9230309584 28.0407326362 27.6780653784 28.1826027468 41.797040453 41.797040453 73.4937508494 28.1252785197 28.1054580503 27.744389525 27.5276633185 27.5993054245 27.6556346947 27.7511789255 27.7756120404 27.8877233383 27.8303127975 27.9726677712 27.7374885133 27.7644622313 27.5988330278 27.8434284272 28.1766180412 27.9067736663 28.1380618001 28.1988130939 27.6478455547
27.5298788839 27.9898754024 27.9767974252 27.7470425648 27.9138549741 27.7706263347 27.7674114758 27.9745677217 27.6710522914 67.9995655554 67.9995655554 28.0410721144 27.9513739586 27.6943048516 27.6456292814 27.8771468158 28.1596640068 28.1609106216 27.7775533293 27.7853787418 27.6112045117 28.0761670077 28.0260048911 28.1764024494 28.0193205783 27.9863034017 27.8813209115 28.0400196779 27.8950161917 27.7723390528 27.8427105685 27.5664030415 27.7824964815 48.170748668 48.170748668 48.170748668 27.904741147 27.9151900032 27.7100334432 28.1766798232 27.7629096414 27.6174188106 27.6122808114 27.5532195064 27.9216516608 28.0895293222 28.1361044226 27.5298287929 28.0639649529 27.8898609803 28.0551757336 28.0200423669 27.8724361892 27.5146885425 27.8621638188 27.9205869015
27.6085139041 28.1646453986 27.7411334419 28.1692308042 28.1943085916 27.9478113878 28.0642408113 27.708155721 27.7290300509 67.7115599954 67.9995655554 27.6702095987 27.6198324862 28.1409295852 28.0356094517 28.1720414524 27.8906709291 28.038806815 27.8656413046 28.1613936006 27.9646590787 27.7129830989 27.6481504645 28.1018862353 27.7173278678 28.1838307071 28.092248643 27.8913395696 27.6618182336 27.875299562 27.5395636667 28.0036502413 27.8044869322 27.8480914145 28.2020742209 58.4816662985 28.0181260896 27.9653966473 27.6265651313 27.6445736959 27.5834622375 28.0579466197 27.5316487893 27.5920083328 28.0381545086 28.1238062539 27.9979531862 27.8673512006 27.8955104403 27.7274763008 27.8399637881 28.1460650116 27.7032387474 27.8831974068 27.6111678332 27.9714528265
28.0558812969 27.6808581092 27.6522933483 27.6932099529 27.5207457758 27.8814759201 27.6739842403 28.1691324262 67.7115599954 67.7115599954 67.7115599954 27.5412767314 27.8378136364 27.9789802451 27.8591632414 27.9676870434 27.7189603408 27.859423295 27.6132829603 27.6835053745 28.1390086679 28.0150638931 28.014893399 28.0105763065 27.5182316694 27.8502764374 27.6676607506 27.9382892268 27.7741122282 28.1471625351 27.8463116961 27.8027910892 27.5553276621 28.012639418 52.8194779388 67.4529117237 52.8194779388 27.9372212875 27.5270652045 27.8143555568 28.1603682201 27.6350857391 27.9600793966 28.1997283162 27.8037437985 27.787807113 27.6866809564 27.5431519939 28.120372452 28.1096098669 27.7916860992 27.6601402273 28.1805471217 28.0075770479 27.8570142291 27.9892703
28.1052131448 27.974051 27.5491158384 28.0344869362 27.6470998528 27.5038801605 27.8605844746 27.9833655683 56.0564952949 67.7115599954 67.7115599954 27.6569726928 27.8164369716 27.9521173387 27.5460035285 27.9952172004 27.8970166382 27.8690593934 27.929329393 27.8153132868 28.1455409133 27.5499769629 27.5294770345 27.5633942324 27.6911665521 27.9834835153 27.9442279219 27.6116998463 28.0883559225 28.0831637522 27.8073191482 27.8084978068 28.114757389 27.7228360494 67.4529117237 67.4529117237 67.4529117237 27.9615721958 27.5584223206 27.6482332067 27.6743123429 27.870009314 27.5744288544 28.203650633 27.8132201681 28.1479645851 27.69048493 28.0516531955 28.1578005101 27.6476532529 28.1447230199 28.084640242 28.0910164817 27.7172281954 27.9660407299 28.0448859153
27.9060575688 27.8341787124 27.7695437506 28.0665158476 27.524976277 27.86456053 28.1469570025 27.7895879377 53.7907052468 53.9079521815 53.9079521815 27.6588514678 27.836241031 27.8809740077 27.7033162307 27.5448890585 28.1252128548 27.6662753309 27.9088789474 27.5748803575 27.9818235721 27.5175924111 27.9214983728 27.6833666094 28.1353055354 28.1631210934 27.7413067868 27.5787338974 27.7124065724 27.5834551181 27.5063678429 27.657217587 27.6578428093 28.078384095 52.4084113718 52.4084113718 55.881478122 27.5621861044 28.1224516185 28.187952513 27.5611414764 27.5275649376 27.7100677773 27.7285221626 27.9388485494 28.10481696 27.5304778287 27.706600026 28.1549490915 28.0208420883 28.0758707977 28.1981088286 27.6508295993 27.8675065505 27.6176435307 27.6129435834
28.1528332597 28.0619935336 27.5187438867 27.8007707897 27.828203941 27.6079108477 27.5973305273 28.1126543449 53.9079521815 53.9079521815 53.9079521815 27.7422984583 28.1057200123 27.8447642015 27.7177691171 27.6519224764 27.9888924308 28.052074237 28.0042984723 28.1099017512 27.6407220067 27.9926075438 28.126508924 28.0246734826 28.1461120152 27.8205300606 27.6234121509 27.7838435775 28.1010259369 27.7090180718 28.1311866956 28.0584889022 27.6932738289 27.5679410267 27.6545501522 27.7103703275 27.6662740565 27.9518518522 27.5956368264 27.8702381286 28.1909318019 27.8733097755 27.9987816915 28.0954919491 27.5129789129 27.7658784509 27.6312385349 28.15840876 27.7527113684 28.0221637864 28.1375682019 27.8138412279 27.7283573251 27.9660580477 27.9783887578 27.5208561106
27.5727384459 27.5709113561 27.5385703811 28.0220933624 28.0034406525 27.5651726989 27.9527611591 27.5676856311 28.1566289374 42.8363257719 42.8363257719 27.7121977409 27.9400892187 27.5598586885 27.5902679102 27.9351376629 28.0053434756 28.1469188666 27.6081431307 27.8363496835 28.1668943322 28.0962289748 27.6871322042 27.5278316248 27.8271624738 27.672382848 27.5310604562 28.1215339309 27.6657420194 27.5104775515 28.1979482402 27.8637172513 27.5636834064 28.145170333 27.96149126 27.6379403843 50.6858211806 50.6858211806 50.6858211806 27.7182961045 28.0943788584 27.7262756888 27.9421901699 27.7561642096 27.835236637 28.0096412937 27.6224161345 27.881922021 28.0262688381 27.9134816295 27.5250535917 28.1346109573 28.08058847 28.0819232853 27.6449705475 27.6829191402
27.7563929658 28.1918082538 28.1551594494 27.5295905032 28.1404953536 28.1956303095 27.6852294558 27.8692226678 42.8363257719 42.8363257719 42.8363257719 27.8164973399 27.6774091926 28.1713550501 27.8489147055 27.8712004077 28.0016889284 28.182956185 27.7519009783 27.5033876565 28.0993927225 27.6262750188 27.793477615 28.2015450724 27.6789258358 27.5630508226 27.9857937423 27.9559275954 28.178636186 27.5866346833 27.5177844976 27.9345867913 27.8155539964 27.5918151621 28.1794427967 28.0249370879 50.6858211806 50.6858211806 28.1563155381 27.8026425929 27.5279772441 27.8400620083 28.1113182746 27.5941600727 28.1728307551 27.7831370585 28.0096094727 27.5410186159 28.0582259004 28.0533148271 27.9174855989 27.555433882 27.9268214049 28.1055494057 28.0307383189 27.5754557889
