Spatial_Output/BAU/BAU_0708.asc
NCOLS 155
NROWS 192
XLLCORNER 196769.923733
YLLCORNER 449719.875193
CELLSIZE 27.603701
NODATA_VALUE NaN
[rows 46 to 68 of 192, columns 0 to 52 of 155]
25.5057080257 26.4843415527 27.6645131902 25.6555374874 27.0545034155 25.5210846248 28.6575940313 26.9578846867 27.400543412 25.1628177631 25.7621220828 45.0046417066 45.0046417066 45.0046417066 28.0418453647 29.1805925856 26.8033083704 27.5798945796 27.1764588264 26.972806896 25.871285988 29.1393063837 25.7837080692 25.3764555013 26.8000234808 27.8245299576 25.7939076637 26.8596167211 26.9425850788 25.1459765363 26.9014701224 28.5837310122 67.2429120137 55.2135272566 27.0354272758 27.5850362599 25.4868438496 27.7891098003 27.5535560136 27.3598722896 27.4578974089 25.6677096411 29.128711354 25.1704543335 26.5651161697 29.2095044128 27.3249876168 26.886097273 28.3628781951 74.1498208853 43.0840817839 57.1792844679 69.0193382558
28.0461058133 25.1634147087 26.5734153068 26.4338692632 25.1705959197 25.3474127987 25.0222807939 28.3038581551 28.0613772884 29.085340615 25.1360573389 45.0046417066 45.0046417066 45.0046417066 28.151362719 25.8269231679 25.5165497838 27.6948739642 25.8589332518 25.709542112 28.6959572912 28.3688965382 25.5800261154 27.5379100531 27.9921478389 25.1149266717 26.4823580603 25.9403982182 26.5130181134 26.9302337309 26.9277002931 67.2429120137 67.2429120137 67.2429120137 25.6850155553 28.7067139734 28.4656689929 25.8812357098 25.7831747413 27.6419147315 26.7096278988 27.0493291894 26.731797408 28.6121792995 26.4672500886 28.7738001942 25.7338196612 27.8641026114 28.7001411921 27.1138544144 26.619256293 28.2770037496 69.0193382558
27.4566269397 27.6745876813 25.9288179175 26.7802190043 29.1818213356 29.2411461085 27.2825745849 28.9969344376 28.3477019835 27.6270660074 28.1117009362 28.2655351016 25.2443363592 42.0559690446 28.2296999845 27.978426509 28.3281211792 28.9882124467 28.6941949384 28.5589336052 28.5410747003 27.8297680043 68.9886209933 68.9886209933 25.4820829634 25.0215752204 29.1526705624 25.7621443572 26.8122306453 25.4884819362 27.9282417104 75.927613222 55.1552873205 55.1552873205 75.927613222 28.4048667458 28.822804352 26.7591973304 28.3163430341 27.392693328 29.2085530257 27.1769811538 25.0220713241 28.2934798701 29.0189415654 25.7007311399 26.9884482487 26.3641043503 28.7017170921 29.0175369229 26.9023328134 28.1799269538 78.7411031608
27.2439865891 28.1947808375 27.4913851377 26.824007765 28.203405841 27.2392009144 28.712355046 28.6994123514 25.1906216437 29.042379506 27.577725495 25.1894038451 25.2157208554 42.0559690446 42.0559690446 26.6117638502 25.798125652 28.6440140784 28.7920589725 27.7467082776 27.8474336047 26.6113978078 68.9886209933 68.9886209933 49.1813916593 25.6134974496 26.2586426036 27.8579245692 25.2472954926 29.1714091458 25.3667619698 55.1552873205 55.1552873205 55.1552873205 27.8389400513 26.5086200049 26.633469358 28.4713704202 28.8431990646 27.0187795904 28.8047834994 25.6419351107 28.5952390522 25.7842761986 27.3432888402 28.8009386976 25.3383043412 28.4931878614 25.3981876674 28.7707929343 27.596066182 29.115888282 28.1328961207
27.0757262723 28.1931556107 27.9651643499 26.9898320876 27.3844758274 26.2665788113 26.5833456617 27.9713712987 26.2190975783 27.3142818345 27.7776845408 28.94978134 42.0559690446 42.0559690446 54.5481023832 54.5481023832 26.5541810648 25.8568159452 28.2471793095 25.2424545689 25.3614277966 25.5667173697 28.8156294857 28.5067403028 27.5572133275 27.6260422369 27.7580676043 25.2141020466 25.0543982148 28.5982857773 27.0652102064 40.6908948448 40.6908948448 40.6908948448 40.6908948448 28.2339597781 28.742082195 25.9195571157 27.5286266865 26.442539264 28.0739259556 28.4543425872 28.8895391995 27.1032602129 25.6929563231 27.3418387092 27.0791016127 27.2030831884 26.7164484632 27.0065968239 26.3328246567 25.0452101487 25.2107054142
27.4511333548 27.2588058476 29.214963834 28.4303852984 25.2268505464 29.1203936066 26.6603531393 27.1384361585 26.0802623903 27.470860596 26.12107468 26.0514414465 25.6539991122 53.0805600382 54.5481023832 54.5481023832 26.7793899946 25.2101134274 25.4972498042 25.8759075872 26.5383179351 26.9321350623 51.6264415058 29.0005223261 29.1106951001 27.7218391944 26.2871483917 25.9724752815 28.6672698599 25.9218799267 28.3121353684 26.1481358834 25.8816615194 25.7630134808 25.6463919654 28.5513614601 26.9397467035 25.0671152108 25.9270697469 28.9527407324 26.7796096282 27.3953510976 27.9837970537 29.159894681 26.8491854699 25.5851798006 26.9073193738 27.3218864292 26.4209997619 27.0047744737 25.1912204768 26.5673770646 27.5300384437
26.7786868351 26.0901225668 27.6772834973 29.0192860069 27.9449413982 25.7134162513 27.2904200256 26.5948907233 26.8609139114 28.4156913749 25.1827605693 27.9675249228 28.4120899781 25.6741775754 54.5481023832 27.7351061059 26.4422606268 25.1823286842 28.3477663377 28.3186632091 26.7920052542 25.7434006902 27.5736558508 25.7780543045 27.1953956246 28.1496597223 28.0536725284 27.1933851302 25.9787402833 28.9205338936 26.0363473071 28.8537297145 26.6867918977 28.4434692316 25.7414239608 27.7269217642 27.346051389 27.7028079937 25.0849087218 25.2420139649 28.4711472399 26.5390857433 28.9359376586 26.1079547507 25.2457086059 27.9985394739 27.9009066145 25.5371047364 26.2345716028 28.9027640173 27.6904631423 27.5978523854 25.645950533
25.7816934799 27.3135376444 28.9601459471 27.2838342836 26.3658985638 26.0188566759 27.8484676412 26.7918911888 26.0391346657 26.3269310547 28.1983118645 27.6574718318 29.1164289847 26.7061585602 27.9917253514 25.3441629855 27.0624010779 27.0081252518 26.7721432811 27.0341831601 27.8219192921 26.8003698119 28.3374932328 47.1258341376 47.1258341376 47.1258341376 26.7548938592 27.0380925449 27.9248983829 25.7069254178 28.9993373169 29.1467645159 77.3377942378 77.3377942378 26.9189402635 26.0462961838 27.8651640225 26.077304847 27.264316695 26.0147541558 25.1949667752 28.5964310968 27.7962975745 29.219827711 28.6334496305 25.1765178714 26.9513722514 29.043490081 25.7578864096 28.5505549317 28.7592698299 27.3483290446 26.2369191599
28.5412871387 25.3293641271 27.7543977639 26.4410979074 28.3084243265 29.1072041288 27.9268440688 25.452743824 27.5525189008 28.8479716255 28.3026641005 25.1028039642 27.8523941205 27.5943917761 26.2193696745 28.2085687069 28.2981996851 27.6752397512 26.36126852 25.245462618 27.6448442595 25.7340560982 28.5299467611 26.8377640858 47.1258341376 27.1404775166 28.1541272666 27.0410525829 27.2555155031 25.5135275821 26.5432886357 26.487096117 77.3377942378 77.3377942378 25.6550531516 26.5720779231 26.1935907934 26.9231866182 27.2040210805 27.5524105248 26.3379373307 25.2432245961 27.8012108826 28.2962673046 25.4393802122 27.2572819907 26.3819814875 28.6367480346 25.1345163808 25.4806853856 26.461139746 28.1344534361 25.9419939663
27.7452453492 25.8098579203 28.7328748554 26.0447030098 27.0293306646 27.5761450373 27.666577088 25.2196304152 25.0169580357 25.9734940426 25.0805914671 27.1635558771 27.2751338738 25.6617600826 26.9352862921 57.5846125926 57.5846125926 57.5846125926 28.9903140411 27.6090297848 28.2915945475 27.5707357081 27.7145675852 25.4239025642 25.9922106321 25.379647056 25.2623499878 26.1132808515 28.6230931143 25.0053200787 27.283166722 25.283467624 29.2034500097 25.7475465693 28.8851467345 27.351912195 27.7552867459 28.9933882237 25.9071220885 28.7688481179 28.2215832198 28.226439867 28.0815136964 27.6408272281 25.503898321 25.1780220668 25.4261595548 28.3335553277 28.9057099068 28.7422356934 25.0044545623 25.132674394 26.9777182478
29.0978560694 26.6016126296 27.4299944354 25.8393588386 28.6321194143 28.7516423948 28.5462970187 26.0963813509 28.53857238 25.7097456585 26.2552120003 28.89537239 27.7454889703 28.2298074178 28.1366378103 57.5846125926 57.5846125926 57.5846125926 26.9306242556 25.0050284204 27.1718190184 27.5488499387 25.2987815689 28.0787628559 26.9405725088 29.2076427798 28.9464051954 27.523868205 26.6552082571 27.2050140319 26.4632770136 28.3709342979 27.076102991 27.8579804199 25.8016733125 27.6715242867 28.296545886 25.1884660374 26.8891763469 26.4737988291 27.4914980384 26.2171542036 25.4401540341 26.7802658372 26.6147725593 25.6430911678 25.2694547555 26.8882635073 28.2409107795 29.1382156648 27.6566461531 25.4873242228 27.1085448962
25.9868030115 28.9362295657 29.002832399 25.1714494575 26.4483158801 26.913424745 27.8162911927 27.5811644907 29.1228886921 26.1643775201 26.5740567202 25.980447324 25.5722965158 27.0480292432 27.567864866 60.0072715764 57.5846125926 28.0217765885 27.134546218 29.080499248 25.1622658298 28.2825471791 27.58709606 26.9440122327 28.1256876064 28.1154239008 25.2955495951 27.2004254628 27.2963502839 26.6107929992 26.3756319983 71.9055175195 71.9055175195 71.9055175195 71.9055175195 25.2495791672 28.4830755198 26.471218777 25.9765752534 27.0661111487 26.8043800874 25.7392610184 28.1020234721 27.4068985578 27.8165945432 28.7243744866 26.7692269672 25.4510554348 28.0732138494 26.1116911576 26.3998473282 27.5027381424 28.5043662157
26.0177939624 26.0699099824 25.9193856056 27.7778044764 25.6615060498 27.4690021497 26.7225722174 28.7905735598 26.8284627695 28.2203816206 29.2149703021 27.1675882875 25.5657857242 27.7793457561 27.3439389745 26.193920345 27.2833118863 27.6196125279 58.0944694261 27.0610831658 27.2960937144 25.6189575676 25.4898704278 28.038118363 25.2219428517 28.8711417263 28.9798991193 25.5531906955 25.5883458345 28.9367172441 25.1125849979 64.0282477695 64.0282477695 64.0282477695 64.0282477695 25.1209792191 29.0009746097 25.7341033275 27.6081957588 26.2324868385 26.5856175818 27.8299528561 28.2397664331 27.7414413651 28.31465166 27.7819937457 28.666623485 28.98455859 27.3792964667 25.1556605155 25.6742963577 25.9080507549 26.8535742634
26.4673288689 27.4652589477 27.1218165379 27.0837327763 27.3790315171 26.5736668537 27.2914560244 26.6800053002 27.04982546 27.4232272295 25.1198161654 25.9662767656 28.017562208 28.3820863201 25.7134557759 27.7120204972 27.014314881 25.1089369519 28.6582605063 25.0603555928 26.2332131382 25.9363193143 26.9037157658 25.0711926916 27.2986896844 25.8061565557 26.9592772514 26.7060153551 25.8469662485 27.9342398901 26.7133755024 25.1148153829 64.0282477695 64.0282477695 28.5176539487 28.9931977478 27.3437794774 28.3733045664 29.1737586446 25.2800652209 27.4405342627 27.3867667639 27.5255623348 28.7453144841 25.3760942039 27.9687359387 25.7688171933 26.5253490381 27.0863653522 28.8763164243 28.6135747048 27.4971140702 27.4366140168
26.3087433771 25.6722366262 27.2792463525 27.044716475 28.5704670869 28.0976104449 25.7001735678 25.4606141215 27.6786205996 26.2655469557 25.1679500498 27.4816722263 25.4528044669 28.5428471105 25.2498501183 27.4814024554 28.8901396643 74.465474626 45.2663967591 61.5821913241 43.4080215045 49.9454270912 49.9454270912 42.9454444668 42.9454444668 27.0337946868 45.8010368691 51.1517351379 58.095944942 25.6169542487 54.1898886113 70.073602791 81.8956347254 70.073602791 70.073602791 25.784615941 28.5705670849 27.9446724404 27.0139746921 26.5890388301 25.9023543482 28.7554659686 26.8012343278 28.407354677 27.1116657341 26.5044710624 29.0276196556 25.7119516576 27.4874867166 28.0209893749 25.6879449919 27.7955766038 25.5628537029
27.617060848 27.4406358689 25.8119491876 26.5482207802 25.7280547508 28.999790947 25.6990038486 26.0683068074 28.9998930983 25.3752753596 26.2816074378 25.5436163245 28.5470580878 26.6108358634 27.4400436649 28.0348865786 27.0104430348 45.2663967591 45.2663967591 45.2663967591 61.5821913241 49.9454270912 42.9454444668 42.9454444668 42.9454444668 25.0205375007 45.8010368691 51.1517351379 51.1517351379 58.095944942 63.2327859379 81.8956347254 81.8956347254 70.073602791 60.6350396934 27.742467454 25.7279988692 25.4514708972 28.5754496131 28.2879837856 27.6467160318 28.1535063502 26.2797747553 27.1375693254 28.58501407 25.781603926 27.9291399674 26.0931047086 28.43073229 26.9140474465 25.0015281404 25.405006132 28.1790615584
28.3181942384 28.2064464443 26.1247177167 27.7101016499 26.7442786216 28.074330678 29.1508608288 28.7233969422 25.9372321193 28.3327756085 26.5227380898 26.6701289426 27.0648489358 27.7960358387 27.9455353257 27.0853689896 25.5518834327 42.1702978404 45.2663967591 45.2663967591 28.8320615556 49.7523948159 49.9454270912 42.9454444668 28.5188266111 25.4771367317 45.8010368691 51.1517351379 58.095944942 27.7795651985 52.9578538734 63.2327859379 81.8956347254 43.6207576182 60.6350396934 28.1972038417 25.796754142 25.7822632464 25.4596187308 25.331420373 28.6240729906 27.7690738762 26.9888949428 28.7226968037 27.0550828822 28.8082691106 25.388596349 28.5241014607 29.2152268687 27.1184880912 27.7845907649 28.9647571813 26.2675623506
26.9510053035 25.1209440689 25.26382589 28.6648034674 25.9725649106 28.137285244 26.9460920865 27.2632484554 25.3153593581 25.5056881581 28.8112261128 26.1529415655 25.5281651141 26.5318891891 28.881165165 28.9286261275 42.1702978404 42.1702978404 57.5452981413 26.5097747832 26.2303457392 25.8630904645 26.063525759 25.1668920524 25.4378285478 27.3542195557 28.225626481 25.5249993973 28.1514527424 26.7152756495 25.5041009091 25.4483967299 43.6207576182 43.6207576182 60.6350396934 28.2911760658 27.480574884 28.4299089591 27.38606185 28.223304455 28.1848861217 27.7004137615 28.3558503471 26.9598027666 28.9925147082 28.5068955804 25.2217689353 27.7485412714 28.1395317075 27.7606878387 27.7001476685 28.0310688576 27.8117761398
25.3514429372 26.5243982928 28.7307459826 27.7005903651 26.5243329392 26.8681571526 25.4377879756 26.046984261 29.2054377763 27.1093691215 27.9382121964 28.9016284808 26.1988919641 26.8248778533 26.6371751588 29.2016154842 57.5452981413 56.2413484398 56.2413484398 28.5614327274 25.5848749803 27.2806386684 25.8887216314 28.6265033856 28.1239154323 48.732984071 48.732984071 48.732984071 25.9944545695 27.9272160575 25.0922151383 27.2811325934 26.6781673629 50.1692655232 50.1692655232 27.0426439598 26.8655933444 26.8026908093 26.9597636437 28.0945817016 27.3839021937 27.8400568912 25.3076156269 25.0841664789 28.8690518773 28.8266165526 28.4047554521 26.9541129841 27.9531277294 26.502008547 28.8510129158 26.5581735232 27.5380359601
25.8615460776 29.1696095059 26.486554341 28.0797368697 25.5201376639 28.3744721148 25.0219707689 25.7245931891 25.0000615615 25.6241807564 27.8974355881 25.9067483168 29.092586367 26.1788006278 26.402077173 26.5278017048 26.0759279582 56.2413484398 56.2413484398 56.2413484398 56.0239270394 27.4228398478 28.8615192909 26.4403983897 26.6061535768 48.732984071 48.732984071 28.2011316686 26.0120489794 25.989897086 27.7822188577 26.6937124561 50.1692655232 68.0003819792 50.1692655232 28.2627519204 28.4463041485 29.1168239122 25.6512679972 25.4407049639 28.2806854243 27.0586684909 27.8507182489 28.9631582291 28.3870725986 28.552983977 28.1254193733 27.9469969448 26.8935462655 25.3640969678 27.6032089049 26.6013314775 26.5635803568
26.5600192197 26.9470377779 26.3135189897 27.8874172255 27.0765380459 28.9980321625 25.6143669094 26.8769172035 25.7168119114 26.4240446844 28.3696067702 27.0642202581 27.1778348202 26.7800476295 28.310311403 29.2005982381 26.2763811999 27.2500666671 56.0239270394 54.1345251612 54.1345251612 25.3990536014 26.4118140184 25.6422741819 26.2209237699 25.7345922369 48.9405682342 48.9405682342 48.9405682342 26.1933020585 27.7922680888 26.8698444865 52.9112505988 68.0003819792 68.0003819792 28.1070183424 27.9219217984 27.6429958854 28.547590332 29.148241754 28.314218692 28.7750294263 28.8794351822 28.2843217327 27.567363321 29.1246189953 28.0515763344 27.1025051383 26.2946176155 26.2037367518 27.2176303981 28.7383354121 27.9286675356
29.0867822071 28.6653108013 25.3460514772 28.7499186667 27.7560794797 28.0381173617 26.7968453886 25.9859726325 25.5445352655 28.2417602029 28.8728080263 26.8897895567 26.1323617273 27.1541823441 28.204278264 29.059609248 27.6058929148 28.7237313071 38.4921111969 62.2724517486 54.1345251612 27.0296790455 26.1721030577 25.7996140664 27.9035805228 27.7542553324 48.9405682342 50.7365149008 51.1785181482 26.1141674602 28.2449420777 25.5680683216 65.8634796016 68.0003819792 68.0003819792 28.2863450385 26.9200382034 25.5511931483 28.7174874519 27.2740185646 26.5940541761 26.6385755854 25.0716828509 26.199061277 27.4773916579 26.249337322 26.1525987928 26.7829362217 25.3243193989 25.2669943487 27.9968652659 70.1308664409 28.6984564721
28.2242880649 25.7227112386 27.2795385322 26.1083760195 28.7324205922 25.6491774535 26.980369489 29.2162252748 26.6349305505 28.0768015127 25.4362518393 27.4386880961 25.7455790202 26.019212125 25.9536201637 26.5465885631 27.2602074555 39.9058961874 39.9058961874 39.9058961874 62.2724517486 26.0085122641 29.0992629348 27.760855995 25.0391141894 28.2974777906 50.7365149008 50.7365149008 50.7365149008 25.7782947969 25.5722287033 26.4183741388 61.1013001936 61.1013001936 61.1013001936 27.9892176563 26.7616183567 28.1705386735 28.7593043239 25.3663539238 27.0247838007 25.2880182182 25.8460710944 28.6471014427 26.5501592139 26.2030266899 27.0988837926 27.5740705541 26.9580965332 26.9709085473 70.1308664409 26.5080438504 28.6781756316
