Spatial_Output/BAU/BAU_0294.asc
NCOLS 155
NROWS 192
XLLCORNER 196307.867259
YLLCORNER 449144.565805
CELLSIZE 33.573938
NODATA_VALUE NaN
[rows 75 to 99 of 192, columns 0 to 56 of 155]
69.2314019752 80.1236992038 80.1236992038 58.3068292644 58.3068292644 80.4101538359 58.1193782535 58.1193782535 82.7754590203 72.2813109616 80.1200983016 58.3681737716 44.6922297548 44.5583757324 44.6855318396 44.9091210297 44.8581362737 45.0872487315 44.9224852648 44.8965500751 44.7350129215 44.6017051644 45.1119367911 44.519494987 44.5266308523 44.8405297411 45.1752788108 44.6956089408 44.7881727863 44.8291035225 44.540598075 45.1762521577 44.5257778214 45.0959075084 45.2038489207 78.5489862578 64.0795987406 64.0795987406 60.5732560811 44.7712080163 78.3932601308 67.2371616413 67.2371616413 44.9666076999 45.0266875347 44.9920739321 44.8166576519 44.6600118016 44.7003108639 44.619979855 45.1434728145 44.9391868566 45.1844405771 45.0506845243 44.9975767769 62.0682542295 62.0682542295
0 80.1236992038 80.1236992038 58.3068292644 58.3068292644 58.1193782535 58.1193782535 58.1193782535 72.2813109616 80.1200983016 79.9143645716 79.9143645716 45.1836023555 44.995142982 44.6879118055 45.0948667142 44.8234183043 45.1505552758 45.0656669575 44.5223728008 44.7678081256 45.0565863344 45.0666497059 44.9757083827 44.9890867821 44.7101414804 44.690632387 70.7852004165 45.1988828144 44.8722011892 44.6772090916 45.0549717286 44.6021012954 44.661447844 44.6487307558 45.1297241202 44.9918928601 78.5489862578 44.763149992 44.6393602958 67.2371616413 67.2371616413 67.2371616413 44.6832794458 45.1313113881 44.6438933582 45.0707769355 45.0172094377 45.0696341195 44.5937537784 44.5117993738 45.0684315618 44.6798841731 44.8982739775 45.0337366969 62.0682542295 62.0682542295
0 0 68.9333533432 0 58.3068292644 80.4101538359 58.1193782535 72.1247218142 82.7754590203 80.1200983016 80.1200983016 79.9143645716 44.7681953979 45.0395558581 44.8735276271 44.7207023676 44.725498341 44.6036580719 44.7265993919 45.091417732 44.9649412064 44.9117569621 45.0513798246 44.5695732314 44.9644324955 44.9641097319 45.0880639051 71.7302582773 70.8911888703 44.7923209527 44.6837156412 44.7107475472 44.8945277842 44.7414647811 44.5653233777 44.7744087987 59.0314248991 65.9252112168 45.1920304914 44.9897142984 45.1812050081 44.775319966 44.5964872986 44.6939893098 45.2008291406 44.6772818043 44.5009227669 44.5005508794 45.1816185609 44.6909280466 45.1012110207 44.8508294238 44.6263743908 44.9962406662 44.8323703411 51.3324000658 51.3324000658
0 0 0 0 0 0 0 0 0 0 0 0 0 44.6912329505 44.782453079 44.8935367076 44.6949234192 44.6244928115 45.1294679367 45.0208263429 44.7677779257 44.928553945 45.1101930485 44.6440954012 44.6332738659 44.6501893947 44.8592841157 70.9529893009 70.9529893009 70.9529893009 44.7745769976 44.7045748698 44.8555570971 44.5859995448 86.3858391006 65.8304364839 67.7523114915 67.7523114915 70.6131487316 82.0015949293 61.7893716057 73.3238197042 68.3578042315 63.2670877728 44.7856136889 45.1324637796 44.6870793192 45.0529618968 44.8287488923 44.6949786551 44.6135679128 44.9156268679 44.825565208 44.5416747302 67.7198228551 51.3324000658 63.9729009193
0 0 0 0 0 0 0 0 0 0 0 0 0 44.5555110667 44.7355197859 44.5173810171 45.1781714246 44.6699757039 45.0906514959 44.5186073165 45.1275750553 44.6860545319 44.7010391638 44.5725320767 44.6510497446 44.9054621208 64.3632275545 70.9529893009 70.9529893009 70.9529893009 44.510900344 44.6522696023 45.1266118649 86.3858391006 86.3858391006 65.8304364839 67.7523114915 70.6131487316 70.6131487316 70.6131487316 61.7893716057 73.3238197042 73.3238197042 63.2670877728 45.0753430531 44.611489493 44.5336250643 62.7194583784 45.1369468006 45.1002022249 53.3790326891 44.8478817435 44.9008995674 44.8508333017 67.7198228551 63.9729009193 63.9729009193
0 0 0 0 0 0 0 0 0 0 0 0 0 44.9015200458 45.1246102648 44.8155503812 44.5159204222 45.1949811336 44.5614493713 44.9480371366 44.7956999741 45.0998446544 44.5687691122 45.0662566463 44.6440860468 61.4960352546 90.611533459 64.3632275545 44.9264385673 45.1413508156 44.7894368064 45.1625450329 45.0408869558 86.3858391006 86.3858391006 44.8017816006 62.8936398521 65.9252112168 70.6131487316 82.0015949293 61.7893716057 73.3238197042 45.0689409802 63.2670877728 45.1117782426 44.6809105347 45.172678074 59.1192352714 44.9987509609 63.5358778417 53.3790326891 53.3790326891 45.0868809336 44.9095280757 67.7198228551 45.0158117334 56.286021393
0 0 0 0 0 0 0 0 0 0 0 0 0 0 45.1837502995 44.7181864689 44.6502130533 44.625277415 44.906406095 44.5292690285 44.7955554266 44.6369762377 44.604930762 44.5579777722 44.6198533851 61.6493975166 90.611533459 90.611533459 45.0333356772 45.0400167255 45.0915707462 44.81992874 44.985770185 44.5645982094 45.1775099175 44.9745077199 44.6697879528 44.5346908876 44.8711753807 44.7555276134 44.552442989 45.0762771523 44.5765302157 44.8051590733 44.601172034 44.7718565136 44.7209910115 44.5963379117 63.5358778417 63.5358778417 53.3790326891 44.5568380609 44.7153858867 44.7321578551 44.9637277276 44.5362033038 44.738331116
0 0 0 0 0 0 0 0 0 0 0 0 0 0 44.6173631698 44.9686485452 44.6933444126 44.5133557432 44.583512634 44.7818005832 44.8535548991 45.1807924911 45.0351118979 45.1698089101 68.4335399545 61.6493975166 61.6493975166 90.611533459 44.6038523142 44.8294923854 45.1434816326 44.5155201073 45.1549105394 44.8171554252 44.8549332628 44.6354411209 44.9554781656 44.9719994831 44.7189852575 44.6155094781 44.8806382469 44.9423020627 44.9469046553 45.0241297295 44.8218775946 44.6812729437 44.8134733482 44.8787944359 67.5938253085 63.5358778417 44.6589313993 45.1780522207 44.5292607113 44.623031089 45.1385751164 44.8973623549 44.7367825417
0 0 0 0 0 0 0 0 0 0 0 0 0 0 44.6973603724 44.8627093247 45.1383399845 44.6198819833 44.9758936103 44.5373440782 67.9331650907 68.3067821703 78.8881395725 64.3842631225 68.4335399545 68.4335399545 68.4335399545 45.1808685309 44.5446302048 44.5804658404 44.7901874804 44.730609153 45.0899375783 44.6282444548 45.0719453499 44.672047543 44.8545529629 44.5764465204 44.792936113 44.8805150806 45.1201728952 44.7320600699 44.5120871364 45.1739401119 45.1135245242 44.8930899817 44.9286065748 67.5938253085 45.0566360911 45.2034720998 63.8787594316 44.6203159615 45.1716338201 44.9612908933 44.5123771414 44.8108850535 44.7584412641
0 0 0 0 0 0 0 0 0 0 0 0 0 0 44.579190422 44.5860955461 44.9836011602 44.9646960474 45.171986377 44.6911593388 67.9331650907 67.9331650907 44.7719091512 78.8881395725 75.3326673021 75.3326673021 44.8605140945 44.6418187438 44.5664059085 44.7936486751 44.8357180375 44.9684185505 44.7487967258 45.0986626625 44.5935448472 44.7104168863 44.8314289547 45.0196599697 44.5025559766 44.5116425136 44.6535779346 44.6492000881 44.9072668241 45.1310369208 44.7917246767 44.9509029657 44.8761079769 44.8901410409 67.5938253085 72.1952483529 72.1952483529 44.7373998686 44.7174161212 45.0664454774 44.9881327144 45.2032198974 44.9169570539
0 0 0 0 0 0 0 0 0 0 0 0 0 0 44.9080379156 44.7783270033 45.1854765375 44.5973344143 73.1782538628 73.1782538628 67.9331650907 67.9331650907 68.3067821703 78.8881395725 78.8881395725 44.5946630553 45.0633911594 44.5068676811 45.171255546 44.6779644254 44.6921306912 44.9443748138 44.5928773477 44.8908511126 45.03905759 44.9293481647 44.7181582603 44.5423164219 44.9319593916 44.5168635352 44.8101397789 45.0962677328 44.6001007122 44.7456635568 45.1226995402 44.5486730559 44.5926307942 57.2254342221 57.2254342221 57.2254342221 44.9015954289 44.5076393152 44.6568931698 45.199889902 44.88765759 45.0919908604 45.1547431221
0 0 0 0 0 0 0 0 0 0 0 0 0 0 44.9347804941 45.0383957525 45.0167137872 74.8096805168 74.8096805168 73.1782538628 73.1782538628 44.7744465522 44.5391229444 44.5583340166 44.9006418247 44.592579983 44.8453142541 45.0840220686 44.5558478284 44.9119416445 44.9660784957 44.7279957493 44.6152803723 44.9353730596 44.9948915274 44.8089897769 44.7301215421 45.0825822188 44.5871538366 44.712740277 44.8696113289 44.5442677832 44.5115726131 45.1979242182 45.1258013178 45.0224148367 45.1752770955 44.6125491332 56.0369970618 65.7267248102 44.8947497554 61.0216863358 45.1581947274 44.7661359114 44.6448242507 45.0717923133 44.6613877616
0 0 0 0 0 0 0 0 0 0 0 0 0 0 0 44.9079555782 61.1700525651 74.8096805168 74.8096805168 74.8096805168 44.7440943119 44.7263768267 44.6390455766 44.5128808683 44.9995185395 44.8659385997 45.1461607569 44.5681397961 44.5448088632 44.884701066 45.126873096 44.9297239636 44.7517146057 44.9531387139 44.8416241762 44.9775421515 44.9290617561 44.8821174226 44.5981084326 45.114670509 44.702532803 45.1486584928 44.6916962182 45.1846781532 44.8160696436 44.6649882596 44.5046387459 56.0369970618 56.0369970618 56.0369970618 65.7267248102 44.5017614505 45.0711427854 44.515421719 45.0689714862 44.6796692301 44.8541932255
0 0 0 0 0 0 0 0 0 0 0 0 0 0 0 75.8682884594 61.1700525651 61.1700525651 44.9890095121 45.1706305196 45.1483156991 44.9172993663 44.6510787282 44.60763433 44.6643937004 45.1180665463 44.9707929411 44.5110748421 44.9964067781 44.501131679 45.1893941723 44.9694289792 44.6420668406 44.912752687 44.8725979742 44.5373035552 44.5770745174 44.9405972773 44.6565326201 44.9454573014 44.6863173648 45.088429501 44.8967575741 44.5608622978 44.8756691121 44.5025996831 45.1261235012 44.8224643332 56.0369970618 60.7655825502 60.7655825502 44.840377494 44.8539781553 44.5049014693 44.5241040695 44.7350731062 44.8354254546
0 0 0 0 0 0 0 0 0 0 0 0 0 68.3048298922 70.1014238287 75.8682884594 61.1700525651 61.1700525651 44.5716468781 44.9963495551 45.1878788291 44.5360293759 45.0576613244 45.1514337635 45.011791681 44.6077389771 44.6826797395 44.9906461853 44.9020103935 45.0850014099 44.6482748362 45.1401454356 44.9161698858 44.5158374381 45.1518889642 45.0310297539 44.515305622 44.5446967047 44.9730237457 45.1728966004 44.7727676968 44.9573337424 44.6426233213 44.5342361548 44.6565299356 45.1524853789 45.0955078651 69.5431576188 69.5431576188 69.5431576188 60.7655825502 44.9091588293 44.5310062209 44.6588945028 44.7592880822 45.1967100838 44.8148009907
0 0 0 0 0 0 0 0 0 0 0 0 32.985636244 32.9743223559 32.9743223559 82.9222589791 70.1014238287 75.8682884594 44.6340237636 44.539419093 45.0954015649 44.6016546973 44.5822690168 44.9176939268 44.9743754716 44.8250959412 45.0853522778 44.9973544992 44.7488278858 45.0717955373 44.9410379408 44.8931568613 44.7585649919 44.744640571 44.9154609982 44.8023652252 45.1233193405 45.2013481511 45.0039999951 45.1807669878 45.0662162421 45.1128603669 44.5017711465 44.7163387201 44.5179286242 45.20605548 44.7940720649 69.5431576188 69.5431576188 69.5431576188 65.6490142583 65.6490142583 44.8871203101 44.5389640656 44.6506443569 44.5813838338 44.6067173574
0 0 0 0 0 0 0 0 0 0 0 69.5794076467 70.152709547 32.9743223559 32.9743223559 82.9222589791 65.2316717249 0 0 44.6025233598 45.0631797303 44.6592542344 44.9935023685 44.7470835848 45.0255071676 44.5576440831 44.5721171419 44.8257511067 44.958806562 44.9818817277 44.5421026978 44.712684894 45.195067829 44.8815823838 44.6012079299 44.884029045 45.1081238616 44.6015711534 44.7274728983 44.6960694297 44.6426550766 44.649389985 45.1984521349 44.7269872554 44.698852025 44.6896287355 44.9675210045 45.0524144469 45.2016777756 44.8898638005 44.5196181281 45.1975517768 44.6495407918 44.8102842215 45.018057373 44.9861497036 44.884365766
0 0 0 0 0 0 0 0 0 0 64.0522000836 58.4175396204 70.152709547 70.0027466288 70.0027466288 65.2788203376 0 0 0 44.9610495631 44.8876405076 44.704972323 44.5115368597 44.95874838 44.8900645911 44.7993668437 44.9049144996 44.5225513258 44.6283863392 45.0084074104 44.6927853283 44.837658297 44.929035046 44.8860494737 44.6456766382 45.1043816736 44.5198366764 44.8136977901 44.835064426 44.7242192026 45.0353463111 44.8545699068 45.1575177317 44.6664950986 44.8905367309 44.8342871025 44.7735281494 45.1235105672 44.9804082312 45.1106273362 45.1030730873 44.5657125052 44.7900231959 44.7030226923 45.0628097415 45.0969567488 45.1137820809
0 0 0 0 0 0 0 0 0 56.8406311105 58.0726088448 58.4175396204 70.152709547 70.152709547 0 0 0 0 0 0 45.0190766852 45.0268981419 44.9866189509 44.9907420147 44.5267398441 44.7070714842 44.7849246804 44.8187700585 45.0273091224 44.6064115314 44.846073234 44.6607492672 44.9258390791 44.6190678709 44.9531126082 44.8121853879 44.6786123329 45.0280898054 44.8726358594 45.0266139331 44.5310789201 45.0574032476 44.8476320845 44.8478388647 44.7032370856 44.5876371765 45.2022194624 44.5035522894 44.8752361803 45.1088670477 44.9333759109 45.1536010787 44.5311910509 44.7461506261 45.088901519 45.0131771389 44.670411873
0 0 0 0 0 0 0 0 68.8933493782 56.8406311105 58.0726088448 58.0726088448 58.0726088448 0 0 0 0 0 0 0 0 0 45.0917412265 44.9027168372 44.5991875416 44.9605252548 44.8353838708 45.1194011643 45.0848076303 44.9124589043 44.9135948746 45.0014109788 45.009205803 45.1723737989 44.6324774067 44.6866931903 45.004959551 44.7898108339 44.531935557 44.6843875145 44.8648233216 44.7488402021 45.0235772152 45.1052774209 44.6517779253 45.1934201511 44.6939402126 45.1082079434 45.1164817878 44.613331903 44.5365183533 44.5791161466 44.5819616096 44.7870604838 45.1018471763 44.8951788526 44.7706559073
0 0 0 0 0 0 0 0 68.8933493782 56.8406311105 56.8406311105 67.0373508753 0 0 0 0 0 0 0 0 0 0 44.6284895794 44.7992431311 45.1178406438 44.9256412751 44.7958854005 45.0137733858 45.1979060004 45.1633662454 45.1977017263 45.1386786395 45.0767989349 44.6737858866 44.9694617179 45.0241269552 44.7224573519 45.1222242623 44.8040106198 44.8155409132 45.0583305017 44.6817009839 44.8401944211 44.7961957717 44.6035858965 44.7134549353 45.0010052236 44.9348362225 44.7833469899 44.8816046333 45.0242373953 44.5825403713 44.7374411476 44.5534017199 44.9804757569 44.8567239003 44.9745373859
0 0 0 0 0 0 0 67.3651589034 0 0 68.8933493782 0 0 0 0 0 0 0 0 0 0 44.8965143993 45.167280168 44.9073656356 44.6953708932 44.7799956182 44.9365765752 44.9133777933 45.0344208752 44.6762294122 44.9172045822 45.0984035853 44.976720031 44.8356566947 44.7942879317 58.4507527549 63.4744360118 71.5669864566 44.5758569113 44.9623140663 61.3920429442 45.102868628 81.3395219062 75.5941065452 44.9877320407 44.5337390794 45.0375244654 44.8973491734 44.7634779177 45.0727835139 45.0637056123 44.6289056454 44.6280357612 44.5659161438 44.8109273023 67.3056584197 44.8738487617
0 0 0 0 0 0 0 67.3651589034 67.3651589034 0 0 0 0 0 0 0 0 0 0 0 44.5711511365 44.6132343952 44.9175139816 45.0476213285 44.655656804 45.0275712351 44.6095042234 44.9743233547 44.6739131474 44.5982949894 44.5496863591 44.6722598539 44.7920018699 45.1334671903 45.0233677928 64.5276730419 58.4507527549 71.5669864566 71.5669864566 61.3920429442 61.3920429442 44.8034944689 75.5941065452 75.5941065452 54.4205818612 54.5454100714 45.0049307534 44.6956365233 45.0759484393 44.974391025 44.9995720385 44.9815765368 44.630284615 45.0169347347 60.9150423221 45.0427332156 44.8671358667
0 0 0 0 0 0 0 0 0 0 0 0 0 0 0 0 0 0 0 44.9586764147 44.8767394816 44.607465299 44.6675909986 44.5827226742 45.138800117 44.9771301731 45.1812549449 44.9366453092 44.5644474603 45.0913584665 44.8196529585 44.8508418599 45.0340970301 44.8448558053 64.5276730419 64.5276730419 58.4507527549 71.5669864566 71.5669864566 61.3920429442 61.3920429442 44.9263000433 75.5941065452 75.5941065452 54.5454100714 54.5454100714 74.7274885202 45.1451960065 44.779389862 45.0876423559 44.8815841038 45.0338809176 44.7808353755 44.9834904743 45.1656889269 61.4056939492 44.9786388793
0 0 0 0 0 0 0 0 0 0 0 0 0 0 0 0 0 0 0 0 45.1336995262 44.7536880735 44.5929946173 44.9346382491 44.5951092646 44.7151402414 44.5945249042 44.8414340978 44.6303014828 44.6589930076 44.5119277546 44.5584512183 57.4899629537 57.4899629537 64.5276730419 64.5276730419 77.5245353469 44.8190375241 62.9229938681 44.7573691238 61.3920429442 45.0041331717 45.0404595065 75.5941065452 45.062073006 54.5454100714 45.1339206466 44.7409140557 45.0647552451 45.1263024078 44.8057697251 44.9096937913 44.6407557839 44.7802554017 59.9576019403 59.9576019403 59.9576019403
