Spatial_Output/BAU/BAU_1210.asc
NCOLS 155
NROWS 192
XLLCORNER 196307.867259
YLLCORNER 449144.565805
CELLSIZE 33.573938
NODATA_VALUE NaN
[rows 99 to 131 of 192, columns 76 to 151 of 155]
50.8557141381 50.8557141381 50.8557141381 28 28 28 28 28 28 28 28 28 28 68.9037298434 28 28 28 28 28 28 28 28 28 28 28 28 28 50.8446472492 50.8446472492 28 28 28 28 28 28 28 65.5502036439 66.5013342577 67.2683478703 67.3961832041 68.854826484 68.854826484 28 28 49.564430723 49.564430723 51.3039528044 51.3039528044 50.2798342218 28 50.2798342218 50.2798342218 47.926826548 28 47.926826548 47.926826548 28 69.3649431195 41.1115156018 41.1115156018 54.7143412392 54.7143412392 62.7053133142 62.4106245815 67.2598287413 62.2381492199 67.2598287413 67.2598287413 0 0 0 0 0 0 0 0
28 50.8557141381 50.8557141381 28 28 28 28 28 28 28 28 28 28 28 28 28 28 28 28 28 28 28 28 28 28 28 28 28 75.6812464475 75.6812464475 28 28 28 28 53.2517056047 65.5502036439 65.5502036439 39.2726893372 67.3961832041 68.854826484 68.854826484 68.854826484 49.9708973333 28 49.564430723 49.564430723 51.3039528044 51.3039528044 50.2798342218 50.2798342218 50.2798342218 50.2798342218 28 47.926826548 47.926826548 47.926826548 41.1115156018 69.3649431195 41.1115156018 52.7608913361 52.7608913361 52.7608913361 62.4106245815 48.6521785496 67.2598287413 67.2598287413 67.2598287413 0 0 0 0 0 0 0 0 0
55.8527233789 55.8527233789 55.8527233789 28 28 28 28 28 28 28 28 28 28 28 28 28 28 28 28 28 28 28 28 28 28 28 28 28 54.0149463826 28 59.3889494859 59.3889494859 55.1087386325 48.2270494628 53.2517056047 65.5502036439 65.5502036439 66.5013342577 28 67.3961832041 55.3980809176 68.854826484 49.9708973333 28 49.564430723 28 51.3039528044 51.3039528044 50.2798342218 28 50.2798342218 28 28 77.0065455557 28 28 28 28 28 52.7608913361 52.7608913361 71.6693287611 48.6521785496 48.6521785496 0 0 0 0 0 0 0 0 0 0 0 0
66.3094970224 53.4772563947 66.3094970224 28 28 28 28 28 28 28 28 28 63.3015278666 63.3015278666 63.3015278666 28 28 28 28 28 28 57.3539183528 56.8428460481 28 28 68.3586336607 28 28 65.8369833404 65.8369833404 59.3889494859 59.3889494859 55.1087386325 48.2270494628 28 53.2517056047 28 61.4760732097 57.3384230751 56.713633434 57.3384230751 28 28 28 28 28 28 28 28 28 28 28 28 28 28 28 28 28 47.0392395474 61.668401399 61.668401399 56.8609188191 48.6521785496 48.6521785496 48.6521785496 0 0 0 0 0 0 0 0 0 0 0
53.4772563947 53.4772563947 53.4772563947 28 28 28 28 28 28 28 28 28 47.4938356315 63.3015278666 52.2250481223 47.4938356315 62.9544273927 28 28 57.7956443368 28 57.3539183528 56.8428460481 56.8428460481 56.8428460481 28 28 54.0149463826 65.8369833404 65.8369833404 71.4256959142 59.3889494859 55.1087386325 28 28 28 28 28 56.713633434 56.713633434 56.713633434 28 28 28 28 28 28 28 28 28 28 28 28 28 28 28 28 54.6582227006 28 47.0392395474 47.0392395474 63.7483269059 48.6521785496 48.6521785496 48.6521785496 0 0 0 0 0 0 0 0 0 0 0
46.3417212917 46.3417212917 44.9504002405 28 51.6688368335 51.6688368335 48.4436591938 48.4436591938 55.3802929988 55.3802929988 28 47.4938356315 55.8536488127 55.8536488127 47.4938356315 47.4938356315 62.9544273927 62.9544273927 62.9544273927 57.7956443368 57.7956443368 57.3539183528 56.8428460481 56.8428460481 28 28 28 51.8641593682 82.2181701616 28 28 28 28 28 28 28 28 28 28 71.3905057507 28 28 28 28 28 28 28 28 28 28 28 28 28 28 28 28 28 54.6582227006 54.6582227006 54.6582227006 28 0 0 48.6521785496 48.6521785496 0 0 0 0 0 0 0 0 0 0 0
46.3417212917 46.3417212917 46.3417212917 59.2410181084 51.6688368335 51.6688368335 50.2946307506 50.2946307506 55.3802929988 55.3802929988 63.8265113148 28 55.8536488127 55.8536488127 45.4843271198 47.4938356315 62.9544273927 28 28 57.7956443368 28 28 58.2185988785 28 28 28 28 73.7568476852 73.7568476852 73.7568476852 28 28 28 28 28 28 28 28 71.3905057507 61.7142477984 61.7142477984 28 28 28 28 28 28 28 28 28 28 28 28 28 28 28 64.3018168497 64.3018168497 54.6582227006 28 0 0 0 0 0 0 0 0 0 0 0 0 0 0 0 0
67.4671846104 46.3417212917 59.2410181084 28 51.6688368335 51.6688368335 50.2946307506 48.4436591938 55.3802929988 28 28 52.0596529011 45.4843271198 45.4843271198 45.4843271198 45.4843271198 28 28 28 28 28 28 28 28 28 28 28 28 73.7568476852 73.7568476852 28 28 28 28 28 28 28 28 61.7142477984 61.7142477984 61.7142477984 28 28 28 28 28 28 28 28 28 28 28 28 28 28 79.9888978134 64.3018168497 64.3018168497 64.3018168497 28 0 0 0 0 0 0 0 0 0 0 0 0 0 0 0 0
51.3734167743 28 28 28 28 55.9833641658 55.9833641658 55.9833641658 28 28 28 28 28 28 28 28 28 28 28 28 28 28 28 28 28 28 28 41.2048332544 68.16974657 68.16974657 28 28 28 28 28 28 28 28 62.4843424958 61.7142477984 62.4843424958 28 28 28 28 28 28 28 28 28 28 28 28 28 28 28 64.2703575195 28 28 28 0 0 0 0 0 0 0 0 0 0 0 0 0 0 0 0
51.3734167743 28 28 28 28 28 28 53.3718217032 28 28 28 28 28 28 50.7149184516 60.352978606 28 28 28 28 28 28 28 28 28 28 28 68.16974657 68.16974657 68.16974657 68.16974657 28 73.6622438001 54.2204232518 54.2204232518 55.0210547113 68.1299222302 68.1299222302 70.4131495707 62.4843424958 62.4843424958 28 28 28 28 28 28 28 28 28 28 28 28 28 64.2703575195 64.2703575195 64.2703575195 28 28 0 0 0 0 0 0 0 0 0 0 0 0 0 0 0 0 0
47.2200976628 70.5285661392 28 28 28 53.3718217032 28 28 47.0006296458 28 28 28 53.2244359883 50.7149184516 50.7149184516 50.7149184516 28 35.1877415418 53.1992031027 50.0457678384 28 28 70.3415471832 70.3415471832 28 28 28 83.1148892309 28 47.6219227296 47.6219227296 73.6622438001 73.6622438001 73.6622438001 54.2204232518 68.1299222302 68.1299222302 68.1299222302 61.7241123477 61.7241123477 61.7241123477 28 28 28 28 28 28 54.7117411275 28 50.1247358119 42.0176526119 65.0002044258 28 28 81.5621379243 64.2703575195 64.2703575195 28 28 0 0 0 0 0 0 0 0 0 0 0 0 0 0 0 0 0
49.3414466376 49.3414466376 42.0424970862 43.7756566155 62.8873765144 62.8873765144 50.0600276313 50.0600276313 47.0006296458 47.0006296458 45.0773133589 28 53.2244359883 51.0925425064 51.0925425064 28 73.1475727801 35.1877415418 35.1877415418 50.0457678384 50.0457678384 56.34972847 70.3415471832 70.3415471832 28 28 28 28 72.3751354651 47.6219227296 47.6219227296 28 73.6622438001 54.2204232518 54.2204232518 55.0210547113 68.1299222302 28 28 61.7241123477 61.7241123477 28 28 28 28 28 28 54.7117411275 54.7117411275 28 42.054633011 42.054633011 60.197821131 57.5720387376 57.8028596382 28 28 28 28 0 0 0 0 0 0 0 0 0 0 0 0 0 0 0 0 0
49.3414466376 49.3414466376 73.0862359348 28 28 50.0600276313 50.0600276313 50.0600276313 47.0006296458 47.0006296458 45.0773133589 28 53.2244359883 51.0925425064 60.8979321566 28 83.5258447946 35.1877415418 28 50.0457678384 56.34972847 28 28 70.3415471832 28 28 28 28 72.3751354651 55.8186001753 28 28 28 28 28 28 28 28 28 53.3924420662 45.4096157691 28 28 28 28 28 40.0528962246 54.7117411275 50.1247358119 28 42.0176526119 42.054633011 42.054633011 42.054633011 57.104487388 47.2350768781 28 28 28 52.1488716001 40.7781986634 0 0 0 0 0 0 0 0 0 0 0 0 0 0 0
49.3414466376 49.3414466376 42.0424970862 28 48.515321373 62.8873765144 43.889367374 43.889367374 47.0006296458 49.9941260081 28 28 28 28 60.8979321566 60.8979321566 28 28 28 28 28 28 28 28 28 28 28 28 28 56.2556687977 55.8186001753 28 28 28 28 28 28 28 59.7263555661 59.7263555661 59.7263555661 59.7263555661 28 28 28 28 28 28 28 28 79.2586773354 42.054633011 57.5720387376 57.104487388 57.104487388 57.104487388 28 28 52.1488716001 52.1488716001 52.1488716001 40.7781986634 0 40.7781986634 0 0 0 0 0 0 0 0 0 0 0 0
28 28 28 28 28 28 43.889367374 43.889367374 51.2719653011 28 28 28 28 28 60.8979321566 60.8979321566 28 28 28 28 28 28 28 28 28 28 28 28 28 56.2556687977 28 28 28 28 28 28 28 28 28 28 59.7263555661 28 28 28 28 28 28 28 28 28 79.2586773354 79.2586773354 79.2586773354 46.7203586665 57.104487388 28 28 28 52.1488716001 52.1488716001 40.7781986634 40.7781986634 0 40.7781986634 40.7781986634 0 0 0 0 0 0 0 0 0 0 0
28 28 28 28 28 64.1040814431 60.8395151019 28 55.6786772444 28 28 28 28 28 45.821847668 45.821847668 28 28 28 28 28 28 28 28 28 28 28 28 28 60.1981721207 28 28 28 28 28 28 28 28 28 28 28 59.7263555661 28 28 28 49.1685732307 49.1685732307 28 28 79.2586773354 64.7995452276 28 28 63.3262148094 63.3262148094 28 28 28 0 0 0 0 0 40.7781986634 40.7781986634 0 0 0 0 0 0 0 0 0 0 0
28 41.7177860489 41.7177860489 54.6370522175 54.6370522175 64.1040814431 64.1040814431 28 55.6786772444 48.1617318729 65.0854695489 28 50.8209919356 45.821847668 67.9671087347 67.9671087347 67.9671087347 28 28 28 28 28 28 28 28 28 28 28 60.1981721207 60.1981721207 60.1981721207 28 28 28 28 28 28 47.7780521847 28 28 56.5420144643 46.7167479167 56.2460285217 56.2460285217 28 49.1685732307 49.1685732307 46.9526318533 50.5010186134 69.4916102682 69.4916102682 79.2586773354 28 51.1045395287 28 28 28 57.736153207 37.2637924353 57.3874499766 57.3874499766 0 0 0 0 0 0 0 0 0 0 0 0 0 0 0
41.7177860489 64.1985437759 64.1985437759 54.6370522175 54.6370522175 64.1040814431 60.8395151019 55.6786772444 55.6786772444 55.6786772444 48.1617318729 65.0854695489 28 28 54.3373108992 54.3373108992 77.3998729604 55.3615877463 28 69.0744701693 61.0008530701 50.2264662413 49.047409734 28 28 52.5046484791 52.5046484791 28 60.1981721207 60.1981721207 56.6717497129 56.6717497129 51.0814823898 51.0814823898 28 28 47.7780521847 47.7780521847 60.0485689974 56.5420144643 56.5420144643 56.5420144643 46.7167479167 56.2460285217 28 49.1685732307 49.1685732307 50.5010186134 50.5010186134 45.6459122554 45.6459122554 45.6459122554 67.5821794551 66.5283000243 28 28 28 57.736153207 37.2637924353 37.2637924353 57.3874499766 0 0 0 0 0 0 0 0 0 0 0 0 0 0 0
53.9154991691 64.1985437759 64.1985437759 28 54.6370522175 41.4889568658 28 28 28 48.1617318729 65.0854695489 50.8209919356 50.8209919356 28 54.3373108992 77.3998729604 55.3615877463 55.3615877463 55.3615877463 69.0744701693 50.2264662413 50.2264662413 55.4760433353 72.4386313898 28 52.5046484791 52.5046484791 52.5046484791 64.6475615072 64.6475615072 56.6717497129 56.6717497129 51.0814823898 51.0814823898 28 67.6400698135 28 47.7780521847 28 49.2557498451 56.5420144643 49.2557498451 28 56.2460285217 28 28 28 28 50.5010186134 69.4916102682 45.6459122554 66.5283000243 51.9831972763 66.5283000243 28 28 28 57.736153207 37.2637924353 57.3874499766 0 0 0 0 0 0 0 0 0 0 0 0 0 0 0 0
28 69.3004524354 45.8367760316 45.8367760316 28 28 28 28 28 28 28 28 28 28 54.3373108992 54.3373108992 77.3998729604 55.3615877463 69.0744701693 69.0744701693 61.0008530701 50.2264662413 49.047409734 28 28 52.5046484791 52.5046484791 28 64.6475615072 45.9299417807 28 56.6717497129 28 51.0814823898 28 67.6400698135 28 28 28 28 49.2557498451 28 28 28 53.7290212074 38.9024699652 43.584061002 72.7729471295 28 42.0257065319 42.0257065319 67.5821794551 51.9831972763 51.9831972763 51.9831972763 28 66.9575347672 0 0 0 0 0 0 0 0 0 0 0 0 0 0 0 0 0 0 0
28 45.8367760316 45.8367760316 45.8367760316 49.2503788541 28 28 28 28 28 28 28 28 28 58.2884524699 58.2884524699 58.2884524699 28 28 28 28 28 28 28 28 28 28 28 28 47.2457294613 47.2457294613 28 28 28 28 28 28 28 28 28 28 28 51.1017839113 52.4397949985 53.7290212074 43.584061002 43.584061002 43.584061002 28 28 42.0257065319 42.4392231399 51.9831972763 42.4392231399 28 28 0 0 0 0 0 0 0 0 0 0 0 0 0 0 0 0 0 0 0 0
28 28 49.2503788541 49.2503788541 72.595795203 28 28 28 28 28 28 28 28 28 28 28 28 28 28 28 28 28 28 28 28 28 28 28 47.2457294613 47.2457294613 47.2457294613 47.2457294613 28 28 28 28 28 28 55.140401914 50.9964986557 56.8676580665 56.8676580665 28 52.4397949985 53.7290212074 53.7290212074 43.584061002 43.584061002 28 28 28 58.0314349033 42.4392231399 42.4392231399 28 28 0 0 0 0 0 0 0 0 0 0 0 0 0 0 0 0 0 0 0 0
28 28 74.0529961031 52.8296088381 52.8296088381 43.6715923543 28 28 28 28 28 28 28 28 28 47.4389066192 47.4389066192 28 28 28 28 28 28 28 28 28 28 28 28 28 28 28 28 28 28 28 88.5440282485 80.4755830857 53.480848403 50.9964986557 56.8676580665 56.8676580665 28 52.4397949985 28 60.5433541603 28 28 28 28 58.9593888607 58.9593888607 58.9593888607 28 28 0 0 0 0 0 0 0 0 0 0 0 0 0 0 0 0 0 0 0 0 0
28 28 28 52.8296088381 52.8296088381 52.8296088381 28 28 28 28 28 28 28 28 47.4389066192 47.4389066192 47.4389066192 28 28 28 28 28 28 28 28 28 28 28 28 52.9292712116 28 28 28 54.0625245396 57.9951946281 57.9951946281 80.4755830857 80.4755830857 80.4755830857 53.480848403 50.9964986557 56.8676580665 28 28 28 28 28 28 28 28 28 56.7607226701 58.9593888607 28 28 0 0 0 0 0 0 0 0 0 0 0 0 0 0 0 0 0 0 0 0 0
28 28 28 52.8296088381 62.5662682651 28 28 28 28 28 28 28 28 28 28 28 28 28 28 28 28 28 28 28 28 28 46.2464746919 28 58.9156359731 47.8102236673 73.310157322 73.310157322 42.5056840213 54.0625245396 54.0625245396 28 28 88.5440282485 28 28 28 28 28 28 28 28 28 28 28 28 56.7607226701 56.7607226701 58.9593888607 28 28 0 0 0 0 0 0 0 0 0 0 0 0 0 0 0 0 0 0 0 0 0
28 28 28 28 66.957679915 28 28 28 28 28 28 28 28 28 28 47.4389066192 28 28 28 28 28 28 28 49.8644307694 28 67.994463862 46.2464746919 28 58.9156359731 47.8102236673 47.8102236673 73.310157322 42.5056840213 54.0625245396 28 57.9951946281 28 28 28 28 28 28 28 28 28 28 28 28 28 82.0096691827 28 56.7607226701 56.7607226701 28 0 0 0 0 0 0 0 0 0 0 0 0 0 0 0 0 0 0 0 0 0 0
28 28 28 28 66.957679915 28 66.957679915 28 28 28 28 28 28 28 28 47.4389066192 28 28 28 28 28 28 53.5277654392 49.8644307694 49.8644307694 67.994463862 28 28 47.8102236673 47.8102236673 47.8102236673 47.8102236673 28 28 28 28 28 28 28 28 86.8790344595 86.8790344595 28 28 28 28 28 28 28 40.9631213377 40.9631213377 40.9631213377 50.537347839 28 0 0 0 0 0 0 0 0 0 0 0 0 0 0 0 0 0 0 0 0 0 0
28 28 28 28 45.2752122192 45.2752122192 44.7418881548 75.1832308256 28 28 28 62.9258452811 28 28 28 28 28 28 47.3904239586 28 53.5749187604 53.5749187604 53.5277654392 49.8644307694 49.8644307694 67.994463862 28 46.2464746919 28 28 28 28 28 28 28 28 28 28 28 86.8790344595 86.8790344595 86.8790344595 86.8790344595 28 28 28 28 28 28 58.313498121 40.9631213377 40.9631213377 28 28 0 0 0 0 0 0 0 0 0 0 0 0 0 0 0 0 0 0 0 0 0 0
28 85.433846059 52.9557229604 52.9557229604 45.2752122192 45.2752122192 45.2752122192 54.0012219991 75.1832308256 60.5619069699 40.2870425036 60.5381235166 60.5381235166 45.1684433571 45.6653950992 51.9170209293 51.9170209293 28 28 28 53.5749187604 53.5749187604 53.5277654392 53.5277654392 49.8644307694 28 28 28 28 28 28 28 28 28 28 28 28 28 28 28 52.4751414256 52.4751414256 52.4751414256 28 28 28 28 28 51.1518243291 46.8859881272 46.8859881272 57.9546814571 28 0 0 0 0 0 0 0 0 0 0 0 0 0 0 0 0 0 0 0 0 0 0 0
65.5317399662 85.433846059 52.9557229604 52.9557229604 28 28 44.7418881548 54.0012219991 75.1832308256 59.129125542 40.2870425036 60.5381235166 60.5381235166 45.6653950992 45.6653950992 51.9170209293 51.9170209293 28 28 28 53.5749187604 28 28 28 28 28 28 28 28 28 28 28 28 28 28 28 28 28 28 28 28 52.4751414256 45.9457616145 28 28 28 28 28 51.1518243291 46.8859881272 46.8859881272 28 28 0 0 0 0 0 0 0 0 0 0 0 0 0 0 0 0 0 0 0 0 0 0 0
28 28 85.433846059 52.9557229604 28 63.8780399292 63.8780399292 28 59.129125542 28 40.2870425036 62.9258452811 28 45.1684433571 45.6653950992 71.9961485717 51.9170209293 28 28 28 28 28 28 28 28 28 28 28 28 28 28 28 28 28 28 28 28 28 28 28 45.9457616145 44.269298669 47.9892664097 28 28 28 28 46.0707225357 46.0707225357 40.2651999983 51.1518243291 28 28 0 0 0 0 0 0 0 0 0 0 0 0 0 0 0 0 0 0 0 0 0 0 0
28 28 28 28 63.8780399292 28 41.1698221117 75.8370540448 28 28 28 28 28 28 28 28 28 28 28 28 28 28 28 28 28 28 28 28 28 28 28 28 28 28 28 28 28 28 28 28 44.269298669 44.269298669 44.269298669 28 28 28 28 40.2651999983 40.2651999983 40.2651999983 46.0707225357 28 0 0 0 0 0 0 0 0 0 0 0 0 0 0 0 0 0 0 0 0 0 0 0 0
28 28 28 28 28 46.2774022516 41.1698221117 41.1698221117 28 28 28 28 28 28 28 28 28 28 28 28 28 28 28 28 28 28 28 28 28 28 28 28 28 28 28 28 28 28 28 28 76.0902750983 44.269298669 28 28 28 28 28 28 65.3978555643 40.2651999983 28 28 0 0 0 0 0 0 0 0 0 0 0 0 0 0 0 0 0 0 0 0 0 0 0 0
