Spatial_Output/BAU/BAU_0177.asc
NCOLS 155
NROWS 192
XLLCORNER 196307.867259
YLLCORNER 449144.565805
CELLSIZE 33.573938
NODATA_VALUE NaN
[rows 26 to 51 of 192, columns 57 to 113 of 155]
44.8804602152 44.5754570739 44.6270972407 44.7710145522 71.3664570225 71.3664570225 55.867436865 44.7700372633 81.9849482168 65.368976697 51.9775127021 45.0832838887 44.8011779505 45.0623435404 45.0966473504 45.0511232217 44.7726362781 45.1057249962 44.58779917 44.8040212632 44.7706335118 44.8609186802 44.8430750771 44.6025693121 44.5756598892 44.8784015084 0 0 0 0 0 45.0838057399 44.6445821987 44.8280770875 44.5712534762 44.7396139901 0 0 0 0 45.1990429609 44.875019958 44.801489357 44.8659351013 44.7225961185 44.8026399132 45.0360721843 44.9586715618 44.8316727245 45.0853672442 44.756123353 44.7391712425 45.1529019344 44.708551359 44.8589660787 44.6705168042 44.8290080244
44.6560826716 44.6157944689 44.5995028538 45.0615053802 67.2825733713 67.2825733713 45.0277153913 59.2446771891 51.9775127021 65.368976697 65.368976697 65.368976697 44.5602270276 44.9233684038 44.6864001963 45.0937023296 44.7530223135 44.9228702391 44.7867167615 44.9345932824 44.5184572287 44.6545712486 44.7761542709 44.8840106978 45.162916919 44.5541566878 44.5030716839 45.1586721378 44.7659966954 44.9958927872 44.7818592758 45.1249840534 44.5943255693 44.63426833 45.1223038196 44.6251692468 45.1938486336 44.6774880473 0 44.8514415907 45.0824049195 44.6992381051 44.7397656623 44.5610958819 44.9671105518 45.1138480472 45.1678594325 44.5727284202 44.8400776654 44.6650169286 44.6628788054 44.8317856447 44.6009386399 44.9202205048 44.8140501705 44.6655525143 44.9730703003
44.9847750804 44.9414783877 44.65097669 44.7310805884 67.2825733713 67.2825733713 55.867436865 59.2446771891 65.368976697 65.368976697 65.368976697 68.6535872883 68.6535872883 45.1145510163 44.8218731768 44.9504512402 44.7580415106 44.6129309251 44.7112722877 45.0648023312 44.597284269 45.0300995771 44.9096180684 45.0779573725 44.9323667266 44.6596583533 45.1664130028 44.6433981885 45.0592176582 44.9681648665 45.0643756705 45.0683228503 45.1191075129 44.8005881438 45.1968641644 45.2009380927 45.09141438 44.5777588741 44.5638390025 44.916541147 44.834682573 44.615173189 44.9484044405 44.971686158 44.7294463232 44.625195484 44.6734284139 45.0541874933 44.8927528928 44.9199340585 44.9277625643 44.9512908975 44.5379617175 44.9859804887 44.512750896 45.0414669533 45.0527474269
44.8065870114 44.6229895505 45.1100152548 45.0201965425 67.2825733713 60.4175842185 44.5983248543 45.1213894646 45.0346272626 64.3240121353 68.6535872883 68.6535872883 44.9852753711 44.8559022603 44.9062849461 44.7170171922 45.122228346 44.9815395703 44.6642121788 44.6570802861 44.572440671 44.5790113657 44.6722677083 45.1665710794 45.2042110444 44.687064635 44.6129943956 44.7232125528 44.6721686408 44.760358889 44.5276153801 44.775658924 44.7310402865 44.8165228074 44.6657676871 45.1333027766 45.0741503594 44.7165420095 44.6042033637 44.848421074 44.6470686365 44.6500257673 45.1025826411 44.64263589 44.6118333105 45.1529525506 44.5280312497 44.7474396461 45.1631490863 45.0915128075 44.7591747762 44.5544938057 45.0703045766 45.2008284947 44.9467195975 44.5146601935 45.0421421153
44.6025790243 44.9865557031 44.5247174315 45.0637288939 60.4175842185 60.4175842185 45.2039586445 44.9237422718 45.0943293593 45.0641704967 62.12274138 62.12274138 62.12274138 44.5337550479 44.5112705784 44.6369593969 45.1169716171 44.8547199571 44.9902493792 45.118238198 45.0169306924 44.5805055045 44.8100190919 44.7950155505 44.8889599739 44.7772400633 44.8354736968 44.7590038174 44.8978905107 44.7015284458 44.8547923454 44.8487251945 45.0270376192 45.0648591753 44.5070710647 45.1489694741 45.1161259517 45.1110528626 45.0790185773 44.6973821644 44.993795197 45.0243633368 44.7944358855 45.1431859456 44.5235137138 45.1862893594 45.1895351343 45.1373150205 44.6251932955 44.9971285417 44.5808798404 45.0644601512 45.1048658361 44.8965886841 45.0146513774 44.9372044976 44.7593896924
45.0935124843 44.9891936589 44.9705915093 44.688371748 45.1522029392 70.4742304207 70.4742304207 78.4908763086 44.7412701389 45.1375939804 62.12274138 62.12274138 44.8866627117 44.8208299309 44.8093781874 44.5444143342 45.167698426 45.1367148594 44.5278561909 44.5089928336 45.1887394316 45.1422406165 44.9464036974 44.7127047289 44.843087581 45.130108381 45.1368621556 44.6417058821 44.5753319697 44.8491436861 45.1706831807 44.7081306419 44.9347186268 44.6212307476 44.5141015968 44.5630647717 44.7706648 44.8103332094 44.7472939313 44.7742908846 44.5545428353 45.1881404003 45.0100071144 44.8465338128 44.6237328672 44.8584283951 45.1841938072 44.8975359231 44.5493596654 44.8873019278 44.9539570895 45.1422510826 44.7597063752 45.0873358183 45.0283017535 45.1003571046 44.5956250088
45.0014350031 44.9129733984 44.6775307223 44.6708947602 44.8513257919 70.4742304207 78.0701191679 78.0701191679 45.0565506204 44.8967798388 45.1728400851 45.0587962467 44.5898750134 44.6050809889 44.8704564504 44.8873034884 44.8489002735 44.5818106497 44.6495805697 44.5260866194 44.5352287278 44.5686597846 44.946064199 44.5013764527 44.9184494105 44.8905124175 44.9983222496 44.9904897479 44.747694195 44.6833620088 45.1893719905 45.1876749318 44.5094131585 44.899646353 44.6007731287 45.037266842 45.1375672996 44.7128191855 45.1451556077 44.6115402167 44.887327655 45.0671062689 44.5220521314 44.51330509 44.940888753 44.5559233305 44.6823226796 45.0147812584 45.0949265564 44.6170726658 44.8887000712 44.7583976701 45.2050003915 44.6389473631 44.8550742051 44.9379638318 44.9078825256
44.9756569441 44.7949980802 44.5624041069 44.8727654988 44.8236586207 78.0701191679 78.0701191679 44.6882046815 45.1463247057 44.6662671302 44.9453421419 44.5578243055 45.0806884102 44.8332957685 44.6720824752 44.946052997 44.6636856899 44.6782460287 44.864270894 44.8725145834 44.7343970411 44.8365933801 45.0878510339 44.9432917183 45.1163031716 44.8110002219 44.7262399988 44.8172508207 44.7054486737 44.7962228157 44.7599720434 45.1684350223 44.8451717935 44.873355621 45.0232884319 44.760939881 44.5795905335 44.5945483752 44.8750492609 44.7787431135 45.0749137714 44.8383660395 44.6130259078 44.9504624659 44.5134319029 44.6719224827 44.7048681426 44.5586063133 44.6064615757 45.0280391219 45.1820265919 44.9708511113 44.7235679729 44.9106665058 44.8019545376 44.5104003209 44.8099870418
44.6299525181 44.7637008404 44.9886944997 44.8673307847 44.9653756104 44.6261941927 44.5645209594 60.8366614169 44.7083219078 45.0846014861 45.0936025093 45.2006221198 44.5026420513 45.112664682 45.1478980801 44.7311968903 44.8858714286 44.8348637701 44.5033332614 44.9235392986 45.1210475315 44.7380737233 45.1247415783 44.9808012721 44.7863501487 44.5717498423 45.0778153374 44.6841430036 45.0562667908 44.7271236087 44.684152688 44.5470126932 44.7714759246 44.8346718661 44.8567291648 44.9300305387 44.665976551 44.5910757882 44.6672669806 44.9350629349 45.0121229541 44.5115368973 44.8120655283 45.1579334984 44.9333999022 45.092446045 45.0711743635 44.9259198953 44.8997058394 44.5459089103 44.8378787658 44.678621334 44.8912412251 44.6163030871 45.1063837313 45.1058518451 44.6214213742
44.9335920057 45.0586783061 45.1136953459 45.0543641927 44.7468394656 44.9773003753 44.9610533749 60.8366614169 60.8366614169 44.6648723413 44.5539632008 45.0605231292 44.6467673166 45.0583691669 44.7742786572 44.7682920941 44.8094903986 44.5915441925 44.9673863714 44.6575415366 44.8522790626 44.5315402292 44.7347470337 44.6499739242 44.7218660748 44.7411828379 44.6063139134 44.7283687262 44.7559538561 44.8723571656 44.5956321173 45.1038254321 45.0217861554 44.7060885223 44.7535941519 44.8961038872 44.87435109 45.039266275 44.8026553045 44.911993243 44.7256850459 44.8151459671 44.6443677189 44.676345249 44.6178431067 44.9301846118 44.6151567654 44.9426090892 44.9479409565 44.9192599404 44.6918670511 44.8376235898 45.1771015479 44.9118861269 44.6847710497 45.1547676784 44.9161057847
44.851514067 44.8041910748 44.9881852712 44.7642634219 45.0200114153 44.6323343907 60.8366614169 60.8366614169 45.132044054 44.5112043775 45.1931698961 44.9343908725 44.569742279 45.1329385483 44.5975679233 44.7801696497 44.9492307181 44.5371192632 45.0539547907 44.8194302279 44.752646711 44.7105553754 45.1637440429 45.1537460925 44.8171345935 44.9173300725 44.9643765477 45.0085807927 44.8604885675 44.694678256 44.9440488947 44.7547360529 44.6426993429 45.1664022723 44.7250393383 44.525625378 44.6169651202 45.1229795798 44.9319307956 44.5926695715 45.1712593159 45.1314226728 44.5427372819 45.1422368649 45.1141532951 44.7993516415 44.682822638 44.962977031 44.5717905241 45.0670291725 44.6902258622 44.6423546873 45.0529929325 44.9388695718 44.9060907493 44.8814765534 45.1068471141
44.5113403516 44.5341581513 45.1568540169 44.5100274089 89.8525854022 89.8525854022 82.3061470256 44.7120081758 45.0065349616 44.58257488 44.8844633431 44.634171251 44.9782113149 44.6382580747 45.045059857 45.0959817553 44.6402041094 44.7307286799 44.8815290059 44.6113797941 44.8293229171 44.7680602231 44.9783842422 44.5536451408 44.8548012722 45.1173789094 44.5154839026 44.5276637429 44.7479413953 44.9173469961 45.1603098236 45.2022175172 44.8575390205 44.6753871005 44.7917928844 45.1472617119 45.0114251736 45.0461290705 44.5582210951 44.9451963068 44.9924235535 44.6232086111 44.6236685379 44.8032144921 44.9636555172 45.1605089742 44.9605801356 44.5079653054 44.6757500262 44.9742460171 44.6155891444 44.5943661834 44.6968600577 45.1312250924 44.8582959707 44.9368594225 45.0837937882
44.5157147561 45.1921555535 44.7360148229 63.0899206352 63.0899206352 89.8525854022 44.7438885546 44.9783376519 45.0125913498 44.6019572148 44.5535155449 45.02809955 45.0163320526 44.7029930024 44.7393906715 44.9012279303 44.8052595355 44.5672791086 45.1228807952 44.5875724354 44.949007124 44.5127174484 44.7713144543 44.7714839072 44.9549596373 44.9987514552 45.0991000856 45.2069202226 44.7547100913 44.6866938053 45.2021282798 45.1075418984 45.0255321998 44.7255067431 44.505421942 44.9492820343 45.0579095841 45.0695864948 44.8504215524 44.5830099699 44.8969219631 44.8387987454 44.7674007003 45.0858515746 44.9501722655 45.088073915 44.5926740329 45.0119938606 45.1281971649 45.1741168004 44.782352683 44.6446446322 44.8515084143 45.1401992352 44.804175068 45.0437668746 45.013020303
45.0207696788 44.7933267625 44.5730961305 63.0899206352 63.0899206352 73.5950334009 44.6839357106 44.729121837 45.0809868125 44.5290094308 44.9240602593 45.1267555377 45.2011335333 45.174281142 44.9290351534 44.8012178985 44.5205572335 44.9055346082 45.1766430771 45.1450555222 44.660014777 44.7884651809 44.7186400433 45.0275295184 44.7845828265 44.8795560424 44.775959339 44.558337936 44.8274351172 45.1040460455 44.9568474703 44.6646809307 44.648386047 44.9355139343 45.1680856177 44.5243755663 44.771494426 45.0555341868 44.6010606691 44.9460678719 44.5308768784 44.7819132389 44.7913641415 44.5329283677 44.6230731875 44.7418859184 44.8187186694 45.192345542 45.0601859144 45.0679020625 45.012238796 44.8647639635 44.7235818155 44.5807123962 44.8559369666 44.7749403374 45.0164951705
45.1049007842 44.9552612686 44.8954712996 65.9367262589 63.0899206352 63.0899206352 44.9421304373 45.101414101 44.8485705278 44.6293748169 44.5711961551 44.9323930213 44.8084895632 45.1679144495 44.5152960821 44.8206269298 44.5820293258 44.9840296077 45.1742975211 44.7666106933 44.6780764144 44.9013358181 45.0260567283 44.7363648246 44.5818874608 44.7860076241 45.0843708492 44.5086309557 44.6390942615 45.157624434 44.91037301 45.1398672374 44.5904905955 44.7817854174 44.7190676648 44.9385973766 44.9963135995 45.0193991984 44.8568624771 44.8195133306 44.8614136135 44.6351362163 45.126430271 45.0327279644 44.5767045969 44.8428677584 44.9371570493 44.5163837295 44.7535232839 45.1496917106 44.6537165051 44.902873608 45.0972659305 44.5972384235 44.7727322133 44.8469258263 44.7005143711
45.1413520143 44.983898293 44.5565042322 61.5073877798 66.5652327881 66.5652327881 61.5073877798 45.0890907477 44.9757278656 45.1107016073 45.1509249958 45.0497624246 44.966332447 44.8759441885 45.1606677454 44.6408101097 44.8951385983 45.1352174665 44.9617554223 44.8072116651 44.5979855365 44.6785163148 44.9073435251 44.6508263868 44.6757164765 44.5649807926 44.8113812006 44.7790884473 45.0559150171 44.7055232731 44.7361968872 44.6869678553 44.7644738398 44.8305793345 44.9313265657 45.1600491467 45.1234271131 44.7852165436 45.1993419308 44.9561021663 44.7937256003 44.6389769568 44.5704014064 45.1391710011 44.6454602884 44.9147959206 44.9921784732 44.8258951788 44.7688132723 44.749581973 45.1321343027 44.6597124179 44.6198344941 44.7708416814 45.1678506399 44.8577978473 44.9220548023
44.6495288781 44.6801824908 44.7568199445 66.5652327881 66.5652327881 66.5652327881 45.1394989145 44.8472454053 44.5113511918 45.0131462052 45.1632939413 44.6558274081 44.7014298423 53.3760575238 44.6761424301 44.8062325629 44.6652436464 45.1672900757 44.6478099509 45.0461077278 44.7639128441 45.1359753792 45.0344990487 45.0898790828 44.6687211831 45.040453812 44.8612281824 44.6552818316 45.1440180253 44.799530247 44.6851661123 45.1302621951 45.1118957551 44.9908495185 44.92323248 45.1570356293 45.1536204633 45.2065845193 44.5929270571 44.9730985763 44.8691272812 44.8588283099 44.9133372155 44.6998215387 45.1670174071 44.5907173979 44.6160982132 44.7985615925 44.8957215524 45.1823318521 44.5754713951 44.6917945202 45.1556748617 44.6086492902 44.594903389 45.1636417835 44.766633443
44.9521292389 44.6248443489 44.6999451183 65.1429592554 44.5606591312 44.5784174506 44.6850126267 44.9096514856 44.80863687 44.6765272495 44.7759407851 44.8198344262 53.3760575238 53.3760575238 63.6642264898 44.7455330975 45.064891445 44.7918934851 44.9363522106 44.6743366001 44.7167021167 45.1349874635 44.8241642261 45.0264288229 44.5854835264 45.1148104711 44.7659811663 44.879379669 45.12916437 44.5338161964 45.117040192 44.6077160535 44.5989326374 44.8421301914 44.8093707275 45.0614719113 44.7486604953 44.7602090788 45.0682049251 44.8461816858 44.6056994358 44.8446125151 44.7319116581 45.1175204441 44.8279352399 44.5057212032 44.6383566468 44.7069588844 45.1628681505 44.621200303 44.6076186139 44.7276226234 44.6298010111 45.0904584494 44.6495654136 44.7481960802 44.9421282522
44.582680424 44.9426441519 44.5828108261 60.6304023813 60.6304023813 60.6304023813 45.006730694 44.9517818341 44.8525679725 44.8498138778 44.5183459784 44.8674732918 53.3760575238 53.3760575238 51.2657416146 51.2657416146 44.5082011466 44.5269105892 44.5073989808 44.635179019 44.6206518503 45.2040388648 45.1739558897 44.8789399254 44.5868139254 44.7338585364 45.1822248415 44.7657640793 44.5129423784 45.1719355746 44.711129024 45.1215841533 44.7703510911 44.6764822393 44.814986092 44.8439208399 44.9511846314 44.71769602 45.0266156249 44.8337107093 45.1183310678 45.0820765092 44.5441973508 44.573723353 45.1496683667 45.0297659142 45.0094614591 45.1875671233 44.6222407593 44.6267159674 44.8395299108 44.8644792638 44.9506381931 45.1230443029 44.7043152598 44.7387815409 44.9984419232
44.5844001587 44.8681310879 44.5798954746 60.9704265563 60.6304023813 45.0604840173 76.8853941258 44.8761386914 44.9833339795 45.1790569315 44.9771905671 44.5289302577 44.5551035617 44.9363589208 51.2657416146 51.2657416146 44.839246015 44.8693511424 44.5336386383 44.6222736291 44.9236583645 45.0476636952 45.1421034063 44.5380379629 44.9143399083 45.0325426164 45.1923052277 44.5565122532 44.9326346141 44.6232974474 44.6478759353 44.7082595282 44.8185874447 45.1287268406 44.6587842189 44.8452411726 44.6655740663 44.5372199049 44.9094208031 44.8707666998 44.8273022062 44.7371407871 44.5356190087 45.0391592516 44.8768075016 44.5992362252 44.6882227642 45.147045004 45.1015042265 44.6444898232 44.9100841485 44.8939360595 44.9316979257 44.7944546105 45.0401556761 44.7221163038 44.7566863048
45.1789423844 44.7358257305 44.5820594762 45.0358989888 45.1711207126 57.2488533028 44.5575102131 44.5037685173 45.0139117743 44.6383579365 45.0895215454 44.987961779 44.9245206831 44.8083431812 51.2657416146 58.1122622662 58.1122622662 44.7591307489 45.0081358319 44.8311306554 44.9490941736 45.0496371035 44.6230589886 44.8502153487 44.9311334789 44.7922831997 44.7524637174 44.986531363 44.5283613379 45.1879116991 44.5405499965 45.0629376081 44.9820155458 45.1215108478 44.8908077094 44.655683554 44.5770900591 44.9962100677 44.9968958083 44.6186472756 44.8252468505 45.1727426082 44.6648049925 45.0313541015 45.037449923 44.7981390575 44.7445708997 45.0441728092 44.8428467877 45.0196675971 44.7450941259 44.8136168947 44.9257653164 45.0917539594 44.5969162525 45.018612691 44.9898578021
44.8172470641 45.1867396758 44.9775453946 44.8253552526 57.2488533028 57.2488533028 57.2488533028 44.6010776237 44.8377924939 44.9478036091 44.5863174976 44.7971697448 45.1772332005 85.8353394545 85.8353394545 85.8353394545 44.6108576018 44.9842228599 44.6179710243 44.8263141205 45.1040417178 44.8559691108 45.2045068205 44.6269512891 44.783203187 44.8301466076 44.6501271058 44.612369952 45.0362779732 44.8232012576 44.9175199568 44.8086481832 44.8318610429 44.6639862755 44.6662691324 45.133052853 45.1362322131 44.9290074711 44.673712544 44.7701363578 45.1515582995 45.0922047897 44.5264914116 45.1032498878 44.5767776475 45.1844416691 44.5991854834 44.5838318248 45.1779230654 44.6214052557 44.6543640043 44.789024496 45.101344655 45.1814428041 44.7887051455 44.7660549879 45.0981375269
45.1858254844 45.1107314535 45.1458702291 44.5467206254 44.527525814 57.2488533028 44.7000645593 44.9985866914 45.1619976459 45.058288177 44.9021440498 44.760800475 54.8150360493 54.8150360493 99.5036562314 99.5036562314 45.1359289376 44.8236087896 45.1115157915 45.170012798 44.7885394911 44.8954362699 44.956716935 45.0542052097 44.9182516961 44.8147732605 44.740659157 44.6663087059 44.519822976 44.6338807075 44.6047241923 45.2018922278 44.8508643763 44.5031907955 45.1516633373 44.8135046235 44.9090295644 44.6363462785 44.9277069985 44.675312139 45.0832872314 44.6641954495 45.1874313133 44.8821543401 45.0662703719 44.5263651643 44.63332299 44.8231620523 44.9328883302 44.8067152642 44.6959556269 45.1438047623 44.7223802519 44.5037135458 45.0184292038 63.2331146659 62.2023299491
45.1117296639 45.0145322805 45.0039080319 45.0597919344 57.606287374 44.6736143327 45.1010093744 44.9668523335 44.8531707682 44.5790535968 44.5597663704 44.665949189 44.7045106347 54.8150360493 54.8150360493 45.157036401 45.0997807427 45.2061423536 44.6157402737 45.0796621747 44.9479471157 44.773617913 45.0474532576 44.5296255129 44.9798436623 45.0547091472 44.6044159283 44.8298594182 44.9379241453 44.7738231242 44.51963104 44.5249318508 45.1778377876 45.0730588731 44.8844502083 45.0896193903 44.9549849633 44.8325644436 45.053990626 45.1410249297 44.5022531849 45.1424890704 44.8021241763 44.9696346986 45.0846192905 45.145776287 44.5807989843 44.6943486464 44.752459882 44.619378603 45.1744757289 44.5982763018 44.5246392481 44.713107862 55.5945109435 68.9927891708 66.6438004821
44.8685745143 44.914166842 44.9096698862 44.8216731151 44.8839594064 57.606287374 45.1691194114 45.0731555395 45.1735597035 45.1926373169 44.7019434069 44.7794757984 45.1588770338 44.6630680031 54.9422101384 44.885802845 45.0519158727 45.1809974456 45.0224389108 44.5485074171 44.9858145773 45.0353561048 45.01249854 44.6309411014 44.7076974396 44.660099126 44.6921901254 44.6289392952 44.9020990151 45.0786350097 45.1551405059 44.8923576577 44.6396556306 45.1142319729 45.0049346254 44.647663392 45.0368038041 45.1876222489 45.0094924605 45.141074878 45.0091640208 44.7269415789 45.1993527579 45.0114066242 44.532255376 44.7580792426 44.8522689277 45.0615704793 45.1353125992 44.9808721519 44.8248557845 45.0887160722 44.5369709687 55.5945109435 45.0838725246 65.6689983825 72.2339966057
55.7395073641 44.9897806943 44.8747398575 44.5473205699 45.0290744996 44.921780691 44.706948858 45.0850171078 45.0662556474 45.1818938745 44.8771826205 44.9666673637 51.3282098908 51.3282098908 51.3282098908 51.3282098908 45.0691965237 44.6025383743 44.5416523805 45.114037107 44.5760566486 44.5727041994 44.7172043098 44.9167740108 44.7108463679 44.8934137558 45.109457875 44.9299133144 44.9851788631 44.6988256376 44.9410374038 44.6202543691 44.9833289728 45.0101214061 44.502813324 44.6483167815 44.6237043504 44.8029315387 44.7243201793 45.071583786 45.0875303753 45.1545541552 45.0357445715 45.1466521495 45.1813731004 44.6777249684 45.0182487623 44.5973142389 45.1848518684 44.7113232946 45.036397387 44.6260628857 44.8303603624 44.5499646728 44.6405493647 45.1811716262 45.0014260505
