Spatial_Output/BAU/BAU_0899.asc
NCOLS 155
NROWS 192
XLLCORNER 196307.867259
YLLCORNER 449144.565805
CELLSIZE 33.573938
NODATA_VALUE NaN
[rows 108 to 143 of 192, columns 0 to 81 of 155]
0 0 0 0 0 0 0 0 0 0 0 0 0 0 0 0 0 0 0 0 0 0 0 30.6949916754 30.6949916754 30.6949916754 38.4640072516 39.0508946372 19 19 19 19 19 19 19 19 19 19 19 19 19 19 19 19 19 19 19 19 19 38.4270746661 38.4270746661 19 19 19 19 42.4067456608 59.0491188401 19 19 19 19 19 19 19 19 19 19 19 19 19 19 19 19 19 19 19 19 19 19 19 19 19
0 0 0 0 0 0 0 0 0 0 0 0 0 0 0 0 0 0 0 0 0 0 0 50.37929478 50.37929478 0 0 0 19 19 19 19 19 19 19 19 19 19 19 19 19 19 19 19 19 19 19 19 19 38.4270746661 38.4270746661 19 19 19 42.4067456608 42.4067456608 42.4067456608 19 19 19 19 19 19 48.9876664601 48.9876664601 48.9876664601 19 19 19 19 19 19 19 19 19 19 19 19 19 19 19 19
0 0 0 0 0 0 0 0 0 0 0 0 0 0 0 0 0 0 0 0 0 0 50.37929478 50.37929478 50.37929478 0 0 0 0 19 19 19 19 19 19 19 19 19 19 19 19 19 19 19 19 19 19 19 55.3736959443 44.2503607698 19 44.2503607698 19 44.7204597948 47.019040707 48.9870205007 48.9870205007 59.2229472032 19 44.1559228795 19 19 61.5342635743 19 19 53.4289625983 64.1607443998 19 19 43.3553616702 19 47.0480569712 19 56.1357714397 52.0369097906 19 19 19 19 19 19 19
0 0 0 0 0 0 0 0 0 0 0 0 0 0 0 0 0 0 0 0 0 50.37929478 50.37929478 50.37929478 0 0 0 0 0 19 19 19 19 19 19 19 19 19 19 19 19 19 19 19 19 19 19 19 44.2503607698 19 35.817036821 44.2503607698 19 50.3806298491 50.3806298491 50.3806298491 48.9870205007 31.3295226589 31.3295226589 44.1559228795 44.1559228795 19 61.5342635743 61.5342635743 19 53.4289625983 53.4289625983 64.1607443998 19 49.973572683 47.0480569712 47.0480569712 56.1357714397 52.0369097906 52.0369097906 52.0369097906 19 19 19 19 19 19
0 0 0 0 0 0 0 0 0 0 0 0 0 0 0 0 0 0 0 0 0 50.37929478 50.37929478 0 0 0 0 0 0 0 19 19 19 19 19 19 19 19 19 19 19 19 19 19 19 19 19 19 30.8016115271 19 19 30.8016115271 19 44.7204597948 50.3806298491 47.019040707 46.0104174421 46.0104174421 31.3295226589 44.1559228795 44.1559228795 19 61.5342635743 61.5342635743 31.7254834774 53.4289625983 53.4289625983 64.1607443998 43.1073166503 41.7841612929 19 47.0480569712 19 56.1357714397 52.0369097906 19 19 34.7575963842 34.7575963842 19 19 19
0 0 0 0 0 0 0 0 0 0 0 0 0 0 0 0 0 0 0 0 0 0 0 0 0 0 0 0 0 0 0 19 19 19 19 19 19 19 19 19 19 19 19 19 19 19 19 19 49.8011285653 49.8011285653 19 19 19 51.2521929259 47.019040707 46.0104174421 46.0104174421 19 19 44.1559228795 52.7823676265 19 19 19 19 19 19 19 19 19 19 19 19 19 19 19 19 34.7575963842 19 19 19 19
0 0 0 0 0 0 0 0 0 0 0 0 0 0 0 0 0 0 0 0 0 0 0 0 0 0 0 0 0 0 0 19 19 19 19 19 19 19 19 19 19 19 19 19 19 19 19 19 19 48.8530374488 19 19 19 51.2521929259 51.2521929259 19 19 19 19 19 19 19 42.8860648456 42.8860648456 19 57.8469265534 19 19 19 19 19 19 19 19 19 19 19 19 19 19 19 46.3694980335
0 0 0 0 0 0 0 0 0 0 0 0 0 0 0 0 0 0 0 0 0 0 0 0 0 0 0 0 0 0 0 0 19 19 19 19 19 19 19 19 19 19 19 19 19 19 19 19 19 19 19 19 19 19 19 19 19 19 19 19 19 19 48.4133126892 48.4133126892 48.4133126892 19 19 19 19 19 19 19 19 19 19 19 19 19 61.3247970644 54.1235287073 41.4839854507 41.4839854507
0 0 0 0 0 0 0 0 0 0 0 0 0 0 0 0 0 0 0 0 0 0 0 0 0 0 0 0 0 0 0 0 19 19 19 19 19 19 19 19 19 19 19 19 19 19 19 19 19 19 19 19 19 19 19 19 19 19 19 19 19 19 50.7478013778 39.4816599505 48.4133126892 19 19 19 19 19 19 19 19 19 19 19 19 19 19 19 41.4839854507 41.4839854507
0 0 0 0 0 0 0 0 0 0 0 0 0 0 0 0 0 0 0 0 0 0 0 0 0 0 0 0 0 0 0 0 0 19 19 19 19 19 19 19 19 19 19 19 19 19 19 19 19 19 46.0279487514 19 49.3688493545 19 19 19 19 37.6663721912 19 65.3095678833 19 52.1725594542 39.4816599505 39.4816599505 19 19 19 19 19 19 19 19 19 19 19 19 19 19 19 19 54.1235287073 41.4839854507
0 0 0 0 0 0 0 0 0 0 0 0 0 0 0 0 0 0 0 0 0 0 0 0 0 0 0 0 0 0 0 0 0 19 19 19 19 19 19 19 19 19 19 19 19 19 52.9747095985 52.9747095985 52.9747095985 36.861753502 46.0279487514 46.0279487514 19 19 19 19 19 19 65.3095678833 65.3095678833 65.3095678833 50.0122223113 39.4816599505 39.4816599505 48.3547469295 19 19 19 19 19 19 19 19 19 19 19 19 19 19 19 19 19
0 0 0 0 0 0 0 0 0 0 0 0 0 0 0 0 0 0 0 0 0 0 0 0 0 0 0 0 0 0 0 0 0 0 19 19 19 19 19 19 19 19 19 19 19 52.9747095985 52.9747095985 19 19 36.861753502 46.0279487514 46.0279487514 19 49.3688493545 19 19 35.108127586 35.108127586 65.3095678833 65.3095678833 50.0122223113 50.0122223113 48.3547469295 48.3547469295 48.3547469295 19 19 19 19 19 19 19 19 19 19 19 19 36.0963854826 36.0963854826 19 19 19
0 0 0 0 0 0 0 0 0 0 0 0 0 0 0 0 0 0 0 0 0 0 0 0 0 0 0 0 0 0 0 0 0 0 0 19 19 19 19 19 19 44.8404681827 44.8404681827 44.8404681827 19 52.9747095985 52.9747095985 19 19 36.861753502 19 19 49.3688493545 19 19 35.108127586 35.108127586 35.108127586 54.4191923318 19 19 42.2529636981 79.0090981718 48.3547469295 39.2034245684 19 19 19 19 19 19 19 19 19 19 19 19 19 45.9919157785 19 19 19
0 0 0 0 0 0 0 0 0 0 0 0 0 0 0 0 0 0 0 0 0 0 0 0 0 0 0 0 0 0 0 0 0 0 0 19 19 37.5395553787 19 35.1127955345 35.1127955345 52.4822954839 44.8404681827 44.8404681827 19 19 19 19 42.1790394158 19 19 19 19 19 19 19 19 54.4191923318 54.4191923318 44.9555800788 19 79.0090981718 79.0090981718 79.0090981718 19 19 19 19 19 19 19 19 19 19 19 19 19 19 19 19 19 54.5554518015
0 0 0 0 0 0 0 0 0 0 0 0 0 0 0 0 0 0 0 0 0 0 0 0 0 0 0 0 0 0 0 0 0 43.0772482245 40.2866744285 40.2866744285 32.4259686058 37.5395553787 37.5395553787 35.1127955345 35.1127955345 19 44.8404681827 19 19 19 19 42.1790394158 19 19 19 19 19 19 19 19 19 54.4191923318 45.9022068733 44.9555800788 42.0093757064 65.8719871998 79.0090981718 79.0090981718 19 19 19 19 19 19 19 19 19 19 19 19 19 19 19 36.4749005252 36.4749005252 36.4749005252
0 0 0 0 0 0 0 0 0 0 0 0 0 0 0 0 0 0 0 0 0 0 0 0 0 0 0 0 0 0 48.2909749713 40.4301407631 31.8119642429 35.1005911071 39.2745744539 40.2866744285 40.2866744285 37.5395553787 37.5395553787 19 35.1127955345 19 19 19 19 19 19 19 19 19 19 19 19 19 19 19 19 19 42.0093757064 39.4383606258 62.0026550458 62.0026550458 19 19 19 19 19 19 19 19 19 19 19 19 19 19 19 19 19 36.4749005252 39.8769451714 59.3985421108
0 0 0 0 0 0 0 0 0 0 0 0 0 0 0 0 0 0 0 0 0 0 0 0 0 0 0 0 35.3544412289 69.6998721621 31.7225866583 40.1334576828 39.4764316495 44.3629846951 36.4677720137 40.2866744285 32.4259686058 19 19 19 19 19 19 19 19 19 19 39.9722062705 19 19 19 19 19 19 19 19 19 19 19 39.4383606258 39.4383606258 41.5492700317 19 19 19 19 19 19 19 19 19 19 19 19 19 19 19 19 19 59.3985421108 39.8769451714 39.8769451714
0 0 0 0 0 0 0 0 0 0 0 0 0 0 0 0 0 0 0 0 0 0 0 0 0 36.9247459867 69.1919011326 69.1919011326 47.6248907525 47.6248907525 31.7225866583 40.1334576828 34.4833640296 35.0843389461 29.4901235361 54.7063549248 0 0 19 19 19 19 19 19 19 19 39.9722062705 39.9722062705 39.9722062705 19 19 19 19 19 19 19 19 19 75.3570579494 39.4383606258 39.4383606258 59.6952761598 19 19 19 19 19 19 19 19 19 19 19 19 19 19 19 19 19 39.8769451714 39.8769451714 39.8769451714
0 0 0 0 0 0 0 0 0 0 0 0 0 0 0 0 0 0 0 0 0 0 0 0 0 36.9247459867 69.1919011326 69.1919011326 47.6248907525 47.6248907525 42.9504742536 31.7225866583 40.1334576828 30.6332998521 0 0 0 0 19 19 19 19 19 19 19 19 39.9722062705 39.9722062705 19 19 19 19 19 19 19 19 19 19 41.4972522241 45.0329307044 45.0329307044 45.0329307044 62.8741047092 19 19 19 19 19 19 19 19 19 19 19 19 19 19 19 19 19 19 19
0 0 0 0 0 0 0 0 0 0 0 0 0 0 0 0 0 0 0 0 0 0 0 0 0 57.1963571753 36.9247459867 69.1919011326 61.0507506477 50.6089134352 0 0 0 0 0 0 0 0 0 19 19 19 19 19 19 67.5946530104 67.5946530104 19 19 19 19 19 19 19 19 19 19 19 69.2216896381 41.4972522241 62.8741047092 30.4323417654 30.4323417654 19 19 19 19 19 19 19 19 19 19 19 36.808666587 19 19 19 38.0235364979 38.0235364979 19 19
0 0 0 0 0 0 0 0 0 0 0 0 0 0 0 0 0 0 0 0 0 0 0 0 0 0 0 0 0 0 0 0 0 0 0 0 0 0 0 0 19 19 19 19 19 67.5946530104 19 67.5946530104 19 19 19 19 19 19 19 19 19 19 19 19 30.4323417654 30.4323417654 46.4046993467 45.7040145691 19 19 63.2942233848 63.3678033517 19 19 50.2004177388 19 19 19 19 36.808666587 36.808666587 19 38.0235364979 38.0235364979 19 19
0 0 0 0 0 0 0 0 0 0 0 0 0 0 0 0 0 0 0 0 0 0 0 0 0 0 0 0 0 0 0 0 0 0 0 0 0 0 0 0 0 19 19 19 19 46.3540464477 19 46.3540464477 19 19 19 19 19 19 19 19 19 19 19 19 19 52.3977746136 64.5870561662 45.7040145691 45.7040145691 55.7252801123 63.2942233848 63.2942233848 19 46.4071683804 46.4071683804 19 19 19 19 19 36.808666587 19 19 38.0235364979 19 62.7468832352
0 0 0 0 0 0 0 0 0 0 0 0 0 0 0 0 0 0 0 0 0 0 0 0 0 0 0 0 0 0 0 0 0 0 0 0 0 0 0 0 0 19 19 19 19 19 19 19 19 19 19 19 19 19 19 19 19 19 19 19 71.5244758832 52.3977746136 52.3977746136 64.5870561662 55.7252801123 39.9777383924 63.2942233848 19 19 46.4071683804 19 19 19 19 19 19 19 19 19 19 19 19
0 0 0 0 0 0 0 0 0 0 0 0 0 0 0 0 0 0 0 0 0 0 0 0 0 0 0 0 0 0 0 0 0 0 0 0 0 0 0 0 0 0 19 19 19 19 19 19 19 19 19 19 19 19 19 19 19 19 19 62.3720998292 19 52.3977746136 52.3977746136 45.7040145691 19 19 19 19 19 19 19 19 19 19 19 19 19 19 19 19 19 19
0 0 0 0 0 0 0 0 0 0 0 0 0 0 0 0 0 0 0 0 0 0 0 0 0 0 0 0 0 0 0 0 0 0 0 0 0 0 0 0 0 0 0 19 19 19 19 19 19 19 19 19 19 19 19 19 62.2606167892 19 62.3720998292 19 19 19 19 72.8693078112 72.8693078112 19 19 19 19 19 19 19 19 19 19 19 19 19 19 19 19 19
0 0 0 0 0 0 0 0 0 0 0 0 0 0 0 0 0 0 0 0 0 0 0 0 0 0 0 0 0 0 0 0 0 0 0 0 0 0 0 0 0 0 0 19 19 19 19 19 19 19 19 19 19 51.340737447 19 19 19 62.2606167892 19 62.3720998292 62.3720998292 19 19 72.8693078112 72.8693078112 19 19 19 19 19 19 19 19 19 19 19 19 19 19 19 19 19
0 0 0 0 0 0 0 0 0 0 0 0 0 0 0 0 0 0 0 0 0 0 0 0 0 0 0 0 0 0 0 0 0 0 0 0 0 0 0 0 0 0 0 0 19 19 19 19 19 19 19 19 19 19 19 19 19 19 19 19 19 19 19 42.6074635289 42.6074635289 42.6074635289 19 19 19 19 19 19 19 19 19 19 19 19 19 19 19 19
0 0 0 0 0 0 0 0 0 0 0 0 0 0 0 0 0 0 0 0 0 0 0 0 0 0 0 0 0 0 0 0 0 0 0 0 0 0 0 0 0 0 0 0 19 19 19 19 19 19 19 19 19 51.340737447 19 19 19 19 19 19 19 19 19 19 19 19 19 19 19 19 19 19 19 19 19 19 19 19 19 19 19 19
0 0 0 0 0 0 0 0 0 0 0 0 0 0 0 0 0 0 0 0 0 0 0 0 0 0 0 0 0 0 0 0 0 0 0 0 0 0 0 0 0 0 0 0 19 19 19 19 19 19 19 51.150908052 51.150908052 19 19 19 19 19 19 19 19 19 19 19 19 19 19 19 19 19 19 19 19 19 19 19 19 19 19 19 19 19
0 0 0 0 0 0 0 0 0 0 0 0 0 0 0 0 0 0 0 0 0 0 0 0 0 0 0 0 0 0 0 0 0 0 0 0 0 0 0 0 0 0 0 0 0 19 19 19 19 19 50.1040498582 50.1040498582 51.150908052 51.150908052 19 19 19 19 19 19 19 19 19 19 19 19 19 19 19 19 19 19 19 19 19 19 19 19 19 19 19 19
0 0 0 0 0 0 0 0 0 0 0 0 0 0 0 0 0 0 0 0 0 0 0 0 0 0 0 0 0 0 0 0 0 0 0 0 0 0 0 0 0 0 0 0 0 19 19 19 19 19 50.1040498582 50.1040498582 50.1040498582 19 19 19 19 19 19 19 19 19 19 19 19 19 19 19 19 19 19 19 19 19 19 19 19 19 19 19 19 19
0 0 0 0 0 0 0 0 0 0 0 0 0 0 0 0 0 0 0 0 0 0 0 0 0 0 0 0 0 0 0 0 0 0 0 0 0 0 0 0 0 0 0 0 0 58.7376624457 19 19 19 60.7778089836 19 19 50.1040498582 19 19 19 19 19 19 19 19 19 19 19 19 19 19 19 19 19 19 19 19 19 19 19 19 19 19 19 19 19
0 0 0 0 0 0 0 0 0 0 0 0 0 0 0 0 0 0 0 0 0 0 0 0 0 0 0 0 0 0 0 0 0 0 0 0 0 0 0 0 0 0 0 58.7376624457 58.7376624457 58.7376624457 58.7376624457 19 19 19 19 19 19 19 19 19 19 19 19 19 19 19 19 19 19 19 19 19 19 19 19 19 19 19 19 19 19 19 19 19 19 19
0 0 0 0 0 0 0 0 0 0 0 0 0 0 0 0 0 0 0 0 0 0 0 0 0 0 0 0 0 0 0 0 0 0 0 0 0 0 0 0 0 41.8318946798 56.647320015 56.647320015 58.7376624457 58.7376624457 58.7376624457 19 19 19 19 19 19 19 19 19 19 19 19 19 19 19 19 19 19 19 38.3344250059 19 19 19 19 19 19 19 19 19 19 19 19 19 19 19
0 0 0 0 0 0 0 0 0 0 0 0 0 0 0 0 0 0 0 0 0 0 0 0 0 0 0 0 0 0 0 0 0 0 0 0 0 0 0 48.4769942231 42.2854798193 41.8318946798 41.8318946798 56.647320015 58.7376624457 58.7376624457 58.7376624457 19 19 19 19 19 19 19 19 19 19 19 19 19 19 19 19 19 19 47.6297946526 19 38.3344250059 19 19 19 19 19 19 19 19 19 19 19 19 19 19
0 0 0 0 0 0 0 0 0 0 0 0 0 0 0 0 0 0 0 0 0 0 0 0 0 0 0 0 0 0 0 0 0 0 0 0 0 0 42.2854798193 42.2854798193 48.4769942231 41.8318946798 41.8318946798 56.647320015 49.9518826067 0 0 19 19 19 19 19 19 19 19 19 19 19 19 19 19 19 19 19 19 47.6297946526 19 19 19 19 19 19 19 19 19 19 19 19 19 19 19 19
