Spatial_Output/BAU/BAU_1020.asc
NCOLS 155
NROWS 192
XLLCORNER 196769.923733
YLLCORNER 449719.875193
CELLSIZE 27.603701
NODATA_VALUE NaN
[rows 92 to 114 of 192, columns 53 to 105 of 155]
24.624502129 25.3031641508 25.3541014567 23.963470968 25.3947395614 25.3336944877 25.5088265958 24.1958857093 25.1127874371 66.8867966894 66.8867966894 24.29907041 25.1542863776 23.8339013497 23.5876700807 23.7840519189 24.9430295206 24.0793550245 25.2364788329 25.1648989158 24.2427556069 24.5552735199 25.3618103362 52.1839787269 52.1839787269 24.7033086924 24.6366893018 23.9701022293 25.5058650825 24.3283640984 24.3930817572 25.1354098874 24.5599527811 24.0626760968 24.1005877453 23.6562404634 24.5116010159 71.1513289745 24.0368765363 24.0498219494 24.3469738013 23.8714900904 24.6126619115 25.3657731288 23.646973558 24.0512448295 23.8574040021 25.49345141 24.8114359383 24.8725298976 25.1473058533 25.0292481925 24.6398232851
24.1284397323 24.6098036083 25.1155246512 24.7419097968 24.4877396398 24.8256918508 23.7662676541 25.2087292935 51.5703422126 24.0017948133 23.7995403101 24.7080904492 25.08973751 24.4946755042 24.5011676137 25.1946161172 24.2000521672 23.9730325306 24.7555163381 24.5587516232 25.1668437485 23.8417103815 25.6208274553 52.1839787269 24.738523016 52.1839787269 24.9753952907 24.7513051928 23.8765352698 24.5851101124 25.4911366826 24.8078873163 24.765634979 24.9425548243 23.7170466228 24.5837935281 23.9481736229 25.272714356 24.1832802357 23.5502925506 23.6564977561 23.6044101311 24.4481149915 24.2418530903 24.477676699 23.8351709945 25.0105181852 24.0269036116 24.0007728281 24.9666525756 24.0627236543 24.7670839012 25.4537528842
23.5904065783 23.5704712479 23.8970742615 25.1391850813 25.4035719091 24.7478620789 24.7888278708 24.1418182479 25.4372991554 25.2641306929 25.5785800101 25.0154458263 23.8266096364 24.7954512983 24.3190716722 24.0485077471 23.5685730429 24.480579096 25.3387810436 25.2975858316 24.508068443 23.6065745956 25.2081337526 24.1619210931 48.1331916835 48.1331916835 23.5512197189 25.055365786 25.1316580411 24.44338536 24.7797950641 24.6700283516 24.6749893267 24.0245694691 24.3851297575 25.0960104225 24.6896500639 25.210446713 24.6080949591 23.5644667009 25.2272380523 24.0557571384 23.8470741191 24.4450658077 24.0596817362 24.0947650633 25.5333094775 24.9008879076 25.5532010812 25.5611379369 24.3792495328 24.3114363795 24.100714632
23.7319896039 24.3580390621 23.6340090199 23.8770027789 23.9262417478 25.1803092583 24.6086985934 24.9956763168 23.5574016549 25.439723966 23.8352483947 23.6160992533 24.1063328889 25.202382379 24.4939418219 24.0704513533 24.4351886204 24.3603350763 24.7186291695 24.2825097769 24.3428522016 23.9216242437 23.9407162242 48.1331916835 48.575748903 25.1411327423 25.1054750615 23.7254991455 24.0289433051 24.9974587402 25.4800442109 23.5178867968 25.2099833615 24.1940817693 25.3440148125 25.2207906062 24.2716204419 24.3996241528 25.3660009843 23.628894563 24.5644510868 23.9961261563 25.5469646612 23.7036282717 24.4952272024 25.5767807874 23.8862588602 39.1558194589 25.2538572544 24.8560367592 25.163135755 23.5860626007 25.4583726428
24.7779891008 24.0105649985 23.9819062986 25.308517927 23.7512363411 25.285209248 23.7546157099 23.5603483062 25.602951205 52.1982950909 24.7801621616 23.6407614627 24.1034414553 24.6443453413 24.2463721549 23.6300327752 24.1011428346 24.1536627117 24.1979219614 24.2047162433 24.5682551458 24.6261969864 24.1854234672 48.575748903 48.575748903 48.575748903 24.4331763403 24.5026326804 25.4680631092 24.8592783112 25.2075737789 24.9111061106 73.5608898999 24.1230679455 23.6956477637 24.973222312 25.1866881269 66.0079003271 24.4582213491 25.0223463689 23.8406688722 24.3330495824 23.8435558695 25.6105611626 23.6394798318 49.198247151 49.198247151 41.106190075 51.7997941839 51.7997941839 41.3599811848 41.3599811848 25.3812140328
50.8320248039 54.0247770256 24.8129340042 25.3110744672 25.128383814 24.1347891559 24.5448647561 23.7176105776 24.0947889426 24.6823510965 24.7884191353 23.6509627707 25.005043951 24.4529812893 24.2883076477 24.807011834 25.0848970084 24.3715534536 25.0667861279 24.4440329976 24.8389427568 24.8053642018 65.5215160867 65.5215160867 48.575748903 25.2878478755 23.7919121386 24.8716161757 24.8513944906 36.3529260116 72.8919353323 72.8919353323 61.1030704591 24.3531345184 23.8080333475 24.7151068624 66.0079003271 66.0079003271 66.0079003271 82.0770179054 23.6203887069 25.009423154 24.5999166632 47.2259509373 23.8417383892 49.198247151 49.198247151 41.106190075 41.106190075 51.7997941839 41.3599811848 41.3599811848 23.6724645576
50.8320248039 50.8320248039 54.0247770256 24.9428490563 25.0054021365 25.4091238056 23.6527891004 24.5403464431 25.5341474612 52.1982950909 24.6885185117 23.5376471222 24.0870319557 24.1432629255 24.2931378064 23.6645674085 24.7231849201 24.1087685035 24.9097011682 45.6046711097 24.6008800783 65.5215160867 65.5215160867 65.5215160867 24.2007687301 25.27257796 25.4670812462 24.0938328892 25.4397351064 36.3529260116 72.8919353323 72.8919353323 61.1030704591 61.1030704591 61.2363342578 23.7022087855 65.6242499 82.0770179054 82.0770179054 82.0770179054 24.0625393557 24.3566337162 23.6757825706 24.2343254509 24.0202875238 25.136041332 49.198247151 41.106190075 25.3691265438 25.3220623844 25.187859901 50.2686134337 24.3658311416
50.8320248039 50.8320248039 54.0247770256 24.0446390553 24.3455521646 24.6746933893 25.3028760351 24.7172681623 24.6345503652 25.4362425944 24.2407515448 25.0995084194 24.3463833136 25.6106359237 23.5816868834 24.6990221688 25.5908594514 23.9340784495 25.2201616697 45.6046711097 25.1057051116 25.5423429632 65.5215160867 65.5215160867 25.4534858964 23.5376887202 24.3865863625 24.3179098275 24.1185121059 36.3529260116 72.8919353323 24.7631257253 61.1030704591 23.6071608663 24.0613265968 23.5663992369 25.463608829 25.3303942134 25.3700908695 82.0770179054 24.3558753736 23.749485341 24.8103322192 24.1173149934 24.1426108375 25.3100281709 24.7826239998 24.7470091684 24.5044591004 24.3939839037 24.4324381216 23.9691481196 25.3123434585
25.5296361889 23.7445405111 24.3421262972 24.1245444963 23.5034639088 25.2907850163 24.3369271512 24.3422854681 23.6029998307 23.952011938 25.0710160328 25.6113785947 23.8441866607 25.2863893353 24.4168003462 25.3388953992 24.6547041985 24.3973664619 25.3099641968 25.5156222632 23.8106266517 25.1767166213 23.5452401636 25.019094664 23.9287679813 24.3160063511 25.2654398552 25.4471106671 23.5375868573 24.7520609173 24.4794723387 23.7764598833 24.9101038488 23.5082259258 25.3303334241 24.2728063657 25.2245828794 25.3359944924 25.1724712161 24.9514389935 24.3377331078 24.2521603113 24.2809560928 25.3963942299 24.1841222007 23.8332387001 23.9595202082 23.8031957228 25.0146859531 25.2785958703 23.6795789787 24.6243373532 24.2878380411
24.6429875343 24.7711191704 23.5321396278 23.7923301567 24.0247518363 23.5184242595 25.2001058316 24.5488499164 25.5297527187 43.4425618409 25.4459056055 25.4322951645 24.6633120668 23.5937951202 23.7459290427 24.9956222935 23.6150159002 24.1827359508 24.5645510128 24.839021926 23.7785797228 23.6692076639 24.5638401819 25.4156123671 24.1053745588 24.6204084749 24.5918032871 24.749402946 25.6151975981 24.1520262379 24.5949531946 24.1992103291 24.9524479515 25.2017938065 24.3392866136 25.4451161146 24.2902501022 24.9745790093 66.4891105458 82.21979024 23.9112846554 24.6407261698 23.5468788431 24.8441813311 24.357728504 24.7926369101 23.7211943238 24.3379688287 24.7363435348 24.4616395819 24.5184724705 23.7629077523 25.2633191779
24.7070778573 23.8148084672 24.5227588962 24.5791357858 23.7539394374 24.8261299985 23.6356156606 25.3909282663 43.4425618409 23.8050629978 25.0504932309 24.2560385923 24.7375161574 23.7676412605 25.3892255211 25.2982335019 24.7520488489 23.8315022396 24.8106113335 24.5465896718 25.1469756215 25.5044795057 23.5844550579 24.1676078384 47.0319054017 24.5502893878 24.5452321154 24.2084369524 24.7176206777 24.9468109287 25.0178724702 24.075996062 24.8893727728 23.6848708282 25.3599079952 23.703450635 25.1789830329 24.1787309078 23.6055543251 24.3742273264 23.5422207923 23.8984955989 23.6312793411 25.4733630873 24.6820270571 23.9349244178 24.5643950614 24.2864396052 23.7529715689 24.3425196979 23.5865913415 24.9590731467 25.3823958065
24.9613904415 24.6470791045 24.646027113 24.5346839781 25.2231236773 25.111790701 24.1553904709 24.6558732096 24.3574804546 24.4485426227 23.9927702278 24.6070978596 24.4278226006 25.5973154532 24.978202731 24.0674184639 24.4424887494 24.9958395791 24.9008917058 25.0274797434 24.791014691 25.1978103728 25.4434565173 47.0319054017 47.0319054017 47.0319054017 25.6051649271 23.8283761267 23.6625737211 25.0267757122 25.4334465418 24.2799287584 24.1669853688 23.9905800176 23.9400252683 23.6483173983 24.4157057676 25.1566689958 67.8411395456 23.5326315314 25.0219423192 25.192016906 23.7648122537 24.697507734 25.3033076275 23.657022954 23.9813634428 24.1694772752 23.9362190431 25.1095155456 23.8326894673 25.26042071 24.402396689
25.1360825267 24.1351820002 24.7699925145 23.8125071229 23.6465793805 24.9683733771 25.2012207178 56.3660348185 25.4887268519 82.2924605671 24.1253649722 24.7218387864 52.0587068634 24.9858114952 52.1287365633 24.333861401 24.9299105361 25.4420072917 24.6354143448 25.1118728979 24.1919583918 24.8522124404 24.721270364 24.7874089433 47.0319054017 47.0319054017 24.8798247485 25.5231014444 24.5992266307 25.1390531507 23.7295308911 23.5730259915 24.3824914886 25.3388767276 23.5644455708 23.6887415684 25.311685863 24.6764334231 25.4829842152 23.5492450551 23.7683110458 23.8867907655 24.6999457433 24.748430952 24.3107715621 23.8400358541 68.8732773133 25.1737002968 69.8838025297 23.6679922045 24.6178134597 23.799424534 24.0383607782
25.3206732889 25.0629710569 24.651371834 25.310618034 24.159329466 24.9537497512 25.4698603524 24.3655270452 23.606084031 24.7395392368 23.9346916093 52.0587068634 52.0587068634 52.1287365633 52.1287365633 23.7253144136 24.7140451808 23.6754363777 24.9542203863 25.3405065115 24.8221875092 23.7017025015 23.998452739 23.9763209265 24.507615249 24.5108073118 25.2296019012 24.9469745108 23.7000009369 24.2707963145 23.666515322 23.5323847345 25.2299314774 23.9829642015 24.1371407261 24.8487343153 24.4136478211 45.5095903413 77.8178059905 24.4724931397 24.6548850518 42.3709877557 44.4907649354 24.0541615031 25.2783277036 24.4924799999 50.7817743947 49.8191657042 49.8191657042 24.1420640301 25.1371770916 24.3147211686 23.9865947087
25.0726777444 23.9511386213 25.5161230297 24.7772234684 23.6745471355 25.2066058941 24.632019369 24.7797800909 52.7377600486 25.0895795307 24.775128061 52.0587068634 24.3006035204 52.1287365633 52.1287365633 24.0222269884 25.5286379186 24.2820084049 24.7017474542 24.3605621825 23.5362773282 24.8846639442 25.4394411045 25.4068822702 23.8533571304 24.8451893486 25.4192076524 24.5740939814 24.6620997446 24.4215299182 24.0792899021 45.422072133 24.6604413769 24.4315515307 44.3878253286 25.4162220365 45.5095903413 23.9320072966 23.5236834929 25.1363500285 25.2364306121 25.3506133771 24.7730287908 23.9139824075 24.0177038136 24.0405746951 24.239601414 49.8191657042 49.8191657042 23.6764533127 23.5106784041 23.5503019768 25.5176244835
24.234501187 25.4682697049 23.5296392117 25.3798371152 24.2654347747 24.2940719738 24.5412740174 25.2095081516 25.3067460536 52.7377600486 25.6178277417 24.841836686 24.7199145951 23.8738853175 24.5903754618 24.7751142274 23.7447503676 23.9107836596 24.7863253632 24.1337228783 25.5269159708 24.7408818139 25.1744365361 24.4442341172 24.0602025499 24.3044279045 23.7495806655 24.2626016889 24.9062393249 24.8203527368 45.422072133 45.422072133 45.422072133 23.7199615842 23.7215099377 44.3878253286 24.8352922308 25.385852309 51.0648939339 51.0648939339 51.0648939339 23.5561463879 23.680484227 25.4523109198 24.2140511091 25.6026229935 24.7807519685 25.5301030927 24.2279386201 23.8624846854 23.5967037548 24.0257547687 25.0079905622
25.1007412034 23.6201383763 25.5947238867 24.8445182676 24.0512545299 24.2822618646 25.5887959132 25.3196209844 24.7829873128 23.5794986334 25.581103147 24.9314238403 24.8639923817 25.159996975 25.3175576897 23.7291020797 25.4680697768 24.2536005347 25.0715896988 24.8781953889 23.9935637336 25.5115562418 24.1628073025 24.8612511823 23.7126201383 24.6582517927 24.7616309118 25.5675145928 24.5483487732 24.8351277257 23.8945559226 45.422072133 24.3755624884 25.5323610173 44.3878253286 25.6201587456 24.6963831665 25.1797465837 75.7941791016 51.0648939339 75.7941791016 25.0854385347 24.0529167051 23.8571031281 23.892344924 24.3486058095 24.7174029294 24.715639864 24.774905828 24.4378641765 23.7635149694 23.6007957124 25.5878141428
24.6125292646 25.3247541011 24.7236629996 23.6040027686 24.0665974236 23.8401300232 24.9574758653 24.0168902587 24.1928114216 25.550339473 24.8517134287 23.8733545679 25.0449820882 25.0916965183 24.6799016412 24.4364462431 24.2725438464 24.754818305 24.8038697622 25.3076470065 24.3362612568 23.5033665732 23.6203401382 24.9214960841 25.1800814581 24.6157016959 24.1649053603 24.93377671 25.4315369499 48.4531148015 48.4531148015 48.4531148015 23.9535618554 24.0866132745 25.1481846034 24.9550868109 23.8223727215 25.2324082207 23.7544944695 75.7941791016 75.7941791016 24.0991260818 25.5146503881 23.8432595079 25.5090617349 23.790485898 24.4820056685 24.3776304826 24.1580638403 24.5610048084 25.4187463571 23.8389967216 25.3164162713
24.5499217315 24.661274419 23.6720717345 24.3367213351 24.7262134014 23.502499948 25.5270254361 24.100456409 45.131596636 45.131596636 24.8410190443 23.5438123046 25.5986852892 24.4454532155 24.5632507004 24.9868265089 23.6488644416 25.1160910546 23.9785621089 24.4446612662 24.8013711086 23.5131021732 24.3962708183 24.63282158 24.4560376157 24.1867383562 25.3041062026 25.2455808271 24.6727715569 24.9717264955 48.4531148015 25.4743408467 47.1761114057 24.1210270495 24.2953149463 24.5410787164 24.7155102576 24.9084021928 25.5246511645 59.6178575875 59.6178575875 59.6178575875 23.7167039728 24.148102168 23.7022043047 25.5369590313 24.7660766513 25.3583818302 24.9813061945 24.5493715122 25.16592224 25.3185917273 23.7427822658
25.3975558165 24.3439218831 23.8994268154 25.4223598177 24.9342161785 24.8722821868 24.3555657158 45.131596636 45.131596636 45.131596636 23.6108195667 25.2297531087 24.9749902494 25.089616575 24.9671036563 24.2850109525 25.374322312 25.3799357279 23.5729839555 25.1493037251 23.9780580325 24.6636229084 24.5698536816 24.1924040681 24.5064472689 23.5405325355 24.7193660571 23.7032351812 25.5446268315 24.716433806 47.1761114057 47.1761114057 24.8150911409 24.9288589026 23.8640884451 24.1652412253 24.7416957556 25.1707552212 24.06506877 63.0323975534 49.9711892726 23.8472830708 24.2798868301 24.973488595 24.0861552567 24.8110751523 24.3714581428 24.3478826864 24.6353276522 25.6160954736 24.4865709506 24.1639541026 23.732156026
25.1667783913 24.3215855924 23.8609023847 24.6004811325 25.1986693934 25.0475103034 25.3645970454 24.8320328994 24.4735606051 25.0894363381 24.5072007297 24.8265883486 24.6148037562 25.4677312545 24.338438729 24.9578012663 25.1741931684 25.3433834087 24.4227986377 25.3734245401 25.0068457968 24.3371625562 25.0742160812 23.7722478805 24.2597861389 24.9389419208 24.6503492303 23.5580595975 24.8060738004 23.965444353 24.6224970931 51.2670857047 51.2670857047 25.5399347765 25.1822235329 25.481512237 24.0823537083 24.7624188768 23.7699391516 49.9711892726 49.9711892726 49.9711892726 57.6176683375 56.3130474234 45.2526203165 24.2130010422 40.1823811215 39.1271341629 39.1271341629 24.5847279408 24.9558044668 24.6125371872 25.218779993
24.3523567917 24.6326818756 24.4628390134 25.2484281485 23.9126175805 24.5269247461 23.9541655785 23.9492558171 45.604774363 45.604774363 25.5064365826 24.4329977325 24.1994231459 23.7066781197 24.8441288222 24.9088276632 24.0792390123 25.0488189247 25.6018327231 25.2225738226 25.498540723 24.5884486099 35.7417325043 25.442628697 24.2762970213 25.1293945456 43.9787014298 24.5078834768 24.509177106 42.8887298109 51.2670857047 24.0212194068 40.9361099816 40.9361099816 25.4442007597 55.9036104412 55.9036104412 52.8284281444 64.5485894203 64.5485894203 49.9711892726 78.7068997414 57.6176683375 45.2526203165 39.6429121973 39.6429121973 40.1823811215 39.1271341629 39.1271341629 24.6352991731 25.4417444121 25.5881074528 23.6797678003
23.5998723341 23.6564540428 25.5986091222 24.3119405784 25.1266546739 25.31794453 46.6399704798 45.604774363 47.3271319897 47.3271319897 25.0866436582 24.2996889819 24.9840716974 23.7915090441 24.2277765738 23.9640233287 23.5298658364 24.8734166748 23.5886960837 23.7576250584 24.2412130392 24.2784654482 35.7417325043 24.2564497722 24.6307264668 25.6111735304 43.9787014298 43.9787014298 38.2912937641 24.1964230513 23.8391465607 61.5232960511 40.9361099816 40.9361099816 40.9361099816 55.9036104412 55.9036104412 50.2133233844 50.2133233844 64.5485894203 57.8378406 57.8378406 57.6176683375 57.6176683375 39.6429121973 39.6429121973 40.1823811215 39.1271341629 39.1271341629 23.9744385448 23.6541887113 25.3721024022 24.879172621
