Spatial_Output/BAU/BAU_0396.asc
NCOLS 155
NROWS 192
XLLCORNER 196307.867259
YLLCORNER 449144.565805
CELLSIZE 33.573938
NODATA_VALUE NaN
[rows 25 to 49 of 192, columns 57 to 113 of 155]
33.3313983196 34.1252822132 49.2438166964 49.2438166964 64.9860804077 64.9860804077 31.9232334097 69.9832957063 59.4655495722 68.0405740359 34.9393076245 31.7515200228 32.2665718569 32.8170493041 33.2242084916 33.5675106458 32.895521358 32.5803813193 34.2661655527 32.7139841202 31.6233341073 33.6731590952 34.999934944 32.5667491198 0 0 0 0 0 0 0 0 0 0 0 0 0 0 0 0 33.0726123755 32.7903860894 34.3964393738 34.8983613363 33.9768400987 33.2117402333 32.8224523515 33.6715785132 33.582960778 32.4449448457 34.502905517 32.7785875847 32.3718930929 34.7439881107 31.5949145869 33.1576999739 31.9164723516
34.517677814 32.7960537783 34.124218849 33.8748125453 42.3780925473 60.8347450276 34.5803983867 33.2765046884 61.7963282266 61.7963282266 61.7963282266 33.7739709531 34.4513394828 34.9395829271 34.0056668935 34.94135014 32.419517904 33.3944107621 34.2435888759 33.2968640812 31.8470503904 32.5418544003 33.0820542489 34.8842707041 33.2571275302 34.6475780583 0 0 0 0 0 34.2355421244 32.449202602 34.9253795225 31.5265412275 32.7314402015 0 0 0 0 33.5924095212 33.4717602663 34.6285080513 33.7630806167 34.6765933214 33.4126226972 34.8090899961 31.8713012417 32.6691046805 31.5205462346 35.0006809402 33.3597063126 32.5001895006 34.8205328995 33.1537678427 33.1694501987 34.0252107579
32.4047135248 32.2265081653 32.1820568215 50.552350424 65.2186509587 65.2186509587 31.9811040548 34.9206991878 61.7963282266 61.7963282266 61.294847589 33.8373468299 33.4056437032 32.6799615205 34.0845846773 34.1080693173 31.7654080564 34.0365451042 34.754792546 33.7386223278 34.3478742008 32.3469552988 32.0944335734 34.9342861 34.3981957341 31.8159061872 34.6175053138 34.669136868 32.699917732 33.1951359306 34.1950635474 32.1503797832 33.7289168491 34.2713101497 34.0715127514 34.8193341721 32.7889355523 33.3311836468 0 34.6079375477 32.1381796532 32.3332476935 35.0272914156 34.9997410359 32.7924980123 33.3956546528 33.2735464216 33.0596889887 34.6685997553 32.8839066584 31.7734210171 33.0631540209 32.5882396668 33.3449788885 32.0228976419 34.4155567319 32.1490120425
34.2796124591 33.828993144 34.3027563483 34.4244400463 65.2186509587 65.2186509587 62.1606739391 55.6956540816 55.6956540816 61.294847589 52.7750765585 52.7750765585 52.7750765585 32.0225094835 31.8158197925 34.8202508447 34.7702633375 33.8583660025 32.2491065854 34.0941735283 32.8915752798 32.1377084518 32.4531326016 33.7779718382 32.3153133355 32.0666318584 34.3123873842 34.7500112126 32.4680025421 33.3746143591 32.3140121059 32.653669367 33.6422835887 32.5175754434 31.9441696073 32.4635988968 35.006575056 32.8938710648 32.1058155372 31.5668608905 34.7455259814 32.2087978734 34.8460942957 34.5717374995 32.0214872584 32.7138956664 34.232441731 32.5992753747 31.8160200272 34.0891157027 34.9879421217 32.9104816619 34.3229904621 33.1429358694 35.0209732666 32.2112468481 32.4948541801
34.7265739048 34.8358555759 34.2888362725 73.3180651521 65.2186509587 34.3123658591 34.365185413 55.6956540816 55.6956540816 34.6414770112 50.8381967169 50.8381967169 50.8381967169 33.4006825123 34.9799752727 31.7032181481 32.0263182772 31.9123226516 31.7770215822 33.76286797 31.8717797077 32.2778075283 32.1340445837 34.3179595243 31.5118625357 34.2878904374 33.6641122472 33.6258537482 34.2907433342 33.3561646228 34.4888320636 32.4451491372 32.5277572193 32.6150015668 33.41035125 31.5669746833 34.703300719 34.8501202562 34.5497741275 34.3643363726 31.6858274384 32.69919348 33.9977033368 33.6428614009 34.3901596505 34.5049915463 33.4360735687 31.7226365925 33.3193021455 32.6223943454 33.3577301571 32.8164428955 31.8733249733 34.6725123082 31.9815906536 33.6084649324 34.2306929554
32.0414772162 33.7579637783 33.8552926292 54.0287560863 73.3180651521 73.3180651521 33.4678239097 33.3612477391 74.284753265 74.284753265 50.8381967169 50.8381967169 49.6359562127 32.8556213245 32.6238439314 32.6284117585 34.2168932843 32.8065255918 34.4099658893 31.966180142 32.4175326347 32.8542533398 34.8528338813 32.6571351641 31.6373859376 34.8914953704 32.4632287952 34.0137788682 31.5194754394 32.581727055 33.3259777691 32.6020424672 34.2527865007 32.232424647 31.5125041647 32.8039259224 31.9064751704 31.7756801388 32.6779584694 34.8361324568 33.4956725895 34.4588690602 31.8038161335 33.0307062346 34.6066592942 34.9806025576 34.8882644958 31.6358442991 32.6436081535 32.7517046635 34.4851927437 34.2169930704 31.6112614381 31.6067118314 34.6855462044 33.1466703618 31.9266641496
32.400918442 33.6952999358 34.4322619493 32.7395854913 54.0287560863 54.0287560863 31.9857999298 31.6941819735 74.284753265 74.284753265 33.5079105435 33.1597516898 32.6768747551 34.0989336955 31.8509422462 34.8863080342 31.5727520246 34.1124688261 33.8829771928 34.8789073588 34.8140712839 32.0412703523 33.000777152 32.7276251083 32.4324400164 34.3041894982 31.9652502302 31.7147300296 31.8205031443 32.0233329117 33.9022492768 33.9943811359 32.5743043521 31.642322979 32.1037929708 34.4748613116 32.5699047827 32.6785132093 32.1959620496 34.3120905741 32.7206780151 31.6152371965 33.6235629822 34.8377454862 34.0299402806 32.6658303342 32.0135945649 34.7273740756 31.7403476123 31.7797469427 31.8485794145 33.3263780444 33.1874198335 31.729419081 34.1335391556 33.1343452444 33.585547534
32.554805942 32.0279725132 32.741439003 31.9582882535 31.6121824876 50.903689926 59.7855889653 59.7855889653 33.6226694401 74.284753265 33.6324823279 33.98560254 32.748732056 33.5730189416 33.6913317205 31.5370950202 31.608516347 33.7118242045 33.3094504346 34.6110169305 33.0542289942 35.0260596739 33.2990318835 33.5834407343 32.8856510748 34.9001782671 33.8586205288 34.7750642418 33.9932012838 32.215171681 34.3628932184 32.6854688975 34.1025210716 34.3236678664 34.9762901872 34.6662446272 32.2114571897 32.3881377279 32.9150281949 32.9080639831 34.8730407839 34.5125976757 31.6192157319 32.3157901561 34.8628855726 34.3167194747 33.3109537833 31.544228381 34.4144335974 31.6957320197 32.030359853 33.263831147 33.607483924 32.6718653236 34.1904318671 32.3609460062 33.8962842705
33.7935073667 33.7213156537 33.8245535834 32.1318507679 33.4204344258 34.0138090294 59.7855889653 59.7855889653 33.7953949233 33.6129437586 33.733420994 33.9199340292 34.4740478033 31.727287867 34.2267562519 33.2667045898 32.3409216576 34.2038994949 31.5011946777 32.6863576455 32.1572697328 34.5870552855 33.9690280787 34.4237473893 34.7085603957 32.8578598661 32.6809066869 31.7778247762 32.5020790633 34.0266982066 32.3720776538 31.5879577376 34.3867488151 31.8427544142 34.4637129197 33.1232383207 33.5732169139 34.1217820306 34.3442230387 31.91915161 33.7327345359 32.5406474221 33.4337583855 32.1950157148 32.280244904 32.0904570881 33.0215620481 33.0445582262 32.1143509214 34.84935369 34.1027852321 33.8468410111 32.9398285686 33.4391603627 31.5338877536 33.1224191689 34.60014171
34.3710563944 34.8509603047 33.7510739969 34.5186184413 33.1058053115 33.9394375993 78.8361876026 59.1368703304 32.4251048275 33.6731136827 32.726544791 31.7176244482 33.9162136455 34.1055572684 34.8420624232 33.9456590322 32.919175939 32.5289797956 34.3034943279 32.6590059743 33.9427184537 31.7514012244 31.88700644 31.6640470044 34.2792437472 34.0904356122 34.5463252453 32.049068208 33.948097231 34.2152746752 33.704431066 34.5175542798 34.9566560758 33.6567781378 34.9141773217 34.7419930173 34.5610271805 31.6154470578 34.2940636345 33.3176276887 33.76901205 34.1842342453 33.5823670568 33.3666900103 33.5334994146 33.9673939069 31.8361147763 32.5219754275 34.8096079799 33.8699456361 32.1935367657 33.3696028693 33.4872798702 33.4449534295 34.042262733 34.717971981 33.5944986172
31.551292497 31.9031136534 32.9763875973 33.482233756 31.6879972047 32.6206056053 71.2961428449 59.1368703304 59.1368703304 31.6304733688 31.505320547 31.8433447451 31.8016319808 33.7764022383 33.5468015002 33.0709729056 34.7636474994 34.4321066961 34.6778995665 32.9797619976 34.9800073742 33.4429990819 32.2557115144 34.8721504555 34.8998259802 34.7583060331 33.793957352 32.3580356044 32.6428242967 33.4944804454 34.6955911662 31.8070572406 34.9862472997 32.1731514823 32.9346903757 33.6006564812 34.8180994673 31.5645213447 34.6354022409 34.7146334032 31.8507333615 33.1653637818 32.975718081 33.2156536146 32.570500201 33.4690231398 33.8977645466 34.3684690355 32.7086976572 32.2921194168 34.848206458 33.9918160453 31.5093548701 34.7918386367 33.7323680207 32.6170431333 33.4399658482
34.3090385393 33.1450750905 33.9882917693 32.8093978495 33.5114040134 32.1684587061 69.2088765453 69.2088765453 32.4221635963 32.4289257593 34.751731047 31.9329872603 32.0175922879 31.993130423 32.5442194083 33.2809671543 33.3828362167 32.0171807424 33.9438894377 33.0444310554 34.2454155804 33.5955259599 34.450548181 31.7271593908 32.1438632384 34.9499173781 31.6910933114 33.3707808857 32.6604644486 34.8062378107 34.636984762 32.3376161973 33.9092347063 34.2939026256 34.3139367115 32.8010423167 33.3815474549 35.0121532136 33.5173202123 33.2959687295 33.5685234422 33.9992720009 32.006295935 33.439311765 33.4282586777 33.1200185676 33.7925176754 31.6685594112 34.1482720734 32.8654635758 31.601100853 34.2698678707 34.2421626562 33.0702186674 33.1248069634 33.9661902001 34.0997214371
33.9912325021 33.4130655078 32.6656506521 34.7190271499 72.9043354463 72.9043354463 69.2088765453 69.2088765453 31.6449615061 31.6509662137 32.5038181824 32.7247247324 33.3693632424 34.2672879724 33.0562760725 34.4281779338 32.613518978 33.2799946603 34.6843297204 34.7259995123 32.2107511513 32.5806618213 32.5019516303 32.7434146381 34.0607015971 32.0484561703 32.1788006027 34.0962415677 34.995547566 32.6377874475 33.9008534289 32.0031781614 33.0090237482 34.8679545134 32.9428619056 31.8488709815 31.7910841313 34.8412725354 34.4080387121 32.6574926943 32.3713492994 34.1826096635 31.8914814116 34.1735627725 32.780063016 34.5930402182 31.5078483728 32.2102117988 32.6103321621 32.3680949424 32.4683794263 31.6102464882 31.6169161644 33.1843543337 31.7745851872 34.818200312 33.7773151954
33.6643451174 32.4180936873 34.289015318 72.7729663281 63.0164367876 72.9043354463 31.8942378792 33.4975787013 31.5600556315 32.8258171305 34.0366371786 34.7656857765 33.0042888146 31.6779873368 32.0790226357 33.7551254281 31.5343315608 34.4358593109 32.5207949902 32.496095815 32.9484976527 33.3381282467 33.0958770012 34.659588614 33.9811406893 33.0845200407 34.3524154602 33.5964942329 32.0627610259 32.4283931404 34.5571672006 32.4838932962 32.5709169108 33.2108229342 33.7877773593 34.3683588545 32.217618386 31.7969720554 34.566010254 34.9112776339 33.6351372941 33.4429029942 32.8361384383 32.0908786643 33.6830944748 31.9749763704 34.8786981505 32.100439103 34.9509154444 34.7895082439 33.8202857527 33.8403574725 34.8025147846 31.731521253 34.4901844516 31.8467971061 34.6311770871
34.7702919366 35.0339678747 33.1839987187 34.5451224208 74.2889201272 65.3494919787 34.4880757998 34.8238586024 34.8936947542 32.5028314966 31.5177500241 34.2973757697 32.5673129263 33.6875944619 33.5840852655 33.5417631685 32.8741515589 33.460686287 31.7448752503 34.2779136738 34.3159844557 32.5832088799 31.7867499083 33.2666741685 32.1990805319 33.0481885406 33.9232100153 31.8595381905 33.9556625604 33.4184734133 34.9147616257 34.6248881735 34.6300560461 34.7860765944 31.7918535617 34.5867330412 33.1167815793 31.8763585901 32.0061061756 33.7619871913 32.5369541937 32.6594184274 32.6369387497 33.5361757711 33.6541686701 32.8021789513 34.9560685742 32.9752370907 32.1389485723 34.1674680599 31.8698703901 31.6453994222 32.2992853861 34.8527763918 33.7783448986 32.3291808349 34.3374992634
32.4616444099 31.7894344807 32.3655660396 74.2889201272 91.2756224844 91.2756224844 33.5438787313 32.0102262693 32.7669669143 32.6675927523 34.8771755171 34.2364615234 33.9999265942 31.6014233021 34.6409197976 32.0126348659 32.7166106385 31.8263205926 32.821555427 31.6290674921 33.0584312166 32.2349924401 33.6273789356 32.3053831835 32.0896406853 32.2674716725 33.0767031452 33.0026884461 33.4016498588 33.1904362724 33.297988248 32.6171435605 32.0283126754 32.467828792 31.9307230387 31.8225177527 33.4288242868 34.3497457908 32.6069244568 33.0251215837 34.2440530186 34.5098720769 32.7183908917 34.2189132266 31.5716514829 32.6467383392 32.360565705 34.9338983128 32.7087011608 32.3181235818 32.6424254599 33.3085545337 33.5695787186 34.1490214102 32.1327495577 31.9478517747 31.9561098567
34.2118307913 32.1703075276 31.7482464233 91.2756224844 91.2756224844 91.2756224844 91.2756224844 34.6125408111 32.2201275761 33.9290154081 32.4787183251 32.9842584581 32.3938183379 32.5196545676 31.8912339618 33.7217265474 34.8447310296 32.9908376951 31.9295024726 33.7733386661 33.7655267732 32.1134151895 32.0338497092 32.4440147751 32.5018291046 31.5800919569 32.7042648546 33.5062984773 31.9603451906 31.5976799026 33.3538773775 34.9873654702 33.1281816819 32.8685056219 33.2548115788 33.5313181043 33.9549038635 33.1748194442 34.7431719293 34.5676306467 32.5618342831 33.4246914154 33.8721039254 33.0392026603 32.4557288999 32.0106121062 34.3722231301 32.1827265059 32.4897373258 34.2397444244 33.5458997798 33.7917173832 33.3230983181 34.2839996958 33.5748665899 33.667606667 33.0292627009
34.035913169 33.4436365416 33.87048142 34.0058458004 34.2725943733 35.035370876 31.8432976052 33.1550190687 31.5146783382 34.4395051385 31.6505543318 31.7008594118 32.2304238215 32.2345330605 32.4407882233 33.6079162465 31.7315722661 31.5957218321 32.5754911043 33.6892408236 32.7062535477 34.0584142387 31.5005296614 31.7799721022 32.8208870485 31.5402039817 34.7690772475 33.401721981 34.8095893828 34.0355120896 34.7440839038 32.4978434878 34.868025516 32.2933179207 32.7355550822 34.9389200423 34.4527625559 33.2727048179 32.8899020787 34.4389917273 33.9111012566 34.6967510747 34.693676943 31.6747651653 32.6427525702 32.4307688763 33.7237155505 31.5773870589 33.6452554778 32.758625666 34.1625057089 32.3560490622 33.0961119442 33.7846960824 34.7502222576 33.4412184622 34.4948038251
33.4734604162 34.0444324175 33.3787067602 34.9458488254 33.6591077915 31.8648730629 32.3586794989 34.7081233829 34.1253365395 34.6951647223 34.4835123566 33.3964373122 34.3263594179 32.3155996859 33.5960616614 32.7888477103 32.655400522 34.2553347502 32.9279370105 34.8313967488 33.6904382439 32.8746725493 33.8719953685 33.4561304064 31.936115561 32.4027971252 31.8864483761 31.8422035649 34.8214166748 32.7129196287 34.8536408888 33.5718252141 33.9902266018 32.2865038686 32.3234264264 32.2367746676 32.7568811917 34.5026107542 34.4683273259 33.731387089 31.6529459605 32.5557863302 32.8962256851 32.6934313908 33.469742271 33.9882283128 31.5839368263 34.7914494054 33.8613337353 34.9763120379 32.6099910783 34.5784015986 32.8440241088 32.9387694995 32.1306194677 32.5979410613 32.2556932826
32.1979203342 32.9957459687 33.9957929191 33.2626317715 33.4205611554 33.3638850066 33.8364984543 32.7461051784 33.6577007341 32.8730550026 33.3875824702 31.5067567123 32.1132765088 34.2496210193 33.4208537073 32.36165988 33.3398882827 33.509058887 32.0781680142 33.5867125918 34.3931824026 34.6997140594 32.6510819027 34.8425091535 34.7209489466 33.4654663812 32.483215064 32.9148812016 33.7452216273 34.193955325 34.8421627571 33.3228720028 34.8966444477 34.2154938887 34.8063356306 31.9399893414 32.5126039495 32.9688409062 34.6761301477 34.4339796246 33.2271089058 32.8643453814 31.7855259302 32.9004249887 33.8922071187 34.8151241902 31.6102441849 32.1552425165 33.7276750345 32.8234507755 33.5313913803 33.8599549494 32.0221311992 32.1067290643 32.016658907 32.4127171888 49.3053912804
33.3790465964 34.5706080077 33.204068317 33.0520399026 33.0993249507 31.5638841366 32.5817005567 31.8709252534 31.8202579277 32.7327719713 33.4860525735 32.655338322 33.8353555507 32.3946548381 34.6423872354 33.2482336163 33.1368094447 34.816904277 31.7745490919 33.630673028 32.6950492941 32.5426965297 33.2892492759 34.9940684706 33.5242109007 33.0340492154 32.7384438996 34.2107204246 32.1215294229 32.0003057015 31.7676787708 33.8752210074 34.8115947011 34.2585546004 32.7246958358 31.9047409437 32.7156978417 34.8508578237 34.5959863947 33.6079924431 34.5646780406 34.259820485 32.3471388814 33.3709794159 33.5960510111 34.1217576885 32.010022982 34.6120799162 31.6742417672 34.1072572412 34.9307186322 32.2471451738 32.9313785701 32.3627253338 34.1601533967 33.4759083557 32.3158700808
31.9942717743 31.5178926408 34.4196139162 34.9828112375 33.4772936585 33.4760977528 31.9222921002 32.699713852 32.181713419 33.3729321369 32.0563446832 32.3709179442 32.7772288062 31.8003691221 31.8331264023 34.3655461149 34.9106757457 31.7026156781 33.4398938367 32.0344803653 33.9668627263 31.8929984775 32.4794177445 32.514626577 34.5145215673 32.4319332928 34.4551594361 33.0928124046 34.6106647455 31.8434256575 34.0221669989 34.8978506464 32.7008953867 32.2926588108 31.5984461297 32.4743426945 32.8192769862 32.7178400536 31.7661387223 31.7116240517 34.2990286354 33.0611773565 34.5051761474 34.6783873558 31.6134746331 34.8607657786 32.5878504457 34.6639794552 34.6123534921 33.7988649933 31.8347078883 32.7858616895 31.6895617828 34.2369660659 33.1878613815 34.7495005883 64.0454349538
33.5298482488 32.5755683055 32.20278604 32.1721876323 34.3334373236 31.7764762712 33.0618645204 32.8403997048 34.7233772171 34.8660799183 34.9889002236 32.0466274585 31.505598158 32.0125919342 32.0236435208 32.2997047417 31.5908696559 31.7363160129 33.733117252 33.1530958411 33.9977910452 34.3083550162 32.7804784071 33.4688048066 31.8491031395 32.0791695474 32.442223514 33.239129496 34.6596359104 32.0032744749 32.6957695666 34.4082315689 33.0275295068 32.3702815517 34.7464174861 34.3093610357 34.2439411183 32.123482948 33.9634224842 33.261135022 34.3384404915 33.5519263003 34.7329035904 31.9587332917 33.1264204156 31.9511736829 31.7155651642 34.6646293777 32.2506251897 31.6617396344 32.9824949609 34.9917219588 31.5343466761 34.204034108 33.5316965967 32.2078760309 31.5487396712
33.0262990137 33.5680540339 33.2403777477 31.7373392052 32.1684549627 34.7389077931 32.0668452585 34.6564486705 33.854869656 33.1931867654 32.4516589668 34.8237185487 35.0270822318 33.0362056345 34.0155905969 34.7733421046 32.1988159754 32.2265988433 32.0777474655 34.9857469602 31.5589407693 35.024234595 33.3157508981 34.7865352526 31.8454966765 33.9807542121 33.7399807639 34.0894120182 34.0218288502 32.4850379559 32.0911579404 32.7690711915 31.6863487889 32.9204915522 33.7561447107 33.290434467 33.081725141 31.9273837654 34.5804366656 32.1461960497 31.9668519057 31.5583648104 31.6735297386 31.5375279612 32.8834638668 34.4704384983 34.7783202403 32.2693265816 31.835935547 34.4145769467 32.0822674331 31.8851312824 33.8660219449 33.2815508677 34.5087358249 52.877278151 58.2874649648
34.3603563175 34.3036397441 34.3553947979 33.454099805 33.965240311 34.7587508432 33.8020817333 31.9297040971 31.7873952416 31.6859487117 33.6864663551 32.6141095446 33.2919954607 43.195833419 43.195833419 34.6937206826 33.8757750335 34.5087533298 32.3270447202 33.5260178289 32.0131515713 32.9197658472 32.5120598111 31.6639224748 32.3652359939 35.0211243015 34.2879608729 31.5188360528 33.9261768845 32.8684323316 32.1603737164 34.7183467126 32.3419498145 32.5421169659 32.3659547624 33.6906110613 32.9293929336 34.5103536556 34.7831400144 31.6788028228 33.3415742384 34.2692247977 33.409943359 34.2104584605 32.926835178 31.860165404 32.1684095475 33.2664886092 31.8667872052 33.7555383828 34.1277434697 32.1737909606 34.1354782343 34.7827659736 31.5609937675 63.5265370415 55.4248889649
