Spatial_Output/BAU/BAU_0050.asc
NCOLS 155
NROWS 192
XLLCORNER 196769.923733
YLLCORNER 449719.875193
CELLSIZE 27.603701
NODATA_VALUE NaN
[rows 92 to 114 of 192, columns 53 to 105 of 155]
45.7953946521 46.3826697396 45.6012226932 45.5408400098 46.3417121897 46.1695901829 45.4647081077 45.9053563121 45.5738198312 45.9746687856 45.2413986565 45.1695023446 45.5062248805 45.337903 45.3070914283 45.8279120164 45.9411587102 45.130940719 45.6525863026 46.1515799798 45.9756864893 46.1307137669 45.2037577182 45.7628816384 45.7980314408 46.3031529075 46.0067070779 45.736149435 45.6869816518 46.2810947707 46.2642226463 45.1338818093 46.2239706659 46.2682281921 46.306192853 46.160808448 46.3950082304 45.8881301528 45.3391191518 45.0431464006 45.1534460417 45.7295584194 46.1484919383 45.1639606796 45.1481755511 45.7011402337 45.0809700502 45.4628348804 46.1759626081 45.7841481422 46.1464777858 45.819569619 45.3574889109
46.2005016176 46.0320586209 45.906638167 45.9865961169 45.6641947572 46.0449478175 45.3866899366 45.5049073153 46.1425432438 45.8471453842 45.6363550594 45.3018174173 46.2393773786 46.0468473011 46.1085354678 45.5921802821 45.2270276467 45.1155170784 45.3475832427 45.54670567 45.4550800094 45.3103419495 45.428137825 46.0110915771 46.1433193813 45.231444922 45.4727573369 45.7059657438 46.1921780536 45.4917392484 46.3552719872 45.5041837713 45.94620906 46.4007748638 46.1422918693 45.1301085014 45.4523062655 46.1247988415 45.1325245941 46.2017754758 46.2390928622 45.8108152245 46.0159085451 45.7412907722 45.5983367793 45.5765407313 45.3430608096 45.9800839114 46.0426868539 46.2747401636 45.7266821765 45.5246096335 46.2147112061
45.195263354 45.7626767211 46.2724180478 45.2595184237 46.3856631259 45.9195020831 46.0952588428 45.6381977934 45.308030719 45.0239364139 46.1229209804 45.8562939219 46.2801508857 46.1150062305 45.8005938983 45.1098636307 46.1434818289 46.3868697327 45.7828878279 45.3752354413 45.1544283323 45.4426046713 45.326123265 45.2651190781 46.2842339591 46.1426776677 45.8558931013 45.4369017615 45.6547886829 45.2539846901 45.2198333355 46.3445222642 45.6832137516 45.2746631304 45.819430795 45.4600494168 45.3316521993 46.2526814489 45.5906284427 45.8863895325 46.3746087602 45.703835771 45.3276953173 45.4593056029 45.085900058 46.3543995562 45.7004231739 45.401538839 46.1080158231 46.2068907721 45.0025307715 46.4033560157 46.2576002858
45.8132018891 45.4337250991 45.5682204859 46.1241352317 45.9893298585 45.4622705179 45.2500766289 45.1064974122 46.3864440272 45.0261743929 46.0568811581 46.1984413759 45.4587892411 45.9513955943 45.8128635853 45.9164927669 45.9635668782 45.426586146 45.0992063052 45.5748064728 45.8380669657 45.8872152281 45.3108103382 45.3057256213 46.360242082 46.1163018565 45.4252490955 45.63584901 45.7125972454 45.3271906425 45.5839427167 45.1586216994 45.6879182196 45.6639971907 45.206248694 45.8627745937 45.0464220451 46.0894385039 45.3369344478 45.1050983807 46.0731777877 46.1338325953 45.3266178422 45.6343525021 45.6580512371 45.751510947 45.1075137193 46.1685104535 45.8980954762 45.2671190283 46.0998929913 45.9209146098 45.472819279
46.2097838386 45.3502241096 45.9752995854 45.7736025797 45.9394551665 45.0398230125 46.0010963837 46.0924076584 45.0977624523 45.3906458677 45.0756189645 46.2680767574 45.3503310401 46.2213004221 46.2413255764 45.4475480946 46.2209712643 45.5324298801 46.0151663954 46.1376385418 45.3697253324 46.4068350001 46.3203165151 46.1193741763 45.4235507689 46.2220418346 45.0977628661 45.6191262116 45.9324031778 45.2263010062 45.4460436379 91.176887499 46.1548049433 45.2343034665 45.1898337223 46.240708147 46.0518171416 46.3543299709 45.4179002222 69.2826886263 63.1522138313 46.0202439839 51.9066883785 68.7816365899 85.2686710947 85.2686710947 45.6319806452 74.4481195733 67.7567351089 46.1442702994 68.0728172351 46.3302334085 45.0518394908
45.0470391531 45.9028635612 45.6504847926 46.1042672555 45.6567688104 64.6716735718 46.2808632163 46.3408431173 71.7525302162 72.8253859175 45.4681178251 46.2907423638 45.7542106063 46.0702607968 45.0586444951 45.4933991927 45.8754151057 46.0378329522 46.3439392814 45.1305405631 45.1107386944 46.2501733531 46.4064979042 45.4336859383 45.5458005701 46.0211086787 59.1410559546 45.3707220536 82.1388894213 82.1388894213 45.9863805329 91.176887499 91.176887499 82.180037582 92.0308001845 46.3994520722 45.3009333529 45.1791077202 45.1887172165 46.4080429673 63.1522138313 63.1522138313 51.9066883785 51.9066883785 85.2686710947 85.2686710947 74.4481195733 74.4481195733 67.7567351089 45.0430888001 68.0728172351 45.7327152017 46.0754291371
45.3310752891 46.1544203548 46.089778626 45.4195506893 45.1311653804 64.6716735718 64.6716735718 45.8650962621 72.8253859175 72.8253859175 72.8253859175 45.8045134578 46.337346204 45.7592098359 46.0266969318 45.5849308151 45.3563500318 45.9667954216 45.5016633292 45.9460859862 45.8772267342 45.7895146481 45.7140329779 45.1711290091 45.9242474554 45.1959561788 59.1410559546 59.1410559546 82.1388894213 82.1388894213 55.7735428755 91.176887499 91.176887499 46.0540660311 92.0308001845 92.0308001845 45.772248274 46.1993792082 46.028685625 69.2826886263 63.1522138313 45.5689885167 51.9066883785 45.5194670464 45.5751464131 85.2686710947 57.8910564645 74.4481195733 67.7567351089 45.3154018065 45.2283486416 45.8276777232 46.2927732991
46.1768690294 45.9915578733 45.4846540652 46.0720764298 45.3366542449 64.6716735718 64.6716735718 59.7834572061 71.7525302162 72.8253859175 59.8230940661 45.0876331024 45.1904173112 46.104982053 45.3095218087 45.8291712995 45.7281112265 46.3358975685 46.3749587068 46.2526547783 46.3180011948 46.241013975 45.466467134 45.6472338154 45.9507344367 45.2819966279 59.1410559546 45.9559026002 82.1388894213 46.0512708106 45.184883568 91.176887499 45.9965542531 45.3791495262 46.1849333726 46.0914327599 45.8524315294 45.8128029525 45.3851461528 45.2317335747 46.194510404 45.6690037283 45.9288030099 45.1272949177 45.486190856 46.0583385215 46.2331276024 45.6086659194 45.8238488851 46.2930907409 45.5589527564 45.2592321013 45.8623349966
46.3823267543 46.0497503038 45.5026668573 46.0666654829 46.0162900041 46.106694925 45.54145741 45.6049671083 46.3659214849 45.2305681199 45.8885411806 45.9134483132 46.2353931519 45.5063019198 45.5524901067 45.5703779969 46.2015310212 45.1711389124 45.6848837688 45.8978023821 46.1899211702 45.5893352645 46.2750666989 45.3687371641 45.7713369365 46.0640281063 45.4012434908 45.8772311649 46.1144435827 45.7080352454 45.3032386331 45.1526385301 45.8085729132 46.1665425203 45.0184210803 45.1121601541 45.2052099148 45.2198748349 45.0306532363 45.8768955675 45.0211402343 45.3220619111 46.1723035351 45.0092512607 45.8598459529 45.7562703697 45.8799543099 46.2948176763 45.5414784592 46.1923561428 46.3283753726 46.1809492447 46.3041179192
45.203618593 46.2121526202 46.0603446961 45.38072586 45.1684360467 45.1168595792 46.2181427421 45.0900957339 64.5418718756 64.5418718756 45.8356213047 46.1298165694 45.5138152593 46.0454959816 45.5906231964 45.7358760415 45.7608209263 46.3504576599 46.118077889 45.275485444 45.8103293321 45.0919407406 45.9569028586 45.1387734504 45.6142379448 46.0067095433 46.2794905379 46.2614693787 45.5046720794 45.0150274105 45.9477536508 45.5579671485 45.7377651023 46.1512332029 46.0273550012 46.1246386172 45.7041102956 45.1003146071 45.307343634 46.0668318566 46.1187613774 46.38430747 45.3925876606 45.7986286131 46.1054630077 45.8682096724 45.2552289813 45.4997698797 45.3633154332 45.6756395837 46.156706621 46.2671585821 45.8132106381
46.1012235136 45.782523448 46.236592529 45.4080954385 45.33841872 45.3253851966 45.8864649699 45.8919606581 64.5418718756 64.5418718756 46.1367200129 46.3336915987 45.378778975 45.6604430386 45.3581696628 45.0573053044 45.4776291997 45.612824789 46.1539979447 46.222261991 46.1922957094 45.3913260514 46.18813277 46.1353152168 45.9253717249 45.7501465164 46.3039947822 45.2559740358 46.0200054687 45.5226640219 45.0287723706 46.2389975235 46.0008820378 45.7600655926 45.4514517157 46.3644069138 45.5710007891 45.7791312082 77.4984356146 77.4984356146 77.4984356146 45.4809790045 45.127873328 45.0890516195 46.2175336734 45.46541704 46.2578406949 45.7072035422 45.8136178977 45.2102472512 46.2972940638 46.3873664263 45.9180107392
45.2281090733 45.7123373471 45.6277456993 46.2863589046 45.0172828683 45.5514639626 46.1052645177 45.7974627308 46.104055612 45.2598601084 45.2544692454 46.101017034 45.1831586342 46.1413162906 46.287974838 45.2986012881 45.990019083 46.0402185575 45.5328375689 45.2704603426 45.5023318051 46.3786460584 45.6913270138 45.4848149646 45.1929768357 45.1961293004 45.079351522 46.1668719512 45.9305535503 45.094314128 45.4529129948 45.3598472217 46.1102293942 45.2387319278 46.1294474222 45.600388692 45.3910884978 45.6769880986 77.4984356146 77.4984356146 45.3814652331 45.6583877805 45.6093183036 46.3852551481 45.9508916359 46.054925986 45.6840295414 46.147353362 46.3672696658 45.0562173509 45.5132054197 45.2951963632 45.6921951428
45.5423526526 46.2468116443 46.1977219027 45.5750161459 45.6896060117 45.7862073805 46.1078938651 45.0095253416 45.3271000888 45.2749053405 46.1640254215 45.7694975137 45.3846257046 45.0177563619 45.5401776866 45.8877011561 45.2881037232 46.112461798 46.008612769 45.3462575363 45.737774715 45.5705785732 45.261146914 45.38225467 55.0411390947 46.0483332829 46.3763383199 45.9479595767 45.0800517979 46.388154737 45.1805340573 45.0023011113 45.3951137291 46.0136192614 45.842274507 45.7529824836 46.2664894026 46.1263437589 45.6600729962 46.3305891058 45.9928034667 46.1777050936 45.7806801552 45.9077848403 45.2103686119 45.1428122289 45.9931469514 45.6616216721 45.8879590014 46.0804838534 45.0762496788 46.0443105653 45.7518382763
45.5650668082 45.7355537779 45.9528780243 46.0892148934 45.4967333232 45.3013567303 45.2293570602 45.4539879397 46.4092964892 45.5780689633 45.9592914228 45.0731381423 45.3396431668 45.4815139578 45.9682290849 45.911268028 45.7391989853 45.1123945103 45.1060521841 45.9474850598 45.1517241105 45.221162132 46.3323060138 45.2119855618 45.3604219252 55.0411390947 46.1623569868 45.0261682797 45.9121983264 46.3377673225 46.1981397838 45.273696137 45.3888215363 45.6443946753 45.2111198242 45.3483313398 45.2176838467 45.3047380467 77.0735788338 74.442468523 46.2242314572 46.3733394703 46.0233087976 45.9521830648 45.4924269979 45.4248284552 45.9985725197 46.3083760937 45.8604992316 45.0806188989 46.2523940433 46.0160216863 45.6659897301
46.1033213022 45.6546247207 45.0357960066 46.1034520436 45.0025743769 45.2301354242 46.3457403658 45.9955576356 45.3782447022 45.2153045989 45.7682053895 45.6059086566 45.3865941484 45.9695785218 45.5782013883 45.9906232853 46.3526405986 46.3343410427 45.2321365721 46.1189632115 45.8598636392 45.2305647935 46.2939299503 78.8714381049 64.6032245434 55.0411390947 45.5225694582 46.3899209308 45.3452588901 46.0162877574 45.8978568306 45.4767399829 46.059622896 45.5190027227 45.357767802 46.0099664476 46.3499036417 46.2354818816 74.442468523 74.442468523 74.442468523 59.0306644865 59.0306644865 45.8087413144 45.5620794424 45.6487212544 45.8141718326 45.0824264886 45.1659096408 45.262945691 45.5675664941 46.1290083694 46.3278244796
46.1475140631 46.0832099635 46.2569738132 45.8236234314 46.2387356127 45.9819582816 45.7121752761 45.8812046116 45.2120977844 45.3439381375 45.1237332599 45.6799541754 45.8051466329 45.5716531219 45.7418684012 45.1137731056 45.9389969496 45.8149116151 45.314419039 45.6066786208 46.3369094435 45.044728796 78.8714381049 78.8714381049 78.8714381049 64.6032245434 45.2580101976 46.0018478427 45.4815894369 45.1057262365 45.4601733763 45.5709102764 46.3146401886 45.7243737929 45.5804052457 46.1334768617 46.3094087937 45.1047841839 77.0735788338 46.1215460959 45.5901673974 45.1543750647 46.3917734721 45.0115142229 45.0446066207 45.1468622307 45.1817675056 46.0280320369 45.4180695119 45.2857159952 45.1475460736 45.4543271041 45.5572094195
45.0249850835 45.2953322467 45.6764136757 45.1329487336 45.2222923254 46.258633934 45.6487444878 45.1835843044 45.3417018598 45.3397864164 45.2559645426 45.1535658912 46.1046202326 46.1452623207 45.3455753515 45.5244453223 45.7606369211 45.2493079015 45.7251424052 45.5434639181 45.0856950188 45.7763784831 46.1519073934 78.8714381049 64.6032245434 65.1895425795 45.8461092197 45.7088032681 45.4190910756 46.2591340661 45.021275749 46.2825795333 46.1088409823 46.1993588336 45.0336556257 45.1686139816 45.0996595596 45.2889223553 45.573116151 45.8149091216 46.2324657635 45.3875133096 45.4939790934 45.1455373777 46.0831744169 45.7517466166 46.1244475506 45.8811048423 45.545026491 45.5864972079 45.3602905226 45.3006106916 46.1750979658
45.602185397 45.5179080155 46.2685615081 45.7157968435 46.1054674064 45.1730278876 45.4363343821 45.6055446187 45.7159704906 46.2746751171 45.3541434574 45.1914811567 46.2169709558 46.3967460407 45.6905380318 45.4916560598 45.9176303881 45.4254135603 46.0656047363 45.509473231 45.6426210474 45.5387302797 45.4092695405 45.3946421611 45.4766909235 46.1562436558 45.1643744951 46.1655433497 45.1914311213 46.0965137252 45.4022164588 45.9512244025 45.2528580067 45.1894326019 46.0680827813 46.3765777092 46.2809805909 45.7768744916 45.8548183309 45.8276198285 45.5890497779 46.0721379217 45.786793575 45.6753659638 46.3194840197 45.602691969 45.6497035267 45.9864038402 45.2799641312 46.0343280817 45.1499139456 45.4430968029 45.1548976566
46.2435971033 46.3251116602 45.9433759156 45.3558785222 46.0421376506 45.1090675761 45.5322277055 45.2504164815 45.3815974928 45.1094881852 45.1067650444 45.647229061 45.9540572525 45.9133821847 45.8790379143 45.6949860626 45.1937474653 46.085027893 45.5741798019 45.0377785852 45.6144934687 46.3815650691 46.0912924559 45.3621113676 45.6151852452 45.3729160502 45.5794481596 46.2400566661 46.1727607491 45.2017873008 45.3633842367 46.2538218967 46.2838706597 45.7997774404 45.492933105 45.2502503575 45.8440445861 46.205520079 45.4584573601 45.6740233591 46.3003740375 45.5686505984 46.0238886073 45.4438283752 46.2474239068 45.6226864179 45.0827400691 45.0788587862 46.0614509237 46.2635483936 45.504200738 45.2431282135 45.3529630398
45.2565232044 46.3006061282 46.210391306 45.6371910082 45.1416319931 45.4907756091 46.1705605259 45.2238993211 46.0769587964 45.6564339017 46.0411951614 45.177721812 46.3991589379 46.137368742 45.4596541138 45.4541918112 45.1025802283 45.2541104316 46.05228432 45.4431284324 46.2673786351 45.9550125755 45.8819734563 46.2708149372 45.5581605283 45.7484637891 45.6408220066 45.4440838481 46.1413457493 45.4651696826 45.7023950736 45.6920414839 45.6433499481 46.1339935648 45.6522736582 45.2182420169 45.0895645049 45.5015528498 45.6514394337 45.4580166888 45.0258948268 45.9820668541 45.5695103805 45.9503863379 45.8403575982 45.3696100753 45.4115190512 45.8735284716 46.110163609 46.0621379867 46.0546029156 46.2480726308 45.1709568603
45.1115661887 45.1287148883 46.1762318023 45.2503609808 45.6317202041 45.4282146788 45.1183654692 45.8302615438 45.7797348114 45.1597566386 45.9842474903 45.3225368515 45.8175430441 45.5725977208 45.7537316649 45.9232047501 45.2596883559 46.1291730584 45.3954243286 45.9297991778 45.3674934765 46.3555641593 46.3047850992 45.9087275953 45.0637301059 45.5765891018 45.0944359312 45.3375270075 46.1862581224 45.4474648895 46.0051337745 45.7656537244 46.3084689178 45.2787143892 46.0484054039 45.317936813 45.5926497055 45.3809483434 45.6407808297 45.4853723211 45.2554412367 45.1409042226 45.5550578191 45.6565086834 45.8062332499 45.829376469 46.2373659495 60.3812010322 45.4681557744 67.1723599543 45.8915961359 45.0502078676 80.3771103629
45.9551562237 45.381197006 45.0977135633 45.2598352758 45.8092203627 46.1128540496 45.4460718227 45.5343927282 45.5621268931 45.249577587 45.1735812432 46.1080827637 45.0567527023 46.3307412623 45.0553084784 45.1172365243 45.0297585423 45.3588222227 45.4999623858 46.3641688152 45.3481755272 46.0794229074 45.6757221577 46.3861319897 46.0090185069 46.3153784923 45.1388161263 45.6469808411 45.6278784232 46.058224343 46.3951658244 46.1705412948 45.8524473061 45.6537081897 45.013454856 45.2028299099 45.0105055837 45.562339464 45.4491197052 46.2817240107 45.5609547792 45.0017829742 45.9591469917 45.5411471232 45.4687767576 46.1307481346 45.4456113711 45.3978288588 45.677046859 67.1723599543 45.1676798187 45.8234327843 80.3771103629
45.7794513231 45.398530332 45.0575129382 45.418878767 45.8026142223 46.1781966975 45.0228313173 46.1761303629 46.398175141 45.3977934446 45.0349398964 46.0805687494 45.5312556603 45.8868929329 45.1584772306 45.1515642983 45.169886272 45.140103297 46.3770472157 45.0426281531 46.228641408 45.2943416285 45.6446285565 45.6361626865 45.6722231525 45.0807197171 45.0949911245 45.9889604562 45.5911986222 45.886743394 45.4874524366 45.4236346094 45.3568389957 45.5907097798 45.8266291547 46.2403716607 45.7427945488 45.8785696361 45.7170584815 46.1777199378 45.9545415186 45.2878375598 45.705452253 46.0886644239 45.8700268513 45.4206670234 46.3915100456 45.5113162291 46.4094788988 45.7269767153 45.8954110186 46.0172198136 45.337702619
