Spatial_Output/BAU/BAU_0578.asc
NCOLS 155
NROWS 192
XLLCORNER 196307.867259
YLLCORNER 449144.565805
CELLSIZE 33.573938
NODATA_VALUE NaN
[rows 25 to 49 of 192, columns 0 to 56 of 155]
0 0 0 0 0 0 0 0 0 0 0 0 0 0 0 0 0 45.4552721243 61.7286848938 52.6604177004 19.8175766719 20.4037736859 20.3003637554 45.8152547416 45.8152547416 51.1007245398 51.1007245398 51.7694417051 27.3983182406 28.2169674422 28.2293523307 27.5441086949 26.9708545126 27.424009024 27.8880855379 27.2776722888 27.546276618 26.910348629 26.8365855134 27.7519841591 28.4924229413 28.3830193573 27.8190771964 27.1248783439 27.0572654404 27.8603357165 27.7135672221 27.1412753197 27.472993316 26.9022478632 26.9359104413 27.1051101671 26.5991423499 26.6514411338 27.8005275982 26.7925032809 27.1899627373
0 0 0 0 0 0 0 0 0 0 0 0 0 0 0 0 0 0 0 0 0 28.2407972418 26.6266124208 45.8152547416 48.4599099677 53.6234261347 53.6234261347 53.6234261347 52.7486386821 28.5011563938 27.1955548908 27.5998861372 27.7927057829 28.34570242 28.2679860091 28.0845944204 26.9432960379 28.5460720119 26.9032709532 27.9653405933 27.6733209875 27.3422863272 28.3461891756 28.0711487195 28.4870017831 26.644010562 28.0950953048 27.3912784785 27.7482946465 27.1841778477 27.874248612 28.118155153 27.9015434833 27.7223115817 26.7531356699 28.0901717655 27.5869923619
0 0 0 0 0 0 0 0 0 0 0 0 0 0 0 0 0 0 83.736513865 58.6414800112 27.3135739915 27.9250223822 27.3148562481 27.3098080486 26.6326997035 57.597223846 53.6234261347 75.0956072142 75.0956072142 40.6433121429 26.6870855927 27.2258234442 26.6022760299 27.1497114457 27.6656863952 27.4974129836 26.5351248047 27.7998411151 28.151575272 27.6332947396 27.5166209132 27.9625782044 27.4208177345 28.1153662563 27.018514968 27.3015324337 28.4915930094 27.8861703229 27.1323382938 28.5819258118 28.1620532496 27.7843302754 28.3561809953 27.8383175209 28.3265902759 28.3972801663 27.6849822731
0 0 0 0 0 0 0 0 0 0 0 0 0 0 0 0 0 83.736513865 58.6414800112 58.6414800112 27.7611253514 28.4947247238 28.590088257 26.8748598488 28.303526445 28.5216140808 57.2015800706 75.0956072142 75.0956072142 40.6433121429 56.3559526756 56.3559526756 26.5526519443 28.442452456 27.1781338317 27.3206327568 28.0305179565 27.7489661396 28.4050340455 27.7936081819 27.8679587319 27.696375729 27.9047160685 26.6188935478 26.7669912241 27.8982069369 26.5778601914 27.5363280957 26.6277048515 27.5156383701 27.2105377906 26.7013787495 26.6801521786 28.3977083114 28.4269035767 27.3785771165 27.9925607119
0 0 0 0 0 0 0 0 0 0 0 0 0 0 0 0 0 28.3168573463 58.6414800112 41.3282412381 42.7811998759 53.4138186927 28.1972537344 27.3890402921 28.01285735 28.2363087369 28.4881465341 27.9501940241 40.6433121429 56.3559526756 45.5273331392 45.5273331392 48.317431515 26.7523971107 28.1482360942 27.1273830492 28.6133985313 26.6782738749 27.7867255019 26.7678082424 26.8036054851 27.2580604104 27.9350621179 27.0142484764 27.2559937686 27.3960402115 27.7783550622 27.8587612606 26.8624302404 27.9109772947 28.1042540445 26.5028773536 27.1670330453 27.9856737719 27.5357203489 26.6258483241 27.3794383982
0 0 0 0 0 0 0 0 0 0 0 0 0 0 0 0 28.4103038142 27.6288704028 28.2335934632 53.6348434372 47.3445029229 43.568401273 27.4374246898 26.5256212725 27.0181148907 27.0134616072 27.7083185592 27.1090531878 27.0855601466 27.6008666271 45.5273331392 45.5273331392 62.5065218415 53.8708530249 27.7686843722 26.7998803886 27.0376412279 26.888715673 26.5411867637 26.8742382317 27.5574521599 28.3627534899 28.2289117287 26.6289447905 26.9092964768 27.5086179503 27.0501693297 28.3310681911 27.7301141382 27.1631795144 28.6146125947 27.518708414 27.4306332504 27.2885956937 27.385568866 27.4282986774 27.4198243841
0 0 0 0 0 0 0 0 0 0 0 0 0 0 0 26.7856565392 27.0773784771 28.1976479846 27.237035844 52.7295161094 42.9219600502 44.304075752 49.4397348148 27.2717982439 26.712029143 27.7732805708 28.5068106596 27.2487666522 27.1413259829 27.0485361087 45.5273331392 62.5065218415 65.0411915445 65.0411915445 65.0411915445 27.5415365676 27.9831768069 27.9536628217 27.0648851701 27.84635789 27.9839283611 26.7094836489 27.7066813542 28.1415930344 27.1701650056 28.035292337 26.6746664871 27.1626561422 26.9495557415 28.2402463961 27.5426152965 26.8363063852 26.7070108394 26.9033068829 27.7377589439 27.6640701889 27.0714736257
0 0 0 0 0 0 0 0 0 0 0 0 0 0 0 27.6099465145 26.6689885808 26.7625344205 27.207860813 42.4604198713 49.8048885929 43.8309890203 40.4061098028 27.8224718265 26.5462665657 28.5246916518 27.1000908259 28.5817879684 27.8813785113 28.2578354021 28.0837131273 27.7743177472 65.0411915445 65.0411915445 41.5058138604 41.5058138604 27.6912135305 27.738958079 27.1011524141 27.0456391122 27.0164637108 26.6874071747 28.2423442284 26.6388240142 27.3200327537 27.4012499131 27.2875249671 27.1040318343 26.8829232962 27.8093376715 27.8284737835 28.4459504269 26.9340841808 27.8839987412 26.7903493729 27.744541932 27.3850881686
0 0 0 0 0 0 0 0 0 0 0 0 0 0 0 27.09501526 28.410237927 26.8291128653 28.0536211029 27.1821197363 51.5610558637 54.8686452198 45.1540887685 26.7835918598 28.0265026439 28.125092601 26.6589686303 27.0812608424 27.9297296943 26.86672941 27.6846348704 26.7465579615 48.9454059396 43.4877959417 41.5058138604 41.5058138604 54.3789260427 28.6031284324 26.7699447251 26.8596465067 27.9976474706 26.9118203895 26.7386312594 28.5722581553 27.0728934906 27.9732206028 28.3928546181 27.2074082438 27.184433439 26.5171064521 28.4228824615 26.8039579103 28.3182085673 28.2739836493 27.5480798631 28.1710457384 26.9558454165
0 0 0 0 0 0 0 0 0 0 0 0 0 0 0 26.8937831304 27.4043367122 26.9163293645 27.280196256 27.404279826 27.1643398442 27.0347825675 28.2454196459 27.171959268 27.6766731438 27.2884633143 26.8268177042 27.6852437095 26.7242892508 28.3869195208 27.2025876349 27.12234662 28.1099697935 28.1992344633 27.2463306558 54.3789260427 55.1049816165 55.1049816165 26.7841027208 27.5056930579 27.7825431843 26.7012253628 28.4576537999 26.6793420085 27.6005008491 28.404752068 27.0894559515 27.0555580805 26.9894550126 26.9969504215 26.7253895417 27.9188792727 28.3980583027 28.57789619 27.5007727428 26.8059554036 28.1522045969
0 0 0 0 0 0 0 0 0 0 0 0 0 0 0 27.0239651465 28.0484716924 26.8785104415 26.9230653832 28.1036119124 27.1798123454 27.5478272409 26.6718707646 27.4408833633 28.5162568288 27.1252102248 27.6827521626 28.4100339656 27.0925198523 27.4244752907 26.732474162 27.0500853199 27.1004689994 27.1570317949 27.1095140717 48.4644291817 58.5961418594 26.8552485033 26.9849854515 26.6244301466 26.9313426638 27.6355745622 28.3283180695 27.0923411601 27.0184100856 27.8443646863 28.5157175213 27.1479793831 28.5449019446 27.6434083321 27.3255160807 27.9929296231 26.504043856 28.1028431091 27.8194962401 28.0111328563 26.7217434676
0 0 0 0 0 0 0 0 0 0 0 0 0 0 27.885402518 27.7030071522 27.5731013737 28.1160892541 27.576733607 27.4783899157 26.9095374443 28.0093041213 27.3256751839 27.8900814342 28.4845257401 27.2552339219 26.7036891859 27.4765827028 43.8475294415 43.8475294415 27.4979787087 27.2972276584 26.5567625063 28.4695874526 43.9091359279 58.5961418594 58.5961418594 58.5961418594 27.1038527257 27.3186348141 26.5110350764 26.9114134675 26.6218209272 26.6275011419 26.8614384154 26.6336244407 28.2554675762 27.3006571932 28.5198242681 27.3481658728 27.7958328009 26.8811905538 28.1527275256 26.5106800337 27.5479060521 28.21475059 27.1032328567
0 0 0 0 0 0 0 0 0 0 0 0 0 0 28.0302165604 27.1873666918 27.6736270742 26.9639720445 27.2949455182 26.5451899049 27.673890855 27.5212752489 27.0630509918 28.5423456314 27.3117675124 27.9782600136 26.7933074445 43.8475294415 43.8475294415 27.2415242084 27.772357709 28.4892461519 28.4876003491 27.655456243 26.8180253545 58.5961418594 65.832499145 26.5715107893 28.3217121819 28.3397215449 26.7697696022 27.3025010044 28.0301338186 28.5044199181 26.5438537521 27.5829249684 28.530963708 28.1833390907 27.1234319651 27.3062008466 27.589527085 27.9878235264 28.4910643186 27.5919250513 27.5403885606 27.0111734295 26.5140350093
0 0 0 0 0 0 0 0 0 0 0 0 0 28.5635500448 27.9045661431 28.5613690867 26.6644626332 26.6084698417 27.0007826137 27.3176023497 27.041154355 26.5843129077 28.4733864977 28.4715713928 28.5620962719 27.4206680589 27.8824929876 47.5983602893 43.8475294415 47.5983602893 26.843375582 28.3674499225 28.4892820615 27.0539800071 27.5979724351 40.6482417454 42.6863607556 42.6863607556 42.6863607556 27.603196678 27.74320958 27.3039218438 27.1743190631 27.4696824037 27.8628739493 27.1643618502 28.2098776082 27.0896079473 28.3770393674 28.6093095797 28.3439439877 26.5709535217 27.7126148956 28.4139976793 26.6240500718 27.5742602705 26.6985288347
0 0 0 0 0 0 0 0 0 0 0 0 27.5460785561 27.4563348446 27.5547454256 27.8628572212 26.5939631905 27.6854171468 28.1276040147 28.2990166528 26.9919893621 27.5859553124 26.6055939222 28.1454290618 27.1949188232 28.029072222 28.2764900797 27.6502993049 46.6450068806 50.1327229178 50.1711839087 26.9811767435 26.5985150836 26.5315116504 28.0646412708 65.832499145 42.6863607556 42.6863607556 52.7850285427 28.3573813964 26.8140427586 28.3113287323 27.8268617847 26.8061711481 28.0832221401 26.77122753 28.36616049 27.6869559204 27.6526081059 27.8533591248 26.6488538594 28.0635614839 28.5801032761 28.0765616527 27.7770005232 28.5040824944 28.1608648518
0 0 0 0 0 0 0 0 0 0 0 27.8665063907 26.5825192173 27.4274892575 28.0704180971 27.6083889179 26.7827285744 28.2572342475 28.0952932373 27.5580246449 27.6930207389 28.0865368286 28.4123212566 27.5021466015 27.9314412952 26.5224437116 28.2483396585 27.6742060721 43.8990562638 52.0533040181 51.4567663154 26.6898987742 28.3522019094 28.1452448966 26.58276876 27.7082947408 28.571382529 55.0736903099 53.9976011948 53.9976011948 53.9976011948 26.8953105351 27.9249270146 26.8030963204 28.0473020918 27.6089730555 27.0848192038 28.1117307041 28.4177369543 27.9988659582 26.6175217793 27.15911738 27.5403765643 27.0528635733 26.8102929715 27.3944565669 26.9631320839
0 0 0 0 0 0 0 0 0 0 27.237472007 27.4991218113 28.4732705511 28.336296663 27.402643502 27.8319232974 26.9426656622 27.7490173882 27.6685936453 27.7107804858 27.5311155223 27.1646214615 27.8169721907 27.5203108734 27.4191681756 27.0504990412 27.2061525693 28.2031365423 47.7435196315 48.742713353 39.051623926 28.5168787217 27.5909182311 26.628115488 26.8106945506 27.0058498314 28.492359506 52.7850285427 53.9976011948 53.9976011948 26.7764882326 26.8622608008 26.9681309298 28.4122441104 27.7280613728 27.3306558527 27.12065549 27.6660484397 27.5018345049 26.8249507906 27.716879342 26.5624518495 26.5282454945 26.9245443031 27.6339036219 27.3268918546 27.0395558519
0 0 0 0 0 0 0 0 0 0 26.574202806 28.345485878 26.7166268533 27.6797121754 26.9279700267 28.5645213867 28.121815051 26.8695085324 28.4651457452 27.5052488848 27.1975814594 27.5193790205 26.7799091373 26.8163430039 26.850541464 27.5448584549 27.8741818055 28.3408335203 45.22931591 40.488223623 53.3900384083 28.3626489659 26.5026855386 27.9496238448 27.9573600979 26.8756682134 26.7671040909 26.7029302837 26.9110407286 26.6631038139 26.9274633818 27.6563270752 26.930825282 27.0994116901 28.3479359027 27.3740843103 28.586263239 27.6059715914 26.7121979485 28.4714084684 26.6771688995 27.7976121527 27.0761844935 27.6641961032 27.6260515128 27.0219458354 28.255063022
0 0 0 0 0 0 0 0 26.5532993998 27.4840109412 27.689996526 28.0141196785 26.8134385266 26.6050181313 27.4066131336 27.6560760021 28.1487150682 27.0023327771 27.563217405 26.6084756818 28.536427554 28.3800848068 26.7521412559 28.3022968161 27.3588707211 28.0890888627 27.0600819655 27.7796723202 28.498470867 27.2015856739 82.7126894596 82.7126894596 26.5737267768 28.5420571876 26.5406986094 27.3732806567 26.9569061055 27.353696119 26.8166410883 86.1628407001 27.1403661925 27.0340948563 27.8784264962 27.7215721916 27.489187299 27.9072231575 28.0481167451 26.8093514442 27.3918353494 26.5449307866 27.2173634961 26.6293032996 27.5826811467 28.1136660603 26.5519934745 27.4037124632 26.5003016106
0 0 0 0 0 26.9040652016 28.4101800551 28.2080235494 26.8504854884 27.157759793 26.7246008457 28.1551681751 27.1498925655 28.1614791545 27.2923074334 27.3121382053 26.7536377957 26.7656941631 28.1040019688 28.1637367092 27.8730283291 27.0204929796 27.4099687169 28.5853556112 28.0418843058 26.8160147369 27.4521046368 27.3050571054 27.3835052253 27.8669794819 27.6858479992 28.1134967104 26.7901503299 28.2863845876 27.6858188578 28.2602894553 27.4530704826 27.6685662165 28.0224590128 26.5564097124 27.4479691698 27.1076657604 28.3078961295 27.1357081368 27.2576597361 27.2573341595 27.1967271011 26.6241826864 27.1285724255 26.5265701913 28.0584306753 27.2811056175 27.3251422558 28.3683305663 27.1272975582 26.8573800957 27.5053650743
0 0 27.2084983317 27.6431094622 28.095135228 27.6762624632 27.7604758456 27.1545356576 27.8693841203 27.5349363971 27.6760987283 27.8289451813 28.2827616373 27.9935580651 27.9685116818 28.0237453183 28.4310386245 28.2006532257 27.852706482 26.9882004316 26.62865261 27.2997068162 27.5131115127 27.4119060041 28.0780346297 26.7708348783 27.5721043492 26.9174994585 27.4669403544 27.4121769363 28.1292610535 28.3305536767 26.9948804278 27.7594085635 28.6147198972 28.2971216372 26.6925771128 42.2910409091 27.5629663229 27.3498933586 26.8677923547 27.2945597379 27.3354658656 27.4776937653 27.562028963 27.8404586695 28.3992642928 27.7383316487 26.8550561031 26.9668232202 28.5834942422 27.6660045994 28.555377123 28.3216406961 27.6055249923 26.9525262825 26.891464251
0 27.5401145307 27.1795201843 28.6082918087 28.5650472343 27.0490445867 26.8906756899 26.7249060762 26.7607222064 26.8291587994 28.5000343433 27.0781628646 26.8631350296 28.2971218165 28.080292564 26.9425303345 27.1385868852 27.4010674253 27.1355939418 27.362507891 27.3950418627 27.1641947162 27.5217108046 27.4952152315 27.113983522 27.1952555281 28.0064177087 28.0485784112 28.0665982897 27.2056701347 68.4306944547 28.5699308512 28.4140891354 27.2555790432 28.2398681333 27.0139039821 28.519921964 28.1028482892 52.5662816171 52.5662816171 52.5662816171 26.8781450216 27.4966711286 27.4048698256 26.9900799532 28.391148536 27.6418169507 28.0422823978 27.3711171284 27.1541769059 27.657813059 28.5954775833 27.0255165304 27.0509034182 27.4814234088 27.1826688459 27.6022250007
27.6944947523 28.3649154075 27.5829902042 26.7879400794 28.547198289 27.1431431891 26.5814578585 27.5712678512 26.9996853225 27.0982094611 26.583404166 26.8282695156 26.5789181934 27.4983920193 26.7402923624 27.4380506675 26.5680967616 27.8881432545 28.4183359284 28.202354838 28.3234471521 27.2510756704 28.1048599087 27.6732957018 27.364328733 27.6047025801 27.3056486543 28.1807193666 27.8773966368 68.4306944547 26.7842634837 58.5993482142 63.0154126927 57.4665920427 49.1005885809 49.0560349167 27.8738368949 26.9397961452 52.5662816171 52.5662816171 59.1221003654 27.785290436 28.2867962067 28.0609660218 28.1667568845 28.3792451788 28.012948812 27.4103637163 27.6269499686 27.2789292531 26.5230745111 27.822748303 27.067494359 28.0584141906 27.2299634657 28.4326997528 27.6446063822
28.0764784327 26.9663645234 28.092530061 28.2629090887 27.3953537961 28.2657943328 26.8405996819 26.700547262 26.6314586757 28.3546896652 27.758571106 28.1223212504 28.1810377602 27.8053951239 27.0051726044 27.8072011793 27.6505260867 27.6511207721 27.8888996684 26.7738555468 28.227725562 28.0470671045 27.4582015915 27.4723274246 27.2528882436 26.8370720965 27.9949223351 27.4185538846 27.4006110966 28.1622670494 27.0755987748 51.0440747771 57.4665920427 57.4665920427 49.1005885809 49.1005885809 49.0560349167 26.7632803222 52.2709125507 27.6300521949 26.5748423941 27.6838135761 28.525387396 28.1645814031 28.0941369628 27.7368120884 27.1982268175 28.2227890527 27.1986145841 28.0688177117 28.366514967 27.5481861798 26.8738137023 27.8747357765 26.8104361216 26.5570242277 28.020864913
27.3748196246 27.8327027076 28.0061436418 26.6080553871 28.4026958434 26.6171116377 28.3801244675 27.4461685076 27.0172448529 26.9893672952 27.1579261414 26.6331638087 27.1227555517 26.6272612644 26.559618786 26.8197732826 27.109285775 28.3804811097 28.4359381267 27.4686703255 26.9786968617 28.5851977055 27.5160688661 27.7595526015 26.9492123495 27.224998029 27.5706363183 27.1991418749 27.6477955615 27.8899500586 51.0440747771 76.0366472722 76.0366472722 57.4665920427 49.1005885809 49.2784594021 49.2784594021 28.5236126376 58.2448458111 52.2709125507 27.3455336265 26.6297349927 26.9885419219 27.4841627501 26.565406022 28.1737652796 26.8990639092 26.8008714687 27.5002715444 27.4401585032 27.1919991467 27.0294416507 28.1562815741 26.5333335012 27.2016851447 26.9932322499 27.8441357156
