Spatial_Output/BAU/BAU_0216.asc
NCOLS 155
NROWS 192
XLLCORNER 196769.923733
YLLCORNER 449719.875193
CELLSIZE 27.603701
NODATA_VALUE NaN
[rows 69 to 91 of 192, columns 0 to 52 of 155]
47.1678720354 46.8833118834 46.06615353 46.4283654081 46.5412583171 46.5515298036 46.4496761449 46.9895409696 46.0125023664 46.9525492458 46.1523433863 46.388593671 46.2988629728 46.1679175165 46.3341629673 47.0671119365 46.9372534231 47.3211857064 73.2203890542 73.2203890542 73.2203890542 47.1361049148 46.0912587125 47.1405982309 46.113030186 46.3366713445 47.105443739 46.8905765984 47.0080317499 47.033508491 47.0660019844 46.4430275092 46.9828200017 47.2949732154 46.6616932963 46.2232101069 46.5678119366 47.1915127946 46.9398922508 47.1511485026 47.3594492886 47.2972985785 46.8963733282 46.2873244358 46.3364045325 47.2328902809 46.1675014296 46.313640844 46.8111254682 46.5217873319 47.4040812544 47.4032635439 46.1945083396
46.8377165827 47.3264047468 46.8871618867 46.0356432595 47.1949850275 47.2424612545 46.9112240892 47.3731627016 46.5407817053 46.5807508993 46.939643806 47.2903856143 46.0648699443 46.2761633328 46.9180489106 46.1362251495 47.151326105 46.2062921497 46.6176251915 46.0168677368 46.1081787128 47.0607756266 46.6548573911 46.6685150328 46.4899463033 46.0329760652 46.1613205359 46.4002045651 46.582524948 46.2895207531 46.6950201386 47.090258421 46.8212715268 47.0051799397 46.1464296747 46.7355654447 46.7795455104 46.9277505619 46.3251261855 46.6942176352 47.1535463571 47.3525130106 46.4835672602 46.0927304331 47.3688815522 47.0466255827 46.1251406264 46.4677609309 47.3811642444 47.3559991276 46.2861217454 67.3731582713 46.285191424
46.1346568714 46.0761169593 46.5899061202 47.2816447948 47.2998493764 46.5993608226 46.8725427017 46.4418928929 46.1784744921 46.0631963994 46.7761751195 47.1617256644 47.2768064489 46.7743752804 47.1094962211 47.2030340176 46.8190094314 46.522308268 46.2227636939 46.4228790536 47.1827888716 46.7414930802 46.2690434176 46.8774581247 46.8710043876 47.3191366535 46.7746562984 46.9177269568 46.1875115924 47.0035371799 46.1049281556 46.295356675 47.3340683286 46.6667927601 46.0475473612 46.83956421 46.3961571784 46.4299602001 46.1080498907 46.8316904159 46.3028740201 46.8144813299 46.9516545071 47.1243182187 47.319433105 46.7361838071 46.4466230023 47.1638893076 46.5349772803 46.6220242532 67.3731582713 67.3731582713 67.3731582713
47.0714166999 46.9120571763 46.8090754789 46.5453857634 47.367017434 46.4110945328 46.9054483598 47.2123779779 46.6774159495 47.1812619787 46.87622875 46.1527904156 46.2871775683 46.2188366396 46.5330280488 46.8478810643 47.2348933778 47.2737778954 46.3132221012 47.1526224573 46.4587790106 46.9528421853 46.646519229 47.0572770922 46.8159393694 46.9082327908 46.6101487046 46.4301129156 46.029161003 46.5470451088 46.4920463327 47.2208043568 46.3565988524 46.7853393284 58.6356685739 72.76321048 47.3505991507 46.3470705351 46.6888550551 47.4095733304 46.8106622676 46.38790969 46.9465801454 47.0605004728 47.2837963656 46.1150544713 46.0009728877 47.036167294 46.9536883135 46.7639722891 67.3731582713 82.1845425719 67.3731582713
47.3413890766 46.635963837 47.1885671647 47.1920872366 46.6919632905 47.2726854194 47.1199336242 46.5912917175 46.236013429 46.1205497285 46.4668466174 46.2038641437 46.7064300865 47.2182534258 46.567036399 46.8865510418 47.2773663175 47.3757641583 46.3101207191 46.6208606459 46.2891205999 46.3647591759 46.3103313384 47.2994099515 47.3959318366 47.3116311183 46.9745202784 46.1216356131 46.0339056593 46.3196037241 46.4659050827 46.6978761951 47.0754045891 58.6356685739 58.6356685739 58.6356685739 46.4010660898 46.9093955136 46.9364308423 46.8059254075 46.7764256227 46.3828353349 47.3761375231 46.361602609 46.9457497691 46.756243159 46.3115436198 47.3252365246 47.2319603071 46.0446622119 82.1845425719 82.1845425719 82.1845425719
46.4246762959 46.3086539805 46.049562187 46.9093069068 47.4046623818 46.0093937783 46.2104467997 46.1006835421 46.3841950093 47.3029276779 46.9519772803 46.9275168691 46.5737352613 46.528098393 46.7530866139 46.2668737784 47.059927651 47.0547739272 46.5901951754 46.994571456 46.4381557199 47.0278227851 46.7859206929 46.2561367274 46.5528504843 47.4139744853 47.0688412006 46.0308025323 80.9262166231 76.5360280097 72.054895887 46.1927832174 46.9229062389 46.3175155978 63.2614176913 69.127441443 46.0803495512 47.302694861 46.1511448064 46.0419745293 46.1429958659 47.1926963353 47.4005486658 46.2342621014 46.0056340512 46.5931991623 47.0939410449 46.0417927232 46.1202987058 46.9964942368 80.3946009876 82.1845425719 46.9269742099
46.6538581697 46.283857345 46.0389674005 46.6143852408 46.5881258871 46.6509375527 47.0382628059 46.4016523528 47.2099213862 46.8551170198 46.759002455 47.2159896251 46.5251847428 46.5520533002 47.0531130395 46.2080844224 46.9711873394 47.1124136184 47.1402703532 46.4947694046 47.1572576371 46.3176495362 46.3251885653 47.246673897 46.9619045033 47.0526992161 46.8580312955 46.685729891 76.5360280097 76.5360280097 91.0411034136 75.5945480368 75.5945480368 63.2614176913 63.2614176913 63.2614176913 46.6723321321 47.1993330125 68.7524059094 47.3474059853 46.4647090745 46.5140387225 47.0948181048 47.1813346997 46.5288180723 46.2594246301 46.2579411623 46.6736470206 46.472051457 46.5644302993 47.0238108108 46.4498492186 66.7953783689
46.5626842138 46.3636519641 47.2168272554 46.6894795531 46.5564144691 47.0448421869 46.7456589855 47.2982916107 46.4151422582 46.4302283715 46.4832642924 46.3986470723 47.075390773 47.1250097452 46.4512814299 46.8920323278 46.3247304138 46.5495482064 47.2593814018 46.089242479 47.2773676107 47.1858349338 46.5238049152 46.5686978818 46.256632554 46.8183427073 47.0559696821 46.2863039341 76.5360280097 76.5360280097 91.0411034136 75.5945480368 46.9912035188 47.2134413833 63.2614176913 46.077276201 46.5724518703 46.6625731586 68.7524059094 46.4559855644 47.1308655672 46.4629472632 46.6397396444 46.9420731572 47.0549736329 46.3548035747 47.0067033337 46.2647137927 46.788651322 46.9919819956 47.4029560815 46.9587146228 46.5849623159
46.0188379412 46.7676539472 46.1661188266 47.1239711712 46.6936469833 46.9306527862 46.1847619166 46.3547988732 46.7476769042 46.9931881418 46.0089019831 46.8618929469 46.8031804737 46.8769366276 92.1676781135 92.1676781135 46.2135746424 46.702506416 46.568723488 46.0783008899 46.7825669234 46.42460297 46.564146768 47.4010327752 46.1469376001 46.3142558215 46.7974167483 47.0307654797 46.5185719548 46.6847491594 47.2277120102 75.5945480368 46.9521180597 46.1189826301 46.2819785437 46.9279837784 46.2008207218 46.5526998836 46.0124238864 46.6372440231 47.3827851023 46.5302961495 46.6404094969 46.8494970946 47.2706036099 46.7583990692 47.3375792942 46.791799148 47.0543181602 46.1864881121 47.2888628762 46.9859355447 47.1023100929
47.2633687866 46.8584486531 46.3729857159 47.0862785632 47.3881647279 47.0268502905 47.0197393223 47.2398858909 47.0303116275 46.5002836411 46.7464339259 46.4225205188 46.5014779104 47.1081799613 92.1676781135 92.1676781135 92.1676781135 47.3222908255 46.4022288388 46.0043875142 47.3944038532 47.2160997547 47.077901522 46.4862750588 46.7823067366 47.14586478 46.5825037682 46.448885929 46.9165337772 47.3123084687 47.3673104426 46.0189115526 46.8098394141 46.1990210317 46.4227308207 47.0619138732 46.3932427916 46.0787989563 46.1254469494 47.0727066065 77.2663747432 47.2219386124 46.7435039829 47.3698348567 46.2586131821 47.3309211089 46.9468712552 46.2324994064 46.1965531997 46.2051693699 47.3946721403 47.2098165292 47.2284414294
46.4492677411 46.3103724538 46.3190624385 46.3728196975 46.1531848158 46.0044440012 46.7785081592 46.0776081351 47.1977351112 47.1036759973 47.0380342722 46.985295437 47.3949578966 46.0883755494 92.1676781135 92.1676781135 92.1676781135 46.9443866071 47.0340843817 46.440422111 47.0051289551 46.0775313788 46.6360933661 46.6859601476 47.3817191337 46.9629678829 46.3535201086 46.7223808291 47.1352784947 46.9283583117 46.239950862 47.3469588947 46.9994513786 47.1180984762 46.6836744417 46.3427658509 46.4769540751 46.9165058513 47.154798516 46.8159570044 47.2626993862 46.3701910597 67.9945786584 67.9945786584 47.233300718 46.8149143657 46.2633158079 46.0950879592 47.387757297 46.3884358569 47.3923100151 46.327065487 46.9264816743
46.3039202128 46.4905294723 46.3028913525 47.1849935339 46.8771855253 47.3555236656 46.5149824149 46.0743471488 46.7268903115 46.325779163 46.0073678392 47.0073684737 64.8082000279 64.8082000279 46.3845027288 46.466639 47.1105710185 47.2773001873 46.9893833854 46.5141218035 47.272689807 46.2210901351 46.6822467346 46.3503909445 47.2023147839 46.505685617 46.3919956999 46.9105048823 47.0438267777 46.9421663253 46.6784019476 46.965801767 46.9895759893 46.6953094205 46.754694261 47.2282632396 46.1117447623 46.8431125421 47.2012276769 46.3817277756 46.9332687521 47.0886196243 47.3596907952 47.2822838054 46.1529364751 46.359538592 46.9931336106 46.3007107177 46.1758404904 47.3355240195 46.7253088831 46.0068751484 46.6452438878
46.1329770973 46.3087800725 46.6445575487 46.2576989385 47.3845673761 46.4779963848 47.3530415328 70.3324777907 47.3514388148 46.8004306707 73.4309977129 47.402107886 46.3316772453 64.8082000279 46.1113382229 46.2700601174 47.2421134688 46.29109992 46.1565981668 46.9547281373 46.4572139617 46.8832940326 46.7390391497 47.3230050822 47.1827778977 47.1630390871 46.3164136311 46.8359797166 47.3712782343 47.1279971835 46.6667021947 46.4944199121 46.6421040963 46.8980668798 46.7051636859 46.5787422914 46.5456776246 46.8866232868 46.5188121112 47.2231830115 46.9150330918 47.2803956918 46.9084410161 46.3224483017 46.2466150103 46.9849135014 47.1775646087 47.034177584 46.6274905172 46.7520152656 46.7749864591 47.0188972786 47.0586144818
46.5177925598 46.3739221157 47.375374236 46.2768986323 46.1897104968 46.0214586863 61.0770409027 70.3324777907 70.3324777907 73.4309977129 73.4309977129 73.4309977129 47.3994544683 47.0060056241 46.3400219549 47.1250042384 46.4792370173 46.2801965433 46.5856853351 46.8918490823 46.5217870208 46.7616790497 46.5571555605 46.6955429353 46.6601620571 46.736384787 46.5285712045 46.9914153791 47.0292373973 46.2994996101 46.8886181219 47.1283991133 46.5685142968 46.8495397432 46.1215545623 47.317194847 46.1426783223 46.4322980399 47.3428824945 46.7894912104 46.4870707332 47.3791686069 46.586500767 47.2200418229 47.2712255857 46.5860731347 47.0528294608 47.1867960616 46.218092217 46.0449814363 46.1683895206 47.3069627696 46.5425080824
0 46.4019753918 46.3256497329 47.4009465558 46.3783180977 46.6639218603 61.0770409027 70.3324777907 70.3324777907 70.3324777907 46.790833015 47.3962805696 47.2331114719 46.1971208628 46.0597632211 46.2988757392 46.7325781794 46.931025638 46.6071410348 46.4527897025 47.0242448669 46.0867096849 46.9267564851 46.928847233 46.7769280146 46.9587388582 46.232658091 46.6173255128 46.8545949143 46.3473253632 46.4148446201 46.2966196851 46.2971778691 46.9195251966 47.0493268157 46.7662825888 46.2959610974 46.9561791963 46.4628801875 46.1965594856 46.7967985787 47.1589710227 47.1065412643 46.4192795926 46.0889711863 46.1682414788 46.1423215723 47.3564807971 47.211595367 47.0643884358 47.2436653504 47.0225815885 46.8132842149
0 46.3093530841 47.1777570525 47.0672239307 47.100906999 56.0578686769 61.0770409027 61.0770409027 61.0770409027 46.4305205086 47.2310526642 47.2717651889 46.6058296523 46.7334051654 46.1427862378 46.587226824 46.38424198 46.6659068122 46.3094647434 46.5903556178 46.0871029324 46.0157369877 47.342810964 46.452269193 47.1770562795 46.5374843181 46.3145740976 46.8857220034 46.3771059154 47.158739737 47.2951996216 46.1345126105 46.36767182 46.8427527891 47.3405699458 46.3100212242 46.1248879471 47.0918609841 46.3316529654 46.0820693802 46.8142058398 47.0905479752 82.5933933573 46.9649186059 47.1627062246 47.1254817154 47.4076074908 46.5498077423 46.8619679999 47.3307532483 47.290173826 46.3773320687 47.3581008382
0 46.3068958766 46.4384907357 47.0147412073 73.5145748076 73.5145748076 46.301080074 46.4132906043 47.0842452145 46.7347543804 46.7254253892 46.9125830235 47.0071879749 47.0157102133 46.8137388105 47.3395307935 46.8009111549 46.5245741668 46.1250555157 46.6911525624 47.263000995 47.1078405326 47.0291895898 46.3722342501 47.1950510412 47.2695674716 47.2365501104 47.0180927229 47.3805342052 46.0416177528 46.9579733156 47.0516970842 47.1290313837 47.2137448763 46.3135918523 47.334406449 46.7955402419 46.8980567801 46.9728575516 46.9129000367 46.2755213292 47.0493624727 46.1955822974 46.3955567997 47.3540777945 46.3684198349 46.756296282 46.9038771959 47.3747687011 46.3292437737 47.0289213148 46.6631970843 46.5178443674
0 0 46.1173293085 54.7608475245 73.5145748076 73.5145748076 73.5145748076 46.8938754465 46.8508717383 46.488023632 47.1812114685 46.3168114163 46.1513100789 46.482155739 47.3164383915 46.820841922 47.0177119399 46.1841879124 47.0855359894 46.6119981051 47.0936159995 47.0048564411 47.228050279 46.955779154 47.3767864155 46.2947605944 46.1109973808 46.405743137 46.0516285245 46.4114383789 47.355541145 46.9978449001 46.2468814179 46.5112536453 47.3858992574 46.7086255156 47.3560385946 46.0090642433 47.4080631218 46.4604732605 46.8518350095 47.2365093339 77.5600845663 77.5600845663 77.5600845663 77.5600845663 47.118716578 47.1678258336 47.1118966012 46.9684595509 46.5618367156 46.081320282 46.0824687335
0 0 64.4092568786 54.7608475245 54.7608475245 46.6813660689 46.927943893 46.0499523943 47.3685931267 47.095492396 47.211436204 46.301431189 46.5843924321 46.9048196755 47.2755450111 46.4474211303 46.5740364182 47.2232101552 47.1623393056 46.3706540596 46.0200431789 46.9006248498 46.1113478112 47.0004321022 47.0080159005 47.1442305859 47.0811622108 46.0379878493 47.2933091472 47.1770814141 46.1348133282 46.4016490155 46.7856101859 46.689890466 46.3669709501 47.1873205662 47.0634454624 46.7580484813 47.2413269893 46.3150748221 46.3526452244 68.3442870328 68.3442870328 77.5600845663 77.5600845663 46.8036940877 47.2428616055 46.1518052471 46.3374340085 47.2366576406 47.0529095779 46.4849513661 47.0078040915
78.1651664468 66.0974866166 67.1844973877 54.7608475245 54.7608475245 46.9721391473 46.9810934184 47.09339438 46.7539044417 46.6835506194 46.8223376265 46.8388468523 46.7657821303 47.105229339 46.9459265808 46.4497154716 47.2101307487 47.352398015 46.880898004 47.4125456599 47.1391554398 46.5010552575 46.1571896844 47.2713173201 46.7183293983 46.4699479802 46.8617685908 46.4689313071 46.719263093 47.3011532009 46.6608764949 47.0840250911 47.2439874425 47.3349843242 47.0123171319 46.7964482373 46.287345956 47.129990462 46.1935092442 46.7707507937 46.3891004996 99.9479995189 99.9479995189 99.9479995189 46.0882800603 47.0382427206 46.497170244 46.8522763476 46.8751792358 46.9361379578 46.4843618552 47.1020525157 46.8719015371
67.9062071556 68.7020110691 66.3287853199 66.8755328099 66.8755328099 0 46.9263104421 47.2042361569 47.1358088402 46.5640735004 46.8666159731 46.1642863255 46.9644991083 46.8567685921 46.3484598257 46.8263321117 46.0540191864 46.7457568879 47.2956852926 47.3795629326 46.8593596019 46.0185917395 46.7233885896 46.7767298886 46.4613603258 46.495720689 46.0091042442 46.5798377496 46.4387309978 46.6563213132 46.5847681049 46.3854590958 46.1096425331 46.6306607848 46.0823301066 46.1642902985 46.4465457587 46.0961502557 46.6045752112 46.3207905736 46.1897693473 99.9479995189 82.6538858283 47.0060805121 54.520861173 46.1350156113 47.1202856213 47.0211966327 46.992372416 47.3842354122 46.2714276076 46.659589117 46.8709360822
76.2469778101 73.1397709435 66.4530346378 57.5096318172 0 0 46.5929762787 46.3587090254 46.8444989336 46.1503971761 46.2703939898 46.8048653272 46.8833756326 46.6445169573 46.2693328845 46.4583567618 47.1866365237 47.0961372729 46.1567330601 47.3670160032 47.3505748168 47.275238855 46.3739501917 46.9610221377 46.2870035578 46.5276146548 46.0422474496 46.7467913576 46.4018580197 46.0927747684 47.260621467 46.9215377592 47.2469592503 47.0514247191 46.8973576895 46.3297755462 46.9108080775 46.6041982699 46.1475824561 46.9974733319 46.562715512 82.6538858283 82.6538858283 82.6538858283 46.4526666784 47.0099356853 47.1272892446 47.3136625735 46.7362642255 46.8082200964 47.055784027 46.8309078733 47.007242283
0 0 0 0 0 0 46.9674253994 46.3092514146 46.1837549907 46.3103253247 46.7135803541 47.3743275442 46.0761094715 46.8577112589 47.3320827398 46.6067892705 46.7378394083 46.5600207687 46.7024506076 46.3346844091 46.673921616 46.222654113 46.5619128895 46.7675615184 46.0489715642 46.162673264 46.4691197012 46.2362936755 46.6572764077 46.4641586591 46.5112456878 46.464161416 46.1876394103 47.3816852236 47.2508631039 46.586373614 46.5103363543 47.0449167171 47.1852032636 46.1321103066 46.4534575162 54.3289462312 46.9518069338 54.3289462312 46.4631412031 47.138797439 46.9916237615 46.0764019663 46.7073590001 47.2481761568 47.3960843359 46.6953282636 46.5433841966
