Spatial_Output/BAU/BAU_0257.asc
NCOLS 155
NROWS 192
XLLCORNER 196307.867259
YLLCORNER 449144.565805
CELLSIZE 33.573938
NODATA_VALUE NaN
[rows 75 to 99 of 192, columns 57 to 113 of 155]
91.2737776043 44.8090709001 44.708064688 44.9383547471 45.2064185253 45.040017264 56.4250409867 56.4250409867 79.3871234582 45.1562748467 45.1007565429 45.0198252101 45.1308239671 44.9723603055 60.5423810867 56.5965456463 56.5965456463 67.9164922804 58.3077821116 44.7440336847 55.6475984807 44.8110742258 44.5427746786 44.638883358 60.4575678826 75.1150910171 58.7144998827 59.4693990312 45.1948220122 45.0178347965 44.76483955 45.0239002015 45.1259402809 44.9046830979 45.0865289596 78.2406937513 91.3393759001 91.0839828861 91.0839828861 79.3621556489 45.0308479401 44.7620299584 44.6794633607 44.7276142136 44.7787035312 44.5053383921 44.7672094434 44.7779546506 44.79945472 45.0868378787 44.5511488153 45.1536304573 45.0531764163 44.5871199357 44.6824995027 44.7114000869 44.9881969701
44.5197235775 44.836201517 44.6857301192 45.1786050009 44.8260184313 44.9991308173 56.4250409867 61.7318892818 56.4250409867 44.7628074884 45.0112801009 45.0817074303 45.1714736691 67.4203751667 72.8448608972 67.9164922804 54.5551141776 54.5551141776 44.6425705642 44.8827863258 45.2024051928 44.6981679512 44.5967343097 44.9830444661 44.7532374701 44.6905528444 44.6105967984 44.6560703938 45.0093286926 44.8290101016 44.9353402216 44.644435123 44.9502488154 44.9788556218 44.8665276215 44.9859372223 44.6969311181 91.0839828861 91.0839828861 79.3621556489 45.0658537673 73.9665828751 73.9665828751 71.7703615102 45.0638516418 45.0406280116 45.0743212957 44.8966548505 44.7725349003 44.5983639549 44.9720414497 44.799256593 44.7837251615 45.090760622 44.7109579364 44.59666948 45.1268829404
44.6893884169 44.9002142545 45.0801441857 45.0905379818 44.7034647771 44.8959643067 44.599165907 61.7318892818 61.7318892818 44.8521579142 44.945339555 72.944603705 69.3398854351 85.26556743 67.4203751667 54.5551141776 54.5551141776 45.1502401415 58.3077821116 44.7886158413 44.9250709233 44.7274101764 44.8463476125 45.0141609654 44.726894058 44.7518164665 45.1404266075 44.7914663555 44.8734841871 44.7989055525 44.5118493506 45.2042530284 44.9441428716 44.8679968191 44.9112962546 44.8600948043 44.7436034008 44.5372407378 44.6215602955 45.0289279233 73.7932152181 73.9665828751 71.7703615102 71.7703615102 44.9463184136 54.6625700167 45.1315530771 44.8918425114 44.8608318736 45.1592272414 44.8184233936 45.173745933 44.7164035973 44.7555577955 44.7141223593 44.5624343597 44.8413161167
44.7279453835 45.1221505327 44.8919495367 44.6198044414 44.7873592772 44.8178873782 61.7318892818 61.7318892818 61.7318892818 62.3297037508 62.3297037508 72.2654179117 84.927018036 84.2551691049 67.4203751667 44.8190982847 88.0439341935 88.0439341935 88.0439341935 44.5776786143 45.0104697595 44.6395849846 44.8679539914 44.626838286 44.7751001534 45.0831915426 44.7671155025 44.8005356242 44.7889659243 44.9608275405 44.6731603484 45.0967428127 44.9847902733 44.9461177358 44.6564450108 44.7528316435 44.8735533827 45.0355306788 44.6681056369 45.1490548453 73.7932152181 73.9665828751 71.7703615102 71.7703615102 68.508287354 68.508287354 89.7844114205 44.9362034855 45.104634668 44.7777094691 44.8865105618 44.5317695111 44.5691444338 44.6660844312 44.7858339533 44.8051171991 44.8626575922
45.1959102586 44.8419268772 45.0039951745 44.9163831492 45.0099378993 45.0075274594 44.7857034051 44.5897315068 44.9261241262 62.3297037508 62.3297037508 85.8953207393 87.6032499479 85.2376562284 44.5070926132 44.9176644706 88.0439341935 88.0439341935 71.756127313 44.9895988593 44.6729128204 44.7605976449 44.7795963306 44.5650947322 45.1234516178 44.7191981416 44.9025836651 44.9208715322 45.0778849742 44.6665504571 44.9268964017 44.5499839244 44.7002098942 44.8456710207 45.04152204 45.1974886185 45.0267240285 44.632529675 44.5092883714 45.1862154654 45.0374380516 44.9373103831 44.9729849045 44.5801508408 68.508287354 68.508287354 44.6210285572 45.1822093867 45.0385975798 44.5194346755 44.7982690654 45.0129393408 44.683495231 44.8462522934 45.0264289648 44.563868353 45.1299640267
44.9605364322 45.1600037381 44.8935665233 44.9293531886 45.1686429046 45.1838330292 58.7206322091 58.7206322091 58.7206322091 69.739234124 62.3297037508 44.5407293435 44.7981771104 44.7080292484 44.9648393301 44.5629424126 71.756127313 71.756127313 71.756127313 45.1643965827 45.200954462 45.1901222568 44.6790960855 44.5600756894 44.7888823372 44.7271880562 44.5254315905 45.0847277883 44.8992400365 44.7693926252 44.6228363599 44.9205286044 44.7143150663 44.6484456103 44.8662220713 45.1892623251 44.6839198447 45.2066504775 44.78072385 44.9393374129 44.5976724861 45.1303663397 44.6936649123 44.5338627037 68.508287354 89.7844114205 44.7172253907 70.0229944619 44.9252289425 44.7769830734 44.8328113934 44.6768145756 45.1448698634 44.617912132 44.7480296786 44.8931165493 44.7608565096
44.978874756 44.7152743523 44.6594340289 45.2011943173 45.167140382 45.0110430609 44.8542298397 58.7206322091 58.7206322091 44.858647807 45.0260303412 44.6472841008 44.6410744418 44.642351991 44.5116862612 44.9153534572 59.6702237646 59.6702237646 44.5302583492 62.3899471092 44.6995636503 44.7481597854 45.0261712132 45.1888856516 44.7854828959 45.150000859 45.0620521427 44.7507255487 44.8337924448 44.6211775974 44.7066617169 45.1890971436 44.7151079733 45.0688259456 44.8301347125 44.877313751 44.6452000421 44.5895311435 44.854571629 44.7858395268 44.9604346828 45.0900699495 45.205530511 44.6874026272 44.8248996669 44.7109763873 45.1816893745 44.8881125543 44.6180775866 44.8630647637 44.8785436479 44.5921629169 44.8377978903 45.0304410224 44.6166346349 44.8846310443 44.8652037185
44.8479183805 44.8068702476 44.810125725 44.5785184122 44.9190810138 44.9146005062 44.6661107469 44.7145531085 44.9454466 44.9416037748 45.1852016907 44.9338283066 45.1467941 45.0067209624 44.6311351979 44.5079410999 44.6465866082 67.9907718653 67.9907718653 67.9907718653 45.0418291184 44.7267595752 44.7595047056 44.7683522696 45.0836332501 45.0677302731 44.5934989305 44.5551962244 44.9406061477 44.7117553287 44.5378191771 44.7182514991 45.0487007125 44.8205359295 45.0690323305 44.9358579611 45.149056018 44.6395960325 44.6179508915 44.5955111137 44.6182027217 44.957265397 44.6678438521 44.8895293952 44.7589498203 44.8046007845 44.5336764398 44.5494835002 44.5462048744 44.9124260973 44.7582770353 44.5727955602 44.9389661523 44.9073948525 44.5835007397 44.5263305639 44.6537743936
44.7409916058 45.0594199726 44.9334508174 44.8496687301 44.9529752417 44.6659217989 44.7131803523 44.9914836359 45.0131557687 44.5799491929 45.1593264254 44.6058602141 44.9911688425 45.1432989953 44.8944105146 44.8104057409 44.7450282574 67.9907718653 92.3827306562 92.3827306562 45.0879677982 44.615663008 44.9451290081 44.6905601217 45.1245853847 44.9966508402 44.6021599884 44.7583188757 44.5781015617 44.8901893326 45.1212975401 44.7448160518 45.0244023494 44.8276481298 44.683307657 44.6336920948 44.8410196486 44.5276742334 45.1369108454 44.8595542366 44.9089665774 44.5490276157 44.5839021464 45.0741757741 45.1792092632 45.0202937801 45.0638384876 45.1081172779 45.0070912138 44.5419297846 44.7770639215 44.8970098746 44.525608668 44.9791077778 44.6445526497 44.5429356815 44.5859799088
45.0387608049 44.5966214509 45.1375125641 44.6459599294 44.6730223011 44.6164153486 44.8926162021 44.824030235 44.9410083289 45.1298977719 44.8626303762 44.5649914496 45.0683886656 44.8900921772 44.6752042961 44.6833777864 44.5540437054 45.1846125052 92.3827306562 92.3827306562 92.3827306562 45.1541122121 44.8217634735 44.8682083897 45.029713348 44.7548008326 44.6545403029 45.1872592683 87.9795558412 87.9795558412 87.9795558412 44.5826305965 45.0905719694 44.6360239026 44.7514074675 44.5850051564 44.846636332 44.5746320071 44.9925906537 44.5250498716 44.6685194993 44.9910763237 44.5844380827 44.5602889638 45.1807367346 65.223507042 65.223507042 65.223507042 44.6321850315 44.9486779884 45.1924309045 44.8468421184 44.7691614121 45.1732667505 45.05724252 44.8981103592 44.7526554016
44.9884307036 44.5329434695 45.0656148499 44.7651899964 45.0888742865 44.8611200563 44.7555688521 44.7276946484 44.8382301932 44.8904032159 44.7336925423 45.1833656085 44.9786380558 45.1603251745 44.9127708725 44.6162357905 44.7224164092 44.6416048556 44.6982549871 44.5946819157 44.6854954263 45.0572041839 44.8379812897 45.0468297665 45.0460686273 44.6205062695 45.0387951446 44.6294722719 80.7562062829 80.7562062829 80.7562062829 44.8061947638 45.0641803301 45.0754824704 45.114559505 44.6698995237 44.8150126042 44.5411915286 44.9894167716 45.1287648814 44.580405134 44.7407702905 44.8127074461 45.0269816167 45.0221955577 44.8297076422 65.223507042 44.5171131911 45.0078883485 44.6198255171 44.6931691709 44.724443025 44.6522986852 44.5579151229 44.6997786496 44.5000302958 44.638725858
44.596809322 44.5856955882 44.5045831202 44.8432913979 44.7590874793 44.7600197466 44.6771939281 44.9486121405 44.7128127623 44.8852911105 44.9031152455 44.8110729642 44.9667093152 44.632965399 45.1368995038 44.8906559906 45.0215989974 44.7142235844 44.9909392459 44.9162125687 44.8991969558 44.5675932959 44.8375511946 44.9112622717 44.7073949617 44.8667501162 45.0313140586 44.9902928823 44.5295170463 80.7562062829 80.7562062829 44.9231427953 44.5465747018 44.9012485012 44.5821901006 44.9355640241 45.0933415188 45.0577397634 44.9301099248 44.8542435174 44.8770395577 44.6584024994 44.9595521594 44.6881618474 44.667785013 84.9962275043 57.7329700618 84.9962275043 64.5612374609 44.721936051 45.1065587374 44.8877857062 44.7047942577 44.7802132322 44.6164553218 44.5856567489 59.8419657765
44.9263254038 44.538047209 45.1326467892 44.7790736033 44.8070663129 44.7850599291 44.6902456331 44.7215710153 44.989153282 44.8661989036 44.7018615649 44.7481616848 44.7841088325 44.6422945743 45.1440953606 44.5222159982 44.6963932492 44.6158569442 45.0458688103 44.9436552409 44.7828053949 45.1349467531 44.8416060671 45.2045436798 45.0463253326 45.0552520301 45.0153715928 44.7674650233 44.6698264492 52.748620555 52.748620555 52.748620555 44.5905920258 45.1339909868 45.2044980713 44.9976823055 44.9890512395 44.6027833975 44.7632769364 44.5285471788 44.8428248966 44.5557222694 44.865239566 45.1078902221 44.8390445115 51.4670918556 57.7329700618 57.7329700618 64.5612374609 45.0302250073 44.9757082593 44.8323623076 44.6132489147 45.2015304081 45.0629127628 59.8419657765 45.1243239121
44.5348770211 44.7059322182 44.9925581104 44.7907683346 44.9050788039 44.5345660772 44.7000055151 76.2488629243 76.2488629243 76.2488629243 44.9978078777 44.8361211416 44.792612461 44.6876314498 44.5732214842 44.5033977511 44.6878013996 44.6082215032 45.0635343295 45.1596667502 45.1628071951 44.8942604232 44.8785924115 44.5098092205 44.8091050089 44.8928692771 44.5347988081 44.5531364552 45.0448638437 52.748620555 52.748620555 44.5012072974 44.7030060329 45.1057246862 44.8268399349 44.8690502798 44.851649544 44.5399166764 44.5367598668 44.8395934692 44.7596816526 44.6957758437 44.684904224 44.7047743043 45.1105177828 68.2189161999 57.7329700618 68.2189161999 64.5612374609 45.1950187924 44.6470680448 45.0587420129 45.079178406 79.0310417859 44.861987281 59.8419657765 45.0409365208
44.621043802 44.7413912926 44.6948194214 44.633432845 45.1870737945 44.5716445721 45.0763314913 76.2488629243 76.2488629243 44.8410716581 45.0086307148 44.8093481255 44.6638654406 44.5965634252 44.762857765 44.9911058589 44.7470548641 44.9183265035 45.0416232776 45.0506968153 45.1460679169 44.6917787663 44.8872291501 44.7927408393 44.7676158033 45.1755957323 44.6763689043 62.6062585745 44.9946001876 80.1030697211 67.1287514665 67.1287514665 71.255788325 44.8387776509 44.6168886481 44.7231615463 45.2019573888 44.6503841868 44.6542569998 45.1686497961 44.9701748255 44.5159226433 44.8129054882 45.2069687737 44.5946274068 44.8765057782 71.3708495925 44.6839064802 44.9873432989 44.8859495763 45.1486661585 44.7079281669 44.9602117836 44.8672072157 79.0310417859 44.7222056893 59.8419657765
45.188266697 45.102539563 44.9205945429 44.5545911445 44.6308619751 44.8531318485 44.752153152 45.1749960253 44.5365569156 45.1398525622 44.9378290663 44.5425403431 45.0520846794 44.8917323147 44.6389855494 45.1121141799 44.6959186771 44.9813354241 44.9043366134 44.768218973 54.1350844151 44.609728053 44.6224329538 44.8058788281 45.1316279051 45.1267845557 44.8052741175 62.6062585745 62.6062585745 80.1030697211 67.1287514665 67.1287514665 71.255788325 45.0029541915 44.5555755757 44.5902332212 45.1456211695 44.9863934896 45.0102047439 44.7881129324 44.7978874929 44.5182026014 45.0039520519 45.1357713312 44.714119872 71.3708495925 71.3708495925 71.3708495925 71.3708495925 44.6540444716 44.6920599021 44.683648486 45.1382466513 45.0046705904 44.6328465671 44.5656958252 44.5164437754
44.6833818824 44.8871999201 45.1436971583 44.6896441684 45.1336807118 45.0785378634 44.835740793 81.4839848153 81.4839848153 81.4839848153 45.0001882872 45.1799869484 44.7871881434 44.8680675323 45.0128315854 44.6011876132 44.5562987953 45.0855435978 44.7406411029 82.5830424933 82.5830424933 82.5830424933 45.1993739915 44.8202695425 45.1918059655 45.2003193347 44.8129111641 62.6062585745 45.0336688343 80.1030697211 45.2008809657 44.8803979216 44.5967116408 44.9936992031 44.9579646255 44.6071900194 44.5238327277 44.5915294022 44.9765585583 44.9188495071 44.8488710692 45.1658901487 44.9113219813 45.1695169996 44.7334320358 44.5653050316 44.5516993447 44.8761169561 45.187802959 45.1867590419 44.777000117 45.0087898985 44.8458099804 45.0616341899 44.6334442562 44.6268096403 44.8688249457
45.0085957796 44.8148365726 44.6024568725 45.1716170656 45.0379805324 44.5063826658 44.7490974607 44.9018600131 44.9340427065 44.5992394179 44.7357226221 44.576676547 44.7881962297 45.169487417 44.5842349118 44.9181876435 44.7072468606 44.7170713097 45.1568215009 45.130863939 82.5830424933 82.5830424933 44.7923574191 44.7242158416 44.9223460681 44.8771245726 44.775481637 44.5698087782 44.9150895694 44.7568527577 63.8145768328 44.539698938 44.7043567335 44.6605660734 44.6634784629 44.870675837 44.6188216041 45.1144714355 45.0738926427 44.528675179 45.0562997224 45.0196065265 44.853369776 44.7068857685 44.5979947317 45.1854948616 45.0369081105 44.8558626003 45.1694683171 45.1698444589 44.7295896626 44.8981739698 44.5224847049 44.8355984819 44.9237973942 45.1615031269 44.5610369068
44.8338653358 44.569582983 45.1111766125 44.9197230006 44.8332098032 44.6932729459 45.1655101606 44.6276997621 61.9680388271 44.6646270949 44.7435723188 45.0141660901 44.9175792632 44.8958005603 44.7609171157 45.1571070719 44.8092445079 44.9545631709 44.9007431579 44.5528164666 44.6089397062 44.7146714467 44.8822426741 44.6711031 44.5689130272 44.6977582216 44.7260024043 44.5052917064 45.057439635 45.1119010887 45.0489353979 51.5405917986 74.3322170491 45.181292288 44.7551218789 44.5919729772 45.0058376978 45.12101965 44.8081772991 44.604928638 44.5608871815 45.0209696896 44.7806701844 44.8632417495 44.7710501397 44.6823413496 44.789284981 44.5129869527 44.9666159776 44.9226034052 45.123222853 44.8018272481 44.8983908261 44.5124368637 44.5142505722 44.6871187675 44.5930469738
44.7094254065 44.8183370484 45.0228066165 44.8618951953 44.9884595771 44.6435320655 44.6162469389 61.9680388271 61.9680388271 45.1248080247 45.0233931648 44.7119534313 45.1598694268 44.548625898 45.0652214406 44.979504566 45.0133305119 44.962877563 45.0216684954 64.6474519652 60.110296775 64.6474519652 44.5270657739 44.5362983125 44.7677160868 44.6897458066 45.001668235 44.5845622588 44.6768749907 45.1580627303 60.3369066652 51.5405917986 51.5405917986 51.5405917986 44.941981524 44.7792511575 45.1080962872 44.5235867115 44.5445102588 44.5870469644 44.6963511656 44.876890631 45.0652419735 44.8656936421 45.2048931056 44.6806971915 44.825003095 44.9247105941 45.0674980133 44.965175808 44.7076596127 44.9845145829 45.1293787514 44.5330661475 44.5164911094 44.8341686 62.4816581228
45.0982336168 45.0910484982 44.5546460576 45.171977778 44.935449079 44.9032601403 44.6056668338 61.9680388271 77.4876396263 44.6567797647 45.1521170523 44.9758710707 44.7789775762 44.9113634043 44.6815505453 44.8043547343 44.9905311351 44.7031618905 44.9932523104 44.560724847 44.9927390594 44.6760251701 44.9184229207 45.0511313241 44.8963549233 44.9540323304 45.0096055882 45.08883239 44.5799941157 44.5825121216 51.5405917986 51.5405917986 51.5405917986 44.9204795435 44.605867141 45.1840642979 44.7603782313 44.5432838262 44.9810330999 44.5126013488 44.9200649539 44.9821261137 44.8867043952 83.3375424351 44.9963509405 44.8016756612 65.0100768864 44.9526849445 44.6937388532 44.8257327274 44.5137736442 85.7825134289 85.7825134289 85.7825134289 44.6911742363 45.1241834232 45.0176109346
45.14595871 44.5163661808 44.7898665257 44.8210784025 44.5032592165 44.902173876 45.0549726409 77.4876396263 77.4876396263 77.4876396263 51.7224795231 51.679338864 44.7868982857 45.1870400102 45.0062506923 44.5758932677 45.0245495827 44.5506367565 45.2047199145 44.7503562902 45.0607853974 45.1349811203 44.5035119207 44.8399971241 44.5375064799 44.7155980469 45.1206229393 65.7099699391 67.7203182237 64.1193953915 64.97014885 66.9618327658 61.3796719321 65.4339322899 44.7776641973 44.6373960553 44.6697740189 44.8482045169 45.1432354346 44.6851678223 44.9115957446 44.8186266628 83.3375424351 83.3375424351 60.9970184359 45.0194031359 45.0132393241 45.1839958155 44.5062195792 65.9710946042 45.1082193929 44.95393905 85.7825134289 44.9531201613 44.720303032 44.5491609647 44.9155351689
54.2656045776 69.4577513658 44.6826443216 63.3384313986 53.8314323452 61.0263092292 44.9477078915 53.9405495872 57.1280413389 57.1280413389 51.7224795231 51.7224795231 78.3872251042 44.5679922471 58.3198193756 58.3198193756 58.3198193756 45.0274024866 45.1382040519 44.9177374965 44.674114396 64.7755476482 64.7755476482 65.0364316419 44.9353064662 44.5004423694 58.1812622696 44.8653420035 67.7203182237 64.97014885 64.97014885 61.3796719321 61.3796719321 61.3796719321 44.5592230649 44.7960522577 44.8013485342 44.6029570248 44.9587828954 45.1355529994 45.182839565 60.9537195582 83.3375424351 83.3375424351 44.6074183918 44.5514453219 44.507429001 45.0956878698 44.6110301579 44.7676299815 44.7935909337 45.202835325 85.7825134289 44.5757051433 44.7220776295 44.6448445254 44.836707213
54.2656045776 69.4577513658 44.519626606 44.7140144932 61.0263092292 61.0263092292 61.0263092292 53.9405495872 57.1280413389 57.1280413389 51.7224795231 51.7224795231 44.780526985 44.9955972203 58.3198193756 58.3198193756 45.0376958374 44.9810029451 44.9795555788 70.9579187219 70.9579187219 64.7755476482 64.7755476482 65.0364316419 44.8914106646 44.9986627233 44.8873880984 45.110420967 67.7203182237 64.1193953915 64.97014885 79.7490496872 61.3796719321 65.4339322899 45.1857835125 44.9919066955 45.09818162 45.1417552706 45.0395202585 44.9007354913 44.8047318322 44.5191775921 44.5874507742 45.0480725642 45.0193322282 44.5735390163 44.5806521583 44.8021088391 44.8869068026 45.1898136047 44.9586922842 44.9867575498 44.7542313967 44.8063592421 45.0314935728 44.7433934345 44.8158763558
69.4577513658 44.8032706156 44.8723396639 44.595886667 44.9840414428 61.0263092292 55.837867695 53.9405495872 44.5990788882 84.5650053152 51.7224795231 51.679338864 45.0020132919 44.6966759337 45.2044628027 45.187080067 44.7353973084 45.10623347 44.8170636959 44.8202112073 70.9579187219 70.9579187219 45.1457417833 45.0963772024 44.6249078978 44.8576817046 45.0857387672 45.1652588161 44.6065583763 45.0154492355 44.8013906722 65.1553581375 65.1553581375 44.9822027962 44.6483153283 44.7657877398 45.0122406968 44.8428227654 45.1922402734 44.8315466022 45.0116075331 44.5909952414 45.0455981901 44.8015106946 45.1405273983 44.6474939205 44.9504272438 45.1339794029 44.5909441553 45.0597314208 45.105854434 44.5912391914 44.54967652 45.0594419722 44.6823056962 45.0353145547 44.9640751762
