Spatial_Output/BAU/BAU_0429.asc
NCOLS 155
NROWS 192
XLLCORNER 196769.923733
YLLCORNER 449719.875193
CELLSIZE 27.603701
NODATA_VALUE NaN
[rows 23 to 45 of 192, columns 53 to 105 of 155]
30.978575072 31.0176199163 31.1031992054 30.8242974891 30.885333663 30.9581407109 30.9154226733 51.5057305346 55.0715626569 31.1301458875 31.1369209294 31.0536150445 30.5000080554 30.532137445 30.6076953742 30.6758824585 30.7618307307 31.1864763507 30.9228785932 30.6096298329 31.103371606 30.636958805 30.6374653348 30.5336652823 30.7558102233 30.9693178357 30.7226880492 30.988393631 30.7946184311 31.1104908275 30.6151853331 30.8126008875 30.8682305628 31.1793947435 30.9075214493 30.8034303983 30.6633289042 31.0335539886 30.7826686375 30.6240308648 31.1328128518 30.9712854112 30.7562725958 30.9798020564 31.1129990427 30.871037245 30.613722921 30.7302871341 30.5454024893 31.159643963 30.6202362497 31.1783927431 31.1217026689
30.6964210268 30.5374868274 31.0144683763 31.0259337795 30.6389589321 66.9803037266 66.9803037266 66.9803037266 63.7034988334 63.7034988334 30.7046480493 30.8598484749 30.6681361029 30.6234464745 30.7890027965 30.9563893157 30.6670995238 30.8151399877 30.701331256 30.9023417712 30.9447414368 31.1300415871 30.6743394894 30.7475861511 30.7860145026 31.1843426833 30.6662211345 30.9425358801 30.9513269401 30.8696764236 31.1982413734 30.8187784881 30.8674680059 30.5421675309 31.014831907 30.9654132566 31.1442820603 30.8825713314 30.523251951 30.5835350779 30.6955981437 30.7667936116 30.6957871338 30.6487496143 30.7255081231 30.9000342934 30.6408935918 30.5878776023 30.6780660629 30.8915277595 30.5254337001 30.6740532798 31.0197380038
30.8797145955 31.1444682446 30.8006556597 30.8386933723 30.8734027633 30.5612178758 66.9803037266 66.9803037266 31.0089573575 31.0808271159 30.9707389974 30.5587625958 30.6862162334 30.8918487823 31.1021113538 30.7346515486 30.626151646 30.7636902215 30.9731145078 30.850313424 30.7025702114 30.8571037403 31.1407226763 30.5522355133 30.6700934293 31.1480189067 30.9505069934 30.6162719154 30.6183001436 30.909517003 30.9636125945 30.970977891 30.7437775165 31.1898143891 30.8770882323 30.6721843183 30.9833723694 30.6614376121 31.0994977759 30.6520156106 30.558282252 30.8561627517 30.7487070557 30.8559078725 31.1665995108 30.7198730506 31.1119808495 31.0871309914 31.006245596 30.7499603742 30.9282472692 30.7431833571 30.6891317288
30.5823972262 30.8968059057 31.1736432865 30.6546204266 67.5729527827 67.5729527827 30.8135838426 31.1247051284 30.9091035175 31.1527186144 30.6445480842 30.9936351469 30.5652483446 31.0821242745 30.6036519127 31.0084472025 30.5314729829 30.7391341501 30.5063166041 30.9238930858 31.1571704532 30.9943379222 30.6908165739 30.723573986 30.976087071 30.7247439134 30.948700558 31.2023978171 31.1369425936 30.6883841965 31.1687592535 30.6065914277 31.0625527642 30.9984558047 30.8119322008 30.629999199 30.6192608602 30.6069849521 31.0082548031 30.9229349892 30.9403013081 30.8339460792 30.8398659657 30.9252577913 30.533897113 30.6372405606 31.0605943378 31.1875468833 30.5918829769 30.955344752 31.1516942248 30.6898336476 30.972987887
30.7853085596 31.2001729226 30.5061717803 30.6590471057 52.9288596371 52.9288596371 52.9288596371 30.8157279787 31.0116052844 30.7678420234 58.3133315235 31.1553998897 30.8604287109 30.7578600594 30.8762567998 31.1151110978 30.8620225466 30.7329505249 30.9155308722 30.8761391685 30.7956690931 31.0139812284 31.1504965119 30.5200956249 30.6558212493 30.7615357353 30.682623353 31.1805398652 30.5835885446 31.19556117 31.0213325971 30.8552173576 30.6712131637 30.6848208101 30.9145501464 31.167525678 30.8835173913 31.0490158598 31.1483710166 30.8652405776 30.7669163845 30.5686194126 30.5231872921 31.0213582239 30.6266322577 31.1489228861 30.8932540406 30.8134123475 31.0894427316 31.1880838284 30.9672694298 31.0075562507 31.1248100068
30.5194986984 30.6291101406 30.826936714 30.7779963144 69.492257907 52.9288596371 69.492257907 31.0062746131 45.8173979147 45.8173979147 58.3133315235 30.6634724146 30.5336075533 31.073261223 30.8870221146 30.8032903243 30.9971462509 30.5179973326 30.6491766147 30.6454845559 31.0201123195 30.8725419074 31.0340070546 30.7107253973 30.5881692073 30.6323449199 30.6272216749 31.1342254509 30.8569848893 30.9098870489 30.555262564 30.698616979 31.129454737 30.5330496537 30.8237189593 30.9534164316 30.9856695385 30.7706975088 30.7593649092 30.8905013195 30.6622245146 30.658187407 31.1677989498 30.8434385593 30.7643968643 31.1836673119 30.7901881061 30.9357550431 31.1419633578 30.8853750572 31.1831508372 30.6321726704 31.2011506115
30.6854553137 30.8466801933 30.5751050833 30.6533994086 69.492257907 66.0400718482 62.1832577959 77.3840288408 45.8173979147 45.8173979147 45.8173979147 31.0485017795 31.0739363372 30.8373678993 30.6841912936 31.1719109383 30.7771254787 30.6224484958 31.1261448292 31.0060406816 31.093947168 30.5177093856 31.0968467856 30.9774451183 30.8567910873 30.9932845474 30.7596947031 30.6225688039 30.6760205656 31.0859547527 30.5401416984 30.6271051722 30.631964284 31.1377134209 30.704273773 31.0717454162 30.7546258222 31.1988136652 30.516165344 31.1140864716 30.6542102653 31.1411795615 30.9052341592 30.7610110333 31.1944439401 30.7226636681 30.835441911 31.030691637 31.0350851543 30.967670103 30.8301574997 30.6502165545 30.805460501
30.7956698005 30.8930157992 31.1900546161 30.8128770834 66.0400718482 57.197237974 66.0400718482 61.3574500918 61.3574500918 45.8173979147 31.2015129336 57.8742722048 30.6952565746 31.1669392889 30.6219843732 69.3029526156 30.5612941176 31.0883362387 31.0978216453 30.7532937691 30.7993767533 30.5775708943 30.7177482352 30.8570118062 30.825341456 30.6491962338 31.0104090658 30.8095368833 30.6662321011 31.1987807803 30.8531659534 30.7181882689 31.1431223738 30.9048936673 30.8277217451 30.7909233652 30.9456222147 30.5113814337 30.9490803203 30.668971488 30.6474764574 30.6073862385 30.6065562484 30.9657955648 31.0893316708 30.9108657397 30.9319353619 31.0592068732 30.9754772538 30.9632973532 30.5725849446 31.0696767732 31.190863325
30.6925723991 30.8429967535 30.6189281554 30.894025163 57.197237974 57.197237974 57.197237974 56.2674865618 56.2674865618 30.9977704313 30.9917592973 57.8742722048 30.750674737 45.2793718662 45.2793718662 45.2793718662 30.9338997296 30.513176651 30.6623872785 30.6389133788 30.6704814705 30.7916972404 30.8249900374 30.7126465613 30.7885476433 30.5483945783 30.5054566144 30.8444188505 31.1927808522 31.1423083397 30.7938186835 30.6742950785 30.9584002589 30.5050715485 30.5341587275 30.6352132296 30.8480652918 31.0759141061 31.1939273684 30.785862502 31.1893293513 30.5637761459 30.6883145949 30.7715043493 30.695950883 31.2026412157 30.9590131152 30.8585607771 30.7113708707 30.7601587863 30.7336463094 30.5344867756 30.8050412769
31.0589281894 30.7460689731 30.6225877129 30.7160694666 57.197237974 61.2944614716 57.197237974 30.7309423733 31.0122920506 30.6746399204 30.5700128468 30.7110880763 30.5523226568 45.2020476048 45.2793718662 69.6533250677 69.6533250677 69.6533250677 69.6122419233 30.7596382115 31.1871018102 31.1287829357 30.8866614897 30.8459490183 30.5063854423 31.1872524533 31.057405816 30.5332864851 30.8985418744 30.9873162382 30.5307274985 31.0121811796 30.5564979398 30.7870457353 31.0915358593 30.9800852763 30.9559565645 30.7579630949 30.5138953888 30.6742749599 31.040009566 30.7461330386 30.8010300723 30.8671856222 31.0070394879 30.7420331189 30.6566418981 31.0656511076 30.6053959394 30.6033164066 30.8392688788 30.5581228968 31.1136219201
31.0731652956 31.0076244337 30.7902038232 30.9310257374 61.2944614716 61.2944614716 61.2944614716 30.5628382831 30.896740787 30.7964493507 47.2312034593 30.8273167427 30.5173664784 31.1267022342 45.2793718662 69.6533250677 56.8381621622 56.8381621622 56.8381621622 30.8919908849 30.6308286927 30.6769053566 30.9549745599 30.9401162319 30.6179676805 30.9195917927 31.0142815158 30.8603782374 31.1813511575 31.1897369706 30.8019306216 30.7139405956 30.7573254408 30.5050692798 30.760919457 30.5829008811 30.8135730409 30.8982081581 30.9920430475 31.1341411612 31.0975498828 30.926337969 30.5757084758 30.620989103 30.8272045054 30.7386633785 30.7673699026 30.5942616891 30.6131458726 30.9970799876 30.793842424 30.6883402026 30.696305293
31.0898524166 30.6835183285 31.0769966559 31.1044590666 61.2944614716 61.2944614716 61.2944614716 30.971043776 30.9575092807 30.5454347032 30.7994820531 30.7704544788 30.903872425 30.8289086484 30.661740963 30.7548587802 69.6533250677 56.8381621622 70.7297001099 70.7297001099 30.7282626801 30.9208576261 31.0065472482 31.1817201746 30.8797083723 30.8362473886 31.1959149378 30.7266875378 30.5046631695 30.9684853965 30.7300606307 30.7152762331 30.5035518643 30.9765109544 30.7713787142 30.9823331099 30.6800180069 30.556961681 31.0299626561 30.6494915199 30.8031752197 31.0726885895 30.6270360176 31.0063534614 30.9125769065 31.1501752561 30.8140148438 30.8621525731 30.9445411504 30.9540528034 30.6287123077 31.0108031545 31.1026581171
31.0690156572 30.5968659285 30.9804573851 31.0486139109 31.0581488705 31.1920424388 30.8857373925 30.8869470399 31.0625015347 30.5450076423 31.0919648137 30.8569029936 30.6376003546 30.7924407832 30.9165527366 31.0338434137 30.9107894564 70.7297001099 70.7297001099 70.7297001099 31.0916740425 30.7451914079 31.1746233586 31.1658771624 30.9923296441 30.6070864377 30.8102991998 31.1557390315 30.9536576278 31.1389992396 31.0180155992 31.0677898113 31.1737081738 30.5823164856 30.5826045292 31.008830248 30.6807644002 31.0263764466 30.7529640631 31.0785178838 30.5047045881 31.128039744 30.8358735243 30.8488475471 30.6124134628 30.7862128053 31.1992880494 31.0444819989 30.6721951067 30.5040933846 31.2010101319 30.8737324959 31.186476288
30.5098432852 31.1004066006 30.5763117567 30.5404193138 30.7701884341 30.7094134186 54.0225755226 30.8252178552 31.0088384024 30.9085199149 30.5893414402 30.5327334906 30.7856654406 31.086457217 30.8562924124 30.710072622 75.4502995561 70.7297001099 70.7297001099 30.8072145016 31.1471384424 30.7044532615 31.1209623038 30.6329530964 30.5091824053 31.0114536616 30.6310873589 30.836377907 30.7324606418 31.0892335766 30.9631319597 30.8993956108 30.8830712716 30.8037452943 31.1331040375 30.710968793 30.5898145914 31.1602970468 30.5380953879 31.0822614324 30.5890896838 30.8251369807 31.1543394447 30.8768228123 30.9748222032 30.6050343006 31.0299807775 30.9899479373 31.1291877695 30.7767437135 30.7870555807 30.6528498049 30.9723251631
30.6311496453 30.6552484523 30.8566850089 30.6048921331 30.7075225961 54.0225755226 47.1992721845 54.0225755226 30.8187005393 31.1817854258 30.7956989822 30.7610736496 30.7227627518 31.0393003824 30.7362879415 48.3095930632 48.3095930632 48.3095930632 31.0560723333 31.1531621478 30.9661545738 31.138418249 31.03391076 30.709156488 30.7470353435 30.7846906364 30.7562150068 30.9323287145 30.9248059217 31.1440928941 30.6319641097 30.9864959178 30.680970549 31.2017810511 30.5386209908 30.5100143202 31.096534753 30.9392794159 31.0821579367 30.964361612 30.5722702261 31.2021323978 30.5442919249 30.6300653827 31.1563419728 30.6083823192 31.0898457035 30.6784940657 31.0434549886 30.8818106053 30.5961391239 31.1215595608 30.939051319
31.0191772436 30.8005901225 30.7762664331 31.0600819857 30.7143563898 47.1992721845 30.6035277505 47.1992721845 30.7952298366 30.8028265304 30.5544101379 30.6083303084 31.0658854628 30.9619644779 30.5409601278 70.5440936654 48.3095930632 48.3095930632 31.1478108569 31.1840257028 31.1048905264 30.5239856573 30.7315247111 30.9790433939 30.945796888 30.9167791007 31.0933043163 30.6786106021 31.0000695599 30.6833316582 30.7791346599 30.9163288365 30.7416911694 31.1282743245 31.1416729121 31.0182392209 30.9247126996 30.7647083907 30.6740464295 31.0398447257 31.1465390927 30.8200400251 30.6339155261 30.938066219 30.9360934681 30.9379602147 30.8009540032 30.8589626816 30.6195494514 30.6385410696 30.7503295891 31.1724759589 30.5925717884
30.808226904 30.7260780534 30.8099070185 30.9921972878 31.1686819177 30.9627257664 54.1682341723 54.1682341723 31.0494333619 30.6501024119 30.6284674648 30.7916635135 31.117575392 30.6051182709 31.1958159983 61.8240100053 56.8496189672 70.2289493225 30.8936813349 31.1134022554 31.1230297583 30.7950329506 31.1250423035 30.7206549357 31.0887149725 30.7320446963 30.5873591721 30.9355772724 30.6813038343 31.0252309935 31.1451946872 30.7241006362 30.7988874886 30.7857100117 30.8092301007 30.8584664736 30.713612953 31.0498284724 31.1289600983 30.5703807368 30.7792574486 30.7199310956 30.8270046181 31.01831089 30.7064776192 30.582646505 30.7206908606 30.9060343732 31.0442494226 30.567032201 30.6242359402 30.6248408839 30.5009258739
30.8716325881 30.9106247462 30.9859958975 30.7375119572 30.6071542563 54.1682341723 54.1682341723 54.1682341723 31.1196573977 30.6478981789 30.7772993922 30.7370589266 30.9199509257 31.006700329 30.896775914 56.8496189672 57.6313329989 56.8496189672 30.6257173941 30.8984180184 30.9237045446 30.8487686875 30.5028783179 30.8893594578 31.0311533276 30.5825762093 30.5807971379 30.8708862302 30.6057858933 30.994723255 30.8729627322 30.8017029805 30.6731020206 30.5896268694 30.5459267967 30.8311686175 30.6408021173 31.1239343857 30.5143012627 30.5561663191 31.1586939923 30.7105513429 31.0675230629 30.6068499198 30.6679108565 30.9674183626 31.1221709106 31.0276322798 31.0931938539 31.1474550703 30.5179802273 30.8523839825 30.780823628
30.8281493611 30.7337110549 30.9829851487 30.5537372511 30.9027740084 30.5518734788 58.6028427107 58.6028427107 30.890690388 30.5159976151 30.9649366332 31.0764220289 30.7879225466 31.0283443855 30.541650108 57.6313329989 57.6313329989 57.6313329989 30.7627321424 30.5400153021 30.8007746633 30.6934085657 30.7284733742 30.8099049582 30.7122371038 31.0844289428 30.6351810488 30.8940619054 30.6485280979 31.2014290258 30.7391424378 31.0387435628 30.7025871191 30.952111398 30.7002732698 30.9606933946 30.7552585003 31.0325650173 31.0127077784 30.5072900314 30.7084305043 30.8861005241 30.898159669 30.6822122434 30.5576301202 30.9888000718 30.8307206105 30.9984727007 30.5385692716 30.9728266406 30.9028190929 30.7176581777 30.8914249439
30.8972897905 45.1088890868 30.9706234272 30.5160749232 30.9310330714 58.6028427107 58.6028427107 58.6028427107 30.6004903872 31.0144909085 30.6608678608 31.1088662206 30.7003689974 30.6080597991 30.9861130385 76.5475653866 76.5475653866 76.5475653866 30.5080640968 31.0660685275 31.1584366572 30.6164212752 30.9009163124 30.8378798534 30.6625789995 30.6799660602 30.9267157824 30.5728660544 31.0596224134 31.1581185725 30.6869915543 31.1140178986 30.717925788 30.5929300389 31.1704184339 30.777108398 30.8004798286 30.6660416604 30.6065669974 30.5595494141 30.6241257316 30.8156471667 30.5537891932 31.034227373 31.2032497331 31.0632901677 30.8509045145 31.0990321989 30.8306521938 30.5156488543 30.9273820773 30.7366536962 31.0304021452
45.1088890868 45.1088890868 30.7837545875 42.5317575937 30.7270244894 30.8561364759 31.1357405222 30.5165638535 30.5853980902 30.5505793389 30.8739880857 31.069187676 31.0557030338 30.5403722706 31.1224995589 57.1454908278 49.3357721947 57.1454908278 31.1039979758 31.1491956072 31.1400828259 31.1824291363 30.8128604442 30.671123772 31.0792786228 30.7148700261 30.8933455282 30.9176747614 30.7252106784 30.5122676328 30.5185092761 30.7288207669 30.5036918179 31.1917015228 30.6274622685 30.8891854325 30.6748146881 30.6380798314 30.8918049577 30.9391263134 30.9496853697 30.7985474319 30.7909241122 31.1684723931 31.0506759316 30.5065560064 30.5677037308 31.1025265389 30.9317493566 30.7157968972 31.1177062401 31.116535492 30.9349081669
31.1081929163 45.1088890868 30.8717424401 31.0193523912 31.0648533446 30.5478353275 30.9635734282 31.0640268992 30.7936704263 31.1791960477 31.1653549912 31.0909149254 30.62826291 30.7764696186 30.7267836993 49.3357721947 49.3357721947 49.3357721947 31.1425668639 31.1371552602 30.8853895061 30.9663934128 31.0157171485 30.6283497683 30.8125765159 30.767293357 30.9217158161 31.0074332959 30.5221906584 30.8119102412 30.7167924911 30.9191670627 31.1318286748 31.0897523414 31.1090494986 30.6532645312 30.6013961566 30.5494794568 31.1619701376 31.1874644237 31.1694427023 31.1140821157 31.0675013141 30.6825256305 31.0491225668 31.1867672315 31.1551427187 30.5810567292 30.9126751528 31.166074165 30.7873981668 31.1443813278 31.2017823283
55.6568292414 31.1093950725 31.0220275957 31.1197838172 30.8761688706 30.7574251964 31.0349556273 30.8563998768 30.903718428 30.520222526 30.7643722033 30.6633408536 30.5552591046 30.9172424081 30.6288757369 30.9262261865 48.4853880612 68.5632527752 30.8912615249 30.6088267335 31.1567260867 30.5561468474 31.0491981443 31.1504080499 31.0625348033 31.1269464369 30.7624535495 31.0027536364 31.0395384952 30.9048074037 30.7206134444 31.000270267 30.5661636646 31.1282809265 30.7411941633 30.7277292261 31.0647389922 31.1055515774 31.1623639941 30.5212605687 30.7778126152 30.8653596465 30.6459183419 31.1111107932 30.676981842 31.1170308935 31.1113364379 30.5399048326 30.9105202842 30.7105885365 30.5824994203 30.6073875776 30.8804922853
