Spatial_Output/BAU/BAU_0418.asc
NCOLS 155
NROWS 192
XLLCORNER 196769.923733
YLLCORNER 449719.875193
CELLSIZE 27.603701
NODATA_VALUE NaN
[rows 23 to 45 of 192, columns 53 to 105 of 155]
31.7448439321 33.0586061637 32.7093890606 35.0205465825 33.979319927 32.6695425131 33.4066004319 34.7418029358 35.0316565599 32.1605742336 34.366234341 34.5136320649 32.4354326844 31.5745847983 32.0992638075 34.4533825104 31.6331040684 31.6897983727 33.0733863364 31.6417596019 31.8066244128 34.9798115996 32.5007768603 33.7079602056 33.5645741963 33.9216094285 32.9605155241 34.2970146811 32.2820855456 34.2661998168 34.8218718895 33.1416604476 34.4141096441 32.8694044377 33.2075305363 33.5771001683 32.3205505361 33.6390601386 34.5803394356 32.5595430808 34.1274896123 32.9815990605 31.8943242559 34.0947996945 33.9786307642 32.0051265887 33.2278786648 34.7654812865 34.5552999357 32.4317164927 33.0923614894 32.5385533478 33.108463513
31.7548954365 34.1893120685 32.7308957359 33.5675721147 34.1280884268 62.9480759006 49.7875528457 49.7875528457 75.3938460608 75.3938460608 31.9149355014 33.9201309527 32.3253251574 33.4860376482 33.4161236159 32.3293292067 33.891599557 33.3265141306 34.9450555265 34.540882719 31.6528863276 32.8495572278 31.9614225004 34.735800292 34.1405471203 32.2949216114 32.1594360861 34.9964731357 34.5740310435 34.5269316453 32.9081912059 34.4294808112 31.5573022901 32.0197076556 33.2379343335 34.6515897059 34.2209545961 31.7158978956 32.8518709132 34.9087905933 31.9791891576 31.703531964 32.9371465138 32.3607956002 34.3202360869 32.2842914495 33.6526944814 32.166986349 31.8962241768 32.9135718315 31.6670894953 33.7354687021 33.1290995655
31.9118012092 31.9390863315 34.3701639353 34.567951914 55.0853112716 55.0853112716 49.7875528457 49.7875528457 34.9926949374 34.1592489582 34.2053343299 32.9899243467 33.9852923029 34.3092250657 33.6806126213 32.6666938955 33.5977566451 33.8758908268 32.9190589727 33.1415694962 34.817655821 32.2029259401 33.8742799032 33.7287124234 34.0474849033 32.2321507358 34.4624041405 32.2322081995 34.5229274799 31.9052713259 32.4932033537 33.3238942636 33.7682951076 34.4114006401 32.2491964074 34.8950068351 32.5638125837 32.2606954762 32.7823229137 32.8763201802 32.3955828674 32.7344264695 31.6495790038 33.8571793579 32.5714889255 34.4214483963 32.3614074446 33.1975213322 34.3114528329 34.8364480214 31.7550682135 31.6055038611 32.3466793463
32.5969940547 32.1072855101 31.942579156 33.594146799 83.4847313175 83.4847313175 55.0853112716 34.3986857132 34.4290689364 33.0371728892 31.6293695208 34.2323048742 33.9448760049 31.9696089795 34.7664018776 32.6731396913 33.9133923533 34.9124015191 32.8814920988 32.0323415812 34.3847615046 31.7433539322 32.4606206633 31.7991530617 33.069733264 34.6524067035 32.2054384006 31.8062426866 34.2122546696 32.3995264182 34.8571163618 33.0586888369 33.8639245325 34.6198939395 33.886161774 33.7147112486 32.2735729472 33.5597532423 32.7003593571 31.9069835664 33.6412245652 33.3293019069 32.4870297302 32.9845406116 33.0307984758 33.1811718225 32.4949435912 33.8123411126 33.0722551624 34.4809472389 32.3966133444 31.962263802 33.2784513196
34.5253301282 33.8884764114 32.5093050917 32.4303711074 83.4847313175 83.4847313175 33.0697095008 33.0578995993 31.9831556045 45.9234075739 45.9234075739 45.9234075739 33.5575830366 32.1154757098 32.592032261 33.1899974632 32.8958036966 33.0805366115 34.4639265541 34.1332034508 32.8842654642 34.8038850058 34.2046119422 33.3351437415 32.9185278108 32.8811157946 32.8626832057 34.8588890146 32.7223509416 31.9749590912 33.600008214 34.0952041962 34.7358395818 31.6839558963 34.7667805027 32.4499438102 31.8308815456 31.9740473844 34.2073553084 34.5043429897 33.155378827 33.3261990127 32.4088477919 34.3904126072 34.4353349983 34.4643148952 32.9849823725 32.1928893787 32.2231765508 34.4794866628 34.3548073525 34.8972453399 33.3725313038
34.2025422219 32.111180206 32.0012395728 33.8736199818 32.894189692 64.9774271011 32.0052483193 33.6591712091 34.505255716 45.9234075739 73.3886806218 73.3886806218 73.3886806218 34.4299187584 32.3684962892 33.6125789979 32.7706760035 34.5532533725 32.0894395085 32.0648999314 34.4774514106 32.2551196449 32.7650198632 33.318848708 33.0710874858 34.2118946342 34.3224512667 33.1368203063 33.8993124236 32.8297580853 32.9401193216 32.6323169527 34.4267555787 32.9146862062 33.9908894358 31.6284359512 34.0604903435 32.2751581475 33.8643841064 33.076264687 31.7993082748 31.70571625 32.1176266523 34.3965263749 31.985928842 32.0428235836 34.2591253282 34.8706444763 32.5627933868 34.4074931958 32.2145570465 33.0903275205 32.4086049722
33.2112503195 34.6971616506 32.2684477798 32.548626161 64.9774271011 64.9774271011 64.9774271011 34.7458957358 34.4829704343 33.5245806779 59.5389167225 73.3886806218 59.5389167225 32.9183092654 33.2022178249 34.7052469868 33.138752683 32.4137125996 33.2848735821 31.7024501348 33.669271176 34.3004474424 34.7720416708 32.7918969841 33.5738742967 34.2154710097 34.7788499416 32.7109685122 32.484902677 32.1742950833 34.6586643522 32.1500813588 32.2941731492 34.223904034 34.3966978492 34.7995041668 31.9382792304 32.8164776555 34.8036466281 34.1777051289 32.9014350077 32.3490691658 34.0206723738 34.9580623759 31.7880992461 32.127171162 34.524378714 31.5957396955 32.3864374998 33.4950701931 32.694719983 33.2067163533 32.4997201357
32.3067735718 31.5497250366 32.8797479658 32.1696328942 34.3116195676 31.5751159633 34.106152697 52.437705782 32.5863217704 33.3943215817 32.6168476757 31.694000223 53.4336133106 53.4336133106 32.1831796534 32.0862795831 33.6395255207 33.39433631 32.9475390032 32.6768475845 32.1851848617 33.5657865797 34.8402581306 34.0335717324 33.7841820468 32.2712838739 32.3043356248 34.980952044 33.2454017062 33.2563765045 34.6075626708 32.5287205677 31.7289851793 31.5415021353 31.8971894011 33.2100251457 33.9935428633 32.4113498733 32.2870856167 31.5532072217 33.0358244126 34.3238188465 35.0306514275 34.2535208516 34.0925897888 34.6229126041 33.8601057747 33.8265570321 34.2801207713 33.7786415173 32.441893682 34.015242241 32.8688788468
33.7420412873 32.8575668552 34.0933406724 32.8981422104 32.72359911 32.8278502491 33.6850203188 32.7074095232 34.8186579366 34.8028134461 34.3319984869 58.2464063972 53.4336133106 53.4336133106 34.0345270689 53.5440964631 33.6354708224 33.0053648652 33.9087692635 32.7582873219 33.3748701683 34.0242425229 32.6822796038 34.9379878398 33.7705781583 33.0513450028 33.7223821752 33.4457085399 32.6412555043 34.2346082133 34.9422087157 31.6460435257 34.7725938666 32.8130805237 31.8156156074 32.2002013728 32.1759969362 34.6531286889 32.9182991159 32.4869326557 31.6098690026 33.5876560141 33.2529924809 33.5043159981 33.3682826956 31.7439011597 33.7376002535 32.8428749369 33.1381803463 34.6702354109 31.9331152317 32.4689445946 33.0652911503
32.7327216767 33.8620982626 33.6474937254 32.2816153326 32.1522592245 31.5993843488 34.1902073146 33.8783417895 34.5941267949 33.8467065129 33.703857646 35.0090201991 53.4336133106 54.3125307564 54.3125307564 54.3125307564 33.0271413869 33.7774806315 33.2309108366 32.5330097823 32.1013241167 33.7671455377 35.0109038957 33.5428992335 33.1590336088 32.6221251193 32.5045558281 31.573945972 34.755290432 32.0860195938 32.6215347313 31.9100674895 31.5888711288 34.7082820036 34.3706669925 34.2407226117 34.0694910641 32.3758963275 34.8991258361 32.4785562395 33.0603642722 34.782004121 33.3756708538 33.5844374098 33.6858808774 31.8390779185 33.4794401894 32.3719700946 34.7265363872 33.8772954175 32.9347812969 34.8802677626 32.3418276028
33.6428989332 34.421978386 32.384649665 33.7355486769 31.5057189929 31.7846623521 33.0317260096 34.7120404642 34.0639939437 33.3889447264 31.7999139674 31.7919850644 34.144143694 32.4080214951 32.1826271412 54.3501495136 34.0653793458 32.1172152745 31.6316997186 33.8203750601 31.7476375032 33.8336997559 32.2259248662 31.6694452929 32.1458551143 32.3008925843 32.7405268228 31.5806062259 33.8986978274 31.6811925819 34.301091785 34.7682757025 34.0575921441 34.3896062649 33.7800270353 32.9606574753 33.8130646057 34.4349611394 31.6096798201 33.3684048682 34.7958139772 32.6345429563 32.5385817625 34.3544423379 32.4764780919 33.502092572 33.0011640509 34.5115530089 32.8052012493 34.4401237363 32.8692827275 32.8161005505 32.4530970673
33.2752187353 33.0522250641 34.0410206839 33.2137554941 34.0012237509 34.1659558073 33.8401389082 32.8936429062 34.4341975927 32.3283704791 32.8828166624 31.8036105748 32.0446266538 33.8360867634 34.7919652357 34.8212514002 32.7947297444 34.3803670482 34.491999109 34.3266445624 33.7558922206 34.7067097472 32.4378673342 32.9415590154 34.8649901746 34.4683799626 32.5718241916 35.0201441297 32.4292374944 34.9591426627 32.8182816102 33.9901588763 34.4665794665 34.0474194943 32.3908090651 34.1154948742 34.3126914688 34.0228025379 33.1122953959 33.5334962383 31.7857384694 33.8564168925 32.6519874562 33.6801363926 34.4596950148 33.1797981497 32.8271519183 32.5513803012 34.8572050331 32.4948138202 34.5736478763 32.2985420844 34.4008944796
34.3144704951 31.834491791 34.4375726228 33.4154308272 33.6205006494 34.6260114407 31.5822471274 34.5637841915 34.6540526073 33.8374349986 32.3125066014 33.0791710836 33.215017175 33.5093430792 32.7410952488 32.0228989694 34.9730590567 34.2133762725 32.4378495318 33.0881577022 31.7834144364 32.7822836504 33.616068668 31.8335447225 31.5488302734 31.7348847668 32.0823863218 32.486045376 33.5624032715 31.5460293368 32.9644964755 32.4200285776 32.9805049896 32.2676573115 34.3303077193 33.534960335 32.1550403601 34.8075587645 34.5782912952 34.6880177236 31.7428567833 34.3684825737 32.5084517279 33.0049359519 32.9225142677 32.7102634561 32.9337353119 31.8283893135 33.1677443105 34.7537649819 32.7638941799 31.8900761182 34.367173273
34.216271881 33.7073164596 35.0009155822 34.1157388324 33.5038617675 32.2531174155 34.4037320076 34.3107709389 32.2890613954 33.0872999396 31.8881778441 33.6776328184 32.4424462268 33.7619249826 31.8654119911 34.5426483616 41.3511914149 41.3511914149 33.2029095948 33.1122982194 32.4784173754 32.9786882656 34.3560560054 33.5627302201 33.1809900105 33.1930848155 34.8361221039 31.9569648006 31.9410837608 33.3668196778 33.7652968259 34.3044755191 32.8259547448 33.6008822706 32.1634125957 32.3053093444 32.3200033277 32.2313804662 33.9027263438 31.5773911684 33.3515433832 34.0698804233 31.8571631266 32.8393094716 31.6450041236 32.8464031411 31.7703183879 32.5800193123 32.8227303749 32.1032074878 32.2762968447 34.516702972 34.089992794
34.7823885127 34.4625450722 32.7722622342 34.5370083308 33.4451996549 32.463359247 34.5653964267 34.6146224394 34.6140041403 32.3174488636 31.8054548972 32.6788452895 32.1455716726 31.793487363 33.8005224975 31.8069645094 41.3511914149 41.3511914149 33.628721443 32.1199255224 33.2105332123 34.040188893 33.6363470513 34.4304879003 33.0339162172 32.9004008064 32.2247523874 32.5784826566 33.4614132098 34.25185325 34.0419706391 32.597203277 32.204842485 32.5017286749 33.4896220816 34.6114452916 34.6770520972 32.0863488777 31.8421829081 33.6802092492 31.6801555525 32.494994496 32.1539622356 32.1738695815 34.6241154436 33.4585367196 32.6460942708 32.4725941931 32.5747504062 34.7431202003 31.6845801561 34.1044627225 32.1229862376
33.3385896642 33.6759501057 31.6502174562 34.6078183134 32.8493832466 31.522591815 34.8384726114 33.4561879048 34.2790036543 34.0084384911 34.8080450805 32.6686461953 31.8567379276 34.7004845859 32.086824336 47.5180969566 70.8005961057 32.0992702414 32.3151981231 32.3489414674 34.7675496826 32.2135748603 32.1319929497 34.8451578793 33.3447848027 34.4214070981 31.6535313981 34.1719858642 31.872387242 34.8630376982 34.4172491221 31.6614964606 33.6947831209 32.9631342124 33.0280347904 31.9047647161 33.6445644296 33.0401402685 34.7185894817 33.4306316201 32.5313971019 33.0165599528 34.652564763 33.9276495308 32.1362124669 33.1741907879 31.7262106705 31.854770764 34.1631596798 31.9082227534 34.9617216462 32.6430115533 32.9721518481
32.1987464202 32.5438494243 34.3074412035 34.083976808 31.8535066315 33.0563503265 32.6312331113 33.2185039477 33.7902177306 31.7006022311 33.1999911176 34.928374636 31.8495306737 32.8477870204 34.5615748324 47.8096573112 47.8096573112 47.8096573112 31.7336664143 33.4664788373 32.195258035 34.5748025787 31.6980927362 32.6932895679 32.1811165668 32.7458307469 34.6616123387 34.279115528 32.2793893015 34.8245863682 34.2210902774 32.3884461502 33.648183512 33.1885826233 33.6187318871 34.8637311191 35.0323964496 33.6958624778 32.8657030555 32.2138877764 31.7018273755 33.3442600983 32.6692144421 32.1311809516 34.2888496144 33.177337412 32.3086596299 34.23204329 31.6940740587 31.8107531551 34.1450425496 33.3047560458 32.2694562471
33.195746549 33.1524987521 34.1173321257 31.9100181332 33.7595220339 74.841899722 74.841899722 74.841899722 32.8222459038 34.7933395974 33.4480122542 34.2176328211 34.8663856395 34.4793571047 33.6609013417 47.8096573112 47.8096573112 47.8096573112 32.5653042981 34.5667857834 33.5133711152 33.720056933 34.8889057291 33.7739770687 31.9580798495 33.864352852 33.9225025239 34.0460394916 33.9956911376 32.6874885543 32.947218538 33.1771616067 32.2348043364 32.7496668247 33.5509906246 33.1424907848 31.77395871 32.6417976778 33.3947264345 34.4167843315 33.9068370835 34.4916281267 31.9439969664 32.4845510981 33.4286672469 31.7819420682 34.3367540379 33.2467072237 34.0981246403 34.7804902773 32.9677981218 34.5003715493 31.5151385271
34.5244307249 32.0440727519 34.051663433 32.7767603189 34.6471993873 34.289123406 74.841899722 74.841899722 32.8049905637 34.6413206748 31.6282510191 32.0163807484 33.8881981956 34.3549930359 32.8456275771 56.1941024224 47.8096573112 56.1941024224 32.6694613224 32.1241721107 33.5975154084 33.0672679484 32.370029683 34.4536162175 32.1056529279 33.3129675575 34.5658191795 34.6295831957 32.3402948089 33.0199529417 32.2178361515 34.2220435157 32.2012967008 33.8577173406 32.4405987859 32.2464980448 32.4609208886 32.3469080036 33.3608232589 32.9095556401 32.0847088836 32.8858123756 34.5027475954 33.5848669954 33.8132478123 33.785228066 34.4616776871 32.9404333783 34.6553394042 32.8606129015 32.5594798017 33.8210206879 34.2836444089
68.6658237716 57.1652826585 31.5065259385 69.6891779673 62.9387038552 57.8595010734 34.8193058808 32.8749027763 34.2963355057 33.6362971227 33.3462486773 33.4262184672 32.082324576 34.2749901859 32.4004679285 59.7025558543 52.0602534043 59.7025558543 32.4451937095 32.8609184116 33.1546897363 33.6136697905 31.627328843 32.5865241111 32.1474357599 33.6058038193 33.0906321505 33.1904621196 32.3245515533 32.8461280946 32.1653319513 34.1577711224 31.8310300466 33.4667461142 34.6827266137 32.275112901 34.60444075 32.2498529286 34.7826451699 33.351676328 33.6699632109 33.9345475277 34.5543118326 32.4626106351 31.8732850398 34.019819042 34.2316843944 32.0730018711 33.1792399704 34.2617412075 33.6379165435 34.8806060632 34.0327364228
75.0900336531 57.1652826585 57.1652826585 69.6891779673 69.6891779673 57.1772979472 32.9317408551 31.5496976818 34.2376734753 31.7044567634 33.9313992458 31.9508154637 34.6046686832 33.9119454198 32.3254449265 52.0602534043 52.0602534043 52.0602534043 31.5100172754 32.7056686356 34.1399967733 32.6722513881 33.3131710533 31.7387110015 34.9858519261 34.5057977374 33.7368004864 34.8870678374 34.7901993834 33.5117470632 32.7359750549 31.8777587827 32.378176002 32.8858596607 33.3719303935 34.0122656405 34.2863303254 33.9512583345 32.0752330981 33.5417528276 33.5123201449 34.2219300002 34.6892661298 31.5478148278 32.4443381711 32.1411284532 33.1770736474 33.5891549777 33.7176097944 33.8896652251 34.4487437022 31.7559806933 32.7477966956
75.0900336531 57.1652826585 32.7211960335 69.6891779673 57.1772979472 74.0275771532 74.0275771532 32.929170758 34.7147627595 33.5857523453 34.0263293982 32.5568497813 33.3783539246 31.9543288061 34.1001771695 34.1799035603 52.0602534043 34.1588707415 34.7800847058 33.2052455386 31.8476165818 33.9593510943 33.0768164074 32.8685329333 32.8587587993 34.5192002218 32.8558551129 32.8477579177 34.758876586 33.9301716963 32.0017954692 34.486556677 32.8642190657 34.1926798853 34.9084917298 33.1179245001 32.8200657429 34.6159490889 34.7821323302 33.3389230762 32.7989404327 34.2071643899 33.3087798271 32.648646062 34.1014776896 32.0572629774 33.1425587281 34.0257277357 33.3259312266 32.2098402904 34.5356153631 33.9863238019 34.1023219754
32.7334312734 34.2576497085 34.5395487574 32.0010032548 74.0275771532 74.0275771532 74.0275771532 74.0275771532 31.7004099614 31.5236267779 32.5399894232 33.7033927422 34.5359418326 31.543006856 33.4136489209 33.9049379682 33.0374456818 40.9596755849 32.2529228253 34.5457727376 33.1250639544 32.0411111479 34.6899065209 31.7972338236 31.525336512 33.8226215963 34.3080196467 34.3264963851 33.1473269025 33.9644394402 31.8719464926 34.3535958648 33.4787523718 31.8997564903 33.7796620065 34.7594841212 33.7521335346 34.8470028104 32.0432448939 32.2479648537 33.3728662816 33.6293381318 32.9249933449 34.5200922285 33.2100502896 33.9766140328 32.9788431522 31.6879697068 32.755164148 34.4470803371 34.5446604721 32.4702011263 32.5648806492
