Spatial_Output/BAU/BAU_0891.asc
NCOLS 155
NROWS 192
XLLCORNER 196307.867259
YLLCORNER 449144.565805
CELLSIZE 33.573938
NODATA_VALUE NaN
[rows 114 to 151 of 192, columns 0 to 84 of 155]
0 0 0 0 0 0 0 0 0 0 0 0 0 0 0 0 0 0 0 0 0 0 0 0 0 0 0 0 0 0 0 19 19 19 19 19 19 19 19 19 19 19 19 19 19 19 19 19 42.3862252711 42.3862252711 42.3862252711 19 19 19 36.1759619856 19 19 19 19 19 19 19 62.9962325868 62.9962325868 62.9962325868 47.1787054987 19 19 19 19 19 19 19 19 19 19 19 19 71.2104632688 19 19 19 19 19 38.5692103498
0 0 0 0 0 0 0 0 0 0 0 0 0 0 0 0 0 0 0 0 0 0 0 0 0 0 0 0 0 0 0 0 19 19 19 19 19 19 19 19 19 19 19 19 19 19 19 19 19 36.3054178033 36.3054178033 19 19 19 19 19 19 19 19 19 19 19 57.6288380262 62.9962325868 62.9962325868 19 19 19 19 19 19 19 19 19 19 19 48.2870818186 33.5633764075 19 19 19 19 19 36.8693993496 36.8693993496
0 0 0 0 0 0 0 0 0 0 0 0 0 0 0 0 0 0 0 0 0 0 0 0 0 0 0 0 0 0 0 0 19 19 19 19 19 19 19 19 19 19 19 19 19 19 19 19 36.3054178033 36.3054178033 36.3054178033 36.3054178033 19 19 19 19 19 19 19 19 19 19 42.0785378415 62.9962325868 57.6288380262 19 19 19 19 19 19 19 19 19 19 19 33.5633764075 33.5633764075 19 19 19 44.4554932183 19 36.8693993496 36.8693993496
0 0 0 0 0 0 0 0 0 0 0 0 0 0 0 0 0 0 0 0 0 0 0 0 0 0 0 0 0 0 0 0 0 19 19 19 19 19 19 19 19 19 19 19 19 19 19 19 47.6493930036 35.206160756 35.206160756 19 19 19 19 19 39.9052681466 35.2890125489 35.2890125489 19 67.4252902872 19 42.0785378415 42.0785378415 42.0785378415 19 19 19 19 19 19 19 19 19 19 19 19 33.5633764075 19 19 19 19 19 19 19
0 0 0 0 0 0 0 0 0 0 0 0 0 0 0 0 0 0 0 0 0 0 0 0 0 0 0 0 0 0 0 0 0 19 19 19 19 19 19 19 19 19 19 19 19 19 58.9823292186 19 19 19 19 19 19 19 19 19 19 35.2890125489 35.2890125489 57.3027188345 67.4252902872 67.4252902872 45.7385807575 45.7385807575 19 19 19 19 19 19 19 19 19 19 19 19 19 47.4901994433 47.4901994433 19 19 19 19 19 19
0 0 0 0 0 0 0 0 0 0 0 0 0 0 0 0 0 0 0 0 0 0 0 0 0 0 0 0 0 0 0 0 0 0 19 19 19 19 19 19 19 19 19 19 19 58.9823292186 19 58.9823292186 19 19 19 19 19 19 19 80.7175928626 54.2169254993 54.2169254993 32.6609315505 19 67.4252902872 45.7385807575 45.7385807575 45.7385807575 19 19 19 19 19 19 19 19 19 19 19 19 19 19 19 19 19 19 19 19 19
0 0 0 0 0 0 0 0 0 0 0 0 0 0 0 0 0 0 0 0 0 0 0 0 0 0 0 0 0 0 0 0 0 0 0 19 19 19 19 19 19 35.3231227494 19 19 19 50.5441698776 19 58.9823292186 19 19 19 19 19 19 19 54.2169254993 32.6609315505 32.6609315505 32.6609315505 19 19 34.0685925984 34.0685925984 34.0685925984 19 19 19 19 19 19 19 19 19 19 19 19 19 19 49.5593945784 49.5593945784 49.5593945784 19 19 19 19
0 0 0 0 0 0 0 0 0 0 0 0 0 0 0 0 0 0 0 0 0 0 0 0 0 0 0 0 0 0 0 0 0 0 0 19 19 19 19 19 19 35.3231227494 35.3231227494 19 19 19 19 19 19 19 19 19 19 19 19 19 32.6609315505 32.6609315505 19 67.2372148622 19 34.0685925984 34.0685925984 34.0685925984 19 19 19 19 19 19 19 19 19 19 19 19 19 19 19 19 51.982713409 19 19 19 19
0 0 0 0 0 0 0 0 0 0 0 0 0 0 0 0 0 0 0 0 0 0 0 0 0 0 0 0 0 0 0 0 0 43.0772482245 36.5813986978 52.7272808415 19 19 19 19 19 35.3231227494 35.3231227494 19 19 19 19 19 19 19 19 19 19 19 19 19 19 19 67.2372148622 67.2372148622 19 37.1711704833 19 34.0685925984 19 19 19 19 19 19 19 19 19 19 19 19 19 19 19 51.982713409 55.8723022095 51.982713409 19 19 19
0 0 0 0 0 0 0 0 0 0 0 0 0 0 0 0 0 0 0 0 0 0 0 0 0 0 0 0 0 0 48.2909749713 40.4301407631 42.3024307193 32.7860832279 42.7129425094 51.2840265854 19 19 19 19 19 19 19 19 19 19 19 19 19 19 19 19 19 19 19 19 19 19 49.4051048072 44.9014594815 37.1711704833 37.1711704833 37.1711704833 19 19 19 19 19 19 19 19 19 19 19 19 19 19 19 19 48.0091753529 55.8723022095 55.8723022095 19 19 19
0 0 0 0 0 0 0 0 0 0 0 0 0 0 0 0 0 0 0 0 0 0 0 0 0 0 0 0 35.3544412289 69.6998721621 31.7225866583 31.7225866583 36.7581124147 35.179122776 31.1245370119 51.2840265854 52.7272808415 19 19 19 19 19 19 19 19 19 19 19 19 19 19 19 19 19 19 19 19 19 49.4051048072 49.4051048072 44.9014594815 44.9014594815 37.1711704833 19 19 19 19 19 19 19 19 19 19 19 19 19 19 19 19 55.8723022095 38.9782479043 38.9782479043 70.1231656036 19 19
0 0 0 0 0 0 0 0 0 0 0 0 0 0 0 0 0 0 0 0 0 0 0 0 0 36.9247459867 69.1919011326 69.1919011326 47.6248907525 47.6248907525 31.7225866583 31.7225866583 30.3363244429 34.3815474384 41.5105626866 54.7063549248 0 0 19 19 19 19 19 19 19 19 19 19 19 19 19 19 19 19 19 19 19 19 49.4051048072 49.4051048072 35.4550363584 65.2477619618 19 19 19 19 19 19 19 19 19 19 19 19 19 19 19 19 19 54.9615625841 38.9782479043 38.9782479043 51.5853563086 19 19
0 0 0 0 0 0 0 0 0 0 0 0 0 0 0 0 0 0 0 0 0 0 0 0 0 36.9247459867 69.1919011326 69.1919011326 47.6248907525 47.6248907525 42.9504742536 31.7225866583 40.8487614019 30.6332998521 0 0 0 0 19 19 19 19 19 19 19 57.6921911593 54.484638787 57.6921911593 19 19 19 19 39.9171565604 19 19 19 19 19 19 35.4550363584 35.4550363584 35.4550363584 59.6952761598 19 19 19 19 19 19 19 19 19 19 19 19 19 19 19 19 45.0077192885 51.5853563086 52.9877408588 70.1231656036 19 19
0 0 0 0 0 0 0 0 0 0 0 0 0 0 0 0 0 0 0 0 0 0 0 0 0 57.1963571753 36.9247459867 69.1919011326 61.0507506477 50.6089134352 0 0 0 0 0 0 0 0 0 19 19 19 19 19 19 19 53.7926152911 54.484638787 19 19 50.3768797462 50.3768797462 37.5394853003 37.5394853003 39.0185273785 19 19 19 19 19 35.4550363584 59.6952761598 47.7703442104 19 19 19 19 19 19 19 19 19 19 19 19 19 19 19 47.1579415196 40.3358424943 52.9877408588 52.9877408588 52.9877408588 47.6666158192 47.6666158192
0 0 0 0 0 0 0 0 0 0 0 0 0 0 0 0 0 0 0 0 0 0 0 0 0 0 0 0 0 0 0 0 0 0 0 0 0 0 0 0 19 19 19 19 19 19 54.484638787 19 19 62.0496391265 50.3768797462 50.3768797462 37.5394853003 37.5394853003 19 19 19 19 19 19 47.7703442104 47.7703442104 47.7703442104 71.8217168648 37.0931843444 19 42.0205167591 42.0205167591 19 19 19 19 19 19 19 19 19 19 47.1579415196 38.4714617958 40.3358424943 52.9877408588 35.8167465193 19 47.6666158192
0 0 0 0 0 0 0 0 0 0 0 0 0 0 0 0 0 0 0 0 0 0 0 0 0 0 0 0 0 0 0 0 0 0 0 0 0 0 0 0 0 19 19 19 54.484638787 54.484638787 54.484638787 19 19 62.0496391265 62.0496391265 50.3768797462 39.9171565604 19 19 19 19 19 19 19 19 40.3790886536 48.5160710691 71.8217168648 37.0931843444 37.0931843444 42.0205167591 42.0205167591 42.0205167591 19 19 19 19 19 19 19 19 19 47.1579415196 19 54.7268522945 54.7268522945 54.7268522945 19 47.6666158192
0 0 0 0 0 0 0 0 0 0 0 0 0 0 0 0 0 0 0 0 0 0 0 0 0 0 0 0 0 0 0 0 0 0 0 0 0 0 0 0 0 19 19 19 19 19 54.484638787 19 53.4544907108 43.7012542512 19 19 19 19 19 19 19 19 19 19 19 44.0177530625 44.0177530625 71.8217168648 37.0931843444 37.0931843444 19 42.0205167591 19 19 30.6173453631 19 19 19 19 19 19 19 19 19 19 43.309308895 43.309308895 49.4921888084 52.9207519212
0 0 0 0 0 0 0 0 0 0 0 0 0 0 0 0 0 0 0 0 0 0 0 0 0 0 0 0 0 0 0 0 0 0 0 0 0 0 0 0 0 0 19 19 19 19 41.8419302283 19 19 19 19 19 19 19 19 19 19 19 40.0581235958 34.3205486787 34.3205486787 44.0177530625 44.0177530625 19 19 19 19 19 19 19 19 19 19 19 19 19 19 19 19 19 19 43.309308895 43.309308895 49.4921888084 49.4921888084
0 0 0 0 0 0 0 0 0 0 0 0 0 0 0 0 0 0 0 0 0 0 0 0 0 0 0 0 0 0 0 0 0 0 0 0 0 0 0 0 0 0 0 19 19 41.8419302283 41.8419302283 41.8419302283 19 19 19 19 19 19 19 19 34.5214091037 58.6830664534 45.2033758272 34.3205486787 34.3205486787 19 55.000912204 55.000912204 55.000912204 19 19 19 19 19 19 19 19 19 19 19 19 19 19 19 19 19 19 49.4921888084 49.4921888084
0 0 0 0 0 0 0 0 0 0 0 0 0 0 0 0 0 0 0 0 0 0 0 0 0 0 0 0 0 0 0 0 0 0 0 0 0 0 0 0 0 0 0 19 19 41.8419302283 41.8419302283 19 19 19 19 19 19 19 42.7498785395 42.7498785395 34.5214091037 34.5214091037 19 19 34.3205486787 19 19 50.679771544 50.679771544 19 19 19 19 19 19 19 19 19 19 19 19 19 19 19 19 19 19 19 19
0 0 0 0 0 0 0 0 0 0 0 0 0 0 0 0 0 0 0 0 0 0 0 0 0 0 0 0 0 0 0 0 0 0 0 0 0 0 0 0 0 0 0 0 19 56.8283392188 56.8283392188 19 19 19 19 19 19 19 42.7498785395 42.7498785395 34.5214091037 34.5214091037 45.2033758272 19 19 19 19 50.679771544 50.679771544 50.679771544 19 19 19 19 19 19 19 19 19 19 19 19 19 19 19 19 19 19 19
0 0 0 0 0 0 0 0 0 0 0 0 0 0 0 0 0 0 0 0 0 0 0 0 0 0 0 0 0 0 0 0 0 0 0 0 0 0 0 0 0 0 0 0 19 56.8283392188 56.8283392188 56.8283392188 19 19 19 19 19 19 19 42.7498785395 19 19 19 19 19 19 19 50.679771544 39.2824269458 59.355238211 19 19 19 19 19 19 19 19 19 19 19 19 19 19 19 19 19 19 19
0 0 0 0 0 0 0 0 0 0 0 0 0 0 0 0 0 0 0 0 0 0 0 0 0 0 0 0 0 0 0 0 0 0 0 0 0 0 0 0 0 0 0 0 19 19 19 19 19 19 19 19 19 19 19 19 19 19 19 19 19 19 19 19 46.710908383 46.710908383 46.710908383 19 19 19 19 19 19 19 19 19 19 19 19 19 19 19 19 19 19
0 0 0 0 0 0 0 0 0 0 0 0 0 0 0 0 0 0 0 0 0 0 0 0 0 0 0 0 0 0 0 0 0 0 0 0 0 0 0 0 0 0 0 0 0 19 19 19 19 19 19 19 19 19 19 19 19 19 19 19 19 19 19 19 46.4392344634 46.4392344634 46.4392344634 19 19 19 19 19 19 19 19 19 19 19 19 19 19 19 19 19 19
0 0 0 0 0 0 0 0 0 0 0 0 0 0 0 0 0 0 0 0 0 0 0 0 0 0 0 0 0 0 0 0 0 0 0 0 0 0 0 0 0 0 0 0 0 19 19 19 58.2620323645 19 19 19 19 19 19 19 19 19 19 19 19 19 19 19 46.4392344634 46.4392344634 19 19 19 19 19 19 19 19 19 19 19 19 19 19 19 19 19 19 19
0 0 0 0 0 0 0 0 0 0 0 0 0 0 0 0 0 0 0 0 0 0 0 0 0 0 0 0 0 0 0 0 0 0 0 0 0 0 0 0 0 0 0 0 0 62.9399774792 19 62.9399774792 58.2620323645 19 19 19 19 19 19 19 19 19 19 19 19 19 19 19 19 19 19 19 19 19 19 19 19 19 19 19 19 19 19 19 19 19 19 19 19
0 0 0 0 0 0 0 0 0 0 0 0 0 0 0 0 0 0 0 0 0 0 0 0 0 0 0 0 0 0 0 0 0 0 0 0 0 0 0 0 0 0 0 53.2607592475 36.7233146873 68.2573100933 62.9399774792 62.9399774792 62.9399774792 58.2620323645 19 19 19 19 19 19 19 19 19 19 19 19 19 19 19 19 19 19 19 19 19 19 19 19 19 19 19 19 19 19 19 19 19 19 19
0 0 0 0 0 0 0 0 0 0 0 0 0 0 0 0 0 0 0 0 0 0 0 0 0 0 0 0 0 0 0 0 0 0 0 0 0 0 0 0 0 53.2607592475 34.8256238144 38.818390053 36.7233146873 36.7233146873 68.2573100933 57.6338655615 62.9399774792 57.6338655615 19 19 19 19 19 19 19 19 19 19 19 19 19 19 19 19 19 19 19 19 19 19 19 19 19 19 19 19 19 19 19 19 19 19 19
0 0 0 0 0 0 0 0 0 0 0 0 0 0 0 0 0 0 0 0 0 0 0 0 0 0 0 0 0 0 0 0 0 0 0 0 0 0 0 57.0776145023 34.8256238144 34.8256238144 34.8256238144 38.818390053 36.7233146873 36.7233146873 19 19 19 19 19 19 19 19 19 19 19 19 19 19 19 19 19 19 19 19 19 19 19 19 19 19 19 19 19 19 19 19 19 19 19 19 19 19 19
0 0 0 0 0 0 0 0 0 0 0 0 0 0 0 0 0 0 0 0 0 0 0 0 0 0 0 0 0 0 0 0 0 0 0 0 0 0 58.6163670811 34.8256238144 34.8256238144 34.8256238144 53.2607592475 34.8256238144 49.9518826067 0 0 19 19 19 19 19 19 19 19 19 19 19 19 19 19 19 19 19 19 19 19 19 19 19 19 19 19 19 19 19 19 19 19 19 19 19 19 19 19
0 0 0 0 0 0 0 0 0 0 0 0 0 0 0 0 0 0 0 0 0 0 0 0 0 0 0 0 0 0 0 0 0 0 0 0 0 0 58.6163670811 34.8256238144 34.8256238144 34.8256238144 51.8024864193 0 0 0 0 19 19 19 19 19 19 19 19 19 19 19 19 19 19 19 19 19 19 19 19 19 19 19 19 19 19 19 19 19 19 19 19 19 19 19 19 19 19
0 0 0 0 0 0 0 0 0 0 0 0 0 0 0 0 0 0 0 0 0 0 0 0 0 0 0 0 0 0 0 0 0 0 0 0 0 0 43.8704694616 58.6163670811 69.5952949702 0 0 0 0 0 0 19 19 19 19 19 19 19 19 19 19 19 19 19 19 19 19 19 19 19 19 19 19 19 19 19 19 19 19 19 19 19 19 19 19 19 19 19 19
0 0 0 0 0 0 0 0 0 0 0 0 0 0 0 0 0 0 0 0 0 0 0 0 0 0 0 0 0 0 0 0 0 0 0 0 0 0 0 0 0 0 0 0 0 0 0 0 19 19 19 19 19 19 19 19 19 19 19 19 19 19 19 19 19 19 19 19 19 19 19 19 19 19 19 19 19 19 19 19 19 19 19 19 19
0 0 0 0 0 0 0 0 0 0 0 0 0 0 0 0 0 0 0 0 0 0 0 0 0 0 0 0 0 0 0 0 0 0 0 0 0 0 0 0 0 0 0 0 0 0 0 0 0 0 19 19 19 19 19 19 19 19 19 19 19 19 19 19 19 19 19 19 19 19 19 19 19 19 19 19 19 19 19 19 19 19 19 19 19
0 0 0 0 0 0 0 0 0 0 0 0 0 0 0 0 0 0 0 0 0 0 0 0 0 0 0 0 0 0 0 0 0 0 0 0 0 0 0 0 0 0 0 0 0 0 0 0 0 0 0 0 19 19 19 19 19 19 19 19 19 19 19 19 19 19 19 19 19 19 19 19 19 19 19 19 19 19 19 19 19 19 19 19 19
0 0 0 0 0 0 0 0 0 0 0 0 0 0 0 0 0 0 0 0 0 0 0 0 0 0 0 0 0 0 0 0 0 0 0 0 0 0 0 0 0 0 0 0 0 0 0 0 0 0 0 0 0 0 19 19 19 19 19 19 19 19 19 19 19 19 19 19 19 19 19 19 19 19 19 19 19 19 19 19 19 19 19 19 19
0 0 0 0 0 0 0 0 0 0 0 0 0 0 0 0 0 0 0 0 0 0 0 0 0 0 0 0 0 0 0 0 0 0 0 0 0 0 0 0 0 0 0 0 0 0 0 0 0 0 0 0 0 0 0 0 19 19 19 19 19 19 19 19 19 43.6653660706 41.4774371661 43.7937826846 19 19 19 19 19 19 19 19 19 19 19 19 19 19 19 19 19
0 0 0 0 0 0 0 0 0 0 0 0 0 0 0 0 0 0 0 0 0 0 0 0 0 0 0 0 0 0 0 0 0 0 0 0 0 0 0 0 0 0 0 0 0 0 0 0 0 0 0 0 0 0 0 0 0 0 19 19 19 19 19 19 19 35.9264409618 30.7979485452 41.1035052407 19 19 19 19 19 19 19 19 19 19 19 19 19 19 19 19 19
