Spatial_Output/BAU/BAU_0712.asc
NCOLS 155
NROWS 192
XLLCORNER 196769.923733
YLLCORNER 449719.875193
CELLSIZE 27.603701
NODATA_VALUE NaN
[rows 0 to 22 of 192, columns 0 to 52 of 155]
65.7637701722 65.7637701722 62.9624664509 56.8540018633 56.8540018633 0 0 0 0 0 0 0 0 0 0 0 0 0 0 0 0 0 0 0 0 0 0 0 0 0 0 0 0 0 0 0 0 0 0 0 0 0 0 0 0 0 27.0559917902 25.3178839958 25.5875621976 28.9635746845 25.8582219944 27.7093256068 25.8484435603
0 37.8632157353 37.8632157353 44.5134587979 53.9150687864 53.9150687864 55.4825491232 0 0 0 0 0 0 0 0 0 0 0 0 0 0 0 0 0 0 0 0 0 0 0 0 0 0 0 0 0 0 0 0 0 0 0 0 27.5962678904 29.1614074232 28.1274988248 27.8687135125 25.6275657279 29.0849815263 26.3676499919 27.9687110465 29.0773158432 28.9364903217
0 0 41.2352636102 51.6685356195 53.9150687864 53.9150687864 48.7774671409 56.4660416714 0 0 0 0 0 0 0 0 0 0 0 0 0 0 0 0 0 0 0 0 0 0 0 0 0 0 0 0 0 0 0 0 0 25.9908339728 28.0170842552 27.7819803661 27.5799449579 27.5493468758 26.5053748982 26.7738492131 27.8415199533 26.9093542231 25.0495373875 27.5392740659 26.7031545571
0 0 0 51.6685356195 53.9150687864 49.2965881649 49.2965881649 49.2965881649 56.2255765704 0 0 0 0 0 0 0 0 0 0 0 0 0 0 0 0 0 0 0 0 0 0 0 0 0 0 0 0 0 0 29.0788806596 27.7080061225 27.4807369669 25.0946160214 27.9479677933 27.7331756286 25.7870784229 27.5794745413 28.0195131852 27.1689047785 27.0017221219 27.2180852956 25.4826521244 25.109200767
0 0 0 0 0 48.7774671409 56.2255765704 56.2255765704 56.2255765704 80.2577231832 0 0 0 0 0 0 0 0 0 0 0 0 0 0 0 0 0 0 0 0 0 0 0 0 0 0 0 26.0336005261 28.3369275234 25.5156897109 27.4674071561 28.7194273272 25.3167232541 25.4498857148 25.0461168447 26.2045193334 28.1019536207 28.0690090269 28.7301784738 27.411276293 28.3206126284 26.7506726486 27.026706736
0 0 0 0 0 0 38.7296972414 56.2255765704 72.3048859426 72.3048859426 67.6899886065 0 0 0 0 0 0 0 0 0 0 0 0 0 0 0 0 0 0 0 0 0 0 0 25.6855097383 27.8097354141 27.1183292409 28.0060064901 28.7388552608 27.2158865242 27.2510115686 26.6907136369 26.9720635328 25.4257438817 28.3375080894 25.9620228268 25.8558764308 25.7116359522 28.6659966977 27.7322134344 26.3236723323 26.1426513567 28.9308160718
0 0 0 0 0 0 0 57.1980515888 72.3048859426 72.3048859426 67.2378815604 67.2378815604 44.0633824841 0 0 0 0 0 0 0 0 0 0 0 0 0 0 0 0 0 0 0 27.5959581085 27.1757565669 28.7177233296 25.1321340281 25.3205256661 28.5927806973 26.847668132 26.4105709899 28.3143378111 27.0866800823 29.2051926675 28.3710274284 27.7627262459 28.4363502636 27.3777878545 27.415238488 29.2024707719 25.0643491764 27.135120542 28.6622364937 25.0297433086
0 0 0 0 0 0 0 0 53.504582328 62.7947091401 67.2378815604 67.2378815604 25.0949324088 28.4830415161 28.4762847434 28.7058402727 26.9920530795 27.4414116569 28.9365878486 27.9464578649 27.9260905187 27.2709791263 26.6852864333 26.7781322856 26.0458724951 27.311711895 27.3522092367 26.4064598895 26.8455671466 28.7969722031 27.3287457188 27.1393018502 27.3600978524 25.6857765737 27.8926795614 27.44358138 25.6623111611 25.4476756968 25.597667199 28.6898996938 25.7678721848 28.6337750563 27.1585856608 25.150576658 25.2893440346 27.3102486257 26.9066162755 27.786800758 28.8740778676 25.4001107953 29.2324531045 25.6491748817 27.742228477
0 0 0 0 0 0 0 0 0 48.2524624791 43.2714402272 37.5621396493 59.4767860575 59.4767860575 25.4612820452 26.9961406638 27.1986003925 25.1099298581 28.0780115807 27.6343327992 26.4688142628 28.9598095027 25.2424586654 27.3342469191 27.8516161904 26.6106865936 26.0352106849 25.4725570177 28.785486361 27.7495072804 27.0144726714 25.7804887361 25.7370914533 28.0913008532 27.5178231585 26.1794918017 25.5198512654 28.8138934387 29.0478484626 28.8870707645 25.4352511955 25.7824408563 27.0063469572 27.2424891062 29.2122222121 29.1637268218 26.1358306721 28.0928788301 28.8837897804 25.290968439 25.7370906363 27.1277716837 27.1224933479
0 0 0 0 0 0 0 0 0 41.2698190717 44.7210455324 40.2026949232 47.7767328446 51.4127625806 51.4127625806 51.4127625806 27.1704975768 27.3242295189 25.4048691372 28.0576992948 27.1302520194 25.0079541213 29.0865478463 29.0515398493 28.9071010343 27.7331962228 25.794224157 28.1467534518 28.6225596123 26.6933588835 26.8461321454 26.0719402446 27.8737925922 25.3692752039 27.7016038192 29.0128314711 26.7608402853 25.8867023757 29.1369942839 27.3884222706 27.100911807 28.7230617263 28.1463728638 26.697191113 26.9960204329 27.7861370458 29.0606994161 27.41474725 28.6749983309 29.2294716651 28.4171278862 25.9818044531 27.0582099884
0 0 0 0 0 0 0 0 0 40.9006680639 37.3443937062 36.7133136417 47.7767328446 51.4127625806 51.4127625806 60.5305743062 25.0928462806 27.036366438 26.4196775191 28.1312842982 26.4155438711 28.4999236259 25.2769963258 26.0114511643 25.8848474552 28.4666923826 25.4334969427 28.0455163474 27.9037709005 25.41627147 29.2126200854 27.625201675 28.64048103 28.6186254901 25.8131114837 25.8393547799 25.4868879158 25.8296705074 25.5260794747 25.6414410616 29.2136144345 26.0227129498 27.0993910178 28.9128551954 28.5043573609 28.4797977762 28.3367678406 26.2568883672 25.2813200564 27.898374645 27.9997672409 26.0605698058 28.6427338394
0 0 0 0 0 0 0 0 28.3109682892 26.9500368041 26.4822166728 27.2164319985 25.0514477484 51.4127625806 20.8053180477 20.8053180477 20.8053180477 79.1575904399 26.4789584986 26.109189963 28.5932739176 27.8429096057 29.0177770239 26.3141131447 26.5320150821 28.1662940857 28.865970989 25.493985432 27.1626143709 27.9966587282 25.5855078354 25.7015381999 27.7507712219 27.1179732097 25.2004187422 28.6616957224 27.1985269884 25.7689943034 27.7193457519 25.139517282 27.6511386036 28.5824297148 28.8706871541 26.2714946072 25.0046725433 27.0895007113 27.1959804879 27.5968314225 29.0327853451 26.1693372694 27.0213765933 29.1291701947 27.1538313621
0 0 0 0 0 0 0 0 26.9039701346 26.1017797148 26.7155658819 28.2377607082 25.8543829963 27.6715905401 27.4453106362 20.8053180477 37.2077443063 37.2077443063 45.7922571087 26.2104835073 25.0698413573 26.9141234483 28.7890090646 28.4615354579 28.3085891609 26.4409688002 27.287455651 26.081609819 27.8430685252 28.1926640032 25.5968468247 25.9621644358 25.0695565465 28.2847687694 28.21443169 25.5649894407 28.6166498173 25.7988367831 26.8630914754 28.2409538819 27.2903656186 29.0101640266 26.7026689479 26.2882547251 27.2530485495 27.9126355322 28.5718712783 25.7697450674 26.5544352486 27.5184370485 28.906108936 27.4990384316 26.5475813665
0 0 0 0 0 40.0197026514 44.7131372238 46.6652903908 26.6450059511 26.4852964505 28.7827973671 26.7094833825 25.1205726189 26.7712601607 27.1470731554 38.7721058023 37.2077443063 37.2077443063 40.9731075698 57.0523435553 57.0523435553 26.857958203 26.3344096408 26.4716915913 25.1112234275 26.9676972145 26.1959906201 27.4494431295 26.4127400197 25.2516707322 25.2463554705 28.341004804 28.1657239459 28.3321001242 25.4041554627 25.5745560792 29.1509729759 25.7977110806 28.1176957191 26.0055612479 28.2776931285 26.9081315239 25.9171716187 26.5640276367 26.4727306777 25.0224250395 28.5808144918 25.9153989878 27.3615056846 25.4481458634 28.134814318 26.5839702915 27.3407659823
0 0 0 0 0 38.4187067918 39.1354370792 47.4770177762 25.2419197312 25.6742280916 25.930967265 28.0997468018 28.1088673088 27.3244891099 25.4404933055 25.8968918173 39.2698216252 40.9731075698 57.0523435553 57.0523435553 67.2190175109 25.5151764483 26.0488704685 28.5512869335 28.0754336145 29.0603115004 28.8062318098 28.3129926097 26.8916995425 25.8632052875 25.9212688292 27.2507131478 25.2798369655 26.5766916056 27.2312390174 26.0925189552 25.1983328269 26.7556500804 27.5544699034 29.2140778097 25.9404360958 27.5916467492 25.3739716152 27.8012983411 25.1552198877 27.5878742519 25.7602111296 27.4625134166 27.6993430724 26.5950413716 26.5737392746 26.6681251694 29.2198071828
0 0 0 0 25.3948793305 42.2757724938 36.6499946179 43.9265430707 26.8236459098 25.4176936447 25.6275164814 25.9837634161 28.38877472 26.3334207443 26.8019272767 27.3082773079 28.6463534518 25.143794101 57.0523435553 57.0523435553 67.2190175109 28.4631533686 58.4710471493 26.3610379469 25.7323109561 27.9627880759 28.3974912597 26.9702447143 27.9063297433 29.1683366151 25.5100002155 28.4819061174 28.1293326161 28.7901050825 27.2616076302 26.814242595 28.5820259534 28.0217338642 29.1230303284 26.3564095397 25.4783864874 27.2435032154 26.4249361242 26.4370642603 26.1172241725 27.3136703127 28.2624979164 28.9573030439 28.3536793756 27.4934912839 27.8133627071 27.0014315777 25.0359079503
0 0 0 26.6957354878 28.1933880606 28.6707669238 26.3573942945 27.2445451031 26.2631042969 28.6381523515 26.7777982893 25.6655551795 27.7030428608 29.0476984582 26.5730928778 28.4898146067 28.0622364353 26.5297026268 25.9287404743 67.2190175109 61.7222406082 71.2175554386 71.2175554386 60.9463197484 28.2408575026 25.5625177065 26.7386298779 25.6033465986 27.7700180111 25.1446970613 25.2703695742 29.015643333 26.3547142312 26.6900803829 26.465665082 26.9131986082 29.1128705048 28.5964301174 26.2333675405 26.8567117212 28.1065162999 28.9764797062 28.1369825566 25.0205865717 27.1909398329 26.1118089572 28.1346369353 29.0153278929 28.5915560109 29.1321574251 28.74387951 26.4233470991 26.4122722067
0 0 27.3434674783 29.1838118717 26.2650064198 26.5802645872 27.9562838205 26.0702106202 56.3532854184 28.5114576911 27.203663179 28.6732359558 25.6461924535 29.1991208142 26.9607756401 29.1935402464 27.07377217 28.8509205788 28.1135701241 28.8663989438 28.9451550253 71.2175554386 75.3776594763 75.3776594763 37.2997780857 38.0647371957 26.2724099602 27.7985891647 28.9473112401 25.4590927645 27.1514543297 25.0566773161 26.9159343582 25.3697179793 26.9109680253 26.9303346829 27.3137015121 25.8014420307 26.712796761 26.6997724261 28.9319344522 28.9144199962 27.1010591954 28.6833478013 27.7604052342 25.4976259483 29.2207869311 28.0361277229 25.3131835522 27.8446293087 26.0131816839 25.2694854616 26.6976860253
0 0 28.333674416 26.3935789607 28.6829029529 28.3653952966 28.4714291745 25.6129640927 54.9526857725 42.3874896382 42.3874896382 28.3011022129 26.301904717 26.1806845535 25.0990094972 28.1872685837 29.0358015321 25.7042754211 26.5963242802 28.0840878116 28.8472557091 27.1029395253 75.3776594763 75.3776594763 62.434976542 62.434976542 27.0093016371 25.0946496553 25.3635771554 25.2227786402 29.1714717685 25.889727855 29.2351018261 27.2944181132 27.3811712517 26.6574584661 25.1284132552 25.3683327687 25.5580690563 28.7563059996 27.8621590628 27.1625996758 26.7915657555 28.8902665799 28.9629428697 27.1019792319 26.7274022935 26.8509092492 28.2371593311 26.9516518584 27.7599823522 29.2286490928 28.7693151191
0 0 27.946300722 28.1653208828 26.5494461003 29.1543677757 27.0417445348 27.6798727209 54.9526857725 42.3874896382 42.3874896382 46.5103073486 27.7412397012 26.5704391308 27.8130206551 27.3476173402 26.2638151654 28.6636129142 29.0404505313 27.0770729268 27.9968648491 27.2236504118 28.1219374922 43.8689060665 62.434976542 72.322191772 64.5363207562 64.5363207562 25.5109205241 27.4075856427 27.2347235318 26.448141966 25.9621565716 28.6601030757 27.1099410617 27.4864345759 28.9120404723 28.9763658405 29.0650903649 28.0486516947 27.0423953093 28.0988139279 28.0169480096 26.6609097025 26.5793560226 27.1197913116 27.8766782965 26.5812236046 25.591328465 27.3666638588 29.0130605048 26.3568819746 27.0100928801
0 0 27.5006170936 28.284118972 26.6233784808 25.2541265892 28.693972421 27.7524409396 25.4116030952 42.3874896382 46.5103073486 46.5103073486 57.6308206552 79.5531409087 26.7082079022 27.9652757508 27.1065488838 26.5260776628 28.8110912576 27.9790553492 25.9412756428 28.0246504487 28.8590883527 25.6936732408 62.434976542 64.5363207562 64.5363207562 63.1789851094 50.7724352939 27.4030995697 28.0534304627 25.4500712311 28.9770948319 25.1019379023 25.5815857563 28.5924160335 25.2007336376 27.8099594145 26.7072742471 28.5676374721 28.3333315036 25.34411937 28.2984930592 29.2174390935 27.7588643316 27.4625491216 28.4681472389 25.5832345854 26.7461051705 25.8115825165 25.7224230568 26.7564393708 26.8681557769
0 0 28.2615598532 27.3640490547 25.2726252666 29.117399051 29.1763491532 28.2297908114 27.3522384476 26.8619467017 46.5103073486 46.5103073486 57.6308206552 57.6308206552 44.4270483182 28.8382611522 26.1551621057 26.138559595 27.3934350586 28.0298989061 27.2353581415 26.2390183813 28.3880524042 26.5236614081 25.252627557 72.322191772 63.1789851094 57.1658248602 26.4975705182 27.1751653499 28.0873590328 29.1613784983 27.7824368288 26.8818053432 26.4780796939 25.0885388679 25.6395985997 25.7250242242 26.1101670513 28.5080363718 25.9535581264 25.9911080523 25.0603575223 28.6516537443 28.0700098561 25.0133536137 26.1279286799 25.0250703273 27.8821865828 27.7409756757 28.9399730495 25.0532756481 26.1338634365
0 0 27.6162227294 25.8379046002 26.977380109 27.2568230772 29.0990788721 28.3196396623 27.4048278672 26.0713297625 26.9404095414 57.6308206552 57.6308206552 79.5531409087 44.4270483182 27.7503394291 45.5252285653 29.1077712717 25.8135255233 27.0128395981 27.3509234876 27.5264238686 28.2987639072 26.3166538762 25.368517953 25.9094654274 50.7724352939 41.6237894036 41.6237894036 25.3145217674 26.5150883094 28.1195233858 28.9986295105 25.7136779659 25.5754502117 25.7132651326 27.164419446 27.2617787311 25.5363401227 26.0174571743 26.7613656468 25.5161267954 27.1478539876 26.058665941 26.922066241 27.611639307 27.5584785179 29.2074723654 26.7723986974 28.0059629119 28.1748078419 29.0848600999 25.8088433957
