Spatial_Output/BAU/BAU_0295.asc
NCOLS 155
NROWS 192
XLLCORNER 196769.923733
YLLCORNER 449719.875193
CELLSIZE 27.603701
NODATA_VALUE NaN
[rows 23 to 45 of 192, columns 0 to 52 of 155]
0 44.5393211202 44.8965695045 44.8598315248 45.075432142 44.7163381037 44.6151703231 44.9429030564 45.0301038987 44.9041757881 44.5737325535 44.5670198599 45.1338287987 61.5907471571 62.2236666293 54.2956662033 54.2956662033 60.4735858991 44.6799266414 44.6449384092 44.6688305366 44.6691201538 44.754382274 44.6830917416 44.8459459865 44.8786809342 81.7535031579 57.7885143521 57.7885143521 44.5139149042 44.7317949874 44.7343741162 44.722001488 44.6078701589 44.6286383335 44.6365057838 45.1193440223 45.0987773579 44.5100275609 44.9661704046 45.1364207229 44.5856065012 45.0379288896 44.5951043221 45.1761499272 44.632935982 45.1060623157 44.5871431569 45.2064762179 45.0908706502 44.747561068 45.090622834 44.5481651531
44.6445827996 44.7803718211 45.2010172574 45.1498094718 44.6957355035 45.18762696 44.8726859917 44.7909850946 45.1986474009 44.9832446515 45.1774895973 44.5282185957 44.8388744708 44.5653764915 44.9840339992 54.2956662033 60.4735858991 60.4735858991 44.6702893327 45.0369410648 44.7929733864 44.5674987741 44.8095912111 44.844881461 44.8323125555 44.7352487696 57.7885143521 57.7885143521 62.9502163035 44.645725812 44.6912976962 44.8778504773 44.8572136102 44.6882947369 44.8127314288 45.178737904 44.7876751361 45.0155229853 44.8250541139 45.0933555246 44.6397648601 44.619214414 44.9784769164 44.8523869936 45.097039209 44.8797844936 45.0067104825 45.1582053118 44.8648763836 44.8001389454 44.8869771134 44.8745499411 45.1752438236
44.9124100178 44.9250811014 44.8282201165 44.7769977814 45.0840467427 44.7212731372 44.7760737357 44.6489162179 44.7694112498 44.5744883041 44.8916899736 44.8699054763 45.0207066043 44.9058349216 44.9988497897 44.6545407788 60.4735858991 60.4735858991 78.7329009828 78.7329009828 45.1409129673 45.0746617177 44.511613346 45.1310225227 44.5100385444 45.0396838993 45.0619350934 68.071859898 68.071859898 68.071859898 45.0475263245 45.179599663 44.8248795833 45.0889286166 44.8808808309 44.8773087364 45.0368907337 44.6691924859 44.6066843281 44.5873357123 44.6380871429 44.726224411 45.0245644001 45.0328167342 44.8104685929 44.6867414625 44.6174293301 44.654282767 45.0945042966 45.1339205022 45.0734463445 45.0270967171 44.6432800179
44.8364941103 45.0560838579 44.5652361601 45.1140762517 44.5566034033 44.5592627058 44.9205325367 44.5159788068 44.9984322114 44.9421644774 44.6772824185 45.173810985 44.9017116484 44.6914413302 44.6498781186 45.1432888208 44.6060847673 78.7329009828 78.7329009828 78.7329009828 44.5737319578 44.7724889305 44.7786421323 44.6480531011 45.0078717593 44.6043438739 44.7314799989 68.071859898 64.0782511355 66.9229549531 66.9229549531 44.9319860596 44.6063216393 45.0039607073 45.1969077118 44.5600354658 45.0638281041 44.6290777103 44.7444000918 45.1402852331 44.6417851315 45.110360681 44.5286573323 45.187162506 45.0058684366 45.0450061376 45.129443767 44.8623631842 44.991941549 44.8063509873 44.9063355008 45.0107516338 45.134534476
45.0894037916 44.6177571941 44.664939764 44.8713959175 44.7698579228 45.0264372845 44.6869812026 44.7583704648 45.1902684235 44.7575363655 44.9809454142 44.6746743728 44.5463087604 44.5410366345 44.8533083641 44.8754474778 44.7247074484 50.9368321889 50.9368321889 78.7329009828 44.8890819992 44.7272517056 44.5894750251 44.6728149287 44.9049811818 45.1051003838 45.1030667972 45.0715925106 66.9229549531 66.9229549531 66.9229549531 44.8040210626 79.2690894429 45.1422135782 45.1520090021 44.9848738029 44.5016800098 45.0264365339 44.5145993128 44.9373020445 44.6486910179 44.5401408526 44.5799093454 44.5702311729 44.7487321848 45.1254964953 44.7546396831 44.8114685877 44.9368209686 44.7189063068 44.8506362837 44.6439423573 45.1604062165
45.123254495 45.1260016312 44.7387375709 44.7246835913 45.0635177297 44.6155227091 44.5999865129 44.5156913047 45.1317347669 44.8438974789 44.9503952549 44.6322567703 44.8132378316 44.8774289822 44.5516226844 44.902723136 45.0397874105 45.0982307698 44.5800526302 62.0948260741 45.147375432 44.7290540513 45.1055042797 44.9372400512 44.7488664706 45.0194298358 44.5345479993 44.927933181 66.9229549531 66.9229549531 76.7161206801 76.7161206801 45.0586262295 44.5093145122 44.9608277397 44.6551351386 44.9503262104 45.0068595689 44.9707430264 44.5936047181 44.9467178326 44.5844400509 44.5834891821 45.1141108113 44.7035027005 45.0552723637 44.7236991671 44.6337930479 44.7747998985 44.6399511626 44.7638518042 44.5984086607 44.5164469591
44.9639066904 45.002495901 44.6805279604 44.8851050407 44.8044431789 45.049618628 44.757390185 44.8416965327 44.816864174 45.138737751 44.5900633267 45.0003156844 44.9185158594 44.6220180344 44.9762207207 44.6289594899 44.8266501422 44.9711027563 62.0948260741 62.0948260741 62.0948260741 44.5830865388 45.0885398221 44.9528079339 45.0654071728 44.7579020562 44.6408367126 44.5326028257 45.1837639409 44.5257899982 76.7161206801 67.7816371771 76.7161206801 45.0901082875 44.9706672384 45.1415520332 44.5772028185 44.7950942766 44.7924447517 44.8369753621 44.9898295081 44.7005078541 45.1070076355 45.0357995951 44.7944067515 44.5126894289 44.5201189761 45.1945234238 45.0322307546 44.796646667 44.9508599495 45.1643796069 45.0279853394
44.7529238383 44.9903258265 45.0694310925 44.6599985962 45.0134771975 44.9173099935 45.0707014101 44.9623962895 44.5425850452 44.830013835 44.6810685227 44.6387749924 45.1948129538 45.1901406651 44.701731336 45.1159631764 44.5408729343 44.5802380795 63.54634493 58.2481307563 58.2481307563 55.0329246373 44.7070812361 45.1783358094 44.9977125613 44.7228749955 44.8214789204 44.7762588695 45.0309072976 45.143782991 74.4103531558 74.4103531558 67.7816371771 44.6142002348 44.8343985719 44.568629306 44.9095300882 45.0171070477 44.8199262391 44.5665097195 44.6104042686 44.5559614995 44.934611482 44.9216573198 44.9082421053 44.5696308646 44.6134506677 44.8539441606 44.8386495654 45.1423058352 44.6951262192 44.7393963414 44.5103904421
44.5317680654 45.182643957 44.7210791754 45.050905013 45.115809418 44.8226843368 44.5188127727 44.5172183909 44.8874415201 45.1775364342 44.9955386953 45.1501129619 44.7213029764 44.5832216519 44.7545302934 44.6263169438 45.020556317 44.8078719285 45.016437218 58.2481307563 67.3775649311 44.7344869362 44.6210025005 44.5667380831 45.1198550477 45.0456787275 44.8497897548 44.8175951451 45.1267521802 74.4103531558 74.4103531558 74.4103531558 44.7032680103 44.8712738513 45.0293733885 44.9730587043 44.6955789194 44.5317027772 44.9503917173 45.0646013414 45.1174594781 44.5598630193 44.7307306607 44.9335923375 44.9850763321 45.0875503743 44.7024360449 45.0221359015 44.8649812265 44.6192500493 44.5234684874 44.9916131655 44.8844818496
44.721787447 44.8590365429 44.971465457 44.7790494963 44.651013687 44.8451917885 44.6872199087 44.5932590543 44.8939484406 44.5234486123 44.5277931852 44.9044210073 44.8266862666 44.6620360152 44.6194106802 44.8383422645 44.6438535918 45.1407400991 44.500624907 67.3775649311 56.400635526 56.400635526 44.9882086831 44.5505097872 44.8027878265 44.5802383275 44.9454751732 44.922364457 44.9568844945 89.9121334687 69.2251853663 74.4103531558 70.5715100199 44.6596093921 45.0063465038 45.0385497002 45.1718811203 45.0301155514 44.5546880287 44.6857913034 44.7563420122 44.8339590527 44.9092458224 44.5143407837 44.6961767199 45.1941451604 44.7919330014 44.8958723641 45.0996114917 44.819367653 44.8982435984 44.5786398477 45.094147733
45.1490712191 44.6177224544 44.6649894204 44.7845636654 44.9015342773 44.926404412 44.5880375184 44.5022554916 44.5887798015 44.6002759989 44.911116132 44.5230632883 44.6706436495 45.0962794336 44.5125223613 44.5390383745 44.8031054691 44.8036423722 44.6138826437 56.400635526 56.400635526 56.400635526 44.5730337985 44.6158982882 44.847107167 44.7586192911 44.9573527041 62.9064820439 62.9064820439 69.2251853663 69.2251853663 48.0665630267 44.5886053217 45.1540921655 45.036045733 45.1943219774 44.7545395724 44.5538994451 44.9456265909 44.9920408705 44.5072265138 44.7167518089 45.0797405576 44.7109899658 44.9696428654 44.7607607286 44.7941510493 45.0552703809 45.0645827014 44.9422297283 45.0205876462 45.0494418274 44.5829337297
44.7042417649 44.8605223416 44.548406769 44.7834887022 45.0814086817 45.0235964155 44.8960804505 44.9918422375 45.1519595344 44.9815923418 44.6020329923 45.0871200607 45.0202583481 45.0898777611 44.7405910361 45.1955137899 44.7504228998 44.5902981682 44.9841364294 71.4772118842 56.400635526 61.5132044028 61.5132044028 45.0488858919 44.5001832635 44.8837280184 44.9552406933 62.9064820439 62.9064820439 55.7448756695 69.2251853663 67.790875682 44.5214845069 44.6695876109 45.1689227202 44.5824849294 44.5846696523 45.0934895951 44.5467123975 44.9219478455 44.5198274801 45.1385849834 44.6642187794 44.5346351657 44.8265096947 44.6307994251 44.5277590549 44.8242890417 45.0518453614 44.8045297918 44.6802094751 45.2062710699 44.6604034767
45.0081811176 45.1681577757 44.9971435832 44.7741682634 44.9405864301 44.5110076956 44.6825146881 44.967256739 45.053045104 45.1495361578 45.0951348229 44.8953001627 45.1354855504 44.5022394949 44.9817356371 44.5599614019 45.0276751272 44.5854096984 44.6707096521 45.0231988326 61.5132044028 61.5132044028 45.0565557389 44.5556928881 44.8294395167 44.7233395766 44.7238779797 74.1293360871 62.9064820439 55.7448756695 60.4019664454 69.7373405627 45.1926489788 45.0011878525 45.0971839811 44.7466792439 44.703233039 44.5398777567 44.6422165304 44.5899559187 44.8669402622 45.0612690896 44.7341216785 45.1970260709 45.0592255242 44.8273728577 44.6162661665 44.9416418871 44.6099983776 45.0348793426 44.6808485264 44.8851891837 44.9854569879
45.1499455493 44.6927979041 45.0604488725 44.8696859593 44.6862808358 44.6727925354 44.5345177533 45.139963647 45.1910547484 44.9123747876 44.5422230188 45.024886212 44.8729440117 44.6521221659 45.0263308193 44.8392109239 45.0479355357 44.5027402967 44.7854570772 44.950124228 62.7526080829 62.7526080829 62.7526080829 44.8165456662 45.1537382131 44.8129700722 44.7653941121 44.6518712717 74.1293360871 60.4019664454 60.4019664454 60.4019664454 44.6269900178 44.7465787156 45.1532489779 44.9165220418 44.8197415134 45.1542258509 44.7345534821 45.0281843101 44.6625180515 44.7557419807 45.0669452809 45.1318741096 44.9166812764 45.0342339919 44.9562156647 44.838110015 44.7519653741 45.1270724368 44.8623617457 44.9089668827 45.0556450106
44.551407397 44.8498299391 44.7252461528 45.0418682595 44.9419830996 44.8418173637 44.7879753314 44.7546916933 44.9578543688 44.5607081635 44.651542275 45.0611434558 44.8161436332 45.131249961 44.5031483123 44.9641255942 44.819206538 44.6038559463 44.5019739732 44.746204552 69.1420139726 62.7526080829 69.1420139726 44.7496735763 51.6887735342 77.2055457253 69.8133538399 69.8133538399 53.2506949699 64.7196363882 72.687041211 72.687041211 44.9550392258 45.0753219624 44.942917448 45.0632886718 44.65468573 44.8091708815 44.833649928 44.5269147628 44.699579376 44.9248725595 45.1703717828 44.9565704965 44.9493831017 45.1371729992 45.0859853762 45.0594997377 45.1978190299 44.6810501789 45.1695253499 45.0124158691 44.5413076425
44.8752177113 44.849640196 44.5396533659 45.2035872895 44.8947631922 44.8686178303 45.1364049757 44.8487475162 45.1989680662 44.5854143274 44.8603341909 44.5831218439 44.5234966 45.0529844334 44.511381974 44.7015630408 44.9193163607 44.6953631639 45.0244729258 45.0993004268 69.1420139726 67.6574074628 69.1420139726 77.5760596037 51.6887735342 51.6887735342 51.6887735342 69.8133538399 44.5722858319 72.687041211 72.687041211 72.687041211 45.1387136625 45.0345172957 45.0664082198 44.9998238424 44.8876984822 45.1648572153 45.1951096447 44.5604174107 44.9750555226 45.0962592175 44.5083464192 44.9663911774 44.5674750432 44.6120216306 44.9585142482 44.609700301 45.0916589902 44.678273195 44.63380766 44.5620800778 45.2034733468
44.8615188584 44.8158192738 45.1536101731 44.6981267036 44.7250988799 45.1906436913 45.0206259919 44.5849465485 44.621771644 44.8683943732 45.1343426671 44.9409414199 45.1103577268 44.5848053449 44.7230621211 45.1494396577 44.6460246585 45.0222010696 44.8641361319 45.0160527694 60.6048519975 67.6574074628 67.6574074628 57.0842564533 51.6887735342 51.6887735342 69.8133538399 69.8133538399 53.2506949699 81.3760630519 81.3760630519 44.5024172334 44.8594920606 44.7117565803 44.8834645372 44.7749123316 45.0933430944 44.8366619499 44.618984165 45.1334310701 44.9395333677 44.7126529739 44.5447990815 44.7165728643 45.1103458346 45.0449620585 45.184148587 45.0995031095 44.7109873978 44.8350316815 44.9436944806 45.1947195543 44.5571039808
44.7974999574 44.9717976173 44.5467104428 45.0247421281 45.1830088606 44.8736698683 44.7527741946 45.1040456664 45.1514882782 44.7040338511 45.1533329555 44.7070415567 45.0799745506 44.5613985385 73.7511714892 45.1228530935 45.1944621729 44.7529687754 44.8335108544 44.8488968262 67.6574074628 67.6574074628 67.6574074628 44.6542333752 45.0030640502 44.865317132 44.6099963984 45.003482218 44.998653882 65.4515193786 65.4515193786 81.3760630519 44.5043572512 44.5010889423 44.8734069624 44.993873342 44.8710681303 45.1670966657 44.943817787 44.5410532357 45.0837262657 44.6855023453 45.0695685051 45.0437516793 45.1437702334 44.5942415133 45.118922228 44.8779587096 45.0792022347 44.9170110913 45.0238118688 45.0510281384 44.6289073381
44.6998697015 44.9334923921 45.0564317802 44.9694900983 45.0545699561 44.7525794666 44.7486881622 44.5118950425 44.8343757306 45.0181041533 44.5773819096 44.7855882472 44.7092509172 76.5232249401 73.7511714892 73.7511714892 81.8107675714 44.8206043526 44.9127573878 44.6012215454 57.2137911673 57.2137911673 57.2137911673 57.2137911673 44.7879892345 44.5224415285 44.9224918561 44.7976312748 44.6862661175 65.4515193786 65.4515193786 65.4515193786 44.869863216 44.868725704 44.8278286599 44.8000443354 44.9374403872 44.7196883291 45.0120025516 44.9113690747 44.5205719003 44.9707101763 44.8214697211 44.5494833005 45.0296022591 44.9014631047 44.873519559 44.7747213724 44.746191743 44.8554096323 44.5333071383 44.7131294308 44.8473112127
44.9943379827 44.9074870459 44.9947037514 44.5668591458 44.9319161798 45.1051704133 45.0505590879 44.8148699622 44.7735664602 45.1846859528 44.9447275277 45.0970049184 76.5232249401 76.5232249401 73.7511714892 73.7511714892 81.8107675714 45.0660177909 44.9323821823 44.9582456525 90.7671886271 69.9134087835 45.0075126743 71.6982226223 62.1790494869 44.7645982997 44.745692636 44.9578015525 44.9045072058 55.9810496559 55.9810496559 66.4186941085 44.9181914937 44.8749064544 44.7092343941 44.7664051942 44.9499409788 44.598129247 44.5906533212 44.9078857323 84.4267682047 72.8995427189 45.0031658156 44.5019122842 45.1196364683 44.5422785091 44.7985997515 44.9375760909 44.7149631879 44.6293099682 44.9928299089 45.1845943202 44.6209202413
45.0148440966 44.5009421128 44.5228469132 44.8519880793 44.7536525992 45.1290809129 44.5218339722 44.5238451275 44.7041005896 44.7869740951 44.7951576978 64.2236638776 45.0564612036 76.5232249401 44.791380241 71.84638715 81.8107675714 44.7246095298 64.35448455 64.6901592663 69.9134087835 69.9134087835 58.1015539118 44.6326334341 71.6982226223 45.1008032981 44.5927873693 44.7876346406 55.9810496559 55.9810496559 55.9810496559 44.6136053819 44.7228025941 44.5264262682 71.3265783098 71.2694538235 45.1269288814 68.9369471789 68.9369471789 44.8678935066 84.4267682047 84.4267682047 44.7001820102 64.5628912823 64.5628912823 64.5129717013 44.8398119815 44.8897527763 44.731648251 45.168928543 44.6600753829 44.502085324 45.1739750849
44.7500391349 44.9052975869 44.6971392682 44.8497833446 44.5396366388 45.0193187062 44.6300610404 44.6604309017 44.6670210723 45.0637179107 45.065889604 44.5393460345 44.8488087028 44.7047106688 44.8990111604 44.508175407 44.5745379244 64.35448455 44.6345993065 44.550998404 75.4268017778 69.9134087835 44.682451298 44.9131797851 45.1990044116 44.7009922409 45.1150444945 45.0755777285 45.0028679544 66.0721163016 66.0721163016 45.0854155911 44.8928350744 45.1197852417 71.3265783098 71.3265783098 71.3265783098 68.9369471789 68.9369471789 44.7736912322 84.4267682047 84.4267682047 45.0221950889 64.5628912823 64.5628912823 64.5129717013 77.854911121 44.7311093022 77.854911121 45.1683591586 68.1251707566 94.5768957647 94.5768957647
44.8352264984 45.1848931533 45.1414281367 44.5585144336 44.7617805724 45.1396957027 44.8672725993 44.5284422512 44.71489215 44.5941787913 44.5383305156 44.7264988276 44.9568617527 44.9086034072 44.672396776 45.1621130225 45.0291146652 44.5435005091 44.9956889723 44.878679173 44.6918974893 75.4268017778 45.0474972188 64.2366208756 44.9137829357 45.1141571857 44.5731179368 44.7957693846 44.5144098317 45.0468083848 45.0774254267 44.6872698534 44.7119303342 44.6102361806 71.3265783098 71.3265783098 71.2694538235 44.6723496486 68.9369471789 45.1473304656 44.7531882383 45.0349840798 45.1924854804 72.7768071467 44.9387186726 45.0221873087 77.9196983388 77.854911121 44.8115543253 68.1251707566 94.5768957647 94.5768957647 94.5768957647
