Spatial_Output/BAU/BAU_0192.asc
NCOLS 155
NROWS 192
XLLCORNER 196307.867259
YLLCORNER 449144.565805
CELLSIZE 33.573938
NODATA_VALUE NaN
[rows 75 to 99 of 192, columns 57 to 113 of 155]
46.2151865628 47.3855096091 46.5598868114 47.2794946673 46.7271788438 46.909586404 46.3256439006 70.6480384589 46.4988392368 46.4350353364 46.2715113191 46.1504940774 47.0415304433 47.3971966505 46.4647010413 46.6711469269 66.3489935945 66.3489935945 46.0850960776 47.4110114894 47.3207620617 46.1324827082 46.1604718091 46.1889470207 46.8524620322 46.0370267932 47.2754361022 75.700281654 46.9077060018 47.0190340204 46.0484549863 46.971225159 46.33647427 46.4012993586 46.8212791567 46.8079806887 54.7082612098 54.7082612098 46.3501829491 71.8854967773 71.8854967773 47.2319401061 47.1679745543 47.4054070089 46.5111019292 65.2417469147 71.7026342837 47.2218435284 46.8609499661 46.6503100701 47.3903410919 46.2710392181 46.9024152526 46.6935289533 46.1327714928 47.2984341207 47.2322267876
46.2222136164 46.2086806553 46.131269162 47.2962539727 46.3654246911 47.0467402073 70.8107293398 70.8107293398 70.8107293398 47.0504092754 46.783389247 47.4121809754 47.0118518963 46.9097187082 46.6578235043 46.5729198296 47.0814178465 66.3489935945 47.088089789 47.1785054934 47.0721577065 46.0445582109 46.6421757071 46.7961778579 47.4031881354 47.0765892917 46.3057066019 47.307398954 46.2982516784 46.9258870629 46.3239257875 47.4095606258 46.3726448258 46.8968008377 46.6137920868 47.3054991871 46.9833532369 46.2713749092 47.362783488 71.8854967773 71.8854967773 62.4328119895 62.4328119895 81.3280690992 60.4597981962 60.4597981962 46.7571303521 47.3735969541 47.3859613916 47.2223440377 46.1479520223 46.6196391007 46.5202420785 47.3492960509 46.6250350595 46.2307295838 46.206003731
47.0679300374 47.0444355732 46.987881955 46.4749532349 46.6330261464 47.1448618984 70.8107293398 70.8107293398 74.4193760876 47.2597971274 46.5797654143 73.6507917695 77.2880771138 74.1656717862 46.7108323247 46.206048736 46.142116479 47.2040444514 92.3147292975 46.0545169018 46.549222779 47.1693788345 46.1209350657 46.3347649928 46.5866176053 46.4075709473 46.4222602157 63.8339214788 46.9519969412 46.1137403413 47.1762690071 47.0029829403 46.36637221 46.4980737531 46.7777618202 46.9469275614 46.2006136199 46.8569352409 46.864807207 46.8641690314 46.9612734125 62.4328119895 62.4328119895 81.3280690992 46.4835272527 60.4597981962 72.5767362706 46.9733975245 47.0250808013 47.3847416932 46.9306295034 47.287185425 47.0749120997 46.579414008 46.3435967424 46.4870131247 47.3125589301
72.0049748272 46.2055458686 46.6622894076 47.158872576 46.4562233117 46.573199707 74.4193760876 74.4193760876 74.4193760876 46.8907251048 47.0731677166 71.5581976143 77.4448459883 77.9314989523 46.4306628446 46.7054682527 46.3860369152 46.0667882879 47.1948453497 47.2269166337 46.2798104927 47.095699438 46.5746896907 46.948841731 46.5873932297 46.781917141 46.3595805563 63.8339214788 63.8339214788 47.1574518293 47.0783699249 47.2514814524 46.0809313707 47.1852925051 46.8749548838 46.4837607246 46.3826507397 46.9185252612 47.3734211293 46.3861787123 46.0409355124 62.4328119895 81.3280690992 81.3280690992 46.6625902612 59.1076939892 59.1076939892 59.1076939892 46.1012234799 47.0618166615 46.4863375563 46.6757625155 64.9184131619 46.5682638698 46.8503685529 46.1707638749 46.2029835234
47.1863946271 46.2055117879 47.2890180644 46.1903841154 46.8770172067 46.1426528338 46.8243325821 47.3437143527 47.0957312218 47.2217014612 46.7107828303 64.0973763871 64.0945895075 68.2914191206 46.2503949692 47.1524137122 47.0733719959 47.3188104311 46.7600641426 47.1829214978 47.1968012151 46.0909321268 46.720059576 46.1371830796 47.0282569264 46.6122132379 46.9651757566 61.0364176627 61.0364176627 61.0364176627 46.3590010799 46.6946275905 47.1397420592 46.2366877589 46.0479765527 47.2710032135 46.9905878436 46.2886681601 46.2160073635 46.8064006719 46.8251472833 46.4325061403 46.7866267031 47.3126087515 70.4315784853 59.1076939892 59.1076939892 70.4315784853 47.012151671 65.3539750719 65.3539750719 64.9184131619 64.9184131619 46.3904268894 46.3889109256 46.4356978361 46.0283369984
46.5475852606 46.4256482031 46.8523602118 47.0402628866 46.1971885289 46.8832436498 47.268544762 46.686552646 47.0661364107 47.286929215 47.0391789205 47.0557192642 46.4502278914 46.148665259 46.2642543362 46.3551052639 46.1069385022 46.4690716152 46.3376989961 46.3898909902 47.0115396686 46.5645063357 46.727152102 46.8379828868 47.3407062039 47.2056198508 47.1805503548 61.0364176627 61.0364176627 46.9409374083 46.3588720525 46.7208861128 46.5991793052 46.4703298851 46.1493960346 47.3786503551 46.7191394534 47.3742393547 46.2939978019 46.898576256 46.6339374538 47.2025562362 46.8523471505 46.0971683264 47.186749964 70.4315784853 70.4315784853 47.121576306 46.9440464069 65.3539750719 46.8614003946 46.9520748889 64.9184131619 47.363931561 47.3472052949 46.2221268029 46.4893002154
46.3757728971 47.4039459889 46.2166246249 46.3254979335 47.1881630865 46.6172412194 46.9403011306 47.1837010871 62.2894442073 46.8907482329 46.5296936349 46.4692395626 47.2478113631 47.3632756898 46.5661944465 46.7371887599 46.9125529008 46.4192265764 46.3632087994 46.2702226662 46.0053169637 46.6251240171 47.208196573 46.8660570707 47.3817782059 46.0484813299 46.2982461054 46.8307477168 47.3880415409 46.4502276355 46.9210222614 46.8366545221 46.8705847826 47.237668687 46.9055109525 46.2227778482 46.5328552886 46.8206058887 46.9296449122 46.6433684623 46.6416219901 46.6997412617 46.9980985777 47.1224136872 46.2868136982 46.6463835611 70.9132723974 46.369842211 46.2200008634 47.3606854387 46.169918335 46.1150238933 46.343642977 46.698532832 46.0921509078 46.4397842179 46.4314887157
46.3016878507 46.4326393178 46.6698207882 46.7529187029 47.1192873532 46.4330667005 47.3900805608 62.2894442073 62.2894442073 46.3660547588 47.3890641758 47.3291439815 46.9497313472 47.1801518506 46.7309393637 46.1455212034 46.9649803257 46.2437641247 47.3055952434 47.1682964876 46.9941871044 46.2110453264 46.7924177026 46.00631261 46.6418429394 46.9356537465 46.968767424 46.0261422574 46.2602180003 47.2616824712 46.602039615 46.3745592662 46.7186134424 47.0383254274 46.9512156662 46.4940564699 46.9165746008 46.7681056163 46.6694879992 46.4311629632 46.13635746 46.4586891207 46.811839249 46.6014679396 46.4691274792 70.9132723974 70.9132723974 70.9132723974 47.254003354 46.8930241526 46.6215195933 46.7685552171 47.1591522694 46.8167599177 46.7518173951 47.143896327 46.0271949264
47.0060585943 46.8318416683 46.5305986532 46.6452346766 46.3719062432 46.8417369023 46.4661233922 46.4906035903 75.0921159523 75.0921159523 47.3412459724 46.6249636899 46.9448330907 46.4312998635 47.0724585567 47.0567171748 46.4251210754 46.2639216655 47.370313355 47.0005845175 46.285222111 46.9575042314 46.8023462624 46.6362526215 46.9309115383 46.0177324825 46.4751257338 46.0434600287 46.9465573491 46.475502223 46.7900160469 47.0090271892 46.6643692122 46.7343828791 47.1881917077 46.3805614551 46.7858904934 46.8325231408 46.929651128 46.6115776041 47.3043556635 46.1920312181 47.0842617769 46.7281214011 46.9452863718 46.5044134261 70.9132723974 46.3924086754 46.6531189435 46.5526903978 46.8541471627 46.1926812312 46.2244487701 47.3249479501 47.2641630205 47.0158973812 46.2147392994
46.5150750166 46.6143055888 47.1881509617 47.2633663857 47.1260341294 46.7239610986 46.9335839302 75.0921159523 46.6494249298 47.0029450138 47.0100101278 47.228793022 46.6021834699 46.5447893279 46.8475027704 47.041422214 46.7251751482 47.0574873843 46.9881622154 47.1926565807 47.0001416325 47.0750525698 46.8445394593 47.312743792 46.4977712259 46.7938523795 46.4905536465 47.2085362668 46.8937411377 47.24911576 46.7141643804 47.1733513832 46.7342859736 47.3955199298 47.3193116349 47.2399980852 47.2480739138 46.667345979 47.3857018808 46.6410798722 46.9890283109 46.0262328245 46.4101937283 47.2363588067 46.1916324563 46.8077445485 46.4355147918 46.3541774578 46.231498094 46.2678988068 46.3483287127 47.4079614445 46.3994984293 46.4826133148 46.6154175791 46.1972826713 46.5007054233
47.1882084757 47.0793240992 47.2848903743 46.6653611145 47.3972432276 46.2628122126 47.3084124846 47.0139792877 46.1954883847 47.0360909613 47.2806839073 47.1464047222 47.0500037313 47.3351013806 47.2083420278 47.3650661641 47.4103051848 47.0105791542 47.401568607 46.7116535587 47.3959004108 47.3365290325 46.9985684722 47.320862405 46.5021377679 47.2383963019 46.1858879392 46.5819299799 46.5858822332 46.1994414376 47.0093792948 46.3237522601 46.9934044467 47.0061938656 46.5382401 47.0707427417 46.8089290109 46.7255485498 46.6186802039 46.1259164507 47.0414931744 47.3200227043 46.2668783487 46.6273966245 46.5121129648 46.8529224366 46.6890399826 46.1932103944 46.8631472412 46.313155427 47.347344683 47.2798848404 46.6973599212 47.3553530446 46.1301378388 47.2562478821 47.0496972494
46.4674298699 46.2741830386 47.3886177268 46.4498739669 47.1909938985 47.4086388554 47.3497864208 47.2829869986 46.4537340095 46.1491655991 46.8783132828 46.8001028067 46.3028894526 46.1347959195 46.0926736872 47.0140485724 46.7787789462 46.7511231943 46.0084438406 46.1920070813 46.2216576852 46.4881997686 46.471771235 46.6441288489 46.9052070329 47.4046982127 46.6517332034 46.8896337235 46.7293286471 47.3934239514 46.8532577989 46.7364807673 46.0952597521 46.6963572635 47.1084773471 46.5742805522 46.1769920811 46.3571198018 46.6599845853 46.9810229511 46.3968850505 47.2352582314 46.1173996554 46.0405654992 46.5181677583 46.5755013281 46.1973196067 46.1960501321 46.7940576603 46.2840983059 47.2716691999 47.2961188804 46.8981754238 46.7790434192 75.8350061694 46.7969463141 47.1032532853
46.9345821253 46.1755789872 47.0619948703 46.6374562291 46.3635678765 47.3020954036 46.7007712268 47.0287283807 46.3794022338 46.5187057999 46.98474345 46.5446390936 46.3783222021 46.3173231787 46.4829194313 46.2245107838 46.7459237412 46.1613178832 46.861638842 46.3885842459 46.7356398176 46.9632298113 46.2139536925 46.7746376055 47.2346507521 46.2798971208 46.3937689914 46.2111686914 46.3639703114 46.3453412016 46.4104863258 46.3702512767 47.2090528974 47.4110957392 46.9004322053 46.1026385611 47.2892933372 46.6025443011 47.3506016818 46.1266461394 46.351774907 46.3381336794 46.6461322487 47.1648410157 46.936580326 46.8491214086 47.0620504586 46.7709630788 46.4747258401 47.057446821 46.5145950391 47.0659097275 47.008988419 46.9634855927 75.8350061694 75.8350061694 75.2382299825
46.1739515921 47.2482714152 47.134280136 46.6134088968 46.0073035572 46.2999649318 47.0647369489 46.7740529663 47.0747854327 46.8589139521 47.1694389072 46.3027692972 47.3492023565 46.5727485741 46.2608543261 46.287789883 46.9807779795 46.5416640631 46.3435802464 46.0213295132 46.9693805587 46.9172647722 46.9433587893 46.0419487393 47.0080494445 46.532487226 46.920041167 47.3317011442 46.3230556233 60.9492922437 60.9492922437 60.9492922437 46.3575236249 47.2632160598 46.9325451098 46.8784660928 46.7600406446 46.5945933836 46.5090975184 47.0663451267 47.2752109378 46.4878821596 46.8987853516 46.0044362556 46.0853096248 47.119555091 46.4525091162 46.6114440618 46.1042748183 46.2408893714 46.2725497045 46.5393473184 46.6506939849 65.6369891539 75.8350061694 75.8350061694 75.2382299825
46.6701637554 47.0773727424 46.6081864129 47.0009678569 47.0730471697 46.3488678318 46.2667987218 47.2207268135 46.2400298267 47.0134525528 47.0745396601 46.6960590922 46.8271806227 46.2510489244 46.3915698444 46.3752938309 46.4229046033 46.8866545114 46.2905655934 46.0873900641 46.7286081023 78.5508680429 78.5508680429 64.5692142104 64.5692142104 46.1887043023 46.141395911 78.3523021144 47.1610740275 80.3179853814 58.5342031926 57.3677938385 47.0425827267 47.3842857843 46.6317117315 47.0603896316 47.289496589 46.6195842713 47.0133377431 46.0001668191 46.667560345 46.6759890718 46.694486134 46.9532917215 46.0009430969 67.7230817213 67.7230817213 67.7230817213 46.4345092387 46.6680266854 46.2860202356 46.3412460671 46.4311778924 46.6013714979 75.8350061694 75.2382299825 46.4852540387
46.8211191951 46.1120187797 46.1566670552 46.5854721703 46.2373946115 46.4754199133 46.8616081542 46.9544703097 46.0238105272 46.1568221171 46.557080522 46.9920539498 46.3545507594 46.319395367 46.9734136625 46.905285883 46.6037146933 47.2407054952 47.2143583628 57.0541068764 57.0541068764 78.5508680429 78.5508680429 78.5508680429 64.5692142104 47.1129489012 46.8271579155 78.3523021144 78.3523021144 58.5342031926 57.3677938385 57.3677938385 75.6158933127 46.2347768303 47.0568032308 47.2546560445 46.2318272967 46.9769259028 46.5973880514 46.5795763919 46.8667124692 46.7753747986 47.0394525249 46.0056394387 46.1347943583 46.1391825456 67.7230817213 67.7230817213 47.2470177779 46.9009703769 46.8044228062 47.2309115835 46.0985077252 46.7741459558 46.9368304684 46.5963476514 46.358917691
47.3216297922 46.9217950683 46.2510319072 46.2116384885 46.4200315703 47.1989848446 46.4369258072 46.271549386 46.6883099669 47.3634166411 46.9841064313 46.5042429964 46.6747557399 46.979560629 47.3440409487 47.3709815179 46.1339630434 46.1011326772 47.2393710375 57.1304617923 57.0541068764 57.0541068764 78.5508680429 64.5692142104 58.1704255507 47.1221790363 46.2587572249 78.3523021144 46.8678719947 47.2603905478 75.6158933127 57.3677938385 85.013258216 46.7262312491 46.7755310697 46.5754809101 46.5418948729 46.362581501 46.9162784393 46.1773774193 47.2188695466 46.9798130729 46.3776985351 46.2003064008 46.2460414818 47.2444581694 66.8015778016 66.8015778016 46.1177630687 46.3583924929 47.0334740654 47.4092746988 46.0174489172 46.2689836742 47.3814789131 46.5894161273 46.0519626286
47.0115196839 46.3504283734 46.2667312671 46.335366877 46.7251188374 46.3018219427 46.5426536015 46.135130728 46.7094191903 46.3865184488 47.3700582535 46.3894935053 47.211608897 46.1436473047 47.0897528024 46.5535181624 47.2632270287 46.6855933498 47.260254459 77.2480835099 77.2480835099 77.2480835099 47.1998288949 46.1206004457 46.9627026123 46.6463850768 47.1201697291 46.3682142941 46.4770657866 46.8541907151 85.013258216 85.013258216 46.3598050703 47.2943166739 46.2300690416 46.5120490856 46.1903660196 46.0608652969 46.580544847 46.5431968342 46.5563029704 46.5458620977 46.2397149098 47.3774557531 46.412260889 66.1963937119 66.8015778016 66.8015778016 46.5458766316 47.0927213249 46.8937331863 46.5891657549 47.3852881639 47.1512503491 47.2888697008 46.1087892208 46.3642279188
47.4042653445 46.5857700872 47.3711274577 46.0517628186 46.5083548293 46.1209853095 46.5893435162 47.0179754551 46.3074437631 46.4340974665 47.264069762 46.5630576819 47.1142692491 46.9436895988 47.1728527135 46.3084785066 46.5379947808 47.3026430828 46.9748800191 47.3707366748 77.2480835099 46.7226127864 47.1630017052 47.3288224825 46.5206499748 46.5463205 46.0354874589 47.3631133395 47.2123641939 46.9880570857 46.8234186958 85.0181983331 47.223607334 46.4912952869 46.1983810427 46.5227361991 46.1370521105 46.2268822575 46.0068866817 46.451168161 46.6008205921 47.0070742573 46.7287149625 46.213218698 47.3608663323 46.5380096008 46.9536220582 46.2825428752 46.5555487484 46.3756700287 46.1342381805 46.3238267198 47.4074224667 46.9354832159 46.2090674043 46.720423081 46.7284409367
46.527833996 46.9107964637 46.5464563722 46.1126792511 46.6831177657 46.9676711036 46.546494054 47.0060600722 46.4091329601 46.5037059616 46.5276014615 47.2355984686 47.0328827133 46.5347604263 47.3983101094 46.4121924807 46.9069638245 46.2140001066 46.0805600005 69.1436350844 47.3504040917 84.450903989 47.3386456568 46.511092917 46.3250174723 46.8763610367 46.2291186845 47.0840177519 47.0947674899 46.6532406378 46.7664105721 85.0181983331 46.4902643224 46.8756175279 47.3481881563 47.1401507879 47.0350633832 46.1847046547 46.3519222876 47.3674557124 46.1484145286 46.5878278018 46.4228965323 47.1831013442 46.1298416395 95.4235626631 46.3429105602 46.6175672888 46.0149637915 47.1988499022 46.532509484 84.4097319005 62.1149273831 88.139321723 75.9560401197 46.0357538089 47.0568757904
46.6634987627 46.0906295867 46.2329212507 47.3456367239 46.4218459114 47.2844167847 47.1339128743 46.0882187535 46.8905830314 46.6440284054 46.0458083896 47.1732867 47.1224908218 47.1481582096 46.6207820959 47.1502738116 46.4331764344 47.2695353957 46.3968548786 69.1436350844 69.7401238368 69.7401238368 47.239318013 46.5422596424 47.2578552959 46.7990879708 46.2693917194 46.581467442 46.19515972 46.3505041813 46.419250585 46.8148716343 46.5437702688 46.7419642487 46.2085229561 70.3006728656 46.1491190135 46.9534067167 47.3399013503 61.0113362835 58.2977716836 46.0709118357 46.9200182363 63.1442401608 63.1442401608 46.1417209547 60.2457370393 60.2457370393 86.1204337285 46.9441318812 84.4097319005 84.4097319005 88.139321723 88.139321723 75.9560401197 75.9560401197 47.0744272463
46.3401178383 47.1936810319 46.4579062491 47.2309866899 47.1580348262 46.6583192297 47.1935321922 47.095458099 46.055061673 47.0040003224 46.7448799128 46.0065070986 69.0761787766 47.1703734408 46.194183747 46.9152059555 47.3901079645 46.2604691315 46.8101632999 69.7401238368 69.7401238368 69.7401238368 47.1624703632 53.8939644122 46.566293081 59.0287137695 75.4173110045 58.7587885333 47.2742014477 46.0446915939 46.5192894674 46.6389341988 65.1723399227 65.1723399227 64.9837152384 70.3006728656 70.3006728656 60.8424231366 60.8424231366 58.2977716836 58.2977716836 58.2977716836 52.0579575916 47.3170035615 47.0315338542 47.2437017082 60.2457370393 66.1845369957 86.1204337285 86.1204337285 84.4097319005 84.4097319005 88.139321723 88.139321723 75.9560401197 75.9560401197 46.9621557271
46.4607833112 46.5173848126 46.020940577 46.9791151472 46.6099421011 47.2307967424 46.5462048043 46.0452368505 46.6506792159 46.8206716206 46.3780050038 46.5347050199 69.0761787766 69.0761787766 81.3311656574 81.3311656574 81.6753513364 47.047871856 46.2049742257 47.0318550361 46.9468674837 71.6245619261 46.9383126345 53.8939644122 53.8939644122 59.0287137695 75.4173110045 75.4173110045 75.3804886568 46.832738499 46.003162605 47.3794432998 65.1723399227 65.1723399227 65.1723399227 70.3006728656 70.3006728656 47.2753500928 60.8424231366 61.0113362835 58.2977716836 46.3166193422 52.0579575916 46.3938814735 46.9619152874 66.1845369957 66.1845369957 66.1845369957 86.1204337285 46.9468257287 46.667066536 84.4097319005 62.1149273831 46.6483516824 46.657579027 47.3175318735 47.0009398606
46.6590027131 46.7045385158 46.1485723664 46.4294749786 47.3255215182 46.6113032684 46.5588905716 46.1967052705 46.5477384647 46.6570593184 46.5385963744 46.6030280841 69.0761787766 69.0761787766 81.3311656574 81.3311656574 81.6753513364 81.6753513364 46.8298812926 69.1760481705 71.6245619261 47.0105791495 71.6713677626 53.8939644122 47.252250163 59.0287137695 75.4173110045 75.4173110045 75.3804886568 46.0384823434 46.5249865541 47.1013802129 46.1615507713 65.1723399227 46.3419224526 70.3006728656 46.6390310825 46.4253547663 46.2316613341 46.6769473526 46.6199781098 63.5765900542 47.2333445142 46.8904541084 47.009298061 47.3240284561 72.0948931346 66.1845369957 46.8615913547 46.2868762374 46.6754327692 46.8173706048 47.2729265762 46.8951079361 46.3430854836 46.4819332698 46.0313001956
46.2495226323 47.3128673354 46.657574459 46.3102492154 46.8602622507 46.194577254 46.063552179 47.2144849137 46.2448914308 46.5227028798 46.8984186852 46.017999503 69.0761787766 69.2924694057 46.4568784583 46.8591105043 81.6753513364 46.7182147933 46.9360425437 47.2987521956 46.2895430326 46.9586944711 71.6713677626 53.8939644122 46.5866824956 46.1512702576 46.1401984548 47.0523742961 46.1165336138 46.3021615616 46.6030001957 46.8934104697 56.6790497592 61.8377190952 47.2727231887 46.4101003149 46.2558001677 46.6830579255 47.1171710374 46.2983686296 46.5076592531 46.4805897764 46.67386814 46.8411208704 47.144931679 47.2783676521 72.0948931346 72.0948931346 72.4269585715 46.4351115186 47.0379722257 46.8585002065 46.4817312113 46.9949829608 46.2046723243 47.2585156328 46.707851457
