Spatial_Output/BAU/BAU_0580.asc
NCOLS 155
NROWS 192
XLLCORNER 196307.867259
YLLCORNER 449144.565805
CELLSIZE 33.573938
NODATA_VALUE NaN
[rows 75 to 99 of 192, columns 0 to 56 of 155]
69.2314019752 80.1236992038 80.1236992038 58.3068292644 58.3068292644 80.4101538359 58.1193782535 58.1193782535 82.7754590203 72.2813109616 80.1200983016 58.3681737716 27.2310219343 27.6963316122 28.4403672612 26.8785133597 27.4959241147 26.6189441066 28.4138624053 26.8936572879 27.6510772562 27.2049693551 28.0397568401 26.5950704148 27.7618630782 28.1206342351 26.5442998432 27.6997182999 48.5252540227 48.5252540227 48.5252540227 27.5192225146 27.4138152975 28.2782978511 27.208613512 46.2097581512 53.1291439642 53.1291439642 70.2952917594 28.0991042671 68.3684724585 68.3684724585 68.3684724585 68.3684724585 28.1357284156 27.6891985599 27.8004626712 27.1767611199 28.1918675497 27.8979615855 27.7415226173 27.6197695499 28.2577865801 27.4102824377 27.8048075668 26.8868463055 26.6345905535
0 80.1236992038 80.1236992038 58.3068292644 58.3068292644 58.1193782535 58.1193782535 58.1193782535 72.2813109616 80.1200983016 79.9143645716 79.9143645716 27.7125335842 28.5523185263 26.941309614 26.902451731 28.2371509928 27.589231048 28.353108394 27.5237621269 28.2998995997 27.8417851066 27.268490837 28.3757977521 26.5185864422 26.5185355166 26.575743684 27.3113924315 72.2481723136 27.7851995363 28.4061268558 27.3393866612 26.7633906837 27.6089109993 27.9916110114 26.6445152163 74.2534470162 55.9802780662 55.9802780662 27.4990966929 56.5921695512 56.5921695512 56.5921695512 56.5921695512 27.4773665934 27.9976864194 27.9915080232 27.7434687513 26.5492788271 27.4503001871 27.0083922202 27.6434364775 28.5044996785 26.958650872 27.2952801717 28.3488588575 28.4878456204
0 0 68.9333533432 0 58.3068292644 44.9185358791 58.1193782535 44.7119450624 60.3958482826 59.9807727217 55.9609285815 57.6601857897 28.1500708416 26.5591512632 28.2058484916 26.927100989 27.4370385314 27.9772619613 28.1821201799 27.2927608222 28.1562632167 28.2965396925 28.368506558 27.5463676869 27.3517881616 28.5612704514 27.8192106977 28.478283422 27.9351993236 28.2342893684 28.4872181525 59.8881950123 62.0791035043 56.7883526451 41.8378886986 61.1867624128 49.8406441475 55.9802780662 55.9802780662 27.7610065139 27.686292505 51.4327605293 51.4327605293 27.7524185909 27.5640160822 26.8696079915 26.5976765471 26.5618792486 26.5689444174 26.7404934585 28.5984704615 28.2736704347 26.772395057 28.423949242 27.5393245696 26.5274301857 27.9071518292
0 0 0 0 44.9185358791 44.9185358791 44.7119450624 44.7119450624 45.4804516169 55.9609285815 57.6601857897 57.6601857897 67.3349176484 27.737493926 26.6591846584 28.3020373193 27.3789015837 27.3353610633 26.5716519522 57.5499810255 27.609511211 57.0096730308 28.1410550925 27.0404954702 27.1536304165 26.5264156173 28.2841045357 27.3225813874 27.4185494095 28.5021632732 56.3118171764 59.8881950123 56.7883526451 56.7883526451 41.8378886986 49.8406441475 49.8406441475 50.5275669051 50.5275669051 37.0715929324 71.2320049554 56.1492410678 51.4327605293 51.4327605293 26.5587611274 28.228309252 27.4434786144 28.3054525314 26.6982609914 27.1894910112 26.5776453911 28.3332938318 26.9403580629 59.0354025 27.5526362504 28.2089206526 27.9753975815
0 0 0 0 44.9185358791 44.9185358791 44.7119450624 44.7119450624 45.4804516169 55.9609285815 57.6601857897 57.6601857897 67.3349176484 27.634598615 27.0825819759 26.6738989056 28.4528408551 27.1097784521 57.5499810255 57.1686852257 57.0096730308 57.0096730308 28.0781612313 27.6152193613 26.6637411521 28.3699076691 28.1467875958 27.1312049995 28.2472084321 27.588469018 27.895526901 59.8881950123 56.7883526451 56.7883526451 41.8378886986 49.8406441475 49.8406441475 37.0715929324 37.0715929324 71.2320049554 71.2320049554 42.2872093373 49.6535318212 27.1845276847 27.4889076021 64.1093147578 64.1093147578 26.8602350022 26.7178405539 26.9219820823 51.4589048961 51.4589048961 27.8522017023 28.3333250213 26.841503365 27.1597224448 28.1345917696
0 0 0 0 0 44.9185358791 0 0 60.3958482826 59.9807727217 55.9609285815 57.6601857897 60.6413929037 27.7478734849 27.1550826024 26.8389607967 28.0159616818 26.7453057472 27.4104484523 27.6819513641 26.8912499075 57.0096730308 26.6669427026 28.2980855814 27.3386707639 64.7180259899 49.3719737786 49.3719737786 28.5551711315 28.5013544524 27.3826571876 27.8503000066 28.1532377628 27.158748516 41.8378886986 54.6220007033 49.8406441475 49.2956959077 37.0715929324 37.0715929324 71.2320049554 42.2872093373 27.1556102327 27.0869413279 26.8739002272 64.1093147578 27.9981386374 26.6177812506 65.1037979991 65.1037979991 51.4589048961 51.4589048961 27.7030996741 59.0354025 27.0973685048 28.4773105323 60.6142201539
0 0 0 0 0 0 0 0 0 0 0 0 0 0 26.5407200887 27.8034281725 27.6410979328 27.8125900215 27.525350352 28.5473907389 26.7814467602 26.6061494457 26.6117078277 28.0143459535 26.7570842709 49.2956377584 49.3719737786 49.3719737786 26.6413106128 26.6207784313 27.5384662616 27.7050667433 26.6127243545 28.6004013044 28.437564063 26.7245384047 26.5523344278 27.5008953611 27.9076220637 26.8626765763 28.1820779943 27.5755657981 26.6228156833 27.5307001039 26.7083259207 27.9623543382 27.6843065583 27.8741828159 65.3419268855 65.1037979991 65.1037979991 27.5679122385 28.5704276214 27.1740989533 26.5779378517 27.3664220365 27.3601049916
0 0 0 0 0 0 0 0 0 0 0 0 0 0 28.2650634111 28.546234909 28.242746239 27.4412714789 26.76631778 26.5520414394 27.6317780125 26.6544292451 28.0443271243 59.4671645512 44.0468947498 49.2956377584 49.2956377584 64.7180259899 27.0328833962 27.7273127154 27.3937692111 28.0896188715 26.9602488927 28.454732243 27.3111164224 28.3919756966 26.6645425697 27.7957996954 27.420044133 28.5083100234 27.8510980095 27.1997194522 28.1396173261 27.641189114 27.2516237176 26.9301441264 27.0626432753 26.5028686495 43.9170098106 45.12988203 26.9195727306 27.1191098088 28.1940747926 28.0682279573 28.0255835663 27.9498567632 27.4179220659
0 0 0 0 0 0 0 0 0 0 0 0 0 0 28.2388502919 28.134442209 26.8714731737 27.5531927168 28.5109530962 27.6819259496 26.9627800862 40.3635069757 54.0016520761 44.0468947498 44.0468947498 27.1834345159 49.2956377584 27.6484386311 26.9182025456 27.5699030419 28.6090101034 28.2058355117 28.1145604052 26.5115006672 28.0039300365 27.7524924195 28.0718952166 27.3212567471 27.110922877 27.2383042764 27.9092674533 27.8761497975 26.6073903197 27.4253439552 28.4575734881 26.8614870069 28.047145405 68.4867079337 68.4867079337 68.4867079337 45.12988203 26.6962812818 26.9163204649 27.0070403975 27.6199109658 27.4290132449 27.4493105776
0 0 0 0 0 0 0 0 0 0 0 0 0 0 27.9708353137 27.9200935655 28.2003784088 27.8746588873 56.8428907647 81.191824086 40.3635069757 40.3635069757 40.3635069757 54.0016520761 44.0468947498 44.0468947498 28.1176300378 27.86598318 27.2473866976 28.0519268723 27.2382547824 27.4050342631 27.5968305834 28.0267807042 28.6049167585 27.2527619435 27.0953904067 28.1418211123 28.3056442543 26.6679119486 27.2487583051 27.1787892652 27.4959173855 27.3064255823 26.6434736847 26.8544094449 27.5578470318 68.4867079337 68.4867079337 68.4867079337 64.0183225881 27.4920526932 28.0047644928 26.7707879864 27.2667487933 27.7801429883 28.6188018066
0 0 0 0 0 0 0 0 0 0 0 0 0 0 28.5576777046 27.9620757228 28.2231391809 28.4042216095 57.5591785105 57.5591785105 81.191824086 40.3635069757 40.3635069757 54.0016520761 27.3806694344 27.9432998494 26.6404536359 27.1879201482 28.4213791576 27.7706613662 28.5543442331 26.8586752911 26.9513103761 27.672568028 26.9648203096 27.7658913331 28.5516066082 27.5941183459 27.9576930765 27.9580194114 28.6019263499 27.9115278658 28.4514179993 28.4798485843 27.6993323611 27.8511929679 26.721954684 27.1910836941 68.4867079337 50.0490311711 50.0490311711 28.3141232507 27.1207281617 28.3320620015 26.6545979333 28.3967740431 26.9984151377
0 0 0 0 0 0 0 0 0 0 0 0 0 0 26.8632566559 27.4940555962 27.8971913375 59.3402784119 57.5591785105 57.5591785105 50.1472044481 28.2174860047 28.5403200366 27.1248962959 27.3693529625 27.4175192234 27.526163121 26.9640554753 28.1749326513 27.3103506334 28.5855975428 27.9331414346 28.2358356049 27.0805303627 28.4807046591 26.6624929434 28.377435947 27.0566431883 27.8981999364 27.3483389596 28.1695864662 27.1766459405 27.4995488037 27.1296697149 27.7077056658 28.0558659144 28.2628873716 58.1583688067 58.1583688067 58.1583688067 50.0490311711 28.1796269371 28.320348414 28.2551449309 26.6875737099 27.9442137075 28.159031866
0 0 0 0 0 0 0 0 0 0 0 0 0 0 0 28.5400645 59.8978538112 55.9202231682 55.9202231682 57.5591785105 28.3001029342 27.8639669164 27.4670016405 27.4837563559 27.3707053006 27.9854703566 28.5800097377 26.5828305543 26.5475787879 27.07308353 27.5655420848 27.9018123796 27.7558545935 28.135627592 27.0260289901 27.6675612881 27.7362165686 28.5781252222 26.7504248428 27.2117127648 27.7540652405 28.1576311798 28.3959714164 28.5334970872 27.4514380242 27.1497352043 27.0362718842 58.1583688067 58.1583688067 58.1583688067 54.7283877614 27.1634724655 27.2953215582 26.7837563674 27.0576363209 26.8312558383 28.2273102361
0 0 0 0 0 0 0 0 0 0 0 0 0 0 0 79.2415017572 59.8978538112 55.9202231682 55.9202231682 27.0828560074 26.830834306 27.9490421315 27.5142448685 28.2516462395 28.4383873308 27.261078516 28.1395483036 28.0424144905 27.8218180289 26.6353997972 27.0227114249 28.1218828954 28.5688872676 27.4830089042 26.9737159362 27.5455610035 27.7443890939 27.9616066765 28.2656246527 26.8185023802 28.1947889921 27.6249400219 27.8168883778 28.4540525122 26.7062598259 27.3065266683 27.7001693281 57.4800973827 58.1583688067 50.3830241457 50.3830241457 27.6056156792 26.9632297401 28.2805397538 28.1650599431 26.5000690814 28.599067715
0 0 0 0 0 0 0 0 0 0 0 0 0 68.3048298922 50.4228236 50.4228236 50.4228236 59.8978538112 59.8978538112 27.8640129613 28.4563601381 26.6258629741 26.7795691968 28.61756819 26.5612333274 28.3318175013 27.8686766356 27.0421513027 28.5879291225 27.3949879273 26.5120144823 27.3920163386 28.2354979882 27.9987158451 28.5677786862 28.257960048 26.6772906717 27.1620735879 26.7631274566 27.448235838 26.7201652961 26.9772828282 27.1446021815 27.5191921555 27.303633425 28.0249318131 27.6456766441 72.341392648 50.3830241457 40.3907330388 40.3907330388 50.3830241457 27.131258261 27.4850223355 28.0537610715 27.2954969958 28.1323872227
0 0 0 0 0 0 0 0 0 0 0 0 50.3507668088 57.1923695797 57.1923695797 50.4228236 50.4228236 46.5406034325 28.1463718005 28.4229913789 27.6759576924 26.6274438816 28.2953242175 26.5597251823 28.4185748399 27.5220469613 26.8953025696 28.0219267588 28.4119882551 26.7990867183 26.7618140947 27.8223564048 27.527918704 28.5713952575 26.7851153113 26.7924599097 26.6362109582 28.3305483189 28.4173658436 27.8884756917 28.2012434159 28.4736383249 26.5117861428 26.7152551353 27.7937202428 26.6880685466 26.9187055551 72.341392648 55.0674664401 40.3907330388 40.3907330388 26.9224998628 27.689855116 26.5167514136 28.006520193 27.6912799371 27.8305375051
0 0 0 0 0 0 0 0 0 0 0 47.7812287714 63.6971968154 57.1923695797 56.1801406398 56.1801406398 37.3708982181 0 0 27.5215005871 28.5968732605 27.0890261894 26.9841292394 28.3041986334 27.5812475371 26.9593952097 28.1244683942 27.3217377861 27.1496527407 26.9697185907 26.964271627 27.5932277243 28.0641937904 27.0978805875 28.3501027587 28.4138238851 26.85349412 28.3473112902 26.8655646582 27.4590465978 28.3946370124 28.4154768131 28.1440715646 27.7046505912 28.2067018198 27.8283524733 26.5960192401 27.7342141082 72.341392648 27.0899428624 26.8103609854 26.5605532645 27.3115128776 28.4264252616 27.7268040994 28.6066231471 27.1864378958
0 0 0 0 0 0 0 0 0 0 51.266378946 63.5515673747 63.6971968154 57.1923695797 74.6851665063 68.0214298476 0 0 0 27.5668073071 27.8468900035 28.0266328433 26.6614517801 26.6888200434 27.718396993 26.6866880764 28.5996491931 27.5524606438 27.2988488466 28.0229729349 26.9436384767 28.5360254554 27.4564067027 28.5719885184 26.8854715927 28.2827690434 27.0729459586 26.9744479949 28.5044127768 27.7752166943 28.3202261958 27.2580181805 27.2926539298 26.5368448273 28.1575415522 28.025361815 28.2706412716 28.2429089546 53.0686533316 28.2263467925 27.6187393723 28.5410444225 27.5329300511 27.5538981654 27.3400480561 28.1453771561 27.7857589818
0 0 0 0 0 0 0 0 0 50.1255155763 51.266378946 51.266378946 63.5515673747 50.4625429596 0 0 0 0 0 0 28.1493351021 28.1073233443 28.0469668718 26.9510081751 27.6638634961 26.6579056859 27.8886080955 26.6068466963 27.1640822595 27.0271187767 27.9615973544 27.6990175633 26.9274974193 27.9415333986 27.4314402255 27.8562829909 28.3589331654 27.2952536937 27.4654071633 28.1324864957 28.4950628371 26.7082730853 26.9064027118 26.957719266 28.4819174663 26.7084388041 26.7258749867 27.8082081725 27.8579200148 28.0540384284 28.0316434441 26.7592524771 27.9188936965 26.7352271233 27.7865454474 27.7725713253 26.8687369225
0 0 0 0 0 0 0 0 42.5204075412 42.5204075412 51.266378946 51.266378946 51.266378946 0 0 0 0 0 0 0 0 0 27.7666337767 27.8779783381 26.9522894884 26.5538318213 28.4348211489 27.9977844427 26.6731827871 28.0756295789 27.1352130372 27.9964271438 28.0444569685 27.5652411944 27.1286623442 28.4982668745 26.5331454195 27.5535790888 26.8243577631 26.8261676713 27.7876317147 26.9050932011 28.5947435153 26.737664415 26.9911684839 26.6934547285 27.4874065287 28.4129489468 28.5730158434 27.2362986324 44.7667071995 26.7532102328 26.5630860752 26.7936222764 28.1526069695 28.2357337403 27.0194120995
0 0 0 0 0 0 0 0 42.5204075412 42.5204075412 42.5204075412 67.0373508753 0 0 0 0 0 0 0 0 0 0 27.4757642309 26.8960813768 28.5034228937 26.5348400706 28.1919636376 28.4111417391 26.5928704642 27.7461653039 27.6339031387 28.1943452356 27.8613834607 27.7096037808 26.539073952 28.1080978551 26.7196071972 27.5012636351 27.7084541137 27.8661440164 27.1994941174 26.8796423913 28.1307347511 26.6641418052 28.4439319787 26.8434327359 28.2876871801 26.9001067019 26.8307599051 44.5542027353 27.9414521851 27.1795984882 28.5173339529 27.6775861296 26.6772440728 28.4267719354 27.2664126458
0 0 0 0 0 0 0 67.3651589034 42.5204075412 42.5204075412 42.5204075412 0 0 0 0 0 0 0 0 0 0 26.6904234722 27.1369992592 26.863556623 26.9071515066 27.2170366717 27.0090062771 27.6426680381 26.8972636772 27.0050585211 28.0680192897 26.9742757733 27.5821204663 26.8122504992 27.9505701564 46.3030500554 78.8657556346 27.1447821799 27.1551403313 26.6409640613 27.3844246367 26.9498707115 74.7146489663 27.6917776862 27.9804489429 27.1536726591 26.5938351747 28.0145042286 44.5542027353 44.5542027353 44.5542027353 27.3924374605 26.6626580127 27.1489833636 26.5268166492 46.5608728336 60.9269319414
0 0 0 0 0 0 0 67.3651589034 67.3651589034 0 0 0 0 0 0 0 0 0 0 0 27.6293195978 26.6620522589 26.9218894454 28.3739777731 26.5423877903 26.8178927563 28.249421917 27.760645909 27.5849131932 26.9782675014 26.7474774919 27.1801560651 28.3392229083 46.9693288897 54.8045631763 58.6414217988 58.6414217988 28.0129938127 28.2171216546 48.357942632 48.357942632 20.2982616783 20.2982616783 49.021767147 43.7325641388 44.8277587669 44.8277587669 47.3731958325 50.2753841231 50.2753841231 27.2675890822 27.4385894349 48.8957222105 68.7163407065 55.9866989854 60.9269319414 60.9269319414
0 0 0 0 0 0 0 0 0 0 0 0 0 0 0 0 0 46.2433281802 0 28.3358354273 27.6289876441 27.7402331718 27.2534348105 27.0328209502 27.4359426043 27.2307859042 27.8727595206 27.9256611721 27.3027038731 27.168188723 27.8672693258 28.1131036581 27.4545035821 46.9693288897 46.2265370827 46.9693288897 58.6414217988 28.2297183171 40.7884289679 48.357942632 48.357942632 20.2982616783 49.021767147 49.021767147 44.3774740011 44.8277587669 44.8277587669 50.2753841231 50.2753841231 50.2753841231 71.0049035043 28.545291326 48.8957222105 68.7163407065 61.7139047884 60.9269319414 60.9269319414
0 0 0 0 0 0 0 0 0 0 0 0 0 0 0 0 46.2433281802 46.2433281802 46.1376829441 47.1594175295 26.6732111021 26.9239184008 27.7926397794 28.1237062536 27.46031491 28.0204758572 28.5465418397 26.9371519834 27.4525071876 27.5600736029 26.8298226649 28.5540011363 43.9194696735 43.9194696735 46.2265370827 46.2265370827 27.3370533022 28.0482544845 27.391002194 26.5218991034 48.357942632 27.145630969 20.2982616783 49.021767147 43.7325641388 44.8277587669 44.8277587669 47.3731958325 50.2753841231 28.5091597698 26.8619372213 26.8951440971 26.7989392938 68.7163407065 45.7230651684 58.2198065859 60.9269319414
