Spatial_Output/BAU/BAU_0802.asc
NCOLS 155
NROWS 192
XLLCORNER 196307.867259
YLLCORNER 449144.565805
CELLSIZE 33.573938
NODATA_VALUE NaN
[rows 108 to 143 of 192, columns 0 to 79 of 155]
0 0 0 0 0 0 0 0 0 0 0 0 0 0 0 0 0 0 0 0 0 0 0 0 48.2964592555 15.33 45.2232996296 54.180881817 21 21 21 21 21 21 21 21 21 21 21 21 21 21 21 21 21 21 21 21 39.0520853602 39.0520853602 39.0520853602 46.3624207611 21 21 66.3063601362 66.3063601362 56.6196268446 21 21 21 21 21 21 21 21 21 21 21 21 21 21 21 21 21 21 21 21 21 21 21
0 0 0 0 0 0 0 0 0 0 0 0 0 0 0 0 0 0 0 0 0 0 0 0 0 0 0 0 21 21 21 21 21 21 21 21 21 21 21 21 21 21 21 21 21 21 21 21 21 46.2571581342 38.3720299661 21 21 21 21 56.5915961705 21 21 21 21 21 21 21 21 21 21 21 21 21 21 21 21 21 21 21 21 21 21 21 21
0 0 0 0 0 0 0 0 0 0 0 0 0 0 0 0 0 0 0 0 0 0 0 0 0 0 0 0 0 21 21 21 21 21 21 21 21 21 21 21 21 21 21 21 21 21 21 21 46.2571581342 63.7310694078 63.7310694078 46.2571581342 21 21 56.5915961705 56.5915961705 56.5915961705 21 21 21 21 21 21 21 21 21 35.7659880281 21 21 21 21 21 21 21 35.7063951462 58.2957868858 21 21 21 21
0 0 0 0 0 0 0 0 0 0 0 0 0 0 0 0 0 0 0 0 0 0 0 0 0 0 0 0 0 21 21 21 21 21 21 21 21 21 21 21 21 21 21 21 21 21 21 21 63.7310694078 53.5457076276 53.5457076276 21 21 21 21 21 21 21 21 21 21 21 21 21 21 21 35.7659880281 35.7659880281 34.2836702235 21 34.2836702235 21 21 21 21 21 21 35.7063951462 21 21
0 0 0 0 0 0 0 0 0 0 0 0 0 0 0 0 0 0 0 0 0 0 0 0 0 0 0 0 0 0 21 21 21 21 21 21 21 21 21 21 21 21 21 21 21 21 21 21 53.5457076276 53.5457076276 53.5457076276 21 21 21 21 21 21 21 21 21 21 21 21 21 21 21 35.7659880281 34.2836702235 34.2836702235 34.2836702235 21 21 21 21 21 58.2957868858 21 66.8834337688 21 21
0 0 0 0 0 0 0 0 0 0 0 0 0 0 0 0 0 0 0 0 0 0 0 0 0 0 0 0 0 0 0 21 21 21 21 21 21 21 21 21 21 21 21 21 21 21 21 21 45.2297598164 21 21 21 21 21 21 21 21 21 21 21 21 21 21 48.5923315999 48.5923315999 21 21 21 21 21 21 21 21 21 21 21 66.8834337688 66.8834337688 66.8834337688 21
0 0 0 0 0 0 0 0 0 0 0 0 0 0 0 0 0 0 0 0 0 0 0 0 0 0 0 0 0 0 0 21 21 21 21 21 21 21 21 21 21 21 21 21 21 21 21 21 21 55.9634446415 21 21 21 21 21 21 21 21 21 21 21 21 21 48.5923315999 48.5923315999 48.5923315999 21 21 21 21 21 21 21 21 21 21 21 66.8834337688 21 21
0 0 0 0 0 0 0 0 0 0 0 0 0 0 0 0 0 0 0 0 0 0 0 0 0 0 0 0 0 0 0 0 21 21 21 21 21 21 21 21 21 21 21 21 21 21 21 21 21 47.0415176185 55.9634446415 21 21 21 21 21 21 21 21 21 21 21 48.5923315999 39.7756780194 39.7756780194 21 21 21 21 21 21 21 21 21 21 21 21 21 21 21
0 0 0 0 0 0 0 0 0 0 0 0 0 0 0 0 0 0 0 0 0 0 0 0 0 0 0 0 0 0 0 0 21 21 21 21 21 21 21 21 21 21 21 21 21 21 21 21 46.6990382829 46.6990382829 46.6990382829 21 21 21 21 21 21 21 21 21 21 21 21 45.360256159 45.360256159 21 21 21 21 21 21 21 21 21 21 21 21 21 21 34.3855312187
0 0 0 0 0 0 0 0 0 0 0 0 0 0 0 0 0 0 0 0 0 0 0 0 0 0 0 0 0 0 0 0 0 21 21 21 21 21 21 21 21 21 21 21 21 21 21 21 42.5261655488 46.6990382829 42.5261655488 35.1747922987 21 21 21 21 21 56.1021305008 71.4281827438 21 21 21 48.5923315999 21 21 21 21 21 21 21 21 21 21 21 21 21 21 52.2884560939 21 21
0 0 0 0 0 0 0 0 0 0 0 0 0 0 0 0 0 0 0 0 0 0 0 0 0 0 0 0 0 0 0 0 0 21 21 21 21 21 21 21 21 21 21 21 21 40.1251414014 40.1251414014 21 46.6782068663 42.5261655488 35.1747922987 35.1747922987 52.0769773035 21 21 21 21 21 21 21 21 21 59.3073596065 59.3073596065 62.7376835066 21 21 21 21 21 21 21 21 21 21 21 21 52.2884560939 21 21
0 0 0 0 0 0 0 0 0 0 0 0 0 0 0 0 0 0 0 0 0 0 0 0 0 0 0 0 0 0 0 0 0 0 21 21 21 21 21 21 21 21 21 39.145141465 21 40.1251414014 40.1251414014 42.1180170961 42.1180170961 42.1180170961 35.1747922987 35.1747922987 52.0769773035 21 21 49.6612639192 21 21 21 21 21 21 21 59.3073596065 21 21 21 21 21 21 21 21 21 21 21 21 21 21 21 21
0 0 0 0 0 0 0 0 0 0 0 0 0 0 0 0 0 0 0 0 0 0 0 0 0 0 0 0 0 0 0 0 0 0 0 21 21 21 21 21 21 21 39.145141465 39.145141465 21 21 40.1251414014 42.1180170961 42.1180170961 42.1180170961 21 52.0769773035 21 21 21 49.6612639192 49.6612639192 49.6612639192 21 21 21 42.1480052087 42.1480052087 21 21 21 21 21 21 21 21 21 21 21 21 21 21 21 21 21
0 0 0 0 0 0 0 0 0 0 0 0 0 0 0 0 0 0 0 0 0 0 0 0 0 0 0 0 0 0 0 0 0 0 0 21 72.6117374139 21 42.1265189355 21 21 46.7488012813 39.145141465 39.145141465 39.145141465 21 21 43.6046711201 43.6046711201 50.1849515204 21 21 21 21 21 21 21 61.2341366408 61.2341366408 21 21 21 42.1480052087 42.1480052087 21 21 21 21 21 21 21 21 21 21 21 21 21 21 21 21
0 0 0 0 0 0 0 0 0 0 0 0 0 0 0 0 0 0 0 0 0 0 0 0 0 0 0 0 0 0 0 0 0 54.3448973111 38.7821816355 72.6117374139 72.6117374139 72.6117374139 42.1265189355 21 46.6432344318 21 46.7488012813 21 21 21 21 43.6046711201 43.6046711201 21 21 21 21 21 21 21 21 61.2341366408 21 21 52.7094546435 42.1480052087 52.7094546435 21 21 21 21 21 21 21 21 21 21 21 21 21 21 21 21 21
0 0 0 0 0 0 0 0 0 0 0 0 0 0 0 0 0 0 0 0 0 0 0 0 0 0 0 0 0 0 57.1518353551 38.0838197666 42.3668645819 34.1932502538 39.0786785564 72.6117374139 72.6117374139 72.6117374139 42.1265189355 21 21 21 21 21 21 21 43.6046711201 21 43.6046711201 21 21 21 21 21 21 21 21 21 21 40.4042200858 42.1480052087 42.1480052087 42.1480052087 21 21 21 21 21 21 21 21 21 21 21 21 21 21 21 21 21
0 0 0 0 0 0 0 0 0 0 0 0 0 0 0 0 0 0 0 0 0 0 0 0 0 0 0 0 54.5851266794 54.5851266794 43.4283721128 38.0838197666 38.8604535911 40.1678219161 35.1631842533 54.3448973111 52.0880979048 21 21 21 21 21 21 21 21 21 43.6046711201 43.6046711201 21 21 21 21 21 21 21 21 21 21 40.4042200858 21 21 40.8983956862 42.1480052087 21 21 21 21 21 21 21 21 21 21 21 21 21 21 21 21 21
0 0 0 0 0 0 0 0 0 0 0 0 0 0 0 0 0 0 0 0 0 0 0 0 0 40.3674955343 40.3674955343 55.1769757107 54.5851266794 43.4283721128 43.4283721128 38.0838197666 34.3747018539 35.3989160401 38.2526142423 54.7063549248 0 0 21 21 21 21 21 21 21 21 48.1130203654 48.1130203654 21 21 21 21 21 21 21 21 21 21 44.7881377699 35.650679176 35.650679176 21 21 21 21 21 21 21 21 21 21 21 21 21 21 21 21 21 21 21
0 0 0 0 0 0 0 0 0 0 0 0 0 0 0 0 0 0 0 0 0 0 0 0 0 40.3674955343 40.3674955343 40.3674955343 43.4283721128 54.5851266794 43.4283721128 51.8962545045 48.8378919018 55.145741716 0 0 0 0 21 21 21 21 21 21 21 48.1130203654 48.1130203654 48.1130203654 21 21 21 21 21 21 21 21 21 54.9168809115 54.9168809115 35.650679176 35.650679176 59.3655762412 21 21 21 21 21 21 21 21 21 21 21 21 21 21 21 21 21 21
0 0 0 0 0 0 0 0 0 0 0 0 0 0 0 0 0 0 0 0 0 0 0 0 0 48.7952647989 40.3674955343 55.1769757107 68.4228946082 65.3654410333 0 0 0 0 0 0 0 0 0 21 21 21 21 21 21 48.1130203654 48.1130203654 48.1130203654 21 21 21 21 21 21 21 21 54.9168809115 54.9168809115 54.9168809115 46.6112356922 59.3655762412 54.1288958447 54.1288958447 21 21 21 21 21 21 21 21 21 21 21 21 21 21 21 21 21
0 0 0 0 0 0 0 0 0 0 0 0 0 0 0 0 0 0 0 0 0 0 0 0 0 0 0 0 0 0 0 0 0 0 0 0 0 0 0 0 21 21 21 21 21 21 21 21 21 21 21 21 21 21 21 41.7617298373 21 54.9168809115 54.9168809115 21 54.1288958447 54.1288958447 21 21 31.8040895642 21 21 21 21 21 21 21 21 21 21 21 21 21 21 21
0 0 0 0 0 0 0 0 0 0 0 0 0 0 0 0 0 0 0 0 0 0 0 0 0 0 0 0 0 0 0 0 0 0 0 0 0 0 0 0 0 21 21 21 21 21 21 21 21 21 21 21 21 21 21 21 21 21 21 21 21 21 21 21 31.8040895642 31.8040895642 21 21 21 21 21 21 21 21 21 21 21 21 21 21
0 0 0 0 0 0 0 0 0 0 0 0 0 0 0 0 0 0 0 0 0 0 0 0 0 0 0 0 0 0 0 0 0 0 0 0 0 0 0 0 0 21 21 21 21 43.0224073214 43.0224073214 43.0224073214 21 21 21 21 21 21 21 21 21 21 21 21 63.7282341834 21 65.635905263 65.635905263 21 31.8040895642 21 21 21 21 21 21 21 21 21 21 21 21 21 21
0 0 0 0 0 0 0 0 0 0 0 0 0 0 0 0 0 0 0 0 0 0 0 0 0 0 0 0 0 0 0 0 0 0 0 0 0 0 0 0 0 0 21 21 21 21 43.0224073214 21 21 21 21 21 21 21 21 21 21 21 21 63.7282341834 21 65.635905263 65.635905263 65.635905263 65.635905263 21 21 21 21 21 21 21 21 21 21 21 21 21 21 21
0 0 0 0 0 0 0 0 0 0 0 0 0 0 0 0 0 0 0 0 0 0 0 0 0 0 0 0 0 0 0 0 0 0 0 0 0 0 0 0 0 0 0 21 21 48.1651284218 48.1651284218 48.1651284218 21 21 21 21 21 21 21 46.1358196452 21 21 21 21 63.7282341834 21 21 65.635905263 65.635905263 21 21 21 21 21 21 21 21 21 21 21 21 21 21 21
0 0 0 0 0 0 0 0 0 0 0 0 0 0 0 0 0 0 0 0 0 0 0 0 0 0 0 0 0 0 0 0 0 0 0 0 0 0 0 0 0 0 0 21 21 70.4568396204 70.4568396204 21 21 21 21 21 21 58.366858179 58.366858179 46.1358196452 46.1358196452 21 21 21 21 21 21 65.635905263 21 21 21 21 21 21 21 21 21 21 21 21 21 21 21 21
0 0 0 0 0 0 0 0 0 0 0 0 0 0 0 0 0 0 0 0 0 0 0 0 0 0 0 0 0 0 0 0 0 0 0 0 0 0 0 0 0 0 0 0 21 42.6579484183 42.6579484183 42.6579484183 21 21 21 21 48.1673155681 58.366858179 58.366858179 46.1358196452 46.1358196452 21 21 21 21 21 21 21 21 21 21 21 21 21 21 21 21 21 21 21 21 21 21 21
0 0 0 0 0 0 0 0 0 0 0 0 0 0 0 0 0 0 0 0 0 0 0 0 0 0 0 0 0 0 0 0 0 0 0 0 0 0 0 0 0 0 0 0 21 42.6579484183 42.6579484183 33.3598546633 21 21 21 21 21 48.1673155681 48.1673155681 21 21 21 21 21 21 21 21 21 37.63848661 21 21 21 21 21 21 21 21 21 21 21 21 21 21 21
0 0 0 0 0 0 0 0 0 0 0 0 0 0 0 0 0 0 0 0 0 0 0 0 0 0 0 0 0 0 0 0 0 0 0 0 0 0 0 0 0 0 0 0 21 33.3598546633 21 33.3598546633 21 21 21 36.5917185104 36.5917185104 21 21 21 21 21 21 21 21 21 21 21 21 21 21 21 21 21 21 21 21 21 21 21 21 21 21 21
0 0 0 0 0 0 0 0 0 0 0 0 0 0 0 0 0 0 0 0 0 0 0 0 0 0 0 0 0 0 0 0 0 0 0 0 0 0 0 0 0 0 0 0 0 21 21 21 21 21 21 36.5917185104 36.5917185104 36.5917185104 21 21 21 21 21 21 21 21 21 21 21 21 21 21 21 21 21 21 21 21 21 21 21 21 21 21
0 0 0 0 0 0 0 0 0 0 0 0 0 0 0 0 0 0 0 0 0 0 0 0 0 0 0 0 0 0 0 0 0 0 0 0 0 0 0 0 0 0 0 0 0 21 21 21 21 21 21 21 40.3252241243 21 21 21 21 21 21 21 21 21 21 21 21 21 21 21 21 21 21 21 21 21 21 21 21 21 21 21
0 0 0 0 0 0 0 0 0 0 0 0 0 0 0 0 0 0 0 0 0 0 0 0 0 0 0 0 0 0 0 0 0 0 0 0 0 0 0 0 0 0 0 0 0 21 21 21 21 21 50.2523824078 50.2523824078 21 21 21 21 21 21 21 21 21 21 21 21 63.6403617586 63.6403617586 63.6403617586 21 21 21 21 21 21 21 21 21 21 21 21 21
0 0 0 0 0 0 0 0 0 0 0 0 0 0 0 0 0 0 0 0 0 0 0 0 0 0 0 0 0 0 0 0 0 0 0 0 0 0 0 0 0 0 0 51.7769958375 40.5378980459 40.5378980459 21 53.5590002182 21 21 21 21 21 21 21 21 21 21 21 21 21 21 21 21 21 63.6403617586 63.6403617586 21 21 21 21 21 21 21 21 21 21 21 21 21
0 0 0 0 0 0 0 0 0 0 0 0 0 0 0 0 0 0 0 0 0 0 0 0 0 0 0 0 0 0 0 0 0 0 0 0 0 0 0 0 0 54.8833646946 54.8833646946 53.5590002182 60.8249663281 60.8249663281 40.5378980459 21 21 21 21 21 21 21 21 21 21 21 21 21 21 21 21 21 21 55.5726613743 55.5726613743 21 21 21 21 21 21 21 21 21 21 21 21 21
0 0 0 0 0 0 0 0 0 0 0 0 0 0 0 0 0 0 0 0 0 0 0 0 0 0 0 0 0 0 0 0 0 0 0 0 0 0 0 41.150075614 51.7886040056 54.8833646946 54.8833646946 54.8833646946 60.8249663281 40.5378980459 21 44.2277791588 21 21 21 21 21 21 21 21 21 21 21 21 21 21 21 21 55.5726613743 39.6180711833 39.6180711833 55.5726613743 21 21 21 21 21 21 21 21 21 21 21 21
0 0 0 0 0 0 0 0 0 0 0 0 0 0 0 0 0 0 0 0 0 0 0 0 0 0 0 0 0 0 0 0 0 0 0 0 0 0 48.6314742538 41.6389709557 41.6389709557 42.6836249491 54.8833646946 54.8833646946 43.6057756133 0 0 21 21 21 21 21 21 21 21 21 21 21 21 21 21 21 21 21 39.6180711833 39.6180711833 39.6180711833 21 21 21 21 21 21 21 21 21 21 21 21 21
