Spatial_Output/BAU/BAU_0705.asc
NCOLS 155
NROWS 192
XLLCORNER 196307.867259
YLLCORNER 449144.565805
CELLSIZE 33.573938
NODATA_VALUE NaN
[rows 100 to 124 of 192, columns 57 to 113 of 155]
27.1762890949 26.0967881342 27.5187921623 25.2315246097 28.4293770371 26.303513239 28.7941444015 57.7816884608 51.0812054633 27.9370457137 27.5704450021 29.175572717 28.4621710698 28.8287219561 28.0408208819 27.1373189684 27.0515182267 26.057897115 25.6536719795 48.4102089167 57.6632666696 50.3078126076 28.5571686674 26.6522453682 28.2920351264 25.1127904525 26.5903819667 26.52350625 25.11703215 27.0170202677 27.6396830505 29.1242696542 25.4077421384 26.6876775275 28.977631909 26.2946698016 26.707364091 26.2433056893 25.0490050401 27.5666500324 28.8211654504 25.805537904 27.4914851054 28.5077342561 25.658532014 29.1836320159 46.8560646067 46.8560646067 46.8560646067 29.0176302151 28.1883799428 27.3583381484 25.3287575332 25.4485022197 25.7486470957 26.5904478316 28.2468640726
25.89624115 26.8271733391 26.1293570683 27.0048668735 25.7762091536 28.7480082577 51.2468811088 51.2468811088 51.2468811088 28.1359505298 28.4198496267 26.2071483801 28.1957668119 29.1538121334 25.6830120297 28.7674398946 25.5705126711 25.5124240481 28.2235657062 27.6569467576 27.7125308319 28.0887742764 25.3222939239 28.7435336068 27.2300150599 25.9200896806 27.7835702889 29.0856935374 27.9272015831 29.2108286816 28.7561667746 26.8673455237 28.1011867496 28.3736640648 27.0395770415 28.1245355254 27.21483698 28.8408677115 26.318837266 25.4369566592 29.097992372 25.0896860687 28.0985092947 26.1082793123 25.0291344235 28.520547946 47.0535394555 46.8560646067 51.333791684 28.1081261157 25.5969395097 27.376275687 28.6674104408 26.7047087849 25.3252525766 27.8009232994 26.2648082605
25.0038229011 29.1621288574 28.7198527971 25.7690377301 27.3065138036 26.4368459294 26.2449708661 51.2468811088 51.2468811088 36.6326298668 36.6326298668 28.6418158599 69.1579873596 25.7662018782 27.5941236152 27.1197622759 27.4109980751 26.1179855675 25.0795243149 27.4531342163 28.8359881825 28.9772921908 26.4165928918 27.1298427994 28.9174901487 26.8871547772 27.2383529 25.5309405836 27.0354583647 27.8413286425 28.2895415001 26.8437425929 25.0734340536 27.9512810548 27.1217271284 28.1419882486 27.5661158348 25.4627396792 28.2172317582 25.3046500702 61.8540767049 25.1989708439 60.8171894288 48.6355759169 59.6182734097 60.1788185204 27.8633359251 51.333791684 51.333791684 25.2746307942 28.7302367379 25.2028490329 25.4353831464 27.2927070087 27.4938710603 28.8410548513 25.0587992952
26.9846594132 29.2017889311 26.4769482823 27.2009353022 26.1629108564 25.6626613309 28.3645821754 27.4969019495 57.0997725862 57.0997725862 36.6326298668 57.9295816817 69.1579873596 71.328704088 71.328704088 27.2939524196 27.9430117667 25.9461741035 27.7265660849 28.867812049 27.38118716 28.0439074647 28.7433916528 25.7389076402 25.7479829732 27.6676501312 27.7845035816 26.7189740611 25.3168140915 26.1078842072 40.5168927283 39.8068774324 28.7897376872 27.5674878134 26.8910093332 25.9589656476 25.1982055224 26.6718072498 26.7930684527 26.6303048997 28.6950705645 27.9540920673 26.6636861941 59.6182734097 59.6182734097 59.6182734097 48.5591769696 56.0252411663 49.766163186 27.986015304 28.8733782744 26.5703910976 26.6101642734 27.8801893562 29.1056674251 26.7900816365 28.2486429407
26.1982729946 27.1524464267 26.5909579386 28.6945565543 27.86846386 27.1156199361 26.7115289316 57.0997725862 26.8439262917 36.6326298668 26.0546779007 69.1579873596 69.1579873596 69.1579873596 71.328704088 25.3611814877 25.2193772986 51.8452219835 27.8314340063 26.1624993559 28.7726784314 28.6470284985 26.3624301999 26.2476604755 26.0740490693 26.7662938625 29.0080618671 29.1719519412 27.5509376804 26.5190853637 39.8068774324 39.8068774324 26.0828579207 26.4346695186 27.4102938865 27.4752640075 28.4567848501 27.2821371897 27.6077707651 27.9601487003 28.6995449116 26.1934582244 60.8171894288 48.6355759169 59.6182734097 59.6182734097 65.3708791723 65.3708791723 65.3708791723 28.4457879895 25.5015818067 27.9713726853 26.2364153344 26.4597100564 27.4445554493 26.8969217936 25.171578506
27.5528989161 27.9508988949 26.8652919156 25.518378519 27.3762224677 26.1381856418 26.7386828821 25.7577229668 27.5753317193 29.0058651225 26.5933326503 28.2633944612 28.2862725288 71.328704088 27.4960271641 26.4755510814 28.8130532914 51.8452219835 25.9866100179 27.2710186488 28.9979755372 25.1189293728 25.4507137705 28.3865207102 28.2102446663 28.9564353999 26.4893546639 26.4107594137 50.1940815397 40.5168927283 39.8068774324 39.8068774324 25.8904515763 86.5432514485 27.2749772206 26.1616593906 27.522024306 26.1664953524 26.5266786338 26.2991408332 27.6234727644 27.6010872206 27.5616350169 28.2716815214 26.4051543454 27.091513675 56.0252411663 65.3708791723 65.3708791723 25.081095142 28.5359496394 28.0353147301 27.1587857368 25.9718968974 26.8867472171 28.5230727949 28.0367783261
25.1607871692 25.4010032337 25.6303009796 27.7212457901 28.284940862 28.3989637867 65.3045236293 65.3045236293 65.3045236293 26.7571152051 27.6068701518 28.6275889322 28.5809789273 28.2841942324 26.9868492546 25.9287003532 27.1270516799 51.8452219835 27.1295163121 26.2703466242 27.6654245478 27.4317102367 26.1436380274 28.763510814 27.9846813898 28.6474598961 26.1300085425 26.5999746444 28.5738727726 26.3712085281 40.5168927283 26.8288120425 28.1691202014 27.9294196152 25.7597239964 25.1964679084 28.2472360922 26.3553026612 25.714093265 28.0903598042 25.5743354255 29.1010238671 28.6898986495 26.1095683889 28.2334929423 28.6972868589 25.8860277132 51.376944504 51.376944504 25.8322656874 25.7897090014 28.0208357379 25.623856994 28.9249401097 25.6982294582 26.7793603285 26.1845190212
25.5279563694 27.2022332424 27.1214529875 25.7606961638 25.4550365672 26.4056603203 55.7365527992 65.3045236293 55.7365527992 27.737893752 26.3158842158 27.3967630804 26.2857111799 25.699095528 28.4035482573 25.3727130422 26.4692279063 27.9580134557 26.090903363 39.15235368 39.15235368 39.15235368 25.6169572869 27.3243535264 26.2096250275 26.7131417868 25.6120407922 26.5096229851 25.992030169 25.0288768788 28.736072249 27.7002326838 29.1455684494 25.0930240822 26.337021121 26.2574985585 25.8231508338 29.1688272389 25.7017740258 26.3345756773 26.3466576582 26.5676341 27.5531659023 27.7104895008 27.0310022703 26.4329295415 63.4132299823 26.8346183459 26.0264316823 63.4132299823 28.7832257923 26.6901274488 27.4231162836 27.5770607621 25.5736718166 27.8253881666 27.8633376587
27.0884983333 26.660435233 26.9135808698 25.7612289403 28.3059997511 26.4869125303 55.7365527992 55.7365527992 55.7365527992 28.8893725942 25.5759435295 28.6043848626 25.3619459744 27.7916863584 28.5590399357 25.28314665 25.5715561045 25.8804516014 25.6899359189 53.8158450496 39.15235368 53.8158450496 27.7909401269 27.1414825762 26.5051353212 27.2890281291 28.0846770759 25.2019607991 26.0738810693 28.3618193694 26.0036186553 26.6964605589 28.9882675108 25.975387683 27.4945047799 25.670101643 29.2363133619 28.8214433819 27.0852764909 25.7369931999 29.0682468363 44.4772196208 28.3091491078 28.1179412523 73.1662472661 28.6945230421 65.9017255797 73.9683105517 51.5478571409 29.1109329839 27.4432283136 69.2436118632 26.6765040528 68.159192842 68.159192842 27.6098747683 28.475833125
28.5527838327 26.9733034602 27.800425028 27.1694569847 28.6519963147 26.4517348974 27.6516520588 74.3990690083 73.1232614831 27.0442214463 25.9051012754 27.0576401847 29.1432278875 28.7555415518 28.887350081 25.0521847926 28.4020192469 25.9675745162 26.6679564278 56.0806088787 56.0806088787 56.0806088787 27.9873799413 25.9312890808 26.7197758289 50.8384854701 25.7888752547 50.5966017267 39.8797008967 28.0050424541 25.0545824027 26.5385116702 27.0228610529 42.6201266287 25.3298497537 28.3205137098 27.6375954853 53.0005171926 53.0005171926 63.1790691719 28.6592614962 29.0951971166 52.5868379335 52.5868379335 73.2210695045 73.2210695045 73.9683105517 73.9683105517 70.0976133758 25.5098986616 25.4320743307 69.2436118632 68.159192842 68.159192842 68.159192842 27.8009201635 28.8034073741
26.7681437909 26.8748546372 25.6676955173 28.7851617076 27.116494537 80.9968853737 74.3990690083 74.3990690083 74.3990690083 26.3378963775 70.9764226789 27.6199777907 29.1550717913 45.7391267785 63.1030819349 63.1030819349 46.0429318296 28.858000677 25.288477256 51.5206787079 51.5206787079 55.8679000404 48.5229205806 50.3392183491 50.3392183491 50.8384854701 28.6761345127 53.3804506961 39.8797008967 39.8797008967 25.8083745519 27.8021304067 26.2437317357 26.4671398342 26.1016415984 42.6201266287 28.2096493582 28.6706831422 26.0076428668 26.3945756091 28.7584759063 56.226820261 52.5868379335 52.5868379335 73.2210695045 73.2210695045 63.6640150787 73.9683105517 70.0976133758 70.0976133758 69.2436118632 29.1025110235 28.4896821558 68.159192842 68.159192842 25.499405418 28.9813701402
73.6123643779 73.6123643779 64.5325015714 58.741901147 58.741901147 26.1924541586 57.8717324044 42.5479262303 57.8717324044 70.9764226789 70.9764226789 28.9303233031 42.4633755411 45.7391267785 63.1030819349 63.1030819349 63.1030819349 27.6851606834 25.379786102 25.2669429674 48.3678813845 44.7478218938 59.0991950736 50.3392183491 50.3392183491 46.2956915044 26.6737042356 40.8867320818 39.8797008967 39.8797008967 25.5986406943 27.1056450272 26.7370285598 26.3292907707 42.6201266287 62.6176843036 26.7006386342 28.6455393195 26.6397691472 26.5157897647 29.0234598967 25.8406259917 26.4964301995 28.6311796408 73.1662472661 73.2210695045 65.9017255797 63.6640150787 55.8042755118 28.7604187641 25.9283222954 25.8769781179 25.7154950609 25.0902689941 27.9679867101 27.4822678255 26.3378400678
73.6123643779 73.6123643779 64.5325015714 58.741901147 58.741901147 29.1557311985 27.4251743938 50.4923374798 48.037141294 40.1779447874 28.8212613075 25.6225631905 44.7562334295 45.7391267785 63.1030819349 63.1030819349 46.0429318296 50.00048983 39.9777869464 48.3678813845 48.3678813845 48.3678813845 25.02237924 28.1362283759 50.3392183491 28.3634424339 40.8867320818 50.5966017267 39.8797008967 27.0388342307 27.918510617 28.9412946518 52.7515956478 26.4137553055 47.6393776713 25.5754193751 28.2646429635 27.9768661112 26.6035267207 26.7419632941 28.9471901936 26.2155069324 26.3485548728 25.9329130931 28.1882679759 27.7994110875 29.0545208342 48.6583625447 54.3527699388 48.6583625447 27.3878575267 26.986836791 27.7306809901 28.1226101387 25.8591452573 26.2275741222 27.3132289275
28.4707519754 26.8035955102 26.2821294623 25.8396715186 42.6627064201 25.9517133572 50.4923374798 50.4923374798 27.9116428979 25.1783493168 27.0854357856 27.5234028651 26.9317107076 28.9690775068 26.2969157516 25.9984894711 28.784854702 26.1740744403 25.1553760797 28.3099954566 48.3678813845 27.6368009017 26.067065395 26.8105121134 28.5339177521 28.783890522 25.0445521045 28.3370953528 29.2339420507 26.8070154176 28.0876098827 29.092873672 27.6739744583 47.6393776713 47.6393776713 26.7291517319 27.072987522 25.5753149633 28.9480487274 29.220984376 28.4277330718 26.1600032532 28.5913563265 25.1919020323 27.3227415657 27.2138004032 28.9620862884 54.3527699388 54.3527699388 54.3527699388 25.7474991252 28.4210371086 28.6817042679 25.6284704083 26.8776923137 25.9914483884 25.1285941196
28.0597766322 26.1118750068 28.6175004614 28.7794177749 25.6074727831 27.2843466659 50.4923374798 50.4923374798 50.4923374798 25.9644507377 25.4976667488 25.5263859424 29.1892455677 28.9222642434 25.9729649713 28.1409677054 25.7611552781 28.5149931624 29.0379459489 26.3045585931 26.0402718206 28.3482994674 26.9422274918 26.5003061314 28.1134353287 25.1020708979 25.0608129119 56.3638158038 28.1865883291 26.4241954104 28.2469710193 26.3459243679 25.1577163773 37.1358460772 25.222109119 28.8544253104 28.1550771156 27.6880662286 26.1052492379 25.079018323 28.0498627302 26.0594720986 28.6889917897 27.7226745617 27.6432791064 27.6421137547 27.9137999884 54.3527699388 54.3527699388 55.5987232211 26.1836508488 28.2638521895 28.1097555482 27.9945849563 25.514094755 28.7479797679 28.1026419335
28.4155698059 27.1549672404 26.8415328668 29.1527517525 26.5867614218 62.040602911 40.2769551428 40.2769551428 27.1762019583 27.0872232573 29.1240737498 27.769620862 29.0527648833 26.1628681874 26.4326722326 26.5426115999 27.3121592203 27.0833361118 26.6827359257 25.323196927 26.2823998137 27.8742637541 26.2919606805 26.0899125221 26.6360679376 25.0530018627 56.3638158038 56.3638158038 54.6709067386 54.6709067386 47.925230282 25.3187494608 25.5179473498 25.7630459195 27.9890061793 25.8176396644 28.7758842177 28.9924584723 26.2538138162 26.4965580242 25.9607526994 26.0775678469 25.0928371051 27.7141114603 27.1397329948 28.3062025975 28.9723237078 49.7990536816 49.7990536816 49.7990536816 28.7848656766 28.6132798006 56.2347389 28.6232391168 56.2630632455 26.7883079502 57.5657556727
28.2603748694 45.0043417254 27.1003350967 27.9362471169 25.449608533 28.4026422805 53.2971524473 53.2971524473 26.3529332806 28.2780638265 25.3808108037 26.7426787937 26.0144451773 25.9411424647 28.2367278451 26.2445358219 26.8300610278 27.8458765827 27.7325240882 26.6599962258 25.1031413057 26.3854073597 29.1739823221 26.5104614801 28.0706018129 25.857284506 56.3638158038 56.3638158038 29.1518551775 29.0498660584 28.8858480203 28.2385926119 26.6632538409 27.6874042493 26.232508165 28.9095422555 25.8686738746 25.4683035117 52.8217601901 25.3370757099 25.4207239265 26.9789577451 46.1564945766 51.5465341114 27.9468540204 27.7823800725 77.3287972142 54.8464181697 73.1660284411 45.8508610887 50.5494381675 50.5494381675 51.066596736 56.2347389 56.2630632455 56.2630632455 27.4419955368
55.2295943186 82.2862731754 25.0105410453 42.7976241443 27.2679416048 26.1613142423 28.4040047201 28.5552371513 26.6640321797 28.8760845807 27.5109485581 27.3923871001 26.8076577865 27.3158203485 27.4712561938 25.2459341846 28.4283365972 27.0852790161 29.0491702356 26.4049261038 25.666464807 27.2323118774 28.7027164228 25.2151778787 28.7262923141 29.2419992692 28.1031912912 26.2266699041 54.6709067386 55.1223410027 47.925230282 26.0444341966 27.8258353825 25.5231138527 27.0591351272 25.6760848168 48.0499613117 28.2183823992 25.5278266442 28.9633826412 25.6829049869 27.5096427794 46.1564945766 46.1564945766 26.7646822156 77.3287972142 54.8464181697 73.1660284411 73.1660284411 73.1660284411 50.5494381675 50.5494381675 51.066596736 56.2347389 56.2630632455 56.2630632455 57.5657556727
55.2295943186 55.2295943186 27.8260791022 27.9353374187 26.5726289702 27.5236259012 27.1808312946 28.9183093919 25.1102104326 25.7100461801 26.7589723512 27.4510633953 26.2259697654 28.1595772712 27.2402331161 25.5940334986 27.4675461765 29.2243510268 28.3611284316 27.0021706634 27.3429884107 29.1679123198 27.1417515924 25.4326703388 25.4086178795 26.9702693576 28.1854182907 29.0636131714 25.7591020199 26.6027405 25.7706262344 28.2323435884 25.4807866059 26.5820027671 57.2679928947 27.788937637 29.2348762539 25.0673381644 28.0965634234 25.4818589846 28.5588179883 25.3205718583 46.1564945766 46.1564945766 25.4862180007 26.5087750836 77.3287972142 41.3736075455 73.1660284411 41.3736075455 49.9113834644 50.5494381675 51.066596736 56.7997847238 56.2630632455 26.1301849272 27.3345171712
55.2295943186 55.2295943186 27.2317562207 27.7080760194 26.6690611854 28.9927279587 26.6185274098 27.9625596809 26.9440253227 26.0219014209 28.8684379712 29.1278070821 26.8657207484 25.5847248658 28.4226682482 26.0743941466 26.4637731148 29.1625560714 27.2301588338 26.2244809778 25.2637649256 25.777954306 27.2779761997 27.7756674861 25.9766402349 28.0949098564 25.0931636456 27.3778625776 27.276639331 27.7385176121 25.5944006982 25.6436715137 26.6639352602 42.2596592908 42.2596592908 42.2596592908 28.3928234574 25.4654108342 26.8654640569 29.0311804786 28.2426137598 25.282150273 28.5974107526 27.9253799952 26.941633449 29.2355481293 27.7291733671 53.9800165934 53.9800165934 53.9800165934 27.5726786885 27.8969908572 29.1325211922 28.1661216736 27.0532887951 28.9402833777 27.0849221474
40.7723859779 40.7723859779 27.2369561156 28.7964250267 28.6639845951 28.8970014789 27.5918763118 29.1085979333 26.9594572241 26.4361758523 25.5767843282 26.1598424657 27.078467258 27.6630832223 26.7914756527 25.7369245587 25.6257024482 28.2096333899 27.3464479796 26.0652975933 25.1744478907 28.7953233384 28.1645866718 28.792763843 25.6633909884 25.8556808485 26.5547221448 28.8199470756 27.3076909842 25.9168301877 27.7775355938 25.6622158389 26.0379553022 42.2596592908 42.2596592908 42.2596592908 28.7048220279 26.299708231 28.8006038868 28.431926735 27.2471725251 27.9909400179 27.704832532 28.2833071261 25.6709950705 27.0975996973 25.9996900721 69.2358651797 53.9800165934 53.9800165934 52.2713968679 26.6880102278 27.5592673067 29.040037228 28.6438893815 28.3125618412 26.9871140826
40.7723859779 52.2820102606 52.2820102606 25.1206432947 26.2375132796 28.3360765021 29.1042260534 25.6877663792 25.6336095115 25.076915016 27.5546161872 25.2311877702 29.1282801262 27.9224137887 25.9210076246 26.8730070837 27.5902696671 27.071907938 27.5628016602 27.5141294448 25.7554552856 26.5784202891 29.1336055016 26.6143599057 27.5071298181 25.7191125491 27.599667612 27.4268529201 27.6257996722 27.9994413961 27.6990912353 26.8094366292 25.2599329414 26.8053202245 42.2596592908 26.1250377585 27.1092624673 25.5103303576 25.2078793502 28.3400309441 28.4056214842 28.0615768917 27.6868925825 26.1430958389 25.7822277702 28.847701637 27.9332891522 25.2744356934 64.6610820922 64.6610820922 45.8613086358 28.3660105179 28.3625658081 25.7100858321 56.992967493 57.0972902563 57.0801623184
52.2820102606 52.2820102606 52.2820102606 40.2705295285 48.7314849467 48.7314849467 26.877009254 27.1725402492 26.5745000307 26.6376991212 25.166581338 27.2914106783 26.1594090493 27.1756987532 27.446024196 27.9383023539 26.0129025387 25.7718181237 26.0439890284 25.6411212811 27.2982037824 25.7703451729 25.0566725062 27.3161602012 27.4441674667 26.2752133629 25.1554463944 25.8608574858 26.8698564297 25.6690025678 25.0055917431 25.8231478223 27.3429039988 57.0114878992 57.0114878992 57.0114878992 28.2942255154 27.5802291029 28.5243377829 26.7278673884 28.564888514 27.1456268774 26.5562443388 25.3192716847 27.2860071567 28.4697201566 26.8151218 28.8266240901 64.6610820922 64.6610820922 49.4560914852 27.3240170111 27.5966485118 72.1594991835 57.0972902563 57.0972902563 57.0972902563
64.443694004 69.7984080232 69.7984080232 37.0520576512 48.7314849467 48.7314849467 68.8416934409 25.5931190219 28.226277789 28.6152269257 28.1300048247 28.9161169359 25.4080548086 25.6272705023 28.8051744334 28.868130608 26.409763267 26.1906433669 28.5416573659 27.8301044649 26.4328264579 26.7100985116 25.6529873946 25.9577244251 27.6844663069 25.7176936316 28.394004424 28.6991370533 27.6868177812 25.4715695005 28.4968609307 29.2207651956 25.9417442629 39.979214703 57.0114878992 57.0114878992 26.4647045122 25.2669082717 26.3373008947 26.4022584645 28.447729936 25.8820270664 25.533175947 27.3828599338 28.7609615349 27.120979013 45.8734210301 70.1668585791 46.5116221268 56.3507726694 49.4560914852 49.4560914852 25.7437906951 28.4931716441 56.992967493 57.0972902563 57.0972902563
26.6696445124 25.9218717836 49.6874865869 53.7316266288 53.7316266288 62.5257101205 68.8416934409 25.6196515653 29.0588238454 27.4040507441 25.8393179139 27.7062248891 26.909580013 26.4526864075 27.7092964777 26.0998801933 28.3900552803 25.8278405162 26.3249800519 27.2124255126 25.6979283219 28.9605294185 29.220364675 25.494152684 27.336882636 28.1015961608 25.9365569923 28.9826185737 25.8083940962 27.1856955151 28.27943814 28.4630110222 26.7226581918 63.7798218548 63.7798218548 63.7798218548 28.0896019931 28.2409741612 27.9389727006 28.0351706352 27.9289116144 27.4394155478 25.6374218298 52.8891774661 40.4090672807 25.7268252014 47.4992859065 70.1668585791 70.1668585791 56.3507726694 56.3507726694 49.4560914852 27.7682915218 27.004379178 25.8554455585 28.0963113866 26.2070122019
