Spatial_Output/BAU/BAU_0287.asc
NCOLS 155
NROWS 192
XLLCORNER 196307.867259
YLLCORNER 449144.565805
CELLSIZE 33.573938
NODATA_VALUE NaN
[rows 75 to 99 of 192, columns 0 to 56 of 155]
69.2314019752 80.1236992038 80.1236992038 58.3068292644 58.3068292644 80.4101538359 58.1193782535 58.1193782535 82.7754590203 72.2813109616 80.1200983016 58.3681737716 45.1549297255 45.1332181733 45.1486811354 44.9660168535 44.5633878171 44.6415528388 44.6393528185 44.6960387867 44.8314211583 45.0180839589 44.9558576241 44.9018851816 44.6464239757 44.9466906864 45.0758569876 63.3970035029 63.3970035029 63.3970035029 44.813186309 44.7870017385 44.6973133693 44.7923749421 45.1879104476 44.6513938543 55.9649688769 58.71696679 56.3852552587 45.1612612183 61.0360296711 64.9957748644 61.0360296711 44.7620794287 44.7719331565 44.554431916 45.1699916606 44.8069063475 44.9095495869 44.8312987354 44.6307199012 44.7880461647 45.0608397841 44.5719368814 44.842138127 59.1839652254 59.1839652254
0 80.1236992038 80.1236992038 58.3068292644 58.3068292644 58.1193782535 58.1193782535 58.1193782535 72.2813109616 80.1200983016 79.9143645716 79.9143645716 44.7827121975 44.5458438679 44.7967558135 44.5071261773 44.8312252927 45.0122627412 44.670099629 45.1165691486 45.1997467829 44.6169548471 44.7459724667 44.7466690837 45.0280940443 44.5986206001 44.9904194124 45.1172965915 63.3970035029 63.3970035029 44.9001906189 44.5869533316 45.1763878974 44.981624541 44.5655523598 44.675314793 93.2970295702 55.9649688769 93.2970295702 44.8772084696 44.9972053049 61.0360296711 61.0360296711 44.6194543686 44.968078596 44.5663796569 44.9293333916 44.5709068081 44.5723297611 45.0405078087 45.1662281986 44.6117539705 44.5540598719 44.7607535603 83.954576097 45.0408226307 59.1839652254
0 0 68.9333533432 0 58.3068292644 80.4101538359 58.1193782535 72.1247218142 82.7754590203 80.1200983016 80.1200983016 79.9143645716 44.5041738141 44.9370872752 44.8402957852 45.1403271841 44.508341498 44.5160179485 44.8539661524 44.5533829187 44.5563238503 45.1414272613 44.9924765804 44.5869071602 86.996038253 86.996038253 44.6496218162 79.971654677 80.198863731 45.0357772066 44.880881707 44.6170146818 67.9214711198 77.8983659866 59.8814611895 67.080207306 65.2766639355 93.2970295702 93.2970295702 44.9567571672 45.1172964657 56.9886651482 56.9886651482 56.9886651482 45.0210414728 45.0498623557 45.0881425156 44.9397769806 44.636779217 44.9763880384 45.1590147209 45.1968453653 44.9745644855 45.0930225477 44.6278843614 45.1003693531 44.7341114075
0 0 0 0 0 0 0 0 0 0 0 0 0 44.9929574777 44.6885654125 44.6725584644 44.9390979553 44.7537154647 44.7753858646 44.7485084291 44.7179956882 44.873286678 44.618530472 45.1093330053 86.996038253 44.9371202712 79.971654677 80.198863731 80.198863731 80.198863731 45.0526266215 67.9214711198 67.9214711198 77.8983659866 59.8814611895 65.2766639355 65.2766639355 66.0611818667 66.7720328984 75.2605856958 65.5056342487 76.1348887523 77.37441878 44.9491026668 44.6670851613 44.8129662309 44.8686171651 44.8289319437 44.559317366 45.0976411367 45.1139057534 44.8720440613 45.2017399436 44.6399839616 45.0590888224 44.5414421634 44.6474526288
0 0 0 0 0 0 0 0 0 0 0 0 0 45.2041077668 45.1940178129 44.6713000356 44.9369030896 44.8657909839 44.597479411 44.5165023755 45.0072185604 44.6827709778 44.7645196251 44.8889392525 44.5646477285 44.8582780191 64.3526816819 45.0429426039 80.198863731 65.4751100072 44.5096506024 44.9595375542 67.9214711198 77.8983659866 59.8814611895 65.2766639355 65.2766639355 66.0611818667 66.7720328984 65.5056342487 65.5056342487 76.1348887523 63.3663083296 57.8800282651 55.5436995405 44.5250742351 45.0840014425 77.088079934 45.059046418 44.752766757 54.2757580632 54.2757580632 53.2573648784 44.6197802961 44.8579238993 80.3567201659 80.6247702393
0 0 0 0 0 0 0 0 0 0 0 0 0 44.7495900577 44.7763900911 45.1835303084 44.6768164297 44.7962723556 44.9531156287 44.7855499629 44.9718973733 44.933348725 44.7651921882 44.9689723097 45.0741991846 45.0435901165 70.6783961355 70.6783961355 44.9614856601 44.8072081447 45.1300805918 44.8848648079 44.7066829292 44.6486203301 44.9312749058 82.0077810462 65.2766639355 66.0611818667 75.2605856958 75.2605856958 65.5056342487 76.1348887523 63.3663083296 63.3663083296 44.5490409794 44.9831947482 45.0948137544 44.8188990923 44.5389854195 44.7226156069 54.2757580632 44.8748436089 44.8015242655 44.5167064788 44.8515434793 45.1072070746 45.1119272372
0 0 0 0 0 0 0 0 0 0 0 0 0 0 45.1298035914 44.6660427278 45.1506900879 44.6643430282 45.1279062248 45.0859839689 45.05504044 44.7588507619 44.732532378 45.0631968226 51.7114760278 76.795379064 70.6783961355 70.6783961355 64.3526816819 45.0340553277 44.8906303245 44.8440002097 45.132448279 44.9334490689 44.6120060548 44.8711897368 44.6581109758 45.1591513924 44.7811090118 44.7295226621 44.6769565357 45.1827527778 63.3663083296 44.8833865144 45.1330397674 45.0164582836 44.9540717026 44.5242931822 62.0391500579 44.8825866223 44.8238902472 45.0825178643 44.8720238083 44.6370947902 45.0689662308 44.5887694969 44.687766001
0 0 0 0 0 0 0 0 0 0 0 0 0 0 44.5746820604 44.8452696109 44.8083073748 44.59658184 44.6508581054 44.6310674008 44.9018054736 44.7292916724 44.9834691829 55.090727993 70.9830265441 70.9830265441 76.795379064 44.7009189429 44.9247448471 44.5171582676 44.7936024384 44.9729161744 44.5129890995 44.7909077282 44.7296303294 44.8596914655 45.1401282633 44.9172984719 44.569563792 44.8053528817 44.736281558 44.8979400935 44.8459293521 44.8181067063 44.5020708018 44.6900517965 45.0605932177 45.1366013226 82.5354995635 82.5354995635 82.5354995635 45.1265361144 44.8718425148 45.0323395814 44.7605722864 44.9021771596 45.1814886866
0 0 0 0 0 0 0 0 0 0 0 0 0 0 45.0363258869 44.7322279468 44.921884746 44.8127563325 45.0275345046 45.0318020253 45.1939304512 62.4277028937 56.643210958 49.8978307341 70.9830265441 70.9830265441 69.0620828161 45.1045929199 44.8776674009 44.7784159021 44.7803851206 45.0062562733 44.5904790607 45.1903461397 44.5833166954 45.0549418871 45.1202751707 44.5093572531 44.5475985833 45.0982257031 44.7415836114 44.5245718838 44.8303821033 44.5445317439 45.1910641293 45.0283996355 44.5914779137 47.3594342894 47.3594342894 82.5354995635 90.4177225232 44.9421974174 44.9630447549 44.8406436834 44.9226338887 45.18047516 44.7914278129
0 0 0 0 0 0 0 0 0 0 0 0 0 0 45.0624483141 44.7901539438 44.7850435448 44.7361605969 77.5096215799 77.5096215799 65.9916599017 65.0981285528 56.643210958 56.643210958 49.8978307341 44.7369062972 44.9500576147 44.6789755721 44.9473128973 44.7135135105 44.9322942423 44.9390273903 45.10532173 45.1771235741 45.0511768767 45.1068983845 44.6213398403 44.9043292858 45.1750262009 44.5024597388 45.0708956641 44.9247985385 45.1257658418 45.1383356532 45.0693066585 44.9090983655 44.5764994875 66.6025283581 47.3594342894 66.6025283581 44.5251191882 44.7062470194 45.046907758 44.6597777904 44.6269745936 44.7295254865 44.9253086708
0 0 0 0 0 0 0 0 0 0 0 0 0 0 44.829313827 44.9281572725 44.508842917 45.0128749336 71.831043691 71.831043691 65.9916599017 65.9916599017 56.643210958 56.643210958 45.0572034703 44.7715802321 45.072300119 45.052783482 44.9789550254 44.5198409702 45.0355912654 45.1396126132 44.9114779173 45.0578729074 44.5348049867 44.8877155512 45.1718455593 44.8139913003 45.1873020818 45.110093617 44.8530454557 44.8146707885 45.0104161427 44.9197615266 45.0817473559 44.825329921 44.921505974 45.1546496794 66.6025283581 44.6393349928 82.7099574104 44.5432679246 45.1402606156 45.0778460696 44.9159178354 44.9075882907 44.5026926706
0 0 0 0 0 0 0 0 0 0 0 0 0 0 44.8334692038 45.0557132205 44.9639026403 69.9802755276 69.9802755276 71.831043691 71.831043691 101.7833869351 57.8033996049 45.0607042509 44.8431712332 44.8889867494 44.6863879214 44.866379483 45.1088179991 44.7084270311 45.1703410863 44.5098339431 44.7028785938 44.8870984957 44.7199863438 44.8218493446 45.1852209599 45.1441782284 44.8538671452 45.01109128 44.8786211733 45.0651501015 44.8291135877 44.7484906751 44.9465306656 44.9738816474 45.0394915031 66.786463508 44.8762547594 66.786463508 44.8217020617 45.0551182479 44.9002513184 45.1745718038 44.5821634109 44.8412320168 44.9956469603
0 0 0 0 0 0 0 0 0 0 0 0 0 0 0 44.9473765346 61.9347095825 69.9802755276 69.9802755276 69.9802755276 57.7776170208 57.7776170208 44.5243926443 45.1338149918 45.0269445857 44.8612004514 45.1075378872 44.7411987252 44.5950463769 45.1062284591 44.9461199353 45.158088429 45.0614253214 45.0473726139 44.6282450332 44.6299457696 44.8582137643 44.7885741684 44.8718114351 44.9547863388 44.5197639807 44.8653294188 44.7293188253 44.7016474159 44.7888720107 45.013555489 44.6362905937 45.1114705375 66.786463508 84.7598345485 64.8114162647 44.8707152159 44.722002382 44.9979324597 44.7930595939 44.7373466461 44.7472889744
0 0 0 0 0 0 0 0 0 0 0 0 0 0 0 60.6666271041 65.0146245347 65.0146245347 68.5431755227 44.5730245577 44.5244157147 44.5365023283 44.5280612942 44.7833851907 44.8761135195 44.7762115567 44.9712733303 44.6982446031 44.9194871708 44.601918486 44.83764062 44.526109433 44.5210488184 45.172874795 44.5524205162 44.6081375026 44.7105601349 44.8497211877 44.7018511418 44.7556275915 44.6390504767 44.5352465001 44.8936710683 44.5161260021 44.8762662537 45.1935462962 44.6035318055 44.6744745127 44.7469843683 64.8114162647 64.8114162647 44.6955203563 44.8778341713 45.1970101833 45.2005474515 45.1073993905 45.020167865
0 0 0 0 0 0 0 0 0 0 0 0 0 68.3048298922 61.0050439322 61.0050439322 61.9347095825 65.0146245347 65.0146245347 44.862377758 45.135405861 44.656447537 44.9782141259 45.0911282252 45.0958753022 44.8828048685 44.7501074912 45.1144708457 45.1560712171 45.1931317127 45.0660596317 44.9104990047 45.0315138512 45.165620354 44.7014661605 44.5357215819 44.6460116648 44.6783927498 44.604802699 45.168267827 44.702893621 44.5440646579 45.0391061191 44.5896579898 45.0393654019 44.596655036 44.6488134705 44.6464391007 73.7894221476 73.7894221476 73.7894221476 73.7894221476 44.6773848368 44.788127852 44.5344678787 44.6756009266 45.1424577917
0 0 0 0 0 0 0 0 0 0 0 0 68.7133758045 32.5976462866 32.5976462866 60.0283847606 60.0283847606 60.0283847606 45.1512952833 44.7337491718 45.1907150813 44.7558338373 44.8181094498 44.8720226821 44.6042758742 44.7562767735 44.5491107469 45.1254804103 44.6261199046 44.9567385624 44.8065479527 44.6353874383 45.1185944576 44.5850413298 44.8611297966 44.9826086787 44.811471116 44.5745262828 44.5909978843 44.5986713171 45.1307511854 45.1116100088 44.9429174464 44.9468479034 44.8179489153 44.993085968 44.6200666073 75.5482042801 44.8389258664 73.7894221476 73.7894221476 44.9344214187 44.8146847001 44.6443721292 45.1290636547 44.5668835005 44.684444703
0 0 0 0 0 0 0 0 0 0 0 69.5794076467 55.9719079571 32.5976462866 32.5976462866 61.0050439322 50.2747445896 0 0 45.0069578709 44.5197131501 44.8943371174 45.0782670607 45.198098043 44.6840210072 44.6724005671 44.5028238216 44.8295738688 44.9884976027 45.0475907595 45.1453037916 44.97613631 45.0720130687 45.0060545279 45.0824927028 44.9617991997 45.0828212347 45.1704067713 44.9943580326 44.6719948036 44.6819956658 45.0167407887 44.570339546 44.8339414005 44.9576975105 45.0481696423 45.168004676 44.650842591 68.463859166 73.4809749934 44.9028281677 45.1293025092 44.763650789 45.0866801253 44.5340610533 44.5005166146 44.8082994343
0 0 0 0 0 0 0 0 0 0 64.0522000836 58.4175396204 55.9719079571 68.7133758045 73.6143564558 65.2788203376 0 0 0 44.6389367642 44.5199794241 44.6535274245 44.6626183959 45.0266214256 44.9641078467 44.8597724299 45.0235682507 45.1299829567 45.1833672123 44.5903404655 45.0851394578 45.1264011151 44.6081474593 44.7287598556 45.0335535058 44.5086395442 44.6210520392 44.8823643425 45.0771334888 45.1269362188 44.5163608508 44.9346598686 45.0389505548 44.9028228008 44.5031014875 44.7434490299 44.9800250032 45.0010469934 75.5848512805 73.4809749934 73.4809749934 45.1451758616 44.7021931903 44.97135189 44.5632249865 45.1903137646 45.0560475441
0 0 0 0 0 0 0 0 0 56.8406311105 58.0726088448 58.4175396204 58.4175396204 58.2111376835 0 0 0 0 0 0 44.873454356 44.8290665577 44.7801904021 45.0598647994 45.1426313779 44.5629521962 44.8872208151 44.92769793 45.1647373035 44.6683127298 45.0232973703 44.7828704734 45.0842325816 45.1550689903 44.7548501392 45.0406678241 44.9863891043 44.8932310699 44.977573203 44.51266003 45.0280767568 44.597996921 44.5597887378 44.9313433875 45.0633479206 44.9764713358 44.8079131325 75.5848512805 75.5848512805 75.5848512805 44.5255504854 44.9157848594 45.1721505477 45.1495071491 44.5313904975 44.703105372 44.7304969036
0 0 0 0 0 0 0 0 68.8933493782 56.8406311105 58.0726088448 58.0726088448 58.0726088448 0 0 0 0 0 0 0 0 0 44.9567406554 44.8117394972 45.2025451481 44.9340770592 44.6500723094 44.7132178399 44.5999058185 45.1931183304 44.5883939588 44.7154964117 45.1133016837 44.5758256358 44.7005862864 44.838852509 45.1901634788 45.1546854554 44.6328043877 44.6646889842 44.6858984486 44.5099653713 44.9440483588 44.6531063051 44.9645809109 44.6059591951 44.7823568074 44.7379754118 44.5642207106 44.5483999891 60.2134777714 44.9825276045 45.1180719876 44.8130860727 44.5174582497 44.5497755553 44.542180117
0 0 0 0 0 0 0 0 68.8933493782 56.8406311105 56.8406311105 67.0373508753 0 0 0 0 0 0 0 0 0 0 45.0616617761 44.5811876908 44.7769143296 44.9027729433 44.7844888989 45.173587951 44.6444469734 44.9842482091 45.1399104907 44.5072849388 44.6382485071 44.9531430854 44.5614507742 45.0725329329 44.9759918789 44.7620670421 45.036865323 45.1840049153 44.5137271635 44.8855372272 44.6734871333 45.1705131394 44.6922152792 45.1415003481 44.8805559285 44.7742512557 62.8123713184 63.0309745939 44.9966284196 44.9072324226 45.1884395871 45.0837336037 44.7847302523 44.7523546023 44.5894839398
0 0 0 0 0 0 0 67.3651589034 0 0 68.8933493782 0 0 0 0 0 0 0 0 0 0 45.0285850465 44.6642764869 45.0059642791 44.9217816599 44.7857876341 44.6476766811 45.138802809 44.8057822353 44.8266406845 45.2041632123 45.1296423828 45.0874947861 44.9706631211 44.5153539066 44.9686454749 44.8883316743 44.6436672465 44.9071189093 75.6178878558 44.845531703 44.9179478462 54.584685349 44.7942181299 45.0949777452 45.1484616127 44.7580285379 62.8123713184 62.8123713184 62.8123713184 44.9195752132 44.7050471416 44.6063049992 44.8966375632 44.5950636422 44.6977473792 44.9589081835
0 0 0 0 0 0 0 67.3651589034 67.3651589034 0 0 0 0 0 0 0 0 0 0 0 44.5046020478 44.7155235409 44.7305285639 44.8096927218 44.8710504954 44.8521460815 44.9972925247 45.1937164803 44.6996151026 44.7386124437 44.6556919102 44.9817137216 44.8915035261 45.0721113875 44.8369518173 79.6562009274 44.5359118174 61.6744231862 60.5090404528 75.6550356049 62.1738997969 57.832741538 45.1716077429 45.1824390912 53.5121175821 80.1842391752 80.1842391752 74.3390208638 74.3390208638 63.0299247131 60.567772984 44.8999572674 44.5978447617 44.5963016227 45.1477666219 44.8101718287 44.6633216646
0 0 0 0 0 0 0 0 0 0 0 0 0 0 0 0 0 0 0 44.6591606188 44.7195867373 44.917885104 44.6729126943 44.8090002146 45.1525088081 44.5542737476 44.9118425319 44.8821104571 45.1590440569 44.9893010135 45.0776778139 44.9079454209 44.8677805146 45.0634514368 79.6562009274 79.6562009274 79.6562009274 61.6744231862 71.0704368657 62.1738997969 62.1738997969 57.832741538 44.6543254755 44.8144369429 45.1862663258 80.1842391752 80.1842391752 74.3390208638 74.3390208638 44.7259053987 44.7860627094 44.9873649331 44.9846960609 44.5804753737 44.5870123207 45.1880368435 44.8961021406
0 0 0 0 0 0 0 0 0 0 0 0 0 0 0 0 0 0 0 0 44.8177850681 44.7768155953 44.538989707 44.7260462553 45.1336333528 44.6201594411 44.5529756012 44.8535519894 44.50929877 45.1581350541 44.568000355 45.1269822237 59.4212073762 85.7545029261 85.7545029261 44.7493981603 79.6562009274 61.6744231862 71.0704368657 71.0704368657 62.1738997969 53.8128284541 44.7552630787 45.0799347109 63.8658055834 53.5121175821 80.1842391752 44.8870296788 74.3390208638 45.1801240982 44.5693189828 45.0193259326 45.1561745013 44.7483337198 44.6599824373 44.629318294 44.5314076115
