Spatial_Output/BAU/BAU_0148.asc
NCOLS 155
NROWS 192
XLLCORNER 196307.867259
YLLCORNER 449144.565805
CELLSIZE 33.573938
NODATA_VALUE NaN
[rows 25 to 49 of 192, columns 0 to 56 of 155]
0 0 0 0 0 0 0 0 0 0 0 0 0 0 0 0 0 0 0 59.3815733531 68.5651226332 68.5651226332 32.9499850985 56.9075740173 56.9075740173 74.6963901983 74.6963901983 71.6764816023 44.9420996978 44.5269824565 44.710841257 44.7330573135 45.0781662941 44.6592392275 44.7217358117 45.1466725605 44.8080604857 44.9196297728 44.7092481853 45.1691613008 44.912059245 44.7409308608 44.6596886633 44.7994491936 44.8315135855 44.6863309092 45.0613309101 44.9711536793 44.7368561088 44.9392972057 44.8662199403 44.9465768043 44.868972211 45.125310697 44.8383698804 45.0643470996 44.8929037869
0 0 0 0 0 0 0 0 0 0 0 0 0 0 0 0 0 0 0 0 0 45.1560157495 44.9298517075 56.9075740173 63.4469134408 74.6963901983 81.6784365662 81.6784365662 84.1812172628 56.9874453526 44.5990358465 44.6081649344 44.6577459622 44.7503219506 44.7267957592 45.1606372807 44.9186132839 45.0007903166 45.0968314278 44.7232300303 44.9591668127 44.5308268982 44.7932904311 44.7795907123 44.8809727943 44.5767905882 44.8507874154 44.6208189118 45.0135827578 45.1843354758 44.8682655431 44.9837435586 44.5870473149 45.0047525567 44.947338211 44.7970003561 44.8920923264
0 0 0 0 0 0 0 0 0 0 0 0 0 0 0 0 0 0 66.3433855298 45.2065250715 44.6499871787 44.7905034469 44.6027210025 44.8710347771 44.6955517678 74.3184009516 81.6784365662 81.6784365662 84.1812172628 44.9208870238 74.4941874087 44.7538145377 45.1848259383 44.5788108369 45.13423257 44.6793389993 44.8959150084 44.6545639525 44.870113422 44.5061629838 45.0914748966 45.0673742628 44.9483153108 44.5031719221 45.1301299158 44.6370966268 45.1933990449 45.1013629136 44.9194006732 44.8709592003 44.9666942171 45.0852776962 44.8361617866 45.1651309037 44.5671290704 44.9724178757 44.6137270394
0 0 0 0 0 0 0 0 0 0 0 0 0 0 0 0 0 66.3433855298 45.0766258545 45.0941325818 44.5950656231 44.7819790886 44.6135125279 44.704867018 45.0420191898 44.6212497365 81.6784365662 84.1812172628 71.874841023 62.9256721821 62.9256721821 88.8672796756 45.1944829061 44.6604905498 45.025261321 44.8334513042 44.5611435214 44.6921211765 45.1606891045 44.9981590214 45.0179358479 44.7068182474 44.6469273189 44.8316004694 44.6593603902 44.8609172501 45.0801923012 45.205978089 44.9429277264 45.0749905071 44.8896262896 44.975007177 44.9278822734 44.827191923 44.6300173945 44.5350716043 44.8605016492
0 0 0 0 0 0 0 0 0 0 0 0 0 0 0 0 0 44.9202515211 45.0356595253 62.998404782 64.5139181826 72.4729384431 45.156602987 44.9665670121 44.9245895772 45.1294357771 45.1776337557 79.2965140202 44.5714424274 62.9256721821 62.9256721821 70.2801039552 70.2801039552 45.1290855045 44.6395870745 44.6338144666 44.6219264901 44.8431286687 44.9582763673 44.7413963504 44.8830818074 44.6972755107 45.0400223639 44.9396424092 45.1933008649 45.030591166 44.8170205354 44.8535765754 44.6121392326 44.9563745959 44.5330231081 44.653221195 44.538958693 44.6564241448 44.8694008676 44.8628612372 44.9266634711
0 0 0 0 0 0 0 0 0 0 0 0 0 0 0 0 44.8585339287 44.8364452007 44.7446930572 65.826390943 67.1871719171 62.4729611321 45.1619008543 45.0372081465 44.6491636891 44.5846882137 44.9575176253 44.5156948919 44.7236853889 62.9256721821 70.2801039552 70.2801039552 58.7733255426 58.7733255426 44.8037151366 44.813284253 44.5776767569 44.5404681414 44.8491256209 45.1192651831 44.8297084162 44.551368932 44.9103866625 44.7675571943 44.8461711152 44.5628162513 44.5149392962 44.8562898915 44.586308127 45.1265097691 44.9532355949 44.5378303858 44.7074698716 44.7822410063 44.9908036767 44.6618276015 44.5216008134
0 0 0 0 0 0 0 0 0 0 0 0 0 0 0 44.717934736 44.6832203211 44.9882582415 45.2044935404 63.6828631344 64.5234675258 63.8852694432 67.210223441 44.5134857067 45.1947103963 45.0016738667 44.6480082698 44.5263869944 44.6757821666 44.5463650917 70.2801039552 54.6872220106 58.7733255426 58.7733255426 77.9942335672 44.7656010417 45.0350636554 44.9874982075 45.132115 45.147294416 44.5795086385 44.975777405 44.6544712851 44.6721082617 44.8617601118 45.0907058289 44.9091211101 44.9546135705 44.841451412 45.0307242798 45.0383906817 44.8058498007 44.9960130312 44.8549104087 44.9310084439 44.6663524392 44.6084978175
0 0 0 0 0 0 0 0 0 0 0 0 0 0 0 44.5100605219 45.1330317063 44.8961342388 44.760415825 60.9438645612 69.3870169014 70.6989030208 65.307728379 44.6463028174 44.6515018463 44.9143886056 44.676361099 45.1246630511 44.6295296486 44.9253088145 44.5717391342 45.1827162118 58.7733255426 77.9942335672 72.5406270451 72.1817418911 44.5604263034 44.7320123016 45.087157426 45.0655262599 44.5670940579 44.9661528613 45.014217342 44.6296563114 44.72625306 45.0869640879 44.5100980626 44.8778758825 44.5524519839 45.0483249614 44.7949125763 44.6612800048 44.5063710465 44.6434801336 45.0971290153 44.982151877 45.1208208886
0 0 0 0 0 0 0 0 0 0 0 0 0 0 0 44.9308073539 44.8338772776 44.5982911464 44.8626221216 44.6914066993 65.2360883571 70.9300736139 66.58170186 44.8697609642 44.889369603 45.0445801846 44.7978813565 45.1263137378 45.1298863858 44.7723215486 44.7917647364 44.514747713 77.9942335672 72.5406270451 44.7918637288 72.2302024862 72.2302024862 62.8378304587 44.9230287556 44.6497188427 44.5790893195 45.0552738859 44.6366078665 44.788836273 44.5253454669 44.7159173263 44.8872993081 44.9886696315 45.0572383615 44.6964467049 44.5484789373 44.9331529044 44.7472445809 44.7771574416 44.7372008381 44.648084607 44.8987282632
0 0 0 0 0 0 0 0 0 0 0 0 0 0 0 45.1558479413 44.5157001068 45.1432309623 45.060891132 44.7540296768 44.555438675 44.6548154667 45.0538179276 44.8730710318 45.0980893492 45.1848623221 44.8543799998 45.0667475997 44.6503059421 44.7956646319 45.0488105441 44.838372025 44.6386472449 45.1282836436 44.6346280908 72.2302024862 60.3723095196 60.3723095196 44.9470605669 44.9151063071 44.6226942689 44.6360853126 44.5122373305 45.1861341815 44.8503676525 44.5598981387 45.05116204 44.5897758075 44.5172863612 44.5679244765 45.1205655847 45.0181458308 44.8245529356 45.1680289316 44.6740590022 44.9338632268 44.6014600906
0 0 0 0 0 0 0 0 0 0 0 0 0 0 0 44.7179891791 44.5733605827 44.8614782292 45.1733745669 45.1708030056 45.1322690166 45.1516467984 45.0194555675 44.9487014539 44.7370946006 44.9232491335 44.9969038722 44.523988411 44.6977314608 45.0793452808 44.5967832519 44.7219836955 44.66619376 44.8494168698 44.6344810467 62.8378304587 60.3723095196 60.3723095196 45.0172981687 44.8053482823 45.1567360333 44.8224699707 44.9377451552 44.509573156 44.544511432 44.8812955177 44.8741213537 44.7798194117 44.8154975627 45.0748376241 44.7017760551 44.9000374387 44.806738605 44.7109118823 45.1749391148 44.7810581704 44.6915747129
0 0 0 0 0 0 0 0 0 0 0 0 0 0 45.0572766068 44.6354521619 44.527958232 44.859786974 45.0841766881 44.8907902843 44.6394817802 45.2019559185 45.1811217699 44.6222699709 44.8639362137 44.673415994 44.7291844284 44.7911775383 44.8452957454 44.5751632584 44.9203897478 44.5350894101 44.688844038 44.7977592263 44.7850543433 44.6392363946 60.3723095196 45.1602372306 45.0790825179 44.5344671453 44.9245499042 44.829107422 45.0553092254 44.9670137589 45.0084836454 45.0179207122 44.9206771425 45.07422357 44.879445924 45.0287638004 44.5204467485 45.1339193041 44.5139281836 44.6185061945 44.7696994263 45.172263136 44.546977646
0 0 0 0 0 0 0 0 0 0 0 0 0 0 44.8682701207 44.5015776876 44.6721832111 45.20605138 45.0857891415 44.8991171779 44.6511671159 45.1723505703 45.1695983042 44.8605077747 44.5328622772 44.8853350532 44.6654335123 44.6330292615 79.5942714131 79.5942714131 44.5062653314 44.8594771039 44.5850040096 44.9787655787 44.7300709934 71.2069041432 71.2069041432 71.2069041432 44.8701111326 45.0561134724 45.1429449074 44.6826109902 45.1533951155 45.1713355315 45.0397529626 45.1733846477 44.7512108793 44.5705896616 44.5736054221 44.5260868728 44.8722233787 45.0503408825 44.5011613056 45.0093186865 44.7934803305 44.835739751 44.8463044103
0 0 0 0 0 0 0 0 0 0 0 0 0 45.1858714556 44.6885996731 45.1983548895 44.9054099591 45.0701905683 44.7173360485 45.0659178016 44.6270802062 44.7053498979 44.7042915208 44.6176477546 45.0458776847 44.9344951083 44.7542949087 79.5942714131 79.5942714131 79.5942714131 44.8160172558 45.0679652929 44.5199686535 44.8422405487 45.1831434392 71.2069041432 71.2069041432 72.4218385066 72.4218385066 45.1117345265 44.7553759874 44.7859751122 44.6461526836 44.5614966779 44.5059705606 44.9584741504 45.0776492531 44.6035758907 45.0151952743 44.6805440835 45.202046297 44.6134358228 44.6332944714 45.0512771232 45.0143839219 45.0090315116 44.737902403
0 0 0 0 0 0 0 0 0 0 0 0 44.9400831356 44.790631745 45.0293663987 45.0830466871 44.8500846704 45.0939995191 44.7756719352 44.6181122643 45.0574747536 44.6569035815 45.2016406908 44.8463881471 44.5961983355 45.1201300326 44.748770974 44.6163842712 67.3976385603 62.4817271482 64.0541465956 44.5462423527 44.9014169734 44.8977934835 45.0041325673 45.1032114181 72.4218385066 73.6176464719 73.6176464719 73.6176464719 44.6530747266 45.1747498728 44.5630113523 44.7733780071 44.9844126357 45.0084726642 44.5034226396 44.6116045439 44.9635468161 44.7814897879 44.9181848999 45.1812996658 44.9372806808 44.666359172 45.0842421851 44.9359285129 45.1983479725
0 0 0 0 0 0 0 0 0 0 0 44.8539521438 44.7923028619 45.1651433368 44.862045343 44.6319019004 45.0524392005 44.8626056092 44.9731722231 44.6198028658 44.5629855507 44.9122555289 44.7504170389 44.9993541785 45.0407238947 44.6381205929 45.1797368972 45.1195754359 69.0777689297 62.968576538 60.500631263 44.7445994454 45.0487453325 44.9679139818 44.8997632273 44.8320113036 44.8958413133 73.6176464719 73.6176464719 51.9319326109 51.9319326109 44.7965954542 44.7793288924 44.7913621276 45.103591924 44.610985199 45.0618275933 45.0504703065 44.767878604 44.5417371101 45.0877494809 45.0372476107 44.5617308533 45.0685161366 44.9310058613 45.1860702567 44.8019886987
0 0 0 0 0 0 0 0 0 0 44.8791917428 44.9413620999 45.142292853 45.1105185501 44.6651104725 45.0583794738 44.7103792636 44.9814142274 44.6994474522 44.5670674844 44.9041151236 45.0525914845 44.7719932639 45.0468102211 44.707447004 44.6640926234 44.67964444 44.9894079035 67.6588745735 65.9950864558 67.9866673193 45.1711398143 44.9060226916 44.5513809568 44.7923401897 44.5214679182 44.6951581752 68.570879419 51.9319326109 66.6596116584 75.7176046511 44.6447547653 44.7547366767 45.0151549601 45.0328187457 44.6087314623 44.7902055453 45.0604253358 44.8713626936 44.8989174838 44.6890265498 44.5080722338 44.9704464901 44.505296657 44.8614805108 44.6225766812 44.7614670801
0 0 0 0 0 0 0 0 0 0 44.6110902524 44.8110471606 44.5344103458 45.0632530519 44.6270366814 44.8347980999 44.955023093 44.7824021104 44.9097927752 44.7309982218 44.6086159005 44.7618314953 44.6763669951 45.0898075379 44.8820366669 45.0578815583 44.7968183618 44.9554518751 63.7923157895 70.2256533717 60.9707761778 44.7074610564 44.8553234465 44.6681939718 44.9590622416 44.6262086599 44.8764281099 44.8175053011 66.6596116584 66.6596116584 66.6596116584 44.5657500991 44.8486917725 45.0262899421 44.5553330879 44.6266836745 45.1550404864 44.6706500779 44.6421806717 44.7398512589 44.6951889343 45.1358096082 45.0199049581 44.5362046545 44.6251014199 44.8555695495 44.7494587388
0 0 0 0 0 0 0 0 45.0414686832 44.880047601 44.7413323117 44.801896443 44.5891150171 44.8412926021 44.6695229358 45.1234683187 44.5043612547 44.635482748 44.6671098851 44.5116261469 45.0615584142 44.5851655938 44.7258708616 44.8155697281 44.8259656869 45.0680323088 45.1049286037 44.5540651794 44.9908471663 51.2105893629 51.2105893629 51.2105893629 44.7873251954 44.8396182758 44.9913981656 44.7715493386 44.9182812633 64.7602386646 66.6596116584 66.6596116584 56.2643473369 44.8947453293 44.7173703084 44.5357893586 44.8693808314 45.1774287501 45.0487787552 44.6522825938 44.6150374941 44.526530674 44.7656368073 44.9849793018 45.1287918372 45.0177711034 44.8747859892 44.7548859645 45.0626871205
0 0 0 0 0 44.7364700236 44.8777093683 45.1956682615 45.1216322315 45.1296410776 45.1358525621 45.1742816329 44.9725312918 44.6358500716 44.5120143658 45.1974010549 44.6226495901 44.9033792533 44.8746675912 44.8030869136 45.1379104232 44.5133169596 45.134642273 45.0894678768 44.6737297674 44.8745567917 45.1889246485 44.7698107269 45.0535355595 44.959642678 51.2105893629 44.5888058238 44.5954342467 45.1547747892 45.0511944663 44.8591206442 47.3994314029 47.3994314029 64.7602386646 64.7602386646 44.7575179306 44.5039880667 44.9129559271 45.0222901763 44.596808509 44.8222145339 44.707840696 44.6254447961 45.0141087467 44.9117032785 44.8539245593 45.1083344648 44.5329170459 44.6774443324 45.0460872056 45.1260440686 44.7945406497
0 0 44.7694125042 44.8589998297 44.5177297631 44.7507159556 44.935800962 45.0356141992 45.1345789042 44.9880380416 45.0111368911 45.2023839915 45.0825015974 44.9182049406 44.8081840048 44.8552054895 44.8094335156 44.7690804574 44.7715034103 44.8802050832 44.6392646224 44.8706113117 44.9306978136 44.6823083374 44.6765057066 45.0820360284 44.7461114114 45.1937907379 44.5732773677 44.8762265052 45.0595698306 44.6542768994 44.7883540787 45.1130340671 44.9252730149 45.1597830484 44.7475897497 44.5798395831 44.6658155349 45.1123668286 44.9297015262 44.6458112057 44.5210053827 44.6210595826 44.6022566681 45.1852160058 44.9640410796 44.931917408 44.6141814419 45.0407396759 44.8782341246 44.5957251851 44.7691882076 44.9063643493 44.9527757055 45.071882593 44.8164689159
0 45.1933412411 44.6353211553 44.5811148047 45.190825585 45.0909668096 44.9699927115 44.8680652432 44.8675718428 44.7660186033 45.189960319 44.5982071762 44.8704745848 45.196851567 44.9057400017 45.0389411749 45.1914593727 44.8963811394 44.7531927173 44.9842244556 44.8947350539 45.0463960189 45.2006007306 44.9211517552 44.8987193169 45.2061824179 44.752279015 45.1835788175 44.9093652134 44.6152887167 44.7619123314 44.5099110913 44.6738742825 45.1042787428 44.5874927814 44.7007071297 44.6351819626 44.6982013495 52.0149701752 44.7012403048 44.6689290307 44.8429520313 44.8972599314 44.7110366531 44.7821366999 44.6678194199 45.0997894045 44.7695489951 44.6484982618 44.9549603169 45.0897558612 45.0373142616 44.8546957427 45.005761999 44.599053697 45.1411355187 44.5490384271
45.1176020893 45.0813199753 44.7671577021 44.8685278917 44.7231536944 44.7572025434 45.1120395231 44.885454354 44.6178114514 45.0540111059 44.8037978645 44.8363281649 44.7316817702 45.1084722153 45.0133927435 44.8166503458 44.9848982742 44.9077735137 44.8880449204 44.9456904729 44.9908618164 44.7756299165 44.9244334372 44.836569285 45.2032669225 44.6744181648 45.1848952631 44.7395884922 44.8954125849 44.8420417964 45.0949165225 62.8309196851 45.1298587767 45.1412645242 44.9871412386 72.787679686 44.8379826842 45.1490274526 44.6861965285 44.516649899 45.156150571 44.8772600138 44.8371164507 45.1039728835 44.5268226056 44.7950929345 44.8061230308 44.9283925502 45.0056952975 44.6013211551 44.8055984507 45.020456254 44.8623154053 45.069287889 44.5651236881 45.1267500078 44.7405814367
44.8854396169 44.5966125955 44.5010730925 44.7810879981 44.6161938851 44.5590693655 44.8104259678 44.8334059323 44.8095824276 44.6773929816 44.517285769 45.1358895596 44.9360929278 44.5116101599 44.5784915105 45.0323256522 44.6088897113 45.0890518185 45.0402540776 44.9802104848 45.0503726861 44.5808769792 45.0739387013 44.9548514935 44.5387018406 44.7583772781 44.666459882 45.0161679779 44.9057828257 45.1635418183 44.5861250314 62.8309196851 95.4264125278 95.4264125278 64.8015743059 72.787679686 45.0642006477 57.5173327187 57.1843160341 44.7712415528 44.9415980716 44.5563737005 45.1985788928 44.9019250467 44.5081813223 44.8777303777 44.560321965 44.7734744612 44.9961900054 44.7489482277 44.9266938117 45.0185926605 44.5950609584 44.9296167465 44.9018032016 44.8260314944 45.1717807609
45.1720444264 45.1776952081 44.7658462602 45.1308257582 44.965511245 44.7106748716 44.819724594 44.6780126095 44.9941342168 45.185936722 44.7865945099 44.9362199597 45.1772433408 44.8655448306 44.8444892853 44.5920902271 45.1992003522 44.9814734502 44.9492189039 45.0443210981 44.5206495649 44.7652172297 44.9021514607 45.1288208582 44.5618189951 45.1493110762 44.7210779674 44.6371919142 45.1753589219 44.8179192189 44.5723704968 45.0922531471 95.4264125278 95.4264125278 64.8015743059 72.787679686 44.6789477017 57.1843160341 57.1843160341 57.1843160341 45.0522113985 44.6480558016 44.5162912747 44.6702343935 44.7385688373 45.1875230742 44.7888489287 44.6237974783 44.6968656499 44.7411047224 44.9447751177 44.6789516401 44.9232273129 44.730003399 45.0826606646 44.7448864878 44.8798085525
