Spatial_Output/BAU/BAU_1218.asc
NCOLS 155
NROWS 192
XLLCORNER 196307.867259
YLLCORNER 449144.565805
CELLSIZE 33.573938
NODATA_VALUE NaN
[rows 99 to 131 of 192, columns 76 to 151 of 155]
41.3561370489 41.3561370489 67.2683773386 28 28 28 28 28 28 28 28 28 28 47.2988415217 28 28 28 28 28 28 28 28 28 28 28 28 28 28 28 28 28 28 28 28 28 28 28 28 46.3960847893 55.9588927433 66.7538797776 46.3016735341 52.4822875103 51.6203875867 51.6203875867 58.7184187036 58.7184187036 81.3260489513 61.6163025009 49.7645197747 45.3237847124 61.6163025009 28 28 50.8617974497 50.8617974497 28 28 28 77.0585625126 43.4839854756 43.4839854756 62.7053133142 62.4106245815 67.2598287413 62.2381492199 67.2598287413 67.2598287413 0 0 0 0 0 0 0 0
41.3561370489 64.5767163576 28 28 28 28 28 28 28 28 28 28 72.0089382802 72.0089382802 72.0089382802 28 28 28 28 28 28 28 28 28 28 28 28 47.9761906514 28 47.9761906514 28 28 70.2856241401 50.531409269 28 80.8452550916 80.8452550916 38.2230157447 55.9588927433 55.9588927433 55.9588927433 66.7538797776 51.6203875867 51.6203875867 51.6203875867 58.7184187036 58.7184187036 81.3260489513 81.3260489513 61.6163025009 61.6163025009 61.6163025009 61.6163025009 28 50.8617974497 50.8617974497 28 28 47.5767971531 52.234669411 52.234669411 43.4839854756 62.4106245815 48.6521785496 67.2598287413 67.2598287413 67.2598287413 0 0 0 0 0 0 0 0 0
64.5767163576 64.5767163576 64.5767163576 28 28 28 28 28 28 28 28 28 72.0089382802 72.0089382802 72.0089382802 28 28 28 28 28 28 28 28 28 28 28 28 68.5317248399 68.5317248399 55.2016072715 28 57.5774350328 50.531409269 50.531409269 70.2856241401 80.8452550916 80.8452550916 55.9885626052 55.9588927433 55.9588927433 66.7538797776 46.3016735341 52.4822875103 51.6203875867 28 58.7184187036 58.7184187036 81.3260489513 61.6163025009 49.7645197747 49.7645197747 61.6163025009 45.3237847124 28 28 50.8617974497 28 28 52.234669411 52.234669411 52.234669411 52.234669411 48.6521785496 48.6521785496 0 0 0 0 0 0 0 0 0 0 0 0
28 64.5767163576 28 28 28 28 28 28 28 28 28 28 62.9034393324 72.6089745212 62.9034393324 28 28 28 28 28 28 28 47.8567078581 53.885041846 39.755843446 54.0481326758 45.8679950343 28 68.5317248399 55.2016072715 57.5774350328 57.5774350328 79.7826473547 50.531409269 28 28 28 28 56.5327373388 56.5327373388 56.5327373388 28 28 28 28 28 28 28 28 28 28 28 28 28 28 28 28 28 28 52.234669411 52.234669411 56.8609188191 48.6521785496 48.6521785496 48.6521785496 0 0 0 0 0 0 0 0 0 0 0
75.1815411657 58.443279156 75.1815411657 28 28 45.0697007766 28 45.0697007766 28 28 41.9330445649 28 28 57.9199767102 46.4979250981 46.4979250981 55.4671543491 50.7214091911 28 80.315108653 80.315108653 28 47.8567078581 39.755843446 39.755843446 39.755843446 28 39.8085907601 39.8085907601 55.2016072715 55.2016072715 57.5774350328 28 70.2856241401 28 28 28 28 48.1364145985 56.5327373388 67.9085222508 28 28 28 28 28 28 28 28 28 28 28 28 28 28 28 28 28 63.1987435758 63.1987435758 58.2131933887 63.7483269059 48.6521785496 48.6521785496 48.6521785496 0 0 0 0 0 0 0 0 0 0 0
43.1617024289 43.1617024289 43.1617024289 28 36.5915761783 61.6967130071 74.2912210907 74.2912210907 61.0311345881 28 53.5962860892 53.5962860892 57.9136949689 57.9136949689 46.4979250981 46.4979250981 50.7214091911 50.7214091911 50.7214091911 80.315108653 80.315108653 28 47.8567078581 28 39.755843446 54.0481326758 28 28 39.8085907601 28 28 28 28 28 28 28 28 28 43.3089417433 73.5725959752 75.0557899861 28 28 28 28 28 28 28 28 28 28 28 28 28 28 28 28 28 63.7886548312 63.1987435758 63.1987435758 0 0 48.6521785496 48.6521785496 0 0 0 0 0 0 0 0 0 0 0
58.0181084529 58.0181084529 58.0181084529 46.3058668077 28 61.6967130071 46.9395999218 46.9395999218 61.0311345881 60.3418783708 53.5962860892 53.5962860892 60.9834441872 57.9136949689 46.4979250981 46.4979250981 55.4671543491 50.7214091911 28 28 28 28 28 28 28 28 28 28 28 28 28 28 28 28 28 28 28 28 75.0557899861 73.5725959752 73.5725959752 28 28 28 28 28 28 28 28 28 28 28 28 28 28 28 63.7886548312 63.7886548312 63.7886548312 28 0 0 0 0 0 0 0 0 0 0 0 0 0 0 0 0
58.0181084529 58.0181084529 60.4897735571 36.5915761783 36.5915761783 46.9395999218 46.9395999218 46.9395999218 61.0311345881 28 60.3418783708 28 28 64.5558064129 28 28 28 28 28 28 28 28 28 28 28 28 28 28 28 28 28 28 28 28 28 28 28 28 73.5725959752 73.5725959752 73.5725959752 28 28 28 28 28 28 28 28 28 28 28 28 28 28 28 56.1074172764 63.7886548312 63.7886548312 28 0 0 0 0 0 0 0 0 0 0 0 0 0 0 0 0
80.2130708534 80.2130708534 72.6796473903 28 28 54.3764996493 46.9395999218 54.3764996493 28 28 28 28 28 28 28 28 28 28 28 28 28 28 28 28 28 28 28 28 28 28 28 28 28 28 28 28 28 28 48.8307430885 48.8307430885 28 48.8307430885 28 28 28 28 28 28 28 28 28 28 28 28 28 62.8499386668 56.1074172764 58.1359346695 28 28 0 0 0 0 0 0 0 0 0 0 0 0 0 0 0 0
80.2130708534 80.2130708534 54.3318990126 28 28 28 28 28 28 28 28 28 28 28 28 28 28 28 28 28 28 28 28 28 28 28 61.2753836814 42.0889790583 39.2580708381 39.2580708381 28 28 55.3378741209 28 53.4518192 28 59.7126057448 45.1252817693 45.1252817693 65.1000839178 65.1000839178 37.3862635266 52.6081847751 52.6081847751 43.359384869 66.9955695037 28 28 28 28 28 28 28 28 28 46.9616278786 28 62.8499386668 28 0 0 0 0 0 0 0 0 0 0 0 0 0 0 0 0 0
49.1667153115 49.1667153115 64.0629154927 28 28 28 28 40.95773081 43.4623403443 28 28 67.3110519947 28 28 47.5129584994 47.5129584994 28 48.4224366137 49.9913475137 49.9913475137 28 28 71.8792520133 79.4806277391 28 28 68.7335162822 68.7335162822 42.0889790583 39.2580708381 28 55.3378741209 55.3378741209 55.3378741209 53.4518192 53.4518192 59.7126057448 45.1252817693 45.1252817693 65.1000839178 65.1000839178 48.8307430885 52.6081847751 28 43.359384869 43.359384869 28 61.7192857717 61.7192857717 51.9370903198 28 28 28 28 46.9616278786 46.9616278786 46.9616278786 28 28 0 0 0 0 0 0 0 0 0 0 0 0 0 0 0 0 0
49.1667153115 49.1667153115 49.1667153115 56.7092120036 28 56.4729009471 46.5368462959 46.5368462959 28 28 28 67.3110519947 67.3110519947 47.5129584994 47.5129584994 47.5129584994 48.4224366137 48.4224366137 49.9913475137 49.9913475137 28 71.8792520133 71.8792520133 71.8792520133 54.8023806185 54.8023806185 68.7335162822 68.7335162822 54.227887516 54.227887516 54.227887516 28 55.3378741209 55.3378741209 53.4518192 28 28 45.1252817693 28 61.9387026185 61.9387026185 47.39887776 28 42.5328717284 43.359384869 66.7825334885 61.7192857717 61.7192857717 61.7192857717 51.9370903198 72.5818116396 28 28 62.6529830703 64.9125010285 62.6529830703 46.9616278786 28 28 0 0 0 0 0 0 0 0 0 0 0 0 0 0 0 0 0
48.5733879833 48.5733879833 56.7092120036 56.7092120036 28 56.4729009471 46.5368462959 46.5368462959 43.4623403443 57.4007058732 57.4007058732 67.3110519947 67.3110519947 59.8481402183 47.5129584994 62.3067885548 28 48.4224366137 28 49.9913475137 28 28 71.8792520133 79.4806277391 28 28 28 42.0889790583 54.227887516 54.227887516 28 28 28 28 28 28 28 28 39.7234487709 61.9387026185 61.9387026185 39.7234487709 28 28 28 28 59.7739819824 61.7192857717 51.9370903198 51.9370903198 56.6343572263 56.6343572263 56.6343572263 52.1277452401 52.1277452401 52.9575419125 37.5379635528 28 28 52.1488716001 40.7781986634 0 0 0 0 0 0 0 0 0 0 0 0 0 0 0
28 48.5733879833 28 56.7092120036 28 28 56.4729009471 48.893904632 28 28 28 28 28 62.3067885548 62.3067885548 62.3067885548 28 28 28 28 28 28 28 28 28 28 28 28 28 47.8131398369 54.227887516 28 28 28 28 28 28 28 28 28 47.39887776 28 28 28 28 28 28 28 28 72.5818116396 56.6343572263 56.6343572263 56.6343572263 46.6084156573 52.1277452401 37.5379635528 37.5379635528 28 52.1488716001 52.1488716001 52.1488716001 40.7781986634 0 40.7781986634 0 0 0 0 0 0 0 0 0 0 0 0
28 48.5733879833 52.5827378403 28 28 28 67.5178874846 67.5178874846 67.5178874846 28 28 28 28 40.4028220329 62.0633860697 28 28 28 28 28 28 28 28 28 28 28 28 28 47.8131398369 47.8131398369 47.8131398369 28 28 28 28 28 28 28 28 88.1124641359 50.5163303805 28 28 28 28 28 28 28 28 28 28 56.1465074673 46.3091721942 46.6084156573 46.6084156573 37.5379635528 28 28 52.1488716001 52.1488716001 40.7781986634 40.7781986634 0 40.7781986634 40.7781986634 0 0 0 0 0 0 0 0 0 0 0
28 52.5827378403 28 28 28 58.2442204451 67.5178874846 69.9940720758 52.3096506425 28 28 28 28 28 39.839930862 39.839930862 28 28 28 28 28 28 28 28 28 28 28 28 28 28 28 28 28 28 28 28 28 28 28 50.5163303805 50.5163303805 50.5163303805 28 28 28 28 28 28 28 28 64.365149878 64.365149878 64.365149878 46.3091721942 46.3091721942 28 28 28 0 0 0 0 0 40.7781986634 40.7781986634 0 0 0 0 0 0 0 0 0 0 0
28 28 42.5505014256 71.7983284087 66.6079220965 58.2442204451 69.9940720758 69.9940720758 69.9940720758 28 65.6838030934 28 70.7461583648 39.839930862 54.898867563 54.898867563 39.839930862 28 28 28 28 28 28 28 28 28 28 28 28 28 28 28 28 28 28 28 28 51.2380004981 47.4730543668 51.2380004981 50.5163303805 51.2616888499 45.039471364 67.6609083769 67.6609083769 68.813057139 47.6041033564 47.6041033564 49.1151657544 28 64.365149878 64.365149878 71.0225887367 71.0225887367 28 28 28 57.736153207 37.2637924353 57.3874499766 57.3874499766 0 0 0 0 0 0 0 0 0 0 0 0 0 0 0
28 61.6204271019 71.7983284087 71.7983284087 56.6963630828 62.2907492673 69.9940720758 69.9940720758 62.2907492673 65.6838030934 65.6838030934 28 28 50.4593298054 50.1902057095 50.1902057095 54.898867563 28 55.0296740014 50.6660389717 28 53.4196172478 74.6606012751 61.0135650039 28 47.7021555896 47.7021555896 54.2976935365 54.2976935365 72.3608487177 61.5299031755 54.4776134243 61.5299031755 28 74.1695627721 74.1695627721 60.5583677007 47.4730543668 47.4730543668 47.4730543668 51.2616888499 51.2616888499 51.2616888499 67.6609083769 67.6609083769 68.813057139 47.6041033564 47.6041033564 49.1151657544 50.3052286955 50.3052286955 73.4674487401 73.4674487401 73.4674487401 73.4674487401 28 28 57.736153207 37.2637924353 37.2637924353 57.3874499766 0 0 0 0 0 0 0 0 0 0 0 0 0 0 0
28 61.6204271019 61.6204271019 71.7983284087 71.7983284087 28 28 66.69110577 28 65.6838030934 65.6838030934 28 50.4593298054 50.4593298054 50.1902057095 50.1902057095 65.9239057937 55.0296740014 55.0296740014 50.6660389717 50.6660389717 74.6606012751 61.0135650039 61.0135650039 28 47.7021555896 47.7021555896 54.2976935365 54.2976935365 54.2976935365 61.5299031755 61.5299031755 79.7754148989 28 74.1695627721 74.1695627721 28 51.2380004981 47.4730543668 51.2380004981 50.8517718995 51.2616888499 45.039471364 28 67.6609083769 28 28 49.1151657544 39.2178848127 50.3052286955 50.3052286955 50.3052286955 73.4674487401 55.1003757854 28 28 28 57.736153207 37.2637924353 57.3874499766 0 0 0 0 0 0 0 0 0 0 0 0 0 0 0 0
28 28 28 28 28 28 28 28 28 28 28 28 28 50.4593298054 50.1902057095 65.9239057937 65.9239057937 28 55.0296740014 50.6660389717 74.6606012751 74.6606012751 61.0135650039 61.0135650039 28 28 47.7021555896 54.2976935365 54.2976935365 72.3608487177 61.5299031755 54.4776134243 61.5299031755 28 74.1695627721 28 28 28 28 28 28 28 28 28 28 28 28 28 39.2178848127 46.365993311 28 55.3515963951 55.3515963951 52.6393600009 28 28 66.9575347672 0 0 0 0 0 0 0 0 0 0 0 0 0 0 0 0 0 0 0
28 28 28 28 28 28 28 28 28 28 28 28 28 28 45.8354218197 45.8354218197 28 28 28 28 28 28 28 61.0135650039 28 28 28 28 60.8304212168 60.8304212168 60.8304212168 28 28 28 28 28 28 28 28 28 28 28 40.4197556559 56.5319569232 56.5319569232 28 28 28 46.365993311 46.365993311 46.365993311 55.3515963951 55.3515963951 55.3515963951 28 28 0 0 0 0 0 0 0 0 0 0 0 0 0 0 0 0 0 0 0 0
28 28 28 43.0133467381 43.0133467381 28 28 28 28 28 28 28 28 28 28 43.5533409182 43.5533409182 28 28 28 28 28 28 28 28 28 28 28 61.3355358735 60.8304212168 60.8304212168 51.9609523177 28 28 28 28 28 28 28 28 63.3068699548 63.3068699548 28 56.5319569232 56.5319569232 28 28 28 28 46.365993311 46.365993311 28 55.3515963951 53.3258152465 28 28 0 0 0 0 0 0 0 0 0 0 0 0 0 0 0 0 0 0 0 0
28 28 28 43.0133467381 43.0133467381 43.0133467381 28 28 28 28 28 28 28 28 43.5533409182 51.6338555418 43.5533409182 28 28 28 28 28 28 28 28 28 28 28 28 51.9609523177 51.9609523177 28 28 28 28 28 28 57.0464066676 57.0464066676 55.1183891741 55.1183891741 55.1183891741 28 40.4197556559 56.5319569232 28 28 28 28 28 55.3515963951 28 64.5300950756 64.5300950756 28 0 0 0 0 0 0 0 0 0 0 0 0 0 0 0 0 0 0 0 0 0
28 28 28 52.3597258062 52.3597258062 52.3597258062 28 28 28 28 28 28 28 28 51.6338555418 51.6338555418 51.6338555418 28 28 28 28 28 28 28 28 28 28 28 61.3793000855 28 28 28 28 28 54.9326663469 28 28 57.0464066676 57.0464066676 28 43.4595158013 43.4595158013 76.7968221904 28 28 28 28 28 28 28 28 53.9621468962 28 28 28 0 0 0 0 0 0 0 0 0 0 0 0 0 0 0 0 0 0 0 0 0
28 28 28 52.3597258062 52.3597258062 28 28 28 28 28 28 28 28 28 48.6355774632 48.6355774632 48.6355774632 48.6355774632 28 28 28 28 28 28 28 28 28 28 28 50.3644330769 28 52.6971270243 52.6971270243 28 54.9326663469 62.1685753341 28 28 51.9469346398 43.4595158013 43.4595158013 43.4595158013 43.4595158013 28 28 28 28 28 28 28 50.2966796493 50.2966796493 28 28 28 0 0 0 0 0 0 0 0 0 0 0 0 0 0 0 0 0 0 0 0 0
28 28 28 28 28 28 28 28 28 28 28 28 28 28 28 28 28 28 28 28 28 28 28 28 28 62.1574290327 39.6989636154 39.6989636154 56.139367495 50.3644330769 50.3644330769 52.6971270243 52.6971270243 54.9326663469 28 28 28 28 28 28 53.5227427098 53.5227427098 28 28 28 28 28 28 28 28 50.2966796493 50.2966796493 50.2966796493 28 0 0 0 0 0 0 0 0 0 0 0 0 0 0 0 0 0 0 0 0 0 0
28 28 28 28 71.9030702906 56.5271420651 28 28 28 28 28 28 28 28 28 65.6092275641 65.6092275641 65.6092275641 28 28 55.8864906361 28 56.7447287434 37.2891247746 37.2891247746 64.481977455 39.6989636154 39.6989636154 28 56.139367495 56.139367495 56.139367495 28 28 28 28 28 28 28 53.5227427098 59.707929227 59.707929227 59.707929227 28 28 28 28 28 28 56.8473274131 56.8473274131 56.8473274131 28 28 0 0 0 0 0 0 0 0 0 0 0 0 0 0 0 0 0 0 0 0 0 0
28 28 28 28 71.9030702906 56.5386273196 56.5271420651 28 28 28 28 28 28 28 28 65.6092275641 65.6092275641 28 28 52.8044652882 52.8044652882 56.7447287434 56.7447287434 37.2891247746 37.2891247746 62.1574290327 75.2953260575 39.6989636154 28 56.139367495 56.139367495 28 28 28 28 28 28 28 28 28 59.707929227 59.707929227 59.5343194322 28 28 28 28 28 28 28 56.8473274131 56.8473274131 28 28 0 0 0 0 0 0 0 0 0 0 0 0 0 0 0 0 0 0 0 0 0 0
64.0489265997 64.0402973778 64.0402973778 28 56.5386273196 56.5386273196 57.1561839245 48.1190286564 48.1190286564 51.9866847235 82.9967017325 82.9967017325 28 28 67.9162923365 67.9162923365 28 28 28 52.8044652882 52.8044652882 28 56.7447287434 28 37.2891247746 28 28 28 28 28 28 28 28 28 28 28 28 28 28 28 28 81.9551251264 28 28 28 28 28 28 28 28 76.8814599526 28 28 0 0 0 0 0 0 0 0 0 0 0 0 0 0 0 0 0 0 0 0 0 0 0
62.341650296 64.0402973778 64.0402973778 28 56.5386273196 56.5386273196 28 48.1190286564 48.1190286564 51.9866847235 82.9967017325 82.9967017325 28 67.9162923365 67.9162923365 67.9162923365 28 55.136283532 28 28 52.8044652882 28 28 28 28 28 28 28 28 28 28 28 28 28 28 28 28 28 28 28 81.9551251264 81.9551251264 81.9551251264 28 28 28 28 28 28 47.4438593003 28 28 28 0 0 0 0 0 0 0 0 0 0 0 0 0 0 0 0 0 0 0 0 0 0 0
64.0489265997 57.1446629803 64.0402973778 28 28 56.5386273196 28 48.1190286564 28 28 82.9967017325 28 28 48.3410175416 67.9162923365 28 80.3141661212 80.3141661212 80.3141661212 28 28 28 28 28 28 28 28 28 28 28 28 28 28 28 28 28 28 28 28 28 51.4519177402 59.7191868639 51.4519177402 28 28 28 28 57.9920822498 47.4438593003 47.4438593003 47.4438593003 28 28 0 0 0 0 0 0 0 0 0 0 0 0 0 0 0 0 0 0 0 0 0 0 0
28 28 28 28 28 54.7408512381 54.7408512381 54.7408512381 28 28 28 28 28 28 28 28 80.3141661212 28 28 28 28 28 28 28 28 28 28 28 28 28 28 28 28 28 28 28 28 28 28 28 59.7191868639 59.7191868639 59.7191868639 28 28 28 28 28 57.9920822498 57.9920822498 39.8611640876 28 0 0 0 0 0 0 0 0 0 0 0 0 0 0 0 0 0 0 0 0 0 0 0 0
28 28 28 28 28 54.7408512381 54.7408512381 28 28 28 28 28 28 28 28 28 28 28 28 28 28 28 28 28 28 28 28 28 28 28 28 28 28 28 28 28 28 28 28 28 28 48.9972707045 28 28 28 28 28 53.0583662926 53.0583662926 28 28 28 0 0 0 0 0 0 0 0 0 0 0 0 0 0 0 0 0 0 0 0 0 0 0 0
