Spatial_Output/BAU/BAU_0096.asc
NCOLS 155
NROWS 192
XLLCORNER 196307.867259
YLLCORNER 449144.565805
CELLSIZE 33.573938
NODATA_VALUE NaN
[rows 130 to 155 of 192, columns 57 to 113 of 155]
44.0353617595 45.2733547642 45.1540524567 74.4342294388 44.7923441067 45.5760844975 58.2714209022 58.2714209022 44.1478540031 45.7268101588 43.8072278086 61.4478747862 45.5584807138 45.6605082898 43.5075886993 63.994679151 43.8088174669 43.0975526856 44.0577990141 45.7663333978 44.6797106749 43.8156042184 43.8155637444 68.5615415298 73.8644784591 73.8644784591 44.9859991673 76.7918674397 45.009807436 45.0622157903 44.3988285597 43.4590779103 45.8098463414 43.6472276108 43.8153263695 45.4653366022 44.4590362776 43.8294878047 43.236096379 44.0342557659 44.9727719308 43.2955678308 43.7896810578 44.3586620084 44.3206903465 43.5673209202 45.2389373054 44.8938419604 43.4287160211 43.1613866667 43.5583088405 43.2619935462 43.3831850512 44.0495126068 45.4271411913 43.7065304558 43.5558276629
45.4176580278 43.0121086669 45.7409127493 74.4342294388 74.4342294388 43.0356806557 43.5725861679 98.2611387692 43.5864136716 45.1147841254 44.4712074059 44.1980217335 44.5281008716 44.911487183 45.4248626479 43.7506002943 43.4511667101 44.836442314 45.0745573221 43.2857995755 45.2237006443 45.650657985 44.3227834728 43.2881514992 73.8644784591 73.8644784591 84.4927477883 76.7918674397 43.6334889633 45.1417991117 43.7516872415 45.5324868095 43.5334403341 44.1606525604 44.7777560965 43.6772995134 44.902482853 45.5297459049 45.7830970146 44.325271225 44.6089017905 44.1249821625 44.3000774496 43.7588936583 43.428154658 44.4219631307 45.0638349134 45.2279812506 43.7465828846 43.795430415 43.8414810472 43.0509581546 44.9307056614 45.7407226318 45.4544836353 43.3691464807 45.5368889969
62.0816329251 43.2916233108 44.0527296876 74.4342294388 74.4342294388 98.2611387692 98.2611387692 98.2611387692 45.6599780407 45.5475273709 43.4241869803 45.0153330735 45.1914432959 44.4073512564 43.2578633831 44.2984143054 45.6666280759 43.565637546 45.288645874 44.9846870692 45.4547238609 45.3669101692 43.2710305722 45.7244389555 73.8644784591 85.4098039941 76.7918674397 76.7918674397 76.7918674397 44.9706831875 43.5691883172 76.9431425584 44.5925179653 43.3688088078 44.996112472 45.1000069694 44.8833043789 44.1544574383 45.2983049957 45.6813958441 45.5394497074 43.3992934025 45.5068572142 45.3540930986 45.0088995728 44.3143105386 44.951334805 44.9303356244 43.0331092307 44.0691526829 45.0655908059 45.8075102499 43.4857444658 45.4475762113 44.4374513535 45.471315258 43.1906523887
44.5760599474 44.3918315998 45.2866272217 44.0756832966 44.1338764037 82.5751861974 65.0826321881 65.0826321881 65.0826321881 44.9064879349 44.7222010529 43.8483856929 45.6293306933 44.7094156027 43.2387772791 44.33414372 43.6738983731 44.0127822712 43.5060453882 43.9635696197 44.2575431188 44.44351938 43.1733952731 43.001868286 44.7091134653 44.1996292851 44.9086367832 44.7691750097 44.8106178434 45.3556098836 45.565231412 58.9738673224 45.1908756365 43.2402932986 43.3588531295 44.2795539656 43.2530099116 44.3966448931 44.2517959721 45.7404300151 43.8331589867 43.036990266 43.2944710789 44.4978972182 45.4177103911 43.2001656212 43.4347250012 45.4351702062 45.489065576 45.3827622694 44.3342446982 45.2536663375 43.9805115918 43.2190466262 44.5833041778 43.0231918431 45.1931522151
69.8401240918 43.5466412313 44.3988961156 44.1002390392 44.2451401744 65.0826321881 65.0826321881 65.0826321881 43.5308497159 45.3632697485 44.310157906 43.1931501285 43.8816334112 45.4195864581 44.4675992031 45.5595814051 45.6994065396 43.3339922669 45.2252948292 43.6974294559 43.7773568853 43.3730891591 45.6835356379 43.9737137406 45.4512680792 44.6957965486 43.9347994472 44.0086672102 45.5108639842 43.7719021106 58.9738673224 58.9738673224 44.7438690246 44.7897332397 45.6987104022 43.1256529022 45.6510847747 44.2261994534 45.6272503809 43.0202897548 45.0365677299 43.4170438396 43.627383664 44.2130276089 45.5337959957 43.5065836345 44.9117565578 44.7430810622 45.1535358538 43.7526245602 44.1420563736 43.4465263859 43.7492568267 43.9828494708 44.0816078854 44.5521144358 43.8702859933
44.6617422078 43.1236468228 43.670327707 44.0847143912 45.1780633596 43.2201416187 45.1844614898 56.1720006231 74.1243457156 44.9883676918 44.580925122 44.5545110285 45.7210582769 43.1455723925 43.4382941061 44.3882729059 45.2679466346 44.6574954867 43.3666759868 44.1410945234 44.4823070186 44.2656584732 45.4483633665 44.3027286371 44.7162034876 45.575898694 44.8549589862 45.0161940683 44.3453449454 44.5854008067 45.5233613093 58.9738673224 60.4004543429 45.5798200317 44.7841043666 43.6966745699 43.849717809 45.0320229491 45.7373071187 45.5011636071 44.0408994312 43.6611312044 43.0087963052 45.228579812 45.7658535999 45.3549071885 43.9182452717 43.2549352043 45.7830772227 43.2021803758 43.8159035846 43.6991060853 43.0301771062 45.7370351082 45.7956609157 43.3048315304 43.4836559406
45.4018899426 43.1676327679 44.6229016413 45.0859471691 44.379427927 45.2624451834 74.1243457156 56.1720006231 56.1720006231 56.1720006231 44.3302081229 44.5904706973 45.7984738287 44.2022135298 45.7197660801 43.9141118147 43.5332511843 45.2058916616 43.8537185499 45.0866054584 43.0970218571 44.7241219345 44.7257871172 44.2119766262 43.6533814371 43.2875485444 44.0892672573 43.7689111643 45.8099642984 45.055592573 43.9847834178 60.4004543429 60.4004543429 44.6646773729 44.2971908367 45.7024279 45.2044211078 45.5315040182 44.102231179 43.4497417434 43.4072632612 45.430018016 44.8337079662 43.5564921872 44.8502144919 44.3407816359 45.567492073 43.1760926964 45.7599782785 44.4675372863 45.2436009793 44.7714588994 43.4708658744 43.4558801295 45.1464669782 45.8162329732 43.3904785516
45.8255127511 44.6057327314 43.9874436094 43.6685719114 44.221004008 43.0977907089 44.9164725412 56.1720006231 67.0358049581 58.8515582142 45.0117046658 44.7865292818 45.118740378 43.8671171347 44.258465492 44.6785587452 43.5732188108 44.5133077652 45.8166549142 44.5618877257 45.3392635606 43.001928892 44.8229213999 45.0405640659 45.3155011881 44.288702989 44.2870271655 43.096383622 44.1460660097 44.0070791258 43.0890300045 72.7428162688 72.7428162688 72.7428162688 43.0576885615 44.1253401069 44.5519623123 43.1240107911 43.206554669 45.1481490476 43.963423361 45.0706288575 45.5624846369 45.7312401515 44.8855254758 44.8749631766 43.5533179323 45.1038004522 44.0047665475 45.1886112032 43.7244969923 43.7715149379 43.0061795154 45.1445022085 44.5593788975 44.7576607334 44.3441743439
43.25407813 43.4215394911 43.3343020666 43.968909135 44.7118294966 43.6418571186 43.9195638139 67.0358049581 67.0358049581 67.0358049581 43.855759083 43.0488526307 43.0139730044 44.1681847258 43.175359016 44.4566477511 44.156041358 44.9840442468 45.2282071787 45.3212662964 45.7281895502 45.1853399094 45.3690189346 43.7433420466 44.4080234166 43.0709281189 45.2165799846 45.5218613721 43.919401406 43.8572694503 43.8734441683 53.8762513209 72.7428162688 53.8762513209 45.5004100084 45.1856795908 43.0345143153 45.0455207499 43.3543836457 44.1664023283 45.753904966 43.3617348489 45.3030626441 43.6701248879 43.191871154 45.1500082117 43.5297470614 43.2377158377 44.6277519242 45.1370620722 45.1796063346 44.9545852267 44.5521194644 43.2096757894 45.5212116004 45.1159313721 43.2495793638
44.2347657089 43.4612607686 43.0760456231 43.6723440389 43.1247271481 44.5024220945 45.3954939781 68.8532504329 68.8532504329 68.8532504329 68.8532504329 45.3074762699 44.5439765039 44.5903308779 45.0461948791 45.5452948321 43.6429697582 45.3005883869 44.0051046039 45.5091055672 43.051047728 44.2534454476 43.4110822845 45.5790337454 43.082965566 45.2474013063 45.3722461138 45.7521857382 45.5552079045 45.0375591339 45.4634740201 45.3733633764 65.5693805344 65.5693805344 45.0900000941 43.5485806069 44.2171144587 45.5269735705 44.0543669907 43.5167011704 43.673089199 44.8072983082 45.0475326628 44.7849338713 43.8897151026 43.2525136059 45.7658703557 44.8559023295 44.2937766622 43.0981779902 43.9255868033 43.3250672564 44.2770502418 45.362225818 43.8355905864 45.0943147068 44.7713022364
44.7096044984 45.6782786676 45.7466399028 44.643310943 44.6030091036 45.4861391864 43.2532596648 45.1231553535 68.8532504329 68.8532504329 43.3711701491 43.1117672903 45.6792265955 44.8387295373 45.2591046957 45.5660357168 44.6385202638 43.6471216219 44.805560982 44.3946193068 45.3170173666 44.6930534582 43.8505170221 44.392755302 45.4158412042 43.1953770479 45.028008124 45.65904589 43.5621346439 44.9418780832 44.7282727941 75.6097154431 75.6097154431 75.6097154431 43.3032512666 43.9865562356 44.3330499187 43.1397482094 43.9390766029 43.0759708757 43.3568249783 44.6416264351 44.2685320078 43.4252866778 45.6547022903 44.7855970618 45.1819264223 45.7894417896 44.1632542743 44.0684072749 45.7842652208 44.6808081154 45.1212208298 44.5409672628 45.670622556 44.412827254 45.5742232123
45.5884466844 45.2987054421 44.9102857603 43.1337436525 43.4870445492 45.2829676094 43.2834795786 43.7296718789 67.7746166174 67.7746166174 45.0127729918 44.4927206104 44.7955440737 43.0317280433 44.7242791326 45.1453017163 45.7546969805 44.9176824407 43.1741736041 43.2091280582 45.5288274329 43.9238990555 44.6680648299 43.2352647348 43.2347449487 43.9874475188 45.1770973234 44.757650068 45.2476232581 45.7612065944 43.866323405 45.2559882941 75.6097154431 75.6097154431 77.7059276627 43.0443975632 43.6125419331 43.5316389411 43.8381852007 43.719660732 45.0695947171 44.3678415138 43.6173566476 45.2729233034 45.6361042461 44.3452387626 44.1824513574 43.7719498679 45.5061547963 45.3683421037 44.7508945257 43.9354112852 45.6990807328 44.0520365539 43.2213289286 45.2813310931 45.6078358823
44.1740875676 44.9575939696 43.1045375917 45.8084828077 44.3264457179 44.5789773737 45.4030258802 67.7746166174 67.7746166174 67.7746166174 67.7746166174 43.9591197029 45.5129784036 45.6836513575 44.0779347952 43.478685526 43.7009403129 44.4054341905 44.8055183124 45.3856537836 44.0405131842 44.8598740259 45.0633238536 45.3038037999 45.5033318877 44.5447090655 43.7459533516 44.40359007 43.2386642232 43.4285600984 43.9830210395 44.9219441847 77.7059276627 77.7059276627 62.9289036425 45.1110450407 43.3669257012 44.7366410925 45.5564426203 44.2742056636 43.9252261344 44.4566714725 43.2852959648 45.338414314 44.9368006815 44.4966698435 43.348335119 43.1165288679 43.1132185735 43.4882282054 44.6364201749 44.9013969686 45.6902240894 44.9834148953 44.6813611 43.3573979011 45.1640769155
44.1925305654 45.1750925968 45.2815312766 44.147700689 44.9989668689 45.0276961047 43.4637553831 45.3103512322 55.2773750775 91.1377202713 44.3477310459 45.0825667641 44.2186056825 45.4021453357 44.8306349538 44.6684974491 44.1562813614 45.7711493269 43.1289913291 44.8572370281 44.3173247438 45.5885966981 43.1224399411 44.571678138 43.9312336775 43.8150892178 44.3038533777 43.2125489878 43.4935557951 43.5281230922 44.0003077166 44.6716315194 43.9320638198 50.470237639 50.470237639 43.1731514249 45.6772272182 45.0371258803 44.8290992827 44.5854159619 43.4423155239 44.7932625684 44.4367379742 43.9645918386 44.3368071478 44.9341111505 43.3573484148 45.3098473487 44.7161596145 44.07744527 45.7502844448 43.9275799098 45.1257069984 43.4310876811 45.407176037 43.4530970754 43.3039358448
44.0183078068 44.0399711822 44.552861635 44.5966559569 44.4709522173 43.1632774017 43.6327511644 55.2773750775 55.2773750775 55.2773750775 45.4857997531 43.6934605138 45.8176677474 45.6700636301 43.4644154457 45.3531118079 44.5579746509 43.1003026374 45.3367634137 44.7575989772 43.6431338321 43.572166358 43.350955855 43.7380126289 43.4440503077 43.8154119077 43.5483772629 45.2883429116 45.5706323416 44.0494691801 43.6228498205 45.5642573328 44.9405635017 50.470237639 50.470237639 44.9983547373 44.549308501 43.2386090668 44.0921371914 43.871625195 44.0699734391 43.4045054123 44.8842490364 44.5266536248 44.333640615 43.3500699416 43.9980421051 43.9715111607 43.3705803388 43.5026515482 43.4016104576 44.3675184627 44.3404956019 43.6968701022 44.8848548061 45.2158857005 44.8075730763
43.7814498099 44.842894273 45.0778986747 45.5632021517 43.1634596887 43.6860465364 45.4044342092 89.8986235846 55.2773750775 55.2773750775 45.1921092849 44.5327856268 44.8743002899 45.53197274 43.7712698298 43.0330383322 43.3261736215 44.0224462598 45.218453019 44.9963234482 43.0587592338 44.2800793337 43.4285252514 43.0531985833 43.6616275911 44.2675275777 44.1349595617 45.1675926711 45.7865166096 44.4997225235 44.1530681236 45.4039856349 74.5565890931 74.657287037 74.657287037 74.657287037 45.5768515789 43.7909433892 44.378299247 43.8843994311 44.0994463562 44.5750381432 44.5191444194 44.5081405087 45.1854593021 44.4850273537 44.8931555773 43.0333057687 45.1826019729 43.5522819459 44.5998599941 43.1400559279 44.7314505571 44.4114377064 43.3162356908 43.0351665735 44.0820572272
43.861168982 44.2767613846 44.1949360125 44.2440187966 43.37052218 43.158219726 44.2923217515 53.6899291967 53.6899291967 53.6899291967 45.6428546633 44.7230814159 45.7796497896 45.2334440751 44.4461902392 44.7340743067 43.9988868789 45.0072089155 44.8336820114 43.6267218498 44.4422196972 43.2514495873 45.7227861761 43.4942408671 45.2419553282 43.5422736352 44.9408174937 45.5562516117 45.6018362046 44.4838540716 43.8342593995 45.6061078302 44.4127512778 74.657287037 74.657287037 74.1144363322 43.0832119772 44.2597082849 43.8951145647 43.0121322545 44.9463471507 43.310735808 43.7768429205 44.6139768554 44.0252871921 43.173866375 44.1419621323 43.7210723462 44.3931710758 43.5971530569 43.8485400444 45.4890347696 45.4680227527 44.9110756147 43.529615557 44.7885638912 45.3780221727
44.2899599336 44.999917727 45.1325454847 44.6747353288 45.785105587 45.321649773 43.1146105083 44.722554836 53.6899291967 44.9394146935 43.0293000667 45.5127648872 45.0028814326 43.5750101484 45.1188592463 44.432132198 43.0029901627 44.8804998319 45.694730326 43.0562014083 43.0507564501 43.6151163243 43.0198845017 44.7134470412 44.7331272443 45.1648988476 45.4007461999 44.5567785109 44.8951493218 43.328381068 45.3051956655 45.3438846354 45.7419609521 43.8147156305 43.1402642096 45.5041430019 43.0773377165 45.674765031 44.7573756143 45.4596257652 43.5359754729 45.5631349747 45.7517234962 45.091184006 45.3906210945 45.4052542103 45.0742054796 43.0855987537 43.9371563364 43.3990780396 44.6798994056 43.2677464049 43.3982934475 44.6407289294 44.9210183883 44.9649229276 44.9649491709
45.2841152808 43.3106898026 43.4693573746 44.0659016458 45.1628990575 44.0600881585 44.9512450519 44.3040152181 53.9701252439 53.9701252439 45.7091876385 44.2096034993 44.1416139628 44.7078609113 45.5351146601 44.4136389162 44.7967653609 45.0291974774 45.4774362067 44.5065714374 45.1242372409 44.59199741 44.9319211018 45.0102841181 43.4977979638 43.7250610253 43.8046136542 43.9674307051 43.5079076848 45.3938152462 44.2942778377 43.3273852198 45.8008726275 43.9433338547 44.9804733375 43.7925743013 73.9107556217 43.0132885747 43.6214326885 43.4296421881 45.6077211108 44.5976982677 44.4629404018 45.2081896848 43.0533617823 44.5853333116 45.1590636835 43.5265571757 45.545622699 44.5416302151 44.9528800205 43.8912872173 44.9914909811 44.3590550822 45.758180034 43.1271450056 44.8242938685
43.6449596485 45.5383400737 43.4731167791 45.1951822809 43.3803435882 43.3792577625 45.0495539875 44.4507485064 69.438566233 74.6528127396 43.7353478645 43.2117601772 43.1037073958 45.1795199784 44.3927172009 43.4360488081 43.3718271637 45.0081135889 44.9049522973 43.5751311973 43.1895185622 43.3431063665 45.5857902488 45.3057557687 45.0126979094 45.4425230658 43.9881422253 44.5444284767 44.1369354089 43.0281942848 44.2835444486 44.1659064853 45.4063320675 44.5608445694 43.7614771088 45.2091863959 44.6207268748 45.2065164843 44.9365118325 44.4298672531 43.5798595778 44.8572492573 44.4299507241 43.4271528394 43.2873693642 45.1322002874 43.7745589444 45.5619051587 44.7784631466 44.6356757621 44.6488455329 43.4567679281 44.3199738054 45.224969473 45.2491546888 44.3172008035 44.8179840581
43.1688843024 45.1222586093 44.7750347349 44.4713716582 44.8677411563 44.003942847 45.6316441556 69.438566233 53.0800337823 62.4478802115 60.5112021773 43.8242077743 44.0375322113 45.5828219652 44.5149787549 45.6511235871 45.8257672246 45.735459885 43.9064933593 44.984454207 44.3483313676 45.506897061 45.4885174224 45.1114471754 43.8927609141 43.4359809164 44.0608221594 45.0273499288 45.1332324463 44.1328658277 45.8131270061 45.0325399802 44.1688035479 44.41518321 44.2657540616 44.1829689895 61.4524669423 61.4524669423 44.0973802201 43.1351739255 43.4219277372 44.3000671991 45.5364941166 43.1545257632 43.8060428113 45.0018018074 45.1127167062 44.0125545262 43.0424238329 44.3153145193 43.4277631349 43.4163455634 44.4553371606 45.7845828255 44.2518457257 44.6123751444 45.7643940044
0 43.3093027309 45.3889771421 43.400316002 43.9544683137 43.5703155443 45.4438699755 45.3231770494 60.5375931432 61.3844858125 63.9793000812 43.6981523305 43.250509895 44.565063854 43.7974026021 45.3392630607 45.3858234785 43.7335487507 43.867860143 44.3006348833 43.3964498447 44.6521032731 45.7059779726 43.5727541281 43.3726230314 44.5654557895 45.0764282437 43.287549755 43.7460687855 43.5240421891 43.0490882547 44.8930850447 45.6167321206 44.6586353186 44.3512733602 61.4524669423 61.4524669423 61.4524669423 62.5351056513 43.862026716 44.7692725584 43.3518381474 44.0552210006 43.4581332138 43.7460591473 45.3580898579 45.518726386 43.2396909754 45.0046254802 43.1943433971 44.445961582 45.2969656104 43.1498609423 44.2952630966 45.4653055121 43.4049869139 44.9350325157
0 0 0 0 44.630203353 44.0244572127 45.6962466915 44.5497901569 53.865487708 58.9605201081 58.9314200648 45.2437071099 44.3562869675 45.3233312487 45.0160034522 44.8891368359 43.4094576981 43.583918268 43.9298354624 45.6090495566 44.2956510012 43.4443588037 45.0640803558 45.104268081 43.5520448891 45.4206311844 43.768972286 45.6652686369 43.2592225067 45.626631172 45.5002240376 43.9903252687 44.1014194083 44.0156373971 44.2804872995 43.3666290958 62.5351056513 44.6936872655 62.5351056513 45.6431424223 44.3554178277 45.3448124064 43.3152578988 45.11716471 44.795150971 44.3208997685 45.1237748279 44.1796385973 43.9686666252 43.9827239973 44.4236333918 44.4838145679 43.3892568387 45.6398530561 45.1391572898 45.4127384211 43.4794655843
0 0 0 0 0 0 45.2704006361 43.7744398614 32.0533973873 33.0803896243 33.0803896243 43.6156733253 44.0285688991 44.7440827662 44.2065016656 45.6468672902 43.3704295203 44.0578357091 44.1829351142 43.1932181383 45.1131679433 43.7774308196 44.8240116657 43.0035956784 44.5318028295 44.5471603339 45.3071058598 43.212847248 43.9436108341 44.5328330775 44.1119170921 45.5860519539 45.3048806717 45.138708657 43.9043804242 45.7043879247 44.5221911617 44.9131349714 43.4813375243 44.7437578579 43.2049428124 44.3483892459 45.5991634236 44.6310723245 43.647138291 44.8970171852 45.0708944388 44.3595914767 44.4459113002 44.7683884705 45.2871718567 44.1930309673 43.2043460433 44.0932061585 43.5920843174 44.2167502279 45.0714806599
0 0 0 0 0 0 0 0 32.0377937474 33.0803896243 33.0803896243 45.4213743144 45.2999702186 44.8792268481 0 0 44.0909270963 45.3943743046 45.3015512494 45.6126321827 43.5556467798 45.7324917843 45.2400741217 43.989399196 44.3835718081 43.9726699628 43.9614268986 44.7691826969 43.3599595606 44.0125592527 43.8986869625 44.1462890998 44.758188457 44.1921102386 45.0305393754 43.4995667641 43.3431346352 45.6945577713 86.6473552808 62.369362396 62.369362396 43.5675051863 43.9970121008 45.4798546102 43.2355267736 43.6005835013 44.2919019392 45.6334359556 43.8941578177 45.053118264 43.9984766881 45.2831490736 43.2033322331 45.085624058 45.0657294051 44.4993956007 45.0770090552
0 0 0 0 0 0 0 0 0 64.7067625145 64.7067625145 64.7067625145 67.0287552696 0 0 0 45.8200319498 43.4493226451 43.2919218942 45.7561983863 43.5525831699 43.3752949001 45.4291583546 45.0352525748 43.8183749029 43.8944451563 44.659354788 45.0113343583 43.9840551846 44.8379443242 45.7185297844 45.235522841 45.7922697196 43.2678641297 44.2666405244 44.8884939488 44.5792550051 86.6473552808 62.369362396 62.369362396 80.9371212196 43.0742050362 45.1535177345 44.4789218502 43.7561389963 44.7645530022 43.3331685542 44.175969334 45.5472774094 43.6908627853 45.2945081534 44.2530987105 44.6107989804 43.0992518644 45.2779056281 43.1692619052 44.8432909251
