Spatial_Output/BAU/BAU_0084.asc
NCOLS 155
NROWS 192
XLLCORNER 196769.923733
YLLCORNER 449719.875193
CELLSIZE 27.603701
NODATA_VALUE NaN
[rows 92 to 114 of 192, columns 0 to 52 of 155]
0 0 0 0 0 0 0 43.1931619624 43.8162298543 44.0016414955 43.9943014602 45.3631866791 43.2108235902 43.5118488818 43.7300597787 45.6144208172 43.7212319623 44.5042056139 44.5472539066 44.1970616455 44.3669341933 44.1707200911 44.7124436075 43.7100662293 44.659788073 45.1570388854 45.1493853441 44.8842306684 44.2396797334 44.1075960269 44.4240490849 45.6628163315 45.501818589 44.9494796914 44.5849555393 43.3443938988 45.6637970773 43.5413797376 43.3291656087 43.2885497235 44.5630660521 43.4671845023 55.461228769 45.3735347113 43.3334607582 44.9108398349 43.1629306759 45.8151926299 45.529990512 44.3303112213 44.3943195202 43.9277334878 44.0226859982
0 0 0 0 0 0 0 0 43.8274523849 44.0517213213 44.1790310643 43.9144424025 43.9221996225 45.1689253366 44.7231042999 45.1211229384 45.7890131956 45.3152581982 44.1224572007 43.3642940184 44.0338065422 44.2435997341 44.602397347 43.2083523423 44.1975492465 45.4664938004 45.0421514719 43.7978756502 43.2413597424 43.4815871448 43.4764176153 43.3287702777 45.6881054129 43.8639369216 45.2284504318 43.1128755814 43.7716506857 43.969405399 44.9354239877 44.9997872806 44.7884773454 55.461228769 55.7664412157 43.6080359879 45.1232552293 43.1153352803 45.8214307746 44.4024490517 44.2932436096 43.2910591934 43.4432124504 43.6939266115 44.7993329904
0 0 0 0 0 0 0 0 0 0 44.6924525015 44.0383700447 44.8983768969 45.1885264415 43.4758328483 43.086781636 44.2719608733 45.5983771952 44.3772363036 45.1889916968 44.2271608933 44.2361201221 44.9948055078 43.9652602177 43.1639845652 43.2222703243 43.5306399211 43.9427773999 44.4647458987 43.424236401 45.7532628093 44.1860238695 43.5082387246 44.9269382589 43.0937460669 43.6880264857 43.4941498715 45.5928311557 45.6360346693 44.9546318694 43.0516295665 55.7664412157 55.7664412157 55.7664412157 70.6556524956 43.8647505797 45.0596300672 43.3558324378 44.1670382214 43.668575964 44.7067772947 45.4076341738 45.4675855926
0 0 0 0 0 0 0 0 0 0 44.1222335214 44.9552780198 44.0634603043 45.0461714039 44.8688918728 43.984279283 43.4017648805 45.0343126985 45.4982165611 44.4482591283 43.6447078641 43.4763693697 44.0443144283 43.6216254256 45.1523215843 44.441954264 43.9846755293 43.6841533005 43.0652724833 44.0359905033 45.2722015857 45.423125649 44.4207686158 44.3796969204 43.5494288722 43.2476084735 44.3416129518 45.3644726276 44.5021509208 43.7810165278 45.5952238381 55.7664412157 55.7664412157 55.7664412157 70.6556524956 43.3723076005 44.5229937039 43.5600603882 45.4006118354 44.429069418 43.5870623035 45.0355815593 45.5811741834
0 0 0 0 0 0 0 0 0 0 43.6236095978 43.4503894655 44.1852577577 45.64037702 45.4903321287 43.1903380498 45.1389713023 45.2423791663 44.465474859 44.2560493771 44.8881492937 45.8158334267 45.1841114741 43.4185593956 43.4088339546 43.4764152525 45.6450855859 44.4304669621 43.1189636408 44.8442775077 43.4345040577 43.6355765934 45.5186501664 45.5270882762 44.1484253174 44.0371980204 45.0467721603 43.8855760497 43.6662708235 45.0878841114 44.8647630116 45.4265438943 84.679565487 43.4394906382 45.4405296541 45.7589827307 44.5894200844 43.6723256957 45.0723632296 45.6982957853 44.1855324662 45.2451777947 45.4564409242
0 0 0 0 0 0 0 0 44.4120577238 43.8774855515 44.6194692163 43.6810155896 45.103528226 45.235904308 43.6959245269 45.3391653188 44.3573503808 44.8654260735 44.6016425209 45.2118177233 44.9740033049 43.3918932723 45.4932929111 43.5423261867 45.0191103218 43.9992719944 43.4318785572 44.6304654518 43.2266512179 74.3010376507 73.8754344116 75.1290982877 44.3504807292 45.6915853076 45.1617940928 45.3463166719 44.0077680518 45.6913147861 44.0041938398 44.638873346 44.2451242203 84.679565487 84.679565487 44.3638197201 44.4657118558 44.7614220745 44.5869940916 43.6105399117 45.6023664022 45.0397975703 45.2180851332 44.3148665607 45.2563353097
0 0 0 0 0 0 0 43.4853569926 45.0102754006 44.9189318602 45.2983853777 44.6046238557 45.7190725671 45.7687852719 45.14043041 43.2531964886 43.5531325509 43.663769433 44.8589441303 44.5136514776 45.7546156997 45.4094587584 43.0395221766 44.2408362757 44.4314228888 45.2642129322 45.3657511569 45.4229123902 45.1364916826 74.3010376507 74.3010376507 45.6599062505 45.7094545566 43.6199950997 43.5938449903 45.728340489 44.5616727105 45.5208170715 43.7480246477 45.0136644593 45.2357620035 44.2313269198 43.8875300531 44.900815675 44.9868745788 44.7988389106 44.668728991 43.3771785952 43.6161471556 44.5097418552 43.7118545012 45.525240598 45.0586993895
0 0 0 0 0 0 0 43.9405950847 45.4859041041 45.279635047 45.7453111316 44.2407163307 45.109410966 45.494718466 44.0043198386 43.4202768169 45.1830639623 43.9474781953 44.2816905888 44.3122145063 44.1711156188 44.8674497198 45.8068914317 43.8177875436 44.9831277043 45.5196844724 45.2000228581 43.4736912732 45.027332558 74.3010376507 74.3010376507 75.1290982877 44.4809061485 45.8204646035 45.3471805809 43.1623748987 43.3452906743 45.5655257456 45.2877309431 43.8880016104 45.0984444017 44.7498529977 44.7658329967 44.6456863433 43.2439280759 44.2702231311 44.9472961751 44.6626752213 45.6182581945 45.1363346113 45.4941403226 43.026485503 43.8332575686
0 0 0 0 0 0 0 0 45.563181461 45.3479766214 44.0346626289 45.2688988259 43.4694369578 43.2737091485 43.1910021444 43.7868201102 44.2874864454 44.6083341299 43.7035845005 44.7076839868 44.1247545863 44.8986551406 44.5879834577 43.9735897882 45.5406974497 44.3134775875 43.10648621 44.4640095297 45.4904269688 45.7540927713 43.2459780895 43.1409942641 43.5509990908 45.693469293 43.7723205306 43.3948106409 44.7634252645 44.1044341673 45.7652007314 44.7607861978 43.1416512996 43.0204265998 44.5659031595 45.8283258154 43.7861104349 44.6166340657 45.6191112748 43.2567481461 45.5827856432 44.5867972503 43.8845005911 43.9466230371 44.4395354079
0 0 0 0 0 0 0 0 0 44.2777449787 44.9878469387 43.42443866 43.34205156 43.8283357536 45.229180806 44.9471935192 43.0661996547 44.9621868977 45.6917277412 44.5074985006 44.1265843333 45.6965820287 45.0544184578 45.5076463388 43.6787540706 44.5203115046 45.1544382017 43.0096475171 43.4477750728 43.0079701841 43.2865259375 44.0412549655 43.488683198 43.5126582468 43.3985849144 45.5361695318 43.4540501387 44.2935484162 44.8896920669 44.8531512697 45.3030787867 43.1545643485 43.7829024978 45.6381016332 43.5051509495 43.1463684622 45.1197780443 44.3598152065 45.6313132777 43.9291204843 45.4872173419 45.5479314371 44.4649592167
0 0 0 0 0 0 0 0 0 0 0 43.0350490397 43.2849376008 43.9701173801 45.5084179945 45.4838500879 44.4043393336 44.6773958921 43.2712649615 44.2956249434 43.6997236928 45.5002640437 45.6684914055 45.02996707 44.7174491685 43.0549113378 44.3690351808 45.2231741375 43.555341374 43.4036077238 44.5905753067 45.75206258 44.4154098123 43.0657751826 44.0656066299 44.3168599797 44.345179519 44.31437765 45.8226893142 44.9017602733 44.6538555458 43.8659080859 43.8770697587 44.5406292057 45.5248884343 44.8769842037 43.9057103413 43.4598738582 45.0056340918 44.6421905262 44.1177518089 44.9600246615 45.5729653734
0 0 0 0 0 0 0 0 0 0 0 0 0 0 44.5205592056 45.6496047693 45.0399218151 43.3970904329 44.443242359 45.3237065297 44.5207172787 45.2537500085 43.9371533012 45.0442510536 45.5867653371 45.229559639 45.080828245 43.7164246488 43.595034121 44.5556908678 44.4137838357 45.6176226764 45.4928067722 44.1246771777 43.0244677456 45.5961471699 45.5162906081 44.4608291501 43.1890170613 44.4568568373 45.7763469681 45.7166211827 43.8187610389 45.5249779755 45.6800413654 43.6342722236 43.4038124369 43.1392181432 43.7677008474 43.7582231029 44.7631506578 44.598624082 43.6332943247
0 0 0 0 0 0 0 0 0 0 0 0 0 0 0 45.3890490516 45.6240235591 43.4834668429 43.2420541517 43.1421308724 44.3560405034 44.6771842283 43.0216973199 45.0029263381 44.0960051907 44.8425757234 44.326944254 45.1437596369 43.237231655 44.9120524693 44.0747854338 43.909271817 45.0528136278 43.6103729271 43.5941483203 44.9012492961 43.0737032019 45.647153526 44.8351671075 44.6277231863 44.6329476509 44.146231245 45.3166307819 45.3083653487 43.949625612 43.2823954355 45.2947050655 45.3644541849 43.8584470623 44.6200774459 43.6893606184 43.759266706 45.8283862356
0 0 0 0 0 0 0 0 0 0 0 0 0 0 0 44.7103985009 44.2954437082 45.4033646112 45.8157029713 44.3703222017 44.3069501183 45.7052114099 45.2021469341 45.4537926444 44.9581274341 45.5259672551 45.3818229814 43.973686992 44.3366775882 43.4567269552 43.375150366 43.2975312214 45.7766564477 43.9477042422 45.2406280696 43.9209782392 44.3762214876 44.3480591355 45.748347301 43.6587963355 44.9422089056 43.8353742696 43.5712603135 44.6878970131 45.0007903453 43.0326155645 44.0032632523 45.2904309029 45.2451382447 43.6994768993 43.7252324829 43.4109707531 43.0398467965
0 0 0 0 0 0 0 0 0 0 0 0 0 0 0 0 43.9344556022 43.3049613762 44.7203012761 43.6481979372 44.7560568954 45.5985719269 43.6364615911 45.4521354942 45.4624797013 44.1516701443 43.3048029311 43.2625433576 44.9744763912 45.1421471032 44.8717634121 44.4978538727 43.0981965632 45.3983203848 43.7122101354 44.6803868071 43.859332859 44.7887570789 44.8616592029 44.959737727 45.2696574499 44.0802324637 45.7365293896 44.1519901529 44.9298440339 43.9607996117 44.5004423646 44.0510040964 43.5556826667 43.5633274598 45.6930833897 43.1978394145 45.3906981499
0 0 0 0 0 0 0 0 0 0 0 0 0 0 0 59.4947837615 57.8140767743 55.8504554912 45.3113950609 43.6053284838 43.4253077214 44.7254785738 44.057500591 44.9268857922 45.1219940036 45.2943900793 45.0280784652 44.4615674493 45.4445240494 45.7690479648 44.7276176732 45.8028994424 44.5463591864 45.540844712 44.5773516122 43.1381354876 45.7312855897 43.2008693522 43.8787942187 45.5814229665 45.3493539969 44.6251131129 44.9620154785 44.1994860039 44.057488381 45.5449438783 44.9497635509 44.6468586376 43.3897404777 45.6359054705 45.406423076 45.4589807047 43.661500492
0 0 0 0 0 0 0 0 0 0 0 0 0 0 67.1833333404 58.6703344669 59.9144594947 63.4849938783 43.8451302416 45.2892449881 44.6893831888 44.4910340073 43.2851092382 45.1451381948 45.1251774379 43.5735150081 43.4417987713 43.0824780183 45.3126179586 44.3204018943 43.8084242045 44.2787291267 44.3474919149 43.1114837215 43.1490942333 44.7713074206 43.5911964129 45.1168605925 43.4315400203 44.4994045855 43.4930700273 45.3232344621 43.4487018308 45.6667277619 44.5719423054 44.7186107569 43.8419318351 45.2097667252 43.0185774446 44.8447478927 45.1866764108 45.7316068805 45.4667477443
0 0 0 0 0 0 0 0 0 0 0 0 0 0 0 64.9855429228 59.4027635476 64.9601832125 43.054128294 44.4772956294 43.105736741 44.5263950925 45.371545262 44.0830249265 44.9025792435 43.0812022006 44.9134217344 44.6809320048 43.7102903548 45.2520536146 43.1844774974 45.0214753226 44.4762615649 44.0419018311 43.2857277764 44.4660351108 44.598988836 45.1007996927 44.2093989076 45.1017710892 44.9768826385 43.0453081278 45.2267361508 45.0271921837 45.5087918544 45.5438087955 44.4279265379 45.1097262485 44.0266943688 45.6537013064 44.2951045271 43.8557236954 45.4625251702
0 0 0 0 0 0 0 0 0 0 0 0 0 0 0 0 0 44.5586054277 45.563114521 43.3025813028 45.3554657024 45.5476064659 43.1636316867 43.111984319 43.7287410219 45.1634851251 44.537353129 44.5108879081 44.7454540379 45.2969112473 44.7072411546 44.8821511792 43.5928150333 45.0087768908 45.4778235699 43.2424553589 45.2492202643 43.3654478663 43.3195809433 44.7808992451 44.417880137 43.3232693769 44.8886036741 45.1394370707 67.9965208302 43.3066124638 45.2896471873 45.0708886799 44.2154536951 43.4300879146 44.2755283407 44.1731328208 45.6360406476
0 0 0 0 0 0 0 0 0 0 0 0 0 0 0 0 0 43.8459454208 44.1458485873 44.4289358989 44.7189428702 43.7328298364 45.0338744645 43.8952455682 44.2921877469 43.3740736764 45.5714823357 45.1311625496 43.5048586121 45.1919757029 44.5444438503 43.9848151243 45.2693111867 45.1670249587 44.3162397827 43.5595931851 43.7657056604 43.6231980256 43.005090553 44.6449879442 45.2513036895 43.5570452473 43.8685968811 44.2880313375 44.2124038896 43.7895139539 44.4016147563 44.8299000291 45.4604606889 43.6997035933 45.1428045558 44.4970327338 43.0099760179
0 0 0 0 0 0 0 0 0 0 0 0 0 0 0 0 0 0 44.9776294965 43.3607268798 43.4860447393 44.9621466989 44.4893107617 45.2045926954 45.5307734723 45.8259779251 44.8577473641 43.3718792281 43.3226588229 43.7852700915 45.4713005574 45.4374974806 43.6964850474 44.6622248277 45.1940321888 45.3754334052 45.2876974942 43.407549134 45.5263245896 43.3637259993 45.5134165612 45.1096749521 45.4588697413 45.6308821736 96.9267049737 44.2503941559 45.6943281139 43.3532524422 45.565680519 44.8907311135 43.8047372541 43.3893659536 44.841787521
0 0 0 0 0 0 0 0 0 0 0 0 0 0 0 0 0 0 43.9550070827 44.1443028947 44.0168217332 43.3388427907 43.1925572515 43.414892107 45.7242985209 44.3861933649 44.7698805106 43.4541171724 43.3088514091 44.3256666312 43.7951536763 43.803090488 45.1302740269 44.8189643544 43.690286881 45.1590102153 44.0667983182 44.7087611566 45.7654384862 44.5084868959 43.6853630367 43.1620478105 96.9267049737 95.9407056813 95.9407056813 45.5521840234 44.5669439083 45.5090559307 45.6892600932 44.1910913309 44.1651989967 44.7985203175 45.0227782001
0 0 0 0 0 0 0 0 0 0 0 0 0 0 0 0 0 0 0 44.4550268423 43.0704086477 45.7291020475 43.6879108986 43.0547100426 44.9315977813 43.3828390177 43.2121111628 43.7971568575 45.020682818 44.9024815704 43.9796599289 44.0008725521 43.3517657914 45.4774868933 45.0819602702 44.0133365492 45.2324388997 44.5904213855 43.5349910378 44.8821406842 44.8694698841 44.394324182 95.9407056813 95.9407056813 95.9407056813 95.9407056813 45.2229227191 44.5337594661 45.5096470281 45.0255615889 45.3204854174 43.4491089101 45.1108458335
