Spatial_Output/BAU/BAU_0428.asc
NCOLS 155
NROWS 192
XLLCORNER 196769.923733
YLLCORNER 449719.875193
CELLSIZE 27.603701
NODATA_VALUE NaN
[rows 161 to 183 of 192, columns 53 to 105 of 155]
30.7566643073 30.961933036 31.171283208 31.1130819577 31.1198089442 31.0233126905 30.9212478327 31.1467448243 30.9282330334 22.3354134092 22.3354134092 30.7635736877 31.0651997875 30.9329271335 30.535433579 30.9991186785 30.631354534 30.9696905511 30.7106158563 30.7729860806 30.7614566688 30.6520868061 30.6988434451 30.8232148623 30.8054203677 30.6975532581 30.7845362702 30.8677785922 30.508674242 30.5353114745 30.8056399574 30.6544692438 30.6906567024 31.1591460309 31.0169460288 31.0264150459 31.0802862861 31.0322578913 30.9317662573 30.6676761754 31.1371191508 30.6223210922 56.4966573808 50.1708063172 50.1708063172 30.6428119772 31.1122009777 30.9920375246 31.0821262851 31.1803248181 31.112523868 31.0551913127 30.7262794301
30.9323015772 30.7126588845 30.8833841752 30.557874359 30.6425191542 30.6864261708 30.6186471816 31.2033381285 30.5869445844 49.8868530944 49.8868530944 49.8868530944 30.9436306741 30.9019654476 30.7520029721 30.5939938715 30.9199779969 30.8948140188 30.7693615604 30.7669888984 30.8685942314 30.7508794857 30.6654010809 30.815309069 31.0131637436 31.0943308721 31.0536525806 31.1446893345 30.504474385 30.5856266412 31.084875982 30.9541526547 30.7869668594 30.5986077093 31.0708518879 30.6651376601 31.0030986603 30.6656400414 31.1101671153 30.6581054867 31.1714951464 31.0794535806 30.5229559599 50.1708063172 50.1708063172 50.3276856521 30.625219094 31.0857907191 30.9090898541 31.1476625404 30.618209176 30.8903195911 30.8755679208
0 31.1497407926 30.7993229814 31.1406885905 31.0699646793 31.1087647651 30.7881531244 30.6062086701 30.6553141407 30.6167978203 31.1849515805 54.116697143 30.6946367436 30.9737630218 31.0607596445 31.0618583845 31.0813028452 30.5210445248 30.9421482973 31.083047581 30.7251075327 30.7351187692 31.0184530339 30.5714983872 31.0394880585 30.9797145745 30.6390055755 30.9620265324 30.9347221573 30.8146217154 31.1815842761 30.6879791076 30.536818413 30.703564132 31.047528355 30.6946297108 30.7614587233 30.8552458192 30.8758844307 30.7929463309 30.6070533823 31.0873177276 31.1746856459 50.3276856521 55.1861017649 55.1861017649 68.4696406815 30.940161385 31.0937857167 30.5681449968 30.5547321913 30.9107440094 30.8009036929
0 0 0 31.138282981 31.0426383947 30.7923514472 30.6841408792 31.1597393061 31.1236780093 54.116697143 54.116697143 54.116697143 30.5178366117 30.8919284351 30.7910327874 31.1493215042 30.6409383255 31.1119134821 30.8497348924 30.8683677054 31.1132333073 30.9194716249 31.0651030027 30.9983561913 30.6187036322 30.9375476786 30.6932762816 31.1965196571 30.53753154 31.2062113953 30.5873515199 31.07630285 30.5298918456 30.691249092 30.9969806805 30.8121586411 30.5986022061 30.8827711745 30.6258340528 30.8395808203 31.008210196 30.5383415936 31.023714446 53.2509848957 55.1861017649 55.1861017649 66.4970549336 30.5135846656 30.8605989428 30.7258854804 31.1305173824 31.009261102 30.7559945603
0 0 0 0 0 0 30.8886061061 31.0850416906 30.5392515325 30.670074148 30.7245896711 54.116697143 30.9387422666 30.871977702 30.5144972301 30.701463262 31.1870895854 31.1860350527 30.8731037782 30.8853898671 30.9396097601 30.7067272553 30.5196641923 30.642576436 31.0544669628 30.6571888567 30.6656592717 31.0418463322 30.5827644446 31.1175533191 31.1455240613 30.8819678388 30.8830293584 30.8163998991 31.0102618512 30.5423187885 30.5875751179 30.6892773913 30.5265840741 30.7667960245 31.0430195135 30.6426020423 30.9429066527 30.8670984481 30.5887470681 68.4696406815 31.0580268967 30.6545798236 30.9853750684 30.5233880663 30.9469360227 30.7813887479 31.0380517613
0 0 0 0 0 0 0 0 32.879070036 30.8314480717 30.7454467983 46.5843498366 46.5843498366 30.8079970901 31.0461899364 30.7970471331 30.7890772752 0 30.8247270183 31.1097638137 31.0250999712 31.1791026071 30.6378652769 30.7076763418 30.6065864735 30.7047318316 30.5821124676 30.5025145293 31.1187970567 31.1971532168 30.8638260136 30.7493311618 30.6399258253 30.7862572455 31.0645653445 30.7528713996 30.5384501553 31.0504170028 30.8125504867 30.855120541 30.8631456627 31.0355551904 31.1295468817 31.1554362949 30.6605284892 68.641014682 50.4930272834 50.4930272834 30.9404221375 30.9830573273 30.8966689537 30.6772740731 31.1613636379
0 0 0 0 0 0 0 0 32.616947628 32.7468542606 62.0714235041 46.5843498366 46.5843498366 46.5843498366 30.9321344176 30.6557419018 0 0 0 30.886922839 30.557560782 30.7134736501 30.7856311543 30.7897873016 30.7537755999 30.891589397 30.8472272457 31.0229449545 30.9557044161 31.0185946935 30.7360948451 30.5649256784 30.5442919228 30.580279434 31.1169676028 30.8496239408 30.8805985836 30.5026915351 30.8085722043 31.0295328202 30.9174537327 30.8025134899 30.6132271383 30.7903598594 30.5681291866 50.4930272834 50.4930272834 50.4930272834 30.5200782726 31.1804439374 30.8492036504 30.8628660656 30.5925540474
0 0 0 0 0 0 0 0 32.5936482312 32.7422141705 32.7422141705 46.5843498366 61.208445792 61.208445792 42.0614309462 0 0 0 0 0 30.9928881419 30.7435776239 30.8221245441 31.0626495399 31.1309899863 30.7863676968 30.9266412553 30.5559215761 30.7125880213 31.1767453438 30.8004513019 30.546890471 30.5136744191 30.8815156079 31.0004162502 30.8639554559 30.6349432872 30.9429943668 30.65306368 31.119168189 30.9310237149 30.5717907198 30.6446613188 30.8429675608 31.1735662778 68.4835556609 79.3417735473 79.3417735473 79.3417735473 30.5488250436 30.5519500793 30.7055754806 30.9135633038
0 0 0 0 0 0 0 0 32.8265574591 32.8265574591 32.7422141705 32.8265574591 54.0734235841 54.1710156086 56.9916012713 0 0 0 0 0 30.8111712925 30.8837526541 30.7874627147 30.8406610187 30.838902098 30.7615198618 30.7443975742 30.6778134841 30.8504851263 30.6515188739 31.1675182083 30.8948525647 30.7875828649 30.6698309186 31.1476611875 31.1660055604 30.9592455581 30.8676454564 30.8389515922 30.5493949392 30.6551890238 30.6491632119 30.9681550845 31.0227820782 30.6640280304 30.9812607224 79.3417735473 49.5045768121 49.5045768121 31.1617538625 30.6811297474 30.617105733 30.7694457793
0 0 0 0 0 0 0 0 61.947384447 32.8265574591 32.8265574591 61.947384447 53.3994506616 54.2998689127 44.6428267365 58.0955981844 0 0 0 0 0 31.011733394 30.8084919836 31.1567783804 30.5531783556 30.5597364824 30.7491081822 31.0940205519 30.6229164373 30.9442349925 30.9820513713 30.7375957564 31.1652985321 30.8400492141 31.1861268812 30.6187025972 31.099089789 31.0443541054 31.1509177971 30.5764918584 30.691424499 30.9183662253 30.895322239 31.1216474065 30.703047266 30.6547335568 49.5045768121 49.5045768121 49.5045768121 50.3922452019 30.8485757038 30.91656636 30.890190113
0 0 0 0 0 0 0 0 33.8065910441 61.947384447 61.947384447 33.8065910441 51.1835574333 57.0541989353 60.8759531004 71.3938233398 0 0 0 0 0 0 31.0798073258 30.8096136915 31.189680441 30.5652768172 30.5232167895 30.8428866852 31.1539332929 30.8552185703 30.9003559864 30.5988416697 30.7087617606 30.9454652271 30.772263008 31.0076397161 30.5028160412 30.802191948 30.6442744165 30.6724841675 30.5112511126 30.8134792531 30.5819430277 30.787266893 30.9049430671 30.6320953952 30.6917762013 50.3922452019 50.3922452019 22.7651276145 22.7651276145 30.9327342807 31.0385886223
0 0 0 0 0 0 0 0 32.6949214143 32.6949214143 32.6949214143 32.6949214143 0 0 0 0 0 0 0 0 0 0 0 30.7720630099 30.5849369143 31.1779315485 30.9664362075 30.8255704519 31.1124101558 30.8064287678 31.1341619365 31.1954236931 30.8885427668 30.5672042874 31.0049991022 31.1931086594 30.6926375351 31.0829807019 31.1884898982 31.1378396982 30.5843377626 30.7424724947 30.9356602913 30.7137916826 30.616779549 31.1448250982 30.586258 22.3568643056 22.7651276145 50.4185889758 22.5704644853 30.5251353086 30.5448657099
0 0 0 0 0 0 0 0 32.7751405337 32.6949214143 32.6949214143 32.7751405337 0 0 0 0 0 0 0 0 0 0 0 0 31.0299333242 31.0987148258 31.0677300989 31.0763743266 30.7425816874 30.6786414842 30.5999247542 30.815574743 30.8190123812 30.7547447343 30.5154254217 30.9079779982 31.0391536181 31.0380056723 30.6431691463 30.8279574912 30.6981225532 31.0718045806 30.5238482404 31.1473509992 30.8958976712 30.8145347339 30.6797654586 31.188815368 50.4185889758 50.4185889758 50.4185889758 30.9677591861 30.7445854044
0 0 0 0 0 0 0 0 0 32.7751405337 32.7751405337 32.6960050135 0 0 0 0 0 0 0 0 0 0 0 0 0 0 0 0 0 0 31.1242867955 30.6582375764 30.6592436377 30.7486031364 31.023119813 30.5981021639 30.8760010691 30.8279295996 30.6910015731 31.2026929568 30.7875273554 30.7925533177 31.2025145133 30.9624237943 30.8746543963 31.0724995793 31.0891493225 30.6236755289 50.4185889758 50.4185889758 22.5479540839 22.325801295 30.9303806527
0 0 0 0 0 0 0 0 31.9209637752 34.4518305793 34.4518305793 31.9209637752 0 0 0 0 0 0 0 0 0 0 0 0 0 0 0 0 0 0 0 0 0 0 30.7341992019 30.9175711423 31.1719556329 31.0922640852 30.7528322579 31.0486062244 30.8655268604 30.9884652842 30.9625016532 30.9790465402 30.7859114071 31.205653102 30.5099085049 30.7637388078 31.0226317855 22.7576437742 22.7576437742 30.5304973112 30.8069001091
0 0 0 0 0 0 0 0 0 34.4518305793 34.4518305793 0 0 0 0 0 0 0 0 0 0 0 0 0 0 0 0 0 0 0 0 0 0 0 0 30.8031328633 30.5227440422 30.6875495963 31.1530553972 30.87057919 30.8610646845 30.6067247248 30.5065944209 30.911581045 30.9491553519 30.9778871222 30.9914523019 30.55879108 30.8185404586 39.9267957733 22.5306516716 22.5306516716 54.8293179421
0 0 0 0 0 0 0 0 0 33.2789968721 33.2789968721 0 0 0 0 0 0 0 0 0 0 0 0 0 0 0 0 0 0 0 0 0 0 0 0 0 30.6319916326 30.5329581125 30.747341831 31.1274177395 30.8954173226 30.936236504 31.0461475944 30.9061269461 30.9774631733 31.0331034225 30.6782570027 30.8487189578 31.0056830731 22.5306516716 54.8293179421 54.8293179421 54.8293179421
0 0 0 0 0 0 0 0 32.5932445136 32.5932445136 32.5932445136 32.5932445136 0 0 0 0 0 0 0 0 0 0 0 0 0 0 0 0 0 0 0 0 0 0 0 0 0 30.9309231832 31.1221068504 30.8619437864 30.7087880371 31.042613748 30.5246898957 30.5484277782 31.1321892971 30.5438205131 30.776195284 30.8237850291 30.5968964206 30.9248270061 22.6812073782 54.8293179421 56.9777799847
0 0 0 0 0 0 0 0 0 32.5932445136 32.5932445136 0 0 0 0 0 0 0 0 0 0 0 0 0 0 0 0 0 0 0 0 0 0 0 0 0 0 0 31.080834156 30.6937261201 31.1831977027 30.7181725666 31.1531193243 30.7505582525 30.8217798517 30.8736446595 31.0692229437 31.0493887671 31.0649469421 30.9717208598 22.3128240312 53.4408297162 56.9777799847
0 0 0 0 0 0 0 0 0 0 0 0 0 0 0 0 0 0 0 0 0 0 0 0 0 0 0 0 0 0 0 0 0 0 0 0 0 0 0 30.7389645436 30.7139898536 30.9323781427 30.9527182416 30.5293798405 30.5042842878 31.1417179433 31.0705191277 31.1307559758 30.7221798214 31.045600676 30.5128879713 22.3185552043 22.3185552043
0 0 0 0 0 0 0 0 0 0 0 0 0 0 0 0 0 0 0 0 0 0 0 0 0 0 0 0 0 0 0 0 0 0 0 0 0 0 0 0 31.0305194823 31.1096438869 31.0388807774 30.6793850597 30.8743894669 31.1507553312 31.1206327212 30.5833316605 30.8655615554 31.0342380798 30.7347521841 22.3185552043 22.3185552043
0 0 0 0 0 0 0 0 0 0 0 0 0 0 0 0 0 0 0 0 0 0 0 0 0 0 0 0 0 0 0 0 0 0 0 0 0 0 0 0 0 30.5941506167 31.178060918 30.8462196012 30.8449713263 30.5223852879 31.2065256183 30.7320344646 30.5760430653 30.8892121464 31.0274049239 22.3385070455 60.1630057872
0 0 0 0 0 0 0 0 0 0 0 0 0 0 0 0 0 0 0 0 0 0 0 0 0 0 0 0 0 0 0 0 0 0 0 0 0 0 0 0 0 0 30.6752812981 30.8525120162 30.8534933162 31.0022082293 30.5138752461 30.8856796823 30.6978081751 30.6539638069 30.9481487807 73.8569231545 60.1630057872
