Spatial_Output/BAU/BAU_0829.asc
NCOLS 155
NROWS 192
XLLCORNER 196307.867259
YLLCORNER 449144.565805
CELLSIZE 33.573938
NODATA_VALUE NaN
[rows 111 to 147 of 192, columns 0 to 82 of 155]
0 0 0 0 0 0 0 0 0 0 0 0 0 0 0 0 0 0 0 0 0 0 0 0 0 0 0 0 0 21 21 21 21 21 21 21 21 21 21 21 21 21 21 21 21 21 21 21 55.4668455188 57.2557845203 45.2297598164 21 21 21 21 21 21 66.7968553413 66.7968553413 21 21 21 21 21 21 21 21 21 42.2468925786 42.2468925786 47.5926522531 47.5926522531 64.1879165503 39.9560019994 44.5805427044 44.5805427044 36.9902768731 52.9165101208 52.9165101208 62.4062112829 51.3477805325 51.3477805325 48.4430727164
0 0 0 0 0 0 0 0 0 0 0 0 0 0 0 0 0 0 0 0 0 0 0 0 0 0 0 0 0 0 21 21 21 21 21 21 21 21 21 21 21 21 21 21 21 21 21 21 45.2297598164 45.2297598164 45.2297598164 45.2297598164 21 21 21 21 21 66.7968553413 66.7968553413 21 41.7226354622 41.7226354622 21 21 21 21 21 21 42.2468925786 21 47.5926522531 47.5926522531 39.9560019994 38.2472720543 44.5805427044 39.7370449459 36.9902768731 53.9203655291 52.9165101208 21 34.5990012748 51.3477805325 48.4430727164
0 0 0 0 0 0 0 0 0 0 0 0 0 0 0 0 0 0 0 0 0 0 0 0 0 0 0 0 0 0 0 21 21 21 21 21 21 21 21 21 21 21 21 21 21 21 21 21 69.3524470096 69.3524470096 21 21 21 21 21 21 21 66.7968553413 21 21 21 21 21 21 43.1278609657 21 21 21 21 21 21 21 21 21 21 21 21 21 21 21 21 21 21
0 0 0 0 0 0 0 0 0 0 0 0 0 0 0 0 0 0 0 0 0 0 0 0 0 0 0 0 0 0 0 21 21 21 21 21 21 21 21 21 21 21 21 21 21 21 21 21 21 21 21 21 21 21 21 21 21 21 21 21 21 21 21 21 21 21 21 21 21 21 21 21 21 21 21 21 21 48.6010062225 21 21 21 21 21
0 0 0 0 0 0 0 0 0 0 0 0 0 0 0 0 0 0 0 0 0 0 0 0 0 0 0 0 0 0 0 0 21 21 21 21 21 21 21 21 21 21 21 21 21 21 21 21 21 21 21 21 21 21 21 21 21 21 21 21 21 21 21 21 21 21 21 21 21 21 21 21 21 21 21 21 48.6010062225 48.6010062225 48.6010062225 21 63.8766260039 21 21
0 0 0 0 0 0 0 0 0 0 0 0 0 0 0 0 0 0 0 0 0 0 0 0 0 0 0 0 0 0 0 0 21 21 21 21 21 21 21 21 21 21 21 21 21 21 21 21 21 21 21 21 21 21 21 21 21 21 21 21 21 21 21 21 21 21 21 21 21 21 21 21 21 21 21 21 48.6010062225 48.6010062225 21 21 63.8766260039 21 21
0 0 0 0 0 0 0 0 0 0 0 0 0 0 0 0 0 0 0 0 0 0 0 0 0 0 0 0 0 0 0 0 0 21 21 21 21 21 21 21 21 21 21 21 21 21 21 21 21 21 21 21 21 21 21 21 21 21 21 21 21 21 21 21 21 21 21 21 21 21 21 21 21 21 21 21 21 44.2553096595 34.2455841456 34.2455841456 21 21 21
0 0 0 0 0 0 0 0 0 0 0 0 0 0 0 0 0 0 0 0 0 0 0 0 0 0 0 0 0 0 0 0 0 21 21 21 21 21 21 21 21 21 21 21 21 21 21 21 21 21 21 21 21 21 21 21 21 21 21 21 21 21 21 21 21 21 21 21 21 21 21 21 21 21 21 21 21 34.2455841456 34.2455841456 21 21 21 21
0 0 0 0 0 0 0 0 0 0 0 0 0 0 0 0 0 0 0 0 0 0 0 0 0 0 0 0 0 0 0 0 0 0 21 21 21 21 21 21 21 21 21 21 21 21 21 21 21 21 21 21 21 21 21 21 21 21 21 21 21 21 21 21 21 21 21 21 21 21 21 21 21 21 21 21 21 34.2455841456 34.2455841456 21 21 21 21
0 0 0 0 0 0 0 0 0 0 0 0 0 0 0 0 0 0 0 0 0 0 0 0 0 0 0 0 0 0 0 0 0 0 0 21 21 21 21 21 21 21 21 21 21 21 21 21 21 21 21 21 21 21 21 21 21 21 21 21 21 21 21 21 21 21 21 21 21 21 21 21 21 21 21 21 21 21 21 49.9789866376 49.9789866376 21 21
0 0 0 0 0 0 0 0 0 0 0 0 0 0 0 0 0 0 0 0 0 0 0 0 0 0 0 0 0 0 0 0 0 0 0 21 21 21 51.9223459559 21 21 21 21 21 21 21 21 21 21 21 21 21 21 21 21 21 21 21 21 21 21 21 21 21 21 21 21 21 21 21 21 21 21 21 21 21 21 21 49.9789866376 49.9789866376 49.9789866376 21 21
0 0 0 0 0 0 0 0 0 0 0 0 0 0 0 0 0 0 0 0 0 0 0 0 0 0 0 0 0 0 0 0 0 62.764025694 43.4846368367 65.1355628675 42.8195301286 42.8195301286 42.8195301286 21 21 21 21 21 21 21 21 21 21 21 21 21 21 21 21 21 21 21 21 21 21 21 21 21 21 21 21 21 21 21 21 21 21 21 21 21 21 21 21 52.4643724214 52.4643724214 52.4643724214 21
0 0 0 0 0 0 0 0 0 0 0 0 0 0 0 0 0 0 0 0 0 0 0 0 0 0 0 0 0 0 37.7344170153 38.0838197666 32.9560398183 40.6731645254 39.8461544307 43.4846368367 21 42.8195301286 49.8227663704 21 21 21 21 21 21 21 21 21 21 21 21 21 21 21 21 21 21 21 21 21 21 21 21 21 21 21 21 21 21 21 21 21 21 21 21 21 21 21 21 52.4643724214 52.4643724214 47.827715116 21
0 0 0 0 0 0 0 0 0 0 0 0 0 0 0 0 0 0 0 0 0 0 0 0 0 0 0 0 47.7789428376 42.3118689432 42.3118689432 69.928887253 36.882978599 43.4595226391 41.1637519313 43.4846368367 52.0434106701 42.8195301286 21 21 21 21 21 21 21 21 21 21 21 21 21 21 21 21 21 21 21 21 21 21 81.5192925694 81.5192925694 21 21 21 21 21 21 21 21 21 21 21 21 21 21 21 21 21 21 41.3265738795 41.3265738795 41.3265738795
0 0 0 0 0 0 0 0 0 0 0 0 0 0 0 0 0 0 0 0 0 0 0 0 0 57.1963571753 69.1107326267 73.7669453859 73.7669453859 42.3118689432 42.3118689432 69.928887253 39.7821029292 33.3235029737 40.2498926013 54.7063549248 0 0 21 21 21 21 21 21 21 53.3559943051 53.3559943051 53.3559943051 21 21 21 21 21 21 21 21 21 21 37.7344212587 41.223222957 81.5192925694 81.5192925694 21 21 21 21 21 21 21 21 21 21 21 21 21 21 21 21 21 63.2230779127 41.3265738795 41.3265738795 21
0 0 0 0 0 0 0 0 0 0 0 0 0 0 0 0 0 0 0 0 0 0 0 0 0 57.1963571753 57.1963571753 57.1963571753 73.7669453859 42.3118689432 42.3118689432 45.1180240296 51.6051166195 55.145741716 0 0 0 0 21 21 21 21 21 21 21 21 53.3559943051 53.3559943051 53.3559943051 21 21 21 21 21 21 48.631335087 59.9923089151 59.9923089151 59.9923089151 37.7344212587 41.223222957 41.223222957 65.6262669654 21 21 21 21 21 21 21 21 21 21 21 21 21 21 21 21 60.2382572721 60.2382572721 60.2382572721 48.4327163772
0 0 0 0 0 0 0 0 0 0 0 0 0 0 0 0 0 0 0 0 0 0 0 0 0 57.1963571753 57.1963571753 60.8954813382 73.7669453859 50.6089134352 0 0 0 0 0 0 0 0 0 21 21 21 21 21 21 21 53.3559943051 21 21 21 46.1669932362 50.4478618025 50.4478618025 21 48.631335087 48.631335087 38.7228891365 59.9923089151 59.9923089151 37.7344212587 65.6262669654 57.0623033528 57.0623033528 21 21 21 21 21 21 21 21 21 21 21 21 21 21 21 54.1681626536 21 43.2923447693 43.2923447693 21
0 0 0 0 0 0 0 0 0 0 0 0 0 0 0 0 0 0 0 0 0 0 0 0 0 0 0 0 0 0 0 0 0 0 0 0 0 0 0 0 21 21 21 21 21 52.6735855462 52.6735855462 49.6667057917 21 21 46.1669932362 50.4478618025 50.4478618025 21 21 21 48.631335087 59.9923089151 21 21 21 57.0623033528 57.0623033528 47.2812046934 60.0832622142 21 21 45.6926186908 55.6835535764 21 21 21 21 21 52.5058923779 21 21 54.1681626536 54.1681626536 43.2923447693 43.2923447693 43.2923447693 48.4327163772
0 0 0 0 0 0 0 0 0 0 0 0 0 0 0 0 0 0 0 0 0 0 0 0 0 0 0 0 0 0 0 0 0 0 0 0 0 0 0 0 0 21 21 21 21 52.6735855462 52.6735855462 52.6735855462 72.6616919752 46.1669932362 46.1669932362 46.1669932362 21 21 21 21 21 21 21 21 21 45.3062803923 46.3271410712 21 60.0832622142 60.0832622142 59.2323129487 45.6926186908 55.6835535764 55.6835535764 46.0857673629 21 21 21 21 21 21 21 21 21 43.2923447693 43.2923447693 21
0 0 0 0 0 0 0 0 0 0 0 0 0 0 0 0 0 0 0 0 0 0 0 0 0 0 0 0 0 0 0 0 0 0 0 0 0 0 0 0 0 21 21 21 21 21 60.1017439311 72.6616919752 21 21 21 21 21 21 21 21 21 21 21 21 39.2150144855 38.0707694233 39.2150144855 46.3271410712 60.0832622142 60.0832622142 59.2323129487 45.6926186908 55.6835535764 21 21 36.3224370902 21 21 21 21 21 21 21 21 47.1458818898 21 21
0 0 0 0 0 0 0 0 0 0 0 0 0 0 0 0 0 0 0 0 0 0 0 0 0 0 0 0 0 0 0 0 0 0 0 0 0 0 0 0 0 0 21 21 21 60.1017439311 21 21 21 21 21 21 21 21 21 21 21 21 21 48.1774530358 38.0707694233 38.0707694233 38.0707694233 70.4238968661 70.4238968661 21 21 21 21 21 21 21 21 21 21 21 21 21 21 21 21 21 21
0 0 0 0 0 0 0 0 0 0 0 0 0 0 0 0 0 0 0 0 0 0 0 0 0 0 0 0 0 0 0 0 0 0 0 0 0 0 0 0 0 0 0 21 21 64.6439254366 21 64.6439254366 21 21 21 21 21 21 21 42.6661295271 39.214553626 53.8939549786 48.1774530358 48.1774530358 56.1499722084 39.2150144855 38.0707694233 70.4238968661 21 21 21 21 21 21 21 21 21 21 21 21 21 21 21 21 21 21 56.0137777368
0 0 0 0 0 0 0 0 0 0 0 0 0 0 0 0 0 0 0 0 0 0 0 0 0 0 0 0 0 0 0 0 0 0 0 0 0 0 0 0 0 0 0 21 21 21 21 21 21 21 21 21 21 21 21 42.6661295271 21 53.8939549786 21 48.1774530358 56.1499722084 21 21 21 21 21 21 21 21 21 21 21 21 21 21 21 21 21 21 21 21 21 21
0 0 0 0 0 0 0 0 0 0 0 0 0 0 0 0 0 0 0 0 0 0 0 0 0 0 0 0 0 0 0 0 0 0 0 0 0 0 0 0 0 0 0 0 21 21 21 21 21 21 21 21 21 21 21 42.6661295271 42.6661295271 21 21 21 21 21 21 21 21 21 21 21 21 21 21 21 21 21 21 21 21 21 21 21 21 21 21
0 0 0 0 0 0 0 0 0 0 0 0 0 0 0 0 0 0 0 0 0 0 0 0 0 0 0 0 0 0 0 0 0 0 0 0 0 0 0 0 0 0 0 0 21 56.0465550502 56.0465550502 56.0465550502 21 21 21 57.3573197664 57.3573197664 57.3573197664 21 21 21 21 21 21 21 21 21 21 21 21 21 21 21 21 21 21 21 21 21 21 21 21 21 21 21 21 21
0 0 0 0 0 0 0 0 0 0 0 0 0 0 0 0 0 0 0 0 0 0 0 0 0 0 0 0 0 0 0 0 0 0 0 0 0 0 0 0 0 0 0 0 21 56.0465550502 56.0465550502 56.0465550502 21 21 21 35.8202628144 35.8202628144 57.3573197664 21 21 21 21 21 21 21 21 21 21 21 21 21 21 21 21 21 21 21 21 21 21 21 21 21 21 21 21 21
0 0 0 0 0 0 0 0 0 0 0 0 0 0 0 0 0 0 0 0 0 0 0 0 0 0 0 0 0 0 0 0 0 0 0 0 0 0 0 0 0 0 0 0 0 21 21 21 21 21 21 35.8202628144 35.8202628144 21 21 21 21 21 21 21 21 21 21 21 51.8105031069 51.8105031069 51.8105031069 21 21 21 21 21 21 21 21 21 21 21 21 21 21 21 21
0 0 0 0 0 0 0 0 0 0 0 0 0 0 0 0 0 0 0 0 0 0 0 0 0 0 0 0 0 0 0 0 0 0 0 0 0 0 0 0 0 0 0 0 0 21 21 21 21 21 45.2375461605 21 35.8202628144 21 21 21 21 21 21 21 21 21 21 21 34.4637335052 51.8105031069 34.4637335052 21 21 21 21 21 21 21 21 21 21 21 21 21 21 21 21
0 0 0 0 0 0 0 0 0 0 0 0 0 0 0 0 0 0 0 0 0 0 0 0 0 0 0 0 0 0 0 0 0 0 0 0 0 0 0 0 0 0 0 0 0 21 44.0489072443 44.0489072443 21 21 21 21 21 21 21 21 21 21 21 21 21 21 21 21 21 34.4637335052 55.9749056693 21 21 21 21 21 21 21 21 21 21 21 21 21 21 21 21
0 0 0 0 0 0 0 0 0 0 0 0 0 0 0 0 0 0 0 0 0 0 0 0 0 0 0 0 0 0 0 0 0 0 0 0 0 0 0 0 0 0 0 44.0489072443 36.5583420907 48.7835746861 44.0489072443 44.0489072443 39.9624782943 21 21 21 21 21 21 21 21 21 21 21 21 21 21 21 21 21 21 21 21 21 21 21 21 21 21 21 21 21 21 21 21 21 21
0 0 0 0 0 0 0 0 0 0 0 0 0 0 0 0 0 0 0 0 0 0 0 0 0 0 0 0 0 0 0 0 0 0 0 0 0 0 0 0 0 76.5004150792 44.0489072443 44.0489072443 44.0489072443 48.7835746861 21 44.0489072443 21 21 21 21 21 21 21 21 21 21 21 21 21 21 21 21 21 55.004193142 48.1090069896 21 21 21 21 21 21 21 21 21 21 21 21 21 21 21 21
0 0 0 0 0 0 0 0 0 0 0 0 0 0 0 0 0 0 0 0 0 0 0 0 0 0 0 0 0 0 0 0 0 0 0 0 0 0 0 76.5004150792 68.6735279038 44.0489072443 44.0489072443 44.0489072443 44.0489072443 48.7835746861 21 21 21 21 21 21 21 21 21 21 21 21 21 21 21 21 21 21 55.004193142 55.004193142 55.004193142 55.004193142 21 21 21 21 21 21 21 21 21 21 21 21 21 21 21
0 0 0 0 0 0 0 0 0 0 0 0 0 0 0 0 0 0 0 0 0 0 0 0 0 0 0 0 0 0 0 0 0 0 0 0 0 0 76.5004150792 76.5004150792 44.0489072443 44.0489072443 44.0489072443 44.0489072443 69.9214308253 0 0 21 21 21 21 21 21 21 21 21 21 21 21 21 21 21 21 21 21 21 21 21 21 21 21 21 21 21 21 21 21 21 21 21 21 21 21
0 0 0 0 0 0 0 0 0 0 0 0 0 0 0 0 0 0 0 0 0 0 0 0 0 0 0 0 0 0 0 0 0 0 0 0 0 0 76.5004150792 76.5004150792 68.6735279038 68.6735279038 44.0489072443 0 0 0 0 21 21 21 21 21 21 21 21 21 21 21 21 21 21 21 21 21 21 21 21 21 21 21 21 21 21 21 21 21 21 21 21 21 21 21 21
0 0 0 0 0 0 0 0 0 0 0 0 0 0 0 0 0 0 0 0 0 0 0 0 0 0 0 0 0 0 0 0 0 0 0 0 0 0 49.553435664 76.5004150792 49.553435664 0 0 0 0 0 0 21 21 21 21 21 21 21 21 21 21 21 21 21 21 21 21 21 43.9881199732 43.9881199732 43.9881199732 21 21 21 21 21 21 21 21 21 21 21 21 21 21 21 21
0 0 0 0 0 0 0 0 0 0 0 0 0 0 0 0 0 0 0 0 0 0 0 0 0 0 0 0 0 0 0 0 0 0 0 0 0 0 0 0 0 0 0 0 0 0 0 0 21 21 21 21 21 21 21 21 21 21 21 21 21 21 21 21 21 21 43.9881199732 21 21 21 21 21 21 21 21 21 21 21 21 21 21 21 21
0 0 0 0 0 0 0 0 0 0 0 0 0 0 0 0 0 0 0 0 0 0 0 0 0 0 0 0 0 0 0 0 0 0 0 0 0 0 0 0 0 0 0 0 0 0 0 0 0 0 21 21 21 21 21 21 21 21 21 21 21 21 21 21 21 21 21 21 21 21 21 21 21 21 21 21 21 21 21 21 21 21 21
