Spatial_Output/BAU/BAU_1328.asc
NCOLS 155
NROWS 192
XLLCORNER 196769.923733
YLLCORNER 449719.875193
CELLSIZE 27.603701
NODATA_VALUE NaN
[rows 115 to 137 of 192, columns 53 to 105 of 155]
33.8682670756 33.9922906204 52.743843273 52.743843273 52.743843273 60.5130050612 58.6795287191 58.6795287191 55.5460771887 55.5460771887 64.1665253011 51.0202319699 61.4700249283 61.4700249283 59.1946838976 53.5731106583 53.5731106583 33.0421241548 56.2850648196 56.2850648196 50.7323085136 54.7329543947 54.7329543947 48.6978778298 56.0429471183 82.0277624166 33.0265103052 34.168534612 34.1707065497 57.2065292001 75.9699988249 75.9699988249 61.0904100812 61.0904100812 34.1815346225 34.189442102 63.2848026588 34.0475390201 33.8895040963 69.496354541 69.496354541 69.496354541 33.8529628336 34.2548192155 33.7954505185 33.4668504587 34.145106521 33.6473946967 33.0392123209 34.1067383021 34.056032155 33.1754218888 33.758995334
33.2984793752 61.3100078361 42.3700478457 52.743843273 52.743843273 33.6827195815 58.6795287191 60.5130050612 53.1354194501 55.5460771887 33.7114252608 66.0187062823 51.0202319699 61.4700249283 58.7858741252 33.0203265547 53.5731106583 33.4434631252 33.2606067579 52.3219419486 50.7323085136 33.4875215191 33.3188689738 56.0429471183 56.0429471183 56.0429471183 33.5110782418 33.620881193 33.0930594025 33.8693302013 74.6909800348 75.9699988249 74.6909800348 34.3661631449 33.8915839611 33.5711514778 33.6683589455 34.1385761901 33.6676964165 83.492765391 69.496354541 83.492765391 33.3247024448 33.5787236776 33.1089283128 33.4155225004 33.377847878 33.9403181016 34.2570819461 34.3846255969 33.5406031824 33.6567052034 33.2596740575
33.6758767301 34.0931820704 34.2060370254 34.1588168723 33.7702110872 33.6157263729 34.3082992247 33.7011131331 53.1354194501 34.1024943769 34.4072141291 33.1564520304 33.6702512844 33.7738567962 33.1691505271 33.3616074232 34.4048470273 34.1973355749 33.4613122084 33.67123554 33.8166777408 33.062809717 33.6848888479 51.1272771708 56.0429471183 51.1272771708 34.4028926668 34.204874965 34.2666911642 33.3128454025 52.944993836 52.944993836 52.944993836 34.0853344036 34.0444322795 33.0315689494 33.2383244453 34.121200364 34.135362891 34.0992725443 83.492765391 62.4785819363 33.8035542869 33.8833913527 33.67086064 33.0257368724 34.0111770054 33.1283050812 33.3687537708 33.7983512796 34.1198353793 33.352890251 33.5209394656
34.0834701511 33.5129040769 33.8524159808 33.1918060819 33.8266035189 33.4634134581 34.1271322217 34.3582754751 33.0339234195 33.171005835 34.0217386265 33.0283637733 34.3663960608 33.5165453187 33.9550329375 33.6713166339 33.7321498988 33.966499087 33.4696824082 33.8141956338 33.0539119925 34.1387119172 33.0998354537 33.9984225611 34.054183226 61.3240018391 34.08914387 34.0272455193 33.3059816348 34.3872118476 33.1978578041 59.3639151741 33.6595512216 33.724239232 33.857487367 33.7647915248 34.250156035 33.2252095553 33.6129387336 33.2451303578 69.4961125965 33.9097433315 33.6186875595 33.4555344811 34.1490277674 34.2428312056 33.0578789747 33.962540472 33.2326788266 33.2866694586 33.5429514025 33.6343776597 33.3455452444
33.9474416805 34.2762695786 34.3534035989 33.5113669602 33.6760564549 33.7513866538 33.4173330689 33.2516276948 34.3359977854 33.8932451613 34.3295100078 33.7458866996 33.755927695 33.4569857325 33.7102182335 34.1002588303 33.9568937932 34.1237736591 33.702687326 34.2595049614 33.4385461142 33.7510492415 34.2725919578 33.9993253077 61.3240018391 33.4102032502 33.1838225956 33.5182056854 43.7546258415 33.8710717418 53.4479795167 59.3639151741 33.152115482 67.7247986051 34.412435399 33.8886426155 33.2312680911 34.2853878032 33.3001099555 33.1354941806 73.0843496281 73.0843496281 73.0843496281 33.026286093 34.0703296136 33.4928043371 33.1631950435 33.3577085825 33.2931382061 33.0615500271 33.3296639452 33.6975100491 33.5914347483
34.2668565769 34.390814718 33.3176824768 33.6939858449 33.7924826944 33.3356830231 61.9121699581 61.9121699581 61.9121699581 34.289033255 34.0166027347 33.7522290582 33.2698325824 34.3952489295 33.6048405814 33.251042335 34.2369750566 33.161570111 33.6284709133 33.2397235825 34.0753893703 33.4187877238 34.0951242861 34.3603692683 66.0997847431 33.7426740335 33.2780297002 56.6395801992 43.7546258415 43.7546258415 59.3639151741 59.3639151741 59.3639151741 33.1000862463 33.1718015258 67.7391246825 34.251802497 34.0070954088 33.4478821678 52.4635755822 73.0843496281 73.0843496281 61.1658915148 60.1211101661 33.3760084374 60.7080021927 34.1444421186 33.1015629218 33.6133430989 33.8696569689 33.0887368378 33.522661021 33.6925357902
34.0965817483 65.1583483024 33.2860589768 34.0985704747 33.0157464609 33.4416635791 34.1478703164 61.9121699581 61.9121699581 33.5205640158 33.3452002516 33.3331359704 34.0287491569 33.838686427 33.5403951937 33.0931034852 33.9419163105 33.2846549653 33.5181190729 33.164487152 33.2965036537 34.1833311203 33.2914691961 82.3720035431 50.2564017507 50.2564017507 50.2564017507 56.6395801992 43.7546258415 43.7546258415 53.4479795167 69.102765998 33.7568529886 34.3556755799 67.7247986051 67.7391246825 34.375953035 33.5547747714 33.2412321208 34.0708648763 63.7164104959 56.7680840481 61.1658915148 60.1211101661 53.4448040525 33.2552977303 33.5829770603 46.7109193425 33.3806250277 80.0521668751 80.0521668751 64.9628649375 33.6066098227
59.7212389258 59.1256816606 59.1256816606 60.4035827512 33.8467608037 33.5370645886 34.3527315117 33.8882462198 33.5403813964 34.2551278721 33.2993257953 33.6152652823 33.8676879822 33.5898707914 33.3687422213 33.2853885937 33.0699374354 34.152363234 33.0103785522 34.0897014258 34.0777906992 33.4183585823 33.5335508897 55.650079174 50.2564017507 50.2564017507 61.5177517709 34.1469465655 33.0640473456 33.2031445762 34.2566489356 33.8173685601 33.4752914706 34.2604614014 34.2296578142 33.9789810342 33.6222508053 34.0012239727 33.7890730742 33.1563069965 63.7164104959 63.7164104959 61.1658915148 61.1658915148 34.2214315191 33.2006091549 46.7109193425 46.7109193425 80.0521668751 80.0521668751 80.0521668751 64.9628649375 64.9628649375
59.7212389258 59.7212389258 59.1256816606 60.4035827512 63.8675203614 50.8324510272 54.050737442 66.1852637733 50.9550337179 34.0794398969 33.4422696654 33.9541928949 33.0222430132 34.0592207565 33.0088598109 34.0048314656 33.310593731 34.3025559663 33.9345332464 33.7438736372 33.7496656113 34.3322271417 34.1536948006 33.7037662748 34.2814607579 50.2564017507 34.2389130605 33.9904405298 33.705386684 33.6877964083 33.4656002555 33.8619811518 34.0412236764 33.165706373 33.9604346597 33.7284921527 33.6396825755 34.3739940345 33.1753018582 33.8653954173 33.0174492531 33.8281280372 33.1525148044 33.7947451186 33.3542124557 53.4448040525 33.6886321785 46.7109193425 33.4205520244 80.0521668751 80.0521668751 64.9628649375 34.0115922946
59.7212389258 59.1256816606 60.4035827512 60.4035827512 50.8324510272 50.8324510272 50.8324510272 66.1852637733 50.0615919722 33.5179338643 33.7552883639 33.441685107 34.0504299777 33.1304954774 34.2465013969 34.4071779095 33.9547431664 33.8077843205 34.0736265997 33.192746951 33.9248978792 33.0259971034 33.2238241124 33.9747211356 57.4283522762 55.7746148149 74.1101206092 74.1101206092 33.9263916528 33.7416975636 34.0623766215 33.297234216 33.9032307708 33.5010352988 34.2293782284 34.0646895411 33.7274615557 33.6134295681 34.3335628056 33.3871204624 33.6143952307 83.7606918187 33.4249517681 33.505114755 33.853198179 33.15980385 33.5934508005 33.2478527079 33.2373251424 33.8401130735 33.4872578825 33.1183156832 33.1331913144
55.6499883619 33.7587031429 33.1015163698 33.1270344338 50.8324510272 54.050737442 76.8144616892 50.0615919722 50.0615919722 34.0560687354 33.1732959727 34.3347652139 34.2295946843 33.4650592267 33.1187903812 33.5798051536 34.1783850265 33.31953236 33.2328871541 33.2669997758 34.3124505777 33.2427196287 33.5364833377 33.6841356505 34.0455492154 74.1101206092 74.1101206092 74.1101206092 33.8116704678 34.2300998431 33.4547426838 34.2573175637 33.6682085326 33.5661820735 33.453746983 33.5582629296 33.865683558 33.5616923775 33.4290613627 33.5332728988 83.7606918187 83.7606918187 83.7606918187 33.3746394018 33.5948513923 33.5313722737 33.8173056973 33.9748381784 33.5735551737 34.3724519594 34.3462720387 33.7562164814 33.4994994936
60.5617005124 60.5617005124 33.4528647474 33.582049419 33.8954829679 33.7399817581 33.7193016082 50.9550337179 34.3025247915 33.1187105211 33.6222548483 33.0332558383 33.0978912908 34.4054189678 34.0079780358 34.2272087317 34.0744328292 33.7943295335 34.4016069386 33.4973542717 34.2015819527 33.2473932033 33.6176237907 34.0868154625 33.0163216898 50.5823227229 53.4793904449 84.2087326607 84.2087326607 33.9213360434 33.9982703859 33.5443294811 34.3926669469 33.0299289839 33.49276797 33.2094738251 33.4019778638 33.5394398767 33.8117113122 34.2703570981 83.7606918187 83.7606918187 83.7606918187 33.9845216221 33.691479065 34.3669453582 33.9600863744 33.7539693345 33.2102114634 34.3537513807 33.3892676606 33.9813909975 34.1872703239
60.5617005124 60.5617005124 58.1681635452 33.5011940425 34.3838166197 33.4858100977 57.0069290263 34.1712778898 34.0767845871 33.9542020583 33.7588740174 33.4739870189 33.8930044168 34.3652838244 34.1415881315 34.3613073772 33.1005137126 33.2412416874 33.6058881989 33.4312302053 34.0717923303 33.2403150126 33.4648462834 33.2733722648 33.9647126481 33.4801177928 84.2087326607 84.2087326607 84.2087326607 34.1135712245 33.3537870909 33.4660529037 34.0631066451 33.3923632849 33.1185232057 33.2983837213 33.574777742 33.8032075274 33.1352260967 33.2004393992 33.7377955652 54.0643141235 54.0643141235 33.2606282957 33.2765501912 33.5653002511 33.1532398323 34.0492991207 34.3957544342 34.1579164742 33.1332742479 34.097809216 33.8300328551
33.6502610359 58.1681635452 58.1681635452 34.0826469582 33.3972975714 33.1778575391 54.3257645995 33.6946458692 33.0498865052 33.1536481449 33.6709603792 34.25741232 33.9550529756 33.5632583207 33.8580402847 33.942224809 33.8987315013 33.357475582 33.7559094005 33.238644351 33.4273773726 33.5863068431 34.3536226594 33.7378165869 33.8376301416 33.6834421968 33.566542197 69.7445772758 69.7445772758 69.7445772758 33.8249298982 34.3692268371 33.8231099907 33.8335847187 34.1973806713 33.4554963404 33.6212846937 33.527902794 33.123302712 33.9144022006 34.0556862973 33.44370453 59.4091620619 33.1810622 33.7633327813 33.1501695246 33.1877547512 33.1752901332 33.0396118167 33.9567176194 34.0392057973 33.1971892195 33.1028326206
58.1681635452 58.1681635452 58.1681635452 61.1621411806 69.1715554534 33.0447483459 83.7482603463 33.2063325397 33.5169536077 33.3578890997 34.4134261172 33.7161337192 33.6210219509 33.3104632601 33.8475359892 33.6706485837 33.0963501648 33.5881297206 33.6154781394 34.0349605938 33.9623789549 34.2185118981 34.0400469992 34.2849413068 33.4668085628 33.5022671988 33.1293855578 69.7445772758 69.7445772758 33.0408021864 33.9569435126 33.124973751 33.1824257319 33.3067528623 33.963851498 33.9401837232 33.9124939219 34.091601043 34.2229504372 34.3204980057 34.2704081082 56.3503801996 56.3503801996 56.3503801996 33.2587372316 33.2293422777 34.0362212551 33.7780979531 34.0259897937 33.7710793746 34.1639078841 33.7156754018 34.2115378132
33.6201714743 34.2205560053 61.1621411806 61.3573690465 83.2402610473 83.2402610473 69.1715554534 34.1949335052 33.5326259287 33.3911985695 33.1767042424 34.0674254526 34.0460444804 33.4273809152 33.264109565 33.0454587791 33.7656981542 34.121994752 33.1694607918 33.5302654386 33.0261961359 33.5612922889 34.0832899628 34.0086063867 33.3775700764 33.1921568217 33.2566096574 50.0729333809 50.0729333809 50.0729333809 33.7089013178 34.3145420069 34.0564286303 33.1431629826 33.7894075424 33.2847450154 33.0589837092 34.1617682958 33.6205389074 33.3091658077 33.1526924363 56.3503801996 56.3503801996 81.2582656764 33.7972569055 33.3083603792 33.1811030769 33.6205842933 33.0456165472 33.1642291513 33.1620407867 34.0036288449 33.817363331
33.9154107847 33.6071433614 61.3573690465 50.3087252739 50.3087252739 83.2402610473 34.0945334653 33.5647513942 34.0083487112 33.5030814276 33.1558130119 33.8801369963 34.180473565 34.1255929723 33.8845619558 33.4592294534 34.3534097007 33.4313466526 34.2173606511 33.6785938033 33.5272596683 33.6754964835 34.1388129625 34.2859246303 33.2722036602 34.2693078713 33.0172227745 50.8754364095 63.289504873 63.289504873 33.0321011602 33.8387575132 33.6416056344 34.2208737447 34.3906578414 34.1455726404 34.0064616313 33.8998612302 34.3392755851 33.3440697836 33.4343826392 69.2318991321 69.2318991321 64.4923635352 33.9944585241 34.0351091879 33.7075755843 33.6614116162 34.3806331791 33.6498752586 34.2116169117 33.1159096138 82.4061281916
63.786530921 33.4567330153 34.1036941632 50.3087252739 50.3087252739 33.9025139269 33.2194371663 33.81908857 33.9710869285 34.0617593634 33.6870402084 34.136984946 33.6189881211 33.0976208057 34.2096552693 34.0859634722 34.2773564026 33.8850518113 33.5128931649 33.1947049782 33.3847833977 33.514088134 34.0699146039 33.6479458986 33.8265460561 33.6656070218 34.1031265503 63.289504873 63.289504873 63.289504873 33.0902696797 34.3802004468 33.8492626105 33.0951650924 33.0475719231 33.1624549242 34.0325943493 34.3275050302 33.2300643188 33.9405827425 33.5160362706 64.4923635352 69.2318991321 33.9242441578 33.0067690328 33.6072469005 33.9509365269 34.0908744982 72.9620232324 53.494660004 53.494660004 87.7534999567 82.4061281916
63.786530921 63.786530921 33.7767971736 49.6376047228 34.170970463 33.5781606414 33.307913546 34.3102582372 33.3142244817 33.2177608002 33.394188709 33.59602392 33.2027846292 33.5499208888 34.0924238537 33.8299917915 33.7544913962 33.303762992 34.3500994296 33.3645832469 33.5088326064 33.6451126458 33.449291402 33.5934547333 33.5144171342 33.8917201703 34.1979936088 58.8013621423 70.5313117101 48.5455397386 55.0866507262 54.9294117947 64.7373925906 34.1117592183 34.4118449023 33.1763786942 33.7161695524 34.0118426359 33.8703694697 33.3717277605 34.1395564392 34.1692671479 46.410938056 34.2134461164 33.1304331892 33.1059098881 57.0594343112 57.0594343112 72.9620232324 53.494660004 53.494660004 51.1374559837 82.4061281916
33.229584427 63.786530921 33.2792053103 33.9215689849 62.7750533408 34.1178748126 33.4613598184 33.4596915574 33.0955187959 33.0641740443 34.2617587794 33.1059535263 34.3327723367 33.3325997804 34.0964404248 34.3372072872 34.4141946939 33.963236484 33.5617922697 47.327197453 33.570068427 58.1276482283 58.1276482283 33.1976576918 49.840006156 49.840006156 33.0458653727 58.8013621423 58.8013621423 57.525335382 54.9294117947 54.9294117947 33.6648844034 51.3414872635 51.3414872635 59.7608518293 59.7608518293 33.1926000898 64.2215687593 64.2215687593 61.62762288 33.5540081892 33.9645202457 54.1197098876 33.6116088095 57.0594343112 57.0594343112 57.0594343112 34.0626166503 33.9333317334 53.494660004 33.9332689191 33.3530625717
33.085391159 33.8411957744 33.7474008642 33.2624889099 62.7750533408 57.7004067997 57.7004067997 33.4797902673 67.6559076397 34.3063374318 33.2788326998 65.8684451864 44.2702863328 79.0926745251 59.3159725027 59.3159725027 33.1018965734 46.6817063766 46.6817063766 46.9773413794 46.9773413794 58.1276482283 58.1276482283 58.1276482283 49.840006156 49.840006156 49.7213093522 58.8013621423 58.8013621423 57.525335382 54.9294117947 54.9294117947 33.3300237337 33.3547217316 59.7608518293 59.7608518293 59.7608518293 33.5669511798 64.2215687593 64.2215687593 61.62762288 34.0797346464 74.5455513957 33.9230665609 82.1164699568 82.1164699568 33.9687203168 57.0594343112 34.1189083706 33.566181739 34.2962270405 33.7872735922 33.0485053279
34.182283542 34.3553202709 33.3133159271 33.7564545381 33.5985038128 45.8690991522 56.5004430742 72.4767692987 67.6559076397 67.6559076397 65.8684451864 33.0066642352 44.2702863328 44.2702863328 59.3159725027 59.3159725027 33.0634628096 46.6817063766 46.6817063766 46.9773413794 46.9773413794 58.1276482283 58.1276482283 34.3836526429 49.840006156 33.4096280666 33.8041928712 58.8013621423 70.5313117101 33.6797654146 34.1518507644 33.1462462113 39.7790400145 34.077942987 33.1483076213 59.7608518293 66.5466878259 33.3285357119 64.2215687593 54.079255034 61.62762288 33.451718517 74.5455513957 33.157955278 33.7610334511 34.2814828777 33.4806924183 33.6611815288 33.8069604642 33.4704198536 33.1426089805 33.6711034928 33.1564136772
33.9815301065 33.1483321059 33.4293365691 33.6706994134 34.2756093622 45.8690991522 56.5004430742 56.5004430742 67.6559076397 67.6559076397 33.9637547262 33.5621236044 44.2702863328 53.7544306472 33.1740631988 59.3159725027 34.2909445214 33.9323093745 58.7990346134 34.3471991753 33.3306496812 33.4194630956 33.3504467415 33.5784978384 33.2344993146 33.2499503631 34.2297882202 34.2940518443 34.0664516755 33.7619781749 34.3406378391 33.7766274437 33.251861589 33.6079069364 33.5421287856 33.5055860777 34.3278444428 33.8160904318 34.2299026188 33.6999271698 33.1966733297 33.5207910774 34.0128175742 33.2802533701 34.1707358511 33.2285374723 33.6620895054 34.3462150318 33.510269061 33.2502593002 33.6213857453 33.4465315144 33.515611767
