Spatial_Output/BAU/BAU_0777.asc
NCOLS 155
NROWS 192
XLLCORNER 196307.867259
YLLCORNER 449144.565805
CELLSIZE 33.573938
NODATA_VALUE NaN
[rows 75 to 99 of 192, columns 0 to 56 of 155]
69.2314019752 80.1236992038 80.1236992038 58.3068292644 58.3068292644 80.4101538359 58.1193782535 58.1193782535 82.7754590203 72.2813109616 80.1200983016 58.3681737716 24.4782174327 24.3277782051 23.1983939147 23.9881418233 23.4603596508 25.2070882963 23.8832523017 23.5561926695 23.958717401 23.0580733729 25.47755427 26.3516904526 23.7958785077 27.2250156522 24.3479599255 24.5898918967 24.4308121153 26.630581293 58.4903952891 58.4903952891 58.4903952891 26.8399279184 24.6598407961 46.8035291053 40.9859058711 40.9859058711 46.5548276549 24.0033822565 51.1786445632 51.1786445632 51.1786445632 51.1786445632 24.6175912285 25.6908665124 26.1801040169 24.2071402374 25.9073311209 25.4054864837 23.0573046686 25.9074775808 25.7731318417 24.9653562113 25.5856240178 23.6538605314 23.7071868463
0 80.1236992038 80.1236992038 58.3068292644 58.3068292644 58.1193782535 58.1193782535 58.1193782535 72.2813109616 80.1200983016 61.9326321587 62.5502868817 26.8520167678 23.6674993771 27.1135839369 23.505894367 26.2109174263 25.2336245367 26.9161317988 25.3982328281 23.7515066702 26.8067801036 25.9861589122 65.2458009091 25.6354393263 23.2343255832 25.8707725903 23.573344128 26.6312238286 26.1294171976 23.5585223221 58.4903952891 24.9827189724 26.6048235861 25.9749184892 23.2036393086 46.5548276549 46.8035291053 27.1243538716 25.1222199374 25.7122147198 51.1786445632 51.1786445632 25.378386271 23.3319824163 25.5311477608 24.0408702158 26.5074681282 23.2229145522 25.744995202 25.8207925882 25.389532937 26.596406966 23.9383046006 26.0629515117 26.5208116181 45.7408554641
0 0 68.9333533432 0 58.3068292644 44.9185358791 58.1193782535 44.7119450624 50.2615269702 59.9807727217 55.9609285815 61.9326321587 24.2943500384 23.0128875077 24.5646965487 23.7682375694 25.0787600742 24.251037922 24.1396279433 24.7558216676 24.8753023814 26.7305544613 65.2458009091 65.2458009091 26.4217841265 25.1868459044 26.8192557816 24.002350983 39.0062148068 72.0778986888 44.6312878326 25.4825159172 56.6596885264 72.3655533357 42.3307143039 26.1325752336 41.653033045 24.902135008 41.653033045 23.6727939142 26.7234335376 55.6615507743 55.6615507743 55.6615507743 23.5436369845 27.1924120097 25.902733072 26.3853558819 26.7712077146 26.7066647857 26.6390125082 25.7021810168 23.3025833347 23.9911768902 45.7408554641 45.7408554641 45.7408554641
0 0 0 0 44.9185358791 44.9185358791 44.7119450624 50.2615269702 50.2615269702 63.1178622253 62.8169080115 56.8047565188 56.8047565188 26.1932674908 26.7414802221 26.6989734565 24.8432616455 25.358399022 23.812607977 27.0493840565 25.7610525457 23.9550877258 65.2458009091 65.2458009091 25.9065402826 25.434935547 26.5978850302 25.688406281 39.0062148068 72.0778986888 72.0778986888 23.094132106 56.6596885264 56.6596885264 42.3307143039 44.4888256591 47.7020564297 26.9119612458 59.2703974269 63.6479589868 23.3579502432 52.8355044393 47.2043404341 69.4011179101 52.7672488917 24.346956073 59.6382209289 37.609085447 37.609085447 37.609085447 52.5059424869 44.6503649056 60.1396010484 26.5487366985 26.0112537724 23.4331156727 26.9924737545
0 0 0 0 44.9185358791 44.9185358791 44.7119450624 50.2615269702 50.2615269702 63.1178622253 62.8169080115 56.8047565188 57.9816101138 25.84592527 27.0410430547 25.2183307645 23.7351840989 26.2506155497 25.2601093104 26.6512071517 24.5317507102 26.1940555088 23.4605195433 23.960713883 24.6923308903 26.6678842881 44.816801426 50.1561421639 39.0062148068 72.0778986888 27.068339286 26.5402118288 56.6596885264 42.3307143039 42.3307143039 44.4888256591 24.835007624 26.8109823795 59.2703974269 59.2703974269 52.8355044393 52.8355044393 52.8355044393 69.4011179101 52.7672488917 52.7672488917 35.5038645616 37.609085447 37.609085447 37.609085447 52.5059424869 44.6503649056 60.1396010484 23.6506065278 52.0927075178 52.0927075178 52.0927075178
0 0 0 0 0 44.9185358791 0 0 60.3958482826 59.9807727217 55.9609285815 62.365364434 56.8047565188 25.1884997573 23.2998634169 25.3520461556 24.2148639668 24.8264242035 25.1050809806 23.5891889914 23.509407332 23.6780666501 26.5115564165 25.2322270215 24.2713588609 25.8282120678 44.816801426 44.816801426 50.1561421639 72.0778986888 26.2705372173 25.9305105687 27.1212986377 24.549443774 72.6095673151 23.5693003746 24.6255891313 47.7020564297 59.2703974269 78.9039818644 47.1176274349 52.8355044393 52.8355044393 69.4011179101 52.7672488917 52.7672488917 59.6382209289 35.5038645616 52.2826545251 52.5059424869 52.5059424869 44.6503649056 60.1396010484 72.3813953417 25.4813674387 26.9213305311 52.0927075178
0 0 0 0 0 0 0 0 0 0 0 0 0 0 25.1281987619 23.0522677735 24.0280761564 25.2058377329 23.0797606403 24.6901195437 23.5847359026 24.9709496315 26.609889122 26.6100920793 23.4144250504 25.1951030805 44.816801426 44.816801426 44.816801426 23.4910866821 26.1372958572 25.2609086011 24.2836626062 25.9581720621 24.1965898677 23.0643163588 25.7519124052 26.6738567075 24.5297421043 24.9858732811 24.1572387108 24.0801518179 59.0928043883 37.7126035437 23.8698852451 23.8391743612 26.1083960482 25.8191011769 25.1612238964 26.9828988427 42.5407874628 23.9028770418 25.0047681167 25.0518610215 25.1379855939 26.3225378589 23.973687284
0 0 0 0 0 0 0 0 0 0 0 0 0 0 24.368716495 23.6320604997 23.9320019053 23.7258497738 25.2329674134 24.4427806222 25.8136477242 24.5907583577 23.4395616329 23.4742511304 66.3789835315 37.8408382076 23.0248759894 25.848331296 23.5500153159 23.7504622875 24.3640174032 23.2301096943 26.466946274 24.4652607333 27.0749329155 24.0690568311 23.6902757088 25.3710672744 24.9372737623 24.5769154866 26.2771805636 25.0785970143 27.1908076853 27.0829031081 25.6009218284 24.9408315471 23.5300491057 26.9775392506 72.9858633925 47.9086087336 71.6428832706 27.2049358026 23.2851456951 26.4494201066 26.0840369669 24.0129501951 23.5907400952
0 0 0 0 0 0 0 0 0 0 0 0 0 0 24.6932223495 23.5677796343 24.490018591 24.3492036688 25.8419968403 23.8853464245 23.7448923947 26.5511184689 37.463278042 66.3789835315 66.3789835315 66.3789835315 37.8408382076 25.1778186152 27.2328704393 26.6123348228 24.5971758616 27.1642948893 25.6116898773 26.8708001832 26.7997400304 23.3047332013 26.5527783102 24.3044974055 24.2585045795 25.8924732104 26.3346683474 24.0674179015 23.3828705412 24.0293459949 26.3142050588 26.8691213595 26.9850130466 72.9858633925 47.9086087336 47.9086087336 47.9086087336 25.6014896173 25.9254074509 25.1571403583 25.2177208797 26.5135578006 25.1716071404
0 0 0 0 0 0 0 0 0 0 0 0 0 0 26.3097154168 26.7697465256 23.3997303256 24.386880986 51.3062560674 25.8833048313 65.4557415952 65.4557415952 37.463278042 25.0368295162 66.3789835315 66.3789835315 27.177932215 24.2527477257 23.6978502831 23.2876899762 25.4584217323 25.3168607449 26.792974934 23.3957577142 24.7554327395 24.0586519429 25.0366022244 24.3790542726 23.9748696029 24.6173916708 25.2229080467 25.0791095585 23.2855860821 23.6839707359 27.0806445206 23.203951652 25.0203097881 23.7383946228 48.676727117 47.9086087336 48.676727117 25.5707446373 27.079821802 24.4690930185 23.7543427561 24.0688314896 23.5665421838
0 0 0 0 0 0 0 0 0 0 0 0 0 0 26.6028911067 24.1028125482 24.4882758341 25.5151239312 51.3062560674 51.3062560674 51.3062560674 65.4557415952 37.463278042 40.3115300038 36.9744454949 26.07583663 26.5946957402 26.5538293137 24.3680036213 24.824960589 23.4420527614 23.8521526512 25.7307122251 26.2742127903 26.4662221265 26.1419431443 25.2001323959 25.4630890602 24.7779120625 24.942885032 25.1326360791 24.5909384268 23.8059728152 26.5327372422 23.1619660958 27.0537219565 26.4609476241 70.3228356197 70.3228356197 48.676727117 48.676727117 25.6045809184 25.4455401426 24.6724908925 23.8931963799 25.2208846606 25.429661347
0 0 0 0 0 0 0 0 0 0 0 0 0 0 27.2364942265 24.2498099251 25.7766537424 53.9831055412 57.9184444242 51.3062560674 51.3062560674 45.4399766296 24.5576821947 26.2946335872 24.8407296351 26.187914992 23.4412224778 25.9882508422 25.3296891873 24.61224561 25.4148409943 26.7759219371 26.4880425719 26.99164573 23.9270506398 26.7464560555 26.2040095707 25.2596847964 24.1803902516 24.9704632956 24.3968404679 26.0561387403 26.8490548564 26.6679529959 23.6253478725 25.9057422178 24.7461275722 50.950143238 50.950143238 50.950143238 43.7495935173 24.6141539138 23.6274838882 24.1428013282 23.0436383872 26.5698144056 26.2184582694
0 0 0 0 0 0 0 0 0 0 0 0 0 0 0 25.3767129036 43.0171140135 56.4606283083 56.4606283083 45.9052196772 24.1300349229 25.3457826083 26.2391981791 26.5981896475 25.4512091363 24.379271107 24.8944360053 23.5485056646 26.0636132131 26.2022549492 26.4270156687 24.6607522568 25.8266690416 24.6033782671 24.7463210612 25.1021456308 26.4382823591 25.9876761315 23.0054809434 23.1685224318 23.7238670974 26.2114909414 23.1565972199 23.5970568858 26.9959495893 23.3626070661 26.6256882072 53.2082913398 50.950143238 43.3263130364 43.3263130364 48.9221899402 25.5821799929 23.1565290661 25.6985424956 24.0849516628 25.4930603778
0 0 0 0 0 0 0 0 0 0 0 0 0 0 0 49.1865484882 43.0171140135 43.0171140135 56.4606283083 26.0613468301 23.0713428964 24.9678471161 26.9953061214 24.8436040559 23.2822424167 24.7192258648 24.3400755049 23.8566273576 23.0316919822 24.1456066827 24.1228521555 24.9463273274 26.797099569 24.6964365573 25.8553004617 26.9547100678 26.0219038966 26.3095947238 23.8171039616 25.7386219797 25.2796013519 25.989442983 26.788574635 24.3501757202 24.7767182295 26.2904112997 26.5835747489 23.8108787353 53.2082913398 43.3263130364 85.2053773971 85.2053773971 24.9495228444 24.1303979355 24.2897323944 26.2461750749 24.3398396565
0 0 0 0 0 0 0 0 0 0 0 0 0 19.4572950427 58.344227666 57.1842750883 57.1842750883 43.0171140135 43.0171140135 24.7886242564 26.3912134594 27.0531081884 23.9738338875 23.9106345271 25.7773974435 23.0558607441 24.3320363622 25.8753033757 24.5449513304 25.167307537 24.0540038317 26.027982835 23.1434299359 24.6142727287 25.5588069242 25.1917278101 24.5627086589 26.4663796407 23.5843165568 25.2514641515 26.1835873264 26.6921336945 23.3870664747 24.4641650815 26.0210586274 26.5485339117 26.9659667715 44.4733845515 55.348968047 85.2053773971 85.2053773971 26.8249853129 26.2205604413 25.055106597 24.0748180638 24.9930337426 25.9381543381
0 0 0 0 0 0 0 0 0 0 0 0 57.6930302385 57.6930302385 57.6930302385 57.1842750883 57.1842750883 49.1865484882 23.0000617204 27.1335451574 25.3964288997 24.97311287 25.1105094586 24.0273980371 24.7228526384 25.551899521 26.0727904023 26.865256128 23.9476070542 25.0281694535 26.2339645444 23.4872001601 24.0708993124 25.6946838431 26.9822419279 23.7811494786 23.4275910779 23.536178829 25.1108560965 26.1651307881 27.1160123263 27.2198063154 25.2201056794 25.9175163975 26.7804246319 25.9983154784 24.0013184907 52.039082559 44.4733845515 25.430896323 25.1584195687 25.7788143828 26.23762753 25.5018926929 24.5927945175 24.5660530642 24.4001672513
0 0 0 0 0 0 0 0 0 0 0 70.7595675087 59.1494182131 57.6930302385 50.7200539683 50.7200539683 52.1066377099 0 0 26.3781805683 23.5932316068 24.3191371243 26.5692658625 26.9459840721 25.3029632153 23.4979328407 25.7002408527 27.1574675752 23.830818662 27.0632172877 23.5062452949 25.2082804343 24.819029257 24.6751504856 27.0656921697 24.0518057955 23.0440301812 25.458607319 25.4048109361 24.6695498942 24.5439328435 23.9254236556 26.6912044693 26.828640465 26.9860467126 24.3756001283 23.3265195501 49.6952902816 49.6952902816 49.6952902816 66.140674212 84.7953736905 23.8939325007 24.812517029 26.6964428885 24.5384891296 25.8099313934
0 0 0 0 0 0 0 0 0 0 41.4496405668 64.6498997949 59.1494182131 57.6930302385 61.8972960371 50.7200539683 0 0 0 25.673998816 24.9461368663 23.8611866269 25.24763772 26.0482994036 26.2206514857 26.5029232728 23.5766488184 26.8391264139 24.5407093678 23.3681865495 23.7300911404 23.302446604 23.7602876719 24.6555361294 23.3355237239 24.7209386028 23.6014472564 26.1911786828 25.4181807878 26.6043782009 23.884071525 24.7800947135 23.5796485568 25.6043836533 24.2653589001 25.8090819382 27.0401168042 72.3578867484 49.6952902816 66.140674212 66.140674212 24.440481942 26.6783457987 23.3499045767 25.7627295254 25.4118978445 23.4586747997
0 0 0 0 0 0 0 0 0 62.9879967022 59.5339409618 64.6498997949 64.6498997949 64.6498997949 0 0 0 0 0 0 25.203615321 25.9428359177 24.0716937696 23.9571947194 26.7267711732 27.1516559541 26.8976396359 26.7242561794 25.9496235694 25.6664007192 26.8076733822 24.9558306565 24.9160916765 23.9443279252 26.682414824 23.4515428932 26.3635424926 24.6767921504 26.8071194162 24.1917864404 23.7341892832 25.0397081021 26.1383027787 24.909369032 25.1813082452 27.0319996213 24.4629728134 25.8050944312 50.9487610013 50.9487610013 24.2392254961 26.3284127349 24.0005556582 23.7881355062 27.1080604279 25.9582669119 23.1188463603
0 0 0 0 0 0 0 0 62.3195812271 62.9879967022 59.5339409618 59.5339409618 59.5339409618 0 0 0 0 0 0 0 0 0 27.0585453817 23.7987312454 25.7061358022 26.4549894955 24.4361435754 27.082538477 26.1541954604 23.6173045967 26.8680617593 24.1471870484 24.4331835784 26.8675777215 26.491455907 24.8144270966 25.2509748371 24.7249024017 26.9187898256 25.6860474614 24.369913831 25.032475023 26.254294982 26.0957862547 24.4233057359 24.5909908725 26.7150372749 50.9487610013 50.9487610013 50.9487610013 25.0342887861 25.8357443717 25.2535268684 26.4583866312 26.1647712991 24.3046482778 25.2144667737
0 0 0 0 0 0 0 42.9091271911 42.9091271911 62.9879967022 62.9879967022 50.8546560167 0 0 0 0 0 0 0 0 0 0 23.771201691 24.6464278204 23.7447539024 25.3219433719 23.6784976512 26.3455644358 27.1481177221 24.4203830176 26.1861455696 26.6160930537 27.2383870611 26.2549595815 25.8785204488 26.7146165187 23.3481421634 23.0412497383 25.2730569261 26.2829683097 24.0590205892 25.0039773216 24.0214768401 27.0984462062 26.6410761139 25.6246181619 26.7806877812 52.8522701023 51.2355050281 46.8194532318 46.8194532318 26.5477171226 25.2154776018 26.7833408597 26.5151425174 25.1147650434 23.114891931
0 0 0 0 0 0 0 42.9091271911 42.9091271911 42.9091271911 62.3195812271 0 0 0 0 0 0 0 0 0 0 24.3585164757 25.1436168872 24.5637733897 27.0625634145 23.9014202933 25.1301229427 24.2836257167 23.4864615385 23.0462633248 23.8693023895 27.1044528964 27.1724146348 25.9985673501 24.8677071821 25.6763865956 53.3235514685 54.6541855695 27.0226632614 45.4607866943 51.9136079758 58.8846576266 23.4561470459 60.2388878425 58.699709944 25.0941631101 76.0526167003 49.8215297887 70.0361827846 24.0528403287 24.5790663161 55.313393784 24.0930358046 57.7854408846 25.4948092535 44.5281742044 41.6816661944
0 0 0 0 0 42.4616432375 42.4616432375 41.5839877636 41.5839877636 0 0 0 0 0 0 0 0 0 0 0 25.2769062029 23.1636067709 24.7385072933 24.3654433834 24.3249068992 26.8984396733 25.8518137053 24.0333639164 24.874864257 23.649209138 25.3020491458 26.3058369347 23.6719565624 23.3902272064 25.5122785386 23.5412612407 53.3235514685 53.3235514685 47.89977044 49.6795397345 49.6795397345 52.5421322977 60.2388878425 60.2388878425 44.518938755 45.653324383 24.8932402763 42.510744041 58.5048403593 67.8253266397 40.7161306943 40.7161306943 57.7854408846 57.7854408846 44.5281742044 44.5281742044 43.8516617853
0 0 0 0 0 42.4616432375 42.4616432375 42.4616432375 0 0 0 0 0 0 0 0 0 46.2433281802 0 23.7414631992 27.1497922687 25.6994759414 25.8415776194 25.3720448416 24.1454173519 26.766058291 26.9273627131 23.1074674195 23.8641462642 25.6950326516 23.447646815 24.5610655642 24.3856106387 54.6216191887 56.0480262001 53.3235514685 53.3235514685 53.3235514685 54.6541855695 49.6795397345 52.5421322977 52.5421322977 60.2388878425 60.2388878425 45.653324383 45.653324383 42.510744041 42.510744041 42.510744041 26.9490053761 40.7161306943 40.7161306943 25.1480773664 25.5273899821 44.5281742044 44.5281742044 43.8516617853
0 0 0 0 0 0 0 0 0 0 0 0 0 0 0 0 46.2433281802 46.2433281802 46.1376829441 47.1594175295 24.9919248414 23.2790280605 26.2768397321 23.7132268096 27.0266314906 24.0506795249 25.3082148775 26.9079460163 24.9536298284 25.8147701449 26.0823439569 26.0146527688 26.4260098772 42.2279885841 42.2279885841 47.503622614 26.3750898755 53.3235514685 53.918299851 25.5260207857 49.6795397345 52.5421322977 52.5421322977 60.2388878425 44.518938755 45.653324383 26.0139435725 42.510744041 26.7836535652 23.5314599868 24.3682339573 24.0812761978 27.1608478525 57.7854408846 46.6370746643 44.5281742044 56.8748166571
