Spatial_Output/BAU/BAU_0240.asc
NCOLS 155
NROWS 192
XLLCORNER 196307.867259
YLLCORNER 449144.565805
CELLSIZE 33.573938
NODATA_VALUE NaN
[rows 50 to 74 of 192, columns 57 to 113 of 155]
46.6023499269 46.8851841226 47.2777129738 47.1916447996 57.8195042342 70.5949418222 79.522539769 46.8558857173 46.9888589053 46.4328532921 47.119203551 47.0084534609 46.5708521176 46.0605267363 46.4513196702 47.3810821931 46.6922172479 46.6560805769 47.2136965095 46.7358326953 46.7345299985 46.2662105979 46.0876006739 46.9244876698 46.4388223135 46.3694199037 46.3824282688 46.2992280857 47.1143161144 46.1278340525 46.6241557103 47.2021120988 46.3706092675 47.2075090024 47.0778838775 46.663007315 46.7138732718 46.3475379248 47.2056305455 46.4877328762 47.3752894176 46.7560219242 47.1682657956 46.8431373111 46.8669137422 46.0190585172 46.8486910237 46.9347857376 46.6686716855 46.2798733626 46.7221368143 46.0470614254 47.2853136805 47.0695548061 46.8404511668 67.9954134083 73.323598594
59.1939434683 65.2640147898 46.0786875669 54.6845487071 70.5949418222 70.5949418222 70.5949418222 79.522539769 46.9330343318 46.0644898572 46.1193444251 46.8757511151 46.5393599933 46.5917129192 47.1880161352 47.3350459725 46.9483353895 46.839606639 46.0348078702 46.7722145912 46.9458342801 46.6799452818 47.1854193557 46.5473234776 47.0058362868 47.2463860588 47.0633927654 47.3966807386 46.0186790334 46.2406381082 46.992525043 47.3213912815 47.3203230954 47.0474861483 46.656032269 47.113339923 47.3839354581 46.6889811479 46.5673612605 46.1367825082 46.3741464516 47.3276750324 46.4245877145 46.818935748 46.7584158872 46.8675219143 46.891751558 46.181176289 46.4290281753 46.4892766415 46.167729837 46.1225295771 47.0865249592 47.0987643148 47.3952720479 46.5893969564 46.0940152132
59.1939434683 59.1939434683 54.6845487071 54.6845487071 46.7640063431 70.5949418222 59.6713529758 46.713672328 46.1593078242 47.1351152842 47.4111264969 47.1600258141 46.8587104483 46.5988486724 47.1676531938 46.447085563 46.6404585716 47.3955253491 46.9710265975 46.1632229174 46.5996174759 46.6664156401 46.6328849904 47.3932858613 47.0913066891 46.5268057555 47.205269889 46.7163401799 46.4804167527 47.3783705454 46.5174048867 46.7757367053 47.1032719106 46.6449124484 47.3612804249 46.4176075689 47.2948846874 47.3432350935 47.2419127692 46.9339574368 46.1583917176 46.7251151486 46.3287400525 46.1175443591 46.5660853702 46.0504986793 47.2273708548 47.1276177388 46.242439238 46.2639086438 46.5005369727 82.1425418182 46.1375363933 47.2879560812 47.3275355666 46.6365174858 74.4537627474
59.1939434683 65.2640147898 54.6845487071 54.6845487071 55.6977241036 55.6977241036 47.2769807216 47.0361062356 46.7248382084 47.2958293448 46.5285786616 46.7011317987 47.2735327891 47.2071108 46.8269541767 46.9491153429 46.4443796259 47.2111940827 46.7249397915 46.2267246711 46.8520997677 46.9000032344 46.7117452867 46.2942255441 46.7453667594 46.2701356446 46.5377313428 47.1597000059 46.0061349319 46.272588566 46.9398339289 46.5149843659 46.3904583787 46.6979022144 46.9887955045 46.7942460546 47.014398695 46.0782155303 46.8371456837 46.8139389456 46.1513196116 47.181295479 46.7069855392 46.7332890297 47.3523317981 46.5817284589 46.151690106 46.1118515468 46.364237677 46.537088321 46.3018248497 82.1425418182 82.1425418182 46.2391956764 47.2180241766 46.6095415702 46.9885760626
65.5080826495 46.9019808194 46.9147556325 47.2710244985 55.6977241036 55.6977241036 77.8300652282 47.2820399203 46.8766493101 47.3538450855 46.9429771093 46.3676640352 69.1411808716 69.1411808716 69.1411808716 47.103182668 46.2795110763 46.9043295536 47.2775228924 47.2781883315 46.4027492075 46.7912136994 46.3701469081 46.1590001753 47.0287025563 47.2429643197 47.0044850056 47.2831229745 47.1041306439 46.687704227 46.1574618721 46.0681773283 46.1851518582 46.8443267692 46.262954974 46.064346827 46.3834777847 46.7585276996 46.6120715151 46.5521536362 46.6903196967 46.8479203935 47.0545149244 47.1593806586 46.5478024968 46.3508688597 47.12761819 46.2741350781 46.017942424 46.8667985953 46.1883814738 46.2911708657 46.461585683 46.4059222267 47.2331590198 46.9213085786 46.234401702
86.6241068569 86.6241068569 47.4102412671 46.9151543471 77.8300652282 77.8300652282 46.8320011945 46.4534932876 46.7619352142 46.038776227 46.6194739824 47.2841676361 46.2457456295 69.1411808716 69.1411808716 46.4966070313 47.2234151435 46.7833852346 47.3717900053 46.1402159275 46.8268666908 46.8537429424 46.6825038297 46.5266348996 47.3892198294 47.2815345537 46.7428853748 46.6020433158 46.3544422136 46.0288347535 46.9038469962 47.2593914469 47.1907882065 47.3231999847 46.7544827335 46.0116500539 47.0870125733 46.3323644995 46.4338766404 46.1026517511 46.0867271932 47.1991724036 47.1019584379 46.6680063065 46.4743138543 46.0411150725 47.3253436697 46.5905235905 52.532271441 52.532271441 46.636876964 46.1063366389 47.2746741267 46.1238211194 46.9265477621 46.7485529608 47.3538141351
86.6241068569 86.6241068569 70.7453712066 46.7551313857 46.4423394073 47.2737839266 46.8324622316 47.1683697157 47.3800734815 47.0838725149 46.3786226265 46.894892047 46.7850469174 46.7465899446 46.4625712698 46.4057003866 46.8005546186 46.169830288 46.478473631 46.2842600365 46.1956825156 46.1524238345 46.7341736305 47.0139881536 47.1509139813 46.034496826 47.2152200451 47.3932977249 46.7192977348 47.0802845655 47.3032574948 46.0287140625 46.9325032369 46.9126882523 46.9607745375 46.3688542106 46.8233297282 46.2211643963 47.0189837668 46.534843153 47.1674026283 46.6168794991 46.3457326114 47.4051965376 47.0176281648 46.6286929879 46.3726175878 50.684516992 52.532271441 52.532271441 52.532271441 46.7643362244 47.0957041007 47.1196788938 46.9874761972 46.3732156423 46.7517236526
66.393084399 70.7453712066 46.4967099599 72.5940702204 72.5844584082 72.5844584082 51.5426893242 46.89116671 46.2352690642 46.7851399465 47.1111762098 47.0713725052 46.0671945553 46.7820277063 47.1300443889 47.2693359684 47.1347224474 47.3924952152 46.4856748206 46.4722834785 47.1575300532 46.49356982 46.9353509597 46.924011027 46.8580583625 46.0753084922 46.0796818096 46.2952728595 47.2429067559 46.4196285559 46.9092417217 46.1206913716 46.1871724368 47.0706385425 46.8809845424 46.7674197508 46.2801453069 46.1712750275 46.7683833141 46.6180699794 46.6271568631 46.6047334365 46.3026372281 47.0852955166 46.9160630831 47.1888768794 46.1958970641 50.684516992 50.684516992 46.9240496357 46.7562122019 46.1160195353 46.4080348875 46.135771356 46.6838605338 46.308443696 47.315747651
70.7453712066 69.1439373627 69.1439373627 61.078523153 61.078523153 72.5844584082 81.1501846345 46.7890323893 47.3629880058 47.0709794354 46.8423515954 46.4469069745 72.2186499605 72.2186499605 72.2186499605 46.1437153349 46.3789239397 46.6643452183 46.9265187511 47.2628171483 46.3712718585 46.2221140539 46.4224270058 46.3845033378 47.3858896493 46.2803006909 46.2922765617 47.1119822316 46.9084195798 46.8642812522 47.0010365773 47.1720191755 46.1113855673 47.0761564777 46.8535080561 46.6128046301 46.7446930141 46.9189342296 47.1990795865 46.7233788636 46.7728344376 47.1627049402 46.3707552818 46.5959000756 46.7647993742 46.2157537844 46.0367394364 50.684516992 50.684516992 47.1276637556 46.1086952831 46.3539503324 46.4584805508 47.0107671619 47.1913070844 46.2413491455 46.2632269516
75.8156974173 75.8156974173 65.7642863659 61.078523153 61.078523153 65.8623124825 46.6616375715 47.0626040269 46.549352207 46.3898709064 46.3035894371 46.6321358464 46.0901164269 72.2186499605 72.2186499605 46.427935478 47.2706591841 47.1641188133 47.006299912 47.1880794496 46.9076990682 46.9551166524 47.2702167151 46.9275634957 46.8771529471 46.7094272247 47.0780132588 46.3401525681 46.7896605469 46.1318670602 46.8993413993 46.8653369722 46.254396848 46.9048651395 47.0423936955 46.8956412404 47.3588565004 47.1961309669 46.0608339554 46.9822531356 46.2554142409 46.8865187561 46.6315613694 47.2302185297 46.1078604506 46.803281064 66.7997795125 47.1416745715 46.6829998519 46.9739113426 46.4953017997 46.7024233069 46.7438986435 47.3828557397 46.2894219287 46.5770188922 46.703166973
75.8156974173 75.8156974173 65.7642863659 65.7642863659 61.078523153 46.3087746543 46.127700166 46.0259128457 47.2799522127 47.1896466889 47.2535931222 46.4064120898 53.0058812931 46.1621730557 46.7219943473 46.1094139099 47.3235720275 46.1981163245 46.372280502 47.3570478418 46.8226848116 46.1689396399 46.1028314128 46.5238884603 47.0965129479 46.4137266004 46.9478289058 47.0760645309 46.6770549438 46.9207744052 46.2328819211 47.3764303496 47.2008303203 47.3475109171 47.3174730893 46.9475113494 47.1001390613 46.5955743584 46.5975164701 46.6560896288 46.9421416119 46.4968982836 46.1631291515 46.2092868696 46.3881326272 47.2948192481 46.5444275995 47.0633615999 46.7735259301 46.1321801146 46.3024285648 47.1689312986 46.6860996631 46.2605126974 47.1266619595 46.3246769853 46.6989292544
46.271611979 70.3162105747 65.7642863659 65.7642863659 65.7642863659 46.6440151213 46.9810698759 46.0590153874 47.0660245081 46.7702228846 46.1683026577 47.2616184806 46.9362119207 47.020005388 46.1097477773 46.7380401768 46.0885331025 46.3426683591 47.3226095949 47.1077183397 46.6275396075 46.9660256045 46.266923031 47.1565647762 46.5626895656 46.7939190489 46.4445292456 46.489804513 46.6587663798 46.6337801408 46.4559748581 46.111081729 47.030086715 47.2244052651 46.0847689395 46.650995844 46.6820780605 47.4087313882 46.138211374 46.9775388432 46.352504385 47.2888465487 47.2251526189 46.1771269164 46.5081665639 46.070461236 46.9303313738 47.2335380358 46.4344604544 47.0460597113 46.1509748541 47.3957482869 46.1537764434 46.8147609228 46.7938947461 46.6724387746 47.2702120429
70.1315620928 70.1315620928 60.5209420332 46.6714563445 63.0649148422 63.0649148422 63.0649148422 46.3888711878 46.9876726316 46.3964796146 46.6162511515 47.2726339236 47.0406075398 46.3519595131 47.1008539496 46.5638066196 46.1220670849 47.0997670631 46.9225747174 46.903679918 46.0899883714 46.6925349981 46.4500386166 46.4066884708 46.7604213163 47.0993815592 46.1967922963 46.2135469666 46.087540153 46.4521383045 47.3107469513 46.2773353759 46.2708152703 46.9571665768 46.5599327225 46.5239798995 46.3679888414 46.9682444718 46.2236525351 46.899841369 46.4335741621 46.5940777417 46.0023566405 46.2052970204 46.8510209814 47.0024460941 47.0246630845 47.2877110981 46.2449233504 46.4025226986 47.3973870669 46.0866342673 46.5149870228 47.3317620966 47.3204567836 47.1232059854 46.1943350462
70.1315620928 70.1315620928 46.9735873385 46.3187379879 63.0649148422 67.0458512573 67.0458512573 47.2714335248 46.918537055 46.0138463803 46.834740626 46.7006370465 46.9461301204 47.0424454107 46.8888020358 46.3129610796 47.381093507 47.0905195181 46.2103549595 46.2931410549 46.8543859817 46.1364971223 47.2677411475 47.1270513419 47.3542547333 46.6835721821 47.1204460845 46.195089893 46.3562135317 47.0191743236 46.2252467072 46.0366342762 46.3955003859 46.6469145548 46.8277767617 46.3404015583 47.1674195087 46.8424780285 46.1857757401 46.3725532019 46.2687684221 46.7867385388 46.2643223634 47.079599326 46.0733778581 46.0859614103 46.6129046545 46.2958820564 47.2974295185 46.744121001 46.3684361701 47.1894561636 47.0939911002 46.1375282887 46.4284013473 46.2693062951 46.2193852756
69.4811568716 69.4811568716 46.6421891076 47.2627118659 67.0458512573 67.0458512573 67.0458512573 46.9179088324 47.4091304934 47.1052380347 46.3408711813 46.6668769357 96.8497620112 96.8497620112 96.8497620112 46.2875907336 46.7884839261 46.2256387288 46.3232763211 46.4425143114 46.3267798909 47.4086588035 46.5552774679 46.1246129002 47.3203078416 46.32033743 46.4978731889 47.1104939723 46.8488613549 46.5379567819 46.2733540878 47.2879563009 47.0524150136 46.1818331412 46.592120806 46.5293185162 47.0961815098 46.9955329433 46.88766737 46.1586322901 46.3434501729 46.5458172798 47.1942803638 68.7919179518 46.7440484061 46.7849856256 46.727260206 46.3088707247 46.0643788488 46.5276280397 47.2743069767 46.358063581 46.039028869 46.4805382856 46.1120933119 47.3256099156 46.5085021678
47.2032270075 80.0186566667 46.3910457228 95.3068886841 47.2322409768 46.1932079362 46.9000456729 46.9986679248 46.192394895 47.3067242282 46.2735410946 46.5102418443 47.213966337 96.8497620112 46.7336237352 47.0614459368 46.4595813154 70.4145119616 70.4145119616 46.3910632263 46.6055666014 46.3245084078 46.3694489208 46.8509222558 46.1500570311 46.9543633247 46.1571174931 46.1159480726 47.3078363319 47.1474665396 46.1776477937 46.0503075247 47.3406973934 46.1125782446 47.235258861 46.6838372641 47.1356047241 46.1041019973 47.0852994698 46.479430467 47.1884847135 47.2201990443 68.7919179518 46.3364029001 46.5610488575 46.6471430483 46.1192901076 47.334909099 46.1156575626 46.1021888233 46.5462638003 47.0627471184 46.5781157128 47.3165001119 46.4356034298 46.4875203618 46.2738343599
46.2795372668 46.6054397688 80.0186566667 46.9776707957 95.3068886841 46.7911355865 46.5351054993 46.0808847067 46.3030038758 47.2650362471 47.3411326158 46.4601899152 46.5304094879 73.2344438402 73.2344438402 46.680569247 46.1866459056 70.4145119616 70.4145119616 46.3631113683 46.8442423289 47.0551887426 46.6790038648 47.1764303043 46.4087600923 47.3088452493 46.0857769682 46.8941822937 46.8454624636 46.9522441259 46.6154321889 46.687520752 47.2408349518 47.2859928079 46.7676562871 47.2806681734 46.3295268712 46.5310968945 46.6207284215 46.4737368061 46.3845178619 46.1804185412 47.3921332302 46.4939034902 47.2716248126 47.0614603364 46.6564321018 47.115694725 47.0420429213 46.886337986 47.4072028133 46.3684311205 47.3329064215 46.6551702269 47.2812994477 47.1451189643 46.5145089885
69.0405570174 46.3659588314 47.2255996938 46.3586491649 47.0526652275 46.1222155671 47.0152941046 46.0301394647 55.6080899362 46.7284927988 47.1823821168 46.9977087019 73.2344438402 73.2344438402 47.0966385857 46.0362351544 71.7895661507 61.8832036998 61.8832036998 61.8832036998 46.030361959 47.1824966059 47.2404026558 46.1994652948 47.2119977333 46.2149346266 46.8268355196 46.0481196121 46.4699153266 46.6366258131 46.9465723328 46.8435808037 47.1248136294 47.0827276281 46.0459876253 46.4512442643 46.4223265654 46.1288640466 46.8191387299 46.3323034711 46.0171758881 47.2102554518 46.0052822473 46.5969977207 60.6384778074 47.0116635241 46.509013028 46.8292293013 46.1809933971 46.6907955621 46.507464251 47.1131131783 46.0300489213 47.3288518277 47.2640104913 46.7318250755 47.3472553262
64.7903834243 46.4986362884 46.767938259 46.3864454199 46.9520320635 46.5793843325 46.8807592835 46.4466415827 55.6080899362 64.9073954891 46.4969548727 47.328099468 46.9896055243 73.2344438402 46.5481174974 46.7859161635 71.7895661507 61.8832036998 61.8832036998 64.0279833751 46.142267987 47.0615428329 46.2060306839 47.1764609487 47.2019658616 46.8652926829 46.3725834381 46.4460448217 47.1770733699 46.1989412576 47.2009769627 46.5504574988 47.1420272742 47.0238223043 46.1855438485 46.5720630029 46.9230932225 47.1761503196 47.399372707 46.7485998716 47.2809349463 46.5304865969 60.6384778074 60.1755656038 60.1755656038 47.157535292 47.1605960182 47.1266018851 46.174451079 46.9877126756 46.1373714697 46.159469747 46.3516250059 46.3169274585 46.0029378311 46.272234443 47.0882291247
46.2951364393 47.244495153 47.3323955751 46.1949809855 46.8008262552 46.6576127965 46.9089358912 46.7739598077 46.0568366559 46.3718382189 47.3706822227 46.2549361773 46.2197183599 75.5408882 46.9721058228 46.8081538628 46.7338261293 64.0279833751 64.0279833751 46.015152619 47.0998984368 46.4504873225 47.1882691701 46.9954605836 46.8554614702 52.4449012337 47.3547282979 46.9389777782 47.0891101019 46.6775554996 46.5155962748 47.1128866906 46.6142950117 46.8196792168 47.1456470636 46.7498627921 47.051289526 47.3441197864 46.2397680124 46.9343997841 47.3146658665 47.1379433373 46.8880963807 60.1755656038 60.1755656038 46.7338230786 47.4101849004 46.9276592966 46.3212667011 46.9324140011 46.4040212756 47.0090422475 46.5407554088 46.4047586465 46.5315338012 46.0788665932 46.0703681129
70.7314129825 46.9481632334 46.3960559305 46.573766447 46.6994330081 46.2869286975 46.4032962713 46.2701645345 46.2292018608 47.3698264272 46.1402067502 47.2477668094 46.5916711059 47.0739123634 47.3908819242 46.3805552871 46.2413438774 79.1688982583 79.1688982583 79.1688982583 47.2895394351 46.0805281719 46.8185330308 46.4163772473 63.6484817051 46.704157663 47.233085974 47.2768191239 46.2499501698 46.7873005529 47.2354812888 46.0051712472 47.1865544584 46.5012584878 46.4544190403 47.342020249 47.0797499419 47.0460186623 46.6567910572 46.8951258612 46.4138602768 46.8269100063 46.8673975341 46.0918673532 73.771977181 73.771977181 46.6052951097 46.0178506376 46.9250391493 47.3255725028 46.2525175816 46.7323914476 46.2913915366 46.0113215357 46.3657994389 47.3451855882 47.0712405627
46.4847228064 47.1059234011 46.0290168592 47.3750107026 46.1192795184 47.1761173251 46.7011570502 46.4128860776 46.7846193983 46.9865081599 47.0607477381 46.6023667402 46.4431273772 46.9260361952 47.2257529244 46.1236759012 46.7183656231 79.1688982583 79.1688982583 85.2103813409 46.8180767105 46.0466952478 47.1540549932 46.6681785243 82.9494760128 63.6484817051 47.3708424345 46.6540532047 46.2787924342 46.4035851504 47.2913186021 47.2796398112 46.6371808927 46.5605151566 46.3733570896 46.3772880329 46.6459418965 46.1770985193 46.1438602171 47.3407164594 46.0911840777 46.9570246945 47.2580239021 73.771977181 73.771977181 73.771977181 46.976328479 46.6530308966 46.1638990975 47.0879104277 46.5136088491 47.1326460094 46.3583377021 46.5794493756 46.7836591791 47.0699539757 47.3468592646
46.335460442 46.8386233703 46.4684518218 47.336115355 46.2219464229 47.1382440902 46.2364310709 46.3966497343 46.9424266718 46.8622331296 47.2397749496 46.3291804213 46.5511918606 46.9264837149 46.009146095 46.1000357437 46.1550671822 46.602155695 46.0121744846 61.5149777746 46.033382332 46.5208945148 46.1449619658 47.400356811 46.5882282583 82.9494760128 47.2781865094 46.8627918975 47.3352218307 47.0668685483 46.7692231041 46.6088555553 69.2159416789 71.0481316615 76.1762658297 74.1264524664 47.1896092494 47.3911489019 46.836280769 46.8130900745 46.5614522362 46.77973294 47.1479871207 46.2276047233 91.4074694214 91.4074694214 47.0633665669 47.240796758 47.3310715282 47.202130247 46.0996190836 46.8059738987 46.5495442544 47.1137953533 46.3769696693 46.2391135805 46.2204824147
46.7131912879 47.083686461 46.1067298521 47.2801821271 46.237806599 47.1931827477 46.3668886746 46.8386056197 46.8614917769 46.7445965788 47.2884777094 46.6382257254 46.4837415074 46.995036069 46.157753495 46.0798679568 46.2862739894 61.5149777746 61.5149777746 63.8524285782 46.6465096379 63.1831151545 74.3747177732 74.3747177732 46.4326552795 46.6336788104 47.0307989138 47.0258824848 46.7183496738 46.8423840103 46.8899291892 69.2159416789 69.2159416789 76.1762658297 74.1264524664 73.0198151499 73.0198151499 63.598294287 46.1611313661 47.0651855175 46.2140018577 46.1296250411 46.0285680404 46.3779103225 47.0504724031 73.910020352 73.9761005266 47.1560886423 46.7640203522 46.9664807658 46.3597482376 46.6005516254 46.7058663859 46.7967011194 47.3818639433 47.3096507538 46.0700876884
46.1871034203 47.4055436089 46.7605677049 46.5751006217 47.2143503109 63.093697665 63.093697665 63.093697665 47.3252183248 46.1302799215 46.9064623178 46.0089079255 47.2540979412 47.064537875 46.7912212988 47.3289005412 47.0064875199 46.0204751125 46.2556297711 63.8524285782 63.1831151545 63.1831151545 74.3747177732 74.3747177732 46.5383382521 76.5106162077 46.1201170195 46.211987045 46.2637492897 46.3249993011 46.8496698543 46.0429313231 69.2159416789 71.0481316615 76.1762658297 73.0198151499 73.0198151499 46.6405838704 46.6789720061 46.6664163314 46.402265763 46.4200954331 46.4805550154 46.1600265147 73.910020352 73.910020352 73.910020352 47.2932048422 46.1215296794 46.372941865 46.1331599222 47.1856281852 46.5780089787 46.5203702452 46.524545624 46.3998699 46.1320406439
