Spatial_Output/BAU/BAU_0583.asc
NCOLS 155
NROWS 192
XLLCORNER 196769.923733
YLLCORNER 449719.875193
CELLSIZE 27.603701
NODATA_VALUE NaN
[rows 92 to 114 of 192, columns 0 to 52 of 155]
0 0 0 0 0 0 0 27.1091844492 26.5146480724 27.9367617036 28.3239763064 27.7617147595 27.8665884795 27.2968254864 27.9642288293 27.3000164149 28.4129616102 26.6068605259 28.3094314395 28.2980985875 27.6127923751 26.7833674183 27.3960646035 28.4334773455 28.3764625677 27.686619745 28.6099888273 28.6001062186 27.7754339539 28.2950654907 26.9598238518 27.7709374732 28.3662592323 27.543273172 28.1454065247 28.589706597 27.2930294359 27.2051756392 27.859618008 27.0143519792 28.3891504164 28.4737383401 64.7083647902 26.7248027654 26.6499495461 26.5688197971 26.771499199 27.9040443321 27.487668262 26.8717264642 27.2240767568 27.1935391805 26.8327293547
0 0 0 0 0 0 0 0 27.4131898946 27.4273356682 26.7368750849 27.8796577143 28.309867302 26.9543226517 27.0972686343 27.1922796032 28.4852860659 28.5520387474 27.5390904469 28.6127920147 27.9873195113 26.6831909742 28.6164984078 27.9088729192 27.3319411214 27.4619893292 28.0232030514 26.8730770783 26.5563378099 27.8964220693 28.3575920208 28.0365619493 28.5161663501 28.1102689241 27.609063512 26.9428467175 28.3188909255 27.957643877 28.5790949315 26.9887593698 27.2270673547 27.9071273788 28.3602983229 26.8011669803 26.7986111082 27.3809721576 27.6939455321 26.7873356154 28.1794500711 27.9366364153 28.3196078011 27.7215037269 27.5527747681
0 0 0 0 0 0 0 0 0 0 27.127709003 27.8312482896 28.1635643413 27.4595171602 27.5017410226 28.4440246186 28.5823050266 28.1864128192 27.9411372082 27.1245001294 27.2366229446 27.2197662359 28.5692054451 27.1429634106 28.4727056436 28.2426020568 27.1363041953 26.9217877886 28.2203655292 27.2124594516 28.5529639298 28.1276607383 27.8927086984 27.1140292542 27.9911471685 26.6610943354 28.5809249119 26.7414417555 26.806212735 28.0568328059 26.7519449223 46.6217728568 26.8412210664 26.7131132597 28.5859342823 27.3956946918 27.7688092314 27.1505840081 28.1419459892 27.4433958728 28.4676288541 26.5777593155 27.845023447
0 0 0 0 0 0 0 0 0 0 28.2077780033 28.1238819092 27.6744459565 28.3986624792 28.3227508942 28.4409581265 27.3973523931 27.9898212685 27.5715913032 27.283011587 27.0110360095 28.0560037974 27.4554993775 27.4155654597 28.3832693403 26.5467780395 27.1049099762 27.0841337536 28.4178938884 26.5822955931 26.6174661118 28.2189033848 28.407823927 28.231543075 28.0328375818 28.2051267726 27.3714379227 28.5381844462 26.8886874407 26.5427392415 28.1438031466 27.8410081654 28.3402346981 26.7196699336 27.1213688214 26.7034517339 28.6019391004 27.6802160616 27.4500765046 27.9165547199 27.9171295687 26.519304245 27.7885713054
0 0 0 0 0 0 0 0 0 0 28.0189851064 27.7576301963 28.5836273066 27.4077758358 27.9537402624 26.7585624793 27.6048602451 28.1829351047 27.4075893676 28.4872434296 27.8609757417 27.1521241784 27.0051947119 27.9187947281 28.0986228949 27.0367668595 26.9300731146 26.5904489301 27.0190320719 28.1980668136 26.7074005262 28.2405170432 28.1335398991 27.8773699306 27.3248504572 27.1874502121 28.3517106347 27.6465365925 27.8071696388 28.4624830132 27.2090727331 27.7609343268 28.562385138 54.7362125016 28.0535162733 27.6561220858 28.3665986876 27.3419498144 27.9364429561 28.5157705471 26.556453896 27.4683041579 27.0046875845
0 0 0 0 0 0 0 0 28.5337325857 27.5863768044 26.6436433784 26.6685609879 27.3766331273 28.3805499409 27.1224882918 26.8417585221 28.0271645529 27.6575270014 28.0511559113 27.0427264716 26.9278576206 28.2237545564 27.3164561646 27.6409367398 26.7326921222 27.7340684385 62.6647112919 27.9112146474 45.7075784606 61.263162458 28.0173514045 26.5751894536 45.3044388739 60.3320377828 60.2820569252 27.2271807453 27.5545679581 28.3052945064 26.7892166902 26.9362826789 27.6984115331 28.3494110679 54.7362125016 27.6138293317 27.5394558071 28.5472196783 26.8829591593 28.5791107616 27.7700475447 48.0134332949 47.2018566623 27.2297600858 55.1982960619
0 0 0 0 0 0 0 26.9507507235 28.5010863022 27.9586084111 27.7346941331 27.8878580564 27.5464925572 26.5682633379 27.4815524996 27.4665968046 26.902648352 26.70727303 28.5342984619 27.2733240947 28.5396761095 27.5040873396 27.0387703618 28.1466817996 27.7856712566 28.1631134547 62.6647112919 62.6647112919 45.7075784606 45.7075784606 61.263162458 28.5326566965 27.6533979911 60.2820569252 60.2820569252 27.1892833855 27.5512216382 27.0126573693 27.6132277836 27.4979023248 27.9468734052 28.2255238836 27.3981590058 26.8209826394 27.2826517775 27.01047064 27.3904957663 27.0650769302 27.7639955641 28.0127100746 28.0108692216 26.5520072883 44.9708002805
0 0 0 0 0 0 0 26.8527147002 27.7976095904 27.3152686071 28.5457723002 28.4079601015 26.8342736615 27.2529793124 27.5909590389 27.9745701286 27.4045946727 27.9238879282 27.5576616114 26.7085918945 26.8661105883 26.9844801361 28.2426704488 28.4411675326 27.0573997975 28.1606274848 62.6647112919 62.6647112919 45.7075784606 45.7075784606 60.5821936368 60.5821936368 27.5495239208 28.1113290361 60.2820569252 28.2634873949 26.7038667713 28.4202678766 26.6590548051 27.0000271996 27.76161544 27.2815326629 28.2169477744 28.5116868759 27.5001808535 26.8747659895 28.4698471751 26.7466303675 27.3063194915 27.4866719562 47.2018566623 28.5818192146 44.9708002805
0 0 0 0 0 0 0 0 27.4844078571 28.1871627786 27.1291678324 27.1444941266 28.5531838084 28.4358923335 28.3488109263 26.5426761761 27.6244714154 26.7394375869 28.2326856226 27.0300981455 27.4553358772 27.627313271 27.0364862448 27.3695178699 27.9854127544 27.9575138099 27.0823427002 27.1387050777 28.4430096186 26.6226186073 27.511003432 27.0611012389 27.9654445233 27.7335284749 27.8379972794 27.9662096723 27.7123009817 26.8130215157 26.5428360191 27.1692350589 27.8156275694 26.7613242868 27.0072475158 28.5542402342 27.3752864688 26.5343558252 27.8962692382 26.95172362 28.2483256783 56.8267553699 27.8649710369 28.051016656 27.4494070987
0 0 0 0 0 0 0 0 0 28.46889273 27.0666466734 27.2570555694 26.620227159 26.6601318099 27.8965868898 27.2962484263 28.3533423302 27.4485360525 28.4475432847 28.2881127183 27.2051275233 26.8732653893 27.0699577818 27.760495242 27.059885794 27.0335029752 27.0594988257 27.3210871739 28.0836301806 26.6560716297 28.4136556946 27.2317797898 27.4762703298 27.9622582297 26.5855251092 26.5632864853 26.8610194073 27.456257873 27.6756447213 27.7847196146 27.0300564926 26.5307237482 28.0466156875 27.4456062762 27.6928025165 28.1133313016 27.6463529131 27.3722773798 28.4882868593 27.1015968504 27.1915926312 27.3206906863 26.793042471
0 0 0 0 0 0 0 0 0 0 0 27.1016226863 28.2377281342 28.5948729835 27.3811218489 27.6637552554 28.1789734306 28.5591544044 28.3330088402 27.3864872661 72.7017871267 72.7017871267 27.5710104466 27.0290490376 27.1374570979 26.8193043024 27.901268996 26.6767037412 26.8406047456 27.1527728684 26.7824522129 27.4317211829 27.3301691395 27.7287042635 28.4731365888 27.4479950263 27.381473974 28.4524753355 26.9268587725 26.5476090842 26.5483623255 27.7985893396 26.5554765246 27.0921061263 26.9051156309 27.6734885698 27.6503626972 27.0700675053 28.2754303165 71.2939316847 71.2939316847 71.2939316847 28.3778919362
0 0 0 0 0 0 0 0 0 0 0 0 0 0 27.3350375042 27.0594782281 26.8504478482 27.5721787574 26.558280429 27.0987120372 27.0361800664 72.7017871267 27.2498588295 26.8259036517 28.3601322557 26.5417504482 27.1772687158 27.0154212907 27.400724749 27.2404241842 27.1849766856 27.4835021613 26.5097215585 27.4832128835 27.3708992112 27.4492321772 28.3196597662 28.3589426556 26.9450039096 27.8655854002 28.2074971549 26.6914414721 26.9373370509 28.564848772 27.4889434482 27.9100583499 26.6066939309 27.7617282258 26.8641281791 26.616401903 71.2939316847 71.2939316847 28.2733350702
0 0 0 0 0 0 0 0 0 0 0 0 0 0 0 28.1335280086 27.2061520462 27.7425936406 27.3508863189 27.3878053424 73.3587530389 27.0454173416 27.7064032357 27.5303072157 27.0689986894 28.1379623962 26.9555133716 27.0416267089 26.5016953649 27.5751909706 28.1408845183 28.0255309559 27.6269087673 27.0930615386 27.5383527 27.8260492801 26.9546533795 26.7396270056 27.682365076 28.2750372432 26.5939565647 27.1801271668 40.7253948569 63.8343539024 40.7253948569 28.067491027 26.7244305425 27.6603931568 27.5056073619 45.209512472 45.209512472 45.209512472 28.3112300312
0 0 0 0 0 0 0 0 0 0 0 0 0 0 0 26.6079618154 27.2933481752 75.4271784912 75.4271784912 73.3587530389 27.895069407 27.6651383583 26.7472785174 27.9152225928 27.4129768547 26.953749257 27.0447471016 27.4625276639 26.5682217637 26.8369335526 27.8270973718 26.5166843793 27.1619514537 28.5331795788 27.6455771245 28.5433588794 26.7176927741 27.8073282746 27.3502457907 26.9111827286 26.829162856 28.1292558175 63.8343539024 48.2405193517 28.3454970625 27.4942351309 26.9132240434 28.3077176338 28.2648584037 26.8161577523 45.209512472 28.4267662008 27.9033767845
0 0 0 0 0 0 0 0 0 0 0 0 0 0 0 0 74.6246959762 75.4271784912 75.4271784912 75.4271784912 27.4476947903 26.9380441167 27.4645051403 28.3943061754 28.5419174415 26.6213933023 28.256869534 28.609521121 27.0779667258 27.2011578617 27.8202313205 26.9717997285 26.5212091553 27.0884008938 26.5768694551 27.2254652444 27.8965746863 27.3981650664 27.8096681392 27.5552219319 27.4483877184 27.7242457108 48.2405193517 48.2405193517 48.2405193517 26.5553115051 28.2526925488 27.7537312918 27.796999506 76.6873435807 44.1756975938 76.6873435807 26.9930115693
0 0 0 0 0 0 0 0 0 0 0 0 0 0 0 52.3417736156 50.5365681984 55.4990221957 20.6810252154 27.652460973 27.9341896818 28.3114946442 27.4092061183 26.6122230275 28.2142696852 28.0432428418 28.4044891268 27.200962375 28.037347621 28.042846313 27.3676994877 27.3242769496 27.6997824877 27.7234755787 27.7840941851 27.3173357527 26.6229136433 28.1698548567 26.9109067588 26.9634746435 27.6034217927 28.4502172374 26.8349501317 51.7945458485 51.7945458485 27.9219378451 28.3850964521 27.5858576391 27.6675334827 44.1756975938 44.1756975938 44.1756975938 27.3986541038
0 0 0 0 0 0 0 0 0 0 0 0 0 0 74.3448679699 41.6146596855 48.1459273379 39.0929662521 26.7004779448 27.2424496668 26.7866178825 26.6805107184 27.7004824339 28.3696721036 28.4071588892 27.4457302986 28.3040588476 26.7262113198 27.3788437463 28.0068877377 26.5643621309 26.9429009585 26.6634458539 28.0236341266 27.904276166 27.4417155894 26.8856562797 27.1383154032 26.539780546 27.0028161766 26.7046031765 27.1095849896 51.7945458485 19.5003987224 19.5003987224 26.6737255117 26.511521696 26.7693385941 27.0486694074 64.0198519444 44.1756975938 44.1756975938 28.125347577
0 0 0 0 0 0 0 0 0 0 0 0 0 0 57.6235635843 49.3392202904 54.8039955725 48.5829000201 27.1528361596 27.7839994946 28.2772952342 27.8234330605 28.2007153905 27.2705118856 27.026004142 26.6863503679 27.460455188 28.0957775812 27.9563753568 28.1963213159 26.9186090282 28.0762302091 27.1817982767 27.2671719359 28.4272238244 26.6932569938 28.1512286622 27.5251629795 28.4319220374 27.0663885026 28.4330228642 28.1767518664 19.5003987224 19.5003987224 19.5003987224 26.5155739872 26.6562964379 27.9288847635 27.3544062939 27.6506286573 28.5593102778 27.4514812323 28.2667598153
0 0 0 0 0 0 0 0 0 0 0 0 0 0 0 57.6235635843 57.6235635843 26.7863058998 26.9018227994 27.9991890835 26.8168401965 28.1388321355 26.7258337134 28.0155179393 27.5549780881 27.5955490247 26.6399081751 27.5006360723 27.6991218251 27.1724978781 27.0414088955 27.9416018728 26.8279654027 27.4653740723 27.9644577525 28.2073877584 27.7764565307 27.2598149909 26.9235734434 28.2087029627 27.4209597668 28.3426875709 27.8631894979 28.0076257429 27.8333805202 27.9508839431 27.9625705773 26.8234796943 27.5814572601 28.436871833 28.3999839605 26.5453527159 27.1464038961
0 0 0 0 0 0 0 0 0 0 0 0 0 0 0 0 0 27.0124877104 26.5941896159 26.9069015035 28.1521392419 27.2184011525 27.5424386152 27.2504855107 27.1022084942 26.5413128338 26.7514405966 27.0779287617 27.3914088198 27.8010154493 27.6133562874 27.2641495933 26.907443561 28.1063402126 28.4075579186 27.8961678909 27.1901853793 26.6901314442 26.6391906014 27.8993187852 27.7333745922 27.5479783253 28.3063530597 37.2862911268 27.2925930374 27.3288314613 27.7332804107 28.0589403418 27.0259322131 27.566738743 27.5101532323 28.4078645923 26.9122788932
0 0 0 0 0 0 0 0 0 0 0 0 0 0 0 0 0 0 27.9106774329 26.6843867303 28.4900286232 27.8704990265 26.6636757007 27.8512917682 27.5314870925 28.0988920285 26.7790939516 26.84425275 28.5144882831 26.8846999231 28.387729846 27.7272581811 28.4876662812 27.9725308855 28.0934485884 28.3007295783 27.5415315941 26.7952835167 27.6935898477 28.5893972208 26.6579258072 27.9152097047 26.8531041323 51.5454096631 51.5454096631 27.7917077193 26.8318752652 27.5561300691 28.3649610941 28.6047291062 28.3286122596 28.3698354421 27.038518853
0 0 0 0 0 0 0 0 0 0 0 0 0 0 0 0 0 0 28.4146387991 26.8461501389 28.1437852867 27.9099876688 26.7394252004 27.990662676 27.7506115147 27.6674387654 27.2576101801 27.9728088594 27.6628396752 27.4363930237 27.3092444615 28.4069135739 27.0098468604 27.2435623906 28.3930608521 27.0734038184 28.3343170649 26.8582993551 28.1846624322 28.4837657248 27.6356701413 27.2217013343 27.0021316433 26.9040837332 28.5478520835 27.7150519271 28.6019780937 27.1663749474 27.9676676702 26.7068157736 28.0503538928 26.9662339524 27.7243529303
0 0 0 0 0 0 0 0 0 0 0 0 0 0 0 0 0 0 0 26.8177525826 28.0174965519 27.6680986263 27.8294407149 27.9003910725 26.7023724757 27.3550242972 28.4754709739 28.0444787431 27.5888208203 27.0033004327 28.4271249888 27.4507674608 28.336287086 27.4792485433 27.4699325749 27.3078436383 26.7275478691 26.783514007 27.0648840871 27.5244636518 27.4176476493 27.5347271738 26.8150430352 63.3972506438 28.3978523718 27.4176822944 27.334481957 27.7432599267 27.089460717 28.4029615479 26.9193493786 27.5199419263 28.3906171254
