Spatial_Output/BAU/BAU_0487.asc
NCOLS 155
NROWS 192
XLLCORNER 196307.867259
YLLCORNER 449144.565805
CELLSIZE 33.573938
NODATA_VALUE NaN
[rows 75 to 99 of 192, columns 0 to 56 of 155]
69.2314019752 80.1236992038 80.1236992038 58.3068292644 58.3068292644 80.4101538359 58.1193782535 58.1193782535 82.7754590203 72.2813109616 80.1200983016 58.3681737716 28.180008671 27.1947423947 28.158106115 27.2010460864 28.206784359 28.366503931 27.3317411084 28.3561718108 27.7177905008 27.5059854071 27.2413302668 28.2911749637 27.6635380447 28.0946603343 27.75043375 27.2945250359 71.1472508047 71.1472508047 57.160646378 28.0618709934 27.4287766369 27.442434124 28.3470709597 44.6185508418 47.2092838465 27.1850217965 47.2092838465 27.482892825 28.094649957 63.210236588 63.210236588 27.0149350257 28.1978906541 27.2300336159 27.6220118936 27.4668721495 27.6125708264 27.5398276044 28.1913531187 27.996615369 27.5947757099 27.738140364 27.7351102215 55.7472399327 55.7472399327
0 80.1236992038 80.1236992038 58.3068292644 58.3068292644 58.1193782535 58.1193782535 58.1193782535 72.2813109616 80.1200983016 79.9143645716 79.9143645716 27.6057393305 27.2127592358 28.3587166828 28.0446364583 28.2235317165 28.0896237711 27.2634584182 27.8770734625 27.49151902 27.6726606285 27.3855723723 27.2188003804 27.2548852208 28.0070520282 28.0275381538 28.1695761389 27.2082150652 57.160646378 27.3976151285 28.1998252776 27.2415576397 27.0085525749 27.9333945001 28.306226837 45.569018302 49.5006524374 27.215053848 28.0339829834 43.4458137985 58.8950728764 58.8950728764 28.0727107657 28.2496631257 27.1766370069 27.996310602 27.7364026344 27.0596925403 27.1645066755 27.9560772703 27.3307554169 27.8983804662 27.3024738069 42.2480402468 57.1298056303 57.1298056303
0 0 68.9333533432 0 58.3068292644 80.4101538359 58.1193782535 72.1247218142 82.7754590203 80.1200983016 80.1200983016 79.9143645716 27.1103801251 27.2984621942 28.1925028518 28.1001978943 28.1954736402 27.8451846622 27.1047677594 28.1770099613 27.0030531169 28.019177764 27.6232012885 27.5389718896 28.3127880686 28.0910365862 27.0540911999 41.3476693354 28.0612471326 57.0347922818 57.0347922818 27.6363884431 27.0535018599 64.0882188681 35.3539723909 27.8749969568 27.0783455163 49.5006524374 49.5006524374 27.2350204479 27.7377827454 58.8950728764 58.8950728764 58.8950728764 27.4924572274 27.7347398429 28.0590421825 27.1621158727 28.3519618685 28.189857643 27.4922614523 27.7857260937 27.2516385275 28.3064800793 48.3495569187 57.1298056303 57.1298056303
0 0 0 0 0 0 0 0 0 0 0 0 0 28.1021690817 27.2842108572 27.8336388097 27.9976838555 27.612812721 27.5127623618 27.5897552489 27.0844498047 27.2728636545 27.9568810476 27.0977407008 41.5660835298 41.5660835298 55.8553286096 67.6980718081 27.9264346371 57.0347922818 57.0347922818 27.0876125903 64.0882188681 64.0882188681 59.0454950125 27.6348743187 49.5006524374 49.5006524374 49.5006524374 50.2458928969 27.3666619622 27.0809735414 27.438686296 28.055053198 27.65237047 27.1215577903 27.3610241792 27.2897668017 27.1692088583 27.0311929815 68.4766822082 50.2319345898 62.3489185138 47.879474967 47.879474967 43.5177826285 54.8031018938
0 0 0 0 0 0 0 0 0 0 0 0 0 27.6090270968 27.5891022226 28.3544655958 27.5141572796 28.4125985259 27.80284132 28.3443399011 42.3134118331 42.3134118331 42.3134118331 28.3226454787 41.5660835298 41.5660835298 55.8553286096 40.5975082266 28.0220618378 57.0347922818 57.0347922818 45.8671114978 56.0253007048 64.0882188681 35.3539723909 54.1657338274 54.1738989344 54.1738989344 28.2788692868 27.3365368305 27.5614431423 27.8306940143 27.6398107363 27.3860883436 27.4032573456 27.8838671917 27.6656779236 27.9614722892 28.1380420703 28.0509799657 68.4766822082 68.4766822082 62.3489185138 62.3489185138 43.5177826285 43.5177826285 43.5177826285
0 0 0 0 0 0 0 0 0 0 0 0 0 27.6920592279 28.3721071159 27.3785600758 27.2746988092 27.9389595869 28.2971475801 28.259019376 27.0158483574 27.8798273978 27.8643072318 27.3848173106 27.3922827013 41.5660835298 55.8553286096 40.5975082266 40.5975082266 27.6851100752 27.6993933704 27.0579466064 45.8671114978 64.0882188681 35.3539723909 54.1657338274 50.7462455015 54.1738989344 27.867791582 28.1877557083 28.1959829633 27.8664069513 27.6409817472 27.0259526625 27.4465165852 27.5555572167 27.9541156639 28.3743493723 27.5211249555 75.8536141015 68.4766822082 68.4766822082 62.3489185138 47.879474967 47.879474967 43.5177826285 27.9540593418
0 0 0 0 0 0 0 0 0 0 0 0 0 0 28.314837044 27.042068855 27.1347061916 27.5358241983 27.261425963 28.3968764609 27.4717989 27.0312195098 28.0160522561 27.7531008398 27.7765960912 48.0687007205 40.9181071751 45.7637569494 40.5975082266 27.6513864642 27.2088824912 27.639216784 27.79710694 27.2123073162 28.0991101642 28.0786157163 27.311826808 27.494470651 27.4968796636 28.2322886793 27.8050995043 27.4307490469 27.9807268111 27.3285637338 28.1473759701 27.7904914705 27.6036035646 28.2476504657 27.3829186668 27.3691915742 68.7382388905 68.7382388905 27.8742484126 28.3965758936 27.9048593444 27.4906841581 28.3118078826
0 0 0 0 0 0 0 0 0 0 0 0 0 0 27.3530481704 27.5767558783 27.7300740211 27.8048437878 27.835316456 27.9570142175 28.3331273018 27.0442875766 28.3122675737 27.7414269512 43.8108337163 48.0687007205 48.0687007205 45.7637569494 28.2485439587 28.2984235312 27.1332365452 27.7265734631 27.0919452492 27.3757151961 27.349619238 28.1573837404 28.0971820485 28.3805378842 27.0391673074 28.3648047927 27.4207862771 27.1176013818 28.3974131338 28.3271068094 27.3908204903 27.630892912 27.887716233 28.1006698438 28.2688707491 27.7413331027 28.1068393502 28.207037674 28.2791673767 27.5251346613 27.2004606833 27.4916230541 27.5530418492
0 0 0 0 0 0 0 0 0 0 0 0 0 0 28.0727488458 28.0353006483 27.1218196102 27.7155398436 27.6723046286 28.0419374684 52.6398987332 52.6398987332 41.3285509439 43.6859614847 48.0687007205 48.0687007205 48.0687007205 28.0136983434 27.2755527556 27.4582914927 27.3627396194 28.1377579523 28.1159873472 27.2150343736 27.2593367476 28.0599901009 27.3350020997 27.6212834431 27.1391853336 27.9973444254 27.5502357761 27.6310008042 27.0199143304 27.135403583 27.4095721244 27.9054886171 28.1576900575 27.3374533235 27.2839782758 28.2140618004 27.7257991196 28.2368503795 27.5631787101 27.673260831 27.6516837435 27.3172443763 27.7982765701
0 0 0 0 0 0 0 0 0 0 0 0 0 0 27.9458779442 27.2316795947 28.3168424985 27.6449362698 70.1088432185 28.108245802 52.6398987332 52.6398987332 52.6398987332 41.3285509439 43.8108337163 43.8108337163 27.2436075048 28.1075036604 28.3418363611 27.4542874029 28.2340102063 28.1038503984 27.5562946898 27.4114702076 27.8654278711 27.9262313573 28.1831250083 28.1500173697 27.9087189397 27.9202282599 28.3702179236 27.6226128197 27.0211061351 27.891013911 28.1309499892 27.4062204844 27.6905600295 28.0042532536 27.2659666153 74.2636519219 74.2636519219 27.4571524829 27.0860091785 27.3194514199 28.0371004144 27.1300685947 27.078287425
0 0 0 0 0 0 0 0 0 0 0 0 0 0 27.2625199452 27.7554916952 27.8558591072 28.3091335205 60.1780057618 69.3646926916 69.3646926916 52.6398987332 52.6398987332 28.0815431456 27.5676797446 27.8267712138 27.7145030057 27.4187956057 27.2255733139 28.1200944971 28.2567079533 28.2496019463 27.0673232472 27.6553264997 27.5650950435 28.3395980344 27.7544611565 27.9956333282 27.1669681597 27.3446278187 28.1907926747 27.6599675247 27.9906509259 27.7827496394 27.9729144964 28.2274964572 27.4773185983 27.1397642112 51.1467760199 51.1467760199 51.1467760199 28.3006835792 27.3058688494 27.3827312737 28.1617862063 27.4990877826 27.1860485285
0 0 0 0 0 0 0 0 0 0 0 0 0 0 28.2168275412 27.7804031992 27.6773334501 51.8706493904 60.1780057618 69.3646926916 69.3646926916 27.3057129372 27.1020335335 27.5736726949 27.4950005557 27.4369448384 28.1829594992 28.0664923873 27.2083749764 28.2598252064 27.7439783752 27.4107680209 28.2605441796 27.1665299974 27.6543516191 28.3176529861 27.1763116134 27.1366610614 27.3551791399 27.9360849658 27.5632861034 28.3299631766 27.0634189965 28.1786733062 27.4191931954 27.9197918705 27.5709377116 64.9404508847 64.9404508847 51.1467760199 74.3310406138 28.363993004 27.8374686563 27.4266675146 27.4215114721 27.8027164085 27.9449965926
0 0 0 0 0 0 0 0 0 0 0 0 0 0 0 27.4129112952 27.0818315866 51.8706493904 60.1780057618 60.1780057618 28.0543862965 27.0064654077 27.0560691224 27.947534096 28.1538989247 27.148385685 28.0122752031 27.3379708865 27.827191121 28.2815970302 28.4086936516 28.0732122284 28.1343225278 27.5428210928 27.3066620546 27.5849076865 27.2555680499 27.1250292797 27.5155246926 27.4013316277 28.3978855812 28.0420727405 27.6334938589 27.5266048209 27.5909842837 27.5074361412 28.253584347 27.5803895963 64.9404508847 27.3501563114 28.0954916851 27.0878509801 27.4979788869 28.0523721013 27.7869551229 27.4526103859 27.8657192015
0 0 0 0 0 0 0 0 0 0 0 0 0 0 0 47.5988530549 47.5988530549 51.8706493904 51.8706493904 27.7998477915 27.150380733 27.2849248561 27.9110700943 27.2196940034 27.5986520938 27.8514324444 27.0545891038 27.4691207142 28.3657754589 27.2774357194 28.2196495936 27.2784466765 27.1657786341 27.7801441103 27.7724761258 27.4370509881 27.5144808626 28.1694685303 28.305302497 27.3348186187 27.5543867927 27.6351560508 28.0843257568 27.3925415173 27.8759664744 28.3157522004 27.3361188564 64.4929196194 27.3758497236 28.0309737473 55.1289420723 27.0059235362 28.3017265732 28.283752496 27.5731502896 28.031405851 28.1214354568
0 0 0 0 0 0 0 0 0 0 0 0 0 68.3048298922 62.0169373645 47.5988530549 47.5988530549 27.5204859592 27.0689023725 27.7468579883 27.5840128298 27.2277399187 28.228786461 27.3643926632 27.2189883618 27.9006097815 27.6503252951 27.8860172994 28.1218316167 28.3348731439 27.7710044958 28.0214666763 27.6210254482 27.2471884434 27.3696922038 27.4492445527 27.9897537697 27.1405360508 27.0385602361 28.0671034228 27.1238370831 27.3999546394 28.1406295001 28.0067293461 28.3173633681 27.7742004893 27.8945423473 64.4929196194 27.7064995179 55.1289420723 55.1289420723 27.3731919926 27.8785669815 28.2349253176 27.2966114764 27.4614662515 27.5147433862
0 0 0 0 0 0 0 0 0 0 0 0 20.1372518192 20.1372518192 20.1372518192 47.5988530549 47.5988530549 47.5988530549 27.6737044676 27.1144228134 28.1936472336 27.3786569695 27.5323456726 27.929551466 27.1477439806 27.4421125232 27.7098756034 28.2221003393 28.355153655 27.3508306681 27.5064426779 28.0524969149 27.5905480044 28.19179817 27.7168645342 27.4472408786 27.8157093646 27.8296233232 27.0254479847 27.7568844672 27.3805676665 27.9210688602 28.0227208784 28.2578454036 28.1926008067 28.2114525631 28.1609206918 28.3550860628 61.8468652405 61.8468652405 61.8468652405 61.8468652405 28.1422792134 27.5117219051 27.0822977452 27.2428709647 27.9107134269
0 0 0 0 0 0 0 0 0 0 0 69.5794076467 49.1074665837 20.1372518192 19.9605599487 47.3136667915 41.7792858435 0 0 27.7931414341 27.4723486951 27.8213717505 27.3543161794 27.1681512191 27.5782248976 28.0559035095 28.2060168413 27.9663864981 27.334574056 27.8549271778 28.1390556913 28.3184040902 28.1698701558 27.3849490646 28.078434066 27.0054781046 28.2788549288 27.0097149351 28.252662635 28.2744157078 28.0849328665 27.9430974626 28.0542377859 28.3264150751 27.8999473014 28.0117126469 27.3925018498 27.9504674274 45.8948890637 45.8948890637 45.8948890637 45.8948890637 27.2903519696 28.1861530756 28.0111903127 27.2804799288 27.686609754
0 0 0 0 0 0 0 0 0 0 64.0522000836 49.9397602095 49.9397602095 20.1372518192 47.2120588645 62.3978440479 0 0 0 27.453955089 28.1846363627 27.5582140312 27.9431677975 27.9265819049 27.087541754 27.4934966196 27.0295940643 27.8666962617 28.0777703702 27.2618743184 27.0862611535 28.1873388628 27.7896484802 27.4457924259 27.2453165044 28.2620066932 28.3583084874 27.9413549104 27.6699195525 27.6600771798 27.534102242 27.1953661603 28.4116038793 28.1620748662 27.914035211 27.0112187349 28.0636066671 27.901868205 28.285505316 45.8948890637 45.8948890637 45.2967695011 28.1142199037 27.3722867952 28.3081629195 27.6884967392 27.3819203656
0 0 0 0 0 0 0 0 0 50.1255155763 49.8058965772 49.9397602095 49.9397602095 52.2347786252 0 0 0 0 0 0 27.4446149787 27.9169019328 27.3093292847 27.9316424377 27.1088395809 27.742758375 28.404660531 28.3001752246 28.0089267105 27.4716718343 27.9313991434 27.9336659672 28.0302270851 27.6888680498 27.2884454358 27.9371474454 27.7120750078 27.5273944158 27.7243331107 28.1788798041 27.7322851802 27.3563672194 28.3170620395 27.5568797435 28.0153346735 27.8309797888 27.9579153714 28.1540031478 27.3311988643 27.6113476161 45.2967695011 28.1110527259 28.0929680931 28.3094780511 28.347296264 27.3769056822 28.0927749544
0 0 0 0 0 0 0 0 68.8933493782 50.1255155763 50.1255155763 49.8058965772 49.8058965772 0 0 0 0 0 0 0 0 0 28.3540159205 27.5020495931 27.880194025 28.0404118749 28.3096723046 27.4680760667 27.9719178123 28.2986149432 27.8598080305 28.1603263048 27.8880787338 27.763109333 27.4894114727 27.2127171986 28.2846580231 27.7621322681 27.9850404096 27.1344484481 27.1792211064 27.0216691757 27.3597068651 27.0750396709 28.0405889377 27.348352627 27.7809624531 28.018462882 28.00347134 50.7364928255 27.5737674895 28.2273929908 27.3343952591 27.2664603134 28.2182623456 27.8945432584 27.307412216
0 0 0 0 0 0 0 0 68.8933493782 50.1255155763 50.1255155763 67.0373508753 0 0 0 0 0 0 0 0 0 0 27.0104845 28.3084115613 27.4203004656 27.7432148609 27.0650745636 27.9594278982 27.7347376019 27.4958034138 28.2655525979 27.6409490731 28.4062405206 27.4547567419 27.1124016676 27.3567409822 28.1486767643 27.6404355492 28.3131360303 27.4394359617 27.9469141937 27.7696765242 27.4656438267 27.9154915546 27.5780339895 27.9410310371 27.0950428759 28.1302241782 27.9594847618 27.786705003 28.2450027382 27.9017424057 27.6327348474 27.3795824752 28.2531933973 27.7482349185 27.0438134939
0 0 0 0 0 0 0 67.3651589034 0 0 68.8933493782 0 0 0 0 0 0 0 0 0 0 27.4529251073 28.3635900702 28.1324977988 27.9246465475 27.841578269 28.1506617064 27.7337341132 27.3422823053 28.3311478319 27.0587519136 28.0939340977 28.2394210323 27.5130842757 27.8122505787 27.8593116667 28.1653749657 67.7195307468 42.9248890992 28.4089323663 27.5781271842 27.9170004158 27.7699522428 28.0439947083 47.4269162958 27.4885205757 27.059718631 53.6096247686 27.7141116933 45.5149415012 27.2384422906 28.22933284 28.0562975916 27.5218932916 66.2661871531 27.1270932165 28.323326318
0 0 0 0 0 0 0 67.3651589034 67.3651589034 0 0 0 0 0 0 0 0 0 0 0 27.382091523 27.6313787 27.0523929128 27.9757017364 27.639748139 27.8016521434 27.9195501226 27.8008700569 27.6938914989 28.1845168766 28.1109508087 28.1065082976 27.2021070545 28.1557797183 61.434027251 50.3769598028 67.7195307468 67.7195307468 69.8892241781 69.8892241781 67.4569686578 42.7282247244 70.6388808042 46.7446364492 73.6231125203 73.6231125203 46.030127367 27.5875761197 58.3729450263 45.5149415012 28.0842722157 52.8398830612 27.7884043241 27.2575030695 42.0911282417 27.14729632 28.0575418713
0 0 0 0 0 0 0 0 0 0 0 0 0 0 0 0 0 46.2433281802 0 27.9274758071 28.3927595053 27.6672242795 27.0425859089 27.2096479004 27.4196715266 27.0958902517 27.6143990357 27.9741765723 28.3614370186 27.2546904164 28.0051794593 27.6541647145 27.4491948818 46.891476631 46.891476631 50.3769598028 67.7195307468 67.7195307468 69.8892241781 69.8892241781 67.4569686578 70.6388808042 70.6388808042 46.7446364492 73.6231125203 73.6231125203 46.030127367 58.3729450263 58.3729450263 58.3729450263 27.1140452508 52.8398830612 27.5527768161 27.9785220106 27.0022238232 27.6673812869 27.5547529986
0 0 0 0 0 0 0 0 0 0 0 0 0 0 0 0 46.2433281802 46.2433281802 46.1376829441 47.1594175295 28.0655223168 27.8750539019 27.4963014489 27.1305209037 27.2388204722 28.4001600641 27.7468132468 27.9610190262 27.0661045828 28.2250308675 27.6202335683 28.2180153414 28.0423434856 46.891476631 46.891476631 46.891476631 28.1663088512 28.4050889456 27.4450620443 27.8186152823 27.4924518534 28.0549650683 70.6388808042 46.7446364492 47.4269162958 73.6231125203 46.030127367 67.9113706968 58.3729450263 28.3330650313 27.7916841616 27.6356026436 27.4618427238 27.884995388 27.5629497926 27.4498602916 27.3911289056
