Spatial_Output/BAU/BAU_0295.asc
NCOLS 155
NROWS 192
XLLCORNER 196307.867259
YLLCORNER 449144.565805
CELLSIZE 33.573938
NODATA_VALUE NaN
[rows 75 to 99 of 192, columns 0 to 56 of 155]
69.2314019752 80.1236992038 80.1236992038 58.3068292644 58.3068292644 80.4101538359 58.1193782535 58.1193782535 82.7754590203 72.2813109616 80.1200983016 58.3681737716 44.8558543856 45.0129874183 44.9230012267 44.7768480207 45.1004527733 44.7705662402 44.8605585262 45.138061811 44.7382316279 44.5457319508 44.5814762193 44.9688552875 44.9763004601 44.795431327 44.9801754206 45.1132875517 44.8550801119 44.7591648821 45.0992385627 44.8215238221 44.6620153223 44.9658530128 45.072672569 59.9928061769 59.9928061769 59.9928061769 60.5732560811 44.8054379423 78.3932601308 67.8498097792 67.8498097792 45.0130860941 44.6437777194 44.7221529397 45.1940432289 44.9253722334 45.1209357925 44.6654169155 45.0123835906 44.9963180356 44.7551435223 45.0495604758 44.8030999465 74.8414445158 74.8414445158
0 80.1236992038 80.1236992038 58.3068292644 58.3068292644 58.1193782535 58.1193782535 58.1193782535 72.2813109616 80.1200983016 79.9143645716 79.9143645716 44.9499511039 45.0554062892 45.0547273256 44.9129314091 45.0705432865 44.9073560365 44.7184574065 44.6187487932 44.5020958674 44.7248426107 44.6326005164 44.7587674022 44.8846179205 45.019739484 45.1076946885 57.2549588014 45.0061555299 44.9522344859 45.0869837132 45.0921532939 44.9749295628 44.7218478373 44.5651667363 45.1156903792 44.8660149657 59.9928061769 44.9694094954 44.5275492511 67.2371616413 44.9302205413 67.2371616413 45.0737321377 44.7830489095 44.5871593135 44.7431478838 44.9178852872 44.6158459047 45.0236471 44.9365748712 44.5619097473 44.8542608916 44.6443647764 45.1303381596 62.4388668382 62.4388668382
0 0 68.9333533432 0 58.3068292644 80.4101538359 58.1193782535 72.1247218142 82.7754590203 80.1200983016 80.1200983016 79.9143645716 45.0983135847 44.7061069518 44.9191684889 44.507146235 45.0221317733 44.9227416979 44.654913961 45.0152417756 44.7984269805 44.9466331033 45.0899076275 45.0162229182 45.150933644 44.5005779447 57.2549588014 57.2549588014 44.6040149829 44.9259262332 44.962549203 44.5977359993 44.8803587337 44.8602002504 44.8396579035 44.539595486 50.8752455137 65.9252112168 45.0007526552 44.561764408 44.9307658092 45.1074093909 44.8625423589 44.6945104929 44.7703778248 45.1030478435 45.1719049477 44.7718427115 44.6453636377 45.0934502255 44.6640892416 44.9445895671 44.7268812188 44.9869083862 44.640612518 64.9070848786 62.1967636554
0 0 0 0 0 0 0 0 0 0 0 0 0 44.650002353 44.7421483011 44.8670512061 45.1543691288 44.9504900435 44.7409918428 45.0280178734 45.146391956 45.0554520207 44.5762773135 44.9131686239 45.098655482 44.6378514998 78.021684988 57.2549588014 45.0055767015 70.9529893009 44.6097736142 45.0427410153 44.7028188786 44.6917278762 44.9424972104 86.195736198 54.0037044571 67.7523114915 65.6102841339 62.8164399646 44.6830598287 67.9371280147 87.7300350419 45.1287759479 45.1331709134 44.6684481532 45.1356438236 44.8699185698 44.8701445365 44.8459115567 45.0925465514 45.1547999883 44.9852315388 44.662398038 57.0946367982 62.1967636554 62.1967636554
0 0 0 0 0 0 0 0 0 0 0 0 0 44.8528744294 44.9374294441 44.943925021 44.6635133169 44.5455186306 44.5102471849 44.8708146097 44.6847856712 44.8632088638 44.6631662987 45.0625399582 44.5960405067 78.021684988 78.021684988 57.2549588014 45.1865661399 44.8683119057 44.7682196747 44.8782736506 45.1088210524 86.3858391006 86.195736198 54.0037044571 54.0037044571 65.6102841339 65.6102841339 62.8164399646 67.9371280147 67.9371280147 67.9371280147 87.7300350419 44.7594838473 45.090296341 44.5047367541 44.9443253159 68.0229786446 68.0229786446 68.0229786446 44.8339549503 45.150898929 62.6972259401 57.0946367982 62.1967636554 62.1967636554
0 0 0 0 0 0 0 0 0 0 0 0 0 44.6800756122 45.1829748449 44.7854045069 44.8882830088 44.7303584489 44.9388215961 44.8312108114 44.6957710119 44.9851369333 44.7186060502 44.8584397483 44.7029131162 61.3692368818 78.021684988 44.5832915955 45.0420287878 44.5456654577 44.9256582754 44.9266753349 45.0864712213 44.7851439133 86.3858391006 86.195736198 54.0037044571 65.9252112168 65.6102841339 62.8164399646 44.9695155801 67.9371280147 44.9009044199 44.7558745304 44.9823502978 45.1712386242 44.841805697 44.7803143454 44.6564011219 68.0229786446 68.0229786446 45.205900489 44.6756150837 44.8802363875 62.6972259401 57.0946367982 44.561297819
0 0 0 0 0 0 0 0 0 0 0 0 0 0 44.746739497 44.721791962 44.9832760521 45.1781183819 45.0164173641 44.9074969906 45.1972799165 45.1938389789 44.961418992 44.7493476117 79.1589194431 61.3692368818 61.3692368818 44.9413976034 45.0284098478 44.9011845059 45.1657528438 44.8605700002 45.1233985624 45.1340209994 44.7719536349 44.8471398177 44.8875983864 44.7980762982 44.7973979171 44.962915055 44.6707592137 44.5506090462 44.6504482456 44.7114734422 45.1646538423 44.7521253538 44.6543585188 44.9248057237 63.5358778417 63.5358778417 44.9649594886 45.2065044246 45.041958782 44.9239062568 44.8261944799 44.7009807659 45.0300102742
0 0 0 0 0 0 0 0 0 0 0 0 0 0 44.8645348194 44.6371835011 45.101829476 44.6692650088 45.1474527016 44.8526712331 44.635590217 44.5106069598 44.7179754721 44.9811964996 75.3420380546 75.3420380546 61.3692368818 61.3692368818 44.9061523564 44.5099479304 44.5705483697 44.6612702215 45.1227685529 44.9521950427 44.6932017155 44.8469836143 44.7579746804 45.1943499236 45.1738404632 44.926008485 44.7961489331 44.9680425125 45.0395663433 45.022601533 45.1573106845 44.7443343111 44.7012578683 44.6064339405 56.865233571 44.9984196538 44.9220210264 44.6153035408 45.1173222077 44.8156270037 44.6232533327 45.0764263477 44.7050989788
0 0 0 0 0 0 0 0 0 0 0 0 0 0 44.6414700235 45.0099339742 44.8928838127 44.5680134394 44.5110873117 44.8161069112 73.8334074439 68.336705388 83.5401571522 64.6323582711 64.6323582711 75.3420380546 79.1589194431 44.6561478142 44.5720271793 45.1433387974 45.0364421256 44.7930705225 44.9743176276 45.1520956934 45.0530910343 44.8742166974 44.7232969886 45.0143761975 45.121914427 44.7571817819 45.1959611286 44.7314438274 44.7290388664 45.1476116128 44.8903591861 44.7456245608 45.1698839367 56.865233571 56.865233571 56.865233571 45.1839831194 44.6202216595 44.7288076417 44.7574659209 44.5564026842 44.8708920159 44.600699312
0 0 0 0 0 0 0 0 0 0 0 0 0 0 44.8749787928 44.8884763686 44.5608627063 44.5051960487 44.9993735641 44.5600520174 73.8334074439 73.8334074439 68.336705388 64.6323582711 64.6323582711 75.3326673021 45.0448965794 44.6140629428 44.8202663038 44.515351408 44.5009867094 44.5624713529 44.6455489661 44.7725048413 44.5305020422 44.6948401836 44.6467682081 44.7385786993 44.5744275595 44.9201564941 44.5669795156 45.1001635019 45.1990178642 44.8477330944 44.7883810457 45.0055780146 45.1475552975 44.9738941298 56.865233571 72.1952483529 72.1952483529 44.8107484794 45.002318225 44.5484600682 44.9228891536 45.1802774008 44.9292610507
0 0 0 0 0 0 0 0 0 0 0 0 0 0 44.6771405706 44.5820590647 44.5651665676 44.6781114401 69.7556029254 73.1782538628 73.8334074439 73.8334074439 68.336705388 44.5575192401 78.8881395725 44.5209813372 44.6494384962 44.7398628817 45.0103088557 44.8630510147 45.0913080433 45.086442793 45.0333309259 45.1855950407 44.9496314917 45.1099778059 44.842756253 44.790329349 44.6078044221 44.7558735516 44.5842108905 44.7170365549 44.5650706686 44.680312622 45.1883448195 45.0319106175 45.0052898427 45.1599291218 45.0114227143 44.6594428532 45.2048136142 45.0188413872 45.1529020981 44.9476617503 44.7304959181 44.8356559794 44.8092533522
0 0 0 0 0 0 0 0 0 0 0 0 0 0 44.9023496222 44.6278323175 45.0371497112 73.3768222609 80.6194164616 69.7556029254 73.1782538628 44.9130411064 44.6215571623 44.8023183351 45.1071990894 44.6854339856 45.1575671022 44.7327140892 44.8452652626 44.8373814083 44.5541097649 45.2021259721 45.0431544153 45.088396282 45.0748983478 45.0696932203 44.6282986029 44.5483178706 44.8737424598 44.7016758283 44.6528498622 44.7833465193 45.0836520937 45.1100490196 45.0553860224 45.0375388126 45.0751804487 44.620920737 45.1000431136 44.6724252241 44.5509578842 44.5228875331 45.1049467028 45.0292308123 44.9372373532 44.9050914698 45.0051874814
0 0 0 0 0 0 0 0 0 0 0 0 0 0 0 45.0922020653 66.3785055347 76.0182304972 73.3768222609 80.6194164616 45.0169564038 44.8055307674 44.9766155326 45.0065399091 45.1914289453 45.0442070568 44.8506280251 44.6438966349 44.7414249192 44.7856823908 44.7356698985 45.0968083318 44.9671438226 45.0473498659 44.9187506607 44.6833117138 45.0915166112 45.1542049388 45.0230616234 44.6228316771 45.1685417711 44.5521678598 44.6824205796 44.9643634289 45.1682953334 44.9312926959 44.7440689519 56.0369970618 56.0369970618 44.8957879858 65.7267248102 44.6422771924 45.0623796716 44.6848137768 44.9141039529 44.6091683245 44.5892563299
0 0 0 0 0 0 0 0 0 0 0 0 0 0 0 75.8682884594 66.6603834336 76.0182304972 76.0182304972 44.824845278 45.1395366247 45.0173962568 45.0887914721 44.9388252131 44.7733385483 44.8464175376 45.1379258465 44.6030223168 44.7134262915 44.510624194 45.0485229996 45.0490167106 44.8163690585 44.9419651586 44.5010561133 44.9099013699 44.793000194 44.6362639131 45.1008135511 44.5587409309 45.0949706479 44.5786522402 44.6159334744 44.8339969336 44.9789967717 45.0606145931 44.9937259892 44.9952764235 56.0369970618 61.0703604286 61.0703604286 44.9671146694 45.0558874203 44.7184392465 44.6885766708 44.8819263909 44.534624908
0 0 0 0 0 0 0 0 0 0 0 0 0 68.3048298922 70.1014238287 75.324457553 58.2639345045 66.6603834336 66.3785055347 45.0087084126 44.6983713841 45.1770689896 45.1372469298 44.8678444887 45.1552394189 44.5832509649 44.9017392576 44.9443784311 44.6638722855 44.7122478192 45.1344385263 44.5170011502 44.5907005365 44.7374998044 44.6947456895 44.9147686352 45.0649614225 44.5104040453 44.5479737113 45.0327340669 45.0765429006 44.8968990567 45.1277040699 44.7925465588 44.7535515026 44.5017319216 44.5203172151 45.0972926608 61.0703604286 61.0703604286 61.0703604286 44.9697854487 44.9777963582 44.7585452543 44.7772132021 44.9732271316 44.8900111285
0 0 0 0 0 0 0 0 0 0 0 0 32.985636244 32.9557920833 32.9557920833 58.2639345045 58.2639345045 75.8682884594 45.0671911402 44.6685229644 44.7667210428 45.0387201035 44.5936366905 45.0747983398 45.1196749817 44.8505285282 45.1887133787 44.7754526084 45.141093623 44.9470527014 44.8267254018 44.6829777856 44.9248187014 44.6939992113 45.1431479023 44.8996370154 44.5673054603 44.548552518 44.5886706035 44.5986593357 44.9189401488 44.7855987557 44.9705697968 44.8433286588 44.749065745 44.9338876847 44.6190706344 69.5431576188 69.2309881778 56.3840802394 65.6490142583 65.6490142583 44.9787218948 44.8391039137 45.1806936328 44.8435144597 45.0911563517
0 0 0 0 0 0 0 0 0 0 0 69.5794076467 70.152709547 32.9557920833 32.9557920833 82.9222589791 58.2639345045 0 0 44.9460281926 45.0809147048 44.8930802033 44.6749535712 45.1888454722 44.8827432626 45.015856471 44.9516388394 44.6910781536 44.6274797185 45.1336531497 44.5325938796 45.1275143761 44.5135879982 44.6390658225 45.1413525943 45.0138871079 45.0248161369 44.8650805771 44.6504913132 45.0111801473 44.9492125148 44.6020252247 45.1428711986 44.7924010228 45.1908305639 44.7397892947 44.6722611484 69.2309881778 69.2309881778 69.2309881778 45.1724531812 44.5113254714 44.5793505892 44.6966103577 45.0959273481 44.5936530411 44.9983412664
0 0 0 0 0 0 0 0 0 0 64.0522000836 58.4175396204 70.152709547 70.0027466288 70.0027466288 65.2788203376 0 0 0 44.5905414494 44.5282763529 45.1342044138 44.8706898537 44.9022968806 44.9830347158 44.5615030954 45.1646064557 44.7729729804 44.6596810988 44.9079650324 44.8276446296 44.5659865741 45.1982167719 44.7302008224 44.8430823207 44.9213445035 45.0716141062 44.5105099382 44.8401465384 44.7847660616 44.5405966196 45.0876605474 44.6538134392 44.7194528279 45.1746532213 44.5111981169 44.5454041352 69.2309881778 69.2309881778 69.2309881778 72.4795042865 45.0250890276 45.0005288151 44.668172598 44.890737149 45.1733223409 45.0258299502
0 0 0 0 0 0 0 0 0 56.8406311105 58.0726088448 58.4175396204 70.152709547 70.152709547 0 0 0 0 0 0 44.5704384989 44.6641500263 44.807436066 44.6055451393 44.7040752948 44.8834733854 44.6779346695 44.955557685 45.005910595 44.7491680463 44.7009276086 44.6461069513 45.0425374041 44.8086619047 44.6723844854 44.886219833 44.9861015551 45.1258653787 45.127044721 44.7894781227 44.6586682769 44.875907352 44.6463063548 45.0187457302 44.9147178861 45.0403736431 44.5937943884 44.7662363564 44.5181238404 72.4795042865 72.4795042865 44.877022601 45.0115717742 44.594173087 44.8350708499 44.7272301211 44.6819019486
0 0 0 0 0 0 0 0 68.8933493782 56.8406311105 58.0726088448 58.0726088448 58.0726088448 0 0 0 0 0 0 0 0 0 44.5737460489 44.6376243266 45.1999478064 45.1521157952 45.1075262781 44.5622552991 44.5581154907 44.6152931422 44.638085636 45.131292765 45.0682100138 44.8769721828 44.6882789462 44.5608414386 44.678279078 45.0004733909 44.9502930023 44.9385476765 44.5554030776 44.7583567604 45.0936604838 45.050629324 44.5941576037 44.7794996843 45.001286477 45.1864375329 44.8837377653 44.8297172426 44.6416617622 44.7029319245 44.9011588828 45.0533402886 44.7301161483 45.0939906935 44.8682712507
0 0 0 0 0 0 0 0 68.8933493782 56.8406311105 56.8406311105 67.0373508753 0 0 0 0 0 0 0 0 0 0 44.5913847115 44.9454533854 44.9948278264 44.9273250036 45.0542204196 45.1338995225 45.1189740216 44.588368018 44.7557703431 44.7624720868 45.0742856059 44.5473454363 44.552877527 44.7393661491 45.2042824231 44.8909383756 45.1872928082 44.8638322464 45.1606518885 45.1915889307 45.0574092628 44.5524039086 44.5211275091 45.1612677303 44.6092992638 45.0602831959 44.8946951516 44.8533324739 44.875296408 45.1909962891 44.7410906879 44.8390812855 44.563209003 44.7977805961 45.0712311744
0 0 0 0 0 0 0 67.3651589034 0 0 68.8933493782 0 0 0 0 0 0 0 0 0 0 45.1757398482 44.5581456116 45.0720217276 44.6982587683 45.0725644407 44.8273801026 45.1751833138 44.5290633574 44.6687889326 45.0000692985 45.1126776463 45.0591424586 44.7921042937 44.613935433 44.5869309229 63.4744360118 71.5669864566 44.5827310953 44.7342020221 66.6682834894 44.910031694 44.5735382841 75.5941065452 44.8292464979 44.6458567379 45.1481565402 44.7129818923 44.7838718239 44.6695581902 44.6992626856 44.7432372524 44.5050884605 45.0806642123 45.1019827423 44.9525753667 45.1970770705
0 0 0 0 0 0 0 67.3651589034 67.3651589034 0 0 0 0 0 0 0 0 0 0 0 44.6204628054 45.0303140133 44.7480962362 44.8813460109 45.0323908727 44.7182643043 44.7553378267 44.559651005 44.5187345724 44.7859194975 45.0881858649 44.9854771865 45.1439817882 44.7582123646 81.3668052815 64.1028030592 65.9741544707 65.9741544707 57.839304832 66.6682834894 66.6682834894 65.084935598 65.084935598 44.9115932516 44.5421222305 54.7117140394 77.9653614224 66.2569402898 44.8134663944 44.7764529867 45.1608826732 44.5837896026 44.758855443 44.7666377191 45.1154127439 44.8769131623 44.5102022339
0 0 0 0 0 0 0 0 0 0 0 0 0 0 0 0 0 0 0 44.9530716318 45.1856827489 45.2037210964 44.5510994255 44.5054149467 44.9979064081 44.9385436346 44.7942658672 44.7338792509 45.1751571052 44.5957083224 45.1562915408 44.6883036659 44.506887385 44.7876792287 81.3668052815 64.1028030592 64.1028030592 57.839304832 57.839304832 66.6682834894 66.6682834894 65.084935598 65.084935598 75.5941065452 54.7117140394 54.7117140394 54.7117140394 77.9653614224 44.6053362157 45.0717059197 44.7902465706 44.9445606179 44.9040530042 44.5661389138 44.5457420055 44.9249368717 45.0135741732
0 0 0 0 0 0 0 0 0 0 0 0 0 0 0 0 0 0 0 0 45.153361993 44.539679213 44.9248902625 44.6001653556 44.7416107242 45.1601340715 45.1472504361 44.9948314168 44.775568705 44.7775694111 44.6498342792 44.5142615884 55.2827681355 55.2827681355 81.3668052815 64.1028030592 64.1028030592 44.9085756757 57.839304832 45.2004765316 66.6682834894 44.7387531598 45.2004523326 75.5941065452 45.0984045364 54.7117140394 77.9653614224 44.774987804 45.0651241712 44.9714221566 44.8540083443 44.7643593476 45.1057628635 44.6864088883 45.1044046275 59.9576019403 59.9576019403
