Spatial_Output/BAU/BAU_0412.asc
NCOLS 155
NROWS 192
XLLCORNER 196307.867259
YLLCORNER 449144.565805
CELLSIZE 33.573938
NODATA_VALUE NaN
[rows 50 to 74 of 192, columns 57 to 113 of 155]
32.6872998693 34.2045225453 34.8758141764 32.9863080896 32.2723014697 33.2172680055 32.1238133717 34.5078053425 34.0948293202 32.8620674997 34.7173478549 32.8028124723 31.5717694155 70.5390387655 70.5390387655 34.1851563978 31.5668994369 34.75242571 33.7858556675 31.8721350472 34.2032989073 32.5026571498 33.6212096827 33.0044336664 33.499700756 33.0728457876 33.3166787822 34.2059565356 34.4616196173 33.9820557774 33.3040324638 32.0068747565 33.1427260856 31.9606237571 31.7477908602 34.1061090248 34.6093180488 32.2551205748 33.7573448914 32.653887948 33.9560179096 31.9778399395 33.3157628401 32.2444382528 32.1167999314 34.3311318272 34.4364834876 33.3873643746 31.7060097426 32.7112378089 34.2756900651 33.5767540905 33.0930364995 32.990919187 32.0365249964 57.0964204113 60.0886951291
33.479138932 34.0882400033 34.8879605996 34.5448253795 34.3480977073 34.17370285 31.5605961565 31.6171333095 34.9467102054 33.7758239557 32.8479588274 32.1754497743 70.5390387655 70.5390387655 70.5390387655 32.6280118714 32.0257734322 33.5459309039 33.0099903367 34.0027670481 33.2030853646 33.9889188761 33.3347720923 31.8854014819 34.0051749884 33.8339263657 34.146525528 33.0889486485 34.0431230188 34.5749091359 34.7194215993 34.5607153629 32.6128787195 32.7802428891 33.6672216289 33.9098495009 33.6955814856 34.6185613241 33.7913270442 33.7498421428 33.4607648286 32.4498537137 32.7454506829 32.9702401987 32.1360933183 31.6919432406 35.0179933567 34.9472707576 32.0400189389 34.362588827 34.8368073519 59.2391512578 59.2391512578 59.2391512578 33.7495028501 32.2086925835 33.6617912304
48.5823545674 33.9524711719 32.9805396982 34.7107703342 34.3118995772 33.244794842 33.8195221603 32.698138297 33.5934183671 33.7373426358 31.6026050335 34.4393882484 70.0527225049 70.0527225049 70.0527225049 33.5677276503 34.2625516027 31.8847694247 33.4573804138 31.5405098601 31.7478974908 33.5068148355 31.7982618318 34.5080860492 32.6051121244 33.7216576198 34.1279697334 34.2339481429 32.3521939144 34.5411778653 34.5464579815 33.7876171384 33.215071866 32.0413130766 33.6434802461 33.9275049878 33.2882469015 33.4250103338 32.2029402252 33.7478814108 34.0862018989 33.0567523512 32.6678638489 31.9477656982 33.489355686 32.1567184634 32.3220099638 34.2999903404 33.3339394063 34.5861226371 49.6981931434 49.6981931434 49.6981931434 34.2075766927 74.4099717659 31.5427592088 56.9063607347
34.2367655512 34.5781349007 34.3709537674 32.5782122627 33.9485876063 33.3486306075 33.0409219482 31.579021264 33.1555366536 32.5060723642 33.3839980813 33.9138134451 47.4192631998 70.0527225049 70.0527225049 34.3178240549 34.9554597312 31.8621953093 32.5595981873 31.9777584169 33.0838964472 33.8436417593 32.0390401439 32.03559693 33.541877916 32.1284542589 33.7459877932 31.7377511068 34.8796987846 33.5700625192 31.669285968 33.5690840417 34.2003341896 34.0283256837 34.3806154074 34.7876525678 34.5323488549 33.2859598036 32.5867285274 33.3494601226 32.6456795974 31.8700905907 33.0686086981 34.6905026812 33.2734296605 33.9995985129 33.2559910095 33.5024987984 32.7759092807 32.274550595 49.6981931434 49.6981931434 49.6981931434 59.2391512578 34.2897026507 32.7869030708 33.0554715724
64.8630475842 32.1795475907 34.3801466155 33.0190562994 33.5397588681 34.2139720319 31.7455031891 34.9021518076 32.1612962995 33.2770543494 32.6573584711 33.3845887986 31.7438026297 57.8826649805 57.8826649805 34.7508726917 34.4387959889 31.8015429796 32.1695849361 33.7287279478 32.0894817272 34.8381076231 35.0200741176 34.7378523645 32.0178911743 32.9284820815 34.4900876302 34.8010270654 32.166286188 33.914774517 32.1375761406 33.0192375086 32.9048753701 32.3726068646 32.6342625763 32.8448070348 33.415726699 34.0228488965 31.5453447268 33.112695883 34.7515923879 32.7399445794 31.6272872125 34.121957744 34.546343554 32.762369343 34.4010831823 32.1757675716 34.4521675969 43.5635949626 43.5635949626 49.6981931434 49.6981931434 34.9911113606 32.779201588 32.2381792131 31.8594762233
64.8630475842 31.7362972168 33.4708594102 34.4425393826 34.9460736557 34.8941063026 33.6497460706 31.8998526768 31.6376682956 33.7213910657 32.4242213446 32.6576856336 60.6533687887 57.8826649805 57.8826649805 32.6776276329 32.0493854725 32.0815442613 32.5174321395 32.2508632774 34.7596703566 33.0235232339 31.7759950686 34.1347795215 33.4862057935 34.2433164297 33.8754182327 33.0413436238 32.5371576876 34.5583785697 33.4950577345 31.8746494791 31.7599222053 33.6303320906 32.5480727851 33.4501784252 32.7467356881 34.1600010881 31.5831356315 34.3106155861 33.0533237423 34.4340270744 33.4693463353 33.2354866137 31.5818609167 32.0723569029 34.4132750193 33.2921129771 49.9500825112 43.5635949626 43.5635949626 31.6346468919 33.5189468436 32.9129916874 34.0250102181 34.5425038137 42.7036755668
50.6008252919 50.6008252919 50.6008252919 34.2447571716 31.5077242307 34.8575118503 31.5379274958 33.6343613011 34.9056013035 32.8200548129 32.9259378759 33.0986943511 33.3040869046 79.2516366414 79.2516366414 33.969968018 33.6375432965 32.9732462385 33.2280907888 33.3311389593 34.9572715603 33.2746056618 32.102984638 32.470063925 34.7738494167 31.5506643542 33.7926157117 34.9960093476 32.9422177514 34.9609571116 33.9241241437 34.2175900068 34.8768238373 31.5176326857 32.8927341824 31.5174779855 34.1639286602 34.2111038831 33.4574235431 33.256084479 33.8362202041 32.4505454152 34.3015364653 31.5594654576 34.9999549958 33.2580600674 31.9011546159 64.9305411282 64.9305411282 32.0109330319 34.9398887589 34.6151957455 33.8918580805 31.70066039 33.7862630329 31.6533808711 31.5002468187
50.6008252919 50.6008252919 60.5126262573 33.2758824029 31.9372427841 33.1658513943 33.2294529113 31.7551644355 32.6425629914 34.5684120374 32.2864131826 33.8058761417 79.2516366414 79.2516366414 79.2516366414 32.2863026894 32.8391225374 33.708190303 34.523162947 32.9750711107 32.382110576 32.6829314086 31.6228915368 33.5498869804 34.0343614221 34.2564847583 33.6688532055 31.788515041 34.6509556365 32.6494804704 32.7264241655 32.1326081923 33.2623144566 32.3359225372 33.8393298128 32.2802454639 32.514790044 34.799891523 32.7783486167 32.9467990389 33.4152903565 34.3959351393 34.8820533414 32.793716593 33.2093933138 33.6312434459 62.2275505139 62.2275505139 60.6960998634 33.4523846536 31.9160661568 31.8747842212 34.6053669828 32.3923252614 31.9916496343 34.5477123052 56.1085033455
60.5126262573 60.5126262573 32.5347419545 33.1686436475 31.8881934038 33.8687856349 33.6133135046 31.8438216021 34.6589704455 33.8006520773 33.1932720037 31.5617092355 34.9642621231 34.9040774869 33.3247093662 34.0821112011 34.809174916 33.7111751971 32.9977629836 33.185044184 31.9730239702 32.4191920265 32.793988125 32.8756308121 32.8203353705 33.2664038833 32.4283383541 33.3377300264 31.5186819236 34.3321037715 32.3417533471 32.4746498407 33.4305094319 32.9516021024 34.0963397744 31.7664397734 33.0777920217 32.8183071658 31.8492979316 32.2761579624 32.4045274394 34.0219965791 34.3880372889 32.7583689563 33.8948939691 79.8099529547 79.8099529547 62.2275505139 62.2275505139 33.3124170854 32.8774045091 32.9793207169 34.569476532 31.7677466897 34.821054644 33.6207785795 32.8956289891
58.8823207545 58.8823207545 51.514478978 32.107149902 51.514478978 33.5038417271 32.1652887556 32.5124006939 33.1123046145 32.8459174972 31.6487185134 33.6129016397 31.7497359046 33.3345808375 31.6238697495 31.814892065 31.5942677873 32.1817146222 34.9311730124 33.4367920766 32.0146256722 31.6740194592 32.9120510191 31.6698783094 34.4654604077 32.7683789524 31.6252586407 32.1720195168 31.9935073141 32.2774254797 31.508235675 31.7527680081 32.8598942451 34.8875075067 31.7999280466 34.9308538888 35.0198076047 31.739500427 32.1399757085 34.7649130564 34.8614137735 34.2845827969 34.8793378112 33.4889567336 76.2738222822 79.8099529547 79.8099529547 79.8099529547 62.2275505139 32.1827879343 33.994361921 33.4711650944 31.6173368313 32.0192859795 32.1305305433 34.3734440728 33.7390430642
33.3220535753 33.3405039849 34.0512918503 33.3990882497 32.1456251398 31.8334374547 31.6527026298 34.3612890274 33.8265641041 34.3384155651 34.4985328327 32.2963785822 34.6709429672 34.4562798126 32.8356607802 32.3889497442 34.0830866095 34.3910540621 32.6318545789 34.5392325981 33.8830310364 32.1564884704 32.5171732828 34.0829236623 33.5788342739 33.1679115347 33.9029946806 34.374464167 34.0674462373 35.0175035196 31.8394062224 31.5324215178 32.8270249914 31.5505613264 34.8456981728 33.4144717992 34.8289528066 31.7832879056 32.0242512113 34.2804493407 32.5591361163 31.5994050525 32.9847076997 69.042576286 55.6018463001 55.6018463001 76.2738222822 79.8099529547 31.8353022074 34.3555419413 32.4666820778 34.3648333631 33.3325801356 33.2393105323 32.0963633742 32.8265478215 33.4634000849
34.3657858659 72.1351172006 31.6022768485 74.5766453212 74.5766453212 48.6985139238 32.8679118127 32.966731759 31.6864398223 34.9260744759 33.0387549602 33.8107677436 32.9590235346 34.0260532543 33.6127276659 33.3124859328 32.3803748754 32.8661931957 31.5991817532 33.9558545177 34.0453668653 34.2749094475 34.6161149958 33.7221972981 32.6163365156 32.634463446 32.1408293275 33.6676590319 33.6629837249 34.7119514492 33.752588216 34.6736478858 31.8413469131 33.7851901735 34.0226747778 34.8809153235 33.5304321458 32.8707012212 33.8964141486 33.8993310926 34.4086444214 31.8479224636 32.7781832583 69.042576286 69.042576286 55.6018463001 32.9555435115 34.6375741413 34.3142506785 34.5820696357 31.897134082 34.7955502785 32.0407057633 34.1242376776 33.7091624273 33.865395065 31.5418528297
72.1351172006 72.1351172006 43.9371232499 74.5766453212 74.5766453212 61.5535208948 33.894077115 34.6533607304 31.9520595214 34.3113925872 33.7065955473 32.2872517003 34.652710881 32.38973762 31.5167053277 31.916995622 32.6332965381 31.8983860462 33.2608739079 32.162663465 33.8994133108 32.2693396352 33.0725836441 34.1347020153 33.7042486393 34.2869620362 32.8718100911 32.226138353 34.570618633 34.1864031209 32.3061375954 34.8081916299 32.9636669893 33.3955703589 34.3063571093 33.227596757 34.3209147282 33.2726687028 33.5774175648 32.7311340621 34.295308007 33.7592494816 48.31200296 50.7618269727 69.042576286 69.042576286 34.6469932409 32.0905447899 31.7875470047 34.2337042477 31.9629727888 32.1701310645 33.7497498606 34.8839080867 33.6060385091 33.7299065738 34.2200652864
34.9931508269 33.6817708435 32.5753736795 66.735872599 61.5535208948 61.5535208948 34.4623974699 33.7863464291 33.7557790235 32.8578631251 34.4294476431 33.8463150865 33.7597156766 32.9444222817 34.8633408501 34.8038663993 33.8787905899 33.4534570501 32.2576594225 33.6254727343 34.0448375922 32.8246501636 34.4133680268 33.647915367 34.2262701621 34.2402813356 33.3836968439 33.003984286 32.9450557402 33.6461696132 33.6952140167 34.7558331628 32.0613739666 32.5002071122 31.6667756114 34.355008294 32.2238818616 33.506505825 34.7122273568 34.07663261 32.4957152718 33.709672136 50.7618269727 50.7618269727 50.7618269727 33.6097564608 32.5136081803 33.7785160563 32.9567509333 34.3469992998 34.3611093781 34.8470003637 34.4563261749 34.9637506217 32.5610431539 33.8804559015 31.7740391253
53.9362088327 53.9362088327 60.3961055302 45.4185167667 54.8002761825 71.4383575459 71.4383575459 71.4383575459 33.2461661871 32.5749921683 33.9493553784 31.7453985019 34.9642770016 34.8661284494 31.5632643392 34.3828376886 34.7941841094 32.3522578673 34.264257544 33.8765231673 34.3077768513 35.0132126154 34.53157421 32.3620021298 32.0483789383 32.6880839793 32.4153801731 34.3690423941 34.3506945261 32.6856763322 33.9886314446 33.1461397486 32.0408886326 33.1126226925 34.8050289998 34.237182853 31.6004265884 33.9990626527 34.1365588298 34.52215877 31.9344078121 32.4369315485 33.2617470788 60.7830333879 60.7830333879 32.9285386844 33.0026822767 34.8270491458 32.2430701908 34.8656803585 32.4637507897 32.5325371524 34.9295741504 32.4206866987 32.4945401211 34.4401187809 31.7002113299
53.9362088327 53.9362088327 60.3961055302 56.6556089128 56.6556089128 51.3006016355 71.4383575459 71.4383575459 32.2554683995 33.3953678557 32.8129895072 34.0298041915 33.3116090643 33.7790595458 32.5827914578 34.349124298 31.5225009604 32.0790216222 34.3350498201 33.9506631095 32.6412946333 34.9878217926 33.0009573738 34.7541005509 33.1002421772 31.5104353083 33.1996840111 34.2892856409 31.8809453932 34.7482666016 32.775174242 33.8169690244 32.4844377734 33.7251893648 33.4505801624 33.2299518826 34.2215708026 32.8432846163 33.6432092237 33.1032936256 32.9563392871 33.1216396751 60.7830333879 60.7830333879 60.7830333879 34.8330973177 35.0058338483 33.0841220595 34.0568456155 33.7466963177 34.6754110935 32.6720120059 32.9900052023 34.9471198715 32.9197301932 32.5330274792 34.5749918531
53.9362088327 53.9362088327 60.3961055302 56.6556089128 56.6556089128 53.2733517424 53.2733517424 47.9038187319 51.1882096842 68.1970784857 68.1970784857 76.5059593946 79.9798325786 32.4003437825 34.2360160698 76.1090501121 79.3296368548 53.9314319099 34.9513497629 32.3462324971 33.9194351986 58.5139008972 33.6050293792 73.928176721 33.6463607095 32.1692701946 34.9398526494 33.2809616744 31.7892437805 34.5481070116 34.898353352 31.7026033675 33.8092159092 34.6762337803 33.7516015681 32.4744675583 33.7427455446 32.9082785795 31.945466848 32.283066718 32.6910408869 33.6150049244 33.532931022 59.855503335 59.855503335 33.2138292745 32.4913411964 32.1497646455 33.2656403725 32.7366750506 34.6937692986 34.1945837889 33.7783362997 31.8364424258 34.6086851207 33.8796304492 34.6109826645
55.163870612 34.927554735 33.0326903503 72.5610569056 43.3072843869 47.3592427814 50.4214957329 47.9038187319 47.9038187319 68.1970784857 76.5059593946 76.5059593946 79.9798325786 79.9798325786 64.0359070573 76.1090501121 76.1090501121 53.9314319099 66.8598774903 66.599357287 58.5139008972 58.5139008972 73.928176721 57.936509312 57.936509312 34.3466416924 32.5847032144 32.4364718565 31.5096991351 34.6997207725 34.8653968827 32.2208794916 33.1395552505 34.8648347529 31.7860924379 33.4747899453 32.329770761 34.6593379544 32.824252734 32.8661767517 32.9500200297 31.6681776182 31.7450596353 60.1350847334 60.1350847334 60.1350847334 34.5753407291 32.1402313862 31.662387035 33.4136787356 32.8644081161 33.9356280059 31.732789829 31.895062787 31.5600934921 32.0411457049 32.2324197362
34.742219619 33.9864726298 33.2454400279 34.6054286999 47.3592427814 50.4214957329 50.4214957329 47.9038187319 53.9076690138 68.1970784857 68.1970784857 76.5059593946 79.9798325786 52.1529042209 52.1529042209 76.1090501121 76.1090501121 53.9314319099 66.8598774903 66.8598774903 32.6587068802 58.5139008972 32.5482951377 57.936509312 57.936509312 66.008442897 33.0779702854 34.2343032352 34.8314862759 34.4034735583 34.9021210852 32.7895148088 32.6267433284 33.710111725 33.3236027284 33.0880906846 31.6872792458 32.7232031138 33.831449643 32.473813778 34.3214250802 32.1685776682 32.8623422084 63.4097415106 63.4097415106 63.4097415106 33.5347702809 32.2454155602 33.4742756183 34.7852561946 34.8919308787 33.508396541 34.1568718385 32.4240769823 34.663724126 35.0344318789 32.2955490591
33.1795743568 33.3430261448 34.6275889954 34.2594983035 79.4970386949 50.4214957329 50.4214957329 79.4970386949 31.7801850694 32.6809243183 34.3750369813 34.1442883543 52.1529042209 52.1529042209 52.1529042209 33.1703895596 69.2440954264 59.8748137812 59.8748137812 59.8748137812 33.3936285502 32.5437646644 32.9740847434 50.5520972151 66.008442897 50.5520972151 34.4921834482 31.8378953966 31.6727640483 32.5068793754 32.2939110421 33.249006948 32.6463439061 31.9208569098 34.149021169 32.7549805114 31.6661284848 31.507299732 33.3057827851 34.8727361303 33.9148201674 33.8747987807 33.3142241465 63.4097415106 63.4097415106 54.5741577833 33.3682359056 34.8879251102 34.2007576555 33.3114814899 31.5410494049 33.7028967572 34.8725075603 31.7799652027 32.895041748 34.3658498097 34.9412377921
34.2317223193 32.6126194574 32.5533620645 32.6441209815 60.1690588067 60.1690588067 60.1690588067 60.1690588067 32.0515030157 34.313248914 33.7244328542 31.7233869801 34.0065102145 54.9138347314 54.9138347314 54.9138347314 55.0557630707 49.6180777255 49.6180777255 55.0557630707 32.5293519659 33.9980191033 34.3790147817 33.5987728685 50.5520972151 61.6908312688 32.1159154277 31.6997182741 32.7913878114 33.7067056728 34.6880482176 34.6214249647 32.6895520091 34.5073946728 33.9921126639 33.3135870166 34.8450505711 34.6507295998 31.7755332712 35.0122127806 32.9022904165 34.1361314486 33.6020876637 34.804040681 34.108846652 34.1608500304 32.93889649 34.9728182523 31.9804890794 34.9095147784 32.3538351852 32.2251805503 34.5341544474 31.9126761331 34.2697193678 33.8496417387 33.1249415228
35.0053547281 33.733419947 34.0598044119 32.0743224387 34.6533975963 71.2248515097 71.2248515097 71.2248515097 33.7920093324 33.5093882494 32.2385503899 32.8774898155 31.8919283814 54.9138347314 54.9138347314 61.8353608479 56.8682767929 49.6180777255 49.6180777255 56.8682767929 32.7400202381 32.4286796825 33.6484847892 32.3699003056 34.4197579429 70.3220291889 33.9227295669 31.9774770747 33.4403943635 31.6730433081 33.2926915692 34.7489540831 33.3225082833 31.8975641518 32.6656616215 33.6491312503 34.774569413 31.752083867 34.0556750257 34.4387902112 32.0327668634 34.0995571034 34.9322152802 32.6809271023 32.3814734019 32.0696539127 34.9359487953 32.5018363509 31.5134715208 32.2906069518 34.6143772217 32.7192366965 34.8007800766 34.2165000637 32.0047735577 32.9427001822 31.9741360076
59.7022716645 34.044455025 33.6091730893 34.3839505989 33.9385683522 71.2248515097 71.2248515097 71.2248515097 33.6996723373 32.1070943383 32.0259813575 31.5858845045 31.8686405594 32.6370473248 52.59472547 52.59472547 52.59472547 56.8682767929 56.8682767929 55.7164680055 33.0436342319 33.7980939567 33.9077081736 34.3168306415 34.7651066167 34.6773231731 32.1398166558 32.0883863308 63.8472456218 32.2550194952 32.7786717641 32.4993463693 34.7622901665 34.4173345292 32.2798801664 31.5578956974 32.0550285211 34.9470850172 33.1231403218 32.1641906976 34.6250710509 34.8116307899 34.7878949898 31.7344515056 34.4467990681 32.1512042964 34.5731333275 31.5415637703 31.6363537713 32.7987538925 33.9473930645 32.5148337317 32.6310500644 33.0355820405 34.5559068059 34.292118477 32.4099324947
54.4101395662 34.3854257466 34.2152280832 33.2189163905 33.0719578662 31.7720611443 33.4870565129 34.0163808108 34.698834581 33.3581376791 34.2439330816 32.5501855421 32.1296240091 33.839589204 52.59472547 52.59472547 49.3926892454 59.4420645156 59.4420645156 57.9763382894 63.5873954362 91.1827799365 48.544193041 48.544193041 65.8610639179 69.5085101145 69.5085101145 32.6608993323 63.8472456218 33.0141230933 52.1773905915 52.1773905915 34.2212448734 32.7545633383 34.8983526173 34.5801870281 32.3967145936 34.5698997315 32.3718043976 31.6474299404 31.7338452668 32.9625894915 33.7616053005 32.3760607768 34.4307810451 31.7499857715 33.1600249404 33.6791956683 33.0385035753 33.832306444 33.9499571475 33.4131745137 34.0518906314 34.1170297853 34.3411035302 33.6714963804 31.6190250139
60.4944401255 31.6022205951 34.3145614441 34.3903443509 32.7170580799 31.8576347236 32.3544613531 32.0461654016 32.4496594147 32.7432211138 32.8264243618 32.1678404613 31.8637072293 32.5288267131 31.7975177083 31.7540059468 32.7596820798 59.4420645156 59.4420645156 57.9763382894 57.9763382894 63.5873954362 48.544193041 65.8610639179 65.8610639179 65.8610639179 65.8610639179 63.8472456218 63.8472456218 32.5757176934 52.1773905915 34.2534245254 33.6923943845 34.6733734236 34.3167970029 33.1239243527 33.7318345906 33.9480099906 35.0163530135 31.6533802559 33.9346264485 31.9257972991 34.7060056876 31.6148761601 32.1071383246 32.8453734252 34.360905469 33.0862296106 34.226496263 33.051537558 31.6987191228 34.8979973512 33.8300102581 34.6157365302 34.9492810415 32.3613373458 33.9325451755
