Spatial_Output/BAU/BAU_0609.asc
NCOLS 155
NROWS 192
XLLCORNER 196769.923733
YLLCORNER 449719.875193
CELLSIZE 27.603701
NODATA_VALUE NaN
[rows 92 to 114 of 192, columns 0 to 52 of 155]
0 0 0 0 0 0 0 29.1592044454 28.3658933708 24.8854276355 29.0335845727 28.9877443384 28.3393081017 24.9494743539 26.0175915335 25.8728778142 26.7889481231 26.7974073636 25.0338566059 27.8651572079 24.5443759696 26.33708459 29.1672635232 27.5882780787 25.3134844702 25.9797474591 25.7605936215 26.9926557471 29.30853759 24.9618831194 28.474099178 27.4586564589 27.5463655159 27.1530466019 27.6482591016 27.327438647 29.0941312695 26.9958999334 27.9706939879 28.5700777454 28.89708304 49.3515146419 58.7303867549 49.3515146419 25.1960764318 26.56036256 27.5736501704 28.3203410757 28.4199735397 28.9344997632 24.5157216689 28.0900835051 25.2712959805
0 0 0 0 0 0 0 0 27.9913701135 28.1993864841 26.8308733417 28.607157698 29.1769847634 26.2472171628 25.4822622352 27.5197966265 29.1616829852 25.3813045667 24.9864026122 27.0127851904 27.4684540816 26.2020571765 26.7652141738 25.8360587564 25.594259104 25.6829732614 29.1270162919 28.7729102041 25.9133065649 25.2042528636 25.5237331477 25.0172617359 26.2516018547 25.5822781691 26.2770743266 24.6522953561 29.0583454526 27.1152541207 28.889410077 28.115543439 26.3840977855 58.7303867549 58.7303867549 58.7303867549 26.1620996679 25.8924730359 28.6985268424 26.0038418057 27.287354701 27.2790651312 25.22542995 28.0835254623 26.2004290302
0 0 0 0 0 0 0 0 0 0 28.3222969978 27.0946399497 28.1119612169 25.1395571037 27.9847287716 29.1517246565 28.4629348997 27.7392334171 24.6725015058 28.9909408175 25.1342639396 27.6791295961 25.2172048852 26.090218037 25.5796852258 27.5963310577 24.6798747857 28.5946939412 28.3538036461 24.6802545785 24.6741476352 28.1640109208 28.1387430231 28.233244781 27.2052793725 27.7432823717 24.6312794745 24.583223447 28.1029010481 25.6161876403 25.6951759261 25.3753052714 47.1224282076 29.1692938317 26.0573758319 26.5984956438 26.3898310874 26.5968685033 25.9100806035 25.7274820184 25.3133826721 25.6046629556 27.9577326497
0 0 0 0 0 0 0 0 0 0 28.950666643 24.5339213931 26.0449387868 26.1080670224 29.4121012914 27.6719463334 29.0416855532 26.6302461487 29.1113176847 26.8497246766 29.2302387791 25.3460560234 26.6373532798 28.5627105633 25.9338605854 27.7978553084 28.6693042312 29.1306013954 28.3350721697 26.4995198051 24.7459012833 26.9383302546 29.1728190306 28.7331207448 29.2008334766 25.802396238 29.3904358417 29.3526414369 24.7343414274 26.5990823993 24.5260101913 47.1224282076 47.1224282076 47.1224282076 70.4077042475 28.9757035093 24.6909426616 24.8296823101 25.6264147759 28.073087602 26.0587986238 27.1645605917 28.065633243
0 0 0 0 0 0 0 0 0 0 24.6867277935 28.8905671091 24.6662418766 29.4372842044 26.0683098802 25.7559139102 24.689823268 25.1344791623 24.6916709005 29.3270271734 25.64791505 25.2085372348 27.4081619081 26.6580576735 27.1244553609 27.9309342937 25.1525780598 24.5386927536 27.7605975938 24.5795856844 27.4126539319 26.8450849612 26.0668032621 27.5234337425 26.3363283127 24.7665591424 28.7346942592 25.8262217533 24.6349199179 29.4219913451 25.6353587049 42.7100268905 47.1224282076 62.9131417679 62.9131417679 70.4077042475 29.0618051175 28.0439880433 26.3555826014 28.0614348164 26.3432345777 29.3801763941 28.2585202255
0 0 0 0 0 0 0 0 26.40453304 27.020824555 25.9712068967 28.1386285943 25.6113657104 25.4949983984 25.6550090366 27.0069966298 27.3586073338 26.9377392253 25.9975799536 27.8716596999 27.6371453926 28.9201802729 26.7279609649 27.1188637695 27.4336678949 28.8552239002 26.9390741654 28.3976910934 28.8417925359 50.45036598 52.4515081437 25.5479909565 29.2252851533 45.2610694291 28.646913315 27.5742964963 45.733375734 28.6388307464 27.6353858994 28.4194522207 28.4875968221 28.7231142226 42.7100268905 62.9131417679 62.9131417679 26.2066949293 51.0948136973 51.0948136973 52.9493916444 50.0790873172 50.0790873172 50.0790873172 50.0790873172
0 0 0 0 0 0 0 26.7110583685 27.7282157961 26.9218402449 28.4891328145 29.0597657121 26.3107423726 25.2998412712 25.809398492 25.4348044602 24.8359748079 25.9577522869 25.7693365429 29.0855363391 28.5924943563 27.0624664261 27.0484298259 27.3220684541 26.5471698791 26.7713656948 25.8613077532 24.5683225195 27.9901626863 52.4515081437 52.4515081437 52.4515081437 45.2610694291 45.2610694291 25.8675302065 45.733375734 45.733375734 28.5218810218 24.9089147406 56.0085902528 56.0085902528 52.8024858381 52.8024858381 54.5521586242 54.5521586242 72.8583694213 51.0948136973 51.0948136973 52.9493916444 52.9493916444 50.0790873172 50.0790873172 60.503443548
0 0 0 0 0 0 0 28.085548025 27.6046263249 27.9084218122 28.0242441995 26.5737319676 24.8909847201 26.7993690821 26.5898777854 25.8899953879 27.4524104174 27.3146498084 26.4283811302 25.0836845184 25.0657470416 27.8507140341 25.6448682954 27.4389065332 25.5874723199 25.8107909493 25.2490909679 28.4527065563 27.2004370749 25.557647744 52.4515081437 52.4515081437 25.7742677319 25.959665713 27.9882988571 27.7307748244 29.3321940436 24.9386536556 27.2005327053 56.0085902528 56.0085902528 48.9247336991 52.8024858381 54.5521586242 54.5521586242 25.8849834912 51.0948136973 51.0948136973 52.9493916444 47.7249047258 57.2934513028 60.503443548 58.9248634967
0 0 0 0 0 0 0 0 26.2007713554 24.5830399228 25.1997346587 28.4745466837 27.8813981113 28.2743264537 29.435366832 25.7151496724 26.5886235511 27.1995991448 29.0564627659 27.2706855445 29.300516191 28.9248953867 25.8589432387 28.5434394046 25.8406356422 29.3078591309 27.4545148358 27.0373390543 25.0395557931 27.0695414924 24.7717893216 26.3974944651 28.480905947 28.8937632646 25.7865267064 26.5108809033 24.7531119897 26.6302810776 28.0739513899 27.2509163525 26.5140785644 28.6691084994 48.9247336991 24.5174163807 26.9368458024 27.0309754921 27.2211772994 25.2602794497 29.2610726182 27.7409485496 69.3888838769 69.3888838769 25.0677624686
0 0 0 0 0 0 0 0 0 26.5844278288 27.4319635282 25.8244638804 25.5412947044 28.8171525705 25.8349956671 24.8934752892 26.2923588641 26.8390570584 27.9155318512 29.3023978444 27.8394368938 28.3430788914 26.415149345 28.5885728703 25.1491461278 26.291300349 28.2649134903 26.3261014562 27.5435428132 26.7982019756 26.1227633306 25.8316876898 24.9972385049 24.9692180173 29.3670020348 29.3849880503 24.8120089211 27.2896084348 27.4955381069 25.5001085397 25.186510404 26.4613846236 26.9709237397 46.9814650985 68.7587590487 27.3440181127 29.2865317649 27.1997262409 26.5745082357 52.5497861272 52.5497861272 52.5497861272 27.9070579377
0 0 0 0 0 0 0 0 0 0 0 24.7538973178 25.4773478576 27.8043853609 27.1823695932 24.5011088596 26.4444044627 28.3039434842 28.3130678284 25.3947420269 29.2711638466 24.7812273817 27.6866957191 28.6975316994 26.7995300067 27.3487519269 25.0170914273 27.3984786454 24.7946655383 28.0803224145 25.5136671062 27.473095493 25.4917013985 29.0327520039 29.1467275683 27.6604029006 25.9801769833 26.2887355487 26.1698704892 28.9290061642 28.8308643764 28.2358276262 46.9814650985 46.9814650985 46.9814650985 25.3099528033 25.516673722 25.0916254192 25.810396935 28.5430501372 52.5497861272 52.5497861272 27.8897958554
0 0 0 0 0 0 0 0 0 0 0 0 0 0 29.1576681112 26.7951843451 27.8152511744 28.5098438981 25.2905664099 28.3110783585 25.0824471634 27.1429722596 26.2739516831 25.2252235834 24.632716302 27.7145244724 26.370619353 29.2559741876 26.8879162595 27.2217513719 24.8668707885 25.4206946108 25.7722271516 28.2869768332 26.0186333593 25.2195010216 27.2848355317 28.7380809832 24.8999050921 24.9462562889 26.6376626702 28.1897828988 25.5876313606 26.3733114292 25.3057789838 25.7981760839 25.556010994 26.0689545273 27.7259555633 25.2581038996 28.4305994733 24.8690898636 24.9454648405
0 0 0 0 0 0 0 0 0 0 0 0 0 0 0 26.2948585065 26.3715650557 25.3119791276 25.6472626518 28.9292124998 25.3815595046 28.9646063439 26.5547701717 24.6600975925 27.1665952087 28.831967822 28.0696178089 26.4568577158 28.0636528985 28.225698578 29.1439021514 28.6214479204 27.1234264647 25.1352363307 27.3591704676 29.3080022384 25.1435971828 25.9976224854 25.486250238 25.4638783131 24.7711243336 25.6948001595 24.9602942673 38.1847972135 28.4461586417 26.587885678 26.4966078434 29.3436550022 25.3011632736 26.7366148315 51.864397253 26.7418206822 25.9746629723
0 0 0 0 0 0 0 0 0 0 0 0 0 0 0 24.9349179597 26.4269619261 68.42067165 68.42067165 27.214554893 29.1227705206 24.5206685998 28.6344918386 28.1693790618 24.6640015125 28.6695320659 27.3972611312 25.2830888441 28.5209432943 28.1135824314 25.773890614 27.5512134807 25.93079688 27.4918701309 25.4182046852 25.5055870884 28.0142942725 25.4945583284 24.8897675134 28.6605679003 29.0858028079 25.0676373766 38.1847972135 38.1847972135 38.1847972135 28.754062143 25.7906147408 25.2094027873 26.895515207 29.0829744339 27.6788886478 26.5402680004 28.3358143876
0 0 0 0 0 0 0 0 0 0 0 0 0 0 0 0 26.7458594898 68.42067165 68.42067165 68.42067165 29.3946158744 27.998114775 25.613513467 28.6931562695 25.7234517615 26.48807402 24.5199929543 27.1662413748 25.6602028046 25.0111434259 26.4410282507 26.851419383 29.0654873539 26.5808387302 25.9468827479 27.5130676209 25.8464505137 24.7128034996 25.3972507121 24.8570019054 27.8408510639 24.5857209365 27.3102225623 38.1847972135 25.6233253589 25.5044374597 27.6824907312 28.8797579136 28.2495986162 28.5190544419 26.426038457 25.1169132227 24.604471594
0 0 0 0 0 0 0 0 0 0 0 0 0 0 0 38.1259866233 47.0102618079 40.010169339 24.6344591945 27.9513083623 28.0605316438 28.7427134312 24.7229461561 28.0823503084 25.5422284698 25.2525735944 28.9372127127 29.0987464204 27.4101413907 24.6177310918 24.8903466975 27.6317715677 24.7669422636 26.8813411663 27.7409086783 28.1196289315 25.0064265353 28.0846012592 28.9731485001 28.4970083587 27.4002672163 26.7264877276 45.8029066535 25.3373956253 45.8029066535 29.3520901482 25.3600497404 28.7552766762 26.4469816679 27.5603131181 24.8200080534 25.2655463642 27.9618211216
0 0 0 0 0 0 0 0 0 0 0 0 0 0 74.3448679699 37.5873651111 49.6055315515 41.0686515812 28.5151538439 24.6431483776 25.0209653076 28.1775171442 26.694271703 28.0302563442 24.7921289385 25.6143088158 27.4631138761 28.5511783865 24.593011102 25.2639504904 24.6205681459 28.3368649462 25.5093307282 26.1690894083 29.0193367858 25.4510818159 27.121440221 26.9359503613 26.8900608131 27.6347181589 24.871717639 28.901309681 24.7817779974 45.8029066535 24.6453932231 28.6416573961 24.7279724705 25.7745314302 26.9671566085 27.6691249645 26.5167599665 48.9269055761 27.3145570745
0 0 0 0 0 0 0 0 0 0 0 0 0 0 57.6235635843 41.6054987093 38.9040775408 38.1165316967 26.9648907174 28.271117002 26.6149816011 26.1220629703 28.395117044 25.9305605459 27.1329391292 24.9475047056 29.1797078944 27.6397614358 28.2535696305 28.4235970446 26.9543923747 27.6239243255 28.8843030651 27.2226556814 25.6163047252 26.6059454637 27.5940179876 26.1463670062 28.4543447262 25.0945911672 25.4475131204 26.4057494803 25.0420506032 41.200513131 41.200513131 25.4628877963 26.3421776883 28.7090838943 27.5242118791 26.1503068012 43.7333709028 25.8050101848 27.5915174501
0 0 0 0 0 0 0 0 0 0 0 0 0 0 0 57.6235635843 57.6235635843 27.2264973772 28.3640309518 24.8236108213 27.6112182841 27.7348051778 27.1726672394 28.4348448025 28.2666861008 26.9884405849 29.1836007455 28.2723030765 27.8612451448 27.1078005893 24.6935579356 24.9180183484 27.5245326267 26.4763800736 25.1186373694 26.6688772279 24.934478206 29.4116492016 27.6272042549 27.650362368 27.9412383664 28.247018178 53.5732231243 41.200513131 41.200513131 53.5732231243 25.9979996127 29.3117461083 28.0629745304 25.3272658464 43.7333709028 27.4227732393 24.867840799
0 0 0 0 0 0 0 0 0 0 0 0 0 0 0 0 0 24.6853455437 25.5337660312 27.4373694515 28.3293539552 24.6200428129 24.5668539652 25.9931465798 27.4650181588 28.7478336174 25.2366279404 27.7782275108 24.9369114155 27.7938606943 25.6278959359 24.9756148451 25.3599520304 28.6995194865 28.9606665324 25.8073631123 26.3878091341 29.2824778883 25.6444912371 26.8670481896 26.7096618735 27.0532629662 26.5765163609 53.5732231243 53.5732231243 28.7975010775 27.1928142417 28.2939424117 28.2635742271 24.8645457392 48.9085625278 43.7333709028 26.6186771578
0 0 0 0 0 0 0 0 0 0 0 0 0 0 0 0 0 0 24.8843553595 26.1556045444 25.424492348 29.1121071699 24.7058212232 28.3213406781 25.2062501294 26.8454212003 28.9341263319 27.8229485612 25.0666559748 26.6145064303 25.9801510119 28.4160565996 25.8354913483 25.9745719788 25.1588310992 24.6843193451 28.8247973008 25.008902214 26.6019036149 29.1721850918 27.9273536311 27.8655152823 29.2653528723 56.7909382545 54.1363446771 54.1363446771 27.5377371088 28.1975177839 24.5707444641 48.9085625278 48.9085625278 48.9085625278 27.7753317867
0 0 0 0 0 0 0 0 0 0 0 0 0 0 0 0 0 0 26.2453711142 29.0542689437 27.1058914606 28.8764079973 26.9564438854 25.8353864078 25.3634835186 27.1333609628 26.5919624074 26.0443967252 27.6485608422 26.9106220064 25.0974125635 28.9163281422 27.6086698462 27.0952115513 24.6326193095 26.5460429524 24.5171100401 26.5919651629 26.170156602 27.4380085917 28.1216499619 24.9841051421 28.1994254334 54.1363446771 54.1363446771 25.6566001637 29.2370694189 28.9357949537 28.571167019 25.4344595905 60.0043696218 25.5731874505 29.0137535765
0 0 0 0 0 0 0 0 0 0 0 0 0 0 0 0 0 0 0 25.8803121525 29.3217822857 25.5296150639 26.4980761179 27.7460900691 26.9993137613 26.7193795409 27.986385543 29.2931574238 26.7470714793 24.5738383933 25.3987638408 25.8812165766 27.7616902395 25.6702220854 26.6309417993 28.0782679912 25.6453371163 25.4545447655 24.5929542024 28.938655802 26.4178363567 27.0899108307 27.179910179 19.8476077552 19.8476077552 29.0144952867 24.7140366726 26.8235389854 25.3651648527 60.0043696218 25.4445013688 60.0043696218 27.4714003298
