Spatial_Output/BAU/BAU_0142.asc
NCOLS 155
NROWS 192
XLLCORNER 196769.923733
YLLCORNER 449719.875193
CELLSIZE 27.603701
NODATA_VALUE NaN
[rows 115 to 137 of 192, columns 53 to 105 of 155]
44.6782037188 44.9378595011 45.2037340942 44.7375572585 44.961427164 45.1128763001 45.0563592133 44.8992269077 44.8889976906 45.16344134 44.9799000041 44.8191907848 44.7322958497 44.6227955341 44.8763600572 44.8250777841 85.3816764516 85.3816764516 70.8508003369 70.8508003369 44.6549317466 68.2705004452 77.212547447 45.0120409093 63.0897153623 45.1980329338 44.8611142406 44.8899952774 44.5245567564 44.7806773574 44.5307852069 44.6825235471 75.0546590705 44.6204260104 45.143797691 44.5586411622 63.5468685971 44.5564144594 44.5210211035 61.9768253846 62.5422291364 44.6402349208 44.9630550958 44.8793405888 44.99057697 44.80164326 44.5540399613 45.0890909963 44.8721596358 44.8503141317 44.6029518096 45.2026596304 44.9045035661
45.1228511784 44.5959554414 44.5410216351 45.1117686655 44.6729645164 45.0162838465 44.6663029107 45.1098796544 45.0699935338 45.1157985095 45.0403187051 44.8704786326 44.8000341229 44.7338225513 44.8731945357 45.1815550599 45.1933583653 44.9041361315 44.7292269964 70.8508003369 45.0648773629 44.6651353221 44.8947924746 61.5746538972 61.5746538972 61.5746538972 45.1324444562 44.6279308756 44.5935697998 45.1142352566 44.6924169389 75.0546590705 75.0546590705 44.5728856079 44.8368237473 44.6046562178 44.9358048428 44.6264690109 44.7217153694 62.5422291364 62.5422291364 62.5422291364 44.6468790791 44.8364857889 45.1732508987 44.7341576251 45.1239065614 44.6564885565 45.1755381768 44.7312303872 44.747998051 44.5507796998 45.1946735106
45.0448818327 44.6824501341 44.7975692232 44.9666351116 44.8665326508 44.6825203212 44.5292743694 45.0113157342 55.3704922501 55.3704922501 44.5256128095 44.9414343839 44.5099933512 44.8041269656 44.6313923968 44.6560911762 45.1892616105 44.6716545336 44.6017122983 44.8263937939 44.8951216122 45.1499960891 45.1640632108 61.5746538972 61.5746538972 45.1083254939 44.9796139205 44.8420596141 44.8503810445 44.8226132856 44.9592108106 45.1806177927 44.516985042 44.8060010199 44.6467230138 44.9005544746 45.1881888461 45.105308619 44.7611721335 45.0823636053 62.5422291364 44.5885243341 56.1931120942 45.0736179789 45.0519479768 44.6152077608 44.7502598205 45.0674217809 44.7067144879 44.5983763594 45.199349262 45.0426709034 44.8701147197
45.0160543119 44.6940042832 45.0862991017 44.9878623642 44.8030586858 44.5116487554 45.166080649 45.1975670976 45.1363854802 53.9194372192 44.8765120072 44.7481649411 44.8497029855 44.5803931762 44.6529687664 44.6441253956 45.1445982297 44.6101874968 45.1415371951 44.636719343 44.9782617032 45.0732944926 45.1584400075 67.9244177898 67.9244177898 44.9163979008 45.1133463401 45.1207075143 45.1228694101 44.6898036042 44.5754931595 44.7598772627 45.1101600062 45.1265737379 44.8455986354 44.5701154702 44.5788890333 44.5761017255 44.910719773 45.0682466315 67.5456151609 67.5456151609 44.8127622019 44.5829159641 44.5803551762 44.9887097065 44.7278799 45.1503880914 44.9661394657 44.8937061213 44.9084279774 44.669508143 45.1872569596
44.5198871168 44.5996610957 44.5165771372 44.7435471548 45.1384749417 44.5119995599 44.839964327 53.9194372192 44.554026128 45.1386971614 44.8211906886 45.0125338349 44.9465030835 44.8652775001 45.1817733776 45.0187715334 44.7437348391 45.1729569927 44.7654136173 44.6533251665 45.1641875499 44.6664718561 45.0554238865 67.9244177898 67.9244177898 67.9244177898 45.1812582117 45.1123177438 62.586864501 76.2487577807 76.3173344992 45.184049046 65.5474452626 65.5474452626 71.0416272223 63.109849591 44.6747810498 44.7843024416 44.8978678428 67.5456151609 67.5456151609 67.5456151609 44.9649786254 44.6696220014 44.8078952005 44.8131556133 44.7086325711 44.7863296439 44.8351552333 45.1118714518 44.9931801115 44.8033626015 44.8352939627
45.1198162784 44.9421526602 44.9120867274 45.1529765507 44.725088624 45.1699181615 45.0295514816 44.7485517061 44.9746548684 44.6336862797 44.6549750414 45.0233394553 45.1438173132 44.9394316986 44.9936204361 44.7509724175 44.82492401 45.1888997699 45.0987728182 45.1124432401 44.8452085916 44.9214059511 45.2027231167 58.8542350262 44.7704469642 77.5215568258 77.5215568258 62.586864501 62.586864501 76.3173344992 76.3173344992 76.3173344992 65.5474452626 65.5474452626 63.109849591 63.109849591 57.3138608301 67.055956291 54.2245032601 44.9832948379 44.878030469 45.1788300121 44.6620399922 45.0993182367 45.1990768451 45.1456417104 44.7830802285 44.8923067373 44.7178593002 44.6071067373 44.9060344112 44.706104433 44.7618812113
44.7066968337 45.0572254058 44.8976626134 44.8916886793 45.2065640505 44.842646452 44.5580396981 44.5360973496 44.553440156 44.7017504831 44.5888358569 44.9008465328 45.1053125123 44.5446910144 44.7309944812 44.9121684175 44.9195658576 44.676545656 45.1870844169 44.8537826811 44.5572191021 44.7059363047 44.5794862551 79.328045749 45.0709608912 44.5809228439 44.963554764 62.586864501 62.586864501 44.8823564021 44.5051874094 59.0751011063 65.5474452626 71.0416272223 63.109849591 63.109849591 63.109849591 44.8487158316 54.2245032601 54.2245032601 62.2646447777 45.0420986726 55.9825701039 44.5618944988 44.952363024 45.1191689005 68.9260252685 45.1251201228 62.2629822831 45.2031401312 44.6199534872 44.8066630891 73.7916070314
76.2106831128 44.6622015353 45.1249454844 44.732368478 45.2041814599 45.0420588291 44.9549519495 44.7394858979 44.8652878915 45.0224753317 44.9823937063 44.8486637193 45.0654627655 44.6247097186 45.16427337 44.5272761919 44.9083505047 44.7540511789 44.9605771667 44.5724772584 44.9706804437 45.1536126006 45.1171983831 63.2667145875 67.5187472318 67.5187472318 77.5215568258 44.950437218 44.8237115142 44.8537228932 45.1400029605 44.8963448019 44.5050906505 44.7809953811 63.109849591 57.3138608301 76.4723674066 45.0335202792 54.2245032601 54.2245032601 64.7560853359 64.7560853359 64.7560853359 44.805041004 86.7710620685 44.7156287054 68.9260252685 62.2629822831 62.2629822831 79.5855819601 45.1899618707 73.7916070314 73.7916070314
76.2106831128 76.2106831128 44.8462112366 45.1843554078 45.04376929 44.6426214749 44.6591042037 44.9222716242 44.8673612226 44.6369841862 44.7678656546 45.0809368434 44.9773541906 44.7485266699 45.1570362535 44.7639685499 44.7276993574 44.7949112676 45.13491753 44.5120143139 44.7225706838 45.0131231279 44.965220856 44.578837918 45.0284190225 44.5373053262 71.9501851386 45.1443983646 44.7006622148 44.9053215769 44.8504368824 44.984838052 44.6503042316 45.0630813894 44.6172081641 45.0144572312 44.9683182756 44.8776290845 54.2245032601 44.7777674417 64.7560853359 64.7560853359 64.8907567689 44.6770556111 44.9605949176 68.5522932476 68.9260252685 68.9234018674 62.2629822831 44.8824894215 44.548848314 44.9532082889 73.7916070314
44.7355154608 44.779198877 45.1508635686 44.644181084 44.8722055367 45.1512680515 44.5083487344 45.0704938578 44.7546659797 44.7460136063 44.8765972428 45.1668296574 44.9195307609 44.8045214271 44.6121197232 44.515781556 44.9798016619 44.8831611813 45.1285157024 45.1978236609 45.0084183777 44.7976402878 45.1589898294 45.0312373558 45.1151369227 87.5573332498 87.5573332498 87.5573332498 44.6583594219 44.6559747591 44.9242804421 44.6676499837 44.7171388582 44.781644204 44.8354474276 45.0520536419 44.8870909985 44.9987281789 45.1035968331 44.6980489364 45.1011207868 64.7560853359 44.5802834495 44.6626010496 44.7279410736 45.0365392805 45.1394340143 45.0278935827 44.5078624737 44.728493037 44.847353931 44.5345257136 44.8841225195
45.1351644235 44.8805799718 44.7033829329 44.5636031576 44.6591146573 44.8277230603 44.578509853 44.741281751 45.1658098691 44.737153802 44.5609227531 44.5104808168 44.524803872 44.533544727 44.5580442865 44.7363343231 45.0292296488 44.9260686315 45.0453977637 44.7018589661 44.8972906371 44.5693358381 45.1207153108 44.6323090003 45.1785886985 87.5573332498 87.5573332498 78.5796880099 78.5796880099 45.1017333608 45.0313475721 44.9980429258 44.8242214783 44.8588149217 44.9843105172 45.0910916439 44.9172528379 44.9127610413 44.738176871 44.9783572381 44.5454850594 52.6888221212 44.5561929664 44.8895353315 44.8537299094 44.8605405979 45.2026014766 45.18875573 44.7412396937 45.0799568739 45.1103557321 44.9890223914 44.8333678701
44.8587360461 44.7857140869 45.0805551761 45.1258864939 44.9178540801 45.0670772503 45.1624690909 44.9373147894 44.8336340073 44.5628317497 44.8794632077 44.989212541 44.656240787 44.7124083111 44.5659748611 44.6980020823 44.7885829364 45.0370973003 45.1927223375 45.0301167591 45.0635737711 44.7087374855 45.1442974105 45.1222165537 45.0476056205 78.5796880099 78.5796880099 78.5796880099 50.7689819031 44.7854869259 45.1098704115 44.502590876 44.8863160049 44.7382232531 45.0320734727 44.6374758188 44.7443659734 44.8080481392 45.0555387926 45.1332743511 52.6888221212 52.6888221212 52.6888221212 44.9131269322 44.6718929591 44.749657951 45.2018423116 45.0546447374 44.8526970882 44.5304210679 44.7118998254 44.5671129496 44.6166222133
45.0238177002 44.664038259 45.0658848586 44.6611831502 44.5354386256 44.9534797922 44.8519692461 45.119731723 44.8913147238 44.7330197537 45.0751190523 45.0261994181 45.1930620704 45.0152705342 44.7167174156 44.8172956421 44.961531196 44.7072729531 44.7889487077 45.0528556228 44.9049609707 44.7268242203 45.1017492732 44.7617995376 45.0381855367 44.8829406144 50.7689819031 64.6460289716 44.9013989115 44.8714886779 44.6588646397 45.0360038787 44.6602089323 44.8474865219 44.6667150748 44.5889105603 44.5593164087 44.9653662077 44.7747957099 45.1519113474 45.1480629466 52.6888221212 56.3694654049 45.0956508958 45.127644598 44.8359391658 44.5289904834 44.7303502782 44.9553530568 45.1995740226 45.0107576832 44.6327822238 44.520665637
44.7180524288 78.4970220605 45.1160197421 44.61779083 45.02973509 44.9900188911 45.1399091716 44.5539729473 44.9894577706 45.1282269232 44.687141498 44.6185989498 45.0389839388 44.8391308954 44.7691340891 44.7189483921 45.1052396288 44.8094872011 45.1185466278 45.1460656913 44.6280548877 44.7792138353 44.725103919 45.080506979 45.1229070699 44.931222419 44.7961825957 64.6460289716 64.6460289716 64.6460289716 45.1633010042 44.8560575251 44.7267753494 44.8879716413 44.8219500332 44.7088815546 44.5580277184 45.1657140267 44.557721134 45.1616439169 56.3694654049 56.3164169243 56.3164169243 44.8396145033 45.0368248286 44.9854003239 45.1967814595 45.130775014 44.7087617692 45.2024220555 44.7451380874 44.6349468031 44.656409847
45.1358621702 78.4970220605 78.4970220605 45.0412868723 44.654448703 45.0055568226 45.0119453268 44.6683687222 44.9167269352 44.572751838 44.6052547945 45.0664741891 44.9065028821 45.1617951901 44.9582843744 44.7537381034 44.7071171628 44.8966960673 45.1121847608 45.0412459158 44.5098663081 44.681951252 44.6246795237 45.1230083265 45.095487605 44.9747821135 45.0860731613 64.6460289716 64.6460289716 44.7937936426 45.1136483321 45.146094526 45.1971088024 44.6004779305 45.2003167161 44.9621400112 45.0664787155 45.1023078193 44.5615826676 44.8115245007 71.9279679177 56.3164169243 56.3164169243 71.9279679177 44.6721477026 45.0941376415 44.9063160124 44.5370580925 45.0623889874 44.5614642171 45.1927508527 45.046836755 45.0519468674
44.6434598797 44.7497690521 44.5575564063 44.5781219589 44.8584146356 44.5360478825 44.5063942645 44.7336725152 44.9029313792 44.7188149787 45.0592765806 44.5615186384 44.6805117327 44.9384509307 44.7415680964 44.6557322813 45.1735973209 44.5799454964 44.8504229838 45.1315665269 44.7059809233 44.7793347095 44.7261376478 44.6092724036 45.0383819172 44.8153255689 44.6916376445 44.9590645704 44.5505998367 44.8628661493 44.7242616103 44.6817004421 44.9941197541 44.608438166 44.8660786977 44.5647120471 44.8481999766 44.9532861633 45.1434457514 44.9862560411 67.3452013484 44.7924559828 45.1765288887 67.3452013484 44.5673545044 44.5478486022 45.0697343342 45.1098676083 45.1001573184 44.5580812666 44.6798594795 44.6488862451 44.8266627783
44.691458658 44.7561814868 44.7444157532 44.8676833674 44.9614889838 54.8685486863 45.1307730756 44.9223892086 45.0201508343 44.5481323354 44.7778629488 44.8305111749 44.6709204822 45.0757015742 45.0920043167 44.7427263102 44.6292851114 44.6632104447 45.0210316895 44.9469559253 44.8335083206 45.0744811279 45.0328277423 44.8049565739 44.5157615391 45.1946027358 44.6444190377 44.5848552936 44.6981476043 44.6020217376 44.7255581904 45.191814415 44.9661899464 44.9426826098 44.6287405715 45.0845079425 44.7448747657 44.7665636355 45.1595167086 45.1563263927 60.9679278821 60.9679278821 60.9679278821 60.9679278821 44.5171135819 44.5115908227 44.7276936368 44.6604528841 44.8625887282 45.183206514 44.8858737453 64.4413272234 44.6933670688
45.1529526883 44.7551967106 44.5856628299 45.1824881651 93.5513719015 93.5513719015 44.5377006696 44.6055880117 44.7832513362 45.1595817256 45.1475116272 44.6116609109 45.0308120942 45.0796823895 44.8333057946 44.9484526275 45.0468437772 44.8500036914 44.7953561921 44.6431654376 44.9847203726 45.0122809692 44.9211637951 44.8870956198 44.9748927563 44.9062058575 44.8470573113 44.518790338 45.0082320105 44.8902279393 44.676230468 45.1924039445 44.8857136768 44.5916993317 45.0770326307 44.5433838144 44.7442228338 44.7513269918 44.8942004888 45.1987963081 44.6136479614 45.0812826664 60.9679278821 44.8756510908 44.8523713639 44.7991454147 44.7582157634 68.8335016 45.0866396993 77.8906042716 77.8906042716 64.4413272234 64.4413272234
44.7553925674 44.5647748981 44.5782013328 93.5513719015 93.5513719015 93.5513719015 44.8058052146 44.6641508806 45.0452732031 45.0364881466 44.8844484367 45.1043314372 44.8757189794 44.8468982107 44.7581734593 44.9844477201 44.8334323706 45.0841238025 44.9166519055 44.8688162801 45.1350293104 44.6925128748 45.1159731528 44.7587956804 45.0323183361 44.8755648873 44.9854377143 45.0734768129 68.4680582458 65.2090543163 54.4483112469 73.6222398803 56.3962220065 49.4607984275 44.7595733797 44.9425129383 45.1151876492 44.7096222733 44.9772004166 45.1285180007 44.9712018044 44.751176699 44.7701322097 44.7990485667 44.6153251247 44.7164132961 44.9971552528 68.8335016 68.8335016 77.8906042716 77.8906042716 64.4413272234 64.4413272234
45.0480858672 45.0280473965 44.6617406658 61.9436582105 57.4334885402 61.9436582105 68.111397079 44.832161666 44.5954154282 44.8305938442 44.8669162855 44.627687587 44.9413566902 44.7194034213 44.6229455194 44.5978479282 44.7762190967 44.7346716436 75.369527516 55.6859560863 44.8802090595 44.6734382876 44.5567840758 73.6422054039 44.7728010828 78.7619186423 44.5862786385 68.4680582458 68.4680582458 57.8439705402 54.4483112469 56.3962220065 56.3962220065 56.3962220065 80.512964701 80.512964701 77.2260547391 76.7489129664 76.7489129664 65.1044086884 65.1044086884 60.6242619394 56.6030787537 45.1932469396 45.1353719701 45.1072021628 44.6945354613 68.8335016 68.8335016 59.5869728032 77.8906042716 56.1857507813 44.9372043457
44.8312764132 44.7699959135 45.1339234894 45.0566649292 44.7297429852 44.9234973791 45.0287461754 44.6393497106 64.7598097514 44.7862709233 79.165814974 44.8374175788 78.5986957471 88.2564771102 44.7583616919 44.6343579052 44.6655150314 45.1823162525 75.369527516 55.6859560863 55.6859560863 58.9921587796 44.5414694194 73.6422054039 44.6621467773 45.035511393 44.6279310068 68.4680582458 68.4680582458 65.2090543163 54.4483112469 44.6034039299 56.3962220065 56.3962220065 80.512964701 77.2260547391 77.2260547391 44.8204285517 65.1044086884 65.1044086884 60.6242619394 60.6242619394 56.6030787537 44.9973342188 45.1602151792 44.7929496294 45.0818590918 45.1371173144 45.0991116656 44.9372610662 44.6819868177 45.1009210616 44.7062258932
45.1127087433 44.7135595119 44.5091407012 44.8428714871 45.0007227762 45.1367351827 66.9346034837 50.3793088248 45.0139954512 45.1533501613 79.165814974 78.5986957471 78.5986957471 88.2564771102 45.1650018426 44.8925064904 45.1986957919 44.9080765629 75.369527516 55.6859560863 69.0828626846 58.9921587796 44.8439568621 44.8927559487 44.7632751718 45.1918998737 44.7595666667 44.5818038922 68.4680582458 94.9861663993 44.7591169459 45.1772162092 44.6117814262 44.5617069049 80.512964701 60.5306911259 77.2260547391 44.9080320107 56.1982110536 65.1044086884 44.9902784293 60.6242619394 44.7214798156 45.0179552439 45.1497809175 44.862881255 44.7214797504 44.5414025217 44.8476094633 44.5549725963 44.6889947614 45.0838372425 44.5949173694
44.9362898165 44.5998740899 45.1802554373 45.1076090232 44.6040922786 50.3793088248 66.9346034837 66.9346034837 58.5446712097 58.5446712097 79.165814974 79.165814974 78.5986957471 88.2564771102 44.9987218587 45.0038418653 44.8377609418 44.752985119 45.161680973 55.6859560863 45.0454386129 44.7723960072 44.6527495696 45.1342201512 45.1437164066 44.9269198221 44.6337786245 45.1576704811 44.9107650108 44.9117696798 77.6530977558 45.0016498038 45.1021446752 44.5310730551 44.6936491476 44.8334540652 44.6236179949 44.6861864841 44.9498885194 45.1174528212 44.7853884328 44.9788085478 45.1837801059 45.1162667246 45.0215404735 44.901682194 45.0068972121 45.0504977365 44.7075484317 44.769300914 44.8835816878 44.8539073702 44.7905853122
