Spatial_Output/BAU/BAU_0372.asc
NCOLS 155
NROWS 192
XLLCORNER 196307.867259
YLLCORNER 449144.565805
CELLSIZE 33.573938
NODATA_VALUE NaN
[rows 125 to 149 of 192, columns 57 to 113 of 155]
32.4562620516 33.6599157473 56.4603503081 56.4603503081 34.3755630435 34.5679503037 34.072066584 31.950287388 32.3728424973 33.262468614 32.7699261642 31.7353615153 34.6854666103 34.8283406879 34.7459245638 31.8837212856 34.0434638268 33.2951780968 32.5658512214 32.2604685411 34.8236581529 34.1282443751 34.4085091177 34.9992123592 33.2614742848 64.6699460925 34.5237580875 32.2382887142 34.6696802098 33.5132226187 33.231107753 33.2139087112 31.8158710621 31.9895491963 31.942568974 34.724411846 32.9881938787 32.7761683071 34.8931005783 33.8494282199 89.0779917729 66.0717392769 57.1053254455 43.5799191428 43.5799191428 57.0358978536 57.0358978536 57.0207456828 49.0095618987 48.6106772952 84.3440265893 34.8461528854 32.0517569199 34.232437138 34.7026964624 33.9724003243 33.1914755473
49.5012006117 49.5012006117 51.1001814168 56.4603503081 52.2447671108 49.9316278334 32.0135288145 34.2213185409 32.6713517289 33.742053355 33.9389681392 31.5565990325 33.658926466 32.8212421023 32.3133923229 31.7919319208 31.7131956815 34.0222958085 33.3343502074 33.3873898171 32.3172954778 32.9900470415 49.0374840716 51.2770124971 53.488764636 53.488764636 45.9343222619 31.7367302467 34.2455988278 31.5878674464 64.5788420907 32.6761168933 34.8168543444 34.4922805726 33.455970662 32.562916432 76.2180934975 34.4576406738 31.7011208325 33.5605215478 89.0779917729 89.0779917729 89.0779917729 43.5799191428 43.5799191428 61.1207731661 57.0358978536 32.6071145491 31.9123303864 32.1838360696 34.7819870771 32.3903139624 33.436470392 32.0255025467 32.7065716805 35.0272821732 32.6563630339
49.5012006117 49.5012006117 51.1001814168 52.2447671108 52.2447671108 52.2447671108 32.1978231913 31.7902799199 32.8562071606 31.9585376761 32.3266348038 32.3647059589 32.0944141902 33.8812404957 71.247226444 31.7541510302 58.5556550735 34.08081789 31.556521723 32.5347146218 45.6402326657 45.6402326657 49.0374840716 51.2770124971 75.222684616 45.9343222619 45.9343222619 32.7729824726 57.4956306298 49.9779564397 49.9779564397 61.1551545801 58.858234092 58.858234092 59.0026434853 34.745072409 32.9135976708 34.9347697047 31.7680548023 31.8206049757 89.0779917729 89.0779917729 32.4537137809 57.1053254455 32.6469152827 32.787215567 33.2401816786 33.3037618815 33.8423048464 33.2541737503 31.9349939484 31.9188335533 33.8557702742 32.9095973793 33.8816744296 33.1761027928 32.3001325754
55.1477329714 49.5012006117 33.028132021 52.2447671108 48.9610623129 48.9610623129 34.7388125431 33.8043295213 34.1701434809 33.080962515 32.4938116418 33.4938117317 50.1892779166 50.1892779166 46.1470398305 46.1470398305 46.1470398305 58.5556550735 48.9371132967 65.958888202 45.6402326657 45.6402326657 49.0374840716 75.222684616 75.222684616 45.9343222619 45.9343222619 33.6450986069 57.4956306298 49.9779564397 49.9779564397 33.6216622771 58.858234092 58.858234092 59.0026434853 33.9509288233 70.7063740745 32.0462490274 34.8367549513 35.0187928947 33.0857745174 33.4424581417 32.1274692144 33.378691198 31.940330405 33.9560275303 33.8276746632 32.957941722 34.1807283038 32.2313608211 32.7081818249 33.5646549321 31.6661700299 33.2853793546 33.2692478076 33.5606632857 33.3559172522
33.3329518214 33.2287225501 34.6261944365 32.5310478275 48.9610623129 48.9610623129 57.9874768355 32.3264337805 33.433351813 33.2156502111 33.076176504 34.2134664545 34.9630781645 50.1892779166 46.1470398305 46.1470398305 58.5556550735 48.9371132967 48.9371132967 31.7910122884 75.3906513728 45.6402326657 49.0374840716 32.3449240637 75.222684616 45.8805592127 32.0607196829 32.0381158056 57.4956306298 49.9779564397 31.59653116 61.1551545801 31.5228067245 58.858234092 32.0772151311 34.0538570569 32.9664824246 33.6017870171 34.2045144566 34.588803435 34.6574010106 32.0835387482 32.7994654047 34.0577241674 32.341173522 34.5808720818 32.365050924 34.2567505826 32.349605061 32.1748300643 32.5722334506 31.851419535 35.0165709649 34.712597775 34.9707150693 34.0479916368 32.1072409111
32.0989317371 34.6394527931 34.0050028499 46.4863879102 77.3061395142 57.9874768355 57.9874768355 57.9874768355 34.8317705552 33.8207989572 34.161687273 34.6688606856 35.0134859192 50.1892779166 33.1678713136 34.6852996394 34.7642146983 31.8649047052 34.4164459904 32.7250481977 34.8032223809 34.1254428893 32.870878872 45.8805592127 45.8805592127 45.8805592127 31.7711371672 54.0124153713 34.2600202354 34.022803784 33.3982780634 31.6454924345 32.5828192645 33.0372339175 34.5426088228 32.9218481368 32.638523819 34.3992928288 32.4385266317 32.9924614856 33.6219401414 33.0195820466 32.1299451906 34.6192251582 31.6989212704 33.104218176 31.8139880428 33.4966069596 34.7425270436 32.3755140473 33.0975574027 31.658892973 32.2024057233 34.9040464717 33.7917305046 31.6313456403 32.4651538116
33.0141290165 34.8973146618 48.8064200885 77.3061395142 77.3061395142 63.0187560844 48.7034038395 31.850736592 31.8160259268 32.1757416985 34.6314381167 31.8815246479 33.790135108 34.185515586 33.7923942373 33.8473945812 32.8117332202 32.1897350782 31.8978386233 31.8829446004 32.0043874536 32.814280637 34.924369833 45.8805592127 32.6646326317 54.0124153713 54.0124153713 54.0124153713 33.2474272274 53.7168781788 34.4070021061 32.208261581 32.9983648667 33.2577512402 34.8122299526 31.8426401463 33.8640363524 34.8419899817 32.6753865254 34.520909695 34.9887213874 33.4713764518 32.1847454331 33.2808222117 34.0813316976 31.6892836001 34.9201945367 34.1676826206 32.6890555404 32.0467757112 32.1497372685 32.2424497394 33.190056855 31.6670990712 31.9463591138 31.8090368347 34.7776568824
58.8556152416 32.7666539023 32.5701351897 46.4863879102 77.3061395142 33.4220805918 72.6922901075 72.6922901075 34.5620228528 34.423347955 32.5438919169 34.8217114049 34.2842883207 33.0656859888 34.9581753251 34.4502626457 32.8509213421 32.2048130857 32.3135320449 34.4565548104 33.2892483566 31.5206163804 33.654495796 34.5929719741 50.4413934401 34.4078382505 54.0124153713 59.2194484389 59.2194484389 53.7168781788 33.8139758515 33.7138122327 32.9871286681 34.1996231451 34.5858144347 32.8476084801 34.6451094307 31.8654597042 31.9269438704 34.4139569058 34.6527691566 33.5339764426 33.302527614 34.650986056 34.5906629594 34.0280413987 32.832434753 32.5150191801 33.8161743671 34.7857041669 34.3369739584 34.355576301 33.4384051109 32.2963999469 32.1808001707 33.7354342254 32.4943414484
31.816032988 34.3657793713 33.2246386074 48.8064200885 34.4779434582 72.6922901075 42.423062313 42.423062313 32.2104800319 34.0455100584 34.4024298383 32.3673309898 33.3560982168 34.6691844736 33.3520720316 31.7505075212 34.8845412 33.7732316788 31.5135929461 34.6095365975 34.8425814225 31.6284938326 34.6236409406 32.2160180256 31.5546168859 33.1373939806 34.9255041895 31.6608734429 33.6926924871 34.1326640102 58.6053755631 58.6053755631 34.2340535221 32.8294337835 31.7600082892 33.51279234 31.8793892861 31.9675500834 34.2682688815 32.4044603039 34.4057227581 34.5804563151 34.0629745608 32.6485291347 33.3075708706 34.5655222779 32.6509526285 34.3859331812 34.7506980228 33.1592928089 33.8587015687 31.5611015598 34.0108910841 32.8737538489 33.2183361594 34.2978542049 34.611932586
31.6854117712 58.8556152416 32.2411125086 34.9549639238 31.5748856896 32.8229415881 42.423062313 42.423062313 67.5823708057 33.5281313142 31.5464231656 33.5784784602 31.7056246685 33.9010604177 31.8507535137 34.2903190459 32.6038226165 34.8085756051 33.224473922 32.3189601732 33.9170075751 33.208579588 33.5999739357 32.9783450506 32.6265853363 34.5870867929 34.1930723544 34.5234507164 32.6304096095 32.362409673 58.6053755631 58.6053755631 32.4486242927 32.8406156726 33.4915134208 33.273321195 32.3331298622 31.5246798779 34.0489615988 32.07247847 32.7389691208 32.8395167753 34.9290140809 34.2000162911 32.9140429392 34.6680032517 31.5260699494 32.8294669354 32.0213132069 31.8065535568 32.7541315538 34.1086167528 33.0326426299 32.6739627588 34.5712154492 33.2304054072 33.6323808879
32.7767282162 33.1652246118 33.1423131351 32.1304400257 31.6948325525 32.757521655 67.5823708057 67.5823708057 67.5823708057 32.607307475 34.6545985991 34.7503881017 31.5911592075 31.7940708662 32.1729226082 33.8329295225 32.0707868142 34.4332628514 31.5176556853 33.8086637451 34.4866266212 33.1100549359 33.0597540132 33.7529129789 32.7300107603 34.7788614166 31.8326609696 33.1506971828 34.3849145536 33.2765896042 32.063103295 60.6132885974 67.0037912147 60.6132885974 34.9067444295 34.1835767058 32.9879470142 33.5666443174 32.592981049 32.5977888498 31.8235818134 34.094582096 33.6325806973 32.1137878806 33.6248007528 33.0055147241 34.6441389392 32.8060824036 32.1154877446 32.8855295953 34.0924489734 34.150438001 31.5612557591 34.6441954324 32.1753647268 32.2505241287 34.3374414506
33.1749985031 33.680410568 33.1502829816 32.5977561557 32.6240453402 32.843205027 34.446597681 33.7591339344 34.8888838433 32.967089694 34.2670169094 33.6922905252 34.6333843546 32.993485846 32.4819451216 34.3656047363 34.138822497 33.3831847132 33.7891908547 34.1288278083 34.9249591886 33.4489947142 34.110582139 34.4257162517 34.9809442571 34.3786276652 33.8063816331 34.6419649034 34.2945673741 34.0668420335 33.4638232024 67.0037912147 67.0037912147 48.2631552983 34.8770443771 33.0268293261 32.6774090269 32.0347923849 34.1398740302 34.4228587488 31.6773352462 34.356597833 31.6124682811 33.1286786403 34.3703749997 32.2514454146 33.3052079652 32.297594933 31.705794116 33.8260649389 34.8663677026 33.4184450652 34.8603392796 32.4808793736 33.8312435613 31.700727865 34.9485596432
33.5039542941 31.6568521262 34.1408746387 32.6713625569 31.7208340268 31.716069152 33.8222005245 32.9397413033 32.1580165523 31.6353946154 31.6325858948 33.9219833107 34.8926459064 31.6428404374 34.1023073755 34.3768694982 32.091950184 32.5835271676 32.3588341028 31.8425271983 33.2484082653 33.3042554266 34.2881691847 33.3132016418 32.0004463241 34.334118922 33.7910867263 32.3199242405 34.1693699364 34.9947697704 31.5919346308 50.5488819829 67.0037912147 50.5488819829 33.6539594983 33.1276448829 32.0718423247 32.8514783702 31.6213142502 32.2888732172 32.868644972 33.7614585427 34.6386409881 34.7080598849 34.8271531233 32.6984288717 32.5872574905 32.5535066463 31.9436875728 33.4992805729 33.9102038567 34.8328748393 33.8298958161 31.6038028472 33.7177801907 34.5559073122 33.2275638834
32.973952707 31.779583356 32.3880036208 33.3263301743 34.7662327188 33.6883233296 32.7529300982 57.5022496298 57.5022496298 57.5022496298 34.2376110469 32.5100109199 31.6114147585 33.2078319138 34.1463425878 33.7238574197 34.4741831814 33.9248697775 34.5458541145 32.7054146599 32.1783681582 34.1704992719 33.7375729067 32.5290583594 32.126177886 33.1855747299 32.5098499715 32.4341272615 33.7874738265 34.8845425902 32.9533440777 50.5488819829 50.5488819829 50.5488819829 34.6786795527 32.6913392992 31.9743570003 33.9002986741 34.7971614895 34.0892668748 32.4160725233 32.6329877827 32.6224400346 34.7989943624 33.2916005468 32.2845902477 34.0991858447 32.3584212351 32.0060513991 31.9502362032 33.450750577 34.9294501875 33.8492276962 33.2572488156 33.5338094305 33.0682997734 33.0289909457
34.8990231511 32.8468327372 31.9091550067 32.9751748277 31.9227401546 34.2556588958 34.0571333517 34.0772504385 57.5022496298 57.5022496298 31.9289659488 34.6860919871 32.519318794 33.2243981286 32.4617666956 34.1361903039 31.6881706657 34.1266331201 32.5297890981 31.9104019914 33.1195204507 33.4485439681 33.6454025098 31.7731310764 31.9422510986 32.6255890557 31.6026185343 33.4336583965 32.5403187435 33.8411469663 33.7704160458 55.6109810124 55.6109810124 55.6109810124 34.4553245993 33.1204493993 31.6208247532 34.3353253 32.6456920464 34.1321926565 34.902674764 31.7364760166 32.6022835216 34.2332451596 33.715899964 34.8115687728 31.9871892546 34.10758563 34.0818463329 33.9025471562 31.8395103965 34.796539683 33.9119171793 33.1619081371 33.1073961652 31.6704471142 33.0516099399
34.2787809212 34.2929665758 33.4055862927 32.5036833765 33.6233225885 34.9032082946 34.6401918823 31.7856858232 34.0067200099 34.9199439635 32.8747284622 32.6574182557 32.7338200929 32.5603616874 34.2460984601 34.0757041479 33.6501974026 33.876304521 32.9450938329 34.3577329956 33.1539300513 34.84078987 31.7569889263 33.2808247968 32.9481275316 34.9154172652 34.8822423347 33.4112329094 32.2454677116 31.8792922912 31.6614737017 32.4901844508 55.6109810124 33.0281604177 34.5792530902 31.6514275732 34.5429302036 32.3147541052 34.1275637301 32.8436840133 32.0709452353 32.5892996944 33.3720472709 33.5876814243 31.5883542615 33.5591539053 32.0161829364 31.5587414157 34.0928632124 34.0986384247 33.061870909 33.9989278776 33.126563859 32.1741651274 32.8519305324 34.67690733 33.4861926158
32.7815547929 34.6029053059 34.5186736331 32.9758582429 33.6405259094 34.9833336145 34.0862706851 62.1993180585 62.1993180585 62.1993180585 54.2222074156 32.7618727288 34.1302189533 32.212007467 34.9903597633 34.950387381 34.5140337811 32.1764871563 34.5822542019 34.1807897341 32.7416387619 32.1049538032 32.854067944 31.906361356 33.4455325036 34.0094610595 33.9042834097 34.3025291102 32.9702311918 32.9126062899 33.1870800154 32.8454470342 31.7413293248 32.9654291582 34.0596008149 32.0135112393 32.2199397382 31.9543705143 33.7092326823 31.5882247783 32.1243175153 33.0198892991 33.0965298226 32.4083189969 31.6814666509 34.9957493183 31.8941495347 34.5762682458 32.1383256875 32.9738010391 34.8189821942 33.9472834655 32.5090221647 32.6302799325 31.6240073997 34.7941647716 34.7548805477
34.4073796391 34.7140121011 34.511638413 31.814056683 32.208941852 33.4648757526 32.408260228 54.3941465609 68.648541172 62.1993180585 54.3941465609 32.6780833639 33.8714737296 32.9473406888 32.3184677777 33.7623775053 33.9612015122 31.7638555933 34.6377496855 32.4386627875 33.3807675467 31.6670647673 32.6576748912 33.2211027151 34.1793337502 32.7266751267 34.9966719163 33.9352333348 34.7574268265 31.6087009795 32.6178594771 34.5342952138 56.7801935757 56.7801935757 56.7801935757 34.9503726653 32.3657054866 32.1603825019 33.0962889269 33.046583148 31.7026975221 33.7963228601 31.5958313143 32.9508056017 34.3335547323 33.1058533745 33.4583262951 32.2882849286 33.5429620581 33.8137294803 33.3462346458 34.7944625686 33.9066794939 33.2915207058 32.6280296205 31.9645838055 32.7887499681
33.9224460829 32.2666890313 32.2975634539 34.5277221374 31.7890493766 34.9202186942 33.5563215755 68.648541172 68.648541172 68.648541172 35.0192118385 33.7534448505 31.8574431004 32.2805126642 34.7730627358 31.9283092638 33.3891459502 33.5913401383 33.0175035644 31.9097883119 32.2274304286 34.2332932186 33.3369307241 34.2404502296 34.1162075277 33.8850879908 32.5800878925 31.9061449633 34.4446472871 31.8443544042 34.4751037881 31.9613441512 32.5654676669 56.7801935757 32.9647574663 33.2724306636 32.4986144653 33.3961518376 33.4663661863 33.8328904266 33.7314582648 32.1030966343 32.8793141468 32.9059828869 32.0406628221 34.9179008839 33.4331414738 32.7800483496 33.6607907495 32.1330577808 32.2881283118 34.7635767772 31.8178606045 32.1160484035 32.6954839693 33.0903691676 31.7848684106
32.3641927219 32.5298375915 33.8515753415 33.6497848169 31.827203788 31.8342934973 33.5683098002 34.0788708229 55.1176582853 55.1176582853 34.5271634784 31.5888243547 32.8066192672 34.5933960043 34.0751526547 32.3968089137 34.2904997432 32.6062287854 34.1102461334 33.614880217 33.1880949418 32.4011163491 33.5734571173 31.6310462669 32.5443556312 32.7820641507 33.6497911172 31.782661297 33.3491339728 33.2041330671 33.1513517744 32.5849633216 53.6195266667 53.6195266667 53.6195266667 31.8067975638 32.2857725341 33.6340130758 32.6184744771 34.1643380478 31.6299492411 33.7172475903 34.2358341437 34.7944255294 33.3464953683 32.8203525972 34.3042228659 33.2781236664 32.791468954 34.6136573628 33.5869731377 34.3493217884 34.3318971922 33.5762410273 32.333964947 33.6052401756 32.5011805261
33.4028610762 34.1082207568 33.283571916 32.7463272528 32.2835125149 32.7235425417 33.3543276335 34.9068626291 34.2203835191 33.0428263963 34.4703595243 34.3628046321 32.5267052665 33.6207762063 35.01778873 32.4675742555 33.6849142587 33.7154940409 34.9099788784 32.6925454594 33.7539887051 31.9403153132 31.7342396937 31.8893541569 32.3564683455 33.0226047004 31.6770274516 34.3898058321 32.2076047073 33.3943172755 31.8061008382 31.6407466383 33.1040279871 61.4375681476 56.3061295752 56.3061295752 31.8139942887 32.7515297381 33.4555032474 33.15931794 34.5635039987 33.5161041919 33.7482515866 34.1133630432 32.2249425368 34.1594359197 34.7671086656 34.6324363312 33.9385872567 34.2751990415 34.3950682614 34.2995200577 32.4703269389 32.4253506699 31.8758961473 31.852787224 33.5151635999
33.3438141031 33.9773378345 34.3227041766 32.2018350119 32.8566791883 34.6273976415 33.4754447286 31.7456252948 33.0040950126 53.7003414072 31.8534524048 33.5262287794 33.8845545721 31.8322529903 34.7167307546 32.9793949533 33.5850552339 33.4382607174 32.6340888866 34.5087315042 33.0705173869 32.5451544939 33.6282391648 34.7152352454 34.7900498636 33.0274361007 33.2744011931 33.9812612047 32.5960236952 34.9242317404 32.5186317185 32.9971899272 33.9936351791 56.3061295752 56.3061295752 61.7427543895 61.7427543895 31.5599101289 34.6154311408 33.5879474567 33.4946587872 32.7678786016 32.6976568923 33.6942744416 33.8987646304 32.2292423536 34.6170834903 34.4946607951 31.9776156038 33.9702595247 32.3887399927 33.2517473255 33.1207417347 31.909740132 32.2720099156 32.8639910751 32.1045902973
31.5981292737 32.7768764912 34.2545136937 32.8319741135 33.5134681065 33.9782152038 33.1843254607 52.8678195397 50.630006611 52.8678195397 34.6483945052 31.7768524494 31.9369920849 33.0577584151 31.8629697332 31.8193845141 34.0098941321 32.869192813 32.9211781046 33.1229746818 32.9546334508 32.4016154574 32.9840374365 33.0356434833 31.8152283206 34.2954905488 32.4050458942 33.8786567429 33.9973974037 33.7313607707 34.1519997806 34.4645782738 33.4040708273 34.1089279878 61.7427543895 61.7427543895 33.3474913015 32.3709435815 31.7278955358 31.6145566427 32.9135136862 32.6006363755 33.2630271973 32.3998502023 33.9216608025 33.3451878862 33.1050773211 34.3866298492 32.2358756063 34.4733731145 32.5323100797 33.9530453474 34.7862505821 33.5025507693 33.2774896909 31.5609814037 32.5889636228
33.1070829497 33.5605599928 33.0436419318 32.1904806716 32.3964739422 34.3782815574 34.3664873918 50.630006611 50.630006611 50.630006611 31.7288071652 33.9408130601 32.501081934 32.1474639708 33.1426086111 32.3774996204 31.7053014292 32.6332838905 32.4303356314 33.5667524448 33.9267076428 32.6218722112 31.7062815189 33.8350961736 32.3129196062 34.6464454137 32.2965753878 32.2421914038 34.1331463855 32.8065622715 34.8706999014 33.9951243934 34.0198856151 34.5764207998 74.9384086808 61.7427543895 31.8327593245 31.9148731081 34.4565925227 32.7745957706 34.420309665 32.4920370055 33.892375277 34.8926004586 31.7224761616 32.7836141852 34.1064144646 32.1217117912 32.2933528806 32.0995146515 33.2184420592 33.4270311876 32.5827416704 32.9598030399 32.259275669 31.5711079567 33.7655723219
32.1918931815 32.4332219246 33.2986389781 34.0743158084 34.5151024511 32.145982072 33.1051050358 33.9925344951 50.630006611 50.630006611 32.0435723834 32.1879541127 32.4786888127 34.6373140912 33.2128579029 34.9180891155 31.9188368255 33.1492082347 34.0456491891 34.7337732562 33.6394808853 34.3589530982 34.2960047785 34.2755419076 33.8694198802 31.5311918838 34.7756900556 33.0473513984 31.9334114763 32.9575246124 34.3821572073 35.0099973219 33.2948200808 34.5117172833 55.528926432 46.1081950561 72.4730968676 72.4730968676 33.329188837 32.9408476979 33.1447129023 35.0085571475 34.3748187015 33.2653568516 32.7902476346 32.9885262519 34.8255155638 32.462090127 32.4266065206 32.057833987 34.6593097555 34.9931566992 32.8847869251 32.7828443705 33.3899073483 34.2745887623 34.2290975285
