Spatial_Output/BAU/BAU_0077.asc
NCOLS 155
NROWS 192
XLLCORNER 196769.923733
YLLCORNER 449719.875193
CELLSIZE 27.603701
NODATA_VALUE NaN
[rows 69 to 91 of 192, columns 53 to 105 of 155]
44.3903453656 43.4155532819 45.6633906618 43.08943978 43.953374088 43.3482741536 43.4495732368 45.1222765906 44.7448653235 44.6309919716 43.891206515 43.5730878877 45.6232044738 43.6302093084 44.8906044455 43.6819977591 45.5251153894 44.2377804902 45.1733798446 44.9696682649 43.9001429382 44.8767825563 45.2005803441 44.2300058142 43.9557794243 44.3420508494 58.3430736875 43.9934509491 78.1234893292 78.1234893292 45.2399158116 43.0253806996 45.074000063 58.8562374192 58.8562374192 59.4972094309 44.0448544187 44.1399684802 43.4395403064 45.4131895074 45.2039703457 45.5808660691 43.9592490216 45.7215402062 43.3733884323 43.2008960542 45.21264978 45.0554515618 45.1843144467 43.5257974693 45.4590130054 45.5569268772 44.8121299738
43.8872934398 45.1457573558 45.2575638267 45.0484771127 43.1250608227 44.7247325776 43.2987812743 44.1264591926 45.739186573 44.6459208232 44.0451606077 44.2104511365 43.671894055 43.2562657228 45.698532985 45.4384541061 45.6595794255 43.0486623557 43.6088254498 44.8969630133 44.5512067287 44.3327621028 43.7747493609 45.7933077757 44.3898041204 45.588040636 44.6546205783 45.1941652145 54.0259770733 78.1234893292 44.3073983109 45.5252863048 44.4131706218 58.8562374192 59.4972094309 59.8621785221 43.3927813544 44.9890885421 44.9736555537 43.3121611272 44.7851208704 45.1171355244 45.777173795 45.3843140766 45.261328489 45.507312315 44.1052840942 43.7741846652 44.702658817 44.4123091998 44.757460741 45.6932008794 44.9208713073
45.0973395988 44.0096130329 44.8573424022 43.9243962289 45.4286290678 45.4996228607 44.7633383385 45.6755404404 44.1045281416 45.4858017049 45.797942126 43.126770133 43.9748979259 44.7370977638 44.1148726649 43.58140285 43.7743512114 44.7770996601 45.1689652795 45.3471160208 43.6181432347 45.1632336544 45.2863831622 43.7463962345 44.9948592613 44.2783464892 43.5308212618 44.3812030325 43.8228919227 78.1234893292 45.1079505522 44.4674610957 65.6144530726 65.6144530726 43.0087445217 45.5316542247 44.7140215522 44.6785362692 44.7626951552 45.8152899801 43.7966915283 45.385799569 43.488265498 44.4632354597 45.432156299 44.640394217 43.0619089936 43.8160786105 43.4583503256 44.8990912136 43.5050666261 44.7247056253 45.2548149635
45.7097225063 44.571259491 44.6319703376 45.5193343685 44.1183931163 44.6099971818 45.446378235 45.1644643685 43.0484757713 74.2111372217 43.1425744362 43.0132759112 44.6186205537 43.5264639044 45.4331473844 44.4935688326 43.9192936304 45.5650080114 45.0568216413 43.8535222973 43.2954709941 44.204111386 43.1134285357 45.6043601194 44.6067177378 45.2047134591 44.3093611281 45.5645690296 45.4778318379 43.1206244086 44.3194970592 44.0237540425 43.4582209264 43.691198921 44.1789853739 45.2691800988 44.5784864515 43.9168537365 43.4806350934 43.7477859108 45.7013901656 44.3007135169 43.6380010584 44.5220130708 44.9857330961 44.7332780859 43.8550849864 45.6023522987 45.1453308733 44.6636342371 45.5672081858 44.7092388203 43.8614456572
43.2919489619 44.0382051186 43.4749866551 45.7629338454 43.9368659234 43.6357370324 44.1970908421 74.2111372217 74.2111372217 74.2111372217 43.8510257516 45.2129225809 44.7116734608 43.3820537919 43.3557030494 45.0096463916 43.4298080305 44.9779297892 45.2912443197 44.2286240613 43.0418644202 43.2555831787 44.0062146441 43.4445863843 43.8828081036 44.4844093656 44.5286482636 44.9032100593 44.473294437 43.2886382385 44.6367111301 45.7574842916 45.6829763762 44.3049656353 44.2952311919 44.5625730882 45.2501989936 43.4022744937 43.8559339788 43.874183382 45.6521239323 43.2601935242 45.6033004782 45.2616036857 45.0549986109 43.6701675517 45.2117881482 43.8971383132 44.3612728984 43.3524265826 43.6407364586 69.2664358428 69.2664358428
45.2723563552 43.6095275571 44.4315320703 45.0484624469 45.1024775221 43.721505799 45.4764215697 44.8466366337 43.4913704219 74.2111372217 43.7958070984 44.4984888701 45.5622411296 44.9756836274 45.555197993 44.6598320593 43.2728293325 43.503230334 44.8465540072 44.7452052932 45.5740122479 44.7174088237 43.3992944394 44.655197926 43.0151846632 44.0586261513 44.2901435597 43.0315364884 44.1459004215 45.7027382686 44.5827424012 43.9442578815 43.1055130612 44.0095572797 45.3459192109 43.0157555823 45.027341688 44.5464382878 44.8225426602 45.0250120839 45.8242677499 45.7754254376 43.1969048472 45.5371966316 45.2924231847 43.2479715968 45.3494041654 44.8554114628 45.3721472864 43.3812381843 44.7600757359 69.2664358428 43.2031106812
43.4191991036 45.7405279275 43.5126011869 44.5737169609 43.5846260624 45.4548521562 45.6838030039 44.3361474621 44.9496393175 44.432234241 44.8029572626 43.0850399153 44.4468425155 45.3180250852 44.299346013 45.3558220057 45.7769628912 44.8205720418 44.2841538149 43.0203957871 45.2513509377 44.5390859259 44.5963334662 44.6108595071 45.6843845317 43.9525808127 44.7213275097 43.4444504033 45.7747371061 43.303967568 43.3231026206 45.1152382403 43.3870814011 43.9384777231 44.9919624897 45.0454577509 43.3147545862 44.1888857782 43.6095770288 43.0303211403 45.4714562589 44.1450920885 44.6497634974 43.9389741585 44.4387818488 43.8238415185 43.8939733279 44.4451622939 43.8177692375 44.5093828419 44.9428280502 69.042635168 69.2664358428
43.1725649525 45.2424868322 45.2131283505 44.6600871803 44.3867285783 44.1811653692 60.9448982337 44.6519198875 63.8920245521 72.6964731628 72.6964731628 44.1509372466 45.2311314063 43.3021191305 45.0920380816 43.0867008665 45.37149653 45.7769133599 43.2875203135 43.9550860945 45.0560047637 44.0794277753 43.902800123 44.715587401 43.5299553536 43.9004719743 44.9811750151 43.172925733 43.8156536803 43.9583305843 43.4809131871 44.215834186 45.2419704304 44.4572338387 43.7185337276 43.683943336 44.95577074 45.3822221142 44.7907581174 45.3693512942 44.3060673671 43.213339158 43.155848768 43.6624930203 43.7319341512 43.0683831099 43.3628953829 44.8013043333 44.2244661587 43.3223361631 44.2361712823 45.7314828575 44.3084516402
43.9484854216 44.3964912842 44.2495302392 44.1671087571 45.4303658444 45.0085906904 44.4092022396 45.4607811841 63.8920245521 72.6964731628 72.6964731628 45.2871199251 44.7546176505 43.9529097665 43.8897139949 43.6529175344 43.4389124219 44.0255925145 43.5971786333 44.6736627216 43.6192275832 43.7045125912 44.6871696009 44.5081241648 44.3662149256 45.6731249538 45.7093167988 44.5146349861 45.3810691742 45.1085487173 44.8165881187 43.0609792766 43.4353080034 44.2567941314 43.6559766965 43.8229959971 44.7193591551 43.1976725928 43.3027039558 44.8305001127 43.1812501533 43.0394282366 44.0912842702 45.3197894825 43.5370153614 45.2947100112 44.8223907092 44.7242207927 43.5297241746 43.9868873645 44.1495423833 43.2308801894 44.8791916961
45.2073680189 43.4903763221 43.3486688243 43.9868789639 45.1916836775 45.6084722947 44.5618653704 60.9448982337 66.4229145921 66.4229145921 95.2605106493 45.3623241041 45.0743449402 45.0885777249 45.4895850752 44.671975561 43.8299655738 43.478698832 44.3523431991 45.4941801201 44.6143044851 43.2140531045 45.3413568606 44.1494680482 43.0008909652 44.8869253431 45.796819602 44.5637720961 44.2320228793 43.2025397411 45.3967639896 44.7251592926 43.363814037 45.6890066215 43.6169017672 45.7683556996 43.1423679637 43.1246567592 44.6836007511 44.1307976295 44.4542588011 45.2920496165 44.5806912815 43.0784935887 44.1170903653 43.1313845809 44.2184781528 43.6117194675 44.7811965284 43.3843791889 45.093914787 45.2747169576 43.3292818502
43.1616732404 45.8147767563 44.4709968483 44.6498386075 45.6518131477 45.2928292905 43.9847229538 66.4229145921 66.4229145921 66.4229145921 66.4229145921 45.6569411855 43.9559108615 44.0376727108 43.766413023 43.3893896043 43.7628741839 44.1899122898 44.9562635962 44.3211985494 43.9872119183 45.8192593443 43.0753685162 45.1608079941 45.121217437 44.8352726493 43.8399836808 43.1336133649 43.3842994529 44.9948553709 45.1017115453 43.6910522555 44.078115066 44.9876426173 44.0482685318 43.897421566 44.5028333283 43.342733588 45.1967435539 44.5919976058 44.0197921409 43.8337173614 43.0985417239 43.7419866336 44.6519239873 43.3271313035 43.8203400014 43.4403757113 44.1429342706 43.1551101486 44.3729379362 44.1723593041 43.3800835479
45.7706587265 44.4781239453 43.3205661746 45.7326501384 43.7766759609 43.7663038504 45.8204353124 44.0049227012 44.1599576736 43.2572979305 45.4262878016 44.2887808751 43.8014247663 43.2517517718 43.6888421873 43.8066161401 45.0437547147 43.8354826237 44.4710813935 43.0952667955 45.7101543318 43.4676425234 43.5054093279 43.0557435664 43.9209639042 43.2290887869 45.8171437129 43.3820388944 43.209767964 45.189996907 43.0400958216 43.3210391447 43.4330163998 45.567502897 44.5059950908 44.9425413576 44.4013320838 45.1277787212 43.1362921432 45.6049529372 44.4486140853 43.2390189956 44.6003447945 44.1142802145 45.030409118 45.4789660584 44.9200279829 45.0768690749 44.1415880346 45.3199950062 45.5233244249 45.195881027 44.5741322282
45.2189983511 44.5483956083 45.2232694852 44.7626797108 43.8794186409 45.2088121157 43.3739736317 43.9394564143 44.995375832 44.7736959892 43.2126957303 45.6504546507 44.1713823807 44.8805404824 44.1715399951 45.3551358659 44.84797784 44.0886657633 44.5249162224 45.5569384314 45.7997297861 44.6749502804 43.4744542227 44.2667250427 43.7396476897 44.6120056734 44.2094174466 43.5083010328 43.6892014034 43.4225300578 44.4872263051 43.7285276519 45.694737497 44.1671365944 44.6293444185 43.9977663392 43.5495106399 45.2322706436 45.7700653365 43.8108900736 45.4576958179 43.0999349997 43.1199045992 45.2484167121 44.8283508711 44.778363351 45.1908153139 43.9619151487 44.350351222 44.2771295765 43.9436119046 43.8543447915 44.9913983375
43.8853884343 43.280213272 45.2375326577 45.7388680451 44.350144404 45.5487697457 43.2526141408 45.486433989 43.7719118835 43.6573573409 45.6838038524 44.6416188976 44.305114207 43.1190619929 45.0567430952 43.7761302984 43.3082797072 44.8759202721 45.232035403 43.1115731889 43.1954597661 44.695870814 44.8542047943 43.4351046244 45.1711081814 45.5288196312 43.7240397633 43.8139430344 43.1692413987 45.3424459179 44.9049242619 43.8445928542 43.0579394851 45.1229867938 44.8695015147 43.3720894469 44.0853077393 45.1662695912 44.1391451406 44.5982042435 43.9889949906 43.8422620018 45.3330481179 45.1558853248 44.0181425978 45.5622911232 43.0679862636 44.4439679695 44.3908771137 44.8187869021 43.423986625 45.3906007391 45.0436430729
45.7738923478 45.5508449031 44.0607669193 44.0465308677 43.1683057644 45.1843600506 44.662699312 45.3441454869 43.8846388718 43.6990598628 44.92006384 43.724937339 43.5705042833 43.4119088353 45.6842700299 45.5362168591 45.0106044118 45.5932475724 43.9290567516 43.4276552682 44.288572135 43.1538687243 44.2487992904 45.0897206572 45.603941969 45.031057292 43.3481329799 45.3428730872 43.8659555873 44.630984473 43.2314470964 43.6328169114 45.3747355017 45.0479567537 44.4430188834 43.4295658475 44.0234638807 44.7465277513 44.9510453266 43.9408320268 43.0392122146 45.2675719695 44.4272809671 44.8478126868 45.1398581041 44.4640415446 45.291189672 45.6885812281 45.3668270097 43.7323691108 43.7506793962 43.3446933413 44.9670923635
45.5419138361 43.3521535901 43.5541515171 44.3794808294 45.381268552 44.8488796433 43.2302150316 43.8971137676 44.7190070391 43.1058860655 43.2787560122 45.6437441988 43.4980652762 44.9694189051 44.5150843462 45.0238125958 45.6958794255 45.727608966 44.9421546325 43.7119905776 44.0757937727 44.7632778548 43.0140816805 44.5296971604 43.1990530984 45.6330363829 43.2672539356 44.3289382788 45.3475797427 43.7994651036 43.7275582115 43.8657098294 44.1979341686 45.2661700353 43.0315711889 44.2217323329 45.7545843641 45.745830044 44.4830984897 45.5452086589 43.1053031822 45.1325037726 43.59468663 44.9132333919 43.231071843 44.5125558451 44.7684680086 44.9890664371 45.3661019919 44.1264139877 44.5327714801 45.4283853807 43.4904718627
45.7586547544 44.3300114807 45.7593074931 43.9610634533 43.3612241134 43.8274634651 44.3223387145 44.6189306498 45.7041801199 43.497651444 44.9230535461 45.610969803 45.7446341488 45.7395706939 44.3637959568 44.5099996668 45.7747737242 45.0698826803 44.8164285144 44.4685547527 45.6528442106 45.312023981 45.2510211185 43.4585508071 44.1462126587 43.6454625699 43.7498524551 45.5010310821 45.6030368494 45.7089896626 43.1990787902 44.588547137 44.6182782186 45.3902620504 43.8387332618 44.7844376542 45.6475601503 44.3136457479 44.9546245065 45.4668033805 43.6512213809 43.1123155731 44.5744475589 45.6890613618 44.1640077462 45.2063093608 43.0207741195 44.0421704771 44.60859504 45.3166501603 45.2675206432 44.7898018742 43.021006644
44.5965286782 45.4405106646 45.4939339586 45.3855633636 43.5323756012 44.6811874608 44.6404655069 43.4419936567 45.7139339792 45.3613633518 45.0203045698 44.3085393794 43.1478529777 45.295187838 45.3364390641 44.6649150484 43.8840365514 44.2458202602 43.2125724832 44.4262694158 45.7263329136 45.23441509 44.1239720229 44.9737975591 45.6373396176 44.8330279811 43.6638827276 44.3247667545 44.529764485 44.9804147156 43.4646483955 45.6260525227 43.6538982252 45.4840023573 44.1772660261 44.2705179441 44.9000792601 44.5982703811 43.8067062688 44.0902854678 44.5760063279 45.4050887961 45.7325060227 43.5936144667 45.5157785906 45.2385366855 45.4852295375 44.1371347854 43.9907952973 45.6915016719 45.6649583224 43.2733785789 45.5064983369
45.0155632806 43.3085003886 43.6532384373 44.5057139772 45.400528098 44.6535232173 44.1255399992 44.1826633096 44.594894176 43.6834936378 45.8071895701 44.9637913887 45.4813688313 43.3272990578 45.6128699126 43.0049106597 43.8517989821 44.8587139882 43.324951205 43.2116682766 43.9517113797 45.0399590503 44.2289399799 43.9764049771 43.5025487453 44.0494714346 45.0678790044 43.8830508234 44.9164811175 44.8495152683 43.5751128881 43.7284737446 45.4602243325 43.5733270524 45.4675087518 45.6776379268 44.5928372752 45.64284359 44.1632400818 43.0565792812 44.4842548547 43.9569184718 45.417477073 43.458460977 44.0006034893 45.2279569439 45.6754368854 45.3083822566 45.1100794148 44.2222647691 44.240863855 43.3647795153 44.3931377524
45.3453235758 43.7503245097 44.02162601 44.5797156238 44.001392581 43.8397469069 43.3389528547 45.2727375439 43.4573405696 45.7838248155 43.8790343161 45.026883587 44.1280152315 45.6182463945 44.0801900834 44.248498473 44.9851805477 45.4795518232 45.3249446694 44.9529328716 43.4413039773 44.9105845533 43.5942622584 43.8858315134 45.1604984086 45.6180430683 44.1073363428 45.1686759677 45.1846480704 43.0462510685 44.22479901 45.7183529164 44.8968903004 45.2308850644 45.1102310945 43.9467799274 44.3150889156 43.0020066991 45.5133215495 44.8013143358 43.5806738206 43.6344928092 44.0041934578 43.5684253008 44.0345811071 44.0294358562 43.8000540836 44.4289715303 44.7607951835 45.5274083964 45.2083832623 43.4238928821 43.0325267954
43.201304575 44.0277478331 44.5421521765 43.6984641382 44.0957388712 44.2728009651 43.4469132223 44.3887103887 45.5731601673 44.4268557363 43.467350255 43.07425035 44.7878205568 43.1414119131 43.3190379593 43.2451675815 44.8453841836 45.1880291672 45.5054497601 43.0620429848 43.4199086908 44.2912382331 43.8842797155 43.179520683 44.4326572492 44.1926986679 43.5133691724 44.6423513875 43.5731705066 45.7404225492 44.8416511069 45.3253810342 45.3371566637 44.4806869207 45.3201446709 44.2546221822 43.1449484706 43.262997949 43.0210717952 43.8877325836 43.9167986262 43.3734638499 44.0678312728 43.1127949579 44.280829559 43.0311587926 43.9293759117 44.4010134698 44.9638788715 44.6035025935 43.2683694638 44.1170510009 45.8026834964
45.5655041144 43.9491757389 44.8202898132 44.0200681433 44.6596322336 44.0758455405 45.3358487927 45.6352392489 43.2057760656 45.6685960216 44.819056753 45.5950588174 44.2329667457 43.4877495002 43.4888004196 43.0562866039 43.0059641899 45.8102147368 43.1016565814 44.3295100989 45.0687766765 45.7986474268 45.26321578 44.7607779122 43.6826488586 44.2324388782 43.1536443349 44.3470441745 43.6725796361 43.8835247681 43.8606839578 44.3640496374 43.8115741554 43.6223315009 43.4411516161 45.6915516662 43.3073320443 43.7058695288 44.1272180529 45.2566834402 44.0594047644 44.4300089121 43.4846733988 45.2270245114 45.1667641879 45.3824569305 43.5408789297 43.2844882219 43.9148508391 44.906367733 44.8842101259 43.7934343465 44.7730598581
43.1860448101 45.0705465952 43.6355715379 44.0441778966 44.8297623923 45.4939841111 45.4993696544 43.3200855559 44.4149701969 43.4920058277 43.0035100337 44.7805550271 45.3270022456 44.3585957233 45.6627625496 45.2936372194 45.5839465887 44.9993840384 44.6486180411 44.4650834332 44.6546031623 45.0939856274 44.8629887428 44.9836665326 44.7373365723 43.3434165232 43.154422023 44.1439021633 44.3815660231 44.7062348799 45.8218968878 44.9448555264 45.3261395286 45.1663574367 45.1583401915 43.6130156147 44.6803697117 44.4271020724 43.6795197529 43.7431954317 43.835337209 43.7603477986 43.7584093051 44.2640978529 43.4280383459 44.5179194788 43.2405928546 45.1923311066 43.6213745413 43.0176858374 44.5775622011 43.1632336909 43.6909025485
