Spatial_Output/BAU/BAU_0915.asc
NCOLS 155
NROWS 192
XLLCORNER 196307.867259
YLLCORNER 449144.565805
CELLSIZE 33.573938
NODATA_VALUE NaN
[rows 111 to 147 of 192, columns 0 to 81 of 155]
0 0 0 0 0 0 0 0 0 0 0 0 0 0 0 0 0 0 0 0 0 50.37929478 50.37929478 50.37929478 0 0 0 0 0 19 19 19 19 19 19 19 19 19 19 19 19 19 19 19 19 19 19 19 67.6688555819 58.751450704 67.6688555819 67.6688555819 19 43.2389199955 43.2389199955 45.9214042787 45.9214042787 45.9214042787 19 19 45.6809751034 19 44.9052605981 44.9052605981 71.6911459098 41.3148517676 41.3148517676 74.8172271617 41.5603490947 41.5603490947 19 19 74.8172271617 74.8172271617 19 19 19 19 19 19 19 19
0 0 0 0 0 0 0 0 0 0 0 0 0 0 0 0 0 0 0 0 0 50.37929478 50.37929478 0 0 0 0 0 0 0 19 19 19 19 19 19 19 19 19 19 19 19 19 19 19 19 19 19 58.751450704 58.751450704 58.751450704 19 36.1344685513 36.1344685513 36.1344685513 51.2010670221 51.2010670221 19 45.0046052691 19 19 19 44.9052605981 44.9052605981 71.6911459098 41.3148517676 41.3148517676 74.8172271617 41.5603490947 41.5603490947 40.3209655947 74.8172271617 19 19 19 19 19 19 19 19 19 19
0 0 0 0 0 0 0 0 0 0 0 0 0 0 0 0 0 0 0 0 0 0 0 0 0 0 0 0 0 0 0 19 19 19 19 19 19 19 19 19 19 19 19 19 19 19 19 19 19 48.8530374488 19 19 19 36.1344685513 51.2010670221 51.2010670221 51.2010670221 19 19 19 19 19 19 55.104940545 19 19 19 19 19 19 19 19 19 19 19 19 19 19 19 19 19 19
0 0 0 0 0 0 0 0 0 0 0 0 0 0 0 0 0 0 0 0 0 0 0 0 0 0 0 0 0 0 0 19 19 19 19 19 19 19 19 19 19 19 19 19 19 19 19 19 19 48.8530374488 48.8530374488 19 19 19 36.1344685513 19 19 19 19 19 19 19 19 19 19 19 19 19 19 19 19 19 19 19 19 19 19 47.5021912489 19 19 19 36.260602262
0 0 0 0 0 0 0 0 0 0 0 0 0 0 0 0 0 0 0 0 0 0 0 0 0 0 0 0 0 0 0 0 19 19 19 19 19 19 19 19 19 19 19 19 19 19 19 19 19 19 19 19 57.1467464193 19 19 19 19 19 19 19 19 19 19 19 19 19 19 19 19 19 19 19 19 19 19 19 19 19 47.5021912489 52.0180390036 52.0180390036 36.260602262
0 0 0 0 0 0 0 0 0 0 0 0 0 0 0 0 0 0 0 0 0 0 0 0 0 0 0 0 0 0 0 0 19 19 19 19 19 19 19 19 19 19 19 19 19 19 19 19 19 19 19 19 19 19 19 19 19 19 19 19 19 19 19 19 19 19 19 19 19 19 19 19 19 19 19 19 19 19 19 52.0180390036 52.0180390036 36.260602262
0 0 0 0 0 0 0 0 0 0 0 0 0 0 0 0 0 0 0 0 0 0 0 0 0 0 0 0 0 0 0 0 0 19 19 19 19 19 19 19 19 19 19 19 19 19 19 19 19 31.668190899 19 19 19 19 19 19 44.6644775373 19 19 19 19 19 19 19 19 19 19 19 19 19 19 19 19 19 19 19 19 19 19 19 52.0180390036 36.260602262
0 0 0 0 0 0 0 0 0 0 0 0 0 0 0 0 0 0 0 0 0 0 0 0 0 0 0 0 0 0 0 0 0 19 19 19 19 19 19 19 19 19 19 19 35.960631914 19 62.4696147241 62.4696147241 19 19 19 19 60.2204026326 19 19 19 19 44.6644775373 19 19 19 19 19 19 19 19 19 19 19 19 19 19 19 19 19 19 19 19 19 19 19 19
0 0 0 0 0 0 0 0 0 0 0 0 0 0 0 0 0 0 0 0 0 0 0 0 0 0 0 0 0 0 0 0 0 0 19 19 19 19 19 19 19 19 48.371817536 19 45.872343699 45.872343699 19 19 19 19 19 19 19 19 19 19 44.6644775373 19 19 19 19 19 19 19 19 19 19 19 19 19 19 19 19 19 19 19 19 19 19 19 19 19
0 0 0 0 0 0 0 0 0 0 0 0 0 0 0 0 0 0 0 0 0 0 0 0 0 0 0 0 0 0 0 0 0 0 0 19 19 19 19 19 53.8145880831 69.4107000439 48.371817536 48.371817536 48.371817536 19 19 19 19 19 19 19 60.2204026326 19 19 19 19 19 19 19 19 19 19 19 19 19 19 19 19 19 19 19 19 19 19 19 19 19 19 65.9522131979 65.9522131979 19
0 0 0 0 0 0 0 0 0 0 0 0 0 0 0 0 0 0 0 0 0 0 0 0 0 0 0 0 0 0 0 0 0 0 0 19 19 19 19 19 53.747838906 53.747838906 69.4107000439 48.371817536 19 19 19 19 19 19 19 19 19 19 19 19 19 19 35.0134771579 35.0134771579 19 35.4535432135 35.4535432135 19 19 19 19 19 19 19 19 19 19 19 19 19 19 19 65.9522131979 71.1163453828 71.1163453828 61.7607868111
0 0 0 0 0 0 0 0 0 0 0 0 0 0 0 0 0 0 0 0 0 0 0 0 0 0 0 0 0 0 0 0 0 36.6976416792 36.6976416792 50.7903213564 43.6984127257 43.6984127257 19 19 53.747838906 53.747838906 69.4107000439 19 19 19 19 19 47.542103136 19 19 19 19 19 19 19 19 35.0134771579 35.0134771579 44.0261497354 19 35.4535432135 48.9537870928 35.4535432135 19 19 19 19 19 19 19 19 19 19 19 19 19 19 19 71.1163453828 71.1163453828 41.943811863
0 0 0 0 0 0 0 0 0 0 0 0 0 0 0 0 0 0 0 0 0 0 0 0 0 0 0 0 0 0 48.2909749713 40.4301407631 38.4034201544 28.5001013157 28.6984414553 50.7903213564 43.6984127257 43.6984127257 41.4203327583 19 19 19 19 19 19 19 19 41.3108461897 19 19 19 19 19 19 19 19 19 19 44.0261497354 44.0261497354 19 48.9537870928 48.9537870928 19 19 19 19 19 19 19 19 19 19 19 19 19 19 19 19 41.943811863 41.943811863 41.943811863
0 0 0 0 0 0 0 0 0 0 0 0 0 0 0 0 0 0 0 0 0 0 0 0 0 0 0 0 58.0115917969 42.5578261285 42.5578261285 40.5350229369 31.7766538441 39.6682289533 36.4395620206 36.6976416792 50.7903213564 43.6984127257 19 19 19 19 19 19 19 19 41.3108461897 41.3108461897 19 19 19 19 19 19 19 19 19 19 60.7026542587 47.2209368847 47.2209368847 47.2209368847 48.9537870928 19 19 19 19 19 19 19 19 19 19 19 19 19 19 19 19 40.2453023456 38.2598361612 19
0 0 0 0 0 0 0 0 0 0 0 0 0 0 0 0 0 0 0 0 0 0 0 0 0 42.8988405735 50.6741216216 34.1587271924 34.1587271924 34.1587271924 42.5578261285 40.5350229369 33.4820365933 27.7375149367 38.7268165406 54.7063549248 0 0 19 19 19 19 19 19 19 19 45.7561669286 41.3108461897 41.3108461897 19 19 19 19 19 19 19 19 19 19 47.2209368847 47.2209368847 69.2170478101 19 19 19 19 19 19 19 19 19 19 19 19 19 19 19 19 19 50.6288456322 50.05547681 56.2577498937
0 0 0 0 0 0 0 0 0 0 0 0 0 0 0 0 0 0 0 0 0 0 0 0 0 42.8988405735 50.6741216216 50.6741216216 34.1587271924 34.1587271924 42.5578261285 44.4651887959 40.1334576828 45.1332057357 0 0 0 0 19 19 19 19 19 19 19 19 44.938739778 19 19 19 19 19 19 19 19 19 19 19 19 69.2170478101 69.2170478101 59.4172991741 19 19 19 19 19 19 19 19 19 19 19 19 19 19 19 19 19 52.2503815583 19 19
0 0 0 0 0 0 0 0 0 0 0 0 0 0 0 0 0 0 0 0 0 0 0 0 0 57.1963571753 42.8988405735 50.6741216216 34.1587271924 50.6089134352 0 0 0 0 0 0 0 0 0 19 19 19 19 19 19 52.7272890823 52.7272890823 44.938739778 19 19 19 19 19 19 19 19 19 19 19 59.4172991741 59.4172991741 59.4172991741 19 19 19 19 19 19 19 19 19 19 19 56.1089645509 56.1089645509 43.2612400769 46.6007368961 46.6007368961 19 62.4530308714 56.1258471957 56.2577498937
0 0 0 0 0 0 0 0 0 0 0 0 0 0 0 0 0 0 0 0 0 0 0 0 0 0 0 0 0 0 0 0 0 0 0 0 0 0 0 0 19 19 19 19 19 52.7272890823 52.7272890823 52.7272890823 19 19 19 19 19 19 19 19 19 19 19 19 19 19 19 19 19 57.760635708 57.8431237097 57.8431237097 41.6583305348 19 19 59.1384658291 38.1924362804 56.1089645509 56.1089645509 43.2612400769 43.2612400769 46.6007368961 19 19 55.3294534733 55.3294534733
0 0 0 0 0 0 0 0 0 0 0 0 0 0 0 0 0 0 0 0 0 0 0 0 0 0 0 0 0 0 0 0 0 0 0 0 0 0 0 0 0 19 19 19 19 19 19 19 19 19 19 19 19 19 19 19 19 19 19 19 19 19 19 19 57.760635708 57.760635708 57.8431237097 57.8431237097 41.6583305348 41.6583305348 59.1384658291 59.1384658291 37.6687098441 56.1089645509 56.1089645509 43.2612400769 46.6007368961 46.6007368961 62.4530308714 35.5698003718 55.3294534733 55.3294534733
0 0 0 0 0 0 0 0 0 0 0 0 0 0 0 0 0 0 0 0 0 0 0 0 0 0 0 0 0 0 0 0 0 0 0 0 0 0 0 0 0 19 19 19 19 74.912999193 74.912999193 74.912999193 19 19 19 19 19 19 19 19 19 19 19 19 19 19 19 19 19 57.760635708 57.8431237097 57.8431237097 41.6583305348 19 19 19 19 19 19 19 19 19 19 19 19 36.7035905514
0 0 0 0 0 0 0 0 0 0 0 0 0 0 0 0 0 0 0 0 0 0 0 0 0 0 0 0 0 0 0 0 0 0 0 0 0 0 0 0 0 0 19 19 19 19 74.912999193 45.3319332503 19 19 19 19 19 19 19 19 19 19 19 19 19 19 19 49.3478676831 49.3478676831 19 19 19 19 19 19 19 19 19 19 19 19 19 19 19 19 43.7782924248
0 0 0 0 0 0 0 0 0 0 0 0 0 0 0 0 0 0 0 0 0 0 0 0 0 0 0 0 0 0 0 0 0 0 0 0 0 0 0 0 0 0 0 19 19 19 65.3712318727 19 19 19 19 19 19 19 19 19 36.1363078919 36.1363078919 19 19 19 19 19 49.3478676831 19 19 19 19 19 19 19 19 19 19 19 19 19 19 19 19 19 43.7782924248
0 0 0 0 0 0 0 0 0 0 0 0 0 0 0 0 0 0 0 0 0 0 0 0 0 0 0 0 0 0 0 0 0 0 0 0 0 0 0 0 0 0 0 19 19 55.4086362563 55.4086362563 55.4086362563 19 19 19 19 19 19 19 19 36.1363078919 36.1363078919 19 19 19 19 19 19 19 19 19 19 19 19 19 19 19 19 19 19 19 19 19 19 19 19
0 0 0 0 0 0 0 0 0 0 0 0 0 0 0 0 0 0 0 0 0 0 0 0 0 0 0 0 0 0 0 0 0 0 0 0 0 0 0 0 0 0 0 0 19 55.4086362563 55.4086362563 69.0851454997 19 19 19 19 19 58.7586370896 58.7586370896 19 19 36.1363078919 19 19 19 19 19 19 19 19 19 19 19 19 19 19 19 19 19 19 19 19 19 19 19 19
0 0 0 0 0 0 0 0 0 0 0 0 0 0 0 0 0 0 0 0 0 0 0 0 0 0 0 0 0 0 0 0 0 0 0 0 0 0 0 0 0 0 0 0 19 19 55.4086362563 46.0946134269 19 19 19 19 51.1995312368 58.7586370896 58.7586370896 38.0883754775 19 19 19 19 19 19 19 19 19 19 19 19 19 19 19 19 19 19 19 19 19 19 19 19 19 19
0 0 0 0 0 0 0 0 0 0 0 0 0 0 0 0 0 0 0 0 0 0 0 0 0 0 0 0 0 0 0 0 0 0 0 0 0 0 0 0 0 0 0 0 19 19 19 19 19 19 19 19 51.1995312368 51.1995312368 51.1995312368 19 19 19 19 19 19 19 19 19 19 19 19 19 19 19 19 19 19 19 19 19 19 19 19 19 19 19
0 0 0 0 0 0 0 0 0 0 0 0 0 0 0 0 0 0 0 0 0 0 0 0 0 0 0 0 0 0 0 0 0 0 0 0 0 0 0 0 0 0 0 0 0 19 19 19 19 19 60.8248178264 19 19 70.9241880123 19 19 19 19 19 19 19 19 19 19 19 19 19 19 19 19 19 19 19 19 19 19 19 19 19 19 19 19
0 0 0 0 0 0 0 0 0 0 0 0 0 0 0 0 0 0 0 0 0 0 0 0 0 0 0 0 0 0 0 0 0 0 0 0 0 0 0 0 0 0 0 0 0 19 19 19 19 19 19 60.8248178264 19 19 19 19 19 19 19 19 19 19 19 19 19 19 19 19 19 19 19 19 19 19 19 19 19 19 19 19 19 19
0 0 0 0 0 0 0 0 0 0 0 0 0 0 0 0 0 0 0 0 0 0 0 0 0 0 0 0 0 0 0 0 0 0 0 0 0 0 0 0 0 0 0 0 0 19 19 19 38.0888043961 38.0888043961 58.4854154271 19 19 19 19 19 19 19 19 19 19 19 19 19 19 19 19 19 19 19 19 19 19 19 19 19 19 19 19 19 19 19
0 0 0 0 0 0 0 0 0 0 0 0 0 0 0 0 0 0 0 0 0 0 0 0 0 0 0 0 0 0 0 0 0 0 0 0 0 0 0 0 0 0 0 58.231257938 50.5068718944 53.4244998478 19 19 38.0888043961 38.0888043961 19 19 19 19 19 19 19 19 19 19 19 19 19 19 19 19 19 19 19 19 19 19 19 19 19 19 19 19 19 19 19 19
0 0 0 0 0 0 0 0 0 0 0 0 0 0 0 0 0 0 0 0 0 0 0 0 0 0 0 0 0 0 0 0 0 0 0 0 0 0 0 0 0 45.8188519962 53.4244998478 58.231257938 50.5068718944 50.5068718944 19 56.5093087507 19 54.7412817081 19 19 19 19 19 19 19 19 19 19 19 19 19 19 19 19 19 19 19 19 19 19 19 19 19 19 19 19 19 19 19 19
0 0 0 0 0 0 0 0 0 0 0 0 0 0 0 0 0 0 0 0 0 0 0 0 0 0 0 0 0 0 0 0 0 0 0 0 0 0 0 37.9252888101 59.7412878671 58.231257938 58.231257938 47.7902347133 50.5068718944 50.5068718944 19 19 19 46.2615408947 19 19 19 19 19 19 19 19 19 19 19 19 19 19 19 19 81.2140889312 81.2140889312 19 19 19 19 19 19 19 19 19 19 19 19 19 19
0 0 0 0 0 0 0 0 0 0 0 0 0 0 0 0 0 0 0 0 0 0 0 0 0 0 0 0 0 0 0 0 0 0 0 0 0 0 73.187450581 53.4244998478 53.4244998478 58.231257938 58.231257938 59.7412878671 53.4244998478 0 0 19 19 19 19 19 19 19 19 19 19 19 19 19 19 19 19 19 19 19 19 19 19 19 19 19 19 19 19 19 19 19 19 19 19 19
0 0 0 0 0 0 0 0 0 0 0 0 0 0 0 0 0 0 0 0 0 0 0 0 0 0 0 0 0 0 0 0 0 0 0 0 0 0 73.187450581 53.4244998478 53.4244998478 59.7412878671 58.231257938 0 0 0 0 19 19 19 19 19 19 19 19 19 19 19 19 19 19 19 19 19 19 42.6713805304 19 19 19 19 19 19 19 19 19 19 19 19 19 19 19 19
0 0 0 0 0 0 0 0 0 0 0 0 0 0 0 0 0 0 0 0 0 0 0 0 0 0 0 0 0 0 0 0 0 0 0 0 0 0 73.187450581 73.187450581 69.5952949702 0 0 0 0 0 0 19 19 19 19 19 19 19 19 19 19 19 19 19 19 19 19 19 40.8603948316 40.8603948316 40.8603948316 19 19 19 19 19 19 19 19 19 19 19 19 19 19 19
0 0 0 0 0 0 0 0 0 0 0 0 0 0 0 0 0 0 0 0 0 0 0 0 0 0 0 0 0 0 0 0 0 0 0 0 0 0 0 0 0 0 0 0 0 0 0 0 19 19 19 19 19 19 19 19 19 19 19 19 19 19 19 19 19 40.8603948316 40.8603948316 19 19 19 19 19 19 19 19 19 19 19 19 19 19 19
0 0 0 0 0 0 0 0 0 0 0 0 0 0 0 0 0 0 0 0 0 0 0 0 0 0 0 0 0 0 0 0 0 0 0 0 0 0 0 0 0 0 0 0 0 0 0 0 0 0 19 19 19 19 19 19 19 19 19 19 19 19 19 19 43.4408598229 41.8961194402 41.8961194402 19 19 19 19 19 19 19 19 19 19 19 19 19 19 19
