Spatial_Output/BAU/BAU_0043.asc
NCOLS 155
NROWS 192
XLLCORNER 196307.867259
YLLCORNER 449144.565805
CELLSIZE 33.573938
NODATA_VALUE NaN
[rows 78 to 103 of 192, columns 57 to 113 of 155]
45.5801786127 45.7821407638 45.3779447035 45.7804457661 46.1962594523 45.4963009315 46.3138401055 45.6136352831 45.5409531277 45.7020489558 45.5000038327 59.5936583255 56.6621818094 65.7539020794 46.371964789 45.5153652195 45.0074256761 46.0972784738 45.2220875929 45.6361193133 46.0993113539 46.3314730028 45.8579724715 45.8243995019 45.8557118641 46.153752816 45.8799002746 46.0646967798 45.8056014734 45.6367591761 46.253037278 45.9703703773 45.8890367296 46.2944305291 45.8744567327 46.3275925972 46.1315225731 45.7595645153 45.5570935447 46.1667612899 46.3890721723 45.1068705603 45.0218498451 46.1826488145 45.3598171108 56.9018386118 56.9018386118 45.3062135999 45.727562913 45.093367908 45.8486398968 46.3240635068 45.5828102967 46.0240409489 45.2119155799 45.149669867 46.1778275251
45.1871936081 46.3141115994 45.3905914001 45.1129518424 45.7845234274 45.8140150867 45.49324943 45.7750820918 45.4266020396 46.3860261223 45.5283473821 58.5947799154 57.7086832863 62.2971047356 45.3900330612 46.1867089434 46.0782567809 45.5262466015 46.396170943 45.1901160459 45.6617064695 46.1705520669 45.6612858784 46.2796507285 46.034510556 46.1077711017 46.0379793534 46.3528332713 45.7519042359 46.2485709001 45.8112011964 45.8623532502 45.3528585761 45.2639566464 45.0476313793 46.2366332827 45.8721370683 46.1756749296 45.1284253864 46.2011200974 45.1572983429 45.0021944492 45.0105570012 45.4397957525 45.1991254536 45.5853379988 45.7355671723 46.2954044397 45.3102043592 46.0666951124 45.0228062502 46.1549766313 45.4384298132 45.7768784531 45.190194127 45.2869348628 46.3315351209
45.5600130875 45.1164607295 45.8062701534 45.2764140339 45.8923782199 46.0418701264 45.7384539593 45.4343905114 45.724341725 46.3338515876 46.3081611445 45.3162588191 45.9706291955 45.8286982882 46.0733995053 46.1094780092 77.0892543286 46.1905357985 45.2377419843 45.8039202016 46.2751270367 45.9152922823 45.6296888977 45.2655471986 45.6428374885 45.1328676951 46.1544201283 45.6557551655 45.3861651413 45.8776170872 45.7594582457 46.0715833084 45.795999022 45.7352048571 46.2774314559 45.2892712263 45.0113485035 46.3270663391 45.3067944984 46.0729416247 45.2848485882 46.3292655843 45.3112538339 45.8862738675 45.5076286058 45.7340292825 46.1627781601 45.2623832995 45.6138089511 46.0394698373 45.5326084291 45.0223514407 45.987039128 45.2544244878 46.1847278193 45.6735544133 45.1221540297
46.0285833778 46.3717399691 45.8987547683 46.2948800879 45.772649442 45.0112237017 46.3285575441 45.7592983132 45.3099577766 46.0725512282 45.7023652068 45.8669254429 45.109193659 45.4897887297 45.5732810357 45.3881520317 46.2407907492 45.8547274343 45.8167471857 45.2430574607 45.8658661284 45.7954638082 46.3028459751 46.1071886305 45.6435898991 45.9830001892 45.3672437863 45.211112439 45.7493634447 45.3825472111 46.3267109238 45.6497811556 45.8682702706 46.326137512 45.8811736461 45.827555591 45.7756498889 45.5999735903 45.0254034871 46.3743962077 45.583806825 46.2084757264 45.2879133666 45.2699837768 46.0122945128 46.189222157 46.0667043295 45.7634638059 45.8591109835 46.2135380068 46.0623340632 45.1543927314 46.245252778 46.0346596666 45.8062490862 45.3602311972 46.0743949491
45.0726010938 46.3676245911 45.1886250647 46.3187804591 45.575591117 45.3163127043 45.7070502652 45.7737399653 45.5524561313 45.7656949343 45.421110071 45.1825940053 46.1093874208 45.185542727 45.0873946511 46.1192008513 46.0288177154 80.2619743922 80.2619743922 80.2619743922 45.2579214502 45.0173335849 46.2979761525 45.7828280164 46.1394871046 45.2823242301 45.2764754692 46.0238461384 45.2392840513 46.314057833 45.4730380359 46.4034843728 45.927410112 45.4093552777 46.3398390062 46.1704955844 45.8844184896 45.237001836 45.4183241793 45.7504394994 45.1449195769 45.2350761507 45.735583689 45.9781765127 46.3679915095 45.0142183882 45.2605859254 45.590009988 45.0976509253 45.8605165303 45.9540354027 46.0726708353 45.3115717167 45.0398719883 45.6039311075 46.1494626741 45.3431638183
45.1228979643 45.4042152461 45.9060761628 45.4473154943 46.1431878612 46.3921655984 58.8713910151 58.8713910151 58.8713910151 58.8713910151 46.3885647137 45.3573517597 46.2746186214 45.2316026327 46.1267273739 45.5998752559 45.0992980861 46.2001407289 80.2619743922 45.0533330787 46.1784683835 46.3899121816 45.2369483952 46.2751638261 46.1923968797 45.8803930847 45.805667853 45.6448707374 45.9539693325 45.5934947153 45.7169856158 45.4493119499 46.3376233661 45.6057581835 46.0076771342 46.0017761329 45.1840552559 45.1393552668 45.4116106807 45.0481567827 45.7044865499 46.331611366 45.1130200626 45.2092615692 45.8149225044 45.3539043093 46.3686991547 45.1422166676 45.5376504137 45.7694327038 45.494754259 45.9060407017 45.172262964 45.2746723369 46.2017158134 45.3565524571 45.5740446884
46.2391521597 45.7511355404 46.0518250552 46.3236048149 46.222720172 45.5541761159 46.1892763982 58.8713910151 58.8713910151 46.0959324027 45.4398211881 45.6339889374 45.8902806797 46.1135059251 45.2919172412 46.3566309655 45.3475185103 45.8361112737 45.0595767476 46.1902436007 45.0521455607 45.9273718209 46.1586465305 46.1197086608 45.2199689813 45.8225644453 45.2237989847 46.0716504869 46.0331271921 45.8986998278 45.0371404177 45.0658925455 46.0138409528 45.6948835464 45.1379656309 45.7233515819 45.0246549585 45.9255180609 45.3290911278 46.1545009532 45.6000821632 45.0900053881 46.1083332412 46.1544339731 45.4232623899 46.4017618328 45.8515676902 45.4531860584 45.3072093932 45.6833756061 45.363496558 45.3148477741 46.3795436768 45.5195180291 45.118464129 45.4938444724 45.2087994759
45.0309311631 45.5565498931 45.2334076875 45.925701297 46.2662443231 45.3085040351 45.5689328876 55.7268080636 45.4186901732 45.6037964105 45.4255920981 45.7295132654 46.3199046162 45.5466721772 45.707009811 45.9757200307 45.4873861674 45.6195457779 45.9295676148 45.8744125194 45.7606787452 46.1744302438 46.1618788277 46.004412062 45.4657166618 45.7755683329 45.9152153213 45.2353267028 45.6865759404 45.8914119545 46.407821036 46.0232947064 45.0671120891 45.0573608819 45.9856825439 45.0858895634 45.0001377487 45.7803335475 45.4014620386 46.1808675875 46.0767602137 45.6321295664 46.222342491 46.2115576988 45.9883574009 45.7259493777 45.5518580265 49.6242532991 45.3993014371 45.919635924 45.3678120657 45.6751682938 46.228097122 46.2132398507 45.7029870234 45.0141742996 45.8134804636
45.6556685395 45.6850742632 45.4906547767 45.6202059804 45.4650748184 46.1950844824 45.7256678149 46.0260288026 45.4888285933 45.7354354848 45.4786455784 45.2158371857 45.6047211912 45.2401552612 46.1776244682 45.1748482957 45.9181117774 45.5055414951 45.9992298107 46.0780150655 45.1091225047 45.504346062 45.6477753836 46.1475448912 45.7780338125 45.5341707207 45.6895595415 45.7288528067 45.1002931626 45.3297034932 46.3496823212 45.405893774 45.0228648239 45.2396833022 46.0727912565 45.4880059621 45.667610482 46.2667272925 45.0396139638 45.2439959707 45.1415449328 45.7250642367 46.158062977 45.3599232247 46.0572049366 45.7991626352 45.9505611119 46.1414980792 46.3009224843 45.0892974825 45.5008469944 45.7613099662 45.8093466475 45.0978804672 45.7990491576 46.3718042951 45.6223305485
45.2699887881 45.0150788706 45.7058176492 45.6676991284 45.6872636789 45.2727991022 46.3896906777 45.5958128922 45.2282937428 45.2510823522 45.1912565671 45.6775825644 46.3766826765 45.4659225899 46.1014376196 45.0868809399 46.4087757258 45.0467326661 46.1172548019 45.7263872893 45.4933841593 46.306573038 45.4502251883 46.4025128168 45.6349727188 45.6395937383 45.196073728 45.4814261244 45.2991524259 46.2768506859 45.2486597593 45.6363808878 45.3344482764 46.1366056523 45.5028819639 46.3301062569 45.3791792726 45.2986223435 45.5496021818 46.0552355761 45.7168307262 46.3008179976 45.2168214442 46.3481558939 45.9780999568 45.1261281251 55.2395387309 45.1404613414 45.0900007975 45.7379886981 46.1318839322 46.2600132777 46.0746538998 46.3568504667 46.147977396 46.3026300645 45.235085282
45.4852864784 45.5311632935 45.8257390208 45.9885990458 45.3524585176 45.2523989617 45.8994921505 45.4845231397 46.1346844134 45.5689300805 45.3623625491 45.9013305047 45.8186794327 46.0957733036 45.9879314128 45.2186732589 45.105666058 45.1538182994 46.0832600359 45.4179477361 45.6030540636 45.5410727358 45.6426632248 45.3372810874 45.1510194769 45.1669775409 45.121143223 46.1399896027 46.2216260635 45.9717591683 45.814110791 46.371301954 45.0942174946 46.2316626674 46.0266257272 45.9458176176 46.3076162253 45.362089278 45.1008977044 45.3949242978 45.6882274191 45.445338767 46.2548368886 45.1797417158 45.6699617232 46.066035872 45.9818578295 45.0758810719 46.3481773141 45.246926354 45.6548888127 45.540162929 45.4570774065 46.3491435495 45.0054599288 45.6470754802 45.5615131253
45.2649240074 46.4067052413 45.0121856154 45.1772492798 46.2602549629 45.2353916708 46.100111213 45.415579473 45.0540034705 45.9483908405 45.0041629648 45.9758359312 46.3971856982 45.0249712835 46.2704016315 46.1389126314 45.9790144007 45.6725100714 45.1851820149 45.9987948191 45.3969564465 71.223019043 84.6620843679 84.6620843679 65.0890004266 81.9319287853 45.7262813132 46.1209965003 45.1555794091 45.8678619852 46.2014739241 46.0602821898 45.1908314749 46.0624380871 45.3090470774 46.0744323294 45.0063653173 45.3065398332 45.1114596965 45.5508558714 45.1700776973 45.5491456454 45.2871155329 45.8914436521 45.3501059587 45.5358365763 45.7221868991 46.1059215497 45.1362812812 45.3991130983 46.1119999587 46.2576585018 45.5508227226 46.3545591805 45.749179127 45.0511840801 45.967037264
45.3799269587 45.1728847808 45.7998716449 46.3546595966 45.6077683453 45.873895 45.5216269717 45.383617404 45.6032740064 45.218649357 45.3003212774 46.3706086307 45.3425167819 45.4019752184 45.3745384766 46.2943986842 45.2885955333 46.1811378361 46.24208805 46.3790585182 71.223019043 71.223019043 71.223019043 84.6620843679 45.3036944422 65.0890004266 81.9319287853 45.1777502895 45.9926938371 46.0292502265 46.0813776028 46.0732492383 45.2703150685 45.3788484748 45.566541389 45.3918838378 45.6069905754 45.5542845383 46.3739081125 46.2168474354 45.9613740583 46.2039437576 46.1044367058 45.0273050652 46.0880836812 46.0235229162 45.7344290796 46.0346806229 45.3752553626 46.1516801197 46.2719616918 45.8320554904 46.2488219158 45.3949034907 45.4102408109 46.20276938 45.2111480018
46.3537731532 45.0941712425 45.4464287979 45.2220700598 45.0011703088 45.3790579363 45.5030091108 46.2168527888 46.1012459502 45.6948227963 45.2231856645 45.6716605504 45.9039683176 45.3744405439 45.6593241656 45.8822690749 46.0176567273 46.3400098817 45.7117150706 45.884363295 45.5129506819 71.223019043 84.6620843679 46.1065518605 65.0890004266 46.2421434464 45.1780153596 45.3149095826 46.3149665571 45.1360628205 45.9734079185 45.7265409532 45.254211277 46.3364704327 45.8829560913 45.3672147298 45.8295909061 45.5514999323 45.2858450292 45.5690838894 45.5806876751 46.0472668866 45.8587940866 45.2597241419 45.7844808757 46.0357865417 45.7893344002 45.6700905942 45.8831373529 45.553254708 45.7842543471 45.3711886664 46.3938950727 46.3758311786 46.3034772477 46.1821457068 45.8543664969
45.6250060575 46.3320586386 45.458312656 45.8879514356 45.1633352402 45.2825146913 46.3999888263 46.2914011627 45.7132355066 46.2588777312 45.8644538461 45.201238241 45.4438336326 46.2138253053 46.3341606405 45.1814699786 45.4466978631 46.1699494758 45.4575381925 45.8437274549 46.0708921101 45.9371280347 45.7689156904 46.1073155539 45.4543704841 45.3495590062 46.1101742683 45.0870498043 46.3541273854 46.2760150515 45.9105953605 46.1924013319 45.0973088533 46.2973009832 45.1342408162 46.1925024385 46.2032522868 45.4558684442 45.4655672394 46.2222750691 45.1652846488 45.3110913063 45.0713956585 45.5297502665 45.9004980799 45.0806461732 46.1327516211 45.490163652 45.5722914882 45.3622263716 46.2746093858 45.8547126661 45.649797262 45.4856939446 45.0879424641 45.633452948 45.4691844632
46.183405293 46.0292060959 45.7387139623 46.3041139319 45.8756346174 45.1012414839 46.3786257762 46.0091310013 45.8485966352 46.3225958969 45.7756127615 46.1928362077 45.8734300367 45.4989927196 45.9197732484 46.1486213661 45.7584795377 45.7193851196 46.3772773708 45.7859947468 45.7093158045 45.2605840577 46.3250491877 45.0923500137 46.3377614901 45.576208068 45.0833854551 45.9820768456 45.1993190714 45.5367465486 45.5923126688 45.3612053612 45.982188661 45.9140810604 45.5727005174 45.2605535051 46.1884438127 46.3622596943 45.3200078873 45.1710468409 46.183416144 45.0564610362 45.4344028003 46.1603704935 45.7497798732 46.3077844175 45.1215314569 45.6747118557 46.4009249366 45.2895788851 45.5034346017 46.0129786218 45.3366622491 45.8045511141 45.5353497908 45.4950181537 45.6621854395
45.2853424979 45.5056800791 45.0980934485 45.1320982736 46.0213048633 46.1512621931 46.0745556831 45.5185565364 45.0915913059 45.7056141922 45.2500212999 45.8819738922 45.0672694824 45.4166982109 45.8454787952 45.8028438612 46.0268206668 46.1882100443 45.8299427212 46.0876870261 45.4386526855 45.928696534 45.8708009453 46.0229192182 45.9727298035 45.0648872445 46.3774360191 45.2208070903 46.0420415838 45.7119417078 45.5529189832 45.6533137149 45.5476649103 46.3690952117 46.3458397605 45.943333295 45.7665099927 45.4576585331 45.0857160317 45.2245031021 45.3816423781 45.3214968338 45.3301327353 45.5642082163 45.4340609787 45.7488212459 45.0686961405 45.4928739497 45.496524297 46.3554635479 46.0550868562 45.6434603917 83.7986302149 45.5889636912 45.8604068863 46.0785838834 45.3678483849
45.2985385837 45.5381064969 46.0530969196 45.9521129226 45.1164259229 45.3362932693 46.2652227188 45.7376699128 46.1627531466 46.2056541618 45.6851994288 46.0831778261 45.3769610089 46.1650684537 45.7255786063 45.5566313115 46.2035718214 45.6533733928 46.110907896 45.0830203409 45.3278589391 46.3132315667 46.2488717407 45.7571254283 45.7329604208 45.4450780063 45.0683456329 45.2326581422 45.836274833 46.3659619446 45.9043433756 45.0768491742 45.8207574485 46.3326631785 45.7320506324 46.1355740417 45.9880412111 46.3953225876 45.6374276118 64.3691138873 45.8373261412 68.394404033 89.0739236843 62.535740827 83.118104526 76.3917256383 45.2309257048 57.2839882871 57.2839882871 54.8104165761 54.8104165761 46.0142500852 45.4548647406 83.7986302149 45.4984362422 45.6497435406 45.6337163575
45.0247137 45.6853308121 45.8124084018 46.3201066275 46.0314439872 45.3037109156 45.1736892447 45.3464314436 45.3294500735 46.1864165698 45.5289212099 45.1330945626 46.2126261332 45.3784002505 45.9872267851 45.8628220444 45.0889860882 45.8891277426 46.3199256802 46.394414873 45.7011151395 56.8746122085 45.9910728107 56.3402160185 46.0306696242 75.3149718554 97.0789015239 46.2295652887 66.5487796222 75.3209249305 63.8091890579 63.8091890579 64.036394601 79.2461837634 78.8710580138 78.8710580138 45.9534716489 46.1865068797 45.3094170567 64.3691138873 64.3691138873 89.0739236843 89.0739236843 89.0739236843 62.535740827 76.3917256383 76.3917256383 57.2839882871 57.2839882871 54.8104165761 54.8104165761 55.4761745808 83.7986302149 45.3689444293 45.2719606714 46.3576997897 46.1837905684
45.4755460701 45.4958248604 45.7254794236 45.1595100569 46.1027039206 57.8968495375 73.9134731398 73.9134731398 46.2323466742 59.3345848021 72.5283043173 46.4045337268 54.85705859 58.5223545152 58.5223545152 45.2147393042 46.2680523685 46.1361580267 45.795968389 45.6455248875 45.9958741829 56.8746122085 45.7981889692 56.3402160185 56.3402160185 97.0789015239 97.0789015239 66.5487796222 66.5487796222 66.5487796222 63.8091890579 69.7884169894 79.2461837634 79.2461837634 79.2461837634 78.8710580138 45.7331520245 45.4399413854 46.2079287799 64.3691138873 64.3691138873 68.394404033 89.0739236843 62.535740827 45.5139129167 46.1426725888 61.7568581754 45.55532837 57.2839882871 46.0424503708 54.8104165761 55.4761745808 46.1893413642 45.4388300959 45.4902982436 45.3505652444 45.8548215347
46.3247209143 46.1825281918 45.2026125118 45.2549375485 45.3957927263 57.8968495375 73.9134731398 73.9134731398 73.9134731398 59.3345848021 72.5283043173 46.3383606288 46.0530630064 58.5223545152 58.5223545152 57.8797999376 45.2309604342 45.0090224531 46.3584710407 84.1625883921 45.7809509173 45.6042144233 72.5794945694 56.3402160185 45.2650669511 64.6078704891 97.0789015239 45.3557350637 66.5487796222 75.3209249305 63.8091890579 69.8925381185 69.7884169894 79.2461837634 45.5216936501 45.09915182 45.9567136052 45.4792482248 45.2355303934 45.3469610788 45.2446793562 68.394404033 45.2166603667 45.701054722 45.3254260834 45.1973960158 45.1890522637 45.1121700182 46.0577012001 46.3858411365 45.7749571215 45.9454889014 46.2376486192 45.4678015179 46.0635317327 46.3501147073 45.228645252
45.3885544233 46.0744506775 46.2763681377 45.0945359253 46.0469478189 45.3078249484 45.360690572 73.9134731398 45.0845034872 59.3345848021 45.220678066 45.7989072016 45.9923049782 58.5223545152 45.6200712127 45.5320623299 57.8797999376 45.8551399289 45.7732370424 45.7904985174 46.3058911045 45.3942794414 46.2268528928 46.4045162106 45.9089776234 75.3149718554 45.8075435212 45.8650155611 45.7035671767 46.1965906202 45.5204227646 45.9540517615 45.2344767692 45.2330643207 46.0509117029 45.4854424138 45.5983738985 46.3426829789 45.6682786176 45.445353564 45.5786549501 45.6494384341 45.437645782 46.1488491627 46.1040936858 45.4615017505 45.9877465082 46.2217872415 45.8213981263 46.3508863263 46.044308546 45.6620403631 45.0192853498 45.846868193 46.2782889601 46.3541262855 45.223532151
46.3584513128 45.2904202821 45.9151073787 45.2424234418 46.2292429445 45.0540658397 45.8643505381 45.944125117 46.4041934941 46.4097007855 45.4250407315 45.1907977585 45.9756277638 46.2223084342 45.5481222223 45.1828033275 45.9162363208 45.3633845268 45.1711421466 45.8481381761 45.4787761355 45.9767140173 45.6106888771 46.2389120328 45.7176254475 45.1652787921 46.384902497 46.1996087156 45.9654651438 45.2253046315 45.572627477 45.7705144822 45.2104955108 45.0700945022 46.284416482 45.28927126 46.1788740789 45.8502429418 45.7231971077 45.2430908091 45.7689045005 46.2238458481 46.2602680988 46.3495750646 45.8482722387 45.7621167585 45.2751659004 46.0525284119 46.3971622234 45.673767593 46.0358803811 45.291781938 46.312525755 68.8676685623 68.8676685623 68.7838583538 45.4513720476
46.2159247938 45.6749879184 45.7050814949 46.364811532 46.0955650486 46.1261649679 45.8411589878 46.3117702994 45.9321938218 45.6383615387 45.0718669273 46.1444305322 46.1861814603 45.9670831732 45.2561274521 45.7614476497 46.1540046566 45.383323427 45.5709200021 45.9412552481 45.4903530987 45.8685579931 45.3480159017 46.2523635177 45.5828695172 45.4293991811 45.7769858563 45.7270337992 45.3799803221 45.2299861248 45.5989419523 45.6566905404 45.0985346025 66.8993021128 45.5086782346 45.1494125994 46.2992572881 45.4987362363 45.1195446183 45.3093384124 46.2004958204 46.1331129894 45.9285703714 45.1325786583 45.9000317396 75.876487572 75.876487572 75.876487572 60.177526601 46.4075077505 60.6833163763 60.6833163763 64.30174961 68.8676685623 68.8676685623 68.8676685623 45.2702947069
45.5515373097 45.608947175 46.065181512 46.4077182817 46.30960746 45.9215876951 45.9466473596 45.848567709 45.0569527967 45.7328860854 46.0153516591 45.8140192952 45.7108534766 45.5168610218 45.2095903125 46.0454836279 46.2861055893 45.5328307959 46.2008118636 45.4063095872 45.7608267572 46.3549703251 45.6170945898 46.2630789856 45.1010923073 45.4817111568 45.6510455733 45.9212881863 46.1519199223 45.7443205221 45.0675271905 45.5817903608 45.7838197451 66.8993021128 45.6345848393 45.5762630552 45.0860243034 45.5305093017 46.1871822582 45.6338185323 45.145923429 52.8359515269 45.0191786681 45.3900069775 45.200145181 45.5232371709 75.876487572 75.876487572 60.177526601 60.177526601 60.6833163763 60.6833163763 45.3551392898 45.4308742026 68.8676685623 45.1973014265 45.58479133
45.3652388952 45.6751773234 46.0873812402 45.053684338 45.2649017923 45.2964260291 45.2331204412 46.40548367 45.540503005 45.1511397271 45.3222851445 45.6160878085 46.1238268524 45.3314285914 53.6760756748 45.8313137456 46.1537609611 45.1824556733 45.9880010342 45.8420157792 45.5703525387 45.8623100225 45.2892146742 45.9425010966 45.2358361716 45.7283496669 46.2498454326 45.3470949983 46.2180012594 45.2276527072 45.7479698337 45.2306946383 45.2978118243 46.0495544237 77.5834087203 46.1527949181 46.3447328401 45.9872302209 45.5908752038 91.1622684125 52.8359515269 52.8359515269 46.1533554167 45.6591903191 46.2685762052 45.4108819916 71.8804390347 71.8804390347 45.3418545683 60.177526601 45.3264573374 60.6833163763 45.5957919769 45.3180738601 45.5845386069 45.6501765346 45.7243869231
