Spatial_Output/BAU/BAU_0406.asc
NCOLS 155
NROWS 192
XLLCORNER 196307.867259
YLLCORNER 449144.565805
CELLSIZE 33.573938
NODATA_VALUE NaN
[rows 50 to 74 of 192, columns 57 to 113 of 155]
32.8572307004 32.2672690102 32.908573269 32.0658323419 34.4663045294 34.0381565364 33.4102489662 32.3113770625 32.4456721797 31.8886038968 33.2532005008 33.8186265921 32.1528389831 32.3533281507 32.895457262 33.7443817642 32.6553890522 33.4368637843 33.5145992453 33.4216562738 33.8009959319 34.6699035654 31.7077197784 32.7379220969 34.6376641914 34.7566800468 31.7025075528 34.0412320871 34.267673699 33.2199583465 34.0052345784 33.2617693852 33.9395252994 32.3657715554 31.8293582546 34.3407527936 32.1366086419 33.7429638348 32.6260531583 33.088149957 31.6131898013 31.7364402569 34.2046230999 34.1498962257 31.5837125482 31.7155636217 34.033896753 31.6201569116 34.8326072633 33.8187895427 32.9807018883 33.3311540837 48.3971752962 63.961940764 63.961940764 62.0517179108 68.465029192
68.1400109858 33.9266971243 47.0619930694 33.0746325884 32.0468831374 47.1565992635 32.3471201826 34.6089512959 32.7498900512 32.7945801326 33.1143398741 33.4620360459 32.3698804207 31.8097243504 33.2857079557 34.9838445237 32.3777012065 33.4369608355 34.351477191 31.6956141567 33.9110009396 32.3088610853 32.883261609 34.6958278576 34.977388138 31.732596775 34.2210931629 33.0948069265 34.5292141935 33.109418311 32.0436747141 32.7798582071 34.2927016568 31.6554921579 32.000300187 33.9951871937 33.848727583 32.9078784618 32.9417942853 33.9678320653 33.6042045824 33.1762104766 31.9246188101 31.9745445123 34.7031665021 33.8522394539 34.4770477816 34.3225510355 33.1058752744 32.0374105022 32.4928695523 32.5150211069 33.0625928706 63.961940764 63.961940764 52.9074204091 52.9074204091
68.1400109858 34.3826370384 34.6270859206 62.9032950736 62.9032950736 32.1824841722 47.1565992635 31.5585990239 33.4105748127 34.7821764374 34.1518071898 34.472900993 33.4432000711 32.2152106063 34.4684251143 34.3249486978 33.92813974 33.1321188346 32.7254718382 32.7495027485 33.3122867649 32.3964803675 34.1559502285 34.4588894999 34.4474161537 34.5141971618 34.8230769283 32.4302653555 34.0496346597 34.3176176703 31.990241851 35.0098559093 31.5062606679 34.4655688668 32.2781331876 31.614738268 34.0581840703 32.6312714529 34.0479345503 32.7464173963 32.681491341 32.5386359238 32.9804412548 34.6470516713 32.9986649102 32.0864411264 32.1036415582 34.0597595436 31.9820652181 32.1355397217 33.8522866054 31.5409460734 68.8197719673 33.2142605493 34.8252481984 33.0877847301 32.1752282144
34.1568098545 47.0619930694 33.1912287263 62.9032950736 62.9032950736 33.1176414647 33.8055947414 34.0192258418 33.5342639327 33.1136114338 34.381585304 33.033936631 34.0909294535 34.6264502709 32.2260192058 32.741792738 33.5974255873 34.5588130873 33.5125218056 32.9089434925 34.6013916359 31.7877659461 33.1260468351 34.474292621 32.4551195179 32.7532421259 33.8527806506 31.7338915266 34.0171846445 34.1558634147 32.4780287415 34.2046629858 34.3833402766 31.5294395836 32.4612269635 32.4445788613 34.8939549671 33.9512011172 32.8897655776 31.7603885281 33.3640323646 33.4849404498 33.7798860415 34.620546545 32.7529775454 31.6729571717 33.7698653919 33.8597065054 33.8287464951 34.722798375 33.6851536435 32.7125774323 32.9140991375 34.7518866857 32.1858483391 34.7343389474 31.5169029086
57.5876945588 32.2840339976 47.0619930694 31.9302912617 33.2863950502 34.0953453923 33.553273631 31.6457044281 35.0088664056 33.7718382214 34.8694910261 34.837730332 34.7620587961 34.2126676745 33.7402083707 33.0715895852 34.5524601102 34.4677879889 34.6670154557 31.6642697747 32.8863310618 33.4672742673 34.8536758166 31.8882288531 33.686649527 34.0067718827 34.3229318327 33.5848179897 32.6999708842 32.1068085775 34.9594425711 33.1011420858 32.6933527393 32.6709446235 33.5585127397 33.6385282819 32.2241620885 33.0039242173 32.6625578611 33.3932534062 33.9654214464 32.7124886912 31.5892788488 33.9013540241 33.293474049 34.2639338066 32.0405768345 33.570936845 33.9553782103 32.5237560403 32.9888374324 34.367406961 35.008194256 31.5988042812 34.9693893198 34.4814904433 34.695199892
57.5876945588 31.9664167663 33.1029266299 33.6555931371 34.04983421 33.8622018409 55.7281628855 32.2808359028 34.0447597153 32.7192673616 32.8891372216 31.7757946849 33.9661637577 32.327172156 34.4056766154 31.9774373283 33.1110229526 31.6483090197 33.0188563016 34.2924808222 32.734359402 34.2218919643 33.9706346856 32.3255155891 33.3793029633 31.7029139934 31.9499324366 34.6488319915 34.3696470398 32.5374777569 33.034210493 34.9422208496 33.1993676447 32.8884231808 33.8944594302 32.332084646 33.5453848504 34.282873222 33.9372105421 33.9239786621 34.7108104442 33.1746048785 34.2770788671 33.5971732441 34.2496517946 32.8561961574 33.0335016522 34.1148935083 31.985772336 33.3337462755 34.7691812088 34.0912506411 33.6442062969 31.9219662548 34.7767752343 32.5210060814 33.1665456144
62.0075605899 62.0075605899 31.7054066247 31.918466219 33.2938880701 55.7281628855 34.2788564557 34.3087756712 34.6688745635 33.2381566008 34.4974577834 34.5591797727 32.1789656242 57.2987859591 57.2987859591 33.40253509 34.2476944113 32.8667112754 33.0156268366 33.4207320244 33.6492670046 33.4453562311 31.600440905 34.5148077386 32.3978672126 32.2550605068 34.9121965127 34.8567471209 34.4686750974 33.2837921016 32.5437589726 31.6272527971 34.3284298582 34.9180539653 33.5039094851 33.324065244 31.9352850534 33.4844531843 34.6703924184 32.7266642386 34.6357693197 33.1287368127 33.0763335501 34.6493494276 34.7765460753 34.9459912011 32.3669622431 33.3522274641 32.4254492598 34.5264154729 34.3212161479 31.9764486204 34.9994114228 31.9207217374 33.7046089841 32.5217191356 31.9145207744
45.2773045759 45.2773045759 33.9381474128 54.417216748 54.417216748 54.417216748 33.2545587036 32.5393987464 34.5494663898 34.1598676636 31.5187180241 32.0680278311 57.0315850016 57.2987859591 57.2987859591 32.7369031313 32.1755354901 33.1456638712 31.6524033694 32.6639880119 33.2228256845 34.9118474122 33.6772412316 32.4176847608 34.4536041172 31.9541413876 33.1284296401 32.9171521405 34.957979681 33.0956728257 33.7220843806 32.6233258067 34.793012111 32.4498062112 34.8300158321 31.6259992945 34.786841294 33.5422735793 31.9633407437 32.7410857256 34.1460721639 32.4568158184 32.3202812311 34.1389023981 32.5603475602 34.5170012581 31.8392217214 33.8781271277 33.8576152755 34.9483726158 34.8519555259 32.2868770242 34.5400575924 33.657426479 33.8426950707 32.0190953026 34.3248163489
45.2773045759 45.2773045759 45.2773045759 32.5249779859 54.417216748 54.417216748 32.0042413372 33.2713475597 34.3048457866 34.9826317923 33.5081641783 34.4128371865 61.9379206472 61.9379206472 61.9379206472 33.0847383002 32.2121283707 33.493982843 33.5753828746 32.6240463962 34.6387435964 33.4542550127 34.4970904522 32.6738824605 32.6180242963 33.2068171858 31.9144869057 34.5484778577 31.9111638984 33.9415299788 32.1212357024 34.3699512057 31.5150907876 32.9977901406 32.0362424063 33.813731953 33.1392072806 32.0590449453 33.6767726856 33.7784769417 32.5876649068 34.7013440465 33.7342864754 35.0089710967 32.3424458026 33.9840891482 32.2585303455 33.8216207282 32.2018695116 33.7379933196 31.6052895244 32.3641948304 33.9627042936 33.4979160523 33.8462407464 32.2167300816 33.1918867252
80.9265071069 80.9265071069 34.5484801713 58.7547631154 58.7547631154 32.6577113428 32.3152299057 32.4815708284 33.1556010892 33.6706486507 35.0208295902 34.6487183551 71.3069887562 71.3069887562 71.3069887562 32.7153439891 33.7965303094 34.3938413487 34.102378009 31.8420037438 33.5178813684 34.0054201955 34.933543109 34.3689659047 34.3107729239 34.6744402448 32.3113844529 34.1636131644 32.9116011334 34.6730715334 31.9410532082 32.0800944178 33.9777654078 31.5211231987 32.994952695 34.4996162276 34.2736267282 33.2893797382 32.3478943649 34.1345692372 33.4481656612 31.9348525518 31.6415347619 32.4992053826 33.1939388973 34.629639157 34.9397933378 33.4958235185 32.2760838338 33.4458389077 32.3525028354 32.1489711715 33.7491165368 32.1373169343 32.8549459729 32.5690563902 34.0505471801
43.209037348 43.209037348 79.142931538 79.142931538 58.7547631154 60.5267290699 33.2660992353 31.5676406183 32.2668528433 33.6712102791 32.5456110673 32.0415855896 53.7788805529 71.3069887562 71.3069887562 33.1350303228 31.509772658 31.7020917952 34.0230004004 33.4710866791 34.392287928 31.5562634013 34.3757496139 31.5773753473 34.3554216931 32.4247563654 34.9222126086 32.5661191378 31.5507620717 34.9774262619 33.4667910631 34.1374472022 33.761601083 34.8663279161 33.8180531387 32.8531840964 32.9306089986 32.48938235 34.622652462 34.5650363875 32.2712023546 31.5401762284 34.7336832093 34.3705637713 33.0252230195 31.7335659559 31.9804177554 31.8479979411 31.9301376336 31.761228314 32.5972892735 32.8656386642 33.6761020449 32.6941358036 34.3460308179 32.4879311509 34.9855401145
43.209037348 43.209037348 43.209037348 79.142931538 60.5267290699 60.5267290699 31.6095094252 32.929165364 31.9651890439 33.6469832289 34.4335923088 31.9708262924 34.2142316036 53.7788805529 32.1560097584 31.564318511 33.2008282061 32.1730851328 33.6714841608 33.4521855607 32.0710019286 32.4442388101 34.1377733433 34.385194083 31.7597867074 33.6644198417 32.0924935194 32.5759573226 32.4408772221 33.9141807003 32.707964746 32.361273131 34.779081877 32.5412733452 33.8750822998 33.5686799319 34.1845325078 34.6487081713 33.9788118994 33.3517846476 34.9796129855 34.0166226082 31.7406357899 33.9145337142 34.9921647171 31.6364879137 32.6632308513 33.643789761 33.2444978735 32.8663732881 32.2837146466 34.0730710227 33.6282978081 34.7531963205 33.3796317526 32.0336497248 31.694671789
50.0049200187 33.1369966603 31.9479974417 32.1050120279 60.5267290699 43.3074873376 33.2312566647 34.0484453063 31.7503039399 33.3121241141 32.9747994935 33.5971356594 32.3020461163 59.6998968518 32.7995952593 34.4128586931 31.5880510261 34.1317228428 31.7581946597 32.4286538644 32.3774632588 32.5391215266 34.2647491652 33.8702229551 32.775642918 32.9432558518 31.8334502765 32.2478274076 34.8518088474 34.7219076246 34.1793822893 31.7141809827 34.0847764953 32.2057232677 32.5869303639 34.1258926632 33.9770080897 33.6126108584 34.9441195917 31.6863502457 34.8850353822 32.1287898082 31.6855979469 33.1383435503 33.4701255996 34.1438581917 32.6667717727 32.9844213236 33.1966420831 33.0226303608 34.6483883684 32.6062871552 34.8891387291 34.0886887072 33.575088734 33.015406179 34.0225954864
31.704471495 31.9956563053 50.0049200187 34.9901184276 43.3074873376 31.7354140812 32.9351584795 33.0912574743 34.6699260336 32.2092224006 33.4125305571 32.2989269939 60.8872646722 60.8872646722 60.8872646722 33.0890127522 34.739697741 31.9702123195 34.7569476843 34.2110741632 32.354491964 33.6062944543 32.3203855689 31.5494206438 34.3435040805 34.2692273986 32.223295255 33.0204136539 34.8688927514 33.6486012378 32.231780137 33.497933903 33.3142510323 32.276631358 33.9971778387 33.7062677072 35.0352440483 34.038408473 34.7814955786 32.5488826805 31.6577699862 33.5520924845 33.6548662365 33.0470309735 34.9203404997 32.2495893259 32.2584419037 32.359749321 32.5744858157 32.8895485104 34.2295693895 34.8878472698 32.4230542526 32.950797617 33.2122128235 35.027682403 32.6959462433
32.6820886068 34.3553919766 33.6411263077 35.0188884886 32.8005678065 32.7097014573 34.7911215956 34.3565745776 34.5819950939 34.9297741705 33.299092811 31.7819857113 60.8872646722 60.8872646722 60.8872646722 32.0437203842 34.5020339842 32.8957856996 33.7998090179 32.566140401 31.9663100411 34.011037712 34.1321669317 32.8824852876 33.4284649111 34.428350348 32.0081613723 33.781414714 34.0458536698 31.5760432942 33.2175851247 32.0797723323 31.9760507151 34.9934626612 32.4695610335 34.6444103034 33.3105202043 34.572221318 34.9105484436 34.3287444041 31.6040075142 33.8732942824 33.6476923084 34.2036841443 32.3327453932 33.1077453295 34.1253546358 32.2720501009 34.3370666533 34.8131048657 33.155241976 33.6263433081 31.6331492762 33.8468083367 34.3629138994 34.5576482737 31.9549951428
33.2192499883 31.9876596913 31.5692841818 32.0199521513 34.059707275 33.2888111353 33.5679381615 31.6285741126 32.9500193617 32.6173005609 34.5631804739 31.9214783629 79.7547757204 79.7547757204 79.7547757204 31.5260479602 34.4684727852 32.3249126491 34.6327537903 34.3600887106 35.0028390997 32.1202483043 34.4157489826 34.5356386978 33.434222608 31.8626147043 32.0706072969 32.7536514258 34.4524131502 34.1451427829 31.7015340553 33.0263127427 34.3120164149 34.8304990143 32.3376593559 33.3367313513 32.0194478776 33.3794017755 31.6968049981 31.835857773 32.0770462098 32.6378548363 34.3506078121 32.77246517 31.6071799 32.9454972854 33.649105969 31.8393668584 31.8974622176 32.970329971 33.4793175805 32.1573815889 31.8493982116 33.6779939172 34.700940539 32.5308546525 33.9104825646
33.2224495839 32.2520839758 32.8521956764 34.7684201296 33.4815874588 31.957896136 34.2427882089 34.8531128741 44.6727481426 58.6782795151 58.6782795151 59.0852203669 33.4354393113 44.9959809439 60.2657872932 34.4157057278 33.7015081314 34.2250825512 34.9509859756 32.1882970721 57.9722559939 81.140210416 31.7443901767 52.2906290327 32.5079219411 62.3211660571 32.0110059666 32.5367641821 33.4066533136 32.0169610742 33.6001820402 33.9121757049 33.2029400523 34.2756001345 31.6361481587 33.0619614734 33.9542553697 34.677098549 31.6389897414 34.0811587171 32.7107958726 34.6571080017 33.4603844464 32.1739315221 33.2238996404 34.1396177955 32.8449934209 32.94839336 32.8164335176 33.1944912162 34.9808128293 32.7246540104 33.003049126 32.0702715896 35.0100288447 34.4147627087 32.52753545
32.9658448501 32.5666386609 32.5810747069 34.9907979087 32.9757759135 46.6323770815 46.6323770815 31.5858458126 33.4110472787 58.6782795151 58.6782795151 59.0852203669 44.9959809439 44.9959809439 44.9959809439 32.7924791983 31.9774028758 64.5817047012 32.8208811473 34.1303847465 44.7678889502 81.140210416 81.140210416 52.2906290327 62.3211660571 62.3211660571 63.2987390089 32.5079886468 31.6396124471 32.0536627664 31.8259319342 32.1493455208 32.426980479 34.5105561103 31.8817327014 34.9493124276 32.6641207488 32.078338354 32.3499089548 34.3519337718 32.5104569033 32.6058629408 34.4332653841 34.9979295749 33.1592431836 32.6681618012 33.8570478703 33.6388447934 32.1187054189 33.8063286699 31.8786845149 33.4635553834 32.2421354788 34.9665840016 31.8506978807 34.4558240388 33.6354198548
33.6744966005 34.1054189873 33.5695222375 31.6136139956 61.589258352 46.6323770815 46.6323770815 34.9812492347 32.2901446835 58.6782795151 59.0852203669 59.0852203669 31.914570099 68.2302855596 68.2302855596 73.3526917639 73.3526917639 42.3109733551 42.3109733551 31.8771628934 57.9722559939 81.140210416 81.140210416 52.2906290327 60.1008188473 62.3211660571 63.2987390089 32.3483127672 34.7827846136 32.0943290901 33.855726367 34.7277287845 34.4146309204 34.2741903358 34.1553626467 34.2600774167 32.7104672428 34.4905926603 31.8144268245 32.9537335162 34.686070289 31.626606871 31.7051095534 33.0535258743 33.4356909017 32.100471865 33.6336674671 31.7257481979 33.2915339097 32.0080525755 32.0603477765 33.5188596174 32.5706266553 34.3689341947 32.7797811752 33.091323414 33.5595935927
32.1731621418 33.0950220879 32.1088035002 32.1946316504 63.0582170657 61.031176318 31.69315951 32.5790484872 33.3029203558 33.5100460723 33.4996148209 34.0445521264 68.2302855596 68.2302855596 44.9126955629 31.8947093471 32.6536345954 42.3109733551 42.3109733551 73.4056825078 32.249586709 32.0247748808 33.9569075988 60.1008188473 60.1008188473 60.1008188473 32.9302429499 32.2932998639 32.0585528776 31.6124978696 33.3560059184 31.6064083713 31.5423572093 33.0516443215 33.6792802364 32.0216499808 33.2748605097 34.6998270395 32.0453724233 32.5691686436 32.0930514572 32.8106102053 33.5900764891 31.9881140119 32.6313618026 33.0332170274 33.7359485392 34.5415354624 33.1680842994 31.5934635213 33.0104305221 32.5459109184 32.538680973 33.3864052478 33.8261464362 32.2660501964 31.5960323697
33.3958460573 32.025295957 33.1121120138 33.4354629073 31.6061935822 61.031176318 73.3664032442 32.9769549915 32.7744495905 33.7063214446 32.8145824121 34.2263135042 51.2632955316 44.9126955629 44.9126955629 44.9126955629 33.208665503 34.4298625196 57.2486423431 57.0161146945 33.4457902071 34.9468270943 32.8263381556 34.0407042831 60.1008188473 60.1008188473 32.9926911551 31.9074070544 33.8979789397 32.6654542553 32.3025376464 32.4571985307 32.733298731 33.266526214 31.6384427613 31.8475594971 33.6560328685 33.8531003639 34.460283508 31.7608622307 31.8367623578 32.1261248987 32.8374114993 32.7383648181 33.818099171 32.1340589365 34.1822328578 33.1270136373 33.6539334874 32.8370059428 34.5054901409 32.0041948697 34.829620482 33.7109293482 31.8114609894 33.2017752781 33.0685277521
33.581527003 32.1199548747 33.2937748776 31.6481192279 32.0520158091 73.3664032442 73.3664032442 73.3664032442 31.7912612406 31.8083570186 32.4806071317 32.5242024123 34.8739719101 44.9126955629 44.9126955629 76.2331688945 32.7138969809 57.2486423431 57.2486423431 57.2486423431 33.9056438818 33.7932696282 34.4329403313 33.6637774661 34.6979090737 34.0854831018 33.1234394612 33.6894069032 32.6954195378 31.5042850234 32.0575796179 33.1765689376 34.4320643122 32.7944979306 32.4069385211 32.4438746014 31.5823195746 34.7380655399 34.833283948 33.2503834395 33.682426943 33.4595926586 34.1328693969 48.7995669194 48.7995669194 48.7995669194 33.7648887656 33.2993485582 31.8123021886 31.8806457811 31.9615136385 34.6108542448 33.2689082398 32.8652267405 33.8561146941 32.8087819169 34.0347001351
33.3634598862 33.9232527523 33.8062380932 33.2645290195 33.8420442375 34.9080432015 73.3664032442 54.9206272938 34.1931165653 32.0103959764 33.618626607 33.8576135637 31.5789769659 31.57462591 53.8154678024 53.8154678024 53.8154678024 67.1965880189 67.1965880189 34.4476332129 32.5489827469 31.7344945655 33.7339766471 32.2411644352 31.6462816501 33.8269515362 34.2407319719 34.4981879517 33.8663410704 65.3964112485 48.7478156107 32.5884968243 34.4437846207 34.1821338182 57.1445869727 54.8474565535 31.9685105694 34.5929142681 32.7331335925 34.9091464486 33.203450265 32.0316968924 34.3859868956 47.638311409 48.7995669194 33.2494556918 78.5705131724 32.907244225 31.8020465848 34.6700281885 33.5328118972 34.2225285545 32.6483920751 31.7151434256 32.98497942 34.0242869492 32.5202794098
33.2207747583 32.055520898 34.5276590709 33.101504341 32.1317963421 33.9013642595 33.5466470084 31.7796815312 34.6477015651 33.2538472858 34.6655563965 33.6205878239 32.8226494482 34.435945709 53.8154678024 56.9455610581 33.1442482347 56.415910601 56.415910601 67.1965880189 68.1041895305 31.8285807169 33.9308048383 33.0829697964 32.8340085008 66.7539063452 66.7539063452 64.6541537699 65.3964112485 65.3964112485 48.7478156107 33.8228450001 33.2625777805 33.950472067 54.8474565535 33.3504945213 54.8474565535 32.154862798 31.5511804351 33.3266462615 33.5633928764 31.8287493226 32.1786242529 33.6069106973 47.638311409 47.638311409 33.9826608662 32.5557838005 31.9322426901 34.6028298074 33.4760784429 33.5439049073 34.8067620844 32.6207656441 32.7643862625 32.0123817997 33.5850320424
31.5496589705 34.8674558273 32.1709254076 33.2170743549 33.2390000166 31.9384068588 33.6765537998 31.6135478446 34.8906566815 31.7995297199 34.5631869241 32.7305170407 34.3393828314 34.8009638758 31.6066509496 56.5411399782 56.5411399782 56.415910601 56.415910601 56.415910601 31.636571122 33.1182940344 63.1723179762 58.3636827336 32.5048153749 66.7539063452 66.7539063452 64.6541537699 64.6541537699 65.3964112485 48.7478156107 33.0364445815 33.7592740994 33.8423827622 34.4433429782 54.8474565535 59.0968414597 59.0968414597 59.0968414597 31.5159723792 32.0378312338 34.7230617171 33.645468019 34.0583527203 61.2503847231 61.2503847231 61.2503847231 32.7913017508 33.3279086134 34.2930262915 32.8917004178 34.0149715282 32.0514395149 32.9800937772 31.8214492718 32.6415285836 33.945693924
