Spatial_Output/BAU/BAU_1431.asc
NCOLS 155
NROWS 192
XLLCORNER 196307.867259
YLLCORNER 449144.565805
CELLSIZE 33.573938
NODATA_VALUE NaN
[rows 125 to 149 of 192, columns 56 to 111 of 155]
32.8420503764 32.6210417639 32.7887596789 33.0240803793 32.8683209462 32.5103160337 32.6168529173 32.841390603 32.8064270163 32.8079480758 32.9211362258 33.0960464977 33.1430429528 32.8160777019 32.6094359872 33.0669718491 32.9957689841 32.9464885555 32.5123859233 32.5505917508 32.9822800826 32.8815690427 32.7473843051 53.6149268067 53.6149268067 53.6149268067 53.6149268067 33.0617882576 32.6780449785 32.6022201093 32.7850578591 32.6936307381 32.9909269525 33.2039639522 32.6877196126 32.7090247314 32.7369476219 32.5150731188 32.5990825898 33.0433627889 50.8381043346 73.3379401626 73.3379401626 32.5209620818 75.3702483059 55.2892679333 56.206718297 56.206718297 56.206718297 56.1075602663 72.2740886477 32.6561707748 32.799244794 32.8161031666 32.9802226982 32.745210192
32.5771859123 32.6345836756 33.2027485415 62.695492011 32.9655921273 32.7465190292 74.6589564441 32.7714515269 32.7329845395 33.0778364672 32.8860452958 32.7659560664 32.9489906365 32.5705019359 32.9087237339 33.0135307986 32.5967915648 32.8784319183 32.5455901146 32.7759593657 32.5093032113 33.1390678031 32.630392687 50.0451297434 53.6149268067 53.6149268067 53.8079462848 81.473091215 33.0139416148 32.7411649466 32.6667758839 32.668352896 33.1745554262 32.5460706055 33.0221137232 73.4706230934 32.9125754972 32.6462914767 79.5260136556 32.52881511 50.8381043346 73.3379401626 73.3379401626 73.3379401626 75.3702483059 32.8827170766 33.0455013909 52.0121680598 51.8609095698 32.6876067223 33.0093035118 33.1965200771 32.8391936937 33.1932258932 32.854189962 32.9688698026
33.0455749084 32.7200193713 32.8504727353 32.9789819215 74.6589564441 74.6589564441 33.0249434136 32.5719079149 32.8910339819 33.1852641888 33.0254501581 32.6768636533 33.1101204039 32.7217114557 86.3135183111 49.3244855077 33.0885892019 32.7116822072 32.6233446835 32.5765059713 32.7954065493 32.9073685771 32.7899551338 33.0052287577 45.7325498545 45.7325498545 66.2778654482 66.2778654482 33.1311660242 47.4594096651 33.0874083755 33.1397210515 32.7653880166 32.5745741597 49.3780996369 32.5496482533 73.1803345535 79.312474826 79.312474826 79.5260136556 32.8891937509 50.8381043346 73.3379401626 33.1197418596 32.6316080036 32.5964944603 32.6712173749 32.5530838615 32.5056443116 32.9171162771 32.9942005446 32.7857433928 32.850965134 33.097129861 33.1688509855 33.201734093
33.1994719349 33.0065030326 33.0304899801 32.6901809252 32.5781768019 51.1021661474 32.5925948797 33.1822737585 32.9953620673 74.9081459224 61.4799062142 32.8879081309 33.1291395312 57.1299287418 57.1299287418 49.3244855077 56.7895010571 32.6844354063 32.6483697405 32.8876912074 32.6935062163 33.0326500955 33.0754521816 33.0912496346 45.7325498545 53.8079462848 66.2778654482 66.2778654482 33.0627826271 47.4594096651 47.4594096651 44.7076207815 32.7707541939 32.813070396 49.3780996369 32.6567723973 33.0490258835 79.312474826 79.312474826 32.9670417435 32.8529346656 50.8381043346 32.6333198226 32.811361621 33.1063790469 32.5512165818 32.8440344334 33.0359958221 32.9863089171 32.5514583043 32.8481508742 32.9342382443 32.9412614923 33.1047004498 33.1445437732 32.6037034853
32.6165998724 32.5916534025 32.8876194072 32.7908549317 32.5129160737 33.1129132511 48.1782166929 48.1782166929 33.0343904689 74.9081459224 61.4799062142 61.4799062142 57.8043145015 57.1299287418 57.1299287418 49.3244855077 32.6091414237 32.9853851143 32.5784544075 32.5758259349 33.0063114573 32.5460386243 33.110469358 32.8299688609 32.509717517 32.7474660354 33.0027058488 32.8500679892 33.0746039459 33.0455408459 32.9871925951 32.5092410023 33.0585029246 32.8804793591 49.3780996369 32.7366317222 32.6921321599 79.312474826 32.8833613257 32.9458909406 32.7087493783 32.6276255537 33.2001796766 33.1695312806 32.6033213435 33.0887654617 33.0744503863 32.9737444912 33.1071718604 32.8361151993 32.5025755958 33.0985645302 32.7932753185 32.8890052541 32.7783125603 32.6635049111
32.7827836477 32.5772075235 33.0474622959 32.6180174767 32.9110392183 32.8639158997 48.1782166929 48.1782166929 47.8592828001 74.9081459224 61.4799062142 33.0702461238 32.7819009814 57.8043145015 86.3135183111 56.7895010571 32.5075418215 32.5532539822 33.0548109472 32.9827925948 32.5710902907 32.7266568024 32.8138837856 33.1779753417 32.6534298453 32.9627487694 32.7411949454 43.8457997583 48.6837506733 33.1520482938 33.1560454324 32.9344630827 33.1327072505 32.5797944099 33.093076105 32.8686567881 32.8753890739 32.535753766 32.7494300193 32.7070298987 32.6068080799 32.7537230125 32.9503054109 32.6782288634 32.8495580511 32.7010089348 33.1883162359 32.9768976677 32.7808693513 32.8375246758 32.7172764073 32.940324225 32.6936898736 33.1614222294 32.8875744786 32.5137183859
32.8340220303 32.9490517295 33.0451827338 32.8200418711 33.0680323759 32.8675679903 33.0178017891 62.7433331106 33.1117584956 32.9126034896 32.590542131 32.6597066082 33.133860846 32.7910737865 33.0388749055 32.6633885721 32.5710442269 32.8304825308 33.1578774512 32.9584477646 32.7318937116 32.6723113279 32.9417074221 33.1978821639 33.0574459735 33.1219139306 43.8457997583 43.8457997583 43.8457997583 48.3071014742 63.8678163031 32.754823755 33.0995590565 32.9237469895 32.9819269012 32.677352941 32.8576979223 33.0682081641 33.05982694 32.8475813807 33.1541096249 32.8094301984 32.7675573152 32.5969122513 32.933565933 33.1014963488 32.6275468927 33.0169960364 32.6511841152 32.9331452782 32.6198244977 32.551896108 32.536468596 33.1809893035 33.1809660433 32.541224302
32.5559458003 32.7770599979 32.7151726279 33.1539161098 32.8124069103 32.8191754652 32.655513878 32.6019549647 32.7788297786 32.690999766 32.6927591655 32.7541633313 32.8926420011 32.8061310388 32.513660017 32.8550991992 32.9332490651 32.8780977369 32.635513289 32.9627215393 33.1617110297 32.8757595387 32.9734113201 32.8894315448 33.1792655106 32.7727213413 43.8457997583 43.8457997583 48.6837506733 32.7428656656 33.1152549222 33.068451786 32.8086325872 32.878498575 32.8799826298 32.9558005493 33.1234147731 32.6370426677 32.8188860061 32.6541600902 33.0360577908 32.9944408478 33.1908198269 32.6583730411 32.9837916155 32.8806864452 33.1828586661 32.8102030891 32.897585001 32.6375651288 32.5392286353 33.0835698626 33.0891470375 32.8015239842 33.1843287042 32.9521569421
32.9880717293 32.9331283311 32.6740515494 32.8327190302 32.8379063281 32.5788374518 32.7317390212 32.673182161 32.7128534521 32.7553287065 32.8131861338 32.6221050595 33.0962741899 32.5941653882 32.697764798 33.1513354018 32.7957664167 32.6531004319 32.5074886641 32.556344574 33.1980772663 33.0643793137 32.8546833688 32.8424511356 33.0790324638 32.8087417432 32.6593148265 32.8565528597 32.8291906235 32.6929022685 32.5557282693 33.1200432451 32.7529568301 33.1645051797 33.1825460475 33.0577893045 32.8269406993 33.0698534294 32.711755274 33.0535216134 32.9679672893 32.6558819435 32.7369590924 32.6147010113 32.7959042195 32.8602439674 32.5921588573 32.7090981681 32.8220674703 33.0888291286 32.7257073633 32.7991671949 32.7378560055 32.7994247297 33.1018466999 33.1952735141
32.9224056901 32.5772295136 32.5323391823 32.5817573781 33.0158833189 33.1802584848 32.6894078735 62.5048825451 62.5048825451 62.5048825451 32.8866230333 33.0125894407 32.7477168474 32.9658310672 32.9324861985 33.2013663028 32.6821921766 32.7297629806 32.721471259 32.7858427696 32.9350868615 32.535098774 32.7936971369 32.5130965133 32.5245149391 32.7361077844 32.9781900663 33.0906483149 32.6194310467 33.2052317009 32.5569958661 47.3703344728 47.3703344728 47.3703344728 32.5459106025 32.5804689037 32.9230435624 32.8899274327 32.8677722815 32.871131955 33.1624391265 32.9427314208 32.6107348498 32.8875090343 32.8288784745 32.7405056671 32.6872816477 33.196388129 32.5110879215 32.5877661129 32.6021630338 33.0788833677 33.086394737 33.0284867845 33.0140498788 32.7043781012
32.7578013858 32.7552337455 32.8942710274 32.9326640616 32.7277399801 33.191118681 32.907653669 62.5048825451 62.5048825451 32.8833056979 32.6855381283 33.0184394897 33.0675090486 33.0236370804 32.6866173077 33.2019715115 33.0488316275 32.9152424344 32.6190941877 32.5534840177 32.6649757641 32.9070145204 32.7979736078 32.5546334723 32.7387670171 32.713077396 32.7282798891 32.9473351406 32.9657288102 33.1058844626 33.1269320122 47.3703344728 47.3703344728 55.2453255398 55.2453255398 32.5081113688 32.8897524352 32.934331531 32.5475730591 32.8694117566 33.0584228394 32.8793020306 32.8039049798 32.6767140152 32.8046879251 32.7519770901 32.5187126717 32.5643486056 32.7867034378 32.933008306 32.837157703 32.5539643109 32.8095939388 33.1056293053 32.7387350637 32.5949989844
32.9975233374 32.6716224595 32.8543945559 32.8650673091 32.9396207844 33.0162544071 32.8605631404 32.631530315 32.7724145432 33.125007456 33.1591815793 32.965299894 32.9214921129 32.7996281714 33.112450274 32.6270835966 32.6966090895 33.0728609695 33.0265525145 32.9378261502 32.8400215414 33.1462241309 32.7094369167 32.8958826863 33.1543566309 33.0210254873 32.772118462 32.8707168225 33.036356997 32.6196023135 32.7240244368 33.0214330149 53.4096192477 53.4096192477 53.4096192477 32.576069096 32.8558719102 32.9590966766 32.5489101736 33.0131666141 33.0677419519 33.0443744274 32.7772682073 32.6637262616 32.6688445944 32.584440546 32.6213498755 32.6173078803 32.8607791241 32.8777926042 32.6956116446 32.7908456956 32.5491719799 32.5465957597 33.1048537866 32.7768242668
32.7358747658 32.7646932343 32.706689078 32.6775561428 32.5737902775 32.9312403438 33.1371164919 33.0100911732 51.4508380699 51.4508380699 51.4508380699 32.8782977114 32.6886291561 33.0455178116 32.8197583725 32.9144452896 33.0956537171 33.0881691487 33.0440713651 32.6024065392 33.1152331988 33.1767077485 33.19080781 32.8685244683 32.7382861543 33.1194576753 32.546323885 33.0797773678 32.5851045029 33.1662401101 32.8455095889 32.8868287497 53.4096192477 53.4096192477 33.0164022186 33.1336013882 32.5152044886 32.8191323957 32.6778973698 32.74360645 32.7343118308 32.5391283011 33.028591435 32.5202285498 32.7741789789 33.0802921143 32.9238807882 32.6258950099 32.9111515083 32.6033069986 32.8456720769 32.7924162816 32.6317398929 33.0617767058 32.6157829711 32.7763412147
32.8175638552 33.0451312295 33.1093549757 32.8947587356 32.7855786002 32.8269787674 32.8630662651 33.1118804107 32.7858743765 51.286626504 51.286626504 33.1462487922 32.8127880951 33.1003188261 32.5934377621 32.8814308506 32.8527164036 32.8316587839 32.682829782 32.9083810791 32.966457835 32.7904430183 32.9691046936 33.0030091839 33.107600488 33.1566799766 32.9264190133 32.7478638591 32.6172233713 33.0012690212 32.8775523306 33.0892771167 32.532464237 53.65390966 53.65390966 32.5218187708 32.8849965955 33.192691803 32.757423906 33.1673672887 32.895860835 32.9223814487 32.860702177 32.9061901214 32.9926040059 32.9001753932 33.0550020095 32.5609840045 32.7713371761 32.9591165537 32.5629107509 33.0764350482 32.703000257 33.0567318869 32.631440714 32.7988346602
32.8814776073 32.8002792473 32.9010999858 32.6556489917 33.0931755819 32.7582511538 32.9312383559 32.8424879637 51.286626504 51.286626504 51.286626504 32.9960516676 32.9397331598 32.8782393474 33.0040234822 32.8893619382 32.982537219 33.1971891623 32.9588538532 33.0926398959 32.9428540428 32.5883760216 32.5162292289 32.6906986216 32.96688276 33.0156304117 32.5786183019 32.9185507171 32.670068958 32.5443863741 32.6079105866 33.2051937487 53.65390966 53.65390966 53.65390966 32.9917842034 33.1891384244 32.6577220837 32.6481056606 32.6374717291 33.0888947985 32.6115061846 32.8812404629 32.9003150706 32.8048628211 33.2070265864 32.607517504 32.5347402055 32.7594935226 33.0934601189 32.6351782477 32.9689299074 32.8551806154 32.6651242445 32.874047712 33.158831999
32.7320068923 32.997250616 33.0900585466 32.9389381141 32.7329179497 32.8376970469 32.8686451735 33.1321363587 32.8593810052 33.150767592 32.6689704898 32.8588854718 32.5420501776 32.8873804046 33.0750404296 32.799966594 32.5332217852 33.0758577665 32.856265899 32.9196089195 32.8882492132 32.5540473848 33.2033399381 33.0510080034 32.7012873556 33.0038699449 33.0112591316 33.0622478251 33.050700431 32.9820630215 33.1091282418 32.5089387419 32.6773855418 57.4923334016 33.1672910434 32.850385135 32.6351983164 33.1042860695 32.5325995202 32.892262321 32.877776148 33.1369952456 33.0177378999 33.1211068801 32.5623660313 32.576158198 32.7975370722 32.9513227951 32.9088210318 32.8078603535 32.5731184367 33.1400570882 33.0250083971 32.584854142 32.7231756419 33.1504509257
33.0278706831 32.7123354973 32.539905636 32.6378725701 32.7263747341 32.9268772012 32.9340993723 32.9565019158 32.6018658485 32.8698430876 32.6331446464 32.5213284231 32.5542782763 32.6778493946 32.7558342848 32.5271431814 33.0575622567 32.9448165371 32.9425735066 32.5411120605 32.9464795367 32.7607917836 32.700319866 33.1356000218 32.8856108167 33.0165760226 32.7365288414 32.7638242209 32.9132106284 33.0752718971 32.7674727228 33.1601466513 57.4923334016 32.9684561302 57.4923334016 32.8897461617 32.6035061849 33.0835937808 33.0826106252 32.8548853643 32.6790927186 32.8308925566 32.7570411268 33.1111871715 32.5843576165 32.8793825856 32.9584283207 32.6973237023 32.7498691307 33.0880764936 32.7403964554 32.9734004587 32.5051425036 32.8437739546 32.5843032864 33.1014838935
33.1709773331 33.1854374525 32.5410968648 32.6589488328 32.535601036 33.0158242811 32.7680099406 33.0384816463 33.1885010684 33.0389902228 33.1154437053 32.6554325238 33.0428729222 32.9163362583 33.0525707561 33.2008302242 32.6418586378 32.5938450768 32.630374503 32.6892224532 32.9763652877 33.0939432891 32.5959996849 32.8125628887 32.8747837743 32.8606348248 32.8353989115 32.9909601411 33.1620281369 32.8458258282 32.6196517094 33.1404313467 32.606243165 32.7707661174 33.0362062869 33.18964661 33.201750956 32.9638941777 32.8210150905 32.9144542056 32.7270466655 32.649781488 33.1035706183 32.7310081117 32.8504513953 33.0097633194 33.0735271433 32.9799488228 32.7392882586 32.7918712245 32.8824267136 32.8881668029 32.6773424131 32.8721810807 32.835721082 32.5491041578
33.1037101345 32.8095505427 33.0094638436 32.8504004792 33.0956400013 33.2028316644 32.7382710086 33.1152857556 32.6443410961 32.5712451022 32.8463213333 32.7415184099 32.5460077725 32.8907745322 32.86978464 33.1899120817 32.728678295 33.0613041636 33.0563952001 32.7125745831 32.7735134801 32.7105181581 32.5949515055 33.0569570869 33.1677327261 33.0787193904 32.9284292116 33.1696849113 32.6569989505 32.5674413084 33.2029380248 32.6306772162 33.1009709314 51.7514087061 51.7514087061 51.7514087061 32.8277883559 32.7940392873 33.055180391 32.8206593842 33.0837442 33.1591437414 32.9409023287 32.5619394534 33.0613420878 33.1310800316 32.5252469998 32.5236379042 33.0775039911 33.1280296178 32.7097119449 32.8589007314 32.7019976018 32.7611920104 32.8497748957 33.1336620385
32.614410807 32.5637389577 32.9323996265 33.1828274303 33.1263654338 32.5177751324 32.5301887478 32.8397010143 32.7486980301 32.7649138192 32.5542506733 33.0280655496 33.1133216572 33.0788432298 32.7441548426 32.5992091534 33.1659392425 32.6699671172 32.946688798 33.2056020767 33.1618973416 32.9607275995 33.1944585439 32.8950199389 32.5613194477 32.7523572238 33.0907359443 33.0202985651 33.0257084496 32.8587035242 32.8235653304 32.8104165604 32.7388851543 48.5288845383 45.7567300213 45.7567300213 45.6940364866 33.0415620205 32.6449491486 32.5650427218 32.7854103487 32.9409332647 32.5605197363 33.1199108427 32.9587731846 33.0457231272 32.6701595131 33.0722743278 33.0799255772 33.0389864546 33.1840371193 32.6171288864 32.527856844 32.6794527005 33.0778695126 32.8508994467
32.9457461404 32.7957019288 32.7310297032 32.6021440001 32.7791129199 32.9371099867 32.7372736679 33.0902366712 58.7980597139 58.7980597139 58.7980597139 32.5210852059 32.9388532961 32.6297378186 32.7740398484 32.7898079334 32.8847865303 32.5211937981 32.5752181798 33.1263259316 32.5093434657 33.052709731 32.8903878683 32.6243639372 32.6965595779 33.0278253769 32.7555507395 32.6635135321 32.9507502125 32.8760515975 32.6351489852 32.5556550692 33.0586903637 32.8676233354 45.7567300213 45.7567300213 32.6309895707 32.5035045488 32.7524937128 32.6132457836 32.9253505118 32.6695325614 33.1335828473 33.0713322132 32.7049260288 32.8849322044 33.0586205211 32.6415256774 33.1406794259 33.1820798788 32.529124463 33.0172007955 32.9900981678 32.9579437583 33.0025202967 33.0611942174
32.9961663951 32.7404439365 32.7571160868 32.6622776388 32.5954783627 33.0169378972 33.1800526703 32.8123374298 32.7770715786 58.7980597139 58.7980597139 32.8140281113 32.6243383628 32.6447868256 32.9786952364 32.6111855951 33.0205040783 32.9074783457 33.1157496959 32.7784938019 32.8828502797 32.6821283174 32.6296757118 32.6008913639 33.0913028604 33.1275403956 32.6364828742 32.503059717 32.5428420754 32.6004039616 33.0097677162 32.721814921 32.6100608873 32.9353699468 51.6607384836 51.6607384836 32.5719252673 51.6445636568 32.8925941714 33.1605905018 32.5758710461 33.057768319 32.774285078 32.8088511951 33.02335337 32.871035744 33.1697287362 32.9250257678 32.8458015288 32.9778764188 32.7046678731 33.1244212538 32.6191823195 32.8831604161 32.5704315588 33.1821832561
32.6049459165 33.1160007933 32.7885867538 33.0891281315 32.8448955753 32.6703530739 33.1541108403 32.6845158982 58.7795744297 32.6230748714 32.7229483949 32.5237423754 32.7623563537 33.2055275158 33.1375304831 32.717411219 32.5269316643 33.0521387367 32.97910239 33.0793862979 32.5517085414 32.9301074729 33.0430914285 33.0071348984 33.1683718292 32.8828508614 32.6899972732 32.6305067392 33.1114624061 33.1835265242 32.9578180332 32.9802261596 33.196736432 32.8253948888 32.5138055626 51.6445636568 32.8867468269 32.8232094202 32.991003684 32.6745430271 32.7589268807 33.2053149109 32.7642035922 32.5526526428 33.1401112757 33.0190487938 32.5808738908 32.6516067337 33.1812697445 33.1378553141 33.0743075988 32.8152371099 32.8261966734 32.8948187907 32.5711778635 32.9381304995
32.624981115 32.5116911785 32.6013410704 32.7027536427 32.9238104319 33.2013686765 32.8023223443 32.8047820987 58.7795744297 58.7795744297 58.7795744297 32.7925610629 33.0567016176 32.9407387848 32.8698603758 32.9797298254 33.176297849 32.9188525062 32.8838982532 32.7820774043 32.9197560568 32.6972300441 32.9607806117 32.9470014391 32.6341487093 32.8728218364 32.8336442524 33.0271872941 32.9557034387 32.619836528 32.8797051437 32.5872802648 32.5114601056 33.071430417 32.5599705127 32.6715247819 51.6445636568 32.8095115739 33.0903333302 32.8822568832 32.8393800144 32.8489460301 33.1774366067 32.9133515134 33.0352793684 32.7858865451 33.205555032 32.544488975 32.7117372528 33.0837285734 32.7861103608 33.1027641987 32.6263461832 32.857976522 32.9938117907 32.5931559429
33.1756776148 32.67511618 32.5261918618 32.6510580559 32.7033788968 33.1346249572 32.8963842615 33.1524700544 32.8396844862 58.7795744297 32.5103156558 32.8710305682 33.0931919296 32.6081164409 33.0301090929 33.152363007 32.5400414041 32.5465374599 32.5029983611 32.9340041909 33.0824062813 32.6045930181 32.6126546146 32.9915803402 33.112218786 33.1731276412 32.8852924826 32.9742052777 32.547447964 32.7905893012 33.0991770334 32.9305496856 33.1312533749 32.5490439277 33.0618111158 33.0927387773 32.904295578 67.6973635285 33.0776448054 32.9818084675 32.8368677484 33.1754227246 32.6813416552 32.9404120344 32.5050349376 32.8030182188 33.045567355 33.107587691 32.6159040515 33.1339768642 32.5675431546 33.0479387137 32.6871073746 32.9376002439 32.9195477685 32.6183088509
