Spatial_Output/BAU/BAU_0444.asc
NCOLS 155
NROWS 192
XLLCORNER 196769.923733
YLLCORNER 449719.875193
CELLSIZE 27.603701
NODATA_VALUE NaN
[rows 92 to 114 of 192, columns 0 to 52 of 155]
0 0 0 0 0 0 0 30.5536624316 31.1275322101 30.7739531308 30.945212246 30.8868060185 30.9492463428 30.6786297838 30.6856812987 30.5991788322 30.9481732668 31.1603760406 31.00493818 30.9062923745 30.9957895928 30.5181189177 30.5820751701 31.0971654633 30.915800295 30.6365956701 30.8727285401 30.7018003124 31.0525548438 30.8289144077 31.0325216802 31.0096826773 30.6192281492 31.0828024635 30.7821551595 31.1133010695 30.6374990197 30.7926886513 30.8164293961 30.7528037191 31.1382487687 44.5335206992 70.055254079 44.5335206992 30.6264652642 30.625686784 30.7778978247 30.6913570378 30.8276622587 30.9038585173 30.6836404201 30.7260500227 30.8761493287
0 0 0 0 0 0 0 0 30.907268989 30.7701153239 30.5450278463 30.7716890729 30.6936179238 30.668524035 30.7608446189 30.6013229543 30.6466710023 30.7766305051 30.816013296 31.1943867136 31.1214198925 30.6669956695 30.531360557 30.7297226285 30.6688983108 30.9711290662 30.6468092398 31.1951104275 31.2039944458 31.0202844556 30.8101952822 31.20505814 30.6848462497 31.1158532884 31.1495693276 30.827811636 31.1669634322 30.5403768851 30.6859942808 30.7956311973 30.9330578551 30.7857674239 30.9327314159 31.0421713655 30.9987646961 30.5279523107 30.5496985066 30.7362626578 30.9991171118 30.8128207648 31.0237741592 30.815400454 31.0364087344
0 0 0 0 0 0 0 0 0 0 31.1332581699 31.1503950081 30.7935714682 30.5654716571 30.8535844952 31.0177442303 30.7447168255 31.0357310508 30.9838446655 30.512545636 30.5870464173 31.0530206958 31.1397108499 30.7560511742 30.8664521185 30.9606225615 30.625230516 30.9132254581 30.6935751353 30.7901502705 30.5719554964 31.0439104211 30.6339643868 30.6962862457 30.7112760923 30.6426601913 31.1322003238 30.7261081098 30.66230728 30.9818198611 30.6447139782 30.5682277947 47.9552404881 30.8461504789 30.9309073004 30.5003361039 30.7786654084 30.7157784177 31.0102172 30.6332618989 30.5183114312 31.1047951219 31.1491165263
0 0 0 0 0 0 0 0 0 0 30.7849791117 30.8781258168 30.9766744112 30.5866249284 31.0858532441 30.7443261473 30.9841310229 31.1196770861 31.1543893553 30.6724220603 30.9547135425 31.0035907526 31.0724606341 30.5476797009 30.7009500902 31.1854122283 31.0717626518 31.2051691096 30.6148450332 30.827178609 30.7873567762 31.1627852616 30.7019542961 31.0167444313 30.5786251906 31.0944244758 30.8501165583 30.5108086893 30.5423392787 31.1200010384 30.9371429823 47.9552404881 48.0772728754 48.0772728754 30.5873034452 30.7653927933 30.8252535215 31.1545442114 30.5386310475 30.7110371879 30.8969055738 30.5492172482 31.1799840748
0 0 0 0 0 0 0 0 0 0 30.5406890438 31.1231616958 30.6664159665 30.7025855247 30.6374805742 31.1507268657 30.5153087084 30.9578161662 31.048640584 30.8900940735 31.1900375508 30.7759153893 31.1037325703 31.1073389251 30.8569538894 30.5466742188 30.9528296724 30.5106097395 30.6859239537 30.74663418 30.5670249074 30.6893754928 30.6233613401 30.9622410966 30.90120127 31.1875713953 30.9659123505 31.0196045814 31.1831824668 30.7249107737 30.8586157204 48.0772728754 48.0772728754 48.0772728754 31.1893318542 30.9326346637 30.7182988069 31.1974586189 30.6382179776 31.0377973584 31.1443541363 30.7135347856 30.6615225252
0 0 0 0 0 0 0 0 31.009758976 30.9350004268 31.1276476693 30.5043088557 30.8392007114 30.815222809 30.6021232941 30.9067567176 30.6075524305 31.1793534293 31.1527323758 31.1946747488 30.7489527734 30.5425822506 30.5455052456 30.8847119786 30.8465104928 30.879528212 51.4153067287 30.6844938043 54.7805841319 54.8506212395 30.95587863 53.3846365434 69.0671360946 53.655247017 31.1167346 30.6767667221 31.0613895602 31.1147338339 30.7045379906 30.8834370716 30.7726990055 31.0617592664 31.0485073123 31.0258837498 30.7056776881 31.0491561941 30.8190389641 30.8084033124 30.7570222442 30.8995434358 30.9527246428 30.8319451847 30.7067487319
0 0 0 0 0 0 0 31.1758775777 30.5315989066 30.591843151 30.982530426 30.555304355 31.0161817106 30.5845073232 30.8390460337 30.8415835603 30.831497494 30.9476770867 31.1911400828 30.959287931 30.8953020743 30.5451244682 30.8855289776 30.9247916327 31.1436950245 46.2919327441 51.4153067287 51.4153067287 54.7805841319 54.7805841319 54.8506212395 53.3846365434 53.3846365434 69.0671360946 30.6667663761 67.6732178624 67.6732178624 30.9714498257 30.8461657 30.697170205 30.8138104733 31.1157257788 30.6271421938 30.737540795 31.1806438836 30.7771998912 31.103836325 30.7612710346 30.6585505862 30.9295578276 30.8370766217 31.0040755937 30.5339810876
0 0 0 0 0 0 0 30.7209899761 30.523880325 30.5485895844 31.1574450104 30.9416036745 31.0204059056 31.1916132666 31.0398227898 31.202825282 30.6547225404 30.5293460347 31.05687089 30.7331452175 31.1786529778 30.9068892055 30.5963705256 31.1909409569 31.0113577436 31.1952426572 51.4153067287 51.4153067287 54.7805841319 54.8506212395 30.7682272886 53.3846365434 69.0671360946 53.655247017 30.5648886225 31.070564006 30.5024902861 30.503441931 31.1515139528 30.8494856137 30.5503056265 30.7714529761 30.9734126112 30.7967690742 30.5956072273 31.0549362707 30.752562197 30.9368264428 30.8738336244 30.9235120789 31.0509260741 30.7509957221 30.9886136497
0 0 0 0 0 0 0 0 30.8147060956 31.1077960563 30.8113958633 30.5933134756 30.844203118 31.0280645512 30.9064195113 30.7838377503 30.8826642816 30.9850288287 31.0779750271 30.9513538089 31.090923829 30.7219269475 30.887137434 31.1543812974 30.577646581 31.099717744 30.6661011322 30.7299705082 30.8531048137 31.1502655574 30.8916622808 31.0755044832 30.8975511651 31.1215665012 30.5629294765 30.8864527465 30.6643311173 30.9718514678 30.801951273 30.7830137768 30.686228105 30.9211024429 55.2945675052 55.2945675052 55.2945675052 31.1412452815 31.1361096062 30.8202162128 30.6341691402 30.8710600172 31.0317372689 30.6902623026 30.812437897
0 0 0 0 0 0 0 0 0 31.1571438985 30.9260814343 30.5900282105 30.9009873514 30.6054470324 31.1367631545 30.6277917427 30.9228335996 30.8125018783 30.6517554022 30.676020839 31.0839431556 31.1627524943 30.7024951462 30.5505373147 30.732514533 30.7063214822 30.6071686618 30.9321443474 30.5552146997 31.1866068105 30.7221981409 30.5168952076 30.8235199149 30.5442883941 30.7771213602 31.0260358924 31.0614559186 30.8977638568 30.6792319017 30.6905296384 30.6887182855 30.6712120418 52.7807140968 55.2945675052 52.7807140968 30.8159686382 30.7860840662 30.7893928722 30.9007191125 30.8844288135 30.8413799475 30.9660781596 30.7150076116
0 0 0 0 0 0 0 0 0 0 0 30.8213610404 30.5583070747 30.9059336767 31.0716936068 30.9078848999 30.8420945665 31.0656925867 30.8255581011 30.5718195954 64.496233411 64.496233411 30.5646160386 30.9689774451 30.6631613524 31.0444105904 31.1412353425 31.0177032951 31.1603626067 31.0893189139 30.7856013188 30.7333340052 30.8256236978 30.7590451287 30.8058202344 30.6334300839 31.0377235992 30.7036011698 30.6734333062 30.9300341301 30.5934335775 31.08993112 31.1597308735 52.7807140968 30.7866866557 31.0138571634 30.7057433785 30.858805348 30.7364700976 30.9404660487 30.8011071402 30.8182174584 30.8071036599
0 0 0 0 0 0 0 0 0 0 0 0 0 0 31.0775094724 30.6557244434 30.9580930504 30.5533763688 30.5964970316 30.5329453608 64.496233411 30.8196775012 30.9580012232 30.7465355378 31.1469720927 30.5334907648 30.6482828668 30.7107868473 30.9271098267 31.0165909533 31.1264002212 31.0097955426 30.8912454994 30.5989783807 30.9068132455 31.0911969622 30.8354779738 30.9704197901 30.9030811813 30.9794941179 30.9214904675 31.1994083832 31.0831706823 30.9858413425 30.5070004971 30.7223434972 31.0612256127 31.17163766 30.5311314461 30.9329837986 30.9489873079 31.0955032743 31.0640934937
0 0 0 0 0 0 0 0 0 0 0 0 0 0 0 31.1250418706 30.5030057774 30.9585502936 30.6742175866 30.9538173146 75.1668291017 64.496233411 30.7790864141 31.1132752693 30.9904811036 30.7398008761 30.8931692111 30.9621627193 30.8362347445 30.8888465301 30.7325260751 30.6976487034 31.0193615375 31.0774528089 30.9493421414 30.5105055378 30.778724732 30.6384531602 31.0165499981 30.902030153 31.1917651725 30.6874977636 30.5629205879 52.0839128012 30.8184254282 30.9027597015 30.7002689072 30.9595855916 30.8299937236 30.955826104 30.8270242958 30.6203189164 30.7410096767
0 0 0 0 0 0 0 0 0 0 0 0 0 0 0 30.9600360823 30.5608610289 30.8891588274 31.1177447654 75.1668291017 31.1850810433 30.949620459 30.8638306433 30.776236502 30.7403242432 31.1847798935 30.7235989599 30.8665442889 30.7239612006 30.8701495187 31.0842892233 30.9475424963 30.7224881465 31.0559998486 30.8606943889 30.8812111836 30.5786150364 30.897320018 30.8754971252 30.6138244257 30.9176579837 30.6936283582 30.9244529087 48.2756670013 48.2756670013 31.1096475047 30.8874008795 30.7406445148 31.0804561949 30.5827000482 30.5819023484 31.0049421505 30.7249600378
0 0 0 0 0 0 0 0 0 0 0 0 0 0 0 0 31.0047968211 30.6567012488 30.9299844875 30.9988065445 30.7105846395 31.1878442712 30.9735888941 30.8965733381 30.5986763916 30.6105466082 30.7813365758 30.7900703421 30.72979075 30.5429136195 31.168140646 30.9292261978 31.1577989113 31.1027796857 30.7614964373 30.9480738995 31.1718061542 30.6389397137 30.772061582 30.822465378 30.7220943207 30.5924233107 48.2756670013 48.2756670013 48.2756670013 31.1464362074 30.8463631979 31.097824256 30.8149769014 30.6644970262 31.0046268925 31.022079776 30.5654860747
0 0 0 0 0 0 0 0 0 0 0 0 0 0 0 48.9596015167 44.6433153743 57.7609973902 30.8298259732 30.719245345 31.0048583968 30.6726666912 30.5464298276 30.7669535115 31.0001422336 30.8541833132 30.894050755 31.022475162 30.6896400997 30.7382136725 30.7761722311 30.9387007985 30.6870563021 31.1099240628 31.0676185108 30.9903829216 30.6397763902 30.5193549326 30.7897762251 30.7507125858 30.9404266711 30.6512866846 47.8718739354 48.2756670013 30.696373281 31.1969488802 31.1496268581 30.764650305 31.1552946853 30.8146904728 30.613570131 31.0601688487 30.6300170227
0 0 0 0 0 0 0 0 0 0 0 0 0 0 76.0163762178 48.5384905647 57.8854349772 43.9521458648 31.0382109084 31.0614586924 30.6974569621 30.6955338608 30.6637251262 30.9393192892 31.1232465506 31.0701564284 30.6953869191 30.808253988 31.064956583 31.1857550633 30.5715680081 31.1147989801 31.0169083535 30.9221676387 30.7753728719 30.6808711184 30.6466365903 31.1907647805 31.1818263262 30.8348093868 30.5226278237 30.906286451 30.613461871 47.8718739354 30.7710257016 31.0447613998 30.8224770372 31.1203412551 31.0436642262 30.7320249075 31.1054743371 31.1166955562 30.7690320756
0 0 0 0 0 0 0 0 0 0 0 0 0 0 0 45.5706021352 59.5190579442 49.1601710507 30.6070806395 31.0662727114 30.6349277723 30.8615468602 31.025119294 30.7136831184 30.5472014779 30.9630860772 30.8532665128 30.9083607355 30.7857776301 30.7069928504 30.8416183449 31.1554819518 30.6519048184 30.5304259729 31.0740664007 31.1283946462 30.9166733626 31.0162333796 31.1501534579 31.1741784233 30.6984737914 31.0653299216 31.0828217872 30.7848754447 30.8522630462 31.015696016 31.024761431 31.1228294774 30.9653623108 31.0305822442 31.1850990912 30.74896551 31.0796715313
0 0 0 0 0 0 0 0 0 0 0 0 0 0 0 0 0 30.9737463337 31.0317160009 30.512978409 30.5423448449 30.9414438348 30.8555398913 30.6016656045 30.5013992677 31.096498059 30.8428908279 31.0779398705 30.5525095488 30.924870769 31.1252852122 30.9795840029 30.6085949746 30.9201423342 30.7583604868 31.0024276253 30.530885457 31.018925701 31.0318518737 30.7141455761 30.9325274368 30.6351275124 31.1211841336 31.0682670694 31.0221208843 31.0512334126 30.9270664917 30.7503983522 30.5835255963 30.9768325733 30.7595813037 31.081814946 30.8277111309
0 0 0 0 0 0 0 0 0 0 0 0 0 0 0 0 0 30.5103444402 31.0572949667 30.9302908285 30.8968293824 30.9317149982 30.9658980597 30.5987709274 31.0634672546 30.673413426 30.7133193751 31.038801514 30.9571548011 31.1278832502 30.6104346884 30.8780570995 31.1636463511 30.5739059921 30.8056556939 30.7146584596 31.0818874753 30.7559638589 30.6383233661 30.9605190622 30.7592996721 30.8061810594 30.764945958 30.8003421885 30.7724784545 30.5374421113 30.7598972094 31.119372336 30.683975497 30.8934816044 31.1009940769 31.0469910996 30.9297995504
0 0 0 0 0 0 0 0 0 0 0 0 0 0 0 0 0 0 30.8513497956 31.1498596958 30.847366897 30.63325536 30.9726179061 31.1857954731 31.1716915919 31.1510076264 30.6377978958 30.8058570262 30.7141331905 30.6367587955 31.1890311705 30.8485283282 30.6138355946 31.1928885766 31.0823619653 30.8261468041 31.0848507154 31.0045257993 30.5477237455 30.730540166 31.035712789 30.9755967053 30.6815913603 31.1387229919 30.6864042444 30.5010308446 31.0695064537 31.1703402551 31.2035077555 30.61920675 30.6085056576 30.849229955 31.0445683431
0 0 0 0 0 0 0 0 0 0 0 0 0 0 0 0 0 0 30.946970189 30.8407912361 30.7475470793 31.0410284977 30.8506891446 30.6788011672 30.8232037286 30.5160284787 30.9249236871 30.6120577489 31.0129128775 31.1678923206 30.979959258 31.1756874653 30.5482720769 30.7219914801 30.9664732054 30.9206493095 30.550709859 30.5143788327 30.565794519 31.1744076899 30.7496248161 30.7201868557 30.9421919746 30.672299292 30.9272893864 30.8319559129 31.0111468935 30.9995221886 30.9632251392 31.0842978606 31.160560065 30.888958802 30.911799768
0 0 0 0 0 0 0 0 0 0 0 0 0 0 0 0 0 0 0 31.1344019667 30.8206984347 30.7461922835 31.1087954813 30.8503718906 31.1396675149 30.981302525 31.0733088737 30.8692549424 30.8929662105 31.1088217883 30.8838275374 30.5908348265 31.0733567239 31.0196952631 31.147839858 30.9608673545 30.6749237417 30.8596380858 31.0052038671 30.8605162535 31.1658905306 31.0015835553 31.1426750095 30.6864148862 30.6921213113 30.9578268786 31.1585923285 30.5086426174 30.9727711675 31.1023287773 30.6590918948 31.0075211322 31.0371897123
