Spatial_Output/BAU/BAU_0752.asc
NCOLS 155
NROWS 192
XLLCORNER 196769.923733
YLLCORNER 449719.875193
CELLSIZE 27.603701
NODATA_VALUE NaN
[rows 46 to 68 of 192, columns 0 to 52 of 155]
25.4195359944 25.0885377967 25.5080874057 26.9750889488 24.6430276438 23.5125021142 23.0229104172 24.1288342549 24.9805913796 23.3096720812 25.8236141248 54.283719277 54.5481252918 54.283719277 23.8032413088 23.3757718522 26.0037489699 25.8200414769 23.144152561 25.7294241887 23.4622936865 38.5547395032 38.5547395032 38.5547395032 25.238650714 26.81166193 23.7558373909 25.5875728704 24.3255440594 23.6002135193 26.6611931948 26.3407848685 26.750682013 56.5170966532 26.1981406572 25.5546045897 24.6418387363 26.1143120552 25.7604283696 24.4835327525 26.1959591416 23.0678239036 23.4286419299 24.9435742094 26.3404640383 24.8326355825 23.190995453 24.2063012511 24.8161925648 26.9705108909 24.1376577716 25.3265662926 23.9787990072
24.9752871115 25.6027122353 26.3599535048 27.1871304513 25.6890184114 24.270822517 26.1295667904 25.5206005322 26.8476034687 23.8860839258 25.6184368179 25.1611220868 24.8815628525 53.4300270363 53.4300270363 24.4107088091 26.7329856909 24.3865350267 24.9356973531 25.4782580528 23.4315871347 54.974007017 38.5547395032 25.6021556436 26.8853605604 26.1418987257 25.2779739696 24.5591958481 25.5791283236 24.2781073553 24.5127440902 25.8215310406 23.5387806424 24.9553327467 27.0004166992 23.7383190617 27.0298201978 24.8116702495 23.7185135257 25.466783416 23.4135319905 26.3738319531 23.2227616558 25.5879799559 24.7892641103 25.6254262331 25.5130659948 23.2787009215 24.3875503329 24.6829519033 26.8680815678 25.2548303574 23.8617378907
23.7989566057 26.2906471061 23.7554743857 25.6556607641 24.3887569532 27.1149876898 24.9933507858 24.7443073609 23.4038531174 24.6854405374 27.0130910982 26.6113660613 53.4300270363 53.4300270363 25.1140184528 26.4931297964 25.6536880015 24.0043096921 23.932743835 26.358087167 47.5689508383 47.5689508383 52.1917749554 52.1917749554 25.3075406491 24.3938062377 26.9741817664 25.8574022727 25.3102330718 23.5294062724 25.7033460017 23.6088425437 26.777422385 55.9424247772 25.2908116638 24.1355107153 23.2461372108 26.6071542767 26.0185053804 25.9013065009 23.9512399867 23.9905394706 25.932690199 26.90124757 24.2506789237 24.5078158376 24.8990164232 23.704103293 26.8769480628 24.7100789386 25.8854939749 25.7269633123 25.28045453
23.7912081396 25.6768718142 24.8740450324 24.0183778032 23.9082735887 26.4390925481 26.1777020525 25.6696597497 23.5662189584 27.118885929 27.0570837282 27.0892076517 26.2391223808 53.4300270363 55.4131181837 23.3355641586 25.8105662463 24.6192448104 25.8608104257 25.7392715961 23.5460772609 27.1604928508 52.1917749554 52.1917749554 52.1917749554 24.0470591199 26.2863108244 24.5154958591 25.7241442854 25.9370905353 25.0549570052 26.8284073956 55.9424247772 26.5811520286 23.659546413 23.2733435239 26.8537826838 24.9462118695 26.839792504 23.8037429788 26.5668114688 24.6061302612 26.9449048238 26.0434975039 24.0437379311 26.3032049325 24.0769945404 26.5251962902 25.8194282341 25.7968782976 23.2640810081 24.6011693131 23.7364342342
26.4968190119 27.063816635 24.6756938297 25.2759313613 26.8862117403 23.5106701958 23.7260618649 24.6415697311 25.890485951 23.9723693013 26.6610317105 26.8983252271 25.9654916218 55.4131181837 25.9477499117 26.9717781892 26.1879125702 23.4806005009 23.3347659843 26.8190752796 24.3534522026 24.1174550905 52.1917749554 57.2914754407 48.1949356559 26.5726740653 26.7691959434 25.1873194694 25.5824747686 24.5351034556 23.1677882833 26.4615457553 55.9989478631 55.9989478631 45.7238658286 25.6865138401 26.481734197 24.457073835 24.628907898 25.043905076 25.4543884642 24.0813298774 25.5881595809 24.338391907 24.0677631007 23.110115115 23.3599325495 24.8362028526 26.7918679205 24.8759309481 26.7369802176 25.0438521355 23.6939294877
26.8576807584 26.5465901157 25.0143981582 23.4421518888 23.6842587949 26.7343146035 24.7477725859 26.793106357 24.9184577693 23.3695574051 26.4929606627 25.1259022463 26.5333949479 55.3811021556 55.3811021556 23.9447530796 25.2411721753 27.1493167534 26.3146022797 26.7933771858 27.161084967 26.1450294388 50.8952702237 50.9452028794 50.9452028794 51.5747064619 23.3312366859 44.4714671945 27.1367406944 23.5349063627 25.9418648653 55.9989478631 55.9989478631 55.9989478631 45.0164208196 24.1648708503 24.015758517 26.1993769453 23.1301270889 25.4986044263 26.7715241093 25.5370609682 26.0667861596 24.045325008 26.388405174 25.7124108809 26.4850795049 24.6296440396 24.5645934934 26.9697977262 23.4218962219 26.1608216682 26.4106346906
26.8922892917 27.0350780919 23.9784910019 24.6117688681 23.8750194577 27.0159887472 27.1355922778 26.8974448154 26.8086529908 23.3067781824 25.2378408106 24.9049746454 24.5315144942 23.5234686753 25.0773652041 26.8082502606 24.0585893305 24.6670161219 23.8411857914 26.8015553768 23.5953726856 58.2875216913 50.9452028794 37.4854561288 37.4854561288 40.9188032677 44.4714671945 44.4714671945 43.9328574634 41.2234370541 27.21750444 25.0257644714 46.3386995191 46.3386995191 23.0728037414 25.4531010905 26.7290929802 24.8569871562 25.5257515662 25.6380183625 25.1041309329 25.0385633607 26.9576945733 25.1870864507 25.7856896508 24.9665102851 23.197529043 24.1563864312 26.4707817117 26.8563092531 26.5266798243 24.7888571197 25.7722719391
25.9952572287 27.1371464501 25.1312597044 27.1938724195 23.6722344917 25.6961267839 23.8893099166 24.0793587418 25.85558183 26.117486191 27.0348539445 23.7038533312 23.6165119188 56.1127505639 25.7477225063 25.9881064512 41.7968121776 24.9774646481 25.9323609412 26.303116148 24.5411632609 58.2875216913 64.1635256825 37.4854561288 37.4854561288 40.9188032677 44.4714671945 44.4714671945 43.9328574634 27.1290804193 23.8210678298 46.3386995191 46.3386995191 46.3386995191 46.3386995191 25.1200744588 26.7247532539 26.9072199086 27.0843893749 25.8993340701 24.0009512445 26.4767480729 24.6122088792 26.7754268183 23.9932665476 25.1668160463 24.1274033361 26.3550461492 25.319047868 26.7149188814 24.7785389772 24.9012712046 23.3770033243
24.8606454292 26.247910773 25.8168349609 24.4250830055 26.03083246 23.0659219005 25.6783011619 24.4425221067 23.7788138678 24.3062483083 26.5074124527 25.5229062886 24.3856230109 25.6235321527 23.0506387215 23.0072341235 27.1999712267 53.4552589995 25.9188259585 23.9297141839 25.9731148821 26.2357438545 58.2875216913 60.3173406611 76.8193221488 65.3306908695 23.1383719779 44.4714671945 25.5706021416 25.1218014004 23.1782053609 24.1555456738 27.0417020167 49.3562948659 26.7976211504 24.4977927345 23.4561737348 25.9235650012 23.0238055751 23.0646678979 23.7688434842 23.562876223 25.0168539035 24.655711117 25.7354460577 24.6929115409 25.198142745 25.9630559228 25.2443884368 24.535109365 24.1210984607 25.6297597659 26.3985933992
23.0582643206 25.1250879408 26.2181233698 26.9649598669 26.0609284684 23.2532311381 26.9750382184 25.0903963068 24.3255287719 24.777681297 24.6458202422 25.1560830489 24.651170712 24.88030922 23.556983861 24.4400250729 46.2728583746 53.4552589995 24.1265804519 26.0186701514 23.6219007714 25.5041328479 23.6743388957 65.3306908695 65.3306908695 26.5972184874 23.7429763688 26.9336276107 25.0259466222 24.4649187242 24.558838627 84.7355182637 49.3562948659 23.0653722879 23.7585409785 24.0794518684 23.7712620688 24.7800843053 24.9444517326 23.4109117246 27.1936042482 23.8309087519 25.6349861285 23.0202842072 24.9262863037 25.7013753504 26.0285256145 26.4979433639 23.8613128873 23.1341459549 25.4661476225 26.0382399918 25.294913541
25.9953927681 27.1730790713 24.6102405388 25.3299633934 24.2951385671 25.2614927977 26.0611680809 25.6790767671 27.1123570993 26.1309222488 25.5711980892 24.7328247677 24.8553273031 26.7919291963 26.9766194533 46.2728583746 46.2728583746 46.2728583746 23.7929282157 24.9182607184 24.6546624908 25.8356039457 23.4066856845 27.1041712529 25.0687143004 25.4637130585 23.5089275429 24.1870496104 24.5660827291 25.1495752658 26.4164482961 52.638045249 23.6843000255 52.638045249 52.638045249 25.9922246871 26.8024490135 23.3087540608 24.2995140003 26.7364191573 24.2715478018 23.2967928086 25.3943479851 24.6818875456 23.581705422 25.1621695702 25.2391930817 26.5334426026 24.1446232961 26.7250685933 25.7908667693 24.3336151748 56.8737425726
24.7623521847 26.6022439883 23.732114121 23.915932328 25.9641496924 26.3871505195 26.5947661924 26.5530314031 25.1041225635 25.8645894976 26.4454929294 25.2045393031 27.1240623525 23.0581344359 25.5217394258 46.2728583746 46.2728583746 46.2728583746 23.6656940204 25.0237635082 23.3730747055 24.7176693212 24.6368620858 26.6177471216 25.097371888 26.9557212671 23.4838234993 23.4297435072 23.8733327801 23.3910513466 23.4265160766 24.6303724196 51.5345713868 51.5345713868 51.6802016844 24.6740260944 24.1187885623 27.1822328084 24.3168669843 27.1647405161 23.500779706 25.7654440096 26.3932453452 24.7459494334 23.607740804 23.7199316662 26.3501654871 23.3504934803 23.696147902 23.5607000167 25.4978854285 26.9075662381 26.647989269
25.1238914088 25.7339888683 24.2397010448 26.7621179988 24.8837214026 25.1990399264 25.297968638 24.6501955244 23.8987067711 23.6474567603 27.1085284221 25.6738777908 25.5809309538 26.5323382733 24.6439650965 25.9958013214 47.0244617667 47.0244617667 26.5531772077 25.5994621139 23.2430549583 25.3174121841 24.8373376933 23.9534495583 56.4647727641 56.4647727641 56.4647727641 24.0161063059 26.571500084 25.4218141589 25.2918587073 51.5345713868 51.5345713868 51.5345713868 51.5345713868 23.4297768901 24.8035214517 25.1998502171 26.8190683244 23.772246733 27.1339137909 27.1259358826 27.2022737382 23.4799210802 23.3431153357 24.5888355099 23.3053301044 26.6942574732 26.3781671717 26.4385132861 23.9701204286 26.0195579844 23.678279893
24.2004432487 24.034172357 24.2735898151 25.7715253499 23.5021309057 24.2634124105 25.471215238 24.0815315984 24.9103383873 25.6602304329 27.2374129635 25.0776383014 23.1209876771 24.9893088563 26.9702569236 47.0244617667 47.0244617667 47.0244617667 47.0244617667 26.5874861008 23.5177222924 25.1736529598 25.0553800667 26.8314618883 56.4647727641 56.4647727641 25.9896198921 26.161108472 25.9446458687 23.0804903582 25.0681843799 25.1351348682 41.0896488028 41.0896488028 46.7740457926 25.8979948835 26.9763229814 23.2336269479 25.7805873642 26.9290768112 26.0779682043 25.4540803847 24.2353703448 25.9616565776 24.2318436633 24.4327668466 23.6506846009 24.2317724114 24.8380577192 24.2852386382 23.4429300982 26.8861858034 49.6155303165
26.71768993 26.9475360556 24.6580453738 25.9977525088 26.7156734299 23.7157234816 25.8742625854 24.771539548 25.4104650395 24.2720257867 23.226346488 26.1888934396 23.3280594404 25.3150535039 23.8519384428 24.8221653431 26.5797090077 25.2216715118 26.7790081995 26.1544987256 23.0676128117 25.5770095039 25.2728982736 72.6736984282 42.5307721946 42.5307721946 42.5307721946 47.2068176372 47.2068176372 24.8859016693 26.6620358619 41.0896488028 61.0767260456 41.0896488028 41.0896488028 24.7365941061 26.6123506746 26.4836538711 23.8291927406 23.3430350119 26.4887131205 25.1418520683 24.1294091885 25.5995353364 24.7927771977 24.7545655795 23.6569298152 24.4067788646 26.8927151198 25.8496540367 25.4537467582 55.1895822317 23.1184812271
26.6263045159 24.1601777183 25.3507318242 26.7814842167 27.1085987989 25.1024509756 23.0860871015 24.2025332456 23.310253842 25.6835326444 26.1203467827 27.1902800419 23.4501757863 23.8687576509 27.1326363925 24.10751277 25.111306796 25.5898353935 27.0522203732 23.2446810289 24.8624405891 24.9355781396 23.6305476255 72.6736984282 72.6736984282 42.5307721946 47.2068176372 47.2068176372 47.2068176372 26.067144341 69.0674461104 61.0767260456 61.0767260456 68.7926914305 45.381632108 25.0059019553 23.5835209355 26.2196175085 26.1829251701 24.0632677767 23.9553866169 23.4368693289 26.578898547 26.3440503483 26.6607725858 24.5287779174 27.074360715 26.5023081577 25.7643521878 26.6805111348 24.864392618 55.1895822317 55.1895822317
23.8460992397 25.1278615401 23.9915100388 23.4229623015 24.0499358168 26.142928618 26.8425754926 24.5630295045 26.5573992369 27.2268829011 27.2202690847 25.3231441891 26.8142364652 24.0531068427 23.2238564959 25.5365433803 24.3178451237 23.8074631879 24.7790545713 25.6434964042 25.7649412534 25.1390743771 25.0025059833 25.9733111473 84.6862265782 59.7793526127 59.7793526127 47.2068176372 50.6600873 25.5772141365 24.4102041762 25.8771113992 61.0767260456 45.381632108 26.7528072411 24.1387991201 26.3477154882 23.3861949572 26.7308657286 26.8904651866 26.1668109823 26.8048534902 24.4779347294 25.9606722658 26.5467239668 23.1745657936 23.2029982547 27.1734020584 23.375613328 26.1699941879 24.5219983833 51.6814362064 69.5296723557
24.359939551 24.6497514813 24.034003837 23.5323148932 23.4833798144 26.6722293987 26.0142259406 23.5362933138 23.6534928127 24.9007939205 25.6219935668 25.4599412304 26.5834079035 25.7881878592 25.0206597788 26.0863746953 27.2252894155 23.9092057286 24.2746468376 24.2528954071 27.0038450132 24.0208523007 26.688892369 27.2102094487 58.0508343536 59.7793526127 59.7793526127 26.2021769063 26.3886749968 26.8985125684 24.4187025449 25.6276414689 80.2465289595 80.2465289595 80.2465289595 26.2157625844 24.9756752067 24.9805980187 23.2669569116 25.4306261469 26.1291852328 23.1978566057 23.3419342499 23.1038096821 26.6764374103 23.1347785625 26.5520660149 25.4540116492 25.4109465455 25.8723713566 51.6814362064 51.6814362064 51.6814362064
24.9290362605 24.7611863768 25.8644623642 26.7972685237 26.470892263 25.721932966 23.9579294134 24.3691379159 24.2067855091 25.5722452108 27.2058593201 25.374163579 26.3044032511 25.209891064 27.2137266849 23.3302001823 23.7400674951 24.4401224398 25.1088414435 26.414185892 26.5525375543 26.0468865971 23.4226473377 24.0117974693 23.1130923107 58.1857206323 58.1857206323 58.1857206323 23.9974417399 25.6329796537 24.9226320544 26.3374321538 80.2465289595 80.2465289595 80.2465289595 24.5520699694 23.5249500125 23.0946168352 26.5393065077 23.9573404298 25.9089571595 25.5168847346 23.8003064013 25.4202659365 23.8790833748 26.8210619819 24.4357024761 25.0396144658 25.6295161399 26.2840038561 50.0152324457 51.6814362064 51.6814362064
25.0755953316 27.0598002101 26.392230651 26.9591561206 26.2820021039 25.8271506141 23.2945369204 24.7937047543 25.099674116 24.5478813389 23.5283105508 23.9699052096 26.1978486972 26.0766011698 27.0686577927 26.5673129017 25.1719755899 23.3828335829 26.6618695607 26.8693351671 23.8596933363 26.3549614906 23.7191787954 24.0153246575 23.8169424962 24.9611302093 27.1873057305 57.6355653834 25.0652660196 26.5919415747 27.2286051516 24.3254684839 61.3114543907 61.2161162489 23.8827817983 23.384593469 24.5255795001 27.1545203408 26.4532977074 24.3214489106 25.9831888749 23.5871333485 26.4974840887 25.025886548 25.8792119851 27.1055222362 24.4112955679 23.5789526559 24.6941240002 24.1602527762 24.8238757712 61.9463848964 25.8892627431
25.2858877968 23.0069536761 23.2342307132 24.4486731437 24.205678918 25.7285024779 23.7653542554 23.3961348844 24.2770317781 24.5142054615 23.1921325674 24.985507515 24.9416759984 24.5142146842 26.3098246492 25.5280688261 27.1891844604 23.2266796552 27.0324398104 25.7991774759 44.8225721143 23.8583171994 25.2509697953 23.3105556586 23.5170765076 24.8180170493 57.6355653834 57.6355653834 27.1772913266 23.956186317 24.6294386425 25.6717090788 61.2161162489 61.2161162489 61.2161162489 25.2062807058 24.2035582167 23.7850967933 25.889954676 26.5774117761 25.3143866699 26.7213605189 24.3568199385 24.5324630926 24.8200334336 23.5876536619 26.0776470117 25.5666696869 27.2114546653 26.4291433084 61.9463848964 61.9463848964 61.9463848964
27.2334485691 26.2434342752 24.5403293771 24.4672540207 25.598008806 23.9687130195 23.4632045215 23.6748308753 25.5457950784 26.0914905825 25.0444588003 23.1957239551 24.0539862034 27.1287186657 27.0906854155 26.1784718316 26.8366803302 26.2128705871 50.1104003447 50.1104003447 50.1104003447 24.5712932251 26.5460882405 23.3534605811 23.6628048743 23.639863388 56.6172925146 24.898252797 25.3562017498 27.1271709252 25.1000831019 24.4414204871 23.8883459599 61.2161162489 52.1708098895 24.810441656 25.581570932 26.6400484265 24.6280987997 23.5383858219 24.8172641134 25.3443218111 25.4830368837 25.2422916644 23.8837791557 24.7085511504 26.2458126106 25.4352412746 26.5945848065 25.7106979526 26.7581961862 61.9463848964 46.2380761342
26.270012667 25.3494909416 25.1184535784 23.2840388378 23.9498400557 26.9152480427 25.4790894254 23.2600752124 24.8868880938 27.1476838247 23.0771515918 24.6004632999 25.5190023175 23.693928065 25.3918374747 25.2335402726 24.7308507167 26.9658384611 50.1104003447 50.1104003447 50.1104003447 24.0270798103 23.4169792137 26.3445627803 23.6781903354 23.2563247891 26.7418567218 25.9665269856 23.3380184698 26.9455584173 25.3708314971 26.9845333598 24.1906181103 26.6072029371 27.1791208106 25.9831619105 25.141544904 23.7206341052 24.8818418949 25.2279522656 26.4260197598 25.498807154 23.9586983342 23.1377940163 24.9451278532 26.3784124264 25.5764435607 24.7664594266 26.2530799688 25.0409954305 26.1167346431 24.1890542025 27.1693596041
