Spatial_Output/BAU/BAU_1399.asc
NCOLS 155
NROWS 192
XLLCORNER 196769.923733
YLLCORNER 449719.875193
CELLSIZE 27.603701
NODATA_VALUE NaN
[rows 46 to 68 of 192, columns 0 to 52 of 155]
33.0673143431 33.0320327117 32.7038094345 32.6047615854 32.7793543014 32.7403149746 32.9012433664 32.7858943833 33.0379503957 33.0797095888 32.567353899 70.2492569908 70.2492569908 70.2492569908 32.9112780171 32.737162193 32.867498517 32.6517460655 32.8764971519 32.922543425 32.5555263537 66.3381338164 66.3381338164 66.3381338164 32.7395837573 33.0021313499 33.1009663248 32.907947896 33.0281442018 33.0795874397 32.5763616299 32.6694421869 32.7089534185 32.8866830013 32.6620370896 32.8547296496 33.1979400336 33.1006797511 32.6575027272 32.7516309664 32.6698349501 33.0874554577 32.9967175001 33.1281287401 32.8949281719 33.2026494644 33.1819491808 32.9007131021 32.7983926796 66.0618812462 66.0618812462 66.3568510604 32.596942726
32.5341045609 32.8745578448 33.1617646013 33.097787669 33.1872181672 32.7362209269 32.9356223158 33.0896314312 33.0285186203 32.9855229187 33.1017453326 32.9565768534 70.2492569908 49.9992882041 32.8109040546 33.1928864779 32.5953042536 32.7775351858 32.8428912381 32.8823355619 32.7635517852 33.0083383159 33.0576139967 32.7020774719 32.6444845557 32.7525468805 33.1738938487 33.1496129551 33.2053311431 32.5976276319 32.8477237578 46.6765781561 46.6765781561 46.6765781561 33.0365003598 33.0934794433 32.6771346407 32.5735423853 33.1969159962 32.68903551 33.1480686255 33.0588560472 32.7413631546 32.8480090631 32.6105834823 32.87347719 32.728200762 32.6653586241 33.0497459062 32.8841359145 32.8029517672 32.5883835819 50.5648551533
32.870996397 32.8475567778 32.6724075068 32.7806105124 32.7467776515 32.9571796092 32.9045624041 32.7544567782 33.0570658927 32.8854482387 32.511861598 32.6536375115 32.9521176686 33.1635602581 32.6162547187 33.0911308321 33.1172080821 32.5752165046 33.1144054498 32.5897446381 33.1304648132 33.1808617533 32.9589853552 33.1122172225 32.561834741 32.8552185896 33.0621281022 32.7479765791 32.8896550038 32.7850287496 32.6545686836 32.6086627034 46.6765781561 33.0917414061 32.6595141895 33.1472982721 33.1228536818 32.7263611935 33.0601745069 32.882967211 32.7976382126 32.9468755514 32.5693743055 33.0360376359 32.9696917538 32.7602916087 32.6292982678 32.775513668 33.1957179862 33.1807199644 32.9732147808 32.5901454861 50.5648551533
33.0218174808 33.182310686 32.7106003859 32.9220132025 33.0581789757 32.9827252789 33.0436074832 32.9545017178 32.7798629999 32.7159746875 32.9094318148 33.01457197 32.6019861558 32.639455718 33.2046862028 32.6445982095 32.7551561611 32.5671775517 33.0205562018 32.9266941372 32.6415555432 32.621140988 32.6358706467 33.0535095248 32.5532382643 32.7132492152 32.8881528912 33.0154066349 32.9407259024 33.1206308833 32.8288885372 32.7786468137 33.1361226596 32.8802002107 33.1336585102 33.1349364628 33.1761722101 33.1923873199 32.5487321574 32.6864968452 32.7100799636 32.778168589 33.158767531 33.0702050849 32.9627950133 32.577341284 32.5189200399 32.8274293699 32.5795525998 32.5564430068 32.7398777071 33.1347804752 32.7221046446
33.0257435541 32.5053977603 32.8372313927 33.171187432 33.1450890809 32.6163802083 32.9448721081 33.1049594486 32.5596689321 32.6763447054 33.046412062 32.7227302332 33.0795497361 33.0076732245 32.568087246 32.9433037126 32.8872555163 32.7940276997 32.818456785 32.863184794 32.6486789405 32.5230564664 32.987784185 32.5844467984 33.1376755199 33.201477645 32.7533694031 33.1612209177 32.9477953718 33.1206385738 32.7141199544 49.3140745273 33.0035751255 32.6244122588 46.5396251531 32.928113997 32.7897410972 32.608791119 32.8396718358 33.0947870383 32.5181341399 32.8572280214 32.5222362768 32.8649545459 32.6601325727 32.7597920249 33.0681531661 32.5239972723 32.7326356869 32.5146936148 33.1389272951 32.62830171 73.3330918956
32.8265022361 33.1244680076 33.0484390474 33.1787070138 33.161161516 32.7310434491 32.6322925208 33.0978329451 32.5488198232 32.8315625781 33.1691225357 32.6425152396 33.1669648276 32.5364055574 32.8153052889 33.0116028214 32.9364118221 32.9247767063 33.0630894513 32.8886831496 32.8618409248 33.0801919101 51.8631572048 62.1945127032 62.1945127032 32.7059277246 82.4892245983 64.8083992402 82.1510609908 82.1510609908 32.6955090862 49.3140745273 62.364909711 62.364909711 32.8463954879 32.5394238784 32.5806337342 32.7532406121 32.8284025191 33.0791606727 32.874184564 33.105115181 33.1749805598 32.6096293317 32.9812220552 32.6528983955 33.0062276044 33.093100362 32.525413255 33.1457882011 33.0046149036 32.7741748483 32.6910793315
33.0676132097 32.9396502628 33.0862491712 32.682253832 32.610243235 33.0009181606 32.5996747433 32.6973542309 32.6124954268 33.0175657829 32.5714136984 32.7896466469 32.8079044721 32.8341650164 32.9171291333 33.0082958501 32.7631694808 56.5048011608 74.8796885126 57.4658882415 45.473736546 66.1089067592 62.1945127032 62.1945127032 62.1945127032 55.0970411199 82.4892245983 64.8083992402 64.8083992402 82.1510609908 32.9742439092 49.3140745273 62.364909711 62.364909711 46.5396251531 33.1822812404 32.7692139418 32.9490561269 33.0023549337 32.8188090343 32.9943177713 32.7653168632 32.8164411198 33.0847749128 33.1867872074 33.1320752659 33.1044328789 32.5814174071 32.9629945916 32.5289402386 32.9627065831 33.1879798461 33.101750013
33.0695303294 32.8940516601 32.871213406 33.0696159867 32.645476379 32.9671304349 33.0074553249 32.6994574055 33.0629858449 32.9008115175 33.1131628891 32.7051248332 33.0202538221 32.6065639638 33.0264621345 33.0054155044 33.034457266 56.5048011608 74.8796885126 74.8796885126 66.1089067592 66.1089067592 66.1089067592 48.6800997004 48.6800997004 48.6800997004 55.0970411199 64.8083992402 32.7372625883 82.1510609908 32.743633982 32.6653977681 50.8285174043 50.8285174043 32.9637537493 32.9772368718 33.1438819381 32.5078120868 32.6722775654 32.9054957581 33.2017712069 32.9701610919 33.0248102195 32.747866434 32.5816388706 33.1139751338 32.6420002058 33.055875759 32.69457247 32.6408020907 32.8196968922 33.1446952241 32.5343230747
32.5637853534 32.5754642518 33.1393527918 33.203691576 32.9585325755 32.5013435694 32.8868947838 32.6704277644 33.0193505489 32.8469777315 32.7390482934 32.8536955931 32.9525718674 32.74579816 32.5174054807 32.9227722691 32.7659681548 56.5048011608 74.8796885126 74.8796885126 32.8054927406 66.1089067592 48.6800997004 48.6800997004 52.4752987539 32.7167430971 55.0970411199 33.1584490376 32.6176228454 32.548404282 32.803920219 33.0389909112 32.700696563 32.8323631017 32.7067214075 32.8697412852 32.5630205283 32.6924918267 32.7059726169 32.7327968257 32.8888230952 33.0083221935 32.8327229885 33.0072014956 33.1443503841 33.1611907522 32.8811874176 33.1575185316 32.6045885151 32.6881310178 32.727835134 32.5915961965 32.8959292772
32.5287500326 33.1078673747 33.1827793692 33.1320907274 32.7540169372 33.0632811716 32.8079611076 32.7416202692 33.0184066824 32.8638807356 32.6169203152 32.7650861256 33.1037212488 33.186100613 32.7602019968 32.7611189056 33.0778041629 33.0615097564 32.7087167875 32.5653647482 33.0787362654 32.9283043427 32.6676268165 52.4752987539 52.4752987539 52.4752987539 33.0469208846 33.1098965895 32.612331278 32.7439235785 32.8785900304 32.5153459725 32.5055808774 32.6311264324 33.0297804032 32.9091203728 32.9608575291 32.8970801432 33.1560961967 32.7011443105 32.5145336589 32.9068664109 33.1119809763 33.1729791163 33.0451779792 32.5079522343 33.0864777498 33.1967624016 32.9493442588 33.0312258287 32.7390492478 32.9056836249 32.7719332443
32.6215921671 33.1916564977 32.9148278511 32.7168339182 32.6879980453 32.7780865022 32.9654442084 32.5128131064 33.0833116199 32.9451798199 33.104952234 32.6623680895 32.7256727697 32.6156789188 32.9598796765 33.0463196511 33.0989257012 32.6711456684 32.9592860869 32.793522452 33.0367829639 32.9094851375 32.7656085406 44.4382428393 52.4752987539 44.4382428393 33.0976575403 32.964734315 33.1774838922 33.0366705842 32.7591322825 33.1503816263 33.1658977006 32.9861932701 32.8710899142 32.7185859483 32.9925334552 32.5772347608 33.0440940108 32.7866410168 33.1325521899 33.1175262322 32.6346769031 32.7447213563 32.6637178108 32.8996848866 32.820039583 33.0139299784 32.5691044007 32.6182481167 32.5088254343 33.1566466743 32.7833200425
32.5606993742 32.6491125845 32.5331927546 33.0371175914 32.7554677293 32.8174124626 33.1609884671 32.6254795643 32.9894505413 33.1840946886 33.0572290464 32.6321232754 32.9612747301 32.5980212339 33.0234107686 33.0798916992 32.9812471373 33.0008084899 32.9728988571 33.0694172981 33.0331784006 33.1464134372 32.9970148896 32.7922735542 49.9156753571 49.9156753571 32.5763438211 32.9706220443 33.0762434413 32.8863892536 32.5133928745 32.971272468 33.0277324811 33.2006651524 33.1159116858 33.1742769553 32.6719324972 32.7607923426 32.9417660498 32.6861065567 33.1761712112 33.0417141854 32.5942619477 32.75393449 33.0825440684 32.6566146506 32.9305331526 32.5760103605 32.934186829 32.7565096447 33.1500922971 32.6813057624 33.1882281827
33.1923930489 32.5378918746 33.1239802322 32.728413339 32.5124040036 33.0270909226 32.6532857666 32.5983061175 33.0241763096 32.9557671834 32.5850045312 32.928100827 32.5747275607 32.6806551779 32.986645118 32.7111972135 32.5054808303 32.8355896965 32.6724069677 32.745800887 32.7198426629 33.1181182194 33.032554923 32.5479802006 49.9156753571 67.7478029753 32.6492615606 32.8481554231 32.6202380171 32.8746630911 32.9718925396 32.8183632272 32.5677894653 33.031475853 33.0997171612 32.6618937121 33.204193032 33.1273597322 33.109729076 32.7926340518 32.7049523274 32.864493971 32.900218992 32.6887389983 32.8350585174 32.6546670941 32.9508098054 32.7550863418 33.1614462616 32.8071154497 32.6628394384 53.633017939 53.633017939
32.9813036714 33.1474957052 32.8283340878 32.7967167287 32.6176523532 32.6085709485 33.1448115237 33.0632647864 32.8703687618 32.549250218 32.5382244021 32.9802884087 32.844574493 32.9414433978 32.5998291916 32.8664816563 33.0119127384 33.0032239549 32.7085326079 33.1439812791 32.9268582155 33.1018355016 32.5177770303 32.8994313015 67.7478029753 67.7478029753 67.7478029753 33.0626866185 32.8016618183 32.9317883079 32.7012224177 32.7669447121 32.682878485 32.899601536 32.871702884 33.1969142706 33.1354777173 32.8037756665 32.9253782295 33.0872917001 33.161309132 32.9860137582 32.664060154 32.5198898303 33.1771897176 32.7937642843 33.062386955 32.9480477014 32.6228845182 33.0811217256 32.7266485835 32.6811476237 53.633017939
32.6605543311 33.0494291188 33.0403643697 32.5581724961 33.0765441749 33.1900222506 32.9131645458 32.9287590639 32.5513904276 32.9095965479 32.9562626777 32.9133265387 32.5586564773 33.1854244469 32.9183779073 32.9280341015 32.7705103246 33.1166259879 32.6106512904 32.9777132454 32.8537597918 33.1208458418 33.0402125221 47.044694783 47.044694783 54.996573799 49.9996879538 33.0195616117 32.8309515849 32.655249118 32.9161913701 32.745957086 32.9430485359 32.5690286893 32.9092549035 32.9866638555 32.853052835 33.0568242826 32.7055842674 32.6260724752 33.165073524 32.6968845456 32.7418455092 32.523261235 33.1644210835 32.7628851758 32.8387901347 32.9315675061 33.0146932721 33.0787834152 32.8078857906 33.1708559367 56.3267219672
32.8337647683 32.6204389437 32.9731510093 32.7616271284 32.5839771254 33.0139368106 33.0057859517 32.6681381855 32.9109394529 32.7526895414 32.8942151605 33.0633957311 33.1325527916 32.7654515233 32.7282289121 32.7578945135 33.0749504219 33.1622851288 33.177385833 32.8938718395 32.7565488346 32.7670904577 33.0714896386 47.044694783 47.044694783 49.9996879538 49.9996879538 49.9996879538 32.5748892444 32.7401444376 32.6609217816 32.5056541398 32.8397979598 32.6457075849 32.8022688194 33.1766720095 32.6757261918 33.1324169844 32.597494973 33.0675985327 32.9322319216 33.1631555253 33.1015142741 32.8296424287 32.9214431557 32.8964033241 33.1337695914 33.1726928633 33.0135845871 32.5548751284 32.5455728535 32.634778955 63.0736718282
32.7978526514 33.0914755611 33.0225293201 32.8804549829 33.1468106702 32.5215557613 32.6263503121 32.8359203662 32.8202850201 32.7400181494 32.722305177 32.5847863365 32.9636072186 33.1689212407 33.0680414631 32.5851440681 32.7361347709 33.1584615194 33.0689931204 33.1736696307 32.6001271222 33.0266946598 32.9095900788 47.044694783 80.3210703058 54.996573799 49.9996879538 33.0071481367 32.9579549213 32.6526407926 33.0541272159 33.0198071068 33.1705968402 32.6260543379 33.1765495907 33.2054685193 32.5233785627 32.9740206113 33.034803059 32.7560389325 32.6173745863 32.5476384582 33.1680173374 32.804077079 32.5432918166 33.0536280937 33.0250649209 33.0989345578 32.9293652448 32.8263729019 32.6837740672 32.7608286265 32.5667922317
32.6756074138 32.7981774058 32.6798721785 33.1898278879 33.0069331553 33.0125853392 33.0082804442 33.0138039028 32.8331887577 33.1346898197 32.6710666657 32.7084319519 32.5478250119 32.7000922368 33.1666209766 32.8094983599 33.1165252979 32.7319878965 32.9565182149 32.7302577133 32.9440415014 32.9795452449 32.6379152688 33.1271372183 32.8590333572 32.8313480835 32.8760510119 32.835998245 32.7313950648 32.8110836763 32.7125085001 33.127450282 32.6706392154 32.6093349369 33.140400551 33.044527915 32.8399814941 32.7627857166 32.6094320188 32.6482560675 32.7580317726 32.6178174011 32.6885357217 32.8181825293 33.0546607949 32.6865195066 32.8178544718 33.203629119 32.5970211521 32.5311813536 32.8013843795 62.1728634046 32.792949182
32.5012634201 33.0834714412 32.5363239143 33.2069102121 32.7199600888 32.9183753063 33.1198904831 32.6164075359 32.5877833456 33.1449918494 32.8189868327 33.1397427788 32.7880393358 33.0252564908 32.7108227513 33.2047180161 33.1589063316 32.5081881853 33.097785537 32.8413382844 32.8332641725 32.8211885891 32.8155214739 32.6092094231 33.034479137 32.7631781017 33.0925150739 32.9296566413 32.614013477 32.947281944 32.8211765103 32.7063209782 32.6162846791 32.6225749504 32.50377851 32.885218734 33.0820399227 32.5959735865 32.9793202943 32.9230479079 33.1953248249 32.9392213941 32.658392786 32.6324865471 33.1403377201 33.1477390472 32.5264588912 32.8348942956 32.7604855373 32.9836967571 32.9184170762 62.1728634046 32.8921081596
32.5379357534 33.1161425797 32.8017458294 32.760177709 32.5535309175 32.6590736025 33.187212567 33.1911586154 33.1203043402 33.0517476398 32.8738106548 32.6542094402 32.9249264292 32.6570238537 32.5828252315 32.8316799082 33.1167853062 32.7130446032 32.638933587 32.5096884061 32.7984818478 32.7498417082 32.9686918436 32.5008253839 32.5232478568 33.1507538677 33.1007349992 32.6221498364 33.0735317471 32.5345493972 32.7987372429 33.1852852229 32.7445424022 32.5631398196 32.6562634352 33.1541540695 32.9989008462 32.6017587554 33.2058435672 32.9130104335 32.611536789 32.5355588252 33.0412925576 33.1091681314 33.0315672585 32.6863117114 32.7529028924 32.8522458813 32.5651394535 32.502420285 32.6209891266 32.6387698275 32.637772845
32.527475979 33.10508506 32.8790795642 32.6784679137 32.5954525236 32.7994581585 32.6985124553 32.8948494417 32.6129704215 33.1791399274 33.178567586 33.0750913151 32.920094373 32.858377417 32.5963932443 32.6219112043 33.076237888 33.1998359612 32.6482603806 32.5265578685 33.0366954386 32.8660668625 32.9488720973 32.5588996107 33.0524747036 32.5376330044 32.720311743 33.0411283178 32.8649456138 32.7900894407 32.9982454869 32.7430340996 33.0455953128 32.558957637 33.1532044137 33.0971687842 33.0655111998 32.7132662968 33.0796496658 32.9475482828 33.0674062926 33.0028706115 32.8753287128 32.8634971471 32.7296652949 33.1208058709 32.8440999356 32.8873473491 32.9521791462 32.6923075269 32.8021071558 32.7142177752 32.6649188667
33.0032750943 33.0259550349 32.5439263298 32.9190682911 32.6359589641 33.1206622613 32.9752532852 32.8632481996 33.1422912908 32.9998878187 32.5070583153 32.5261561556 33.0418054001 32.9416811642 32.5364181518 33.1923163908 32.7492718427 33.1203605681 74.8817775811 74.8817775811 33.0913579819 32.5965387577 32.9334885545 33.1620793989 33.1002395002 32.8914247878 32.596264216 32.8328665311 32.7973063608 32.7978453002 32.7326099023 33.1813027428 33.1350932262 32.6710331295 44.4604253452 32.5251792824 32.8383462615 32.7992993137 32.783995411 32.8481987722 33.0636483087 33.0846942408 32.8156431688 32.5387697136 33.1408029537 33.0181085258 33.1493958206 33.1141707158 32.5652955721 32.6969456752 33.0345862258 33.1799169069 33.0976653599
32.7894460378 32.502983489 33.0318762292 32.6137998795 33.1730354951 33.0791607228 33.1016848573 32.7685097658 32.8945244684 33.0881774806 32.5879772567 32.6916108643 32.5061789173 32.7510084806 32.5335833166 33.0060578605 32.5974467886 32.8926903615 62.4605444044 62.4605444044 62.4605444044 32.5853582123 32.6799340577 32.8380481254 32.748250914 32.7609076551 32.8620286754 32.7033477991 32.7825461106 32.5491923628 32.7925387212 32.953898656 32.6225870137 44.3659977028 44.3659977028 32.8300399347 32.6382844413 33.129359031 32.9110269992 32.9078824282 32.7328377746 32.9680773844 32.9044651573 33.0540881161 32.9819656454 32.7966577681 33.1065164708 32.7090118758 32.6965263345 32.6180811259 32.5609498454 32.5830669623 32.6912750286
