Spatial_Output/BAU/BAU_0104.asc
NCOLS 155
NROWS 192
XLLCORNER 196769.923733
YLLCORNER 449719.875193
CELLSIZE 27.603701
NODATA_VALUE NaN
[rows 115 to 137 of 192, columns 0 to 52 of 155]
0 0 0 0 0 0 0 0 0 0 0 0 0 0 0 0 0 0 0 0 45.4109100092 44.9927902993 44.6374485305 43.6486418729 44.3280020165 44.1891175273 44.8497903191 44.189155017 44.3422717923 44.0971797203 43.6194198148 43.4353821355 44.3911614092 43.5401367565 44.1785266928 45.4725812599 45.1035610516 44.8306890186 45.822841687 44.6574033447 45.8108126025 44.0705645933 43.0279628298 55.996636669 45.2938632748 44.8454148032 43.15820385 43.1564042603 43.8888033059 45.5604024312 43.8531080408 45.079164226 69.293952741
0 0 0 0 0 0 0 0 0 0 0 0 0 0 0 0 0 0 0 0 44.8659580562 44.6953119813 43.0319991843 45.7689226075 45.0804670195 44.6620906702 45.4007742266 45.2697853525 45.465745502 43.8588855495 45.1265576125 45.5481879951 43.3950587698 44.2910926582 43.9856717762 45.1569513842 44.6810439015 44.4292303633 45.8041566329 44.451966097 45.7821336172 44.7228989018 43.6416875589 45.2954142411 44.4602289951 44.9321700941 44.7453495209 43.3922882156 44.336497582 45.5713524954 43.6829577705 44.359985226 45.4621767904
0 0 0 0 0 0 0 0 0 0 0 0 0 0 0 0 0 0 0 0 0 44.3431123888 45.3094801668 45.2766247055 43.7681295619 44.5787439597 43.4965384129 45.655230839 45.2787609282 44.2508135591 43.8562320971 44.1383723342 45.2511073106 43.4725619285 43.9140731656 45.4606221269 45.4126988677 43.256658461 43.6291023921 44.2375825596 45.7359665809 44.0245318715 45.7195697899 44.916736403 45.7838131255 43.5968685484 44.7987929373 44.4693040052 43.4080626554 44.247090757 43.6116285879 43.6755490734 43.4135094323
0 0 0 0 0 0 0 0 0 0 0 0 0 0 0 0 0 0 0 0 0 44.8734190424 43.1708772114 43.7373861055 45.7305882811 45.6538678489 45.807695425 44.5660852075 44.8912499532 43.381436055 43.1486572842 44.6736362372 43.6265853256 45.4626827433 44.286161442 43.3759057603 45.1918133789 43.7496341002 45.3540910852 43.3384916531 44.6417487777 44.2490863029 43.2499410925 44.8635204974 44.2089501571 44.3721682592 43.20293542 45.7522961674 45.0131353127 45.7295767802 43.2931176317 44.582907108 44.2325089027
0 0 0 0 0 0 0 0 0 0 0 0 0 0 0 0 0 0 0 0 0 0 43.0599763547 44.7404416548 43.9386675739 45.5418515975 44.7919422263 44.7010706622 43.2154612873 44.6716922165 44.0883818485 43.8341883123 44.6243761957 43.2413155222 45.7058332212 45.1363096033 43.269140349 43.4790430237 45.3258184431 44.8426948156 45.5985788471 45.452501787 76.3408055338 43.0721184962 44.1446102841 43.8645768394 43.0512905196 45.535289279 44.3857287869 44.3019180917 43.0298219301 44.7846395791 45.0430196973
0 0 0 0 0 0 0 0 0 0 0 0 0 0 0 0 0 0 0 0 0 0 43.9414867491 44.8263016273 45.3807286088 45.4107561906 45.2831644002 43.0442775709 44.118858986 44.036714278 44.4328514794 43.7867316753 43.6888755674 44.1557950836 43.9884146724 44.1872830121 43.2128694786 45.4346223105 43.2398363435 44.7762824077 43.6105860323 44.4973740814 45.5033446374 44.2468783052 43.0358441019 43.4283026787 43.8434272673 44.374693602 45.7992535546 44.4661351161 43.4474793531 44.3329027089 44.588618569
0 0 0 0 0 0 0 0 0 0 0 0 0 0 0 0 0 0 0 0 0 0 0 44.5307338296 44.1061676621 45.6423428414 45.5589926773 44.2533549096 44.1180142471 45.753746551 45.6868158892 43.1293261533 43.5469049238 43.4977481048 45.0846038965 44.4778009302 45.231267614 44.073964289 45.3976758206 43.4512197306 43.3264579543 43.6091735016 45.1041376868 64.205037802 43.5461623191 45.3345758554 44.2488878733 44.6182946436 43.7543765595 45.4572243024 43.691701521 45.3055893048 45.4740618778
0 0 0 0 0 0 0 0 0 0 0 0 0 0 0 0 0 0 0 0 0 0 0 0 44.5654484206 44.4820541191 44.2896485618 43.6286454458 44.1008710545 43.2079560299 44.4429026899 44.1102743812 44.1377756511 43.0948464972 43.1764932504 44.6274279396 45.0417129155 44.2692128277 43.5604697952 44.2574606828 43.4556989024 43.1294585045 45.6971696372 43.7872654346 44.8777704227 44.5086973619 43.2209242918 44.7581340361 43.8274724015 43.1220188753 43.8727973598 45.5554149359 44.0020709828
0 0 0 0 0 0 0 0 0 0 0 0 0 0 0 0 0 0 0 0 0 0 0 0 43.8242677916 43.506966601 44.1887529446 45.5643576665 45.526934771 45.1536765992 44.365284514 44.9615468023 43.710141975 43.0886125528 44.8823338578 43.7484822463 43.3479937677 44.5134306573 45.5199657734 45.7803894678 44.4391013874 44.1558572398 45.6365695898 45.4369762556 45.5151721017 45.6902922338 45.1055677009 43.5519999593 44.1068501883 43.8917674054 45.6730370722 43.2965923379 54.1302462784
0 0 0 0 0 0 0 0 0 0 0 0 0 0 0 0 0 0 0 0 0 0 0 0 0 44.6323234298 43.0468121158 43.9511424942 44.8807421068 43.7902111078 45.5521008236 44.2209348042 44.5567788071 44.1534822861 43.4183854909 43.0372796327 43.3578555325 45.5208533633 43.8546880738 43.2021351864 45.1293846349 45.5678272406 44.6984727243 43.3059461705 44.2460033529 43.8658378537 43.2196124686 45.0884392758 44.5410447635 45.8159462971 45.6226544744 54.1302462784 54.1302462784
0 0 0 0 0 0 0 0 0 0 0 0 0 0 0 0 0 0 0 0 0 0 0 0 0 43.5272511966 44.3729206217 44.8654742019 44.6692141224 45.4583089523 44.5423563711 45.6940674266 44.5005009672 45.1159355844 43.693900427 45.0725336294 44.6104766089 45.5931898725 43.8167839754 43.0512474261 45.5788763938 86.3813974297 86.3813974297 86.3813974297 44.4713952847 43.3371505553 45.7342058823 44.0864335286 45.3707903408 44.3119724486 44.595604623 45.7803514623 43.3368595023
0 0 0 0 0 0 0 0 0 0 0 0 0 0 0 0 0 0 0 0 0 0 0 0 0 0 43.5300762996 45.1734112647 45.8193158577 44.9050461395 43.6155546679 45.0419088978 43.7821667789 45.7984456823 43.8890712676 43.8541581332 45.1812306189 45.8191504703 43.098073793 45.3316336156 45.250674794 52.4766021783 86.3813974297 44.1494436176 43.8992780016 44.5693965751 45.6667597372 44.0467008117 45.117513745 43.0690093821 44.8196749631 44.7609014825 62.9858942794
0 0 0 0 0 0 0 0 0 0 0 0 0 0 0 0 0 0 0 0 0 0 0 0 0 0 44.1385120295 44.268637927 71.0337249877 63.5445196614 45.4575271151 66.1662155348 43.3055382372 44.4004682707 44.7766588931 45.3686943552 44.9072242843 43.3197782515 43.3234460782 44.9630503927 43.2928660303 44.1449067003 44.8042426658 52.4766021783 43.5535099922 44.8035117733 45.4476612126 43.4501089948 44.8677641219 45.1965332042 45.4428910719 45.6643743689 62.9858942794
0 0 0 0 0 0 0 0 0 0 0 0 0 0 0 0 0 0 0 0 0 0 0 0 0 0 53.8704576932 59.3034997478 71.0337249877 71.0337249877 71.0337249877 75.8804056742 44.023486738 43.423051166 45.5844792902 44.3745353832 45.6482007236 43.0515265611 45.6624934803 44.7363737203 66.6006560636 66.6006560636 53.7566517265 45.7464997465 45.4540526398 43.2954285752 43.3798449383 44.5504576641 44.4763889026 44.0497715867 43.9919006607 43.0523281736 43.132350606
0 0 0 0 0 0 0 0 0 0 0 0 0 0 0 0 0 0 0 0 0 0 0 78.0731508171 0 0 53.8704576932 59.3034997478 59.3034997478 71.0337249877 63.5445196614 44.6383106712 43.0731830957 45.155188123 43.8235286276 45.1448575462 44.9737358504 44.4073709626 44.7801162091 44.7494511912 66.6006560636 66.6006560636 66.6006560636 43.9817464184 45.0811674519 44.4011455118 43.0490346673 44.5116681807 43.5309385025 44.4809852842 43.4387917839 43.7888476439 43.8879862385
0 0 0 0 0 0 0 0 0 0 0 0 0 0 0 0 0 0 0 0 67.9894256673 0 0 78.0731508171 78.0731508171 0 53.8704576932 59.3034997478 43.5314434881 45.4594626897 45.5500413728 43.3096955885 43.1770986289 43.5793888316 45.6186983979 44.4108632354 43.4573261181 43.6131464316 44.8359717311 45.3597465178 62.1761801141 62.1761801141 62.1761801141 43.7091130907 43.3962581201 43.2473771365 44.6721927352 44.7660696833 45.252420319 45.6372350265 43.1068789305 43.411241768 44.6889913617
0 0 0 0 0 0 0 0 0 0 0 0 0 0 0 55.5653506065 63.0895463094 53.7538860852 61.8481155556 67.353446387 67.9894256673 67.9894256673 0 0 78.0731508171 0 0 0 0 44.875241037 43.4103084054 45.5394464963 43.238303078 44.7404346923 45.1696040149 45.0638249464 43.0507959382 44.3387419295 43.7152579414 44.0281722877 62.1761801141 45.390787478 43.6472722883 43.0295257972 43.2901752699 45.1353313339 43.5721349776 43.2144978819 44.0643001721 43.9105289488 43.8121170929 45.3898053228 44.7289582174
0 0 0 0 0 0 0 0 0 0 0 0 0 0 0 56.5018832981 53.0977053015 63.0390415379 61.8481155556 61.8481155556 67.9894256673 67.9894256673 0 0 0 0 0 0 0 0 43.3829565801 44.7337670271 43.6395687072 44.2473241142 44.6531788018 45.7718153106 44.0752879688 44.4034505355 45.4421630533 45.2526755752 73.9087670372 44.0037616518 43.9893554615 44.9007694726 44.228674956 45.2645916378 43.5502537088 45.4531334575 43.3457440484 44.3830452302 45.6107333608 43.7266491947 44.7212777543
0 0 0 0 0 0 0 0 0 0 0 0 0 0 0 59.2574987521 56.0097860063 57.694968271 61.8481155556 61.8481155556 0 0 0 0 0 0 0 0 0 0 43.0916507439 44.6652278016 43.7275425864 45.2648479248 45.5905596363 43.0845853814 44.0078601677 45.7889459618 44.9155903911 44.8225796841 43.470787639 73.9087670372 43.6870189021 45.7466549847 43.8736095237 43.1303613007 43.1915988729 44.0468780712 68.8949900602 59.985527162 44.6290901026 43.1145553342 77.5837693158
0 0 0 0 0 0 0 0 0 0 0 0 0 0 0 0 0 0 0 0 0 0 0 0 0 0 0 0 0 0 0 45.4790033761 43.9628185954 43.6225885541 44.7017826333 44.2725246077 44.8679510583 44.5476960063 44.3182341764 45.1084753219 44.2834393988 43.8514326119 44.5419832181 43.3609785717 66.4294758577 44.4725428827 66.1545260481 68.8949900602 68.8949900602 59.985527162 59.985527162 45.6335090927 45.4373856111
0 0 0 0 0 0 0 0 0 0 0 0 0 0 0 0 0 0 0 0 0 0 0 0 0 0 0 0 0 0 0 0 44.2852213608 44.7166903493 45.8144227632 44.8116715306 43.2257850116 45.5227660596 44.6315310137 43.3798286989 44.8070464958 45.4955857928 45.6841464912 58.3535787367 66.4294758577 66.4294758577 66.1545260481 68.8949900602 68.8949900602 59.985527162 59.985527162 69.0146821196 43.3563673074
0 0 0 0 0 0 0 0 0 0 0 0 0 0 0 0 0 0 0 0 0 0 0 0 0 0 0 0 0 0 0 0 0 44.9086977895 44.2318836669 44.9798616117 44.7799989688 44.1837297194 45.693284218 44.2345991413 68.407274472 43.9707577646 43.2645487903 58.3535787367 66.4294758577 66.4294758577 44.5617498283 66.1545260481 45.4545819592 44.4037871117 44.476400236 44.6222578278 45.1297954812
0 0 0 0 0 0 0 0 0 0 0 0 0 0 0 0 0 0 0 0 0 0 0 0 0 0 0 0 0 0 0 0 0 45.4466053522 45.7455912414 43.8361550348 45.7146295647 45.4798393402 43.9312606713 45.0617553155 68.407274472 43.1112072769 45.4404395447 58.3535787367 58.3535787367 64.7955690727 44.6825247956 43.9818347138 45.2646624862 45.0737964067 45.7622452723 43.5419591024 43.8885339514
