Spatial_Output/BAU/BAU_1238.asc
NCOLS 155
NROWS 192
XLLCORNER 196307.867259
YLLCORNER 449144.565805
CELLSIZE 33.573938
NODATA_VALUE NaN
[rows 136 to 169 of 192, columns 76 to 151 of 155]
28 28 28 28 28 28 28 28 28 28 28 28 28 28 55.9057922076 28 28 28 28 28 28 28 28 28 28 28 28 28 28 28 28 28 28 28 28 28 28 28 28 28 28 77.4632668489 28 28 46.216880499 55.0651379151 28 28 53.8758768548 40.5298482588 28 28 28 28 46.0167512985 28 51.4093329249 0 0 0 0 0 0 0 0 0 0 0 0 0 0 0 0 0 0 0
28 28 28 28 28 28 28 28 28 28 28 28 55.9057922076 28 57.0497762255 28 28 28 28 28 28 28 28 28 28 28 28 28 28 28 28 28 28 28 28 28 28 28 28 28 28 28 28 28 28 28 28 28 28 28 28 28 28 46.0167512985 46.0167512985 63.0711819746 63.0711819746 0 0 0 0 0 0 0 0 0 0 0 0 0 0 0 0 0 0 0
28 28 28 28 28 28 28 28 28 28 28 28 28 44.86852502 28 28 28 28 28 28 28 28 28 28 28 28 28 28 28 28 28 28 28 28 28 28 28 28 28 28 28 28 28 28 28 28 28 28 28 28 28 28 28 28 28 28 63.0711819746 71.678437534 0 0 0 0 0 0 0 0 0 0 0 0 0 0 0 0 0 0
28 28 28 28 28 28 28 28 28 28 28 28 28 63.7388275611 44.86852502 28 28 28 28 28 28 28 28 28 28 28 28 28 28 28 28 28 28 28 28 28 28 28 28 28 28 28 28 28 28 28 28 28 28 28 28 28 28 28 28 63.0711819746 71.678437534 71.678437534 65.9799432799 0 0 0 0 0 0 0 0 0 0 0 0 0 0 0 0 0
28 28 28 28 28 28 28 28 28 28 28 28 28 63.7388275611 63.7388275611 63.7388275611 28 28 28 28 28 28 28 28 28 28 28 28 28 28 28 28 28 28 28 28 28 28 28 28 28 28 28 28 28 28 28 28 28 28 28 28 28 28 0 71.678437534 71.678437534 71.678437534 71.678437534 89.0303440886 0 0 0 0 0 0 0 0 0 0 0 0 0 0 0 0
28 28 28 28 28 28 28 28 28 28 28 28 74.0267515442 63.7388275611 54.9577674663 28 28 28 28 28 28 28 28 28 28 28 28 28 28 28 28 28 28 28 28 28 28 28 28 28 28 28 28 28 28 28 28 28 28 28 28 28 28 28 0 0 71.678437534 71.678437534 71.678437534 63.3886448612 57.7337265081 0 0 0 0 0 0 0 0 0 0 0 0 0 0 0
28 28 28 28 28 28 28 28 28 28 28 28 28 54.9577674663 54.9577674663 54.9577674663 28 28 28 28 28 28 28 28 28 28 28 28 28 28 28 28 28 28 28 28 28 28 28 28 28 28 28 28 28 28 28 28 28 28 28 28 28 0 0 0 0 71.678437534 71.678437534 63.3886448612 22.0603709401 0 0 0 0 0 0 0 0 0 0 0 0 0 0 0
28 28 28 28 28 28 28 28 28 28 28 28 28 28 64.7676965305 64.7676965305 28 28 28 28 28 28 28 28 28 28 28 28 28 28 28 28 28 28 28 28 28 28 28 28 28 28 28 28 28 28 28 28 28 28 28 28 0 0 0 0 0 0 57.7337265081 57.7337265081 22.0603709401 23.0143557897 0 0 0 0 0 0 0 0 0 0 0 0 0 0
28 28 28 28 28 28 28 28 28 28 28 28 28 64.7676965305 64.7676965305 64.7676965305 28 28 28 28 28 28 28 28 28 28 28 28 28 28 28 28 28 28 28 28 28 28 28 28 28 28 28 28 28 28 28 28 28 28 28 0 0 0 0 0 0 0 0 22.0603709401 22.0603709401 23.0143557897 16.655871591 0 0 0 0 0 0 0 0 0 0 0 0 0
28 28 28 28 28 28 28 28 28 28 28 28 28 28 28 53.2705354377 53.2705354377 28 28 28 28 28 28 28 28 28 28 28 28 28 28 28 28 28 28 28 28 28 28 28 28 28 28 28 28 28 28 28 28 28 0 0 0 0 0 0 0 0 0 54.3721823982 43.635200614 23.0143557897 20.8586829985 20.8586829985 0 0 0 0 0 0 0 0 0 0 0 0
28 28 28 28 28 28 28 28 28 28 28 28 28 28 53.2705354377 28 53.2705354377 28 28 28 28 28 28 28 28 28 28 28 28 28 28 28 28 28 28 28 28 28 28 28 28 28 28 28 28 28 28 28 28 0 0 0 0 0 0 0 0 0 0 0 18.1567492325 20.8586829985 20.8586829985 20.8586829985 22.8789431132 0 0 0 0 0 0 0 0 0 0 0
28 28 28 28 28 28 28 28 28 28 28 28 28 28 28 28 53.2705354377 28 28 28 28 28 28 28 28 28 28 28 28 28 28 28 28 28 28 28 28 28 28 28 28 28 28 28 28 28 28 28 28 0 0 0 0 0 0 0 0 0 0 0 0 13.87 22.8789431132 22.8789431132 22.8789431132 47.9262293379 0 0 0 0 0 0 0 0 0 0
28 28 28 28 28 28 28 28 28 28 28 28 28 28 28 28 28 42.1413814917 28 28 28 28 28 28 28 28 28 28 28 28 28 28 28 28 28 28 28 28 28 28 28 28 28 28 28 28 28 28 0 0 0 0 0 0 0 0 0 0 0 0 0 0 54.3721823982 16.6395505829 16.6395505829 13.87 13.87 0 0 0 0 0 0 0 0 0
28 28 28 28 28 28 28 28 28 28 28 28 28 28 28 28 28 64.5640312138 64.5640312138 28 28 28 28 28 28 28 28 28 28 28 28 28 28 28 28 28 28 28 28 28 28 28 28 28 28 28 28 0 0 0 0 0 0 0 0 0 0 0 0 0 0 0 0 47.9262293379 13.87 13.87 13.87 33.069341925 0 0 0 0 0 0 0 0
28 28 28 28 28 28 28 28 28 28 28 28 28 28 28 28 64.5640312138 64.5640312138 64.5640312138 28 28 28 28 28 28 28 28 28 28 28 28 28 28 28 28 28 28 28 28 28 28 28 28 28 28 28 0 0 0 0 0 0 0 0 0 0 0 0 0 0 0 0 0 0 33.069341925 13.87 13.87 33.069341925 18.623591646 0 0 0 0 0 0 0
28 28 28 28 28 28 28 28 28 28 28 28 28 28 28 28 28 64.5640312138 28 28 28 28 28 28 28 28 28 28 28 28 28 28 28 28 28 28 28 28 28 28 28 28 28 28 28 0 0 0 0 0 0 0 0 0 0 0 0 0 0 0 0 0 0 0 0 33.069341925 33.069341925 33.069341925 33.069341925 20.7844578999 0 0 0 0 0 0
28 28 28 28 28 28 28 28 28 28 28 28 28 28 28 28 28 47.3588289149 42.1413814917 42.1413814917 42.1413814917 28 28 28 28 28 28 28 28 28 28 28 28 28 28 28 28 28 28 28 28 28 28 28 0 0 0 0 0 0 0 0 0 0 0 0 0 0 0 0 0 0 0 0 0 0 37.6480704107 33.069341925 33.069341925 36.4016895673 20.2337464621 0 0 0 0 0
28 28 28 28 28 28 28 28 28 28 28 28 28 28 28 28 28 28 42.1413814917 50.6939036829 28 28 28 28 28 28 28 28 28 28 28 28 28 28 28 28 28 28 28 28 28 28 28 0 0 0 0 0 0 0 0 0 0 0 0 0 0 0 0 0 0 0 0 0 0 0 0 18.6155668957 33.069341925 36.4016895673 36.5644282746 0 0 0 0 0
28 28 28 28 28 28 28 28 28 28 28 28 28 28 28 28 28 28 47.3588289149 42.3600972491 42.3600972491 28 28 28 28 28 28 28 28 28 28 28 28 28 28 28 28 28 28 28 28 28 28 0 0 0 0 0 0 0 0 0 0 0 0 0 0 0 0 0 0 0 0 0 0 0 0 0 36.5644282746 36.5644282746 36.5644282746 19.0643570218 0 0 0 0
28 28 28 28 28 28 28 28 28 28 28 28 28 28 28 28 28 28 50.6939036829 42.3600972491 42.3600972491 28 28 28 28 28 28 28 28 28 28 28 28 28 28 28 28 28 28 28 28 28 0 0 0 0 0 0 0 0 0 0 0 0 0 0 0 0 0 0 0 0 0 0 0 0 0 0 0 49.3551047794 19.0643570218 19.0643570218 0 0 0 0
28 28 28 28 28 28 28 28 28 28 28 28 28 28 28 28 28 28 28 28 47.3588289149 47.3588289149 47.3588289149 28 28 28 28 28 28 28 28 28 28 28 28 28 28 28 28 28 28 0 0 0 0 0 0 0 0 0 0 0 0 0 0 0 0 0 0 0 0 0 0 0 0 0 0 0 0 0 19.0643570218 19.0643570218 0 0 0 0
28 28 28 28 28 28 28 28 28 28 28 28 28 28 28 28 28 28 28 28 47.3588289149 47.3588289149 47.3747931633 28 28 28 28 28 28 28 28 28 28 28 28 28 28 28 28 28 0 0 0 0 0 0 0 0 0 0 0 0 0 0 0 0 0 0 0 0 0 0 0 0 0 0 0 0 0 0 0 0 0 19.3982061231 19.3982061231 0
28 28 28 28 28 28 28 28 28 28 28 28 28 28 28 28 28 28 28 28 28 47.3747931633 47.3747931633 28 28 28 28 28 28 28 28 28 28 28 28 28 28 28 28 0 0 0 0 0 0 0 0 0 0 0 0 0 0 0 0 0 0 0 0 0 0 0 0 0 0 0 0 0 0 0 0 0 0 19.3982061231 19.3982061231 0
0 28 28 28 28 28 28 28 28 28 28 28 28 28 28 28 28 28 28 28 47.3747931633 47.3747931633 74.684174693 51.8526342413 28 28 28 28 28 28 28 28 28 28 28 28 28 28 0 0 0 0 0 0 0 0 0 0 0 0 0 0 0 0 0 0 0 0 0 0 0 0 0 0 0 0 0 0 0 0 0 0 19.3982061231 19.3982061231 19.3982061231 0
0 0 0 0 0 28 28 28 28 28 28 28 28 28 28 28 28 28 28 28 28 28 56.3612459215 56.3612459215 28 28 28 28 28 28 28 28 28 28 28 28 28 28 0 0 0 0 0 0 0 0 0 0 0 0 0 0 0 0 0 0 0 0 0 0 0 0 0 0 0 0 0 0 0 0 0 0 0 0 0 0
0 0 0 0 0 0 0 0 0 28 28 28 28 28 28 28 28 28 28 28 28 56.3612459215 56.3612459215 56.3612459215 28 28 28 28 28 28 28 28 28 28 28 28 28 0 0 0 0 0 0 0 0 0 0 0 0 0 0 0 0 0 0 0 0 0 0 0 0 0 0 0 0 0 0 0 0 0 0 0 0 0 0 0
0 0 0 0 0 0 0 0 0 0 28 28 28 28 28 28 28 28 28 28 28 28 28 60.6853427943 28 28 28 28 28 28 28 28 28 28 28 28 0 0 0 0 0 0 0 0 0 0 0 0 0 0 0 0 0 0 0 0 0 0 0 0 0 0 0 0 0 0 0 0 0 0 0 0 0 0 0 0
0 0 0 0 0 0 0 0 0 0 0 28 28 28 28 28 28 28 28 28 28 28 28 49.4974748637 49.4974748637 28 28 28 28 28 28 28 28 28 28 28 0 0 0 0 0 0 0 0 0 0 0 0 0 0 0 0 0 0 0 0 0 0 0 0 0 0 0 0 0 0 0 0 0 0 0 0 0 0 0 0
0 0 0 0 0 0 0 0 0 0 0 0 28 28 28 28 28 28 28 28 28 28 49.4974748637 49.4974748637 49.4974748637 28 28 28 28 28 28 28 28 28 28 28 0 0 0 0 0 0 0 0 0 0 0 0 0 0 0 0 0 0 0 0 0 0 0 0 0 0 0 0 0 0 0 0 0 0 0 0 0 0 0 0
0 0 0 0 0 0 0 0 0 0 0 0 0 0 28 28 28 28 28 28 28 28 28 39.879873021 39.879873021 39.879873021 28 28 28 28 28 28 28 28 28 0 0 0 0 0 0 0 0 0 0 0 0 0 0 0 0 0 0 0 0 0 0 0 0 0 0 0 0 0 0 0 0 0 0 0 0 0 0 0 0 0
0 0 0 0 0 0 0 0 0 0 0 0 0 0 0 28 28 28 28 28 28 28 28 39.879873021 39.879873021 28 28 28 28 28 0 0 0 28 28 0 0 0 0 0 0 0 0 0 0 0 0 0 0 0 0 0 0 0 0 0 0 0 0 0 0 0 0 0 0 0 0 0 0 0 0 0 0 0 0 0
0 0 0 0 0 0 0 0 0 0 0 0 0 0 0 28 28 28 28 28 28 28 28 28 55.0582562233 28 60.9497059217 28 28 0 0 0 0 0 0 0 0 0 0 0 0 0 0 0 0 0 0 0 0 0 0 0 0 0 0 0 0 0 0 0 0 0 0 0 0 0 0 0 0 0 0 0 0 0 0 0
0 0 0 0 0 0 0 0 0 0 0 0 0 0 0 0 28 28 28 28 28 28 28 28 60.9497059217 60.9497059217 60.9497059217 53.9880801585 0 0 0 0 0 0 0 0 0 0 0 0 0 0 0 0 0 0 0 0 0 0 0 0 0 0 0 0 0 0 0 0 0 0 0 0 0 0 0 0 0 0 0 0 0 0 0 0
0 0 0 0 0 0 0 0 0 0 0 0 0 0 0 0 0 28 28 28 28 28 28 28 60.9497059217 60.9497059217 60.9497059217 50.5766461066 71.9997518793 0 0 0 0 0 0 0 0 0 0 0 0 0 0 0 0 0 0 0 0 0 0 0 0 0 0 0 0 0 0 0 0 0 0 0 0 0 0 0 0 0 0 0 0 0 0 0
