Spatial_Output/BAU/BAU_0009.asc
NCOLS 155
NROWS 192
XLLCORNER 196307.867259
YLLCORNER 449144.565805
CELLSIZE 33.573938
NODATA_VALUE NaN
[rows 26 to 51 of 192, columns 57 to 113 of 155]
45.5239065601 45.1652353877 45.8027863717 45.281129837 86.2106191778 86.2106191778 45.7013390789 45.6082622353 46.031643764 45.2888027707 45.7509601355 46.0640101913 45.4503523438 45.9048015662 46.1406001584 45.2375033425 46.3672233576 45.189910836 46.065074432 45.5319179076 45.6527321413 46.3278985054 45.070892098 46.0997872574 45.8247838309 45.5866322625 0 0 0 0 0 45.9985414252 45.3517196976 45.8515556406 45.7864812282 45.9543016676 0 0 0 0 45.1309833692 45.9231234603 46.3371906489 45.0060205257 45.6239883853 46.2886562416 46.0999092684 45.9090042641 45.5755601178 45.6934327531 45.3363543156 46.2284379655 45.4271345607 45.6970668696 45.8561096851 45.2946904773 46.1278671062
46.0359143279 45.6251172861 45.907004139 45.6561212071 45.8475996512 45.1933025962 46.3656438115 46.0027663886 46.0927051326 45.8363984814 45.1328706546 45.5305167754 45.3988369988 45.381625393 45.0358935572 45.8278011191 45.4903436297 46.1596669894 46.2151656531 46.0217687842 46.310005607 45.7638641422 45.9103995991 46.355730839 45.6595419238 45.0896905194 46.1446799681 45.6930510523 45.6879880975 46.2156585608 46.2596575055 45.6338506942 45.5681982191 45.0498441193 45.9571718023 45.1254559738 45.3709372096 45.4456903225 0 46.3140973878 45.5973857853 45.8148331347 45.7057762769 45.1693406743 45.7052234427 45.2804712661 45.0132614418 45.03427909 45.5805452382 45.3635830038 45.9385903672 45.5741226399 45.7926457422 45.2626702863 45.5671779978 45.9137162525 45.3018888253
46.0330682663 45.936340938 46.0919685518 46.2166228875 45.0002173209 45.8386942385 83.8813995583 83.8813995583 45.2917012718 46.3721890819 45.5331563908 45.3884385422 46.0716533312 46.00107098 45.1142509338 45.450582342 45.023395817 45.7181016487 45.0644393447 45.3089662175 45.8618369391 45.1255866054 46.2233705677 45.3768718394 45.6845899058 46.1729275926 45.8370961357 45.4536748173 46.1865271314 45.6443020429 45.6390996613 45.1483661469 46.1255359223 45.2059929591 45.1951858759 45.61366705 46.2396964353 45.2094346852 45.5300277027 46.3810670713 45.1717682366 46.0615597299 45.8614428602 45.2427911228 45.6973601498 46.206248846 45.4558945824 46.1637107719 45.6668628582 45.2572129038 45.7225915485 45.5664252393 45.2062999966 46.0231415443 45.194870831 45.3219572696 45.7112440438
46.269235125 45.0222647019 45.9154141772 46.3357631756 62.1778238954 45.1619639896 45.0488699877 45.9011245952 45.7298815076 45.1501802051 45.45203921 46.3414603003 46.2240048419 45.3896169488 46.1743964519 45.614853249 46.3644519286 46.2689568903 46.2482109109 46.0917168849 45.6236702564 45.0449740832 46.096845137 45.9707734717 45.5038367599 45.6107509791 46.1980207888 45.0727150183 46.287658946 45.5901798805 45.7390736822 45.0912529299 46.309824554 45.9933903446 45.0097707447 45.4217109322 45.5650836031 45.7694652076 45.3649919575 45.3740076905 46.1612864169 46.0417347773 45.6424544936 45.1416492338 46.1896584947 46.2034530261 46.4137854342 46.0705253266 45.572200318 45.203336545 45.0254449809 46.2411454995 46.0552231252 46.3268267589 45.9207279844 45.8912269867 45.6591428221
45.0219127621 45.3651593593 45.5360524346 46.05640249 45.9933391238 46.3838464334 45.1171551545 45.7897366906 45.0734575679 45.1502685535 46.007039787 46.3130153465 45.0008662573 45.7658016331 45.1864538569 45.2838664177 45.4914760979 45.7240925318 46.0175743236 45.1060748352 45.4497408292 46.2829514592 45.5066371315 46.2811426157 46.1709318768 46.2635965533 46.2412308964 46.1851049002 46.3689732089 45.4735019056 45.6420774945 45.5404854201 45.3472216618 45.6792726696 45.1695034319 45.3295770361 45.6736513973 46.1914292213 46.1979853545 46.1814789071 45.0679456759 45.406995516 45.7331656293 45.359261955 45.1057450406 46.3133730809 45.3847845826 45.9753234263 45.7931099992 45.5289768926 45.490025377 45.5152528752 45.7919608107 45.1804989594 45.4851275797 45.602671527 45.8252285437
46.3792129961 45.9065216492 46.1539084868 45.0612476384 62.1778238954 54.1436168353 45.7401652316 45.2069309823 45.1358133012 45.2692648948 46.1649712135 45.4480442591 46.26315058 45.8736413988 45.651098281 45.3754904012 46.1529020219 45.3481439043 45.6155745844 45.9273934878 45.3424235334 45.3270767203 45.8741867891 46.4134543278 46.3886793157 45.2857684356 45.7670410812 45.8198188661 46.2106818239 45.5201311105 45.1599995157 45.7532713576 45.6851721617 46.3914874495 45.8785993585 45.2759012974 46.1842404481 46.0469489964 45.7964594671 45.3779727428 45.6219897669 46.0096888741 45.242618325 46.1421532924 45.763370641 46.3562976261 45.0052391524 46.1123124994 45.5112968104 45.1467132511 45.1342073441 45.0278470258 46.1001795953 45.4096209608 45.1763027078 45.2986803034 46.2587889133
46.0859310979 46.2821363155 45.8553989939 46.0157324547 46.2578659099 54.1436168353 55.08794618 55.08794618 45.1006553197 46.3406475232 45.7719037506 45.3131183072 46.4083515589 46.3606935094 46.0225949275 45.3481787021 46.1201409355 45.6385431545 45.6328354986 46.3407689398 45.0614771245 45.5885583241 45.432047784 46.2707885076 46.1068498343 45.2838223317 45.1844114328 45.295775752 45.3010442626 45.4542862144 45.1677750236 46.1251194244 46.36575637 46.4066955615 45.4881019107 45.3654712733 46.2004004837 45.2383098217 45.0759212601 45.7941781649 46.3580910204 46.1271379291 45.9746611519 45.6317813315 45.099458377 45.7983049275 45.0968707481 45.7562308355 45.1383942492 45.9067648882 45.3953274248 46.3006659045 45.4764988172 45.789637352 45.6425062847 45.5388710339 45.3185435121
46.284256451 46.1536762857 45.5159263757 46.3472774123 46.3715907991 46.2741924368 55.08794618 55.08794618 46.2525051905 46.2489894699 45.4568593844 45.8851914344 45.587249873 46.3336239334 45.1277569356 45.7037475732 45.2104984861 46.3357185151 45.0373928241 46.3160725752 45.9671956623 46.0991440491 46.1674904554 45.2256779404 45.351622418 45.6422625367 45.6676796566 45.2211078665 45.6018720018 45.1283524481 45.6157682111 45.7857651036 45.4657111198 46.0127185344 45.4631632902 45.8346979805 46.1738660514 45.5585671532 45.986416034 45.6195722456 46.1539232854 45.6656107582 45.435852251 45.1825291913 45.61504786 45.4587211359 45.6997044933 46.0063852919 45.7100340907 46.4050209177 46.1466959837 45.1344234268 45.8933193003 45.9207105053 45.3966491034 45.4206298481 46.1939395666
45.3844138887 46.2258821231 45.3610844454 45.5452113666 45.7500273752 46.2073857283 55.08794618 45.277627454 46.2627277494 45.4626622759 45.1512247957 46.1277728634 46.1616688047 45.0610734319 45.025897936 45.1810426439 45.2900939396 45.8396050263 45.4317019419 46.1927495786 45.5523009996 45.5562929446 46.3188160096 45.8437006164 45.962905108 45.2319783177 45.4494021017 45.6914505317 45.716886322 46.1236799002 45.6638044129 45.4519676296 46.153942824 46.2974740221 45.1914192736 45.7445104019 46.3031280553 45.3173563713 45.4886962745 45.2290971113 46.0682063621 46.028390779 45.7734320761 45.2997783021 45.301623071 45.5983199613 45.2223184921 46.3780842844 46.0449833613 45.0946333477 46.2018536348 45.0680237456 46.0305284872 45.4238343589 45.3501043068 46.103972225 45.6040860629
45.7575243405 45.9572450299 46.1846762799 46.2031762611 45.3357777526 45.6366241562 46.3152939283 45.5940808577 45.1275705523 46.346612432 45.9871483253 45.7901764185 45.2988975203 45.2292816864 45.2878299122 46.3299778226 45.2974785126 45.3036392372 45.0829947489 45.5516213631 45.4761473707 45.9286667211 46.0631268338 45.5532632408 45.6878896415 45.3904142105 45.2883878794 45.5666092177 45.1763355269 45.2910710321 45.9744970654 46.0295744981 46.2190970701 46.0889408339 46.0035394598 45.9785028415 45.1760627607 45.5346679528 45.4428878929 46.3959807304 45.2635988478 45.0638814764 45.8506614583 45.4518081241 46.1269151694 45.406751372 45.8062675828 45.1041513015 45.1541912343 46.3615941908 46.0789964618 46.2808301437 45.8355464805 45.7131912397 45.3119506243 45.6930177587 45.2252416318
45.6107996311 45.1300508987 45.9348525337 45.2376114511 45.0070104315 45.1908046652 45.7589643192 46.0393395841 46.2277663098 45.4646033698 45.8551465059 45.0919855408 46.1386989483 45.8169954371 45.7304107581 45.2799288629 45.2674830443 45.2961985524 45.3687767913 46.3275618057 45.8249642903 45.883000467 45.9324001338 45.1617902753 45.9307151398 45.9981839079 46.3487984436 45.9159347312 45.9797901371 45.8334685266 45.997070363 45.0530218538 45.4721070656 45.7119527614 45.3034127286 45.4592740619 46.0860280107 45.3063409081 45.2087134397 45.5234013165 45.7346272619 46.3976926301 45.8538404016 45.1701629677 45.9741628471 45.0212941436 45.9418498594 45.3950699594 45.352172052 45.7177627014 45.9422639848 45.4340537755 46.3375019168 45.2759697936 45.48682635 45.3965332773 45.7454017192
46.2627544976 45.0879858886 45.9954816426 45.0504004411 45.1166167238 45.5542920615 45.3881078059 45.4779582617 45.1468553951 46.308725052 45.5970362418 45.83177954 45.3021795743 45.3667456168 45.8175927871 45.1545885517 45.698938149 45.0300467093 46.2450725667 45.3107536368 45.170387567 46.299561484 45.2197449241 46.0564216983 45.0894627532 45.5854740951 45.7526711272 45.5788442479 45.1764556635 46.0788582224 45.9909345787 46.1826329564 46.2214474702 46.1114359919 45.5014122297 45.0639134658 46.1780080418 45.7059724008 45.7417309745 45.7129907812 46.2987500438 45.5497658843 45.9751257641 45.0919381594 45.0328804005 45.7941187823 45.4678920393 45.0442550263 46.2839655394 45.3155546358 45.7070202284 45.7983405552 45.9371121806 45.2759150352 45.4127055729 45.2324399613 45.8413015781
45.3672915713 45.0513939997 46.3579568767 45.5597267603 45.9623296758 45.3971521041 46.2008381867 46.2273966368 45.1207083713 45.3083097061 45.7691105375 45.2815986933 45.6282529577 46.2706946808 45.1669041386 45.3713052727 45.3996359458 45.7729695119 45.9589817716 45.3322393736 45.8202045753 46.3450705454 45.6684272491 46.4024777705 46.2248073678 46.2386696194 45.7219374405 45.610623098 45.9754636027 46.1255612516 45.5465030571 46.1491360666 46.0017958354 45.9749635777 46.3998700625 45.7933482352 46.0770700154 45.8186073528 45.3167169408 46.0285191524 45.1919586709 45.8085097227 45.6158497578 45.1271075712 45.8195739423 45.4253185503 46.0014380207 46.2568536206 46.154882794 46.0283667285 45.9068453442 45.7076660904 46.0604597359 46.3227536335 46.1357742481 46.0423507157 45.1140674821
45.1269174143 46.1850450128 45.1597878503 45.0046037132 45.7183014883 45.3223575719 45.8567902182 45.6399517641 46.0056832444 46.0156090495 45.2651018872 45.6363366645 45.5621504287 46.3706715139 45.0291602296 45.8149335939 45.8658037065 45.9842502793 45.5651937514 45.4277706198 45.8045191927 45.1681200612 45.6120442317 46.1243274667 46.1866413215 45.3028763952 45.3679127844 45.9531277189 45.559746613 45.2936468361 45.6203881843 45.4775343333 45.8142062549 46.1778105079 46.2580227618 46.2153242387 45.1207838838 45.0937829073 45.8193254897 45.4290804327 45.3996559993 45.5048910667 45.2090460813 45.0673736015 45.5338118483 45.4870651867 45.1521034076 45.0103495809 45.4276722611 45.3516287887 45.6454085614 45.2167350073 45.9149074729 46.397614015 46.1495801834 46.3325224778 45.517925279
45.3331706796 46.0596774031 46.2713817699 46.1242681282 45.5246419103 45.7046424134 45.1355003301 45.2719325462 45.8279079057 45.7857705158 46.0590650634 46.3225984533 45.9818847748 45.1274558456 45.3611431487 45.7193277446 45.052943793 45.4759118162 45.1994054259 45.8523086432 45.5928021559 45.8543059237 45.1384742923 45.8975614264 45.6948378612 46.2082063309 46.1847441278 45.3364113704 46.1302927732 45.9470086053 45.910311777 46.2274589031 46.2787065402 45.8510254457 46.1543459996 45.3536261712 45.2390494517 45.7373681515 45.3606651333 45.3949229855 45.5341986692 45.8635223159 45.3527349914 45.5409357372 46.0365455006 46.0754755226 46.3982993072 46.1336155685 46.0148178479 45.0304355656 45.2214859743 46.0175928324 45.154545497 45.9490187218 45.9754728031 45.1167836253 45.2012308652
45.8115616195 45.2745506137 45.4882388109 45.7299926266 45.3064612756 45.8019660125 46.2650008955 45.7322516049 45.4293723459 45.7778661963 46.1757037255 45.2068843071 45.9024103598 46.3016202991 46.2445494929 45.3287323219 45.8238233738 45.2693448562 45.2858520468 46.4097147513 46.1767876046 45.3162311281 46.1430401921 45.948511692 45.6451314376 46.1016986652 45.300036502 46.2634802306 45.7528530507 45.2433423039 46.3980107415 45.9766199411 45.6063425898 46.1426981557 46.0540594331 46.3399961916 45.2472160972 46.0735056965 46.3065678666 45.2091461345 46.0387163392 45.2384693818 45.1502285545 45.9401484097 45.4143535085 45.3948082335 45.0586815816 45.7954873692 45.5008489991 45.388755811 45.02937235 45.1612967683 45.0362188815 45.6110074403 45.3247738305 45.5255370671 46.2105233679
45.1629726178 45.5663149939 46.3593365519 45.3131762031 46.1145106734 45.4093231217 45.1155123237 46.0537310717 45.1037592335 45.922274081 45.1409134336 45.4461366331 45.5432817455 45.0093407601 45.9374152852 46.0493408982 45.9092065021 46.1651023963 45.7481621735 46.2512551881 45.7370865407 45.6705431902 45.657756498 45.2418150286 45.940491863 45.3554026392 45.5303447337 45.7800554216 45.1533012363 45.0498621057 46.1386349759 46.3028272072 46.3498134894 45.681544731 45.3054436691 45.0863685297 45.8067260157 46.046611219 45.5780452584 45.9366188528 45.8279809763 45.1561329591 45.2823637497 45.3075125784 45.9571344098 45.3203872936 45.989887762 45.0125267934 46.3559833973 46.171928682 46.3011873819 45.7433379819 46.4133500772 46.0284509584 45.0853206068 45.9720339183 45.8882554789
46.0962201532 45.6973790071 45.0839989967 45.3219640972 45.0065837179 45.9291632621 46.007436388 45.5925483986 45.698522759 45.9051213818 45.8824193955 45.5090416663 45.8347126494 45.5891577898 45.9977428541 46.2171498178 45.5723602011 45.0519280943 46.2117343693 45.2502271402 45.2395335595 45.0621527209 45.7704359938 46.346573015 45.9549787669 46.3191063096 45.4961533211 46.1349611439 45.6554316498 45.3759683434 46.1808001596 45.4560970604 45.8560894286 45.6616898657 46.0837314533 45.97379212 45.4247618869 46.3275354234 45.7008946079 46.0748411123 45.8496165343 45.1355614769 45.8805722116 45.3749680642 45.0389258561 45.586649459 45.4620657954 45.6106010614 45.290908634 46.136543772 45.4051974704 45.3157337555 46.1851031044 45.0137524286 45.4241663707 45.6322497822 46.3392897704
45.9237572009 45.7657082824 45.4946283476 45.1125285927 45.5278702464 45.8675721434 45.1102287992 45.3403291204 45.8457852993 45.4338657641 46.3780993512 45.2390394714 45.5969193737 45.6728849554 45.4082324154 46.2398840405 45.3790497036 46.0375744627 45.7084180571 46.2067671231 46.0741887955 45.3045662117 45.5200917481 46.3287287847 45.9268681537 45.030452348 45.6421048323 45.9649628249 46.171186828 45.7289154747 45.7009759848 45.9005323061 46.0639751933 45.6164795519 45.6288662962 45.0201965557 46.1251218813 45.7289058219 46.2516914777 46.3651196254 46.0934998209 46.3463734512 45.6050621188 46.1776201041 45.26549363 45.7234208277 45.5389392505 46.4007414411 45.9119038872 45.7068407001 45.4979677556 46.1837426728 46.0809973683 45.2646014903 45.2753156596 45.2584666025 45.0535283232
46.299054066 45.0975862235 45.92876676 45.4781372754 45.4201480544 45.867468551 46.2475138527 45.9481752565 45.487333513 45.7608457854 46.3089132918 45.076502852 45.1174109727 45.5506452641 46.3148507982 45.2320464394 45.4764353731 45.5695596911 45.6814203454 45.1793977441 45.665513274 46.0174976822 45.3724757168 45.9099947835 45.1634452796 45.0098231989 45.4079456966 45.9460741181 45.569988734 45.6972314421 45.8713865302 46.3257277752 45.6749684146 45.4491904987 45.4951743645 45.1597187482 45.6481557592 45.4541040151 46.077106542 45.5814780833 45.686083878 45.581735385 45.7308200371 45.9309604961 45.6989917054 46.3218871734 46.1378943395 45.2012569185 45.6279438037 45.9432795663 46.1579016946 45.4834812352 45.2573806553 45.8405377747 45.9704997636 45.0878046094 70.0593584808
46.1416532368 45.091731532 45.1208263737 45.4911748864 45.3762641776 45.2660533646 45.7155553871 45.3225427081 46.2041816616 45.7231623003 45.235142976 46.0239607146 46.3376263972 45.8468529504 45.5542004772 46.1905866485 45.2679440454 46.21282747 45.1654904475 46.1907416706 45.4634879819 45.7241536202 45.9399945433 45.9077999429 45.7622353566 45.4111551331 45.8819628383 46.3826990894 45.9448350893 45.0233862558 45.1479789838 45.2747287612 45.9435628463 45.4493227878 45.1154910027 45.8623190446 46.0969948727 45.9924444385 46.0470699958 45.144518663 45.2443979371 46.3601834075 45.0702924241 45.4225180425 45.9164999652 45.822198475 45.2730645777 45.7553730054 46.4043594759 45.6720447843 45.5150822689 45.5615144655 45.7499370959 46.0894111454 45.9731022619 93.3368382895 93.3368382895
46.1796948983 46.1721895799 46.1900269918 45.0947305136 46.0682140375 45.946541758 46.0396539212 45.9999618581 45.9563669231 45.3901001761 45.9631046543 45.2440100461 46.2157265465 45.29695883 45.8803914875 46.3163108175 46.1829486331 45.1903274291 46.4089497081 46.1354583496 46.3433680056 45.9812781254 45.5943415782 45.7791081522 45.0132370543 45.3453395958 45.4621930105 46.0377673286 45.1215335772 46.218542641 45.1609374925 45.8180352588 45.8920150936 45.4282983243 45.8321033644 46.3474461442 45.7031257603 45.0842957699 45.2445517908 45.6679717474 45.4749378337 45.5813187158 45.4285256334 46.2083837384 45.8965361117 45.1422535109 45.1746036403 45.5365250498 45.8235243125 46.007038678 45.4262484186 45.486991335 45.1046701902 45.1410821364 62.6435864258 93.3368382895 93.3368382895
46.1066824062 45.2424444431 45.8514200511 45.4100959745 46.1093466466 86.1104028718 45.9000946198 45.1021490394 46.2430086076 45.2010347176 45.6804282002 45.2830209518 45.4218522264 45.7256932262 46.0946203091 45.9819850729 45.1582724572 45.2470975585 46.1242994649 45.9954699731 45.906330432 46.2686370768 45.9223897696 45.4780498445 45.5100472351 45.3043788933 46.0444187205 45.0444462301 45.1310763253 45.2823962961 45.8421545435 46.3876246845 45.2883273489 45.5094664619 45.1592948408 45.6526520068 45.2651599604 45.5322777461 46.013154207 46.0481696393 45.8856215884 45.7871256664 45.4512548599 45.5098712906 45.6133369779 46.0001953139 46.407102691 45.4539496071 45.0384516164 46.3449096015 46.2361266695 45.9085724345 45.3379392942 45.99376925 62.6435864258 55.3702349548 60.7792432973
45.3937712733 45.5693290342 46.0698368322 46.3183282773 45.1485615415 45.0644070802 86.1104028718 46.3918007632 46.0489554329 45.9862372566 46.3145806321 46.1978789658 46.0062903299 45.8528302508 45.6485791852 45.7285221328 45.4452385549 45.1326933908 45.5874323559 45.0863200431 46.0597127136 46.1252647307 46.3895339326 46.2022128336 46.1691948561 45.0745511271 45.6915535183 46.1539109968 45.6140850086 45.0916177807 45.3658908313 45.5866974205 45.386478306 45.8388274892 45.9110157968 45.1129856237 45.0814019773 45.037737451 46.2199168094 45.5321474746 45.1893124818 45.7430772504 45.4643407887 46.181007919 45.5575390988 45.1683649753 46.0904695739 46.3038158489 45.8795118023 45.8781865984 45.5648251482 45.0855274407 46.3796314722 70.5728137758 62.6435864258 56.6288998741 60.065771581
45.8930250708 45.1233568745 45.5522285622 45.165659685 45.7041152765 45.302581234 46.2323469483 46.1246275149 45.5233751254 45.0580032815 46.2473679738 45.3018368334 45.2071920989 46.1498322762 46.3205423324 46.1215035494 45.8111933005 46.1428294908 46.4091149549 46.0766309044 46.0114111372 45.4890160334 45.9142582357 45.6492731895 45.6294667608 45.7527669721 45.0585602649 46.3444224008 46.0918929273 46.339560876 46.0434239927 45.9038752359 46.2922840195 45.8917588743 45.1630193608 45.8111248613 45.7845071217 45.4193316474 46.1942697361 45.6636461732 45.2222287188 46.2723709417 45.7992319995 45.4081245152 45.4114353634 46.2248025099 45.9208427665 46.0952120231 45.5749340521 46.0548424561 45.7010866885 45.309789719 82.5655825372 70.5728137758 70.5728137758 65.1382369786 57.2299657908
45.2480137231 45.3140984966 76.633348838 45.0805870067 45.349206898 45.1708636129 45.8178531257 45.5233462193 45.0343354792 45.7346074851 45.5809653545 46.3329756815 45.1823053614 45.8354142552 45.1854162376 45.974546834 45.4882996935 45.316578472 45.8951756871 46.0814149824 45.1195365373 46.1274550607 45.1614911861 46.1198108219 45.3568292146 45.9075174485 45.164013114 45.586437947 45.385419686 45.6760507493 45.2789235466 45.7362777922 46.2741740038 46.0611878933 45.6546796209 45.5816156245 45.6917866808 46.0364826128 45.0402757103 45.6111127518 45.3981913606 46.3604628939 45.1049479864 45.6833147369 45.6210898097 45.2591686228 45.7417057368 45.419345862 45.7989173405 45.2855643329 45.7907622643 45.5505966982 55.606234506 70.5728137758 82.5655825372 71.7162741328 74.4715165064
