Spatial_Output/BAU/BAU_0763.asc
NCOLS 155
NROWS 192
XLLCORNER 196307.867259
YLLCORNER 449144.565805
CELLSIZE 33.573938
NODATA_VALUE NaN
[rows 50 to 74 of 192, columns 57 to 113 of 155]
25.4779822207 25.2628749468 24.0276898914 23.8715507844 41.7968562109 41.7968562109 41.7968562109 50.6557466438 27.0982454713 23.8996700441 25.9487283551 27.1929416336 25.1461066876 25.6400270119 27.041461014 23.3718715683 24.7362258279 25.1387894328 23.7198794535 25.0457800124 25.3621488826 24.4893126843 23.594011835 24.6767096416 23.5542844267 27.1204049733 24.9998627217 24.5330881783 26.2957372773 27.0500441832 25.1367685742 23.469364272 24.5402972562 25.8608131484 24.342706554 26.1179426321 26.6987195492 27.1782924342 23.5840337195 24.3519893459 25.2334469881 23.0354536873 23.12503563 24.4269354626 26.0249629077 24.3510664694 26.8266383263 24.730918101 26.8452711876 23.5278249499 24.2768104403 25.7832912249 26.3471267012 23.4346662327 24.2988723165 41.5256450914 43.2980259734
65.9204230162 43.6938179523 27.0124284762 26.1237048412 71.2718661308 71.2718661308 71.2718661308 41.7968562109 25.7024545232 23.2876737222 23.208463551 26.1572124145 23.9870368713 26.5855022285 24.5217061951 27.1361688495 26.6977855516 25.0457747086 24.1213352805 23.2018642474 24.9997663817 25.319745979 24.0382710132 25.8618207207 23.5292119012 23.5665048048 25.4419392038 24.427253828 26.6336044051 25.1744609041 26.6000900839 24.4513596175 25.6669720867 26.9148178917 24.3417195701 24.4985554398 25.2623794692 25.4819192762 25.906080158 24.9073801281 23.4563239139 25.7776665542 24.7132347995 24.7037306521 24.8194988156 26.6999428212 23.8650820651 24.3379181824 24.4070868732 23.3689899797 24.1557538337 25.7390567301 26.458561962 27.1156682624 24.3409751131 27.1758067346 25.0751673287
43.6938179523 43.6938179523 25.4474548612 45.4218731047 51.1057800255 71.2718661308 43.558889816 38.0716088066 23.0342409171 24.2840638386 26.9530959311 27.0315146607 25.4465974587 25.4049871423 25.1720231108 25.2694089671 24.5096986608 23.537110876 23.0118749914 26.9408170274 23.585966537 25.9139593842 23.8832434651 23.1167129767 23.6622214126 25.974742221 26.2188824269 26.4173481621 24.1288195886 23.9625196808 26.6832065357 23.2180034616 26.043573463 24.5303783436 26.172892301 24.8006791459 26.3925106155 25.9031873553 24.4882587309 26.8904045026 23.202875335 25.0474411811 25.9686956256 24.6931091238 23.4766919548 26.7117794665 24.3836968978 25.604925923 24.7711967165 25.686129455 23.0292359968 24.0375314388 27.0948011087 25.5909867375 23.8739414185 25.4148969348 24.3991075995
43.6938179523 43.6938179523 25.312048564 25.9934808862 51.1057800255 51.1057800255 51.1057800255 38.0716088066 23.4979779796 27.0839835425 25.086260587 24.7683292923 47.5831214583 47.5831214583 47.5831214583 23.5220081805 23.5918457666 25.0906888184 24.2481381992 26.0295557166 25.376292052 23.1722532125 23.6175392773 24.4128954014 23.0419047796 25.7009062174 24.7362976184 23.5144648275 25.0566270756 25.0148803667 24.0370089214 25.8300436805 25.8822790979 23.8658533553 27.0976554548 23.23387785 24.5507049732 24.9226447803 25.5894596735 24.0390606871 26.3509414963 24.401407153 24.4796379426 25.8439754199 26.6204592311 24.7659520763 25.2223191444 23.1883391568 26.9869903719 23.2317541219 26.5096506548 65.0409037386 26.43688783 24.3659536844 25.1874669622 26.4895221382 26.2019463759
51.4148276243 43.6938179523 25.4650928864 45.4218731047 53.0128259072 53.0128259072 53.0128259072 25.8970780185 25.3480436134 24.2693619626 23.8457242637 23.2010332855 40.5642122253 72.7035861132 72.7035861132 26.2732852727 23.3678296509 24.0203839263 25.3189664944 24.8532971669 26.860217911 26.8050270684 26.0114539694 24.3814444839 23.4567728645 23.7571897168 25.2191332347 23.9128882047 26.840797369 24.3181410865 24.0401088586 25.882390391 23.5327464272 24.9129348551 24.8165490249 24.488183603 24.680258886 25.2723075141 24.1276696495 25.4156087451 27.0420519945 26.2317909094 23.8460177891 26.9653106072 24.7801206378 26.2325965883 23.5809027905 24.8555680009 23.0090264089 24.1340610153 65.0409037386 26.7417436005 23.7566983463 23.6529061139 24.009946697 25.3762904785 25.5967434653
51.4148276243 24.9197230074 26.2324461585 26.9381258586 61.1122258284 79.3173035096 68.8152628624 27.0650298809 26.3954697798 23.2686148166 26.6546195889 24.2011257184 71.7697452058 72.7035861132 72.7035861132 26.2157848919 24.3167126183 26.1540278314 24.1080565181 24.048631814 26.030432521 23.1804141927 27.0043733216 23.7913544763 25.9499399573 26.0066041276 24.7107302151 27.1695303228 25.7426653468 25.8618917301 24.4013555714 25.6257238172 24.5404794723 23.3503520271 27.1403404006 25.0567508924 23.3599677472 25.4871084836 27.201143237 23.3753301912 24.7639023895 23.640831839 24.1681476629 23.0392815517 25.0154602501 23.7015154634 26.2358773302 26.3789484888 40.9926541383 27.1502323133 24.7755814649 24.71550653 24.9619288208 25.6062485448 25.0477028617 23.5871493417 40.7665895261
42.0211617745 24.9829715385 24.5177604901 26.1875727925 79.3173035096 79.3173035096 79.3173035096 24.9546083929 23.2441236969 24.3278943878 23.2523265683 26.7817092391 45.3090402702 72.7035861132 23.7624335713 25.0065875998 23.0865703682 25.965831282 24.477219975 25.8540773424 27.2052065432 26.4868366127 26.9690531166 26.9362983396 26.8244728928 23.8748264948 24.5736548943 24.487897027 25.6581623865 26.7610139033 24.9505867667 25.3485861752 24.7326879306 25.9371030186 25.9516140408 26.942917709 24.6991324563 24.0748506544 25.1665363532 26.1714085306 25.8304069999 27.1093703097 26.8750720276 25.9975153591 23.8343913684 24.2735952308 26.1315970085 62.5598104881 62.5598104881 40.9926541383 40.9926541383 24.2577764393 26.4564524606 24.3561809476 26.8713850948 23.1405334134 26.5229300723
23.5885140421 23.1632436719 24.4636705094 26.5479352542 26.1507408223 24.2643651799 26.0807291787 25.510760033 25.4938851354 24.9399675046 24.224169137 25.2385427056 24.0609610993 23.0474177267 45.3090402702 23.0637226939 25.057581176 23.1676238163 23.5852627689 24.9097257119 25.8866275357 26.2685943493 25.6356007714 25.909306109 27.1034618082 24.280351351 24.7029011446 23.6834233158 25.1509416043 26.0745363429 23.6307568262 24.192575978 24.3871068736 23.2528921494 25.875686648 27.1784656174 25.8824578195 27.234123725 25.7067699404 25.6204121807 25.3608611504 23.9521375688 25.0745587668 24.0652645704 24.2965365266 25.0295558362 26.7679968687 62.5598104881 62.5598104881 41.9014749641 24.2518712948 23.1659707353 25.4897257995 25.1606544957 26.3313550947 25.5460417842 24.5283594917
26.3385268542 26.5970807552 23.0103265009 24.0772197217 25.6621486525 24.5709787584 23.4905080993 27.0478316514 23.2160687615 23.8378286946 24.4342664279 23.2795993738 54.3194682238 54.3194682238 54.3194682238 23.205958329 23.750089433 23.725288332 26.8279034904 24.7128962238 23.8914728605 24.1348308021 25.3556757835 24.1432104477 27.006328492 24.8308230016 26.3494479633 26.1544614615 24.7244010037 26.8642172073 26.1811355984 27.052538437 26.0566502545 24.3853135555 25.0097786067 26.3553261783 23.4873957318 26.7067085298 26.8967305714 25.3038508457 26.8040842235 25.7286378957 23.8355292536 23.1428691607 25.285530765 23.5433625313 77.9557214033 77.9557214033 62.5598104881 23.5494850339 24.4034439608 25.90374105 23.774206236 23.2364074398 23.0544043018 25.5015561701 26.497062084
24.2669993214 23.5807819442 24.8123680432 24.9591930413 26.7248672149 26.8464641686 25.74866888 26.249731985 25.0621925832 25.1089397073 25.2128558404 27.043631219 25.797552172 54.3194682238 74.2967023162 26.8284598232 23.9187587255 25.6729907802 26.8447328804 26.4980670742 27.1921035928 27.2312715863 24.2520720188 24.4535885253 24.4759556624 24.5772393358 24.270253509 25.7828571156 23.0971329435 26.8655216518 27.0200026169 25.59907686 24.1984620759 25.391296138 25.5614567116 25.653198444 25.6430520876 25.9990858268 25.5099170372 25.2534480806 25.7334968614 26.3955877635 27.1680227674 23.0157901951 25.1333565404 39.7180176687 39.7180176687 77.9557214033 26.500183614 23.0733056616 23.6676482711 23.0160288483 26.1406201456 24.5181757157 25.5219007588 25.3244089251 44.8186129098
27.230158264 23.5872302564 23.8427467481 26.3675920382 45.5605555332 45.5605555332 27.1087908969 23.96158012 24.5684260434 24.9434567171 25.795417113 27.1555489634 72.1892700353 72.1892700353 72.1892700353 23.8680543047 23.3793159339 26.3318426335 23.5809795488 26.6915753752 25.4530219553 24.636393542 26.6830611072 23.8641760106 23.4801415919 23.0264787707 24.5936270707 24.1906290725 24.1629061982 23.4096506239 24.3827895094 25.2677714744 23.533447128 26.5256311152 23.8069632611 25.6351914548 23.9382195496 26.7609904539 24.0058603771 27.064105317 26.6859966932 23.280391496 27.0394587918 23.8272799307 24.1462627748 39.7180176687 39.7180176687 27.1966975406 23.7532028151 23.4238959277 27.2052037418 23.7936305169 25.7945116165 25.318599376 25.0362139714 26.2008803603 23.6263835246
25.543114373 23.7995938604 26.6155600445 45.5605555332 45.5605555332 26.3455780001 23.9327168139 23.3165258913 23.2431468462 23.0748222784 26.9574752204 25.6164987988 55.6789825582 38.1732383398 27.2420004154 26.9376213231 25.8471217326 23.712129413 24.0783404052 24.937761868 24.4321747753 24.9465475445 27.0560577557 24.3945542094 23.7148099018 26.9032836796 25.9248440186 23.0893416431 24.8736166373 26.1586413868 25.0778046794 23.9123493211 25.6655664446 25.5543878489 23.2913111506 23.2464364356 23.2352986118 25.8941193191 25.8375555364 26.0391215122 24.0468033978 25.520658044 23.5704575577 25.5143816812 23.0896566735 23.2192956622 23.9666321736 25.3543630347 24.8760995029 25.7590426504 26.1458779399 25.6678434503 23.5555558454 25.5120229776 26.8921502741 23.0315050172 26.2565639005
26.4250416027 27.0502478764 25.8905117052 26.3495546107 45.5605555332 46.0647184714 24.2469805976 26.8305076008 24.3701870851 26.8010035606 24.8596920907 26.1634858494 38.1732383398 38.1732383398 38.1732383398 23.2019634612 26.5880228877 23.8179399394 24.3483137043 24.9576886902 23.6124700978 25.6935931618 25.6990273369 27.1845137501 25.382766609 24.2949806641 25.8988478515 25.8790618637 26.1308579676 25.6756645645 25.3827612666 25.9026157077 24.8845174666 26.6137414477 25.2430389779 26.7760018727 24.3366437436 27.0793314011 23.3003591184 23.5252625683 23.0112620803 23.7039459855 25.8285008394 26.8111216046 24.2970297158 23.3472821047 26.7993706039 25.0128322087 24.2218029642 25.4552159092 26.9931719525 23.6968279995 23.5740344911 23.0834623725 26.2832331767 24.5493352544 26.4385160023
25.7870201207 25.7200709611 25.8554109236 46.0647184714 46.0647184714 46.0647184714 26.2711880729 25.5408253168 26.9135941786 23.4961980098 25.1389083793 26.1155790364 27.1783484268 23.2400217172 25.1184753185 26.2815915661 26.6066336515 24.6005426959 25.4052055787 25.4452807036 25.7275406769 25.130259671 24.4198054491 26.7265635601 23.734330659 24.0115752113 23.0727627481 23.8246289848 24.7552753009 24.892736017 23.6691114291 23.0075558656 26.3703788273 25.2823145097 23.2342443864 23.6490414626 23.4223832441 26.5962093607 23.0331383426 25.83166327 26.6862556892 24.0527992149 24.4724644429 24.3415711786 27.0434120208 24.7107081153 26.5639825224 23.6549688037 26.6759982139 25.102045446 23.5734210107 25.1625284755 24.7588242293 25.1080319293 24.8971991085 23.5091436039 23.4610315342
44.5697852379 57.106819288 24.5211385801 26.2976354653 24.6231233739 43.3209496681 59.6842370179 26.9405873984 24.8636731896 24.9423057514 26.4731963154 23.355177615 25.2877492389 64.4666539679 23.8180482487 25.7315165731 26.9070651413 26.5153270353 24.2037167176 23.7549779629 24.2172173884 24.4959224324 25.1458725774 25.5055082609 23.5260233042 23.1367468526 25.6435369292 23.6954468636 26.6566083735 26.1572671777 24.6675447495 26.5743707596 25.7398903397 24.0385628975 24.2450971421 23.5539574034 24.2007011015 24.070929726 23.1826276147 23.2518512585 26.8809076119 26.0664455734 24.7664898649 27.1241615831 26.8633616064 24.7318530706 27.0687788464 24.9109167809 23.2546091938 27.1084565673 24.5875117389 24.6935740614 25.9131855045 24.2472795847 26.9527367609 25.8288091909 26.5011515021
44.5697852379 57.106819288 57.106819288 55.761670327 25.1789099837 71.3771028086 38.9769005119 26.1342567639 25.6581052085 25.7138062948 25.1014956204 24.6894019486 64.4666539679 62.421405184 64.4666539679 25.0731542748 24.8492344083 23.2343159586 26.5357538183 24.3830682988 27.1407392853 24.9243806693 23.8238200894 24.191092559 26.7765695993 24.1018808237 23.6173536426 27.0106232549 23.7670314555 25.1774475118 23.6312087164 23.6905366486 26.7495174702 27.1421136486 23.9051869261 23.3367922189 26.2848246399 26.5979944315 26.0543491058 23.579938734 24.3506063485 23.6730031729 27.09918525 24.9080730855 27.1768309947 27.0180251968 23.1286197001 24.796780449 26.1149494122 24.0191019508 24.3012043386 24.2203833249 25.8683089815 25.21501858 23.0653017756 23.7131472612 24.9142555791
23.5325397963 57.106819288 57.106819288 25.5229137448 38.9769005119 38.9769005119 38.9769005119 46.1322910841 52.785148805 25.9053190696 52.2884314616 61.9212007384 47.1515854206 62.421405184 62.421405184 23.9994571546 57.3993039846 24.2748530118 24.2274421024 24.1694440289 24.0851266142 24.73698727 47.5000836104 23.0293362007 49.6841827731 24.0322148672 26.950189989 23.1268085395 24.9918816643 23.4703573099 24.4522665287 26.5597592441 25.0603635168 24.0474347451 26.2470650645 24.867072505 24.4246362988 25.9395037703 24.6894949354 26.9900139035 23.3358846781 24.0033172313 24.3459045487 26.6279684104 25.233188066 23.6859215262 27.1748432773 26.9955682164 24.4075770906 23.4276144215 26.0467690566 26.4536276482 26.9347321839 24.4696430816 24.4732115026 26.9068495029 25.8746766895
23.180936417 23.2558157531 55.761670327 27.1301769521 71.3771028086 38.9769005119 38.9769005119 52.785148805 52.785148805 52.2884314616 47.1515854206 47.1515854206 64.0181563865 64.0181563865 54.0851456107 23.2153020432 24.5937829051 35.1294095853 53.0284261035 53.0284261035 26.1165254875 51.397852022 47.5000836104 49.6841827731 49.6841827731 42.2187550931 26.8212746049 24.184500907 27.1086401482 23.8645025394 24.3743167857 25.6885342407 25.084599141 27.1126680985 26.5394453903 26.4842256996 23.8851427595 25.9508605286 26.6408044732 25.9379554798 24.8999097562 25.817007967 26.3959912513 25.9728231698 24.7834037345 25.3459812971 26.0780713469 23.450356903 24.5003866916 26.0512557598 26.9572439367 24.2932464843 25.7870890749 26.7944235166 25.8339452636 26.8991033728 25.0306198851
26.7091881836 26.7479813627 26.5223210437 24.37782979 23.4942791192 54.1411944497 26.5852063817 26.225561661 52.785148805 24.7710406918 52.2884314616 47.1515854206 64.0181563865 64.0181563865 71.6100567195 75.3159104421 82.9473000379 46.4180308111 46.4180308111 46.4180308111 23.6729672503 26.3898571506 47.5000836104 49.6841827731 49.6841827731 42.2187550931 25.8736004071 26.4465988581 23.6677648804 23.2287078935 25.7677327544 25.4306745871 24.9592356051 23.8385732335 26.2714910951 25.9118040399 26.5964706028 23.7688590702 23.2942773943 26.3770583601 26.5197609723 24.2043206533 25.0891401854 27.1942161115 26.5717522184 26.1897795222 26.7275417064 26.669619853 24.1618950404 23.9645235474 25.2988225382 23.3007231278 25.1067836229 25.0550585658 24.9689457705 25.5917955002 24.7554188713
24.4192349458 23.3186136806 24.3900326494 25.4336361499 27.043272788 27.2132316917 25.7010479394 27.068813201 23.2884761209 25.4649603312 27.0273401994 26.8320437327 58.9297025408 58.6299661953 23.7201191912 43.2378679931 45.8236764422 65.1902972118 65.1902972118 25.5299417043 26.8786652268 25.1643014644 51.397852022 61.2376909468 49.6841827731 61.2376909468 25.0973560479 25.1382670735 24.6629591306 23.604254999 26.2235908961 25.6367654879 24.9757290973 24.5623840991 23.4646949781 23.898352358 26.3715726008 25.5016166114 23.3011471884 27.1366254202 23.7782776805 25.662906502 23.1354191117 63.024598948 63.024598948 63.024598948 24.9379875811 23.3828826179 26.9469414922 23.8324970113 23.3436118337 24.6165110924 27.2248792248 26.7583289053 23.0095859596 26.0216067751 23.0332507926
25.9045863322 23.4895223895 24.3734512672 24.3233879464 56.7579047771 56.7579047771 23.992118957 23.0120215539 24.4323426869 24.8941745127 26.423689621 27.1309259592 24.6414572957 25.7058630651 23.3436574697 23.9795735001 66.452210329 65.1902972118 65.1902972118 23.2814708681 26.2805243115 24.1310427748 26.2615313835 63.0458067892 61.2376909468 61.2376909468 23.6947823032 23.2985052067 23.523522164 25.7566143389 27.0888617654 23.0837699267 27.2395931843 26.9893666789 25.9263986311 23.4269078917 26.4856512227 25.5792506552 26.5902931626 25.2813522724 25.8544098648 25.856900914 23.4417103988 63.024598948 63.024598948 25.6694239627 24.5628703759 23.4217069995 25.8859956749 23.6383083251 24.0902207233 27.1885319059 27.0202775914 26.9872503061 23.6188955591 26.1677195189 25.0721858214
25.6720010184 23.5222325199 26.9103899855 26.2693901204 27.0063669825 27.0580394519 59.0193104904 24.134818171 27.165339317 26.847023524 26.9688321318 26.576353598 24.6808698371 26.4127407121 25.0918749515 27.2189869916 46.4286136683 41.9885307708 41.9885307708 41.9885307708 26.3641649528 24.0747611651 25.2686230042 45.9439107293 52.5178024478 45.9439107293 23.8941930005 25.9721070981 23.5077935792 24.2668081912 23.8089046873 24.8654504601 23.564010614 24.5522044263 25.763189027 25.3858484285 26.9537724939 24.4857279431 25.1687207146 23.8609114037 26.318856273 27.0097926695 26.0594856246 37.337512274 37.337512274 37.337512274 23.0502684883 23.4493098388 23.4846206055 23.3774943729 25.9873795359 23.9040292706 24.824539595 24.5504137618 26.5131575421 25.5677328409 23.1409545915
23.0087717889 24.5438511493 24.3601726368 26.4560548447 23.2852093478 59.0193104904 59.0193104904 59.0193104904 25.0255808863 26.1026477428 24.5113991737 26.3523168082 26.908377946 24.9089208105 24.8786873907 55.298343761 25.3376824747 41.9885307708 41.9885307708 57.654446818 24.7166016643 26.5712756475 24.546590074 25.9571478717 52.5178024478 52.5178024478 23.2843337647 23.2442880871 24.8189502493 24.9148368112 57.4620956698 24.3596143265 45.8560675548 45.8560675548 40.3601127382 25.4656013941 23.3329347366 23.4242404084 23.3057674969 25.180885873 25.1673509614 25.112936866 26.5349470357 25.3141667165 37.337512274 26.8651908906 25.8535122676 23.6975625784 24.1168541688 27.1755416166 25.8747851913 25.6938733712 23.9010177826 25.64155275 26.1056674492 24.0466723864 27.1712690072
23.966884556 26.7368081458 23.6049171302 26.2464466779 25.7460083786 77.4021136449 77.4021136449 77.4021136449 25.0987788692 24.9993544073 27.0575947339 24.6496987794 23.2064117084 25.6879983795 55.298343761 55.298343761 55.298343761 39.7730831106 23.1646589409 58.920762242 23.872510676 24.1820691125 23.2115122951 52.5178024478 52.5178024478 52.5178024478 25.9643471326 62.1346712507 62.1346712507 57.4620956698 57.4620956698 45.8560675548 26.3170163875 40.3601127382 40.3601127382 58.5718702554 64.3267422523 58.5718702554 26.6093148581 23.8520824613 23.887583882 26.587097891 24.1099511658 65.8474633476 79.2656196171 79.2656196171 79.2656196171 23.9141385683 23.3486928631 23.5700013392 25.6367396979 26.665894541 26.6920019245 25.390713107 23.3155316275 25.0431755647 23.1595650247
23.5583398112 25.9988476221 23.4897548735 26.3750716809 23.8174435561 23.7849213093 24.7176541185 68.3976333549 26.8081689597 25.2276833491 23.6976399609 23.7226168954 24.5717182266 23.2297396208 25.3069063137 24.2554825154 56.2995082145 51.6120389979 51.6120389979 58.920762242 25.3740758812 23.0054395005 41.0564174075 25.6669792514 48.1008087265 25.4285213678 25.2228453567 62.1346712507 62.1346712507 24.5664511314 57.4620956698 25.519503564 24.8365502112 24.6496799511 40.3601127382 64.3267422523 64.3267422523 51.4000046904 51.4000046904 23.116167257 23.970819729 26.1207447194 24.0116208026 27.1570449645 23.6032761799 24.7423773387 79.2656196171 24.472070006 24.2297132961 23.91440849 24.4640351312 23.6269410895 25.7960414657 23.3698960721 25.6027932535 26.1332953468 23.2949730865
