Spatial_Output/BAU/BAU_0037.asc
NCOLS 155
NROWS 192
XLLCORNER 196307.867259
YLLCORNER 449144.565805
CELLSIZE 33.573938
NODATA_VALUE NaN
[rows 26 to 51 of 192, columns 0 to 56 of 155]
0 0 0 0 0 0 0 0 0 0 0 0 0 0 0 0 0 0 0 0 0 32.9009341777 45.463927794 45.7121296288 71.8740492345 80.0351643472 80.0351643472 81.2886522045 81.2886522045 45.8859124424 46.2966666292 46.0020187925 45.5057523589 46.0133479639 45.3677262641 46.0482219019 46.3451202463 45.2722322878 45.8506780917 46.0523314538 45.0630734192 45.2336644914 46.0735620099 45.3952917468 45.6593835164 45.6366929037 45.5481002969 45.6224315074 45.5800985626 45.4469746265 45.3176180024 46.1339334695 46.2980159404 45.2027786128 45.9436738788 45.2910532275 45.7599013289
0 0 0 0 0 0 0 0 0 0 0 0 0 0 0 0 0 0 0 45.6742403434 45.3235115496 45.3498265384 45.5891027172 45.2659366583 45.2780824302 80.0351643472 79.244020743 81.2886522045 81.2886522045 59.0871508667 46.2820505708 45.2032646524 46.3677509218 45.8097668249 45.9127237506 46.1298318742 45.1868617247 45.2457551073 45.2544554785 45.4023392762 45.6331269312 45.6125418877 45.6085448785 46.2658311497 45.5884852289 46.3200796207 45.8729735632 45.3291794531 46.2874528606 45.2782338134 45.0308610459 46.1463029273 45.5590123235 46.2477521761 45.3393721384 45.4864287448 45.5658328119
0 0 0 0 0 0 0 0 0 0 0 0 0 0 0 0 0 0 46.3012809215 46.2470158085 45.4933331787 46.013227915 45.3452407457 46.3405764434 45.7220416963 46.0235748661 45.9363815956 61.08174228 61.08174228 59.0871508667 67.7348432224 67.7348432224 45.9402869817 45.7179519498 46.1327634833 45.8731905174 46.2580627355 45.9436757662 45.8342949158 45.7868448651 45.7430778738 45.7533960991 45.9358835227 45.9971232219 46.3033400076 46.1631668389 45.3999675583 45.2235074338 45.9202172912 45.4395891494 46.3985469575 45.3273994431 46.0645199169 46.1106554825 45.0338795048 45.8793158434 46.3505762524
0 0 0 0 0 0 0 0 0 0 0 0 0 0 0 0 0 45.7759157439 45.8902876878 66.7635121711 57.3778267508 60.6412091994 45.6421053491 45.6547828639 45.5476596076 45.4271509238 45.1351070208 61.08174228 59.0871508667 67.7441356465 74.8373926143 74.8373926143 74.8373926143 46.0810553824 46.4100726575 45.6793733001 45.5608965792 45.9199962084 45.6566651842 45.2926584343 45.677947442 46.3076204371 45.7143475868 45.4511880906 45.5977869028 46.0576778256 46.2058631475 45.5241132014 46.3941221097 45.4565502962 46.1358965873 45.0535602786 45.9435531786 45.6576154805 45.5504680411 46.1852262825 46.1743237256
0 0 0 0 0 0 0 0 0 0 0 0 0 0 0 0 45.5692188806 45.4409172775 45.0660919939 65.1563731717 66.1532253862 55.8260806425 45.9469738375 45.5918110755 45.2171049739 46.265240139 45.6103926803 45.3002344693 45.5103718998 67.7441356465 74.8373926143 59.3206142327 59.3206142327 62.2268787071 46.0429273605 45.6815502217 46.1774568638 46.0879984561 45.7481642146 45.8806867147 45.3068816104 45.4896074158 46.3473706723 45.9103471487 45.9034598084 46.1271784036 45.2801672083 45.8975866911 45.6426326835 46.1361828494 46.1787102033 46.339658353 45.8534717089 45.5301916835 45.4530407013 45.7381193404 45.2839118511
0 0 0 0 0 0 0 0 0 0 0 0 0 0 0 45.572421836 46.0875533891 45.4922469784 45.0639207006 66.0305826101 65.1590668969 62.443944532 65.1460003494 45.1989066698 45.9153280396 45.7625969491 45.0219417721 46.3053175692 45.6557383273 45.0259971761 54.9651673643 59.3206142327 59.3206142327 72.5633029782 72.5633029782 46.0599420879 46.3555442025 46.1718126484 46.3841336258 45.7873197965 45.7384032128 45.6602081016 45.5424328416 46.0886751595 45.4656374368 45.7967097875 45.0191656168 46.337494161 45.4737380977 46.2023610386 46.2753748236 45.7498922559 45.4172855316 45.8589797209 45.3186475362 45.3560664263 45.1291632143
0 0 0 0 0 0 0 0 0 0 0 0 0 0 0 45.9647550225 46.2298935413 45.8591795573 46.0767737246 59.8018893356 55.8951670254 59.6484655242 65.9975857955 45.3512282851 45.9327118128 45.4703565946 46.3744643225 45.3419007546 45.7097935151 46.067306872 46.2171972783 45.0203863378 62.2268787071 72.5633029782 72.5633029782 46.3029887294 45.3711926228 45.6742784525 45.744625863 45.4379835361 45.5669245259 46.056702201 46.1737582011 45.772929984 46.3176157057 45.0768805642 46.0527962307 45.9717991169 45.8156681771 45.3069931341 45.6886829779 46.1995086542 45.7166898821 46.1375415156 45.3704734194 45.9179440333 45.3721237854
0 0 0 0 0 0 0 0 0 0 0 0 0 0 0 45.1132925063 46.345084166 45.1477374246 46.2237308088 45.4462765967 60.3174919982 54.3866235419 63.2169309828 45.8313319958 45.6732019564 45.8724426857 45.3979913752 45.8131372309 46.1135290445 46.0550333079 45.5063048918 46.2924189071 45.9912872794 72.5633029782 76.1265834733 90.6057239341 90.6057239341 46.1279581056 46.2926534622 45.983208942 45.5848075386 46.3127473441 45.9058961751 46.0526596607 45.357483726 45.4336704699 46.2212963557 45.2074406995 45.1269884667 45.922527706 45.6817143748 46.3474265074 45.2542789275 45.7784311932 45.0963876946 45.8061055994 45.5236842377
0 0 0 0 0 0 0 0 0 0 0 0 0 0 0 45.9408129412 46.3694088856 45.8450047274 46.3773454075 46.1724833504 45.9262271726 45.0205449432 46.3171701258 45.1254275967 45.6113651526 45.0236214627 45.2521585456 45.9492962278 45.4881678016 45.2594376041 45.8999379146 45.8340020232 45.1035056981 45.0494225377 76.1265834733 90.6057239341 90.6057239341 46.2378432021 45.8841421894 45.2025596495 46.2133629042 45.4183280106 45.28714762 46.3726424555 45.249584391 45.1682137346 46.2454401185 46.0138095615 45.5127123955 45.1559922761 45.7928191918 45.5562179508 46.1344389484 46.0439936856 46.3264959672 46.0236703308 45.6877904038
0 0 0 0 0 0 0 0 0 0 0 0 0 0 0 45.4057983788 45.5075912444 45.5766617568 45.8408818885 46.1085529885 45.7089953566 45.372696954 45.4808476534 45.6441257508 46.2937544398 45.5158555851 45.5952161743 45.2447391652 46.0046554282 45.0585328748 46.012495074 45.3193473233 45.2303417234 45.1683850769 45.1063697124 70.7169086057 67.498792874 67.498792874 45.0662534495 46.138666102 45.8147758984 45.6703200571 46.3985609113 46.3331347195 46.3283066338 45.1727926528 45.3527554072 45.4818352094 45.6044848357 46.2930804558 45.1414973024 45.6946164077 46.3093836925 45.627505506 45.4534050934 45.6277446283 45.8822148937
0 0 0 0 0 0 0 0 0 0 0 0 0 0 46.3453222975 45.1306422111 46.0956820599 45.9074067245 45.6380623726 46.1259592584 46.3164592084 45.4575649919 45.6508630822 46.1145804544 45.8419364095 45.6681257496 46.0846592594 45.5446915417 45.5310376258 46.0635510464 45.5158602978 45.5056606082 45.8708490318 45.063887238 45.84353624 60.1830073924 63.6550550281 63.6550550281 46.2009310361 45.1131191487 45.9441530929 45.7495094151 45.3022155955 45.9048389671 46.2232631059 45.4187372821 45.9010628614 45.1450321958 45.3186374303 45.4356256865 46.1498287899 45.7019745838 45.4833001777 45.2929053811 45.8804818644 46.336579569 45.8594174543
0 0 0 0 0 0 0 0 0 0 0 0 0 0 45.447706345 46.2998919954 46.0183162853 46.1372407113 45.9470345664 45.7046033877 45.1526007419 45.2557149947 45.6558970653 45.7142988411 46.113462866 46.1091453502 45.3411789877 45.5577051479 45.4411645655 45.3996947629 45.280495435 45.0115251158 45.7967629863 45.5727102963 46.079132775 63.6550550281 63.6550550281 63.6550550281 46.2974146294 45.3345230328 46.2818078539 46.1692357469 45.010731303 45.6941404302 45.9118250019 45.8288146888 45.0223552455 45.3780228944 45.8295247266 46.1632353208 45.1915297987 45.8666176732 46.2899490053 45.0383643129 46.1684089039 45.7700669166 45.7530122617
0 0 0 0 0 0 0 0 0 0 0 0 0 45.9599389249 45.5961139796 45.3035856233 45.7583772651 46.3584592893 45.2834644097 45.9849087053 45.9012312041 46.198045903 45.357998992 45.4774591277 45.9223939461 46.3505540265 46.2433591217 45.9707956105 45.5481112237 45.1223030706 45.2791393214 45.597724289 46.3627682145 46.2784799407 45.4612615891 60.6376089488 60.6376089488 60.6376089488 45.9185838648 46.2493778221 45.4580643373 45.6271165187 45.5747710195 45.2117194323 45.0872006928 46.3130809381 46.2528785203 45.873081231 45.9119040815 46.224205057 45.2814496442 45.7451234722 45.4647159195 45.1488486164 45.4611006667 45.8335198959 45.8586033149
0 0 0 0 0 0 0 0 0 0 0 0 45.7500979937 45.3744810523 46.2395577686 45.4004769677 46.0794412112 45.3634196173 45.453431739 46.2025627217 46.3782721507 45.5151147405 45.7972335023 45.9582908264 45.8159205953 46.3608742324 45.8706715177 45.4474936597 53.7012516257 60.2063035135 63.7263868956 45.6104138977 46.1389511393 45.938938567 45.6028825917 45.0603997188 45.5945315487 63.6989286079 76.6024311833 63.6989286079 45.0739828332 46.2120629431 46.1720957278 45.2043705365 45.0359136702 45.6012795005 45.3353957133 45.3438996703 45.5346138187 45.2627043731 45.3110549696 45.7392545089 46.3824883822 45.5138501872 45.4151131766 45.0767427834 45.0603931816
0 0 0 0 0 0 0 0 0 0 0 45.7646012715 46.0169578028 46.3236928388 45.5739368763 45.218969592 46.2275726203 45.6839283872 45.9021718397 45.4164763335 46.1721189627 45.3633611922 45.5203893744 45.491382465 45.4373225164 45.4244263445 45.2031375255 45.3669128429 64.8755315713 65.1324992469 56.3659196497 45.3105372674 45.6484444221 45.5714022073 45.758706768 45.932194341 45.4423821902 63.6989286079 76.6024311833 76.6024311833 45.8941903086 46.0652396788 45.9502753769 45.6850717548 46.4133201361 45.6080193876 45.8298678677 45.9622676631 45.3611839298 45.1079284313 46.1090814483 45.1536526177 45.8596785622 46.0004478191 45.2006871449 45.2177760288 45.1998206169
0 0 0 0 0 0 0 0 0 0 45.4267075955 45.1527924388 45.8962865938 45.9507949698 45.3670426677 45.0483372613 46.1254025741 45.4258827515 46.0508894993 45.974200576 45.9118704318 45.5448976406 45.3383651305 45.25612452 45.0709867438 46.1267583697 45.1241951141 45.4978228868 55.242739849 54.1654618313 56.6232369159 45.1253656213 45.8396204478 45.650870595 45.1657702693 45.4268314857 45.8414882948 45.5875497581 76.6024311833 45.2296393646 45.073048248 45.7181968289 45.9171275267 46.1228587449 46.1932686948 45.0431798691 45.483503054 45.279612997 46.0667929905 45.9652760732 45.8503257373 45.3653102095 45.8660039471 45.3885737713 45.121560176 45.8136707969 45.3743243636
0 0 0 0 0 0 0 0 0 0 45.2659430149 45.5950315734 46.2273152021 46.334548421 45.1321462606 46.2837842069 46.3554124655 46.18702802 45.1131943804 45.6518794293 45.5025405061 45.5921905292 45.2279078553 46.0493921693 45.4378663144 45.4632039122 45.9269089404 45.5675688615 61.3574975915 59.5567010289 63.3620207307 46.3226625235 45.2955930628 45.0949252354 46.1238564317 45.4461381993 45.3584574172 46.2055575228 65.3744551729 45.8109318273 60.0314634269 45.9283931911 46.028742268 45.4155753124 45.889075416 45.9497183554 45.6901593223 46.0425142812 45.7297752853 46.084806827 46.3617972826 45.0092487542 45.3155977359 45.645904388 45.9750892621 45.6999513031 45.6765872688
0 0 0 0 0 0 0 0 45.0287006338 45.9980814486 45.9611455358 45.2860054642 46.2169420406 45.7689355928 45.899779425 45.0588146097 46.0215963194 45.185363761 45.0882837966 45.7266619373 45.3056583426 45.978225337 45.0747856236 46.3194695639 45.6183244001 46.1713849774 45.7210412747 45.0570201388 45.08371384 45.1472461205 45.119216118 46.3848754692 45.2105921853 45.4944433318 46.054735339 45.1695991545 45.4996558899 45.5016212237 60.0314634269 45.8491938406 45.3947978875 45.8578542252 45.0641453499 45.5078807483 45.0519602721 45.413602745 46.1406505446 45.1145453385 45.7392002816 45.2634480872 46.0519240267 45.7163904483 46.0807450503 45.2245782256 45.6820342852 45.3859077258 46.3093645221
0 0 0 0 0 46.3555643591 45.5263443477 46.2888954065 45.3589185091 45.9791097091 46.0017654311 45.1865961791 45.7958339923 45.7896711081 45.3126087557 46.401938984 46.332607668 45.6169344952 46.2853500254 45.7231758709 45.0994802178 45.5409830166 45.7517412347 45.8559324622 45.9511434655 45.5308534267 45.5508160286 45.946835768 46.0563531888 46.2580436861 46.4067581029 45.1732216376 45.5869188145 45.9121517125 45.7448012986 46.0165047909 45.2839838044 45.9651649394 45.3785344152 46.2952151694 45.693453862 45.8097398582 46.0840240092 45.9079022372 45.582488838 45.8607363996 45.870894746 45.8357879021 45.2502739906 46.0547184365 45.0804091128 45.6240235308 45.8109493362 46.128392684 46.3662247962 45.6819369542 45.7670820311
0 0 45.7770244213 45.0519584639 45.7647112889 45.9617337871 46.048831336 46.3886226146 46.294343513 45.3646446388 46.0224934483 46.0091179393 45.4260776013 45.7718593121 46.1846771934 45.1100851511 45.8284447395 45.4310669953 46.045141516 45.5019138089 46.2411958755 45.0783287406 45.4882595991 45.7862255033 45.0379073877 45.8403080926 45.12278202 45.3464094417 45.8493858804 45.0225197307 45.4683984349 45.6107537854 45.8927422795 46.2597651437 45.7115438956 45.3808199487 45.4256376964 45.9690961401 45.3385766316 45.5638546153 45.4307761148 45.2470425511 46.2844646318 45.627255896 46.3703893078 45.927676379 45.7455176976 45.2345538226 45.3957877895 46.2991326113 45.4625576095 45.462775769 46.1059058927 46.0359199288 45.726511424 45.4409025406 45.8377922313
0 45.7524924959 45.9659182211 46.2613621404 45.3749739572 45.2158488432 45.408628607 45.9631332614 46.3217304111 45.2478008144 46.3717199861 46.3651819918 46.019876179 45.7225642196 46.1228534019 46.1473995844 46.0910225948 45.0774572075 45.0387210873 46.4069432025 45.9423789698 45.4345526132 46.0119169534 45.6637440418 46.2686209079 45.4269273433 45.3677282299 45.0422233662 45.7101614451 45.8815847887 98.0766084875 45.3788016969 45.5179943376 46.2322866896 45.2450059092 45.5437093474 45.4651345879 45.675488021 46.1377006797 45.6366301423 45.5537880308 46.2984935841 45.9940872412 45.7819082822 46.3509514958 45.433352763 45.933691677 46.0060420112 45.7800424094 45.7367641766 46.1809886401 45.6716052226 45.7873050144 45.6622058367 46.0970270648 45.3320136815 46.3848865232
45.9817036517 45.3264362881 45.8024085484 45.1622894284 45.8370455604 45.7233628941 46.3559897155 46.0391092762 45.2552208663 45.0290982265 46.3829347418 46.1201262829 45.5988558326 45.8869439164 45.0719785337 45.6134083555 46.3529837518 46.3198857463 46.1480131729 46.3634877041 46.4066906537 45.2266617346 45.5104354703 45.3125065651 45.7693900935 46.0925207218 45.3430320333 45.0764386455 46.3013333701 45.7054888339 70.7308285572 74.5171813872 86.8706544938 45.785517635 45.3150231087 45.9425672573 46.2411315432 46.1401657488 46.0907681636 45.9891768837 45.8088552633 46.3688013651 45.2363710081 45.310075875 45.4725109527 45.7281239526 45.4004219163 45.3259264054 46.379833632 46.3918343022 45.1848942354 46.0921704399 46.1918807852 45.4365422364 45.3970808464 45.5044727648 45.4179638595
45.7578778221 45.3604053477 45.3735649279 45.2345055776 45.8532007084 45.5984970319 45.4717794723 46.2105477029 45.811880339 45.4342190957 45.911703136 45.090876345 45.3451333999 45.5386511119 46.1866412252 45.9188497529 46.1355043023 45.776181582 45.652623245 45.477685655 45.2917796696 45.9330381893 45.7854913343 45.980352638 45.2245565205 45.9343029027 45.3717071017 45.7898512119 45.5865355474 89.9687455012 70.7308285572 70.7308285572 50.8565928181 50.8565928181 45.7086355606 45.695767244 45.1748403992 46.0140877171 46.261436871 45.2329877224 45.2892202655 45.1250929706 45.595852145 46.2511415902 46.1816192116 45.38096366 46.3365839672 45.6183477772 46.0944311542 45.3535929254 45.9153857848 45.0797354663 45.4364164846 45.6980458883 45.0633893614 45.1608940342 45.1585235323
45.0302882305 46.3461245375 45.271585225 45.4170256391 45.5330805906 45.6030321856 45.5175121613 45.6023051661 45.7158042331 45.839695488 45.702786573 45.4310567419 45.1229802107 45.1692782729 45.3094441736 45.9399097144 45.5963332153 45.0805174614 45.9240529794 45.5060723433 45.2013302833 46.1562958843 45.422853397 46.0770212607 46.3162576248 45.55764015 45.231831844 45.901880153 45.5757043674 45.5620228502 70.7308285572 70.7308285572 50.8565928181 50.8565928181 45.0327003134 45.9719228805 45.1195871196 45.9287023101 46.3169413991 45.8453152255 45.0802598317 45.571945544 45.2845471582 45.6824210439 45.8613602029 46.244744928 46.1639510378 46.3605856525 45.3052939252 46.395149877 45.6682424379 46.0264003185 45.0264114282 45.2486335939 45.7751274115 45.4325188939 45.4028845885
45.80538068 46.1512292166 45.4179786094 46.0262548351 45.3034635799 45.2960980878 45.3986922623 46.3460524658 45.4944208151 45.8542355543 46.1587702955 45.0675603538 45.9380353528 45.0385288845 45.0707038993 46.2123990882 45.5749070825 45.1619701031 45.771805872 45.9882768415 45.0358951118 45.8123078056 45.6597549428 45.9845232395 46.0766817097 46.4007567293 46.3911921662 45.5133725709 46.3780048879 45.6744955685 87.9128537907 87.9128537907 50.8565928181 45.7885764491 45.0497934877 46.047144388 45.3078398634 45.502595892 46.1514860746 45.0485319308 45.2506675957 45.9053004352 45.5169157313 46.3659936281 45.1921864636 45.2449965797 46.22831805 45.0778680896 45.6328104485 45.5394700331 45.6075331261 45.4838916819 45.2056531978 45.677061251 46.2228175511 46.0199272402 46.1876742959
45.9803649383 45.0207801874 45.6746338875 45.6359333083 45.6133306976 45.905526094 45.4160428686 45.0087089438 45.5511284497 46.0755935819 45.8392190132 46.2732205196 46.3231853147 46.2015212798 45.668739404 45.4804821436 46.204373513 45.6555560599 45.0090030834 46.2124646147 45.3592808014 45.0066810223 45.0261606998 46.1065853866 46.14650721 45.9662645564 45.6636640334 45.265878551 46.0242582991 69.9459604004 45.900133721 87.9128537907 61.4569085869 45.2830420328 46.1630500064 45.1776423728 46.1227371868 45.4405816284 45.1324468645 45.4681621216 45.1037668414 46.2381500632 45.5173595746 46.1524985933 45.0915137354 45.2645944938 45.2264185275 45.5365909875 83.3682865449 45.0986764428 45.2975343394 46.0123301281 45.0858754634 45.8103687633 45.2117809848 45.7601444577 46.2187238333
