Spatial_Output/BAU/BAU_1394.asc
NCOLS 155
NROWS 192
XLLCORNER 196769.923733
YLLCORNER 449719.875193
CELLSIZE 27.603701
NODATA_VALUE NaN
[rows 115 to 137 of 192, columns 53 to 105 of 155]
59.6946014912 59.6946014912 60.2426041431 60.2426041431 32.8658411145 71.674749257 71.674749257 32.571933729 33.2013287969 32.6612203421 32.6615739992 32.7754504613 32.5131292516 32.7756927164 32.573954865 52.3196590455 52.3196590455 53.8339025934 53.8339025934 33.1772371182 32.6395492072 41.9539544126 32.9473933195 46.5540805368 47.5774284973 53.9772507999 32.7720356475 67.0768323285 52.0997202078 81.867382099 81.867382099 32.9357980691 32.5103631952 33.0645435495 55.7675640003 78.5560112874 32.8284050408 65.7858036473 32.6905129412 33.1716707721 32.7149642834 58.1887906816 33.0517385055 33.0911868879 32.6011528609 32.5141209223 32.5828460007 32.6090208944 32.5332834552 32.7893214305 32.6534993359 32.56895447 32.9938271253
59.6946014912 59.6946014912 60.2426041431 60.2426041431 32.9344439401 32.9359396092 71.674749257 32.6531229241 32.8146944421 33.0527149456 32.7821119453 33.1936162963 33.078738165 33.1950596632 32.6596692497 33.1979195695 32.5234409855 53.8339025934 32.5096360261 53.6294763702 33.1312355653 33.0296810474 33.0667860038 46.5540805368 32.7197529896 32.8303780899 33.088130442 32.7262617056 33.0895577358 33.203043987 32.775926189 33.0244168928 32.9090490809 33.1521397785 33.059505085 32.6436589965 32.7413982762 32.8521870549 32.5221709309 49.9067214889 32.6976052152 32.5661999637 33.1029731238 32.6697666972 32.5682485195 33.0764658871 32.8779066784 32.5322066766 32.6948007745 32.6243530858 32.8456297952 32.5364631937 32.9530143714
32.9433589942 33.0290545054 33.0712327353 32.6001926381 32.6304971054 32.8035699339 33.0076677079 32.7706712792 32.6215599879 32.6882955444 32.746160089 32.5540880265 33.2057657755 33.0784198509 32.8574986945 32.9328556306 32.5656785426 32.769773623 32.6938585026 32.8915187342 33.158441865 32.8836066823 32.8059564949 46.6071740904 33.1885006372 32.6984949405 32.7921789086 33.1957421959 32.8696900205 32.6311602444 32.5754436319 46.0894211174 46.0894211174 32.6463100675 33.0805648721 33.0524419274 32.8574203264 32.5254421296 32.5807889793 32.6948735298 86.2470350922 86.2470350922 32.6315358349 32.6848862235 32.6491584904 33.1658317607 32.6264910467 32.8518088289 32.8084636285 32.6250539137 32.5503508481 33.0996658341 32.8036455722
32.8633868962 33.1259996204 32.8643408625 32.5395534224 33.1301899532 32.9060749485 32.9551402998 32.5525483134 32.9068247917 32.8788336659 32.7268758186 32.9740470861 32.5033457972 32.9319825184 32.5860607853 32.6785905696 33.0450923892 32.6675177957 32.757853678 32.8779066544 33.0414773924 32.6000320427 32.5518009348 32.7803411125 32.7561449298 32.6322044575 32.8644485357 33.053296308 32.5504846629 33.0631673291 32.5691803868 46.0894211174 46.0894211174 32.6787888957 33.0516151706 32.9129614669 33.1691743331 32.8310616788 32.8326883139 86.2470350922 32.8842878385 33.0561540596 32.5409623895 33.0882754205 32.9862910978 32.5591745773 33.100641036 33.1790809427 33.2013857446 33.2062228752 32.6826287998 32.8677687441 32.7550152442
32.6627843527 32.7679806593 32.5049208435 32.9007877306 33.0190041036 32.554928467 33.0005849741 64.1472221102 64.1472221102 33.2015383737 32.9975136911 32.7809219655 32.8921359598 33.1665697887 32.9567884675 32.997130904 32.8460645835 33.0505210567 32.5259938496 32.9409991779 32.5253116956 32.7135469187 32.8007749793 32.6056689357 32.8452206126 33.0658537671 32.785196018 32.6012326616 33.141137638 32.5938203932 32.5906362561 33.1036483587 33.0166919591 32.6268496546 45.7469504065 33.0953862672 32.5298079932 33.067626056 32.7730320344 32.5564941028 32.8676869912 32.7158505507 32.6118863262 32.5230808038 32.7140046739 32.6663546078 33.0055852553 32.889163313 33.0197264555 32.8114333461 32.9532461747 32.6853725336 32.7390863656
33.1335033245 32.8783251737 32.9986716769 32.8320092569 32.5924920396 33.1045046777 32.8171817848 64.1472221102 32.7940598148 32.9685131772 33.0812471366 32.6213033637 32.9952797853 32.56477989 33.1453743796 32.7834591958 33.0491453035 32.6377424285 32.8492177198 32.5727793548 32.9060435138 32.6671496963 32.5915990252 33.0076053614 59.5906670439 32.8589795786 32.903504 32.9311167899 32.6386307377 32.5435797021 32.9713920643 32.9046008798 32.504793852 45.7469504065 45.7469504065 32.6253017607 32.7755461048 32.9624492471 51.9058321945 69.3475780248 69.3475780248 32.822202134 67.7628560474 32.8493821151 32.9144834376 33.0743781537 32.6422960729 33.1075687419 33.0116918822 33.1000238894 32.8391133307 32.653623617 33.072275436
33.0697353805 32.9547018575 32.6249522815 33.0606605178 32.5981800194 33.0269342217 32.8874447724 32.66259772 32.6402153232 32.9678715776 32.6918077671 32.762634856 32.8094131505 32.7540093273 32.8730362102 32.8678640408 33.0607456495 33.0496125959 33.1632549419 33.0592524231 32.5499246157 32.7743710007 32.6860448541 59.5906670439 32.9117698153 32.722772152 32.6112450612 32.7879373217 33.1394316089 32.9853327983 32.6242903351 32.6291027061 32.683105403 45.7469504065 45.7469504065 32.8396896579 52.7306590002 52.7306590002 47.5698895256 47.5698895256 33.118026073 32.8207644378 67.7628560474 33.0327258117 32.5807427275 32.6779620259 32.5052419589 54.5088924369 54.6811417034 70.0405948569 70.0517308136 32.9728971598 62.5464848985
32.5996002225 32.7909287036 33.0101135381 32.7796852454 32.6607175727 32.5523005269 32.7703579862 32.5932830641 32.9603494059 32.5884164776 32.7151388542 33.1970594803 32.9061691224 33.0049570072 32.7453402091 32.6028021201 32.9197515449 32.7860369244 32.8038627653 32.7491930499 32.5240600316 32.6309847362 32.5985191536 32.9804172704 33.119567167 74.5667380378 32.9971004009 32.6614495048 32.902341855 32.7777551029 33.1286227187 32.653593921 32.6510650922 32.8858949349 33.0021723035 32.5593608912 52.7306590002 32.5627600783 47.5698895256 47.5698895256 33.1487891321 67.7628560474 67.7628560474 67.7628560474 52.2370010724 52.2370010724 32.7977864165 54.5088924369 54.5088924369 70.0517308136 70.0517308136 60.0538190766 62.5464848985
33.1982209758 32.7524359659 32.5810666424 32.9494115658 32.75536148 32.8662104701 32.7398658643 32.7867464152 32.9347982733 32.9254066192 33.148135229 32.5974630785 32.8204609847 32.9835281079 32.9035375563 32.6606352378 32.5422402759 33.0819475437 32.8867202296 33.1940941002 32.9942611342 33.0677541746 32.5342137558 32.9836873005 74.5667380378 33.0174016772 32.7181213194 32.7653637384 32.9390420411 33.2066318992 32.8134979196 32.7078624493 33.0068261344 32.7721640067 32.8553443051 32.6625506469 32.8923823222 33.2045328801 32.617830684 47.5698895256 33.1898195189 65.4923369749 65.4923369749 32.5992993161 33.2032621278 52.2370010724 32.6532868431 54.5088924369 33.051326821 70.0405948569 70.0517308136 32.88079768 62.5464848985
32.6791016328 32.9672879289 33.0428038032 32.6028073493 32.5426989207 32.9426778642 32.6773814241 32.8572083926 32.9803529121 32.5915446054 33.0232567821 32.6290923349 32.8783362623 33.0780481937 32.8106846829 32.7615661408 32.8777968876 32.732460722 32.899454988 32.9896955574 32.9466869844 33.07072742 33.0445914048 33.1380334271 33.1780509752 32.5438418501 33.1800878346 32.8636681593 32.9413185899 32.5291383425 32.7272800768 32.8522066091 32.6728351435 32.900661484 32.7221250266 32.7388054126 33.0190387113 32.55027773 32.6824237918 33.0098295907 32.844722234 65.4923369749 32.562272592 33.1924888527 32.6716916137 33.129489778 32.9358901752 32.8427007898 32.8362148914 32.6023093655 32.7521728056 32.8371849762 33.0916925377
33.0185193922 32.8372412978 32.5142937497 32.8817333966 32.9074173117 33.0475548007 33.1065991057 33.1817693983 32.7853088479 33.1351779797 32.742781584 32.8473547068 32.8217163927 33.0956961728 32.8498063258 33.14224397 33.0221006749 32.7752892681 32.5007670566 33.0329819097 32.6021019084 32.6494758565 33.1922488285 32.9030097777 32.8079080184 74.9718761863 32.9735576999 33.1729541287 32.8519269596 32.7292570744 33.0555125164 32.5240921265 33.1502560566 32.5952093871 33.073263627 33.1468430837 33.0414966845 33.0111230818 33.0786713944 32.5636290505 32.7002097617 59.5119514252 32.5694120861 32.5931377987 33.1325148367 33.0948415638 33.074140312 33.0791737199 32.8453842567 33.0883142795 33.1663547711 32.7328524727 32.5250160551
32.8421489049 33.1285923097 32.8461035077 33.0076279238 32.6096228606 32.6002103045 32.5166401916 32.9458276362 33.0230163488 32.9815189931 32.9978478461 32.616297859 32.8412542594 32.9634600547 32.7003088061 32.6941020472 33.1320803354 32.8224412931 32.8845205402 32.5548281737 32.931669271 32.6193435128 32.9623329966 32.5955561865 32.5892642538 32.815177611 32.5752333858 32.9560341494 62.7413355467 32.5562601474 32.5220916881 32.7912961449 32.5635064069 32.7350299308 32.8312068205 32.5230822194 32.6587445807 32.5236836725 32.629736121 32.5230332516 32.6059838481 33.0748403742 59.5119514252 32.7675782758 32.6085959182 32.91748022 32.6070318306 32.6115127567 32.8283460036 32.6968095341 32.8916111756 33.1427782799 32.8866565313
32.714184245 33.1061683949 32.615171937 32.6447398338 32.7579890922 32.6456803489 33.0253714971 32.5331060383 33.1973744916 32.6652860358 32.6698422145 32.5358232751 32.7856387658 32.6728194831 32.6593579003 32.8258412652 32.740681416 32.7377815899 33.128023186 32.6831715569 32.501416393 32.5837733192 33.1482196809 32.7695767302 32.7864798739 32.5447981943 33.0431121242 33.1872684452 62.7413355467 32.783413223 33.0669746816 33.1986960854 32.7650438773 32.7885779213 32.8647683876 32.7405388119 32.5668346137 32.7523825607 32.8676081077 32.7484737161 74.1753276695 74.1753276695 74.1753276695 32.6162629586 32.6738682938 32.7602528637 32.5235054959 32.9062990132 32.6174280745 32.5735590797 32.9576411653 32.509984657 33.0741529607
32.9027414287 33.0022254728 64.8595616508 64.8595616508 32.6694012867 33.1212559839 55.4027827838 32.8724364316 32.6283808402 32.609094451 33.1614192029 32.9854521969 32.6068679513 33.0760792949 33.0168349236 32.884734127 32.9155058081 33.0920157538 32.6467128492 32.6564410413 32.6863056439 32.5067764332 32.9329956634 33.048961068 33.1235530214 33.0958584577 33.1364536501 33.0153485646 32.6263462764 32.7897943138 32.778444018 32.9117075947 33.2003214336 32.816685016 32.7975023845 32.8990101211 32.8392157577 33.2055992468 33.1931920947 32.6459193327 32.63323546 74.1753276695 59.157592026 74.0912417873 32.7911751275 33.1045820352 32.5574204199 32.9734958877 32.5373892083 32.8988638008 32.8733580976 32.8631931617 33.1322278496
32.5129933794 64.8595616508 64.8595616508 64.8595616508 33.2047124243 32.8361318343 33.0400512301 32.9173758072 32.8241565105 32.9358921564 33.009780246 33.0429571506 32.6591437465 32.5125835217 32.7288731632 32.551465413 32.7023577134 33.1497162189 32.7446428591 32.8889159296 32.5522861521 32.6806895845 32.9516159945 33.1479357174 32.7891344872 32.5680369432 32.9558545296 64.8793915371 64.8793915371 64.8793915371 32.7514119642 33.0315102443 33.0154936482 32.6235778034 32.8874128473 32.8399638923 32.6146036079 33.0441213908 32.5263856586 32.5860441898 59.157592026 59.157592026 59.157592026 59.157592026 33.1147686986 33.0437212668 32.555442852 32.9990351645 32.8902023858 33.0946266387 32.7680744287 32.8376753063 32.6016627123
32.9627680083 32.7697564832 64.8595616508 32.8543047693 33.2035463116 32.5529802845 32.5427927344 32.7660429269 32.967724002 32.709306876 33.0257273599 32.6944189678 32.7937402964 32.8829003099 32.7583887848 32.6114220335 32.9065931556 32.7348806751 32.6866343025 33.0399635344 32.7229493296 32.8233542083 32.919905679 32.7219010768 32.665093358 32.5709806749 32.6187700135 33.074932189 53.0714138067 32.6115033017 32.6884450265 33.0530040312 32.7384426589 33.1896579564 32.9090077956 33.06417754 33.1326930505 32.7405765958 32.8336950186 33.0937585777 32.8475033884 49.6909869929 49.6909869929 49.6909869929 32.8517867077 33.0863129245 33.1401513708 32.507877907 32.6227888598 32.8778043042 33.0787095152 32.8525790873 32.5255083509
32.8217757912 32.9707923241 54.6811769547 32.9463932045 49.0465793746 49.0465793746 32.8315668401 32.9565428826 32.6916345906 32.7488799302 32.7503918064 32.9856003055 33.1688806579 32.7610763675 32.9146849491 33.1873036514 32.7104516351 33.1381241401 32.6458874429 33.001740501 32.8604416852 32.7778153771 32.9454098916 32.9829104639 33.2047838296 32.9895136988 33.1310592833 32.7340249748 53.0714138067 53.0714138067 33.1793553924 33.1213532428 33.1529454274 32.5173032884 32.8335575776 33.1231161338 32.8971336615 33.0427750564 33.1025453528 32.6678030992 49.6250121269 49.6909869929 49.6909869929 49.6250121269 32.7314042865 33.1466046769 32.5437045361 32.9520611968 33.0803848138 32.5139369183 67.9421702843 32.8599136527 67.4348803028
32.9136938117 33.1535500543 54.6811769547 54.6811769547 33.0523457501 32.9683579227 32.5348844991 33.2046640399 32.8152001357 32.6143411064 32.6296379243 32.6907603815 32.8828738697 32.87155417 32.7219718148 33.1433097095 32.507152472 32.6442897551 33.1277187613 32.8956731214 32.6429779417 32.5504049021 32.767545791 32.8718048318 32.6034683878 32.8042595442 32.6719499583 53.0714138067 53.0714138067 32.9332018177 32.622807286 32.6446041507 32.6343313238 32.7581710108 33.144714362 33.0274227974 32.9678234266 32.6425393342 32.811523719 32.9634957963 32.7725051362 32.7310604658 33.08974354 32.8275910024 33.0546345485 32.5524689505 33.1453688123 61.6401115169 79.6989246016 79.8911847416 67.9421702843 33.1225455107 67.4348803028
33.1609456042 32.9074259163 54.6811769547 54.6811769547 61.0779828276 61.0779828276 33.0593189553 32.791506627 32.8269774587 32.7121530394 33.1253345009 33.196955677 33.1365027985 32.7496104359 32.5923206471 33.1630045355 32.9377684474 32.8035528936 33.0741887952 33.1861408886 33.0400002868 33.1307766786 32.8231527969 32.9235520369 32.8247932373 33.0373412012 33.1494745664 49.2157769607 32.8125741957 32.5658791204 33.0781212342 32.7815016727 33.0523876463 32.9252725836 33.0197047641 32.5490954853 33.0676801072 33.1049971116 32.5000651223 32.9124310685 32.9724473345 32.9871286496 32.5536463682 32.7641389755 32.6465214066 32.9501755855 32.7706453696 32.8547372282 79.6989246016 67.9421702843 67.9421702843 67.9421702843 33.0562994097
32.50110874 32.9520924272 32.5987456502 61.0779828276 68.8158532697 68.8158532697 32.5895868309 32.7598114491 32.7148680138 33.1138462106 32.87860495 32.5481008714 32.5292367908 33.0251889683 32.8642810996 32.6943836619 33.16523593 32.7149289837 32.7673843808 32.9509314494 33.0170591178 32.6668235338 33.119095458 33.0366933326 32.5726507579 33.0116328848 49.2157769607 49.2157769607 33.0896959816 53.3825101146 32.8966284297 32.6485906531 57.0660660532 51.6217817084 51.6217817084 39.3768333684 39.3768333684 47.845604433 33.0035657741 51.4904403501 51.4904403501 32.9059320516 32.6221809714 32.775011765 32.716596075 32.9353616458 57.1495263098 57.1495263098 79.6989246016 79.6989246016 79.8911847416 33.1714889329 33.1867570798
33.0292485631 33.0175666898 32.5417621977 32.5764760503 68.8158532697 68.8158532697 80.0769158069 32.6906796323 32.8264651971 32.7441058885 32.9779997251 33.0881462509 33.0209847689 32.8868030559 33.0698445687 32.7380098371 32.627010303 33.0375191161 33.1313742383 33.1479118282 32.7608532226 32.9042800745 54.4591682482 54.4591682482 32.5135207019 54.510306419 49.2157769607 49.2157769607 55.7465584789 32.8912768292 32.7286554644 33.0141566097 57.0660660532 51.6217817084 51.6217817084 39.3768333684 39.3768333684 47.845604433 32.6259202291 51.4904403501 51.4904403501 32.8827292015 33.1631030574 32.5155528422 32.7810889764 33.031314479 32.787242474 32.7811068644 33.0515003834 32.889338032 32.6764205829 32.5743219435 32.5209090345
32.8015213784 33.1668930466 33.1874251103 33.02315889 33.1056242334 50.7570055814 50.7570055814 50.7570055814 32.9033808115 32.5960807955 32.7302104544 32.9303715898 33.1819983955 32.7687259524 32.5279976933 32.6313321937 33.0450665224 32.5878930509 32.5407488847 57.6024384255 57.6024384255 32.6390713657 32.9667430049 32.7932652994 33.1984225951 33.0578862809 33.0324516439 32.985884456 32.9415766322 32.8908468589 32.7325792059 32.9454735102 57.0660660532 51.6217817084 39.1679410061 39.3768333684 32.8042598779 32.8168960521 32.8443925313 32.8774565059 51.4904403501 32.8399967054 32.8175379433 32.8805583026 32.9264658903 32.9564421346 32.9629513843 33.0613071329 33.0898006916 33.0831985582 32.7552601832 33.0185034544 32.5892766682
32.7689055847 32.8755218613 32.9303312231 32.6534251856 33.0329139978 50.7570055814 50.7570055814 33.1309877438 32.9744659362 32.8328567256 32.5535563859 33.2034614886 32.7054081922 32.8067854221 32.6796118806 33.0822829098 33.0671495775 33.176529591 33.0595734262 33.0988179031 32.5970651954 32.5249969318 32.5136279395 32.7216873988 32.9238646155 33.1616072552 33.1362300951 32.7265629912 33.1792616523 45.9447063534 45.9447063534 32.859445626 32.5051293018 33.1006449952 32.5861273716 32.6491128306 33.113660315 33.01636402 32.7435191369 32.9800087399 32.8507105281 33.1979316949 32.7370148745 33.1977945519 32.8353811397 32.7324613105 32.7869484613 32.819774823 33.1760779041 32.5362019786 33.1178055332 32.8005683587 32.8462746236
