Spatial_Output/BAU/BAU_0491.asc
NCOLS 155
NROWS 192
XLLCORNER 196307.867259
YLLCORNER 449144.565805
CELLSIZE 33.573938
NODATA_VALUE NaN
[rows 100 to 124 of 192, columns 57 to 113 of 155]
27.2245944042 27.7282169792 28.0112683515 27.587137749 27.7420034744 27.8743826341 27.6146883318 28.1638873225 27.9128579006 27.3067986196 27.7223280619 27.1635090038 27.9604020096 27.4936333521 27.3964912397 28.0477025071 27.8536995997 28.0511135757 27.7969719985 47.3906653726 63.3169651098 47.3906653726 28.2323360271 27.2089716223 27.6651249848 27.3840712096 27.5331512458 27.7439110519 28.1667672273 27.3340644845 27.0908736766 45.3288706548 45.3288706548 45.3288706548 28.2129818038 27.0397904417 27.3324699624 27.7806619798 27.1114026043 27.5559019372 27.5174452362 27.0304718629 27.1235687654 28.0947126874 27.6096592566 27.094455006 40.2465929013 48.7520541938 40.2465929013 28.375051258 27.4290094718 28.0391021647 27.9603875293 42.3533714358 47.964061325 63.2114022306 63.2151389999
27.9114259226 28.3863300138 27.3596364016 27.2622110647 28.0016050633 27.0039390142 47.1193677684 28.4130753094 28.3060456745 27.5699048031 27.3608804224 27.2544806251 27.5325373056 27.2375868684 28.3545215227 28.2124495019 28.0125442685 27.3563449652 27.9079446551 28.3221230227 63.8527074484 27.887550346 27.2006644442 27.2898688508 28.0342748384 27.6477791908 28.1972626327 27.5106528347 28.3421378237 27.5608408743 27.5776398371 27.0254246825 28.2422212192 27.7950683283 28.3759055341 28.2399939467 28.0861012312 27.3454454512 27.281153882 28.2090929521 27.2425379443 28.1331957584 27.6592259534 28.4025866871 27.7755714224 27.4666062292 56.1661066617 40.2465929013 56.1661066617 27.7328494267 41.1015105745 41.1015105745 42.3533714358 42.3533714358 47.964061325 47.964061325 49.7712464119
27.391041451 28.3679818185 27.7211829302 28.3980332639 27.0567610907 27.0934840664 27.9390495647 27.9493837884 47.1193677684 28.2205296282 27.7246984687 27.3423100233 71.6791300438 27.0877137421 27.7718395514 27.7218059145 28.354894438 27.3659989747 27.115187484 63.8527074484 63.8527074484 63.8527074484 27.8682387458 27.0444032657 28.2145736442 27.8556530964 27.1337715526 27.199782963 27.3857263822 27.1213070203 28.1921613416 28.1090299485 45.3580622976 28.2447889288 27.2441461638 28.136649534 27.1408685724 68.5623785236 27.7303208401 49.1535744459 27.1839918616 28.1406153256 66.7809219193 27.4663632895 28.1692731094 27.4321910414 27.7202975315 56.1661066617 27.7106046095 40.9831040779 41.1015105745 41.1015105745 44.4554496161 42.3533714358 47.964061325 28.1652234414 27.2203572089
27.6333119304 27.9644234333 27.7010963225 27.874330573 27.296805005 28.0894101891 79.0479482393 79.0479482393 27.7813764322 28.2362417213 27.0677868364 71.6791300438 71.6791300438 64.7915712352 41.6549024368 27.5817664251 61.6923484266 27.2509798371 27.8955922654 61.6448759112 63.8527074484 61.6448759112 27.1431569394 28.3492353937 28.3913478028 46.9769382382 27.1961391682 28.2634441181 28.0946912444 27.3613967707 27.2933340454 27.9852634345 47.0876642867 64.2824340926 27.3755617842 49.4653050735 68.1387317628 51.5853814453 51.5853814453 49.1535744459 43.5671783509 66.7809219193 66.7809219193 28.246317124 27.0732165685 27.1816228294 27.0122056555 51.4089086036 27.8812715766 27.4775930962 40.9831040779 41.1015105745 27.5438496247 27.2168194619 28.1255899449 28.1928781242 27.1212986309
27.3112867347 27.5221373707 27.7253024912 28.3867679512 27.1801324526 27.3242807191 79.0479482393 27.1573864515 28.2697991563 27.6915669724 28.1246494821 71.6791300438 71.6791300438 64.7915712352 64.7915712352 57.2726399711 57.2726399711 53.7314543192 27.3607440622 44.4924191412 44.4924191412 27.8590533923 55.8484401573 63.1111129031 63.1111129031 72.3767162604 53.0086851339 53.0086851339 47.4151986195 47.4151986195 42.5298226162 47.0876642867 28.0025447004 64.2824340926 64.2824340926 27.9564570878 68.1387317628 51.5853814453 51.5853814453 49.1535744459 43.5671783509 66.7809219193 66.7809219193 28.2446620787 27.1494589208 28.308270971 62.4832018583 59.1117751516 59.1117751516 27.6654195904 27.5621779325 27.4821262778 27.6548693355 27.663195873 28.0737902185 28.2053160181 28.191162333
28.0276345884 27.4411918127 27.2647121129 28.3630195982 27.4949405621 27.2458168404 27.9094312981 27.2942876271 27.1369398281 28.3323293417 28.3072624004 74.108996005 61.3053830584 64.7915712352 41.6549024368 57.2726399711 57.2726399711 53.7314543192 53.7314543192 44.4924191412 44.4924191412 44.4924191412 27.1513606647 63.1111129031 63.1111129031 53.0086851339 53.0086851339 53.0086851339 47.4151986195 47.4151986195 42.5298226162 40.0136052377 40.0136052377 40.0136052377 40.0136052377 27.1718957061 27.4220335575 68.1387317628 58.9739465153 27.0674705759 43.5671783509 28.3832633354 27.4520558875 27.2139199049 27.1284067555 27.372808191 59.1117751516 59.1117751516 59.1117751516 27.7265469696 27.0600702588 28.0481390476 27.3777356567 27.5833477905 28.0926232755 27.099232396 27.1366297682
27.419287655 28.1632467123 27.5034451647 28.1445966874 27.6859090329 27.3076435307 28.3501567891 27.0851868662 27.9390579096 28.4084291332 27.9214581944 28.1730065583 28.3429931958 27.743470854 27.1939081177 57.2726399711 27.7621865979 53.7314543192 41.8322052199 41.6873866682 41.6873866682 61.8337978853 55.8484401573 63.1111129031 63.1111129031 72.3767162604 65.8384622734 59.8277137992 27.900341441 47.4151986195 48.528816627 27.4302901614 40.0136052377 40.0136052377 27.3713441462 27.9605449524 27.5700972543 28.3140282636 27.0862517622 27.4816370378 27.7957039971 28.0191690239 27.9857799888 28.3981871961 27.3822575287 28.4015649649 27.1547765876 74.4069101582 74.4069101582 27.2917743776 27.4865560536 28.0925127416 27.9852195741 28.1218144273 27.0770730488 27.1231460141 27.1564637571
27.4402209775 28.0972786592 27.596189776 27.256625249 27.2205247341 27.899951236 27.6323814075 28.274920907 28.1361607928 27.3268245609 28.0995827525 27.445031191 27.3258762852 27.7033856472 27.256430992 27.0656698789 27.2479813742 28.2677624011 27.0132850061 41.6873866682 41.6873866682 41.6873866682 27.1888172749 27.9889603667 28.2448498705 28.2472375818 28.2397546567 27.1172707739 27.5700897553 27.582372615 27.5991421643 27.82821532 48.6369796546 67.9550231404 48.8242003442 27.1322402058 27.9560328326 27.9234445695 27.1710599966 28.1992386365 27.1454827899 28.2948377197 27.7664035975 28.2923893114 27.7995168737 27.6937077774 27.1996745833 74.4069101582 74.4069101582 27.0500787486 28.4139425727 27.4701527519 28.269775268 27.336446917 27.6349447033 27.908948967 27.1508991735
27.7854472865 27.9297430252 27.2683199237 28.3681512764 27.9719524644 27.6999646593 27.5230078583 57.5145340078 28.390894792 28.2506682181 27.4712835276 27.523419329 27.5587030596 27.4324487299 27.7028933599 28.0832284248 27.1396820291 27.5967613631 27.1904802464 59.7405876802 41.6873866682 27.7021454773 27.7352511418 27.3366351641 27.436303858 53.4790870812 28.2594155792 28.3857794804 27.5794526275 28.345377238 27.4279565657 27.5011043433 28.3699150575 27.1392459165 28.3727597273 28.0780639056 27.2327285045 27.9765249193 28.0705578014 27.5913645537 28.2281377427 27.1590589099 28.1926862162 54.0481936455 28.1269889817 52.8321285843 27.2332513506 63.5954887945 43.2931719517 27.9349081379 27.8231491222 28.2943000928 27.7202331964 51.0866657455 27.0586575712 27.616606314 27.1237898918
27.1568419292 27.6010898266 28.0374665742 27.1541864474 27.7906151489 27.9745436802 28.1846364795 55.3578856924 57.5145340078 27.0714208667 28.0452217147 28.3090019773 28.4076717902 27.234045443 28.4129273506 27.3598992005 27.1887023769 27.9201239797 27.023472797 59.7405876802 59.7405876802 59.7405876802 28.1073101932 27.1039986608 53.4790870812 53.4790870812 53.4790870812 53.4790870812 27.4753763285 27.7432550883 27.3910935399 27.2884839888 50.4152368782 47.1169223852 27.2512660451 27.9878103351 28.2361461827 62.486882418 55.4702614125 47.3309981617 47.3309981617 27.2062283148 27.9131431271 54.0481936455 54.0481936455 52.8321285843 52.8321285843 60.3204801192 60.3204801192 60.3204801192 40.6254565791 28.2182427427 27.3926902039 47.7104716815 27.3853098399 27.2934361702 27.1506825949
53.5079005569 47.9529610604 28.2815019137 27.5703696463 27.6303499249 27.2983435804 55.3578856924 55.3578856924 55.3578856924 27.5418536554 74.0616444564 28.4136140141 27.9406394171 66.1761115892 28.0713276458 28.0329849194 27.0072970489 28.201901352 50.3857376345 27.2605846884 28.2476221332 27.4980605311 58.0032725668 27.4129638163 27.7641705844 27.0644347891 27.4093373509 27.328085896 27.7404071174 28.0526102023 27.7025684068 27.4922768207 28.1373584387 47.1169223852 47.1169223852 27.1806164778 62.486882418 62.486882418 62.486882418 47.3309981617 47.3309981617 27.510180847 27.9593020439 54.0481936455 54.0481936455 52.8321285843 52.8321285843 60.3204801192 60.3204801192 40.6254565791 40.6254565791 27.8303485255 47.7104716815 27.8294761405 27.6099154875 27.289021546 27.9859608753
28.2139243763 28.084340858 60.3529611191 27.9144101781 27.1385002224 27.5162263817 55.3578856924 55.3578856924 55.3578856924 27.8312932656 74.0616444564 74.0616444564 28.0606544587 27.8501363219 27.2387726451 73.1620272406 27.487704195 50.3857376345 50.3857376345 27.770409085 27.9052121723 27.3706438846 27.7926550538 27.6238677175 28.2850649213 28.0881978828 27.454229127 27.3694441132 27.7558131634 27.2991192663 27.3286961895 27.2440061761 47.1461292998 27.4428485116 47.1461292998 27.4660273175 27.5842688208 62.486882418 62.486882418 28.0047366461 47.3309981617 28.2756365792 27.7584703421 54.0481936455 27.2484301545 52.8321285843 28.0428345294 27.7793975972 37.4809183494 27.0328360751 27.7013149841 27.7607109396 28.0311589587 28.0560617662 27.4976472395 28.0380674441 28.0358102284
44.6333102955 27.4527666123 27.6828523386 28.0587801902 27.6661817756 27.7954193723 58.7127332657 58.7127332657 68.3272334647 28.0799102393 74.0616444564 74.0616444564 27.6044092794 27.7826959845 66.1761115892 72.741915394 73.1620272406 28.3239930262 27.6143601962 27.5076251605 27.9641238335 27.9655623237 27.4159457094 27.982824533 27.9787758233 28.3525780765 27.402676469 27.7627589347 27.5495422647 28.2283417107 27.8815188702 27.6076032925 70.9347821025 70.9347821025 27.1517648935 27.9445443272 28.0606485221 28.2145875774 28.0309387375 27.1188771102 27.9528196229 28.0233374692 27.1441271384 27.2495519797 27.1051685861 27.7047396704 28.1915019653 37.4809183494 37.4809183494 37.4809183494 28.0661981271 27.4373735759 28.002642599 28.0939064502 27.0421346605 27.8318079187 27.800895226
28.1851956622 27.1952276452 27.6313811824 27.6484591677 54.5455739881 27.29516994 60.7494450379 28.1209793793 60.7494450379 28.1073729579 27.2250494464 28.2234000806 27.7585260547 27.8064997553 27.587745664 27.8092371169 27.4937568946 28.308324128 28.2575162482 28.0652149732 28.1338359137 27.0358248773 27.6024915719 28.0222180073 27.9943573601 28.3678087453 28.1421133804 27.2088913244 27.771435762 27.1458641664 27.4454626444 27.1124393269 28.3885669291 27.1909520234 27.8277723434 27.1359315581 28.3573790239 28.4074917652 27.203162208 28.3678272519 27.0200904719 27.4360785995 28.2303364339 27.1632202628 27.4042295704 27.7919798311 27.893181407 37.4809183494 37.4809183494 28.3520978289 27.9705985095 27.5564317976 27.9647909487 27.4650695235 28.1305187102 27.1400369849 28.1169242675
27.3509386557 28.2942767101 27.5189836128 28.2391329951 27.2665992384 27.1957983933 27.3263836195 27.8916666558 27.119045796 27.141505221 27.956231592 27.6104614951 28.1778981271 27.9013026686 27.4186371921 27.9966291459 28.2886969762 27.6584114477 27.6204384907 27.113316953 28.379463198 28.1781844675 27.763930189 28.147146153 27.0014368032 28.1384449829 27.9494865523 27.3991032809 28.3102285221 28.0266500969 27.3357297425 28.3887549697 27.3748244209 56.3762120957 56.3762120957 56.4809495869 27.7794133496 27.3262376534 27.166179183 28.3257441107 28.0694342895 27.553563866 27.5588476862 27.8370504354 27.87832373 27.7651924946 28.1907587265 28.2404328733 49.597955956 27.1460676218 28.0032626462 27.8095977225 28.3469628224 27.5503982354 28.2560101132 27.7366425731 27.2604263948
27.6290523555 27.4516527182 27.9419060537 28.4138417695 27.1282898441 27.6643544534 50.7796667524 28.3254993572 27.0087337172 27.3999820712 28.0857931788 28.2728829366 27.8159358078 27.1356444405 28.2058158324 27.0310365843 27.2958449411 28.0585891149 27.5247041894 27.2078487805 39.442689192 27.1662770551 28.2647299125 55.8786576141 55.8786576141 27.8237081845 27.8857910429 27.0631394465 27.769360102 27.5139112215 27.2080736093 28.3140803232 56.3762120957 56.3762120957 56.3762120957 56.3762120957 28.0205026583 28.2051074842 27.2403113251 27.857660991 28.2072077434 27.139290431 27.4967622679 27.6079839005 27.8362003579 27.4015103774 27.0768227688 49.597955956 52.753166674 49.597955956 27.0034864848 27.3406808903 27.0651452856 28.0261853889 27.9167779359 28.0326343247 28.3137429509
27.5754715816 27.09129427 27.1520484972 27.2288883774 27.0170514548 28.0329860082 50.7796667524 50.7796667524 27.5442532946 27.0381946292 27.0599856254 27.8354483259 27.5862032441 27.6796635154 28.1854047275 28.3980047428 27.1587502657 27.822013179 27.9873276194 49.0737078568 27.1688004744 27.9477863859 27.2819630917 55.8786576141 55.8786576141 27.7672797552 27.0274480554 27.3104782638 27.7378871546 28.2108450838 27.6562488051 27.5351576274 27.2823153861 27.6444416038 27.0668855864 27.8164245867 27.1269624258 27.8667171098 27.9160967953 28.023086945 53.9680596445 28.2605593577 59.2697358285 27.4240966958 28.1142437123 57.2826842696 27.3049203757 52.753166674 52.753166674 52.753166674 27.1069002608 27.6678175434 28.1703459084 28.3867767454 27.474351938 28.1407306825 27.076849966
27.3211819314 27.7070892578 27.0602525756 27.447657559 28.3588545506 28.132526295 27.73925431 28.2125161825 28.4011959242 27.5695034376 27.6591407661 27.4789792139 27.1401001055 27.7809489098 28.1691829394 27.1855396109 27.6673603276 28.0115359673 27.8552664146 55.7670313654 27.6285810451 27.0277355455 27.2979660236 28.0912650083 55.8786576141 27.8538277783 28.3966574016 28.2864037794 27.8292578599 27.2102149209 27.86851344 28.3674425334 28.1531780253 51.4533284749 47.0250782938 27.0784155289 27.2624169164 28.0061855188 27.9776799467 53.9680596445 53.9680596445 53.9680596445 59.2697358285 28.4074307646 57.2826842696 57.2826842696 27.3243127751 27.1492990265 43.7879103708 27.5977502639 27.9504051168 28.0175373859 27.1593398637 28.0200614228 27.1486971328 27.7926981126 27.7773487971
43.6640659026 27.1297439849 27.9403764107 27.333212099 49.1702309555 28.0843841495 27.9677435128 28.0167196816 27.3169776502 28.0855478441 27.4954243249 27.5535408489 28.359829943 27.4766560238 28.1460555441 27.4120687916 28.13423463 27.242671695 27.7343611353 28.228405491 38.9583950556 38.9583950556 50.5835163158 28.1866036001 27.5834028407 28.1366787021 27.1503769032 27.1846379547 27.5766069885 27.2461493903 27.9349813822 27.0813066695 27.3057409671 47.0250782938 47.0250782938 47.0250782938 28.1376801037 27.9905655859 27.8326515119 27.8057613379 53.9680596445 59.2697358285 59.2697358285 27.4917370411 27.434001808 57.2826842696 27.3907936159 54.3010551986 54.3010551986 54.3010551986 27.784215251 28.2029931631 27.7128325627 28.3501949474 27.3203740446 27.9011706156 27.8420941731
43.6640659026 54.8391320901 28.0670275846 27.059599601 28.324476687 27.0361666082 27.2064706528 27.7053516226 28.1676669946 28.0872291171 27.696134141 27.8573890529 27.2571362995 27.9021840328 27.6169885269 27.2093331325 27.6787158918 27.9298103485 27.1549380253 27.4470298581 28.3614162945 27.1243648323 27.9652185489 28.3667772938 27.7720257604 27.7231699004 27.7193221341 28.4042351988 27.6781991499 28.2020960092 27.3783931371 27.0415337904 27.8508056933 27.7282044372 47.0250782938 47.4547327167 27.6262461411 27.8051192292 27.1365679882 28.083217106 27.4478395545 27.1466701265 27.0230484399 27.5499415069 27.4110267715 28.2341482697 27.4920088648 54.7090539953 54.3010551986 54.3010551986 54.7090539953 28.2854260161 27.9543578098 27.7738678305 28.3524165311 27.4065867539 28.058378952
54.8391320901 54.8391320901 27.3713822392 49.1702309555 46.5118797219 46.5118797219 46.5118797219 27.9444838621 27.2215117429 27.0579025408 27.2897308324 27.81073108 27.0661646348 27.3207593941 27.6385551347 27.7628268175 27.8078812731 28.3067315869 28.3093952923 27.169319584 27.9067809392 28.2716192092 28.0658164132 27.4939360905 27.7371834001 27.3159258281 27.4117498961 28.2119963905 27.660246094 27.9190657007 27.3376867765 27.037501224 27.7228654911 27.3988753509 66.6178461375 27.0206745274 28.3748102916 27.1528579343 27.5763713867 27.546231452 28.2723543859 27.8862976641 28.3045365925 27.1566583845 27.7321797141 27.4821281535 27.7342668477 53.348021922 53.348021922 27.233179496 27.5911776249 27.4049410847 27.747829557 27.0211894743 27.0132067485 27.3183514985 28.1875563653
76.3662329016 76.3662329016 76.6020647514 28.3321014283 27.4288198194 46.5118797219 28.3572069709 28.0104230532 28.1203532723 27.5570462604 27.4515253969 27.2782606739 28.3802731195 27.5406640259 27.2685198507 27.7957478635 28.3743534523 28.1837719737 27.4376013182 27.7188492535 28.2933265034 27.9726623756 64.83398237 64.83398237 64.83398237 27.6238124787 27.4746392397 27.6865243383 28.1557296784 28.2018464567 27.931706594 27.5703567529 28.033357023 66.6178461375 27.6238193752 66.6178461375 28.2843828994 28.2934080017 27.2219303436 28.4008853949 27.9222996461 28.0403274502 28.3156488093 28.0865115512 27.2278278462 27.7698702039 27.1459233019 27.1310928833 27.7904136585 53.348021922 27.9584358422 28.2927381667 27.4875402463 27.9687647634 51.913216198 59.1884962672 59.1884962672
76.3662329016 76.3662329016 76.6020647514 28.2866083188 27.592483186 27.2791563166 28.0609373431 27.6888518795 28.2045085179 27.8419630483 28.357334983 28.1945902432 28.2619169551 27.2535838597 28.200866565 28.4106566027 27.9772502196 27.9893500989 27.5164529711 27.1609421907 27.2154003817 27.3945546895 64.83398237 64.83398237 28.2104161874 27.0433026561 27.6619477613 27.7342367332 27.9242340424 27.9782083457 27.3147449107 27.880861941 27.6480752836 28.1873461042 52.3394155824 66.6178461375 27.1682890669 28.168653808 27.2506991368 27.6524628119 27.9886536313 28.1268188322 27.971257498 27.1065277565 28.0882302533 28.1246927806 28.3876370246 47.328180567 27.2340189107 28.1456946087 28.0213968937 52.687192473 49.3390731256 27.9805786093 51.913216198 59.1884962672 59.1884962672
27.8564980657 76.6020647514 76.6020647514 28.1054932285 28.0279241686 27.4725967577 27.4727358355 27.2827949136 28.2543175768 27.5818322296 27.7379684583 27.1422694069 27.8938414166 27.20269301 27.3359285087 28.0169440555 28.4029814582 28.1829696533 27.235000408 28.1773481156 27.0661471637 28.2085561947 28.0183739762 62.8432630558 62.8432630558 28.2955816788 27.6710997027 27.9943626638 27.3929011971 28.4061553505 27.9499372404 28.1435605359 28.0320326179 60.9506521054 60.9506521054 64.1519585322 28.1551661801 27.1009891603 27.6552042461 27.718030778 27.2688050016 27.9548470378 27.0027625882 27.3725579976 27.5192235802 27.8975224682 28.073990924 62.105905657 47.328180567 52.6913296081 52.6913296081 27.8429001494 52.687192473 28.1261307068 51.913216198 27.3818080018 59.1884962672
27.5145543575 42.9731584695 27.1278574547 27.3315908652 27.9104728936 28.0677082531 27.0505699787 27.4555180305 27.7825851048 28.0411464383 27.2583159017 28.0717566427 27.3603828498 28.0842432063 28.2156578524 27.5334803298 27.538352443 27.3448016652 27.563606294 27.6780984064 28.3190121265 27.2572881504 62.8432630558 48.8712840405 62.8432630558 27.551485004 27.682967835 27.2411458222 27.8312868149 27.8392244491 28.2589324585 27.4448852741 28.3403687988 64.1519585322 64.1519585322 64.1519585322 42.3132307603 27.9879037527 28.1433146239 27.6233078449 27.2481380258 27.8889379015 27.8102608493 62.0291047619 71.4164790355 28.3738037629 28.0737318049 27.5026304706 27.8473512544 52.6913296081 52.6913296081 27.2357080479 52.687192473 27.2913626086 27.4491425036 27.9390037058 27.3885436305
