Spatial_Output/BAU/BAU_0047.asc
NCOLS 155
NROWS 192
XLLCORNER 196307.867259
YLLCORNER 449144.565805
CELLSIZE 33.573938
NODATA_VALUE NaN
[rows 52 to 77 of 192, columns 57 to 113 of 155]
45.3219905426 46.3723094465 70.019007616 70.019007616 69.0107430957 69.0107430957 69.0107430957 45.1461026941 45.2022660788 45.1862126632 45.0686062975 45.8270888074 45.7203436885 45.0915013621 45.2293811266 46.2345951712 46.1267877976 45.1402015764 45.1584422185 45.825499476 46.3350434661 46.2551931497 45.4223595403 45.9572897129 45.7844238168 45.182867271 45.8244042228 45.5361287101 45.7480349836 45.1117396073 45.1221834 45.024610575 45.6475402163 45.2366672888 45.1304438113 45.4831260412 45.2820677203 46.2981826139 46.3017955675 46.4041425727 45.7028554115 45.2934790093 45.8549036653 45.9633813393 45.8393161956 46.0719667893 45.5147157848 45.4333675156 45.9721934618 45.6948506593 46.2287123397 46.219153431 45.2764294946 45.2557427165 46.2581604673 45.3277143469 45.0695492512
45.5461516792 46.226827945 70.019007616 70.019007616 63.7628655844 69.0107430957 69.0107430957 45.2689910138 46.0751072444 45.6452016073 46.3243724289 45.341575527 46.2292444652 46.236882169 46.1372055638 46.2654102041 45.673416319 46.0122298475 45.9490217997 46.1801819694 46.2057729047 45.1807336644 45.5079494507 45.5939458754 45.3548832575 45.6674440921 45.0353072318 45.7088174842 46.2380909362 45.49152664 45.1937359678 45.9880641899 45.8865168532 46.413270769 45.9487100062 45.3014443705 45.4772196399 46.3177271722 46.2396987918 45.2198187138 45.3561381176 45.6649033326 45.0149047793 45.4904933295 45.5827890976 45.09976892 45.7490934755 45.2318184398 45.1678191327 45.5749950089 46.0117348206 45.5667096774 46.1533637859 46.3054985721 45.0998567789 45.7554050178 45.4095711879
45.2742250164 45.5715155782 78.5830460938 82.3390787762 64.5811542065 63.7628655844 46.3206216664 45.5136772728 45.2745858824 45.5985943926 45.4511140425 46.1381725131 45.7441717701 45.9809655237 45.4471912383 45.0794384802 46.2790982724 45.2385191944 45.326644415 45.1591022918 46.0999835129 45.5384743159 46.3471555022 45.0723309121 46.0848127436 46.1892643244 45.7915994599 45.5005881361 45.3234034709 45.404754674 45.8374630514 45.8453410697 46.1905934833 46.3626857764 45.7928125668 45.1183373805 45.2821189275 45.4233709621 46.2139324032 45.0407413467 45.6888791412 45.3169244213 45.0382129097 45.0024434099 45.7926687345 45.6796470607 45.5540677772 45.720913589 46.2309607725 46.3348902689 45.2270243701 46.0982121022 45.9236405136 45.8992556432 46.349783894 46.0972313687 45.0962009369
46.0073745824 45.5329038078 45.1900461617 45.4901063821 45.3420866182 45.7386905316 45.535026685 45.0813903913 45.7441577478 45.8916772671 45.9754080595 46.2454421434 46.3104338483 45.7515313156 45.6725821675 45.4774657245 45.4338144376 45.3667093014 45.2365583546 46.1132693051 45.6079043756 45.0432514915 45.6247283438 45.6619302501 46.3721966339 45.9393722875 45.5765332945 45.5151930365 45.2820212806 45.3791508849 45.6587238487 45.7650722577 45.6527808274 45.4684056979 45.8758049683 45.3147322226 45.0467750084 46.0805156351 46.1130233702 46.3276142083 45.2919467412 45.5584412941 45.4612432948 45.7984912228 45.9404576008 46.2743916147 45.9740533447 46.0138241367 45.2732979486 70.8623286534 45.0066233165 45.6279559675 46.3329039944 46.2745674901 46.3507733259 46.136087919 45.7016762303
71.2170519099 46.3085170339 46.3425109838 45.9626588414 46.377588887 45.802488655 45.149418768 45.9535875872 46.1123737487 45.5040089361 46.369821313 45.2424219018 46.1814014666 45.8401323194 45.1336567538 45.1962976725 45.6255865632 45.2134993246 46.1866352465 46.2400838583 45.986381108 45.0821741821 45.2525698468 45.3982450888 45.9677295232 45.2279876806 46.0393692464 45.965318201 45.0540737889 45.1026694117 45.1666574667 45.6679509112 45.7968843913 45.5300332663 45.7903079302 46.0601553109 45.3998450226 45.3830143712 45.8827373321 45.9759485541 46.0682030263 46.2013982872 46.2969791917 46.2553405074 46.2706119089 45.2109288849 45.8417335783 70.9095332927 70.9095332927 70.9095332927 70.8623286534 45.8602625804 45.8879924032 45.2284564352 45.889622142 45.2637126601 45.3587628418
45.4384310084 71.2170519099 45.4747574837 45.3558725219 69.6136891897 69.6136891897 45.7237754827 45.5691307659 45.2184091764 46.0748904121 45.8370252261 45.3944499337 46.1796959095 45.900263464 46.2310396511 46.2180388483 46.1233378561 45.0044259375 45.6514501109 45.9209649209 45.4102209596 46.1265494806 45.2055922918 46.2579381841 45.934067553 46.0850306708 45.205428967 45.9613404655 45.4509620123 45.4568113424 46.1635903533 45.1084461741 46.1441822512 45.0246126739 45.0711552044 45.0818805164 45.0744747473 46.0832351312 45.4304254181 46.0722185649 46.1973434655 45.5500010213 45.2337425202 46.3971511193 45.7808598891 45.3890331759 45.6238211574 45.5352263504 70.9095332927 70.9095332927 46.0415044907 45.7240007889 45.7097255617 46.0708482791 45.7549039599 45.6660687351 46.143039496
71.2170519099 45.4043531521 45.0528657888 45.9952634985 69.6136891897 69.6136891897 46.1898704736 45.7289692656 46.0283777068 45.1976748355 46.0709160663 45.4289253881 45.5689094309 46.1000993362 45.5997791916 46.3027159042 45.5459528116 46.3293399379 45.3788504081 45.6186313595 46.1276691945 45.7121421204 45.3469792353 45.8443176874 46.0316475252 45.9745404286 45.7445159619 46.1122530803 45.7987953722 45.6887384161 46.2231670622 46.3287399582 45.6075174395 45.9734210915 46.1379422459 45.6059477617 46.107928317 45.4357938386 45.5196259083 46.0341911771 45.3203956386 45.8545613786 46.276940851 45.6005667031 45.4995598819 46.3021665174 70.5653628378 46.3553195596 64.6086590748 45.5295895344 46.1044501216 45.8338027597 45.1941688118 45.1993804922 45.0315334284 45.1390283478 45.8535711639
45.0464348837 45.6033362122 46.3515563421 45.3544648904 46.2076470616 45.0028011957 45.8614453089 46.1580496543 45.7055501135 46.0612866312 46.2534920283 45.4686888332 45.250869407 46.142329301 45.52932313 45.1081433118 45.735810773 46.2588722347 45.6404922188 45.9767465148 45.8117699125 46.3436198728 46.0160698487 46.0040383861 46.3802048533 46.3600512731 45.8566394416 45.6184854275 45.1753775386 45.5516729379 45.5676424823 46.1482809349 46.0171557602 45.9843807283 46.13094797 46.0594083836 45.6616572375 45.0891175509 45.6100399008 45.7299278191 46.201916487 45.0057251256 45.9027705909 46.0060774159 67.4316483659 70.5653628378 70.5653628378 45.7805769278 46.1786615148 45.286650099 45.4876348144 45.1059317952 46.0720144279 45.126418496 46.0742774161 45.4399856413 45.2876315362
68.5659162415 55.1630193161 45.1075086778 45.2158301463 67.3968673316 46.3996729711 45.2028207725 45.3410667112 45.1112701245 46.1545444893 45.1111097414 45.1066626592 45.8555451016 46.2971273287 45.6524743081 46.1316087887 45.7978468448 46.1210294581 46.0243645568 45.7254161609 45.7975626095 46.0126319506 45.8613465863 45.5169491711 46.0428425744 46.0375771934 46.3717601869 45.3772864321 46.0301194569 46.4106519923 45.226896914 45.2495954472 46.4074901783 46.3936810927 45.3592877005 46.2860763438 45.5924666431 45.3940268413 46.4104308372 45.5842111666 45.3583483223 45.7098371615 45.248909001 67.3205476334 67.3205476334 67.9773316507 70.5653628378 70.5653628378 45.1785755159 45.9198329804 45.6172784339 45.8747400124 46.1777111024 45.6789266834 46.3113592052 45.474182922 45.9520766884
68.5659162415 68.5659162415 68.5659162415 68.4594339905 45.7130214962 46.3028663638 45.7801974649 45.2471830674 45.8002310689 45.3771557909 45.5148639012 45.4217692557 45.9239543699 45.0912208126 45.6698759916 45.5883332534 45.7716009364 46.2584222082 45.0874025966 45.0270572618 46.1955277577 45.7174206112 45.1862451114 45.109972253 46.2803849245 45.25997808 45.929613929 45.1450553424 46.3071594582 45.3389534404 45.0027418312 46.3093962056 46.2720752597 46.2643351968 45.9416010706 45.3341211281 45.6002162563 45.2140991834 45.4281029453 45.3815892908 45.3682007309 45.5980328243 66.7590206754 67.3205476334 67.3205476334 67.9773316507 67.4316483659 45.279133097 45.7037251314 45.9699980659 45.9040714514 46.0973415545 45.7483058261 46.25842698 45.7578537679 45.1167012442 45.3191421186
68.5659162415 90.5864037274 45.9177951344 46.1353014572 45.3194899468 46.0442186579 45.2568666097 45.5204993826 45.7038304798 45.94614787 45.5225085528 46.0730055378 46.0114197492 45.7895682795 45.5298757898 45.8824695205 45.8011547613 45.2670241873 45.1729140424 45.0154215423 46.1070358937 46.3951640303 46.1033055582 45.5247739093 45.985855957 46.2896832186 45.8623562842 45.8575985139 45.1023061258 45.2187941543 46.0736503864 46.273847397 46.1717321292 45.6018500893 46.2208957078 45.1860269123 45.5301555625 45.5338421133 46.413176505 46.334553958 46.2715333272 45.0831817399 66.7590206754 66.7590206754 67.3205476334 46.0801453642 46.1469542399 46.3007401259 45.7674528691 45.4519077237 46.4108025384 46.2648690595 45.4162231428 45.5589976567 45.4022031221 45.7100710764 45.0877721263
45.1700797859 86.1525274497 45.1234190864 45.6235218556 45.9199858492 45.9276256889 46.07802231 45.9415165108 45.901015699 45.9383030765 46.3618311431 45.1657043783 46.2540469775 45.9322736839 46.0967533108 45.6783700897 46.0270263484 45.9164774585 46.2684301931 45.8259871455 45.6302680907 46.1277047249 45.5188232763 45.9818756698 45.9556333901 45.6045968307 45.6139391219 46.1714431969 46.2706892789 46.3644457838 45.0528901996 45.5263338675 45.4669388439 45.7460723359 46.1308790992 45.879218807 45.7384720873 45.2482840555 45.4518225116 46.1000486113 46.0219291772 45.6773264475 45.6032221805 45.8617857234 45.7652426758 46.333659334 45.0197258701 45.2231788614 45.3178725821 45.2055187845 45.0968109895 45.2749391412 45.2302074898 45.4180713989 45.5000643051 45.4243414341 45.8483361042
58.1738920028 58.1738920028 45.575339338 45.9012701548 46.097566957 45.0476534525 46.1198309285 45.1811770692 45.0796769636 46.2984175849 45.3059487454 45.6687243774 45.2438761399 45.6960303812 66.1915713363 45.7249549457 46.1984044457 46.379765948 45.8619774179 45.430823323 46.0972865157 46.2358186436 46.1077280589 45.7737391831 45.1176840761 46.3614977576 46.4053350154 46.3498675476 45.0718363532 45.9525308794 45.0269393615 45.7575749044 45.3870134229 45.1554434171 45.9088242604 45.7405964772 45.0208680143 45.8720866853 46.3925460065 45.7243010739 45.2132589515 45.5371546425 46.1616628507 45.4293297034 46.2955306984 46.2992411288 46.3985129299 45.8582181493 45.7495968309 46.0241110855 45.2916861268 46.1691263194 46.0516165442 45.5812175028 45.3393998864 45.9428046954 46.170772808
58.1738920028 61.8197647272 45.5467881017 94.9108311109 45.5424366791 74.6595419671 45.3715197501 46.0553136466 45.25548767 45.2120050313 45.9128638782 45.8858322235 45.6647269478 46.0014911801 66.6356065112 45.8605113873 45.2450005194 45.4862205948 45.8489236851 45.8786882757 45.4718217128 45.8575789822 45.7728306386 45.1679041582 45.9203866347 46.1953755365 45.8999430751 45.2787529181 46.0044584307 45.189187171 45.232486336 46.2425510435 45.4647401318 45.3568636088 45.0828769692 45.9797974203 45.3533407362 45.1284153426 45.6766248849 45.1692772231 46.0150756566 45.4482872165 46.319627204 45.2202901949 45.7658085505 45.2285906134 46.1698501696 45.4587145556 45.157896614 45.078066997 46.2591775471 45.5951471307 45.7126279185 45.3760383565 45.5082795478 46.331984975 45.2257763127
45.9197043516 54.839926453 94.9108311109 94.9108311109 74.6595419671 74.6595419671 46.2746111588 45.5056490698 46.3510691799 45.9638976243 45.4091139941 45.6970085897 66.6356065112 66.6356065112 66.6356065112 46.0532068891 45.2402828168 46.0939105801 45.2286622696 45.9097526073 45.8267338966 46.0559095516 46.1621056815 45.739381085 45.820399272 46.0689024006 45.9443972384 45.4908689031 46.3199507354 45.2451532625 45.5260927993 45.909773771 45.8983267458 46.0982668634 45.4144454996 45.8857273127 46.0988975601 46.1968318411 45.3436394021 45.1898548598 45.5518767454 45.9965797625 45.1754986847 46.0102363041 45.8105842695 46.3244494088 45.1946285059 45.6413441623 45.3985056586 46.1535381844 45.4768683118 45.3304801048 45.1927511441 45.7031728959 45.2268254156 45.271651022 45.0193130901
45.6917004127 45.1736562139 46.338838934 94.9108311109 46.1204368493 74.6595419671 45.4672877797 45.7989357935 45.7080532686 45.8024481067 46.120000818 45.4628823337 45.1971918818 46.4004775255 45.7872077553 46.040634753 45.1289054873 45.3094593504 46.0014212892 45.0414527735 46.0443861696 45.2075690434 46.319474627 46.2609959248 45.5983058204 45.7209045529 46.3462895073 45.3377921584 45.281307446 45.967503269 45.5873056577 45.9114772227 46.2459238054 45.2240258141 45.5193045121 45.0439731127 46.1765200407 45.8753187468 46.1240394223 45.2416073012 46.3196831103 45.9152689723 45.4767863219 46.158414445 45.0951982083 46.1207831061 45.9617415088 45.7328158678 45.729072583 46.0109593924 45.1069067186 46.0326824545 45.7963732335 45.9056475074 46.412445057 46.1655435085 45.1039420144
46.2804629815 45.0331341976 45.7424802277 45.5053233008 45.3351482882 45.6117345029 45.7814575135 46.2748536817 46.3424953571 45.4427039716 45.5194885947 45.156558516 46.2983203576 45.7720214942 46.3151752119 45.425802433 46.3008467255 45.6869519531 45.288838703 46.3572679861 45.6328832959 45.1869052358 45.7527355635 46.2652334583 55.1842599223 45.5536451867 45.3297883229 45.2604841874 46.1464104735 45.5036960041 46.1018802597 45.1330586834 45.3849438578 45.2185586797 45.7155231723 46.1231236483 45.2356477311 46.0488684513 45.0434325729 45.9942316237 45.474750341 46.3728057534 45.1023050512 45.2652655964 45.0440668327 45.6089732638 46.2354309017 45.2598642938 45.7075712989 46.3131846881 46.3431931309 45.4048241189 45.766937069 45.3790760709 45.3320060041 45.6069225089 45.5778553483
45.2709417805 45.7487230255 46.1148016713 46.1029755676 45.8652721473 45.769312146 45.1300662054 46.3292217271 45.2575169089 45.7822943535 45.1736993992 46.0309937046 45.3746489241 45.0751783457 45.6427909263 46.3645781942 45.3832103175 45.3227867763 45.673330388 45.6757435873 45.125811157 45.7858264397 46.1651182585 46.3390576121 55.1842599223 55.1842599223 45.4804329991 45.250996046 45.6770856064 46.2486854936 45.2968573131 45.1872957799 45.454843594 46.0497802617 45.8254150274 45.1338802899 45.6391566502 45.8319840347 45.7055986335 45.6859332448 45.0257896586 45.8422961865 45.0871256525 45.0331695719 60.3862003815 45.1374483801 45.3747785987 45.8517248706 45.1340051533 45.2638789786 45.5624358912 46.144321404 45.6412110092 46.1594476081 45.6438709751 45.3722508592 45.0578337004
46.2310463609 46.0415460448 45.6606891847 45.9891412612 45.835882003 45.1340647533 46.0374200489 45.9558367431 45.79579194 45.4912543789 45.1369552369 45.7326468719 45.6688349122 45.3460689088 46.1351572205 45.6535577798 45.1228239769 45.0829046646 45.4341664823 45.5339476022 45.4646770763 46.2408662379 45.8297124196 46.1130995566 45.5187494238 45.3664979971 45.7011193117 46.185195247 46.0773031351 46.0118165775 45.6886129382 46.2353652582 46.0146358495 46.2417715694 46.0731547278 45.6658102657 46.0851375285 45.4144361319 45.8055121409 45.5273815349 45.5330299294 45.88216438 46.2727080635 57.9367262162 60.3423119649 45.740599902 46.0059602641 45.8632927522 45.8846603251 45.3774454781 46.0943183705 46.2366670962 46.0539429361 45.6117104543 45.3705025262 46.2376605352 45.6020182281
45.3229786868 46.1433484879 45.7311713688 45.0187067248 45.6228741135 45.6913085985 46.3258133717 45.6346990263 45.5072940493 46.3130555689 45.3386732903 46.1604527215 46.350020808 45.4617043702 45.0611900909 45.44858548 46.3724493834 45.9381735061 46.0237834589 46.0847260587 45.7938206251 45.7148459468 45.304704071 45.9073068879 46.19208788 46.1916138013 45.6214658255 45.7593136147 45.8677414904 45.6616672154 46.3187600991 46.1809896661 46.092495349 45.5309497845 45.1095377466 46.2078819691 45.5324226074 45.9946104643 46.0804764305 45.3977878781 46.1072348581 45.5575465511 45.6801616634 45.7098355747 56.0803584977 60.3423119649 45.4418987515 46.1554504422 46.0949438037 46.0158495287 45.9129881843 45.5568900036 46.0524065779 45.6602344185 45.9288701044 46.0026277591 45.8832873502
45.1600934639 46.0238819609 45.0144707887 45.1184077927 45.759957286 45.0571640881 45.7973551545 45.4850659126 46.3924921873 45.8618789095 45.4337398165 46.1743960391 45.3008464313 45.2302918412 45.3031405462 45.1202964514 45.2290727539 46.1064885287 46.1112025939 46.410479577 46.2433083108 45.6415337842 46.3439966786 45.1700790254 45.2667922866 45.1744181123 45.3832382083 45.5919209624 66.5237782803 45.1351315472 45.0980787214 45.7094858455 46.1031106484 46.3675513963 45.0248090096 46.0864364372 46.3884520242 46.1461352289 45.9862533773 45.3935946438 46.3090441601 45.133309058 45.3337895185 60.3423119649 56.0803584977 56.0803584977 56.0803584977 45.7181103306 45.7286614195 45.5009785984 45.0319650123 45.2667735924 45.9042710017 45.611175791 45.8570722988 46.2304895147 46.2484209454
46.1271579329 46.0784115077 45.2612664661 45.8672981533 45.5737571993 46.2925843309 45.742290522 45.517235442 45.6913359392 45.4975432374 46.308227481 45.5664911488 45.988955131 45.1689255269 46.0111147245 58.1897434241 58.1897434241 92.9830558655 83.9268894151 54.9382692393 63.8199619986 63.8199619986 74.8721732031 59.7507983528 59.7507983528 46.2631451043 45.2049700249 48.1671201204 66.5237782803 66.5237782803 71.2139156165 46.3140582884 45.8740985552 45.2153961527 45.3927108084 45.3259840081 45.4512660764 46.2508435059 45.7859332108 45.229512068 45.3572772737 45.2598400701 45.9416906399 45.7472963119 56.0803584977 74.4371232822 74.4371232822 45.8199895536 45.2359451599 46.0364167072 45.6401542394 45.6272303094 45.3748295975 45.2237476402 46.0560188156 45.1114891444 45.1557931449
89.7429748018 45.8139622648 45.7368730702 46.237367645 45.2293300946 45.9217991179 45.7152058757 45.2768425863 45.254124376 46.0757030722 46.4137098065 46.0622348221 45.8647771898 45.3214072745 58.1897434241 58.1897434241 64.9953838346 64.9953838346 72.7542461767 72.7542461767 63.8199619986 63.8199619986 63.8199619986 59.7507983528 59.7507983528 59.7507983528 48.1671201204 48.1671201204 66.5237782803 66.5237782803 45.4486807239 71.2139156165 46.0509782841 60.8493656777 45.8402020892 45.7458196875 46.2308746321 45.9790729462 46.1857516043 46.2141839233 46.3031356655 45.6454307177 45.7139545523 46.0387136632 45.5194476794 73.5030597429 46.2622619971 45.5352012899 45.1445053021 45.9829418988 45.1356295303 45.3315584137 45.5452317789 45.1082170699 45.2321689071 46.3535701337 45.5371787376
45.7245525716 45.7436605797 46.0594373236 45.8668939563 46.1209220936 45.3282554372 45.9243381585 45.5909656287 45.7767952977 45.0158410775 45.6910627233 46.161847168 46.2364746681 45.9269925819 45.5682370203 58.0703715272 81.5687257757 58.0703715272 72.7542461767 45.1871632023 63.8199619986 62.0681878769 45.1161571706 72.5318225088 59.7507983528 45.9568421078 45.2817762899 48.1671201204 45.3892037757 45.2780363714 45.9200556896 46.0716820503 45.8889192487 45.4231400398 46.3701830736 45.0107122264 45.856268412 45.9068492675 45.0599610992 45.5971119109 45.7873148556 45.2213272379 45.2700847931 45.8510185573 73.5030597429 73.5030597429 73.5030597429 45.4341198517 46.3642467945 46.0984589243 45.4701593419 45.1425392051 46.0654021666 45.0363433039 46.3215492734 46.0356490426 45.977479003
46.1867367439 45.5492222427 45.3234987204 45.5542118488 45.4846719483 45.067494717 45.8452327836 46.224671757 46.1087321398 46.2032060995 46.3616149283 45.2029975389 45.2932488382 46.3747799951 45.6565626524 70.1729068882 81.5687257757 81.5687257757 45.4023290963 45.7503314116 45.3255505125 45.4833683944 45.335360956 45.826447452 45.7684403037 46.1957307265 45.5224884903 45.6980620939 45.7384520948 45.112418495 45.7087114775 45.251397115 45.336317536 45.1152947384 46.0078712226 45.3001030651 46.1141974868 45.2551875223 46.1587795482 45.1181821951 45.8634441663 46.228488316 45.9805272277 45.0694216207 45.695487322 66.6323129278 53.1544817964 45.4240358651 45.7273427854 45.2518841922 46.3479705455 45.5869277273 46.1322365155 45.6286811844 45.2130217592 46.14532488 45.2383030258
58.7614458309 46.3429070476 46.3445024604 46.0738862352 46.073214965 45.0962402411 45.1951323485 45.2549760175 45.8091790644 45.540013617 45.7218729499 60.4070279698 58.0118538416 60.8928377208 45.1341250011 81.5687257757 81.5687257757 70.1729068882 45.2385919603 45.7133223919 45.7516501613 46.3523167555 45.7598973453 45.5172877222 46.184847361 45.6195293825 45.2967611151 45.3457957339 46.4021821985 45.5664543789 45.2001220627 45.6377716978 46.0911896247 46.3827909485 46.2528530699 46.2742832471 46.3623751306 45.3751116556 45.0252201319 46.0667583501 45.6444510429 46.2613396167 45.7531220884 45.9686108579 66.6323129278 66.6323129278 66.6323129278 45.7250737732 46.0768751805 46.1718193424 45.5738377618 45.5607052742 45.0027231286 45.3671026 45.0394455897 45.0703902458 46.3860328225
