Spatial_Output/BAU/BAU_1035.asc
NCOLS 155
NROWS 192
XLLCORNER 196307.867259
YLLCORNER 449144.565805
CELLSIZE 33.573938
NODATA_VALUE NaN
[rows 25 to 49 of 192, columns 0 to 55 of 155]
0 0 0 0 0 0 0 0 0 0 0 0 0 0 0 0 0 45.4552721243 61.7286848938 52.4656277188 16.4324550758 48.6771291718 16.5380218034 16.5380218034 44.3331074241 54.0669943525 54.0669943525 44.3801428802 23.0545394176 22.855297502 22.8827144296 23.0309496524 23.0689263338 22.5440297915 22.9307705486 22.7263099932 23.0079382303 22.8584902003 22.8947884281 22.8322411946 23.0064280607 22.8470105586 22.9154132859 22.7311667897 23.2036270743 22.6236739701 22.7119474174 22.5795389634 22.8988169336 22.5996827941 22.6696082015 22.882959819 22.9618877072 22.5808175311 22.6496659064 22.829289521
0 0 0 0 0 0 0 0 0 0 0 0 0 0 0 0 0 0 70.8543547081 70.8543547081 0 22.73472171 22.8317022761 22.9548769027 22.6205395248 54.0669943525 52.9994194175 52.9994194175 52.9994194175 38.6368429662 22.707472387 22.6864839434 23.2034989313 22.6328320937 22.690470653 22.822043762 22.9831255617 22.6061245011 22.9061076352 22.6122103647 23.03010581 22.9243172011 22.6401461127 23.0222896061 23.1459742113 22.9611124502 22.9346430453 22.5840720241 23.0726166795 23.092966274 23.1549312582 22.9444993634 22.6551023088 22.8027237576 23.1084718918 23.1203466828
0 0 0 0 0 0 0 0 0 0 0 0 0 0 0 0 0 70.8543547081 70.8543547081 22.6369075228 22.7291379079 22.7237770806 23.1657602648 23.0542938976 22.7840624671 49.6482614069 49.6482614069 52.9994194175 52.9994194175 76.2132240352 51.3944473008 23.0720992827 22.7708985676 22.5648824137 23.1266909804 23.1552195374 22.8500014108 23.1714391464 23.0680119412 22.8110285305 23.2063351697 22.7524955124 22.9846039581 23.1246417633 23.1756878778 23.175098678 22.8848472626 22.6055481481 22.5471752056 22.6402315622 23.0251285379 23.075044802 22.7514493134 23.1428719861 22.8433108144 23.045266803
0 0 0 0 0 0 0 0 0 0 0 0 0 0 0 0 0 52.5506271383 23.1282125804 22.6149911528 22.9458742837 22.6954855851 22.5718432085 23.0165133415 22.6056620129 23.0428550919 53.6125551476 76.2132240352 51.3944473008 51.3944473008 51.3944473008 40.32300644 23.201422818 22.5276966483 22.5968846463 22.7939891597 22.6344866622 23.1607632976 22.7160274589 22.664766815 22.8142838549 23.0122596237 22.9495197667 22.7212480663 22.6991818391 23.0978540061 22.767486018 22.5546768283 23.0071379379 22.9669996789 22.84566528 23.1413565023 22.5331844206 22.9118093714 23.0396366004 22.5032930501
0 0 0 0 0 0 0 0 0 0 0 0 0 0 0 0 0 22.6002640019 23.1392479532 27.8523373039 28.8234162721 14.2605382686 23.1454346698 22.5052827646 23.1796192991 22.8221419311 22.5264602074 76.2132240352 51.3944473008 51.3944473008 40.32300644 23.0334983185 22.7796853481 23.1349304432 22.8121606977 22.8956408001 22.5414395188 23.0976693831 23.1820620774 22.6988079459 22.527587535 22.7521069205 22.6510900076 22.8707629844 22.6526652754 23.1557162494 22.5954097959 22.5487885118 23.1623803216 22.7202836442 22.9479910848 22.5398704114 22.6950108531 23.0143467999 23.0492973879 23.0630060801
0 0 0 0 0 0 0 0 0 0 0 0 0 0 0 0 23.1819600781 22.5301648337 22.9686745862 24.5437454505 27.2940036246 15.811251798 22.6816223704 22.6644183192 23.0077576229 23.2014482449 22.9391404982 22.6162466244 22.9857986952 40.32300644 23.0574780945 63.8129058156 63.8129058156 63.8129058156 22.8734750349 23.0130234428 23.1094821309 22.9744002134 23.0835575846 22.6115503564 22.6076561207 22.5069064794 22.9356292039 23.1403344113 22.8971748806 22.6199764023 22.5314774578 22.7396596387 22.5275916319 22.8914047114 22.8788831426 22.6520426407 23.0385969834 22.9157984235 22.9292287699 22.9606872518
0 0 0 0 0 0 0 0 0 0 0 0 0 0 0 22.9684438027 23.1373926502 22.6932629627 22.5296470289 21.8014415223 13.7551614923 19.8504362854 14.0646844604 23.0759143665 22.62842344 22.7276981539 22.8775620274 23.1295138641 22.9395590122 23.0783300677 22.6945415219 49.6620038259 36.5092545082 36.5092545082 36.5092545082 22.5347052571 22.6613407889 22.8576222187 22.5241061788 23.1012362206 22.5046016239 22.9519867737 22.8516676152 22.7908045129 22.7622756576 22.7750283932 22.9838721298 22.7892647309 22.6197362415 22.9038042728 23.1055062189 23.1708523161 23.0139146283 23.0743799656 22.8135899093 23.1631597209
0 0 0 0 0 0 0 0 0 0 0 0 0 0 0 22.84268621 22.6203062097 23.005562844 22.5317374329 24.9707632011 11.173618078 17.6886921938 10.7800584045 22.5693349346 22.7504582666 22.6899940586 23.1636700131 23.1287802538 22.6224155505 22.7350917241 22.5097697931 23.1659206707 36.5092545082 36.5092545082 22.6064271103 22.6844356259 22.9399100664 22.9031265036 23.021773259 22.5091981446 22.9715083499 22.9963517843 23.1079743057 22.6128147343 22.9519305282 23.1697445547 22.7597592247 22.817797812 22.9591482308 23.1932479696 22.8937965845 22.613252434 22.9399846744 22.7706871295 22.9326430732 22.9492066549
0 0 0 0 0 0 0 0 0 0 0 0 0 0 0 22.5981565488 22.7756918342 22.7598439814 22.545602708 23.1004318584 13.5683706549 27.4996879956 12.5141161248 22.6521013039 22.8446908204 22.9935326919 23.1127888109 23.1879840197 23.0891339675 22.8058285499 22.7028040545 22.5559568794 23.1589171242 23.1082172895 58.0140094209 57.9433007503 57.9433007503 22.6161789854 22.5689812546 23.1412184146 23.1653692453 22.902209918 22.7612024158 23.1769940981 22.7889545518 23.1285561292 22.764318603 23.0902471502 22.9902166559 22.859556255 22.8124586145 22.6848018022 22.6908350293 22.6570274747 22.5065567192 23.1391486109
0 0 0 0 0 0 0 0 0 0 0 0 0 0 0 23.0383678472 23.1315980064 22.8419729531 22.5844862762 22.7132833269 22.6307882607 22.6273665047 22.7402336314 22.9120033826 22.7990465531 22.6240863817 22.7614043144 23.0931134315 22.8957291101 23.148362276 22.625940075 22.5508706378 22.9715773711 22.7505613604 58.0140094209 57.9433007503 53.8052704825 53.8052704825 22.8326615604 22.9362986126 23.1101900815 23.0900378705 23.1578773122 22.5617437411 22.6202581748 22.8685131638 22.7598722312 22.5569368731 23.1216575517 22.8482143048 23.2003532264 23.121711045 22.6301598089 23.0183752717 22.8949479396 22.9967407062
0 0 0 0 0 0 0 0 0 0 0 0 0 0 0 22.9124154347 22.6957533934 23.0025894886 22.9807592603 22.6957113364 22.9789847756 23.1370167758 22.7777985047 22.906493366 22.7421797771 22.6096215091 40.5938102913 40.5938102913 22.7233125633 22.5228361165 22.6383442354 22.6615934077 22.6615388188 22.5348587663 22.7277733239 57.9433007503 53.8052704825 53.8052704825 22.6993642042 23.1404085362 23.0875398717 22.5126621178 22.7689281967 23.1513502501 22.6075912516 23.1993911913 22.5592270692 22.5241970481 22.5759911243 22.5032379028 23.1059120891 23.1100940409 22.7335595679 22.6448321046 23.0587225236 22.9102648283
0 0 0 0 0 0 0 0 0 0 0 0 0 0 23.0050270735 22.8759962163 23.0782802635 22.9248166515 23.0123475507 22.8926585134 23.0498596998 22.6121269884 22.9652577189 22.6755035057 22.807532399 40.5938102913 40.5938102913 40.5938102913 61.919346425 22.8776392076 22.9134423584 22.586468232 22.842470929 22.6139538143 23.0908720844 52.3773785993 57.6681885435 58.0329066377 22.9620529252 22.7641926008 22.8289214696 22.6145082719 23.0122992816 22.98261177 23.0526381019 22.7263527793 22.9597836783 22.8765216169 22.815635857 22.9612132783 22.9265540892 23.1955142368 23.0621093804 22.650473497 22.6872862224 22.8314770793
0 0 0 0 0 0 0 0 0 0 0 0 0 0 22.643743716 22.9328401089 23.0721047995 22.9273340244 22.6864128591 22.7163121877 23.1406242105 23.1191621034 22.6682108468 22.8172252702 22.8916792213 22.6729765326 61.919346425 61.919346425 22.5968719064 22.9941856936 22.9541810747 23.0454960386 22.752507614 22.9972013145 22.7352506292 57.6681885435 57.6681885435 57.6681885435 42.685331183 22.8954804495 22.5665112816 22.5814974845 23.1017751418 23.1390651196 23.1620930297 23.1026521195 22.5935621588 22.5574160634 22.6441286188 22.8151345014 22.5800267681 23.0625631619 22.8443086294 22.7659177683 22.914981227 23.0685834699
0 0 0 0 0 0 0 0 0 0 0 0 0 23.2062894013 23.1378613553 23.1060256072 22.592872547 22.6724499349 22.9053750509 22.5675210455 23.1665779002 22.6038761201 22.7884038276 22.7848638974 22.935029997 22.5845033803 22.6151901027 22.5932456846 50.9764444564 50.9764444564 23.0801416472 22.8748966978 23.2060855756 23.1280110666 22.9981405283 52.9806208065 42.685331183 42.685331183 42.685331183 22.9048653371 22.9595064178 23.1720744352 22.6830261503 22.7978811608 22.7399196923 23.1859821948 22.7029357593 22.9753934796 22.7114326108 22.885025183 22.7811968927 22.8074581556 23.0781986823 22.6208878571 22.794703329 22.703282444
0 0 0 0 0 0 0 0 0 0 0 0 22.8474734527 22.8761169404 22.8618053565 22.7340833871 22.8378396845 22.775130216 22.7859867513 22.8066804546 22.7559181257 22.9768991497 22.8919881811 22.6516823698 22.9965734186 22.892650236 22.5660511782 22.5430951605 13.376941522 22.8758098075 14.4952226772 22.6912404087 22.6779097949 22.7252949712 22.5128907286 22.8342674078 42.685331183 42.685331183 54.9803264577 54.9803264577 22.8039701671 22.6513242951 23.0266834634 22.7770952392 22.5592582854 22.8122911752 22.7903017085 22.8076953109 22.6215089904 22.5065923036 23.121710972 23.0262673833 22.8175274532 22.5268535337 22.5282689004 23.0571856677
0 0 0 0 0 0 0 0 0 0 0 22.7147847868 22.5769626141 23.0063988975 23.188005346 22.9332569373 23.0939821571 22.7620969332 22.600891632 22.592950048 22.7452023204 23.1654772149 22.703563071 22.5984723589 23.0591391922 22.7007337839 22.8208624597 22.9805950915 21.6045124769 13.3830002503 15.8602302711 22.9022765251 22.7571761121 22.6875217355 23.0258045966 22.849785415 22.8216733853 48.5024178962 54.9803264577 54.9803264577 23.0573401859 22.8969607558 22.6037512932 22.9648168708 22.9309001118 23.1029864477 23.0583845625 23.0965543269 22.6436485638 22.5791125511 22.7167171216 22.6701926952 22.8919836165 23.1991363555 22.6051858641 22.5413294842
0 0 0 0 0 0 0 0 0 0 23.2048713008 23.1802422082 22.9624922985 22.8753203063 22.562565687 22.7371397261 22.6804747222 22.7581290496 23.1256931776 22.9283681915 22.6711778823 22.597249132 23.0556862518 22.6629805981 22.8172014957 22.7852061029 22.9747859147 22.8063339458 27.4089623757 24.7092164782 15.5834048574 22.9576483954 22.6858093705 23.1172275413 22.5642220005 22.9997802316 23.0931644892 54.9803264577 36.3481870226 41.2166281196 41.2166281196 23.098855124 22.7156153807 22.8914216714 22.9600707169 22.8263075258 22.7214453812 22.9286546092 22.8833969083 22.8662528509 22.8642875948 23.072094729 23.124621952 23.0469013099 23.0552118218 23.100886296
0 0 0 0 0 0 0 0 0 0 23.169813719 22.6669195048 22.7466423539 22.8641029341 23.1486954281 22.5066857636 22.7417348142 22.840904886 22.9831963391 22.6950896347 22.9488266455 22.8013280147 23.1213728654 23.0816390234 22.8008917563 22.863679497 22.9759245546 22.7786305315 23.1095931177 18.0405653887 23.455370041 54.3601750835 22.9977694049 22.7226753071 23.0982297438 23.1721210079 22.8677444348 22.7117928798 22.6881322343 41.2166281196 41.2166281196 22.6652780426 23.1952780832 22.9038937922 22.8854095176 23.1442288002 22.9987127646 23.0226643128 23.0123968529 22.8637232777 22.8679926931 22.6008377749 22.8501326234 23.0075588637 22.723024307 22.959397289
0 0 0 0 0 0 0 0 23.1539849301 22.5863282126 22.8364382426 22.9108284617 22.5178818002 22.9419193451 23.2027654929 22.7848707066 22.8926922775 23.0614396657 23.0171545276 22.9601523005 22.5090280508 22.5347799915 23.1704094287 22.7546032218 22.9559321882 22.6897668201 22.7577611537 23.09917786 22.9106388527 54.3601750835 54.3601750835 54.3258910908 23.0335294893 23.1679229187 22.8712995076 22.9405656726 22.5223335031 23.1261189174 22.508042249 22.5535738031 23.0111080398 22.5491295242 22.8853842877 22.5871863157 22.6517781175 22.8619129719 22.5305646686 23.1082841573 22.5750803458 22.5580542122 22.7161924996 23.1767745583 23.1459441637 22.6087811492 23.0620296548 22.7883387556
0 0 0 0 0 23.0041631784 23.1234088016 23.0152616188 23.0604233181 22.8525894389 23.1698347368 22.918795562 22.5897106213 22.6830242853 22.8414257927 23.0378538753 22.5153874246 22.6343174936 23.0974859504 23.0829451405 22.582915457 22.5435803072 22.8186979274 22.6651150769 22.8734405034 23.0524780972 23.1428974443 23.2029598871 23.1861942905 23.1578989514 37.9435579399 61.6917188096 23.0524660829 23.033125303 22.9481135762 22.5971251601 23.0974388317 23.0411084418 23.1437652901 22.6124597602 22.781918905 22.8118904145 23.1047126368 22.8461328034 22.9464959807 22.6905696262 22.9319598378 22.7961501726 23.1358461241 22.8200273179 23.2019727423 22.5969729068 22.9327133473 23.0150193062 22.8303283623 22.9261378887
0 0 22.7228093089 23.1854671598 22.962413992 23.1592973128 22.9270932387 23.1403971559 22.821706118 22.6574051318 22.8882888606 22.5432265132 22.9955803838 22.9979993807 22.8830404433 22.6328496626 23.1716061843 23.0829903262 22.8875870829 23.1769909841 22.9945043911 23.1416585117 23.0425923219 22.8123187715 22.9781359767 23.1453889784 22.5091233177 22.7663695169 22.869034994 61.6917188096 61.6917188096 61.6917188096 23.0046173571 23.1711535473 22.8803915038 22.6959411098 22.7090787596 22.9484708034 22.942586232 22.7358764374 22.645343022 22.9843021533 22.9900193349 23.0035101798 22.7999923561 23.0749605393 22.7123890062 23.1678940459 22.5309906695 23.0405020417 22.5578659297 22.5520454641 23.1334812624 23.1616826263 22.6699588452 22.5161610767
0 22.8109783879 23.1120923904 23.0560572458 22.8901861385 22.5574599004 23.0788163349 22.6050218512 22.5718694948 22.8553919915 22.9744047402 22.6606001722 22.9405620216 22.8214244383 22.9176130195 22.5094168867 22.6712350703 22.6044455284 22.5389498263 22.8984305159 23.1718336096 22.803468419 22.9821933082 22.7599422369 22.761974775 23.0872255143 22.6435571816 22.9179280708 22.6255527322 22.527588698 47.3774614465 36.7093637136 47.3774614465 22.9906466305 23.0897519345 22.8634291667 22.5560653316 22.9850603165 22.5875810042 39.4016493628 22.8000754505 23.0126476881 23.1757618025 22.864956036 22.863267474 22.5310996191 22.5678112679 22.9430363849 23.0744311126 22.9228702937 22.9731726236 22.9534736411 22.7582226515 22.9431258163 23.1669924811 22.8827853576
23.1156033742 22.7819874085 22.5442450482 22.9419642994 23.1040664427 22.9441129257 23.0203164666 22.6417220248 22.8744494286 22.8999479546 23.0099608511 22.6315466941 22.9749029072 23.1710469154 22.8243124165 22.8647746468 22.5316062103 22.7969410637 23.0327844525 23.1769200355 23.0586381178 22.5756323429 22.9399480948 22.6828434218 22.8106426108 22.8418365189 22.9718040869 22.9318992186 22.7095402097 22.7047137543 36.7093637136 36.7093637136 36.7093637136 52.8518860743 22.905387057 48.0109207697 23.1306630065 22.9301049694 22.558316071 22.7248083761 22.6143269114 22.765209399 22.5152336313 22.9527499774 22.5805712073 22.5430023574 22.984339453 22.8739400383 22.5520710465 22.9134608045 23.1259762308 22.8760041546 22.8379619517 22.5331239391 22.5366069976 22.8924984089
23.0547084225 23.1965842193 22.6676123584 22.8995843136 22.9279709397 23.114228143 23.0260426386 23.0531163446 23.1000382495 22.9339556288 22.6581817809 22.5756500758 22.8559192896 22.5499808995 22.9803482193 22.6446514635 23.1630043187 22.870563465 22.8083649884 22.8706044169 23.0204719121 22.7575438014 22.7612999018 22.9559404544 23.0454014408 22.9139220033 22.7603615519 22.5429270673 22.6147952164 22.7900323525 44.4551714283 36.7093637136 66.484671185 52.8518860743 52.8518860743 44.8634431751 48.0109207697 22.5390498245 22.684525437 23.2035485767 37.7456422031 22.7713668225 23.1441665117 23.1248333556 22.7365569948 22.6159173428 23.1698720216 22.8372361919 23.0737130866 22.9002709649 23.0149448394 22.8944220309 23.1842384888 22.6307098483 22.8807181852 22.8622388091
22.9428377563 22.9577633553 22.7227598734 22.9468181358 22.6981562343 22.8891267197 22.5830916825 22.9697076901 22.6017039815 22.8856298221 22.7315857499 22.7874967111 22.9891499446 23.086750917 23.1450952795 22.6088132497 23.187250197 22.6625782259 23.1440497001 22.8506533083 22.8243391386 22.6970334932 23.0537993545 22.9085349357 22.7608246553 22.7591541009 22.5436498084 22.7291431101 22.5955861369 22.671508508 44.4551714283 44.4551714283 22.8864153463 52.8518860743 61.6061108256 44.8634431751 61.9065374535 23.04527624 40.5478321032 22.6173938691 23.1151848051 23.1840667377 22.9710467263 22.9771097155 22.7894812258 23.1735011194 23.175780505 23.1134142017 22.9101123668 22.8227623542 22.719670863 22.7362343224 22.9583280814 22.6680494764 23.019009843 23.1279591816
